V1,V2,V3,V4,V5,V6,V7,V8,V9,V10,V11,V12,V13,V14,V15,V16,V17,V18,V19,V20,V21,V22,V23,V24,V25,V26,V27,V28,V29,V30,V31,V32,V33,V34,V35,V36,V37,V38,V39,V40,V41,V42,V43,V44
781.4916097464701,3409.523469412732,-4390.828397346363,-5841.483181830954,2167.5289623907574,-2522.2455480319272,2315.010274549803,996.7174314740619,-1069.8794513440942,2025.4045386984058,-606.3151399373447,2041.5824948310585,4724.8193526429095,-243.1979054290352,1541.3625755789249,-2108.7366233239327,7621.200117820663,2066.701994029463,1222.1647696058387,5793.75569515771,2902.809938545478,-2991.369938909267,-686.5730963374994,1462.8587622678506,-3200.9425831438602,3766.9817801297686,-5394.776643296855,-2738.1425753156636,782.1013743661225,-523.3347560945923,2335.82563409543,-6081.10296685523,-1052.101256243459,-2180.8734141124,-3851.2608267902842,274.53333509476454,-81.2347899486868,-1565.1363255259084,2002.3786844418012,-1068.7379589399875,577.6520641786115,1179.128507684189,-1809.596740236982,-171.0637690461708
3409.523469412732,14882.583224476459,-19164.94734105572,-25494.291437623368,9462.771024128788,-11007.662774835235,10103.700118665338,4349.337086943732,-4670.740624834216,8841.31523890569,-2645.9981550769085,8912.165542271994,20621.489346895756,-1063.3124281392465,6728.023497579557,-9202.811012503817,33262.454788592906,9022.240498600373,5336.861667559987,25286.615496572875,12670.79244251352,-13055.750156718119,-2997.9449632955334,6384.198112054626,-13970.072561608982,16443.33322543257,-23546.704677121565,-11949.688789886297,3412.4707347006733,-2283.057193740487,10196.581197078931,-26542.61169744452,-4592.153247678252,-9515.411392262538,-16809.538166558206,1197.6120197499563,-352.7056226091502,-6829.980165376059,8740.291524185845,-4663.711813073263,2522.2702049319505,5147.211576726355,-7897.525762910555,-746.9767066096433
-4390.828397346363,-19164.94734105572,24679.82582950038,32830.70144085078,-12185.312149178833,14175.403967855658,-13011.107269866543,-5600.852932203933,6014.641731542071,-11385.40290141942,3407.356916176511,-11476.4952643307,-26555.63923556762,1368.9431408205787,-8664.009513706915,11851.10627370023,-42834.13598381187,-11618.251636148118,-6872.3220091980575,-32563.141465800156,-16316.591300451928,16812.679946694636,3860.4905054206565,-8221.33123035561,17990.32438237615,-21174.558569203713,30322.33216385861,15388.58306768512,-4394.747750669851,2940.3406297651927,-13130.563685858751,34180.41724301128,5913.624715399845,12254.049725023233,21646.565162335082,-1542.323457735212,454.46263692955176,8795.745449810203,-11255.242933808475,6005.80887898456,-3247.816855529673,-6628.343689080388,10170.035839583179,961.8671701889521
-5841.483181830954,-25494.291437623368,32830.70144085078,43674.52735450094,-16209.227735268596,18857.530700131963,-17308.585597750956,-7451.224667916707,8000.728590937562,-15145.29078177374,4532.9481027728125,-15266.507539326629,-35326.523663213455,1820.541095904529,-11525.358376940534,15765.600424574663,-56981.78733879489,-15454.845866591942,-9141.14065486999,-43318.42682746644,-21705.37233060194,22365.695442725384,5135.045278135827,-10937.014984691688,23932.280666901454,-28167.647017396353,40336.999804938,20471.422521146746,-5846.457758433522,3911.652083212596,-17466.709350518613,45469.11874158884,7866.720268675659,16302.360807774023,28795.90254744387,-2051.9824239446293,605.1441387627676,11700.955622360592,-14972.400758796546,7989.754066954667,-4320.259270333868,-8817.180841200305,13529.343912418719,1279.458670334518
2167.5289623907574,9462.771024128788,-12185.312149178833,-16209.227735268596,6017.1709171127795,-6998.596245079489,6424.053485247404,2765.3414749376843,-2969.9336666937434,5621.617440860099,-1682.3902010739948,5666.794996725493,13111.214590796433,-676.5528392410536,4277.861918538323,-5850.997476341327,21148.482648346162,5736.763021417045,3393.7050183049905,16077.395209478103,8056.619467692684,-8300.929165947884,-1906.3660595093963,4059.0983376249737,-8882.037324418703,10455.432518454712,-14971.422152218584,-7597.432198429034,2169.3275111272555,-1451.1887094469218,6483.358849889448,-16876.263025027376,-2919.751477362052,-6049.271440933268,-10687.778599213567,761.3198055335281,-223.80558738298149,-4342.087183025256,5557.36996149254,-2965.0947907978234,1604.0116283188945,3272.738066945286,-5021.350509986555,-474.986200298591
-2522.2455480319272,-11007.662774835235,14175.403967855658,18857.530700131963,-6998.596245079489,8142.273624067705,-7473.371137476744,-3217.196317864021,3454.4878122225973,-6539.336815366464,1957.1869636634433,-6591.620010405133,-15253.075127647,785.9786280563322,-4976.3116808400055,6807.165535359912,-24603.250992808404,-6672.922421061981,-3946.8593801530897,-18703.78174999165,-9371.7222839279,9656.92464274997,2217.177366566727,-4722.295906153979,10333.404556176834,-12161.893863903926,17416.411891897696,8839.096633687783,-2524.4334204368606,1689.0134696068246,-7541.626155412048,19632.373853010115,3396.6564311137045,7039.011209819862,12433.296160176324,-885.9800046831026,261.3331991182097,5052.246388827035,-6464.651578810702,3449.7641982533146,-1865.3082422911855,-3807.022910397852,5841.556113237552,552.3899537550984
2315.010274549803,10103.700118665338,-13011.107269866543,-17308.585597750956,6424.053485247404,-7473.371137476744,6859.7622998882325,2953.140737260509,-3170.7958102045895,6002.217992422117,-1796.5503020478652,6050.288136388042,14000.236528076408,-721.6584034136213,4567.665264718273,-6248.0374265323035,22582.521171214812,6124.8805920571285,3622.72109856209,17167.50319972282,8602.17611057851,-8863.79744674444,-2035.0110412084678,4334.4443495147,-9484.467343063323,11163.286864880654,-15985.995545655856,-8112.978279908726,2316.8912230906453,-1550.1006997103614,6922.15052343706,-18019.816902589693,-3117.60245227217,-6460.731179770539,-11412.120632979651,813.1704564049869,-239.74282836974913,-4637.05192620438,5933.7890326338465,-3166.4801775692827,1712.2642009581011,3494.3376154683915,-5362.033163743416,-507.0508296677324
996.7174314740619,4349.337086943732,-5600.852932203933,-7451.224667916707,2765.3414749376843,-3217.196317864021,2953.140737260509,1271.6360996010046,-1364.7784538344406,2583.6343285955877,-773.5377473931969,2604.4231626181645,6026.860634630225,-310.5525459068633,1966.2584531408922,-2689.7609171226063,9721.568430307569,2636.391773495365,1559.1072886883644,7390.444595632996,3703.083038331827,-3815.746571110986,-875.7981266322652,1866.1328130495351,-4082.804541972818,4805.6069688195985,-6881.634967505298,-3492.5307745463942,997.347792763222,-667.229978140543,2979.5801936894327,-7757.013423023988,-1342.0474057521687,-2781.5929892438944,-4912.69112737033,350.2018745651047,-103.36563520240198,-1996.0528001697953,2554.3357554334934,-1363.2839273833615,737.0893619882143,1504.0612999541868,-2308.5301286405397,-218.2740527428958
-1069.8794513440942,-4670.740624834216,6014.641731542071,8000.728590937562,-2969.9336666937434,3454.4878122225973,-3170.7958102045895,-1364.7784538344406,1465.996238893905,-2774.826251083385,830.3428800859896,-2797.0599676476745,-6471.604755866274,333.88826085667614,-2111.4841414905313,2888.033108704198,-10438.66291220739,-2831.6545148531773,-1675.1881658881493,-7935.653680049673,-3976.637355146009,4097.288573278501,941.0447691037242,-2003.4129001053109,4384.219091619339,-5160.603208548711,7389.786523769782,3750.0785043839787,-1070.8372188477924,716.3908589350885,-3200.217360065493,8330.049756110031,1441.155630660283,2985.8390523437565,5275.408167849992,-375.70708901459795,110.5038201872827,2143.357358848704,-2743.0709881774596,1463.497879557236,-791.6784714023512,-1615.4538560196272,2478.368272413532,234.41989060847428
2025.4045386984058,8841.31523890569,-11385.40290141942,-15145.29078177374,5621.617440860099,-6539.336815366464,6002.217992422117,2583.6343285955877,-2774.826251083385,5252.520168347103,-1571.8243489892814,5294.537009213243,12250.620376363906,-631.7385840043587,3996.964264339076,-5466.9876274257085,19760.146670640912,5359.976766080713,3170.700772998842,15021.957813272058,7527.285955099816,-7755.973710357849,-1781.1104503061852,3792.59897915539,-8299.24162518781,9768.442776155982,-13988.378665708115,-7098.95463088924,2027.2961866541307,-1356.3246551763389,6057.609013234205,-15768.302120315875,-2728.133746040713,-5652.635250628769,-9986.043744764984,711.4279157306373,-209.39530563587786,-4057.532207748445,5192.353158815318,-2770.468932748257,1498.3915400107317,3057.9064546515588,-4691.516518443156,-443.75585018325455
-606.3151399373447,-2645.9981550769085,3407.356916176511,4532.9481027728125,-1682.3902010739948,1957.1869636634433,-1796.5503020478652,-773.5377473931969,830.3428800859896,-1571.8243489892814,470.56934024026395,-1584.4657830404203,-3666.466286036977,188.99355062759608,-1196.191121295549,1636.3119768816493,-5914.144744358228,-1603.9359159787457,-948.606772184588,-4496.0088949715955,-2252.8561671476896,2321.343149027421,532.8721742405736,-1135.2080701598118,2483.805304752729,-2923.5871721530725,4186.537979940376,2124.6726672988384,-606.7079093872144,405.8813756068018,-1812.7285457350852,4719.094112304461,816.4354867697829,1692.0631927847342,2988.695456272662,-212.98461535360067,62.82455405911384,1214.2837442534708,-1553.9869929992285,829.3231116376332,-448.45471861539824,-915.0457474569224,1404.3702417440609,132.78283122747732
2041.5824948310585,8912.165542271994,-11476.4952643307,-15266.507539326629,5666.794996725493,-6591.620010405133,6050.288136388042,2604.4231626181645,-2797.0599676476745,5294.537009213243,-1584.4657830404203,5337.002524739314,12348.62407905785,-636.9133058277525,4028.9554501777598,-5510.747394400894,19918.334152693624,5402.919290622057,3196.0973835150594,15142.24009506181,7587.727598935653,-7818.06887734229,-1795.3924793801384,3823.0071879377415,-8365.562601300377,9846.891290345984,-14100.437210657865,-7155.670549445071,2043.364736761799,-1367.012217686665,6106.135368811913,-15894.531410317515,-2749.9415149933416,-5697.739313374883,-10066.025325816372,717.116767599782,-211.00387509768066,-4089.798424066835,5233.979920193221,-2792.6522838200112,1510.509842683277,3082.333955842465,-4729.1533020178385,-447.32808533661665
4724.8193526429095,20621.489346895756,-26555.63923556762,-35326.523663213455,13111.214590796433,-15253.075127647,14000.236528076408,6026.860634630225,-6471.604755866274,12250.620376363906,-3666.466286036977,12348.62407905785,28574.292366195554,-1472.7216980664043,9322.512462802239,-12752.082026622149,46090.319125744056,12501.036876387321,7394.217429226823,35038.52747632201,17556.682809102298,-18090.724553129287,-4153.66582274265,8846.443953527863,-19357.891511028905,22783.825904829966,-32627.104523900383,-16558.50246849631,4728.952241169664,-3163.966797126082,14128.315954903526,-36778.37332594163,-6363.128081094362,-13186.093146651774,-23291.93211377794,1659.7058275284005,-489.29247846207545,-9464.45424581107,12110.66734762796,-6462.513444973144,3494.5423517563568,7132.014598344442,-10943.284217191196,-1034.9307081157624
-243.1979054290352,-1063.3124281392465,1368.9431408205787,1820.541095904529,-676.5528392410536,785.9786280563322,-721.6584034136213,-310.5525459068633,333.88826085667614,-631.7385840043587,188.99355062759608,-636.9133058277525,-1472.7216980664043,76.48306630861586,-480.6764002918731,657.0593757387625,-2375.5503438862715,-644.8089573473974,-381.7573935242381,-1805.917961481934,-905.4153161496662,932.444030341995,214.41691592441444,-455.8658187123624,997.5245066483524,-1175.0687141190172,1682.0083719396998,853.1620223417103,-243.36245384686708,162.67258589359912,-728.617454401342,1896.001629968414,327.9827007931678,678.8073962556214,1200.7108859228988,-85.35537435307702,24.71028545590853,487.3686269995592,-624.4922958881748,332.9275524699218,-180.49246813147013,-367.7769395488667,564.0618696595938,53.41285045772713
1541.3625755789249,6728.023497579557,-8664.009513706915,-11525.358376940534,4277.861918538323,-4976.3116808400055,4567.665264718273,1966.2584531408922,-2111.4841414905313,3996.964264339076,-1196.191121295549,4028.9554501777598,9322.512462802239,-480.6764002918731,3041.623995206988,-4160.330058907155,15037.179506534405,4078.718153899738,2412.642891100538,11431.443061777616,5728.05581698129,-5902.1629114500665,-1355.2449465014242,2886.193082420516,-6315.526727479951,7433.547801165003,-10644.829950488049,-5402.1995316422845,1542.7535481560576,-1032.160090882886,4609.562590218281,-11999.244774445886,-2076.0404817258236,-4301.776645640611,-7599.15260261674,541.4665925978409,-159.44019212004284,-3087.718544537942,3951.235316399937,-2108.3678346091942,1140.2083977770121,2326.9432425011937,-3570.299480515613,-337.70070498468465
-2108.7366233239327,-9202.811012503817,11851.10627370023,15765.600424574663,-5850.997476341327,6807.165535359912,-6248.0374265323035,-2689.7609171226063,2888.033108704198,-5466.9876274257085,1636.3119768816493,-5510.747394400894,-12752.082026622149,657.0593757387625,-4160.330058907155,5691.156127215157,-20569.165795651665,-5578.734114237428,-3299.5736827053315,-15637.002081143533,-7835.111554857455,8073.562499102773,1853.5646829144248,-3947.9915949994256,8639.071280769493,-10167.7907587131,14560.732773664758,7389.765837974009,-2110.474944578563,1412.084585451281,-6305.0045573395355,16413.226055971852,2839.642069480793,5884.971108377363,10394.65648017001,-740.7181069130799,218.60363639996947,4223.864490143981,-5404.6655322159595,2884.1826638929015,-1559.4642518733363,-3182.7478743265906,4883.835603212163,461.8317635262208
7621.200117820663,33262.454788592906,-42834.13598381187,-56981.78733879489,21148.482648346162,-24603.250992808404,22582.521171214812,9721.568430307569,-10438.66291220739,19760.146670640912,-5914.144744358228,19918.334152693624,46090.319125744056,-2375.5503438862715,15037.179506534405,-20569.165795651665,74343.87284966346,20164.05083979972,11926.697439025815,56517.30593622511,28319.11887530803,-29180.425270144464,-6699.796645339984,14269.421817477725,-31224.198746096692,36750.521105702734,-52627.624548446634,-26708.843389055943,7627.6722685166005,-5103.312348898134,22788.875435078313,-59323.494221457404,-10263.67603794473,-21269.229423317953,-37569.95518045174,2677.110305135436,-789.2588633439576,-15265.95219309568,19534.56153804538,-10424.134743387429,5636.800256699539,11503.827413888765,-17651.72886409288,-1669.314341535428
2066.701994029463,9022.240498600373,-11618.251636148118,-15454.845866591942,5736.763021417045,-6672.922421061981,6124.8805920571285,2636.391773495365,-2831.6545148531773,5359.976766080713,-1603.9359159787457,5402.919290622057,12501.036876387321,-644.8089573473974,4078.718153899738,-5578.734114237428,20164.05083979972,5469.747791050436,3235.7321792441303,15329.028950134443,7681.335228498058,-7914.52416614192,-1817.6456588018427,3870.0936974775964,-8468.852738008201,9968.398988285579,-14274.467847101245,-7243.956663902597,2068.6125180947242,-1383.9431390126438,6181.628929917486,-16090.76652935065,-2783.8988166538265,-5767.921625253229,-10190.254892464152,725.9297316935939,-213.54895898931812,-4140.365885408758,5298.580943744404,-2827.0396623360484,1529.1367952152063,3120.471062419258,-4787.386327840214,-452.8779180904022
1222.1647696058387,5336.861667559987,-6872.3220091980575,-9141.14065486999,3393.7050183049905,-3946.8593801530897,3622.72109856209,1559.1072886883644,-1675.1881658881493,3170.700772998842,-948.606772184588,3196.0973835150594,7394.217429226823,-381.7573935242381,2412.642891100538,-3299.5736827053315,11926.697439025815,3235.7321792441303,1914.5283866617408,9066.872110829583,4543.680308560402,-4681.32962375239,-1075.4582916847035,2288.9407115371896,-5009.2027791877845,5896.570987480811,-8443.410180918709,-4284.565355535009,1223.409046926037,-818.4243022994366,3656.784640470715,-9517.882658348775,-1646.698036886642,-3410.9971815441154,-6027.555916167418,429.2027777129932,-125.92407729794704,-2448.835619256648,3134.2364428142587,-1671.9541360458416,904.6586686750283,1845.945683208898,-2831.4941811906133,-267.90743182952406
5793.75569515771,25286.615496572875,-32563.141465800156,-43318.42682746644,16077.395209478103,-18703.78174999165,17167.50319972282,7390.444595632996,-7935.653680049673,15021.957813272058,-4496.0088949715955,15142.24009506181,35038.52747632201,-1805.917961481934,11431.443061777616,-15637.002081143533,56517.30593622511,15329.028950134443,9066.872110829583,42965.353077485925,21528.678855139406,-22183.401653270852,-5093.3460406820595,10847.815453219788,-23737.13304164532,27938.33788036241,-40008.35521271725,-20304.448732401514,5798.646963514604,-3879.5839554852305,17324.506691714974,-45098.66136043832,-7802.599636625842,-16169.122575908086,-28561.27246874981,2035.154591709814,-600.0150992238822,-11605.370243448428,14850.477003174854,-7924.5546016106055,4285.203184867994,8745.36167810991,-13419.046038803643,-1269.0289688950813
2902.809938545478,12670.79244251352,-16316.591300451928,-21705.37233060194,8056.619467692684,-9371.7222839279,8602.17611057851,3703.083038331827,-3976.637355146009,7527.285955099816,-2252.8561671476896,7587.727598935653,17556.682809102298,-905.4153161496662,5728.05581698129,-7835.111554857455,28319.11887530803,7681.335228498058,4543.680308560402,21528.678855139406,10787.966802056537,-11115.495852925384,-2552.437551022944,5435.4046613749915,-11893.76443473148,13999.846593543069,-20047.378777535003,-10173.662750278738,2905.121187079329,-1943.5281846881376,8681.205596231977,-22597.936486226154,-3909.61509668492,-8101.079431418517,-14311.419554616316,1019.5453891408833,-300.2325779363327,-5814.6367364462285,7441.433852920996,-3970.624626310029,2147.5836773596793,4382.16106704857,-6723.934152400581,-635.9255801610292
-2991.369938909267,-13055.750156718119,16812.679946694636,22365.695442725384,-8300.929165947884,9656.92464274997,-8863.79744674444,-3815.746571110986,4097.288573278501,-7755.973710357849,2321.343149027421,-7818.06887734229,-18090.724553129287,932.444030341995,-5902.1629114500665,8073.562499102773,-29180.425270144464,-7914.52416614192,-4681.32962375239,-22183.401653270852,-11115.495852925384,11453.539605137954,2629.7454782270256,-5600.768695008481,12255.710316986577,-14424.852988384122,20656.72205154306,10483.37430613129,-2993.8764599307406,2003.063024770184,-8944.809356948366,23284.85829221876,4028.515271324491,8348.25303350691,14746.467568280803,-1050.7169342819266,309.7998833048712,5991.970996734049,-7667.472255141594,4091.534172365799,-2212.5098411834406,-4515.329923871957,6928.422593434905,655.1971280308104
-686.5730963374994,-2997.9449632955334,3860.4905054206565,5135.045278135827,-1906.3660595093963,2217.177366566727,-2035.0110412084678,-875.7981266322652,941.0447691037242,-1781.1104503061852,532.8721742405736,-1795.3924793801384,-4153.66582274265,214.41691592441444,-1355.2449465014242,1853.5646829144248,-6699.796645339984,-1817.6456588018427,-1075.4582916847035,-5093.3460406820595,-2552.437551022944,2629.7454782270256,604.1797445220046,-1285.7892550928489,2813.9542721186426,-3312.390146674523,4743.104345701759,2406.845030337457,-687.239650336796,459.7340181507613,-2054.221005324054,5346.6740114760105,925.0148014126306,1916.105768899809,3385.990483212947,-241.07826092107553,70.7770691467158,1375.6133900300974,-1760.6473151212836,939.2078985272133,-508.19436811303933,-1036.9291337297125,1590.534659581364,150.47516881140163
1462.8587622678506,6384.198112054626,-8221.33123035561,-10937.014984691688,4059.0983376249737,-4722.295906153979,4334.4443495147,1866.1328130495351,-2003.4129001053109,3792.59897915539,-1135.2080701598118,3823.0071879377415,8846.443953527863,-455.8658187123624,2886.193082420516,-3947.9915949994256,14269.421817477725,3870.0936974775964,2288.9407115371896,10847.815453219788,5435.4046613749915,-5600.768695008481,-1285.7892550928489,2739.025526558605,-5993.014917315356,7053.735003096082,-10101.095563465411,-5126.435616170088,1464.0513160937778,-979.5039817578308,4373.85403439596,-11386.245542444922,-1970.0143875312442,-4082.5854931743147,-7211.016722317661,513.98836479978,-151.56259752314472,-2930.055093865649,3749.3262912408086,-2000.8582674314207,1081.8672381038566,2207.9015494609143,-3388.125526509694,-320.4285867759857
-3200.9425831438602,-13970.072561608982,17990.32438237615,23932.280666901454,-8882.037324418703,10333.404556176834,-9484.467343063323,-4082.804541972818,4384.219091619339,-8299.24162518781,2483.805304752729,-8365.562601300377,-19357.891511028905,997.5245066483524,-6315.526727479951,8639.071280769493,-31224.198746096692,-8468.852738008201,-5009.2027791877845,-23737.13304164532,-11893.76443473148,12255.710316986577,2813.9542721186426,-5993.014917315356,13114.32214106736,-15434.823787813248,22103.43089083484,11217.781476537455,-3203.806277289159,2143.608820686847,-9571.333270727686,24915.78153313278,4310.742683540084,8933.160207969428,15779.27256530176,-1124.3617399858013,331.61781545621443,6411.966543079183,-8204.391977857185,4378.062042634738,-2367.2792605546633,-4831.63274107445,7413.46001050884,701.0751782180915
3766.9817801297686,16443.33322543257,-21174.558569203713,-28167.647017396353,10455.432518454712,-12161.893863903926,11163.286864880654,4805.6069688195985,-5160.603208548711,9768.442776155982,-2923.5871721530725,9846.891290345984,22783.825904829966,-1175.0687141190172,7433.547801165003,-10167.7907587131,36750.521105702734,9968.398988285579,5896.570987480811,27938.33788036241,13999.846593543069,-14424.852988384122,-3312.390146674523,7053.735003096082,-15434.823787813248,18168.091786531302,-26016.05921115365,-13202.594349452256,3770.026928087279,-2522.1331066731445,11265.889230978313,-29326.020613657583,-5073.662491082088,-10512.9212725626,-18572.34189878909,1323.1433323242122,-389.51875678483333,-7545.775992915434,9656.961503067976,-5152.768323774808,2787.0053552769696,5686.894657491536,-8725.840547719623,-825.3118490285907
-5394.776643296855,-23546.704677121565,30322.33216385861,40336.999804938,-14971.422152218584,17416.411891897696,-15985.995545655856,-6881.634967505298,7389.786523769782,-13988.378665708115,4186.537979940376,-14100.437210657865,-32627.104523900383,1682.0083719396998,-10644.829950488049,14560.732773664758,-52627.624548446634,-14274.467847101245,-8443.410180918709,-40008.35521271725,-20047.378777535003,20656.72205154306,4743.104345701759,-10101.095563465411,22103.43089083484,-26016.05921115365,37255.185559879435,18906.87038659404,-5399.351306785705,3612.3768758242977,-16132.592055762134,41995.209536769515,7265.613960390481,15055.719461475743,26595.791520213723,-1894.9219590039465,558.3866637022863,10806.46475408544,-13828.64825490422,7379.02220417871,-3990.5251020653313,-8143.671596231041,12495.447309183308,1181.7470122556235
-2738.1425753156636,-11949.688789886297,15388.58306768512,20471.422521146746,-7597.432198429034,8839.096633687783,-8112.978279908726,-3492.5307745463942,3750.0785043839787,-7098.95463088924,2124.6726672988384,-7155.670549445071,-16558.50246849631,853.1620223417103,-5402.1995316422845,7389.765837974009,-26708.843389055943,-7243.956663902597,-4284.565355535009,-20304.448732401514,-10173.662750278738,10483.37430613129,2406.845030337457,-5126.435616170088,11217.781476537455,-13202.594349452256,18906.87038659404,9595.628901529113,-2740.5617829330736,1833.6750409038889,-8186.988095957473,21312.48338418306,3687.347199319208,7641.57618671451,13497.315293664358,-961.8414876810248,283.7684448196238,5484.758511034405,-7017.875386964592,3745.0322359187617,-2024.8712720943922,-4132.846207702901,6341.511798791391,599.6732260126241
782.1013743661225,3412.4707347006733,-4394.747750669851,-5846.457758433522,2169.3275111272555,-2524.4334204368606,2316.8912230906453,997.347792763222,-1070.8372188477924,2027.2961866541307,-606.7079093872144,2043.364736761799,4728.952241169664,-243.36245384686708,1542.7535481560576,-2110.474944578563,7627.6722685166005,2068.6125180947242,1223.409046926037,5798.646963514604,2905.121187079329,-2993.8764599307406,-687.239650336796,1464.0513160937778,-3203.806277289159,3770.026928087279,-5399.351306785705,-2740.5617829330736,782.9310778066986,-523.9525964740884,2337.9421977983766,-6086.434294434423,-1053.0933617723697,-2182.7131881225305,-3854.5405201362423,274.78065232618087,-81.25081700114914,-1566.7050528144407,2004.0543547207717,-1069.566619698874,578.0412893388672,1180.273956268377,-1810.948492152903,-171.23347148680375
-523.3347560945923,-2283.057193740487,2940.3406297651927,3911.652083212596,-1451.1887094469218,1689.0134696068246,-1550.1006997103614,-667.229978140543,716.3908589350885,-1356.3246551763389,405.8813756068018,-1367.012217686665,-3163.966797126082,162.67258589359912,-1032.160090882886,1412.084585451281,-5103.312348898134,-1383.9431390126438,-818.4243022994366,-3879.5839554852305,-1943.5281846881376,2003.063024770184,459.7340181507613,-979.5039817578308,2143.608820686847,-2522.1331066731445,3612.3768758242977,1833.6750409038889,-523.9525964740884,350.7150784476862,-1564.1509092821825,4072.085897888657,704.5754921727518,1460.5518656729848,2578.845116808199,-183.87577871539114,54.49002486337425,1048.4056871120529,-1340.755707574764,715.6212719002046,-386.6256642974578,-789.671516412668,1211.582381766992,114.55909503560339
2335.82563409543,10196.581197078931,-13130.563685858751,-17466.709350518613,6483.358849889448,-7541.626155412048,6922.15052343706,2979.5801936894327,-3200.217360065493,6057.609013234205,-1812.7285457350852,6106.135368811913,14128.315954903526,-728.617454401342,4609.562590218281,-6305.0045573395355,22788.875435078313,6181.628929917486,3656.784640470715,17324.506691714974,8681.205596231977,-8944.809356948366,-2054.221005324054,4373.85403439596,-9571.333270727686,11265.889230978313,-16132.592055762134,-8186.988095957473,2337.9421977983766,-1564.1509092821825,6986.250834263975,-18185.29485487575,-3146.2536180727543,-6518.881173359152,-11516.734793379133,820.4133432167971,-241.47928918933803,-4679.388520183969,5988.280754252964,-3195.0744863201767,1728.1383720997799,3526.6136055756847,-5410.554232368829,-511.783502836537
-6081.10296685523,-26542.61169744452,34180.41724301128,45469.11874158884,-16876.263025027376,19632.373853010115,-18019.816902589693,-7757.013423023988,8330.049756110031,-15768.302120315875,4719.094112304461,-15894.531410317515,-36778.37332594163,1896.001629968414,-11999.244774445886,16413.226055971852,-59323.494221457404,-16090.76652935065,-9517.882658348775,-45098.66136043832,-22597.936486226154,23284.85829221876,5346.6740114760105,-11386.245542444922,24915.78153313278,-29326.020613657583,41995.209536769515,21312.48338418306,-6086.434294434423,4072.085897888657,-18185.29485487575,47338.48880095573,8190.126043011358,16971.2022942474,29979.624031698568,-2136.0241742927806,629.3407178491109,12181.52827544708,-15588.078290896827,8317.775884194918,-4498.182990863122,-9179.91247484192,14085.080609804176,1332.1132961319363
-1052.101256243459,-4592.153247678252,5913.624715399845,7866.720268675659,-2919.751477362052,3396.6564311137045,-3117.60245227217,-1342.0474057521687,1441.155630660283,-2728.133746040713,816.4354867697829,-2749.9415149933416,-6363.128081094362,327.9827007931678,-2076.0404817258236,2839.642069480793,-10263.67603794473,-2783.8988166538265,-1646.698036886642,-7802.599636625842,-3909.61509668492,4028.515271324491,925.0148014126306,-1970.0143875312442,4310.742683540084,-5073.662491082088,7265.613960390481,3687.347199319208,-1053.0933617723697,704.5754921727518,-3146.2536180727543,8190.126043011358,1417.0505650508828,2936.284627446505,5186.8043503357,-369.6228325955516,108.88101184184859,2107.607586983065,-2696.8773385146883,1439.0661451094547,-778.1862535596655,-1588.2445453725968,2436.8423940835755,230.49189598076902
-2180.8734141124,-9515.411392262538,12254.049725023233,16302.360807774023,-6049.271440933268,7039.011209819862,-6460.731179770539,-2781.5929892438944,2985.8390523437565,-5652.635250628769,1692.0631927847342,-5697.739313374883,-13186.093146651774,678.8073962556214,-4301.776645640611,5884.971108377363,-21269.229423317953,-5767.921625253229,-3410.9971815441154,-16169.122575908086,-8101.079431418517,8348.25303350691,1916.105768899809,-4082.5854931743147,8933.160207969428,-10512.9212725626,15055.719461475743,7641.57618671451,-2182.7131881225305,1460.5518656729848,-6518.881173359152,16971.2022942474,2936.284627446505,6086.311017111604,10748.088775690612,-766.2281247826759,226.5763735804935,4368.026130776488,-5588.228119408877,2982.593624017926,-1612.1006447305808,-3290.8135110159033,5050.196534914939,477.48055148737325
-3851.2608267902842,-16809.538166558206,21646.565162335082,28795.90254744387,-10687.778599213567,12433.296160176324,-11412.120632979651,-4912.69112737033,5275.408167849992,-9986.043744764984,2988.695456272662,-10066.025325816372,-23291.93211377794,1200.7108859228988,-7599.15260261674,10394.65648017001,-37569.95518045174,-10190.254892464152,-6027.555916167418,-28561.27246874981,-14311.419554616316,14746.467568280803,3385.990483212947,-7211.016722317661,15779.27256530176,-18572.34189878909,26595.791520213723,13497.315293664358,-3854.5405201362423,2578.845116808199,-11516.734793379133,29979.624031698568,5186.8043503357,10748.088775690612,18986.254939682447,-1352.775996863105,398.65194299606657,7714.581901474967,-9872.003932931388,5267.767642697867,-2848.730285652637,-5813.6112317646375,8920.279095662812,843.6212056490677
274.53333509476454,1197.6120197499563,-1542.323457735212,-2051.9824239446293,761.3198055335281,-885.9800046831026,813.1704564049869,350.2018745651047,-375.70708901459795,711.4279157306373,-212.98461535360067,717.116767599782,1659.7058275284005,-85.35537435307702,541.4665925978409,-740.7181069130799,2677.110305135436,725.9297316935939,429.2027777129932,2035.154591709814,1019.5453891408833,-1050.7169342819266,-241.07826092107553,513.98836479978,-1124.3617399858013,1323.1433323242122,-1894.9219590039465,-961.8414876810248,274.78065232618087,-183.87577871539114,820.4133432167971,-2136.0241742927806,-369.6228325955516,-766.2281247826759,-1352.775996863105,96.56749889002127,-28.56697780028596,-549.8160356345957,703.298703010462,-375.445254672622,202.84796986229148,414.1549936041426,-635.6724359667268,-60.13140975529561
-81.2347899486868,-352.7056226091502,454.46263692955176,605.1441387627676,-223.80558738298149,261.3331991182097,-239.74282836974913,-103.36563520240198,110.5038201872827,-209.39530563587786,62.82455405911384,-211.00387509768066,-489.29247846207545,24.71028545590853,-159.44019212004284,218.60363639996947,-789.2588633439576,-213.54895898931812,-125.92407729794704,-600.0150992238822,-300.2325779363327,309.7998833048712,70.7770691467158,-151.56259752314472,331.61781545621443,-389.51875678483333,558.3866637022863,283.7684448196238,-81.25081700114914,54.49002486337425,-241.47928918933803,629.3407178491109,108.88101184184859,226.5763735804935,398.65194299606657,-28.56697780028596,8.894432903299796,162.39759986648227,-207.1288252872388,110.85753341484697,-59.537037318895834,-121.90848087771425,187.47119553575016,17.648344591617004
-1565.1363255259084,-6829.980165376059,8795.745449810203,11700.955622360592,-4342.087183025256,5052.246388827035,-4637.05192620438,-1996.0528001697953,2143.357358848704,-4057.532207748445,1214.2837442534708,-4089.798424066835,-9464.45424581107,487.3686269995592,-3087.718544537942,4223.864490143981,-15265.95219309568,-4140.365885408758,-2448.835619256648,-11605.370243448428,-5814.6367364462285,5991.970996734049,1375.6133900300974,-2930.055093865649,6411.966543079183,-7545.775992915434,10806.46475408544,5484.758511034405,-1566.7050528144407,1048.4056871120529,-4679.388520183969,12181.52827544708,2107.607586983065,4368.026130776488,7714.581901474967,-549.8160356345957,162.39759986648227,3135.344152268713,-4011.079189569422,2140.5540991243333,-1157.118054795121,-2362.266408686605,3624.4669301006256,342.748176759304
2002.3786844418012,8740.291524185845,-11255.242933808475,-14972.400758796546,5557.36996149254,-6464.651578810702,5933.7890326338465,2554.3357554334934,-2743.0709881774596,5192.353158815318,-1553.9869929992285,5233.979920193221,12110.66734762796,-624.4922958881748,3951.235316399937,-5404.6655322159595,19534.56153804538,5298.580943744404,3134.2364428142587,14850.477003174854,7441.433852920996,-7667.472255141594,-1760.6473151212836,3749.3262912408086,-8204.391977857185,9656.961503067976,-13828.64825490422,-7017.875386964592,2004.0543547207717,-1340.755707574764,5988.280754252964,-15588.078290896827,-2696.8773385146883,-5588.228119408877,-9872.003932931388,703.298703010462,-207.1288252872388,-4011.079189569422,5133.078586113243,-2738.940299341171,1481.3283794386077,3022.856521611797,-4638.142010159825,-438.65434957904114
-1068.7379589399875,-4663.711813073263,6005.80887898456,7989.754066954667,-2965.0947907978234,3449.7641982533146,-3166.4801775692827,-1363.2839273833615,1463.497879557236,-2770.468932748257,829.3231116376332,-2792.6522838200112,-6462.513444973144,332.9275524699218,-2108.3678346091942,2884.1826638929015,-10424.134743387429,-2827.0396623360484,-1671.9541360458416,-7924.5546016106055,-3970.624626310029,4091.534172365799,939.2078985272133,-2000.8582674314207,4378.062042634738,-5152.768323774808,7379.02220417871,3745.0322359187617,-1069.566619698874,715.6212719002046,-3195.0744863201767,8317.775884194918,1439.0661451094547,2982.593624017926,5267.767642697867,-375.445254672622,110.85753341484697,2140.5540991243333,-2738.940299341171,1461.7375662704283,-790.2759274120239,-1612.8833254478245,2475.175909859029,234.03597091205413
577.6520641786115,2522.2702049319505,-3247.816855529673,-4320.259270333868,1604.0116283188945,-1865.3082422911855,1712.2642009581011,737.0893619882143,-791.6784714023512,1498.3915400107317,-448.45471861539824,1510.509842683277,3494.5423517563568,-180.49246813147013,1140.2083977770121,-1559.4642518733363,5636.800256699539,1529.1367952152063,904.6586686750283,4285.203184867994,2147.5836773596793,-2212.5098411834406,-508.19436811303933,1081.8672381038566,-2367.2792605546633,2787.0053552769696,-3990.5251020653313,-2024.8712720943922,578.0412893388672,-386.6256642974578,1728.1383720997799,-4498.182990863122,-778.1862535596655,-1612.1006447305808,-2848.730285652637,202.84796986229148,-59.537037318895834,-1157.118054795121,1481.3283794386077,-790.2759274120239,427.66942552241295,872.303268689166,-1338.4154067506418,-126.61009360193958
1179.128507684189,5147.211576726355,-6628.343689080388,-8817.180841200305,3272.738066945286,-3807.022910397852,3494.3376154683915,1504.0612999541868,-1615.4538560196272,3057.9064546515588,-915.0457474569224,3082.333955842465,7132.014598344442,-367.7769395488667,2326.9432425011937,-3182.7478743265906,11503.827413888765,3120.471062419258,1845.945683208898,8745.36167810991,4382.16106704857,-4515.329923871957,-1036.9291337297125,2207.9015494609143,-4831.63274107445,5686.894657491536,-8143.671596231041,-4132.846207702901,1180.273956268377,-789.671516412668,3526.6136055756847,-9179.91247484192,-1588.2445453725968,-3290.8135110159033,-5813.6112317646375,414.1549936041426,-121.90848087771425,-2362.266408686605,3022.856521611797,-1612.8833254478245,872.303268689166,1780.2799647193276,-2731.252552099706,-258.34718715462446
-1809.596740236982,-7897.525762910555,10170.035839583179,13529.343912418719,-5021.350509986555,5841.556113237552,-5362.033163743416,-2308.5301286405397,2478.368272413532,-4691.516518443156,1404.3702417440609,-4729.1533020178385,-10943.284217191196,564.0618696595938,-3570.299480515613,4883.835603212163,-17651.72886409288,-4787.386327840214,-2831.4941811906133,-13419.046038803643,-6723.934152400581,6928.422593434905,1590.534659581364,-3388.125526509694,7413.46001050884,-8725.840547719623,12495.447309183308,6341.511798791391,-1810.948492152903,1211.582381766992,-5410.554232368829,14085.080609804176,2436.8423940835755,5050.196534914939,8920.279095662812,-635.6724359667268,187.47119553575016,3624.4669301006256,-4638.142010159825,2475.175909859029,-1338.4154067506418,-2731.252552099706,4191.4191100430535,396.3409854052329
-171.0637690461708,-746.9767066096433,961.8671701889521,1279.458670334518,-474.986200298591,552.3899537550984,-507.0508296677324,-218.2740527428958,234.41989060847428,-443.75585018325455,132.78283122747732,-447.32808533661665,-1034.9307081157624,53.41285045772713,-337.70070498468465,461.8317635262208,-1669.314341535428,-452.8779180904022,-267.90743182952406,-1269.0289688950813,-635.9255801610292,655.1971280308104,150.47516881140163,-320.4285867759857,701.0751782180915,-825.3118490285907,1181.7470122556235,599.6732260126241,-171.23347148680375,114.55909503560339,-511.783502836537,1332.1132961319363,230.49189598076902,477.48055148737325,843.6212056490677,-60.13140975529561,17.648344591617004,342.748176759304,-438.65434957904114,234.03597091205413,-126.61009360193958,-258.34718715462446,396.3409854052329,37.53242519970233
