V1,V2,V3,V4,V5,V6,V7,V8,V9,V10,V11,V12,V13,V14,V15,V16,V17,V18,V19,V20,V21,V22,V23,V24,V25,V26,V27,V28,V29,V30,V31,V32,V33,V34,V35,V36,V37,V38,V39,V40,V41,V42,V43,V44
7.202034783697856,30.42354866820713,-38.95347508811648,-51.998378616932804,19.1516925308146,-22.45763454275526,20.63141277128138,8.932055252755395,-9.349915628603105,17.82877591764212,-5.012553999653708,18.05926893447306,42.48420991654516,-1.985255880718572,13.870615335763096,-18.56980294515309,67.62862811744029,18.141429081807615,10.703267677143357,51.57312910220604,26.031470354990592,-26.658645022929683,-5.977138495051231,13.15750597991946,-28.69608570207244,33.78530021068553,-47.96371599293436,-24.556970065359092,6.837684843300305,-4.559565706403474,20.708247464403897,-54.045500866348746,-9.754851087887841,-19.501481541418805,-34.3834464408686,2.6730074002181015,-0.8563799479630072,-13.906806765865902,17.98914681228314,-9.654477603380352,5.3440732509226745,10.54550520870126,-16.11648284397738,-1.3110232714984817
30.42354866820713,132.72328446275793,-170.7663853183847,-227.16359585462752,84.23183985434689,-98.04613291974405,89.971322606515,38.64496510459334,-41.53602073411036,78.72948004217545,-23.210404175137345,79.46096385920663,183.95028811042837,-9.360418521003872,60.051575995511335,-81.83096694912922,296.16641555911673,80.42193936357431,47.60427372129012,225.24570329494694,112.99859091241531,-116.33793583596852,-26.724193522311698,56.93648235216359,-124.61746580712882,146.51494945980886,-209.73049925215415,-106.57630948287903,30.368972040936505,-20.279061752453732,90.918660268101,-236.44642195150792,-41.110821039367345,-84.68771332720425,-149.77959020073163,10.713954472741314,-3.1082427673987922,-60.98757504208053,77.96848035391058,-41.58440601675249,22.505208561582496,45.886189846903555,-70.28891445667469,-6.587124037667769
-38.95347508811648,-170.7663853183847,220.27131699505892,292.4852042273341,-108.5597095165582,126.36274293091562,-115.81210225548429,-49.54806029620744,53.75960389348,-101.77689602270885,30.45386072399209,-102.31101451954432,-236.5005609987933,12.286978627360531,-77.15575452404511,105.65024710317668,-381.6929120398657,-103.80441158621056,-61.60968742278567,-290.16599322466533,-145.02924738088416,149.64891830503095,34.59995814036353,-73.0710201080884,160.33418099182148,-188.35745304478795,270.21246373934065,137.19699043177877,-39.45816916497135,26.49215842304512,-117.19433976935495,304.9307014910922,52.5476942991687,109.10033545955132,192.856453467475,-13.65260877222282,3.8863556063101954,78.65085076262783,-100.13414603284885,53.27309593238194,-28.70625118445952,-59.270327979809714,90.3587023392631,8.70408017222794
-51.998378616932804,-227.16359585462752,292.4852042273341,389.2439894275375,-144.33793786584482,168.00213108617083,-154.1152495515291,-66.33328894410153,71.25025318010634,-134.92832269134016,40.24090791331769,-136.13283226504802,-314.7243310799495,16.08443185623814,-102.67073757896466,140.4695822221165,-507.6900931927859,-137.82280823180852,-81.45690942079963,-385.8835996502106,-193.39127307250908,199.35118195609758,45.77048660117975,-97.47151581552257,213.30129501343862,-250.69301599858727,359.32934595312236,182.37530166893083,-52.13744685724959,34.863801196092524,-155.69505808446118,404.947816122064,70.06794970534574,145.2358385537984,256.44721807438367,-18.185133793716982,5.37569226674919,104.48264938727591,-133.39892352755712,71.1933566886278,-38.34921341723523,-78.46273784687699,120.50580277890641,11.45433223476929
19.1516925308146,84.23183985434689,-108.5597095165582,-144.33793786584482,53.81803735151428,-62.28613721656486,57.26826716911693,24.743867555568034,-26.590443217066944,50.15998631503869,-15.408598961455306,50.54301644574702,116.39736514734392,-6.259145397307106,37.96325196842459,-52.29330224941135,188.54492862913463,51.21229646613218,30.31031626761748,143.23433208225669,71.7112262334038,-73.91572028969352,-17.02846275205427,36.053120077723825,-78.84442222872426,93.09770636457655,-133.45122867106426,-67.4356926446213,19.296208906598203,-12.904744685964182,57.74832075817211,-150.34609766990553,-25.66672413780929,-53.797810998561914,-95.12459202883093,6.6119880609323305,-1.8899562037715345,-38.50936540923621,49.40678512303478,-26.299158169947816,14.230215004233415,29.081523912619645,-44.86925253943442,-4.398082683335289
-22.45763454275526,-98.04613291974405,126.36274293091562,168.00213108617083,-62.28613721656486,72.62518331906563,-66.51480927913757,-28.511656078580646,30.806395494896684,-58.361897615703725,17.381068388545714,-58.7128334275074,-135.9417068374175,6.9576799377687575,-44.366256961291434,60.63434108181185,-219.1892301854042,-59.52813882625019,-35.240652035449784,-166.6286911029399,-83.38620734729098,86.04070076427557,19.812476674630283,-42.00530483416364,92.18953787163538,-108.25591209425983,155.16050415683898,78.81379320106154,-22.6106738101231,15.195538111398239,-67.26087196491864,174.9962995929888,30.32874301528469,62.68765139350358,110.80035361033968,-7.91487802995946,2.335689037276202,45.15176065104549,-57.55892172170465,30.67997535775777,-16.53956627225345,-33.977099214405804,51.879590252747086,4.90537353945448
20.63141277128138,89.971322606515,-115.81210225548429,-154.1152495515291,57.26826716911693,-66.51480927913757,61.30466022261527,26.491091733343232,-28.184038591126434,53.336515555890045,-16.14818000474048,53.8144811073219,124.53944574893049,-6.551011584932723,40.664443907110304,-55.685791104272475,201.11576382929218,54.44038064556196,32.13482281127216,152.96641223799557,76.66301434049143,-78.91699563025281,-18.036307322629153,38.61997564557115,-84.28267476121037,99.56389173398617,-142.3448508147385,-72.20737592203238,20.523527238236518,-13.669972530687918,61.46205215293023,-160.42672432597095,-27.60486471604248,-57.5645367811241,-101.65068474306199,7.232429402964203,-2.129575810953692,-41.06768375826684,52.80561437819242,-28.261872442668494,15.314029911525605,31.00569614758641,-47.99187121330789,-4.528726730597662
8.932055252755395,38.64496510459334,-49.54806029620744,-66.33328894410153,24.743867555568034,-28.511656078580646,26.491091733343232,11.782049877563535,-12.055023900686347,22.7071731197967,-7.169959078172326,23.131085907631604,53.400218523369006,-2.864405308324005,17.402087743092327,-24.053145953853516,86.60588475803164,23.226442798794828,13.548951311380621,65.81000851957143,33.17471322907432,-34.02622131219526,-7.590771863541505,16.711678053124853,-36.02745777669099,42.968908617249575,-61.245608776039276,-30.852702255670387,8.599935097726055,-5.653276494417489,26.245602357879086,-68.70549666571014,-11.732081335979661,-24.868826929255892,-43.64461273821722,3.0733766936687212,-0.9988086622253568,-17.378965205205088,22.75102056205942,-12.271227860574506,6.698933885433126,13.124742006980833,-20.985564507356816,-1.977887322931249
-9.349915628603105,-41.53602073411036,53.75960389348,71.25025318010634,-26.590443217066944,30.806395494896684,-28.184038591126434,-12.055023900686347,13.257444731921984,-24.96355584781311,7.766355162645047,-24.982430468941285,-57.358875279908276,3.1429319003194607,-18.68233807313605,25.902912040082196,-93.19981639927983,-25.43075640375708,-15.136807268749276,-70.72339195324022,-35.20528526584778,36.440923175812564,8.519611455952491,-17.695230977534713,38.934928546252856,-45.787549934250904,65.94164074418241,33.28986390886339,-9.698125830059249,6.554441524938358,-28.62510991918887,74.41537200459511,12.568787640513953,26.545497164262276,46.94986570877201,-3.198972090199298,0.8763603257693467,19.135560086435877,-24.303073023450068,12.858783446491357,-6.894067245956289,-14.461250775526317,22.002938102950022,2.2509100325362668
17.82877591764212,78.72948004217545,-101.77689602270885,-134.92832269134016,50.15998631503869,-58.361897615703725,53.336515555890045,22.7071731197967,-24.96355584781311,47.19417676879147,-14.279445176628963,47.25629672548152,108.93857524517183,-5.773664902208136,35.49967316242948,-48.86357869847261,176.25251040208894,48.09527264311009,28.598959501637708,133.88169352858034,66.72661940827105,-69.01998888166864,-16.099853986698438,33.58641472430418,-73.9449274781577,86.72539762185211,-124.76581881217608,-63.2646591861954,18.37044238320012,-12.407251975672882,54.208097026405625,-140.85660252732774,-24.08090407871872,-50.23878317380661,-88.96369316734993,6.20102864922419,-1.6873953915151696,-36.40113575515217,46.10773190093864,-24.421666356685254,13.085444259522456,27.427339460928643,-41.55451085797985,-4.118573166717099
-5.012553999653708,-23.210404175137345,30.45386072399209,40.24090791331769,-15.408598961455306,17.381068388545714,-16.14818000474048,-7.169959078172326,7.766355162645047,-14.279445176628963,5.5938274592419575,-14.086376632383383,-31.516079797277957,2.2895008817096962,-10.153475192755652,15.193354094677577,-53.24496622817219,-14.453932184035004,-8.519356108681567,-40.16290809383386,-19.599995274080662,20.504659241818814,4.82015377583792,-9.80934595201019,21.346379312014463,-25.754675797278136,37.49983772078476,18.40447399270256,-5.542635716680342,3.7815920576438136,-15.998321520232036,42.1769454343009,6.221074566505707,15.103228511040658,26.404395268362755,-1.5104415000966545,0.3752001686154012,10.419848124789869,-13.415583170754054,7.074737853579522,-3.701308038617183,-8.026553096555666,12.849592960246493,1.6417663496605237
18.05926893447306,79.46096385920663,-102.31101451954432,-136.13283226504802,50.54301644574702,-58.7128334275074,53.8144811073219,23.131085907631604,-24.982430468941285,47.25629672548152,-14.086376632383383,47.74290919435675,109.91427429072483,-5.645100492820223,35.879038495131724,-49.142926907146375,177.56107321151782,48.37154075929771,28.628269737887763,134.87737399027574,67.62381581630932,-69.73760927317238,-16.090946151191933,34.036064274310235,-74.55920405085863,87.51860774748631,-125.65463104988962,-63.65427059877733,18.247656533845472,-12.187059943447753,54.55721173587772,-141.57311354877098,-24.405093006719973,-50.67719442911901,-89.59493022563024,6.221510227637876,-1.8043295285660144,-36.611844430469795,46.628565330111705,-24.834441366508745,13.329453417241439,27.392268359771798,-42.09398371618159,-4.098604408403131
42.48420991654516,183.95028811042837,-236.5005609987933,-314.7243310799495,116.39736514734392,-135.9417068374175,124.53944574893049,53.400218523369006,-57.358875279908276,108.93857524517183,-31.516079797277957,109.91427429072483,255.61968669767512,-12.615962221106837,83.42682678567282,-113.05910342555535,410.066813988311,111.11076436078511,65.77815200632297,312.02685721068485,156.7070158036946,-161.21487649044315,-36.930065616241244,79.06354962595083,-173.11899624766102,203.25899496541447,-290.5033102469938,-148.05625566409137,42.059876243864544,-28.124681741755516,125.97470624743885,-327.61089149420144,-57.65327819714953,-117.47821181239595,-207.7169034383834,15.221343506821254,-4.523111939840639,-84.63648834595266,108.25712848112215,-57.799662748550276,31.415522745530478,63.79381439469882,-97.11859081079388,-8.765861597790868
-1.985255880718572,-9.360418521003872,12.286978627360531,16.08443185623814,-6.259145397307106,6.9576799377687575,-6.551011584932723,-2.864405308324005,3.1429319003194607,-5.773664902208136,2.2895008817096962,-5.645100492820223,-12.615962221106837,1.0452843967029726,-4.070164818535728,6.083903060589263,-21.329155798887772,-5.831166269622075,-3.4721252729576073,-16.159678553126586,-7.877451893438524,8.179852042945923,1.9634703671132763,-3.908962780611111,8.491991766213589,-10.44342798331742,15.090397402494498,7.416977639777437,-2.1978677316426847,1.4803418507405723,-6.416683766404005,17.024364471906342,2.4364767752596186,5.946288933400446,10.645633471886612,-0.6062318435301657,0.04949720668714607,4.105147195373595,-5.386600101293439,2.7980439920340774,-1.5156922000749007,-3.2626187019263555,5.2019490577899825,0.6632705121255219
13.870615335763096,60.051575995511335,-77.15575452404511,-102.67073757896466,37.96325196842459,-44.366256961291434,40.664443907110304,17.402087743092327,-18.68233807313605,35.49967316242948,-10.153475192755652,35.879038495131724,83.42682678567282,-4.070164818535728,27.365863864470274,-36.81285287362605,133.7055175257265,36.26492199625405,21.5460728428942,101.79250139536212,51.15704466550456,-52.616205453216644,-12.049554088050092,25.750111004462504,-56.570002387224356,66.38030027159486,-94.70393578415224,-48.229856597481685,13.692360044431235,-9.173442052052048,41.09757606131149,-106.9015288397891,-18.922692751355342,-38.34384121036251,-67.79499885414556,4.98306936904,-1.5628529130352953,-27.572135939748847,35.30214701845324,-18.876024932184446,10.307201334338318,20.762604324714083,-31.634544321054275,-2.8447440393541625
-18.56980294515309,-81.83096694912922,105.65024710317668,140.4695822221165,-52.29330224941135,60.63434108181185,-55.685791104272475,-24.053145953853516,25.902912040082196,-48.86357869847261,15.193354094677577,-49.142926907146375,-113.05910342555535,6.083903060589263,-36.81285287362605,51.01767935793383,-183.56071512199887,-49.86767611988246,-29.445435318835994,-139.3548553260077,-69.56829361425288,71.89159688328682,16.572390776850153,-35.03931399334127,76.6423436389959,-90.31068667401867,129.81724634329944,65.59989989864508,-18.91685020834754,12.690173440815993,-56.15398587302228,146.250037064869,24.77633335180938,52.43718013542321,92.4639832998356,-6.367167562188506,1.8415529934550596,37.578285464645475,-47.94239902096916,25.54269356624024,-13.664922605377447,-28.26235258533541,43.6430614058665,4.366422727651706
67.62862811744029,296.16641555911673,-381.6929120398657,-507.6900931927859,188.54492862913463,-219.1892301854042,201.11576382929218,86.60588475803164,-93.19981639927983,176.25251040208894,-53.24496622817219,177.56107321151782,410.066813988311,-21.329155798887772,133.7055175257265,-183.56071512199887,662.6606204397126,179.88616564900954,106.36196548979328,503.49546940970413,252.02888371268867,-259.95760125661724,-59.80303518981715,126.98549862280252,-277.9098491614855,326.99930642421685,-468.9332568168284,-237.70557827182634,68.1268657819047,-45.617106103331245,203.09080298010122,-528.5151531717911,-90.92837142372687,-189.4805464683405,-334.5288955571722,23.565236452471332,-6.922560041899696,-136.0683858440785,173.82230586159878,-92.708769381145,49.92796195476277,102.39855406679351,-157.2854669004534,-15.139892894009147
18.141429081807615,80.42193936357431,-103.80441158621056,-137.82280823180852,51.21229646613218,-59.52813882625019,54.44038064556196,23.226442798794828,-25.43075640375708,48.09527264311009,-14.453932184035004,48.37154075929771,111.11076436078511,-5.831166269622075,36.26492199625405,-49.86767611988246,179.88616564900954,49.21253677563071,29.1887076080991,136.61058473491406,68.23119723341952,-70.55977983629742,-16.430839608297802,34.30827085729131,-75.48184780600381,88.41412439817887,-127.29530071766332,-64.4638496782759,18.679626057693365,-12.55961860817541,55.35756609658495,-143.56556664508554,-24.53181905938821,-51.205504283630766,-90.71876822504721,6.216293002992083,-1.7037263974744796,-37.22446500662612,47.079613027056276,-24.969907160549045,13.298168592743336,27.81477525429245,-42.483261468235945,-4.263060145695167
10.703267677143357,47.60427372129012,-61.60968742278567,-81.45690942079963,30.31031626761748,-35.240652035449784,32.13482281127216,13.548951311380621,-15.136807268749276,28.598959501637708,-8.519356108681567,28.628269737887763,65.77815200632297,-3.4721252729576073,21.5460728428942,-29.445435318835994,106.36196548979328,29.1887076080991,17.565134833666637,80.82275042105792,40.21245586010012,-41.631582539337344,-9.816961529662656,20.165317841964146,-44.750042715867266,52.28091692986786,-75.30809461938442,-38.123542319271706,11.163720872765051,-7.585690316964189,32.865099187027,-85.2197896497731,-14.606419901601402,-30.30232469386028,-53.69852340712046,3.692194327038123,-1.0139879264109535,-22.07914926600972,27.8025934803783,-14.636656213235689,7.874754742790586,16.626018551124982,-24.943252922092974,-2.5469612221903373
51.57312910220604,225.24570329494694,-290.16599322466533,-385.8835996502106,143.23433208225669,-166.6286911029399,152.96641223799557,65.81000851957143,-70.72339195324022,133.88169352858034,-40.16290809383386,134.87737399027574,312.02685721068485,-16.159678553126586,101.79250139536212,-139.3548553260077,503.49546940970413,136.61058473491406,80.82275042105792,382.7912932575432,191.67781498121232,-197.571049813194,-45.39235509525638,96.57501395174576,-211.39864176661615,248.79890388675787,-356.4208503617244,-180.88454731994057,51.72128458524367,-34.62534857043139,154.32146671041022,-401.82614527721836,-69.3831611490335,-144.02360716672447,-254.41510095733668,18.094018156253142,-5.286735735391465,-103.4179065565735,132.22374699818795,-70.52092202109884,38.09230213843116,77.92056841493668,-119.56759417868918,-11.364837985438193
26.031470354990592,112.99859091241531,-145.02924738088416,-193.39127307250908,71.7112262334038,-83.38620734729098,76.66301434049143,33.17471322907432,-35.20528526584778,66.72661940827105,-19.599995274080662,67.62381581630932,156.7070158036946,-7.877451893438524,51.15704466550456,-69.56829361425288,252.02888371268867,68.23119723341952,40.21245586010012,191.67781498121232,96.53182875321514,-99.16746848254917,-22.590958345282814,48.63993208653448,-106.05213719388325,124.97888389232824,-178.4819535992578,-90.65998434300026,25.570520010975475,-16.969456478848514,77.24862045474521,-200.91056389873677,-35.14108552107662,-72.10731536269199,-127.50032512270248,9.182602469776661,-2.7551885173211774,-51.6932968159166,66.53052006746204,-35.61318810870745,19.36658649793936,38.879172327213546,-60.03537672440344,-5.4799512968151705
-26.658645022929683,-116.33793583596852,149.64891830503095,199.35118195609758,-73.91572028969352,86.04070076427557,-78.91699563025281,-34.02622131219526,36.440923175812564,-69.01998888166864,20.504659241818814,-69.73760927317238,-161.21487649044315,8.179852042945923,-52.616205453216644,71.89159688328682,-259.95760125661724,-70.55977983629742,-41.631582539337344,-197.571049813194,-99.16746848254917,102.18567924995035,23.411112896286323,-49.946074297266094,109.28195645526658,-128.43831551098123,183.9934525379608,93.35486942959429,-26.615466273870013,17.78098828388372,-79.7235652800679,207.22061929987944,35.96698630192144,74.32650059506607,131.33061120988833,-9.318747290754532,2.7940196633901757,53.479069082245985,-68.37279696161431,36.51903301019144,-19.682970840863437,-40.09089010313188,61.72666022439219,5.817355006721208
-5.977138495051231,-26.724193522311698,34.59995814036353,45.77048660117975,-17.02846275205427,19.812476674630283,-18.036307322629153,-7.590771863541505,8.519611455952491,-16.099853986698438,4.82015377583792,-16.090946151191933,-36.930065616241244,1.9634703671132763,-12.049554088050092,16.572390776850153,-59.80303518981715,-16.430839608297802,-9.816961529662656,-45.39235509525638,-22.590958345282814,23.411112896286323,5.540711680100369,-11.352131468605904,25.11851821048175,-29.34254507982016,42.329337202260355,21.45432507274953,-6.290406811718923,4.258236083436762,-18.48085999603225,47.84639557908836,8.155273407225453,16.97728998419538,30.173612498317937,-2.054201090609351,0.5292449281151119,12.42897216997582,-15.623112433107766,8.241792213666004,-4.3861296389554685,-9.333527858006937,13.994041324366739,1.42782043865965
13.15750597991946,56.93648235216359,-73.0710201080884,-97.47151581552257,36.053120077723825,-42.00530483416364,38.61997564557115,16.711678053124853,-17.695230977534713,33.58641472430418,-9.80934595201019,34.036064274310235,79.06354962595083,-3.908962780611111,25.750111004462504,-35.03931399334127,126.98549862280252,34.30827085729131,20.165317841964146,96.57501395174576,48.63993208653448,-49.946074297266094,-11.352131468605904,24.600378243261463,-53.45066476960685,62.963780237604404,-89.91471259674523,-45.798877100855535,12.89963289819389,-8.529542339762845,38.894651902053774,-101.21168039548422,-17.74032888083603,-36.40227316068894,-64.25263292247035,4.677712135892827,-1.3955403807800941,-26.089633064761596,33.55111931289277,-18.011318384770956,9.76415845412811,19.625912776490598,-30.251497012478854,-2.7172992895776797
-28.69608570207244,-124.61746580712882,160.33418099182148,213.30129501343862,-78.84442222872426,92.18953787163538,-84.28267476121037,-36.02745777669099,38.934928546252856,-73.9449274781577,21.346379312014463,-74.55920405085863,-173.11899624766102,8.491991766213589,-56.570002387224356,76.6423436389959,-277.9098491614855,-75.48184780600381,-44.750042715867266,-211.39864176661615,-106.05213719388325,109.28195645526658,25.11851821048175,-53.45066476960685,117.42749838397815,-137.50076551522298,196.82347848577817,100.24249562732098,-28.639473240608996,19.23139536699214,-85.48475164556149,222.0410191802282,39.059816904264636,79.57763555512612,140.70413520017675,-10.230950607024793,3.0842684102566507,57.53517035718872,-73.27006098169757,39.06900766136945,-21.139203553242226,-43.20901506653203,65.62972505617611,6.013578609397665
33.78530021068553,146.51494945980886,-188.35745304478795,-250.69301599858727,93.09770636457655,-108.25591209425983,99.56389173398617,42.968908617249575,-45.787549934250904,86.72539762185211,-25.754675797278136,87.51860774748631,203.25899496541447,-10.44342798331742,66.38030027159486,-90.31068667401867,326.99930642421685,88.41412439817887,52.28091692986786,248.79890388675787,124.97888389232824,-128.43831551098123,-29.34254507982016,62.963780237604404,-137.50076551522298,162.38637942192125,-231.62683019877954,-117.67793865418966,33.28666222714519,-22.20389223449679,100.14674367862729,-261.08930089886456,-45.55467653507425,-93.62731341519891,-165.5811813835124,12.062155345478391,-3.5983087197295593,-66.83021915498907,86.18125167317848,-46.086595705298244,25.215130386733858,50.67448067906636,-77.80101584679367,-7.090395518167864
-47.96371599293436,-209.73049925215415,270.21246373934065,359.32934595312236,-133.45122867106426,155.16050415683898,-142.3448508147385,-61.245608776039276,65.94164074418241,-124.76581881217608,37.49983772078476,-125.65463104988962,-290.5033102469938,15.090397402494498,-94.70393578415224,129.81724634329944,-468.9332568168284,-127.29530071766332,-75.30809461938442,-356.4208503617244,-178.4819535992578,183.9934525379608,42.329337202260355,-89.91471259674523,196.82347848577817,-231.62683019877954,331.98069103940276,168.40493596814272,-48.18787924954923,32.27347721917014,-143.79990064531458,374.19001111304846,64.55475501424884,134.02902180358802,236.88527404118193,-16.797078571705224,4.850779126508455,96.34265232865505,-123.14528049941164,65.60722397972931,-35.428114032367986,-72.60224415344281,111.2951355761258,10.619084830022345
-24.556970065359092,-106.57630948287903,137.19699043177877,182.37530166893083,-67.4356926446213,78.81379320106154,-72.20737592203238,-30.852702255670387,33.28986390886339,-63.2646591861954,18.40447399270256,-63.65427059877733,-148.05625566409137,7.416977639777437,-48.229856597481685,65.59989989864508,-237.70557827182634,-64.4638496782759,-38.123542319271706,-180.88454731994057,-90.65998434300026,93.35486942959429,21.45432507274953,-45.798877100855535,100.24249562732098,-117.67793865418966,168.40493596814272,85.95610919807093,-24.505209486682944,16.386667969606574,-73.0049204677085,189.98765863617433,33.22510562521461,68.02060309984374,120.395959521172,-8.796731607480456,2.473455787340997,49.14165453002096,-62.67113225013733,33.430275640801675,-18.072765056709336,-37.049900392958044,56.2848438425536,5.11741425756919
6.837684843300305,30.368972040936505,-39.45816916497135,-52.13744685724959,19.296208906598203,-22.6106738101231,20.523527238236518,8.599935097726055,-9.698125830059249,18.37044238320012,-5.542635716680342,18.247656533845472,42.059876243864544,-2.1978677316426847,13.692360044431235,-18.91685020834754,68.1268657819047,18.679626057693365,11.163720872765051,51.72128458524367,25.570520010975475,-26.615466273870013,-6.290406811718923,12.89963289819389,-28.639473240608996,33.28666222714519,-48.18787924954923,-24.505209486682944,7.281751162815175,-4.985800050618995,21.014170257782467,-54.54826190507493,-9.269782524846491,-19.443419206250766,-34.349675294503896,2.377592180845216,-0.6375647244924618,-14.253010732330967,17.723541340966634,-9.345065295455164,4.9099254747694845,10.67881240529878,-15.897639914024776,-1.6347127507471686
-4.559565706403474,-20.279061752453732,26.49215842304512,34.863801196092524,-12.904744685964182,15.195538111398239,-13.669972530687918,-5.653276494417489,6.554441524938358,-12.407251975672882,3.7815920576438136,-12.187059943447753,-28.124681741755516,1.4803418507405723,-9.173442052052048,12.690173440815993,-45.617106103331245,-12.55961860817541,-7.585690316964189,-34.62534857043139,-16.969456478848514,17.78098828388372,4.258236083436762,-8.529542339762845,19.23139536699214,-22.20389223449679,32.27347721917014,16.386667969606574,-4.985800050618995,3.5066049601649967,-14.123020482950372,36.638853292957144,6.225017982291219,13.022792609947082,23.00104266540223,-1.6087244645357706,0.4473955693586238,9.609175603102205,-11.797200582676728,6.148155114398284,-3.2246078502802153,-7.223157774086673,10.51342655256446,1.1201678909284967
20.708247464403897,90.918660268101,-117.19433976935495,-155.69505808446118,57.74832075817211,-67.26087196491864,61.46205215293023,26.245602357879086,-28.62510991918887,54.208097026405625,-15.998321520232036,54.55721173587772,125.97470624743885,-6.416683766404005,41.09757606131149,-56.15398587302228,203.09080298010122,55.35756609658495,32.865099187027,154.32146671041022,77.24862045474521,-79.7235652800679,-18.48085999603225,38.894651902053774,-85.48475164556149,100.14674367862729,-143.79990064531458,-73.0049204677085,21.014170257782467,-14.123020482950372,62.528280016563166,-162.20315414408498,-28.11803747519748,-57.9619140350278,-102.60578855185528,7.241716900661247,-2.062622588289973,-42.027526050610454,53.36415197809328,-28.338830208165422,15.245542982973625,31.55397910455269,-47.92026238610368,-4.609838359188777
-54.045500866348746,-236.44642195150792,304.9307014910922,404.947816122064,-150.34609766990553,174.9962995929888,-160.42672432597095,-68.70549666571014,74.41537200459511,-140.85660252732774,42.1769454343009,-141.57311354877098,-327.61089149420144,17.024364471906342,-106.9015288397891,146.250037064869,-528.5151531717911,-143.56556664508554,-85.2197896497731,-401.82614527721836,-200.91056389873677,207.22061929987944,47.84639557908836,-101.21168039548422,222.0410191802282,-261.08930089886456,374.19001111304846,189.98765863617433,-54.54826190507493,36.638853292957144,-162.20315414408498,422.2740258961796,72.91164001678172,151.1369442157675,267.1510832644988,-19.030080977271595,5.482957781230353,108.71573918072829,-138.7111732613829,73.83144327727207,-39.922275802688574,-82.1081965624478,125.1474088895941,11.94903863249262
-9.754851087887841,-41.110821039367345,52.5476942991687,70.06794970534574,-25.66672413780929,30.32874301528469,-27.60486471604248,-11.732081335979661,12.568787640513953,-24.08090407871872,6.221074566505707,-24.405093006719973,-57.65327819714953,2.4364767752596186,-18.922692751355342,24.77633335180938,-90.92837142372687,-24.53181905938821,-14.606419901601402,-69.3831611490335,-35.14108552107662,35.96698630192144,8.155273407225453,-17.74032888083603,39.059816904264636,-45.55467653507425,64.55475501424884,33.22510562521461,-9.269782524846491,6.225017982291219,-28.11803747519748,72.91164001678172,13.60287410624892,26.20285989796232,46.42225189238938,-3.7167155324344106,1.229468807602032,18.970513620949212,-24.35508778596084,13.039324357326095,-7.267928631885378,-14.342474396270068,21.336639335044417,1.6212428903124023
-19.501481541418805,-84.68771332720425,109.10033545955132,145.2358385537984,-53.797810998561914,62.68765139350358,-57.5645367811241,-24.868826929255892,26.545497164262276,-50.23878317380661,15.103228511040658,-50.67719442911901,-117.47821181239595,5.946288933400446,-38.34384121036251,52.43718013542321,-189.4805464683405,-51.205504283630766,-30.30232469386028,-144.02360716672447,-72.10731536269199,74.32650059506607,16.97728998419538,-36.40227316068894,79.57763555512612,-93.62731341519891,134.02902180358802,68.02060309984374,-19.443419206250766,13.022792609947082,-57.9619140350278,151.1369442157675,26.20285989796232,54.47892114141481,95.70224380053985,-6.873064751681143,2.196241939624701,38.84559496692049,-49.737398181561176,26.642128025036676,-14.411846550702345,-29.29371417129,45.010965834055945,4.241454129046543
-34.3834464408686,-149.77959020073163,192.856453467475,256.44721807438367,-95.12459202883093,110.80035361033968,-101.65068474306199,-43.64461273821722,46.94986570877201,-88.96369316734993,26.404395268362755,-89.59493022563024,-207.7169034383834,10.645633471886612,-67.79499885414556,92.4639832998356,-334.5288955571722,-90.71876822504721,-53.69852340712046,-254.41510095733668,-127.50032512270248,131.33061120988833,30.173612498317937,-64.25263292247035,140.70413520017675,-165.5811813835124,236.88527404118193,120.395959521172,-34.349675294503896,23.00104266540223,-102.60578855185528,267.1510832644988,46.42225189238938,95.70224380053985,169.24163066566882,-12.188710009875434,3.570062526695193,68.74209274367598,-87.99163374349813,46.95262497572965,-25.457342492672243,-51.89428407301913,79.32936323140007,7.390148755170888
2.6730074002181015,10.713954472741314,-13.65260877222282,-18.185133793716982,6.6119880609323305,-7.91487802995946,7.232429402964203,3.0733766936687212,-3.198972090199298,6.20102864922419,-1.5104415000966545,6.221510227637876,15.221343506821254,-0.6062318435301657,4.98306936904,-6.367167562188506,23.565236452471332,6.216293002992083,3.692194327038123,18.094018156253142,9.182602469776661,-9.318747290754532,-2.054201090609351,4.677712135892827,-10.230950607024793,12.062155345478391,-16.797078571705224,-8.796731607480456,2.377592180845216,-1.6087244645357706,7.241716900661247,-19.030080977271595,-3.7167155324344106,-6.873064751681143,-12.188710009875434,1.1413845902253463,-0.375713627712418,-4.864252942095442,6.394231954750084,-3.4499887376692113,2.012826225046842,3.8195508766309882,-5.550453513365723,-0.2980440122589432
-0.8563799479630072,-3.1082427673987922,3.8863556063101954,5.37569226674919,-1.8899562037715345,2.335689037276202,-2.129575810953692,-0.9988086622253568,0.8763603257693467,-1.6873953915151696,0.3752001686154012,-1.8043295285660144,-4.523111939840639,0.04949720668714607,-1.5628529130352953,1.8415529934550596,-6.922560041899696,-1.7037263974744796,-1.0139879264109535,-5.286735735391465,-2.7551885173211774,2.7940196633901757,0.5292449281151119,-1.3955403807800941,3.0842684102566507,-3.5983087197295593,4.850779126508455,2.473455787340997,-0.6375647244924618,0.4473955693586238,-2.062622588289973,5.482957781230353,1.229468807602032,2.196241939624701,3.570062526695193,-0.375713627712418,0.31618531928997895,1.3470673306832452,-1.880028199437954,1.111760708832868,-0.6811568902052272,-1.0319848596104209,1.6222109837532328,0.048854840757426014
-13.906806765865902,-60.98757504208053,78.65085076262783,104.48264938727591,-38.50936540923621,45.15176065104549,-41.06768375826684,-17.378965205205088,19.135560086435877,-36.40113575515217,10.419848124789869,-36.611844430469795,-84.63648834595266,4.105147195373595,-27.572135939748847,37.578285464645475,-136.0683858440785,-37.22446500662612,-22.07914926600972,-103.4179065565735,-51.6932968159166,53.479069082245985,12.42897216997582,-26.089633064761596,57.53517035718872,-66.83021915498907,96.34265232865505,49.14165453002096,-14.253010732330967,9.609175603102205,-42.027526050610454,108.71573918072829,18.970513620949212,38.84559496692049,68.74209274367598,-4.864252942095442,1.3470673306832452,28.573900245676946,-35.788298037372265,18.966255383951495,-10.039104372567603,-21.204196835500937,31.95721540420702,3.0677280831296883
17.98914681228314,77.96848035391058,-100.13414603284885,-133.39892352755712,49.40678512303478,-57.55892172170465,52.80561437819242,22.75102056205942,-24.303073023450068,46.10773190093864,-13.415583170754054,46.628565330111705,108.25712848112215,-5.386600101293439,35.30214701845324,-47.94239902096916,173.82230586159878,47.079613027056276,27.8025934803783,132.22374699818795,66.53052006746204,-68.37279696161431,-15.623112433107766,33.55111931289277,-73.27006098169757,86.18125167317848,-123.14528049941164,-62.67113225013733,17.723541340966634,-11.797200582676728,53.36415197809328,-138.7111732613829,-24.35508778596084,-49.737398181561176,-87.99163374349813,6.394231954750084,-1.880028199437954,-35.788298037372265,45.92354494617881,-24.52891918337491,13.341746186847486,26.95391380872936,-41.28565064686751,-3.735310068295531
-9.654477603380352,-41.58440601675249,53.27309593238194,71.1933566886278,-26.299158169947816,30.67997535775777,-28.261872442668494,-12.271227860574506,12.858783446491357,-24.421666356685254,7.074737853579522,-24.834441366508745,-57.799662748550276,2.7980439920340774,-18.876024932184446,25.54269356624024,-92.708769381145,-24.969907160549045,-14.636656213235689,-70.52092202109884,-35.61318810870745,36.51903301019144,8.241792213666004,-18.011318384770956,39.06900766136945,-46.086595705298244,65.60722397972931,33.430275640801675,-9.345065295455164,6.148155114398284,-28.338830208165422,73.83144327727207,13.039324357326095,26.642128025036676,46.95262497572965,-3.4499887376692113,1.111760708832868,18.966255383951495,-24.52891918337491,13.260916031390789,-7.214577405946658,-14.261244020209228,22.117544843358395,1.9265301672896984
5.3440732509226745,22.505208561582496,-28.70625118445952,-38.34921341723523,14.230215004233415,-16.53956627225345,15.314029911525605,6.698933885433126,-6.894067245956289,13.085444259522456,-3.701308038617183,13.329453417241439,31.415522745530478,-1.5156922000749007,10.307201334338318,-13.664922605377447,49.92796195476277,13.298168592743336,7.874754742790586,38.09230213843116,19.36658649793936,-19.682970840863437,-4.3861296389554685,9.76415845412811,-21.139203553242226,25.215130386733858,-35.428114032367986,-18.072765056709336,4.9099254747694845,-3.2246078502802153,15.245542982973625,-39.922275802688574,-7.267928631885378,-14.411846550702345,-25.457342492672243,2.012826225046842,-0.6811568902052272,-10.039104372567603,13.341746186847486,-7.214577405946658,4.128255662605152,7.774459395288218,-11.965751012870054,-0.9185382623932973
10.54550520870126,45.886189846903555,-59.270327979809714,-78.46273784687699,29.081523912619645,-33.977099214405804,31.00569614758641,13.124742006980833,-14.461250775526317,27.427339460928643,-8.026553096555666,27.392268359771798,63.79381439469882,-3.2626187019263555,20.762604324714083,-28.26235258533541,102.39855406679351,27.81477525429245,16.626018551124982,77.92056841493668,38.879172327213546,-40.09089010313188,-9.333527858006937,19.625912776490598,-43.20901506653203,50.67448067906636,-72.60224415344281,-37.049900392958044,10.67881240529878,-7.223157774086673,31.55397910455269,-82.1081965624478,-14.342474396270068,-29.29371417129,-51.89428407301913,3.8195508766309882,-1.0319848596104209,-21.204196835500937,26.95391380872936,-14.261244020209228,7.774459395288218,16.1665705739193,-24.070526661426506,-2.2240040959408764
-16.11648284397738,-70.28891445667469,90.3587023392631,120.50580277890641,-44.86925253943442,51.879590252747086,-47.99187121330789,-20.985564507356816,22.002938102950022,-41.55451085797985,12.849592960246493,-42.09398371618159,-97.11859081079388,5.2019490577899825,-31.634544321054275,43.6430614058665,-157.2854669004534,-42.483261468235945,-24.943252922092974,-119.56759417868918,-60.03537672440344,61.72666022439219,13.994041324366739,-30.251497012478854,65.62972505617611,-77.80101584679367,111.2951355761258,56.2848438425536,-15.897639914024776,10.51342655256446,-47.92026238610368,125.1474088895941,21.336639335044417,45.010965834055945,79.32936323140007,-5.550453513365723,1.6222109837532328,31.95721540420702,-41.28565064686751,22.117544843358395,-11.965751012870054,-24.070526661426506,37.82163952284684,3.627127058417711
-1.3110232714984817,-6.587124037667769,8.70408017222794,11.45433223476929,-4.398082683335289,4.90537353945448,-4.528726730597662,-1.977887322931249,2.2509100325362668,-4.118573166717099,1.6417663496605237,-4.098604408403131,-8.765861597790868,0.6632705121255219,-2.8447440393541625,4.366422727651706,-15.139892894009147,-4.263060145695167,-2.5469612221903373,-11.364837985438193,-5.4799512968151705,5.817355006721208,1.42782043865965,-2.7172992895776797,6.013578609397665,-7.090395518167864,10.619084830022345,5.11741425756919,-1.6347127507471686,1.1201678909284967,-4.609838359188777,11.94903863249262,1.6212428903124023,4.241454129046543,7.390148755170888,-0.2980440122589432,0.048854840757426014,3.0677280831296883,-3.735310068295531,1.9265301672896984,-0.9185382623932973,-2.2240040959408764,3.627127058417711,0.58708565887836
