V1,V2,V3,V4,V5,V6,V7,V8,V9,V10,V11,V12,V13,V14,V15,V16,V17,V18,V19,V20,V21,V22,V23,V24,V25,V26,V27,V28,V29,V30,V31,V32,V33,V34,V35,V36,V37,V38,V39,V40,V41,V42,V43,V44
317.1123960030351,1383.8327548929062,-1782.1619465598185,-2370.895189306783,879.9502177868634,-1023.5115995436148,939.4227424866078,404.5567926831533,-434.3103983330983,822.1532367577109,-246.07453434793243,828.8373037965378,1917.8030808511805,-98.74047540808965,625.5279131292921,-855.8341754904473,3093.0505702477576,839.0450048878253,496.4258260648557,2351.4597670674216,1178.2061053442565,-1214.0811775427865,-278.65879262638435,593.7105504121125,-1299.320861458078,1528.962780432945,-2189.517558155171,-1111.3979150457235,317.31439336752373,-212.347807912516,948.1162341599971,-2468.322893246091,-426.99814644153207,-885.0687191844494,-1563.1914796729347,111.44716893981261,-32.68253902265981,-635.1757749484356,812.9444428587635,-433.6082825341907,234.444800417079,478.41501752154164,-734.4651264975221,-69.32862923156989
1383.8327548929062,6041.1751611783775,-7778.79875740412,-10347.273444718081,3840.3918891683393,-4468.81623308068,4101.997490908726,1764.9006100229867,-1895.7278434692591,3588.425428548134,-1073.9300089028175,3616.5147288732287,8368.993692054639,-432.10276876344574,2731.5176741468317,-3735.184819258095,13501.616776408116,3661.2714718534608,2164.6913261449527,10263.67154521797,5143.1483706171375,-5299.231653605246,-1217.3460119443564,2591.2004728122743,-5669.030165168775,6674.604506200582,-9558.037365751241,-4849.377031712479,1385.4220990554559,-926.6071598815805,4138.819150240174,-10772.626717905492,-1864.0983093603388,-3861.5047286502972,-6822.46262284907,485.727021349813,-144.29092425888362,-2772.155124960366,3546.3263604816007,-1893.6518830118907,1024.222071837404,2090.5141909149856,-3205.293429863081,-303.9763803201459
-1782.1619465598185,-7778.79875740412,10016.96392592174,13325.15876310684,-4945.640315022502,5753.797295192369,-5281.311250506144,-2273.2329043289296,2441.1659925433687,-4620.988276005124,1383.0119262728886,-4657.792843300571,-10778.046009607757,555.7936197827096,-3516.74000841694,4810.1042972617015,-17385.7763217673,-4715.3077780296535,-2788.7783600660005,-13216.78951295315,-6622.684508184378,6823.956954590845,1567.0081947646572,-3336.889769966868,7301.464206941573,-8594.509052546544,12307.439694640601,6245.627225759084,-1783.798060015973,1193.349007095239,-5329.405779584134,13872.858568876707,2400.2526095909075,4973.497377806335,8785.795628817803,-625.8922652722246,184.8373051007113,3569.9198197072374,-4567.883023410824,2437.8966158475196,-1318.3949912971586,-2690.6676240207544,4127.829082486588,390.6414528813905
-2370.895189306783,-10347.273444718081,13325.15876310684,17726.602118525396,-6579.230660264686,7653.280697024091,-7024.617338955079,-3024.492260187481,3247.3627070980474,-6147.184988061385,1839.8446491609438,-6196.746530819575,-14338.617273188393,738.734374922606,-4677.515300355782,6398.892542223253,-23127.034773969655,-6273.146379294515,-3710.96034565749,-17581.756685977613,-8809.618961484626,9077.634836994934,2083.9561708399046,-4439.072623031163,9714.080320980918,-11432.407798597676,16371.43403226648,8309.204416361268,-2372.6878147484003,1587.5986784004133,-7089.250441183703,18455.123179280657,3192.7869435822113,6616.943420025928,11687.70294392426,-833.0033774633749,244.98226174337947,4749.060684928732,-6077.580565937211,3242.467483659962,-1753.3092341000324,-3578.0127269706686,5491.347573037543,518.9105147366585
879.9502177868634,3840.3918891683393,-4945.640315022502,-6579.230660264686,2441.9123427939826,-2840.501553318551,2607.173473775853,1122.5427811622642,-1205.275459616229,2281.5446743711736,-682.8642158708689,2299.9487753694293,5321.795336065286,-274.19165084174847,1736.0485684342775,-2374.9441493033473,8583.598929390211,2328.29775758401,1377.364069202778,6525.470638604585,3269.704392567683,-3369.1659963244524,-773.4664928428817,1647.5607615545402,-3605.3942043641696,4243.14968227614,-6076.265345095354,-3083.9713643768955,880.6096378923326,-589.2238184319582,2631.188171509147,-6849.647967357333,-1184.9997677026063,-2455.8654665358545,-4337.902833707135,309.162436439839,-90.89033352579087,-1762.6024118551443,2255.725634959361,-1203.4275405494138,650.7464297194176,1327.9726538241437,-2038.1174791598273,-192.58000603650714
-1023.5115995436148,-4468.81623308068,5753.797295192369,7653.280697024091,-2840.501553318551,3305.9513942011718,-3034.6809265639467,-1305.1788390790853,1402.2362927234758,-2654.241694344636,794.3194456509402,-2674.6670321314077,-6189.793315950441,319.9519406191111,-2020.8279000849743,2762.717872763842,-9987.197440315707,-2707.83197578418,-1600.4997484684488,-7591.832263409327,-3804.4226711915258,3919.7471078184662,900.763986328979,-1916.5707078282867,4192.580870472924,-4937.341048156627,7070.241916351566,3586.4801415861293,-1024.908963473684,685.3277758875978,-3061.518562848014,7967.925659833082,1378.9428303187124,2855.7788451875767,5046.258354514385,-359.0528117363328,107.2549961054282,2050.4296955751943,-2622.505834447514,1401.0254468790613,-757.8685310641802,-1547.017490046019,2370.73334134269,225.25314651221026
939.4227424866078,4101.997490908726,-5281.311250506144,-7024.617338955079,2607.173473775853,-3034.6809265639467,2785.743892587345,1197.862852913975,-1287.081617262836,2436.253783636396,-729.0530880362179,2454.8414552574873,5681.217951585185,-293.8490529627169,1855.0785628619344,-2535.7833983882797,9167.188346183479,2485.3257357793536,1468.7697541301543,6968.413666667066,3492.0787152910516,-3597.864036819992,-826.9435909898173,1759.128894188166,-3847.9691256454075,4532.039560702822,-6489.80442483563,-3291.725440981893,940.8035932156763,-629.016002114033,2810.1616355340275,-7313.4512799303075,-1265.7505663650404,-2621.0143536098167,-4631.791467620744,329.4612061768697,-98.68637609224712,-1882.0101057480902,2406.843343783012,-1286.1222030380713,695.7638774666771,1420.3027264616778,-2175.9912498051854,-206.95260734858354
404.5567926831533,1764.9006100229867,-2273.2329043289296,-3024.492260187481,1122.5427811622642,-1305.1788390790853,1197.862852913975,516.2599610848316,-553.9774461850404,1048.7316421805683,-313.9171762471025,1057.536184637149,2446.709516893871,-125.67750347982744,797.5865369000344,-1091.7455284748273,3945.06912337332,1070.5045448545973,633.7550847497461,2999.3913342058463,1502.7387451451427,-1548.6096541847246,-355.18673483402165,757.3753096987507,-1657.8985426924382,1950.0362949968312,-2792.536639817145,-1418.0444272141933,404.6384402172409,-270.91045899669996,1209.26290994954,-3148.749282389703,-544.5759047455316,-1129.3444923332693,-1994.0657520043558,142.33987757455944,-41.26504471745344,-810.251366969382,1037.4589552951234,-552.8236503574416,298.8242129290883,609.6653645887444,-936.9651548420487,-88.09664743509231
-434.3103983330983,-1895.7278434692591,2441.1659925433687,3247.3627070980474,-1205.275459616229,1402.2362927234758,-1287.081617262836,-553.9774461850404,594.9422489676642,-1126.1610077110067,337.0607792914375,-1135.10886579714,-2626.624277148867,135.47065484107523,-857.0354477912128,1172.2370656023843,-4237.011968746075,-1149.1116997826357,-679.604861762967,-3220.96653859053,-1613.9875248208114,1663.0227321382336,381.9106569805949,-813.2126323476563,1779.3488755585515,-2094.5196871200874,2999.4028189819264,1522.0582511459997,-434.7222927993925,290.8101513599436,-1298.81635694778,3380.8496080460186,584.9489632016323,1212.0318394686399,2141.1137230994696,-152.50441730641427,45.05999598997509,869.9972638075699,-1113.1961196868058,594.1410125687178,-321.31904678235173,-655.7831949375901,1005.9552799720027,95.21587968784563
822.1532367577109,3588.425428548134,-4620.988276005124,-6147.184988061385,2281.5446743711736,-2654.241694344636,2436.253783636396,1048.7316421805683,-1126.1610077110067,2131.756580964131,-638.0236652923891,2148.7967284735164,4972.203188050466,-256.3371908158192,1622.2506710468026,-2219.000018729714,8020.299666127159,2175.3087960653806,1286.6413244658218,6097.1200371107425,3055.1329439205633,-3148.007870867325,-722.8336945175489,1539.378367399271,-3368.4174220694526,3964.73494388816,-5677.566256005818,-2881.307666847768,822.86859514477635,-550.5185855326304,2458.5260123608346,-6399.852195467626,-1107.2579574071074,-2294.444957906737,-4053.067387911427,288.7676295774839,-85.1621746146189,-1646.8727898532381,2107.370209901034,-1124.580516589711,608.1499467360605,1241.1225204477266,-1904.2606762454004,-180.12405731528895
-246.07453434793243,-1073.9300089028175,1383.0119262728886,1839.8446491609438,-682.8642158708689,794.3194456509402,-729.0530880362179,-313.9171762471025,337.0607792914375,-638.0236652923891,190.98437723913307,-643.1655556848945,-1488.2140695619898,76.66886201300684,-485.43979252896776,664.1512119463034,-2400.3840529036975,-651.06888872883,-385.148081004939,-1824.7953507377078,-914.3512136095915,942.1583291548626,216.29588731786373,-460.7547358409154,1008.2053429311012,-1186.551361038593,1699.2094739641684,862.4185730900623,-246.26274250173304,164.76690492395804,-735.8060398393187,1915.4524746087832,331.3709325034109,686.7916036996792,1213.0496675666132,-86.44856405587292,25.418474485751997,492.9092726916979,-630.8100446957387,336.54022475079336,-181.98040633440692,-371.3906306709054,569.9458924944762,53.85696100532168
828.8373037965378,3616.5147288732287,-4657.792843300571,-6196.746530819575,2299.9487753694293,-2674.6670321314077,2454.8414552574873,1057.536184637149,-1135.10886579714,2148.7967284735164,-643.1655556848945,2166.5294551680067,5012.720935415094,-257.83076237058185,1634.57366509523,-2236.8492638649986,8083.623459501738,2193.162246623135,1297.973264086155,6145.66634771232,3079.220247043505,-3173.06898242025,-728.0709467613211,1551.7544750436678,-3396.367567715413,3995.8472406340948,-5722.1716052416905,-2905.0678785539485,829.2024943493924,-555.0179386466676,2477.8839456020573,-6451.390575464102,-1115.9122667454462,-2313.514127644926,-4085.6337186198725,291.43460292020984,-85.00313112617289,-1660.1056053127259,2125.1684769026133,-1133.005356319489,612.5423674075147,1249.835616432384,-1919.670130836487,-180.8808345989344
1917.8030808511805,8368.993692054639,-10778.046009607757,-14338.617273188393,5321.795336065286,-6189.793315950441,5681.217951585185,2446.709516893871,-2626.624277148867,4972.203188050466,-1488.2140695619898,5012.720935415094,11598.503964843883,-597.1008967266423,3782.924387495664,-5175.877430165112,18705.865660746953,5074.435931653796,3002.463271375877,14220.978835860633,7125.466957382556,-7342.434316826351,-1685.2049291338446,3590.626825060151,-7858.106976034188,9246.724234322151,-13241.552733133603,-6721.537828387767,1918.974623809152,-1284.2122410720713,5733.964116661203,-14927.865031804551,-2582.348874279121,-5352.731366526793,-9453.814117489299,674.0462541450556,-197.48853825238822,-3841.3654707230685,4916.653985848569,-2622.2511381030827,1417.813202327187,2893.1667782905624,-4441.866052670749,-419.1801309279052
-98.74047540808965,-432.10276876344574,555.7936197827096,738.734374922606,-274.19165084174847,319.9519406191111,-293.8490529627169,-125.67750347982744,135.47065484107523,-256.3371908158192,76.66886201300684,-257.83076237058185,-597.1008967266423,31.397425320513086,-195.72843899523264,266.7016566860435,-965.1782764902479,-261.1168511315183,-153.67837180990995,-733.3451868020155,-367.7096634270354,378.63219268237316,87.46740184929492,-185.02443121936503,404.00078010553415,-477.34277030497407,683.4826879553289,345.72419087820134,-99.18192137842311,66.08881624141897,-295.92586892669317,769.1792245573599,133.34029021915308,275.13868313604917,487.19911731812215,-34.36088799427957,11.071975574834706,197.94725872351452,-252.44280354893684,135.7858456799561,-73.6056359123542,-150.45141687704344,228.79207156192072,22.349101077794092
625.5279131292921,2731.5176741468317,-3516.74000841694,-4677.515300355782,1736.0485684342775,-2020.8279000849743,1855.0785628619344,797.5865369000344,-857.0354477912128,1622.2506710468026,-485.43979252896776,1634.57366509523,3782.924387495664,-195.72843899523264,1235.3598250206928,-1688.512629463256,6104.321293288353,1654.902740440491,977.9195578878301,4640.160178746772,2325.3439863861818,-2395.7646858646117,-550.7042195699488,1171.3555567156336,-2562.190413292945,3017.8796488237062,-4321.5086885097135,-2191.8053457574647,626.4866303151722,-418.84627495368403,1871.262638366039,-4869.844956281317,-842.8723508548984,-1745.1906924713917,-3084.214046016343,219.35791931201334,-65.81204601267955,-1253.182100831391,1602.5532375046266,-856.4618178015354,463.34374772175687,945.8610563027808,-1448.9227108354246,-137.88575498827876
-855.8341754904473,-3735.184819258095,4810.1042972617015,6398.892542223253,-2374.9441493033473,2762.717872763842,-2535.7833983882797,-1091.7455284748273,1172.2370656023843,-2219.000018729714,664.1512119463034,-2236.8492638649986,-5175.877430165112,266.7016566860435,-1688.512629463256,2309.8654699492586,-8348.429437242781,-2264.4280134153923,-1339.4875937815991,-6346.63901618117,-3180.104838483315,3276.833320086775,752.3026505411468,-1602.4147577956658,3506.4889583915997,-4126.886501505201,5909.80031563009,2999.389131508505,-856.509582430665,573.0826028026962,-2559.0959205489876,6661.864563197027,1152.537042846589,2388.533509019014,4218.986360968535,-300.66894959755314,88.5006506489532,1714.3119196457149,-2193.808569836969,1170.5064448003575,-632.9414225017993,-1291.6887578279898,1982.241178994968,187.37068605157864
3093.0505702477576,13501.616776408116,-17385.7763217673,-23127.034773969655,8583.598929390211,-9987.197440315707,9167.188346183479,3945.06912337332,-4237.011968746075,8020.299666127159,-2400.3840529036975,8083.623459501738,18705.865660746953,-965.1782764902479,6104.321293288353,-8348.429437242781,30175.977667525112,8183.500796384877,4839.1921852248515,22939.525989244125,11494.807049845902,-11843.908326035169,-2720.2697763057813,5791.553526228069,-12671.550125540858,14917.367557072028,-21361.86139740779,-10839.33308776007,3096.250729779172,-2071.1005632541987,9250.143399553845,-24077.648693834308,-4166.12941146494,-8631.429914516162,-15248.63365933978,1085.9565497613346,-321.6442180690187,-6195.972772070703,7927.192122062433,-4231.840998255149,2288.7016162833697,4671.211143577747,-7164.1531121378275,-678.6826689490465
839.0450048878253,3661.2714718534608,-4715.3077780296535,-6273.146379294515,2328.29775758401,-2707.83197578418,2485.3257357793536,1070.5045448545973,-1149.1116997826357,2175.3087960653806,-651.06888872883,2193.162246623135,5074.435931653796,-261.1168511315183,1654.902740440491,-2264.4280134153923,8183.500796384877,2220.168603091177,1313.8142301951061,6221.559271379807,3117.282097257348,-3212.257497806895,-737.1537823165191,1570.8699563852751,-3438.1169016210097,4045.2867017057793,-5792.916130990305,-2940.7785306127444,839.4783285499431,-561.8609034979906,2508.5091687983504,-6530.943134821973,-1129.7288229035973,-2341.9147559951816,-4136.042166925719,294.9761586636201,-86.21513196505501,-1680.5785797229953,2151.20472377563,-1147.0863664918395,620.1827732036784,1265.4522367657532,-1943.32509981774,-183.2401495017361
496.4258260648557,2164.6913261449527,-2788.7783600660005,-3710.96034565749,1377.364069202778,-1600.4997484684488,1468.7697541301543,633.7550847497461,-679.604861762967,1286.6413244658218,-385.148081004939,1297.973264086155,3002.463271375877,-153.67837180990995,977.9195578878301,-1339.4875937815991,4839.1921852248515,1313.8142301951061,778.5747736251972,3679.601384169785,1843.3185141134788,-1899.8202989769222,-435.25428099886557,929.1993746591162,-2034.9912283724336,2391.8501568670135,-3425.248258522818,-1740.4147961855178,496.1804884130509,-332.45420693889275,1483.2921209119736,-3863.4093055571216,-667.9176434053484,-1386.1766494572469,-2446.5896524216223,174.94920035600606,-49.79671011725085,-994.1010967334392,1273.7251781782802,-677.6696127899125,366.16636497897804,746.7841761619741,-1149.6895260433096,-107.40434144717872
2351.4597670674216,10263.67154521797,-13216.78951295315,-17581.756685977613,6525.470638604585,-7591.832263409327,6968.413666667066,2999.3913342058463,-3220.96653859053,6097.1200371107425,-1824.7953507377078,6145.66634771232,14220.978835860633,-733.3451868020155,4640.160178746772,-6346.63901618117,22939.525989244125,6221.559271379807,3679.601384169785,17438.790845047046,8738.245459640411,-9003.819983774669,-2067.5829179886478,4402.823166910098,-9633.841990733166,11339.959549967483,-16238.948853536023,-8240.724607215521,2353.62661262236,-1574.557130462553,7031.830535772083,-18304.412033417924,-3167.0049692277994,-6562.22256774742,-11592.343477286066,825.8247027621111,-243.9064192608042,-4710.294740643951,6027.02342418665,-3216.675685720833,1739.5498928295613,3550.188191151212,-5446.423352824762,-515.437340050864
1178.2061053442565,5143.1483706171375,-6622.684508184378,-8809.618961484626,3269.704392567683,-3804.4226711915258,3492.0787152910516,1502.7387451451427,-1613.9875248208114,3055.1329439205633,-914.3512136095915,3079.220247043505,7125.466957382556,-367.7096634270354,2325.3439863861818,-3180.104838483315,11494.807049845902,3117.282097257348,1843.3185141134788,8738.245459640411,4378.687528532007,-4511.646156740439,-1036.259905335165,2206.124075439881,-4826.840915758396,5682.44880706813,-8137.307601771706,-4128.914447064263,1179.4463251606717,-788.923322149163,3523.6305667920997,-9171.753329379659,-1586.9957226108525,-3287.84849546375,-5808.578071235593,413.6395246060527,-122.56929534619698,-2360.184218015065,3019.6008802502242,-1612.0425365740234,871.8594696454632,1779.4515585122795,-2728.989237305594,-258.57084844781156
-1214.0811775427865,-5299.231653605246,6823.956954590845,9077.634836994934,-3369.1659963244524,3919.7471078184662,-3597.864036819992,-1548.6096541847246,1663.0227321382336,-3148.007870867325,942.1583291548626,-3173.06898242025,-7342.434316826351,378.63219268237316,-2395.7646858646117,3276.833320086775,-11843.908326035169,-3212.257497806895,-1899.8202989769222,-9003.819983774669,-4511.646156740439,4648.774028340891,1067.517613903549,-2273.208900823043,4974.062392903965,-5854.933446039869,8384.331735913436,4254.767499789169,-1215.2018701337001,812.9648297924127,-3630.6063489247863,9450.750921148629,1635.1589856130397,3388.1351816619203,5985.248459985934,-426.3748817968243,125.93451635444262,2431.9740044969917,-3111.8156261007825,1660.8017582587713,-898.146071575633,-1832.9924437059442,2812.0362004999083,266.11776310178044
-278.65879262638435,-1217.3460119443564,1567.0081947646572,2083.9561708399046,-773.4664928428817,900.763986328979,-826.9435909898173,-355.18673483402165,381.9106569805949,-722.8336945175489,216.29588731786373,-728.0709467613211,-1685.2049291338446,87.46740184929492,-550.7042195699488,752.3026505411468,-2720.2697763057813,-737.1537823165191,-435.25428099886557,-2067.5829179886478,-1036.259905335165,1067.517613903549,245.63058138083076,-521.899942354304,1141.1491212154158,-1344.9327858696863,1925.9008763009404,976.2667890480036,-279.249853103569,186.56836533684015,-833.9272737953481,2169.6771077856556,375.6408623370163,777.2703963767603,1374.1423549024394,-97.5655671033127,29.694598181938268,558.3457516414626,-713.629909860191,381.86963817269873,-206.67308654148525,-422.0198163647466,645.5049604844332,61.749266621866965
593.7105504121125,2591.2004728122743,-3336.889769966868,-4439.072623031163,1647.5607615545402,-1916.5707078282867,1759.128894188166,757.3753096987507,-813.2126323476563,1539.378367399271,-460.7547358409154,1551.7544750436678,3590.626825060151,-185.02443121936503,1171.3555567156336,-1602.4147577956658,5791.553526228069,1570.8699563852751,929.1993746591162,4402.823166910098,2206.124075439881,-2273.208900823043,-521.899942354304,1111.6681151119278,-2432.4972977938355,2862.932812689193,-4099.804323760384,-2080.7374125434917,594.1877452022189,-397.550103052294,1775.3233611380101,-4621.492238121038,-799.5487288676412,-1656.9890681726959,-2926.8008475185757,208.58379416706026,-61.407226134237845,-1189.2582443900933,1521.885230153674,-812.0254587265431,439.0999988816238,896.1188533744736,-1375.1268817995435,-130.00741033299016
-1299.320861458078,-5669.030165168775,7301.464206941573,9714.080320980918,-3605.3942043641696,4192.580870472924,-3847.9691256454075,-1657.8985426924382,1779.3488755585515,-3368.4174220694526,1008.2053429311012,-3396.367567715413,-7858.106976034188,404.00078010553415,-2562.190413292945,3506.4889583915997,-12671.550125540858,-3438.1169016210097,-2034.9912283724336,-9633.841990733166,-4826.840915758396,4974.062392903965,1141.1491212154158,-2432.4972977938355,5324.446520742035,-6263.669850039359,8969.760637704949,4554.171558606183,-1299.7892551750597,870.0938379656504,-3884.1880667195937,10113.23639343659,1749.241142369032,3626.854952504292,6404.661756486172,-456.95601883267506,133.0303803550909,2602.3941876710437,-3331.64629817176,1775.9252919202765,-960.0619881908319,-1958.8402646718375,3009.3116706535666,283.3349981717821
1528.962780432945,6674.604506200582,-8594.509052546544,-11432.407798597676,4243.14968227614,-4937.341048156627,4532.039560702822,1950.0362949968312,-2094.5196871200874,3964.73494388816,-1186.551361038593,3995.8472406340948,9246.724234322151,-477.34277030497407,3017.8796488237062,-4126.886501505201,14917.367557072028,4045.2867017057793,2391.8501568670135,11339.959549967483,5682.44880706813,-5854.933446039869,-1344.9327858696863,2862.932812689193,-6263.669850039359,7374.4703479360005,-10560.240975938348,-5358.012195950094,1530.6692371573718,-1023.7888226395868,4572.800167976149,-11902.36934276572,-2059.5572270772464,-4266.534571255331,-7537.938404020919,536.7113340396617,-159.29960039098154,-3062.862028710066,3918.350979185727,-2092.1502801817464,1131.5647607903732,2309.5617066198374,-3541.442865201575,-335.7522565710437
-2189.517558155171,-9558.037365751241,12307.439694640601,16371.43403226648,-6076.265345095354,7070.241916351566,-6489.80442483563,-2792.536639817145,2999.4028189819264,-5677.566256005818,1699.2094739641684,-5722.1716052416905,-13241.552733133603,683.4826879553289,-4321.5086885097135,5909.80031563009,-21361.86139740779,-5792.916130990305,-3425.248258522818,-16238.948853536023,-8137.307601771706,8384.331735913436,1925.9008763009404,-4099.804323760384,8969.760637704949,-10560.240975938348,15122.36470573525,7672.854918960455,-2191.925729190755,1466.0856363729345,-6548.296954755716,17044.400540494957,2949.2773988608137,6109.873235219413,10794.430170788117,-768.6011719476537,228.02498072475342,4386.092215251524,-5611.2698438701855,2995.9410284157552,-1620.3653885384783,-3307.2391960816262,5071.422607510466,480.72022131814765
-1111.3979150457235,-4849.377031712479,6245.627225759084,8309.204416361268,-3083.9713643768955,3586.4801415861293,-3291.725440981893,-1418.0444272141933,1522.0582511459997,-2881.307666847768,862.4185730900623,-2905.0678785539485,-6721.537828387767,345.72419087820134,-2191.8053457574647,2999.389131508505,-10839.33308776007,-2940.7785306127444,-1740.4147961855178,-8240.724607215521,-4128.914447064263,4254.767499789169,976.2667890480036,-2080.7374125434917,4554.171558606183,-5358.012195950094,7672.854918960455,3895.4044908545025,-1111.891701345483,744.2306541877183,-3322.5751930799333,8650.646669575293,1496.3214441220168,3102.1984179588744,5478.413272424498,-390.7746796274072,114.00714664807266,2226.044594048019,-2849.6121723657025,1519.2612415139083,-821.3557109663751,-1675.9205141735579,2574.0918246413194,242.54790915691314
317.31439336752373,1385.4220990554559,-1783.798060015973,-2372.6878147484003,880.6096378923326,-1024.908963473684,940.8035932156763,404.6384402172409,-434.7222927993925,822.86859514477635,-246.26274250173304,829.2024943493924,1918.974623809152,-99.18192137842311,626.4866303151722,-856.509582430665,3096.250729779172,839.4783285499431,496.1804884130509,2353.62661262236,1179.4463251606717,-1215.2018701337001,-279.249853103569,594.1877452022189,-1299.7892551750597,1530.6692371573718,-2191.925729190755,-1111.891701345483,317.7471159435639,-212.4693661007295,949.1350215544787,-2470.2224245352545,-427.4987777735907,-885.3713612360995,-1564.4419298431587,111.31785502899325,-33.25411178948672,-635.6846437927745,813.0366970318483,-434.34987609745906,234.95099001595355,479.6102946498964,-734.979315056251,-69.8330915334525
-212.347807912516,-926.6071598815805,1193.349007095239,1587.5986784004133,-589.2238184319582,685.3277758875978,-629.016002114033,-270.91045899669996,290.8101513599436,-550.5185855326304,164.76690492395804,-555.0179386466676,-1284.2122410720713,66.08881624141897,-418.84627495368403,573.0826028026962,-2071.1005632541987,-561.8609034979906,-332.45420693889275,-1574.557130462553,-788.923322149163,812.9648297924127,186.56836533684015,-397.550103052294,870.0938379656504,-1023.7888226395868,1466.0856363729345,744.2306541877183,-212.4693661007295,142.20462368082042,-634.8541488493031,1652.8273093851592,285.9196330733055,592.681697547826,1046.7423011306435,-74.64675995384906,21.860889658252926,425.32776244800664,-544.3886181984982,290.3261029176022,-156.96281099849628,-320.2895845695448,491.8085488372286,46.39542391447881
948.1162341599971,4138.819150240174,-5329.405779584134,-7089.250441183703,2631.188171509147,-3061.518562848014,2810.1616355340275,1209.26290994954,-1298.81635694778,2458.5260123608346,-735.8060398393187,2477.8839456020573,5733.964116661203,-295.92586892669317,1871.262638366039,-2559.0959205489876,9250.143399553845,2508.5091687983504,1483.2921209119736,7031.830535772083,3523.6305667920997,-3630.6063489247863,-833.9272737953481,1775.3233611380101,-3884.1880667195937,4572.800167976149,-6548.296954755716,-3322.5751930799333,949.1350215544787,-634.8541488493031,2835.5607970757374,-7380.658467464511,-1277.0938603670459,-2645.767748187804,-4674.255159418909,332.8474767196408,-98.67723626608803,-1899.28623504724,2429.8882609563025,-1297.272401536925,701.6278081028155,1432.0347077554636,-2196.053553060771,-208.1180026989709
-2468.322893246091,-10772.626717905492,13872.858568876707,18455.123179280657,-6849.647967357333,7967.925659833082,-7313.4512799303075,-3148.749282389703,3380.8496080460186,-6399.852195467626,1915.4524746087832,-6451.390575464102,-14927.865031804551,769.1792245573599,-4869.844956281317,6661.864563197027,-24077.648693834308,-6530.943134821973,-3863.4093055571216,-18304.412033417924,-9171.753329379659,9450.750921148629,2169.6771077856556,-4621.492238121038,10113.23639343659,-11902.36934276572,17044.400540494957,8650.646669575293,-2470.2224245352545,1652.8273093851592,-7380.658467464511,19213.630868690154,3324.030736354136,6888.794387052699,12168.0752047543,-867.1856806111218,255.11496703222952,4944.228419677161,-6327.286656784769,3375.784850799995,-1825.4308070728864,-3725.1964071066773,5717.035032792266,540.2989346634276
-426.99814644153207,-1864.0983093603388,2400.2526095909075,3192.7869435822113,-1184.9997677026063,1378.9428303187124,-1265.7505663650404,-544.5759047455316,584.9489632016323,-1107.2579574071074,331.3709325034109,-1115.9122667454462,-2582.348874279121,133.34029021915308,-842.8723508548984,1152.537042846589,-4166.12941146494,-1129.7288229035973,-667.9176434053484,-3167.0049692277994,-1586.9957226108525,1635.1589856130397,375.6408623370163,-799.5487288676412,1749.241142369032,-2059.5572270772464,2949.2773988608137,1496.3214441220168,-427.4987777735907,285.9196330733055,-1277.0938603670459,3324.030736354136,575.20647921052,1191.5023989372257,2105.1650848088548,-149.87534915529784,44.5486190102653,855.3830851642346,-1094.2397400177676,584.3270086486486,-316.0463496955651,-645.0752665155047,989.0269818252293,93.81114826182308
-885.0687191844494,-3861.5047286502972,4973.497377806335,6616.943420025928,-2455.8654665358545,2855.7788451875767,-2621.0143536098167,-1129.3444923332693,1212.0318394686399,-2294.444957906737,686.7916036996792,-2313.514127644926,-5352.731366526793,275.13868313604917,-1745.1906924713917,2388.533509019014,-8631.429914516162,-2341.9147559951816,-1386.1766494572469,-6562.22256774742,-3287.84849546375,3388.1351816619203,777.2703963767603,-1656.9890681726959,3626.854952504292,-4266.534571255331,6109.873235219413,3102.1984179588744,-885.3713612360995,592.681697547826,-2645.767748187804,6888.794387052699,1191.5023989372257,2470.588431253212,4362.616354834453,-311.2906530183838,90.58115777201733,1772.6867007817473,-2269.4623652192286,1209.684560374382,-653.9327850287596,-1334.2678591264375,2049.8560752074727,192.97479031933358
-1563.1914796729347,-6822.46262284907,8785.795628817803,11687.70294392426,-4337.902833707135,5046.258354514385,-4631.791467620744,-1994.0657520043558,2141.1137230994696,-4053.067387911427,1213.0496675666132,-4085.6337186198725,-9453.814117489299,487.19911731812215,-3084.214046016343,4218.986360968535,-15248.63365933978,-4136.042166925719,-2446.5896524216223,-11592.343477286066,-5808.578071235593,5985.248459985934,1374.1423549024394,-2926.8008475185757,6404.661756486172,-7537.938404020919,10794.430170788117,5478.413272424498,-1564.4419298431587,1046.7423011306435,-4674.255159418909,12168.0752047543,2105.1650848088548,4362.616354834453,7706.114227444561,-549.1529023504784,161.68560197259413,3131.2042953534415,-4006.9780099807604,2137.9815919794637,-1156.1163300986052,-2359.3349895579604,3620.609520551358,342.2648130351708
111.44716893981261,485.727021349813,-625.8922652722246,-833.0033774633749,309.162436439839,-359.0528117363328,329.4612061768697,142.33987757455944,-152.50441730641427,288.7676295774839,-86.44856405587292,291.43460292020984,674.0462541450556,-34.36088799427957,219.35791931201334,-300.66894959755314,1085.9565497613346,294.9761586636201,174.94920035600606,825.8247027621111,413.6395246060527,-426.3748817968243,-97.5655671033127,208.58379416706026,-456.95601883267506,536.7113340396617,-768.6011719476537,-390.7746796274072,111.31785502899325,-74.64675995384906,332.8474767196408,-867.1856806111218,-149.87534915529784,-311.2906530183838,-549.1529023504784,39.36315562434909,-11.014174138407176,-223.13968508262244,286.0663246857846,-151.98333407615257,82.07713388752039,167.34611219613242,-258.07705817951575,-23.972913448163478
-32.68253902265981,-144.29092425888362,184.8373051007113,244.98226174337947,-90.89033352579087,107.2549961054282,-98.68637609224712,-41.26504471745344,45.05999598997509,-85.1621746146189,25.418474485751997,-85.00313112617289,-197.48853825238822,11.071975574834706,-65.81204601267955,88.5006506489532,-321.6442180690187,-86.21513196505501,-49.79671011725085,-243.9064192608042,-122.56929534619698,125.93451635444262,29.694598181938268,-61.407226134237845,133.0303803550909,-159.29960039098154,228.02498072475342,114.00714664807266,-33.25411178948672,21.860889658252926,-98.67723626608803,255.11496703222952,44.5486190102653,90.58115777201733,161.68560197259413,-11.014174138407176,4.703798598029875,65.7068382671613,-82.73298133208459,45.79676249370477,-25.00468304469116,-51.415184730828955,75.7934844747609,8.250330864008061
-635.1757749484356,-2772.155124960366,3569.9198197072374,4749.060684928732,-1762.6024118551443,2050.4296955751943,-1882.0101057480902,-810.251366969382,869.9972638075699,-1646.8727898532381,492.9092726916979,-1660.1056053127259,-3841.3654707230685,197.94725872351452,-1253.182100831391,1714.3119196457149,-6195.972772070703,-1680.5785797229953,-994.1010967334392,-4710.294740643951,-2360.184218015065,2431.9740044969917,558.3457516414626,-1189.2582443900933,2602.3941876710437,-3062.862028710066,4386.092215251524,2226.044594048019,-635.6846437927745,425.32776244800664,-1899.28623504724,4944.228419677161,855.3830851642346,1772.6867007817473,3131.2042953534415,-223.13968508262244,65.7068382671613,1272.3139286372252,-1628.155208351573,868.7293261832115,-469.7577318301761,-958.6759574318644,1471.1584530082112,139.0744358229782
812.9444428587635,3546.3263604816007,-4567.883023410824,-6077.580565937211,2255.725634959361,-2622.505834447514,2406.843343783012,1037.4589552951234,-1113.1961196868058,2107.370209901034,-630.8100446957387,2125.1684769026133,4916.653985848569,-252.44280354893684,1602.5532375046266,-2193.808569836969,7927.192122062433,2151.20472377563,1273.7251781782802,6027.02342418665,3019.6008802502242,-3111.8156261007825,-713.629909860191,1521.885230153674,-3331.64629817176,3918.350979185727,-5611.2698438701855,-2849.6121723657025,813.0366970318483,-544.3886181984982,2429.8882609563025,-6327.286656784769,-1094.2397400177676,-2269.4623652192286,-4006.9780099807604,286.0663246857846,-82.73298133208459,-1628.155208351573,2084.9190481065866,-1110.741382628743,600.3823157958394,1224.8500938861905,-1882.8019316185027,-176.872126900315
-433.6082825341907,-1893.6518830118907,2437.8966158475196,3242.467483659962,-1203.4275405494138,1401.0254468790613,-1286.1222030380713,-552.8236503574416,594.1410125687178,-1124.580516589711,336.54022475079336,-1133.005356319489,-2622.2511381030827,135.7858456799561,-856.4618178015354,1170.5064448003575,-4231.840998255149,-1147.0863664918395,-677.6696127899125,-3216.675685720833,-1612.0425365740234,1660.8017582587713,381.86963817269873,-812.0254587265431,1775.9252919202765,-2092.1502801817464,2995.9410284157552,1519.2612415139083,-434.34987609745906,290.3261029176022,-1297.272401536925,3375.784850799995,584.3270086486486,1209.684560374382,2137.9815919794637,-151.98333407615257,45.79676249370477,868.7293261832115,-1110.741382628743,593.8433954964898,-321.29902573598184,-655.9764780076853,1004.3827546755472,95.73063873705766
234.444800417079,1024.222071837404,-1318.3949912971586,-1753.3092341000324,650.7464297194176,-757.8685310641802,695.7638774666771,298.8242129290883,-321.31904678235173,608.1499467360605,-181.98040633440692,612.5423674075147,1417.813202327187,-73.6056359123542,463.34374772175687,-632.9414225017993,2288.7016162833697,620.1827732036784,366.16636497897804,1739.5498928295613,871.8594696454632,-898.146071575633,-206.67308654148525,439.0999988816238,-960.0619881908319,1131.5647607903732,-1620.3653885384783,-821.3557109663751,234.95099001595355,-156.96281099849628,701.6278081028155,-1825.4308070728864,-316.0463496955651,-653.9327850287596,-1156.1163300986052,82.07713388752039,-25.00468304469116,-469.7577318301761,600.3823157958394,-321.29902573598184,173.8971941052396,355.1008976909702,-543.0878847775416,-51.97366041271385
478.41501752154164,2090.5141909149856,-2690.6676240207544,-3578.0127269706686,1327.9726538241437,-1547.017490046019,1420.3027264616778,609.6653645887444,-655.7831949375901,1241.1225204477266,-371.3906306709054,1249.835616432384,2893.1667782905624,-150.45141687704344,945.8610563027808,-1291.6887578279898,4671.211143577747,1265.4522367657532,746.7841761619741,3550.188191151212,1779.4515585122795,-1832.9924437059442,-422.0198163647466,896.1188533744736,-1958.8402646718375,2309.5617066198374,-3307.2391960816262,-1675.9205141735579,479.6102946498964,-320.2895845695448,1432.0347077554636,-3725.1964071066773,-645.0752665155047,-1334.2678591264375,-2359.3349895579604,167.34611219613242,-51.415184730828955,-958.6759574318644,1224.8500938861905,-655.9764780076853,355.1008976909702,725.2627215110435,-1108.2629505536304,-106.3822881742726
-734.4651264975221,-3205.293429863081,4127.829082486588,5491.347573037543,-2038.1174791598273,2370.73334134269,-2175.9912498051854,-936.9651548420487,1005.9552799720027,-1904.2606762454004,569.9458924944762,-1919.670130836487,-4441.866052670749,228.79207156192072,-1448.9227108354246,1982.241178994968,-7164.1531121378275,-1943.32509981774,-1149.6895260433096,-5446.423352824762,-2728.989237305594,2812.0362004999083,645.5049604844332,-1375.1268817995435,3009.3116706535666,-3541.442865201575,5071.422607510466,2574.0918246413194,-734.979315056251,491.8085488372286,-2196.053553060771,5717.035032792266,989.0269818252293,2049.8560752074727,3620.609520551358,-258.07705817951575,75.7934844747609,1471.1584530082112,-1882.8019316185027,1004.3827546755472,-543.0878847775416,-1108.2629505536304,1701.1289927292116,160.67103530362962
-69.32862923156989,-303.9763803201459,390.6414528813905,518.9105147366585,-192.58000603650714,225.25314651221026,-206.95260734858354,-88.09664743509231,95.21587968784563,-180.12405731528895,53.85696100532168,-180.8808345989344,-419.1801309279052,22.349101077794092,-137.88575498827876,187.37068605157864,-678.6826689490465,-183.2401495017361,-107.40434144717872,-515.437340050864,-258.57084844781156,266.11776310178044,61.749266621866965,-130.00741033299016,283.3349981717821,-335.7522565710437,480.72022131814765,242.54790915691314,-69.8330915334525,46.39542391447881,-208.1180026989709,540.2989346634276,93.81114826182308,192.97479031933358,342.2648130351708,-23.972913448163478,8.250330864008061,139.0744358229782,-176.872126900315,95.73063873705766,-51.97366041271385,-106.3822881742726,160.67103530362962,16.091962660335913
