V1,V2,V3,V4,V5,V6,V7,V8,V9,V10,V11,V12,V13,V14,V15,V16,V17,V18,V19,V20,V21,V22,V23,V24,V25,V26,V27,V28,V29,V30,V31,V32,V33,V34,V35,V36,V37,V38,V39,V40,V41,V42,V43,V44
4.598645265543287,18.07215478242864,-22.658116799274293,-30.485169503630107,10.92257025796935,-13.17710828941901,12.040209956746189,5.126579440515058,-5.171386413911021,10.145850890374556,-1.9144993997795468,10.495915943873259,25.849938745853613,-0.7361732091893369,8.521095590730663,-10.375316462572899,39.16771512818657,10.305065622328168,6.089371254811535,30.136138498128787,15.685360346532532,-15.708850761597944,-3.37956697673235,8.004723279918469,-17.35435336119068,20.27508469667819,-27.952403251591708,-14.804512712462442,3.7975376166583215,-2.4532662548917714,12.146790388171636,-31.567953776395534,-6.6022885072489785,-11.471048139964005,-20.38880624000552,1.9716375142571478,-0.7142262357119692,-8.22319009854816,10.914263574882204,-5.983286059734302,3.5309662192304634,6.3173973744371725,-9.231855512708645,-0.3234508942256377
18.07215478242864,77.92796512688908,-100.0479016509481,-133.2499764177666,49.27376418391264,-57.54115003219018,52.79368343772978,22.69441395151686,-24.212738892934524,46.00580978713522,-13.217855179121447,46.50613875841221,108.36324235481543,-5.302075107067052,35.403655087021725,-47.79189731793333,173.5556763537206,46.92819196539692,27.75944815037383,132.11852305301346,66.49144861967103,-68.2882028982836,-15.572222871602328,33.54478953800678,-73.33553185296181,86.25169212010333,-122.9746732419201,-62.70647265385644,17.695293212057713,-11.796641934031486,53.27530915881489,-138.65222460304062,-24.54432732878318,-49.77094333384161,-88.00352934050721,6.521249923683015,-1.9829541819977208,-35.72309388209998,45.90973907393145,-24.57245596026457,13.436762006283196,26.98166203174658,-41.175385894238175,-3.6271812357947533
-22.658116799274293,-100.0479016509481,129.1923578466015,171.66220912754397,-63.93782404800237,74.1111388857986,-68.05763559474258,-29.328578627078294,31.68661295185748,-59.775026043218105,18.537656818431127,-60.09784541393322,-138.16219385977752,7.466191007825565,-45.027193642933355,62.330766610326215,-224.3160792523034,-61.02654553876775,-36.10014509563101,-170.32140983808864,-85.00530612372162,87.85353086803039,20.302528336331928,-42.77064520975852,93.6917737688083,-110.36054412877438,158.66291396644453,80.16452018069005,-23.142593359347995,15.535390176906429,-68.67997044075703,178.81578213572877,30.277356790363235,64.02082067587288,113.01684673245182,-7.75235433875302,2.2098388903415325,45.9587326177006,-58.58164316282979,31.168477250964497,-16.683509618051655,-34.56182866941135,53.299916712519135,5.358122347913988
-30.485169503630107,-133.2499764177666,171.66220912754397,228.32972787573408,-84.77953248609812,98.58517494465224,-90.4911137562863,-38.96454435397593,41.86980621227319,-79.22241567578922,23.832706846355585,-79.82784331633474,-184.55840815575024,9.571674834482614,-60.200591590844674,82.48978415365433,-297.9640653804169,-80.84469934783579,-47.81577165507387,-226.47733993819338,-113.41541519310482,116.91552263871051,26.865605202058628,-57.14142830132197,125.04699186663024,-147.18977479281492,210.9001615507208,106.97001686049525,-30.596535087905874,20.480020520967077,-91.31761292192026,237.72589768836787,41.00822004960019,85.22315745204979,150.51090255273542,-10.671459895747537,3.1344990369578816,61.16692992397909,-78.22465898955006,41.72791593336438,-22.52978812421926,-46.07776547092719,70.75361692152126,6.749347233422548
10.92257025796935,49.27376418391264,-63.93782404800237,-84.77953248609812,31.785036995157583,-36.59270398447749,33.630569229149316,14.523505696535215,-15.862498243309949,29.7422159274461,-9.79210824201766,29.768256138388224,67.63149656893694,-3.9636230302134132,21.99552795549286,-31.100892303268438,111.09642009745444,30.38807739745467,17.982055064417924,84.1694822909652,41.715290298360614,-43.33818284110053,-10.13400119666104,20.939062526918207,-45.939063964195235,54.19928335330527,-78.46813101126331,-39.32821156141915,11.570552501250095,-7.808362174866344,33.947418680753536,-88.4043160288612,-14.390444976263689,-31.56625316184563,-55.67088560813527,3.5545108318446568,-0.9367883280284556,-22.66507889978945,28.700641125240207,-15.18575032956765,7.98163613656071,16.99017003503533,-26.431053082725693,-2.9365959378946918
-13.17710828941901,-57.54115003219018,74.1111388857986,98.58517494465224,-36.59270398447749,42.571249582112806,-39.07714389567402,-16.821042882914412,18.06312794558339,-34.1927775805271,10.25177955301392,-34.4611284532879,-79.71569958706989,4.119021640272746,-26.013199296535834,35.59678283298928,-128.6299250451209,-34.89608646234274,-20.639081766520615,-97.78706797933326,-48.982675571585915,50.48519490077003,11.593867864890738,-24.67684999355936,54.012926521237176,-63.5706758221434,91.05009560332083,46.19918772149305,-13.203302349680488,8.837104216172758,-39.422849970041625,102.63871723013989,17.73762119529545,36.79551315929881,64.99707906822593,-4.62355827068007,1.3631219629753606,26.409821101817826,-33.78291476165966,18.026817155128665,-9.740091668269947,-19.892573705903875,30.543530076515765,2.898182132107085
12.040209956746189,52.79368343772978,-68.05763559474258,-90.4911137562863,33.630569229149316,-39.07714389567402,35.88268300332283,15.446137915804854,-16.62160372917492,31.430294036073906,-9.534851670163542,31.64839889418863,73.04726524992472,-3.8395952401271374,23.837872515972176,-32.7377758063543,118.12880135998192,32.0873759592363,18.980086753626374,89.77193669222723,44.90671149173885,-46.33377005198148,-10.663128942764628,22.60609678966817,-49.5150893200356,58.29322516890051,-83.59436364393814,-42.35194869018266,12.148331385541589,-8.142709246422053,36.189496374951055,-94.23263023931841,-16.167303660601053,-33.76022129515255,-59.63529195617623,4.188052169202545,-1.221071039353405,-24.235972906137324,30.95936837817188,-16.504170785919438,8.886806623507853,18.238859001529466,-28.06004818049093,-2.7196306280883675
5.126579440515058,22.69441395151686,-29.328578627078294,-38.96454435397593,14.523505696535215,-16.821042882914412,15.446137915804854,6.663419986064493,-7.203664321989693,13.580895213086759,-4.252765050898272,13.645186903176873,31.319714391705965,-1.7099152251942966,10.201024646942725,-14.168267579170886,50.937970994393126,13.863028371640999,8.198140554838544,38.66175708105732,19.27262511820366,-19.93492485574189,-4.612096450126688,9.701434136533159,-21.24110562348238,25.023684412269322,-36.0173882442107,-18.179518925706414,5.2640953551584975,-3.5352872788783958,15.58697945245784,-40.58957414438536,-6.835570527599446,-14.534495286396703,-25.639262226444604,1.7442982579588824,-0.49207900791904485,-10.429566621473734,13.279930352822298,-7.062169030295542,3.767812656504347,7.839196090266108,-12.105879379457923,-1.2356264345582475
-5.171386413911021,-24.212738892934524,31.68661295185748,41.86980621227319,-15.862498243309949,18.06312794558339,-16.62160372917492,-7.203664321989693,8.013890057459768,-14.870496033200416,5.376553950828672,-14.768408675849905,-32.888729842173674,2.18436552611425,-10.650563487517383,15.634464538015417,-55.129073425474616,-15.210683606916874,-9.002224904660691,-41.60827696183521,-20.370423451973878,21.360538239139434,5.092646951153979,-10.182278139726835,22.407280333870098,-26.49738544994088,38.841747596869,19.202529062252488,-5.837324585891133,3.976350801683855,-16.78606852392562,43.72987029434136,6.625816377469063,15.554824988770678,27.366275030114487,-1.52107904118268,0.3393009047671779,11.173019904095026,-13.976660582345216,7.325755277192607,-3.719395500500208,-8.324316999454735,13.14360642044958,1.6947459000281293
10.145850890374556,46.00580978713522,-59.775026043218105,-79.22241567578922,29.7422159274461,-34.1927775805271,31.430294036073906,13.580895213086759,-14.870496033200416,27.840860982431533,-9.302146419489558,27.831943794995706,63.05245042683245,-3.764257282912586,20.49336799023551,-29.140402831023124,103.88587084614848,28.449821552478568,16.832902023670858,78.66271148932103,38.91153408170552,-40.48501939425828,-9.491768663248468,19.521223498323746,-42.84956827037859,50.56499145552719,-73.34543924326381,-36.689177325128306,10.848967773846633,-7.333036303876013,31.723652312249726,-82.62496245658829,-13.310974845969612,-29.491994276653923,-51.983811832280345,3.256566483841953,-0.8442708512319889,-21.175751325692197,26.760669867532943,-14.142222781200912,7.392958780630181,15.855151180489292,-24.72404902448597,-2.812390321641078
-1.9144993997795468,-13.217855179121447,18.537656818431127,23.832706846355585,-9.79210824201766,10.25177955301392,-9.534851670163542,-4.252765050898272,5.376553950828672,-9.302146419489558,5.5464694244902715,-8.715355442217248,-16.352279538529864,2.293382823303557,-5.104917593614104,10.151802147719792,-32.58286422093961,-9.600232948844235,-5.685092108959478,-23.876928468996212,-10.521638964756347,11.96010713290994,3.297583740134328,-5.066888155129805,11.461129087463803,-13.844458170923735,22.503962317146282,9.91077109074635,-3.8907976963390247,2.8172660692454263,-9.634955315662344,25.214341640258137,1.5626572074534009,8.689356764175777,14.992858484705016,0.20191444715122708,-0.37858574181073057,6.254295390852543,-7.03141991152447,3.3664381867834967,-1.087616369683804,-4.414207907995994,7.901478910700251,2.0941875299336714
10.495915943873259,46.50613875841221,-60.09784541393322,-79.82784331633474,29.768256138388224,-34.4611284532879,31.64839889418863,13.645186903176873,-14.768408675849905,27.831943794995706,-8.715355442217248,27.963788370820993,64.16234635338013,-3.5145589048425085,20.901934611111834,-29.030610913893238,104.36198842842077,28.416620937474104,16.81220817515412,79.21215074903535,39.4938701235441,-40.84577291146887,-9.45881662519238,19.866314405538713,-43.51821937607142,51.27965276891379,-73.8018876216448,-37.23963294015509,10.780765757736964,-7.240695444945991,31.945643367577862,-83.17071505717735,-13.998671164886003,-29.76126021889082,-52.53506516643315,3.565028355176003,-1.0011394306824954,-21.364361099452278,27.2109674453502,-14.463297468954993,7.723019666769084,16.063146903528676,-24.80111127229893,-2.5346671471000732
25.849938745853613,108.36324235481543,-138.16219385977752,-184.55840815575024,67.63149656893694,-79.71569958706989,73.04726524992472,31.319714391705965,-32.888729842173674,63.05245042683245,-16.352279538529864,64.16234635338013,151.9624997625655,-6.501071634735119,49.77315000908016,-65.20745793913633,239.43865371780754,64.23236959106076,37.984487435841906,182.82829435897938,92.93161437155159,-94.73095890952135,-21.24500468479494,47.05309759051938,-102.58667019250247,120.41990872547125,-170.00891875678568,-87.66302506912433,24.064965304829606,-15.901077681022018,73.71889561887582,-191.7698074214602,-35.73933355036816,-69.0878337245151,-122.33688761615497,9.879946056526821,-3.202927633766212,-49.566664362566115,64.31833408389393,-34.674153673202,19.420162756935827,37.63323818853611,-56.69749764071889,-4.129541627772266
-0.7361732091893369,-5.302075107067052,7.466191007825565,9.571674834482614,-3.9636230302134132,4.119021640272746,-3.8395952401271374,-1.7099152251942966,2.18436552611425,-3.764257282912586,2.293382823303557,-3.5145589048425085,-6.501071634735119,0.9586990495804636,-2.033691074409289,4.109174862609889,-13.119138909396286,-3.8935232175306247,-2.310753476295114,-9.600574195247146,-4.202295150473037,4.801679706394667,1.340124831717958,-2.0089342539215593,4.569861901545429,-5.538612412235613,9.053162892183625,3.9489034622860126,-1.5752659261255264,1.1452591283034026,-3.876226587383738,10.145366917151494,0.5676023878576969,3.472744901269708,6.0127520610588405,0.11235203720515075,-0.17303732265818947,2.5045999223313435,-2.7990194681941785,1.326857169520895,-0.41120801110063504,-1.7618913348147545,3.1861169119042545,0.8738775662327851
8.521095590730663,35.403655087021725,-45.027193642933355,-60.200591590844674,21.99552795549286,-26.013199296535834,23.837872515972176,10.201024646942725,-10.650563487517383,20.49336799023551,-5.104917593614104,20.901934611111834,49.77315000908016,-2.033691074409289,16.33930813774936,-21.153632106418222,77.98750378146283,20.880493201278174,12.349572956106778,59.62816694908702,30.408989764312103,-30.923175064902424,-6.895223896490331,15.401684295394166,-33.58436645832108,39.39932623739023,-55.41445740158657,-28.681437967118637,7.798756462573002,-5.141173663247628,24.0345047432928,-62.530547711521066,-11.856234255023535,-22.53884643439092,-39.96562555154263,3.3191747775374707,-1.0954955738232337,-16.173541261294496,21.05435510120431,-11.378733157259884,6.424294825845508,12.292260133913791,-18.459008457044526,-1.2479797857998511
-10.375316462572899,-47.79189731793333,62.330766610326215,82.48978415365433,-31.100892303268438,35.59678283298928,-32.7377758063543,-14.168267579170886,15.634464538015417,-29.140402831023124,10.151802147719792,-29.030610913893238,-65.20745793913633,4.109174862609889,-21.153632106418222,30.581746839272327,-108.39228624831188,-29.79263125994816,-17.623997946950496,-81.93953201014266,-40.30960750406563,42.11725748284671,9.95474118697105,-20.187397822869237,44.37609393634739,-52.407910960533904,76.44019458041151,38.013212341190616,-11.406134762596936,7.744017833657879,-33.04292097612718,86.0851582502254,13.442648124152988,30.686127446540997,54.014038466513426,-3.1899798654947307,0.7795612104559364,22.03545304685824,-27.68852145290126,14.576596921602734,-7.5009546028449465,-16.447234680103605,25.82140310210225,3.1387180973009046
39.16771512818657,173.5556763537206,-224.3160792523034,-297.9640653804169,111.09642009745444,-128.6299250451209,118.12880135998192,50.937970994393126,-55.129073425474616,103.88587084614848,-32.58286422093961,104.36198842842077,239.43865371780754,-13.119138909396286,77.98750378146283,-108.39228624831188,389.5564528083676,106.06264561869286,62.736437698867945,295.66062176117384,147.3705039610279,-152.45309761563965,-35.29925798070222,74.13734137067362,-162.41085594437322,191.34690874555253,-275.46092618630894,-138.9865408906354,40.26335795405286,-27.05145986883955,119.22109212186083,-310.4224507180665,-52.20060552859178,-111.11302901052868,-196.06573446528222,13.288640790181146,-3.745238262531752,-79.75715554486858,101.53709723789788,-53.97562097660501,28.792233088789388,59.9442813255043,-92.58169536756671,-9.48013366934228
10.305065622328168,46.92819196539692,-61.02654553876775,-80.84469934783579,30.38807739745467,-34.89608646234274,32.0873759592363,13.863028371640999,-15.210683606916874,28.449821552478568,-9.600232948844235,28.416620937474104,64.23236959106076,-3.8935232175306247,20.880493201278174,-29.79263125994816,106.06264561869286,29.08447026539166,17.21058196162752,80.2879028428438,39.661520875973814,-41.30929761613261,-9.706378307519298,19.87875058658812,-43.67354638316263,51.551590901130254,-74.86401613729493,-37.39125829522795,11.096033991935501,-7.510758497910113,32.37643917174902,-84.33667982814038,-13.483379260089858,-30.079542034772313,-53.02813737450906,3.2740103581985958,-0.8358799774861271,-21.602852107987214,27.262854595812314,-14.392888687724128,7.497016699045324,16.158337911554344,-25.249964247083323,-2.9222200133902043
6.089371254811535,27.75944815037383,-36.10014509563101,-47.81577165507387,17.982055064417924,-20.639081766520615,18.980086753626374,8.198140554838544,-9.002224904660691,16.832902023670858,-5.685092108959478,16.81220817515412,37.984487435841906,-2.310753476295114,12.349572956106778,-17.623997946950496,62.736437698867945,17.21058196162752,10.1877884705447,47.48908414593666,23.45965008508185,-24.433544071825192,-5.745577571336155,11.75329209459721,-25.82751979363186,30.493811202157175,-44.28449553594362,-22.11077615122072,6.562178011338211,-4.441815215498612,19.15414249622348,-49.8881086697562,-7.9685159763708855,-17.783444162797455,-31.365408841968378,1.9312764072730557,-0.48886252061473456,-12.774638236439799,16.12468326810865,-8.508841156326655,4.433893474288537,9.557771484371356,-14.935566150593518,-1.732332111120325
30.136138498128787,132.11852305301346,-170.32140983808864,-226.47733993819338,84.1694822909652,-97.78706797933326,89.77193669222723,38.66175708105732,-41.60827696183521,78.66271148932103,-23.876928468996212,79.21215074903535,182.82829435897938,-9.600574195247146,59.62816694908702,-81.93953201014266,295.66062176117384,80.2879028428438,47.48908414593666,224.66459317798274,112.39361567630263,-115.95081974842908,-26.68888916151393,56.60116104195352,-123.91065897660992,145.8828548724976,-209.22712381898577,-106.00075789025783,30.40222501797546,-20.36796910383008,90.58447430349031,-235.83425754181843,-40.4622054431052,-84.50724113888312,-149.2389431617808,10.481060127966696,-3.0522178828685993,-60.65696149543908,77.49757748690371,-41.309040377376704,22.247401223622244,45.66701919209084,-70.2205979069402,-6.804746049369661
15.685360346532532,66.49144861967103,-85.00530612372162,-113.41541519310482,41.715290298360614,-48.982675571585915,44.90671149173885,19.27262511820366,-20.370423451973878,38.91153408170552,-10.521638964756347,39.4938701235441,92.93161437155159,-4.202295150473037,30.408989764312103,-40.30960750406563,147.3705039610279,39.661520875973814,23.45965008508185,112.39361567630263,56.910913302019246,-58.17937465990973,-13.13749071573697,28.771421765006,-62.79702490552001,73.77545736634208,-104.55561955651038,-53.67331543001615,14.893458491173371,-9.874655449293966,45.32367390932164,-117.91761236276601,-21.54112400130301,-42.413044301797,-75.07338232543947,5.864689724788053,-1.8546497595272875,-30.43564957071572,39.35077785780391,-21.151753705333906,11.741092241997418,23.06430888470045,-34.92122791454601,-2.754255482466547
-15.708850761597944,-68.2882028982836,87.85353086803039,116.91552263871051,-43.33818284110053,50.48519490077003,-46.33377005198148,-19.93492485574189,21.360538239139434,-40.48501939425828,11.96010713290994,-40.84577291146887,-94.73095890952135,4.801679706394667,-30.923175064902424,42.11725748284671,-152.45309761563965,-41.30929761613261,-24.433544071825192,-115.95081974842908,-58.17937465990973,59.888162934613334,13.719085517914461,-29.32440220288796,64.15830702761893,-75.49145548509017,107.95278018359156,54.87153372638989,-15.611480976590753,10.434521763803215,-46.75137970844266,121.69828523930342,21.211754088710208,43.650066480796035,77.12854409037863,-5.566438116466758,1.6607473006050388,31.330597423657494,-40.143169597523695,21.443478793330794,-11.635970453730955,-23.623077115374723,36.189028387412414,3.346602348865256
-3.37956697673235,-15.572222871602328,20.302528336331928,26.865605202058628,-10.13400119666104,11.593867864890738,-10.663128942764628,-4.612096450126688,5.092646951153979,-9.491768663248468,3.297583740134328,-9.45881662519238,-21.24500468479494,1.340124831717958,-6.895223896490331,9.95474118697105,-35.29925798070222,-9.706378307519298,-5.745577571336155,-26.68888916151393,-13.13749071573697,13.719085517914461,3.2453871952109363,-6.57535239025065,14.457404786455987,-17.080891735814543,24.899176133511826,12.381613005617444,-3.7101215710461766,2.5172875340893355,-10.766684904797025,28.042524986528313,4.385802393034049,9.986110257206775,17.597646689128783,-1.0404928784759835,0.2514618623909527,7.1733589434511185,-9.023181391361174,4.747941672430384,-2.449509775308222,-5.358665171082185,8.407489265596507,1.019193534657884
8.004723279918469,33.54478953800678,-42.77064520975852,-57.14142830132197,20.939062526918207,-24.67684999355936,22.60609678966817,9.701434136533159,-10.182278139726835,19.521223498323746,-5.066888155129805,19.866314405538713,47.05309759051938,-2.0089342539215593,15.401684295394166,-20.187397822869237,74.13734137067362,19.87875058658812,11.75329209459721,56.60116104195352,28.771421765006,-29.32440220288796,-6.57535239025065,14.580173996896455,-31.75586542477169,37.278687187636784,-52.63672741794358,-27.14365657466812,7.450661694577462,-4.9188730811568915,22.824222966759468,-59.36972375413035,-11.06786345492152,-21.39762743621788,-37.87112250699926,3.0622631556184468,-0.9897268917278679,-15.345181225782516,19.91693783673504,-10.737842000432194,6.014131774897873,11.656847220930157,-17.5532421963977,-1.2779910381583295
-17.35435336119068,-73.33553185296181,93.6917737688083,125.04699186663024,-45.939063964195235,54.012926521237176,-49.5150893200356,-21.24110562348238,22.407280333870098,-42.84956827037859,11.461129087463803,-43.51821937607142,-102.58667019250247,4.569861901545429,-33.58436645832108,44.37609393634739,-162.41085594437322,-43.67354638316263,-25.82751979363186,-123.91065897660992,-62.79702490552001,64.15830702761893,14.457404786455987,-31.75586542477169,69.31266432145502,-81.39968998890525,115.24603330916206,59.23467356288475,-16.39463809070184,10.864876184902728,-49.95660024697223,129.98533721297895,23.869721635214123,46.77871557499435,82.80322715968269,-6.526882158805968,2.0850419431096965,33.56721561869965,-43.42798128017292,23.365954273433335,-12.994542347337527,-25.4381575849534,38.480612118183465,2.9739578011168093
20.27508469667819,86.25169212010333,-110.36054412877438,-147.18977479281492,54.19928335330527,-63.5706758221434,58.29322516890051,25.023684412269322,-26.49738544994088,50.56499145552719,-13.844458170923735,51.27965276891379,120.41990872547125,-5.538612412235613,39.39932623739023,-52.407910960533904,191.34690874555253,51.551590901130254,30.493811202157175,145.8828548724976,73.77545736634208,-75.49145548509017,-17.080891735814543,37.278687187636784,-81.39968998890525,95.65431335370093,-135.71980123903964,-69.57588667663032,19.372384569567544,-12.859524325133657,58.82484789544851,-153.0608634787733,-27.78600666232171,-55.0253410367644,-97.38846191811346,7.529731182189363,-2.361823920786122,-39.48865404360528,50.993970503974,-27.386912258177336,15.156982965447648,29.90224480194509,-45.35447767044804,-3.6631010381160696
-27.952403251591708,-122.9746732419201,158.66291396644453,210.9001615507208,-78.46813101126331,91.05009560332083,-83.59436364393814,-36.0173882442107,38.841747596869,-73.34543924326381,22.503962317146282,-73.8018876216448,-170.00891875678568,9.053162892183625,-55.41445740158657,76.44019458041151,-275.46092618630894,-74.86401613729493,-44.28449553594362,-209.22712381898577,-104.55561955651038,107.95278018359156,24.899176133511826,-52.63672741794358,115.24603330916206,-135.71980123903964,194.88927785973465,98.6031133696152,-28.368649649689203,19.020703422392614,-84.37303871952604,219.6505253822075,37.44335374144613,78.67773416306215,138.90972539818634,-9.64281378394801,2.776658212032171,56.47517948239991,-72.07951345420221,38.383279887879766,-20.61336202670548,-42.504594736647554,65.43440411446727,6.456684359939863
-14.804512712462442,-62.70647265385644,80.16452018069005,106.97001686049525,-39.32821156141915,46.19918772149305,-42.35194869018266,-18.179518925706414,19.202529062252488,-36.689177325128306,9.91077109074635,-37.23963294015509,-87.66302506912433,3.9489034622860126,-28.681437967118637,38.013212341190616,-138.9865408906354,-37.39125829522795,-22.11077615122072,-106.00075789025783,-53.67331543001615,54.87153372638989,12.381613005617444,-27.14365657466812,59.23467356288475,-69.57588667663032,98.6031133696152,50.63229639308895,-14.048551253703213,9.314769375874722,-42.73849593548113,111.2034345846478,20.328646312408733,40.017184057009324,70.8036141736175,-5.540578057879734,1.7593475802091374,28.711777519303688,-37.11550483282523,19.95750980289036,-11.074464486231845,-21.753539366336597,32.93506953813363,2.5899299794995816
3.7975376166583215,17.695293212057713,-23.142593359347995,-30.596535087905874,11.570552501250095,-13.203302349680488,12.148331385541589,5.2640953551584975,-5.837324585891133,10.848967773846633,-3.8907976963390247,10.780765757736964,24.064965304829606,-1.5752659261255264,7.798756462573002,-11.406134762596936,40.26335795405286,11.096033991935501,6.562178011338211,30.40222501797546,14.893458491173371,-15.611480976590753,-3.7101215710461766,7.450661694577462,-16.39463809070184,19.372384569567544,-28.368649649689203,-14.048551253703213,4.261201171766161,-2.902421793229433,12.255928815199287,-31.943467069702685,-4.874324620109916,-11.3767348418055,-20.00382641538642,1.1307030044864872,-0.2624784339942092,-8.168841532075675,10.220314584105829,-5.366596930824012,2.7277826456940004,6.081364314268411,-9.599380250912679,-1.2211287158667457
-2.4532662548917714,-11.796641934031486,15.535390176906429,20.480020520967077,-7.808362174866344,8.837104216172758,-8.142709246422053,-3.5352872788783958,3.976350801683855,-7.333036303876013,2.8172660692454263,-7.240695444945991,-15.901077681022018,1.1452591283034026,-5.141173663247628,7.744017833657879,-27.05145986883955,-7.510758497910113,-4.441815215498612,-20.36796910383008,-9.874655449293966,10.434521763803215,2.5172875340893355,-4.9188730811568915,10.864876184902728,-12.859524325133657,19.020703422392614,9.314769375874722,-2.902421793229433,1.9939018114400036,-8.208396460570178,21.409151832506215,3.070456639658871,7.600070234248768,13.340602094110471,-0.663945711510467,0.1287500089126027,5.460385016869302,-6.758274935804494,3.5221512987922763,-1.7348974330266373,-4.0391713526662825,6.462424650104007,0.9152561225796857
12.146790388171636,53.27530915881489,-68.67997044075703,-91.31761292192026,33.947418680753536,-39.422849970041625,36.189496374951055,15.58697945245784,-16.78606852392562,31.723652312249726,-9.634955315662344,31.945643367577862,73.71889561887582,-3.876226587383738,24.0345047432928,-33.04292097612718,119.22109212186083,32.37643917174902,19.15414249622348,90.58447430349031,45.32367390932164,-46.75137970844266,-10.766684904797025,22.824222966759468,-49.95660024697223,58.82484789544851,-84.37303871952604,-42.73849593548113,12.255928815199287,-8.208396460570178,36.534854297451695,-95.0961887704577,-16.31024837902148,-34.069840319195926,-60.17359840156414,4.220485987807289,-1.2242377353970268,-24.456539549724667,31.25463678759685,-16.654281138907926,8.97400817107623,18.42233825999911,-28.31293629101424,-2.7461130555605346
-31.567953776395534,-138.65222460304062,178.81578213572877,237.72589768836787,-88.4043160288612,102.63871723013989,-94.23263023931841,-40.58957414438536,43.72987029434136,-82.62496245658829,25.214341640258137,-83.17071505717735,-191.7698074214602,10.145366917151494,-62.530547711521066,86.0851582502254,-310.4224507180665,-84.33667982814038,-49.8881086697562,-235.83425754181843,-117.91761236276601,121.69828523930342,28.042524986528313,-59.36972375413035,129.98533721297895,-153.0608634787733,219.6505253822075,111.2034345846478,-31.943467069702685,21.409151832506215,-95.0961887704577,247.57308540601014,42.338776209358876,88.68919589468976,156.61790757675206,-10.934472219071475,3.1639508104109053,63.66181110165613,-81.29709341567211,43.31151147482575,-23.29472906579584,-47.921913909796494,73.73349184734765,7.2115309383452795
-6.6022885072489785,-24.54432732878318,30.277356790363235,41.00822004960019,-14.390444976263689,17.73762119529545,-16.167303660601053,-6.835570527599446,6.625816377469063,-13.310974845969612,1.5626572074534009,-13.998671164886003,-35.73933355036816,0.5676023878576969,-11.856234255023535,13.442648124152988,-52.20060552859178,-13.483379260089858,-7.9685159763708855,-40.4622054431052,-21.54112400130301,21.211754088710208,4.385802393034049,-11.06786345492152,23.869721635214123,-27.78600666232171,37.44335374144613,20.328646312408733,-4.874324620109916,3.070456639658871,-16.31024837902148,42.338776209358876,9.784073467304568,15.491744859505921,27.667392687940325,-3.0884083542871013,1.1876882023425703,11.099866891697113,-15.06040695739743,8.37489250110984,-5.172398579183373,-8.631278452433126,12.248144677449998,-0.023804234157148035
-11.471048139964005,-49.77094333384161,64.02082067587288,85.22315745204979,-31.56625316184563,36.79551315929881,-33.76022129515255,-14.534495286396703,15.554824988770678,-29.491994276653923,8.689356764175777,-29.76126021889082,-69.0878337245151,3.472744901269708,-22.53884643439092,30.686127446540997,-111.11302901052868,-30.079542034772313,-17.783444162797455,-84.50724113888312,-42.413044301797,43.650066480796035,9.986110257206775,-21.39762743621788,46.77871557499435,-55.0253410367644,78.67773416306215,40.017184057009324,-11.3767348418055,7.600070234248768,-34.069840319195926,88.68919589468976,15.491744859505921,31.841275023591766,56.2167921261515,-4.0764109507412885,1.2250015327044794,22.84579236135458,-29.27406502309333,15.647313496092014,-8.491900561192509,-17.22873514986677,26.373116116559334,2.421859690335477
-20.38880624000552,-88.00352934050721,113.01684673245182,150.51090255273542,-55.67088560813527,64.99707906822593,-59.63529195617623,-25.639262226444604,27.366275030114487,-51.983811832280345,14.992858484705016,-52.53506516643315,-122.33688761615497,6.0127520610588405,-39.96562555154263,54.014038466513426,-196.06573446528222,-53.02813737450906,-31.365408841968378,-149.2389431617808,-75.07338232543947,77.12854409037863,17.597646689128783,-37.87112250699926,82.80322715968269,-97.38846191811346,138.90972539818634,70.8036141736175,-20.00382641538642,13.340602094110471,-60.17359840156414,156.61790757675206,27.667392687940325,56.2167921261515,99.38740314554953,-7.340402562660185,2.2283119641519713,40.34770330834068,-51.829111450016775,27.73518866763696,-15.148329861467456,-30.46396837201975,46.51929141949792,4.125088292297338
1.9716375142571478,6.521249923683015,-7.75235433875302,-10.671459895747537,3.5545108318446568,-4.62355827068007,4.188052169202545,1.7442982579588824,-1.52107904118268,3.256566483841953,0.20191444715122708,3.565028355176003,9.879946056526821,0.11235203720515075,3.3191747775374707,-3.1899798654947307,13.288640790181146,3.2740103581985958,1.9312764072730557,10.481060127966696,5.864689724788053,-5.566438116466758,-1.0404928784759835,3.0622631556184468,-6.526882158805968,7.529731182189363,-9.64281378394801,-5.540578057879734,1.1307030044864872,-0.663945711510467,4.220485987807289,-10.934472219071475,-3.0884083542871013,-4.0764109507412885,-7.340402562660185,1.0684141111673982,-0.4505689505735851,-2.9143095036456317,4.143200484519467,-2.3772611045689773,1.5964144837722665,2.323781349045128,-3.08478148799295,0.2829519460239944
-0.7142262357119692,-1.9829541819977208,2.2098388903415325,3.1344990369578816,-0.9367883280284556,1.3631219629753606,-1.221071039353405,-0.49207900791904485,0.3393009047671779,-0.8442708512319889,-0.37858574181073057,-1.0011394306824954,-3.202927633766212,-0.17303732265818947,-1.0954955738232337,0.7795612104559364,-3.745238262531752,-0.8358799774861271,-0.48886252061473456,-3.0522178828685993,-1.8546497595272875,1.6607473006050388,0.2514618623909527,-0.9897268917278679,2.0850419431096965,-2.361823920786122,2.776658212032171,1.7593475802091374,-0.2624784339942092,0.1287500089126027,-1.2242377353970268,3.1639508104109053,1.1876882023425703,1.2250015327044794,2.2283119641519713,-0.4505689505735851,0.21230876084934697,0.874059580005262,-1.3314694681311314,0.8023444396439059,-0.596723638002083,-0.7209941576321934,0.8518388430221568,-0.22891500648750893
-8.22319009854816,-35.72309388209998,45.9587326177006,61.16692992397909,-22.66507889978945,26.409821101817826,-24.235972906137324,-10.429566621473734,11.173019904095026,-21.175751325692197,6.254295390852543,-21.364361099452278,-49.566664362566115,2.5045999223313435,-16.173541261294496,22.03545304685824,-79.75715554486858,-21.602852107987214,-12.774638236439799,-60.65696149543908,-30.43564957071572,31.330597423657494,7.1733589434511185,-15.345181225782516,33.56721561869965,-39.48865404360528,56.47517948239991,28.711777519303688,-8.168841532075675,5.460385016869302,-24.456539549724667,63.66181110165613,11.099866891697113,22.84579236135458,40.34770330834068,-2.9143095036456317,0.874059580005262,16.396680789915607,-21.0038829007862,11.222439208367778,-6.0874850456548355,-12.362349296882181,18.93235784625254,1.747777216318216
10.914263574882204,45.90973907393145,-58.58164316282979,-78.22465898955006,28.700641125240207,-33.78291476165966,30.95936837817188,13.279930352822298,-13.976660582345216,26.760669867532943,-7.03141991152447,27.2109674453502,64.31833408389393,-2.7990194681941785,21.05435510120431,-27.68852145290126,101.53709723789788,27.262854595812314,16.12468326810865,77.49757748690371,39.35077785780391,-40.143169597523695,-9.023181391361174,19.91693783673504,-43.42798128017292,50.993970503974,-72.07951345420221,-37.11550483282523,10.220314584105829,-6.758274935804494,31.25463678759685,-81.29709341567211,-15.06040695739743,-29.27406502309333,-51.829111450016775,4.143200484519467,-1.3314694681311314,-21.0038829007862,27.229779850884274,-14.664558302190967,8.193727911825636,15.943646750347204,-24.047044483503342,-1.7950811861884615
-5.983286059734302,-24.57245596026457,31.168477250964497,41.72791593336438,-15.18575032956765,18.026817155128665,-16.504170785919438,-7.062169030295542,7.325755277192607,-14.142222781200912,3.3664381867834967,-14.463297468954993,-34.674153673202,1.326857169520895,-11.378733157259884,14.576596921602734,-53.97562097660501,-14.392888687724128,-8.508841156326655,-41.309040377376704,-21.151753705333906,21.443478793330794,4.747941672430384,-10.737842000432194,23.365954273433335,-27.386912258177336,38.383279887879766,19.95750980289036,-5.366596930824012,3.5221512987922763,-16.654281138907926,43.31151147482575,8.37489250110984,15.647313496092014,27.73518866763696,-2.3772611045689773,0.8023444396439059,11.222439208367778,-14.664558302190967,7.948212592921047,-4.526759328192225,-8.552071343963265,12.763229448878171,0.7825619365580947
3.5309662192304634,13.436762006283196,-16.683509618051655,-22.52978812421926,7.98163613656071,-9.740091668269947,8.886806623507853,3.767812656504347,-3.719395500500208,7.392958780630181,-1.087616369683804,7.723019666769084,19.420162756935827,-0.41120801110063504,6.424294825845508,-7.5009546028449465,28.792233088789388,7.497016699045324,4.433893474288537,22.247401223622244,11.741092241997418,-11.635970453730955,-2.449509775308222,6.014131774897873,-12.994542347337527,15.156982965447648,-20.61336202670548,-11.074464486231845,2.7277826456940004,-1.7348974330266373,8.97400817107623,-23.29472906579584,-5.172398579183373,-8.491900561192509,-15.148329861467456,1.5964144837722665,-0.596723638002083,-6.0874850456548355,8.193727911825636,-4.526759328192225,2.7505190482370714,4.716647562224995,-6.76706492731458,-0.09081621425756993
6.3173973744371725,26.98166203174658,-34.56182866941135,-46.07776547092719,16.99017003503533,-19.892573705903875,18.238859001529466,7.839196090266108,-8.324316999454735,15.855151180489292,-4.414207907995994,16.063146903528676,37.63323818853611,-1.7618913348147545,12.292260133913791,-16.447234680103605,59.9442813255043,16.158337911554344,9.557771484371356,45.66701919209084,23.06430888470045,-23.623077115374723,-5.358665171082185,11.656847220930157,-25.4381575849534,29.90224480194509,-42.504594736647554,-21.753539366336597,6.081364314268411,-4.0391713526662825,18.42233825999911,-47.921913909796494,-8.631278452433126,-17.22873514986677,-30.46396837201975,2.323781349045128,-0.7209941576321934,-12.362349296882181,15.943646750347204,-8.552071343963265,4.716647562224995,9.36267156085122,-14.210180587695737,-1.179638041403576
-9.231855512708645,-41.175385894238175,53.299916712519135,70.75361692152126,-26.431053082725693,30.543530076515765,-28.06004818049093,-12.105879379457923,13.14360642044958,-24.72404902448597,7.901478910700251,-24.80111127229893,-56.69749764071889,3.1861169119042545,-18.459008457044526,25.82140310210225,-92.58169536756671,-25.249964247083323,-14.935566150593518,-70.2205979069402,-34.92122791454601,36.189028387412414,8.407489265596507,-17.5532421963977,38.480612118183465,-45.35447767044804,65.43440411446727,32.93506953813363,-9.599380250912679,6.462424650104007,-28.31293629101424,73.73349184734765,12.248144677449998,26.373116116559334,46.51929141949792,-3.08478148799295,0.8518388430221568,18.93235784625254,-24.047044483503342,12.763229448878171,-6.76706492731458,-14.210180587695737,22.013782437266787,2.326869692669966
-0.3234508942256377,-3.6271812357947533,5.358122347913988,6.749347233422548,-2.9365959378946918,2.898182132107085,-2.7196306280883675,-1.2356264345582475,1.6947459000281293,-2.812390321641078,2.0941875299336714,-2.5346671471000732,-4.129541627772266,0.8738775662327851,-1.2479797857998511,3.1387180973009046,-9.48013366934228,-2.9222200133902043,-1.732332111120325,-6.804746049369661,-2.754255482466547,3.346602348865256,1.019193534657884,-1.2779910381583295,2.9739578011168093,-3.6631010381160696,6.456684359939863,2.5899299794995816,-1.2211287158667457,0.9152561225796857,-2.7461130555605346,7.2115309383452795,-0.023804234157148035,2.421859690335477,4.125088292297338,0.2829519460239944,-0.22891500648750893,1.747777216318216,-1.7950811861884615,0.7825619365580947,-0.09081621425756993,-1.179638041403576,2.326869692669966,0.8324886798477051
