V1,V2,V3,V4,V5,V6,V7,V8,V9,V10,V11,V12,V13,V14,V15,V16,V17,V18,V19,V20,V21,V22,V23,V24,V25,V26,V27,V28,V29,V30,V31,V32,V33,V34,V35,V36,V37,V38,V39,V40,V41,V42,V43,V44
2.948756264880485,-2.0279923530498825,1.0581299973810492,1.4282368713050575,1.4939436096659375,0.29576510523582683,1.2747575031433527,1.5707498152113395,-0.23381315911593764,0.3242710651557045,2.805899713056619,1.5190002472612,-1.466909698908383,2.1249885681133875,2.2173562087212564,0.8716480733217993,-2.456861573531573,-0.8820918239665264,1.9431417313615258,-2.78126277229985,-0.33823556299631,-1.1279940471217953,2.1473130456491845,-0.4751820118022146,-0.3408592161826576,1.0461633785422093,0.643410655335,-1.134482542040704,1.1361406479605303,-0.3992314735876115,0.656199373329682,0.8637600259013528,0.2982518386703545,1.4195121996722369,-0.7473157111410406,0.8357180296491792,-1.5857374420191712,0.11812977419844967,0.45722238190183606,-0.5123371962660632,0.3261004495928092,1.9152163586315698,-1.3833251767485533,-0.4264125950112789
-2.0279923530498825,2.4260740683301054,-1.1086504554179395,-0.9205880052348877,-0.923954799427658,0.37605260708072624,-0.5479634699176149,-1.1466578476508258,-0.4131594772531564,-0.7418849965542257,-2.5195459869534167,-0.7081171901415774,1.5922670709962086,-1.635219119306105,-1.5625390570600801,0.17393444715717563,1.8648395366625095,0.414374762946766,-1.8281511131220636,2.3573076664011423,0.14845741101783325,1.0610974963159485,-1.4267297492045365,0.11769704671142997,0.33397226823784387,-0.8442770923631867,-0.6271953597061616,0.7228469290452358,-1.1159504142143968,0.5191847542544957,-0.4536290306681758,-0.5748987677702998,-1.1178752792505626,-1.0510146892174552,0.018708762032808624,-0.852580301694373,1.3349190595354867,0.06618927527790794,-0.5444121546309325,0.6192047647735835,0.04164614736468978,-1.5930658673621925,1.8555105454727638,0.10291139889033048
1.0581299973810492,-1.1086504554179395,0.8852310055428186,0.33130423802058195,0.525211640872703,-0.05847665906254622,0.49295999309817495,0.5762971283863768,0.14183164879998783,0.6248099611817566,1.23421781890191,0.4020448444800588,-0.926746548250247,0.9603691538239902,0.6141166249804195,0.08040179477279621,-0.8400177128641919,0.008486877807767705,0.7734173474249318,-1.2608932448830572,-0.17507771377881476,-0.3933912568375392,0.7912939300150199,-0.09665896675049675,-0.16405960910072834,0.5846367390492329,0.23467589865456334,-0.6705400533116581,0.4590059086681317,-0.24353295650640075,0.1088612211903758,0.3154955574328063,0.3278734362352951,0.4783239758005504,0.0775023050445999,0.5629542859007483,-0.7453162775533242,0.09069669089348051,0.32632242873732564,-0.11206106901036181,0.016615522810948604,0.7279719691179309,-0.839697097671874,-0.14806087911385685
1.4282368713050575,-0.9205880052348877,0.33130423802058195,1.8173478362424156,0.35405705064306103,0.17263064015043295,1.4662472440011145,0.7884350716126662,-0.5205609360164507,-0.639901671242248,1.1002845361774054,0.8611457368445964,0.15647286211927766,1.255838384614679,1.7433181821789143,0.6354788130311025,-1.6749523365832528,-0.7163981166181719,1.4110919953744765,-1.2210246858081037,-0.6065271880855441,-0.8451918001526441,0.757104604111797,-0.5118422454331092,-0.4231776815816203,0.9685276039376766,0.34216800835280564,0.21473985826332262,0.426569770764441,0.039340010702408564,0.4878664053507906,0.3829365334120892,0.13200615989448808,1.106015904609861,-0.8273036453917116,0.5869203021667473,-0.30006300184869256,0.31118049291729133,0.39202508137679554,-0.1351691859911914,1.0385463412068716,0.5887098045124047,-0.6576544808033462,0.08016829361218959
1.4939436096659375,-0.923954799427658,0.525211640872703,0.35405705064306103,1.10190970895033,0.16635622116155732,0.37068077306411357,0.7851871715477343,0.001571911417395264,0.2840425428710557,1.5129107021246873,0.9926279894273786,-1.1603396755345812,1.0047646440744156,0.9861431895271682,0.3139260761464281,-1.1936758414262159,-0.491588012011105,0.8148583553681735,-1.4292915443423004,-0.2983845054687042,-0.477675185719415,1.2658893175632155,-0.14494650321493885,-0.04741359356946814,0.2942623034650507,0.2389943183131467,-1.0750992121896679,0.5801444651791581,-0.3213284921354187,0.5029632015942112,0.5430584232464654,0.20522540714216364,0.3958074621915134,-0.07892002455753362,0.33600510721959026,-0.9754367332531613,-0.10126394845675236,0.036232308842913806,-0.21700222422274898,-0.11033871844841793,1.269046837329034,-0.6631564513717705,-0.23071314275671864
0.29576510523582683,0.37605260708072624,-0.05847665906254622,0.17263064015043295,0.16635622116155732,0.4671504083755065,0.26108231768726253,0.12193225491585263,-0.32382539934975374,-0.11889874114785916,-0.13401223012993238,0.32053546653615905,0.09002523694801555,0.1294564672687005,0.09392400128730505,0.3895277919013232,-0.035824524158730206,-0.20642107719497224,-0.3030724126671587,0.01284407280144695,0.044542931077543466,0.18989118803291974,0.3425718140167473,-0.14941826590044444,0.0778610567778284,0.05302455390112998,-0.06435390186599489,-0.17053349031243095,-0.032528153089465654,0.06317750496066571,-0.09575151742274421,0.23563353801265033,-0.5150461890356482,-0.025950023091667905,-0.4477381308909209,-0.06385381056667504,0.03869180842129645,0.21567631464348055,-0.10285313746402008,0.19997709430867247,0.22366978434210796,0.09581570527549083,0.45200287334754774,-0.1400662470524802
1.2747575031433527,-0.5479634699176149,0.49295999309817495,1.4662472440011145,0.37068077306411357,0.26108231768726253,1.7995723152295142,0.7876028232236902,-0.7538221623522693,-0.5079662639314707,0.7326734522530668,0.8516310331417264,0.29963108923771814,1.1203162447918635,1.4779499360359871,1.092942701641567,-1.4006523298072417,-0.45818128248786744,1.269184672167414,-1.140596400549593,-0.9121825675212688,-0.8086349812074292,0.434199370548138,-0.4051459258123663,-0.4230589663050893,1.2499323401960178,0.21169583108874956,-0.1308089251538707,0.17050881072401594,0.09278220977541154,0.4485820191603605,0.1502935232173547,-0.17025123233701345,1.1932947762459771,-0.6398923569141665,0.6332682768620516,-0.4100737235299655,0.44034676918809246,0.5126226897368213,0.05300035974981027,1.0625161071630647,0.21023672501269355,-0.3512065266918325,0.03115406339998064
1.5707498152113395,-1.1466578476508258,0.5762971283863768,0.7884350716126662,0.7851871715477343,0.12193225491585263,0.7876028232236902,0.9976067257872999,-0.11561903555507037,0.12405479475627496,1.4644828599619517,0.8916795897259423,-0.695099938112013,1.142762940912287,1.2985693415951682,0.4747078054306237,-1.4424077539511224,-0.5473065812437325,1.1362510947398818,-1.5959211125557804,-0.33814136675133905,-0.7902554546884853,0.9322637787313238,-0.12116431624258109,-0.17078161928584368,0.8004830460598761,0.36071548559776634,-0.6248272879506126,0.6316800508664367,-0.22474860085622744,0.45199805893849904,0.47702602992010834,0.3543045887101601,0.9019393086380156,-0.42062190324614246,0.4949918430167009,-0.9951686385384347,0.11643206380287659,0.3373707544416652,-0.27381868502914586,0.26128515497557714,0.9789024021923974,-0.7679160459581214,-0.11700625040997051
-0.23381315911593764,-0.4131594772531564,0.14183164879998783,-0.5205609360164507,0.001571911417395264,-0.32382539934975374,-0.7538221623522693,-0.11561903555507037,0.6445968386880206,0.4506852128536156,0.2910395357642701,-0.25585626307991566,-0.5044563196156344,-0.08469884147712427,-0.36347392727066596,-0.7847136926791992,0.1600890549304365,0.2022366980237414,-0.08887674235118109,-0.03915927260327355,0.32342936250794285,0.015480848107622291,-0.06625524121780933,0.207608170880494,0.13401270012630437,-0.35281023164968617,0.05903867587617827,-0.115775096611931,0.14339548508420383,-0.12267654972734982,-0.015076582765793047,0.07534820084145498,0.5991378107642963,-0.3364109822104684,0.40951350893360716,0.028952483330631086,-0.16350725979646719,-0.2714691652910125,-0.06342632380907168,-0.21713831357121433,-0.5364096178529384,0.22307385256435924,-0.4845370064425949,0.04526747073209192
0.3242710651557045,-0.7418849965542257,0.6248099611817566,-0.639901671242248,0.2840425428710557,-0.11889874114785916,-0.5079662639314707,0.12405479475627496,0.4506852128536156,1.129757002034673,0.6266080227904018,-0.17789891161805024,-1.2245358152071595,0.2099361702080817,-0.4057658651770774,-0.4598782088908939,0.23004367080492974,0.3208042324741607,-0.1559121939003791,-0.5485488068825173,0.4108712117776392,0.22962705935885758,0.6056110141384511,0.2124078829010073,0.10130337295271596,-0.05651473021924683,0.07032438065309136,-0.7324646219347822,0.35201592370702905,-0.38700487693464625,-0.35881629101780216,0.21415044852511236,0.2744557478310563,-0.24473108623934767,0.4509011998149645,0.16259303462025165,-0.47284873977830916,-0.016523444227466152,0.06508906994114073,-0.007392010843196378,-0.599573000891908,0.5867742832810109,-0.4417256264843722,-0.18949597199363455
2.805899713056619,-2.5195459869534167,1.23421781890191,1.1002845361774054,1.5129107021246873,-0.13401223012993238,0.7326734522530668,1.4644828599619517,0.2910395357642701,0.6266080227904018,3.297218565210749,1.2943535572852651,-1.8900475336545706,2.128776469759056,2.0900820220362433,0.30697870326701204,-2.5077161213378094,-0.659048552969014,2.1701094069111515,-2.96319467408508,-0.15698676656676305,-1.214367238853054,2.1535445404022497,-0.38731201412359245,-0.3397306849730909,0.7426557041203038,0.7362291820612872,-1.1245303057425313,1.3269153015324877,-0.49630701759642554,0.7640079485794068,0.826314599367875,0.8634005578085503,1.297997626616505,-0.29238008880406374,0.9094884858157305,-1.762968844751112,-0.21243618703340295,0.4393043203469167,-0.8091742742766035,-0.12431615992588356,2.1235150485690326,-1.9759899206831062,-0.43674113277997506
1.5190002472612,-0.7081171901415774,0.4020448444800588,0.8611457368445964,0.9926279894273786,0.32053546653615905,0.8516310331417264,0.8916795897259423,-0.25585626307991566,-0.17789891161805024,1.2943535572852651,1.3811743613771392,-0.6680617701308226,1.1099833291984955,1.4294388897068644,0.44211528893373486,-1.5388360577918225,-0.7547068243165429,0.9255201509967365,-1.363056528040393,-0.5359863142344525,-0.6180149108345865,1.171001265469987,-0.24793001725098812,-0.036613851096462854,0.5226265212815145,0.19589774164549031,-0.760834843507015,0.6131222094825898,-0.1325602948605831,0.6691973501430425,0.7907875152448425,0.3886041168479122,0.6442501831236319,-0.5156827224477584,0.5076165341987233,-0.7933802028149318,0.16291800356673963,0.03813169162714332,-0.14936435972154208,0.4426569881969092,1.1778799222045127,-0.47705108878341196,-0.09116320163655385
-1.466909698908383,1.5922670709962086,-0.926746548250247,0.15647286211927766,-1.1603396755345812,0.09002523694801555,0.29963108923771814,-0.695099938112013,-0.5044563196156344,-1.2245358152071595,-1.8900475336545706,-0.6680617701308226,2.3241620591915844,-0.9581748128733893,-0.5015143549091575,0.5062675949959716,0.79376753899859,0.24636782855216166,-0.6088807629879218,1.600802001796271,-0.1100824874742578,0.1946990766034789,-1.731692779969401,-0.09932596967373156,-0.04439436571600091,-0.007158054756284381,-0.24718799270214487,1.5859479836620798,-0.8037652604452931,0.7462341443253511,-0.13968611599051975,-0.7211328980473207,-0.6729940007517197,0.08036698783839416,-0.49609548430101186,-0.4148078116824528,1.0929555559220612,0.18830306705258448,-0.008184634663798417,0.13065720004793333,0.6734386377991944,-1.7900119913653019,1.0876388172889062,0.23230775882568247
2.1249885681133875,-1.635219119306105,0.9603691538239902,1.255838384614679,1.0047646440744156,0.1294564672687005,1.1203162447918635,1.142762940912287,-0.08469884147712427,0.2099361702080817,2.128776469759056,1.1099833291984955,-0.9581748128733893,1.7939440607184565,1.726787476506526,0.5461514788162164,-1.9897963042662505,-0.5409599077677026,1.580341397026735,-2.139847300449114,-0.4007157557371144,-0.8985121460116418,1.42974001044915,-0.4176375195550518,-0.3279355278126369,0.9794753739247346,0.5049831734556363,-0.681274282568329,0.8229192117512538,-0.21305717988785242,0.5189329116551992,0.6493534568525711,0.3383049478075209,1.1334039294505025,-0.5236844658876298,0.7857971373193764,-1.1632213853180573,0.14006214503593203,0.4356253954434429,-0.3457080090999764,0.4280290917882404,1.3282934191763258,-1.221826386780501,-0.231919118739213
2.2173562087212564,-1.5625390570600801,0.6141166249804195,1.7433181821789143,0.9861431895271682,0.09392400128730505,1.4779499360359871,1.2985693415951682,-0.36347392727066596,-0.4057658651770774,2.0900820220362433,1.4294388897068644,-0.5015143549091575,1.726787476506526,2.333405566923059,0.7535825611277417,-2.417406918903318,-0.9358998261654675,1.9996928054638505,-2.148281899771231,-0.6838542912806389,-1.2571404268696929,1.3329370124599669,-0.4624204124542958,-0.3850471001404898,1.0762155361197001,0.5314079832102193,-0.33023181459594464,0.9226910364515996,-0.12211792150473053,0.8827533174918897,0.6865471597929093,0.6204422832474055,1.5011696363077367,-0.818211889657984,0.8107780843456774,-1.0576152714931988,0.17394734211930227,0.4340932885308168,-0.5071994948701054,0.7943378950802499,1.3109379843560092,-1.170480702957885,-0.0851207465650998
0.8716480733217993,0.17393444715717563,0.08040179477279621,0.6354788130311025,0.3139260761464281,0.3895277919013232,1.092942701641567,0.4747078054306237,-0.7847136926791992,-0.4598782088908939,0.30697870326701204,0.44211528893373486,0.5062675949959716,0.5461514788162164,0.7535825611277417,1.548511874292317,-0.6780159115056246,-0.18350292474668423,0.585864096325384,-0.6190331395386677,-0.39721989987990775,-0.32102432054312097,0.2486706090629779,-0.338319880215206,-0.2909790078935762,0.6928123503150624,0.14168810005913027,-0.06572032651071011,-0.06470231091005557,0.16656657696643778,0.14740740916113945,-0.24872520514049776,-1.0091702053172937,0.9023855176787717,-0.5695706089837415,-0.010973145092553187,-0.42769614107854986,0.17219603224972035,0.2547040852449795,0.026233524538732355,0.46750891479118795,-0.14787549541359596,0.31013227037121543,-0.3339958827463204
-2.456861573531573,1.8648395366625095,-0.8400177128641919,-1.6749523365832528,-1.1936758414262159,-0.035824524158730206,-1.4006523298072417,-1.4424077539511224,0.1600890549304365,0.23004367080492974,-2.5077161213378094,-1.5388360577918225,0.79376753899859,-1.9897963042662505,-2.417406918903318,-0.6780159115056246,2.676060965773504,0.911476003629531,-2.1700364790156863,2.5035301797794673,0.6949167153137346,1.3859991918272534,-1.4769932504878907,0.4542762254123462,0.38814804042293627,-1.138444806376237,-0.6109146010725447,0.559205415097542,-1.0407164101882962,0.17457864592333017,-0.9841778444040927,-0.7592273345670176,-0.7480192371923327,-1.5371460610634409,0.7116668038942107,-0.9032250360785632,1.3766280038267342,-0.06810610030871915,-0.47146906458894683,0.6074818268597336,-0.63791492255073,-1.5401232613563134,1.4761104905309914,0.13926479545750384
-0.8820918239665264,0.414374762946766,0.008486877807767705,-0.7163981166181719,-0.491588012011105,-0.20642107719497224,-0.45818128248786744,-0.5473065812437325,0.2022366980237414,0.3208042324741607,-0.659048552969014,-0.7547068243165429,0.24636782855216166,-0.5409599077677026,-0.9358998261654675,-0.18350292474668423,0.911476003629531,0.6640372842941213,-0.5608190007997457,0.6800106939455481,0.26251592475976326,0.44281569745522287,-0.6370536005573851,0.12795309364359092,0.034682664928197965,-0.27636400024934127,-0.14390334631666024,0.2585821345388608,-0.34465147676172,0.1061611038373155,-0.4076957938205288,-0.4493320038289548,-0.23490274613568624,-0.3698210876762189,0.4519498432689543,-0.18148479370524298,0.32534079008206035,-0.08030115044757243,-0.011864343954900429,0.10822921012058924,-0.3321959876269024,-0.6841305954289341,0.23161090277529706,-0.048945236506120406
1.9431417313615258,-1.8281511131220636,0.7734173474249318,1.4110919953744765,0.8148583553681735,-0.3030724126671587,1.269184672167414,1.1362510947398818,-0.08887674235118109,-0.1559121939003791,2.1701094069111515,0.9255201509967365,-0.6088807629879218,1.580341397026735,1.9996928054638505,0.585864096325384,-2.1700364790156863,-0.5608190007997457,2.258741263600006,-2.111972858147367,-0.6675128143323097,-1.4261665453435441,0.919516963689632,-0.33455561227456826,-0.5042150697051393,1.0234930112741298,0.593300091205953,-0.3729029343767565,0.7065974133918534,-0.17153570635506188,0.8534516698449462,0.2300329090259134,0.7645226656677724,1.5169635251001856,-0.29427054108283485,0.8364680885167546,-1.1314511772276878,-0.09829368720037251,0.6217830416000041,-0.6445222030103874,0.41031109616186473,1.0164803117513448,-1.5720175866012374,-0.05873973065826935
-2.78126277229985,2.3573076664011423,-1.2608932448830572,-1.2210246858081037,-1.4292915443423004,0.01284407280144695,-1.140596400549593,-1.5959211125557804,-0.03915927260327355,-0.5485488068825173,-2.96319467408508,-1.363056528040393,1.600802001796271,-2.139847300449114,-2.148281899771231,-0.6190331395386677,2.5035301797794673,0.6800106939455481,-2.111972858147367,2.9759352715441194,0.44605045196456394,1.265241641055346,-1.8788264301734139,0.3025062202541533,0.3725575918163215,-1.2166364161330927,-0.6872375317945872,1.115689753150486,-1.247970439606814,0.46177377164442374,-0.7251855352427025,-0.7726867608989384,-0.7163505652183588,-1.4825349448800667,0.40900415606065493,-0.9436857718062938,1.8009259645615068,-0.04281223211670868,-0.5784089507768979,0.609307416055144,-0.2005808567205536,-1.887519167602297,1.7149281956105482,0.32933461398520875
-0.33823556299631,0.14845741101783325,-0.17507771377881476,-0.6065271880855441,-0.2983845054687042,0.044542931077543466,-0.9121825675212688,-0.33814136675133905,0.32342936250794285,0.4108712117776392,-0.15698676656676305,-0.5359863142344525,-0.1100824874742578,-0.4007157557371144,-0.6838542912806389,-0.39721989987990775,0.6949167153137346,0.26251592475976326,-0.6675128143323097,0.44605045196456394,1.0129918776204674,0.5207844034792778,0.13497633060109598,0.02338116400422038,0.2136651862651683,-0.7133934208816176,0.016783642870541862,0.32417090892317735,0.08954857319047993,0.031809275343171635,-0.534641800066163,0.0524342180101799,-0.12134914734409738,-0.3735289096190191,-0.15291764132011157,-0.2747407887018917,0.2385530444435441,-0.08937545769883357,-0.20153461843494128,-0.17450018183544097,-0.5353780342587456,-0.07226487776238702,0.18719993027612447,-0.27940048021908576
-1.1279940471217953,1.0610974963159485,-0.3933912568375392,-0.8451918001526441,-0.477675185719415,0.18989118803291974,-0.8086349812074292,-0.7902554546884853,0.015480848107622291,0.22962705935885758,-1.214367238853054,-0.6180149108345865,0.1946990766034789,-0.8985121460116418,-1.2571404268696929,-0.32102432054312097,1.3859991918272534,0.44281569745522287,-1.4261665453435441,1.265241641055346,0.5207844034792778,1.0892805906226029,-0.2763178678949026,0.09070299671312501,0.26775869641525263,-0.7381606908927675,-0.36628491923780643,0.25435911963155355,-0.34808072797676726,0.06594257646389748,-0.6624788322100099,-0.11328633304077758,-0.6190492440600902,-0.9775601685526917,0.219135194306824,-0.5226049351277492,0.7636355774137705,0.08054463192637429,-0.4320838339644744,0.43592534053135834,-0.271615572449569,-0.5043846553476096,0.973626617854648,-0.07947236635087805
2.1473130456491845,-1.4267297492045365,0.7912939300150199,0.757104604111797,1.2658893175632155,0.3425718140167473,0.434199370548138,0.9322637787313238,-0.06625524121780933,0.6056110141384511,2.1535445404022497,1.171001265469987,-1.731692779969401,1.42974001044915,1.3329370124599669,0.2486706090629779,-1.4769932504878907,-0.6370536005573851,0.919516963689632,-1.8788264301734139,0.13497633060109598,-0.2763178678949026,2.3016883516093674,-0.41538356680877314,-0.08012987210713444,0.1815111954683605,0.34848830996268537,-1.0869328208974014,1.0487890360126237,-0.47521216631014745,0.24283190076991965,0.985206604558973,0.1842137463286988,0.47398415067898914,-0.4338963894380804,0.5045654622444694,-0.9586749031766477,0.07565129612375139,-0.012835660782449266,-0.25775629032283004,-0.023027479568338484,1.8955835433262205,-0.8519892686070836,-0.47324538082324974
-0.4751820118022146,0.11769704671142997,-0.09665896675049675,-0.5118422454331092,-0.14494650321493885,-0.14941826590044444,-0.4051459258123663,-0.12116431624258109,0.207608170880494,0.2124078829010073,-0.38731201412359245,-0.24793001725098812,-0.09932596967373156,-0.4176375195550518,-0.4624204124542958,-0.338319880215206,0.4542762254123462,0.12795309364359092,-0.33455561227456826,0.3025062202541533,0.02338116400422038,0.09070299671312501,-0.41538356680877314,0.3341937142393669,0.13141055626462403,-0.08409425439186206,-0.09388292959010185,-0.12290462482667397,-0.11400627317684292,-0.10556401632566129,-0.08643453037375123,-0.10605604184733351,0.23977419695601407,-0.28532110075629247,0.3365408362110976,-0.13735451981637115,0.009588181400816423,-0.05317222674172546,-0.03047891553085681,0.0941570166949628,-0.25833386935104663,-0.1602113417020037,0.11708368453592845,0.15328084018428467
-0.3408592161826576,0.33397226823784387,-0.16405960910072834,-0.4231776815816203,-0.04741359356946814,0.0778610567778284,-0.4230589663050893,-0.17078161928584368,0.13401270012630437,0.10130337295271596,-0.3397306849730909,-0.036613851096462854,-0.04439436571600091,-0.3279355278126369,-0.3850471001404898,-0.2909790078935762,0.38814804042293627,0.034682664928197965,-0.5042150697051393,0.3725575918163215,0.2136651862651683,0.26775869641525263,-0.08012987210713444,0.13141055626462403,0.21693221612961272,-0.33779182727791873,-0.12132007302588035,-0.06744934426996453,-0.04089467517638871,0.010558613206698117,-0.09744563886294864,0.13732194271075168,0.08367292806860518,-0.3697172435767025,0.032440866647632474,-0.13143327093313717,0.14470996101720188,-0.004328337100723957,-0.1995791928589931,0.059859989136990574,-0.18914103902965362,-0.022303955330073087,0.27455160523718586,0.005945192852438036
1.0461633785422093,-0.8442770923631867,0.5846367390492329,0.9685276039376766,0.2942623034650507,0.05302455390112998,1.2499323401960178,0.8004830460598761,-0.35281023164968617,-0.05651473021924683,0.7426557041203038,0.5226265212815145,-0.007158054756284381,0.9794753739247346,1.0762155361197001,0.6928123503150624,-1.138444806376237,-0.27636400024934127,1.0234930112741298,-1.2166364161330927,-0.7133934208816176,-0.7381606908927675,0.1815111954683605,-0.08409425439186206,-0.33779182727791873,1.3195321219062963,0.2583388599357924,-0.19367705554231973,0.30179152339924886,-0.07737244456576407,0.2748240887673859,0.09090145058384128,0.0873710631946948,1.0011062967153697,-0.3228250530766252,0.5092826571692567,-0.6823458650229851,0.36279614128529347,0.5584334354620659,0.022143460748174453,0.7059621079697393,0.24982161528714605,-0.5047356048096657,0.10596995460245826
0.643410655335,-0.6271953597061616,0.23467589865456334,0.34216800835280564,0.2389943183131467,-0.06435390186599489,0.21169583108874956,0.36071548559776634,0.05903867587617827,0.07032438065309136,0.7362291820612872,0.19589774164549031,-0.24718799270214487,0.5049831734556363,0.5314079832102193,0.14168810005913027,-0.6109146010725447,-0.14390334631666024,0.593300091205953,-0.6872375317945872,0.016783642870541862,-0.36628491923780643,0.34848830996268537,-0.09388292959010185,-0.12132007302588035,0.2583388599357924,0.2358503748278041,-0.06885950802411432,0.2885536091060928,-0.06610771429747425,0.14674357607069147,0.10220687208494438,0.17574670371864354,0.4524185045489081,-0.17241286386806476,0.1959104965404321,-0.4075899091741215,-0.041403893709214545,0.18227326911423863,-0.25065136081636064,0.014689658617409644,0.36218477991972137,-0.4899528159920974,-0.09209366150413285
-1.134482542040704,0.7228469290452358,-0.6705400533116581,0.21473985826332262,-1.0750992121896679,-0.17053349031243095,-0.1308089251538707,-0.6248272879506126,-0.115775096611931,-0.7324646219347822,-1.1245303057425313,-0.760834843507015,1.5859479836620798,-0.681274282568329,-0.33023181459594464,-0.06572032651071011,0.559205415097542,0.2585821345388608,-0.3729029343767565,1.115689753150486,0.32417090892317735,0.25435911963155355,-1.0869328208974014,-0.12290462482667397,-0.06744934426996453,-0.19367705554231973,-0.06885950802411432,1.687690868577854,-0.23215484907990988,0.5054088674345026,-0.27948745828021926,-0.4351573217027778,-0.12191929209418832,0.06912404585458527,-0.3958102891504167,-0.2776050933757554,0.933527561391302,0.11981096938690398,-0.02390399414428567,-0.12856713233546693,0.4344018312058776,-1.1475341093199753,0.48214047554671924,0.15408436047849397
1.1361406479605303,-1.1159504142143968,0.4590059086681317,0.426569770764441,0.5801444651791581,-0.032528153089465654,0.17050881072401594,0.6316800508664367,0.14339548508420383,0.35201592370702905,1.3269153015324877,0.6131222094825898,-0.8037652604452931,0.8229192117512538,0.9226910364515996,-0.06470231091005557,-1.0407164101882962,-0.34465147676172,0.7065974133918534,-1.247970439606814,0.08954857319047993,-0.34808072797676726,1.0487890360126237,-0.11400627317684292,-0.04089467517638871,0.30179152339924886,0.2885536091060928,-0.23215484907990988,0.9052461059024847,-0.22828674940854066,0.22963495721648292,0.6020916953931187,0.6323218090957334,0.520746720471842,-0.28621410626472615,0.3974638976016,-0.6790235314885285,0.09483355467295686,0.09938947171499553,-0.40583188799233305,0.06317445888142052,1.0448837491507779,-0.7339019208628922,-0.16640700248988416
-0.3992314735876115,0.5191847542544957,-0.24353295650640075,0.039340010702408564,-0.3213284921354187,0.06317750496066571,0.09278220977541154,-0.22474860085622744,-0.12267654972734982,-0.38700487693464625,-0.49630701759642554,-0.1325602948605831,0.7462341443253511,-0.21305717988785242,-0.12211792150473053,0.16656657696643778,0.17457864592333017,0.1061611038373155,-0.17153570635506188,0.46177377164442374,0.031809275343171635,0.06594257646389748,-0.47521216631014745,-0.10556401632566129,0.010558613206698117,-0.07737244456576407,-0.06610771429747425,0.5054088674345026,-0.22828674940854066,0.3112255166359386,-0.010206954918609464,-0.15453402219074205,-0.1878342418022912,0.05605080416176035,-0.23279000307345257,-0.062488618410516665,0.32247230501626273,0.04939818585112704,-0.02642887189904396,-0.02970765455534078,0.19842856540696222,-0.53347118460926,0.2959709483327401,0.003069600406999833
0.656199373329682,-0.4536290306681758,0.1088612211903758,0.4878664053507906,0.5029632015942112,-0.09575151742274421,0.4485820191603605,0.45199805893849904,-0.015076582765793047,-0.35881629101780216,0.7640079485794068,0.6691973501430425,-0.13968611599051975,0.5189329116551992,0.8827533174918897,0.14740740916113945,-0.9841778444040927,-0.4076957938205288,0.8534516698449462,-0.7251855352427025,-0.534641800066163,-0.6624788322100099,0.24283190076991965,-0.08643453037375123,-0.09744563886294864,0.2748240887673859,0.14674357607069147,-0.27948745828021926,0.22963495721648292,-0.010206954918609464,0.6878517046231158,0.1906324671771178,0.4854468204832187,0.45118212101658395,-0.05696882229151934,0.2929966807409849,-0.4560936878550847,-0.14919349391372605,0.08404173283477016,-0.2823853405344393,0.17617100430390342,0.47519309000576593,-0.5366420166861994,0.0850861882639306
0.8637600259013528,-0.5748987677702998,0.3154955574328063,0.3829365334120892,0.5430584232464654,0.23563353801265033,0.1502935232173547,0.47702602992010834,0.07534820084145498,0.21415044852511236,0.826314599367875,0.7907875152448425,-0.7211328980473207,0.6493534568525711,0.6865471597929093,-0.24872520514049776,-0.7592273345670176,-0.4493320038289548,0.2300329090259134,-0.7726867608989384,0.0524342180101799,-0.11328633304077758,0.985206604558973,-0.10605604184733351,0.13732194271075168,0.09090145058384128,0.10220687208494438,-0.4351573217027778,0.6020916953931187,-0.15453402219074205,0.1906324671771178,0.8330057978387051,0.528245171524813,0.1266703173037995,-0.3992872967637539,0.3706128876344095,-0.3599249868894937,0.2044051853969144,-0.08619730710131411,-0.08200753954061357,0.18047966808234317,0.9736679549043609,-0.3268893840956654,-0.06344590602229552
0.2982518386703545,-1.1178752792505626,0.3278734362352951,0.13200615989448808,0.20522540714216364,-0.5150461890356482,-0.17025123233701345,0.3543045887101601,0.5991378107642963,0.2744557478310563,0.8634005578085503,0.3886041168479122,-0.6729940007517197,0.3383049478075209,0.6204422832474055,-1.0091702053172937,-0.7480192371923327,-0.23490274613568624,0.7645226656677724,-0.7163505652183588,-0.12134914734409738,-0.6190492440600902,0.1842137463286988,0.23977419695601407,0.08367292806860518,0.0873710631946948,0.17574670371864354,-0.12191929209418832,0.6323218090957334,-0.1878342418022912,0.4854468204832187,0.528245171524813,1.7070307565640228,0.24298094569478124,0.21587102692689808,0.5929129084236273,-0.37480389499849137,-0.06233049703676967,0.12240474010702684,-0.4631303728030522,-0.05857884940072342,0.7182323393331945,-1.060224210009989,0.3117450446738601
1.4195121996722369,-1.0510146892174552,0.4783239758005504,1.106015904609861,0.3958074621915134,-0.025950023091667905,1.1932947762459771,0.9019393086380156,-0.3364109822104684,-0.24473108623934767,1.297997626616505,0.6442501831236319,0.08036698783839416,1.1334039294505025,1.5011696363077367,0.9023855176787717,-1.5371460610634409,-0.3698210876762189,1.5169635251001856,-1.4825349448800667,-0.3735289096190191,-0.9775601685526917,0.47398415067898914,-0.28532110075629247,-0.3697172435767025,1.0011062967153697,0.4524185045489081,0.06912404585458527,0.520746720471842,0.05605080416176035,0.45118212101658395,0.1266703173037995,0.24298094569478124,1.4526896947863068,-0.6495795105649637,0.5724081883644616,-0.804006503035955,0.17598624083620287,0.5590104364874471,-0.4556401449662539,0.5525878843038844,0.40613119090113786,-0.7822315870285318,-0.15863765428660362
-0.7473157111410406,0.018708762032808624,0.0775023050445999,-0.8273036453917116,-0.07892002455753362,-0.4477381308909209,-0.6398923569141665,-0.42062190324614246,0.40951350893360716,0.4509011998149645,-0.29238008880406374,-0.5156827224477584,-0.49609548430101186,-0.5236844658876298,-0.818211889657984,-0.5695706089837415,0.7116668038942107,0.4519498432689543,-0.29427054108283485,0.40900415606065493,-0.15291764132011157,0.219135194306824,-0.4338963894380804,0.3365408362110976,0.032440866647632474,-0.3228250530766252,-0.17241286386806476,-0.3958102891504167,-0.28621410626472615,-0.23279000307345257,-0.05696882229151934,-0.3992872967637539,0.21587102692689808,-0.6495795105649637,1.0548000617618771,-0.16799884562921263,0.0514923309039824,-0.3389818859037286,-0.08848044358869324,0.14954316831119746,-0.5928713499965337,-0.15901755316064595,-0.13745600939704436,0.17045008576518916
0.8357180296491792,-0.852580301694373,0.5629542859007483,0.5869203021667473,0.33600510721959026,-0.06385381056667504,0.6332682768620516,0.4949918430167009,0.028952483330631086,0.16259303462025165,0.9094884858157305,0.5076165341987233,-0.4148078116824528,0.7857971373193764,0.8107780843456774,-0.010973145092553187,-0.9032250360785632,-0.18148479370524298,0.8364680885167546,-0.9436857718062938,-0.2747407887018917,-0.5226049351277492,0.5045654622444694,-0.13735451981637115,-0.13143327093313717,0.5092826571692567,0.1959104965404321,-0.2776050933757554,0.3974638976016,-0.062488618410516665,0.2929966807409849,0.3706128876344095,0.5929129084236273,0.5724081883644616,-0.16799884562921263,0.6140025354624096,-0.42022855265332953,0.15795115751731248,0.2856687649452548,-0.19988340194273568,0.3002787667743951,0.5267336721225867,-0.7295813759564354,0.01779212032158085
-1.5857374420191712,1.3349190595354867,-0.7453162775533242,-0.30006300184869256,-0.9754367332531613,0.03869180842129645,-0.4100737235299655,-0.9951686385384347,-0.16350725979646719,-0.47284873977830916,-1.762968844751112,-0.7933802028149318,1.0929555559220612,-1.1632213853180573,-1.0576152714931988,-0.42769614107854986,1.3766280038267342,0.32534079008206035,-1.1314511772276878,1.8009259645615068,0.2385530444435441,0.7636355774137705,-0.9586749031766477,0.009588181400816423,0.14470996101720188,-0.6823458650229851,-0.4075899091741215,0.933527561391302,-0.6790235314885285,0.32247230501626273,-0.4560936878550847,-0.3599249868894937,-0.37480389499849137,-0.804006503035955,0.0514923309039824,-0.42022855265332953,1.3696171173879972,0.11396286123685884,-0.31657937797535096,0.38739538324395556,0.19161684211939117,-1.112783806279277,0.9714375635772204,0.2470082637475002
0.11812977419844967,0.06618927527790794,0.09069669089348051,0.31118049291729133,-0.10126394845675236,0.21567631464348055,0.44034676918809246,0.11643206380287659,-0.2714691652910125,-0.016523444227466152,-0.21243618703340295,0.16291800356673963,0.18830306705258448,0.14006214503593203,0.17394734211930227,0.17219603224972035,-0.06810610030871915,-0.08030115044757243,-0.09829368720037251,-0.04281223211670868,-0.08937545769883357,0.08054463192637429,0.07565129612375139,-0.05317222674172546,-0.004328337100723957,0.36279614128529347,-0.041403893709214545,0.11981096938690398,0.09483355467295686,0.04939818585112704,-0.14919349391372605,0.2044051853969144,-0.06233049703676967,0.17598624083620287,-0.3389818859037286,0.15795115751731248,0.11396286123685884,0.3883373899345357,0.08884398195391562,0.1839575875685494,0.44839070023040933,-0.05017340097706996,0.23005278441747384,0.04602398748702427
0.45722238190183606,-0.5444121546309325,0.32632242873732564,0.39202508137679554,0.036232308842913806,-0.10285313746402008,0.5126226897368213,0.3373707544416652,-0.06342632380907168,0.06508906994114073,0.4393043203469167,0.03813169162714332,-0.008184634663798417,0.4356253954434429,0.4340932885308168,0.2547040852449795,-0.47146906458894683,-0.011864343954900429,0.6217830416000041,-0.5784089507768979,-0.20153461843494128,-0.4320838339644744,-0.012835660782449266,-0.03047891553085681,-0.1995791928589931,0.5584334354620659,0.18227326911423863,-0.02390399414428567,0.09938947171499553,-0.02642887189904396,0.08404173283477016,-0.08619730710131411,0.12240474010702684,0.5590104364874471,-0.08848044358869324,0.2856687649452548,-0.31657937797535096,0.08884398195391562,0.3591824762719102,-0.11087105757726111,0.1948001061502661,0.013678076206949547,-0.4257826136501164,0.01950346935698751
-0.5123371962660632,0.6192047647735835,-0.11206106901036181,-0.1351691859911914,-0.21700222422274898,0.19997709430867247,0.05300035974981027,-0.27381868502914586,-0.21713831357121433,-0.007392010843196378,-0.8091742742766035,-0.14936435972154208,0.13065720004793333,-0.3457080090999764,-0.5071994948701054,0.026233524538732355,0.6074818268597336,0.10822921012058924,-0.6445222030103874,0.609307416055144,-0.17450018183544097,0.43592534053135834,-0.25775629032283004,0.0941570166949628,0.059859989136990574,0.022143460748174453,-0.25065136081636064,-0.12856713233546693,-0.40583188799233305,-0.02970765455534078,-0.2823853405344393,-0.08200753954061357,-0.4631303728030522,-0.4556401449662539,0.14954316831119746,-0.19988340194273568,0.38739538324395556,0.1839575875685494,-0.11087105757726111,0.565675489996446,0.16162888489931185,-0.3254433880457482,0.6247474910544675,0.13448746420379942
0.3261004495928092,0.04164614736468978,0.016615522810948604,1.0385463412068716,-0.11033871844841793,0.22366978434210796,1.0625161071630647,0.26128515497557714,-0.5364096178529384,-0.599573000891908,-0.12431615992588356,0.4426569881969092,0.6734386377991944,0.4280290917882404,0.7943378950802499,0.46750891479118795,-0.63791492255073,-0.3321959876269024,0.41031109616186473,-0.2005808567205536,-0.5353780342587456,-0.271615572449569,-0.023027479568338484,-0.25833386935104663,-0.18914103902965362,0.7059621079697393,0.014689658617409644,0.4344018312058776,0.06317445888142052,0.19842856540696222,0.17617100430390342,0.18047966808234317,-0.05857884940072342,0.5525878843038844,-0.5928713499965337,0.3002787667743951,0.19161684211939117,0.44839070023040933,0.1948001061502661,0.16162888489931185,0.9657867949218447,-0.1335969453856854,0.12591315336053313,0.1845530441433144
1.9152163586315698,-1.5930658673621925,0.7279719691179309,0.5887098045124047,1.269046837329034,0.09581570527549083,0.21023672501269355,0.9789024021923974,0.22307385256435924,0.5867742832810109,2.1235150485690326,1.1778799222045127,-1.7900119913653019,1.3282934191763258,1.3109379843560092,-0.14787549541359596,-1.5401232613563134,-0.6841305954289341,1.0164803117513448,-1.887519167602297,-0.07226487776238702,-0.5043846553476096,1.8955835433262205,-0.1602113417020037,-0.022303955330073087,0.24982161528714605,0.36218477991972137,-1.1475341093199753,1.0448837491507779,-0.53347118460926,0.47519309000576593,0.9736679549043609,0.7182323393331945,0.40613119090113786,-0.15901755316064595,0.5267336721225867,-1.112783806279277,-0.05017340097706996,0.013678076206949547,-0.3254433880457482,-0.1335969453856854,1.9251566257760537,-1.0870361340233972,-0.22234429011650877
-1.3833251767485533,1.8555105454727638,-0.839697097671874,-0.6576544808033462,-0.6631564513717705,0.45200287334754774,-0.3512065266918325,-0.7679160459581214,-0.4845370064425949,-0.4417256264843722,-1.9759899206831062,-0.47705108878341196,1.0876388172889062,-1.221826386780501,-1.170480702957885,0.31013227037121543,1.4761104905309914,0.23161090277529706,-1.5720175866012374,1.7149281956105482,0.18719993027612447,0.973626617854648,-0.8519892686070836,0.11708368453592845,0.27455160523718586,-0.5047356048096657,-0.4899528159920974,0.48214047554671924,-0.7339019208628922,0.2959709483327401,-0.5366420166861994,-0.3268893840956654,-1.060224210009989,-0.7822315870285318,-0.13745600939704436,-0.7295813759564354,0.9714375635772204,0.23005278441747384,-0.4257826136501164,0.6247474910544675,0.12591315336053313,-1.0870361340233972,1.6566124399665139,0.02657691399367519
-0.4264125950112789,0.10291139889033048,-0.14806087911385685,0.08016829361218959,-0.23071314275671864,-0.1400662470524802,0.03115406339998064,-0.11700625040997051,0.04526747073209192,-0.18949597199363455,-0.43674113277997506,-0.09116320163655385,0.23230775882568247,-0.231919118739213,-0.0851207465650998,-0.3339958827463204,0.13926479545750384,-0.048945236506120406,-0.05873973065826935,0.32933461398520875,-0.27940048021908576,-0.07947236635087805,-0.47324538082324974,0.15328084018428467,0.005945192852438036,0.10596995460245826,-0.09209366150413285,0.15408436047849397,-0.16640700248988416,0.003069600406999833,0.0850861882639306,-0.06344590602229552,0.3117450446738601,-0.15863765428660362,0.17045008576518916,0.01779212032158085,0.2470082637475002,0.04602398748702427,0.01950346935698751,0.13448746420379942,0.1845530441433144,-0.22234429011650877,0.02657691399367519,0.3322129015291853
