V1,V2,V3,V4,V5,V6,V7,V8,V9,V10,V11,V12,V13,V14,V15,V16,V17,V18,V19,V20,V21,V22,V23,V24,V25,V26,V27,V28,V29,V30,V31,V32,V33,V34,V35,V36,V37,V38,V39,V40,V41,V42,V43,V44
1.59599293270634,-1.1491967026328875,-3.148453660470254,1.630858116129182,3.4517933476263525,-0.7983780886836681,-0.15227774499089294,-3.3140796643891832,1.416257590364205,-0.5199436219740974,-1.4732084530282163,2.083258886743071,0.35352055533974774,7.320437256390745,1.6832816156790795,0.5042507636438832,-0.8304856043133995,2.1660499748091584,1.0380162208892778,0.9773557232637017,-1.9042773148647705,4.479064655514856,-0.9122074178437941,-3.227085066128824,-0.28702699531534015,-1.1782812731817218,2.6413251497138046,1.9818470403055286,-0.798719942610365,2.8948814042364703,0.14666382305590375,0.784909784465068,-1.11473066022851,2.5519220307728188,-1.4146627203524924,0.9997785454376403,1.5572315570791886,1.6228322154468606,-0.466432140914746,-0.12663214530857048,2.2937004208972,3.7283079717147176,-1.4809311236386578,1.0632584314079165
-1.1491967026328875,0.8611170847862138,2.1844141820810066,-1.1281316173104428,-2.446014282214884,0.5929936319875216,0.18203172455974057,2.201658879179311,-1.1306048832757452,0.3533427447498603,1.062196229792486,-1.3897800587151148,-0.29707724702476535,-5.014909120802449,-1.1101828253005896,-0.4450554183695471,0.5560459394809881,-1.3907870914157165,-0.7402615250870974,-0.8161942652910614,1.3687942603639984,-3.049963684143054,0.5856486853864551,2.246300735962838,0.18401354262279127,0.9206710237919441,-1.8721569818821358,-1.3177758761137803,0.5444425344437113,-2.058996576334697,-0.14129085926421428,-0.4117956568001658,0.8778277048444213,-1.8480826328719657,0.9772937684897266,-0.6160547850852778,-1.1272976943208086,-1.1273035675826544,0.28940966728340783,0.02129944162358732,-1.5454677991442884,-2.640041634741312,0.968176111748295,-0.7922776966114371
-3.148453660470254,2.1844141820810066,6.705027173828304,-3.4312824117348204,-7.155677448464934,1.4555332640381313,-0.10490393667310427,7.653015282147254,-2.0320611787577376,1.2473832203187412,2.9763483721039847,-4.6037513269318895,-0.4110431507255422,-16.0085479709687,-3.937862047752542,-0.5136413279284266,1.8550369700099356,-5.373938439905737,-2.0628052854960335,-1.2650558114150425,3.912467965421474,-9.938932111943883,2.2736212960321245,6.715076299911254,0.7165081235836385,1.9124406856694331,-5.442618880869397,-4.51255350499567,1.8324355296753008,-5.776185537406998,-0.04917774901018101,-2.4454768566319207,1.6657333693894611,-5.00486666455663,2.9890322139841494,-2.524011078817226,-2.9621502636951536,-3.486025068625102,1.3348463611543504,0.5911128810463556,-5.173868189756114,-7.595561151816996,3.600248691939604,-1.8238293673221513
1.630858116129182,-1.1281316173104428,-3.4312824117348204,1.8285133378686276,3.6731129429853584,-0.7180797568622245,0.0352530789850066,-3.9486846797606585,1.0074413542252054,-0.6129299883238194,-1.5343735291909335,2.370402543497481,0.1668173563052329,8.21245318247298,2.007569245361392,0.23307032144729128,-0.9443567148125236,2.7928143433152406,1.066620400820222,0.5999134546532849,-2.0140070302872877,5.0819086457751865,-1.1638273024734143,-3.402391551662681,-0.3768571295156585,-0.9869651989899403,2.8043526947801656,2.2783989871334382,-0.9243777489355292,2.936975694074465,0.054039971236092055,1.2994867048756957,-0.8600691961762713,2.5432295238646416,-1.55910070076971,1.3423956759249616,1.5364145101245597,1.8212951516014175,-0.693300209725287,-0.3422232353269678,2.6841868417234664,3.899414870638058,-1.8743225960253418,0.88658369255257
3.4517933476263525,-2.446014282214884,-7.155677448464934,3.6731129429853584,7.748952786515254,-1.616320151171008,-0.033174569483592514,-8.032206353512507,2.4340138933349413,-1.2895998196624539,-3.2537251256606488,4.835055069684272,0.4893189167308653,17.017494235612027,4.107760815755461,0.7104164781149701,-1.9477717181421266,5.574055849643225,2.2388976114071446,1.574633594810049,-4.282694790311513,10.52415973600943,-2.3542494608368805,-7.180559542813924,-0.7481090368649609,-2.2134026613275437,5.901218602692823,4.707210163959612,-1.9431923530450674,6.2527329944222085,0.13474656114631212,2.3834401497969293,-1.9733391492078867,5.490727847969222,-3.190832422525871,2.5884657735028616,3.243590790727787,3.737801383323056,-1.3683818398632626,-0.5331373652661944,5.455197192786305,8.224642491299198,-3.7618677582173765,2.023023939312676
-0.7983780886836681,0.5929936319875216,1.4555332640381313,-0.7180797568622245,-1.616320151171008,0.486490462528025,0.19389853179358876,1.2548200984955382,-1.0522067081414983,0.20888475555576122,0.710981604673418,-0.9129548458455077,-0.36709152375399545,-3.171572670428246,-0.6406743301029171,-0.46311416490024276,0.3560384637021032,-0.6439395720642556,-0.5342415269284739,-0.7958715005408057,0.8703402621177099,-1.9002495166147466,0.28305152856812155,1.5958413893850931,0.0736528140996143,0.7604146098017728,-1.2409486668492844,-0.8413244508953692,0.3113214626509242,-1.516655124280511,-0.13758829551918333,-0.04869064290903194,0.7787525336230812,-1.328184075868176,0.6438619276909896,-0.27252654003288906,-0.8527732153745835,-0.6951855669746732,0.04374839148909331,-0.08923938705496282,-0.9140101096943558,-1.823459527352837,0.45547414286608273,-0.7329979294815896
-0.15227774499089294,0.18203172455974057,-0.10490393667310427,0.0352530789850066,-0.033174569483592514,0.19389853179358876,0.36871634340994425,-0.6575506386772356,-0.8213577960711161,-0.1167312379112357,0.07990932724368292,0.2270417030331896,-0.3162635936454423,0.6536773105614964,0.3592354861726948,-0.47902650880746717,-0.09798831677595175,0.7782278912410519,-0.08742725345503485,-0.7050113971754196,0.040925417308422155,0.5176776596979876,-0.33632000866607803,0.037595440418411404,-0.10783418389935683,0.48958128060041417,-0.05404957666838255,0.2993119771064443,-0.14889081598876727,-0.24359935298679466,-0.21743466144883716,0.7191310225642182,0.5744705781684177,-0.2871628983185258,-0.03007546912098225,0.40739994156232157,-0.2579438299919923,0.10212129265229958,-0.31455025112654644,-0.2965128576622895,0.3460258190163892,-0.16166430454737943,-0.46312361769481186,-0.36524280407808807
-3.3140796643891832,2.201658879179311,7.653015282147254,-3.9486846797606585,-8.032206353512507,1.2548200984955382,-0.6575506386772356,9.762124473696932,-0.8253880300483936,1.5634035717223704,3.243650264141364,-5.473031240684336,0.23311593910274478,-19.06232441107152,-5.035079649634905,0.26936588823025853,2.2347353014962565,-7.445452306119308,-2.1324520647314715,-0.16179788232859252,4.4392000931971305,-12.006087602991874,3.1318670826659427,7.337251534236044,1.024635678875396,1.3102419105529186,-6.079578804581423,-5.4944922052505545,2.3245308061332035,-5.947940086795093,0.2660453801527688,-3.9648659573830667,0.8706713579015228,-5.141186980045313,3.4078846282653363,-3.5638251874539155,-2.8432521314714876,-4.124558395215044,2.132501678405416,1.2029683647736447,-6.415074908659301,-8.252522422468934,4.924536078810923,-1.25180832334613
1.416257590364205,-1.1306048832757452,-2.0320611787577376,1.0074413542252054,2.4340138933349413,-1.0522067081414983,-0.8213577960711161,-0.8253880300483936,2.9011925881060088,-0.12326533824011099,-1.1613194104715432,1.0717452447457039,1.1102576688071932,3.7353999945600953,0.38762054443136323,1.4557449734177768,-0.3883422355026646,-0.2961708445855917,0.958326012287095,2.3132102465151583,-1.2968245440478527,2.043445397067248,0.10581066478181525,-2.5231784461321864,0.07609938002373065,-1.8971991731814168,1.9067032654955678,0.8260699939078674,-0.21943935812373658,2.719245564993753,0.5274529077581178,-1.0498526273848399,-2.088840197525899,2.4270568333842135,-0.9183042490646397,-0.23302875599674755,1.7054525003446184,0.8617716823909354,0.49399739732803893,0.6030853953283954,0.815867697243971,2.9841805202900256,0.09482945099891288,1.7633275388192564
-0.5199436219740974,0.3533427447498603,1.2473832203187412,-0.6129299883238194,-1.2895998196624539,0.20888475555576122,-0.1167312379112357,1.5634035717223704,-0.12326533824011099,0.29985783450012216,0.5177964358313731,-0.8652231126703595,0.0024981931100044956,-3.063478021685009,-0.8310427632796191,0.04084975760151788,0.36919293759859545,-1.1789646485980643,-0.3365328621025739,-0.04979330956425555,0.7063630452606168,-1.9473914603933906,0.5007143120523319,1.1963243052618067,0.16070056779957573,0.2185320173050111,-0.9709047385705755,-0.9242698652621375,0.37896677443249505,-0.9617880895026503,0.05931642046746329,-0.6334775333808869,0.11599340693288761,-0.83001009329371,0.5467648152635819,-0.5403051146297593,-0.45314195306255173,-0.6483818547496298,0.36275356705021955,0.17633149589868685,-1.0279667685643568,-1.3205796156626222,0.7865698825770707,-0.2133474187120835
-1.4732084530282163,1.062196229792486,2.9763483721039847,-1.5343735291909335,-3.2537251256606488,0.710981604673418,0.07990932724368292,3.243650264141364,-1.1613194104715432,0.5177964358313731,1.3814676181342789,-1.9793369576772495,-0.26145595772245306,-7.008475081486354,-1.6496748174355533,-0.38330016487024843,0.7932699564600483,-2.1992211895784632,-0.9548037226146747,-0.7825112111874932,1.8042939391543429,-4.313053822165923,0.9278890385019846,3.0062088271892735,0.29349374662978256,1.015957025561053,-2.481801626447842,-1.9068626299221851,0.7884692718977827,-2.659458342853188,-0.0959807021399275,-0.8723562846847285,0.9294381628626015,-2.3484721524486876,1.3292254071007237,-1.012569246016409,-1.4044122866399704,-1.5514694359820347,0.5162001554591902,0.1680350353964262,-2.224001234416782,-3.4710697825417562,1.4940986732855037,-0.9094000770694897
2.083258886743071,-1.3897800587151148,-4.6037513269318895,2.370402543497481,4.835055069684272,-0.9129548458455077,0.2270417030331896,-5.473031240684336,1.0717452447457039,-0.8652231126703595,-1.9793369576772495,3.265264649355216,0.15513710486729748,11.15657680786791,2.815163953776898,0.15358428033763277,-1.3047435509521987,3.9598781034352517,1.3793231001231265,0.5671554855641215,-2.6159755023722506,6.960800266535371,-1.6759237116679573,-4.575220431188321,-0.5282150543025749,-1.0987102148745567,3.6723087042894726,3.1902056843894324,-1.2907015184430364,3.853349771045172,-0.04530005406188093,1.965088683573302,-0.9257522559595065,3.2808973463000526,-2.0573711187821555,1.9061405519970172,1.930686002882509,2.4125719513474224,-0.9990026084005181,-0.5410656485096501,3.6614625175130926,5.1107220884047555,-2.618624676411236,1.1193197541524507
0.35352055533974774,-0.29707724702476535,-0.4110431507255422,0.1668173563052329,0.4893189167308653,-0.36709152375399545,-0.3162635936454423,0.23311593910274478,1.1102576688071932,0.0024981931100044956,-0.26145595772245306,0.15513710486729748,0.5335354758444344,0.431617517781143,-0.11775328996543019,0.5970708011767666,-0.039294329157814334,-0.5685328315311319,0.2746385644466298,0.930305777393473,-0.20883862121492766,0.16459310674039113,0.21916458175224018,-0.6525876552242126,0.1036591055206333,-0.6813018651986665,0.38725227903983317,0.07219945869936062,0.049131750032200015,0.7975386424469733,0.1979051769904493,-0.6188889023145453,-0.7737957600886225,0.6637237665875468,-0.17894038570578835,-0.3095165098150074,0.5376994081596319,0.09416642262017294,0.3476350836336472,0.31954707539319305,-0.03501814167667391,0.7182765582338898,0.3504364361946032,0.70312407048432
7.320437256390745,-5.014909120802449,-16.0085479709687,8.21245318247298,17.017494235612027,-3.171572670428246,0.6536773105614964,-19.06232441107152,3.7353999945600953,-3.063478021685009,-7.008475081486354,11.15657680786791,0.431617517781143,38.865800562146134,9.798484224906357,0.5920486252526602,-4.509100000977935,13.853852922979977,4.7656577966056055,2.0500345993259494,-9.35263470169991,24.253121381745856,-5.853606219856974,-15.784895204280273,-1.8706883758846748,-3.905503687502888,12.916115332413668,11.007613380083548,-4.566906900797735,13.314074017334928,-0.1230223481159472,6.716617152517455,-3.214187809275179,11.537424689106036,-7.12576091398233,6.552832234567907,6.661288264886148,8.451532012037514,-3.6438711280793963,-1.8019628036788469,12.744291365558999,17.83956719259611,-9.228721224575384,3.726722650672918
1.6832816156790795,-1.1101828253005896,-3.937862047752542,2.007569245361392,4.107760815755461,-0.6406743301029171,0.3592354861726948,-5.035079649634905,0.38762054443136323,-0.8310427632796191,-1.6496748174355533,2.815163953776898,-0.11775328996543019,9.798484224906357,2.620077639270431,-0.15932696780455213,-1.1623812671508655,3.8355006802675455,1.0803686265256158,0.06618112388809508,-2.2650053569376443,6.186642999794752,-1.6150453999700856,-3.7786355751176663,-0.5287598864939621,-0.6473459272184791,3.107403272038444,2.8675780121174483,-1.1995859197084302,3.040943088504561,-0.15795877590924007,2.0579762214431634,-0.4051312243161859,2.627102347623375,-1.7477319862627565,1.8270844590091797,1.4408228591723962,2.1018813028961487,-1.1183877549020775,-0.6251036170256685,3.298619201332814,4.220508711926773,-2.5392520446670006,0.6335286573077531
0.5042507636438832,-0.4450554183695471,-0.5136413279284266,0.23307032144729128,0.7104164781149701,-0.46311416490024276,-0.47902650880746717,0.26936588823025853,1.4557449734177768,0.04084975760151788,-0.38330016487024843,0.15358428033763277,0.5970708011767666,0.5920486252526602,-0.15932696780455213,0.7874220940620843,-0.03824122547661057,-0.6827373092038221,0.3464303485405678,1.2049075320704405,-0.375517516697598,0.21400498557895442,0.2744393494737124,-0.7857555331331632,0.11253603577752712,-0.9004881278137018,0.5682286077120696,0.030696053790563994,0.0430685708395297,0.991447108846169,0.29223822172364083,-0.8408342358265262,-1.0267320799956017,0.9086580937242873,-0.22891143736807343,-0.3856557799013815,0.6806229809397065,0.15768040937759578,0.4023126049444779,0.41267315857831516,-0.035412082923038574,0.9697776557255938,0.3971447840037683,0.8275334765479377
-0.8304856043133995,0.5560459394809881,1.8550369700099356,-0.9443567148125236,-1.9477717181421266,0.3560384637021032,-0.09798831677595175,2.2347353014962565,-0.3883422355026646,0.36919293759859545,0.7932699564600483,-1.3047435509521987,-0.039294329157814334,-4.509100000977935,-1.1623812671508655,-0.03824122547661057,0.5355340785337975,-1.6265652772284582,-0.5400043817829275,-0.20256994171070036,1.0630430611058588,-2.8240467042189685,0.6862896560653172,1.8310254623924502,0.2210788885272395,0.4214849497433113,-1.478877885291733,-1.310258323197362,0.5298907229529227,-1.5238290276847946,0.029698270439973057,-0.8120203673120524,0.332380426424045,-1.3123559328360812,0.8271531410692113,-0.7715742138060231,-0.7548847944927287,-0.9678360515391449,0.4396317304012833,0.228126478234918,-1.4851165906583805,-2.045745673296473,1.0834025348679397,-0.4144421278284033
2.1660499748091584,-1.3907870914157165,-5.373938439905737,2.7928143433152406,5.574055849643225,-0.6439395720642556,0.7782278912410519,-7.445452306119308,-0.2961708445855917,-1.1789646485980643,-2.1992211895784632,3.9598781034352517,-0.5685328315311319,13.853852922979977,3.8355006802675455,-0.6827373092038221,-1.6265652772284582,6.002723217009709,1.375674077634288,-0.634571266583549,-3.1107777013418643,8.820295846828236,-2.5201796237949123,-4.951565835850622,-0.8378551322063196,-0.41732759265414754,4.194975563983936,4.037007026822574,-1.774270488350886,3.803620170283639,-0.3761468661930564,3.4696417136803683,-0.014483647515133745,3.276625062788315,-2.3852632008891423,2.8987736246252065,1.6830979854245096,2.993846858779924,-1.8499009041548233,-1.1417966998793472,4.805279629065125,5.550506432412151,-3.936631604709891,0.39736920635002954
1.0380162208892778,-0.7402615250870974,-2.0628052854960335,1.066620400820222,2.2388976114071446,-0.5342415269284739,-0.08742725345503485,-2.1324520647314715,0.958326012287095,-0.3365328621025739,-0.9548037226146747,1.3793231001231265,0.2746385644466298,4.7656577966056055,1.0803686265256158,0.3464303485405678,-0.5400043817829275,1.375674077634288,0.6939718486725677,0.6632458752341679,-1.2112331307922282,2.914015842722248,-0.5851006831531524,-2.136777409095954,-0.17560645353344745,-0.7843992598381251,1.7099291296430688,1.2954060006849388,-0.5100846196831861,1.927507376686372,0.09442662419917083,0.5015917151584809,-0.7541232590241792,1.6646616074587504,-0.9261077188584089,0.641532599474309,1.0395461687949055,1.0538361896994435,-0.2650416913911235,-0.07176103090117832,1.4876627816337087,2.437740053951662,-0.931120352252231,0.7462454342187563
0.9773557232637017,-0.8161942652910614,-1.2650558114150425,0.5999134546532849,1.574633594810049,-0.7958715005408057,-0.7050113971754196,-0.16179788232859252,2.3132102465151583,-0.04979330956425555,-0.7825112111874932,0.5671554855641215,0.930305777393473,2.0500345993259494,0.06618112388809508,1.2049075320704405,-0.20256994171070036,-0.634571266583549,0.6632458752341679,1.8941557312065382,-0.8365536030565988,1.0504680828652975,0.24951113232252922,-1.6725854441831955,0.1154724690021672,-1.4853513512776224,1.24150738073938,0.4028584016139094,-0.06555922442186733,1.9007753945952282,0.43645263463255163,-1.0701108608346268,-1.6416859226432865,1.7184198003757578,-0.5673491990205012,-0.39793255351843715,1.2343058452927902,0.48200516775257457,0.4916166041560315,0.5683551937455736,0.32818465438071415,2.0001903857456895,0.33032223979122655,1.367216628952087
-1.9042773148647705,1.3687942603639984,3.912467965421474,-2.0140070302872877,-4.282694790311513,0.8703402621177099,0.040925417308422155,4.4392000931971305,-1.2968245440478527,0.7063630452606168,1.8042939391543429,-2.6159755023722506,-0.20883862121492766,-9.35263470169991,-2.2650053569376443,-0.375517516697598,1.0630430611058588,-3.1107777013418643,-1.2112331307922282,-0.8365536030565988,2.4044425686201363,-5.783546716220347,1.3073437104049965,3.8894272664578087,0.42557725263418333,1.2028391470642128,-3.263600090716973,-2.559675391610837,1.0844015354911924,-3.38094309850701,-0.08003888023401981,-1.3129049717128827,1.0575101382310061,-3.019690478784588,1.7434435327154243,-1.431721105451715,-1.7502954698458646,-2.066414261888746,0.8011637765482535,0.29861023811141907,-3.004458295906933,-4.5104454683065205,2.1119122240329036,-1.0392956769201567
4.479064655514856,-3.049963684143054,-9.938932111943883,5.0819086457751865,10.52415973600943,-1.9002495166147466,0.5176776596979876,-12.006087602991874,2.043445397067248,-1.9473914603933906,-4.313053822165923,6.960800266535371,0.16459310674039113,24.253121381745856,6.186642999794752,0.21400498557895442,-2.8240467042189685,8.820295846828236,2.914015842722248,1.0504680828652975,-5.783546716220347,15.17594851196326,-3.729188826265646,-9.749967300706595,-1.1939699596874958,-2.261433672970461,7.9779778252211,6.915577536346815,-2.878153900369333,8.151114130463773,-0.14844476305467674,4.3779396770363075,-1.7947543437268128,7.0520734725069625,-4.41571443544607,4.172759821239229,4.031037262580395,5.257167620547885,-2.3719113079988143,-1.20417540251979,7.99336765611985,10.984370216008472,-5.863555770668914,2.1787333136024083
-0.9122074178437941,0.5856486853864551,2.2736212960321245,-1.1638273024734143,-2.3542494608368805,0.28305152856812155,-0.33632000866607803,3.1318670826659427,0.10581066478181525,0.5007143120523319,0.9278890385019846,-1.6759237116679573,0.21916458175224018,-5.853606219856974,-1.6150453999700856,0.2744393494737124,0.6862896560653172,-2.5201796237949123,-0.5851006831531524,0.24951113232252922,1.3073437104049965,-3.729188826265646,1.0650114955358847,2.1092636199121793,0.34860240188155195,0.17935677069033773,-1.7678565385334004,-1.7092474603726842,0.7519089589091429,-1.6249777602573494,0.1651979259500817,-1.45117473524638,0.01497261571824362,-1.3916234179021691,1.0011258895731638,-1.2116991492570826,-0.7131205594101714,-1.2577793373678894,0.7670227105609428,0.4685488097474588,-2.0204907032831185,-2.3474537403165194,1.6481287209941848,-0.19454398467290998
-3.227085066128824,2.246300735962838,6.715076299911254,-3.402391551662681,-7.180559542813924,1.5958413893850931,0.037595440418411404,7.337251534236044,-2.5231784461321864,1.1963243052618067,3.0062088271892735,-4.575220431188321,-0.6525876552242126,-15.784895204280273,-3.7786355751176663,-0.7857555331331632,1.8310254623924502,-4.951565835850622,-2.136777409095954,-1.6725854441831955,3.8894272664578087,-9.749967300706595,2.1092636199121793,6.868698768401864,0.6464523133702568,2.167974187115727,-5.468840200438174,-4.439151114416551,1.7579527541834288,-6.01245103563203,-0.13564296868088968,-2.0764921240172813,1.9947643801266526,-5.185312628030253,2.988701908128345,-2.3129360981154794,-3.1345564811278446,-3.4231946067074355,1.1143737795594604,0.4277571392101381,-5.007982002760266,-7.7322642553033925,3.3247489133189334,-2.128616147580385
-0.28702699531534015,0.18401354262279127,0.7165081235836385,-0.3768571295156585,-0.7481090368649609,0.0736528140996143,-0.10783418389935683,1.024635678875396,0.07609938002373065,0.16070056779957573,0.29349374662978256,-0.5282150543025749,0.1036591055206333,-1.8706883758846748,-0.5287598864939621,0.11253603577752712,0.2210788885272395,-0.8378551322063196,-0.17560645353344745,0.1154724690021672,0.42557725263418333,-1.1939699596874958,0.34860240188155195,0.6464523133702568,0.12016990676960958,0.03730390723771712,-0.5645315189708817,-0.5459813053275302,0.2436477095744907,-0.4853362935370763,0.053431955053330385,-0.48844233448454566,-0.023338789389832252,-0.4287390426307218,0.32032621714479526,-0.4043302859703435,-0.2100830608462862,-0.40560652997431196,0.27132966789138707,0.1675061507768064,-0.6558703408336382,-0.7352019059129774,0.552767655766412,-0.020602948046164166
-1.1782812731817218,0.9206710237919441,1.9124406856694331,-0.9869651989899403,-2.2134026613275437,0.7604146098017728,0.48958128060041417,1.3102419105529186,-1.8971991731814168,0.2185320173050111,1.015957025561053,-1.0987102148745567,-0.6813018651986665,-3.905503687502888,-0.6473459272184791,-0.9004881278137018,0.4214849497433113,-0.41732759265414754,-0.7843992598381251,-1.4853513512776224,1.2028391470642128,-2.261433672970461,0.17935677069033773,2.167974187115727,0.03730390723771712,1.3374330625487227,-1.7182416936057512,-0.9519425154208466,0.3243718697069085,-2.1945835014034154,-0.3281904399517502,0.3419502994983489,1.3984099738978226,-1.9581229452081568,0.8705124920901006,-0.13651227047432732,-1.3235648920067455,-0.8980576017556127,-0.12002422430786573,-0.28600983942161473,-1.048351332725493,-2.5680844466467696,0.3513777346708919,-1.19430790790091
2.6413251497138046,-1.8721569818821358,-5.442618880869397,2.8043526947801656,5.901218602692823,-1.2409486668492844,-0.05404957666838255,-6.079578804581423,1.9067032654955678,-0.9709047385705755,-2.481801626447842,3.6723087042894726,0.38725227903983317,12.916115332413668,3.107403272038444,0.5682286077120696,-1.478877885291733,4.194975563983936,1.7099291296430688,1.24150738073938,-3.263600090716973,7.9779778252211,-1.7678565385334004,-5.468840200438174,-0.5645315189708817,-1.7182416936057512,4.500440771871253,3.5662631077416727,-1.465944999163379,4.774835041247581,0.12258994085295556,1.7729987153347657,-1.5423030815322043,4.19978607173047,-2.433678801773751,1.9514850558065793,2.490486202921681,2.840608306691601,-1.022923963249914,-0.39440228042378417,4.134980637405949,6.277133288949539,-2.8365725281587877,1.5591365992920672
1.9818470403055286,-1.3177758761137803,-4.51255350499567,2.2783989871334382,4.707210163959612,-0.8413244508953692,0.2993119771064443,-5.4944922052505545,0.8260699939078674,-0.9242698652621375,-1.9068626299221851,3.1902056843894324,0.07219945869936062,11.007613380083548,2.8675780121174483,0.030696053790563994,-1.310258323197362,4.037007026822574,1.2954060006849388,0.4028584016139094,-2.559675391610837,6.915577536346815,-1.7092474603726842,-4.439151114416551,-0.5459813053275302,-0.9519425154208466,3.5662631077416727,3.225755078488882,-1.3061776357441044,3.663906964943039,-0.11202431004994821,2.064908615416181,-0.71962780532651,3.1380599895255834,-2.0024051780351164,1.9127118344613974,1.7903573294602586,2.351236896229038,-1.1055655414866465,-0.583448923108628,3.639933129868603,4.9261821590433685,-2.678229129367947,0.9692995484849047
-0.798719942610365,0.5444425344437113,1.8324355296753008,-0.9243777489355292,-1.9431923530450674,0.3113214626509242,-0.14889081598876727,2.3245308061332035,-0.21943935812373658,0.37896677443249505,0.7884692718977827,-1.2907015184430364,0.049131750032200015,-4.566906900797735,-1.1995859197084302,0.0430685708395297,0.5298907229529227,-1.774270488350886,-0.5100846196831861,-0.06555922442186733,1.0844015354911924,-2.878153900369333,0.7519089589091429,1.7579527541834288,0.2436477095744907,0.3243718697069085,-1.465944999163379,-1.3061776357441044,0.5674265942412967,-1.4302998346350337,0.06616017663091066,-0.9190291582158693,0.21788774091533075,-1.2519972142483529,0.8041700295206489,-0.8323523388282493,-0.6752824822886948,-0.9865806724403533,0.5131153563639156,0.26539201716955285,-1.525040619093448,-1.9839826448067792,1.1759287071092728,-0.30711651931437534
2.8948814042364703,-2.058996576334697,-5.776185537406998,2.936975694074465,6.2527329944222085,-1.516655124280511,-0.24359935298679466,-5.947940086795093,2.719245564993753,-0.9617880895026503,-2.659458342853188,3.853349771045172,0.7975386424469733,13.314074017334928,3.040943088504561,0.991447108846169,-1.5238290276847946,3.803620170283639,1.927507376686372,1.9007753945952282,-3.38094309850701,8.151114130463773,-1.6249777602573494,-6.01245103563203,-0.4853362935370763,-2.1945835014034154,4.774835041247581,3.663906964943039,-1.4302998346350337,5.407057612999367,0.24941003254840827,1.3607341462779488,-2.1084823909170334,4.679341685400173,-2.577976630674049,1.7558555104980724,2.8999159424958205,2.9135206493565238,-0.7388367850302973,-0.17845314745091906,4.134118693975561,6.82105663195797,-2.578725889441553,2.1191697775099603
0.14666382305590375,-0.14129085926421428,-0.04917774901018101,0.054039971236092055,0.13474656114631212,-0.13758829551918333,-0.21743466144883716,0.2660453801527688,0.5274529077581178,0.05931642046746329,-0.0959807021399275,-0.04530005406188093,0.1979051769904493,-0.1230223481159472,-0.15795877590924007,0.29223822172364083,0.029698270439973057,-0.3761468661930564,0.09442662419917083,0.43645263463255163,-0.08003888023401981,-0.14844476305467674,0.1651979259500817,-0.13564296868088968,0.053431955053330385,-0.3281904399517502,0.12258994085295556,-0.11202431004994821,0.06616017663091066,0.24941003254840827,0.13888903895754826,-0.3786572773969952,-0.38241503441967584,0.2492204892124602,-0.03983171152584527,-0.18902421987532136,0.21528024800951637,0.0033945805573659246,0.17860839819872132,0.1588929266676688,-0.11562196308710221,0.22732992244785744,0.22090189553598902,0.25562130806186995
0.784909784465068,-0.4117956568001658,-2.4454768566319207,1.2994867048756957,2.3834401497969293,-0.04869064290903194,0.7191310225642182,-3.9648659573830667,-1.0498526273848399,-0.6334775333808869,-0.8723562846847285,1.965088683573302,-0.6188889023145453,6.716617152517455,2.0579762214431634,-0.8408342358265262,-0.8120203673120524,3.4696417136803683,0.5015917151584809,-1.0701108608346268,-1.3129049717128827,4.3779396770363075,-1.45117473524638,-2.0764921240172813,-0.48844233448454566,0.3419502994983489,1.7729987153347657,2.064908615416181,-0.9190291582158693,1.3607341462779488,-0.3786572773969952,2.319401486969912,0.6221544160908128,1.0959144253171276,-1.0901015217726684,1.7274908186258742,0.4621164408231698,1.4285993444284464,-1.163882912712022,-0.8459305733105911,2.4835506720941707,2.2354217229287885,-2.23286367775795,-0.2667470498801035
-1.11473066022851,0.8778277048444213,1.6657333693894611,-0.8600691961762713,-1.9733391492078867,0.7787525336230812,0.5744705781684177,0.8706713579015228,-2.088840197525899,0.11599340693288761,0.9294381628626015,-0.9257522559595065,-0.7737957600886225,-3.214187809275179,-0.4051312243161859,-1.0267320799956017,0.332380426424045,-0.014483647515133745,-0.7541232590241792,-1.6416859226432865,1.0575101382310061,-1.7947543437268128,0.01497261571824362,1.9947643801266526,-0.023338789389832252,1.3984099738978226,-1.5423030815322043,-0.71962780532651,0.21788774091533075,-2.1084823909170334,-0.38241503441967584,0.6221544160908128,1.5289321142752477,-1.8731992547929637,0.7611341191225034,0.04534291499539178,-1.3091851280701967,-0.7508004282470633,-0.29770848227222935,-0.3860570374010946,-0.7764281874318865,-2.3711394369047163,0.07938023668034655,-1.2843241267365773
2.5519220307728188,-1.8480826328719657,-5.00486666455663,2.5432295238646416,5.490727847969222,-1.328184075868176,-0.2871628983185258,-5.141186980045313,2.4270568333842135,-0.83001009329371,-2.3484721524486876,3.2808973463000526,0.6637237665875468,11.537424689106036,2.627102347623375,0.9086580937242873,-1.3123559328360812,3.276625062788315,1.6646616074587504,1.7184198003757578,-3.019690478784588,7.0520734725069625,-1.3916234179021691,-5.185312628030253,-0.4287390426307218,-1.9581229452081568,4.19978607173047,3.1380599895255834,-1.2519972142483529,4.679341685400173,0.2492204892124602,1.0959144253171276,-1.8731992547929637,4.127759383647663,-2.231497992962728,1.485421176350356,2.518486541531159,2.5385641262745122,-0.6728563701781981,-0.12263712818226664,3.569254539655034,5.960995472057502,-2.247199184562013,1.8065680855465565
-1.4146627203524924,0.9772937684897266,2.9890322139841494,-1.55910070076971,-3.190832422525871,0.6438619276909896,-0.03007546912098225,3.4078846282653363,-0.9183042490646397,0.5467648152635819,1.3292254071007237,-2.0573711187821555,-0.17894038570578835,-7.12576091398233,-1.7477319862627565,-0.22891143736807343,0.8271531410692113,-2.3852632008891423,-0.9261077188584089,-0.5673491990205012,1.7434435327154243,-4.41571443544607,1.0011258895731638,2.988701908128345,0.32032621714479526,0.8705124920901006,-2.433678801773751,-2.0024051780351164,0.8041700295206489,-2.577976630674049,-0.03983171152584527,-1.0901015217726684,0.7611341191225034,-2.231497992962728,1.3477387530972034,-1.1329649954766645,-1.3392994701460201,-1.561850590298779,0.5899230383008618,0.2743242298479216,-2.3113954805044865,-3.397394791533566,1.6018972534378304,-0.8084039385322712
0.9997785454376403,-0.6160547850852778,-2.524011078817226,1.3423956759249616,2.5884657735028616,-0.27252654003288906,0.40739994156232157,-3.5638251874539155,-0.23302875599674755,-0.5403051146297593,-1.012569246016409,1.9061405519970172,-0.3095165098150074,6.552832234567907,1.8270844590091797,-0.3856557799013815,-0.7715742138060231,2.8987736246252065,0.641532599474309,-0.39793255351843715,-1.431721105451715,4.172759821239229,-1.2116991492570826,-2.3129360981154794,-0.4043302859703435,-0.13651227047432732,1.9514850558065793,1.9127118344613974,-0.8323523388282493,1.7558555104980724,-0.18902421987532136,1.7274908186258742,0.04534291499539178,1.485421176350356,-1.1329649954766645,1.4309846545768417,0.7739122692903226,1.4199105811092922,-0.8812295627725367,-0.590757486808776,2.2966725733940567,2.580887976737632,-1.8897194237515633,0.1465953263217635
1.5572315570791886,-1.1272976943208086,-2.9621502636951536,1.5364145101245597,3.243590790727787,-0.8527732153745835,-0.2579438299919923,-2.8432521314714876,1.7054525003446184,-0.45314195306255173,-1.4044122866399704,1.930686002882509,0.5376994081596319,6.661288264886148,1.4408228591723962,0.6806229809397065,-0.7548847944927287,1.6830979854245096,1.0395461687949055,1.2343058452927902,-1.7502954698458646,4.031037262580395,-0.7131205594101714,-3.1345564811278446,-0.2100830608462862,-1.3235648920067455,2.490486202921681,1.7903573294602586,-0.6752824822886948,2.8999159424958205,0.21528024800951637,0.4621164408231698,-1.3091851280701967,2.518486541531159,-1.3392994701460201,0.7739122692903226,1.6150033531712684,1.4796193353866964,-0.2570277836085996,0.003541575514647043,2.026416823873917,3.596911375249435,-1.1621873501003044,1.2381347455919098
1.6228322154468606,-1.1273035675826544,-3.486025068625102,1.8212951516014175,3.737801383323056,-0.6951855669746732,0.10212129265229958,-4.124558395215044,0.8617716823909354,-0.6483818547496298,-1.5514694359820347,2.4125719513474224,0.09416642262017294,8.451532012037514,2.1018813028961487,0.15768040937759578,-0.9678360515391449,2.993846858779924,1.0538361896994435,0.48200516775257457,-2.066414261888746,5.257167620547885,-1.2577793373678894,-3.4231946067074355,-0.40560652997431196,-0.8980576017556127,2.840608306691601,2.351236896229038,-0.9865806724403533,2.9135206493565238,0.0033945805573659246,1.4285993444284464,-0.7508004282470633,2.5385641262745122,-1.561850590298779,1.4199105811092922,1.4796193353866964,1.8632743922273425,-0.781749787773007,-0.38072816711459184,2.773916162437784,3.9149842953380944,-2.0009218538515023,0.8139895130794514
-0.466432140914746,0.28940966728340783,1.3348463611543504,-0.693300209725287,-1.3683818398632626,0.04374839148909331,-0.31455025112654644,2.132501678405416,0.49399739732803893,0.36275356705021955,0.5162001554591902,-0.9990026084005181,0.3476350836336472,-3.6438711280793963,-1.1183877549020775,0.4023126049444779,0.4396317304012833,-1.8499009041548233,-0.2650416913911235,0.4916166041560315,0.8011637765482535,-2.3719113079988143,0.7670227105609428,1.1143737795594604,0.27132966789138707,-0.12002422430786573,-1.022923963249914,-1.1055655414866465,0.5131153563639156,-0.7388367850302973,0.17860839819872132,-1.163882912712022,-0.29770848227222935,-0.6728563701781981,0.5899230383008618,-0.8812295627725367,-0.2570277836085996,-0.781749787773007,0.6737130077852937,0.41759327754402026,-1.3315054155151165,-1.2646319704015778,1.2208524064019657,0.1681126505471716
-0.12663214530857048,0.02129944162358732,0.5911128810463556,-0.3422232353269678,-0.5331373652661944,-0.08923938705496282,-0.2965128576622895,1.2029683647736447,0.6030853953283954,0.17633149589868685,0.1680350353964262,-0.5410656485096501,0.31954707539319305,-1.8019628036788469,-0.6251036170256685,0.41267315857831516,0.228126478234918,-1.1417966998793472,-0.07176103090117832,0.5683551937455736,0.29861023811141907,-1.20417540251979,0.4685488097474588,0.4277571392101381,0.1675061507768064,-0.28600983942161473,-0.39440228042378417,-0.583448923108628,0.26539201716955285,-0.17845314745091906,0.1588929266676688,-0.8459305733105911,-0.3860570374010946,-0.12263712818226664,0.2743242298479216,-0.590757486808776,0.003541575514647043,-0.38072816711459184,0.41759327754402026,0.3445461121136517,-0.7251202318061268,-0.4448430382033154,0.7281011206089961,0.26142177720842147
2.2937004208972,-1.5454677991442884,-5.173868189756114,2.6841868417234664,5.455197192786305,-0.9140101096943558,0.3460258190163892,-6.415074908659301,0.815867697243971,-1.0279667685643568,-2.224001234416782,3.6614625175130926,-0.03501814167667391,12.744291365558999,3.298619201332814,-0.035412082923038574,-1.4851165906583805,4.805279629065125,1.4876627816337087,0.32818465438071415,-3.004458295906933,7.99336765611985,-2.0204907032831185,-5.007982002760266,-0.6558703408336382,-1.048351332725493,4.134980637405949,3.639933129868603,-1.525040619093448,4.134118693975561,-0.11562196308710221,2.4835506720941707,-0.7764281874318865,3.569254539655034,-2.3113954805044865,2.2966725733940567,2.026416823873917,2.773916162437784,-1.3315054155151165,-0.7251202318061268,4.2548196584378655,5.653013861008212,-3.187455574704583,0.9877696065544592
3.7283079717147176,-2.640041634741312,-7.595561151816996,3.899414870638058,8.224642491299198,-1.823459527352837,-0.16166430454737943,-8.252522422468934,2.9841805202900256,-1.3205796156626222,-3.4710697825417562,5.1107220884047555,0.7182765582338898,17.83956719259611,4.220508711926773,0.9697776557255938,-2.045745673296473,5.550506432412151,2.437740053951662,2.0001903857456895,-4.5104454683065205,10.984370216008472,-2.3474537403165194,-7.7322642553033925,-0.7352019059129774,-2.5680844466467696,6.277133288949539,4.9261821590433685,-1.9839826448067792,6.82105663195797,0.22732992244785744,2.2354217229287885,-2.3711394369047163,5.960995472057502,-3.397394791533566,2.580887976737632,3.596911375249435,3.9149842953380944,-1.2646319704015778,-0.4448430382033154,5.653013861008212,8.83396539746536,-3.7564861358263304,2.3910271128511247
-1.4809311236386578,0.968176111748295,3.600248691939604,-1.8743225960253418,-3.7618677582173765,0.45547414286608273,-0.46312361769481186,4.924536078810923,0.09482945099891288,0.7865698825770707,1.4940986732855037,-2.618624676411236,0.3504364361946032,-9.228721224575384,-2.5392520446670006,0.3971447840037683,1.0834025348679397,-3.936631604709891,-0.931120352252231,0.33032223979122655,2.1119122240329036,-5.863555770668914,1.6481287209941848,3.3247489133189334,0.552767655766412,0.3513777346708919,-2.8365725281587877,-2.678229129367947,1.1759287071092728,-2.578725889441553,0.22090189553598902,-2.23286367775795,0.07938023668034655,-2.247199184562013,1.6018972534378304,-1.8897194237515633,-1.1621873501003044,-2.0009218538515023,1.2208524064019657,0.7281011206089961,-3.187455574704583,-3.7564861358263304,2.596667566169872,-0.2975413157557593
1.0632584314079165,-0.7922776966114371,-1.8238293673221513,0.88658369255257,2.023023939312676,-0.7329979294815896,-0.36524280407808807,-1.25180832334613,1.7633275388192564,-0.2133474187120835,-0.9094000770694897,1.1193197541524507,0.70312407048432,3.726722650672918,0.6335286573077531,0.8275334765479377,-0.4144421278284033,0.39736920635002954,0.7462454342187563,1.367216628952087,-1.0392956769201567,2.1787333136024083,-0.19454398467290998,-2.128616147580385,-0.020602948046164166,-1.19430790790091,1.5591365992920672,0.9692995484849047,-0.30711651931437534,2.1191697775099603,0.25562130806186995,-0.2667470498801035,-1.2843241267365773,1.8065680855465565,-0.8084039385322712,0.1465953263217635,1.2381347455919098,0.8139895130794514,0.1681126505471716,0.26142177720842147,0.9877696065544592,2.3910271128511247,-0.2975413157557593,1.2146756449799994
