V1,V2,V3,V4,V5,V6,V7,V8,V9,V10,V11,V12,V13,V14,V15,V16,V17,V18,V19,V20,V21,V22,V23,V24,V25,V26,V27,V28,V29,V30,V31,V32,V33,V34,V35,V36,V37,V38,V39,V40,V41,V42,V43,V44
0.7576081279671834,-0.5179378472556904,-1.5036873714789283,0.8224976134872272,1.6343847579983706,-0.34300321376747,0.02182596181340319,-1.7419682356284902,0.5037163471143251,-0.2115928364511644,-0.7284294440768497,1.0841334740568314,0.14897220539584452,3.66912428122953,0.8835907770050733,0.09843096078120615,-0.41615129841073034,1.1824338719191516,0.46885449752736463,0.2819201333628708,-0.8001413325176465,2.291061491010653,-0.4844570748479913,-1.5280703002402423,-0.14424520102656607,-0.4153355289520328,1.3124212507809572,1.0507742561949587,-0.36237877312877853,1.3672483091343208,0.01132913198860267,0.5947865745785531,-0.3807135934261379,1.1834493964492447,-0.7273432196503982,0.6249557440888525,0.6841218009329122,0.8325746298267177,-0.2710458860490271,-0.16590068342109632,1.2271403946334765,1.787422790695229,-0.8395155326665819,0.4405265718779921
-0.5179378472556904,1.0484329209117895,0.8012634341734508,-0.811560891581288,-0.7097735861171439,0.04037897829733702,-0.030598740006729963,0.916114176987022,-0.6484781799303432,-0.07409524882722776,0.4313284055200855,-0.43274840656084196,0.4229450732077338,-3.013189098280364,-0.7124249719132626,0.337222969978291,0.35068588224948016,-1.2525525174338903,0.02669068046761256,-0.3014702654007613,1.0676293455577137,-1.646017594436882,0.4437885525950889,1.1337651231958141,0.06017845937746741,0.05731628898009359,-0.5105586619275635,-1.0612471152672205,-0.059117996430203996,-0.7271889162880902,0.632652461527717,-0.7558304109342119,-0.27271366266575653,-0.863800187209378,1.0053607101438282,-0.5457272318088014,-0.8783436933902228,-1.3628979119161633,-0.004680466304925313,-0.33077001929673755,-1.2468190738572391,-1.1820243845161609,0.3633429967150437,-0.485215322196525
-1.5036873714789283,0.8012634341734508,3.6442204095479713,-1.4365236156664005,-3.8147652911376966,0.788708491942112,0.17683793006043713,3.772243766741015,-1.0162097715764247,1.1175476352440925,1.2583421301788735,-2.1698735473149444,-0.012628140551447415,-7.642307756283454,-1.8980741214385572,-0.773476730629755,0.9438596843950037,-2.6883050729533946,-1.249283482249396,-0.8999557284352544,2.5346998830627356,-4.589528276737375,1.2882381675741892,3.385645005979089,0.470068467753934,1.4535298720712706,-2.468744731882967,-1.7812026269847852,1.368258334761267,-2.71989813292402,-0.37798683721333637,-0.5724685216044488,1.3320221959748524,-2.302328554959677,1.0331347519702083,-0.7201423409884549,-1.3950514498314739,-1.1790385760103483,0.8122121133868611,0.23572368430102392,-2.0444834665780482,-3.5793276903404068,1.562637614559563,-0.8071695800420554
0.8224976134872272,-0.811560891581288,-1.4365236156664005,1.0624982803994059,1.5540017175966807,-0.28121836374786513,0.11399197199641745,-1.8042177907115513,0.5972881471325426,0.023348563036057826,-0.8255509585113737,1.1263240386269722,0.07627860438837876,4.128972432378729,0.962150391219893,-0.1792925532164268,-0.43603816897997627,1.3709804381316562,0.34771547732543645,0.220059200111308,-0.7891018387060094,2.5630666898512033,-0.486568696733912,-1.618465657095524,-0.11027917381599502,-0.21274719445968004,1.3706389189475108,1.3257248435638427,-0.1523414932212672,1.4483728400557212,-0.24754713567778353,0.9436702054572599,-0.12624794476105733,1.3227136026417219,-1.050316258754449,0.9099085499563356,0.866801799861709,1.2910047083011431,-0.18611978704426202,-0.08807593281977447,1.5961418573417097,1.949745414665482,-0.9205149083886462,0.5389974683381534
1.6343847579983706,-0.7097735861171439,-3.8147652911376966,1.5540017175966807,4.126283569810014,-0.9067120529581264,-0.09191889139861754,-4.127945854124252,0.9801534858435033,-1.0347262762124034,-1.4809742660971303,2.4861413404991386,0.34090538328442327,8.067976868597324,1.9880575543737953,0.7557931071820407,-0.9637876891896631,2.6389731670933063,1.3758863450184489,0.8033347643017563,-2.198784526083962,5.002679676246501,-1.2326817541801796,-3.543742814725741,-0.4577694454896623,-1.4238383985467367,2.9125008304170406,1.963074349055674,-1.3648233033796007,3.0730209793485734,0.5155037061066126,0.7409053982423135,-1.4336858824760434,2.5270372119399576,-1.1033857933231246,0.9677116454444741,1.3588465395234106,1.1787106846680602,-0.8553880528745081,-0.452656049299335,2.2311759400964104,3.9326249836477882,-1.8612417238937395,0.8339552523114103
-0.34300321376747,0.04037897829733702,0.788708491942112,-0.28121836374786513,-0.9067120529581264,0.23565809570385463,0.011600893295356164,0.8831015701425889,-0.1637725846463461,0.21208456481208537,0.34525748826630426,-0.5690665935082307,-0.2144415308152229,-1.563090941280489,-0.38455272756475006,-0.2020673299983566,0.18308995146519524,-0.4187744043081388,-0.33278674020204263,-0.13927596413026516,0.2849832333172554,-1.0287480541022997,0.20271582632768675,0.7064704078060159,0.08625254678291336,0.3067270101170294,-0.705507140436559,-0.37703399217996,0.2991070820099339,-0.6964435343218376,-0.20466928617069288,-0.11535066742532289,0.37135238767532225,-0.5340254937422357,0.1607763643827067,-0.20491677034246164,-0.20852196913107715,-0.117336849762486,0.1874551610720881,0.17760906086295986,-0.40075087946516635,-0.8408713435337121,0.43975999334949095,-0.15419229057015812
0.02182596181340319,-0.030598740006729963,0.17683793006043713,0.11399197199641745,-0.09191889139861754,0.011600893295356164,0.18815401604616164,-0.0885205946159031,-0.09087407909810978,0.3056433133191214,-0.15481699834930343,0.1415869364148524,0.2455036357240614,0.09370152261430917,0.014116987836563623,-0.2851865196884289,0.03995047518760462,-0.10941824457319517,-0.0926137435971621,-0.21399741099998418,0.5296234497406574,0.23009528618003422,0.13435777809023114,0.06404985826537134,0.06925389517226742,0.3339372112042871,0.2320795331268572,0.24999760667901041,0.2510220414094145,0.13761718958298036,-0.11367009337261556,0.3633226303179325,0.250510874631719,0.11594028840090699,-0.18886781445710119,0.35966270845028797,-0.0671810954383167,0.2141804618456044,0.04508048710044813,-0.12243331081083175,0.2821701991935677,0.11436255944646616,-0.2080625550288064,0.01689766220743507
-1.7419682356284902,0.916114176987022,3.772243766741015,-1.8042177907115513,-4.127945854124252,0.8831015701425889,-0.0885205946159031,4.388040855290598,-0.9577521366230115,0.7320070298260446,1.7058200013338396,-2.6981898887605977,-0.47325725186587825,-8.671914995697446,-2.1382960227067,-0.4012337834949398,0.9886354308592891,-2.7926495305285886,-1.2720496237341608,-0.5995704001490271,1.8645021427475608,-5.51755519754628,1.2010559199513653,3.6547619036755776,0.40993499820713947,1.0838351798249142,-3.2214241842989653,-2.3850460992211953,1.1151814667166222,-3.296293833725249,-0.28237806662675125,-1.2688999417835642,1.1026756065282164,-2.7591631011648032,1.4576219551509435,-1.412405663679232,-1.4356259272171592,-1.6221931544151786,0.8240644903513347,0.540529324950777,-2.7383762941349334,-4.232974391648343,2.1370343606419753,-0.9122133521857493
0.5037163471143251,-0.6484781799303432,-1.0162097715764247,0.5972881471325426,0.9801534858435033,-0.1637725846463461,-0.09087407909810978,-0.9577521366230115,0.5994615990822185,-0.2079004665160495,-0.3715813378497864,0.5003043708482693,-0.24715053804314377,2.6117180473158608,0.6089354418718045,0.08243210202142405,-0.32278243413165775,1.003657424833635,0.2187348936085642,0.4340301036001507,-1.0808804071511555,1.4224276174917874,-0.43329319581270836,-1.123361625747981,-0.11083763117839107,-0.3953838841793741,0.5725723806679712,0.7057855568460519,-0.23337178371897166,0.7779856823438954,-0.20487402507190655,0.28550480291609653,-0.2078035921910398,0.7850642054782049,-0.6090752466163252,0.24188944446261887,0.6940974308167764,0.7943501027792842,-0.09992003892426485,0.19228389879968263,0.8391969242931461,1.1210336883880625,-0.30637764106595655,0.4072650634999112
-0.2115928364511644,-0.07409524882722776,1.1175476352440925,0.023348563036057826,-1.0347262762124034,0.21208456481208537,0.3056433133191214,0.7320070298260446,-0.2079004665160495,0.8751911649880707,-0.03751369397530519,-0.2409593882998662,0.34677458519556403,-1.3212979398072733,-0.38713166064625004,-0.7108918461318962,0.25800412473680157,-0.7098455915031819,-0.46932198796786834,-0.5042685605821602,1.3678347074393813,-0.5620478897353622,0.5141916360854687,0.7852221855577376,0.2451294914807857,0.8760996124745436,-0.13326388929065097,0.10442884160460521,0.8326960733912637,-0.31682261455652705,-0.38367864409908364,0.5876489642568782,0.7638469609660331,-0.22279119252743773,-0.2698503091007813,0.5161395861921021,-0.24914340228122484,0.3381943782148217,0.3495309099985523,-0.0925499587779357,0.17495673885277277,-0.4743564004133644,0.03605161083931461,-0.04645466998836699
-0.7284294440768497,0.4313284055200855,1.2583421301788735,-0.8255509585113737,-1.4809742660971303,0.34525748826630426,-0.15481699834930343,1.7058200013338396,-0.3715813378497864,-0.03751369397530519,0.8387782151968604,-1.161600318832816,-0.4375164328361118,-3.3891641157634034,-0.8078046708042202,0.08911934124287893,0.34031829073754105,-0.918731752836671,-0.4075309171502506,-0.06872066402988153,0.19494159697065677,-2.3069866215372143,0.3090777764333225,1.344981795306214,0.08079932356400585,0.14190651244120117,-1.4895616328340608,-1.1353831040340172,0.15261936162572712,-1.4326477968809745,-0.006594777886041602,-0.8124439809632892,0.22322450688270803,-1.1948797191279004,0.7735301220505756,-0.850722093974294,-0.5380121339749943,-0.8401674375975792,0.21724637813329314,0.31793800240600306,-1.3158673157275902,-1.7818194766032,0.9810943105395362,-0.4099569562189326
1.0841334740568314,-0.43274840656084196,-2.1698735473149444,1.1263240386269722,2.4861413404991386,-0.5690665935082307,0.1415869364148524,-2.6981898887605977,0.5003043708482693,-0.2409593882998662,-1.161600318832816,1.790044821235326,0.5983321674085462,5.0920838460343845,1.2320860782161347,0.15719316227837166,-0.5397391361736872,1.4400424672871683,0.7869165175750866,0.2078157071515751,-0.5992779492159384,3.4064785687757806,-0.5702472916091442,-2.1155188254432575,-0.1936987433729222,-0.49947956225546186,2.197327342877664,1.4932963331928975,-0.5288148482795885,2.1439477658374924,0.25658017053434873,0.9220350073732817,-0.6381619182868591,1.7396665124310062,-0.9120156389931893,1.0633904906945393,0.7534173424263373,0.9550614856990756,-0.46536134077586083,-0.5140015946114141,1.738315916275684,2.6532637910912786,-1.440947083689548,0.5457478896420535
0.14897220539584452,0.4229450732077338,-0.012628140551447415,0.07627860438837876,0.34090538328442327,-0.2144415308152229,0.2455036357240614,-0.47325725186587825,-0.24715053804314377,0.34677458519556403,-0.4375164328361118,0.5983321674085462,0.9458359585609558,0.05380476375733199,-0.011241719659593162,-0.09247568346981852,0.08571868563169006,-0.5470510131674501,0.19346553402732608,-0.3670399787491136,1.3029297112882487,0.5259241632291913,0.3276114430588373,0.01574826752755804,0.09171747759288319,0.28024833545869726,0.9048675717395829,0.2374306080479391,0.17146233164081548,0.6112680458748236,0.3601072914118715,0.35090591538803456,-0.10579769950056277,0.328740825128565,0.0014777682782666332,0.5433751717636006,-0.32583982559323676,-0.20772759774538524,-0.04713363239176133,-0.5794069110213905,0.2354392859209104,0.48389237282654013,-0.5835970306901211,-0.01603566752213886
3.66912428122953,-3.013189098280364,-7.642307756283454,4.128972432378729,8.067976868597324,-1.563090941280489,0.09370152261430917,-8.671914995697446,2.6117180473158608,-1.3212979398072733,-3.3891641157634034,5.0920838460343845,0.05380476375733199,18.91416632442493,4.6247015776742355,0.3816611274353218,-2.1993668725571593,6.564017346686234,2.1679293324441273,1.6018521547716866,-5.016638579557358,11.528117899148292,-2.74191534875333,-7.850010572875775,-0.8133805898043327,-2.1262060816020787,6.020080854092657,5.401815492526862,-1.9603933914281901,6.5268413839280095,-0.35650225331678914,2.9728606214014675,-1.6374196974887758,5.838581766939644,-3.7765564486583907,2.948406859189161,3.709548438287384,4.5518783453846945,-1.4225716742653702,-0.3561359506087836,6.225859270214136,8.762579175154217,-3.995847034670171,2.2289836377780743
0.8835907770050733,-0.7124249719132626,-1.8980741214385572,0.962150391219893,1.9880575543737953,-0.38455272756475006,0.014116987836563623,-2.1382960227067,0.6089354418718045,-0.38713166064625004,-0.8078046708042202,1.2320860782161347,-0.011241719659593162,4.6247015776742355,1.1569287530713186,0.12109062987312179,-0.5517540741666721,1.6349102922187242,0.5342134560913294,0.3952001102390866,-1.2772981222118778,2.8184611332333724,-0.7003060996538403,-1.9274725330497162,-0.21116826406339995,-0.5388157093395111,1.450472822639389,1.3156485134541975,-0.5277966375477338,1.569659281258523,-0.08180386155087005,0.6971232041307337,-0.3967275776973837,1.4097041166661253,-0.8850075559245795,0.6714092879402409,0.8814489118484036,1.0621517918771994,-0.38263611095416855,-0.08625921719639779,1.4855712732659145,2.1200498337564557,-0.9753189935479766,0.5247320599829307
0.09843096078120615,0.337222969978291,-0.773476730629755,-0.1792925532164268,0.7557931071820407,-0.2020673299983566,-0.2851865196884289,-0.4012337834949398,0.08243210202142405,-0.7108918461318962,0.08911934124287893,0.15719316227837166,-0.09247568346981852,0.3816611274353218,0.12109062987312179,0.7283565999860504,-0.11945516575269817,0.20405841815308517,0.44477591429538366,0.3874995518327285,-0.8142507513825429,0.09092004007604959,-0.2790604757925057,-0.4140029806939719,-0.1766409244490382,-0.7657410697766452,0.08028039601951026,-0.36199713379630943,-0.6956922797411215,0.1796103558215962,0.538719719355469,-0.7047881927810008,-0.796204771472854,0.040124604109964254,0.46453393669358417,-0.5419984446269839,0.01677311812061462,-0.6232276072450371,-0.2680953922281682,-0.03676223315707052,-0.4382969685863158,0.19453247188087988,0.05215974406996951,-0.03413862568527974
-0.41615129841073034,0.35068588224948016,0.9438596843950037,-0.43603816897997627,-0.9637876891896631,0.18308995146519524,0.03995047518760462,0.9886354308592891,-0.32278243413165775,0.25800412473680157,0.34031829073754105,-0.5397391361736872,0.08571868563169006,-2.1993668725571593,-0.5517540741666721,-0.11945516575269817,0.2777837028320568,-0.821804177709059,-0.268711338280807,-0.24865654975435475,0.7663157331027542,-1.2808868059527767,0.37213627269104316,0.9381954699967965,0.11562419067839272,0.34077120578665304,-0.6173206556773745,-0.5729437358079675,0.30975817352414947,-0.7036759079775028,0.028326860753092677,-0.24405537078219613,0.24110836838696573,-0.6418104104366391,0.3872957212753679,-0.23105081901400806,-0.44778989575565303,-0.47037966247043794,0.18812653692013256,-0.002442738549644684,-0.640939819094879,-0.9767188222240563,0.406294851444242,-0.2480162292273518
1.1824338719191516,-1.2525525174338903,-2.6883050729533946,1.3709804381316562,2.6389731670933063,-0.4187744043081388,-0.10941824457319517,-2.7926495305285886,1.003657424833635,-0.7098455915031819,-0.918731752836671,1.4400424672871683,-0.5470510131674501,6.564017346686234,1.6349102922187242,0.20405841815308517,-0.821804177709059,2.6441569404009466,0.6627942933725913,0.7481974282829794,-2.521792356662623,3.72552594606207,-1.1769694026543263,-2.7415154028049447,-0.35470071181158797,-0.9132809520925285,1.5739975761177585,1.7230938822432205,-0.8246747064089222,1.9066763248305583,-0.30473627146050697,0.8238045485082425,-0.5227872713683576,1.8173407424623533,-1.2800098363965475,0.6890621082985743,1.4487916968058032,1.6535617741945896,-0.5000721117338721,0.1842991660857639,2.0161251939480525,2.7541046524399024,-1.0711715063068294,0.7515480273295978
0.46885449752736463,0.02669068046761256,-1.249283482249396,0.34771547732543645,1.3758863450184489,-0.33278674020204263,-0.0926137435971621,-1.2720496237341608,0.2187348936085642,-0.46932198796786834,-0.4075309171502506,0.7869165175750866,0.19346553402732608,2.1679293324441273,0.5342134560913294,0.44477591429538366,-0.268711338280807,0.6627942933725913,0.5552105618959582,0.2669714087872942,-0.6446202730124011,1.3661064818575,-0.36574721933966575,-1.0288797166229537,-0.17218094327502925,-0.6043873475971138,0.9070289512674096,0.3717401300191279,-0.579807719294778,0.933040726264279,0.4076976503291927,-0.012518917921204303,-0.6887941804083872,0.6853346527067578,-0.09846772344864267,0.1364678150810741,0.2956751859625663,0.022008879723430425,-0.3205725895676777,-0.2365369165758937,0.43038934711262855,1.1319910706050598,-0.5498841986996884,0.1777463051919663
0.2819201333628708,-0.3014702654007613,-0.8999557284352544,0.220059200111308,0.8033347643017563,-0.13927596413026516,-0.21399741099998418,-0.5995704001490271,0.4340301036001507,-0.5042685605821602,-0.06872066402988153,0.2078157071515751,-0.3670399787491136,1.6018521547716866,0.3952001102390866,0.3874995518327285,-0.24865654975435475,0.7481974282829794,0.2669714087872942,0.5141562719964141,-1.236744957703074,0.7215778793765663,-0.4286159947837534,-0.8180843737223953,-0.15543650941868756,-0.6070305983884455,0.15219309150025837,0.1981876071110797,-0.4701998646543244,0.3830443704191706,0.033609904471782186,-0.24572003653716978,-0.4388435778372221,0.3953568757139528,-0.12826242353421669,-0.2277639627446768,0.4535602461691435,0.2105567977685828,-0.16642359551459363,0.235025386373204,0.22213091757324296,0.5945402103755089,-0.013942491542778416,0.22547016447094506
-0.8001413325176465,1.0676293455577137,2.5346998830627356,-0.7891018387060094,-2.198784526083962,0.2849832333172554,0.5296234497406574,1.8645021427475608,-1.0808804071511555,1.3678347074393813,0.19494159697065677,-0.5992779492159384,1.3029297112882487,-5.016638579557358,-1.2772981222118778,-0.8142507513825429,0.7663157331027542,-2.521792356662623,-0.6446202730124011,-1.236744957703074,3.6765820671227076,-2.2796864935543972,1.3380261712752617,2.3553355058765844,0.46223030103843094,1.538858127133679,-0.37208748220708643,-0.7719383192160587,1.28785812715053,-0.9878029698887735,0.1451926009744151,0.30807440038550726,0.9207838361561808,-1.0918410621935122,0.5793816689285571,0.41633752709599076,-1.4029234638872552,-0.9346608909505588,0.507861758509326,-0.6837180619152087,-0.8889945885792327,-1.734160480335775,0.18413209503281452,-0.5775057389662527
2.291061491010653,-1.646017594436882,-4.589528276737375,2.5630666898512033,5.002679676246501,-1.0287480541022997,0.23009528618003422,-5.51755519754628,1.4224276174917874,-0.5620478897353622,-2.3069866215372143,3.4064785687757806,0.5259241632291913,11.528117899148292,2.8184611332333724,0.09092004007604959,-1.2808868059527767,3.72552594606207,1.3661064818575,0.7215778793765663,-2.2796864935543972,7.334793710976128,-1.4895521818277775,-4.732268899787068,-0.44149701620602866,-1.031394437657687,4.135441073763981,3.471498629163488,-1.0334906295080393,4.27433548605099,-0.10077232086627197,2.1007552937453386,-0.9327591396019789,3.72208599800947,-2.347968962660581,2.138574943461805,2.07155854005785,2.739194835247374,-0.8841871766553278,-0.5166520217040244,3.9974078824995924,5.565403606670892,-2.7558557707742395,1.3460666136640127
-0.4844570748479913,0.4437885525950889,1.2882381675741892,-0.486568696733912,-1.2326817541801796,0.20271582632768675,0.13435777809023114,1.2010559199513653,-0.43329319581270836,0.5141916360854687,0.3090777764333225,-0.5702472916091442,0.3276114430588373,-2.74191534875333,-0.7003060996538403,-0.2790604757925057,0.37213627269104316,-1.1769694026543263,-0.36574721933966575,-0.4286159947837534,1.3380261712752617,-1.4895521818277775,0.5849023595886779,1.2127917306942604,0.20109219410209703,0.5844444626464907,-0.5782561186575761,-0.5840384505871474,0.5353532761034098,-0.7589155971076422,0.014240974807572438,-0.118944554243243,0.4017154120600289,-0.7094525464969975,0.3873873007740837,-0.0816170275157623,-0.6012253856058075,-0.5083296257919743,0.27682633044638844,-0.10932688902614525,-0.6786082424498775,-1.1103071016121282,0.37319026766652574,-0.2866832130676126
-1.5280703002402423,1.1337651231958141,3.385645005979089,-1.618465657095524,-3.543742814725741,0.7064704078060159,0.06404985826537134,3.6547619036755776,-1.123361625747981,0.7852221855577376,1.344981795306214,-2.1155188254432575,0.01574826752755804,-7.850010572875775,-1.9274725330497162,-0.4140029806939719,0.9381954699967965,-2.7415154028049447,-1.0288797166229537,-0.8180843737223953,2.3553355058765844,-4.732268899787068,1.2127917306942604,3.3598870419297335,0.39015059880850994,1.1360700293078105,-2.466727696200187,-2.087496356202601,1.0355057152685103,-2.7248412565679034,-0.02299428560870779,-0.9543288097597838,0.9380890455234376,-2.4111392259257607,1.3865260373206318,-1.0035725681194385,-1.536604119872227,-1.6628294020677565,0.6681627948037564,0.12658488751075647,-2.3920972211463862,-3.642669654208273,1.5895101802114078,-0.919079977070361
-0.14424520102656607,0.06017845937746741,0.470068467753934,-0.11027917381599502,-0.4577694454896623,0.08625254678291336,0.06925389517226742,0.40993499820713947,-0.11083763117839107,0.2451294914807857,0.08079932356400585,-0.1936987433729222,0.09171747759288319,-0.8133805898043327,-0.21116826406339995,-0.1766409244490382,0.11562419067839272,-0.35470071181158797,-0.17218094327502925,-0.15543650941868756,0.46223030103843094,-0.44149701620602866,0.20109219410209703,0.39015059880850994,0.08652307921965703,0.261629870206979,-0.1875051811173089,-0.10803840860133049,0.25186415817498037,-0.24593734383889568,-0.086590214040062,0.05763084803182558,0.23033896772593726,-0.19743250201551754,0.03331698165674599,0.045195539471152645,-0.15793333866416512,-0.04038371234360551,0.12116966687323386,-0.01226906729880155,-0.12901896938148158,-0.3396722796485089,0.11408619377180651,-0.06477189127478564
-0.4153355289520328,0.05731628898009359,1.4535298720712706,-0.21274719445968004,-1.4238383985467367,0.3067270101170294,0.3339372112042871,1.0838351798249142,-0.3953838841793741,0.8760996124745436,0.14190651244120117,-0.49947956225546186,0.28024833545869726,-2.1262060816020787,-0.5388157093395111,-0.7657410697766452,0.34077120578665304,-0.9132809520925285,-0.6043873475971138,-0.6070305983884455,1.538858127133679,-1.031394437657687,0.5844444626464907,1.1360700293078105,0.261629870206979,1.0287269046237781,-0.4542327614575446,-0.08873212372631481,0.8903036210477276,-0.6652238418917175,-0.42712247902178935,0.4872088140447985,0.92932456518572,-0.5160998325774003,-0.08710732572243438,0.35950428780681665,-0.4543205096972717,0.13423005492345294,0.36180958289147436,-0.05139894861201912,-0.08652503994682592,-0.9190148832165423,0.2015231863592263,-0.17916478963872018
1.3124212507809572,-0.5105586619275635,-2.468744731882967,1.3706389189475108,2.9125008304170406,-0.705507140436559,0.2320795331268572,-3.2214241842989653,0.5725723806679712,-0.13326388929065097,-1.4895616328340608,2.197327342877664,0.9048675717395829,6.020080854092657,1.450472822639389,0.08028039601951026,-0.6173206556773745,1.5739975761177585,0.9070289512674096,0.15219309150025837,-0.37208748220708643,4.135441073763981,-0.5782561186575761,-2.466727696200187,-0.1875051811173089,-0.4542327614575446,2.779284433294859,1.8811313266472405,-0.501139920770522,2.645897947408416,0.2843904961747871,1.2398223386878888,-0.677957474595239,2.133984897499148,-1.1533226100386007,1.4078871949436926,0.8509186472973382,1.1762780554107015,-0.5087079362928429,-0.6984205021271315,2.159588787537936,3.234175279812495,-1.8198812639088784,0.6678340269835741
1.0507742561949587,-1.0612471152672205,-1.7812026269847852,1.3257248435638427,1.963074349055674,-0.37703399217996,0.24999760667901041,-2.3850460992211953,0.7057855568460519,0.10442884160460521,-1.1353831040340172,1.4932963331928975,0.2374306080479391,5.401815492526862,1.3156485134541975,-0.36199713379630943,-0.5729437358079675,1.7230938822432205,0.3717401300191279,0.1981876071110797,-0.7719383192160587,3.471498629163488,-0.5840384505871474,-2.087496356202601,-0.10803840860133049,-0.08873212372631481,1.8811313266472405,1.915022088496843,-0.11008740422715213,1.92565847845079,-0.42469785270544624,1.3802951552529863,0.03559739839826612,1.7879878673489147,-1.4231628464190338,1.2883940106071858,1.0379856565370833,1.7255175704451982,-0.26726306718519577,-0.14990800517777278,2.1719536631925638,2.5653131054339933,-1.3041290934966914,0.7040063890031402
-0.36237877312877853,-0.059117996430203996,1.368258334761267,-0.1523414932212672,-1.3648233033796007,0.2991070820099339,0.2510220414094145,1.1151814667166222,-0.23337178371897166,0.8326960733912637,0.15261936162572712,-0.5288148482795885,0.17146233164081548,-1.9603933914281901,-0.5277966375477338,-0.6956922797411215,0.30975817352414947,-0.8246747064089222,-0.579807719294778,-0.4701998646543244,1.28785812715053,-1.0334906295080393,0.5353532761034098,1.0355057152685103,0.25186415817498037,0.8903036210477276,-0.501139920770522,-0.11008740422715213,0.8653140901201168,-0.6369693276300875,-0.4433640955883528,0.4085617553365039,0.8428744111276013,-0.4701150669889741,-0.14609822972268488,0.2850758322750089,-0.3208101054600225,0.21202183240176245,0.4044232805720201,0.037495743528322655,-0.07994155305668262,-0.8572010471279148,0.2882281835922044,-0.1137530000412379
1.3672483091343208,-0.7271889162880902,-2.71989813292402,1.4483728400557212,3.0730209793485734,-0.6964435343218376,0.13761718958298036,-3.296293833725249,0.7779856823438954,-0.31682261455652705,-1.4326477968809745,2.1439477658374924,0.6112680458748236,6.5268413839280095,1.569659281258523,0.1796103558215962,-0.7036759079775028,1.9066763248305583,0.933040726264279,0.3830443704191706,-0.9878029698887735,4.27433548605099,-0.7589155971076422,-2.7248412565679034,-0.24593734383889568,-0.6652238418917175,2.645897947408416,1.92565847845079,-0.6369693276300875,2.665706135318253,0.19585414219401662,1.1316675473955788,-0.7604225160369154,2.2137112497837257,-1.2394058616531423,1.2700398187828517,1.0773602920211711,1.346578445479863,-0.5303252092016864,-0.4858425295004556,2.221183401776794,3.3348879081550287,-1.7095150454254,0.7576287608895202
0.01132913198860267,0.632652461527717,-0.37798683721333637,-0.24754713567778353,0.5155037061066126,-0.20466928617069288,-0.11367009337261556,-0.28237806662675125,-0.20487402507190655,-0.38367864409908364,-0.006594777886041602,0.25658017053434873,0.3601072914118715,-0.35650225331678914,-0.08180386155087005,0.538719719355469,0.028326860753092677,-0.30473627146050697,0.4076976503291927,0.033609904471782186,0.1451926009744151,-0.10077232086627197,0.014240974807572438,-0.02299428560870779,-0.086590214040062,-0.42712247902178935,0.2843904961747871,-0.42469785270544624,-0.4433640955883528,0.19585414219401662,0.6766279295841017,-0.5076407540148955,-0.6766519293208716,-0.06242142609232933,0.5431612929512774,-0.27464430458987393,-0.29795800059792316,-0.814252504997332,-0.2048175907048911,-0.33644364267403726,-0.4911931318566714,0.057902993025589385,-0.12173257503241505,-0.1628853703751638
0.5947865745785531,-0.7558304109342119,-0.5724685216044488,0.9436702054572599,0.7409053982423135,-0.11535066742532289,0.3633226303179325,-1.2688999417835642,0.28550480291609653,0.5876489642568782,-0.8124439809632892,0.9220350073732817,0.35090591538803456,2.9728606214014675,0.6971232041307337,-0.7047881927810008,-0.24405537078219613,0.8238045485082425,-0.012518917921204303,-0.24572003653716978,0.30807440038550726,2.1007552937453386,-0.118944554243243,-0.9543288097597838,0.05763084803182558,0.4872088140447985,1.2398223386878888,1.3802951552529863,0.4085617553365039,1.1316675473955788,-0.5076407540148955,1.3772690014496993,0.5118742466984657,1.0767125163589453,-1.1462362996717326,1.2376127501723642,0.5540175905198346,1.3942239551727498,2.142947248867885e-4,-0.2089748294036083,1.6291338326331761,1.4938306289649619,-0.929509072619338,0.41568585828174465
-0.3807135934261379,-0.27271366266575653,1.3320221959748524,-0.12624794476105733,-1.4336858824760434,0.37135238767532225,0.250510874631719,1.1026756065282164,-0.2078035921910398,0.7638469609660331,0.22322450688270803,-0.6381619182868591,-0.10579769950056277,-1.6374196974887758,-0.3967275776973837,-0.796204771472854,0.24110836838696573,-0.5227872713683576,-0.6887941804083872,-0.4388435778372221,0.9207838361561808,-0.9327591396019789,0.4017154120600289,0.9380890455234376,0.23033896772593726,0.92932456518572,-0.677957474595239,0.03559739839826612,0.8428744111276013,-0.7604225160369154,-0.6766519293208716,0.5118742466984657,1.0542736218703421,-0.46918908159303724,-0.26460088616411376,0.26638265898250474,-0.19744197067803143,0.43953116830925887,0.3702245105730084,0.20043090275446418,0.03372106560514905,-0.8797764391659177,0.33299327887731317,-0.09068288899829414
1.1834493964492447,-0.863800187209378,-2.302328554959677,1.3227136026417219,2.5270372119399576,-0.5340254937422357,0.11594028840090699,-2.7591631011648032,0.7850642054782049,-0.22279119252743773,-1.1948797191279004,1.7396665124310062,0.328740825128565,5.838581766939644,1.4097041166661253,0.040124604109964254,-0.6418104104366391,1.8173407424623533,0.6853346527067578,0.3953568757139528,-1.0918410621935122,3.72208599800947,-0.7094525464969975,-2.4111392259257607,-0.19743250201551754,-0.5160998325774003,2.133984897499148,1.7879878673489147,-0.4701150669889741,2.2137112497837257,-0.06242142609232933,1.0767125163589453,-0.46918908159303724,1.9446767768652629,-1.2325094368431577,1.1214701567634504,1.0781402266406657,1.438577590675623,-0.4131900287076431,-0.2545817304004706,2.054373309537188,2.865513095676599,-1.3883342685267246,0.7290766425082514
-0.7273432196503982,1.0053607101438282,1.0331347519702083,-1.050316258754449,-1.1033857933231246,0.1607763643827067,-0.18886781445710119,1.4576219551509435,-0.6090752466163252,-0.2698503091007813,0.7735301220505756,-0.9120156389931893,0.0014777682782666332,-3.7765564486583907,-0.8850075559245795,0.46453393669358417,0.3872957212753679,-1.2800098363965475,-0.09846772344864267,-0.12826242353421669,0.5793816689285571,-2.347968962660581,0.3873873007740837,1.3865260373206318,0.03331698165674599,-0.08710732572243438,-1.1533226100386007,-1.4231628464190338,-0.14609822972268488,-1.2394058616531423,0.5431612929512774,-1.1462362996717326,-0.26460088616411376,-1.2325094368431577,1.2232303476758501,-0.9977923283375899,-0.865653819795412,-1.5367871253543726,0.050072590926014134,-0.033488286873481626,-1.6816378382656854,-1.7227860029524598,0.8030662410813382,-0.5535902221969428
0.6249557440888525,-0.5457272318088014,-0.7201423409884549,0.9099085499563356,0.9677116454444741,-0.20491677034246164,0.35966270845028797,-1.412405663679232,0.24188944446261887,0.5161395861921021,-0.850722093974294,1.0633904906945393,0.5433751717636006,2.948406859189161,0.6714092879402409,-0.5419984446269839,-0.23105081901400806,0.6890621082985743,0.1364678150810741,-0.2277639627446768,0.41633752709599076,2.138574943461805,-0.0816170275157623,-1.0035725681194385,0.045195539471152645,0.35950428780681665,1.4078871949436926,1.2883940106071858,0.2850758322750089,1.2700398187828517,-0.27464430458987393,1.2376127501723642,0.26638265898250474,1.1214701567634504,-0.9977923283375899,1.2288514908589072,0.46990844472477344,1.1698870370862167,-0.061437261885193356,-0.33643909791559445,1.519744439670575,1.5845295953301741,-1.0152126739612182,0.39204621284367397
0.6841218009329122,-0.8783436933902228,-1.3950514498314739,0.866801799861709,1.3588465395234106,-0.20852196913107715,-0.0671810954383167,-1.4356259272171592,0.6940974308167764,-0.24914340228122484,-0.5380121339749943,0.7534173424263373,-0.32583982559323676,3.709548438287384,0.8814489118484036,0.01677311812061462,-0.44778989575565303,1.4487916968058032,0.2956751859625663,0.4535602461691435,-1.4029234638872552,2.07155854005785,-0.6012253856058075,-1.536604119872227,-0.15793333866416512,-0.4543205096972717,0.8509186472973382,1.0379856565370833,-0.3208101054600225,1.0773602920211711,-0.29795800059792316,0.5540175905198346,-0.19744197067803143,1.0781402266406657,-0.865653819795412,0.46990844472477344,0.9427452166767648,1.1468055389337068,-0.1775412654226573,0.19631668442434327,1.2307036047985938,1.5868055826783356,-0.5485693864393241,0.5128919510105043
0.8325746298267177,-1.3628979119161633,-1.1790385760103483,1.2910047083011431,1.1787106846680602,-0.117336849762486,0.2141804618456044,-1.6221931544151786,0.7943501027792842,0.3381943782148217,-0.8401674375975792,0.9550614856990756,-0.20772759774538524,4.5518783453846945,1.0621517918771994,-0.6232276072450371,-0.47037966247043794,1.6535617741945896,0.022008879723430425,0.2105567977685828,-0.9346608909505588,2.739194835247374,-0.5083296257919743,-1.6628294020677565,-0.04038371234360551,0.13423005492345294,1.1762780554107015,1.7255175704451982,0.21202183240176245,1.346578445479863,-0.814252504997332,1.3942239551727498,0.43953116830925887,1.438577590675623,-1.5367871253543726,1.1698870370862167,1.1468055389337068,2.021030127348119,-0.029029564782759715,0.2017289555842117,2.058368775799466,1.9717908993541275,-0.8422971189132794,0.7028264520890016
-0.2710458860490271,-0.004680466304925313,0.8122121133868611,-0.18611978704426202,-0.8553880528745081,0.1874551610720881,0.04508048710044813,0.8240644903513347,-0.09992003892426485,0.3495309099985523,0.21724637813329314,-0.46536134077586083,-0.04713363239176133,-1.4225716742653702,-0.38263611095416855,-0.2680953922281682,0.18812653692013256,-0.5000721117338721,-0.3205725895676777,-0.16642359551459363,0.507861758509326,-0.8841871766553278,0.27682633044638844,0.6681627948037564,0.12116966687323386,0.36180958289147436,-0.5087079362928429,-0.26726306718519577,0.4044232805720201,-0.5303252092016864,-0.2048175907048911,2.142947248867885e-4,0.3702245105730084,-0.4131900287076431,0.050072590926014134,-0.061437261885193356,-0.1775412654226573,-0.029029564782759715,0.2476980425232139,0.11293817987075556,-0.2766557187324907,-0.6766221513371584,0.3391930218498039,-0.0979977170497064
-0.16590068342109632,-0.33077001929673755,0.23572368430102392,-0.08807593281977447,-0.452656049299335,0.17760906086295986,-0.12243331081083175,0.540529324950777,0.19228389879968263,-0.0925499587779357,0.31793800240600306,-0.5140015946114141,-0.5794069110213905,-0.3561359506087836,-0.08625921719639779,-0.03676223315707052,-0.002442738549644684,0.1842991660857639,-0.2365369165758937,0.235025386373204,-0.6837180619152087,-0.5166520217040244,-0.10932688902614525,0.12658488751075647,-0.01226906729880155,-0.05139894861201912,-0.6984205021271315,-0.14990800517777278,0.037495743528322655,-0.4858425295004556,-0.33644364267403726,-0.2089748294036083,0.20043090275446418,-0.2545817304004706,-0.033488286873481626,-0.33643909791559445,0.19631668442434327,0.2017289555842117,0.11293817987075556,0.4583701213271222,-0.17571360659188318,-0.4464777603919002,0.4674259382418836,0.039769508870949634
1.2271403946334765,-1.2468190738572391,-2.0444834665780482,1.5961418573417097,2.2311759400964104,-0.40075087946516635,0.2821701991935677,-2.7383762941349334,0.8391969242931461,0.17495673885277277,-1.3158673157275902,1.738315916275684,0.2354392859209104,6.225859270214136,1.4855712732659145,-0.4382969685863158,-0.640939819094879,2.0161251939480525,0.43038934711262855,0.22213091757324296,-0.8889945885792327,3.9974078824995924,-0.6786082424498775,-2.3920972211463862,-0.12901896938148158,-0.08652503994682592,2.159588787537936,2.1719536631925638,-0.07994155305668262,2.221183401776794,-0.4911931318566714,1.6291338326331761,0.03372106560514905,2.054373309537188,-1.6816378382656854,1.519744439670575,1.2307036047985938,2.058368775799466,-0.2766557187324907,-0.17571360659188318,2.573144565053437,2.9547475644926084,-1.472348922639355,0.82442230530727
1.787422790695229,-1.1820243845161609,-3.5793276903404068,1.949745414665482,3.9326249836477882,-0.8408713435337121,0.11436255944646616,-4.232974391648343,1.1210336883880625,-0.4743564004133644,-1.7818194766032,2.6532637910912786,0.48389237282654013,8.762579175154217,2.1200498337564557,0.19453247188087988,-0.9767188222240563,2.7541046524399024,1.1319910706050598,0.5945402103755089,-1.734160480335775,5.565403606670892,-1.1103071016121282,-3.642669654208273,-0.3396722796485089,-0.9190148832165423,3.234175279812495,2.5653131054339933,-0.8572010471279148,3.3348879081550287,0.057902993025589385,1.4938306289649619,-0.8797764391659177,2.865513095676599,-1.7227860029524598,1.5845295953301741,1.5868055826783356,1.9717908993541275,-0.6766221513371584,-0.4464777603919002,2.9547475644926084,4.319194472634133,-2.11016227778411,1.0372700012356337
-0.8395155326665819,0.3633429967150437,1.562637614559563,-0.9205149083886462,-1.8612417238937395,0.43975999334949095,-0.2080625550288064,2.1370343606419753,-0.30637764106595655,0.03605161083931461,0.9810943105395362,-1.440947083689548,-0.5835970306901211,-3.995847034670171,-0.9753189935479766,0.05215974406996951,0.406294851444242,-1.0711715063068294,-0.5498841986996884,-0.013942491542778416,0.18413209503281452,-2.7558557707742395,0.37319026766652574,1.5895101802114078,0.11408619377180651,0.2015231863592263,-1.8198812639088784,-1.3041290934966914,0.2882281835922044,-1.7095150454254,-0.12173257503241505,-0.929509072619338,0.33299327887731317,-1.3883342685267246,0.8030662410813382,-1.0152126739612182,-0.5485693864393241,-0.8422971189132794,0.3391930218498039,0.4674259382418836,-1.472348922639355,-2.11016227778411,1.2535841919497281,-0.41126188592313423
0.4405265718779921,-0.485215322196525,-0.8071695800420554,0.5389974683381534,0.8339552523114103,-0.15419229057015812,0.01689766220743507,-0.9122133521857493,0.4072650634999112,-0.04645466998836699,-0.4099569562189326,0.5457478896420535,-0.01603566752213886,2.2289836377780743,0.5247320599829307,-0.03413862568527974,-0.2480162292273518,0.7515480273295978,0.1777463051919663,0.22547016447094506,-0.5775057389662527,1.3460666136640127,-0.2866832130676126,-0.919079977070361,-0.06477189127478564,-0.17916478963872018,0.6678340269835741,0.7040063890031402,-0.1137530000412379,0.7576287608895202,-0.1628853703751638,0.41568585828174465,-0.09068288899829414,0.7290766425082514,-0.5535902221969428,0.39204621284367397,0.5128919510105043,0.7028264520890016,-0.0979977170497064,0.039769508870949634,0.82442230530727,1.0372700012356337,-0.41126188592313423,0.3362830249620981
