V1,V2,V3,V4,V5,V6,V7,V8,V9,V10,V11,V12,V13,V14,V15,V16,V17,V18,V19,V20,V21,V22,V23,V24,V25,V26,V27,V28,V29,V30,V31,V32,V33,V34,V35,V36,V37,V38,V39,V40,V41,V42,V43,V44
562.887319416144,-835.1965529250614,-166.25211485133983,-950.7048205783007,-202.02239463993402,-756.0449177743527,-633.0691662517405,20.909209921480134,705.2376551041763,1151.909874439345,-235.6602354814976,312.7272379427347,541.7702999235427,97.34736568063414,-299.86998406693885,42.089667905447186,165.76867774952453,-312.2161010580316,-599.7928221820381,418.0439803469888,229.2296209466631,1425.335761509663,632.9114843199206,-431.13646585913915,-221.5885134673507,-88.85898512258214,-150.7106406890576,-42.06331406102236,216.8746498966132,-618.0233869130855,830.8562026830044,-224.37359107723447,133.37743848337144,42.437575402465384,442.43240571305597,663.701053466447,-520.8074566233322,-333.2657959183362,-163.90371730013123,-516.0273564889472,398.06719162400077,430.1508162077618,-883.556707626153,418.7599950043145
-835.1965529250614,1239.5390781518136,246.55945369272445,1411.1951276312388,299.9662474043896,1122.4437091490565,939.5603303895524,-30.54517561679317,-1046.5785941795934,-1709.546503246167,350.3371767606525,-463.7805045863946,-804.3818726660714,-144.41944288354424,445.4281545464705,-62.312568951136264,-245.71795131184092,463.27111052441705,890.2619204699231,-620.1294142481884,-340.09045175500995,-2115.2330233469092,-938.9877286076312,639.923475336569,328.9455268275173,131.9739784989704,223.63533947321773,62.61700921143953,-321.7992443733714,917.0934822299391,-1233.0797639920117,333.17481542762187,-198.0175462320367,-62.728150044347295,-656.4058568570739,-984.746041732146,772.5723464479364,495.369305285418,242.58903393490567,765.6671433649697,-590.3651444785665,-638.3628126935413,1310.959364289122,-620.8602983493854
-166.25211485133983,246.55945369272445,49.83627480085861,280.7192830754391,59.466376855322196,222.7372688110959,186.9993881219841,-6.6925494560766925,-208.26025910624926,-340.515918856358,69.31431404411353,-92.9728853794698,-160.37982910203965,-28.282035262428284,88.36312999124334,-12.315006100811,-49.13880379069002,92.60234522090636,177.12056583889608,-123.5903327294843,-67.72791524482585,-420.89215611382247,-187.17410331792823,127.59078694483107,65.59611013528047,26.154361674377117,44.61313756045918,12.239649662316321,-64.10124514836332,183.11947811885992,-245.48272492044325,66.0517003004062,-39.119130776425116,-12.650570937975981,-130.5955320305774,-195.96538157767534,154.48015796368261,97.47058951545307,48.70552767463935,152.32373627342537,-117.3664126635395,-126.83555381778068,260.5663441502932,-123.97020132487901
-950.7048205783007,1411.1951276312388,280.7192830754391,1607.2190543264649,341.5968139561814,1278.3632694214411,1069.8135649620162,-34.29477140813451,-1191.4972933171416,-1946.4223587653846,399.6485125703412,-527.8263106853468,-916.5434223628574,-164.18034675550513,507.5897518495227,-70.74877696052398,-279.3239935829767,527.5011390757156,1013.7318946510333,-705.601987777794,-387.15911844784387,-2408.022381794649,-1068.6780321774122,728.772375687614,374.6196476737298,150.49423002507328,254.5390470224615,71.52768329169402,-366.3844748783247,1044.0836539378083,-1404.0628703545165,379.4518147554135,-225.64184222846592,-71.16067135640981,-746.8825289049711,-1120.8231054280147,879.3476450043331,564.9069577796841,275.2964222670769,871.6398035834302,-671.4047137304204,-726.7680163821532,1491.9662625861256,-705.9832936503144
-202.02239463993402,299.9662474043896,59.466376855322196,341.5968139561814,72.68143374551468,271.86351947268514,227.36145308092418,-7.097340043429135,-253.22330108931726,-413.61542789533195,85.0591429351809,-111.98528203474727,-194.7149453228107,-34.998539933211276,107.9760973720561,-15.034605454818818,-59.29207203000391,111.99503769366619,215.46785985153545,-149.91169567689235,-82.25047599256077,-511.8016600234946,-227.04021238373596,154.83034513910007,79.5981820890048,31.995764805335426,54.08439165844969,15.261826337903145,-77.83648177948392,221.75453074435958,-298.3652984613598,80.72785300803113,-48.00304485973731,-15.067172940522449,-158.75051266050772,-238.19942302982676,186.681535452571,120.35391350142449,58.380391702778034,185.22889125928793,-142.7157922546811,-154.49283613497514,317.1520755047138,-149.92045050581726
-756.0449177743527,1122.4437091490565,222.7372688110959,1278.3632694214411,271.86351947268514,1017.1956115013031,850.8322154372082,-26.778101997730914,-947.6173375173066,-1547.8483098172144,318.2282475941203,-419.2796076911614,-728.811834259861,-130.85507880742352,403.96371169896156,-56.282963824206256,-221.9497924315558,419.25229331335936,806.2994712271553,-561.0165109018561,-307.848179829471,-1915.182129798435,-849.6864787508837,579.4740142494427,297.8875076811714,119.76397450619577,202.37027996354286,57.06593420789474,-291.3294330090727,829.9851481325952,-1116.6134616992292,301.99526313068577,-179.6304392174,-56.423669177297036,-594.0131014509891,-891.3683425833091,698.8172622199005,450.13666985811443,218.54741982193653,693.2092990276421,-533.9873877947056,-578.134334227394,1186.7344990365073,-561.1113097264994
-633.0691662517405,939.5603303895524,186.9993881219841,1069.8135649620162,227.36145308092418,850.8322154372082,712.2342022833341,-23.140269694528914,-793.3126013522217,-1295.9098010715425,265.6490307112356,-351.6147962636301,-609.9157912136274,-109.36286860935384,337.68556438246696,-47.19175316609186,-186.18926470876838,351.229967648456,674.8478541844447,-470.0010965260872,-257.8067602144981,-1603.321284674746,-711.7326583100662,485.1380697211344,249.36829239154008,100.0844639952245,169.5163592571879,47.482740881442346,-243.94783503208177,695.2229288211043,-934.7480632680135,252.53259935265203,-150.12540077760264,-47.54243038565133,-497.45467427470095,-746.399432434692,585.6748791905571,375.5421853772338,183.77365413728586,580.388719675455,-447.34061999656876,-483.8598298219308,993.5737545178978,-470.4917627047357
20.909209921480134,-30.54517561679317,-6.6925494560766925,-34.29477140813451,-7.097340043429135,-26.778101997730914,-23.140269694528914,1.803747843846511,25.92982731158369,42.371404094708325,-7.513015350604317,12.256271808165781,19.396715484018323,3.477251673945098,-10.25992132169204,1.7245384011839453,6.70438196294477,-11.740067996979727,-21.797596610537088,15.894763063622943,8.545630366489958,52.40928231711343,23.843358609790666,-15.780756239824498,-8.083020084409217,-2.9910060759065797,-5.654631126596597,-1.1279594052483892,8.040627144243944,-23.150560896545123,30.423028516156677,-7.857858270533653,4.55541565943835,1.9887626162672136,16.603944466175832,24.68534712145085,-19.964868025228494,-10.427915530305789,-7.264632758087385,-19.06963925737226,15.239544716404327,15.68182350567911,-32.77221632913237,16.565539404071398
705.2376551041763,-1046.5785941795934,-208.26025910624926,-1191.4972933171416,-253.22330108931726,-947.6173375173066,-793.3126013522217,25.92982731158369,883.6895092614272,1443.4561735272184,-295.6736758146023,391.70202206175657,679.142462369127,121.92552405786816,-375.99833963856537,52.64528864597963,207.5401766704549,-391.20767471372926,-751.6639762027278,523.6622706921867,287.1864854286962,1785.9903580788757,792.9041128922842,-540.316342582501,-277.72925140179404,-111.41910450587639,-188.8302453531031,-52.822927069770955,271.73406734903597,-774.3950879830296,1041.1592704817886,-281.25734535597394,167.18076521317568,53.02591448382785,554.258625405845,831.5090579001325,-652.4356488710612,-418.0594785057621,-204.97302669190006,-646.5301309956432,498.5333456991778,538.9980433407972,-1106.942579832994,524.3539116497232
1151.909874439345,-1709.546503246167,-340.515918856358,-1946.4223587653846,-413.61542789533195,-1547.8483098172144,-1295.9098010715425,42.371404094708325,1443.4561735272184,2358.0783157448686,-483.1486048098481,640.015168612515,1109.7886880481935,198.86441212239367,-614.3021362264483,85.84087274934598,338.94542324883156,-639.2115610783901,-1227.894670604635,855.3173265878204,469.07792013569565,2917.3382997779895,1295.182375084848,-882.796686745431,-453.8090029398528,-182.00632590978896,-308.50325409415626,-86.28790576985271,443.86998185881646,-1265.2520617864363,1700.80078251648,-459.4166110794116,272.97424328421624,86.54790642757885,905.2211928390799,1358.1090352890387,-1065.9389511528257,-682.7811662980768,-334.62678639936587,-1055.9734696950272,814.0152479048721,880.3214872176001,-1807.7969344172695,856.348615450442
-235.6602354814976,350.3371767606525,69.31431404411353,399.6485125703412,85.0591429351809,318.2282475941203,265.6490307112356,-7.513015350604317,-295.6736758146023,-483.1486048098481,100.51658983964876,-130.3402858519788,-228.3409416000579,-40.63855583996778,126.82562043015001,-17.27779124447213,-68.68642456883669,130.80270383564104,251.89461166346314,-174.50764670638048,-95.93079674853284,-597.5202438286324,-264.60664296263445,181.08972310058044,93.15171306988076,37.64519895713149,63.06053827790409,18.182110038928226,-90.86408735854748,258.9031225799687,-348.6467143265484,94.5500132850496,-56.27050512048829,-17.13466018258619,-184.90297044328108,-277.7172291124233,217.5464059914339,141.97203007460797,66.88352337939233,216.11526707266808,-165.7445535523744,-180.43184899341645,369.67156042170814,-173.8940916266523
312.7272379427347,-463.7805045863946,-92.9728853794698,-527.8263106853468,-111.98528203474727,-419.2796076911614,-351.6147962636301,12.256271808165781,391.70202206175657,640.015168612515,-130.3402858519788,174.34710652600305,300.99260111941345,53.7594037022562,-166.1831436387521,23.3706719701471,92.35162792563797,-173.73179449688132,-333.0452508950354,232.43871027847416,127.40130030179786,791.6399053760197,351.87894288102905,-239.58886519132278,-123.13798897271046,-49.23032578872372,-83.82458781725188,-23.11773299682945,120.52485472459206,-343.7553966559888,461.5213830823181,-124.36051761272614,73.8318231761277,23.81235273159805,245.77386834405024,368.70166164839077,-289.9661080474963,-183.9357464329087,-91.61907054393289,-286.6320860098378,221.1713856053317,238.74249804947348,-490.6270196239413,233.1083449674638
541.7702999235427,-804.3818726660714,-160.37982910203965,-916.5434223628574,-194.7149453228107,-728.811834259861,-609.9157912136274,19.396715484018323,679.142462369127,1109.7886880481935,-228.3409416000579,300.99260111941345,523.2491783041152,93.17266151153609,-289.65637470269047,40.08686267540565,159.00100332416304,-300.929264372371,-578.0050668009231,401.9627006216025,220.63406328025917,1372.5090383218158,609.0141994121125,-415.7351932100352,-213.76119766502535,-85.89120093713657,-145.11379522565986,-40.872325935706854,208.8558848153538,-595.4863698694256,800.5362359534893,-216.3386687366429,128.5699991323436,40.360812736275975,425.4117378499451,638.5860111921064,-501.38949905369697,-322.25657054513863,-156.33790576149542,-496.68315810017344,382.0611653487241,414.1491866779308,-849.8183963802097,401.89453182998716
97.34736568063414,-144.41944288354424,-28.282035262428284,-164.18034675550513,-34.998539933211276,-130.85507880742352,-109.36286860935384,3.477251673945098,121.92552405786816,198.86441212239367,-40.63855583996778,53.7594037022562,93.17266151153609,17.201639871947037,-51.78227360269348,7.421449134662013,28.683354267410845,-53.705886610637705,-103.62393938298494,72.3157414106847,39.62939521718824,246.43863513463876,109.36085556797438,-74.27974380342438,-38.16149936891444,-15.34557078989853,-26.00903630545643,-7.301051147251727,37.46085259647966,-106.46214070616439,143.49000132645799,-38.85798888213087,23.16914855382452,7.360908052490515,76.64612867482245,114.84067881622711,-89.70572073956608,-57.86514814304297,-28.446353050848135,-89.28043379906413,69.16561858539012,74.47719491293972,-153.14098280517197,72.4781478964252
-299.86998406693885,445.4281545464705,88.36312999124334,507.5897518495227,107.9760973720561,403.96371169896156,337.68556438246696,-10.25992132169204,-375.99833963856537,-614.3021362264483,126.82562043015001,-166.1831436387521,-289.65637470269047,-51.78227360269348,160.65161797658274,-22.176570172594115,-87.81599665911929,166.38127711766987,320.0811847649907,-222.3650032249586,-122.08284600098632,-759.9066379442195,-336.92902548846683,230.09162876738057,118.31840748530372,47.63109964088655,80.27584159513368,22.804471190645383,-115.57395761547464,329.36242697698896,-443.1746478503923,119.9712032628865,-71.33740841176905,-22.1681990257334,-235.49490168443958,-353.489668268411,277.1007692981475,179.24012894188374,86.12550640849611,274.948450381705,-211.4532496169615,-229.39139204958,470.55511222255626,-222.11453199309022
42.089667905447186,-62.312568951136264,-12.315006100811,-70.74877696052398,-15.034605454818818,-56.282963824206256,-47.19175316609186,1.7245384011839453,52.64528864597963,85.84087274934598,-17.27779124447213,23.3706719701471,40.08686267540565,7.421449134662013,-22.176570172594115,3.2615145938258054,12.509332936440199,-23.233476745894034,-44.672776206373285,31.335428793680823,17.14985281658248,106.39822306779584,47.33936628715468,-32.03988538934863,-16.440146083453296,-6.578459170516261,-11.242635120872333,-3.0641041882201225,16.195254067460084,-46.021946149984686,61.92841197933797,-16.684214637924512,9.957047494359356,3.288204009082457,33.16031600125209,49.66709451330005,-38.89461560947541,-24.612525158086697,-12.565969346331727,-38.59868711114091,30.00745522358446,32.14229490244271,-66.2071070926595,31.55012944193528
165.76867774952453,-245.71795131184092,-49.13880379069002,-279.3239935829767,-59.29207203000391,-221.9497924315558,-186.18926470876838,6.70438196294477,207.5401766704549,338.94542324883156,-68.68642456883669,92.35162792563797,159.00100332416304,28.683354267410845,-87.81599665911929,12.509332936440199,49.17417618072783,-91.96364887172342,-176.36336923443756,123.35132941569765,67.49078297272183,419.4948696079622,186.575801603517,-126.78869407263831,-65.16702386794319,-25.955491534598824,-44.40451406292389,-12.14592695451119,63.83018147115934,-182.0602232060266,244.38111083577823,-65.84769672472108,39.02710809552273,12.693590073852787,130.48619147087706,195.49708998148952,-153.6279532599322,-97.08587504460255,-48.96631854249773,-151.8821193186256,117.59502260316884,126.54262101154067,-260.28062827839466,123.96803157825039
-312.2161010580316,463.27111052441705,92.60234522090636,527.5011390757156,111.99503769366619,419.25229331335936,351.229967648456,-11.740067996979727,-391.20767471372926,-639.2115610783901,130.80270383564104,-173.73179449688132,-300.929264372371,-53.705886610637705,166.38127711766987,-23.233476745894034,-91.96364887172342,173.4207880430116,332.77553251232666,-231.87493137836347,-127.15220968442317,-790.6389441962598,-351.1440026417976,239.36801775511307,123.0509559095345,49.29452619288935,83.64065825096266,23.301697166877567,-120.32924608563326,343.1641698037751,-461.00887853716574,124.4077915242816,-73.87550050098366,-23.50947681621026,-245.31599494046088,-368.0714543276551,289.1903062614207,184.62117879065914,90.84330022894007,286.1789039085729,-220.54849188632113,-238.5208812953762,489.81211528817647,-232.25403290250526
-599.7928221820381,890.2619204699231,177.12056583889608,1013.7318946510333,215.46785985153545,806.2994712271553,674.8478541844447,-21.797596610537088,-751.6639762027278,-1227.894670604635,251.89461166346314,-333.0452508950354,-578.0050668009231,-103.62393938298494,320.0811847649907,-44.672776206373285,-176.36336923443756,332.77553251232666,639.4768478895656,-445.26174569664494,-244.23218801504422,-1519.160488114985,-674.2937497422453,459.7029665265873,236.32254478175005,94.84967906267163,160.60420886890708,45.045221820858245,-231.12157327085424,658.7183561689126,-885.6929120758892,239.34338835341927,-142.24709599720717,-44.94424068210114,-471.318280599502,-707.1436632506666,554.8256872971326,356.04944162193806,173.93127524549388,549.8618903747949,-423.76218819357695,-458.47451064433506,941.3500476796347,-445.64948485930717
418.0439803469888,-620.1294142481884,-123.5903327294843,-705.601987777794,-149.91169567689235,-561.0165109018561,-470.0010965260872,15.894763063622943,523.6622706921867,855.3173265878204,-174.50764670638048,232.43871027847416,401.9627006216025,72.3157414106847,-222.3650032249586,31.335428793680823,123.35132941569765,-231.87493137836347,-445.26174569664494,310.65057238164616,170.2340945598443,1058.4065109839682,470.1880001924287,-320.0620565803905,-164.5059710608123,-65.83756253892264,-111.96252833897258,-31.069091368768206,161.0372967455138,-459.0320919786358,616.8433259062379,-166.4848404119806,98.87493564759963,31.667831394261064,328.7241052472215,492.9535679312317,-386.97389728308264,-246.76031740656862,-122.23045483104656,-383.1833550677224,295.91117668335437,319.3572301082607,-656.2711949283397,311.44993272924586
229.2296209466631,-340.09045175500995,-67.72791524482585,-387.15911844784387,-82.25047599256077,-307.848179829471,-257.8067602144981,8.545630366489958,287.1864854286962,469.07792013569565,-95.93079674853284,127.40130030179786,220.63406328025917,39.62939521718824,-122.08284600098632,17.14985281658248,67.49078297272183,-127.15220968442317,-244.23218801504422,170.2340945598443,93.37571902894823,580.4004870596484,257.74294879315937,-175.5604854518251,-90.21753957855938,-36.20328839886706,-61.377615411865655,-17.119272133318535,88.33482889600855,-251.6655180767317,338.35569715533927,-91.3412401279979,54.340024127554926,17.322587669001898,180.12998430861876,270.27678793963224,-212.12698782452352,-135.66935275612914,-66.76881318903864,-210.17143148958675,162.0903515156105,175.1558892326014,-359.79448372851397,170.51535459319126
1425.335761509663,-2115.2330233469092,-420.89215611382247,-2408.022381794649,-511.8016600234946,-1915.182129798435,-1603.321284674746,52.40928231711343,1785.9903580788757,2917.3382997779895,-597.5202438286324,791.6399053760197,1372.5090383218158,246.43863513463876,-759.9066379442195,106.39822306779584,419.4948696079622,-790.6389441962598,-1519.160488114985,1058.4065109839682,580.4004870596484,3609.672847660372,1602.5493467057538,-1092.0038218451164,-561.3213739777771,-225.1378769081817,-381.65664271460645,-106.7420577838522,549.1682759941131,-1565.121416786085,2104.2229334198028,-568.4579718159159,337.82983190952405,107.16211154036962,1120.266981988599,1680.5762997131226,-1318.6042345883652,-844.8605514237571,-414.336227947939,-1306.6561068965455,1007.6471043423229,1089.3522945708887,-2237.266188148792,1059.8480346758831
632.9114843199206,-938.9877286076312,-187.17410331792823,-1068.6780321774122,-227.04021238373596,-849.6864787508837,-711.7326583100662,23.843358609790666,792.9041128922842,1295.182375084848,-264.60664296263445,351.87894288102905,609.0141994121125,109.36085556797438,-336.92902548846683,47.33936628715468,186.575801603517,-351.1440026417976,-674.2937497422453,470.1880001924287,257.74294879315937,1602.5493467057538,711.7908076716003,-484.75129759193317,-249.1564555282907,-99.7941363910692,-169.50918902791324,-47.15102050682658,243.84490172045486,-695.071875618313,934.1087991941059,-252.1507942033328,149.79106516852355,47.83201511407301,497.54428547477136,746.2766057185574,-585.8574264567502,-374.0526781444504,-184.6624277451458,-580.1623741931484,447.7105140992511,483.54834962831967,-993.4320617190612,471.19069682070614
-431.13646585913915,639.923475336569,127.59078694483107,728.772375687614,154.83034513910007,579.4740142494427,485.1380697211344,-15.780756239824498,-540.316342582501,-882.796686745431,181.08972310058044,-239.58886519132278,-415.7351932100352,-74.27974380342438,230.09162876738057,-32.03988538934863,-126.78869407263831,239.36801775511307,459.7029665265873,-320.0620565803905,-175.5604854518251,-1092.0038218451164,-484.75129759193317,330.5895366439744,169.95669590740198,68.17733373794654,115.46945229054496,32.350727844599,-166.15377614061674,473.7344995016456,-636.7363097597463,171.9975762526099,-102.17404699219684,-32.29921977419304,-338.729387347655,-508.2715715473949,399.0302344433433,255.74420658624535,125.0082319607035,395.21675438614704,-304.4433923496293,-329.5029873334622,676.4624910491655,-320.3489162926875
-221.5885134673507,328.9455268275173,65.59611013528047,374.6196476737298,79.5981820890048,297.8875076811714,249.36829239154008,-8.083020084409217,-277.72925140179404,-453.8090029398528,93.15171306988076,-123.13798897271046,-213.76119766502535,-38.16149936891444,118.31840748530372,-16.440146083453296,-65.16702386794319,123.0509559095345,236.32254478175005,-164.5059710608123,-90.21753957855938,-561.3213739777771,-249.1564555282907,169.95669590740198,87.40035322053151,35.03664600874185,59.363919480814445,16.640502972725695,-85.3931063405158,243.5539091826963,-327.2997080117462,88.43638085564362,-52.48559402835283,-16.556698991938813,-174.11280191360467,-261.2174087213387,205.1068247479985,131.48213238866705,64.19200609024375,203.1027949734934,-156.44902954138217,-169.3574391433827,347.66919891584143,-164.62375897432239
-88.85898512258214,131.9739784989704,26.154361674377117,150.49423002507328,31.995764805335426,119.76397450619577,100.0844639952245,-2.9910060759065797,-111.41910450587639,-182.00632590978896,37.64519895713149,-49.23032578872372,-85.89120093713657,-15.34557078989853,47.63109964088655,-6.578459170516261,-25.955491534598824,49.29452619288935,94.84967906267163,-65.83756253892264,-36.20328839886706,-225.1378769081817,-99.7941363910692,68.17733373794654,35.03664600874185,14.17026396529669,23.769122561533614,6.786866101012071,-34.26846026383873,97.535649697092,-131.35687712522906,35.54751015145273,-21.215948604598402,-6.577315674491359,-69.70767319228575,-104.73119904618886,82.07942764327149,53.24550521587815,25.43558860153815,81.51846714967635,-62.590151839606094,-67.98932477702662,139.4077434256569,-65.7041763686992
-150.7106406890576,223.63533947321773,44.61313756045918,254.5390470224615,54.08439165844969,202.37027996354286,169.5163592571879,-5.654631126596597,-188.8302453531031,-308.50325409415626,63.06053827790409,-83.82458781725188,-145.11379522565986,-26.00903630545643,80.27584159513368,-11.242635120872333,-44.40451406292389,83.64065825096266,160.60420886890708,-111.96252833897258,-61.377615411865655,-381.65664271460645,-169.50918902791324,115.46945229054496,59.363919480814445,23.769122561533614,40.3952103242897,11.23492607361563,-58.07101243542921,165.5764709512993,-222.47684916164945,60.0622150326814,-35.65673165168089,-11.384215813898015,-118.46171713415814,-177.6934509203859,139.55244881199818,89.08198851994467,43.93007418346014,138.1451840855711,-106.57357896782108,-115.12775349476712,236.53827959800162,-112.15357408267272
-42.06331406102236,62.61700921143953,12.239649662316321,71.52768329169402,15.261826337903145,57.06593420789474,47.482740881442346,-1.1279594052483892,-52.822927069770955,-86.28790576985271,18.182110038928226,-23.11773299682945,-40.872325935706854,-7.301051147251727,22.804471190645383,-3.0641041882201225,-12.14592695451119,23.301697166877567,45.045221820858245,-31.069091368768206,-17.119272133318535,-106.7420577838522,-47.15102050682658,32.350727844599,16.640502972725695,6.786866101012071,11.23492607361563,3.33590553014683,-16.220943163175615,46.13743509670099,-62.30713122960862,16.969740590787268,-10.139599645744616,-2.980019091404138,-32.967430358574205,-49.566707725059736,38.68097079991194,25.753961829759852,11.7051219283449,38.603266004573726,-29.50372903179802,-32.272208545644155,66.00581672316915,-30.832324627510282
216.8746498966132,-321.7992443733714,-64.10124514836332,-366.3844748783247,-77.83648177948392,-291.3294330090727,-243.94783503208177,8.040627144243944,271.73406734903597,443.86998185881646,-90.86408735854748,120.52485472459206,208.8558848153538,37.46085259647966,-115.57395761547464,16.195254067460084,63.83018147115934,-120.32924608563326,-231.12157327085424,161.0372967455138,88.33482889600855,549.1682759941131,243.84490172045486,-166.15377614061674,-85.3931063405158,-34.26846026383873,-58.07101243542921,-16.220943163175615,83.57791631697977,-238.15241156378164,320.17211823653923,-86.44798336639657,51.412955075559786,16.346196900656086,170.40972569931395,255.69546352815024,-200.69635890462624,-128.45224235186444,-63.07830096885965,-198.83416781036667,153.29068353845315,165.72865874778665,-340.3676772827935,161.2666092498365
-618.0233869130855,917.0934822299391,183.11947811885992,1044.0836539378083,221.75453074435958,829.9851481325952,695.2229288211043,-23.150560896545123,-774.3950879830296,-1265.2520617864363,258.9031225799687,-343.7553966559888,-595.4863698694256,-106.46214070616439,329.36242697698896,-46.021946149984686,-182.0602232060266,343.1641698037751,658.7183561689126,-459.0320919786358,-251.6655180767317,-1565.121416786085,-695.071875618313,473.7344995016456,243.5539091826963,97.535649697092,165.5764709512993,46.13743509670099,-238.15241156378164,679.1841473792614,-912.4826597934283,246.3266408585389,-146.22319406191494,-46.51825854966202,-485.70528841305355,-728.6203208455549,572.3122624321833,365.54284539105566,179.8626070835724,566.4627549305063,-436.73586170064925,-472.17098579099627,969.7400968941828,-459.7832033978221
830.8562026830044,-1233.0797639920117,-245.48272492044325,-1404.0628703545165,-298.3652984613598,-1116.6134616992292,-934.7480632680135,30.423028516156677,1041.1592704817886,1700.80078251648,-348.6467143265484,461.5213830823181,800.5362359534893,143.49000132645799,-443.1746478503923,61.92841197933797,244.38111083577823,-461.00887853716574,-885.6929120758892,616.8433259062379,338.35569715533927,2104.2229334198028,934.1087991941059,-636.7363097597463,-327.2997080117462,-131.35687712522906,-222.47684916164945,-62.30713122960862,320.17211823653923,-912.4826597934283,1226.810295532709,-331.4120910947194,197.00932908749917,62.386346251292174,652.8562765389431,979.5687298225616,-768.7125393430285,-492.8012828347165,-241.1844406102678,-761.7096744974023,587.0621767900951,635.0242459357067,-1303.944344208159,617.4971691871732
-224.37359107723447,333.17481542762187,66.0517003004062,379.4518147554135,80.72785300803113,301.99526313068577,252.53259935265203,-7.857858270533653,-281.25734535597394,-459.4166110794116,94.5500132850496,-124.36051761272614,-216.3386687366429,-38.85798888213087,119.9712032628865,-16.684214637924512,-65.84769672472108,124.4077915242816,239.34338835341927,-166.4848404119806,-91.3412401279979,-568.4579718159159,-252.1507942033328,171.9975762526099,88.43638085564362,35.54751015145273,60.0622150326814,16.969740590787268,-86.44798336639657,246.3266408585389,-331.4120910947194,89.68386461515807,-53.3101231586382,-16.689835774355778,-176.3146302651264,-264.5338187482185,207.3342420454154,133.73933982622515,64.77047340072112,205.71070173459847,-158.46459753242416,-171.60217253522887,352.2194726311406,-166.4713570713924
133.37743848337144,-198.0175462320367,-39.119130776425116,-225.64184222846592,-48.00304485973731,-179.6304392174,-150.12540077760264,4.55541565943835,167.18076521317568,272.97424328421624,-56.27050512048829,73.8318231761277,128.5699991323436,23.16914855382452,-71.33740841176905,9.957047494359356,39.02710809552273,-73.87550050098366,-142.24709599720717,98.87493564759963,54.340024127554926,337.82983190952405,149.79106516852355,-102.17404699219684,-52.48559402835283,-21.215948604598402,-35.65673165168089,-10.139599645744616,51.412955075559786,-146.22319406191494,197.00932908749917,-53.3101231586382,31.847223834044176,9.949859432351365,104.70618386344458,157.2539590303053,-123.10840245010702,-79.76988599345296,-38.39378292451431,-122.37002490748692,94.15240339264112,102.04967165068842,-209.39226975138263,98.78748961203085
42.437575402465384,-62.728150044347295,-12.650570937975981,-71.16067135640981,-15.067172940522449,-56.423669177297036,-47.54243038565133,1.9887626162672136,53.02591448382785,86.54790642757885,-17.13466018258619,23.81235273159805,40.360812736275975,7.360908052490515,-22.1681990257334,3.288204009082457,12.693590073852787,-23.50947681621026,-44.94424068210114,31.667831394261064,17.322587669001898,107.16211154036962,47.83201511407301,-32.29921977419304,-16.556698991938813,-6.577315674491359,-11.384215813898015,-2.980019091404138,16.346196900656086,-46.51825854966202,62.386346251292174,-16.689835774355778,9.949859432351365,3.4548281680034973,33.4078419935518,50.08430046033922,-39.455596786392874,-24.30765399256495,-12.932197250377278,-38.912678661546764,30.283375561519584,32.295864499482626,-66.67019195640374,31.99218728681402
442.43240571305597,-656.4058568570739,-130.5955320305774,-746.8825289049711,-158.75051266050772,-594.0131014509891,-497.45467427470095,16.603944466175832,554.258625405845,905.2211928390799,-184.90297044328108,245.77386834405024,425.4117378499451,76.64612867482245,-235.49490168443958,33.16031600125209,130.48619147087706,-245.31599494046088,-471.318280599502,328.7241052472215,180.12998430861876,1120.266981988599,497.54428547477136,-338.729387347655,-174.11280191360467,-69.70767319228575,-118.46171713415814,-32.967430358574205,170.40972569931395,-485.70528841305355,652.8562765389431,-176.3146302651264,104.70618386344458,33.4078419935518,347.9499711895143,521.726823019597,-409.3316684364335,-261.57091750451906,-129.17090467156487,-405.53473388454796,313.1834107218974,338.07813379059456,-694.6547615849875,329.4982905518704
663.701053466447,-984.746041732146,-195.96538157767534,-1120.8231054280147,-238.19942302982676,-891.3683425833091,-746.399432434692,24.68534712145085,831.5090579001325,1358.1090352890387,-277.7172291124233,368.70166164839077,638.5860111921064,114.84067881622711,-353.489668268411,49.66709451330005,195.49708998148952,-368.0714543276551,-707.1436632506666,492.9535679312317,270.27678793963224,1680.5762997131226,746.2766057185574,-508.2715715473949,-261.2174087213387,-104.73119904618886,-177.6934509203859,-49.566707725059736,255.69546352815024,-728.6203208455549,979.5687298225616,-264.5338187482185,157.2539590303053,50.08430046033922,521.726823019597,782.6244325371108,-614.0286698978716,-392.8589142448979,-193.400423043316,-608.4502355123517,469.48064411193417,507.18764914509916,-1041.8811608709639,493.8781065301735
-520.8074566233322,772.5723464479364,154.48015796368261,879.3476450043331,186.681535452571,698.8172622199005,585.6748791905571,-19.964868025228494,-652.4356488710612,-1065.9389511528257,217.5464059914339,-289.9661080474963,-501.38949905369697,-89.70572073956608,277.1007692981475,-38.89461560947541,-153.6279532599322,289.1903062614207,554.8256872971326,-386.97389728308264,-212.12698782452352,-1318.6042345883652,-585.8574264567502,399.0302344433433,205.1068247479985,82.07942764327149,139.55244881199818,38.68097079991194,-200.69635890462624,572.3122624321833,-768.7125393430285,207.3342420454154,-123.10840245010702,-39.455596786392874,-409.3316684364335,-614.0286698978716,482.53071006512505,307.1696550785215,152.14006849001535,477.36466633741674,-368.27363793654376,-397.7543066033476,817.2127750477232,-387.87544861005716
-333.2657959183362,495.369305285418,97.47058951545307,564.9069577796841,120.35391350142449,450.13666985811443,375.5421853772338,-10.427915530305789,-418.0594785057621,-682.7811662980768,141.97203007460797,-183.9357464329087,-322.25657054513863,-57.86514814304297,179.24012894188374,-24.612525158086697,-97.08587504460255,184.62117879065914,356.04944162193806,-246.76031740656862,-135.66935275612914,-844.8605514237571,-374.0526781444504,255.74420658624535,131.48213238866705,53.24550521587815,89.08198851994467,25.753961829759852,-128.45224235186444,365.54284539105566,-492.8012828347165,133.73933982622515,-79.76988599345296,-24.30765399256495,-261.57091750451906,-392.8589142448979,307.1696550785215,201.12006746249182,94.70824194317736,305.72415150032344,-234.72163189334734,-255.26854334631196,523.139798218722,-245.94411189846412
-163.90371730013123,242.58903393490567,48.70552767463935,275.2964222670769,58.380391702778034,218.54741982193653,183.77365413728586,-7.264632758087385,-204.97302669190006,-334.62678639936587,66.88352337939233,-91.61907054393289,-156.33790576149542,-28.446353050848135,86.12550640849611,-12.565969346331727,-48.96631854249773,90.84330022894007,173.93127524549388,-122.23045483104656,-66.76881318903864,-414.336227947939,-184.6624277451458,125.0082319607035,64.19200609024375,25.43558860153815,43.93007418346014,11.7051219283449,-63.07830096885965,179.8626070835724,-241.1844406102678,64.77047340072112,-38.39378292451431,-12.932197250377278,-129.17090467156487,-193.400423043316,152.14006849001535,94.70824194317736,49.37016263033848,150.1634013804411,-116.78159600102067,-124.92510667778727,257.507114955142,-123.30935096060934
-516.0273564889472,765.6671433649697,152.32373627342537,871.6398035834302,185.22889125928793,693.2092990276421,580.388719675455,-19.06963925737226,-646.5301309956432,-1055.9734696950272,216.11526707266808,-286.6320860098378,-496.68315810017344,-89.28043379906413,274.948450381705,-38.59868711114091,-151.8821193186256,286.1789039085729,549.8618903747949,-383.1833550677224,-210.17143148958675,-1306.6561068965455,-580.1623741931484,395.21675438614704,203.1027949734934,81.51846714967635,138.1451840855711,38.603266004573726,-198.83416781036667,566.4627549305063,-761.7096744974023,205.71070173459847,-122.37002490748692,-38.912678661546764,-405.53473388454796,-608.4502355123517,477.36466633741674,305.72415150032344,150.1634013804411,473.1213837638539,-364.8858339370155,-394.36761224446553,810.0119680474018,-383.76675406039254
398.06719162400077,-590.3651444785665,-117.3664126635395,-671.4047137304204,-142.7157922546811,-533.9873877947056,-447.34061999656876,15.239544716404327,498.5333456991778,814.0152479048721,-165.7445535523744,221.1713856053317,382.0611653487241,69.16561858539012,-211.4532496169615,30.00745522358446,117.59502260316884,-220.54849188632113,-423.76218819357695,295.91117668335437,162.0903515156105,1007.6471043423229,447.7105140992511,-304.4433923496293,-156.44902954138217,-62.590151839606094,-106.57357896782108,-29.50372903179802,153.29068353845315,-436.73586170064925,587.0621767900951,-158.46459753242416,94.15240339264112,30.283375561519584,313.1834107218974,469.48064411193417,-368.27363793654376,-234.72163189334734,-116.78159600102067,-364.8858339370155,282.19033719282487,304.10407429747136,-625.2199214546528,296.873748987357
430.1508162077618,-638.3628126935413,-126.83555381778068,-726.7680163821532,-154.49283613497514,-578.134334227394,-483.8598298219308,15.68182350567911,538.9980433407972,880.3214872176001,-180.43184899341645,238.74249804947348,414.1491866779308,74.47719491293972,-229.39139204958,32.14229490244271,126.54262101154067,-238.5208812953762,-458.47451064433506,319.3572301082607,175.1558892326014,1089.3522945708887,483.54834962831967,-329.5029873334622,-169.3574391433827,-67.98932477702662,-115.12775349476712,-32.272208545644155,165.72865874778665,-472.17098579099627,635.0242459357067,-171.60217253522887,102.04967165068842,32.295864499482626,338.07813379059456,507.18764914509916,-397.7543066033476,-255.26854334631196,-124.92510667778727,-394.36761224446553,304.10407429747136,328.82708767752206,-675.2504163766074,319.75165379757414
-883.556707626153,1310.959364289122,260.5663441502932,1491.9662625861256,317.1520755047138,1186.7344990365073,993.5737545178978,-32.77221632913237,-1106.942579832994,-1807.7969344172695,369.67156042170814,-490.6270196239413,-849.8183963802097,-153.14098280517197,470.55511222255626,-66.2071070926595,-260.28062827839466,489.81211528817647,941.3500476796347,-656.2711949283397,-359.79448372851397,-2237.266188148792,-993.4320617190612,676.4624910491655,347.66919891584143,139.4077434256569,236.53827959800162,66.00581672316915,-340.3676772827935,969.7400968941828,-1303.944344208159,352.2194726311406,-209.39226975138263,-66.67019195640374,-694.6547615849875,-1041.8811608709639,817.2127750477232,523.139798218722,257.507114955142,810.0119680474018,-625.2199214546528,-675.2504163766074,1387.248010456211,-657.5028274649832
418.7599950043145,-620.8602983493854,-123.97020132487901,-705.9832936503144,-149.92045050581726,-561.1113097264994,-470.4917627047357,16.565539404071398,524.3539116497232,856.348615450442,-173.8940916266523,233.1083449674638,401.89453182998716,72.4781478964252,-222.11453199309022,31.55012944193528,123.96803157825039,-232.25403290250526,-445.64948485930717,311.44993272924586,170.51535459319126,1059.8480346758831,471.19069682070614,-320.3489162926875,-164.62375897432239,-65.7041763686992,-112.15357408267272,-30.832324627510282,161.2666092498365,-459.7832033978221,617.4971691871732,-166.4713570713924,98.78748961203085,31.99218728681402,329.4982905518704,493.8781065301735,-387.87544861005716,-245.94411189846412,-123.30935096060934,-383.76675406039254,296.873748987357,319.75165379757414,-657.5028274649832,312.76374597919096
