V1,V2,V3,V4,V5,V6,V7,V8,V9,V10,V11,V12,V13,V14,V15,V16,V17,V18,V19,V20,V21,V22,V23,V24,V25,V26,V27,V28,V29,V30,V31,V32,V33,V34,V35,V36,V37,V38,V39,V40,V41,V42,V43,V44
0.36767779298143144,0.30608247392667726,0.443468815606186,-0.2507068762278237,0.6943851276722235,-0.0954011956299628,0.3894969773212849,1.04830456241741,0.38824122726486804,-0.727323313574192,-0.6280039479070665,-0.2164407523022618,0.588744502588596,0.8036076276018198,0.30852415167059516,0.5269160097533816,1.1021619362681991,-0.4696081778980055,-0.3698604637372371,0.19946379495086994,0.06701434580985564,-0.15794411928212942,0.07590288058514827,-0.12578141879185797,-0.287899293661381,-0.2772015682518101,0.6119259296683695,0.09092327503196385,0.27873061112467556,-0.25335599065092285,0.4275908589421467,0.05259581756508671,0.03750226551955848,-0.8452985346420557,0.49307182677431605,-0.6212093756862684,-0.08220051847785924,-0.005609390958628741,0.3202537727404457,-0.045945777691588176,0.372313855399405,0.8704635396993451,-0.476682560200663,0.6981648585209019
0.30608247392667726,1.6647931117503616,1.2181942399683172,0.38735259500035546,1.6537053680861715,0.11084774284889967,1.620951016893288,1.6835811477652056,-0.4307787735645527,-2.319406639293764,-0.7353603641027581,-0.048944025021758666,1.2627456951600844,1.1742649935871334,0.8787033142880611,1.0903555294954002,1.6193119968338163,-0.8518188490811675,0.1677391176974405,0.33811924814063293,0.24074753101874125,-0.44681103428902524,-0.24636058124976354,0.16034839805605808,-0.6250818370926586,-0.5334957810364116,1.2307525368644603,0.21925125388546637,0.1627672228801683,-0.02629606798016748,0.5777597599655925,0.30427427571249555,0.053290129685150865,-1.968139880956116,0.11181333534385478,-1.0320948635174827,0.1761869946015259,0.4416904549316641,0.6438329940434288,-0.24709480112469034,0.16350185027241365,1.7005406672893681,-0.24172657397623945,0.8463789370396926
0.443468815606186,1.2181942399683172,2.595981207260706,-1.395890460261767,2.1589392575840405,-0.18530775747024322,1.9996318056784605,2.6512407489528997,0.2725019843561795,-0.8609214164018028,-1.4977867761601027,-0.8561724093209275,0.37093656056586227,1.7334248690748353,-0.25862864917818174,1.832850646688899,3.2278968358888016,-0.04704449476884684,-0.39453561854787483,-0.12650977460379872,-0.6269101049658647,-0.7824972462413158,-1.0733033125020481,0.8441785841451585,-0.8237268477202934,0.6033818409254165,1.3988094133494606,-1.8066194653781131,-0.41001694011473355,-0.7592488762821357,0.41380638035993067,-0.5515900632010036,-0.352638601064035,-2.2943522249302126,2.1141768332319377,-1.1959439924151887,-1.071083741616449,0.403777044738667,1.5722185376472622,0.6094450734551874,-0.18028530910436397,1.5284480829776348,-0.7730512355652993,1.431993287171306
-0.2507068762278237,0.38735259500035546,-1.395890460261767,2.105687613428188,-0.6097992321051944,0.3471258891925061,-0.319449764489024,-1.061545138557706,-0.7316710888915521,-1.5780886506937397,0.6835752729635156,0.5856457235946102,0.7781479082880417,-0.5005189495907897,1.117611335514865,-0.8581390982758507,-1.5330280324446885,-0.7722682301665964,0.5187664938969233,0.5160808261062793,0.7270584665585957,0.2825283014327454,0.8335768309374211,-0.7423830722969859,0.1155430863482438,-1.0601320078787033,-0.17678449717779932,2.1485568327913667,0.5202037366711563,0.6948557811540835,-0.025134557536860776,0.7888593810711199,0.18111570361368834,0.17063821636428828,-1.87628582116632,-0.02962915302520229,1.481980814030495,0.045501152129157,-0.9180858423450039,-0.5785917571020579,0.48074599496253834,0.11535724807677027,0.5875821140456303,-0.49662766416005527
0.6943851276722235,1.6537053680861715,2.1589392575840405,-0.6097992321051944,2.481635839702043,-0.02339534488333538,2.051872734734485,3.1766680582830893,0.4075107069981264,-2.4068891840296356,-1.7475695913485947,-0.7933264351756283,1.29062758294131,2.268165426273291,0.6774810004982088,1.8637339733836444,3.459468234984632,-0.9140405503534329,-0.5428097346982136,0.25400204819773275,-0.16110121460730048,-1.0013078646266813,-0.5496305448956187,0.309185496273871,-0.9237171762154873,-0.2876068680401817,1.9025915811742034,-0.5356577550864324,0.23101978221205635,-0.5815957092479076,0.7901604627219386,-0.020103867853794456,-0.1216302486773167,-2.8515982241823172,1.5800000554438205,-1.8878618250324946,-0.3797653870813496,0.37151215980882796,1.365585416104141,0.24577165695272632,0.45545769839427835,2.3630674265232106,-0.9193115813548645,1.8216038633330383
-0.0954011956299628,0.11084774284889967,-0.18530775747024322,0.3471258891925061,-0.02339534488333538,0.2339052733264154,-0.021378756032640164,0.03349949891746482,-0.011400931074940281,-0.43581550295779703,0.01198503188748459,-0.1354734553854607,-0.07415246933459009,0.05226381764806903,0.20861680628117296,-0.10163883979463302,-0.060792894258053815,-0.046919395292865575,0.03215788763034318,-0.07351857521540436,-0.003753653157754081,-0.4551963605389455,-0.014582288886123455,-0.0446959553638529,0.10763170307459739,-0.13329678232664216,0.06375413641325874,0.2868952833304466,0.1092270211085213,0.18052377854778368,-0.19243027229807902,0.14700816128187108,0.013253552927950886,0.047257628929876346,-0.16504435194436295,-0.30733989098501935,0.2761867117830439,0.011921371460796349,-0.050417187850430145,0.11711301125668387,0.07690800712215927,-0.07418886897260557,0.17924812295179812,-0.04338129449206969
0.3894969773212849,1.620951016893288,1.9996318056784605,-0.319449764489024,2.051872734734485,-0.021378756032640164,2.0104748843298275,2.297713418445813,-0.1626545892441561,-1.9312512911516384,-1.1994366656340356,-0.4625170261720394,0.9949829934129941,1.5887992547404544,0.4488928282762982,1.5432196010947714,2.587805051524297,-0.5747520887229972,-0.08952132149707111,0.21029183915924526,-0.15189875109948187,-0.6203156406136304,-0.6386333759965731,0.4622348918185649,-0.8352715395512893,-0.059550164977076846,1.4536573210612176,-0.6614582916378291,-0.08815750628711307,-0.39184738365566424,0.5447943642700747,-0.08315353310704697,-0.1985894747766872,-2.405332961484126,1.0886439879702992,-1.2793750256622896,-0.33647118916069657,0.46904105716799044,1.1562033636680522,0.18575622793739327,0.07038541165595123,1.823432583088099,-0.5177455250756011,1.2514180192900677
1.04830456241741,1.6835811477652056,2.6512407489528997,-1.061545138557706,3.1766680582830893,0.03349949891746482,2.297713418445813,4.606662860554388,1.2851701424551358,-3.0704401036126745,-2.722416925433271,-1.5859648687672292,1.4593840461417118,3.4103079623162302,0.8468837732522595,2.4080413558033866,5.081564668510438,-1.2274024623740936,-1.277789018199978,0.23503312722498892,-0.4272653219260647,-1.8154972201607222,-0.6251508045371472,0.20675559140089542,-1.123867610195178,-0.38148568049361814,2.621024427337117,-0.6238896095782938,0.5598546530822437,-0.9466394470051533,0.9314505456304703,-0.0917494449113874,-0.22884200857229153,-3.6795657553575625,2.6884320326896605,-3.0271841090753475,-0.47348341751150747,0.25937759873846483,1.8705507105363441,0.7067211582632554,1.0099527544137876,3.066384323041747,-1.4819661790368575,2.785847367211028
0.38824122726486804,-0.4307787735645527,0.2725019843561795,-0.7316710888915521,0.4075107069981264,-0.011400931074940281,-0.1626545892441561,1.2851701424551358,1.1984023147131215,-0.11258038757032582,-0.9789740032730178,-0.8896409608856527,-0.0792969405488866,1.0592122936487405,-0.041522815125436825,0.3872692619433863,1.521562078443012,-0.175039088631791,-0.947385768126673,-0.09201789359107332,-0.35171934879492367,-0.7650388210665288,0.006000873151687953,-0.17789927473239325,-0.08319022947441931,0.015010130748262041,0.5333718834185867,-0.18374817594981285,0.3645125333066328,-0.46173722060950667,0.08933979721859228,-0.17092880250153325,-0.1097870793171585,-0.4653803630897721,1.3074676590815657,-1.0299551296668807,-0.21598440177554745,-0.2659354337714046,0.4284780063878477,0.5524215121569989,0.6239149084993092,0.4340590164925732,-0.666743836842124,0.9469741376428104
-0.727323313574192,-2.319406639293764,-0.8609214164018028,-1.5780886506937397,-2.4068891840296356,-0.43581550295779703,-1.9312512911516384,-3.0704401036126745,-0.11258038757032582,5.015143800760358,1.6206364508185014,0.5146447064225753,-2.568671590394842,-2.543424994781293,-2.301279334096843,-1.3333184334043844,-2.814220315986541,2.205832557706799,0.3960146171220138,-0.9101475653716257,-0.6655931913994257,1.2443654679844556,-0.43319517268557906,0.6739667335936288,0.9398421822576157,1.7896858202992738,-2.315112220562557,-2.0736717406320806,-1.1823293098047765,-0.04503965929209329,-1.0144457132536149,-0.9818503168776751,-0.14577600462134507,3.3227486824366643,0.03365668878260426,2.7609002901848005,-1.3077016415570106,-0.3701798655550305,-0.6254410204876152,0.3094569440632659,-1.4195255451184055,-3.196211782229201,0.6424436098192099,-1.9286369172892726
-0.6280039479070665,-0.7353603641027581,-1.4977867761601027,0.6835752729635156,-1.7475695913485947,0.01198503188748459,-1.1994366656340356,-2.722416925433271,-0.9789740032730178,1.6206364508185014,1.7273626908707902,1.1314886334277727,-0.725567926092237,-2.090855089659234,-0.392099704900343,-1.3443956686680598,-3.1199190595507287,0.6778349466432737,0.9449278333909592,-0.13705904481872544,0.3711301678665382,1.0845289377432292,0.3195787192663288,-0.046342354962992174,0.6708737055702171,0.14306715183485688,-1.5082988133081476,0.37602809072228194,-0.34793380959454,0.6714570395048878,-0.47862943917500544,0.14614744727000484,0.24100543828135698,2.1411045602990706,-1.840223277568133,1.8824628834813621,0.26028946729401,-0.06877524254331732,-1.1102905040444908,-0.6026549577668967,-0.7387139173844068,-1.729310675985279,0.9704899970123443,-1.764296860562568
-0.2164407523022618,-0.048944025021758666,-0.8561724093209275,0.5856457235946102,-0.7933264351756283,-0.1354734553854607,-0.4625170261720394,-1.5859648687672292,-0.8896409608856527,0.5146447064225753,1.1314886334277727,1.1549470565542772,0.23085266572954088,-1.2519247736303034,0.09760353486248154,-0.6438742167947924,-1.9696015884592506,0.02922078766680237,0.7691505452245149,0.2211629266950997,0.6105255628843144,1.1496255842243641,0.4074052933298086,-0.1483956187668531,0.22769791793874664,-0.2775315843028679,-0.7488586162923038,0.5496274169322067,-0.08217065521358119,0.4562105889395482,0.15107825865790142,0.28142035295565326,0.3206629958476914,0.9609323553717051,-1.5772507156424787,1.3138891218080755,0.20059067428997027,0.04489979546580348,-0.7504304112657676,-0.8802211211781108,-0.4276986579301407,-0.5272933378931424,0.5010728927187978,-1.04666496982501
0.588744502588596,1.2627456951600844,0.37093656056586227,0.7781479082880417,1.29062758294131,-0.07415246933459009,0.9949829934129941,1.4593840461417118,-0.0792969405488866,-2.568671590394842,-0.725567926092237,0.23085266572954088,1.9261107141297242,1.2182883165575074,1.337647698388992,0.7448578629617657,1.2461505732321487,-1.4619377935394582,-0.134137058863196,0.8028259447994479,0.7048488280717541,0.17201041301797007,0.5552320929106667,-0.5416340578171454,-0.6511840615303148,-1.198293199913194,1.1900450074000275,1.3241885305828827,0.7197384809672351,-0.0574991025409318,1.0262234252648312,0.5969172131806557,0.23572727975708688,-1.8593998225312365,-0.3657284516584308,-1.0085629201702087,0.6081764260337245,0.18124170914683857,0.16003050102175922,-0.7027368921769419,0.798327701876407,2.0516835351384435,-0.5512163012823523,1.0119430903920896
0.8036076276018198,1.1742649935871334,1.7334248690748353,-0.5005189495907897,2.268165426273291,0.05226381764806903,1.5887992547404544,3.4103079623162302,1.0592122936487405,-2.543424994781293,-2.090855089659234,-1.2519247736303034,1.2182883165575074,2.634701086186439,0.8054308764550157,1.664480256693303,3.7686310028132923,-1.0928013163991694,-1.0616297208891674,0.29698383027510855,-0.26011708033479297,-1.3458875800947494,-0.264188594783028,-0.060001759209540324,-0.8608967810064113,-0.4651189256942586,1.9878956763695694,-0.06445112725712764,0.576251588390493,-0.6990386738089284,0.7050897274958146,0.01795645841545351,-0.20325506108044047,-2.806979415586525,1.9252034676752923,-2.4342489105615828,-0.0882549069979139,0.13329084229864144,1.2801352454983934,0.5491485691361487,1.0047072407796227,2.378078308605336,-1.1437523748913005,2.1814430454713967
0.30852415167059516,0.8787033142880611,-0.25862864917818174,1.117611335514865,0.6774810004982088,0.20861680628117296,0.4488928282762982,0.8468837732522595,-0.041522815125436825,-2.301279334096843,-0.392099704900343,0.09760353486248154,1.337647698388992,0.8054308764550157,1.2711470394563835,0.2245837416059383,0.5269601825373341,-1.169879072069747,-0.0722190312613556,0.5552565330792526,0.5973988024619119,-0.2669678356182978,0.5633995796833935,-0.59345770193877,-0.2807742012435275,-1.1347447158541246,0.8084659514346294,1.558375631242115,0.7391857455595295,0.21791231798187485,0.527545379798141,0.6720057756509362,0.22851909904047107,-1.0844829919656298,-0.6651130071466393,-0.9849976294187927,0.8966760368470026,0.07753941236969553,-0.12702201524994386,-0.460218181214369,0.7583342049220214,1.3018471809836623,-0.1671097931678624,0.5878951347437131
0.5269160097533816,1.0903555294954002,1.832850646688899,-0.8581390982758507,1.8637339733836444,-0.10163883979463302,1.5432196010947714,2.4080413558033866,0.3872692619433863,-1.3333184334043844,-1.3443956686680598,-0.6438742167947924,0.7448578629617657,1.664480256693303,0.2245837416059383,1.4945245080546254,2.7276642368055986,-0.4562828580392309,-0.45365266949982436,0.09046572008998004,-0.2579193244573856,-0.7127031184972624,-0.5712973087282309,0.38470854285157224,-0.6936386101476637,0.035829127909073666,1.3587769186068879,-0.8556362649098752,0.027734278710603195,-0.5516793241011633,0.5594356779437404,-0.1945025947804901,-0.14423361050472036,-2.0449633263280216,1.482816156383704,-1.2888816530915852,-0.5928919688372599,0.26137929844756036,1.1579898601887797,0.2918626789831857,0.19157234405542217,1.6241627335145998,-0.750012126617697,1.3595494943399578
1.1021619362681991,1.6193119968338163,3.2278968358888016,-1.5330280324446885,3.459468234984632,-0.060792894258053815,2.587805051524297,5.081564668510438,1.521562078443012,-2.814220315986541,-3.1199190595507287,-1.9696015884592506,1.2461505732321487,3.7686310028132923,0.5269601825373341,2.7276642368055986,5.866642841264781,-1.0316290420839087,-1.5149713029995513,0.15658254535188265,-0.757129783321373,-1.9628933343046435,-0.9027003901393238,0.4033236977396717,-1.3056765829791532,-0.018493961259333662,2.8025130971644634,-1.2412421764845545,0.3774481447658327,-1.2470173774252644,0.8757059221294591,-0.3979981199167873,-0.4696897065022018,-4.059803486569821,3.483518879800944,-3.283209122368925,-0.8014453125150608,0.2693948597480425,2.2611955449985484,1.1020092953514633,1.003469917455962,3.1694485997874877,-1.7052933040443412,3.145034566548577
-0.4696081778980055,-0.8518188490811675,-0.04704449476884684,-0.7722682301665964,-0.9140405503534329,-0.046919395292865575,-0.5747520887229972,-1.2274024623740936,-0.175039088631791,2.205832557706799,0.6778349466432737,0.02922078766680237,-1.4619377935394582,-1.0928013163991694,-1.169879072069747,-0.4562828580392309,-1.0316290420839087,1.2417188921572337,0.2841299783599262,-0.6072022733149265,-0.5175412238071565,0.13297268368055803,-0.5468076790748603,0.5767402331153916,0.43413603608631646,1.0541819134158252,-0.9720055466947899,-1.3295886716550795,-0.7279167793650339,0.023499293292353653,-0.7135648097068886,-0.543465401165906,-0.1803753425951176,1.4054711899030885,0.2375369752012688,1.061875325290617,-0.6914110519809145,-0.060280031435676264,-0.05413072420972631,0.42450299607898884,-0.8524463840355115,-1.585467924390047,0.455635910656284,-0.8992636908296969
-0.3698604637372371,0.1677391176974405,-0.39453561854787483,0.5187664938969233,-0.5428097346982136,0.03215788763034318,-0.08952132149707111,-1.277789018199978,-0.947385768126673,0.3960146171220138,0.9449278333909592,0.7691505452245149,-0.134137058863196,-1.0616297208891674,-0.0722190312613556,-0.45365266949982436,-1.5149713029995513,0.2841299783599262,0.7975062046823119,-0.017753811044966438,0.27294347534201474,0.6041757143033492,-0.010576303541316416,0.1631857410435523,0.20021324487470443,0.05091197159926451,-0.6076599418969998,0.08956831439719642,-0.3188454156027857,0.4333992481905073,-0.1672174036440434,0.1274101474636013,0.1307173788701664,0.7178040341018772,-1.1462526336322083,0.9975626929209587,0.12451390041368482,0.16872825459217858,-0.4382083013925192,-0.45001902342910166,-0.5925584196619176,-0.6261274293158521,0.6247967440150773,-0.9509161377859197
0.19946379495086994,0.33811924814063293,-0.12650977460379872,0.5160808261062793,0.25400204819773275,-0.07351857521540436,0.21029183915924526,0.23503312722498892,-0.09201789359107332,-0.9101475653716257,-0.13705904481872544,0.2211629266950997,0.8028259447994479,0.29698383027510855,0.5552565330792526,0.09046572008998004,0.15658254535188265,-0.6072022733149265,-0.017753811044966438,0.43314751377471256,0.37151050238865113,0.331607617255667,0.3996579021287027,-0.3627027040537816,-0.24925249898113827,-0.5531842081535872,0.3147818312681615,0.7668705134711685,0.3265569967806273,0.010929642246853026,0.41183007986722775,0.2671300271371303,0.07228121759146237,-0.575270510963353,-0.36910974223095827,-0.24694715355137992,0.3797987591953835,0.02120593186249306,-0.11653189249202595,-0.3509654200151722,0.38797815155425247,0.7086439853422155,-0.1750294881784442,0.28764095366407727
0.06701434580985564,0.24074753101874125,-0.6269101049658647,0.7270584665585957,-0.16110121460730048,-0.003753653157754081,-0.15189875109948187,-0.4272653219260647,-0.35171934879492367,-0.6655931913994257,0.3711301678665382,0.6105255628843144,0.7048488280717541,-0.26011708033479297,0.5973988024619119,-0.2579193244573856,-0.757129783321373,-0.5175412238071565,0.27294347534201474,0.37151050238865113,0.582294545804339,0.49162933188335295,0.5189335905215322,-0.39831982067060684,0.007968181308902816,-0.6639177132000944,-0.04034697882864973,1.0018536111643528,0.33946166607933875,0.29408973450558645,0.3380844802128053,0.43355480059411755,0.27436934630870663,0.06996299352896469,-1.0468848902345647,0.2238747833590014,0.48199058055987465,0.0033581113826606644,-0.463304627718444,-0.6505676925063936,0.1840456183773947,0.29539684319509657,0.11893119022557816,-0.2367782847307743
-0.15794411928212942,-0.44681103428902524,-0.7824972462413158,0.2825283014327454,-1.0013078646266813,-0.4551963605389455,-0.6203156406136304,-1.8154972201607222,-0.7650388210665288,1.2443654679844556,1.0845289377432292,1.1496255842243641,0.17201041301797007,-1.3458875800947494,-0.2669678356182978,-0.7127031184972624,-1.9628933343046435,0.13297268368055803,0.6041757143033492,0.331607617255667,0.49162933188335295,1.8116431774758333,0.5144495035820563,-0.1915740570191869,0.08718995806871407,-0.01853141023266008,-0.9519292129483237,0.29669005661654413,-0.2471430446142024,0.14701752618587802,0.2643776033178927,0.01489642863230162,0.1636781744137235,0.9618096307281506,-1.235513938069235,1.6945947772562402,0.001700197522220047,-0.03286716941500473,-0.7669937109556864,-0.842869504349427,-0.379954924067713,-0.579376522079273,0.25007265144462687,-0.9461998884507976
0.07590288058514827,-0.24636058124976354,-1.0733033125020481,0.8335768309374211,-0.5496305448956187,-0.014582288886123455,-0.6386333759965731,-0.6251508045371472,0.006000873151687953,-0.43319517268557906,0.3195787192663288,0.4074052933298086,0.5552320929106667,-0.264188594783028,0.5633995796833935,-0.5712973087282309,-0.9027003901393238,-0.5468076790748603,-0.010576303541316416,0.3996579021287027,0.5189335905215322,0.5144495035820563,0.7714126503385695,-0.6615480115811466,0.10015066344622543,-0.7078010251022019,-0.19813355270917019,1.3229856447991284,0.49314039414075067,0.2226672953765391,0.24066231178336772,0.42124546803602403,0.2109775029422688,0.3339604717144049,-0.9443124996798523,0.14773157208163096,0.6884506726237106,-0.17747377524260702,-0.65613034462381,-0.498198519853484,0.48894422270260895,0.09940725805108558,0.024658958067723672,-0.1662774695870788
-0.12578141879185797,0.16034839805605808,0.8441785841451585,-0.7423830722969859,0.309185496273871,-0.0446959553638529,0.4622348918185649,0.20675559140089542,-0.17789927473239325,0.6739667335936288,-0.046342354962992174,-0.1483956187668531,-0.5416340578171454,-0.060001759209540324,-0.59345770193877,0.38470854285157224,0.4033236977396717,0.5767402331153916,0.1631857410435523,-0.3627027040537816,-0.39831982067060684,-0.1915740570191869,-0.6615480115811466,0.6235239727188532,-0.03182522668230504,0.6796460720576345,-0.023889109786995804,-1.2198452815802865,-0.5290577723403596,-0.14333146800363336,-0.20958898628098097,-0.3806026500513858,-0.13860418747533124,-0.05416711679928042,0.6084562667173002,0.2228125486621726,-0.6601809420838223,0.17035790696870096,0.4596356723788864,0.2965775881912146,-0.5871105156938189,-0.2679698718363444,0.07051995397829144,-0.08699518983945839
-0.287899293661381,-0.6250818370926586,-0.8237268477202934,0.1155430863482438,-0.9237171762154873,0.10763170307459739,-0.8352715395512893,-1.123867610195178,-0.08319022947441931,0.9398421822576157,0.6708737055702171,0.22769791793874664,-0.6511840615303148,-0.8608967810064113,-0.2807742012435275,-0.6936386101476637,-1.3056765829791532,0.43413603608631646,0.20021324487470443,-0.24925249898113827,0.007968181308902816,0.08718995806871407,0.10015066344622543,-0.03182522668230504,0.47027879939861555,0.15002672227335032,-0.7203608363376738,0.09328775846295817,-0.08365847310197318,0.28527571411575786,-0.3959818831523661,0.028466694531958176,0.11224720516796402,1.2337770532470995,-0.5651268620467684,0.6540345752011557,0.08212448516409075,-0.1451888655907651,-0.4850810386568048,-0.04142231535013319,-0.2518796891851603,-1.023273679141408,0.4108285192799013,-0.7510846368554601
-0.2772015682518101,-0.5334957810364116,0.6033818409254165,-1.0601320078787033,-0.2876068680401817,-0.13329678232664216,-0.059550164977076846,-0.38148568049361814,0.015010130748262041,1.7896858202992738,0.14306715183485688,-0.2775315843028679,-1.198293199913194,-0.4651189256942586,-1.1347447158541246,0.035829127909073666,-0.018493961259333662,1.0541819134158252,0.05091197159926451,-0.5531842081535872,-0.6639177132000944,-0.01853141023266008,-0.7078010251022019,0.6796460720576345,0.15002672227335032,1.1108194098792583,-0.5059127105535048,-1.6073143824616272,-0.7415105287957221,-0.2505305500349455,-0.5122843100855724,-0.6571062704619856,-0.2840812444424567,0.6135999566841828,0.8680511164160118,0.6221999419078962,-0.8592515793606473,0.02067431345181012,0.3448227261512815,0.5745572595901025,-0.7129503258183096,-0.9817677576608349,0.1225368606991582,-0.34116845279088875
0.6119259296683695,1.2307525368644603,1.3988094133494606,-0.17678449717779932,1.9025915811742034,0.06375413641325874,1.4536573210612176,2.621024427337117,0.5333718834185867,-2.315112220562557,-1.5082988133081476,-0.7488586162923038,1.1900450074000275,1.9878956763695694,0.8084659514346294,1.3587769186068879,2.8025130971644634,-0.9720055466947899,-0.6076599418969998,0.3147818312681615,-0.04034697882864973,-0.9519292129483237,-0.19813355270917019,-0.023889109786995804,-0.7203608363376738,-0.5059127105535048,1.6139166471288657,0.08642319678736832,0.4492973305848818,-0.4256384655343986,0.6475493765909008,0.133589204644826,-0.08470538351004522,-2.323210831843134,1.1728745123302113,-1.826872972843054,0.010065429699765,0.2037414593766754,0.9660065572662491,0.2206955388013953,0.6946555010779454,2.0156690050743364,-0.7895382893007168,1.6053779983222274
0.09092327503196385,0.21925125388546637,-1.8066194653781131,2.1485568327913667,-0.5356577550864324,0.2868952833304466,-0.6614582916378291,-0.6238896095782938,-0.18374817594981285,-2.0736717406320806,0.37602809072228194,0.5496274169322067,1.3241885305828827,-0.06445112725712764,1.558375631242115,-0.8556362649098752,-1.2412421764845545,-1.3295886716550795,0.08956831439719642,0.7668705134711685,1.0018536111643528,0.29669005661654413,1.3229856447991284,-1.2198452815802865,0.09328775846295817,-1.6073143824616272,0.08642319678736832,2.872891993967937,1.055622930676666,0.6108681621341406,0.36348854895981536,1.0338013491307678,0.3819379902519391,0.00990306013386851,-1.9009526873421236,-0.41524712988051954,1.7044055490531576,-0.1575508861298685,-1.0735452479700343,-0.8226392685187587,1.051805059903844,0.6261223762769036,0.20165953342504253,-0.08900104660987958
0.27873061112467556,0.1627672228801683,-0.41001694011473355,0.5202037366711563,0.23101978221205635,0.1092270211085213,-0.08815750628711307,0.5598546530822437,0.3645125333066328,-1.1823293098047765,-0.34793380959454,-0.08217065521358119,0.7197384809672351,0.576251588390493,0.7391857455595295,0.027734278710603195,0.3774481447658327,-0.7279167793650339,-0.3188454156027857,0.3265569967806273,0.33946166607933875,-0.2471430446142024,0.49314039414075067,-0.5290577723403596,-0.08365847310197318,-0.7415105287957221,0.4492973305848818,1.055622930676666,0.6204452053416564,0.05799589425804105,0.3257313104624915,0.3976823873596138,0.15910269148552048,-0.4479861294765799,-0.22930834865118888,-0.7162916929708378,0.5360938751413088,-0.11503792841362055,-0.14243635174733532,-0.20132080849506478,0.6676705501072455,0.7007311586841688,-0.24632337749391853,0.46272282012232774
-0.25335599065092285,-0.02629606798016748,-0.7592488762821357,0.6948557811540835,-0.5815957092479076,0.18052377854778368,-0.39184738365566424,-0.9466394470051533,-0.46173722060950667,-0.04503965929209329,0.6714570395048878,0.4562105889395482,-0.0574991025409318,-0.6990386738089284,0.21791231798187485,-0.5516793241011633,-1.2470173774252644,0.023499293292353653,0.4333992481905073,0.010929642246853026,0.29408973450558645,0.14701752618587802,0.2226672953765391,-0.14333146800363336,0.28527571411575786,-0.2505305500349455,-0.4256384655343986,0.6108681621341406,0.05799589425804105,0.44366604227997497,-0.18705617658386087,0.28916106824744786,0.17263857591693205,0.703320935311285,-1.032275628704417,0.43779713481827776,0.42233738448452485,0.007563287411164854,-0.5112593560410895,-0.31126362566749416,-0.14754236091307113,-0.492969982866251,0.48794881964847825,-0.6673263500355795
0.4275908589421467,0.5777597599655925,0.41380638035993067,-0.025134557536860776,0.7901604627219386,-0.19243027229807902,0.5447943642700747,0.9314505456304703,0.08933979721859228,-1.0144457132536149,-0.47862943917500544,0.15107825865790142,1.0262234252648312,0.7050897274958146,0.527545379798141,0.5594356779437404,0.8757059221294591,-0.7135648097068886,-0.1672174036440434,0.41183007986722775,0.3380844802128053,0.2643776033178927,0.24066231178336772,-0.20958898628098097,-0.3959818831523661,-0.5122843100855724,0.6475493765909008,0.36348854895981536,0.3257313104624915,-0.18705617658386087,0.6939426826205652,0.19206203204583536,0.14800046648288143,-1.0177263183761078,0.06753726100219186,-0.3985529243275215,0.01050645312190289,0.07165124771344045,0.20183987536191994,-0.42211806283853687,0.35421982994121276,1.1579769198373158,-0.4738535966564157,0.6280668251376016
0.05259581756508671,0.30427427571249555,-0.5515900632010036,0.7888593810711199,-0.020103867853794456,0.14700816128187108,-0.08315353310704697,-0.0917494449113874,-0.17092880250153325,-0.9818503168776751,0.14614744727000484,0.28142035295565326,0.5969172131806557,0.01795645841545351,0.6720057756509362,-0.1945025947804901,-0.3979981199167873,-0.543465401165906,0.1274101474636013,0.2671300271371303,0.43355480059411755,0.01489642863230162,0.42124546803602403,-0.3806026500513858,0.028466694531958176,-0.6571062704619856,0.133589204644826,1.0338013491307678,0.3976823873596138,0.28916106824744786,0.19206203204583536,0.4484450586208793,0.21686356564174608,-0.09414882666619336,-0.7975548334354278,-0.18705559620273962,0.5957111999676671,0.004631072522596913,-0.34283832564105315,-0.4012467237121084,0.3082071242619982,0.35035300505513417,0.1106563453117436,-0.04713256978132322
0.03750226551955848,0.053290129685150865,-0.352638601064035,0.18111570361368834,-0.1216302486773167,0.013253552927950886,-0.1985894747766872,-0.22884200857229153,-0.1097870793171585,-0.14577600462134507,0.24100543828135698,0.3206629958476914,0.23572727975708688,-0.20325506108044047,0.22851909904047107,-0.14423361050472036,-0.4696897065022018,-0.1803753425951176,0.1307173788701664,0.07228121759146237,0.27436934630870663,0.1636781744137235,0.2109775029422688,-0.13860418747533124,0.11224720516796402,-0.2840812444424567,-0.08470538351004522,0.3819379902519391,0.15910269148552048,0.17263857591693205,0.14800046648288143,0.21686356564174608,0.2261649942228135,0.2377432284093903,-0.5221626599902104,0.21028140176510832,0.1298952614531726,-0.019164694229227303,-0.24783958242353185,-0.36272814467759457,0.0023199110785462507,0.0206342445702371,0.07362783730527196,-0.20604500557168756
-0.8452985346420557,-1.968139880956116,-2.2943522249302126,0.17063821636428828,-2.8515982241823172,0.047257628929876346,-2.405332961484126,-3.6795657553575625,-0.4653803630897721,3.3227486824366643,2.1411045602990706,0.9609323553717051,-1.8593998225312365,-2.806979415586525,-1.0844829919656298,-2.0449633263280216,-4.059803486569821,1.4054711899030885,0.7178040341018772,-0.575270510963353,0.06996299352896469,0.9618096307281506,0.3339604717144049,-0.05416711679928042,1.2337770532470995,0.6135999566841828,-2.323210831843134,0.00990306013386851,-0.4479861294765799,0.703320935311285,-1.0177263183761078,-0.09414882666619336,0.2377432284093903,3.654577758071179,-1.6879907900287727,2.4186024283477305,0.013170011216770102,-0.41202077316846736,-1.451838116299267,-0.26227852040401756,-0.8974478987898297,-3.0600688314683797,1.1485096893007678,-2.3278560293439035
0.49307182677431605,0.11181333534385478,2.1141768332319377,-1.87628582116632,1.5800000554438205,-0.16504435194436295,1.0886439879702992,2.6884320326896605,1.3074676590815657,0.03365668878260426,-1.840223277568133,-1.5772507156424787,-0.3657284516584308,1.9252034676752923,-0.6651130071466393,1.482816156383704,3.483518879800944,0.2375369752012688,-1.1462526336322083,-0.36910974223095827,-1.0468848902345647,-1.235513938069235,-0.9443124996798523,0.6084562667173002,-0.5651268620467684,0.8680511164160118,1.1728745123302113,-1.9009526873421236,-0.22930834865118888,-1.032275628704417,0.06753726100219186,-0.7975548334354278,-0.5221626599902104,-1.6879907900287727,2.9639674154651954,-1.544711506232668,-1.1313956858654952,0.00838503971104715,1.5294905445171083,1.2404938769745466,0.24786676385107484,0.952988546157679,-1.051152970964988,1.6944005539232658
-0.6212093756862684,-1.0320948635174827,-1.1959439924151887,-0.02962915302520229,-1.8878618250324946,-0.30733989098501935,-1.2793750256622896,-3.0271841090753475,-1.0299551296668807,2.7609002901848005,1.8824628834813621,1.3138891218080755,-1.0085629201702087,-2.4342489105615828,-0.9849976294187927,-1.2888816530915852,-3.283209122368925,1.061875325290617,0.9975626929209587,-0.24694715355137992,0.2238747833590014,1.6945947772562402,0.14773157208163096,0.2228125486621726,0.6540345752011557,0.6221999419078962,-1.826872972843054,-0.41524712988051954,-0.7162916929708378,0.43779713481827776,-0.3985529243275215,-0.18705559620273962,0.21028140176510832,2.4186024283477305,-1.544711506232668,2.603554522802111,-0.3185730172704893,-0.06938570537240744,-1.0333749287638356,-0.676142441666793,-1.112932821677632,-2.01852591357834,0.8486905625122759,-1.9436153840480184
-0.08220051847785924,0.1761869946015259,-1.071083741616449,1.481980814030495,-0.3797653870813496,0.2761867117830439,-0.33647118916069657,-0.47348341751150747,-0.21598440177554745,-1.3077016415570106,0.26028946729401,0.20059067428997027,0.6081764260337245,-0.0882549069979139,0.8966760368470026,-0.5928919688372599,-0.8014453125150608,-0.6914110519809145,0.12451390041368482,0.3797987591953835,0.48199058055987465,0.001700197522220047,0.6884506726237106,-0.6601809420838223,0.08212448516409075,-0.8592515793606473,0.010065429699765,1.7044055490531576,0.5360938751413088,0.42233738448452485,0.01050645312190289,0.5957111999676671,0.1298952614531726,0.013170011216770102,-1.1313956858654952,-0.3185730172704893,1.1459862629948858,-0.04672201286870346,-0.6308866253732633,-0.315781334840038,0.585021222851934,0.2237477040794192,0.2668509559676888,-0.11697452004937964
-0.005609390958628741,0.4416904549316641,0.403777044738667,0.045501152129157,0.37151215980882796,0.011921371460796349,0.46904105716799044,0.25937759873846483,-0.2659354337714046,-0.3701798655550305,-0.06877524254331732,0.04489979546580348,0.18124170914683857,0.13329084229864144,0.07753941236969553,0.26137929844756036,0.2693948597480425,-0.060280031435676264,0.16872825459217858,0.02120593186249306,0.0033581113826606644,-0.03286716941500473,-0.17747377524260702,0.17035790696870096,-0.1451888655907651,0.02067431345181012,0.2037414593766754,-0.1575508861298685,-0.11503792841362055,0.007563287411164854,0.07165124771344045,0.004631072522596913,-0.019164694229227303,-0.41202077316846736,0.00838503971104715,-0.06938570537240744,-0.04672201286870346,0.16326658030988825,0.1809766587664423,-0.04573413944415389,-0.13521697181929931,0.27898994377274716,0.031009115843903375,0.07472936846146894
0.3202537727404457,0.6438329940434288,1.5722185376472622,-0.9180858423450039,1.365585416104141,-0.050417187850430145,1.1562033636680522,1.8705507105363441,0.4284780063878477,-0.6254410204876152,-1.1102905040444908,-0.7504304112657676,0.16003050102175922,1.2801352454983934,-0.12702201524994386,1.1579898601887797,2.2611955449985484,-0.05413072420972631,-0.4382083013925192,-0.11653189249202595,-0.463304627718444,-0.7669937109556864,-0.65613034462381,0.4596356723788864,-0.4850810386568048,0.3448227261512815,0.9660065572662491,-1.0735452479700343,-0.14243635174733532,-0.5112593560410895,0.20183987536191994,-0.34283832564105315,-0.24783958242353185,-1.451838116299267,1.5294905445171083,-1.0333749287638356,-0.6308866253732633,0.1809766587664423,1.0338830878676721,0.5413567588868615,0.044382816452636795,0.968552646606492,-0.5570076628209396,1.0515445655559172
-0.045945777691588176,-0.24709480112469034,0.6094450734551874,-0.5785917571020579,0.24577165695272632,0.11711301125668387,0.18575622793739327,0.7067211582632554,0.5524215121569989,0.3094569440632659,-0.6026549577668967,-0.8802211211781108,-0.7027368921769419,0.5491485691361487,-0.460218181214369,0.2918626789831857,1.1020092953514633,0.42450299607898884,-0.45001902342910166,-0.3509654200151722,-0.6505676925063936,-0.842869504349427,-0.498198519853484,0.2965775881912146,-0.04142231535013319,0.5745572595901025,0.2206955388013953,-0.8226392685187587,-0.20132080849506478,-0.31126362566749416,-0.42211806283853687,-0.4012467237121084,-0.36272814467759457,-0.26227852040401756,1.2404938769745466,-0.676142441666793,-0.315781334840038,-0.04573413944415389,0.5413567588868615,0.8730526226325322,0.04359249763095498,-0.1825664857867404,-0.1648613569014639,0.4635190193907206
0.372313855399405,0.16350185027241365,-0.18028530910436397,0.48074599496253834,0.45545769839427835,0.07690800712215927,0.07038541165595123,1.0099527544137876,0.6239149084993092,-1.4195255451184055,-0.7387139173844068,-0.4276986579301407,0.798327701876407,1.0047072407796227,0.7583342049220214,0.19157234405542217,1.003469917455962,-0.8524463840355115,-0.5925584196619176,0.38797815155425247,0.1840456183773947,-0.379954924067713,0.48894422270260895,-0.5871105156938189,-0.2518796891851603,-0.7129503258183096,0.6946555010779454,1.051805059903844,0.6676705501072455,-0.14754236091307113,0.35421982994121276,0.3082071242619982,0.0023199110785462507,-0.8974478987898297,0.24786676385107484,-1.112932821677632,0.585021222851934,-0.13521697181929931,0.044382816452636795,0.04359249763095498,0.9245696721217979,0.996027854449036,-0.47484903024449254,0.8777657935667479
0.8704635396993451,1.7005406672893681,1.5284480829776348,0.11535724807677027,2.3630674265232106,-0.07418886897260557,1.823432583088099,3.066384323041747,0.4340590164925732,-3.196211782229201,-1.729310675985279,-0.5272933378931424,2.0516835351384435,2.378078308605336,1.3018471809836623,1.6241627335145998,3.1694485997874877,-1.585467924390047,-0.6261274293158521,0.7086439853422155,0.29539684319509657,-0.579376522079273,0.09940725805108558,-0.2679698718363444,-1.023273679141408,-0.9817677576608349,2.0156690050743364,0.6261223762769036,0.7007311586841688,-0.492969982866251,1.1579769198373158,0.35035300505513417,0.0206342445702371,-3.0600688314683797,0.952988546157679,-2.01852591357834,0.2237477040794192,0.27898994377274716,0.968552646606492,-0.1825664857867404,0.996027854449036,2.867951664515615,-1.0553417767781206,1.9741497577548774
-0.476682560200663,-0.24172657397623945,-0.7730512355652993,0.5875821140456303,-0.9193115813548645,0.17924812295179812,-0.5177455250756011,-1.4819661790368575,-0.666743836842124,0.6424436098192099,0.9704899970123443,0.5010728927187978,-0.5512163012823523,-1.1437523748913005,-0.1671097931678624,-0.750012126617697,-1.7052933040443412,0.455635910656284,0.6247967440150773,-0.1750294881784442,0.11893119022557816,0.25007265144462687,0.024658958067723672,0.07051995397829144,0.4108285192799013,0.1225368606991582,-0.7895382893007168,0.20165953342504253,-0.24632337749391853,0.48794881964847825,-0.4738535966564157,0.1106563453117436,0.07362783730527196,1.1485096893007678,-1.051152970964988,0.8486905625122759,0.2668509559676888,0.031009115843903375,-0.5570076628209396,-0.1648613569014639,-0.47484903024449254,-1.0553417767781206,0.7213485109188463,-1.0343000229565609
0.6981648585209019,0.8463789370396926,1.431993287171306,-0.49662766416005527,1.8216038633330383,-0.04338129449206969,1.2514180192900677,2.785847367211028,0.9469741376428104,-1.9286369172892726,-1.764296860562568,-1.04666496982501,1.0119430903920896,2.1814430454713967,0.5878951347437131,1.3595494943399578,3.145034566548577,-0.8992636908296969,-0.9509161377859197,0.28764095366407727,-0.2367782847307743,-0.9461998884507976,-0.1662774695870788,-0.08699518983945839,-0.7510846368554601,-0.34116845279088875,1.6053779983222274,-0.08900104660987958,0.46272282012232774,-0.6673263500355795,0.6280668251376016,-0.04713256978132322,-0.20604500557168756,-2.3278560293439035,1.6944005539232658,-1.9436153840480184,-0.11697452004937964,0.07472936846146894,1.0515445655559172,0.4635190193907206,0.8777657935667479,1.9741497577548774,-1.0343000229565609,1.8572065206993005
