V1,V2,V3,V4,V5,V6,V7,V8,V9,V10,V11,V12,V13,V14,V15,V16,V17,V18,V19,V20,V21,V22,V23,V24,V25,V26,V27,V28,V29,V30,V31,V32,V33,V34,V35,V36,V37,V38,V39,V40,V41,V42,V43,V44
0.7125162390677073,-0.95930603207489,-0.09654526471730861,-0.9990946314185769,-0.2602421215902857,-0.9090220774292477,-0.664238076819606,0.11071302676546249,0.7551430278692314,1.0955395526648795,-0.1610911492561783,0.29741931399495874,0.3166741685745938,0.221649087308361,-0.200501992400184,0.14111170968187484,0.30086505541915803,-0.2588805887036829,-0.5124800383612632,0.4876246571401144,0.2912151210913857,1.6403506770692116,0.719555438851463,-0.28747684664423406,-0.14946254495556383,-0.16013442050040552,-0.12400225884194808,-0.06925193961531534,0.2809197213958854,-0.5335473276244732,0.8414637109347529,-0.20574535928992388,0.22110336798830368,0.06781491587032776,0.5726836960339318,0.7920417746393449,-0.466862232931282,-0.396755312636754,-0.32422586284025906,-0.6686544335087665,0.7195788152925585,0.5740911853138144,-1.2843629207726397,0.694591030735345
-0.95930603207489,3.4511911619483446,1.537769846363909,1.9901511525699047,1.5835302189065434,0.8466507736629414,2.96475095115448,-0.16381997635134068,-3.185570705489616,-2.8990387268792825,0.86017715237414,1.0425385773898639,0.8989599206599194,-0.6323085682581318,0.8307776005838085,0.7280056063570073,-0.5965451828674084,-0.06751436357212294,2.2877564870741725,-0.08511741805218616,0.3361755338710048,-0.6894033358697046,-1.3123002980598302,1.1264388543677302,-0.48063375327250235,-0.0402011941436528,0.6000288649714403,-0.20514973289307098,-0.9791643270912316,1.0715113389923834,-0.3515090912645192,0.5276206939073561,-0.06584246541056192,-1.5689002108093206,-2.0480381394645106,-0.008732830874059733,0.5245281540769516,1.3663842604689933,0.5860288090250174,-0.40043161465022636,-1.7327739584105395,0.5549222749005036,1.8938326259829734,-1.1621171597542415
-0.09654526471730861,1.537769846363909,1.867848673372741,1.0408074836335277,0.9850199509109965,0.06302174638859903,1.4852724894698917,-0.2661908767488922,-1.2463671504070213,-1.0049230367547162,0.9085265015246692,0.534709797999979,0.34175588879473695,0.5139208943353254,0.3775025512519483,0.7969802556487926,-0.25473037759294953,0.02428149944604016,0.6223036875928495,0.7072542262743063,0.3807613035682594,0.8690844809130975,-0.13030133972971863,0.43902265810224816,-0.37909055987153467,0.2732579997678097,0.24651834014678561,0.055639296154478275,-0.6782940395687675,0.534764273991058,0.4352989211085177,-0.04935850761644059,0.0487809673435389,-0.8276523718923346,-0.4711589079712217,1.0248116881331772,0.1007198089073885,0.735940079681145,-0.2647892957968822,-0.8058229272415796,-0.41453345257266405,0.8864236948024574,-0.04023039488923957,-0.2831649662104968
-0.9990946314185769,1.9901511525699047,1.0408074836335277,2.056253079977754,0.7023434623636312,1.3278977484939156,1.6314035039800772,-0.18757086437428383,-1.6495934368952774,-2.3109914519159034,0.8054382037864739,-0.3483351206608849,-0.8578030891156895,0.06995341123761163,0.6457054139277407,0.23576964009291085,-0.40748624684286583,0.5761622377135104,1.227410789750745,-0.4054041732162129,-0.243878687755616,-2.0672715230992,-1.1067610202679357,0.8958027758332258,0.2495419470714637,0.2994420699698721,0.32589080516054136,0.1106028601345153,-0.6412253270210675,1.2893441857061188,-1.2554274813650779,0.34167781147403736,-0.2114952662948642,-0.3379549157460723,-0.9023615080114451,-0.6814717445528023,0.9325475878354397,0.8568718102847053,0.12224242034943449,0.5677053673259993,-0.7954983339695252,-0.41555153588942434,1.4642617773747937,-0.8248756348645351
-0.2602421215902857,1.5835302189065434,0.9850199509109965,0.7023434623636312,0.8855060906152269,0.12227487288077345,1.4039142055074225,-0.10634320115888386,-1.413623050791448,-1.030919053265261,0.40244223873373036,0.7195121839803703,0.8436986845606235,-0.1767482223673634,0.29391862317072665,0.4863313144888107,-0.2631352056308611,-0.20783884894770804,0.8664877106068002,0.2502418078659741,0.3022343890664853,0.37728538084289037,-0.3889569283907742,0.35459885570946786,-0.4366919449744225,0.006821263205342807,0.2743570632652974,-0.09468606703783998,-0.5068368953894945,0.2702842570077602,0.2993491794089847,0.13183700805132548,0.002177006018340823,-0.9209447361053712,-0.8785863758461537,0.4015695508061244,0.006530214180095744,0.6481682077155176,0.23840199416251354,-0.5055496813630249,-0.8399773045032253,0.5955410527566837,0.6249036602360037,-0.4956522476134125
-0.9090220774292477,0.8466507736629414,0.06302174638859903,1.3278977484939156,0.12227487288077345,1.3094476535230877,0.5186836433325493,-0.12330253156798128,-0.514837148495348,-1.278007809790477,0.2107876800694328,-0.795273725766178,-0.9306672656618757,-0.007588829078890002,0.22284964462898882,-0.27202876605737336,-0.2790495261897346,0.521544351205369,0.33840544938544326,-0.6717031043550294,-0.5290929792483304,-2.471033581926584,-0.8566565628474003,0.3135185193712084,0.39278856720771116,0.32434291052027026,0.10332387866178039,0.18463959263887192,-0.26523895424071237,0.7723257158719102,-1.3205532322229316,0.19817084690125478,-0.32416238172778006,0.23981830873880366,-0.36073925290012665,-1.189026796040039,0.7174454643770465,0.38310178064485134,0.25688458477478027,1.119973389208343,-0.5939683296145323,-0.9681825590266452,1.4745527256057562,-0.747360292682203
-0.664238076819606,2.96475095115448,1.4852724894698917,1.6314035039800772,1.4039142055074225,0.5186836433325493,2.6243032066922014,-0.10071852792624467,-2.782738005062503,-2.4869555753707107,0.8282009965919798,1.0367195617258491,0.7941803253670874,-0.4589685849588398,0.7779132540060876,0.7745258884552607,-0.426713649667727,-0.08808863987555017,2.056202569269078,0.09048387571987217,0.41668737728015637,-0.14335162655043915,-1.0163940329467398,1.055506066701039,-0.45212524282334937,-0.08661171724345919,0.5424234290196551,-0.21581288253019112,-0.8297620014343603,0.9358090648775631,-0.12364734806609408,0.44495260975320533,0.028690689345198247,-1.4359146752880563,-1.711935227590868,0.2626510327870788,0.4075447856500708,1.170697447437552,0.3774442648180189,-0.6079631600101,-1.2857804375223667,0.7241996504483836,1.2790691451776568,-0.7950370563418513
0.11071302676546249,-0.16381997635134068,-0.2661908767488922,-0.18757086437428383,-0.10634320115888386,-0.12330253156798128,-0.10071852792624467,0.23418452639684145,0.06199008626251529,-0.11679287122446648,-0.15945142272684126,-0.03762823818140495,-0.1216580967764029,-0.06225776970178761,0.09454687839583863,-0.00963649720731852,0.21910445631102649,-0.0189106200889543,0.14585549156898323,-0.13391555713494355,-3.4436721342077934e-005,-0.07389766571945387,-0.011520279143067544,0.1310491121383974,0.0832907655655707,-0.19379505349799495,0.06941826509582041,-0.07702287182828016,0.1613292652755886,-0.008517373850442926,-0.08860175319275226,0.09506631905996485,0.0716851816004847,-0.007313355959750175,0.057765198471210054,-0.1961063938380904,0.05537271803754859,-0.13034174664468484,0.031238943937810838,0.004848352177475136,0.23280952794737386,0.043512033112273425,-0.22140143968778064,0.27216589421473736
0.7551430278692314,-3.185570705489616,-1.2463671504070213,-1.6495934368952774,-1.413623050791448,-0.514837148495348,-2.782738005062503,0.06199008626251529,3.1740558645178814,2.757114235744815,-0.7670577152434843,-1.2213253313527386,-0.939219269026455,0.8222524335239287,-0.868268230576109,-0.7089606799620253,0.5240301011863687,0.14189540756994537,-2.4669258449039253,0.12231483319416914,-0.44153674014525757,0.3037372690979087,1.1968868352524362,-1.2233091535926195,0.4523742874039774,0.27323720606911023,-0.584606560528783,0.31196740135050205,0.8380895300144678,-0.9665860279882914,0.2410754107564078,-0.6003196391646917,-0.0632505074556596,1.5608257308651747,2.0725967643346728,-0.10346923774555658,-0.4725831905240206,-1.199707671985298,-0.5510474690401592,0.6237479979674307,1.5352106083189498,-0.6869738096175126,-1.5314942102470472,0.910968789352828
1.0955395526648795,-2.8990387268792825,-1.0049230367547162,-2.3109914519159034,-1.030919053265261,-1.278007809790477,-2.4869555753707107,-0.11679287122446648,2.757114235744815,3.4390999717397404,-0.8338606152314868,-0.1324489053485397,0.6227019921827748,0.426945216841446,-1.0902347873970526,-0.4597732955987827,0.3012595399070264,-0.46590029111572595,-2.404758318017181,0.6552581936787166,0.048724170842521425,2.1848210856102206,1.5535928341918155,-1.5385888582431584,-0.1930280439783746,0.12387517638672095,-0.6226774636425224,0.14793663984452696,0.6879447508290236,-1.6005332455296362,1.4368161210927264,-0.7166752650122482,0.06320172661981013,0.9169817621577382,1.6362804775825401,0.8963600115567055,-1.1507813264730644,-1.0893228340026495,-0.3820440940015561,-0.3017960328943839,1.019188207523653,0.0998114592947937,-1.7027254101150502,0.7544723918752074
-0.1610911492561783,0.86017715237414,0.9085265015246692,0.8054382037864739,0.40244223873373036,0.2107876800694328,0.8282009965919798,-0.15945142272684126,-0.7670577152434843,-0.8338606152314868,0.6196713750820203,0.1243823449191688,-0.2889796573065435,0.24856442037899373,0.3255892994176835,0.3765600052452976,-0.1543147789774382,0.21243304362846507,0.5639596647534544,0.22902351890327807,0.13682783596813,0.06133500136376597,-0.21302678010168752,0.4550625320709555,-0.0018191113959452174,0.14481156837635104,0.12560649738405033,0.02869513503659736,-0.3403684882659173,0.5691447859533647,-0.13039037719529367,0.058729004971293984,0.037559456713260476,-0.26042434329365893,-0.28905935653995196,0.380527587963864,0.2774274570701009,0.4062253797128618,-0.24012072825927092,-0.28059254168250275,-0.05927844760557491,0.2643465887815293,0.026667528039924296,-0.11046307905976409
0.29741931399495874,1.0425385773898639,0.534709797999979,-0.3483351206608849,0.7195121839803703,-0.795273725766178,1.0367195617258491,-0.03762823818140495,-1.2213253313527386,-0.1324489053485397,0.1243823449191688,1.4497261034124047,1.6899764034824887,-0.5573696103733862,0.10922549262187231,0.5373584845664949,-0.1538987755331487,-0.6484319362281349,0.8447625087607308,0.5444093954785895,0.6839771936578791,2.0158211283638754,0.09761980497134497,0.14634237215356583,-0.7242510267277177,-0.335239986579316,0.1731672095989387,-0.3086035052804028,-0.26119294874679444,-0.3315051956767546,1.1664460928021916,0.08293656690786709,0.23319787238499123,-1.0847187009886756,-0.8862218470198656,1.0778087972741857,-0.536748315348853,0.3631617556503284,0.22137419710569475,-1.229225126621091,-0.590490000859646,1.1286304639744755,-0.1201665427971108,-0.08499637314921261
0.3166741685745938,0.8989599206599194,0.34175588879473695,-0.8578030891156895,0.8436986845606235,-0.9306672656618757,0.7941803253670874,-0.1216580967764029,-0.939219269026455,0.6227019921827748,-0.2889796573065435,1.6899764034824887,2.7108970389231235,-0.7498853318734646,-0.28603969784401734,0.3826377965342165,-0.28833878894114445,-1.0463971123083629,0.25941031970231104,0.6320717977084382,0.6803149963802777,2.3722433568482852,0.2700004387803728,-0.469133131296177,-1.0977657992994283,-0.2730984366716888,0.09334025963643822,-0.2785299578797399,-0.2893140568920149,-0.9845389694798934,1.7225566314536283,-0.08573336194248131,0.10480618912520825,-1.280019811102706,-0.9258813744262022,1.115886846631863,-1.0048569196084445,0.31681899962250953,0.5944644533217267,-1.2092051701785675,-1.1944145766887606,1.1758876709889192,0.28186749516877224,-0.46442446345082133
0.221649087308361,-0.6323085682581318,0.5139208943353254,0.06995341123761163,-0.1767482223673634,-0.007588829078890002,-0.4589685849588398,-0.06225776970178761,0.8222524335239287,0.426945216841446,0.24856442037899373,-0.5573696103733862,-0.7498853318734646,0.8352134385649648,-0.07334859329602028,0.11315837644553314,0.18198508273108716,0.27769026931631274,-0.7367320183304982,0.3471059018510812,-0.09783943998331772,0.16627598890993694,0.3820130732618686,-0.1562787778715986,0.18866262032329004,0.31876134841049697,-0.1005525748113049,0.2175135654789593,0.0303365382737469,0.10102668092182585,0.018833705126371895,-0.2640011908952615,-0.013280611304978696,0.4108333518178073,0.8195962783932474,0.3169140452633951,0.06327942865059034,-0.14677794585710446,-0.5091153781600126,0.028642936106320325,0.6894070405989224,0.026205121040596416,-0.775724434065426,0.36132554851567844
-0.200501992400184,0.8307776005838085,0.3775025512519483,0.6457054139277407,0.29391862317072665,0.22284964462898882,0.7779132540060876,0.09454687839583863,-0.868268230576109,-1.0902347873970526,0.3255892994176835,0.10922549262187231,-0.28603969784401734,-0.07334859329602028,0.41507531201107667,0.23926737017451324,-0.00563267876673223,0.15406756011908043,0.853356095330852,-0.11981351065469924,0.07134672465894289,-0.3841594973075845,-0.3979900009658981,0.592865785363804,0.08295515055856421,-0.11426317922404494,0.21271290094157536,-0.08362452352036183,-0.17243048945906359,0.539152192657077,-0.37216636714819923,0.23930306322721784,0.064885813026744,-0.3048766429029033,-0.449399520288234,-0.10739828342227178,0.3667385284798821,0.2971922826158558,-0.003785998236462904,-0.09674460463957738,-0.08795681854916028,0.13442789058263552,0.19471837964377842,-0.020394292957189076
0.14111170968187484,0.7280056063570073,0.7969802556487926,0.23576964009291085,0.4863313144888107,-0.27202876605737336,0.7745258884552607,-0.00963649720731852,-0.7089606799620253,-0.4597732955987827,0.3765600052452976,0.5373584845664949,0.3826377965342165,0.11315837644553314,0.23926737017451324,0.483785441556352,0.003634644547946723,-0.12120373160636934,0.5134654973658037,0.41534321398453233,0.3458461616888775,0.9225127271880007,0.018649679834270568,0.3028498260022809,-0.25977377341397845,-0.04905861815820431,0.16225253044471344,-0.08826940780497644,-0.23681474427008073,0.17162584651392016,0.4324356037749461,0.028069224902441105,0.13645475280919447,-0.550378627055,-0.2974322128250936,0.6710744473967784,-0.05830002765586164,0.3050173679694747,-0.13341053464762523,-0.6739772431120724,-0.04181811921173423,0.68521249404065665,-0.3082163734415704,0.09686937864459995
0.30086505541915803,-0.5965451828674084,-0.25473037759294953,-0.40748624684286583,-0.2631352056308611,-0.2790495261897346,-0.426713649667727,0.21910445631102649,0.5240301011863687,0.3012595399070264,-0.1543147789774382,-0.1538987755331487,-0.28833878894114445,0.18198508273108716,-0.00563267876673223,0.003634644547946723,0.33798082236897153,0.014307967966321913,-0.212630973760916,0.045473485305033874,0.014234950299741462,0.2634604914292145,0.2409997170371327,-0.014715203983157281,0.12277259752930286,-0.11119714818750612,-0.01281638068540875,-0.031163248421527352,0.2658057686512963,-0.09958809909251369,0.06135706954233488,-0.032890726417878886,0.0974120524409758,0.1951014157919744,0.43077742664626034,0.008055769995510713,-0.04299690936877058,-0.2702216656209768,-0.17606916251411434,-0.055517145584980436,0.6172063411452063,0.08260149755989125,-0.6501654833788242,0.515225606631913
-0.2588805887036829,-0.06751436357212294,0.02428149944604016,0.5761622377135104,-0.20783884894770804,0.521544351205369,-0.08808863987555017,-0.0189106200889543,0.14189540756994537,-0.46590029111572595,0.21243304362846507,-0.6484319362281349,-1.0463971123083629,0.27769026931631274,0.15406756011908043,-0.12120373160636934,0.014307967966321913,0.44457167556270333,0.015607260591262141,-0.2646178504812537,-0.2819126964323805,-1.1090931493075356,-0.23075475881315458,0.24025167678631096,0.40962973154715343,0.16757491296452287,-0.009929764018608556,0.1275446286832039,0.0033015536877287624,0.497885215454418,-0.758614001328331,0.05446399710757409,-0.08081047030061218,0.42771064821644456,0.21402627625117018,-0.4681066399845828,0.4586096593416179,0.006128912750289771,-0.19159357289727819,0.5187407167601871,0.28034775736644935,-0.4958771128487604,0.13324351304963236,0.009809907588053297
-0.5124800383612632,2.2877564870741725,0.6223036875928495,1.227410789750745,0.8664877106068002,0.33840544938544326,2.056202569269078,0.14585549156898323,-2.4669258449039253,-2.404758318017181,0.5639596647534544,0.8447625087607308,0.25941031970231104,-0.7367320183304982,0.853356095330852,0.5134654973658037,-0.212630973760916,0.015607260591262141,2.2460518640602287,-0.2975225966942383,0.3309279752483599,-0.4534752393514276,-1.0005158330586976,1.2492691370688545,-0.12056213168359838,-0.4161629310159085,0.4948834633579037,-0.3329798907397782,-0.4597666382382069,0.9437536557743181,-0.4933884798140031,0.616100370879838,0.15452484834359106,-1.060742280297857,-1.5718316979887283,-0.14125942841722872,0.5612111760635601,0.7931518408758665,0.33808758713254156,-0.43972050656091527,-0.7770109284269581,0.4514997775262983,0.913223801069023,-0.3623391946477964
0.4876246571401144,-0.08511741805218616,0.7072542262743063,-0.4054041732162129,0.2502418078659741,-0.6717031043550294,0.09048387571987217,-0.13391555713494355,0.12231483319416914,0.6552581936787166,0.22902351890327807,0.5444093954785895,0.6320717977084382,0.3471059018510812,-0.11981351065469924,0.41534321398453233,0.045473485305033874,-0.2646178504812537,-0.2975225966942383,0.7596205540641879,0.403489774561817,1.790244521099602,0.5501251986100583,-0.2135711615656253,-0.37713103648069485,0.08061694076680144,-0.04612384026736594,-0.011155944538822543,-0.09786879517939386,-0.3095477205988258,0.989267636993411,-0.25300512174509365,0.14660198099596305,-0.30017309017698474,0.22905307814094794,1.137700573646622,-0.4571083780763405,0.035876140248186715,-0.31988042878733175,-0.8567413568792289,0.2560205600048282,0.7949709411192475,-0.8663444534786798,0.2863020947022116
0.2912151210913857,0.3361755338710048,0.3807613035682594,-0.243878687755616,0.3022343890664853,-0.5290929792483304,0.41668737728015637,-3.4436721342077934e-005,-0.44153674014525757,0.048724170842521425,0.13682783596813,0.6839771936578791,0.6803149963802777,-0.09783943998331772,0.07134672465894289,0.3458461616888775,0.014234950299741462,-0.2819126964323805,0.3309279752483599,0.403489774561817,0.3875765748838536,1.2742472482079366,0.19132072806953657,0.09302188409627558,-0.3243133803876969,-0.15439194056804345,0.07091345838660086,-0.14164210097930824,-0.08835196673877678,-0.14578641277909335,0.6644418725214238,-0.005900518801184138,0.16874658520124214,-0.47401301821507125,-0.24590576033973974,0.7247006350525086,-0.27714182322886344,0.11998158148966516,-0.06089586656695742,-0.7398154279031641,-0.013726719808193915,0.6769725609689318,-0.42386594640328945,0.16592982736192105
1.6403506770692116,-0.6894033358697046,0.8690844809130975,-2.0672715230992,0.37728538084289037,-2.471033581926584,-0.14335162655043915,-0.07389766571945387,0.3037372690979087,2.1848210856102206,0.06133500136376597,2.0158211283638754,2.3722433568482852,0.16627598890993694,-0.3841594973075845,0.9225127271880007,0.2634604914292145,-1.1090931493075356,-0.4534752393514276,1.790244521099602,1.2742472482079366,5.4662366475422175,1.6084777714322194,-0.58401445461983,-1.1231002422309477,-0.36101622773890135,-0.13558479983626995,-0.3197109119267949,0.0897569613295552,-1.3464424726245823,2.997706300244362,-0.49096109333551713,0.5912163359841199,-0.9494949473224711,0.33396026204633417,2.984801441304389,-1.5261085350259747,-0.25694026622653754,-0.5574463882594708,-2.6132906517747174,0.7026632226997173,2.315542192351411,-2.5892254728144435,1.070007271391972
0.719555438851463,-1.3123002980598302,-0.13030133972971863,-1.1067610202679357,-0.3889569283907742,-0.8566565628474003,-1.0163940329467398,-0.011520279143067544,1.1968868352524362,1.5535928341918155,-0.21302678010168752,0.09761980497134497,0.2700004387803728,0.3820130732618686,-0.3979900009658981,0.018649679834270568,0.2409997170371327,-0.23075475881315458,-1.0005158330586976,0.5501251986100583,0.19132072806953657,1.6084777714322194,0.8738129442876126,-0.5747824866276072,-0.13634777181583732,0.009056772410769156,-0.24365604893959145,0.03665377242972208,0.2979128490831776,-0.6856189131738624,0.8984289586257319,-0.3515294237885685,0.14310656464974408,0.29409173179271786,0.8391774297795561,0.815857878583397,-0.5612060629166588,-0.4887463393571453,-0.37810038182982497,-0.5136165875638647,0.7378945576762592,0.4081239468429599,-1.2889299882997494,0.6137936297821676
-0.28747684664423406,1.1264388543677302,0.43902265810224816,0.8958027758332258,0.35459885570946786,0.3135185193712084,1.055506066701039,0.1310491121383974,-1.2233091535926195,-1.5385888582431584,0.4550625320709555,0.14634237215356583,-0.469133131296177,-0.1562787778715986,0.592865785363804,0.3028498260022809,-0.014715203983157281,0.24025167678631096,1.2492691370688545,-0.2135711615656253,0.09302188409627558,-0.58401445461983,-0.5747824866276072,0.8660840053242348,0.15620146166229426,-0.18503169119828147,0.2848675731188958,-0.1317399469610015,-0.21576269395128558,0.7818646540924434,-0.5803548273994432,0.3581838514913427,0.10182351678051861,-0.37760728088934803,-0.6476132602291302,-0.18411929145359918,0.5395885753982189,0.3941080528755765,-0.01421424177758988,-0.11468683911245589,-0.0868040565791256,0.137942793973582,0.27192657427765554,-0.010066457791511713
-0.14946254495556383,-0.48063375327250235,-0.37909055987153467,0.2495419470714637,-0.4366919449744225,0.39278856720771116,-0.45212524282334937,0.0832907655655707,0.4523742874039774,-0.1930280439783746,-0.0018191113959452174,-0.7242510267277177,-1.0977657992994283,0.18866262032329004,0.08295515055856421,-0.25977377341397845,0.12277259752930286,0.40962973154715343,-0.12056213168359838,-0.37713103648069485,-0.3243133803876969,-1.1231002422309477,-0.13634777181583732,0.15620146166229426,0.48113633337990513,0.05948030275979163,-0.05535539376439408,0.09673099755355376,0.1829379651725753,0.3404459659743071,-0.772385860327017,0.06372220850894421,-0.053068071848134585,0.5829325912343818,0.3624153843678114,-0.6144224305294079,0.4069824863863959,-0.19669007690643386,-0.16595369831916024,0.5986406998409749,0.4574529126471369,-0.593179712099342,-0.028164410239301142,0.17480895767795043
-0.16013442050040552,-0.0402011941436528,0.2732579997678097,0.2994420699698721,0.006821263205342807,0.32434291052027026,-0.08661171724345919,-0.19379505349799495,0.27323720606911023,0.12387517638672095,0.14481156837635104,-0.335239986579316,-0.2730984366716888,0.31876134841049697,-0.11426317922404494,-0.04905861815820431,-0.11119714818750612,0.16757491296452287,-0.4161629310159085,0.08061694076680144,-0.15439194056804345,-0.36101622773890135,0.009056772410769156,-0.18503169119828147,0.05948030275979163,0.3199064991289095,-0.08037348807802523,0.1674386211281476,-0.11046180360224286,0.09606434182644537,-0.13901383845096116,-0.14808943295389815,-0.13717454870510076,0.21967740424244608,0.23194450271844025,-0.029918504103257876,0.05619123536563712,0.074642202577424,-0.10803624550622033,0.2740825519303486,-0.03522109014484855,-0.24240043914615061,0.19584570340752444,-0.206428772903592
-0.12400225884194808,0.6000288649714403,0.24651834014678561,0.32589080516054136,0.2743570632652974,0.10332387866178039,0.5424234290196551,0.06941826509582041,-0.584606560528783,-0.6226774636425224,0.12560649738405033,0.1731672095989387,0.09334025963643822,-0.1005525748113049,0.21271290094157536,0.16225253044471344,-0.01281638068540875,-0.009929764018608556,0.4948834633579037,-0.04612384026736594,0.07091345838660086,-0.13558479983626995,-0.24365604893959145,0.2848675731188958,-0.05535539376439408,-0.08037348807802523,0.15123291212135845,-0.0647314790143865,-0.131076552057717,0.21932754190492101,-0.09588393123546284,0.13465216848693873,0.022855723120543202,-0.3130928986789418,-0.3451972978631713,-0.05106814075750487,0.13399520520349859,0.2136857894538798,0.09883637050229183,-0.09818376846183349,-0.20948688440557767,0.15551787791588947,0.22213549796689433,-0.08811918240345534
-0.06925193961531534,-0.20514973289307098,0.055639296154478275,0.1106028601345153,-0.09468606703783998,0.18463959263887192,-0.21581288253019112,-0.07702287182828016,0.31196740135050205,0.14793663984452696,0.02869513503659736,-0.3086035052804028,-0.2785299578797399,0.2175135654789593,-0.08362452352036183,-0.08826940780497644,-0.031163248421527352,0.1275446286832039,-0.3329798907397782,-0.011155944538822543,-0.14164210097930824,-0.3197109119267949,0.03665377242972208,-0.1317399469610015,0.09673099755355376,0.1674386211281476,-0.0647314790143865,0.11439308272120462,-0.011787697025020215,0.029853664054958453,-0.14490859492318905,-0.08875026914051333,-0.08069509882064713,0.22228145288610723,0.23357950559898677,-0.10283226529609968,0.05949318201667227,-0.037836874360837394,-0.07579679960108109,0.23219578069779326,0.05172118402145692,-0.20795634094052762,0.043086879942912076,-0.06829164142182326
0.2809197213958854,-0.9791643270912316,-0.6782940395687675,-0.6412253270210675,-0.5068368953894945,-0.26523895424071237,-0.8297620014343603,0.1613292652755886,0.8380895300144678,0.6879447508290236,-0.3403684882659173,-0.26119294874679444,-0.2893140568920149,0.0303365382737469,-0.17243048945906359,-0.23681474427008073,0.2658057686512963,0.0033015536877287624,-0.4597666382382069,-0.09786879517939386,-0.08835196673877678,0.0897569613295552,0.2979128490831776,-0.21576269395128558,0.1829379651725753,-0.11046180360224286,-0.131076552057717,-0.011787697025020215,0.3740540921957455,-0.27676941300912983,0.002529041121059614,-0.06309107160061066,0.05418510274356728,0.4351621148911921,0.511211503359866,-0.1626233647272215,-0.11143367442540206,-0.42946974436496244,-0.10712208363972524,0.14877707129190545,0.5789251007379772,-0.18938384793078064,-0.5295543658926652,0.437527156830619
-0.5335473276244732,1.0715113389923834,0.534764273991058,1.2893441857061188,0.2702842570077602,0.7723257158719102,0.9358090648775631,-0.008517373850442926,-0.9665860279882914,-1.6005332455296362,0.5691447859533647,-0.3315051956767546,-0.9845389694798934,0.10102668092182585,0.539152192657077,0.17162584651392016,-0.09958809909251369,0.497885215454418,0.9437536557743181,-0.3095477205988258,-0.14578641277909335,-1.3464424726245823,-0.6856189131738624,0.7818646540924434,0.3404459659743071,0.09606434182644537,0.21932754190492101,0.029853664054958453,-0.27676941300912983,0.9934777258973034,-0.9805981073502623,0.28208033254952847,-0.046703883506920854,-0.05826510375231753,-0.4399100906306995,-0.47043300842737784,0.7313680255649799,0.44235388219742805,-0.0939439218111827,0.3401575056564632,-0.07858594637358354,-0.28019599154049313,0.5790626839228705,-0.2068216106233557
0.8414637109347529,-0.3515090912645192,0.4352989211085177,-1.2554274813650779,0.2993491794089847,-1.3205532322229316,-0.12364734806609408,-0.08860175319275226,0.2410754107564078,1.4368161210927264,-0.13039037719529367,1.1664460928021916,1.7225566314536283,0.018833705126371895,-0.37216636714819923,0.4324356037749461,0.06135706954233488,-0.758614001328331,-0.4933884798140031,0.989267636993411,0.6644418725214238,2.997706300244362,0.8984289586257319,-0.5803548273994432,-0.772385860327017,-0.13901383845096116,-0.09588393123546284,-0.14490859492318905,0.002529041121059614,-0.9805981073502623,1.8200100266289758,-0.33626606230676087,0.24013541415546286,-0.6164085769361664,0.13384302424052888,1.5845110444496593,-1.0030512461819567,-0.119548292461309,-0.11436911210175087,-1.3566480226927227,0.048334500622623545,1.2438120881573096,-1.1256509151100782,0.34942709347850254
-0.20574535928992388,0.5276206939073561,-0.04935850761644059,0.34167781147403736,0.13183700805132548,0.19817084690125478,0.44495260975320533,0.09506631905996485,-0.6003196391646917,-0.7166752650122482,0.058729004971293984,0.08293656690786709,-0.08573336194248131,-0.2640011908952615,0.23930306322721784,0.028069224902441105,-0.032890726417878886,0.05446399710757409,0.616100370879838,-0.25300512174509365,-0.005900518801184138,-0.49096109333551713,-0.3515294237885685,0.3581838514913427,0.06372220850894421,-0.14808943295389815,0.13465216848693873,-0.08875026914051333,-0.06309107160061066,0.28208033254952847,-0.33626606230676087,0.2145590111914593,0.017841594819997347,-0.18744106071668418,-0.41488719914662936,-0.30031429949597516,0.2359063233832725,0.15657889207045528,0.15334001791307564,0.07479380322160081,-0.20799361419870646,-0.0556646921506302,0.36479416953200483,-0.1077837552986309
0.22110336798830368,-0.06584246541056192,0.0487809673435389,-0.2114952662948642,0.002177006018340823,-0.32416238172778006,0.028690689345198247,0.0716851816004847,-0.0632505074556596,0.06320172661981013,0.037559456713260476,0.23319787238499123,0.10480618912520825,-0.013280611304978696,0.064885813026744,0.13645475280919447,0.0974120524409758,-0.08081047030061218,0.15452484834359106,0.14660198099596305,0.16874658520124214,0.5912163359841199,0.14310656464974408,0.10182351678051861,-0.053068071848134585,-0.13717454870510076,0.022855723120543202,-0.08069509882064713,0.05418510274356728,-0.046703883506920854,0.24013541415546286,0.017841594819997347,0.12440352632837828,-0.10945551457828906,0.006993878033242384,0.30353892321547643,-0.08221315157828334,-0.052034817484763525,-0.10690861519357851,-0.3432129191487726,0.22011499395434683,0.296578457338805,-0.42600096737271287,0.2580965404150664
0.06781491587032776,-1.5689002108093206,-0.8276523718923346,-0.3379549157460723,-0.9209447361053712,0.23981830873880366,-1.4359146752880563,-0.007313355959750175,1.5608257308651747,0.9169817621577382,-0.26042434329365893,-1.0847187009886756,-1.280019811102706,0.4108333518178073,-0.3048766429029033,-0.550378627055,0.1951014157919744,0.42771064821644456,-1.060742280297857,-0.30017309017698474,-0.47401301821507125,-0.9494949473224711,0.29409173179271786,-0.37760728088934803,0.5829325912343818,0.21967740424244608,-0.3130928986789418,0.22228145288610723,0.4351621148911921,-0.05826510375231753,-0.6164085769361664,-0.18744106071668418,-0.10945551457828906,1.1492050185950533,1.0301859059341998,-0.5838115819043385,0.1662366552628845,-0.5832690827995357,-0.32964249458113154,0.8258018096121373,0.8607849636798662,-0.8868183881808913,-0.41389002294182975,0.35155568774980595
0.5726836960339318,-2.0480381394645106,-0.4711589079712217,-0.9023615080114451,-0.8785863758461537,-0.36073925290012665,-1.711935227590868,0.057765198471210054,2.0725967643346728,1.6362804775825401,-0.28905935653995196,-0.8862218470198656,-0.9258813744262022,0.8195962783932474,-0.449399520288234,-0.2974322128250936,0.43077742664626034,0.21402627625117018,-1.5718316979887283,0.22905307814094794,-0.24590576033973974,0.33396026204633417,0.8391774297795561,-0.6476132602291302,0.3624153843678114,0.23194450271844025,-0.3451972978631713,0.23357950559898677,0.511211503359866,-0.4399100906306995,0.13384302424052888,-0.41488719914662936,0.006993878033242384,1.0301859059341998,1.5103690702013843,0.1213335542554717,-0.20429383919284244,-0.7463399827774114,-0.5790554794035269,0.28006842071977145,1.2826199489079493,-0.30206729753737976,-1.3361893185387654,0.7867576845580009
0.7920417746393449,-0.008732830874059733,1.0248116881331772,-0.6814717445528023,0.4015695508061244,-1.189026796040039,0.2626510327870788,-0.1961063938380904,-0.10346923774555658,0.8963600115567055,0.380527587963864,1.0778087972741857,1.115886846631863,0.3169140452633951,-0.10739828342227178,0.6710744473967784,0.008055769995510713,-0.4681066399845828,-0.14125942841722872,1.137700573646622,0.7247006350525086,2.984801441304389,0.815857878583397,-0.18411929145359918,-0.6144224305294079,-0.029918504103257876,-0.05106814075750487,-0.10283226529609968,-0.1626233647272215,-0.47043300842737784,1.5845110444496593,-0.30031429949597516,0.30353892321547643,-0.5838115819043385,0.1213335542554717,1.8631188864826447,-0.7069811198550372,0.06667609050357712,-0.45991921918639067,-1.5190391945775585,0.31529966165811596,1.347562319298012,-1.3771874172127414,0.45374003428864235
-0.466862232931282,0.5245281540769516,0.1007198089073885,0.9325475878354397,0.006530214180095744,0.7174454643770465,0.4075447856500708,0.05537271803754859,-0.4725831905240206,-1.1507813264730644,0.2774274570701009,-0.536748315348853,-1.0048569196084445,0.06327942865059034,0.3667385284798821,-0.05830002765586164,-0.04299690936877058,0.4586096593416179,0.5612111760635601,-0.4571083780763405,-0.27714182322886344,-1.5261085350259747,-0.5612060629166588,0.5395885753982189,0.4069824863863959,0.05619123536563712,0.13399520520349859,0.05949318201667227,-0.11143367442540206,0.7313680255649799,-1.0030512461819567,0.2359063233832725,-0.08221315157828334,0.1662366552628845,-0.20429383919284244,-0.7069811198550372,0.6509335539234903,0.20010592185011464,-0.014247719463218855,0.5582290753221836,-0.025839948243689074,-0.48717776604474333,0.5312491719364517,-0.1610180400640924
-0.396755312636754,1.3663842604689933,0.735940079681145,0.8568718102847053,0.6481682077155176,0.38310178064485134,1.170697447437552,-0.13034174664468484,-1.199707671985298,-1.0893228340026495,0.4062253797128618,0.3631617556503284,0.31681899962250953,-0.14677794585710446,0.2971922826158558,0.3050173679694747,-0.2702216656209768,0.006128912750289771,0.7931518408758665,0.035876140248186715,0.11998158148966516,-0.25694026622653754,-0.4887463393571453,0.3941080528755765,-0.19669007690643386,0.074642202577424,0.2136857894538798,-0.037836874360837394,-0.42946974436496244,0.44235388219742805,-0.119548292461309,0.15657889207045528,-0.052034817484763525,-0.5832690827995357,-0.7463399827774114,0.06667609050357712,0.20010592185011464,0.5703678411472586,0.1793938956293611,-0.1448182267021058,-0.6830913073725037,0.20622271092974137,0.7519976059416156,-0.5022210274567169
-0.32422586284025906,0.5860288090250174,-0.2647892957968822,0.12224242034943449,0.23840199416251354,0.25688458477478027,0.3774442648180189,0.031238943937810838,-0.5510474690401592,-0.3820440940015561,-0.24012072825927092,0.22137419710569475,0.5944644533217267,-0.5091153781600126,-0.003785998236462904,-0.13341053464762523,-0.17606916251411434,-0.19159357289727819,0.33808758713254156,-0.31988042878733175,-0.06089586656695742,-0.5574463882594708,-0.37810038182982497,-0.01421424177758988,-0.16595369831916024,-0.10803624550622033,0.09883637050229183,-0.07579679960108109,-0.10712208363972524,-0.0939439218111827,-0.11436911210175087,0.15334001791307564,-0.10690861519357851,-0.32964249458113154,-0.5790554794035269,-0.45991921918639067,-0.014247719463218855,0.1793938956293611,0.5027543093483808,0.22422498723281098,-0.7651397827385217,-0.15206707353356572,0.9082198024103794,-0.4943040762399638
-0.6686544335087665,-0.40043161465022636,-0.8058229272415796,0.5677053673259993,-0.5055496813630249,1.119973389208343,-0.6079631600101,0.004848352177475136,0.6237479979674307,-0.3017960328943839,-0.28059254168250275,-1.229225126621091,-1.2092051701785675,0.028642936106320325,-0.09674460463957738,-0.6739772431120724,-0.055517145584980436,0.5187407167601871,-0.43972050656091527,-0.8567413568792289,-0.7398154279031641,-2.6132906517747174,-0.5136165875638647,-0.11468683911245589,0.5986406998409749,0.2740825519303486,-0.09818376846183349,0.23219578069779326,0.14877707129190545,0.3401575056564632,-1.3566480226927227,0.07479380322160081,-0.3432129191487726,0.8258018096121373,0.28006842071977145,-1.5190391945775585,0.5582290753221836,-0.1448182267021058,0.22422498723281098,1.4814861026892572,-0.11094911283184174,-1.355130288216945,1.078300149152888,-0.41992942363813157
0.7195788152925585,-1.7327739584105395,-0.41453345257266405,-0.7954983339695252,-0.8399773045032253,-0.5939683296145323,-1.2857804375223667,0.23280952794737386,1.5352106083189498,1.019188207523653,-0.05927844760557491,-0.590490000859646,-1.1944145766887606,0.6894070405989224,-0.08795681854916028,-0.04181811921173423,0.6172063411452063,0.28034775736644935,-0.7770109284269581,0.2560205600048282,-0.013726719808193915,0.7026632226997173,0.7378945576762592,-0.0868040565791256,0.4574529126471369,-0.03522109014484855,-0.20948688440557767,0.05172118402145692,0.5789251007379772,-0.07858594637358354,0.048334500622623545,-0.20799361419870646,0.22011499395434683,0.8607849636798662,1.2826199489079493,0.31529966165811596,-0.025839948243689074,-0.6830913073725037,-0.7651397827385217,-0.11094911283184174,1.7205533307775966,0.01066839888123093,-1.7796139766161827,1.2158974077268576
0.5740911853138144,0.5549222749005036,0.8864236948024574,-0.41555153588942434,0.5955410527566837,-0.9681825590266452,0.7241996504483836,0.043512033112273425,-0.6869738096175126,0.0998114592947937,0.2643465887815293,1.1286304639744755,1.1758876709889192,0.026205121040596416,0.13442789058263552,0.68521249404065665,0.08260149755989125,-0.4958771128487604,0.4514997775262983,0.7949709411192475,0.6769725609689318,2.315542192351411,0.4081239468429599,0.137942793973582,-0.593179712099342,-0.24240043914615061,0.15551787791588947,-0.20795634094052762,-0.18938384793078064,-0.28019599154049313,1.2438120881573096,-0.0556646921506302,0.296578457338805,-0.8868183881808913,-0.30206729753737976,1.347562319298012,-0.48717776604474333,0.20622271092974137,-0.15206707353356572,-1.355130288216945,0.01066839888123093,1.3129250187904686,-0.9079123995739432,0.34627607725505
-1.2843629207726397,1.8938326259829734,-0.04023039488923957,1.4642617773747937,0.6249036602360037,1.4745527256057562,1.2790691451776568,-0.22140143968778064,-1.5314942102470472,-1.7027254101150502,0.026667528039924296,-0.1201665427971108,0.28186749516877224,-0.775724434065426,0.19471837964377842,-0.3082163734415704,-0.6501654833788242,0.13324351304963236,0.913223801069023,-0.8663444534786798,-0.42386594640328945,-2.5892254728144435,-1.2889299882997494,0.27192657427765554,-0.028164410239301142,0.19584570340752444,0.22213549796689433,0.043086879942912076,-0.5295543658926652,0.5790626839228705,-1.1256509151100782,0.36479416953200483,-0.42600096737271287,-0.41389002294182975,-1.3361893185387654,-1.3771874172127414,0.5312491719364517,0.7519976059416156,0.9082198024103794,1.078300149152888,-1.7796139766161827,-0.9079123995739432,2.6682911044510127,-1.5037258742912485
0.694591030735345,-1.1621171597542415,-0.2831649662104968,-0.8248756348645351,-0.4956522476134125,-0.747360292682203,-0.7950370563418513,0.27216589421473736,0.910968789352828,0.7544723918752074,-0.11046307905976409,-0.08499637314921261,-0.46442446345082133,0.36132554851567844,-0.020394292957189076,0.09686937864459995,0.515225606631913,0.009809907588053297,-0.3623391946477964,0.2863020947022116,0.16592982736192105,1.070007271391972,0.6137936297821676,-0.010066457791511713,0.17480895767795043,-0.206428772903592,-0.08811918240345534,-0.06829164142182326,0.437527156830619,-0.2068216106233557,0.34942709347850254,-0.1077837552986309,0.2580965404150664,0.35155568774980595,0.7867576845580009,0.45374003428864235,-0.1610180400640924,-0.5022210274567169,-0.4943040762399638,-0.41992942363813157,1.2158974077268576,0.34627607725505,-1.5037258742912485,1.0089310048187197
