V1,V2,V3,V4,V5,V6,V7,V8,V9,V10,V11,V12,V13,V14,V15,V16,V17,V18,V19,V20,V21,V22,V23,V24,V25,V26,V27,V28,V29,V30,V31,V32,V33,V34,V35,V36,V37,V38,V39,V40,V41,V42,V43,V44
5.970237626892038,1.591616933583175,0.3528173320517192,2.8006282505032476,-6.841225481672316,3.3125216621194626,0.4212859808570955,-7.493425517633371,-4.176399772465377,-2.459690278997186,2.1857711609350554,-4.409184002524406,-4.729472998627101,-5.419813079998749,3.4516172887952687,7.277911980745402,-2.4149340413685363,-1.5328621531004194,8.009456516568372,1.447838203809874,-4.1399530764635735,0.1717734463934798,-5.221970474077859,-5.603660463208837,-1.503040507318789,2.825857579519926,3.1554800247385626,1.5657142026088353,1.554541710970635,7.086492232232852,-7.904967676603118,-2.4215303124047085,-2.0785327082205725,-0.05780222946099864,-13.118640448873597,0.758492064295603,2.9855913613641043,0.6962607965841439,-0.7473079088475579,0.1998315891599401,1.0357559622399934,-2.3594100400827274,4.599375287875585,2.30242065836541
1.591616933583175,1.185414803026375,-0.02531079899547761,1.0006594069919426,-1.7488804988184468,0.6558907894651189,0.7553588404380116,-2.1824999002197436,-0.8561716777592329,0.48824807325477454,1.4898212210709347,-1.0539388457892767,-0.9071743610204019,-0.8589490653451815,1.8312453263364752,3.3858528944738646,-1.4433283952085552,0.5674219550611667,1.8117130531307937,1.3606249982737189,-2.533921298936796,-0.1365274232208283,-1.2773632708115017,-1.6242714205584254,-0.3110475876965224,0.857669967716946,1.07992698140479,0.8871737651777055,-0.3055442231227588,2.816285307607257,-2.9118982964893427,-1.4860737970180506,-0.48196255468120924,-0.7700745506992721,-3.9952121499627364,-0.194626477433683,1.3228038069354353,0.615100420307733,0.8097524333881543,1.0886561096242584,-0.36265945552767004,-1.9795969167443275,1.6104938879530948,0.4807523042823476
0.3528173320517192,-0.02531079899547761,0.04690872335002979,0.12225473073836003,-0.4324260201198696,0.24896638151629139,-0.07742464131234607,-0.4247814095662085,-0.29596496945315454,-0.3413614960049418,-0.017798239113838158,-0.28195060902975666,-0.34875098469218063,-0.4225364217544642,0.05972462935640297,0.20270724553659683,-0.025100727082841185,-0.2516710692356526,0.5356851989252713,-0.08454687185800491,-0.017132883732325178,0.0407767086925978,-0.3265150121872822,-0.3152050039958048,-0.09799003808604702,0.1487011860540532,0.1572444487918779,0.01959908566094872,0.2026736744554165,0.2754269064634728,-0.3301345255928199,-0.016392472925545416,-0.1376794485235114,0.12880679372288673,-0.6904666875096,0.10070575703363942,0.10442736911886188,-0.02492326245904983,-0.205705223042777,-0.1611209800540005,0.16734683843736417,0.07235842280182388,0.21322764659124654,0.1520451101192934
2.8006282505032476,1.0006594069919426,0.12225473073836003,1.4133052556499666,-3.166675522740568,1.4615899638706844,0.422430495652213,-3.570262112116697,-1.8634474617316248,-0.7485839166625343,1.3348567212006457,-2.014941857944508,-2.0828816693653978,-2.3312070235860607,1.936414207789313,3.8992567321036735,-1.4021145043680425,-0.3702818075218934,3.6323496891510447,1.0135412475390995,-2.4204859651811796,0.02316454700658477,-2.405960004030836,-2.666277300843044,-0.6778953970359223,1.3587859090299337,1.554210862208722,0.8982030665475261,0.47859503504720646,3.64094052873316,-3.9861190225292855,-1.4324350449753076,-0.9498156627341582,-0.2897914890975541,-6.319618305699005,0.22568499743893278,1.5695831394914133,0.47167325417247274,0.009577853790095143,0.453876145222862,0.26932176572322303,-1.5685813929766992,2.2836846777537643,1.032239872585708
-6.841225481672316,-1.7488804988184468,-0.4324260201198696,-3.166675522740568,7.950688117434918,-3.841604537491561,-0.3615018425237955,8.62892700851154,4.854251525963938,3.055391832740091,-2.3662283188086217,5.102632213302638,5.499851553083135,6.353281918350886,-3.808109452331352,-8.166462127668789,2.65024991801376,1.9583569520489668,-9.272089850474705,-1.4843165983524553,4.564672613992868,-0.21359577137485317,6.037861897040032,6.476477300633802,1.738089224080167,-3.2253343847921676,-3.6349772448061004,-1.7298062573805935,-1.8803682206559722,-8.02879166837031,8.916609754730642,2.6843887072838433,2.402248484927315,-0.07432232765660358,15.002427681532938,-0.8891364102426742,-3.364591595088475,-0.734563495705025,1.0447682882810991,-0.03570754910645273,-1.289719911923137,2.435085449681177,-5.24489945690518,-2.630089185537502
3.3125216621194626,0.6558907894651189,0.24896638151629139,1.4615899638706844,-3.841604537491561,1.9845791070929446,0.057451526468413595,-4.123842950383737,-2.414034703260123,-1.712219783482645,0.9536661525844328,-2.4847779586963648,-2.7618638969755804,-3.184730879361945,1.6678302414972148,3.6313155920269082,-1.1580418479046437,-1.1298367516140766,4.560441895099799,0.4788223033606318,-1.8753662524029842,0.14696380950281193,-2.8971974467667545,-3.051583625107287,-0.8322762257988566,1.5412478976263642,1.6878007297932391,0.7389077927189958,1.0678923305873316,3.6627074116315157,-4.1357554383751145,-1.1003296908325133,-1.1914033488316318,0.21528427770254896,-7.103931772734114,0.5156192500190049,1.559422399030852,0.2681861659446443,-0.7067334040913985,-0.19307624205455048,0.7584056575205099,-0.9683323295178948,2.439648480991206,1.3105578760978025
0.4212859808570955,0.7553588404380116,-0.07742464131234607,0.422430495652213,-0.3615018425237955,0.057451526468413595,0.6246822447825923,-0.6554644179256622,-0.05870498826535351,0.8775903264882605,0.9585523446343911,-0.17486861316872943,-0.01675719329915963,0.16906588271474654,1.067448690115684,1.7607422163023148,-0.9040448882009903,0.8018527085718716,0.2585552232641912,0.9591064363900589,-1.5238427634371798,-0.13722223740430492,-0.2268361491654562,-0.45237252292609925,-0.011870955832253501,0.2847723786695122,0.4007620701481671,0.5257557150564351,-0.5298811563137462,1.288086797272176,-1.2732925960882318,-0.9022145223360235,-0.08391171287333833,-0.6745070505210112,-1.313219032911495,-0.28213046546711107,0.6847121584812544,0.43293333436076736,0.8784483913304537,0.952341893791611,-0.491569364276839,-1.4319534237435938,0.6394411600558706,0.057153642090752306
-7.493425517633371,-2.1824999002197436,-0.4247814095662085,-3.570262112116697,8.62892700851154,-4.123842950383737,-0.6554644179256622,9.491060277599146,5.2056945895431,2.8773005879455322,-2.938783646354417,5.524141071263288,5.874079498508944,6.707371646441509,-4.528361870820938,-9.475337591751549,3.2132468292614536,1.7403302370410345,-10.008682999571821,-2.0031089232424444,5.521037491479699,-0.16932445118059672,6.543643962556851,7.10240233081829,1.8645376540889618,-3.574426226213078,-4.044805714961234,-2.0745238150682535,-1.7883834972682706,-9.12784952723672,10.082172651284694,3.247107542449197,2.60374626192644,0.21675702661683313,16.596557725863033,-0.8406943516403967,-3.881656324364864,-0.9673283980621955,0.7374385299374983,-0.45331688338963305,-1.1648506674183006,3.2178925061806076,-5.876084827910708,-2.8409948833952563
-4.176399772465377,-0.8561716777592329,-0.29596496945315454,-1.8634474617316248,4.854251525963938,-2.414034703260123,-0.05870498826535351,5.2056945895431,3.0300713969075335,2.153758222391714,-1.206325322273661,3.1394615073538152,3.4508154125514774,4.023592986466572,-2.0886246317941697,-4.594603651540081,1.4160602059537621,1.438833853431241,-5.740983282825521,-0.6494795021143782,2.398962581441572,-0.18080698232610617,3.703502891073505,3.8992858321143467,1.0789696115308793,-1.9411456062673091,-2.1448251786496724,-0.9317625255268523,-1.339332192138919,-4.644644757059244,5.233944098445322,1.4088906998488626,1.4857650574296526,-0.24184227331022487,9.009949483054733,-0.653246373526138,-1.9188994749787103,-0.3365290568158331,0.8938975568911511,0.24440274237018567,-0.9554800219176738,1.1542954401232148,-3.0930785258255966,-1.6471708030614678
-2.459690278997186,0.48824807325477454,-0.3413614960049418,-0.7485839166625343,3.055391832740091,-1.712219783482645,0.8775903264882605,2.8773005879455322,2.153758222391714,2.9193649458470006,0.5460501264247257,2.055346623701061,2.5378676106487736,3.231651102027285,0.0467495306580337,-0.7624419929585607,-0.28948915149400267,2.2618443405420376,-3.868574978072983,0.9594699158663984,-0.4968465119976153,-0.3453300643918324,2.4074487067793195,2.213021469954578,0.7720131852281823,-0.9999473039199263,-0.9969158860961502,0.10083781177895856,-1.7681579338494235,-1.5176384939941825,1.960492063310659,-0.29699573777382987,0.9689372196549589,-1.2006375677128667,4.687824728492733,-0.9063698867308744,-0.39883188037373907,0.3871909064859123,1.9517219876206762,1.6048272063797466,-1.4468488425043327,-1.2660128174562888,-1.3344982303402515,-1.1285344954534182
2.1857711609350554,1.4898212210709347,-0.017798239113838158,1.3348567212006457,-2.3662283188086217,0.9536661525844328,0.9585523446343911,-2.938783646354417,-1.206325322273661,0.5460501264247257,1.9238000056795226,-1.4468817669248748,-1.2904210143955444,-1.2333353850772066,2.3975311534726806,4.425844717668734,-1.8822718980854454,0.6753628382198633,2.5118978435305577,1.7270654663597331,-3.2459034358574956,-0.15749575432745902,-1.7300665083947724,-2.1591319950406342,-0.4301508556290723,1.1686628152102265,1.418149446293508,1.154262372136625,-0.30830977788284203,3.7033650889009215,-3.8898830442548435,-1.901954270650931,-0.6782224781942447,-0.9601959701700087,-5.379843667402518,-0.1999892162149257,1.7515742012171807,0.7799542231817334,0.9786993599630345,1.364821317887768,-0.4114054155794443,-2.5723800578748057,2.135879562021703,0.6919730809302836
-4.409184002524406,-1.0539388457892767,-0.28195060902975666,-2.014941857944508,5.102632213302638,-2.4847779586963648,-0.17486861316872943,5.524141071263288,3.1394615073538152,2.055346623701061,-1.4468817669248748,3.3034061383934326,3.567046460815965,4.133336340099356,-2.369498153834669,-5.134158405848037,1.6228678931480578,1.3459001874799887,-5.992517813830909,-0.892302091969207,2.819546483827139,-0.14968795442152122,3.9006387080946854,4.148501299365792,1.1335172801346376,-2.075143956232859,-2.3070672207769305,-1.0695727890793794,-1.2864000649439484,-5.082751819766879,5.688393619578963,1.6338349955540659,1.549105974927088,-0.10001717723108255,9.63198734716107,-0.6225424466960285,-2.110911927080487,-0.433024862231111,0.7685545450297518,0.05659236889631809,-0.8786909996579982,1.4557849649518075,-3.343515272949676,-1.7200614080169099
-4.729472998627101,-0.9071743610204019,-0.34875098469218063,-2.0828816693653978,5.499851553083135,-2.7618638969755804,-0.01675719329915963,5.874079498508944,3.4508154125514774,2.5378676106487736,-1.2904210143955444,3.567046460815965,3.949848008924353,4.602190795027318,-2.286767235140692,-5.0827691075007815,1.5386912785759006,1.7126860163638624,-6.530977786338961,-0.6583047915976644,2.605321772980798,-0.2218171967767054,4.204973240693409,4.399075243829173,1.2268848910451813,-2.188332347822152,-2.4100843237124985,-1.0130729375185268,-1.575680611024934,-5.176114936267517,5.857906896850219,1.518275269233852,1.6842400253699708,-0.3382157133097672,10.153952731351962,-0.7766223876088105,-2.13253748372709,-0.35014923961292294,1.0969759892808981,0.36207366795334106,-1.135116816045144,1.2115178177528807,-3.4700775540124034,-1.881273461177944
-5.419813079998749,-0.8589490653451815,-0.4225364217544642,-2.3312070235860607,6.353281918350886,-3.184730879361945,0.16906588271474654,6.707371646441509,4.023592986466572,3.231651102027285,-1.2333353850772066,4.133336340099356,4.602190795027318,5.451834229115547,-2.368756949549323,-5.455287527591292,1.526629041805222,2.247202123818173,-7.57711815698876,-0.5037884245405896,2.622515408580454,-0.29539017966977077,4.882325810212575,5.053942736676529,1.445879925877012,-2.479946670314486,-2.7172051905224617,-1.0369785663391256,-1.995182776348916,-5.717248113310652,6.503110155951022,1.5348798374424344,1.946901031523079,-0.5860187794284545,11.549318945840406,-0.9880135286777738,-2.283038187251216,-0.2819051420871798,1.5366820810753339,0.7009671694863363,-1.4706467971880866,0.9656581537728889,-3.8920860145757166,-2.178810233490866
3.4516172887952687,1.8312453263364752,0.05972462935640297,1.936414207789313,-3.808109452331352,1.6678302414972148,1.067448690115684,-4.528361870820938,-2.0886246317941697,0.0467495306580337,2.3975311534726806,-2.369498153834669,-2.286767235140692,-2.368756949549323,3.154724330093844,5.980262835757812,-2.4220381134766167,0.38012653652879946,4.204077776034562,2.0342046486634273,-4.132638665841914,-0.11767757376052863,-2.8222249605996117,-3.3366061536256146,-0.7412131696735268,1.7610544709049303,2.08363653755813,1.49608721771121,0.003426986221437104,5.220496134731269,-5.5753968264723675,-2.436954700167388,-1.1210286874667368,-0.9739216603898482,-8.152706974787927,-0.045976386439559966,2.399366420710202,0.9359174511755929,0.8578663396063121,1.4285341602829602,-0.1987744480929811,-3.116074929257352,3.1102788249979203,1.1748683938619044
7.277911980745402,3.3858528944738646,0.20270724553659683,3.8992567321036735,-8.166462127668789,3.6313155920269082,1.7607422163023148,-9.475337591751549,-4.594603651540081,-0.7624419929585607,4.425844717668734,-5.134158405848037,-5.0827691075007815,-5.455287527591292,5.980262835757812,11.666928731325422,-4.5034201070281,0.04044494683927606,9.12395572631775,3.637199601003479,-7.789325827955278,-0.14545137369708716,-6.104784846614057,-7.0405470489146325,-1.6480432319930833,3.6617772240271513,4.287785477884395,2.826383030576284,0.5153267296805053,10.412263094334802,-11.193642090914382,-4.560850298616675,-2.4066774601316494,-1.5338057892992427,-16.932669891235765,0.16018091289575226,4.6809094590398095,1.6732141511801526,1.033065143301443,2.2549339565246966,0.020555854615517705,-5.519012678698575,6.339096609909184,2.5570703903718446
-2.4149340413685363,-1.4433283952085552,-0.025100727082841185,-1.4021145043680425,2.65024991801376,-1.1580418479046437,-0.9040448882009903,3.2132468292614536,1.4160602059537621,-0.28948915149400267,-1.8822718980854454,1.6228678931480578,1.5386912785759006,1.526629041805222,-2.4220381134766167,-4.5034201070281,1.909564284213392,-0.49864905339084215,-2.8804973958467297,-1.620612617507473,3.2001212127691385,0.12003752836874168,1.926959282974491,2.344413063736027,0.4801871430972786,-1.2529810023806207,-1.5100649150767487,-1.1545409948885301,0.16455288275011734,-3.853660886079525,4.073821620793937,1.8942022580606446,0.7753471336273716,0.8373077940625208,5.784685993812599,0.12874323232975998,-1.8263028744792325,-0.7576683609850766,-0.8417562568301302,-1.232472717966117,0.2802302761066728,2.5252739161968596,-2.257569515640802,-0.7920377768042391
-1.5328621531004194,0.5674219550611667,-0.2516710692356526,-0.3702818075218934,1.9583569520489668,-1.1298367516140766,0.8018527085718716,1.7403302370410345,1.438833853431241,2.2618443405420376,0.6753628382198633,1.3459001874799887,1.7126860163638624,2.247202123818173,0.38012653652879946,0.04044494683927606,-0.49864905339084215,1.801125878265848,-2.540219301421492,0.9449664892544435,-0.8147979786681094,-0.27365601246884513,1.5696984786311303,1.3642032088530143,0.5260952309145689,-0.5902100485803382,-0.5493145752752112,0.24012437920500843,-1.3740991328187269,-0.6171474190591753,0.926615068119347,-0.4974478047875178,0.6272149497572171,-1.0227209860765667,2.7730707443007563,-0.7065657315615725,-0.04332826397238617,0.40290687938450037,1.6177409182438711,1.3935643808399143,-1.1347418178002395,-1.3318379565721352,-0.7033810225501779,-0.7501749133843508
8.009456516568372,1.8117130531307937,0.5356851989252713,3.6323496891510447,-9.272089850474705,4.560441895099799,0.2585552232641912,-10.008682999571821,-5.740983282825521,-3.868574978072983,2.5118978435305577,-5.992517813830909,-6.530977786338961,-7.57711815698876,4.204077776034562,9.12395572631775,-2.8804973958467297,-2.540219301421492,10.930599844392683,1.4815353938156017,-4.924582199242517,0.3081557174876364,-7.085982373078385,-7.50349203107829,-2.056769281372373,3.7402128272292043,4.157697743634606,1.8852760908603123,2.408907345786307,9.110492368711665,-10.225385542824561,-2.880015804492478,-2.823498434010366,0.2881043660573744,-17.39491479292765,1.1780022183997931,3.779259213977528,0.7426998922704967,-1.4807791689600378,-0.22878609366154026,1.687062682268498,-2.518768394951833,6.015009851606179,3.137149198467292
1.447838203809874,1.3606249982737189,-0.08454687185800491,1.0135412475390995,-1.4843165983524553,0.4788223033606318,0.9591064363900589,-2.0031089232424444,-0.6494795021143782,0.9594699158663984,1.7270654663597331,-0.892302091969207,-0.6583047915976644,-0.5037884245405896,2.0342046486634273,3.637199601003479,-1.620612617507473,0.9449664892544435,1.4815353938156017,1.6699137652889118,-2.8662673921696777,-0.1943661619045985,-1.0973627438305062,-1.4800363979902715,-0.2520878641597689,0.8244025759565158,1.0378876527639198,0.9899626860760391,-0.5560309567102925,2.89863621820232,-2.9970575059351185,-1.6563822460621547,-0.3980450491190258,-1.0379747523446121,-3.815479299291567,-0.3051356792728965,1.3908688052264058,0.730475902944044,1.1593840645385147,1.437588399676148,-0.5970604341967567,-2.3828493711462464,1.5990474109321196,0.41003945764855676
-4.1399530764635735,-2.533921298936796,-0.017132883732325178,-2.4204859651811796,4.564672613992868,-1.8753662524029842,-1.5238427634371798,5.521037491479699,2.398962581441572,-0.4968465119976153,-3.2459034358574956,2.819546483827139,2.605321772980798,2.622515408580454,-4.132638665841914,-7.789325827955278,3.2001212127691385,-0.8147979786681094,-4.924582199242517,-2.8662673921696777,5.582768791640843,0.22619798614915337,3.3818287668667653,4.098443394189007,0.8681699253236981,-2.16150809560952,-2.6208638251946397,-1.981074146503069,0.28489139212472064,-6.658318272871606,7.021137776712318,3.2605113821020284,1.303435670405012,1.4857877698196276,10.026423829018846,0.21735380453175177,-3.077107289582282,-1.2994022405192267,-1.4083478425888227,-2.1237126552885552,0.503111372135784,4.242347909011893,-3.909406308222217,-1.3567203880219594
0.1717734463934798,-0.1365274232208283,0.0407767086925978,0.02316454700658477,-0.21359577137485317,0.14696380950281193,-0.13722223740430492,-0.16932445118059672,-0.18080698232610617,-0.3453300643918324,-0.15749575432745902,-0.14968795442152122,-0.2218171967767054,-0.29539017966977077,-0.11767757376052863,-0.14545137369708716,0.12003752836874168,-0.27365601246884513,0.3081557174876364,-0.1943661619045985,0.22619798614915337,0.054588073967979794,-0.18047701542347774,-0.13009789740986644,-0.06487859990809461,0.048163831848873725,0.03359848688442955,-0.0692465483056355,0.21097021587064796,-0.019987019210807692,-0.03177355015254451,0.12495756931637524,-0.07402860101648058,0.18315689917815622,-0.2501833522448836,0.11808507635224762,-0.0448859879656854,-0.08032923131128339,-0.2512458107832764,-0.242780538329579,0.1882325077043721,0.24945799274769226,0.03669018991559883,0.09639959814198697
-5.221970474077859,-1.2773632708115017,-0.3265150121872822,-2.405960004030836,6.037861897040032,-2.8971974467667545,-0.2268361491654562,6.543643962556851,3.703502891073505,2.4074487067793195,-1.7300665083947724,3.9006387080946854,4.204973240693409,4.882325810212575,-2.8222249605996117,-6.104784846614057,1.926959282974491,1.5696984786311303,-7.085982373078385,-1.0973627438305062,3.3818287668667653,-0.18047701542347774,4.643634320292327,4.935562556854242,1.3500096702659072,-2.4476656530473027,-2.744950176053578,-1.2728005943143568,-1.493493991992814,-6.048420231141302,6.759113744737164,1.969799169594436,1.8196771172335582,-0.09452728842863757,11.42407981055325,-0.736066012014743,-2.48397570331146,-0.5287015888319135,0.8655215884979757,0.04342761185801038,-1.0340644597780355,1.741783422886274,-3.9711581018062185,-2.0311909909001584
-5.603660463208837,-1.6242714205584254,-0.3152050039958048,-2.666277300843044,6.476477300633802,-3.051583625107287,-0.45237252292609925,7.10240233081829,3.8992858321143467,2.213021469954578,-2.1591319950406342,4.148501299365792,4.399075243829173,5.053942736676529,-3.3366061536256146,-7.0405470489146325,2.344413063736027,1.3642032088530143,-7.50349203107829,-1.4800363979902715,4.098443394189007,-0.13009789740986644,4.935562556854242,5.346282169883352,1.4142424209655962,-2.6658764382414186,-3.032657705818481,-1.528883109676567,-1.3629086359582814,-6.808442665182114,7.512747764490321,2.40430814473462,1.9398062803369365,0.13936198005042516,12.427313170093854,-0.6438266993037653,-2.8573127178532594,-0.7065971186531506,0.6017719808921953,-0.2900089550045148,-0.897683696488546,2.307913593708704,-4.39300347416639,-2.1254060896853697
-1.503040507318789,-0.3110475876965224,-0.09799003808604702,-0.6778953970359223,1.738089224080167,-0.8322762257988566,-0.011870955832253501,1.8645376540889618,1.0789696115308793,0.7720131852281823,-0.4301508556290723,1.1335172801346376,1.2268848910451813,1.445879925877012,-0.7412131696735268,-1.6480432319930833,0.4801871430972786,0.5260952309145689,-2.056769281372373,-0.2520878641597689,0.8681699253236981,-0.06487859990809461,1.3500096702659072,1.4142424209655962,0.4051805705913089,-0.6962538620458606,-0.7677186474744949,-0.3313888780677207,-0.48701859342092974,-1.6724247331125461,1.891252029402722,0.5038201649601092,0.5266046464972463,-0.07622074837923878,3.2640526418166687,-0.24450295740869163,-0.6634562182091357,-0.11550972766671169,0.3287595556971457,0.0869709922173393,-0.34302475741662625,0.38610825093598483,-1.113613595112935,-0.5959424021108103
2.825857579519926,0.857669967716946,0.1487011860540532,1.3587859090299337,-3.2253343847921676,1.5412478976263642,0.2847723786695122,-3.574426226213078,-1.9411456062673091,-0.9999473039199263,1.1686628152102265,-2.075143956232859,-2.188332347822152,-2.479946670314486,1.7610544709049303,3.6617772240271513,-1.2529810023806207,-0.5902100485803382,3.7402128272292043,0.8244025759565158,-2.16150809560952,0.048163831848873725,-2.4476656530473027,-2.6658764382414186,-0.6962538620458606,1.3688153035286708,1.5283130971773542,0.8120738500393291,0.6426581290071094,3.483959542736278,-3.856153350175323,-1.2560775386269634,-0.97961824204361,-0.14129195730467023,-6.284357987157854,0.3027571415574937,1.4953791579860607,0.3868946816034437,-0.23075525705196517,0.2396064947005054,0.394042916630328,-1.299165221410598,2.2355420387558804,1.072594034969327
3.1554800247385626,1.07992698140479,0.1572444487918779,1.554210862208722,-3.6349772448061004,1.6878007297932391,0.4007620701481671,-4.044805714961234,-2.1448251786496724,-0.9969158860961502,1.418149446293508,-2.3070672207769305,-2.4100843237124985,-2.7172051905224617,2.08363653755813,4.287785477884395,-1.5100649150767487,-0.5493145752752112,4.157697743634606,1.0378876527639198,-2.6208638251946397,0.03359848688442955,-2.744950176053578,-3.032657705818481,-0.7677186474744949,1.5283130971773542,1.765009285069827,0.9683686182049328,0.6060193016458858,4.03699560640842,-4.401671453633003,-1.5414850696435807,-1.080890216218092,-0.2397618553784107,-7.094655403988516,0.27079586235666026,1.7404337685188005,0.49578133108183986,-0.1162761061679904,0.38855480253036745,0.3661052159332767,-1.6113720937950606,2.559358817253325,1.1654395500612516
1.5657142026088353,0.8871737651777055,0.01959908566094872,0.8982030665475261,-1.7298062573805935,0.7389077927189958,0.5257557150564351,-2.0745238150682535,-0.9317625255268523,0.10083781177895856,1.154262372136625,-1.0695727890793794,-1.0130729375185268,-1.0369785663391256,1.49608721771121,2.826383030576284,-1.1545409948885301,0.24012437920500843,1.8852760908603123,0.9899626860760391,-1.981074146503069,-0.0692465483056355,-1.2728005943143568,-1.528883109676567,-0.3313888780677207,0.8120738500393291,0.9683686182049328,0.7199952137611026,-0.05002335076206085,2.443202117532779,-2.5864793327322033,-1.1722373219694242,-0.5060329256493831,-0.49709427082874624,-3.7417514090203725,-0.054009870081960044,1.1311766316480707,0.45370032162994334,0.4547312266585332,0.7187137466066711,-0.1368450773322801,-1.5005015373845354,1.4449810473491798,0.5197955943471749
1.554541710970635,-0.3055442231227588,0.2026736744554165,0.47859503504720646,-1.8803682206559722,1.0678923305873316,-0.5298811563137462,-1.7883834972682706,-1.339332192138919,-1.7681579338494235,-0.30830977788284203,-1.2864000649439484,-1.575680611024934,-1.995182776348916,0.003426986221437104,0.5153267296805053,0.16455288275011734,-1.3740991328187269,2.408907345786307,-0.5560309567102925,0.28489139212472064,0.21097021587064796,-1.493493991992814,-1.3629086359582814,-0.48701859342092974,0.6426581290071094,0.6060193016458858,-0.05002335076206085,1.1095105645356789,0.9608201442872675,-1.280609627242993,0.18780783880454516,-0.6094957013532792,0.7122414243623968,-2.967130435988532,0.5761402669706849,0.2613892670449726,-0.2376775696363047,-1.20196294557101,-0.96094898448405,0.883958375225619,0.7339016095535245,0.839480408638453,0.7264575082957891
7.086492232232852,2.816285307607257,0.2754269064634728,3.64094052873316,-8.02879166837031,3.6627074116315157,1.288086797272176,-9.12784952723672,-4.644644757059244,-1.5176384939941825,3.7033650889009215,-5.082751819766879,-5.176114936267517,-5.717248113310652,5.220496134731269,10.412263094334802,-3.853660886079525,-0.6171474190591753,9.110492368711665,2.89863621820232,-6.658318272871606,-0.019987019210807692,-6.048420231141302,-6.808442665182114,-1.6724247331125461,3.483959542736278,4.03699560640842,2.443202117532779,0.9608201442872675,9.560041661550118,-10.368235215398423,-3.914992533932291,-2.385482413593101,-0.9865561557168643,-16.183533121304173,0.41018096807997034,4.198757787654492,1.3501712206984184,0.35698688797216493,1.507014468943629,0.4452677033365364,-4.455785548055833,5.933377522549275,2.563785241006143
-7.904967676603118,-2.9118982964893427,-0.3301345255928199,-3.9861190225292855,8.916609754730642,-4.1357554383751145,-1.2732925960882318,10.082172651284694,5.233944098445322,1.960492063310659,-3.8898830442548435,5.688393619578963,5.857906896850219,6.503110155951022,-5.5753968264723675,-11.193642090914382,4.073821620793937,0.926615068119347,-10.225385542824561,-2.9970575059351185,7.021137776712318,-0.03177355015254451,6.759113744737164,7.512747764490321,1.891252029402722,-3.856153350175323,-4.401671453633003,-2.5864793327322033,-1.280609627242993,-10.368235215398423,11.36329388214481,4.102917323222489,2.6718890956839734,0.9199328385989088,17.89070954055954,-0.5899752112447102,-4.522826086942868,-1.3878170636512894,-0.13294118280003095,-1.4217910797155753,-0.665212645145437,4.642769924103817,-6.48988902788949,-2.921127286064938
-2.4215303124047085,-1.4860737970180506,-0.016392472925545416,-1.4324350449753076,2.6843887072838433,-1.1003296908325133,-0.9022145223360235,3.247107542449197,1.4088906998488626,-0.29699573777382987,-1.901954270650931,1.6338349955540659,1.518275269233852,1.5348798374424344,-2.436954700167388,-4.560850298616675,1.8942022580606446,-0.4974478047875178,-2.880015804492478,-1.6563822460621547,3.2605113821020284,0.12495756931637524,1.969799169594436,2.40430814473462,0.5038201649601092,-1.2560775386269634,-1.5414850696435807,-1.1722373219694242,0.18780783880454516,-3.914992533932291,4.102917323222489,1.9479921142193717,0.7696336022715202,0.8604315608843573,5.857047476389369,0.14263839175050494,-1.8111364455706171,-0.7635770749438034,-0.854912586776403,-1.2443554582801732,0.2888018566115311,2.4907625467255397,-2.2880075884030058,-0.7757298201880886
-2.0785327082205725,-0.48196255468120924,-0.1376794485235114,-0.9498156627341582,2.402248484927315,-1.1914033488316318,-0.08391171287333833,2.60374626192644,1.4857650574296526,0.9689372196549589,-0.6782224781942447,1.549105974927088,1.6842400253699708,1.946901031523079,-1.1210286874667368,-2.4066774601316494,0.7753471336273716,0.6272149497572171,-2.823498434010366,-0.3980450491190258,1.303435670405012,-0.07402860101648058,1.8196771172335582,1.9398062803369365,0.5266046464972463,-0.97961824204361,-1.080890216218092,-0.5060329256493831,-0.6094957013532792,-2.385482413593101,2.6718890956839734,0.7696336022715202,0.7393209713210622,-0.05677552027793554,4.520558655809887,-0.2917804585794194,-1.0047483915194875,-0.2004251275080397,0.3619831775269809,0.03173436409278507,-0.41949439346479317,0.6922940859547714,-1.5675969373032927,-0.8082933405939229
-0.05780222946099864,-0.7700745506992721,0.12880679372288673,-0.2897914890975541,-0.07432232765660358,0.21528427770254896,-0.6745070505210112,0.21675702661683313,-0.24184227331022487,-1.2006375677128667,-0.9601959701700087,-0.10001717723108255,-0.3382157133097672,-0.5860187794284545,-0.9739216603898482,-1.5338057892992427,0.8373077940625208,-1.0227209860765667,0.2881043660573744,-1.0379747523446121,1.4857877698196276,0.18315689917815622,-0.09452728842863757,0.13936198005042516,-0.07622074837923878,-0.14129195730467023,-0.2397618553784107,-0.49709427082874624,0.7122414243623968,-0.9865561557168643,0.9199328385989088,0.8604315608843573,-0.05677552027793554,0.8034204212259768,0.6155250245548856,0.37735758478447123,-0.5564259449777016,-0.44304721118063145,-1.0385542275980002,-1.0885570018196042,0.653547980357019,1.4413073123348805,-0.41927682298481667,0.09481616128991849
-13.118640448873597,-3.9952121499627364,-0.6904666875096,-6.319618305699005,15.002427681532938,-7.103931772734114,-1.313219032911495,16.596557725863033,9.009949483054733,4.687824728492733,-5.379843667402518,9.63198734716107,10.153952731351962,11.549318945840406,-8.152706974787927,-16.932669891235765,5.784685993812599,2.7730707443007563,-17.39491479292765,-3.815479299291567,10.026423829018846,-0.2501833522448836,11.42407981055325,12.427313170093854,3.2640526418166687,-6.284357987157854,-7.094655403988516,-3.7417514090203725,-2.967130435988532,-16.183533121304173,17.89070954055954,5.857047476389369,4.520558655809887,0.6155250245548856,29.192131739527134,-1.410767679439572,-6.881363743050499,-1.7940919440004715,1.0281187409757317,-1.0930591960941252,-1.86126513106834,5.989780323897161,-10.365973078751988,-4.970967449123562
0.758492064295603,-0.194626477433683,0.10070575703363942,0.22568499743893278,-0.8891364102426742,0.5156192500190049,-0.28213046546711107,-0.8406943516403967,-0.653246373526138,-0.9063698867308744,-0.1999892162149257,-0.6225424466960285,-0.7766223876088105,-0.9880135286777738,-0.045976386439559966,0.16018091289575226,0.12874323232975998,-0.7065657315615725,1.1780022183997931,-0.3051356792728965,0.21735380453175177,0.11808507635224762,-0.736066012014743,-0.6438266993037653,-0.24450295740869163,0.3027571415574937,0.27079586235666026,-0.054009870081960044,0.5761402669706849,0.41018096807997034,-0.5899752112447102,0.14263839175050494,-0.2917804585794194,0.37735758478447123,-1.410767679439572,0.3188928124799378,0.08222130069381961,-0.13498994346539966,-0.6198331578200553,-0.5113595388497459,0.46490411275725635,0.4123251249570935,0.38240339243238614,0.36956533481706966
2.9855913613641043,1.3228038069354353,0.10442736911886188,1.5695831394914133,-3.364591595088475,1.559422399030852,0.6847121584812544,-3.881656324364864,-1.9188994749787103,-0.39883188037373907,1.7515742012171807,-2.110911927080487,-2.13253748372709,-2.283038187251216,2.399366420710202,4.6809094590398095,-1.8263028744792325,-0.04332826397238617,3.779259213977528,1.3908688052264058,-3.077107289582282,-0.0448859879656854,-2.48397570331146,-2.8573127178532594,-0.6634562182091357,1.4953791579860607,1.7404337685188005,1.1311766316480707,0.2613892670449726,4.198757787654492,-4.522826086942868,-1.8111364455706171,-1.0047483915194875,-0.5564259449777016,-6.881363743050499,0.08222130069381961,1.9200599302627526,0.6585129271592864,0.357076450138342,0.8485052746496069,0.05551127257674556,-2.2058960627647264,2.56813764539655,1.0563623818454133
0.6962607965841439,0.615100420307733,-0.02492326245904983,0.47167325417247274,-0.734563495705025,0.2681861659446443,0.43293333436076736,-0.9673283980621955,-0.3365290568158331,0.3871909064859123,0.7799542231817334,-0.433024862231111,-0.35014923961292294,-0.2819051420871798,0.9359174511755929,1.6732141511801526,-0.7576683609850766,0.40290687938450037,0.7426998922704967,0.730475902944044,-1.2994022405192267,-0.08032923131128339,-0.5287015888319135,-0.7065971186531506,-0.11550972766671169,0.3868946816034437,0.49578133108183986,0.45370032162994334,-0.2376775696363047,1.3501712206984184,-1.3878170636512894,-0.7635770749438034,-0.2004251275080397,-0.44304721118063145,-1.7940919440004715,-0.13498994346539966,0.6585129271592864,0.33390231237453516,0.5130473594819592,0.629700612415859,-0.24758238626559567,-1.088967894024676,0.7500765285590427,0.19694640649593423
-0.7473079088475579,0.8097524333881543,-0.205705223042777,0.009577853790095143,1.0447682882810991,-0.7067334040913985,0.8784483913304537,0.7374385299374983,0.8938975568911511,1.9517219876206762,0.9786993599630345,0.7685545450297518,1.0969759892808981,1.5366820810753339,0.8578663396063121,1.033065143301443,-0.8417562568301302,1.6177409182438711,-1.4807791689600378,1.1593840645385147,-1.4083478425888227,-0.2512458107832764,0.8655215884979757,0.6017719808921953,0.3287595556971457,-0.23075525705196517,-0.1162761061679904,0.4547312266585332,-1.20196294557101,0.35698688797216493,-0.13294118280003095,-0.854912586776403,0.3619831775269809,-1.0385542275980002,1.0281187409757317,-0.6198331578200553,0.357076450138342,0.5130473594819592,1.5669586014911354,1.4438970582624697,-1.0095427793545453,-1.67636867150848,-0.08185190479384842,-0.4572535606039375
0.1998315891599401,1.0886561096242584,-0.1611209800540005,0.453876145222862,-0.03570754910645273,-0.19307624205455048,0.952341893791611,-0.45331688338963305,0.24440274237018567,1.6048272063797466,1.364821317887768,0.05659236889631809,0.36207366795334106,0.7009671694863363,1.4285341602829602,2.2549339565246966,-1.232472717966117,1.3935643808399143,-0.22878609366154026,1.437588399676148,-2.1237126552885552,-0.242780538329579,0.04342761185801038,-0.2900089550045148,0.0869709922173393,0.2396064947005054,0.38855480253036745,0.7187137466066711,-0.96094898448405,1.507014468943629,-1.4217910797155753,-1.2443554582801732,0.03173436409278507,-1.0885570018196042,-1.0930591960941252,-0.5113595388497459,0.8485052746496069,0.629700612415859,1.4438970582624697,1.5128212533614205,-0.8797491582460991,-2.0755127343858852,0.6646006207060893,-0.08864435990187497
1.0357559622399934,-0.36265945552767004,0.16734683843736417,0.26932176572322303,-1.289719911923137,0.7584056575205099,-0.491569364276839,-1.1648506674183006,-0.9554800219176738,-1.4468488425043327,-0.4114054155794443,-0.8786909996579982,-1.135116816045144,-1.4706467971880866,-0.1987744480929811,0.020555854615517705,0.2802302761066728,-1.1347418178002395,1.687062682268498,-0.5970604341967567,0.503111372135784,0.1882325077043721,-1.0340644597780355,-0.897683696488546,-0.34302475741662625,0.394042916630328,0.3661052159332767,-0.1368450773322801,0.883958375225619,0.4452677033365364,-0.665212645145437,0.2888018566115311,-0.41949439346479317,0.653547980357019,-1.86126513106834,0.46490411275725635,0.05551127257674556,-0.24758238626559567,-1.0095427793545453,-0.8797491582460991,0.7421880636447652,0.7928251558708921,0.47770757858372803,0.5029022914221275
-2.3594100400827274,-1.9795969167443275,0.07235842280182388,-1.5685813929766992,2.435085449681177,-0.9683323295178948,-1.4319534237435938,3.2178925061806076,1.1542954401232148,-1.2660128174562888,-2.5723800578748057,1.4557849649518075,1.2115178177528807,0.9656581537728889,-3.116074929257352,-5.519012678698575,2.5252739161968596,-1.3318379565721352,-2.518768394951833,-2.3828493711462464,4.242347909011893,0.24945799274769226,1.741783422886274,2.307913593708704,0.38610825093598483,-1.299165221410598,-1.6113720937950606,-1.5005015373845354,0.7339016095535245,-4.455785548055833,4.642769924103817,2.4907625467255397,0.6922940859547714,1.4413073123348805,5.989780323897161,0.4123251249570935,-2.2058960627647264,-1.088967894024676,-1.67636867150848,-2.0755127343858852,0.7928251558708921,3.65334530452687,-2.477376600075635,-0.6966615142132746
4.599375287875585,1.6104938879530948,0.21322764659124654,2.2836846777537643,-5.24489945690518,2.439648480991206,0.6394411600558706,-5.876084827910708,-3.0930785258255966,-1.3344982303402515,2.135879562021703,-3.343515272949676,-3.4700775540124034,-3.8920860145757166,3.1102788249979203,6.339096609909184,-2.257569515640802,-0.7033810225501779,6.015009851606179,1.5990474109321196,-3.909406308222217,0.03669018991559883,-3.9711581018062185,-4.39300347416639,-1.113613595112935,2.2355420387558804,2.559358817253325,1.4449810473491798,0.839480408638453,5.933377522549275,-6.48988902788949,-2.2880075884030058,-1.5675969373032927,-0.41927682298481667,-10.365973078751988,0.38240339243238614,2.56813764539655,0.7500765285590427,-0.08185190479384842,0.6646006207060893,0.47770757858372803,-2.477376600075635,3.7445754773791586,1.7039145459888791
2.30242065836541,0.4807523042823476,0.1520451101192934,1.032239872585708,-2.630089185537502,1.3105578760978025,0.057153642090752306,-2.8409948833952563,-1.6471708030614678,-1.1285344954534182,0.6919730809302836,-1.7200614080169099,-1.881273461177944,-2.178810233490866,1.1748683938619044,2.5570703903718446,-0.7920377768042391,-0.7501749133843508,3.137149198467292,0.41003945764855676,-1.3567203880219594,0.09639959814198697,-2.0311909909001584,-2.1254060896853697,-0.5959424021108103,1.072594034969327,1.1654395500612516,0.5197955943471749,0.7264575082957891,2.563785241006143,-2.921127286064938,-0.7757298201880886,-0.8082933405939229,0.09481616128991849,-4.970967449123562,0.36956533481706966,1.0563623818454133,0.19694640649593423,-0.4572535606039375,-0.08864435990187497,0.5029022914221275,-0.6966615142132746,1.7039145459888791,0.9215942147215358
