V1,V2,V3,V4,V5,V6,V7,V8,V9,V10,V11,V12,V13,V14,V15,V16,V17,V18,V19,V20,V21,V22,V23,V24,V25,V26,V27,V28,V29,V30,V31,V32,V33,V34,V35,V36,V37,V38,V39,V40,V41,V42,V43,V44
0.6994162976181233,-0.8447501448541119,-0.30847701028620395,-0.5147489432780433,0.3269084100798763,1.5613647199957672,-0.8166422463657752,0.07986244617177067,-0.3006006839605808,0.2863084225528781,0.5958707312786747,-0.8992544885437834,-0.09337103912270957,0.5580159046522528,-0.7603898654500565,1.3884848504186533,0.5088780605807017,-0.9513666395006501,-0.7336771063604927,0.10272783669383447,2.0564543622643714,-0.9501204453802865,1.954853688335599,0.5652224392220188,0.7730882794824588,2.047827395932084,-1.0127289679619729,-0.5509281903612776,1.7275356326300828,-1.0711508386372763,0.2365322752911824,1.3406024431097527,-0.7815209151059023,-0.006767057374150743,-1.02478685255914,-0.4795521746715849,0.8929091071118692,-1.020392598003754,-1.521033049968574,0.14007279436594913,-0.3912924185788199,0.834781695845249,-0.40255715307468043,0.6647535847482786
-0.8447501448541119,5.793595193534356,1.7003579385330325,4.671523894546332,-2.4195294203769104,-9.724205410803302,6.393553930835129,-0.950994741198992,0.8771973391148086,-3.1256185821412035,-3.6747612136703416,7.031745794903346,-0.3481998151439962,-2.280061287352834,0.13556786190874465,-7.2375662070552975,-3.1196344611894524,3.3618426461802406,2.981502417273654,1.2599023287552256,-3.290730127701876,5.9962538844766105,-10.123671834725966,-7.8326712276405726,-0.3514084691782988,-10.994432002319371,5.236585073732065,-1.9605718503635323,-11.333259138537416,3.8747624129830487,2.66051849583675,-12.104814119155307,6.0852408445240656,3.5184755323814674,7.137187049604889,0.2703772497425493,-7.20624777178702,5.679866629288261,18.536279324811773,-1.2345098450721212,6.307246730912419,-4.536678097003877,-0.04030584139380826,-3.602625693131816
-0.30847701028620395,1.7003579385330325,0.5801784330117993,1.3632237183393996,-0.7088069665784665,-2.874490290468324,1.8444136471100394,-0.269755441133763,0.2735919991611932,-0.933990981612745,-1.0688077984137687,2.0906486255487353,-0.05608556810882373,-0.6672844094800353,0.1648981893951542,-2.1923326833148447,-0.9343633164751347,1.10725859131292,0.903239751469242,0.30553936030616125,-1.1885904038296518,1.779175567758067,-3.028332295435792,-2.2010269126472495,-0.25329731137125205,-3.292377085759612,1.5936708480037876,-0.3961272991204579,-3.31065475678618,1.223055008731314,0.6931442426172592,-3.476014517270985,1.7774883961592016,0.9521972204180581,2.1167026623180045,0.15823604075737707,-2.11852989389587,1.6905575847758256,5.292473433318836,-0.356035119358456,1.7440611548220224,-1.4194569971058568,0.07505172771231691,-1.130322715368779
-0.5147489432780433,4.671523894546332,1.3632237183393996,4.249362017179787,-1.9460434310995338,-8.112851661058157,5.390845068307625,-0.9081431712474259,0.6374356462151262,-2.6496444428891546,-3.3204567287554467,5.725289552987788,-0.26472328279440493,-2.0031233726422464,-0.06749724547983363,-5.999501330579431,-2.647172823608505,2.5714448087628314,2.4047236081890193,1.0736760070778186,-2.495500633615247,5.161528205601146,-8.327496300083617,-6.757932947826435,-0.03667793561862285,-8.798761176712812,4.3370660022331124,-1.8013530737387535,-9.338759064326934,3.092976551455608,2.2791505254281303,-10.434453506358865,5.065711285886829,3.015346999671232,5.845277610541415,0.3426302043481553,-6.1181280470886525,4.895663273478402,15.661174500347084,-0.9857560544113639,5.4513472549812185,-3.484147055590838,0.04546446582734564,-2.9802436650729858
0.3269084100798763,-2.4195294203769104,-0.7088069665784665,-1.9460434310995338,1.1164504344925485,4.093723301904456,-2.6705148298448034,0.35942993480531027,-0.3160856009902503,1.1569329076590111,1.4845525347003234,-2.922190362420819,0.21097859710641154,0.9347911496964337,-0.10926723140548104,3.027229017964317,1.3186439318871792,-1.4382286256156038,-1.2742487371773554,-0.5594145834842428,1.435035919188402,-2.588721702862347,4.201717615886673,3.2633173838304876,0.21882086505267415,4.6889146198666065,-2.1221181804961264,0.8410651159511017,4.724333175710537,-1.4780468594295924,-1.0443516179205723,5.1359928094527705,-2.549017431356751,-1.428490405461289,-2.9490348418708727,-0.027162660758574635,3.0062500650510207,-2.3642134874315937,-7.724209371422931,0.46524639376988297,-2.671333427894271,1.9870366721578838,0.1227562442239864,1.4705733447291178
1.5613647199957672,-9.724205410803302,-2.874490290468324,-8.112851661058157,4.093723301904456,16.647082064250796,-10.86219737822512,1.6548523215632431,-1.472555864277058,5.187148083410065,6.44384279795977,-11.816958498796023,0.5374589773848518,4.048022662951193,-0.4750132412362182,12.452264702315768,5.360777036559453,-5.80861672341225,-5.167296374966858,-2.0226743641191858,6.153407889065474,-10.39328367532603,17.352025198065828,13.207537091008902,0.7954288214988217,18.705025108295327,-8.966237243081192,3.068362961875156,19.242798966973684,-6.674032451048517,-4.239670001257723,20.684251104767682,-10.286985280118312,-5.7892944477821215,-12.041486725469438,-0.7060705289870162,12.25710825741915,-9.836664603636974,-31.132238383773437,2.0358606354998434,-10.65332816265476,7.600032470223901,-0.11480182260583742,6.154694251894297
-0.8166422463657752,6.393553930835129,1.8444136471100394,5.390845068307625,-2.6705148298448034,-10.86219737822512,7.191231288263289,-1.1244696589468768,0.9151193753404216,-3.5164586281526056,-4.242299941157683,7.7906463259092416,-0.4059699874042722,-2.5897419448376886,-0.005080028472671052,-8.038229476331209,-3.501929638350905,3.5919063983077177,3.276904961853863,1.4457952680090416,-3.4316113111877353,6.775946252097716,-11.224176260520254,-8.91606790814308,-0.1936937961926265,-12.074220863483152,5.8134673989923416,-2.3639329112146488,-12.619459813981369,4.214598677532249,3.0529928583492287,-13.73386050691681,6.800060695912448,4.016483779105324,7.926341452131046,0.31906944117370334,-8.10572836140485,6.408069194369827,20.907787353013617,-1.3622645042727901,7.1993405466677505,-4.879276032354178,-0.05281594969613498,-3.982041207964365
0.07986244617177067,-0.950994741198992,-0.269755441133763,-0.9081431712474259,0.35942993480531027,1.6548523215632431,-1.1244696589468768,0.2313610277144127,-0.13383302890441215,0.6382140293408017,0.7332541695004687,-1.1889411629185829,0.03121694887876329,0.42029542950675963,0.08321616186599858,1.2274079980590529,0.5421878504434336,-0.4685878956422402,-0.4694900865258768,-0.21441618451954797,0.39156693241821117,-1.0394337308766661,1.7086837406893522,1.4474317798773582,-0.07760032700643801,1.7276165412808944,-0.9154175157567781,0.42004179999476376,1.9216010192133992,-0.673941699322645,-0.5304884133314065,2.14205972066522,-1.0386106117504827,-0.6765675558524262,-1.2156621944458974,-0.09610111949047538,1.2854084471582612,-1.0089076528353107,-3.304431073617836,0.22609158317937034,-1.1450225898068478,0.6275870493158411,-0.043207074000666826,0.621401970551344
-0.3006006839605808,0.8771973391148086,0.2735919991611932,0.6374356462151262,-0.3160856009902503,-1.472555864277058,0.9151193753404216,-0.13383302890441215,0.21875567528936343,-0.47545183519480044,-0.5479772215013546,1.0313888026116602,0.026202455841848243,-0.39732709312353076,0.21647401109870787,-1.1688114779448988,-0.4657361003540292,0.628746826455594,0.509528935296681,0.09748301782157967,-0.8947555738863903,0.856586978102588,-1.6550184475793215,-0.9964459796767453,-0.23832366632457996,-1.7462723895327228,0.873870140916967,-0.03685898919577295,-1.718498612877996,0.7924579200047902,0.2505718437166412,-1.626530813098284,0.87642319724703,0.39784522208390793,1.0710592478781467,0.17894129313560908,-1.0328448906152863,0.8828932126355971,2.4347997446684437,-0.20082388784318858,0.7630548122557776,-0.7191444165719526,0.14335801558809888,-0.5957646548308346
0.2863084225528781,-3.1256185821412035,-0.933990981612745,-2.6496444428891546,1.1569329076590111,5.187148083410065,-3.5164586281526056,0.6382140293408017,-0.47545183519480044,2.0853357609229786,2.135012533720018,-3.8815839856865813,0.13601318659374037,1.21866128652365,0.2903409278078694,3.8512067033065502,1.661920759338102,-1.5710000955084042,-1.4852547036138042,-0.7013471553199561,1.1562486848156974,-3.13498018952707,5.40713031776113,4.50376112024706,-0.18312942126085338,5.622132758370997,-2.9072752792718437,1.3123557597374653,6.124587937724963,-2.1682565070574498,-1.778809761177796,6.595656777576672,-3.3324853806879844,-2.171814248569319,-3.9524755735314243,-0.19042041840751003,4.015909695853148,-3.0681428090162997,-10.51109150634889,0.7818456870622637,-3.557700740437271,2.2008027454560573,-0.06292073770650194,1.9881961428035775
0.5958707312786747,-3.6747612136703416,-1.0688077984137687,-3.3204567287554467,1.4845525347003234,6.44384279795977,-4.242299941157683,0.7332541695004687,-0.5479772215013546,2.135012533720018,2.7555471103072753,-4.447781538517252,0.18220555775959296,1.702147969202111,-0.10276927178361066,4.844920290453885,2.10550301780595,-2.083122167322852,-2.00770193522052,-0.7522673643947139,2.44756454398482,-4.102051718127639,6.753616990750739,5.207719379045415,0.16865377753465677,7.007154017632242,-3.543478792689034,1.2197722395217838,7.405824621283089,-2.62408019890568,-1.6538199221626366,8.12072231352747,-3.969486550427369,-2.2656143237962447,-4.636378193385282,-0.47746287236842916,4.781656319390019,-3.974374979057153,-12.025770450949995,0.7913118857442244,-4.170354540181552,2.6744623688972857,-0.2163442999587521,2.3790931093739895
-0.8992544885437834,7.031745794903346,2.0906486255487353,5.725289552987788,-2.922190362420819,-11.816958498796023,7.7906463259092416,-1.1889411629185829,1.0313888026116602,-3.8815839856865813,-4.447781538517252,8.65997050121879,-0.4038260642242232,-2.6973378714869147,0.030558657652441014,-8.764946235046226,-3.7732513445002245,4.063476805298266,3.546220438820511,1.5375425306607378,-3.5829208358375184,7.257458481808055,-12.21144254884247,-9.629555923114715,-0.3091182888831888,-13.288446011433756,6.3329130584440065,-2.5065474921230746,-13.776232915051768,4.681632766459456,3.374114370268774,-14.785196312928864,7.401141671188914,4.400014809575572,8.703169215534098,0.248935569020604,-8.816646278550659,6.8173546302423595,22.84408237644192,-1.5336784417450489,7.7680461213566465,-5.467752351554463,-0.11895883580706922,-4.395478371776765
-0.09337103912270957,-0.3481998151439962,-0.05608556810882373,-0.26472328279440493,0.21097859710641154,0.5374589773848518,-0.4059699874042722,0.03121694887876329,0.026202455841848243,0.13601318659374037,0.18220555775959296,-0.4038260642242232,0.15079997118175378,0.08155379331546712,0.19413175067688193,0.3139102573340858,0.16472522229679065,-0.05040630053129832,-0.1331653298107119,-0.18982791721335995,-0.1650849568356504,-0.36898056283860103,0.4621183520816361,0.609685552518877,-0.1571509679013635,0.5859563372327626,-0.20108630024794025,0.38668845188044243,0.6545281763984745,0.015373212410059784,-0.3029701722917558,0.8579497681627559,-0.39849159398006545,-0.32574786383173393,-0.4175386759194184,0.1665426058991689,0.42714204723614513,-0.28227938865637214,-1.3637752258700584,0.06499279869923322,-0.5479634884193824,0.2550172075297671,0.18928309098569068,0.11567547117863873
0.5580159046522528,-2.280061287352834,-0.6672844094800353,-2.0031233726422464,0.9347911496964337,4.048022662951193,-2.5897419448376886,0.42029542950675963,-0.39732709312353076,1.21866128652365,1.702147969202111,-2.6973378714869147,0.08155379331546712,1.142594099524223,-0.3176601215241553,3.111768338986429,1.3211076373664554,-1.444483846116146,-1.3513289064838045,-0.38497182114987905,2.0559519169662637,-2.5808187678516967,4.3506603919845315,3.0405048501938157,0.35307563794513736,4.522140194936094,-2.257582227813346,0.4869296735241914,4.623920340218237,-1.7634887781686672,-0.8025974771573982,4.918669344232841,-2.4337311015916505,-1.2291002497647756,-2.8461180908476043,-0.4139067761508643,2.911819160245652,-2.5261966857579337,-7.049544344271576,0.4731316145164184,-2.431698849676851,1.7434903925724616,-0.23972900352931953,1.5049819869630503
-0.7603898654500565,0.13556786190874465,0.1648981893951542,-0.06749724547983363,-0.10926723140548104,-0.4750132412362182,-0.005080028472671052,0.08321616186599858,0.21647401109870787,0.2903409278078694,-0.10276927178361066,0.030558657652441014,0.19413175067688193,-0.3176601215241553,1.1167192571205713,-0.657880414660618,-0.18109277500143586,0.8167242362663174,0.48341219048241757,-0.35501537938265687,-2.2740583895013464,0.33278607919222536,-0.8550977140020704,0.6229099308579427,-1.1058485132966391,-0.961145746113721,0.4113788556386562,1.1346301344774474,-0.3498864330485224,0.6913340394346092,-0.8742741214816813,0.1985000255256705,-1.8021527975962628e-4,-0.6616494517962772,0.11259620420013124,0.5538506921318962,0.01419874160039363,0.3909129414712529,-1.1535376106407802,0.08808903906378804,-0.5652623887804623,-0.4730515133065089,0.4833000875987504,-0.2973375700069271
1.3884848504186533,-7.2375662070552975,-2.1923326833148447,-5.999501330579431,3.027229017964317,12.452264702315768,-8.038229476331209,1.2274079980590529,-1.1688114779448988,3.8512067033065502,4.844920290453885,-8.764946235046226,0.3139102573340858,3.111768338986429,-0.657880414660618,9.436450242972283,4.018037396391468,-4.518807099004406,-3.9702078134337713,-1.3638606969906357,5.213993770631103,-7.770410069822012,13.128718301443712,9.605356767861915,0.8937321917369137,14.094443850036514,-6.8027320584378765,1.9216518523946033,14.347196982619803,-5.210682708797731,-2.910319307898057,15.218200734904112,-7.615942823894695,-4.114668182266401,-8.968823639589171,-0.7438326875438197,9.08691499283353,-7.41361073517758,-22.71172378709609,1.5126284086967159,-7.705973830936118,5.71988440205561,-0.2889794916910112,4.670002866590646
0.5088780605807017,-3.1196344611894524,-0.9343633164751347,-2.647172823608505,1.3186439318871792,5.360777036559453,-3.501929638350905,0.5421878504434336,-0.4657361003540292,1.661920759338102,2.10550301780595,-3.7732513445002245,0.16472522229679065,1.3211076373664554,-0.18109277500143586,4.018037396391468,1.7545378763798682,-1.8710897687154922,-1.668774506601732,-0.6491559402106942,2.080017727855315,-3.3851034656162535,5.594096439001231,4.25114608224012,0.2679079325269606,6.000487248649536,-2.9008343276640787,0.960823780888641,6.179539131357144,-2.1397739171669836,-1.3296991165251062,6.677688615866675,-3.3121484970592423,-1.8345900828842856,-3.8675722202435954,-0.2670720363402049,3.9542476246464378,-3.2166371527963724,-9.97686587250155,0.6279255861995444,-3.412438968450607,2.450614737827302,-0.07429424050607278,1.9942428671612284
-0.9513666395006501,3.3618426461802406,1.10725859131292,2.5714448087628314,-1.4382286256156038,-5.80861672341225,3.5919063983077177,-0.4685878956422402,0.628746826455594,-1.5710000955084042,-2.083122167322852,4.063476805298266,-0.05040630053129832,-1.444483846116146,0.8167242362663174,-4.518807099004406,-1.8710897687154922,2.5095781543228375,1.9760211820141986,0.4586232053344568,-3.251186847347422,3.5843706788915655,-6.246377658549188,-3.996973727181137,-0.9557228560372801,-6.872067965820517,3.211337120362091,-0.34010157888138876,-6.632361772064647,2.6499208251593975,0.9440913393584704,-6.693359495019291,3.4311992473291744,1.562787205183874,4.117978348593217,0.4770769558661882,-4.064336915414943,3.4015350091066363,9.777898584525856,-0.6478537892462383,3.190451929189397,-2.9240461976738508,0.2603067757879824,-2.2546353410177766
-0.7336771063604927,2.981502417273654,0.903239751469242,2.4047236081890193,-1.2742487371773554,-5.167296374966858,3.276904961853863,-0.4694900865258768,0.509528935296681,-1.4852547036138042,-2.00770193522052,3.546220438820511,-0.1331653298107119,-1.3513289064838045,0.48341219048241757,-3.9702078134337713,-1.668774506601732,1.9760211820141986,1.7430647775039587,0.5001780085169739,-2.6204495445063767,3.24400933043582,-5.531111552525248,-3.789430349642721,-0.5818136406463047,-5.9530607742167705,2.8442473815969698,-0.5847008959119228,-5.922525417472917,2.2244659167852987,1.0064591038233297,-6.1716757310319,3.108134205121823,1.5426601025979012,3.675143132976651,0.4028560516596196,-3.6765910206288708,3.1110896919765896,8.991638566454014,-0.5974774612264023,3.0434281662911817,-2.4154444072828554,0.19154908207686536,-1.9293985932034103
0.10272783669383447,1.2599023287552256,0.30553936030616125,1.0736760070778186,-0.5594145834842428,-2.0226743641191858,1.4457952680090416,-0.21441618451954797,0.09748301782157967,-0.7013471553199561,-0.7522673643947139,1.5375425306607378,-0.18982791721335995,-0.38497182114987905,-0.35501537938265687,-1.3638606969906357,-0.6491559402106942,0.4586232053344568,0.5001780085169739,0.45880704391846705,0.04023434058037242,1.2701663205619051,-1.9360472198859977,-1.989211428102282,0.3054774074133184,-2.1586471312604107,0.9808355825542908,-0.8855176074096385,-2.4134239049683712,0.5201030466484502,0.8801893955629854,-2.849760687375502,1.3788075345528719,1.001905561574265,1.5358188143871263,-0.19818942619326152,-1.6152647202174137,1.1442211865750243,4.574067674295048,-0.26573618622100426,1.644281410709608,-0.9079878316251054,-0.24940649907487328,-0.6696351668544211
2.0564543622643714,-3.290730127701876,-1.1885904038296518,-2.495500633615247,1.435035919188402,6.153407889065474,-3.4316113111877353,0.39156693241821117,-0.8947555738863903,1.1562486848156974,2.44756454398482,-3.5829208358375184,-0.1650849568356504,2.0559519169662637,-2.2740583895013464,5.213993770631103,2.080017727855315,-3.251186847347422,-2.6204495445063767,0.04023434058037242,6.727156079571676,-4.000584375252515,7.247422133259821,2.989072231469543,2.3206763185946415,7.624169804459638,-3.730211411446518,-1.2638594377662278,6.732521627737387,-3.4694120753889015,0.39616910507414105,6.15884434255658,-3.275480116886782,-0.49038315784448483,-4.017397184035742,-1.4953044608009893,3.827973165684673,-4.075582603396141,-7.364544098187607,0.46323937854421315,-2.2429832365389077,3.1745397913712545,-1.1696562670518893,2.497381617710977
-0.9501204453802865,5.9962538844766105,1.779175567758067,5.161528205601146,-2.588721702862347,-10.39328367532603,6.775946252097716,-1.0394337308766661,0.856586978102588,-3.13498018952707,-4.102051718127639,7.257458481808055,-0.36898056283860103,-2.5808187678516967,0.33278607919222536,-7.770410069822012,-3.3851034656162535,3.5843706788915655,3.24400933043582,1.2701663205619051,-4.000584375252515,6.6136475524689855,-10.798260306350283,-8.24933859881323,-0.5121239024954923,-11.60361251727124,5.563768891384975,-1.9056057072671397,-11.93533876433785,4.042473057738695,2.550241065006262,-13.019821208290123,6.405547707026273,3.5459471777170575,7.4408316655911415,0.4900246977573607,-7.64948344850493,6.231743903805056,19.30560893392,-1.2004996190583286,6.670961560121657,-4.702890985721405,0.08964071171348491,-3.8129319987701282
1.954853688335599,-10.123671834725966,-3.028332295435792,-8.327496300083617,4.201717615886673,17.352025198065828,-11.224176260520254,1.7086837406893522,-1.6550184475793215,5.40713031776113,6.753616990750739,-12.21144254884247,0.4621183520816361,4.3506603919845315,-0.8550977140020704,13.128718301443712,5.594096439001231,-6.246377658549188,-5.531111552525248,-1.9360472198859977,7.247422133259821,-10.798260306350283,18.33526845968818,13.430251492037529,1.1780731051870788,19.64768311363822,-9.503304325231166,2.7304895175384334,20.05006222586323,-7.281915293382078,-4.113728772447069,21.198318369912627,-10.646704449135223,-5.771980113513324,-12.533816371683757,-1.0154577177004107,12.666081700038,-10.342146782040913,-31.71133194548384,2.1312197263603494,-10.764934625389719,7.964734910191069,-0.4036817176353646,6.493061229123023
0.5652224392220188,-7.8326712276405726,-2.2010269126472495,-6.757932947826435,3.2633173838304876,13.207537091008902,-8.91606790814308,1.4474317798773582,-0.9964459796767453,4.50376112024706,5.207719379045415,-9.629555923114715,0.609685552518877,3.0405048501938157,0.6229099308579427,9.605356767861915,4.25114608224012,-3.996973727181137,-3.789430349642721,-1.989211428102282,2.989072231469543,-8.24933859881323,13.430251492037529,11.41735181922703,-0.3712738162085554,14.420787507478781,-6.967790386120926,3.560786676468051,15.432691908446609,-4.8093416893602265,-4.254056927934747,17.169750785519145,-8.429762718540026,-5.340203007364723,-9.742239912712412,-0.0882854893216803,10.078800693110113,-7.739052162749272,-26.563746051875263,1.7237243512312572,-9.256660702621167,5.788775383888152,0.33680149239679663,4.775614082063862
0.7730882794824588,-0.3514084691782988,-0.25329731137125205,-0.03667793561862285,0.21882086505267415,0.7954288214988217,-0.1936937961926265,-0.07760032700643801,-0.23832366632457996,-0.18312942126085338,0.16865377753465677,-0.3091182888831888,-0.1571509679013635,0.35307563794513736,-1.1058485132966391,0.8937321917369137,0.2679079325269606,-0.9557228560372801,-0.5818136406463047,0.3054774074133184,2.3206763185946415,-0.5121239024954923,1.1780731051870788,-0.3712738162085554,1.1429704890139405,1.3778952290376099,-0.573126109341632,-1.0607354936850555,0.7301629622275585,-0.7949421995003868,0.75701078414506,0.17908417741359237,-0.21609038781698015,0.5282202095899302,-0.37582625064666625,-0.50735539683175,0.22226338108823976,-0.5313639162632117,0.49222875057923665,-0.03146622545858756,0.3513022781147776,0.6901327287692842,-0.4348187455714219,0.42039599539551553
2.047827395932084,-10.994432002319371,-3.292377085759612,-8.798761176712812,4.6889146198666065,18.705025108295327,-12.074220863483152,1.7276165412808944,-1.7462723895327228,5.622132758370997,7.007154017632242,-13.288446011433756,0.5859563372327626,4.522140194936094,-0.961145746113721,14.094443850036514,6.000487248649536,-6.872067965820517,-5.9530607742167705,-2.1586471312604107,7.624169804459638,-11.60361251727124,19.64768311363822,14.420787507478781,1.3778952290376099,21.41892562410736,-10.099254288749579,3.0232730412222075,21.63527179580656,-7.664502797990324,-4.442140887688851,22.838100118688878,-11.491522982566002,-6.221136083072924,-13.51973928176207,-0.8095378818716876,13.60459874162852,-10.958933900678977,-34.30877833739418,2.2648723075305206,-11.633596910219476,8.859242581013262,-0.15069504238819037,6.953092626210533
-1.0127289679619729,5.236585073732065,1.5936708480037876,4.3370660022331124,-2.1221181804961264,-8.966237243081192,5.8134673989923416,-0.9154175157567781,0.873870140916967,-2.9072752792718437,-3.543478792689034,6.3329130584440065,-0.20108630024794025,-2.257582227813346,0.4113788556386562,-6.8027320584378765,-2.9008343276640787,3.211337120362091,2.8442473815969698,0.9808355825542908,-3.730211411446518,5.563768891384975,-9.503304325231166,-6.967790386120926,-0.573126109341632,-10.099254288749579,4.971483693486603,-1.3913691416818557,-10.369846105858787,3.8404227758933276,2.1687627535442813,-10.93845038515322,5.512413624576748,3.01032728196082,6.51830757576101,0.5899091655698548,-6.5759842127794395,5.377372480453498,16.438013411643958,-1.124950674888195,5.546677262442835,-4.078657364705926,0.28867624390552327,-3.3982544973310476
-0.5509281903612776,-1.9605718503635323,-0.3961272991204579,-1.8013530737387535,0.8410651159511017,3.068362961875156,-2.3639329112146488,0.42004179999476376,-0.03685898919577295,1.3123557597374653,1.2197722395217838,-2.5065474921230746,0.38668845188044243,0.4869296735241914,1.1346301344774474,1.9216518523946033,0.960823780888641,-0.34010157888138876,-0.5847008959119228,-0.8855176074096385,-1.2638594377662278,-1.9056057072671397,2.7304895175384334,3.560786676468051,-1.0607354936850555,3.0232730412222075,-1.3913691416818557,2.027331211094668,3.7596777188834514,-0.5316161764696019,-1.8693124030504045,4.7543570576396,-2.2177710476402326,-1.9848814779619859,-2.4358348877575717,0.5687720786956117,2.6413192009975637,-1.654762334216186,-8.04906465985334,0.4914873737118644,-2.9815524447062502,1.1569255007039176,0.6472530142448983,0.93802178388972135
1.7275356326300828,-11.333259138537416,-3.31065475678618,-9.338759064326934,4.724333175710537,19.242798966973684,-12.619459813981369,1.9216010192133992,-1.718498612877996,6.124587937724963,7.405824621283089,-13.776232915051768,0.6545281763984745,4.623920340218237,-0.3498864330485224,14.347196982619803,6.179539131357144,-6.632361772064647,-5.922525417472917,-2.4134239049683712,6.732521627737387,-11.93533876433785,20.05006222586323,15.432691908446609,0.7301629622275585,21.63527179580656,-10.369846105858787,3.7596777188834514,22.355930067096565,-7.707737939732646,-5.122707320536358,23.966000151180136,-11.965937800369371,-6.865487716277758,-14.020504504564116,-0.6874083588822728,14.224186306603364,-11.312630833983942,-36.39382559801779,2.4178867396293495,-12.446051092122758,8.797911195186233,-0.03829462722884884,7.107643585179746
-1.0711508386372763,3.8747624129830487,1.223055008731314,3.092976551455608,-1.4780468594295924,-6.674032451048517,4.214598677532249,-0.673941699322645,0.7924579200047902,-2.1682565070574498,-2.62408019890568,4.681632766459456,0.015373212410059784,-1.7634887781686672,0.6913340394346092,-5.210682708797731,-2.1397739171669836,2.6499208251593975,2.2244659167852987,0.5201030466484502,-3.4694120753889015,4.042473057738695,-7.281915293382078,-4.8093416893602265,-0.7949421995003868,-7.664502797990324,3.8404227758933276,-0.5316161764696019,-7.707737939732646,3.2589897049349044,1.3170708346340245,-7.735834338534885,3.989358241158317,1.9896303391304757,4.825333185240492,0.7023951862590004,-4.776573311439165,4.009189369653666,11.533585386619887,-0.8646786221124342,3.761800564841857,-3.063089166271235,0.4870767472840559,-2.6293557720649923
0.2365322752911824,2.66051849583675,0.6931442426172592,2.2791505254281303,-1.0443516179205723,-4.239670001257723,3.0529928583492287,-0.5304884133314065,0.2505718437166412,-1.778809761177796,-1.6538199221626366,3.374114370268774,-0.3029701722917558,-0.8025974771573982,-0.8742741214816813,-2.910319307898057,-1.3296991165251062,0.9440913393584704,1.0064591038233297,0.8801893955629854,0.39616910507414105,2.550241065006262,-4.113728772447069,-4.254056927934747,0.75701078414506,-4.442140887688851,2.1687627535442813,-1.8693124030504045,-5.122707320536358,1.3170708346340245,2.0287880537472964,-5.915609022359962,2.900956918385296,2.2536661651287204,3.3326304654743533,-0.33252406637272464,-3.4571474724418647,2.358170498046166,9.852391301689265,-0.6831199390593646,3.470594800574713,-1.7733548262699252,-0.4127295862985844,-1.4939439500585865
1.3406024431097527,-12.104814119155307,-3.476014517270985,-10.434453506358865,5.1359928094527705,20.684251104767682,-13.73386050691681,2.14205972066522,-1.626530813098284,6.595656777576672,8.12072231352747,-14.785196312928864,0.8579497681627559,4.918669344232841,0.1985000255256705,15.218200734904112,6.677688615866675,-6.693359495019291,-6.1716757310319,-2.849760687375502,6.15884434255658,-13.019821208290123,21.198318369912627,17.169750785519145,0.17908417741359237,22.838100118688878,-10.93845038515322,4.7543570576396,23.966000151180136,-7.735834338534885,-5.915609022359962,26.480606969010047,-12.980057954868812,-7.746358053477623,-15.023395461673967,-0.4911741163256681,15.489264405788518,-12.223293743925899,-40.12846766364355,2.5489818889410367,-13.94373234790216,9.223864700918947,0.2523648062767533,7.505694715361314
-0.7815209151059023,6.0852408445240656,1.7774883961592016,5.065711285886829,-2.549017431356751,-10.286985280118312,6.800060695912448,-1.0386106117504827,0.87642319724703,-3.3324853806879844,-3.969486550427369,7.401141671188914,-0.39849159398006545,-2.4337311015916505,-1.8021527975962628e-4,-7.615942823894695,-3.3121484970592423,3.4311992473291744,3.108134205121823,1.3788075345528719,-3.275480116886782,6.405547707026273,-10.646704449135223,-8.429762718540026,-0.21609038781698015,-11.491522982566002,5.512413624576748,-2.2177710476402326,-11.965937800369371,3.989358241158317,2.900956918385296,-12.980057954868812,6.4645984071906595,3.799415334730487,7.5311710034574695,0.27344743022634155,-7.678606063478017,6.055644578290248,19.806656217562338,-1.2993160579603034,6.805322868005466,-4.702842427024448,-0.06269430420239382,-3.7852432225134236
-0.006767057374150743,3.5184755323814674,0.9521972204180581,3.015346999671232,-1.428490405461289,-5.7892944477821215,4.016483779105324,-0.6765675558524262,0.39784522208390793,-2.171814248569319,-2.2656143237962447,4.400014809575572,-0.32574786383173393,-1.2291002497647756,-0.6616494517962772,-4.114668182266401,-1.8345900828842856,1.562787205183874,1.5426601025979012,1.001905561574265,-0.49038315784448483,3.5459471777170575,-5.771980113513324,-5.340203007364723,0.5282202095899302,-6.221136083072924,3.01032728196082,-1.9848814779619859,-6.865487716277758,1.9896303391304757,2.2536661651287204,-7.746358053477623,3.799415334730487,2.6648740769748542,4.388081958963693,-0.17737505112951993,-4.541238164469523,3.29775638294257,12.416484279973934,-0.8404705443773695,4.347423704660181,-2.4759742673977057,-0.3344148006624331,-2.0681605933646567
-1.02478685255914,7.137187049604889,2.1167026623180045,5.845277610541415,-2.9490348418708727,-12.041486725469438,7.926341452131046,-1.2156621944458974,1.0710592478781467,-3.9524755735314243,-4.636378193385282,8.703169215534098,-0.4175386759194184,-2.8461180908476043,0.11259620420013124,-8.968823639589171,-3.8675722202435954,4.117978348593217,3.675143132976651,1.5358188143871263,-4.017397184035742,7.4408316655911415,-12.533816371683757,-9.742239912712412,-0.37582625064666625,-13.51973928176207,6.51830757576101,-2.4358348877575717,-14.020504504564116,4.825333185240492,3.3326304654743533,-15.023395461673967,7.5311710034574695,4.388081958963693,8.855812846952404,0.39438017841464146,-8.947068823745168,7.065169988934211,23.006017670840368,-1.5462051937437353,7.834096570785885,-5.524695474298357,0.01033727794772373,-4.478060432857091
-0.4795521746715849,0.2703772497425493,0.15823604075737707,0.3426302043481553,-0.027162660758574635,-0.7060705289870162,0.31906944117370334,-0.09610111949047538,0.17894129313560908,-0.19042041840751003,-0.47746287236842916,0.248935569020604,0.1665426058991689,-0.4139067761508643,0.5538506921318962,-0.7438326875438197,-0.2670720363402049,0.4770769558661882,0.4028560516596196,-0.19818942619326152,-1.4953044608009893,0.4900246977573607,-1.0154577177004107,-0.0882854893216803,-0.50735539683175,-0.8095378818716876,0.5899091655698548,0.5687720786956117,-0.6874083588822728,0.7023951862590004,-0.33252406637272464,-0.4911741163256681,0.27344743022634155,-0.17737505112951993,0.39438017841464146,0.5697787382079357,-0.3728235479679544,0.6399417894591778,0.180030709284661,-0.042992302614199056,-0.023576963230383583,-0.22091858347934112,0.5011964437024884,-0.37199430388585636
0.8929091071118692,-7.20624777178702,-2.11852989389587,-6.1181280470886525,3.0062500650510207,12.25710825741915,-8.10572836140485,1.2854084471582612,-1.0328448906152863,4.015909695853148,4.781656319390019,-8.816646278550659,0.42714204723614513,2.911819160245652,0.01419874160039363,9.08691499283353,3.9542476246464378,-4.064336915414943,-3.6765910206288708,-1.6152647202174137,3.827973165684673,-7.64948344850493,12.666081700038,10.078800693110113,0.22226338108823976,13.60459874162852,-6.5759842127794395,2.6413192009975637,14.224186306603364,-4.776573311439165,-3.4571474724418647,15.489264405788518,-7.678606063478017,-4.541238164469523,-8.947068823745168,-0.3728235479679544,9.189568501343503,-7.227046670855956,-23.62735639667366,1.5465867136214686,-8.120585891278536,5.5210641188802505,0.03213683454179125,4.531178414688367
-1.020392598003754,5.679866629288261,1.6905575847758256,4.895663273478402,-2.3642134874315937,-9.836664603636974,6.408069194369827,-1.0089076528353107,0.8828932126355971,-3.0681428090162997,-3.974374979057153,6.8173546302423595,-0.28227938865637214,-2.5261966857579337,0.3909129414712529,-7.41361073517758,-3.2166371527963724,3.4015350091066363,3.1110896919765896,1.1442211865750243,-4.075582603396141,6.231743903805056,-10.342146782040913,-7.739052162749272,-0.5313639162632117,-10.958933900678977,5.377372480453498,-1.654762334216186,-11.312630833983942,4.009189369653666,2.358170498046166,-12.223293743925899,6.055644578290248,3.29775638294257,7.065169988934211,0.6399417894591778,-7.227046670855956,5.996606845079914,18.071943031885652,-1.1608150029655737,6.200715282179069,-4.399596737690097,0.2684571605822114,-3.6576335201646133
-1.521033049968574,18.536279324811773,5.292473433318836,15.661174500347084,-7.724209371422931,-31.132238383773437,20.907787353013617,-3.304431073617836,2.4347997446684437,-10.51109150634889,-12.025770450949995,22.84408237644192,-1.3637752258700584,-7.049544344271576,-1.1535376106407802,-22.71172378709609,-9.97686587250155,9.777898584525856,8.991638566454014,4.574067674295048,-7.364544098187607,19.30560893392,-31.71133194548384,-26.563746051875263,0.49222875057923665,-34.30877833739418,16.438013411643958,-8.04906465985334,-36.39382559801779,11.533585386619887,9.852391301689265,-40.12846766364355,19.806656217562338,12.416484279973934,23.006017670840368,0.180030709284661,-23.62735639667366,18.071943031885652,62.256727791002746,-4.0763350883047735,21.538341065996708,-13.929662201345582,-0.803189392495129,-11.333935226346313
0.14007279436594913,-1.2345098450721212,-0.356035119358456,-0.9857560544113639,0.46524639376988297,2.0358606354998434,-1.3622645042727901,0.22609158317937034,-0.20082388784318858,0.7818456870622637,0.7913118857442244,-1.5336784417450489,0.06499279869923322,0.4731316145164184,0.08808903906378804,1.5126284086967159,0.6279255861995444,-0.6478537892462383,-0.5974774612264023,-0.26573618622100426,0.46323937854421315,-1.2004996190583286,2.1312197263603494,1.7237243512312572,-0.03146622545858756,2.2648723075305206,-1.124950674888195,0.4914873737118644,2.4178867396293495,-0.8646786221124342,-0.6831199390593646,2.5489818889410367,-1.2993160579603034,-0.8404705443773695,-1.5462051937437353,-0.042992302614199056,1.5465867136214686,-1.1608150029655737,-4.0763350883047735,0.3238207735537287,-1.3842895920005975,0.8905052855887234,0.006864679368449431,0.7653811180263356
-0.3912924185788199,6.307246730912419,1.7440611548220224,5.4513472549812185,-2.671333427894271,-10.65332816265476,7.1993405466677505,-1.1450225898068478,0.7630548122557776,-3.557700740437271,-4.170354540181552,7.7680461213566465,-0.5479634884193824,-2.431698849676851,-0.5652623887804623,-7.705973830936118,-3.412438968450607,3.190451929189397,3.0434281662911817,1.644281410709608,-2.2429832365389077,6.670961560121657,-10.764934625389719,-9.256660702621167,0.3513022781147776,-11.633596910219476,5.546677262442835,-2.9815524447062502,-12.446051092122758,3.761800564841857,3.470594800574713,-13.94373234790216,6.805322868005466,4.347423704660181,7.834096570785885,-0.023576963230383583,-8.120585891278536,6.200715282179069,21.538341065996708,-1.3842895920005975,7.559830943036413,-4.665506010637451,-0.38389282841350075,-3.798429567831397
0.834781695845249,-4.536678097003877,-1.4194569971058568,-3.484147055590838,1.9870366721578838,7.600032470223901,-4.879276032354178,0.6275870493158411,-0.7191444165719526,2.2008027454560573,2.6744623688972857,-5.467752351554463,0.2550172075297671,1.7434903925724616,-0.4730515133065089,5.71988440205561,2.450614737827302,-2.9240461976738508,-2.4154444072828554,-0.9079878316251054,3.1745397913712545,-4.702890985721405,7.964734910191069,5.788775383888152,0.6901327287692842,8.859242581013262,-4.078657364705926,1.1569255007039176,8.797911195186233,-3.063089166271235,-1.7733548262699252,9.223864700918947,-4.702842427024448,-2.4759742673977057,-5.524695474298357,-0.22091858347934112,5.5210641188802505,-4.399596737690097,-13.929662201345582,0.8905052855887234,-4.665506010637451,3.8601044151450292,0.013490731589831932,2.862478398847021
-0.40255715307468043,-0.04030584139380826,0.07505172771231691,0.04546446582734564,0.1227562442239864,-0.11480182260583742,-0.05281594969613498,-0.043207074000666826,0.14335801558809888,-0.06292073770650194,-0.2163442999587521,-0.11895883580706922,0.18928309098569068,-0.23972900352931953,0.4833000875987504,-0.2889794916910112,-0.07429424050607278,0.2603067757879824,0.19154908207686536,-0.24940649907487328,-1.1696562670518893,0.08964071171348491,-0.4036817176353646,0.33680149239679663,-0.4348187455714219,-0.15069504238819037,0.28867624390552327,0.6472530142448983,-0.03829462722884884,0.4870767472840559,-0.4127295862985844,0.2523648062767533,-0.06269430420239382,-0.3344148006624331,0.01033727794772373,0.5011964437024884,0.03213683454179125,0.2684571605822114,-0.803189392495129,0.006864679368449431,-0.38389282841350075,0.013490731589831932,0.48865378707660256,-0.17504065872127497
0.6647535847482786,-3.602625693131816,-1.130322715368779,-2.9802436650729858,1.4705733447291178,6.154694251894297,-3.982041207964365,0.621401970551344,-0.5957646548308346,1.9881961428035775,2.3790931093739895,-4.395478371776765,0.11567547117863873,1.5049819869630503,-0.2973375700069271,4.670002866590646,1.9942428671612284,-2.2546353410177766,-1.9293985932034103,-0.6696351668544211,2.497381617710977,-3.8129319987701282,6.493061229123023,4.775614082063862,0.42039599539551553,6.953092626210533,-3.3982544973310476,0.93802178388972135,7.107643585179746,-2.6293557720649923,-1.4939439500585865,7.505694715361314,-3.7852432225134236,-2.0681605933646567,-4.478060432857091,-0.37199430388585636,4.531178414688367,-3.6576335201646133,-11.333935226346313,0.7653811180263356,-3.798429567831397,2.862478398847021,-0.17504065872127497,2.3601607890280554
