V1,V2,V3,V4,V5,V6,V7,V8,V9,V10,V11,V12,V13,V14,V15,V16,V17,V18,V19,V20,V21,V22,V23,V24,V25,V26,V27,V28,V29,V30,V31,V32,V33,V34,V35,V36,V37,V38,V39,V40,V41,V42,V43,V44
4.3440920114283506,1.031908802670411,2.924757592840453,-4.316379003244355,-2.6639121278096143,0.4532294510029097,-4.964209799505126,-4.388700479296586,4.57780712186604,0.33972278407280676,-2.717612995447441,-4.308900914435071,-1.0336568582891084,8.38261384836539,-5.916628781364126,7.20213234702996,1.1636583394682352,4.751142288566987,6.061211785113954,-5.718603084920891,-2.4571368260797595,-0.7484347171347268,-1.5924016165129187,3.342382150182363,1.5040944999529524,5.6090346039620185,-2.127963422828781,-6.434211034113489,8.582504309119463,5.757178580865297,1.770717319940302,2.5053990273364497,1.2202492143224755,2.1838705831689267,1.968844704398634,2.68903226993708,1.8288899987818141,-5.4405762681306875,-4.669782942790418,0.05004365304848231,-0.06635074665127322,5.861082892573857,3.0189459400474954,-0.16461490393333192
1.031908802670411,0.487656121257758,0.8585646613385822,-1.4167992594716523,-0.6749330106082503,0.22926408413205954,-1.4481360525735871,-1.0251301835943376,1.3713112523418087,0.035765379320312415,-0.3847251380921813,-0.9000414780651418,-0.23337355989664707,2.366289973022247,-1.5404330964304307,1.990277396532889,0.4118148947535492,1.6059624881554473,1.7481633389043745,-1.6007262102966464,-0.46254480425249883,-0.4905676603489656,-0.5262932817743438,1.084210535866965,0.3345406935784354,1.3613636812379386,-0.6271355555548906,-1.6749110611846625,2.298430098702807,1.8148373106181173,0.6814470941364862,0.9194453464158957,0.3582301188089535,0.7352753821350394,0.5932218446972782,0.5534658087789973,0.6643506090472677,-1.6696596045345111,-1.2033060651016365,-0.09829712472009866,-0.11450583936212384,1.3710294983123184,0.7419973179560198,-0.06649707574291985
2.924757592840453,0.8585646613385822,2.2805614212994487,-3.6784247326700252,-2.375427747038634,0.46796772686038646,-4.080445180889459,-3.1144729925259482,3.756123973597035,0.1702098350694918,-1.6575216926031322,-3.2028108924368617,-0.7361153404226495,6.649294863016432,-4.34104622806415,5.690251095827915,1.0683852164660412,4.3944211948151555,4.9894889419042485,-4.6605089106846185,-2.3162601220221872,-0.8029602781570139,-1.465987539251084,2.985780943762642,1.1473572117441717,4.3038758632026095,-1.7976994821659067,-5.23017655740053,7.260145917419992,4.880863606743645,1.527207872455338,2.2286572098369737,0.9072270055599476,1.6546790553183903,1.5519239658216948,1.949181662550571,1.6184690976564178,-4.649240838344197,-3.9803607138096484,-0.12995440657958765,-0.23895690992428018,4.5060520727095685,2.4296798373620168,0.11314341576194627
-4.316379003244355,-1.4167992594716523,-3.6784247326700252,6.852297423989395,4.5907107756031325,-0.8907455038454054,7.283071094058751,5.188613332017925,-6.607676206201751,-0.19058941997537188,2.159645966275926,5.4325029112815795,1.0665740915901039,-11.3800607642022,7.193597166653341,-9.934357369199699,-2.1137624505002464,-8.519719959655355,-8.65580956335025,8.114140269513383,4.4764069491677585,1.7221764330496638,2.3952512944750497,-5.42795472518146,-2.20815341484084,-7.629662829749077,3.5256215410511547,9.74458823530404,-13.638321007862087,-8.79257242180518,-2.9487690942623446,-3.72390019634459,-1.5372487143332032,-2.7975922251665857,-2.6233522951267836,-3.2660179361061883,-2.779441676400706,8.952561285474374,7.173794803599718,0.6147366494129441,0.4050992910748125,-7.420099180225091,-4.391400377616999,-0.858801963254305
-2.6639121278096143,-0.6749330106082503,-2.375427747038634,4.5907107756031325,3.8099203114459455,-0.713811322547608,5.2835690776408475,3.3010812214615677,-4.732271054071306,-0.16823925076121657,1.506619999506892,4.303420915574201,0.819191601069789,-8.048890532184968,4.883386913288477,-7.310646915634705,-1.650342549008748,-6.512066635112687,-6.562620457975134,5.9831988759641845,4.074500884981486,1.003229756361175,1.9661854592769679,-4.070308183739877,-1.9250698536550535,-5.89291161627411,2.772274467655342,7.68819395524144,-10.883369203076052,-6.25219897922498,-2.1108071813016855,-2.3302018524590875,-0.9725676852839875,-1.738380248798293,-1.6320041000995138,-2.37093032271578,-2.0938104852389157,6.383433493403534,5.662290257449852,0.43887001121016017,0.20157155809729863,-5.8764437730637376,-3.355900952635968,-1.1354985394425794
0.4532294510029097,0.22926408413205954,0.46796772686038646,-0.8907455038454054,-0.713811322547608,0.2866693998135869,-1.0999529869103857,-0.4396048156804974,1.0344374731732027,0.04465165540569279,-0.10883326079724624,-0.8094706013834636,-0.1696024404129661,1.6378254054358625,-0.9428951791144885,1.5823908854756161,0.3919939018006996,1.4819651841233175,1.4807003715929339,-1.2545098972443793,-0.7097200016440062,-0.3522156879503036,-0.5020005543514177,0.9342134567020626,0.44575978700272156,1.1916393475336167,-0.6327779240857966,-1.5971070831766767,2.258006703469793,1.3439852089446442,0.5763700418992875,0.4776287583180395,0.19016116413659542,0.4577629047654458,0.30484305627752295,0.36832928793147546,0.6005558060971665,-1.2305938210699399,-1.0913809893666413,-0.12039947658502093,-0.026743728112974065,1.1843303962056047,0.6272789462058247,0.2601653778719003
-4.964209799505126,-1.4481360525735871,-4.080445180889459,7.283071094058751,5.2835690776408475,-1.0999529869103857,8.395498931962338,5.847172653401154,-7.564999559415654,-0.43801723036750617,2.878214191221329,6.7648547977845155,1.3717912406526607,-12.918938082299578,8.277083358536663,-11.681494549421792,-2.3812716995525474,-9.772417403035433,-10.409914372148004,9.4922416271055,5.6699233098215105,1.6349825785132097,3.039656471631664,-6.240924244219562,-2.812452857336626,-9.323613776887605,4.174864975172976,11.471820880671709,-16.136343775036703,-10.007512868472796,-3.3332894005716946,-3.8064859023760254,-1.7286187918777756,-3.21587495438878,-2.7622431208800116,-3.9816810343517965,-3.391239354134723,9.73712775910172,8.601934784487515,0.4921942861918445,0.2562479538828696,-9.216485211446058,-5.273444281393594,-1.126912961978465
-4.388700479296586,-1.0251301835943376,-3.1144729925259482,5.188613332017925,3.3010812214615677,-0.4396048156804974,5.847172653401154,5.392631230884305,-5.091998495929101,-0.43618770836922094,2.970765279733968,4.931693777443309,1.074160006815023,-9.283681291884655,6.50032269900705,-8.242627690489423,-1.267895756631029,-6.063001257699765,-6.98590804853907,6.6653500611223935,3.525831937555367,0.7358806226672994,1.7018234517969206,-3.848107885064158,-1.848688997436568,-6.823703356206603,2.6892558725413998,7.663724007432902,-10.500808593998668,-6.880323505445057,-2.0307602877852378,-2.645702322086631,-1.3293434167469564,-2.5246974673112548,-2.2253892121434635,-3.2317606129396563,-1.9508968919460352,6.8267863598773975,5.775666844195021,0.06543534087053539,0.010055372161586956,-6.572267736386971,-3.8476300310571054,-0.2579257574526115
4.57780712186604,1.3713112523418087,3.756123973597035,-6.607676206201751,-4.732271054071306,1.0344374731732027,-7.564999559415654,-5.091998495929101,6.9771798976537704,0.36098890729326893,-2.5319764530641042,-6.117121765804411,-1.2096952886086536,11.744529691337357,-7.509609348489123,10.510695268403598,2.2191160134656567,8.71498719884446,9.344578126668075,-8.523314471332984,-5.010771106025001,-1.6135853116446024,-2.7591707554689564,5.719290223493169,2.466886280878277,8.215627544411923,-3.708784693353148,-10.273433394842511,14.442063505497847,9.02043987252268,3.0105649811719575,3.521797410401845,1.6033823874952091,2.82722074078181,2.4944034125359793,3.586695237360139,3.1109594191869903,-8.712717782424672,-7.718608762836825,-0.4966763653939494,-0.30834784605614474,8.234300141432952,4.663146129972999,0.93477037531136
0.33972278407280676,0.035765379320312415,0.1702098350694918,-0.19058941997537188,-0.16823925076121657,0.04465165540569279,-0.43801723036750617,-0.43618770836922094,0.36098890729326893,0.17500169819057312,-0.37590654641262955,-0.5807969037586896,-0.10884179870297635,0.598348904372485,-0.45893720807055116,0.7089862877121504,0.06365007202535113,0.4466834142880047,0.6681373808129729,-0.5529536127090692,-0.48797922019970985,0.04115942720952473,-0.180435018377043,0.29487558420326576,0.1712095392542704,0.6985658222312282,-0.2532301318331615,-0.5756416271687365,0.8750880214026232,0.4894700220440188,0.08678738668604453,-0.006812632739900511,0.0880156254229133,0.1904085860170317,0.08068948559928772,0.38642997207297425,0.20155907233876827,-0.30196713759167304,-0.5957103768780021,0.07572539219779251,0.08033611371693972,0.6306639548374805,0.402323261908162,0.03136500370377864
-2.717612995447441,-0.3847251380921813,-1.6575216926031322,2.159645966275926,1.506619999506892,-0.10883326079724624,2.878214191221329,2.970765279733968,-2.5319764530641042,-0.37590654641262955,2.277448447348547,2.950509690493039,0.6948113714797366,-4.681916654151471,3.589794061092714,-4.182058783602685,-0.4564706269977423,-2.430594045372311,-3.6301328215636435,3.3827623672356553,1.9518036244004355,-0.08318606652873561,0.9624916528401699,-1.7369209595056887,-0.9658581818302007,-3.698457887696957,1.1795936126196696,3.726584961576616,-5.04611098649839,-3.223619128475853,-0.750577408215331,-1.0770320588998175,-0.7291027406741699,-1.2069096432080488,-1.023023503372501,-1.9770090345951845,-0.9546276852635193,2.8115906678539906,3.032146027059331,-0.2551257472095606,-0.09424589313527343,-3.895155589011239,-2.0415180054701736,0.1148223019494882
-4.308900914435071,-0.9000414780651418,-3.2028108924368617,5.4325029112815795,4.303420915574201,-0.8094706013834636,6.7648547977845155,4.931693777443309,-6.117121765804411,-0.5807969037586896,2.950509690493039,6.203241193331312,1.1986948233854675,-10.398366720566239,6.876231711912951,-9.667090447316586,-1.8614236500252106,-7.57502456625985,-8.56944377133766,7.769065127131815,5.1509504753230555,0.9490551845390974,2.4422971801557316,-4.95285555130539,-2.453965399254666,-8.037181409649095,3.4283164663077184,9.538492869187545,-13.417640777001722,-7.859729996493053,-2.435375725989899,-2.562437248195446,-1.4010234091462574,-2.420264931645169,-2.0643545819825877,-3.6823560788401517,-2.668221498891112,7.467172883913664,7.337928085702333,0.2126286240462709,0.002144936147359373,-7.990612997356088,-4.535624650752414,-0.9676859208256076
-1.0336568582891084,-0.23337355989664707,-0.7361153404226495,1.0665740915901039,0.819191601069789,-0.1696024404129661,1.3717912406526607,1.074160006815023,-1.2096952886086536,-0.10884179870297635,0.6948113714797366,1.1986948233854675,0.3264955836392502,-2.2611497720619402,1.499502827254851,-2.03677142703826,-0.33371008867081625,-1.469415995071238,-1.8244174409376883,1.6396344524843436,0.8321133164660786,0.14470136715297519,0.570390065802931,-0.9686385735473646,-0.4893303419820648,-1.6445146499483538,0.6466651215777804,1.8801341752660863,-2.5791396870198864,-1.5933995970276262,-0.5162806465815247,-0.6539322649822884,-0.2756250843424641,-0.6020892375198674,-0.4865723499801023,-0.6706977538968685,-0.5820471814145495,1.4352613327269306,1.3811889253004093,-0.047642970753984076,-0.00510238467479375,-1.7715429821127484,-0.8614612753713986,-0.052604419731859045
8.38261384836539,2.366289973022247,6.649294863016432,-11.3800607642022,-8.048890532184968,1.6378254054358625,-12.918938082299578,-9.283681291884655,11.744529691337357,0.598348904372485,-4.681916654151471,-10.398366720566239,-2.2611497720619402,20.708817000535266,-13.142626074563186,18.283654490024926,3.6802711554532475,14.749184087331395,16.064966560082798,-14.822350070935869,-8.092755000271678,-2.6067837318888545,-4.685098276599681,9.649540469449304,4.088132654223901,14.141239504578424,-6.2294310094101935,-17.520911954083676,24.446014193547473,15.374955424938177,5.034511436419231,6.4765818928966,2.6372524489824607,5.0184636231975635,4.599768030610513,6.0357850044528805,5.1786982016888,-14.996250841735284,-12.999805947549673,-0.5846277668765744,-0.50601116555068415,14.395414475496855,7.909076659305022,1.17960306542612
-5.916628781364126,-1.5404330964304307,-4.34104622806415,7.193597166653341,4.883386913288477,-0.9428951791144885,8.277083358536663,6.50032269900705,-7.509609348489123,-0.45893720807055116,3.589794061092714,6.876231711912951,1.499502827254851,-13.142626074563186,9.036649034853266,-11.684078688366512,-2.1427021713051966,-8.798266631158922,-10.084698791274894,9.324672013069934,4.793294243164654,1.4211426487987406,2.731601261478996,-5.751610503924278,-2.830632587606529,-9.381316955656454,3.9167596630908514,11.203858842568057,-15.233932618694817,-9.700456669543792,-3.258823492028105,-3.7446841145049405,-1.9125843078268885,-3.4652270147417945,-2.922109701083349,-4.167514024267948,-3.1615833264385826,9.44957375341305,8.013453252838424,0.293865604845167,0.08396189024192047,-9.366290003942458,-5.119325568573987,-0.6293587407278518
7.20213234702996,1.990277396532889,5.690251095827915,-9.934357369199699,-7.310646915634705,1.5823908854756161,-11.681494549421792,-8.242627690489423,10.510695268403598,0.7089862877121504,-4.182058783602685,-9.667090447316586,-2.03677142703826,18.283654490024926,-11.684078688366512,16.661863698021083,3.3405069284164473,13.588268191242074,14.730341939473755,-13.403696722906192,-7.751152340774576,-2.2443935790605023,-4.271869046768961,8.695644966705993,4.023618356832778,13.267572369323823,-5.905064230779183,-16.189769693293027,22.648233051876407,13.851272822632986,4.654887668832991,5.259465878928496,2.334449679974979,4.587762305248645,3.898779134507813,5.562023774713174,4.778154559986567,-13.406836181778779,-11.966285911648717,-0.5344585888914885,-0.20339134743419215,13.180323235880781,7.36535815667786,1.4630885846101518
1.1636583394682352,0.4118148947535492,1.0683852164660412,-2.1137624505002464,-1.650342549008748,0.3919939018006996,-2.3812716995525474,-1.267895756631029,2.2191160134656567,0.06365007202535113,-0.4564706269977423,-1.8614236500252106,-0.33371008867081625,3.6802711554532475,-2.1427021713051966,3.3405069284164473,0.8717992092754305,3.0328484851013235,2.985084943855056,-2.672806491436039,-1.6495095964146687,-0.6825612999098486,-0.9174968435258751,1.9412195091932984,0.8194654222565267,2.5271473841740866,-1.2903255780244651,-3.4389852234845053,4.8809347924968085,2.857113025343175,1.0601540261617204,1.1167773936907701,0.4468663092506623,0.7983049890957022,0.7237767451469099,0.9723903975807876,1.0388206413515968,-2.870810718702909,-2.4761289996072073,-0.2652404905610379,-0.11683257059160905,2.4956584036715954,1.4216691752125248,0.47818996970840644
4.751142288566987,1.6059624881554473,4.3944211948151555,-8.519719959655355,-6.512066635112687,1.4819651841233175,-9.772417403035433,-6.063001257699765,8.71498719884446,0.4466834142880047,-2.430594045372311,-7.57502456625985,-1.469415995071238,14.749184087331395,-8.798266631158922,13.588268191242074,3.0328484851013235,12.354426091020056,12.325200331168292,-11.11330281428475,-7.125743083446998,-2.2037613362111834,-3.7501366822686326,7.652352916871103,3.3306095223295586,10.752653659560726,-5.17003740261526,-13.668510940265588,19.593653574485426,11.815517210476502,4.068015091974889,4.466331785249917,1.7641128887062636,3.5827605815935883,3.0750562408226942,4.233336710681398,4.141724597372256,-11.652051065443013,-10.304140497725724,-0.7939374450357636,-0.3804764370164466,10.444543169967915,6.155253529912635,1.849820336645408
6.061211785113954,1.7481633389043745,4.9894889419042485,-8.65580956335025,-6.562620457975134,1.4807003715929339,-10.409914372148004,-6.98590804853907,9.344578126668075,0.6681373808129729,-3.6301328215636435,-8.56944377133766,-1.8244174409376883,16.064966560082798,-10.084698791274894,14.730341939473755,2.985084943855056,12.325200331168292,13.371932699719538,-11.982589913716058,-7.3152373463813865,-1.9116447622362513,-4.1274601038425764,7.898974723204065,3.553154464456267,11.789922693214185,-5.258632931464821,-14.321655939452429,20.30944394224227,12.413335369492229,4.119358953081264,4.672118173584966,2.0191937687740964,4.000446086351459,3.318145183106959,4.894304560186124,4.459707779343628,-11.683511633987186,-10.911561221509087,-0.4345531259163926,-0.2683029359097265,11.896038473602863,6.604080191578717,1.404656174232015
-5.718603084920891,-1.6007262102966464,-4.6605089106846185,8.114140269513383,5.9831988759641845,-1.2545098972443793,9.4922416271055,6.6653500611223935,-8.523314471332984,-0.5529536127090692,3.3827623672356553,7.769065127131815,1.6396344524843436,-14.822350070935869,9.324672013069934,-13.403696722906192,-2.672806491436039,-11.11330281428475,-11.982589913716058,10.930020053551821,6.5382139840634075,1.765945220755832,3.57445082498579,-7.148908968230082,-3.1222787651234634,-10.628837328377914,4.707709879221425,12.963191378666943,-18.33255550996887,-11.324063245036312,-3.6590270537513048,-4.442969549166293,-1.8553762743651814,-3.6267813789939627,-3.1903855958438907,-4.515317714118737,-3.890949397620154,10.878001429225643,9.881539973314606,0.4158048993989123,0.3043417463412244,-10.684077052692194,-6.010875867037058,-1.1522014658272666
-2.4571368260797595,-0.46254480425249883,-2.3162601220221872,4.4764069491677585,4.074500884981486,-0.7097200016440062,5.6699233098215105,3.525831937555367,-5.010771106025001,-0.48797922019970985,1.9518036244004355,5.1509504753230555,0.8321133164660786,-8.092755000271678,4.793294243164654,-7.751152340774576,-1.6495095964146687,-7.125743083446998,-7.3152373463813865,6.5382139840634075,5.699547952754813,0.6896828887135389,2.3333081841254595,-4.512402319824875,-1.9901770013432354,-6.636164942373227,3.011101201730408,8.075589923188106,-12.045052388732639,-6.7308736352987495,-1.8440789551441548,-2.0247279800256552,-0.9512671967205129,-1.5477262095435476,-1.4555802032345493,-3.0487759768122333,-2.3112988268249426,6.373870264838627,6.930990346572137,0.330237080879965,0.21610165930811326,-6.55935865279554,-4.056129613456692,-1.4265585474208446
-0.7484347171347268,-0.4905676603489656,-0.8029602781570139,1.7221764330496638,1.003229756361175,-0.3522156879503036,1.6349825785132097,0.7358806226672994,-1.6135853116446024,0.04115942720952473,-0.08318606652873561,0.9490551845390974,0.14470136715297519,-2.6067837318888545,1.4211426487987406,-2.2443935790605023,-0.6825612999098486,-2.2037613362111834,-1.9116447622362513,1.765945220755832,0.6896828887135389,0.8376302816453272,0.5388717923934254,-1.4238295914881052,-0.4244870967606702,-1.3974531739142233,0.8725481927759723,2.176571634890319,-3.0677987940545384,-2.0742378248289035,-0.883409111940081,-1.0192038748495047,-0.334436544929608,-0.6472941413474379,-0.6091379423210525,-0.4681399690288325,-0.7638965185165513,2.1730566974849728,1.4374504486989574,0.3275453934999686,0.1740448425665097,-1.2524303229496743,-0.8023419644982537,-0.2308315585157231
-1.5924016165129187,-0.5262932817743438,-1.465987539251084,2.3952512944750497,1.9661854592769679,-0.5020005543514177,3.039656471631664,1.7018234517969206,-2.7591707554689564,-0.180435018377043,0.9624916528401699,2.4422971801557316,0.570390065802931,-4.685098276599681,2.731601261478996,-4.271869046768961,-0.9174968435258751,-3.7501366822686326,-4.1274601038425764,3.57445082498579,2.3333081841254595,0.5388717923934254,1.5138749752353402,-2.4766370831211226,-0.972202165374744,-3.33744504943602,1.4962059866420412,4.086650780163103,-5.988807419223463,-3.6825691355269945,-1.1849828849281634,-1.5157971364013403,-0.5260462334186252,-1.0978684704536843,-0.9028584618119377,-1.3138316772947412,-1.488379770478712,3.189398222443049,3.3430546695371723,0.07521174455188727,0.19125842479808255,-3.6571554516513283,-1.8900273931305867,-0.39772588719634894
3.342382150182363,1.084210535866965,2.985780943762642,-5.42795472518146,-4.070308183739877,0.9342134567020626,-6.240924244219562,-3.848107885064158,5.719290223493169,0.29487558420326576,-1.7369209595056887,-4.95285555130539,-0.9686385735473646,9.649540469449304,-5.751610503924278,8.695644966705993,1.9412195091932984,7.652352916871103,7.898974723204065,-7.148908968230082,-4.512402319824875,-1.4238295914881052,-2.4766370831211226,4.978212923779562,1.9559757140884153,6.683364286493726,-3.148088872154929,-8.517010669995695,12.259558111867333,7.5368357961595285,2.464067652079119,3.0428096907197832,1.1657150076620006,2.196223629606384,2.0207878986646794,2.797707993694509,2.692455259965735,-7.229461602074387,-6.632231970231177,-0.43945587196918695,-0.3621601183662054,6.7617711840381105,3.871804165553758,0.9239011617321765
1.5040944999529524,0.3345406935784354,1.1473572117441717,-2.20815341484084,-1.9250698536550535,0.44575978700272156,-2.812452857336626,-1.848688997436568,2.466886280878277,0.1712095392542704,-0.9658581818302007,-2.453965399254666,-0.4893303419820648,4.088132654223901,-2.830632587606529,4.023618356832778,0.8194654222565267,3.3306095223295586,3.553154464456267,-3.1222787651234634,-1.9901770013432354,-0.4244870967606702,-0.972202165374744,1.9559757140884153,1.36754078584667,3.54788314928238,-1.6164097799744523,-4.357551109820687,5.9027153902440475,3.232030125545839,1.3093117017801688,0.7936194256437693,0.5861870051755853,1.1561175944044966,0.7472676368197454,1.3295990154662394,1.1467919279131134,-3.26037209629528,-2.836990927201614,-0.2066215585963694,0.16545911774853164,3.337315478302664,1.8437847510856193,0.7463623152262394
5.6090346039620185,1.3613636812379386,4.3038758632026095,-7.629662829749077,-5.89291161627411,1.1916393475336167,-9.323613776887605,-6.823703356206603,8.215627544411923,0.6985658222312282,-3.698457887696957,-8.037181409649095,-1.6445146499483538,14.141239504578424,-9.381316955656454,13.267572369323823,2.5271473841740866,10.752653659560726,11.789922693214185,-10.628837328377914,-6.636164942373227,-1.3974531739142233,-3.33744504943602,6.683364286493726,3.54788314928238,11.155567413074293,-4.854864451812411,-13.217032701990403,18.43161145077092,10.939659828613062,3.68942315950741,3.5605362438775163,1.8929078892995321,3.693489521106863,2.887023985418788,4.713396928296577,3.7106699963550653,-10.587172177939241,-9.726697302019952,-0.3685625646917616,0.0982457906409683,10.829794082027183,6.153455479909075,1.4871938097056212
-2.127963422828781,-0.6271355555548906,-1.7976994821659067,3.5256215410511547,2.772274467655342,-0.6327779240857966,4.174864975172976,2.6892558725413998,-3.708784693353148,-0.2532301318331615,1.1795936126196696,3.4283164663077184,0.6466651215777804,-6.2294310094101935,3.9167596630908514,-5.905064230779183,-1.2903255780244651,-5.17003740261526,-5.258632931464821,4.707709879221425,3.011101201730408,0.8725481927759723,1.4962059866420412,-3.148088872154929,-1.6164097799744523,-4.854864451812411,2.309720867525664,6.066106247730992,-8.526047278903661,-4.955730966488891,-1.7987579348839775,-1.6063894235955312,-0.7961057333862637,-1.5905188082358082,-1.2412073305257973,-1.9129266647965966,-1.7251920469102695,4.949938563857777,4.352563329571445,0.33570718302769104,-0.005462438313867083,-4.577511334016696,-2.6901089942993193,-0.8908038291676185
-6.434211034113489,-1.6749110611846625,-5.23017655740053,9.74458823530404,7.68819395524144,-1.5971070831766767,11.471820880671709,7.663724007432902,-10.273433394842511,-0.5756416271687365,3.726584961576616,9.538492869187545,1.8801341752660863,-17.520911954083676,11.203858842568057,-16.189769693293027,-3.4389852234845053,-13.668510940265588,-14.321655939452429,12.963191378666943,8.075589923188106,2.176571634890319,4.086650780163103,-8.517010669995695,-4.357551109820687,-13.217032701990403,6.066106247730992,16.597670579793665,-23.112667761750675,-13.496834597937132,-4.760551581141795,-4.694064859354798,-2.272631349380973,-4.275940866746311,-3.5646820977434404,-5.358509823603126,-4.59850703352526,13.522386099087207,11.851334206971625,0.7926585965262297,0.08980036604665445,-12.890602073145462,-7.298035231468112,-2.148810821355949
8.582504309119463,2.298430098702807,7.260145917419992,-13.638321007862087,-10.883369203076052,2.258006703469793,-16.136343775036703,-10.500808593998668,14.442063505497847,0.8750880214026232,-5.04611098649839,-13.417640777001722,-2.5791396870198864,24.446014193547473,-15.233932618694817,22.648233051876407,4.8809347924968085,19.593653574485426,20.30944394224227,-18.33255550996887,-12.045052388732639,-3.0677987940545384,-5.988807419223463,12.259558111867333,5.9027153902440475,18.43161145077092,-8.526047278903661,-23.112667761750675,32.70125585257107,19.117561656254438,6.499834689040753,6.70142420695498,3.072234115189971,5.766135536708407,4.921525163591432,7.578851332542539,6.577436673591439,-18.907617067890545,-17.155529904847185,-1.117822571162651,-0.3072604765074232,18.04105623455354,10.401180305597636,3.100359821237453
5.757178580865297,1.8148373106181173,4.880863606743645,-8.79257242180518,-6.25219897922498,1.3439852089446442,-10.007512868472796,-6.880323505445057,9.02043987252268,0.4894700220440188,-3.223619128475853,-7.859729996493053,-1.5933995970276262,15.374955424938177,-9.700456669543792,13.851272822632986,2.857113025343175,11.815517210476502,12.413335369492229,-11.324063245036312,-6.7308736352987495,-2.0742378248289035,-3.6825691355269945,7.5368357961595285,3.232030125545839,10.939659828613062,-4.955730966488891,-13.496834597937132,19.117561656254438,12.044875960561033,3.9964583825620856,4.7194782108049935,2.0284379851520034,3.856355477852014,3.3352455736707745,4.640205232561183,4.098971150772063,-11.671794104092834,-10.253204408457501,-0.6314743580602061,-0.40419926341496343,10.804926643819444,6.2489307805513885,1.3046726883030755
1.770717319940302,0.6814470941364862,1.527207872455338,-2.9487690942623446,-2.1108071813016855,0.5763700418992875,-3.3332894005716946,-2.0307602877852378,3.0105649811719575,0.08678738668604453,-0.750577408215331,-2.435375725989899,-0.5162806465815247,5.034511436419231,-3.258823492028105,4.654887668832991,1.0601540261617204,4.068015091974889,4.119358953081264,-3.6590270537513048,-1.8440789551441548,-0.883409111940081,-1.1849828849281634,2.464067652079119,1.3093117017801688,3.68942315950741,-1.7987579348839775,-4.760551581141795,6.499834689040753,3.9964583825620856,1.6626722464860075,1.4422276380971786,0.7120634454504068,1.4554131408633317,1.049800877176183,1.3014213790052886,1.455548733593514,-4.006985650242843,-3.100875835934923,-0.3379187826743855,-0.017287455470682746,3.492934078268108,1.942215309511734,0.6177868965603299
2.5053990273364497,0.9194453464158957,2.2286572098369737,-3.72390019634459,-2.3302018524590875,0.4776287583180395,-3.8064859023760254,-2.645702322086631,3.521797410401845,-0.006812632739900511,-1.0770320588998175,-2.562437248195446,-0.6539322649822884,6.4765818928966,-3.7446841145049405,5.259465878928496,1.1167773936907701,4.466331785249917,4.672118173584966,-4.442969549166293,-2.0247279800256552,-1.0192038748495047,-1.5157971364013403,3.0428096907197832,0.7936194256437693,3.5605362438775163,-1.6063894235955312,-4.694064859354798,6.70142420695498,4.7194782108049935,1.4422276380971786,2.695956445970392,0.7215321893563587,1.4763546163620238,1.6268417379777076,1.470732199925261,1.5768884110887618,-4.594072550266313,-3.6881987138746877,-0.18961596305052428,-0.48481594779804105,3.9572877138511946,2.089696463619864,-0.00407076298630869
1.2202492143224755,0.3582301188089535,0.9072270055599476,-1.5372487143332032,-0.9725676852839875,0.19016116413659542,-1.7286187918777756,-1.3293434167469564,1.6033823874952091,0.0880156254229133,-0.7291027406741699,-1.4010234091462574,-0.2756250843424641,2.6372524489824607,-1.9125843078268885,2.334449679974979,0.4468663092506623,1.7641128887062636,2.0191937687740964,-1.8553762743651814,-0.9512671967205129,-0.334436544929608,-0.5260462334186252,1.1657150076620006,0.5861870051755853,1.8929078892995321,-0.7961057333862637,-2.272631349380973,3.072234115189971,2.0284379851520034,0.7120634454504068,0.7215321893563587,0.46374615129199065,0.7235561969852522,0.5713101643800615,0.8951510269183218,0.6556212835813146,-1.9673569112647726,-1.620044353633943,-0.11348883507687131,-0.025048781375193323,1.8296229708829728,1.049850380524167,0.14175175102433948
2.1838705831689267,0.7352753821350394,1.6546790553183903,-2.7975922251665857,-1.738380248798293,0.4577629047654458,-3.21587495438878,-2.5246974673112548,2.82722074078181,0.1904085860170317,-1.2069096432080488,-2.420264931645169,-0.6020892375198674,5.0184636231975635,-3.4652270147417945,4.587762305248645,0.7983049890957022,3.5827605815935883,4.000446086351459,-3.6267813789939627,-1.5477262095435476,-0.6472941413474379,-1.0978684704536843,2.196223629606384,1.1561175944044966,3.693489521106863,-1.5905188082358082,-4.275940866746311,5.766135536708407,3.856355477852014,1.4554131408633317,1.4763546163620238,0.7235561969852522,1.620307969072054,1.1634494291264814,1.4367483024225063,1.3364734043809752,-3.6863816822593725,-2.9030349204081407,-0.11143180401755215,0.03654847148866566,3.546563108993329,1.9338129986403476,0.23257383445486296
1.968844704398634,0.5932218446972782,1.5519239658216948,-2.6233522951267836,-1.6320041000995138,0.30484305627752295,-2.7622431208800116,-2.2253892121434635,2.4944034125359793,0.08068948559928772,-1.023023503372501,-2.0643545819825877,-0.4865723499801023,4.599768030610513,-2.922109701083349,3.898779134507813,0.7237767451469099,3.0750562408226942,3.318145183106959,-3.1903855958438907,-1.4555802032345493,-0.6091379423210525,-0.9028584618119377,2.0207878986646794,0.7472676368197454,2.887023985418788,-1.2412073305257973,-3.5646820977434404,4.921525163591432,3.3352455736707745,1.049800877176183,1.6268417379777076,0.5713101643800615,1.1634494291264814,1.154178817247214,1.2498992490895868,1.0290591233788255,-3.3491008818533863,-2.6289379077400326,-0.1114203418384857,-0.16685836425695863,2.937743388982687,1.6311963917714039,0.06479905317512848
2.68903226993708,0.5534658087789973,1.949181662550571,-3.2660179361061883,-2.37093032271578,0.36832928793147546,-3.9816810343517965,-3.2317606129396563,3.586695237360139,0.38642997207297425,-1.9770090345951845,-3.6823560788401517,-0.6706977538968685,6.0357850044528805,-4.167514024267948,5.562023774713174,0.9723903975807876,4.233336710681398,4.894304560186124,-4.515317714118737,-3.0487759768122333,-0.4681399690288325,-1.3138316772947412,2.797707993694509,1.3295990154662394,4.713396928296577,-1.9129266647965966,-5.358509823603126,7.578851332542539,4.640205232561183,1.3014213790052886,1.470732199925261,0.8951510269183218,1.4367483024225063,1.2498992490895868,2.371844743733786,1.452868143369407,-4.378946166375803,-4.33034615548246,-0.0970620764848184,-0.015907877164101965,4.584325723938512,2.748643822573199,0.4348165503731432
1.8288899987818141,0.6643506090472677,1.6184690976564178,-2.779441676400706,-2.0938104852389157,0.6005558060971665,-3.391239354134723,-1.9508968919460352,3.1109594191869903,0.20155907233876827,-0.9546276852635193,-2.668221498891112,-0.5820471814145495,5.1786982016888,-3.1615833264385826,4.778154559986567,1.0388206413515968,4.141724597372256,4.459707779343628,-3.890949397620154,-2.3112988268249426,-0.7638965185165513,-1.488379770478712,2.692455259965735,1.1467919279131134,3.7106699963550653,-1.7251920469102695,-4.59850703352526,6.577436673591439,4.098971150772063,1.455548733593514,1.5768884110887618,0.6556212835813146,1.3364734043809752,1.0290591233788255,1.452868143369407,1.633208257694579,-3.688450720401469,-3.5130673615839996,-0.1804590941640064,-0.13563398140452784,3.8173680675617048,2.0589584614905987,0.4725706431407671
-5.4405762681306875,-1.6696596045345111,-4.649240838344197,8.952561285474374,6.383433493403534,-1.2305938210699399,9.73712775910172,6.8267863598773975,-8.712717782424672,-0.30196713759167304,2.8115906678539906,7.467172883913664,1.4352613327269306,-14.996250841735284,9.44957375341305,-13.406836181778779,-2.870810718702909,-11.652051065443013,-11.683511633987186,10.878001429225643,6.373870264838627,2.1730566974849728,3.189398222443049,-7.229461602074387,-3.26037209629528,-10.587172177939241,4.949938563857777,13.522386099087207,-18.907617067890545,-11.671794104092834,-4.006985650242843,-4.594072550266313,-1.9673569112647726,-3.6863816822593725,-3.3491008818533863,-4.378946166375803,-3.688450720401469,12.051813645570721,9.76694692972555,0.8511312574386184,0.35522763553980485,-10.12027824393207,-6.028807008034502,-1.5520692578154531
-4.669782942790418,-1.2033060651016365,-3.9803607138096484,7.173794803599718,5.662290257449852,-1.0913809893666413,8.601934784487515,5.775666844195021,-7.718608762836825,-0.5957103768780021,3.032146027059331,7.337928085702333,1.3811889253004093,-12.999805947549673,8.013453252838424,-11.966285911648717,-2.4761289996072073,-10.304140497725724,-10.911561221509087,9.881539973314606,6.930990346572137,1.4374504486989574,3.3430546695371723,-6.632231970231177,-2.836990927201614,-9.726697302019952,4.352563329571445,11.851334206971625,-17.155529904847185,-10.253204408457501,-3.100875835934923,-3.6881987138746877,-1.620044353633943,-2.9030349204081407,-2.6289379077400326,-4.33034615548246,-3.5130673615839996,9.76694692972555,9.555776372476473,0.4395503800709434,0.324876777833851,-9.710112385719865,-5.70439256451795,-1.4105386257638717
0.05004365304848231,-0.09829712472009866,-0.12995440657958765,0.6147366494129441,0.43887001121016017,-0.12039947658502093,0.4921942861918445,0.06543534087053539,-0.4966763653939494,0.07572539219779251,-0.2551257472095606,0.2126286240462709,-0.047642970753984076,-0.5846277668765744,0.293865604845167,-0.5344585888914885,-0.2652404905610379,-0.7939374450357636,-0.4345531259163926,0.4158048993989123,0.330237080879965,0.3275453934999686,0.07521174455188727,-0.43945587196918695,-0.2066215585963694,-0.3685625646917616,0.33570718302769104,0.7926585965262297,-1.117822571162651,-0.6314743580602061,-0.3379187826743855,-0.18961596305052428,-0.11348883507687131,-0.11143180401755215,-0.1114203418384857,-0.0970620764848184,-0.1804590941640064,0.8511312574386184,0.4395503800709434,0.25239693700818416,0.059991326751415566,-0.17374309445965808,-0.2456065397819726,-0.3056963265808436
-0.06635074665127322,-0.11450583936212384,-0.23895690992428018,0.4050992910748125,0.20157155809729863,-0.026743728112974065,0.2562479538828696,0.010055372161586956,-0.30834784605614474,0.08033611371693972,-0.09424589313527343,0.002144936147359373,-0.00510238467479375,-0.50601116555068415,0.08396189024192047,-0.20339134743419215,-0.11683257059160905,-0.3804764370164466,-0.2683029359097265,0.3043417463412244,0.21610165930811326,0.1740448425665097,0.19125842479808255,-0.3621601183662054,0.16545911774853164,0.0982457906409683,-0.005462438313867083,0.08980036604665445,-0.3072604765074232,-0.40419926341496343,-0.017287455470682746,-0.48481594779804105,-0.025048781375193323,0.03654847148866566,-0.16685836425695863,-0.015907877164101965,-0.13563398140452784,0.35522763553980485,0.324876777833851,0.059991326751415566,0.24274417047624103,-0.09835717043351079,-0.0645991202230635,0.08491029634272983
5.861082892573857,1.3710294983123184,4.5060520727095685,-7.420099180225091,-5.8764437730637376,1.1843303962056047,-9.216485211446058,-6.572267736386971,8.234300141432952,0.6306639548374805,-3.895155589011239,-7.990612997356088,-1.7715429821127484,14.395414475496855,-9.366290003942458,13.180323235880781,2.4956584036715954,10.444543169967915,11.896038473602863,-10.684077052692194,-6.55935865279554,-1.2524303229496743,-3.6571554516513283,6.7617711840381105,3.337315478302664,10.829794082027183,-4.577511334016696,-12.890602073145462,18.04105623455354,10.804926643819444,3.492934078268108,3.9572877138511946,1.8296229708829728,3.546563108993329,2.937743388982687,4.584325723938512,3.8173680675617048,-10.12027824393207,-9.710112385719865,-0.17374309445965808,-0.09835717043351079,11.180119929070928,5.953277696332736,1.1532736556384722
3.0189459400474954,0.7419973179560198,2.4296798373620168,-4.391400377616999,-3.355900952635968,0.6272789462058247,-5.273444281393594,-3.8476300310571054,4.663146129972999,0.402323261908162,-2.0415180054701736,-4.535624650752414,-0.8614612753713986,7.909076659305022,-5.119325568573987,7.36535815667786,1.4216691752125248,6.155253529912635,6.604080191578717,-6.010875867037058,-4.056129613456692,-0.8023419644982537,-1.8900273931305867,3.871804165553758,1.8437847510856193,6.153455479909075,-2.6901089942993193,-7.298035231468112,10.401180305597636,6.2489307805513885,1.942215309511734,2.089696463619864,1.049850380524167,1.9338129986403476,1.6311963917714039,2.748643822573199,2.0589584614905987,-6.028807008034502,-5.70439256451795,-0.2456065397819726,-0.0645991202230635,5.953277696332736,3.548532883136819,0.8449685032614814
-0.16461490393333192,-0.06649707574291985,0.11314341576194627,-0.858801963254305,-1.1354985394425794,0.2601653778719003,-1.126912961978465,-0.2579257574526115,0.93477037531136,0.03136500370377864,0.1148223019494882,-0.9676859208256076,-0.052604419731859045,1.17960306542612,-0.6293587407278518,1.4630885846101518,0.47818996970840644,1.849820336645408,1.404656174232015,-1.1522014658272666,-1.4265585474208446,-0.2308315585157231,-0.39772588719634894,0.9239011617321765,0.7463623152262394,1.4871938097056212,-0.8908038291676185,-2.148810821355949,3.100359821237453,1.3046726883030755,0.6177868965603299,-0.00407076298630869,0.14175175102433948,0.23257383445486296,0.06479905317512848,0.4348165503731432,0.4725706431407671,-1.5520692578154531,-1.4105386257638717,-0.3056963265808436,0.08491029634272983,1.1532736556384722,0.8449685032614814,0.9014820932756968
