V1,V2,V3,V4,V5,V6,V7,V8,V9,V10,V11,V12,V13,V14,V15,V16,V17,V18,V19,V20,V21,V22,V23,V24,V25,V26,V27,V28,V29,V30,V31,V32,V33,V34,V35,V36,V37,V38,V39,V40,V41,V42,V43,V44,V45
0.09270330035015847,0.4743237050292245,0.30666148595209247,-0.05157091002287966,-0.03381788278644873,0.03100730368647748,0.012830497151369757,0.1999482132572034,-0.005464048089619878,0.11512715347210807,-0.16388752145025237,-0.27070159451688597,0.12410374687568308,-0.12799029697751643,0.17700562189553015,-0.21947569600328257,-0.20478751184691965,-0.16252057323476532,0.11034279517887859,-0.004246346917493313,-0.17418245416433994,0.04193382142987952,-0.00873649749222088,0.19966618997742872,-0.43784791874902795,-0.05744546254810209,0.34833988053100623,0.19704648033705108,-0.03377630147461053,0.2890205475803916,-0.1138823139565789,-0.2117632567770228,-0.12257263516595861,-0.1656155866806286,0.0258776236037652,0.1887510974737977,-0.10093337128989498,0.21689037574007758,-0.08268792076867941,0.03027639623096935,0.1064771190042116,-0.13718755551152456,-0.16483573473849922,0.002942498500670265,0.05914612219741566
0.4743237050292245,10.176578719073671,5.1281336958915364,-2.3643798608281896,0.6573461177438965,1.3771506256807924,4.315100633269562,4.4308429935624645,-0.7955850952315818,3.5686788588639855,-4.904228688236858,-6.672076540841201,1.6163765548948879,0.12412702151437095,3.971076638794763,-5.906476805552454,-6.128875290439551,-3.4789059938070968,0.6635514244452826,-2.9528954757070625,-3.104875597472369,3.260131088870328,1.1883969086046935,4.228313481343358,-7.644478432816198,-3.2043871866515943,7.7009075921120616,5.432972887203182,-1.574100510607468,7.815502443773275,-1.9237817430044848,-6.035972346768205,-2.862445963653594,-4.093396728121805,0.7346670903209712,5.714689786801699,-2.6252108393681666,5.240361878909011,-0.8976808712817906,0.6824496308363039,2.4475764174230785,-3.6248580580816645,-3.6013637699002676,-0.3360288675131132,2.102849330123211
0.30666148595209247,5.1281336958915364,3.103443719989615,-1.8874114622416915,1.230794655023741,0.29121486395461127,2.747689031227538,3.1195416057376275,-0.15622314497929285,1.877213073571659,-2.945727747821741,-3.957132561128246,0.5815249621045208,1.056010800799698,2.8218897088427872,-3.6556577716290124,-3.5140192796257073,-1.5009554402324659,-0.008448902033499085,-2.466479821699049,-1.3674684433556608,1.0920692729484902,1.5556038582021339,2.638737803109601,-4.187114642219308,-2.097577528921501,4.778308330695579,3.143764895735562,-1.3203855638090196,4.341007590349951,-1.2878040367674481,-3.547286422326008,-1.782761203898367,-3.011278339708808,0.5381923732880568,3.603818548695734,-1.738835448062822,3.61430372368976,-0.2804632435966621,0.3701663652430339,0.9377137748391237,-3.048288547422345,-1.8175421734056065,0.10878685399565936,1.3826417556381851
-0.05157091002287966,-2.3643798608281896,-1.8874114622416915,2.1374235094850884,-2.250881147259345,0.3534182514674054,-2.9801195211223694,-2.739214863569103,-0.27341215184436973,-1.222169059557129,2.3709215715116603,2.8765115624224835,0.276570852612467,-2.5430555488804227,-2.597275875949173,3.0633799352557207,2.637294849527919,0.24990870844007188,0.9113159174688253,3.2062321870045527,0.16666647230752993,-0.16648155415493499,-2.438702462770087,-2.0190802834549992,1.855247393356145,2.0873099323437456,-3.6147885401575266,-2.232936228356629,1.5776027006386224,-2.9599415027288627,1.023003567736791,2.7949964873716167,1.4867319236648722,2.900607289132466,-0.461636946767903,-3.1817230249614035,1.6601117417127873,-3.227127566347378,-0.3726088543488962,-0.22010075893109873,0.0020922897678773986,3.4176009350602996,0.9121597231160872,-0.29792110115878145,-1.2633859749409588
-0.03381788278644873,0.6573461177438965,1.230794655023741,-2.250881147259345,3.0033485034413525,-0.8199936337790066,3.1112515247317183,2.561371846831117,0.6262771521293408,0.7999754664429553,-1.9933772133844758,-2.226180942346032,-0.7947425438621867,3.4892374162811577,2.4906268887449197,-2.75324796625388,-2.1603928982658585,0.5677892908670642,-1.449607836614057,-3.670313349932514,0.5520954211641936,-0.6817366154771162,3.038883021165162,1.6604560741613235,-0.49810041915649356,-1.9812727359818345,3.0244466290146907,1.6600963634328145,-1.7567628067727457,2.1291326960338015,-0.8833153602535901,-2.3858173240260183,-1.3374736124511166,-2.9412138491648037,0.3920884097657052,2.981466934308177,-1.688380484673087,3.0263938784066946,0.8054387008110363,0.11606496038028608,-0.5960296873237727,-3.6946690161733127,-0.3613263778399431,0.4732559794958859,1.1618157320270042
0.03100730368647748,1.3771506256807924,0.29121486395461127,0.3534182514674054,-0.8199936337790066,0.5547265876886657,-0.09858059169852104,-0.19332846041044727,-0.34845610801930454,0.3670678873661112,-0.17487857800424372,-0.351104085371067,0.468105812567071,-0.9936813051777571,-0.18649306916211092,-0.11700517069188258,-0.3542473314058572,-0.7258879787304842,0.4702510548788963,0.5955100512611594,-0.6238744850924051,0.9292778684917913,-0.7463196984147308,0.1154619813713089,-0.8433505215239336,0.054511591561308984,0.21185309335682048,0.3463768791734529,0.30483465602942744,0.6294241590724321,0.0039299998963724,-0.29420438263200027,-0.06964188555145531,0.3248613766462162,-0.02026958042783558,0.03543063034015548,0.07125600886694608,-0.17700892958479197,-0.3308774224619612,0.075776709476949,0.6093933139529222,0.6305307174262762,-0.48358258991420416,-0.28588546004442694,-0.020950559865502698
0.012830497151369757,4.315100633269562,2.747689031227538,-2.9801195211223694,3.1112515247317183,-0.09858059169852104,4.988039388728697,3.857560507950049,0.23523915912409488,2.187870279769451,-3.770584134031736,-4.559616493770661,-0.23121042929355456,3.545579879753462,3.748958486640485,-4.885482765517559,-4.445399935815485,-0.7508981330459443,-1.3348276243778736,-4.774300066058571,-0.5274040997349472,1.0135981217461734,3.362890315343396,3.0669207352176966,-2.826829451989406,-3.2284851032137283,5.567605104360765,3.6123787074033067,-2.2469352569251977,5.037224417929098,-1.4712967779022788,-4.656167439954314,-2.3863509071705074,-4.174561280903253,0.6144203092263055,5.0745133772077535,-2.6598864898668455,4.689864291186233,0.5573209362806456,0.3754415262739466,0.40085997126835027,-4.74534008240945,-1.7312526964036745,0.13056607411426727,1.9052956993594605
0.1999482132572034,4.4308429935624645,3.1195416057376275,-2.739214863569103,2.561371846831117,-0.19332846041044727,3.857560507950049,3.8679969917031167,0.18081520266643308,1.9263175041108909,-3.426811782928204,-4.354062408598426,0.02293759836819557,2.725117181026854,3.5918955354513242,-4.371240332702702,-3.9308189012893355,-0.8990488432165594,-0.7936251598759222,-3.9468679435238414,-0.7798078938600956,0.5843573166885987,2.8727319270697347,2.990980623460038,-3.6003947339855875,-2.779565396569013,5.400904191920487,3.4080874653341997,-1.9944524689331384,4.588886169513859,-1.5015951257132707,-4.088712031823232,-2.130454789898433,-3.961897436952284,0.6587660487369653,4.455571015994169,-2.262860466393528,4.513795999981099,0.19363971428219148,0.36108727705553906,0.4258341794717261,-4.422511178319115,-1.6320454041248342,0.33748225376922664,1.7464638975109
-0.005464048089619878,-0.7955850952315818,-0.15622314497929285,-0.27341215184436973,0.6262771521293408,-0.34845610801930454,0.23523915912409488,0.18081520266643308,0.25357088060870553,-0.17153225049225612,0.021890938283125397,0.12590978851594523,-0.31161994260476134,0.7410871458658644,0.2006703168251616,-0.0740629579397405,0.09632550580708714,0.4670277357317129,-0.3617790487515804,-0.5177568361522272,0.4034400960345855,-0.5552816924343846,0.5669740573806961,-0.0059501381479266004,0.5636416781846236,-0.10811684990130313,-0.0077827011724569016,-0.15267980164531506,-0.24710796388052808,-0.2666561507871139,-0.0392898559550192,0.035133791886555535,-0.041428119117060354,-0.2984431269370325,0.006906112639814449,0.13443170800226834,-0.15280459132825233,0.20234256017400612,0.2581064766405177,-0.04047870947471423,-0.37658502784438086,-0.5081807285014904,0.25298315327829424,0.15604573846064754,0.04972500454042515
0.11512715347210807,3.5686788588639855,1.877213073571659,-1.222169059557129,0.7999754664429553,0.3670678873661112,2.187870279769451,1.9263175041108909,-0.17153225049225612,1.4038715113197038,-2.065887217412743,-2.682339314568298,0.37087416276234886,0.756238445826699,1.7922623953343835,-2.557891236683859,-2.531087159938162,-1.072578424333424,-0.1117196869650028,-1.7589455998126111,-0.921298845963605,1.128430596178242,0.9850434501279528,1.7282929642990663,-2.539873356709109,-1.5133792026736157,3.141771831967022,2.164200206197086,-0.8661066322307543,3.098737813105565,-0.7981466261171484,-2.558831048470275,-1.247624918415424,-1.905723973019989,0.31112880015272754,2.549631004917694,-1.2368693456020416,2.3117861628572096,-0.11044334606711145,0.2561104778903546,0.7411811738890041,-1.897553116583782,-1.3083047499511875,-0.08321840710839384,0.9444892187119244
-0.16388752145025237,-4.904228688236858,-2.945727747821741,2.3709215715116603,-1.9933772133844758,-0.17487857800424372,-3.770584134031736,-3.426811782928204,0.021890938283125397,-2.065887217412743,3.3563697592458483,4.26336803941911,-0.2510207385883083,-2.091554613127113,-3.211729888693973,4.225951204930583,3.969545701321864,1.234149161568013,0.5739318542859729,3.4659542755269763,1.0409944038369274,-1.1975855134591493,-2.289103401507585,-2.841202869825779,3.6219955101875865,2.6339788195851135,-5.135141138409149,-3.392316793231144,1.7143274820797034,-4.721791876677312,1.3652838423648488,4.074406332089766,2.0564538724292145,3.486667784836604,-0.5643578668041768,-4.274249201461596,2.1412245447720974,-4.0787801995049815,-0.06685935991462894,-0.37953061538215294,-0.7515226017891637,3.7496631647468917,1.822338769037384,-0.08150872313716157,-1.6253916790541187
-0.27070159451688597,-6.672076540841201,-3.957132561128246,2.8765115624224835,-2.226180942346032,-0.351104085371067,-4.559616493770661,-4.354062408598426,0.12590978851594523,-2.682339314568298,4.26336803941911,5.524469617809484,-0.507710574887587,-2.2429811757421247,-4.057403075865251,5.346917643863188,5.075740853528498,1.8067763357667705,0.49169241301601513,4.106666643143847,1.556698136909553,-1.6683704793323608,-2.6509861418479352,-3.6667929858653463,5.054384968782581,3.2519014862547184,-6.627457102929553,-4.400451392123629,2.0607743706209876,-6.128693589027261,1.7671331179028942,5.194591208748344,2.6166741782753706,4.358474404567852,-0.7375730910912065,-5.365517743995073,2.6552534248160513,-5.157679348755238,0.07900749110122413,-0.506894846161856,-1.1346767418943984,4.587524187608691,2.4530811076098447,-0.07250652596603269,-2.0420925208020977
0.12410374687568308,1.6163765548948879,0.5815249621045208,0.276570852612467,-0.7947425438621867,0.468105812567071,-0.23121042929355456,0.02293759836819557,-0.31161994260476134,0.37087416276234886,-0.2510207385883083,-0.507710574887587,0.5576372425660546,-1.0733154810675796,-0.03606565443571042,-0.21101518105124875,-0.4295968019888686,-0.797375112533702,0.5889909485376259,0.625422835961191,-0.7390664064368698,0.699106658591975,-0.7153416065992158,0.26346198015039896,-1.2668212075860454,0.07387462749709311,0.48033266933638374,0.45547556475283646,0.2536030024776858,0.734538576029061,-0.08081998516730261,-0.3284683657793764,-0.09672891572477525,0.14714748371710645,0.009696364640494474,0.09507533970020228,0.04168014325286219,0.025133347496379285,-0.41581057511535063,0.08715036706521015,0.6066901960056823,0.46998175896536526,-0.5354138010284747,-0.19137180306617455,0.001488630170089428
-0.12799029697751643,0.12412702151437095,1.056010800799698,-2.5430555488804227,3.4892374162811577,-0.9936813051777571,3.545579879753462,2.725117181026854,0.7410871458658644,0.756238445826699,-2.091554613127113,-2.2429811757421247,-1.0733154810675796,4.201174323001944,2.7125564496975745,-2.912280684668363,-2.1895010622009816,0.8752521803482888,-1.8276213147867932,-4.244723417225908,0.8887220077365066,-0.7952011673876672,3.559776016317073,1.6961105167281003,-0.0013372890548034005,-2.2547315983678344,3.0531562541547776,1.665511083708027,-1.9860427684845685,2.070205761794692,-0.9194644052795045,-2.4894063533953315,-1.4283425070010736,-3.1939758579221995,0.4422698893988212,3.2113421767275883,-1.8429047183429872,3.261367731268237,1.022923028094774,0.10736499767754829,-0.8422506777154879,-4.160817405995041,-0.21920850711884152,0.5222833584424894,1.283083653646062
0.17700562189553015,3.971076638794763,2.8218897088427872,-2.597275875949173,2.4906268887449197,-0.18649306916211092,3.748958486640485,3.5918955354513242,0.2006703168251616,1.7922623953343835,-3.211729888693973,-4.057403075865251,-0.03606565443571042,2.7125564496975745,3.440694415798096,-4.151691395682978,-3.669634477860744,-0.7652464180656852,-0.87190077059197435,-3.838683211222498,-0.6156570372766121,0.6472313401176999,2.827673318133917,2.8203594629359263,-3.1026065197207964,-2.676530068328702,5.0173515545172,3.1594033140425104,-1.9092457703799153,4.2812940262398405,-1.4238304546774223,-3.884322683215555,-2.0636342134553844,-3.725743835881951,0.6268808032923017,4.237504488014121,-2.190796392990297,4.250478232291402,0.2674686830217452,0.3494269138906059,0.34477092525597947,-4.252040305049977,-1.52486914157331,0.24258200204290453,1.651280743231056
-0.21947569600328257,-5.906476805552454,-3.6556577716290124,3.0633799352557207,-2.75324796625388,-0.11700517069188258,-4.885482765517559,-4.371240332702702,-0.0740629579397405,-2.557891236683859,4.225951204930583,5.346917643863188,-0.21101518105124875,-2.912280684668363,-4.151691395682978,5.399986858012868,5.000349370076968,1.3899439367017787,0.8741505441779189,4.578712741904158,1.162743980442451,-1.3554408278846681,-3.1138954083859023,-3.599588474298915,4.317427283462441,3.3597791472132505,-6.496118723679778,-4.22440467247293,2.2503239647013893,-5.894560292900297,1.7500666122637702,5.18485021275479,2.654080698460608,4.514104581006587,-0.7134399975204004,-5.4816493619959425,2.798868944618545,-5.219043185581528,-0.20286065596321604,-0.4710044482966276,-0.8288177613287645,4.9269859212799085,2.2389465106680637,-0.12045756277015973,-2.0656890099139393
-0.20478751184691965,-6.128875290439551,-3.5140192796257073,2.637294849527919,-2.1603928982658585,-0.3542473314058572,-4.445399935815485,-3.9308189012893355,0.09632550580708714,-2.531087159938162,3.969545701321864,5.075740853528498,-0.4295968019888686,-2.1895010622009816,-3.669634477860744,5.000349370076968,4.81130496116512,1.6400481997775582,0.5454229441291425,3.897756335092801,1.4102067278745711,-1.561838212759726,-2.470639554388892,-3.3395706144317328,4.461800034879282,3.015231372798649,-6.098650415026359,-4.064266891238135,1.924530312873146,-5.734827011124932,1.5693146744933357,4.881945227593649,2.4208790282822323,4.007230940289887,-0.6263455216762596,-5.041801543194288,2.520193773561363,-4.6957570601841105,-0.01595996720295067,-0.4567899275984491,-1.0603138108693904,4.171911963167869,2.2757872922411395,-0.022436221393583273,-1.8703795918110986
-0.16252057323476532,-3.4789059938070968,-1.5009554402324659,0.24990870844007188,0.5677892908670642,-0.7258879787304842,-0.7508981330459443,-0.8990488432165594,0.4670277357317129,-1.072578424333424,1.234149161568013,1.8067763357667705,-0.797375112533702,0.8752521803482888,-0.7652464180656852,1.3899439367017787,1.6400481997775582,1.416165555911525,-0.6171432877012114,0.09343225510443699,1.2643272776775594,-1.377131426872342,0.3754345797348514,-1.0771228304838123,2.608919482452102,0.6302902725124455,-1.9582224870116005,-1.5223488630097677,0.10070703500887618,-2.2549470995377123,0.44397626475624047,1.5340932515684327,0.6663258582960518,0.6846045420509435,-0.1660220134595701,-1.2594386363896768,0.490614437731511,-1.0767327571417464,0.5342354940938623,-0.2180668650370626,-1.0427210763518362,0.3127832274770073,1.2034844729440082,0.25992144603897605,-0.44474585000200445
0.11034279517887859,0.6635514244452826,-0.008448902033499085,0.9113159174688253,-1.449607836614057,0.4702510548788963,-1.3348276243778736,-0.7936251598759222,-0.3617790487515804,-0.1117196869650028,0.5739318542859729,0.49169241301601513,0.5889909485376259,-1.8276213147867932,-0.87190077059197435,0.8741505441779189,0.5454229441291425,-0.6171432877012114,0.8881701603861551,1.663353756667452,-0.6249847360825672,0.4142061005641617,-1.448390134998823,-0.4245950318194518,-0.6869038326579261,0.7887302643026214,-0.731164052201313,-0.3335108655085923,0.7383916996917099,-0.3832789272002568,0.2479198340700285,0.7067279433197459,0.44726472329762806,1.0405056061410685,-0.12407050597392236,-1.0234189511241583,0.6424147486118587,-0.9955696756039114,-0.5416451381464629,-0.004293503549535917,0.5109327807679527,1.5072898630807496,-0.1304386801409738,-0.17681655324471765,-0.4097350157406204
-0.004246346917493313,-2.9528954757070625,-2.466479821699049,3.2062321870045527,-3.670313349932514,0.5955100512611594,-4.774300066058571,-3.9468679435238414,-0.5177568361522272,-1.7589455998126111,3.4659542755269763,4.106666643143847,0.625422835961191,-4.244723417225908,-3.838683211222498,4.578712741904158,3.897756335092801,0.09343225510443699,1.663353756667452,5.087759439704439,-0.03877473498206666,-0.18019686592506434,-3.903787433392226,-2.885790510124524,2.07625973094985,3.1688143725991056,-5.1903515100629525,-3.1766266151909814,2.4276285237676896,-4.259002542801051,1.4639356683235836,4.193991659286822,2.249104772175372,4.32629286657161,-0.6488668674523259,-4.820530466149709,2.5896454552677026,-4.723307618775873,-0.7872499851190923,-0.30316361329640057,0.15864176234814037,5.186512276377452,1.2353797270335072,-0.39721080936629444,-1.87370808815706
-0.17418245416433994,-3.104875597472369,-1.3674684433556608,0.16666647230752993,0.5520954211641936,-0.6238744850924051,-0.5274040997349472,-0.7798078938600956,0.4034400960345855,-0.921298845963605,1.0409944038369274,1.556698136909553,-0.7390664064368698,0.8887220077365066,-0.6156570372766121,1.162743980442451,1.4102067278745711,1.2643272776775594,-0.6249847360825672,-0.03877473498206666,1.1658259452713595,-1.098660614502707,0.4194756787555094,-0.9219504669536237,2.407966442979746,0.4632275921806828,-1.7154986002084975,-1.309422984809272,0.050632418757998766,-1.9427842469742749,0.3803692650903174,1.2890770059550023,0.5442598603701755,0.575164215696883,-0.12874489413940907,-1.03838606671551,0.39116589661684753,-0.9000296280066108,0.5099664853964018,-0.18181144465413224,-0.9332203235112561,0.19361733596466157,1.0487105103801808,0.18867986435112058,-0.3566222616554236
0.04193382142987952,3.260131088870328,1.0920692729484902,-0.16648155415493499,-0.6817366154771162,0.9292778684917913,1.0135981217461734,0.5843573166885987,-0.5552816924343846,1.128430596178242,-1.1975855134591493,-1.6683704793323608,0.699106658591975,-0.7952011673876672,0.6472313401176999,-1.3554408278846681,-1.561838212759726,-1.377131426872342,0.4142061005641617,-0.18019686592506434,-1.098660614502707,2.02410304747126,-0.4098793505466311,0.9533830559997974,-1.9402635018581738,-0.7763661542023361,1.6019833415975102,1.417774446797579,-0.029214085061199966,2.209479964746806,-0.3790598959358215,-1.595357532043277,-0.7281603999343446,-0.405951743224435,0.14376914731034487,1.2560163356835423,-0.5006924652886792,0.8393656604694358,-0.41416760149720605,0.23354500298911957,1.0905874932208144,-0.14892087080527755,-1.218864829543373,-0.5132191532860546,0.4555878752665495
-0.00873649749222088,1.1883969086046935,1.5556038582021339,-2.438702462770087,3.038883021165162,-0.7463196984147308,3.362890315343396,2.8727319270697347,0.5669740573806961,0.9850434501279528,-2.289103401507585,-2.6509861418479352,-0.7153416065992158,3.559776016317073,2.827673318133917,-3.1138954083859023,-2.470639554388892,0.3754345797348514,-1.448390134998823,-3.903787433392226,0.4194756787555094,-0.4098793505466311,3.2001719602275283,1.9556927157477286,-0.9314203094928333,-2.2444144786020104,3.4856430063291772,1.998982671978819,-1.8723986162878135,2.568609795686142,-1.0399588530177428,-2.741991530249711,-1.5446381699896374,-3.2177177159539974,0.48737214610863305,3.32883126976175,-1.8490277754319493,3.414815216691846,0.7463133929592213,0.173832754987818,-0.4843055077330171,-4.028184313839436,-0.5732022103923655,0.43496573946017597,1.3217640628070408
0.19966618997742872,4.228313481343358,2.638737803109601,-2.0190802834549992,1.6604560741613235,0.1154619813713089,3.0669207352176966,2.990980623460038,-0.0059501381479266004,1.7282929642990663,-2.841202869825779,-3.6667929858653463,0.26346198015039896,1.6961105167281003,2.8203594629359263,-3.599588474298915,-3.3395706144317328,-1.0771228304838123,-0.4245950318194518,-2.885790510124524,-0.9219504669536237,0.9533830559997974,1.9556927157477286,2.488388876897752,-3.242739813241598,-2.2101690200347144,4.447235230594311,2.895419240024208,-1.4587908258818039,4.008815149249288,-1.2147365817928912,-3.45120141085004,-1.7747675206959739,-3.0169143484719374,0.5086875972130905,3.616766129465642,-1.8174057951182299,3.5417825334939663,0.01127780197389042,0.33508543914582517,0.6326179199665544,-3.264722822715766,-1.5714543178378944,0.08914326311904285,1.3835755048224845
-0.43784791874902795,-7.644478432816198,-4.187114642219308,1.855247393356145,-0.49810041915649356,-0.8433505215239336,-2.826829451989406,-3.6003947339855875,0.5636416781846236,-2.539873356709109,3.6219955101875865,5.054384968782581,-1.2668212075860454,-0.0013372890548034005,-3.1026065197207964,4.317427283462441,4.461800034879282,2.608919482452102,-0.6869038326579261,2.07625973094985,2.407966442979746,-1.9402635018581738,-0.9314203094928333,-3.242739813241598,6.298355485900881,2.2860228400961637,-5.950258178934617,-4.103180254058583,1.2114350003418792,-5.723596257894325,1.5151064066207904,4.327222472845183,2.0541618203069225,3.2595558329247187,-0.6335547900802685,-4.144136267392205,1.8522574291950982,-4.123946200631733,0.8226798442202585,-0.5032743703898371,-1.7471010977009755,2.8861256882779953,2.6148821428750417,0.010817396074041726,-1.5797707035024866
-0.05744546254810209,-3.2043871866515943,-2.097577528921501,2.0873099323437456,-1.9812727359818345,0.054511591561308984,-3.2284851032137283,-2.779565396569013,-0.10811684990130313,-1.5133792026736157,2.6339788195851135,3.2519014862547184,0.07387462749709311,-2.2547315983678344,-2.676530068328702,3.3597791472132505,3.015231372798649,0.6302902725124455,0.7887302643026214,3.1688143725991056,0.4632275921806828,-0.7763661542023361,-2.2444144786020104,-2.2101690200347144,2.2860228400961637,2.253797020782407,-3.936072276169975,-2.5654211484401466,1.5244321619195729,-3.507486983996564,1.0905456491733487,3.1841993246733127,1.6594431040059265,2.9010013814912328,-0.4789177749577767,-3.4576232684683834,1.7739756539534366,-3.3378226654134844,-0.2550390426529142,-0.28068688798792546,-0.32041049414676376,3.324671514950719,1.2431057999277273,-0.11650235922770873,-1.3511047512364782
0.34833988053100623,7.7009075921120616,4.778308330695579,-3.6147885401575266,3.0244466290146907,0.21185309335682048,5.567605104360765,5.400904191920487,-0.0077827011724569016,3.141771831967022,-5.135141138409149,-6.627457102929553,0.48033266933638374,3.0531562541547776,5.0173515545172,-6.496118723679778,-6.098650415026359,-1.9582224870116005,-0.731164052201313,-5.1903515100629525,-1.7154986002084975,1.6019833415975102,3.4856430063291772,4.447235230594311,-5.950258178934617,-3.936072276169975,8.067038878121028,5.251166059422841,-2.6230087462503016,7.275366024789231,-2.1602117164295644,-6.242775875845898,-3.166397333901828,-5.463754050810113,0.8953569652306638,6.5416028164375115,-3.2788244649754845,6.3648050587022835,0.014302333872466952,0.5882332119298472,1.1760549148385664,-5.814359631521222,-2.8335375610879026,0.21295581944590672,2.4817749685589146
0.19704648033705108,5.432972887203182,3.143764895735562,-2.232936228356629,1.6600963634328145,0.3463768791734529,3.6123787074033067,3.4080874653341997,-0.15267980164531506,2.164200206197086,-3.392316793231144,-4.400451392123629,0.45547556475283646,1.665511083708027,3.1594033140425104,-4.22440467247293,-4.064266891238135,-1.5223488630097677,-0.3335108655085923,-3.1766266151909814,-1.309422984809272,1.417774446797579,1.998982671978819,2.895419240024208,-4.103180254058583,-2.5654211484401466,5.251166059422841,3.5289796363683386,-1.5929713835094674,4.9201002184478755,-1.3750753658676997,-4.123003413377535,-2.051004103354505,-3.3978544292872206,0.5792073442809167,4.234022925490727,-2.0763869894470965,4.045039602832033,-0.10626171191742341,0.40723131964164566,0.9696685168630382,-3.5267447130972465,-1.988196328440375,0.03085524753259626,1.6088797383550804
-0.03377630147461053,-1.574100510607468,-1.3203855638090196,1.5776027006386224,-1.7567628067727457,0.30483465602942744,-2.2469352569251977,-1.9944524689331384,-0.24710796388052808,-0.8661066322307543,1.7143274820797034,2.0607743706209876,0.2536030024776858,-1.9860427684845685,-1.9092457703799153,2.2503239647013893,1.924530312873146,0.10070703500887618,0.7383916996917099,2.4276285237676896,0.050632418757998766,-0.029214085061199966,-1.8723986162878135,-1.4587908258818039,1.2114350003418792,1.5244321619195729,-2.6230087462503016,-1.5929713835094674,1.1865063536788494,-2.1210666120745247,0.7385082883686076,2.0460304297108816,1.0944498731994736,2.1530871512598555,-0.32704975456895735,-2.35038976597338,1.251084150898068,-2.3603738506553933,-0.3333938826092334,-0.15289088843200704,0.057715548750561396,2.551396005968769,0.6292924949122983,-0.22606951315663606,-0.9172047228115343
0.2890205475803916,7.815502443773275,4.341007590349951,-2.9599415027288627,2.1291326960338015,0.6294241590724321,5.037224417929098,4.588886169513859,-0.2666561507871139,3.098737813105565,-4.721791876677312,-6.128693589027261,0.734538576029061,2.070205761794692,4.2812940262398405,-5.894560292900297,-5.734827011124932,-2.2549470995377123,-0.3832789272002568,-4.259002542801051,-1.9427842469742749,2.209479964746806,2.568609795686142,4.008815149249288,-5.723596257894325,-3.507486983996564,7.275366024789231,4.9201002184478755,-2.1210666120745247,6.966038213357436,-1.8808420361181921,-5.8123829407219585,-2.873601700082167,-4.581263443807507,0.7543429839685644,5.889750052026287,-2.895939101987894,5.483373872713609,-0.17375884562935304,0.576325551010548,1.4954976916369604,-4.6740095108437,-2.878218270353529,-0.07280151192052209,2.1936196835941018
-0.1138823139565789,-1.9237817430044848,-1.2878040367674481,1.023003567736791,-0.8833153602535901,0.0039299998963724,-1.4712967779022788,-1.5015951257132707,-0.0392898559550192,-0.7981466261171484,1.3652838423648488,1.7671331179028942,-0.08081998516730261,-0.9194644052795045,-1.4238304546774223,1.7500666122637702,1.5693146744933357,0.44397626475624047,0.2479198340700285,1.4639356683235836,0.3803692650903174,-0.3790598959358215,-1.0399588530177428,-1.2147365817928912,1.5151064066207904,1.0905456491733487,-2.1602117164295644,-1.3750753658676997,0.7385082883686076,-1.8808420361181921,0.6211313327939698,1.6607046264294478,0.8806212822175935,1.5165304169312361,-0.2617144779789608,-1.764881886163205,0.9004232348171358,-1.7667237563394214,-0.02996117721676398,-0.1585581723389337,-0.24535947393024285,1.687177587413478,0.7213505361360577,-0.07573398838241044,-0.6861521443434525
-0.2117632567770228,-6.035972346768205,-3.547286422326008,2.7949964873716167,-2.3858173240260183,-0.29420438263200027,-4.656167439954314,-4.088712031823232,0.035133791886555535,-2.558831048470275,4.074406332089766,5.194591208748344,-0.3284683657793764,-2.4894063533953315,-3.884322683215555,5.18485021275479,4.881945227593649,1.5340932515684327,0.7067279433197459,4.193991659286822,1.2890770059550023,-1.595357532043277,-2.741991530249711,-3.45120141085004,4.327222472845183,3.1841993246733127,-6.242775875845898,-4.123003413377535,2.0460304297108816,-5.8123829407219585,1.6607046264294478,5.052619561111897,2.5608071334794023,4.194957268491111,-0.6676233362764447,-5.247764959907716,2.654839913101212,-4.898635164072672,-0.10890332042466293,-0.4691941476010047,-0.9851292479810445,4.487662214417676,2.280951740691108,-0.020762259508839098,-1.9637452475283932
-0.12257263516595861,-2.862445963653594,-1.782761203898367,1.4867319236648722,-1.3374736124511166,-0.06964188555145531,-2.3863509071705074,-2.130454789898433,-0.041428119117060354,-1.247624918415424,2.0564538724292145,2.6166741782753706,-0.09672891572477525,-1.4283425070010736,-2.0636342134553844,2.654080698460608,2.4208790282822323,0.6663258582960518,0.44726472329762806,2.249104772175372,0.5442598603701755,-0.7281603999343446,-1.5446381699896374,-1.7747675206959739,2.0541618203069225,1.6594431040059265,-3.166397333901828,-2.051004103354505,1.0944498731994736,-2.873601700082167,0.8806212822175935,2.5608071334794023,1.338035098726609,2.2018315276963287,-0.3580389208255125,-2.6941349503029133,1.3886933556679377,-2.556414952340789,-0.11030286518356434,-0.23730281076572876,-0.4056652014295034,2.4390573623062113,1.10703042805868,-0.029213766313474387,-1.0183354215495075
-0.1656155866806286,-4.093396728121805,-3.011278339708808,2.900607289132466,-2.9412138491648037,0.3248613766462162,-4.174561280903253,-3.961897436952284,-0.2984431269370325,-1.905723973019989,3.486667784836604,4.358474404567852,0.14714748371710645,-3.1939758579221995,-3.725743835881951,4.514104581006587,4.007230940289887,0.6846045420509435,1.0405056061410685,4.32629286657161,0.575164215696883,-0.405951743224435,-3.2177177159539974,-3.0169143484719374,3.2595558329247187,2.9010013814912328,-5.463754050810113,-3.3978544292872206,2.1530871512598555,-4.581263443807507,1.5165304169312361,4.194957268491111,2.2018315276963287,4.154188208934635,-0.6603523744724581,-4.641587665479678,2.409341077052495,-4.652981662473227,-0.3699721258433516,-0.34879555015507974,-0.2674340798805732,4.7135171041726265,1.5529861851166142,-0.3706391811159036,-1.7975565606454447
0.0258776236037652,0.7346670903209712,0.5381923732880568,-0.461636946767903,0.3920884097657052,-0.02026958042783558,0.6144203092263055,0.6587660487369653,0.006906112639814449,0.31112880015272754,-0.5643578668041768,-0.7375730910912065,0.009696364640494474,0.4422698893988212,0.6268808032923017,-0.7134399975204004,-0.6263455216762596,-0.1660220134595701,-0.12407050597392236,-0.6488668674523259,-0.12874489413940907,0.14376914731034487,0.48737214610863305,0.5086875972130905,-0.6335547900802685,-0.4789177749577767,0.8953569652306638,0.5792073442809167,-0.32704975456895735,0.7543429839685644,-0.2617144779789608,-0.6676233362764447,-0.3580389208255125,-0.6603523744724581,0.13662938190112275,0.7243170334727113,-0.357636293441897,0.7712611233206697,0.013435159332721618,0.06784105563365589,0.07432352283094604,-0.7561614738845431,-0.274299138741502,0.05116805773396513,0.3015986615091684
0.1887510974737977,5.714689786801699,3.603818548695734,-3.1817230249614035,2.981466934308177,0.03543063034015548,5.0745133772077535,4.455571015994169,0.13443170800226834,2.549631004917694,-4.274249201461596,-5.365517743995073,0.09507533970020228,3.2113421767275883,4.237504488014121,-5.4816493619959425,-5.041801543194288,-1.2594386363896768,-1.0234189511241583,-4.820530466149709,-1.03838606671551,1.2560163356835423,3.32883126976175,3.616766129465642,-4.144136267392205,-3.4576232684683834,6.5416028164375115,4.234022925490727,-2.35038976597338,5.889750052026287,-1.764881886163205,-5.247764959907716,-2.6941349503029133,-4.641587665479678,0.7243170334727113,5.5970432112977955,-2.8752602098700706,5.322275696738614,0.29661587071116463,0.4623486713849231,0.732712714247178,-5.119250877896469,-2.1824029814305694,0.16047877528954527,2.115200074652662
-0.10093337128989498,-2.6252108393681666,-1.738835448062822,1.6601117417127873,-1.688380484673087,0.07125600886694608,-2.6598864898668455,-2.262860466393528,-0.15280459132825233,-1.2368693456020416,2.1412245447720974,2.6552534248160513,0.04168014325286219,-1.8429047183429872,-2.190796392990297,2.798868944618545,2.520193773561363,0.490614437731511,0.6424147486118587,2.5896454552677026,0.39116589661684753,-0.5006924652886792,-1.8490277754319493,-1.8174057951182299,1.8522574291950982,1.7739756539534366,-3.2788244649754845,-2.0763869894470965,1.251084150898068,-2.895939101987894,0.9004232348171358,2.654839913101212,1.3886933556679377,2.409341077052495,-0.357636293441897,-2.8752602098700706,1.5205654686051275,-2.7217420474185796,-0.24416938963630644,-0.22397234795860846,-0.2618830376148189,2.718536065103996,1.03965501269654,-0.09407355424861637,-1.0716130749748967
0.21689037574007758,5.240361878909011,3.61430372368976,-3.227127566347378,3.0263938784066946,-0.17700892958479197,4.689864291186233,4.513795999981099,0.20234256017400612,2.3117861628572096,-4.0787801995049815,-5.157679348755238,0.025133347496379285,3.261367731268237,4.250478232291402,-5.219043185581528,-4.6957570601841105,-1.0767327571417464,-0.9955696756039114,-4.723307618775873,-0.9000296280066108,0.8393656604694358,3.414815216691846,3.5417825334939663,-4.123946200631733,-3.3378226654134844,6.3648050587022835,4.045039602832033,-2.3603738506553933,5.483373872713609,-1.7667237563394214,-4.898635164072672,-2.556414952340789,-4.652981662473227,0.7712611233206697,5.322275696738614,-2.7217420474185796,5.319152300866225,0.2646031586721283,0.43782661274810025,0.5235032317811352,-5.219195041762387,-1.968669293461972,0.321024709528509,2.0697775157118463
-0.08268792076867941,-0.8976808712817906,-0.2804632435966621,-0.3726088543488962,0.8054387008110363,-0.3308774224619612,0.5573209362806456,0.19363971428219148,0.2581064766405177,-0.11044334606711145,-0.06685935991462894,0.07900749110122413,-0.41581057511535063,1.022923028094774,0.2674686830217452,-0.20286065596321604,-0.01595996720295067,0.5342354940938623,-0.5416451381464629,-0.7872499851190923,0.5099664853964018,-0.41416760149720605,0.7463133929592213,0.01127780197389042,0.8226798442202585,-0.2550390426529142,0.014302333872466952,-0.10626171191742341,-0.3333938826092334,-0.17375884562935304,-0.02996117721676398,-0.10890332042466293,-0.11030286518356434,-0.3699721258433516,0.013435159332721618,0.29661587071116463,-0.24416938963630644,0.2646031586721283,0.37502614735360196,-0.03678541214237165,-0.4061697186949394,-0.6377811114703441,0.253341262047847,0.10617283244009566,0.10858163061533858
0.03027639623096935,0.6824496308363039,0.3701663652430339,-0.22010075893109873,0.11606496038028608,0.075776709476949,0.3754415262739466,0.36108727705553906,-0.04047870947471423,0.2561104778903546,-0.37953061538215294,-0.506894846161856,0.08715036706521015,0.10736499767754829,0.3494269138906059,-0.4710044482966276,-0.4567899275984491,-0.2180668650370626,-0.004293503549535917,-0.30316361329640057,-0.18181144465413224,0.23354500298911957,0.173832754987818,0.33508543914582517,-0.5032743703898371,-0.28068688798792546,0.5882332119298472,0.40723131964164566,-0.15289088843200704,0.576325551010548,-0.1585581723389337,-0.4691941476010047,-0.23730281076572876,-0.34879555015507974,0.06784105563365589,0.4623486713849231,-0.22397234795860846,0.43782661274810025,-0.03678541214237165,0.053679083451865534,0.1444007786696648,-0.3563029640778348,-0.2550494772181263,-0.025428509401043208,0.17517554996589998
0.1064771190042116,2.4475764174230785,0.9377137748391237,0.0020922897678773986,-0.5960296873237727,0.6093933139529222,0.40085997126835027,0.4258341794717261,-0.37658502784438086,0.7411811738890041,-0.7515226017891637,-1.1346767418943984,0.6066901960056823,-0.8422506777154879,0.34477092525597947,-0.8288177613287645,-1.0603138108693904,-1.0427210763518362,0.5109327807679527,0.15864176234814037,-0.9332203235112561,1.0905874932208144,-0.4843055077330171,0.6326179199665544,-1.7471010977009755,-0.32041049414676376,1.1760549148385664,0.9696685168630382,0.057715548750561396,1.4954976916369604,-0.24535947393024285,-0.9851292479810445,-0.4056652014295034,-0.2674340798805732,0.07432352283094604,0.732712714247178,-0.2618830376148189,0.5235032317811352,-0.4061697186949394,0.1444007786696648,0.8117785512624053,0.0673966255774615,-0.848676772048682,-0.24447646767635356,0.23851771460129403
-0.13718755551152456,-3.6248580580816645,-3.048288547422345,3.4176009350602996,-3.6946690161733127,0.6305307174262762,-4.74534008240945,-4.422511178319115,-0.5081807285014904,-1.897553116583782,3.7496631647468917,4.587524187608691,0.46998175896536526,-4.160817405995041,-4.252040305049977,4.9269859212799085,4.171911963167869,0.3127832274770073,1.5072898630807496,5.186512276377452,0.19361733596466157,-0.14892087080527755,-4.028184313839436,-3.264722822715766,2.8861256882779953,3.324671514950719,-5.814359631521222,-3.5267447130972465,2.551396005968769,-4.6740095108437,1.687177587413478,4.487662214417676,2.4390573623062113,4.7135171041726265,-0.7561614738845431,-5.119250877896469,2.718536065103996,-5.219195041762387,-0.6377811114703441,-0.3563029640778348,0.0673966255774615,5.599732319054656,1.4433103944281214,-0.482530363921294,-2.0201886636360364
-0.16483573473849922,-3.6013637699002676,-1.8175421734056065,0.9121597231160872,-0.3613263778399431,-0.48358258991420416,-1.7312526964036745,-1.6320454041248342,0.25298315327829424,-1.3083047499511875,1.822338769037384,2.4530811076098447,-0.5354138010284747,-0.21920850711884152,-1.52486914157331,2.2389465106680637,2.2757872922411395,1.2034844729440082,-0.1304386801409738,1.2353797270335072,1.0487105103801808,-1.218864829543373,-0.5732022103923655,-1.5714543178378944,2.6148821428750417,1.2431057999277273,-2.8335375610879026,-1.988196328440375,0.6292924949122983,-2.878218270353529,0.7213505361360577,2.280951740691108,1.10703042805868,1.5529861851166142,-0.274299138741502,-2.1824029814305694,1.03965501269654,-1.968669293461972,0.253341262047847,-0.2550494772181263,-0.848676772048682,1.4433103944281214,1.3155140860899306,0.15728963802083884,-0.792717256173941
0.002942498500670265,-0.3360288675131132,0.10878685399565936,-0.29792110115878145,0.4732559794958859,-0.28588546004442694,0.13056607411426727,0.33748225376922664,0.15604573846064754,-0.08321840710839384,-0.08150872313716157,-0.07250652596603269,-0.19137180306617455,0.5222833584424894,0.24258200204290453,-0.12045756277015973,-0.022436221393583273,0.25992144603897605,-0.17681655324471765,-0.39721080936629444,0.18867986435112058,-0.5132191532860546,0.43496573946017597,0.08914326311904285,0.010817396074041726,-0.11650235922770873,0.21295581944590672,0.03085524753259626,-0.22606951315663606,-0.07280151192052209,-0.07573398838241044,-0.020762259508839098,-0.029213766313474387,-0.3706391811159036,0.05116805773396513,0.16047877528954527,-0.09407355424861637,0.321024709528509,0.10617283244009566,-0.025428509401043208,-0.24447646767635356,-0.482530363921294,0.15728963802083884,0.22241738323513766,0.09450601574585339
0.05914612219741566,2.102849330123211,1.3826417556381851,-1.2633859749409588,1.1618157320270042,-0.020950559865502698,1.9052956993594605,1.7464638975109,0.04972500454042515,0.9444892187119244,-1.6253916790541187,-2.0420925208020977,0.001488630170089428,1.283083653646062,1.651280743231056,-2.0656890099139393,-1.8703795918110986,-0.44474585000200445,-0.4097350157406204,-1.87370808815706,-0.3566222616554236,0.4555878752665495,1.3217640628070408,1.3835755048224845,-1.5797707035024866,-1.3511047512364782,2.4817749685589146,1.6088797383550804,-0.9172047228115343,2.1936196835941018,-0.6861521443434525,-1.9637452475283932,-1.0183354215495075,-1.7975565606454447,0.3015986615091684,2.115200074652662,-1.0716130749748967,2.0697775157118463,0.10858163061533858,0.17517554996589998,0.23851771460129403,-2.0201886636360364,-0.792717256173941,0.09450601574585339,0.8294575763334686
