V1,V2,V3,V4,V5,V6,V7,V8,V9,V10,V11,V12,V13,V14,V15,V16,V17,V18,V19,V20,V21,V22,V23,V24,V25,V26,V27,V28,V29,V30,V31,V32,V33,V34,V35,V36,V37,V38,V39,V40,V41,V42,V43,V44,V45
1.6127877529475214,-2.129838185630158,-1.8866659313138556,0.9562881687676955,4.917677654274963,-1.4930055863724645,0.6015067792595402,0.14894856684856736,-2.1930086526743238,0.1985285311736328,-0.5437873617465295,3.869217496432872,0.2453019592230626,0.14535365559764007,-3.064691515758726,0.07831224463065649,-0.3991702653257869,-0.3825303340816588,-1.6920049867177887,2.98244969635746,-0.9994712808449953,-0.15397230869505757,0.9345761343271782,-1.1462831597464869,0.9422241588861079,3.9092671649620123,-0.3067034738565533,-0.8862669790474453,-1.4725885463514803,1.3888778304809482,-2.3031858019280773,0.5260274052633219,0.9383908586962302,-1.410966657454919,-1.2094357950154475,-1.6262833090942488,-4.054798663458746,1.9692548999667434,-1.8700577736381572,5.562936181752768,2.2655892747037343,-0.68069043586024,0.6408429966158133,0.2863675719005616,-0.3422391787300759
-2.129838185630158,3.0428007560149046,3.3399663477523203,-1.5373725522450619,-7.262885193484752,2.3522676659634723,-1.1100094866019268,-0.13834178704931743,3.489910795033841,-0.47478404599080176,0.5382822575390642,-5.660206034083975,-0.11195013965666359,-0.22855294318543215,4.6405937785139,-0.045066657418059264,0.23599687422825952,0.6817193314941066,2.338809984937894,-4.831452019528176,1.78000530846048,-0.059630161703135114,-1.3447839580708925,1.6737097119744,-1.2120508551992681,-5.8862810105266945,-0.16877784406301763,1.3909175920106653,2.2198180196013246,-2.0218738552970352,3.4401313576069876,-0.6780591813255471,-1.9947070283357824,2.0202645630582667,1.813749030467892,2.1463068393976377,6.251320160351825,-2.863712962977135,2.838003456476589,-8.815969038486484,-3.539901202824626,1.0794757061132891,-1.0496222581515573,-0.6212574261725097,0.9905732755596833
-1.8866659313138556,3.3399663477523203,7.0205191297918,-3.075826306527305,-9.193757318289055,2.997894059637765,-1.7200670824051991,-0.32702037046666527,4.688431553546128,-0.7065920959599633,0.375125801864888,-6.0679094899643875,-0.2665187693784755,-0.028016371695041356,7.670964359569334,-0.5327270433828019,-1.137110574672682,0.9079916937570759,3.2391695481083635,-8.086676042620486,2.9034037534465362,-0.45520938129989896,-0.8207611445136839,2.110703586001632,-1.7256001378201808,-7.8035422997666215,-0.3843598642892172,1.72811102762992,3.5619601258345908,-2.339692819865419,4.339595121614635,-1.0256739186042312,-4.659208204665377,2.346591226726219,2.0947428921539037,1.5629752295689727,9.420191480738898,-3.398590937216272,3.8135628862385658,-13.238212340699317,-4.541014232248173,0.8529679376883303,-2.2600684626408527,-1.2411184025929325,2.1101062876536263
0.9562881687676955,-1.5373725522450619,-3.075826306527305,1.4490576684071728,4.219164675279927,-1.3423110020682671,0.6418408491356434,0.1588545590691705,-1.9166088333511975,0.2009405006653383,-0.2250648381212264,2.722293911922995,0.33549464091685766,-0.10461709435192407,-3.643180309514955,0.15078048776139724,0.31289587073578135,-0.3438562052028849,-1.7669732315950655,3.5401122918636863,-1.1367428028099253,0.13257172287998173,0.25114432278016285,-0.9369811145850006,0.8528904226903342,3.5370785010796326,-0.2194281886046782,-0.7368572561182212,-1.6844032408398122,0.9562918803414274,-1.990825342598164,0.704395722195064,1.847609337843504,-1.0483137783311793,-0.8950463968999167,-0.9525205076598992,-4.286909666614323,1.5996634518382271,-1.788643966223236,5.8816889430408485,2.0212319520878226,-0.21730043281313052,1.042162869255346,0.49024938097635035,-0.7083786983094834
4.917677654274963,-7.262885193484752,-9.193757318289055,4.219164675279927,17.870462982120205,-5.939571183664087,2.8186118430417033,0.26327958933782525,-8.539505870042182,1.210915940823896,-0.9915039247901931,13.549027684214566,0.345280400019716,0.3122217458368416,-12.115927688074745,-0.0956343775317878,-0.23751891368206354,-1.7142768709105503,-6.110473222646401,12.496577671464886,-4.5491638697264385,0.478596216130055,2.8715979230851367,-4.028616613135568,2.870246607794441,14.620197832409783,0.5803560865661915,-3.4280383686295086,-5.7460093753698365,4.668183122789875,-8.517111683394992,2.004141920148104,5.577900095330383,-4.7883200182030645,-4.3428761158239855,-5.176909291484415,-15.936356574974392,7.022059207241213,-7.20416859295411,22.52608314567914,8.880747979408236,-2.3438557659492836,2.8936724274465004,1.7381577384154203,-2.779137250320832
-1.4930055863724645,2.3522676659634723,2.997894059637765,-1.3423110020682671,-5.939571183664087,2.351451649415529,-1.0594456857291115,0.23699311604031234,2.8123706784426425,-0.575463683459497,-0.23282978510240782,-4.703312587351373,0.13146639286962253,0.07450793940919075,3.8496547453420384,0.8012677630713574,0.2893187007650548,0.7136380773159203,2.2115699437369134,-4.024774762200122,1.5877307305696609,-0.6856970078216602,-0.9123539901407048,1.1828452025957086,-0.44262143778502216,-4.91731289210603,-0.9649578654358565,1.258767723413685,1.8200883908186682,-1.207575044569644,2.9661754023322016,-0.9650903319111094,-1.8815756223615647,1.4012338193439515,1.4388112740745724,2.1895559632715442,5.273861470635943,-2.4246283964600144,2.6519063956710514,-7.810807774992177,-3.376023285308071,0.7616220557533255,-0.835322438168368,-0.7601403856847605,1.2999483265295229
0.6015067792595402,-1.1100094866019268,-1.7200670824051991,0.6418408491356434,2.8186118430417033,-1.0594456857291115,0.6741809719665843,-0.032346910875365356,-1.6605859632687912,0.39230580497064366,0.038567039143182824,2.2252795390821034,-0.27293148441398035,0.159390491614444,-1.769627074401348,-0.0364540684280712,0.24110880953307673,-0.3968485787713392,-0.6404525975282559,2.2320372689617676,-1.0113169373377482,0.2959350661814964,0.5803509998598787,-0.644504504095523,0.27251181662003227,2.387169887088619,0.7767979833847255,-0.6373946283740533,-0.8465267892872937,0.8129478732438135,-1.3708731634892974,0.0756260892277621,1.336280642143855,-0.7469620635574626,-0.7638196712890806,-0.5678290693059962,-2.6060960939571145,1.067663856430595,-1.1448102889655785,3.9407251063230966,1.571828304963804,-0.5781315041616395,0.45375520794541596,0.4302402228968196,-0.8846564100283509
0.14894856684856736,-0.13834178704931743,-0.32702037046666527,0.1588545590691705,0.26327958933782525,0.23699311604031234,-0.032346910875365356,0.29337565637455865,-0.19166855392937052,-0.1126839195925343,-0.48634451545301655,-0.014875710025764544,0.19737494645840264,0.16469564719520868,-0.39516453017474973,0.7053106214258942,0.27028968296474054,0.08916813107203231,0.09304148559392271,0.40580309923239605,-0.054746180848506416,-0.42702173991852893,0.0574117800138671,-0.1994308738444365,0.4902211883077929,0.18536445697685822,-0.6067564105176244,0.04786348907792959,-0.1891563655731549,0.37608443073415754,-0.006659412275562088,-0.2556669558694416,0.1892365593035104,-0.23180626467653578,-0.06794842752502098,0.41564294619098835,-0.3256281608393183,0.008376943559767548,0.114268669339709,0.16538250766852436,-0.22941568242495752,-0.05049901010491196,0.193084351828756,-0.10387460989924735,0.21647377876901136
-2.1930086526743238,3.489910795033841,4.688431553546128,-1.9166088333511975,-8.539505870042182,2.8123706784426425,-1.6605859632687912,-0.19166855392937052,4.651270557148318,-0.8248225724536992,0.5141208011367486,-6.59823867155515,0.284210965786458,-0.4919918873340932,5.493103629467536,-0.38276517174805424,-0.4145154438393879,0.9521252001753506,2.182745826264548,-6.367268483731044,2.6074579309201655,-0.2524327748531137,-1.7091179909792815,2.0455284578416717,-1.3622664874262564,-7.0667161066744795,-1.0105018396228949,1.739168617211704,2.6309882630802313,-2.6179334291197307,4.031961768763666,-0.3041344212168975,-3.3027125894602123,2.41690566503532,2.2398469108512042,1.8062468672289156,7.672160067170374,-3.242047084771386,3.268748008685062,-11.084462441732157,-4.271854534139776,1.5579634653298455,-1.381833217152346,-0.9573821948856849,1.825145203700966
0.1985285311736328,-0.47478404599080176,-0.7065920959599633,0.2009405006653383,1.210915940823896,-0.575463683459497,0.39230580497064366,-0.1126839195925343,-0.8248225724536992,0.2791606823403658,0.18818171976818643,1.0821723677121164,-0.30428156077841056,0.09286367990404376,-0.583482075922655,-0.19196976626783704,0.11097724919317829,-0.2476978094369381,-0.16247961233879696,0.9482033170110664,-0.5391731573905191,0.29900017588765254,0.33590785787392236,-0.2519539724580016,-0.06267083120790096,1.0535403535700265,0.7531815673404112,-0.337697386499603,-0.28648987218180444,0.32639963832656194,-0.6263531742971414,-0.01852388482796009,0.6662060635837521,-0.2916051790874615,-0.3694746759335752,-0.28452679391493296,-1.0814512113245538,0.47041785120038326,-0.5330056870277,1.8144511633697245,0.8227324589440657,-0.3555141007632972,0.1258230030376861,0.26203503481363244,-0.5941640879674829
-0.5437873617465295,0.5382822575390642,0.375125801864888,-0.2250648381212264,-0.9915039247901931,-0.23282978510240782,0.038567039143182824,-0.48634451545301655,0.5141208011367486,0.18818171976818643,0.9170704865551996,-0.5517442876464799,-0.35493922563863506,-0.318192658028235,0.7722012025313971,-1.1149745211488988,-0.20093791726805824,-0.11689754017550891,0.016682772521850176,-0.7368509741362498,0.10354441382797386,0.7858828282573554,-0.3093657608625157,0.46050224261837513,-0.9019419699463361,-0.6984660778873752,1.0968759142266742,0.01982921021832041,0.38419225210545294,-0.8045133817629986,0.2713266334009253,0.37379832384539735,-0.11667709828396701,0.5712696890739852,0.2711629329179491,-0.34023052707379514,0.7954720362453589,-0.268845759438949,-0.007995506317404354,-0.6097220597383735,0.14098066753319535,0.2169709400126406,-0.2703150233888734,0.20729932325689618,-0.45503834626759837
3.869217496432872,-5.660206034083975,-6.0679094899643875,2.722293911922995,13.549027684214566,-4.703312587351373,2.2252795390821034,-0.014875710025764544,-6.59823867155515,1.0821723677121164,-0.5517442876464799,10.828430269527985,-0.10963858570120971,0.36756753576259416,-8.324378405441891,-0.5099132198601717,-0.5932397951633267,-1.421880954090426,-4.334791777105545,8.863606931850121,-3.4410749807160803,0.5424559922446194,2.6043976615172655,-3.0168963512968343,1.808566334584541,11.02678557027784,1.1276890272091715,-2.7212912123168023,-3.9906798636680727,3.5775654837236908,-6.5253884495983145,1.3637179289045265,3.7505961350865347,-3.648051699051232,-3.429330250073102,-4.330650238244641,-11.5577924088582,5.41041070174323,-5.4606686082529095,16.66005792110664,6.968851790590295,-2.129604489202408,1.790057431223888,1.3144337133123032,-2.2257091533632622
0.2453019592230626,-0.11195013965666359,-0.2665187693784755,0.33549464091685766,0.345280400019716,0.13146639286962253,-0.27293148441398035,0.19737494645840264,0.284210965786458,-0.30428156077841056,-0.35493922563863506,-0.10963858570120971,0.5890624622299752,-0.19322194194000306,-0.8159201503872052,0.22892331914740768,-0.15724837806955774,0.1816238713641977,-0.6617112433532978,0.20373390170050043,0.27409864376874543,-0.34880580658199223,-0.30473987709602496,-0.08391605413592486,0.4518489860556889,0.20888965572255463,-1.164793890164669,0.11161140027933748,-0.35769400080158886,-0.024242128481595876,-0.09853456478376532,0.41241469112422297,-0.23534330520672664,-0.09400890512560067,0.07873050134835749,-0.21991991058686342,-0.4398508359620351,0.14505756221514518,-0.12969428953164472,0.15002278010030848,-0.15168496137456272,0.3806069562426271,0.24925669318945692,-0.15880340799347298,0.5573698630150271
0.14535365559764007,-0.22855294318543215,-0.028016371695041356,-0.10461709435192407,0.3122217458368416,0.07450793940919075,0.159390491614444,0.16469564719520868,-0.4919918873340932,0.09286367990404376,-0.318192658028235,0.36756753576259416,-0.19322194194000306,0.33261920532045547,0.12602691930628146,0.5380132313690957,0.24506057262199218,-0.04891194177981681,0.4761133253232831,0.28156461969136554,-0.24481079635614386,-0.24555661461037037,0.39287009338387924,-0.2144771231442418,0.23592233858087913,0.23895948568391898,0.1329585020130337,-0.07826254272836711,0.02842614559718039,0.5016798866155442,-0.06916733411203013,-0.5304005985923871,0.22959606501815558,-0.2723906396242009,-0.20815510290464168,0.39168172747790075,-0.13768613548204503,0.04009123949789877,0.1215651384848181,0.20431516640135564,-0.01323483401388501,-0.3923627536044882,-0.012106899021371244,-0.02163072163734537,-0.10219906969674372
-3.064691515758726,4.6405937785139,7.670964359569334,-3.643180309514955,-12.115927688074745,3.8496547453420384,-1.769627074401348,-0.39516453017474973,5.493103629467536,-0.583482075922655,0.7722012025313971,-8.324378405441891,-0.8159201503872052,0.12602691930628146,9.618995866118938,-0.292449307955523,-0.3682775813313351,0.9987234804443686,4.814863445011121,-9.381838426678934,3.067923069856106,-0.2350360467510578,-1.1718686477615226,2.714294973527206,-2.3524098905477677,-10.02142854691826,0.5418996504831729,2.1548934591696254,4.484525292816838,-2.9079274533328614,5.721439080397592,-1.830037084676676,-4.5004851120033305,3.122018744441262,2.692369146658886,3.117353055964805,11.660406259462272,-4.669813555001578,5.014695212384611,-16.05484068548474,-5.796319134601864,0.9342245260183191,-2.5832070326577226,-1.240356043891435,1.7694142023021509
0.07831224463065649,-0.045066657418059264,-0.5327270433828019,0.15078048776139724,-0.0956343775317878,0.8012677630713574,-0.0364540684280712,0.7053106214258942,-0.38276517174805424,-0.19196976626783704,-1.1149745211488988,-0.5099132198601717,0.22892331914740768,0.5380132313690957,-0.292449307955523,1.85531582265676,0.8910973593671864,0.21153044297693946,0.8170192768269903,0.6365247626190281,-0.1552716491134593,-1.0040654294989404,0.18570898363723962,-0.36356609366899534,1.0245214922519252,-0.11020638132425362,-1.0835945651478982,0.1983610535858929,-0.1553387750902336,0.8796190386148014,0.34067954342544887,-0.9926750582175694,0.5225310629792893,-0.4132746419475039,-0.06669313195108753,1.49542670697398,-0.14928642303729378,-0.3141446439412789,0.6369143369543455,-0.35944626019040526,-0.8738498299681479,-0.2383777109180075,0.3323708155576538,-0.25087102881832785,0.3765122198826062
-0.3991702653257869,0.23599687422825952,-1.137110574672682,0.31289587073578135,-0.23751891368206354,0.2893187007650548,0.24110880953307673,0.27028968296474054,-0.4145154438393879,0.11097724919317829,-0.20093791726805824,-0.5932397951633267,-0.15724837806955774,0.24506057262199218,-0.3682775813313351,0.8910973593671864,1.0207843696954266,-0.01505456718662081,0.613164456675239,0.9050269177750773,-0.4523596542103825,-0.12833613178133396,-0.09014096019108693,-0.11397609340600307,0.29326274409101727,-0.03786037197273095,0.1827901949103256,0.04651375567254345,-0.16011535487976336,0.32143169983623476,0.21780406878908273,-0.6002397531170164,1.1511400169104864,-0.05374485054720319,0.00810723630497252,1.2212815454152883,-0.3882248759550888,-0.30552881419419253,0.27815448377671365,0.5175616108933039,-0.29908054358816216,-0.11121148046145443,0.3654913831082799,0.13864333063516723,-0.4386019234267587
-0.3825303340816588,0.6817193314941066,0.9079916937570759,-0.3438562052028849,-1.7142768709105503,0.7136380773159203,-0.3968485787713392,0.08916813107203231,0.9521252001753506,-0.2476978094369381,-0.11689754017550891,-1.421880954090426,0.1816238713641977,-0.04891194177981681,0.9987234804443686,0.21153044297693946,-0.01505456718662081,0.2560318099152918,0.46669378625153246,-1.229861661396338,0.5721253869264654,-0.2593952604642382,-0.3537031373627966,0.3553167770603501,-0.06645357554187531,-1.4434093784718955,-0.5511043664646746,0.4031048155988372,0.4787847241756007,-0.4112975303709177,0.8617140732737353,-0.14246484387145011,-0.6896739432409096,0.41804566234231666,0.45931116360749624,0.5236376082055709,1.519103495931522,-0.6829595535735468,0.7474371327816425,-2.3525090678920813,-1.0285940039934307,0.33536550738443416,-0.2179338830946403,-0.2683013354711315,0.5369354153761406
-1.6920049867177887,2.338809984937894,3.2391695481083635,-1.7669732315950655,-6.110473222646401,2.2115699437369134,-0.6404525975282559,0.09304148559392271,2.182745826264548,-0.16247961233879696,0.016682772521850176,-4.334791777105545,-0.6617112433532978,0.4761133253232831,4.814863445011121,0.8170192768269903,0.613164456675239,0.46669378625153246,3.2144923753092973,-4.05193939448782,1.1129890118793264,-0.398822683912901,-0.34212241397619786,1.1529174771090493,-0.8382602426881516,-4.976367363811726,0.4809348585318134,1.0726219611404624,2.2276515485163406,-0.8985357719224776,3.0117935482560343,-1.7201377685405745,-1.4451933960187218,1.3513244547578214,1.220799124002435,2.642008598866223,5.644295711825031,-2.547783270203076,2.8378920992256833,-7.773966171292126,-3.1680082982524755,0.10161921505440517,-1.1167079315742852,-0.5739416391393158,0.5719175128946876
2.98244969635746,-4.831452019528176,-8.086676042620486,3.5401122918636863,12.496577671464886,-4.024774762200122,2.2320372689617676,0.40580309923239605,-6.367268483731044,0.9482033170110664,-0.7368509741362498,8.863606931850121,0.20373390170050043,0.28156461969136554,-9.381838426678934,0.6365247626190281,0.9050269177750773,-1.229861661396338,-4.05193939448782,10.01919377219961,-3.6898141707972183,0.3705756623406625,1.6871715336343471,-2.9163983090541974,2.2830950686584393,10.427841342167339,0.5433036369027636,-2.3818202079675292,-4.407772579027868,3.4268784661975404,-5.886188368292434,1.114616478332502,5.315820222026269,-3.353905035627545,-2.999173519891585,-2.5517304761839594,-11.99257301377353,4.70694715966505,-4.997436773408056,16.904159956867055,6.109864327967785,-1.5515625658135903,2.5710487350028224,1.4527561086493355,-2.4884838149752695
-0.9994712808449953,1.78000530846048,2.9034037534465362,-1.1367428028099253,-4.5491638697264385,1.5877307305696609,-1.0113169373377482,-0.054746180848506416,2.6074579309201655,-0.5391731573905191,0.10354441382797386,-3.4410749807160803,0.27409864376874543,-0.24481079635614386,3.067923069856106,-0.1552716491134593,-0.4523596542103825,0.5721253869264654,1.1129890118793264,-3.6898141707972183,1.5702787728555028,-0.3171736878322306,-0.8441557628934911,1.0724517399388265,-0.6247186311931271,-3.839890400387767,-0.8784194141768951,0.9694581962502306,1.4585248924037943,-1.3501185020975461,2.1722871719439225,-0.1409339412941218,-2.1602856079261907,1.2360101015644904,1.195278570469696,0.8059049608789681,4.288977202646599,-1.6993200778394189,1.8023398376901232,-6.313491981045737,-2.3921429770068965,0.835955034261746,-0.8278512229978695,-0.6371731731458836,1.2650255490384292
-0.15397230869505757,-0.059630161703135114,-0.45520938129989896,0.13257172287998173,0.478596216130055,-0.6856970078216602,0.2959350661814964,-0.42702173991852893,-0.2524327748531137,0.29900017588765254,0.7858828282573554,0.5424559922446194,-0.34880580658199223,-0.24555661461037037,-0.2350360467510578,-1.0040654294989404,-0.12833613178133396,-0.2593952604642382,-0.398822683912901,0.3705756623406625,-0.3171736878322306,0.7864288331288984,-0.04718596151764051,0.10315972128635911,-0.6186054445983662,0.5121179562082631,1.153390320285887,-0.26160802877355854,-0.09516843808474029,-0.35353720660008503,-0.4134360171541151,0.44791099373214543,0.4343195111625908,0.15028639589732543,-0.10062988268106449,-0.6402099094593988,-0.5441591701600365,0.28570742304612723,-0.5634434554899888,1.2764314494581486,0.8378109459827641,-0.014985538359237448,-0.008238867270309447,0.3534075050195965,-0.7130458418053521
0.9345761343271782,-1.3447839580708925,-0.8207611445136839,0.25114432278016285,2.8715979230851367,-0.9123539901407048,0.5803509998598787,0.0574117800138671,-1.7091179909792815,0.33590785787392236,-0.3093657608625157,2.6043976615172655,-0.30473987709602496,0.39287009338387924,-1.1718686477615226,0.18570898363723962,-0.09014096019108693,-0.3537031373627966,-0.34212241397619786,1.6871715336343471,-0.8441557628934911,-0.04718596151764051,0.9894899077059733,-0.7458719718606427,0.4166426109938351,2.2958137953325566,0.5479390165324045,-0.6310459543635795,-0.6062496249600826,1.1198916564505317,-1.3398087086670767,-0.22643292159249145,0.6958498133889116,-0.9388474766221402,-0.8834590342032976,-0.6801273008505575,-2.1295629823222897,1.1112302952475663,-0.9490194077886691,3.1893731204241798,1.4110453558315499,-0.8625995202542638,0.17723890869047773,0.22266659403645944,-0.5291979014876217
-1.1462831597464869,1.6737097119744,2.110703586001632,-0.9369811145850006,-4.028616613135568,1.1828452025957086,-0.644504504095523,-0.1994308738444365,2.0455284578416717,-0.2519539724580016,0.46050224261837513,-3.0168963512968343,-0.08391605413592486,-0.2144771231442418,2.714294973527206,-0.36356609366899534,-0.11397609340600307,0.3553167770603501,1.1529174771090493,-2.9163983090541974,1.0724517399388265,0.10315972128635911,-0.7458719718606427,0.9950476499216376,-0.8457896235126111,-3.2836908659799984,0.03233744542560169,0.7460943250400034,1.2961977849425108,-1.2705074424676366,1.8586592144221896,-0.19853823726497635,-1.3408969729142681,1.184336819858227,1.017323054570166,0.864287471605624,3.5888365258151596,-1.5278979949663514,1.4828656236389186,-4.9800772568122715,-1.8376427681442655,0.6315490575823473,-0.687826749869396,-0.33761371881077606,0.5630308113913578
0.9422241588861079,-1.2120508551992681,-1.7256001378201808,0.8528904226903342,2.870246607794441,-0.44262143778502216,0.27251181662003227,0.4902211883077929,-1.3622664874262564,-0.06267083120790096,-0.9019419699463361,1.808566334584541,0.4518489860556889,0.23592233858087913,-2.3524098905477677,1.0245214922519252,0.29326274409101727,-0.06645357554187531,-0.8382602426881516,2.2830950686584393,-0.6247186311931271,-0.6186054445983662,0.4166426109938351,-0.8457896235126111,1.1763914857098499,2.284516843302228,-1.033416904333905,-0.3736586037365539,-1.1131389812270074,1.1612104302906945,-1.186432825926452,-7.837644437724331e-4,0.9407698315144734,-0.9998036744126405,-0.6705356190581205,-0.18090349613880663,-2.6946681146937475,0.9988257609408425,-0.8413999054055468,3.2911984559072134,0.8472063043081052,-0.31337813594426234,0.7055410677658424,0.048006006315443425,0.062326308497503626
3.9092671649620123,-5.8862810105266945,-7.8035422997666215,3.5370785010796326,14.620197832409783,-4.91731289210603,2.387169887088619,0.18536445697685822,-7.0667161066744795,1.0535403535700265,-0.6984660778873752,11.02678557027784,0.20888965572255463,0.23895948568391898,-10.02142854691826,-0.11020638132425362,-0.03786037197273095,-1.4434093784718955,-4.976367363811726,10.427841342167339,-3.839890400387767,0.5121179562082631,2.2958137953325566,-3.2836908659799984,2.284516843302228,12.011979307110082,0.6882225179398898,-2.8308282340765567,-4.745066413871649,3.784718377530249,-6.983767898926046,1.6337388827192418,4.833448718570207,-3.881138012077022,-3.5509410936037376,-4.131776089396714,-13.180008621260457,5.7266841300785165,-5.936419423268766,18.706241385902597,7.340640776470877,-1.912793473487938,2.4342886408586475,1.506544069555922,-2.4645284981276667
-0.3067034738565533,-0.16877784406301763,-0.3843598642892172,-0.2194281886046782,0.5803560865661915,-0.9649578654358565,0.7767979833847255,-0.6067564105176244,-1.0105018396228949,0.7531815673404112,1.0968759142266742,1.1276890272091715,-1.164793890164669,0.1329585020130337,0.5418996504831729,-1.0835945651478982,0.1827901949103256,-0.5511043664646746,0.4809348585318134,0.5433036369027636,-0.8784194141768951,1.153390320285887,0.5479390165324045,0.03233744542560169,-1.033416904333905,0.6882225179398898,2.7067384084089543,-0.5145418952373916,0.22535072777789283,-0.022031860100955328,-0.515092322127254,-0.2333202975936735,0.9865187560452748,0.05518313068959975,-0.3809279658350349,-0.313486864317396,-0.43453557677609694,0.2786619821405928,-0.524133739484871,1.7260337332814204,1.2365327020067307,-0.6997200746419611,-0.24877013583058522,0.5954029853438864,-1.5417287062751677
-0.8862669790474453,1.3909175920106653,1.72811102762992,-0.7368572561182212,-3.4280383686295086,1.258767723413685,-0.6373946283740533,0.04786348907792959,1.739168617211704,-0.337697386499603,0.01982921021832041,-2.7212912123168023,0.11161140027933748,-0.07826254272836711,2.1548934591696254,0.1983610535858929,0.04651375567254345,0.4031048155988372,1.0726219611404624,-2.3818202079675292,0.9694581962502306,-0.26160802877355854,-0.6310459543635795,0.7460943250400034,-0.3736586037365539,-2.8308282340765567,-0.5145418952373916,0.7193921890938563,1.0279789017895318,-0.8669763707558972,1.6717124922129762,-0.3443445315363067,-1.1517977169411249,0.8875810920436212,0.8714985991600598,1.0425830492131543,3.0188724615388125,-1.3595427639942157,1.425943015662489,-4.437456834743917,-1.8491151701117778,0.5486259119134052,-0.48712476559565093,-0.4079239301641174,0.7374784486536905
-1.4725885463514803,2.2198180196013246,3.5619601258345908,-1.6844032408398122,-5.7460093753698365,1.8200883908186682,-0.8465267892872937,-0.1891563655731549,2.6309882630802313,-0.28648987218180444,0.38419225210545294,-3.9906798636680727,-0.35769400080158886,0.02842614559718039,4.484525292816838,-0.1553387750902336,-0.16011535487976336,0.4787847241756007,2.2276515485163406,-4.407772579027868,1.4585248924037943,-0.09516843808474029,-0.6062496249600826,1.2961977849425108,-1.1131389812270074,-4.745066413871649,0.22535072777789283,1.0279789017895318,2.095224220716662,-1.4131488709540385,2.710262589446353,-0.8199315348935403,-2.1005275686844285,1.4973122782197812,1.2935141945145614,1.4729385899354503,5.48291118179342,-2.214816586514955,2.3577608695067993,-7.560217997037477,-2.7446185513969112,0.4870155206058402,-1.1946859310402858,-0.5787967278719975,0.8367738158443732
1.3888778304809482,-2.0218738552970352,-2.339692819865419,0.9562918803414274,4.668183122789875,-1.207575044569644,0.8129478732438135,0.37608443073415754,-2.6179334291197307,0.32639963832656194,-0.8045133817629986,3.5775654837236908,-0.024242128481595876,0.5016798866155442,-2.9079274533328614,0.8796190386148014,0.32143169983623476,-0.4112975303709177,-0.8985357719224776,3.4268784661975404,-1.3501185020975461,-0.35353720660008503,1.1198916564505317,-1.2705074424676366,1.1612104302906945,3.784718377530249,-0.022031860100955328,-0.8669763707558972,-1.4131488709540385,1.8085007447812467,-2.084356723042004,-0.20523832523658603,1.6333468367998019,-1.5275103546961133,-1.2754379121057342,-0.6169928401048044,-4.051499930737488,1.7025594491568925,-1.51582634431305,5.593694156618101,1.968452244091825,-0.9891563087177573,0.758273290111236,0.3337439744976237,-0.6508414964968643
-2.3031858019280773,3.4401313576069876,4.339595121614635,-1.990825342598164,-8.517111683394992,2.9661754023322016,-1.3708731634892974,-0.006659412275562088,4.031961768763666,-0.6263531742971414,0.2713266334009253,-6.5253884495983145,-0.09853456478376532,-0.06916733411203013,5.721439080397592,0.34067954342544887,0.21780406878908273,0.8617140732737353,3.0117935482560343,-5.886188368292434,2.1722871719439225,-0.4134360171541151,-1.3398087086670767,1.8586592144221896,-1.186432825926452,-6.983767898926046,-0.515092322127254,1.6717124922129762,2.710262589446353,-2.084356723042004,4.109600467813813,-1.0928405967160677,-2.631733571706653,2.208780398709826,2.060995577468526,2.669019231178172,7.580172777525475,-3.3845271130581356,3.5333292550065103,-10.830437826500889,-4.3822125854457425,1.091140227496908,-1.3317798766834168,-0.8860467221688778,1.4321863643364456
0.5260274052633219,-0.6780591813255471,-1.0256739186042312,0.704395722195064,2.004141920148104,-0.9650903319111094,0.0756260892277621,-0.2556669558694416,-0.3041344212168975,-0.01852388482796009,0.37379832384539735,1.3637179289045265,0.41241469112422297,-0.5304005985923871,-1.830037084676676,-0.9926750582175694,-0.6002397531170164,-0.14246484387145011,-1.7201377685405745,1.114616478332502,-0.1409339412941218,0.44791099373214543,-0.22643292159249145,-0.19853823726497635,-7.837644437724331e-4,1.6337388827192418,-0.2333202975936735,-0.3443445315363067,-0.8199315348935403,-0.20523832523658603,-1.0928405967160677,1.229199780586462,0.1860401810198914,-0.2224533952657739,-0.2614878329952128,-1.5400980389501226,-1.9117886562873885,0.9545029782612247,-1.2241496384207766,2.6617926893442787,1.269165133848927,0.3368520226935543,0.3645526948897506,0.23578145642359719,-0.10698506396066298
0.9383908586962302,-1.9947070283357824,-4.659208204665377,1.847609337843504,5.577900095330383,-1.8815756223615647,1.336280642143855,0.1892365593035104,-3.3027125894602123,0.6662060635837521,-0.11667709828396701,3.7505961350865347,-0.23534330520672664,0.22959606501815558,-4.5004851120033305,0.5225310629792893,1.1511400169104864,-0.6896739432409096,-1.4451933960187218,5.315820222026269,-2.1602856079261907,0.4343195111625908,0.6958498133889116,-1.3408969729142681,0.9407698315144734,4.833448718570207,0.9865187560452748,-1.1517977169411249,-2.1005275686844285,1.6333468367998019,-2.631733571706653,0.1860401810198914,3.470852309268784,-1.4692447131158117,-1.3863014033662302,-0.45205829213217075,-5.851648658579553,1.9780778725994081,-2.247956030886446,8.487377365585859,2.87360100811927,-0.82376415874964,1.4034479691513346,0.9219588861047969,-1.8074988609896014
-1.410966657454919,2.0202645630582667,2.346591226726219,-1.0483137783311793,-4.7883200182030645,1.4012338193439515,-0.7469620635574626,-0.23180626467653578,2.41690566503532,-0.2916051790874615,0.5712696890739852,-3.648051699051232,-0.09400890512560067,-0.2723906396242009,3.122018744441262,-0.4132746419475039,-0.05374485054720319,0.41804566234231666,1.3513244547578214,-3.353905035627545,1.2360101015644904,0.15028639589732543,-0.9388474766221402,1.184336819858227,-0.9998036744126405,-3.881138012077022,0.05518313068959975,0.8875810920436212,1.4973122782197812,-1.5275103546961133,2.208780398709826,-0.2224533952657739,-1.4692447131158117,1.4224349309369626,1.2209223087084589,1.0887928932871282,4.178634362941088,-1.82747966344814,1.7471215771485302,-5.795795919806456,-2.1763422268899757,0.7813090319237657,-0.7643418149917556,-0.3726439235583429,0.6158011103721733
-1.2094357950154475,1.813749030467892,2.0947428921539037,-0.8950463968999167,-4.3428761158239855,1.4388112740745724,-0.7638196712890806,-0.06794842752502098,2.2398469108512042,-0.3694746759335752,0.2711629329179491,-3.429330250073102,0.07873050134835749,-0.20815510290464168,2.692369146658886,-0.06669313195108753,0.00810723630497252,0.45931116360749624,1.220799124002435,-2.999173519891585,1.195278570469696,-0.10062988268106449,-0.8834590342032976,1.017323054570166,-0.6705356190581205,-3.5509410936037376,-0.3809279658350349,0.8714985991600598,1.2935141945145614,-1.2754379121057342,2.060995577468526,-0.2614878329952128,-1.3863014033662302,1.2209223087084589,1.127281975768032,1.1417640955453612,3.7630181499567015,-1.689119703932332,1.6789620547869868,-5.4093069202937665,-2.169412781860939,0.7578036491023495,-0.6221986306532783,-0.4290563639122952,0.7735963031559865
-1.6262833090942488,2.1463068393976377,1.5629752295689727,-0.9525205076598992,-5.176909291484415,2.1895559632715442,-0.5678290693059962,0.41564294619098835,1.8062468672289156,-0.28452679391493296,-0.34023052707379514,-4.330650238244641,-0.21991991058686342,0.39168172747790075,3.117353055964805,1.49542670697398,1.2212815454152883,0.5236376082055709,2.642008598866223,-2.5517304761839594,0.8059049608789681,-0.6402099094593988,-0.6801273008505575,0.864287471605624,-0.18090349613880663,-4.131776089396714,-0.313486864317396,1.0425830492131543,1.4729385899354503,-0.6169928401048044,2.669019231178172,-1.5400980389501226,-0.45205829213217075,1.0887928932871282,1.1417640955453612,3.0263662774137354,4.135078022524875,-2.3164789491811577,2.505817163619236,-6.042065344722047,-3.0326956646774708,0.35915563837578796,-0.4424904154696951,-0.4741397110553968,0.5320944446431282
-4.054798663458746,6.251320160351825,9.420191480738898,-4.286909666614323,-15.936356574974392,5.273861470635943,-2.6060960939571145,-0.3256281608393183,7.672160067170374,-1.0814512113245538,0.7954720362453589,-11.5577924088582,-0.4398508359620351,-0.13768613548204503,11.660406259462272,-0.14928642303729378,-0.3882248759550888,1.519103495931522,5.644295711825031,-11.99257301377353,4.288977202646599,-0.5441591701600365,-2.1295629823222897,3.5888365258151596,-2.6946681146937475,-13.180008621260457,-0.43453557677609694,3.0188724615388125,5.48291118179342,-4.051499930737488,7.580172777525475,-1.9117886562873885,-5.851648658579553,4.178634362941088,3.7630181499567015,4.135078022524875,14.883235579104586,-6.165403554424432,6.51991736507776,-20.951467873466292,-7.9029066139110205,1.8095267866320104,-3.0096761880004226,-1.720990702075276,2.767042499184623
1.9692548999667434,-2.863712962977135,-3.398590937216272,1.5996634518382271,7.022059207241213,-2.4246283964600144,1.067663856430595,0.008376943559767548,-3.242047084771386,0.47041785120038326,-0.268845759438949,5.41041070174323,0.14505756221514518,0.04009123949789877,-4.669813555001578,-0.3141446439412789,-0.30552881419419253,-0.6829595535735468,-2.547783270203076,4.70694715966505,-1.6993200778394189,0.28570742304612723,1.1112302952475663,-1.5278979949663514,0.9988257609408425,5.7266841300785165,0.2786619821405928,-1.3595427639942157,-2.214816586514955,1.7025594491568925,-3.3845271130581356,0.9545029782612247,1.9780778725994081,-1.82747966344814,-1.689119703932332,-2.3164789491811577,-6.165403554424432,2.8129187376217946,-2.9059989193733,8.760009905148713,3.5800328168605304,-0.8731691880422402,1.0570119997130965,0.6799861465148299,-1.051404319072746
-1.8700577736381572,2.838003456476589,3.8135628862385658,-1.788643966223236,-7.20416859295411,2.6519063956710514,-1.1448102889655785,0.114268669339709,3.268748008685062,-0.5330056870277,-0.007995506317404354,-5.4606686082529095,-0.12969428953164472,0.1215651384848181,5.014695212384611,0.6369143369543455,0.27815448377671365,0.7474371327816425,2.8378920992256833,-4.997436773408056,1.8023398376901232,-0.5634434554899888,-0.9490194077886691,1.4828656236389186,-0.8413999054055468,-5.936419423268766,-0.524133739484871,1.425943015662489,2.3577608695067993,-1.51582634431305,3.5333292550065103,-1.2241496384207766,-2.247956030886446,1.7471215771485302,1.6789620547869868,2.505817163619236,6.51991736507776,-2.9059989193733,3.147187296835209,-9.370311610893035,-3.8549545954738162,0.7519516156278984,-1.1632689519656476,-0.8192170909130818,1.2838183845871969
5.562936181752768,-8.815969038486484,-13.238212340699317,5.8816889430408485,22.52608314567914,-7.810807774992177,3.9407251063230966,0.16538250766852436,-11.084462441732157,1.8144511633697245,-0.6097220597383735,16.66005792110664,0.15002278010030848,0.20431516640135564,-16.05484068548474,-0.35944626019040526,0.5175616108933039,-2.3525090678920813,-7.773966171292126,16.904159956867055,-6.313491981045737,1.2764314494581486,3.1893731204241798,-4.9800772568122715,3.2911984559072134,18.706241385902597,1.7260337332814204,-4.437456834743917,-7.560217997037477,5.593694156618101,-10.830437826500889,2.6617926893442787,8.487377365585859,-5.795795919806456,-5.4093069202937665,-6.042065344722047,-20.951467873466292,8.760009905148713,-9.370311610893035,29.967758774244526,11.59886108588858,-2.789216321252733,4.073905205199644,2.648268551193366,-4.477215096921156
2.2655892747037343,-3.539901202824626,-4.541014232248173,2.0212319520878226,8.880747979408236,-3.376023285308071,1.571828304963804,-0.22941568242495752,-4.271854534139776,0.8227324589440657,0.14098066753319535,6.968851790590295,-0.15168496137456272,-0.01323483401388501,-5.796319134601864,-0.8738498299681479,-0.29908054358816216,-1.0285940039934307,-3.1680082982524755,6.109864327967785,-2.3921429770068965,0.8378109459827641,1.4110453558315499,-1.8376427681442655,0.8472063043081052,7.340640776470877,1.2365327020067307,-1.8491151701117778,-2.7446185513969112,1.968452244091825,-4.3822125854457425,1.269165133848927,2.87360100811927,-2.1763422268899757,-2.169412781860939,-3.0326956646774708,-7.9029066139110205,3.5800328168605304,-3.8549545954738162,11.59886108588858,4.896994700965266,-1.1878843425098822,1.2974750328199023,1.0846961807111046,-1.8598164716375059
-0.68069043586024,1.0794757061132891,0.8529679376883303,-0.21730043281313052,-2.3438557659492836,0.7616220557533255,-0.5781315041616395,-0.05049901010491196,1.5579634653298455,-0.3555141007632972,0.2169709400126406,-2.129604489202408,0.3806069562426271,-0.3923627536044882,0.9342245260183191,-0.2383777109180075,-0.11121148046145443,0.33536550738443416,0.10161921505440517,-1.5515625658135903,0.835955034261746,-0.014985538359237448,-0.8625995202542638,0.6315490575823473,-0.31337813594426234,-1.912793473487938,-0.6997200746419611,0.5486259119134052,0.4870155206058402,-0.9891563087177573,1.091140227496908,0.3368520226935543,-0.82376415874964,0.7813090319237657,0.7578036491023495,0.35915563837578796,1.8095267866320104,-0.8731691880422402,0.7519516156278984,-2.789216321252733,-1.1878843425098822,0.8019504126973829,-0.1722400930330551,-0.244793626891233,0.6224913567633173
0.6408429966158133,-1.0496222581515573,-2.2600684626408527,1.042162869255346,2.8936724274465004,-0.835322438168368,0.45375520794541596,0.193084351828756,-1.381833217152346,0.1258230030376861,-0.2703150233888734,1.790057431223888,0.24925669318945692,-0.012106899021371244,-2.5832070326577226,0.3323708155576538,0.3654913831082799,-0.2179338830946403,-1.1167079315742852,2.5710487350028224,-0.8278512229978695,-0.008238867270309447,0.17723890869047773,-0.687826749869396,0.7055410677658424,2.4342886408586475,-0.24877013583058522,-0.48712476559565093,-1.1946859310402858,0.758273290111236,-1.3317798766834168,0.3645526948897506,1.4034479691513346,-0.7643418149917556,-0.6221986306532783,-0.4424904154696951,-3.0096761880004226,1.0570119997130965,-1.1632689519656476,4.073905205199644,1.2974750328199023,-0.1722400930330551,0.7797672830583878,0.3255438698639171,-0.4816968070050119
0.2863675719005616,-0.6212574261725097,-1.2411184025929325,0.49024938097635035,1.7381577384154203,-0.7601403856847605,0.4302402228968196,-0.10387460989924735,-0.9573821948856849,0.26203503481363244,0.20729932325689618,1.3144337133123032,-0.15880340799347298,-0.02163072163734537,-1.240356043891435,-0.25087102881832785,0.13864333063516723,-0.2683013354711315,-0.5739416391393158,1.4527561086493355,-0.6371731731458836,0.3534075050195965,0.22266659403645944,-0.33761371881077606,0.048006006315443425,1.506544069555922,0.5954029853438864,-0.4079239301641174,-0.5787967278719975,0.3337439744976237,-0.8860467221688778,0.23578145642359719,0.9219588861047969,-0.3726439235583429,-0.4290563639122952,-0.4741397110553968,-1.720990702075276,0.6799861465148299,-0.8192170909130818,2.648268551193366,1.0846961807111046,-0.244793626891233,0.3255438698639171,0.3351882122690662,-0.6483201621197835
-0.3422391787300759,0.9905732755596833,2.1101062876536263,-0.7083786983094834,-2.779137250320832,1.2999483265295229,-0.8846564100283509,0.21647377876901136,1.825145203700966,-0.5941640879674829,-0.45503834626759837,-2.2257091533632622,0.5573698630150271,-0.10219906969674372,1.7694142023021509,0.3765122198826062,-0.4386019234267587,0.5369354153761406,0.5719175128946876,-2.4884838149752695,1.2650255490384292,-0.7130458418053521,-0.5291979014876217,0.5630308113913578,0.062326308497503626,-2.4645284981276667,-1.5417287062751677,0.7374784486536905,0.8367738158443732,-0.6508414964968643,1.4321863643364456,-0.10698506396066298,-1.8074988609896014,0.6158011103721733,0.7735963031559865,0.5320944446431282,2.767042499184623,-1.051404319072746,1.2838183845871969,-4.477215096921156,-1.8598164716375059,0.6224913567633173,-0.4816968070050119,-0.6483201621197835,1.3940357672531645
