V1,V2,V3,V4,V5,V6,V7,V8,V9,V10,V11,V12,V13,V14,V15,V16,V17,V18,V19,V20,V21,V22,V23,V24,V25,V26,V27,V28,V29,V30,V31,V32,V33,V34,V35,V36,V37,V38,V39,V40,V41,V42,V43,V44,V45
0.795587520055849,0.25330892295758156,0.06383641260117331,-0.26229575671601185,0.13913374227126754,0.14556060662065462,0.05723916323960236,-0.11221471480909645,-0.45175015693276593,0.6100485756104581,-0.5129874858237529,0.512412185034547,-0.05889593471274153,0.2702467323146786,-0.34270797731958036,-0.5472204056009554,0.15655034431172987,-0.33112065947674996,-0.5698802190583137,-0.6642412621801423,0.3946430135862213,0.22308339279394387,-0.5103703061660102,-0.20236074330017345,-0.9894961596273973,0.7884965339483079,0.4221622704554208,0.4336950616471369,0.2573257415399068,-0.7046481962602331,0.555151511997115,0.3492866491611853,0.4778779100958206,0.03683948668590181,-0.016313739892110456,-0.06436850064852327,-0.4056433999053175,-0.8592264827160105,-0.2166074860146992,0.49276321416150415,-0.3386696981819197,0.6471468291411963,-0.6771020255162358,0.3219187525790199,-0.1675977655677936
0.25330892295758156,0.9498211625307935,-0.21368721060894205,0.27768632605093096,-0.7328234858849642,-0.5581983267118169,-0.024221550461072182,-0.4499378454650246,-0.11117709565082724,0.34411572772508736,-0.302350321605146,0.011853390031195548,0.21241645573921544,0.15790243285314626,-0.05275705433250675,-0.5181970517555692,0.05157032280084814,-1.5863236449746083,0.21038985704525873,-0.31583340410083255,0.45320275353519407,-0.6237115660330682,-0.5499131136404145,0.6360442365617288,-1.1532355125122224,0.2395225076029797,0.5787597495673461,0.5695835674487472,0.0018952876808880693,-0.4607469690446199,-0.07956430252931773,-0.012839961674885466,0.7007434458817887,-0.8260769151933247,-0.1595300408121743,-0.39590792012578707,-0.11755254654860345,0.1633850941313027,-0.9284365087078751,0.7434336167603182,-0.45302010047841085,0.9041596344092054,-0.5942474929735343,-0.18913252436917913,-0.12616083377173176
0.06383641260117331,-0.21368721060894205,0.10733116975213033,-0.23162310480504578,0.2967796678450831,0.13249406620844376,-0.03547279154894557,0.11255263361625156,-0.1610968709772861,0.03123464999622409,0.035468333218064335,0.1560369937932522,-0.09247229034046715,0.07771934483270676,-0.16632377081299662,-0.09086643818044622,-0.010924930148283094,0.38048329293739513,-0.12164879320410113,-0.2337509065174468,0.003039025807205931,0.21443900164284574,-0.01780657014394074,-0.28832530012067153,0.19622538355129435,0.1339128672959354,-0.05660081656416047,-0.1495173099587167,-0.27280521325935847,-0.0011695963180824314,0.1287009603647988,0.10783736576061957,-0.03269364931935476,0.23808648628131068,0.22815955444510333,0.05521518036107533,-0.03694496482223994,0.012206546164390233,0.10390452790249405,-0.0012605701459408893,0.11074381130065677,-0.14489767862331832,0.0915550467856067,0.06569361805965752,0.1074210823697134
-0.26229575671601185,0.27768632605093096,-0.23162310480504578,1.4082368708643627,-1.2682419198051504,-0.03304466382996942,0.40183903817089095,-0.09343197259380649,1.2203757669427668,0.2032612291915821,0.4258159313665487,-0.39825624042015323,-0.12069759047775462,0.13108804510483754,1.1187278530142133,0.2630392941351185,0.3921488169285464,-0.6388487543137247,0.4687745188692583,1.4153014568931048,-0.27682837811447325,-0.09885320392239261,0.7146240525179108,0.5728963750619859,-0.14036022299298268,-0.56191054033019,-0.5280073687007522,0.025751279478794322,1.0792167746398005,0.6567881273859331,-0.15055064447940028,-0.30639243863077553,-0.6521669214040766,0.5661181328643718,-0.08464908357009487,-0.6555174601015049,0.214311456140123,0.0040668967716781645,-0.16152707650246229,-0.6720269022462516,-0.7939368954412832,-0.9851609617216797,0.2633865360444125,0.2125376297988284,-1.0014655779956652
0.13913374227126754,-0.7328234858849642,0.2967796678450831,-1.2682419198051504,1.9390005255662217,0.23543989582457922,0.00419771164696914,0.3569371253385643,0.06841287180310332,-0.15142300173512668,-0.401098477448992,0.6472225928078711,0.04466893157857868,-0.40019941548866994,-0.6068530975695272,0.441786876823349,-0.09219903517274612,1.3905643040995472,-0.4124950287195382,-0.41086971416418394,-0.16674645937155075,0.3146903992203229,-0.4993483133610253,-1.4709411485541712,0.8229181374769791,0.3949697880853904,0.001491164609556554,-0.058952442911680884,-0.5723705941983633,-0.33532433392737987,0.14276242537806963,0.31623218074256104,0.676935530294424,-0.38980030253074244,-0.21197075457147216,0.6623206206970835,-0.6560751548942266,0.10588805530345562,1.3796741747987316,0.1294628732053456,0.9971071424807549,0.45128423005834023,0.46129818227845454,-0.3054330393008775,0.6660093420639837
0.14556060662065462,-0.5581983267118169,0.13249406620844376,-0.03304466382996942,0.23543989582457922,0.551951056864738,0.07629095548560179,0.2571984338535167,-0.10237618077857538,0.01842945190264043,0.07807764593288782,0.0545521344263731,-0.2177894824821103,0.0442077942153443,0.0760866292732096,0.16263398527264766,0.06376721385173385,0.9378764985750317,-0.4115862579589318,0.1469950201816115,-0.2000054657044859,0.6010630878473858,0.39594726469594654,-0.27445182264128304,0.31060640359158476,0.05878273137542086,-0.31384537283283104,-0.24021666739804162,0.44711349740405604,0.13434487262439646,0.3146557320546561,0.08937123858327213,-0.5910639979256168,0.8472946723893833,0.07221754738791322,0.20119111762717806,0.05779095478542399,-0.7395741412685624,0.4618617891512902,-0.519298591199278,-0.019540817185002526,-0.5766701465812386,0.046008789447115755,0.43290940207567996,-0.1768818398165169
0.05723916323960236,-0.024221550461072182,-0.03547279154894557,0.40183903817089095,0.00419771164696914,0.07629095548560179,0.3432276237479375,0.04512818406113469,0.913688260733566,0.24788772592031336,-0.02408326323760526,0.153218589493656,-0.06553527364546836,-0.04325555480234907,0.48661252294180335,0.28526075397410533,0.3088854702682385,0.014921039291694187,0.04499635511106226,0.7343691842538901,-0.18259226253760413,0.076668605596359,0.12307289402025214,-0.3235619650243777,0.007850711465707998,-0.036659716917804265,-0.2622016974775289,0.1427623221420213,0.6134033971606621,0.14612326338939852,0.06623285649987781,9.954467093950929e-4,0.04020125635672386,0.1502799422707935,-0.213984163442336,-0.22010003825918747,-0.2944394649990643,-0.10448867037306113,0.4876776100136583,-0.29448254011549135,-0.20666997307989965,-0.30516932665780516,0.2592180206686264,0.04996608263316037,-0.484724572009703
-0.11221471480909645,-0.4499378454650246,0.11255263361625156,-0.09343197259380649,0.3569371253385643,0.2571984338535167,0.04512818406113469,0.22576121916495495,0.15922897041969494,-0.1069122333248929,0.16989762978257048,0.04604130005705554,-0.12706506654504768,-0.037641958866688724,0.062349769362514976,0.2224947272309237,0.01944288379735785,0.7466110839554602,-0.06891891870791783,0.18872930566685447,-0.21854982380814839,0.3135285901946229,0.25885961595561907,-0.3826553199679123,0.5678380367618465,-0.09640313455570647,-0.3160391654867662,-0.28270524224005134,-0.04058731018194142,0.24987448239266943,0.05619263075183854,0.024331351550488826,-0.30953864568929773,0.44166755060317775,0.14024622215862242,0.11908985296378873,0.016265752484433862,9.711238136140392e-4,0.45546528719236573,-0.35167747051576,0.18470035759217737,-0.5059616185043401,0.3476331811173301,0.08674192958768379,0.010728259684002428
-0.45175015693276593,-0.11117709565082724,-0.1610968709772861,1.2203757669427668,0.06841287180310332,-0.10237618077857538,0.913688260733566,0.15922897041969494,3.064547908842284,0.24783219116597507,0.22413512355003481,0.1266429538711065,-0.03798949545221736,-0.3953179613455375,1.559964459049146,1.2226819296469484,0.7386281467014318,0.05612046510307956,0.6913088595311525,2.5231545797541726,-0.757612182392534,-0.16905252263871773,0.5069055684327494,-0.8890500469476854,0.7254488081294371,-0.6660810946146285,-0.9598456457353634,0.19644605502936552,1.3135065425819763,0.8352567632760354,-0.3323972423806457,-0.24944356439402085,0.09630657873009468,-9.222541801266591e-4,-0.6577340622519399,-0.5929690580699999,-0.670778149876029,0.6769617748040032,1.5710678034518037,-0.9527688089862171,-0.21451154611207068,-1.0579102379955454,1.3019591268648731,-0.32617954536900917,-1.1318605293553954
0.6100485756104581,0.34411572772508736,0.03123464999622409,0.2032612291915821,-0.15142300173512668,0.01842945190264043,0.24788772592031336,-0.1069122333248929,0.24783219116597507,0.7700052735024766,-0.23361433120086253,0.5497686190007421,-0.16582743709659842,0.4142953500639272,0.0533388503361747,-0.5532912170931055,0.3746053315458269,-0.5460465331297972,-0.21600451247202915,-0.19020954460325099,0.29944002613550097,0.17207322433575167,-0.353099581081734,-0.30879638617002547,-0.8067920744655263,0.6178345314704633,0.14830691169303917,0.3256428247489128,0.17521562951696087,-0.3374318235415012,0.4683365982061879,0.29275246950437783,0.4410482990675627,0.2433734528862082,0.24774440793070737,-0.4960941610955827,-0.4406713007866805,-0.2941656882042305,-0.2657736563588399,0.33765462801590196,-0.5611561361209318,0.09871084887046125,-0.2665848539204576,0.2530061846602425,-0.4906494873868198
-0.5129874858237529,-0.302350321605146,0.035468333218064335,0.4258159313665487,-0.401098477448992,0.07807764593288782,-0.02408326323760526,0.16989762978257048,0.22413512355003481,-0.23361433120086253,0.6651975759867516,-0.3027122244906563,-0.20580333360475944,0.166184095678924,0.3259428529359259,0.05780655102161093,-0.001917545436009145,0.3985980327481157,0.3906251624133031,0.38544674030501735,-0.2542474574944774,0.16987652296877118,0.6164126827518346,0.13168869468576042,0.7832113934750976,-0.4966591703225803,-0.5205378377852955,-0.594191763572371,-0.37825436432121196,0.7418489695217126,-0.18501136206315044,-0.17548408343777697,-0.7385234358109278,0.7343166370301385,0.5873063629397531,-0.23865936871673432,0.4572797253257835,0.6343687696229089,-0.1606869109441488,-0.5091476710606724,-0.05274662046948601,-1.1289742666325842,0.5756593678410085,0.058796614476931595,-0.10203279532291183
0.512412185034547,0.011853390031195548,0.1560369937932522,-0.39825624042015323,0.6472225928078711,0.0545521344263731,0.153218589493656,0.04604130005705554,0.1266429538711065,0.5497686190007421,-0.3027122244906563,0.7141537078891659,-0.12403641496102256,0.22341108069637208,-0.27887357034061805,-0.36997428070777305,0.23516197320757998,0.07178425171363163,-0.2878184813708577,-0.4610706868640757,0.2193055221953518,0.2374401362165732,-0.5310864271870921,-0.8263043203268392,-0.28937798132993564,0.6695607657234887,0.15270040944258714,0.1854637014137464,-0.319832236591955,-0.39288487814174755,0.4128725862705722,0.37213193284384777,0.6678730262384438,0.019005256725998846,0.24373071552850364,-0.1715464131129617,-0.5825664351404065,-0.020953411440261725,0.20653993640570337,0.40462752603943264,-0.027661717581620938,0.2574849209037378,-0.007024993236436183,0.040442567501938004,-0.04712953197181249
-0.05889593471274153,0.21241645573921544,-0.09247229034046715,-0.12069759047775462,0.04466893157857868,-0.2177894824821103,-0.06553527364546836,-0.12706506654504768,-0.03798949545221736,-0.16582743709659842,-0.20580333360475944,-0.12403641496102256,0.21623434431013552,-0.23632666491633034,-0.08058775122900708,0.1614288544401516,-0.1205566319321484,-0.3360468659441371,0.0742713774256628,-0.0052333135233428195,0.03892181705445044,-0.34174903305259363,-0.20345188049170532,0.19513843542609421,-0.17382584245322058,-0.0767557857573934,0.22835952278129362,0.23498769052252574,0.08681064055638184,-0.19698950409721996,-0.2023039467739521,-0.08721936159152953,0.2939649051012358,-0.6408104199250519,-0.40242981455562304,0.17184356414407664,-0.04512380470036933,0.04030320633854372,0.021504199325186137,0.2053505224191045,0.16150896384371874,0.5714724524786458,-0.15670101826596516,-0.23578338847177682,0.18330622201069474
0.2702467323146786,0.15790243285314626,0.07771934483270676,0.13108804510483754,-0.40019941548866994,0.0442077942153443,-0.04325555480234907,-0.037641958866688724,-0.3953179613455375,0.4142953500639272,0.166184095678924,0.22341108069637208,-0.23632666491633034,0.5308623326412123,-0.14135750009717377,-0.7209932605905959,0.11655408458237049,-0.2755350741253181,-0.0652808527365168,-0.5405748229813522,0.28284632024088946,0.23923877907156216,-0.057348594502186157,0.06312446258060898,-0.3585811586032215,0.347623228402268,0.05202864359423356,-0.13842475337079552,-0.45714474457838994,-0.023001827394678563,0.3186819854325487,0.18202446977769707,-0.07791882470550604,0.5872453889391382,0.7239796935689787,-0.42097188457760476,0.08542379158837225,0.058783451477911794,-0.7298099259341604,0.2295839957401905,-0.428410580099818,-0.32268472782276164,-0.17163489432528958,0.28358964659266156,-0.16771972532330534
-0.34270797731958036,-0.05275705433250675,-0.16632377081299662,1.1187278530142133,-0.6068530975695272,0.0760866292732096,0.48661252294180335,0.062349769362514976,1.559964459049146,0.0533388503361747,0.3259428529359259,-0.27887357034061805,-0.08058775122900708,-0.14135750009717377,1.1202141339699099,0.689633112345864,0.3928795601261326,-0.05003696727699253,0.3948639788821277,1.6574567903368438,-0.48807488433462676,-0.015705666666886258,0.6973889012603357,0.06233269284889098,0.31293223407593457,-0.6122421370685525,-0.6654832672961227,0.0041239238605009455,1.1633716658986097,0.6810784129508816,-0.1985939235259211,-0.28523176605704453,-0.5319806158887066,0.42063206523679497,-0.35186779807681134,-0.38719469094485026,-0.009815832983311913,0.020073196724443493,0.5731185986061536,-0.8489825511324337,-0.4158255239759536,-0.9623269167014028,0.5647080768626572,0.07493831025976772,-0.8696153760829919
-0.5472204056009554,-0.5181970517555692,-0.09086643818044622,0.2630392941351185,0.441786876823349,0.16263398527264766,0.28526075397410533,0.2224947272309237,1.2226819296469484,-0.5532912170931055,0.05780655102161093,-0.36997428070777305,0.1614288544401516,-0.7209932605905959,0.689633112345864,1.307733333178082,0.03608623092896334,0.8170500740860943,0.191483762646076,1.4790729205431845,-0.6950439573919531,-0.07563524211768063,0.5538372905545704,-0.28105695689597393,0.9414023274645226,-0.7482430906744858,-0.5572272747421482,-0.027317402816736634,1.0339820621832714,0.4893266673522817,-0.42715363484074254,-0.3281110064203105,-0.3649145109920847,-0.2127253760585626,-0.926811852334907,0.4263612354303985,-0.07898577658150348,-0.08702709714771878,1.4137308506649477,-0.8870261077551308,0.4543147472210726,-0.37044068114596806,0.6662043646200183,-0.23669308564511254,-0.16359377913067888
0.15655034431172987,0.05157032280084814,-0.010924930148283094,0.3921488169285464,-0.09219903517274612,0.06376721385173385,0.3088854702682385,0.01944288379735785,0.7386281467014318,0.3746053315458269,-0.001917545436009145,0.23516197320757998,-0.1205566319321484,0.11655408458237049,0.3928795601261326,0.03608623092896334,0.326864928002356,-0.1082874662096678,0.019893828459753116,0.4975810902611796,-0.06683552807600016,0.12260697004030469,0.05300597321372587,-0.30247708946188534,-0.13664049432435027,0.09815093720854479,-0.20130417501974832,0.12163608552776414,0.42049498039590066,0.09392809629449489,0.161292327016639,0.0667159368270107,0.07338413893303876,0.26441956639022984,0.003731611719277088,-0.33499387413675624,-0.28008513053017975,-0.06915088454239232,0.2349711799770599,-0.1623544518273294,-0.3171583013296066,-0.32262359957895476,0.17531181103440294,0.11364044070365657,-0.4938891115429713
-0.33112065947674996,-1.5863236449746083,0.38048329293739513,-0.6388487543137247,1.3905643040995472,0.9378764985750317,0.014921039291694187,0.7466110839554602,0.05612046510307956,-0.5460465331297972,0.3985980327481157,0.07178425171363163,-0.3360468659441371,-0.2755350741253181,-0.05003696727699253,0.8170500740860943,-0.1082874662096678,2.67868761311741,-0.44570314236530434,0.34624530926539376,-0.7001301362670158,1.053720193100026,0.78334680283054,-1.1529836966922788,1.8552511150712907,-0.2759916901395902,-0.8674209384199927,-0.8968713297469889,-0.07201017061857755,0.6323208551720256,0.18517959835802303,0.08025135487073082,-1.0277843078873414,1.2789913046662746,0.23632981922970694,0.7307459380205295,0.11691136292491709,-0.34138657406455886,1.5820077637237662,-1.1283426167187995,0.82391981482565,-1.3215841707075953,0.9136624050033194,0.30258125470852965,0.3020530002473642
-0.5698802190583137,0.21038985704525873,-0.12164879320410113,0.4687745188692583,-0.4124950287195382,-0.4115862579589318,0.04499635511106226,-0.06891891870791783,0.6913088595311525,-0.21600451247202915,0.3906251624133031,-0.2878184813708577,0.0742713774256628,-0.0652808527365168,0.3948639788821277,0.191483762646076,0.019893828459753116,-0.44570314236530434,0.6979028943046863,0.5724235691053042,-0.157964832531616,-0.4359969947861142,0.187328528952363,0.21202111211509225,0.42183753520679923,-0.5392392103680966,-0.2340308893496691,-0.15653783939342875,-0.3450200369851822,0.5078587603757162,-0.478764326873305,-0.2612723859488019,-0.01791957730470232,-0.27973572695931553,0.12286116752046296,-0.32785299055038825,0.17534634496733204,1.0840378218513287,-0.16635163505708964,-0.09466035620463426,0.012978103718962544,-0.3834447689570023,0.5370934819047072,-0.39199505312218924,-0.05380062441226367
-0.6642412621801423,-0.31583340410083255,-0.2337509065174468,1.4153014568931048,-0.41086971416418394,0.1469950201816115,0.7343691842538901,0.18872930566685447,2.5231545797541726,-0.19020954460325099,0.38544674030501735,-0.4610706868640757,-0.0052333135233428195,-0.5405748229813522,1.6574567903368438,1.4790729205431845,0.4975810902611796,0.34624530926539376,0.5724235691053042,2.6995270687725226,-0.9215323918817289,-0.07353640309502493,1.04660682234278,-0.15793594863244032,0.8491015216261389,-1.068744623092766,-1.0593713203883695,0.015951914442118097,1.8529633788875564,1.0247148960259396,-0.4480026198424348,-0.4821359209624443,-0.7234714368894148,0.3301839771766389,-0.8897186951154804,-0.2503400228241892,-0.11567985533496292,0.03763127449608867,1.4431170271076805,-1.4060272934375915,-0.23381914384543367,-1.2792166669092853,1.0360847690236163,-0.06980480915877728,-1.0989266607670047
0.3946430135862213,0.45320275353519407,0.003039025807205931,-0.27682837811447325,-0.16674645937155075,-0.2000054657044859,-0.18259226253760413,-0.21854982380814839,-0.757612182392534,0.29944002613550097,-0.2542474574944774,0.2193055221953518,0.03892181705445044,0.28284632024088946,-0.48807488433462676,-0.6950439573919531,-0.06683552807600016,-0.7001301362670158,-0.157964832531616,-0.9215323918817289,0.4671989929640543,-0.13508084734928102,-0.5252592657248094,0.2254047114517683,-0.7803931870155317,0.4969969593646691,0.5216725266065443,0.23823899609802263,-0.46674156079610374,-0.5123982447441944,0.1987616282339624,0.1854587542463234,0.47991721618648536,-0.29320507923672817,0.24035360221488367,-0.12966064847208073,-0.06520738999633746,-0.06871425304321842,-0.7746452068312699,0.6940622777803959,-0.1914483625903817,0.6787421008937659,-0.5690474538207462,0.02892306620458645,0.1825909814190141
0.22308339279394387,-0.6237115660330682,0.21443900164284574,-0.09885320392239261,0.3146903992203229,0.6010630878473858,0.076668605596359,0.3135285901946229,-0.16905252263871773,0.17207322433575167,0.16987652296877118,0.2374401362165732,-0.34174903305259363,0.23923877907156216,-0.015705666666886258,-0.07563524211768063,0.12260697004030469,1.053720193100026,-0.4359969947861142,-0.07353640309502493,-0.13508084734928102,0.7642355701339247,0.3557705860576646,-0.48901797296155747,0.3734139859089433,0.21550406486087476,-0.36300648338443964,-0.3708130599382836,0.11173624662198027,0.17022136979588767,0.45142833075740996,0.1999838047137395,-0.5772280625958998,1.120556738043044,0.43055791699585194,0.05934101641503309,0.020934190563809314,-0.5805178256403447,0.35043385778812935,-0.4554330897945868,-0.07073661144686146,-0.7948966057788699,0.13938814636588967,0.5025753468081706,-0.18336903315600808
-0.5103703061660102,-0.5499131136404145,-0.01780657014394074,0.7146240525179108,-0.4993483133610253,0.39594726469594654,0.12307289402025214,0.25885961595561907,0.5069055684327494,-0.353099581081734,0.6164126827518346,-0.5310864271870921,-0.20345188049170532,-0.057348594502186157,0.6973889012603357,0.5538372905545704,0.05300597321372587,0.78334680283054,0.187328528952363,1.04660682234278,-0.5252592657248094,0.3557705860576646,1.0292324108379547,0.2590914167221251,0.8473391161689691,-0.7199382312025591,-0.7542687747275284,-0.5317438238762712,0.6249349942551798,0.8512786405356807,-0.1489191818590848,-0.29248584314099096,-1.220399262151373,1.0215138759067213,0.0933179296633965,-0.0130743458904448,0.5172178558754404,-0.14391686724179828,0.35223903102530124,-1.0487976735877342,-0.13414992171449533,-1.3499745111465506,0.5157966630489451,0.30134781345100037,-0.41188272569727785
-0.20236074330017345,0.6360442365617288,-0.28832530012067153,0.5728963750619859,-1.4709411485541712,-0.27445182264128304,-0.3235619650243777,-0.3826553199679123,-0.8890500469476854,-0.30879638617002547,0.13168869468576042,-0.8263043203268392,0.19513843542609421,0.06312446258060898,0.06233269284889098,-0.28105695689597393,-0.30247708946188534,-1.1529836966922788,0.21202111211509225,-0.15793594863244032,0.2254047114517683,-0.48901797296155747,0.2590914167221251,1.6498026157823027,-0.7499265355754969,-0.4019401204633399,0.35979036474999393,0.11813171052175102,0.34262700572031374,-0.006974178439669052,-0.3077181812390476,-0.35449464503911077,-0.5124755716729382,-0.2384655862261231,-0.17044795252733846,-0.04481903715017303,0.7721026990344726,-0.3110168938745089,-1.29081386853842,0.10920445974983628,-0.4560008314826447,0.3289697355502008,-0.7717245332548962,0.11170705758082144,-0.005886000943347897
-0.9894961596273973,-1.1532355125122224,0.19622538355129435,-0.14036022299298268,0.8229181374769791,0.31060640359158476,0.007850711465707998,0.5678380367618465,0.7254488081294371,-0.8067920744655263,0.7832113934750976,-0.28937798132993564,-0.17382584245322058,-0.3585811586032215,0.31293223407593457,0.9414023274645226,-0.13664049432435027,1.8552511150712907,0.42183753520679923,0.8491015216261389,-0.7803931870155317,0.3734139859089433,0.8473391161689691,-0.7499265355754969,2.1620041259855993,-0.8731124873964258,-0.971414857122981,-0.9808458537504716,-0.591443777036011,1.1094694884328036,-0.43791136537240216,-0.23876382364599483,-0.8663957432477579,0.6771770822515972,0.33394010214457814,0.33495269609595296,0.326900661394005,1.0244666550456025,1.1792072794522446,-1.04077997206302,0.840102147004455,-1.4932579691910532,1.410947147671406,-0.249976144732894,0.3339933824324608
0.7884965339483079,0.2395225076029797,0.1339128672959354,-0.56191054033019,0.3949697880853904,0.05878273137542086,-0.036659716917804265,-0.09640313455570647,-0.6660810946146285,0.6178345314704633,-0.4966591703225803,0.6695607657234887,-0.0767557857573934,0.347623228402268,-0.6122421370685525,-0.7482430906744858,0.09815093720854479,-0.2759916901395902,-0.5392392103680966,-1.068744623092766,0.4969969593646691,0.21550406486087476,-0.7199382312025591,-0.4019401204633399,-0.8731124873964258,0.9253573553245433,0.5183922905858537,0.3391048562448327,-0.3214360366273971,-0.7620887321482908,0.561824093455673,0.4376595545763852,0.7063108725119219,-0.06446116787056351,0.24420483734221762,-0.07576997925908643,-0.45375975001486996,-0.49550920930316644,-0.3323364089668334,0.7238838426871594,-0.17509556353161565,0.7382611532058151,-0.5952184228301246,0.20416643690538328,0.08277610601560104
0.4221622704554208,0.5787597495673461,-0.05660081656416047,-0.5280073687007522,0.001491164609556554,-0.31384537283283104,-0.2622016974775289,-0.3160391654867662,-0.9598456457353634,0.14830691169303917,-0.5205378377852955,0.15270040944258714,0.22835952278129362,0.05202864359423356,-0.6654832672961227,-0.5572272747421482,-0.20130417501974832,-0.8674209384199927,-0.2340308893496691,-1.0593713203883695,0.5216725266065443,-0.36300648338443964,-0.7542687747275284,0.35979036474999393,-0.971414857122981,0.5183922905858537,0.7878805586275747,0.4665894065117786,-0.344871265391394,-0.7857543250646563,0.08746748126149399,0.1499958646530316,0.7596107539463642,-0.8560798637546123,-0.1715932478287026,0.13037765534064466,-0.1324491778958256,-0.23094836321768963,-0.6947935743420282,0.884152800613378,0.004825038248424926,1.2933464346688022,-0.8048324230114148,-0.12776416314135008,0.4099268293665393
0.4336950616471369,0.5695835674487472,-0.1495173099587167,0.025751279478794322,-0.058952442911680884,-0.24021666739804162,0.1427623221420213,-0.28270524224005134,0.19644605502936552,0.3256428247489128,-0.594191763572371,0.1854637014137464,0.23498769052252574,-0.13842475337079552,0.0041239238605009455,-0.027317402816736634,0.12163608552776414,-0.8968713297469889,-0.15653783939342875,0.015951914442118097,0.23823899609802263,-0.3708130599382836,-0.5317438238762712,0.11813171052175102,-0.9808458537504716,0.3391048562448327,0.4665894065117786,0.7131547418897974,0.6481317323785062,-0.6164909488460589,0.07268669749496119,0.06695920099107065,0.735661930950502,-0.816561949256164,-0.6707281904797624,-0.02439426665088318,-0.43964660703416447,-0.48695713997119144,-0.009653375407200016,0.4646869557628075,-0.2126011118784215,1.0340563611075775,-0.5456246321270134,-0.10205835153270763,-0.18567352598682818
0.2573257415399068,0.0018952876808880693,-0.27280521325935847,1.0792167746398005,-0.5723705941983633,0.44711349740405604,0.6134033971606621,-0.04058731018194142,1.3135065425819763,0.17521562951696087,-0.37825436432121196,-0.319832236591955,0.08681064055638184,-0.45714474457838994,1.1633716658986097,1.0339820621832714,0.42049498039590066,-0.07201017061857755,-0.3450200369851822,1.8529633788875564,-0.46674156079610374,0.11173624662198027,0.6249349942551798,0.34262700572031374,-0.591443777036011,-0.3214360366273971,-0.344871265391394,0.6481317323785062,2.7792752912940957,0.020903656467562905,0.11748964831729244,-0.24017215078639326,-0.5349414641763518,0.21070488854941954,-1.4289528627927484,0.11019618475822641,-0.2453629322026335,-1.787984119523635,1.0435860862989026,-0.9698199020311817,-0.6042373453741466,-0.1081265194497599,-0.3114616656234439,0.46670704506089844,-1.154344028976803
-0.7046481962602331,-0.4607469690446199,-0.0011695963180824314,0.6567881273859331,-0.33532433392737987,0.13434487262439646,0.14612326338939852,0.24987448239266943,0.8352567632760354,-0.3374318235415012,0.7418489695217126,-0.39288487814174755,-0.19698950409721996,-0.023001827394678563,0.6810784129508816,0.4893266673522817,0.09392809629449489,0.6323208551720256,0.5078587603757162,1.0247148960259396,-0.5123982447441944,0.17022136979588767,0.8512786405356807,-0.006974178439669052,1.1094694884328036,-0.7620887321482908,-0.7857543250646563,-0.6164909488460589,0.020903656467562905,0.9900464315161842,-0.3111920935965266,-0.28554967113242014,-0.8826154174626463,0.7689265864788958,0.3362757724067279,-0.21954334409099005,0.40036342337002373,0.6708535984864953,0.320932963652729,-0.8711510278278255,0.004495999059156078,-1.415492804722814,0.8853183691147103,0.0027809001619787995,-0.2878818769322639
0.555151511997115,-0.07956430252931773,0.1287009603647988,-0.15055064447940028,0.14276242537806963,0.3146557320546561,0.06623285649987781,0.05619263075183854,-0.3323972423806457,0.4683365982061879,-0.18501136206315044,0.4128725862705722,-0.2023039467739521,0.3186819854325487,-0.1985939235259211,-0.42715363484074254,0.161292327016639,0.18517959835802303,-0.478764326873305,-0.4480026198424348,0.1987616282339624,0.45142833075740996,-0.1489191818590848,-0.3077181812390476,-0.43791136537240216,0.561824093455673,0.08746748126149399,0.07268669749496119,0.11748964831729244,-0.3111920935965266,0.522136825203979,0.29478495202039173,0.03482900580193196,0.54063184320872,0.26642684287970686,-0.08762691668926025,-0.21196195334664156,-0.6640156441228281,-0.07614040213187702,0.11977261375155694,-0.27793054669038436,-0.01719002540129713,-0.3207479080369321,0.4058730784096035,-0.19887790685168974
0.3492866491611853,-0.012839961674885466,0.10783736576061957,-0.30639243863077553,0.31623218074256104,0.08937123858327213,9.954467093950929e-4,0.024331351550488826,-0.24944356439402085,0.29275246950437783,-0.17548408343777697,0.37213193284384777,-0.08721936159152953,0.18202446977769707,-0.28523176605704453,-0.3281110064203105,0.0667159368270107,0.08025135487073082,-0.2612723859488019,-0.4821359209624443,0.1854587542463234,0.1999838047137395,-0.29248584314099096,-0.35449464503911077,-0.23876382364599483,0.4376595545763852,0.1499958646530316,0.06695920099107065,-0.24017215078639326,-0.28554967113242014,0.29478495202039173,0.23356077736713218,0.2819908106796494,0.10914508156523452,0.21328793844592908,-0.0360459079628713,-0.23399916680122412,-0.16723572236356754,-0.03857449730751287,0.2702478686337213,-0.031325748123479526,0.18324382700519543,-0.15053271345069172,0.11105675048601316,0.044203727712582526
0.4778779100958206,0.7007434458817887,-0.03269364931935476,-0.6521669214040766,0.676935530294424,-0.5910639979256168,0.04020125635672386,-0.30953864568929773,0.09630657873009468,0.4410482990675627,-0.7385234358109278,0.6678730262384438,0.2939649051012358,-0.07791882470550604,-0.5319806158887066,-0.3649145109920847,0.07338413893303876,-1.0277843078873414,-0.01791957730470232,-0.7234714368894148,0.47991721618648536,-0.5772280625958998,-1.220399262151373,-0.5124755716729382,-0.8663957432477579,0.7063108725119219,0.7596107539463642,0.735661930950502,-0.5349414641763518,-0.8826154174626463,0.03482900580193196,0.2819908106796494,1.633342596611746,-1.4434153421829214,-0.3312118018846329,-0.09235166982770568,-0.8109329847729457,0.44707212539778013,-0.0645306594443005,1.137827072682999,0.18751299960149545,1.5465062318064686,-0.32264052944896254,-0.5419400874182172,0.32235909365545284
0.03683948668590181,-0.8260769151933247,0.23808648628131068,0.5661181328643718,-0.38980030253074244,0.8472946723893833,0.1502799422707935,0.44166755060317775,-9.222541801266591e-4,0.2433734528862082,0.7343166370301385,0.019005256725998846,-0.6408104199250519,0.5872453889391382,0.42063206523679497,-0.2127253760585626,0.26441956639022984,1.2789913046662746,-0.27973572695931553,0.3301839771766389,-0.29320507923672817,1.120556738043044,1.0215138759067213,-0.2384655862261231,0.6771770822515972,-0.06446116787056351,-0.8560798637546123,-0.816561949256164,0.21070488854941954,0.7689265864788958,0.54063184320872,0.10914508156523452,-1.4434153421829214,2.200870172551428,1.0172056840334982,-0.3161304368540108,0.4320135365336953,-0.5399567186791937,0.03074896654280575,-0.9957564941934824,-0.5080912149542918,-1.9688376386497404,0.4036464213630513,0.8767016981894299,-0.6286284627264583
-0.016313739892110456,-0.1595300408121743,0.22815955444510333,-0.08464908357009487,-0.21197075457147216,0.07221754738791322,-0.213984163442336,0.14024622215862242,-0.6577340622519399,0.24774440793070737,0.5873063629397531,0.24373071552850364,-0.40242981455562304,0.7239796935689787,-0.35186779807681134,-0.926811852334907,0.003731611719277088,0.23632981922970694,0.12286116752046296,-0.8897186951154804,0.24035360221488367,0.43055791699585194,0.0933179296633965,-0.17044795252733846,0.33394010214457814,0.24420483734221762,-0.1715932478287026,-0.6707281904797624,-1.4289528627927484,0.3362757724067279,0.26642684287970686,0.21328793844592908,-0.3312118018846329,1.0172056840334982,1.4351268719737265,-0.4863017419137567,0.3265049825859349,0.7809202409121916,-0.899742147025236,0.17962113535275057,-0.19808287868024743,-0.9266999088538714,0.26552413838428907,0.22708856181915274,0.13533840558177818
-0.06436850064852327,-0.39590792012578707,0.05521518036107533,-0.6555174601015049,0.6623206206970835,0.20119111762717806,-0.22010003825918747,0.11908985296378873,-0.5929690580699999,-0.4960941610955827,-0.23865936871673432,-0.1715464131129617,0.17184356414407664,-0.42097188457760476,-0.38719469094485026,0.4263612354303985,-0.33499387413675624,0.7307459380205295,-0.32785299055038825,-0.2503400228241892,-0.12966064847208073,0.05934101641503309,-0.0130743458904448,-0.04481903715017303,0.33495269609595296,-0.07576997925908643,0.13037765534064466,-0.02439426665088318,0.11019618475822641,-0.21954334409099005,-0.08762691668926025,-0.0360459079628713,-0.09235166982770568,-0.3161304368540108,-0.4863017419137567,0.7346560679608602,0.07957342432683479,-0.49176651149234063,0.5309721204672143,-0.09015380047390593,0.5902440327117087,0.4815568881556156,-0.1600150145242221,-0.0635253835927937,0.5304813894725358
-0.4056433999053175,-0.11755254654860345,-0.03694496482223994,0.214311456140123,-0.6560751548942266,0.05779095478542399,-0.2944394649990643,0.016265752484433862,-0.670778149876029,-0.4406713007866805,0.4572797253257835,-0.5825664351404065,-0.04512380470036933,0.08542379158837225,-0.009815832983311913,-0.07898577658150348,-0.28008513053017975,0.11691136292491709,0.17534634496733204,-0.11567985533496292,-0.06520738999633746,0.020934190563809314,0.5172178558754404,0.7721026990344726,0.326900661394005,-0.45375975001486996,-0.1324491778958256,-0.43964660703416447,-0.2453629322026335,0.40036342337002373,-0.21196195334664156,-0.23399916680122412,-0.8109329847729457,0.4320135365336953,0.3265049825859349,0.07957342432683479,0.7224440819887064,0.09874823279726139,-0.6021331125590916,-0.28231518574309256,-0.03100791065096228,-0.5061081126804605,-0.045761717397447735,0.13470571200196305,0.1759922896637435
-0.8592264827160105,0.1633850941313027,0.012206546164390233,0.0040668967716781645,0.10588805530345562,-0.7395741412685624,-0.10448867037306113,9.711238136140392e-4,0.6769617748040032,-0.2941656882042305,0.6343687696229089,-0.020953411440261725,0.04030320633854372,0.058783451477911794,0.020073196724443493,-0.08702709714771878,-0.06915088454239232,-0.34138657406455886,1.0840378218513287,0.03763127449608867,-0.06871425304321842,-0.5805178256403447,-0.14391686724179828,-0.3110168938745089,1.0244666550456025,-0.49550920930316644,-0.23094836321768963,-0.48695713997119144,-1.787984119523635,0.6708535984864953,-0.6640156441228281,-0.16723572236356754,0.44707212539778013,-0.5399567186791937,0.7809202409121916,-0.49176651149234063,0.09874823279726139,2.4213531408220215,-0.31683474601628703,0.2991175778229184,0.4312279688863552,-0.48438288189070705,1.0939343306524543,-0.8324657507295127,0.4511898191658705
-0.2166074860146992,-0.9284365087078751,0.10390452790249405,-0.16152707650246229,1.3796741747987316,0.4618617891512902,0.4876776100136583,0.45546528719236573,1.5710678034518037,-0.2657736563588399,-0.1606869109441488,0.20653993640570337,0.021504199325186137,-0.7298099259341604,0.5731185986061536,1.4137308506649477,0.2349711799770599,1.5820077637237662,-0.16635163505708964,1.4431170271076805,-0.7746452068312699,0.35043385778812935,0.35223903102530124,-1.29081386853842,1.1792072794522446,-0.3323364089668334,-0.6947935743420282,-0.009653375407200016,1.0435860862989026,0.320932963652729,-0.07614040213187702,-0.03857449730751287,-0.0645306594443005,0.03074896654280575,-0.899742147025236,0.5309721204672143,-0.6021331125590916,-0.31683474601628703,2.220295178882247,-0.9345604716130207,0.6613137515123896,-0.44008241635544126,0.9168446663199807,-0.15080038710632562,-0.20661905730079236
0.49276321416150415,0.7434336167603182,-0.0012605701459408893,-0.6720269022462516,0.1294628732053456,-0.519298591199278,-0.29448254011549135,-0.35167747051576,-0.9527688089862171,0.33765462801590196,-0.5091476710606724,0.40462752603943264,0.2053505224191045,0.2295839957401905,-0.8489825511324337,-0.8870261077551308,-0.1623544518273294,-1.1283426167187995,-0.09466035620463426,-1.4060272934375915,0.6940622777803959,-0.4554330897945868,-1.0487976735877342,0.10920445974983628,-1.04077997206302,0.7238838426871594,0.884152800613378,0.4646869557628075,-0.9698199020311817,-0.8711510278278255,0.11977261375155694,0.2702478686337213,1.137827072682999,-0.9957564941934824,0.17962113535275057,-0.09015380047390593,-0.28231518574309256,0.2991175778229184,-0.9345604716130207,1.2615491033649913,0.009472486591143576,1.3921548161010584,-0.7033768135650987,-0.28160616520082987,0.5123979660988577
-0.3386696981819197,-0.45302010047841085,0.11074381130065677,-0.7939368954412832,0.9971071424807549,-0.019540817185002526,-0.20666997307989965,0.18470035759217737,-0.21451154611207068,-0.5611561361209318,-0.05274662046948601,-0.027661717581620938,0.16150896384371874,-0.428410580099818,-0.4158255239759536,0.4543147472210726,-0.3171583013296066,0.82391981482565,0.012978103718962544,-0.23381914384543367,-0.1914483625903817,-0.07073661144686146,-0.13414992171449533,-0.4560008314826447,0.840102147004455,-0.17509556353161565,0.004825038248424926,-0.2126011118784215,-0.6042373453741466,0.004495999059156078,-0.27793054669038436,-0.031325748123479526,0.18751299960149545,-0.5080912149542918,-0.19808287868024743,0.5902440327117087,-0.03100791065096228,0.4312279688863552,0.6613137515123896,0.009472486591143576,0.854576917134232,0.2913071642567948,0.3619947243860373,-0.3965413227963884,0.7238026710197759
0.6471468291411963,0.9041596344092054,-0.14489767862331832,-0.9851609617216797,0.45128423005834023,-0.5766701465812386,-0.30516932665780516,-0.5059616185043401,-1.0579102379955454,0.09871084887046125,-1.1289742666325842,0.2574849209037378,0.5714724524786458,-0.32268472782276164,-0.9623269167014028,-0.37044068114596806,-0.32262359957895476,-1.3215841707075953,-0.3834447689570023,-1.2792166669092853,0.6787421008937659,-0.7948966057788699,-1.3499745111465506,0.3289697355502008,-1.4932579691910532,0.7382611532058151,1.2933464346688022,1.0340563611075775,-0.1081265194497599,-1.415492804722814,-0.01719002540129713,0.18324382700519543,1.5465062318064686,-1.9688376386497404,-0.9266999088538714,0.4815568881556156,-0.5061081126804605,-0.48438288189070705,-0.44008241635544126,1.3921548161010584,0.2913071642567948,2.5328402029069963,-1.2100589382958709,-0.4497789838344413,0.7026790624683544
-0.6771020255162358,-0.5942474929735343,0.0915550467856067,0.2633865360444125,0.46129818227845454,0.046008789447115755,0.2592180206686264,0.3476331811173301,1.3019591268648731,-0.2665848539204576,0.5756593678410085,-0.007024993236436183,-0.15670101826596516,-0.17163489432528958,0.5647080768626572,0.6662043646200183,0.17531181103440294,0.9136624050033194,0.5370934819047072,1.0360847690236163,-0.5690474538207462,0.13938814636588967,0.5157966630489451,-0.7717245332548962,1.410947147671406,-0.5952184228301246,-0.8048324230114148,-0.5456246321270134,-0.3114616656234439,0.8853183691147103,-0.3207479080369321,-0.15053271345069172,-0.32264052944896254,0.4036464213630513,0.26552413838428907,-0.1600150145242221,-0.045761717397447735,1.0939343306524543,0.9168446663199807,-0.7033768135650987,0.3619947243860373,-1.2100589382958709,1.2505888389467037,-0.2857369345741355,-0.12155638815670927
0.3219187525790199,-0.18913252436917913,0.06569361805965752,0.2125376297988284,-0.3054330393008775,0.43290940207567996,0.04996608263316037,0.08674192958768379,-0.32617954536900917,0.2530061846602425,0.058796614476931595,0.040442567501938004,-0.23578338847177682,0.28358964659266156,0.07493831025976772,-0.23669308564511254,0.11364044070365657,0.30258125470852965,-0.39199505312218924,-0.06980480915877728,0.02892306620458645,0.5025753468081706,0.30134781345100037,0.11170705758082144,-0.249976144732894,0.20416643690538328,-0.12776416314135008,-0.10205835153270763,0.46670704506089844,0.0027809001619787995,0.4058730784096035,0.11105675048601316,-0.5419400874182172,0.8767016981894299,0.22708856181915274,-0.0635253835927937,0.13470571200196305,-0.8324657507295127,-0.15080038710632562,-0.28160616520082987,-0.3965413227963884,-0.4497789838344413,-0.2857369345741355,0.5492687713672435,-0.34637116228105774
