V1,V2,V3,V4,V5,V6,V7,V8,V9,V10,V11,V12,V13,V14,V15,V16,V17,V18,V19,V20,V21,V22,V23,V24,V25,V26,V27,V28,V29,V30,V31,V32,V33,V34,V35,V36,V37,V38,V39,V40,V41,V42,V43,V44,V45
1.5090360155370384,0.09635331901850896,4.694836583822862,-0.9386327896783998,3.996243275974367,3.1933021285494867,0.3669714351057078,-4.085729234529582,-6.509942997963944,-1.662811209484448,-0.8533293818678055,0.5960239468137902,-1.303128201252029,-0.09523273706150333,-9.325438826540212,-5.126952558175627,-1.407135240427011,-4.074785346742296,-0.8290377901047379,-1.9321004121405598,-1.8559024878514998,1.9200784371222395,1.360911761753444,1.8034248387249456,-5.258174089993515,-2.653259218156971,1.3404512667712067,-3.6326553471529897,-3.4983006991292878,2.9124566992380383,6.075432358419157,-0.552907852478506,-2.4604084402209536,6.280855778669499,-1.1451689171324888,-0.5423802358519694,4.026652115250222,-3.0587867147517063,0.4360658089652734,2.82610087424149,-3.458496331735131,4.047985384573358,0.1458623430206784,-2.3471018398295986,-2.26111814637597
0.09635331901850896,0.19299947014228444,0.517679728117935,-0.025398301238090754,0.5206426683481645,0.40818784535042585,0.018005906995914474,-0.367475681386856,-0.5537244082148055,0.14018634757942053,-0.12769784706807025,0.14568787712140843,-0.015115243727522794,0.010036422390194442,-0.6891728562168602,-0.18725798871330843,-0.1648702814967888,-0.23841341983790812,-0.07928658584972677,-0.01880894553954051,0.1348483389491832,0.13608433122038652,-0.01328608219632908,-0.23335164088060037,-0.4768719728580686,-0.45301099418126467,0.2906530251362805,-0.2509422460031453,0.09495590833465213,0.2910288758101836,0.1518119860100043,0.1308862666475124,-0.25438685283757095,0.325209986376889,0.0288125481693323,0.10416863429949479,0.44790410965013505,-0.5063482295964334,-0.18521102752194307,-0.07878113476359787,-0.18809125243195723,0.03468253120770188,-0.14516442057265727,0.06939316060419685,-0.2997370866338705
4.694836583822862,0.517679728117935,15.535027021410556,-3.097053318344318,13.016223424583716,10.202918983984476,0.6195798015447326,-13.28345626735778,-21.4449086689116,-5.067761899278645,-2.822755098632382,2.104236444623281,-3.6668195422484287,-0.38009597807855416,-30.01483643594243,-16.83245765953128,-4.51331117056262,-13.201008192288063,-2.9369548711614963,-6.1113247297571345,-5.886612642199105,6.262659930118014,4.407495605082092,5.863067838991232,-17.269530891240574,-8.701064757134374,4.588749443014951,-11.521707919763196,-10.494880578883953,9.18375560765393,19.24630981817352,-1.5831321030295908,-7.820124934108711,20.34751991685602,-3.7988739155108053,-1.9490690325458422,13.373930230234052,-9.692914025388589,1.0339628363689017,8.381296854548122,-11.170935240458313,12.953019414453383,0.41155889527609096,-7.233464719521142,-7.699565800533485
-0.9386327896783998,-0.025398301238090754,-3.097053318344318,0.9515389792742707,-2.558502293247198,-1.639390148910552,0.0068882897924277394,2.4275231444491574,4.053189049695334,1.0056078809533437,0.5126937914353186,-0.19409853701752458,0.88059657966927,-0.2565084044428691,6.017278015604619,3.8725869641471715,0.9891379574267775,2.5529434733991114,0.564454261210281,1.3127680721905892,1.453174804421945,-1.2301719565164058,-0.6740824373965936,-1.5938653859868246,3.474014585212777,1.7036125588981816,-0.9253874762586571,2.4031016169585424,2.3774287631498376,-1.803190656951318,-3.9631364763734442,0.294875256175163,1.6771371059981397,-4.14379542109705,0.9984024685123274,0.6155874617827674,-2.522966290693604,1.9367385823238388,-0.3070730892398048,-1.546052373050796,2.3336918145487924,-2.743921585277782,-0.2688429948400546,1.5104882341888708,1.5680398018516195
3.996243275974367,0.5206426683481645,13.016223424583716,-2.558502293247198,11.348988944172161,8.950292365942252,0.9703217299650133,-11.180838704202337,-18.122139442226636,-3.9319539236293677,-2.338907554984074,1.9483555303101465,-3.1989217938870507,-0.22565459855372486,-25.134866662092694,-13.62183960467933,-3.956407760003098,-10.858159708178745,-2.322676771026559,-4.854559449966868,-4.568135746840216,5.25011165767056,3.683376761769023,4.295555709052493,-14.409042368552592,-7.5664947430767695,4.102134043093983,-9.890092399240032,-8.688212775071731,7.899451111781436,15.889956445586606,-1.325930623326589,-6.715463045394137,16.97728746207655,-2.9126661052263265,-1.5010524567469714,11.220430259106813,-8.53265186087431,0.7684388375089308,7.270195977227351,-9.150226085442236,10.67589586858579,-0.02853526178512664,-6.0464401068607945,-6.1042207728969675
3.1933021285494867,0.40818784535042585,10.202918983984476,-1.639390148910552,8.950292365942252,7.532275753574096,1.0280244686666253,-9.10814410952843,-14.574048393955009,-3.24613770645546,-1.8815271913021216,1.763700793546642,-2.4731932349952657,-0.5773185810708817,-19.91022916252124,-10.197445414160462,-3.0148419705103566,-8.726414237837457,-1.8220680734500687,-3.790387319786329,-3.396590262720911,4.182509972343362,3.231300181941112,3.0137611294908746,-11.31194343987304,-5.92866595377456,3.141189630220986,-7.765886696270217,-6.789105295758322,6.301873140390498,12.609533581864678,-1.1773695466690919,-5.173739088426094,13.408724980426241,-2.0435242038324386,-0.958057677775977,8.976346505410964,-6.678209111895201,0.6220206098683082,6.150926969460801,-7.153096455608003,8.404937064330452,-0.20450855786807004,-4.85783624074686,-4.678181238738404
0.3669714351057078,0.018005906995914474,0.6195798015447326,0.0068882897924277394,0.9703217299650133,1.0280244686666253,0.7985806557681485,-0.8248864381423447,-1.1209261058146969,-0.08403339097876526,-0.1366006989822921,0.257293939858532,-0.6059588577399152,-0.03950132764380197,-1.6267359108609747,-0.06550578132247248,-0.35333378488475603,-0.5710886790788703,0.08778333088940664,-0.12792626123499254,0.052700130838587204,0.2992990453377678,0.38525871913612003,-0.4103987956072564,-0.6906495792012856,-0.6481946762165133,0.3243146124577338,-0.9184842553905747,-0.788481334955217,0.7899067834706008,0.9290973869082242,-0.1643841014273547,-0.5636958800120059,0.928815739564382,0.14667676138477304,0.16787259357974232,0.6383803404677386,-0.9141884191410578,0.14606027331711333,1.0882024731962663,-0.4457174384479728,0.5832056069423063,-0.3890366880123512,-0.481137329663702,0.08453825682048823
-4.085729234529582,-0.367475681386856,-13.28345626735778,2.4275231444491574,-11.180838704202337,-9.10814410952843,-0.8248864381423447,11.714870626411864,18.781412310657352,4.502157698947093,2.44595541314693,-1.9778076465360843,3.203413973310441,0.646216641718299,25.984980180294123,14.136009150021287,3.7770228252412323,11.561712104373886,2.51442262621561,5.252748088412292,4.997104662982914,-5.46234858935192,-4.190867242150908,-4.864105031497625,14.83287574509649,7.400113400117088,-3.8482941928874674,9.98667588677744,9.16221399707452,-7.96797414964729,-16.784010690066186,1.5358734729961592,6.629396193860896,-17.665029346486595,3.1424544733574558,1.6043840574159507,-11.63255623900229,8.17941634262754,-0.9944825889562039,-7.7290371771241855,9.641654975997334,-11.35081846428444,-0.18892606159203004,6.430876904270681,6.431174264360295
-6.509942997963944,-0.5537244082148055,-21.4449086689116,4.053189049695334,-18.122139442226636,-14.574048393955009,-1.1209261058146969,18.781412310657352,30.560400721215732,7.1933794419867345,3.8435195329263574,-3.2849299641905323,4.844639105320653,0.9818890931542891,41.68920970551612,23.087309138175282,6.115888739220155,18.524798364314066,4.137685539696785,8.335440579274813,8.13218425148817,-8.86109736041769,-6.791265259991123,-8.038585235686021,23.95016345463642,11.828776621419664,-6.32917115083009,16.065172530526677,14.520523915859942,-12.650237706418944,-26.992580611781072,2.5743049361361834,10.598578658252698,-28.66259432930422,5.138059088626032,2.8917907291589087,-18.744734636584017,12.918786964610897,-1.5201525676200203,-12.365083654227268,15.40122718796977,-18.409696000557894,-0.28634578085580675,10.450831112466421,10.217203043466265
-1.662811209484448,0.14018634757942053,-5.067761899278645,1.0056078809533437,-3.9319539236293677,-3.24613770645546,-0.08403339097876526,4.502157698947093,7.1933794419867345,2.4366463676492924,0.8941290022711744,-0.5075416933169088,1.3256911119327661,0.3037010414725809,10.407110141720805,6.193354134001275,1.3613692394488257,4.776196678006234,1.0250604710818334,2.4566322745553077,2.568728256096349,-2.1656171948480094,-1.6836744472318195,-2.7701765798169427,5.822958635750623,2.4665582942658486,-1.096586411539183,3.842785756364798,4.253960264562605,-3.00700263259036,-7.274526115619218,0.8529510842141772,2.502518284573027,-7.23247920298899,1.5101744411178881,0.8013751961212368,-4.342182750845613,2.8005694802462298,-0.7531474006465816,-3.3411663439417914,4.006735075044251,-4.879845138431548,-0.5817467984090493,2.9152485390552614,2.6016029602149082
-0.8533293818678055,-0.12769784706807025,-2.822755098632382,0.5126937914353186,-2.338907554984074,-1.8815271913021216,-0.1366006989822921,2.44595541314693,3.8435195329263574,0.8941290022711744,0.5451794876928607,-0.3810828416501239,0.697556690652958,0.10605049972545455,5.454504073131856,2.9486345900218667,0.7960591086046697,2.417977893303477,0.5283678164564141,1.1160973153847882,1.0101127161089263,-1.1237652733029935,-0.7998428432745929,-0.975714239313481,3.1264689439208637,1.6135715431260187,-0.819677684294779,2.067534867309178,1.877691838642114,-1.6941930120763218,-3.4478624677778544,0.24019264827156395,1.4193035618159955,-3.6201502103853813,0.663758160381683,0.27379305210684024,-2.4554093556442695,1.8037554005286853,-0.16968293173158097,-1.4817453959374938,2.046224369568713,-2.2921620218545233,-0.05580745619468746,1.2514639520010071,1.455149674567822
0.5960239468137902,0.14568787712140843,2.104236444623281,-0.19409853701752458,1.9483555303101465,1.763700793546642,0.257293939858532,-1.9778076465360843,-3.2849299641905323,-0.5075416933169088,-0.3810828416501239,0.5911498528554131,-0.2793103031328789,-0.2953425405615553,-3.9135825027451387,-1.7719365580683442,-0.583314140753093,-1.7513704020971843,-0.41642934147027005,-0.5853934907518741,-0.46425814364299234,0.8884464904901985,0.845650827352335,0.3095609327452254,-2.2960984531128394,-1.2418418331428895,0.7565358081807768,-1.535852648177054,-1.004686840648809,1.227493248878195,2.3564665199065695,-0.26452039712094627,-0.9476385479143214,2.728463108823647,-0.2674015690859083,-0.1954345805950841,1.967075306789075,-1.264266342664433,-0.016267244388422024,1.269930606670857,-1.3126226912502919,1.6376637129573028,-0.27166576779377455,-0.9319373479010485,-0.8330992067962352
-1.303128201252029,-0.015115243727522794,-3.6668195422484287,0.88059657966927,-3.1989217938870507,-2.4731932349952657,-0.6059588577399152,3.203413973310441,4.844639105320653,1.3256911119327661,0.697556690652958,-0.2793103031328789,1.5454641698935874,-0.15458879840879441,7.667259443085986,4.045405150399129,1.2384150051726825,3.2365395843112617,0.5015203939800515,1.6552983479563341,1.5652400780830027,-1.4716896112241669,-0.9732253568010035,-1.4368866814306729,4.133002372247898,2.2215107345390503,-1.0222570929464074,3.1538918842248336,3.3200908241668836,-2.549963192058323,-5.007004683401575,0.40823726996395393,2.182922523531991,-4.951893927640638,0.9454190385086255,0.34437595228001516,-3.0858331066105458,2.767374556244346,-0.5436517330904435,-2.494175582665717,2.917375987389712,-3.290046148870261,-0.14050045482121346,1.9315322198226836,1.7494549513573483
-0.09523273706150333,0.010036422390194442,-0.38009597807855416,-0.2565084044428691,-0.22565459855372486,-0.5773185810708817,-0.03950132764380197,0.646216641718299,0.9818890931542891,0.3037010414725809,0.10605049972545455,-0.2953425405615553,-0.15458879840879441,0.4779826604699592,0.7974431737305646,0.12183376031928558,-0.07799488516713973,0.5755291617701903,0.17411093029480768,0.13753081710220533,0.053954897121150154,-0.24403783335450688,-0.5327695067350958,-0.012628875135720355,0.46011834055377887,0.07016389135786252,-0.0040605590570941055,0.15827159803431787,0.07011014940963267,-0.15639954319985502,-0.5997943215423345,0.18315749286438554,-0.039797070241955806,-0.6501324420710585,-0.028822323896362013,-0.01397434761673645,-0.5459289331073147,-0.09629535077045925,-0.009585929043215308,-0.4767606899857727,0.2669825581257624,-0.4434748714524295,0.10269265535183232,0.2824847270406562,0.15877220038546352
-9.325438826540212,-0.6891728562168602,-30.01483643594243,6.017278015604619,-25.134866662092694,-19.91022916252124,-1.6267359108609747,25.984980180294123,41.68920970551612,10.407110141720805,5.454504073131856,-3.9135825027451387,7.667259443085986,0.7974431737305646,58.92866496750753,32.904002824110954,8.757755394817607,25.984241261374862,5.575445654943468,12.214299154231647,11.872288005152514,-12.23960185992074,-8.84163444247207,-11.809449919989529,33.55889202724354,16.691627130295377,-8.58418394444859,22.72852639005462,21.47040982059471,-18.076125973591775,-38.28559787523974,3.405288606336515,15.302383189788594,-39.96140137854346,7.488611654674946,3.8072060238367214,-25.87300787059397,18.786231591087983,-2.5136016693470524,-17.250275367144855,22.018840296779555,-25.76597379688274,-0.9791936781630626,14.635165697262922,14.733981562011593
-5.126952558175627,-0.18725798871330843,-16.83245765953128,3.8725869641471715,-13.62183960467933,-10.197445414160462,-0.06550578132247248,14.136009150021287,23.087309138175282,6.193354134001275,2.9486345900218667,-1.7719365580683442,4.045405150399129,0.12183376031928558,32.904002824110954,19.845030219418994,4.820016440973834,14.591215412578586,3.312478782221384,7.170312259922315,7.433306946910995,-6.87571638994773,-4.659893963636767,-7.9489411601213975,18.931539400930603,8.92406118756701,-4.5990750607156174,12.50657013335961,12.2939644991581,-9.723937390266066,-21.836990211457316,1.956601520694493,8.466941143013313,-22.680701166258537,4.82049547294486,2.705326376707677,-14.254858921608232,9.91145679007805,-1.5580807468870934,-9.137356144178721,12.541485332087419,-14.845863579236228,-1.2319536990353837,8.372918135010487,8.59146537196291
-1.407135240427011,-0.1648702814967888,-4.51331117056262,0.9891379574267775,-3.956407760003098,-3.0148419705103566,-0.35333378488475603,3.7770228252412323,6.115888739220155,1.3613692394488257,0.7960591086046697,-0.583314140753093,1.2384150051726825,-0.07799488516713973,8.757755394817607,4.820016440973834,1.4575197396785458,3.7018974309425996,0.758464243556004,1.7226247606563705,1.6516384293890107,-1.783881442516051,-1.1423448801471274,-1.5624860687613356,4.986217560074695,2.664701913269218,-1.4345785961009259,3.5017374150301603,3.1540153799606543,-2.7871803274313502,-5.52731302054143,0.43796937125370644,2.4230888649524256,-5.861615594044007,1.040177581924072,0.5340327920560792,-3.8068636857548817,3.102095696053219,-0.3115795516442303,-2.5045242850379377,3.2005950926704045,-3.678583982077118,-0.049438482183841,2.088756013601069,2.1215492187349945
-4.074785346742296,-0.23841341983790812,-13.201008192288063,2.5529434733991114,-10.858159708178745,-8.726414237837457,-0.5710886790788703,11.561712104373886,18.524798364314066,4.776196678006234,2.417977893303477,-1.7513704020971843,3.2365395843112617,0.5755291617701903,25.984241261374862,14.591215412578586,3.7018974309425996,11.634055295303934,2.550699058896516,5.471921002213464,5.356675014213523,-5.440533955622753,-4.110321679184646,-5.420853998552101,14.815872663143173,7.162784785377356,-3.634819701451457,9.889916987846668,9.456998773549728,-7.844418018225219,-17.041125024358106,1.582554287609232,6.574285838735253,-17.72960510744549,3.3771460706582794,1.7451071208737168,-11.478366455680263,7.9264269691657345,-1.1589495740613482,-7.659547225149717,9.78360525866877,-11.532307299781513,-0.5191664263622289,6.538179315237998,6.571052543296707
-0.8290377901047379,-0.07928658584972677,-2.9369548711614963,0.564454261210281,-2.322676771026559,-1.8220680734500687,0.08778333088940664,2.51442262621561,4.137685539696785,1.0250604710818334,0.5283678164564141,-0.41642934147027005,0.5015203939800515,0.17411093029480768,5.575445654943468,3.312478782221384,0.758464243556004,2.550699058896516,0.6425074551391048,1.1759874911511174,1.1885580052967153,-1.2047168992993833,-0.9098316990465756,-1.2830589506815522,3.2819279644125774,1.515578929726769,-0.8122086608379957,2.04110664034329,1.8466467547182246,-1.592486295376317,-3.6452845186108833,0.32268261970148693,1.3478372861384489,-3.8910501424580635,0.789775610089834,0.46376195551914945,-2.5629446185885407,1.5675128100440117,-0.17025964391290693,-1.4663454637950446,2.1168353261048427,-2.5093135878525374,-0.15048788630236537,1.3669981182250472,1.5313151158127183
-1.9321004121405598,-0.01880894553954051,-6.1113247297571345,1.3127680721905892,-4.854559449966868,-3.790387319786329,-0.12792626123499254,5.252748088412292,8.335440579274813,2.4566322745553077,1.1160973153847882,-0.5853934907518741,1.6552983479563341,0.13753081710220533,12.214299154231647,7.170312259922315,1.7226247606563705,5.471921002213464,1.1759874911511174,2.763773069638618,2.7877330347237907,-2.5016792142275364,-1.7613697882525001,-2.9419426422433848,6.908470639539676,3.2209856184740477,-1.5302303540371558,4.5966009864316755,4.762931478409518,-3.6454850065255324,-8.188072255608397,0.7484141535299379,3.10934462852721,-8.296064386722078,1.7486124736822974,0.8595317530637816,-5.1998957575104265,3.667032771516562,-0.6975439429343141,-3.5413929579992973,4.705335408795989,-5.482541323037269,-0.5284089557793398,3.1269579210322314,3.1997934775102896
-1.8559024878514998,0.1348483389491832,-5.886612642199105,1.453174804421945,-4.568135746840216,-3.396590262720911,0.052700130838587204,4.997104662982914,8.13218425148817,2.568728256096349,1.0101127161089263,-0.46425814364299234,1.5652400780830027,0.053954897121150154,11.872288005152514,7.433306946910995,1.6516384293890107,5.356675014213523,1.1885580052967153,2.7877330347237907,3.0368807596520124,-2.464006801925929,-1.7567794436771533,-3.3642112100444246,6.732693162205397,2.9122157676410203,-1.395579803944488,4.479852707314344,4.849197623179451,-3.405250020390633,-8.213835726414695,0.8596126326104723,2.966161872220614,-8.288893336899944,1.9072183367492272,1.1199567629702267,-4.960751886629151,3.2538293396782954,-0.8154263990273489,-3.51692729311696,4.648836418898663,-5.624851710993602,-0.7006172792801261,3.2424316132721027,3.0611500785639643
1.9200784371222395,0.13608433122038652,6.262659930118014,-1.2301719565164058,5.25011165767056,4.182509972343362,0.2992990453377678,-5.46234858935192,-8.86109736041769,-2.1656171948480094,-1.1237652733029935,0.8884464904901985,-1.4716896112241669,-0.24403783335450688,-12.23960185992074,-6.87571638994773,-1.783881442516051,-5.440533955622753,-1.2047168992993833,-2.5016792142275364,-2.464006801925929,2.589130035468597,1.942903586063357,2.47271676162583,-7.013782015682354,-3.4321935082074657,1.8057382321956246,-4.705013862040669,-4.369361463370981,3.7060559278434138,7.983005512980065,-0.754142019368398,-3.1210255158032054,8.403847421787702,-1.5634971363069146,-0.8589957164745258,5.444308823379475,-3.774228034615025,0.49298230440220686,3.6161587155273818,-4.554474060776612,5.433161151295093,0.16416191694385834,-3.091676915949542,-3.0272051930613193
1.360911761753444,-0.01328608219632908,4.407495605082092,-0.6740824373965936,3.683376761769023,3.231300181941112,0.38525871913612003,-4.190867242150908,-6.791265259991123,-1.6836744472318195,-0.7998428432745929,0.845650827352335,-0.9732253568010035,-0.5327695067350958,-8.84163444247207,-4.659893963636767,-1.1423448801471274,-4.110321679184646,-0.9098316990465756,-1.7613697882525001,-1.7567794436771533,1.942903586063357,1.8897981128064383,1.7158063135207882,-5.0083801115517605,-2.2863190973782848,1.202534954951688,-3.404249988797167,-3.146994588324554,2.608406296192659,5.914833415906064,-0.7479132018504182,-2.0492509994318926,6.245935268431658,-1.0442537972675612,-0.6866444751954184,4.06212734453899,-2.33559923433445,0.44370428012104896,3.056741704867131,-3.2935024844538896,4.175680989972226,-0.04824596239616205,-2.4258297988595467,-1.9653188818573284
1.8034248387249456,-0.23335164088060037,5.863067838991232,-1.5938653859868246,4.295555709052493,3.0137611294908746,-0.4103987956072564,-4.864105031497625,-8.038585235686021,-2.7701765798169427,-0.975714239313481,0.3095609327452254,-1.4368866814306729,-0.012628875135720355,-11.809449919989529,-7.9489411601213975,-1.5624860687613356,-5.420853998552101,-1.2830589506815522,-2.9419426422433848,-3.3642112100444246,2.47271676162583,1.7158063135207882,3.9222033102216,-6.7653186695687735,-2.678473633790777,1.252629895191518,-4.340887229278076,-4.946744390115547,3.2103531103115883,8.39359970023218,-0.9003337219808057,-2.862160407082015,8.403120186483841,-2.1559483540249915,-1.3408663256440865,4.879782662166184,-2.905573574341716,0.8950852325720752,3.336572764787743,-4.748949019332955,5.814499130259024,0.9877607908734236,-3.3206248485495182,-3.2124352890387007
-5.258174089993515,-0.4768719728580686,-17.269530891240574,3.474014585212777,-14.409042368552592,-11.31194343987304,-0.6906495792012856,14.83287574509649,23.95016345463642,5.822958635750623,3.1264689439208637,-2.2960984531128394,4.133002372247898,0.46011834055377887,33.55889202724354,18.931539400930603,4.986217560074695,14.815872663143173,3.2819279644125774,6.908470639539676,6.732693162205397,-7.013782015682354,-5.0083801115517605,-6.7653186695687735,19.262444967354295,9.572629371489406,-5.008571642136955,12.873684935801085,11.929241853171689,-10.219101670093094,-21.69986936723938,1.8657463071324012,8.687639386589415,-22.831008939756593,4.320080233439926,2.252359097976008,-14.88004765979264,10.650178461526224,-1.2765368588033512,-9.529428391766778,12.53385757477029,-14.644991236981868,-0.5518004423833577,8.231000551825868,8.547179251686181
-2.653259218156971,-0.45301099418126467,-8.701064757134374,1.7036125588981816,-7.5664947430767695,-5.92866595377456,-0.6481946762165133,7.400113400117088,11.828776621419664,2.4665582942658486,1.6135715431260187,-1.2418418331428895,2.2215107345390503,0.07016389135786252,16.691627130295377,8.92406118756701,2.664701913269218,7.162784785377356,1.515578929726769,3.2209856184740477,2.9122157676410203,-3.4321935082074657,-2.2863190973782848,-2.678473633790777,9.572629371489406,5.182454537108664,-2.775705675378666,6.552674205858418,5.686907150769743,-5.322695584747418,-10.367865560247324,0.7170734174640939,4.542468917315019,-11.07592009738064,1.9025121509890865,0.8521878209537211,-7.472346310129717,5.9062498289313,-0.4321018431102746,-4.595667078091155,6.100715710297256,-6.884093299169182,0.03824500055280981,3.8127325940653165,4.2123289068038705
1.3404512667712067,0.2906530251362805,4.588749443014951,-0.9253874762586571,4.102134043093983,3.141189630220986,0.3243146124577338,-3.8482941928874674,-6.32917115083009,-1.096586411539183,-0.819677684294779,0.7565358081807768,-1.0222570929464074,-0.0040605590570941055,-8.58418394444859,-4.5990750607156174,-1.4345785961009259,-3.634819701451457,-0.8122086608379957,-1.5302303540371558,-1.395579803944488,1.8057382321956246,1.202534954951688,1.252629895191518,-5.008571642136955,-2.775705675378666,1.600703043939329,-3.429979818226537,-2.7083692282824368,2.7352781575171647,5.213470073712812,-0.3524034703136896,-2.361492558968761,5.777411924031176,-0.9456095729368582,-0.5181011420238641,3.953151521927976,-3.0849271915153724,0.10504724148124522,2.294780662420571,-3.073482990450046,3.52786351541437,-0.15804977341434573,-1.9242347898957555,-2.116212971791219
-3.6326553471529897,-0.2509422460031453,-11.521707919763196,2.4031016169585424,-9.890092399240032,-7.765886696270217,-0.9184842553905747,9.98667588677744,16.065172530526677,3.842785756364798,2.067534867309178,-1.535852648177054,3.1538918842248336,0.15827159803431787,22.72852639005462,12.50657013335961,3.5017374150301603,9.889916987846668,2.04110664034329,4.5966009864316755,4.479852707314344,-4.705013862040669,-3.404249988797167,-4.340887229278076,12.873684935801085,6.552674205858418,-3.429979818226537,8.974190267238551,8.395644590189985,-7.088668762046834,-14.696350994372436,1.3329491255383685,6.024816151024749,-15.396376828666325,2.8067344903521954,1.4790712246054907,-9.92265267410739,7.447110414018226,-1.0018847913396949,-6.857693680002608,8.432613844351552,-9.93414145329804,-0.20232091419780676,5.6868357666125116,5.43875261571138
-3.4983006991292878,0.09495590833465213,-10.494880578883953,2.3774287631498376,-8.688212775071731,-6.789105295758322,-0.788481334955217,9.16221399707452,14.520523915859942,4.253960264562605,1.877691838642114,-1.004686840648809,3.3200908241668836,0.07011014940963267,21.47040982059471,12.2939644991581,3.1540153799606543,9.456998773549728,1.8466467547182246,4.762931478409518,4.849197623179451,-4.369361463370981,-3.146994588324554,-4.946744390115547,11.929241853171689,5.686907150769743,-2.7083692282824368,8.395644590189985,8.826405376017945,-6.5934224257016965,-14.485491262118096,1.4578116691429752,5.617243967569037,-14.574695974937386,2.9551020851889622,1.49416818888745,-8.923012664521494,6.648430628864113,-1.4291660388264376,-6.808951748045264,8.18862311821642,-9.743190777768914,-0.7394462148244565,5.731674865856225,5.130326623025093
2.9124566992380383,0.2910288758101836,9.18375560765393,-1.803190656951318,7.899451111781436,6.301873140390498,0.7899067834706008,-7.96797414964729,-12.650237706418944,-3.00700263259036,-1.6941930120763218,1.227493248878195,-2.549963192058323,-0.15639954319985502,-18.076125973591775,-9.723937390266066,-2.7871803274313502,-7.844418018225219,-1.592486295376317,-3.6454850065255324,-3.405250020390633,3.7060559278434138,2.608406296192659,3.2103531103115883,-10.219101670093094,-5.322695584747418,2.7352781575171647,-7.088668762046834,-6.5934224257016965,5.719364559514593,11.562337628396305,-0.9641321314104365,-4.831519878695241,12.071153417844904,-2.1293595449151876,-0.9685410101698818,7.901982804262493,-6.12828395503708,0.7311633375133695,5.359782393310804,-6.675440973640622,7.69153996138952,0.12768758894394835,-4.390598118352815,-4.414308006610409
6.075432358419157,0.1518119860100043,19.24630981817352,-3.9631364763734442,15.889956445586606,12.609533581864678,0.9290973869082242,-16.784010690066186,-26.992580611781072,-7.274526115619218,-3.4478624677778544,2.3564665199065695,-5.007004683401575,-0.5997943215423345,-38.28559787523974,-21.836990211457316,-5.52731302054143,-17.041125024358106,-3.6452845186108833,-8.188072255608397,-8.213835726414695,7.983005512980065,5.914833415906064,8.39359970023218,-21.69986936723938,-10.367865560247324,5.213470073712812,-14.696350994372436,-14.485491262118096,11.562337628396305,25.418315399727785,-2.4935084444761193,-9.771978546945011,26.220669660777585,-5.105902328383536,-2.7174959069559876,16.580935077529013,-11.646017979336172,1.9696685706036063,11.583212964011686,-14.430028974610199,17.1966964084832,0.9826135771215947,-9.916576439498119,-9.456111650942951
-0.552907852478506,0.1308862666475124,-1.5831321030295908,0.294875256175163,-1.325930623326589,-1.1773695466690919,-0.1643841014273547,1.5358734729961592,2.5743049361361834,0.8529510842141772,0.24019264827156395,-0.26452039712094627,0.40823726996395393,0.18315749286438554,3.405288606336515,1.956601520694493,0.43796937125370644,1.582554287609232,0.32268261970148693,0.7484141535299379,0.8596126326104723,-0.754142019368398,-0.7479132018504182,-0.9003337219808057,1.8657463071324012,0.7170734174640939,-0.3524034703136896,1.3329491255383685,1.4578116691429752,-0.9641321314104365,-2.4935084444761193,0.4364830025623736,0.7657488203255589,-2.5173663869716596,0.4486151530508914,0.3592785923787078,-1.4217975648005905,0.7699251124934563,-0.3124893092755831,-1.4080964907291476,1.258486673145579,-1.7615208975988108,-0.09650461923533805,1.133793315532109,0.6167281185373614
-2.4604084402209536,-0.25438685283757095,-7.820124934108711,1.6771371059981397,-6.715463045394137,-5.173739088426094,-0.5636958800120059,6.629396193860896,10.598578658252698,2.502518284573027,1.4193035618159955,-0.9476385479143214,2.182922523531991,-0.039797070241955806,15.302383189788594,8.466941143013313,2.4230888649524256,6.574285838735253,1.3478372861384489,3.10934462852721,2.966161872220614,-3.1210255158032054,-2.0492509994318926,-2.862160407082015,8.687639386589415,4.542468917315019,-2.361492558968761,6.024816151024749,5.617243967569037,-4.831519878695241,-9.771978546945011,0.7657488203255589,4.160575754455222,-10.221150013579296,1.8924413298013714,0.8960431255456976,-6.637837622864534,5.258717800611454,-0.6089617637707736,-4.3762580450454065,5.672656365891896,-6.502398161667273,-0.19019385816329995,3.684015839193932,3.7996779784564367
6.280855778669499,0.325209986376889,20.34751991685602,-4.14379542109705,16.97728746207655,13.408724980426241,0.928815739564382,-17.665029346486595,-28.66259432930422,-7.23247920298899,-3.6201502103853813,2.728463108823647,-4.951893927640638,-0.6501324420710585,-39.96140137854346,-22.680701166258537,-5.861615594044007,-17.72960510744549,-3.8910501424580635,-8.296064386722078,-8.288893336899944,8.403847421787702,6.245935268431658,8.403120186483841,-22.831008939756593,-11.07592009738064,5.777411924031176,-15.396376828666325,-14.574695974937386,12.071153417844904,26.220669660777585,-2.5173663869716596,-10.221150013579296,27.45579023019083,-5.218445565378105,-2.9034587028243686,17.59092899006516,-12.273768433779981,1.771556089991625,11.872690375107362,-14.943053023964673,17.83522822365774,0.7270085169216973,-10.185133309546288,-9.865117677423862
-1.1451689171324888,0.0288125481693323,-3.7988739155108053,0.9984024685123274,-2.9126661052263265,-2.0435242038324386,0.14667676138477304,3.1424544733574558,5.138059088626032,1.5101744411178881,0.663758160381683,-0.2674015690859083,0.9454190385086255,-0.028822323896362013,7.488611654674946,4.82049547294486,1.040177581924072,3.3771460706582794,0.789775610089834,1.7486124736822974,1.9072183367492272,-1.5634971363069146,-1.0442537972675612,-2.1559483540249915,4.320080233439926,1.9025121509890865,-0.9456095729368582,2.8067344903521954,2.9551020851889622,-2.1293595449151876,-5.105902328383536,0.4486151530508914,1.8924413298013714,-5.218445565378105,1.2778797562518682,0.7430056983699114,-3.1920110137137288,2.065928938669552,-0.4408291245057088,-1.9963800687944255,2.970049612589651,-3.530567809240285,-0.45120399281171186,1.9556616573850962,2.0546495710491706
-0.5423802358519694,0.10416863429949479,-1.9490690325458422,0.6155874617827674,-1.5010524567469714,-0.958057677775977,0.16787259357974232,1.6043840574159507,2.8917907291589087,0.8013751961212368,0.27379305210684024,-0.1954345805950841,0.34437595228001516,-0.01397434761673645,3.8072060238367214,2.705326376707677,0.5340327920560792,1.7451071208737168,0.46376195551914945,0.8595317530637816,1.1199567629702267,-0.8589957164745258,-0.6866444751954184,-1.3408663256440865,2.252359097976008,0.8521878209537211,-0.5181011420238641,1.4790712246054907,1.49416818888745,-0.9685410101698818,-2.7174959069559876,0.3592785923787078,0.8960431255456976,-2.9034587028243686,0.7430056983699114,0.6489192231208052,-1.6636221767992452,0.7894882906476208,-0.25528440377492906,-1.122532161020618,1.5120621553482827,-2.041139846538602,-0.22316025414589263,1.1499561706425019,0.9228127747122823
4.026652115250222,0.44790410965013505,13.373930230234052,-2.522966290693604,11.220430259106813,8.976346505410964,0.6383803404677386,-11.63255623900229,-18.744734636584017,-4.342182750845613,-2.4554093556442695,1.967075306789075,-3.0858331066105458,-0.5459289331073147,-25.87300787059397,-14.254858921608232,-3.8068636857548817,-11.478366455680263,-2.5629446185885407,-5.1998957575104265,-4.960751886629151,5.444308823379475,4.06212734453899,4.879782662166184,-14.88004765979264,-7.472346310129717,3.953151521927976,-9.92265267410739,-8.923012664521494,7.901982804262493,16.580935077529013,-1.4217975648005905,-6.637837622864534,17.59092899006516,-3.1920110137137288,-1.6636221767992452,11.666759206510928,-8.204927103504957,0.8684747917846241,7.390153578352237,-9.615555257715547,11.235779231143981,0.1966056199652729,-6.2683226582534415,-6.557536578800606
-3.0587867147517063,-0.5063482295964334,-9.692914025388589,1.9367385823238388,-8.53265186087431,-6.678209111895201,-0.9141884191410578,8.17941634262754,12.918786964610897,2.8005694802462298,1.8037554005286853,-1.264266342664433,2.767374556244346,-0.09629535077045925,18.786231591087983,9.91145679007805,3.102095696053219,7.9264269691657345,1.5675128100440117,3.667032771516562,3.2538293396782954,-3.774228034615025,-2.33559923433445,-2.905573574341716,10.650178461526224,5.9062498289313,-3.0849271915153724,7.447110414018226,6.648430628864113,-6.12828395503708,-11.646017979336172,0.7699251124934563,5.258717800611454,-12.273768433779981,2.065928938669552,0.7894882906476208,-8.204927103504957,6.973407681262442,-0.5679857955254858,-5.247860773146971,6.832814257289661,-7.5746691686620515,-0.010137773233362618,4.266016359565336,4.681944130626865
0.4360658089652734,-0.18521102752194307,1.0339628363689017,-0.3070730892398048,0.7684388375089308,0.6220206098683082,0.14606027331711333,-0.9944825889562039,-1.5201525676200203,-0.7531474006465816,-0.16968293173158097,-0.016267244388422024,-0.5436517330904435,-0.009585929043215308,-2.5136016693470524,-1.5580807468870934,-0.3115795516442303,-1.1589495740613482,-0.17025964391290693,-0.6975439429343141,-0.8154263990273489,0.49298230440220686,0.44370428012104896,0.8950852325720752,-1.2765368588033512,-0.4321018431102746,0.10504724148124522,-1.0018847913396949,-1.4291660388264376,0.7311633375133695,1.9696685706036063,-0.3124893092755831,-0.6089617637707736,1.771556089991625,-0.4408291245057088,-0.25528440377492906,0.8684747917846241,-0.5679857955254858,0.39773588065594956,1.0797376574887265,-1.0370432040053406,1.3536433490128945,0.24653218388159884,-0.8799201447824994,-0.4875242215646317
2.82610087424149,-0.07878113476359787,8.381296854548122,-1.546052373050796,7.270195977227351,6.150926969460801,1.0882024731962663,-7.7290371771241855,-12.365083654227268,-3.3411663439417914,-1.4817453959374938,1.269930606670857,-2.494175582665717,-0.4767606899857727,-17.250275367144855,-9.137356144178721,-2.5045242850379377,-7.659547225149717,-1.4663454637950446,-3.5413929579992973,-3.51692729311696,3.6161587155273818,3.056741704867131,3.336572764787743,-9.529428391766778,-4.595667078091155,2.294780662420571,-6.857693680002608,-6.808951748045264,5.359782393310804,11.583212964011686,-1.4080964907291476,-4.3762580450454065,11.872690375107362,-1.9963800687944255,-1.122532161020618,7.390153578352237,-5.247860773146971,1.0797376574887265,6.101645705051059,-6.349928231596081,7.884671557627652,0.10692385169516191,-4.777919442635504,-3.6525109219063077
-3.458496331735131,-0.18809125243195723,-11.170935240458313,2.3336918145487924,-9.150226085442236,-7.153096455608003,-0.4457174384479728,9.641654975997334,15.40122718796977,4.006735075044251,2.046224369568713,-1.3126226912502919,2.917375987389712,0.2669825581257624,22.018840296779555,12.541485332087419,3.2005950926704045,9.78360525866877,2.1168353261048427,4.705335408795989,4.648836418898663,-4.554474060776612,-3.2935024844538896,-4.748949019332955,12.53385757477029,6.100715710297256,-3.073482990450046,8.432613844351552,8.18862311821642,-6.675440973640622,-14.430028974610199,1.258486673145579,5.672656365891896,-14.943053023964673,2.970049612589651,1.5120621553482827,-9.615555257715547,6.832814257289661,-1.0370432040053406,-6.349928231596081,8.367962782109071,-9.751458305752461,-0.5505286295054194,5.485370600944461,5.6446812252985605
4.047985384573358,0.03468253120770188,12.953019414453383,-2.743921585277782,10.67589586858579,8.404937064330452,0.5832056069423063,-11.35081846428444,-18.409696000557894,-4.879845138431548,-2.2921620218545233,1.6376637129573028,-3.290046148870261,-0.4434748714524295,-25.76597379688274,-14.845863579236228,-3.678583982077118,-11.532307299781513,-2.5093135878525374,-5.482541323037269,-5.624851710993602,5.433161151295093,4.175680989972226,5.814499130259024,-14.644991236981868,-6.884093299169182,3.52786351541437,-9.93414145329804,-9.743190777768914,7.69153996138952,17.1966964084832,-1.7615208975988108,-6.502398161667273,17.83522822365774,-3.530567809240285,-2.041139846538602,11.235779231143981,-7.5746691686620515,1.3536433490128945,7.884671557627652,-9.751458305752461,11.810471274810196,0.6181948845908748,-6.787496558025679,-6.2806833704957015
0.1458623430206784,-0.14516442057265727,0.41155889527609096,-0.2688429948400546,-0.02853526178512664,-0.20450855786807004,-0.3890366880123512,-0.18892606159203004,-0.28634578085580675,-0.5817467984090493,-0.05580745619468746,-0.27166576779377455,-0.14050045482121346,0.10269265535183232,-0.9791936781630626,-1.2319536990353837,-0.049438482183841,-0.5191664263622289,-0.15048788630236537,-0.5284089557793398,-0.7006172792801261,0.16416191694385834,-0.04824596239616205,0.9877607908734236,-0.5518004423833577,0.03824500055280981,-0.15804977341434573,-0.20232091419780676,-0.7394462148244565,0.12768758894394835,0.9826135771215947,-0.09650461923533805,-0.19019385816329995,0.7270085169216973,-0.45120399281171186,-0.22316025414589263,0.1966056199652729,-0.010137773233362618,0.24653218388159884,0.10692385169516191,-0.5505286295054194,0.6181948845908748,0.5281440905923503,-0.36109711797908284,-0.5003949616795678
-2.3471018398295986,0.06939316060419685,-7.233464719521142,1.5104882341888708,-6.0464401068607945,-4.85783624074686,-0.481137329663702,6.430876904270681,10.450831112466421,2.9152485390552614,1.2514639520010071,-0.9319373479010485,1.9315322198226836,0.2824847270406562,14.635165697262922,8.372918135010487,2.088756013601069,6.538179315237998,1.3669981182250472,3.1269579210322314,3.2424316132721027,-3.091676915949542,-2.4258297988595467,-3.3206248485495182,8.231000551825868,3.8127325940653165,-1.9242347898957555,5.6868357666125116,5.731674865856225,-4.390598118352815,-9.916576439498119,1.133793315532109,3.684015839193932,-10.185133309546288,1.9556616573850962,1.1499561706425019,-6.2683226582534415,4.266016359565336,-0.8799201447824994,-4.777919442635504,5.485370600944461,-6.787496558025679,-0.36109711797908284,4.028314746687714,3.373140747674446
-2.26111814637597,-0.2997370866338705,-7.699565800533485,1.5680398018516195,-6.1042207728969675,-4.678181238738404,0.08453825682048823,6.431174264360295,10.217203043466265,2.6016029602149082,1.455149674567822,-0.8330992067962352,1.7494549513573483,0.15877220038546352,14.733981562011593,8.59146537196291,2.1215492187349945,6.571052543296707,1.5313151158127183,3.1997934775102896,3.0611500785639643,-3.0272051930613193,-1.9653188818573284,-3.2124352890387007,8.547179251686181,4.2123289068038705,-2.116212971791219,5.43875261571138,5.130326623025093,-4.414308006610409,-9.456111650942951,0.6167281185373614,3.7996779784564367,-9.865117677423862,2.0546495710491706,0.9228127747122823,-6.557536578800606,4.681944130626865,-0.4875242215646317,-3.6525109219063077,5.6446812252985605,-6.2806833704957015,-0.5003949616795678,3.373140747674446,4.211248087859463
