V1,V2,V3,V4,V5,V6,V7,V8,V9,V10,V11,V12,V13,V14,V15,V16,V17,V18,V19,V20,V21,V22,V23,V24,V25,V26,V27,V28,V29,V30,V31,V32,V33,V34,V35,V36,V37,V38,V39,V40,V41,V42,V43,V44,V45
11.041721850464484,-6.905008372353493,25.136258394798126,-4.443315625621056,3.2854269316227827,-19.15886141818917,-37.99181230435558,19.15853108818269,8.06712383370674,-14.0184582495667,8.28384955021702,1.6094082495150237,3.8789076349104046,-8.497306538374215,9.110865752606772,9.92937968236113,14.95467030875876,5.284227382551671,14.215916704375594,13.448563842573025,-3.336997699887547,-47.67141396185052,3.338305273776841,5.339098974110893,-35.492611645071875,13.640968047397292,10.788130298391536,-4.4702167584531685,-2.2647063535744114,-17.019086028420144,-6.655193506615324,18.234161640858062,6.501414632816403,-13.47875268512459,3.6824548789846885,-13.096519528719794,7.1204361130701495,12.319101443176844,-9.18320318808746,-1.387671992859858,-10.751916500046,-13.862056482369859,8.57180915311857,18.579204990071563,-2.37436211390905
-6.905008372353493,4.691811221020832,-16.878125797716475,3.1857474601671396,-2.073566874306658,12.790553690023573,25.22415783620718,-13.11996137324473,-4.86546364508,9.330572027464314,-5.122874269371997,-0.628024936027043,-2.451705229225,5.213761839003059,-6.293515435924602,-6.902046457766353,-10.389242414344238,-3.461869277526904,-9.533803552602514,-8.594528667381821,1.8972746291681533,31.779515168215124,-2.22849475775544,-3.196375387607284,23.954550520746555,-9.09202516759595,-6.850169256851389,3.1686821353500885,1.3779478394336144,11.389241179678123,4.321455587753869,-12.329534769629836,-4.327655938768293,9.12588466230366,-2.8065492296075423,9.045331837733489,-5.232217822672801,-8.274956375292227,6.584697929692884,0.6537910358128184,7.063620855239349,9.200466672752553,-5.829227698295029,-12.633248708354166,1.8296313814525964
25.136258394798126,-16.878125797716475,63.24433382976587,-12.609981621438454,7.9044892832451294,-47.99301385791329,-94.86408322844007,49.55820959963621,18.026723908138926,-34.96449049735113,19.798683001110724,3.141261406389493,8.925053656519605,-19.870794326941237,21.89882334585857,26.772233268117443,37.83342338752431,12.50029136106387,36.26859505167102,32.99528473335746,-8.571710950398472,-120.37535478631841,7.951902185138923,11.8253491524215,-92.61710001539879,33.70268257569455,26.378225018674375,-10.201983658626435,-5.7067330537073735,-42.82518463752123,-15.405011904188978,47.41226180254062,18.337805472182296,-34.30375460784811,10.315357643960924,-34.31177218143036,20.575753703576574,31.20860363338741,-24.58716600257247,-3.3909195743239064,-26.631289251426285,-33.8123656631128,22.79976067378103,48.77181787412207,-5.714325941880579
-4.443315625621056,3.1857474601671396,-12.609981621438454,2.860955305072705,-1.5321157201712643,9.541962472834134,18.834268517292287,-10.174941742371871,-3.1617361393669574,6.916856743901298,-3.8422492159747352,-0.571728667180942,-1.5950604998752695,3.738039972875571,-3.963315157889647,-5.7798553893135685,-7.43331908652828,-2.2860710495674628,-7.394316876330964,-6.536355312054252,1.936273073216841,24.25092077484046,-1.453799148988142,-2.0559888376746014,19.438763151879296,-6.563616940197255,-5.219639167666575,1.6270799211205964,1.2142632470190091,8.560624604451391,2.7257557669027306,-9.888962110565911,-4.291816772953077,6.926497811636673,-2.217896517560595,7.140346199501901,-4.705933243094685,-6.289519780665269,5.151867803685406,0.7814810454527614,5.258912330579051,6.466321501732181,-4.8923387678083525,-10.272955468075004,0.9437690524455217
3.2854269316227827,-2.073566874306658,7.9044892832451294,-1.5321157201712643,1.0391427849967207,-6.025660283414865,-11.961381106716422,6.121550762328177,2.4249442333595463,-4.396394758127015,2.6352819223277257,0.5638859667519619,1.1584748123822919,-2.654743737732161,2.6387873602537804,3.2950076396328773,4.584170480108283,1.5749140916479245,4.551953052494381,4.288423410400422,-1.2244168518306704,-15.154122618112975,0.9883915819272723,1.6055047523754222,-11.611150102558176,4.22921892194133,3.445197566489764,-1.1780668705866093,-0.7780422327227997,-5.368699504102828,-1.948758742734901,5.931752177896898,2.3630246061850766,-4.268057540300025,1.1752275499351248,-4.220348014166211,2.4541359964154887,3.905056527513499,-2.9297952540764607,-0.5389564429667243,-3.385701545800369,-4.245487545717044,2.8520396501470544,6.080378573423121,-0.608788116310657
-19.15886141818917,12.790553690023573,-47.99301385791329,9.541962472834134,-6.025660283414865,36.43515074013618,72.04632742365322,-37.56565067372424,-13.777002466358939,26.54756967853748,-15.112084980002717,-2.4773640119428264,-6.796817028484777,15.173331529570246,-16.567120231836597,-20.285887695474088,-28.632604269410518,-9.494726454510676,-27.532153044531587,-25.129145525813104,6.586161550867725,91.40563677994494,-6.032495625416994,-9.045626832740137,70.29685506329479,-25.584872733700298,-20.099083683957563,7.6917183992808855,4.364955321478604,32.507756821896855,11.705549122366515,-35.97901713670619,-13.949298849962686,26.02091629445993,-7.76501728745482,25.99804353572231,-15.544584135252656,-23.68596978262781,18.57904847118194,2.634380502584733,20.240926091293048,25.67170687153313,-17.30007916724093,-36.99792738589944,4.280953602439803
-37.99181230435558,25.22415783620718,-94.86408322844007,18.834268517292287,-11.961381106716422,72.04632742365322,142.52134627579133,-74.19322239060445,-27.39831046327002,52.50139380636514,-30.048056959320615,-5.088636120627678,-13.469265708727328,30.170620060306867,-32.59375846196185,-40.073807667215604,-56.42063505277749,-18.76816916625409,-54.45564364902073,-49.85727161546797,13.21338734099167,180.82334644872083,-11.90537892866216,-17.99691188632163,139.0739175861843,-50.573210977138885,-39.8960984543709,15.05421748100287,8.705303924019988,64.27655849886831,23.139665601041344,-71.15899607399773,-27.706546063179168,51.415282135927086,-15.228812751212349,51.331585100542675,-30.636126981547235,-46.82827702604797,36.58314787018355,5.351212703715789,40.068631004594465,50.74011642595239,-34.227091647593525,-73.1620964551114,8.320425224117253
19.15853108818269,-13.11996137324473,49.55820959963621,-10.174941742371871,6.121550762328177,-37.56565067372424,-74.19322239060445,39.11049797517129,13.667057636596045,-27.336241616257755,15.309394603454722,2.2856136344553977,6.822120544602514,-15.269220075257033,16.93708638419983,21.348141176867554,29.677494904757864,9.630978414520127,28.52628026485704,25.69350224212992,-6.7660273539953035,-94.42623881871475,6.13748457020772,8.940988374251672,-73.27126097134436,26.28020787216309,20.523536037145337,-7.767209740990377,-4.47818193189756,-33.5608401230626,-11.794318130381686,37.47263183547604,14.787903349248404,-26.960692107907455,8.292887783133166,-27.1641880307732,16.667090523662015,24.50088275586032,-19.564943996493774,-2.6453803668585576,-20.785135047253835,-26.275063814049446,18.12298103074755,38.63901364957722,-4.414799596600459
8.06712383370674,-4.86546364508,18.026723908138926,-3.1617361393669574,2.4249442333595463,-13.777002466358939,-27.39831046327002,13.667057636596045,6.000252602191037,-10.08888085865471,6.181740157596714,1.4169620378686654,2.8232801769850284,-6.332462401967734,6.308331091259921,7.103067697453204,10.478982948309724,3.7835359163327817,10.248683549992444,9.900213720407457,-2.670096823319915,-34.40164795627978,2.3636470214831484,3.979600722792323,-25.657261192049496,9.779065560888014,7.966601404090431,-2.9851644094220253,-1.733478216298214,-12.23476451580542,-4.764410871766851,13.149601608442989,4.869515688732892,-9.643772154788218,2.4810863699868353,-9.32360755180085,5.003011601911076,8.850585638608736,-6.400268086724837,-1.1979784305653105,-7.791687496459581,-9.926867709300923,6.202465305674753,13.386345595860787,-1.5002502197076306
-14.0184582495667,9.330572027464314,-34.96449049735113,6.916856743901298,-4.396394758127015,26.54756967853748,52.50139380636514,-27.336241616257755,-10.08888085865471,19.348657073881345,-11.031663937611594,-1.8224000451663047,-4.971273237387619,11.086018472249782,-12.094889528110295,-14.736112319630626,-20.858049844875342,-6.936888460404874,-20.044932292711206,-18.323477835997483,4.78999593205754,66.57894388742773,-4.404876060306029,-6.623349068175429,51.130904030215326,-18.652521193788377,-14.656455443467507,5.630069796579115,3.176717275789432,23.68208853888779,8.561688696464355,-26.174202986786636,-10.112658335362694,18.946208722586576,-5.633562648439117,18.907487529668607,-11.261155117317832,-17.249356125346715,13.503744508862066,1.9201892301601293,14.754549975535111,18.726028484672433,-12.573431187247438,-26.906546555654977,3.1258488476573
8.28384955021702,-5.122874269371997,19.798683001110724,-3.8422492159747352,2.6352819223277257,-15.112084980002717,-30.048056959320615,15.309394603454722,6.181740157596714,-11.031663937611594,6.745530391391166,1.572752417383763,2.912123932287342,-6.780684937301668,6.423271603409227,8.276371086869036,11.317539151405745,3.929256447312102,11.448429499843906,10.901135454749978,-3.260507787829171,-38.117353872343884,2.4434933868397137,4.0846883993160805,-29.29547507646011,10.56898222173359,8.772545411313123,-2.7708689842512526,-2.018238656689743,-13.469399051761204,-4.854270894478473,14.937639270913769,6.1003694044239865,-10.678855608050343,2.853233521084555,-10.545791746040894,6.121815468509425,9.79671350104233,-7.247300000217541,-1.490447404785082,-8.525254155820363,-10.598066649433413,7.205811463755938,15.318253924877116,-1.374945643907746
1.6094082495150237,-0.628024936027043,3.141261406389493,-0.571728667180942,0.5638859667519619,-2.4773640119428264,-5.088636120627678,2.2856136344553977,1.4169620378686654,-1.8224000451663047,1.572752417383763,0.8029156975231124,0.5417267838051449,-1.5701929672057529,0.5362595508751941,1.2935567565381887,1.274600013845095,0.6016541129653472,1.9366632329029945,2.2683136005480864,-1.1082022584907496,-6.506129190079029,0.32072252355210823,0.961296575385291,-5.111437133767665,1.6671407713518382,1.8765580898501497,0.035406400226853686,-0.5558891109611263,-2.201970834587758,-0.7378623320046999,2.5388687127636733,1.4244267831891868,-1.6538139201051318,0.12395847831021238,-1.5404137938263036,0.7744189570161439,1.5938369670706967,-0.7651219411434763,-0.6628021678996459,-1.5237126789023476,-1.6456376648207423,1.2696889452377893,2.574982269809183,0.20992685189652766
3.8789076349104046,-2.451705229225,8.925053656519605,-1.5950604998752695,1.1584748123822919,-6.796817028484777,-13.469265708727328,6.822120544602514,2.8232801769850284,-4.971273237387619,2.912123932287342,0.5417267838051449,1.3673791281960341,-2.984844865428978,3.2424448718304744,3.5438960828632142,5.331539680449694,1.8683486577042887,5.047766212203904,4.745006928773407,-1.1648250550616899,-16.912326949006257,1.1828454627828444,1.8670771955822452,-12.617352861534144,4.839111861383672,3.803090240968536,-1.5949295711986475,-0.796343450109594,-6.03884779335039,-2.3493499707285124,6.484220443970017,2.3132465598053855,-4.790347231091645,1.3302661341888717,-4.670631223554077,2.5663175996862515,4.3729507620185615,-3.289445488971435,-0.4768839740056197,-3.8061102814914616,-4.911376863188063,3.0527747187122647,6.613603173417389,-0.8557003767380936
-8.497306538374215,5.213761839003059,-19.870794326941237,3.738039972875571,-2.654743737732161,15.173331529570246,30.170620060306867,-15.269220075257033,-6.332462401967734,11.086018472249782,-6.780684937301668,-1.5701929672057529,-2.984844865428978,6.861173779721974,-6.616201335137754,-8.151953175360722,-11.425031072710455,-4.016445256001154,-11.426961847699477,-10.927653846212356,3.162041861499176,38.14311694838985,-2.5030724310343104,-4.192949547286927,29.035784122243523,-10.666153079222925,-8.794002297422958,2.9514316861639593,1.98899198995008,13.506740995674614,4.992799729668992,-14.83019374742344,-5.875864206668316,10.690497970216272,-2.824580550240077,10.488279937033969,-5.945654841947088,-9.80729737143889,7.203956973041225,1.4357183199567864,8.565444866958753,10.737193196893072,-7.104185452679309,-15.172409054422145,1.472944178166843
9.110865752606772,-6.293515435924602,21.89882334585857,-3.963315157889647,2.6387873602537804,-16.567120231836597,-32.59375846196185,16.93708638419983,6.308331091259921,-12.094889528110295,6.423271603409227,0.5362595508751941,3.2424448718304744,-6.616201335137754,8.67355876004425,8.715740017986233,13.83527453268338,4.617532557429303,12.209883158774126,10.871157983206395,-2.000566229791806,-40.82924311293473,3.0053518020493892,4.148486455541506,-30.26407960082359,11.897704208052733,8.637386210095627,-4.61494009745297,-1.616695362010396,-14.726459398516264,-5.8165579949546915,15.65546949921846,4.998269341673289,-11.816745653058708,3.7363061244271436,-11.645187393894702,6.563377856647285,10.676198112713735,-8.613315681557397,-0.5462649091436392,-9.098696527364506,-12.116850810925257,7.296016792604334,15.99505458629255,-2.7298257990175583
9.92937968236113,-6.902046457766353,26.772233268117443,-5.7798553893135685,3.2950076396328773,-20.285887695474088,-40.073807667215604,21.348141176867554,7.103067697453204,-14.736112319630626,8.276371086869036,1.2935567565381887,3.5438960828632142,-8.151953175360722,8.715740017986233,11.902993590144014,15.841194875022852,5.026105176256918,15.571446537898828,13.947761904997146,-3.958438122319943,-51.31052077943192,3.1911485331903933,4.633332522968776,-40.49389012510414,14.060500227803798,11.146095900337075,-3.7607490706707813,-2.526582881253725,-18.162899279014802,-6.075560870460791,20.642958202565676,8.610789765007803,-14.629880213788212,4.553915149282114,-14.899716687997802,9.471981585639025,13.301442997990609,-10.709087323881404,-1.5984573612512716,-11.21803918728513,-13.954192471993833,10.105568661101815,21.364096521617736,-2.1382913170995104
14.95467030875876,-10.389242414344238,37.83342338752431,-7.43331908652828,4.584170480108283,-28.632604269410518,-56.42063505277749,29.677494904757864,10.478982948309724,-20.858049844875342,11.317539151405745,1.274600013845095,5.331539680449694,-11.425031072710455,13.83527453268338,15.841194875022852,23.276885772500567,7.594011726948922,21.48714783805927,19.143716673028838,-4.351835869354993,-71.3743478544354,4.893077555347489,6.8562386220838984,-54.440115615123126,20.246064686290783,15.245110653333091,-6.830540324818505,-3.113253212239261,-25.535482209942888,-9.40505102234063,27.975414922694988,10.164474327179196,-20.529898448737946,6.474674258895661,-20.545131258455566,12.264821380984063,18.59562768034309,-15.032957888789818,-1.4928986924925232,-15.760108677933948,-20.39313666672504,13.339313248830427,28.76252368441226,-3.997392841048132
5.284227382551671,-3.461869277526904,12.50029136106387,-2.2860710495674628,1.5749140916479245,-9.494726454510676,-18.76816916625409,9.630978414520127,3.7835359163327817,-6.936888460404874,3.929256447312102,0.6016541129653472,1.8683486577042887,-4.016445256001154,4.617532557429303,5.026105176256918,7.594011726948922,2.5978256188671947,7.058679781538666,6.4961707730530796,-1.5007315798238356,-23.597832972767897,1.657679429244444,2.490200823479965,-17.674153521905286,6.756757992911556,5.191867920996949,-2.3077187357958286,-1.059434000027017,-8.445083541864438,-3.2570415453524553,9.091560952478767,3.1968974066828735,-6.73132799460182,1.9725098995847465,-6.613495395020093,3.7206071386102186,6.124255243368764,-4.7453112629578635,-0.5661415371564729,-5.278176697181856,-6.85293416668255,4.284955295359715,9.294481006483288,-1.2882788404268868
14.215916704375594,-9.533803552602514,36.26859505167102,-7.394316876330964,4.551953052494381,-27.532153044531587,-54.45564364902073,28.52628026485704,10.248683549992444,-20.044932292711206,11.448429499843906,1.9366632329029945,5.047766212203904,-11.426961847699477,12.209883158774126,15.571446537898828,21.48714783805927,7.058679781538666,20.91721888940325,19.059722208760725,-5.2047502131084835,-69.29441662511807,4.473413401338112,6.719890920267605,-53.744278527784864,19.24342449474171,15.25044587861667,-5.502959666072571,-3.3796992617883346,-24.59004586071841,-8.650753234834857,27.45971901929191,10.972299558457687,-19.70384872197883,5.900255933377423,-19.78789270249927,12.045181346758127,17.94363066113959,-14.114458974460893,-2.1237049633959413,-15.296580841640225,-19.239764274294853,13.287260807998058,28.290163726034905,-3.05114461804302
13.448563842573025,-8.594528667381821,32.99528473335746,-6.536355312054252,4.288423410400422,-25.129145525813104,-49.85727161546797,25.69350224212992,9.900213720407457,-18.323477835997483,10.901135454749978,2.2683136005480864,4.745006928773407,-10.927653846212356,10.871157983206395,13.947761904997146,19.143716673028838,6.4961707730530796,19.059722208760725,17.82808413458588,-5.146445001457801,-63.32611310995006,4.071485841597488,6.523525326330307,-48.854112092657296,17.569330930154415,14.314435942184865,-4.777670182608586,-3.2450338473782843,-22.417196696305822,-7.999223027454936,24.930209317223678,10.090220322085926,-17.851013880746624,5.0078482645519395,-17.750227413409043,10.511810518494018,16.327757066831904,-12.391686198917157,-2.2554980093917094,-14.088510473611356,-17.59777560472747,12.04054907736077,25.612950457117662,-2.491881265849643
-3.336997699887547,1.8972746291681533,-8.571710950398472,1.936273073216841,-1.2244168518306704,6.586161550867725,13.21338734099167,-6.7660273539953035,-2.670096823319915,4.78999593205754,-3.260507787829171,-1.1082022584907496,-1.1648250550616899,3.162041861499176,-2.000566229791806,-3.958438122319943,-4.351835869354993,-1.5007315798238356,-5.2047502131084835,-5.146445001457801,2.123867770419684,17.122232225314214,-0.8820441237547408,-1.766098354244417,13.950653263764666,-4.424001738018301,-4.1812832401176,0.4236873505538428,1.1425217530553686,5.9069667932616685,1.7684803253098227,-6.999943957530827,-3.6006382741408167,4.663851010196601,-1.0939056062230055,4.715085039124669,-3.014896340343975,-4.334651671129356,3.030801383495156,1.1090190977072873,3.791767527121772,4.310426646399254,-3.5373673857373014,-7.247820833461291,0.04864940239225029
-47.67141396185052,31.779515168215124,-120.37535478631841,24.25092077484046,-15.154122618112975,91.40563677994494,180.82334644872083,-94.42623881871475,-34.40164795627978,66.57894388742773,-38.117353872343884,-6.506129190079029,-16.912326949006257,38.14311694838985,-40.82924311293473,-51.31052077943192,-71.3743478544354,-23.597832972767897,-69.29441662511807,-63.32611310995006,17.122232225314214,229.8076488022937,-14.952566225477124,-22.57153092257466,177.59265716161917,-63.99842797130973,-50.67785907370627,18.57305825133471,11.167484783382404,81.59813424756382,28.99801056046228,-90.78637148265207,-35.916693985119174,65.32079670923606,-19.426987140125682,65.41920314706633,-39.46487282959926,-59.49841962097406,46.6141339303489,6.989431877664476,50.82156172585885,64.0828384836654,-43.82112833909325,-93.44902940137959,10.261046468984226
3.338305273776841,-2.22849475775544,7.951902185138923,-1.453799148988142,0.9883915819272723,-6.032495625416994,-11.90537892866216,6.13748457020772,2.3636470214831484,-4.404876060306029,2.4434933868397137,0.32072252355210823,1.1828454627828444,-2.5030724310343104,3.0053518020493892,3.1911485331903933,4.893077555347489,1.657679429244444,4.473413401338112,4.071485841597488,-0.8820441237547408,-14.952566225477124,1.0661042170385917,1.5577310884441469,-11.168869044266419,4.305529879251691,3.248384950623045,-1.533645795903915,-0.6472857913845164,-5.3643283274363425,-2.080571117502215,5.75536646890193,1.967736158421876,-4.28710753103935,1.2902460741402133,-4.218062872730572,2.379169908486412,3.890809607095299,-3.0557545796145984,-0.3070706743015805,-3.3401146162220714,-4.371598850024237,2.704010102357283,5.882261422339933,-0.8754664143798041
5.339098974110893,-3.196375387607284,11.8253491524215,-2.0559888376746014,1.6055047523754222,-9.045626832740137,-17.99691188632163,8.940988374251672,3.979600722792323,-6.623349068175429,4.0846883993160805,0.961296575385291,1.8670771955822452,-4.192949547286927,4.148486455541506,4.633332522968776,6.8562386220838984,2.490200823479965,6.719890920267605,6.523525326330307,-1.766098354244417,-22.57153092257466,1.5577310884441469,2.652073284724873,-16.792201320822322,6.4307449523797064,5.253050666513048,-1.9662516848513139,-1.1485582953042215,-8.027916518535795,-3.1400903192241523,8.608151164486877,3.1769785128836703,-6.32356643700725,1.6041832087114878,-6.095614124548392,3.2403185209859244,5.805956514255047,-4.160195386889695,-0.7956813648462544,-5.124927036801781,-6.532049836370937,4.053241885362962,8.749435501437217,-0.9815646788513871
-35.492611645071875,23.954550520746555,-92.61710001539879,19.438763151879296,-11.611150102558176,70.29685506329479,139.0739175861843,-73.27126097134436,-25.657261192049496,51.130904030215326,-29.29547507646011,-5.111437133767665,-12.617352861534144,29.035784122243523,-30.26407960082359,-40.49389012510414,-54.440115615123126,-17.674153521905286,-53.744278527784864,-48.854112092657296,13.950653263764666,177.59265716161917,-11.168869044266419,-16.792201320822322,139.09915048838408,-48.86405892783485,-39.106684468696386,13.137509097139484,8.863619623683633,62.86210047440975,21.50159612173335,-70.93146034573829,-29.30056042142898,50.438764887807324,-15.180277696806948,50.96519918406365,-31.672257219889175,-45.952084886171086,36.28809634506726,5.805347147923417,39.05373693335727,48.647936240529916,-34.572120595122406,-73.2382756463594,7.254681638149951
13.640968047397292,-9.09202516759595,33.70268257569455,-6.563616940197255,4.22921892194133,-25.584872733700298,-50.573210977138885,26.28020787216309,9.779065560888014,-18.652521193788377,10.56898222173359,1.6671407713518382,4.839111861383672,-10.666153079222925,11.897704208052733,14.060500227803798,20.246064686290783,6.756757992911556,19.24342449474171,17.569330930154415,-4.424001738018301,-63.99842797130973,4.305529879251691,6.4307449523797064,-48.86405892783485,18.04150642232048,14.045122601077118,-5.663983931396195,-2.9947529736809955,-22.806252606386263,-8.36981140533888,25.05079736403691,9.444346078884907,-18.244877730583223,5.442852816184962,-18.1563153796449,10.698271845427188,16.596889722091653,-13.00391623693924,-1.7281587113307268,-14.206866397005845,-18.15413103606928,11.97911292392071,25.718763143950657,-3.1686594365445453
10.788130298391536,-6.850169256851389,26.378225018674375,-5.219639167666575,3.445197566489764,-20.099083683957563,-39.8960984543709,20.523536037145337,7.966601404090431,-14.656455443467507,8.772545411313123,1.8765580898501497,3.803090240968536,-8.794002297422958,8.637386210095627,11.146095900337075,15.245110653333091,5.191867920996949,15.25044587861667,14.314435942184865,-4.1812832401176,-50.67785907370627,3.248384950623045,5.253050666513048,-39.106684468696386,14.045122601077118,11.500535208574027,-3.766572405084234,-2.6212361449082264,-17.92863165115672,-6.392329730192797,19.94773147107246,8.116145286681324,-14.266718814197898,3.965279206086408,-14.17423437071468,8.379094517069246,13.05820503786674,-9.861699758656199,-1.8514138103457614,-11.282655175489374,-14.06657560655886,9.639085512416518,20.49071124895561,-1.944074658863389
-4.4702167584531685,3.1686821353500885,-10.201983658626435,1.6270799211205964,-1.1780668705866093,7.6917183992808855,15.05421748100287,-7.767209740990377,-2.9851644094220253,5.630069796579115,-2.7708689842512526,0.035406400226853686,-1.5949295711986475,2.9514316861639593,-4.61494009745297,-3.7607490706707813,-6.830540324818505,-2.3077187357958286,-5.502959666072571,-4.777670182608586,0.4236873505538428,18.57305825133471,-1.533645795903915,-1.9662516848513139,13.137509097139484,-5.663983931396195,-3.766572405084234,2.721459610874574,0.5636710139625871,6.806803911660863,2.969900716905604,-6.887028123996906,-1.6111671993657677,5.469565852716966,-1.8214360923954616,5.29511494938095,-2.751161277223362,-4.903633305480723,4.059548817675433,-0.07298301794410272,4.1754257728738935,5.8628903521077165,-3.0799787118763806,-6.976150321628337,1.6654014091098812
-2.2647063535744114,1.3779478394336144,-5.7067330537073735,1.2142632470190091,-0.7780422327227997,4.364955321478604,8.705303924019988,-4.47818193189756,-1.733478216298214,3.176717275789432,-2.018238656689743,-0.5558891109611263,-0.796343450109594,1.98899198995008,-1.616695362010396,-2.526582881253725,-3.113253212239261,-1.059434000027017,-3.3796992617883346,-3.2450338473782843,1.1425217530553686,11.167484783382404,-0.6472857913845164,-1.1485582953042215,8.863619623683633,-2.9947529736809955,-2.6212361449082264,0.5636710139625871,0.659384044518016,3.903591236078882,1.2772021647123468,-4.48523450406673,-2.065891160974117,3.0990358955560775,-0.8046519749921675,3.1102840669351863,-1.9215317796682194,-2.8551060825543004,2.086280223690816,0.5555325225295928,2.4780359553706717,2.9580964822532936,-2.218118142674833,-4.6254421519965225,0.24089294480364842
-17.019086028420144,11.389241179678123,-42.82518463752123,8.560624604451391,-5.368699504102828,32.507756821896855,64.27655849886831,-33.5608401230626,-12.23476451580542,23.68208853888779,-13.469399051761204,-2.201970834587758,-6.03884779335039,13.506740995674614,-14.726459398516264,-18.162899279014802,-25.535482209942888,-8.445083541864438,-24.59004586071841,-22.417196696305822,5.9069667932616685,81.59813424756382,-5.3643283274363425,-8.027916518535795,62.86210047440975,-22.806252606386263,-17.92863165115672,6.806803911660863,3.903591236078882,29.011332734683098,10.399161494249006,-32.16444537504377,-12.533571372618798,23.23036978773762,-6.951555378912897,23.238450291506396,-13.951569260251581,-21.145242092220233,16.615035099385473,2.364683128205402,18.054001978694895,22.86854879931925,-15.484118614907455,-33.089911689086364,3.79297179099827
-6.655193506615324,4.321455587753869,-15.405011904188978,2.7257557669027306,-1.948758742734901,11.705549122366515,23.139665601041344,-11.794318130381686,-4.764410871766851,8.561688696464355,-4.854270894478473,-0.7378623320046999,-2.3493499707285124,4.992799729668992,-5.8165579949546915,-6.075560870460791,-9.40505102234063,-3.2570415453524553,-8.650753234834857,-7.999223027454936,1.7684803253098227,28.99801056046228,-2.080571117502215,-3.1400903192241523,21.50159612173335,-8.36981140533888,-6.392329730192797,2.969900716905604,1.2772021647123468,10.399161494249006,4.1084938106970945,-11.080886953193495,-3.7527148104195076,8.27351357813737,-2.3983002187946383,8.07345826893726,-4.428062477816107,-7.527574147593634,5.792527218666995,0.6548185194504267,6.513380082968446,8.520769117267596,-5.1823671497191786,-11.300399250313461,1.6548615856268423
18.234161640858062,-12.329534769629836,47.41226180254062,-9.888962110565911,5.931752177896898,-35.97901713670619,-71.15899607399773,37.47263183547604,13.149601608442989,-26.174202986786636,14.937639270913769,2.5388687127636733,6.484220443970017,-14.83019374742344,15.65546949921846,20.642958202565676,27.975414922694988,9.091560952478767,27.45971901929191,24.930209317223678,-6.999943957530827,-90.78637148265207,5.75536646890193,8.608151164486877,-70.93146034573829,25.05079736403691,19.94773147107246,-6.887028123996906,-4.48523450406673,-32.16444537504377,-11.080886953193495,36.195896646195635,14.797129452611513,-25.809736484251204,7.791548808148108,-26.05259261111502,16.12558662617963,23.502186235955353,-18.58585819514418,-2.8812991096126264,-19.975591066893536,-24.9659364527674,17.607851174029644,37.35617115836037,-3.8238134922452933
6.501414632816403,-4.327655938768293,18.337805472182296,-4.291816772953077,2.3630246061850766,-13.949298849962686,-27.706546063179168,14.787903349248404,4.869515688732892,-10.112658335362694,6.1003694044239865,1.4244267831891868,2.3132465598053855,-5.875864206668316,4.998269341673289,8.610789765007803,10.164474327179196,3.1968974066828735,10.972299558457687,10.090220322085926,-3.6006382741408167,-35.916693985119174,1.967736158421876,3.1769785128836703,-29.30056042142898,9.444346078884907,8.116145286681324,-1.6111671993657677,-2.065891160974117,-12.533571372618798,-3.7527148104195076,14.797129452611513,7.087546339668234,-10.067384043188028,2.9358044247800583,-10.385363261190138,6.930716338371853,9.223768563206884,-7.194029053006027,-1.6770746682262065,-7.810896916117195,-9.214686510651584,7.438451659411755,15.394507777298525,-0.7808459775191722
-13.47875268512459,9.12588466230366,-34.30375460784811,6.926497811636673,-4.268057540300025,26.02091629445993,51.415282135927086,-26.960692107907455,-9.643772154788218,18.946208722586576,-10.678855608050343,-1.6538139201051318,-4.790347231091645,10.690497970216272,-11.816745653058708,-14.629880213788212,-20.529898448737946,-6.73132799460182,-19.70384872197883,-17.851013880746624,4.663851010196601,65.32079670923606,-4.28710753103935,-6.32356643700725,50.438764887807324,-18.244877730583223,-14.266718814197898,5.469565852716966,3.0990358955560775,23.23036978773762,8.27351357813737,-25.809736484251204,-10.067384043188028,18.632281510107752,-5.657066000758574,18.692304559742855,-11.318659469888107,-16.943041380100656,13.421035818561544,1.83358071827925,14.422168508579972,18.27852731865086,-12.440571858973309,-26.573437288476192,3.0839556653579865
3.6824548789846885,-2.8065492296075423,10.315357643960924,-2.217896517560595,1.1752275499351248,-7.76501728745482,-15.228812751212349,8.292887783133166,2.4810863699868353,-5.633562648439117,2.853233521084555,0.12395847831021238,1.3302661341888717,-2.824580550240077,3.7363061244271436,4.553915149282114,6.474674258895661,1.9725098995847465,5.900255933377423,5.0078482645519395,-1.0939056062230055,-19.426987140125682,1.2902460741402133,1.6041832087114878,-15.180277696806948,5.442852816184962,3.965279206086408,-1.8214360923954616,-0.8046519749921675,-6.951555378912897,-2.3983002187946383,7.791548808148108,2.9358044247800583,-5.657066000758574,1.965055563992962,-5.801792449198314,3.722492592945124,5.091977295797768,-4.363462759765731,-0.3093340363335073,-4.21065718692031,-5.43183763330368,3.769507261734972,8.072036202213656,-1.1416893670972306
-13.096519528719794,9.045331837733489,-34.31177218143036,7.140346199501901,-4.220348014166211,25.99804353572231,51.331585100542675,-27.1641880307732,-9.32360755180085,18.907487529668607,-10.545791746040894,-1.5404137938263036,-4.670631223554077,10.488279937033969,-11.645187393894702,-14.899716687997802,-20.545131258455566,-6.613495395020093,-19.78789270249927,-17.750227413409043,4.715085039124669,65.41920314706633,-4.218062872730572,-6.095614124548392,50.96519918406365,-18.1563153796449,-14.17423437071468,5.29511494938095,3.1102840669351863,23.238450291506396,8.07345826893726,-26.05259261111502,-10.385363261190138,18.692304559742855,-5.801792449198314,18.895917131306206,-11.713386472357548,-16.979123037295313,13.631046828450962,1.8373490180131613,14.368520644257856,18.12099838890268,-12.634198107424465,-26.890421675240678,3.027615440991451
7.1204361130701495,-5.232217822672801,20.575753703576574,-4.705933243094685,2.4541359964154887,-15.544584135252656,-30.636126981547235,16.667090523662015,5.003011601911076,-11.261155117317832,6.121815468509425,0.7744189570161439,2.5663175996862515,-5.945654841947088,6.563377856647285,9.471981585639025,12.264821380984063,3.7206071386102186,12.045181346758127,10.511810518494018,-3.014896340343975,-39.46487282959926,2.379169908486412,3.2403185209859244,-31.672257219889175,10.698271845427188,8.379094517069246,-2.751161277223362,-1.9215317796682194,-13.951569260251581,-4.428062477816107,16.12558662617963,6.930716338371853,-11.318659469888107,3.722492592945124,-11.713386472357548,7.785352662209539,10.255916267309352,-8.535569373986561,-1.1679708208853186,-8.527503818509357,-10.536717633848836,7.978420254678036,16.77141938845928,-1.6401004532398238
12.319101443176844,-8.274956375292227,31.20860363338741,-6.289519780665269,3.905056527513499,-23.68596978262781,-46.82827702604797,24.50088275586032,8.850585638608736,-17.249356125346715,9.79671350104233,1.5938369670706967,4.3729507620185615,-9.80729737143889,10.676198112713735,13.301442997990609,18.59562768034309,6.124255243368764,17.94363066113959,16.327757066831904,-4.334651671129356,-59.49841962097406,3.890809607095299,5.805956514255047,-45.952084886171086,16.596889722091653,13.05820503786674,-4.903633305480723,-2.8551060825543004,-21.145242092220233,-7.527574147593634,23.502186235955353,9.223768563206884,-16.943041380100656,5.091977295797768,-16.979123037295313,10.255916267309352,15.420856815539723,-12.146810409468184,-1.735173735177372,-13.148635783896918,-16.626277141170245,11.333321700532476,24.192596963488235,-2.738868294139543
-9.18320318808746,6.584697929692884,-24.58716600257247,5.151867803685406,-2.9297952540764607,18.57904847118194,36.58314787018355,-19.564943996493774,-6.400268086724837,13.503744508862066,-7.247300000217541,-0.7651219411434763,-3.289445488971435,7.203956973041225,-8.613315681557397,-10.709087323881404,-15.032957888789818,-4.7453112629578635,-14.114458974460893,-12.391686198917157,3.030801383495156,46.6141339303489,-3.0557545796145984,-4.160195386889695,36.28809634506726,-13.00391623693924,-9.861699758656199,4.059548817675433,2.086280223690816,16.615035099385473,5.792527218666995,-18.58585819514418,-7.194029053006027,13.421035818561544,-4.363462759765731,13.631046828450962,-8.535569373986561,-12.146810409468184,10.015902043387804,1.0644111246387502,10.18920904721517,12.991576802930144,-8.991864102501443,-19.20906042535203,2.4170938278078684
-1.387671992859858,0.6537910358128184,-3.3909195743239064,0.7814810454527614,-0.5389564429667243,2.634380502584733,5.351212703715789,-2.6453803668585576,-1.1979784305653105,1.9201892301601293,-1.490447404785082,-0.6628021678996459,-0.4768839740056197,1.4357183199567864,-0.5462649091436392,-1.5984573612512716,-1.4928986924925232,-0.5661415371564729,-2.1237049633959413,-2.2554980093917094,1.1090190977072873,6.989431877664476,-0.3070706743015805,-0.7956813648462544,5.805347147923417,-1.7281587113307268,-1.8514138103457614,-0.07298301794410272,0.5555325225295928,2.364683128205402,0.6548185194504267,-2.8812991096126264,-1.6770746682262065,1.83358071827925,-0.3093340363335073,1.8373490180131613,-1.1679708208853186,-1.735173735177372,1.0644111246387502,0.6300022151884088,1.5647768036101646,1.6608677136027243,-1.4866236022676425,-2.9840420122921247,-0.1821344478254829
-10.751916500046,7.063620855239349,-26.631289251426285,5.258912330579051,-3.385701545800369,20.240926091293048,40.068631004594465,-20.785135047253835,-7.791687496459581,14.754549975535111,-8.525254155820363,-1.5237126789023476,-3.8061102814914616,8.565444866958753,-9.098696527364506,-11.21803918728513,-15.760108677933948,-5.278176697181856,-15.296580841640225,-14.088510473611356,3.791767527121772,50.82156172585885,-3.3401146162220714,-5.124927036801781,39.05373693335727,-14.206866397005845,-11.282655175489374,4.1754257728738935,2.4780359553706717,18.054001978694895,6.513380082968446,-19.975591066893536,-7.810896916117195,14.422168508579972,-4.21065718692031,14.368520644257856,-8.527503818509357,-13.148635783896918,10.18920904721517,1.5647768036101646,11.280909185618846,14.25721056750988,-9.60593652769981,-20.525077754151337,2.2790140665189065
-13.862056482369859,9.200466672752553,-33.8123656631128,6.466321501732181,-4.245487545717044,25.67170687153313,50.74011642595239,-26.275063814049446,-9.926867709300923,18.726028484672433,-10.598066649433413,-1.6456376648207423,-4.911376863188063,10.737193196893072,-12.116850810925257,-13.954192471993833,-20.39313666672504,-6.85293416668255,-19.239764274294853,-17.59777560472747,4.310426646399254,64.0828384836654,-4.371598850024237,-6.532049836370937,48.647936240529916,-18.15413103606928,-14.06657560655886,5.8628903521077165,2.9580964822532936,22.86854879931925,8.520769117267596,-24.9659364527674,-9.214686510651584,18.27852731865086,-5.43183763330368,18.12099838890268,-10.536717633848836,-16.626277141170245,12.991576802930144,1.6608677136027243,14.25721056750988,18.313479960060114,-11.885998430883623,-25.598236203966792,3.2831263342333976
8.57180915311857,-5.829227698295029,22.79976067378103,-4.8923387678083525,2.8520396501470544,-17.30007916724093,-34.227091647593525,18.12298103074755,6.202465305674753,-12.573431187247438,7.205811463755938,1.2696889452377893,3.0527747187122647,-7.104185452679309,7.296016792604334,10.105568661101815,13.339313248830427,4.284955295359715,13.287260807998058,12.04054907736077,-3.5373673857373014,-43.82112833909325,2.704010102357283,4.053241885362962,-34.572120595122406,11.97911292392071,9.639085512416518,-3.0799787118763806,-2.218118142674833,-15.484118614907455,-5.1823671497191786,17.607851174029644,7.438451659411755,-12.440571858973309,3.769507261734972,-12.634198107424465,7.978420254678036,11.333321700532476,-8.991864102501443,-1.4866236022676425,-9.60593652769981,-11.885998430883623,8.627926384223741,18.21184063160154,-1.6999898430317741
18.579204990071563,-12.633248708354166,48.77181787412207,-10.272955468075004,6.080378573423121,-36.99792738589944,-73.1620964551114,38.63901364957722,13.386345595860787,-26.906546555654977,15.318253924877116,2.574982269809183,6.613603173417389,-15.172409054422145,15.99505458629255,21.364096521617736,28.76252368441226,9.294481006483288,28.290163726034905,25.612950457117662,-7.247820833461291,-93.44902940137959,5.882261422339933,8.749435501437217,-73.2382756463594,25.718763143950657,20.49071124895561,-6.976150321628337,-4.6254421519965225,-33.089911689086364,-11.300399250313461,37.35617115836037,15.394507777298525,-26.573437288476192,8.072036202213656,-26.890421675240678,16.77141938845928,24.192596963488235,-19.20906042535203,-2.9840420122921247,-20.525077754151337,-25.598236203966792,18.21184063160154,38.5892042153506,-3.8856122474132033
-2.37436211390905,1.8296313814525964,-5.714325941880579,0.9437690524455217,-0.608788116310657,4.280953602439803,8.320425224117253,-4.414799596600459,-1.5002502197076306,3.1258488476573,-1.374945643907746,0.20992685189652766,-0.8557003767380936,1.472944178166843,-2.7298257990175583,-2.1382913170995104,-3.997392841048132,-1.2882788404268868,-3.05114461804302,-2.491881265849643,0.04864940239225029,10.261046468984226,-0.8754664143798041,-0.9815646788513871,7.254681638149951,-3.1686594365445453,-1.944074658863389,1.6654014091098812,0.24089294480364842,3.79297179099827,1.6548615856268423,-3.8238134922452933,-0.7808459775191722,3.0839556653579865,-1.1416893670972306,3.027615440991451,-1.6401004532398238,-2.738868294139543,2.4170938278078684,-0.1821344478254829,2.2790140665189065,3.2831263342333976,-1.6999898430317741,-3.8856122474132033,1.0701264695088841
