V1,V2,V3,V4,V5,V6,V7,V8,V9,V10,V11,V12,V13,V14,V15,V16,V17,V18,V19,V20,V21,V22,V23,V24,V25,V26,V27,V28,V29,V30,V31,V32,V33,V34,V35,V36,V37,V38,V39,V40,V41,V42,V43,V44,V45
79.23998152720408,4.46606099661565,-62.16413580255255,75.80493985796389,18.51116717119253,76.94698487629736,90.52215927472935,-24.279315583057322,170.21822280801746,-27.374561168239275,-191.84031038233843,-69.8896224668675,85.26102376311121,-190.89089950131316,143.60076496621838,277.40356159462954,28.06751412722348,0.19932181355929768,-132.8555687881248,304.03656556221324,-82.56049528044049,-31.033802081207057,37.39859156545459,68.09451382650997,-163.02631605198866,-38.421809120606525,23.534445420146362,209.5004808357576,607.2087050511769,-114.03216661877266,1.1237427678556908,-47.16640163209253,-6.408523535705082,-151.57904778048285,-450.40908721094286,156.44959906294855,-90.57846387712924,-460.13813998209815,297.5098045437884,-131.83647836977252,-16.59890834741488,214.27930620946975,-147.42090285415847,44.66913522858521,-128.67200182189114
4.46606099661565,0.7766202413231258,-3.6570453349720227,5.116990851213568,0.08654881821977016,4.088631960927872,5.311099375829592,-1.5727732803804644,10.181061064888882,-1.1642695646218137,-10.613694639767536,-4.00734292914539,4.729336047132583,-10.454379113008955,8.610510977216192,15.353306924929365,1.864694075087663,-0.9575935447410125,-7.120761477563948,17.59722899977561,-4.555825014225681,-1.965768653979194,2.2262405761281974,4.250246109684381,-9.687917688269744,-2.258833190234141,1.244517606468949,11.950448008907323,34.48615267908943,-6.218095399136998,0.03456940739749547,-2.7496777667769026,-0.3873743261146187,-8.387415550621762,-25.183563566336172,8.148915947882978,-5.063302622556041,-25.65005823353093,16.166045915459478,-7.4101545685423575,-1.5986662961934885,11.738952983967533,-8.313893619570619,2.581706989257647,-7.851526981305901
-62.16413580255255,-3.6570453349720227,49.21891773448633,-60.24051669198243,-14.180154848814599,-60.55309823866936,-71.47378772050891,19.243202005353876,-134.71939803896373,21.88619635964622,151.2501842610711,55.57567002586598,-67.41924106739198,150.8696116252717,-113.69862092008027,-219.29596491975985,-22.106574840679844,0.13257869178287413,104.51603965696683,-240.55323771251975,65.33804980798543,24.812973632913543,-29.790446015868998,-54.18412388141116,128.5230695282863,30.80797839659611,-18.45334516588858,-165.35960610978807,-479.5587528553474,89.71803349285956,-0.5292700034644837,37.499364115215364,5.275553853224759,119.87833003240699,355.784954315597,-123.45585938407369,71.26887542820685,362.93509371159445,-234.8048863855071,104.28697307751808,13.119611997044835,-169.01162097552816,116.2122171793125,-35.089373515180284,101.6524181894843
75.80493985796389,5.116990851213568,-60.24051669198243,74.56394191377122,16.080368424062854,73.55386081604944,87.46020026642415,-23.735014523762384,165.10567485567367,-26.256097910215708,-184.2646336236134,-67.91192570166089,82.16717158231161,-183.69593350195456,139.3763479777818,267.21799056023275,27.311898591782363,-1.3728191429563268,-127.02189593784931,294.0825642696945,-79.60802609706394,-30.55757093071169,36.51062504416541,66.64359960179705,-157.3894117947205,-37.74210753406633,22.397534062665827,201.91056901786038,585.3981312362827,-109.17706542124135,0.5850474560247982,-45.8813750823048,-6.477446761601356,-146.0722872782354,-433.81972762147666,149.78966685731837,-86.88063820398598,-442.39938225190684,285.708165143126,-127.21774402281865,-16.820885803367492,205.7610619911187,-141.77435757151653,42.870936139170205,-124.7623383966651
18.51116717119253,0.08654881821977016,-14.180154848814599,16.080368424062854,6.087764618076545,18.38636852108118,20.699047927901226,-5.275239776864838,38.52740548313604,-7.003606992533465,-45.044576374847885,-16.091739151519185,19.96044692189119,-44.95539176115043,32.453739034513916,65.03266052329302,6.039797053610494,1.8131302637331217,-31.646559047518195,69.87645077793465,-19.366958072194414,-6.795616120213438,8.458865526675535,15.051061819080765,-37.09801472926827,-8.698977237801847,5.650684950541008,48.52428911377632,140.86123949505847,-26.9658099814222,0.3665562850557828,-10.778563023976949,-1.4185258407653771,-35.531327448432975,-105.18516345873542,37.61671507688869,-21.19570878253765,-107.68104737562383,70.34961199788262,-30.69804055017677,-2.680898291787456,50.51424229682036,-34.33308291928451,10.316384552481814,-28.876812621502488
76.94698487629736,4.088631960927872,-60.55309823866936,73.55386081604944,18.38636852108118,75.02154055192244,88.08971941352917,-23.574043191695036,165.6826871646974,-27.099815040604668,-186.9261679610852,-68.31290340454629,83.18334486283331,-186.308299909797,139.78910481707484,270.6812171485052,27.12443418972738,0.6577782915814994,-129.4586303688908,296.2890211090262,-80.61998185274926,-30.295615446826023,36.55037440503288,66.34240361499809,-158.38958901127663,-37.6853833411863,22.90782151979849,204.0211640060023,591.6128604953484,-111.06258440027568,0.8860399065651243,-46.07008728820878,-6.361797981098973,-147.92374651873962,-439.14080929288434,152.84812283647722,-88.13336589966228,-448.3313272570025,290.2463850207841,-128.6023663007556,-15.732791783121751,208.91508784347326,-143.53047141600192,43.37160308184522,-125.03530107523792
90.52215927472935,5.311099375829592,-71.47378772050891,87.46020026642415,20.699047927901226,88.08971941352917,103.94110649818796,-27.9640569498167,195.71593326618083,-31.639027617320497,-219.91386898389985,-80.60051892950422,97.91227189064371,-219.17515717973293,165.15858575435328,318.5942964031923,32.1812165105713,-0.14609531136655932,-152.04853803941847,349.46427210933047,-94.89778818899788,-35.939426453181746,43.21930245536951,78.58665155568855,-186.9238462310226,-44.57489280071533,26.87703981892391,240.39052560675916,697.0079073873726,-130.546976326873,0.93929210838389,-54.3971579887933,-7.559649852263747,-174.10700798203308,-517.0318363613682,179.39770508253307,-103.70245864666978,-527.6605969966621,341.2634742389511,-151.47647640500597,-19.114085976548203,245.69641241717437,-168.99812168994018,51.095134488376985,-147.80608855289952
-24.279315583057322,-1.5727732803804644,19.243202005353876,-23.735014523762384,-5.275239776864838,-23.574043191695036,-27.9640569498167,7.5687351853292535,-52.73138869339661,8.414942893434873,58.98326027355051,21.68774787406497,-26.28180889117398,58.78432621047704,-44.507800495736404,-85.49362444976006,-8.71261689068187,0.31448423465248526,40.70431608934469,-93.99393179396154,25.46562304837128,9.72837309604176,-11.651968502752453,-21.240710290220925,50.310909902675476,12.027502759348216,-7.185282475803191,-64.58230459920689,-187.2371462937753,34.97652329548569,-0.2197583846398619,14.647552028899284,2.051835280928909,46.725529855916385,138.79155604599913,-47.99225740116172,27.817648513209374,141.58595201475768,-91.46916056136307,40.68184067394033,5.309700298512116,-65.87241163373055,45.36849409515959,-13.723695894688754,39.848416750795785
170.21822280801746,10.181061064888882,-134.71939803896373,165.10567485567367,38.52740548313604,165.6826871646974,195.71593326618083,-52.73138869339661,368.8613476347454,-59.68838789611845,-413.93010161593463,-152.03266643766898,184.45657881861152,-412.7553370276042,311.307402289274,600.0244574885556,60.62021449443074,-0.6593777074158077,-285.98851470017127,658.4357638740662,-178.76040525450696,-67.91445358167697,81.53075127334476,148.34943664509848,-351.972874530589,-84.25175888166805,50.49968994144146,452.64264457698965,1312.58282658027,-245.553095600993,1.5265325932708573,-102.60866954039027,-14.384612723489372,-327.9742543099921,-973.6293010637038,337.6438366014959,-195.10318390648698,-993.2891960491787,642.4206916103233,-285.36361996951274,-36.14885573379706,462.47242340187836,-318.1098595714721,96.10044609390955,-278.44464673612447
-27.374561168239275,-1.1642695646218137,21.88619635964622,-26.256097910215708,-7.003606992533465,-27.099815040604668,-31.639027617320497,8.414942893434873,-59.68838789611845,10.405046379288661,67.46755232783576,25.033766623250337,-30.223375381407877,67.72243488040225,-50.390701858314664,-98.30842096918039,-9.49683487768766,-0.7626367617893187,46.67574393632769,-107.16196638081544,29.369024988804547,11.085130103607893,-13.375927517805602,-24.057610437581573,56.58134005406241,14.032692695625013,-8.207663835523618,-73.52292041443225,-213.62967524490844,39.96273377337835,0.03445313239488555,16.838744925491362,2.5020942088521276,53.7820539687369,158.97797296478618,-55.71638924121243,31.612207527797043,161.8071986542519,-105.2647899085636,46.68229387500524,5.128390548110027,-75.57533355037485,51.64997346765502,-15.420941743782272,44.71504913192809
-191.84031038233843,-10.613694639767536,151.2501842610711,-184.2646336236134,-45.044576374847885,-186.9261679610852,-219.91386898389985,58.98326027355051,-413.93010161593463,67.46755232783576,466.1791666370114,170.64403455026869,-207.55668419802302,464.7070514382657,-349.275789511969,-675.2807786580348,-67.85235096206026,-0.8518798066324749,322.59918387858306,-739.7745519630001,201.14297871306664,75.8597132011567,-91.35952322851352,-165.9922540745807,395.47178704905957,94.27992450889225,-57.04045613842132,-509.1246193318787,-1476.348910098636,276.8294804322431,-2.047066700273175,115.11192209300819,15.975063691228863,369.06864681568754,1095.6112480238924,-380.8851077318383,219.774534645782,1118.2766998206012,-723.7306405388628,320.9421913121297,39.72815680820355,-520.9571281791051,358.05483884108463,-108.1824060119589,312.3999706783724
-69.8896224668675,-4.00734292914539,55.57567002586598,-67.91192570166089,-16.091739151519185,-68.31290340454629,-80.60051892950422,21.68774787406497,-152.03266643766898,25.033766623250337,170.64403455026869,62.96331209956224,-76.17951049193519,170.50036102745315,-128.3314150238223,-247.80873569803683,-24.799667297246778,-0.04653622429390664,117.85643866535753,-271.65948969754606,73.89084720163244,28.126536138845456,-33.764493117192195,-61.26618194123955,144.72315604079805,35.050942375202936,-20.777738025717586,-186.54795128814789,-541.2566422815455,101.14061655332286,-0.3713570346684177,42.4640374980095,6.085015301560645,135.4883063720869,401.7543125238029,-139.55765242891061,80.29165187126179,409.5025334326637,-265.1958904871941,117.84245453165379,14.544974219557405,-190.77750265939642,131.03892075584798,-39.461065889243386,114.5424129907313
85.26102376311121,4.729336047132583,-67.41924106739198,82.16717158231161,19.96044692189119,83.18334486283331,97.91227189064371,-26.28180889117398,184.45657881861152,-30.223375381407877,-207.55668419802302,-76.17951049193519,92.51964821271541,-207.08848969571415,155.66791216445256,300.92635109954676,30.166011646521145,0.3453266697476876,-143.53955479192805,329.67607902900767,-89.66767052684193,-33.90777260746758,40.78508741347275,74.09474098748704,-175.99993803218055,-42.20805546101889,25.345908541733497,226.71897071148263,657.5900405989394,-123.16432368850379,0.7441666399981232,-51.379856982990525,-7.213163908402366,-164.50536389491333,-488.0794797301844,169.69198722539,-97.7749569941699,-497.93011983125893,322.36308283068195,-143.04330724967951,-17.637369156647747,231.98582550652227,-159.39287559336162,48.08680595521288,-139.09457579357144
-190.89089950131316,-10.454379113008955,150.8696116252717,-183.69593350195456,-44.95539176115043,-186.308299909797,-219.17515717973293,58.78432621047704,-412.7553370276042,67.72243488040225,464.7070514382657,170.50036102745315,-207.08848969571415,463.652563688478,-348.3183681077824,-673.7201966971968,-67.46402793241839,-1.0394504749821019,321.46924289378484,-737.8877700671259,200.75434057836432,75.83677987593387,-91.29354445541155,-165.71810833546587,393.8871064073893,94.42154608866308,-56.78975769429227,-507.5235554536168,-1472.06017714542,275.8177879416725,-1.7051869924128864,114.98574717256818,16.127215503657947,368.2651262924405,1092.6844449804307,-380.0363053931392,218.91351775032183,1114.8041112072299,-721.8279090925569,320.2092092590017,39.301993269496734,-519.4382734956205,356.83069684881224,-107.6617714297872,311.2566369897359
143.60076496621838,8.610510977216192,-113.69862092008027,139.3763479777818,32.453739034513916,139.78910481707484,165.15858575435328,-44.507800495736404,311.307402289274,-50.390701858314664,-349.275789511969,-128.3314150238223,155.66791216445256,-348.3183681077824,262.7399610312241,506.3596988766151,51.15303223214562,-0.5969958058909922,-241.2891531315104,555.6820305535844,-150.8628195432519,-57.34140851189706,68.82478910033721,125.23379854463046,-297.00149794822715,-71.1460462439826,42.598137586044025,381.96313831699723,1107.6518410655028,-207.17809496223745,1.253355508400849,-86.61321371363006,-12.157379171933147,-276.7827530313343,-821.6186967256929,284.9100214518614,-164.61607226213337,-838.155057426803,542.0929090785584,-240.8252405647234,-30.51549502804166,390.2388911393296,-268.42389327804165,81.07668267259082,-234.98154972068835
277.40356159462954,15.353306924929365,-219.29596491975985,267.21799056023275,65.03266052329302,270.6812171485052,318.5942964031923,-85.49362444976006,600.0244574885556,-98.30842096918039,-675.2807786580348,-247.80873569803683,300.92635109954676,-673.7201966971968,506.3596988766151,979.020119493417,98.12530147881236,1.2194320516957344,-467.0633309410069,1072.5000035433013,-291.7281453670512,-110.27954854621102,132.72309951796953,240.95883399347707,-572.5624407488118,-137.25817675277395,82.50470100927676,737.6127699330895,2139.3879000631528,-400.7757849405447,2.4658637915427644,-167.1385862933685,-23.443809230342513,-535.1372970816988,-1587.9079867559817,552.092074229861,-318.1258618917739,-1620.02002358517,1048.8278602899413,-465.34500873413367,-57.30949662185605,754.7784240611893,-518.5703843361716,156.47832417664,-452.5287098583946
28.06751412722348,1.864694075087663,-22.106574840679844,27.311898591782363,6.039797053610494,27.12443418972738,32.1812165105713,-8.71261689068187,60.62021449443074,-9.49683487768766,-67.85235096206026,-24.799667297246778,30.166011646521145,-67.46402793241839,51.15303223214562,98.12530147881236,10.094998573956541,-0.4516351959276085,-46.865172464319585,107.96106677773346,-29.196451921771402,-11.113028937046856,13.314384077596745,24.3483539355374,-58.01994820607484,-13.666430195585535,8.291953113266159,74.2934168527577,215.25269536812442,-40.2822863041232,0.3794524590101045,-16.759960494197795,-2.286529767425692,-53.61718418247377,-159.456537727963,55.06524542500388,-32.06344493355453,-162.85334571289368,105.07162607319424,-46.69466624703806,-6.236839087828394,75.72745508607252,-52.22678807827263,15.85715369337822,-45.90473386103053
0.19932181355929768,-0.9575935447410125,0.13257869178287413,-1.3728191429563268,1.8131302637331217,0.6577782915814994,-0.14609531136655932,0.31448423465248526,-0.6593777074158077,-0.7626367617893187,-0.8518798066324749,-0.04653622429390664,0.3453266697476876,-1.0394504749821019,-0.5969958058909922,1.2194320516957344,-0.4516351959276085,1.7945995474864422,-1.0175305225075946,-0.08520009746438295,-0.39012422572892796,0.32524346062454496,-0.11666578579377315,-0.5987686773265883,0.5143081253380218,0.07929939987212824,0.2143529494827986,0.26853598824669017,1.0526390716066927,-0.6829293250292551,0.06172488323315092,0.050627781493754534,0.03706061653720773,-0.6599630520148692,-1.5101640473115818,1.627440773758544,-0.30972416023169486,-1.6914052332052634,1.8638859548411655,-0.36585725914185274,1.1873907778465655,1.1665588153940787,-0.3645767452541445,-0.00165950933543908,0.7741038989876059
-132.8555687881248,-7.120761477563948,104.51603965696683,-127.02189593784931,-31.646559047518195,-129.4586303688908,-152.04853803941847,40.70431608934469,-285.98851470017127,46.67574393632769,322.59918387858306,117.85643866535753,-143.53955479192805,321.46924289378484,-241.2891531315104,-467.0633309410069,-46.865172464319585,-1.0175305225075946,223.41781026637466,-511.3434140324786,139.09564875822076,52.280545756472655,-63.05564223134936,-114.50822816257802,273.46466827241863,64.98672758543758,-39.539722085956264,-352.1309543242467,-1021.0337567292197,191.67715120805968,-1.56934914482139,79.48778663660961,10.960591780546533,255.24612827808213,757.8232653577069,-263.6930444899768,152.1259554018961,773.7431574505164,-500.83319753974837,221.91853617442257,27.258908823621603,-360.52155336550686,247.7309955693527,-74.8854822017316,215.86676303199994
304.03656556221324,17.59722899977561,-240.55323771251975,294.0825642696945,69.87645077793465,296.2890211090262,349.46427210933047,-93.99393179396154,658.4357638740662,-107.16196638081544,-739.7745519630001,-271.65948969754606,329.67607902900767,-737.8877700671259,555.6820305535844,1072.5000035433013,107.96106677773346,-0.08520009746438295,-511.3434140324786,1176.03614936976,-319.5582899822619,-121.16250111030133,145.61404795720736,264.66195016771826,-628.238810208672,-150.53677935430358,90.30443443991555,808.5825602040233,2344.991063480491,-438.9271833877611,2.6793539749659443,-183.29190282260595,-25.720330478784483,-586.2297227834957,-1739.9200681905634,604.0639678251729,-348.5935053843655,-1775.020285287667,1148.5490734531143,-509.9423978781718,-63.791070263268,826.6889056151151,-568.3322150901845,171.593519266919,-496.8219182243548
-82.56049528044049,-4.555825014225681,65.33804980798543,-79.60802609706394,-19.366958072194414,-80.61998185274926,-94.89778818899788,25.46562304837128,-178.76040525450696,29.369024988804547,201.14297871306664,73.89084720163244,-89.66767052684193,200.75434057836432,-150.8628195432519,-291.7281453670512,-29.196451921771402,-0.39012422572892796,139.09564875822076,-319.5582899822619,86.94652900079694,32.8924581460445,-39.58305060931169,-71.82576033656754,170.4849523228915,40.97252755559378,-24.56068393021121,-219.71634079919968,-637.3356227567645,119.35186490525209,-0.6700247255542988,49.833987655641536,7.019764717671377,159.46519100709054,473.0882454243176,-164.51042020096108,94.72827466005359,482.5607382286538,-312.4796657817772,138.6655385576695,17.01708635439916,-224.84464426958846,154.44817664701586,-46.575867150415455,134.77588984433157
-31.033802081207057,-1.965768653979194,24.812973632913543,-30.55757093071169,-6.795616120213438,-30.295615446826023,-35.939426453181746,9.72837309604176,-67.91445358167697,11.085130103607893,75.8597132011567,28.126536138845456,-33.90777260746758,75.83677987593387,-57.34140851189706,-110.27954854621102,-11.113028937046856,0.32524346062454496,52.280545756472655,-121.16250111030133,32.8924581460445,12.64693746913928,-15.116406627615046,-27.477943923273635,64.53514510240375,15.721827456193282,-9.200542662587898,-83.07310599370156,-241.04166640813654,44.8969358058843,-0.08566661554508077,18.98103476113975,2.760579330209351,60.305689081817285,178.81069691776005,-61.91041131462787,35.6796727061667,182.1317905794206,-117.85459627456378,52.49039371485998,6.674841609594035,-84.79008207857613,58.295652783983,-17.550250063581565,51.176785072834384
37.39859156545459,2.2262405761281974,-29.790446015868998,36.51062504416541,8.458865526675535,36.55037440503288,43.21930245536951,-11.651968502752453,81.53075127334476,-13.375927517805602,-91.35952322851352,-33.764493117192195,40.78508741347275,-91.29354445541155,68.82478910033721,132.72309951796953,13.314384077596745,-0.11666578579377315,-63.05564223134936,145.61404795720736,-39.58305060931169,-15.116406627615046,18.138272172425406,32.89116124267669,-77.56068995410455,-18.8215338413336,11.114804408604908,99.94152657459716,289.9734247186694,-54.13534576033079,0.1722707361323693,-22.778983875825443,-3.275235138045988,-72.55312646110491,-215.18451539978867,74.65601387954851,-42.98557642562003,-219.2861151288602,141.96728763827295,-63.128871491616856,-7.868345296642499,102.13200239000516,-70.17565980579066,21.136332872296983,-61.4485710257108
68.09451382650997,4.250246109684381,-54.18412388141116,66.64359960179705,15.051061819080765,66.34240361499809,78.58665155568855,-21.240710290220925,148.34943664509848,-24.057610437581573,-165.9922540745807,-61.26618194123955,74.09474098748704,-165.71810833546587,125.23379854463046,240.95883399347707,24.3483539355374,-0.5987686773265883,-114.50822816257802,264.66195016771826,-71.82576033656754,-27.477943923273635,32.89116124267669,59.86697103545038,-141.2539118141756,-34.11087208375381,20.178095579740138,181.6819375871051,526.9873378599799,-98.33929122252457,0.3968924784117731,-41.3533532259876,-5.904521889513122,-131.74494516024,-390.87195594288534,135.37929253206934,-78.16218233719138,-398.4386772789508,257.7086714214518,-114.65788929186627,-14.63278711127701,185.47711933231017,-127.58261934736714,38.47752343375968,-111.8974506789472
-163.02631605198866,-9.687917688269744,128.5230695282863,-157.3894117947205,-37.09801472926827,-158.38958901127663,-186.9238462310226,50.310909902675476,-351.972874530589,56.58134005406241,395.47178704905957,144.72315604079805,-175.99993803218055,393.8871064073893,-297.00149794822715,-572.5624407488118,-58.01994820607484,0.5143081253380218,273.46466827241863,-628.238810208672,170.4849523228915,64.53514510240375,-77.56068995410455,-141.2539118141756,336.4581279891913,79.90136306492144,-48.36042397493515,-432.3179881524033,-1253.265426422183,234.80089640295913,-1.8767139030081827,97.68989473158476,13.492988014984059,312.91170880519024,929.4672823589682,-322.3384986900678,186.58487498947696,948.8598432848779,-613.4189677844948,272.2553894806227,34.66224361070538,-441.7425518034924,303.9785573917275,-91.99783272667561,265.9447332044768
-38.421809120606525,-2.258833190234141,30.80797839659611,-37.74210753406633,-8.698977237801847,-37.6853833411863,-44.57489280071533,12.027502759348216,-84.25175888166805,14.032692695625013,94.27992450889225,35.050942375202936,-42.20805546101889,94.42154608866308,-71.1460462439826,-137.25817675277395,-13.666430195585535,0.07929939987212824,64.98672758543758,-150.53677935430358,40.97252755559378,15.721827456193282,-18.8215338413336,-34.11087208375381,79.90136306492144,19.665495801131524,-11.417480000775734,-103.15131740785894,-299.4667220883321,55.775945759736636,0.0010875854750534116,23.635286752226506,3.483549578340309,75.07289149793667,222.34216822977862,-77.20310061192559,44.27468844320388,226.3192356136347,-146.67335375075905,65.30015591245703,8.010266628065265,-105.44717955741538,72.38102205719832,-21.715028848935273,63.35935234451134
23.534445420146362,1.244517606468949,-18.45334516588858,22.397534062665827,5.650684950541008,22.90782151979849,26.87703981892391,-7.185282475803191,50.49968994144146,-8.207663835523618,-57.04045613842132,-20.777738025717586,25.345908541733497,-56.78975769429227,42.598137586044025,82.50470100927676,8.291953113266159,0.2143529494827986,-39.539722085956264,90.30443443991555,-24.56068393021121,-9.200542662587898,11.114804408604908,20.178095579740138,-48.36042397493515,-11.417480000775734,7.00993196894879,62.24146233216235,180.43240088258233,-33.920174926172585,0.3266370582197792,-14.01365435643618,-1.9104289883627796,-45.07746972438676,-133.90828699870335,46.60523280192319,-26.918017590496884,-136.79620238002082,88.52594691374546,-39.1923230063948,-4.8170072842885805,63.739108401375,-43.80454121715109,13.263039577513583,-38.147816417412905
209.5004808357576,11.950448008907323,-165.35960610978807,201.91056901786038,48.52428911377632,204.0211640060023,240.39052560675916,-64.58230459920689,452.64264457698965,-73.52292041443225,-509.1246193318787,-186.54795128814789,226.71897071148263,-507.5235554536168,381.96313831699723,737.6127699330895,74.2934168527577,0.26853598824669017,-352.1309543242467,808.5825602040233,-219.71634079919968,-83.07310599370156,99.94152657459716,181.6819375871051,-432.3179881524033,-103.15131740785894,62.24146233216235,556.2910658662637,1613.0833890987053,-302.24204490970607,2.1482622841266887,-125.86734430301972,-17.511418333474698,-403.1389375960162,-1196.846004063591,415.67713203478223,-240.02509763673552,-1221.450999811446,790.2703467642025,-350.6489000140803,-43.81704383916161,568.8920455864115,-391.1352301787575,118.19397502780798,-341.6829031780292
607.2087050511769,34.48615267908943,-479.5587528553474,585.3981312362827,140.86123949505847,591.6128604953484,697.0079073873726,-187.2371462937753,1312.58282658027,-213.62967524490844,-1476.348910098636,-541.2566422815455,657.5900405989394,-1472.06017714542,1107.6518410655028,2139.3879000631528,215.25269536812442,1.0526390716066927,-1021.0337567292197,2344.991063480491,-637.3356227567645,-241.04166640813654,289.9734247186694,526.9873378599799,-1253.265426422183,-299.4667220883321,180.43240088258233,1613.0833890987053,4677.788624884007,-876.3324172936628,5.955631157207654,-365.1672179736343,-50.94010523234006,-1169.312995393769,-3470.9979021008226,1205.7262291711822,-695.8762294300235,-3541.9612039210847,2291.958180671275,-1017.0218186954727,-126.72925449038212,1649.7775022324772,-1134.1108245735034,342.5731490320541,-990.5889043964944
-114.03216661877266,-6.218095399136998,89.71803349285956,-109.17706542124135,-26.9658099814222,-111.06258440027568,-130.546976326873,34.97652329548569,-245.553095600993,39.96273377337835,276.8294804322431,101.14061655332286,-123.16432368850379,275.8177879416725,-207.17809496223745,-400.7757849405447,-40.2822863041232,-0.6829293250292551,191.67715120805968,-438.9271833877611,119.35186490525209,44.8969358058843,-54.13534576033079,-98.33929122252457,234.80089640295913,55.775945759736636,-33.920174926172585,-302.24204490970607,-876.3324172936628,164.47737357650257,-1.3601304971502493,68.22656073910863,9.395421184564729,219.0092521166158,650.3321172483799,-226.16760972163945,130.56364575836315,664.0002389531068,-429.6987448033584,190.43917423570562,23.531656111624347,-309.34104316335635,212.62098191316076,-64.28950697330293,185.3955857008851
1.1237427678556908,0.03456940739749547,-0.5292700034644837,0.5850474560247982,0.3665562850557828,0.8860399065651243,0.93929210838389,-0.2197583846398619,1.5265325932708573,0.03445313239488555,-2.047066700273175,-0.3713570346684177,0.7441666399981232,-1.7051869924128864,1.253355508400849,2.4658637915427644,0.3794524590101045,0.06172488323315092,-1.56934914482139,2.6793539749659443,-0.6700247255542988,-0.08566661554508077,0.1722707361323693,0.3968924784117731,-1.8767139030081827,0.0010875854750534116,0.3266370582197792,2.1482622841266887,5.955631157207654,-1.3601304971502493,0.31031825935267765,-0.26455044417421353,0.11494778548188544,-1.302219134549927,-4.288352172484187,1.4805699598219941,-1.1000262418641882,-4.81929105435604,2.9122085499990678,-1.135485298990253,-0.28081133705960326,2.205130238533717,-1.6192373032730059,0.6078011007457735,-1.3416785538778306
-47.16640163209253,-2.7496777667769026,37.499364115215364,-45.8813750823048,-10.778563023976949,-46.07008728820878,-54.3971579887933,14.647552028899284,-102.60866954039027,16.838744925491362,115.11192209300819,42.4640374980095,-51.379856982990525,114.98574717256818,-86.61321371363006,-167.1385862933685,-16.759960494197795,0.050627781493754534,79.48778663660961,-183.29190282260595,49.833987655641536,18.98103476113975,-22.778983875825443,-41.3533532259876,97.68989473158476,23.635286752226506,-14.01365435643618,-125.86734430301972,-365.1672179736343,68.22656073910863,-0.26455044417421353,28.645255052839495,4.0953712473625,91.37829131055372,271.0054418315043,-94.08609383472412,54.175184162012286,276.2487745132034,-178.85167510732364,79.4887223375541,9.87629345791502,-128.67708214263388,88.41202928016963,-26.635088188761234,77.332382745253
-6.408523535705082,-0.3873743261146187,5.275553853224759,-6.477446761601356,-1.4185258407653771,-6.361797981098973,-7.559649852263747,2.051835280928909,-14.384612723489372,2.5020942088521276,15.975063691228863,6.085015301560645,-7.213163908402366,16.127215503657947,-12.157379171933147,-23.443809230342513,-2.286529767425692,0.03706061653720773,10.960591780546533,-25.720330478784483,7.019764717671377,2.760579330209351,-3.275235138045988,-5.904521889513122,13.492988014984059,3.483549578340309,-1.9104289883627796,-17.511418333474698,-50.94010523234006,9.395421184564729,0.11494778548188544,4.0953712473625,0.6659281246506454,12.842478939403405,37.873444649816044,-13.15286678413308,7.449123235087814,38.38721254112435,-24.958605086289705,11.169491345879411,1.318450583099006,-17.902214947731697,12.244395501759211,-3.632576542406961,10.74372711435087
-151.57904778048285,-8.387415550621762,119.87833003240699,-146.0722872782354,-35.531327448432975,-147.92374651873962,-174.10700798203308,46.725529855916385,-327.9742543099921,53.7820539687369,369.06864681568754,135.4883063720869,-164.50536389491333,368.2651262924405,-276.7827530313343,-535.1372970816988,-53.61718418247377,-0.6599630520148692,255.24612827808213,-586.2297227834957,159.46519100709054,60.305689081817285,-72.55312646110491,-131.74494516024,312.91170880519024,75.07289149793667,-45.07746972438676,-403.1389375960162,-1169.312995393769,219.0092521166158,-1.302219134549927,91.37829131055372,12.842478939403405,292.5301113467365,867.9191596621363,-301.7731656849666,173.84650125530197,885.4094653150746,-573.2615238761288,254.37030949768612,31.310371199863248,-412.5271411592474,283.4106992625239,-85.49838238394673,247.3110697542106
-450.40908721094286,-25.183563566336172,355.784954315597,-433.81972762147666,-105.18516345873542,-439.14080929288434,-517.0318363613682,138.79155604599913,-973.6293010637038,158.97797296478618,1095.6112480238924,401.7543125238029,-488.0794797301844,1092.6844449804307,-821.6186967256929,-1587.9079867559817,-159.456537727963,-1.5101640473115818,757.8232653577069,-1739.9200681905634,473.0882454243176,178.81069691776005,-215.18451539978867,-390.87195594288534,929.4672823589682,222.34216822977862,-133.90828699870335,-1196.846004063591,-3470.9979021008226,650.3321172483799,-4.288352172484187,271.0054418315043,37.873444649816044,867.9191596621363,2575.919060172317,-895.275076192902,516.3060048692959,2628.4188405042446,-1701.2491895163814,754.7885519367229,93.46119923537618,-1224.4486661371839,841.4862071046672,-254.07396508552196,734.5644628663681
156.44959906294855,8.148915947882978,-123.45585938407369,149.78966685731837,37.61671507688869,152.84812283647722,179.39770508253307,-47.99225740116172,337.6438366014959,-55.71638924121243,-380.8851077318383,-139.55765242891061,169.69198722539,-380.0363053931392,284.9100214518614,552.092074229861,55.06524542500388,1.627440773758544,-263.6930444899768,604.0639678251729,-164.51042020096108,-61.91041131462787,74.65601387954851,135.37929253206934,-322.3384986900678,-77.20310061192559,46.60523280192319,415.67713203478223,1205.7262291711822,-226.16760972163945,1.4805699598219941,-94.08609383472412,-13.15286678413308,-301.7731656849666,-895.275076192902,311.84766601346536,-179.4137563058375,-913.5478270456928,591.803141510297,-262.30382215589935,-31.69784861747692,425.8174573904426,-292.35288813830266,88.18072534968157,-254.5309841978308
-90.57846387712924,-5.063302622556041,71.26887542820685,-86.88063820398598,-21.19570878253765,-88.13336589966228,-103.70245864666978,27.817648513209374,-195.10318390648698,31.612207527797043,219.774534645782,80.29165187126179,-97.7749569941699,218.91351775032183,-164.61607226213337,-318.1258618917739,-32.06344493355453,-0.30972416023169486,152.1259554018961,-348.5935053843655,94.72827466005359,35.6796727061667,-42.98557642562003,-78.16218233719138,186.58487498947696,44.27468844320388,-26.918017590496884,-240.02509763673552,-695.8762294300235,130.56364575836315,-1.1000262418641882,54.175184162012286,7.449123235087814,173.84650125530197,516.3060048692959,-179.4137563058375,103.67881044709063,527.179453751467,-341.0352779631804,151.19275618270848,18.861102417973175,-245.54622051013374,168.84215645383972,-51.075131812629955,147.35473795298142
-460.13813998209815,-25.65005823353093,362.93509371159445,-442.39938225190684,-107.68104737562383,-448.3313272570025,-527.6605969966621,141.58595201475768,-993.2891960491787,161.8071986542519,1118.2766998206012,409.5025334326637,-497.93011983125893,1114.8041112072299,-838.155057426803,-1620.02002358517,-162.85334571289368,-1.6914052332052634,773.7431574505164,-1775.020285287667,482.5607382286538,182.1317905794206,-219.2861151288602,-398.4386772789508,948.8598432848779,226.3192356136347,-136.79620238002082,-1221.450999811446,-3541.9612039210847,664.0002389531068,-4.81929105435604,276.2487745132034,38.38721254112435,885.4094653150746,2628.4188405042446,-913.5478270456928,527.179453751467,2682.6453217273574,-1736.0761787029587,769.9956477843309,95.50480235012813,-1249.6678055112088,858.9493803047992,-259.5180415371439,749.6611674695118
297.5098045437884,16.166045915459478,-234.8048863855071,285.708165143126,70.34961199788262,290.2463850207841,341.2634742389511,-91.46916056136307,642.4206916103233,-105.2647899085636,-723.7306405388628,-265.1958904871941,322.36308283068195,-721.8279090925569,542.0929090785584,1048.8278602899413,105.07162607319424,1.8638859548411655,-500.83319753974837,1148.5490734531143,-312.4796657817772,-117.85459627456378,141.96728763827295,257.7086714214518,-613.4189677844948,-146.67335375075905,88.52594691374546,790.2703467642025,2291.958180671275,-429.6987448033584,2.9122085499990678,-178.85167510732364,-24.958605086289705,-573.2615238761288,-1701.2491895163814,591.803141510297,-341.0352779631804,-1736.0761787029587,1124.0141825586502,-498.4408718787002,-61.154016928062966,808.92751328549,-555.7285049118258,167.76432712892887,-484.58027391702734
-131.83647836977252,-7.4101545685423575,104.28697307751808,-127.21774402281865,-30.69804055017677,-128.6023663007556,-151.47647640500597,40.68184067394033,-285.36361996951274,46.68229387500524,320.9421913121297,117.84245453165379,-143.04330724967951,320.2092092590017,-240.8252405647234,-465.34500873413367,-46.69466624703806,-0.36585725914185274,221.91853617442257,-509.9423978781718,138.6655385576695,52.49039371485998,-63.128871491616856,-114.65788929186627,272.2553894806227,65.30015591245703,-39.1923230063948,-350.6489000140803,-1017.0218186954727,190.43917423570562,-1.135485298990253,79.4887223375541,11.169491345879411,254.37030949768612,754.7885519367229,-262.30382215589935,151.19275618270848,769.9956477843309,-498.4408718787002,221.2182978661688,27.37427111864099,-358.7079853431557,246.48884426146526,-74.37962307497786,215.2271533366734
-16.59890834741488,-1.5986662961934885,13.119611997044835,-16.820885803367492,-2.680898291787456,-15.732791783121751,-19.114085976548203,5.309700298512116,-36.14885573379706,5.128390548110027,39.72815680820355,14.544974219557405,-17.637369156647747,39.301993269496734,-30.51549502804166,-57.30949662185605,-6.236839087828394,1.1873907778465655,27.258908823621603,-63.791070263268,17.01708635439916,6.674841609594035,-7.868345296642499,-14.63278711127701,34.66224361070538,8.010266628065265,-4.8170072842885805,-43.81704383916161,-126.72925449038212,23.531656111624347,-0.28081133705960326,9.87629345791502,1.318450583099006,31.310371199863248,93.46119923537618,-31.69784861747692,18.861102417973175,95.50480235012813,-61.154016928062966,27.37427111864099,4.346718251418227,-44.200270636064545,30.745304518767664,-9.426142218631965,27.56735417465379
214.27930620946975,11.738952983967533,-169.01162097552816,205.7610619911187,50.51424229682036,208.91508784347326,245.69641241717437,-65.87241163373055,462.47242340187836,-75.57533355037485,-520.9571281791051,-190.77750265939642,231.98582550652227,-519.4382734956205,390.2388911393296,754.7784240611893,75.72745508607252,1.1665588153940787,-360.52155336550686,826.6889056151151,-224.84464426958846,-84.79008207857613,102.13200239000516,185.47711933231017,-441.7425518034924,-105.44717955741538,63.739108401375,568.8920455864115,1649.7775022324772,-309.34104316335635,2.205130238533717,-128.67708214263388,-17.902214947731697,-412.5271411592474,-1224.4486661371839,425.8174573904426,-245.54622051013374,-1249.6678055112088,808.92751328549,-358.7079853431557,-44.200270636064545,582.2279707062468,-400.0753736086126,120.83250832580593,-348.9456811054754
-147.42090285415847,-8.313893619570619,116.2122171793125,-141.77435757151653,-34.33308291928451,-143.53047141600192,-168.99812168994018,45.36849409515959,-318.1098595714721,51.64997346765502,358.05483884108463,131.03892075584798,-159.39287559336162,356.83069684881224,-268.42389327804165,-518.5703843361716,-52.22678807827263,-0.3645767452541445,247.7309955693527,-568.3322150901845,154.44817664701586,58.295652783983,-70.17565980579066,-127.58261934736714,303.9785573917275,72.38102205719832,-43.80454121715109,-391.1352301787575,-1134.1108245735034,212.62098191316076,-1.6192373032730059,88.41202928016963,12.244395501759211,283.4106992625239,841.4862071046672,-292.35288813830266,168.84215645383972,858.9493803047992,-555.7285049118258,246.48884426146526,30.745304518767664,-400.0753736086126,275.0679315969567,-83.14816879374784,240.16503015422884
44.66913522858521,2.581706989257647,-35.089373515180284,42.870936139170205,10.316384552481814,43.37160308184522,51.095134488376985,-13.723695894688754,96.10044609390955,-15.420941743782272,-108.1824060119589,-39.461065889243386,48.08680595521288,-107.6617714297872,81.07668267259082,156.47832417664,15.85715369337822,-0.00165950933543908,-74.8854822017316,171.593519266919,-46.575867150415455,-17.550250063581565,21.136332872296983,38.47752343375968,-91.99783272667561,-21.715028848935273,13.263039577513583,118.19397502780798,342.5731490320541,-64.28950697330293,0.6078011007457735,-26.635088188761234,-3.632576542406961,-85.49838238394673,-254.07396508552196,88.18072534968157,-51.075131812629955,-259.5180415371439,167.76432712892887,-74.37962307497786,-9.426142218631965,120.83250832580593,-83.14816879374784,25.195434479407414,-72.65456536692155
-128.67200182189114,-7.851526981305901,101.6524181894843,-124.7623383966651,-28.876812621502488,-125.03530107523792,-147.80608855289952,39.848416750795785,-278.44464673612447,44.71504913192809,312.3999706783724,114.5424129907313,-139.09457579357144,311.2566369897359,-234.98154972068835,-452.5287098583946,-45.90473386103053,0.7741038989876059,215.86676303199994,-496.8219182243548,134.77588984433157,51.176785072834384,-61.4485710257108,-111.8974506789472,265.9447332044768,63.35935234451134,-38.147816417412905,-341.6829031780292,-990.5889043964944,185.3955857008851,-1.3416785538778306,77.332382745253,10.74372711435087,247.3110697542106,734.5644628663681,-254.5309841978308,147.35473795298142,749.6611674695118,-484.58027391702734,215.2271533366734,27.56735417465379,-348.9456811054754,240.16503015422884,-72.65456536692155,210.37865379387358
