V1,V2,V3,V4,V5,V6,V7,V8,V9,V10,V11,V12,V13,V14,V15,V16,V17,V18,V19,V20,V21,V22,V23,V24,V25,V26,V27,V28,V29,V30,V31,V32,V33,V34,V35,V36,V37,V38,V39,V40,V41,V42,V43,V44
92.89756747946383,57.96154600648607,142.3975691539269,121.10562781891993,11.7867910958825,128.7579087023491,76.67608519213012,-40.13521595726368,85.89244777990072,-23.346506834591324,98.2518441055128,42.18726009310569,34.660202650876805,206.65638791378643,-30.520592733259978,-76.81794418875438,-64.65138810862202,41.90352218469007,7.406645241231565,28.80173675668992,95.3363072960742,-31.610365947215577,63.495108840337636,-163.85030742124408,11.429708832124616,-106.3762633704911,13.348508562915477,-94.90083642178612,-187.11424166606707,125.24933893207185,1.931298429392271,81.06048903042311,-118.70759414088857,-75.23676167369317,-133.39372297493267,136.5858274196053,73.16445809046533,-40.48005960532193,7.147621211536434,15.214944945356505,-0.0958051553499822,-38.64620892705143,-120.38970062018305,-59.03745996279776
57.96154600648607,37.33321135914604,90.30719242256406,76.39827382677139,6.802559665973638,81.26736311093934,48.24045170790412,-25.314203022189933,54.45172151657043,-14.9929141236428,62.03963710929896,26.52265585537655,21.824498535208885,129.825395789289,-19.518000602693274,-48.45381518138019,-40.7975244686404,26.498563764976517,4.6175372533246595,18.51162711037481,60.52909527024609,-20.235578690215288,40.001424003372065,-103.2595607031005,7.279979721476429,-67.58636766903317,8.100884095557324,-60.02747826414256,-118.7218490419768,79.07472069440449,1.1091286743167967,51.217304528835065,-74.9724050170192,-47.7735278999708,-84.16830738684666,86.12514955184163,46.106864951577016,-25.99018149134282,4.352609611896605,10.158941483449645,-0.3357227697212432,-24.95865557576427,-75.49890667108019,-37.538448049460946
142.3975691539269,90.30719242256406,221.40490703882267,187.2310834703307,16.537156897421387,199.01815133110424,118.40660342613891,-61.43605252876366,132.9028284890198,-36.135668584914384,152.17530343049427,65.03155478404686,53.46854961035929,317.89322129359886,-47.54301306401131,-118.92293783348127,-100.0804433554908,64.62285990735862,11.222403143520122,44.75453568121604,148.24488832989323,-49.6135332609839,98.24578515727315,-252.51469301924143,17.852110149563913,-164.56859129957184,19.939920994832693,-146.81384631605897,-289.6918449436145,193.18068480488233,2.5073756929523934,125.6129643699242,-182.96878035427747,-116.73920873537355,-206.0519036554992,210.9597715778813,112.78085374347067,-62.994205416489464,10.977280255305802,24.700184799494096,-0.5320115024891793,-60.85736869423369,-185.273725751601,-91.63435098599082
121.10562781891993,76.39827382677139,187.2310834703307,159.24057030068798,14.700672212765568,168.68653226069358,100.47306496495679,-52.87331958440855,112.97233746053921,-30.807703501511654,128.86956791992753,55.687509917064666,45.396077586851035,271.330722016837,-39.91127423351596,-100.82195121588752,-85.16796751052594,55.374173640477025,9.771891075303586,38.09690046138424,125.39613196296001,-41.11184772991083,83.14211589114481,-214.9092710659385,15.073451873254522,-139.838496330835,17.464376414702304,-124.1218162145614,-246.01348298889758,164.47573372904262,2.129481680418914,106.83441527083895,-155.39264420066542,-98.5201221782168,-175.09841099584372,179.2236841939813,95.95582566140358,-53.12536436557939,9.171202577743738,20.981353314273424,0.05189927875725135,-50.8783901045325,-157.5509387463709,-77.57523264859925
11.7867910958825,6.802559665973638,16.537156897421387,14.700672212765568,2.326437325578605,15.55254869507776,9.303763832598515,-5.309615032048858,10.442200800441375,-2.9195561997780723,11.722686606115243,5.269606160495619,4.214990076280589,25.98811978506037,-3.4671914525266065,-9.14679509235209,-7.814086259613272,5.256570183576346,1.0923916695890914,3.44919861131798,11.069899159924491,-3.3504269877784143,7.585217456273278,-20.328399538631196,1.2759304343621654,-12.980110476516746,2.006523729336659,-11.407848147273919,-22.626274382208862,15.501414343870056,0.49721231428857904,9.686833250424472,-14.711110000485075,-8.839731047421553,-16.26263840732332,16.64590876943564,9.024096254041433,-4.771695983668043,0.8284927377276977,1.3395004369307986,0.19448386716970223,-4.073586098478752,-14.955008233269005,-7.007086747428993
128.7579087023491,81.26736311093934,199.01815133110424,168.68653226069358,15.55254869507776,179.47545305818377,106.74070333719722,-55.708325152465264,119.7368563739139,-32.581713029440166,136.92823091760098,58.61542487684174,48.35539846101896,287.0872584166538,-42.875146170179804,-107.17111868135277,-90.00372479312156,58.34074891856758,10.064861678962997,40.41950860955591,133.32260498021944,-44.37998865289215,88.45324051295677,-227.96216489512756,16.04374940174568,-148.392000561858,18.21064197871533,-132.3192216106162,-261.06844091014096,174.3577440688183,2.441000131788642,113.03994359227126,-165.27899656041944,-105.20153422059487,-185.78451223972718,190.19369024600343,101.91352189748001,-56.64622927317613,9.89996455328547,21.78120190389399,-0.38271112458596807,-54.53330769437376,-167.2982132339091,-82.45225547773427
76.67608519213012,48.24045170790412,118.40660342613891,100.47306496495679,9.303763832598515,106.74070333719722,63.54739430124615,-33.176023567319696,71.27325736323566,-19.37502465010776,81.51967483660242,34.98529112553402,28.72656967203918,171.05443431642118,-25.37858294454364,-63.76160877498216,-53.67225235087963,34.764712806094906,6.077967165527028,23.975476260108024,79.2913932523098,-26.3120320342455,52.64916952174164,-135.69378440819884,9.531287160274708,-88.25112712739596,10.912982757970902,-78.65442272456153,-155.29937176647184,103.78529701896464,1.4340775935185355,67.35062182909192,-98.26833452994771,-62.463058821076864,-110.59426660554206,113.22541222906105,60.61366423683601,-33.63267623961409,5.896771490372909,12.997125310314782,-0.12978377159569515,-32.31078520444341,-99.60889632437026,-49.0348841376378
-40.13521595726368,-25.314203022189933,-61.43605252876366,-52.87331958440855,-5.309615032048858,-55.708325152465264,-33.176023567319696,18.132632339166957,-37.54436282779606,10.366941087647309,-42.33134277379292,-18.723854391380634,-15.11446988473958,-90.81645199809334,13.036429586206767,33.29238676822526,28.22911743648093,-18.75273453459803,-3.3153271792358106,-12.872008939382466,-41.23398028610264,12.853385310815707,-27.26238961909753,71.59360905998706,-4.951752124773239,46.55341164486492,-6.125315412311558,40.76189737892129,81.70442674860185,-54.87190139336024,-0.7044942263246237,-35.45873911711766,51.64235940838493,32.33252214456004,58.09143821443913,-59.401876554852514,-32.02019677665647,17.423080629898784,-2.878017688865296,-6.989729049017531,-0.31191186365380946,16.408224506396994,52.283232187581035,25.563663211269283
85.89244777990072,54.45172151657043,132.9028284890198,112.97233746053921,10.442200800441375,119.7368563739139,71.27325736323566,-37.54436282779606,80.33462707373894,-21.92721411538287,91.43887732004653,39.42327324168039,32.120306405366996,192.48385451913873,-28.366861524952842,-71.53476690438126,-60.398929308831924,39.28968662622855,6.968101941098925,27.056736627236695,89.03138295118757,-29.292267726266914,59.00511657115939,-152.5503630819167,10.692487816777218,-99.38234406699705,12.33372834431294,-88.14473456821075,-174.72467943078234,116.79730104026575,1.5460010233524646,75.82909960863653,-110.33160939869471,-69.96469753068297,-124.37602929363607,127.27214015569739,68.0680818037843,-37.829539769566765,6.480434049981583,14.855253450500097,5.959625756215653e-4,-36.168451707678805,-111.70242736644306,-55.149762862953104
-23.346506834591324,-14.9929141236428,-36.135668584914384,-30.807703501511654,-2.9195561997780723,-32.581713029440166,-19.37502465010776,10.366941087647309,-21.92721411538287,6.148703791753927,-24.943500792668107,-10.84058985188538,-8.76334597898037,-52.57529555872619,7.702852025969152,19.367009263299863,16.530322896794395,-10.789958228436932,-2.004529118239912,-7.477284880955792,-24.194592283421574,7.921185288280972,-16.02064211698648,41.67001155099991,-2.888777306321018,27.28847673730942,-3.3939016973800773,24.074734444774077,47.86565243120076,-31.916903106762003,-0.5057832103490462,-20.596360190524756,30.223706483309105,19.061020407654905,33.81726799101877,-34.610294931453865,-18.544866357284818,10.473791045680143,-1.6795638794208447,-4.141949037426965,0.07978223630003259,9.850035740640442,30.429886067777446,15.075547198818041
98.2518441055128,62.03963710929896,152.17530343049427,128.86956791992753,11.722686606115243,136.92823091760098,81.51967483660242,-42.33134277379292,91.43887732004653,-24.943500792668107,104.8299745616987,44.848777929443244,36.75110070982771,219.0357933294842,-32.572739541696286,-81.70048542540717,-68.97505773256704,44.45999873653722,7.912339729235661,30.682452917414828,101.82258116608678,-34.12935336978174,67.6450733292279,-173.91314124128203,12.221919697731044,-113.28153287225628,13.841990591076268,-101.12069118682939,-199.35141679477329,132.99248469156146,1.9048481986423857,86.33963735611935,-126.04854845406273,-80.23121286450771,-141.75752322464118,145.17085368747718,77.56019083854375,-43.41653686185812,7.5518732672104125,16.807786920145702,-0.38605991206894313,-41.66782083240588,-127.67158747174298,-63.044141957759216
42.18726009310569,26.52265585537655,65.03155478404686,55.687509917064666,5.269606160495619,58.61542487684174,34.98529112553402,-18.723854391380634,39.42327324168039,-10.84058985188538,44.848777929443244,19.716465464657695,15.818265981208171,95.18540840437338,-13.666458296214266,-35.04117089063905,-29.88600143738902,19.556806806376198,3.563385930753947,13.343605063871376,43.544689121766424,-13.87605813276142,28.859094938311117,-75.09108714033981,5.223888757510981,-48.818049269246906,6.306958618638751,-43.01742943580499,-85.85591077318573,57.499594792231456,0.7024016463879058,37.36099223475679,-54.12890563817543,-34.05125838263635,-61.02913600996435,62.46411832428118,33.483153101407225,-18.40668127682169,3.099094049121843,7.514706392869141,0.21553233088561735,-17.429833866379408,-54.98235081532687,-26.95871110748768
34.660202650876805,21.824498535208885,53.46854961035929,45.396077586851035,4.214990076280589,48.35539846101896,28.72656967203918,-15.11446988473958,32.120306405366996,-8.76334597898037,36.75110070982771,15.818265981208171,13.200377263784327,77.3810185468387,-11.63158656760303,-28.892118155126976,-24.141899031904796,15.771979482114059,2.580681840468734,11.02968295338504,35.87129807038159,-11.761319356339698,23.73470797325813,-61.434162746320176,4.339494877621865,-39.95280493656745,4.950513610232372,-35.581093652386116,-70.31044479586127,46.97350635339011,0.6296493407016993,30.37449723506532,-44.603236074600666,-28.38763155286927,-49.93718113824584,51.12625524105724,27.590459483373067,-15.171774949009825,2.655282324082967,5.866966795752796,-0.09673309928059605,-14.694921561414667,-45.11563854794278,-22.11453577587938
206.65638791378643,129.825395789289,317.89322129359886,271.330722016837,25.98811978506037,287.0872584166538,171.05443431642118,-90.81645199809334,192.48385451913873,-52.57529555872619,219.0357933294842,95.18540840437338,77.3810185468387,463.53055225648103,-67.61968053758369,-171.55321104414594,-145.05113768911434,94.75328636114081,16.81523192915705,64.997382908919107,212.97723013972637,-69.01109349161901,141.30500597967819,-366.612535375801,25.569981791802693,-238.27386741417817,30.310683711016477,-210.95077135499093,-418.95944926991945,280.60857344061924,3.7494353859665703,181.96235258072505,-264.8880037050933,-167.28604508146316,-298.35872152117065,305.3379839075028,163.714688577016,-90.11927533947195,15.498965152855392,35.4089128490849,0.5508182930901906,-85.80759151474192,-268.66566032551566,-131.8502671853626
-30.520592733259978,-19.518000602693274,-47.54301306401131,-39.91127423351596,-3.4671914525266065,-42.875146170179804,-25.37858294454364,13.036429586206767,-28.366861524952842,7.702852025969152,-32.572739541696286,-13.666458296214266,-11.63158656760303,-67.61968053758369,10.539511182180695,25.584073942282522,21.156964475186317,-13.6755891204573,-2.150523739829073,-9.716914964295075,-31.90032761175801,10.917367320761894,-21.08320232963392,54.042060573457825,-3.8681388616959462,35.301374736258055,-4.0940733512438925,31.71767047145022,62.11903581918555,-41.309133698003826,-0.5931302903011277,-26.70723717420551,39.43732981401083,25.401284597872955,44.083181859892875,-45.13359510558735,-24.28500826350359,13.623050243033058,-2.406404608885909,-5.095665191411366,0.3505554178718134,13.378368966280041,39.6920520398428,19.67515186442984
-76.81794418875438,-48.45381518138019,-118.92293783348127,-100.82195121588752,-9.14679509235209,-107.17111868135277,-63.76160877498216,33.29238676822526,-71.53476690438126,19.367009263299863,-81.70048542540717,-35.04117089063905,-28.892118155126976,-171.55321104414594,25.584073942282522,64.11904701513029,53.76149262217736,-34.91354335340347,-5.932573618671118,-24.154846753398974,-79.70079531638885,26.361469898584136,-52.80697664225326,136.1236123807378,-9.613150025240001,88.53307671393496,-10.895252353469836,78.85738048382046,155.83885758955972,-104.15116800740583,-1.3084064043390853,-67.67012215176412,98.55030244671103,62.76364103641004,111.04825848295143,-113.65803049555821,-60.91789134511026,33.65618972323268,-5.930266776564545,-13.1303777313371,0.08475657791636357,32.54361762596616,99.8896809626919,49.19718284821563
-64.65138810862202,-40.7975244686404,-100.0804433554908,-85.16796751052594,-7.814086259613272,-90.00372479312156,-53.67225235087963,28.22911743648093,-60.398929308831924,16.530322896794395,-68.97505773256704,-29.88600143738902,-24.141899031904796,-145.05113768911434,21.156964475186317,53.76149262217736,45.69925721580075,-29.61748817866807,-5.398683146752101,-20.27429289778752,-66.95993194858583,21.96583559893142,-44.43929538256629,114.79232054410186,-8.027703672335207,74.731210818139985,-9.359334503247856,66.28376485106064,131.48257573096015,-87.85535787728301,-1.1469293660426056,-57.1372572139199,82.92202942238765,52.491173338840234,93.50866985031205,-95.7334763611326,-51.12994607602042,28.44605236179565,-4.861597836258205,-11.36817180541973,-0.040797505003817715,27.10625190183265,84.14047218994476,41.478925629833434
41.90352218469007,26.498563764976517,64.62285990735862,55.374173640477025,5.256570183576346,58.34074891856758,34.764712806094906,-18.75273453459803,39.28968662622855,-10.789958228436932,44.45999873653722,19.556806806376198,15.771979482114059,94.75328636114081,-13.6755891204573,-34.91354335340347,-29.61748817866807,19.529701853287087,3.4520709025766,13.394096526641091,43.33668477111047,-13.690882947884047,28.63605576713971,-74.76548533612521,5.213409884707859,-48.643783909955275,6.281339832168442,-42.72934816600444,-85.48404082853574,57.29843204265836,0.6574182791406229,37.19311623631169,-53.89914050379235,-33.91085061112401,-60.79996413500703,62.18691673955961,33.41411171374971,-18.27341607506183,3.055747152626935,7.465883440616311,0.26530545051283894,-17.357241273814395,-54.64914562466451,-26.820298966272087
7.406645241231565,4.6175372533246595,11.222403143520122,9.771891075303586,1.0923916695890914,10.064861678962997,6.077967165527028,-3.3153271792358106,6.968101941098925,-2.004529118239912,7.912339729235661,3.563385930753947,2.580681840468734,16.81523192915705,-2.150523739829073,-5.932573618671118,-5.398683146752101,3.4520709025766,0.889726234362181,2.201159415877551,7.436900963364169,-2.3907640866043143,5.033048866877256,-13.14062180150358,0.849232561054652,-8.574810188835505,1.1884435805218363,-7.4718225091549915,-15.002953762540931,10.068028505347796,0.2216056471510641,6.527056741094254,-9.396174111181578,-5.718751752539392,-10.636592165122783,10.899390128042352,5.680073132764389,-3.299144482433186,0.48878491540851815,1.326296675848876,0.07469516385631109,-2.831893246288628,-9.578714615590862,-4.733691242331106
28.80173675668992,18.51162711037481,44.75453568121604,38.09690046138424,3.44919861131798,40.41950860955591,23.975476260108024,-12.872008939382466,27.056736627236695,-7.477284880955792,30.682452917414828,13.343605063871376,11.02968295338504,64.997382908919107,-9.716914964295075,-24.154846753398974,-20.27429289778752,13.394096526641091,2.201159415877551,9.415267396685513,30.065478368341083,-9.65588450422024,19.76508884616238,-51.54477817487878,3.641945002504522,-33.684886760169874,4.17321152885611,-29.68798262065756,-59.171569459570684,39.49433850086726,0.4637548132726586,25.53861425068482,-37.380887101872574,-23.71801163443444,-41.87884888566433,42.835974880330454,23.14444921288406,-12.773215277364825,2.1077560235643547,5.162718547919699,-0.029269942383429916,-12.311221711317812,-37.65370042731302,-18.576272984606955
95.3363072960742,60.52909527024609,148.24488832989323,125.39613196296001,11.069899159924491,133.32260498021944,79.2913932523098,-41.23398028610264,89.03138295118757,-24.194592283421574,101.82258116608678,43.544689121766424,35.87129807038159,212.97723013972637,-31.90032761175801,-79.70079531638885,-66.95993194858583,43.33668477111047,7.436900963364169,30.065478368341083,99.31312784226934,-33.125588315651015,65.75293545968847,-169.17770073298433,11.97474289249319,-110.2571019417242,13.366379305163573,-98.27861983665929,-194.06644853499978,129.44911153146765,1.6360512581841045,84.15419767387303,-122.58266412520992,-78.22073570730421,-138.04900739741572,141.31401534296626,75.62830911436016,-42.144260194964026,7.342074305555074,16.55047835395091,-0.317254532236556,-40.77308032114682,-124.08124313400646,-61.350463965528284
-31.610365947215577,-20.235578690215288,-49.6135332609839,-41.11184772991083,-3.3504269877784143,-44.37998865289215,-26.3120320342455,12.853385310815707,-29.292267726266914,7.921185288280972,-34.12935336978174,-13.87605813276142,-11.761319356339698,-69.01109349161901,10.917367320761894,26.361469898584136,21.96583559893142,-13.690882947884047,-2.3907640866043143,-9.65588450422024,-33.125588315651015,12.159786582844541,-22.09623363308303,55.48126319445026,-3.9736220303387597,36.34338037741267,-3.9243981330269153,33.208940431140434,64.0322379384329,-42.32410518693046,-0.7738823717746768,-27.466924730767264,40.62271814275651,26.4263215751203,45.461334722012545,-46.61634016385886,-24.695489156933455,14.422166962781626,-2.610249694599947,-5.1341782608378015,0.7038575263727306,14.13528309939473,40.9043860456142,20.53547432303136
63.495108840337636,40.001424003372065,98.24578515727315,83.14211589114481,7.585217456273278,88.45324051295677,52.64916952174164,-27.26238961909753,59.00511657115939,-16.02064211698648,67.6450733292279,28.859094938311117,23.73470797325813,141.30500597967819,-21.08320232963392,-52.80697664225326,-44.43929538256629,28.63605576713971,5.033048866877256,19.76508884616238,65.75293545968847,-22.09623363308303,43.70101913081036,-112.23921619758319,7.898832813118874,-73.04746482456346,8.909154936214286,-65.29766957302365,-128.5727780130367,85.81939200665666,1.224345799503973,55.72335618957816,-81.35595888792486,-51.842633235064575,-91.55278247547167,93.75021523306786,50.092755303636146,-27.968067046797824,4.9253791519555215,10.727057238252414,-0.24223377249004993,-26.917198787563603,-82.438705022766,-40.68045280819282
-163.85030742124408,-103.2595607031005,-252.51469301924143,-214.9092710659385,-20.328399538631196,-227.96216489512756,-135.69378440819884,71.59360905998706,-152.5503630819167,41.67001155099991,-173.91314124128203,-75.09108714033981,-61.434162746320176,-366.612535375801,54.042060573457825,136.1236123807378,114.79232054410186,-74.76548533612521,-13.14062180150358,-51.54477817487878,-169.17770073298433,55.48126319445026,-112.23921619758319,290.495167290771,-20.32265956432745,189.00188265614807,-23.66411000199441,167.79629692058728,332.3258843941112,-222.286052362692,-3.091611675545494,-144.03778860961125,210.26779782855402,133.2019402779317,236.49442153635448,-242.0569747228234,-129.76800293597418,71.8227224422577,-12.388874230922324,-27.896417471838266,0.012917275847220046,68.63133103210818,212.9567543989489,104.7377917284553
11.429708832124616,7.279979721476429,17.852110149563913,15.073451873254522,1.2759304343621654,16.04374940174568,9.531287160274708,-4.951752124773239,10.692487816777218,-2.888777306321018,12.221919697731044,5.223888757510981,4.339494877621865,25.569981791802693,-3.8681388616959462,-9.613150025240001,-8.027703672335207,5.213409884707859,0.849232561054652,3.641945002504522,11.97474289249319,-3.9736220303387597,7.898832813118874,-20.32265956432745,1.453997367482472,-13.243908337007717,1.5920599030288065,-11.80287489560531,-23.329438858363865,15.553008487264792,0.16282921005782508,10.13172131246669,-14.723924621921167,-9.430851196510162,-16.59753090750373,16.987199942031154,9.115974052604473,-5.045629075209089,0.8857905013883596,2.0167013502429785,-0.03351801651212736,-4.939287830259868,-14.905180697268134,-7.369130833665418
-106.3762633704911,-67.58636766903317,-164.56859129957184,-139.838496330835,-12.980110476516746,-148.392000561858,-88.25112712739596,46.55341164486492,-99.38234406699705,27.28847673730942,-113.28153287225628,-48.818049269246906,-39.95280493656745,-238.27386741417817,35.301374736258055,88.53307671393496,74.731210818139985,-48.643783909955275,-8.574810188835505,-33.684886760169874,-110.2571019417242,36.34338037741267,-73.04746482456346,189.00188265614807,-13.243908337007717,123.26798315935517,-15.235369361233461,109.38182204201183,216.64116338795026,-144.66745957626495,-2.0344503129245504,-93.70389407443218,136.95527996392133,86.87258527291726,153.86496292043586,-157.4746985255429,-84.39179055125285,47.05057335584643,-7.983568171732147,-18.37840280821002,0.22093863860517704,44.96413068104375,138.4086097210171,68.33446495248255
13.348508562915477,8.100884095557324,19.939920994832693,17.464376414702304,2.006523729336659,18.21064197871533,10.912982757970902,-6.125315412311558,12.33372834431294,-3.3939016973800773,13.841990591076268,6.306958618638751,4.950513610232372,30.310683711016477,-4.0940733512438925,-10.895252353469836,-9.359334503247856,6.281339832168442,1.1884435805218363,4.17321152885611,13.366379305163573,-3.9243981330269153,8.909154936214286,-23.66411000199441,1.5920599030288065,-15.235369361233461,2.207727764266944,-13.22781573177293,-26.740872698005386,18.127360187126,0.24442736402374013,11.705327379207338,-16.93682830915869,-10.394772032094853,-19.127300517069898,19.56165574507565,10.555816411565793,-5.5583572963862915,0.9326631955415303,2.228507558770432,0.2873270468327185,-5.079987643340265,-17.3186155747424,-8.299317270318383
-94.90083642178612,-60.02747826414256,-146.81384631605897,-124.1218162145614,-11.407848147273919,-132.3192216106162,-78.65442272456153,40.76189737892129,-88.14473456821075,24.074734444774077,-101.12069118682939,-43.01742943580499,-35.581093652386116,-210.95077135499093,31.71767047145022,78.85738048382046,66.28376485106064,-42.72934816600444,-7.4718225091549915,-29.68798262065756,-98.27861983665929,33.208940431140434,-65.29766957302365,167.79629692058728,-11.80287489560531,109.38182204201183,-13.22781573177293,97.85465827552265,192.40002209783432,-128.27336572799186,-1.97925142905362,-83.05052091945313,121.9100714379083,77.74222260250002,136.71440884861627,-140.0092051027875,-74.92225883417426,42.05919295349583,-7.324918730832504,-15.920181712710962,0.6091396239978542,40.439435108382725,123.2153559136422,60.87804281443571
-187.11424166606707,-118.7218490419768,-289.6918449436145,-246.01348298889758,-22.626274382208862,-261.06844091014096,-155.29937176647184,81.70442674860185,-174.72467943078234,47.86565243120076,-199.35141679477329,-85.85591077318573,-70.31044479586127,-418.95944926991945,62.11903581918555,155.83885758955972,131.48257573096015,-85.48404082853574,-15.002953762540931,-59.171569459570684,-194.06644853499978,64.0322379384329,-128.5727780130367,332.3258843941112,-23.329438858363865,216.64116338795026,-26.740872698005386,192.40002209783432,380.91270387397213,-254.3381878445544,-3.4800033299652653,-164.89539589675763,240.75044567614617,152.8474129688215,270.63441011624417,-277.00988728768056,-148.4217741248377,82.66057792573257,-14.116695501664633,-32.389196647135144,0.3759877312064368,79.18348732352982,243.4885267263189,120.17481895823676
125.24933893207185,79.07472069440449,193.18068480488233,164.47573372904262,15.501414343870056,174.3577440688183,103.78529701896464,-54.87190139336024,116.79730104026575,-31.916903106762003,132.99248469156146,57.499594792231456,46.97350635339011,280.60857344061924,-41.309133698003826,-104.15116800740583,-87.85535787728301,57.29843204265836,10.068028505347796,39.49433850086726,129.44911153146765,-42.32410518693046,85.81939200665666,-222.286052362692,15.553008487264792,-144.66745957626495,18.127360187126,-128.27336572799186,-254.3381878445544,170.14492005467838,2.307322104673711,110.2897093418361,-160.8276952749508,-101.84472123425903,-180.99905667613746,185.22625330074928,99.30097794386884,-54.926016673771095,9.43821370017857,21.467809237082125,0.06109744203270637,-52.47771911270832,-162.86267896139407,-80.1427485102059
1.931298429392271,1.1091286743167967,2.5073756929523934,2.129481680418914,0.49721231428857904,2.441000131788642,1.4340775935185355,-0.7044942263246237,1.5460010233524646,-0.5057832103490462,1.9048481986423857,0.7024016463879058,0.6296493407016993,3.7494353859665703,-0.5931302903011277,-1.3084064043390853,-1.1469293660426056,0.6574182791406229,0.2216056471510641,0.4637548132726586,1.6360512581841045,-0.7738823717746768,1.224345799503973,-3.091611675545494,0.16282921005782508,-2.0344503129245504,0.24442736402374013,-1.97925142905362,-3.4800033299652653,2.307322104673711,0.2551551478084105,1.2829191277647458,-2.419217411760973,-1.4738274241871792,-2.3945447050771818,2.4798428284097374,1.3128222479441147,-0.9186315537770283,0.14867946524711806,0.0010263601119026777,-0.16219736306246105,-0.6942154406356456,-2.3268095894197085,-1.127395400173768
81.06048903042311,51.217304528835065,125.6129643699242,106.83441527083895,9.686833250424472,113.03994359227126,67.35062182909192,-35.45873911711766,75.82909960863653,-20.596360190524756,86.33963735611935,37.36099223475679,30.37449723506532,181.96235258072505,-26.70723717420551,-67.67012215176412,-57.1372572139199,37.19311623631169,6.527056741094254,25.53861425068482,84.15419767387303,-27.466924730767264,55.72335618957816,-144.03778860961125,10.13172131246669,-93.70389407443218,11.705327379207338,-83.05052091945313,-164.89539589675763,110.2897093418361,1.2829191277647458,71.80526923170683,-103.988883237673,-65.95973828666172,-117.50374555004973,120.23956206847772,64.32484176016304,-35.50179940066453,6.144570176728896,14.225302713950208,0.17076381314833486,-34.09260532115324,-105.52952921099482,-52.00378829458094
-118.70759414088857,-74.9724050170192,-182.96878035427747,-155.39264420066542,-14.711110000485075,-165.27899656041944,-98.26833452994771,51.64235940838493,-110.33160939869471,30.223706483309105,-126.04854845406273,-54.12890563817543,-44.603236074600666,-264.8880037050933,39.43732981401083,98.55030244671103,82.92202942238765,-53.89914050379235,-9.396174111181578,-37.380887101872574,-122.58266412520992,40.62271814275651,-81.35595888792486,210.26779782855402,-14.723924621921167,136.95527996392133,-16.93682830915869,121.9100714379083,240.75044567614617,-160.8276952749508,-2.419217411760973,-103.988883237673,152.5638797216043,96.84822137971453,171.0825315052523,-175.1407905671406,-93.9741405121227,52.300334846580675,-9.011778945679874,-19.976897370756078,0.3742134291277546,50.04637059964023,154.21791179531235,75.93894148679236
-75.23676167369317,-47.7735278999708,-116.73920873537355,-98.5201221782168,-8.839731047421553,-105.20153422059487,-62.463058821076864,32.33252214456004,-69.96469753068297,19.061020407654905,-80.23121286450771,-34.05125838263635,-28.38763155286927,-167.28604508146316,25.401284597872955,62.76364103641004,52.491173338840234,-33.91085061112401,-5.718751752539392,-23.71801163443444,-78.22073570730421,26.4263215751203,-51.842633235064575,133.2019402779317,-9.430851196510162,86.87258527291726,-10.394772032094853,77.74222260250002,152.8474129688215,-101.84472123425903,-1.4738274241871792,-65.95973828666172,96.84822137971453,61.94462839350275,108.5819044161118,-111.17926152789182,-59.61575720184702,33.38429868584767,-5.838478611778108,-12.702405559263653,0.5391555282091791,32.34852026223492,97.79364036125911,48.3538251339858
-133.39372297493267,-84.16830738684666,-206.0519036554992,-175.09841099584372,-16.26263840732332,-185.78451223972718,-110.59426660554206,58.09143821443913,-124.37602929363607,33.81726799101877,-141.75752322464118,-61.02913600996435,-49.93718113824584,-298.35872152117065,44.083181859892875,111.04825848295143,93.50866985031205,-60.79996413500703,-10.636592165122783,-41.87884888566433,-138.04900739741572,45.461334722012545,-91.55278247547167,236.49442153635448,-16.59753090750373,153.86496292043586,-19.127300517069898,136.71440884861627,270.63441011624417,-180.99905667613746,-2.3945447050771818,-117.50374555004973,171.0825315052523,108.5819044161118,192.82680755994338,-197.33677885269205,-105.6386461085089,58.478870509278025,-10.166301431089947,-22.790306424663836,-0.008806589948099752,56.08337817193806,173.36865470653044,85.40581755835314
136.5858274196053,86.12514955184163,210.9597715778813,179.2236841939813,16.64590876943564,190.19369024600343,113.22541222906105,-59.401876554852514,127.27214015569739,-34.610294931453865,145.17085368747718,62.46411832428118,51.12625524105724,305.3379839075028,-45.13359510558735,-113.65803049555821,-95.7334763611326,62.18691673955961,10.899390128042352,42.835974880330454,141.31401534296626,-46.61634016385886,93.75021523306786,-242.0569747228234,16.987199942031154,-157.4746985255429,19.56165574507565,-140.0092051027875,-277.00988728768056,185.22625330074928,2.4798428284097374,120.23956206847772,-175.1407905671406,-111.17926152789182,-197.33677885269205,201.9752470356806,108.10718734345342,-59.89454666192896,10.421570070812534,23.300549046364083,-0.04010418236825239,-57.43857364980869,-177.49493208442638,-87.42967375244481
73.16445809046533,46.106864951577016,112.78085374347067,95.95582566140358,9.024096254041433,101.91352189748001,60.61366423683601,-32.02019677665647,68.0680818037843,-18.544866357284818,77.56019083854375,33.483153101407225,27.590459483373067,163.714688577016,-24.28500826350359,-60.91789134511026,-51.12994607602042,33.41411171374971,5.680073132764389,23.14444921288406,75.62830911436016,-24.695489156933455,50.092755303636146,-129.76800293597418,9.115974052604473,-84.39179055125285,10.555816411565793,-74.92225883417426,-148.4217741248377,99.30097794386884,1.3128222479441147,64.32484176016304,-93.9741405121227,-59.61575720184702,-105.6386461085089,108.10718734345342,58.11486304153695,-31.981582395883162,5.555779051810447,12.43771548307014,0.0068061325272656525,-30.74132282891319,-95.15166338218249,-46.72984501074752
-40.48005960532193,-25.99018149134282,-62.994205416489464,-53.12536436557939,-4.771695983668043,-56.64622927317613,-33.63267623961409,17.423080629898784,-37.829539769566765,10.473791045680143,-43.41653686185812,-18.40668127682169,-15.171774949009825,-90.11927533947195,13.623050243033058,33.65618972323268,28.44605236179565,-18.27341607506183,-3.299144482433186,-12.773215277364825,-42.144260194964026,14.422166962781626,-27.968067046797824,71.8227224422577,-5.045629075209089,47.05057335584643,-5.5583572963862915,42.05919295349583,82.66057792573257,-54.926016673771095,-0.9186315537770283,-35.50179940066453,52.300334846580675,33.38429868584767,58.478870509278025,-59.89454666192896,-31.981582395883162,18.293600093866484,-3.0674423156974573,-6.952842237095266,0.43833566776925115,17.49012735964283,52.628925646189934,26.204571826978956
7.147621211536434,4.352609611896605,10.977280255305802,9.171202577743738,0.8284927377276977,9.89996455328547,5.896771490372909,-2.878017688865296,6.480434049981583,-1.6795638794208447,7.5518732672104125,3.099094049121843,2.655282324082967,15.498965152855392,-2.406404608885909,-5.930266776564545,-4.861597836258205,3.055747152626935,0.48878491540851815,2.1077560235643547,7.342074305555074,-2.610249694599947,4.9253791519555215,-12.388874230922324,0.8857905013883596,-7.983568171732147,0.9326631955415303,-7.324918730832504,-14.116695501664633,9.43821370017857,0.14867946524711806,6.144570176728896,-9.011778945679874,-5.838478611778108,-10.166301431089947,10.421570070812534,5.555779051810447,-3.0674423156974573,0.6263601313287478,1.0495131017509112,-0.06734890559964428,-3.0484313976445687,-9.197359552926171,-4.50037809691128
15.214944945356505,10.158941483449645,24.700184799494096,20.981353314273424,1.3395004369307986,21.78120190389399,12.997125310314782,-6.989729049017531,14.855253450500097,-4.141949037426965,16.807786920145702,7.514706392869141,5.866966795752796,35.4089128490849,-5.095665191411366,-13.1303777313371,-11.36817180541973,7.465883440616311,1.326296675848876,5.162718547919699,16.55047835395091,-5.1341782608378015,10.727057238252414,-27.896417471838266,2.0167013502429785,-18.37840280821002,2.228507558770432,-15.920181712710962,-32.389196647135144,21.467809237082125,0.0010263601119026777,14.225302713950208,-19.976897370756078,-12.702405559263653,-22.790306424663836,23.300549046364083,12.43771548307014,-6.952842237095266,1.0495131017509112,3.487706523616821,0.09194625251623732,-6.77169122053548,-20.242672413738077,-10.183184722614834
-0.0958051553499822,-0.3357227697212432,-0.5320115024891793,0.05189927875725135,0.19448386716970223,-0.38271112458596807,-0.12978377159569515,-0.31191186365380946,5.959625756215653e-4,0.07978223630003259,-0.38605991206894313,0.21553233088561735,-0.09673309928059605,0.5508182930901906,0.3505554178718134,0.08475657791636357,-0.040797505003817715,0.26530545051283894,0.07469516385631109,-0.029269942383429916,-0.317254532236556,0.7038575263727306,-0.24223377249004993,0.012917275847220046,-0.03351801651212736,0.22093863860517704,0.2873270468327185,0.6091396239978542,0.3759877312064368,0.06109744203270637,-0.16219736306246105,0.17076381314833486,0.3742134291277546,0.5391555282091791,-0.008806589948099752,-0.04010418236825239,0.0068061325272656525,0.43833566776925115,-0.06734890559964428,0.09194625251623732,0.44593271407253987,0.536071735725621,0.09109843287709338,0.245497983298132
-38.64620892705143,-24.95865557576427,-60.85736869423369,-50.8783901045325,-4.073586098478752,-54.53330769437376,-32.31078520444341,16.408224506396994,-36.168451707678805,9.850035740640442,-41.66782083240588,-17.429833866379408,-14.694921561414667,-85.80759151474192,13.378368966280041,32.54361762596616,27.10625190183265,-17.357241273814395,-2.831893246288628,-12.311221711317812,-40.77308032114682,14.13528309939473,-26.917198787563603,68.63133103210818,-4.939287830259868,44.96413068104375,-5.079987643340265,40.439435108382725,79.18348732352982,-52.47771911270832,-0.6942154406356456,-34.09260532115324,50.04637059964023,32.34852026223492,56.08337817193806,-57.43857364980869,-30.74132282891319,17.49012735964283,-3.0484313976445687,-6.77169122053548,0.536071735725621,17.213004889838533,50.380290803169814,25.160181705784296
-120.38970062018305,-75.49890667108019,-185.273725751601,-157.5509387463709,-14.955008233269005,-167.2982132339091,-99.60889632437026,52.283232187581035,-111.70242736644306,30.429886067777446,-127.67158747174298,-54.98235081532687,-45.11563854794278,-268.66566032551566,39.6920520398428,99.8896809626919,84.14047218994476,-54.64914562466451,-9.578714615590862,-37.65370042731302,-124.08124313400646,40.9043860456142,-82.438705022766,212.9567543989489,-14.905180697268134,138.4086097210171,-17.3186155747424,123.2153559136422,243.4885267263189,-162.86267896139407,-2.3268095894197085,-105.52952921099482,154.21791179531235,97.79364036125911,173.36865470653044,-177.49493208442638,-95.15166338218249,52.628925646189934,-9.197359552926171,-20.242672413738077,0.09109843287709338,50.380290803169814,156.34015449837287,76.773835142944307
-59.03745996279776,-37.538448049460946,-91.63435098599082,-77.57523264859925,-7.007086747428993,-82.45225547773427,-49.0348841376378,25.563663211269283,-55.149762862953104,15.075547198818041,-63.044141957759216,-26.95871110748768,-22.11453577587938,-131.8502671853626,19.67515186442984,49.19718284821563,41.478925629833434,-26.820298966272087,-4.733691242331106,-18.576272984606955,-61.350463965528284,20.53547432303136,-40.68045280819282,104.7377917284553,-7.369130833665418,68.33446495248255,-8.299317270318383,60.87804281443571,120.17481895823676,-80.1427485102059,-1.127395400173768,-52.00378829458094,75.93894148679236,48.3538251339858,85.40581755835314,-87.42967375244481,-46.72984501074752,26.204571826978956,-4.50037809691128,-10.183184722614834,0.245497983298132,25.160181705784296,76.773835142944307,38.01368193444366
