V1,V2,V3,V4,V5,V6,V7,V8,V9,V10,V11,V12,V13,V14,V15,V16,V17,V18,V19,V20,V21,V22,V23,V24,V25,V26,V27,V28,V29,V30,V31,V32,V33,V34,V35,V36,V37,V38,V39,V40,V41,V42,V43,V44
44.40125795976159,-15.713641839723827,0.38802901758571406,7.570064906967803,27.205513418211602,-72.79027552556263,33.868799470781084,31.94584752162352,-0.9306536853026015,-8.42419111767785,-119.47928724667686,-75.76943596144267,1.1487162010206609,-27.133296439761377,-61.975915457295706,-53.497662830675736,-25.70701444175485,-22.894969409808816,-140.44665019655992,-96.24089757240058,-74.78037210524816,-39.546624540021874,67.70910169275778,80.94530707132535,68.44267751196762,-30.538016866414168,9.866188099909682,-62.51490185714378,-8.893045245622481,-56.79639563847223,17.658371971505456,59.024281797791126,23.960664484509884,39.05740332233684,85.19371854133279,71.9652085682378,35.15074873521285,-42.52312856326422,-4.060088316764995,-19.319556949722422,-27.720999771483942,-3.8699955763854548,-1.9434215380947326,36.42644377764391
-15.713641839723827,6.095100307994988,0.12607614222065075,-2.730224480426777,-9.992055679629901,26.44924095693529,-13.18385861882587,-12.08704527844146,1.4138614917339996,3.9014904958407195,43.719221744927125,27.920338107498395,-1.5658617848332277,9.582427605184455,23.016489898433385,19.569451883178992,8.941448264100528,7.941028293555866,50.60248509843459,35.20871532852276,26.798465524080793,13.921000134043197,-24.179474641210334,-29.665243673152805,-25.206745260387397,11.242139698208744,-3.2236152945414807,23.048996741447148,3.4753012890829997,20.39283973678295,-5.988387716593184,-22.220595972352278,-9.253083542399079,-13.631572198817441,-31.22451451197556,-25.904541528772018,-12.821527002080968,15.028916825387663,1.2759468387700241,6.428766333028289,9.858160315632976,2.0016753974494024,0.7613347133516123,-13.819513059518084
0.38802901758571406,0.12607614222065075,0.2646102831617588,0.07387028971282518,0.06633437422546164,-0.1153736291411572,-0.5151761503515404,-0.20240094609038273,0.6489227568525041,0.523144028043968,-0.1323068091238869,-0.003888355191468723,-0.7810550435750191,-0.2507270085071035,0.13427703621574094,-0.11496974977602095,-0.3514876599369252,-0.20811160659105485,-0.5322760779349781,-0.10126161279874123,-0.4203035332040199,-0.4086345891329115,0.4471556314914553,0.13388626278485777,0.02332898913429642,0.0027810222959299582,0.29796687420278783,0.0823812000387905,0.13239808385240637,-0.3394239283933014,0.4408353904913274,-0.4418180568714903,-0.2515282936271385,0.4965496819662436,0.11391394037319331,0.3693909706849381,0.047252488733844286,-0.32505943330873366,-0.05515598289308034,-0.40108160646780183,-0.28522609792644604,0.30738658723068246,-0.13224649346501552,-0.2348953867036498
7.570064906967803,-2.730224480426777,0.07387028971282518,1.316462929702163,4.690671866241146,-12.452961711378299,5.852201596649827,5.494780100386374,-0.2431574933196168,-1.4797695862295779,-20.469968567843,-13.004471759902724,0.26679832908051015,-4.6234552838662495,-10.643038417151521,-9.187418267368932,-4.379706669978357,-3.883762705523971,-23.991247155133728,-16.48392670959156,-12.782939255997823,-6.7604269748038455,11.579617925929506,13.90619830735146,11.766359005866141,-5.234265973394335,1.6796354757013021,-10.708713754079264,-1.53865827650465,-9.72694470119131,3.0384879930017634,10.127339605399586,4.144540568720911,6.679333669042577,14.623113392342795,12.345943676848742,6.015996284324015,-7.23049790810554,-0.656194881040935,-3.2578214054311547,-4.76830803311152,-0.7184107670350904,-0.39185087805055113,6.289085647956031
27.205513418211602,-9.992055679629901,0.06633437422546164,4.690671866241146,16.952580768808122,-45.09024817414711,21.615008040217006,20.114249883356752,-1.3243176999485367,-5.7705526532100535,-74.20351634567994,-47.207792893711456,1.505708883084172,-16.599578379979658,-38.74549167884135,-33.25011432592879,-15.651447855279367,-13.939077855154187,-86.70344041150959,-59.783922963102775,-46.07416128890251,-24.202500171603482,41.67563259560581,50.315193105711245,42.64575324975494,-19.014880160449955,5.849608729447471,-38.93822191832826,-5.680131148323796,-35.01834664804372,10.651147547085674,37.07930334725495,15.212871863637433,23.820524024786355,52.965347296062724,44.46344563419156,21.80858208323969,-26.0317357704804,-2.381634136435158,-11.550003106412813,-17.043556493563468,-2.8148561580519686,-1.2702096757789065,22.962884699535863
-72.79027552556263,26.44924095693529,-0.1153736291411572,-12.452961711378299,-45.09024817414711,120.54139971371102,-57.43256911568056,-53.51536162599301,3.1345707212119165,15.190569230322298,198.05733111526723,125.82870253415925,-3.741243946756031,44.461008311704525,103.22523817602634,88.61913138075317,41.86278682086114,37.46412045851281,231.83353483849936,159.5308707669101,123.16603512092468,64.75097108368122,-111.40123976044214,-134.18846404647223,-113.6657801774388,50.7042654348483,-15.72734290490478,103.95246573530899,15.07740099624101,93.56263068666294,-28.42958604832852,-98.95533108404045,-40.41067222765399,-63.755123581331084,-141.25438693606037,-118.71889988662441,-58.23375648642774,69.76865677633863,6.515533519136754,31.084023676531142,45.467218551542096,7.220083422505648,3.0953674613055635,-61.09382738914348
33.868799470781084,-13.18385861882587,-0.5151761503515404,5.852201596649827,21.615008040217006,-57.43256911568056,29.02743798935214,26.32686988515748,-3.3981872197171428,-8.723792460251396,-94.76822303946268,-60.54984004471891,3.902839741105214,-20.627168802032152,-50.04239594792392,-42.383450568911684,-19.18088825435616,-17.27413621365871,-109.68576841760786,-76.38434768529649,-57.95978889369136,-29.987750606762532,52.281539098223256,64.19061500532248,54.64711074660357,-24.38993933330791,6.737843711696748,-50.09277429148925,-7.6236768240258845,-44.03343938984796,12.598086804684414,48.577017267198976,20.16877304661779,29.266401079006968,67.64579228251837,56.0766994143522,27.826135116911146,-32.48164734799034,-2.861131076914514,-13.743974836847922,-21.167365541000102,-4.454767377382588,-1.4147010442175099,30.059069871716744
31.94584752162352,-12.08704527844146,-0.20240094609038273,5.494780100386374,20.114249883356752,-53.51536162599301,26.32686988515748,24.226349456164048,-2.3541956489330085,-7.514221304428642,-88.23200009186534,-56.252362726374244,2.686924285595615,-19.4849963441352,-46.3232327631653,-39.475083988760694,-18.238198799080376,-16.299684507513653,-102.57923753301883,-71.09610630738189,-54.351396660646586,-28.323486478763115,49.07332217245583,59.778936043068505,50.76429288111846,-22.662186985378742,6.615071679748649,-46.470536114655005,-6.9221974637902814,-41.29588657479789,12.178524461615712,44.64663567346156,18.433419485265052,27.753969134345514,62.958644460692895,52.46190299533955,25.91244585515101,-30.606782880665328,-2.748927093479958,-13.27769644883213,-19.9583947588373,-3.744094087899545,-1.3904628905641265,27.63217054422854
-0.9306536853026015,1.4138614917339996,0.6489227568525041,-0.2431574933196168,-1.3243176999485367,3.1345707212119165,-3.3981872197171428,-2.3541956489330085,2.3687719481347664,2.180008453719114,5.643656058039653,3.962581375162401,-2.6275823610356523,0.5255556913222342,3.658288241634628,2.4816288474278023,0.16745432318485326,0.24430873671495812,5.056937305741593,4.543204019709366,2.3341207599806806,0.6802105258559613,-1.9407151004969567,-3.869101737041536,-3.5609354423272173,1.5802296353773206,0.415304592709359,3.375080894261748,0.9053270992853587,1.8290395821503118,0.29204187169045104,-4.264061540017762,-2.164996786134457,-0.3975861696659098,-4.105318387745616,-2.5075828176527284,-1.5929617947295844,0.9043403952540732,-0.19012450726646787,-0.47030845731315524,0.6416244761363274,1.4073499725349248,0.06153023300429466,-2.7692729817852646
-8.42419111767785,3.9014904958407195,0.523144028043968,-1.4797695862295779,-5.7705526532100535,15.190569230322298,-8.723792460251396,-7.514221304428642,2.180008453719114,3.3530699290779236,25.36511847256963,16.400039249958464,-2.4593688760173573,5.115338740727742,13.775616586487699,11.281399678148887,4.548814822180785,4.137871036965253,28.46423842928796,20.42436453771233,14.828517210464218,7.339591564800481,-13.252389604630165,-17.185072944723853,-14.770181012461443,6.604127189920434,-1.3266774402981767,13.649143712075945,2.3035872462855966,11.290519421862925,-2.7291873034553413,-13.828756961476643,-5.967607874405834,-7.0071638632164,-18.119802556928047,-14.434470983784832,-7.403958188911183,8.101177129660316,0.5581116231313498,2.9263617268568223,5.261023377405946,1.854006886155812,0.3184841276488573,-8.617473716029155
-119.47928724667686,43.719221744927125,-0.1323068091238869,-20.469968567843,-74.20351634567994,198.05733111526723,-94.76822303946268,-88.23200009186534,5.643656058039653,25.36511847256963,325.7319960444559,207.08010452714043,-6.593454506367682,72.95769799092227,169.95044987884103,145.77192067403195,68.67417452432909,61.31915428182452,380.81037743796225,262.383264288381,202.26907511682535,106.20955371502787,-182.89557695674932,-220.7167683007652,-187.01490713604247,83.44099969106911,-25.692125433601245,171.0097589284871,24.898254250182447,153.67609333715907,-46.57911410922242,-162.92576888775255,-66.697274032128007,-104.51734426027501,-232.34817098993494,-194.9819565675642,-95.74343735938393,114.46405617404109,10.586181283431255,50.82638464156874,74.65089845841156,12.179926951303395,5.204804602222741,-100.69585668187902
-75.76943596144267,27.920338107498395,-0.003888355191468723,-13.004471759902724,-47.207792893711456,125.82870253415925,-60.54984004471891,-56.252362726374244,3.962581375162401,16.400039249958464,207.08010452714043,131.7481934577764,-4.572206288805441,46.25007589447871,108.19680986214222,92.69497855002045,43.511062867288075,38.82741455385156,241.81780347195593,166.83364755164254,128.39599692579824,67.32654218197676,-116.0699723889257,-140.32777185228554,-118.9595987583064,53.080610381919584,-16.171674448042825,108.76934618570007,15.911784043832693,97.55136027440841,-29.43244383678498,-103.77162186842021,-42.569647040150215,-66.19697742037864,-147.739560287234,-123.81723362534866,-60.85731104958836,72.57083861408239,6.6679039779370655,32.08791094352322,47.35874351007919,7.962330586059777,3.346698221406871,-64.17528405963941
1.1487162010206609,-1.5658617848332277,-0.7810550435750191,0.26679832908051015,1.505708883084172,-3.741243946756031,3.902839741105214,2.686924285595615,-2.6275823610356523,-2.4593688760173573,-6.593454506367682,-4.572206288805441,2.9789631699669092,-0.6576975042171652,-4.217238497065377,-2.866904768755515,-0.22800702277390134,-0.39484925556436196,-6.075105721261241,-5.304105547933452,-2.806694457324062,-0.8562189043949658,2.346131588070939,4.479897174791991,4.113953529423315,-1.8305786857684045,-0.45324613186379525,-3.9497275561706835,-1.030873398109764,-2.1745429565922687,-0.34294384394947847,4.981950495861751,2.4562407236283623,0.5347596684607108,4.762254777597294,2.979554864767874,1.8757086196315778,-1.1555855754400355,0.15646081882827467,0.46213426224535886,-0.7476877669705705,-1.5387477864965575,0.027447964635964883,3.1651130459611676
-27.133296439761377,9.582427605184455,-0.2507270085071035,-4.6234552838662495,-16.599578379979658,44.461008311704525,-20.627168802032152,-19.4849963441352,0.5255556913222342,5.115338740727742,72.95769799092227,46.25007589447871,-0.6576975042171652,16.601210948029273,37.81492787502049,32.65611360002235,15.710178346231846,13.995160030844646,85.78621196063867,58.75013894267167,45.684046670771984,24.18123024054425,-41.36498536429047,-49.44650190493245,-41.78678730383182,18.638047868280303,-6.057803722064747,38.17015171101958,5.416729700101853,34.70932720063227,-10.820255574386985,-36.019297952649914,-14.61444300147152,-23.890733763535852,-52.01958831237079,-43.956314973439035,-21.45871601161901,25.99325080292394,2.4735698744642223,11.824656777973065,16.950417966175316,2.3401242039478265,1.1834605748064502,-22.23142877240645
-61.975915457295706,23.016489898433385,0.13427703621574094,-10.643038417151521,-38.74549167884135,103.22523817602634,-50.04239594792392,-46.3232327631653,3.658288241634628,13.775616586487699,169.95044987884103,108.19680986214222,-4.217238497065377,37.81492787502049,88.94315847155379,76.06559061235228,35.52295340151068,31.74086186659254,198.21307730309601,136.9371228010711,105.16816248512727,55.035227068604,-95.0388412348317,-115.14955571873685,-97.67895756699218,43.59175945462649,-13.090277700739826,89.34967509529281,13.148474965935351,79.89412950679159,-23.91421281144797,-85.44719157830878,-35.11047585369368,-54.05011766660144,-121.25475073528234,-101.45709519210703,-49.94147346435534,59.371954448316444,5.434430734532853,26.09414122313752,38.727364928919386,6.742422817994139,2.7073074171118585,-52.839913953655916
-53.497662830675736,19.569451883178992,-0.11496974977602095,-9.187418267368932,-33.25011432592879,88.61913138075317,-42.383450568911684,-39.475083988760694,2.4816288474278023,11.281399678148887,145.77192067403195,92.69497855002045,-2.866904768755515,32.65611360002235,76.06559061235228,65.28129238340584,30.77669942620366,27.448634782343685,170.43920191875742,117.4421159433549,90.55633353121394,47.57805049084743,-81.90721356405703,-98.7963690145625,-83.71973179294741,37.344825331195366,-11.514490862201306,76.50145118051685,11.13455451071004,68.8095328356564,-20.91031697196113,-72.83067042522815,-29.830120322795675,-46.823952062484054,-104.01152047175309,-87.33147998724718,-42.85086093385122,51.223901003631724,4.729293438268971,22.76632641689335,33.460006963438786,5.447454371094743,2.402923943416576,-45.04466820777852
-25.70701444175485,8.941448264100528,-0.3514876599369252,-4.379706669978357,-15.651447855279367,41.86278682086114,-19.18088825435616,-18.238198799080376,0.16745432318485326,4.548814822180785,68.67417452432909,43.511062867288075,-0.22800702277390134,15.710178346231846,35.52295340151068,30.77669942620366,14.956137370049793,13.274166495535468,80.9535303999483,55.32878101780282,43.17208177737912,22.920983838986707,-39.118574278824305,-46.52830855516222,-39.30061578157543,17.53645129549535,-5.8071776089833325,35.85207344891031,5.036374318482228,32.781297768590214,-10.343610206200387,-33.657305132344305,-13.610863637740483,-22.678794184564456,-48.9672914977766,-41.513099273870104,-20.213271194016865,24.600627336028115,2.3848054574146063,11.321534812145975,16.052889676604558,2.045344296142929,1.1612037751763453,-20.76928643671005
-22.894969409808816,7.941028293555866,-0.20811160659105485,-3.883762705523971,-13.939077855154187,37.46412045851281,-17.27413621365871,-16.299684507513653,0.24430873671495812,4.137871036965253,61.31915428182452,38.82741455385156,-0.39484925556436196,13.995160030844646,31.74086186659254,27.448634782343685,13.274166495535468,11.92156543367684,72.34284834640415,49.40833641965064,38.52738022536609,20.428131268266224,-34.913279361189616,-41.50840574354277,-35.087147884436156,15.652256504295408,-5.115460652245864,32.071407410434944,4.520881102039995,29.23383733214512,-9.10566854355875,-30.229919741437314,-12.177108289821486,-20.186227733531723,-43.701736141792274,-37.074283270324244,-18.06316479215063,21.963592427400066,2.1748035328754196,10.05712649740934,14.270333837393151,1.835695370122731,0.91229084159422,-18.577541397650517
-140.44665019655992,50.60248509843459,-0.5322760779349781,-23.991247155133728,-86.70344041150959,231.83353483849936,-109.68576841760786,-102.57923753301883,5.056937305741593,28.46423842928796,380.81037743796225,241.81780347195593,-6.075105721261241,85.78621196063867,198.21307730309601,170.43920191875742,80.9535303999483,72.34284834640415,446.3702294631534,306.7720568579817,237.29688384333411,124.96852448842989,-214.70035549426106,-257.96817800001764,-218.41182304954725,97.4520888748728,-30.57771859426277,199.68051005388145,28.79291017624412,180.22590912413125,-55.12098041717371,-189.5938799323009,-77.27092257494333,-123.14214671954669,-271.5684822660865,-228.60040022551556,-111.99839962111656,134.58457602869328,12.692522658765787,60.34021292223532,87.68702096510508,13.395066601279789,6.004078804099412,-117.01345518124359
-96.24089757240058,35.20871532852276,-0.10126161279874123,-16.48392670959156,-59.783922963102775,159.5308707669101,-76.38434768529649,-71.09610630738189,4.543204019709366,20.42436453771233,262.383264288381,166.83364755164254,-5.304105547933452,58.75013894267167,136.9371228010711,117.4421159433549,55.32878101780282,49.40833641965064,306.7720568579817,211.39625090901706,162.93386559046706,85.541304949145,-147.33315903047708,-177.7567885449496,-150.64229836588297,67.22560629469095,-20.64974158314887,137.7515532409538,20.06446265676924,123.76687671068953,-37.47238284129939,-131.23789172933908,-53.72040254873192,-84.15244235932873,-187.1610118988856,-157.0640822403583,-77.13390882279552,92.19883917234759,8.559367937882055,40.94216572825323,60.10986432822961,9.816387933410233,4.1803605462109905,-81.0899767434048
-74.78037210524816,26.798465524080793,-0.4203035332040199,-12.782939255997823,-46.07416128890251,123.16603512092468,-57.95978889369136,-54.351396660646586,2.3341207599806806,14.828517210464218,202.26907511682535,128.39599692579824,-2.806694457324062,45.684046670771984,105.16816248512727,90.55633353121394,43.17208177737912,38.52738022536609,237.29688384333411,162.93386559046706,126.23029946301165,66.57846317678498,-114.24033346022026,-137.05455965762496,-115.98641636662971,51.73982408558585,-16.401770960341214,105.97727861377267,15.216765982816796,95.87987674054084,-29.507769823062695,-100.43264450064453,-40.89074329458434,-65.66353952701306,-144.25428256501888,-121.58793080388526,-59.49105228956025,71.63408985568464,6.767058662908762,32.257337004619664,46.71865405181126,6.944043022978656,3.2606575417806947,-62.005705062444186
-39.546624540021874,13.921000134043197,-0.4086345891329115,-6.7604269748038455,-24.202500171603482,64.75097108368122,-29.987750606762532,-28.323486478763115,0.6802105258559613,7.339591564800481,106.20955371502787,67.32654218197676,-0.8562189043949658,24.18123024054425,55.035227068604,47.57805049084743,22.920983838986707,20.428131268266224,124.96852448842989,85.541304949145,66.57846317678498,35.27969812748021,-60.3161952697779,-71.99901894418336,-60.85422474418183,27.127111314943733,-8.851461302517123,55.538611536254514,7.870035440839647,50.58719294433264,-15.825452539870318,-52.36217570796785,-21.23335200694359,-34.87144884815347,-75.75383030662368,-64.11081055123672,-31.24866658778504,37.86796343526073,3.6112637331406083,17.259502474961746,24.738709578559163,3.3661790169924637,1.7708498224245108,-32.3291645127466
67.70910169275778,-24.179474641210334,0.4471556314914553,11.579617925929506,41.67563259560581,-111.40123976044214,52.281539098223256,49.07332217245583,-1.9407151004969567,-13.252389604630165,-182.89557695674932,-116.0699723889257,2.346131588070939,-41.36498536429047,-95.0388412348317,-81.90721356405703,-39.118574278824305,-34.913279361189616,-214.70035549426106,-147.33315903047708,-114.24033346022026,-60.3161952697779,103.42906471619723,123.93503257860533,104.87145184825285,-46.771185373706665,14.903196973936236,-95.7920268532957,-13.721779954860201,-86.78493786432574,26.796987698849286,90.6936051882482,36.8998738167456,59.507370282803215,130.45217129941548,110.05989945127983,53.80187386871524,-64.85190572398935,-6.137853516238501,-29.263549402730565,-42.319746779660484,-6.191331738177026,-2.9785362901115824,55.99591864406603
80.94530707132535,-29.665243673152805,0.13388626278485777,13.90619830735146,50.315193105711245,-134.18846404647223,64.19061500532248,59.778936043068505,-3.869101737041536,-17.185072944723853,-220.7167683007652,-140.32777185228554,4.479897174791991,-49.44650190493245,-115.14955571873685,-98.7963690145625,-46.52830855516222,-41.50840574354277,-257.96817800001764,-177.7567885449496,-137.05455965762496,-71.99901894418336,123.93503257860533,149.64701863744614,126.77378584830238,-56.53038066394308,17.45490936517153,-115.85911445248833,-16.8698733863676,-104.17204277752451,31.65700527750056,110.3638693706942,45.22059676680807,70.8787180816574,157.47895252600583,132.1698386939396,64.85814998397873,-77.5209978370826,-7.104215536304235,-34.41192450584289,-50.65624736681619,-8.29436315740217,-3.6273219329756152,68.28182095753044
68.44267751196762,-25.206745260387397,0.02332898913429642,11.766359005866141,42.64575324975494,-113.6657801774388,54.64711074660357,50.76429288111846,-3.5609354423272173,-14.770181012461443,-187.01490713604247,-118.9595987583064,4.113953529423315,-41.78678730383182,-97.67895756699218,-83.71973179294741,-39.30061578157543,-35.087147884436156,-218.41182304954725,-150.64229836588297,-115.98641636662971,-60.85422474418183,104.87145184825285,126.77378584830238,107.45610768050106,-47.92262511702621,14.651243548613333,-98.22165623239276,-14.359306718796706,-88.14982847474964,26.651903000907076,93.70000348350433,38.437514810527674,59.85818239808783,133.44397903455229,111.89355808672715,54.9573202602591,-65.54822835915895,-5.9975174101825095,-28.98755977034013,-42.823518172295316,-7.176219960512551,-3.057100388066573,57.970039417400585
-30.538016866414168,11.242139698208744,0.0027810222959299582,-5.234265973394335,-19.014880160449955,50.7042654348483,-24.38993933330791,-22.662186985378742,1.5802296353773206,6.604127189920434,83.44099969106911,53.080610381919584,-1.8305786857684045,18.638047868280303,43.59175945462649,37.344825331195366,17.53645129549535,15.652256504295408,97.4520888748728,67.22560629469095,51.73982408558585,27.127111314943733,-46.771185373706665,-56.53038066394308,-47.92262511702621,21.388978933027527,-6.516525665965499,43.8290078339622,6.40893637499182,39.30461661619817,-11.852348286907082,-41.814122524282965,-17.145215449183443,-26.671647855273967,-59.52236964766282,-49.883104832451416,-24.524176469762946,29.25310607189686,2.697146217734176,12.939284782861673,19.07376739507501,3.1955080435169605,1.332618706036932,-25.84852407570856
9.866188099909682,-3.2236152945414807,0.29796687420278783,1.6796354757013021,5.849608729447471,-15.72734290490478,6.737843711696748,6.615071679748649,0.415304592709359,-1.3266774402981767,-25.692125433601245,-16.171674448042825,-0.45324613186379525,-6.057803722064747,-13.090277700739826,-11.514490862201306,-5.8071776089833325,-5.115460652245864,-30.57771859426277,-20.64974158314887,-16.401770960341214,-8.851461302517123,14.903196973936236,17.45490936517153,14.651243548613333,-6.516525665965499,2.422728064546219,-13.316487127725509,-1.7716760181351676,-12.483680689231234,4.194999260339501,12.265192706342688,4.887181347078153,8.850867535680493,18.317630655706658,15.738807991731889,7.561980790677349,-9.429964658818335,-0.9180966817280357,-4.518264022196592,-6.1944745538938815,-0.5115423686547308,-0.4900221887172108,7.586465107658097
-62.51490185714378,23.048996741447148,0.0823812000387905,-10.708713754079264,-38.93822191832826,103.95246573530899,-50.09277429148925,-46.470536114655005,3.375080894261748,13.649143712075945,171.0097589284871,108.76934618570007,-3.9497275561706835,38.17015171101958,89.34967509529281,76.50145118051685,35.85207344891031,32.071407410434944,199.68051005388145,137.7515532409538,105.97727861377267,55.538611536254514,-95.7920268532957,-115.85911445248833,-98.22165623239276,43.8290078339622,-13.316487127725509,89.87520934877178,13.158982734835952,80.51622732810115,-24.210443696297123,-85.84530370824079,-35.19445610088798,-54.5953074541038,-121.97899857160186,-102.19067796897934,-50.25871138625951,59.916737928740865,5.514838654846437,26.441127485757004,39.043917196629394,6.596030681173578,2.667457349752145,-53.04485127981207
-8.893045245622481,3.4753012890829997,0.13239808385240637,-1.53865827650465,-5.680131148323796,15.07740099624101,-7.6236768240258845,-6.9221974637902814,0.9053270992853587,2.3035872462855966,24.898254250182447,15.911784043832693,-1.030873398109764,5.416729700101853,13.148474965935351,11.13455451071004,5.036374318482228,4.520881102039995,28.79291017624412,20.06446265676924,15.216765982816796,7.870035440839647,-13.721779954860201,-16.8698733863676,-14.359306718796706,6.40893637499182,-1.7716760181351676,13.158982734835952,2.0048138381580216,11.564110214793558,-3.313110137505222,-12.7595129901501,-5.307256868147261,-7.6823313518435015,-17.77362356833912,-14.718873274172136,-7.307258461461413,8.523871426591136,0.7412690735742437,3.6036678508104454,5.560353149250918,1.1805237136795739,0.38250091666688785,-7.905078721578318
-56.79639563847223,20.39283973678295,-0.3394239283933014,-9.72694470119131,-35.01834664804372,93.56263068666294,-44.03343938984796,-41.29588657479789,1.8290395821503118,11.290519421862925,153.67609333715907,97.55136027440841,-2.1745429565922687,34.70932720063227,79.89412950679159,68.8095328356564,32.781297768590214,29.23383733214512,180.22590912413125,123.76687671068953,95.87987674054084,50.58719294433264,-86.78493786432574,-104.17204277752451,-88.14982847474964,39.30461661619817,-12.483680689231234,80.51622732810115,11.564110214793558,72.86374311331276,-22.46783936024295,-76.30570617581233,-31.10037119417329,-49.902693756823616,-109.62310855159987,-92.38765119433162,-45.18890431983461,54.39228017006309,5.0910616040642305,24.47155601858253,35.524764776302106,5.312537309810389,2.531713459437375,-47.15507179028962
17.658371971505456,-5.988387716593184,0.4408353904913274,3.0384879930017634,10.651147547085674,-28.42958604832852,12.598086804684414,12.178524461615712,0.29204187169045104,-2.7291873034553413,-46.57911410922242,-29.43244383678498,-0.34294384394947847,-10.820255574386985,-23.91421281144797,-20.91031697196113,-10.343610206200387,-9.10566854355875,-55.12098041717371,-37.47238284129939,-29.507769823062695,-15.825452539870318,26.796987698849286,31.65700527750056,26.651903000907076,-11.852348286907082,4.194999260339501,-24.210443696297123,-3.313110137505222,-22.46783936024295,7.394572930399389,22.484730182279254,9.065252822814253,15.756608549741763,33.25069520893425,28.39807998422328,13.70159510735297,-16.857881371040005,-1.5899884945791511,-7.912148888954155,-11.118423665011061,-1.1907725439115926,-0.9341857230673789,13.952402340434203
59.024281797791126,-22.220595972352278,-0.4418180568714903,10.127339605399586,37.07930334725495,-98.95533108404045,48.577017267198976,44.64663567346156,-4.264061540017762,-13.828756961476643,-162.92576888775255,-103.77162186842021,4.981950495861751,-36.019297952649914,-85.44719157830878,-72.83067042522815,-33.657305132344305,-30.229919741437314,-189.5938799323009,-131.23789172933908,-100.43264450064453,-52.36217570796785,90.6936051882482,110.3638693706942,93.70000348350433,-41.814122524282965,12.265192706342688,-85.84530370824079,-12.7595129901501,-76.30570617581233,22.484730182279254,82.53608231687676,33.98659069998641,51.33940475484006,116.21922361853042,96.94726980568203,47.8619872612514,-56.61471775745278,-5.124887966980149,-24.572109111356546,-36.8522911829623,-6.807400686065824,-2.43058263061963,51.00120505187187
23.960664484509884,-9.253083542399079,-0.2515282936271385,4.144540568720911,15.212871863637433,-40.41067222765399,20.16877304661779,18.433419485265052,-2.164996786134457,-5.967607874405834,-66.697274032128007,-42.569647040150215,2.4562407236283623,-14.61444300147152,-35.11047585369368,-29.830120322795675,-13.610863637740483,-12.177108289821486,-77.27092257494333,-53.72040254873192,-40.89074329458434,-21.23335200694359,36.8998738167456,45.22059676680807,38.437514810527674,-17.145215449183443,4.887181347078153,-35.19445610088798,-5.307256868147261,-31.10037119417329,9.065252822814253,33.98659069998641,14.111016297017361,20.77631447340907,47.61482635702532,39.53043859941902,19.57156455412838,-22.953901951257187,-1.9889119962162043,-9.806007303518447,-15.00174502250324,-3.030773492417833,-1.0689969072947294,21.077479643493135
39.05740332233684,-13.631572198817441,0.4965496819662436,6.679333669042577,23.820524024786355,-63.755123581331084,29.266401079006968,27.753969134345514,-0.3975861696659098,-7.0071638632164,-104.51734426027501,-66.19697742037864,0.5347596684607108,-23.890733763535852,-54.05011766660144,-46.823952062484054,-22.678794184564456,-20.186227733531723,-123.14214671954669,-84.15244235932873,-65.66353952701306,-34.87144884815347,59.507370282803215,70.8787180816574,59.85818239808783,-26.671647855273967,8.850867535680493,-54.5953074541038,-7.6823313518435015,-49.902693756823616,15.756608549741763,51.33940475484006,20.77631447340907,34.525644353773835,74.54609118064089,63.21326236930307,30.752031518955842,-37.388970645060724,-3.570663449094465,-17.14537578685738,-24.452257665346682,-3.168337450261383,-1.7801271185293273,31.7090222292615
85.19371854133279,-31.22451451197556,0.11391394037319331,14.623113392342795,52.965347296062724,-141.25438693606037,67.64579228251837,62.958644460692895,-4.105318387745616,-18.119802556928047,-232.34817098993494,-147.739560287234,4.762254777597294,-52.01958831237079,-121.25475073528234,-104.01152047175309,-48.9672914977766,-43.701736141792274,-271.5684822660865,-187.1610118988856,-144.25428256501888,-75.75383030662368,130.45217129941548,157.47895252600583,133.44397903455229,-59.52236964766282,18.317630655706658,-121.97899857160186,-17.77362356833912,-109.62310855159987,33.25069520893425,116.21922361853042,47.61482635702532,74.54609118064089,165.77127996297344,139.10970497879208,68.290007626735,-81.59415253636885,-7.509740703905534,-36.203387272588756,-53.27623259048979,-8.745098697343455,-3.7832633839878285,71.87451966957687
71.9652085682378,-25.904541528772018,0.3693909706849381,12.345943676848742,44.46344563419156,-118.71889988662441,56.0766994143522,52.46190299533955,-2.5075828176527284,-14.434470983784832,-194.9819565675642,-123.81723362534866,2.979554864767874,-43.956314973439035,-101.45709519210703,-87.33147998724718,-41.513099273870104,-37.074283270324244,-228.60040022551556,-157.0640822403583,-121.58793080388526,-64.11081055123672,110.05989945127983,132.1698386939396,111.89355808672715,-49.883104832451416,15.738807991731889,-102.19067796897934,-14.718873274172136,-92.38765119433162,28.39807998422328,96.94726980568203,39.53043859941902,63.21326236930307,139.10970497879208,117.23130350245309,57.343499181384004,-68.92012279711685,-6.45645507004157,-30.935393158719982,-45.032535426951526,-6.835932326557764,-3.212271372643837,59.90464332102827
35.15074873521285,-12.821527002080968,0.047252488733844286,6.015996284324015,21.80858208323969,-58.23375648642774,27.826135116911146,25.91244585515101,-1.5929617947295844,-7.403958188911183,-95.74343735938393,-60.85731104958836,1.8757086196315778,-21.45871601161901,-49.94147346435534,-42.85086093385122,-20.213271194016865,-18.06316479215063,-111.99839962111656,-77.13390882279552,-59.49105228956025,-31.24866658778504,53.80187386871524,64.85814998397873,54.9573202602591,-24.524176469762946,7.561980790677349,-50.25871138625951,-7.307258461461413,-45.18890431983461,13.70159510735297,47.8619872612514,19.57156455412838,30.752031518955842,68.290007626735,57.343499181384004,28.150627175319208,-33.679923116864835,-3.1379179282989402,-14.978262975509516,-21.94996769461693,-3.540909303448989,-1.513603695742473,29.562133574938333
-42.52312856326422,15.028916825387663,-0.32505943330873366,-7.23049790810554,-26.0317357704804,69.76865677633863,-32.48164734799034,-30.606782880665328,0.9043403952540732,8.101177129660316,114.46405617404109,72.57083861408239,-1.1555855754400355,25.99325080292394,59.371954448316444,51.223901003631724,24.600627336028115,21.963592427400066,134.58457602869328,92.19883917234759,71.63408985568464,37.86796343526073,-64.85190572398935,-77.5209978370826,-65.54822835915895,29.25310607189686,-9.429964658818335,59.916737928740865,8.523871426591136,54.39228017006309,-16.857881371040005,-56.61471775745278,-22.953901951257187,-37.388970645060724,-81.59415253636885,-68.92012279711685,-33.679923116864835,40.75570984252184,3.9168945277859355,18.504424407184203,26.519735420136545,3.695225261556168,1.7872329937531866,-34.89595628079994
-4.060088316764995,1.2759468387700241,-0.05515598289308034,-0.656194881040935,-2.381634136435158,6.515533519136754,-2.861131076914514,-2.748927093479958,-0.19012450726646787,0.5581116231313498,10.586181283431255,6.6679039779370655,0.15646081882827467,2.4735698744642223,5.434430734532853,4.729293438268971,2.3848054574146063,2.1748035328754196,12.692522658765787,8.559367937882055,6.767058662908762,3.6112637331406083,-6.137853516238501,-7.104215536304235,-5.9975174101825095,2.697146217734176,-0.9180966817280357,5.514838654846437,0.7412690735742437,5.0910616040642305,-1.5899884945791511,-5.124887966980149,-1.9889119962162043,-3.570663449094465,-7.509740703905534,-6.45645507004157,-3.1379179282989402,3.9168945277859355,0.46852770676411837,1.8778261922096005,2.472059777687948,0.1807560885914166,0.08063899170698542,-3.0786852272424516
-19.319556949722422,6.428766333028289,-0.40108160646780183,-3.2578214054311547,-11.550003106412813,31.084023676531142,-13.743974836847922,-13.27769644883213,-0.47030845731315524,2.9263617268568223,50.82638464156874,32.08791094352322,0.46213426224535886,11.824656777973065,26.09414122313752,22.76632641689335,11.321534812145975,10.05712649740934,60.34021292223532,40.94216572825323,32.257337004619664,17.259502474961746,-29.263549402730565,-34.41192450584289,-28.98755977034013,12.939284782861673,-4.518264022196592,26.441127485757004,3.6036678508104454,24.47155601858253,-7.912148888954155,-24.572109111356546,-9.806007303518447,-17.14537578685738,-36.203387272588756,-30.935393158719982,-14.978262975509516,18.504424407184203,1.8778261922096005,8.736687538812173,12.03064684892841,1.18726437040255,0.8188562383460908,-15.101683791071888
-27.720999771483942,9.858160315632976,-0.28522609792644604,-4.76830803311152,-17.043556493563468,45.467218551542096,-21.167365541000102,-19.9583947588373,0.6416244761363274,5.261023377405946,74.65089845841156,47.35874351007919,-0.7476877669705705,16.950417966175316,38.727364928919386,33.460006963438786,16.052889676604558,14.270333837393151,87.68702096510508,60.10986432822961,46.71865405181126,24.738709578559163,-42.319746779660484,-50.65624736681619,-42.823518172295316,19.07376739507501,-6.1944745538938815,39.043917196629394,5.560353149250918,35.524764776302106,-11.118423665011061,-36.8522911829623,-15.00174502250324,-24.452257665346682,-53.27623259048979,-45.032535426951526,-21.94996769461693,26.519735420136545,2.472059777687948,12.03064684892841,17.391495465218977,2.4678089496270923,1.3199899232892454,-22.812561317670237
-3.8699955763854548,2.0016753974494024,0.30738658723068246,-0.7184107670350904,-2.8148561580519686,7.220083422505648,-4.454767377382588,-3.744094087899545,1.4073499725349248,1.854006886155812,12.179926951303395,7.962330586059777,-1.5387477864965575,2.3401242039478265,6.742422817994139,5.447454371094743,2.045344296142929,1.835695370122731,13.395066601279789,9.816387933410233,6.944043022978656,3.3661790169924637,-6.191331738177026,-8.29436315740217,-7.176219960512551,3.1955080435169605,-0.5115423686547308,6.596030681173578,1.1805237136795739,5.312537309810389,-1.1907725439115926,-6.807400686065824,-3.030773492417833,-3.168337450261383,-8.745098697343455,-6.835932326557764,-3.540909303448989,3.695225261556168,0.1807560885914166,1.18726437040255,2.4678089496270923,1.1039551030659804,0.2279682393297932,-4.305718826964802
-1.9434215380947326,0.7613347133516123,-0.13224649346501552,-0.39185087805055113,-1.2702096757789065,3.0953674613055635,-1.4147010442175099,-1.3904628905641265,0.06153023300429466,0.3184841276488573,5.204804602222741,3.346698221406871,0.027447964635964883,1.1834605748064502,2.7073074171118585,2.402923943416576,1.1612037751763453,0.91229084159422,6.004078804099412,4.1803605462109905,3.2606575417806947,1.7708498224245108,-2.9785362901115824,-3.6273219329756152,-3.057100388066573,1.332618706036932,-0.4900221887172108,2.667457349752145,0.38250091666688785,2.531713459437375,-0.9341857230673789,-2.43058263061963,-1.0689969072947294,-1.7801271185293273,-3.7832633839878285,-3.212271372643837,-1.513603695742473,1.7872329937531866,0.08063899170698542,0.8188562383460908,1.3199899232892454,0.2279682393297932,0.2905144850774826,-1.626644908831984
36.42644377764391,-13.819513059518084,-0.2348953867036498,6.289085647956031,22.962884699535863,-61.09382738914348,30.059069871716744,27.63217054422854,-2.7692729817852646,-8.617473716029155,-100.69585668187902,-64.17528405963941,3.1651130459611676,-22.23142877240645,-52.839913953655916,-45.04466820777852,-20.76928643671005,-18.577541397650517,-117.01345518124359,-81.0899767434048,-62.005705062444186,-32.3291645127466,55.99591864406603,68.28182095753044,57.970039417400585,-25.84852407570856,7.586465107658097,-53.04485127981207,-7.905078721578318,-47.15507179028962,13.952402340434203,51.00120505187187,21.077479643493135,31.7090222292615,71.87451966957687,59.90464332102827,29.562133574938333,-34.89595628079994,-3.0786852272424516,-15.101683791071888,-22.812561317670237,-4.305718826964802,-1.626644908831984,31.60688442542993
