V1,V2,V3,V4,V5,V6,V7,V8,V9,V10,V11,V12,V13,V14,V15,V16,V17,V18,V19,V20,V21,V22,V23,V24,V25,V26,V27,V28,V29,V30,V31,V32,V33,V34,V35,V36,V37,V38,V39,V40,V41,V42,V43,V44
9340.439755443329,-3397.7121803861323,23.289835616480776,1600.220564215402,5789.23497278246,-15450.791751302457,7359.0286239896195,6865.7276490393315,-398.63225550649645,-1944.182596682642,-25403.737284585502,-16142.762058331993,466.1565996725762,-5703.398653386539,-13242.181997966358,-11371.293913979687,-5375.746543802159,-4798.54848514757,-29728.598507667448,-20464.111958177025,-15797.544207615054,-8306.991288520132,14289.606772033541,17214.78897910384,14581.355377721728,-6504.812941363345,2019.567487131734,-13328.367584832338,-1933.0287888611433,-12001.957387362743,3655.822558206122,12677.264055028048,5183.330617347218,8178.267294981447,18121.01009737601,15226.102132419343,7467.431738671441,-8946.048244365424,-832.8754125162731,-3988.2104615598023,-5837.038708328308,-927.4792248116125,-409.7620021111067,7834.778641496791
-3397.7121803861323,1236.472748393066,-8.99103233138899,-582.0149945020385,-2106.1228087258182,5622.0993140399305,-2677.6846851955283,-2498.0046407134273,144.8216103600077,707.239296509138,9242.762212025009,5874.13197982802,-169.93536676745848,2075.019344490005,4818.148412003572,4137.689261339947,1956.0017705974194,1745.4606729624986,10815.896996476373,7445.089131229547,5747.951106773189,3022.1596968186527,-5198.755469322964,-6263.4355679258615,-5305.394409730088,2367.023027335778,-734.9630460843366,4849.4969422400945,703.2091272657846,4366.977093414479,-1329.7749245970501,-4612.675896456557,-1885.6746019545958,-2976.1911424414634,-6593.202132572025,-5540.215194495926,-2717.5510493315833,3254.7529155976704,302.3749585281576,1451.0933144640023,2123.6305413284053,338.1481283037544,149.51812083959442,-2850.475653047592
23.289835616480776,-8.99103233138899,1.0639060130212512,3.91960026530412,14.55216580227067,-40.78025871333483,19.37680363102512,17.858823872489292,-1.009673906543716,-4.7534803320977606,-65.72632109649517,-43.18799160169938,1.7994550288490967,-14.651764814708445,-34.3002040629108,-29.895124203925537,-13.738971941354201,-11.710805480484204,-76.45955789696269,-53.00477533419899,-41.00151600299835,-21.212790627718512,36.60820868095538,44.1944814207333,37.82962495179099,-17.003217558120053,5.414865582775837,-34.64942920046398,-5.141568017622385,-31.280283786614923,9.318205731789524,33.303721476058435,13.24997592048404,22.07511961507767,47.13275557102244,40.21385237002689,20.10187877223394,-23.018724784925354,-1.0910865804580414,-10.46052084208255,-14.807292388780727,-3.498542448933334,-1.3348240327050298,20.26010374185344
1600.220564215402,-582.0149945020385,3.91960026530412,274.34526993724484,991.7789733332646,-2647.109081104706,1260.7753451678964,1176.346621083829,-68.46048087974206,-333.1063936856341,-4352.252075197369,-2765.8008178259934,79.9605474673235,-977.1332306411186,-2268.6052374775168,-1948.0328994099314,-920.8503741916898,-822.1240814976671,-5093.251612467184,-3506.33094529898,-2706.387406426816,-1423.1608436797487,2448.0913123071314,2949.2730244319987,2498.0917219770067,-1114.2870429846275,345.95080992600685,-2283.2542552634973,-331.3121833726489,-2056.0381242038693,626.4379177296416,2172.01399971185,888.0726804569697,1401.164317663457,3104.4637492598404,2608.648976540433,1279.211951328472,-1532.639729141974,-142.73355410301528,-683.4322204280442,-999.9237996667194,-158.94623901352304,-69.98465764009475,1342.3692187769973
5789.23497278246,-2106.1228087258182,14.55216580227067,991.7789733332646,3588.306335552541,-9577.030480826357,4561.4040223516795,4255.569934792224,-246.95165047763462,-1205.022048534347,-15745.965011432378,-10005.987378426995,288.99597329256187,-3535.101301298037,-8208.010291795943,-7048.394819501577,-3332.1404175915877,-2974.1477849295707,-18426.478091181692,-12683.947696491497,-9791.92856973376,-5148.837457580036,8856.960838158486,10670.379405853275,9038.04813633248,-4032.027798915275,1251.8518454067778,-8261.384574421232,-1198.076093297672,-7439.253180167991,2265.784824366025,7857.7687278830645,3212.6707766346403,5069.350007633676,11231.962443876768,9437.677760991732,4628.7394073227415,-5544.952726722311,-516.0482245105618,-2472.014260470244,-3617.989184541545,-575.0886232321361,-254.1915358764157,4856.158372238641
-15450.791751302457,5622.0993140399305,-40.78025871333483,-2647.109081104706,-9577.030480826357,25565.41652657362,-12176.280678150832,-11359.535446168895,659.2103022762661,3215.938061490889,42029.852047924986,26711.9040064204,-772.8471479783873,9435.888138236163,21909.28567400609,18814.764261954602,8893.863430516758,7937.309758574301,49183.86980456953,33856.9616034681,26137.349364813603,13742.85272497708,-23640.423875171182,-28481.39181002767,-24125.04462196097,10762.787914351049,-3341.8325899858714,22051.711242027035,3198.3771363016995,19857.440965391637,-6047.518515415279,-20975.5965970548,-8575.018228543659,-13533.525690336515,-29981.227798010925,-25193.351032061157,-12356.836599820535,14800.503123722929,1375.2342810218927,6599.063325859566,9656.539404348436,1537.596824458391,678.8262720516184,-12962.325279459543
7359.0286239896195,-2677.6846851955283,19.37680363102512,1260.7753451678964,4561.4040223516795,-12176.280678150832,5799.363084006122,5410.356085538408,-314.0377629837129,-1531.7319843129762,-20018.102002126227,-12722.310301687694,368.0782191226412,-4494.149643377916,-10435.012144193908,-8961.106981242048,-4235.9601810859995,-3780.4298410509955,-23425.464370122878,-16125.552726370292,-12448.728943621496,-6545.503423413574,11259.552176058056,13565.151608169688,11490.330773615053,-5126.080587229848,1591.6186688882551,-10502.859594038235,-1523.355718195817,-9457.729096822628,2880.3553340249578,9990.302309293997,4084.176678355971,6445.661542488651,14279.541486939095,11999.097330866782,5885.277817791232,-7049.2319943118755,-655.057967665568,-3142.9751115079666,-4599.261926112523,-732.2560552092328,-323.2673966386894,6173.749365612699
6865.7276490393315,-2498.0046407134273,17.858823872489292,1176.346621083829,4255.569934792224,-11359.535446168895,5410.356085538408,5047.588895755248,-293.0949100972782,-1429.0283159430385,-18675.650608046486,-11868.911393168868,343.2861534895998,-4192.823540862581,-9735.164103233126,-8359.932442690872,-3951.790283479923,-3527.0721337444115,-21854.66775552918,-15044.426006779442,-11613.771391460474,-6106.629926115707,10504.529594298316,12655.535929986416,10719.6863119172,-4782.130223201538,1484.8051188103384,-9798.418968424705,-1421.2791968135352,-8823.331150212982,2687.35675364274,9320.245878893735,3810.3652751315403,6013.210885525403,13321.875878311319,11194.269215656765,5490.257546036186,-6576.526217297748,-611.397604944205,-2932.245996883285,-4290.840642193051,-682.9440751661784,-301.3618123215632,5759.815699848768
-398.63225550649645,144.8216103600077,-1.009673906543716,-68.46048087974206,-246.95165047763462,659.2103022762661,-314.0377629837129,-293.0949100972782,17.391796528968282,82.97081432268544,1083.9708854571418,688.9473780769886,-20.068999081840726,243.3480960200782,564.8501804612163,484.9800133816066,229.03062401108107,204.72648115474766,1268.5987837238154,873.9197561578061,673.771100979918,354.4374548580411,-609.7426183773189,-734.2999586642189,-622.0272536269537,277.22996119874796,-86.07728309764103,568.543917053152,82.76262386065736,511.8724355982952,-156.3229528871888,-541.0831803726929,-221.3489703119395,-348.8688706021814,-773.1961190212216,-649.7609266388605,-318.3381980800303,381.71264749087914,35.57544432809114,170.2614532635525,248.88020532114808,39.62487082573133,17.099645504256834,-334.52790387223837
-1944.182596682642,707.239296509138,-4.7534803320977606,-333.1063936856341,-1205.022048534347,3215.938061490889,-1531.7319843129762,-1429.0283159430385,82.97081432268544,404.7871113907098,5287.634838382069,3359.901705099493,-97.06949818900118,1187.1179670177082,2756.268908820132,2366.9167599511857,1119.0056467972602,998.8465073166975,6187.806713240931,4259.345687163997,3288.136296934757,1729.035313726163,-2974.35407107889,-3583.1613203995503,-3035.0397543853114,1354.0386582275473,-420.3690868694622,2774.183433701753,402.27000532818283,2498.147510535531,-760.9213397686907,-2638.7060357661776,-1078.9043265189289,-1702.1938330794733,-3771.7387204378547,-3169.143741893114,-1554.3644225302066,1862.065550548885,173.42228176552985,830.0779673505364,1214.9412648498378,192.98462214474878,85.34592203526715,-1630.7671827470842
-25403.737284585502,9242.762212025009,-65.72632109649517,-4352.252075197369,-15745.965011432378,42029.852047924986,-20018.102002126227,-18675.650608046486,1083.9708854571418,5287.634838382069,69099.96632224048,43913.797047370026,-1269.6881815188901,15513.387990971709,36020.161973316244,30932.061247648493,14622.246134346917,13050.502001366413,80862.41438218504,55663.328417394,42971.198204238644,22594.685868397253,-38867.263270607284,-46825.44981062351,-39662.931366153105,17694.365479608365,-5493.908937000501,36254.406913585895,5258.195470662515,32646.723163896164,-9943.05787609606,-34484.506399416714,-14098.312971404803,-22248.41015940142,-49290.93991878104,-41418.32298501984,-20314.242326255495,24333.323261987658,2262.570287449008,10848.88786384914,15876.443181372697,2526.1171750361245,1115.573852477335,-21311.027476170366
-16142.762058331993,5874.13197982802,-43.18799160169938,-2765.8008178259934,-10005.987378426995,26711.9040064204,-12722.310301687694,-11868.911393168868,688.9473780769886,3359.901705099493,43913.797047370026,27910.372260158932,-807.9472083561219,9858.801602365746,22891.331014213436,19658.22676951039,9292.216536575688,8292.636877018627,51388.24214502365,35375.023730673405,27308.924885026634,14358.66941475091,-24699.723971701012,-29757.8651523505,-25206.462099497574,11245.124106680201,-3491.6700844794027,23040.08222089662,3342.0228684291264,20747.466495887038,-6318.591309765763,-21916.2228818396,-8959.32347663605,-14140.766427678256,-31325.190497899912,-26323.202904990314,-12911.00267048732,15463.792765001725,1436.2363458607447,6895.121713751616,10089.11963084744,1607.3036301096529,709.1699488728078,-13543.438038191067
466.1565996725762,-169.93536676745848,1.7994550288490967,79.9605474673235,288.99597329256187,-772.8471479783873,368.0782191226412,343.2861534895998,-20.068999081840726,-97.06949818900118,-1269.6881815188901,-807.9472083561219,23.933640781317248,-284.9437093994238,-661.7806371957226,-568.6255176781607,-268.45928847815463,-239.3464783453792,-1485.5053377395207,-1023.0647465985554,-789.4876548233682,-414.9045128736804,713.9431273552682,860.122390107872,728.8012609020823,-325.2045980198334,101.05672304314356,-666.1278400094513,-96.78225277875963,-599.8927209509017,182.72980401956573,634.1156853558936,259.0355726588244,409.4377003991179,905.8247461169419,761.6141997156893,373.7340761795513,-446.99970444444745,-40.903029854551704,-199.49446625406543,-291.3672587973632,-47.21446951395908,-20.54253553344891,391.73014786939893
-5703.398653386539,2075.019344490005,-14.651764814708445,-977.1332306411186,-3535.101301298037,9435.888138236163,-4494.149643377916,-4192.823540862581,243.3480960200782,1187.1179670177082,15513.387990971709,9858.801602365746,-284.9437093994238,3482.9374504900006,8086.790329791517,6944.3811754245535,3282.8120280011485,2930.0287090493566,18154.217743884765,12496.777529869622,9647.330692352776,5072.736288367598,-8725.978904151923,-10512.718483816423,-8904.597688379503,3972.462325972261,-1233.3737245939246,8139.3360675305485,1180.4832575863888,7329.389771776301,-2232.2706673037446,-7741.917518622239,-3165.163770909528,-4994.803706519524,-11066.10583441526,-9298.589270368944,-4560.567604702047,5463.018369718863,508.0859043323163,2435.6594814212067,3564.445446067264,567.0189843569796,250.40208787867113,-4784.433916038073
-13242.181997966358,4818.148412003572,-34.3002040629108,-2268.6052374775168,-8208.010291795943,21909.28567400609,-10435.012144193908,-9735.164103233126,564.8501804612163,2756.268908820132,36020.161973316244,22891.331014213436,-661.7806371957226,8086.790329791517,18776.67118268609,16124.255933590723,7622.38987450369,6802.852021891346,42151.533720090134,29015.544156102584,22400.11465755197,11778.063835291652,-20260.403504562,-24409.276298580833,-20675.495458032816,9223.80831013298,-2863.872728001647,18898.685497418013,2740.8608822073825,17018.07865427092,-5182.768377937728,-17975.893961526333,-7348.963697361619,-11597.699395395475,-25694.21777916832,-21590.396081326166,-10589.487492532075,12684.331630999704,1179.3102218673432,5655.2604461350575,8276.156959853053,1316.9222470879683,581.7523690809783,-11108.787913706377
-11371.293913979687,4137.689261339947,-29.895124203925537,-1948.0328994099314,-7048.394819501577,18814.764261954602,-8961.106981242048,-8359.932442690872,484.9800133816066,2366.9167599511857,30932.061247648493,19658.22676951039,-568.6255176781607,6944.3811754245535,16124.255933590723,13846.971659084968,6545.737539911283,5841.634816634757,36197.10212349958,24916.70449670507,19235.94157080165,10114.182363716109,-17398.51135479795,-20960.97260163252,-17754.96619218814,7921.148131263213,-2459.4817167108054,16229.183102101188,2353.6091737193074,14614.364394186234,-4450.649343852179,-15436.91201575511,-6310.838423175585,-9959.81539505929,-22064.8343446025,-18540.926781815066,-9094.208452186922,10892.566063887776,1012.2598154076294,4856.377704757692,7106.910868603786,1131.3037812118,499.8404093137975,-9539.577247358513
-5375.746543802159,1956.0017705974194,-13.738971941354201,-920.8503741916898,-3332.1404175915877,8893.863430516758,-4235.9601810859995,-3951.790283479923,229.03062401108107,1119.0056467972602,14622.246134346917,9292.216536575688,-268.45928847815463,3282.8120280011485,7622.38987450369,6545.737539911283,3094.6100988287635,2761.753002562548,17111.25731734043,11778.155608306166,9093.390320708262,4781.316566138389,-8224.787112093154,-9908.983326150223,-8393.223686587078,3744.649378987859,-1162.6371027039063,7671.92499608971,1112.3594201797644,6908.601718689942,-2103.755954938,-7297.067877590706,-2983.2191690987256,-4707.9112795771025,-10430.433590813493,-8764.32801265568,-4298.931408253932,5149.204899158548,478.89705046905664,2295.595543523873,3359.834117834602,534.3324681003392,236.4413664131861,-4509.415934772206
-4798.54848514757,1745.4606729624986,-11.710805480484204,-822.1240814976671,-2974.1477849295707,7937.309758574301,-3780.4298410509955,-3527.0721337444115,204.72648115474766,998.8465073166975,13050.502001366413,8292.636877018627,-239.3464783453792,2930.0287090493566,6802.852021891346,5841.634816634757,2761.753002562548,2465.3212913150014,15272.384937474102,10512.774555001608,8115.589210288097,4267.567240094991,-7340.983338483488,-8843.824042165066,-7490.800949572467,3341.7100287741905,-1037.4661815047132,6847.056027945938,992.957645962379,6165.669013486774,-1878.0452357666106,-6512.501503123293,-2662.802620492235,-4201.216901468125,-9309.124577528462,-7821.826098382968,-3836.076907211125,4595.82832780756,428.1109826004316,2048.835903138971,2998.705789851524,476.2508800890685,210.482797969486,-4024.890140025758
-29728.598507667448,10815.896996476373,-76.45955789696269,-5093.251612467184,-18426.478091181692,49183.86980456953,-23425.464370122878,-21854.66775552918,1268.5987837238154,6187.806713240931,80862.41438218504,51388.24214502365,-1485.5053377395207,18154.217743884765,42151.533720090134,36197.10212349958,17111.25731734043,15272.384937474102,94627.45395323777,65138.82240655039,50285.747687435774,26441.025812361015,-45483.64271039741,-54796.250559392705,-46414.362443886464,20706.122318776208,-6428.966238211845,42425.64846849378,6153.295406939774,38203.79747211622,-11635.829716817176,-40354.34696418076,-16498.314222076184,-26035.085402806042,-57681.30429465251,-48468.31933901314,-23771.69455135071,28475.54674167586,2648.28088194595,12695.587644274161,18579.094349716022,2955.526162843717,1305.1533823588907,-24938.712509925626
-20464.111958177025,7445.089131229547,-53.00477533419899,-3506.33094529898,-12683.947696491497,33856.9616034681,-16125.552726370292,-15044.426006779442,873.9197561578061,4259.345687163997,55663.328417394,35375.023730673405,-1023.0647465985554,12496.777529869622,29015.544156102584,24916.70449670507,11778.155608306166,10512.774555001608,65138.82240655039,44841.120750959424,34614.758837313544,18201.099406917703,-31309.453825733508,-37719.62069592992,-31950.02511105753,14252.886527179908,-4425.4022544460195,29204.275573159583,4236.364878553294,26297.95342455575,-8010.328988611555,-27779.1968675932,-11357.188267950945,-17922.03480350194,-39706.15672065731,-33364.64669301655,-16363.401828037286,19601.671859619782,1822.7055659411678,8739.583775900941,12788.841865561872,2034.996787668231,897.7405562255823,-17167.483051160874
-15797.544207615054,5747.951106773189,-41.00151600299835,-2706.387406426816,-9791.92856973376,26137.349364813603,-12448.728943621496,-11613.771391460474,673.771100979918,3288.136296934757,42971.198204238644,27308.924885026634,-789.4876548233682,9647.330692352776,22400.11465755197,19235.94157080165,9093.390320708262,8115.589210288097,50285.747687435774,34614.758837313544,26722.90236354727,14050.935913341584,-24170.159095377723,-29119.61596679971,-24665.418214876714,11003.856317201355,-3416.570372575173,22545.661422617366,3269.752444159229,20302.212984597645,-6182.846554172752,-21444.84928767536,-8767.07661711288,-13835.889840980719,-30652.56727398793,-25756.923204091123,-12633.171104106681,15132.109008557418,1406.784048081055,6746.637514728533,9873.260795074588,1571.1097091875442,694.0883537802946,-13252.43081312854
-8306.991288520132,3022.1596968186527,-21.212790627718512,-1423.1608436797487,-5148.837457580036,13742.85272497708,-6545.503423413574,-6106.629926115707,354.4374548580411,1729.035313726163,22594.685868397253,14358.66941475091,-414.9045128736804,5072.736288367598,11778.063835291652,10114.182363716109,4781.316566138389,4267.567240094991,26441.025812361015,18201.099406917703,14050.935913341584,7388.289736915446,-12709.182886128167,-15311.316882906547,-12969.171647813344,5785.711594899696,-1796.3504608134472,11854.650917638683,1719.308597547789,10674.971835190812,-3251.2948767187695,-11275.72538251831,-4609.995705593494,-7274.559510397211,-16117.362116435239,-13542.920481742247,-6642.193340637201,7956.718362353346,740.1670298663664,3547.3658508567473,5191.5173435555835,825.6150211617721,364.6804796523224,-6968.357527369456
14289.606772033541,-5198.755469322964,36.60820868095538,2448.0913123071314,8856.960838158486,-23640.423875171182,11259.552176058056,10504.529594298316,-609.7426183773189,-2974.35407107889,-38867.263270607284,-24699.723971701012,713.9431273552682,-8725.978904151923,-20260.403504562,-17398.51135479795,-8224.787112093154,-7340.983338483488,-45483.64271039741,-31309.453825733508,-24170.159095377723,-12709.182886128167,21862.43776981335,26338.171196857667,22309.400646865182,-9952.667353377517,3090.1618910170228,-20392.314048828797,-2957.499780935693,-18363.082613016948,5593.040623196828,19396.568437373797,7930.179633483644,12513.729518552558,27725.058542742252,23296.529755592263,11426.054068154708,-13687.121042002414,-1273.142464479318,-6102.064393492399,-8930.222778166708,-1420.2872598348108,-627.3855815326802,11987.055953522251
17214.78897910384,-6263.4355679258615,44.1944814207333,2949.2730244319987,10670.379405853275,-28481.39181002767,13565.151608169688,12655.535929986416,-734.2999586642189,-3583.1613203995503,-46825.44981062351,-29757.8651523505,860.122390107872,-10512.718483816423,-24409.276298580833,-20960.97260163252,-9908.983326150223,-8843.824042165066,-54796.250559392705,-37719.62069592992,-29119.61596679971,-15311.316882906547,26338.171196857667,31731.858717987816,26877.66991418225,-11990.680741103819,3722.924562481655,-24567.787583042613,-3563.0319066576203,-22123.02062451838,6737.569351392637,23368.10895270271,9553.545503643789,15076.557082050203,33401.854820082706,28066.79619358334,13765.753946015833,-16489.37806196975,-1533.4752013425843,-7351.745739818419,-10758.904666749911,-1711.6617833704306,-756.1416152848361,14441.263065253836
14581.355377721728,-5305.394409730088,37.82962495179099,2498.0917219770067,9038.04813633248,-24125.04462196097,11490.330773615053,10719.6863119172,-622.0272536269537,-3035.0397543853114,-39662.931366153105,-25206.462099497574,728.8012609020823,-8904.597688379503,-20675.495458032816,-17754.96619218814,-8393.223686587078,-7490.800949572467,-46414.362443886464,-31950.02511105753,-24665.418214876714,-12969.171647813344,22309.400646865182,26877.66991418225,22766.426280621487,-10156.632267877956,3153.5120462905015,-20809.85398402268,-3018.0725568341145,-18739.125084789935,5706.972014037435,19793.907145213045,8092.202194576606,12770.63991646932,28292.685326587634,23773.94475791675,11660.50293538307,-13967.11816348463,-1298.5042818972772,-6227.222408164876,-9113.065952104613,-1450.159334523057,-640.5591844012772,12232.251153400712
-6504.812941363345,2367.023027335778,-17.003217558120053,-1114.2870429846275,-4032.027798915275,10762.787914351049,-5126.080587229848,-4782.130223201538,277.22996119874796,1354.0386582275473,17694.365479608365,11245.124106680201,-325.2045980198334,3972.462325972261,9223.80831013298,7921.148131263213,3744.649378987859,3341.7100287741905,20706.122318776208,14252.886527179908,11003.856317201355,5785.711594899696,-9952.667353377517,-11990.680741103819,-10156.632267877956,4531.439986249656,-1406.9750907266384,9283.799411420548,1346.1634553402196,8360.119628005863,-2545.7705277911837,-8830.445828018666,-3609.9765836354954,-5697.414633605255,-12621.943715007694,-10606.043734279761,-5202.40885155502,6230.980746931418,579.1023481068673,2777.971536541036,4065.5266995505262,647.072539020937,286.1554919850472,-5456.9184827901945
2019.567487131734,-734.9630460843366,5.414865582775837,345.95080992600685,1251.8518454067778,-3341.8325899858714,1591.6186688882551,1484.8051188103384,-86.07728309764103,-420.3690868694622,-5493.908937000501,-3491.6700844794027,101.05672304314356,-1233.3737245939246,-2863.872728001647,-2459.4817167108054,-1162.6371027039063,-1037.4661815047132,-6428.966238211845,-4425.4022544460195,-3416.570372575173,-1796.3504608134472,3090.1618910170228,3722.924562481655,3153.5120462905015,-1406.9750907266384,436.8967784936133,-2882.535364822803,-417.9955292479145,-2595.748257597967,790.4675756989385,2741.8194215522117,1120.84500259679,1769.1287465205544,3919.017665145803,3293.17720508443,1615.3741724725835,-1934.6350271501497,-179.6736245052798,-862.5490850168951,-1262.2398185367092,-201.0473153854999,-88.879525659290735,1694.3431701149318
-13328.367584832338,4849.4969422400945,-34.64942920046398,-2283.2542552634973,-8261.384574421232,22051.711242027035,-10502.859594038235,-9798.418968424705,568.543917053152,2774.183433701753,36254.406913585895,23040.08222089662,-666.1278400094513,8139.3360675305485,18898.685497418013,16229.183102101188,7671.92499608971,6847.056027945938,42425.64846849378,29204.275573159583,22545.661422617366,11854.650917638683,-20392.314048828797,-24567.787583042613,-20809.85398402268,9283.799411420548,-2882.535364822803,19021.700825936077,2758.666650375873,17128.833014876305,-5216.625576235466,-18092.792034962502,-7396.83080314076,-11673.065368529738,-25861.4077402253,-21730.80477703213,-10658.396445149152,12766.866096181186,1186.9372091778516,5691.8985332684715,8329.909136192578,1325.4635843555338,585.5688688950172,-11181.08601766073
-1933.0287888611433,703.2091272657846,-5.141568017622385,-331.3121833726489,-1198.076093297672,3198.3771363016995,-1523.355718195817,-1421.2791968135352,82.76262386065736,402.27000532818283,5258.195470662515,3342.0228684291264,-96.78225277875963,1180.4832575863888,2740.8608822073825,2353.6091737193074,1112.3594201797644,992.957645962379,6153.295406939774,4236.364878553294,3269.752444159229,1719.308597547789,-2957.499780935693,-3563.0319066576203,-3018.0725568341145,1346.1634553402196,-417.9955292479145,2758.666650375873,400.41463668320296,2484.062049066555,-756.8189422367985,-2624.285625173004,-1072.8918163996684,-1693.102105675059,-3750.818194863596,-3151.9443751768467,-1545.6312327998967,1851.618014030951,172.0557615300947,825.7104151692976,1207.9607498142964,192.43274404279776,84.57213786366987,-1621.8194901101117
-12001.957387362743,4366.977093414479,-31.280283786614923,-2056.0381242038693,-7439.253180167991,19857.440965391637,-9457.729096822628,-8823.331150212982,511.8724355982952,2498.147510535531,32646.723163896164,20747.466495887038,-599.8927209509017,7329.389771776301,17018.07865427092,14614.364394186234,6908.601718689942,6165.669013486774,38203.79747211622,26297.95342455575,20302.212984597645,10674.971835190812,-18363.082613016948,-22123.02062451838,-18739.125084789935,8360.119628005863,-2595.748257597967,17128.833014876305,2484.062049066555,15424.431054056613,-4697.440205055609,-16292.418826739044,-6660.7211650764175,-10511.5992019387,-23287.923843141376,-19568.44382564024,-9598.004782431586,11496.432315079106,1068.7110902704253,5125.513008024679,7500.998114511066,1193.6529040788491,527.4375095701307,-10068.386464122232
3655.822558206122,-1329.7749245970501,9.318205731789524,626.4379177296416,2265.784824366025,-6047.518515415279,2880.3553340249578,2687.35675364274,-156.3229528871888,-760.9213397686907,-9943.05787609606,-6318.591309765763,182.72980401956573,-2232.2706673037446,-5182.768377937728,-4450.649343852179,-2103.755954938,-1878.0452357666106,-11635.829716817176,-8010.328988611555,-6182.846554172752,-3251.2948767187695,5593.040623196828,6737.569351392637,5706.972014037435,-2545.7705277911837,790.4675756989385,-5216.625576235466,-756.8189422367985,-4697.440205055609,1431.304516503265,4962.094057286717,2028.926345207605,3201.089532943382,7092.646696477912,5959.714497898283,2922.6425858207235,-3501.498889354385,-325.87516781254163,-1561.0581320170447,-2284.350785105145,-363.21183015802995,-160.1099334820691,3066.803370249597
12677.264055028048,-4612.675896456557,33.303721476058435,2172.01399971185,7857.7687278830645,-20975.5965970548,9990.302309293997,9320.245878893735,-541.0831803726929,-2638.7060357661776,-34484.506399416714,-21916.2228818396,634.1156853558936,-7741.917518622239,-17975.893961526333,-15436.91201575511,-7297.067877590706,-6512.501503123293,-40354.34696418076,-27779.1968675932,-21444.84928767536,-11275.72538251831,19396.568437373797,23368.10895270271,19793.907145213045,-8830.445828018666,2741.8194215522117,-18092.792034962502,-2624.285625173004,-16292.418826739044,4962.094057286717,17209.988206944698,7035.755638098751,11103.66686885681,24598.83402182401,20670.422161762865,10138.257666235155,-12143.509487659278,-1128.5656802003211,-5414.3450030509375,-7922.894949473602,-1261.3391081084083,-556.7216769197851,10635.401117775316
5183.330617347218,-1885.6746019545958,13.24997592048404,888.0726804569697,3212.6707766346403,-8575.018228543659,4084.176678355971,3810.3652751315403,-221.3489703119395,-1078.9043265189289,-14098.312971404803,-8959.32347663605,259.0355726588244,-3165.163770909528,-7348.963697361619,-6310.838423175585,-2983.2191690987256,-2662.802620492235,-16498.314222076184,-11357.188267950945,-8767.07661711288,-4609.995705593494,7930.179633483644,9553.545503643789,8092.202194576606,-3609.9765836354954,1120.84500259679,-7396.83080314076,-1072.8918163996684,-6660.7211650764175,2028.926345207605,7035.755638098751,2876.609832660386,4539.020388363098,10056.698926852694,8450.336349522917,4144.3988083913255,-4964.721068419437,-461.8618694664272,-2213.414093261824,-3239.178836463288,-515.1677924683273,-227.39763886422176,4348.177626789263
8178.267294981447,-2976.1911424414634,22.07511961507767,1401.164317663457,5069.350007633676,-13533.525690336515,6445.661542488651,6013.210885525403,-348.8688706021814,-1702.1938330794733,-22248.41015940142,-14140.766427678256,409.4377003991179,-4994.803706519524,-11597.699395395475,-9959.81539505929,-4707.9112795771025,-4201.216901468125,-26035.085402806042,-17922.03480350194,-13835.889840980719,-7274.559510397211,12513.729518552558,15076.557082050203,12770.63991646932,-5697.414633605255,1769.1287465205544,-11673.065368529738,-1693.102105675059,-10511.5992019387,3201.089532943382,11103.66686885681,4539.020388363098,7164.575340159843,15870.600004428114,13336.517756798554,6541.515025474406,-7834.507812838553,-727.3996007170767,-3493.355354772474,-5111.505998383984,-814.5787283230089,-359.5304440114001,6861.571074270891
18121.01009737601,-6593.202132572025,47.13275557102244,3104.4637492598404,11231.962443876768,-29981.227798010925,14279.541486939095,13321.875878311319,-773.1961190212216,-3771.7387204378547,-49290.93991878104,-31325.190497899912,905.8247461169419,-11066.10583441526,-25694.21777916832,-22064.8343446025,-10430.433590813493,-9309.124577528462,-57681.30429465251,-39706.15672065731,-30652.56727398793,-16117.362116435239,27725.058542742252,33401.854820082706,28292.685326587634,-12621.943715007694,3919.017665145803,-25861.4077402253,-3750.818194863596,-23287.923843141376,7092.646696477912,24598.83402182401,10056.698926852694,15870.600004428114,35160.72426507153,29545.0013375374,14490.882275935357,-17357.616707919206,-1613.7150935098998,-7738.773326047532,-11325.056689744537,-1802.1924687001035,-795.8877147231772,15201.774440071451
15226.102132419343,-5540.215194495926,40.21385237002689,2608.648976540433,9437.677760991732,-25193.351032061157,11999.097330866782,11194.269215656765,-649.7609266388605,-3169.143741893114,-41418.32298501984,-26323.202904990314,761.6141997156893,-9298.589270368944,-21590.396081326166,-18540.926781815066,-8764.32801265568,-7821.826098382968,-48468.31933901314,-33364.64669301655,-25756.923204091123,-13542.920481742247,23296.529755592263,28066.79619358334,23773.94475791675,-10606.043734279761,3293.17720508443,-21730.80477703213,-3151.9443751768467,-19568.44382564024,5959.714497898283,20670.422161762865,8450.336349522917,13336.517756798554,29545.0013375374,24826.801344492065,12176.924895999235,-14585.184066063788,-1355.2585023147521,-6503.049278308212,-9515.986948030692,-1515.1651737200323,-668.7999291342261,12773.790347926913
7467.431738671441,-2717.5510493315833,20.10187877223394,1279.211951328472,4628.7394073227415,-12356.836599820535,5885.277817791232,5490.257546036186,-318.3381980800303,-1554.3644225302066,-20314.242326255495,-12911.00267048732,373.7340761795513,-4560.567604702047,-10589.487492532075,-9094.208452186922,-4298.931408253932,-3836.076907211125,-23771.69455135071,-16363.401828037286,-12633.171104106681,-6642.193340637201,11426.054068154708,13765.753946015833,11660.50293538307,-5202.40885155502,1615.3741724725835,-10658.396445149152,-1545.6312327998967,-9598.004782431586,2922.6425858207235,10138.257666235155,4144.3988083913255,6541.515025474406,14490.882275935357,12176.924895999235,5973.129721774283,-7153.480908375984,-664.2148291899314,-3189.432398994779,-4667.2737785443505,-743.5279275524742,-328.58494520219153,6264.879025208433
-8946.048244365424,3254.7529155976704,-23.018724784925354,-1532.639729141974,-5544.952726722311,14800.503123722929,-7049.2319943118755,-6576.526217297748,381.71264749087914,1862.065550548885,24333.323261987658,15463.792765001725,-446.99970444444745,5463.018369718863,12684.331630999704,10892.566063887776,5149.204899158548,4595.82832780756,28475.54674167586,19601.671859619782,15132.109008557418,7956.718362353346,-13687.121042002414,-16489.37806196975,-13967.11816348463,6230.980746931418,-1934.6350271501497,12766.866096181186,1851.618014030951,11496.432315079106,-3501.498889354385,-12143.509487659278,-4964.721068419437,-7834.507812838553,-17357.616707919206,-14585.184066063788,-7153.480908375984,8568.963935022093,796.9412571858131,3820.3440678474362,5590.879378518611,889.3354257837705,392.7878451124297,-7504.603736588874
-832.8754125162731,302.3749585281576,-1.0910865804580414,-142.73355410301528,-516.0482245105618,1375.2342810218927,-655.057967665568,-611.397604944205,35.57544432809114,173.42228176552985,2262.570287449008,1436.2363458607447,-40.903029854551704,508.0859043323163,1179.3102218673432,1012.2598154076294,478.89705046905664,428.1109826004316,2648.28088194595,1822.7055659411678,1406.784048081055,740.1670298663664,-1273.142464479318,-1533.4752013425843,-1298.5042818972772,579.1023481068673,-179.6736245052798,1186.9372091778516,172.0557615300947,1068.7110902704253,-325.87516781254163,-1128.5656802003211,-461.8618694664272,-727.3996007170767,-1613.7150935098998,-1355.2585023147521,-664.2148291899314,796.9412571858131,75.2978422324573,355.0322021749432,520.1437108692841,81.44065239232876,36.14565289375968,-697.8534739550039
-3988.2104615598023,1451.0933144640023,-10.46052084208255,-683.4322204280442,-2472.014260470244,6599.063325859566,-3142.9751115079666,-2932.245996883285,170.2614532635525,830.0779673505364,10848.88786384914,6895.121713751616,-199.49446625406543,2435.6594814212067,5655.2604461350575,4856.377704757692,2295.595543523873,2048.835903138971,12695.587644274161,8739.583775900941,6746.637514728533,3547.3658508567473,-6102.064393492399,-7351.745739818419,-6227.222408164876,2777.971536541036,-862.5490850168951,5691.8985332684715,825.7104151692976,5125.513008024679,-1561.0581320170447,-5414.3450030509375,-2213.414093261824,-3493.355354772474,-7738.773326047532,-6503.049278308212,-3189.432398994779,3820.3440678474362,355.0322021749432,1703.5460011401344,2492.540805688763,396.9109833081345,175.00822282036003,-3345.9128738001996
-5837.038708328308,2123.6305413284053,-14.807292388780727,-999.9237996667194,-3617.989184541545,9656.539404348436,-4599.261926112523,-4290.840642193051,248.88020532114808,1214.9412648498378,15876.443181372697,10089.11963084744,-291.3672587973632,3564.445446067264,8276.156959853053,7106.910868603786,3359.834117834602,2998.705789851524,18579.094349716022,12788.841865561872,9873.260795074588,5191.5173435555835,-8930.222778166708,-10758.904666749911,-9113.065952104613,4065.5266995505262,-1262.2398185367092,8329.909136192578,1207.9607498142964,7500.998114511066,-2284.350785105145,-7922.894949473602,-3239.178836463288,-5111.505998383984,-11325.056689744537,-9515.986948030692,-4667.2737785443505,5590.879378518611,520.1437108692841,2492.540805688763,3648.063741036086,580.0178721326295,256.434036450165,-4896.2705233170955
-927.4792248116125,338.1481283037544,-3.498542448933334,-158.94623901352304,-575.0886232321361,1537.596824458391,-732.2560552092328,-682.9440751661784,39.62487082573133,192.98462214474878,2526.1171750361245,1607.3036301096529,-47.21446951395908,567.0189843569796,1316.9222470879683,1131.3037812118,534.3324681003392,476.2508800890685,2955.526162843717,2034.996787668231,1571.1097091875442,825.6150211617721,-1420.2872598348108,-1711.6617833704306,-1450.159334523057,647.072539020937,-201.0473153854999,1325.4635843555338,192.43274404279776,1193.6529040788491,-363.21183015802995,-1261.3391081084083,-515.1677924683273,-814.5787283230089,-1802.1924687001035,-1515.1651737200323,-743.5279275524742,889.3354257837705,81.44065239232876,396.9109833081345,580.0178721326295,93.80460670550794,41.06671304934435,-779.1058747106846
-409.7620021111067,149.51812083959442,-1.3348240327050298,-69.98465764009475,-254.1915358764157,678.8262720516184,-323.2673966386894,-301.3618123215632,17.099645504256834,85.34592203526715,1115.573852477335,709.1699488728078,-20.54253553344891,250.40208787867113,581.7523690809783,499.8404093137975,236.4413664131861,210.482797969486,1305.1533823588907,897.7405562255823,694.0883537802946,364.6804796523224,-627.3855815326802,-756.1416152848361,-640.5591844012772,286.1554919850472,-88.879525659290735,585.5688688950172,84.57213786366987,527.4375095701307,-160.1099334820691,-556.7216769197851,-227.39763886422176,-359.5304440114001,-795.8877147231772,-668.7999291342261,-328.58494520219153,392.7878451124297,36.14565289375968,175.00822282036003,256.434036450165,41.06671304934435,18.626245163743736,-343.83164029714357
7834.778641496791,-2850.475653047592,20.26010374185344,1342.3692187769973,4856.158372238641,-12962.325279459543,6173.749365612699,5759.815699848768,-334.52790387223837,-1630.7671827470842,-21311.027476170366,-13543.438038191067,391.73014786939893,-4784.433916038073,-11108.787913706377,-9539.577247358513,-4509.415934772206,-4024.890140025758,-24938.712509925626,-17167.483051160874,-13252.43081312854,-6968.357527369456,11987.055953522251,14441.263065253836,12232.251153400712,-5456.9184827901945,1694.3431701149318,-11181.08601766073,-1621.8194901101117,-10068.386464122232,3066.803370249597,10635.401117775316,4348.177626789263,6861.571074270891,15201.774440071451,12773.790347926913,6264.879025208433,-7504.603736588874,-697.8534739550039,-3345.9128738001996,-4896.2705233170955,-779.1058747106846,-343.83164029714357,6572.722000558901
