V1,V2,V3,V4,V5,V6,V7,V8,V9,V10,V11,V12,V13,V14,V15,V16,V17,V18,V19,V20,V21,V22,V23,V24,V25,V26,V27,V28,V29,V30,V31,V32,V33,V34,V35,V36,V37,V38,V39,V40,V41,V42,V43,V44
0.8237114456746132,0.948648481640008,-0.9479116971647706,-0.3825163959248109,-0.33151939633756355,-1.0998094708475834,0.20157835956943987,-0.23035455713891606,1.4979507491297703,0.5136723076389272,-0.5423447768669553,0.21123500105761875,-0.5040945082158126,0.1319222684363902,0.03582493166861543,0.3120278576703511,-0.34307907483958916,-1.282455239129779,-2.609057673895611,-0.799452226975708,-1.0259360821842598,0.14227121137364745,0.6541675532380945,-1.0881803739933058,-0.5755715133602303,-0.253514091603755,-0.3941331506409974,-0.32357199964168976,0.10651385041319819,0.28536675045520177,-1.3572450235707787,0.9299481144824647,-0.8075588002769861,-0.12716038519857042,-0.5001868246057658,0.06070769230628254,0.4905455781786183,-1.251884349592783,-1.5336342222540822,-0.9915925356431744,0.9563623413444737,1.4056825788943799,1.97079567133256,-0.9279132478456199
0.948648481640008,2.83141548277767,-1.8823510590554333,-1.453791277223149,-1.8607624180508877,-1.883079108289372,0.3633677417839301,-0.4786356731612372,3.169890223355479,1.178325846826688,0.183499047912625,0.9685298756122993,-1.4167465215460062,-0.6153328234440071,0.08254282432934557,1.1433069881712217,-0.4794770008457822,-3.403391349987756,-4.8883850332413665,-1.0667648021001337,-1.3149287673643641,-0.22044774258310942,1.0012336725462059,-3.07631787910709,-2.201354992051055,0.07454535200372633,-1.3498266123573266,-0.8612213880187332,0.2635314511139115,0.6916323204317273,-3.4275122211320936,1.3038864658155571,-1.9406479294258991,-0.8814504016922253,-1.7222784914621647,-0.5553570256642884,0.6796642516297074,-2.6486289922485953,-3.2748265804388272,-2.111332807147826,2.1323548635373517,2.5346343068222392,4.877991993509053,-2.6443076319894083
-0.9479116971647706,-1.8823510590554333,1.8225618814641058,0.8070505651297866,0.83447085445461755,1.5348776684751286,-0.2956435413712986,0.8306238509309074,-2.4327668673611345,-0.7607648490953978,0.18387150157393026,-0.9472985696068488,0.9846025706027898,-0.6071202234445467,-0.2746311804503671,-0.8232175698169466,0.4892420311788078,2.1274604719464425,3.5363757351861285,0.767995852644098,1.2927345275011994,-0.47058835234834645,-0.6369878214683646,2.593043084542396,1.5717967716606922,0.10533345299639096,0.5984039850621499,0.37725374693723196,-0.06031168534984365,-0.8377222149671515,2.456774820013805,-1.1689425139827865,1.4967364833256116,0.2607212804960247,1.3689174836109888,0.16718218279893624,-0.7213795008867769,1.7232177935402055,2.4657475769863737,1.5813043716483914,-1.861166589853424,-2.3526332275546085,-3.2944355979612596,1.7481858307032603
-0.3825163959248109,-1.453791277223149,0.8070505651297866,0.8006040134396811,1.0694183737194307,0.9065404636911114,-0.19837413718962996,0.10490440227603552,-1.5033518916840136,-0.5864107505749179,-0.14985871887979912,-0.3893574712764691,0.7252856916646993,0.5997628494859323,0.06431821259479992,-0.5401582045671766,0.2095632868824815,1.786275447549884,2.4421303616471493,0.5568798077166351,0.5677858509538575,0.3075014034919243,-0.5332677641066614,1.409179955810646,1.0872768623191982,-0.08809652585763225,0.7605452634113329,0.5392165042623164,-0.14669901715427228,-0.22172068212410095,1.692604218089512,-0.5838007730773045,0.9167241868488996,0.5161165853312826,0.7817399119063057,0.3051692106627738,-0.29014869297393936,1.3560545036828737,1.5697282060866666,1.0270742138904205,-0.9527324237742598,-1.0810512909352976,-2.459008903520826,1.3331284127674734
-0.33151939633756355,-1.8607624180508877,0.83447085445461755,1.0694183737194307,1.53154161052563,0.9798875305784152,-0.1862759511658446,-0.006479280831360798,-1.8035559754390973,-0.7665304134024392,-0.429420075046794,-0.4825709210161936,0.8869240420449477,1.0883259609378648,0.06762299023684096,-0.7355429400761176,0.17026622259938431,2.294695270654273,2.8531830170935297,0.5663249200284534,0.5010873793236499,0.5619166442583926,-0.6096163295518062,1.6781773751664644,1.4145835785679246,-0.19902181335115515,1.08205178010326,0.6744951550045482,-0.2420807053708623,-0.2144587519955523,2.109199508620738,-0.585452778898282,1.1231517777978002,0.80881554270593925,1.0175522928151672,0.5390462916650273,-0.2326546226370086,1.6952882697146519,1.894328322570924,1.2237195851569305,-1.08715675004711,-1.1566344999298772,-3.119701167059606,1.7361816149897327
-1.0998094708475834,-1.883079108289372,1.5348776684751286,0.9065404636911114,0.9798875305784152,1.9429683406636196,-0.4882131309409766,0.3066589707854053,-2.377748215426217,-0.7863817631489278,0.7795361105281953,-0.292479636597198,0.9578436879918413,0.24713816157463092,0.22668028806707885,-0.4941636205641007,0.5527703332118583,2.502045588395251,4.5131201147844076,1.3922808240931839,1.5934375402833114,0.1721834321877714,-1.1493055913057972,1.8218143955784614,1.1244215974654699,0.22676884596724878,0.7817450536270512,0.9236681953327918,-0.10935437688468103,-0.2547124741574355,2.3831408898574793,-1.472888371265074,1.3010129432463167,0.24742533067762956,0.7489024128820418,-0.1504804685514855,-0.8148802720934464,2.1670202147464366,2.4650417372580633,1.6865000139807134,-1.4956217857160568,-2.035947988621468,-3.4865825339888237,1.627121868539134
0.20157835956943987,0.3633677417839301,-0.2956435413712986,-0.19837413718962996,-0.1862759511658446,-0.4882131309409766,0.20009116096799667,-0.030527135803221046,0.3632208011026273,0.07590123430298688,-0.3345290744758872,-0.07240677468177083,-0.21058497848998609,-0.098806352375953,-0.22990760229981308,-0.028832938123034193,-0.15697014386111563,-0.5270467614252466,-1.0343281587837967,-0.4304324110741193,-0.3887115764031722,-0.14867891577905537,0.31420857027571913,-0.2251728396715243,-0.12652857136046197,-0.04286037085717813,-0.10762246291037,-0.3594601638008692,-0.044090761032174776,-0.07993951544751537,-0.3987729692693479,0.32792736522858634,-0.1668520559967729,0.0537533379877961,0.04036071079131908,0.19081084529112163,0.22359862772878575,-0.42383890193306617,-0.39706370787184203,-0.32904160016213874,0.21024085079427748,0.2894650909433833,0.5961356629648844,-0.21287289990876454
-0.23035455713891606,-0.4786356731612372,0.8306238509309074,0.10490440227603552,-0.006479280831360798,0.3066589707854053,-0.030527135803221046,0.7083997939230188,-0.7027765239872653,-0.1252165555623509,-0.1321835755811522,-0.6896452622750099,0.2660184771546134,-1.0038219608836778,-0.3732616372325483,-0.37269432117660656,0.15701652474060257,0.28073840961453256,0.4550289037342516,-0.11390743925345212,0.3178638366989076,-0.6698329193001845,0.12363612900001175,1.2576408709945217,0.6673731737748606,-9.28170740894986e-5,-0.10061475513945774,-0.21179578401982385,0.08564421906296271,-0.6286383446903138,0.6919408887217317,-0.2498268828167616,0.5263405239127031,-0.10748103814407622,0.714840152280209,0.07486120518693931,-0.2573487053372441,0.14796330418252138,0.6628569233504198,0.39056362706813214,-0.808340181498237,-0.9566658550689766,-0.6896608330787505,0.4544681724837045
1.4979507491297703,3.169890223355479,-2.4327668673611345,-1.5033518916840136,-1.8035559754390973,-2.377748215426217,0.3632208011026273,-0.7027765239872653,4.060901809420582,1.4979111244732106,-0.08989104016890605,1.1692860533667493,-1.6119195178791021,-0.19616295959735294,0.3268892592298067,1.363791752499961,-0.6639813274727444,-3.8363288407415856,-6.061752769812858,-1.3603617554256273,-1.9016681514313258,0.15879141761282572,1.2390353261013949,-3.7453694458708995,-2.472037018012649,-0.1628226718337916,-1.476339958891915,-0.7515244919563393,0.3598320210340475,1.0325440638678063,-4.11685076683141,1.8136420197979177,-2.4337279345177802,-0.9196404306928198,-2.1209479090447583,-0.5865681470814744,0.9467647041910656,-3.2237032758841835,-4.132139068581102,-2.6159879609776167,2.746687127870533,3.4738257447784466,5.803359296591106,-3.125352237060831
0.5136723076389272,1.178325846826688,-0.7607648490953978,-0.5864107505749179,-0.7665304134024392,-0.7863817631489278,0.07590123430298688,-0.1252165555623509,1.4979111244732106,0.6150152888672226,0.09201242488500795,0.39392741459510616,-0.5783739713111243,-0.32486992096175765,0.14278776695738177,0.5396795885211964,-0.18957828296185267,-1.460485710932071,-2.179914397572381,-0.4536693092326458,-0.59322981315358,-0.05047109860890479,0.4554765614710718,-1.2936269377298761,-0.9143728509909813,-0.03926081169610486,-0.6558501620354221,-0.2538726688421817,0.20216345860311696,0.3378052471774401,-1.5292168031599322,0.6056313557677826,-0.8989007473786145,-0.4762150249798022,-0.8018726828007375,-0.33531399680489055,0.2628514412369302,-1.2404523199446849,-1.5283257405090787,-0.9455105725889896,0.9476549849200521,1.190711893270982,2.208625379293959,-1.2203425339190304
-0.5423447768669553,0.183499047912625,0.18387150157393026,-0.14985871887979912,-0.429420075046794,0.7795361105281953,-0.3345290744758872,-0.1321835755811522,-0.08989104016890605,0.09201242488500795,1.252425578144839,0.6202151954072905,-0.033047222267290385,-0.11450340752907481,0.4914696624782187,0.488902433992687,0.29290228820981656,0.1335261055123552,1.4027781687834917,0.9255055618881959,0.8501481245257402,0.13653771831616093,-0.6259938607826459,-0.602722676067764,-0.638989536403722,0.35879738718409926,-0.2068291051956399,0.49893021713222757,0.11690537977679853,0.40026579838185206,-0.12765205294984036,-0.6795518874092705,-0.1671920312930659,-0.48310337829430705,-0.7371269413387519,-0.7506325533140393,-0.42311332788380124,0.3798512315466512,0.12865360376769217,0.2281549203122407,0.11302400023214015,-0.19646121952539533,0.02816200921452266,-0.3709550175688106
0.21123500105761875,0.9685298756122993,-0.9472985696068488,-0.3893574712764691,-0.4825709210161936,-0.292479636597198,-0.07240677468177083,-0.6896452622750099,1.1692860533667493,0.39392741459510616,0.6202151954072905,0.9895317081983868,-0.4654466059577243,0.6380148150446484,0.5634512662512233,0.7310152704777151,-0.08895098262832296,-0.8116768059161691,-0.7800548468441397,0.251405491748285,-0.18588100010737327,0.5742722201399554,-0.13589625579793008,-1.8036590146580145,-1.1785242586456415,0.12725265402631097,-0.26987925077042,0.2524039555773051,0.060394822316575725,0.8085361025194843,-1.2552656553413284,0.21554132567541268,-0.8714699691230618,-0.3003631312920487,-1.2067213549985176,-0.48923411447428344,0.15186339534900287,-0.50962510189346,-1.1516953067021525,-0.6310304900890512,1.1041973521149009,1.229628951792124,1.5262681728709382,-1.022057218522326
-0.5040945082158126,-1.4167465215460062,0.9846025706027898,0.7252856916646993,0.8869240420449477,0.9578436879918413,-0.21058497848998609,0.2660184771546134,-1.6119195178791021,-0.5783739713111243,-0.033047222267290385,-0.4654466059577243,0.7785057515792141,0.21601201662661773,0.00908943680215307,-0.5373636803387194,0.2907945095350549,1.6919442959259703,2.497187501819322,0.5994727185429152,0.7136891282248378,0.07298120950375254,-0.5127760051206136,1.59041201363449,1.1054914170672707,-0.016590504806114643,0.6615790960464407,0.4509561597908998,-0.10006235425323134,-0.36701589863404704,1.7356234619235313,-0.6451575436941988,0.9792090419922331,0.41371407272561567,0.845989737728319,0.2434936572751239,-0.38058878284978165,1.3128849717371112,1.6602419523105927,1.081861816380905,-1.0998764257745282,-1.3020773648805717,-2.4190739238793326,1.325374037922516
0.1319222684363902,-0.6153328234440071,-0.6071202234445467,0.5997628494859323,1.0883259609378648,0.24713816157463092,-0.098806352375953,-1.0038219608836778,-0.19616295959735294,-0.32486992096175765,-0.11450340752907481,0.6380148150446484,0.21601201662661773,2.203705626088931,0.5937556010963957,0.026063118821048847,-0.11985773336875878,1.1961432950395927,1.2981476149955002,0.5420448358498322,-0.1313185800318019,1.3731624721809834,-0.596557012398665,-0.6535207007114254,0.026646261802674452,-0.1631299714128592,0.8730245777251315,0.7997638515771625,-0.2763832245615795,0.7715981771032258,0.4441149367101144,-0.04740027357402982,0.0018696214400038178,0.6928709980863627,-0.3341405936308446,0.24459732471669682,0.2139688487099507,0.942641499062425,0.3260755470101984,0.2711113179643481,0.4253588714541675,0.5999489461364103,-1.1522534887626446,0.5238123636804813
0.03582493166861543,0.08254282432934557,-0.2746311804503671,0.06431821259479992,0.06762299023684096,0.22668028806707885,-0.22990760229981308,-0.3732616372325483,0.3268892592298067,0.14278776695738177,0.4914696624782187,0.5634512662512233,0.00908943680215307,0.5937556010963957,0.5647519183960029,0.38427578227448417,0.07288512237966882,0.14968408250732537,0.4687737364516929,0.48966231914140634,0.14181700043154213,0.5553897630707423,-0.3336820933961909,-0.7052379382521441,-0.41029761738204756,0.02233896577680495,0.02868636428433061,0.5294332838109752,0.07797472711202835,0.529789224099717,-0.25751807455834186,-0.08293774607744767,-0.3093434519638284,-0.12623658129730736,-0.6440515190108306,-0.36409741950368413,-0.07264888322715066,0.11386745868213559,-0.2677231493900476,-0.04106174076425121,0.4193114121158687,0.49045642870902684,0.20257616850724647,-0.2823754154207979
0.3120278576703511,1.1433069881712217,-0.8232175698169466,-0.5401582045671766,-0.7355429400761176,-0.4941636205641007,-0.028832938123034193,-0.37269432117660656,1.363791752499961,0.5396795885211964,0.488902433992687,0.7310152704777151,-0.5373636803387194,0.026063118821048847,0.38427578227448417,0.7006880039783056,-0.10180270194243977,-1.2086235456831342,-1.446006638266136,-0.03577590525201766,-0.31453207618816487,0.20478211036251806,0.13178728265956813,-1.5902556054044303,-1.1253325753750254,0.08678005301891259,-0.5380703728012333,0.010615217640857185,0.1629323062848596,0.580616399935536,-1.453689500444686,0.36378706013561624,-0.9187524799904514,-0.4769899000365279,-1.0799849842062303,-0.5069436219671597,0.15570052600521808,-0.9104596248109611,-1.3736889235424128,-0.7951718166006377,1.0309412654834822,1.185808835860421,1.9760284335954688,-1.2034201457243567
-0.34307907483958916,-0.4794770008457822,0.4892420311788078,0.2095632868824815,0.17026622259938431,0.5527703332118583,-0.15697014386111563,0.15701652474060257,-0.6639813274727444,-0.18957828296185267,0.29290228820981656,-0.08895098262832296,0.2907945095350549,-0.11985773336875878,0.07288512237966882,-0.10180270194243977,0.19987114481837148,0.6188736141117392,1.2392345932829225,0.41858197500050853,0.5030898257682066,-0.05254495676900362,-0.30544413558846645,0.5585984739796984,0.2952105462974074,0.09403282268564309,0.15020195565866842,0.23355474567550144,0.008584216017665533,-0.11906578828566618,0.6420289435705901,-0.41689879894858833,0.36061194578512695,-0.0027731334816606954,0.19659032947175994,-0.0982697625158583,-0.2756234478323265,0.5465479656570869,0.6779722617952055,0.47397177335199026,-0.45728289740748457,-0.6222580911971559,-0.8793644242229673,0.41128154369543457
-1.282455239129779,-3.403391349987756,2.1274604719464425,1.786275447549884,2.294695270654273,2.502045588395251,-0.5270467614252466,0.28073840961453256,-3.8363288407415856,-1.460485710932071,0.1335261055123552,-0.8116768059161691,1.6919442959259703,1.1961432950395927,0.14968408250732537,-1.2086235456831342,0.6188736141117392,4.3156797731067895,6.493171720073803,1.6517964458758172,1.7845520995280102,0.5949674240239318,-1.509611667091144,3.283153222094438,2.394418815345075,0.0021959364396929915,1.7405280255290052,1.3137294339954648,-0.3609960575644132,-0.5309257765505392,4.109037557548041,-1.768625384336119,2.252114439604524,1.0716485269473417,1.7474312497054,0.5070550757113582,-0.8711661618835994,3.4705609797519137,4.000521021153039,2.6237805462659964,-2.388491963130549,-2.941834785381244,-6.0234319098784574,3.137149590834771
-2.609057673895611,-4.8883850332413665,3.5363757351861285,2.4421303616471493,2.8531830170935297,4.5131201147844076,-1.0343281587837967,0.4550289037342516,-6.061752769812858,-2.179914397572381,1.4027781687834917,-0.7800548468441397,2.497187501819322,1.2981476149955002,0.4687737364516929,-1.446006638266136,1.2392345932829225,6.493171720073803,11.100568724184965,3.288688953025077,3.6094770975804362,0.7024952029355616,-2.8041986764281903,4.598261601420914,3.0443039797010414,0.4437744826855227,2.3560104477458,2.2128807340810766,-0.4623909174152848,-0.6395896488419711,6.149159637975837,-3.393927202925957,3.3617386026283227,1.124896554399689,2.116852642670791,0.10436398362973556,-1.764246900274779,5.58020160445537,6.309648635774134,4.219241521679688,-3.686020442432509,-4.9307253529479675,-9.086665565155048,4.428608203112387
-0.799452226975708,-1.0667648021001337,0.767995852644098,0.5568798077166351,0.5663249200284534,1.3922808240931839,-0.4304324110741193,-0.11390743925345212,-1.3603617554256273,-0.4536693092326458,0.9255055618881959,0.251405491748285,0.5994727185429152,0.5420448358498322,0.48966231914140634,-0.03577590525201766,0.41858197500050853,1.6517964458758172,3.288688953025077,1.2898914785297253,1.179609750208562,0.4401122410102182,-1.0119688476240858,0.6102566402655843,0.3508317284889856,0.23953384207255032,0.5323333384596409,0.8820600202608884,-0.05716934256120832,0.18497900460283329,1.3249893699641269,-1.0468522530652908,0.6271889971906826,0.09774377211395213,0.013575299757206895,-0.33515152338368626,-0.5701109662047712,1.5143663029909578,1.4576220622497291,1.066215683100125,-0.671461284168883,-1.0458274807088082,-2.0886723412624204,0.8426323808299064
-1.0259360821842598,-1.3149287673643641,1.2927345275011994,0.5677858509538575,0.5010873793236499,1.5934375402833114,-0.3887115764031722,0.3178638366989076,-1.9016681514313258,-0.59322981315358,0.8501481245257402,-0.18588100010737327,0.7136891282248378,-0.1313185800318019,0.14181700043154213,-0.31453207618816487,0.5030898257682066,1.7845520995280102,3.6094770975804362,1.179609750208562,1.437821769846143,-0.06251541211739808,-0.928082423878078,1.3882477820631045,0.7368765085483141,0.3040150943622604,0.48472612941412885,0.6397315639010988,-0.058622929654391594,-0.2586036333547501,1.7900248391435882,-1.2683216789595868,1.0097227036492664,0.051183473091127106,0.5212307112792955,-0.24184113634653245,-0.7306695695755447,1.6565453756999367,1.9501673264999668,1.3307635598551317,-1.2174843821156538,-1.7508265981720095,-2.580046446294693,1.159705768892191
0.14227121137364745,-0.22044774258310942,-0.47058835234834645,0.3075014034919243,0.5619166442583926,0.1721834321877714,-0.14867891577905537,-0.6698329193001845,0.15879141761282572,-0.05047109860890479,0.13653771831616093,0.5742722201399554,0.07298120950375254,1.3731624721809834,0.5553897630707423,0.20478211036251806,-0.05254495676900362,0.5949674240239318,0.7024952029355616,0.4401122410102182,-0.06251541211739808,0.9573744804730654,-0.41112667617287885,-0.7126313588107566,-0.20468564062459543,-0.09755994061499958,0.4143890813625875,0.6369669482360402,-0.086219787874327,0.6523197284680308,0.01315572576987879,-0.013045656182298271,-0.1990720024008702,0.26523941526615785,-0.49519297970414267,-0.05503372483877401,0.10193941677518195,0.43947616379342325,-0.06495561407786458,0.04989120208280768,0.4652288665922673,0.612756115255821,-0.36187709426301085,0.06195033046849786
0.6541675532380945,1.0012336725462059,-0.6369878214683646,-0.5332677641066614,-0.6096163295518062,-1.1493055913057972,0.31420857027571913,0.12363612900001175,1.2390353261013949,0.4554765614710718,-0.6259938607826459,-0.13589625579793008,-0.5127760051206136,-0.596557012398665,-0.3336820933961909,0.13178728265956813,-0.30544413558846645,-1.509611667091144,-2.8041986764281903,-1.0119688476240858,-0.928082423878078,-0.41112667617287885,0.8438860843197291,-0.6050747021086049,-0.40532723851910446,-0.16678141372625524,-0.5466936126358471,-0.7176297267194264,0.10567486213945639,-0.12873973579889622,-1.2304350893187164,0.8753108914524204,-0.6031780638605349,-0.19931736023250587,-0.1342497957324547,0.1595789613408743,0.4295838922362244,-1.3632641489628456,-1.3250557944352719,-0.9323051196685922,0.610103225473863,0.9223925353467715,1.959633009069884,-0.8405732626348441
-1.0881803739933058,-3.07631787910709,2.593043084542396,1.409179955810646,1.6781773751664644,1.8218143955784614,-0.2251728396715243,1.2576408709945217,-3.7453694458708995,-1.2936269377298761,-0.602722676067764,-1.8036590146580145,1.59041201363449,-0.6535207007114254,-0.7052379382521441,-1.5902556054044303,0.5585984739796984,3.283153222094438,4.598261601420914,0.6102566402655843,1.3882477820631045,-0.7126313588107566,-0.6050747021086049,4.390317310075617,2.877480910318633,-0.07857630790134673,1.1712834462191475,0.28838942669034534,-0.21250704103871806,-1.5135527127346806,3.9377179274886225,-1.3102713632066367,2.441395661189194,0.8316721427975506,2.598840201138161,0.8259796386523811,-0.8108223394618597,2.4928332133042486,3.762291531284132,2.316568903962322,-2.9304417037921136,-3.4393921086650177,-5.205939748817055,3.0362445601018906
-0.5755715133602303,-2.201354992051055,1.5717967716606922,1.0872768623191982,1.4145835785679246,1.1244215974654699,-0.12652857136046197,0.6673731737748606,-2.472037018012649,-0.9143728509909813,-0.638989536403722,-1.1785242586456415,1.1054914170672707,0.026646261802674452,-0.41029761738204756,-1.1253325753750254,0.2952105462974074,2.394418815345075,3.0443039797010414,0.3508317284889856,0.7368765085483141,-0.20468564062459543,-0.40532723851910446,2.877480910318633,2.0266152977233127,-0.164741060928716,0.9724961896069063,0.28964208630988286,-0.198969056139586,-0.9060094585215459,2.705025000740283,-0.7491747998923555,1.6310348834632737,0.7550824682663705,1.768443120149203,0.7080922303960595,-0.42174662043485023,1.7536545738571294,2.508437053926334,1.540027097595682,-1.8631397812048154,-2.0982059954100647,-3.6618940253556884,2.1612271720255962
-0.253514091603755,0.07454535200372633,0.10533345299639096,-0.08809652585763225,-0.19902181335115515,0.22676884596724878,-0.04286037085717813,-9.28170740894986e-5,-0.1628226718337916,-0.03926081169610486,0.35879738718409926,0.12725265402631097,-0.016590504806114643,-0.1631299714128592,0.02233896577680495,0.08678005301891259,0.09403282268564309,0.0021959364396929915,0.4437744826855227,0.23953384207255032,0.3040150943622604,-0.09755994061499958,-0.16678141372625524,-0.07857630790134673,-0.164741060928716,0.16536122639328862,-0.054665455739343456,0.021117677304080894,-0.006606600112153911,0.013814226030891238,0.0298719552298859,-0.247476058392264,0.03217207695959954,-0.1177187063518143,-0.11145908319329052,-0.16396531006984663,-0.13638979927723402,0.15066672177065654,0.15146959242936073,0.10888142408225597,-0.06422122677786217,-0.21969464222391005,-0.0655641859663066,-0.04345166938757967
-0.3941331506409974,-1.3498266123573266,0.5984039850621499,0.7605452634113329,1.08205178010326,0.7817450536270512,-0.10762246291037,-0.10061475513945774,-1.476339958891915,-0.6558501620354221,-0.2068291051956399,-0.26987925077042,0.6615790960464407,0.8730245777251315,0.02868636428433061,-0.5380703728012333,0.15020195565866842,1.7405280255290052,2.3560104477458,0.5323333384596409,0.48472612941412885,0.4143890813625875,-0.5466936126358471,1.1712834462191475,0.9724961896069063,-0.054665455739343456,0.8694090598021799,0.46801819586788423,-0.24100769204535713,-0.1499215639837531,1.617817809863942,-0.5282127556487406,0.8758941709266471,0.6544489886383532,0.734418397545004,0.41714316011176533,-0.186841010830607,1.3984329476981403,1.5412947368145935,0.974562022384684,-0.824358400241204,-0.9642743071605603,-2.43567247758276,1.3414809937494856
-0.32357199964168976,-0.8612213880187332,0.37725374693723196,0.5392165042623164,0.6744951550045482,0.9236681953327918,-0.3594601638008692,-0.21179578401982385,-0.7515244919563393,-0.2538726688421817,0.49893021713222757,0.2524039555773051,0.4509561597908998,0.7997638515771625,0.5294332838109752,0.010615217640857185,0.23355474567550144,1.3137294339954648,2.2128807340810766,0.8820600202608884,0.6397315639010988,0.6369669482360402,-0.7176297267194264,0.28838942669034534,0.28964208630988286,0.021117677304080894,0.46801819586788423,0.8490266466012503,-0.01581028520927118,0.3269506481988309,0.8880256105285567,-0.5982570589624149,0.33898679709935836,0.13709641442309806,-0.09662558440204523,-0.22329720481818183,-0.3240671534834843,1.0429219356497437,0.8482800856692314,0.6794394030760224,-0.2932031320339611,-0.395864248250799,-1.4644136074421306,0.5827761811403624
0.10651385041319819,0.2635314511139115,-0.06031168534984365,-0.14669901715427228,-0.2420807053708623,-0.10935437688468103,-0.044090761032174776,0.08564421906296271,0.3598320210340475,0.20216345860311696,0.11690537977679853,0.060394822316575725,-0.10006235425323134,-0.2763832245615795,0.07797472711202835,0.1629323062848596,0.008584216017665533,-0.3609960575644132,-0.4623909174152848,-0.05716934256120832,-0.058622929654391594,-0.086219787874327,0.10567486213945639,-0.21250704103871806,-0.198969056139586,-0.006606600112153911,-0.24100769204535713,-0.01581028520927118,0.1165417258306423,0.048510934830756455,-0.35565093230129935,0.10606996494350708,-0.2132330254781937,-0.22397113099113036,-0.2076651960053008,-0.18137346676805216,-0.013229212985867439,-0.339362942678083,-0.3678953581755701,-0.20119157040313404,0.16698325295246574,0.22079761435998985,0.5725694442014658,-0.3343677132477391
0.28536675045520177,0.6916323204317273,-0.8377222149671515,-0.22172068212410095,-0.2144587519955523,-0.2547124741574355,-0.07993951544751537,-0.6286383446903138,1.0325440638678063,0.3378052471774401,0.40026579838185206,0.8085361025194843,-0.36701589863404704,0.7715981771032258,0.529789224099717,0.580616399935536,-0.11906578828566618,-0.5309257765505392,-0.6395896488419711,0.18497900460283329,-0.2586036333547501,0.6523197284680308,-0.12873973579889622,-1.5135527127346806,-0.9060094585215459,0.013814226030891238,-0.1499215639837531,0.3269506481988309,0.048510934830756455,0.7567585244010334,-1.01373101093656,0.22868908276790587,-0.7444022743374817,-0.1801640378830582,-1.0078909669118334,-0.36699591406562965,0.17670957550277705,-0.3891338512831385,-0.988402443276697,-0.5373982274012379,0.9761272335530411,1.1457122089715066,1.1700125122038378,-0.8079004879017574
-1.3572450235707787,-3.4275122211320936,2.456774820013805,1.692604218089512,2.109199508620738,2.3831408898574793,-0.3987729692693479,0.6919408887217317,-4.11685076683141,-1.5292168031599322,-0.12765205294984036,-1.2552656553413284,1.7356234619235313,0.4441149367101144,-0.25751807455834186,-1.453689500444686,0.6420289435705901,4.109037557548041,6.149159637975837,1.3249893699641269,1.7900248391435882,0.01315572576987879,-1.2304350893187164,3.9377179274886225,2.705025000740283,0.0298719552298859,1.617817809863942,0.8880256105285567,-0.35565093230129935,-1.01373101093656,4.3159185169371534,-1.7310543776493816,2.507720191924933,1.046271169480239,2.236652938161017,0.69117916742161,-0.911770564707193,3.3115975984264865,4.209269276653152,2.6826946890389216,-2.7949581711577842,-3.413008892956858,-6.077348988521722,3.3113926443312987
0.9299481144824647,1.3038864658155571,-1.1689425139827865,-0.5838007730773045,-0.585452778898282,-1.472888371265074,0.32792736522858634,-0.2498268828167616,1.8136420197979177,0.6056313557677826,-0.6795518874092705,0.21554132567541268,-0.6451575436941988,-0.04740027357402982,-0.08293774607744767,0.36378706013561624,-0.41689879894858833,-1.768625384336119,-3.393927202925957,-1.0468522530652908,-1.2683216789595868,-0.013045656182298271,0.8753108914524204,-1.3102713632066367,-0.7491747998923555,-0.247476058392264,-0.5282127556487406,-0.5982570589624149,0.10606996494350708,0.22868908276790587,-1.7310543776493816,1.18585118947819,-0.9778831037307782,-0.13989465638093357,-0.5523084998070931,0.1406911325103601,0.6277436054864599,-1.6212344162081698,-1.8702487716497718,-1.2557875517969213,1.135396118320339,1.6293651720293065,2.5530161333521146,-1.1644012372187824
-0.8075588002769861,-1.9406479294258991,1.4967364833256116,0.9167241868488996,1.1231517777978002,1.3010129432463167,-0.1668520559967729,0.5263405239127031,-2.4337279345177802,-0.8989007473786145,-0.1671920312930659,-0.8714699691230618,0.9792090419922331,0.0018696214400038178,-0.3093434519638284,-0.9187524799904514,0.36061194578512695,2.252114439604524,3.3617386026283227,0.6271889971906826,1.0097227036492664,-0.1990720024008702,-0.6031780638605349,2.441395661189194,1.6310348834632737,0.03217207695959954,0.8758941709266471,0.33898679709935836,-0.2132330254781937,-0.7444022743374817,2.507720191924933,-0.9778831037307782,1.5119056733080718,0.5940028826526226,1.4433253398515529,0.46716192195468037,-0.5188724279223965,1.830382422312186,2.465649555742635,1.5368974200541843,-1.7202325295015641,-2.1094384678404676,-3.4686263973824825,1.9356099689086959
-0.12716038519857042,-0.8814504016922253,0.2607212804960247,0.5161165853312826,0.80881554270593925,0.24742533067762956,0.0537533379877961,-0.10748103814407622,-0.9196404306928198,-0.4762150249798022,-0.48310337829430705,-0.3003631312920487,0.41371407272561567,0.6928709980863627,-0.12623658129730736,-0.4769899000365279,-0.0027731334816606954,1.0716485269473417,1.124896554399689,0.09774377211395213,0.051183473091127106,0.26523941526615785,-0.19931736023250587,0.8316721427975506,0.7550824682663705,-0.1177187063518143,0.6544489886383532,0.13709641442309806,-0.22397113099113036,-0.1801640378830582,1.046271169480239,-0.13989465638093357,0.5940028826526226,0.6104756373237414,0.6508971872763096,0.5153441034589185,0.03388086868291187,0.8223210190710476,0.9600590206004411,0.5485599467242761,-0.5165017809726873,-0.5371526157972868,-1.573483365157469,0.9667271815663242
-0.5001868246057658,-1.7222784914621647,1.3689174836109888,0.7817399119063057,1.0175522928151672,0.7489024128820418,0.04036071079131908,0.714840152280209,-2.1209479090447583,-0.8018726828007375,-0.7371269413387519,-1.2067213549985176,0.845989737728319,-0.3341405936308446,-0.6440515190108306,-1.0799849842062303,0.19659032947175994,1.7474312497054,2.116852642670791,0.013575299757206895,0.5212307112792955,-0.49519297970414267,-0.1342497957324547,2.598840201138161,1.768443120149203,-0.11145908319329052,0.734418397545004,-0.09662558440204523,-0.2076651960053008,-1.0078909669118334,2.236652938161017,-0.5523084998070931,1.4433253398515529,0.6508971872763096,1.724979561603784,0.748370760579553,-0.29137837534603356,1.3043520937679962,2.109995829920103,1.2248118358672284,-1.6807901918593455,-1.9262320137190416,-2.9416966805834877,1.829408187438487
0.06070769230628254,-0.5553570256642884,0.16718218279893624,0.3051692106627738,0.5390462916650273,-0.1504804685514855,0.19081084529112163,0.07486120518693931,-0.5865681470814744,-0.33531399680489055,-0.7506325533140393,-0.48923411447428344,0.2434936572751239,0.24459732471669682,-0.36409741950368413,-0.5069436219671597,-0.0982697625158583,0.5070550757113582,0.10436398362973556,-0.33515152338368626,-0.24184113634653245,-0.05503372483877401,0.1595789613408743,0.8259796386523811,0.7080922303960595,-0.16396531006984663,0.41714316011176533,-0.22329720481818183,-0.18137346676805216,-0.36699591406562965,0.69117916742161,0.1406911325103601,0.46716192195468037,0.5153441034589185,0.748370760579553,0.6047214931616623,0.15683797687145393,0.32031364853856703,0.5810460354662025,0.25564190500126543,-0.43847022130236046,-0.38658351273702024,-0.9359385691470122,0.7233355818146918
0.4905455781786183,0.6796642516297074,-0.7213795008867769,-0.29014869297393936,-0.2326546226370086,-0.8148802720934464,0.22359862772878575,-0.2573487053372441,0.9467647041910656,0.2628514412369302,-0.42311332788380124,0.15186339534900287,-0.38058878284978165,0.2139688487099507,-0.07264888322715066,0.15570052600521808,-0.2756234478323265,-0.8711661618835994,-1.764246900274779,-0.5701109662047712,-0.7306695695755447,0.10193941677518195,0.4295838922362244,-0.8108223394618597,-0.42174662043485023,-0.13638979927723402,-0.186841010830607,-0.3240671534834843,-0.013229212985867439,0.17670957550277705,-0.911770564707193,0.6277436054864599,-0.5188724279223965,0.03388086868291187,-0.29137837534603356,0.15683797687145393,0.4065314924787272,-0.77405707267407,-0.9608797525425834,-0.6706608537229063,0.6653972156905519,0.9099250987946522,1.2540345560478388,-0.5706762995921998
-1.251884349592783,-2.6486289922485953,1.7232177935402055,1.3560545036828737,1.6952882697146519,2.1670202147464366,-0.42383890193306617,0.14796330418252138,-3.2237032758841835,-1.2404523199446849,0.3798512315466512,-0.50962510189346,1.3128849717371112,0.942641499062425,0.11386745868213559,-0.9104596248109611,0.5465479656570869,3.4705609797519137,5.58020160445537,1.5143663029909578,1.6565453756999367,0.43947616379342325,-1.3632641489628456,2.4928332133042486,1.7536545738571294,0.15066672177065654,1.3984329476981403,1.0429219356497437,-0.339362942678083,-0.3891338512831385,3.3115975984264865,-1.6212344162081698,1.830382422312186,0.8223210190710476,1.3043520937679962,0.32031364853856703,-0.77405707267407,2.951499677774372,3.3479861740457006,2.186224876740403,-1.933079016192831,-2.516275787143866,-4.9191582604396835,2.498810792776233
-1.5336342222540822,-3.2748265804388272,2.4657475769863737,1.5697282060866666,1.894328322570924,2.4650417372580633,-0.39706370787184203,0.6628569233504198,-4.132139068581102,-1.5283257405090787,0.12865360376769217,-1.1516953067021525,1.6602419523105927,0.3260755470101984,-0.2677231493900476,-1.3736889235424128,0.6779722617952055,4.000521021153039,6.309648635774134,1.4576220622497291,1.9501673264999668,-0.06495561407786458,-1.3250557944352719,3.762291531284132,2.508437053926334,0.15146959242936073,1.5412947368145935,0.8482800856692314,-0.3678953581755701,-0.988402443276697,4.209269276653152,-1.8702487716497718,2.465649555742635,0.9600590206004411,2.109995829920103,0.5810460354662025,-0.9608797525425834,3.3479861740457006,4.233145866406962,2.68557499421205,-2.764902775455292,-3.510560344372699,-5.981768560702007,3.192110703345137
-0.9915925356431744,-2.111332807147826,1.5813043716483914,1.0270742138904205,1.2237195851569305,1.6865000139807134,-0.32904160016213874,0.39056362706813214,-2.6159879609776167,-0.9455105725889896,0.2281549203122407,-0.6310304900890512,1.081861816380905,0.2711113179643481,-0.04106174076425121,-0.7951718166006377,0.47397177335199026,2.6237805462659964,4.219241521679688,1.066215683100125,1.3307635598551317,0.04989120208280768,-0.9323051196685922,2.316568903962322,1.540027097595682,0.10888142408225597,0.974562022384684,0.6794394030760224,-0.20119157040313404,-0.5373982274012379,2.6826946890389216,-1.2557875517969213,1.5368974200541843,0.5485599467242761,1.2248118358672284,0.25564190500126543,-0.6706608537229063,2.186224876740403,2.68557499421205,1.7473440899916317,-1.7261178108395934,-2.194560200275616,-3.822586970700391,1.9968481427113138
0.9563623413444737,2.1323548635373517,-1.861166589853424,-0.9527324237742598,-1.08715675004711,-1.4956217857160568,0.21024085079427748,-0.808340181498237,2.746687127870533,0.9476549849200521,0.11302400023214015,1.1041973521149009,-1.0998764257745282,0.4253588714541675,0.4193114121158687,1.0309412654834822,-0.45728289740748457,-2.388491963130549,-3.686020442432509,-0.671461284168883,-1.2174843821156538,0.4652288665922673,0.610103225473863,-2.9304417037921136,-1.8631397812048154,-0.06422122677786217,-0.824358400241204,-0.2932031320339611,0.16698325295246574,0.9761272335530411,-2.7949581711577842,1.135396118320339,-1.7202325295015641,-0.5165017809726873,-1.6807901918593455,-0.43847022130236046,0.6653972156905519,-1.933079016192831,-2.764902775455292,-1.7261178108395934,2.0569069167540133,2.530904665362519,3.7655827476290047,-2.104070932932822
1.4056825788943799,2.5346343068222392,-2.3526332275546085,-1.0810512909352976,-1.1566344999298772,-2.035947988621468,0.2894650909433833,-0.9566658550689766,3.4738257447784466,1.190711893270982,-0.19646121952539533,1.229628951792124,-1.3020773648805717,0.5999489461364103,0.49045642870902684,1.185808835860421,-0.6222580911971559,-2.941834785381244,-4.9307253529479675,-1.0458274807088082,-1.7508265981720095,0.612756115255821,0.9223925353467715,-3.4393921086650177,-2.0982059954100647,-0.21969464222391005,-0.9642743071605603,-0.395864248250799,0.22079761435998985,1.1457122089715066,-3.413008892956858,1.6293651720293065,-2.1094384678404676,-0.5371526157972868,-1.9262320137190416,-0.38658351273702024,0.9099250987946522,-2.516275787143866,-3.510560344372699,-2.194560200275616,2.530904665362519,3.276149599606998,4.671749454425309,-2.5094969671988205
1.97079567133256,4.877991993509053,-3.2944355979612596,-2.459008903520826,-3.119701167059606,-3.4865825339888237,0.5961356629648844,-0.6896608330787505,5.803359296591106,2.208625379293959,0.02816200921452266,1.5262681728709382,-2.4190739238793326,-1.1522534887626446,0.20257616850724647,1.9760284335954688,-0.8793644242229673,-6.0234319098784574,-9.086665565155048,-2.0886723412624204,-2.580046446294693,-0.36187709426301085,1.959633009069884,-5.205939748817055,-3.6618940253556884,-0.0655641859663066,-2.43567247758276,-1.4644136074421306,0.5725694442014658,1.1700125122038378,-6.077348988521722,2.5530161333521146,-3.4686263973824825,-1.573483365157469,-2.9416966805834877,-0.9359385691470122,1.2540345560478388,-4.9191582604396835,-5.981768560702007,-3.822586970700391,3.7655827476290047,4.671749454425309,8.765189420105942,-4.675769102882139
-0.9279132478456199,-2.6443076319894083,1.7481858307032603,1.3331284127674734,1.7361816149897327,1.627121868539134,-0.21287289990876454,0.4544681724837045,-3.125352237060831,-1.2203425339190304,-0.3709550175688106,-1.022057218522326,1.325374037922516,0.5238123636804813,-0.2823754154207979,-1.2034201457243567,0.41128154369543457,3.137149590834771,4.428608203112387,0.8426323808299064,1.159705768892191,0.06195033046849786,-0.8405732626348441,3.0362445601018906,2.1612271720255962,-0.04345166938757967,1.3414809937494856,0.5827761811403624,-0.3343677132477391,-0.8079004879017574,3.3113926443312987,-1.1644012372187824,1.9356099689086959,0.9667271815663242,1.829408187438487,0.7233355818146918,-0.5706762995921998,2.498810792776233,3.192110703345137,1.9968481427113138,-2.104070932932822,-2.5094969671988205,-4.675769102882139,2.6268270381445475
