V1,V2,V3,V4,V5,V6,V7,V8,V9,V10,V11,V12,V13,V14,V15,V16,V17,V18,V19,V20,V21,V22,V23,V24,V25,V26,V27,V28,V29,V30,V31,V32,V33,V34,V35,V36,V37,V38,V39,V40,V41,V42,V43
0.6814560787504803,0.8912030202082065,0.42104892434309543,-0.7051261219140736,-0.22292354417377266,0.6315557566464164,-0.8431120855815342,-1.033749703071399,-1.1110275091870254,-1.0219784704392094,0.1328180072809275,0.5412414940465045,-0.7997977660100328,-0.18940457893636292,-0.17851503016439868,-0.31959296648439955,0.4307979499412579,1.0615889938262904,-0.3333347924189686,-0.10955684616125823,-0.8470098024177521,-0.24578344670134067,0.7069645513791804,-0.9950426455170912,-0.25169835080773156,-1.302363845394599,-1.4170156619644947,0.5395890715538482,-0.2173780780774958,0.05890651879027791,0.4092279432495934,-0.33660908829866204,-0.09972975702364725,-1.1713865529049918,1.3869483793425739,0.34256367191400955,-0.2741438651311334,1.1102465068111846,-1.1241838507676922,-1.031789142212183,0.3399980354635534,-0.8164895856620165,0.15207515367615665
0.8912030202082065,1.4281283982237067,0.20245113011940222,-0.25205478870821957,0.9990714249930819,1.3718734430349147,-1.3677505901942506,-2.622183664531663,-2.3294493589652863,-2.6772611552603243,0.9002529827473353,0.6898531452727032,-1.637507339041805,-0.504168694287157,-0.38131103470995875,-0.39545408146554256,0.24670094036510032,2.3498941437914107,-0.1927853151054561,-0.9194434819621239,-2.310055265133976,-0.7632439727042033,1.6015017734393782,-1.3410643316474786,-1.0698357313694382,-2.357864912513155,-2.7881870868162237,1.0077098649774001,-0.2906489425728021,-0.9293081717618631,0.21910788866740585,-0.2932271137942153,-0.146694481299611,-2.2901471908707394,2.9448736460927987,0.43865360070192344,-2.2486824941579684,1.4742599957068243,-1.3763458687248873,-2.0033133433934767,0.734811036184374,-1.0498879928016434,0.13825348219742303
0.42104892434309543,0.20245113011940222,0.7262544903652767,-1.3266140066250909,-1.8620978670067,-0.33013708430585414,-0.1770182211299118,1.0550241700696843,0.47933548996145897,1.1525810618085273,-0.8927391861215078,0.3670838748161447,0.2931031489533946,0.2282992712775456,0.08998170512224883,-0.22785388485296953,0.6976589742214205,-0.6242694885959476,-0.5317442639200531,0.9754656645741897,1.0763138286452776,0.43597010342184905,-0.461270923870552,-0.5754239223347014,0.8278339556493752,0.06180309819627342,0.3669467036697993,-0.0633578103784316,-0.12817478175728975,1.384671000055872,0.684214052352076,-0.4059602038834166,-0.03558509274963286,0.2803561993120907,-0.6436436926886073,0.2280370913388176,2.3526311952762593,0.6704082446196862,-0.8289676848246961,0.22849000088036628,-0.16962137992535536,-0.5359731269030094,0.17287619725577122
-0.7051261219140736,-0.25205478870821957,-1.3266140066250909,2.447924614345779,3.536645320587827,0.7542651670376436,0.18318254408459425,-2.1866981383169146,-1.1023775496064214,-2.3792279623750727,1.71843296529319,-0.6044001597374153,-0.6953212437103505,-0.4600264990383018,-0.1895545156343517,0.3991589757188711,-1.2410620628425495,1.365303661958752,0.9750797566004478,-1.8701265098729476,-2.210767559442479,-0.8716292962652493,1.0045966484503042,0.9110232240117502,-1.6410456511943872,-0.32963129838607064,-0.9330363921070336,0.21830000776320102,0.20372092590252644,-2.6298994592208995,-1.2263495190026412,0.7228161805547269,0.06651944440737931,-0.7499316871609857,1.4717445375032912,-0.3723409553292707,-4.561399985476985,-1.0821665919565748,1.3996064449968577,-0.6115630422651821,0.39813879025944676,0.8835206294581942,-0.315096513920755
-0.22292354417377266,0.9990714249930819,-1.8620978670067,3.536645320587827,6.464237995042206,2.480964051067603,-1.0190672100112697,-5.949399595318444,-3.972806922642118,-6.288857870733586,3.5646485569997326,-0.2912540022330705,-2.6707470422633546,-1.2163577091608693,-0.6768230399063088,0.23034896849698758,-1.7150350063892528,4.4038497075191785,1.323356227403662,-3.8238025606547748,-5.668097631271948,-2.092023700554161,3.106861975968258,0.14934984763355327,-3.57372059308781,-2.7940784504844913,-4.155869683009441,1.3028480423016624,0.041112895385537813,-5.006163539115262,-1.7188997272655682,0.842133298827989,-0.05790742404823317,-3.3739896700480716,5.129351584920323,-0.16432255317350886,-9.26676498486869,-0.28285639932600654,0.8523972053071779,-2.8842541839266413,1.3092570213273265,0.36938515620127094,-0.3448903630704583
0.6315557566464164,1.3718734430349147,-0.33013708430585414,0.7542651670376436,2.480964051067603,1.7630883758792948,-1.379060244021318,-3.6178507588660493,-2.88355655091311,-3.7600732693944607,1.6166235046528783,0.48457162779616153,-1.999472839494093,-0.7026360411971536,-0.45684962764462805,-0.22242109974297106,-0.20384293455410574,2.9974494569208336,0.21363784895053686,-1.6953889538675193,-3.3212629665328017,-1.1374773704348309,2.083332166412031,-1.0738736471598804,-1.7990234124617386,-2.5876299788410706,-3.2856212482146283,1.1497154774956109,-0.23153547441930386,-2.0125557521326605,-0.24476476662844734,-0.01332325271619566,-0.1066165051806787,-2.7338074220567012,3.6861542032530332,0.320174372707012,-4.205905380182583,1.1272165558876455,-0.8747166762140911,-2.3437731663364683,0.9513418377720029,-0.7523116325312966,0.005194208512436642
-0.8431120855815342,-1.3677505901942506,-0.1770182211299118,0.18318254408459425,-1.0190672100112697,-1.379060244021318,1.3649317837119397,2.5710206353816276,2.28755470866854,2.637600552198549,-0.869338024676101,-0.6808546161379597,1.6121594363872371,0.48185436321946884,0.34997157643669585,0.34639321898895115,-0.2798940020638526,-2.2937562886926597,0.15308404921252294,0.885367256359557,2.293275581550623,0.7396994742096438,-1.5784949645941464,1.3535655625839955,1.084003037542158,2.2935090010121004,2.722893908531689,-0.9980829199968424,0.29451274988591775,0.9043694876386001,-0.23249236977707258,0.2782156216187515,0.1154068974892681,2.287508866933451,-2.90656142386145,-0.440612202784008,2.2545128380220545,-1.4619569700680999,1.3337562080922705,1.9660009581402795,-0.7518214170963728,1.0326101829833862,-0.11554782669151654
-1.033749703071399,-2.622183664531663,1.0550241700696843,-2.1866981383169146,-5.949399595318444,-3.6178507588660493,2.5710206353816276,7.761902287593636,5.964292876433377,8.07592588099721,-3.745932668837124,-0.7162334455969877,4.109915080124384,1.5429101257035298,0.9878341603887641,0.35084034522652924,0.8733759632413511,-6.290193766931871,-0.6940971954609071,3.956263784021895,7.147657228171869,2.5056892816920397,-4.3651913755824765,1.7096789427291732,3.9888141973040745,5.151959302976502,6.706520242762598,-2.2823844887500044,0.36549617002039797,4.807386548896609,0.9255375876127119,-0.20763237638059845,0.23451090556792473,5.502745659112694,-7.615320766309534,-0.475798371722955,9.627920651197002,-1.7842512776562645,1.2410516443694053,4.745803812468616,-1.9253899172186175,1.1509977619691518,0.06233182130423787
-1.1110275091870254,-2.3294493589652863,0.47933548996145897,-1.1023775496064214,-3.972806922642118,-2.88355655091311,2.28755470866854,5.964292876433377,4.7760389559247995,6.177570430179201,-2.652067614816246,-0.8209274418584527,3.3137722957567157,1.1711901308619783,0.7779205384837795,0.4174648054777183,0.3248162148896656,-4.964325940548618,-0.29039831278768485,2.781660307876986,5.439851214199117,1.8679105298462348,-3.4331191489459147,1.7929633893042154,2.909571129046571,4.323550912010169,5.465715981816072,-1.899798525732474,0.38669701164848175,3.268328149630551,0.3825594257873407,0.05687269978550582,0.21082142828979308,4.511084746307924,-6.084206680564822,-0.5384322928314812,6.807787917496463,-1.904712230603009,1.5270309496454488,3.8887042903292848,-1.541975982087187,1.2865947093696497,-0.041437389596567696
-1.0219784704392094,-2.6772611552603243,1.1525810618085273,-2.3792279623750727,-6.288857870733586,-3.7600732693944607,2.637600552198549,8.07592588099721,6.177570430179201,8.413912398996139,-3.924989553320656,-0.7130943102858774,4.2521835971973445,1.6023428824306551,1.01962295604801,0.33933885572721223,0.9524690974550645,-6.525923138301752,-0.7633347975695997,4.146850717678836,7.452532203308662,2.6194814474432864,-4.535081553867675,1.719657829713725,4.18348603890489,5.307797810698572,6.930704412950854,-2.359399242468506,0.36667634213092537,5.0634858148590025,1.003409389276359,-0.2486482910910262,0.22984988074995955,5.688170049471264,-7.89715336046516,-0.47335435022332467,10.11748453801276,-1.7873404801364206,1.2066088193729834,4.906299444459613,-2.0050017612285442,1.1412602818004007,0.08435615289870774
0.1328180072809275,0.9002529827473353,-0.8927391861215078,1.71843296529319,3.5646485569997326,1.6166235046528783,-0.869338024676101,-3.745932668837124,-2.652067614816246,-3.924989553320656,2.0772237280937493,0.022985987499218433,-1.8020811524410971,-0.7651717103941391,-0.45836525513364745,0.00141351382655123,-0.8319566054289751,2.881775364026261,0.6157001210152999,-2.2173625030141197,-3.5051700611477514,-1.2733334938115544,2.0107528115296076,-0.25579807599341914,-2.0996967995282843,-2.0581555976563806,-2.871576800050384,0.9259734191748904,-0.051013841086343416,-2.819343477414656,-0.837255935895799,0.35333176926051335,-0.0844322128625798,-2.321881089088207,3.396951170387077,0.024374512417461497,-5.328365984471106,0.22925949893609324,0.07241744420647386,-2.003822217921439,0.8481043700900338,-0.08236840913309601,-0.13004105041259917
0.5412414940465045,0.6898531452727032,0.3670838748161447,-0.6044001597374153,-0.2912540022330705,0.48457162779616153,-0.6808546161379597,-0.7162334455969877,-0.8209274418584527,-0.7130943102858774,0.022985987499218433,0.4584944613896482,-0.5933437187796732,-0.11831910506906845,-0.11819237532860123,-0.25120427766502645,0.4029043522399389,0.7697451772784253,-0.28377230271669013,0.004712511293376205,-0.5877805316225023,-0.16110375495970855,0.5191141690597926,-0.8353360361090826,-0.15318844478503268,-0.9982725547399056,-1.0608435259436577,0.4226984958272827,-0.18186792218021594,0.15382199361041854,0.38346130213160917,-0.2875489222168377,-0.05997375041268368,-0.8952549167039274,1.0355154805848232,0.28881136849523614,-0.06015720085361796,0.9251837617983882,-0.927443006686931,-0.7848014909100074,0.27154667862905046,-0.6754993340197368,0.11726670052515258
-0.7997977660100328,-1.637507339041805,0.2931031489533946,-0.6953212437103505,-2.6707470422633546,-1.999472839494093,1.6121594363872371,4.109915080124384,3.3137722957567157,4.2521835971973445,-1.8020811524410971,-0.5933437187796732,2.303288156051381,0.805780242124439,0.5365065307639815,0.2986376099709806,0.1805297256034381,-3.43356875114442,-0.17634933451938997,1.888114073512949,3.7436699783321616,1.2766260547379535,-2.373662108843897,1.2918942026761766,1.9882052066980656,3.0169446094662096,3.800720069240679,-1.324436858815207,0.2794311238640555,2.202481754173913,0.2268079758922786,0.06265465313014494,0.14851418572880634,3.146885292466393,-4.218632458636271,-0.3909019059285749,4.625870026459779,-1.371786575307927,1.1151267583686473,2.7055112631784177,-1.0698598106918966,0.9318036526025723,-0.03838469178044667
-0.18940457893636292,-0.504168694287157,0.2282992712775456,-0.4600264990383018,-1.2163577091608693,-0.7026360411971536,0.48185436321946884,1.5429101257035298,1.1711901308619783,1.6023428824306551,-0.7651717103941391,-0.11831910506906845,0.805780242124439,0.3116663922868451,0.2001650580486194,0.06499380867517879,0.2058860742166991,-1.241657575992385,-0.14933386148774577,0.8105394094464916,1.4176940895473418,0.5008869609617141,-0.8585686147860209,0.2957062409072764,0.7951418047256971,0.9989504554402124,1.3122660440425487,-0.43891054315898875,0.06314777278049556,0.9873449311848665,0.21356546675427937,-0.055471431442375436,0.052154033828538914,1.0672394064200756,-1.4910582680674993,-0.07926874942952872,1.9446416490382188,-0.3096023747130941,0.20697719102970774,0.923591190684365,-0.3694559228798175,0.19804351054081412,0.013579448192382198
-0.17851503016439868,-0.38131103470995875,0.08998170512224883,-0.1895545156343517,-0.6768230399063088,-0.45684962764462805,0.34997157643669585,0.9878341603887641,0.7779205384837795,1.01962295604801,-0.45836525513364745,-0.11819237532860123,0.5365065307639815,0.2001650580486194,0.13817367477307196,0.07858235836561836,0.09116657249956805,-0.819064898408114,-0.04694709790417377,0.482985805652865,0.8919109404132226,0.3169578219015029,-0.560401931562256,0.2515619690136402,0.4760029405004977,0.7025207372901546,0.8913430547878786,-0.30173996282778237,0.053592347951241195,0.5697361817549602,0.09054535676373275,6.858012075164645e-4,0.045185600185416,0.7115699960246792,-0.9857180899739983,-0.07444148434853368,1.1413930273853468,-0.27659290279916227,0.2255441698243414,0.6290273883553142,-0.23822034549291263,0.18775816105153165,-0.010078680414529952
-0.31959296648439955,-0.39545408146554256,-0.22785388485296953,0.3991589757188711,0.23034896849698758,-0.22242109974297106,0.34639321898895115,0.35084034522652924,0.4174648054777183,0.33933885572721223,0.00141351382655123,-0.25120427766502645,0.2986376099709806,0.06499380867517879,0.07858235836561836,0.17348277010345006,-0.19946680517691895,-0.3994533789674385,0.19269664092886327,-0.016666373113242573,0.2614000457786573,0.0839637675864736,-0.25732592254699305,0.42600838339212893,0.03407162552037387,0.5418141402866414,0.5590515298456562,-0.21557419124350147,0.0914572039374569,-0.11026308902064927,-0.20785614283431736,0.16959650061971368,0.05299136529629017,0.4290758929242716,-0.516472045249085,-0.15034532137300502,-0.06533440993593678,-0.49497061762291694,0.5238978826183148,0.408505803975862,-0.11654213612402584,0.3681715439010282,-0.08079040931330744
0.4307979499412579,0.24670094036510032,0.6976589742214205,-1.2410620628425495,-1.7150350063892528,-0.20384293455410574,-0.2798940020638526,0.8733759632413511,0.3248162148896656,0.9524690974550645,-0.8319566054289751,0.4029043522399389,0.1805297256034381,0.2058860742166991,0.09116657249956805,-0.19946680517691895,0.7377142867666626,-0.4809174013953251,-0.4903371700769449,0.914176591597416,0.8820620239922229,0.3907292956091999,-0.34646511284160547,-0.6835758418176651,0.70656927310311,-0.059092218316765296,0.20406933124648832,0.008383728692514468,-0.15305196060066506,1.3039254770505277,0.6993567537344507,-0.40355995230525793,-0.012838886362518653,0.08987848284604479,-0.43219384730284915,0.26023714654584734,2.1082060292526887,0.7590253109627457,-0.8731921212084802,0.10231815030281821,-0.08821235935126095,-0.5889314420012888,0.15537529514447965
1.0615889938262904,2.3498941437914107,-0.6242694885959476,1.365303661958752,4.4038497075191785,2.9974494569208336,-2.2937562886926597,-6.290193766931871,-4.964325940548618,-6.525923138301752,2.881775364026261,0.7697451772784253,-3.43356875114442,-1.241657575992385,-0.819064898408114,-0.3994533789674385,-0.4809174013953251,5.1917470723438,0.38572866155797814,-3.030161383297901,-5.751137751163812,-1.9979793988741208,3.5919232538005086,-1.7063097847229205,-3.1198814012136142,-4.433060923618419,-5.652184529451997,1.9502078298758776,-0.3662209062137053,-3.6066404587909546,-0.5263043556815002,0.016953811926839247,-0.21512175200626898,-4.638895233859858,6.3288550766675735,0.5024262852276615,-7.388393519671666,1.8116397903756394,-1.4042504238355291,-4.014017532722895,1.5987155687565981,-1.2088086363156245,0.01384364272627449
-0.3333347924189686,-0.1927853151054561,-0.5317442639200531,0.9750797566004478,1.323356227403662,0.21363784895053686,0.15308404921252294,-0.6940971954609071,-0.29039831278768485,-0.7633347975695997,0.6157001210152999,-0.28377230271669013,-0.17634933451938997,-0.14933386148774577,-0.04694709790417377,0.19269664092886327,-0.4903371700769449,0.38572866155797814,0.40143432703960724,-0.6747781530378331,-0.7256265619620688,-0.2858045567889696,0.2927359191362845,0.4319641091532675,-0.5780009537939241,0.02272757473815969,-0.1920877881820719,0.02167238982980759,0.0948186127553231,-0.9667932425988547,-0.4925960673229704,0.301929214392553,0.036639023574045616,-0.1669750430026428,0.3957423570731322,-0.17067591684888186,-1.6487855879900142,-0.5143878804858527,0.6351557934473071,-0.11386254822961156,0.11213225755108562,0.4093171920810171,-0.13282335896368203
-0.10955684616125823,-0.9194434819621239,0.9754656645741897,-1.8701265098729476,-3.8238025606547748,-1.6953889538675193,0.885367256359557,3.956263784021895,2.781660307876986,4.146850717678836,-2.2173625030141197,0.004712511293376205,1.888114073512949,0.8105394094464916,0.482985805652865,-0.016666373113242573,0.914176591597416,-3.030161383297901,-0.6747781530378331,2.3692133641073845,3.70622019763962,1.3495255825033203,-2.1145678055445605,0.22030935879031838,2.231454542876362,2.1361823002566775,3.00127685574158,-0.9619941749914719,0.043160017123562336,3.020323419108928,0.9188994780097943,-0.39467687145886604,0.0873253547604469,2.4238007823734655,-3.5631402292889787,-0.0080824239865492,5.685296277770919,-0.18637335589986587,-0.13481778611985903,2.0910851072750627,-0.8876884029856622,0.04597550040457273,0.14550759085534987
-0.8470098024177521,-2.310055265133976,1.0763138286452776,-2.210767559442479,-5.668097631271948,-3.3212629665328017,2.293275581550623,7.147657228171869,5.439851214199117,7.452532203308662,-3.5051700611477514,-0.5877805316225023,3.7436699783321616,1.4176940895473418,0.8919109404132226,0.2614000457786573,0.8820620239922229,-5.751137751163812,-0.7256265619620688,3.70622019763962,6.6120741396979525,2.3207734462947762,-4.0026902548935945,1.4607336471057792,3.7358016686920257,4.633635766185663,6.082650974480587,-2.067085650414469,0.31182746463700056,4.543049633634883,0.9343222938221298,-0.2563377991076406,0.191407783916014,5.008326780179229,-6.958505403415891,-0.39562249962020973,9.058532439108696,-1.503255210413913,0.974308299696274,4.3042582041000195,-1.7729770805785,0.9492287066281155,0.09357311526062405
-0.24578344670134067,-0.7632439727042033,0.43597010342184905,-0.8716292962652493,-2.092023700554161,-1.1374773704348309,0.7396994742096438,2.5056892816920397,1.8679105298462348,2.6194814474432864,-1.2733334938115544,-0.16110375495970855,1.2766260547379535,0.5008869609617141,0.3169578219015029,0.0839637675864736,0.3907292956091999,-1.9979793988741208,-0.2858045567889696,1.3495255825033203,2.3207734462947762,0.8354346596963645,-1.3892261309752012,0.40992286492470564,1.3313952636364195,1.5668304355886464,2.077221601441179,-0.6982200327313637,0.08539418100889601,1.6779381902204673,0.3917806242329093,-0.12689169045150328,0.06637423964369084,1.6802451902244804,-2.392800991323592,-0.10351856930160656,3.2758457935002325,-0.4258197721540877,0.2401811148676097,1.466393753950232,-0.6040883165266778,0.2567059570325632,0.04586914314376981
0.7069645513791804,1.6015017734393782,-0.461270923870552,1.0045966484503042,3.106861975968258,2.083332166412031,-1.5784949645941464,-4.3651913755824765,-3.4331191489459147,-4.535081553867675,2.0107528115296076,0.5191141690597926,-2.373662108843897,-0.8585686147860209,-0.560401931562256,-0.25732592254699305,-0.34646511284160547,3.5919232538005086,0.2927359191362845,-2.1145678055445605,-4.0026902548935945,-1.3892261309752012,2.490643311452696,-1.1637277485596076,-2.185898817051879,-3.048470926738475,-3.899132517162724,1.347480326950257,-0.2496048814438617,-2.529481324524,-0.3810424486662147,0.02864922527341481,-0.13891537466220777,-3.211092435709736,4.382562728123735,0.34014141971703316,-5.180449246400289,1.228030005004216,-0.933219634742303,-2.7709091278897953,1.114881046779525,-0.813606401746861,-0.002135866184852967
-0.9950426455170912,-1.3410643316474786,-0.5754239223347014,0.9110232240117502,0.14934984763355327,-1.0738736471598804,1.3535655625839955,1.7096789427291732,1.7929633893042154,1.719657829713725,-0.25579807599341914,-0.8353360361090826,1.2918942026761766,0.2957062409072764,0.2515619690136402,0.42600838339212893,-0.6835758418176651,-1.7063097847229205,0.4319641091532675,0.22030935879031838,1.4607336471057792,0.40992286492470564,-1.1637277485596076,1.5852160728849796,0.5145706718903967,2.0322545655516318,2.245744340992792,-0.8726508016178866,0.34724872921640193,0.0022838365895855527,-0.622164357343876,0.48586254457236866,0.10999812459530314,1.9298773414526034,-2.2658774294658195,-0.5389751171569668,0.6872765770401641,-1.727452164715393,1.6871174331994139,1.6482587173368566,-0.5984626465137263,1.2522991638256735,-0.19540248874463897
-0.25169835080773156,-1.0698357313694382,0.8278339556493752,-1.6410456511943872,-3.57372059308781,-1.7990234124617386,1.084003037542158,3.9888141973040745,2.909571129046571,4.18348603890489,-2.0996967995282843,-0.15318844478503268,1.9882052066980656,0.7951418047256971,0.4760029405004977,0.03407162552037387,0.70656927310311,-3.1198814012136142,-0.5780009537939241,2.231454542876362,3.7358016686920257,1.3313952636364195,-2.185898817051879,0.5145706718903967,2.201755780296485,2.3396853513938143,3.1846033428112572,-1.0622661838475647,0.1076699627880256,2.8138690811603313,0.7302308691886951,-0.28926135101014855,0.07496408857976398,2.623100730118191,-3.7380433938612208,-0.11091451114974281,5.464309965886349,-0.4949158488877917,0.1604506913179984,2.244082965618213,-0.9613297260826429,0.2661673870413943,0.11928898830647912
-1.302363845394599,-2.357864912513155,0.06180309819627342,-0.32963129838607064,-2.7940784504844913,-2.5876299788410706,2.2935090010121004,5.151959302976502,4.323550912010169,5.307797810698572,-2.0581555976563806,-0.9982725547399056,3.0169446094662096,0.9989504554402124,0.7025207372901546,0.5418141402866414,-0.059092218316765296,-4.433060923618419,0.02272757473815969,2.1361823002566775,4.633635766185663,1.5668304355886464,-3.048470926738475,2.0322545655516318,2.3396853513938143,4.130036593628477,5.052761533971211,-1.7940231012509664,0.43903147144099824,2.3854049132931108,-0.00873242990801382,0.2797989761614803,0.22253943533370898,4.16292820214666,-5.4933614878690085,-0.6413407946775568,5.247304099446533,-2.2007646590844616,1.9270463746887676,3.6151321659486095,-1.3881127135351048,1.5306434455023856,-0.13521626264190426
-1.4170156619644947,-2.7881870868162237,0.3669467036697993,-0.9330363921070336,-4.155869683009441,-3.2856212482146283,2.722893908531689,6.706520242762598,5.465715981816072,6.930704412950854,-2.871576800050384,-1.0608435259436577,3.800720069240679,1.3122660440425487,0.8913430547878786,0.5590515298456562,0.20406933124648832,-5.652184529451997,-0.1920877881820719,3.00127685574158,6.082650974480587,2.077221601441179,-3.899132517162724,2.245744340992792,3.1846033428112572,5.052761533971211,6.306492006114207,-2.208427912464621,0.4847233298677723,3.4643002987054055,0.2686861597649545,0.17560780762494416,0.25964514345129,5.198723226989588,-6.953733834894292,-0.6892459036915526,7.344921115440094,-2.4073495791399373,2.0111334176737885,4.495259241265739,-1.7576286275528794,1.6483165536895836,-0.09662958473965017
0.5395890715538482,1.0077098649774001,-0.0633578103784316,0.21830000776320102,1.3028480423016624,1.1497154774956109,-0.9980829199968424,-2.2823844887500044,-1.899798525732474,-2.359399242468506,0.9259734191748904,0.4226984958272827,-1.324436858815207,-0.43891054315898875,-0.30173996282778237,-0.21557419124350147,0.008383728692514468,1.9502078298758776,0.02167238982980759,-0.9619941749914719,-2.067085650414469,-0.6982200327313637,1.347480326950257,-0.8726508016178866,-1.0622661838475647,-1.7940231012509664,-2.208427912464621,0.7868315338759322,-0.188435150062444,-1.091352888770031,-0.01726989505780181,-0.10269907370263834,-0.08557004482230811,-1.8319885663350695,2.42109836750457,0.27311813823953734,-2.392374754894053,0.9364051200768698,-0.8003353198388234,-1.5825566424853459,0.6211513993384651,-0.6452575199268847,0.045043189648973664
-0.2173780780774958,-0.2906489425728021,-0.12817478175728975,0.20372092590252644,0.041112895385537813,-0.23153547441930386,0.29451274988591775,0.36549617002039797,0.38669701164848175,0.36667634213092537,-0.051013841086343416,-0.18186792218021594,0.2794311238640555,0.06314777278049556,0.053592347951241195,0.0914572039374569,-0.15305196060066506,-0.3662209062137053,0.0948186127553231,0.043160017123562336,0.31182746463700056,0.08539418100889601,-0.2496048814438617,0.34724872921640193,0.1076699627880256,0.43903147144099824,0.4847233298677723,-0.188435150062444,0.07632448878191221,-0.006916663914031083,-0.13806100232574225,0.10712631264840503,0.023814672915739497,0.4191803584920133,-0.4881375684419864,-0.11824922529322662,0.13803670379139163,-0.3773261322896669,0.36905074816976874,0.355728679160117,-0.12900721616750557,0.27407651881914863,-0.043057040099594907
0.05890651879027791,-0.9293081717618631,1.384671000055872,-2.6298994592208995,-5.006163539115262,-2.0125557521326605,0.9043694876386001,4.807386548896609,3.268328149630551,5.0634858148590025,-2.819343477414656,0.15382199361041854,2.202481754173913,0.9873449311848665,0.5697361817549602,-0.11026308902064927,1.3039254770505277,-3.6066404587909546,-0.9667932425988547,3.020323419108928,4.543049633634883,1.6779381902204673,-2.529481324524,0.0022838365895855527,2.8138690811603313,2.3854049132931108,3.4643002987054055,-1.091352888770031,-0.006916663914031083,3.9163383652643313,1.298220710403235,-0.6062991963726981,0.0774665167448809,2.785809361201652,-4.203626589506565,0.08649946531225022,7.266175538241056,0.07241227127815132,-0.49685313464915504,2.4051808212744725,-1.0548657377092934,-0.17440759034873682,0.2358780656615692
0.4092279432495934,0.21910788866740585,0.684214052352076,-1.2263495190026412,-1.7188997272655682,-0.24476476662844734,-0.23249236977707258,0.9255375876127119,0.3825594257873407,1.003409389276359,-0.837255935895799,0.38346130213160917,0.2268079758922786,0.21356546675427937,0.09054535676373275,-0.20785614283431736,0.6993567537344507,-0.5263043556815002,-0.4925960673229704,0.9188994780097943,0.9343222938221298,0.3917806242329093,-0.3810424486662147,-0.622164357343876,0.7302308691886951,-0.00873242990801382,0.2686861597649545,-0.01726989505780181,-0.13806100232574225,1.298220710403235,0.6776768441444024,-0.39234178755707955,-0.015279804751328412,0.17231584907029224,-0.5047368665626111,0.24061483629661715,2.1409259753736496,0.7053719273758723,-0.8287052251171786,0.14960507524718292,-0.11278216314470922,-0.5501343567780502,0.15363655754035324
-0.33660908829866204,-0.2932271137942153,-0.4059602038834166,0.7228161805547269,0.842133298827989,-0.01332325271619566,0.2782156216187515,-0.20763237638059845,0.05687269978550582,-0.2486482910910262,0.35333176926051335,-0.2875489222168377,0.06265465313014494,-0.055471431442375436,6.858012075164645e-4,0.16959650061971368,-0.40355995230525793,0.016953811926839247,0.301929214392553,-0.39467687145886604,-0.2563377991076406,-0.12689169045150328,0.02864922527341481,0.48586254457236866,-0.28926135101014855,0.2797989761614803,0.17560780762494416,-0.10269907370263834,0.10712631264840503,-0.6062991963726981,-0.39234178755707955,0.25235541278531876,0.033442461826646355,0.1586699656454792,-0.05537253296920417,-0.1802013375433761,-0.9335203911426496,-0.5518466393853617,0.6177693447122813,0.14690069720629687,-0.01306337160620965,0.4223962721965618,-0.10619332477124672
-0.09972975702364725,-0.146694481299611,-0.03558509274963286,0.06651944440737931,-0.05790742404823317,-0.1066165051806787,0.1154068974892681,0.23451090556792473,0.21082142828979308,0.22984988074995955,-0.0844322128625798,-0.05997375041268368,0.14851418572880634,0.052154033828538914,0.045185600185416,0.05299136529629017,-0.012838886362518653,-0.21512175200626898,0.036639023574045616,0.0873253547604469,0.191407783916014,0.06637423964369084,-0.13891537466220777,0.10999812459530314,0.07496408857976398,0.22253943533370898,0.25964514345129,-0.08557004482230811,0.023814672915739497,0.0774665167448809,-0.015279804751328412,0.033442461826646355,0.02936643193234386,0.1954563102897107,-0.2563502009984381,-0.03658264087587574,0.1651178336560924,-0.13090694265023764,0.13944197836301053,0.18032361219533546,-0.04980456614919746,0.09881030949283873,-0.02477731173224807
-1.1713865529049918,-2.2901471908707394,0.2803561993120907,-0.7499316871609857,-3.3739896700480716,-2.7338074220567012,2.287508866933451,5.502745659112694,4.511084746307924,5.688170049471264,-2.321881089088207,-0.8952549167039274,3.146885292466393,1.0672394064200756,0.7115699960246792,0.4290758929242716,0.08987848284604479,-4.638895233859858,-0.1669750430026428,2.4238007823734655,5.008326780179229,1.6802451902244804,-3.211092435709736,1.9298773414526034,2.623100730118191,4.16292820214666,5.198723226989588,-1.8319885663350695,0.4191803584920133,2.785809361201652,0.17231584907029224,0.1586699656454792,0.1954563102897107,4.345393490375133,-5.74456059844065,-0.5932798543360549,6.000647223460878,-2.043251899271019,1.6969956503654544,3.7122509326596678,-1.4721820863109636,1.3987751019027423,-0.0741292197873388
1.3869483793425739,2.9448736460927987,-0.6436436926886073,1.4717445375032912,5.129351584920323,3.6861542032530332,-2.90656142386145,-7.615320766309534,-6.084206680564822,-7.89715336046516,3.396951170387077,1.0355154805848232,-4.218632458636271,-1.4910582680674993,-0.9857180899739983,-0.516472045249085,-0.43219384730284915,6.3288550766675735,0.3957423570731322,-3.5631402292889787,-6.958505403415891,-2.392800991323592,4.382562728123735,-2.2658774294658195,-3.7380433938612208,-5.4933614878690085,-6.953733834894292,2.42109836750457,-0.4881375684419864,-4.203626589506565,-0.5047368665626111,-0.05537253296920417,-0.2563502009984381,-5.74456059844065,7.759534176939641,0.6786677447612992,-8.751293634919934,2.40170940181269,-1.905828597698012,-4.951092822689009,1.9759513048027482,-1.6155472458764264,0.03923430617241264
0.34256367191400955,0.43865360070192344,0.2280370913388176,-0.3723409553292707,-0.16432255317350886,0.320174372707012,-0.440612202784008,-0.475798371722955,-0.5384322928314812,-0.47335435022332467,0.024374512417461497,0.28881136849523614,-0.3909019059285749,-0.07926874942952872,-0.07444148434853368,-0.15034532137300502,0.26023714654584734,0.5024262852276615,-0.17067591684888186,-0.0080824239865492,-0.39562249962020973,-0.10351856930160656,0.34014141971703316,-0.5389751171569668,-0.11091451114974281,-0.6413407946775568,-0.6892459036915526,0.27311813823953734,-0.11824922529322662,0.08649946531225022,0.24061483629661715,-0.1802013375433761,-0.03658264087587574,-0.5932798543360549,0.6786677447612992,0.18575254388707255,-0.06998089145684477,0.590386458533715,-0.5874637900886993,-0.5088441307847116,0.17942483011172194,-0.431181836994187,0.07259067595692574
-0.2741438651311334,-2.2486824941579684,2.3526311952762593,-4.561399985476985,-9.26676498486869,-4.205905380182583,2.2545128380220545,9.627920651197002,6.807787917496463,10.11748453801276,-5.328365984471106,-0.06015720085361796,4.625870026459779,1.9446416490382188,1.1413930273853468,-0.06533440993593678,2.1082060292526887,-7.388393519671666,-1.6487855879900142,5.685296277770919,9.058532439108696,3.2758457935002325,-5.180449246400289,0.6872765770401641,5.464309965886349,5.247304099446533,7.344921115440094,-2.392374754894053,0.13803670379139163,7.266175538241056,2.1409259753736496,-0.9335203911426496,0.1651178336560924,6.000647223460878,-8.751293634919934,-0.06998089145684477,13.814829768370004,-0.587484426074733,-0.24377821587528295,5.143586991919796,-2.230040159745458,0.19294077347248456,0.3744671011331556
1.1102465068111846,1.4742599957068243,0.6704082446196862,-1.0821665919565748,-0.28285639932600654,1.1272165558876455,-1.4619569700680999,-1.7842512776562645,-1.904712230603009,-1.7873404801364206,0.22925949893609324,0.9251837617983882,-1.371786575307927,-0.3096023747130941,-0.27659290279916227,-0.49497061762291694,0.7590253109627457,1.8116397903756394,-0.5143878804858527,-0.18637335589986587,-1.503255210413913,-0.4258197721540877,1.228030005004216,-1.727452164715393,-0.4949158488877917,-2.2007646590844616,-2.4073495791399373,0.9364051200768698,-0.3773261322896669,0.07241227127815132,0.7053719273758723,-0.5518466393853617,-0.13090694265023764,-2.043251899271019,2.40170940181269,0.590386458533715,-0.587484426074733,1.898780464941689,-1.876514065917775,-1.766973919523691,0.6251416738981601,-1.3813565528294731,0.2280557433263036
-1.1241838507676922,-1.3763458687248873,-0.8289676848246961,1.3996064449968577,0.8523972053071779,-0.8747166762140911,1.3337562080922705,1.2410516443694053,1.5270309496454488,1.2066088193729834,0.07241744420647386,-0.927443006686931,1.1151267583686473,0.20697719102970774,0.2255441698243414,0.5238978826183148,-0.8731921212084802,-1.4042504238355291,0.6351557934473071,-0.13481778611985903,0.974308299696274,0.2401811148676097,-0.933219634742303,1.6871174331994139,0.1604506913179984,1.9270463746887676,2.0111334176737885,-0.8003353198388234,0.36905074816976874,-0.49685313464915504,-0.8287052251171786,0.6177693447122813,0.13944197836301053,1.6969956503654544,-1.905828597698012,-0.5874637900886993,-0.24377821587528295,-1.876514065917775,1.9209613301363868,1.4841337243979438,-0.483564819031405,1.3845699200101065,-0.26437429516057565
-1.031789142212183,-2.0033133433934767,0.22849000088036628,-0.6115630422651821,-2.8842541839266413,-2.3437731663364683,1.9660009581402795,4.745803812468616,3.8887042903292848,4.906299444459613,-2.003822217921439,-0.7848014909100074,2.7055112631784177,0.923591190684365,0.6290273883553142,0.408505803975862,0.10231815030281821,-4.014017532722895,-0.11386254822961156,2.0910851072750627,4.3042582041000195,1.466393753950232,-2.7709091278897953,1.6482587173368566,2.244082965618213,3.6151321659486095,4.495259241265739,-1.5825566424853459,0.355728679160117,2.4051808212744725,0.14960507524718292,0.14690069720629687,0.18032361219533546,3.7122509326596678,-4.951092822689009,-0.5088441307847116,5.143586991919796,-1.766973919523691,1.4841337243979438,3.209668066109635,-1.2579497079041029,1.2113665875421482,-0.07352189812280417
0.3399980354635534,0.734811036184374,-0.16962137992535536,0.39813879025944676,1.3092570213273265,0.9513418377720029,-0.7518214170963728,-1.9253899172186175,-1.541975982087187,-2.0050017612285442,0.8481043700900338,0.27154667862905046,-1.0698598106918966,-0.3694559228798175,-0.23822034549291263,-0.11654213612402584,-0.08821235935126095,1.5987155687565981,0.11213225755108562,-0.8876884029856622,-1.7729770805785,-0.6040883165266778,1.114881046779525,-0.5984626465137263,-0.9613297260826429,-1.3881127135351048,-1.7576286275528794,0.6211513993384651,-0.12900721616750557,-1.0548657377092934,-0.11278216314470922,-0.01306337160620965,-0.04980456614919746,-1.4721820863109636,1.9759513048027482,0.17942483011172194,-2.230040159745458,0.6251416738981601,-0.483564819031405,-1.2579497079041029,0.5175284698975362,-0.41619275431692654,4.398017650846003e-4
-0.8164895856620165,-1.0498879928016434,-0.5359731269030094,0.8835206294581942,0.36938515620127094,-0.7523116325312966,1.0326101829833862,1.1509977619691518,1.2865947093696497,1.1412602818004007,-0.08236840913309601,-0.6754993340197368,0.9318036526025723,0.19804351054081412,0.18775816105153165,0.3681715439010282,-0.5889314420012888,-1.2088086363156245,0.4093171920810171,0.04597550040457273,0.9492287066281155,0.2567059570325632,-0.813606401746861,1.2522991638256735,0.2661673870413943,1.5306434455023856,1.6483165536895836,-0.6452575199268847,0.27407651881914863,-0.17440759034873682,-0.5501343567780502,0.4223962721965618,0.09881030949283873,1.3987751019027423,-1.6155472458764264,-0.431181836994187,0.19294077347248456,-1.3813565528294731,1.3845699200101065,1.2113665875421482,-0.41619275431692654,1.0112510614845938,-0.1775688111648615
0.15207515367615665,0.13825348219742303,0.17287619725577122,-0.315096513920755,-0.3448903630704583,0.005194208512436642,-0.11554782669151654,0.06233182130423787,-0.041437389596567696,0.08435615289870774,-0.13004105041259917,0.11726670052515258,-0.03838469178044667,0.013579448192382198,-0.010078680414529952,-0.08079040931330744,0.15537529514447965,0.01384364272627449,-0.13282335896368203,0.14550759085534987,0.09357311526062405,0.04586914314376981,-0.002135866184852967,-0.19540248874463897,0.11928898830647912,-0.13521626264190426,-0.09662958473965017,0.045043189648973664,-0.043057040099594907,0.2358780656615692,0.15363655754035324,-0.10619332477124672,-0.02477731173224807,-0.0741292197873388,0.03923430617241264,0.07259067595692574,0.3744671011331556,0.2280557433263036,-0.26437429516057565,-0.07352189812280417,4.398017650846003e-4,-0.1775688111648615,0.050908544488301684
