V1,V2,V3,V4,V5,V6,V7,V8,V9,V10,V11,V12,V13,V14,V15,V16,V17,V18,V19,V20,V21,V22,V23,V24,V25,V26,V27,V28,V29,V30,V31,V32,V33,V34,V35,V36,V37,V38,V39,V40,V41,V42,V43,V44
0.534364969213085,0.3772972632312805,0.29368009345698065,0.18645012768589556,-0.5750184077524289,-0.3921805057028311,-0.07729861629482533,-0.3599409539707116,-0.10113217580253094,0.6814110535411367,0.6163318066312253,0.027145095956409016,-0.10748254317247619,-0.328859830962828,-0.05136620203350969,-0.5248779376697698,0.012421998988196853,0.80966920290688,-0.07302532430622259,-0.35348143794002634,0.5156193819194919,-0.5525575843161826,-0.3807826685981344,-0.2861745721337699,-0.16962522886386894,-0.6379954243203395,0.5404408530853988,0.29211272783770303,0.041661323521413614,0.2572875844878395,-0.5003248824769398,0.37869645096628846,-0.08919036916032934,-0.18883642627245117,0.5097161290466221,-0.08460280678313946,-0.27993506000540935,0.37551148323727024,0.22846645982362157,0.2897004167323793,-0.1569869709736319,-0.11575542522742115,-0.6237356917598063,-0.44400915857842826
0.3772972632312805,1.1645931517986936,0.15392852370153468,-0.10794212201992937,-0.21134981994293003,-0.8601678085559222,1.0455610741918544,-0.16184288930919224,-0.30933435887292166,-0.7977201135171107,0.9646822277921819,-0.6784170604106978,0.9499841727387853,0.003166707971053004,-0.5174012155321209,-0.9395922472779912,-0.368822445971545,0.8198261638964341,-0.8938649719973676,-0.7696881919476956,0.4561966621854813,-0.21406861867000213,0.2908369089458055,-0.15790575074727076,0.30721732419762954,-0.342912335604946,0.8968256756345596,0.4741268734780832,0.18661340003014906,0.3144894380360175,-0.6250993895966644,0.9064269501691424,0.17634184782912285,1.4675625351421702,-0.5064527461748118,-0.5299961362239418,0.1072937106954473,0.2961531391338958,-0.6894720358650593,0.18040510381478989,-0.11296367379201909,-0.23782130219802755,-0.5203120765768638,-1.161279493626629
0.29368009345698065,0.15392852370153468,0.690283366342809,0.17170996417718137,-0.49266989583498944,-0.21968560010257626,-0.7584309382411685,-0.3233206287694947,-0.16157842412322085,1.3759100871589374,0.16667080652280425,0.17876352787456082,-0.6096793347583349,-0.5148629854388658,0.34801425938990443,-0.5121607540792039,0.10506192219549383,0.5785188089757493,0.15655603905483012,-0.12990280600761395,0.619305946706163,-0.6412282679680983,-0.7483738438071739,-0.19058986619949955,-0.5018689152553489,-0.40572712921383575,0.3588923624515984,0.19706854478562622,0.016404166099335038,-0.015386635112490991,-0.06519271406027619,0.037931930287901316,-0.18711840020441037,-0.9725584532262066,1.0320262179154258,0.040162646903577105,-0.3807983292174957,0.2798436332794441,0.730757840247967,0.22173348026318487,-0.19331495315996702,0.12160499414338626,-0.6424858269804831,-0.031949894831384454
0.18645012768589556,-0.10794212201992937,0.17170996417718137,1.081423326825537,-1.0851744335401698,-0.23278679858047285,0.12222207101089488,0.12138942678509039,0.16874943092020903,1.103940843990035,0.7052743733554548,0.8881614353016644,-0.10106832102986603,-0.9637844179589736,-0.6361610840953404,0.11238210118551792,0.27725122982645717,-0.26234566618655236,0.18559043222549362,0.49136390169581784,0.5164029532996776,-0.1527444077646522,-0.1234155972224146,-0.16530059046746587,-0.786286230665635,-0.9804339894196578,0.032084009326908,0.09438586827484514,-0.8836636585613141,0.9680055992145173,0.14793656391545462,0.24589536227090428,-0.22009880325737327,0.29127603339849195,1.064780832676233,-0.34070918150002233,-0.5627893145219401,0.31345945024139305,0.6578185532385099,0.17764976760496992,0.2606387589321543,-0.48377966772583036,-0.8276930632968074,0.6606954440256338
-0.5750184077524289,-0.21134981994293003,-0.49266989583498944,-1.0851744335401698,1.9444232280139804,0.7993243714720925,-0.45027546458545875,0.037016264645179923,-0.019812965790684468,-0.96071780090612,-0.9560349275966156,-0.6563088075113432,-0.004843240372844757,1.1120646313977078,0.677488991461911,-0.12451335373279,0.11600455596432463,-0.5299692522666266,-0.38945288308263043,0.1974547419889558,-0.7822431108679722,1.0280166216214166,0.5238825412143407,0.6985912530088696,0.5515964282713678,1.298279428304593,-0.45514223152037375,-0.6226090634592993,0.5631856533903589,-0.5397710395037203,0.08842613374521686,-0.8176605020263663,0.44218157321055507,0.2540750670117694,-1.3669673162480662,0.9859447422748557,0.6580614443295033,-0.26991472631501034,-0.4461585348678851,-0.40902312025651766,-0.571037827840767,0.40271578238219985,0.8276526580533229,0.31241405205183814
-0.3921805057028311,-0.8601678085559222,-0.21968560010257626,-0.23278679858047285,0.7993243714720925,0.922194242989297,-1.0506292046626553,0.049685414083192575,0.23009388131579073,0.5436636975530282,-0.8974543496130024,0.338715988624271,-0.788468744275232,0.2850225366669784,0.621191205459077,0.4525666158204127,0.41017672694857377,-0.721145680562282,0.4586110047578256,0.6719849649068125,-0.49588372046141016,0.5263744612086384,-0.11660297913042086,0.3949484213448035,-0.15453217135433156,0.5748821225456189,-0.7156388323160098,-0.5807487989826804,-0.014031441831108726,-0.24558274416061066,0.43312534285281395,-0.9385132839173154,0.07582624129926542,-0.9651774340810397,0.028018706660627227,0.8609127475292744,0.09532219500499829,-0.17746519172933237,0.5035973560338827,-0.2330965221181692,-0.25757882267848653,0.2717387805379808,0.4833405111279983,1.0517059252115877
-0.07729861629482533,1.0455610741918544,-0.7584309382411685,0.12222207101089488,-0.45027546458545875,-1.0506292046626553,3.0451587208323305,0.6338483688099652,-0.08889959499935972,-3.3488714739917116,0.9474634588795833,-0.8000349248674843,2.3218494127188594,0.35043520292233016,-1.6196043467348276,0.356412964342201,-0.9023539757418312,-0.19246909536607343,-0.9313286174198061,-0.7561072473817645,-0.34311123382332354,0.35927032860787605,1.481515360930182,-0.22998940999224435,1.1088405252238833,-0.018029655599701638,0.39498899391789927,0.5549179591163151,-0.11606299407703845,0.33378866693399994,-0.2296706113353072,1.404319005514909,0.22626241902169086,3.2463713089697452,-1.8314385487432883,-1.578479156091829,0.5786035183035433,-0.36562135941922064,-2.0626125379329836,-0.07376837782507394,0.8882487309702238,-0.5965378830426481,0.530524762938917,-1.4620073355107017
-0.3599409539707116,-0.16184288930919224,-0.3233206287694947,0.12138942678509039,0.037016264645179923,0.049685414083192575,0.6338483688099652,0.4475593610902606,0.11898119563863448,-0.9029908865647419,-0.17087636969522713,0.030174344985505915,0.46328495933463093,0.10056745034248502,-0.3853243938997499,0.5993802566818927,-0.14352958818982864,-0.6571979223617502,0.012100143919768016,0.2273525833337407,-0.3528541790687931,0.3391127728730545,0.5000259511046935,0.08641028386149754,0.1861362067656338,0.24109250177926708,-0.3577164650431869,-0.04837914206194024,-0.2021773665366859,7.755420013751363e-4,0.38086396131245726,0.015928250034676367,0.013926669156717678,0.6538810199279288,-0.45517254262574897,-0.3606094190164524,0.18400616011361254,-0.31784399676191577,-0.4197334179981074,-0.19696251889928112,0.41402115953676477,-0.11796000072984443,0.4411011807072558,0.15630213864234258
-0.10113217580253094,-0.30933435887292166,-0.16157842412322085,0.16874943092020903,-0.019812965790684468,0.23009388131579073,-0.08889959499935972,0.11898119563863448,0.17554761327879828,0.11981175463930338,-0.09918285687040922,0.24505461878428017,-0.13045985128431076,-0.050517645964475506,-0.05248041471440642,0.2552329823251509,0.14596754421829397,-0.33291438469682094,0.1571560111833396,0.26540052294869587,-0.14319609669244962,0.17349075332628203,0.054988132288047886,0.08369124123043457,-0.1488624884690344,-0.011632168202811684,-0.25058632914242507,-0.1629709905202561,-0.1939720838335708,0.12390999141215601,0.18772939719262977,-0.1808743820440837,0.010131193349263342,-0.05486041197355679,0.0693965844696997,0.1464645689080464,-0.027750535862264215,-0.04923503821760148,0.13818200084525828,-0.058891319734826385,0.04947500910472405,-0.07270799305345339,0.11647557948897425,0.4425976678302977
0.6814110535411367,-0.7977201135171107,1.3759100871589374,1.103940843990035,-0.96071780090612,0.5436636975530282,-3.3488714739917116,-0.9029908865647419,0.11981175463930338,5.551684133354993,0.25193850635220716,1.7432839535685565,-2.7557078863745024,-1.7233295965902171,1.104585863256774,-0.98975693676911,1.3159307213891922,0.6112773956002866,0.9659794989348591,1.0342311011996594,1.4686940225568894,-0.9445378738024973,-2.075477923405088,-0.04889757540121979,-2.3051245507060742,-1.4876446860107613,0.14408779488347395,-0.34116318464252654,-0.7902557673463142,0.9476705470962573,0.017661303419833317,-0.9726711043761339,-0.4785088221093823,-3.2163157716583877,3.560948869578448,1.3959675506400029,-1.4610129728190768,1.1029101640207988,3.211180304089205,0.5195628774646873,-0.9557154040730172,0.03829803539815635,-2.125432105202716,2.0152868256756316
0.6163318066312253,0.9646822277921819,0.16667080652280425,0.7052743733554548,-0.9560349275966156,-0.8974543496130024,0.9474634588795833,-0.17087636969522713,-0.09918285687040922,0.25193850635220716,1.550878154336205,0.06701128058295756,0.7193064423656782,-0.6650998658171189,-0.930101004724314,-0.9180681951759815,-0.006546818741401528,0.7110490319916432,-0.7155286004863073,-0.3405837343897265,0.8127303261035129,-0.2874219905580582,0.16615885395272267,-0.2610401867586545,-0.3521850822498624,-1.1936617918166055,0.8981535582026398,0.4540158207344127,-0.46902235508568446,1.1451611491210196,-0.6770934215710707,0.978841885390361,0.03348457741608465,1.5549285086690103,0.343623609386938,-0.5235784340151755,-0.3674580580179688,0.6474409931898205,-0.08580619522788262,0.33636314062425293,-0.0721047148918217,-0.6387606345832082,-1.2152039255658689,-0.5320276822840038
0.027145095956409016,-0.6784170604106978,0.17876352787456082,0.8881614353016644,-0.6563088075113432,0.338715988624271,-0.8000349248674843,0.030174344985505915,0.24505461878428017,1.7432839535685565,0.06701128058295756,1.1484166315641,-0.8049857197651124,-0.8273262379725567,-0.06646056371423588,0.39842990053179883,0.5359846796249015,-0.5238598964822799,0.632260542611942,0.8795254486633933,0.28445277671573455,-0.022558133416904956,-0.42091961750151974,-0.01986910006791734,-0.8811540508181579,-0.6611142369551731,-0.3792714113232645,-0.2013931381132676,-0.7958120579458411,0.6769760886386519,0.34749119052108884,-0.3828001352135829,-0.26642105885552336,-0.7898953744492936,1.3143994195447493,0.2066338728145993,-0.5794603290101942,0.24110975951122463,1.129865500620981,0.08368214150766921,0.06568801355733418,-0.20577810299256333,-0.5938656718272758,1.2116319008505438
-0.10748254317247619,0.9499841727387853,-0.6096793347583349,-0.10106832102986603,-0.004843240372844757,-0.788468744275232,2.3218494127188594,0.46328495933463093,-0.13045985128431076,-2.7557078863745024,0.7193064423656782,-0.8049857197651124,1.9022182664137435,0.4605830479969804,-1.1627149055088593,0.05754889948471431,-0.6796548077208358,-0.0893687401116171,-0.9303255743584347,-0.6019370200056798,-0.29177875174270057,0.4206256423511826,1.2574524164139722,-0.07275092495064078,0.9460288017108548,0.12555159562678894,0.36011119365478556,0.4132612473909313,0.040844228185291084,0.22776656859814032,-0.2832776447291405,1.0218913097165752,0.2542355560881041,2.6968122853119345,-1.6487419323603127,-1.089746145168502,0.5402346096371871,-0.23491963660766388,-1.6961764769702123,-0.12336493768494229,0.516207868301177,-0.40428903169501,0.38082199036302405,-1.2370144061230965
-0.328859830962828,0.003166707971053004,-0.5148629854388658,-0.9637844179589736,1.1120646313977078,0.2850225366669784,0.35043520292233016,0.10056745034248502,-0.050517645964475506,-1.7233295965902171,-0.6650998658171189,-0.8273262379725567,0.4605830479969804,1.100257953172766,0.32280084074063164,0.20557072363018294,-0.2867046125962921,-0.09677072997311457,-0.22753759829484094,-0.34001236364196186,-0.7715917580015249,0.4679120186366932,0.5197680606924027,0.21117532919498908,0.9269351808927324,1.0071707773355658,-0.2289123698422398,-0.12971255391890463,0.7314869473656812,-0.8222799651884861,-0.08740049731296894,-0.2085269382977175,0.26389704933855457,0.26932427432433104,-1.4196480828808378,0.20371559827924363,0.6640713780369978,-0.41766589876630733,-0.9658156680698547,-0.2900173439169566,-0.09370534471779496,0.3550723356420021,1.0375700287997909,-0.5883174936309886
-0.05136620203350969,-0.5174012155321209,0.34801425938990443,-0.6361610840953404,0.677488991461911,0.621191205459077,-1.6196043467348276,-0.3853243938997499,-0.05248041471440642,1.104585863256774,-0.930101004724314,-0.06646056371423588,-1.1627149055088593,0.32280084074063164,1.2121805485209969,-0.1453241043347233,0.25273678920035597,0.2863516333285422,0.48837451348810884,0.04486666767076102,-0.10032492437161543,-0.2288886051370184,-0.7790300002290987,0.12469562170051145,-0.11438507430288099,0.5489390719829691,-0.23508715377923298,-0.27079881136393763,0.5814431253394526,-0.8297977306921903,0.0860520299625592,-0.8211677998883458,-0.04931182088021814,-2.031826197066388,0.4350191536879315,0.8897761466717381,-0.0016537497788983247,-0.046877357431903785,0.699107112944581,-0.043894722137045095,-0.5080274605067628,0.6221268890449315,0.26055505669051754,0.29913231204209106
-0.5248779376697698,-0.9395922472779912,-0.5121607540792039,0.11238210118551792,-0.12451335373279,0.4525666158204127,0.356412964342201,0.5993802566818927,0.2552329823251509,-0.98975693676911,-0.9180681951759815,0.39842990053179883,0.05754889948471431,0.20557072363018294,-0.1453241043347233,1.7816612096515232,-0.21335350543959503,-1.0708109009538607,0.9218497587757221,0.5086320754626418,-0.8210883429107763,0.16858910109481567,0.32613455887439635,-0.11436345643017817,0.49481428103183106,0.5085037529799463,-0.9922320852563502,-0.10668406560110325,-0.13875101255558464,-0.5659666683241312,0.7167443591359757,-0.36200283999637883,-0.2610442350729382,-0.5570938978034,-0.3132970871434048,-0.5240661362576897,0.2081612008641937,-0.7206459770826921,-0.36034465312675307,-0.2741450394767845,0.8815545843499489,0.10980755896950413,1.1397500818687771,0.3149608417746652
0.012421998988196853,-0.368822445971545,0.10506192219549383,0.27725122982645717,0.11600455596432463,0.41017672694857377,-0.9023539757418312,-0.14352958818982864,0.14596754421829397,1.3159307213891922,-0.006546818741401528,0.5359846796249015,-0.6796548077208358,-0.2867046125962921,0.25273678920035597,-0.21335350543959503,0.533989852187206,-0.19430240734354626,0.1644623872836115,0.5492698118970338,0.17208679157820797,0.18710958249200635,-0.29210251753812383,0.2011799450769477,-0.6329509902185566,-0.267003133987175,-0.171869490668869,-0.30350918468095756,-0.3266795554698005,0.42722616698198146,0.05880705813106244,-0.47719135057593703,0.005155992277947419,-0.5311215819077393,0.6952675652435539,0.65229435839614,-0.297324797314162,0.30799855421417605,0.8201043983618558,0.0043622157325060255,-0.3924411862485052,-0.041671067402493024,-0.4750725900890647,0.8880195211845244
0.80966920290688,0.8198261638964341,0.5785188089757493,-0.26234566618655236,-0.5299692522666266,-0.721145680562282,-0.19246909536607343,-0.6571979223617502,-0.33291438469682094,0.6112773956002866,0.7110490319916432,-0.5238598964822799,-0.0893687401116171,-0.09677072997311457,0.2863516333285422,-1.0708109009538607,-0.19430240734354626,1.7064250718834666,-0.2647479358747668,-0.9848442396318466,0.7414031209291856,-1.0654452143786473,-0.6626428918641563,-0.48645211728260535,0.04858186080436469,-0.6176307245546468,0.9974097274063756,0.5886407252421684,0.6268204288237977,-0.20261162699574148,-0.9271686295116849,0.5955998351462956,-0.10985364361087009,-0.5888235719426568,0.4537659976239947,-0.12061126918779452,-0.2372810300656165,0.47244549342582837,0.047662764608388336,0.3996547155547386,-0.3615816749472583,0.10756357148819631,-0.7213409903697572,-1.2957101317804907
-0.07302532430622259,-0.8938649719973676,0.15655603905483012,0.18559043222549362,-0.38945288308263043,0.4586110047578256,-0.9313286174198061,0.012100143919768016,0.1571560111833396,0.9659794989348591,-0.7155286004863073,0.632260542611942,-0.9303255743584347,-0.22753759829484094,0.48837451348810884,0.9218497587757221,0.1644623872836115,-0.2647479358747668,1.073992100813365,0.4081163719828735,-0.15761713965024518,-0.4203510900673533,-0.6226969395899297,-0.22077780649492418,-0.18246527964551562,0.010123947081178123,-0.5821904887105211,-0.08067098960373939,-0.03973439471312621,-0.48711676497493883,0.4048563518089621,-0.5501127410376605,-0.3708263112078153,-1.898277417265292,0.88257148482584,0.06965545192327821,-0.2513445358663881,-0.2108098468698303,0.678837968923476,-3.56241722725901e-4,0.280929556591202,0.27040580219383675,0.3094149084069628,0.5042457162145454
-0.35348143794002634,-0.7696881919476956,-0.12990280600761395,0.49136390169581784,0.1974547419889558,0.6719849649068125,-0.7561072473817645,0.2273525833337407,0.26540052294869587,1.0342311011996594,-0.3405837343897265,0.8795254486633933,-0.6019370200056798,-0.34001236364196186,0.04486666767076102,0.5086320754626418,0.5492698118970338,-0.9848442396318466,0.4081163719828735,1.0997211698805083,-0.13684118756762903,0.5460205253520334,0.020697620349719066,0.3244571979303543,-0.619535554990204,-0.07536411607771656,-0.6725394098440098,-0.4668965948471401,-0.6573089894194716,0.5164501227619693,0.5017193175595777,-0.7142267076036544,-0.07797369356831617,-0.3455279641593997,0.5933198770388611,0.47535394342673964,-0.25891375314860865,0.05268877992611526,0.7999553785209639,-0.1722339025296346,-0.040048476548328285,-0.10867283390528595,-0.18875039560489623,1.4009794727793845
0.5156193819194919,0.4561966621854813,0.619305946706163,0.5164029532996776,-0.7822431108679722,-0.49588372046141016,-0.34311123382332354,-0.3528541790687931,-0.14319609669244962,1.4686940225568894,0.8127303261035129,0.28445277671573455,-0.29177875174270057,-0.7715917580015249,-0.10032492437161543,-0.8210883429107763,0.17208679157820797,0.7414031209291856,-0.15761713965024518,-0.13684118756762903,0.9013712164504786,-0.6081956741811579,-0.5491518904351013,-0.22570771487815786,-0.6865416648090272,-0.9118266410316874,0.6292462048747843,0.27926653137940705,-0.2662172720356719,0.6017413625491218,-0.34897573224499095,0.3560776856321069,-0.14917953085432867,-0.15587660362688047,1.0865200186622013,-0.08267431437797751,-0.539556785568594,0.5526699451427177,0.6987260626268554,0.33788958860780016,-0.2234269234122639,-0.21400469206558903,-1.1470931363594212,-0.0651622292625878
-0.5525575843161826,-0.21406861867000213,-0.6412282679680983,-0.1527444077646522,1.0280166216214166,0.5263744612086384,0.35927032860787605,0.3391127728730545,0.17349075332628203,-0.9445378738024973,-0.2874219905580582,-0.022558133416904956,0.4206256423511826,0.4679120186366932,-0.2288886051370184,0.16858910109481567,0.18710958249200635,-1.0654452143786473,-0.4203510900673533,0.5460205253520334,-0.6081956741811579,1.2353395045491935,0.8295344200390112,0.6074638697835424,0.15923594740940825,0.6213011679689053,-0.4726533852742913,-0.5284434324536904,-0.2780023795996664,0.35599924828241225,0.30820386623793106,-0.36467411358366825,0.3910895664322777,1.313880252775852,-1.0226896790699525,0.45492582630283146,0.40091343629514875,-0.1761744598693746,-0.3879740174800743,-0.3365315323601504,-0.1755045671817561,-0.10821841479122818,0.4664298332953666,0.7531492029383581
-0.3807826685981344,0.2908369089458055,-0.7483738438071739,-0.1234155972224146,0.5238825412143407,-0.11660297913042086,1.481515360930182,0.5000259511046935,0.054988132288047886,-2.075477923405088,0.16615885395272267,-0.42091961750151974,1.2574524164139722,0.5197680606924027,-0.7790300002290987,0.32613455887439635,-0.29210251753812383,-0.6626428918641563,-0.6226969395899297,0.020697620349719066,-0.5491518904351013,0.8295344200390112,1.1785714627277049,0.24483009923004384,0.6302841064619362,0.3938157496168265,-0.16528949280678054,-0.06877747234748259,-0.12032995589378212,0.2572265083044114,0.029805869653580605,0.31028572013443384,0.27845432297322253,2.082121445354321,-1.4461668776841534,-0.41922357766731905,0.4911690596391911,-0.2834885088791314,-1.1675929623927312,-0.26529512629910307,0.3153512740101849,-0.3011720697421665,0.5191380191146971,-0.25834112520021896
-0.2861745721337699,-0.15790575074727076,-0.19058986619949955,-0.16530059046746587,0.6985912530088696,0.3949484213448035,-0.22998940999224435,0.08641028386149754,0.08369124123043457,-0.04889757540121979,-0.2610401867586545,-0.01986910006791734,-0.07275092495064078,0.21117532919498908,0.12469562170051145,-0.11436345643017817,0.2011799450769477,-0.48645211728260535,-0.22077780649492418,0.3244571979303543,-0.22570771487815786,0.6074638697835424,0.24483009923004384,0.41702466353066275,-0.09211532300549394,0.3824575181190209,-0.23119880741397397,-0.3763877076257196,-0.08729132906750126,0.1454306055129923,0.20197259700366282,-0.3743696104454016,0.23246467810561522,0.3738773255179281,-0.3650355722543304,0.5052569769353888,0.16651434634743653,-0.038145438147949864,0.05192309001209201,-0.16349000207478465,-0.26623057713916215,0.018656668018090957,0.15143857130980828,0.5896475431065756
-0.16962522886386894,0.30721732419762954,-0.5018689152553489,-0.786286230665635,0.5515964282713678,-0.15453217135433156,1.1088405252238833,0.1861362067656338,-0.1488624884690344,-2.3051245507060742,-0.3521850822498624,-0.8811540508181579,0.9460288017108548,0.9269351808927324,-0.11438507430288099,0.49481428103183106,-0.6329509902185566,0.04858186080436469,-0.18246527964551562,-0.619535554990204,-0.6865416648090272,0.15923594740940825,0.6302841064619362,-0.09211532300549394,1.28615929959326,0.7962713047683304,-0.03337086883787699,0.22034818962408514,0.6854137052529603,-0.8064511085541377,-0.18216147762474597,0.30294062093677765,0.14216944571725298,0.6697696297421305,-1.5394511123570083,-0.5153883061941079,0.6886231924677133,-0.49147232887375486,-1.3765718170807923,-0.1794923498689169,0.32624783692827536,0.21437146086972902,1.0715913272638078,-1.2143411581543622
-0.6379954243203395,-0.342912335604946,-0.40572712921383575,-0.9804339894196578,1.298279428304593,0.5748821225456189,-0.018029655599701638,0.24109250177926708,-0.011632168202811684,-1.4876446860107613,-1.1936617918166055,-0.6611142369551731,0.12555159562678894,1.0071707773355658,0.5489390719829691,0.5085037529799463,-0.267003133987175,-0.6176307245546468,0.010123947081178123,-0.07536411607771656,-0.9118266410316874,0.6213011679689053,0.3938157496168265,0.3824575181190209,0.7962713047683304,1.418410007169216,-0.5662338489911123,-0.3685649589753975,0.6149445379604059,-1.0315227243348346,0.4504104566371037,-0.5340208065454386,0.25331523155382474,-0.14206500619921622,-1.3039725857910542,0.3274024049897608,0.7256071930140635,-0.6686315691971934,-0.6981592026136478,-0.3855593355790355,0.013093891468644056,0.5023231612636917,1.3533546122726097,-0.0376752903528958
0.5404408530853988,0.8968256756345596,0.3588923624515984,0.032084009326908,-0.45514223152037375,-0.7156388323160098,0.39498899391789927,-0.3577164650431869,-0.25058632914242507,0.14408779488347395,0.8981535582026398,-0.3792714113232645,0.36011119365478556,-0.2289123698422398,-0.23508715377923298,-0.9922320852563502,-0.171869490668869,0.9974097274063756,-0.5821904887105211,-0.6725394098440098,0.6292462048747843,-0.4726533852742913,-0.16528949280678054,-0.23119880741397397,-0.03337086883787699,-0.5662338489911123,0.8828337502082226,0.42358385089204886,0.1464222403885979,0.3162509823787718,-0.6286851672178496,0.7169888230806958,0.05959706095436015,0.6119771438534848,0.12449472914434734,-0.2613619719195015,-0.13479638937649815,0.4177304117496264,-0.14180373592946066,0.29297534280379656,-0.2410428525128525,-0.16595350458274882,-0.7242165269925804,-0.8565890643131797
0.29211272783770303,0.4741268734780832,0.19706854478562622,0.09438586827484514,-0.6226090634592993,-0.5807487989826804,0.5549179591163151,-0.04837914206194024,-0.1629709905202561,-0.34116318464252654,0.4540158207344127,-0.2013931381132676,0.4132612473909313,-0.12971255391890463,-0.27079881136393763,-0.10668406560110325,-0.30350918468095756,0.5886407252421684,-0.08067098960373939,-0.4668965948471401,0.27926653137940705,-0.5284434324536904,-0.06877747234748259,-0.3763877076257196,0.22034818962408514,-0.3685649589753975,0.42358385089204886,0.5123733933599106,0.15142356410639202,-0.07299975798926568,-0.3019428253753962,0.564799209609057,-0.143689545020098,0.1590999303410967,0.08290016431805934,-0.642678648922324,-0.0694786522868761,0.07093757571630831,-0.31870757423198814,0.13978527491399828,0.2244535956640124,-0.051260883134742384,-0.20150628184328176,-0.8794173021832828
0.041661323521413614,0.18661340003014906,0.016404166099335038,-0.8836636585613141,0.5631856533903589,-0.014031441831108726,-0.11606299407703845,-0.2021773665366859,-0.1939720838335708,-0.7902557673463142,-0.46902235508568446,-0.7958120579458411,0.040844228185291084,0.7314869473656812,0.5814431253394526,-0.13875101255558464,-0.3266795554698005,0.6268204288237977,-0.03973439471312621,-0.6573089894194716,-0.2662172720356719,-0.2780023795996664,-0.12032995589378212,-0.08729132906750126,0.6854137052529603,0.6149445379604059,0.1464222403885979,0.15142356410639202,0.8969985250395293,-0.968923996066358,-0.28840658006085135,-0.04944018754335109,0.05332067028447248,-0.6181839760476442,-0.654201696696367,0.09343430329075253,0.36680662080632226,-0.2159937254370608,-0.5346818228815304,-0.04878048715931427,-0.15472955908531474,0.4506334945879303,0.597271387092132,-0.9237050560092536
0.2572875844878395,0.3144894380360175,-0.015386635112490991,0.9680055992145173,-0.5397710395037203,-0.24558274416061066,0.33378866693399994,7.755420013751363e-4,0.12390999141215601,0.9476705470962573,1.1451611491210196,0.6769760886386519,0.22776656859814032,-0.8222799651884861,-0.8297977306921903,-0.5659666683241312,0.42722616698198146,-0.20261162699574148,-0.48711676497493883,0.5164501227619693,0.6017413625491218,0.35599924828241225,0.2572265083044114,0.1454306055129923,-0.8064511085541377,-1.0315227243348346,0.3162509823787718,-0.07299975798926568,-0.968923996066358,1.5422603797751782,-0.2013435330429175,0.3335595647768082,0.09457822098371588,1.4445410424870553,0.5673157945334913,0.03419766434938581,-0.4582974840241422,0.6119085269802514,0.4867144904215429,0.17895277278896157,-0.17830822652985742,-0.6934622490430542,-1.1937546721172185,0.7314776541618427
-0.5003248824769398,-0.6250993895966644,-0.06519271406027619,0.14793656391545462,0.08842613374521686,0.43312534285281395,-0.2296706113353072,0.38086396131245726,0.18772939719262977,0.017661303419833317,-0.6770934215710707,0.34749119052108884,-0.2832776447291405,-0.08740049731296894,0.0860520299625592,0.7167443591359757,0.05880705813106244,-0.9271686295116849,0.4048563518089621,0.5017193175595777,-0.34897573224499095,0.30820386623793106,0.029805869653580605,0.20197259700366282,-0.18216147762474597,0.4504104566371037,-0.6286851672178496,-0.3019428253753962,-0.28840658006085135,-0.2013435330429175,0.810070681267398,-0.42141749372679066,-0.028628874614552303,-0.3675393461990397,0.09532977754017125,0.03255577548967698,0.07925134013830054,-0.41086214566335655,0.22645115750737876,-0.2083901340796496,0.3162916294728865,0.10183295899569406,0.5471821342552975,0.8248100501678932
0.37869645096628846,0.9064269501691424,0.037931930287901316,0.24589536227090428,-0.8176605020263663,-0.9385132839173154,1.404319005514909,0.015928250034676367,-0.1808743820440837,-0.9726711043761339,0.978841885390361,-0.3828001352135829,1.0218913097165752,-0.2085269382977175,-0.8211677998883458,-0.36200283999637883,-0.47719135057593703,0.5955998351462956,-0.5501127410376605,-0.7142267076036544,0.3560776856321069,-0.36467411358366825,0.31028572013443384,-0.3743696104454016,0.30294062093677765,-0.5340208065454386,0.7169888230806958,0.564799209609057,-0.04944018754335109,0.3335595647768082,-0.42141749372679066,1.0854876533526874,0.020870615699693135,1.3849431865206243,-0.32251510764664454,-0.9350013038353002,0.0216336190346268,0.11688497335043699,-0.7466345397557534,0.2191630483730708,0.32725008230436514,-0.35472428299118364,-0.3183553974135221,-1.0994830125760295
-0.08919036916032934,0.17634184782912285,-0.18711840020441037,-0.22009880325737327,0.44218157321055507,0.07582624129926542,0.22626241902169086,0.013926669156717678,0.010131193349263342,-0.4785088221093823,0.03348457741608465,-0.26642105885552336,0.2542355560881041,0.26389704933855457,-0.04931182088021814,-0.2610442350729382,0.005155992277947419,-0.10985364361087009,-0.3708263112078153,-0.07797369356831617,-0.14917953085432867,0.3910895664322777,0.27845432297322253,0.23246467810561522,0.14216944571725298,0.25331523155382474,0.05959706095436015,-0.143689545020098,0.05332067028447248,0.09457822098371588,-0.028628874614552303,0.020870615699693135,0.27194111528447384,0.6583382142489536,-0.5562378391496994,0.22715505711041364,0.23607776350315682,-0.00936512750037918,-0.2836386414118985,-0.07500719109600512,-0.20039067623882073,-0.025315370049855887,0.15494304751319837,0.012062945546986252
-0.18883642627245117,1.4675625351421702,-0.9725584532262066,0.29127603339849195,0.2540750670117694,-0.9651774340810397,3.2463713089697452,0.6538810199279288,-0.05486041197355679,-3.2163157716583877,1.5549285086690103,-0.7898953744492936,2.6968122853119345,0.26932427432433104,-2.031826197066388,-0.5570938978034,-0.5311215819077393,-0.5888235719426568,-1.898277417265292,-0.3455279641593997,-0.15587660362688047,1.313880252775852,2.082121445354321,0.3738773255179281,0.6697696297421305,-0.14206500619921622,0.6119771438534848,0.1590999303410967,-0.6181839760476442,1.4445410424870553,-0.3675393461990397,1.3849431865206243,0.6583382142489536,5.087573266165621,-2.2545542473868716,-1.0058452716336248,0.6044990701115308,0.045768150412343354,-1.9974957725068796,-0.14118651380176578,0.3224557704993201,-1.0091334401382555,-0.138887506430521,-0.7334221533470185
0.5097161290466221,-0.5064527461748118,1.0320262179154258,1.064780832676233,-1.3669673162480662,0.028018706660627227,-1.8314385487432883,-0.45517254262574897,0.0693965844696997,3.560948869578448,0.343623609386938,1.3143994195447493,-1.6487419323603127,-1.4196480828808378,0.4350191536879315,-0.3132970871434048,0.6952675652435539,0.4537659976239947,0.88257148482584,0.5933198770388611,1.0865200186622013,-1.0226896790699525,-1.4461668776841534,-0.3650355722543304,-1.5394511123570083,-1.3039725857910542,0.12449472914434734,0.08290016431805934,-0.654201696696367,0.5673157945334913,0.09532977754017125,-0.32251510764664454,-0.5562378391496994,-2.2545542473868716,2.7257348636187824,0.3017910618506077,-1.1241938382976913,0.6576464734321907,2.062601517034586,0.40199197861649116,-0.2142648408007942,-0.0578144200062514,-1.4683497303040363,1.0383847640366952
-0.08460280678313946,-0.5299961362239418,0.040162646903577105,-0.34070918150002233,0.9859447422748557,0.8609127475292744,-1.578479156091829,-0.3606094190164524,0.1464645689080464,1.3959675506400029,-0.5235784340151755,0.2066338728145993,-1.089746145168502,0.20371559827924363,0.8897761466717381,-0.5240661362576897,0.65229435839614,-0.12061126918779452,0.06965545192327821,0.47535394342673964,-0.08267431437797751,0.45492582630283146,-0.41922357766731905,0.5052569769353888,-0.5153883061941079,0.3274024049897608,-0.2613619719195015,-0.642678648922324,0.09343430329075253,0.03419766434938581,0.03255577548967698,-0.9350013038353002,0.22715505711041364,-1.0058452716336248,0.3017910618506077,1.4195000545930145,-0.05117799244496231,0.24639527974290942,0.8913486102784252,-0.07850323844296361,-0.8641406168693003,0.2659866437626957,-0.11360032609565672,1.0907528941987954
-0.27993506000540935,0.1072937106954473,-0.3807983292174957,-0.5627893145219401,0.6580614443295033,0.09532219500499829,0.5786035183035433,0.18400616011361254,-0.027750535862264215,-1.4610129728190768,-0.3674580580179688,-0.5794603290101942,0.5402346096371871,0.6640713780369978,-0.0016537497788983247,0.2081612008641937,-0.297324797314162,-0.2372810300656165,-0.2513445358663881,-0.25891375314860865,-0.539556785568594,0.40091343629514875,0.4911690596391911,0.16651434634743653,0.6886231924677133,0.7256071930140635,-0.13479638937649815,-0.0694786522868761,0.36680662080632226,-0.4582974840241422,0.07925134013830054,0.0216336190346268,0.23607776350315682,0.6044990701115308,-1.1241938382976913,-0.05117799244496231,0.5302702663624579,-0.36006671429558357,-0.8117722491504067,-0.2050085849353634,0.0770868327525177,0.14960377276059425,0.7895503227502817,-0.40428225911515625
0.37551148323727024,0.2961531391338958,0.2798436332794441,0.31345945024139305,-0.26991472631501034,-0.17746519172933237,-0.36562135941922064,-0.31784399676191577,-0.04923503821760148,1.1029101640207988,0.6474409931898205,0.24110975951122463,-0.23491963660766388,-0.41766589876630733,-0.046877357431903785,-0.7206459770826921,0.30799855421417605,0.47244549342582837,-0.2108098468698303,0.05268877992611526,0.5526699451427177,-0.1761744598693746,-0.2834885088791314,-0.038145438147949864,-0.49147232887375486,-0.6686315691971934,0.4177304117496264,0.07093757571630831,-0.2159937254370608,0.6119085269802514,-0.41086214566335655,0.11688497335043699,-0.00936512750037918,0.045768150412343354,0.6576464734321907,0.24639527974290942,-0.36006671429558357,0.5444810478803388,0.5304876265094187,0.19819063835082737,-0.4060207259689414,-0.1962877181904394,-0.9094532102977549,0.10908259413323936
0.22846645982362157,-0.6894720358650593,0.730757840247967,0.6578185532385099,-0.4461585348678851,0.5035973560338827,-2.0626125379329836,-0.4197334179981074,0.13818200084525828,3.211180304089205,-0.08580619522788262,1.129865500620981,-1.6961764769702123,-0.9658156680698547,0.699107112944581,-0.36034465312675307,0.8201043983618558,0.047662764608388336,0.678837968923476,0.7999553785209639,0.6987260626268554,-0.3879740174800743,-1.1675929623927312,0.05192309001209201,-1.3765718170807923,-0.6981592026136478,-0.14180373592946066,-0.31870757423198814,-0.5346818228815304,0.4867144904215429,0.22645115750737876,-0.7466345397557534,-0.2836386414118985,-1.9974957725068796,2.062601517034586,0.8913486102784252,-0.8117722491504067,0.5304876265094187,1.943259334597921,0.21227086303177417,-0.5076423878177291,0.07017080450508639,-1.0590043752855023,1.4515856453905112
0.2897004167323793,0.18040510381478989,0.22173348026318487,0.17764976760496992,-0.40902312025651766,-0.2330965221181692,-0.07376837782507394,-0.19696251889928112,-0.058891319734826385,0.5195628774646873,0.33636314062425293,0.08368214150766921,-0.12336493768494229,-0.2900173439169566,-0.043894722137045095,-0.2741450394767845,0.0043622157325060255,0.3996547155547386,-3.56241722725901e-4,-0.1722339025296346,0.33788958860780016,-0.3365315323601504,-0.26529512629910307,-0.16349000207478465,-0.1794923498689169,-0.3855593355790355,0.29297534280379656,0.13978527491399828,-0.04878048715931427,0.17895277278896157,-0.2083901340796496,0.2191630483730708,-0.07500719109600512,-0.14118651380176578,0.40199197861649116,-0.07850323844296361,-0.2050085849353634,0.19819063835082737,0.21227086303177417,0.1918449768777479,-0.046800705073867896,-0.08275805125115103,-0.3864227999565935,-0.14938902797664746
-0.1569869709736319,-0.11296367379201909,-0.19331495315996702,0.2606387589321543,-0.571037827840767,-0.25757882267848653,0.8882487309702238,0.41402115953676477,0.04947500910472405,-0.9557154040730172,-0.0721047148918217,0.06568801355733418,0.516207868301177,-0.09370534471779496,-0.5080274605067628,0.8815545843499489,-0.3924411862485052,-0.3615816749472583,0.280929556591202,-0.040048476548328285,-0.2234269234122639,-0.1755045671817561,0.3153512740101849,-0.26623057713916215,0.32624783692827536,0.013093891468644056,-0.2410428525128525,0.2244535956640124,-0.15472955908531474,-0.17830822652985742,0.3162916294728865,0.32725008230436514,-0.20039067623882073,0.3224557704993201,-0.2142648408007942,-0.8641406168693003,0.0770868327525177,-0.4060207259689414,-0.5076423878177291,-0.046800705073867896,0.780481518958007,-0.128181113832031,0.4523694031405671,-0.29736319593511806
-0.11575542522742115,-0.23782130219802755,0.12160499414338626,-0.48377966772583036,0.40271578238219985,0.2717387805379808,-0.5965378830426481,-0.11796000072984443,-0.07270799305345339,0.03829803539815635,-0.6387606345832082,-0.20577810299256333,-0.40428903169501,0.3550723356420021,0.6221268890449315,0.10980755896950413,-0.041671067402493024,0.10756357148819631,0.27040580219383675,-0.10867283390528595,-0.21400469206558903,-0.10821841479122818,-0.3011720697421665,0.018656668018090957,0.21437146086972902,0.5023231612636917,-0.16595350458274882,-0.051260883134742384,0.4506334945879303,-0.6934622490430542,0.10183295899569406,-0.35472428299118364,-0.025315370049855887,-1.0091334401382555,-0.0578144200062514,0.2659866437626957,0.14960377276059425,-0.1962877181904394,0.07017080450508639,-0.08275805125115103,-0.128181113832031,0.42367181873966486,0.4354898673742292,-0.1212745628512623
-0.6237356917598063,-0.5203120765768638,-0.6424858269804831,-0.8276930632968074,0.8276526580533229,0.4833405111279983,0.530524762938917,0.4411011807072558,0.11647557948897425,-2.125432105202716,-1.2152039255658689,-0.5938656718272758,0.38082199036302405,1.0375700287997909,0.26055505669051754,1.1397500818687771,-0.4750725900890647,-0.7213409903697572,0.3094149084069628,-0.18875039560489623,-1.1470931363594212,0.4664298332953666,0.5191380191146971,0.15143857130980828,1.0715913272638078,1.3533546122726097,-0.7242165269925804,-0.20150628184328176,0.597271387092132,-1.1937546721172185,0.5471821342552975,-0.3183553974135221,0.15494304751319837,-0.138887506430521,-1.4683497303040363,-0.11360032609565672,0.7895503227502817,-0.9094532102977549,-1.0590043752855023,-0.3864227999565935,0.4523694031405671,0.4354898673742292,1.7876287612278772,-0.28194439581674474
-0.44400915857842826,-1.161279493626629,-0.031949894831384454,0.6606954440256338,0.31241405205183814,1.0517059252115877,-1.4620073355107017,0.15630213864234258,0.4425976678302977,2.0152868256756316,-0.5320276822840038,1.2116319008505438,-1.2370144061230965,-0.5883174936309886,0.29913231204209106,0.3149608417746652,0.8880195211845244,-1.2957101317804907,0.5042457162145454,1.4009794727793845,-0.0651622292625878,0.7531492029383581,-0.25834112520021896,0.5896475431065756,-1.2143411581543622,-0.0376752903528958,-0.8565890643131797,-0.8794173021832828,-0.9237050560092536,0.7314776541618427,0.8248100501678932,-1.0994830125760295,0.012062945546986252,-0.7334221533470185,1.0383847640366952,1.0907528941987954,-0.40428225911515625,0.10908259413323936,1.4515856453905112,-0.14938902797664746,-0.29736319593511806,-0.1212745628512623,-0.28194439581674474,2.365175771824978
