V1,V2,V3,V4,V5,V6,V7,V8,V9,V10,V11,V12,V13,V14,V15,V16,V17,V18,V19,V20,V21,V22,V23,V24,V25,V26,V27,V28,V29,V30,V31,V32,V33,V34,V35,V36,V37,V38,V39,V40,V41,V42,V43,V44
0.3935593001885972,0.581276701079511,-0.05501277364669208,-0.09068993561544934,-0.3604526908309696,-0.4759384028677232,0.7165524931205012,-0.14159716738876715,-0.08624837128939049,-0.677445121635413,0.5645285815183201,-0.3851231360236686,0.5483044622438695,0.11593913002868209,-0.29468411774915854,-0.3292769032182397,-0.2779280112014138,0.7009839050107798,-0.35639552913712574,-0.6050007680057422,0.13805070336576158,-0.2616929597459581,0.09258939735441922,-0.23551537312477042,0.3588808489214564,-0.25881984591295626,0.5367107204794792,0.39442336833146635,0.2258129196104519,0.06453189584028893,-0.4417001709425033,0.6523038229064472,0.1420592910019615,0.6086013740232917,-0.4260369385449307,-0.3216084874288615,0.13264233139081297,0.09165028281084896,-0.5435926607406381,0.14331693214283583,0.015446623194081244,-0.08830527502816697,-0.010679556127140225,-0.9024795762199459
0.581276701079511,1.9222245429978337,0.061280987266224836,-0.3457186569407689,0.00812897112821413,-1.3752706519277267,1.8892809208105446,-0.2195315640810327,-0.6035800672353161,-1.6628304118265396,1.4577622962272618,-1.2003212440343403,1.733500798697402,0.1459180989179439,-0.9134502361875366,-1.275067968702346,-0.7398546072637592,1.2897006893737846,-1.5029886282407752,-1.155697162570593,0.6407019055423212,-0.23187112520140604,0.7639399864321211,-0.1991261424376979,0.7930539393056255,-0.41213071545920027,1.3713211770744593,0.7158115996420097,0.3737248284679945,0.5516697909618016,-1.151442775215652,1.4183788882004151,0.2595008739642645,2.732064949330845,-1.2504268863124874,-0.9629440943272852,0.25713176822333866,0.3911749812212988,-1.3966200991763777,0.28823894156956664,-0.03755278567004774,-0.42905102314976135,-0.7652540896304513,-2.0139753944019927
-0.05501277364669208,0.061280987266224836,0.42817253969075353,-0.14165026080834722,-0.02501879226562669,-0.19012838287457853,-0.26588596064225256,-0.012107319125696646,-0.30764946809880533,0.30141479950842676,-0.35050781405799164,-0.05651397197514125,-0.19434394690548315,-0.2083003363835201,0.24033445789512442,0.27488317864164924,-0.28233270608773514,0.1384351843811633,0.294409880903976,-0.023886588183859404,0.22719599569534876,-0.5024095801440104,-0.2600533032502638,-0.17130492857888838,0.13248267295177096,0.1442816853324015,-0.018781848595034307,0.15319861576330857,0.18099909532401276,-0.40952404145906324,0.0962710698892256,-0.07843634523617889,-0.3297711712347036,-0.6544671582423428,0.325701802862739,-0.45047316744617816,-0.12207775963256101,-0.14448629387939244,0.12010400565341706,0.07758782481156058,0.31766860721271634,0.1802103546007316,-0.1083847792495253,-0.3087908573710959
-0.09068993561544934,-0.3457186569407689,-0.14165026080834722,0.69171673160209,-0.937070898169283,-0.07493726791288957,0.5378868879360651,0.36369200596647905,0.28194818473816546,-0.17086439513539015,0.15274835634257097,0.5341026267446632,0.1666841066823918,-0.39280617920399447,-0.5379303543854097,0.6886060109705748,-0.004817738384333558,-0.5307981958554071,0.3804240032368569,0.21535694005389946,-0.11149496581563506,-0.033262410427027794,0.06364349063250266,-0.20734004642732076,-0.20990576363035363,-0.34181732566993767,-0.27248490364110445,0.1280204834304709,-0.525364855412667,0.21796543687670633,0.45979644466482855,0.24540081177866854,-0.12101046588737212,0.10261345635749913,0.35971767726064424,-0.5049270600292364,-0.1228144434226821,-0.18510264641434204,0.031148290964114766,-0.03097155525819369,0.5267591637850373,-0.22058307284678885,0.2117558301465249,0.3208944610409445
-0.3604526908309696,0.00812897112821413,-0.02501879226562669,-0.937070898169283,2.7146803585924,0.9659450723187855,-1.771191343642262,-0.4500793841058683,-0.33708397749763114,1.3294236725139976,-0.59560105640306,-0.2184429015051565,-0.7749521680930964,0.4879115759482697,0.9830977891489886,-1.0972206969334763,0.6906490243874427,-0.3140673788617326,-0.7342499846212833,0.9644200273870035,0.06704556272189803,1.1624560298669042,0.30275149268893986,1.0955912826721241,-0.27583484209079595,0.7627372242654017,-0.2068087584110303,-1.061902512597732,0.18908213506139113,0.5105577872078574,-0.45211728766755654,-1.4010268990234003,0.3085526504810578,0.3291036024337157,-0.4803714460102249,1.753786607356805,0.03910194886207609,0.525040104713537,0.7023531548489595,-0.17092859979773908,-1.2794299687623725,0.15116569965529475,-0.8364868215880344,1.1971066980423002
-0.4759384028677232,-1.3752706519277267,-0.19012838287457853,-0.07493726791288957,0.9659450723187855,1.480792183333774,-1.995231260853615,-0.048336122352157444,0.47845481471287155,1.6083107884194863,-1.1262504054174953,0.8001570443906564,-1.5200545550988944,0.1906043286897253,1.0118333308273886,0.2857676816153295,0.9351948026019705,-1.0131882930764022,0.6446220371767833,1.1443776221248594,-0.5380631070510312,0.837020603154899,-0.4487316013626301,0.6542517490798788,-0.7523037243217272,0.5625317792735561,-0.9783707601718812,-0.929696939797691,-0.24553751898285128,-0.0518668355652623,0.696489643369294,-1.4590246593448097,0.20068283334493758,-1.670259942561591,0.5462113211406404,1.6724001450765589,-0.04258209230781253,-0.03688139521819579,1.2631382203171198,-0.3138219064226483,-0.6897172047398209,0.37479373473755384,0.407531931529854,2.020258456628116
0.7165524931205012,1.8892809208105446,-0.26588596064225256,0.5378868879360651,-1.771191343642262,-1.995231260853615,3.5418919629442303,0.2527353630714423,-0.22168895094536437,-2.90104790361584,2.146092688087039,-0.9407969214346583,2.5979681452172034,-0.18334346211278366,-2.0080005176811966,-0.534030700052798,-1.0745999592642466,1.0975652932914144,-1.2393173837821185,-1.61071567726117,0.47124093815133733,-0.5819327745364545,1.0016677103598666,-0.7958550210559935,0.878023872247153,-1.0663771153536825,1.4068205615829106,1.2603505270987827,-0.07741579941432782,0.6669205750983264,-0.8644881772463375,2.414059683429972,0.1475245019687863,3.415246933682964,-1.1583742214302997,-2.118539563595758,0.2372982730039306,0.11175046011716704,-2.037163185387681,0.34061618528931337,0.8303926845471783,-0.8299754080686644,-0.2959796172750883,-2.4898892845281733
-0.14159716738876715,-0.2195315640810327,-0.012107319125696646,0.36369200596647905,-0.4500793841058683,-0.048336122352157444,0.2527353630714423,0.2805655263016813,0.09373247496651745,-0.06807788702106272,-0.056475141598954684,0.305459844009249,0.07507905793390772,-0.27259451489670755,-0.2726864414937951,0.5368430231707076,-0.07058371252592323,-0.3803146687875509,0.27191082544418754,0.22083618239026037,-0.03811256186049634,-0.07374726617880735,0.059294512788594926,-0.10518819150716385,-0.10884488274867098,-0.11090391933680238,-0.23699397829888807,0.06651407106457075,-0.2943726804462843,0.054757587998983843,0.35543809894758466,0.059380537715314416,-0.15104251168550809,-0.004962671879384727,0.22867665437918838,-0.40458866103305763,-0.09082245821016971,-0.18162419306745323,0.034697913226913145,-0.037869505351096414,0.4268435610901679,-0.10250801103458806,0.1131810806108371,0.20625257373618322
-0.08624837128939049,-0.6035800672353161,-0.30764946809880533,0.28194818473816546,-0.33708397749763114,0.47845481471287155,-0.22168895094536437,0.09373247496651745,0.5313994868183187,0.110418001155224,-0.07940515774809964,0.34306496557425636,-0.33023164356065277,0.12877910009128332,0.0648254446840593,0.06484456820135846,0.4162218406818137,-0.40253251655302824,0.22116151278716517,0.10916801722010532,-0.40000156850601876,0.35828964378308364,-0.1718640040149214,0.10622242346560924,-0.3969043927358812,-0.016788114580132935,-0.29692032187311906,-0.21273291566869545,-0.2186141945818126,0.01015276218873874,0.3988206207199546,-0.1697490613811284,0.26495906523597484,-0.42805562672481523,0.18052350764882896,0.6075898665258667,0.08183309994873407,-0.060987227289499825,0.2809543084982296,-0.1529063089799682,-0.2440298049468189,0.037559627320432436,0.5180716340855356,0.7374781312401435
-0.677445121635413,-1.6628304118265396,0.30141479950842676,-0.17086439513539015,1.3294236725139976,1.6083107884194863,-2.90104790361584,-0.06807788702106272,0.110418001155224,2.698024946115016,-1.818727750539726,1.0957206306740983,-2.181909678642319,-0.21300776759962048,1.468114081238083,0.8427321505636691,0.8390507472065816,-1.2072177201265726,1.2193659917149915,1.6849281812886743,-0.2525543036090037,0.4241781897729158,-0.7611709125886597,0.6360733865741621,-0.8284161861073663,0.7537761279950249,-1.3335863371561738,-1.0742230503082906,-0.23895407678076436,-0.31620245207187,0.879493502626136,-2.055810670110109,-0.32098756003311846,-2.741559954574139,1.214377391249102,1.4344994862262679,-0.3730525306207007,-0.13738126522607458,1.8501455595785115,-0.23864924986025304,-0.3593097040543242,0.5466706631966638,0.027592804876807386,2.3094071665942235
0.5645285815183201,1.4577622962272618,-0.35050781405799164,0.15274835634257097,-0.59560105640306,-1.1262504054174953,2.146092688087039,-0.056475141598954684,-0.07940515774809964,-1.818727750539726,1.701411880867476,-0.8094037848297171,1.7334283444909229,0.1604919845759055,-1.2220998433785968,-1.1299622992819156,-0.3963811345118366,0.8720214390396726,-1.3472401548999866,-1.0818233853029684,0.30066861027239566,0.09728429881632869,0.8012214721514425,-0.2124382220483714,0.46088986245971825,-0.6920869488582615,1.1490688061135588,0.6122253897335725,0.0025502184944886774,0.7959995012709332,-0.9018494075959361,1.4940634885485407,0.4474900712263829,2.804294580225508,-1.0965849502335814,-0.6850373355830948,0.2692309263867588,0.3968165936318047,-1.3130808859350744,0.18605482675028615,-0.10800799390872874,-0.5997984784314655,-0.4228329565821841,-1.453009443560087
-0.3851231360236686,-1.2003212440343403,-0.05651397197514125,0.5341026267446632,-0.2184429015051565,0.8001570443906564,-0.9407969214346583,0.305459844009249,0.34306496557425636,1.0957206306740983,-0.8094037848297171,1.0950028029248968,-0.9323402318483045,-0.409864107931743,0.24736908564857102,1.2011862062043561,0.407931117405873,-1.0692935697205155,1.0222679687071037,1.0877815363421128,-0.31000465780274106,0.21506215883380525,-0.3158582837923609,0.10954429365062607,-0.5136414689872162,0.07465626212028903,-0.9505930221930453,-0.3734349353447855,-0.5900970390089277,0.04152599931728866,0.8670413779136421,-0.7876721107481827,-0.23010168458003188,-1.3383780749931835,0.8342245448364107,0.2687081549890332,-0.24773210726182032,-0.2810290741555059,0.9058446339236133,-0.1651816029982156,0.3301895516365595,0.11199630342962544,0.34548748418120434,1.4019557874450495
0.5483044622438695,1.733500798697402,-0.19434394690548315,0.1666841066823918,-0.7749521680930964,-1.5200545550988944,2.5979681452172034,0.07507905793390772,-0.33023164356065277,-2.181909678642319,1.7334283444909229,-0.9323402318483045,2.0868766260553695,-0.006644143952951669,-1.4567096789647438,-0.8298866313157496,-0.7697592391869233,0.9605088057906003,-1.3251586560636595,-1.173030314777919,0.4667779718765399,-0.2253767770930292,0.9452016648661175,-0.40743038084427685,0.7276166223989428,-0.723347211663061,1.229627996772588,0.8655528314074915,0.0365275099706517,0.6990766623593804,-0.9285400526971765,1.748657021836944,0.21231769034885567,3.0686478181081664,-1.1580468521190197,-1.3931543592509716,0.22548203113147577,0.2657676696989342,-1.6074970752499131,0.24936505588442406,0.34638459288661244,-0.6552225397499966,-0.5303300234372594,-1.9592041832138707
0.11593913002868209,0.1459180989179439,-0.2083003363835201,-0.39280617920399447,0.4879115759482697,0.1906043286897253,-0.18334346211278366,-0.27259451489670755,0.12877910009128332,-0.21300776759962048,0.1604919845759055,-0.409864107931743,-0.006644143952951669,0.544698089045202,0.27678914531588034,-0.8112138298908375,0.2524746012633479,0.3416216529585527,-0.44727179656447424,-0.34906134298556896,-0.17571883519239218,0.3388203473768085,0.010316071395971854,0.2012217590399084,0.018465510112125702,0.14669117869464202,0.24245989013854377,-0.14304336946569482,0.3378197042192163,-0.06420628001054632,-0.3570455400869335,-0.0556347860936717,0.37161491348820935,0.15634753233623522,-0.41244513473563826,0.7592352922473393,0.2224259115024828,0.223843499796562,-0.12335506791306983,-0.06642413700028307,-0.7031107310100805,0.10902629673994811,0.09800411797316148,-0.0817212007143636
-0.29468411774915854,-0.9134502361875366,0.24033445789512442,-0.5379303543854097,0.9830977891489886,1.0118333308273886,-2.0080005176811966,-0.2726864414937951,0.0648254446840593,1.468114081238083,-1.2220998433785968,0.24736908564857102,-1.4567096789647438,0.27678914531588034,1.3072484749058597,0.08960650322055834,0.4956543640338552,-0.25249033127776227,0.6491016095450486,0.5448873404303443,-0.25681552806638874,0.1185502271051513,-0.7164400601584465,0.3511423934325511,-0.3407232801381908,0.6866212503234244,-0.6077095972834649,-0.583453865404311,0.3441252275219235,-0.6842443964150883,0.34868836068307973,-1.244457072192224,-0.053523803460062705,-2.171408897760302,0.5642184633744972,1.2016679205393075,-0.049354562049655305,-0.076440055376673,1.011103633296205,-0.15630712817956238,-0.5620064574642192,0.607659838756382,0.2861163961017792,1.0023263677848158
-0.3292769032182397,-1.275067968702346,0.27488317864164924,0.6886060109705748,-1.0972206969334763,0.2857676816153295,-0.534030700052798,0.5368430231707076,0.06484456820135846,0.8427321505636691,-1.1299622992819156,1.2011862062043561,-0.8298866313157496,-0.8112138298908375,0.08960650322055834,2.4032604589159585,-0.25341242826541527,-0.8641053001552197,1.829067262337808,0.9308662291940988,-0.15368814264164876,-0.8467375995966845,-0.532534554139559,-0.5398473058682683,-0.055860649791817034,-0.0556099632825777,-1.1019736308262575,0.15912012458060976,-0.44982257734567116,-0.5917849030661017,1.03606376127404,-0.49679505970030274,-0.8875642369783681,-2.217449227275086,1.2538401673117503,-1.0728684695490665,-0.450120102250766,-0.7142042127838277,0.6674493784463148,-0.006851146961777684,1.428865176628121,0.18947403336870985,0.5363576634595574,0.5650224636361307
-0.2779280112014138,-0.7398546072637592,-0.28233270608773514,-0.004817738384333558,0.6906490243874427,0.9351948026019705,-1.0745999592642466,-0.07058371252592323,0.4162218406818137,0.8390507472065816,-0.3963811345118366,0.407931117405873,-0.7697592391869233,0.2524746012633479,0.4956543640338552,-0.25341242826541527,0.7608902638847321,-0.6584170810172211,0.0829570649822879,0.6239352037555271,-0.38273228745373417,0.816622018864058,-0.12219207910365841,0.524411677113325,-0.578945837052993,0.2599711357099794,-0.48817403459601244,-0.6639244360322177,-0.21665443215189556,0.20078727443673794,0.2888242968698654,-0.8346695845835562,0.31234020431085174,-0.5297998387717959,0.19150555542524186,1.3087051737623412,0.028169731172515425,0.1556966774259635,0.7112572813644941,-0.23603394762094904,-0.7329909246252652,0.11731103396475569,0.1485636845756844,1.3575020942931653
0.7009839050107798,1.2897006893737846,0.1384351843811633,-0.5307981958554071,-0.3140673788617326,-1.0131882930764022,1.0975652932914144,-0.3803146687875509,-0.40253251655302824,-1.2072177201265726,0.8720214390396726,-1.0692935697205155,0.9605088057906003,0.3416216529585527,-0.25249033127776227,-0.8641053001552197,-0.6584170810172211,1.6007794459787625,-0.7586420268929357,-1.3248237215009129,0.3889523749039222,-0.7179098296709764,0.08092904322796449,-0.44777590301357933,0.7878195823305152,-0.27520563138495274,1.1220615669890444,0.7678265237538089,0.7651459733567946,-0.2262402191796911,-0.9866003905148478,1.1148942644062674,0.14719901962983026,0.8801519977924197,-0.8053377447680773,-0.6393967215705879,0.2448555523066536,0.1798452105591737,-1.0533587408646754,0.2890267601131875,-0.04816394190325225,-0.009202017609521102,-0.16057458151094375,-2.0153343650324906
-0.35639552913712574,-1.5029886282407752,0.294409880903976,0.3804240032368569,-0.7342499846212833,0.6446220371767833,-1.2393173837821185,0.27191082544418754,0.22116151278716517,1.2193659917149915,-1.3472401548999866,1.0222679687071037,-1.3251586560636595,-0.44727179656447424,0.6491016095450486,1.829067262337808,0.0829570649822879,-0.7586420268929357,1.8181104799490897,0.7232438599100759,-0.3249816104814023,-0.7004542542029836,-0.8730967037251536,-0.38670672304061904,-0.2515499295714301,0.18688293721743282,-1.1137432532247789,-0.0948320610095581,-0.15099979714442516,-0.9504746341851265,0.973327335373212,-0.8573268228362533,-0.7204932143851305,-2.951516867081379,1.4015125563918085,-0.2752179069011073,-0.3741341974492871,-0.577500182429115,0.9662520552337615,-0.07700938246816084,0.803112904936154,0.4371053257238028,0.6789422685245295,0.8364956056783535
-0.6050007680057422,-1.155697162570593,-0.023886588183859404,0.21535694005389946,0.9644200273870035,1.1443776221248594,-1.61071567726117,0.22083618239026037,0.10916801722010532,1.6849281812886743,-1.0818233853029684,1.0877815363421128,-1.173030314777919,-0.34906134298556896,0.5448873404303443,0.9308662291940988,0.6239352037555271,-1.3248237215009129,0.7232438599100759,1.692539865869857,-0.1970684549048502,0.6920757343299915,-0.06566119709392543,0.5833116164795826,-0.6226166321036868,0.36838006512262583,-1.1000447857874893,-0.8025036581434262,-0.6253624880099211,0.3812837417601023,0.73178016200138,-1.395335632872529,-0.19868408749403388,-1.0081052685520078,0.6468283139211856,0.7855929969585704,-0.2939664574087486,-0.09361027780106866,1.199560253720473,-0.23889227660380208,-0.01953291140979805,0.10693066008279795,-0.14538421103774637,1.9385174829972522
0.13805070336576158,0.6407019055423212,0.22719599569534876,-0.11149496581563506,0.06704556272189803,-0.5380631070510312,0.47124093815133733,-0.03811256186049634,-0.40000156850601876,-0.2525543036090037,0.30066861027239566,-0.31000465780274106,0.4667779718765399,-0.17571883519239218,-0.25681552806638874,-0.15368814264164876,-0.38273228745373417,0.3889523749039222,-0.3249816104814023,-0.1970684549048502,0.3935487479559523,-0.30079572570262797,0.2126080899954311,-0.11810866796430232,0.2923894190789691,-0.11773893370949076,0.3717719470921241,0.25416664441689807,0.0973946696932959,0.14011523123961087,-0.3345406766828186,0.3565221545163444,-0.15123112859722745,0.7047080323803195,-0.20928493357392114,-0.6110182877427206,-0.055249629531469405,0.0729155826199204,-0.33654308230914193,0.1520315264266937,0.2422234285563168,-0.13398313549632312,-0.460857356371872,-0.6885424033854968
-0.2616929597459581,-0.23187112520140604,-0.5024095801440104,-0.033262410427027794,1.1624560298669042,0.837020603154899,-0.5819327745364545,-0.07374726617880735,0.35828964378308364,0.4241781897729158,0.09728429881632869,0.21506215883380525,-0.2253767770930292,0.3388203473768085,0.1185502271051513,-0.8467375995966845,0.816622018864058,-0.7179098296709764,-0.7004542542029836,0.6920757343299915,-0.30079572570262797,1.433482709544773,0.4079311109988774,0.8620459942538402,-0.5745797729050739,0.23100089446937974,-0.19243352836281347,-0.7761841613102872,-0.41803441624028576,0.8956378233284268,0.06158951771719145,-0.6038037232141779,0.6751506942108004,1.01202618384046,-0.4674522650604719,1.5091866381437136,0.1854260003260056,0.3679244753081281,0.408354420454849,-0.25861889062983034,-1.0367795045545416,-0.13958078418761594,-0.15021414237177816,1.419414129445629
0.09258939735441922,0.7639399864321211,-0.2600533032502638,0.06364349063250266,0.30275149268893986,-0.4487316013626301,1.0016677103598666,0.059294512788594926,-0.1718640040149214,-0.7611709125886597,0.8012214721514425,-0.3158582837923609,0.9452016648661175,0.010316071395971854,-0.7164400601584465,-0.532534554139559,-0.12219207910365841,0.08092904322796449,-0.8730967037251536,-0.06566119709392543,0.2126080899954311,0.4079311109988774,0.7716880399219995,0.15967193082751915,0.1748011940428141,-0.2714387053946033,0.41716896687965604,0.050242578559076975,-0.20449697947449597,0.7919521832891111,-0.5001524073732874,0.4735799269246567,0.18225136474967082,2.0170493299011345,-0.714270962012624,-0.2756370175676357,0.0665426374373831,0.2813450191949915,-0.6009124905447145,0.045946266705918434,-0.06163060167098068,-0.4618449588517753,-0.5701982577513802,-0.3553486201059478
-0.23551537312477042,-0.1991261424376979,-0.17130492857888838,-0.20734004642732076,1.0955912826721241,0.6542517490798788,-0.7958550210559935,-0.10518819150716385,0.10622242346560924,0.6360733865741621,-0.2124382220483714,0.10954429365062607,-0.40743038084427685,0.2012217590399084,0.3511423934325511,-0.5398473058682683,0.524411677113325,-0.44777590301357933,-0.38670672304061904,0.5833116164795826,-0.11810866796430232,0.8620459942538402,0.15967193082751915,0.6494246282469526,-0.3952318844805302,0.3251583714402449,-0.19785143181817122,-0.612432744148049,-0.16619941523331128,0.4600143336872496,0.06888186756581698,-0.6519127559377593,0.3624642126642471,0.32483310934566906,-0.22417443535039988,1.0967572174069151,0.08012455021665249,0.2174974702646708,0.4483881818119932,-0.16091611054807792,-0.7057192957555055,0.014759056663598117,-0.18472240641392484,1.032069836399671
0.3588808489214564,0.7930539393056255,0.13248267295177096,-0.20990576363035363,-0.27583484209079595,-0.7523037243217272,0.878023872247153,-0.10884488274867098,-0.3969043927358812,-0.8284161861073663,0.46088986245971825,-0.5136414689872162,0.7276166223989428,0.018465510112125702,-0.3407232801381908,-0.055860649791817034,-0.578945837052993,0.7878195823305152,-0.2515499295714301,-0.6226166321036868,0.2923894190789691,-0.5745797729050739,0.1748011940428141,-0.3952318844805302,0.6798965492465394,-0.20804487786320167,0.555560424694026,0.5566511609141196,0.35308867915659925,-0.11996430111767559,-0.578016434499529,0.6953375586755525,-0.15486380526475627,0.6032770168919007,-0.4232408917434653,-0.8803682434085962,0.061877918637384434,0.030523980331249013,-0.7264049305065223,0.20451290120179713,0.3445870783995729,-0.07803621067532211,-0.20605149760435082,-1.372196844512587
-0.25881984591295626,-0.41213071545920027,0.1442816853324015,-0.34181732566993767,0.7627372242654017,0.5625317792735561,-1.0663771153536825,-0.11090391933680238,-0.016788114580132935,0.7537761279950249,-0.6920869488582615,0.07465626212028903,-0.723347211663061,0.14669117869464202,0.6866212503234244,-0.0556099632825777,0.2599711357099794,-0.27520563138495274,0.18688293721743282,0.36838006512262583,-0.11773893370949076,0.23100089446937974,-0.2714387053946033,0.3251583714402449,-0.20804487786320167,0.49739523723020773,-0.3304083524857835,-0.4109389594724296,0.13616507032043942,-0.280939647105199,0.2545527906870167,-0.7169675103005675,0.029778807077860393,-0.8706081444450949,0.17184642968204564,0.6943176682292124,0.017124660675701127,-0.050859265376697646,0.5298523867116252,-0.1126610224076815,-0.3431209121996591,0.30513025508615277,0.10716598379786424,0.6641319189258746
0.5367107204794792,1.3713211770744593,-0.018781848595034307,-0.27248490364110445,-0.2068087584110303,-0.9783707601718812,1.4068205615829106,-0.23699397829888807,-0.29692032187311906,-1.3335863371561738,1.1490688061135588,-0.9505930221930453,1.229627996772588,0.24245989013854377,-0.6077095972834649,-1.1019736308262575,-0.48817403459601244,1.1220615669890444,-1.1137432532247789,-1.1000447857874893,0.3717719470921241,-0.19243352836281347,0.41716896687965604,-0.19785143181817122,0.555560424694026,-0.3304083524857835,1.1035935653768434,0.5780749353914014,0.37406839347713927,0.2873898993750546,-0.8547958950519307,1.1615868992889613,0.3298003793200417,1.8262325815633746,-0.9451504658227111,-0.522940896477835,0.2707933030881482,0.2864961244802713,-1.0613722764255218,0.21338621669758528,-0.17560369624311786,-0.2483039699224713,-0.33699356009233356,-1.553899815767058
0.39442336833146635,0.7158115996420097,0.15319861576330857,0.1280204834304709,-1.061902512597732,-0.929696939797691,1.2603505270987827,0.06651407106457075,-0.21273291566869545,-1.0742230503082906,0.6122253897335725,-0.3734349353447855,0.8655528314074915,-0.14304336946569482,-0.583453865404311,0.15912012458060976,-0.6639244360322177,0.7678265237538089,-0.0948320610095581,-0.8025036581434262,0.25416664441689807,-0.7761841613102872,0.050242578559076975,-0.612432744148049,0.5566511609141196,-0.4109389594724296,0.5780749353914014,0.8107706745832344,0.21014281517877145,-0.196769938872556,-0.28889501870776435,1.0401821219855691,-0.15354828412423177,0.4994869372271139,-0.21341256600923456,-1.2118959189418868,0.05593929074697842,-0.12122901814330587,-0.79222282993097215,0.19609312519140212,0.6136018665095666,-0.10034531312072019,0.06577191941129601,-1.4634154391499172
0.2258129196104519,0.3737248284679945,0.18099909532401276,-0.525364855412667,0.18908213506139113,-0.24553751898285128,-0.07741579941432782,-0.2943726804462843,-0.2186141945818126,-0.23895407678076436,0.0025502184944886774,-0.5900970390089277,0.0365275099706517,0.3378197042192163,0.3441252275219235,-0.44982257734567116,-0.21665443215189556,0.7651459733567946,-0.15099979714442516,-0.6253624880099211,0.0973946696932959,-0.41803441624028576,-0.20449697947449597,-0.16619941523331128,0.35308867915659925,0.13616507032043942,0.37406839347713927,0.21014281517877145,0.6184984985756304,-0.5237117930006314,-0.44497644617818866,0.14282381815960857,-0.02023458404082689,-0.36664536559582267,-0.19721249241605465,-0.002385915265897141,0.1049454640165478,0.05985613532441078,-0.27064010307240705,0.09266453132701784,-0.20226684921182161,0.2230000804461381,0.01262632497888999,-0.8316977264365273
0.06453189584028893,0.5516697909618016,-0.40952404145906324,0.21796543687670633,0.5105577872078574,-0.0518668355652623,0.6669205750983264,0.054757587998983843,0.01015276218873874,-0.31620245207187,0.7959995012709332,0.04152599931728866,0.6990766623593804,-0.06420628001054632,-0.6842443964150883,-0.5917849030661017,0.20078727443673794,-0.2262402191796911,-0.9504746341851265,0.3812837417601023,0.14011523123961087,0.8956378233284268,0.7919521832891111,0.4600143336872496,-0.11996430111767559,-0.280939647105199,0.2873898993750546,-0.196769938872556,-0.5237117930006314,1.2686453588788236,-0.3118716000274878,0.2601333874348337,0.45106653734181124,2.189717944350131,-0.7484886884145918,0.27255299956896456,0.09334015228050362,0.366031344731808,-0.2696354353653621,-0.01648070322785398,-0.3299537276522412,-0.5066091670116669,-0.5637063382012448,0.34263895544213485
-0.4417001709425033,-1.151442775215652,0.0962710698892256,0.45979644466482855,-0.45211728766755654,0.696489643369294,-0.8644881772463375,0.35543809894758466,0.3988206207199546,0.879493502626136,-0.9018494075959361,0.8670413779136421,-0.9285400526971765,-0.3570455400869335,0.34868836068307973,1.03606376127404,0.2888242968698654,-0.9866003905148478,0.973327335373212,0.73178016200138,-0.3345406766828186,0.06158951771719145,-0.5001524073732874,0.06888186756581698,-0.578016434499529,0.2545527906870167,-0.8547958950519307,-0.28889501870776435,-0.44497644617818866,-0.3118716000274878,1.1331463208834902,-0.6325385720452874,-0.14017955979434493,-1.5351504396085793,0.8436645290531709,0.22153793626415177,-0.1291045687366555,-0.4514377362806379,0.8376786224375184,-0.19226051626280957,0.354126882345699,0.2478139275900872,0.6570281510585801,1.2846441662713781
0.6523038229064472,1.4183788882004151,-0.07843634523617889,0.24540081177866854,-1.4010268990234003,-1.4590246593448097,2.414059683429972,0.059380537715314416,-0.1697490613811284,-2.055810670110109,1.4940634885485407,-0.7876721107481827,1.748657021836944,-0.0556347860936717,-1.244457072192224,-0.49679505970030274,-0.8346695845835562,1.1148942644062674,-0.8573268228362533,-1.395335632872529,0.3565221545163444,-0.6038037232141779,0.4735799269246567,-0.6519127559377593,0.6953375586755525,-0.7169675103005675,1.1615868992889613,1.0401821219855691,0.14282381815960857,0.2601333874348337,-0.6325385720452874,1.840149399164792,0.18293613254114263,2.0729581411905995,-0.8348828285729253,-1.449074099646314,0.24256647830687764,0.04048245953771599,-1.460082285282719,0.2828078005280295,0.517266591214678,-0.4300140290079193,-0.037833953096522634,-2.033934382784426
0.1420592910019615,0.2595008739642645,-0.3297711712347036,-0.12101046588737212,0.3085526504810578,0.20068283334493758,0.1475245019687863,-0.15104251168550809,0.26495906523597484,-0.32098756003311846,0.4474900712263829,-0.23010168458003188,0.21231769034885567,0.37161491348820935,-0.053523803460062705,-0.8875642369783681,0.31234020431085174,0.14719901962983026,-0.7204932143851305,-0.19868408749403388,-0.15123112859722745,0.6751506942108004,0.18225136474967082,0.3624642126642471,-0.15486380526475627,0.029778807077860393,0.3298003793200417,-0.15354828412423177,-0.02023458404082689,0.45106653734181124,-0.14017955979434493,0.18293613254114263,0.6592064078311043,0.9093279832729917,-0.6285835030817405,0.825153813557396,0.31163495769952726,0.22324369824516968,-0.15011198386802807,-0.0840404043352248,-0.7083910353899643,-0.05822212833615704,0.14464659611341754,0.2114807874503369
0.6086013740232917,2.732064949330845,-0.6544671582423428,0.10261345635749913,0.3291036024337157,-1.670259942561591,3.415246933682964,-0.004962671879384727,-0.42805562672481523,-2.741559954574139,2.804294580225508,-1.3383780749931835,3.0686478181081664,0.15634753233623522,-2.171408897760302,-2.217449227275086,-0.5297998387717959,0.8801519977924197,-2.951516867081379,-1.0081052685520078,0.7047080323803195,1.01202618384046,2.0170493299011345,0.32483310934566906,0.6032770168919007,-0.8706081444450949,1.8262325815633746,0.4994869372271139,-0.36664536559582267,2.189717944350131,-1.5351504396085793,2.0729581411905995,0.9093279832729917,6.170712997767702,-2.3669073585438074,-0.801799579945734,0.4475734499168781,0.8353285517550552,-2.0897014240272207,0.2329310336777141,-0.40389274853932744,-1.259498506518868,-1.3661525211922971,-1.6816855805136477
-0.4260369385449307,-1.2504268863124874,0.325701802862739,0.35971767726064424,-0.4803714460102249,0.5462113211406404,-1.1583742214302997,0.22867665437918838,0.18052350764882896,1.214377391249102,-1.0965849502335814,0.8342245448364107,-1.1580468521190197,-0.41244513473563826,0.5642184633744972,1.2538401673117503,0.19150555542524186,-0.8053377447680773,1.4015125563918085,0.6468283139211856,-0.20928493357392114,-0.4674522650604719,-0.714270962012624,-0.22417443535039988,-0.4232408917434653,0.17184642968204564,-0.9451504658227111,-0.21341256600923456,-0.19721249241605465,-0.7484886884145918,0.8436645290531709,-0.8348828285729253,-0.6285835030817405,-2.3669073585438074,1.3533460289214798,-0.11470657188260808,-0.3859502248468202,-0.3827316685716228,0.9570366855581957,-0.09598930911443092,0.5191896482640904,0.3246383210394474,0.34935346171085035,0.9338241740073754
-0.3216084874288615,-0.9629440943272852,-0.45047316744617816,-0.5049270600292364,1.753786607356805,1.6724001450765589,-2.118539563595758,-0.40458866103305763,0.6075898665258667,1.4344994862262679,-0.6850373355830948,0.2687081549890332,-1.3931543592509716,0.7592352922473393,1.2016679205393075,-1.0728684695490665,1.3087051737623412,-0.6393967215705879,-0.2752179069011073,0.7855929969585704,-0.6110182877427206,1.5091866381437136,-0.2756370175676357,1.0967572174069151,-0.8803682434085962,0.6943176682292124,-0.522940896477835,-1.2118959189418868,-0.002385915265897141,0.27255299956896456,0.22153793626415177,-1.449074099646314,0.825153813557396,-0.801799579945734,-0.11470657188260808,2.7543884219319192,0.24396992406097118,0.3677516563427361,1.1298684115367876,-0.37064756791494136,-1.7177559376220626,0.36115029721827363,0.2823408803556616,2.1130273188454027
0.13264233139081297,0.25713176822333866,-0.12207775963256101,-0.1228144434226821,0.03910194886207609,-0.04258209230781253,0.2372982730039306,-0.09082245821016971,0.08183309994873407,-0.3730525306207007,0.2692309263867588,-0.24773210726182032,0.22548203113147577,0.2224259115024828,-0.049354562049655305,-0.450120102250766,0.028169731172515425,0.2448555523066536,-0.3741341974492871,-0.2939664574087486,-0.055249629531469405,0.1854260003260056,0.0665426374373831,0.08012455021665249,0.061877918637384434,0.017124660675701127,0.2707933030881482,0.05593929074697842,0.1049454640165478,0.09334015228050362,-0.1291045687366555,0.24256647830687764,0.31163495769952726,0.4475734499168781,-0.3859502248468202,0.24396992406097118,0.1984588110182349,0.07575201674413191,-0.22793469216318638,-0.014536587508449605,-0.28422355987751213,0.00266423360729132,0.13575776207273113,-0.1945788441906258
0.09165028281084896,0.3911749812212988,-0.14448629387939244,-0.18510264641434204,0.525040104713537,-0.03688139521819579,0.11175046011716704,-0.18162419306745323,-0.060987227289499825,-0.13738126522607458,0.3968165936318047,-0.2810290741555059,0.2657676696989342,0.223843499796562,-0.076440055376673,-0.7142042127838277,0.1556966774259635,0.1798452105591737,-0.577500182429115,-0.09361027780106866,0.0729155826199204,0.3679244753081281,0.2813450191949915,0.2174974702646708,0.030523980331249013,-0.050859265376697646,0.2864961244802713,-0.12122901814330587,0.05985613532441078,0.366031344731808,-0.4514377362806379,0.04048245953771599,0.22324369824516968,0.8353285517550552,-0.3827316685716228,0.3677516563427361,0.07575201674413191,0.3281649063335075,-0.1598129580555998,0.001612619109518988,-0.4819746727476433,-0.13849389363676254,-0.3734342249491855,-0.08375398172961004
-0.5435926607406381,-1.3966200991763777,0.12010400565341706,0.031148290964114766,0.7023531548489595,1.2631382203171198,-2.037163185387681,0.034697913226913145,0.2809543084982296,1.8501455595785115,-1.3130808859350744,0.9058446339236133,-1.6074970752499131,-0.12335506791306983,1.011103633296205,0.6674493784463148,0.7112572813644941,-1.0533587408646754,0.9662520552337615,1.199560253720473,-0.33654308230914193,0.408354420454849,-0.6009124905447145,0.4483881818119932,-0.7264049305065223,0.5298523867116252,-1.0613722764255218,-0.79222282993097215,-0.27064010307240705,-0.2696354353653621,0.8376786224375184,-1.460082285282719,-0.15011198386802807,-2.0897014240272207,0.9570366855581957,1.1298684115367876,-0.22793469216318638,-0.1598129580555998,1.380058348793179,-0.23989196029274915,-0.2782553653961593,0.40687392482205853,0.2561743075266754,1.866553255420911
0.14331693214283583,0.28823894156956664,0.07758782481156058,-0.03097155525819369,-0.17092859979773908,-0.3138219064226483,0.34061618528931337,-0.037869505351096414,-0.1529063089799682,-0.23864924986025304,0.18605482675028615,-0.1651816029982156,0.24936505588442406,-0.06642413700028307,-0.15630712817956238,-0.006851146961777684,-0.23603394762094904,0.2890267601131875,-0.07700938246816084,-0.23889227660380208,0.1520315264266937,-0.25861889062983034,0.045946266705918434,-0.16091611054807792,0.20451290120179713,-0.1126610224076815,0.21338621669758528,0.19609312519140212,0.09266453132701784,-0.01648070322785398,-0.19226051626280957,0.2828078005280295,-0.0840404043352248,0.2329310336777141,-0.09598930911443092,-0.37064756791494136,-0.014536587508449605,0.001612619109518988,-0.23989196029274915,0.1079393515095606,0.1774017486714761,-0.05953082981457262,-0.11122739918537117,-0.4717583270965089
0.015446623194081244,-0.03755278567004774,0.31766860721271634,0.5267591637850373,-1.2794299687623725,-0.6897172047398209,0.8303926845471783,0.4268435610901679,-0.2440298049468189,-0.3593097040543242,-0.10800799390872874,0.3301895516365595,0.34638459288661244,-0.7031107310100805,-0.5620064574642192,1.428865176628121,-0.7329909246252652,-0.04816394190325225,0.803112904936154,-0.01953291140979805,0.2422234285563168,-1.0367795045545416,-0.06163060167098068,-0.7057192957555055,0.3445870783995729,-0.3431209121996591,-0.17560369624311786,0.6136018665095666,-0.20226684921182161,-0.3299537276522412,0.354126882345699,0.517266591214678,-0.7083910353899643,-0.40389274853932744,0.5191896482640904,-1.7177559376220626,-0.28422355987751213,-0.4819746727476433,-0.2782553653961593,0.1774017486714761,1.3971562268048,-0.12039338479302483,0.09776789376507027,-0.7233216777089903
-0.08830527502816697,-0.42905102314976135,0.1802103546007316,-0.22058307284678885,0.15116569965529475,0.37479373473755384,-0.8299754080686644,-0.10250801103458806,0.037559627320432436,0.5466706631966638,-0.5997984784314655,0.11199630342962544,-0.6552225397499966,0.10902629673994811,0.607659838756382,0.18947403336870985,0.11731103396475569,-0.009202017609521102,0.4371053257238028,0.10693066008279795,-0.13398313549632312,-0.13958078418761594,-0.4618449588517753,0.014759056663598117,-0.07803621067532211,0.30513025508615277,-0.2483039699224713,-0.10034531312072019,0.2230000804461381,-0.5066091670116669,0.2478139275900872,-0.4300140290079193,-0.05822212833615704,-1.259498506518868,0.3246383210394474,0.36115029721827363,0.00266423360729132,-0.13849389363676254,0.40687392482205853,-0.05953082981457262,-0.12039338479302483,0.3652044908163107,0.3123894184570933,0.24489557781574364
-0.010679556127140225,-0.7652540896304513,-0.1083847792495253,0.2117558301465249,-0.8364868215880344,0.407531931529854,-0.2959796172750883,0.1131810806108371,0.5180716340855356,0.027592804876807386,-0.4228329565821841,0.34548748418120434,-0.5303300234372594,0.09800411797316148,0.2861163961017792,0.5363576634595574,0.1485636845756844,-0.16057458151094375,0.6789422685245295,-0.14538421103774637,-0.460857356371872,-0.15021414237177816,-0.5701982577513802,-0.18472240641392484,-0.20605149760435082,0.10716598379786424,-0.33699356009233356,0.06577191941129601,0.01262632497888999,-0.5637063382012448,0.6570281510585801,-0.037833953096522634,0.14464659611341754,-1.3661525211922971,0.34935346171085035,0.2823408803556616,0.13575776207273113,-0.3734342249491855,0.2561743075266754,-0.11122739918537117,0.09776789376507027,0.3123894184570933,1.0150780870376999,0.3628528935534817
-0.9024795762199459,-2.0139753944019927,-0.3087908573710959,0.3208944610409445,1.1971066980423002,2.020258456628116,-2.4898892845281733,0.20625257373618322,0.7374781312401435,2.3094071665942235,-1.453009443560087,1.4019557874450495,-1.9592041832138707,-0.0817212007143636,1.0023263677848158,0.5650224636361307,1.3575020942931653,-2.0153343650324906,0.8364956056783535,1.9385174829972522,-0.6885424033854968,1.419414129445629,-0.3553486201059478,1.032069836399671,-1.372196844512587,0.6641319189258746,-1.553899815767058,-1.4634154391499172,-0.8316977264365273,0.34263895544213485,1.2846441662713781,-2.033934382784426,0.2114807874503369,-1.6816855805136477,0.9338241740073754,2.1130273188454027,-0.1945788441906258,-0.08375398172961004,1.866553255420911,-0.4717583270965089,-0.7233216777089903,0.24489557781574364,0.3628528935534817,3.3726551426210105
