V1,V2,V3,V4,V5,V6,V7,V8,V9,V10,V11,V12,V13,V14,V15,V16,V17,V18,V19,V20,V21,V22,V23,V24,V25,V26,V27,V28,V29,V30,V31,V32,V33,V34,V35,V36,V37,V38,V39,V40,V41,V42,V43,V44
0.8961814837265855,1.6882536717363112,0.03851991130279137,-0.06732718077665628,-1.0536157636317436,-1.3505886421153828,2.1349311927502317,-0.17541286206439627,-0.3268864567100258,-1.8615979892482952,1.5454575803382595,-1.182605710275839,1.653297844734765,0.18679122868727133,-1.0537326293455025,-0.832617832344269,-0.8657441057353052,1.3180925531883767,-1.0946309165990615,-1.4404288074140432,0.5112553704154207,-0.727941327039664,0.4923905954398418,-0.3986121467752756,0.8885521357417634,-0.8577212377339603,1.5011243632941615,1.0200271317894267,0.39122514274523934,0.37834015967936413,-0.9978289075440718,1.713105726711381,0.33230062643328545,2.2397176865151893,-1.0423731882328156,-1.3474745197753824,0.24086923353458733,0.12833298744172275,-1.5640335562963434,0.42269606167794255,0.405469317324248,-0.41201018504764414,-0.5113853596854725,-2.4324057430828736
1.6882536717363112,4.686330983952074,-0.04364090864038002,-0.2654291780246322,-1.5082277032597144,-3.8329653798829075,5.6974021094851865,0.013807938142955858,-0.9103556895770752,-4.853130090713355,4.1450802083961475,-2.9789652574731487,4.805837948532444,-0.005969492457585161,-2.874819523743117,-2.2225120848292845,-2.0610992950114158,3.506645115476912,-2.9912830155813226,-3.4536694981810934,1.5220146208657035,-1.8236764043086204,1.741345398067745,-1.2467480901862291,2.2404934282794264,-1.5833711841457443,3.2192597502836953,2.3225421658960945,0.9515266012087509,0.8754522213599116,-2.5867590569611707,3.9805039973777903,0.3788513086973617,6.156602047968259,-2.806075732033073,-3.30376441898047,0.6957600027392272,0.8207699658372083,-3.8661747053594446,0.6672897062143298,0.7739070794780538,-1.488576097917117,-1.3017983074423025,-5.667449715827791
0.03851991130279137,-0.04364090864038002,0.3155286993960889,-0.09183635494803923,0.05397841916085397,-0.029485086365729763,-0.37149746904846026,-0.1551590787791479,-0.33308035406861625,0.4693869180270328,-0.30024155819513076,0.06106760939472488,-0.31234147086371566,-0.11057780481286711,0.1857205524468698,0.18676457067626961,-0.1664522680067199,-0.010227924569853856,0.18104213753284332,0.178487411341913,0.18915433870769735,-0.19155326405599762,-0.14793818173811546,0.013367943489600553,0.04060489980735698,-0.04180163329997477,0.06334066586338291,0.042439393711194595,0.04581428604604524,-0.042906790537504,-0.08089778425210378,-0.11300443438171726,-0.22849695011343213,-0.343150163343373,0.2935217798547895,-0.28434159151494137,-0.21498883681361167,-0.09232726835912566,0.1526059159567648,0.16063340576097207,0.21466042639753327,0.15135614412830092,-0.3659503371376274,-0.14655936901486646
-0.06732718077665628,-0.2654291780246322,-0.09183635494803923,0.36102761479801637,-0.27738504230121636,0.15778398090018717,-0.06718293015253451,0.1528097526887253,0.28051169192492825,0.2879660927131794,0.09993346215473334,0.34888101127925314,-0.11945493627204036,-0.21154659883340357,-0.11023382539233997,0.09970183777121563,0.24887524980662687,-0.2713615419549272,0.14689236768075262,0.2075087187707887,-0.0458382383167956,0.10019545802853239,-0.06969383256496837,0.017626949814290423,-0.3342755382963494,-0.14041382367951308,-0.20681706116715515,-0.09827395856574893,-0.29636372726593063,0.19061862097217377,0.278486314950345,-0.0897801095451187,0.04306618673120486,-0.1203206254627434,0.2829368680168789,0.1856352894625945,-0.05714892024275088,0.0548985464822388,0.28643467705003256,-0.08208753012244756,-0.03311835700293706,-0.12055301194724624,0.07744852778608452,0.5277705383823084
-1.0536157636317436,-1.5082277032597144,0.05397841916085397,-0.27738504230121636,2.3248541379066605,1.796935458348613,-2.9176486731828644,0.5328964637412686,0.4178497334284191,2.602072718592042,-1.7124136481187189,0.9455031191111544,-1.841953690234046,-0.4057685088327995,1.3818322672066068,1.0123354278651346,1.1267151879257735,-1.340592892342192,1.1451317325467336,2.036438969822778,-0.2523801891587535,0.31356812854285276,-0.3561038227076035,0.8108501515341795,-0.7340985468878682,1.1699228107544661,-1.8878083994396406,-1.327841005200431,-0.21893959364089605,-0.3238761000527989,1.1308377417884923,-2.6970616169412125,-0.31272730458386866,-2.492601544496155,0.794135355858043,1.7860199557960936,-0.056309242960370605,0.12924381494963974,1.8649612752886942,-0.6927795715340517,-0.4438488006538337,0.11597130820128164,0.21014782534512674,2.788835230349379
-1.3505886421153828,-3.8329653798829075,-0.029485086365729763,0.15778398090018717,1.796935458348613,3.9892815341202077,-5.3266189791842775,0.5744699579546548,1.3963272365418062,4.542169217881896,-3.3679833903863456,2.1098095715531158,-4.154792154678818,-0.07445392413414961,2.5201442971362065,2.200413631434959,2.106218632009911,-3.276903597914225,2.621358274023502,3.407879702797219,-1.2098427562721181,0.9215624624897341,-1.372911577163963,1.6621216484897632,-1.7302913964465827,1.2251017462484262,-2.9486534077862934,-2.1433052745666252,-0.7555367516825928,-0.5303779122961176,2.6661465623541405,-4.217202603695741,0.17576232014249582,-5.3089211667436205,1.9787342336433562,3.214556281909499,-0.20041396213373774,-0.6059927097310298,3.3699110727903987,-0.85409642375076,-0.4644553716833543,0.7782008022284932,0.9926714220524355,5.013601073461705
2.1349311927502317,5.6974021094851865,-0.37149746904846026,-0.06718293015253451,-2.9176486731828644,-5.3266189791842775,8.26211698206468,-0.30800070101055965,-1.2701221340600477,-7.3553735899990755,5.351490234308278,-3.5308540505377235,6.479392988415645,0.3795903786927265,-4.058243130416901,-3.0071474625145025,-2.882326917214382,4.351739425349643,-3.9821038487244125,-5.003301509245587,1.4630383947216978,-1.505173633789976,2.3051976653590582,-1.978941120657683,2.7614171870912485,-2.058315626144852,4.343106153494631,3.159015744655078,1.0306337698287693,1.033028514577028,-3.4393825802187816,6.075011722421998,0.47667099084440917,8.41631122400255,-3.619418587961377,-4.535724723052861,0.8068723866589917,0.7444507557702128,-5.400510602275526,1.0268136186804142,0.9177245715451132,-1.5586977068467556,-1.0783724546486628,-7.422230547512954
-0.17541286206439627,0.013807938142955858,-0.1551590787791479,0.1528097526887253,0.5328964637412686,0.5744699579546548,-0.30800070101055965,0.8642893431754249,0.7374296393659502,0.3733103145770183,0.2177057140623225,-0.16291667062077267,0.0647983059282369,-0.37134779318209726,-0.1031018911915555,0.4765391888956824,0.46612460094740155,-0.36687266034688737,0.2171227386514135,0.5281566806856047,0.05675363969535238,-0.6246736016740583,0.1728161420688327,0.40398861782171885,-0.004870255880917311,0.036240049117594104,-0.5589957933833436,-0.19776830440802343,-0.09207549201845452,0.13247906629143474,0.6595108702313238,-0.8883164696378478,0.27916811438999384,-0.15597910470143664,-0.2161730983015548,0.3847282122930002,0.3855114227671785,0.1976568465905406,0.19668102679808142,-0.4797914345744133,0.19485812770083666,-0.6298572268261744,0.1184340078827705,0.5783477192353851
-0.3268864567100258,-0.9103556895770752,-0.33308035406861625,0.28051169192492825,0.4178497334284191,1.3963272365418062,-1.2701221340600477,0.7374296393659502,1.251925245882941,1.0837388837840012,-0.282513483609827,0.3188996260931859,-0.83137290478944,-0.12740244980390322,0.45371469333636094,0.4688984706295058,1.0597626495856802,-0.8640321686896115,0.6443993245124229,0.80669102079806,-0.4034940635864352,-0.14392412174040586,-0.3137396574272501,0.6105262165977715,-0.5845427862814662,0.1928465912517827,-0.9909718601518388,-0.6144722863744418,-0.24102402067033019,-0.06302167461315628,1.1403663968712816,-1.4235114208869852,0.5273778578415773,-1.3648491751320984,0.27030937973767344,1.4294602963684433,0.38230550930279045,0.10826678028626566,0.9091579575679384,-0.6213510778116798,-0.29880116592711425,-0.32069030628862494,0.6578123674255726,1.6675971780316303
-1.8615979892482952,-4.853130090713355,0.4693869180270328,0.2879660927131794,2.602072718592042,4.542169217881896,-7.3553735899990755,0.3733103145770183,1.0837388837840012,7.0330429641405345,-4.461289649599944,3.317323170012054,-5.687057348275556,-0.8036168876343435,3.4460737437745714,2.6451980812945624,2.6107325778088204,-3.7339857335352207,3.531805925132788,4.636265095513938,-0.939744374920476,1.0796895857089124,-2.0397878401783074,1.6789546222988452,-2.6186776202662814,1.6157214607762622,-3.8790547403987157,-2.8039193995077043,-1.1052477991852017,-0.6199966821353741,3.0125317569399535,-5.43354271735075,-0.5957155414696962,-7.345032585441175,3.483985247388283,3.9032513865803704,-0.8839285228493431,-0.41375443229862857,5.045497595328554,-0.8879303924402947,-0.7584800786838066,1.1242380152877198,0.5400189150703674,6.7417138207580525
1.5454575803382595,4.1450802083961475,-0.30024155819513076,0.09993346215473334,-1.7124136481187189,-3.3679833903863456,5.351490234308278,0.2177057140623225,-0.282513483609827,-4.461289649599944,4.217027166378359,-2.5882857516391837,4.465274635586752,-0.07718059071150574,-2.8177171450529857,-2.286950907159034,-1.4745172127585382,3.164589430773683,-2.778473056387625,-3.2883164770875366,1.2544762228144954,-1.5791946298369948,1.5327503713579296,-1.14631373681618,1.694921432571402,-1.60279647117677,2.8326014469252963,2.071287210562922,0.68332504369845,0.9322200542629184,-2.134233950375732,3.655640965734094,0.6078089972457801,5.646029328889819,-2.465382586110684,-2.543299412760885,0.7755676864683143,0.9531455580505976,-3.392184480904659,0.4133399591063975,0.40408270646991395,-1.588314083261756,-0.8843706076364549,-4.721439482408302
-1.182605710275839,-2.9789652574731487,0.06106760939472488,0.34888101127925314,0.9455031191111544,2.1098095715531158,-3.5308540505377235,-0.16291667062077267,0.3188996260931859,3.317323170012054,-2.5882857516391837,2.3668578015461184,-3.0154371567484293,-0.30668675563894215,1.7497875050329217,1.3081383844995154,1.2800682742786664,-2.0756375833046867,1.8652181521055164,2.3136763295533536,-0.8222330306339527,1.4657831364774128,-1.1195787246604962,0.5103802031095556,-1.6767637932038426,1.0605061143322771,-2.128462934479379,-1.5125344726818961,-0.8377351479195921,-0.38416312449808143,1.5086271230989239,-2.293692254223726,-0.5402925720036441,-3.811791261556907,2.0709422181817665,2.057025716833442,-0.6870027947537918,-0.3676678245659471,2.720278881979491,-0.3594189953634557,-0.659503729814273,1.0036904079365543,0.7379129258131741,3.910082552631907
1.653297844734765,4.805837948532444,-0.31234147086371566,-0.11945493627204036,-1.841953690234046,-4.154792154678818,6.479392988415645,0.0647983059282369,-0.83137290478944,-5.687057348275556,4.465274635586752,-3.0154371567484293,5.334739740386693,0.11247854864256758,-3.2466502249097866,-2.3795106723481445,-2.1549041021451933,3.5659955002516948,-3.227896429206981,-3.821791943454381,1.3499436301267465,-1.5531864338737131,1.9748534992849942,-1.4567239377452408,2.289566692602545,-1.5873834617508857,3.300679275275684,2.4442715870649647,0.8863371745063895,0.8853250989946708,-2.6672350796922637,4.468942878710038,0.42571793694331533,6.784060290484599,-3.0740014431012117,-3.4672010370405064,0.7961226890502734,0.8099841671570343,-4.248426701449933,0.6303796255256342,0.7273660921556123,-1.5531866602963267,-0.9844535601166965,-5.842000484565715
0.18679122868727133,-0.005969492457585161,-0.11057780481286711,-0.21154659883340357,-0.4057685088327995,-0.07445392413414961,0.3795903786927265,-0.37134779318209726,-0.12740244980390322,-0.8036168876343435,-0.07718059071150574,-0.30668675563894215,0.11247854864256758,0.6288001175912937,0.02085261303437268,-0.26933219083827176,-0.2461005131766256,0.057670879128822974,-0.22734100309677777,-0.5140531086877111,-0.3143895913549008,0.34903322026001327,0.009268340303575484,-0.011166441524384426,0.23512771734772275,-0.0361388883956504,0.42780332805292187,0.16213453591533444,0.2186983299292522,-0.1884879041527489,-0.26325423367537654,0.5079070951103081,0.2190462817399254,0.28157987039658394,-0.32606954225295215,-0.12475022818958674,0.07513213494960153,-0.2818857664834885,-0.4977399266665716,0.19316578150516564,-0.060922081386263656,0.34039059506397773,0.23018055996761616,-0.6089785225322666
-1.0537326293455025,-2.874819523743117,0.1857205524468698,-0.11023382539233997,1.3818322672066068,2.5201442971362065,-4.058243130416901,-0.1031018911915555,0.45371469333636094,3.4460737437745714,-2.8177171450529857,1.7497875050329217,-3.2466502249097866,0.02085261303437268,2.175924691880514,1.3407004124584625,1.2925048491307551,-2.001086735632752,1.9526745120734588,2.2528398357006263,-0.8318564757245435,0.9313797161877679,-1.2411524170513608,0.8301204155657145,-1.319722604402884,1.159712044531186,-2.0656422959466925,-1.554620206102477,-0.37208195265664984,-0.7395453676039094,1.5369501812327546,-2.802210271751471,-0.3151417710499763,-4.3314859549062295,1.7874063579085921,2.247749147921797,-0.4523866365543936,-0.4474549653923774,2.617854777996708,-0.4106711790491677,-0.5978440457953773,1.0319119180331469,0.6882651296281149,3.512896221991313
-0.832617832344269,-2.2225120848292845,0.18676457067626961,0.09970183777121563,1.0123354278651346,2.200413631434959,-3.0071474625145025,0.4765391888956824,0.4688984706295058,2.6451980812945624,-2.286950907159034,1.3081383844995154,-2.3795106723481445,-0.26933219083827176,1.3407004124584625,2.060938957730994,0.8281293401725706,-2.140806017081168,1.8177756090998818,2.326461985496503,-0.5610874952512479,0.23158046501083895,-0.6546093085431358,0.9297311632849296,-0.6897285247094012,0.6845019071950791,-1.8123243524272554,-1.0986971505924203,-0.5108610221594113,-0.2978375382903708,1.6364236596808004,-2.492808039696302,-0.20941292735391565,-3.064417794305675,1.1719244121304166,1.0863393063930704,-0.25685380603360275,-0.6428597281351797,1.816592630290781,-0.379970901792531,0.43996381698256704,0.4485939109037315,0.3515822242810992,2.6053797974415938
-0.8657441057353052,-2.0610992950114158,-0.1664522680067199,0.24887524980662687,1.1267151879257735,2.106218632009911,-2.882326917214382,0.46612460094740155,1.0597626495856802,2.6107325778088204,-1.4745172127585382,1.2800682742786664,-2.1549041021451933,-0.2461005131766256,1.2925048491307551,0.8281293401725706,1.5186666380639502,-1.5770823561218297,1.327467690618391,1.7582358653247812,-0.620870985717301,0.5562474041261796,-0.7656260017729595,0.770762478550245,-1.2660348234123386,0.7440191624375799,-1.8059258547918486,-1.262647605583366,-0.4972295767298468,-0.27068810122070114,1.5005917008600516,-2.3965004689472376,0.09849566962807553,-2.935411058397469,1.2296061108767427,2.2364830548098165,-0.03416590878381326,0.03256942315502946,2.081675075168883,-0.6992836962339105,-0.6779237040017271,0.2089787924680343,0.7096985934688449,3.2067343442685434
1.3180925531883767,3.506645115476912,-0.010227924569853856,-0.2713615419549272,-1.340592892342192,-3.276903597914225,4.351739425349643,-0.36687266034688737,-0.8640321686896115,-3.7339857335352207,3.164589430773683,-2.0756375833046867,3.5659955002516948,0.057670879128822974,-2.001086735632752,-2.140806017081168,-1.5770823561218297,3.278659105491848,-2.3163216153906045,-3.098630983819242,1.134251106108106,-1.1869640032958573,1.028935822201632,-1.3848724709098001,1.5141959134956184,-1.0394082773409148,2.559764994465904,1.8873783600542062,0.8786419608882063,0.3530577949639378,-2.2559942430553743,3.4150966249708525,0.10018531333096234,4.247367587630518,-1.8701252559308323,-2.2919748969042413,0.4244693400091232,0.7455124695193618,-2.8133020367819466,0.567797990295971,0.14292640033342918,-0.8182008450317237,-0.6855118434839773,-4.359184306155928
-1.0946309165990615,-2.9912830155813226,0.18104213753284332,0.14689236768075262,1.1451317325467336,2.621358274023502,-3.9821038487244125,0.2171227386514135,0.6443993245124229,3.531805925132788,-2.778473056387625,1.8652181521055164,-3.227896429206981,-0.22734100309677777,1.9526745120734588,1.8177756090998818,1.327467690618391,-2.3163216153906045,2.2045511568568745,2.4928538438048014,-0.8143810010673238,0.6611608892228238,-1.1857626851298293,0.8697406855513389,-1.325110565797667,0.9912993689166064,-2.254384801650544,-1.512245606175691,-0.564500605384759,-0.6348271591918266,1.836306831758686,-2.9469325775025004,-0.3415089923319253,-4.367717691341432,1.9118501118623208,1.9958948075287184,-0.4459980821522084,-0.5228825562540215,2.641499614790321,-0.48347280806446596,-0.21702848604153052,0.8135976911845388,0.6747994177043128,3.6436670340928194
-1.4404288074140432,-3.4536694981810934,0.178487411341913,0.2075087187707887,2.036438969822778,3.407879702797219,-5.003301509245587,0.5281566806856047,0.80669102079806,4.636265095513938,-3.2883164770875366,2.3136763295533536,-3.821791943454381,-0.5140531086877111,2.2528398357006263,2.326461985496503,1.7582358653247812,-3.098630983819242,2.4928538438048014,3.6325784418766633,-0.8015936106914083,0.9002647031141263,-1.1041454067590482,1.4174283793466627,-1.635992303446045,1.2085399188187584,-2.908535276750898,-2.0487055025281666,-0.9137922074742767,-0.25847994879210207,2.3429220880418864,-3.9814523518516958,-0.3171288159293239,-4.720420037964619,2.073971939002325,2.5567080201565604,-0.49984256609489763,-0.4874733636683819,3.3382408045832617,-0.7057659737335048,-0.20550606466700594,0.678405996984447,0.44095921401435806,4.817657062319639
0.5112553704154207,1.5220146208657035,0.18915433870769735,-0.0458382383167956,-0.2523801891587535,-1.2098427562721181,1.4630383947216978,0.05675363969535238,-0.4034940635864352,-0.939744374920476,1.2544762228144954,-0.8222330306339527,1.3499436301267465,-0.3143895913549008,-0.8318564757245435,-0.5610874952512479,-0.620870985717301,1.134251106108106,-0.8143810010673238,-0.8015936106914083,0.7628439997434976,-0.8349039631696196,0.5011179942472372,-0.3745997626296771,0.6311504658563131,-0.5525398912922557,0.9098874480953222,0.6920522007969363,0.2350244253048606,0.3797328988760264,-0.8093734953348188,0.9807659822975983,-0.07862584804522504,1.7292463929942332,-0.6242493679457314,-1.116586712586429,0.07003325320318998,0.36281448426618207,-0.9367988557290662,0.22402705839937628,0.36554046808113966,-0.5698946806491573,-0.7710732257267962,-1.6483385457145496
-0.727941327039664,-1.8236764043086204,-0.19155326405599762,0.10019545802853239,0.31356812854285276,0.9215624624897341,-1.505173633789976,-0.6246736016740583,-0.14392412174040586,1.0796895857089124,-1.5791946298369948,1.4657831364774128,-1.5531864338737131,0.34903322026001327,0.9313797161877679,0.23158046501083895,0.5562474041261796,-1.1869640032958573,0.6611608892228238,0.9002647031141263,-0.8349039631696196,1.8606646489534815,-0.5104935875837866,0.13467400121533787,-1.0237426785047778,0.7877073334380975,-0.9212418493118344,-0.8640858301870037,-0.513398345186115,-0.23124714859539686,0.493412482221684,-0.6163234870168866,-0.2696804781200522,-1.5583423458144672,0.9795092057709045,1.2344029716458573,-0.4661886345602482,-0.3719779572265233,1.2319077255865674,-0.024894495025308435,-0.7726657369931527,1.0049086360825106,0.7187436756713516,2.1303355207293957
0.4923905954398418,1.741345398067745,-0.14793818173811546,-0.06969383256496837,-0.3561038227076035,-1.372911577163963,2.3051976653590582,0.1728161420688327,-0.3137396574272501,-2.0397878401783074,1.5327503713579296,-1.1195787246604962,1.9748534992849942,0.009268340303575484,-1.2411524170513608,-0.6546093085431358,-0.7656260017729595,1.028935822201632,-1.1857626851298293,-1.1041454067590482,0.5011179942472372,-0.5104935875837866,0.9292984539938649,-0.34755249952373335,0.8996510419467251,-0.5232865428832401,1.0642830941175536,0.7887528650086741,0.2382279566719758,0.4622310998967422,-0.8901558435789635,1.3840625391862387,0.1535526251738577,2.707060659850235,-1.2539987421961736,-1.3032181686093194,0.31698391909740076,0.2581495815003567,-1.5698252818949099,0.16825774197538748,0.4155480853788793,-0.6842679121049757,-0.48617485671622945,-1.989730008686899
-0.3986121467752756,-1.2467480901862291,0.013367943489600553,0.017626949814290423,0.8108501515341795,1.6621216484897632,-1.978941120657683,0.40398861782171885,0.6105262165977715,1.6789546222988452,-1.14631373681618,0.5103802031095556,-1.4567239377452408,-0.011166441524384426,0.8301204155657145,0.9297311632849296,0.770762478550245,-1.3848724709098001,0.8697406855513389,1.4174283793466627,-0.3745997626296771,0.13467400121533787,-0.34755249952373335,0.935174010757151,-0.46686287725234965,0.31091384023203855,-0.9875754285201587,-0.7746043514011963,-0.2664155374361406,0.029525580044034178,1.0696613751593713,-1.7337071792342087,0.288817306615825,-1.609537617047217,0.45187223766257817,1.093194755064158,0.0563962282618027,-0.2623486749812024,1.073052870260282,-0.3359105027991858,0.04515414358385709,0.09563105686197781,0.1376892024663818,1.6871357531658009
0.8885521357417634,2.2404934282794264,0.04060489980735698,-0.3342755382963494,-0.7340985468878682,-1.7302913964465827,2.7614171870912485,-0.004870255880917311,-0.5845427862814662,-2.6186776202662814,1.694921432571402,-1.6767637932038426,2.289566692602545,0.23512771734772275,-1.319722604402884,-0.6897285247094012,-1.2660348234123386,1.5141959134956184,-1.325110565797667,-1.635992303446045,0.6311504658563131,-1.0237426785047778,0.8996510419467251,-0.46686287725234965,1.4645944186583035,-0.7411995879163299,1.641280647804849,1.2102889411777278,0.6249984132375058,0.2804771870080921,-1.2370991952950983,1.8894028855371183,0.22187369896539405,2.9485056271124592,-1.6104570810471568,-1.9553349406711709,0.39850195034470465,0.09068216687094147,-2.169997058363244,0.42086065549705864,0.7514260175329088,-0.5869103431715642,-0.6243083697838067,-3.1842326398279273
-0.8577212377339603,-1.5833711841457443,-0.04180163329997477,-0.14041382367951308,1.1699228107544661,1.2251017462484262,-2.058315626144852,0.036240049117594104,0.1928465912517827,1.6157214607762622,-1.60279647117677,1.0605061143322771,-1.5873834617508857,-0.0361388883956504,1.159712044531186,0.6845019071950791,0.7440191624375799,-1.0394082773409148,0.9912993689166064,1.2085399188187584,-0.5525398912922557,0.7877073334380975,-0.5232865428832401,0.31091384023203855,-0.7411995879163299,1.039140986076354,-1.3920210006454306,-0.9543934435397236,-0.1983258637906112,-0.550417011838736,0.8482220739218063,-1.5555124654730708,-0.32389090260380565,-2.25240592092298,0.8458007079573646,1.3785416425836214,-0.16407695502854705,-0.14945614466362034,1.4170178212558429,-0.39620899477725435,-0.5306369192657541,0.5654109491503972,0.6894632523799262,2.1926297466768765
1.5011243632941615,3.2192597502836953,0.06334066586338291,-0.20681706116715515,-1.8878083994396406,-2.9486534077862934,4.343106153494631,-0.5589957933833436,-0.9909718601518388,-3.8790547403987157,2.8326014469252963,-2.128462934479379,3.300679275275684,0.42780332805292187,-2.0656422959466925,-1.8123243524272554,-1.8059258547918486,2.559764994465904,-2.254384801650544,-2.908535276750898,0.9098874480953222,-0.9212418493118344,1.0642830941175536,-0.9875754285201587,1.641280647804849,-1.3920210006454306,2.877813605223919,1.9229936588929133,0.7274065008805195,0.6135190862383239,-2.158781591743726,3.5658898901504994,0.351974890757094,4.5545779698698174,-1.9214042639337434,-2.714465208213845,0.3135842927039688,0.2522734522386614,-3.0763205888328202,0.8642726939464137,0.596741385457341,-0.5985230730755565,-0.9503140429198969,-4.6337050391655525
1.0200271317894267,2.3225421658960945,0.042439393711194595,-0.09827395856574893,-1.327841005200431,-2.1433052745666252,3.159015744655078,-0.19776830440802343,-0.6144722863744418,-2.8039193995077043,2.071287210562922,-1.5125344726818961,2.4442715870649647,0.16213453591533444,-1.554620206102477,-1.0986971505924203,-1.262647605583366,1.8873783600542062,-1.512245606175691,-2.0487055025281666,0.6920522007969363,-0.8640858301870037,0.7887528650086741,-0.7746043514011963,1.2102889411777278,-0.9543934435397236,1.9229936588929133,1.4638304709763268,0.5177869564173083,0.3691240299839624,-1.4175925937953444,2.4599825237880135,0.1993162255804358,3.151687496024405,-1.3694416923315857,-2.0080213012998835,0.29893677081351566,0.1984469132584721,-2.2045199084443046,0.49972221077006673,0.5519780657817706,-0.5351071471817309,-0.5599145608884961,-3.3021628392267157
0.39122514274523934,0.9515266012087509,0.04581428604604524,-0.29636372726593063,-0.21893959364089605,-0.7555367516825928,1.0306337698287693,-0.09207549201845452,-0.24102402067033019,-1.1052477991852017,0.68332504369845,-0.8377351479195921,0.8863371745063895,0.2186983299292522,-0.37208195265664984,-0.5108610221594113,-0.4972295767298468,0.8786419608882063,-0.564500605384759,-0.9137922074742767,0.2350244253048606,-0.513398345186115,0.2382279566719758,-0.2664155374361406,0.6249984132375058,-0.1983258637906112,0.7274065008805195,0.5177869564173083,0.4769778364948485,-0.13083111670732225,-0.6170163086538456,0.7741303916645456,0.08552149699071815,0.9335965036627035,-0.6541954616399991,-0.6496626201396325,0.2107048405477664,0.10341195638438132,-0.9014848913921419,0.15152772820984656,0.1134473054070384,-0.1413394923107225,-0.15086989657515226,-1.4387167447272884
0.37834015967936413,0.8754522213599116,-0.042906790537504,0.19061862097217377,-0.3238761000527989,-0.5303779122961176,1.033028514577028,0.13247906629143474,-0.06302167461315628,-0.6199966821353741,0.9322200542629184,-0.38416312449808143,0.8853250989946708,-0.1884879041527489,-0.7395453676039094,-0.2978375382903708,-0.27068810122070114,0.3530577949639378,-0.6348271591918266,-0.25847994879210207,0.3797328988760264,-0.23124714859539686,0.4622310998967422,0.029525580044034178,0.2804771870080921,-0.550417011838736,0.6135190862383239,0.3691240299839624,-0.13083111670732225,0.6899041705253682,-0.3399652652170688,0.6603378333502502,0.24655480660737192,1.5885621932942529,-0.5563409556677771,-0.5976851111232121,0.09775890615356574,0.17700290654411696,-0.6190986238723437,0.13818259154216322,0.26404222094428825,-0.480192075799577,-0.5181995921611244,-0.7794845549859551
-0.9978289075440718,-2.5867590569611707,-0.08089778425210378,0.278486314950345,1.1308377417884923,2.6661465623541405,-3.4393825802187816,0.6595108702313238,1.1403663968712816,3.0125317569399535,-2.134233950375732,1.5086271230989239,-2.6672350796922637,-0.26325423367537654,1.5369501812327546,1.6364236596808004,1.5005917008600516,-2.2559942430553743,1.836306831758686,2.3429220880418864,-0.8093734953348188,0.493412482221684,-0.8901558435789635,1.0696613751593713,-1.2370991952950983,0.8482220739218063,-2.158781591743726,-1.4175925937953444,-0.6170163086538456,-0.3399652652170688,2.035847411342981,-2.8759994681557557,0.1297506800924114,-3.5625870608850487,1.345123605938527,2.157067525721533,-0.044652943782732754,-0.36503409267025116,2.3028221228170818,-0.7182716965685443,-0.23469174553793815,0.35522496307432566,0.8549112766504688,3.5674795817195797
1.713105726711381,3.9805039973777903,-0.11300443438171726,-0.0897801095451187,-2.6970616169412125,-4.217202603695741,6.075011722421998,-0.8883164696378478,-1.4235114208869852,-5.43354271735075,3.655640965734094,-2.293692254223726,4.468942878710038,0.5079070951103081,-2.802210271751471,-2.492808039696302,-2.3965004689472376,3.4150966249708525,-2.9469325775025004,-3.9814523518516958,0.9807659822975983,-0.6163234870168866,1.3840625391862387,-1.7337071792342087,1.8894028855371183,-1.5555124654730708,3.5658898901504994,2.4599825237880135,0.7741303916645456,0.6603378333502502,-2.8759994681557557,5.09919898611543,0.1828281292269831,5.974830782680499,-2.321204091529132,-3.5059060505115847,0.2729167452064724,0.3561822463524194,-3.939805224800857,1.1163215448150152,0.4892478834485164,-0.5787098575138939,-0.7850752041544141,-5.698096926561507
0.33230062643328545,0.3788513086973617,-0.22849695011343213,0.04306618673120486,-0.31272730458386866,0.17576232014249582,0.47667099084440917,0.27916811438999384,0.5273778578415773,-0.5957155414696962,0.6078089972457801,-0.5402925720036441,0.42571793694331533,0.2190462817399254,-0.3151417710499763,-0.20941292735391565,0.09849566962807553,0.10018531333096234,-0.3415089923319253,-0.3171288159293239,-0.07862584804522504,-0.2696804781200522,0.1535526251738577,0.288817306615825,0.22187369896539405,-0.32389090260380565,0.351974890757094,0.1993162255804358,0.08552149699071815,0.24655480660737192,0.1297506800924114,0.1828281292269831,0.6645122661108848,0.6649934295544853,-0.6399097637748614,0.1278745200418653,0.4370110205146395,0.01692164428284779,-0.4801700472103455,-0.1032002506194476,0.0380242213107881,-0.32487609173604026,0.17579368590775085,-0.4285687609141089
2.2397176865151893,6.156602047968259,-0.343150163343373,-0.1203206254627434,-2.492601544496155,-5.3089211667436205,8.41631122400255,-0.15597910470143664,-1.3648491751320984,-7.345032585441175,5.646029328889819,-3.811791261556907,6.784060290484599,0.28157987039658394,-4.3314859549062295,-3.064417794305675,-2.935411058397469,4.247367587630518,-4.367717691341432,-4.720420037964619,1.7292463929942332,-1.5583423458144672,2.707060659850235,-1.609537617047217,2.9485056271124592,-2.25240592092298,4.5545779698698174,3.151687496024405,0.9335965036627035,1.5885621932942529,-3.5625870608850487,5.974830782680499,0.6649934295544853,9.398299421149243,-4.047298952688906,-4.707021965083022,0.8790034154620733,0.8455933973319141,-5.625504181468123,1.0486971725249286,1.1005364223728291,-1.8886045454417988,-1.6460333029952783,-7.607395424125836
-1.0423731882328156,-2.806075732033073,0.2935217798547895,0.2829368680168789,0.794135355858043,1.9787342336433562,-3.619418587961377,-0.2161730983015548,0.27030937973767344,3.483985247388283,-2.465382586110684,2.0709422181817665,-3.0740014431012117,-0.32606954225295215,1.7874063579085921,1.1719244121304166,1.2296061108767427,-1.8701252559308323,1.9118501118623208,2.073971939002325,-0.6242493679457314,0.9795092057709045,-1.2539987421961736,0.45187223766257817,-1.6104570810471568,0.8458007079573646,-1.9214042639337434,-1.3694416923315857,-0.6541954616399991,-0.5563409556677771,1.345123605938527,-2.321204091529132,-0.6399097637748614,-4.047298952688906,2.3181084296341545,1.8425433605191122,-0.7652012211486099,-0.30018385425944094,2.685514258987129,-0.27875802794312854,-0.5494525585088171,0.9398494688486,0.40091348694585505,3.5029389596010136
-1.3474745197753824,-3.30376441898047,-0.28434159151494137,0.1856352894625945,1.7860199557960936,3.214556281909499,-4.535724723052861,0.3847282122930002,1.4294602963684433,3.9032513865803704,-2.543299412760885,2.057025716833442,-3.4672010370405064,-0.12475022818958674,2.247749147921797,1.0863393063930704,2.2364830548098165,-2.2919748969042413,1.9958948075287184,2.5567080201565604,-1.116586712586429,1.2344029716458573,-1.3032181686093194,1.093194755064158,-1.9553349406711709,1.3785416425836214,-2.714465208213845,-2.0080213012998835,-0.6496626201396325,-0.5976851111232121,2.157067525721533,-3.5059060505115847,0.1278745200418653,-4.707021965083022,1.8425433605191122,3.6184673753396672,-0.09675770088205478,-0.048046646789797164,3.2231118357607547,-0.9728401983985974,-1.3026857370108578,0.666077304972701,1.322094629862651,4.9297013610405696
0.24086923353458733,0.6957600027392272,-0.21498883681361167,-0.05714892024275088,-0.056309242960370605,-0.20041396213373774,0.8068723866589917,0.3855114227671785,0.38230550930279045,-0.8839285228493431,0.7755676864683143,-0.6870027947537918,0.7961226890502734,0.07513213494960153,-0.4523866365543936,-0.25685380603360275,-0.03416590878381326,0.4244693400091232,-0.4459980821522084,-0.49984256609489763,0.07003325320318998,-0.4661886345602482,0.31698391909740076,0.0563962282618027,0.39850195034470465,-0.16407695502854705,0.3135842927039688,0.29893677081351566,0.2107048405477664,0.09775890615356574,-0.044652943782732754,0.2729167452064724,0.4370110205146395,0.8790034154620733,-0.7652012211486099,-0.09675770088205478,0.47884538922914294,0.1626949650642914,-0.6550460808606489,-0.17751776796959065,0.06549394113465258,-0.4554334612682519,0.17409088676128695,-0.6767287684799634
0.12833298744172275,0.8207699658372083,-0.09232726835912566,0.0548985464822388,0.12924381494963974,-0.6059927097310298,0.7444507557702128,0.1976568465905406,0.10826678028626566,-0.41375443229862857,0.9531455580505976,-0.3676678245659471,0.8099841671570343,-0.2818857664834885,-0.4474549653923774,-0.6428597281351797,0.03256942315502946,0.7455124695193618,-0.5228825562540215,-0.4874733636683819,0.36281448426618207,-0.3719779572265233,0.2581495815003567,-0.2623486749812024,0.09068216687094147,-0.14945614466362034,0.2522734522386614,0.1984469132584721,0.10341195638438132,0.17700290654411696,-0.36503409267025116,0.3561822463524194,0.01692164428284779,0.8455933973319141,-0.30018385425944094,-0.048046646789797164,0.1626949650642914,0.5360287992460189,-0.2897606920127428,-0.12506027286155197,-0.26312030156897775,-0.4941435471527079,-0.18943197219164154,-0.4045032099203255
-1.5640335562963434,-3.8661747053594446,0.1526059159567648,0.28643467705003256,1.8649612752886942,3.3699110727903987,-5.400510602275526,0.19668102679808142,0.9091579575679384,5.045497595328554,-3.392184480904659,2.720278881979491,-4.248426701449933,-0.4977399266665716,2.617854777996708,1.816592630290781,2.081675075168883,-2.8133020367819466,2.641499614790321,3.3382408045832617,-0.9367988557290662,1.2319077255865674,-1.5698252818949099,1.073052870260282,-2.169997058363244,1.4170178212558429,-3.0763205888328202,-2.2045199084443046,-0.9014848913921419,-0.6190986238723437,2.3028221228170818,-3.939805224800857,-0.4801700472103455,-5.625504181468123,2.685514258987129,3.2231118357607547,-0.6550460808606489,-0.2897606920127428,3.8804895512735413,-0.7480379653889481,-0.8805786997841365,0.9774880162079873,0.8213006372521496,5.400089438931929
0.42269606167794255,0.6672897062143298,0.16063340576097207,-0.08208753012244756,-0.6927795715340517,-0.85409642375076,1.0268136186804142,-0.4797914345744133,-0.6213510778116798,-0.8879303924402947,0.4133399591063975,-0.3594189953634557,0.6303796255256342,0.19316578150516564,-0.4106711790491677,-0.379970901792531,-0.6992836962339105,0.567797990295971,-0.48347280806446596,-0.7057659737335048,0.22402705839937628,-0.024894495025308435,0.16825774197538748,-0.3359105027991858,0.42086065549705864,-0.39620899477725435,0.8642726939464137,0.49972221077006673,0.15152772820984656,0.13818259154216322,-0.7182716965685443,1.1163215448150152,-0.1032002506194476,1.0486971725249286,-0.27875802794312854,-0.9728401983985974,-0.17751776796959065,-0.12506027286155197,-0.7480379653889481,0.47249293751693106,0.2614613780928345,0.1403355817857282,-0.4162375851621775,-1.3161299204160644
0.405469317324248,0.7739070794780538,0.21466042639753327,-0.03311835700293706,-0.4438488006538337,-0.4644553716833543,0.9177245715451132,0.19485812770083666,-0.29880116592711425,-0.7584800786838066,0.40408270646991395,-0.659503729814273,0.7273660921556123,-0.060922081386263656,-0.5978440457953773,0.43996381698256704,-0.6779237040017271,0.14292640033342918,-0.21702848604153052,-0.20550606466700594,0.36554046808113966,-0.7726657369931527,0.4155480853788793,0.04515414358385709,0.7514260175329088,-0.5306369192657541,0.596741385457341,0.5519780657817706,0.1134473054070384,0.26404222094428825,-0.23469174553793815,0.4892478834485164,0.0380242213107881,1.1005364223728291,-0.5494525585088171,-1.3026857370108578,0.06549394113465258,-0.26312030156897775,-0.8805786997841365,0.2614613780928345,0.9882564945695638,-0.31853801642895657,-0.5768252636838787,-1.3971658356346333
-0.41201018504764414,-1.488576097917117,0.15135614412830092,-0.12055301194724624,0.11597130820128164,0.7782008022284932,-1.5586977068467556,-0.6298572268261744,-0.32069030628862494,1.1242380152877198,-1.588314083261756,1.0036904079365543,-1.5531866602963267,0.34039059506397773,1.0319119180331469,0.4485939109037315,0.2089787924680343,-0.8182008450317237,0.8135976911845388,0.678405996984447,-0.5698946806491573,1.0049086360825106,-0.6842679121049757,0.09563105686197781,-0.5869103431715642,0.5654109491503972,-0.5985230730755565,-0.5351071471817309,-0.1413394923107225,-0.480192075799577,0.35522496307432566,-0.5787098575138939,-0.32487609173604026,-1.8886045454417988,0.9398494688486,0.666077304972701,-0.4554334612682519,-0.4941435471527079,0.9774880162079873,0.1403355817857282,-0.31853801642895657,1.024395824887367,0.42685932484814665,1.2252959864811923
-0.5113853596854725,-1.3017983074423025,-0.3659503371376274,0.07744852778608452,0.21014782534512674,0.9926714220524355,-1.0783724546486628,0.1184340078827705,0.6578123674255726,0.5400189150703674,-0.8843706076364549,0.7379129258131741,-0.9844535601166965,0.23018055996761616,0.6882651296281149,0.3515822242810992,0.7096985934688449,-0.6855118434839773,0.6747994177043128,0.44095921401435806,-0.7710732257267962,0.7187436756713516,-0.48617485671622945,0.1376892024663818,-0.6243083697838067,0.6894632523799262,-0.9503140429198969,-0.5599145608884961,-0.15086989657515226,-0.5181995921611244,0.8549112766504688,-0.7850752041544141,0.17579368590775085,-1.6460333029952783,0.40091348694585505,1.322094629862651,0.17409088676128695,-0.18943197219164154,0.8213006372521496,-0.4162375851621775,-0.5768252636838787,0.42685932484814665,1.2357471511235703,1.6133936577153103
-2.4324057430828736,-5.667449715827791,-0.14655936901486646,0.5277705383823084,2.788835230349379,5.013601073461705,-7.422230547512954,0.5783477192353851,1.6675971780316303,6.7417138207580525,-4.721439482408302,3.910082552631907,-5.842000484565715,-0.6089785225322666,3.512896221991313,2.6053797974415938,3.2067343442685434,-4.359184306155928,3.6436670340928194,4.817657062319639,-1.6483385457145496,2.1303355207293957,-1.989730008686899,1.6871357531658009,-3.1842326398279273,2.1926297466768765,-4.6337050391655525,-3.3021628392267157,-1.4387167447272884,-0.7794845549859551,3.5674795817195797,-5.698096926561507,-0.4285687609141089,-7.607395424125836,3.5029389596010136,4.9297013610405696,-0.6767287684799634,-0.4045032099203255,5.400089438931929,-1.3161299204160644,-1.3971658356346333,1.2252959864811923,1.6133936577153103,8.149165123474292
