V1,V2,V3,V4,V5,V6,V7,V8,V9,V10,V11,V12,V13,V14,V15,V16,V17,V18,V19,V20,V21,V22,V23,V24,V25,V26,V27,V28,V29,V30,V31,V32,V33,V34,V35,V36,V37,V38,V39,V40,V41,V42,V43,V44
0.7868231492601387,2.330665886186237,4.712252991998293,0.1790868624686879,2.908124068403054,-1.6031029543615214,-4.95548993062659,0.5363887481507726,-3.8185059676861566,-2.5019091839185217,3.179444316077069,-4.296642677589083,3.569663817290437,-3.5923663197081814,-4.404023037771747,3.2790194951163105,-1.4765752386461415,2.744920433172977,5.847996708065062,7.454187797133171,-1.5786022354235287,-5.748448321640895,3.715700996623375,-5.8290814690733805,-12.201211384387205,3.7863239741650165,5.929082703498393,1.8365088883445109,-3.905255006054091,1.709434401187279,-7.756532238236868,-9.064199825726583,0.5485767064104022,-4.169475982892399,0.49707734774582585,1.4946898453349045,-13.354082739997192,12.16076456048199,10.121806637723262,10.398239672273991,-2.1701331679212963,2.532502098661675,5.52405273300272,5.263485369691869
2.330665886186237,7.659848676794895,16.018253164006747,0.6294078003218029,9.84911372123052,-5.272507845587712,-16.484020720110042,1.8041794247703502,-12.490995635273562,-8.47472941343826,10.608874611999234,-14.701822961261344,11.891857211588832,-11.807731004558002,-14.70972909131877,11.104676494074273,-4.825031997313109,9.164010380972696,19.616793871707973,24.899010342705946,-5.4089143433751525,-19.63362086349108,12.101961771694862,-19.574234714670304,-41.1100274147516,12.749258392964153,20.060361693030007,6.4283645553374,-13.448450787112083,5.755527683098865,-26.112213128394448,-30.490247372008863,1.9396943637467656,-13.831867755011034,1.6721091249910631,5.207380650715237,-44.732066378190304,40.72881942620467,34.10103161739747,34.62308021588667,-7.2726705478564435,8.125804129676823,18.569414474391568,17.632794971356933
4.712252991998293,16.018253164006747,38.67705889012672,-0.09659980907746002,23.233702809589182,-10.755426858418504,-39.54636817710039,4.1871477350398125,-30.874668158001878,-21.450982616756132,25.237051377071953,-34.62224290242034,28.177368128127164,-29.072525982687065,-34.68139084812635,26.67322296512364,-12.190472279166874,19.643628335494352,47.78117266428992,59.98872558194247,-12.071637363782077,-45.59740386931325,28.167306191876158,-45.352497491636505,-96.4124538093263,30.94742359059552,46.10041716554184,13.975718706323631,-31.636967766702,14.056752595634402,-62.317291739547535,-72.23923063281327,3.9522604846468767,-33.26338081735324,2.8554550738611484,12.697201975640384,-105.88508299917959,97.26815341519345,80.89500493383929,84.20762997649784,-18.785484791486258,22.112042857140384,45.20063233101004,40.33206628500172
0.1790868624686879,0.6294078003218029,-0.09659980907746002,0.5714884683911564,0.11994341251574406,-0.5985348963006101,0.19112960379729663,-0.08168363401118861,0.5918767518031495,0.4195924495061144,-0.06401469219049807,-0.1646041336757142,-0.06542106782267539,0.4077872703495037,-0.09997626743711296,-0.008343286307592807,0.25259926190832355,0.7233328450741643,-0.49038262522625586,-0.4101699011740105,-0.30793011530801945,-0.4081364376506963,0.1661037404483132,-0.394900198962045,-0.48402298620635104,-0.2827874090779431,0.6309284876227049,0.5005986644583125,-0.18390856481267515,-0.17258306055763475,0.07712414223300533,-0.03879642645918274,0.2393050812541492,0.313383550567136,0.3237696025167153,-0.024314669783542325,-0.06889136636320026,-0.28195970929426833,0.014794044339794346,-0.8713013827971702,0.5341194632889352,-1.0818279215547462,-0.441115101490537,0.5467307923562957
2.908124068403054,9.84911372123052,23.233702809589182,0.11994341251574406,14.022643990388609,-6.6352893405528315,-23.75586505795515,2.505515355190772,-18.43079199510601,-12.784464590956594,15.177560515772512,-20.88283232762137,16.954338976894945,-17.396989830518997,-20.906604178193653,16.04190963507294,-7.2659175733315395,12.036149688395057,28.634928078153425,36.01067039284659,-7.3567423035378825,-27.558999429802544,17.012452486461957,-27.41753794946517,-58.1608498074096,18.55176546176035,27.90997181757813,8.546016261128711,-19.074970812497025,8.422866868551033,-37.489254878983715,-43.49849968221513,2.44658386362904,-19.962499824761654,1.8206834426061882,7.6232843986827685,-63.7740956339943,58.48709677784215,48.706261543527376,50.47581069786417,-11.147623278499196,13.01013680654463,27.0953969286535,24.44933813697036
-1.6031029543615214,-5.272507845587712,-10.755426858418504,-0.5985348963006101,-6.6352893405528315,4.095142479064901,10.845292922025996,-1.0582036151268057,7.937598869690033,5.484554925259259,-6.951358502810953,9.857727631888057,-7.777055514957313,7.625308952709877,9.858902052010782,-7.476485445987124,3.1189935464249023,-6.57310834106685,-12.664985436842276,-16.25058833896552,3.742858504745672,13.26865189643478,-8.276260404969715,13.24916066584092,27.716970691394486,-8.24206266713658,-13.906165401094464,-4.5415969485001995,9.124074787013946,-3.652088080329392,17.304523347670553,20.361644454690353,-1.451540214950267,8.809317667998421,-1.1647821416076978,-3.5149225816067973,29.808243560143055,-26.871270244719017,-22.650306746394524,-22.31857000325809,4.612608477648094,-4.894381345857259,-11.87830452836022,-12.035575038997434
-4.95548993062659,-16.484020720110042,-39.54636817710039,0.19112960379729663,-23.75586505795515,10.845292922025996,40.76755157106454,-4.397139418493125,32.02122051748387,22.049983667876646,-25.988879279777784,35.3878850448284,-29.05677440175594,30.055503689590594,35.60343160025342,-27.289847378896294,12.596967191261918,-20.001759095387612,-49.2456535567776,-61.80351576337917,12.298840024061125,46.59523029867404,-28.98413670524008,46.4924870932501,98.79762529148256,-31.869814831585106,-47.016401641535516,-14.146490385631616,32.275395900034965,-14.516766584896882,63.973640183471055,74.12656304834458,-3.9510453860144716,34.42648691918189,-2.9360493585453833,-12.914003053747875,108.75930901809805,-100.04200000588925,-83.03865851684039,-86.89807085557368,19.373872555881572,-23.06137127720987,-46.63427168184172,-41.29906124614444
0.5363887481507726,1.8041794247703502,4.1871477350398125,-0.08168363401118861,2.505515355190772,-1.0582036151268057,-4.397139418493125,0.7321295827687959,-3.71586319195278,-2.3957438600204766,2.8980109544539054,-3.848496973835841,3.241757208937512,-3.222861067432523,-3.751853536601111,2.814312677442777,-1.2990384851677879,2.0599039858101507,5.542363083611422,6.897443534167813,-1.2734105746270061,-5.116911497412701,2.9076145944221445,-4.97097320580105,-10.566466710399405,3.6140220052629393,4.934473090925477,1.4826339328157911,-3.545666945048552,1.701608160778766,-6.900490111001842,-8.056316367248007,0.46932031299554877,-4.0181011208247215,0.3858320908217297,1.325297681309832,-11.77590700387321,10.964942028347046,9.07292370950417,9.696501999423276,-2.142210139665779,2.610494305282776,5.213217242436941,4.34638964495685
-3.8185059676861566,-12.490995635273562,-30.874668158001878,0.5918767518031495,-18.43079199510601,7.937598869690033,32.02122051748387,-3.71586319195278,25.815913345625614,17.530733337737484,-20.488678655331825,27.510789069914715,-22.893226690649794,23.857979582025525,27.72325874157207,-21.205513715140206,10.019293005031802,-15.022911401498293,-39.080200648500615,-48.87660019565733,9.314569096710859,36.1341737474911,-22.42056731207412,36.00641419232183,76.75440700111616,-25.284365444910115,-36.128159622967274,-10.551939872835247,25.071080295509336,-11.591236382659735,50.07718068613555,57.95334865757057,-2.9269355573395526,27.48863781039183,-2.110151638683837,-10.002307457351888,85.04076866725588,-78.61141604668408,-64.9705648210504,-68.97971510362508,15.58506539028849,-19.034701410562644,-36.95130884292199,-31.802885367283857
-2.5019091839185217,-8.47472941343826,-21.450982616756132,0.4195924495061144,-12.784464590956594,5.484554925259259,22.049983667876646,-2.3957438600204766,17.530733337737484,12.171917947458969,-14.035647437521984,19.06696204149639,-15.674550271827723,16.40226530536865,19.143989398647786,-14.756644390363004,6.922618062969639,-10.361401773868586,-26.83830713506409,-33.53123873637004,6.49105969573517,24.97440220750744,-15.474248993855015,24.855019988036634,53.04325202773995,-17.356146474527577,-25.048271032518112,-7.388614776004723,17.373257278319418,-7.9284107919317135,34.57721323913106,39.98788147016728,-2.0111718452966456,18.694492336610715,-1.3739509424379361,-7.0331824158645455,58.621073190716594,-54.10909631918743,-44.81559050301497,-47.31091347372944,10.753790700596607,-12.997698715436673,-25.392287373755178,-21.98028301914949
3.179444316077069,10.608874611999234,25.237051377071953,-0.06401469219049807,15.177560515772512,-6.951358502810953,-25.988879279777784,2.8980109544539054,-20.488678655331825,-14.035647437521984,16.66208191977026,-22.65554728896705,18.590759048245545,-19.12794607931859,-22.727733337059203,17.38328443955379,-7.99311540326533,12.820023065250458,31.483613245035855,39.51071298530722,-7.858838366284746,-29.869380188418255,18.42350675139137,-29.71732856039186,-63.14437349635985,20.40751741621635,30.085821731458278,9.084500196523118,-20.687608624588115,9.294476715493124,-40.877724601983815,-47.37526067409296,2.5701818404616956,-22.064921891031837,1.9436110990306685,8.224557708972224,-69.49184821475824,63.931245467272824,53.0912721816573,55.53400734624601,-12.333189111999356,14.635686112941254,29.805455934470096,26.392369342534856
-4.296642677589083,-14.701822961261344,-34.62224290242034,-0.1646041336757142,-20.88283232762137,9.857727631888057,35.3878850448284,-3.848496973835841,27.510789069914715,19.06696204149639,-22.65554728896705,31.2100137974923,-25.310059348308005,25.8580547331367,31.124220393339584,-23.867727221407453,10.767307539657384,-17.918897185481043,-42.77004167641996,-53.72919637909236,10.990725361223783,41.197963468897406,-25.21767980802553,40.87270912973403,86.71519686407963,-27.73293810123461,-41.595536090802476,-12.808141238159356,28.535991286371978,-12.602276499519283,55.90174839199294,64.90660682715952,-3.680952924033291,29.848175632014314,-2.771445369583317,-11.361318110681584,95.09157518336002,-87.24573321226866,-72.69522995223367,-75.29746685123453,16.613715055420062,-19.33594487652007,-40.46390077250715,-36.41698353316003
3.569663817290437,11.891857211588832,28.177368128127164,-0.06542106782267539,16.954338976894945,-7.777055514957313,-29.05677440175594,3.241757208937512,-22.893226690649794,-15.674550271827723,18.590759048245545,-25.310059348308005,20.79381160860541,-21.38862019689458,-25.398562474726962,19.418673663841787,-8.926359605722014,14.345548968939859,35.19119960128961,44.17204868325332,-8.804301039206768,-33.367725968210486,20.6106593598457,-33.22321528362357,-70.55097603833785,22.795098371560307,33.58630225335385,10.148752245253815,-23.08890770425387,10.391705864396277,-45.66563152417024,-52.9588116198296,2.8736968632259225,-24.68350453394353,2.182679624354029,9.184686953671234,-77.67306132620331,71.45928689105736,59.333903463560034,62.071898900097814,-13.779907050154117,16.357232891704015,33.3088239994615,29.52224960776983
-3.5923663197081814,-11.807731004558002,-29.072525982687065,0.4077872703495037,-17.396989830518997,7.625308952709877,30.055503689590594,-3.222861067432523,23.857979582025525,16.40226530536865,-19.12794607931859,25.8580547331367,-21.38862019689458,22.371488672922418,26.137331143637578,-20.054548795764934,9.431348061134816,-14.307347669605315,-36.41314164344907,-45.61793523363444,8.8555186040857,33.92761853172297,-21.284107794146838,33.929433868370694,72.2668295493827,-23.536147829816446,-34.15399049611143,-10.055581310339123,23.514808477088838,-10.737278427112082,47.03571905526226,54.3970230050826,-2.7376729696944038,25.462508546364365,-1.9592441578782207,-9.487362098436101,79.85311113008844,-73.6392308316553,-60.937780364085754,-64.35165483095396,14.517652486361653,-17.583081846352133,-34.4801714096728,-30.073531948534306
-4.404023037771747,-14.70972909131877,-34.68139084812635,-0.09997626743711296,-20.906604178193653,9.858902052010782,35.60343160025342,-3.751853536601111,27.72325874157207,19.143989398647786,-22.727733337059203,31.124220393339584,-25.398562474726962,26.137331143637578,31.28437310502517,-23.959164789933066,10.935569950383824,-17.91059301959264,-42.87212063008239,-53.91542773649772,10.936470609080455,41.054698696549536,-25.522846069981465,40.944899211645,86.87674205344483,-27.767067791653016,-41.601229923828896,-12.655656363147301,28.405891054918634,-12.595763245273693,56.05749283005174,65.01339196007804,-3.579575694415049,29.929537099314597,-2.692368931731713,-11.346430445205517,95.36462058641762,-87.51613838204496,-72.78251315558224,-75.65483841807821,16.737736445918934,-19.67485853158684,-40.58325337879123,-36.48768580919922
3.2790194951163105,11.104676494074273,26.67322296512364,-0.008343286307592807,16.04190963507294,-7.476485445987124,-27.289847378896294,2.814312677442777,-21.205513715140206,-14.756644390363004,17.38328443955379,-23.867727221407453,19.418673663841787,-20.054548795764934,-23.959164789933066,18.431216695616275,-8.415446475424991,13.620593138464207,32.87391876968058,41.30549264226057,-8.361676231587815,-31.43241024562077,19.522217886780687,-31.323401065689247,-66.55633270087016,21.281409066958336,31.85035093620755,9.675946530137416,-21.795662105207327,9.653870758705711,-42.98217728130127,-49.81312499297115,2.7191780875790443,-22.862650682541677,1.9793166136052514,8.762889796716669,-73.04274270924121,67.04482163818997,55.768136232755744,57.972922385591836,-12.906259237230596,15.166564897689613,31.121301998677595,27.88641204768812
-1.4765752386461415,-4.825031997313109,-12.190472279166874,0.25259926190832355,-7.2659175733315395,3.1189935464249023,12.596967191261918,-1.2990384851677879,10.019293005031802,6.922618062969639,-7.99311540326533,10.767307539657384,-8.926359605722014,9.431348061134816,10.935569950383824,-8.415446475424991,4.010045866028221,-5.885129394847529,-15.245446619850686,-19.087536992557734,3.6489914147342564,14.088259662525287,-8.929714334128237,14.128813781690667,30.158797127311846,-9.847479201316174,-14.216501963817903,-4.121656907154093,9.776847597273033,-4.481316542950262,19.679613615549602,22.711908156417675,-1.0902050357806932,10.623390875920833,-0.746347020320349,-3.9837648720147882,33.35846901569397,-30.789716563713547,-25.441030746162724,-26.978511194023174,6.152091549404359,-7.512586868012182,-14.440498129508256,-12.504530073297547
2.744920433172977,9.164010380972696,19.643628335494352,0.7233328450741643,12.036149688395057,-6.57310834106685,-20.001759095387612,2.0599039858101507,-15.022911401498293,-10.361401773868586,12.820023065250458,-17.918897185481043,14.345548968939859,-14.307347669605315,-17.91059301959264,13.620593138464207,-5.885129394847529,11.215372194258334,23.721581754126273,30.14389438060304,-6.601824933620578,-23.9205905982667,14.781892445892169,-23.833367603524348,-50.11980323930325,15.410044736865101,24.608408861911247,7.869190370413952,-16.454925565793957,6.923797371529007,-31.757695809035205,-37.10055087457961,2.3964453788002014,-16.573241760830655,1.9365343275328377,6.426434638939503,-54.37894431905946,49.420619846491356,41.4412793602813,41.8150259152758,-8.857369775429463,9.809794599738392,22.39711578242618,21.480432484325167
5.847996708065062,19.616793871707973,47.78117266428992,-0.49038262522625586,28.634928078153425,-12.664985436842276,-49.2456535567776,5.542363083611422,-39.080200648500615,-26.83830713506409,31.483613245035855,-42.77004167641996,35.19119960128961,-36.41314164344907,-42.87212063008239,32.87391876968058,-15.245446619850686,23.721581754126273,59.904273187884996,74.99645664076753,-14.713905886091773,-56.241093131860154,34.648320966734836,-55.92229626320027,-119.01337904085132,38.779350531082805,56.38043509137985,16.859576322990304,-38.99882256190822,17.730628556483072,-77.32460138130253,-89.56585719155139,4.718538514473816,-41.96457057553855,3.462078407324493,15.589531331701723,-131.33640846159264,121.06893340900884,100.407109073478,105.58976793082955,-23.666659208064644,28.357430512345974,56.690524512376385,49.55489884540316
7.454187797133171,24.899010342705946,59.98872558194247,-0.4101699011740105,36.01067039284659,-16.25058833896552,-61.80351576337917,6.897443534167813,-48.87660019565733,-33.53123873637004,39.51071298530722,-53.72919637909236,44.17204868325332,-45.61793523363444,-53.91542773649772,41.30549264226057,-19.087536992557734,30.14389438060304,74.99645664076753,94.04673060995802,-18.56179688362464,-70.75299178317476,43.69334784317725,-70.4138369240959,-149.71959984194336,48.558792828027755,71.12952013754135,21.334774974698856,-49.01687364007784,22.168540940275573,-97.08185192328769,-112.50850604671353,6.022416562267648,-52.54718754379176,4.4526465845007746,19.562017927362145,-165.00658362806462,151.947530957352,126.08345469671224,132.25334864936855,-29.543032087611625,35.243217679360406,70.95626594820173,62.4784782850033
-1.5786022354235287,-5.4089143433751525,-12.071637363782077,-0.30793011530801945,-7.3567423035378825,3.742858504745672,12.298840024061125,-1.2734105746270061,9.314569096710859,6.49105969573517,-7.858838366284746,10.990725361223783,-8.804301039206768,8.8555186040857,10.936470609080455,-8.361676231587815,3.6489914147342564,-6.601824933620578,-14.713905886091773,-18.56179688362464,4.0240035584864975,14.57735863898795,-8.929510319850866,14.484241543727743,30.544323523631636,-9.539974821271482,-14.832521629598544,-4.719102865151468,10.0653129765686,-4.315226949884747,19.500070311275177,22.729805554837192,-1.3900634867928023,10.251644306024518,-1.099464779823277,-3.971259814322752,33.29199303493123,-30.36781408286028,-25.420358244885225,-25.873170553038413,5.549270088771889,-6.262147649133676,-13.92102644730072,-13.005452176984454
-5.748448321640895,-19.63362086349108,-45.59740386931325,-0.4081364376506963,-27.558999429802544,13.26865189643478,46.59523029867404,-5.116911497412701,36.1341737474911,24.97440220750744,-29.869380188418255,41.197963468897406,-33.367725968210486,33.92761853172297,41.054698696549536,-31.43241024562077,14.088259662525287,-23.9205905982667,-56.241093131860154,-70.75299178317476,14.57735863898795,54.502812699836106,-33.29088380789941,54.04852009039309,114.53347396756378,-36.48906787562472,-55.10514954535295,-17.061747636176328,37.720273658913676,-16.57836779033812,73.66422012506787,85.60685308252404,-4.975635972069135,39.300993035725426,-3.796111867695303,-14.938505590131134,125.42267274486292,-114.96211587614646,-95.87565562519862,-98.99296187239878,21.714202659062565,-25.10985194752618,-53.18960079050908,-48.202274586321074
3.715700996623375,12.101961771694862,28.167306191876158,0.1661037404483132,17.012452486461957,-8.276260404969715,-28.98413670524008,2.9076145944221445,-22.42056731207412,-15.474248993855015,18.42350675139137,-25.21767980802553,20.6106593598457,-21.284107794146838,-25.522846069981465,19.522217886780687,-8.929714334128237,14.781892445892169,34.648320966734836,43.69334784317725,-8.929510319850866,-33.29088380789941,21.05651915233323,-33.390331590753526,-70.74581149126271,22.411576709414984,33.98474041475864,10.315949563191573,-22.993366734145727,10.133579550862933,-45.53237242653878,-52.842749980400896,2.905137321317927,-24.157555624205326,2.193194628466263,9.198408004645747,-77.58307625346421,71.06054477700206,59.08565278238567,61.26514818480649,-13.510808816922056,15.899738734719529,32.781379426337985,29.834340863384842
-5.8290814690733805,-19.574234714670304,-45.352497491636505,-0.394900198962045,-27.41753794946517,13.24916066584092,46.4924870932501,-4.97097320580105,36.00641419232183,24.855019988036634,-29.71732856039186,40.87270912973403,-33.22321528362357,33.929433868370694,40.944899211645,-31.323401065689247,14.128813781690667,-23.833367603524348,-55.92229626320027,-70.4138369240959,14.484241543727743,54.04852009039309,-33.390331590753526,53.82240782948328,113.99661112176699,-36.24542237649407,-54.81272134445928,-16.8734916076198,37.3671596259843,-16.444533740223044,73.31516845767383,85.17267977199289,-4.868943025523364,39.07100625407161,-3.723957190966599,-14.837132877213413,124.8863747656205,-114.44824556791866,-95.34732946520812,-98.58077421943342,21.632196228164123,-25.154249687951538,-52.90736501940417,-48.033217689623356
-12.201211384387205,-41.1100274147516,-96.4124538093263,-0.48402298620635104,-58.1608498074096,27.716970691394486,98.79762529148256,-10.566466710399405,76.75440700111616,53.04325202773995,-63.14437349635985,86.71519686407963,-70.55097603833785,72.2668295493827,86.87674205344483,-66.55633270087016,30.158797127311846,-50.11980323930325,-119.01337904085132,-149.71959984194336,30.544323523631636,114.53347396756378,-70.74581149126271,113.99661112176699,241.77097605736307,-77.13311198818535,-116.0208170214026,-35.549633364721934,79.27368904684651,-35.00687216464126,155.754551109201,180.79129044285298,-10.184445994447902,83.08519117776127,-7.6926561917027705,-31.56064002034738,265.0736388705749,-243.12076016054317,-202.42766016393242,-209.80066241542366,46.28362216669814,-54.03356483909765,-112.61547653247894,-101.59716726017149
3.7863239741650165,12.749258392964153,30.94742359059552,-0.2827874090779431,18.55176546176035,-8.24206266713658,-31.869814831585106,3.6140220052629393,-25.284365444910115,-17.356146474527577,20.40751741621635,-27.73293810123461,22.795098371560307,-23.536147829816446,-27.767067791653016,21.281409066958336,-9.847479201316174,15.410044736865101,38.779350531082805,48.558792828027755,-9.539974821271482,-36.48906787562472,22.411576709414984,-36.24542237649407,-77.13311198818535,25.12230102198388,36.580321762443205,10.968486529374585,-25.303246947741936,11.477671535003083,-50.088078999053025,-58.0232126791702,3.0816089376645315,-27.17411456895439,2.2756307022983444,10.098120998144855,-85.06950185930529,78.40706315717166,65.05230286045935,68.34304815943085,-15.299629376183969,18.279579435094178,36.69934870812254,32.118963216165376
5.929082703498393,20.060361693030007,46.10041716554184,0.6309284876227049,27.90997181757813,-13.906165401094464,-47.016401641535516,4.934473090925477,-36.128159622967274,-25.048271032518112,30.085821731458278,-41.595536090802476,33.58630225335385,-34.15399049611143,-41.601229923828896,31.85035093620755,-14.216501963817903,24.608408861911247,56.38043509137985,71.12952013754135,-14.832521629598544,-55.10514954535295,33.98474041475864,-54.81272134445928,-116.0208170214026,36.580321762443205,56.14138685763627,17.429276208188092,-38.11793539573171,16.530589086281026,-74.35683108839252,-86.46172044780556,5.097842275268125,-39.287437718893095,3.876837798693539,15.113314670990803,-126.7193702126985,115.8854610110094,96.73054591791735,99.35028342757431,-21.71009825158952,24.9210662440377,53.29455176038982,49.00557179999547
1.8365088883445109,6.4283645553374,13.975718706323631,0.5005986644583125,8.546016261128711,-4.5415969485001995,-14.146490385631616,1.4826339328157911,-10.551939872835247,-7.388614776004723,9.084500196523118,-12.808141238159356,10.148752245253815,-10.055581310339123,-12.655656363147301,9.675946530137416,-4.121656907154093,7.869190370413952,16.859576322990304,21.334774974698856,-4.719102865151468,-17.061747636176328,10.315949563191573,-16.8734916076198,-35.549633364721934,10.968486529374585,17.429276208188092,5.68488155235637,-11.776959741621754,4.9383646395457506,-22.551748780471193,-26.320107129611547,1.707843321577555,-11.724084734423458,1.3935350093543923,4.613363568547902,-38.517889789545265,35.018071914008424,29.448004074973554,29.608220788982422,-6.279783225296053,6.846638969474114,15.961271475665104,15.1749009855987
-3.905255006054091,-13.448450787112083,-31.636967766702,-0.18390856481267515,-19.074970812497025,9.124074787013946,32.275395900034965,-3.545666945048552,25.071080295509336,17.373257278319418,-20.687608624588115,28.535991286371978,-23.08890770425387,23.514808477088838,28.405891054918634,-21.795662105207327,9.776847597273033,-16.454925565793957,-38.99882256190822,-49.01687364007784,10.0653129765686,37.720273658913676,-22.993366734145727,37.3671596259843,79.27368904684651,-25.303246947741936,-38.11793539573171,-11.776959741621754,26.168875541009843,-11.497009693157416,51.02520081268853,59.286663590869416,-3.427779708108689,27.2039543567961,-2.56096787610579,-10.379135195580945,86.826204887876,-79.62672585048105,-66.39015776078543,-68.5968137602506,15.10951714855693,-17.508942874111643,-36.87013485988632,-33.2794303685881
1.709434401187279,5.755527683098865,14.056752595634402,-0.17258306055763475,8.422866868551033,-3.652088080329392,-14.516766584896882,1.701608160778766,-11.591236382659735,-7.9284107919317135,9.294476715493124,-12.602276499519283,10.391705864396277,-10.737278427112082,-12.595763245273693,9.653870758705711,-4.481316542950262,6.923797371529007,17.730628556483072,22.168540940275573,-4.315226949884747,-16.57836779033812,10.133579550862933,-16.444533740223044,-35.00687216464126,11.477671535003083,16.530589086281026,4.9383646395457506,-11.497009693157416,5.279811185123668,-22.77958194230446,-26.38694361208845,1.3939774103460252,-12.456196337484894,1.024396577640648,4.578553948047638,-38.692615801388214,35.715493301727605,29.609534259472685,31.22338628073712,-6.99642667561375,8.417365384927763,16.77984485019903,14.546486401232078
-7.756532238236868,-26.112213128394448,-62.317291739547535,0.07712414223300533,-37.489254878983715,17.304523347670553,63.973640183471055,-6.900490111001842,50.07718068613555,34.57721323913106,-40.877724601983815,55.90174839199294,-45.66563152417024,47.03571905526226,56.05749283005174,-42.98217728130127,19.679613615549602,-31.757695809035205,-77.32460138130253,-97.08185192328769,19.500070311275177,73.66422012506787,-45.53237242653878,73.31516845767383,155.754551109201,-50.088078999053025,-74.35683108839252,-22.551748780471193,51.02520081268853,-22.77958194230446,100.71520287887247,116.74514048363817,-6.364718730185621,54.00811213793956,-4.743852747919046,-20.392038185304415,171.19576527339984,-157.3207183579991,-130.77671872210752,-136.34950305051066,30.304688911093464,-35.75864090682891,-73.20068528432013,-65.20367676218581
-9.064199825726583,-30.490247372008863,-72.23923063281327,-0.03879642645918274,-43.49849968221513,20.361644454690353,74.12656304834458,-8.056316367248007,57.95334865757057,39.98788147016728,-47.37526067409296,64.90660682715952,-52.9588116198296,54.3970230050826,65.01339196007804,-49.81312499297115,22.711908156417675,-37.10055087457961,-89.56585719155139,-112.50850604671353,22.729805554837192,85.60685308252404,-52.842749980400896,85.17267977199289,180.79129044285298,-58.0232126791702,-86.46172044780556,-26.320107129611547,59.286663590869416,-26.38694361208845,116.74514048363817,135.49696882830662,-7.500433731389586,62.584776654676475,-5.6035788528606165,-23.63369074172836,198.62458351394068,-182.42648009832524,-151.72023198580487,-157.86816187991835,34.98774530121914,-41.1746622034716,-84.71062934557723,-75.81173478927055
0.5485767064104022,1.9396943637467656,3.9522604846468767,0.2393050812541492,2.44658386362904,-1.451540214950267,-3.9510453860144716,0.46932031299554877,-2.9269355573395526,-2.0111718452966456,2.5701818404616956,-3.680952924033291,2.8736968632259225,-2.7376729696944038,-3.579575694415049,2.7191780875790443,-1.0902050357806932,2.3964453788002014,4.718538514473816,6.022416562267648,-1.3900634867928023,-4.975635972069135,2.905137321317927,-4.868943025523364,-10.184445994447902,3.0816089376645315,5.097842275268125,1.707843321577555,-3.427779708108689,1.3939774103460252,-6.364718730185621,-7.500433731389586,0.5795219857973255,-3.313171061601288,0.46778188558972733,1.2930971501201187,-10.950862849714044,9.900611645291557,8.382107451504364,8.240211822169222,-1.6823191154852668,1.7299716699795396,4.426652137090501,4.402828864762224
-4.169475982892399,-13.831867755011034,-33.26338081735324,0.313383550567136,-19.962499824761654,8.809317667998421,34.42648691918189,-4.0181011208247215,27.48863781039183,18.694492336610715,-22.064921891031837,29.848175632014314,-24.68350453394353,25.462508546364365,29.929537099314597,-22.862650682541677,10.623390875920833,-16.573241760830655,-41.96457057553855,-52.54718754379176,10.251644306024518,39.300993035725426,-24.157555624205326,39.07100625407161,83.08519117776127,-27.17411456895439,-39.287437718893095,-11.724084734423458,27.2039543567961,-12.456196337484894,54.00811213793956,62.584776654676475,-3.313171061601288,29.54476432253096,-2.49900598733931,-10.799518422616147,91.80218379224242,-84.69273598830743,-70.18694280895619,-73.9915711105362,16.52309758985313,-19.869193777763424,-39.70972799318138,-34.60912757667775
0.49707734774582585,1.6721091249910631,2.8554550738611484,0.3237696025167153,1.8206834426061882,-1.1647821416076978,-2.9360493585453833,0.3858320908217297,-2.110151638683837,-1.3739509424379361,1.9436110990306685,-2.771445369583317,2.182679624354029,-1.9592441578782207,-2.692368931731713,1.9793166136052514,-0.746347020320349,1.9365343275328377,3.462078407324493,4.4526465845007746,-1.099464779823277,-3.796111867695303,2.193194628466263,-3.723957190966599,-7.6926561917027705,2.2756307022983444,3.876837798693539,1.3935350093543923,-2.56096787610579,1.024396577640648,-4.743852747919046,-5.6035788528606165,0.46778188558972733,-2.49900598733931,0.4895033497928003,0.9103218538397563,-8.210238561582639,7.367309688278032,6.288020603803098,6.06175391515493,-1.1240751966921232,1.0456061929108287,3.2898418378826286,3.3984501985124558
1.4946898453349045,5.207380650715237,12.697201975640384,-0.024314669783542325,7.6232843986827685,-3.5149225816067973,-12.914003053747875,1.325297681309832,-10.002307457351888,-7.0331824158645455,8.224557708972224,-11.361318110681584,9.184686953671234,-9.487362098436101,-11.346430445205517,8.762889796716669,-3.9837648720147882,6.426434638939503,15.589531331701723,19.562017927362145,-3.971259814322752,-14.938505590131134,9.198408004645747,-14.837132877213413,-31.56064002034738,10.098120998144855,15.113314670990803,4.613363568547902,-10.379135195580945,4.578553948047638,-20.392038185304415,-23.63369074172836,1.2930971501201187,-10.799518422616147,0.9103218538397563,4.205569586005232,-34.61277719157435,31.77926658269621,26.457517420225074,27.45735711558537,-6.143615710391748,7.178357313993812,14.755896166390903,13.20525984033982
-13.354082739997192,-44.732066378190304,-105.88508299917959,-0.06889136636320026,-63.7740956339943,29.808243560143055,108.75930901809805,-11.77590700387321,85.04076866725588,58.621073190716594,-69.49184821475824,95.09157518336002,-77.67306132620331,79.85311113008844,95.36462058641762,-73.04274270924121,33.35846901569397,-54.37894431905946,-131.33640846159264,-165.00658362806462,33.29199303493123,125.42267274486292,-77.58307625346421,124.8863747656205,265.0736388705749,-85.06950185930529,-126.7193702126985,-38.517889789545265,86.826204887876,-38.692615801388214,171.19576527339984,198.62458351394068,-10.950862849714044,91.80218379224242,-8.210238561582639,-34.61277719157435,291.2599527680882,-267.5131848672478,-222.43340048465365,-231.58291536541483,51.30884228749847,-60.464069806251004,-124.25961110070381,-111.16025005481283
12.16076456048199,40.72881942620467,97.26815341519345,-0.28195970929426833,58.48709677784215,-26.871270244719017,-100.04200000588925,10.964942028347046,-78.61141604668408,-54.10909631918743,63.931245467272824,-87.24573321226866,71.45928689105736,-73.6392308316553,-87.51613838204496,67.04482163818997,-30.789716563713547,49.420619846491356,121.06893340900884,151.947530957352,-30.36781408286028,-114.96211587614646,71.06054477700206,-114.44824556791866,-243.12076016054317,78.40706315717166,115.8854610110094,35.018071914008424,-79.62672585048105,35.715493301727605,-157.3207183579991,-182.42648009832524,9.900611645291557,-84.69273598830743,7.367309688278032,31.77926658269621,-267.5131848672478,246.00904113067253,204.3488686167254,213.48622459866996,-47.48444821197331,56.287196808943854,114.5578739973156,101.72401001615152
10.121806637723262,34.10103161739747,80.89500493383929,0.014794044339794346,48.706261543527376,-22.650306746394524,-83.03865851684039,9.07292370950417,-64.9705648210504,-44.81559050301497,53.0912721816573,-72.69522995223367,59.333903463560034,-60.937780364085754,-72.78251315558224,55.768136232755744,-25.441030746162724,41.4412793602813,100.407109073478,126.08345469671224,-25.420358244885225,-95.87565562519862,59.08565278238567,-95.34732946520812,-202.42766016393242,65.05230286045935,96.73054591791735,29.448004074973554,-66.39015776078543,29.609534259472685,-130.77671872210752,-151.72023198580487,8.382107451504364,-70.18694280895619,6.288020603803098,26.457517420225074,-222.43340048465365,204.3488686167254,169.95624953758846,176.95701369347313,-39.225680657200684,46.17330296235655,95.00654181488876,84.82715394828301
10.398239672273991,34.62308021588667,84.20762997649784,-0.8713013827971702,50.47581069786417,-22.31857000325809,-86.89807085557368,9.696501999423276,-68.97971510362508,-47.31091347372944,55.53400734624601,-75.29746685123453,62.071898900097814,-64.35165483095396,-75.65483841807821,57.972922385591836,-26.978511194023174,41.8150259152758,105.58976793082955,132.25334864936855,-25.873170553038413,-98.99296187239878,61.26514818480649,-98.58077421943342,-209.80066241542366,68.34304815943085,99.35028342757431,29.608220788982422,-68.5968137602506,31.22338628073712,-136.34950305051066,-157.86816187991835,8.240211822169222,-73.9915711105362,6.06175391515493,27.45735711558537,-231.58291536541483,213.48622459866996,176.95701369347313,186.2883678955261,-41.775956850635964,50.16843339264433,99.95394830634835,87.37923076717556
-2.1701331679212963,-7.2726705478564435,-18.785484791486258,0.5341194632889352,-11.147623278499196,4.612608477648094,19.373872555881572,-2.142210139665779,15.58506539028849,10.753790700596607,-12.333189111999356,16.613715055420062,-13.779907050154117,14.517652486361653,16.737736445918934,-12.906259237230596,6.152091549404359,-8.857369775429463,-23.666659208064644,-29.543032087611625,5.549270088771889,21.714202659062565,-13.510808816922056,21.632196228164123,46.28362216669814,-15.299629376183969,-21.71009825158952,-6.279783225296053,15.10951714855693,-6.99642667561375,30.304688911093464,34.98774530121914,-1.6823191154852668,16.52309758985313,-1.1240751966921232,-6.143615710391748,51.30884228749847,-47.48444821197331,-39.225680657200684,-41.775956850635964,9.60648810607348,-11.751682972015052,-22.39267324309592,-19.06677832427469
2.532502098661675,8.125804129676823,22.112042857140384,-1.0818279215547462,13.01013680654463,-4.894381345857259,-23.06137127720987,2.610494305282776,-19.034701410562644,-12.997698715436673,14.635686112941254,-19.33594487652007,16.357232891704015,-17.583081846352133,-19.67485853158684,15.166564897689613,-7.512586868012182,9.809794599738392,28.357430512345974,35.243217679360406,-6.262147649133676,-25.10985194752618,15.899738734719529,-25.154249687951538,-54.03356483909765,18.279579435094178,24.9210662440377,6.846638969474114,-17.508942874111643,8.417365384927763,-35.75864090682891,-41.1746622034716,1.7299716699795396,-19.869193777763424,1.0456061929108287,7.178357313993812,-60.464069806251004,56.287196808943854,46.17330296235655,50.16843339264433,-11.751682972015052,14.936794330553312,26.813045679044528,22.030671887471122
5.52405273300272,18.569414474391568,45.20063233101004,-0.441115101490537,27.0953969286535,-11.87830452836022,-46.63427168184172,5.213217242436941,-36.95130884292199,-25.392287373755178,29.805455934470096,-40.46390077250715,33.3088239994615,-34.4801714096728,-40.58325337879123,31.121301998677595,-14.440498129508256,22.39711578242618,56.690524512376385,70.95626594820173,-13.92102644730072,-53.18960079050908,32.781379426337985,-52.90736501940417,-112.61547653247894,36.69934870812254,53.29455176038982,15.961271475665104,-36.87013485988632,16.77984485019903,-73.20068528432013,-84.71062934557723,4.426652137090501,-39.70972799318138,3.2898418378826286,14.755896166390903,-124.25961110070381,114.5578739973156,95.00654181488876,99.95394830634835,-22.39267324309592,26.813045679044528,53.725350290365704,46.87072331060244
5.263485369691869,17.632794971356933,40.33206628500172,0.5467307923562957,24.44933813697036,-12.035575038997434,-41.29906124614444,4.34638964495685,-31.802885367283857,-21.98028301914949,26.392369342534856,-36.41698353316003,29.52224960776983,-30.073531948534306,-36.48768580919922,27.88641204768812,-12.504530073297547,21.480432484325167,49.55489884540316,62.4784782850033,-13.005452176984454,-48.202274586321074,29.834340863384842,-48.033217689623356,-101.59716726017149,32.118963216165376,49.00557179999547,15.1749009855987,-33.2794303685881,14.546486401232078,-65.20367676218581,-75.81173478927055,4.402828864762224,-34.60912757667775,3.3984501985124558,13.20525984033982,-111.16025005481283,101.72401001615152,84.82715394828301,87.37923076717556,-19.06677832427469,22.030671887471122,46.87072331060244,42.966371021828074
