V1,V2,V3,V4,V5,V6,V7,V8,V9,V10,V11,V12,V13,V14,V15,V16,V17,V18,V19,V20,V21,V22,V23,V24,V25,V26,V27,V28,V29,V30,V31,V32,V33,V34,V35,V36,V37,V38,V39,V40,V41,V42,V43,V44
1.0897041444845694,-0.5476275753029706,0.44319625273440216,-0.652476220808701,-2.3478726897529496,-1.7162101712687754,-0.7356637663429535,-0.2686469857202222,-1.456010474204737,-0.466255314965678,0.513151007292238,-0.19203492042916168,-0.5722730984129636,-1.349314003374087,-0.286001372502268,0.4294033687615559,1.9067877145756968,0.17224953314806085,-0.5921052050745511,-0.7276293990858821,-0.9407716906536637,0.5410621892900865,-0.29911991356125484,-0.24977883324658376,0.4452460402948455,0.8713850017174518,0.7018823749627697,-0.9244120864228479,-0.9549958677211059,0.09848372462761228,1.2463223666789949,-0.33212813091935084,0.6104594657637917,0.3129568757528412,-0.3490946255942067,-0.42480735754423093,-0.260104929610913,0.03627218223697646,-1.5712399257847767,1.1018619454087981,-1.1522679746445126,0.03534456956494319,0.22333029625340636,1.3794103347325675
-0.5476275753029706,1.1482204503226543,-0.5400836848712964,0.7856529048783245,2.1350241308723144,1.6544859661713989,1.6985929070745664,-0.29419955240577406,1.6288747065645701,0.3941766032151495,-0.019665794029927224,0.020103036448133795,0.7460563518506276,1.0996097552950017,-0.09876611067567845,-0.8280730680944726,-2.6556692494231675,0.1036875718008448,0.5865252307784392,-0.22708626451162964,1.2890679743457627,-0.7420554752952007,0.014188730884095727,0.18824724307337745,0.07724693579370097,-0.951862550862725,-0.10514193552610404,0.8551979093600987,0.9374088660008659,0.258107335727826,-1.6435730186264987,1.2762101129185242,-0.27658469347043646,0.4544385221477521,-0.1447844162003796,0.4680825718165687,0.625171627913306,-0.057882995531800735,1.4687684306403042,-0.6573765172472176,1.3570496733726907,-0.3357712025099114,0.11733964665789517,-1.9083368246874088
0.44319625273440216,-0.5400836848712964,0.6310345942921674,-0.743514823710974,-1.8725658893123656,-2.0963884757787117,-1.0218200827541406,0.3386980278341629,-1.7906941162520529,-1.1302242890097565,0.34456253001809634,-0.1189652629891711,-7.674547595181039e-4,-0.5309100841838417,0.14756909527728257,0.4564231520542035,2.3922925438717964,0.263253167073653,-1.287848324517428,-0.02752794591956622,-1.1196356105294094,0.44358561992183837,0.41391206215219567,-0.13371376725868964,-0.12707647867244545,0.6071380076064279,0.2704732705516745,-0.39864299022441896,-0.7338662130859176,-0.15173229620387824,1.2314206989400596,-0.9361942196517563,0.5072713544035962,0.41904662098355205,-0.20508024272927594,-1.0578973369915732,-0.6358798546550584,0.4244431107095812,-2.060778320612827,0.7129154737512727,-1.4251484556045442,0.045479029987658445,-0.6287144804762173,1.0844926364445793
-0.652476220808701,0.7856529048783245,-0.743514823710974,1.144359314732056,2.9842309869869266,3.039501426668336,1.407088438439992,-0.7619896643657429,2.460857633934134,1.7670634460548351,-0.6489404718943109,0.5912702044117298,-0.1387679768131604,1.0550012549990146,0.26777737680517,-0.7873927027425384,-3.3726265263608317,-0.5274165691501962,1.518009175455034,-0.14859828660197152,1.5755390365477104,-0.7061714884655368,-0.6527574747225002,0.5316706969304397,-0.012998105095651767,-0.8507037336366846,-0.5096430366487856,0.367653652565858,0.9072877513842849,0.44274047691796947,-1.688329097747606,1.260349224192312,-0.16966793241639472,-0.34433102907213825,0.08092757639997906,1.5195395896359085,0.9320462979779408,-0.27774219300788733,2.8112869116025934,-0.6480747919532082,1.682716561051274,-0.36710878960830856,0.7344960575180556,-1.3232220058942683
-2.3478726897529496,2.1350241308723144,-1.8725658893123656,2.9842309869869266,8.421500077203847,7.856030699306219,3.5709451633872833,-1.4448767797253452,6.377755964760217,4.134594796746278,-1.8669022038405734,1.5472359356298884,0.1796398470869558,3.516183870187393,0.9942153782004084,-2.077569328285734,-8.689437897759941,-1.3027615156557795,3.554533742452958,0.26679512845068665,4.102830490724843,-1.973796593419872,-1.1053208442408449,1.454420750923597,-0.50294295377237,-2.551335405320633,-1.7261752137886706,1.5223874770166468,2.681358692236701,0.9238101761679937,-4.595489713045767,2.8988486677293235,-0.6828362753250106,-0.8843766380067238,0.3903975123770121,3.538820352796227,2.178189163933923,-0.4819161883226229,7.189770055472532,-2.179191538044893,4.3916718598379765,-0.9098228407173804,1.2596771831884257,-3.904129515808833
-1.7162101712687754,1.6544859661713989,-2.0963884757787117,3.039501426668336,7.856030699306219,8.601313706214148,3.3048736805246475,-2.068143904069755,6.841420978819464,5.382075341026012,-1.9966713888695022,1.5860369071696974,-0.9675796229484229,2.3564612867432166,0.6053598372331676,-1.8118182191896472,-8.957993804682971,-1.706561760839085,4.760308496870282,-0.16075138660692515,4.138651604425908,-1.6431991145180551,-2.1141885938003764,1.3315384486595145,0.038038200980553744,-2.0400026464172054,-1.459773070522841,0.6748436874333634,2.3039869376834496,1.0885519487570117,-4.2596152296943375,3.205736163115118,-0.7334494358900642,-1.6907932645761905,0.5292399930798968,4.629319198977294,2.555186647133484,-1.1031020808005192,8.13954035042834,-1.8393757028114868,4.6977405103599095,-0.700328559195062,2.4514554608631953,-2.964391746423128
-0.7356637663429535,1.6985929070745664,-1.0218200827541406,1.407088438439992,3.5709451633872833,3.3048736805246475,2.714346634296685,-0.7888323568174672,3.065366409153716,1.3437412747821753,-0.20524657239445626,0.1467877355722782,0.7021113072764062,1.4509763914341796,-0.229617337848939,-1.301624144135747,-4.694928489744306,-0.08342664826434475,1.5775337937548757,-0.5126988967877761,2.236822595057891,-1.1262228468779694,-0.4422316092080174,0.3389758115917612,0.2894865942933093,-1.4215389868448258,-0.16827537077471583,1.0619625799905072,1.4436243571828253,0.5294250202290719,-2.6617687915820873,2.251854683802429,-0.46514092296275933,0.3447864394362812,-0.15763708888806618,1.362241837186159,1.2365311048998344,-0.354289312708017,3.0605537860133096,-0.9858310537644341,2.452471989005349,-0.4999253464510474,0.718241975971649,-2.7843550498861513
-0.2686469857202222,-0.29419955240577406,0.3386980278341629,-0.7619896643657429,-1.4448767797253452,-2.068143904069755,-0.7888323568174672,1.4017262579304286,-1.4725938250871276,-1.9445953859609466,0.44385234426062925,-0.837856895281532,1.0086727596219622,-0.04220349385861891,-0.3873662553455657,0.5186443780323764,2.0760966136258556,0.6528432822340281,-1.1539677371563657,0.953320617281062,-0.8948043232184124,0.29084969926152715,1.2137365611503241,-0.621869678003724,-0.2907716076541103,0.05907262235446379,0.00772481881836331,0.7026966554286092,0.01396862283363356,-0.7640311361817298,0.6484859925634747,-1.0802616750691514,-0.7610949977174651,0.1326911512309065,0.321234486183703,-1.5489770804372294,-0.8973776747894049,0.12059902115679759,-1.8295831953712831,-0.577831226858821,-0.6468354078601062,0.5503822196122884,-1.0976709927787052,-0.12290792714929202
-1.456010474204737,1.6288747065645701,-1.7906941162520529,2.460857633934134,6.377755964760217,6.841420978819464,3.065366409153716,-1.4725938250871276,5.6275627918507105,3.967112603322366,-1.3960838257261867,0.9562655650402059,-0.34151784576335975,1.9999904266794064,0.18730861433070917,-1.5785624448669346,-7.512830215845455,-1.1287457879978822,3.8141708648093906,-0.11903420751348406,3.5001272363833333,-1.4359048822987608,-1.4895576789838518,0.8829265446900222,0.13247211910990025,-1.8683572598825313,-1.0523023024714235,0.9127846744919492,2.08979285527735,0.792099113463996,-3.7452107900270435,2.843417014543012,-0.8876625704678343,-1.151035088390933,0.41592309936287464,3.527466893750186,2.072292356565415,-0.9712750698168302,6.526168452675608,-1.7440651862928849,4.077284809975081,-0.5012232165088458,1.8849837340199933,-2.9835998949942346
-0.466255314965678,0.3941766032151495,-1.1302242890097565,1.7670634460548351,4.134594796746278,5.382075341026012,1.3437412747821753,-1.9445953859609466,3.967112603322366,4.251739262383377,-1.439104073215251,1.4283553342616389,-1.7707898977213186,0.6201702925550135,0.6094147225948912,-0.8176311583286796,-4.932189147202619,-1.5085884003028822,3.282833294761233,-0.5378034568605031,2.18378199032888,-0.6479937205481268,-2.091486659139853,1.0218643763533888,0.2093002922122007,-0.5807292544642303,-0.7595219932054649,-0.6289368671799928,0.7359781363131955,0.941095751059356,-1.8529369655187307,1.787243837463784,0.17217773417562576,-1.4858704773418727,0.2461962727724231,3.4980102025460207,1.709082766895875,-0.7524653779072161,5.094591199623023,-0.31800985235620677,2.3736377154434023,-0.495513706432665,2.1672509734871204,-0.3956921805673965
0.513151007292238,-0.019665794029927224,0.34456253001809634,-0.6489404718943109,-1.8669022038405734,-1.9966713888695022,-0.20524657239445626,0.44385234426062925,-1.3960838257261867,-1.439104073215251,0.7700465153145905,-0.6693595696154925,0.5241578897204943,-0.6127026652268677,-0.5273747586191989,0.27123582001964375,1.5795376551665627,0.635147043554495,-0.9963369798881286,-0.18974814895261208,-0.7221875823879043,0.2555254670729561,0.508600210335888,-0.5011062376885286,0.2643534332818727,0.33328392241313365,0.6276698084440966,0.07801310351507314,-0.35842699998252914,-0.24776999172903458,0.6395070769250881,-0.2595697167243449,-0.0273182284699126,0.6365395417801186,-0.2098751681590981,-1.1296176201742179,-0.4427798557361688,0.12749786325841622,-1.8527628135337426,0.3037212749217367,-0.7340472409093625,0.1771673837897512,-0.4441703704131248,0.12580922679339882
-0.19203492042916168,0.020103036448133795,-0.1189652629891711,0.5912702044117298,1.5472359356298884,1.5860369071696974,0.1467877355722782,-0.837856895281532,0.9562655650402059,1.4283553342616389,-0.6693595696154925,0.9875549230497139,-0.732896458286562,0.5528468169572955,0.8310300777699356,-0.3280769556139865,-1.2173315948874965,-0.6635768597537874,0.5276114682917388,-0.26478758249834095,0.5301545109233787,-0.24917293509640598,-0.6505159877401888,0.7332124524399727,-0.24447190527082147,-0.09600664273664225,-0.46064396967443666,-0.45776675228444785,0.025581722473701607,0.4941320054479236,-0.35819207820881555,0.24663815465557193,0.708324133768844,-0.23059391471406906,-0.1169486317500765,0.995929269716078,0.4579348543680885,0.19902329893497084,1.2783420748732988,0.31373536074187325,0.1812116745442149,-0.4799655751402981,0.37565967301622566,0.2889338029771368
-0.5722730984129636,0.7460563518506276,-7.674547595181039e-4,-0.1387679768131604,0.1796398470869558,-0.9675796229484229,0.7021113072764062,1.0086727596219622,-0.34151784576335975,-1.7707898977213186,0.5241578897204943,-0.732896458286562,1.6694898358294699,0.8913017863433057,-0.3649376557250263,-0.26644476162060277,0.017628372720770762,0.7968767791220067,-0.9754847061835605,0.4940959761320199,0.11369492072729603,-0.3565877095019079,1.2300797810356903,-0.37475223572867766,-0.21304425990955003,-0.6987399169934381,0.020336444066495953,1.3108504551153786,0.6720010109611484,-0.415979587268937,-0.6484194232284326,0.03209326130030379,-0.6707346033534841,0.8562738833669747,-0.012464289641908885,-1.3183871547135726,-0.38598099188787754,0.24560914358941016,-0.9496817328907974,-0.83045443169802,0.22335967012547006,0.09696250055295384,-1.1017425577227677,-1.6577004720872368
-1.349314003374087,1.0996097552950017,-0.5309100841838417,1.0550012549990146,3.516183870187393,2.3564612867432166,1.4509763914341796,-0.04220349385861891,1.9999904266794064,0.6201702925550135,-0.6127026652268677,0.5528468169572955,0.8913017863433057,2.1494680673083706,0.661909384462262,-0.9261921811417457,-2.9691862864132808,-0.19827785517533145,0.43747224430896753,0.47451424556284083,1.467238034182475,-0.9613683371068497,0.3443967029234999,0.6231581268490626,-0.602274494904265,-1.2972805952840571,-0.8636474437513008,1.183889998492062,1.271753748887982,0.18689228311599115,-1.918005937583147,0.7824849493363618,-0.24953708633645627,0.20120890170334282,0.08382936882318162,0.5021700562476251,0.5062947567011781,0.27097138780639846,1.9602797940066197,-1.095908403258798,1.3916146976288457,-0.463551145266568,-0.4200811943757315,-2.0958394949696797
-0.286001372502268,-0.09876611067567845,0.14756909527728257,0.26777737680517,0.9942153782004084,0.6053598372331676,-0.229617337848939,-0.3873662553455657,0.18730861433070917,0.6094147225948912,-0.5273747586191989,0.8310300777699356,-0.3649376557250263,0.661909384462262,0.916482620537862,-0.17144005334624343,-0.20317817582568543,-0.4382758383440498,-0.20984374289628363,0.00644536568584934,0.08538388968509662,-0.14328771485634173,-0.14759237335754447,0.6376760688984331,-0.46464358876927986,-0.04021502092210215,-0.47968835400786836,-0.28088768777079726,-0.08675321928271057,0.2969199791221368,0.007642118942164998,-0.26001818021484885,0.7219464642928582,0.01931626443547069,-0.12775048207329176,0.2850916540399312,0.06809802555205816,0.450614314645095,0.3079821874388303,0.3273050230067354,-0.35047376922859486,-0.4139661681765766,-0.20452861197929695,0.39077544494076033
0.4294033687615559,-0.8280730680944726,0.4564231520542035,-0.7873927027425384,-2.077569328285734,-1.8118182191896472,-1.301624144135747,0.5186443780323764,-1.5785624448669346,-0.8176311583286796,0.27123582001964375,-0.3280769556139865,-0.26644476162060277,-0.9261921811417457,-0.17144005334624343,0.7462632793720606,2.387547777552999,0.1675634382047601,-0.6860315400399847,0.31486736874407867,-1.1472515819503506,0.6101404317444039,0.26168387224135636,-0.37833927065132117,0.003045448930582333,0.7539160306369572,0.2429543377639678,-0.4309055185105243,-0.6843965730537744,-0.3908045874002252,1.3277204385761363,-1.052676374678339,-0.028361995456598784,-0.26208626131546675,0.16385163524851243,-0.7463999960318081,-0.6270287173593718,0.03062526408965752,-1.610543071685165,0.34501152440185073,-1.0823407399023421,0.4105662250244547,-0.27661130289001057,1.2818220430128224
1.9067877145756968,-2.6556692494231675,2.3922925438717964,-3.3726265263608317,-8.689437897759941,-8.957993804682971,-4.694928489744306,2.0760966136258556,-7.512830215845455,-4.932189147202619,1.5795376551665627,-1.2173315948874965,0.017628372720770762,-2.9691862864132808,-0.20317817582568543,2.387547777552999,10.434591647471672,1.2573603685039385,-4.744225954316634,0.4658851370744289,-4.879822645777498,2.155101209446246,1.8234534553511943,-1.2061881524980531,-0.2651825555852181,2.693602488839153,1.1982276723623815,-1.4753200070687824,-2.938211034719156,-1.1716129727698021,5.359788306870123,-4.19473983015933,1.014248792938723,0.9476662354295199,-0.2926814983203547,-4.420725011481172,-2.863339887838918,1.1003568738058274,-8.41897288489777,2.264430863068141,-5.50562744526893,0.8877917703713956,-2.3227368651328324,4.5858183806567645
0.17224953314806085,0.1036875718008448,0.263253167073653,-0.5274165691501962,-1.3027615156557795,-1.706561760839085,-0.08342664826434475,0.6528432822340281,-1.1287457879978822,-1.5085884003028822,0.635147043554495,-0.6635768597537874,0.7968767791220067,-0.19827785517533145,-0.4382758383440498,0.1675634382047601,1.2573603685039385,0.638828140345278,-0.9809679022594039,0.08568241596188364,-0.5404429227932893,0.12148216362109755,0.7212388460632964,-0.4559718268823639,0.07685921534959608,0.06456827988952846,0.38917405969050817,0.3972499297720729,-0.09037957804508794,-0.3221281342330149,0.3507541594470479,-0.2921767155790409,-0.22809763941771846,0.6120302941082919,-0.10804808549527681,-1.1711873417937744,-0.470834766021114,0.15343108482623874,-1.5836229057240205,-0.03300475992149265,-0.5091802152796457,0.18537267236708974,-0.6480867037560551,-0.2705225540689378
-0.5921052050745511,0.5865252307784392,-1.287848324517428,1.518009175455034,3.554533742452958,4.760308496870282,1.5775337937548757,-1.1539677371563657,3.8141708648093906,3.282833294761233,-0.9963369798881286,0.5276114682917388,-0.9754847061835605,0.43747224430896753,-0.20984374289628363,-0.6860315400399847,-4.744225954316634,-0.9809679022594039,3.2813128651340615,-0.11803612110938812,2.146625285944233,-0.6130427601161803,-1.532445827610692,0.377434556199234,0.4057289973302388,-0.8072911852393351,-0.5378715772455267,0.081285381449358,1.0922200170719958,0.46890362576592487,-2.058599283334156,1.8369855935879214,-0.8106076690757738,-1.4834644412763742,0.5087936916403683,2.9219684396648264,1.4774307614492435,-1.1067111436920338,4.755102278525883,-1.0504221085094627,2.817522558824014,-0.023236809498718924,1.9588725826726119,-1.202072123023725
-0.7276293990858821,-0.22708626451162964,-0.02752794591956622,-0.14859828660197152,0.26679512845068665,-0.16075138660692515,-0.5126988967877761,0.953320617281062,-0.11903420751348406,-0.5378034568605031,-0.18974814895261208,-0.26478758249834095,0.4940959761320199,0.47451424556284083,0.00644536568584934,0.31486736874407867,0.4658851370744289,0.08568241596188364,-0.11803612110938812,1.1522162188573937,-0.18210742609211675,0.04148945640652959,0.6971405200354753,-0.21637433286266133,-0.4461393623869267,-0.1985404617209016,-0.47580670536558867,0.6612302159783039,0.3787602564333248,-0.5794016527645406,-0.0016755765498910993,-0.7371070535533645,-0.822517829157414,-0.5607301974654688,0.5691431088312616,-0.4461552642239224,-0.4190490037663753,-0.046709722699897954,-0.06984438088651493,-0.9357482874956912,0.16198956562081407,0.44194701376966816,-0.5878000629741993,-0.3001826031894327
-0.9407716906536637,1.2890679743457627,-1.1196356105294094,1.5755390365477104,4.102830490724843,4.138651604425908,2.236822595057891,-0.8948043232184124,3.5001272363833333,2.18378199032888,-0.7221875823879043,0.5301545109233787,0.11369492072729603,1.467238034182475,0.08538388968509662,-1.1472515819503506,-4.879822645777498,-0.5404429227932893,2.146625285944233,-0.18210742609211675,2.295656905304895,-1.036388907645541,-0.7624570206454068,0.5502981596476799,0.0933199506562941,-1.3240796956577061,-0.58412036223847,0.7815202634239762,1.4260992623244864,0.5258052612783151,-2.556148655059503,1.9507841102485295,-0.5154642507663748,-0.3744702152474765,0.13280721653566124,1.9766232421053518,1.3055055692780526,-0.49442105300934475,3.8898119661612283,-1.1175949058312835,2.584536250974154,-0.4172806131781954,0.9974058822773835,-2.2620514903518156
0.5410621892900865,-0.7420554752952007,0.44358561992183837,-0.7061714884655368,-1.973796593419872,-1.6431991145180551,-1.1262228468779694,0.29084969926152715,-1.4359048822987608,-0.6479937205481268,0.2555254670729561,-0.24917293509640598,-0.3565877095019079,-0.9613683371068497,-0.14328771485634173,0.6101404317444039,2.155101209446246,0.12148216362109755,-0.6130427601161803,0.04148945640652959,-1.036388907645541,0.5750604543308756,0.09566187611821565,-0.295316307763738,0.07331531227262426,0.718598801900602,0.29885769928372513,-0.5533537654704077,-0.7310125621692295,-0.22065986718670474,1.2519516661893662,-0.8384840874579194,0.16273316934759727,-0.10702092757152146,0.01710605414315959,-0.5878926917682143,-0.5069264397388477,0.035654145981189954,-1.4568446200442757,0.5465240692531985,-1.0629469688495905,0.2803609697508148,-0.14141768936616145,1.2783323752927651
-0.29911991356125484,0.014188730884095727,0.41391206215219567,-0.6527574747225002,-1.1053208442408449,-2.1141885938003764,-0.4422316092080174,1.2137365611503241,-1.4895576789838518,-2.091486659139853,0.508600210335888,-0.6505159877401888,1.2300797810356903,0.3443967029234999,-0.14759237335754447,0.26168387224135636,1.8234534553511943,0.7212388460632964,-1.532445827610692,0.6971405200354753,-0.7624570206454068,0.09566187611821565,1.3055243211506238,-0.41697264397346523,-0.36788993761624017,-0.08993077628326682,0.033591805133851446,0.7854778286304435,0.05727016206235002,-0.5790116311890621,0.43786968082359123,-0.8854292962002782,-0.3832904238308756,0.6248309171814628,0.05805121466052118,-1.7195157450061198,-0.8320522649739804,0.41500188723015796,-2.039536025337415,-0.3753351880935421,-0.7732148294529699,0.25680702920967635,-1.3257795012368059,-0.408542878477354
-0.24977883324658376,0.18824724307337745,-0.13371376725868964,0.5316706969304397,1.454420750923597,1.3315384486595145,0.3389758115917612,-0.621869678003724,0.8829265446900222,1.0218643763533888,-0.5011062376885286,0.7332124524399727,-0.37475223572867766,0.6231581268490626,0.6376760688984331,-0.37833927065132117,-1.2061881524980531,-0.4559718268823639,0.377434556199234,-0.21637433286266133,0.5502981596476799,-0.295316307763738,-0.41697264397346523,0.5831401414774643,-0.21414528836312224,-0.23552747959833983,-0.37773408078545384,-0.18620391135840544,0.15167320615391364,0.40408735492869574,-0.4878213975245642,0.3257395547407627,0.5129422229774191,-0.03696047079089753,-0.13117766033050116,0.7284184086762812,0.390580442839182,0.18397277022996988,1.0724742341574407,0.15261414781327007,0.2698552746821594,-0.4235005834183827,0.2118258453388564,-0.07863926593124647
0.4452460402948455,0.07724693579370097,-0.12707647867244545,-0.012998105095651767,-0.50294295377237,0.038038200980553744,0.2894865942933093,-0.2907716076541103,0.13247211910990025,0.2093002922122007,0.2643534332818727,-0.24447190527082147,-0.21304425990955003,-0.602274494904265,-0.46464358876927986,0.003045448930582333,-0.2651825555852181,0.07685921534959608,0.4057289973302388,-0.4461393623869267,0.0933199506562941,0.07331531227262426,-0.36788993761624017,-0.21414528836312224,0.45644467975771835,0.15720292473534697,0.4128205837581565,-0.21741060860517872,-0.11063692990071886,0.09298225191529269,-0.01833896247249552,0.47040431956170387,-0.06959610991946216,-0.0023347960297146015,-0.08962503082511668,0.2723667252654227,0.22188684495826658,-0.2962533244590385,0.15200435857198202,0.18123167842996737,0.23561840898685274,0.06760298287429635,0.526670787855251,0.030736115431861055
0.8713850017174518,-0.951862550862725,0.6071380076064279,-0.8507037336366846,-2.551335405320633,-2.0400026464172054,-1.4215389868448258,0.05907262235446379,-1.8683572598825313,-0.5807292544642303,0.33328392241313365,-0.09600664273664225,-0.6987399169934381,-1.2972805952840571,-0.04021502092210215,0.7539160306369572,2.693602488839153,0.06456827988952846,-0.8072911852393351,-0.1985404617209016,-1.3240796956577061,0.718598801900602,-0.08993077628326682,-0.23552747959833983,0.15720292473534697,1.064085189083854,0.4626383183736598,-0.9592230324574468,-1.0767124851422938,-0.13453397302547326,1.672506072720604,-0.9871511890542793,0.5301408903853548,-0.07262849877756536,-0.10060730014062345,-0.6189057849789303,-0.5419411006416984,0.1413801442181876,-1.898322281825361,0.978687879642225,-1.498561954466058,0.21142122461578575,-0.05196029397479042,1.8653354116471572
0.7018823749627697,-0.10514193552610404,0.2704732705516745,-0.5096430366487856,-1.7261752137886706,-1.459773070522841,-0.16827537077471583,0.00772481881836331,-1.0523023024714235,-0.7595219932054649,0.6276698084440966,-0.46064396967443666,0.020336444066495953,-0.8636474437513008,-0.47968835400786836,0.2429543377639678,1.1982276723623815,0.38917405969050817,-0.5378715772455267,-0.47580670536558867,-0.58412036223847,0.29885769928372513,0.033591805133851446,-0.37773408078545384,0.4128205837581565,0.4626383183736598,0.6818077004582995,-0.294913401528157,-0.4973401246077026,-0.04083100781003118,0.6497504677949231,-0.014865854463437286,0.17888398750934667,0.43061316160528307,-0.2594795079493309,-0.5756394163661454,-0.19246242823413948,5.004942456519316e-5,-1.3252672203848768,0.5618665260743637,-0.6111639436747403,0.10064071892438883,0.02470054157677972,0.4512055459436157
-0.9244120864228479,0.8551979093600987,-0.39864299022441896,0.367653652565858,1.5223874770166468,0.6748436874333634,1.0619625799905072,0.7026966554286092,0.9127846744919492,-0.6289368671799928,0.07801310351507314,-0.45776675228444785,1.3108504551153786,1.183889998492062,-0.28088768777079726,-0.4309055185105243,-1.4753200070687824,0.3972499297720729,0.081285381449358,0.6612302159783039,0.7815202634239762,-0.5533537654704077,0.7854778286304435,-0.18620391135840544,-0.21741060860517872,-0.9592230324574468,-0.294913401528157,1.3681209029576082,1.0532939061240392,-0.3173078353195891,-1.2883980905845542,0.4630402700523837,-0.9522093490343119,0.21890254038566637,0.2475134006193956,-0.3503482309989924,0.051927874249073906,-0.06040163796886245,0.6543164745322656,-1.2651565153199462,1.1148326144705412,0.11353000830088027,-0.5519359971085628,-1.974379556286533
-0.9549958677211059,0.9374088660008659,-0.7338662130859176,0.9072877513842849,2.681358692236701,2.3039869376834496,1.4436243571828253,0.01396862283363356,2.08979285527735,0.7359781363131955,-0.35842699998252914,0.025581722473701607,0.6720010109611484,1.271753748887982,-0.08675321928271057,-0.6843965730537744,-2.938211034719156,-0.09037957804508794,1.0922200170719958,0.3787602564333248,1.4260992623244864,-0.7310125621692295,0.05727016206235002,0.15167320615391364,-0.11063692990071886,-1.0767124851422938,-0.4973401246077026,1.0532939061240392,1.2061632567331964,0.024008464930955337,-1.7900464380833028,1.0196631433489003,-0.8034911281119597,-0.20606004871898037,0.2744117725224554,0.7629955420347261,0.5922054189264188,-0.29409769131296787,2.1942905865747315,-1.244310792861737,1.7712733850144025,-0.07641543884343151,0.17896046326317308,-1.9730491147641493
0.09848372462761228,0.258107335727826,-0.15173229620387824,0.44274047691796947,0.9238101761679937,1.0885519487570117,0.5294250202290719,-0.7640311361817298,0.792099113463996,0.941095751059356,-0.24776999172903458,0.4941320054479236,-0.415979587268937,0.18689228311599115,0.2969199791221368,-0.3908045874002252,-1.1716129727698021,-0.3221281342330149,0.46890362576592487,-0.5794016527645406,0.5258052612783151,-0.22065986718670474,-0.5790116311890621,0.40408735492869574,0.09298225191529269,-0.13453397302547326,-0.04083100781003118,-0.3173078353195891,0.024008464930955337,0.47478901415310515,-0.4277936506310523,0.6182129333306947,0.5179681550012808,0.12975035731719736,-0.2674491196116434,0.7471263129611506,0.4739562621318529,0.03310747140095031,0.9262489447551949,0.36351303124688755,0.29693939258517227,-0.39687698709259606,0.46666659005701794,-0.06268704959094311
1.2463223666789949,-1.6435730186264987,1.2314206989400596,-1.688329097747606,-4.595489713045767,-4.2596152296943375,-2.6617687915820873,0.6484859925634747,-3.7452107900270435,-1.8529369655187307,0.6395070769250881,-0.35819207820881555,-0.6484194232284326,-1.918005937583147,0.007642118942164998,1.3277204385761363,5.359788306870123,0.3507541594470479,-2.058599283334156,-0.0016755765498910993,-2.556148655059503,1.2519516661893662,0.43786968082359123,-0.4878213975245642,-0.01833896247249552,1.672506072720604,0.6497504677949231,-1.2883980905845542,-1.7900464380833028,-0.4277936506310523,3.0155084675276216,-2.1332911092278777,0.7975438003941968,0.1802830305996227,-0.1668722148806516,-1.7593567294076458,-1.3095427077866715,0.46191565954605446,-3.9851066601605125,1.5209849244496065,-2.921965004141694,0.41416620513099506,-0.7383743717984237,3.0081094308746006
-0.33212813091935084,1.2762101129185242,-0.9361942196517563,1.260349224192312,2.8988486677293235,3.205736163115118,2.251854683802429,-1.0802616750691514,2.843417014543012,1.787243837463784,-0.2595697167243449,0.24663815465557193,0.03209326130030379,0.7824849493363618,-0.26001818021484885,-1.052676374678339,-4.19473983015933,-0.2921767155790409,1.8369855935879214,-0.7371070535533645,1.9507841102485295,-0.8384840874579194,-0.8854292962002782,0.3257395547407627,0.47040431956170387,-0.9871511890542793,-0.014865854463437286,0.4630402700523837,1.0196631433489003,0.6182129333306947,-2.1332911092278777,2.122534708624076,-0.2472554911758398,0.02495498284289649,-0.157440279611185,1.6991941194375544,1.2724653424087344,-0.5018069203973469,3.040667953978174,-0.5540274969025872,2.170754267344927,-0.4288072189068312,1.1509861777905221,-1.9188855519077195
0.6104594657637917,-0.27658469347043646,0.5072713544035962,-0.16966793241639472,-0.6828362753250106,-0.7334494358900642,-0.46514092296275933,-0.7610949977174651,-0.8876625704678343,0.17217773417562576,-0.0273182284699126,0.708324133768844,-0.6707346033534841,-0.24953708633645627,0.7219464642928582,-0.028361995456598784,1.014248792938723,-0.22809763941771846,-0.8106076690757738,-0.822517829157414,-0.5154642507663748,0.16273316934759727,-0.3832904238308756,0.5129422229774191,-0.06959610991946216,0.5301408903853548,0.17888398750934667,-0.9522093490343119,-0.8034911281119597,0.5179681550012808,0.7975438003941968,-0.2472554911758398,1.397042503890184,0.6058028574584715,-0.5975532865658562,-0.09380085681324558,-0.03615915017887872,0.5907037720562136,-0.9833619996944978,1.338216682418877,-1.2362831636873601,-0.5567985313124865,-0.0672106385118616,1.2199273472374432
0.3129568757528412,0.4544385221477521,0.41904662098355205,-0.34433102907213825,-0.8843766380067238,-1.6907932645761905,0.3447864394362812,0.1326911512309065,-1.151035088390933,-1.4858704773418727,0.6365395417801186,-0.23059391471406906,0.8562738833669747,0.20120890170334282,0.01931626443547069,-0.26208626131546675,0.9476662354295199,0.6120302941082919,-1.4834644412763742,-0.5607301974654688,-0.3744702152474765,-0.10702092757152146,0.6248309171814628,-0.03696047079089753,-0.0023347960297146015,-0.07262849877756536,0.43061316160528307,0.21890254038566637,-0.20606004871898037,0.12975035731719736,0.1802830305996227,0.02495498284289649,0.6058028574584715,1.4030759689951533,-0.6287750780638409,-1.2343357301070488,-0.31770867215839743,0.5939439077547377,-1.8044400665574039,0.5856271128659061,-0.857770878951184,-0.3668003545579655,-0.8251589843226483,-0.3783700847254681
-0.3490946255942067,-0.1447844162003796,-0.20508024272927594,0.08092757639997906,0.3903975123770121,0.5292399930798968,-0.15763708888806618,0.321234486183703,0.41592309936287464,0.2461962727724231,-0.2098751681590981,-0.1169486317500765,-0.012464289641908885,0.08382936882318162,-0.12775048207329176,0.16385163524851243,-0.2926814983203547,-0.10804808549527681,0.5087936916403683,0.5691431088312616,0.13280721653566124,0.01710605414315959,0.05805121466052118,-0.13117766033050116,-0.08962503082511668,-0.10060730014062345,-0.2594795079493309,0.2475134006193956,0.2744117725224554,-0.2674491196116434,-0.1668722148806516,-0.157440279611185,-0.5975532865658562,-0.6287750780638409,0.4138036077396246,0.23967267907372306,-0.013695781471351396,-0.27420577666339574,0.6240285504674827,-0.6073981984144652,0.46850796707317915,0.3045392099495588,0.09795603396426625,-0.15294377311636848
-0.42480735754423093,0.4680825718165687,-1.0578973369915732,1.5195395896359085,3.538820352796227,4.629319198977294,1.362241837186159,-1.5489770804372294,3.527466893750186,3.4980102025460207,-1.1296176201742179,0.995929269716078,-1.3183871547135726,0.5021700562476251,0.2850916540399312,-0.7463999960318081,-4.420725011481172,-1.1711873417937744,2.9219684396648264,-0.4461552642239224,1.9766232421053518,-0.5878926917682143,-1.7195157450061198,0.7284184086762812,0.2723667252654227,-0.6189057849789303,-0.5756394163661454,-0.3503482309989924,0.7629955420347261,0.7471263129611506,-1.7593567294076458,1.6991941194375544,-0.09380085681324558,-1.2343357301070488,0.23967267907372306,2.960542969679119,1.4878243784652525,-0.7712800657884598,4.456134792912767,-0.4490701729791127,2.265349887217283,-0.3419807617065655,1.8898736811046322,-0.6499519843992423
-0.260104929610913,0.625171627913306,-0.6358798546550584,0.9320462979779408,2.178189163933923,2.555186647133484,1.2365311048998344,-0.8973776747894049,2.072292356565415,1.709082766895875,-0.4427798557361688,0.4579348543680885,-0.38598099188787754,0.5062947567011781,0.06809802555205816,-0.6270287173593718,-2.863339887838918,-0.470834766021114,1.4774307614492435,-0.4190490037663753,1.3055055692780526,-0.5069264397388477,-0.8320522649739804,0.390580442839182,0.22188684495826658,-0.5419411006416984,-0.19246242823413948,0.051927874249073906,0.5922054189264188,0.4739562621318529,-1.3095427077866715,1.2724653424087344,-0.03615915017887872,-0.31770867215839743,-0.013695781471351396,1.4878243784652525,0.9145001786297169,-0.34955314019918804,2.402382503171174,-0.2976884212257459,1.4209149673504629,-0.30738735479760654,0.9439972948890277,-0.8855867265492526
0.03627218223697646,-0.057882995531800735,0.4244431107095812,-0.27774219300788733,-0.4819161883226229,-1.1031020808005192,-0.354289312708017,0.12059902115679759,-0.9712750698168302,-0.7524653779072161,0.12749786325841622,0.19902329893497084,0.24560914358941016,0.27097138780639846,0.450614314645095,0.03062526408965752,1.1003568738058274,0.15343108482623874,-1.1067111436920338,-0.046709722699897954,-0.49442105300934475,0.035654145981189954,0.41500188723015796,0.18397277022996988,-0.2962533244590385,0.1413801442181876,5.004942456519316e-5,-0.06040163796886245,-0.29409769131296787,0.03310747140095031,0.46191565954605446,-0.5018069203973469,0.5907037720562136,0.5939439077547377,-0.27420577666339574,-0.7712800657884598,-0.34955314019918804,0.5674560529234113,-1.26885615819301,0.4501028790705147,-0.9127226963605307,-0.23935920999229265,-0.6963736075312356,0.31718216180800707
-1.5712399257847767,1.4687684306403042,-2.060778320612827,2.8112869116025934,7.189770055472532,8.13954035042834,3.0605537860133096,-1.8295831953712831,6.526168452675608,5.094591199623023,-1.8527628135337426,1.2783420748732988,-0.9496817328907974,1.9602797940066197,0.3079821874388303,-1.610543071685165,-8.41897288489777,-1.5836229057240205,4.755102278525883,-0.06984438088651493,3.8898119661612283,-1.4568446200442757,-2.039536025337415,1.0724742341574407,0.15200435857198202,-1.898322281825361,-1.3252672203848768,0.6543164745322656,2.1942905865747315,0.9262489447551949,-3.9851066601605125,3.040667953978174,-0.9833619996944978,-1.8044400665574039,0.6240285504674827,4.456134792912767,2.402382503171174,-1.26885615819301,7.834736697118885,-1.8832510244613503,4.605363330390961,-0.4780222315156047,2.4822929040896966,-2.784715026737712
1.1018619454087981,-0.6573765172472176,0.7129154737512727,-0.6480747919532082,-2.179191538044893,-1.8393757028114868,-0.9858310537644341,-0.577831226858821,-1.7440651862928849,-0.31800985235620677,0.3037212749217367,0.31373536074187325,-0.83045443169802,-1.095908403258798,0.3273050230067354,0.34501152440185073,2.264430863068141,-0.03300475992149265,-1.0504221085094627,-0.9357482874956912,-1.1175949058312835,0.5465240692531985,-0.3753351880935421,0.15261414781327007,0.18123167842996737,0.978687879642225,0.5618665260743637,-1.2651565153199462,-1.244310792861737,0.36351303124688755,1.5209849244496065,-0.5540274969025872,1.338216682418877,0.5856271128659061,-0.6073981984144652,-0.4490701729791127,-0.2976884212257459,0.4501028790705147,-1.8832510244613503,1.6562337521454422,-1.7398276800256631,-0.30222433893075756,0.008479703500823834,1.8761417711828507
-1.1522679746445126,1.3570496733726907,-1.4251484556045442,1.682716561051274,4.3916718598379765,4.6977405103599095,2.452471989005349,-0.6468354078601062,4.077284809975081,2.3736377154434023,-0.7340472409093625,0.1812116745442149,0.22335967012547006,1.3916146976288457,-0.35047376922859486,-1.0823407399023421,-5.50562744526893,-0.5091802152796457,2.817522558824014,0.16198956562081407,2.584536250974154,-1.0629469688495905,-0.7732148294529699,0.2698552746821594,0.23561840898685274,-1.498561954466058,-0.6111639436747403,1.1148326144705412,1.7712733850144025,0.29693939258517227,-2.921965004141694,2.170754267344927,-1.2362831636873601,-0.857770878951184,0.46850796707317915,2.265349887217283,1.4209149673504629,-0.9127226963605307,4.605363330390961,-1.7398276800256631,3.3063902974626496,-0.09251429105849601,1.2789809210897605,-2.719923930550574
0.03534456956494319,-0.3357712025099114,0.045479029987658445,-0.36710878960830856,-0.9098228407173804,-0.700328559195062,-0.4999253464510474,0.5503822196122884,-0.5012232165088458,-0.495513706432665,0.1771673837897512,-0.4799655751402981,0.09696250055295384,-0.463551145266568,-0.4139661681765766,0.4105662250244547,0.8877917703713956,0.18537267236708974,-0.023236809498718924,0.44194701376966816,-0.4172806131781954,0.2803609697508148,0.25680702920967635,-0.4235005834183827,0.06760298287429635,0.21142122461578575,0.10064071892438883,0.11353000830088027,-0.07641543884343151,-0.39687698709259606,0.41416620513099506,-0.4288072189068312,-0.5567985313124865,-0.3668003545579655,0.3045392099495588,-0.3419807617065655,-0.30738735479760654,-0.23935920999229265,-0.4780222315156047,-0.30222433893075756,-0.09251429105849601,0.4427515046176579,-0.07695957269143908,0.22880919350231965
0.22333029625340636,0.11733964665789517,-0.6287144804762173,0.7344960575180556,1.2596771831884257,2.4514554608631953,0.718241975971649,-1.0976709927787052,1.8849837340199933,2.1672509734871204,-0.4441703704131248,0.37565967301622566,-1.1017425577227677,-0.4200811943757315,-0.20452861197929695,-0.27661130289001057,-2.3227368651328324,-0.6480867037560551,1.9588725826726119,-0.5878000629741993,0.9974058822773835,-0.14141768936616145,-1.3257795012368059,0.2118258453388564,0.526670787855251,-0.05196029397479042,0.02470054157677972,-0.5519359971085628,0.17896046326317308,0.46666659005701794,-0.7383743717984237,1.1509861777905221,-0.0672106385118616,-0.8251589843226483,0.09795603396426625,1.8898736811046322,0.9439972948890277,-0.6963736075312356,2.4822929040896966,0.008479703500823834,1.2789809210897605,-0.07695957269143908,1.5369206673419582,0.00932555196993424
1.3794103347325675,-1.9083368246874088,1.0844926364445793,-1.3232220058942683,-3.904129515808833,-2.964391746423128,-2.7843550498861513,-0.12290792714929202,-2.9835998949942346,-0.3956921805673965,0.12580922679339882,0.2889338029771368,-1.6577004720872368,-2.0958394949696797,0.39077544494076033,1.2818220430128224,4.5858183806567645,-0.2705225540689378,-1.202072123023725,-0.3001826031894327,-2.2620514903518156,1.2783323752927651,-0.408542878477354,-0.07863926593124647,0.030736115431861055,1.8653354116471572,0.4512055459436157,-1.974379556286533,-1.9730491147641493,-0.06268704959094311,3.0081094308746006,-1.9188855519077195,1.2199273472374432,-0.3783700847254681,-0.15294377311636848,-0.6499519843992423,-0.8855867265492526,0.31718216180800707,-2.784715026737712,1.8761417711828507,-2.719923930550574,0.22880919350231965,0.00932555196993424,3.6955974968558127
