V1,V2,V3,V4,V5,V6,V7,V8,V9,V10,V11,V12,V13,V14,V15,V16,V17,V18,V19,V20,V21,V22,V23,V24,V25,V26,V27,V28,V29,V30,V31,V32,V33,V34,V35,V36,V37,V38,V39,V40,V41,V42,V43
0.7685927987769373,-1.474666482174862,-1.113764150809397,-0.4462613605443475,1.2480827585107983,1.1860761885175408,-1.600770267421478,0.005011469952694104,-1.3880044301120005,0.5802524799344854,-1.9383530916594167,-1.2156605364544941,1.4663091638988233,-0.5074091595063268,-0.23280739685611418,2.2556328089185027,0.4744465977811705,1.3792524136527842,-0.12625951500795757,1.4363117790483433,-0.44907224171441584,0.5114556440105553,0.5541718409525186,0.3135733353701286,1.8719287064285999,-1.1885068376988392,1.741082172646651,0.3680242526537866,1.5034722048035705,-0.6639741466099536,-0.8241617500333215,-0.47297663831684444,-0.27533806704582314,1.1497150239382166,1.1694817357018752,-0.4154208841719309,-0.1842795562187912,2.9624937100129585,0.5311977564787748,-1.1564507318153259,-1.1246424286853482,-0.8148159531915462,1.146871496770138
-1.474666482174862,3.9699772491074508,2.767393605199977,1.1850624990770322,-3.3446356363719625,-3.079803759139232,4.131572356187461,0.20765178096986975,3.961113213371342,-1.7955647545843028,5.317974051495248,2.982578745812426,-3.371497201452822,1.3644797583507111,0.6292402525254198,-6.041503810615947,-1.624098964546609,-4.009944373462227,0.47451493296456404,-3.191354338767273,1.2345119915829816,-1.4493258446999204,-1.8477079533345562,-0.5336228324318658,-4.792768634406016,3.814168064358597,-5.208808662696473,-0.8013700996169151,-3.5505370596269756,1.5366106322641664,2.2039972798331102,1.6409509953394843,0.1819479479133801,-2.9732927505163684,-3.578448946930241,1.087700050767962,0.8279122495719623,-7.600693110728668,-1.0901962697255956,2.9404759565842338,3.3306333507013917,2.499920558449598,-2.5568728918387826
-1.113764150809397,2.767393605199977,2.1726887372900956,0.37372626103153844,-2.2395275113618536,-1.9740960354475472,2.7053596144374135,0.06809308882060205,2.215767208592843,-1.1631290436605803,3.4737979153110845,2.078832961240443,-2.107399958956345,0.7144852819184162,0.2389384374459251,-3.9246497329866625,-0.9131209112322245,-2.3364980776451945,-0.06332674659526065,-2.357393104185647,0.8840750993991826,-1.2648668147078417,-0.6866802816005738,-0.6514298005531262,-3.0784178687846318,2.1472245562744714,-3.1578673570241254,-0.49904286475513776,-2.284072416795463,0.9442959921180596,1.3300604406973207,1.2028547579063935,-0.011228673462090746,-1.9410618618997046,-2.758500698781528,0.4822976531246066,0.18769662986435465,-4.802619773067728,-0.9663361001388656,1.970377825988344,2.36821267932012,1.707613040589022,-1.9320059195210333
-0.4462613605443475,1.1850624990770322,0.37372626103153844,1.7884385999623535,-1.3236921490434,-1.4637047064957032,2.0036532779737737,0.020165739177855333,2.414837297877417,-0.9681629609692861,2.754606339189003,0.7755093763193465,-1.8556651198792582,1.0296429089987418,1.124666001913856,-3.168504158272602,-0.4982486326978806,-2.1894169874892446,0.7991019115293787,-1.573170116389022,-0.33303071537742973,0.19504150641792303,-1.7372254164817367,-0.526332696722542,-1.8217654259667346,2.300011204777126,-2.2876717040900703,-0.6609945221379282,-1.8090906416103998,0.6898311715366143,1.0789057611361226,1.3341728210999082,0.14675852659364966,-1.6398262844888774,-0.6630654887485441,1.1024888698578117,0.5395474176164845,-3.9224479640970156,-0.370229119534769,1.5317198644730838,0.5531863494507238,0.48911262651518944,-0.22966164523122357
1.2480827585107983,-3.3446356363719625,-2.2395275113618536,-1.3236921490434,2.9545200333865282,2.786193201911928,-3.700723985812635,-0.15889946365154722,-3.666026009638498,1.652409031168762,-4.842991899751135,-2.502277212013591,3.131167138148147,-1.3376927681114017,-0.7979458476513329,5.524850084282151,1.3770202415262616,3.6267387322733278,-0.5502225140603032,2.9394784606899194,-0.8285784318193183,1.1307941212582489,1.8226243239659923,0.6122728310131405,4.124474936867204,-3.5139942400603577,4.5583299238047426,0.8208221830853584,3.1950526222921,-1.317821968581972,-1.9546526187458937,-1.6625899074145838,-0.11285367426590319,2.785109611543394,2.9971993167261455,-1.1131446818541906,-0.7440834970081657,6.853043366146343,0.9442823854244191,-2.685141303177466,-2.759995572771694,-2.0320709111822466,2.0472371141103296
1.1860761885175408,-3.079803759139232,-1.9740960354475472,-1.4637047064957032,2.786193201911928,2.687275112229949,-3.5403571847739914,-0.14865406683587712,-3.6350550714231247,1.5561132705915863,-4.608587062334494,-2.3380322982275694,3.108309036373895,-1.3641388029674832,-0.8641826943361414,5.289043912308189,1.3212846193601377,3.538383910758617,-0.6820221104933379,2.777919911608249,-0.714289995023343,0.9146109636994089,1.931876070800329,0.5132699384056927,3.9531144296066234,-3.4283921798856527,4.36300991993259,0.8298906148883176,3.116115702917606,-1.299122828146355,-1.9042004609148933,-1.5110582163573032,-0.21893200740482577,2.686157862858241,2.599181752236544,-1.1771671904952856,-0.8158648793932398,6.639790742742236,0.8278607656827345,-2.5626931080904396,-2.482498233816326,-1.8365600417674814,1.8706765891881354
-1.600770267421478,4.131572356187461,2.7053596144374135,2.0036532779737737,-3.700723985812635,-3.5403571847739914,4.783813311048177,0.13445010839561058,4.720470109526701,-2.14955236782144,6.297776421291936,3.0359677470303037,-4.049022332447886,1.7601679046397742,1.2470725659276845,-7.180724600308482,-1.5709367946241997,-4.631402934494982,0.7376132428106913,-3.9232670295827825,0.7612478501657972,-1.2349203051001252,-2.4205479253493287,-1.0346096363981063,-5.120333241484874,4.521716473551986,-5.668219368486012,-1.1369942331449499,-4.152938142013295,1.6784942991276885,2.4792878228213944,2.397062116881088,0.14807414512379283,-3.628719768784273,-3.623544727277428,1.5451651912483468,0.8296028649406045,-8.864975366228057,-1.3011484342144972,3.5243377959414417,3.2041965814875106,2.381785806991309,-2.3809832580516517
0.005011469952694104,0.20765178096986975,0.06809308882060205,0.020165739177855333,-0.15889946365154722,-0.14865406683587712,0.13445010839561058,0.09241272906206002,0.31339864036681236,-0.04388180856170744,0.13176541899382757,0.18914537261759032,-0.1295835383192508,0.09096239715644198,-0.07545026911792978,-0.15639659827391836,-0.2761204558809812,-0.3123701888103667,0.17089035021359633,0.13950522795822454,0.2558706501514982,-0.04780391811760018,-0.2645617111170336,0.32769260057383215,-0.35908263713370664,0.30063244857863136,-0.4683889041499756,0.03383615445328054,-0.12122531053678796,0.11725308972076658,0.16731126112802835,-0.2156803512133369,0.09383369646698606,-0.04538141577347338,-0.08748107573751383,0.0617108112865607,0.29697592380723487,-0.32677264817266743,0.13971907572861933,0.024934742612066556,0.27370295798335686,0.24190370319754853,-0.16152067396214373
-1.3880044301120005,3.961113213371342,2.215767208592843,2.414837297877417,-3.666026009638498,-3.6350550714231247,4.720470109526701,0.31339864036681236,5.351873458201149,-2.079617684542644,6.127130972503874,3.0091838767827412,-4.234329052402605,2.0282593313296617,1.297131351308638,-7.052027420785644,-2.026208430144318,-5.131557915572026,1.400110283395733,-3.268420522607217,0.9716706781291625,-0.8430984505082566,-3.2678957794157566,-0.1776208777570798,-5.434369966894908,5.0517363060558065,-6.249240187998384,-1.0950489883008099,-4.199456447009672,1.8433575213306421,2.7136327202153168,1.7476255861986452,0.4919607244960795,-3.5381710389809538,-2.970915657456582,1.8403063658167327,1.610716474400043,-9.083680768801536,-0.7441339035415822,3.3269440920935125,3.1530706431840927,2.449192092154029,-2.224111442093875
0.5802524799344854,-1.7955647545843028,-1.1631290436605803,-0.9681629609692861,1.652409031168762,1.5561132705915863,-2.14955236782144,-0.04388180856170744,-2.079617684542644,1.100795095979365,-3.007221217127325,-1.1820185545361082,1.6762737682305286,-0.7834779047863418,-0.7155558825021837,3.376708002636271,0.5987005579321728,2.051454590277337,-0.23726345860875706,1.860877653249408,-0.08732805499585553,0.583016264687185,1.0411306385434915,0.7669334768660597,2.037292828386537,-2.1278680169939683,2.4637834377895818,0.5428131839083129,1.7423228847793077,-0.6026450089873172,-1.032785009078812,-1.5584278715013562,0.238897172002563,1.717491614835699,1.8398356431754403,-0.6929546231831771,-0.20525841291021096,3.887753485954561,0.6665922282457896,-1.6558543423305099,-1.3891072486980687,-1.0050886861176755,0.8036089107757248
-1.9383530916594167,5.317974051495248,3.4737979153110845,2.754606339189003,-4.842991899751135,-4.608587062334494,6.297776421291936,0.13176541899382757,6.127130972503874,-3.007221217127325,8.535175010353303,3.7263107844695558,-5.15951556697392,2.3109818160867843,1.888800087096598,-9.665752686808318,-1.8658825228366631,-6.015839047796561,0.8249713308303124,-5.363561584112502,0.5934938808493879,-1.643248831587508,-3.092173015042285,-1.847720775436301,-6.337202387846969,6.03716160329508,-7.265319959414128,-1.5657749164179986,-5.313815964802498,1.9951369329624538,3.134754611524687,3.8524340118480302,-0.21744538088908535,-4.915170648418751,-5.020927762638299,2.041644113089645,0.8118000394171073,-11.53519645893301,-1.8584322301019718,4.756117190904745,4.087108050967508,2.988102282543779,-2.7531666850922734
-1.2156605364544941,2.982578745812426,2.078832961240443,0.7755093763193465,-2.502277212013591,-2.3380322982275694,3.0359677470303037,0.18914537261759032,3.0091838767827412,-1.1820185545361082,3.7263107844695558,2.410190894153242,-2.679511050771528,1.0420815918039692,0.29175258081568817,-4.301576423987252,-1.3684238427589055,-3.0154187030534065,0.4902156103835773,-2.2177728863772947,1.2102605159767919,-1.0640752744077804,-1.4461664227896327,-0.010242317766455912,-3.8359051401185575,2.74175881458393,-3.9704375221601547,-0.5619870029133149,-2.7420112751382435,1.2842672757584022,1.7209879506547754,0.6452271641067365,0.45067334456482644,-2.1243928332644226,-2.419799925896103,0.8097609786816257,0.8479436326612767,-5.705524747364378,-0.6651231091660391,2.0785033760104965,2.5683362547604855,1.9299996386508975,-2.190846782458696
1.4663091638988233,-3.371497201452822,-2.107399958956345,-1.8556651198792582,3.131167138148147,3.108309036373895,-4.049022332447886,-0.1295835383192508,-4.234329052402605,1.6762737682305286,-5.15951556697392,-2.679511050771528,3.792429905056683,-1.6480602846336943,-1.0655147177002253,5.994138759867775,1.4647989644959447,4.040165060051485,-0.9362510078776809,3.2290993315067493,-0.7622250285504082,0.8511398324277792,2.3364334863645357,0.5115020522537949,4.580819212895067,-3.8353678100965714,4.8711496452049285,1.0246794897472227,3.710678555247157,-1.579799319340968,-2.2126553211310824,-1.4811377442261418,-0.5120655630242895,3.092364590339827,2.5550380198212443,-1.4630736055065539,-1.0085258453419583,7.7080543268301,0.9003286114524737,-2.9234317959537037,-2.6140047277072487,-1.9217541174855717,2.1746519069611154
-0.5074091595063268,1.3644797583507111,0.7144852819184162,1.0296429089987418,-1.3376927681114017,-1.3641388029674832,1.7601679046397742,0.09096239715644198,2.0282593313296617,-0.7834779047863418,2.3109818160867843,1.0420815918039692,-1.6480602846336943,0.8081353847269801,0.6005796147028831,-2.674740389791383,-0.688951437548517,-1.9033879577190789,0.5699126104207799,-1.2898816331311864,0.21463099891347565,-0.22373702301388348,-1.2744681697369802,-0.15787320210314526,-1.9383354721655703,1.8909525980044632,-2.2342859830458153,-0.4668911912777977,-1.5889004981123718,0.6662636097902463,0.9955262757964831,0.7381691587518635,0.18094796779511046,-1.377276748015021,-0.9801679400954539,0.752669791233528,0.5746057372610925,-3.4084008034368396,-0.28257338521906067,1.2705397240368521,1.0373346858189272,0.7879748318415483,-0.724148999641485
-0.23280739685611418,0.6292402525254198,0.2389384374459251,1.124666001913856,-0.7979458476513329,-0.8641826943361414,1.2470725659276845,-0.07545026911792978,1.297131351308638,-0.7155558825021837,1.888800087096598,0.29175258081568817,-1.0655147177002253,0.6005796147028831,0.888835744373243,-2.1339625165429315,-0.042011653384949325,-1.161410864976408,0.2726594326785629,-1.3029964166661445,-0.5761743783925157,0.051321026261496795,-0.8257667581924072,-0.87087607672458,-0.7620309504342921,1.3220718964016942,-1.0810950939770079,-0.4999225643618849,-1.0321033375537008,0.24390139426582377,0.5193090052723169,1.417402164202642,-0.2317181069717568,-1.1604274467073794,-0.6400396575678867,0.6466068262105188,-0.038536532715555384,-2.2929010009816753,-0.4496438934467628,1.0775175232500753,0.21007154642385129,0.11951474238819622,0.08001969148376988
2.2556328089185027,-6.041503810615947,-3.9246497329866625,-3.168504158272602,5.524850084282151,5.289043912308189,-7.180724600308482,-0.15639659827391836,-7.052027420785644,3.376708002636271,-9.665752686808318,-4.301576423987252,5.994138759867775,-2.674740389791383,-2.1339625165429315,10.981939598353572,2.1787570548406214,6.893774771827391,-1.031166416238343,6.078803507211591,-0.742488028745022,1.8258217043547686,3.602833326419187,1.9743710174603673,7.323216662776314,-6.874156332704187,8.316016379319198,1.7961325169199103,6.1219655381200795,-2.3327969397266126,-3.613325655881684,-4.191406385885055,0.11383117971352227,5.600019362230497,5.574185714443687,-2.3652495835564444,-1.0252983914175509,13.215474539369739,2.0564814864438623,-5.39771277786076,-4.6483503739054886,-3.3945263765631197,3.216756905507004
0.4744465977811705,-1.624098964546609,-0.9131209112322245,-0.4982486326978806,1.3770202415262616,1.3212846193601377,-1.5709367946241997,-0.2761204558809812,-2.026208430144318,0.5987005579321728,-1.8658825228366631,-1.3684238427589055,1.4647989644959447,-0.688951437548517,-0.042011653384949325,2.1787570548406214,1.1715244916358794,1.990433663909717,-0.663832408408792,0.6213741306081232,-0.985718129139852,0.45848523171771954,1.2959208138839229,-0.7161010922417188,2.365601178976589,-1.8668045876910162,2.684597172360586,0.19561002716725315,1.4351475643205291,-0.7947967389867302,-1.0989694059043746,0.18278092166419896,-0.4167959194671192,1.0248347116998306,1.0777004009572504,-0.5441479861576805,-1.0498059001885205,3.1522874805573067,-0.06391373214123829,-0.9344530731646261,-1.5815786413554944,-1.2662896036411588,1.1856095831457132
1.3792524136527842,-4.009944373462227,-2.3364980776451945,-2.1894169874892446,3.6267387322733278,3.538383910758617,-4.631402934494982,-0.3123701888103667,-5.131557915572026,2.051454590277337,-6.015839047796561,-3.0154187030534065,4.040165060051485,-1.9033879577190789,-1.161410864976408,6.893774771827391,1.990433663909717,4.976907488927061,-1.2342510298481864,3.2155856839251507,-1.052115705398023,0.969023252540824,3.0400390726000834,0.2105260346823541,5.349356838923973,-4.890607111895436,6.144117419225808,1.0212540249898396,4.072446081063354,-1.7917939849939448,-2.6395796782465273,-1.7496997960499507,-0.4109749875485376,3.427381188217834,3.141812755669705,-1.7001865552070512,-1.4978519700516357,8.842034048373208,0.7965974569325189,-3.2595853419649354,-3.233763660052686,-2.514611310139554,2.2775291852993216
-0.12625951500795757,0.47451493296456404,-0.06332674659526065,0.7991019115293787,-0.5502225140603032,-0.6820221104933379,0.7376132428106913,0.17089035021359633,1.400110283395733,-0.23726345860875706,0.8249713308303124,0.4902156103835773,-0.9362510078776809,0.5699126104207799,0.2726594326785629,-1.031166416238343,-0.663832408408792,-1.2342510298481864,0.8064680931858479,-0.04987215730159946,0.3178659545805158,0.25656530222500784,-1.2485161497733135,0.6772631394085327,-1.1874583238528633,1.200517653018676,-1.4395247605636954,-0.17229642395189856,-0.8040804466430255,0.48969786575134644,0.6517665989931032,-0.3399473147729782,0.4848654180613246,-0.5054085388443478,0.2040463863887713,0.5799816292885724,0.9024267617235436,-1.732717274514812,0.31963375361781016,0.3918588949157859,0.377013097378154,0.3895753455123626,-0.2749137722096349
1.4363117790483433,-3.191354338767273,-2.357393104185647,-1.573170116389022,2.9394784606899194,2.777919911608249,-3.9232670295827825,0.13950522795822454,-3.268420522607217,1.860877653249408,-5.363561584112502,-2.2177728863772947,3.2290993315067493,-1.2898816331311864,-1.3029964166661445,6.078803507211591,0.6213741306081232,3.2155856839251507,-0.04987215730159946,4.015995056788587,0.04265238469203069,1.1502565475054651,1.2606694752204022,1.9910958964525642,3.52723612340868,-3.177402350232157,3.7374127898351843,1.119015696400293,3.3315405489370784,-1.0982242141362206,-1.7078191340119067,-2.92262728599269,0.30400612872537297,3.190893916161701,3.285361973660031,-1.131292770260042,0.20635562533313997,6.970173522561579,1.6289805681431928,-3.133485735852893,-2.261745469805977,-1.5125067925019577,1.7292437790525126
-0.44907224171441584,1.2345119915829816,0.8840750993991826,-0.33303071537742973,-0.8285784318193183,-0.714289995023343,0.7612478501657972,0.2558706501514982,0.9716706781291625,-0.08732805499585553,0.5934938808493879,1.2102605159767919,-0.7622250285504082,0.21463099891347565,-0.5761743783925157,-0.742488028745022,-0.985718129139852,-1.052115705398023,0.3178659545805158,0.04265238469203069,1.3302491899833533,-0.543561424971962,-0.51020717026717,1.0867112659900517,-1.817841253214821,0.7647403295546936,-1.7512555414530782,0.1164022254581195,-0.7962973767714973,0.6413967106841254,0.7007397391766688,-1.0655548949522393,0.5992893193800212,-0.2502112163234922,-0.6967999791846701,0.04826771216245306,0.8606467007407236,-1.6000617418828393,0.1969539267046158,0.2634880771216324,1.37953557239271,1.1254814983555652,-1.337561460710615
0.5114556440105553,-1.4493258446999204,-1.2648668147078417,0.19504150641792303,1.1307941212582489,0.9146109636994089,-1.2349203051001252,-0.04780391811760018,-0.8430984505082566,0.583016264687185,-1.643248831587508,-1.0640752744077804,0.8511398324277792,-0.22373702301388348,0.051321026261496795,1.8258217043547686,0.45848523171771954,0.969023252540824,0.25656530222500784,1.1502565475054651,-0.543561424971962,0.9048325148045627,0.013682790287327651,0.3956431238758875,1.4070516447472163,-0.8920433247069465,1.4599698626626365,0.17726495727532487,0.9451920040463198,-0.3449506309310728,-0.5530667247891888,-0.6569891006235845,0.21875333322468138,0.9101762153774425,1.7380796139179087,-0.03922286593658601,0.05067866169928944,2.062971102629081,0.5284286665496833,-0.915377527711264,-1.4177212389824776,-0.9624859279797056,1.0635868447103918
0.5541718409525186,-1.8477079533345562,-0.6866802816005738,-1.7372254164817367,1.8226243239659923,1.931876070800329,-2.4205479253493287,-0.2645617111170336,-3.2678957794157566,1.0411306385434915,-3.092173015042285,-1.4461664227896327,2.3364334863645357,-1.2744681697369802,-0.8257667581924072,3.602833326419187,1.2959208138839229,3.0400390726000834,-1.2485161497733135,1.2606694752204022,-0.51020717026717,0.013682790287327651,2.394129953927304,-0.43942680841342324,2.9724157644300364,-3.0405278826281137,3.6017904518758552,0.5723141700595847,2.2410883502455583,-1.081630577121959,-1.5755101397654363,-0.5505067086959535,-0.5249551688136,1.7820026318644078,0.9215659055545325,-1.242587359000568,-1.3705715596437973,4.921254558969703,0.008554894394441213,-1.614021692272806,-1.4110617760479667,-1.2106795209826628,0.8958931372312691
0.3135733353701286,-0.5336228324318658,-0.6514298005531262,-0.526332696722542,0.6122728310131405,0.5132699384056927,-1.0346096363981063,0.32769260057383215,-0.1776208777570798,0.7669334768660597,-1.847720775436301,-0.010242317766455912,0.5115020522537949,-0.15787320210314526,-0.87087607672458,1.9743710174603673,-0.7161010922417188,0.2105260346823541,0.6772631394085327,1.9910958964525642,1.0867112659900517,0.3956431238758875,-0.43942680841342324,2.1284610514374203,-0.14555279652265232,-0.42715149999605356,-0.08578902598870632,0.5210569221709783,0.6383453170731405,0.1817778540058479,-0.007055541897268711,-2.4392365138115983,0.896257895708878,1.135271941982704,1.389492036332138,-0.1805233091461488,1.2094151460068439,1.4049797851547274,1.137392568569804,-1.1708477141365763,-0.03998338859721084,0.17792583962262404,-0.20913470218775787
1.8719287064285999,-4.792768634406016,-3.0784178687846318,-1.8217654259667346,4.124474936867204,3.9531144296066234,-5.120333241484874,-0.35908263713370664,-5.434369966894908,2.037292828386537,-6.337202387846969,-3.8359051401185575,4.580819212895067,-1.9383354721655703,-0.7620309504342921,7.323216662776314,2.365601178976589,5.349356838923973,-1.1874583238528633,3.52723612340868,-1.817841253214821,1.4070516447472163,2.9724157644300364,-0.14555279652265232,6.410387769939043,-4.986148828092297,6.862651018636718,0.9998538866416105,4.646013639773091,-2.193067284083935,-2.9838266847964023,-1.1379488520991208,-0.8328640610678651,3.606260096163254,3.6272080867230687,-1.62705989969149,-1.7041789817514932,9.77699870427282,0.9160427719028514,-3.489900913582581,-4.011408789907615,-3.0950217571724137,3.2963513316059547
-1.1885068376988392,3.814168064358597,2.1472245562744714,2.300011204777126,-3.5139942400603577,-3.4283921798856527,4.521716473551986,0.30063244857863136,5.0517363060558065,-2.1278680169939683,6.03716160329508,2.74175881458393,-3.8353678100965714,1.8909525980044632,1.3220718964016942,-6.874156332704187,-1.8668045876910162,-4.890607111895436,1.200517653018676,-3.177402350232157,0.7647403295546936,-0.8920433247069465,-3.0405278826281137,-0.42715149999605356,-4.986148828092297,4.93498525532038,-5.965394577322768,-1.0353237744190782,-3.8738858613364706,1.624603232303243,2.525237639952468,2.1292798085736386,0.15356846138231744,-3.426933514736885,-3.157018975663164,1.7130543876233784,1.3793675309058442,-8.582803827368075,-0.8028087986250255,3.2406996223306956,3.051825409346591,2.3684434899310527,-1.9136399651486744
1.741082172646651,-5.208808662696473,-3.1578673570241254,-2.2876717040900703,4.5583299238047426,4.36300991993259,-5.668219368486012,-0.4683889041499756,-6.249240187998384,2.4637834377895818,-7.265319959414128,-3.9704375221601547,4.8711496452049285,-2.2342859830458153,-1.0810950939770079,8.316016379319198,2.684597172360586,6.144117419225808,-1.4395247605636954,3.7374127898351843,-1.7512555414530782,1.4599698626626365,3.6017904518758552,-0.08578902598870632,6.862651018636718,-5.965394577322768,7.81713257098908,1.1098603972472476,4.961039524178524,-2.2704177182534497,-3.2990787047578776,-1.7646678277709411,-0.5636971722903966,4.073423264619904,4.154317640855962,-1.9137815509246312,-1.9824205326305533,10.802855339597942,0.9036286458152858,-3.898387454898515,-4.40234766790194,-3.4292414532771205,3.1658547022457233
0.3680242526537866,-0.8013700996169151,-0.49904286475513776,-0.6609945221379282,0.8208221830853584,0.8298906148883176,-1.1369942331449499,0.03383615445328054,-1.0950489883008099,0.5428131839083129,-1.5657749164179986,-0.5619870029133149,1.0246794897472227,-0.4668911912777977,-0.4999225643618849,1.7961325169199103,0.19561002716725315,1.0212540249898396,-0.17229642395189856,1.119015696400293,0.1164022254581195,0.17726495727532487,0.5723141700595847,0.5210569221709783,0.9998538866416105,-1.0353237744190782,1.1098603972472476,0.3698458207046889,0.9986728470899975,-0.33024024993801077,-0.5251206453273636,-0.8347517746751327,0.034973203342184685,0.9640282043630796,0.7302014975095855,-0.44409450714664517,-0.04906201075217769,2.0943609496370135,0.3870221556641462,-0.9089925165056404,-0.516353079543375,-0.3400467219498182,0.36756515162008024
1.5034722048035705,-3.5505370596269756,-2.284072416795463,-1.8090906416103998,3.1950526222921,3.116115702917606,-4.152938142013295,-0.12122531053678796,-4.199456447009672,1.7423228847793077,-5.313815964802498,-2.7420112751382435,3.710678555247157,-1.5889004981123718,-1.0321033375537008,6.1219655381200795,1.4351475643205291,4.072446081063354,-0.8040804466430255,3.3315405489370784,-0.7962973767714973,0.9451920040463198,2.2410883502455583,0.6383453170731405,4.646013639773091,-3.8738858613364706,4.961039524178524,0.9986728470899975,3.746365237288649,-1.597757514183139,-2.2314661912298446,-1.662068675166708,-0.4379797620269002,3.1039266232545213,2.8057509253352446,-1.4132704596535892,-0.899817241669396,7.822548745697881,1.0288497514984047,-3.005496296610668,-2.710522395641779,-2.0354084176159195,2.2238507781835324
-0.6639741466099536,1.5366106322641664,0.9442959921180596,0.6898311715366143,-1.317821968581972,-1.299122828146355,1.6784942991276885,0.11725308972076658,1.8433575213306421,-0.6026450089873172,1.9951369329624538,1.2842672757584022,-1.579799319340968,0.6662636097902463,0.24390139426582377,-2.3327969397266126,-0.7947967389867302,-1.7917939849939448,0.48969786575134644,-1.0982242141362206,0.6413967106841254,-0.3449506309310728,-1.081630577121959,0.1817778540058479,-2.193067284083935,1.624603232303243,-2.2704177182534497,-0.33024024993801077,-1.597757514183139,0.8021304956861235,1.0231123952793146,0.1718216078777902,0.45041181797427565,-1.137744388528138,-0.9625815095040658,0.5891053292752805,0.655356649733035,-3.2778749657965176,-0.24894334859731693,1.1133184838373031,1.2207193957315186,0.9799383361578198,-1.1159486985605516
-0.8241617500333215,2.2039972798331102,1.3300604406973207,1.0789057611361226,-1.9546526187458937,-1.9042004609148933,2.4792878228213944,0.16731126112802835,2.7136327202153168,-1.032785009078812,3.134754611524687,1.7209879506547754,-2.2126553211310824,0.9955262757964831,0.5193090052723169,-3.613325655881684,-1.0989694059043746,-2.6395796782465273,0.6517665989931032,-1.7078191340119067,0.7007397391766688,-0.5530667247891888,-1.5755101397654363,-0.007055541897268711,-2.9838266847964023,2.525237639952468,-3.2990787047578776,-0.5251206453273636,-2.2314661912298446,1.0231123952793146,1.4367193591239131,0.7237194414444741,0.3456756614912727,-1.7899668814330887,-1.6456488530848665,0.8761405718038103,0.833745808673157,-4.753546221886544,-0.4218982994270032,1.7156076851336521,1.7875492208958073,1.3929026198694299,-1.384569550315211
-0.47297663831684444,1.6409509953394843,1.2028547579063935,1.3341728210999082,-1.6625899074145838,-1.5110582163573032,2.397062116881088,-0.2156803512133369,1.7476255861986452,-1.5584278715013562,3.8524340118480302,0.6452271641067365,-1.4811377442261418,0.7381691587518635,1.417402164202642,-4.191406385885055,0.18278092166419896,-1.7496997960499507,-0.3399473147729782,-2.92262728599269,-1.0655548949522393,-0.6569891006235845,-0.5505067086959535,-2.4392365138115983,-1.1379488520991208,2.1292798085736386,-1.7646678277709411,-0.8347517746751327,-1.662068675166708,0.1718216078777902,0.7237194414444741,3.526847669501754,-1.1514523253088396,-2.2238090496547063,-2.5375877356664387,0.7213578558617595,-0.8529047795869028,-3.9224081819989367,-1.3904345157299145,2.1936115077021916,0.9363000056305119,0.5289212979922099,-0.05443629787204589
-0.27533806704582314,0.1819479479133801,-0.011228673462090746,0.14675852659364966,-0.11285367426590319,-0.21893200740482577,0.14807414512379283,0.09383369646698606,0.4919607244960795,0.238897172002563,-0.21744538088908535,0.45067334456482644,-0.5120655630242895,0.18094796779511046,-0.2317181069717568,0.11383117971352227,-0.4167959194671192,-0.4109749875485376,0.4848654180613246,0.30400612872537297,0.5992893193800212,0.21875333322468138,-0.5249551688136,0.896257895708878,-0.8328640610678651,0.15356846138231744,-0.5636971722903966,0.034973203342184685,-0.4379797620269002,0.45041181797427565,0.3456756614912727,-1.1514523253088396,0.8018829604004695,0.0976500636622377,0.6295510867076893,0.19097792567826072,0.6615750669317826,-0.6103633743676233,0.3229320228478603,-0.0965886296448468,0.12423626956502747,0.2067853105509827,-0.5439618107226624
1.1497150239382166,-2.9732927505163684,-1.9410618618997046,-1.6398262844888774,2.785109611543394,2.686157862858241,-3.628719768784273,-0.04538141577347338,-3.5381710389809538,1.717491614835699,-4.915170648418751,-2.1243928332644226,3.092364590339827,-1.377276748015021,-1.1604274467073794,5.600019362230497,1.0248347116998306,3.427381188217834,-0.5054085388443478,3.190893916161701,-0.2502112163234922,0.9101762153774425,1.7820026318644078,1.135271941982704,3.606260096163254,-3.426933514736885,4.073423264619904,0.9640282043630796,3.1039266232545213,-1.137744388528138,-1.7899668814330887,-2.2238090496547063,0.0976500636622377,2.9016760180950225,2.786656335864976,-1.2171904493415275,-0.43897802460097607,6.66696220061104,1.0790641922826865,-2.765811402660906,-2.2750925162318385,-1.6127009765842901,1.5776385758769413
1.1694817357018752,-3.578448946930241,-2.758500698781528,-0.6630654887485441,2.9971993167261455,2.599181752236544,-3.623544727277428,-0.08748107573751383,-2.970915657456582,1.8398356431754403,-5.020927762638299,-2.419799925896103,2.5550380198212443,-0.9801679400954539,-0.6400396575678867,5.574185714443687,1.0777004009572504,3.141812755669705,0.2040463863887713,3.285361973660031,-0.6967999791846701,1.7380796139179087,0.9215659055545325,1.389492036332138,3.6272080867230687,-3.157018975663164,4.154317640855962,0.7302014975095855,2.8057509253352446,-0.9625815095040658,-1.6456488530848665,-2.5375877356664387,0.6295510867076893,2.786656335864976,4.102156317129101,-0.6723695520179048,-0.008239728869422886,6.268940181819636,1.3908385358297728,-2.7717383181605877,-3.108186771838372,-2.184151978247051,2.0328262425176287
-0.4154208841719309,1.087700050767962,0.4822976531246066,1.1024888698578117,-1.1131446818541906,-1.1771671904952856,1.5451651912483468,0.0617108112865607,1.8403063658167327,-0.6929546231831771,2.041644113089645,0.8097609786816257,-1.4630736055065539,0.752669791233528,0.6466068262105188,-2.3652495835564444,-0.5441479861576805,-1.7001865552070512,0.5799816292885724,-1.131292770260042,0.04826771216245306,-0.03922286593658601,-1.242587359000568,-0.1805233091461488,-1.62705989969149,1.7130543876233784,-1.9137815509246312,-0.44409450714664517,-1.4132704596535892,0.5891053292752805,0.8761405718038103,0.7213578558617595,0.19097792567826072,-1.2171904493415275,-0.6723695520179048,0.7475482301906268,0.5156103288235298,-3.0281580906243764,-0.23580151571266336,1.1274491681250487,0.7197222155631606,0.576866741685889,-0.47856680869799617
-0.1842795562187912,0.8279122495719623,0.18769662986435465,0.5395474176164845,-0.7440834970081657,-0.8158648793932398,0.8296028649406045,0.29697592380723487,1.610716474400043,-0.20525841291021096,0.8118000394171073,0.8479436326612767,-1.0085258453419583,0.5746057372610925,-0.038536532715555384,-1.0252983914175509,-1.0498059001885205,-1.4978519700516357,0.9024267617235436,0.20635562533313997,0.8606467007407236,0.05067866169928944,-1.3705715596437973,1.2094151460068439,-1.7041789817514932,1.3793675309058442,-1.9824205326305533,-0.04906201075217769,-0.899817241669396,0.655356649733035,0.833745808673157,-0.8529047795869028,0.6615750669317826,-0.43897802460097607,-0.008239728869422886,0.5156103288235298,1.256238573979057,-1.9700999261829217,0.4881163695891266,0.3302577547784783,0.8734105428109866,0.8067648492817975,-0.6941169193576745
2.9624937100129585,-7.600693110728668,-4.802619773067728,-3.9224479640970156,6.853043366146343,6.639790742742236,-8.864975366228057,-0.32677264817266743,-9.083680768801536,3.887753485954561,-11.53519645893301,-5.705524747364378,7.7080543268301,-3.4084008034368396,-2.2929010009816753,13.215474539369739,3.1522874805573067,8.842034048373208,-1.732717274514812,6.970173522561579,-1.6000617418828393,2.062971102629081,4.921254558969703,1.4049797851547274,9.77699870427282,-8.582803827368075,10.802855339597942,2.0943609496370135,7.822548745697881,-3.2778749657965176,-4.753546221886544,-3.9224081819989367,-0.6103633743676233,6.66696220061104,6.268940181819636,-3.0281580906243764,-1.9700999261829217,16.64120175823362,2.132367656892044,-6.4323697084395794,-5.898853052699925,-4.4473366246331905,4.468660155725954
0.5311977564787748,-1.0901962697255956,-0.9663361001388656,-0.370229119534769,0.9442823854244191,0.8278607656827345,-1.3011484342144972,0.13971907572861933,-0.7441339035415822,0.6665922282457896,-1.8584322301019718,-0.6651231091660391,0.9003286114524737,-0.28257338521906067,-0.4496438934467628,2.0564814864438623,-0.06391373214123829,0.7965974569325189,0.31963375361781016,1.6289805681431928,0.1969539267046158,0.5284286665496833,0.008554894394441213,1.137392568569804,0.9160427719028514,-0.8028087986250255,0.9036286458152858,0.3870221556641462,1.0288497514984047,-0.24894334859731693,-0.4218982994270032,-1.3904345157299145,0.3229320228478603,1.0790641922826865,1.3908385358297728,-0.23580151571266336,0.4881163695891266,2.132367656892044,0.8224607041266013,-1.1259200609056927,-0.6958372791436597,-0.4261935244217057,0.5370611551483637
-1.1564507318153259,2.9404759565842338,1.970377825988344,1.5317198644730838,-2.685141303177466,-2.5626931080904396,3.5243377959414417,0.024934742612066556,3.3269440920935125,-1.6558543423305099,4.756117190904745,2.0785033760104965,-2.9234317959537037,1.2705397240368521,1.0775175232500753,-5.39771277786076,-0.9344530731646261,-3.2595853419649354,0.3918588949157859,-3.133485735852893,0.2634880771216324,-0.915377527711264,-1.614021692272806,-1.1708477141365763,-3.489900913582581,3.2406996223306956,-3.898387454898515,-0.9089925165056404,-3.005496296610668,1.1133184838373031,1.7156076851336521,2.1936115077021916,-0.0965886296448468,-2.765811402660906,-2.7717383181605877,1.1274491681250487,0.3302577547784783,-6.4323697084395794,-1.1259200609056927,2.6885217983127196,2.201200497601334,1.5860871844586533,-1.5670579563182927
-1.1246424286853482,3.3306333507013917,2.36821267932012,0.5531863494507238,-2.759995572771694,-2.482498233816326,3.2041965814875106,0.27370295798335686,3.1530706431840927,-1.3891072486980687,4.087108050967508,2.5683362547604855,-2.6140047277072487,1.0373346858189272,0.21007154642385129,-4.6483503739054886,-1.5815786413554944,-3.233763660052686,0.377013097378154,-2.261745469805977,1.37953557239271,-1.4177212389824776,-1.4110617760479667,-0.03998338859721084,-4.011408789907615,3.051825409346591,-4.40234766790194,-0.516353079543375,-2.710522395641779,1.2207193957315186,1.7875492208958073,0.9363000056305119,0.12423626956502747,-2.2750925162318385,-3.108186771838372,0.7197222155631606,0.8734105428109866,-5.898853052699925,-0.6958372791436597,2.201200497601334,3.090692942016938,2.284136198564285,-2.3098140967575613
-0.8148159531915462,2.499920558449598,1.707613040589022,0.48911262651518944,-2.0320709111822466,-1.8365600417674814,2.381785806991309,0.24190370319754853,2.449192092154029,-1.0050886861176755,2.988102282543779,1.9299996386508975,-1.9217541174855717,0.7879748318415483,0.11951474238819622,-3.3945263765631197,-1.2662896036411588,-2.514611310139554,0.3895753455123626,-1.5125067925019577,1.1254814983555652,-0.9624859279797056,-1.2106795209826628,0.17792583962262404,-3.0950217571724137,2.3684434899310527,-3.4292414532771205,-0.3400467219498182,-2.0354084176159195,0.9799383361578198,1.3929026198694299,0.5289212979922099,0.2067853105509827,-1.6127009765842901,-2.184151978247051,0.576866741685889,0.8067648492817975,-4.4473366246331905,-0.4261935244217057,1.5860871844586533,2.284136198564285,1.7581268477579888,-1.7114694385711848
1.146871496770138,-2.5568728918387826,-1.9320059195210333,-0.22966164523122357,2.0472371141103296,1.8706765891881354,-2.3809832580516517,-0.16152067396214373,-2.224111442093875,0.8036089107757248,-2.7531666850922734,-2.190846782458696,2.1746519069611154,-0.724148999641485,0.08001969148376988,3.216756905507004,1.1856095831457132,2.2775291852993216,-0.2749137722096349,1.7292437790525126,-1.337561460710615,1.0635868447103918,0.8958931372312691,-0.20913470218775787,3.2963513316059547,-1.9136399651486744,3.1658547022457233,0.36756515162008024,2.2238507781835324,-1.1159486985605516,-1.384569550315211,-0.05443629787204589,-0.5439618107226624,1.5776385758769413,2.0328262425176287,-0.47856680869799617,-0.6941169193576745,4.468660155725954,0.5370611551483637,-1.5670579563182927,-2.3098140967575613,-1.7114694385711848,2.1837167821485686
