V1,V2,V3,V4,V5,V6,V7,V8,V9,V10,V11,V12,V13,V14,V15,V16,V17,V18,V19,V20,V21,V22,V23,V24,V25,V26,V27,V28,V29,V30,V31,V32,V33,V34,V35,V36,V37,V38,V39,V40,V41,V42,V43
1.7912799850963095,-0.07775723770956151,0.7556901964235979,0.3292930245292475,0.489501996063027,-0.40131813287774404,-1.5833247749468407,0.8932771110593065,-0.3876199238270154,0.698874476344132,-0.6444116077253658,-0.7794059359119337,0.9507119363118149,-0.13201970392675955,0.2753290178885647,0.15111929267764104,-1.0686180157899818,-1.0094192807206142,0.4789976645680535,0.4764020938257769,-0.3438202669163507,-0.1680833273403917,0.6539040142508914,-1.2432003092286936,-1.0079923591967044,-0.33850643647831435,-1.3197244010311722,0.5019533310413203,-0.17405980040070296,-1.1158787202178857,0.7023126598976411,-0.011544176797181952,-1.739443295489328,0.6271689589900795,-0.04659295714983132,0.9754484812801545,0.14368565739942019,-1.1086182575257306,0.3036527945268442,1.9334936680743344,-0.25827761797234866,0.5152379938543468,-0.6697887796025969
-0.07775723770956151,0.16366210243482104,0.5698728612260902,-0.05351226119289301,-0.1500656506044512,-0.01152747061880997,-0.6660948151826768,0.32511839004154386,-0.3525825316290693,-0.11803426875586659,-0.14227637678329624,0.39796542413814107,0.02621601928975461,0.24989904588949372,-0.128234954777773,-0.6090723278513557,-0.16688978948145003,-0.6100835782147599,-0.13904499522459915,-0.23277883940844524,-0.2111506204968765,-0.36468677603768884,-0.10424359396612627,0.20587071770489299,-0.6819296457609968,-0.1129961420766438,0.3491265413445432,0.10884497000338131,0.29918133111839346,-0.395925909718369,-0.15560193455401902,0.018791420090164306,0.08085237233026203,0.17028975162568527,-0.11299254324719966,0.047656075976227945,-0.1289258791677403,0.4625286422067485,-0.21719557265966644,-0.5496337468542871,0.19112115155594298,0.3729783774686926,-0.16776695022064989
0.7556901964235979,0.5698728612260902,2.8384996864251866,-0.09361155902462141,-0.2149972455008427,-0.2277752056007034,-3.567829971070035,1.9673871323855463,-1.5362681298361631,-0.4335343475737609,-0.8471533841119241,1.3861219318281837,0.6523024124402113,0.9904281560693687,-0.7484980820968028,-2.3581019109573056,-1.2540596600890197,-2.7595682340252154,-0.24920028995808033,-0.6732302354028281,-0.7023206424896367,-1.785276067329319,0.0491909063528564,0.01770798393438988,-3.529287068526106,-0.5392400247843229,0.5638974467424058,0.9158355138238976,1.031309167938644,-2.6118386318242357,-0.36279359273357153,0.2846587943601872,-0.6643540596013722,1.218304739981164,-0.0922328468397412,0.7591883916767247,-0.4978600101867351,1.2856505390422568,-0.3621452658777868,-0.7253803080806415,0.6788163668256966,2.0747743303087884,-1.1176546307783963
0.3292930245292475,-0.05351226119289301,-0.09361155902462141,0.1778759624768487,0.004260506902504057,-0.10580495975182524,-0.22936644507967419,-0.04565964773819794,-0.1399801155849049,0.5652156043833405,-0.2335273649998469,-0.613451221810038,0.20762135346065344,-0.12925962526705248,0.596156101723963,0.17902650488119526,-0.2821573265412391,-0.32991158081321226,0.08527544214347214,0.17681992478677397,-0.4650886322841363,0.32077815646732055,0.07651888493265084,-0.2134365415392754,0.17033375664574332,-0.18303580032938288,-0.3222589649440639,-0.18819622307637843,-0.10564964285927542,0.23037743698855231,0.36534234551654343,-0.23253481760184017,-0.4208453875676334,-0.037770985568069335,-0.47251488532041447,0.26981429707390825,0.11958700574993925,-0.4491680098025478,-0.26465194957613314,0.20010799201678314,-0.21344981349404063,-0.2682110684474175,-0.010767860988973636
0.489501996063027,-0.1500656506044512,-0.2149972455008427,0.004260506902504057,0.37480440637895646,-0.040378692473461875,0.34052943702788224,0.031090158101018506,0.3951993533475023,-0.22178509408303082,0.15349647205992917,-0.11298381099760374,0.15824681512816519,-0.18061327404935706,-0.4144831641326344,0.4889881853871891,0.029746731368236905,0.6460587434453146,0.2448470273161252,0.2498314432349355,0.6011689743536163,-0.03169672485431462,0.3289055315777225,-0.5331372621042122,0.16537414465457223,0.214738042254999,-0.6181913963598016,0.29409672300909284,-0.28729630716815996,-0.2978747384825313,0.07641920165481211,0.25507930960569086,-0.36586784951076695,0.12937811880684585,0.6203022461326013,0.07915616754747236,0.06541237219501808,-0.4789250714310478,0.6682198651000409,1.24758407132834,-0.08359605970603622,0.11455185006662551,-0.05833285092552292
-0.40131813287774404,-0.01152747061880997,-0.2277752056007034,-0.10580495975182524,-0.040378692473461875,0.11977072761378911,0.5284539735803231,-0.24921424007110768,0.2172435258786081,-0.35304868272179063,0.24219152870568014,0.23295427055860804,-0.22380027461669794,0.03342472279065006,-0.26034914301187645,-0.014733503145387846,0.29450955963286307,0.5022213157906333,-0.10402853502265147,-0.10946203337957518,0.28311905945961824,-0.024888725658115486,-0.07999441907685438,0.21757700546871847,0.28544915677319704,0.19272019185649572,0.21045509218702688,-0.0515732193534261,-0.020877585538330672,0.1534616806748032,-0.2076587942904131,0.1287582241842939,0.4224909780883612,-0.09518953114815226,0.20756944431727206,-0.23614941642144294,-0.05219949344489706,0.25133805328500186,0.12162350535732747,-0.18608537176692294,0.07279791028378822,-0.03851299130653533,0.19488407773282487
-1.5833247749468407,-0.6660948151826768,-3.567829971070035,-0.22936644507967419,0.34052943702788224,0.5284539735803231,5.240686104213868,-2.58932831061822,2.391611592622336,-0.7271858485139392,1.637878378003354,-0.6683344013091839,-1.2077217616726337,-1.0091240172049318,-0.33278927199372416,2.6222220795944216,2.1512943266887947,4.523823746747267,0.12299238341570044,0.5089128418482145,1.9426997250549798,1.6412391398153137,-0.09608600490542796,0.28800554545363816,4.359615962824351,1.208619756686751,-0.2819041217471707,-0.8105366413645338,-1.2115660543762306,2.831943834534985,-0.22825819505997672,0.2357444191299432,1.6603106228798783,-1.4252049436222958,1.1451017344826708,-1.4417302509954593,0.38669180348435334,-0.8175874535557242,1.1451371208195409,0.8980134062656382,-0.4771553675718582,-2.082024899599639,1.5774211166872085
0.8932771110593065,0.32511839004154386,1.9673871323855463,-0.04565964773819794,0.031090158101018506,-0.24921424007110768,-2.58932831061822,1.6892545760001265,-1.0118486386926109,-0.1022492170662798,-0.6511898020435073,0.9874883188107075,0.5217143900336977,0.49635107363182246,-0.5747297223466136,-1.051633957888289,-0.831222981541097,-2.013106694610157,0.11144733989485624,-0.20896810298249377,-0.24949277172253448,-1.1811065568760062,0.08855650467178568,-0.2487068852172479,-2.595465984846431,-0.5181587560993458,0.2053342751602861,0.872963765525289,0.6243258964944376,-1.902098589370091,-0.20391452029750107,0.10988123253872775,-0.7664733608551202,0.8230792603368237,0.24452396444782665,0.489853135099589,-0.24065524963652501,0.522588156735583,-0.003689789298099112,-0.10979162664241739,0.4188971183015613,1.3936031640852746,-1.0631405249567256
-0.3876199238270154,-0.3525825316290693,-1.5362681298361631,-0.1399801155849049,0.3951993533475023,0.2172435258786081,2.391611592622336,-1.0118486386926109,1.270439235403699,-0.6330915894857141,0.8316545884629376,-0.17333624665208427,-0.42342340754867364,-0.4762351669097711,-0.6059916316341887,1.290540004680282,0.9455969480285201,2.3659560677013247,0.17990383967780288,0.3116444206572403,1.3239181367618738,0.5242883963124023,0.18028952469107076,-0.19833517586278626,1.8022331282150197,0.7013205777960378,-0.4619247816239842,-0.06795230271927023,-0.6528393348428051,0.8330163419083033,-0.1425716344558771,0.35828517855551,0.5299476773524155,-0.45036802203012727,1.0201159274268912,-0.5816531330112982,0.15650386017405638,-0.5150828465376334,1.0020702610197842,1.189814442605375,-0.18418222068272397,-0.6515721887657852,0.6069090651006646
0.698874476344132,-0.11803426875586659,-0.4335343475737609,0.5652156043833405,-0.22178509408303082,-0.35304868272179063,-0.7271858485139392,-0.1022492170662798,-0.6330915894857141,2.299618767256929,-0.8457811030832311,-1.8665000656829167,0.40980935836375887,-0.5361308728593989,2.3654982241176326,0.9298462945111055,-0.6475994062608009,-1.5511046935680493,0.31157072577327366,0.609842770745547,-1.7884493194632063,1.3376034480972707,-0.13664083556852924,-0.2686375625507152,0.6645228914299846,-0.909393777281965,-0.47137318361532143,-0.7916401018095927,-0.18236009839702064,1.381212194301243,1.1161147461732013,-1.1801735879875261,-1.0592332296151716,-0.5071974084182697,-1.8457982615853126,0.5381608085822546,0.4774002959733534,-1.3553492945965795,-1.3211550086638348,-0.45228299568340713,-0.6854114540561108,-1.3284640634991718,-0.13079539956103675
-0.6444116077253658,-0.14227637678329624,-0.8471533841119241,-0.2335273649998469,0.15349647205992917,0.24219152870568014,1.637878378003354,-0.6511898020435073,0.8316545884629376,-0.8457811030832311,0.6911000524118394,0.39679880114878835,-0.46672707376808653,-0.1325442478171588,-0.780093632091548,0.4874386040547011,0.8034973335202646,1.6530164217019025,-0.041839142737244525,-0.02948831581315488,1.0629385685416002,0.06500486351234733,-0.009985345047046333,0.17504749950702983,0.9831854756368729,0.5728760216235117,0.0987565676427313,0.022338181058954985,-0.26281151598146485,0.3948769853560491,-0.4018321762976457,0.38395488699564784,0.775730517329137,-0.2659514795742382,0.8651534407537282,-0.5840645763419783,-0.02623784657840453,0.1755461921673598,0.6901697940927097,0.3194638472242878,0.07757657518313157,-0.20073611647952644,0.4433210242133072
-0.7794059359119337,0.39796542413814107,1.3861219318281837,-0.613451221810038,-0.11298381099760374,0.23295427055860804,-0.6683344013091839,0.9874883188107075,-0.17333624665208427,-1.8665000656829167,0.39679880114878835,2.5677963238581336,-0.4612613921480487,0.7449684806864919,-2.149675669500422,-1.3215316652000801,0.4913079411272309,-0.13233731014809788,-0.3131117113495843,-0.7815993882039481,1.222074070511823,-1.6668335128647513,-0.3006228612279857,0.7399338364615067,-1.9364601058521869,0.29026025991846743,1.3546874390511126,0.9781547524855368,0.7676057427278488,-1.6494264127990492,-1.3334974512997877,0.7585780443037616,1.1133424035870059,0.5103455477168506,1.4908793924707957,-0.6604657558728899,-0.5436154805504371,1.9141712170827938,0.6654533465076814,-1.0956960159179434,0.952396191923275,1.5752098325137562,-0.47769282379187333
0.9507119363118149,0.02621601928975461,0.6523024124402113,0.20762135346065344,0.15824681512816519,-0.22380027461669794,-1.2077217616726337,0.5217143900336977,-0.42342340754867364,0.40980935836375887,-0.46672707376808653,-0.4612613921480487,0.591548432412685,0.07057657247873293,0.27474950250113217,-0.33573771403967195,-0.7824100684499111,-0.8626226785312966,0.1350034541536898,0.12962066567308023,-0.4885223718448996,-0.19177311117146006,0.34276222019769587,-0.5989246680966706,-0.7720250989249465,-0.23149617315625515,-0.6471335891673451,0.19705080564140712,0.01446045873243732,-0.7379276464208993,0.4173887811595482,-0.01386885109482416,-0.9711868732857908,0.44792743989056033,-0.30284492038100963,0.6806198553078503,0.017708490450244505,-0.43239156033047554,-0.0603804211876015,0.8277621111381214,-0.11126577438327412,0.41412690239929506,-0.34850257462291856
-0.13201970392675955,0.24989904588949372,0.9904281560693687,-0.12925962526705248,-0.18061327404935706,0.03342472279065006,-1.0091240172049318,0.49635107363182246,-0.4762351669097711,-0.5361308728593989,-0.1325442478171588,0.7449684806864919,0.07057657247873293,0.5034858842759513,-0.5023215638585358,-1.1952730371412912,-0.3001485274100635,-0.6954986192193935,-0.28641896566902564,-0.4561520437325165,-0.14402564470658483,-0.7798962192244883,-0.05651690349657251,0.26578640605354664,-1.1759554892623676,-0.012904486765959415,0.4563263274942549,0.25517101597312974,0.438470631845129,-0.9310388640692564,-0.330064704148236,0.2569420578915798,0.16535233627725682,0.43937282536135236,0.022601340496148547,0.14293702046578452,-0.2848223970707384,0.858242692922915,-0.13312481604803847,-0.5690131155637694,0.35594555651467114,0.8467960730257907,-0.2021134613818555
0.2753290178885647,-0.128234954777773,-0.7484980820968028,0.596156101723963,-0.4144831641326344,-0.26034914301187645,-0.33278927199372416,-0.5747297223466136,-0.6059916316341887,2.3654982241176326,-0.780093632091548,-2.149675669500422,0.27474950250113217,-0.5023215638585358,2.71754293113657,0.7532167550491157,-0.5813588651312347,-1.3426997926637365,0.10451785522734205,0.49188706680431576,-2.0990482873316636,1.5909562683105267,-0.24898654447364132,0.005047151123914994,1.186850320726194,-0.8373036074133708,-0.32249120019532856,-1.185334314947076,-0.21883784220807184,1.8699041344432223,1.1722718533386858,-1.2577568889428112,-0.7493541248936803,-0.6685223470154126,-2.28502066625472,0.509786886476634,0.47032248783630193,-1.2312949554942112,-1.6528872346085217,-0.8915940005691073,-0.7627792819573131,-1.6266324705292914,0.21913812102075975
0.15111929267764104,-0.6090723278513557,-2.3581019109573056,0.17902650488119526,0.4889881853871891,-0.014733503145387846,2.6222220795944216,-1.051633957888289,1.290540004680282,0.9298462945111055,0.4874386040547011,-1.3215316652000801,-0.33573771403967195,-1.1952730371412912,0.7532167550491157,3.0280415160369385,0.986974214070997,1.942694810002587,0.7367054337568529,1.0723067273586913,0.8051347403199688,1.6879724772774105,0.07758307766682107,-0.5472832705557291,2.6892950652611414,0.10950266991048709,-0.9007543443170665,-0.4069751033190824,-1.041068499129424,2.073399899116055,0.519957110109091,-0.4841633602262282,-0.15174001879672397,-1.054025469742342,0.4282162654496692,-0.5853973495886436,0.6381410680951838,-1.8703808240381945,0.619495782058294,1.3404190151812438,-0.728637927992283,-1.8857301186929876,0.40046690975975296
-1.0686180157899818,-0.16688978948145003,-1.2540596600890197,-0.2821573265412391,0.029746731368236905,0.29450955963286307,2.1512943266887947,-0.831222981541097,0.9455969480285201,-0.6475994062608009,0.8034973335202646,0.4913079411272309,-0.7824100684499111,-0.3001485274100635,-0.5813588651312347,0.986974214070997,1.2205427972767626,1.7736905492453277,-1.5324494110427112e-4,0.03729423841800273,1.1145031155591234,0.38864462129098587,-0.2918789195957821,0.5069423576622898,1.4313424433151942,0.476592663323931,0.49735254526755984,-0.14554681663898472,-0.26220176001376794,1.0586839102723935,-0.5118255111793449,0.1337708122434098,1.1739507727325666,-0.6563185774093582,0.8256395825015193,-0.9804419071129249,0.062246275396813516,0.20140135822347732,0.5211102396685943,-0.35956187911255016,0.05765527938162571,-0.6793264495655104,0.5077511426215282
-1.0094192807206142,-0.6100835782147599,-2.7595682340252154,-0.32991158081321226,0.6460587434453146,0.5022213157906333,4.523823746747267,-2.013106694610157,2.3659560677013247,-1.5511046935680493,1.6530164217019025,-0.13233731014809788,-0.8626226785312966,-0.6954986192193935,-1.3426997926637365,1.942694810002587,1.7736905492453277,4.591176653700124,0.13478354104169812,0.3601786299395133,2.49543367037036,0.7757373560089279,0.31922875493337344,-0.18715699691903445,3.2969332115130783,1.465588615282461,-0.6990985996627311,-0.17713394234049687,-1.1510473548927382,1.3937115404998601,-0.41813167672486573,0.8500140940905638,1.2629528363757896,-0.7325339078294563,1.9083361065691287,-1.0872003216084343,0.16853614896158556,-0.5885259557654383,1.85934704022005,2.038764244712028,-0.24183416836487315,-1.0023778804474015,1.291520930001885
0.4789976645680535,-0.13904499522459915,-0.24920028995808033,0.08527544214347214,0.2448470273161252,-0.10402853502265147,0.12299238341570044,0.11144733989485624,0.17990383967780288,0.31157072577327366,-0.041839142737244525,-0.3131117113495843,0.1350034541536898,-0.28641896566902564,0.10451785522734205,0.7367054337568529,-1.5324494110427112e-4,0.13478354104169812,0.3124981109524128,0.35165823559179077,0.2008254862959976,0.2456609395303175,0.15567348501794234,-0.4122497543594001,0.1977200659120047,-0.07855881080526936,-0.4517082364301119,0.1315258763112317,-0.23478031115890327,0.08234979960006794,0.21004761842196232,-0.09232075737863646,-0.43673472771194943,-0.06173718469579316,0.2198125879748277,0.052823612439135297,0.16333531193223702,-0.6270639528291212,0.28062786319009725,0.7346465183398684,-0.17350137715900296,-0.2124076549487253,-0.16215406761630083
0.4764020938257769,-0.23277883940844524,-0.6732302354028281,0.17681992478677397,0.2498314432349355,-0.10946203337957518,0.5089128418482145,-0.20896810298249377,0.3116444206572403,0.609842770745547,-0.02948831581315488,-0.7815993882039481,0.12962066567308023,-0.4561520437325165,0.49188706680431576,1.0723067273586913,0.03729423841800273,0.3601786299395133,0.35165823559179077,0.4929977315445216,0.04919369117050626,0.6294051602692877,0.17148227518275272,-0.47397943552371563,0.7656980844807804,-0.0788308539405677,-0.6439562101008394,-0.10968003158726906,-0.4111550905391324,0.5552634351997736,0.4182616377128386,-0.23219329080844794,-0.49855757005055334,-0.24296805952194306,-0.02547713994631684,0.07567483660939772,0.27300170986779854,-0.959570991944201,0.17245536900569314,0.8613182676019902,-0.35716399306035707,-0.6131073186186177,0.015498890363777438
-0.3438202669163507,-0.2111506204968765,-0.7023206424896367,-0.4650886322841363,0.6011689743536163,0.28311905945961824,1.9426997250549798,-0.24949277172253448,1.3239181367618738,-1.7884493194632063,1.0629385685416002,1.222074070511823,-0.4885223718448996,-0.14402564470658483,-2.0990482873316636,0.8051347403199688,1.1145031155591234,2.49543367037036,0.2008254862959976,0.04919369117050626,2.354822035912081,-0.5271243292323662,0.26469635111277545,-0.21411770128240087,0.5609110328116069,0.9362058036567218,-0.15811061753704836,0.7620992135242317,-0.3772027604053509,-0.4957619372324608,-0.8178155667991969,0.9527213026597514,0.760943785375261,0.021224728173858832,2.270304067618999,-0.8050024009192464,-0.11622108584496997,0.2224767750162272,1.8222420892812596,1.4796960014732659,0.3090209973642102,0.4410878977006913,0.17861163414070869
-0.1680833273403917,-0.36468677603768884,-1.785276067329319,0.32077815646732055,-0.03169672485431462,-0.024888725658115486,1.6412391398153137,-1.1811065568760062,0.5242883963124023,1.3376034480972707,0.06500486351234733,-1.6668335128647513,-0.19177311117146006,-0.7798962192244883,1.5909562683105267,1.6879724772774105,0.38864462129098587,0.7757373560089279,0.2456609395303175,0.6294051602692877,-0.5271243292323662,1.6412868277381758,-0.12421483513435001,-0.07186903573921434,2.2979361632037634,-0.13820219894894525,-0.4780619111614317,-0.940310118240838,-0.6452045108525825,2.153424751194959,0.7248298645269193,-0.7344911415639888,-0.0750990494559791,-0.9297534497998425,-0.9043819466984842,-0.1687109489284423,0.4924124187054164,-1.3021294134526136,-0.4984061301411606,0.06431313193017364,-0.7017521055490922,-1.8032152655329043,0.5957912912792391
0.6539040142508914,-0.10424359396612627,0.0491909063528564,0.07651888493265084,0.3289055315777225,-0.07999441907685438,-0.09608600490542796,0.08855650467178568,0.18028952469107076,-0.13664083556852924,-0.009985345047046333,-0.3006228612279857,0.34276222019769587,-0.05651690349657251,-0.24898654447364132,0.07758307766682107,-0.2918789195957821,0.31922875493337344,0.15567348501794234,0.17148227518275272,0.26469635111277545,-0.12421483513435001,0.4135070597675683,-0.6107451036632952,-0.07735506542295482,0.17127971488712174,-0.7445476690422609,0.23985345732753466,-0.23034635424225292,-0.5225547271214153,0.21103278266776757,0.27026779591101097,-0.5790302140175837,0.30578842984820387,0.32285651756135786,0.35580256789126824,0.02151043612528253,-0.45402764561620435,0.49054637130111456,1.310843992898255,-0.10254606318433047,0.28499433818617514,-0.06034457362674128
-1.2432003092286936,0.20587071770489299,0.01770798393438988,-0.2134365415392754,-0.5331372621042122,0.21757700546871847,0.28800554545363816,-0.2487068852172479,-0.19833517586278626,-0.2686375625507152,0.17504749950702983,0.7399338364615067,-0.5989246680966706,0.26578640605354664,0.005047151123914994,-0.5472832705557291,0.5069423576622898,-0.18715699691903445,-0.4122497543594001,-0.47397943552371563,-0.21411770128240087,-0.07186903573921434,-0.6107451036632952,1.0630062664156685,0.049179771363812845,-0.04260930926152358,1.2601739227869484,-0.32996093748045396,0.4129660113415159,0.5660624958912204,-0.5164143419463432,-0.16295338551736654,1.1607174879052344,-0.3463779748800221,-0.3186483413390679,-0.586061400777542,-0.16132841254115207,1.0654307644316134,-0.6227182765872742,-2.038150227578585,0.28853106463369077,-0.16756695329985746,0.23595801793983312
-1.0079923591967044,-0.6819296457609968,-3.529287068526106,0.17033375664574332,0.16537414465457223,0.28544915677319704,4.359615962824351,-2.595465984846431,1.8022331282150197,0.6645228914299846,0.9831854756368729,-1.9364601058521869,-0.7720250989249465,-1.1759554892623676,1.186850320726194,2.6892950652611414,1.4313424433151942,3.2969332115130783,0.1977200659120047,0.7656980844807804,0.5609110328116069,2.2979361632037634,-0.07735506542295482,0.049179771363812845,4.480483529707096,0.6529671545173178,-0.6923880119014322,-1.3214354361116831,-1.2526852251135483,3.371023923116519,0.553693264168256,-0.41196770941549476,0.8280512112509825,-1.519384891503401,-0.22876809868877368,-0.8320763818254745,0.6082751402280726,-1.556902950305074,0.20264429343613546,0.717432946031997,-0.8863189187637895,-2.6483747046275177,1.5087994825316744
-0.33850643647831435,-0.1129961420766438,-0.5392400247843229,-0.18303580032938288,0.214738042254999,0.19272019185649572,1.208619756686751,-0.5181587560993458,0.7013205777960378,-0.909393777281965,0.5728760216235117,0.29026025991846743,-0.23149617315625515,-0.012904486765959415,-0.8373036074133708,0.10950266991048709,0.476592663323931,1.465588615282461,-0.07855881080526936,-0.0788308539405677,0.9362058036567218,-0.13820219894894525,0.17127971488712174,-0.04260930926152358,0.6529671545173178,0.6025196194765536,-0.1636424411055664,0.11078889446420072,-0.24158087261485447,-0.03746157327105499,-0.2954705786947459,0.5163497466128931,0.4742281066261955,-0.003288002639699841,0.8041379313246693,-0.2856016798181427,-0.0819244160261211,0.1529302207031097,0.732289090251341,0.7183719893972703,0.08278239944759394,0.10896619355701728,0.3902756667528583
-1.3197244010311722,0.3491265413445432,0.5638974467424058,-0.3222589649440639,-0.6181913963598016,0.21045509218702688,-0.2819041217471707,0.2053342751602861,-0.4619247816239842,-0.47137318361532143,0.0987565676427313,1.3546874390511126,-0.6471335891673451,0.4563263274942549,-0.32249120019532856,-0.9007543443170665,0.49735254526755984,-0.6990985996627311,-0.4517082364301119,-0.6439562101008394,-0.15811061753704836,-0.4780619111614317,-0.7445476690422609,1.2601739227869484,-0.6923880119014322,-0.1636424411055664,1.6716782366639207,-0.0782952030215576,0.6987225591046837,0.12916689174788382,-0.7832129486264352,-0.12862000140981178,1.293408704180775,-0.21437559181678012,-0.14323614195562007,-0.6847870065946257,-0.27459659456818775,1.5139017917745874,-0.6572667819596245,-2.5437436021331497,0.5214025646593677,0.21972464234415276,-0.03964092519029185
0.5019533310413203,0.10884497000338131,0.9158355138238976,-0.18819622307637843,0.29409672300909284,-0.0515732193534261,-0.8105366413645338,0.872963765525289,-0.06795230271927023,-0.7916401018095927,0.022338181058954985,0.9781547524855368,0.19705080564140712,0.25517101597312974,-1.185334314947076,-0.4069751033190824,-0.14554681663898472,-0.17713394234049687,0.1315258763112317,-0.10968003158726906,0.7620992135242317,-0.940310118240838,0.23985345732753466,-0.32996093748045396,-1.3214354361116831,0.11078889446420072,-0.0782952030215576,0.8284543134867688,0.20252316021616495,-1.4155656373374623,-0.3857723456807967,0.49830424888619407,-0.256112117419057,0.5634903782816595,1.0249824304571635,0.06996765563664138,-0.19691561681926967,0.3513019585358098,0.753939536410979,0.7248273029999719,0.35546179714858683,1.0639159018217252,-0.5332247344836357
-0.17405980040070296,0.29918133111839346,1.031309167938644,-0.10564964285927542,-0.28729630716815996,-0.020877585538330672,-1.2115660543762306,0.6243258964944376,-0.6528393348428051,-0.18236009839702064,-0.26281151598146485,0.7676057427278488,0.01446045873243732,0.438470631845129,-0.21883784220807184,-1.041068499129424,-0.26220176001376794,-1.1510473548927382,-0.23478031115890327,-0.4111550905391324,-0.3772027604053509,-0.6452045108525825,-0.23034635424225292,0.4129660113415159,-1.2526852251135483,-0.24158087261485447,0.6987225591046837,0.20252316021616495,0.5568287347173794,-0.6768647008390363,-0.3058171967555892,-0.00408597530968501,0.17921435014639223,0.2743235050003658,-0.19597132276986856,0.03949702339938376,-0.2252681352784716,0.8498729682692858,-0.41412392981405544,-1.0976957336268227,0.3538855597086189,0.6441224369818361,-0.3346767052808145
-1.1158787202178857,-0.395925909718369,-2.6118386318242357,0.23037743698855231,-0.2978747384825313,0.1534616806748032,2.831943834534985,-1.902098589370091,0.8330163419083033,1.381212194301243,0.3948769853560491,-1.6494264127990492,-0.7379276464208993,-0.9310388640692564,1.8699041344432223,2.073399899116055,1.0586839102723935,1.3937115404998601,0.08234979960006794,0.5552634351997736,-0.4957619372324608,2.153424751194959,-0.5225547271214153,0.5660624958912204,3.371023923116519,-0.03746157327105499,0.12916689174788382,-1.4155656373374623,-0.6768647008390363,3.314772234823042,0.543757073035895,-0.9621110405701369,0.7968261924687199,-1.5291837114654943,-1.1151352798501157,-0.7535072136022469,0.5576596421789248,-1.0608988620853128,-0.8152186949449662,-1.0090338682097375,-0.7317926855650403,-2.557523493347935,1.0477726329899155
0.7023126598976411,-0.15560193455401902,-0.36279359273357153,0.36534234551654343,0.07641920165481211,-0.2076587942904131,-0.22825819505997672,-0.20391452029750107,-0.1425716344558771,1.1161147461732013,-0.4018321762976457,-1.3334974512997877,0.4173887811595482,-0.330064704148236,1.1722718533386858,0.519957110109091,-0.5118255111793449,-0.41813167672486573,0.21004761842196232,0.4182616377128386,-0.8178155667991969,0.7248298645269193,0.21103278266776757,-0.5164143419463432,0.553693264168256,-0.2954705786947459,-0.7832129486264352,-0.3857723456807967,-0.3058171967555892,0.543757073035895,0.7715392279575675,-0.4330141285793962,-0.8721162458251562,-0.11050486679148816,-0.8631858578530534,0.5286694618152921,0.2716848170973787,-1.0353138036967937,-0.4156996312999659,0.6430002745002488,-0.475714053834579,-0.6186710067138992,0.03963135516301114
-0.011544176797181952,0.018791420090164306,0.2846587943601872,-0.23253481760184017,0.25507930960569086,0.1287582241842939,0.2357444191299432,0.10988123253872775,0.35828517855551,-1.1801735879875261,0.38395488699564784,0.7585780443037616,-0.01386885109482416,0.2569420578915798,-1.2577568889428112,-0.4841633602262282,0.1337708122434098,0.8500140940905638,-0.09232075737863646,-0.23219329080844794,0.9527213026597514,-0.7344911415639888,0.27026779591101097,-0.16295338551736654,-0.41196770941549476,0.5163497466128931,-0.12862000140981178,0.49830424888619407,-0.00408597530968501,-0.9621110405701369,-0.4330141285793962,0.7067756709851509,0.21763828856354714,0.419199230598969,1.0162903026962808,-0.059254132909608945,-0.23172744138267357,0.46235212189788105,0.8507302462419768,0.8353329568025203,0.28957830229816295,0.815957584962751,0.02865239833220438
-1.739443295489328,0.08085237233026203,-0.6643540596013722,-0.4208453875676334,-0.36586784951076695,0.4224909780883612,1.6603106228798783,-0.7664733608551202,0.5299476773524155,-1.0592332296151716,0.775730517329137,1.1133424035870059,-0.9711868732857908,0.16535233627725682,-0.7493541248936803,-0.15174001879672397,1.1739507727325666,1.2629528363757896,-0.43673472771194943,-0.49855757005055334,0.760943785375261,-0.0750990494559791,-0.5790302140175837,1.1607174879052344,0.8280512112509825,0.4742281066261955,1.293408704180775,-0.256112117419057,0.17921435014639223,0.7968261924687199,-0.8721162458251562,0.21763828856354714,1.7864538202047713,-0.5234402389853783,0.5016981462089105,-1.0616232099920377,-0.19578748803192733,1.2121345600445856,0.045308999346049726,-1.6382905684607565,0.3675490287390131,-0.26329571051898654,0.5942951507964841
0.6271689589900795,0.17028975162568527,1.218304739981164,-0.037770985568069335,0.12937811880684585,-0.09518953114815226,-1.4252049436222958,0.8230792603368237,-0.45036802203012727,-0.5071974084182697,-0.2659514795742382,0.5103455477168506,0.44792743989056033,0.43937282536135236,-0.6685223470154126,-1.054025469742342,-0.6563185774093582,-0.7325339078294563,-0.06173718469579316,-0.24296805952194306,0.021224728173858832,-0.9297534497998425,0.30578842984820387,-0.3463779748800221,-1.519384891503401,-0.003288002639699841,-0.21437559181678012,0.5634903782816595,0.2743235050003658,-1.5291837114654943,-0.11050486679148816,0.419199230598969,-0.5234402389853783,0.7574876756144209,0.303152433078204,0.5138956236926271,-0.2453845738531855,0.3786415434665681,0.27481917978511305,0.5943814387168586,0.26581928587064774,1.1602176241768702,-0.43847525041412083
-0.04659295714983132,-0.11299254324719966,-0.0922328468397412,-0.47251488532041447,0.6203022461326013,0.20756944431727206,1.1451017344826708,0.24452396444782665,1.0201159274268912,-1.8457982615853126,0.8651534407537282,1.4908793924707957,-0.30284492038100963,0.022601340496148547,-2.28502066625472,0.4282162654496692,0.8256395825015193,1.9083361065691287,0.2198125879748277,-0.02547713994631684,2.270304067618999,-0.9043819466984842,0.32285651756135786,-0.3186483413390679,-0.22876809868877368,0.8041379313246693,-0.14323614195562007,1.0249824304571635,-0.19597132276986856,-1.1151352798501157,-0.8631858578530534,1.0162903026962808,0.5016981462089105,0.303152433078204,2.335684963394284,-0.6163643615259323,-0.1981265801090921,0.3779837484595322,1.834249846817337,1.5197951685309612,0.4324436967912162,0.8970221235511044,-0.12447819335656733
0.9754484812801545,0.047656075976227945,0.7591883916767247,0.26981429707390825,0.07915616754747236,-0.23614941642144294,-1.4417302509954593,0.489853135099589,-0.5816531330112982,0.5381608085822546,-0.5840645763419783,-0.6604657558728899,0.6806198553078503,0.14293702046578452,0.509786886476634,-0.5853973495886436,-0.9804419071129249,-1.0872003216084343,0.052823612439135297,0.07567483660939772,-0.8050024009192464,-0.1687109489284423,0.35580256789126824,-0.586061400777542,-0.8320763818254745,-0.2856016798181427,-0.6847870065946257,0.06996765563664138,0.03949702339938376,-0.7535072136022469,0.5286694618152921,-0.059254132909608945,-1.0616232099920377,0.5138956236926271,-0.6163643615259323,0.8531587701979981,3.3492279414753623e-4,-0.4190057754056643,-0.27428549386414997,0.7379074639066308,-0.15344675603762117,0.43119284147186276,-0.3012865071081534
0.14368565739942019,-0.1289258791677403,-0.4978600101867351,0.11958700574993925,0.06541237219501808,-0.05219949344489706,0.38669180348435334,-0.24065524963652501,0.15650386017405638,0.4774002959733534,-0.02623784657840453,-0.5436154805504371,0.017708490450244505,-0.2848223970707384,0.47032248783630193,0.6381410680951838,0.062246275396813516,0.16853614896158556,0.16333531193223702,0.27300170986779854,-0.11622108584496997,0.4924124187054164,0.02151043612528253,-0.16132841254115207,0.6082751402280726,-0.0819244160261211,-0.27459659456818775,-0.19691561681926967,-0.2252681352784716,0.5576596421789248,0.2716848170973787,-0.23172744138267357,-0.19578748803192733,-0.2453845738531855,-0.1981265801090921,3.3492279414753623e-4,0.17899420747142852,-0.5403225568673904,-0.06686530566755887,0.24226081369251679,-0.23650338135925036,-0.5178302767921638,0.08202272167386253
-1.1086182575257306,0.4625286422067485,1.2856505390422568,-0.4491680098025478,-0.4789250714310478,0.25133805328500186,-0.8175874535557242,0.522588156735583,-0.5150828465376334,-1.3553492945965795,0.1755461921673598,1.9141712170827938,-0.43239156033047554,0.858242692922915,-1.2312949554942112,-1.8703808240381945,0.20140135822347732,-0.5885259557654383,-0.6270639528291212,-0.959570991944201,0.2224767750162272,-1.3021294134526136,-0.45402764561620435,1.0654307644316134,-1.556902950305074,0.1529302207031097,1.5139017917745874,0.3513019585358098,0.8498729682692858,-1.0608988620853128,-1.0353138036967937,0.46235212189788105,1.2121345600445856,0.3786415434665681,0.3779837484595322,-0.4190057754056643,-0.5403225568673904,2.020165883221796,-0.18659087800931398,-1.9087671470475323,0.7977864036138494,1.2001743008404127,-0.12377711310531374
0.3036527945268442,-0.21719557265966644,-0.3621452658777868,-0.26465194957613314,0.6682198651000409,0.12162350535732747,1.1451371208195409,-0.003689789298099112,1.0020702610197842,-1.3211550086638348,0.6901697940927097,0.6654533465076814,-0.0603804211876015,-0.13312481604803847,-1.6528872346085217,0.619495782058294,0.5211102396685943,1.85934704022005,0.28062786319009725,0.17245536900569314,1.8222420892812596,-0.4984061301411606,0.49054637130111456,-0.6227182765872742,0.20264429343613546,0.732289090251341,-0.6572667819596245,0.753939536410979,-0.41412392981405544,-0.8152186949449662,-0.4156996312999659,0.8507302462419768,0.045308999346049726,0.27481917978511305,1.834249846817337,-0.27428549386414997,-0.06686530566755887,-0.18659087800931398,1.633551753150985,2.002982039385223,0.14902792794586975,0.5691863788017553,0.009041800485055465
1.9334936680743344,-0.5496337468542871,-0.7253803080806415,0.20010799201678314,1.24758407132834,-0.18608537176692294,0.8980134062656382,-0.10979162664241739,1.189814442605375,-0.45228299568340713,0.3194638472242878,-1.0956960159179434,0.8277621111381214,-0.5690131155637694,-0.8915940005691073,1.3404190151812438,-0.35956187911255016,2.038764244712028,0.7346465183398684,0.8613182676019902,1.4796960014732659,0.06431313193017364,1.310843992898255,-2.038150227578585,0.717432946031997,0.7183719893972703,-2.5437436021331497,0.7248273029999719,-1.0976957336268227,-1.0090338682097375,0.6430002745002488,0.8353329568025203,-1.6382905684607565,0.5943814387168586,1.5197951685309612,0.7379074639066308,0.24226081369251679,-1.9087671470475323,2.002982039385223,4.62611832161397,-0.4843694648908758,0.3437871201800046,-0.01924734471114384
-0.25827761797234866,0.19112115155594298,0.6788163668256966,-0.21344981349404063,-0.08359605970603622,0.07279791028378822,-0.4771553675718582,0.4188971183015613,-0.18418222068272397,-0.6854114540561108,0.07757657518313157,0.952396191923275,-0.11126577438327412,0.35594555651467114,-0.7627792819573131,-0.728637927992283,0.05765527938162571,-0.24183416836487315,-0.17350137715900296,-0.35716399306035707,0.3090209973642102,-0.7017521055490922,-0.10254606318433047,0.28853106463369077,-0.8863189187637895,0.08278239944759394,0.5214025646593677,0.35546179714858683,0.3538855597086189,-0.7317926855650403,-0.475714053834579,0.28957830229816295,0.3675490287390131,0.26581928587064774,0.4324436967912162,-0.15344675603762117,-0.23650338135925036,0.7977864036138494,0.14902792794586975,-0.4843694648908758,0.37877259292335164,0.6904143388454852,-0.19340387109273147
0.5152379938543468,0.3729783774686926,2.0747743303087884,-0.2682110684474175,0.11455185006662551,-0.03851299130653533,-2.082024899599639,1.3936031640852746,-0.6515721887657852,-1.3284640634991718,-0.20073611647952644,1.5752098325137562,0.41412690239929506,0.8467960730257907,-1.6266324705292914,-1.8857301186929876,-0.6793264495655104,-1.0023778804474015,-0.2124076549487253,-0.6131073186186177,0.4410878977006913,-1.8032152655329043,0.28499433818617514,-0.16756695329985746,-2.6483747046275177,0.10896619355701728,0.21972464234415276,1.0639159018217252,0.6441224369818361,-2.557523493347935,-0.6186710067138992,0.815957584962751,-0.26329571051898654,1.1602176241768702,0.8970221235511044,0.43119284147186276,-0.5178302767921638,1.2001743008404127,0.5691863788017553,0.3437871201800046,0.6904143388454852,2.065130385092273,-0.7195835732637836
-0.6697887796025969,-0.16776695022064989,-1.1176546307783963,-0.010767860988973636,-0.05833285092552292,0.19488407773282487,1.5774211166872085,-1.0631405249567256,0.6069090651006646,-0.13079539956103675,0.4433210242133072,-0.47769282379187333,-0.34850257462291856,-0.2021134613818555,0.21913812102075975,0.40046690975975296,0.5077511426215282,1.291520930001885,-0.16215406761630083,0.015498890363777438,0.17861163414070869,0.5957912912792391,-0.06034457362674128,0.23595801793983312,1.5087994825316744,0.3902756667528583,-0.03964092519029185,-0.5332247344836357,-0.3346767052808145,1.0477726329899155,0.03963135516301114,0.02865239833220438,0.5942951507964841,-0.43847525041412083,-0.12447819335656733,-0.3012865071081534,0.08202272167386253,-0.12377711310531374,0.009041800485055465,-0.01924734471114384,-0.19340387109273147,-0.7195835732637836,0.7067686992557802
