V1,V2,V3,V4,V5,V6,V7,V8,V9,V10,V11,V12,V13,V14,V15,V16,V17,V18,V19,V20,V21,V22,V23,V24,V25,V26,V27,V28,V29,V30,V31,V32,V33,V34,V35,V36,V37,V38,V39,V40,V41,V42,V43
4.819658849419307,-12.464368745631802,-7.898956214202701,-6.285953643203919,10.658503267815348,10.282968155486788,-14.071137720251572,-0.47629802255183673,-13.968369930296326,6.556804714225102,-18.58210209321408,-8.916801742927984,11.10768577442484,-4.997128615859734,-3.6024745417960204,20.913793289585254,4.388077777848054,13.877214907490922,-2.584538831991351,10.741708755481433,-2.387646470886856,3.155766299024289,7.5612942959336475,2.7508542681976462,15.072250461021982,-13.764406327532793,17.13826678712611,3.1088655518971278,12.000483481410546,-5.050680261091143,-7.393790394971766,-7.110177215601248,-0.5095265475920151,10.202842082900148,10.353496263258831,-4.686153923727499,-2.5801984438811063,25.961370523237758,3.861352682508565,-10.26307337550491,-9.360196588983163,-7.269855479621938,6.571369897964069
-12.464368745631802,34.08419803542767,21.73670825320782,17.205807592297685,-28.91549416794947,-27.326423085797565,38.48053995243674,1.328494591876077,37.89043204932054,-17.282334749883894,50.343777621917745,23.982143181981012,-30.143927896111787,13.333869401992088,9.507086590795003,-56.74202297417439,-12.600497124060793,-37.98605780573421,5.915091728431957,-29.541460078253596,6.765761743174442,-8.652155287608647,-20.40579486772097,-7.297137685748324,-41.57303899226667,37.24343895673545,-46.94310468897024,-8.079394490083361,-33.032943836393095,14.198628394088164,20.311544008098608,19.333484566634333,1.7696977140125014,-27.305454449805797,-28.655217253191438,12.40566625425825,7.050752415533937,-71.34036784686596,-10.521931374417557,27.858157687807047,24.787449817284774,20.047552686468194,-18.052589729373295
-7.898956214202701,21.73670825320782,13.923904246986053,10.932153084418877,-18.164123170601076,-17.094905739749958,24.39995180175152,0.8185276761180518,23.854619292851417,-10.853366124320694,31.798523130022467,15.150496361308514,-18.757772730338473,8.272862423143511,5.875457503587517,-35.74073232946343,-7.87467977545475,-24.024011442948336,3.5545725926705587,-18.64430998425134,4.412910535614738,-5.391079512120132,-12.832584573552312,-4.61535845342612,-26.429742033297632,23.518807993354983,-29.783218193564988,-5.004657904629805,-20.938239805584704,9.154936808321118,12.892154030892746,12.26284579261456,1.2898821460341303,-17.021742252832496,-18.176215632160147,7.764789713298018,4.384640881806759,-45.125268549369245,-6.826989244955994,17.593888450408265,15.523629707844519,12.813794724093613,-11.409617207201487
-6.285953643203919,17.205807592297685,10.932153084418877,8.800509831422474,-15.073823966974391,-14.369387648132626,19.76632880078547,0.7073843666647274,19.816253991648768,-8.942325972738033,26.0073680435905,12.307062718637313,-16.132676625119572,7.195017497527937,5.131556340521888,-29.489672049889226,-6.692745425085451,-19.597764830921022,3.2924062564021286,-15.452392036119164,3.2821242371446746,-4.638731454037518,-10.64690540052544,-3.7716654989207696,-21.3013590141643,19.280588167206623,-24.084685924501073,-4.418702505210963,-17.024214122571802,7.113666480445024,10.421365733627276,9.930832432853068,0.7133175830318664,-14.538121543574698,-14.74661169430947,6.511392732126393,3.818998901078616,-36.73632482773288,-5.161892059435713,14.398320801269094,12.973810909614071,10.104402418122572,-9.333253903663216
10.658503267815348,-28.91549416794947,-18.164123170601076,-15.073823966974391,26.83405649524141,25.94751372367917,-34.17780749167206,-1.320885657983116,-35.266589234704696,15.779260763689278,-45.52260030960165,-21.394060448141992,29.77096957300905,-13.48474276112895,-9.658147689553745,52.09678554263158,12.164098169865092,34.16683846211018,-6.566708413515961,27.427277180455917,-5.051773739028769,8.563658242454137,18.925252874821844,6.584217915765361,36.55780486177077,-33.815532489672044,41.50819582033223,8.421314093881925,29.567880434757562,-11.658979347011805,-17.981564737174047,-17.160068715092454,-0.569387583730452,26.710405455798675,25.494953940018917,-11.748832620999679,-7.195251524801731,63.873590107685345,8.184102192146167,-25.211158483672364,-23.27999516242399,-16.91073394462945,16.29364747031264
10.282968155486788,-27.326423085797565,-17.094905739749958,-14.369387648132626,25.94751372367917,25.40327113153487,-32.693047010193595,-1.2752535290670264,-34.209077094812386,15.338235780676944,-43.83892633774335,-20.561192789208995,29.200509845213833,-13.374213715225249,-9.601449644229392,50.30335919792947,11.644974679218624,32.74733027845591,-6.900852854162509,26.49950582529854,-4.5616063205754775,8.38437533116185,18.352464996821638,6.3980369291028225,34.80742392432686,-32.626435898540706,39.63930282105513,8.497151405089495,28.28277090400372,-10.867969464729564,-17.16308801743104,-16.45319442955548,-0.2611411326096349,26.272372199577628,24.30019389306226,-11.511298398501175,-7.108873374429625,61.03124613535425,7.613437444826808,-24.266320722579533,-22.756568870937148,-15.922700418386949,15.608677261857437
-14.071137720251572,38.48053995243674,24.39995180175152,19.76632880078547,-34.17780749167206,-32.693047010193595,44.53033438226224,1.6201459395948712,44.95472976876871,-20.204240236343548,58.75857917279458,27.748900776818285,-36.87608983172679,16.547750708749682,11.799739344720342,-66.7388441471181,-15.221770056861315,-44.22462193380806,7.664592496256343,-35.060718611012355,7.203696558120011,-10.610887317217674,-24.13097839769651,-8.515051078636143,-47.899435072561204,43.57748561037125,-54.18820491566847,-10.230208529538151,-38.40838231709335,15.854887625240238,23.475038829000674,22.369515048276323,1.4567037421752147,-33.23998739059294,-33.2022476112057,14.823849993213946,8.822136394921511,-82.81295282867494,-11.432043901043881,32.52807550193429,29.4639748285211,22.59599701113054,-21.05075501174623
-0.47629802255183673,1.328494591876077,0.8185276761180518,0.7073843666647274,-1.320885657983116,-1.2752535290670264,1.6201459395948712,0.07205175358616407,1.7163245747189035,-0.7562079432623016,2.1802524904347487,1.0167130282721568,-1.5221134759189343,0.6869631351492647,0.4952353230013401,-2.531734973483139,-0.6416725300655269,-1.6426470092555143,0.32847762559483806,-1.3365623891598295,0.20754865246486093,-0.4391236249869723,-0.9216667588706354,-0.3061511667768284,-1.7241756391118426,1.6187492162895878,-1.9645686902326323,-0.42107935943259767,-1.4133933909165526,0.5171203974723879,0.8520152799617359,0.807232209695795,-0.014198646762095386,-1.340164320878939,-1.220689937797061,0.5741761948805755,0.37040031466770074,-3.081059319781784,-0.33328118955957486,1.2104049705603848,1.1350348164552309,0.7742449141863419,-0.788446898619105
-13.968369930296326,37.89043204932054,23.854619292851417,19.816253991648768,-35.266589234704696,-34.209077094812386,44.95472976876871,1.7163245747189035,46.54403019859851,-20.718899273914094,59.89142405356858,28.073116507399583,-39.295252117046246,17.870925029585248,12.767721043364407,-68.54419564505116,-15.942968475060422,-44.91496332388114,8.74553511419286,-36.236873074869585,6.607192731736016,-11.315638490684327,-24.929292996624422,-8.702297582159703,-48.09691901852491,44.53712151386195,-54.57421566520049,-11.259434594590983,-38.917986878758164,15.356268407564173,23.650015445063673,22.59597263405535,0.791336908160919,-35.29615824653271,-33.5215828698872,15.493819272674264,9.554469584514681,-83.83724756192532,-10.781108628652126,33.163546147365984,30.661882834808747,22.17565220177822,-21.413427969590675
6.556804714225102,-17.282334749883894,-10.853366124320694,-8.942325972738033,15.779260763689278,15.338235780676944,-20.204240236343548,-0.7562079432623016,-20.718899273914094,9.461512071898223,-26.930006329306213,-12.745116868213648,17.289827983690554,-7.836644091865288,-5.642588878398034,30.71007169717292,6.919511102360751,20.136549561084713,-4.027781027351772,16.001159286842732,-3.049263919099235,4.944677388083254,11.161387921284122,3.9405684273473827,21.56892299633437,-20.00255944712691,24.556617446331764,4.91282089890498,17.384733847559666,-6.903882133356725,-10.608603697608562,-10.175852908730128,-0.3440656592683912,15.624291955815323,14.984131017492897,-6.956020132244503,-4.114994342336973,37.62253349226541,4.987333988163614,-14.899653275603141,-13.8224885007538,-10.066878536098011,9.587190842838055
-18.58210209321408,50.343777621917745,31.798523130022467,26.0073680435905,-45.52260030960165,-43.83892633774335,58.75857917279458,2.1802524904347487,59.89142405356858,-26.930006329306213,77.89437104138472,36.73589607084859,-49.65671470848594,22.429392340149683,16.030502508090212,-88.70045806167037,-20.27371289611184,-58.48755031238176,10.76485443563455,-46.605101901408645,9.147787908145515,-14.27543590346575,-32.15180242189319,-11.310961355369866,-63.006543450283786,57.81655736435314,-71.4201412393979,-13.981408865053895,-50.71105109308627,20.532942959147494,30.940110592452193,29.53325228012316,1.5253345245025087,-44.770034682847296,-43.74966901358573,19.881295683075933,11.946176593915496,-109.37477294727175,-14.719746698143572,43.11623118626036,39.44951321900366,29.498314057562006,-27.840036514918975
-8.916801742927984,23.982143181981012,15.150496361308514,12.307062718637313,-21.394060448141992,-20.561192789208995,27.748900776818285,1.0167130282721568,28.073116507399583,-12.745116868213648,36.73589607084859,17.402451433545327,-23.06822635930312,10.389764806113229,7.441591517337523,-41.72507313869378,-9.408291084112449,-27.573232257357493,5.014211189926719,-21.798951827956408,4.421106875193142,-6.616559562807708,-15.104321720272651,-5.339715274525513,-29.7556920812881,27.23931605549555,-33.746843346108996,-6.442849094049227,-23.890443462098535,9.763788422801523,14.610039450564773,13.952253472705234,0.7902212450134626,-20.860560159315703,-20.620804194207462,9.333458551143876,5.504616870679566,-51.60782953494331,-7.091587583672025,20.327122404301075,18.55128569347151,14.04223138806256,-13.11129385908884
11.10768577442484,-30.143927896111787,-18.757772730338473,-16.132676625119572,29.77096957300905,29.200509845213833,-36.87608983172679,-1.5221134759189343,-39.295252117046246,17.289827983690554,-49.65671470848594,-23.06822635930312,34.45383887127058,-15.771798197119006,-11.31117308286997,57.46597983639965,13.937417641064263,37.183666083974536,-8.002873109387753,30.548792386493783,-4.753936392911362,9.932775705832613,21.016566913907617,7.18134878911451,39.240627161985266,-37.02121015519016,44.69130031731119,10.012403279807256,32.09226665630206,-11.908153601132296,-19.354377288486816,-18.50892223707666,0.12593215926341175,30.64527876144048,27.607624100158038,-13.176975667781042,-8.448508656843634,69.30072994814303,7.93726338366477,-27.52703415848945,-26.002482549124768,-17.557482851097827,17.806641018680185
-4.997128615859734,13.333869401992088,8.272862423143511,7.195017497527937,-13.48474276112895,-13.374213715225249,16.547750708749682,0.6869631351492647,17.870925029585248,-7.836644091865288,22.429392340149683,10.389764806113229,-15.771798197119006,7.3341804214734125,5.255077747488798,-25.983304277661272,-6.223393988813566,-16.70744202320903,3.870696105304836,-13.872789375828617,1.9979029234714767,-4.546570568085608,-9.540061716546278,-3.2678948968661,-17.51996165821974,16.744657566862724,-19.987675342778743,-4.7488756614582455,-14.419007704012074,5.227759831682733,8.677506458435223,8.323294058523272,-0.1398409104975389,-14.117310512740978,-12.324437246257103,6.054184643708521,3.9470331886206957,-31.011726858759822,-3.48484208389427,12.422144101880106,11.88395763386323,7.758759664790048,-7.976247179774508
-3.6024745417960204,9.507086590795003,5.875457503587517,5.131556340521888,-9.658147689553745,-9.601449644229392,11.799739344720342,0.4952353230013401,12.767721043364407,-5.642588878398034,16.030502508090212,7.441591517337523,-11.31117308286997,5.255077747488798,3.779526819807987,-18.590391639989516,-4.447162795805978,-11.927236937834898,2.831552342446268,-9.877944869105663,1.3992535806115012,-3.253338841843835,-6.830239769740483,-2.337564368975267,-12.468917825798691,11.967033194607183,-14.25649223036,-3.3964477441828724,-10.268459897966862,3.6807054653776667,6.179899429880922,5.936601725273538,-0.1579467442703667,-10.120291310436992,-8.779971416735117,4.3441799526586005,2.8109847943312043,-22.147132889790665,-2.4527598340379004,8.878184874758263,8.538377629894928,5.514630268832517,-5.697922066598646
20.913793289585254,-56.74202297417439,-35.74073232946343,-29.489672049889226,52.09678554263158,50.30335919792947,-66.7388441471181,-2.531734973483139,-68.54419564505116,30.71007169717292,-88.70045806167037,-41.72507313869378,57.46597983639965,-25.983304277661272,-18.590391639989516,101.3276999331037,23.476681512776587,66.59723460117664,-12.577179490569401,53.326816815353816,-10.085324587681182,16.52834695128521,36.7809389622784,12.859469088920896,71.48440805780959,-65.88519020206925,81.10074561197527,16.21974856526472,57.68267729136333,-23.005476758164583,-35.120822819639216,-33.52779728883825,-1.3629466180876946,51.62624118242837,49.768674501313114,-22.781783793835334,-13.844339626578034,124.51166290187062,16.276117954106706,-49.11682955433222,-45.181995791244695,-33.207919150457,31.74909627579482
4.388077777848054,-12.600497124060793,-7.87467977545475,-6.692745425085451,12.164098169865092,11.644974679218624,-15.221770056861315,-0.6416725300655269,-15.942968475060422,6.919511102360751,-20.27371289611184,-9.408291084112449,13.937417641064263,-6.223393988813566,-4.447162795805978,23.476681512776587,5.969036110613401,15.35743600649035,-2.7749441646662962,12.508733682676825,-2.1188491667605263,4.039505872834036,8.5235336448932415,2.8582163669253577,16.346232432068945,-15.071988392467366,18.51600593579211,3.801117645737934,13.289803381979311,-5.082690412592964,-8.020149177971398,-7.588895815657134,-0.08510275583176263,12.21620566983001,11.536623616811854,-5.227308281940509,-3.365978323211787,28.821609051799257,3.2992542702868763,-11.262928478908824,-10.36480547643012,-7.385776949298754,7.389944510330836
13.877214907490922,-37.98605780573421,-24.024011442948336,-19.597764830921022,34.16683846211018,32.74733027845591,-44.22462193380806,-1.6426470092555143,-44.91496332388114,20.136549561084713,-58.48755031238176,-27.573232257357493,37.183666083974536,-16.70744202320903,-11.927236937834898,66.59723460117664,15.35743600649035,44.014466404632124,-7.798741035031817,35.019994007980394,-6.985858557368369,10.702535464187113,24.105505661366085,8.458452999478132,47.5156390553903,-43.39330108117902,53.79665304172442,10.337334103140957,38.18984912236641,-15.567476765737979,-23.304292372938637,-22.20363868712354,-1.2452758929516503,33.42986529547407,33.00725465741542,-14.835774293243531,-8.91479171658182,82.41021595640763,11.113205279326326,-32.38708647605832,-29.46866233775364,-22.28562591425028,20.9712226344353
-2.584538831991351,5.915091728431957,3.5545725926705587,3.2924062564021286,-6.566708413515961,-6.900852854162509,7.664592496256343,0.32847762559483806,8.74553511419286,-4.027781027351772,10.76485443563455,5.014211189926719,-8.002873109387753,3.870696105304836,2.831552342446268,-12.577179490569401,-2.7749441646662962,-7.798741035031817,2.6126111599344006,-6.578570625732909,0.6317808894096425,-2.2665287255030893,-4.706508725323038,-1.6491706182116879,-7.883171176126782,8.09334055886223,-9.19653936029377,-2.647166967890935,-6.615378662061729,2.057574141959463,3.960510371041108,3.910989162936523,-0.4405640728203341,-7.297802433600832,-5.558189671983789,3.1382839647519285,2.000792606014082,-14.280679782664144,-1.4129468735381652,5.940979568598473,6.139068450851239,3.337258781549535,-3.7085470599868384
10.741708755481433,-29.541460078253596,-18.64430998425134,-15.452392036119164,27.427277180455917,26.49950582529854,-35.060718611012355,-1.3365623891598295,-36.236873074869585,16.001159286842732,-46.605101901408645,-21.798951827956408,30.548792386493783,-13.872789375828617,-9.877944869105663,53.326816815353816,12.508733682676825,35.019994007980394,-6.578570625732909,28.311883654817922,-5.2106007929464,8.819025222453662,19.374762157314752,6.746646849210535,37.58626163269384,-34.65060278239807,42.563886248514784,8.720927375113236,30.401852090016522,-12.083639533101778,-18.467941009045248,-17.605196145698223,-0.7395077481054996,27.395338569504773,26.199220080374086,-11.999153618286098,-7.465290378660181,65.39168155653817,8.437781953649182,-25.813583755669097,-23.728162604472022,-17.335387609873944,16.698402507130588
-2.387646470886856,6.765761743174442,4.412910535614738,3.2821242371446746,-5.051773739028769,-4.5616063205754775,7.203696558120011,0.20754865246486093,6.607192731736016,-3.049263919099235,9.147787908145515,4.421106875193142,-4.753936392911362,1.9979029234714767,1.3992535806115012,-10.085324587681182,-2.1188491667605263,-6.985858557368369,0.6317808894096425,-5.2106007929464,1.5647654723711,-1.3679716436782465,-3.5643058338874325,-1.3201458041112,-7.921803600106288,6.726719893665353,-8.846289617225237,-1.1277099319496973,-6.13803077415919,2.9734083217874265,3.8276321062191827,3.6154507302966556,0.6631792368148199,-4.353247444729449,-5.379298395572735,2.076380724197619,1.0544762757653119,-13.217558215716322,-2.309798107330674,5.059881432519361,4.202472341448415,4.024260434286685,-3.3081264211597756
3.155766299024289,-8.652155287608647,-5.391079512120132,-4.638731454037518,8.563658242454137,8.38437533116185,-10.610887317217674,-0.4391236249869723,-11.315638490684327,4.944677388083254,-14.27543590346575,-6.616559562807708,9.932775705832613,-4.546570568085608,-3.253338841843835,16.52834695128521,4.039505872834036,10.702535464187113,-2.2665287255030893,8.819025222453662,-1.3679716436782465,2.8688598867298625,6.043008269081847,2.0591173634126227,11.303603090857619,-10.643903784024788,12.857280298430835,2.8856898611189923,9.24877336674745,-3.4384491316734773,-5.573496071937923,-5.3219919639724536,0.021365354701787513,8.822117673459168,7.956979136482729,-3.782454292353883,-2.447242341323527,19.947019785699077,2.275451776578175,-7.915369276278066,-7.457229292138546,-5.048649943425023,5.126547484527645
7.5612942959336475,-20.40579486772097,-12.832584573552312,-10.64690540052544,18.925252874821844,18.352464996821638,-24.13097839769651,-0.9216667588706354,-24.929292996624422,11.161387921284122,-32.15180242189319,-15.104321720272651,21.016566913907617,-9.540061716546278,-6.830239769740483,36.7809389622784,8.5235336448932415,24.105505661366085,-4.706508725323038,19.374762157314752,-3.5643058338874325,6.043008269081847,13.372496845957446,4.672368422626048,25.80649901518926,-23.899458424697865,29.306088495279287,5.9913693945171564,20.865020512024678,-8.235200679739378,-12.689803904575834,-12.130060177099923,-0.40807611099609126,18.885168661668523,17.981651986687254,-8.311835828518264,-5.080232861504533,45.02111690604291,5.80628330758384,-17.80222505762208,-16.4683406876947,-11.928619363595027,11.492880572783314
2.7508542681976462,-7.297137685748324,-4.61535845342612,-3.7716654989207696,6.584217915765361,6.3980369291028225,-8.515051078636143,-0.3061511667768284,-8.702297582159703,3.9405684273473827,-11.310961355369866,-5.339715274525513,7.18134878911451,-3.2678948968661,-2.337564368975267,12.859469088920896,2.8582163669253577,8.458452999478132,-1.6491706182116879,6.746646849210535,-1.3201458041112,2.0591173634126227,4.672368422626048,1.664606785328542,9.11383665734347,-8.40751432040083,10.346096805458089,2.069356106151445,7.3308259616178315,-2.968646152368845,-4.476426808822728,-4.294692177239803,-0.2181274713111839,6.51582742544284,6.310687155620244,-2.9059069341234838,-1.7269031265205756,15.77613765349276,2.1635626789026245,-6.255386254348722,-5.764614503056563,-4.266201023118693,4.020223857049573
15.072250461021982,-41.57303899226667,-26.429742033297632,-21.3013590141643,36.55780486177077,34.80742392432686,-47.899435072561204,-1.7241756391118426,-48.09691901852491,21.56892299633437,-63.006543450283786,-29.7556920812881,39.240627161985266,-17.51996165821974,-12.468917825798691,71.48440805780959,16.346232432068945,47.5156390553903,-7.883171176126782,37.58626163269384,-7.921803600106288,11.303603090857619,25.80649901518926,9.11383665734347,51.6449448082779,-46.711827733949235,58.33940306606834,10.76687805975705,41.31637721563296,-17.252184604610893,-25.27068571110675,-24.049125266316416,-1.7595858312801962,35.32238689372534,35.77577045832583,-15.772506701368762,-9.351541310832204,89.0580391595346,12.446510960188965,-34.88764242272985,-31.387131094642623,-24.448929474511978,22.628948112647063
-13.764406327532793,37.24343895673545,23.518807993354983,19.280588167206623,-33.815532489672044,-32.626435898540706,43.57748561037125,1.6187492162895878,44.53712151386195,-20.00255944712691,57.81655736435314,27.23931605549555,-37.02121015519016,16.744657566862724,11.967033194607183,-65.88519020206925,-15.071988392467366,-43.39330108117902,8.09334055886223,-34.65060278239807,6.726719893665353,-10.643903784024788,-23.899458424697865,-8.40751432040083,-46.711827733949235,42.93506151842275,-52.96193182072702,-10.468915408693132,-37.61961366810393,15.176431632886871,22.939147899399188,21.91016447108751,1.0739171218195964,-33.36640503665952,-32.44757839244024,14.79255922492112,8.915280985271693,-81.1076919276525,-10.857044375916729,32.00330283336884,29.343961022182935,21.813810800258242,-20.661406271172815
17.13826678712611,-46.94310468897024,-29.783218193564988,-24.084685924501073,41.50819582033223,39.63930282105513,-54.18820491566847,-1.9645686902326323,-54.57421566520049,24.556617446331764,-71.4201412393979,-33.746843346108996,44.69130031731119,-19.987675342778743,-14.25649223036,81.10074561197527,18.51600593579211,53.79665304172442,-9.19653936029377,42.563886248514784,-8.846289617225237,12.857280298430835,29.306088495279287,10.346096805458089,58.33940306606834,-52.96193182072702,65.98565706173426,12.31006299296206,46.719296709702064,-19.360189598257076,-28.56647259318084,-27.217291905899152,-1.8162506605619697,40.24030113529277,40.43541368626034,-17.96142466233089,-10.63489001194579,100.7987791352358,13.966319703751532,-39.54307166618842,-35.74426631188636,-27.56322712301302,25.62333545802585
3.1088655518971278,-8.079394490083361,-5.004657904629805,-4.418702505210963,8.421314093881925,8.497151405089495,-10.230208529538151,-0.42107935943259767,-11.259434594590983,4.91282089890498,-13.981408865053895,-6.442849094049227,10.012403279807256,-4.7488756614582455,-3.3964477441828724,16.21974856526472,3.801117645737934,10.337334103140957,-2.647166967890935,8.720927375113236,-1.1277099319496973,2.8856898611189923,5.9913693945171564,2.069356106151445,10.76687805975705,-10.468915408693132,12.31006299296206,3.1631249288942564,8.924404730863253,-3.144880703796616,-5.354605889503212,-5.167769199748097,0.15139049223118925,9.033254228928401,7.567360272135982,-3.858807649048609,-2.561868001485811,19.065351599746457,2.1029370919726293,-7.733746431197107,-7.530001286972625,-4.691800149219702,4.919063104966113
12.000483481410546,-33.032943836393095,-20.938239805584704,-17.024214122571802,29.567880434757562,28.28277090400372,-38.40838231709335,-1.4133933909165526,-38.917986878758164,17.384733847559666,-50.71105109308627,-23.890443462098535,32.09226665630206,-14.419007704012074,-10.268459897966862,57.68267729136333,13.289803381979311,38.18984912236641,-6.615378662061729,30.401852090016522,-6.13803077415919,9.24877336674745,20.865020512024678,7.3308259616178315,41.31637721563296,-37.61961366810393,46.719296709702064,8.924404730863253,33.18252324112131,-13.627188432889989,-20.254387151525087,-19.28141349708358,-1.2099248179629039,28.870113820413923,28.676950763028884,-12.818393076428162,-7.721102507468508,71.49888336714184,9.741680965404814,-28.080015922936987,-25.44850128064002,-19.41202244611354,18.187013004675975
-5.050680261091143,14.198628394088164,9.154936808321118,7.113666480445024,-11.658979347011805,-10.867969464729564,15.854887625240238,0.5171203974723879,15.356268407564173,-6.903882133356725,20.532942959147494,9.763788422801523,-11.908153601132296,5.227759831682733,3.6807054653776667,-23.005476758164583,-5.082690412592964,-15.567476765737979,2.057574141959463,-12.083639533101778,2.9734083217874265,-3.4384491316734773,-8.235200679739378,-2.968646152368845,-17.252184604610893,15.176431632886871,-19.360189598257076,-3.144880703796616,-13.627188432889989,6.098277481400243,8.398389479110985,7.9601080907864326,1.0084586168764083,-10.807673396455995,-11.840526970959788,4.939314595575979,2.8050071210663834,-29.2593700107636,-4.549002203262928,11.362540297846367,9.86890364684647,8.413184241260856,-7.387405830633959
-7.393790394971766,20.311544008098608,12.892154030892746,10.421365733627276,-17.981564737174047,-17.16308801743104,23.475038829000674,0.8520152799617359,23.650015445063673,-10.608603697608562,30.940110592452193,14.610039450564773,-19.354377288486816,8.677506458435223,6.179899429880922,-35.120822819639216,-8.020149177971398,-23.304292372938637,3.960510371041108,-18.467941009045248,3.8276321062191827,-5.573496071937923,-12.689803904575834,-4.476426808822728,-25.27068571110675,22.939147899399188,-28.56647259318084,-5.354605889503212,-20.254387151525087,8.398389479110985,12.382405940313447,11.787785593448959,0.8150882006597452,-17.44609522713369,-17.511225002290804,7.78379044457231,4.63800229138933,-43.65072299629799,-6.056067579202023,17.12868690335574,15.468096411628967,11.939891319109787,-11.089858452632141
-7.110177215601248,19.333484566634333,12.26284579261456,9.930832432853068,-17.160068715092454,-16.45319442955548,22.369515048276323,0.807232209695795,22.59597263405535,-10.175852908730128,29.53325228012316,13.952253472705234,-18.50892223707666,8.323294058523272,5.936601725273538,-33.52779728883825,-7.588895815657134,-22.20363868712354,3.910989162936523,-17.605196145698223,3.6154507302966556,-5.3219919639724536,-12.130060177099923,-4.294692177239803,-24.049125266316416,21.91016447108751,-27.217291905899152,-5.167769199748097,-19.28141349708358,7.9601080907864326,11.787785593448959,11.247234319413177,0.7310689104516293,-16.714856819629592,-16.657127230408264,7.463960163214998,4.428591156377269,-41.549039973277274,-5.765546876470857,16.34520938683484,14.833515476288103,11.3464826018628,-10.563747894288767
-0.5095265475920151,1.7696977140125014,1.2898821460341303,0.7133175830318664,-0.569387583730452,-0.2611411326096349,1.4567037421752147,-0.014198646762095386,0.791336908160919,-0.3440656592683912,1.5253345245025087,0.7902212450134626,0.12593215926341175,-0.1398409104975389,-0.1579467442703667,-1.3629466180876946,-0.08510275583176263,-1.2452758929516503,-0.4405640728203341,-0.7395077481054996,0.6631792368148199,0.021365354701787513,-0.40807611099609126,-0.2181274713111839,-1.7595858312801962,1.0739171218195964,-1.8162506605619697,0.15139049223118925,-1.2099248179629039,1.0084586168764083,0.8150882006597452,0.7310689104516293,0.6004553269764747,-0.017730382528783863,-1.077685482184492,0.14283946709342707,-0.03873130352160989,-2.4099537246145237,-0.9112229787742456,0.8337970586368378,0.3111337192041615,1.1297543073510719,-0.5510844315400928
10.202842082900148,-27.305454449805797,-17.021742252832496,-14.538121543574698,26.710405455798675,26.272372199577628,-33.23998739059294,-1.340164320878939,-35.29615824653271,15.624291955815323,-44.770034682847296,-20.860560159315703,30.64527876144048,-14.117310512740978,-10.120291310436992,51.62624118242837,12.21620566983001,33.42986529547407,-7.297802433600832,27.395338569504773,-4.353247444729449,8.822117673459168,18.885168661668523,6.51582742544284,35.32238689372534,-33.36640503665952,40.24030113529277,9.033254228928401,28.870113820413923,-10.807673396455995,-17.44609522713369,-16.714856819629592,-0.017730382528783863,27.46132096076853,24.76130584928881,-11.892706346323683,-7.55879813139256,62.210967171528594,7.371574541473474,-24.793477705693743,-23.43529730824842,-15.908954894527163,15.955152399436507
10.353496263258831,-28.655217253191438,-18.176215632160147,-14.74661169430947,25.494953940018917,24.30019389306226,-33.2022476112057,-1.220689937797061,-33.5215828698872,14.984131017492897,-43.74966901358573,-20.620804194207462,27.607624100158038,-12.324437246257103,-8.779971416735117,49.768674501313114,11.536623616811854,33.00725465741542,-5.558189671983789,26.199220080374086,-5.379298395572735,7.956979136482729,17.981651986687254,6.310687155620244,35.77577045832583,-32.44757839244024,40.43541368626034,7.567360272135982,28.676950763028884,-11.840526970959788,-17.511225002290804,-16.657127230408264,-1.077685482184492,24.76130584928881,24.84126096526313,-10.996976140329394,-6.583801740152066,61.87592938535305,8.445861856514027,-24.234729580991324,-21.878254132110516,-16.840013067440808,15.74152862047293
-4.686153923727499,12.40566625425825,7.764789713298018,6.511392732126393,-11.748832620999679,-11.511298398501175,14.823849993213946,0.5741761948805755,15.493819272674264,-6.956020132244503,19.881295683075933,9.333458551143876,-13.176975667781042,6.054184643708521,4.3441799526586005,-22.781783793835334,-5.227308281940509,-14.835774293243531,3.1382839647519285,-11.999153618286098,2.076380724197619,-3.782454292353883,-8.311835828518264,-2.9059069341234838,-15.772506701368762,14.79255922492112,-17.96142466233089,-3.858807649048609,-12.818393076428162,4.939314595575979,7.78379044457231,7.463960163214998,0.14283946709342707,-11.892706346323683,-10.996976140329394,5.223832855180789,3.222261298851479,-27.632814886626576,-3.4851721926313384,11.000663539006856,10.316509500670891,7.23203001182801,-7.06032416283928
-2.5801984438811063,7.050752415533937,4.384640881806759,3.818998901078616,-7.195251524801731,-7.108873374429625,8.822136394921511,0.37040031466770074,9.554469584514681,-4.114994342336973,11.946176593915496,5.504616870679566,-8.448508656843634,3.9470331886206957,2.8109847943312043,-13.844339626578034,-3.365978323211787,-8.91479171658182,2.000792606014082,-7.465290378660181,1.0544762757653119,-2.447242341323527,-5.080232861504533,-1.7269031265205756,-9.351541310832204,8.915280985271693,-10.63489001194579,-2.561868001485811,-7.721102507468508,2.8050071210663834,4.63800229138933,4.428591156377269,-0.03873130352160989,-7.55879813139256,-6.583801740152066,3.222261298851479,2.158409275677689,-16.53646277960401,-1.8415079577235611,6.617342005262054,6.296040942183604,4.12583646141966,-4.249549303195769
25.961370523237758,-71.34036784686596,-45.125268549369245,-36.73632482773288,63.873590107685345,61.03124613535425,-82.81295282867494,-3.081059319781784,-83.83724756192532,37.62253349226541,-109.37477294727175,-51.60782953494331,69.30072994814303,-31.011726858759822,-22.147132889790665,124.51166290187062,28.821609051799257,82.41021595640763,-14.280679782664144,65.39168155653817,-13.217558215716322,19.947019785699077,45.02111690604291,15.77613765349276,89.0580391595346,-81.1076919276525,100.7987791352358,19.065351599746457,71.49888336714184,-29.2593700107636,-43.65072299629799,-41.549039973277274,-2.4099537246145237,62.210967171528594,61.87592938535305,-27.632814886626576,-16.53646277960401,154.45932686634515,20.871951476835637,-60.57826515666624,-54.950284487989755,-41.86365098433995,39.287262681599344
3.861352682508565,-10.521931374417557,-6.826989244955994,-5.161892059435713,8.184102192146167,7.613437444826808,-11.432043901043881,-0.33328118955957486,-10.781108628652126,4.987333988163614,-14.719746698143572,-7.091587583672025,7.93726338366477,-3.48484208389427,-2.4527598340379004,16.276117954106706,3.2992542702868763,11.113205279326326,-1.4129468735381652,8.437781953649182,-2.309798107330674,2.275451776578175,5.80628330758384,2.1635626789026245,12.446510960188965,-10.857044375916729,13.966319703751532,2.1029370919726293,9.741680965404814,-4.549002203262928,-6.056067579202023,-5.765546876470857,-0.9112229787742456,7.371574541473474,8.445861856514027,-3.4851721926313384,-1.8415079577235611,20.871951476835637,3.56803811296216,-8.12684154851302,-6.982930035119496,-6.2340094692450325,5.236133704647203
-10.26307337550491,27.858157687807047,17.593888450408265,14.398320801269094,-25.211158483672364,-24.266320722579533,32.52807550193429,1.2104049705603848,33.163546147365984,-14.899653275603141,43.11623118626036,20.327122404301075,-27.52703415848945,12.422144101880106,8.878184874758263,-49.11682955433222,-11.262928478908824,-32.38708647605832,5.940979568598473,-25.813583755669097,5.059881432519361,-7.915369276278066,-17.80222505762208,-6.255386254348722,-34.88764242272985,32.00330283336884,-39.54307166618842,-7.733746431197107,-28.080015922936987,11.362540297846367,17.12868690335574,16.34520938683484,0.8337970586368378,-24.793477705693743,-24.234729580991324,11.000663539006856,6.617342005262054,-60.57826515666624,-8.12684154851302,23.86874326557899,21.832232976980134,16.323707534347594,-15.422430574748748
-9.360196588983163,24.787449817284774,15.523629707844519,12.973810909614071,-23.27999516242399,-22.756568870937148,29.4639748285211,1.1350348164552309,30.661882834808747,-13.8224885007538,39.44951321900366,18.55128569347151,-26.002482549124768,11.88395763386323,8.538377629894928,-45.181995791244695,-10.36480547643012,-29.46866233775364,6.139068450851239,-23.728162604472022,4.202472341448415,-7.457229292138546,-16.4683406876947,-5.764614503056563,-31.387131094642623,29.343961022182935,-35.74426631188636,-7.530001286972625,-25.44850128064002,9.86890364684647,15.468096411628967,14.833515476288103,0.3111337192041615,-23.43529730824842,-21.878254132110516,10.316509500670891,6.296040942183604,-54.950284487989755,-6.982930035119496,21.832232976980134,20.42027502692132,14.44130592742246,-14.038399563267877
-7.269855479621938,20.047552686468194,12.813794724093613,10.104402418122572,-16.91073394462945,-15.922700418386949,22.59599701113054,0.7742449141863419,22.17565220177822,-10.066878536098011,29.498314057562006,14.04223138806256,-17.557482851097827,7.758759664790048,5.514630268832517,-33.207919150457,-7.385776949298754,-22.28562591425028,3.337258781549535,-17.335387609873944,4.024260434286685,-5.048649943425023,-11.928619363595027,-4.266201023118693,-24.448929474511978,21.813810800258242,-27.56322712301302,-4.691800149219702,-19.41202244611354,8.413184241260856,11.939891319109787,11.3464826018628,1.1297543073510719,-15.908954894527163,-16.840013067440808,7.23203001182801,4.12583646141966,-41.86365098433995,-6.2340094692450325,16.323707534347594,14.44130592742246,11.816641496220324,-10.585172270658115
6.571369897964069,-18.052589729373295,-11.409617207201487,-9.333253903663216,16.29364747031264,15.608677261857437,-21.05075501174623,-0.788446898619105,-21.413427969590675,9.587190842838055,-27.840036514918975,-13.11129385908884,17.806641018680185,-7.976247179774508,-5.697922066598646,31.74909627579482,7.389944510330836,20.9712226344353,-3.7085470599868384,16.698402507130588,-3.3081264211597756,5.126547484527645,11.492880572783314,4.020223857049573,22.628948112647063,-20.661406271172815,25.62333545802585,4.919063104966113,18.187013004675975,-7.387405830633959,-11.089858452632141,-10.563747894288767,-0.5510844315400928,15.955152399436507,15.74152862047293,-7.06032416283928,-4.249549303195769,39.287262681599344,5.236133704647203,-15.422430574748748,-14.038399563267877,-10.585172270658115,10.008046925600222
