V1,V2,V3,V4,V5,V6,V7,V8,V9,V10,V11,V12,V13,V14,V15,V16,V17,V18,V19,V20,V21,V22,V23,V24,V25,V26,V27,V28,V29,V30,V31,V32,V33,V34,V35,V36,V37,V38,V39,V40,V41,V42,V43,V44,V45
7.0762514349953065,-0.9270926002614541,-0.5945194227571521,0.7210982139968978,3.834069543326128,-1.8946297515741561,-8.077294484976365,2.937916395293002,0.26896914735192445,-0.18139031042278952,-2.177798799378544,-0.10135401368854885,6.210171650126117,-1.1274832281772713,-0.03595506693521857,-1.5605242941945756,-1.2190853363300456,-2.0913189510674135,0.4159944664071475,-1.7122816453788317,2.3119353814027765,-0.6092317075562426,-3.742237477871289,-0.9637255190961577,-5.8656366274247995,1.3392291164113033,-3.9353541301968185,0.6505953435646991,-3.3390651702874323,-0.8449932093091532,0.8768776515657596,1.9336606576454958,-4.178410039686001,-1.8794867015473937,1.915610292848369,3.197488016724746,0.05906984659035415,-2.236605186948201,1.4803528722022523,4.217765538042385,-3.1423368021824682,2.330085850390699,-1.895871676414657,-0.4917285308672749,2.548174473660884
-0.9270926002614541,0.19956156684718898,0.3380406126086057,-0.05674429766809221,-0.5802236896899904,0.3025143625155405,1.2178205751462023,-0.34123679618879904,-0.11987382562098732,0.07331224612846321,0.31429867220117425,-0.1521615438413122,-0.9666875403481111,0.20287219419954725,-0.05165539965681732,0.27779135874004734,-0.021942151216983674,0.28445744508588056,0.009189368628476656,0.44581481310848076,-0.41509613805970624,0.025111358928189647,0.9621861190134464,-0.18222998634650034,0.8537979038104868,-0.28652897689071416,0.36693781096328976,0.0801253711260871,0.6067315490810549,-0.2902071170670464,-0.027057149317397892,-0.2912867322505383,0.3885559792566838,0.5991157194580671,-0.2351453738907045,-0.35255889082669034,0.011956461080337466,0.17184296648860808,-0.0666690628278702,-0.13678952012861434,0.5828501136283933,-0.22621340106691828,0.21954124094464583,0.09377119429376211,-0.6664336657210902
-0.5945194227571521,0.3380406126086057,2.0971906851166713,0.03644913643844729,-1.0435241614992585,0.5008956359259542,2.291996088958413,0.0222884045863216,-0.4625025765086693,0.37073140577141744,0.4698036223211539,-1.0585716636159836,-1.9192453345138047,0.6308543559670066,-0.683132837192995,1.0579508937297972,-1.3910575095495035,0.4103400400672258,0.7375600226939902,1.999115163398295,-1.123694619417641,-0.6239580021855154,4.229585799030152,-2.412347195068332,1.4358807126692268,-0.9659658764224304,-0.7304358576253323,1.1502409871799013,1.5752403284644274,-2.830424817199131,0.5944872470830904,-0.46666062098785693,-0.9530310297980816,3.026477743931832,-0.19166813293368795,0.05867911209883706,0.06691001065064232,-0.7193209789279126,0.7650080622478707,2.805086779449265,1.6601756198503164,0.3907214991673255,-0.10908346936778034,0.3257212864393453,-2.7185590764840732
0.7210982139968978,-0.05674429766809221,0.03644913643844729,0.0927768682438813,0.364808160462397,-0.17033401892580627,-0.7730993296555471,0.3170430008375585,-0.010268443664765604,0.0010995713567855923,-0.21236725826591887,-0.07858646460069027,0.5815235679712121,-0.09782619807206838,-0.018712614644586064,-0.1405764578097206,-0.1900713755546539,-0.21306942098390447,0.05902493867408579,-0.09466753653854247,0.19532803262595738,-0.07606140351701066,-0.21060539305807502,-0.21216272526453875,-0.5734076442304815,0.09427758896886718,-0.4596664075871505,0.13093046946818723,-0.2767286461483912,-0.24295945504691824,0.1226115804827922,0.18347004180373155,-0.484574630905205,-0.062026159155609266,0.2050472291493428,0.35623517174082275,0.016133261372325427,-0.2749031165252666,0.20148341974631317,0.5888268013155418,-0.2575230615715673,0.26800984882057766,-0.20286850743268461,-0.04057285033815119,0.1329359447354532
3.834069543326128,-0.5802236896899904,-1.0435241614992585,0.364808160462397,2.3366884327677653,-1.1431109170245393,-4.960659643878431,1.4993803667018837,0.29092398673565606,-0.22188448109389522,-1.2834532570531447,0.31111580502818903,3.866471969018678,-0.8052587732922916,0.23199754627745614,-1.1868007462307437,-0.13090050603086376,-1.2221286625363836,-0.05811288991353103,-1.5865574541889613,1.5826134903096194,-0.0816085581739516,-3.416582401377658,0.3588318269652437,-3.522688670799428,1.0253967483111457,-1.76330457827187,-0.06722874457956851,-2.264791716615454,0.5534105704993716,0.24032321397266448,1.1556774614982925,-1.8029487670397726,-2.0330473731772676,1.0555242093410317,1.6258418646944737,0.010917076209889296,-0.8948248560992857,0.4936134585370126,1.1772364065538317,-2.196497855339587,1.057422809280601,-0.9308826859238065,-0.3690357685108003,2.258851247330745
-1.8946297515741561,0.3025143625155405,0.5008956359259542,-0.17033401892580627,-1.1431109170245393,0.5676386570585877,2.421029014610287,-0.7397208973235891,-0.15265446394154833,0.1093091470843791,0.6296308737795523,-0.15917642265349147,-1.8894675251024127,0.38725548672082055,-0.09777325635049364,0.5620430125352764,0.07880049213069057,0.5944763797313257,0.008597892700236618,0.7649956434962973,-0.7728265625513023,0.05851511560464657,1.6500444668959948,-0.15742830200042837,1.7193153514467403,-0.5018315019247767,0.8726747830922218,0.03066559981523768,1.1107365114414627,-0.26721795056543124,-0.12247453828402419,-0.5680094648992288,0.9012636161745547,0.9801680033647884,-0.5133874898514756,-0.7944966553709271,-4.946830709327548e-4,0.4454040581655779,-0.24415751622533918,-0.5966919677445481,1.0733822578626482,-0.5246026994240124,0.46413470621764163,0.17742046506887768,-1.1040174799785982
-8.077294484976365,1.2178205751462023,2.291996088958413,-0.7730993296555471,-4.960659643878431,2.421029014610287,10.545076461012629,-3.149541687932425,-0.6209638007819003,0.48244800640588476,2.721448744324372,-0.6940797301844902,-8.220360525602771,1.725720289216084,-0.5333455222258228,2.5620488724341826,0.201408263124248,2.593502951191076,0.1699818464127453,3.434430017083553,-3.3811909921894943,0.13007034816312338,7.391460118847801,-0.8769669383881656,7.479989301500601,-2.198142143899839,3.6710800854674557,0.1929932419106428,4.828597441795005,-1.2879934960428394,-0.4760963265021177,-2.4493693883654792,3.7330070165809768,4.422316436802094,-2.233922886539828,-3.418532478969905,-0.023341776173939958,1.8460250583062754,-1.0048771293132521,-2.337750773455278,4.695625046970948,-2.202221102289126,1.946731471803474,0.7929816458121279,-4.869304052353765
2.937916395293002,-0.34123679618879904,0.0222884045863216,0.3170430008375585,1.4993803667018837,-0.7397208973235891,-3.149541687932425,1.2582127481238068,0.049015263533528496,-0.028087768018935828,-0.8684552479093863,-0.18698948209744276,2.3977945140636905,-0.398843135858957,-0.09916419961004855,-0.5345674368833951,-0.7017513562632126,-0.8412581679709573,0.26775034225914823,-0.47037428874298326,0.8373229927480202,-0.33505607728213876,-1.0437951324087587,-0.7257090793849742,-2.316924174196117,0.44413661016867334,-1.7753967252508287,0.4308609134825535,-1.2146554200057518,-0.7369799631896202,0.4525262141815075,0.7619839810080837,-1.9036268787302353,-0.4053964290801462,0.7956149297709428,1.374322816519761,0.035047087857152805,-1.0478547297313527,0.7336223779897009,2.1672001140805066,-1.121898152402115,1.045085009463651,-0.8213802511728325,-0.16831076435029924,0.7251191457409283
0.26896914735192445,-0.11987382562098732,-0.4625025765086693,-0.010268443664765604,0.29092398673565606,-0.15265446394154833,-0.6209638007819003,0.049015263533528496,0.12522219766814816,-0.0865068797586282,-0.13920690613257591,0.24598328088980143,0.517367444133121,-0.14759142219373572,0.12519486253093914,-0.22761796178965515,0.26700448052419173,-0.1167218386255628,-0.12718792075680788,-0.4536037664760893,0.28150385618362206,0.10134524836490717,-0.9637666716676911,0.4928642349668493,-0.4001419555547143,0.2366588573564359,0.08828364145676014,-0.24281226637118067,-0.40719448498973504,0.613834581897186,-0.11165514629770468,0.13714490746739422,0.11721896148638264,-0.6786840338246207,0.06576296822608246,0.03379809793991505,-0.021423247134318237,0.11525633572502426,-0.14510682814858453,-0.5288289285201805,-0.41441740283903683,-0.040655433523801576,-0.018006296956350448,-0.07527565486961016,0.6433287797191836
-0.18139031042278952,0.07331224612846321,0.37073140577141744,0.0010995713567855923,-0.22188448109389522,0.1093091470843791,0.48244800640588476,-0.028087768018935828,-0.0865068797586282,0.06706273549334636,0.10521348258708386,-0.18642933221039903,-0.39871049050810503,0.11996297660700349,-0.11520937472061224,0.19650599088540233,-0.22713510680255694,0.09243444099783031,0.11968104426891653,0.3649061827578995,-0.2196668580608531,-0.09843277424808643,0.7734465165220377,-0.40806267330416746,0.3102290513565721,-0.18309008868609936,-0.08515433290803062,0.1940685726352533,0.3105603722139211,-0.4863825187843677,0.09386626766868873,-0.10191831575041957,-0.11955435987286868,0.5454545740832764,-0.052653678518412586,-0.021946771759330946,0.012592931005536193,-0.1013435554229616,0.1182391137305018,0.44322291968673494,0.3224203921479908,0.04276066124507827,0.0025435826442752408,0.06135168783365888,-0.5015286033081917
-2.177798799378544,0.31429867220117425,0.4698036223211539,-0.21236725826591887,-1.2834532570531447,0.6296308737795523,2.721448744324372,-0.8684552479093863,-0.13920690613257591,0.10521348258708386,0.7130387064767403,-0.11458720977897784,-2.111528840770668,0.42394745221041363,-0.0909279169031113,0.6191610288071188,0.16325472008978023,0.6803133734134772,-0.014334669387268944,0.7910874738305207,-0.8429754943653169,0.08708560587955935,1.707715981042764,-0.056410061438889054,1.9442923758901576,-0.5319127830658611,1.0643530409627027,-0.03363257564141025,1.2083493669904655,-0.14261316333172286,-0.17622498012935536,-0.6376387599080615,1.0998884367877377,0.984188092463637,-0.5986507297453775,-0.9414249510621814,-0.009427490453410186,0.5618198153622036,-0.3331467417991242,-0.8547889072663684,1.164376745448094,-0.6353588520131072,0.5448598251755923,0.19261632539093906,-1.1328961710807322
-0.10135401368854885,-0.1521615438413122,-1.0585716636159836,-0.07858646460069027,0.31111580502818903,-0.15917642265349147,-0.6940797301844902,-0.18698948209744276,0.24598328088980143,-0.18642933221039903,-0.11458720977897784,0.5806191781369203,0.6205250809997033,-0.25213562487499747,0.3374768071963551,-0.4310338091253545,0.7899496590702811,-0.07944379018285824,-0.3843582610428388,-0.9343913026824604,0.4455726839648582,0.3401471146633308,-1.9710953754850293,1.3099850245232687,-0.38291910014696506,0.42880914375589163,0.6201478562948315,-0.6460917454735242,-0.6293133000859029,1.5496930979106431,-0.3629390932141607,0.12888150718341185,0.738233665494672,-1.4614768477457336,-0.023632104046090792,-0.2355120737927365,-0.047369739227137254,0.5108197247796605,-0.4956100634466744,-1.7217169028068804,-0.6784405559987428,-0.3428485152295052,0.16346247718140958,-0.1369647744932127,1.2778943236228837
6.210171650126117,-0.9666875403481111,-1.9192453345138047,0.5815235679712121,3.866471969018678,-1.8894675251024127,-8.220360525602771,2.3977945140636905,0.517367444133121,-0.39871049050810503,-2.111528840770668,0.6205250809997033,6.422674792982208,-1.366186273993871,0.45533428068369663,-2.030037015345237,-0.042498642255985326,-2.00729421225826,-0.18271745978455775,-2.7782346631299912,2.670192099189737,-0.05567365947976785,-5.975523769167674,0.8616780059685686,-5.815523990957882,1.7552664598613084,-2.738738667740269,-0.24342033520869744,-3.813193857739869,1.2179703956617494,0.3144088794555049,1.9070829815670713,-2.773961650065182,-3.6161928889345645,1.7143247856837036,2.5990204650261353,0.011064983563418448,-1.3493630300260622,0.7017344876172514,1.5550965102714318,-3.715613289970573,1.6475937185904754,-1.4773803738158549,-0.6296940937905333,3.9393115695153256
-1.1274832281772713,0.20287219419954725,0.6308543559670066,-0.09782619807206838,-0.8052587732922916,0.38725548672082055,1.725720289216084,-0.398843135858957,-0.14759142219373572,0.11996297660700349,0.42394745221041363,-0.25213562487499747,-1.366186273993871,0.3268484235302986,-0.18352495100528027,0.5059706224253917,-0.20091513154312687,0.4008756584915381,0.14751447531703543,0.7631222155163808,-0.6154949605252003,-0.08983549934458963,1.6308666692269513,-0.5010208525559579,1.1947514188219817,-0.43517297037028824,0.35476793367219817,0.20684699972992113,0.8711057657976149,-0.6124937709345479,0.034680763078781894,-0.38948093276179485,0.3242552305462853,1.0544183391270958,-0.3195495462327029,-0.43353914425794776,0.004147526940385151,0.12256761299869055,-0.008505456412622568,0.14794980570069824,0.8684692736500759,-0.2195831457824358,0.2300191722142774,0.1550219989412001,-1.0582576298041555
-0.03595506693521857,-0.05165539965681732,-0.683132837192995,-0.018712614644586064,0.23199754627745614,-0.09777325635049364,-0.5333455222258228,-0.09916419961004855,0.12519486253093914,-0.11520937472061224,-0.0909279169031113,0.3374768071963551,0.45533428068369663,-0.18352495100528027,0.2523394466514138,-0.33500854208026926,0.5141472854466009,-0.08188073721296853,-0.2848305534860751,-0.6238383355104702,0.30541504173130024,0.2507026513873791,-1.3135986663828494,0.8479322050232727,-0.31200194201010967,0.2771619857518633,0.3659255022870669,-0.3987988522074132,-0.41395862995446286,0.9544657671308093,-0.22678501656764127,0.09321234868608705,0.46400152714262727,-0.961718061357009,0.014936239552321755,-0.10875538743644737,-0.016767855924870567,0.31082939887113653,-0.2953254536330505,-1.0712394431844658,-0.4573349357510577,-0.20530244696271768,0.10332134626491625,-0.09751552097258283,0.8173556157212876
-1.5605242941945756,0.27779135874004734,1.0579508937297972,-0.1405764578097206,-1.1868007462307437,0.5620430125352764,2.5620488724341826,-0.5345674368833951,-0.22761796178965515,0.19650599088540233,0.6191610288071188,-0.4310338091253545,-2.030037015345237,0.5059706224253917,-0.33500854208026926,0.8115978626362206,-0.4189140320498924,0.58788469958340706,0.2926819949457607,1.2342893987070556,-0.9390368912000404,-0.20324272827431086,2.629434070301489,-0.9276096295425642,1.759052788529917,-0.6789813823525221,0.4017471959047264,0.389030272784627,1.3188129069172052,-1.0949687884306716,0.10713552803193375,-0.5658942977797475,0.3223560087643501,1.7281933328728198,-0.458238165267008,-0.5821151615277798,0.008081139712412613,0.08949662285427289,0.061153079108154915,0.4878293881548603,1.3328939827988515,-0.252777968403037,0.29104130349221036,0.24438571927494018,-1.682657773689634
-1.2190853363300456,-0.021942151216983674,-1.3910575095495035,-0.1900713755546539,-0.13090050603086376,0.07880049213069057,0.201408263124248,-0.7017513562632126,0.26700448052419173,-0.22713510680255694,0.16325472008978023,0.7899496590702811,-0.042498642255985326,-0.20091513154312687,0.5141472854466009,-0.4189140320498924,1.304373474212023,0.18442653529604985,-0.6420742403617006,-1.0630789635276003,0.2835565306401775,0.6038233285846974,-2.221608410235641,1.9891793750915343,0.3121704367012606,0.39100159845347254,1.4488978633025749,-0.9883465442945567,-0.3691716345936891,2.255646296837447,-0.63872053086404,-0.10994309034507536,1.674000032612745,-1.774190136052207,-0.30216642759132073,-0.7843702030559835,-0.05969862599287482,1.0448580449627183,-0.900249458478852,-3.0299323797639888,-0.4800013382503479,-0.8284108091060952,0.5236542119746752,-0.1242675206832453,1.3865782851793946
-2.0913189510674135,0.28445744508588056,0.4103400400672258,-0.21306942098390447,-1.2221286625363836,0.5944763797313257,2.593502951191076,-0.8412581679709573,-0.1167218386255628,0.09243444099783031,0.6803133734134772,-0.07944379018285824,-2.00729421225826,0.4008756584915381,-0.08188073721296853,0.58788469958340706,0.18442653529604985,0.6537575098988156,-0.019345278179757504,0.7257817275707585,-0.793126874190191,0.08879268684299009,1.5679054131496357,-0.005569995507810012,1.857982399113434,-0.4924775776366068,1.0476021670482045,-0.05983708064587283,1.1335563988932387,-0.0688212516423916,-0.18350119954870872,-0.6069752053332182,1.0818366844156686,0.8904120968270585,-0.5790265100230172,-0.9183646453715666,-0.014117551343505166,0.5599405294176868,-0.3420092752409861,-0.8899302943027482,1.0919027425404697,-0.6233548245412839,0.5271533453058929,0.18103391821960382,-1.034261349420997
0.4159944664071475,0.009189368628476656,0.7375600226939902,0.05902493867408579,-0.05811288991353103,0.008597892700236618,0.1699818464127453,0.26775034225914823,-0.12718792075680788,0.11968104426891653,-0.014334669387268944,-0.3843582610428388,-0.18271745978455775,0.14751447531703543,-0.2848305534860751,0.2926819949457607,-0.6420742403617006,-0.019345278179757504,0.34322387371632895,0.6103385673262756,-0.22016813655190717,-0.3149865280381689,1.2774804697321027,-1.0031301029824924,0.03888318034265094,-0.24085814345442683,-0.6203325270720574,0.4826937753842993,0.2893474132177292,-1.1179529895141758,0.301515515586125,-0.0024082285658633303,-0.7416643800994646,0.9806930710290657,0.08573042138824662,0.2911278707130989,0.021346902754817192,-0.4682477426302256,0.41101946309860893,1.4272247733294225,0.3469034968977157,0.35446483831529013,-0.2168666090309226,0.08368785582335997,-0.7843993447834967
-1.7122816453788317,0.44581481310848076,1.999115163398295,-0.09466753653854247,-1.5865574541889613,0.7649956434962973,3.434430017083553,-0.47037428874298326,-0.4536037664760893,0.3649061827578995,0.7910874738305207,-0.9343913026824604,-2.7782346631299912,0.7631222155163808,-0.6238383355104702,1.2342893987070556,-1.0630789635276003,0.7257817275707585,0.6103385673262756,2.1029865312800347,-1.4040126908963033,-0.47591754007745274,4.4666812424796625,-2.031799348701138,2.287282069235124,-1.0974631562628436,-0.005121099272302259,0.9296188117475731,1.9803808849689775,-2.416083405145318,0.3931739584736985,-0.7437147982164417,-0.17551956403745259,3.0606347213612217,-0.5000797147698518,-0.4843553624739564,0.047580819416702405,-0.27920018471373614,0.443293482299736,1.8416384626071989,2.0282812762359157,-0.033402173571621195,0.21361888630265896,0.37955487553159317,-2.8817897824088283
2.3119353814027765,-0.41509613805970624,-1.123694619417641,0.19532803262595738,1.5826134903096194,-0.7728265625513023,-3.3811909921894943,0.8373229927480202,0.28150385618362206,-0.2196668580608531,-0.8429754943653169,0.4455726839648582,2.670192099189737,-0.6154949605252003,0.30541504173130024,-0.9390368912000404,0.2835565306401775,-0.793126874190191,-0.22016813655190717,-1.4040126908963033,1.1813505351518165,0.11123544419982047,-3.00675344669416,0.8194543986296045,-2.3526435240602015,0.8234709065195454,-0.8068777708184459,-0.3329255331331272,-1.6786578129504672,1.0348039588138682,-0.016819082718107618,0.7715253760288042,-0.772307013552128,-1.9200649717166827,0.6428869261189126,0.9009076020361632,-0.010524273477750389,-0.32136565613501994,0.08314220235184358,-0.052895761600384686,-1.6630028436490087,0.49596397950215443,-0.49669434485715663,-0.29052344129965485,1.969061208405499
-0.6092317075562426,0.025111358928189647,-0.6239580021855154,-0.07606140351701066,-0.0816085581739516,0.05851511560464657,0.13007034816312338,-0.33505607728213876,0.10134524836490717,-0.09843277424808643,0.08708560587955935,0.3401471146633308,-0.05567365947976785,-0.08983549934458963,0.2507026513873791,-0.20324272827431086,0.6038233285846974,0.08879268684299009,-0.3149865280381689,-0.47591754007745274,0.11123544419982047,0.29855311541801927,-0.9889532896351114,0.9113015154993505,0.168651367303729,0.16488294224135835,0.6787978895009995,-0.44322083903732906,-0.13723827726878546,1.0070567560348027,-0.2942425787667063,-0.06559279202494708,0.7947145143727791,-0.7926816128626354,-0.13962152745864337,-0.3655514857488552,-0.020838983891224412,0.48731430418607913,-0.41076856100937903,-1.3959101115356278,-0.1938433487479216,-0.3908975677258899,0.25558037021865154,-0.05680168083143042,0.5962443462670229
-3.742237477871289,0.9621861190134464,4.229585799030152,-0.21060539305807502,-3.416582401377658,1.6500444668959948,7.391460118847801,-1.0437951324087587,-0.9637666716676911,0.7734465165220377,1.707715981042764,-1.9710953754850293,-5.975523769167674,1.6308666692269513,-1.3135986663828494,2.629434070301489,-2.221608410235641,1.5679054131496357,1.2774804697321027,4.4666812424796625,-3.00675344669416,-0.9889532896351114,9.491887994175842,-4.269221999235385,4.931742170691021,-2.3393046709184997,0.060244201114571266,1.9518738028777443,4.240487074764634,-5.084466436548576,0.8139605519853157,-1.6057807490378766,-0.2926033134588671,6.492558339140609,-1.0874119462999114,-1.079187456176471,0.09939665299092718,-0.5477923167983112,0.9089187217066649,3.8084536354308636,4.3379420918013265,-0.11284044343229421,0.4858259796527544,0.808805168603979,-6.130371761532048
-0.9637255190961577,-0.18222998634650034,-2.412347195068332,-0.21216272526453875,0.3588318269652437,-0.15742830200042837,-0.8769669383881656,-0.7257090793849742,0.4928642349668493,-0.40806267330416746,-0.056410061438889054,1.3099850245232687,0.8616780059685686,-0.5010208525559579,0.8479322050232727,-0.9276096295425642,1.9891793750915343,-0.005569995507810012,-1.0031301029824924,-2.031799348701138,0.8194543986296045,0.9113015154993505,-4.269221999235385,3.1739646165707183,-0.3584289087050513,0.8571941051731711,1.8264555219555418,-1.554222013088061,-1.12098990829997,3.6454737200610485,-0.9334704913791237,0.10708845399916274,2.16286174231699,-3.243790024609151,-0.21752181431399384,-0.831194159452213,-0.09453951501451564,1.409017261026928,-1.2823299127718017,-4.4248677384657356,-1.2753036892227012,-1.0313951054355508,0.5862105744708542,-0.2810155703473456,2.70127620574732
-5.8656366274247995,0.8537979038104868,1.4358807126692268,-0.5734076442304815,-3.522688670799428,1.7193153514467403,7.479989301500601,-2.316924174196117,-0.4001419555547143,0.3102290513565721,1.9442923758901576,-0.38291910014696506,-5.815523990957882,1.1947514188219817,-0.31200194201010967,1.759052788529917,0.3121704367012606,1.857982399113434,0.03888318034265094,2.287282069235124,-2.3526435240602015,0.168651367303729,4.931742170691021,-0.3584289087050513,5.328752917485065,-1.5004714649678006,2.7853447055042513,0.00493566051299205,3.362131301807581,-0.6090837756644463,-0.42040564886584614,-1.7453390549233778,2.8569795978802337,2.8916534581113487,-1.6194571244718092,-2.520774554156133,-0.026055666234819037,1.442780488978937,-0.8300117272530712,-2.0521979196912086,3.254459276358003,-1.6650824236730812,1.4434149630021906,0.5443014181283923,-3.2562148030456455
1.3392291164113033,-0.28652897689071416,-0.9659658764224304,0.09427758896886718,1.0253967483111457,-0.5018315019247767,-2.198142143899839,0.44413661016867334,0.2366588573564359,-0.18309008868609936,-0.5319127830658611,0.42880914375589163,1.7552664598613084,-0.43517297037028824,0.2771619857518633,-0.6789813823525221,0.39100159845347254,-0.4924775776366068,-0.24085814345442683,-1.0974631562628436,0.8234709065195454,0.16488294224135835,-2.3393046709184997,0.8571941051731711,-1.5004714649678006,0.6102245677253396,-0.3010103380493816,-0.37970379555121997,-1.1718050066235681,1.0531257151715916,-0.1128775903775826,0.4919957076543653,-0.2463461282028389,-1.5509889868149631,0.3748251174928803,0.46616659822799206,-0.020188115955549667,-0.04385664555720873,-0.09209992069530312,-0.521906682059164,-1.1760135027472283,0.1959081856426817,-0.2472383705148359,-0.21146564307998167,1.526656516803287
-3.9353541301968185,0.36693781096328976,-0.7304358576253323,-0.4596664075871505,-1.76330457827187,0.8726747830922218,3.6710800854674557,-1.7753967252508287,0.08828364145676014,-0.08515433290803062,1.0643530409627027,0.6201478562948315,-2.738738667740269,0.35476793367219817,0.3659255022870669,0.4017471959047264,1.4488978633025749,1.0476021670482045,-0.6203325270720574,-0.005121099272302259,-0.8068777708184459,0.6787978895009995,0.060244201114571266,1.8264555219555418,2.7853447055042513,-0.3010103380493816,2.743695499553029,-0.9907514176846706,1.1851568052157002,1.9856238022163575,-0.8348209210332551,-0.9187558975887337,2.9989774964186457,-0.4380518261097635,-1.0554653042344546,-1.9570124299678158,-0.07456065172339087,1.7170237194861218,-1.2894043154384227,-3.9898149945328085,1.0259675626068907,-1.601577992197224,1.1917351448371225,0.12820128749771814,-0.11495747517200358
0.6505953435646991,0.0801253711260871,1.1502409871799013,0.13093046946818723,-0.06722874457956851,0.03066559981523768,0.1929932419106428,0.4308609134825535,-0.24281226637118067,0.1940685726352533,-0.03363257564141025,-0.6460917454735242,-0.24342033520869744,0.20684699972992113,-0.3987988522074132,0.389030272784627,-0.9883465442945567,-0.05983708064587283,0.4826937753842993,0.9296188117475731,-0.3329255331331272,-0.44322083903732906,1.9518738028777443,-1.554222013088061,0.00493566051299205,-0.37970379555121997,-0.9907514176846706,0.7739090798669195,0.4552422397936045,-1.7952205853896468,0.47438943822096613,-7.271349368103734e-4,-1.1505539208014712,1.5124061942644729,0.16442835940708164,0.49446694180260786,0.051605978629737835,-0.7418879863936337,0.6638026464300053,2.2518028009443567,0.5315409393467366,0.5608173481023461,-0.33062820667727116,0.11983063156097841,-1.2439546640154817
-3.3390651702874323,0.6067315490810549,1.5752403284644274,-0.2767286461483912,-2.264791716615454,1.1107365114414627,4.828597441795005,-1.2146554200057518,-0.40719448498973504,0.3105603722139211,1.2083493669904655,-0.6293133000859029,-3.813193857739869,0.8711057657976149,-0.41395862995446286,1.3188129069172052,-0.3691716345936891,1.1335563988932387,0.2893474132177292,1.9803808849689775,-1.6786578129504672,-0.13723827726878546,4.240487074764634,-1.12098990829997,3.362131301807581,-1.1718050066235681,1.1851568052157002,0.4552422397936045,2.3956868262708855,-1.4383197916846662,0.009311832539964631,-1.1052685734568117,1.148299792024306,2.7000086760965756,-0.9219587430750501,-1.3002674455248566,0.01773311565665858,0.4818221061457445,-0.13509477307917814,0.008461495955465774,2.3650537148353354,-0.7283224816128577,0.7252765394936139,0.41146402806845217,-2.787802606164742
-0.8449932093091532,-0.2902071170670464,-2.830424817199131,-0.24295945504691824,0.5534105704993716,-0.26721795056543124,-1.2879934960428394,-0.7369799631896202,0.613834581897186,-0.4863825187843677,-0.14261316333172286,1.5496930979106431,1.2179703956617494,-0.6124937709345479,0.9544657671308093,-1.0949687884306716,2.255646296837447,-0.0688212516423916,-1.1179529895141758,-2.416083405145318,1.0348039588138682,1.0070567560348027,-5.084466436548576,3.6454737200610485,-0.6090837756644463,1.0531257151715916,1.9856238022163575,-1.7952205853896468,-1.4383197916846662,4.2409241629031635,-1.0539326747903055,0.1978437062021675,2.346283760514801,-3.833893137796258,-0.19845971381167213,-0.8669271032710171,-0.11915626398662918,1.5596193385195232,-1.4491630903280996,-4.997788877438537,-1.5989859094146177,-1.1136367017199698,0.6028311513164132,-0.3396857027495095,3.254876282959363
0.8768776515657596,-0.027057149317397892,0.5944872470830904,0.1226115804827922,0.24032321397266448,-0.12247453828402419,-0.4760963265021177,0.4525262141815075,-0.11165514629770468,0.09386626766868873,-0.17622498012935536,-0.3629390932141607,0.3144088794555049,0.034680763078781894,-0.22678501656764127,0.10713552803193375,-0.63872053086404,-0.18350119954870872,0.301515515586125,0.3931739584736985,-0.016819082718107618,-0.2942425787667063,0.8139605519853157,-0.9334704913791237,-0.42040564886584614,-0.1128775903775826,-0.8348209210332551,0.47438943822096613,0.009311832539964631,-1.0539326747903055,0.327167267545685,0.14028007958290722,-0.9436060809864099,0.7033959628049103,0.22793150043585583,0.5046825847372124,0.03135662585782316,-0.573536195454398,0.4745371501981774,1.5555510541395796,0.06616901370586921,0.48050812276584903,-0.3222732319995602,0.03161396761896473,-0.5026766888939795
1.9336606576454958,-0.2912867322505383,-0.46666062098785693,0.18347004180373155,1.1556774614982925,-0.5680094648992288,-2.4493693883654792,0.7619839810080837,0.13714490746739422,-0.10191831575041957,-0.6376387599080615,0.12888150718341185,1.9070829815670713,-0.38948093276179485,0.09321234868608705,-0.5658942977797475,-0.10994309034507536,-0.6069752053332182,-0.0024082285658633303,-0.7437147982164417,0.7715253760288042,-0.06559279202494708,-1.6057807490378766,0.10708845399916274,-1.7453390549233778,0.4919957076543653,-0.9187558975887337,-7.271349368103734e-4,-1.1052685734568117,0.1978437062021675,0.14028007958290722,0.5745642144186681,-0.9488446060523061,-0.9404834434986202,0.5284028131371568,0.8268536394544469,0.006752514330169468,-0.477648617298228,0.2734582856847491,0.6852086919494167,-1.0667730509832538,0.5499847499219824,-0.47799738454729634,-0.1766752346776788,1.0687818884769114
-4.178410039686001,0.3885559792566838,-0.9530310297980816,-0.484574630905205,-1.8029487670397726,0.9012636161745547,3.7330070165809768,-1.9036268787302353,0.11721896148638264,-0.11955435987286868,1.0998884367877377,0.738233665494672,-2.773961650065182,0.3242552305462853,0.46400152714262727,0.3223560087643501,1.674000032612745,1.0818366844156686,-0.7416643800994646,-0.17551956403745259,-0.772307013552128,0.7947145143727791,-0.2926033134588671,2.16286174231699,2.8569795978802337,-0.2463461282028389,2.9989774964186457,-1.1505539208014712,1.148299792024306,2.346283760514801,-0.9436060809864099,-0.9488446060523061,3.3037180206834544,-0.7224764661744234,-1.1065892848800023,-2.095450072349679,-0.08084150024858132,1.8991789765445304,-1.4393761086174597,-4.507196595958472,0.9640442581361641,-1.7496255801529093,1.2913001723815007,0.10781547916464794,0.0888054393293798
-1.8794867015473937,0.5991157194580671,3.026477743931832,-0.062026159155609266,-2.0330473731772676,0.9801680033647884,4.422316436802094,-0.4053964290801462,-0.6786840338246207,0.5454545740832764,0.984188092463637,-1.4614768477457336,-3.6161928889345645,1.0544183391270958,-0.961718061357009,1.7281933328728198,-1.774190136052207,0.8904120968270585,0.9806930710290657,3.0606347213612217,-1.9200649717166827,-0.7926816128626354,6.492558339140609,-3.243790024609151,2.8916534581113487,-1.5509889868149631,-0.4380518261097635,1.5124061942644729,2.7000086760965756,-3.833893137796258,0.7033959628049103,-0.9404834434986202,-0.7224764661744234,4.525546656189875,-0.5591186617547349,-0.3964884907046275,0.08232927721858624,-0.6753481362067106,0.8488969387593295,3.3064874649876494,2.794407323861259,0.20206341021468027,0.1259062500710241,0.531206883516224,-4.183408863852277
1.915610292848369,-0.2351453738907045,-0.19166813293368795,0.2050472291493428,1.0555242093410317,-0.5133874898514756,-2.233922886539828,0.7956149297709428,0.06576296822608246,-0.052653678518412586,-0.5986507297453775,-0.023632104046090792,1.7143247856837036,-0.3195495462327029,0.014936239552321755,-0.458238165267008,-0.30216642759132073,-0.5790265100230172,0.08573042138824662,-0.5000797147698518,0.6428869261189126,-0.13962152745864337,-1.0874119462999114,-0.21752181431399384,-1.6194571244718092,0.3748251174928803,-1.0554653042344546,0.16442835940708164,-0.9219587430750501,-0.19845971381167213,0.22793150043585583,0.5284028131371568,-1.1065892848800023,-0.5591186617547349,0.5298358115365562,0.8713004253848232,0.01970029135709182,-0.5945268695019342,0.39373600197344466,1.0979306481827469,-0.8749299573341728,0.6237163781496994,-0.5066376740718008,-0.140958577308859,0.7212376055586208
3.197488016724746,-0.35255889082669034,0.05867911209883706,0.35623517174082275,1.6258418646944737,-0.7944966553709271,-3.418532478969905,1.374322816519761,0.03379809793991505,-0.021946771759330946,-0.9414249510621814,-0.2355120737927365,2.5990204650261353,-0.43353914425794776,-0.10875538743644737,-0.5821151615277798,-0.7843702030559835,-0.9183646453715666,0.2911278707130989,-0.4843553624739564,0.9009076020361632,-0.3655514857488552,-1.079187456176471,-0.831194159452213,-2.520774554156133,0.46616659822799206,-1.9570124299678158,0.49446694180260786,-1.3002674455248566,-0.8669271032710171,0.5046825847372124,0.8268536394544469,-2.095450072349679,-0.3964884907046275,0.8713004253848232,1.513362065613787,0.046013945312967944,-1.160829936814856,0.8202402126820485,2.4229573573273973,-1.2001530024254523,1.1497941674585472,-0.8965403855111037,-0.18049175927881717,0.7434909394067744
0.05906984659035415,0.011956461080337466,0.06691001065064232,0.016133261372325427,0.010917076209889296,-4.946830709327548e-4,-0.023341776173939958,0.035047087857152805,-0.021423247134318237,0.012592931005536193,-0.009427490453410186,-0.047369739227137254,0.011064983563418448,0.004147526940385151,-0.016767855924870567,0.008081139712412613,-0.05969862599287482,-0.014117551343505166,0.021346902754817192,0.047580819416702405,-0.010524273477750389,-0.020838983891224412,0.09939665299092718,-0.09453951501451564,-0.026055666234819037,-0.020188115955549667,-0.07456065172339087,0.051605978629737835,0.01773311565665858,-0.11915626398662918,0.03135662585782316,0.006752514330169468,-0.08084150024858132,0.08232927721858624,0.01970029135709182,0.046013945312967944,0.007144398801518035,-0.0534496707872116,0.04798469125525244,0.1523349557099851,0.021144068445189273,0.04159714352794782,-0.0238501515107801,0.00419705891168498,-0.06966909432349834
-2.236605186948201,0.17184296648860808,-0.7193209789279126,-0.2749031165252666,-0.8948248560992857,0.4454040581655779,1.8460250583062754,-1.0478547297313527,0.11525633572502426,-0.1013435554229616,0.5618198153622036,0.5108197247796605,-1.3493630300260622,0.12256761299869055,0.31082939887113653,0.08949662285427289,1.0448580449627183,0.5599405294176868,-0.4682477426302256,-0.27920018471373614,-0.32136565613501994,0.48731430418607913,-0.5477923167983112,1.409017261026928,1.442780488978937,-0.04385664555720873,1.7170237194861218,-0.7418879863936337,0.4818221061457445,1.5596193385195232,-0.573536195454398,-0.477648617298228,1.8991789765445304,-0.6753481362067106,-0.5945268695019342,-1.160829936814856,-0.0534496707872116,1.1112944082790381,-0.864990339710257,-2.737782586140611,0.3757561246155499,-0.997431945945367,0.71732491887741745,0.030282503584215966,0.3057785711621152
1.4803528722022523,-0.0666690628278702,0.7650080622478707,0.20148341974631317,0.4936134585370126,-0.24415751622533918,-1.0048771293132521,0.7336223779897009,-0.14510682814858453,0.1182391137305018,-0.3331467417991242,-0.4956100634466744,0.7017344876172514,-0.008505456412622568,-0.2953254536330505,0.061153079108154915,-0.900249458478852,-0.3420092752409861,0.41101946309860893,0.443293482299736,0.08314220235184358,-0.41076856100937903,0.9089187217066649,-1.2823299127718017,-0.8300117272530712,-0.09209992069530312,-1.2894043154384227,0.6638026464300053,-0.13509477307917814,-1.4491630903280996,0.4745371501981774,0.2734582856847491,-1.4393761086174597,0.8488969387593295,0.39373600197344466,0.8202402126820485,0.04798469125525244,-0.864990339710257,0.7013819495607939,2.261199854119921,-0.05328002508416538,0.7439868301356344,-0.5114330335012836,0.018548626031077108,-0.5589876824774508
4.217765538042385,-0.13678952012861434,2.805086779449265,0.5888268013155418,1.1772364065538317,-0.5966919677445481,-2.337750773455278,2.1672001140805066,-0.5288289285201805,0.44322291968673494,-0.8547889072663684,-1.7217169028068804,1.5550965102714318,0.14794980570069824,-1.0712394431844658,0.4878293881548603,-3.0299323797639888,-0.8899302943027482,1.4272247733294225,1.8416384626071989,-0.052895761600384686,-1.3959101115356278,3.8084536354308636,-4.4248677384657356,-2.0521979196912086,-0.521906682059164,-3.9898149945328085,2.2518028009443567,0.008461495955465774,-4.997788877438537,1.5555510541395796,0.6852086919494167,-4.507196595958472,3.3064874649876494,1.0979306481827469,2.4229573573273973,0.1523349557099851,-2.737782586140611,2.261199854119921,7.403594600762232,0.28044385782730696,2.29665516248221,-1.5425799203511752,0.1442949054412895,-2.3505259780927803
-3.1423368021824682,0.5828501136283933,1.6601756198503164,-0.2575230615715673,-2.196497855339587,1.0733822578626482,4.695625046970948,-1.121898152402115,-0.41441740283903683,0.3224203921479908,1.164376745448094,-0.6784405559987428,-3.715613289970573,0.8684692736500759,-0.4573349357510577,1.3328939827988515,-0.4800013382503479,1.0919027425404697,0.3469034968977157,2.0282812762359157,-1.6630028436490087,-0.1938433487479216,4.3379420918013265,-1.2753036892227012,3.254459276358003,-1.1760135027472283,1.0259675626068907,0.5315409393467366,2.3650537148353354,-1.5989859094146177,0.06616901370586921,-1.0667730509832538,0.9640442581361641,2.794407323861259,-0.8749299573341728,-1.2001530024254523,0.021144068445189273,0.3757561246155499,-0.05328002508416538,0.28044385782730696,2.3496246582689646,-0.6353397620537347,0.6580556783001298,0.4131917891883769,-2.8383807462481405
2.330085850390699,-0.22621340106691828,0.3907214991673255,0.26800984882057766,1.057422809280601,-0.5246026994240124,-2.202221102289126,1.045085009463651,-0.040655433523801576,0.04276066124507827,-0.6353588520131072,-0.3428485152295052,1.6475937185904754,-0.2195831457824358,-0.20530244696271768,-0.252777968403037,-0.8284108091060952,-0.6233548245412839,0.35446483831529013,-0.033402173571621195,0.49596397950215443,-0.3908975677258899,-0.11284044343229421,-1.0313951054355508,-1.6650824236730812,0.1959081856426817,-1.601577992197224,0.5608173481023461,-0.7283224816128577,-1.1136367017199698,0.48050812276584903,0.5499847499219824,-1.7496255801529093,0.20206341021468027,0.6237163781496994,1.1497941674585472,0.04159714352794782,-0.997431945945367,0.7439868301356344,2.29665516248221,-0.6353397620537347,0.9359204876038234,-0.7006118437895802,-0.08106054799681366,0.12022907907279816
-1.895871676414657,0.21954124094464583,-0.10908346936778034,-0.20286850743268461,-0.9308826859238065,0.46413470621764163,1.946731471803474,-0.8213802511728325,-0.018006296956350448,0.0025435826442752408,0.5448598251755923,0.16346247718140958,-1.4773803738158549,0.2300191722142774,0.10332134626491625,0.29104130349221036,0.5236542119746752,0.5271533453058929,-0.2168666090309226,0.21361888630265896,-0.49669434485715663,0.25558037021865154,0.4858259796527544,0.5862105744708542,1.4434149630021906,-0.2472383705148359,1.1917351448371225,-0.33062820667727116,0.7252765394936139,0.6028311513164132,-0.3222732319995602,-0.47799738454729634,1.2913001723815007,0.1259062500710241,-0.5066376740718008,-0.8965403855111037,-0.0238501515107801,0.71732491887741745,-0.5114330335012836,-1.5425799203511752,0.6580556783001298,-0.7006118437895802,0.5437818884137033,0.09359765120395616,-0.3560282588529473
-0.4917285308672749,0.09377119429376211,0.3257212864393453,-0.04057285033815119,-0.3690357685108003,0.17742046506887768,0.7929816458121279,-0.16831076435029924,-0.07527565486961016,0.06135168783365888,0.19261632539093906,-0.1369647744932127,-0.6296940937905333,0.1550219989412001,-0.09751552097258283,0.24438571927494018,-0.1242675206832453,0.18103391821960382,0.08368785582335997,0.37955487553159317,-0.29052344129965485,-0.05680168083143042,0.808805168603979,-0.2810155703473456,0.5443014181283923,-0.21146564307998167,0.12820128749771814,0.11983063156097841,0.41146402806845217,-0.3396857027495095,0.03161396761896473,-0.1766752346776788,0.10781547916464794,0.531206883516224,-0.140958577308859,-0.18049175927881717,0.00419705891168498,0.030282503584215966,0.018548626031077108,0.1442949054412895,0.4131917891883769,-0.08106054799681366,0.09359765120395616,0.07496838557394196,-0.5227274865607866
