V1,V2,V3,V4,V5,V6,V7,V8,V9,V10,V11,V12,V13,V14,V15,V16,V17,V18,V19,V20,V21,V22,V23,V24,V25,V26,V27,V28,V29,V30,V31,V32,V33,V34,V35,V36,V37,V38,V39,V40,V41,V42,V43,V44
1.0812503621125509,-0.48103142216782635,1.431835323615004,0.10010552881285244,-0.7739474133390611,-0.11654954905663545,0.9012229457929529,0.836872789559524,1.3364019072264124,0.2884562304427043,0.07237024014906517,1.227741336072948,0.3548563199937071,0.3328309067684754,0.7006390275841612,-2.603642455508201,-0.34863336150464574,-1.3158553633591252,1.9233777066297812,0.38206837184636266,0.075044229439378,-1.1266948735922735,-0.5577426529173726,1.869843798991978,0.38039435044138714,0.18782687023352176,0.4781566688678592,0.7200708286637645,0.8586243304537561,0.42069655324141514,-1.3398520244600087,0.13648656870372428,1.0703812713568963,0.22635790578471535,-0.23888608510997192,-2.113885708116829,0.44061057636749473,-1.16973168199505,-0.26702683737954713,-0.556945163322297,-0.8133241092242095,1.2426287153825908,-2.627169490609809,4.140989011394753
-0.48103142216782635,1.4776400386071147,-0.9372611329739745,0.11140114992479098,0.23289463407365732,0.34818481345734426,-0.4370173358743821,-0.5489413048382407,-0.8934426883145783,-0.7080382175409274,0.3027669752848821,0.13790068288913568,0.10926909744238661,0.3167733815875639,-1.1607932169089004,0.6352901158293097,0.2913192723132488,-0.07151270315989187,-1.7584889761422482,0.28167572046699535,-0.41098692773271855,1.8947141357779478,-0.8971906219661161,-0.7504871600533478,-0.3987481008764256,-0.005087237045256569,-0.8857729686790335,-0.09071329380236463,-0.9885906500329998,0.7592483468555021,1.164765579181192,0.744012770576423,-0.4480358538500904,0.6737658312206043,0.33801171281732045,1.5162412914551973,-1.0597799879675684,1.1094086495940563,0.821100634511572,0.8077707211760401,0.3557732901568086,-0.4081896518544298,1.6386570271380865,-1.9554214674047175
1.431835323615004,-0.9372611329739745,2.131290140736977,0.11099948153175294,-1.0831902053815212,-0.1446830973747182,1.298448416839622,1.1709641212419928,1.8783192964640487,0.5935880411273635,0.1796618477124167,1.647785902659492,0.4589418241468845,0.3524843948898174,1.336429460295421,-3.411778918121444,-0.48675657886941986,-1.5588656932021414,3.1809939731405534,0.5257878752493774,0.3158902399261076,-1.9166106083065346,-0.4456938855909246,2.495833258153872,0.4831519809390735,0.2327965642193287,0.8576797965370779,1.0208230624587584,1.4011256164732497,0.3278060388900194,-2.0351853520061405,-0.14276255858910356,1.4745560271947231,-0.026438241716050716,-0.5847930868047408,-3.2007279478998742,0.7830760839982902,-1.65694752006203,-0.5722951035712972,-0.9285541638483144,-1.1139878304042241,1.7301358237819187,-3.7860784349165217,5.705270873298965
0.10010552881285244,0.11140114992479098,0.11099948153175294,0.06723127293764651,-0.09351620349189689,0.03707895169086028,0.10533320884178211,0.046653194811362424,0.054897566760023844,-0.016370281950657616,0.015156002708734516,0.17099637158235637,0.05694895423409956,0.060989167719994214,-0.011762859096150324,-0.32677441176693084,-0.022024533870008484,-0.14862985194436615,0.07828205794162946,0.06440959074464342,-0.07080076148644043,0.015476964881209204,-0.07234674101523406,0.19176048658233968,0.017275616450906937,-0.021394468698660307,-0.021032793285554303,0.07295338109084354,0.03356998679448089,0.07084488351108373,-0.06055534822980287,0.08981505129269077,0.1184844480048411,0.06618274045499724,-0.014137366536552254,-0.1136393442012109,-0.06421369769619169,0.012834576511106368,0.033515036385898034,0.0138005806755251,-0.08485099193849478,0.14514434580625024,-0.1896719536255136,0.3406098558253203
-0.7739474133390611,0.23289463407365732,-1.0831902053815212,-0.09351620349189689,0.7301959693489743,-0.07101740762268949,-0.652978716806292,-0.6146013321659863,-1.0624744301619355,-0.22411555174313416,-0.25125362993455325,-1.1344190592794254,-0.304715086030641,-0.35504775791921594,-0.5691986989701933,2.1079108207405532,0.21369418306082302,1.0306449204049108,-1.6206266557799514,-0.45877877129265615,-0.0991076300798406,0.7665195417841164,0.5823837580200834,-1.3830968310324323,-0.19569439841816136,-0.1692490760536497,-0.28060096291169045,-0.7052256704589557,-0.6754451500733144,-0.46676309001131794,1.045993042733217,-0.0849756894850209,-0.8341579321476028,-0.2092982695896556,0.3023415823342799,1.771547320754378,-0.18683475240897493,0.7583163941600921,0.1334762260691465,0.3211614166641139,0.5904137888796452,-0.9895424656760418,2.0413728843703804,-3.228780648822099
-0.11654954905663545,0.34818481345734426,-0.1446830973747182,0.03707895169086028,-0.07101740762268949,0.2507944770395054,-0.1204750896936015,-0.10083291843291811,-0.10386316594303362,-0.08101312452212883,0.25665470887218167,0.19061827788031602,0.014279369331820911,0.11702863561766567,-0.09100010629711631,-2.930414799453113e-4,0.10367817599556252,0.005419655516224973,-0.06923441868021797,0.19236909721490664,-0.03149293615218006,0.33186146337549705,-0.22174264177180125,-0.1655940705877453,-0.14857215732770887,0.009915905251614841,-0.15633321208518206,0.11985786395895966,-0.10452040592875099,0.18436181950958366,0.1532654359588725,0.061008347359235035,-0.04570689615600591,0.059367057069082727,-0.12314685215053822,0.061145841917419085,-0.3087569482366167,0.309298073329086,0.139705482539049,0.21502553824538695,0.06865442210168149,0.02420497614292425,0.21421810596716429,-0.2674584313621387
0.9012229457929529,-0.4370173358743821,1.298448416839622,0.10533320884178211,-0.652978716806292,-0.1204750896936015,0.9081318619340748,0.7410177727149524,1.040514798892095,0.33767888204414354,0.02676541215773876,0.9687535875827777,0.3217285231199492,0.18504166679351236,0.7320069236715824,-2.181671190207991,-0.2797133755337022,-0.9312584148974726,1.779400682864292,0.22592820988764278,0.08818370680506876,-1.1349937381478816,-0.1323764652344736,1.5920986527692418,0.33655425806070577,0.06199545632643221,0.5168071523889555,0.5962372117521899,0.8416435870276718,0.12200083344941136,-1.1831795070671964,0.001480158160416541,0.9584299804557248,-0.023379538366393417,-0.31032723309430515,-1.8391775281715825,0.43930940574712424,-0.9224024079805215,-0.3246759352754649,-0.5312835236150513,-0.7232723345187856,1.0914388317307322,-2.2515565707710716,3.482091625042627
0.836872789559524,-0.5489413048382407,1.1709641212419928,0.046653194811362424,-0.6146013321659863,-0.10083291843291811,0.7410177727149524,0.7753642409425187,1.1074086175499027,0.3815752281900681,-0.028158606978442358,0.7963594437361248,0.261000250188595,0.12583271993289377,0.7679045709455954,-2.0537964011316987,-0.2764385938083448,-0.8072325163299743,1.6804237711212182,0.1091723566417327,0.07114668904816203,-1.30066422515901,-0.02451984956471776,1.536749588531007,0.3906644705242727,0.05659078765278897,0.5825055495136132,0.5399219798833164,0.8814983974708097,-0.028244371912145207,-1.1337814767466288,-0.07918659018885649,0.911755343290782,-0.0833824263401478,-0.337524856422283,-1.8542297346745031,0.4348760583918824,-0.9408438909641619,-0.4069789340507907,-0.5182517480074366,-0.6710152145970325,1.0121533320008198,-2.1452721054742074,3.2922301767355764
1.3364019072264124,-0.8934426883145783,1.8783192964640487,0.054897566760023844,-1.0624744301619355,-0.10386316594303362,1.040514798892095,1.1074086175499027,1.9258009450603222,0.481734108045399,0.2048107372283677,1.6009978205311606,0.4205012917891507,0.430524130447274,1.1403125077195224,-3.2534730656891884,-0.4663703536305257,-1.6400840384431243,2.8506009814452007,0.5704977984166707,0.2869294949003245,-1.6978372683351193,-0.7588795180599723,2.334242342416198,0.46058586552234243,0.32810667211126177,0.7052617582762631,1.0025776620862517,1.2385575399651425,0.5340598011183368,-1.8891445157261801,-0.04149176911791213,1.3421758209152173,0.19103892153458796,-0.4476124703353244,-3.0262311923312275,0.6700878485104744,-1.6510558660444654,-0.44986721667080654,-0.804446831562263,-0.9909482582636677,1.564068788375065,-3.5427407196876564,5.447543800719659
0.2884562304427043,-0.7080382175409274,0.5935880411273635,-0.016370281950657616,-0.22411555174313416,-0.08101312452212883,0.33767888204414354,0.3815752281900681,0.481734108045399,0.5736946089907843,-0.17142198668704298,-0.11621262730152827,-0.0947576127234202,-0.25919880561245484,0.8008674701984906,-0.5759501633335047,-0.10765154843890604,0.29388898187036677,1.0872353407406015,-0.3008142182967498,0.11871532905102776,-1.3432326250504294,0.9838558725986123,0.5220797399292966,0.27788009085490345,-0.17115934170888011,0.6365312496936212,0.10895034019599792,0.7602034019994568,-0.7934629726779296,-0.6736449872244265,-0.5317288710522212,0.39177869126467196,-0.601357444829574,-0.39776881077976656,-1.0171265387214095,0.48288383776854904,-0.4207153113225867,-0.5983279371027811,-0.38514021963168454,-0.26253265716326446,0.37141086801063017,-0.9572783160439323,1.100581356770886
0.07237024014906517,0.3027669752848821,0.1796618477124167,0.015156002708734516,-0.25125362993455325,0.25665470887218167,0.02676541215773876,-0.028158606978442358,0.2048107372283677,-0.17142198668704298,0.5577107203044841,0.7514555294200476,0.16177426111362816,0.3645290706995138,4.181468137831109e-4,-0.4166890353976858,0.04306389423953009,-0.5521784430376232,0.5329912040207991,0.6192701758973989,0.21065867487812245,0.5110798257932578,-0.9629439054411171,0.08699872495666715,-0.2574306715542937,0.256767941995927,-0.23145323180963637,0.40182937618549497,-0.09295856090134903,0.79703708793715,-0.14774202517058985,0.15907976763495002,0.06928223195346224,0.3211055786344615,-0.15389608983050318,-0.39651417744520595,-0.21232849281573987,-0.0325821034784114,0.2781631553399187,0.0860411158242392,-0.04178136059246627,0.2581665985966046,-0.3804206753051431,0.7015869165706978
1.227741336072948,0.13790068288913568,1.647785902659492,0.17099637158235637,-1.1344190592794254,0.19061827788031602,0.9687535875827777,0.7963594437361248,1.6009978205311606,-0.11621262730152827,0.7514555294200476,2.4354930265457235,0.697882822254778,0.9465623134621055,0.4640193558818807,-3.3883960706201455,-0.35725121606844124,-2.32973571345697,2.3801758581104515,1.3075398622135794,0.24887414999841104,-0.17431861829998313,-2.183970103988034,2.1407360782423215,0.035495370152518385,0.5698370145211393,-0.01369186797594715,1.2775374215007131,0.5832216651886933,1.737132691217039,-1.4572518936415524,0.5874250725819139,1.2081205088872646,0.879230958650041,-0.2905329939624947,-2.5433389321247253,-0.043659911132619966,-1.1612602768242992,0.2748321456504186,-0.38084728841314164,-0.9078388604173276,1.5990482184651011,-3.1315874104789607,5.248648541379557
0.3548563199937071,0.10926909744238661,0.4589418241468845,0.05694895423409956,-0.304715086030641,0.014279369331820911,0.3217285231199492,0.261000250188595,0.4205012917891507,-0.0947576127234202,0.16177426111362816,0.697882822254778,0.2806367812662387,0.26979364921990856,0.06951743047013895,-1.023865211968189,-0.1208326380578519,-0.7143107465532097,0.5822489702292867,0.33226745861984086,0.03967223948218439,-0.010022912195318338,-0.6552679112371145,0.6948198273142027,0.040162509026509655,0.1508474619373286,-0.021931384884978124,0.34353234626781926,0.13681293047306464,0.5072058012871891,-0.35975521686088086,0.24421743065342846,0.3769756058869732,0.27814662863481243,-0.059396534221151834,-0.6808494656204152,-0.03991430591327596,-0.3205815570262937,0.11238676234392589,-0.11062102206754154,-0.28649231300674965,0.4605729195558263,-0.8739692895983263,1.5322596507735955
0.3328309067684754,0.3167733815875639,0.3524843948898174,0.060989167719994214,-0.35504775791921594,0.11702863561766567,0.18504166679351236,0.12583271993289377,0.430524130447274,-0.25919880561245484,0.3645290706995138,0.9465623134621055,0.26979364921990856,0.5051424376459549,-0.18676791021751335,-1.0304642297656097,-0.07524726727039897,-0.9871555196129375,0.4091425234535657,0.6253412924882545,0.02904022955428311,0.5084825922130449,-1.2557085183350314,0.5720657692347006,-0.10664258713836919,0.286744019562106,-0.3015977622139196,0.43065446507449323,-0.10650416565873201,1.0039521440502304,-0.2820680954251587,0.4532606017058254,0.27788461532269065,0.6468928618611004,0.08240866694126033,-0.5345432482946458,-0.23082212803129526,-0.2571888118763056,0.36882559499122497,0.05035061625068715,-0.18916003110691368,0.41104675339799024,-0.7770827570292776,1.466748926437104
0.7006390275841612,-1.1607932169089004,1.336429460295421,-0.011762859096150324,-0.5691986989701933,-0.09100010629711631,0.7320069236715824,0.7679045709455954,1.1403125077195224,0.8008674701984906,4.181468137831109e-4,0.4640193558818807,0.06951743047013895,-0.18676791021751335,1.454082241129489,-1.5375044847870103,-0.2797827228104547,-0.16360572212948596,2.4749081080653883,-0.0447389179669258,0.40574783051752056,-2.0968038270294684,0.8287441398988955,1.2417262147914025,0.3775817057311853,-0.03633789592445396,1.015872976752435,0.49573384829529316,1.2976263545396638,-0.7001260004177441,-1.4281269062494655,-0.7555312714091452,0.8409859692724809,-0.7936819917765722,-0.7487448639663731,-2.2372740767579145,0.8302700032269846,-1.0340523586441865,-0.8779192894299742,-0.7939214058698483,-0.6153482001938565,0.9484917571105581,-2.27313178826184,3.007134412143453
-2.603642455508201,0.6352901158293097,-3.411778918121444,-0.32677441176693084,2.1079108207405532,-2.930414799453113e-4,-2.181671190207991,-2.0537964011316987,-3.2534730656891884,-0.5759501633335047,-0.4166890353976858,-3.3883960706201455,-1.023865211968189,-1.0304642297656097,-1.5375044847870103,6.830192432185234,0.7739192603181865,3.3959994094079002,-4.586473136536839,-1.1556435497342434,-0.03751731609715649,2.406020731577608,1.7108708962029342,-4.699894956558359,-0.8294694083487778,-0.4412048425652066,-0.9504282477269773,-1.9913871000118495,-2.0321459463113403,-1.3019201695153022,3.134643032169865,-0.5521929876242371,-2.741734253293216,-0.7429600380746941,0.7081067353662588,5.275717635151714,-0.5913537395836606,2.488834202311991,0.432651342230634,1.0675571031685267,2.0059155510996525,-3.1827413437094774,6.383548199397153,-10.270340465909861
-0.34863336150464574,0.2913192723132488,-0.48675657886941986,-0.022024533870008484,0.21369418306082302,0.10367817599556252,-0.2797133755337022,-0.2764385938083448,-0.4663703536305257,-0.10765154843890604,0.04306389423953009,-0.35725121606844124,-0.1208326380578519,-0.07524726727039897,-0.2797827228104547,0.7739192603181865,0.17995063609419523,0.43087025618535413,-0.6688660251686405,-0.0994386838908805,-0.07714105152453368,0.4654815284098645,0.1566526340120214,-0.6134126495667076,-0.15188970456757248,-0.08519025614523021,-0.19094865173619424,-0.18434000606090192,-0.2986089660846804,-0.09206833972068762,0.47571551071452167,-0.0010638052780554523,-0.3303012490989677,-0.021292608563044383,0.06619577222457432,0.7094688729008789,-0.2203556238302197,0.47612940020058836,0.12980668380773783,0.2657411807301775,0.2698898184715707,-0.35970239678831833,0.8917283308137455,-1.3570875812661762
-1.3158553633591252,-0.07151270315989187,-1.5588656932021414,-0.14862985194436615,1.0306449204049108,0.005419655516224973,-0.9312584148974726,-0.8072325163299743,-1.6400840384431243,0.29388898187036677,-0.5521784430376232,-2.32973571345697,-0.7143107465532097,-0.9871555196129375,-0.16360572212948596,3.3959994094079002,0.43087025618535413,2.6463118903276084,-1.9448244455967496,-1.2433198012769076,-0.1468904092175404,-0.03876583916637281,2.5183901597603797,-2.236590856598822,-0.1336673906003906,-0.6657140101094517,0.13272554426426925,-1.1230350945428784,-0.3751012260030232,-1.9900381096547528,1.3779719061654867,-0.8652439377381418,-1.1493433994057252,-1.2219394202736067,-0.07248177258979784,2.2441920960722386,-0.09479797148124947,1.4135370180307465,-0.4255374383520855,0.4246343889774185,0.9190274208704998,-1.5027966593346804,3.1009907300118713,-5.366053514796524
1.9233777066297812,-1.7584889761422482,3.1809939731405534,0.07828205794162946,-1.6206266557799514,-0.06923441868021797,1.779400682864292,1.6804237711212182,2.8506009814452007,1.0872353407406015,0.5329912040207991,2.3801758581104515,0.5822489702292867,0.4091425234535657,2.4749081080653883,-4.586473136536839,-0.6688660251686405,-1.9448244455967496,5.428393363811865,0.8981227745034467,0.8487328763708533,-3.1900699709412197,-0.43719064610489844,3.327838891620799,0.5749386977910659,0.4055108086185187,1.4872257460175689,1.607909882914003,2.2975960510143585,0.294157338324324,-3.2101025737851407,-0.70096643127241,2.0618853055622126,-0.480242597559622,-1.2329652734349248,-5.092304147081379,1.3388481327763746,-2.4916544270336947,-1.0948586151709079,-1.4972378049377864,-1.5248325480961278,2.486638347609425,-5.648164286888182,8.23598008068766
0.38206837184636266,0.28167572046699535,0.5257878752493774,0.06440959074464342,-0.45877877129265615,0.19236909721490664,0.22592820988764278,0.1091723566417327,0.5704977984166707,-0.3008142182967498,0.6192701758973989,1.3075398622135794,0.33226745861984086,0.6253412924882545,-0.0447389179669258,-1.1556435497342434,-0.0994386838908805,-1.2433198012769076,0.8981227745034467,0.9626396613024294,0.23714186808197693,0.6216109770248291,-1.6766409937796598,0.5902998491063223,-0.2432141333123824,0.4447659010845243,-0.32940387952154077,0.6280162613791571,-0.08974624663690241,1.3550656692363336,-0.4644783247740154,0.40783495983854123,0.29940021415706775,0.6877720850150516,-0.01569780444068266,-0.8244718986368198,-0.19720753366099927,-0.38920315395889993,0.41931753939082295,-0.023515652158167786,-0.23017717832884474,0.534980004899715,-1.0816469585078947,1.9312441192163552
0.075044229439378,-0.41098692773271855,0.3158902399261076,-0.07080076148644043,-0.0991076300798406,-0.03149293615218006,0.08818370680506876,0.07114668904816203,0.2869294949003245,0.11871532905102776,0.21065867487812245,0.24887414999841104,0.03967223948218439,0.02904022955428311,0.40574783051752056,-0.03751731609715649,-0.07714105152453368,-0.1468904092175404,0.8487328763708533,0.23714186808197693,0.39559872780808536,-0.2823124387571503,-0.19768246032909736,0.05743552744235475,-0.06481921122478441,0.17933062904261335,0.1545628251082435,0.17575786670482657,0.21224251670521585,0.16567682990638571,-0.39210585875480675,-0.25205847148982174,0.04202558889133926,-0.14590735496398455,-0.1929618608691925,-0.5625158674683294,0.3119714897673563,-0.38480958174070007,-0.1294788809009059,-0.2608468622065852,-0.057650568445690144,0.10971546006625833,-0.5325522656701205,0.6542287557405538
-1.1266948735922735,1.8947141357779478,-1.9166106083065346,0.015476964881209204,0.7665195417841164,0.33186146337549705,-1.1349937381478816,-1.30066422515901,-1.6978372683351193,-1.3432326250504294,0.5110798257932578,-0.17431861829998313,-0.010022912195318338,0.5084825922130449,-2.0968038270294684,2.406020731577608,0.4654815284098645,-0.03876583916637281,-3.1900699709412197,0.6216109770248291,-0.2823124387571503,3.6357897939448858,-1.960325693369138,-2.071538764959091,-0.8835873316582147,0.2827340469505536,-1.6978789474365448,-0.4827659956489827,-2.0761351520030313,1.664005730501544,2.0711916024075623,1.116953412870128,-1.358933039196321,1.3002862165816802,0.9494748686691358,3.185010047195273,-1.3400341060036431,1.5733693782732645,1.5079578801460036,1.1993392042155298,0.9818010916945749,-1.344430983022508,3.2945010324183936,-4.350589279401444
-0.5577426529173726,-0.8971906219661161,-0.4456938855909246,-0.07234674101523406,0.5823837580200834,-0.22174264177180125,-0.1323764652344736,-0.02451984956471776,-0.7588795180599723,0.9838558725986123,-0.9629439054411171,-2.183970103988034,-0.6552679112371145,-1.2557085183350314,0.8287441398988955,1.7108708962029342,0.1566526340120214,2.5183901597603797,-0.43719064610489844,-1.6766409937796598,-0.19768246032909736,-1.960325693369138,3.684925290043957,-0.8471388462370982,0.44138577288185704,-0.9227841405941336,1.0387951314729387,-0.8830399063167254,0.7492870187986386,-2.9253370114155057,0.2879027158459479,-1.257698951122432,-0.26497011540404397,-1.8236588560906721,-0.47339606445912524,0.6074143967918539,0.5728131350658755,0.60041006147486,-1.1919206775356441,-0.19354291541124177,0.26027235515097713,-0.6179838945615532,1.2272034440677722,-2.711257464831925
1.869843798991978,-0.7504871600533478,2.495833258153872,0.19176048658233968,-1.3830968310324323,-0.1655940705877453,1.5920986527692418,1.536749588531007,2.334242342416198,0.5220797399292966,0.08699872495666715,2.1407360782423215,0.6948198273142027,0.5720657692347006,1.2417262147914025,-4.699894956558359,-0.6134126495667076,-2.236590856598822,3.327838891620799,0.5902998491063223,0.05743552744235475,-2.071538764959091,-0.8471388462370982,3.4209348336434564,0.7046349533314988,0.2479264988136627,0.8763616887348514,1.25741198964236,1.5670336290663123,0.5898001420372292,-2.2856848311321656,0.24239227156318935,1.9570904979183745,0.3419946856959195,-0.5127159397070826,-3.7787406897922007,0.6430387712672329,-1.9281164157314472,-0.5031651180480479,-0.936544690117567,-1.4472882898047696,2.2161877143084387,-4.602258395248415,7.251177885867774
0.38039435044138714,-0.3987481008764256,0.4831519809390735,0.017275616450906937,-0.19569439841816136,-0.14857215732770887,0.33655425806070577,0.3906644705242727,0.46058586552234243,0.27788009085490345,-0.2574306715542937,0.035495370152518385,0.040162509026509655,-0.10664258713836919,0.3775817057311853,-0.8294694083487778,-0.15188970456757248,-0.1336673906003906,0.5749386977910659,-0.2432141333123824,-0.06481921122478441,-0.8835873316582147,0.44138577288185704,0.7046349533314988,0.3261512188166349,-0.08973056689232135,0.3919790613527066,0.08018584375254649,0.4838100588569202,-0.39129207050159753,-0.4889123847121674,-0.1032878682337826,0.41861835109681933,-0.1890022736498761,-0.10771728563196062,-0.7306720387726503,0.31486637421014035,-0.45545581711117344,-0.328340363166679,-0.27672528811761593,-0.3119245203811004,0.38286841528345444,-0.8695171330616804,1.2833430551744756
0.18782687023352176,-0.005087237045256569,0.2327965642193287,-0.021394468698660307,-0.1692490760536497,0.009915905251614841,0.06199545632643221,0.05659078765278897,0.32810667211126177,-0.17115934170888011,0.256767941995927,0.5698370145211393,0.1508474619373286,0.286744019562106,-0.03633789592445396,-0.4412048425652066,-0.08519025614523021,-0.6657140101094517,0.4055108086185187,0.4447659010845243,0.17933062904261335,0.2827340469505536,-0.9227841405941336,0.2479264988136627,-0.08973056689232135,0.29893792963718213,-0.1579428208385659,0.25791745253336346,-0.07925547419956319,0.7250506208155525,-0.24485856832043837,0.19957610890388441,0.08750378325498881,0.3719178393037696,0.07050857155479012,-0.3727806067429594,0.028177333455351464,-0.35354526010547516,0.211178849348942,-0.07902914069603365,-0.10313685578968944,0.18624309646496,-0.5276152812564238,0.9501984018352814
0.4781566688678592,-0.8857729686790335,0.8576797965370779,-0.021032793285554303,-0.28060096291169045,-0.15633321208518206,0.5168071523889555,0.5825055495136132,0.7052617582762631,0.6365312496936212,-0.23145323180963637,-0.01369186797594715,-0.021931384884978124,-0.3015977622139196,1.015872976752435,-0.9504282477269773,-0.19094865173619424,0.13272554426426925,1.4872257460175689,-0.32940387952154077,0.1545628251082435,-1.6978789474365448,1.0387951314729387,0.8763616887348514,0.3919790613527066,-0.1579428208385659,0.86334429841597915,0.18365890281865474,0.9642885362204885,-0.8828598779872376,-0.9126902588417709,-0.5761645292638385,0.5995169027800953,-0.7132558690609023,-0.47877682587489834,-1.3916145812248644,0.643054607898909,-0.6983377400505487,-0.7589591335284694,-0.5737928177711341,-0.4315529081605272,0.6051804353153692,-1.4236155627593898,1.8387701152541067
0.7200708286637645,-0.09071329380236463,1.0208230624587584,0.07295338109084354,-0.7052256704589557,0.11985786395895966,0.5962372117521899,0.5399219798833164,1.0025776620862517,0.10895034019599792,0.40182937618549497,1.2775374215007131,0.34353234626781926,0.43065446507449323,0.49573384829529316,-1.9913871000118495,-0.18434000606090192,-1.1230350945428784,1.607909882914003,0.6280162613791571,0.17575786670482657,-0.4827659956489827,-0.8830399063167254,1.25741198964236,0.08018584375254649,0.25791745253336346,0.18365890281865474,0.7885347771927461,0.5524505787978324,0.704071193271701,-0.9637829268650563,0.13321674969627603,0.7688110077706022,0.2814927161411175,-0.30786125318817176,-1.703468031767752,0.08188648711183497,-0.7045603576600098,-0.029912512486585614,-0.26352363391594147,-0.5480912225335766,0.9619291436486357,-1.925216245332409,3.1214574930397605
0.8586243304537561,-0.9885906500329998,1.4011256164732497,0.03356998679448089,-0.6754451500733144,-0.10452040592875099,0.8416435870276718,0.8814983974708097,1.2385575399651425,0.7602034019994568,-0.09295856090134903,0.5832216651886933,0.13681293047306464,-0.10650416565873201,1.2976263545396638,-2.0321459463113403,-0.2986089660846804,-0.3751012260030232,2.2975960510143585,-0.08974624663690241,0.21224251670521585,-2.0761351520030313,0.7492870187986386,1.5670336290663123,0.4838100588569202,-0.07925547419956319,0.9642885362204885,0.5524505787978324,1.3131770548443058,-0.6336176509234841,-1.4387521793273035,-0.5360003787778604,1.0143309364520479,-0.5961569060376934,-0.6451011779705332,-2.3142769967735166,0.7160597845407343,-1.043705457220563,-0.805745384323018,-0.7099736613070523,-0.7261934624517861,1.0910948722439904,-2.4476910004508765,3.4414647395843194
0.42069655324141514,0.7592483468555021,0.3278060388900194,0.07084488351108373,-0.46676309001131794,0.18436181950958366,0.12200083344941136,-0.028244371912145207,0.5340598011183368,-0.7934629726779296,0.79703708793715,1.737132691217039,0.5072058012871891,1.0039521440502304,-0.7001260004177441,-1.3019201695153022,-0.09206833972068762,-1.9900381096547528,0.294157338324324,1.3550656692363336,0.16567682990638571,1.664005730501544,-2.9253370114155057,0.5898001420372292,-0.39129207050159753,0.7250506208155525,-0.8828598779872376,0.704071193271701,-0.6336176509234841,2.3815289797373373,-0.19833521723402164,1.0160888706647675,0.16706788387752136,1.4842754549898638,0.40991980741226675,-0.3968556851702423,-0.44220682459713573,-0.42117847512541895,0.9999599241852251,0.1849174696432015,-0.18574836415169912,0.4649764069713574,-0.9053863397653663,2.063794026339764
-1.3398520244600087,1.164765579181192,-2.0351853520061405,-0.06055534822980287,1.045993042733217,0.1532654359588725,-1.1831795070671964,-1.1337814767466288,-1.8891445157261801,-0.6736449872244265,-0.14774202517058985,-1.4572518936415524,-0.35975521686088086,-0.2820680954251587,-1.4281269062494655,3.134643032169865,0.47571551071452167,1.3779719061654867,-3.2101025737851407,-0.4644783247740154,-0.39210585875480675,2.0711916024075623,0.2879027158459479,-2.2856848311321656,-0.4889123847121674,-0.24485856832043837,-0.9126902588417709,-0.9637829268650563,-1.4387521793273035,-0.19833521723402164,2.084811764631843,0.2885374257802391,-1.3779019704599755,0.14919813638149432,0.5786972100278852,3.182702034444571,-0.8908386317195806,1.7015452268471138,0.6611093923904725,0.9533262901264199,1.0190083462314292,-1.585110028463006,3.6812640862151493,-5.467162779906048
0.13648656870372428,0.744012770576423,-0.14276255858910356,0.08981505129269077,-0.0849756894850209,0.061008347359235035,0.001480158160416541,-0.07918659018885649,-0.04149176911791213,-0.5317288710522212,0.15907976763495002,0.5874250725819139,0.24421743065342846,0.4532606017058254,-0.7555312714091452,-0.5521929876242371,-0.0010638052780554523,-0.8652439377381418,-0.70096643127241,0.40783495983854123,-0.25205847148982174,1.116953412870128,-1.257698951122432,0.24239227156318935,-0.1032878682337826,0.19957610890388441,-0.5761645292638385,0.13321674969627603,-0.5360003787778604,1.0160888706647675,0.2885374257802391,0.7879192071885124,0.03976317633408592,0.8600149975571318,0.41937998003930116,0.3993094236244776,-0.46705873049576657,0.09483644109279066,0.6195159684382101,0.31065304253808207,-0.041570803195771534,0.09626877698649247,0.0902307068533051,0.3854771375474009
1.0703812713568963,-0.4480358538500904,1.4745560271947231,0.1184844480048411,-0.8341579321476028,-0.04570689615600591,0.9584299804557248,0.911755343290782,1.3421758209152173,0.39177869126467196,0.06928223195346224,1.2081205088872646,0.3769756058869732,0.27788461532269065,0.8409859692724809,-2.741734253293216,-0.3303012490989677,-1.1493433994057252,2.0618853055622126,0.29940021415706775,0.04202558889133926,-1.358933039196321,-0.26497011540404397,1.9570904979183745,0.41861835109681933,0.08750378325498881,0.5995169027800953,0.7688110077706022,1.0143309364520479,0.16706788387752136,-1.3779019704599755,0.03976317633408592,1.1827794222920287,0.031121631786424266,-0.4065806908520435,-2.287136471081716,0.36368988558790866,-1.0589009226698263,-0.384977734998036,-0.534136649190127,-0.847624972465921,1.323118433156326,-2.6826269278196033,4.195654888451104
0.22635790578471535,0.6737658312206043,-0.026438241716050716,0.06618274045499724,-0.2092982695896556,0.059367057069082727,-0.023379538366393417,-0.0833824263401478,0.19103892153458796,-0.601357444829574,0.3211055786344615,0.879230958650041,0.27814662863481243,0.6468928618611004,-0.7936819917765722,-0.7429600380746941,-0.021292608563044383,-1.2219394202736067,-0.480242597559622,0.6877720850150516,-0.14590735496398455,1.3002862165816802,-1.8236588560906721,0.3419946856959195,-0.1890022736498761,0.3719178393037696,-0.7132558690609023,0.2814927161411175,-0.5961569060376934,1.4842754549898638,0.14919813638149432,0.8600149975571318,0.031121631786424266,1.190317318587631,0.5027565230593297,0.19414190463254555,-0.4134304403982833,-0.10935748942257491,0.7618058521864476,0.28021850924672453,-0.03662468785429451,0.14225639861076422,-0.2144457537901081,0.8503755500599406
-0.23888608510997192,0.33801171281732045,-0.5847930868047408,-0.014137366536552254,0.3023415823342799,-0.12314685215053822,-0.31032723309430515,-0.337524856422283,-0.4476124703353244,-0.39776881077976656,-0.15389608983050318,-0.2905329939624947,-0.059396534221151834,0.08240866694126033,-0.7487448639663731,0.7081067353662588,0.06619577222457432,-0.07248177258979784,-1.2329652734349248,-0.01569780444068266,-0.1929618608691925,0.9494748686691358,-0.47339606445912524,-0.5127159397070826,-0.10771728563196062,0.07050857155479012,-0.47877682587489834,-0.30786125318817176,-0.6451011779705332,0.40991980741226675,0.5786972100278852,0.41937998003930116,-0.4065806908520435,0.5027565230593297,0.5731315087056791,1.1081584613767061,-0.20393613045810546,0.24780432154395066,0.4193921917109917,0.2761477231752742,0.2734516340928679,-0.4983447728941031,0.9467683278979299,-1.1826555857351049
-2.113885708116829,1.5162412914551973,-3.2007279478998742,-0.1136393442012109,1.771547320754378,0.061145841917419085,-1.8391775281715825,-1.8542297346745031,-3.0262311923312275,-1.0171265387214095,-0.39651417744520595,-2.5433389321247253,-0.6808494656204152,-0.5345432482946458,-2.2372740767579145,5.275717635151714,0.7094688729008789,2.2441920960722386,-5.092304147081379,-0.8244718986368198,-0.5625158674683294,3.185010047195273,0.6074143967918539,-3.7787406897922007,-0.7306720387726503,-0.3727806067429594,-1.3916145812248644,-1.703468031767752,-2.3142769967735166,-0.3968556851702423,3.182702034444571,0.3993094236244776,-2.287136471081716,0.19414190463254555,1.1081584613767061,5.252707538918152,-1.1090394118574718,2.485704175586317,0.9830557944029229,1.3462819745295385,1.6719523243836325,-2.6484976870349928,5.848072596570571,-8.772997490958096
0.44061057636749473,-1.0597799879675684,0.7830760839982902,-0.06421369769619169,-0.18683475240897493,-0.3087569482366167,0.43930940574712424,0.4348760583918824,0.6700878485104744,0.48288383776854904,-0.21232849281573987,-0.043659911132619966,-0.03991430591327596,-0.23082212803129526,0.8302700032269846,-0.5913537395836606,-0.2203556238302197,-0.09479797148124947,1.3388481327763746,-0.19720753366099927,0.3119714897673563,-1.3400341060036431,0.5728131350658755,0.6430387712672329,0.31486637421014035,0.028177333455351464,0.643054607898909,0.08188648711183497,0.7160597845407343,-0.44220682459713573,-0.8908386317195806,-0.46705873049576657,0.36368988558790866,-0.4134304403982833,-0.20393613045810546,-1.1090394118574718,0.9076136839781718,-0.9293937665119937,-0.5496820575459339,-0.6514214412528266,-0.3391483697861286,0.38660301925377755,-1.329794193907054,1.6906525269369814
-1.16973168199505,1.1094086495940563,-1.65694752006203,0.012834576511106368,0.7583163941600921,0.309298073329086,-0.9224024079805215,-0.9408438909641619,-1.6510558660444654,-0.4207153113225867,-0.0325821034784114,-1.1612602768242992,-0.3205815570262937,-0.2571888118763056,-1.0340523586441865,2.488834202311991,0.47612940020058836,1.4135370180307465,-2.4916544270336947,-0.38920315395889993,-0.38480958174070007,1.5733693782732645,0.60041006147486,-1.9281164157314472,-0.45545581711117344,-0.35354526010547516,-0.6983377400505487,-0.7045603576600098,-1.043705457220563,-0.42117847512541895,1.7015452268471138,0.09483644109279066,-1.0589009226698263,-0.10935748942257491,0.24780432154395066,2.485704175586317,-0.9293937665119937,1.729578500350173,0.45739630825082916,0.8970345583119219,0.8498349513502658,-1.2234029980712198,3.073923657167879,-4.66099985766724
-0.26702683737954713,0.821100634511572,-0.5722951035712972,0.033515036385898034,0.1334762260691465,0.139705482539049,-0.3246759352754649,-0.4069789340507907,-0.44986721667080654,-0.5983279371027811,0.2781631553399187,0.2748321456504186,0.11238676234392589,0.36882559499122497,-0.8779192894299742,0.432651342230634,0.12980668380773783,-0.4255374383520855,-1.0948586151709079,0.41931753939082295,-0.1294788809009059,1.5079578801460036,-1.1919206775356441,-0.5031651180480479,-0.328340363166679,0.211178849348942,-0.7589591335284694,-0.029912512486585614,-0.805745384323018,0.9999599241852251,0.6611093923904725,0.6195159684382101,-0.384977734998036,0.7618058521864476,0.4193921917109917,0.9830557944029229,-0.5496820575459339,0.45739630825082916,0.7246870217039679,0.4537151512967204,0.2588565954641058,-0.3368641143577571,0.901587336116883,-0.99093584463526
-0.556945163322297,0.8077707211760401,-0.9285541638483144,0.0138005806755251,0.3211614166641139,0.21502553824538695,-0.5312835236150513,-0.5182517480074366,-0.804446831562263,-0.38514021963168454,0.0860411158242392,-0.38084728841314164,-0.11062102206754154,0.05035061625068715,-0.7939214058698483,1.0675571031685267,0.2657411807301775,0.4246343889774185,-1.4972378049377864,-0.023515652158167786,-0.2608468622065852,1.1993392042155298,-0.19354291541124177,-0.936544690117567,-0.27672528811761593,-0.07902914069603365,-0.5737928177711341,-0.26352363391594147,-0.7099736613070523,0.1849174696432015,0.9533262901264199,0.31065304253808207,-0.534136649190127,0.28021850924672453,0.2761477231752742,1.3462819745295385,-0.6514214412528266,0.8970345583119219,0.4537151512967204,0.6264655159781607,0.44408563744266527,-0.618327172679402,1.600655321143809,-2.22466019263524
-0.8133241092242095,0.3557732901568086,-1.1139878304042241,-0.08485099193849478,0.5904137888796452,0.06865442210168149,-0.7232723345187856,-0.6710152145970325,-0.9909482582636677,-0.26253265716326446,-0.04178136059246627,-0.9078388604173276,-0.28649231300674965,-0.18916003110691368,-0.6153482001938565,2.0059155510996525,0.2698898184715707,0.9190274208704998,-1.5248325480961278,-0.23017717832884474,-0.057650568445690144,0.9818010916945749,0.26027235515097713,-1.4472882898047696,-0.3119245203811004,-0.10313685578968944,-0.4315529081605272,-0.5480912225335766,-0.7261934624517861,-0.18574836415169912,1.0190083462314292,-0.041570803195771534,-0.847624972465921,-0.03662468785429451,0.2734516340928679,1.6719523243836325,-0.3391483697861286,0.8498349513502658,0.2588565954641058,0.44408563744266527,0.665386951835967,-0.9858789021044612,2.0080873292256567,-3.1510004327454704
1.2426287153825908,-0.4081896518544298,1.7301358237819187,0.14514434580625024,-0.9895424656760418,0.02420497614292425,1.0914388317307322,1.0121533320008198,1.564068788375065,0.37141086801063017,0.2581665985966046,1.5990482184651011,0.4605729195558263,0.41104675339799024,0.9484917571105581,-3.1827413437094774,-0.35970239678831833,-1.5027966593346804,2.486638347609425,0.534980004899715,0.10971546006625833,-1.344430983022508,-0.6179838945615532,2.2161877143084387,0.38286841528345444,0.18624309646496,0.6051804353153692,0.9619291436486357,1.0910948722439904,0.4649764069713574,-1.585110028463006,0.09626877698649247,1.323118433156326,0.14225639861076422,-0.4983447728941031,-2.6484976870349928,0.38660301925377755,-1.2234029980712198,-0.3368641143577571,-0.618327172679402,-0.9858789021044612,1.6025204818108887,-3.1401444865921984,4.937708474691042
-2.627169490609809,1.6386570271380865,-3.7860784349165217,-0.1896719536255136,2.0413728843703804,0.21421810596716429,-2.2515565707710716,-2.1452721054742074,-3.5427407196876564,-0.9572783160439323,-0.3804206753051431,-3.1315874104789607,-0.8739692895983263,-0.7770827570292776,-2.27313178826184,6.383548199397153,0.8917283308137455,3.1009907300118713,-5.648164286888182,-1.0816469585078947,-0.5325522656701205,3.2945010324183936,1.2272034440677722,-4.602258395248415,-0.8695171330616804,-0.5276152812564238,-1.4236155627593898,-1.925216245332409,-2.4476910004508765,-0.9053863397653663,3.6812640862151493,0.0902307068533051,-2.6826269278196033,-0.2144457537901081,0.9467683278979299,5.848072596570571,-1.329794193907054,3.073923657167879,0.901587336116883,1.600655321143809,2.0080873292256567,-3.1401444865921984,6.933080183600096,-10.59395138851873
4.140989011394753,-1.9554214674047175,5.705270873298965,0.3406098558253203,-3.228780648822099,-0.2674584313621387,3.482091625042627,3.2922301767355764,5.447543800719659,1.100581356770886,0.7015869165706978,5.248648541379557,1.5322596507735955,1.466748926437104,3.007134412143453,-10.270340465909861,-1.3570875812661762,-5.366053514796524,8.23598008068766,1.9312441192163552,0.6542287557405538,-4.350589279401444,-2.711257464831925,7.251177885867774,1.2833430551744756,0.9501984018352814,1.8387701152541067,3.1214574930397605,3.4414647395843194,2.063794026339764,-5.467162779906048,0.3854771375474009,4.195654888451104,0.8503755500599406,-1.1826555857351049,-8.772997490958096,1.6906525269369814,-4.66099985766724,-0.99093584463526,-2.22466019263524,-3.1510004327454704,4.937708474691042,-10.59395138851873,16.71133155554298
