V1,V2,V3,V4,V5,V6,V7,V8,V9,V10,V11,V12,V13,V14,V15,V16,V17,V18,V19,V20,V21,V22,V23,V24,V25,V26,V27,V28,V29,V30,V31,V32,V33,V34,V35,V36,V37,V38,V39,V40,V41,V42,V43,V44
7.278055249202017,-43.0969787314039,-35.075060227120964,-2.8159184494795753,-12.958184899346536,7.038887795748494,6.867199158380806,10.047583310640274,30.536809863117114,-3.2814168347825863,-11.467525514889616,-20.49834505335589,-21.63486765949006,7.684127861636063,-2.1388636681451603,12.951982222629486,-7.932684393737515,23.590418958837578,2.131785001538169,-26.87128896535026,-10.398594266928438,-27.770241149003095,9.890552582717019,0.890434058664334,-39.0830474980863,-6.711316352827964,-16.59302647239739,-35.400670943301975,12.308222327926623,-10.949316385969585,5.48757144157637,-5.942117938952648,-1.2364673889004727,-3.0806615690398176,-13.078078291352663,24.84667604375861,-10.309930274275327,-27.19688253469207,-10.006654717934712,12.172118924384986,28.82346276285584,-22.978197928906823,31.783971290824486,43.190166117473595
-43.0969787314039,257.8669043571252,209.35182710779534,17.01445885332308,77.1048069250111,-42.606905114205,-40.252414243255046,-60.30119467488598,-182.5409419905537,19.273047618720433,68.72753434727356,121.80594986452803,129.7500964654312,-45.99712075294988,12.440835304490042,-77.54107053530059,47.054221740487804,-140.64502275466518,-12.916754655570463,160.13685423488832,61.97789654791867,166.0422577422317,-58.9331096797999,-5.817730956222954,233.96677916356686,40.193186693604055,99.61955257511433,211.83260786021378,-73.39233637319664,65.13579104627368,-33.46151430741976,35.600978326521,7.293627112811005,18.710963316608446,77.5999798672284,-148.61177923811576,61.60436744548458,162.95451404770057,59.09435875939489,-72.52180400673382,-172.15142234878405,137.39117648112625,-189.8071796895557,-258.8730091220537
-35.075060227120964,209.35182710779534,170.138799314321,13.948825768015327,62.75795287046625,-34.508196222464555,-32.91143436915475,-48.988789641700095,-148.4033484842885,15.80931710023647,55.609498420943915,98.99515559813776,105.25723548192803,-37.46574115057023,10.214557877722216,-62.96934540632529,38.26432078922366,-114.44387011035519,-10.412963545990358,130.23869310808138,50.24870657507772,135.00400577739876,-47.96972411492891,-4.677319188139669,190.11923662083566,32.78158049603349,80.83728745550678,172.03690890360627,-59.563433703189126,52.88916100923057,-27.112559134347254,28.698089359792736,5.944405334362405,15.033544514100411,63.1355387367031,-120.62264647813623,50.04989300657819,132.46596713771692,48.12735634173668,-58.92301776954155,-139.83071651855454,111.8059345958616,-154.19163959099126,-210.12666240516077
-2.8159184494795753,17.01445885332308,13.948825768015327,2.4072312980848403,5.335910712061009,-3.0392848787671642,-2.5732221467886043,-4.287848171845639,-12.939612297892728,1.6044215104213952,3.633455959472656,7.455786933567542,8.674819614357462,-3.9484036059629566,0.7142501795223294,-5.259226346226117,2.8801755695187983,-10.407446903285479,-0.7916126826445604,11.154428949646919,3.2174320893950603,12.223825048181158,-4.042055963745906,-0.753048490974482,16.504198727183606,3.63253057411549,6.7457234359308655,14.221573276063955,-4.61688579184142,3.992828918065559,-2.6355601113781315,1.2198583410816846,0.5333987055059028,1.1374194415704004,4.9464093637931015,-9.522835878067168,4.08018531470467,12.126328785751323,3.5733777196504133,-4.613013830149477,-11.134958724370794,10.356940872167481,-12.587803126988485,-17.265364717661868
-12.958184899346536,77.1048069250111,62.75795287046625,5.335910712061009,23.249818779491928,-12.68155198075939,-12.234603723556566,-18.107167455361104,-54.82022945303793,5.964867310478203,20.234236356716288,36.406538356217794,38.75666477445085,-13.952484468148628,3.8253651975730936,-23.256635165927847,14.123803453837319,-42.42279582975056,-3.7819529859663272,48.126867562514896,18.36931767474877,50.00578018848296,-17.74365023845018,-1.7644631369786516,70.21050971665916,12.24280527941736,29.746970214201006,63.41645059771383,-21.92968520354,19.43335299521479,-10.032858366399523,10.312018760325813,2.206605229738246,5.43933960569242,23.255917184457644,-44.34454427482704,18.43183431220731,49.044936697484154,17.79898017846531,-21.679969172042053,-51.553413432754986,41.4465490685037,-56.84428109416922,-77.4314947688665
7.038887795748494,-42.606905114205,-34.508196222464555,-3.0392848787671642,-12.68155198075939,7.217093818063607,6.418184075308796,10.036820793296158,30.261673119902575,-3.149956578878523,-11.250870992433617,-19.835368085584935,-21.52132889584683,7.749688983615836,-1.9501235035329858,12.859353368994269,-7.632804600563033,23.30354659142522,2.18929932633889,-26.37669795141421,-10.076559443700924,-27.571672272161084,9.693707340453601,1.1242474847366541,-38.78330493101088,-6.807693103971752,-16.562238038403272,-35.00740030873414,12.053453150887986,-10.635798667582838,5.69099756388675,-5.7392015301315364,-1.2092558763537955,-3.1863546900689292,-12.658571216529717,24.518912681081616,-10.17930166531027,-27.140829011761088,-9.537819423678668,11.891819720893642,28.311612769520163,-22.85203501214359,31.284075009240677,42.8410027105777
6.867199158380806,-40.252414243255046,-32.91143436915475,-2.5732221467886043,-12.234603723556566,6.418184075308796,6.7599206753323395,9.400809618831232,28.635255612411996,-3.2107122440280804,-10.638586597825169,-19.368664060911136,-20.056030015094787,7.1563983180324735,-2.1687122228825992,12.062699417208918,-7.493499289436654,22.116972450629053,1.8977886371080626,-25.299893832624885,-9.720525890556083,-25.972534176081304,9.376854992630179,0.7171666670154012,-36.61818121586019,-6.353403575153411,-15.450010882682218,-33.12093773262864,11.45229134046487,-10.227320217088986,5.0319557592677455,-5.455611964657525,-1.1481333708817616,-2.5687169837271857,-12.427363202917746,23.15802970137437,-9.65545430495009,-25.413394098230544,-9.51791519206281,11.459629855915855,27.02331711142689,-21.61424087631842,29.753021719353153,40.30404429019531
10.047583310640274,-60.30119467488598,-48.988789641700095,-4.287848171845639,-18.107167455361104,10.036820793296158,9.400809618831232,14.285126710074252,42.869703304866576,-4.732960930071595,-15.762370699549383,-28.248054159416665,-30.352737184368042,10.985170496779523,-2.9228255326318493,18.16215891732815,-10.96479735786378,33.21655317579108,2.9413968096019882,-37.60736968404377,-14.232838197854987,-39.25480454967043,13.856007706606858,1.5685291883599055,-54.99410514413628,-9.719921411978111,-23.35739427740863,-49.61754098596385,17.153122844467912,-15.027397867379674,8.017166373782203,-7.937087929802057,-1.6836363482990861,-4.189245393346865,-18.03680507221043,34.632081157809004,-14.405500066349473,-38.56382561728535,-13.738928670351706,16.909645623854765,40.31252669199534,-32.50965740389996,44.36789957774636,60.67396501544947
30.536809863117114,-182.5409419905537,-148.4033484842885,-12.939612297892728,-54.82022945303793,30.261673119902575,28.635255612411996,42.869703304866576,130.06156184148088,-13.866865989740875,-48.05233644336906,-85.99408956495344,-91.80214443739915,33.2075974934879,-8.824556047977188,54.93790358246905,-33.14746485189115,100.33929099760904,9.092826474404804,-113.88969526986054,-43.26787425701479,-118.31865181576731,41.911389897846995,4.248016293018593,-166.49268741029996,-29.229476119421804,-70.65566022952177,-150.13360284195312,51.65870768937605,-45.92341650195278,23.879692917291504,-24.417784794749387,-5.234123825209848,-13.03500514494794,-55.04268206717778,105.03169577289287,-43.68871832668615,-116.27469121191292,-41.6291006729776,51.30311244115794,121.62154190249694,-98.29982000304977,134.46938448859783,183.2863912647885
-3.2814168347825863,19.273047618720433,15.80931710023647,1.6044215104213952,5.964867310478203,-3.149956578878523,-3.2107122440280804,-4.732960930071595,-13.866865989740875,1.9828437857622545,4.67079609018053,8.982016923027674,9.639133433307162,-3.7315574564731864,1.078193024551942,-5.8069180145602735,3.635745008990889,-11.119033500294046,-0.7587271245271806,12.381287278472884,4.368481077016678,13.089649607312122,-4.565236624813118,-0.6468252278213034,17.809383917087384,3.431786511625171,7.458319356419353,15.969951583541278,-5.643214092905094,4.607083291889548,-2.660718433168722,2.071148606577103,0.4763944325087582,0.9771093877544073,5.766704899772632,-10.92075685676924,4.606192363570125,12.775182689053578,4.552088864261438,-5.4218766119457324,-13.138952142456821,10.775358660104391,-14.233626995525736,-19.4753818070667
-11.467525514889616,68.72753434727356,55.609498420943915,3.633455959472656,20.234236356716288,-11.250870992433617,-10.638586597825169,-15.762370699549383,-48.05233644336906,4.67079609018053,19.25430409485307,33.01086321950482,34.53133974232312,-11.578374568534604,3.2489549225538403,-20.42856840238486,12.617958203318901,-36.51409064469172,-3.573056438127991,42.23660096519863,17.1985565956691,43.108770746685444,-15.515624071332391,-1.2167363530643387,61.60396463210019,9.926616420669154,26.491137355100783,56.259580900149466,-19.655917067865044,17.72671828193655,-8.562525717409777,10.514882810522622,1.925471227606903,5.25166419962844,20.89471238570367,-39.95402675972596,16.43656801264722,42.299136527195834,15.820638803202673,-19.504495748267942,-45.82655496823077,35.565559718429945,-50.54448956464686,-68.7611141878409
-20.49834505335589,121.80594986452803,98.99515559813776,7.455786933567542,36.406538356217794,-19.835368085584935,-19.368664060911136,-28.248054159416665,-85.99408956495344,8.982016923027674,33.01086321950482,58.33490833130074,61.12011687110028,-21.300989462424113,5.992771240637608,-36.392600980363234,22.455354059228277,-66.06204441817346,-6.043876368421771,75.72480743027407,29.765083794754368,77.79987761037538,-27.849725921634317,-2.352500658318447,110.14009585935912,18.480145123059792,46.879407552052676,100.00901614746569,-34.80142983609534,31.17653920130832,-15.397307081088115,17.382886566281414,3.4458771629073834,8.772048639465702,37.11954685474077,-70.44792837009678,29.151803916795426,76.24187047544704,28.28123732992898,-34.51047918160223,-81.42048573243022,64.359545780075507,-89.8155624593843,-122.00234183342998
-21.63486765949006,129.7500964654312,105.25723548192803,8.674819614357462,38.75666477445085,-21.52132889584683,-20.056030015094787,-30.352737184368042,-91.80214443739915,9.639133433307162,34.53133974232312,61.12011687110028,65.41971850729281,-23.203948853086906,6.161598002951418,-39.0770717805545,23.65181290404489,-70.80133204717929,-6.530608387023876,80.48177024783968,31.13888259333445,83.64606183875159,-29.576342959755998,-3.026783385325774,117.72896375570507,20.177024805373456,50.12947829517871,106.5939335674839,-36.96568664215762,32.77767088290851,-16.954603883094855,17.883505560730455,3.666977312307493,9.605104490081295,38.867837298281465,-74.77715239055915,30.95756904694529,82.0872802714733,29.667110471559383,-36.4006633052244,-86.59656285675754,69.11131673937265,-95.48942203951161,-130.34884753185978
7.684127861636063,-45.99712075294988,-37.46574115057023,-3.9484036059629566,-13.952484468148628,7.749688983615836,7.1563983180324735,10.985170496779523,33.2075974934879,-3.7315574564731864,-11.578374568534604,-21.300989462424113,-23.203948853086906,8.872365243724746,-2.172068737567365,13.942220772569161,-8.251491676538471,25.934687190421585,2.24736502709088,-29.01202021846144,-10.430052912607032,-30.55922688982387,10.643772479561422,1.3041260749930077,-42.494581479024205,-7.904813666005635,-17.895555319140676,-37.96066531856796,12.947072979810672,-11.369030280723331,6.262022067127588,-5.509343050093294,-1.3333520246423134,-3.2265677135989814,-13.722320314314254,26.28804012428255,-11.001987795635214,-30.07101180889195,-10.336936388877797,12.818820024658919,30.582260347634545,-25.45587162402249,33.900511358310446,46.30202254422354
-2.1388636681451603,12.440835304490042,10.214557877722216,0.7142501795223294,3.8253651975730936,-1.9501235035329858,-2.1687122228825992,-2.9228255326318493,-8.824556047977188,1.078193024551942,3.2489549225538403,5.992771240637608,6.161598002951418,-2.172068737567365,0.7619271149968747,-3.750950512944971,2.365907220877038,-6.818218474964096,-0.5478760601733482,7.816685939222698,3.046520088265699,8.020811504619285,-2.9348181665855844,-0.2224960790203264,11.276974330087935,1.9598318428911676,4.760150100403328,10.24096770489617,-3.5613288235047906,3.109754793053309,-1.5515959103907302,1.6665518892239395,0.338439448427017,0.6927162048700152,3.846366728228918,-7.130922880243448,2.985700545334988,7.834089708152129,3.022927114775263,-3.5462738677546635,-8.441112286675246,6.675779367969925,-9.202807754069095,-12.486780612933183
12.951982222629486,-77.54107053530059,-62.96934540632529,-5.259226346226117,-23.256635165927847,12.859353368994269,12.062699417208918,18.16215891732815,54.93790358246905,-5.8069180145602735,-20.42856840238486,-36.392600980363234,-39.0770717805545,13.942220772569161,-3.750950512944971,23.489565036058632,-14.108481591716227,42.40743668886019,3.9209375221141545,-48.07863311489684,-18.529740473868248,-50.11695352992008,17.726152446337757,1.8046536366961832,-70.40880167385332,-12.17621436325129,-29.944734774946866,-63.70328365238933,22.01882912284818,-19.51345765639511,10.137620553526267,-10.537125458600908,-2.219522932599118,-5.70571960010841,-23.184883091283762,44.58779503824238,-18.49418573085435,-49.15974872318996,-17.760905213146238,21.702062445117015,51.76436401338408,-41.46055360918143,57.05512199973405,77.91069145658504
-7.932684393737515,47.054221740487804,38.26432078922366,2.8801755695187983,14.123803453837319,-7.632804600563033,-7.493499289436654,-10.96479735786378,-33.14746485189115,3.635745008990889,12.617958203318901,22.455354059228277,23.65181290404489,-8.251491676538471,2.365907220877038,-14.108481591716227,8.786578953591013,-25.64941390807588,-2.2607471664286445,29.285179445570204,11.499621971285055,30.23405370411304,-10.77194452747161,-0.9980958321830194,42.52504948887769,7.121626903214177,18.07128388556116,38.65933926333548,-13.578904605947253,11.97847104722991,-6.022595329003718,6.608924335630111,1.2971012230609864,3.3415723443108867,14.229569510637296,-27.16853528073939,11.228357402657963,29.569191428243393,11.046739589086988,-13.294282808840615,-31.632239780845822,24.87769181241799,-34.71958377613118,-47.24247851174584
23.590418958837578,-140.64502275466518,-114.44387011035519,-10.407446903285479,-42.42279582975056,23.30354659142522,22.116972450629053,33.21655317579108,100.33929099760904,-11.119033500294046,-36.51409064469172,-66.06204441817346,-70.80133204717929,25.934687190421585,-6.818218474964096,42.40743668886019,-25.64941390807588,78.0140477698819,6.843719964948056,-88.11498304352061,-33.03792949741565,-91.94739583174824,32.37233299453928,3.5121254723520847,-128.55617658944396,-22.843663100248197,-54.39040175831215,-115.79822640726826,40.034944749058376,-35.237780176547034,18.577306934742637,-18.231597943559468,-3.9940187040502884,-9.888992161597992,-42.24748911327289,80.7481328611881,-33.608188338712004,-90.21504096988564,-32.21092394857194,39.45908192001563,93.95659595691698,-76.16919972204688,103.66290389450425,141.34641054346343
2.131785001538169,-12.916754655570463,-10.412963545990358,-0.7916126826445604,-3.7819529859663272,2.18929932633889,1.8977886371080626,2.9413968096019882,9.092826474404804,-0.7587271245271806,-3.573056438127991,-6.043876368421771,-6.530608387023876,2.24736502709088,-0.5478760601733482,3.9209375221141545,-2.2607471664286445,6.843719964948056,0.7771435827940032,-7.841615221698987,-3.1584461659831615,-8.107696922182539,2.8831016480573006,0.22174118029904646,-11.613870693317672,-1.9457085112132602,-5.020333835226719,-10.540395061944627,3.5845397557086267,-3.312968213610223,1.6154387808503934,-1.9569386070956132,-0.40378225400839374,-1.130595361588791,-3.8577959185977213,7.477586099888691,-3.082796581702786,-7.986289992068255,-2.8453067748417604,3.6123811656206626,8.470064261192407,-6.748021744877249,9.452623653342062,12.899399014693026
-26.87128896535026,160.13685423488832,130.23869310808138,11.154428949646919,48.126867562514896,-26.37669795141421,-25.299893832624885,-37.60736968404377,-113.88969526986054,12.381287278472884,42.23660096519863,75.72480743027407,80.48177024783968,-29.01202021846144,7.816685939222698,-48.07863311489684,29.285179445570204,-88.11498304352061,-7.841615221698987,100.10383274031311,38.100066348706065,103.8481863385395,-36.79425638445114,-3.6860313661560347,145.90229430305402,25.50253727752578,61.87903406893212,131.72943272171042,-45.587557107621834,40.364290806832145,-20.851134264752684,21.466906601222572,4.527921443650105,11.265860609534755,48.37918514374248,-92.15905720030366,38.30005790262515,101.90430734177738,36.779939599183955,-45.10801687020025,-106.97021006212246,86.05414370183065,-118.02733567960409,-160.75979145942637
-10.398594266928438,61.97789654791867,50.24870657507772,3.2174320893950603,18.36931767474877,-10.076559443700924,-9.720525890556083,-14.232838197854987,-43.26787425701479,4.368481077016678,17.1985565956691,29.765083794754368,31.13888259333445,-10.430052912607032,3.046520088265699,-18.529740473868248,11.499621971285055,-33.03792949741565,-3.1584461659831615,38.100066348706065,15.573691756630227,38.99176658274712,-14.04581974848828,-1.105522504518692,55.47656020567347,8.903372053116057,23.80240008589057,50.75279403036415,-17.82778216077987,15.968768934875506,-7.708556219865566,9.391883331345184,1.7273181141573684,4.671011695984936,18.79960120313895,-35.98438028398102,14.800409588037294,38.157950029562436,14.488965883587786,-17.5636214448816,-41.517759940458546,32.084070922460405,-45.62447176681305,-62.05309231193759
-27.770241149003095,166.0422577422317,135.00400577739876,12.223825048181158,50.00578018848296,-27.571672272161084,-25.972534176081304,-39.25480454967043,-118.31865181576731,13.089649607312122,43.108770746685444,77.79987761037538,83.64606183875159,-30.55922688982387,8.020811504619285,-50.11695352992008,30.23405370411304,-91.94739583174824,-8.107696922182539,103.8481863385395,38.99176658274712,108.53610087420542,-38.16025169781984,-4.2236000606654995,151.69004351387932,26.933153098165906,64.24682847684002,136.69385396723288,-47.248316632758986,41.49775692343841,-22.042684330065654,21.553622824453807,4.679780263556101,11.710215505594771,49.69638024138415,-95.27551119157563,39.63973119515261,106.50702142631121,37.92503316551206,-46.51343518053514,-110.9487436066782,89.84143537418191,-122.29824325230098,-166.9920982951751
9.890552582717019,-58.9331096797999,-47.96972411492891,-4.042055963745906,-17.74365023845018,9.693707340453601,9.376854992630179,13.856007706606858,41.911389897846995,-4.565236624813118,-15.515624071332391,-27.849725921634317,-29.576342959755998,10.643772479561422,-2.9348181665855844,17.726152446337757,-10.77194452747161,32.37233299453928,2.8831016480573006,-36.79425638445114,-14.04581974848828,-38.16025169781984,13.590284362793764,1.3470342123839416,-53.68183656908314,-9.389401697293751,-22.773500617682835,-48.47537801120682,16.72449402095101,-14.821075294113395,7.657586075236087,-7.905699977861655,-1.6752800606034235,-4.079351067790003,-17.815960802767375,33.90717765859875,-14.104105672909544,-37.46686648206993,-13.569472866877096,16.60128688653026,39.39250650860121,-31.684657056975567,43.42150409769998,59.17242065851887
0.890434058664334,-5.817730956222954,-4.677319188139669,-0.753048490974482,-1.7644631369786516,1.1242474847366541,0.7171666670154012,1.5685291883599055,4.248016293018593,-0.6468252278213034,-1.2167363530643387,-2.352500658318447,-3.026783385325774,1.3041260749930077,-0.2224960790203264,1.8046536366961832,-0.9980958321830194,3.5121254723520847,0.22174118029904646,-3.6860313661560347,-1.105522504518692,-4.2236000606654995,1.3470342123839416,0.4603330037959318,-5.54796335075828,-1.2070175651447155,-2.3387024425403857,-4.86003007087143,1.695539990387997,-1.2175024077830328,1.0590492539060845,-0.39213469179194754,-0.12586911313230728,-0.3394024467664777,-1.4954712255230953,3.2330042745482315,-1.3636185402089296,-4.201170385298914,-1.1783883858268691,1.5160628601216746,3.9277771071618006,-3.4424301243356754,4.223987160521046,6.053339557406339
-39.0830474980863,233.96677916356686,190.11923662083566,16.504198727183606,70.21050971665916,-38.78330493101088,-36.61818121586019,-54.99410514413628,-166.49268741029996,17.809383917087384,61.60396463210019,110.14009585935912,117.72896375570507,-42.494581479024205,11.276974330087935,-70.40880167385332,42.52504948887769,-128.55617658944396,-11.613870693317672,145.90229430305402,55.47656020567347,151.69004351387932,-53.68183656908314,-5.54796335075828,213.3228745434967,37.36041268556831,90.54767459630837,192.447438136917,-66.31929604589968,58.82025127312188,-30.710269081868425,31.31809113589302,6.654826921082236,16.695761260555333,70.39715308413182,-134.59383163379604,55.933686383547226,149.04133726326214,53.366374985444665,-65.71159654359948,-156.01040596814425,125.85767970470057,-172.2993487010336,-235.05193613271027
-6.711316352827964,40.193186693604055,32.78158049603349,3.63253057411549,12.24280527941736,-6.807693103971752,-6.353403575153411,-9.719921411978111,-29.229476119421804,3.431786511625171,9.926616420669154,18.480145123059792,20.177024805373456,-7.904813666005635,1.9598318428911676,-12.17621436325129,7.121626903214177,-22.843663100248197,-1.9457085112132602,25.50253727752578,8.903372053116057,26.933153098165906,-9.389401697293751,-1.2070175651447155,37.36041268556831,7.28940225850261,15.729255143580765,33.19942075096128,-11.212947142755418,9.717208117616044,-5.51824055489401,4.533183350490387,1.1580825523311045,2.5382492319193983,12.034518149739998,-22.83201668105315,9.641630197384263,26.554655187845757,8.90587429070625,-11.223722978918163,-26.68120110860174,22.583733953918223,-29.567873397333603,-40.466903030370894
-16.59302647239739,99.61955257511433,80.83728745550678,6.7457234359308655,29.746970214201006,-16.562238038403272,-15.450010882682218,-23.35739427740863,-70.65566022952177,7.458319356419353,26.491137355100783,46.879407552052676,50.12947829517871,-17.895555319140676,4.760150100403328,-29.944734774946866,18.07128388556116,-54.39040175831215,-5.020333835226719,61.87903406893212,23.80240008589057,64.24682847684002,-22.773500617682835,-2.3387024425403857,90.54767459630837,15.729255143580765,38.597753693272054,81.85382111559191,-28.259605937088377,25.03585910448538,-13.025657332833417,13.626980201599945,2.8104409047886905,7.203163576727693,29.921220845929803,-57.372151543982305,23.813911145833206,63.14306492659905,22.644495189888886,-27.98858838279746,-66.40168026004241,53.2522628758625,-73.26493845902806,-100.04222892133158
-35.400670943301975,211.83260786021378,172.03690890360627,14.221573276063955,63.41645059771383,-35.00740030873414,-33.12093773262864,-49.61754098596385,-150.13360284195312,15.969951583541278,56.259580900149466,100.00901614746569,106.5939335674839,-37.96066531856796,10.24096770489617,-63.70328365238933,38.65933926333548,-115.79822640726826,-10.540395061944627,131.72943272171042,50.75279403036415,136.69385396723288,-48.47537801120682,-4.86003007087143,192.447438136917,33.19942075096128,81.85382111559191,174.10814040648827,-60.27497521460649,53.447258676443234,-27.595976569926645,28.982582184688727,5.975279030351915,15.262852720846237,63.73580642001439,-122.02362456318056,50.607343184869485,134.16673256690723,48.546575083345836,-59.55377369990582,-141.44876667782287,113.1450518638703,-155.95972532749178,-212.73076379776654
12.308222327926623,-73.39233637319664,-59.563433703189126,-4.61688579184142,-21.92968520354,12.053453150887986,11.45229134046487,17.153122844467912,51.65870768937605,-5.643214092905094,-19.655917067865044,-34.80142983609534,-36.96568664215762,12.947072979810672,-3.5613288235047906,22.01882912284818,-13.578904605947253,40.034944749058376,3.5845397557086267,-45.587557107621834,-17.82778216077987,-47.248316632758986,16.72449402095101,1.695539990387997,-66.31929604589968,-11.212947142755418,-28.259605937088377,-60.27497521460649,21.198040042716386,-18.587595770062247,9.492780579728587,-10.240214516635891,-2.0122505027772464,-5.305783395900701,-22.039689995931965,42.33758579155454,-17.49310525574452,-46.22374068404974,-17.02905412212757,20.671152286050393,49.24666833460165,-38.80765858066246,54.0467928660273,73.69679058131659
-10.949316385969585,65.13579104627368,52.88916100923057,3.992828918065559,19.43335299521479,-10.635798667582838,-10.227320217088986,-15.027397867379674,-45.92341650195278,4.607083291889548,17.72671828193655,31.17653920130832,32.77767088290851,-11.369030280723331,3.109754793053309,-19.51345765639511,11.97847104722991,-35.237780176547034,-3.312968213610223,40.364290806832145,15.968768934875506,41.49775692343841,-14.821075294113395,-1.2175024077830328,58.82025127312188,9.717208117616044,25.03585910448538,53.447258676443234,-18.587595770062247,16.81365667463157,-8.214946498038545,9.432771307306467,1.885926499338431,4.971133131897948,19.78364165315242,-37.74103183837695,15.568921716605292,40.66125864829213,15.10731340760036,-18.40778860603197,-43.45532729182013,34.28507434340644,-48.04370959576857,-65.2179069582823
5.48757144157637,-33.46151430741976,-27.112559134347254,-2.6355601113781315,-10.032858366399523,5.69099756388675,5.0319557592677455,8.017166373782203,23.879692917291504,-2.660718433168722,-8.562525717409777,-15.397307081088115,-16.954603883094855,6.262022067127588,-1.5515959103907302,10.137620553526267,-6.022595329003718,18.577306934742637,1.6154387808503934,-20.851134264752684,-7.708556219865566,-22.042684330065654,7.657586075236087,1.0590492539060845,-30.710269081868425,-5.51824055489401,-13.025657332833417,-27.595976569926645,9.492780579728587,-8.214946498038545,4.688291178793222,-4.18664035804437,-0.9077056633450826,-2.378066117760885,-9.805568738624512,19.1484868713955,-7.964537829960363,-21.713991123488064,-7.479635917030488,9.263662537102146,22.341083644767608,-18.227591186973726,24.585872298838765,33.83754297036076
-5.942117938952648,35.600978326521,28.698089359792736,1.2198583410816846,10.312018760325813,-5.7392015301315364,-5.455611964657525,-7.937087929802057,-24.417784794749387,2.071148606577103,10.514882810522622,17.382886566281414,17.883505560730455,-5.509343050093294,1.6665518892239395,-10.537125458600908,6.608924335630111,-18.231597943559468,-1.9569386070956132,21.466906601222572,9.391883331345184,21.553622824453807,-7.905699977861655,-0.39213469179194754,31.31809113589302,4.533183350490387,13.626980201599945,28.982582184688727,-10.240214516635891,9.432771307306467,-4.18664035804437,6.155764899118836,1.0091683001342449,2.9742307833614166,10.889234812560572,-20.90110670711044,8.502974341024967,21.105697237089068,8.314607861453888,-10.165969896338792,-23.746631547495305,17.67257090867046,-26.155527880518243,-35.49779551411165
-1.2364673889004727,7.293627112811005,5.944405334362405,0.5333987055059028,2.206605229738246,-1.2092558763537955,-1.1481333708817616,-1.6836363482990861,-5.234123825209848,0.4763944325087582,1.925471227606903,3.4458771629073834,3.666977312307493,-1.3333520246423134,0.338439448427017,-2.219522932599118,1.2971012230609864,-3.9940187040502884,-0.40378225400839374,4.527921443650105,1.7273181141573684,4.679780263556101,-1.6752800606034235,-0.12586911313230728,6.654826921082236,1.1580825523311045,2.8104409047886905,5.975279030351915,-2.0122505027772464,1.885926499338431,-0.9077056633450826,1.0091683001342449,0.249519431607468,0.5912162178283709,2.2292279897871348,-4.215796630290896,1.7549923395198437,4.610228071471648,1.6573742541518488,-2.051163040974946,-4.79581880085047,3.935456425668345,-5.387775796513682,-7.279716878540302
-3.0806615690398176,18.710963316608446,15.033544514100411,1.1374194415704004,5.43933960569242,-3.1863546900689292,-2.5687169837271857,-4.189245393346865,-13.03500514494794,0.9771093877544073,5.25166419962844,8.772048639465702,9.605104490081295,-3.2265677135989814,0.6927162048700152,-5.70571960010841,3.3415723443108867,-9.888992161597992,-1.130595361588791,11.265860609534755,4.671011695984936,11.710215505594771,-4.079351067790003,-0.3394024467664777,16.695761260555333,2.5382492319193983,7.203163576727693,15.262852720846237,-5.305783395900701,4.971133131897948,-2.378066117760885,2.9742307833614166,0.5912162178283709,1.961971846578157,5.465812808576571,-10.941629863111801,4.4343077694001956,11.49003324407136,4.193674030478545,-5.172086484620526,-12.305391966381611,9.567001680914036,-13.755241956505948,-18.72115793094277
-13.078078291352663,77.5999798672284,63.1355387367031,4.9464093637931015,23.255917184457644,-12.658571216529717,-12.427363202917746,-18.03680507221043,-55.04268206717778,5.766704899772632,20.89471238570367,37.11954685474077,38.867837298281465,-13.722320314314254,3.846366728228918,-23.184883091283762,14.229569510637296,-42.24748911327289,-3.8577959185977213,48.37918514374248,18.79960120313895,49.69638024138415,-17.815960802767375,-1.4954712255230953,70.39715308413182,12.034518149739998,29.921220845929803,63.73580642001439,-22.039689995931965,19.78364165315242,-9.805568738624512,10.889234812560572,2.2292279897871348,5.465812808576571,23.74590317816169,-44.82531601254525,18.61253078263357,48.76638539906967,17.93316696806679,-22.005638563940494,-51.75853196658429,41.29386263703882,-57.22633429844144,-77.68361399464108
24.84667604375861,-148.61177923811576,-120.62264647813623,-9.522835878067168,-44.34454427482704,24.518912681081616,23.15802970137437,34.632081157809004,105.03169577289287,-10.92075685676924,-39.95402675972596,-70.44792837009678,-74.77715239055915,26.28804012428255,-7.130922880243448,44.58779503824238,-27.16853528073939,80.7481328611881,7.477586099888691,-92.15905720030366,-35.98438028398102,-95.27551119157563,33.90717765859875,3.2330042745482315,-134.59383163379604,-22.83201668105315,-57.372151543982305,-122.02362456318056,42.33758579155454,-37.74103183837695,19.1484868713955,-20.90110670711044,-4.215796630290896,-10.941629863111801,-44.82531601254525,85.84065419229782,-35.52822663676745,-93.51473098235006,-34.126964361468296,41.86673147556619,99.18785127703667,-78.81590161233157,109.42391560956351,149.09751563767009
-10.309930274275327,61.60436744548458,50.04989300657819,4.08018531470467,18.43183431220731,-10.17930166531027,-9.65545430495009,-14.405500066349473,-43.68871832668615,4.606192363570125,16.43656801264722,29.151803916795426,30.95756904694529,-11.001987795635214,2.985700545334988,-18.49418573085435,11.228357402657963,-33.608188338712004,-3.082796581702786,38.30005790262515,14.800409588037294,39.63973119515261,-14.104105672909544,-1.3636185402089296,55.933686383547226,9.641630197384263,23.813911145833206,50.607343184869485,-17.49310525574452,15.568921716605292,-7.964537829960363,8.502974341024967,1.7549923395198437,4.4343077694001956,18.61253078263357,-35.52822663676745,14.751601521135987,38.93030027798723,14.107871307342542,-17.35720579485425,-41.092971734555825,32.8737257852024,-45.36348503150645,-61.80074069636374
-27.19688253469207,162.95451404770057,132.46596713771692,12.126328785751323,49.044936697484154,-27.140829011761088,-25.413394098230544,-38.56382561728535,-116.27469121191292,12.775182689053578,42.299136527195834,76.24187047544704,82.0872802714733,-30.07101180889195,7.834089708152129,-49.15974872318996,29.569191428243393,-90.21504096988564,-7.986289992068255,101.90430734177738,38.157950029562436,106.50702142631121,-37.46686648206993,-4.201170385298914,149.04133726326214,26.554655187845757,63.14306492659905,134.16673256690723,-46.22374068404974,40.66125864829213,-21.713991123488064,21.105697237089068,4.610228071471648,11.49003324407136,48.76638539906967,-93.51473098235006,38.93030027798723,104.64944328837336,37.05402328515186,-45.630559466099285,-108.74812931686384,88.31533974974744,-119.99749534875181,-163.92743166715496
-10.006654717934712,59.09435875939489,48.12735634173668,3.5733777196504133,17.79898017846531,-9.537819423678668,-9.51791519206281,-13.738928670351706,-41.6291006729776,4.552088864261438,15.820638803202673,28.28123732992898,29.667110471559383,-10.336936388877797,3.022927114775263,-17.760905213146238,11.046739589086988,-32.21092394857194,-2.8453067748417604,36.779939599183955,14.488965883587786,37.92503316551206,-13.569472866877096,-1.1783883858268691,53.366374985444665,8.90587429070625,22.644495189888886,48.546575083345836,-17.02905412212757,15.10731340760036,-7.479635917030488,8.314607861453888,1.6573742541518488,4.193674030478545,17.93316696806679,-34.126964361468296,14.107871307342542,37.05402328515186,13.975397848745654,-16.70861988308474,-39.744772431552455,31.236725117680063,-43.62860842302843,-59.26709800270726
12.172118924384986,-72.52180400673382,-58.92301776954155,-4.613013830149477,-21.679969172042053,11.891819720893642,11.459629855915855,16.909645623854765,51.30311244115794,-5.4218766119457324,-19.504495748267942,-34.51047918160223,-36.4006633052244,12.818820024658919,-3.5462738677546635,21.702062445117015,-13.294282808840615,39.45908192001563,3.6123811656206626,-45.10801687020025,-17.5636214448816,-46.51343518053514,16.60128688653026,1.5160628601216746,-65.71159654359948,-11.223722978918163,-27.98858838279746,-59.55377369990582,20.671152286050393,-18.40778860603197,9.263662537102146,-10.165969896338792,-2.051163040974946,-5.172086484620526,-22.005638563940494,41.86673147556619,-17.35720579485425,-45.630559466099285,-16.70861988308474,20.50850955494438,48.439711586626025,-38.5209910464929,53.4211335279762,72.69877251982794
28.82346276285584,-172.15142234878405,-139.83071651855454,-11.134958724370794,-51.553413432754986,28.311612769520163,27.02331711142689,40.31252669199534,121.62154190249694,-13.138952142456821,-45.82655496823077,-81.42048573243022,-86.59656285675754,30.582260347634545,-8.441112286675246,51.76436401338408,-31.632239780845822,93.95659595691698,8.470064261192407,-106.97021006212246,-41.517759940458546,-110.9487436066782,39.39250650860121,3.9277771071618006,-156.01040596814425,-26.68120110860174,-66.40168026004241,-141.44876667782287,49.24666833460165,-43.45532729182013,22.341083644767608,-23.746631547495305,-4.79581880085047,-12.305391966381611,-51.75853196658429,99.18785127703667,-41.092971734555825,-108.74812931686384,-39.744772431552455,48.439711586626025,115.29404749092012,-91.57642852605657,126.75472053903768,172.9121318647729
-22.978197928906823,137.39117648112625,111.8059345958616,10.356940872167481,41.4465490685037,-22.85203501214359,-21.61424087631842,-32.50965740389996,-98.29982000304977,10.775358660104391,35.565559718429945,64.359545780075507,69.11131673937265,-25.45587162402249,6.675779367969925,-41.46055360918143,24.87769181241799,-76.16919972204688,-6.748021744877249,86.05414370183065,32.084070922460405,89.84143537418191,-31.684657056975567,-3.4424301243356754,125.85767970470057,22.583733953918223,53.2522628758625,113.1450518638703,-38.80765858066246,34.28507434340644,-18.227591186973726,17.67257090867046,3.935456425668345,9.567001680914036,41.29386263703882,-78.81590161233157,32.8737257852024,88.31533974974744,31.236725117680063,-38.5209910464929,-91.57642852605657,74.72398220845247,-101.21748403395388,-138.1218985731631
31.783971290824486,-189.8071796895557,-154.19163959099126,-12.587803126988485,-56.84428109416922,31.284075009240677,29.753021719353153,44.36789957774636,134.46938448859783,-14.233626995525736,-50.54448956464686,-89.8155624593843,-95.48942203951161,33.900511358310446,-9.202807754069095,57.05512199973405,-34.71958377613118,103.66290389450425,9.452623653342062,-118.02733567960409,-45.62447176681305,-122.29824325230098,43.42150409769998,4.223987160521046,-172.2993487010336,-29.567873397333603,-73.26493845902806,-155.95972532749178,54.0467928660273,-48.04370959576857,24.585872298838765,-26.155527880518243,-5.387775796513682,-13.755241956505948,-57.22633429844144,109.42391560956351,-45.36348503150645,-119.99749534875181,-43.62860842302843,53.4211335279762,126.75472053903768,-101.21748403395388,139.82357823697322,190.5258840173967
43.190166117473595,-258.8730091220537,-210.12666240516077,-17.265364717661868,-77.4314947688665,42.8410027105777,40.30404429019531,60.67396501544947,183.2863912647885,-19.4753818070667,-68.7611141878409,-122.00234183342998,-130.34884753185978,46.30202254422354,-12.486780612933183,77.91069145658504,-47.24247851174584,141.34641054346343,12.899399014693026,-160.75979145942637,-62.05309231193759,-166.9920982951751,59.17242065851887,6.053339557406339,-235.05193613271027,-40.466903030370894,-100.04222892133158,-212.73076379776654,73.69679058131659,-65.2179069582823,33.83754297036076,-35.49779551411165,-7.279716878540302,-18.72115793094277,-77.68361399464108,149.09751563767009,-61.80074069636374,-163.92743166715496,-59.26709800270726,72.69877251982794,172.9121318647729,-138.1218985731631,190.5258840173967,260.12881734696197
