V1,V2,V3,V4,V5,V6,V7,V8,V9,V10,V11,V12,V13,V14,V15,V16,V17,V18,V19,V20,V21,V22,V23,V24,V25,V26,V27,V28,V29,V30,V31,V32,V33,V34,V35,V36,V37,V38,V39,V40,V41,V42,V43,V44
0.8710183023665847,-4.820172805235217,-4.010872607697779,-0.34751437636386934,-1.626550027398954,0.692718863397984,0.8208649295352741,1.042521050005326,3.3223607075261037,-0.2768868949963586,-1.0263114816637648,-2.2525950080033175,-2.561919658705795,0.8711408520009064,-0.28538476334172175,1.7115706759102183,-1.0078556025032663,2.754285282433948,0.2235007467133459,-2.8943303141507752,-1.2070833446289146,-3.234202552167873,1.1011271868986718,0.050189745416811385,-4.303073013765394,-0.46850762877291585,-1.6456580841796886,-3.9873392332587327,1.4202572371391695,-1.418782016987133,0.6326314408640755,-0.6242219598271074,-0.198508778980842,-0.6264017825998957,-1.3140679012653416,2.756370857699094,-1.0744832615272342,-3.03197673237353,-1.4175078251687259,1.2125842550940904,3.3579972204120683,-2.5257838271661175,3.6767756714545823,4.92639125136926
-4.820172805235217,29.41873725516199,23.750705013863783,1.9741238271163533,8.543690320076625,-5.021151790862707,-4.491555749716805,-7.029563894753651,-21.007113212989047,2.355726017055618,8.15366192202095,13.892720466043349,14.606602884141365,-5.288064932872918,1.340354332042083,-8.467636197445875,5.172483776386007,-15.942299125455996,-1.4849812728481815,18.458700145370948,6.939792706448757,18.843952794517563,-6.738333018982737,-0.7809770196645067,26.863024054134,5.062139018306674,11.690927383557694,24.144455683203812,-8.29558333638024,7.108586611420047,-3.839800373707686,4.043169420263628,0.7398071044752965,1.7097770421814622,9.038335321975163,-16.964821487973815,7.140454029159543,18.709113902351557,6.2695639364701,-8.4725677793752,-19.436958515401784,15.819392434969203,-21.469914502610777,-29.42506640459311
-4.010872607697779,23.750705013863783,19.354027364850452,1.632843303962327,7.23504599843142,-3.862652938477234,-3.753382892841559,-5.514099227749432,-16.78509934683274,1.7416446536619445,6.124222314505003,11.182600383791552,12.043860451930902,-4.276889439613035,1.1803092272134392,-7.318499224947733,4.416185552906426,-13.081090059976141,-1.170467158052271,14.710242671715442,5.709294871598059,15.431537948694068,-5.435901107815618,-0.514538911994404,21.544715148300064,3.5514235164832297,9.03894697675507,19.540573775875338,-6.787799737726429,6.117804862753276,-3.106566622448118,3.206003041756746,0.7129506228332,1.8933593839702447,7.049638209806182,-13.66243430029748,5.62423039954706,15.055544001778355,5.642271330947575,-6.579477485725981,-15.948854657281837,12.676463219288003,-17.57102258088619,-23.91401752361483
-0.34751437636386934,1.9741238271163533,1.632843303962327,0.145382086103565,0.6477903484854587,-0.29933975303280985,-0.3253053284011542,-0.4342538579021487,-1.3747511914002382,0.12162127168433748,0.44842273946748473,0.9243325775561496,1.0388885866094615,-0.3580761981831133,0.11294717857894918,-0.6769595913287988,0.400016339561452,-1.1131552979115473,-0.09497842327006496,1.1935778274661855,0.4935443241563423,1.3091247355782238,-0.44903037770187154,-0.0277169356970765,1.7732126356154048,0.2203339285164388,0.6985689809540344,1.6326815764818703,-0.5761155922467719,0.5618674463725097,-0.2632116981902976,0.25805004541793874,0.0746500405184122,0.23206617951824185,0.5503470278984753,-1.1316752933934426,0.4482821262743739,1.2425877076270075,0.5483749961577945,-0.5085204821969523,-1.356342418250724,1.0403483282495585,-1.4940027560785172,-2.01115298662052
-1.626550027398954,8.543690320076625,7.23504599843142,0.6477903484854587,3.1496379200907314,-1.0890774224889335,-1.5106919816918873,-1.7012418287482125,-5.720046156243091,0.3062284261382304,1.4443149850538566,3.9234856133653286,4.781110641208936,-1.5422636422552922,0.567409407136089,-3.462661741792749,1.970705521945939,-5.015145969459105,-0.39438431757792763,4.909289582694869,2.2361680372803456,5.886114705729746,-1.9258276995645682,0.0014502108547860527,7.488494694388522,0.3453499230108158,2.5837110312230567,7.100212075491873,-2.577787344583253,2.842050735919601,-1.1460244200447838,1.086330343753392,0.45425757437001724,1.604857684599125,2.080360694510185,-4.862595332409863,1.778251398161304,5.31277164377656,2.9772043369281818,-1.904618327219693,-6.143740740924654,4.365227593750412,-6.7064029345064675,-8.882008079686281
0.692718863397984,-5.021151790862707,-3.862652938477234,-0.29933975303280985,-1.0890774224889335,1.0687430816794268,0.6360096263714762,1.3795463752360886,3.790922027067121,-0.5929103607773725,-1.8998193683539808,-2.4199237129956885,-2.209929229720751,0.8987454849575756,-0.1275597786691447,0.9065066825259357,-0.6227529296678315,2.4972908922231136,0.28062076344900166,-3.377901637231493,-1.0695798342427403,-2.9792579567806787,1.1588170169101148,0.2610712858201607,-4.751607216860238,-1.4660957530442107,-2.4402764323375483,-4.072497429810749,1.319846115765418,-0.7928344723515603,0.6472000022337493,-0.7452935383005919,0.003650672768137437,0.2900753061523797,-1.826970765113499,2.9333546799551162,-1.3772882131630562,-3.2514194927756113,-0.4328206886548268,1.7394892158674724,3.035107442697474,-2.8150347401963995,3.405838583653961,4.843979990338428
0.8208649295352741,-4.491555749716805,-3.753382892841559,-0.3253053284011542,-1.5106919816918873,0.6360096263714762,0.8160427882938275,0.9958393750606667,3.137516873347488,-0.32789359583994976,-0.979228806194317,-2.1500321829580056,-2.338421237361265,0.8204264101954666,-0.28102902264150076,1.5351421437988417,-0.944325489881715,2.598795861209713,0.18796847391093008,-2.777905648539027,-1.1124800230312517,-3.0312666131925283,1.0508307181809466,0.04444448539537457,-4.046548936702,-0.5159093728908721,-1.5610023440321203,-3.7222204853912304,1.3338395235657434,-1.2855200819391592,0.5686824122773174,-0.5527244765257924,-0.17131610727568014,-0.47130363369276085,-1.2904827549146196,2.5643814465078947,-1.022012782974656,-2.8508272287988365,-1.3055847620542527,1.178002758449125,3.1346754786730306,-2.4008863045223037,3.4211856133648104,4.562625989597854
1.042521050005326,-7.029563894753651,-5.514099227749432,-0.4342538579021487,-1.7012418287482125,1.3795463752360886,0.9958393750606667,1.8718903808299354,5.226541837743986,-0.7919746439426022,-2.4275690703645214,-3.402327718594143,-3.1903535221921726,1.2624959226178922,-0.23900754153088885,1.4825339832760247,-0.99895914812586,3.629593238812278,0.3615269730348869,-4.683111910600392,-1.5384650569377014,-4.30785602977859,1.6414627754210012,0.302720854524899,-6.592352377016895,-1.8215329088560783,-3.216882808667883,-5.727309740385346,1.901291316500844,-1.286967264864215,0.8897616677533566,-0.9949582513872556,-0.04958020263858672,0.2120879593284891,-2.4659056176327963,4.084258800998366,-1.8665954549803223,-4.549333800457506,-0.9057302631260026,2.3338018049284663,4.401375880282025,-3.9216158798071414,4.889408585022403,6.848266853410257
3.3223607075261037,-21.007113212989047,-16.78509934683274,-1.3747511914002382,-5.720046156243091,3.790922027067121,3.137516873347488,5.226541837743986,15.27070932959821,-1.9657497963493458,-6.367509013952417,-10.036057757983537,-10.080941186668886,3.7871280374661414,-0.8750222733145784,5.4226939851851625,-3.4365028473873864,11.202148981715123,1.0607270860650337,-13.515273880904072,-4.8249645584373875,-13.232594762996328,4.850460184852549,0.6854851234616899,-19.4010658328829,-4.32739903706886,-8.837058787276318,-17.20179319630496,5.841396836145398,-4.600700092076964,2.7090208059962397,-2.9053495009141486,-0.37621639523603356,-0.4883661024807388,-6.831234602613816,12.148596143348925,-5.286499445929089,-13.448006619746057,-3.810234018301918,6.407320271525134,13.593782803174893,-11.471701721642109,15.06243929842813,20.79084820967058
-0.2768868949963586,2.355726017055618,1.7416446536619445,0.12162127168433748,0.3062284261382304,-0.5929103607773725,-0.32789359583994976,-0.7919746439426022,-1.9657497963493458,0.519132758789915,1.205533776334175,1.262018439680816,0.7863524229281588,-0.4372795642887248,0.040484325199321686,-0.017626514640406547,0.15985653674233946,-1.119112734503019,-0.1013276508793231,1.8687476406159338,0.41401033611707827,1.3073863778531658,-0.5990205630698042,-0.189176727965158,2.3852217027846154,1.166179604206981,1.4346725045259683,1.8974369070340285,-0.5898089206567333,0.07459099507061047,-0.25753889907847394,0.32060721772018774,-0.09956972967454722,-0.6665481286718022,1.1379592887823702,-1.3873546543244388,0.7703531387833785,1.6083060127837316,-0.16483904192625903,-1.0680118446226112,-1.2878134543253597,1.471438496421557,-1.4501575119369006,-2.119144784648147
-1.0263114816637648,8.15366192202095,6.124222314505003,0.44842273946748473,1.4443149850538566,-1.8998193683539808,-0.979228806194317,-2.4275690703645214,-6.367509013952417,1.205533776334175,3.546917422259133,4.026569743378588,3.2829926139118455,-1.4620207809916606,0.13644692170938166,-0.9360798485183465,0.7882196326443335,-3.899368724791461,-0.45270645324702,5.775279704686036,1.616126683973581,4.656873883462666,-1.9206513056017613,-0.5323156850545775,7.893764766147814,2.9901784999647454,4.374317192220643,6.574194819979547,-2.0711160230626904,0.8816353362067988,-1.0156846149894103,1.2278372045507677,-0.13180000111818072,-1.1021461497476472,3.2844783379282743,-4.788408649691471,2.3959886074364922,5.362298760831773,0.1354898336563878,-3.134881857439574,-4.698509126026986,4.719634743162445,-5.2989812113064705,-7.678738800974926
-2.2525950080033175,13.892720466043349,11.182600383791552,0.9243325775561496,3.9234856133653286,-2.4199237129956885,-2.1500321829580056,-3.402327718594143,-10.036057757983537,1.262018439680816,4.026569743378588,6.644171300166534,6.750972494371572,-2.50954264406682,0.628559616581435,-3.763448924582438,2.3732886170977783,-7.509527969571752,-0.6793316938438421,8.891945597807556,3.2290226109914117,8.853732406429142,-3.2177380251770162,-0.4045364955488456,12.780852921301602,2.67011223460768,5.68529359064875,11.39839937243302,-3.90537994875454,3.1869604959496622,-1.7842688502652417,1.8844282335234372,0.2914981024238477,0.4920611340190099,4.438251720208677,-8.016910563418344,3.4442401864598953,8.885451860636111,2.758977692106163,-4.149064450674111,-9.10518249457179,7.564750042906425,-10.058989205656841,-13.804949183503346
-2.561919658705795,14.606602884141365,12.043860451930902,1.0388885866094615,4.781110641208936,-2.209929229720751,-2.338421237361265,-3.1903535221921726,-10.080941186668886,0.7863524229281588,3.2829926139118455,6.750972494371572,7.744742265805342,-2.619674958238012,0.785227385903135,-5.078549900395071,2.9397004211805595,-8.184679335446408,-0.7355128763530983,8.70625583675969,3.639245220592144,9.66827985639411,-3.290654718781845,-0.2047879112339579,13.048332548978337,1.5214952669673654,5.123216817422342,12.052359010588228,-4.2409336636366985,4.194831292888518,-1.9550572509803392,1.9714003608102955,0.5744005424612949,1.8632171595382865,3.9762801949881847,-8.378369405221175,3.2853799361174056,9.162057807534097,4.054945003108377,-3.7073979247424287,-10.041805438168925,7.621700149457399,-11.04292686763499,-14.914757201276608
0.8711408520009064,-5.288064932872918,-4.276889439613035,-0.3580761981831133,-1.5422636422552922,0.8987454849575756,0.8204264101954666,1.2624959226178922,3.7871280374661414,-0.4372795642887248,-1.4620207809916606,-2.50954264406682,-2.619674958238012,0.9553987020864261,-0.24916518497539497,1.5181257166917503,-0.9365325509460185,2.879375119614372,0.26064946290319346,-3.3339277268210106,-1.2486099458554198,-3.3931826781308825,1.2160409216612507,0.13847644693990444,-4.836008010830605,-0.9177339497898722,-2.101134714095906,-4.343993608176355,1.4967506935655985,-1.2766530090307626,0.687330207935137,-0.717177030922075,-0.13078041384352687,-0.2931949226241246,-1.636738498433651,3.048223968973051,-1.285407777985374,-3.366436958941233,-1.1359092980671783,1.527212795368339,3.4973805982810044,-2.8518419144040985,3.863915951126128,5.284006951994423
-0.28538476334172175,1.340354332042083,1.1803092272134392,0.11294717857894918,0.567409407136089,-0.1275597786691447,-0.28102902264150076,-0.23900754153088885,-0.8750222733145784,0.040484325199321686,0.13644692170938166,0.628559616581435,0.785227385903135,-0.24916518497539497,0.12459156501986683,-0.6255236573706676,0.3615368062853657,-0.8446583979420373,-0.045037824652424875,0.7616895394171223,0.37117402449205605,0.9758788957621632,-0.31007315304725014,0.023571113575636828,1.1549657241494087,-0.03136431417018327,0.3295741913071117,1.1283939534038205,-0.42955903496319414,0.5143920743540565,-0.17584898259225618,0.14345489015473467,0.08922407218115277,0.3244965335788339,0.2960350198171469,-0.7518311042434825,0.2542940794682403,0.8315669583659466,0.5892992579948397,-0.25799219563628256,-1.0214264039699712,0.6779865549073257,-1.1032451894813313,-1.415198519005639
1.7115706759102183,-8.467636197445875,-7.318499224947733,-0.6769595913287988,-3.462661741792749,0.9065066825259357,1.5351421437988417,1.4825339832760247,5.4226939851851625,-0.017626514640406547,-0.9360798485183465,-3.763448924582438,-5.078549900395071,1.5181257166917503,-0.6255236573706676,4.019705212046577,-2.1848997240928956,5.118250812002018,0.4041856011269709,-4.525695479913087,-2.344569109781642,-6.018967668809491,1.8584373955576678,-0.11696966004698443,-7.2182303983266145,0.33156955288784273,-2.1151052658535745,-7.072196975818134,2.6242087410706754,-3.2580943955073787,1.1783702392695168,-1.0735870900225555,-0.5905858574627078,-2.297161052002896,-1.6992878325078895,4.792899383240228,-1.5864705688845233,-5.169438815899489,-3.5515253923032724,1.5436197141438808,6.33141822188335,-4.151212977141443,6.889800566867405,9.013364168601216
-1.0078556025032663,5.172483776386007,4.416185552906426,0.400016339561452,1.970705521945939,-0.6227529296678315,-0.944325489881715,-0.99895914812586,-3.4365028473873864,0.15985653674233946,0.7882196326443335,2.3732886170977783,2.9397004211805595,-0.9365325509460185,0.3615368062853657,-2.1848997240928956,1.2420570895927794,-3.0800755251891396,-0.23302625722547934,2.941177005414559,1.3736665193912563,3.60558845723442,-1.1664494397336755,0.024672266464535797,4.512166583884113,0.11204281900525277,1.490422969114497,4.308463765413811,-1.579075083046398,1.7904826835832506,-0.6932818432344862,0.644683850199939,0.2966335876500796,1.0604394287257608,1.21928299869012,-2.9378391419094836,1.051987586092271,3.2081042661036827,1.912283277601191,-1.1062886408490566,-3.767370710910735,2.6295572513499628,-4.10561225995557,-5.405357981679339
2.754285282433948,-15.942299125455996,-13.081090059976141,-1.1131552979115473,-5.015145969459105,2.4972908922231136,2.598795861209713,3.629593238812278,11.202148981715123,-1.119112734503019,-3.899368724791461,-7.509527969571752,-8.184679335446408,2.879375119614372,-0.8446583979420373,5.118250812002018,-3.0800755251891396,8.897068312571843,0.7627541675163233,-9.813459384125755,-3.87690941912422,-10.466768568153167,3.6556897790491103,0.2897227449076329,-14.407137719554811,-2.158984488681722,-5.8871930599006115,-13.141424953648938,4.60474896598831,-4.270850338038831,2.0797428797095447,-2.1134967667800537,-0.5264779775434886,-1.4729543214654803,-4.642135543009539,9.153283936185103,-3.715536191058722,-10.090400145863482,-4.057701990734769,4.309888888696139,10.827767003083988,-8.47933352243793,11.904747518883756,16.112711592082366
0.2235007467133459,-1.4849812728481815,-1.170467158052271,-0.09497842327006496,-0.39438431757792763,0.28062076344900166,0.18796847391093008,0.3615269730348869,1.0607270860650337,-0.1013276508793231,-0.45270645324702,-0.6793316938438421,-0.7355128763530983,0.26064946290319346,-0.045037824652424875,0.4041856011269709,-0.23302625722547934,0.7627541675163233,0.09133642254718366,-0.9105080925462817,-0.3455193749431985,-0.9179347274285913,0.3273875196193017,0.05167039452990627,-1.3563735773741807,-0.2758846710085687,-0.6219334969846863,-1.2101964677702894,0.40219778630051545,-0.33496543200015133,0.2034587412479374,-0.22644765965827582,-0.03201753189493375,-0.08312649799011815,-0.45130632181435354,0.8630547706706865,-0.3667558068657485,-0.9366979571159886,-0.2572575683507437,0.4335348427020326,0.9480444862979572,-0.7884709215463831,1.059101497479025,1.4839470874109422
-2.8943303141507752,18.458700145370948,14.710242671715442,1.1935778274661855,4.909289582694869,-3.377901637231493,-2.777905648539027,-4.683111910600392,-13.515273880904072,1.8687476406159338,5.775279704686036,8.891945597807556,8.70625583675969,-3.3339277268210106,0.7616895394171223,-4.525695479913087,2.941177005414559,-9.813459384125755,-0.9105080925462817,12.046731295194496,4.182892751002695,11.581210338581766,-4.298595753712117,-0.6419922189417009,17.13195943355135,4.0813611438804855,7.930000922972129,15.10428016614151,-5.1155213555368855,3.87048970782262,-2.349711359742962,2.5349268783102223,0.27650609602397735,0.11851574214009412,6.1626649198617125,-10.67784055208406,4.71650926981047,11.870220515704448,3.1372447725282955,-5.778622563697748,-11.875729859703812,10.165730743238973,-13.149485401481767,-18.179349005657258
-1.2070833446289146,6.939792706448757,5.709294871598059,0.4935443241563423,2.2361680372803456,-1.0695798342427403,-1.1124800230312517,-1.5384650569377014,-4.8249645584373875,0.41401033611707827,1.616126683973581,3.2290226109914117,3.639245220592144,-1.2486099458554198,0.37117402449205605,-2.344569109781642,1.3736665193912563,-3.87690941912422,-0.3455193749431985,4.182892751002695,1.7177958990461741,4.5744893789607115,-1.5708126301056495,-0.10943944722074289,6.227646509478304,0.80423544687710935,2.485872361542559,5.725654411231828,-2.0096079242741562,1.9426503888435633,-0.924304408523009,0.9313865511512063,0.25516866027130086,0.7974869301021752,1.9364162863065726,-3.983058147326547,1.5821291297409459,4.364863311004233,1.8626720498603673,-1.802624124497733,-4.74333015472976,3.6463228532513554,-5.221775027599961,-7.060795158516038
-3.234202552167873,18.843952794517563,15.431537948694068,1.3091247355782238,5.886114705729746,-2.9792579567806787,-3.0312666131925283,-4.30785602977859,-13.232594762996328,1.3073863778531658,4.656873883462666,8.853732406429142,9.66827985639411,-3.3931826781308825,0.9758788957621632,-6.018967668809491,3.60558845723442,-10.466768568153167,-0.9179347274285913,11.581210338581766,4.5744893789607115,12.342021294015703,-4.310500664640966,-0.3577822241251336,17.02522526962135,2.581038412504651,6.993574210683631,15.523102047190967,-5.423292208413777,5.020290500317609,-2.4662937701512546,2.521121787136491,0.6163423578748004,1.7304030412029887,5.479032436841854,-10.825319628969327,4.398774595657946,11.924285583259007,4.72891004648934,-5.106632393852073,-12.769891132417651,10.01405119335305,-14.043321112079605,-19.04543970109438
1.1011271868986718,-6.738333018982737,-5.435901107815618,-0.44903037770187154,-1.9258276995645682,1.1588170169101148,1.0508307181809466,1.6414627754210012,4.850460184852549,-0.5990205630698042,-1.9206513056017613,-3.2177380251770162,-3.290654718781845,1.2160409216612507,-0.31007315304725014,1.8584373955576678,-1.1664494397336755,3.6556897790491103,0.3273875196193017,-4.298595753712117,-1.5708126301056495,-4.310500664640966,1.5613458319909443,0.1887693172026882,-6.186536896326762,-1.2565989034055378,-2.7287600873685363,-5.5297275276380216,1.8993942905164465,-1.5723935631927293,0.8647152619784895,-0.911852532702794,-0.15119205121035556,-0.2756513306965457,-2.1330304115213026,3.8859330968775776,-1.6608220241057141,-4.307891129855115,-1.3777215618572882,1.9945656701438423,4.43674209089924,-3.660995077234174,4.89445842360084,6.70737818755181
0.050189745416811385,-0.7809770196645067,-0.514538911994404,-0.0277169356970765,0.0014502108547860527,0.2610712858201607,0.04444448539537457,0.302720854524899,0.6854851234616899,-0.189176727965158,-0.5323156850545775,-0.4045364955488456,-0.2047879112339579,0.13847644693990444,0.023571113575636828,-0.11696966004698443,0.024672266464535797,0.2897227449076329,0.05167039452990627,-0.6419922189417009,-0.10943944722074289,-0.3577822241251336,0.1887693172026882,0.1009440496250779,-0.8171707470406369,-0.5165071919288858,-0.587394734456604,-0.6107492638375289,0.16231229530308738,0.07590606995823253,0.09317022217508028,-0.1377225526648056,0.062197163182499814,0.3275238483791616,-0.4223015732691076,0.47278454610175186,-0.28949991873524933,-0.5375470362525584,0.22869981340382825,0.4129176691286865,0.3455700676121894,-0.49510032934941883,0.4092967299347654,0.6665638976411369
-4.303073013765394,26.863024054134,21.544715148300064,1.7732126356154048,7.488494694388522,-4.751607216860238,-4.046548936702,-6.592352377016895,-19.4010658328829,2.3852217027846154,7.893764766147814,12.780852921301602,13.048332548978337,-4.836008010830605,1.1549657241494087,-7.2182303983266145,4.512166583884113,-14.407137719554811,-1.3563735773741807,17.13195943355135,6.227646509478304,17.02522526962135,-6.186536896326762,-0.8171707470406369,24.709929706115698,5.2091462605761585,11.077071422935349,22.013305833663516,-7.506184839355458,6.1004315896683465,-3.4777125698288676,3.7076239475066046,0.5527175103609039,0.9554789959372089,8.563336706073413,-15.51835773144164,6.675652703831986,17.15869169341049,5.176817964077726,-8.03195106123126,-17.5159219472131,14.591110715517742,-19.38330437303377,-26.68859452044518
-0.46850762877291585,5.062139018306674,3.5514235164832297,0.2203339285164388,0.3453499230108158,-1.4660957530442107,-0.5159093728908721,-1.8215329088560783,-4.32739903706886,1.166179604206981,2.9901784999647454,2.67011223460768,1.5214952669673654,-0.9177339497898722,-0.03136431417018327,0.33156955288784273,0.11204281900525277,-2.158984488681722,-0.2758846710085687,4.0813611438804855,0.80423544687710935,2.581038412504651,-1.2565989034055378,-0.5165071919288858,5.2091462605761585,2.897960037439937,3.419938296600042,4.0208972025997225,-1.1660372933176486,-0.14453034757870917,-0.5742035701471798,0.7866352794755506,-0.30090242132318357,-1.7595980279854204,2.58467235015915,-3.0185043572421777,1.7590961050024043,3.467365290102084,-0.8814597599039283,-2.4737164635340676,-2.5196951907558733,3.186757430296117,-2.898437538062819,-4.446514139687002
-1.6456580841796886,11.690927383557694,9.03894697675507,0.6985689809540344,2.5837110312230567,-2.4402764323375483,-1.5610023440321203,-3.216882808667883,-8.837058787276318,1.4346725045259683,4.374317192220643,5.68529359064875,5.123216817422342,-2.101134714095906,0.3295741913071117,-2.1151052658535745,1.490422969114497,-5.8871930599006115,-0.6219334969846863,7.930000922972129,2.485872361542559,6.993574210683631,-2.7287600873685363,-0.587394734456604,11.077071422935349,3.419938296600042,5.647395815086467,9.493108344020646,-3.098922055080595,1.861942481593699,-1.4798629317818983,1.6951376946643026,-0.00460037672597105,-0.7249490749841905,4.289905819111287,-6.817029416220933,3.207791203311913,7.594383756315394,1.0821783222131414,-4.065871454451094,-7.119080670368539,6.58929069972513,-7.959234054564043,-11.268458334917598
-3.9873392332587327,24.144455683203812,19.540573775875338,1.6326815764818703,7.100212075491873,-4.072497429810749,-3.7222204853912304,-5.727309740385346,-17.20179319630496,1.8974369070340285,6.574194819979547,11.39839937243302,12.052359010588228,-4.343993608176355,1.1283939534038205,-7.072196975818134,4.308463765413811,-13.141424953648938,-1.2101964677702894,15.10428016614151,5.725654411231828,15.523102047190967,-5.5297275276380216,-0.6107492638375289,22.013305833663516,4.0208972025997225,9.493108344020646,19.83104328210485,-6.833439654602337,5.930670568919552,-3.1533486162330022,3.2994495311217324,0.6344665098798037,1.5300560838791921,7.358437246028565,-13.914805135463627,5.824556611276658,15.342462208218734,5.2967178110258075,-6.888376329179443,-16.017577496641444,12.962578892623966,-17.68338217216198,-24.18914883169508
1.4202572371391695,-8.29558333638024,-6.787799737726429,-0.5761155922467719,-2.577787344583253,1.319846115765418,1.3338395235657434,1.901291316500844,5.841396836145398,-0.5898089206567333,-2.0711160230626904,-3.90537994875454,-4.2409336636366985,1.4967506935655985,-0.42955903496319414,2.6242087410706754,-1.579075083046398,4.60474896598831,0.40219778630051545,-5.1155213555368855,-2.0096079242741562,-5.423292208413777,1.8993942905164465,0.16231229530308738,-7.506184839355458,-1.1660372933176486,-3.098922055080595,-6.833439654602337,2.386301776831203,-2.190425361550854,1.084583914840984,-1.108021024360114,-0.264010582252582,-0.7305198930057019,-2.43119029713958,4.7664503342050795,-1.9441281380263504,-5.2519642736318115,-2.0574451578602426,2.2618639358088517,5.60869799808958,-4.415900731765737,6.172763893217362,8.372669716029371
-1.418782016987133,7.108586611420047,6.117804862753276,0.5618674463725097,2.842050735919601,-0.7928344723515603,-1.2855200819391592,-1.286967264864215,-4.600700092076964,0.07459099507061047,0.8816353362067988,3.1869604959496622,4.194831292888518,-1.2766530090307626,0.5143920743540565,-3.2580943955073787,1.7904826835832506,-4.270850338038831,-0.33496543200015133,3.87048970782262,1.9426503888435633,5.020290500317609,-1.5723935631927293,0.07590606995823253,6.1004315896683465,-0.14453034757870917,1.861942481593699,5.930670568919552,-2.190425361550854,2.649286534338828,-0.9793138089910431,0.8996270971662544,0.4688343866285287,1.7859345469990062,1.499402206168518,-4.028811250593917,1.3670948609910025,4.361200797667034,2.8667596108841598,-1.365371455616309,-5.271454649470705,3.5221573433668882,-5.737848095464263,-7.525293047619068
0.6326314408640755,-3.839800373707686,-3.106566622448118,-0.2632116981902976,-1.1460244200447838,0.6472000022337493,0.5686824122773174,0.8897616677533566,2.7090208059962397,-0.25753889907847394,-1.0156846149894103,-1.7842688502652417,-1.9550572509803392,0.687330207935137,-0.17584898259225618,1.1783702392695168,-0.6932818432344862,2.0797428797095447,0.2034587412479374,-2.349711359742962,-0.924304408523009,-2.4662937701512546,0.8647152619784895,0.09317022217508028,-3.4777125698288676,-0.5742035701471798,-1.4798629317818983,-3.1533486162330022,1.084583914840984,-0.9793138089910431,0.5151334213799629,-0.537484917613102,-0.1131003674024231,-0.3259459757468632,-1.1245769407403374,2.21373640512461,-0.9097779028592746,-2.4229391507361124,-0.8746707017909725,1.0575503816971916,2.5519328002846553,-2.0329671832064027,2.8253325542813807,3.869698268331895
-0.6242219598271074,4.043169420263628,3.206003041756746,0.25805004541793874,1.086330343753392,-0.7452935383005919,-0.5527244765257924,-0.9949582513872556,-2.9053495009141486,0.32060721772018774,1.2278372045507677,1.8844282335234372,1.9714003608102955,-0.717177030922075,0.14345489015473467,-1.0735870900225555,0.644683850199939,-2.1134967667800537,-0.22644765965827582,2.5349268783102223,0.9313865511512063,2.521121787136491,-0.911852532702794,-0.1377225526648056,3.7076239475066046,0.7866352794755506,1.6951376946643026,3.2994495311217324,-1.108021024360114,0.8996270971662544,-0.537484917613102,0.5923142151766054,0.08175118067061304,0.16806784501461028,1.2662643396282363,-2.343506622435321,1.0066995321570351,2.5686381669854117,0.7156090461954847,-1.204190768734504,-2.6000122604007885,2.170773554303389,-2.889441169900735,-4.021198640414967
-0.198508778980842,0.7398071044752965,0.7129506228332,0.0746500405184122,0.45425757437001724,0.003650672768137437,-0.17131610727568014,-0.04958020263858672,-0.37621639523603356,-0.09956972967454722,-0.13180000111818072,0.2914981024238477,0.5744005424612949,-0.13078041384352687,0.08922407218115277,-0.5905858574627078,0.2966335876500796,-0.5264779775434886,-0.03201753189493375,0.27650609602397735,0.25516866027130086,0.6163423578748004,-0.15119205121035556,0.062197163182499814,0.5527175103609039,-0.30090242132318357,-0.00460037672597105,0.6344665098798037,-0.264010582252582,0.4688343866285287,-0.1131003674024231,0.08175118067061304,0.11142036188509667,0.47396382209259563,0.010880455143174617,-0.404820703717128,0.06860251145461385,0.4206048556982952,0.5744821831878377,5.543518922752246e-4,-0.6664593610497208,0.3015400036611505,-0.7089868568196729,-0.8706849073966664
-0.6264017825998957,1.7097770421814622,1.8933593839702447,0.23206617951824185,1.604857684599125,0.2900753061523797,-0.47130363369276085,0.2120879593284891,-0.4883661024807388,-0.6665481286718022,-1.1021461497476472,0.4920611340190099,1.8632171595382865,-0.2931949226241246,0.3244965335788339,-2.297161052002896,1.0604394287257608,-1.4729543214654803,-0.08312649799011815,0.11851574214009412,0.7974869301021752,1.7304030412029887,-0.2756513306965457,0.3275238483791616,0.9554789959372089,-1.7595980279854204,-0.7249490749841905,1.5300560838791921,-0.7305198930057019,1.7859345469990062,-0.3259459757468632,0.16806784501461028,0.47396382209259563,2.2076537661608833,-0.5396484810035479,-0.8916672836502759,-0.12307550361025248,0.8228944446959503,2.3012857145755965,0.544413742969404,-1.9346394352122442,0.42504463048232677,-2.0338790546853804,-2.3388143811751845
-1.3140679012653416,9.038335321975163,7.049638209806182,0.5503470278984753,2.080360694510185,-1.826970765113499,-1.2904827549146196,-2.4659056176327963,-6.831234602613816,1.1379592887823702,3.2844783379282743,4.438251720208677,3.9762801949881847,-1.636738498433651,0.2960350198171469,-1.6992878325078895,1.21928299869012,-4.642135543009539,-0.45130632181435354,6.1626649198617125,1.9364162863065726,5.479032436841854,-2.1330304115213026,-0.4223015732691076,8.563336706073413,2.58467235015915,4.289905819111287,7.358437246028565,-2.43119029713958,1.499402206168518,-1.1245769407403374,1.2662643396282363,0.010880455143174617,-0.5396484810035479,3.321307369099902,-5.2577606787910005,2.4639215011120927,5.882551244394611,0.9721649751374265,-3.1234453170319227,-5.574149079623282,5.115021573637347,-6.209639665347849,-8.721208815744705
2.756370857699094,-16.964821487973815,-13.66243430029748,-1.1316752933934426,-4.862595332409863,2.9333546799551162,2.5643814465078947,4.084258800998366,12.148596143348925,-1.3873546543244388,-4.788408649691471,-8.016910563418344,-8.378369405221175,3.048223968973051,-0.7518311042434825,4.792899383240228,-2.9378391419094836,9.153283936185103,0.8630547706706865,-10.67784055208406,-3.983058147326547,-10.825319628969327,3.8859330968775776,0.47278454610175186,-15.51835773144164,-3.0185043572421777,-6.817029416220933,-13.914805135463627,4.7664503342050795,-4.028811250593917,2.21373640512461,-2.343506622435321,-0.404820703717128,-0.8916672836502759,-5.2577606787910005,9.792202183025731,-4.144566644154688,-10.797951139114888,-3.5054503110688375,4.9347997554263845,11.159615710532412,-9.141377851253681,12.33667950086995,16.939733918303332
-1.0744832615272342,7.140454029159543,5.62423039954706,0.4482821262743739,1.778251398161304,-1.3772882131630562,-1.022012782974656,-1.8665954549803223,-5.286499445929089,0.7703531387833785,2.3959886074364922,3.4442401864598953,3.2853799361174056,-1.285407777985374,0.2542940794682403,-1.5864705688845233,1.051987586092271,-3.715536191058722,-0.3667558068657485,4.71650926981047,1.5821291297409459,4.398774595657946,-1.6608220241057141,-0.28949991873524933,6.675652703831986,1.7590961050024043,3.207791203311913,5.824556611276658,-1.9441281380263504,1.3670948609910025,-0.9097779028592746,1.0066995321570351,0.06860251145461385,-0.12307550361025248,2.4639215011120927,-4.144566644154688,1.873432148934128,4.60599424959338,1.0068526820388513,-2.3224671850438754,-4.49993237353442,3.961928591060274,-5.002068010833476,-6.9809243447580815
-3.03197673237353,18.709113902351557,15.055544001778355,1.2425877076270075,5.31277164377656,-3.2514194927756113,-2.8508272287988365,-4.549333800457506,-13.448006619746057,1.6083060127837316,5.362298760831773,8.885451860636111,9.162057807534097,-3.366436958941233,0.8315669583659466,-5.169438815899489,3.2081042661036827,-10.090400145863482,-0.9366979571159886,11.870220515704448,4.364863311004233,11.924285583259007,-4.307891129855115,-0.5375470362525584,17.15869169341049,3.467365290102084,7.594383756315394,15.342462208218734,-5.2519642736318115,4.361200797667034,-2.4229391507361124,2.5686381669854117,0.4206048556982952,0.8228944446959503,5.882551244394611,-10.797951139114888,4.60599424959338,11.938220539804753,3.773898896025552,-5.517156529715086,-12.28049457120702,10.129395102512316,-13.567875996112177,-18.63661818974605
-1.4175078251687259,6.2695639364701,5.642271330947575,0.5483749961577945,2.9772043369281818,-0.4328206886548268,-1.3055847620542527,-0.9057302631260026,-3.810234018301918,-0.16483904192625903,0.1354898336563878,2.758977692106163,4.054945003108377,-1.1359092980671783,0.5892992579948397,-3.5515253923032724,1.912283277601191,-4.057701990734769,-0.2572575683507437,3.1372447725282955,1.8626720498603673,4.72891004648934,-1.3777215618572882,0.22869981340382825,5.176817964077726,-0.8814597599039283,1.0821783222131414,5.2967178110258075,-2.0574451578602426,2.8667596108841598,-0.8746707017909725,0.7156090461954847,0.5744821831878377,2.3012857145755965,0.9721649751374265,-3.5054503110688375,1.0068526820388513,3.773898896025552,3.3388313272045713,-0.8357271161874987,-5.005004048351339,2.967442423392823,-5.3912613795253845,-6.858654711701536
1.2125842550940904,-8.4725677793752,-6.579477485725981,-0.5085204821969523,-1.904618327219693,1.7394892158674724,1.178002758449125,2.3338018049284663,6.407320271525134,-1.0680118446226112,-3.134881857439574,-4.149064450674111,-3.7073979247424287,1.527212795368339,-0.25799219563628256,1.5436197141438808,-1.1062886408490566,4.309888888696139,0.4335348427020326,-5.778622563697748,-1.802624124497733,-5.106632393852073,1.9945656701438423,0.4129176691286865,-8.03195106123126,-2.4737164635340676,-4.065871454451094,-6.888376329179443,2.2618639358088517,-1.365371455616309,1.0575503816971916,-1.204190768734504,5.543518922752246e-4,0.544413742969404,-3.1234453170319227,4.9347997554263845,-2.3224671850438754,-5.517156529715086,-0.8357271161874987,2.952555549931038,5.194625851776724,-4.795648015675825,5.789411152084894,8.16521116080724
3.3579972204120683,-19.436958515401784,-15.948854657281837,-1.356342418250724,-6.143740740924654,3.035107442697474,3.1346754786730306,4.401375880282025,13.593782803174893,-1.2878134543253597,-4.698509126026986,-9.10518249457179,-10.041805438168925,3.4973805982810044,-1.0214264039699712,6.33141822188335,-3.767370710910735,10.827767003083988,0.9480444862979572,-11.875729859703812,-4.74333015472976,-12.769891132417651,4.43674209089924,0.3455700676121894,-17.5159219472131,-2.5196951907558733,-7.119080670368539,-16.017577496641444,5.60869799808958,-5.271454649470705,2.5519328002846553,-2.6000122604007885,-0.6664593610497208,-1.9346394352122442,-5.574149079623282,11.159615710532412,-4.49993237353442,-12.28049457120702,-5.005004048351339,5.194625851776724,13.225306839649019,-10.290159507889465,14.536469451800617,19.68815984106392
-2.5257838271661175,15.819392434969203,12.676463219288003,1.0403483282495585,4.365227593750412,-2.8150347401963995,-2.4008863045223037,-3.9216158798071414,-11.471701721642109,1.471438496421557,4.719634743162445,7.564750042906425,7.621700149457399,-2.8518419144040985,0.6779865549073257,-4.151212977141443,2.6295572513499628,-8.47933352243793,-0.7884709215463831,10.165730743238973,3.6463228532513554,10.01405119335305,-3.660995077234174,-0.49510032934941883,14.591110715517742,3.186757430296117,6.58929069972513,12.962578892623966,-4.415900731765737,3.5221573433668882,-2.0329671832064027,2.170773554303389,0.3015400036611505,0.42504463048232677,5.115021573637347,-9.141377851253681,3.961928591060274,10.129395102512316,2.967442423392823,-4.795648015675825,-10.290159507889465,8.636911295097411,-11.382585603159583,-15.67991276416365
3.6767756714545823,-21.469914502610777,-17.57102258088619,-1.4940027560785172,-6.7064029345064675,3.405838583653961,3.4211856133648104,4.889408585022403,15.06243929842813,-1.4501575119369006,-5.2989812113064705,-10.058989205656841,-11.04292686763499,3.863915951126128,-1.1032451894813313,6.889800566867405,-4.10561225995557,11.904747518883756,1.059101497479025,-13.149485401481767,-5.221775027599961,-14.043321112079605,4.89445842360084,0.4092967299347654,-19.38330437303377,-2.898437538062819,-7.959234054564043,-17.68338217216198,6.172763893217362,-5.737848095464263,2.8253325542813807,-2.889441169900735,-0.7089868568196729,-2.0338790546853804,-6.209639665347849,12.33667950086995,-5.002068010833476,-13.567875996112177,-5.3912613795253845,5.789411152084894,14.536469451800617,-11.382585603159583,16.00178619244265,21.71329336550943
4.92639125136926,-29.42506640459311,-23.91401752361483,-2.01115298662052,-8.882008079686281,4.843979990338428,4.562625989597854,6.848266853410257,20.79084820967058,-2.119144784648147,-7.678738800974926,-13.804949183503346,-14.914757201276608,5.284006951994423,-1.415198519005639,9.013364168601216,-5.405357981679339,16.112711592082366,1.4839470874109422,-18.179349005657258,-7.060795158516038,-19.04543970109438,6.70737818755181,0.6665638976411369,-26.68859452044518,-4.446514139687002,-11.268458334917598,-24.18914883169508,8.372669716029371,-7.525293047619068,3.869698268331895,-4.021198640414967,-0.8706849073966664,-2.3388143811751845,-8.721208815744705,16.939733918303332,-6.9809243447580815,-18.63661818974605,-6.858654711701536,8.16521116080724,19.68815984106392,-15.67991276416365,21.71329336550943,29.623078825371085
