V1,V2,V3,V4,V5,V6,V7,V8,V9,V10,V11,V12,V13,V14,V15,V16,V17,V18,V19,V20,V21,V22,V23,V24,V25,V26,V27,V28,V29,V30,V31,V32,V33,V34,V35,V36,V37,V38,V39,V40,V41,V42,V43,V44
0.6840854712428612,2.6212908515356963,0.2834473173684176,-0.8481120054813986,-0.5534945827478376,-4.2588700649227835,1.5752848229316745,-2.441687197390811,1.21635134022513,-1.399088153188713,0.29317575942089563,0.8042750292450468,0.6917312177940288,1.4690123709631218,-2.3952032012980444,-1.4319638594759703,-4.414338761803855,-0.3488005437930118,-0.585220179176984,-2.5116503965528807,-0.736401364383021,-0.46584231853698116,0.45026945554102443,-2.951174460532902,-1.128153863955183,1.2318380819663672,0.11438149990068149,1.1983536383000022,-1.06273891199391,0.1743018578934444,-0.7930101370445791,-0.8484946584768434,0.5885241794945817,-2.5790540231357246,1.2572033008576962,-0.3000005049877953,0.9890767989296768,-2.019988729268069,-2.7596113048460453,0.046660507646322916,0.9742913660553363,-0.7940720179571389,1.6135933604707882,1.1550599393522558
2.6212908515356963,10.359441882064477,1.2278950840078444,-3.3766499443408495,-1.7884611053001893,-16.835479101349254,6.242140042804888,-9.513575683953167,5.333939439571923,-5.964227536896586,0.439285444374377,3.0393293418696063,3.114151945195118,5.948306902075767,-9.524355408646375,-6.47853113800046,-17.450133095425613,-1.5621212173480106,-2.331211110689913,-10.60296520588964,-2.8349309339237543,-1.704795047493176,1.8922487206719933,-11.698895630441827,-4.96394460175828,4.0481589694013005,-0.22727970041554402,4.727522214168213,-4.341311731173206,1.2501369077574667,-3.19743116662875,-3.482105791854691,2.547498841718202,-9.508449195527378,4.564120202696207,-1.055667486519133,3.7052274408043275,-8.354980050960005,-10.283369296216943,0.6764431545046581,3.6792977167325125,-3.4946918432414105,6.279830349582866,4.571615130077882
0.2834473173684176,1.2278950840078444,0.18153177055790023,-0.40809282016261367,-0.07909708823022502,-1.9970972839832606,0.7454206001315401,-1.082469706598522,0.8075891270160092,-0.8515594128368336,-0.18785014107130074,0.31369909400849305,0.4958480885253954,0.7522659513653324,-1.1484337957093234,-1.041151399635396,-2.0699625179973866,-0.24663264145968689,-0.2824080027289948,-1.4822587911099316,-0.3110580719794449,-0.1563445993930037,0.26172061088465454,-1.3987807967185617,-0.7566139829677658,0.2067570774456922,-0.25321572928575203,0.5576223745819205,-0.5616207006482007,0.3351520334748877,-0.4003483090332112,-0.45603896209051686,0.3757939558360262,-0.8992925314860752,0.4063229241597251,-0.08170019832816948,0.3712836682125414,-1.1138245632298933,-1.0114422867114639,0.24422839302244922,0.379128401042593,-0.5326808176838698,0.7118808261270941,0.544130119242215
-0.8481120054813986,-3.3766499443408495,-0.40809282016261367,1.1052863885906428,0.5556943232077763,5.485538748124108,-2.0346281021159562,3.0897888720204616,-1.7755268959137334,1.9745502064617022,-0.09682973654161271,-0.9834648017107946,-1.041049223418067,-1.9503144421796355,3.1072617836738186,2.166926321198118,5.685615741589105,0.5191764565503321,0.761178842094842,3.5020638257826597,0.9158786398477039,0.549189767954408,-0.6245226097625858,3.8131631698593824,1.6538717029734487,-1.2602203861481387,0.12079656187435402,-1.5400957299011686,1.4250318834142977,-0.4474342779881275,1.0448918814410906,1.1399967277721248,-0.8453155147382091,3.0507004335994488,-1.460644182173334,0.3367575745797054,-1.1937186268984232,2.751297131250298,3.3069670871058934,-0.25320377052856974,-1.186189315204805,1.1661081251000793,-2.0388220691766232,-1.4898737628900285
-0.5534945827478376,-1.7884611053001893,-0.07909708823022502,0.5556943232077763,0.8097287851812232,2.8931440274406386,-1.0526439659486184,1.8086051990337362,-0.25561554417296156,0.48154872642446966,-0.9869004996309827,-0.704187649901268,-0.05906999897733123,-0.8480530533860402,1.5659415106161982,0.08445981603950709,2.997447776715329,0.03507556107942175,0.3791380523354959,0.9732559825728166,0.5778636924478547,0.4685549763559319,-0.18371054751014312,1.9671334904854156,0.21922241133971493,-1.7256070840978612,-0.8168376456296846,-0.8271466396680808,0.571692536444537,0.48803555420481254,0.4684941418094334,0.4310797848932647,-0.1598807926039179,2.4967976674543064,-1.2976700410763897,0.3496954411004389,-0.8955785874003976,0.9745949432246842,2.5520476610084457,0.505249302238364,-0.8455895065304035,0.15653420679221236,-1.2004750491988774,-0.7757267586269414
-4.2588700649227835,-16.835479101349254,-1.9970972839832606,5.485538748124108,2.8931440274406386,27.366380374758975,-10.148212814452284,15.459909585605208,-8.689057089184447,9.708997938673948,-0.6837877684517096,-4.930934852365837,-5.074267196534824,-9.67156300185454,15.484269482462729,10.559743500276198,28.36658985821033,2.547723091626293,3.7894499286531547,17.25980503396292,4.609514859096653,2.7637623484743044,-3.080164389976578,19.019432740554485,8.08670021123429,-6.5538995270174665,0.39450358769130817,-7.682091639394011,7.060204560500634,-2.04954125664461,5.201166315108628,5.669549919559757,-4.148752354518605,15.432490993674525,-7.402172151471712,1.7078623990751582,-6.014583448161,13.591429498246871,16.695305617813368,-1.1190015004440963,-5.977304559739302,5.690816333754487,-10.20707512279894,-7.433890528672248
1.5752848229316745,6.242140042804888,0.7454206001315401,-2.0346281021159562,-1.0526439659486184,-10.148212814452284,3.7643188229876805,-5.72598454967985,3.2487500169718224,-3.6221693995435245,0.21622668023379354,1.8205081190611367,1.9007001554704663,3.5932151629407203,-5.744896654400293,-3.9571217101428995,-10.519390365362389,-0.9544750134033393,-1.4060189322197512,-6.434663551498212,-1.7063421166476187,-1.017404481064744,1.148005516302435,-7.054891681824509,-3.024152263188866,2.3894264240649097,-0.18088249454236152,2.8477954098279117,-2.624861964034675,0.7878745466030694,-1.9322082484132004,-2.109867322570093,1.5496504598902177,-5.688197358627737,2.723829122396787,-0.6260802069684696,2.219890860557394,-5.058282865291278,-6.159885124618876,0.44020413422604354,2.2083892125200784,-2.1278353985384904,3.7806855584642793,2.7574363149460432
-2.441687197390811,-9.513575683953167,-1.082469706598522,3.0897888720204616,1.8086051990337362,15.459909585605208,-5.72598454967985,8.794113685636129,-4.678858504659157,5.296019989779159,-0.7020643237378349,-2.8483341760596605,-2.701402848484924,-5.402791482363485,8.722834558177983,5.6084478906042,16.02445205533511,1.358817375466269,2.1332095176845822,9.455566471148387,2.63590541225244,1.6215684379340536,-1.6908780430152277,10.729687328607431,4.347893181681339,-4.060307277324413,-0.07424844416155237,-4.345020342089647,3.9278929930613082,-0.9136784186879565,2.9104032629085084,3.1453392294815314,-2.2472690524877286,9.017608716644226,-4.359590340839382,1.023021066260624,-3.487545705225952,7.517294897191876,9.70401260342843,-0.41658110532719445,-3.45072684739819,3.0601326650894958,-5.808255215969482,-4.195910865142809
1.21635134022513,5.333939439571923,0.8075891270160092,-1.7755268959137334,-0.25561554417296156,-8.689057089184447,3.2487500169718224,-4.678858504659157,3.633661410407398,-3.801042143272844,-0.9859274320127731,1.325955968073922,2.239520843438733,3.302045902067195,-5.010158169868321,-4.711639958725679,-9.008653880430579,-1.115568443101417,-1.2315706901613674,-6.602756415791478,-1.3430155346409798,-0.6476217714405438,1.1652090990038906,-6.09586695280952,-3.406892725185692,0.7190522767735147,-1.256438856644098,2.4188772648410333,-2.4721247770786565,1.5796670111019635,-1.7579026826104667,-2.020059180321039,1.6843660258669033,-3.760360102597916,1.672448755799334,-0.3198875140061118,1.5675760631334212,-4.926834275536013,-4.264068291081823,1.1763343863186881,1.6165508200012708,-2.3953870567704056,3.081250958635119,2.374669655314416
-1.399088153188713,-5.964227536896586,-0.8515594128368336,1.9745502064617022,0.48154872642446966,9.708997938673948,-3.6221693995435245,5.296019989779159,-3.801042143272844,4.0352827864700656,0.7451040658534677,-1.553169246147287,-2.316883563279264,-3.621622565895524,5.5705063949718125,4.862657791536939,10.065408936313965,1.1558402836415884,1.367843250471148,7.045400510084926,1.5358727010485262,0.7917148064451136,-1.2465846221196655,6.7942876942518415,3.557990114376289,-1.2063429179131262,1.0690399676705515,-2.709315710082773,2.694270723300044,-1.490522120064858,1.9325045131948506,2.1914221398908142,-1.773531818630054,4.538696432325719,-2.0695181856316323,0.4239193346888696,-1.8531635642546394,5.32456047417847,5.071363726842378,-1.0710106050499253,-1.8891229072523688,2.502481745937174,-3.489799606914332,-2.648518347659592
0.29317575942089563,0.439285444374377,-0.18785014107130074,-0.09682973654161271,-0.9869004996309827,-0.6837877684517096,0.21622668023379354,-0.7020643237378349,-0.9859274320127731,0.7451040658534677,1.6814061337663777,0.4590569391098954,-0.7387573829447384,-0.07247427762050991,-0.2577646931544345,1.6092605037159016,-0.705444677013809,0.3636108289961251,-0.05624864829519026,1.1143978460145147,-0.2761948685409494,-0.3918213348984372,-0.1807322148722177,-0.39478921740024403,0.9513106100955454,2.0360066017470606,1.549188309672556,0.22076741907598663,0.13940872502401722,-1.225906501488061,0.019077196521433717,0.167969918778336,-0.40218889157345145,-1.9557736016715916,1.1220416135144742,-0.3525870627874154,0.6226591670474556,0.4965480245613993,-1.8445321528822658,-1.1055396873396404,0.5352700463393611,0.6631958642580333,0.47356986340825,0.16562636470571726
0.8042750292450468,3.0393293418696063,0.31369909400849305,-0.9834648017107946,-0.704187649901268,-4.930934852365837,1.8205081190611367,-2.8483341760596605,1.325955968073922,-1.553169246147287,0.4590569391098954,0.9587730480378894,0.7420145338087312,1.681978107351485,-2.764144390338898,-1.5285036390049802,-5.109929458593128,-0.3717877353530012,-0.6754665832253026,-2.8013112962045965,-0.8599198884251732,-0.5649251433758956,0.5034802825044292,-3.409885870136346,-1.227572675337234,1.5526120058374018,0.24068588521269493,1.3910336835704236,-1.2101071906955794,0.11598678426506416,-0.9063241362735028,-0.9562711524532646,0.6465274526813547,-3.0939774565099003,1.5226728534517573,-0.3718310346943155,1.1786843688004773,-2.2846102170532694,-3.292260904116673,-0.026016711929727862,1.1526744571496341,-0.8668735026132466,1.8813923379534272,1.3344244982095481
0.6917312177940288,3.114151945195118,0.4958480885253954,-1.041049223418067,-0.05906999897733123,-5.074267196534824,1.9007001554704663,-2.701402848484924,2.239520843438733,-2.316883563279264,-0.7387573829447384,0.7420145338087312,1.3934505976349674,1.9592226080243327,-2.9383898479446677,-2.935780205100959,-5.260896338109918,-0.693818641992978,-0.7230916412734748,-4.0071171626604825,-0.7680053240198199,-0.34605211205359404,0.7055849722676836,-3.567572420404906,-2.1020011981452633,0.23594033289374516,-0.8865460002626485,1.4105785764699736,-1.4749949569037535,1.0483479804085842,-1.0411954611671288,-1.2096408717679035,1.0333758953209187,-2.04147720678332,0.8849456387138633,-0.15713110632382707,0.8693342417528429,-2.9589716488109516,-2.3495539976934743,0.7979243463016391,0.9053558422178902,-1.4776691322073743,1.7771081812328093,1.3876517678367801
1.4690123709631218,5.948306902075767,0.7522659513653324,-1.9503144421796355,-0.8480530533860402,-9.67156300185454,3.5932151629407203,-5.402791482363485,3.302045902067195,-3.621622565895524,-0.07247427762050991,1.681978107351485,1.9592226080243327,3.4809021254197785,-5.497001021102603,-4.089632432417735,-10.02531935856776,-0.9793880779483792,-1.3470358237604652,-6.395892536410089,-1.595143853371133,-0.9184656973825046,1.1380169167484802,-6.735853471980611,-3.079979633104138,1.9557465519952173,-0.43721749653010406,2.7102185488677493,-2.5566140226849265,0.9702898959284234,-1.865213550221943,-2.058782264983789,1.562959895663236,-5.153615545377103,2.4387082156293594,-0.546681340255777,2.0360519399378587,-4.96702039265712,-5.6265991441780425,0.6107355968610588,2.0374440836840195,-2.1683863268166936,3.5645459930258814,2.6304947609062768
-2.3952032012980444,-9.524355408646375,-1.1484337957093234,3.1072617836738186,1.5659415106161982,15.484269482462729,-5.744896654400293,8.722834558177983,-5.010158169868321,5.5705063949718125,-0.2577646931544345,-2.764144390338898,-2.9383898479446677,-5.497001021102603,8.771323242294446,6.120436035257556,16.05047571292925,1.474505339802781,2.1471053504877733,9.886181411266147,2.5953861985833697,1.5390368593101686,-1.7628970449100572,10.767663619805248,4.665495633733567,-3.56241645357013,0.34451152742653846,-4.344377475066022,4.019394642572931,-1.2591281656124373,2.9543736333469983,3.2316524126991317,-2.3867626024901494,8.609791507039567,-4.115487255725487,0.9423625432944915,-3.3664206882076937,7.755658580613741,9.335424984527224,-0.7212030039068839,-3.352027244024736,3.282915410872984,-5.758326995483127,-4.207833845387432
-1.4319638594759703,-6.47853113800046,-1.041151399635396,2.166926321198118,0.08445981603950709,10.559743500276198,-3.9571217101428995,5.6084478906042,-4.711639958725679,4.862657791536939,1.6092605037159016,-1.5285036390049802,-2.935780205100959,-4.089632432417735,6.120436035257556,6.188950005412256,10.948571404556178,1.4622819576426083,1.506248409939392,8.404856532312085,1.5924011750147369,0.7060597675834577,-1.4792224089406676,7.428083620681968,4.423680004724344,-0.41228611588760733,1.9112465972766473,-2.9333504371530945,3.082356231557959,-2.2350394135501106,2.1733987882256507,2.531766830235655,-2.171889154208527,4.1821526783252105,-1.8013805937285152,0.31262403151048984,-1.7886082121556754,6.192464800780104,4.829403836280549,-1.709208416082596,-1.8686427194961202,3.108615730332017,-3.689711363826546,-2.8897353499167413
-4.414338761803855,-17.450133095425613,-2.0699625179973866,5.685615741589105,2.997447776715329,28.36658985821033,-10.519390365362389,16.02445205533511,-9.008653880430579,10.065408936313965,-0.705444677013809,-5.109929458593128,-5.260896338109918,-10.02531935856776,16.05047571292925,10.948571404556178,29.403619896341255,2.6417221855704156,3.9279470463628687,17.893298437512097,4.77835103647134,2.8640166613547455,-3.1932693611844574,19.714901451844604,8.384163679746996,-6.7908595793105615,0.41161310701875353,-7.962397310450154,7.3184616871653185,-2.126085888456663,5.391644203052098,5.87790812849227,-4.301206482588338,15.994119598854027,-7.670796762637537,1.7692697941909787,-6.233538179487516,14.08931421073973,17.303577805305405,-1.1619842658108597,-6.195643180042197,5.899847818447177,-10.580326830565912,-7.706104497160236
-0.3488005437930118,-1.5621212173480106,-0.24663264145968689,0.5191764565503321,0.03507556107942175,2.547723091626293,-0.9544750134033393,1.358817375466269,-1.115568443101417,1.1558402836415884,0.3636108289961251,-0.3717877353530012,-0.693818641992978,-0.9793880779483792,1.474505339802781,1.4622819576426083,2.6417221855704156,0.34800317563576993,0.36242361208512847,2.001418515965602,0.38928603754568497,0.1728197684072721,-0.3524772879097621,1.7917082756480713,1.0464575097301543,-0.13271983619264224,0.4353056690026289,-0.707854888780371,0.737641857273458,-0.5166261002542081,0.523001205882486,0.6087451327412807,-0.5155832372800025,1.035208597159657,-0.4487198751894463,0.07902253572298439,-0.4389983431053961,1.4770833823791096,1.1896228936596291,-0.3944480961315927,-0.4580038458112611,0.7339668152389628,-0.8944820951301127,-0.6969003861735414
-0.585220179176984,-2.331211110689913,-0.2824080027289948,0.761178842094842,0.3791380523354959,3.7894499286531547,-1.4060189322197512,2.1332095176845822,-1.2315706901613674,1.367843250471148,-0.05624864829519026,-0.6754665832253026,-0.7230916412734748,-1.3470358237604652,2.1471053504877733,1.506248409939392,3.9279470463628687,0.36242361208512847,0.5257826794666967,2.4263529982926424,0.6339466644404615,0.37562644326995576,-0.43256725009469027,2.6352619632404606,1.1470807821879918,-0.8631724503840748,0.09116644097223917,-1.0632396328192886,0.9852335155409855,-0.3141161767155637,0.7234174859067056,0.7916550923651632,-0.5864008353234296,2.0999566522048485,-1.0032918311962047,0.22963746969427393,-0.8218970404951685,1.9022457803862762,2.278080417829565,-0.18133338363622326,-0.8183558464171379,0.8074120439475775,-1.4080238281678708,-1.0297040775026294
-2.5116503965528807,-10.60296520588964,-1.4822587911099316,3.5020638257826597,0.9732559825728166,17.25980503396292,-6.434663551498212,9.455566471148387,-6.602756415791478,7.045400510084926,1.1143978460145147,-2.8013112962045965,-4.0071171626604825,-6.395892536410089,9.886181411266147,8.404856532312085,17.893298437512097,2.001418515965602,2.4263529982926424,12.326779020053046,2.7531623978046222,1.4468523486793237,-2.1829097089239338,12.068915402767889,6.177169584851661,-2.3857569754407777,1.701146289585207,-4.81897906996255,4.748372626159054,-2.4848357197106195,3.417402645247399,3.859156530662691,-3.087951892761263,8.270001545695628,-3.797799690098651,0.7911506545063697,-3.3540291659072414,9.355989954595241,9.198627325965628,-1.7601699426562476,-3.4089137726402754,4.343716568625442,-6.232762649763393,-4.706883304969764
-0.736401364383021,-2.8349309339237543,-0.3110580719794449,0.9158786398477039,0.5778636924478547,4.609514859096653,-1.7063421166476187,2.63590541225244,-1.3430155346409798,1.5358727010485262,-0.2761948685409494,-0.8599198884251732,-0.7680053240198199,-1.595143853371133,2.5953861985833697,1.5924011750147369,4.77835103647134,0.38928603754568497,0.6339466644404615,2.7531623978046222,0.79615497132703406,0.4942235401326411,-0.49327084347344874,3.1969334853863742,1.2460203134949366,-1.2929410268943464,-0.08805650073313268,-1.2955772681140498,1.1564838220693432,-0.21603768970783024,0.8627456574834574,0.9286744855657777,-0.648474243967055,2.755892026730745,-1.3376882131182666,0.31572321533086134,-1.0592902849288874,2.2025112939467264,2.9553364658726604,-0.07738893741112177,-1.0468969619043682,0.8753128038142771,-1.742669904563463,-1.2512144564799714
-0.46584231853698116,-1.704795047493176,-0.1563445993930037,0.549189767954408,0.4685549763559319,2.7637623484743044,-1.017404481064744,1.6215684379340536,-0.6476217714405438,0.7917148064451136,-0.3918213348984372,-0.5649251433758956,-0.34605211205359404,-0.9184656973825046,1.5390368593101686,0.7060597675834577,2.8640166613547455,0.1728197684072721,0.37562644326995576,1.4468523486793237,0.4942235401326411,0.3441482275128853,-0.26174328393396873,1.9045075409092977,0.5968120604406945,-1.0197146276209414,-0.2598295898588018,-0.7814924030747045,0.6529887050758677,0.0372382711863636,0.4955078471610543,0.5101132703868825,-0.3217682109589596,1.8603101905366175,-0.9290189167953001,0.2334201645947552,-0.6985574753960162,1.2150756989651272,1.9599141269773361,0.10571869574575395,-0.6773383608565068,0.42261585391642015,-1.0724594628668043,-0.7471362455573703
0.45026945554102443,1.8922487206719933,0.26172061088465454,-0.6245226097625858,-0.18371054751014312,-3.080164389976578,1.148005516302435,-1.6908780430152277,1.1652090990038906,-1.2465846221196655,-0.1807322148722177,0.5034802825044292,0.7055849722676836,1.1380169167484802,-1.7628970449100572,-1.4792224089406676,-3.1932693611844574,-0.3524772879097621,-0.43256725009469027,-2.1829097089239338,-0.49327084347344874,-0.26174328393396873,0.3868355027369815,-2.1529625116383544,-1.0897424448304946,0.44639954996689024,-0.2865542354812629,0.8601965448746723,-0.8438777521477429,0.4293187879116692,-0.6082456034207652,-0.6854075169449704,0.5455171004855038,-1.4930976064760857,0.6878826166634933,-0.1444915855315016,0.603741501923168,-1.6605323721130336,-1.6573836050540867,0.301723294346471,0.6127193366986319,-0.7663594327387742,1.114896519998108,0.8398776881675113
-2.951174460532902,-11.698895630441827,-1.3987807967185617,3.8131631698593824,1.9671334904854156,19.019432740554485,-7.054891681824509,10.729687328607431,-6.09586695280952,6.7942876942518415,-0.39478921740024403,-3.409885870136346,-3.567572420404906,-6.735853471980611,10.767663619805248,7.428083620681968,19.714901451844604,1.7917082756480713,2.6352619632404606,12.068915402767889,3.1969334853863742,1.9045075409092977,-2.1529625116383544,13.22265218772337,5.674734780791401,-4.466523519619185,0.34852931826889305,-5.337293325387899,4.921491283808387,-1.4846041082452812,3.6223384500054543,3.956281742625153,-2.9073973480681388,10.650885378552774,-5.099239751472824,1.171421479392995,-4.15734551360444,9.48470454390743,11.535528350513614,-0.8321044541793808,-4.136283605512653,3.992544770360035,-7.083888652037665,-5.1677459851533385
-1.128153863955183,-4.96394460175828,-0.7566139829677658,1.6538717029734487,0.21922241133971493,8.08670021123429,-3.024152263188866,4.347893181681339,-3.406892725185692,3.557990114376289,0.9513106100955454,-1.227572675337234,-2.1020011981452633,-3.079979633104138,4.665495633733567,4.423680004724344,8.384163679746996,1.0464575097301543,1.1470807821879918,6.177169584851661,1.2460203134949366,0.5968120604406945,-1.0897424448304946,5.674734780791401,3.195108446685618,-0.6300869510422324,1.2014782697509698,-2.2505445528674364,2.307395914229874,-1.4967752129835707,1.6388103318382898,1.8857558987148006,-1.5780337789674688,3.467264571685202,-1.5375382658127363,0.29153428543292587,-1.4491554679070826,4.603246215546771,3.9388270325272114,-1.1180279906031596,-1.4964504272257715,2.2465463883264905,-2.8630189470587313,-2.2106589447593663
1.2318380819663672,4.0481589694013005,0.2067570774456922,-1.2602203861481387,-1.7256070840978612,-6.5538995270174665,2.3894264240649097,-4.060307277324413,0.7190522767735147,-1.2063429179131262,2.0360066017470606,1.5526120058374018,0.23594033289374516,1.9557465519952173,-3.56241645357013,-0.41228611588760733,-6.7908595793105615,-0.13271983619264224,-0.8631724503840748,-2.3857569754407777,-1.2929410268943464,-1.0197146276209414,0.44639954996689024,-4.466523519619185,-0.6300869510422324,3.691331642520846,1.666740375920799,1.870181032974769,-1.3313495579514423,-0.9568099945360408,-1.080009058004236,-1.0165591850063695,0.4218264003074054,-5.4709782346226445,2.8273838324176754,-0.754076679961957,1.9728969277775639,-2.302567412884855,-5.613904017584261,-1.0100877874805105,1.8707331496646005,-0.44612402125334155,2.694398317747836,1.7592865063922138
0.11438149990068149,-0.22727970041554402,-0.25321572928575203,0.12079656187435402,-0.8168376456296846,0.39450358769130817,-0.18088249454236152,-0.07424844416155237,-1.256438856644098,1.0690399676705515,1.549188309672556,0.24068588521269493,-0.8865460002626485,-0.43721749653010406,0.34451152742653846,1.9112465972766473,0.41161310701875353,0.4353056690026289,0.09116644097223917,1.701146289585207,-0.08805650073313268,-0.2598295898588018,-0.2865542354812629,0.34852931826889305,1.2014782697509698,1.666740375920799,1.4697358899680675,-0.08452658375904686,0.3995457104078276,-1.2310280225409411,0.21356458515125396,0.36839797644071204,-0.5349526840365821,-1.2525040598795747,0.7714326936932133,-0.2640623292772519,0.3562857218734359,0.9850619883191156,-1.1009506469645376,-1.0793487174128833,0.27758795295384925,0.8417604256825337,0.05926207425544227,-0.1254740469582672
1.1983536383000022,4.727522214168213,0.5576223745819205,-1.5400957299011686,-0.8271466396680808,-7.682091639394011,2.8477954098279117,-4.345020342089647,2.4188772648410333,-2.709315710082773,0.22076741907598663,1.3910336835704236,1.4105785764699736,2.7102185488677493,-4.344377475066022,-2.9333504371530945,-7.962397310450154,-0.707854888780371,-1.0632396328192886,-4.81897906996255,-1.2955772681140498,-0.7814924030747045,0.8601965448746723,-5.337293325387899,-2.2505445528674364,1.870181032974769,-0.08452658375904686,2.157807787199857,-1.9771522348840636,0.5548724028970439,-1.4573000696002945,-1.5852014717600826,1.1562375622804362,-4.357913418709383,2.094122591394238,-0.485622290217317,1.6965257288489586,-3.8017815066991125,-4.709698433434196,0.2947533664251738,1.6833826878338534,-1.5844835362622733,2.867915466186173,2.0854220560532988
-1.06273891199391,-4.341311731173206,-0.5616207006482007,1.4250318834142977,0.571692536444537,7.060204560500634,-2.624861964034675,3.9278929930613082,-2.4721247770786565,2.694270723300044,0.13940872502401722,-1.2101071906955794,-1.4749949569037535,-2.5566140226849265,4.019394642572931,3.082356231557959,7.3184616871653185,0.737641857273458,0.9852335155409855,4.748372626159054,1.1564838220693432,0.6529887050758677,-0.8438777521477429,4.921491283808387,2.307395914229874,-1.3313495579514423,0.3995457104078276,-1.9771522348840636,1.8826253463853866,-0.7741200381661023,1.3696009064929453,1.5195052150620783,-1.1670495405989323,3.681006112010102,-1.731720954158193,0.38287126077725026,-1.4617798702804317,3.6680737586974486,4.033542038534844,-0.504553974954858,-1.467253437727852,1.6237683969959564,-2.5905467482149285,-1.9209671096379382
0.1743018578934444,1.2501369077574667,0.3351520334748877,-0.4474342779881275,0.48803555420481254,-2.04954125664461,0.7878745466030694,-0.9136784186879565,1.5796670111019635,-1.490522120064858,-1.225906501488061,0.11598678426506416,1.0483479804085842,0.9702898959284234,-1.2591281656124373,-2.2350394135501106,-2.126085888456663,-0.5166261002542081,-0.3141161767155637,-2.4848357197106195,-0.21603768970783024,0.0372382711863636,0.4293187879116692,-1.4846041082452812,-1.4967752129835707,-0.9568099945360408,-1.2310280225409411,0.5548724028970439,-0.7741200381661023,1.1413617568225916,-0.5024697490096885,-0.6571937062756631,0.7008133599635786,0.05539756545818641,-0.16501194269019134,0.10721886786352487,0.08727018516626854,-1.66761469390114,-0.14794714503483242,0.9556315770317003,0.14771146297820775,-1.0515976804385283,0.5935959808566023,0.5707337353064624
-0.7930101370445791,-3.19743116662875,-0.4003483090332112,1.0448918814410906,0.4684941418094334,5.201166315108628,-1.9322082484132004,2.9104032629085084,-1.7579026826104667,1.9325045131948506,0.019077196521433717,-0.9063241362735028,-1.0411954611671288,-1.865213550221943,2.9543736333469983,2.1733987882256507,5.391644203052098,0.523001205882486,0.7234174859067056,3.417402645247399,0.8627456574834574,0.4955078471610543,-0.6082456034207652,3.6223384500054543,1.6388103318382898,-1.080009058004236,0.21356458515125396,-1.4573000696002945,1.3696009064929453,-0.5024697490096885,1.002303600132651,1.1063183911400039,-0.8333928940905053,2.793704079805399,-1.3230430815579264,0.29638246545534647,-1.1009259897002317,2.6561866561405196,3.0464992261298844,-0.3138062891985586,-1.1020708878739782,1.1521481161935763,-1.9207589289564737,-1.4147203534004575
-0.8484946584768434,-3.482105791854691,-0.45603896209051686,1.1399967277721248,0.4310797848932647,5.669549919559757,-2.109867322570093,3.1453392294815314,-2.020059180321039,2.1914221398908142,0.167969918778336,-0.9562711524532646,-1.2096408717679035,-2.058782264983789,3.2316524126991317,2.531766830235655,5.87790812849227,0.6087451327412807,0.7916550923651632,3.859156530662691,0.9286744855657777,0.5101132703868825,-0.6854075169449704,3.956281742625153,1.8857558987148006,-1.0165591850063695,0.36839797644071204,-1.5852014717600826,1.5195052150620783,-0.6571937062756631,1.1063183911400039,1.2355485041635943,-0.9523413256854506,2.909202829612699,-1.3594847977970772,0.29445854384996545,-1.1586005994026995,2.965793453746827,3.197734755679722,-0.44142870569993525,-1.1689147187600166,1.3238965439179833,-2.075811276800089,-1.5446339761597254
0.5885241794945817,2.547498841718202,0.3757939558360262,-0.8453155147382091,-0.1598807926039179,-4.148752354518605,1.5496504598902177,-2.2472690524877286,1.6843660258669033,-1.773531818630054,-0.40218889157345145,0.6465274526813547,1.0333758953209187,1.562959895663236,-2.3867626024901494,-2.171889154208527,-4.301206482588338,-0.5155832372800025,-0.5864008353234296,-3.087951892761263,-0.648474243967055,-0.3217682109589596,0.5455171004855038,-2.9073973480681388,-1.5780337789674688,0.4218264003074054,-0.5349526840365821,1.1562375622804362,-1.1670495405989323,0.7008133599635786,-0.8333928940905053,-0.9523413256854506,0.7832110949099436,-1.860739185150474,0.8372510880019414,-0.1653969228557013,0.7680969387210012,-2.3166959514670054,-2.095443730187608,0.5146472101844154,0.7879353224733242,-1.1093773824486026,1.4802496459579664,1.132763750478456
-2.5790540231357246,-9.508449195527378,-0.8992925314860752,3.0507004335994488,2.4967976674543064,15.432490993674525,-5.688197358627737,9.017608716644226,-3.760360102597916,4.538696432325719,-1.9557736016715916,-3.0939774565099003,-2.04147720678332,-5.153615545377103,8.609791507039567,4.1821526783252105,15.994119598854027,1.035208597159657,2.0999566522048485,8.270001545695628,2.755892026730745,1.8603101905366175,-1.4930976064760857,10.650885378552774,3.467264571685202,-5.4709782346226445,-1.2525040598795747,-4.357913418709383,3.681006112010102,0.05539756545818641,2.793704079805399,2.909202829612699,-1.860739185150474,10.189286033672298,-5.058652980116787,1.2532350526920693,-3.8378956907173354,6.86904252109485,10.767165373296631,0.43991058343725736,-3.737942678241924,2.44341898239972,-5.964673277211209,-4.1743995649151495
1.2572033008576962,4.564120202696207,0.4063229241597251,-1.460644182173334,-1.2976700410763897,-7.402172151471712,2.723829122396787,-4.359590340839382,1.672448755799334,-2.0695181856316323,1.1220416135144742,1.5226728534517573,0.8849456387138633,2.4387082156293594,-4.115487255725487,-1.8013805937285152,-7.670796762637537,-0.4487198751894463,-1.0032918311962047,-3.797799690098651,-1.3376882131182666,-0.9290189167953001,0.6878826166634933,-5.099239751472824,-1.5375382658127363,2.8273838324176754,0.7714326936932133,2.094122591394238,-1.731720954158193,-0.16501194269019134,-1.3230430815579264,-1.3594847977970772,0.8372510880019414,-5.058652980116787,2.5299573880186625,-0.6363238358010406,1.892800748483524,-3.204847318134438,-5.319693840786693,-0.3356101880493313,1.834161314838858,-1.085304384900757,2.8838300026540717,1.999409860431711
-0.3000005049877953,-1.055667486519133,-0.08170019832816948,0.3367575745797054,0.3496954411004389,1.7078623990751582,-0.6260802069684696,1.023021066260624,-0.3198875140061118,0.4239193346888696,-0.3525870627874154,-0.3718310346943155,-0.15713110632382707,-0.546681340255777,0.9423625432944915,0.31262403151048984,1.7692697941909787,0.07902253572298439,0.22963746969427393,0.7911506545063697,0.31572321533086134,0.2334201645947552,-0.1444915855315016,1.171421479392995,0.29153428543292587,-0.754076679961957,-0.2640623292772519,-0.485622290217317,0.38287126077725026,0.10721886786352487,0.29638246545534647,0.29445854384996545,-0.1653969228557013,1.2532350526920693,-0.6363238358010406,0.16541727773678072,-0.4631985786559109,0.6949945703506977,1.30524957698656,0.1406613870069301,-0.4433660427493652,0.20741195775125434,-0.6764076362268897,-0.45928036787373994
0.9890767989296768,3.7052274408043275,0.3712836682125414,-1.1937186268984232,-0.8955785874003976,-6.014583448161,2.219890860557394,-3.487545705225952,1.5675760631334212,-1.8531635642546394,0.6226591670474556,1.1786843688004773,0.8693342417528429,2.0360519399378587,-3.3664206882076937,-1.7886082121556754,-6.233538179487516,-0.4389983431053961,-0.8218970404951685,-3.3540291659072414,-1.0592902849288874,-0.6985574753960162,0.603741501923168,-4.15734551360444,-1.4491554679070826,1.9728969277775639,0.3562857218734359,1.6965257288489586,-1.4617798702804317,0.08727018516626854,-1.1009259897002317,-1.1586005994026995,0.7680969387210012,-3.8378956907173354,1.892800748483524,-0.4631985786559109,1.4561363710787725,-2.74902918985193,-4.075085334614602,-0.07604259217122791,1.4234695165531404,-1.021372078766887,2.3055687238243348,1.628045827814664
-2.019988729268069,-8.354980050960005,-1.1138245632298933,2.751297131250298,0.9745949432246842,13.591429498246871,-5.058282865291278,7.517294897191876,-4.926834275536013,5.32456047417847,0.4965480245613993,-2.2846102170532694,-2.9589716488109516,-4.96702039265712,7.755658580613741,6.192464800780104,14.08931421073973,1.4770833823791096,1.9022457803862762,9.355989954595241,2.2025112939467264,1.2150756989651272,-1.6605323721130336,9.48470454390743,4.603246215546771,-2.302567412884855,0.9850619883191156,-3.8017815066991125,3.6680737586974486,-1.66761469390114,2.6561866561405196,2.965793453746827,-2.3166959514670054,6.86904252109485,-3.204847318134438,0.6949945703506977,-2.74902918985193,7.180070019707734,7.567501445027747,-1.1274585582912318,-2.771363541360359,3.239633988784119,-4.957145937313177,-3.7016308227491037
-2.7596113048460453,-10.283369296216943,-1.0114422867114639,3.3069670871058934,2.5520476610084457,16.695305617813368,-6.159885124618876,9.70401260342843,-4.264068291081823,5.071363726842378,-1.8445321528822658,-3.292260904116673,-2.3495539976934743,-5.6265991441780425,9.335424984527224,4.829403836280549,17.303577805305405,1.1896228936596291,2.278080417829565,9.198627325965628,2.9553364658726604,1.9599141269773361,-1.6573836050540867,11.535528350513614,3.9388270325272114,-5.613904017584261,-1.1009506469645376,-4.709698433434196,4.033542038534844,-0.14794714503483242,3.0464992261298844,3.197734755679722,-2.095443730187608,10.767165373296631,-5.319693840786693,1.30524957698656,-4.075085334614602,7.567501445027747,11.416001059651846,0.29132206070637934,-3.981137209538514,2.774513038514774,-6.4174501863704405,-4.519374120540166
0.046660507646322916,0.6764431545046581,0.24422839302244922,-0.25320377052856974,0.505249302238364,-1.1190015004440963,0.44020413422604354,-0.41658110532719445,1.1763343863186881,-1.0710106050499253,-1.1055396873396404,-0.026016711929727862,0.7979243463016391,0.6107355968610588,-0.7212030039068839,-1.709208416082596,-1.1619842658108597,-0.3944480961315927,-0.18133338363622326,-1.7601699426562476,-0.07738893741112177,0.10571869574575395,0.301723294346471,-0.8321044541793808,-1.1180279906031596,-1.0100877874805105,-1.0793487174128833,0.2947533664251738,-0.504553974954858,0.9556315770317003,-0.3138062891985586,-0.44142870569993525,0.5146472101844154,0.43991058343725736,-0.3356101880493313,0.1406613870069301,-0.07604259217122791,-1.1274585582912318,0.29132206070637934,0.8183697282623122,-0.01929624263374591,-0.7833204578268878,0.26783658825526935,0.3175336471250473
0.9742913660553363,3.6792977167325125,0.379128401042593,-1.186189315204805,-0.8455895065304035,-5.977304559739302,2.2083892125200784,-3.45072684739819,1.6165508200012708,-1.8891229072523688,0.5352700463393611,1.1526744571496341,0.9053558422178902,2.0374440836840195,-3.352027244024736,-1.8686427194961202,-6.195643180042197,-0.4580038458112611,-0.8183558464171379,-3.4089137726402754,-1.0468969619043682,-0.6773383608565068,0.6127193366986319,-4.136283605512653,-1.4964504272257715,1.8707331496646005,0.27758795295384925,1.6833826878338534,-1.467253437727852,0.14771146297820775,-1.1020708878739782,-1.1689147187600166,0.7879353224733242,-3.737942678241924,1.834161314838858,-0.4433660427493652,1.4234695165531404,-2.771363541360359,-3.981137209538514,-0.01929624263374591,1.3972896327475652,-1.0530816151742362,2.281995084006694,1.6203280519711567
-0.7940720179571389,-3.4946918432414105,-0.5326808176838698,1.1661081251000793,0.15653420679221236,5.690816333754487,-2.1278353985384904,3.0601326650894958,-2.3953870567704056,2.502481745937174,0.6631958642580333,-0.8668735026132466,-1.4776691322073743,-2.1683863268166936,3.282915410872984,3.108615730332017,5.899847818447177,0.7339668152389628,0.8074120439475775,4.343716568625442,0.8753128038142771,0.42261585391642015,-0.7663594327387742,3.992544770360035,2.2465463883264905,-0.44612402125334155,0.8417604256825337,-1.5844835362622733,1.6237683969959564,-1.0515976804385283,1.1521481161935763,1.3238965439179833,-1.1093773824486026,2.44341898239972,-1.085304384900757,0.20741195775125434,-1.021372078766887,3.239633988784119,2.774513038514774,-0.7833204578268878,-1.0530816151742362,1.5809635826733022,-2.0145091900114624,-1.5550707937286667
1.6135933604707882,6.279830349582866,0.7118808261270941,-2.0388220691766232,-1.2004750491988774,-10.20707512279894,3.7806855584642793,-5.808255215969482,3.081250958635119,-3.489799606914332,0.47356986340825,1.8813923379534272,1.7771081812328093,3.5645459930258814,-5.758326995483127,-3.689711363826546,-10.580326830565912,-0.8944820951301127,-1.4080238281678708,-6.232762649763393,-1.742669904563463,-1.0724594628668043,1.114896519998108,-7.083888652037665,-2.8630189470587313,2.694398317747836,0.05926207425544227,2.867915466186173,-2.5905467482149285,0.5935959808566023,-1.9207589289564737,-2.075811276800089,1.4802496459579664,-5.964673277211209,2.8838300026540717,-0.6764076362268897,2.3055687238243348,-4.957145937313177,-6.4174501863704405,0.26783658825526935,2.281995084006694,-2.0145091900114624,3.8375415593381255,2.7712599077012627
1.1550599393522558,4.571615130077882,0.544130119242215,-1.4898737628900285,-0.7757267586269414,-7.433890528672248,2.7574363149460432,-4.195910865142809,2.374669655314416,-2.648518347659592,0.16562636470571726,1.3344244982095481,1.3876517678367801,2.6304947609062768,-4.207833845387432,-2.8897353499167413,-7.706104497160236,-0.6969003861735414,-1.0297040775026294,-4.706883304969764,-1.2512144564799714,-0.7471362455573703,0.8398776881675113,-5.1677459851533385,-2.2106589447593663,1.7592865063922138,-0.1254740469582672,2.0854220560532988,-1.9209671096379382,0.5707337353064624,-1.4147203534004575,-1.5446339761597254,1.132763750478456,-4.1743995649151495,1.999409860431711,-0.45928036787373994,1.628045827814664,-3.7016308227491037,-4.519374120540166,0.3175336471250473,1.6203280519711567,-1.5550707937286667,2.7712599077012627,2.020917230132291
