V1,V2,V3,V4,V5,V6,V7,V8,V9,V10,V11,V12,V13,V14,V15,V16,V17,V18,V19,V20,V21,V22,V23,V24,V25,V26,V27,V28,V29,V30,V31,V32,V33,V34,V35,V36,V37,V38,V39,V40,V41,V42,V43,V44
382.71869297119923,1670.1948037343468,-2150.7394402004356,-2861.2454410353157,1061.964494410628,-1235.3789729916452,1134.020332475104,488.30241023482205,-524.1213503110733,992.1208560808766,-297.05045226134996,1000.1310859000519,2314.2929984517805,-119.31291189321456,755.0358799738473,-1032.8791512203975,3733.073639683368,1012.4084968536177,598.7449378912036,2837.935509534293,1422.0745877163545,-1465.2702791500117,-336.3466559507361,716.5570693693148,-1567.7778776216535,1845.4539823901646,-2642.607191748175,-1341.0905272271948,382.91892747290416,-256.15957817286096,1144.2051092159077,-2978.7202450531354,-515.3178723171678,-1068.0364005828033,-1886.5037987879473,134.42961768990847,-39.664116857327755,-766.4220488436824,980.9073608699149,-523.4917941065515,283.09761860887016,577.5643447818603,-886.4918141157168,-83.81404291086545
1670.1948037343468,7289.98333699327,-9387.814322049584,-12488.242316081783,4634.968226166597,-5392.093967812167,4949.081438450654,2130.360583724532,-2287.83810637304,4330.83858408356,-1296.022185439116,4365.444790468443,10101.325112036875,-520.6256730749438,3295.6399649362997,-4507.944918172598,16293.295830455367,4419.416850086164,2614.1376887062697,12386.419012940383,6206.4176310271905,-6395.196218586947,-1468.4813682331305,3127.256550077677,-6843.276290371193,8054.288087694698,-11534.022022848398,-5853.587193732467,1671.788640156682,-1118.5676265501108,4994.677804500755,-13001.64961340831,-2249.492126687754,-4661.275479904126,-8233.93977994475,586.7250294575725,-172.9031139970563,-3345.886277243115,4281.235829291362,-2284.462220814366,1235.326210219824,2521.3342070751687,-3868.364130396028,-365.9000211021504
-2150.7394402004356,-9387.814322049584,12089.667799480225,16081.931641584331,-5968.565142714408,6943.907045783953,-6372.995956880995,-2742.8503895034896,2946.3273816026344,-5577.454088926868,1668.6765038170083,-5621.742001128888,-13008.34867727287,670.2926720270408,-4244.099151320429,5805.068324648124,-20981.879550573176,-5691.456954932682,-3366.8350952087853,-15950.754831071237,-7992.079922725974,8235.442125973757,1891.2976734919262,-4026.992550412644,8812.909399971397,-10371.616150854725,14853.091247321927,7538.276119824077,-2153.2535774647863,1440.842953458833,-6432.289237856339,16743.451801307157,2897.010070984887,6002.5636890388105,10603.39790953856,-755.534317897499,222.58266536859827,4309.253205261616,-5513.170089614071,2941.6456933309883,-1590.5718101637467,-3247.1778476702452,4981.041786694466,471.19101924605656
-2861.2454410353157,-12488.242316081783,16081.931641584331,21393.372880165276,-7940.039586334346,9237.085922259104,-8478.278670799951,-3649.659085046565,3919.1832898268194,-7418.938151777811,2220.288777246496,-7478.272651986792,-17304.323088180994,891.8638050364452,-5645.645517463379,7722.5130050843845,-27911.76152018838,-7570.647060563749,-4478.0198116692445,-21218.94950087584,-10632.129677336598,10955.517454762406,2515.513834263042,-5357.288068389287,11722.996590005643,-13797.660362893477,19758.6687410663,10027.646383101157,-2863.840873604153,1916.1187079920626,-8556.116039744471,22272.713367715805,3853.4933817751153,7985.255353875012,14105.37228517164,-1005.1116576136361,296.2679029417383,5731.655586250071,-7334.093665666367,3913.5545045471736,-2116.24213966652,-4319.1433114068395,6626.986531674756,626.7844793184745
1061.964494410628,4634.968226166597,-5968.565142714408,-7940.039586334346,2947.099477965397,-3428.2487633295896,3146.8745641391797,1354.8498685686952,-1454.5772688876111,2753.3654174955172,-824.2306011621467,2775.5283128890296,6422.324327672007,-331.1657005668365,2095.319701763275,-2866.211580212487,10359.419515423362,2809.6781752229567,1661.8296912572466,7875.385249978075,3946.324646341415,-4066.172174105628,-933.5367902724889,1988.394761177837,-4350.742755445003,5121.239667325276,-7333.425018069063,-3721.599677533123,1062.6624053514088,-710.8960771053828,3175.424145891327,-8266.29478788138,-1430.0954545408545,-2963.6469827298133,-5235.18674447944,372.9950787622382,-109.93974318241412,-2126.937716624838,2722.1031698871348,-1452.605303725952,785.6102553753593,1602.8993235182595,-2459.880037534807,-232.59904246428997
-1235.3789729916452,-5392.093967812167,6943.907045783953,9237.085922259104,-3428.2487633295896,3988.4280126665058,-3660.6355464500452,-1575.593157935398,1692.284045890694,-3203.469991872958,958.5538607755772,-3228.9547726487517,-7471.646852614035,385.05062500768094,-2437.676642897719,3334.3175808453702,-12051.574588443897,-3268.908651099004,-1933.6957531666849,-9161.787193508124,-4590.56421667477,4730.304317133043,1086.2481926603675,-2313.030103036289,5061.84957146147,-5957.300436765079,8531.289772960414,4329.788415395669,-1236.684747840925,827.471513387775,-3694.4316586812474,9616.962173247903,1663.9080225633168,3447.7701657439075,6090.355696250079,-433.9224068970985,127.86495103030421,2474.982903172853,-3166.6710671352457,1689.6876042145332,-913.6547736577983,-1865.0256438606348,2861.1713475944975,270.59621053957807
1134.020332475104,4949.081438450654,-6372.995956880995,-8478.278670799951,3146.8745641391797,-3660.6355464500452,3360.331520418126,1446.901468482062,-1553.1206494108324,2939.8635380858977,-880.223590126695,2963.5935622337543,6857.6087625420905,-353.63351218092646,2237.303425706644,-3060.5470086826226,11061.712771581912,2999.9573757791745,1774.264516399357,8409.268011292343,4213.914106716174,-4341.85649188926,-996.7042962366813,2123.226470182438,-4645.562584468638,5468.4565308774345,-7830.521150734501,-3973.8466446822604,1134.5990321797158,-758.9723017480882,3390.4986058459167,-8826.486042680675,-1526.9551092283475,-3164.6420100956666,-5590.050325378456,398.26630310223254,-117.45347534927727,-2270.9565244168007,2906.638000438076,-1551.1730306176012,838.9205099604146,1711.4412740947173,-2626.834833736475,-248.32598838983589
488.30241023482205,2130.360583724532,-2742.8503895034896,-3649.659085046565,1354.8498685686952,-1575.593157935398,1446.901468482062,623.6516380793115,-668.3669076966019,1265.0038327226684,-379.33623639011,1275.6030561622586,2951.7047961128255,-152.407323490428,962.9558893628715,-1317.6407789151694,4761.84410577962,1290.946552926233,763.0948063611324,3620.0144952594155,1814.401048634081,-1869.1455513140047,-428.6851926833742,914.249873364341,-1999.258562937612,2354.549631502917,-3370.81955619137,-1710.3237445177451,487.89462081904844,-326.1855488406007,1459.0217701348845,-3798.980529036831,-657.0338311451061,-1362.4418632373915,-2406.3174823350373,171.4935373170423,-50.70173472505406,-976.8445144785137,1251.287358937274,-668.044103358898,361.4444093719145,736.2979761408437,-1131.5015525118747,-106.89063243814248
-524.1213503110733,-2287.83810637304,2946.3273816026344,3919.1832898268194,-1454.5772688876111,1692.284045890694,-1553.1206494108324,-668.3669076966019,718.0790037525763,-1359.3070612675167,406.6382286853148,-1370.05626912285,-3170.1909028229243,163.37775600238996,-1034.3088508813182,1414.6759853429235,-5113.349682916494,-1387.0558035738086,-820.596413472708,-3887.245613332333,-1947.6899405504666,2007.0120805379725,460.9669779517322,-981.3349620217641,2147.772506825607,-2527.566855995609,3619.761568500735,1837.1271134322972,-524.7797117517433,351.1514458657153,-1567.610209123886,4080.5002963144516,706.022209939314,1462.7797802017624,2584.096728745079,-184.07533355524203,54.19868098909453,1050.206719603313,-1343.597041445335,716.8579455604926,-387.624494102346,-791.3939172794309,1213.8499052913994,114.80497167191139
992.1208560808766,4330.83858408356,-5577.454088926868,-7418.938151777811,2753.3654174955172,-3203.469991872958,2939.8635380858977,1265.0038327226684,-1359.3070612675167,2573.2308934925977,-769.6275464837137,2593.498565783547,6001.160992316295,-309.1668482485279,1957.9548819570634,-2677.928539757225,9679.37387294743,2625.7808297973666,1553.491668371916,7358.41359800549,3686.761571724707,-3799.158491831889,-872.6601498616275,1857.6201130903883,-4065.804835583044,4784.447293367751,-6852.069044549274,-3477.698815411765,993.5481064988559,-664.8964605072588,2967.563290251839,-7724.373656630001,-1336.5656947324776,-2769.027704958871,-4891.606414262416,348.50427762612395,-102.60666081999125,-1988.242186476087,2543.3340439888443,-1356.9159025324761,733.6485594314003,1498.1776006699374,-2297.572598260785,-217.36297632534004
-297.05045226134996,-1296.022185439116,1668.6765038170083,2220.288777246496,-824.2306011621467,958.5538607755772,-880.223590126695,-379.33623639011,406.6382286853148,-769.6275464837137,230.74494097967985,-776.0361827014187,-1795.7174238449927,92.71982578307275,-585.8313653129613,801.5749914073335,-2896.910429145168,-785.3866609645157,-464.30126591346834,-2202.2658688701013,-1103.783840570868,1137.1134429982123,260.8323079850248,-556.1541513377983,1216.3097478231334,-1432.3696343267563,2050.674977151713,1040.519816813656,-296.8517770826346,198.46860133586526,-887.6448524093399,2311.1990752034294,399.7287332291347,828.8234522343687,1463.9134601981777,-104.30241372059072,30.820125141075106,594.3193359295163,-761.2380547008851,406.38530751657095,-219.8712213981848,-447.9731220648378,688.309069218138,65.01334962009386
1000.1310859000519,4365.444790468443,-5621.742001128888,-7478.272651986792,2775.5283128890296,-3228.9547726487517,2963.5935622337543,1275.6030561622586,-1370.05626912285,2593.498565783547,-776.0361827014187,2614.169238164094,6048.97408891704,-311.75561562924514,1973.5346342877513,-2699.4440578197023,9756.836864435518,2646.527747382095,1565.521414842785,7417.300609895143,3716.5184681084675,-3829.5992422903505,-879.4242952713219,1872.6387865072988,-4097.999454056639,4823.056544705884,-6906.879465135915,-3505.317860338214,1001.1724567977832,-669.8876652243513,2991.015720922883,-7785.813661898891,-1347.090380779325,-2791.2495056813023,-4930.707522662714,351.32694641796667,-103.5051536766123,-2003.6907230387399,2563.7160920788046,-1367.9498387146245,739.7123237519427,1509.9028885134312,-2316.380216808289,-219.10636244878754
2314.2929984517805,10101.325112036875,-13008.34867727287,-17304.323088180994,6422.324327672007,-7471.646852614035,6857.6087625420905,2951.7047961128255,-3170.1909028229243,6001.160992316295,-1795.7174238449927,6048.97408891704,13996.9847420151,-721.3236803535736,4566.623884879591,-6246.3828477550405,22576.782353563474,6123.83218449926,3622.4313285367125,17163.218001446945,8599.755568615454,-8861.483148577412,-2034.8846315032617,4333.188957783732,-9482.554170887333,11160.187823032888,-15982.08200700754,-8111.145106460642,2316.694794315061,-1550.1190720637435,6920.963648691268,-18015.870213909453,-3117.0792537162633,-6458.903082572127,-11409.351219002889,812.9638533878891,-239.56652059064444,-4636.465574682421,5932.2629283895,-3165.3897867493856,1711.612204232434,3493.801735320833,-5359.999029685554,-506.980281770874
-119.31291189321456,-520.6256730749438,670.2926720270408,891.8638050364452,-331.1657005668365,385.05062500768094,-353.63351218092646,-152.407323490428,163.37775600238996,-309.1668482485279,92.71982578307275,-311.75561562924514,-721.3236803535736,37.30821041101585,-235.3285531374276,321.9778985122582,-1163.7100982390991,-315.4867949701329,-186.53178491905973,-884.6644624363817,-443.46062488367147,456.80256765745185,104.79239556379086,-223.3904951886376,488.56193788105037,-575.45743791154,823.7939048482161,417.95511633517407,-119.19308209214503,79.66067896634388,-356.56694782479383,928.4256031262499,160.5516532984891,332.8742544106387,588.0772829123357,-41.85669591909394,12.34120694494347,238.66217826078733,-305.8266182564696,163.2503950628202,-88.37108606512452,-179.94785022808813,276.5401505785497,26.097954256122485
755.0358799738473,3295.6399649362997,-4244.099151320429,-5645.645517463379,2095.319701763275,-2437.676642897719,2237.303425706644,962.9558893628715,-1034.3088508813182,1957.9548819570634,-585.8313653129613,1973.5346342877513,4566.623884879591,-235.3285531374276,1489.9049567489396,-2037.9114752867497,7365.805196532998,1997.984795373166,1181.895971367158,5599.601517800222,2805.699640569637,-2891.1025672558353,-663.9235266185505,1413.718373501843,-3093.774472704292,3641.060526046399,-5214.258074461139,-2646.32272734894,755.8655086205085,-505.7691068574078,2258.0530849001693,-5877.833070220445,-1016.9889850181224,-2107.2371963394894,-3722.377223318631,265.2386937755877,-78.1464993121236,-1512.7221546438477,1935.432946557249,-1032.7030566013068,558.4067241870741,1139.9049565056766,-1748.6782328069403,-165.4152210640415
-1032.8791512203975,-4507.944918172598,5805.068324648124,7722.5130050843845,-2866.211580212487,3334.3175808453702,-3060.5470086826226,-1317.6407789151694,1414.6759853429235,-2677.928539757225,801.5749914073335,-2699.4440578197023,-6246.3828477550405,321.9778985122582,-2037.9114752867497,2787.692652675826,-10075.513243026422,-2732.7156745236002,-1616.2861329538719,-7659.558499120786,-3838.049749484637,3954.7070801810773,907.9464129041509,-1933.9253823101105,4231.599268694102,-4980.760014058158,7132.414132862204,3619.6702320570917,-1033.6550546810086,691.5496250580828,-3088.435419620775,8039.781793339548,1390.9534552751331,2882.5390161390765,5091.696551008527,-362.8426139378125,106.98838387812299,2068.8184667474434,-2647.4464663505387,1412.7792542733985,-763.9861514718655,-1559.00156980375,2392.363257782933,226.2576116800088
3733.073639683368,16293.295830455367,-20981.879550573176,-27911.76152018838,10359.419515423362,-12051.574588443897,11061.712771581912,4761.84410577962,-5113.349682916494,9679.37387294743,-2896.910429145168,9756.836864435518,22576.782353563474,-1163.7100982390991,7365.805196532998,-10075.513243026422,36416.369897714896,9877.258642619001,5842.353502048782,27684.271335115034,13871.817196370388,-14293.662767755952,-3281.9343346851947,6989.613484215516,-15294.822896857062,18001.852033301442,-25779.05618143022,-13082.968186097994,3736.30930534997,-2499.7922786356035,11163.003865476952,-29059.00753350422,-5027.551948332527,-10418.277617365364,-18403.21603694442,1311.2858801415823,-386.51513591835237,-7477.857327034547,9568.808914873493,-5106.0556115601075,2761.148098769417,5635.093255997511,-8646.373688369273,-817.7036359241043
1012.4084968536177,4419.416850086164,-5691.456954932682,-7570.647060563749,2809.6781752229567,-3268.908651099004,2999.9573757791745,1290.946552926233,-1387.0558035738086,2625.7808297973666,-785.3866609645157,2646.527747382095,6123.83218449926,-315.4867949701329,1997.984795373166,-2732.7156745236002,9877.258642619001,2679.466388218893,1585.18717269777,7508.856106546193,3762.172720250595,-3876.8176877170727,-890.461352371143,1895.6637311712284,-4148.871497791284,4882.346831556733,-6992.160205382324,-3548.747313910259,1013.8088951544426,-678.4535985188137,3028.218877626149,-7882.238415361203,-1363.880903945252,-2825.6663155509095,-4991.607631839686,355.68550784305586,-104.73268971463142,-2028.8353481270267,2595.321962374986,-1384.6815716034928,748.672269779603,1528.7615566533489,-2344.5932856652707,-221.8488702435585
598.7449378912036,2614.1376887062697,-3366.8350952087853,-4478.0198116692445,1661.8296912572466,-1933.6957531666849,1774.264516399357,763.0948063611324,-820.596413472708,1553.491668371916,-464.30126591346834,1565.521414842785,3622.4313285367125,-186.53178491905973,1181.895971367158,-1616.2861329538719,5842.353502048782,1585.18717269777,938.085726449787,4441.455940632372,2225.0872431540774,-2293.089252384937,-526.9534544792984,1121.1039738218067,-2454.3797104072605,2887.60166460245,-4135.881533451249,-2099.2708148454435,599.9728095180009,-401.60963289814185,1791.5041975554643,-4662.721415254522,-806.9016818711635,-1671.2469383455325,-2952.5749270108586,210.32704287698613,-61.83466078480054,-1200.4873103488428,1535.1156523010493,-818.8439594018864,442.66561338207856,904.5369674028849,-1386.3893425210683,-131.21298758154478
2837.935509534293,12386.419012940383,-15950.754831071237,-21218.94950087584,7875.385249978075,-9161.787193508124,8409.268011292343,3620.0144952594155,-3887.245613332333,7358.41359800549,-2202.2658688701013,7417.300609895143,17163.218001446945,-884.6644624363817,5599.601517800222,-7659.558499120786,27684.271335115034,7508.856106546193,4441.455940632372,21046.001766416637,10545.55869962357,-10866.253754726948,-2494.9804757262636,5313.61258475188,-11627.362961330115,13685.277878505738,-19597.629054040284,-9945.871531390672,2840.4062652273597,-1900.3909187365748,8486.297316839455,-22091.106259691293,-3822.028854282584,-7920.131989998238,-13990.404021925086,996.8672517073314,-293.83514283444686,-5684.7941766047325,7274.350142092094,-3881.694538689546,2099.061182549673,4283.888532896588,-6573.090180625726,-621.6380677783719
1422.0745877163545,6206.4176310271905,-7992.079922725974,-10632.129677336598,3946.324646341415,-4590.56421667477,4213.914106716174,1814.401048634081,-1947.6899405504666,3686.761571724707,-1103.783840570868,3716.5184681084675,8599.755568615454,-443.46062488367147,2805.699640569637,-3838.049749484637,13871.817196370388,3762.172720250595,2225.0872431540774,10545.55869962357,5284.403342305389,-5444.836312943722,-1249.9507046199285,2662.6238873796538,-5825.757053138268,6857.6835182613895,-9819.813844772087,-4983.36117622702,1422.8620261793908,-951.8271872946336,4251.919245458842,-11068.842237285475,-1914.9061025728809,-3968.5526596742047,-7010.16267734404,499.47762553630525,-147.27257803444442,-2847.9344735328355,3645.0371543396163,-1945.1936830596917,1052.0246259144735,2146.259072684316,-3294.0731008609423,-311.4551239950669
-1465.2702791500117,-6395.196218586947,8235.442125973757,10955.517454762406,-4066.172174105628,4730.304317133043,-4341.85649188926,-1869.1455513140047,2007.0120805379725,-3799.158491831889,1137.1134429982123,-3829.5992422903505,-8861.483148577412,456.80256765745185,-2891.1025672558353,3954.7070801810773,-14293.662767755952,-3876.8176877170727,-2293.089252384937,-10866.253754726948,-5444.836312943722,5610.373289425485,1288.143177931399,-2743.4754757470914,6003.248341407787,-7065.89921306632,10118.442162437017,5135.113110394862,-1466.45634013084,981.1066654770044,-4381.480616949759,11405.776415941671,1973.3037811068236,4089.2352283414716,7223.374069727219,-514.66580951808,151.71244043206792,2935.0016960374505,-3755.835398854353,2004.1948118321304,-1083.8141657206659,-2211.761274726669,3393.8515141832527,320.93438770248565
-336.3466559507361,-1468.4813682331305,1891.2976734919262,2515.513834263042,-933.5367902724889,1086.2481926603675,-996.7042962366813,-428.6851926833742,460.9669779517322,-872.6601498616275,260.8323079850248,-879.4242952713219,-2034.8846315032617,104.79239556379086,-663.9235266185505,907.9464129041509,-3281.9343346851947,-890.461352371143,-526.9534544792984,-2494.9804757262636,-1249.9507046199285,1288.143177931399,296.0085259091919,-629.779319929973,1378.7301083431717,-1622.1163386455307,2323.3242117155633,1179.2548920055574,-337.0199146201492,225.5871891064188,-1006.3599803602589,2619.261889857194,453.26654269560476,938.8186766555237,1658.603001937874,-118.14539925537217,34.73556619578581,674.3500206550069,-862.3517941292799,459.99178603320064,-248.67595468553552,-508.1129303616742,778.8207977608104,73.70396336639453
716.5570693693148,3127.256550077677,-4026.992550412644,-5357.288068389287,1988.394761177837,-2313.030103036289,2123.226470182438,914.249873364341,-981.3349620217641,1857.6201130903883,-556.1541513377983,1872.6387865072988,4333.188957783732,-223.3904951886376,1413.718373501843,-1933.9253823101105,6989.613484215516,1895.6637311712284,1121.1039738218067,5313.61258475188,2662.6238873796538,-2743.4754757470914,-629.779319929973,1341.6816900139524,-2935.435941467894,3455.3838192097996,-4947.907380734029,-2510.969809892918,716.95914893635,-479.63629287616254,2142.4193066717444,-5577.243694061086,-964.882958608738,-1999.7218115093265,-3532.2081147924646,251.74675683885695,-74.25800497701027,-1435.0333156239556,1836.5946366258463,-980.1395856578123,530.056306896496,1081.418093876804,-1659.7789838770566,-156.97633298556553
-1567.7778776216535,-6843.276290371193,8812.909399971397,11722.996590005643,-4350.742755445003,5061.84957146147,-4645.562584468638,-1999.258562937612,2147.772506825607,-4065.804835583044,1216.3097478231334,-4097.999454056639,-9482.554170887333,488.56193788105037,-3093.774472704292,4231.599268694102,-15294.822896857062,-4148.871497791284,-2454.3797104072605,-11627.362961330115,-5825.757053138268,6003.248341407787,1378.7301083431717,-2935.435941467894,6424.323618239783,-7560.292921958397,10827.211609154463,5495.1373582158285,-1569.7408928951888,1050.424810379044,-4688.916416856244,12205.312458169941,2111.8385734616268,4375.594717496059,7729.3951620411945,-550.7342920553529,162.23817766900737,3141.40771264214,-4018.830751318354,2144.272449636438,-1159.3792554474978,-2367.1240703965304,3630.816794020084,343.46356546050833
1845.4539823901646,8054.288087694698,-10371.616150854725,-13797.660362893477,5121.239667325276,-5957.300436765079,5468.4565308774345,2354.549631502917,-2527.566855995609,4784.447293367751,-1432.3696343267563,4823.056544705884,11160.187823032888,-575.45743791154,3641.060526046399,-4980.760014058158,18001.852033301442,4882.346831556733,2887.60166460245,13685.277878505738,6857.6835182613895,-7065.89921306632,-1622.1163386455307,3455.3838192097996,-7560.292921958397,8899.39792222134,-12743.460974147694,-6467.062047526011,1846.5302831657616,-1235.268321362734,5517.896659867043,-14364.398403368323,-2485.0639437154596,-5150.119818159901,-9097.295163148488,648.2297222476069,-191.12742248172881,-3695.9191468068216,4730.250268151658,-2524.3109408282685,1365.2113029648638,2785.28886318316,-4274.746751603251,-404.21929089443256
-2642.607191748175,-11534.022022848398,14853.091247321927,19758.6687410663,-7333.425018069063,8531.289772960414,-7830.521150734501,-3370.81955619137,3619.761568500735,-6852.069044549274,2050.674977151713,-6906.879465135915,-15982.08200700754,823.7939048482161,-5214.258074461139,7132.414132862204,-25779.05618143022,-6992.160205382324,-4135.881533451249,-19597.629054040284,-9819.813844772087,10118.442162437017,2323.3242117155633,-4947.907380734029,10827.211609154463,-12743.460974147694,18248.95624875734,9261.4166978909,-2644.9561949573663,1769.6311920681462,-7902.337540866451,20570.879970722755,3559.0219273512353,7375.024309977459,13027.609919156692,-928.248586864077,273.58084211795773,5293.610279105729,-6773.744783216186,3614.5281168304878,-1954.5982899225353,-3989.1174213283653,6120.678045872573,578.8601514061064
-1341.0905272271948,-5853.587193732467,7538.276119824077,10027.646383101157,-3721.599677533123,4329.788415395669,-3973.8466446822604,-1710.3237445177451,1837.1271134322972,-3477.698815411765,1040.519816813656,-3505.317860338214,-8111.145106460642,417.95511633517407,-2646.32272734894,3619.6702320570917,-13082.968186097994,-3548.747313910259,-2099.2708148454435,-9945.871531390672,-4983.36117622702,5135.113110394862,1179.2548920055574,-2510.969809892918,5495.1373582158285,-6467.062047526011,9261.4166978909,4700.389346151265,-1342.6096625788189,898.3850572915394,-4010.68953009754,10440.086352945087,1806.3584993619943,3742.8464740480904,6611.587339855771,-471.0801919548046,138.80599120231946,2686.9279948554154,-3437.6629123086145,1834.253039512738,-991.7900374305526,-2024.6977402885402,3105.923766793147,293.7735437292966
382.91892747290416,1671.788640156682,-2153.2535774647863,-2863.840873604153,1062.6624053514088,-1236.684747840925,1134.5990321797158,487.89462081904844,-524.7797117517433,993.5481064988559,-296.8517770826346,1001.1724567977832,2316.694794315061,-119.19308209214503,755.8655086205085,-1033.6550546810086,3736.30930534997,1013.8088951544426,599.9728095180009,2840.4062652273597,1422.8620261793908,-1466.45634013084,-337.0199146201492,716.95914893635,-1569.7408928951888,1846.5302831657616,-2644.9561949573663,-1342.6096625788189,383.8275305756475,-256.9810701882628,1145.7580804448157,-2981.9761054778446,-516.0875408372957,-1068.8751206675634,-1888.224566503004,134.5452234790674,-39.5800749834472,-767.9232203485535,981.6943314343631,-523.6352375926297,282.99772600814714,578.5274010682435,-886.4990448241763,-83.92737020066924
-256.15957817286096,-1118.5676265501108,1440.842953458833,1916.1187079920626,-710.8960771053828,827.471513387775,-758.9723017480882,-326.1855488406007,351.1514458657153,-664.8964605072588,198.46860133586526,-669.8876652243513,-1550.1190720637435,79.66067896634388,-505.7691068574078,691.5496250580828,-2499.7922786356035,-678.4535985188137,-401.60963289814185,-1900.3909187365748,-951.8271872946336,981.1066654770044,225.5871891064188,-479.63629287616254,1050.424810379044,-1235.268321362734,1769.6311920681462,898.3850572915394,-256.9810701882628,172.12880893574993,-766.7431125338104,1995.2962668285145,345.3927146703188,715.1354346972988,1263.3458538739942,-90.04120898072736,26.463399971694788,514.0483696530233,-656.7774283597136,350.2503417935896,-189.2275461214183,-387.19865062570074,592.8839386405133,56.17791672547829
1144.2051092159077,4994.677804500755,-6432.289237856339,-8556.116039744471,3175.424145891327,-3694.4316586812474,3390.4986058459167,1459.0217701348845,-1567.610209123886,2967.563290251839,-887.6448524093399,2991.015720922883,6920.963648691268,-356.56694782479383,2258.0530849001693,-3088.435419620775,11163.003865476952,3028.218877626149,1791.5041975554643,8486.297316839455,4251.919245458842,-4381.480616949759,-1006.3599803602589,2142.4193066717444,-4688.916416856244,5517.896659867043,-7902.337540866451,-4010.68953009754,1145.7580804448157,-766.7431125338104,3422.374260552566,-8908.256502914131,-1541.4011035679969,-3193.4894745520855,-5641.37016687913,401.9681042285242,-118.36710676044429,-2292.8970135747045,2933.1674541183465,-1564.9422164945597,846.1424840440175,1727.7473674363137,-2649.8296619860675,-250.71050950462887
-2978.7202450531354,-13001.64961340831,16743.451801307157,22272.713367715805,-8266.29478788138,9616.962173247903,-8826.486042680675,-3798.980529036831,4080.5002963144516,-7724.373656630001,2311.1990752034294,-7785.813661898891,-18015.870213909453,928.4256031262499,-5877.833070220445,8039.781793339548,-29059.00753350422,-7882.238415361203,-4662.721415254522,-22091.106259691293,-11068.842237285475,11405.776415941671,2619.261889857194,-5577.243694061086,12205.312458169941,-14364.398403368323,20570.879970722755,10440.086352945087,-2981.9761054778446,1995.2962668285145,-8908.256502914131,23188.76348183448,4012.1220619326336,8313.283864609906,14685.229606960716,-1046.33589108189,308.2778715037469,5967.845547929788,-7635.542563792368,4074.1473993516884,-2202.995334877984,-4497.065906419304,6898.779639982498,652.5343350620197
-515.3178723171678,-2249.492126687754,2897.010070984887,3853.4933817751153,-1430.0954545408545,1663.9080225633168,-1526.9551092283475,-657.0338311451061,706.022209939314,-1336.5656947324776,399.7287332291347,-1347.090380779325,-3117.0792537162633,160.5516532984891,-1016.9889850181224,1390.9534552751331,-5027.551948332527,-1363.880903945252,-806.9016818711635,-3822.028854282584,-1914.9061025728809,1973.3037811068236,453.26654269560476,-964.882958608738,2111.8385734616268,-2485.0639437154596,3559.0219273512353,1806.3584993619943,-516.0875408372957,345.3927146703188,-1541.4011035679969,4012.1220619326336,694.2448191112785,1438.2877839282332,2540.7415938744157,-181.04890834117649,53.31300290118026,1032.759889786938,-1321.0131490461808,704.7871796454182,-381.0388564515947,-778.175411385902,1193.346256420211,112.9220651447704
-1068.0364005828033,-4661.275479904126,6002.5636890388105,7985.255353875012,-2963.6469827298133,3447.7701657439075,-3164.6420100956666,-1362.4418632373915,1462.7797802017624,-2769.027704958871,828.8234522343687,-2791.2495056813023,-6458.903082572127,332.8742544106387,-2107.2371963394894,2882.5390161390765,-10418.277617365364,-2825.6663155509095,-1671.2469383455325,-7920.131989998238,-3968.5526596742047,4089.2352283414716,938.8186766555237,-1999.7218115093265,4375.594717496059,-5150.119818159901,7375.024309977459,3742.8464740480904,-1068.8751206675634,715.1354346972988,-3193.4894745520855,8313.283864609906,1438.2877839282332,2980.6702835495016,5264.897414044667,-375.209055460602,110.66420377287447,2139.2714441857493,-2737.4821067794483,1460.8420689868633,-789.9297345399773,-1612.0425606716801,2473.7181460779684,233.95544688057169
-1886.5037987879473,-8233.93977994475,10603.39790953856,14105.37228517164,-5235.18674447944,6090.355696250079,-5590.050325378456,-2406.3174823350373,2584.096728745079,-4891.606414262416,1463.9134601981777,-4930.707522662714,-11409.351219002889,588.0772829123357,-3722.377223318631,5091.696551008527,-18403.21603694442,-4991.607631839686,-2952.5749270108586,-13990.404021925086,-7010.16267734404,7223.374069727219,1658.603001937874,-3532.2081147924646,7729.3951620411945,-9097.295163148488,13027.609919156692,6611.587339855771,-1888.224566503004,1263.3458538739942,-5641.37016687913,14685.229606960716,2540.7415938744157,5264.897414044667,9300.186775509863,-662.6578933959846,195.29747752150178,3779.067093794556,-4835.653133319614,2580.329657562766,-1395.3307473603747,-2847.7883919327314,4369.398809572378,413.236846106903
134.42961768990847,586.7250294575725,-755.534317897499,-1005.1116576136361,372.9950787622382,-433.9224068970985,398.26630310223254,171.4935373170423,-184.07533355524203,348.50427762612395,-104.30241372059072,351.32694641796667,812.9638533878891,-41.85669591909394,265.2386937755877,-362.8426139378125,1311.2858801415823,355.68550784305586,210.32704287698613,996.8672517073314,499.47762553630525,-514.66580951808,-118.14539925537217,251.74675683885695,-550.7342920553529,648.2297222476069,-928.248586864077,-471.0801919548046,134.5452234790674,-90.04120898072736,401.9681042285242,-1046.33589108189,-181.04890834117649,-375.209055460602,-662.6578933959846,47.292714268284506,-13.962140632208824,-269.29219777776626,344.5257385252073,-183.8689896940853,99.40468636817116,202.88893257012208,-311.3323129026578,-29.492133307914198
-39.664116857327755,-172.9031139970563,222.58266536859827,296.2679029417383,-109.93974318241412,127.86495103030421,-117.45347534927727,-50.70173472505406,54.19868098909453,-102.60666081999125,30.820125141075106,-103.5051536766123,-239.56652059064444,12.34120694494347,-78.1464993121236,106.98838387812299,-386.51513591835237,-104.73268971463142,-61.83466078480054,-293.83514283444686,-147.27257803444442,151.71244043206792,34.73556619578581,-74.25800497701027,162.23817766900737,-191.12742248172881,273.58084211795773,138.80599120231946,-39.5800749834472,26.463399971694788,-118.36710676044429,308.2778715037469,53.31300290118026,110.66420377287447,195.29747752150178,-13.962140632208824,4.168665595673262,79.26091034777397,-101.5436933045731,54.26128160179454,-29.338047443685163,-59.7130329800649,91.89886634281527,8.692371074731605
-766.4220488436824,-3345.886277243115,4309.253205261616,5731.655586250071,-2126.937716624838,2474.982903172853,-2270.9565244168007,-976.8445144785137,1050.206719603313,-1988.242186476087,594.3193359295163,-2003.6907230387399,-4636.465574682421,238.66217826078733,-1512.7221546438477,2068.8184667474434,-7477.857327034547,-2028.8353481270267,-1200.4873103488428,-5684.7941766047325,-2847.9344735328355,2935.0016960374505,674.3500206550069,-1435.0333156239556,3141.40771264214,-3695.9191468068216,5293.610279105729,2686.9279948554154,-767.9232203485535,514.0483696530233,-2292.8970135747045,5967.845547929788,1032.759889786938,2139.2714441857493,3779.067093794556,-269.29219777776626,79.26091034777397,1536.5423661232853,-1964.798049738358,1048.1372105639298,-566.5561263984051,-1157.6625573432561,1774.5758885528792,167.97062093086763
980.9073608699149,4281.235829291362,-5513.170089614071,-7334.093665666367,2722.1031698871348,-3166.6710671352457,2906.638000438076,1251.287358937274,-1343.597041445335,2543.3340439888443,-761.2380547008851,2563.7160920788046,5932.2629283895,-305.8266182564696,1935.432946557249,-2647.4464663505387,9568.808914873493,2595.321962374986,1535.1156523010493,7274.350142092094,3645.0371543396163,-3755.835398854353,-862.3517941292799,1836.5946366258463,-4018.830751318354,4730.250268151658,-6773.744783216186,-3437.6629123086145,981.6943314343631,-656.7774283597136,2933.1674541183465,-7635.542563792368,-1321.0131490461808,-2737.4821067794483,-4835.653133319614,344.5257385252073,-101.5436933045731,-1964.798049738358,2514.33639013706,-1341.6917157732219,725.5692913686262,1480.6552185830603,-2271.9991491542264,-214.84374645872256
-523.4917941065515,-2284.462220814366,2941.6456933309883,3913.5545045471736,-1452.605303725952,1689.6876042145332,-1551.1730306176012,-668.044103358898,716.8579455604926,-1356.9159025324761,406.38530751657095,-1367.9498387146245,-3165.3897867493856,163.2503950628202,-1032.7030566013068,1412.7792542733985,-5106.0556115601075,-1384.6815716034928,-818.8439594018864,-3881.694538689546,-1945.1936830596917,2004.1948118321304,459.99178603320064,-980.1395856578123,2144.272449636438,-2524.3109408282685,3614.5281168304878,1834.253039512738,-523.6352375926297,350.2503417935896,-1564.9422164945597,4074.1473993516884,704.7871796454182,1460.8420689868633,2580.329657562766,-183.8689896940853,54.26128160179454,1048.1372105639298,-1341.6917157732219,716.0790266018,-387.29153234421426,-789.9051573082902,1212.6710938229082,114.63695070000269
283.09761860887016,1235.326210219824,-1590.5718101637467,-2116.24213966652,785.6102553753593,-913.6547736577983,838.9205099604146,361.4444093719145,-387.624494102346,733.6485594314003,-219.8712213981848,739.7123237519427,1711.612204232434,-88.37108606512452,558.4067241870741,-763.9861514718655,2761.148098769417,748.672269779603,442.66561338207856,2099.061182549673,1052.0246259144735,-1083.8141657206659,-248.67595468553552,530.056306896496,-1159.3792554474978,1365.2113029648638,-1954.5982899225353,-991.7900374305526,282.99772600814714,-189.2275461214183,846.1424840440175,-2202.995334877984,-381.0388564515947,-789.9297345399773,-1395.3307473603747,99.40468636817116,-29.338047443685163,-566.5561263984051,725.5692913686262,-387.29153234421426,209.5403091737425,427.0477950994581,-655.9512696475708,-61.975226216630034
577.5643447818603,2521.3342070751687,-3247.1778476702452,-4319.1433114068395,1602.8993235182595,-1865.0256438606348,1711.4412740947173,736.2979761408437,-791.3939172794309,1498.1776006699374,-447.9731220648378,1509.9028885134312,3493.801735320833,-179.94785022808813,1139.9049565056766,-1559.00156980375,5635.093255997511,1528.7615566533489,904.5369674028849,4283.888532896588,2146.259072684316,-2211.761274726669,-508.1129303616742,1081.418093876804,-2367.1240703965304,2785.28886318316,-3989.1174213283653,-2024.6977402885402,578.5274010682435,-387.19865062570074,1727.7473674363137,-4497.065906419304,-778.175411385902,-1612.0425606716801,-2847.7883919327314,202.88893257012208,-59.7130329800649,-1157.6625573432561,1480.6552185830603,-789.9051573082902,427.0477950994581,872.2897595329767,-1337.4479116926284,-126.55026613365646
-886.4918141157168,-3868.364130396028,4981.041786694466,6626.986531674756,-2459.880037534807,2861.1713475944975,-2626.834833736475,-1131.5015525118747,1213.8499052913994,-2297.572598260785,688.309069218138,-2316.380216808289,-5359.999029685554,276.5401505785497,-1748.6782328069403,2392.363257782933,-8646.373688369273,-2344.5932856652707,-1386.3893425210683,-6573.090180625726,-3294.0731008609423,3393.8515141832527,778.8207977608104,-1659.7789838770566,3630.816794020084,-4274.746751603251,6120.678045872573,3105.923766793147,-886.4990448241763,592.8839386405133,-2649.8296619860675,6898.779639982498,1193.346256420211,2473.7181460779684,4369.398809572378,-311.3323129026578,91.89886634281527,1774.5758885528792,-2271.9991491542264,1212.6710938229082,-655.9512696475708,-1337.4479116926284,2053.738371992215,194.0965039476924
-83.81404291086545,-365.9000211021504,471.19101924605656,626.7844793184745,-232.59904246428997,270.59621053957807,-248.32598838983589,-106.89063243814248,114.80497167191139,-217.36297632534004,65.01334962009386,-219.10636244878754,-506.980281770874,26.097954256122485,-165.4152210640415,226.2576116800088,-817.7036359241043,-221.8488702435585,-131.21298758154478,-621.6380677783719,-311.4551239950669,320.93438770248565,73.70396336639453,-156.97633298556553,343.46356546050833,-404.21929089443256,578.8601514061064,293.7735437292966,-83.92737020066924,56.17791672547829,-250.71050950462887,652.5343350620197,112.9220651447704,233.95544688057169,413.236846106903,-29.492133307914198,8.692371074731605,167.97062093086763,-214.84374645872256,114.63695070000269,-61.975226216630034,-126.55026613365646,194.0965039476924,18.400495327787752
