V1,V2,V3,V4,V5,V6,V7,V8,V9,V10,V11,V12,V13,V14,V15,V16,V17,V18,V19,V20,V21,V22,V23,V24,V25,V26,V27,V28,V29,V30,V31,V32,V33,V34,V35,V36,V37,V38,V39,V40,V41,V42,V43,V44,V45
2.213741530948598,0.3166562210279657,0.566207952407459,0.49755047059719365,-0.4024920857722206,-0.5048293472280831,-0.09731118653537031,-0.8022315110546625,-0.12373757048609556,-0.22862624548419536,-0.430694376333372,-0.3345044183027881,0.255137160557641,-0.13227065762750592,0.24794632130720998,-0.20089847953047035,0.14492085963988777,-0.37908668951046204,0.25685616781524223,-0.4186609447099366,0.48932756256653215,-0.25724927671262965,0.6759983687666549,-0.21850970766422848,-0.37324140310618653,0.04464067563973799,0.4040666670558462,-0.19859138748828778,0.7362670008722263,1.0561213144229635,1.0744894414864559,-0.14021632929861966,-0.27571392876556816,-0.033787874743173706,-0.33059683817605173,0.1451173663230687,-0.18480298291086128,-0.1786895049428463,0.5097796945732107,0.6664924477535199,0.39332172498089873,0.36913080698640355,-0.44713390078244336,0.3487000070589657,0.10899330630022008
0.3166562210279657,2.6968833538660117,-0.24688559002442015,-0.7677805398805233,1.6505160105315526,-0.6975728743186493,0.4341401062549688,0.21023453546746732,-0.49430598696142253,-0.4998099194676049,-0.5606937401527299,-0.429052840396775,0.3499354435571618,-0.1544811433950925,0.13706084102858135,0.7748210733080574,-1.0549403390428485,0.4878702554296681,1.0617942653260195,0.9444307507399893,1.3531676933652186,-0.7060717112988677,0.5131115054507315,-0.24737813032942357,-0.09911931872763657,-0.6399618895477514,-0.2884055920971139,0.35049636046151733,-1.3025821283573538,-0.5488989344667515,-0.4983180830533161,-0.6291662938641764,-0.002856547966131029,-0.01517174202436291,0.08818160486130884,0.36541071220749544,-0.24504596696544784,-0.24222862610746917,0.28036582289789913,0.4503717278202197,0.5230856000363989,-0.020510603026511278,-0.5116523034572911,-1.0303296154688055,-0.3356218022160915
0.566207952407459,-0.24688559002442015,0.7315952309183852,0.040194869657400704,-0.40158983629535633,0.4693390817150079,0.02854502170597225,-0.8968264669875631,0.7207231856308157,-0.04444981824009344,-0.491513786691123,0.01866537408187211,0.1604979465393124,0.1906359721726993,-0.0792536298865004,0.09747075748116994,0.1322330112267665,0.2142525919542897,-0.40962531082145953,-0.5605549779955011,-0.08686907751648633,-0.34518585393562834,0.37477038706131083,-0.05684996617976036,-0.42053724888640676,0.051815210574607806,0.30427587850740095,-0.11642467961330162,0.19849263079703647,0.3674999458682496,0.151197150858017,0.6166799876359946,-0.30681401350725424,-0.36989837182374224,0.2972621936724668,0.25903896925500725,-0.41530539544493517,0.2787479831845062,-0.34998147074960967,0.07755527132162843,0.11311158020582526,-0.0896168816432164,0.13728732646202912,0.31918151837473757,-0.2336728825225881
0.49755047059719365,-0.7677805398805233,0.040194869657400704,0.8179585084048544,-0.5405663169551094,-0.2223941323311083,-0.07111851860895727,-0.2726230578335771,-0.32450179337748064,0.10822941059926922,0.21777201255227133,-0.248219807633418,-0.07258151695471673,0.14786954349789366,0.0365260016692322,-0.009322069241490647,0.771598653403101,-0.24698618145727277,0.21956386228862082,0.11689805292424792,0.21107718504422332,0.47422327514583523,-0.35478104557254336,0.006686358558357213,0.15791100451205606,0.12472472345457399,-0.16271346861080918,-0.32710323929792623,0.8241087909414909,0.5956381209643523,0.4671926001569644,-0.2609091131601388,0.2512972995745876,0.3299359434320848,-0.38239961307639864,-0.29019996339772103,0.4892871597596446,0.008613707442176972,0.11218053199374037,0.03414242054398345,-0.40010564089974543,0.5315778202472966,-0.04653382194539655,0.18260465483402288,0.3102221408956941
-0.4024920857722206,1.6505160105315526,-0.40158983629535633,-0.5405663169551094,1.3903283123902874,-0.9510455075198191,0.37569826219695474,0.28726107120195804,-0.5286726627436321,-0.10182434969497321,-0.35374738139074263,-0.24798595778402466,-0.0626125981087121,0.05828214238494356,-0.073673617944402775,0.6030992812971576,-0.8690335919526802,0.5298486772335633,0.8398975548868589,0.7494045656660302,0.9586302690802477,-0.22829713137466354,-0.08008764615899866,-0.23001637859355842,-0.14154706736718886,-0.48390726889765806,-0.16154076308809504,0.4809589454726148,-1.0060029905660186,-0.42548689908438686,-0.8004651544638274,-0.3585489160729201,0.38381228566253256,0.15907790516840545,0.22173940615289647,0.03011799366005583,-0.019985679980968604,-0.16846476836491983,0.059077479397403015,0.023209023578650262,0.1448161856445963,-0.12505217739332103,-0.29578272829706265,-0.6424360462994804,-0.3042516579313403
-0.5048293472280831,-0.6975728743186493,0.4693390817150079,-0.2223941323311083,-0.9510455075198191,2.408732884001508,-0.20703554734925136,-0.25936149035864214,1.146694478773407,-0.232225288800655,0.4089181884960625,0.5606305440311407,0.5054382967532873,0.05017435203673509,0.0656050299518907,0.11733474276423535,0.5013296313213204,-0.23637671168394134,-1.157914241459309,-0.16003317648121462,-1.0291985871340912,-0.33781892642848677,0.4885196674162101,0.2555426302293289,0.31593115347672035,0.26713574570708987,-0.22507542869347671,-0.5643128379245902,-0.07770607559780965,-0.660500836169609,0.2873976984249075,0.5282381694231003,-1.2158582346179312,-0.3987529124545816,0.03617530561695148,0.5747099242656923,-0.11918370571539366,0.3360710205073909,-0.5134522560313114,-0.005008281753434122,0.051793019170161304,-0.18223584331640166,0.5550973568993992,-0.011027573590654644,0.10347269212797601
-0.09731118653537031,0.4341401062549688,0.02854502170597225,-0.07111851860895727,0.37569826219695474,-0.20703554734925136,0.3183910548022783,-0.19015273989290787,0.10293087480389301,-0.07525532631969381,-0.13154251093429056,-0.23023795910324968,-0.16801568177449278,-0.11054394491057759,-0.11675576654698659,0.22148409714878634,0.12425984796626975,0.29862042636669317,-0.06642031196358099,0.3918815405377288,0.6086711696424845,-0.10479894128460773,-0.17394144808911072,0.012178767790192413,-0.08058880892341502,-0.37014971880908387,-0.10273464158855054,0.11582978400291798,-0.28052386565924753,-0.24369722416568948,-0.08666582530126825,-0.01963966514838745,0.2643885028109964,-0.13509993961376363,0.03866801804432925,0.032767312541333374,0.06383056903454494,-0.08283179424306389,0.15324763602536168,0.1267551610393212,-0.14445667242267338,0.2925918657616351,-0.19929369194980384,-0.382020782382801,-0.13197054952228437
-0.8022315110546625,0.21023453546746732,-0.8968264669875631,-0.2726230578335771,0.28726107120195804,-0.25936149035864214,-0.19015273989290787,1.744310902099209,-0.7444193371643918,-0.09911440468745183,0.5918629707043606,-0.2694584017131381,-0.057490681418080045,-0.6027813293868328,0.2212087036169127,-0.6207315549575013,-0.024725973677064327,-0.286487387919675,0.48026157759134935,-0.041854559498776825,-0.2713657540709851,0.1576874957395462,-0.2932613383116732,0.554690181513245,0.8357506222693298,0.02720558837984934,-0.5672160018475702,-0.11171761290301639,-0.18125699301919013,-0.6702513737867973,-0.07849651179663047,-0.9987991167349234,0.6132465881923059,-0.010188495449349202,-0.225556973852861,-0.39489122865066667,0.029537362780578346,-0.15760985702962788,0.4803335834751858,-0.1644437091859134,-0.004919292790707193,0.10324808330416435,0.00710119713909805,-0.5916163219624344,0.2765728006422432
-0.12373757048609556,-0.49430598696142253,0.7207231856308157,-0.32450179337748064,-0.5286726627436321,1.146694478773407,0.10293087480389301,-0.7444193371643918,1.3801025811389522,-0.14276965095705313,-0.35946114342976926,0.3188835696193717,0.15588100068243774,-0.31276947149118167,-0.10089148378557823,-0.3425908829103209,0.3714892879333914,0.2883759762024051,-1.3493260940310696,-0.310900881782853,-0.5439420709819521,-0.40635946619216573,0.4093831742594595,0.14014744112915953,-0.2601850083667577,0.07208694161973904,0.2978427579542693,0.017095104941526388,-0.09355229335166872,-0.27860986908419244,0.18943407898583292,1.077801464054173,-0.40801790283759,-0.8144285573015482,0.16676005370371466,0.4227180420816131,-0.6224094778188033,0.25711545415587944,-0.24877839307172248,0.07831972885156163,0.10751884172214027,-0.21286745201560092,0.16073053200609036,0.2211834200413753,-0.30925534079660477
-0.22862624548419536,-0.4998099194676049,-0.04444981824009344,0.10822941059926922,-0.10182434969497321,-0.232225288800655,-0.07525532631969381,-0.09911440468745183,-0.14276965095705313,0.32152469769288505,0.1191997193186046,0.19430034121296805,-0.30281561988417605,0.4267346618785536,-0.17433392623232732,0.1671629193333663,-0.2232590748605143,-0.04811877562071178,0.03125982720856791,-0.3121033296102393,-0.20182434328726742,0.2051414932071906,-0.2768842218246825,-0.15419833023836343,-0.2330918997718192,0.05561365482441174,0.24072301463875492,0.10753246392094361,0.1290682555526918,0.21934935620769327,-0.2572950268828754,0.13867058151592643,-0.012909358071250421,0.2848534715323533,0.2842488431933204,-0.1350181261296456,0.20451303852737818,0.004772514873057552,-0.2354056430563753,-0.25570799873744104,-0.12535338508467847,-0.17772039903854753,0.16403164771731546,0.352907624732233,0.004627439736793726
-0.430694376333372,-0.5606937401527299,-0.491513786691123,0.21777201255227133,-0.35374738139074263,0.4089181884960625,-0.13154251093429056,0.5918629707043606,-0.35946114342976926,0.1191997193186046,0.9429085764295714,0.18496269680619434,-0.28852192223153744,-0.012754168340761277,0.0067716009003852395,-0.010986575445370647,0.33072265472266055,-0.5843846574243213,-0.23109403468960368,0.25770737735750376,-0.2531573634650435,0.3668623474427941,-0.4127064580246165,0.13619328939783368,0.43720255247837464,-0.038837335664616814,-0.25000237916200224,-0.22510342756327273,0.17266825554042622,-0.39290644703620753,0.3164955806327505,-0.5100258364750431,-0.23586594064902314,0.39054041101225356,-0.2688960960880791,-0.127626463889312,0.7233134881431396,-0.29900754769012,0.32762093257883473,-0.005839154367484854,-0.27735660224988956,0.32934741618814684,0.04013374590181306,-0.16585945343500352,0.45025734265135525
-0.3345044183027881,-0.429052840396775,0.01866537408187211,-0.248219807633418,-0.24798595778402466,0.5606305440311407,-0.23023795910324968,-0.2694584017131381,0.3188835696193717,0.19430034121296805,0.18496269680619434,0.8954333596726407,0.0807600320218722,0.262545899331581,-0.02961460569445734,-0.00419765833586296,-0.5388221938854899,-0.2632537840940619,-0.607936601553689,0.11276644256179763,-0.8908846249532806,0.1267150495514227,0.2680007159910237,-0.4048103687250256,-0.2648316241566545,0.37444986069928515,0.47939485391457926,0.28986365638563827,-0.17002282366011956,-0.040595239285103835,-0.15935644008636063,0.7169562910296675,-0.8756866568389772,0.24546599716576892,0.006019730528346563,0.2874449865244443,0.05372403260283676,-0.06872918893140299,-0.31549955594042706,-0.13567506693179587,0.24643854903141318,-0.7312148928387163,0.19070300735539425,0.6680559079479576,0.002662520003457389
0.255137160557641,0.3499354435571618,0.1604979465393124,-0.07258151695471673,-0.0626125981087121,0.5054382967532873,-0.16801568177449278,-0.057490681418080045,0.15588100068243774,-0.30281561988417605,-0.28852192223153744,0.0807600320218722,0.7128494143587182,-0.13539001566966608,0.29094607015505924,-0.09199880147600781,-0.01353573945990256,0.020715289804345883,0.20950492522803751,0.25117538597236067,-0.27112118981434097,-0.13844716219268535,0.5717661994307256,-0.030951758291756757,0.21354154133019385,0.3689874903923946,-0.18455078129968444,-0.1594445194859839,-0.02915689891055534,0.09559269542189576,0.06091819354251527,0.11633179306667729,-0.3321973490568243,-0.11564065690954044,-0.3141158940489429,0.21953025715324773,-0.35670099748987966,0.2412677677995247,-0.22970950506883023,0.07996032738797898,0.29431237425260803,-0.28633301346957757,0.08148169770453897,0.04736895507106874,-0.017450032856229345
-0.13227065762750592,-0.1544811433950925,0.1906359721726993,0.14786954349789366,0.05828214238494356,0.05017435203673509,-0.11054394491057759,-0.6027813293868328,-0.31276947149118167,0.4267346618785536,-0.012754168340761277,0.262545899331581,-0.13539001566966608,1.3992866257123724,-0.2884212275430625,1.2405919655302395,-0.751598000657303,0.07521846785713343,0.6967065127698683,-0.49245081881775343,0.006259289012364655,0.015681086133796304,-0.15274684949197043,-0.4826579136271575,-0.532941145554858,0.007183248443354465,0.22118952749463935,-0.07261498033882716,-0.060956625110252655,0.47909622380824474,-0.7584647561641124,0.07596457215773768,-0.5707906287738503,0.7269933555581621,0.8067613737014863,0.05878999123415994,0.3987333606691385,0.2477888494239694,-0.9474601302118363,-0.4254830041727445,-0.08599857813158283,-0.40285569100647356,0.4891275808623626,0.413624618315913,-0.08104254588890983
0.24794632130720998,0.13706084102858135,-0.0792536298865004,0.0365260016692322,-0.073673617944402775,0.0656050299518907,-0.11675576654698659,0.2212087036169127,-0.10089148378557823,-0.17433392623232732,0.0067716009003852395,-0.02961460569445734,0.29094607015505924,-0.2884212275430625,0.21251776347759976,-0.290366347350679,0.11077743456764304,-0.1566571086654398,0.11073316056189651,0.1710298112634507,-0.11856704975004421,0.02470463843987275,0.2287317123310357,0.06167337932848105,0.24187178044472007,0.1817832964117405,-0.12792576906395936,-0.0893134337487625,0.10870602788336647,0.040086798644183796,0.25183973245557467,-0.1487282367635185,-0.03443499642110716,-0.039576942432566736,-0.34796916881280726,0.012463827280357765,-0.10171067703510243,-0.015606591520732056,0.1707968301414218,0.126708531215287,0.14019084751415528,6.040238167882333e-4,-0.08394706822442835,-0.027096205218829734,0.10862641114655455
-0.20089847953047035,0.7748210733080574,0.09747075748116994,-0.009322069241490647,0.6030992812971576,0.11733474276423535,0.22148409714878634,-0.6207315549575013,-0.3425908829103209,0.1671629193333663,-0.010986575445370647,-0.00419765833586296,-0.09199880147600781,1.2405919655302395,-0.290366347350679,1.6731823789248197,-0.6706060979867805,0.28596895113486126,0.8214007577428908,0.264859571172214,0.7820382674032612,-0.1956066020976098,-0.1751599994558849,-0.4634418777665905,-0.40460212028186515,-0.4354594487623869,-0.13225978301428265,-0.07753405685005077,-0.5622285610552269,-0.012286973496350278,-0.7865519878832168,-0.24193561815574605,-0.5407062141287899,0.6702342071818294,0.6917469393792542,0.22511544695716107,0.5756511659656345,0.10500148947017691,-0.7123530808384005,-0.1552290716369777,-0.14969879470739852,-0.021670546863650882,0.23742276224981146,-0.28802760235830416,-0.1259840517552769
0.14492085963988777,-1.0549403390428485,0.1322330112267665,0.771598653403101,-0.8690335919526802,0.5013296313213204,0.12425984796626975,-0.024725973677064327,0.3714892879333914,-0.2232590748605143,0.33072265472266055,-0.5388221938854899,-0.01353573945990256,-0.751598000657303,0.11077743456764304,-0.6706060979867805,1.8301919845860644,-0.11463284960733146,-0.6601534228104322,0.3802220246852397,0.19969194651965888,0.3729000857836386,-0.4382243946597875,0.6006791992172582,0.6662855316327913,-0.014670786047905438,-0.5865846608084788,-0.5643379403814575,0.8783937790210448,-0.054276787380244405,0.9629183242318399,-0.2023239765314055,0.6462460654947427,-0.42863398208250636,-0.7697732087762323,-0.271988829883699,0.25396934620681527,0.058822653192763016,0.5292471189190965,0.23327453717994528,-0.6381095597116027,1.0719595240222193,-0.15492433012235862,-0.3604264390975623,0.3373682849008497
-0.37908668951046204,0.4878702554296681,0.2142525919542897,-0.24698618145727277,0.5298486772335633,-0.23637671168394134,0.29862042636669317,-0.286487387919675,0.2883759762024051,-0.04811877562071178,-0.5843846574243213,-0.2632537840940619,0.020715289804345883,0.07521846785713343,-0.1566571086654398,0.28596895113486126,-0.11463284960733146,0.6957830165121778,0.1664697879957219,0.07823436870434301,0.4506775915739163,-0.23490660476757166,-0.07248730615561699,0.022231867753671496,-0.20662639117458367,-0.22027671853682226,-0.08182154020128263,0.17734427764970187,-0.4168665426969274,-0.12367840903952836,-0.5868579876482745,0.2764756338210901,0.4489441309047611,-0.3088095403223569,0.3569787738475277,0.02125952165400059,-0.36272818472259644,0.26447981099279627,-0.34237812805792844,-0.14812606185638796,-0.0739772875206426,-0.07678675745695922,0.038576741348839684,-0.25346647406993555,-0.3956106414956332
0.25685616781524223,1.0617942653260195,-0.40962531082145953,0.21956386228862082,0.8398975548868589,-1.157914241459309,-0.06642031196358099,0.48026157759134935,-1.3493260940310696,0.03125982720856791,-0.23109403468960368,-0.607936601553689,0.20950492522803751,0.6967065127698683,0.11073316056189651,0.8214007577428908,-0.6601534228104322,0.1664697879957219,2.039012373198623,0.024013792721799574,0.8200570415014727,0.07396680802252628,-0.15184071214052178,-0.16820826644837777,0.12077576073394969,-0.06397029514465867,-0.44621123781692174,-0.14554511104917406,-0.0936582414094147,0.5128520847767268,-0.6661497599082248,-1.0782184390012752,0.4878054536434387,0.7144737565699076,0.22169237119027133,-0.3425836879342633,0.22502732710769707,0.15118042528856498,-0.3140301532291666,-0.21878093848910776,0.01792219189384738,0.01739698612734024,0.04952308970082243,-0.3345091064074662,0.037662374771497864
-0.4186609447099366,0.9444307507399893,-0.5605549779955011,0.11689805292424792,0.7494045656660302,-0.16003317648121462,0.3918815405377288,-0.041854559498776825,-0.310900881782853,-0.3121033296102393,0.25770737735750376,0.11276644256179763,0.25117538597236067,-0.49245081881775343,0.1710298112634507,0.264859571172214,0.3802220246852397,0.07823436870434301,0.024013792721799574,2.4627146078399265,0.8299065289268304,0.4809033094809782,-0.2159927237596265,-0.3343765771876182,0.4454353175716796,-0.19088323258262846,-0.5365317450414708,0.3053307095797916,-0.5250310503367517,-0.5828534612349526,0.05874704139062881,-0.16133225625787706,0.02360201912881506,0.4015815535538364,-1.1140116032146767,0.12592974898538198,0.720851365765845,-0.42067206754959197,0.5243983886837187,0.3783307529376036,-0.24500484613543336,0.3800249138738977,-0.5928226129640506,-0.6194977058535893,0.18687290463223924
0.48932756256653215,1.3531676933652186,-0.08686907751648633,0.21107718504422332,0.9586302690802477,-1.0291985871340912,0.6086711696424845,-0.2713657540709851,-0.5439420709819521,-0.20182434328726742,-0.2531573634650435,-0.8908846249532806,-0.27112118981434097,0.006259289012364655,-0.11856704975004421,0.7820382674032612,0.19969194651965888,0.4506775915739163,0.8200570415014727,0.8299065289268304,1.834349104666464,-0.15509730370670397,-0.3870825359114908,-0.045755533892598746,-0.07360084197167646,-0.8461449236868147,-0.42180123677997927,0.023305688082752733,-0.33413556013344,-0.07286801658557328,-0.032803320818681224,-0.7670273522184747,0.7070284286474541,0.11894571002598552,-0.026116865447280896,-0.1014298925314506,0.4075771316471947,-0.2431199179646049,0.4651220906692537,0.39254348149677787,-0.30258202011528584,0.9264419299719506,-0.5516618565011937,-0.9665756026432651,-0.09328226735905605
-0.25724927671262965,-0.7060717112988677,-0.34518585393562834,0.47422327514583523,-0.22829713137466354,-0.33781892642848677,-0.10479894128460773,0.1576874957395462,-0.40635946619216573,0.2051414932071906,0.3668623474427941,0.1267150495514227,-0.13844716219268535,0.015681086133796304,0.02470463843987275,-0.1956066020976098,0.3729000857836386,-0.23490660476757166,0.07396680802252628,0.4809033094809782,-0.15509730370670397,0.6497565710990617,-0.4539963595835029,-0.08790337479885975,0.22812924404923196,0.23630034978278724,-0.09071236234168072,0.027450458719987633,0.43380303163700407,0.2263100558123073,0.08449210736863963,-0.08765462921218255,0.25197964028256026,0.4318810425930478,-0.4484711388396965,-0.31251391928879113,0.49970139110992073,-0.10772091996215793,0.10766386705104831,-0.1505211482421651,-0.3282868684598121,0.11908476192840886,-0.03560972945270941,0.25682624869388293,0.27353524949033636
0.6759983687666549,0.5131115054507315,0.37477038706131083,-0.35478104557254336,-0.08008764615899866,0.4885196674162101,-0.17394144808911072,-0.2932613383116732,0.4093831742594595,-0.2768842218246825,-0.4127064580246165,0.2680007159910237,0.5717661994307256,-0.15274684949197043,0.2287317123310357,-0.1751599994558849,-0.4382243946597875,-0.07248730615561699,-0.15184071214052178,-0.2159927237596265,-0.3870825359114908,-0.4539963595835029,0.8810545759741231,-0.14961017489664813,-0.17871190475975915,0.27108671820141306,0.27455922721664566,0.024351837073143524,-0.164650192156681,0.13612719936972126,0.20884634501280294,0.381050156049862,-0.6787302325646627,-0.28230661554121145,-0.0476901098397432,0.4265657855221953,-0.5940326479324768,0.0928232788719939,-0.10543566512531868,0.24468397442565504,0.6018426284376859,-0.4850087990825185,-0.004504496119782937,0.2558895997649846,-0.14399977449069976
-0.21850970766422848,-0.24737813032942357,-0.05684996617976036,0.006686358558357213,-0.23001637859355842,0.2555426302293289,0.012178767790192413,0.554690181513245,0.14014744112915953,-0.15419833023836343,0.13619328939783368,-0.4048103687250256,-0.030951758291756757,-0.4826579136271575,0.06167337932848105,-0.4634418777665905,0.6006791992172582,0.022231867753671496,-0.16820826644837777,-0.3343765771876182,-0.045755533892598746,-0.08790337479885975,-0.14961017489664813,0.5533653721303108,0.4334866918392897,-0.07945842087935955,-0.3678419949451744,-0.29941808790683466,0.16510073359197955,-0.32151782586685046,0.247416981108913,-0.33179268847449644,0.48712060200221813,-0.44776569238834757,-0.05260423169908554,-0.17407097193635906,-0.19649401196669544,0.10187537407428772,0.23879182465299248,-0.0018819299377687301,-0.16114098788133968,0.38691290650316734,0.0485196252877093,-0.40789581391452573,0.06862306583254166
-0.37324140310618653,-0.09911931872763657,-0.42053724888640676,0.15791100451205606,-0.14154706736718886,0.31593115347672035,-0.08058880892341502,0.8357506222693298,-0.2601850083667577,-0.2330918997718192,0.43720255247837464,-0.2648316241566545,0.21354154133019385,-0.532941145554858,0.24187178044472007,-0.40460212028186515,0.6662855316327913,-0.20662639117458367,0.12077576073394969,0.4454353175716796,-0.07360084197167646,0.22812924404923196,-0.17871190475975915,0.4334866918392897,0.7879073255006327,0.09481355368929918,-0.6521753912801772,-0.3401675380484838,0.15351104494263104,-0.4079811183005223,0.2921040844798641,-0.6084857508773863,0.33566628580443203,-0.06634286652012121,-0.5538901347931914,-0.19826381305790342,0.16755237413844054,-0.009222754305179654,0.3339067849387696,0.03333867855194772,-0.19976911528131044,0.39528813858573625,-0.024164435457300237,-0.4940537048287947,0.3080506324456075
0.04464067563973799,-0.6399618895477514,0.051815210574607806,0.12472472345457399,-0.48390726889765806,0.26713574570708987,-0.37014971880908387,0.02720558837984934,0.07208694161973904,0.05561365482441174,-0.038837335664616814,0.37444986069928515,0.3689874903923946,0.007183248443354465,0.1817832964117405,-0.4354594487623869,-0.014670786047905438,-0.22027671853682226,-0.06397029514465867,-0.19088323258262846,-0.8461449236868147,0.23630034978278724,0.27108671820141306,-0.07945842087935955,0.09481355368929918,0.6186446154680759,0.14868737148230338,-0.040241214057918,0.3809729476841693,0.38202629454277764,0.06744862138503904,0.35130365904592337,-0.2494573151905915,0.07772299869523482,-0.24515708882243462,-0.021436237846019345,-0.2073551904979608,0.1920778749737824,-0.27569381777077,-0.1815380299605288,0.16420405905534932,-0.47988115115851326,0.2222520836041825,0.6174586736629241,0.09084475132461722
0.4040666670558462,-0.2884055920971139,0.30427587850740095,-0.16271346861080918,-0.16154076308809504,-0.22507542869347671,-0.10273464158855054,-0.5672160018475702,0.2978427579542693,0.24072301463875492,-0.25000237916200224,0.47939485391457926,-0.18455078129968444,0.22118952749463935,-0.12792576906395936,-0.13225978301428265,-0.5865846608084788,-0.08182154020128263,-0.44621123781692174,-0.5365317450414708,-0.42180123677997927,-0.09071236234168072,0.27455922721664566,-0.3678419949451744,-0.6521753912801772,0.14868737148230338,0.7765886041685592,0.3765583622389646,0.047939138512399324,0.4128553199042813,-0.0054436926891537375,0.6985613028763153,-0.4159443129686133,0.008999715596026135,0.2965927366725402,0.1603175175236545,-0.23540722645221002,-0.09207307382281271,-0.11800973915348517,-0.005958505138899908,0.3049718841480525,-0.5203280318028235,-0.0035789951091585405,0.7365390618491415,-0.17794338590473804
-0.19859138748828778,0.35049636046151733,-0.11642467961330162,-0.32710323929792623,0.4809589454726148,-0.5643128379245902,0.11582978400291798,-0.11171761290301639,0.017095104941526388,0.10753246392094361,-0.22510342756327273,0.28986365638563827,-0.1594445194859839,-0.07261498033882716,-0.0893134337487625,-0.07753405685005077,-0.5643379403814575,0.17734427764970187,-0.14554511104917406,0.3053307095797916,0.023305688082752733,0.027450458719987633,0.024351837073143524,-0.29941808790683466,-0.3401675380484838,-0.040241214057918,0.3765583622389646,0.5453346570748724,-0.3982697351972581,-0.058005087611966114,-0.3239695742605069,0.4007333949072428,0.03938549539426475,0.037262009865124866,0.046900894064797416,0.056045691244314466,-0.11641753540877185,-0.18194281139855098,0.06477122701255104,-0.01721132163609931,0.17184430779619964,-0.38516493410492575,-0.19068139135909087,0.20241252715302363,-0.20801730668340368
0.7362670008722263,-1.3025821283573538,0.19849263079703647,0.8241087909414909,-1.0060029905660186,-0.07770607559780965,-0.28052386565924753,-0.18125699301919013,-0.09355229335166872,0.1290682555526918,0.17266825554042622,-0.17002282366011956,-0.02915689891055534,-0.060956625110252655,0.10870602788336647,-0.5622285610552269,0.8783937790210448,-0.4168665426969274,-0.0936582414094147,-0.5250310503367517,-0.33413556013344,0.43380303163700407,-0.164650192156681,0.16510073359197955,0.15351104494263104,0.3809729476841693,0.047939138512399324,-0.3982697351972581,1.1685585229558029,0.7996918294468571,0.7449058528874912,-0.0637383294552176,0.2381545545101812,0.07417308952167857,-0.37346199356948534,-0.32941294012877725,0.15806348177588775,0.08866167991253164,0.1509366165656972,0.007061703686872178,-0.2581655337145892,0.3829615893637874,0.050320095900165986,0.5232009353466952,0.3286826998578103
1.0561213144229635,-0.5488989344667515,0.3674999458682496,0.5956381209643523,-0.42548689908438686,-0.660500836169609,-0.24369722416568948,-0.6702513737867973,-0.27860986908419244,0.21934935620769327,-0.39290644703620753,-0.040595239285103835,0.09559269542189576,0.47909622380824474,0.040086798644183796,-0.012286973496350278,-0.054276787380244405,-0.12367840903952836,0.5128520847767268,-0.5828534612349526,-0.07286801658557328,0.2263100558123073,0.13612719936972126,-0.32151782586685046,-0.4079811183005223,0.38202629454277764,0.4128553199042813,-0.058005087611966114,0.7996918294468571,1.2063688695746424,0.18820143031800945,0.19284423126305594,0.023734516899509638,0.32548468437735634,0.013274496072669896,-0.17406297933909898,-0.05058794152694127,0.16138895108829837,-0.2589520189867383,-0.06024675028698003,0.06442182598533062,-0.14007889020918404,0.045138967103881454,0.8033541278027899,0.029117834988771164
1.0744894414864559,-0.4983180830533161,0.151197150858017,0.4671926001569644,-0.8004651544638274,0.2873976984249075,-0.08666582530126825,-0.07849651179663047,0.18943407898583292,-0.2572950268828754,0.3164955806327505,-0.15935644008636063,0.06091819354251527,-0.7584647561641124,0.25183973245557467,-0.7865519878832168,0.9629183242318399,-0.5868579876482745,-0.6661497599082248,0.05874704139062881,-0.032803320818681224,0.08449210736863963,0.20884634501280294,0.247416981108913,0.2921040844798641,0.06744862138503904,-0.0054436926891537375,-0.3239695742605069,0.7449058528874912,0.18820143031800945,1.3056477911564488,-0.17792875808535957,-0.09775207003667001,-0.2688208973204944,-0.754966641840094,0.01886219953206116,0.10523225946952686,-0.29439941553705584,0.8415307630799238,0.5688850981429163,-8.63967728963778e-4,0.6641147537275226,-0.37774543008895356,0.016962604015226094,0.3714448986415221
-0.14021632929861966,-0.6291662938641764,0.6166799876359946,-0.2609091131601388,-0.3585489160729201,0.5282381694231003,-0.01963966514838745,-0.9987991167349234,1.077801464054173,0.13867058151592643,-0.5100258364750431,0.7169562910296675,0.11633179306667729,0.07596457215773768,-0.1487282367635185,-0.24193561815574605,-0.2023239765314055,0.2764756338210901,-1.0782184390012752,-0.16133225625787706,-0.7670273522184747,-0.08765462921218255,0.381050156049862,-0.33179268847449644,-0.6084857508773863,0.35130365904592337,0.6985613028763153,0.4007333949072428,-0.0637383294552176,0.19284423126305594,-0.17792875808535957,1.4317055948207749,-0.5140501307670323,-0.35487541354180857,0.17702276573098616,0.3501640405664432,-0.5169182690317075,0.21489396932630433,-0.5073267648432479,-0.12786933073152768,0.20534058322271453,-0.7312898257801846,0.17329678003516844,0.8337688101529372,-0.36434395890836246
-0.27571392876556816,-0.002856547966131029,-0.30681401350725424,0.2512972995745876,0.38381228566253256,-1.2158582346179312,0.2643885028109964,0.6132465881923059,-0.40801790283759,-0.012909358071250421,-0.23586594064902314,-0.8756866568389772,-0.3321973490568243,-0.5707906287738503,-0.03443499642110716,-0.5407062141287899,0.6462460654947427,0.4489441309047611,0.4878054536434387,0.02360201912881506,0.7070284286474541,0.25197964028256026,-0.6787302325646627,0.48712060200221813,0.33566628580443203,-0.2494573151905915,-0.4159443129686133,0.03938549539426475,0.2381545545101812,0.023734516899509638,-0.09775207003667001,-0.5140501307670323,1.5831579071237438,-0.3154979640029285,-0.13853905535185987,-0.6260820450810517,-0.13404470422114345,0.05064860802128455,0.4183394818856321,-0.12195912721395377,-0.43601682172717576,0.6118442708360877,-0.24986733805273342,-0.5015591261291545,-0.06813858609266236
-0.033787874743173706,-0.01517174202436291,-0.36989837182374224,0.3299359434320848,0.15907790516840545,-0.3987529124545816,-0.13509993961376363,-0.010188495449349202,-0.8144285573015482,0.2848534715323533,0.39054041101225356,0.24546599716576892,-0.11564065690954044,0.7269933555581621,-0.039576942432566736,0.6702342071818294,-0.42863398208250636,-0.3088095403223569,0.7144737565699076,0.4015815535538364,0.11894571002598552,0.4318810425930478,-0.28230661554121145,-0.44776569238834757,-0.06634286652012121,0.07772299869523482,0.008999715596026135,0.037262009865124866,0.07417308952167857,0.32548468437735634,-0.2688208973204944,-0.35487541354180857,-0.3154979640029285,0.9169160714076513,-0.03798008101271173,-0.11962542166183945,0.741402280138492,-0.1648959782694415,-0.19075055476698946,-0.15494839637481533,-0.12180495153952045,-0.10489586578817434,0.05598784924979227,0.22975443084417566,0.2485913790130768
-0.33059683817605173,0.08818160486130884,0.2972621936724668,-0.38239961307639864,0.22173940615289647,0.03617530561695148,0.03866801804432925,-0.225556973852861,0.16676005370371466,0.2842488431933204,-0.2688960960880791,0.006019730528346563,-0.3141158940489429,0.8067613737014863,-0.34796916881280726,0.6917469393792542,-0.7697732087762323,0.3569787738475277,0.22169237119027133,-1.1140116032146767,-0.026116865447280896,-0.4484711388396965,-0.0476901098397432,-0.05260423169908554,-0.5538901347931914,-0.24515708882243462,0.2965927366725402,0.046900894064797416,-0.37346199356948534,0.013274496072669896,-0.754966641840094,0.17702276573098616,-0.13853905535185987,-0.03798008101271173,1.1325753055444123,0.07622316447228943,-0.25142204760806064,0.2697163313460767,-0.6859215256297562,-0.37145890725320113,0.07275692541955771,-0.3808524462039482,0.4262094033712208,0.09262353404236003,-0.3519199379759761
0.1451173663230687,0.36541071220749544,0.25903896925500725,-0.29019996339772103,0.03011799366005583,0.5747099242656923,0.032767312541333374,-0.39489122865066667,0.4227180420816131,-0.1350181261296456,-0.127626463889312,0.2874449865244443,0.21953025715324773,0.05878999123415994,0.012463827280357765,0.22511544695716107,-0.271988829883699,0.02125952165400059,-0.3425836879342633,0.12592974898538198,-0.1014298925314506,-0.31251391928879113,0.4265657855221953,-0.17407097193635906,-0.19826381305790342,-0.021436237846019345,0.1603175175236545,0.056045691244314466,-0.32941294012877725,-0.17406297933909898,0.01886219953206116,0.3501640405664432,-0.6260820450810517,-0.11962542166183945,0.07622316447228943,0.3903331417558377,-0.15626695953453887,-4.49249125388418e-4,-0.13262677075733742,0.16383334087954002,0.2590448524363274,-0.23698061015569663,0.011903442556238708,0.031239827106077492,-0.11839799930777814
-0.18480298291086128,-0.24504596696544784,-0.41530539544493517,0.4892871597596446,-0.019985679980968604,-0.11918370571539366,0.06383056903454494,0.029537362780578346,-0.6224094778188033,0.20451303852737818,0.7233134881431396,0.05372403260283676,-0.35670099748987966,0.3987333606691385,-0.10171067703510243,0.5756511659656345,0.25396934620681527,-0.36272818472259644,0.22502732710769707,0.720851365765845,0.4075771316471947,0.49970139110992073,-0.5940326479324768,-0.19649401196669544,0.16755237413844054,-0.2073551904979608,-0.23540722645221002,-0.11641753540877185,0.15806348177588775,-0.05058794152694127,0.10523225946952686,-0.5169182690317075,-0.13404470422114345,0.741402280138492,-0.25142204760806064,-0.15626695953453887,1.0293567201323077,-0.3171500646532853,0.18913198182771823,0.0217865975164162,-0.4405679671423446,0.47406147602852916,-0.09303946868425181,-0.16476693146575577,0.3837207863587698
-0.1786895049428463,-0.24222862610746917,0.2787479831845062,0.008613707442176972,-0.16846476836491983,0.3360710205073909,-0.08283179424306389,-0.15760985702962788,0.25711545415587944,0.004772514873057552,-0.29900754769012,-0.06872918893140299,0.2412677677995247,0.2477888494239694,-0.015606591520732056,0.10500148947017691,0.058822653192763016,0.26447981099279627,0.15118042528856498,-0.42067206754959197,-0.2431199179646049,-0.10772091996215793,0.0928232788719939,0.10187537407428772,-0.009222754305179654,0.1920778749737824,-0.09207307382281271,-0.18194281139855098,0.08866167991253164,0.16138895108829837,-0.29439941553705584,0.21489396932630433,0.05064860802128455,-0.1648959782694415,0.2697163313460767,-4.49249125388418e-4,-0.3171500646532853,0.40959926098456423,-0.5343713075763618,-0.25389104619203645,-0.02323224535956974,-0.2048020412777751,0.33194440641632994,0.11979464767287212,-0.1470291899612738
0.5097796945732107,0.28036582289789913,-0.34998147074960967,0.11218053199374037,0.059077479397403015,-0.5134522560313114,0.15324763602536168,0.4803335834751858,-0.24877839307172248,-0.2354056430563753,0.32762093257883473,-0.31549955594042706,-0.22970950506883023,-0.9474601302118363,0.1707968301414218,-0.7123530808384005,0.5292471189190965,-0.34237812805792844,-0.3140301532291666,0.5243983886837187,0.4651220906692537,0.10766386705104831,-0.10543566512531868,0.23879182465299248,0.3339067849387696,-0.27569381777077,-0.11800973915348517,0.06477122701255104,0.1509366165656972,-0.2589520189867383,0.8415307630799238,-0.5073267648432479,0.4183394818856321,-0.19075055476698946,-0.6859215256297562,-0.13262677075733742,0.18913198182771823,-0.5343713075763618,1.119304545196671,0.5249960381515352,-0.024906467513335657,0.673631926789009,-0.6190959087618529,-0.43129762408764344,0.25562223650550214
0.6664924477535199,0.4503717278202197,0.07755527132162843,0.03414242054398345,0.023209023578650262,-0.005008281753434122,0.1267551610393212,-0.1644437091859134,0.07831972885156163,-0.25570799873744104,-0.005839154367484854,-0.13567506693179587,0.07996032738797898,-0.4254830041727445,0.126708531215287,-0.1552290716369777,0.23327453717994528,-0.14812606185638796,-0.21878093848910776,0.3783307529376036,0.39254348149677787,-0.1505211482421651,0.24468397442565504,-0.0018819299377687301,0.03333867855194772,-0.1815380299605288,-0.005958505138899908,-0.01721132163609931,0.007061703686872178,-0.06024675028698003,0.5688850981429163,-0.12786933073152768,-0.12195912721395377,-0.15494839637481533,-0.37145890725320113,0.16383334087954002,0.0217865975164162,-0.25389104619203645,0.5249960381515352,0.45861366146310983,0.12509733084395802,0.35009229564756084,-0.3732389947396939,-0.23354300457501243,0.07477481139801706
0.39332172498089873,0.5230856000363989,0.11311158020582526,-0.40010564089974543,0.1448161856445963,0.051793019170161304,-0.14445667242267338,-0.004919292790707193,0.10751884172214027,-0.12535338508467847,-0.27735660224988956,0.24643854903141318,0.29431237425260803,-0.08599857813158283,0.14019084751415528,-0.14969879470739852,-0.6381095597116027,-0.0739772875206426,0.01792219189384738,-0.24500484613543336,-0.30258202011528584,-0.3282868684598121,0.6018426284376859,-0.16114098788133968,-0.19976911528131044,0.16420405905534932,0.3049718841480525,0.17184430779619964,-0.2581655337145892,0.06442182598533062,-8.63967728963778e-4,0.20534058322271453,-0.43601682172717576,-0.12180495153952045,0.07275692541955771,0.2590448524363274,-0.4405679671423446,-0.02323224535956974,-0.024906467513335657,0.12509733084395802,0.519275803166599,-0.4911462810129802,-0.033447841135282694,0.2152537884920415,-0.13202524787914377
0.36913080698640355,-0.020510603026511278,-0.0896168816432164,0.5315778202472966,-0.12505217739332103,-0.18223584331640166,0.2925918657616351,0.10324808330416435,-0.21286745201560092,-0.17772039903854753,0.32934741618814684,-0.7312148928387163,-0.28633301346957757,-0.40285569100647356,6.040238167882333e-4,-0.021670546863650882,1.0719595240222193,-0.07678675745695922,0.01739698612734024,0.3800249138738977,0.9264419299719506,0.11908476192840886,-0.4850087990825185,0.38691290650316734,0.39528813858573625,-0.47988115115851326,-0.5203280318028235,-0.38516493410492575,0.3829615893637874,-0.14007889020918404,0.6641147537275226,-0.7312898257801846,0.6118442708360877,-0.10489586578817434,-0.3808524462039482,-0.23698061015569663,0.47406147602852916,-0.2048020412777751,0.673631926789009,0.35009229564756084,-0.4911462810129802,1.1370989793674768,-0.3447489137432105,-0.7152006154731985,0.2641479597427942
-0.44713390078244336,-0.5116523034572911,0.13728732646202912,-0.04653382194539655,-0.29578272829706265,0.5550973568993992,-0.19929369194980384,0.00710119713909805,0.16073053200609036,0.16403164771731546,0.04013374590181306,0.19070300735539425,0.08148169770453897,0.4891275808623626,-0.08394706822442835,0.23742276224981146,-0.15492433012235862,0.038576741348839684,0.04952308970082243,-0.5928226129640506,-0.5516618565011937,-0.03560972945270941,-0.004504496119782937,0.0485196252877093,-0.024164435457300237,0.2222520836041825,-0.0035789951091585405,-0.19068139135909087,0.050320095900165986,0.045138967103881454,-0.37774543008895356,0.17329678003516844,-0.24986733805273342,0.05598784924979227,0.4262094033712208,0.011903442556238708,-0.09303946868425181,0.33194440641632994,-0.6190959087618529,-0.3732389947396939,-0.033447841135282694,-0.3447489137432105,0.4827606322389345,0.244454320029828,-0.04362315797565802
