V1,V2,V3,V4,V5,V6,V7,V8,V9,V10,V11,V12,V13,V14,V15,V16,V17,V18,V19,V20,V21,V22,V23,V24,V25,V26,V27,V28,V29,V30,V31,V32,V33,V34,V35,V36,V37,V38,V39,V40,V41,V42,V43,V44
0.5514683758151364,-0.39442184316009116,0.06872219985017887,-0.019020166258660803,0.1579392745565299,-0.6412232151889206,-0.9427881411125382,1.6876171915259948,2.4111145919310086,0.3099380675445781,-0.2431198680796263,-0.4082800480069344,1.103287881886457,-1.4364572165438168,-0.9082758959227317,1.3355951928566314,0.25078413615041295,-2.244809392260069,0.3170174742514466,2.0855550564312257,0.010395145932671606,-1.1573540587055835,0.9080574063532414,-0.39112076812418933,0.370505001105097,-1.3120353683411214,0.21205555842702287,-0.6446090106534313,0.44389299007007144,0.9911125400033209,0.5756296823426026,-1.9580348236857033,-1.6754246258445178,1.0160975310670681,-0.03020751223548585,-1.0820780012660591,0.8486867923488622,-0.12203694854700294,0.9978902975124728,0.8553835021913816,-0.8305017064386658,0.6721809298733221,1.2610291885829366,1.3297283430304978
-0.39442184316009116,1.2829440547839042,-0.42822079968107507,-0.08909049961143642,0.19542406266534218,0.5143235585533784,0.895875846144756,-2.236571618331033,-2.961303725978808,-0.6073519664531278,0.2789617657582722,0.7067344047744999,-0.8128388653307346,1.1731125627961143,0.9668208449799316,-1.1518641184266496,-0.16567199356194837,1.9874554042178334,-0.009216863397673327,-2.2842198624518946,0.34871978144431665,1.219644014994241,-0.9511809349723327,0.5493173857339788,-0.39140635051993794,1.307602660597853,0.05530141772941209,0.30574955224289824,-0.7714435868183797,-0.9029091731401566,0.06093792489427971,1.721121096305504,1.253031700740227,-0.9488019279783003,0.4360103318215849,1.0595342238348922,-1.2134797500901906,-0.3415769147556458,-1.2640613789506416,-1.3115440970375396,0.5635104569519842,-0.6381024343577774,-1.7112881434712977,-1.5579066309185685
0.06872219985017887,-0.42822079968107507,0.4157808197959336,0.17326275831441582,-0.27821811079442876,-0.05099867847490521,0.04790723804079915,0.4436468218042309,0.5147909370157495,0.557864394221184,-0.2414144820448374,-0.0429706369555811,0.38651941433441805,-0.14487928906619463,-0.18944461753318034,-0.19301970671985252,0.07158273092016863,-0.4681175232998752,-0.17350237676597283,0.16644862647409495,0.5551367502886314,-0.009285922282687202,0.3506879938248715,0.004945517536300586,0.16997016624650943,0.18257114265366184,0.2106824759315151,0.27536587183543737,0.5332292930153226,0.275560259185973,-0.26916487757610313,0.1927269599959993,0.17296998501173047,0.28411345471183413,-0.3873499666833841,0.24535792240599713,0.2136590959562653,0.41011683310565006,0.3641628662615856,0.15031754000590364,0.2743254765289598,0.2158442711842394,0.14189697551704114,0.33298842677200247
-0.019020166258660803,-0.08909049961143642,0.17326275831441582,0.20642464198240495,-0.27895463372570534,0.20930361300533523,0.2645447050787381,-0.3084957390556176,-0.45947541804192504,0.2238113083031404,-0.005489838649830029,0.05674056195986228,-0.25762174326736803,0.4509791207683656,0.2259643042481803,-0.6209650690833557,-0.018067237150498988,0.46846963701950367,-0.24483736167072495,-0.5088001161359673,0.18868828000661186,0.36491333470062237,-0.13216512446590079,0.14993446285416984,0.012639620954894019,0.6028350351267837,-0.04803837607868621,0.3522519703618559,0.21068831130826549,-0.20440886025734256,-0.36657636110154945,0.7245191957877403,0.6610648409522186,-0.05609834244741247,-0.3131792745414096,0.491247361500416,-0.057362011879604664,0.5137988686975694,-0.08623210262619053,-0.11594802228086669,0.49293749680634696,-0.07572769851674152,-0.3494205181364876,-0.17511410633859736
0.1579392745565299,0.19542406266534218,-0.27821811079442876,-0.27895463372570534,0.44854408003740737,-0.39911783278188817,-0.5221271669183308,0.6056065085515387,0.9285183361950706,-0.28401073673286964,-0.028447092915339468,-0.09034825157483221,0.5667489079908459,-0.8795902726232803,-0.4435304965873588,1.0717716145345588,0.08395409251482204,-1.0456736185753566,0.421634061897427,0.9910297216960071,-0.18867883609051758,-0.6708977978061076,0.32491510371826554,-0.23464320972018368,0.044699314975696784,-1.0117096478316931,0.1388016078596104,-0.6310770363023125,-0.2484622630320819,0.4538617860018072,0.6869296748504682,-1.3250044042668745,-1.2242664884405445,0.25890041856157425,0.4638791093629638,-0.8325362492544747,0.1643124049637,-0.756905238350142,0.24067243208463407,0.22652777264112928,-0.8278568743450129,0.22835005100585037,0.6034179010361108,0.4255714121118998
-0.6412232151889206,0.5143235585533784,-0.05099867847490521,0.20930361300533523,-0.39911783278188817,1.0034938413865264,1.3454058665785285,-2.4361724824963806,-3.459249613150777,-0.3032152431981527,0.36187728456832163,0.5600041193136001,-1.7093493984929709,2.2073915761066547,1.3700872298864128,-2.159114022839021,-0.3269605196304162,3.2461449313184225,-0.5958529385082505,-3.0188930164512917,-0.0030028608167103382,1.7330024168710758,-1.3069350722402695,0.6191753152783114,-0.46703468526020014,2.134971546652217,-0.38723864155157245,1.0398403391326088,-0.45372851568784445,-1.45962223746155,-0.9701668009856926,2.977603853435423,2.609446121027277,-1.3232977988939727,-0.1966635160853871,1.6926344186027775,-1.1172264270740577,0.6018302783058797,-1.3819945294845093,-1.1507503406041244,1.4137254872864158,-0.9091385651532319,-1.8801958772304737,-1.8218226863643707
-0.9427881411125382,0.895875846144756,0.04790723804079915,0.2645447050787381,-0.5221271669183308,1.3454058665785285,2.045066895157915,-3.5568206891381817,-5.051274489164184,-0.2549959274551869,0.3541354107079248,0.976785310805002,-2.0196743230311798,2.9611747466746436,1.8844973092543817,-3.127167252798765,-0.4169130571714001,4.353025095879565,-0.7839571350721307,-4.483332576478801,0.6148617404255379,2.5728968535898975,-1.6950652435958524,0.9674424888716493,-0.624579636982717,3.1668859215877956,-0.21833943314323712,1.5378959419354459,-0.5472364911486666,-1.8976365480741435,-1.2577537134882462,4.390015079444426,3.7054802376095153,-1.8330100981989759,-0.23136802657424793,2.6241640991661686,-1.7650969381819792,0.68652972392981515,-1.9535487139275773,-1.8870385608590057,2.049458089361216,-1.2127140157702996,-2.873480266353653,-2.6438800030335177
1.6876171915259948,-2.236571618331033,0.4436468218042309,-0.3084957390556176,0.6056065085515387,-2.4361724824963806,-3.5568206891381817,6.943643368046123,9.659851990691786,1.1188688696366516,-0.9371187357994135,-1.7918013343685932,4.036927496570864,-5.438721799352,-3.601651793735791,5.387112653952921,0.7993392303815373,-8.260009749283043,1.1623268076441533,8.16728751794852,-0.4716621420292712,-4.616723242667016,3.4514999623861624,-1.757490286516957,1.2832671114324259,-5.478338167171288,0.6249433641129756,-2.3702658832957875,1.5961010894760062,3.704347059210699,1.8599873134825842,-7.575074317984906,-6.351731614138867,3.497018764364953,-0.03573754640377463,-4.419184674385019,3.380046676847303,-0.8209404918198032,3.901339519418089,3.5750271440995376,-3.3455800750531437,2.407657769513413,5.387316976310309,5.096516592899425
2.4111145919310086,-2.961303725978808,0.5147909370157495,-0.45947541804192504,0.9285183361950706,-3.459249613150777,-5.051274489164184,9.659851990691786,13.503146583627483,1.4589725648548428,-1.26956359659967,-2.509935533035216,5.672639160305107,-7.687063846958397,-5.045937571844608,7.641873598797941,1.1351352700464692,-11.632569657286577,1.7149258849979594,11.51470565550365,-0.725114560330356,-6.508601625985261,4.803978857225932,-2.4572916989953497,1.7967779441935348,-7.757960800095129,0.8741807214064654,-3.445719182224442,2.1415724758839834,5.194291388717981,2.7500663196835635,-10.768392755501385,-9.065291391976878,4.950335679545964,0.045894466090749715,-6.274772657016629,4.725779809066789,-1.2323882749336426,5.4412094486523825,4.9770298056566755,-4.790198201543101,3.365339557841765,7.509441047746394,7.13064342414289
0.3099380675445781,-0.6073519664531278,0.557864394221184,0.2238113083031404,-0.28401073673286964,-0.3032152431981527,-0.2549959274551869,1.1188688696366516,1.4589725648548428,0.8558702487755113,-0.42568471319241824,-0.14038947854196732,0.970904846592665,-0.7359492307197685,-0.5695858338009384,0.20962039947026695,0.2000005225826943,-1.4695125952855095,-0.09659863918506614,0.8989776505814816,0.8613009430574876,-0.39649725735469615,0.8061100166342774,-0.10006627470060757,0.3609147709489351,-0.18193078580620808,0.41706305670926336,0.12489966461128048,0.8584503835016112,0.745489102651395,-0.08695571748511507,-0.42045239816807145,-0.3811870971158836,0.745147439107209,-0.4981715375086761,-0.02033199682094912,0.5235563671602774,0.4613074841206937,0.8075034258309136,0.4286521821798048,0.06729932946598308,0.5470349655539816,0.5642956180769337,0.8863633386090662
-0.2431198680796263,0.2789617657582722,-0.2414144820448374,-0.005489838649830029,-0.028447092915339468,0.36187728456832163,0.3541354107079248,-0.9371187357994135,-1.26956359659967,-0.42568471319241824,0.29977437774477805,0.09172601229557217,-0.892585656242585,0.8503755637230507,0.5481892571007105,-0.585970569451939,-0.1611370611698323,1.3765044392139065,-0.12419272749825648,-0.9350601610459123,-0.5358070225350393,0.5153355433316089,-0.658696649686783,0.1534133906459404,-0.23920476107901512,0.5288415302578042,-0.3619732104930626,0.17699533424227037,-0.42835522498797474,-0.6757104834907208,-0.25207312331530274,0.7966072740151388,0.7475274880079807,-0.5517911769277594,0.09509240650263849,0.34240483621240386,-0.35431418373579887,0.08376814861728907,-0.5899420534785207,-0.3241918568555474,0.3108303973341754,-0.4450046379377585,-0.5873489623804087,-0.7121690164820531
-0.4082800480069344,0.7067344047744999,-0.0429706369555811,0.05674056195986228,-0.09034825157483221,0.5600041193136001,0.976785310805002,-1.7918013343685932,-2.509935533035216,-0.14038947854196732,0.09172601229557217,0.6412826599651672,-0.6664985231458134,1.1835248570763373,0.8382756974448641,-1.3474163464261464,-0.15232208272136558,1.7947031966873417,-0.2531421566710706,-2.205074808590588,0.6468491548839077,1.214324810789445,-0.6972499923429453,0.5105019183956812,-0.2935617134642595,1.4692310483047164,0.11858281676700301,0.6324612592778762,-0.32338868423030276,-0.7523982100921357,-0.32855798350935556,1.9837235124891832,1.5664413245043916,-0.8623790286206522,0.053524550337556924,1.2474256943943534,-1.0216743814126363,0.03910427606972816,-0.9928460721040254,-1.0957487444925558,0.8449557778711188,-0.4906617315789557,-1.4740375061425466,-1.2988537311639328
1.103287881886457,-0.8128388653307346,0.38651941433441805,-0.25762174326736803,0.5667489079908459,-1.7093493984929709,-2.0196743230311798,4.036927496570864,5.672639160305107,0.970904846592665,-0.892585656242585,-0.6664985231458134,3.4120211043504614,-3.8496782849666795,-2.3707316254603623,3.3335603950610406,0.6340666472736202,-5.826224469144591,0.9207284396573882,4.714414921586022,1.0208804951574584,-2.6892736465252796,2.495108955035087,-0.8812172114610021,0.8873066932791119,-3.1680186315934025,1.1051382386541684,-1.475498652383056,1.1189255599955514,2.7168131752048716,1.6074379386722069,-4.548664042440104,-4.127356847118103,2.327871158220639,0.1617164785731953,-2.374822088446904,1.6760292356563864,-0.9342772021202024,2.3917591832746985,1.6432888599796998,-2.0970614564863936,1.7195635573230459,2.881108743904827,3.0656768360991595
-1.4364572165438168,1.1731125627961143,-0.14487928906619463,0.4509791207683656,-0.8795902726232803,2.2073915761066547,2.9611747466746436,-5.438721799352,-7.687063846958397,-0.7359492307197685,0.8503755637230507,1.1835248570763373,-3.8496782849666795,4.925391667573989,3.058663717528887,-4.785549727397624,-0.7341063400031939,7.2678276816492104,-1.286856701570908,-6.646720243567742,-0.1324318507307274,3.841197402607466,-2.9620821635239634,1.3644122878716536,-1.0398312776757834,4.695589100786907,-0.9066387083050836,2.260985120961569,-1.0550444379644748,-3.2862210939706475,-2.145706146987828,6.56289676044429,5.74689168881211,-2.906807339069176,-0.4083264599841796,3.725233007380651,-2.436440595795611,1.3449894029778815,-3.0595447200413113,-2.5371046327719293,3.1122831770330213,-2.070277438233028,-4.190856128553,-4.0586536412971626
-0.9082758959227317,0.9668208449799316,-0.18944461753318034,0.2259643042481803,-0.4435304965873588,1.3700872298864128,1.8844973092543817,-3.601651793735791,-5.045937571844608,-0.5695858338009384,0.5481892571007105,0.8382756974448641,-2.3707316254603623,3.058663717528887,1.9582808262896247,-2.965627550336332,-0.45645581135832947,4.580055025166009,-0.7283532974161963,-4.296697740828222,-6.186950917807209e-4,2.4557875396798314,-1.9003149577094742,0.8975535213404167,-0.6843603125486223,2.954198145717719,-0.5020560870144738,1.3480519159346716,-0.7883786873731422,-2.071724838931053,-1.194385751409174,4.1077431887643305,3.540586089439633,-1.8772728110078807,-0.11894486445222303,2.3449046519193515,-1.6709891824119767,0.6629707887112032,-2.035623987054971,-1.7433038807200065,1.8825447961538262,-1.3216251893023416,-2.766267720919455,-2.6654143565574135
1.3355951928566314,-1.1518641184266496,-0.19301970671985252,-0.6209650690833557,1.0717716145345588,-2.159114022839021,-3.127167252798765,5.387112653952921,7.641873598797941,0.20962039947026695,-0.585970569451939,-1.3474163464261464,3.3335603950610406,-4.785549727397624,-2.965627550336332,5.119298298431598,0.6282419368948834,-6.817970949499873,1.3892373552780763,6.822114382434505,-0.790884832951739,-4.019996624848665,2.6491437328482657,-1.5102138573632193,0.8796454613308231,-5.110876379727635,0.5129343045143188,-2.5241463709715126,0.5961944864210668,3.0115754656032787,2.2279598428438696,-6.952048625513378,-5.970200506897984,2.6375319850089474,0.6898658179486102,-4.180894318016685,2.4731212156330016,-1.6439578303911355,2.8640690350347877,2.7062007347335273,-3.4375928433291456,1.859860238894924,4.421379295241236,3.928840807588241
0.25078413615041295,-0.16567199356194837,0.07158273092016863,-0.018067237150498988,0.08395409251482204,-0.3269605196304162,-0.4169130571714001,0.7993392303815373,1.1351352700464692,0.2000005225826943,-0.1611370611698323,-0.15232208272136558,0.6340666472736202,-0.7341063400031939,-0.45645581135832947,0.6282419368948834,0.13093325488864113,-1.1428442093652906,0.1639284855058407,0.9541517199054973,0.16162791696824508,-0.5308467103963204,0.4815428127998671,-0.16930530356862242,0.18699931582316764,-0.60025322685373,0.18555724077986957,-0.2885432615557216,0.24279853347842467,0.5225377850422435,0.2978602324354064,-0.8968158052126801,-0.8002049662220369,0.49390030057834244,-0.006063288916267313,-0.4647346517310369,0.36593275283235527,-0.10251141698651621,0.48612629993102535,0.3530080194220874,-0.386877905765711,0.3437512157064558,0.5659151416039392,0.6281390657057191
-2.244809392260069,1.9874554042178334,-0.4681175232998752,0.46846963701950367,-1.0456736185753566,3.2461449313184225,4.353025095879565,-8.260009749283043,-11.632569657286577,-1.4695125952855095,1.3765044392139065,1.7947031966873417,-5.826224469144591,7.2678276816492104,4.580055025166009,-6.817970949499873,-1.1428442093652906,10.974786690749085,-1.7293912474365067,-9.900243460424448,-0.5019061038687305,5.633076055020652,-4.558472774881799,1.9783021732092396,-1.6688437646559917,6.688683650169361,-1.4062061154261396,3.1257502739863146,-1.9536347404558416,-4.979629097923982,-2.939372071725403,9.494025827934072,8.27893574120122,-4.539413913035175,-0.25480127907507544,5.28541427137185,-3.7791038033675735,1.5101959997769985,-4.750698307478954,-3.873248007142008,4.318394507051932,-3.201443604982456,-6.216773156866171,-6.2261795787757634
0.3170174742514466,-0.009216863397673327,-0.17350237676597283,-0.24483736167072495,0.421634061897427,-0.5958529385082505,-0.7839571350721307,1.1623268076441533,1.7149258849979594,-0.09659863918506614,-0.12419272749825648,-0.2531421566710706,0.9207284396573882,-1.286856701570908,-0.7283532974161963,1.3892373552780763,0.1639284855058407,-1.7293912474365067,0.4843578322838909,1.6373377640292834,-0.1358623784764688,-0.9947361514091583,0.6203087010102729,-0.3477928290930633,0.1857213049553008,-1.3520544486691268,0.21344218324711056,-0.7671675281506231,-0.021140726026735224,0.7607666081363349,0.7751748880963771,-1.8372133100696255,-1.6631041981687502,0.6242337692363872,0.3703687985700896,-1.0858524624127999,0.4826730920777822,-0.6734327202215499,0.6123912606610757,0.5135656523804423,-0.9984740078554563,0.43177618509427734,0.9776704028503177,0.8636678777185143
2.0855550564312257,-2.2842198624518946,0.16644862647409495,-0.5088001161359673,0.9910297216960071,-3.0188930164512917,-4.483332576478801,8.16728751794852,11.51470565550365,0.8989776505814816,-0.9350601610459123,-2.205074808590588,4.714414921586022,-6.646720243567742,-4.296697740828222,6.822114382434505,0.9541517199054973,-9.900243460424448,1.6373377640292834,10.035232073327107,-1.0383357120477679,-5.7047482770948355,3.963863823636327,-2.156084297304452,1.4763231936720485,-6.932326467734575,0.6146961310261542,-3.229782289672506,1.5249374678635146,4.364984361842163,2.6007735423410314,-9.601535062955511,-8.098421410763786,4.207404000065956,0.2938743608148942,-5.67069283817387,4.039124260141926,-1.3139577670230413,4.553878450959386,4.276038240326676,-4.384946560837017,2.795994676932178,6.471344606649893,6.046188034428508
0.010395145932671606,0.34871978144431665,0.5551367502886314,0.18868828000661186,-0.18867883609051758,-0.0030028608167103382,0.6148617404255379,-0.4716621420292712,-0.725114560330356,0.8613009430574876,-0.5358070225350393,0.6468491548839077,1.0208804951574584,-0.1324318507307274,-6.186950917807209e-4,-0.790884832951739,0.16162791696824508,-0.5019061038687305,-0.1358623784764688,-1.0383357120477679,2.1564481366676778,0.6454382217641194,0.46763905190644095,0.4207375146427104,0.17200934891435138,1.0580208126109896,0.9600305874341499,0.5762052760817962,0.6265726674511828,0.41600417697315656,-0.011478674745916073,1.1698083962148569,0.6722669007849369,0.14352842474979388,-0.27973586461830063,1.1389910203468359,-0.5657400326590788,0.13694423248234092,-0.015008483250538066,-0.8048057955390147,0.6574612758034257,0.29111065820782206,-0.8719522349816068,-0.21261761215157368
-1.1573540587055835,1.219644014994241,-0.009285922282687202,0.36491333470062237,-0.6708977978061076,1.7330024168710758,2.5728968535898975,-4.616723242667016,-6.508601625985261,-0.39649725735469615,0.5153355433316089,1.214324810789445,-2.6892736465252796,3.841197402607466,2.4557875396798314,-4.019996624848665,-0.5308467103963204,5.633076055020652,-0.9947361514091583,-5.7047482770948355,0.6454382217641194,3.292860566844261,-2.2387223889176013,1.2468976281705395,-0.7978116415473093,4.0614007271553465,-0.3565742875923169,1.921049724044359,-0.7421704032042232,-2.4860481500813725,-1.5896293651131088,5.576203424723172,4.720076565768043,-2.3061427652440187,-0.29692724912100693,3.327771949207935,-2.224451950590932,0.9551656510881567,-2.5204300260065158,-2.3930754775459886,2.6206844909396234,-1.578336554091316,-3.713960325758935,-3.3895288450035936
0.9080574063532414,-0.9511809349723327,0.3506879938248715,-0.13216512446590079,0.32491510371826554,-1.3069350722402695,-1.6950652435958524,3.4514999623861624,4.803978857225932,0.8061100166342774,-0.658696649686783,-0.6972499923429453,2.495108955035087,-2.9620821635239634,-1.9003149577094742,2.6491437328482657,0.4815428127998671,-4.558472774881799,0.6203087010102729,3.963863823636327,0.46763905190644095,-2.2387223889176013,1.9661848255689438,-0.781616904828592,0.7213389699550704,-2.58577723559622,0.6688749287307633,-1.1269633720919685,0.9779451161690063,2.1025571708102295,1.078001953021176,-3.6859755893360604,-3.2182152555826518,1.8825918621540738,-0.03211397910123862,-1.9997006741730865,1.5477131164210536,-0.4906006688833351,2.0110526725543103,1.572850588316994,-1.618464545576472,1.3680037193264978,2.5263306461776223,2.590188349883955
-0.39112076812418933,0.5493173857339788,0.004945517536300586,0.14993446285416984,-0.23464320972018368,0.6191753152783114,0.9674424888716493,-1.757490286516957,-2.4572916989953497,-0.10006627470060757,0.1534133906459404,0.5105019183956812,-0.8812172114610021,1.3644122878716536,0.8975535213404167,-1.5102138573632193,-0.16930530356862242,1.9783021732092396,-0.3477928290930633,-2.156084297304452,0.4207375146427104,1.2468976281705395,-0.781616904828592,0.501089667759935,-0.2727270998453459,1.5602448560262396,-0.04103307741397769,0.7083609976461074,-0.24187107283119821,-0.863812324129109,-0.5231894892253471,2.0880987713098436,1.725625615720714,-0.8049239853691759,-0.10575310786308138,1.2934340875314518,-0.86951112448137,0.3434115671948704,-0.9323463615105562,-0.9616597415553305,0.984864634955976,-0.5435638820894644,-1.454863290289786,-1.2563855642707191
0.370505001105097,-0.39140635051993794,0.16997016624650943,0.012639620954894019,0.044699314975696784,-0.46703468526020014,-0.624579636982717,1.2832671114324259,1.7967779441935348,0.3609147709489351,-0.23920476107901512,-0.2935617134642595,0.8873066932791119,-1.0398312776757834,-0.6843603125486223,0.8796454613308231,0.18699931582316764,-1.6688437646559917,0.1857213049553008,1.4763231936720485,0.17200934891435138,-0.7978116415473093,0.7213389699550704,-0.2727270998453459,0.2962093729554779,-0.8731269694464291,0.22034270424380295,-0.37117693876267027,0.4388735074804212,0.7609394113975901,0.3269044521381386,-1.2947568907567668,-1.1162882618030157,0.7646194168903361,-0.10466301805068959,-0.677632054123878,0.6330714602197459,-0.015315176722616378,0.7870158762059118,0.6163625503572941,-0.5111890864935785,0.5095383122924451,0.9065158603255716,0.9922988197572352
-1.3120353683411214,1.307602660597853,0.18257114265366184,0.6028350351267837,-1.0117096478316931,2.134971546652217,3.1668859215877956,-5.478338167171288,-7.757960800095129,-0.18193078580620808,0.5288415302578042,1.4692310483047164,-3.1680186315934025,4.695589100786907,2.954198145717719,-5.110876379727635,-0.60025322685373,6.688683650169361,-1.3520544486691268,-6.932326467734575,1.0580208126109896,4.0614007271553465,-2.58577723559622,1.5602448560262396,-0.8731269694464291,5.170612670545183,-0.3712728257026635,2.517716243061953,-0.5985732209072878,-2.9338136569361986,-2.110853673401191,6.981905165347508,5.938360370128041,-2.6368979920561397,-0.6323167420936296,4.245534267129016,-2.5979883062956204,1.52959612500668,-2.9121992107766146,-2.842702048789757,3.4227689943109563,-1.8073091779293693,-4.528131576947499,-3.969197835477059
0.21205555842702287,0.05530141772941209,0.2106824759315151,-0.04803837607868621,0.1388016078596104,-0.38723864155157245,-0.21833943314323712,0.6249433641129756,0.8741807214064654,0.41706305670926336,-0.3619732104930626,0.11858281676700301,1.1051382386541684,-0.9066387083050836,-0.5020560870144738,0.5129343045143188,0.18555724077986957,-1.4062061154261396,0.21344218324711056,0.6146961310261542,0.9600305874341499,-0.3565742875923169,0.6688749287307633,-0.04103307741397769,0.22034270424380295,-0.3712728257026635,0.5956478342681639,-0.1810622269909279,0.35569159633223524,0.7196478403162154,0.4360586742064166,-0.6235145024798504,-0.7296224701314126,0.49703165438093505,0.046485145097423866,-0.15479136344268193,0.09207662955624808,-0.30970092874964966,0.44571775859549567,0.005005740573075042,-0.3031146881754634,0.4443307544683853,0.2803132267666871,0.5174351901107829
-0.6446090106534313,0.30574955224289824,0.27536587183543737,0.3522519703618559,-0.6310770363023125,1.0398403391326088,1.5378959419354459,-2.3702658832957875,-3.445719182224442,0.12489966461128048,0.17699533424227037,0.6324612592778762,-1.475498652383056,2.260985120961569,1.3480519159346716,-2.5241463709715126,-0.2885432615557216,3.1257502739863146,-0.7671675281506231,-3.229782289672506,0.5762052760817962,1.921049724044359,-1.1269633720919685,0.7083609976461074,-0.37117693876267027,2.517716243061953,-0.1810622269909279,1.357951294857158,-0.07444327006400418,-1.3446802601831962,-1.2225267336808239,3.4375470945010806,2.9830998825832546,-1.2141647117896581,-0.49228180837039476,2.0899569466340022,-1.1146380111004457,0.9288185245706172,-1.2446210999965752,-1.2144097111429937,1.7624814832939424,-0.8076224482610517,-2.0135186831029026,-1.756808166157991
0.44389299007007144,-0.7714435868183797,0.5332292930153226,0.21068831130826549,-0.2484622630320819,-0.45372851568784445,-0.5472364911486666,1.5961010894760062,2.1415724758839834,0.8584503835016112,-0.42835522498797474,-0.32338868423030276,1.1189255599955514,-1.0550444379644748,-0.7883786873731422,0.5961944864210668,0.24279853347842467,-1.9536347404558416,-0.021140726026735224,1.5249374678635146,0.6265726674511828,-0.7421704032042232,0.9779451161690063,-0.24187107283119821,0.4388735074804212,-0.5985732209072878,0.35569159633223524,-0.07444327006400418,0.9225935742014332,0.9377351082869937,0.023711464580987725,-1.0029257847449446,-0.8348041899608534,0.9887005169336767,-0.502678730326195,-0.3934657657177631,0.8098714292740147,0.4577118648658469,1.0667748702284678,0.7408942581160772,-0.1823982927964002,0.679025723727257,0.9706234738704246,1.2450498543764643
0.9911125400033209,-0.9029091731401566,0.275560259185973,-0.20440886025734256,0.4538617860018072,-1.45962223746155,-1.8976365480741435,3.704347059210699,5.194291388717981,0.745489102651395,-0.6757104834907208,-0.7523982100921357,2.7168131752048716,-3.2862210939706475,-2.071724838931053,3.0115754656032787,0.5225377850422435,-4.979629097923982,0.7607666081363349,4.364984361842163,0.41600417697315656,-2.4860481500813725,2.1025571708102295,-0.863812324129109,0.7609394113975901,-2.9338136569361986,0.7196478403162154,-1.3446802601831962,0.9377351082869937,2.282824406765458,1.3056197625376529,-4.165983572746267,-3.6590708977582898,2.0335576384457883,0.09093351744516837,-2.2847285464619067,1.6506186836790375,-0.6890526914514854,2.1412023185551217,1.6815193854836754,-1.889996170191119,1.4663848804489752,2.7489926923193635,2.785718034229445
0.5756296823426026,0.06093792489427971,-0.26916487757610313,-0.36657636110154945,0.6869296748504682,-0.9701668009856926,-1.2577537134882462,1.8599873134825842,2.7500663196835635,-0.08695571748511507,-0.25207312331530274,-0.32855798350935556,1.6074379386722069,-2.145706146987828,-1.194385751409174,2.2279598428438696,0.2978602324354064,-2.939372071725403,0.7751748880963771,2.6007735423410314,-0.011478674745916073,-1.5896293651131088,1.078001953021176,-0.5231894892253471,0.3269044521381386,-2.110853673401191,0.4360586742064166,-1.2225267336808239,0.023711464580987725,1.3056197625376529,1.3106483366893473,-2.946839593103191,-2.6911501203033947,1.0522329681846987,0.5785010548961786,-1.7002015525623746,0.7267317014278318,-1.0785111597153536,0.9876847889555826,0.7716015116292522,-1.58925444263344,0.771950172927145,1.5274802972526755,1.4205664183516171
-1.9580348236857033,1.721121096305504,0.1927269599959993,0.7245191957877403,-1.3250044042668745,2.977603853435423,4.390015079444426,-7.575074317984906,-10.768392755501385,-0.42045239816807145,0.7966072740151388,1.9837235124891832,-4.548664042440104,6.56289676044429,4.1077431887643305,-6.952048625513378,-0.8968158052126801,9.494025827934072,-1.8372133100696255,-9.601535062955511,1.1698083962148569,5.576203424723172,-3.6859755893360604,2.0880987713098436,-1.2947568907567668,6.981905165347508,-0.6235145024798504,3.4375470945010806,-1.0029257847449446,-4.165983572746267,-2.946839593103191,9.603248998115768,8.19610775651661,-3.844570872199624,-0.7487139157104593,5.7414986522120675,-3.618688276066919,1.9065866291665776,-4.108977475187807,-3.8986643890678443,4.621479098815969,-2.6110355732598136,-6.155171698152223,-5.591832426612088
-1.6754246258445178,1.253031700740227,0.17296998501173047,0.6610648409522186,-1.2242664884405445,2.609446121027277,3.7054802376095153,-6.351731614138867,-9.065291391976878,-0.3811870971158836,0.7475274880079807,1.5664413245043916,-4.127356847118103,5.74689168881211,3.540586089439633,-5.970200506897984,-0.8002049662220369,8.27893574120122,-1.6631041981687502,-8.098421410763786,0.6722669007849369,4.720076565768043,-3.2182152555826518,1.725625615720714,-1.1162882618030157,5.938360370128041,-0.7296224701314126,2.9830998825832546,-0.8348041899608534,-3.6590708977582898,-2.6911501203033947,8.19610775651661,7.102361795979283,-3.3091000556066414,-0.745006390613756,4.827441221630318,-2.9544977264932824,1.8123396047721503,-3.476167226805437,-3.1428054490853086,3.995888990110902,-2.2699007639230318,-5.110244416946157,-4.715099443090009
1.0160975310670681,-0.9488019279783003,0.28411345471183413,-0.05609834244741247,0.25890041856157425,-1.3232977988939727,-1.8330100981989759,3.497018764364953,4.950335679545964,0.745147439107209,-0.5517911769277594,-0.8623790286206522,2.327871158220639,-2.906807339069176,-1.8772728110078807,2.6375319850089474,0.49390030057834244,-4.539413913035175,0.6242337692363872,4.207404000065956,0.14352842474979388,-2.3061427652440187,1.8825918621540738,-0.8049239853691759,0.7646194168903361,-2.6368979920561397,0.49703165438093505,-1.2141647117896581,0.9887005169336767,2.0335576384457883,1.0522329681846987,-3.844570872199624,-3.3091000556066414,2.0625690033923094,-0.10950068956377926,-2.0970350594906133,1.7507195983355033,-0.2376296529099861,2.101148843750067,1.7327940440747793,-1.6171168909396874,1.3376552330699476,2.5666123389851077,2.698154921929064
-0.03020751223548585,0.4360103318215849,-0.3873499666833841,-0.3131792745414096,0.4638791093629638,-0.1966635160853871,-0.23136802657424793,-0.03573754640377463,0.045894466090749715,-0.4981715375086761,0.09509240650263849,0.053524550337556924,0.1617164785731953,-0.4083264599841796,-0.11894486445222303,0.6898658179486102,-0.006063288916267313,-0.25480127907507544,0.3703687985700896,0.2938743608148942,-0.27973586461830063,-0.29692724912100693,-0.03211397910123862,-0.10575310786308138,-0.10466301805068959,-0.6323167420936296,0.046485145097423866,-0.49228180837039476,-0.502678730326195,0.09093351744516837,0.5785010548961786,-0.7487139157104593,-0.745006390613756,-0.10950068956377926,0.5655676383618965,-0.5331613054931089,-0.15617020250781383,-0.8164598942382905,-0.150194979241018,-0.09281851280412624,-0.6266736339273592,-0.029229816567493752,0.15439174036802214,-0.06910640212896471
-1.0820780012660591,1.0595342238348922,0.24535792240599713,0.491247361500416,-0.8325362492544747,1.6926344186027775,2.6241640991661686,-4.419184674385019,-6.274772657016629,-0.02033199682094912,0.34240483621240386,1.2474256943943534,-2.374822088446904,3.725233007380651,2.3449046519193515,-4.180894318016685,-0.4647346517310369,5.28541427137185,-1.0858524624127999,-5.67069283817387,1.1389910203468359,3.327771949207935,-1.9997006741730865,1.2934340875314518,-0.677632054123878,4.245534267129016,-0.15479136344268193,2.0899569466340022,-0.3934657657177631,-2.2847285464619067,-1.7002015525623746,5.7414986522120675,4.827441221630318,-2.0970350594906133,-0.5331613054931089,3.5495006352639407,-2.1424041025097704,1.2107343040126155,-2.3108133352156264,-2.3810401621454766,2.815639684286575,-1.4197494049249682,-3.721633302770812,-3.205919494151747
0.8486867923488622,-1.2134797500901906,0.2136590959562653,-0.057362011879604664,0.1643124049637,-1.1172264270740577,-1.7650969381819792,3.380046676847303,4.725779809066789,0.5235563671602774,-0.35431418373579887,-1.0216743814126363,1.6760292356563864,-2.436440595795611,-1.6709891824119767,2.4731212156330016,0.36593275283235527,-3.7791038033675735,0.4826730920777822,4.039124260141926,-0.5657400326590788,-2.224451950590932,1.5477131164210536,-0.86951112448137,0.6330714602197459,-2.5979883062956204,0.09207662955624808,-1.1146380111004457,0.8098714292740147,1.6506186836790375,0.7267317014278318,-3.618688276066919,-2.9544977264932824,1.7507195983355033,-0.15617020250781383,-2.1424041025097704,1.8082140240975964,-0.09061730668733871,1.9357142967271033,1.8873063790406663,-1.5102709154119651,1.0943730602042863,2.6389552480545846,2.506626747086985
-0.12203694854700294,-0.3415769147556458,0.41011683310565006,0.5137988686975694,-0.756905238350142,0.6018302783058797,0.68652972392981515,-0.8209404918198032,-1.2323882749336426,0.4613074841206937,0.08376814861728907,0.03910427606972816,-0.9342772021202024,1.3449894029778815,0.6629707887112032,-1.6439578303911355,-0.10251141698651621,1.5101959997769985,-0.6734327202215499,-1.3139577670230413,0.13694423248234092,0.9551656510881567,-0.4906006688833351,0.3434115671948704,-0.015315176722616378,1.52959612500668,-0.30970092874964966,0.9288185245706172,0.4577118648658469,-0.6890526914514854,-1.0785111597153536,1.9065866291665776,1.8123396047721503,-0.2376296529099861,-0.8164598942382905,1.2107343040126155,-0.09061730668733871,1.3868108970961,-0.26824599855893644,-0.20500282967220332,1.288745776589834,-0.3113253223233872,-0.8521038559894393,-0.511264960593892
0.9978902975124728,-1.2640613789506416,0.3641628662615856,-0.08623210262619053,0.24067243208463407,-1.3819945294845093,-1.9535487139275773,3.901339519418089,5.4412094486523825,0.8075034258309136,-0.5899420534785207,-0.9928460721040254,2.3917591832746985,-3.0595447200413113,-2.035623987054971,2.8640690350347877,0.48612629993102535,-4.750698307478954,0.6123912606610757,4.553878450959386,-0.015008483250538066,-2.5204300260065158,2.0110526725543103,-0.9323463615105562,0.7870158762059118,-2.9121992107766146,0.44571775859549567,-1.2446210999965752,1.0667748702284678,2.1412023185551217,0.9876847889555826,-4.108977475187807,-3.476167226805437,2.101148843750067,-0.150194979241018,-2.3108133352156264,1.9357142967271033,-0.26824599855893644,2.280099234581596,1.9745819260101938,-1.7358737991551663,1.4022096797611039,2.92402850587531,2.914867310590025
0.8553835021913816,-1.3115440970375396,0.15031754000590364,-0.11594802228086669,0.22652777264112928,-1.1507503406041244,-1.8870385608590057,3.5750271440995376,4.9770298056566755,0.4286521821798048,-0.3241918568555474,-1.0957487444925558,1.6432888599796998,-2.5371046327719293,-1.7433038807200065,2.7062007347335273,0.3530080194220874,-3.873248007142008,0.5135656523804423,4.276038240326676,-0.8048057955390147,-2.3930754775459886,1.572850588316994,-0.9616597415553305,0.6163625503572941,-2.842702048789757,0.005005740573075042,-1.2144097111429937,0.7408942581160772,1.6815193854836754,0.7716015116292522,-3.8986643890678443,-3.1428054490853086,1.7327940440747793,-0.09281851280412624,-2.3810401621454766,1.8873063790406663,-0.20500282967220332,1.9745819260101938,2.036041566782483,-1.6766606643279651,1.1150319621407467,2.8723094823337294,2.608620424141168
-0.8305017064386658,0.5635104569519842,0.2743254765289598,0.49293749680634696,-0.8278568743450129,1.4137254872864158,2.049458089361216,-3.3455800750531437,-4.790198201543101,0.06729932946598308,0.3108303973341754,0.8449557778711188,-2.0970614564863936,3.1122831770330213,1.8825447961538262,-3.4375928433291456,-0.386877905765711,4.318394507051932,-0.9984740078554563,-4.384946560837017,0.6574612758034257,2.6206844909396234,-1.618464545576472,0.984864634955976,-0.5111890864935785,3.4227689943109563,-0.3031146881754634,1.7624814832939424,-0.1823982927964002,-1.889996170191119,-1.58925444263344,4.621479098815969,3.995888990110902,-1.6171168909396874,-0.6266736339273592,2.815639684286575,-1.5102709154119651,1.288745776589834,-1.7358737991551663,-1.6766606643279651,2.3703526293641444,-1.1373461631906523,-2.819192054382427,-2.430288106365024
0.6721809298733221,-0.6381024343577774,0.2158442711842394,-0.07572769851674152,0.22835005100585037,-0.9091385651532319,-1.2127140157702996,2.407657769513413,3.365339557841765,0.5470349655539816,-0.4450046379377585,-0.4906617315789557,1.7195635573230459,-2.070277438233028,-1.3216251893023416,1.859860238894924,0.3437512157064558,-3.201443604982456,0.43177618509427734,2.795994676932178,0.29111065820782206,-1.578336554091316,1.3680037193264978,-0.5435638820894644,0.5095383122924451,-1.8073091779293693,0.4443307544683853,-0.8076224482610517,0.679025723727257,1.4663848804489752,0.771950172927145,-2.6110355732598136,-2.2699007639230318,1.3376552330699476,-0.029229816567493752,-1.4197494049249682,1.0943730602042863,-0.3113253223233872,1.4022096797611039,1.1150319621407467,-1.1373461631906523,0.9676605902260778,1.7680008111096401,1.8275185004002619
1.2610291885829366,-1.7112881434712977,0.14189697551704114,-0.3494205181364876,0.6034179010361108,-1.8801958772304737,-2.873480266353653,5.387316976310309,7.509441047746394,0.5642956180769337,-0.5873489623804087,-1.4740375061425466,2.881108743904827,-4.190856128553,-2.766267720919455,4.421379295241236,0.5659151416039392,-6.216773156866171,0.9776704028503177,6.471344606649893,-0.8719522349816068,-3.713960325758935,2.5263306461776223,-1.454863290289786,0.9065158603255716,-4.528131576947499,0.2803132267666871,-2.0135186831029026,0.9706234738704246,2.7489926923193635,1.5274802972526755,-6.155171698152223,-5.110244416946157,2.5666123389851077,0.15439174036802214,-3.721633302770812,2.6389552480545846,-0.8521038559894393,2.92402850587531,2.8723094823337294,-2.819192054382427,1.7680008111096401,4.339018438574881,3.89985487857036
1.3297283430304978,-1.5579066309185685,0.33298842677200247,-0.17511410633859736,0.4255714121118998,-1.8218226863643707,-2.6438800030335177,5.096516592899425,7.13064342414289,0.8863633386090662,-0.7121690164820531,-1.2988537311639328,3.0656768360991595,-4.0586536412971626,-2.6654143565574135,3.928840807588241,0.6281390657057191,-6.2261795787757634,0.8636678777185143,6.046188034428508,-0.21261761215157368,-3.3895288450035936,2.590188349883955,-1.2563855642707191,0.9922988197572352,-3.969197835477059,0.5174351901107829,-1.756808166157991,1.2450498543764643,2.785718034229445,1.4205664183516171,-5.591832426612088,-4.715099443090009,2.698154921929064,-0.06910640212896471,-3.205919494151747,2.506626747086985,-0.511264960593892,2.914867310590025,2.608620424141168,-2.430288106365024,1.8275185004002619,3.89985487857036,3.806317263534212
