V1,V2,V3,V4,V5,V6,V7,V8,V9,V10,V11,V12,V13,V14,V15,V16,V17,V18,V19,V20,V21,V22,V23,V24,V25,V26,V27,V28,V29,V30,V31,V32,V33,V34,V35,V36,V37,V38,V39,V40,V41,V42,V43,V44
8.18244737424563,-7.020018282884292,3.4010965149348382,4.030641018473546,4.1816703716409105,-0.13959977512298177,3.268408223145495,4.535058191627026,0.12357261215012885,1.2191338772232576,8.791854544143728,4.021600675355334,-4.7024105659242474,6.239693580249571,6.5523723048577445,1.520966322002306,-7.498067901686332,-2.2903668917693993,6.453274185410012,-8.504894033252334,-1.3082307451397202,-3.8120802300973007,5.705657047459486,-1.0550018138878141,-1.1726150092722347,3.1938134370281115,2.047221699604382,-3.0734344114520638,3.5951674832708855,-1.3910650660137278,2.28343911158513,2.2739040192871816,2.217530606134392,4.196190661546697,-1.20843521841084,2.7058691865353595,-4.927761609488016,-0.06922425133434688,1.5667894291794477,-1.8691785128358553,0.632256966578362,5.716156008765003,-5.2277901245247635,-0.8333312542963102
-7.020018282884292,6.488281241919173,-3.113973598653711,-3.9289699742690956,-3.2330048660081965,0.3872379371282795,-3.2371804407434666,-4.026067999171664,-0.15106107240403094,-0.9456970533705149,-7.640074803835205,-3.264665466646394,3.6337697866873415,-5.590727766684989,-5.9600033360462605,-1.2495065864622819,6.769237941439005,1.8814250711381104,-6.086987203970103,7.537248621229757,1.2863430961003623,3.6839776083917757,-4.4557135713471245,0.8991569894165138,1.204451213928864,-3.2767885400810237,-1.909028636294468,2.1289646907498705,-3.149194641491456,1.089151500988947,-1.997619191705633,-1.8144093008164979,-2.3224824496830814,-4.1254753876497015,1.1431326965797028,-2.6353693846966246,4.240763836607281,-0.08413252337572628,-1.71350919272088,1.7415920915631251,-0.9026231374673332,-4.6064176716321725,4.920660374588626,0.5220180660802295
3.4010965149348382,-3.113973598653711,1.6611333365132739,1.703784043350969,1.6218863635188707,-0.09748480122606332,1.5140199342949348,1.96725488115091,0.09076641227638713,0.729324621404373,3.6515873698169377,1.6111044735268232,-2.006603336044978,2.7050235795643625,2.7056603240136163,0.5646212979326871,-3.1255004268714814,-0.8332076486160926,2.709875909788219,-3.678016502189539,-0.5794051643076472,-1.6131267586732936,2.2835034580661913,-0.36199858216644054,-0.509116448075439,1.6223129471443056,0.8630105068739876,-1.2792268570989143,1.5534968948242003,-0.6055646969316063,0.824697073422751,0.9926759535839087,1.0781176480901027,1.8588011547301284,-0.48687735778742885,1.29570004746991,-2.1219769315787116,0.14041979556220016,0.8054104512141187,-0.6935853157511651,0.38058469932728695,2.3161795593882126,-2.2682946326860955,-0.29127096937167773
4.030641018473546,-3.9289699742690956,1.703784043350969,2.842186376866682,1.7115739505888197,-0.4120350641041109,2.213625054062619,2.3670016309649933,0.04947002093216709,0.08988064013344867,4.471483522888988,1.9972105703311,-1.7118251951440044,3.3570910137795393,3.9255787714408954,0.6055938912973992,-4.340746688967229,-1.2682323357682992,4.0097702948961365,-4.393476805605419,-1.0493299124814925,-2.486285805951478,2.3425961946866654,-0.6092783544846112,-0.8308840159424766,2.078073905725761,1.163758837312903,-0.7989208188102269,1.8459159317965466,-0.5181624071153019,1.448693195378111,1.0425277263768853,1.7507688773307903,2.658755130592849,-0.7658681432237878,1.7082106248086881,-2.2860075325071945,0.05578907562785767,1.0903368360532764,-1.123963705642449,0.9024187746841809,2.576929392659099,-3.1234511669707525,-0.06898614676327228
4.1816703716409105,-3.2330048660081965,1.6218863635188707,1.7115739505888197,2.4951113543138366,0.10224245159500979,1.4349269100778332,2.244730767219084,0.019572025010878683,0.6654373950921689,4.419214546926007,2.296826325401,-2.775042108414539,3.0361791100965094,3.1373490221034057,0.8160408942552966,-3.638526647226466,-1.2613263304112368,2.9583583130380635,-4.198731589794525,-0.7557062875974156,-1.7104812542038628,3.19926599665283,-0.5075076919918959,-0.4600004433652587,1.293737333462808,0.9032681361551114,-2.129824816960036,1.7218652079293146,-0.8217216333969782,1.2553766820358747,1.2552804918061338,0.8744167819177461,1.722530404884727,-0.40705175647620095,1.1845734837111157,-2.5601058212748025,-0.16902177957059766,0.5282972541334836,-0.7892526900179933,0.07273376294788386,3.1821118948315203,-2.378976911335296,-0.5004016102267792
-0.13959977512298177,0.3872379371282795,-0.09748480122606332,-0.4120350641041109,0.10224245159500979,0.28471275785350736,-0.39376580371891695,-0.15602671745043425,-0.006861507402093289,0.2580125833036165,-0.292058362861229,0.03951610174440118,-0.30050490727836787,-0.24484310914739243,-0.4405122097745032,-0.1503896033261894,0.47085852439332976,1.0640250171012812e-4,-0.7251940551187501,0.3126844642323673,0.2905308901832478,0.5211273837813297,0.3294106351028789,0.04279433167109747,0.22359484496048715,-0.3634460366800445,-0.16501960123351633,-0.27185758118611203,0.024515451753495426,-0.08389626490592342,-0.2639809983036017,0.24645177753425632,-0.27094280577950236,-0.5180865391138458,-0.024453980473866283,-0.20374703305789538,0.14948708516993725,0.08948044115708557,-0.28297743157848726,0.2124133367310584,-0.180214627355803,0.18291041417380782,0.4625293291423797,-0.11337326969182483
3.268408223145495,-3.2371804407434666,1.5140199342949348,2.213625054062619,1.4349269100778332,-0.39376580371891695,1.949002405446027,1.9879990375707106,0.04021803108491251,0.152334078687168,3.6205665077576206,1.635829928203081,-1.429307835768137,2.7444071765987292,3.163919495866978,0.5444800926841429,-3.5332418656846514,-0.958133526735054,3.371157768012159,-3.65988242173455,-1.0581056706619272,-2.161065560014382,1.7338166236672692,-0.40918460634739734,-0.6985853744777497,1.8715134305034398,0.9310577049925614,-0.8593534422808675,1.4166662759944704,-0.4404289920611986,1.2567268634490527,0.7552180670914574,1.5038820910722817,2.2326008681015774,-0.4581382186109778,1.4901077864446959,-1.9825382834800818,0.05124319372954573,0.9948083532583146,-0.8912787831936334,0.7205672386879026,2.008863435018874,-2.622285980231748,-7.524534531960386e-4
4.535058191627026,-4.026067999171664,1.96725488115091,2.3670016309649933,2.244730767219084,-0.15602671745043425,1.9879990375707106,2.605737360670819,0.08500880504339796,0.6345531137315842,4.898069860250527,2.259274184665142,-2.5127588347060534,3.5255213477462024,3.7730943963977954,0.7970629007906058,-4.304665652409155,-1.2841668789279719,3.767225883956237,-4.813820043240678,-0.8599333522120765,-2.2987480575633596,3.000932424284169,-0.5387635841520734,-0.6882803070088775,1.9724477128440903,1.1584543673208965,-1.639228141687344,2.00759742536139,-0.7511227149832113,1.3443528529559843,1.2628644485030482,1.4588057808615162,2.4871369460219306,-0.6796196443551772,1.6379940382609153,-2.7765432211692356,0.017566255081785834,0.9862364535449591,-1.0597548842587998,0.4796653651886939,3.102104488872536,-3.0379742863660795,-0.3603070035866581
0.12357261215012885,-0.15106107240403094,0.09076641227638713,0.04947002093216709,0.019572025010878683,-0.006861507402093289,0.04021803108491251,0.08500880504339796,0.029816550512765393,0.07539538504979312,0.13775293517318155,0.02301740457039516,-0.05748620286072007,0.11970459428799123,0.08347028194949037,0.01575852761269789,-0.10755415910046227,0.003584232701206919,0.08442796918709765,-0.15800313612612168,0.03471160322097519,-0.04880552656005341,0.05913012267880045,-0.0014352737198784988,-0.014941794958843522,0.09620602673557334,0.050786974315689445,0.0032792385629719393,0.08376558359785079,-0.012399068730335378,-0.019669439922011558,0.044750562252437925,0.052152161805774186,0.10719228998545532,-0.054526923503847434,0.05910700724314845,-0.10211072321318801,0.033584425483130995,0.05605487287218925,-0.035012213954009906,0.016059525994923666,0.0641015915753246,-0.09333778895954394,-0.02341896945409008
1.2191338772232576,-0.9456970533705149,0.729324621404373,0.08988064013344867,0.6654373950921689,0.2580125833036165,0.152334078687168,0.6345531137315842,0.07539538504979312,0.8550054041009638,1.1469095202152073,0.48237756813772553,-1.2023327789094294,0.8552561596212143,0.42518381167155356,0.12120457001837143,-0.5877516668997105,-0.14192560544321764,0.22626063615153183,-1.214221300732552,0.23653108812060947,-0.009373810741675825,1.221047510150667,-0.04433728647268157,0.020728377091732756,0.39369343857880196,0.20739125737469372,-0.8228491052893319,0.6542305446355337,-0.3615581525950664,-0.1802324885666243,0.5867375551454498,0.03286980629035557,0.25521583269022136,-0.19882632544796794,0.317843517493955,-0.786197252280752,0.22511323653962811,0.13437773167813608,-0.01519652401741491,-0.12343064291561708,1.0258404937112198,-0.42507535756353965,-0.3127899948451937
8.791854544143728,-7.640074803835205,3.6515873698169377,4.471483522888988,4.419214546926007,-0.292058362861229,3.6205665077576206,4.898069860250527,0.13775293517318155,1.1469095202152073,9.571604200475102,4.260885814505832,-4.871797016268763,6.761788708406237,7.198329959153494,1.7603492097880193,-8.237464443821768,-2.4279193251860196,7.240965732489972,-9.222131983123495,-1.4863306734663717,-4.295472212805674,5.960371086560544,-1.17047136477863,-1.3693252338856143,3.509034177897147,2.272417017857763,-3.126090880972481,3.8138794727310383,-1.4379939936528623,2.5626202658711885,2.272806294570558,2.416301954113087,4.730988612314489,-1.2723378509405054,2.9247455969179,-5.358584730549817,-0.17752531890089918,1.7781869786181144,-2.112215536026429,0.6994811550655391,6.011532132102223,-5.779210058494469,-0.8903484177787483
4.021600675355334,-3.264665466646394,1.6111044735268232,1.9972105703311,2.296826325401,0.03951610174440118,1.635829928203081,2.259274184665142,0.02301740457039516,0.48237756813772553,4.260885814505832,2.433885172508831,-2.5364787465383176,3.0547242131769794,3.354748874685702,0.5662732283628492,-3.8064727147168864,-1.357311171213316,3.0519590477846457,-4.1226512700651385,-0.9033004705046572,-1.8217888752541391,3.010727407326878,-0.48249787712006337,-0.4401348550021463,1.446013901228376,0.873552440897161,-1.8455823584083257,1.7906441276107583,-0.7378986620601085,1.3452374489641181,1.4485911898474064,1.3351325076889806,1.825401153323755,-0.5483709345603941,1.389197593528539,-2.382793404147447,0.009661478254515538,0.5669316814900585,-0.7552335491369105,0.4164649987645706,3.1186669025681413,-2.430482135433776,-0.29361085795798525
-4.7024105659242474,3.6337697866873415,-2.006603336044978,-1.7118251951440044,-2.775042108414539,-0.30050490727836787,-1.429307835768137,-2.5127588347060534,-0.05748620286072007,-1.2023327789094294,-4.871797016268763,-2.5364787465383176,3.5035630416345747,-3.4056585572256393,-3.224468204277011,-0.7626502030886012,3.788276053330857,1.324889076708112,-2.843855378763157,4.699193139445729,0.5527626564976255,1.528385538034409,-3.909963022996527,0.4973012696845555,0.39438553676761534,-1.4362046024661541,-0.9471382833169876,2.5862406827917,-2.052099682412774,1.0566952216396215,-1.0196421637159954,-1.6663068980867846,-0.8684187472284591,-1.6905288563941736,0.5132182455960409,-1.3135786340478857,2.8656577966027346,-0.02979380850728629,-0.5310544942659351,0.6369880733805429,-0.027238613922721738,-3.752195942428157,2.4477010274796553,0.646519478622189
6.239693580249571,-5.590727766684989,2.7050235795643625,3.3570910137795393,3.0361791100965094,-0.24484310914739243,2.7444071765987292,3.5255213477462024,0.11970459428799123,0.8552561596212143,6.761788708406237,3.0547242131769794,-3.4056585572256393,4.934071147607626,5.221581318469224,1.1063263533980128,-5.949060863031455,-1.7177308054448952,5.211601922426514,-6.624460205688696,-1.1428177957200274,-3.099039158588975,4.150101883015081,-0.8134212907345273,-0.9892217122215381,2.7251041251739467,1.6325131052278619,-2.0967218199338404,2.789208463628552,-1.0030838363115613,1.7923137335615529,1.7272960129995432,1.9568546395992066,3.4632180728288446,-0.9721591123539285,2.2530975471208095,-3.7649392707443154,0.04369334879785608,1.3605391110250817,-1.4572036892088562,0.7215853503999201,4.262061455614071,-4.210195257302,-0.5131527460325909
6.5523723048577445,-5.9600033360462605,2.7056603240136163,3.9255787714408954,3.1373490221034057,-0.4405122097745032,3.163919495866978,3.7730943963977954,0.08347028194949037,0.42518381167155356,7.198329959153494,3.354748874685702,-3.224468204277011,5.221581318469224,5.926278613539374,1.1603038463969026,-6.655469907593736,-1.993423541332083,5.9939252852988885,-7.001723223640059,-1.5195201993359184,-3.684515239364659,4.106198948930125,-0.9057474577218456,-1.1480456903926746,2.9497745900482104,1.7642368386950853,-1.9433889566774398,2.890013017118594,-0.947360273199252,2.2686031365361075,1.7282927912590214,2.40767637406616,3.9112987422309993,-1.056183223583389,2.493582562829371,-3.8971866447578516,-0.061922692146244254,1.5058835055304731,-1.7119517368382746,0.9748159878527425,4.377733308166491,-4.6754892251608595,-0.3654431679745443
1.520966322002306,-1.2495065864622819,0.5646212979326871,0.6055938912973992,0.8160408942552966,-0.1503896033261894,0.5444800926841429,0.7970629007906058,0.01575852761269789,0.12120457001837143,1.7603492097880193,0.5662732283628492,-0.7626502030886012,1.1063263533980128,1.1603038463969026,0.63018898767172,-1.3848257271910804,-0.2901725478564902,1.424622888781162,-1.6030024373584002,-0.2509910449754529,-0.837454778867498,0.8893948149427692,-0.230559639573819,-0.3294015039458087,0.5005877879267425,0.45182302649224926,-0.5845222291044665,0.47498935450020424,-0.21952564070106992,0.5075092762237986,0.03634163653629955,0.10056818463749455,0.9180631455039531,-0.05123701878075747,0.33482330108836705,-1.0725340205392693,-0.2912616520034895,0.3379001669399464,-0.478047202122877,-0.14489549000376134,0.8682141007867487,-1.0349617210361817,-0.2918957547554857
-7.498067901686332,6.769237941439005,-3.1255004268714814,-4.340746688967229,-3.638526647226466,0.47085852439332976,-3.5332418656846514,-4.304665652409155,-0.10755415910046227,-0.5877516668997105,-8.237464443821768,-3.8064727147168864,3.788276053330857,-5.949060863031455,-6.655469907593736,-1.3848257271910804,7.522111053109752,2.2242859155122074,-6.753476491105206,8.012211562076644,1.688534691981304,4.136478274201664,-4.739619615820866,1.0140384467567898,1.2928062583283881,-3.335385183785905,-2.0041637413981825,2.3467681152604287,-3.2785476743529522,1.114647425707966,-2.53700993187419,-1.9461967769557622,-2.623005021310868,-4.405416402637481,1.1468263411946615,-2.7896249698242284,4.523452114785212,0.09985244146350855,-1.6988197676554417,1.9203799185130153,-1.0032936754532162,-5.0186366145487575,5.285559222563649,0.47998495507833444
-2.2903668917693993,1.8814250711381104,-0.8332076486160926,-1.2682323357682992,-1.2613263304112368,1.0640250171012812e-4,-0.958133526735054,-1.2841668789279719,0.003584232701206919,-0.14192560544321764,-2.4279193251860196,-1.357311171213316,1.324889076708112,-1.7177308054448952,-1.993423541332083,-0.2901725478564902,2.2242859155122074,0.8495606976717489,-1.820337868758372,2.3152686372453157,0.5217019571397912,1.1183065801729388,-1.6769274730474377,0.30725246057616723,0.2821737743955466,-0.8114072957300746,-0.5158076707873247,0.9154967188246347,-1.023875520877755,0.3985317919771324,-0.820217805863467,-0.791892978207851,-0.7940047168245771,-1.068704581618648,0.3679439131948111,-0.7820340061612643,1.2804884527074378,0.021136869295115115,-0.33314653350038503,0.49653945185703524,-0.289594580896763,-1.7429750389869108,1.432693530420972,0.12518332047742767
6.453274185410012,-6.086987203970103,2.709875909788219,4.0097702948961365,2.9583583130380635,-0.7251940551187501,3.371157768012159,3.767225883956237,0.08442796918709765,0.22626063615153183,7.240965732489972,3.0519590477846457,-2.843855378763157,5.211601922426514,5.9939252852988885,1.424622888781162,-6.753476491105206,-1.820337868758372,6.494317102143717,-7.054923707251447,-1.7183736693089366,-4.071970223446416,3.5693819871655372,-0.8953988318625766,-1.360121777589047,3.1673904710513376,1.8771588098477423,-1.725110621608084,2.6506327888685304,-0.8503541908501363,2.413828443452948,1.2222741152172216,2.368240993528544,4.2765257418746625,-0.8693326601997236,2.5081991541598234,-3.992073989654043,-0.2576764833832077,1.7635486519631351,-1.8861899932217268,0.9312137869850218,3.940270261249748,-4.952718203337391,-0.3208284203426302
-8.504894033252334,7.537248621229757,-3.678016502189539,-4.393476805605419,-4.198731589794525,0.3126844642323673,-3.65988242173455,-4.813820043240678,-0.15800313612612168,-1.214221300732552,-9.222131983123495,-4.1226512700651385,4.699193139445729,-6.624460205688696,-7.001723223640059,-1.6030024373584002,8.012211562076644,2.3152686372453157,-7.054923707251447,9.015406975800056,1.526039944774186,4.23389583456774,-5.6520063650351355,1.0680949175612133,1.3309263788267236,-3.641437348167925,-2.2047142692089556,3.0134306921887206,-3.737471798868092,1.3944273453625702,-2.4502801176787274,-2.2605913027550795,-2.543226100417019,-4.670109490067527,1.2438046990663405,-2.9926811529967816,5.210455726279162,0.027367787704415322,-1.8401269142370573,2.006809395391734,-0.8200188577187731,-5.772758109658451,5.685036189912263,0.7640989926569649
-1.3082307451397202,1.2863430961003623,-0.5794051643076472,-1.0493299124814925,-0.7557062875974156,0.2905308901832478,-1.0581056706619272,-0.8599333522120765,0.03471160322097519,0.23653108812060947,-1.4863306734663717,-0.9033004705046572,0.5527626564976255,-1.1428177957200274,-1.5195201993359184,-0.2509910449754529,1.688534691981304,0.5217019571397912,-1.7183736693089366,1.526039944774186,0.9907664873405968,1.193358688184749,-0.49425443858741375,0.12682890698130386,0.3552481144907049,-0.8760353046474697,-0.33115555857647017,0.6011387503418475,-0.3843602590934096,0.19403134594118115,-0.9211639603598379,-0.1950924299932117,-0.7987099524321472,-0.9299700500484465,-0.0923288434642652,-0.6862854310710848,0.8604950776577658,0.12061273089891429,-0.4241072164512039,0.3185459366234982,-0.3868594195689293,-0.82022141722876,1.2117450202333016,-0.20085081067739252
-3.8120802300973007,3.6839776083917757,-1.6131267586732936,-2.486285805951478,-1.7104812542038628,0.5211273837813297,-2.161065560014382,-2.2987480575633596,-0.04880552656005341,-0.009373810741675825,-4.295472212805674,-1.8217888752541391,1.528385538034409,-3.099039158588975,-3.684515239364659,-0.837454778867498,4.136478274201664,1.1183065801729388,-4.071970223446416,4.23389583456774,1.193358688184749,2.652187747010452,-1.9024642771815519,0.4954835038675007,0.8541527500609798,-2.0302333336298592,-1.1338531200032211,0.9696287625767014,-1.5343317750138479,0.4675812412553135,-1.58113096974849,-0.6456763685328931,-1.5873704487506701,-2.6786825001914876,0.489519080724318,-1.5841654934776597,2.3916101736496147,0.16686931614123418,-1.1486933778372224,1.1945827910651812,-0.6393926001791544,-2.223216231483684,3.076316731017155,0.08695696332924485
5.705657047459486,-4.4557135713471245,2.2835034580661913,2.3425961946866654,3.19926599665283,0.3294106351028789,1.7338166236672692,3.000932424284169,0.05913012267880045,1.221047510150667,5.960371086560544,3.010727407326878,-3.909963022996527,4.150101883015081,4.106198948930125,0.8893948149427692,-4.739619615820866,-1.6769274730474377,3.5693819871655372,-5.6520063650351355,-0.49425443858741375,-1.9024642771815519,4.740305866340283,-0.7460413700733416,-0.5192777150113406,1.6615872446118325,1.2213489643786108,-2.624771623989675,2.632894769033024,-1.148903579195365,1.2522740803379186,2.044182819276181,1.1368898821548106,2.20401076582124,-0.8962242080782804,1.6009268333021816,-3.300745837004184,0.04540855715636361,0.636741601886691,-0.9827966615792231,0.1788741677642929,4.479446932768972,-3.0427200305728532,-0.8046503925442657
-1.0550018138878141,0.8991569894165138,-0.36199858216644054,-0.6092783544846112,-0.5075076919918959,0.04279433167109747,-0.40918460634739734,-0.5387635841520734,-0.0014352737198784988,-0.04433728647268157,-1.17047136477863,-0.48249787712006337,0.4973012696845555,-0.8134212907345273,-0.9057474577218456,-0.230559639573819,1.0140384467567898,0.30725246057616723,-0.8953988318625766,1.0680949175612133,0.12682890698130386,0.4954835038675007,-0.7460413700733416,0.21244003983651805,0.18869104171058526,-0.34573370212226623,-0.29365151862187533,0.23260739192866375,-0.4775071112852701,0.13557015607485118,-0.3159893625314429,-0.24901625395583332,-0.23649911830304002,-0.5806305672187358,0.20789277259975625,-0.31268328606777085,0.5750379125011024,0.05421726248843121,-0.18300287999799375,0.31231326023721645,-0.09988373523164648,-0.7132053170838824,0.6988838692372609,0.13341442982002055
-1.1726150092722347,1.204451213928864,-0.509116448075439,-0.8308840159424766,-0.4600004433652587,0.22359484496048715,-0.6985853744777497,-0.6882803070088775,-0.014941794958843522,0.020728377091732756,-1.3693252338856143,-0.4401348550021463,0.39438553676761534,-0.9892217122215381,-1.1480456903926746,-0.3294015039458087,1.2928062583283881,0.2821737743955466,-1.360121777589047,1.3309263788267236,0.3552481144907049,0.8541527500609798,-0.5192777150113406,0.18869104171058526,0.3390659598983223,-0.6712385607394977,-0.39420017427408516,0.17992426283654042,-0.4431185637819616,0.1281409892986731,-0.4600407981473278,-0.07288453694365457,-0.4077417755852729,-0.9112930670958671,0.13037268159445844,-0.4696700241053437,0.7406497553000487,0.09093516354907792,-0.414906518784448,0.4031778952686057,-0.19335900144525114,-0.5998308163656026,1.0209769819890717,0.04363415285596685
3.1938134370281115,-3.2767885400810237,1.6223129471443056,2.078073905725761,1.293737333462808,-0.3634460366800445,1.8715134305034398,1.9724477128440903,0.09620602673557334,0.39369343857880196,3.509034177897147,1.446013901228376,-1.4362046024661541,2.7251041251739467,2.9497745900482104,0.5005877879267425,-3.335385183785905,-0.8114072957300746,3.1673904710513376,-3.641437348167925,-0.8760353046474697,-2.0302333336298592,1.6615872446118325,-0.34573370212226623,-0.6712385607394977,1.9820610723249923,0.9401207699432929,-0.796109703746364,1.4479192334484412,-0.45001367971842243,1.015195763571658,0.7545526281760844,1.4399551149348306,2.217340678332412,-0.4976004004827519,1.4910696368372471,-1.9962821496570868,0.16973256632123557,1.0626296896766951,-0.8340289993629033,0.6983825895856597,1.9025275741414942,-2.5617806595503256,-0.03376042480571857
2.047221699604382,-1.909028636294468,0.8630105068739876,1.163758837312903,0.9032681361551114,-0.16501960123351633,0.9310577049925614,1.1584543673208965,0.050786974315689445,0.20739125737469372,2.272417017857763,0.873552440897161,-0.9471382833169876,1.6325131052278619,1.7642368386950853,0.45182302649224926,-2.0041637413981825,-0.5158076707873247,1.8771588098477423,-2.2047142692089556,-0.33115555857647017,-1.1338531200032211,1.2213489643786108,-0.29365151862187533,-0.39420017427408516,0.9401207699432929,0.6075097038713225,-0.5036975293274905,0.8930056376448519,-0.2754456888959774,0.5978687965384616,0.4211238756967942,0.6217171419572509,1.3030252225773489,-0.3528583453213814,0.7326781721736805,-1.2576100532857561,-0.04217677929626521,0.5310456210306801,-0.5932937445736377,0.22414558613635877,1.2611499969458304,-1.48354256477582,-0.1902965842585652
-3.0734344114520638,2.1289646907498705,-1.2792268570989143,-0.7989208188102269,-2.129824816960036,-0.27185758118611203,-0.8593534422808675,-1.639228141687344,0.0032792385629719393,-0.8228491052893319,-3.126090880972481,-1.8455823584083257,2.5862406827917,-2.0967218199338404,-1.9433889566774398,-0.5845222291044665,2.3467681152604287,0.9154967188246347,-1.725110621608084,3.0134306921887206,0.6011387503418475,0.9696287625767014,-2.624771623989675,0.23260739192866375,0.17992426283654042,-0.796109703746364,-0.5036975293274905,2.28600733879167,-1.1548563276201718,0.7969961112303392,-0.8309645146810949,-1.050946548139503,-0.4134673709431157,-0.8347580454624327,0.03493677668700533,-0.7529946373194563,1.9982613700506255,0.1250816001716943,-0.21808448611936887,0.28439722975277615,0.2065548182308868,-2.5766566868613463,1.4473993728539774,0.4282105103113096
3.5951674832708855,-3.149194641491456,1.5534968948242003,1.8459159317965466,1.7218652079293146,0.024515451753495426,1.4166662759944704,2.00759742536139,0.08376558359785079,0.6542305446355337,3.8138794727310383,1.7906441276107583,-2.052099682412774,2.789208463628552,2.890013017118594,0.47498935450020424,-3.2785476743529522,-1.023875520877755,2.6506327888685304,-3.737471798868092,-0.3843602590934096,-1.5343317750138479,2.632894769033024,-0.4775071112852701,-0.4431185637819616,1.4479192334484412,0.8930056376448519,-1.1548563276201718,1.787949286584234,-0.5883975640591327,0.8427910759839411,1.2526422166221556,1.1368887307061952,1.830530629287917,-0.7597869434465183,1.287727672873814,-2.0640475246506544,0.18082666413930304,0.6749988785175766,-0.8111926014006023,0.43643262859518256,2.584221315736014,-2.2513987905752555,-0.3597196280791333
-1.3910650660137278,1.089151500988947,-0.6055646969316063,-0.5181624071153019,-0.8217216333969782,-0.08389626490592342,-0.4404289920611986,-0.7511227149832113,-0.012399068730335378,-0.3615581525950664,-1.4379939936528623,-0.7378986620601085,1.0566952216396215,-1.0030838363115613,-0.947360273199252,-0.21952564070106992,1.114647425707966,0.3985317919771324,-0.8503541908501363,1.3944273453625702,0.19403134594118115,0.4675812412553135,-1.148903579195365,0.13557015607485118,0.1281409892986731,-0.45001367971842243,-0.2754456888959774,0.7969961112303392,-0.5883975640591327,0.3334068123676183,-0.30337857388500455,-0.47480465169952685,-0.2464411413474477,-0.4853056914015143,0.12079211417585393,-0.3867348842376978,0.8500684278443521,-0.003993127429305438,-0.1694310914821043,0.1667482227368256,-0.008638961994321914,-1.1071699770191077,0.733444747030121,0.17362660681125516
2.28343911158513,-1.997619191705633,0.824697073422751,1.448693195378111,1.2553766820358747,-0.2639809983036017,1.2567268634490527,1.3443528529559843,-0.019669439922011558,-0.1802324885666243,2.5626202658711885,1.3452374489641181,-1.0196421637159954,1.7923137335615529,2.2686031365361075,0.5075092762237986,-2.53700993187419,-0.820217805863467,2.413828443452948,-2.4502801176787274,-0.9211639603598379,-1.58113096974849,1.2522740803379186,-0.3159893625314429,-0.4600407981473278,1.015195763571658,0.5978687965384616,-0.8309645146810949,0.8427910759839411,-0.30337857388500455,1.1765987182361373,0.4460332177194959,0.9332560045587242,1.416781003598841,-0.17664830979119395,0.8748912078582493,-1.4145481747315638,-0.22204458315445277,0.5160260672513802,-0.6702132428518405,0.3357375552514145,1.4953756312426034,-1.745905030186437,-0.02206487589117642
2.2739040192871816,-1.8144093008164979,0.9926759535839087,1.0425277263768853,1.2552804918061338,0.24645177753425632,0.7552180670914574,1.2628644485030482,0.044750562252437925,0.5867375551454498,2.272806294570558,1.4485911898474064,-1.6663068980867846,1.7272960129995432,1.7282927912590214,0.03634163653629955,-1.9461967769557622,-0.791892978207851,1.2222741152172216,-2.2605913027550795,-0.1950924299932117,-0.6456763685328931,2.044182819276181,-0.24901625395583332,-0.07288453694365457,0.7545526281760844,0.4211238756967942,-1.050946548139503,1.2526422166221556,-0.47480465169952685,0.4460332177194959,1.2392461834887445,0.8234974820759803,0.7908289130984132,-0.5445192903809533,0.8280260009281973,-1.21726256671931,0.29643542387740607,0.19910252197350484,-0.2672623288620241,0.3279312168608083,1.9896105453461324,-1.1419562875640559,-0.20189053737981408
2.217530606134392,-2.3224824496830814,1.0781176480901027,1.7507688773307903,0.8744167819177461,-0.27094280577950236,1.5038820910722817,1.4588057808615162,0.052152161805774186,0.03286980629035557,2.416301954113087,1.3351325076889806,-0.8684187472284591,1.9568546395992066,2.40767637406616,0.10056818463749455,-2.623005021310868,-0.7940047168245771,2.368240993528544,-2.543226100417019,-0.7987099524321472,-1.5873704487506701,1.1368898821548106,-0.23649911830304002,-0.4077417755852729,1.4399551149348306,0.6217171419572509,-0.4134673709431157,1.1368887307061952,-0.2464411413474477,0.9332560045587242,0.8234974820759803,1.543195436630922,1.6398195132084217,-0.5247298984240465,1.2643271483582876,-1.263552240116786,0.25651822177340544,0.7163912591670283,-0.6105272323352867,0.8027739208749112,1.4382138110484266,-1.8642611459776846,0.1690267680762032
4.196190661546697,-4.1254753876497015,1.8588011547301284,2.658755130592849,1.722530404884727,-0.5180865391138458,2.2326008681015774,2.4871369460219306,0.10719228998545532,0.25521583269022136,4.730988612314489,1.825401153323755,-1.6905288563941736,3.4632180728288446,3.9112987422309993,0.9180631455039531,-4.405416402637481,-1.068704581618648,4.2765257418746625,-4.670109490067527,-0.9299700500484465,-2.6786825001914876,2.20401076582124,-0.5806305672187358,-0.9112930670958671,2.217340678332412,1.3030252225773489,-0.8347580454624327,1.830530629287917,-0.4853056914015143,1.416781003598841,0.7908289130984132,1.6398195132084217,3.004428541924617,-0.7334656417255104,1.728055964674097,-2.616355065535439,-0.04920975105815757,1.2857924972164114,-1.3216585113920436,0.6796948414485641,2.425600671460921,-3.3155362744948937,-0.2385814142204053
-1.20843521841084,1.1431326965797028,-0.48687735778742885,-0.7658681432237878,-0.40705175647620095,-0.024453980473866283,-0.4581382186109778,-0.6796196443551772,-0.054526923503847434,-0.19882632544796794,-1.2723378509405054,-0.5483709345603941,0.5132182455960409,-0.9721591123539285,-1.056183223583389,-0.05123701878075747,1.1468263411946615,0.3679439131948111,-0.8693326601997236,1.2438046990663405,-0.0923288434642652,0.489519080724318,-0.8962242080782804,0.20789277259975625,0.13037268159445844,-0.4976004004827519,-0.3528583453213814,0.03493677668700533,-0.7597869434465183,0.12079211417585393,-0.17664830979119395,-0.5445192903809533,-0.5247298984240465,-0.7334656417255104,0.525335922509561,-0.4934174305197072,0.5864921439302132,-0.18413306312319375,-0.25363234910183885,0.37407431733613594,-0.27853373427982786,-0.8410794678351258,0.7807273289163258,0.12708303425348141
2.7058691865353595,-2.6353693846966246,1.29570004746991,1.7082106248086881,1.1845734837111157,-0.20374703305789538,1.4901077864446959,1.6379940382609153,0.05910700724314845,0.317843517493955,2.9247455969179,1.389197593528539,-1.3135786340478857,2.2530975471208095,2.493582562829371,0.33482330108836705,-2.7896249698242284,-0.7820340061612643,2.5081991541598234,-2.9926811529967816,-0.6862854310710848,-1.5841654934776597,1.6009268333021816,-0.31268328606777085,-0.4696700241053437,1.4910696368372471,0.7326781721736805,-0.7529946373194563,1.287727672873814,-0.3867348842376978,0.8748912078582493,0.8280260009281973,1.2643271483582876,1.728055964674097,-0.4934174305197072,1.24512612817877,-1.606480406784595,0.17885502939601383,0.7571113245414705,-0.674190019929852,0.5926522341404353,1.7674734964028966,-2.032863923587702,-0.04762684429681609
-4.927761609488016,4.240763836607281,-2.1219769315787116,-2.2860075325071945,-2.5601058212748025,0.14948708516993725,-1.9825382834800818,-2.7765432211692356,-0.10211072321318801,-0.786197252280752,-5.358584730549817,-2.382793404147447,2.8656577966027346,-3.7649392707443154,-3.8971866447578516,-1.0725340205392693,4.523452114785212,1.2804884527074378,-3.992073989654043,5.210455726279162,0.8604950776577658,2.3916101736496147,-3.300745837004184,0.5750379125011024,0.7406497553000487,-1.9962821496570868,-1.2576100532857561,1.9982613700506255,-2.0640475246506544,0.8500684278443521,-1.4145481747315638,-1.21726256671931,-1.263552240116786,-2.616355065535439,0.5864921439302132,-1.606480406784595,3.1569309237833516,0.134630508661481,-1.0113081384326446,1.1286145512403527,-0.2498954459256755,-3.3593811723877463,3.194751913349702,0.5418217926099608
-0.06922425133434688,-0.08413252337572628,0.14041979556220016,0.05578907562785767,-0.16902177957059766,0.08948044115708557,0.05124319372954573,0.017566255081785834,0.033584425483130995,0.22511323653962811,-0.17752531890089918,0.009661478254515538,-0.02979380850728629,0.04369334879785608,-0.061922692146244254,-0.2912616520034895,0.09985244146350855,0.021136869295115115,-0.2576764833832077,0.027367787704415322,0.12061273089891429,0.16686931614123418,0.04540855715636361,0.05421726248843121,0.09093516354907792,0.16973256632123557,-0.04217677929626521,0.1250816001716943,0.18082666413930304,-0.003993127429305438,-0.22204458315445277,0.29643542387740607,0.25651822177340544,-0.04920975105815757,-0.18413306312319375,0.17885502939601383,0.134630508661481,0.3215372635987151,0.03628638138469499,0.11672380303443032,0.2348062234393788,0.03747294212792811,0.06264879738865135,0.08883045212799845
1.5667894291794477,-1.71350919272088,0.8054104512141187,1.0903368360532764,0.5282972541334836,-0.28297743157848726,0.9948083532583146,0.9862364535449591,0.05605487287218925,0.13437773167813608,1.7781869786181144,0.5669316814900585,-0.5310544942659351,1.3605391110250817,1.5058835055304731,0.3379001669399464,-1.6988197676554417,-0.33314653350038503,1.7635486519631351,-1.8401269142370573,-0.4241072164512039,-1.1486933778372224,0.636741601886691,-0.18300287999799375,-0.414906518784448,1.0626296896766951,0.5310456210306801,-0.21808448611936887,0.6749988785175766,-0.1694310914821043,0.5160260672513802,0.19910252197350484,0.7163912591670283,1.2857924972164114,-0.25363234910183885,0.7571113245414705,-1.0113081384326446,0.03628638138469499,0.6440076948885902,-0.524118088627043,0.34234275310112855,0.7695099773276296,-1.3938000125323557,-0.018628200801857696
-1.8691785128358553,1.7415920915631251,-0.6935853157511651,-1.123963705642449,-0.7892526900179933,0.2124133367310584,-0.8912787831936334,-1.0597548842587998,-0.035012213954009906,-0.01519652401741491,-2.112215536026429,-0.7552335491369105,0.6369880733805429,-1.4572036892088562,-1.7119517368382746,-0.478047202122877,1.9203799185130153,0.49653945185703524,-1.8861899932217268,2.006809395391734,0.3185459366234982,1.1945827910651812,-0.9827966615792231,0.31231326023721645,0.4031778952686057,-0.8340289993629033,-0.5932937445736377,0.28439722975277615,-0.8111926014006023,0.1667482227368256,-0.6702132428518405,-0.2672623288620241,-0.6105272323352867,-1.3216585113920436,0.37407431733613594,-0.674190019929852,1.1286145512403527,0.11672380303443032,-0.524118088627043,0.7245881094863775,-0.20862598212973935,-1.0334166444205872,1.4478824950974913,0.17409940128345783
0.632256966578362,-0.9026231374673332,0.38058469932728695,0.9024187746841809,0.07273376294788386,-0.180214627355803,0.7205672386879026,0.4796653651886939,0.016059525994923666,-0.12343064291561708,0.6994811550655391,0.4164649987645706,-0.027238613922721738,0.7215853503999201,0.9748159878527425,-0.14489549000376134,-1.0032936754532162,-0.289594580896763,0.9312137869850218,-0.8200188577187731,-0.3868594195689293,-0.6393926001791544,0.1788741677642929,-0.09988373523164648,-0.19335900144525114,0.6983825895856597,0.22414558613635877,0.2065548182308868,0.43643262859518256,-0.008638961994321914,0.3357375552514145,0.3279312168608083,0.8027739208749112,0.6796948414485641,-0.27853373427982786,0.5926522341404353,-0.2498954459256755,0.2348062234393788,0.34234275310112855,-0.20862598212973935,0.5838437510783655,0.35741758230256304,-0.7481897531607941,0.23034202566302045
5.716156008765003,-4.6064176716321725,2.3161795593882126,2.576929392659099,3.1821118948315203,0.18291041417380782,2.008863435018874,3.102104488872536,0.0641015915753246,1.0258404937112198,6.011532132102223,3.1186669025681413,-3.752195942428157,4.262061455614071,4.377733308166491,0.8682141007867487,-5.0186366145487575,-1.7429750389869108,3.940270261249748,-5.772758109658451,-0.82022141722876,-2.223216231483684,4.479446932768972,-0.7132053170838824,-0.5998308163656026,1.9025275741414942,1.2611499969458304,-2.5766566868613463,2.584221315736014,-1.1071699770191077,1.4953756312426034,1.9896105453461324,1.4382138110484266,2.425600671460921,-0.8410794678351258,1.7674734964028966,-3.3593811723877463,0.03747294212792811,0.7695099773276296,-1.0334166444205872,0.35741758230256304,4.4099731646085445,-3.2714321976228042,-0.6315874726683738
-5.2277901245247635,4.920660374588626,-2.2682946326860955,-3.1234511669707525,-2.378976911335296,0.4625293291423797,-2.622285980231748,-3.0379742863660795,-0.09333778895954394,-0.42507535756353965,-5.779210058494469,-2.430482135433776,2.4477010274796553,-4.210195257302,-4.6754892251608595,-1.0349617210361817,5.285559222563649,1.432693530420972,-4.952718203337391,5.685036189912263,1.2117450202333016,3.076316731017155,-3.0427200305728532,0.6988838692372609,1.0209769819890717,-2.5617806595503256,-1.48354256477582,1.4473993728539774,-2.2513987905752555,0.733444747030121,-1.745905030186437,-1.1419562875640559,-1.8642611459776846,-3.3155362744948937,0.7807273289163258,-2.032863923587702,3.194751913349702,0.06264879738865135,-1.3938000125323557,1.4478824950974913,-0.7481897531607941,-3.2714321976228042,3.892263883511368,0.2974092163716986
-0.8333312542963102,0.5220180660802295,-0.29127096937167773,-0.06898614676327228,-0.5004016102267792,-0.11337326969182483,-7.524534531960386e-4,-0.3603070035866581,-0.02341896945409008,-0.3127899948451937,-0.8903484177787483,-0.29361085795798525,0.646519478622189,-0.5131527460325909,-0.3654431679745443,-0.2918957547554857,0.47998495507833444,0.12518332047742767,-0.3208284203426302,0.7640989926569649,-0.20085081067739252,0.08695696332924485,-0.8046503925442657,0.13341442982002055,0.04363415285596685,-0.03376042480571857,-0.1902965842585652,0.4282105103113096,-0.3597196280791333,0.17362660681125516,-0.02206487589117642,-0.20189053737981408,0.1690267680762032,-0.2385814142204053,0.12708303425348141,-0.04762684429681609,0.5418217926099608,0.08883045212799845,-0.018628200801857696,0.17409940128345783,0.23034202566302045,-0.6315874726683738,0.2974092163716986,0.3187759475785862
