V1,V2,V3,V4,V5,V6,V7,V8,V9,V10,V11,V12,V13,V14,V15,V16,V17,V18,V19,V20,V21,V22,V23,V24,V25,V26,V27,V28,V29,V30,V31,V32,V33,V34,V35,V36,V37,V38,V39,V40,V41,V42,V43,V44
4.118964138358158,-0.8169841653430879,-0.2474820612709263,1.0510638538443682,-1.4161191890350822,-0.8286139807730988,0.4677160129807743,3.9763369398989394,-0.3931026672160224,-0.10999101941968174,-1.8738942518435677,-3.746963103840578,-1.5288589509892607,1.4177875165026856,1.4447055084444347,-0.9130513399940144,-0.671253444632351,1.816545393258188,-0.9323619778694671,-0.2539019896650363,-2.560554737274451,-0.17279587491181408,0.14831396824546497,0.3614124174185535,-1.4009934520041838,-0.8559128116582324,0.38809932229897764,0.00296899883239815,1.0214627405684673,1.104469277297351,0.09993592470471256,1.1753667684161209,1.8143752147732786,-2.257840857222217,1.6658323289300492,-3.3179565848225177,-1.755084481648023,-0.7742753657107331,-1.4793429188557132,0.036089912953927945,0.4347556725637809,3.518394078157931,-2.9278542764292603,2.189145719247627
-0.8169841653430879,0.49259964871471534,-0.21274766103937165,-0.17180044458231222,0.0141917880503674,0.06109728671194246,0.21472146605823747,-0.5008504836411573,-0.047452786059346073,-0.07079736459325092,0.381153387615583,0.7899308358118747,0.4289687748855601,-0.230648578085799,-0.1554963341730893,0.2719225756073054,0.015428150758905124,-0.32012193473838485,-0.01904708009585006,-0.022519556547072793,0.6028715383339797,0.12431370242216004,0.04990185074661995,-0.5559672863739187,0.2463192953445276,0.2500672434660073,-0.3602121342167179,0.10367808359985117,-0.14659413492587536,0.029302377427478026,0.07556243489399589,0.04135329923953455,-0.22807179905101624,0.07154514877172602,-0.161676902166216,0.7228702878867814,0.26610682551653214,0.10958209773066459,0.45999298664345467,0.043033247645434605,0.05332113961893316,-0.602162360804855,0.8789641448698774,-0.19953053798434217
-0.2474820612709263,-0.21274766103937165,1.08443730545357,-0.200319237010865,-0.10640213497326496,0.17663968523707235,0.29986719711927895,-0.561385104911367,0.9634646740174755,0.23520080577224442,0.5736252174572133,1.6807838989279504,0.5539421394329485,-0.045991743472375994,0.010047030029737709,-1.4246962186577798,-0.005871861463863156,-1.2887582401595825,1.5670185821662677,0.43007861741356546,0.6733233485599308,-0.5556236831340975,-0.5675589166118199,1.2198057214049447,0.49909704943442157,0.3069646140033553,0.24207890768857793,0.4704722014945656,0.23869750178123936,0.08667106131917679,-0.910497292842996,-0.29201482744156965,0.18685198356325994,0.8595756404974515,-0.6158855520618034,-0.6064734612228841,0.7007254309566581,-0.5230168092295481,0.19551138515660266,-0.34574099179637935,-0.6449493313130602,-0.08578008350670707,-1.0976245772879794,1.9709141521697637
1.0510638538443682,-0.17180044458231222,-0.200319237010865,0.47029199900982444,-0.20971331085455844,-0.17643782944034128,0.2021207433281303,1.1177287187503422,-0.26369290693793873,-0.16639689021229453,-0.6281198307059598,-0.9492540942210486,-0.5768688888241199,0.35212001289160433,0.5023966720618878,-0.20118092231853077,-0.23544893968388692,0.5093519982040824,-0.36990026313656016,-0.06485706729206224,-1.0830092310935715,-0.07223650234954358,0.10724842265384396,0.046808337135591814,-0.4056214719161435,-0.2280654409624683,0.036020437474036285,-0.2538910963799825,0.20165580826830154,0.19304592210433752,0.33620333341484293,0.46119314295344044,0.6291779155540466,-0.7212633561735999,0.565151643506132,-0.6529991561202008,-0.4872983699624108,0.0049327293529477685,-0.5100136876241503,0.14236331620038845,0.36971736063906735,1.016058802138824,-0.6602081706951399,0.4284432814026791
-1.4161191890350822,0.0141917880503674,-0.10640213497326496,-0.20971331085455844,1.0660915845842505,0.39796145662442445,-0.606004963743618,-1.536707666037016,-0.1997861483654084,-0.09230919330735787,0.3230525806165555,0.7575853699545992,0.0506644571564394,-0.584248296294307,-0.5627614622624696,0.7594042691240671,0.3067896314018239,-0.2520021943181608,-0.09121220076748882,0.02631030576667533,0.15789687378245967,0.11084834497732568,0.10358975092215474,-9.030952968476517e-4,0.3708688778983191,0.09635438593213365,0.05989827039821069,-0.5493854943663243,-0.6025878242488706,-0.8203136463227454,0.4941446764353373,-0.501244842597835,-0.6599956126099902,0.8440348393023929,-0.4717125184187042,1.5740929621453368,0.4874724955987909,0.6944048212100651,0.12688052587421264,0.18364931670252851,0.13839316486483083,-1.2788566762688918,1.2061842472198119,-1.9083280081244978
-0.8286139807730988,0.06109728671194246,0.17663968523707235,-0.17643782944034128,0.39796145662442445,0.2796016762982324,-0.15299377783774315,-0.8541976114624878,0.1879726404410553,0.033283072270723774,0.4454048839606602,0.898639797937564,0.25394772016188294,-0.316569278962624,-0.2694814464066187,0.019912530485298945,0.18653284537188844,-0.49952414912870824,0.38449513211538233,0.12759837958891826,0.4729905071001005,-0.06766939786606452,-0.09760922657291281,0.20536023969442974,0.33143599663966716,0.18319698744737137,0.047933724560606905,-0.011707501011963098,-0.20257743044403567,-0.31294985510182555,-0.0996176762928938,-0.29676241990681473,-0.3802492182360333,0.637899932766405,-0.4167987480856826,0.6026395890436816,0.38818693630334744,0.20895067016918584,0.17882107110463996,-0.04542282116340057,-0.14628528412322983,-0.7017778737212156,0.38326721941247394,-0.28090067253777024
0.4677160129807743,0.21472146605823747,0.29986719711927895,0.2021207433281303,-0.606004963743618,-0.15299377783774315,0.8704135283537948,0.7223335725180631,0.34771053066061514,-0.09417403279293901,0.025000961957760217,0.727027976438938,0.21600583355652409,0.2743152048301634,0.5670758032923836,-1.0801867974818096,-0.35250668806470614,-0.580106943272899,0.6361628771512753,0.1759987199213673,-0.10412810519919335,-0.31277899614133436,-0.23428519675149723,0.2069482722220223,0.04213383058924714,0.2140308563249845,-0.22005773164831766,0.3314452616040531,0.3912907496475326,0.5424253514036489,-0.31313607401801113,0.49199077309136185,0.7719712744307548,-0.3744000042833372,0.17376076439816618,-0.783127009142551,0.0713482038885836,-0.4799224766986198,0.06620423375049526,-0.07843216915652033,-0.02334631603131239,0.7682166916265368,-0.8274094968523326,2.0979810990942904
3.9763369398989394,-0.5008504836411573,-0.561385104911367,1.1177287187503422,-1.536707666037016,-0.8541976114624878,0.7223335725180631,4.2076793411554005,-0.5250565308371437,-0.2656709338298076,-1.870493667705417,-3.639490306777998,-1.4575365379354357,1.411380915167646,1.5901892097376018,-0.796989690553472,-0.7706432551670669,1.8249421774245114,-1.1721013028991878,-0.2989114118859875,-2.581523652712049,-0.09882549566035799,0.19294331196127548,-0.05576561739315598,-1.434369243551649,-0.7533788337921796,0.14885526241461097,0.010175996031803766,1.0259069463596966,1.2266308064060207,0.29387919730218337,1.4294170875398786,1.883627615928547,-2.5459701719103798,1.8011925198225012,-3.1741004168324207,-1.907857659605507,-0.710676630982797,-1.3770687896856761,0.11366977169352858,0.6192508737020098,3.5788704249282524,-2.5825495570108035,2.2582183713244524
-0.3931026672160224,-0.047452786059346073,0.9634646740174755,-0.26369290693793873,-0.1997861483654084,0.1879726404410553,0.34771053066061514,-0.5250565308371437,1.0152895649690412,0.20870601198523434,0.6796458423450835,1.818254695852454,0.7056534503580817,-0.08242135011052402,-0.004027320852480848,-1.382202942411246,-0.018588676679456746,-1.3734739165035796,1.5151579647333875,0.4116599160932941,0.8977026894149457,-0.5344356374630718,-0.6126774881543761,1.0472001193032099,0.5450178664810467,0.3926352719100714,0.16168695463254307,0.5828187277160795,0.2554666387405847,0.1711786700223604,-0.9361979169168668,-0.24376543017597965,0.10108654485534968,0.8142308877429403,-0.6531026090363317,-0.5718868233804685,0.6491891946694297,-0.5644209737318473,0.32407013199860724,-0.3761014105955291,-0.6813989542221697,-0.15754011336051046,-0.905382852128386,2.0724384400706755
-0.10999101941968174,-0.07079736459325092,0.23520080577224442,-0.16639689021229453,-0.09230919330735787,0.033283072270723774,-0.09417403279293901,-0.2656709338298076,0.20870601198523434,0.21362187718196124,0.25885925049290015,0.1643769148461535,0.1925499775277488,-0.037858352053331,-0.19816021961617164,-0.05200715826003934,0.13660076451752035,-0.11842725348308344,0.2799013884871762,0.031129501233147387,0.5360259532704005,-0.0027223081182513958,-0.04845615400621827,0.13109022350211855,0.08799120455595036,0.019412657551576076,0.08983233176078026,0.24322019747000065,0.04829253810687751,0.023352553919784292,-0.37528318168931063,-0.2351544246297171,-0.29609999145256505,0.3006179465908636,-0.22892592103277778,-0.09967853333416271,0.14927786727178902,-0.12122202449316008,0.16811782741086712,-0.1626168521838575,-0.28615999410369947,-0.2366679909164184,-0.09036818748175693,0.10455517432576204
-1.8738942518435677,0.381153387615583,0.5736252174572133,-0.6281198307059598,0.3230525806165555,0.4454048839606602,0.025000961957760217,-1.870493667705417,0.6796458423450835,0.25885925049290015,1.3426311549252,2.4205850131410167,1.0774468475504189,-0.6065398620599979,-0.6400695321997542,-0.18374961445487395,0.3414895621625369,-1.3812639556551252,1.1858772439179581,0.2602490837063571,1.903036495428284,-0.12447647548916642,-0.2783215955678259,0.18395359272057296,0.8507379351392511,0.5744141833007032,-0.1178310975375999,0.5201562589257905,-0.2378832166739464,-0.2633609865557232,-0.7329025660718633,-0.6416101682302255,-0.8863159140786482,1.3736986484407083,-1.0474024461496012,1.0590099994202917,1.0305253386243935,0.025198555499727663,0.8808465547458452,-0.29195782695493244,-0.6316857475273759,-1.6394775305010167,0.833604223905597,0.20315354558385157
-3.746963103840578,0.7899308358118747,1.6807838989279504,-0.9492540942210486,0.7575853699545992,0.898639797937564,0.727027976438938,-3.639490306777998,1.818254695852454,0.1643769148461535,2.4205850131410167,6.386839264119303,2.2726779058527136,-1.1455387685878802,-0.7224481446511967,-1.8794710753334822,0.19052029816363755,-3.898497769908757,3.2834522052657835,0.9039379715123388,2.8983379704412093,-0.897967662230936,-1.0686997871708126,1.3273782406307626,2.0252996545247965,1.4181957651957922,-0.34977063492037164,0.7290759202098969,-0.34076468623627226,-0.4421313007171159,-1.2436297494425879,-0.8406378323859353,-0.5707386029388042,2.702632694232668,-2.1000922809597014,1.799539707653595,2.5248738616125213,-0.22358552195180692,1.6130093859054728,-0.44817472735138203,-1.0513060096411797,-2.6638129357836817,0.7826648507840032,2.3105983371500396
-1.5288589509892607,0.4289687748855601,0.5539421394329485,-0.5768688888241199,0.0506644571564394,0.25394772016188294,0.21600583355652409,-1.4575365379354357,0.7056534503580817,0.1925499775277488,1.0774468475504189,2.2726779058527136,1.1114636574712795,-0.44013159568834453,-0.4734778542305842,-0.4424188768761749,0.14547006910688237,-1.3533965449394996,1.113663565222159,0.2519368344157711,1.6707978395038992,-0.1750208841546976,-0.3708602413164018,0.1689885025874196,0.7712532021111805,0.553686428559961,-0.21775952354013717,0.5513288478666482,-0.10734126217058977,-0.01708148224034669,-0.684465924030573,-0.4269897501653492,-0.5157136346040768,1.0049293575085019,-0.8750273949217354,0.6760821209662596,0.9301331106276665,-0.22344169200585373,0.8833733807102119,-0.264707814163593,-0.5757184508694955,-1.249652522503063,0.5836734220997327,0.6978665794214957
1.4177875165026856,-0.230648578085799,-0.045991743472375994,0.35212001289160433,-0.584248296294307,-0.316569278962624,0.2743152048301634,1.411380915167646,-0.08242135011052402,-0.037858352053331,-0.6065398620599979,-1.1455387685878802,-0.44013159568834453,0.5318984503420096,0.5426157709714915,-0.42918233484082285,-0.2884382483974602,0.5419284756327214,-0.24493776943159223,-0.07971689664543444,-0.8063608996564444,-0.08679058590364701,0.013889367304069844,0.11610611173913074,-0.46088768841776423,-0.24431075379506254,0.06782680691049196,0.07455519506276488,0.3953802487083684,0.458174826918493,-0.02435241031328729,0.4525161808760503,0.691577971767505,-0.8074390099696978,0.5633506250877804,-1.227442170178086,-0.5970574845561832,-0.33579712721714366,-0.44381726689626744,-0.002306358185513601,0.13256493322691995,1.2389997562265627,-1.0589325162302705,0.9738184033291225
1.4447055084444347,-0.1554963341730893,0.010047030029737709,0.5023966720618878,-0.5627614622624696,-0.2694814464066187,0.5670758032923836,1.5901892097376018,-0.004027320852480848,-0.19816021961617164,-0.6400695321997542,-0.7224481446511967,-0.4734778542305842,0.5426157709714915,0.8183152769457959,-0.8375233927202462,-0.42224201689499963,0.2338098746912113,-0.015877375784857914,0.03552268114704628,-1.1266217865223058,-0.25738425192807973,-0.08824549677374545,0.29603078122200766,-0.40674425857653307,-0.14467229675335938,0.024690507662823474,0.0028436322975245922,0.45033587481104576,0.4955868362095628,0.06235894974928037,0.6659179870737626,1.053376281776573,-0.8740250360596328,0.6347071866381468,-1.306562636321572,-0.5533462489281122,-0.3521434844483392,-0.5526042127326023,0.046206790263338515,0.24743298298968863,1.5077436631930037,-1.2981766560193955,1.6203135789114782
-0.9130513399940144,0.2719225756073054,-1.4246962186577798,-0.20118092231853077,0.7594042691240671,0.019912530485298945,-1.0801867974818096,-0.796989690553472,-1.382202942411246,-0.05200715826003934,-0.18374961445487395,-1.8794710753334822,-0.4424188768761749,-0.42918233484082285,-0.8375233927202462,2.889723685479032,0.483056528691168,1.7248019650785038,-2.1430751310235867,-0.6458723859982161,0.11500421021421432,1.0474033196552917,0.9603231669420755,-1.886533094017534,-0.3676518711279038,-0.38426969502703107,-0.2504842707004427,-0.6796602545490505,-0.7749859242056124,-0.6800914075276384,1.1412930596842128,-0.35708065855740617,-1.357383058639384,-0.23388517522310137,0.2385147889289821,2.0574036100413813,-0.4603360094839303,1.1203577562024745,0.16619779893800715,0.4155692842968102,0.6200229884283994,-1.3440328807972062,2.6457905178692154,-4.540977905821629
-0.671253444632351,0.015428150758905124,-0.005871861463863156,-0.23544893968388692,0.3067896314018239,0.18653284537188844,-0.35250668806470614,-0.7706432551670669,-0.018588676679456746,0.13660076451752035,0.3414895621625369,0.19052029816363755,0.14547006910688237,-0.2884382483974602,-0.42224201689499963,0.483056528691168,0.30741978987181023,-0.016574364020445546,-0.005268178046018633,-0.0018592782451786515,0.5684278670710733,0.162265372788618,0.07822346611755103,-0.10887093167271278,0.1514478875318014,0.026310875464014793,0.07752438659012845,0.02001297739785832,-0.22787212723760272,-0.2993991977777838,-0.10008713689095346,-0.3931128989113938,-0.6463904207098881,0.49973197941623443,-0.3109313270390237,0.6053396744895809,0.22130246719135102,0.2341546467205387,0.18882164262495615,-0.04725041523149982,-0.15689602506693498,-0.7437927200090947,0.5836209324236273,-0.8959876028378323
1.816545393258188,-0.32012193473838485,-1.2887582401595825,0.5093519982040824,-0.2520021943181608,-0.49952414912870824,-0.580106943272899,1.8249421774245114,-1.3734739165035796,-0.11842725348308344,-1.3812639556551252,-3.898497769908757,-1.3533965449394996,0.5419284756327214,0.2338098746912113,1.7248019650785038,-0.016574364020445546,2.5649502410380274,-2.331212201707493,-0.6564723961851964,-1.5925176055764532,0.7499815550260385,0.8431318321727949,-1.2361771815945626,-1.2092120683398213,-0.861983757954789,0.06460701204156022,-0.5846335974327013,0.003161366610017703,0.09566671658755559,0.9992234567590291,0.43344315534109995,0.031965731187621964,-1.5853180459937455,1.2349810555827543,-0.4576157404243943,-1.4993887815580218,0.42785728236059095,-0.827269665161913,0.3671752987231762,0.786962267067511,1.1454397778813916,0.24259193743216106,-2.3588217146253103
-0.9323619778694671,-0.01904708009585006,1.5670185821662677,-0.36990026313656016,-0.09121220076748882,0.38449513211538233,0.6361628771512753,-1.1721013028991878,1.5151579647333875,0.2799013884871762,1.1858772439179581,3.2834522052657835,1.113663565222159,-0.24493776943159223,-0.015877375784857914,-2.1430751310235867,-0.005268178046018633,-2.331212201707493,2.5334826175232994,0.6905622500480809,1.3714202954036978,-0.8612018684247648,-0.8892257286031108,1.6445931917425125,0.9730773554245832,0.6789570680383364,0.17805070960157143,0.7753635699751551,0.2836708679825642,0.12203711768602911,-1.358842677039474,-0.3937906312632551,0.19035051471480724,1.441605505755564,-1.0784725456262485,-0.4670696980987317,1.2683092396976259,-0.6966884910442728,0.5415565431988735,-0.5139119763344365,-0.9529916629657836,-0.48734399740436407,-1.2101235591761579,3.1072512347116183
-0.2539019896650363,-0.022519556547072793,0.43007861741356546,-0.06485706729206224,0.02631030576667533,0.12759837958891826,0.1759987199213673,-0.2989114118859875,0.4116599160932941,0.031129501233147387,0.2602490837063571,0.9039379715123388,0.2519368344157711,-0.07971689664543444,0.03552268114704628,-0.6458723859982161,-0.0018592782451786515,-0.6564723961851964,0.6905622500480809,0.24094792990720099,0.2291363319858703,-0.2598334248986313,-0.26904580737990774,0.531157854195222,0.2580081451187554,0.17541677987130289,0.06768784654182584,0.1574415401254769,0.05956822518133869,-0.007660743183654001,-0.32667025257804455,-0.09648544806700496,0.10768258661452454,0.3920211840548212,-0.26799863599683654,-0.15532958468093896,0.33452295339889776,-0.15332901834806717,0.06647965591949319,-0.10630960799853924,-0.22177905361909234,-0.08425182319700872,-0.3890268776188928,0.8794332486501427
-2.560554737274451,0.6028715383339797,0.6733233485599308,-1.0830092310935715,0.15789687378245967,0.4729905071001005,-0.10412810519919335,-2.581523652712049,0.8977026894149457,0.5360259532704005,1.903036495428284,2.8983379704412093,1.6707978395038992,-0.8063608996564444,-1.1266217865223058,0.11500421021421432,0.5684278670710733,-1.5925176055764532,1.3714202954036978,0.2291363319858703,3.1615347136219416,0.052352127645667115,-0.3103575670082557,-0.12367721846273166,1.0931609686350103,0.7228393149077644,-0.21779426109862363,0.9756264795588695,-0.28993346648195706,-0.19397505064854195,-1.2166895548891608,-1.0117597733391857,-1.5685914971063517,1.7931629660570931,-1.4759777841315507,1.37164858459283,1.3234380623228945,-0.12865065428837738,1.4666623428600258,-0.506799491034717,-1.0516829501126297,-2.4382783730660695,1.4118785240795135,-0.06736848698921188
-0.17279587491181408,0.12431370242216004,-0.5556236831340975,-0.07223650234954358,0.11084834497732568,-0.06766939786606452,-0.31277899614133436,-0.09882549566035799,-0.5344356374630718,-0.0027223081182513958,-0.12447647548916642,-0.897967662230936,-0.1750208841546976,-0.08679058590364701,-0.25738425192807973,1.0474033196552917,0.162265372788618,0.7499815550260385,-0.8612018684247648,-0.2598334248986313,0.052352127645667115,0.44349368235478615,0.3713551238814321,-0.7955175806566446,-0.22278046834316018,-0.16672860245419782,-0.11114970406731978,-0.16298374297019216,-0.21902804815744908,-0.14028395883844774,0.3529295973679507,-0.07553244773850254,-0.46907279870883617,-0.23471309246973363,0.17545230117930413,0.5733420594334562,-0.2600473235198763,0.3074877610750741,0.06796624768090746,0.13455646192265439,0.20954885871354223,-0.33679609485791234,0.8828342164039004,-1.5333393241443596
0.14831396824546497,0.04990185074661995,-0.5675589166118199,0.10724842265384396,0.10358975092215474,-0.09760922657291281,-0.23428519675149723,0.19294331196127548,-0.6126774881543761,-0.04845615400621827,-0.2783215955678259,-1.0686997871708126,-0.3708602413164018,0.013889367304069844,-0.08824549677374545,0.9603231669420755,0.07822346611755103,0.8431318321727949,-0.8892257286031108,-0.26904580737990774,-0.3103575670082557,0.3713551238814321,0.4415977311197855,-0.7366509645279345,-0.3036687018462915,-0.23581358150451473,-0.11402599408733334,-0.28153107903503777,-0.1637324673677065,-0.1031666338942993,0.47735444164460483,0.06996273630558682,-0.2238985825580884,-0.4043066388207074,0.3373227251345416,0.45244173640176416,-0.32842237020920295,0.3666946600597291,-0.10421977671706685,0.19243119005015086,0.35302731279149563,-0.05921427084741853,0.6748642166016777,-1.3730659751856213
0.3614124174185535,-0.5559672863739187,1.2198057214049447,0.046808337135591814,-9.030952968476517e-4,0.20536023969442974,0.2069482722220223,-0.05576561739315598,1.0472001193032099,0.13109022350211855,0.18395359272057296,1.3273782406307626,0.1689885025874196,0.11610611173913074,0.29603078122200766,-1.886533094017534,-0.10887093167271278,-1.2361771815945626,1.6445931917425125,0.531157854195222,-0.12367721846273166,-0.7955175806566446,-0.7366509645279345,1.8615698362961226,0.3590154188210864,0.17361432604461416,0.5180083158709434,0.25670228687241864,0.34524821333557554,0.018378046339715248,-0.8023826709709941,-0.1768526204255008,0.6072530006811673,0.7629617478608693,-0.4627574195048141,-1.2023505129575565,0.45600627326890275,-0.5385914564450399,-0.30730239688786143,-0.3174988612805188,-0.5671821505705318,0.5321224683008707,-1.8977754979229795,2.4130755497787804
-1.4009934520041838,0.2463192953445276,0.49909704943442157,-0.4056214719161435,0.3708688778983191,0.33143599663966716,0.04213383058924714,-1.434369243551649,0.5450178664810467,0.08799120455595036,0.8507379351392511,2.0252996545247965,0.7712532021111805,-0.46088768841776423,-0.40674425857653307,-0.3676518711279038,0.1514478875318014,-1.2092120683398213,0.9730773554245832,0.2580081451187554,1.0931609686350103,-0.22278046834316018,-0.3036687018462915,0.3590154188210864,0.7086102013835682,0.4444910187468778,-0.09159306554260288,0.2128488216128615,-0.2101190388046109,-0.24704292576270598,-0.37993570398429216,-0.40802907968061863,-0.37940158451111367,1.000121970430709,-0.7623459799240725,0.8221546346563071,0.8831503653675069,0.013701210882705109,0.5717728164880629,-0.13808661415204054,-0.3738697237467337,-1.1357800378672145,0.5124797621545186,0.321223536492239
-0.8559128116582324,0.2500672434660073,0.3069646140033553,-0.2280654409624683,0.09635438593213365,0.18319698744737137,0.2140308563249845,-0.7533788337921796,0.3926352719100714,0.019412657551576076,0.5744141833007032,1.4181957651957922,0.553686428559961,-0.24431075379506254,-0.14467229675335938,-0.38426969502703107,0.026310875464014793,-0.861983757954789,0.6789570680383364,0.17541677987130289,0.7228393149077644,-0.16672860245419782,-0.23581358150451473,0.17361432604461416,0.4444910187468778,0.35884811361800734,-0.12955028528612356,0.22738137554562593,-0.06519365498030785,-0.04624051089420709,-0.2929297344405169,-0.14836935987588232,-0.14311849353916956,0.53287676157644015,-0.44072094536954326,0.39894297935878786,0.5200065136662504,-0.07591324731355142,0.40888466114945526,-0.09846238319495111,-0.232033771395427,-0.5966423543269948,0.2525900450729671,0.567495676186315
0.38809932229897764,-0.3602121342167179,0.24207890768857793,0.036020437474036285,0.05989827039821069,0.047933724560606905,-0.22005773164831766,0.14885526241461097,0.16168695463254307,0.08983233176078026,-0.1178310975375999,-0.34977063492037164,-0.21775952354013717,0.06782680691049196,0.024690507662823474,-0.2504842707004427,0.07752438659012845,0.06460701204156022,0.17805070960157143,0.06768784654182584,-0.21779426109862363,-0.11114970406731978,-0.11402599408733334,0.5180083158709434,-0.09159306554260288,-0.12955028528612356,0.3525706303321321,-0.006536716505668768,0.08390782484751964,-0.08791435265271458,-0.18357952190750132,-0.15020044111499123,-0.0028296131936382508,0.1705834760830139,-0.039280817541324856,-0.4614721660112897,-0.10429351594057339,-0.10512856629451514,-0.2814165049041711,-0.10642113029068004,-0.17673329975209132,0.2871749681336436,-0.6285607431357013,0.18842119275072616
0.00296899883239815,0.10367808359985117,0.4704722014945656,-0.2538910963799825,-0.5493854943663243,-0.011707501011963098,0.3314452616040531,0.010175996031803766,0.5828187277160795,0.24322019747000065,0.5201562589257905,0.7290759202098969,0.5513288478666482,0.07455519506276488,0.0028436322975245922,-0.6796602545490505,0.02001297739785832,-0.5846335974327013,0.7753635699751551,0.1574415401254769,0.9756264795588695,-0.16298374297019216,-0.28153107903503777,0.25670228687241864,0.2128488216128615,0.22738137554562593,-0.006536716505668768,0.7240035181290475,0.29443936270386045,0.3933187166590085,-0.8570593368695344,-0.10049452716401017,-0.07512140739283502,0.2694182171181514,-0.29674174222335614,-0.6463130891402515,0.21072665291653273,-0.5091407019743369,0.33630500475094216,-0.3298746729906318,-0.5411593730239591,-0.021603959729376572,-0.523670895328998,1.4621806783245357
1.0214627405684673,-0.14659413492587536,0.23869750178123936,0.20165580826830154,-0.6025878242488706,-0.20257743044403567,0.3912907496475326,1.0259069463596966,0.2554666387405847,0.04829253810687751,-0.2378832166739464,-0.34076468623627226,-0.10734126217058977,0.3953802487083684,0.45033587481104576,-0.7749859242056124,-0.22787212723760272,0.003161366610017703,0.2836708679825642,0.05956822518133869,-0.28993346648195706,-0.21902804815744908,-0.1637324673677065,0.34524821333557554,-0.2101190388046109,-0.06519365498030785,0.08390782484751964,0.29443936270386045,0.43406274770834086,0.47505821424215816,-0.34855619564574214,0.3186961256416146,0.5632353689685792,-0.42678966992091183,0.2583550429231573,-1.180565351293972,-0.2858550239333296,-0.472114324748677,-0.2148467979801589,-0.14787881843203465,-0.12296475790597683,0.9782414414345422,-1.1149686351535293,1.524172785693474
1.104469277297351,0.029302377427478026,0.08667106131917679,0.19304592210433752,-0.8203136463227454,-0.31294985510182555,0.5424253514036489,1.2266308064060207,0.1711786700223604,0.023352553919784292,-0.2633609865557232,-0.4421313007171159,-0.01708148224034669,0.458174826918493,0.4955868362095628,-0.6800914075276384,-0.2993991977777838,0.09566671658755559,0.12203711768602911,-0.007660743183654001,-0.19397505064854195,-0.14028395883844774,-0.1031666338942993,0.018378046339715248,-0.24704292576270598,-0.04624051089420709,-0.08791435265271458,0.3933187166590085,0.47505821424215816,0.6699162504533523,-0.3280451007440061,0.4638703077267102,0.6431450249708072,-0.7000413197969807,0.38299076070188526,-1.1948244564855852,-0.33388446601522426,-0.5518057113888933,-0.09589797078421768,-0.12036132629719962,-0.06445937319065755,1.0392362993127269,-0.9450322705417455,1.6452215896587035
0.09993592470471256,0.07556243489399589,-0.910497292842996,0.33620333341484293,0.4941446764353373,-0.0996176762928938,-0.31313607401801113,0.29387919730218337,-0.9361979169168668,-0.37528318168931063,-0.7329025660718633,-1.2436297494425879,-0.684465924030573,-0.02435241031328729,0.06235894974928037,1.1412930596842128,-0.10008713689095346,0.9992234567590291,-1.358842677039474,-0.32667025257804455,-1.2166895548891608,0.3529295973679507,0.47735444164460483,-0.8023826709709941,-0.37993570398429216,-0.2929297344405169,-0.18357952190750132,-0.8570593368695344,-0.34855619564574214,-0.3280451007440061,1.2231861780162923,0.3107669630569045,0.1281566989451873,-0.6998371171575656,0.5639878795529724,0.8502770571574947,-0.4729366004585482,0.6513400516342738,-0.3508244362188176,0.46992855682982704,0.8168595778589051,0.10871967029209645,0.9636377574962468,-1.996848330302896
1.1753667684161209,0.04135329923953455,-0.29201482744156965,0.46119314295344044,-0.501244842597835,-0.29676241990681473,0.49199077309136185,1.4294170875398786,-0.24376543017597965,-0.2351544246297171,-0.6416101682302255,-0.8406378323859353,-0.4269897501653492,0.4525161808760503,0.6659179870737626,-0.35708065855740617,-0.3931128989113938,0.43344315534109995,-0.3937906312632551,-0.09648544806700496,-1.0117597733391857,-0.07553244773850254,0.06996273630558682,-0.1768526204255008,-0.40802907968061863,-0.14836935987588232,-0.15020044111499123,-0.10049452716401017,0.3186961256416146,0.4638703077267102,0.3107669630569045,0.697916114596879,0.8748999180114932,-1.0158466772122707,0.6771004205622082,-0.830065235198426,-0.5501440211648572,-0.19073525819636253,-0.38839150479200385,0.13621895966783482,0.39688616705571705,1.2246195920361373,-0.6670536334900552,0.9527202820833622
1.8143752147732786,-0.22807179905101624,0.18685198356325994,0.6291779155540466,-0.6599956126099902,-0.3802492182360333,0.7719712744307548,1.883627615928547,0.10108654485534968,-0.29609999145256505,-0.8863159140786482,-0.5707386029388042,-0.5157136346040768,0.691577971767505,1.053376281776573,-1.357383058639384,-0.6463904207098881,0.031965731187621964,0.19035051471480724,0.10768258661452454,-1.5685914971063517,-0.46907279870883617,-0.2238985825580884,0.6072530006811673,-0.37940158451111367,-0.14311849353916956,-0.0028296131936382508,-0.07512140739283502,0.5632353689685792,0.6431450249708072,0.1281566989451873,0.8748999180114932,1.6281289469176865,-1.089499158978243,0.7673100113886713,-1.6417067229750908,-0.46641535200728573,-0.5461254557617763,-0.6836986457781031,0.0996419193164309,0.32873703050262887,1.9230326584491144,-1.772724778457868,2.364761916600251
-2.257840857222217,0.07154514877172602,0.8595756404974515,-0.7212633561735999,0.8440348393023929,0.637899932766405,-0.3744000042833372,-2.5459701719103798,0.8142308877429403,0.3006179465908636,1.3736986484407083,2.702632694232668,1.0049293575085019,-0.8074390099696978,-0.8740250360596328,-0.23388517522310137,0.49973197941623443,-1.5853180459937455,1.441605505755564,0.3920211840548212,1.7931629660570931,-0.23471309246973363,-0.4043066388207074,0.7629617478608693,1.000121970430709,0.53287676157644015,0.1705834760830139,0.2694182171181514,-0.42678966992091183,-0.7000413197969807,-0.6998371171575656,-1.0158466772122707,-1.089499158978243,1.9713194433806474,-1.3547289686297408,1.321641252151638,1.2658494884127345,0.18843856754454377,0.7501685751038664,-0.29852992117060245,-0.7410068199236678,-2.0027538833032357,0.7511824599849055,-0.344551095803404
1.6658323289300492,-0.161676902166216,-0.6158855520618034,0.565151643506132,-0.4717125184187042,-0.4167987480856826,0.17376076439816618,1.8011925198225012,-0.6531026090363317,-0.22892592103277778,-1.0474024461496012,-2.1000922809597014,-0.8750273949217354,0.5633506250877804,0.6347071866381468,0.2385147889289821,-0.3109313270390237,1.2349810555827543,-1.0784725456262485,-0.26799863599683654,-1.4759777841315507,0.17545230117930413,0.3373227251345416,-0.4627574195048141,-0.7623459799240725,-0.44072094536954326,-0.039280817541324856,-0.29674174222335614,0.2583550429231573,0.38299076070188526,0.5639878795529724,0.6771004205622082,0.7673100113886713,-1.3547289686297408,1.0092552912195087,-0.9079559535526746,-0.9352019588265451,-0.028741103141687,-0.6774818965739953,0.254599699424254,0.580855976673096,1.4488537424292263,-0.5885011688997479,0.0334412906466358
-3.3179565848225177,0.7228702878867814,-0.6064734612228841,-0.6529991561202008,1.5740929621453368,0.6026395890436816,-0.783127009142551,-3.1741004168324207,-0.5718868233804685,-0.09967853333416271,1.0590099994202917,1.799539707653595,0.6760821209662596,-1.227442170178086,-1.306562636321572,2.0574036100413813,0.6053396744895809,-0.4576157404243943,-0.4670696980987317,-0.15532958468093896,1.37164858459283,0.5733420594334562,0.45244173640176416,-1.2023505129575565,0.8221546346563071,0.39894297935878786,-0.4614721660112897,-0.6463130891402515,-1.180565351293972,-1.1948244564855852,0.8502770571574947,-0.830065235198426,-1.6417067229750908,1.321641252151638,-0.9079559535526746,3.6572568134939982,1.1189102330315737,1.2534957553733939,0.9985037032980926,0.3334325662622599,0.2711583512806351,-3.031592596381168,3.459592804072612,-3.858065765457073
-1.755084481648023,0.26610682551653214,0.7007254309566581,-0.4872983699624108,0.4874724955987909,0.38818693630334744,0.0713482038885836,-1.907857659605507,0.6491891946694297,0.14927786727178902,1.0305253386243935,2.5248738616125213,0.9301331106276665,-0.5970574845561832,-0.5533462489281122,-0.4603360094839303,0.22130246719135102,-1.4993887815580218,1.2683092396976259,0.33452295339889776,1.3234380623228945,-0.2600473235198763,-0.32842237020920295,0.45600627326890275,0.8831503653675069,0.5200065136662504,-0.10429351594057339,0.21072665291653273,-0.2858550239333296,-0.33388446601522426,-0.4729366004585482,-0.5501440211648572,-0.46641535200728573,1.2658494884127345,-0.9352019588265451,1.1189102330315737,1.2485010352675905,0.005348163687550591,0.7366351531665739,-0.14918837383314454,-0.452070429349502,-1.4372491910678682,0.633740314332176,0.35597000194427125
-0.7742753657107331,0.10958209773066459,-0.5230168092295481,0.0049327293529477685,0.6944048212100651,0.20895067016918584,-0.4799224766986198,-0.710676630982797,-0.5644209737318473,-0.12122202449316008,0.025198555499727663,-0.22358552195180692,-0.22344169200585373,-0.33579712721714366,-0.3521434844483392,1.1203577562024745,0.2341546467205387,0.42785728236059095,-0.6966884910442728,-0.15332901834806717,-0.12865065428837738,0.3074877610750741,0.3666946600597291,-0.5385914564450399,0.013701210882705109,-0.07591324731355142,-0.10512856629451514,-0.5091407019743369,-0.472114324748677,-0.5518057113888933,0.6513400516342738,-0.19073525819636253,-0.5461254557617763,0.18843856754454377,-0.028741103141687,1.2534957553733939,0.005348163687550591,0.7707772251524745,-0.022949297779829438,0.26106235493611374,0.38716128941177375,-0.8226242057026121,1.2341286019644961,-2.0449497147426468
-1.4793429188557132,0.45999298664345467,0.19551138515660266,-0.5100136876241503,0.12688052587421264,0.17882107110463996,0.06620423375049526,-1.3770687896856761,0.32407013199860724,0.16811782741086712,0.8808465547458452,1.6130093859054728,0.8833733807102119,-0.44381726689626744,-0.5526042127326023,0.16619779893800715,0.18882164262495615,-0.827269665161913,0.5415565431988735,0.06647965591949319,1.4666623428600258,0.06796624768090746,-0.10421977671706685,-0.30730239688786143,0.5717728164880629,0.40888466114945526,-0.2814165049041711,0.33630500475094216,-0.2148467979801589,-0.09589797078421768,-0.3508244362188176,-0.38839150479200385,-0.6836986457781031,0.7501685751038664,-0.6774818965739953,0.9985037032980926,0.7366351531665739,-0.022949297779829438,0.8619690224581938,-0.14547787068935258,-0.3517802571298867,-1.2817681174661824,1.0348665322634252,-0.22076989506837677
0.036089912953927945,0.043033247645434605,-0.34574099179637935,0.14236331620038845,0.18364931670252851,-0.04542282116340057,-0.07843216915652033,0.11366977169352858,-0.3761014105955291,-0.1626168521838575,-0.29195782695493244,-0.44817472735138203,-0.264707814163593,-0.002306358185513601,0.046206790263338515,0.4155692842968102,-0.04725041523149982,0.3671752987231762,-0.5139119763344365,-0.10630960799853924,-0.506799491034717,0.13455646192265439,0.19243119005015086,-0.3174988612805188,-0.13808661415204054,-0.09846238319495111,-0.10642113029068004,-0.3298746729906318,-0.14787881843203465,-0.12036132629719962,0.46992855682982704,0.13621895966783482,0.0996419193164309,-0.29852992117060245,0.254599699424254,0.3334325662622599,-0.14918837383314454,0.26106235493611374,-0.14547787068935258,0.22135826618951088,0.3466406099988869,0.03779723546127508,0.37587301318651734,-0.7093787895024526
0.4347556725637809,0.05332113961893316,-0.6449493313130602,0.36971736063906735,0.13839316486483083,-0.14628528412322983,-0.02334631603131239,0.6192508737020098,-0.6813989542221697,-0.28615999410369947,-0.6316857475273759,-1.0513060096411797,-0.5757184508694955,0.13256493322691995,0.24743298298968863,0.6200229884283994,-0.15689602506693498,0.786962267067511,-0.9529916629657836,-0.22177905361909234,-1.0516829501126297,0.20954885871354223,0.35302731279149563,-0.5671821505705318,-0.3738697237467337,-0.232033771395427,-0.17673329975209132,-0.5411593730239591,-0.12296475790597683,-0.06445937319065755,0.8168595778589051,0.39688616705571705,0.32873703050262887,-0.7410068199236678,0.580855976673096,0.2711583512806351,-0.452070429349502,0.38716128941177375,-0.3517802571298867,0.3466406099988869,0.6438598961203125,0.41792206402395515,0.3885365785355421,-0.9500470949044744
3.518394078157931,-0.602162360804855,-0.08578008350670707,1.016058802138824,-1.2788566762688918,-0.7017778737212156,0.7682166916265368,3.5788704249282524,-0.15754011336051046,-0.2366679909164184,-1.6394775305010167,-2.6638129357836817,-1.249652522503063,1.2389997562265627,1.5077436631930037,-1.3440328807972062,-0.7437927200090947,1.1454397778813916,-0.48734399740436407,-0.08425182319700872,-2.4382783730660695,-0.33679609485791234,-0.05921427084741853,0.5321224683008707,-1.1357800378672145,-0.5966423543269948,0.2871749681336436,-0.021603959729376572,0.9782414414345422,1.0392362993127269,0.10871967029209645,1.2246195920361373,1.9230326584491144,-2.0027538833032357,1.4488537424292263,-3.031592596381168,-1.4372491910678682,-0.8226242057026121,-1.2817681174661824,0.03779723546127508,0.41792206402395515,3.3440560670749235,-2.8344946668818505,2.721519461858287
-2.9278542764292603,0.8789641448698774,-1.0976245772879794,-0.6602081706951399,1.2061842472198119,0.38326721941247394,-0.8274094968523326,-2.5825495570108035,-0.905382852128386,-0.09036818748175693,0.833604223905597,0.7826648507840032,0.5836734220997327,-1.0589325162302705,-1.2981766560193955,2.6457905178692154,0.5836209324236273,0.24259193743216106,-1.2101235591761579,-0.3890268776188928,1.4118785240795135,0.8828342164039004,0.6748642166016777,-1.8977754979229795,0.5124797621545186,0.2525900450729671,-0.6285607431357013,-0.523670895328998,-1.1149686351535293,-0.9450322705417455,0.9636377574962468,-0.6670536334900552,-1.772724778457868,0.7511824599849055,-0.5885011688997479,3.459592804072612,0.633740314332176,1.2341286019644961,1.0348665322634252,0.37587301318651734,0.3885365785355421,-2.8344946668818505,3.789040723920834,-4.3543266018881885
2.189145719247627,-0.19953053798434217,1.9709141521697637,0.4284432814026791,-1.9083280081244978,-0.28090067253777024,2.0979810990942904,2.2582183713244524,2.0724384400706755,0.10455517432576204,0.20315354558385157,2.3105983371500396,0.6978665794214957,0.9738184033291225,1.6203135789114782,-4.540977905821629,-0.8959876028378323,-2.3588217146253103,3.1072512347116183,0.8794332486501427,-0.06736848698921188,-1.5333393241443596,-1.3730659751856213,2.4130755497787804,0.321223536492239,0.567495676186315,0.18842119275072616,1.4621806783245357,1.524172785693474,1.6452215896587035,-1.996848330302896,0.9527202820833622,2.364761916600251,-0.344551095803404,0.0334412906466358,-3.858065765457073,0.35597000194427125,-2.0449497147426468,-0.22076989506837677,-0.7093787895024526,-0.9500470949044744,2.721519461858287,-4.3543266018881885,7.971607853511769
