V1,V2,V3,V4,V5,V6,V7,V8,V9,V10,V11,V12,V13,V14,V15,V16,V17,V18,V19,V20,V21,V22,V23,V24,V25,V26,V27,V28,V29,V30,V31,V32,V33,V34,V35,V36,V37,V38,V39,V40,V41,V42,V43,V44
1.1859992637187298,-0.18604810272309427,0.11221842738115834,0.4079417767159086,-0.4001995656662518,0.05183779267462537,0.36756513109341504,1.248336787579838,0.2059251160131644,-0.07157919738399572,-0.15626636947829153,-0.3778682116715388,-0.41974972129495774,0.3225692471523658,0.6176023973504247,-0.7946678114711783,-0.12663461315460298,-0.02745198666943792,0.3166469485927797,0.1853035691599794,-0.5877021369564605,-0.3038253606472488,-0.0758115350900633,0.4864912593677969,-0.20668706530746245,-0.07743221489227647,0.2265982775284161,0.23050529491416188,0.41731203843422077,0.3382387444477945,-0.3417462359192744,0.39039612506820204,0.5800204412173895,-0.4215614454900519,0.3995227519265911,-1.1350412473481069,-0.3560664326380752,-0.1750200592800628,-0.6068244952515132,-0.08409942146887261,-0.032548886304590394,1.1278861312552129,-1.249552769581086,1.746443144356583
-0.18604810272309427,0.6298473305325243,-0.9142302662028252,1.171794756773368,0.5662114744821216,1.6428252630726188,0.34518542624357856,1.155317299970256,-0.3894722421915679,-0.3790341930233021,1.66932504714684,0.8447225862954263,-0.8398476022892062,-0.3284428046059252,0.9909231056000244,0.4974649790434212,0.8210962642601943,-0.17832218505931433,0.3691073766099251,0.46248194721801683,0.17568352009880744,-0.34793036619658535,0.622063532523196,-0.08595717287960641,0.1738765204741257,0.4579826188850958,-0.16560500308021364,0.5298719873440243,-0.12674814458137917,-0.4272093015087737,-0.3550429585959355,0.5710282252691109,-0.7028789040415403,0.5227557487571994,0.3088469415829279,0.5380745066054728,-0.8253168395912471,2.616469181336294,-1.4670239776185026,0.12310867983169425,0.6974787525164549,-0.5696575510050592,0.39646132734629463,1.0433328557749628
0.11221842738115834,-0.9142302662028252,1.8543473080996529,-1.8309455968241188,-1.053336617006435,-2.4305420227385666,-0.24442379809899947,-1.8797301621676579,0.9957716713800029,0.6825102583578443,-2.1854960545880706,-0.4538968910006699,1.6387541793112337,0.5248025461319602,-1.4021396759190012,-1.4101063615465417,-1.2417612643184663,-0.31126980823758743,0.17409544410179406,-0.5654510003022931,0.17633316059228094,0.2894763512889526,-1.2253185976542829,0.5442836000393332,-0.05329186985041481,-0.46720034289721324,0.2279373036293383,-0.4673797752455547,0.3093311918401462,0.8075857336057376,0.11078685506510311,-0.88226274975454,1.1802856875343604,-0.44574424881134805,-0.7414226494334941,-1.1266816954702432,1.4904044195305195,-4.157546264398999,2.3954203866185364,-0.36807941704271346,-1.2830396701071973,0.7745172584357516,-1.019074232454064,-0.5093737992927824
0.4079417767159086,1.171794756773368,-1.8309455968241188,3.1485896038829937,1.1163429434769303,3.9813493446468713,1.038972523509609,3.579496710272189,-0.6807451729682905,-0.8564759461365653,3.8745118266261818,1.9750220166924262,-2.282260614616592,-0.4033869361623819,2.8334620999795157,0.4075870854617773,1.807811176393346,-0.46228249675674077,1.316739347153341,1.345361123155663,-0.038933866513419985,-1.2002576293601328,1.3424098236129522,0.5994827797841639,0.25701465141324836,1.0057820992805506,-0.27436352743887243,1.4223538614356814,0.03630341340379231,-0.8817977349635785,-1.1734571069830917,1.5315816822324315,-1.2452003385591852,1.2218008638387006,0.8491497449654793,0.1324658958950536,-2.3498759402439706,6.3187191093135,-4.023658786384858,0.22839817174662372,1.6568181955023886,-0.6754697708125761,-0.2878618784167935,3.623840355456317
-0.4001995656662518,0.5662114744821216,-1.053336617006435,1.1163429434769303,0.8765819514145419,1.7155806347378888,0.0855410507773566,0.8331812380119598,-0.5218799408196079,-0.4122421542829953,1.6254091584432726,0.7471830195666204,-0.9661879989899232,-0.465166408193346,0.7980769550575758,0.8426779966167675,0.8804309405388597,-0.06282787403048813,0.13652320973783227,0.46233894958979094,0.07607193202662924,-0.2559931942292103,0.7354603626957072,-0.15216547622389218,0.19211319110351543,0.37651571654898763,-0.09228082006054902,0.30368809725647583,-0.2699446806920753,-0.6780398676572825,-0.16041880847381926,0.41657577771470505,-0.9125776400874182,0.6171595797311117,0.27672013336274526,0.9333223278073011,-0.7767883984022026,2.786362487638999,-1.514293085128431,0.2134387917948948,0.7417033441709289,-0.7907561943177547,0.7224887789228097,0.2834100577804241
0.05183779267462537,1.6428252630726188,-2.4305420227385666,3.9813493446468713,1.7155806347378888,5.401474363554342,1.2667153613799307,4.18501312705153,-0.8115808501432067,-1.1541264765086567,5.355042167790006,3.0692067876418374,-2.8781286499478407,-0.7958528171081127,3.5158399755896124,0.6419273053186146,2.4919321293564676,-0.9188784995612468,1.8561531147713282,1.8367272123703506,0.24165324298713806,-1.554625027273436,1.762858937936788,0.7359483600865521,0.5606115015615896,1.4241721684727193,-0.2963959602242703,1.8509192618777968,-0.07868651723420175,-1.3285011135622926,-1.5835212707335318,1.8520861249833196,-1.8829401503008594,1.8588865236809284,0.9435401119140854,0.6918782174163169,-2.7755051033787637,8.330613213866682,-5.163634077919227,0.2923833380975757,2.054052125837788,-1.2489585588194345,-0.005596192963339417,4.6096577337651254
0.36756513109341504,0.34518542624357856,-0.24442379809899947,1.038972523509609,0.0855410507773566,1.2667153613799307,0.6327883505368934,1.3700956434236593,0.11531050145840288,-0.21686130089778802,1.3646864275416262,1.0614917237920456,-0.5852161664849432,-0.010872347011445875,1.1054865002756271,-0.531260232168261,0.4954714871104365,-0.5307509128283551,0.9576335575036948,0.5701830345316649,0.11341871775342671,-0.6049980967070936,0.22863312164070662,0.5697671671304154,0.16085991286279025,0.42492047028588087,-0.053041445917985125,0.7228644812448229,0.22600961656590435,-0.06325883671075841,-0.7509265251900895,0.5737706278848517,-0.1347599769720288,0.4485462002575134,0.2120274578292602,-0.49013369502993115,-0.6550264132009773,1.7442750613291953,-1.286483570940258,-0.06457248535838991,0.34261959871019676,0.07780759469753688,-0.7180080710058641,2.315793979390578
1.248336787579838,1.155317299970256,-1.8797301621676579,3.579496710272189,0.8331812380119598,4.18501312705153,1.3700956434236593,4.690439891861258,-0.5799960536884703,-0.9580416157482567,3.962302091165036,1.7678381321401004,-2.636282955078917,-0.19590233093864243,3.4195039641867435,-0.09674970515847509,1.8095956951932224,-0.49865404165365784,1.5701370330952473,1.5018894716812863,-0.40390578261796267,-1.4525336005899816,1.3419691880067448,0.8730543854435243,0.11793910614198748,1.0267240759877936,-0.1604649044732003,1.6908933820390848,0.32664452759710355,-0.6261834532918212,-1.4506765163629967,1.9193950930624697,-0.8941477007270596,0.936068441685011,1.1860207429252059,-0.6474342191716945,-2.736673647594418,6.476880308253682,-4.596247046904511,0.1740138410808671,1.7278035449548423,0.0800983014792644,-1.103323257680426,5.078403331112005
0.2059251160131644,-0.3894722421915679,0.9957716713800029,-0.6807451729682905,-0.5218799408196079,-0.8115808501432067,0.11531050145840288,-0.5799960536884703,0.8045065956885669,0.27331048446036454,-0.6405160534702837,0.4064150635194019,0.7263811850040699,0.2064445233495342,-0.3869310405511932,-1.1936826871665236,-0.5242018240439632,-0.6461371608326072,0.634680513310251,0.02411397258601112,0.18016918539829238,-0.17064595793723616,-0.6605840912022206,0.6844437390652404,0.15083152171241226,-0.07824918746033112,0.19503165027262823,0.04049633162980381,0.31495540575308006,0.42198721555111546,-0.3548957618984205,-0.32867526964378885,0.6256034509606395,-0.01657461258408207,-0.3778934765251447,-0.8765109769257189,0.7258357556931555,-1.8005898396082656,0.8379837832190373,-0.26207061448478225,-0.7406829547269047,0.5528353086568755,-0.9818897081311687,0.9714186956046095
-0.07157919738399572,-0.3790341930233021,0.6825102583578443,-0.8564759461365653,-0.4122421542829953,-1.1541264765086567,-0.21686130089778802,-0.9580416157482567,0.27331048446036454,0.310558786790151,-1.0719950033223082,-0.40805200408833625,0.7231808467871222,0.23159307785984454,-0.737757432719015,-0.29824477923179465,-0.5619630420860762,0.09676485927173188,-0.2156932338561059,-0.34260371503196035,0.0670704612933232,0.25447507522513096,-0.4426277847945504,0.021305365393080117,-0.08187131767285329,-0.2705505298324303,-0.0016712564641207031,-0.3250800483749274,0.05324658929754261,0.2953935955012086,0.2318427334187656,-0.4321813231156725,0.41529079635301164,-0.25253805745411884,-0.31670942379209055,-0.3085221886400943,0.5928439459490918,-1.7480052429253865,1.1508052955990775,-0.09596920926291609,-0.4715868558200994,0.1760024498142214,-0.13788325191273976,-0.8694262259003211
-0.15626636947829153,1.66932504714684,-2.1854960545880706,3.8745118266261818,1.6254091584432726,5.355042167790006,1.3646864275416262,3.962302091165036,-0.6405160534702837,-1.0719950033223082,5.493851854761964,3.479038208078712,-2.6116994284717823,-0.7900634065936498,3.4684019093724388,0.4169762819842976,2.471465662201876,-1.1725983664506887,2.1570274063238433,1.8555289263724402,0.5380662619003654,-1.6162422378237908,1.6247422895233217,0.8534929183698892,0.6666293320108033,1.5293529191638342,-0.3502194347804767,1.9829080984607335,-0.059499268453453664,-1.2572695721995695,-1.7350790727000847,1.7893042358529831,-1.8738291588220415,2.0486385624939145,0.7563902242650186,0.6455988974797531,-2.6112223288221883,8.181854850657388,-4.944831784346257,0.21262346916225125,1.9395560472568012,-1.4117960545423256,-0.06216838192292616,4.878393280654143
-0.3778682116715388,0.8447225862954263,-0.4538968910006699,1.9750220166924262,0.7471830195666204,3.0692067876418374,1.0614917237920456,1.7678381321401004,0.4064150635194019,-0.40805200408833625,3.479038208078712,3.518076998725526,-0.9009052591488854,-0.35168456902751766,1.9177383723433061,-0.8559505882661559,1.1796454534966712,-1.613260569979052,2.27778332871706,1.4468547664334732,0.9126303847864179,-1.3611511502452096,0.4823759561151691,1.4281781948070038,0.7676572781927916,1.0733389886871394,-0.2790828288633032,1.4775616904632238,0.22581846264092145,-0.6280953755344678,-1.6536810315155108,0.7833735083923069,-0.9092546230303581,1.7663699876530525,-0.12465098874619884,-0.2987311470717834,-1.0992760040222622,4.285412178457985,-2.5138133872445025,-0.08615637149804473,0.6355401364735225,-0.9771827166914998,-0.8173018139850831,3.9646275187342943
-0.41974972129495774,-0.8398476022892062,1.6387541793112337,-2.282260614616592,-0.9661879989899232,-2.8781286499478407,-0.5852161664849432,-2.636282955078917,0.7263811850040699,0.7231808467871222,-2.6116994284717823,-0.9009052591488854,1.9298800962602332,0.4017194225480378,-1.9740791299889817,-0.6697972236480968,-1.3543661688636919,0.06361347565978365,-0.5367774834075075,-0.8918265594375421,0.32184548435623467,0.6948213124417196,-1.153140407920542,-0.12435402235346464,-0.09169256487519362,-0.6004475495829124,0.06455326599803891,-0.8128479959006725,0.053892870830209834,0.7365799718636756,0.6101229392747715,-1.127983170273618,0.9615828675894589,-0.622397276459024,-0.8320759311805065,-0.4273024618637696,1.70886099714776,-4.556307580525622,3.0364949164201946,-0.2604893159076149,-1.2730411827056067,0.3323747409300305,-0.06184289752810894,-2.148393110693272
0.3225692471523658,-0.3284428046059252,0.5248025461319602,-0.4033869361623819,-0.465166408193346,-0.7958528171081127,-0.010872347011445875,-0.19590233093864243,0.2064445233495342,0.23159307785984454,-0.7900634065936498,-0.35168456902751766,0.4017194225480378,0.40279489824348286,-0.2630282733543752,-0.44034952171186464,-0.4944832699763908,0.18630921841474177,-0.0945545174285921,-0.17804809724826343,-0.11666744838906334,0.05088026892502599,-0.3276561263675258,0.2404915517058218,-0.1729817954311295,-0.2152977927160907,-0.09100291281841918,-0.12091874090947641,0.1914338507876952,0.3061481041869855,0.06332095221415061,-0.15007804623588808,0.4731049994757267,-0.27041701787438055,-0.13906665679917665,-0.7594372028092339,0.09035026762699554,-1.0558460069024376,0.5854026453375594,-0.07064063021115159,-0.23602739132924594,0.36419080467307685,-0.5329026312166082,-0.2545950164819167
0.6176023973504247,0.9909231056000244,-1.4021396759190012,2.8334620999795157,0.7980769550575758,3.5158399755896124,1.1054865002756271,3.4195039641867435,-0.3869310405511932,-0.737757432719015,3.4684019093724388,1.9177383723433061,-1.9740791299889817,-0.2630282733543752,2.6836756829133632,-0.10835139478226427,1.5487275153579332,-0.6354655040010285,1.5085323328881697,1.2645336694252935,-0.03491876153005981,-1.2170180387109601,1.0359994238558674,0.8040668076459587,0.25047347743390735,0.9496711828738768,-0.1700638795140371,1.4299000245315083,0.18434280856654867,-0.6170945155268793,-1.2727848256598149,1.4445267510821787,-0.8771138508300601,1.0736415777109334,0.7523001980776509,-0.29464654621955694,-2.054443662585925,5.378394043982353,-3.6180037636059343,0.10302305532426476,1.3481425007997112,-0.3037196830704697,-0.7450590537205884,4.060771623621002
-0.7946678114711783,0.4974649790434212,-1.4101063615465417,0.4075870854617773,0.8426779966167675,0.6419273053186146,-0.531260232168261,-0.09674970515847509,-1.1936826871665236,-0.29824477923179465,0.4169762819842976,-0.8559505882661559,-0.6697972236480968,-0.44034952171186464,-0.10835139478226427,2.1804498739795855,0.5760033267546133,1.0772180612542943,-1.4049494949320849,-0.27253504765491193,-0.115699054724439,0.5593811095021136,0.9104559782438683,-1.384275214128001,-0.17755861038655185,-0.057993727956567744,-0.3305207792143327,-0.4353613165996476,-0.6469630523108255,-0.6745045970431613,0.8943471270141743,0.090047391152098,-1.0427314332681041,-0.04260440516560115,0.34961644022535876,1.7997255618127144,-0.6197078810495212,1.8840287751448348,-0.475218732916727,0.4362680240344388,0.8798621454279041,-1.1255458342563989,2.104644606645338,-2.795483724387857
-0.12663461315460298,0.8210962642601943,-1.2417612643184663,1.807811176393346,0.8804309405388597,2.4919321293564676,0.4954714871104365,1.8095956951932224,-0.5242018240439632,-0.5619630420860762,2.471465662201876,1.1796454534966712,-1.3543661688636919,-0.4944832699763908,1.5487275153579332,0.5760033267546133,1.2809278721013957,-0.3223990491194194,0.7088909485859796,0.7203955618012785,0.12218035033830674,-0.5830969146199843,0.8744608847962281,0.06676006062473393,0.24033564459961268,0.6700818390541218,-0.0836125515078877,0.784528933689536,-0.17213728824381788,-0.6513910009030778,-0.5835639494140573,0.8449791389796009,-0.9776164653302508,0.8369209481384828,0.48027354175082926,0.6955259596043222,-1.1954586009165211,3.85502245023077,-2.322430624735302,0.14947059550805677,1.0041693249960908,-0.6935114116431087,0.3339865758574821,1.8369979940964727
-0.02745198666943792,-0.17832218505931433,-0.31126980823758743,-0.46228249675674077,-0.06282787403048813,-0.9188784995612468,-0.5307509128283551,-0.49865404165365784,-0.6461371608326072,0.09676485927173188,-1.1725983664506887,-1.613260569979052,0.06361347565978365,0.18630921841474177,-0.6354655040010285,1.0772180612542943,-0.3223990491194194,1.1902311974452175,-1.4037300141520366,-0.610318502721395,-0.43283110685368514,0.6510995419995428,0.1760075376522864,-0.8839194286521393,-0.4459518111629659,-0.457846543079229,-0.2067122584477032,-0.6687317929145042,-0.2504130460499241,-0.010191913908995733,0.9229627598359296,-0.20190343906944003,0.007935516819488517,-0.6584101586176854,0.15809107586401708,0.41608568642037475,-0.11857478589452933,-0.6295629237475568,0.6615879996574882,0.22011070240214758,0.2181704756051314,-0.08778351998681078,0.8843227836950205,-2.6615259686855666
0.3166469485927797,0.3691073766099251,0.17409544410179406,1.316739347153341,0.13652320973783227,1.8561531147713282,0.9576335575036948,1.5701370330952473,0.634680513310251,-0.2156932338561059,2.1570274063238433,2.27778332871706,-0.5367774834075075,-0.0945545174285921,1.5085323328881697,-1.4049494949320849,0.7088909485859796,-1.4037300141520366,2.077947954885935,0.9886175150796155,0.4549998304802883,-1.1026125840177294,-9.887597540958358e-4,1.3827422534756955,0.4805824208405543,0.7516220491237325,0.10813899285957121,1.1875724650668689,0.38738188281270236,-0.07861905477175245,-1.4211345183661275,0.6329346313288696,-0.11845151969502345,1.0660278484221024,-0.02709149537798255,-0.8785736267475598,-0.5388215287383993,2.1349612914336946,-1.6837550326851383,-0.2553504362484514,0.1550141557707674,0.04785770073357372,-1.4619431539397427,4.119469725824595
0.1853035691599794,0.46248194721801683,-0.5654510003022931,1.345361123155663,0.46233894958979094,1.8367272123703506,0.5701830345316649,1.5018894716812863,0.02411397258601112,-0.34260371503196035,1.8555289263724402,1.4468547664334732,-0.8918265594375421,-0.17804809724826343,1.2645336694252935,-0.27253504765491193,0.7203955618012785,-0.610318502721395,0.9886175150796155,0.8289270501336542,0.12093475537021005,-0.7309811517019202,0.46461306074208775,0.6621465418540076,0.26977618692349825,0.48998279023586433,-0.07866001023615202,0.7525450781328386,0.15396157907247385,-0.3727327916622619,-0.809794639202137,0.5961118735446631,-0.4855011932751637,0.7201927853108095,0.2321408416445737,-0.22738533317881315,-0.883987581110189,2.662916002339934,-1.7861980086415954,0.04160501437788789,0.5268829929214514,-0.2318489524808531,-0.5068788306251587,2.219922264124739
-0.5877021369564605,0.17568352009880744,0.17633316059228094,-0.038933866513419985,0.07607193202662924,0.24165324298713806,0.11341871775342671,-0.40390578261796267,0.18016918539829238,0.0670704612933232,0.5380662619003654,0.9126303847864179,0.32184548435623467,-0.11666744838906334,-0.03491876153005981,-0.115699054724439,0.12218035033830674,-0.43283110685368514,0.4549998304802883,0.12093475537021005,0.5874389065666429,-0.12105954204325861,-0.08084346276141932,0.13546251596488235,0.255594091567597,0.24037771806878808,-0.1616522955197706,0.23277844409847281,-0.0629960502436656,-0.07343626477203359,-0.24654636608337288,-0.09523199978500067,-0.24134135688635136,0.4866215421558585,-0.3260944139653667,0.2136010318636506,0.16074463705992087,0.30851954679861865,0.15810821729198693,-0.07308471542657895,-0.06129096042388504,-0.5809325936270143,0.20119442558580805,0.2146932559965858
-0.3038253606472488,-0.34793036619658535,0.2894763512889526,-1.2002576293601328,-0.2559931942292103,-1.554625027273436,-0.6049980967070936,-1.4525336005899816,-0.17064595793723616,0.25447507522513096,-1.6162422378237908,-1.3611511502452096,0.6948213124417196,0.05088026892502599,-1.2170180387109601,0.5593811095021136,-0.5830969146199843,0.6510995419995428,-1.1026125840177294,-0.7309811517019202,-0.12105954204325861,0.7535698854566014,-0.26576955778853006,-0.805495670231428,-0.23765226406364764,-0.4730567005099996,0.05946050374024369,-0.7664999753510923,-0.2221993756949148,0.21160508582370693,0.8428849150699256,-0.5653683404688485,0.2608253356013947,-0.67598937234358,-0.15571331613457848,0.531346956234106,0.7912106375740299,-2.191282637839619,1.5492927395535672,0.04472084386180618,-0.3979955302918635,0.06383857603954389,0.7883842161180846,-2.4228123587794745
-0.0758115350900633,0.622063532523196,-1.2253185976542829,1.3424098236129522,0.7354603626957072,1.762858937936788,0.22863312164070662,1.3419691880067448,-0.6605840912022206,-0.4426277847945504,1.6247422895233217,0.4823759561151691,-1.153140407920542,-0.3276561263675258,1.0359994238558674,0.9104559782438683,0.8744608847962281,0.1760075376522864,-9.887597540958358e-4,0.46461306074208775,-0.08084346276141932,-0.26576955778853006,0.8796915002300517,-0.26002135463687764,0.05066866681158076,0.33485791637045514,-0.2081410936999944,0.3728906424127964,-0.18231712303467917,-0.5848336799038893,-0.1633313985671793,0.6109280742671321,-0.8423470838059584,0.4156404843845554,0.47917135127216437,0.6813868557098423,-1.0827033726313573,3.0518054045525482,-1.7315050842938362,0.25458811335925635,0.9117179609218993,-0.5880517809223929,0.6045589907130754,0.4452023896738602
0.4864912593677969,-0.08595717287960641,0.5442836000393332,0.5994827797841639,-0.15216547622389218,0.7359483600865521,0.5697671671304154,0.8730543854435243,0.6844437390652404,0.021305365393080117,0.8534929183698892,1.4281781948070038,-0.12435402235346464,0.2404915517058218,0.8040668076459587,-1.384275214128001,0.06676006062473393,-0.8839194286521393,1.3827422534756955,0.6621465418540076,0.13546251596488235,-0.805495670231428,-0.26002135463687764,1.3712891129626361,0.24395721754704122,0.3007989966417308,0.0344815608366859,0.6582466166689582,0.44147142033891495,0.06823079535972469,-0.966870743700648,0.24025051876592432,0.2638954357442841,0.6171566309470408,-0.1737629134512295,-1.299996094849875,-0.3241132544550054,0.7342589174147041,-0.8178294032802599,-0.20663182279272063,-0.11955942336592779,0.31740011407549096,-1.5551425466179594,2.5685305933341853
-0.20668706530746245,0.1738765204741257,-0.05329186985041481,0.25701465141324836,0.19211319110351543,0.5606115015615896,0.16085991286279025,0.11793910614198748,0.15083152171241226,-0.08187131767285329,0.6666293320108033,0.7676572781927916,-0.09169256487519362,-0.1729817954311295,0.25047347743390735,-0.17755861038655185,0.24033564459961268,-0.4459518111629659,0.4805824208405543,0.26977618692349825,0.255594091567597,-0.23765226406364764,0.05066866681158076,0.24395721754704122,0.22751425592573077,0.22430046502130602,0.013861510589234525,0.252366764575654,0.007419501824013686,-0.13689601178862257,-0.3235222110304846,0.07374172798020304,-0.2040970743351228,0.37974813932754764,-0.07822916837683337,0.11091623837846791,-0.015108919255681181,0.629319663370156,-0.35832025221980435,-0.03963716379953754,0.015685733420192745,-0.22876081898477077,-0.06032691792622254,0.7680259769839527
-0.07743221489227647,0.4579826188850958,-0.46720034289721324,1.0057820992805506,0.37651571654898763,1.4241721684727193,0.42492047028588087,1.0267240759877936,-0.07824918746033112,-0.2705505298324303,1.5293529191638342,1.0733389886871394,-0.6004475495829124,-0.2152977927160907,0.9496711828738768,-0.057993727956567744,0.6700818390541218,-0.457846543079229,0.7516220491237325,0.48998279023586433,0.24037771806878808,-0.4730567005099996,0.33485791637045514,0.3007989966417308,0.22430046502130602,0.480206312454325,-0.06301504859371108,0.6123227267958139,-0.0010756228685425608,-0.27775129012411165,-0.5498503610043008,0.48821581073725584,-0.44780771006890296,0.6036309335008702,0.14691913216101585,0.12893166339879672,-0.6144920843172127,2.067266656936002,-1.2601965214138473,-0.0014584551280272435,0.45398967736858764,-0.3696058761062273,-0.11072658364192361,1.608147904131393
0.2265982775284161,-0.16560500308021364,0.2279373036293383,-0.27436352743887243,-0.09228082006054902,-0.2963959602242703,-0.053041445917985125,-0.1604649044732003,0.19503165027262823,-0.0016712564641207031,-0.3502194347804767,-0.2790828288633032,0.06455326599803891,-0.09100291281841918,-0.1700638795140371,-0.3305207792143327,-0.0836125515078877,-0.2067122584477032,0.10813899285957121,-0.07866001023615202,-0.1616522955197706,0.05946050374024369,-0.2081410936999944,0.0344815608366859,0.013861510589234525,-0.06301504859371108,0.37714040525017645,-0.0925965544412475,0.052868377542615044,0.15421900435994257,-0.008883164029708039,-0.07898890486150208,0.2640267750246743,-0.22076995415363423,0.05125827709586707,0.003991968764668056,0.44639183983820574,-0.9299616523098875,0.21779387010435614,-0.0937453295937611,-0.314779281297037,0.48382990083215804,-0.2660033675891158,0.47951398167194936
0.23050529491416188,0.5298719873440243,-0.4673797752455547,1.4223538614356814,0.30368809725647583,1.8509192618777968,0.7228644812448229,1.6908933820390848,0.04049633162980381,-0.3250800483749274,1.9829080984607335,1.4775616904632238,-0.8128479959006725,-0.12091874090947641,1.4299000245315083,-0.4353613165996476,0.784528933689536,-0.6687317929145042,1.1875724650668689,0.7525450781328386,0.23277844409847281,-0.7664999753510923,0.3728906424127964,0.6582466166689582,0.252366764575654,0.6123227267958139,-0.0925965544412475,0.9315303603456188,0.17339002232880998,-0.23074836846405108,-0.9074114059760795,0.7270754393375407,-0.3928330617233396,0.737515521282961,0.2343495096037496,-0.3380879462677395,-0.9238224638831366,2.6559903270113194,-1.7770772458834219,-0.04299706758908661,0.5550145103895232,-0.19696374401699318,-0.6288423596439757,2.7052915805325446
0.41731203843422077,-0.12674814458137917,0.3093311918401462,0.03630341340379231,-0.2699446806920753,-0.07868651723420175,0.22600961656590435,0.32664452759710355,0.31495540575308006,0.05324658929754261,-0.059499268453453664,0.22581846264092145,0.053892870830209834,0.1914338507876952,0.18434280856654867,-0.6469630523108255,-0.17213728824381788,-0.2504130460499241,0.38738188281270236,0.15396157907247385,-0.0629960502436656,-0.2221993756949148,-0.18231712303467917,0.44147142033891495,0.007419501824013686,-0.0010756228685425608,0.052868377542615044,0.17339002232880998,0.2578899850470821,0.2042057490030684,-0.3058762262040604,0.07103774310799274,0.3210704261622465,-0.05034653883623309,-0.0057422621290537405,-0.695793023292202,-0.007131721952750063,-0.319284003709494,-0.06483196658770404,-0.0972380767148854,-0.17583430328150831,0.44029205695285967,-0.7379449688219903,0.9789334873059595
0.3382387444477945,-0.4272093015087737,0.8075857336057376,-0.8817977349635785,-0.6780398676572825,-1.3285011135622926,-0.06325883671075841,-0.6261834532918212,0.42198721555111546,0.2953935955012086,-1.2572695721995695,-0.6280953755344678,0.7365799718636756,0.3061481041869855,-0.6170945155268793,-0.6745045970431613,-0.6513910009030778,-0.010191913908995733,-0.07861905477175245,-0.3727327916622619,-0.07343626477203359,0.21160508582370693,-0.5848336799038893,0.06823079535972469,-0.13689601178862257,-0.27775129012411165,0.15421900435994257,-0.23074836846405108,0.2042057490030684,0.5565909004625804,0.1239096191846056,-0.3074505255580745,0.7264511369939098,-0.5200779476722179,-0.1793838366358703,-0.652336553609081,0.6808098073239394,-2.269645656258614,1.177669454989197,-0.18182299477196623,-0.6129394149818801,0.6944356946958625,-0.5505359696149834,-0.05724452071850563
-0.3417462359192744,-0.3550429585959355,0.11078685506510311,-1.1734571069830917,-0.16041880847381926,-1.5835212707335318,-0.7509265251900895,-1.4506765163629967,-0.3548957618984205,0.2318427334187656,-1.7350790727000847,-1.6536810315155108,0.6101229392747715,0.06332095221415061,-1.2727848256598149,0.8943471270141743,-0.5835639494140573,0.9229627598359296,-1.4211345183661275,-0.809794639202137,-0.24654636608337288,0.8428849150699256,-0.1633313985671793,-0.966870743700648,-0.3235222110304846,-0.5498503610043008,-0.008883164029708039,-0.9074114059760795,-0.3058762262040604,0.1239096191846056,1.0626193042876555,-0.580431449912603,0.1677400331894814,-0.7356371524530134,-0.10826867681341217,0.6662544073889952,0.6298699932868387,-1.9976949000917918,1.5218563654520405,0.12660496455282189,-0.2558201155504219,-0.049669623929521976,1.0435540138388943,-3.0510857051027056
0.39039612506820204,0.5710282252691109,-0.88226274975454,1.5315816822324315,0.41657577771470505,1.8520861249833196,0.5737706278848517,1.9193950930624697,-0.32867526964378885,-0.4321813231156725,1.7893042358529831,0.7833735083923069,-1.127983170273618,-0.15007804623588808,1.4445267510821787,0.090047391152098,0.8449791389796009,-0.20190343906944003,0.6329346313288696,0.5961118735446631,-0.09523199978500067,-0.5653683404688485,0.6109280742671321,0.24025051876592432,0.07374172798020304,0.48821581073725584,-0.07898890486150208,0.7270754393375407,0.07103774310799274,-0.3074505255580745,-0.580431449912603,0.8384601133008966,-0.46464664662643135,0.42487285771512306,0.5037808098574442,-0.04837694784290403,-1.1425675138156215,2.8641489628229735,-1.9517526098477362,0.07944392919314026,0.7815529793031862,-0.09787743271495473,-0.26950441321057184,2.050718832716039
0.5800204412173895,-0.7028789040415403,1.1802856875343604,-1.2452003385591852,-0.9125776400874182,-1.8829401503008594,-0.1347599769720288,-0.8941477007270596,0.6256034509606395,0.41529079635301164,-1.8738291588220415,-0.9092546230303581,0.9615828675894589,0.4731049994757267,-0.8771138508300601,-1.0427314332681041,-0.9776164653302508,0.007935516819488517,-0.11845151969502345,-0.4855011932751637,-0.24134135688635136,0.2608253356013947,-0.8423470838059584,0.2638954357442841,-0.2040970743351228,-0.44780771006890296,0.2640267750246743,-0.3928330617233396,0.3210704261622465,0.7264511369939098,0.1677400331894814,-0.46464664662643135,1.0875665936605952,-0.7350717892531654,-0.25324852394811437,-1.043761883591828,0.9383143117171869,-3.2365818264078574,1.5822465728764585,-0.24782140186059226,-0.8913904857633101,1.0735449505732355,-0.9538962565422934,-0.13157762014002738
-0.4215614454900519,0.5227557487571994,-0.44574424881134805,1.2218008638387006,0.6171595797311117,1.8588865236809284,0.4485462002575134,0.936068441685011,-0.01657461258408207,-0.25253805745411884,2.0486385624939145,1.7663699876530525,-0.622397276459024,-0.27041701787438055,1.0736415777109334,-0.04260440516560115,0.8369209481384828,-0.6584101586176854,1.0660278484221024,0.7201927853108095,0.4866215421558585,-0.67598937234358,0.4156404843845554,0.6171566309470408,0.37974813932754764,0.6036309335008702,-0.22076995415363423,0.737515521282961,-0.05034653883623309,-0.5200779476722179,-0.7356371524530134,0.42487285771512306,-0.7350717892531654,1.1203500224021634,-0.05823290931626564,0.16725955173076382,-0.7711919999079015,2.872937859935123,-1.5142508761630875,0.016017007615933897,0.5676011906332618,-0.8710181480669034,-0.07435704262840401,1.5895283007306766
0.3995227519265911,0.3088469415829279,-0.7414226494334941,0.8491497449654793,0.27672013336274526,0.9435401119140854,0.2120274578292602,1.1860207429252059,-0.3778934765251447,-0.31670942379209055,0.7563902242650186,-0.12465098874619884,-0.8320759311805065,-0.13906665679917665,0.7523001980776509,0.34961644022535876,0.48027354175082926,0.15809107586401708,-0.02709149537798255,0.2321408416445737,-0.3260944139653667,-0.15571331613457848,0.47917135127216437,-0.1737629134512295,-0.07822916837683337,0.14691913216101585,0.05125827709586707,0.2343495096037496,-0.0057422621290537405,-0.1793838366358703,-0.10826867681341217,0.5037808098574442,-0.25324852394811437,-0.05823290931626564,0.49998601085142436,0.16918152617960358,-0.6536243597679268,1.4825983299148302,-1.1411997545220782,0.11876073337127835,0.49701016680858506,0.1558958371538443,0.042474791355672205,0.8021613132410912
-1.1350412473481069,0.5380745066054728,-1.1266816954702432,0.1324658958950536,0.9333223278073011,0.6918782174163169,-0.49013369502993115,-0.6474342191716945,-0.8765109769257189,-0.3085221886400943,0.6455988974797531,-0.2987311470717834,-0.4273024618637696,-0.7594372028092339,-0.29464654621955694,1.7997255618127144,0.6955259596043222,0.41608568642037475,-0.8785736267475598,-0.22738533317881315,0.2136010318636506,0.531346956234106,0.6813868557098423,-1.299996094849875,0.11091623837846791,0.12893166339879672,0.003991968764668056,-0.3380879462677395,-0.695793023292202,-0.652336553609081,0.6662544073889952,-0.04837694784290403,-1.043761883591828,0.16725955173076382,0.16918152617960358,2.2342555883770077,0.06276004632559502,1.2816914872442884,-0.21578101861045046,0.2831769759217432,0.5093500732428418,-1.145803698296929,2.1126013145722164,-2.024220497615599
-0.3560664326380752,-0.8253168395912471,1.4904044195305195,-2.3498759402439706,-0.7767883984022026,-2.7755051033787637,-0.6550264132009773,-2.736673647594418,0.7258357556931555,0.5928439459490918,-2.6112223288221883,-1.0992760040222622,1.70886099714776,0.09035026762699554,-2.054443662585925,-0.6197078810495212,-1.1954586009165211,-0.11857478589452933,-0.5388215287383993,-0.883987581110189,0.16074463705992087,0.7912106375740299,-1.0827033726313573,-0.3241132544550054,-0.015108919255681181,-0.6144920843172127,0.44639183983820574,-0.9238224638831366,-0.007131721952750063,0.6808098073239394,0.6298699932868387,-1.1425675138156215,0.9383143117171869,-0.7711919999079015,-0.6536243597679268,0.06276004632559502,2.098636090162168,-4.889023982129111,2.9432407265389915,-0.2688396922332086,-1.4277110344116521,0.6185528189681281,0.05947146372630528,-1.8194454178155701
-0.1750200592800628,2.616469181336294,-4.157546264398999,6.3187191093135,2.786362487638999,8.330613213866682,1.7442750613291953,6.476880308253682,-1.8005898396082656,-1.7480052429253865,8.181854850657388,4.285412178457985,-4.556307580525622,-1.0558460069024376,5.378394043982353,1.8840287751448348,3.85502245023077,-0.6295629237475568,2.1349612914336946,2.662916002339934,0.30851954679861865,-2.191282637839619,3.0518054045525482,0.7342589174147041,0.629319663370156,2.067266656936002,-0.9299616523098875,2.6559903270113194,-0.319284003709494,-2.269645656258614,-1.9976949000917918,2.8641489628229735,-3.2365818264078574,2.872937859935123,1.4825983299148302,1.2816914872442884,-4.889023982129111,13.76103457543854,-8.020446101556427,0.6673258479089736,3.674089536145428,-2.533277769977226,0.6835569545728335,5.372433874489067
-0.6068244952515132,-1.4670239776185026,2.3954203866185364,-4.023658786384858,-1.514293085128431,-5.163634077919227,-1.286483570940258,-4.596247046904511,0.8379837832190373,1.1508052955990775,-4.944831784346257,-2.5138133872445025,3.0364949164201946,0.5854026453375594,-3.6180037636059343,-0.475218732916727,-2.322430624735302,0.6615879996574882,-1.6837550326851383,-1.7861980086415954,0.15810821729198693,1.5492927395535672,-1.7315050842938362,-0.8178294032802599,-0.35832025221980435,-1.2601965214138473,0.21779387010435614,-1.7770772458834219,-0.06483196658770404,1.177669454989197,1.5218563654520405,-1.9517526098477362,1.5822465728764585,-1.5142508761630875,-1.1411997545220782,-0.21578101861045046,2.9432407265389915,-8.020446101556427,5.263822029709429,-0.3026650288410648,-2.0595861647827127,0.7257144284880557,0.4355187552392322,-4.763726971875402
-0.08409942146887261,0.12310867983169425,-0.36807941704271346,0.22839817174662372,0.2134387917948948,0.2923833380975757,-0.06457248535838991,0.1740138410808671,-0.26207061448478225,-0.09596920926291609,0.21262346916225125,-0.08615637149804473,-0.2604893159076149,-0.07064063021115159,0.10302305532426476,0.4362680240344388,0.14947059550805677,0.22011070240214758,-0.2553504362484514,0.04160501437788789,-0.07308471542657895,0.04472084386180618,0.25458811335925635,-0.20663182279272063,-0.03963716379953754,-0.0014584551280272435,-0.0937453295937611,-0.04299706758908661,-0.0972380767148854,-0.18182299477196623,0.12660496455282189,0.07944392919314026,-0.24782140186059226,0.016017007615933897,0.11876073337127835,0.2831769759217432,-0.2688396922332086,0.6673258479089736,-0.3026650288410648,0.11938929601181632,0.25196947631859257,-0.2144808602485174,0.35274759945743767,-0.43833314335331813
-0.032548886304590394,0.6974787525164549,-1.2830396701071973,1.6568181955023886,0.7417033441709289,2.054052125837788,0.34261959871019676,1.7278035449548423,-0.7406829547269047,-0.4715868558200994,1.9395560472568012,0.6355401364735225,-1.2730411827056067,-0.23602739132924594,1.3481425007997112,0.8798621454279041,1.0041693249960908,0.2181704756051314,0.1550141557707674,0.5268829929214514,-0.06129096042388504,-0.3979955302918635,0.9117179609218993,-0.11955942336592779,0.015685733420192745,0.45398967736858764,-0.314779281297037,0.5550145103895232,-0.17583430328150831,-0.6129394149818801,-0.2558201155504219,0.7815529793031862,-0.8913904857633101,0.5676011906332618,0.49701016680858506,0.5093500732428418,-1.4277110344116521,3.674089536145428,-2.0595861647827127,0.25196947631859257,1.1277669048136985,-0.7137587500246138,0.4831236081308476,0.7361831454355415
1.1278861312552129,-0.5696575510050592,0.7745172584357516,-0.6754697708125761,-0.7907561943177547,-1.2489585588194345,0.07780759469753688,0.0800983014792644,0.5528353086568755,0.1760024498142214,-1.4117960545423256,-0.9771827166914998,0.3323747409300305,0.36419080467307685,-0.3037196830704697,-1.1255458342563989,-0.6935114116431087,-0.08778351998681078,0.04785770073357372,-0.2318489524808531,-0.5809325936270143,0.06383857603954389,-0.5880517809223929,0.31740011407549096,-0.22876081898477077,-0.3696058761062273,0.48382990083215804,-0.19696374401699318,0.44029205695285967,0.6944356946958625,-0.049669623929521976,-0.09787743271495473,1.0735449505732355,-0.8710181480669034,0.1558958371538443,-1.145803698296929,0.6185528189681281,-2.533277769977226,0.7257144284880557,-0.2144808602485174,-0.7137587500246138,1.5509402223471038,-1.2812398783113486,1.0549600378380375
-1.249552769581086,0.39646132734629463,-1.019074232454064,-0.2878618784167935,0.7224887789228097,-0.005596192963339417,-0.7180080710058641,-1.103323257680426,-0.9818897081311687,-0.13788325191273976,-0.06216838192292616,-0.8173018139850831,-0.06184289752810894,-0.5329026312166082,-0.7450590537205884,2.104644606645338,0.3339865758574821,0.8843227836950205,-1.4619431539397427,-0.5068788306251587,0.20119442558580805,0.7883842161180846,0.6045589907130754,-1.5551425466179594,-0.06032691792622254,-0.11072658364192361,-0.2660033675891158,-0.6288423596439757,-0.7379449688219903,-0.5505359696149834,1.0435540138388943,-0.26950441321057184,-0.9538962565422934,-0.07435704262840401,0.042474791355672205,2.1126013145722164,0.05947146372630528,0.6835569545728335,0.4355187552392322,0.35274759945743767,0.4831236081308476,-1.2812398783113486,2.4127990794330003,-3.3816385097074555
1.746443144356583,1.0433328557749628,-0.5093737992927824,3.623840355456317,0.2834100577804241,4.6096577337651254,2.315793979390578,5.078403331112005,0.9714186956046095,-0.8694262259003211,4.878393280654143,3.9646275187342943,-2.148393110693272,-0.2545950164819167,4.060771623621002,-2.795483724387857,1.8369979940964727,-2.6615259686855666,4.119469725824595,2.219922264124739,0.2146932559965858,-2.4228123587794745,0.4452023896738602,2.5685305933341853,0.7680259769839527,1.608147904131393,0.47951398167194936,2.7052915805325446,0.9789334873059595,-0.05724452071850563,-3.0510857051027056,2.050718832716039,-0.13157762014002738,1.5895283007306766,0.8021613132410912,-2.024220497615599,-1.8194454178155701,5.372433874489067,-4.763726971875402,-0.43833314335331813,0.7361831454355415,1.0549600378380375,-3.3816385097074555,10.116980406075927
