V1,V2,V3,V4,V5,V6,V7,V8,V9,V10,V11,V12,V13,V14,V15,V16,V17,V18,V19,V20,V21,V22,V23,V24,V25,V26,V27,V28,V29,V30,V31,V32,V33,V34,V35,V36,V37,V38,V39,V40,V41,V42,V43,V44
0.8914817915052835,-0.5396387191124259,0.8993351320237848,0.06529773627121388,-0.32185734638984703,0.0844723507640457,0.22043443264791837,0.5062471977287506,0.8304610984015528,0.21811250614637895,0.22296169316921585,0.42668890181856184,-0.016393609746442835,0.26536082663479965,0.3498265049620103,-1.4056019962880437,-0.08217798872095959,-0.6941431778366017,1.2325878784022484,0.286398507917912,0.0539932334871427,-0.5509612476422333,-0.4381288504242995,1.2613151995507008,0.08336084480621674,0.05804633374408877,0.5575855223698742,0.4644749670561805,0.49316898437948553,0.24337763569953244,-0.9124701708836509,-0.08651082922873266,0.3951982587899124,0.3893054047977995,-0.19532724845517538,-1.364634683938487,0.09482757276048524,-0.6508958609526262,-0.3038315599261293,-0.3971375720330698,-0.6182192659098841,0.83864751483414,-1.8194853416260859,2.248370440404574
-0.5396387191124259,0.718660124687581,-0.6074100206465979,0.17262232672772623,-0.03072808687993445,0.19486599719178568,0.42184584262839503,0.1217317399072971,-0.3315640455572894,-0.286617250617143,0.2928715303325289,0.5274377209546192,0.12541858963356886,-0.21274394570277827,0.18363745390227698,0.37353235732784185,0.04870295903623385,-0.12311065516820377,-0.2943380006678771,0.021810357463327597,0.1579397463308594,0.1286300753651909,0.2182987420642188,-0.8191399948576069,0.13638867864017143,0.24177131198275364,-0.5062324232239824,0.05581080188682406,-0.1507905071406116,0.114770238275996,0.29223418276278235,0.42356172619264215,0.006201251989314936,-0.35270787097777034,0.22711724115357237,0.7536318331667404,0.03428373018044722,0.5061560951965791,0.09112405395211394,0.20549995366529292,0.41865570085614656,-0.3258900958980512,0.979654985782469,0.11613068675715672
0.8993351320237848,-0.6074100206465979,1.4677877257589766,-0.20830293276716558,-0.77898884095512555,-0.4412926294184868,0.4863710419473136,0.30408999581142987,1.1824488136885816,0.3645020998189599,-0.18630064826618653,0.8280765457342141,0.5296691468217796,0.5279360979813061,0.2645316706146315,-2.1455769743522737,-0.45442748974130365,-0.9784923073190033,1.5522504485169049,0.3008994838903987,0.14805623874996962,-0.664550357688139,-0.8508769940956287,1.6066089219583604,0.12242504024816021,0.07569819748854592,0.3464841310761875,0.5365338951504119,0.6620658656059766,0.5802491632512503,-1.0233738999127417,-0.10934188673854096,0.8952452837197078,0.3000420256333741,-0.39947197136601403,-2.0082490588857302,0.3482044072750416,-1.4430274579593174,0.2259531134416114,-0.47454246225885244,-0.807993669349294,1.0183514981083126,-2.310316913084749,2.798583281920912
0.06529773627121388,0.17262232672772623,-0.20830293276716558,0.7989562409224205,0.4590853682514124,0.6738769709171522,0.4624734606058817,0.6499914112077234,-0.12778337201520126,-0.4209974450842511,0.41333715000579857,0.8849086485697987,-0.538149805899726,-0.04020272647940242,0.805176940802374,-0.405640734495867,0.017279259334756845,-0.45875556930744354,0.4340277957435114,0.3032248881470945,-0.8074485375158411,-0.4632312504591829,0.12534390989942906,0.40206569851169327,0.12590013398961233,0.2714968578862235,-0.11691426161495341,-0.17878627493813076,-0.03680834552531167,-0.2507240265188218,0.2441628476596911,0.5398762991288676,0.4372055660166841,0.09724228455530293,0.26665403897314516,0.19044833481010445,-0.2304049239303292,1.114408312690913,-0.840419493034416,0.23661317905607315,0.608823109598429,0.20228089895399323,-0.2629231795718217,1.0437556923100577
-0.32185734638984703,-0.03072808687993445,-0.77898884095512555,0.4590853682514124,1.0738498063708852,0.40558026983194595,-0.4580626157031135,-0.15908537958459676,-0.8234482951416049,-0.44438177227625625,-0.2536462449285516,-0.5375357924681783,-0.8598428447215849,-0.3053088107809535,0.08395288582187166,1.0680425817650931,0.14833740919672933,0.5528557636342938,-0.8788796589087321,-0.10647508975896589,-1.2112844380853665,0.14821895686897416,0.49429825369915614,-0.34459141502969687,-0.12106418736686134,-0.15486390587738497,0.046574937556518425,-0.9463400313063204,-0.5184265478861756,-0.7637514407521753,1.1232078819917033,0.12340215559822224,-0.10626449425996833,-0.06313098158829315,0.35092214547308503,1.3217923297586935,-0.24576615360023585,1.1785199773298505,-0.6773575630326828,0.4816118025747503,0.8040130344311491,-0.28595390688130357,0.9665921965246224,-1.9522765380074667
0.0844723507640457,0.19486599719178568,-0.4412926294184868,0.6738769709171522,0.40558026983194595,0.9112326124166523,0.10763421405178197,0.6859938876530086,-0.17821566256335794,-0.23978779867535485,0.7718282450659228,0.31313790383561296,-0.6198088764666453,-0.1915390910988877,0.5660176572545302,0.14454058502495354,0.4463057253330415,-0.10766719386130334,0.23456516411701883,0.3008079240299834,-0.17734227277125386,-0.23979656460390583,0.3053024981373625,0.15490290316735675,0.06839938440903734,0.1775623650531767,0.08874905008427444,0.17994098950165094,-0.05419495422860538,-0.2957603787705005,-0.16543479575143213,0.2887827899314785,-0.2813722359116844,0.2689283311819392,0.22159837093024176,0.20899769025511367,-0.41752336936160844,1.3428325405106443,-0.9642878438688517,0.07553724632135839,0.34998363599845445,-0.09535130787979477,-0.024150985174367895,0.6705313382514921
0.22043443264791837,0.42184584262839503,0.4863710419473136,0.4624734606058817,-0.4580626157031135,0.10763421405178197,1.34604324447419,0.7540915550714765,0.6107940661670856,-0.3272413180172463,0.343637818463401,2.0660972505987885,0.34716418796951143,0.22496058639434827,0.9634870513963386,-1.8140628948836404,-0.5395656032914661,-1.4358593355536777,1.3181618754955104,0.41139580997145914,-0.2878235040690651,-0.7455364596402833,-0.42662901808198994,0.61293066318968,0.3797543684121263,0.5526565932632174,-0.4015886030774375,0.3177066853123225,0.4276731373700128,0.556425102178094,-0.2844702255797439,0.8019794654488569,1.279321238666797,-0.2207969945667143,0.10539706928642159,-0.6697299689090311,0.3402155981076384,-0.26826557933270734,-0.03709170282652904,-0.004547823915294918,0.15146958375445088,0.8004078504747649,-1.0400773310585893,3.356492405498879
0.5062471977287506,0.1217317399072971,0.30408999581142987,0.6499914112077234,-0.15908537958459676,0.6859938876530086,0.7540915550714765,1.0259876309596052,0.503009591274444,-0.14951833541239112,0.8526109637347872,1.2571775423982214,-0.1906473265210517,0.1087325066379316,0.9285030553075657,-1.2265482892637203,0.0718366648587415,-0.9396101985141871,1.2611304942545465,0.46625563252253355,-0.01700113271353156,-0.6868525069849123,-0.16306526479506167,0.8359965111196821,0.23297984238657352,0.4033990219343746,0.07923978151740951,0.5765241499779631,0.37369264663133267,0.20415584451070598,-0.7128586551583804,0.48917425390674246,0.4373529977155896,0.2883554385313447,0.06855153819537867,-0.78750905108571,-0.15029630588754708,0.5284541196965775,-0.726345436126608,-0.16935023197061067,0.0031100942170231055,0.5464572355181179,-1.1971922452587265,2.8521107554355463
0.8304610984015528,-0.3315640455572894,1.1824488136885816,-0.12778337201520126,-0.8234482951416049,-0.17821566256335794,0.6107940661670856,0.503009591274444,1.1541887760926155,0.29295405181638334,0.16964540586864402,0.9931912392499468,0.48935927481947433,0.3808439105164746,0.34996365894025355,-2.0060143347486155,-0.2837247481505339,-1.0733494334957763,1.5516065115277848,0.40376453380034966,0.4265806715063184,-0.6339669392327264,-0.715039291671557,1.3343633543920976,0.2037134781296889,0.17046365235531535,0.30329417733065256,0.7662392070202617,0.6822539855553593,0.6329979779172701,-1.2056908108442932,0.004509348371966964,0.6912328266985234,0.2380963753107872,-0.301078806374879,-1.831920155440822,0.3215810188413963,-1.1871361893020365,0.10065356453896519,-0.48636128365567444,-0.8118682248681954,0.9457659441533826,-2.0670499603382715,3.187059076435523
0.21811250614637895,-0.286617250617143,0.3645020998189599,-0.4209974450842511,-0.44438177227625625,-0.23978779867535485,-0.3272413180172463,-0.14951833541239112,0.29295405181638334,0.4755494063785535,0.11057775227725906,-0.5531757953095693,0.3218333081614934,0.17438150966193247,-0.4092154712394873,0.08112343863248594,0.13887471307726462,0.29995140233496814,0.09176960652618034,-0.1115349749989156,0.8982139398966349,0.15656756448845427,-0.10643102090097864,0.11856096117810243,-0.1158435561208654,-0.14445918418528594,0.18884418740417794,0.4929972421568205,0.18585770458083997,0.18926805923523202,-0.6692243480853575,-0.46521251463302493,-0.5368493360912121,0.2772282616898501,-0.3172049480018363,-0.698412342569946,-0.11797499520035426,-0.5022465877863816,0.3473857376603213,-0.33895955206916795,-0.5886541720530537,-0.16430983748497405,-0.3519217483730163,-0.22587852957045282
0.22296169316921585,0.2928715303325289,-0.18630064826618653,0.41333715000579857,-0.2536462449285516,0.7718282450659228,0.343637818463401,0.8526109637347872,0.16964540586864402,0.11057775227725906,1.3305323537961506,0.48400446244834217,-0.11189472456398256,0.005286290171879095,0.5033751217439965,0.014893800712533873,0.45136517617037014,-0.23357747783445587,0.6381419049940511,0.16485490926126375,0.9935514090375248,-0.20569401693948502,0.2547343686050164,-0.07000141815746722,0.09441302848205327,0.34025401244708015,0.004659826251988507,0.9241628261721282,0.2513726007155285,0.16256720131129285,-0.9188674256271706,0.19414720710230168,-0.608467514894385,0.4043131258416191,-0.01598398995713294,-0.3310980747845766,-0.48842017270534505,0.8951734451920687,-0.4694436346314199,-0.2850760206706839,-0.1319950212098616,-0.1848489162752496,-0.22913773044778973,1.4429680361484447
0.42668890181856184,0.5274377209546192,0.8280765457342141,0.8849086485697987,-0.5375357924681783,0.31313790383561296,2.0660972505987885,1.2571775423982214,0.9931912392499468,-0.5531757953095693,0.48400446244834217,3.4529944917020896,0.3788397953412009,0.42898913955464163,1.6328488116611999,-3.0222031480169496,-0.9090440867209377,-2.2702737328464755,2.149190803521323,0.8304556911753692,-0.7578514503108936,-1.3546282905204785,-0.6837704073684154,1.4071840627043284,0.6068839228577668,0.7952001104543688,-0.6580688858508121,0.3710245371473375,0.6996081727035706,0.6999268403019764,-0.40774868590910457,1.2546675679345083,2.115577218844547,-0.18951000620856137,0.12265405560027766,-1.2959844383178247,0.36642251801197506,-0.06889427369206204,-0.3621719815998727,0.059378097279414156,0.3488106078135348,1.2692280145591057,-1.9364776055952224,5.189728302679255
-0.016393609746442835,0.12541858963356886,0.5296691468217796,-0.538149805899726,-0.8598428447215849,-0.6198088764666453,0.34716418796951143,-0.1906473265210517,0.48935927481947433,0.3218333081614934,-0.11189472456398256,0.3788397953412009,0.876551381585459,0.2553950568298957,-0.25462113266071795,-0.6079594302744553,-0.3063063760461104,-0.2950530820712705,0.3464222479886883,-0.06507786879270669,0.8944773022572745,0.03899294232547657,-0.3843532162798973,-0.05249276231881651,0.07619214824773751,0.07452271767546448,-0.2683433521932665,0.5174303415137703,0.3058242282511709,0.6296911457680302,-0.5241562407552971,-0.09511747898214569,0.1933948797701472,-0.1408922881714618,-0.2927957255339121,-0.7485111828421578,0.2937503034019352,-1.1292140178141732,0.8931234813308049,-0.2727117542786777,-0.5125623190203394,0.06629984626038442,-0.31278210623695346,0.8245361202595533
0.26536082663479965,-0.21274394570277827,0.5279360979813061,-0.04020272647940242,-0.3053088107809535,-0.1915390910988877,0.22496058639434827,0.1087325066379316,0.3808439105164746,0.17438150966193247,0.005286290171879095,0.42898913955464163,0.2553950568298957,0.31275317381814716,0.1237992595020988,-0.6749857814180393,-0.2692535299290361,-0.27343014170392643,0.522711108765086,0.05822450709589493,0.145845543467425,-0.25945973981703446,-0.2452846198048541,0.5397810348153521,0.020531741409234874,0.049453063250416956,-0.058447233629722935,0.1993366149004704,0.25987282845855564,0.19939581449009375,-0.3294384751846476,-0.02914281624101144,0.2890408899562661,0.16818523238029284,-0.208635959344905,-0.772400308827447,-0.03212577221439649,-0.34710073566137306,0.16212476252180463,-0.14906270603742414,-0.2048564073368831,0.21572457075008145,-0.7616244132263935,0.7258630915579497
0.3498265049620103,0.18363745390227698,0.2645316706146315,0.805176940802374,0.08395288582187166,0.5660176572545302,0.9634870513963386,0.9285030553075657,0.34996365894025355,-0.4092154712394873,0.5033751217439965,1.6328488116611999,-0.25462113266071795,0.1237992595020988,1.1064463455421076,-1.3986332349115107,-0.23581995868620595,-1.1157763662131703,1.1788651157281944,0.449935672548164,-0.7230999416984527,-0.796324347384919,-0.19774022590847293,0.8539446615759889,0.2769281616718082,0.44943559889985507,-0.11981179428000929,0.10008358013344677,0.26397570959044425,0.11191677722241808,-0.12492888392714194,0.7381287718391174,0.9880129967582781,0.08175568642661388,0.18936076844667407,-0.4406139817609476,-0.008174836566717823,0.5635745789136131,-0.7152136539113885,0.06953473328769659,0.3823513130987572,0.6891809515768518,-1.0576122243517865,2.725044516281744
-1.4056019962880437,0.37353235732784185,-2.1455769743522737,-0.405640734495867,1.0680425817650931,0.14454058502495354,-1.8140628948836404,-1.2265482892637203,-2.0060143347486155,0.08112343863248594,0.014893800712533873,-3.0222031480169496,-0.6079594302744553,-0.6749857814180393,-1.3986332349115107,4.552809442739792,0.9356134265448263,2.7087550047189737,-3.1976212689903334,-1.0160399294795806,0.6735327136509883,1.6550668802346107,1.4665104469306447,-2.8832489632485454,-0.5677858527443118,-0.5653777635187074,-0.2529947155797008,-0.7474623287424949,-1.1440556722154067,-1.0304953369582657,1.404597955600535,-0.7186972206739387,-2.480287317785543,-0.132453747626267,0.21907803019827968,3.002303764630758,-0.824062767257272,1.747343470314124,0.27320868060930414,0.4663142745176823,0.7153311758537314,-2.238183705088814,4.014883849681148,-6.9581165318852944
-0.08217798872095959,0.04870295903623385,-0.45442748974130365,0.017279259334756845,0.14833740919672933,0.4463057253330415,-0.5395656032914661,0.0718366648587415,-0.2837247481505339,0.13887471307726462,0.45136517617037014,-0.9090440867209377,-0.3063063760461104,-0.2692535299290361,-0.23581995868620595,0.9356134265448263,0.6890192955271356,0.5983385164609338,-0.40789260532167915,-0.033974784373735196,0.5465465078423021,0.3268054125195348,0.3144635378881917,-0.3872749832954941,-0.12586811783690235,-0.10567129343772654,0.27194423167346843,0.30598371442455213,-0.18439558190267785,-0.22277823649247383,-0.30001031814438134,-0.26631724179962935,-0.9798839314442958,0.2363146088532307,0.0412578823511227,0.30970407827138535,-0.3227812491779914,0.6714186069074969,-0.3632540096958274,-0.09638226688155709,-0.09288954376690287,-0.5014576530168957,0.525336117714754,-0.8028917984954731
-0.6941431778366017,-0.12311065516820377,-0.9784923073190033,-0.45875556930744354,0.5528557636342938,-0.10766719386130334,-1.4358593355536777,-0.9396101985141871,-1.0733494334957763,0.29995140233496814,-0.23357747783445587,-2.2702737328464755,-0.2950530820712705,-0.27343014170392643,-1.1157763662131703,2.7087550047189737,0.5983385164609338,1.9003127761940877,-1.9489273422741733,-0.6277142491165913,0.5290778588532943,1.0443772452121611,0.7468978384156421,-1.371009130791149,-0.457325817726152,-0.537356080876258,0.009578571342863466,-0.4133184285848979,-0.6485249654911661,-0.6631566649665999,0.6492075765328277,-0.771105904346919,-1.6677840471204506,0.12176688705386678,-0.06271286299395289,1.3196296544229178,-0.5740998161612485,0.8028110756018001,0.23989645428461123,0.16735259507357408,0.1798851639348265,-1.4029896609310422,2.0532764953386575,-4.667972733049765
1.2325878784022484,-0.2943380006678771,1.5522504485169049,0.4340277957435114,-0.8788796589087321,0.23456516411701883,1.3181618754955104,1.2611304942545465,1.5516065115277848,0.09176960652618034,0.6381419049940511,2.149190803521323,0.3464222479886883,0.522711108765086,1.1788651157281944,-3.1976212689903334,-0.40789260532167915,-1.9489273422741733,2.630054503430179,0.7271061333949391,0.06480807007736533,-1.2636114175836923,-0.93362032606563,2.1113252637231352,0.39681839732293794,0.519359248266477,0.3331151218788349,1.006241233515407,0.9561304590674928,0.7909488147029021,-1.5287082414909925,0.4878320312845079,1.376577902503192,0.4041628690702407,-0.2264146252558266,-2.403857737371758,0.3117558724603633,-0.9152559337214432,-0.4171928915496716,-0.5534391517243291,-0.689344263336427,1.5308729078968046,-3.120505156536263,5.530646238895363
0.286398507917912,0.021810357463327597,0.3008994838903987,0.3032248881470945,-0.10647508975896589,0.3008079240299834,0.41139580997145914,0.46625563252253355,0.40376453380034966,-0.1115349749989156,0.16485490926126375,0.8304556911753692,-0.06507786879270669,0.05822450709589493,0.449935672548164,-1.0160399294795806,-0.033974784373735196,-0.6277142491165913,0.7271061333949391,0.4630842503240173,-0.24753614921067998,-0.4508541435709065,-0.2553600700244215,0.7929399039841116,0.16925518852609264,0.13281627899257445,0.03214743041190034,0.22105368682233792,0.22891301137238546,0.10032179300936382,-0.3963590709316678,0.2284573365517286,0.4470814158248022,0.09361858282122755,0.02823332631242541,-0.6956679248955485,0.048634783706652196,0.13475493013205347,-0.4500065220904737,-0.03129572194425458,-0.034271574811220805,0.42096707737825934,-0.9134576504818305,1.7375141538227359
0.0539932334871427,0.1579397463308594,0.14805623874996962,-0.8074485375158411,-1.2112844380853665,-0.17734227277125386,-0.2878235040690651,-0.01700113271353156,0.4265806715063184,0.8982139398966349,0.9935514090375248,-0.7578514503108936,0.8944773022572745,0.145845543467425,-0.7230999416984527,0.6735327136509883,0.5465465078423021,0.5290778588532943,0.06480807007736533,-0.24753614921067998,2.7466338155610033,0.5176016502132389,0.07076063579908455,-0.7287544521581845,-0.10164569249190761,-0.007418061961172428,0.011512109605701691,1.5627959892238532,0.37800630445997613,0.6668067803661838,-1.6292479914112086,-0.6595285574268317,-1.5418945537557942,0.376554981822602,-0.5235807623870137,-0.9076776432898426,-0.3225123792406305,-0.5910712989974222,0.8713893485877917,-0.7359038698050593,-1.1296335490566962,-0.751863061642641,0.18184186493465532,0.011064473668144578
-0.5509612476422333,0.1286300753651909,-0.664550357688139,-0.4632312504591829,0.14821895686897416,-0.23979656460390583,-0.7455364596402833,-0.6868525069849123,-0.6339669392327264,0.15656756448845427,-0.20569401693948502,-1.3546282905204785,0.03899294232547657,-0.25945973981703446,-0.796324347384919,1.6550668802346107,0.3268054125195348,1.0443772452121611,-1.2636114175836923,-0.4508541435709065,0.5176016502132389,0.7687334543708795,0.41388697639404226,-1.199487210290485,-0.2247821412920175,-0.27297731383923807,-0.04949764410847827,-0.1861215439436257,-0.3976852541712672,-0.21064562811171653,0.40452447856206203,-0.4170959736818742,-0.9601874408198887,-0.1687855169060668,0.014181257762192125,1.0068137858250454,-0.09518277414593537,0.0727570052373245,0.45916911349374445,0.08764886103989136,0.015447520597628382,-0.8065983616121181,1.523603753725932,-2.627908712670975
-0.4381288504242995,0.2182987420642188,-0.8508769940956287,0.12534390989942906,0.49429825369915614,0.3053024981373625,-0.42662901808198994,-0.16306526479506167,-0.715039291671557,-0.10643102090097864,0.2547343686050164,-0.6837704073684154,-0.3843532162798973,-0.2452846198048541,-0.19774022590847293,1.4665104469306447,0.3144635378881917,0.7468978384156421,-0.93362032606563,-0.2553600700244215,0.07076063579908455,0.41388697639404226,0.5986274805203268,-0.9353838306920962,-0.1361810304209912,-0.07948506333630431,-0.13474074478079653,-0.2557339562438939,-0.3659790022508391,-0.41293982188162454,0.5008551352188388,-0.05512465549425386,-0.7584147305469779,-0.01846028283378215,0.16868703794670736,1.1176714298746484,-0.37465917518235214,0.974724025496792,-0.16642558645248945,0.21788039245775745,0.41268166804410833,-0.6949018445855258,1.3208830576254074,-1.9697572365327178
1.2613151995507008,-0.8191399948576069,1.6066089219583604,0.40206569851169327,-0.34459141502969687,0.15490290316735675,0.61293066318968,0.8359965111196821,1.3343633543920976,0.11856096117810243,-0.07000141815746722,1.4071840627043284,-0.05249276231881651,0.5397810348153521,0.8539446615759889,-2.8832489632485454,-0.3872749832954941,-1.371009130791149,2.1113252637231352,0.7929399039841116,-0.7287544521581845,-1.199487210290485,-0.9353838306920962,2.6629239452086795,0.20991232785760822,0.10236904486040407,0.543670584951224,0.376777197441275,0.7309222900540321,0.25937989573749526,-1.0766210018865319,0.10745243390510391,1.2948969652609958,0.5857962333027189,-0.28590582659957914,-2.454951944595107,0.14448837395788583,-0.6452543829185684,-0.7624128133462723,-0.3578866209601549,-0.5416324069856311,1.4013039346483698,-3.237956630894727,3.8449940723442437
0.08336084480621674,0.13638867864017143,0.12242504024816021,0.12590013398961233,-0.12106418736686134,0.06839938440903734,0.3797543684121263,0.23297984238657352,0.2037134781296889,-0.1158435561208654,0.09441302848205327,0.6068839228577668,0.07619214824773751,0.020531741409234874,0.2769281616718082,-0.5677858527443118,-0.12586811783690235,-0.457325817726152,0.39681839732293794,0.16925518852609264,-0.10164569249190761,-0.2247821412920175,-0.1361810304209912,0.20991232785760822,0.13284313423419303,0.14598683410053376,-0.07063614738086933,0.1017856457541628,0.1309450300894049,0.16062053744025426,-0.11411082787635128,0.23388135648737424,0.37818084487325937,-0.07798353009756824,0.04726125340837317,-0.19848390178754868,0.13645734382134247,-0.09881344744288627,-0.06278896901637591,-0.007639194823965912,0.011594651593873948,0.2763965063271801,-0.3324655375660651,1.0856440976881636
0.05804633374408877,0.24177131198275364,0.07569819748854592,0.2714968578862235,-0.15486390587738497,0.1775623650531767,0.5526565932632174,0.4033990219343746,0.17046365235531535,-0.14445918418528594,0.34025401244708015,0.7952001104543688,0.07452271767546448,0.049453063250416956,0.44943559889985507,-0.5653777635187074,-0.10567129343772654,-0.537356080876258,0.519359248266477,0.13281627899257445,-0.007418061961172428,-0.27297731383923807,-0.07948506333630431,0.10236904486040407,0.14598683410053376,0.2817188772802124,-0.15997848187393024,0.209527529192906,0.14225589859692309,0.2042719778658407,-0.15037741952761702,0.3636631218705067,0.3691278817466001,-0.05311885934680281,0.07985634696305108,-0.13441516580146595,0.055771211810250486,0.10490675406270475,-0.0913788100252433,-0.00972392064833593,0.1113281744085981,0.2332886138948652,-0.2774077796533614,1.3659985477888008
0.5575855223698742,-0.5062324232239824,0.3464841310761875,-0.11691426161495341,0.046574937556518425,0.08874905008427444,-0.4015886030774375,0.07923978151740951,0.30329417733065256,0.18884418740417794,0.004659826251988507,-0.6580688858508121,-0.2683433521932665,-0.058447233629722935,-0.11981179428000929,-0.2529947155797008,0.27194423167346843,0.009578571342863466,0.3331151218788349,0.03214743041190034,0.011512109605701691,-0.04949764410847827,-0.13474074478079653,0.543670584951224,-0.07063614738086933,-0.15997848187393024,0.7254412747743949,0.14744723082574268,0.11368298499014372,-0.06608914074880817,-0.47120223286675966,-0.33170512414098036,-0.20380113982372217,0.2694307331152416,-0.06315696874830608,-0.44941196364391117,0.08545888174817969,-0.44192841983801034,-0.2926117698120786,-0.2678710667880965,-0.5014558184568096,0.4073895662669583,-0.7896796292961314,0.4711303824009549
0.4644749670561805,0.05581080188682406,0.5365338951504119,-0.17878627493813076,-0.9463400313063204,0.17994098950165094,0.3177066853123225,0.5765241499779631,0.7662392070202617,0.4929972421568205,0.9241628261721282,0.3710245371473375,0.5174303415137703,0.1993366149004704,0.10008358013344677,-0.7474623287424949,0.30598371442455213,-0.4133184285848979,1.006241233515407,0.22105368682233792,1.5627959892238532,-0.1861215439436257,-0.2557339562438939,0.376777197441275,0.1017856457541628,0.209527529192906,0.14744723082574268,1.3126466725320103,0.5318890225897713,0.6116194910603192,-1.5389427088084389,-0.15032538087372266,-0.46357375065610146,0.3894887126334485,-0.31924463187271573,-1.3547988382367273,-0.13141088093670023,-0.3932092515723829,0.1325942586933882,-0.5947447241799996,-0.8287495067097509,0.08796998494460648,-1.0059336721791594,2.171561545894834
0.49316898437948553,-0.1507905071406116,0.6620658656059766,-0.03680834552531167,-0.5184265478861756,-0.05419495422860538,0.4276731373700128,0.37369264663133267,0.6822539855553593,0.18585770458083997,0.2513726007155285,0.6996081727035706,0.3058242282511709,0.25987282845855564,0.26397570959044425,-1.1440556722154067,-0.18439558190267785,-0.6485249654911661,0.9561304590674928,0.22891301137238546,0.37800630445997613,-0.3976852541712672,-0.3659790022508391,0.7309222900540321,0.1309450300894049,0.14225589859692309,0.11368298499014372,0.5318890225897713,0.44192619211904227,0.39714906057339694,-0.7701095941972272,0.03779218606993693,0.35782367425095357,0.17455361758450008,-0.19341816529053887,-1.0945100584865808,0.10939167629643413,-0.5922849835912939,0.06403803209802135,-0.30631204193261663,-0.46816185205267197,0.5109171566920843,-1.1938292094708831,1.9336267236549403
0.24337763569953244,0.114770238275996,0.5802491632512503,-0.2507240265188218,-0.7637514407521753,-0.2957603787705005,0.556425102178094,0.20415584451070598,0.6329979779172701,0.18926805923523202,0.16256720131129285,0.6999268403019764,0.6296911457680302,0.19939581449009375,0.11191677722241808,-1.0304953369582657,-0.22277823649247383,-0.6631566649665999,0.7909488147029021,0.10032179300936382,0.6668067803661838,-0.21064562811171653,-0.41293982188162454,0.25937989573749526,0.16062053744025426,0.2042719778658407,-0.06608914074880817,0.6116194910603192,0.39714906057339694,0.6224443060864754,-0.6976429357685433,0.09720429135615846,0.3849227621961547,-0.06799748021477382,-0.17908559402660737,-0.8599123738343346,0.3144105804565352,-0.9541335246004742,0.486550217008009,-0.31139625647997526,-0.4981045320614868,0.4043933131998402,-0.7610475149039208,1.9145049006341779
-0.9124701708836509,0.29223418276278235,-1.0233738999127417,0.2441628476596911,1.1232078819917033,-0.16543479575143213,-0.2844702255797439,-0.7128586551583804,-1.2056908108442932,-0.6692243480853575,-0.9188674256271706,-0.40774868590910457,-0.5241562407552971,-0.3294384751846476,-0.12492888392714194,1.404597955600535,-0.30001031814438134,0.6492075765328277,-1.5287082414909925,-0.3963590709316678,-1.6292479914112086,0.40452447856206203,0.5008551352188388,-1.0766210018865319,-0.11411082787635128,-0.15037741952761702,-0.47120223286675966,-1.5389427088084389,-0.7701095941972272,-0.6976429357685433,2.0513658569637463,0.32808932136273744,0.3713667947932942,-0.6021760793477001,0.45567851653120095,2.1421549370260213,0.07544223687326143,0.7983894372548201,-0.003923016594390636,0.7988981879665263,1.2249695527623434,-0.46159199863442746,1.946804289748567,-3.0507836187514745
-0.08651082922873266,0.42356172619264215,-0.10934188673854096,0.5398762991288676,0.12340215559822224,0.2887827899314785,0.8019794654488569,0.48917425390674246,0.004509348371966964,-0.46521251463302493,0.19414720710230168,1.2546675679345083,-0.09511747898214569,-0.02914281624101144,0.7381287718391174,-0.7186972206739387,-0.26631724179962935,-0.771105904346919,0.4878320312845079,0.2284573365517286,-0.6595285574268317,-0.4170959736818742,-0.05512465549425386,0.10745243390510391,0.23388135648737424,0.3636631218705067,-0.33170512414098036,-0.15032538087372266,0.03779218606993693,0.09720429135615846,0.32808932136273744,0.6911895968110843,0.8315108763687407,-0.23818107095429697,0.2627700289870955,0.2510355779161779,0.1394350955260246,0.4024630281890773,-0.2994113458608703,0.220661417144019,0.5171210784498311,0.3652765737819496,-0.11355174950960174,1.5395305502028216
0.3951982587899124,0.006201251989314936,0.8952452837197078,0.4372055660166841,-0.10626449425996833,-0.2813722359116844,1.279321238666797,0.4373529977155896,0.6912328266985234,-0.5368493360912121,-0.608467514894385,2.115577218844547,0.1933948797701472,0.2890408899562661,0.9880129967582781,-2.480287317785543,-0.9798839314442958,-1.6677840471204506,1.376577902503192,0.4470814158248022,-1.5418945537557942,-0.9601874408198887,-0.7584147305469779,1.2948969652609958,0.37818084487325937,0.3691278817466001,-0.20380113982372217,-0.46357375065610146,0.35782367425095357,0.3849227621961547,0.3713667947932942,0.8315108763687407,2.190467974533451,-0.38115929011984256,0.15044147946041583,-0.7227505012492537,0.7223280677455196,-0.8748893345442195,-0.08141648430672321,0.18454622726483683,0.29940706718387383,1.3858743709039336,-1.6001015158228227,3.2618457590734335
0.3893054047977995,-0.35270787097777034,0.3000420256333741,0.09724228455530293,-0.06313098158829315,0.2689283311819392,-0.2207969945667143,0.2883554385313447,0.2380963753107872,0.2772282616898501,0.4043131258416191,-0.18951000620856137,-0.1408922881714618,0.16818523238029284,0.08175568642661388,-0.132453747626267,0.2363146088532307,0.12176688705386678,0.4041628690702407,0.09361858282122755,0.376554981822602,-0.1687855169060668,-0.01846028283378215,0.5857962333027189,-0.07798353009756824,-0.05311885934680281,0.2694307331152416,0.3894887126334485,0.17455361758450008,-0.06799748021477382,-0.6021760793477001,-0.23818107095429697,-0.38115929011984256,0.5170336464401195,-0.2120435872636404,-0.72247322557165,-0.38280108279363445,0.31127792986899416,-0.3477717117393022,-0.25232366803885586,-0.27440081315301906,-0.044858029079816834,-0.7124824101385929,0.2697966186805783
-0.19532724845517538,0.22711724115357237,-0.39947197136601403,0.26665403897314516,0.35092214547308503,0.22159837093024176,0.10539706928642159,0.06855153819537867,-0.301078806374879,-0.3172049480018363,-0.01598398995713294,0.12265405560027766,-0.2927957255339121,-0.208635959344905,0.18936076844667407,0.21907803019827968,0.0412578823511227,-0.06271286299395289,-0.2264146252558266,0.02823332631242541,-0.5235807623870137,0.014181257762192125,0.16868703794670736,-0.28590582659957914,0.04726125340837317,0.07985634696305108,-0.06315696874830608,-0.31924463187271573,-0.19341816529053887,-0.17908559402660737,0.45567851653120095,0.2627700289870955,0.15044147946041583,-0.2120435872636404,0.2665704736756085,0.6733205497508391,0.06928964698459686,0.4140614106172724,-0.25941193285063135,0.23786329232675213,0.3909902241974073,0.0197697947658233,0.46679925598796296,-0.10028915485877661
-1.364634683938487,0.7536318331667404,-2.0082490588857302,0.19044833481010445,1.3217923297586935,0.20899769025511367,-0.6697299689090311,-0.78750905108571,-1.831920155440822,-0.698412342569946,-0.3310980747845766,-1.2959844383178247,-0.7485111828421578,-0.772400308827447,-0.4406139817609476,3.002303764630758,0.30970407827138535,1.3196296544229178,-2.403857737371758,-0.6956679248955485,-0.9076776432898426,1.0068137858250454,1.1176714298746484,-2.454951944595107,-0.19848390178754868,-0.13441516580146595,-0.44941196364391117,-1.3547988382367273,-1.0945100584865808,-0.8599123738343346,2.1421549370260213,0.2510355779161779,-0.7227505012492537,-0.72247322557165,0.6733205497508391,3.38026778507288,-0.1227636878263792,1.467277586250141,-0.009263613081302814,0.8323225172086877,1.3315081505254176,-1.1642809912138379,3.491288889177027,-4.40651109052121
0.09482757276048524,0.03428373018044722,0.3482044072750416,-0.2304049239303292,-0.24576615360023585,-0.41752336936160844,0.3402155981076384,-0.15029630588754708,0.3215810188413963,-0.11797499520035426,-0.48842017270534505,0.36642251801197506,0.2937503034019352,-0.03212577221439649,-0.008174836566717823,-0.824062767257272,-0.3227812491779914,-0.5740998161612485,0.3117558724603633,0.048634783706652196,-0.3225123792406305,-0.09518277414593537,-0.37465917518235214,0.14448837395788583,0.13645734382134247,0.055771211810250486,0.08545888174817969,-0.13141088093670023,0.10939167629643413,0.3144105804565352,0.07544223687326143,0.1394350955260246,0.7223280677455196,-0.38280108279363445,0.06928964698459686,-0.1227636878263792,0.630409814541592,-1.080326664137258,0.3713620968088166,-0.008319406937095472,-0.19536698440195466,0.6032639403136175,-0.3749001479582652,1.120771266570781
-0.6508958609526262,0.5061560951965791,-1.4430274579593174,1.114408312690913,1.1785199773298505,1.3428325405106443,-0.26826557933270734,0.5284541196965775,-1.1871361893020365,-0.5022465877863816,0.8951734451920687,-0.06889427369206204,-1.1292140178141732,-0.34710073566137306,0.5635745789136131,1.747343470314124,0.6714186069074969,0.8028110756018001,-0.9152559337214432,0.13475493013205347,-0.5910712989974222,0.0727570052373245,0.974724025496792,-0.6452543829185684,-0.09881344744288627,0.10490675406270475,-0.44192841983801034,-0.3932092515723829,-0.5922849835912939,-0.9541335246004742,0.7983894372548201,0.4024630281890773,-0.8748893345442195,0.31127792986899416,0.4140614106172724,1.467277586250141,-1.080326664137258,3.123278518962194,-1.3712573892858206,0.5596810686322057,1.3045854940158668,-1.1188356257978807,1.5429860139850113,-1.9832912689720361
-0.3038315599261293,0.09112405395211394,0.2259531134416114,-0.840419493034416,-0.6773575630326828,-0.9642878438688517,-0.03709170282652904,-0.726345436126608,0.10065356453896519,0.3473857376603213,-0.4694436346314199,-0.3621719815998727,0.8931234813308049,0.16212476252180463,-0.7152136539113885,0.27320868060930414,-0.3632540096958274,0.23989645428461123,-0.4171928915496716,-0.4500065220904737,0.8713893485877917,0.45916911349374445,-0.16642558645248945,-0.7624128133462723,-0.06278896901637591,-0.0913788100252433,-0.2926117698120786,0.1325942586933882,0.06403803209802135,0.486550217008009,-0.003923016594390636,-0.2994113458608703,-0.08141648430672321,-0.3477717117393022,-0.25941193285063135,-0.009263613081302814,0.3713620968088166,-1.3712573892858206,1.314772573800399,-0.15568053693897782,-0.4412085144043869,-0.22172276046495887,0.5576919715029681,-0.868425795960308
-0.3971375720330698,0.20549995366529292,-0.47454246225885244,0.23661317905607315,0.4816118025747503,0.07553724632135839,-0.004547823915294918,-0.16935023197061067,-0.48636128365567444,-0.33895955206916795,-0.2850760206706839,0.059378097279414156,-0.2727117542786777,-0.14906270603742414,0.06953473328769659,0.4663142745176823,-0.09638226688155709,0.16735259507357408,-0.5534391517243291,-0.03129572194425458,-0.7359038698050593,0.08764886103989136,0.21788039245775745,-0.3578866209601549,-0.007639194823965912,-0.00972392064833593,-0.2678710667880965,-0.5947447241799996,-0.30631204193261663,-0.31139625647997526,0.7988981879665263,0.220661417144019,0.18454622726483683,-0.25232366803885586,0.23786329232675213,0.8323225172086877,-0.008319406937095472,0.5596810686322057,-0.15568053693897782,0.3841110652680476,0.5925331317228846,-0.19191732371989298,0.7523110994560293,-0.9796430200979231
-0.6182192659098841,0.41865570085614656,-0.807993669349294,0.608823109598429,0.8040130344311491,0.34998363599845445,0.15146958375445088,0.0031100942170231055,-0.8118682248681954,-0.5886541720530537,-0.1319950212098616,0.3488106078135348,-0.5125623190203394,-0.2048564073368831,0.3823513130987572,0.7153311758537314,-0.09288954376690287,0.1798851639348265,-0.689344263336427,-0.034271574811220805,-1.1296335490566962,0.015447520597628382,0.41268166804410833,-0.5416324069856311,0.011594651593873948,0.1113281744085981,-0.5014558184568096,-0.8287495067097509,-0.46816185205267197,-0.4981045320614868,1.2249695527623434,0.5171210784498311,0.29940706718387383,-0.27440081315301906,0.3909902241974073,1.3315081505254176,-0.19536698440195466,1.3045854940158668,-0.4412085144043869,0.5925331317228846,1.090112646901252,-0.36311794655981977,1.1587586761814141,-1.2223294384325363
0.83864751483414,-0.3258900958980512,1.0183514981083126,0.20228089895399323,-0.28595390688130357,-0.09535130787979477,0.8004078504747649,0.5464572355181179,0.9457659441533826,-0.16430983748497405,-0.1848489162752496,1.2692280145591057,0.06629984626038442,0.21572457075008145,0.6891809515768518,-2.238183705088814,-0.5014576530168957,-1.4029896609310422,1.5308729078968046,0.42096707737825934,-0.751863061642641,-0.8065983616121181,-0.6949018445855258,1.4013039346483698,0.2763965063271801,0.2332886138948652,0.4073895662669583,0.08796998494460648,0.5109171566920843,0.4043933131998402,-0.46159199863442746,0.3652765737819496,1.3858743709039336,-0.044858029079816834,0.0197697947658233,-1.1642809912138379,0.6032639403136175,-1.1188356257978807,-0.22172276046495887,-0.19191732371989298,-0.36311794655981977,1.4119754259168296,-2.007255051446547,3.418719678786484
-1.8194853416260859,0.979654985782469,-2.310316913084749,-0.2629231795718217,0.9665921965246224,-0.024150985174367895,-1.0400773310585893,-1.1971922452587265,-2.0670499603382715,-0.3519217483730163,-0.22913773044778973,-1.9364776055952224,-0.31278210623695346,-0.7616244132263935,-1.0576122243517865,4.014883849681148,0.525336117714754,2.0532764953386575,-3.120505156536263,-0.9134576504818305,0.18184186493465532,1.523603753725932,1.3208830576254074,-3.237956630894727,-0.3324655375660651,-0.2774077796533614,-0.7896796292961314,-1.0059336721791594,-1.1938292094708831,-0.7610475149039208,1.946804289748567,-0.11355174950960174,-1.6001015158228227,-0.7124824101385929,0.46679925598796296,3.491288889177027,-0.3749001479582652,1.5429860139850113,0.5576919715029681,0.7523110994560293,1.1587586761814141,-2.007255051446547,4.4222646457603325,-5.983065533459141
2.248370440404574,0.11613068675715672,2.798583281920912,1.0437556923100577,-1.9522765380074667,0.6705313382514921,3.356492405498879,2.8521107554355463,3.187059076435523,-0.22587852957045282,1.4429680361484447,5.189728302679255,0.8245361202595533,0.7258630915579497,2.725044516281744,-6.9581165318852944,-0.8028917984954731,-4.667972733049765,5.530646238895363,1.7375141538227359,0.011064473668144578,-2.627908712670975,-1.9697572365327178,3.8449940723442437,1.0856440976881636,1.3659985477888008,0.4711303824009549,2.171561545894834,1.9336267236549403,1.9145049006341779,-3.0507836187514745,1.5395305502028216,3.2618457590734335,0.2697966186805783,-0.10028915485877661,-4.40651109052121,1.120771266570781,-1.9832912689720361,-0.868425795960308,-0.9796430200979231,-1.2223294384325363,3.418719678786484,-5.983065533459141,12.906026537389865
