V1,V2,V3,V4,V5,V6,V7,V8,V9,V10,V11,V12,V13,V14,V15,V16,V17,V18,V19,V20,V21,V22,V23,V24,V25,V26,V27,V28,V29,V30,V31,V32,V33,V34,V35,V36,V37,V38,V39,V40,V41,V42,V43,V44
0.4753941387494645,-0.31695134984455425,0.2549056597826868,-0.2188448110015338,-0.900758170747975,-0.8153718909992098,-0.5831034933255207,-0.15371806428208912,-0.520373271272446,-0.31002269986822395,-0.3037227417253679,-0.6234443407964064,-0.09213958121317861,-0.007663673624624012,-0.37023942586541686,0.5843490267924549,0.886199394174368,0.14874863602878063,-0.0958920181007769,-0.2526000275270408,-0.7987343524529896,0.39452304518073,0.09683602173419739,-0.07141294849894057,0.2178919892240906,0.7982630164773874,-0.016397359954401402,-0.5847450583813492,0.31217881995216146,0.03550347635173029,0.4425159653137846,-0.5700230018640144,0.18517575378916962,0.16114550602184502,-0.0815976553807134,-0.05708876236123965,-0.20590325868273474,0.0686925528897329,-1.1039539977217234,0.3322410131714648,-0.34425474491737945,0.613872585991831,0.07975926732102455,0.46545988257400184
-0.31695134984455425,0.837842269847845,0.15251007582057832,-0.8213403675924593,0.7918574711729025,1.0764159166136502,0.17837619510388564,0.010276956222600497,1.1505893298434844,0.12093031592730147,0.8973912797469796,1.0697990743714076,0.1152661489159084,1.1360178210799803,0.05916525225349224,-0.0740520740725175,-0.7245996596916883,0.6891342508649301,0.4850680195292281,-0.19874644110757358,1.430683270345062,-1.162604338718031,-0.20614485216069783,0.6028022568721912,-0.3804787992033139,-1.047960729051287,-0.14554727233150971,0.3015855473312,0.1263081006592749,0.8003984493737973,-0.07246383609597853,1.6456000621363018,-0.09649452058282379,0.16320528614020624,0.5490505627715226,-0.18789507208148065,0.4634609599876012,-1.2127410348090817,1.2340846950123452,-0.6108550814594533,0.1234486550763711,-0.888920074780272,-0.14210556573873645,-0.7084241237424738
0.2549056597826868,0.15251007582057832,0.6143397272531282,-1.262002107944204,-1.0596528612692575,-0.7801978516921004,-0.8147539352275726,0.19729858972631706,-0.3473656411861618,-0.7612288498583006,0.8158606084464242,0.37849377233530396,0.07660787437161694,0.5368065703621072,-0.19864669252972347,0.5412372565110644,1.2973738779308672,0.8665340324553857,-0.30721982309968365,-0.3228723182186694,0.017162208676288187,-0.4443527683336122,0.10377406646336206,0.36222056966888616,-0.23295268009874928,-0.08366173633658781,0.06239502041163762,-0.29204116017928766,-0.10275922068391963,0.5678570848553184,0.9035028597682422,0.5271507549172815,0.19198417431474396,0.3709468005205971,0.3527162544884182,-0.7991075926357547,-0.0855084461490071,-0.7997281006044284,-0.7928458824767262,-0.003018318189054776,-0.8818274570267705,-0.2761250810683478,-0.38152121637510317,0.3040012135283745
-0.2188448110015338,-0.8213403675924593,-1.262002107944204,3.0714808514399228,1.5800195045771053,0.9174965989303487,1.4443948127668065,-0.4052843314915958,0.06100452334055671,1.4653838386257614,-2.281201698504706,-1.5505310787787328,-0.2790571420138886,-1.6383359256146641,0.2743240151052676,-0.8808582602409016,-2.132289888677394,-2.0971356329077806,0.4963733669355504,0.6407333482876879,-1.0224986356753751,1.6500248856534365,-0.19009411547481012,-1.0267062142094732,0.7489153631463153,0.9617564426148453,-0.0575633704902278,0.29157414093927075,0.293999790423238,-1.556015241804919,-1.745071706175827,-2.053659237479183,-0.3165701887861963,-0.801579554767491,-1.0442248906558127,1.7619380629143078,-0.03662749019125515,2.398548575193075,0.6914505836657636,0.4330652856044801,1.684906675931676,1.3303160940600263,0.9045000670647444,-0.18187454754382384
-0.900758170747975,0.7918574711729025,-1.0596528612692575,1.5800195045771053,3.4101837204134857,3.2557547632715673,1.8959547182124155,-0.5281238247263225,2.4337440288829266,1.8612385675881091,-0.6735566855080865,0.5598877322694904,0.004357475855947842,0.5465600943968641,0.3239945052210438,-1.1997733624564328,-3.857173629524712,-0.9098392279071738,1.4466747313804271,0.29463066062907156,1.8608922366245413,-0.5891984194244941,-0.525551752971578,0.14610124280083128,0.010287530206789205,-1.1884718534679044,-0.3742683269412333,0.9608656333398816,0.5226515507655628,-0.031147063280806075,-2.0725134107837246,1.1609969467905856,-0.5330173783038409,-0.5871018569364578,0.06468260272720326,1.570668195277953,0.8763201235133604,0.0032315979759349875,3.397866187616866,-0.8486502947718433,2.104534883215247,-0.472091850100814,0.7112431193368477,-1.6563743112456173
-0.8153718909992098,1.0764159166136502,-0.7801978516921004,0.9174965989303487,3.2557547632715673,3.537526853089664,1.5015949371028254,-0.6022137630396809,2.9852716866921423,1.7824799987089428,-0.36775921785868,0.7012377986807815,0.014353408505840338,1.417452724081466,0.007145669337274932,-0.7483975475074758,-3.760692419635668,-0.22955986700743922,1.9173012366871527,-0.162744631366792,2.049430491619734,-1.0385142820148079,-0.7071019087608803,0.646547762473883,-0.009500437586067325,-1.21586738069683,-0.5644546151205599,0.5549351948898077,1.1516938488082247,0.6273620430837578,-1.8216862164863625,1.8598815040329344,-0.4841904357201063,-0.4142396559732966,0.37803308783378226,1.4938022155606645,1.1511586088339212,-0.7902369815481423,3.353176956358018,-1.0589304127174215,1.982112390975617,-0.39208522966188586,0.771615316511919,-1.7355088862337364
-0.5831034933255207,0.17837619510388564,-0.8147539352275726,1.4443948127668065,1.8959547182124155,1.5015949371028254,1.4237357595945734,-0.11666101892205193,0.8758078911008577,1.0295791705032113,-0.5251907528375447,0.17236863045196688,-0.025959164400697017,-0.44518169233328636,0.5396754061410156,-1.0118848413912465,-2.1689981202106057,-1.024560451973775,0.4022450828370615,0.5711448115850144,0.8181722625787125,0.04139177485705874,-0.16190131898228924,-0.3524505511628239,0.009521105000732154,-0.625337434132429,-0.009005341601368287,0.8284574063822533,-0.21221269207815394,-0.6159589360291217,-1.3393938075999376,0.04366402093049154,-0.3638131852882756,-0.4599608673703646,-0.266712236596194,0.8628171961180615,0.24492400876575407,0.7128297019983876,1.8311542351076677,-0.2835904409084085,1.2050356650993612,-0.32429797419631334,0.2906281318401459,-0.7852432069070813
-0.15371806428208912,0.010276956222600497,0.19729858972631706,-0.4052843314915958,-0.5281238247263225,-0.6022137630396809,-0.11666101892205193,0.6978736774396163,-0.6976704380106727,-0.5869633736615938,0.7879846157396411,0.6358012926849229,0.10706360298812709,-0.3517227121382808,0.4069967333470995,-0.25044344941425095,0.891206150030574,0.10452426111206704,-0.73056345762792,0.28686808117268514,0.24767944350353313,-0.22006605460032425,0.12374869198857434,-0.026325216504330413,-0.3005133248259795,-0.6138517560524619,0.27762545718593734,0.4048067797209225,-0.9180281654622836,-0.1788259884221127,0.4889881787944522,0.16911958259610124,0.02928818805724255,0.029128801402745638,0.04137636618007477,-0.8720940895054687,-0.1706774595752761,0.10457827962957063,-0.1553031609772479,0.06879773935961651,-0.6550554035307639,-0.6089887987660794,-0.6137429624886109,0.18638575945039548
-0.520373271272446,1.1505893298434844,-0.3473656411861618,0.06100452334055671,2.4337440288829266,2.9852716866921423,0.8758078911008577,-0.6976704380106727,2.986441642687813,1.3430644243673833,-0.010637115177386275,0.6140948570891003,-0.0013125722756920908,1.9805729546454167,-0.26512019893147304,-0.12378780752635787,-2.976339019404612,0.5113057893374151,2.0107443325521164,-0.5439208045253977,1.7910689105920043,-1.2772271594095554,-0.705546699463976,0.9236572736918762,-0.10578027135652816,-0.9041386409520125,-0.5905022546865916,0.06094920138179722,1.5601087386343315,1.1421193191869177,-1.2562098800280608,2.1248616803774225,-0.33665543108478396,-0.11492162322346815,0.5692787316021585,1.2100431174878896,1.1252784295154012,-1.427981572000091,2.52803386312265,-1.0663746027906609,1.4628808050112567,-0.3057784882687018,0.7242900793338136,-1.4858009513939305
-0.31002269986822395,0.12093031592730147,-0.7612288498583006,1.4653838386257614,1.8612385675881091,1.7824799987089428,1.0295791705032113,-0.5869633736615938,1.3430644243673833,1.3445610610057843,-1.179012224230894,-0.5070229309433785,-0.13054723397508272,0.12578842327793446,-0.044035902119374644,-0.4420028035890055,-2.333812180996494,-0.7825550650403523,1.1443569268342808,0.021157891408625992,0.2582580047277046,0.23948316306055872,-0.3864839510087344,-0.06385865834566297,0.3490644341483409,0.10205850340622544,-0.3347049527832648,0.13937599199402836,0.8821490338704986,-0.1884303652347988,-1.4045386667909112,-0.0462211863886574,-0.27784788936967036,-0.4423169031937654,-0.22417883655897325,1.439099044709715,0.47845720003900133,0.45340273186742125,1.430698684485421,-0.24596653832607165,1.4887362444114558,0.5370596342938633,0.8129070957148491,-0.7557059370474479
-0.3037227417253679,0.8973912797469796,0.8158606084464242,-2.281201698504706,-0.6735566855080865,-0.36775921785868,-0.5251907528375447,0.7879846157396411,-0.010637115177386275,-1.179012224230894,2.4906264855960933,2.0765706022095416,0.33257720677342273,0.9872388662343972,0.4125614113414182,0.022535090283583196,1.2561809247298052,1.4814514557241683,-0.7394964260910979,-0.03288111789052933,1.7211448920988694,-1.7182513819288179,0.18962156870661617,0.7108685366651831,-0.9649044236917151,-1.7307045593036432,0.2613427915501606,0.5586368469894599,-1.1118236928322656,0.9351666948611047,1.1829938872415944,2.0782857255413747,0.04438459006344746,0.555984238942232,0.8600639626295317,-1.7959458401737927,0.05769499779040554,-1.7371733722530056,0.4146030783179327,-0.5730239925959842,-1.315204786495297,-1.964839039732115,-1.1367432568599718,-0.1716733908678329
-0.6234443407964064,1.0697990743714076,0.37849377233530396,-1.5505310787787328,0.5598877322694904,0.7012377986807815,0.17236863045196688,0.6358012926849229,0.6140948570891003,-0.5070229309433785,2.0765706022095416,2.251135210821949,0.3490995074168337,0.9021875897802124,0.5154782358371495,-0.5804598842339612,-0.05363868171983991,0.8735767483352471,-0.4342481537045594,0.2006585437140798,2.314452453301997,-1.7394598642229397,0.07093112222209556,0.6249298430344251,-0.8929564870743416,-2.165202581334842,0.16592593468283845,1.0042247959173678,-1.152813156915162,0.7357791052026694,0.4214705097593632,2.2575705698468056,-0.1088590458526106,0.2567277198446506,0.8078433467398037,-1.2317896070926766,0.28179196668360207,-1.505559409238688,1.6578828798759628,-0.7907720747303676,-0.5422600106083958,-2.0942547797488142,-0.91156637737445,-0.7175126457563749
-0.09213958121317861,0.1152661489159084,0.07660787437161694,-0.2790571420138886,0.004357475855947842,0.014353408505840338,-0.025959164400697017,0.10706360298812709,-0.0013125722756920908,-0.13054723397508272,0.33257720677342273,0.3490995074168337,0.08499206911608265,0.0699578183598563,0.06787782382040995,-0.11716382768212638,0.09346170201572104,0.12461181647140507,-0.16247368175777288,0.04977931810380122,0.2910206770412933,-0.23105166821202225,0.060906922185643156,0.08718087637140595,-0.1521592189362972,-0.3398315944337557,0.045052154846260156,0.1600512679981232,-0.2434780999537096,0.08996883585989686,0.1089710387051228,0.28762841696949865,-0.003249235497550291,0.022490203457486844,0.12566896529540755,-0.23047723190835193,-5.306532713751725e-4,-0.22459688604755038,0.18470568451560518,-0.1117614820850099,-0.14778141834575215,-0.3480641130089942,-0.1639924621650513,-0.051524272920996456
-0.007663673624624012,1.1360178210799803,0.5368065703621072,-1.6383359256146641,0.5465600943968641,1.417452724081466,-0.44518169233328636,-0.3517227121382808,1.9805729546454167,0.12578842327793446,0.9872388662343972,0.9021875897802124,0.0699578183598563,2.488803738257999,-0.5669101139812586,0.7744411264613531,-0.6289074132101251,1.6149050311249398,1.3335374364386707,-0.9763362136832109,1.4611396193292636,-1.6406749033182433,-0.4591498851172362,1.2867060234759948,-0.3345619598523645,-0.7457030913391448,-0.4765185441295025,-0.4852842719674721,1.3292198029361897,1.7321659578497621,0.20098425793166014,2.449576069416188,-0.004859672032009837,0.38434091353676125,0.9568245719870229,-0.03585418208735209,0.8284253664262198,-2.2895730621512596,0.9549662055238147,-0.8289439382395455,0.06909833381800234,-0.4843649228257316,0.13788784036079468,-0.8286032453500177
-0.37023942586541686,0.05916525225349224,-0.19864669252972347,0.2743240151052676,0.3239945052210438,0.007145669337274932,0.5396754061410156,0.4069967333470995,-0.26512019893147304,-0.044035902119374644,0.4125614113414182,0.5154782358371495,0.06787782382040995,-0.5669101139812586,0.6584627218505813,-0.5985645013700311,-0.19529707198149204,-0.30871544801707207,-0.45931227783946216,0.49288163817898273,0.39197349703749096,-0.11900716953391402,0.08335746892714739,-0.24598433531155817,-0.29496338029942437,-0.6610186545317273,0.25608497293661736,0.7227097461705663,-0.8598661291325683,-0.42536617468938154,-0.21710591364966414,0.06268582119119633,-0.14468355679424816,-0.13461066350466602,-0.1163161400381844,-0.28521753839131053,-0.11604056018816415,0.40234640233140817,0.470515029492583,-0.019881538779007665,-0.055266894148193295,-0.6971214017746911,-0.32201066607117845,-0.14376573021108002
0.5843490267924549,-0.0740520740725175,0.5412372565110644,-0.8808582602409016,-1.1997733624564328,-0.7483975475074758,-1.0118848413912465,-0.25044344941425095,-0.12378780752635787,-0.4420028035890055,0.022535090283583196,-0.5804598842339612,-0.11716382768212638,0.7744411264613531,-0.5985645013700311,1.1574749178884254,1.141715292896828,0.9194037381209588,0.35799413148472,-0.7226949034266973,-0.7807693308985542,-0.002302309767049389,-0.0748783766957513,0.37186067874239714,0.1770107844496766,0.9376195531590351,-0.18766561531868006,-1.0094974424972987,0.9364062163858126,0.6702350171753316,0.7560759384597419,-0.0038306176568917677,0.23071172693292005,0.40817438680908824,0.1792393458930454,-0.16532759723438456,0.013163189775632394,-0.6491730770556116,-1.419766358369524,0.21299683135841765,-0.5406130792015584,0.7186390553699463,0.15253008900071988,0.46517341910112187
0.886199394174368,-0.7245996596916883,1.2973738779308672,-2.132289888677394,-3.857173629524712,-3.760692419635668,-2.1689981202106057,0.891206150030574,-2.976339019404612,-2.333812180996494,1.2561809247298052,-0.05363868171983991,0.09346170201572104,-0.6289074132101251,-0.19529707198149204,1.141715292896828,4.695000610805129,1.09227914360609,-2.0225628437440686,-0.1908935318099225,-1.5954917513803601,0.3420002521114882,0.6790341135114604,-0.08763005574426712,-0.21601396574161363,0.7688941438601639,0.5024893110354616,-0.7331203691272257,-1.1558779999507043,0.06466222842615851,2.570995651418411,-0.9243639992914434,0.6189435206744635,0.6758664142127926,0.08771763865398582,-2.2468612306246913,-1.0278292444686117,-0.18180031920258077,-3.5601111039975137,0.8834768697526401,-2.629482548420244,0.007081786435415306,-1.1431886981644275,1.763894237364964
0.14874863602878063,0.6891342508649301,0.8665340324553857,-2.0971356329077806,-0.9098392279071738,-0.22955986700743922,-1.024560451973775,0.10452426111206704,0.5113057893374151,-0.7825550650403523,1.4814514557241683,0.8735767483352471,0.12461181647140507,1.6149050311249398,-0.30871544801707207,0.9194037381209588,1.09227914360609,1.7979470255856007,0.29691548032759413,-0.7599596535035172,0.6423201269445594,-1.2643012555657094,-0.11432991801640606,0.9675734750882128,-0.4726679138561505,-0.43699551887100574,-0.12940534400790712,-0.48446611825513125,0.4734840299007583,1.3953187196169192,1.072394130303062,1.6653852861137268,0.15371574716836092,0.6179625653463493,0.7784211270329716,-0.9311154261895018,0.29389120178486444,-1.8811377661050366,-0.4757309684146019,-0.40217963187866845,-0.9554017914533122,-0.6254766693811995,-0.363571916622126,-0.0011294184094896237
-0.0958920181007769,0.4850680195292281,-0.30721982309968365,0.4963733669355504,1.4466747313804271,1.9173012366871527,0.4022450828370615,-0.73056345762792,2.0107443325521164,1.1443569268342808,-0.7394964260910979,-0.4342481537045594,-0.16247368175777288,1.3335374364386707,-0.45931227783946216,0.35799413148472,-2.0225628437440686,0.29691548032759413,1.850835676053528,-0.6585810457906349,0.36480131112808023,-0.34369870939139635,-0.6530774896645386,0.5865158926809138,0.2662738553626325,0.2665063664981968,-0.5502567776609281,-0.49206027587439205,1.7900888623798383,0.7454964475160478,-0.9534376501923414,0.8198179472778172,-0.18914247627698685,-0.0982887932340709,0.15915656613037057,1.2993296465150639,0.8305325589055896,-0.5916615948573598,1.0496012910808716,-0.4485872833141261,1.2032150740725607,0.7074542936932718,0.9032929775333813,-0.7945175675774988
-0.2526000275270408,-0.19874644110757358,-0.3228723182186694,0.6407333482876879,0.29463066062907156,-0.162744631366792,0.5711448115850144,0.28686808117268514,-0.5439208045253977,0.021157891408625992,-0.03288111789052933,0.2006585437140798,0.04977931810380122,-0.9763362136832109,0.49288163817898273,-0.7226949034266973,-0.1908935318099225,-0.7599596535035172,-0.6585810457906349,0.6496342025382047,0.15749310728267776,0.2900768134010297,0.22078630943123095,-0.5325628537770943,-0.07744388506821524,-0.36009791421683823,0.26674373468792034,0.6373647697626984,-0.9426600766832659,-0.7520036812760378,-0.2687766370221277,-0.5264805722396259,-0.08707857262830923,-0.21809563520652253,-0.2935940337597968,-0.10788428565088211,-0.2764443410174673,0.7824903200666417,0.41336838540924054,0.10653587992514603,0.09718278883161018,-0.4210290654475774,-0.2454924974017414,0.011726384395465037
-0.7987343524529896,1.430683270345062,0.017162208676288187,-1.0224986356753751,1.8608922366245413,2.049430491619734,0.8181722625787125,0.24767944350353313,1.7910689105920043,0.2582580047277046,1.7211448920988694,2.314452453301997,0.2910206770412933,1.4611396193292636,0.39197349703749096,-0.7807693308985542,-1.5954917513803601,0.6423201269445594,0.36480131112808023,0.15749310728267776,3.1668673285097797,-2.0437967876040157,-0.15733378428437783,0.7380313184466754,-0.7890173755617913,-2.4016310173316784,-0.09236065784541843,1.070438606139076,-0.5683712665864392,0.8628653145677225,-0.3128953209621395,2.7771042272274964,-0.2858075243761863,0.12531958505413035,0.8898434663846871,-0.5186708911311996,0.6782735212899915,-1.7176519616476162,2.996813164105714,-1.172299509096648,0.39155028954233434,-2.083703440505739,-0.5425097658601472,-1.406230492085295
0.39452304518073,-1.162604338718031,-0.4443527683336122,1.6500248856534365,-0.5891984194244941,-1.0385142820148079,0.04139177485705874,-0.22006605460032425,-1.2772271594095554,0.23948316306055872,-1.7182513819288179,-1.7394598642229397,-0.23105166821202225,-1.6406749033182433,-0.11900716953391402,-0.002302309767049389,0.3420002521114882,-1.2643012555657094,-0.34369870939139635,0.2900768134010297,-2.0437967876040157,1.8054515725985292,0.15767038816487564,-0.9265566815057498,0.7087105135998973,1.626308748802861,0.10625977255837489,-0.39744165961154676,0.07988618704555883,-1.2022897825357166,-0.31638142381231643,-2.443975305763964,0.07838552513398658,-0.32998535995188316,-0.8881581706236051,0.7380959161429935,-0.5258858579449888,1.9264479508420331,-1.4056904221895237,0.853841569668903,0.28281034433516317,1.523303420089271,0.47795637687667347,0.8085111223613952
0.09683602173419739,-0.20614485216069783,0.10377406646336206,-0.19009411547481012,-0.525551752971578,-0.7071019087608803,-0.16190131898228924,0.12374869198857434,-0.705546699463976,-0.3864839510087344,0.18962156870661617,0.07093112222209556,0.060906922185643156,-0.4591498851172362,0.08335746892714739,-0.0748783766957513,0.6790341135114604,-0.11432991801640606,-0.6530774896645386,0.22078630943123095,-0.15733378428437783,0.15767038816487564,0.3064337253822152,-0.2559735265859166,-0.06556170180794609,0.0193472241518723,0.1776878510293792,0.08848507987957797,-0.566140723749362,-0.26759464998883115,0.32990719214761305,-0.3762302888556083,0.08010156798099295,0.06099959234621034,-0.05419641040051579,-0.3840376677855216,-0.337440085141394,0.15410565508083116,-0.3912042924027361,0.1591355018958984,-0.38385618677026256,-0.23804203325730752,-0.26544488644547265,0.3149478498501816
-0.07141294849894057,0.6028022568721912,0.36222056966888616,-1.0267062142094732,0.14610124280083128,0.646547762473883,-0.3524505511628239,-0.026325216504330413,0.9236572736918762,-0.06385865834566297,0.7108685366651831,0.6249298430344251,0.08718087637140595,1.2867060234759948,-0.24598433531155817,0.37186067874239714,-0.08763005574426712,0.9675734750882128,0.5865158926809138,-0.5325628537770943,0.7380313184466754,-0.9265566815057498,-0.2559735265859166,0.7910085975005039,-0.24829548964697318,-0.5488958200457577,-0.22585008849922952,-0.17946924778830953,0.5583509555288401,0.9784526265491165,0.24209715549432234,1.4006436359568197,0.003586883855495937,0.19796571963027831,0.5650024596843437,-0.2206655917395856,0.4456290834901881,-1.2544081127002273,0.40031528610363193,-0.45273253258723595,-0.15032852487333767,-0.3397165287728946,-0.03609047070279858,-0.38249294418878466
0.2178919892240906,-0.3804787992033139,-0.23295268009874928,0.7489153631463153,0.010287530206789205,-0.009500437586067325,0.009521105000732154,-0.3005133248259795,-0.10578027135652816,0.3490644341483409,-0.9649044236917151,-0.8929564870743416,-0.1521592189362972,-0.3345619598523645,-0.29496338029942437,0.1770107844496766,-0.21601396574161363,-0.4726679138561505,0.2662738553626325,-0.07744388506821524,-0.7890173755617913,0.7087105135998973,-0.06556170180794609,-0.24829548964697318,0.5047446646453467,0.8659024572026573,-0.15852487866228177,-0.42955258729136214,0.5549899867459369,-0.2809763303696984,-0.2581923232980607,-0.8853525299500871,0.045681016282501236,-0.11736663663918073,-0.31563609177531027,0.6091250560706002,-0.040076847271909764,0.5834910181065548,-0.38624264395369706,0.27697659023429766,0.4254159516094623,0.9363976978575058,0.434470534618434,0.21255991141888791
0.7982630164773874,-1.047960729051287,-0.08366173633658781,0.9617564426148453,-1.1884718534679044,-1.21586738069683,-0.625337434132429,-0.6138517560524619,-0.9041386409520125,0.10205850340622544,-1.7307045593036432,-2.165202581334842,-0.3398315944337557,-0.7457030913391448,-0.6610186545317273,0.9376195531590351,0.7688941438601639,-0.43699551887100574,0.2665063664981968,-0.36009791421683823,-2.4016310173316784,1.626308748802861,0.0193472241518723,-0.5488958200457577,0.8659024572026573,2.357245890804429,-0.15286573277865423,-1.2537666573255903,1.1359725329840884,-0.49367159130731064,0.10951454665043461,-2.209675333927925,0.22082292766459696,0.03021452682591486,-0.6886132299711213,0.8419032307822556,-0.3735748796086918,1.1671324426409273,-2.1816666371272677,0.8496732204792697,0.11633483857456209,2.0603707395966393,0.7526578775673597,0.9843763852114162
-0.016397359954401402,-0.14554727233150971,0.06239502041163762,-0.0575633704902278,-0.3742683269412333,-0.5644546151205599,-0.009005341601368287,0.27762545718593734,-0.5905022546865916,-0.3347049527832648,0.2613427915501606,0.16592593468283845,0.045052154846260156,-0.4765185441295025,0.25608497293661736,-0.18766561531868006,0.5024893110354616,-0.12940534400790712,-0.5502567776609281,0.26674373468792034,-0.09236065784541843,0.10625977255837489,0.1776878510293792,-0.22585008849922952,-0.15852487866228177,-0.15286573277865423,0.23959754548882778,0.2573400399320837,-0.6440441504356246,-0.3010683740165433,0.20621570554098959,-0.250586367492421,0.021559122170152867,0.008334833232077251,-0.09532791037440069,-0.3888028017790519,-0.24222478405941936,0.29637452536693604,-0.26901335349846806,0.14358170617671331,-0.3677212631224673,-0.29593291998764804,-0.3027521691484479,0.2101072178469919
-0.5847450583813492,0.3015855473312,-0.29204116017928766,0.29157414093927075,0.9608656333398816,0.5549351948898077,0.8284574063822533,0.4048067797209225,0.06094920138179722,0.13937599199402836,0.5586368469894599,1.0042247959173678,0.1600512679981232,-0.4852842719674721,0.7227097461705663,-1.0094974424972987,-0.7331203691272257,-0.48446611825513125,-0.49206027587439205,0.6373647697626984,1.070438606139076,-0.39744165961154676,0.08848507987957797,-0.17946924778830953,-0.42955258729136214,-1.2537666573255903,0.2573400399320837,1.146589683717585,-1.1899657923952807,-0.39244320295409657,-0.45259134760766184,0.5149107685258978,-0.21551533939816625,-0.2214039623811042,0.035235247564067304,-0.2669457679020536,-0.003173526414949722,0.24924714025610076,1.31026033367488,-0.2616621708626761,0.1603066178055794,-1.1259360676245367,-0.3981984143240723,-0.5117429796121921
0.31217881995216146,0.1263081006592749,-0.10275922068391963,0.293999790423238,0.5226515507655628,1.1516938488082247,-0.21221269207815394,-0.9180281654622836,1.5601087386343315,0.8821490338704986,-1.1118236928322656,-1.152813156915162,-0.2434780999537096,1.3292198029361897,-0.8598661291325683,0.9364062163858126,-1.1558779999507043,0.4734840299007583,1.7900888623798383,-0.9426600766832659,-0.5683712665864392,0.07988618704555883,-0.566140723749362,0.5583509555288401,0.5549899867459369,1.1359725329840884,-0.6440441504356246,-1.1899657923952807,2.3341078039822696,0.8123826747480399,-0.5398030502638941,0.1981182896615246,0.0011307444042041935,-0.011704081835058796,0.05895596099567584,1.3441087039254243,0.6167448335506185,-0.5971091592227095,-0.10496359740820037,-0.17325905264680355,0.9225274267144693,1.3992284641093844,1.07651677794952,-0.28226529322598654
0.03550347635173029,0.8003984493737973,0.5678570848553184,-1.556015241804919,-0.031147063280806075,0.6273620430837578,-0.6159589360291217,-0.1788259884221127,1.1421193191869177,-0.1884303652347988,0.9351666948611047,0.7357791052026694,0.08996883585989686,1.7321659578497621,-0.42536617468938154,0.6702350171753316,0.06466222842615851,1.3953187196169192,0.7454964475160478,-0.7520036812760378,0.8628653145677225,-1.2022897825357166,-0.26759464998883115,0.9784526265491165,-0.2809763303696984,-0.49367159130731064,-0.3010683740165433,-0.39244320295409657,0.8123826747480399,1.3897787575438338,0.4690853880625988,1.7559088316723475,0.08481504221812464,0.4068304358106126,0.7417931006491562,-0.2981457621152974,0.5144331322677212,-1.8043527080375281,0.27121730610355016,-0.5420197945982597,-0.28812107478874405,-0.41880704738040286,-0.01407831937618618,-0.3874401852486909
0.4425159653137846,-0.07246383609597853,0.9035028597682422,-1.745071706175827,-2.0725134107837246,-1.8216862164863625,-1.3393938075999376,0.4889881787944522,-1.2562098800280608,-1.4045386667909112,1.1829938872415944,0.4214705097593632,0.1089710387051228,0.20098425793166014,-0.21710591364966414,0.7560759384597419,2.570995651418411,1.072394130303062,-0.9534376501923414,-0.2687766370221277,-0.3128953209621395,-0.31638142381231643,0.32990719214761305,0.24209715549432234,-0.2581923232980607,0.10951454665043461,0.20621570554098959,-0.45259134760766184,-0.5398030502638941,0.4690853880625988,1.6416586034301053,0.15528217892943114,0.35105616049135036,0.5725653359971747,0.33026406357699045,-1.4737931246783236,-0.3958009757429474,-0.7473629773483278,-1.6432259753665834,0.22918419153563005,-1.5555427949137781,-0.3215195401785739,-0.748562917761708,0.8177609321482198
-0.5700230018640144,1.6456000621363018,0.5271507549172815,-2.053659237479183,1.1609969467905856,1.8598815040329344,0.04366402093049154,0.16911958259610124,2.1248616803774225,-0.0462211863886574,2.0782857255413747,2.2575705698468056,0.28762841696949865,2.449576069416188,0.06268582119119633,-0.0038306176568917677,-0.9243639992914434,1.6653852861137268,0.8198179472778172,-0.5264805722396259,2.7771042272274964,-2.443975305763964,-0.3762302888556083,1.4006436359568197,-0.8853525299500871,-2.209675333927925,-0.250586367492421,0.5149107685258978,0.1981182896615246,1.7559088316723475,0.15528217892943114,3.4884989386642644,-0.1503067901492432,0.35435976932796664,1.244469128388549,-0.694799681080534,0.8927998261998541,-2.650198360444579,2.1493405070759146,-1.2270732074495858,-0.1175841572776693,-1.8515164883381925,-0.4462730036171413,-1.292736411031207
0.18517575378916962,-0.09649452058282379,0.19198417431474396,-0.3165701887861963,-0.5330173783038409,-0.4841904357201063,-0.3638131852882756,0.02928818805724255,-0.33665543108478396,-0.27784788936967036,0.04438459006344746,-0.1088590458526106,-0.003249235497550291,-0.004859672032009837,-0.14468355679424816,0.23071172693292005,0.6189435206744635,0.15371574716836092,-0.18914247627698685,-0.08707857262830923,-0.2858075243761863,0.07838552513398658,0.08010156798099295,0.003586883855495937,0.045681016282501236,0.22082292766459696,0.021559122170152867,-0.21551533939816625,0.0011307444042041935,0.08481504221812464,0.35105616049135036,-0.1503067901492432,0.13447304630999615,0.09818135165278705,0.010604614898767862,-0.20168937862536337,-0.11837987502553829,-0.09832823231694687,-0.5328855549302685,0.13236921425364895,-0.3083063387200366,0.11353673277553605,-0.07137403323747908,0.24656763122507572
0.16114550602184502,0.16320528614020624,0.3709468005205971,-0.801579554767491,-0.5871018569364578,-0.4142396559732966,-0.4599608673703646,0.029128801402745638,-0.11492162322346815,-0.4423169031937654,0.555984238942232,0.2567277198446506,0.022490203457486844,0.38434091353676125,-0.13461066350466602,0.40817438680908824,0.6758664142127926,0.6179625653463493,-0.0982887932340709,-0.21809563520652253,0.12531958505413035,-0.32998535995188316,0.06099959234621034,0.19796571963027831,-0.11736663663918073,0.03021452682591486,0.008334833232077251,-0.2214039623811042,-0.011704081835058796,0.4068304358106126,0.5725653359971747,0.35435976932796664,0.09818135165278705,0.36128567927213423,0.23537658206641274,-0.47623867567983563,-0.02498529938590594,-0.5746129719086042,-0.4128011681027205,-0.036895558818527775,-0.4790449993533474,-0.18566530101963805,-0.21141415354975712,0.17397134640321657
-0.0815976553807134,0.5490505627715226,0.3527162544884182,-1.0442248906558127,0.06468260272720326,0.37803308783378226,-0.266712236596194,0.04137636618007477,0.5692787316021585,-0.22417883655897325,0.8600639626295317,0.8078433467398037,0.12566896529540755,0.9568245719870229,-0.1163161400381844,0.1792393458930454,0.08771763865398582,0.7784211270329716,0.15915656613037057,-0.2935940337597968,0.8898434663846871,-0.8881581706236051,-0.05419641040051579,0.5650024596843437,-0.31563609177531027,-0.6886132299711213,-0.09532791037440069,0.035235247564067304,0.05895596099567584,0.7417931006491562,0.33026406357699045,1.244469128388549,0.010604614898767862,0.23537658206641274,0.5363499518356091,-0.43619103995434183,0.2461523260963696,-1.1254422135236788,0.46866708099612203,-0.4065911181678703,-0.27169965063660556,-0.6338250230584198,-0.23065450503781276,-0.30872825173631396
-0.05708876236123965,-0.18789507208148065,-0.7991075926357547,1.7619380629143078,1.570668195277953,1.4938022155606645,0.8628171961180615,-0.8720940895054687,1.2100431174878896,1.439099044709715,-1.7959458401737927,-1.2317896070926766,-0.23047723190835193,-0.03585418208735209,-0.28521753839131053,-0.16532759723438456,-2.2468612306246913,-0.9311154261895018,1.2993296465150639,-0.10788428565088211,-0.5186708911311996,0.7380959161429935,-0.3840376677855216,-0.2206655917395856,0.6091250560706002,0.8419032307822556,-0.3888028017790519,-0.2669457679020536,1.3441087039254243,-0.2981457621152974,-1.4737931246783236,-0.694799681080534,-0.20168937862536337,-0.47623867567983563,-0.43619103995434183,1.8430046401718376,0.37366670293446574,0.745889614109673,0.7877841420745457,-0.019506900836592702,1.586108166204904,1.173904497279102,1.1270482131749557,-0.4961847491552215
-0.20590325868273474,0.4634609599876012,-0.0855084461490071,-0.03662749019125515,0.8763201235133604,1.1511586088339212,0.24492400876575407,-0.1706774595752761,1.1252784295154012,0.47845720003900133,0.05769499779040554,0.28179196668360207,-5.306532713751725e-4,0.8284253664262198,-0.11604056018816415,0.013163189775632394,-1.0278292444686117,0.29389120178486444,0.8305325589055896,-0.2764443410174673,0.6782735212899915,-0.5258858579449888,-0.337440085141394,0.4456290834901881,-0.040076847271909764,-0.3735748796086918,-0.24222478405941936,-0.003173526414949722,0.6167448335506185,0.5144331322677212,-0.3958009757429474,0.8927998261998541,-0.11837987502553829,-0.02498529938590594,0.2461523260963696,0.37366670293446574,0.5039180790150908,-0.56571921427318,0.9188782571391895,-0.38745850141324595,0.49629120252694886,-0.06651853257096002,0.24373668808851154,-0.5574693250817561
0.0686925528897329,-1.2127410348090817,-0.7997281006044284,2.398548575193075,0.0032315979759349875,-0.7902369815481423,0.7128297019983876,0.10457827962957063,-1.427981572000091,0.45340273186742125,-1.7371733722530056,-1.505559409238688,-0.22459688604755038,-2.2895730621512596,0.40234640233140817,-0.6491730770556116,-0.18180031920258077,-1.8811377661050366,-0.5916615948573598,0.7824903200666417,-1.7176519616476162,1.9264479508420331,0.15410565508083116,-1.2544081127002273,0.5834910181065548,1.1671324426409273,0.29637452536693604,0.24924714025610076,-0.5971091592227095,-1.8043527080375281,-0.7473629773483278,-2.650198360444579,-0.09832823231694687,-0.5746129719086042,-1.1254422135236788,0.745889614109673,-0.56571921427318,2.6722032185031828,-0.758953133600746,0.8743160942399655,0.5390359337159153,1.1904750887638298,0.3126322781513447,0.5942698036232706
-1.1039539977217234,1.2340846950123452,-0.7928458824767262,0.6914505836657636,3.397866187616866,3.353176956358018,1.8311542351076677,-0.1553031609772479,2.52803386312265,1.430698684485421,0.4146030783179327,1.6578828798759628,0.18470568451560518,0.9549662055238147,0.470515029492583,-1.419766358369524,-3.5601111039975137,-0.4757309684146019,1.0496012910808716,0.41336838540924054,2.996813164105714,-1.4056904221895237,-0.3912042924027361,0.40031528610363193,-0.38624264395369706,-2.1816666371272677,-0.26901335349846806,1.31026033367488,-0.10496359740820037,0.27121730610355016,-1.6432259753665834,2.1493405070759146,-0.5328855549302685,-0.4128011681027205,0.46866708099612203,0.7877841420745457,0.9188782571391895,-0.758953133600746,4.080616754154025,-1.2069192599880225,1.6964712904949255,-1.477553404919826,0.14904766903366717,-1.8562410395763216
0.3322410131714648,-0.6108550814594533,-0.003018318189054776,0.4330652856044801,-0.8486502947718433,-1.0589304127174215,-0.2835904409084085,0.06879773935961651,-1.0663746027906609,-0.24596653832607165,-0.5730239925959842,-0.7907720747303676,-0.1117614820850099,-0.8289439382395455,-0.019881538779007665,0.21299683135841765,0.8834768697526401,-0.40217963187866845,-0.4485872833141261,0.10653587992514603,-1.172299509096648,0.853841569668903,0.1591355018958984,-0.45273253258723595,0.27697659023429766,0.8496732204792697,0.14358170617671331,-0.2616621708626761,-0.17325905264680355,-0.5420197945982597,0.22918419153563005,-1.2270732074495858,0.13236921425364895,-0.036895558818527775,-0.4065911181678703,-0.019506900836592702,-0.38745850141324595,0.8743160942399655,-1.2069192599880225,0.5854659092087412,-0.28425491936827557,0.6685190516329932,0.032212471781493314,0.6136469167694123
-0.34425474491737945,0.1234486550763711,-0.8818274570267705,1.684906675931676,2.104534883215247,1.982112390975617,1.2050356650993612,-0.6550554035307639,1.4628808050112567,1.4887362444114558,-1.315204786495297,-0.5422600106083958,-0.14778141834575215,0.06909833381800234,-0.055266894148193295,-0.5406130792015584,-2.629482548420244,-0.9554017914533122,1.2032150740725607,0.09718278883161018,0.39155028954233434,0.28281034433516317,-0.38385618677026256,-0.15032852487333767,0.4254159516094623,0.11633483857456209,-0.3677212631224673,0.1603066178055794,0.9225274267144693,-0.28812107478874405,-1.5555427949137781,-0.1175841572776693,-0.3083063387200366,-0.4790449993533474,-0.27169965063660556,1.586108166204904,0.49629120252694886,0.5390359337159153,1.6964712904949255,-0.28425491936827557,1.7065691286330384,0.5668860465679891,0.8742997018565506,-0.8345012277368803
0.613872585991831,-0.888920074780272,-0.2761250810683478,1.3303160940600263,-0.472091850100814,-0.39208522966188586,-0.32429797419631334,-0.6089887987660794,-0.3057784882687018,0.5370596342938633,-1.964839039732115,-2.0942547797488142,-0.3480641130089942,-0.4843649228257316,-0.6971214017746911,0.7186390553699463,0.007081786435415306,-0.6254766693811995,0.7074542936932718,-0.4210290654475774,-2.083703440505739,1.523303420089271,-0.23804203325730752,-0.3397165287728946,0.9363976978575058,2.0603707395966393,-0.29593291998764804,-1.1259360676245367,1.3992284641093844,-0.41880704738040286,-0.3215195401785739,-1.8515164883381925,0.11353673277553605,-0.18566530101963805,-0.6338250230584198,1.173904497279102,-0.06651853257096002,1.1904750887638298,-1.477553404919826,0.6685190516329932,0.5668860465679891,2.208570779293479,0.9218952433844821,0.5982016500278402
0.07975926732102455,-0.14210556573873645,-0.38152121637510317,0.9045000670647444,0.7112431193368477,0.771615316511919,0.2906281318401459,-0.6137429624886109,0.7242900793338136,0.8129070957148491,-1.1367432568599718,-0.91156637737445,-0.1639924621650513,0.13788784036079468,-0.32201066607117845,0.15253008900071988,-1.1431886981644275,-0.363571916622126,0.9032929775333813,-0.2454924974017414,-0.5425097658601472,0.47795637687667347,-0.26544488644547265,-0.03609047070279858,0.434470534618434,0.7526578775673597,-0.3027521691484479,-0.3981984143240723,1.07651677794952,-0.01407831937618618,-0.748562917761708,-0.4462730036171413,-0.07137403323747908,-0.21141415354975712,-0.23065450503781276,1.1270482131749557,0.24373668808851154,0.3126322781513447,0.14904766903366717,0.032212471781493314,0.8742997018565506,0.9218952433844821,0.7626636592949918,-0.1953503407145467
0.46545988257400184,-0.7084241237424738,0.3040012135283745,-0.18187454754382384,-1.6563743112456173,-1.7355088862337364,-0.7852432069070813,0.18638575945039548,-1.4858009513939305,-0.7557059370474479,-0.1716733908678329,-0.7175126457563749,-0.051524272920996456,-0.8286032453500177,-0.14376573021108002,0.46517341910112187,1.763894237364964,-0.0011294184094896237,-0.7945175675774988,0.011726384395465037,-1.406230492085295,0.8085111223613952,0.3149478498501816,-0.38249294418878466,0.21255991141888791,0.9843763852114162,0.2101072178469919,-0.5117429796121921,-0.28226529322598654,-0.3874401852486909,0.8177609321482198,-1.292736411031207,0.24656763122507572,0.17397134640321657,-0.30872825173631396,-0.4961847491552215,-0.5574693250817561,0.5942698036232706,-1.8562410395763216,0.6136469167694123,-0.8345012277368803,0.5982016500278402,-0.1953503407145467,1.012943920596413
