V1,V2,V3,V4,V5,V6,V7,V8,V9,V10,V11,V12,V13,V14,V15,V16,V17,V18,V19,V20,V21,V22,V23,V24,V25,V26,V27,V28,V29,V30,V31,V32,V33,V34,V35,V36,V37,V38,V39,V40,V41,V42,V43,V44
1.116712817862933,-0.23690183120983177,0.1645189555157951,0.5632535951864279,-0.926717394251384,0.6270669625464947,-0.21341491725507003,-1.009809932812391,-0.629517523294271,-1.0511089492200765,-0.11383865658150867,-0.7319721437721015,-1.046902212463281,-0.9551538206019449,0.12180347981879196,0.41759295676382463,0.3530728549465459,-0.7522498507814624,1.2381150115607087,-0.23762395811644577,0.11241798243641159,0.28229511706374605,-0.9889047819487664,-0.7309966590799942,-0.3738311387625038,0.5272944738425649,0.3683176634509881,-0.03776713208673005,0.6766010764106188,0.5097438462088655,-0.846505249302242,0.08799568361689664,-0.3540064022076654,0.37541611619246124,-1.9378012645456364,0.6228560636654551,-0.04303562206850063,-0.13040071201610115,-0.8009773331444504,-0.5262666095199862,0.641754587183767,0.3163123862600475,0.4652200785730812,0.5093226054091861
-0.23690183120983177,0.7055954212907741,-0.21442435269324575,-0.007077651284549526,0.14277587129632938,-0.4434408230847542,0.4763148729348387,0.0019474272594190867,0.233859337037143,1.13439834333456,0.723862159096736,0.14744750596420805,0.5792058538624347,0.4736912045885722,0.6272281431776725,1.0494097917878045,-0.7528417697813291,0.8527455318231084,-0.33127370485506635,0.9243894221173606,-1.1905998705914242,-0.297402431149696,0.1935104422610417,-0.1027085314864016,0.10414678896992492,-0.06912921169731198,0.09952422658049102,0.36862506797374844,-0.6426927849858346,0.7334188694124311,-0.6076635979942314,-0.623801562183053,0.14602600634122972,-0.7318070391140032,-0.18624210057040486,-0.5078034778116206,0.42777647564826865,0.3441004035037209,0.9784749489802254,0.9345455828440635,-0.6961053977376096,-1.0011412649456963,0.2871757799404572,-0.16298294383129674
0.1645189555157951,-0.21442435269324575,0.23761229215689397,0.12334288151361776,-0.13275279144927882,0.6344869560090696,0.07249701322735182,-0.16489265979127793,-0.10719436996142521,-0.33042526438627634,-0.06860133499728752,0.04608767927602946,-0.423755215795076,0.003285629576397001,0.1187983984296033,-0.0501853264685805,-0.08463442265772765,-0.0389142777158145,0.07656852622189794,-0.5051444189568199,0.28752062203013334,0.19414540672526293,0.1550031910711968,0.18418357635089613,0.1280707579242624,0.10994389960487054,0.08238772775608262,0.013669179978158374,0.028427047817300388,-0.13457126714818077,0.2371831736867313,-0.062476719716248935,-0.17199554245816318,0.34771405106542413,0.1972592911450855,0.08823149625759935,0.20247359272366225,-0.0023380045692092213,-0.160405264542921,-0.20893483005091926,0.24434999914603503,-0.22147653986730706,-0.08676566014230108,-0.03737558697811939
0.5632535951864279,-0.007077651284549526,0.12334288151361776,0.5601383796291701,-0.027635506310287706,0.29086725846460404,0.24572728492316195,-0.29235129368474555,0.051661194261603566,-0.05897356033988039,0.2643157488049501,-0.1158461073770041,-0.43057391288045643,0.1643894474953212,0.433064692987483,0.5778436800960263,0.14048063623943496,0.12180942286493548,0.054290417756314074,0.1543928265409163,-0.30366028136552253,0.2557630119312659,-0.2910387258287635,-0.0699565303896132,-0.139204555661806,0.3647702923042104,0.17131957990895125,0.10085697961402806,0.035336038719576454,0.24990243052797761,-0.47623264796553094,-0.21389528927522913,-0.11510230888386833,-0.05907815731378517,-0.7831103187479452,0.4091993989869056,-0.038709712288325183,0.07990423663854389,-0.09300848770821174,0.12895634894981348,0.19742530825381727,-0.4794347734454083,0.1536380539066181,0.1951257604864743
-0.926717394251384,0.14277587129632938,-0.13275279144927882,-0.027635506310287706,1.7187243094550688,-0.9058518116644405,0.49523638835214023,1.4690743803784314,1.2342085221429873,1.3801212598799577,0.31221461039077786,0.9870254467474378,1.0926031117470394,1.7852913862244026,0.11348054020269441,-0.26119748577804486,0.25663081189339315,1.1031658484954536,-2.0576911243656504,0.6246513650011016,-0.2911672407012155,0.017969986062246222,0.9665989142883914,1.1363543578855178,0.22304425237668857,-0.2916276549671142,-0.48877436278951636,0.01757316686965081,-0.7667014033790435,-0.8074429875456257,0.7894125047705788,-0.11103502153760789,0.48533322155754444,-0.6571854144079005,1.9476881972235043,-0.04147989218321449,-0.4927267609183261,0.18000584468880185,0.7757428974162431,0.8015796886200486,-0.5432521709890148,-0.6638558126408578,-0.6677131815489797,-0.40144039130468984
0.6270669625464947,-0.4434408230847542,0.6344869560090696,0.29086725846460404,-0.9058518116644405,1.9764693708603036,0.16335284300491637,-0.9278977283154947,-0.6520988537236507,-1.0642323429088143,-0.12058691124624711,-0.12747230976876822,-1.3374240324030575,-0.44568603821760716,0.4453541615618169,0.1502305236211912,-0.5901034921002608,-0.22366184504182438,0.7777392197237568,-1.432837552303168,0.6225236041191444,0.42621155207517764,0.24353988213680708,0.12458076742313129,0.3542912468635203,0.3257863085040487,0.3885190849405104,0.12455453831388699,0.1344644049750452,0.040697094924398804,0.3319419499860149,-0.2916320555417115,-0.5847680085204572,1.0205788283867676,0.009350723192958672,0.047274613776069375,0.8610682477938314,0.007938930147954083,-0.39825658586790347,-0.5973260627386269,0.6496118739146612,-0.6548365467406629,0.020954701276084956,-0.055333339675035495
-0.21341491725507003,0.4763148729348387,0.07249701322735182,0.24572728492316195,0.49523638835214023,0.16335284300491637,0.7778481414192788,0.1859928089409796,0.48662798153816605,1.1257597460598687,0.7850264844374123,0.49773381191690125,0.29614169537825324,1.0704640153035252,0.9009779301671266,1.00074370437899,-0.774953306829244,1.1756723576221693,-0.8669515213953431,0.4800535649168256,-0.9593387826186481,0.004205603311161231,0.6539956761767929,0.4749200715875401,0.3218424693993339,0.04250409404881435,0.08377781428589323,0.4068565179269827,-0.8445149262300312,0.3467787742556047,-0.13166808641741273,-0.7784393502595582,0.05436429469783561,-0.49047071495737193,0.5503294271802078,-0.34375509134139764,0.5333855582816303,0.4094964967226065,1.0040145266603682,0.9411385786442027,-0.5156505957473311,-1.5902144726239142,-0.011074234009714473,-0.3075846480597124
-1.009809932812391,0.0019474272594190867,-0.16489265979127793,-0.29235129368474555,1.4690743803784314,-0.9278977283154947,0.1859928089409796,1.414522157887164,0.9951345824662159,0.9981932902211169,-0.007920175715273222,0.845282081952752,1.0699483844041504,1.3320988635273803,-0.2633213551853465,-0.7094000799878822,0.35778456417340243,0.6919123766448532,-1.713597505131841,0.3515319661804113,0.10629561832556256,-0.06509586752658161,0.8708826973916065,0.986639687824569,0.2015514414958282,-0.4122503321717445,-0.5314952705331762,-0.11631108792661714,-0.5181577375471371,-0.9392862186017717,0.9719403344925727,0.15983958894921263,0.46286318028870194,-0.4321992198054691,1.9986956199495378,-0.10814527196694976,-0.5463861271656586,0.0381602219018583,0.4990309996019216,0.44716290099329054,-0.4313693104595493,-0.07235055921860253,-0.6843940232829215,-0.37976912131357987
-0.629517523294271,0.233859337037143,-0.10719436996142521,0.051661194261603566,1.2342085221429873,-0.6520988537236507,0.48662798153816605,0.9951345824662159,0.9248143994958988,1.1875930323075654,0.4001770135706731,0.7239688986256957,0.8181335881167906,1.3865005281540825,0.27609963320806863,0.10086578137264798,0.030636848642867254,0.9749405240788285,-1.5174897190867584,0.6179221556425208,-0.4712643715412639,-0.0057421048578025075,0.7064770552105517,0.7913685187289968,0.17608322847900512,-0.17277867087814022,-0.3005591178855448,0.10032482458012597,-0.6759624424386673,-0.3959450888684388,0.39285318092549126,-0.24154204221139683,0.34633338016439585,-0.5997988503109162,1.2665876252951866,-0.08232471730929432,-0.24734672369739935,0.21208388984354246,0.73783744206848,0.7672591538064467,-0.49180913122815917,-0.7572333031019808,-0.4034014876589194,-0.3017613245045425
-1.0511089492200765,1.13439834333456,-0.33042526438627634,-0.05897356033988039,1.3801212598799577,-1.0642323429088143,1.1257597460598687,0.9981932902211169,1.1875930323075654,2.6759215638269054,1.3287630930873042,0.9890892989279176,1.5532035912866717,2.013924216840726,1.1008382584007645,1.4210289504790337,-1.1288131819532667,2.1375867486559232,-1.9588897988415603,1.6579784754873108,-1.953504054447531,-0.4115442345860496,1.1345319938632445,0.7502905045476124,0.4190382034922482,-0.31509194795118856,-0.16168849801591206,0.6099035996464724,-1.5943488790324898,0.52166234525289,-0.23112264128807328,-1.1117067623983863,0.5040502426004387,-1.4720978414710786,1.3150009346970222,-0.8855209276082021,0.482793042982957,0.6819729970429853,2.085923084542045,1.960817148494744,-1.4282937992263989,-2.156704991581812,-0.07050181360590153,-0.6046562648046602
-0.11383865658150867,0.723862159096736,-0.06860133499728752,0.2643157488049501,0.31221461039077786,-0.12058691124624711,0.7850264844374123,-0.007920175715273222,0.4001770135706731,1.3287630930873042,0.9720358261852599,0.31492571317300555,0.4108270873201679,0.8901818176532396,1.008104115156948,1.4046248301503779,-0.8975668348120671,1.2101486095033582,-0.6204311733760142,0.9111611523632934,-1.392321768723301,-0.13709402798825523,0.38317598062825625,0.1407393193957589,0.20051863194521,0.07937783158648674,0.1725832524482028,0.4954859144085402,-0.8638389234832834,0.7678927455479932,-0.6233921877501833,-0.8952773083610108,0.0853467321403252,-0.7633480105845823,-0.07338523370532805,-0.4270064328076073,0.5858504131849749,0.47240016728008777,1.156755304664043,1.145999765712372,-0.6868484994976424,-1.6333318331425593,0.2471581573748254,-0.21743281193139147
-0.7319721437721015,0.14744750596420805,0.04608767927602946,-0.1158461073770041,0.9870254467474378,-0.12747230976876822,0.49773381191690125,0.845282081952752,0.7239688986256957,0.9890892989279176,0.31492571317300555,0.790300656139141,0.6251482014567903,1.2584982331075327,0.3007319722654872,-0.026478664426865292,-0.3338506372377176,0.9643245779755633,-1.3664571267112433,0.11975238921463167,-0.21959624773928108,-4.1618488392533755e-4,1.0029295923050738,0.9090107603529685,0.4005819746157189,-0.24440319143229924,-0.2437904456144501,0.13727183251706096,-0.7415906177238457,-0.462373856414809,0.7236291352921472,-0.31772386064623187,0.21431272230137186,-0.28919404989126263,1.720022759245714,-0.3226365563696005,0.12647922122434846,0.22027383444059773,0.7638987757457262,0.6044812937784177,-0.43672109146917304,-0.9001800461514482,-0.4679953907396002,-0.4528771745108246
-1.046902212463281,0.5792058538624347,-0.423755215795076,-0.43057391288045643,1.0926031117470394,-1.3374240324030575,0.29614169537825324,1.0699483844041504,0.8181335881167906,1.5532035912866717,0.4108270873201679,0.6251482014567903,1.4270534736142069,1.0738947637746687,0.026397553248042386,0.06848713368973623,-0.23897517444729174,0.9516041094362826,-1.3375493718284666,1.0636408497104806,-0.7629865052507736,-0.424358463277169,0.6541165685112756,0.4540911287823131,0.15295088916509117,-0.48136008742588066,-0.373787672686813,0.11467726277871647,-0.7530782146063812,-0.11523361564899144,0.217670971975446,-0.18658239931289414,0.5199744475711824,-0.9223546103019369,1.2363994935545173,-0.562661486739776,-0.1897988389332265,0.2161948762675054,1.0537367254406582,0.9566102329815083,-0.9159917396636686,-0.38755584537031385,-0.24098229525296805,-0.37557126727778867
-0.9551538206019449,0.4736912045885722,0.003285629576397001,0.1643894474953212,1.7852913862244026,-0.44568603821760716,1.0704640153035252,1.3320988635273803,1.3865005281540825,2.013924216840726,0.8901818176532396,1.2584982331075327,1.0738947637746687,2.363021974262509,0.8586068692972965,0.5752489088461743,-0.5113670731877925,1.892444206586287,-2.403964995820659,0.76458237322985,-0.9559545356952603,0.04026190923895557,1.426536992702818,1.3828043681034152,0.5087169945935144,-0.21203527928774227,-0.32019104809619914,0.35671165984256825,-1.3550314267391943,-0.4226469389792816,0.6456767014036102,-0.7582221919161316,0.40917565671576733,-0.8580386675817664,2.201983846044431,-0.3592399551140619,0.12000489687408218,0.48903222611914693,1.470793644118546,1.3963798232177338,-0.8451394007000036,-1.9248919919960585,-0.5930023138600823,-0.6256374079711053
0.12180347981879196,0.6272281431776725,0.1187983984296033,0.433064692987483,0.11348054020269441,0.4453541615618169,0.9009779301671266,-0.2633213551853465,0.27609963320806863,1.1008382584007645,1.008104115156948,0.3007319722654872,0.026397553248042386,0.8586068692972965,1.2553038380114976,1.5824382608223064,-1.05278341876884,1.2441330934543335,-0.47721580401980035,0.5771394553385335,-1.3203047642571628,0.018250832469010495,0.45332967977323635,0.21108853304464514,0.30260983123275736,0.21609478107131172,0.2868110719695032,0.5763549934203279,-0.8620223138783101,0.8332955091226665,-0.6028086283057549,-1.0467365893877463,-0.08380471092018345,-0.5252999599039841,-0.14133975243204946,-0.35715130981809334,0.821870656968662,0.5051237705087505,1.0955625455798503,1.061043867188477,-0.5033251860956061,-1.9637332786802957,0.267095837140805,-0.21999449054215137
0.41759295676382463,1.0494097917878045,-0.0501853264685805,0.5778436800960263,-0.26119748577804486,0.1502305236211912,1.00074370437899,-0.7094000799878822,0.10086578137264798,1.4210289504790337,1.4046248301503779,-0.026478664426865292,0.06848713368973623,0.5752489088461743,1.5824382608223064,2.4502540154723755,-1.3343141750082612,1.356146071690386,-0.008183879906167679,1.2775400411709366,-2.1308132262691912,-0.1576909620768866,-0.017664190256311267,-0.3470422411887331,0.11266550956582143,0.36632049655691523,0.5116656166854966,0.7773137770259838,-0.922371345052355,1.642966330066256,-1.525607067998471,-1.3501425939132872,-0.09588030498052126,-0.9581701430560092,-1.3363981422341427,-0.456585319733906,1.019761597645573,0.6579076600431468,1.366582449304721,1.439195177593915,-0.7545059844012861,-2.246405889287724,0.7510759454209546,-0.05171827474994508
0.3530728549465459,-0.7528417697813291,-0.08463442265772765,0.14048063623943496,0.25663081189339315,-0.5901034921002608,-0.774953306829244,0.35778456417340243,0.030636848642867254,-1.1288131819532667,-0.8975668348120671,-0.3338506372377176,-0.23897517444729174,-0.5113670731877925,-1.05278341876884,-1.3343141750082612,1.696618526296497,-1.2036967183925136,0.19352472765025644,-0.26768602994738316,1.183571717294295,0.27996988831496167,-0.8074104443013658,-0.13700400529951035,-0.5572172876677234,0.11542398418112418,-0.2962760322861304,-0.6031617731984504,1.0167484701140914,-0.895855450095433,0.2631300054695554,1.0787930884806891,0.10482344965339753,0.3684549662661321,-0.4853477721564126,1.019851655902318,-1.3171731212629096,-0.5145867796180164,-1.3562517912764191,-0.9869734118370002,0.7598997003171692,1.8514809956156197,-0.27372721451910276,0.4765250217089779
-0.7522498507814624,0.8527455318231084,-0.0389142777158145,0.12180942286493548,1.1031658484954536,-0.22366184504182438,1.1756723576221693,0.6919123766448532,0.9749405240788285,2.1375867486559232,1.2101486095033582,0.9643245779755633,0.9516041094362826,1.892444206586287,1.2441330934543335,1.356146071690386,-1.2036967183925136,2.008120705271277,-1.7343830028659317,0.9742296060083915,-1.5585971478093021,-0.16158147712815638,1.2402439497842206,0.8867843191073534,0.5525482815934699,-0.15367247955453348,-0.04205371671920806,0.627577065488011,-1.4738247168268006,0.3907097588367548,0.0060207007983888155,-1.1542617393324999,0.2670714160676664,-0.9816109515977652,1.3951496424122,-0.737238335973344,0.712582851074005,0.6407902184695361,1.8019235021590054,1.634037133026637,-1.0545123781138142,-2.3545702054663082,-0.138042813066331,-0.6081422131031805
1.2381150115607087,-0.33127370485506635,0.07656852622189794,0.054290417756314074,-2.0576911243656504,0.7777392197237568,-0.8669515213953431,-1.713597505131841,-1.5174897190867584,-1.9588897988415603,-0.6204311733760142,-1.3664571267112433,-1.3375493718284666,-2.403964995820659,-0.47721580401980035,-0.008183879906167679,0.19352472765025644,-1.7343830028659317,2.649421954306427,-0.6843290581302494,0.596610451797261,0.004196117608266885,-1.5249484446352903,-1.540463495299583,-0.4986194573320023,0.3831780785965731,0.5202992793330681,-0.19982725342244176,1.249244769876008,0.8266753653051634,-1.0277701344709218,0.4566618796823363,-0.5351198873674248,0.8142830798430356,-2.709204349943592,0.3307162388176625,0.18854745219466912,-0.36355381157826394,-1.3198454899701533,-1.2241772714180663,0.8246374448341913,1.4236969493428127,0.8063522614190602,0.667146500438317
-0.23762395811644577,0.9243894221173606,-0.5051444189568199,0.1543928265409163,0.6246513650011016,-1.432837552303168,0.4800535649168256,0.3515319661804113,0.6179221556425208,1.6579784754873108,0.9111611523632934,0.11975238921463167,1.0636408497104806,0.76458237322985,0.5771394553385335,1.2775400411709366,-0.26768602994738316,0.9742296060083915,-0.6843290581302494,1.8499991345115858,-1.693236597245649,-0.3842759800021829,-0.18277875933568133,-0.24331160345872163,-0.21604688764548036,-0.024678001847953393,-0.016433782981875065,0.32674375876921025,-0.6502888862746256,0.857606090508367,-1.105976270139622,-0.5470163101247327,0.4035280742123626,-1.3470371862534254,-0.7324066035736047,-0.2506645198038902,-0.11977058095528602,0.37832352696770855,1.0895419146284986,1.3044685713391853,-0.9264488046976103,-0.8213289600543401,0.37884499258112087,0.01578259285880234
0.11241798243641159,-1.1905998705914242,0.28752062203013334,-0.30366028136552253,-0.2911672407012155,0.6225236041191444,-0.9593387826186481,0.10629561832556256,-0.4712643715412639,-1.953504054447531,-1.392321768723301,-0.21959624773928108,-0.7629865052507736,-0.9559545356952603,-1.3203047642571628,-2.1308132262691912,1.183571717294295,-1.5585971478093021,0.596610451797261,-1.693236597245649,2.2224498588652466,0.3561667144224611,-0.19180550336654478,0.16348062216318246,-0.10151768137939754,-0.09176587359530018,-0.25682036525943674,-0.6998359592428988,1.1029748885152937,-1.3803223409363432,1.2897018722576754,1.2038921751866019,-0.19282123466866197,1.3110620635360537,0.7061341556595566,0.6246271103838692,-0.7053233349945912,-0.6472343597582697,-1.6377610459291363,-1.6876341332584772,1.0897354595334163,2.0099563508317186,-0.5641167014245045,0.1766135634912206
0.28229511706374605,-0.297402431149696,0.19414540672526293,0.2557630119312659,0.017969986062246222,0.42621155207517764,0.004205603311161231,-0.06509586752658161,-0.0057421048578025075,-0.4115442345860496,-0.13709402798825523,-4.1618488392533755e-4,-0.424358463277169,0.04026190923895557,0.018250832469010495,-0.1576909620768866,0.27996988831496167,-0.16158147712815638,0.004196117608266885,-0.3842759800021829,0.3561667144224611,0.26636737910444547,-0.03998355521176129,0.16096460135916207,-0.017122087408661613,0.17770670838493868,0.026291598881529283,-0.07555671764353168,0.17519649077590302,-0.25057990924088264,0.16424648864309543,0.08896618893965566,-0.12104998093508496,0.29794034113646034,-0.016845779973575056,0.34750216460789035,-0.1112904525404306,-0.06748260134604564,-0.3515949751624621,-0.27022733710838237,0.3504855242868563,0.0078053425832184916,-0.11737307859854369,0.081709648770053
-0.9889047819487664,0.1935104422610417,0.1550031910711968,-0.2910387258287635,0.9665989142883914,0.24353988213680708,0.6539956761767929,0.8708826973916065,0.7064770552105517,1.1345319938632445,0.38317598062825625,1.0029295923050738,0.6541165685112756,1.426536992702818,0.45332967977323635,-0.017664190256311267,-0.8074104443013658,1.2402439497842206,-1.5249484446352903,-0.18277875933568133,-0.19180550336654478,-0.03998355521176129,1.4703146108652272,1.1576943568855425,0.6828724902421105,-0.37035478143872486,-0.23308598691358823,0.2497291815156928,-1.009364712364042,-0.5085338319743841,1.0695219798103246,-0.5161426782744569,0.16360519998149295,-0.1573181156334333,2.4049392005690753,-0.6626842324972255,0.5254222297812976,0.30209718281662357,1.0519356618890987,0.6915418619072753,-0.5568706788837187,-1.3078046515215667,-0.5710988893950242,-0.688920569703353
-0.7309966590799942,-0.1027085314864016,0.18418357635089613,-0.0699565303896132,1.1363543578855178,0.12458076742313129,0.4749200715875401,0.986639687824569,0.7913685187289968,0.7502905045476124,0.1407393193957589,0.9090107603529685,0.4540911287823131,1.3828043681034152,0.21108853304464514,-0.3470422411887331,-0.13700400529951035,0.8867843191073534,-1.540463495299583,-0.24331160345872163,0.16348062216318246,0.16096460135916207,1.1576943568855425,1.1802367893276828,0.46543878782745135,-0.22127927100845587,-0.30479320506471386,0.058263360124585696,-0.6678428940960958,-0.8141115737563246,1.0898661609059201,-0.2017832243298304,0.17015782613117744,-0.04368765595644538,2.12278036761296,-0.15837059011477833,0.03812096170654424,0.15704378345013578,0.5531455317284129,0.3894221960185764,-0.22865378321645913,-0.8339648781980953,-0.6698627774382554,-0.4828274519473617
-0.3738311387625038,0.10414678896992492,0.1280707579242624,-0.139204555661806,0.22304425237668857,0.3542912468635203,0.3218424693993339,0.2015514414958282,0.17608322847900512,0.4190382034922482,0.20051863194521,0.4005819746157189,0.15295088916509117,0.5087169945935144,0.30260983123275736,0.11266550956582143,-0.5572172876677234,0.5525482815934699,-0.4986194573320023,-0.21604688764548036,-0.10151768137939754,-0.017122087408661613,0.6828724902421105,0.46543878782745135,0.372145891704997,-0.14012431611154197,-0.024498260984461336,0.16694537647853008,-0.463710431952494,-0.10234398758148464,0.4417710940721155,-0.32220336822323004,-0.012681585702583965,0.025996376171123728,1.002610110408501,-0.3792342518129598,0.4392709178438803,0.16236169035722822,0.49234989270726853,0.28035459510424726,-0.22382225586039717,-0.7163544646546325,-0.19018221402845287,-0.3276477461656687
0.5272944738425649,-0.06912921169731198,0.10994389960487054,0.3647702923042104,-0.2916276549671142,0.3257863085040487,0.04250409404881435,-0.4122503321717445,-0.17277867087814022,-0.31509194795118856,0.07937783158648674,-0.24440319143229924,-0.48136008742588066,-0.21203527928774227,0.21609478107131172,0.36632049655691523,0.11542398418112418,-0.15367247955453348,0.3831780785965731,-0.024678001847953393,-0.09176587359530018,0.17770670838493868,-0.37035478143872486,-0.22127927100845587,-0.14012431611154197,0.2958464424309287,0.18579549365047496,0.04262705519601386,0.18930225869981035,0.254245858220673,-0.4150337455731038,-0.08155059401326668,-0.1590918648698455,0.0898378981595862,-0.8266705240513216,0.3128168948647529,0.020265396773986363,0.007590112316216249,-0.2513892178409636,-0.10083602330232598,0.2538849627538382,-0.13027343463073887,0.19717814357972388,0.20797615318533527
0.3683176634509881,0.09952422658049102,0.08238772775608262,0.17131957990895125,-0.48877436278951636,0.3885190849405104,0.08377781428589323,-0.5314952705331762,-0.3005591178855448,-0.16168849801591206,0.1725832524482028,-0.2437904456144501,-0.373787672686813,-0.32019104809619914,0.2868110719695032,0.5116656166854966,-0.2962760322861304,-0.04205371671920806,0.5202992793330681,-0.016433782981875065,-0.25682036525943674,0.026291598881529283,-0.23308598691358823,-0.30479320506471386,-0.024498260984461336,0.18579549365047496,0.24192545764477613,0.13210582362723627,0.03517116234464537,0.4634593177311006,-0.44115109574662226,-0.2284915860547047,-0.17714270295220907,0.05644156225540355,-0.7202385093168342,-0.021111142604187463,0.3330064055036473,0.07797584142116268,2.640557341217714e-4,0.016043137845761418,0.06274131201833999,-0.2974944591735814,0.28443414563318015,0.09564335842939306
-0.03776713208673005,0.36862506797374844,0.013669179978158374,0.10085697961402806,0.01757316686965081,0.12455453831388699,0.4068565179269827,-0.11631108792661714,0.10032482458012597,0.6099035996464724,0.4954859144085402,0.13727183251706096,0.11467726277871647,0.35671165984256825,0.5763549934203279,0.7773137770259838,-0.6031617731984504,0.627577065488011,-0.19982725342244176,0.32674375876921025,-0.6998359592428988,-0.07555671764353168,0.2497291815156928,0.058263360124585696,0.16694537647853008,0.04262705519601386,0.13210582362723627,0.3187752648127975,-0.45133982985252813,0.4653312315412218,-0.29827548751626354,-0.5238507949885204,-0.013374374312695888,-0.3017352633256471,-0.02025663305085176,-0.2977034629424186,0.45741168098269513,0.24948117045411417,0.6087056871240719,0.5477935660907276,-0.3258447893570971,-0.921297356535192,0.1642030527549684,-0.14062118779351085
0.6766010764106188,-0.6426927849858346,0.028427047817300388,0.035336038719576454,-0.7667014033790435,0.1344644049750452,-0.8445149262300312,-0.5181577375471371,-0.6759624424386673,-1.5943488790324898,-0.8638389234832834,-0.7415906177238457,-0.7530782146063812,-1.3550314267391943,-0.8620223138783101,-0.922371345052355,1.0167484701140914,-1.4738247168268006,1.249244769876008,-0.6502888862746256,1.1029748885152937,0.17519649077590302,-1.009364712364042,-0.6678428940960958,-0.463710431952494,0.18930225869981035,0.03517116234464537,-0.45133982985252813,1.1342868990370263,-0.27183575295869417,-0.10619389776592754,0.8538951327939235,-0.19447971846518067,0.6910879105859871,-1.2127280678526782,0.6811126007346986,-0.6249593340746293,-0.48137714677860294,-1.3889799118828345,-1.1904986048802995,0.8389560093315481,1.7161825580088172,0.1220951148770655,0.5119961779157546
0.5097438462088655,0.7334188694124311,-0.13457126714818077,0.24990243052797761,-0.8074429875456257,0.040697094924398804,0.3467787742556047,-0.9392862186017717,-0.3959450888684388,0.52166234525289,0.7678927455479932,-0.462373856414809,-0.11523361564899144,-0.4226469389792816,0.8332955091226665,1.642966330066256,-0.895855450095433,0.3907097588367548,0.8266753653051634,0.857606090508367,-1.3803223409363432,-0.25057990924088264,-0.5085338319743841,-0.8141115737563246,-0.10234398758148464,0.254245858220673,0.4634593177311006,0.4653312315412218,-0.27183575295869417,1.4590439100226005,-1.4237053613722292,-0.7478276610163846,-0.15040429634207408,-0.5410753252307275,-1.7558607606537668,-0.3523707769249766,0.7263120768032284,0.33622870790513454,0.6400934418170993,0.6885184438426994,-0.4175105696880439,-0.9468191543575348,0.8053045672551871,0.14926620114586542
-0.846505249302242,-0.6076635979942314,0.2371831736867313,-0.47623264796553094,0.7894125047705788,0.3319419499860149,-0.13166808641741273,0.9719403344925727,0.39285318092549126,-0.23112264128807328,-0.6233921877501833,0.7236291352921472,0.217670971975446,0.6456767014036102,-0.6028086283057549,-1.525607067998471,0.2631300054695554,0.0060207007983888155,-1.0277701344709218,-1.105976270139622,1.2897018722576754,0.16424648864309543,1.0695219798103246,1.0898661609059201,0.4417710940721155,-0.4150337455731038,-0.44115109574662226,-0.29827548751626354,-0.10619389776592754,-1.4237053613722292,1.7608103026090454,0.451160911252902,0.10346705895231466,0.6147710467885755,2.53279597622208,-0.10583313409163146,-0.20647243295058906,-0.2010765007482092,-0.19935645938716073,-0.49552249187888614,0.19701844017769982,0.3863248166612356,-0.889396928692412,-0.4422526956245189
0.08799568361689664,-0.623801562183053,-0.062476719716248935,-0.21389528927522913,-0.11103502153760789,-0.2916320555417115,-0.7784393502595582,0.15983958894921263,-0.24154204221139683,-1.1117067623983863,-0.8952773083610108,-0.31772386064623187,-0.18658239931289414,-0.7582221919161316,-1.0467365893877463,-1.3501425939132872,1.0787930884806891,-1.1542617393324999,0.4566618796823363,-0.5470163101247327,1.2038921751866019,0.08896618893965566,-0.5161426782744569,-0.2017832243298304,-0.32220336822323004,-0.08155059401326668,-0.2284915860547047,-0.5238507949885204,0.8538951327939235,-0.7478276610163846,0.451160911252902,0.9459686636629616,0.03379933038650123,0.5172999630927424,-0.09856173452571307,0.5061486122832475,-0.8198446711993971,-0.4681066212462919,-1.1051631434669853,-0.9932309548059063,0.5820507798740684,1.7223301660613959,-0.22636354761076288,0.2761321154282919
-0.3540064022076654,0.14602600634122972,-0.17199554245816318,-0.11510230888386833,0.48533322155754444,-0.5847680085204572,0.05436429469783561,0.46286318028870194,0.34633338016439585,0.5040502426004387,0.0853467321403252,0.21431272230137186,0.5199744475711824,0.40917565671576733,-0.08380471092018345,-0.09588030498052126,0.10482344965339753,0.2670714160676664,-0.5351198873674248,0.4035280742123626,-0.19282123466866197,-0.12104998093508496,0.16360519998149295,0.17015782613117744,-0.012681585702583965,-0.1590918648698455,-0.17714270295220907,-0.013374374312695888,-0.19447971846518067,-0.15040429634207408,0.10346705895231466,0.03379933038650123,0.22443669646327563,-0.3365427250756937,0.41994302266453887,-0.08831845778972224,-0.2349563720009242,0.028700849126521415,0.26988457670858973,0.2862496377260719,-0.2732866147788479,0.014295324589542762,-0.12572598899392784,-0.08755973029235237
0.37541611619246124,-0.7318070391140032,0.34771405106542413,-0.05907815731378517,-0.6571854144079005,1.0205788283867676,-0.49047071495737193,-0.4321992198054691,-0.5997988503109162,-1.4720978414710786,-0.7633480105845823,-0.28919404989126263,-0.9223546103019369,-0.8580386675817664,-0.5252999599039841,-0.9581701430560092,0.3684549662661321,-0.9816109515977652,0.8142830798430356,-1.3470371862534254,1.3110620635360537,0.29794034113646034,-0.1573181156334333,-0.04368765595644538,0.025996376171123728,0.0898378981595862,0.05644156225540355,-0.3017352633256471,0.6910879105859871,-0.5410753252307275,0.6147710467885755,0.5172999630927424,-0.3365427250756937,1.0453587529574633,0.0651347712611724,0.3260068168373025,-0.017991760145599254,-0.341906812304462,-1.0277849074964756,-1.1145144583105384,0.8051013365728411,0.8794709587410744,-0.17334261145700625,0.12554146022571191
-1.9378012645456364,-0.18624210057040486,0.1972592911450855,-0.7831103187479452,1.9476881972235043,0.009350723192958672,0.5503294271802078,1.9986956199495378,1.2665876252951866,1.3150009346970222,-0.07338523370532805,1.720022759245714,1.2363994935545173,2.201983846044431,-0.14133975243204946,-1.3363981422341427,-0.4853477721564126,1.3951496424122,-2.709204349943592,-0.7324066035736047,0.7061341556595566,-0.016845779973575056,2.4049392005690753,2.12278036761296,1.002610110408501,-0.8266705240513216,-0.7202385093168342,-0.02025663305085176,-1.2127280678526782,-1.7558607606537668,2.53279597622208,-0.09856173452571307,0.41994302266453887,0.0651347712611724,4.702316690991452,-0.8091525123454459,0.15741657007140802,0.15652550018652459,1.0666795394126867,0.4871428350204807,-0.6081973082279436,-0.9066140370555014,-1.3651526467573638,-1.0934527863550418
0.6228560636654551,-0.5078034778116206,0.08823149625759935,0.4091993989869056,-0.04147989218321449,0.047274613776069375,-0.34375509134139764,-0.10814527196694976,-0.08232471730929432,-0.8855209276082021,-0.4270064328076073,-0.3226365563696005,-0.562661486739776,-0.3592399551140619,-0.35715130981809334,-0.456585319733906,1.019851655902318,-0.737238335973344,0.3307162388176625,-0.2506645198038902,0.6246271103838692,0.34750216460789035,-0.6626842324972255,-0.15837059011477833,-0.3792342518129598,0.3128168948647529,-0.021111142604187463,-0.2977034629424186,0.6811126007346986,-0.3523707769249766,-0.10583313409163146,0.5061486122832475,-0.08831845778972224,0.3260068168373025,-0.8091525123454459,0.8399849188963148,-0.6921378492778002,-0.2682577325360151,-0.9418763552873558,-0.623995653425022,0.6542119948424121,0.8192104206244601,-0.04547641936422739,0.40432343213283894
-0.04303562206850063,0.42777647564826865,0.20247359272366225,-0.038709712288325183,-0.4927267609183261,0.8610682477938314,0.5333855582816303,-0.5463861271656586,-0.24734672369739935,0.482793042982957,0.5858504131849749,0.12647922122434846,-0.1897988389332265,0.12000489687408218,0.821870656968662,1.019761597645573,-1.3171731212629096,0.712582851074005,0.18854745219466912,-0.11977058095528602,-0.7053233349945912,-0.1112904525404306,0.5254222297812976,0.03812096170654424,0.4392709178438803,0.020265396773986363,0.3330064055036473,0.45741168098269513,-0.6249593340746293,0.7263120768032284,-0.20647243295058906,-0.8198446711993971,-0.2349563720009242,-0.017991760145599254,0.15741657007140802,-0.6921378492778002,1.1486990835572597,0.36093841158835543,0.80878682519578,0.5134770728540357,-0.36374422238527493,-1.3855513937917627,0.26372867674015893,-0.3073528731946155
-0.13040071201610115,0.3441004035037209,-0.0023380045692092213,0.07990423663854389,0.18000584468880185,0.007938930147954083,0.4094964967226065,0.0381602219018583,0.21208388984354246,0.6819729970429853,0.47240016728008777,0.22027383444059773,0.2161948762675054,0.48903222611914693,0.5051237705087505,0.6579076600431468,-0.5145867796180164,0.6407902184695361,-0.36355381157826394,0.37832352696770855,-0.6472343597582697,-0.06748260134604564,0.30209718281662357,0.15704378345013578,0.16236169035722822,0.007590112316216249,0.07797584142116268,0.24948117045411417,-0.48137714677860294,0.33622870790513454,-0.2010765007482092,-0.4681066212462919,0.028700849126521415,-0.341906812304462,0.15652550018652459,-0.2682577325360151,0.36093841158835543,0.25484474636626014,0.6175293797772982,0.5685812289978885,-0.359699578872926,-0.8701786900587319,0.07734308871566409,-0.16306646215933424
-0.8009773331444504,0.9784749489802254,-0.160405264542921,-0.09300848770821174,0.7757428974162431,-0.39825658586790347,1.0040145266603682,0.4990309996019216,0.73783744206848,2.085923084542045,1.156755304664043,0.7638987757457262,1.0537367254406582,1.470793644118546,1.0955625455798503,1.366582449304721,-1.3562517912764191,1.8019235021590054,-1.3198454899701533,1.0895419146284986,-1.6377610459291363,-0.3515949751624621,1.0519356618890987,0.5531455317284129,0.49234989270726853,-0.2513892178409636,2.640557341217714e-4,0.6087056871240719,-1.3889799118828345,0.6400934418170993,-0.19935645938716073,-1.1051631434669853,0.26988457670858973,-1.0277849074964756,1.0666795394126867,-0.9418763552873558,0.80878682519578,0.6175293797772982,1.8228732037267499,1.5921698454323623,-1.1696741873918846,-2.0680782944346863,0.03679949117377271,-0.5726673062171662
-0.5262666095199862,0.9345455828440635,-0.20893483005091926,0.12895634894981348,0.8015796886200486,-0.5973260627386269,0.9411385786442027,0.44716290099329054,0.7672591538064467,1.960817148494744,1.145999765712372,0.6044812937784177,0.9566102329815083,1.3963798232177338,1.061043867188477,1.439195177593915,-0.9869734118370002,1.634037133026637,-1.2241772714180663,1.3044685713391853,-1.6876341332584772,-0.27022733710838237,0.6915418619072753,0.3894221960185764,0.28035459510424726,-0.10083602330232598,0.016043137845761418,0.5477935660907276,-1.1904986048802995,0.6885184438426994,-0.49552249187888614,-0.9932309548059063,0.2862496377260719,-1.1145144583105384,0.4871428350204807,-0.623995653425022,0.5134770728540357,0.5685812289978885,1.5921698454323623,1.5442073314765785,-1.0378950676571925,-1.8660264662572748,0.1196897348338221,-0.37858035848587795
0.641754587183767,-0.6961053977376096,0.24434999914603503,0.19742530825381727,-0.5432521709890148,0.6496118739146612,-0.5156505957473311,-0.4313693104595493,-0.49180913122815917,-1.4282937992263989,-0.6868484994976424,-0.43672109146917304,-0.9159917396636686,-0.8451394007000036,-0.5033251860956061,-0.7545059844012861,0.7598997003171692,-1.0545123781138142,0.8246374448341913,-0.9264488046976103,1.0897354595334163,0.3504855242868563,-0.5568706788837187,-0.22865378321645913,-0.22382225586039717,0.2538849627538382,0.06274131201833999,-0.3258447893570971,0.8389560093315481,-0.4175105696880439,0.19701844017769982,0.5820507798740684,-0.2732866147788479,0.8051013365728411,-0.6081973082279436,0.6542119948424121,-0.36374422238527493,-0.359699578872926,-1.1696741873918846,-1.0378950676571925,0.8606118876534354,1.0190879561671784,-0.05212668110872598,0.33752186813943236
0.3163123862600475,-1.0011412649456963,-0.22147653986730706,-0.4794347734454083,-0.6638558126408578,-0.6548365467406629,-1.5902144726239142,-0.07235055921860253,-0.7572333031019808,-2.156704991581812,-1.6333318331425593,-0.9001800461514482,-0.38755584537031385,-1.9248919919960585,-1.9637332786802957,-2.246405889287724,1.8514809956156197,-2.3545702054663082,1.4236969493428127,-0.8213289600543401,2.0099563508317186,0.0078053425832184916,-1.3078046515215667,-0.8339648781980953,-0.7163544646546325,-0.13027343463073887,-0.2974944591735814,-0.921297356535192,1.7161825580088172,-0.9468191543575348,0.3863248166612356,1.7223301660613959,0.014295324589542762,0.8794709587410744,-0.9066140370555014,0.8192104206244601,-1.3855513937917627,-0.8701786900587319,-2.0680782944346863,-1.8660264662572748,1.0190879561671784,3.3895186680344773,-0.11668028842885508,0.6295249582207517
0.4652200785730812,0.2871757799404572,-0.08676566014230108,0.1536380539066181,-0.6677131815489797,0.020954701276084956,-0.011074234009714473,-0.6843940232829215,-0.4034014876589194,-0.07050181360590153,0.2471581573748254,-0.4679953907396002,-0.24098229525296805,-0.5930023138600823,0.267095837140805,0.7510759454209546,-0.27372721451910276,-0.138042813066331,0.8063522614190602,0.37884499258112087,-0.5641167014245045,-0.11737307859854369,-0.5710988893950242,-0.6698627774382554,-0.19018221402845287,0.19717814357972388,0.28443414563318015,0.1642030527549684,0.1220951148770655,0.8053045672551871,-0.889396928692412,-0.22636354761076288,-0.12572598899392784,-0.17334261145700625,-1.3651526467573638,-0.04547641936422739,0.26372867674015893,0.07734308871566409,0.03679949117377271,0.1196897348338221,-0.05212668110872598,-0.11668028842885508,0.5191167902837993,0.2230135355483025
0.5093226054091861,-0.16298294383129674,-0.03737558697811939,0.1951257604864743,-0.40144039130468984,-0.055333339675035495,-0.3075846480597124,-0.37976912131357987,-0.3017613245045425,-0.6046562648046602,-0.21743281193139147,-0.4528771745108246,-0.37557126727778867,-0.6256374079711053,-0.21999449054215137,-0.05171827474994508,0.4765250217089779,-0.6081422131031805,0.667146500438317,0.01578259285880234,0.1766135634912206,0.081709648770053,-0.688920569703353,-0.4828274519473617,-0.3276477461656687,0.20797615318533527,0.09564335842939306,-0.14062118779351085,0.5119961779157546,0.14926620114586542,-0.4422526956245189,0.2761321154282919,-0.08755973029235237,0.12554146022571191,-1.0934527863550418,0.40432343213283894,-0.3073528731946155,-0.16306646215933424,-0.5726673062171662,-0.37858035848587795,0.33752186813943236,0.6295249582207517,0.2230135355483025,0.342667859536717
