V1,V2,V3,V4,V5,V6,V7,V8,V9,V10,V11,V12,V13,V14,V15,V16,V17,V18,V19,V20,V21,V22,V23,V24,V25,V26,V27,V28,V29,V30,V31,V32,V33,V34,V35,V36,V37,V38,V39,V40,V41,V42,V43,V44
0.48300339932097197,-0.6367607065429791,-0.17363288899004486,0.9829839956339064,0.21228438218978854,-0.5748185279215674,-0.1052564131441024,-0.2374823151200468,-0.09533600437319346,0.5536090618507529,-0.03383245289530148,0.35069056824780015,0.733449070176015,-0.0014983058652828518,0.4171085654675747,-0.34551845610790716,0.2780804319804381,0.563860399657224,-0.2675440714904927,-0.4148269755444211,1.2449744939701324,0.2359039252632612,0.2590176515000045,0.017343540960077956,-0.38776121649229073,0.2114627495422099,-0.4351411893461976,0.330850055544739,0.264461389208148,0.2778476823381636,-0.5241120405383936,-0.6696361829823073,-0.43767458081088195,-0.10153646398813779,-0.8042443048265425,0.18065544426479777,-0.42607611778218507,-0.47127700122547345,0.2989918445906326,0.01669050849859103,0.3282436165155459,0.7739534713052119,-0.1524569189647963,-0.07915282899720905
-0.6367607065429791,1.3631102564580022,0.19597849928337216,-1.1034446998069198,-0.49805053622780315,0.260563359676751,0.3547976309206188,0.4900624959276922,0.44936015611371405,-0.802758516388116,0.04505759805230304,-0.4183118918167744,-1.0677299416657782,-0.05505708909564217,-0.6751600383506949,0.25509047825774617,-0.16492862092124946,-1.0462726820506913,0.5530581686404702,1.0931723233570985,-1.922904839772736,-0.296115857516612,-0.866745958637289,-0.3004698952914701,0.3635543500328252,-0.7478985811627896,0.7146400382140956,-0.6786858820055861,-0.5920811404997792,-0.34457707910294133,0.8391487356566449,0.5480668585344283,1.0250497523466655,0.21785521885708453,1.1764103277630233,-0.27337885423944175,0.20007493323978398,0.9230635940922591,0.09367980709951702,-0.11439164086498403,-0.3311440601953802,-1.346130060418559,0.15935481128167744,0.1530258423922121
-0.17363288899004486,0.19597849928337216,0.16300353309618065,-0.3193125596101464,-0.13657615782444624,0.26002385615566725,0.13397392533773717,-0.010494756713323136,-0.08835689255022003,-0.24428705160577618,-0.03330055051440881,0.05975745538273436,-0.28791552340549276,-0.013858214032991643,-0.08280583826081206,0.031469134041663495,-0.32222279495284334,7.832635423766674e-4,0.10954414279222827,-0.07155500983078315,-0.3417219789514563,0.055627326294897424,-0.05601415585257838,-0.07230885572066219,0.2203932408547844,-0.20440149221001314,0.22298038382065982,-0.08248010836018053,-0.2932327896059071,-0.05993614155376762,0.2748867842151681,0.004815092695084149,0.13671973800498097,0.1552299864095765,0.5016804312863885,-0.1418882927108297,0.18271077524835422,0.19673311416955794,0.2327932016934931,-0.01499710882525633,0.01529262284874483,-0.39519409348603596,0.018680532121973282,-0.10616514047505282
0.9829839956339064,-1.1034446998069198,-0.3193125596101464,2.914835622107165,0.1774020555159336,-1.7679493227500997,0.27312493659389314,-0.7958041900919006,0.001511029669246117,1.280065023587204,-0.29396696946186,1.2963972153983516,1.8210085039303177,-0.061832843973684534,1.3743620260368299,-1.268254477314539,0.290955919689746,1.4733344948749274,-0.43135024719327353,-1.0348698409408255,2.741362082866026,0.822216920905665,0.2686043716963134,-0.12565956761027772,-0.9803583666859474,-0.07989083208086274,-0.6841326149418281,0.9533137822387259,-0.008787577026304576,1.1478096443276735,-1.0599722596107013,-2.4624753172092433,-0.8390672179406229,0.015913325177832723,-1.2792663463837624,0.2687971288859253,-1.1818040078828742,-0.6861773361144313,1.684233583871529,0.0028450256181134633,0.8499034603996226,1.4235029272095527,-0.26825823036681246,-0.5277061769460009
0.21228438218978854,-0.49805053622780315,-0.13657615782444624,0.1774020555159336,0.7664148847579331,-0.16336597254108845,-0.27317402812567126,0.11596011978754947,-0.03191828868045914,0.095188358384358,-0.01442087064221805,-0.03224793682430091,0.5646644024197308,-0.11394641107868898,-0.12050661024071446,0.053320964979892665,0.3152540910366518,0.45000193665421023,-0.343934803361119,-0.22805662483521053,0.5942482948615355,-0.14107615278023436,0.10528841985057504,-0.017493409425309484,0.034029421126741226,0.44862994897445685,-0.24704948191742307,0.1101299010002224,0.19080060690538664,0.21435331524958998,-0.2566561406091987,-0.0721107799891846,-0.19755741202853977,-0.20625791429130125,-0.6843804077370776,0.5711125499193738,-0.17808490742984895,-0.2659831790316352,-0.022919920447397667,-0.04705021478360267,0.2379718698134787,0.6541538241835615,0.11788908034173089,0.04147828388877991
-0.5748185279215674,0.260563359676751,0.26002385615566725,-1.7679493227500997,-0.16336597254108845,2.3098843987929274,-0.3229980252348972,0.30662455797109556,-0.08727936383988613,-0.5039452844755407,0.460227777272345,-0.9470660264918142,-1.03041348548656,0.14844565544719437,-0.44514716514042874,1.1498799221427178,-0.5750841035221872,-0.790441665350301,0.10163886357230222,-0.1077591028433753,-0.9177737170848893,-0.9192178922857179,1.0565192558646628,0.8323456910371309,0.9199154148111978,0.673228275365058,0.11145029734002353,-0.19444146536398435,0.4658739201130347,-0.6862017863509621,0.8605953998833533,1.5315693298348312,-0.09723767198852562,0.16442781791391084,0.8503801179858577,-0.5093509531984949,1.724587085220405,0.16892993284839658,-1.6736529336531216,-0.0291206112280268,-0.8504370400529292,-1.0465897299924687,0.107502991114446,0.21542534874902558
-0.1052564131441024,0.3547976309206188,0.13397392533773717,0.27312493659389314,-0.27317402812567126,-0.3229980252348972,0.4480647350200398,-0.15400440538487953,0.035604677079588185,-0.11392758969638432,-0.17046762420470915,0.44018076524785626,-0.07046734641105121,-0.039339523012316586,0.14933534018598382,-0.33421779873972307,-0.39032187908782184,0.18978790253148362,0.15603753022986333,-0.02733189582545999,-0.1856855196050179,0.32670696061431515,-0.34585898361135115,-0.31447670098833225,0.07144079590726311,-0.5828881222734142,0.317535198465732,-0.037594464700594486,-0.6658008746816128,0.23327584255634107,0.23321041802144202,-0.7200648414324595,0.25758204570364235,0.26277372415790184,0.6150916271718264,-0.1795339262426555,-0.18904856200743114,0.35018481968864107,1.0500959462745623,-0.006835208064737505,0.22812086847588026,-0.42590867988584497,-0.01374289093816533,-0.2757520721748037
-0.2374823151200468,0.4900624959276922,-0.010494756713323136,-0.7958041900919006,0.11596011978754947,0.30662455797109556,-0.15400440538487953,0.5729807728923552,0.27695597899939084,-0.20847807334041893,0.2575668377020238,-0.5577909389089917,-0.4283958509183216,-0.05486013468307916,-0.5010457402192178,0.4036417031397871,0.25326750168231005,-0.49432443933298126,0.13256578792665663,0.647753442979114,-0.8861510111992357,-0.449324721104744,-0.23897971057910708,0.04641677625229075,0.14874764084041942,-0.08054598122069392,0.07291411695707746,-0.35798821422927307,0.07015269014845892,-0.366372499432118,0.27559579300900405,0.565856054837448,0.45489255800778267,-0.1372327441577704,0.06393058262256165,0.08637597489766408,0.23008514249520653,0.28271552482300916,-0.5361401123037718,-0.07700447024144787,-0.1920246273584479,-0.5477468167418157,0.03876273976958143,0.3031513514817524
-0.09533600437319346,0.44936015611371405,-0.08835689255022003,0.001511029669246117,-0.03191828868045914,-0.08727936383988613,0.035604677079588185,0.27695597899939084,0.4576983454490937,-0.05764621179555351,0.11879458031973775,-0.2527454162401447,-0.05521679005273285,-0.03697048613126663,-0.12939792244265116,0.06433529834211887,0.29864427545780914,-0.456524731450891,0.12717656595474572,0.5290838870371053,-0.35914933536595356,-0.3456673046069297,-0.2384661989795038,0.061149024369295875,-0.0766807956438961,-0.1045417141065929,0.05494755662763398,-0.1206033520201354,0.06613205365650779,0.056137901636860506,0.16225924409638584,0.05764983008750459,0.30997863446987517,-0.02317419857167526,-0.01765505230898424,0.05423459619911641,-0.016015755787529687,0.2523052736854795,-0.1665922142646305,-0.11587851523630979,-0.20182849100001793,-0.28886938032119713,0.08640126055887756,0.1413199575418447
0.5536090618507529,-0.802758516388116,-0.24428705160577618,1.280065023587204,0.095188358384358,-0.5039452844755407,-0.11392758969638432,-0.20847807334041893,-0.05764621179555351,1.3310147308393199,0.31647083096291145,0.43274376295045386,0.9727917236052972,0.19193502419178557,0.9621296836087775,-0.25921785833685473,0.1786461698516421,0.9800054029307546,-0.4117314775159641,-0.5723286918543271,1.4931402813208443,0.22166438380026646,0.7911374397052225,0.437424038571737,-0.6362063039027535,0.17155389810126126,-0.7898430232601523,0.6569478972042375,0.4005975377825019,0.24938757334027659,-0.8086554817194617,-1.0540731340134852,-0.7152886010097597,-0.2838719339312123,-1.022902118652283,-0.123116757336266,-0.14482626714598734,-0.6655205687371982,0.15459521775536986,0.20744387798593045,0.19403718114253737,0.521702780040494,-0.40568632531582693,-0.10681562772404776
-0.03383245289530148,0.04505759805230304,-0.03330055051440881,-0.29396696946186,-0.01442087064221805,0.460227777272345,-0.17046762420470915,0.2575668377020238,0.11879458031973775,0.31647083096291145,0.3980944247663261,-0.27932351430377567,-0.0782020654130682,0.13324521571347617,0.05609061930098667,0.3570196973437012,0.060914217393585636,-0.05954233768118465,-0.06532713348643605,0.11361250327132141,-0.05258858430740126,-0.35562199203716427,0.4337283484531942,0.3966627809029149,0.0010741400304897803,0.13258440488631373,-0.24237116931468408,0.03372996885122159,0.2910558104619595,-0.2360339178602986,0.027767071592785963,0.24282827935794082,-0.06725923837939106,-0.1285452586742734,-0.13237787010020863,-0.1969119556825978,0.44476904622839447,-0.10093419852160766,-0.5580783778688616,0.047149861263624145,-0.2573974699816398,-0.36667316740133477,-0.14293802172725908,0.14756382099120446
0.35069056824780015,-0.4183118918167744,0.05975745538273436,1.2963972153983516,-0.03224793682430091,-0.9470660264918142,0.44018076524785626,-0.5577909389089917,-0.2527454162401447,0.43274376295045386,-0.27932351430377567,1.102728483425024,0.7471536965144819,-0.023923236681113843,0.7226279995048412,-0.8140277216175722,-0.38325199683751665,1.172700295175956,-0.15915640650315474,-0.7821899767441405,1.176434377004253,0.7797639604222494,-0.07259595306751043,-0.3681305964879521,-0.278328038714782,-0.5130223067122308,-0.03690955147571771,0.4307336618350561,-0.6785398879103001,0.662655779584141,-0.3193827736480844,-1.6039650319813783,-0.28262223295314287,0.2212808781735772,0.010927766918572616,-0.03223132177050238,-0.6374479916827477,-0.17438097070300831,1.7497839983259704,0.05277272798519315,0.6968241130515529,0.3511811233012114,-0.17886809206273374,-0.5490378579790217
0.733449070176015,-1.0677299416657782,-0.28791552340549276,1.8210085039303177,0.5646644024197308,-1.03041348548656,-0.07046734641105121,-0.4283958509183216,-0.05521679005273285,0.9727917236052972,-0.0782020654130682,0.7471536965144819,1.4932304991028253,-0.02699004763486693,0.8615422227325806,-0.645143804876353,0.34331351084824824,1.2468381868451375,-0.5368365810182544,-0.8463631719708856,2.1070567070333746,0.35330397258697,0.43618816036320546,0.07176407714195399,-0.6057137047086107,0.31748580876980304,-0.6670816157755037,0.7252871546526727,0.23495568359363694,0.7942961174052927,-0.8742909790068811,-1.4091235701673754,-0.7599039650702338,-0.17133664125667003,-1.2692398248896362,0.4314712156426713,-0.683884414400333,-0.7082849312777386,0.7974190156807175,0.030314632307874997,0.5498152018746727,1.2609371397970397,-0.13727482189657897,-0.2844448110768445
-0.0014983058652828518,-0.05505708909564217,-0.013858214032991643,-0.061832843973684534,-0.11394641107868898,0.14844565544719437,-0.039339523012316586,-0.05486013468307916,-0.03697048613126663,0.19193502419178557,0.13324521571347617,-0.023923236681113843,-0.02699004763486693,0.20539390221065526,0.1357812561916865,0.17066108027471585,-0.04765396895062588,-0.030040463777021804,-0.08581788948127697,0.02498070472190815,0.01297911115229293,-0.037150820388911945,0.2773184192267797,0.18833821066297693,-0.045929147143647424,0.14616934387571018,-0.09705706735502456,0.08255092620679744,0.1761736247118744,-0.10606724097897917,-0.09397841309865543,0.2394887533948659,-0.1520469934404929,-0.09452075300734805,-0.010328138556002946,-0.21498434321029034,0.15039430947732985,-0.1367596769945084,-0.2865385477044019,0.14583588481058266,-0.22814451875527983,-0.043669799288346,-0.06821388206149347,0.02707565482697449
0.4171085654675747,-0.6751600383506949,-0.08280583826081206,1.3743620260368299,-0.12050661024071446,-0.44514716514042874,0.14933534018598382,-0.5010457402192178,-0.12939792244265116,0.9621296836087775,0.05609061930098667,0.7226279995048412,0.8615422227325806,0.1357812561916865,1.0660325771636132,-0.5005518992748575,-0.1985696364445017,0.9945074676848192,-0.25696702833950225,-0.8447272213829987,1.4111653269075848,0.4147419951680434,0.6425500311146607,0.29586617300848955,-0.48696493997917745,-0.034068752377723305,-0.4540317548146143,0.7322212984311904,0.03334934048889842,0.5094018154598302,-0.5686369657348922,-1.2472247448272105,-0.6909803992995419,-0.008288031206238364,-0.4516331933227521,-0.21766841967232195,-0.14931282865023102,-0.4610630601065576,0.6262642316646546,0.1376978605104294,0.2330032730360809,0.39642536069004164,-0.271733754448756,-0.3668528691203802
-0.34551845610790716,0.25509047825774617,0.031469134041663495,-1.268254477314539,0.053320964979892665,1.1498799221427178,-0.33421779873972307,0.4036417031397871,0.06433529834211887,-0.25921785833685473,0.3570196973437012,-0.8140277216175722,-0.645143804876353,0.17066108027471585,-0.5005518992748575,0.8826602798774206,0.0015259600653603643,-0.7152445960278041,-0.007968285973126344,0.42255997084660074,-0.8925114763702796,-0.6676655855181581,0.4337122321645636,0.44734578821017096,0.4399039204329725,0.5259118361566358,0.00930291210660833,-0.2742830740245645,0.4785833384030204,-0.5852839367739601,0.35500383823667175,1.3537891344748845,0.0901721076465584,-0.1587547085248423,0.21142289649289236,-0.17046705918998803,0.8496405415540537,0.07246185717708291,-1.3766884518959543,0.07465681575665736,-0.6483343931970975,-0.49481772835857435,0.09688860253967217,0.3536363399989277
0.2780804319804381,-0.16492862092124946,-0.32222279495284334,0.290955919689746,0.3152540910366518,-0.5750841035221872,-0.39032187908782184,0.25326750168231005,0.29864427545780914,0.1786461698516421,0.060914217393585636,-0.38325199683751665,0.34331351084824824,-0.04765396895062588,-0.1985696364445017,0.0015259600653603643,0.9386577706709088,-0.3946478790366193,-0.09056731275118919,0.5227716872196174,0.2684104500943074,-0.26620503269187623,-0.243786638001559,0.032210235406350936,-0.47323816027319165,0.3700716096448814,-0.34128025979361865,-0.053499683429848205,0.6844875222210436,-0.03824423251600178,-0.4567331573035712,0.426984874063522,-0.005531227777565568,-0.364523586286879,-1.0448755185462228,0.4435641502800081,-0.49770590166814754,-0.2885252655794664,-0.7699113147876102,-0.08212673966328651,-0.0851840136221997,0.7486753876388239,0.042892063738982224,0.3871275254100738
0.563860399657224,-1.0462726820506913,7.832635423766674e-4,1.4733344948749274,0.45000193665421023,-0.790441665350301,0.18978790253148362,-0.49432443933298126,-0.456524731450891,0.9800054029307546,-0.05954233768118465,1.172700295175956,1.2468381868451375,-0.030040463777021804,0.9945074676848192,-0.7152445960278041,-0.3946478790366193,1.9731090709021746,-0.5074130356792143,-1.3337323452148093,1.8696849950681256,0.7524726444844115,0.4909188301981437,-0.0905945345004555,-0.31735708530154016,-0.22167561610171713,-0.46910803029370596,0.741966885300893,-0.4951366028026821,0.7115101667862291,-0.6557597193014923,-1.9348980473126598,-0.6964500362037469,0.016718809493950784,-0.5642253781589783,0.15926937689207415,-0.4396969960107551,-0.5612943360326806,1.6624856135424775,0.1288387642944427,0.9030897390871919,0.6226998606437215,-0.3153370043442635,-0.5921325258353911
-0.2675440714904927,0.5530581686404702,0.10954414279222827,-0.43135024719327353,-0.343934803361119,0.10163886357230222,0.15603753022986333,0.13256578792665663,0.12717656595474572,-0.4117314775159641,-0.06532713348643605,-0.15915640650315474,-0.5368365810182544,-0.08581788948127697,-0.25696702833950225,-0.007968285973126344,-0.09056731275118919,-0.5074130356792143,0.3428849523832292,0.3767529807071157,-0.8115662789516971,-0.03164534214472858,-0.4321198729837443,-0.1604208845722476,0.10256334543515522,-0.38796939312926976,0.34050697095222293,-0.2712339972561293,-0.25184069139744153,-0.1647454979580956,0.3506140686982357,0.21984663162840187,0.41195646690206317,0.14798921060288014,0.5465911481271398,-0.14443378799869577,0.044815114565442654,0.398160644186719,0.006563387704948963,-0.09772461427913383,-0.09274285696405536,-0.5251423235679289,0.054596690308631186,0.05071700878643802
-0.4148269755444211,1.0931723233570985,-0.07155500983078315,-1.0348698409408255,-0.22805662483521053,-0.1077591028433753,-0.02733189582545999,0.647753442979114,0.5290838870371053,-0.5723286918543271,0.11361250327132141,-0.7821899767441405,-0.8463631719708856,0.02498070472190815,-0.8447272213829987,0.42255997084660074,0.5227716872196174,-1.3337323452148093,0.3767529807071157,1.5103679797503093,-1.8005392131949969,-0.43881185584711935,-0.9091312734847256,-0.23550244650032895,0.021567409425578343,-0.2717397366098458,0.3890455920924449,-0.7235891600172893,0.06777867788651212,-0.5380713124569233,0.35185666414393385,1.1574291812606416,0.9106516597107414,-0.1935520844062452,0.2913126872737773,0.02037841759155665,-0.13294819503169192,0.5842161122195237,-0.756071841616652,-0.023831071217750733,-0.49371301026226416,-0.6457215342945758,0.17392471468146012,0.5069374551005447
1.2449744939701324,-1.922904839772736,-0.3417219789514563,2.741362082866026,0.5942482948615355,-0.9177737170848893,-0.1856855196050179,-0.8861510111992357,-0.35914933536595356,1.4931402813208443,-0.05258858430740126,1.176434377004253,2.1070567070333746,0.01297911115229293,1.4111653269075848,-0.8925114763702796,0.2684104500943074,1.8696849950681256,-0.8115662789516971,-1.8005392131949969,3.9250680757704526,0.5085951941601409,1.2951111542364402,0.33430430479660544,-0.7217698513636258,0.7283486109352876,-1.1753834825267577,1.1612347139649268,0.5827106231835326,1.030252917686828,-1.1395551428416948,-2.128987169397767,-1.5135552477491139,0.005504914716693538,-1.7948863026734927,0.2874902404594557,-0.6096256800574821,-1.3371362895566064,1.0605704016700508,-0.02723770796058784,0.8614983281026665,1.9226737026796585,-0.4005434241750706,-0.48493154880698236
0.2359039252632612,-0.296115857516612,0.055627326294897424,0.822216920905665,-0.14107615278023436,-0.9192178922857179,0.32670696061431515,-0.449324721104744,-0.3456673046069297,0.22166438380026646,-0.35562199203716427,0.7797639604222494,0.35330397258697,-0.037150820388911945,0.4147419951680434,-0.6676655855181581,-0.26620503269187623,0.7524726444844115,-0.03164534214472858,-0.43881185584711935,0.5085951941601409,0.835184387825602,-0.3358221392160452,-0.478595487431129,-0.28189816803578277,-0.4835380179101169,0.06561313703532555,0.18941645618978892,-0.5429973896873124,0.29614300854799824,-0.35805332682424595,-0.9959034530509047,-0.11545628823208609,0.09346276468291964,0.03141538796418554,-0.002321479585555822,-0.6919200837512894,-0.09011607957201724,1.2291813606677362,0.11915154122157162,0.5735539817498004,0.37268508176007736,-0.13887327127943233,-0.34300666613819314
0.2590176515000045,-0.866745958637289,-0.05601415585257838,0.2686043716963134,0.10528841985057504,1.0565192558646628,-0.34585898361135115,-0.23897971057910708,-0.2384661989795038,0.7911374397052225,0.4337283484531942,-0.07259595306751043,0.43618816036320546,0.2773184192267797,0.6425500311146607,0.4337122321645636,-0.243786638001559,0.4909188301981437,-0.4321198729837443,-0.9091312734847256,1.2951111542364402,-0.3358221392160452,1.5798032225665435,0.9217823818130413,0.08241930177956035,0.883730260566663,-0.6747975567574007,0.5941746435431028,0.76871741246861,-0.03583499509784858,-0.22896508765576196,0.012766521892954645,-0.960944290882443,-0.07798871539046544,-0.4814252951870516,-0.35264001810943224,0.9224931211981534,-0.6726203516656734,-0.861406846440924,0.14813001149047555,-0.3207870996310698,0.22368953217928628,-0.21980183792067298,-0.0577809016484072
0.017343540960077956,-0.3004698952914701,-0.07230885572066219,-0.12565956761027772,-0.017493409425309484,0.8323456910371309,-0.31447670098833225,0.04641677625229075,0.061149024369295875,0.437424038571737,0.3966627809029149,-0.3681305964879521,0.07176407714195399,0.18833821066297693,0.29586617300848955,0.44734578821017096,0.032210235406350936,-0.0905945345004555,-0.1604208845722476,-0.23550244650032895,0.33430430479660544,-0.478595487431129,0.9217823818130413,0.7611418755682283,-0.016050729292915195,0.5817039189000555,-0.3991660466479546,0.31391399104614476,0.6853391206995108,-0.1405749919885749,-0.08801909278518841,0.4574187769993541,-0.47026860737942766,-0.14132015386368793,-0.3091089726374041,-0.2383301392069034,0.7417981917962237,-0.3309300829582981,-1.1263908128479527,0.06028767735638921,-0.5012424939524465,-0.05990811347707164,-0.07624750786347122,0.1313477237614858
-0.38776121649229073,0.3635543500328252,0.2203932408547844,-0.9803583666859474,0.034029421126741226,0.9199154148111978,0.07144079590726311,0.14874764084041942,-0.0766807956438961,-0.6362063039027535,0.0010741400304897803,-0.278328038714782,-0.6057137047086107,-0.045929147143647424,-0.48696493997917745,0.4399039204329725,-0.47323816027319165,-0.31735708530154016,0.10256334543515522,0.021567409425578343,-0.7217698513636258,-0.28189816803578277,0.08241930177956035,-0.016050729292915195,0.7159304530101961,0.06421499949441344,0.3745402855721462,-0.32571286351479517,-0.2881041053479574,-0.22290478592250282,0.6798714556633437,0.49696996767724017,0.2620272047807879,0.2461271124193939,0.8177673756149906,-0.11050622823912647,0.6267403863485667,0.37815237764223586,-0.06433220234623413,-0.06348096388304192,-0.14838550039300077,-0.6348971582665964,0.16747584694274353,-0.018919270505424024
0.2114627495422099,-0.7478985811627896,-0.20440149221001314,-0.07989083208086274,0.44862994897445685,0.673228275365058,-0.5828881222734142,-0.08054598122069392,-0.1045417141065929,0.17155389810126126,0.13258440488631373,-0.5130223067122308,0.31748580876980304,0.14616934387571018,-0.034068752377723305,0.5259118361566358,0.3700716096448814,-0.22167561610171713,-0.38796939312926976,-0.2717397366098458,0.7283486109352876,-0.4835380179101169,0.883730260566663,0.5817039189000555,0.06421499949441344,1.2335425549696906,-0.47062619039249054,0.24063641096936533,1.0645812547809983,-0.11063831078142757,-0.31180788094389655,0.9577206500468062,-0.6686149227429883,-0.2825339547958278,-0.8326592844574789,0.2141941360022085,0.42570768147446186,-0.5928345330501044,-1.4703562112465063,0.06389015204931292,-0.4464372155023602,0.8861356790029943,0.13703353781576003,0.25682833145402284
-0.4351411893461976,0.7146400382140956,0.22298038382065982,-0.6841326149418281,-0.24704948191742307,0.11145029734002353,0.317535198465732,0.07291411695707746,0.05494755662763398,-0.7898430232601523,-0.24237116931468408,-0.03690955147571771,-0.6670816157755037,-0.09705706735502456,-0.4540317548146143,0.00930291210660833,-0.34128025979361865,-0.46910803029370596,0.34050697095222293,0.3890455920924449,-1.1753834825267577,0.06561313703532555,-0.6747975567574007,-0.3991660466479546,0.3745402855721462,-0.47062619039249054,0.6538786648487604,-0.3883038025645949,-0.6171926989109873,-0.06626509771876968,0.5654905968078181,0.2917920647938773,0.5879725998653842,0.24769170043463157,0.97733720619836,-0.06983574024599501,0.006747205575693967,0.6083899832119141,0.4014767874284569,-0.07484796905651564,-0.05007304425537643,-0.6331131653149842,0.22324836016466895,-0.07414144790591437
0.330850055544739,-0.6786858820055861,-0.08248010836018053,0.9533137822387259,0.1101299010002224,-0.19444146536398435,-0.037594464700594486,-0.35798821422927307,-0.1206033520201354,0.6569478972042375,0.03372996885122159,0.4307336618350561,0.7252871546526727,0.08255092620679744,0.7322212984311904,-0.2742830740245645,-0.053499683429848205,0.741966885300893,-0.2712339972561293,-0.7235891600172893,1.1612347139649268,0.18941645618978892,0.5941746435431028,0.31391399104614476,-0.32571286351479517,0.24063641096936533,-0.3883038025645949,0.6257542700493647,0.20725776225754913,0.4145896206356689,-0.46915785026830814,-0.6997468127741607,-0.6284599185732136,-0.07562883082950375,-0.5091502417719096,-0.011354994294395966,-0.04599581055474914,-0.44592624668384045,0.16742989245934314,0.07311942271844243,0.11874117351929925,0.5156024477086535,-0.10842865525911632,-0.23784946111619168
0.264461389208148,-0.5920811404997792,-0.2932327896059071,-0.008787577026304576,0.19080060690538664,0.4658739201130347,-0.6658008746816128,0.07015269014845892,0.06613205365650779,0.4005975377825019,0.2910558104619595,-0.6785398879103001,0.23495568359363694,0.1761736247118744,0.03334934048889842,0.4785833384030204,0.6844875222210436,-0.4951366028026821,-0.25184069139744153,0.06777867788651212,0.5827106231835326,-0.5429973896873124,0.76871741246861,0.6853391206995108,-0.2881041053479574,1.0645812547809983,-0.6171926989109873,0.20725776225754913,1.3087072339984818,-0.2881777970375391,-0.4751624215149308,1.0672251685554832,-0.5824363074584412,-0.4034707828050944,-1.088084754821669,0.10090103081159398,0.31370326031086404,-0.6399238042312076,-1.8480151504489988,0.054331573032364,-0.5689498529563132,0.7864763327814923,-0.0059387840769443995,0.4356241868500258
0.2778476823381636,-0.34457707910294133,-0.05993614155376762,1.1478096443276735,0.21435331524958998,-0.6862017863509621,0.23327584255634107,-0.366372499432118,0.056137901636860506,0.24938757334027659,-0.2360339178602986,0.662655779584141,0.7942961174052927,-0.10606724097897917,0.5094018154598302,-0.5852839367739601,-0.03824423251600178,0.7115101667862291,-0.1647454979580956,-0.5380713124569233,1.030252917686828,0.29614300854799824,-0.03583499509784858,-0.1405749919885749,-0.22290478592250282,-0.11063831078142757,-0.06626509771876968,0.4145896206356689,-0.2881777970375391,0.7397540286370898,-0.23699453000521364,-1.1121745313890683,-0.25115526007953953,0.13462609288370098,-0.24664333596056315,0.23625762536654957,-0.4606999392244097,-0.1250743078518821,1.0302131064266669,-0.08294241733020892,0.3920085960303345,0.5095463801082277,0.05662346867081551,-0.3602442423917541
-0.5241120405383936,0.8391487356566449,0.2748867842151681,-1.0599722596107013,-0.2566561406091987,0.8605953998833533,0.23321041802144202,0.27559579300900405,0.16225924409638584,-0.8086554817194617,0.027767071592785963,-0.3193827736480844,-0.8742909790068811,-0.09397841309865543,-0.5686369657348922,0.35500383823667175,-0.4567331573035712,-0.6557597193014923,0.3506140686982357,0.35185666414393385,-1.1395551428416948,-0.35805332682424595,-0.22896508765576196,-0.08801909278518841,0.6798714556633437,-0.31180788094389655,0.5654905968078181,-0.46915785026830814,-0.4751624215149308,-0.23699453000521364,0.936001483295026,0.42142653132562763,0.5915255042932683,0.3811304712325521,1.150892009835919,-0.2508685543127952,0.6078943405234883,0.6667928750188524,0.09278777218041934,-0.17546180727754632,-0.2094191477174767,-1.0969590873438737,0.16658951342712483,-0.003500578204522747
-0.6696361829823073,0.5480668585344283,0.004815092695084149,-2.4624753172092433,-0.0721107799891846,1.5315693298348312,-0.7200648414324595,0.565856054837448,0.05764983008750459,-1.0540731340134852,0.24282827935794082,-1.6039650319813783,-1.4091235701673754,0.2394887533948659,-1.2472247448272105,1.3537891344748845,0.426984874063522,-1.9348980473126598,0.21984663162840187,1.1574291812606416,-2.128987169397767,-0.9959034530509047,0.012766521892954645,0.4574187769993541,0.49696996767724017,0.9577206500468062,0.2917920647938773,-0.6997468127741607,1.0672251685554832,-1.1121745313890683,0.42142653132562763,3.3393741934523384,0.31587337632208523,-0.37628294744009044,0.2561278036451886,-0.05465974641937833,0.9162401640608836,0.09148044405806807,-2.9976888758323925,0.08590978799782038,-1.30684100755639,-0.24792844251549417,0.3932211063163383,0.8154028477586295
-0.43767458081088195,1.0250497523466655,0.13671973800498097,-0.8390672179406229,-0.19755741202853977,-0.09723767198852562,0.25758204570364235,0.45489255800778267,0.30997863446987517,-0.7152886010097597,-0.06725923837939106,-0.28262223295314287,-0.7599039650702338,-0.1520469934404929,-0.6909803992995419,0.0901721076465584,-0.005531227777565568,-0.6964500362037469,0.41195646690206317,0.9106516597107414,-1.5135552477491139,-0.11545628823208609,-0.960944290882443,-0.47026860737942766,0.2620272047807879,-0.6686149227429883,0.5879725998653842,-0.6284599185732136,-0.5824363074584412,-0.25115526007953953,0.5915255042932683,0.31587337632208523,0.9243746741982659,0.13330352895288347,0.7753324579438436,0.02011393624198416,-0.11935324599325262,0.7411869550922887,0.3189982590846559,-0.12654258887089181,-0.025359303897599366,-0.876747025484524,0.15250359945142927,0.1376029766387608
-0.10153646398813779,0.21785521885708453,0.1552299864095765,0.015913325177832723,-0.20625791429130125,0.16442781791391084,0.26277372415790184,-0.1372327441577704,-0.02317419857167526,-0.2838719339312123,-0.1285452586742734,0.2212808781735772,-0.17133664125667003,-0.09452075300734805,-0.008288031206238364,-0.1587547085248423,-0.364523586286879,0.016718809493950784,0.14798921060288014,-0.1935520844062452,0.005504914716693538,0.09346276468291964,-0.07798871539046544,-0.14132015386368793,0.2461271124193939,-0.2825339547958278,0.24769170043463157,-0.07562883082950375,-0.4034707828050944,0.13462609288370098,0.3811304712325521,-0.37628294744009044,0.13330352895288347,0.35101466907465007,0.5624269841484678,-0.1555075376015285,0.11904934973312482,0.23617272069754436,0.6159742994578684,-0.11789537003454234,0.1430906416943278,-0.340983946911403,0.0192406293042073,-0.20053008840128894
-0.8042443048265425,1.1764103277630233,0.5016804312863885,-1.2792663463837624,-0.6843804077370776,0.8503801179858577,0.6150916271718264,0.06393058262256165,-0.01765505230898424,-1.022902118652283,-0.13237787010020863,0.010927766918572616,-1.2692398248896362,-0.010328138556002946,-0.4516331933227521,0.21142289649289236,-1.0448755185462228,-0.5642253781589783,0.5465911481271398,0.2913126872737773,-1.7948863026734927,0.03141538796418554,-0.4814252951870516,-0.3091089726374041,0.8177673756149906,-0.8326592844574789,0.97733720619836,-0.5091502417719096,-1.088084754821669,-0.24664333596056315,1.150892009835919,0.2561278036451886,0.7753324579438436,0.5624269841484678,2.021912963300102,-0.6076792625133787,0.6370520617786596,0.9835333499640366,0.6993082224063873,-0.0467647643946714,-0.20553601110404351,-1.641354992511167,0.1558555183618708,-0.2513584214076734
0.18065544426479777,-0.27337885423944175,-0.1418882927108297,0.2687971288859253,0.5711125499193738,-0.5093509531984949,-0.1795339262426555,0.08637597489766408,0.05423459619911641,-0.123116757336266,-0.1969119556825978,-0.03223132177050238,0.4314712156426713,-0.21498434321029034,-0.21766841967232195,-0.17046705918998803,0.4435641502800081,0.15926937689207415,-0.14443378799869577,0.02037841759155665,0.2874902404594557,-0.002321479585555822,-0.35264001810943224,-0.2383301392069034,-0.11050622823912647,0.2141941360022085,-0.06983574024599501,-0.011354994294395966,0.10090103081159398,0.23625762536654957,-0.2508685543127952,-0.05465974641937833,0.02011393624198416,-0.1555075376015285,-0.6076792625133787,0.6361670975105748,-0.48649606872936235,-0.10050254426526208,0.06387429198437652,-0.11724247447922079,0.2734551853314539,0.6972738097086907,0.18591429686224842,0.07111012730761745
-0.42607611778218507,0.20007493323978398,0.18271077524835422,-1.1818040078828742,-0.17808490742984895,1.724587085220405,-0.18904856200743114,0.23008514249520653,-0.016015755787529687,-0.14482626714598734,0.44476904622839447,-0.6374479916827477,-0.683884414400333,0.15039430947732985,-0.14931282865023102,0.8496405415540537,-0.49770590166814754,-0.4396969960107551,0.044815114565442654,-0.13294819503169192,-0.6096256800574821,-0.6919200837512894,0.9224931211981534,0.7417981917962237,0.6267403863485667,0.42570768147446186,0.006747205575693967,-0.04599581055474914,0.31370326031086404,-0.4606999392244097,0.6078943405234883,0.9162401640608836,-0.11935324599325262,0.11904934973312482,0.6370520617786596,-0.48649606872936235,1.3907503754547232,0.10988613966199275,-1.1676496177928883,0.014354657613276865,-0.6614184771090695,-0.921776873468413,0.012451659776024412,0.11983541887170741
-0.47127700122547345,0.9230635940922591,0.19673311416955794,-0.6861773361144313,-0.2659831790316352,0.16892993284839658,0.35018481968864107,0.28271552482300916,0.2523052736854795,-0.6655205687371982,-0.10093419852160766,-0.17438097070300831,-0.7082849312777386,-0.1367596769945084,-0.4610630601065576,0.07246185717708291,-0.2885252655794664,-0.5612943360326806,0.398160644186719,0.5842161122195237,-1.3371362895566064,-0.09011607957201724,-0.6726203516656734,-0.3309300829582981,0.37815237764223586,-0.5928345330501044,0.6083899832119141,-0.44592624668384045,-0.6399238042312076,-0.1250743078518821,0.6667928750188524,0.09148044405806807,0.7411869550922887,0.23617272069754436,0.9835333499640366,-0.10050254426526208,0.10988613966199275,0.7739878097210316,0.4128037730637953,-0.11304584889731173,-0.06510019230839276,-0.959825947660662,0.17529815504213273,-0.015435298856666385
0.2989918445906326,0.09367980709951702,0.2327932016934931,1.684233583871529,-0.022919920447397667,-1.6736529336531216,1.0500959462745623,-0.5361401123037718,-0.1665922142646305,0.15459521775536986,-0.5580783778688616,1.7497839983259704,0.7974190156807175,-0.2865385477044019,0.6262642316646546,-1.3766884518959543,-0.7699113147876102,1.6624856135424775,0.006563387704948963,-0.756071841616652,1.0605704016700508,1.2291813606677362,-0.861406846440924,-1.1263908128479527,-0.06433220234623413,-1.4703562112465063,0.4014767874284569,0.16742989245934314,-1.8480151504489988,1.0302131064266669,0.09278777218041934,-2.9976888758323925,0.3189982590846559,0.6159742994578684,0.6993082224063873,0.06387429198437652,-1.1676496177928883,0.4128037730637953,3.7734253728990095,-0.09399292848965618,1.4372926983529895,-0.19142914678472128,-0.19911305306728494,-0.9163013283697298
0.01669050849859103,-0.11439164086498403,-0.01499710882525633,0.0028450256181134633,-0.04705021478360267,-0.0291206112280268,-0.006835208064737505,-0.07700447024144787,-0.11587851523630979,0.20744387798593045,0.047149861263624145,0.05277272798519315,0.030314632307874997,0.14583588481058266,0.1376978605104294,0.07465681575665736,-0.08212673966328651,0.1288387642944427,-0.09772461427913383,-0.023831071217750733,-0.02723770796058784,0.11915154122157162,0.14813001149047555,0.06028767735638921,-0.06348096388304192,0.06389015204931292,-0.07484796905651564,0.07311942271844243,0.054331573032364,-0.08294241733020892,-0.17546180727754632,0.08590978799782038,-0.12654258887089181,-0.11789537003454234,-0.0467647643946714,-0.11724247447922079,0.014354657613276865,-0.11304584889731173,-0.09399292848965618,0.17477948821047581,-0.08696305911119875,0.044790236840292125,-0.06264162890584535,-0.006512976013045371
0.3282436165155459,-0.3311440601953802,0.01529262284874483,0.8499034603996226,0.2379718698134787,-0.8504370400529292,0.22812086847588026,-0.1920246273584479,-0.20182849100001793,0.19403718114253737,-0.2573974699816398,0.6968241130515529,0.5498152018746727,-0.22814451875527983,0.2330032730360809,-0.6483343931970975,-0.0851840136221997,0.9030897390871919,-0.09274285696405536,-0.49371301026226416,0.8614983281026665,0.5735539817498004,-0.3207870996310698,-0.5012424939524465,-0.14838550039300077,-0.4464372155023602,-0.05007304425537643,0.11874117351929925,-0.5689498529563132,0.3920085960303345,-0.2094191477174767,-1.30684100755639,-0.025359303897599366,0.1430906416943278,-0.20553601110404351,0.2734551853314539,-0.6614184771090695,-0.06510019230839276,1.4372926983529895,-0.08696305911119875,0.8317129085688287,0.3644758956695842,-0.13870700258975288,-0.30394436157775895
0.7739534713052119,-1.346130060418559,-0.39519409348603596,1.4235029272095527,0.6541538241835615,-1.0465897299924687,-0.42590867988584497,-0.5477468167418157,-0.28886938032119713,0.521702780040494,-0.36667316740133477,0.3511811233012114,1.2609371397970397,-0.043669799288346,0.39642536069004164,-0.49481772835857435,0.7486753876388239,0.6226998606437215,-0.5251423235679289,-0.6457215342945758,1.9226737026796585,0.37268508176007736,0.22368953217928628,-0.05990811347707164,-0.6348971582665964,0.8861356790029943,-0.6331131653149842,0.5156024477086535,0.7864763327814923,0.5095463801082277,-1.0969590873438737,-0.24792844251549417,-0.876747025484524,-0.340983946911403,-1.641354992511167,0.6972738097086907,-0.921776873468413,-0.959825947660662,-0.19142914678472128,0.044790236840292125,0.3644758956695842,2.1222847902586652,0.05143494015480495,0.01350763954668204
-0.1524569189647963,0.15935481128167744,0.018680532121973282,-0.26825823036681246,0.11788908034173089,0.107502991114446,-0.01374289093816533,0.03876273976958143,0.08640126055887756,-0.40568632531582693,-0.14293802172725908,-0.17886809206273374,-0.13727482189657897,-0.06821388206149347,-0.271733754448756,0.09688860253967217,0.042892063738982224,-0.3153370043442635,0.054596690308631186,0.17392471468146012,-0.4005434241750706,-0.13887327127943233,-0.21980183792067298,-0.07624750786347122,0.16747584694274353,0.13703353781576003,0.22324836016466895,-0.10842865525911632,-0.0059387840769443995,0.05662346867081551,0.16658951342712483,0.3932211063163383,0.15250359945142927,0.0192406293042073,0.1558555183618708,0.18591429686224842,0.012451659776024412,0.17529815504213273,-0.19911305306728494,-0.06264162890584535,-0.13870700258975288,0.05143494015480495,0.2431019552487406,0.03920985175409226
-0.07915282899720905,0.1530258423922121,-0.10616514047505282,-0.5277061769460009,0.04147828388877991,0.21542534874902558,-0.2757520721748037,0.3031513514817524,0.1413199575418447,-0.10681562772404776,0.14756382099120446,-0.5490378579790217,-0.2844448110768445,0.02707565482697449,-0.3668528691203802,0.3536363399989277,0.3871275254100738,-0.5921325258353911,0.05071700878643802,0.5069374551005447,-0.48493154880698236,-0.34300666613819314,-0.0577809016484072,0.1313477237614858,-0.018919270505424024,0.25682833145402284,-0.07414144790591437,-0.23784946111619168,0.4356241868500258,-0.3602442423917541,-0.003500578204522747,0.8154028477586295,0.1376029766387608,-0.20053008840128894,-0.2513584214076734,0.07111012730761745,0.11983541887170741,-0.015435298856666385,-0.9163013283697298,-0.006512976013045371,-0.30394436157775895,0.01350763954668204,0.03920985175409226,0.34920289756552686
