V1,V2,V3,V4,V5,V6,V7,V8,V9,V10,V11,V12,V13,V14,V15,V16,V17,V18,V19,V20,V21,V22,V23,V24,V25,V26,V27,V28,V29,V30,V31,V32,V33,V34,V35,V36,V37,V38,V39,V40,V41,V42,V43,V44
1.3157506586391496,-1.6946536383683983,0.19860783674917337,0.0012544711009020765,-1.4709882775012417,0.5444038746208624,-1.9051380208926405,-0.8898081755085052,-1.3882451894860435,-3.7197571016172364,-2.135759699639567,-1.4194966796185893,-1.7361457802847495,-2.7945945193673465,-2.095052451544488,-2.5541957570767893,2.3822893051892353,-3.3185224214328564,2.477742936451923,-1.893426516546448,2.9420613088522964,0.5118029721048866,-1.9195638456471398,-1.1094657539330548,-0.8992735420350398,0.3414179269854174,-0.03524933933700633,-1.1276803041211785,2.5139549543613993,-1.102577429557413,0.34705191365637195,2.0477809815168877,-0.44264023842996775,1.8084070672890686,-1.9161165511932103,1.5584172604886108,-1.4555184446381104,-1.1351692552298296,-3.228859656212925,-2.8660388953554508,2.0065287390574666,3.9121793874144513,-0.03431195124983583,1.0139068726139993
-1.6946536383683983,2.4563706073240192,-0.5776666767054213,0.21337392287107357,2.4654106881693965,-1.771949614262623,2.518532504924554,1.5414371069875354,2.249317643189244,5.425291324859453,3.0087010707240833,1.8269039091661556,2.789435190700338,4.004859171211697,2.710710754535283,3.589919586579843,-2.5706263955875963,4.494029477070105,-3.6562263571860623,3.4710805690807343,-4.395530617476634,-0.7473212828117239,2.1012913743200787,1.299787124727375,0.8250032514152839,-0.3894732030672354,-0.08705682778097125,1.4344654536366552,-3.291508008811033,1.5597645186485494,-0.9956361090833838,-2.5903513458585388,0.8670422694632329,-3.025850779366453,1.9021848314155654,-1.7342336290756462,1.2765771227614016,1.5096009965553427,4.337786181096469,4.161339897909312,-2.856231098948684,-4.943585571090534,0.13474041251686206,-1.1263081332722298
0.19860783674917337,-0.5776666767054213,0.41199218638848495,-0.25160775108850714,-0.8947486543494259,1.3530284047394625,-0.35851745440311444,-0.6014803995359793,-0.7523566567437285,-1.3081200551854149,-0.6234140424651485,-0.2091812700199949,-0.9160340628533066,-0.8944757672487353,-0.3251123744008335,-0.736914845602765,-0.2335333403829901,-0.7546790275218438,0.9182723719677975,-1.507410353405988,1.1586333689756565,0.1829455897514614,0.1540380060645323,-0.010735415981855585,0.2614167064417915,-0.007595979504108069,0.15185968352428622,-0.14807197410298156,0.43857584624615825,-0.3317159226665054,0.7025055611212255,0.24997418567833912,-0.41859403781310567,1.0970098993075157,0.384574622937338,-0.08853783647355352,0.49043091923541127,-0.22541325448298832,-0.6948326192553218,-0.9840432936791866,0.6231559220528045,0.4681787585991233,-0.11399862533492584,-0.06165162604381815
0.0012544711009020765,0.21337392287107357,-0.25160775108850714,0.1721126421265722,0.45253671580434024,-0.8414281343459356,0.05189285460938549,0.3126480954291737,0.3650147868218322,0.49999071357378555,0.20356095920696138,-1.4341539943400446e-5,0.4326054160121055,0.3226363334019867,0.010593245321688526,0.2375583251825757,0.3942836980411352,0.17421154391811755,-0.36861237862471785,0.8125406588102917,-0.47744953282742136,-0.06722251974737682,-0.29197952941299293,-0.09902849893124303,-0.26321086697027835,0.041726843385332724,-0.10397824556033856,-0.013310826378841255,-0.04268573102646351,0.10840473046219688,-0.431279365923366,0.035879997615533975,0.2336780966658212,-0.548895249094172,-0.4445096615216723,0.21765238127250627,-0.4713900961814012,0.037695947329820144,0.14005185878136991,0.36976671700172237,-0.21271684682994488,0.07230969108891185,0.07075290513139097,0.14205882108374232
-1.4709882775012417,2.4654106881693965,-0.8947486543494259,0.45253671580434024,2.8497338855833565,-2.858185414150403,2.2653550935873437,1.8296569221799193,2.523789347533169,5.494207718084661,2.929664358625223,1.585720899560756,3.098574310494848,3.980141539044306,2.368207966989918,3.489893003933404,-1.6131489237285392,4.174146142633307,-3.750614220087432,4.2865459613749834,-4.564721795189784,-0.7548589022535953,1.3670107048258675,0.9744908921907501,0.30362485670457356,-0.2723881471537411,-0.23820470125343632,1.22727406958902,-2.9242301496410157,1.5252706862315282,-1.5395743872749894,-2.1939066993569174,1.1187936334867712,-3.4876701730949127,0.9563278902694402,-1.1654472478382953,0.3720317914620544,1.3697719285080252,3.984811086995421,4.190409714255307,-2.813014515723406,-4.177469006595851,0.22925542952286623,-0.7552388661871271
0.5444038746208624,-1.771949614262623,1.3530284047394625,-0.8414281343459356,-2.858185414150403,4.465057536230627,-1.025849706200897,-1.9306915128092736,-2.3877029634162614,-4.032452863608877,-1.8889940879391616,-0.5719781300977718,-2.8963718290248073,-2.7371862756664385,-0.8965217334864655,-2.23270718103924,-0.9960953590884679,-2.222366596563074,2.844978848609071,-4.859476450029741,3.6029574685349735,0.5621000662851796,0.6850341483174965,0.05817519831774377,0.953566554523089,-0.059245237665384,0.5083425340013488,-0.3966179042369167,1.238786541874786,-1.007319727570368,2.3118289039250564,0.6531867428159903,-1.3564853482555312,3.4987045086916795,1.4525774165481538,-0.43769025384648064,1.7644726184332393,-0.6516250871652822,-2.0269575635566928,-3.025124924837098,1.897864747540716,1.2153264837612168,-0.3776119155158633,-0.2965850222057943
-1.9051380208926405,2.518532504924554,-0.35851745440311444,0.05189285460938549,2.2653550935873437,-1.025849706200897,2.782377082371609,1.3801419101428203,2.1205965831073335,5.5376563521823154,3.157993627407518,2.060958977079285,2.640221036837745,4.15123046257953,3.0456770664943122,3.7734080133567423,-3.342175894364217,4.86577783437341,-3.7036347353595627,2.97692657800797,-4.402962465316386,-0.7584546444427573,2.7024781064156005,1.5839988109962908,1.2303338184300547,-0.48174107933987936,0.02158400315707798,1.6307019461612215,-3.6595864719947495,1.628048547122125,-0.6258901602907607,-2.960501544999019,0.7079747645034691,-2.7783093000636443,2.6531766744637224,-2.1950772102281895,1.9752630458753933,1.6580712079464974,4.7232567363435045,4.264341464520801,-2.9694323965975555,-5.659216355158866,0.06766232568884367,-1.4304632987489667
-0.8898081755085052,1.5414371069875354,-0.6014803995359793,0.3126480954291737,1.8296569221799193,-1.9306915128092736,1.3801419101428203,1.1809664242191427,1.6116628134906654,3.440323399439351,1.8185636263258813,0.9576410571538541,1.9773829492298267,2.480349485216726,1.4326044393006643,2.165914692094701,-0.880795399621171,2.5637456236989444,-2.353625136356152,2.7856173637622192,-2.8733617278325543,-0.47350287083120635,0.7560100480720041,0.5645614496752508,0.12061941492907936,-0.15534374024180933,-0.1689385872501318,0.7393619934442277,-1.7770007157445686,0.9489959613273271,-1.0340247164889274,-1.3171617912446023,0.7322856050312838,-2.239554129670716,0.4713329357278315,-0.653541769538872,0.11281160351355539,0.8367085799244968,2.4418102525199816,2.620527655301843,-1.7515573888253388,-2.505580524234549,0.15636777168926433,-0.4225726344589069
-1.3882451894860435,2.249317643189244,-0.7523566567437285,0.3650147868218322,2.523789347533169,-2.3877029634162614,2.1205965831073335,1.6116628134906654,2.249014390156837,5.002620134713228,2.6914331911236116,1.4975401655933938,2.7663387105145816,3.640013924518435,2.2329882273630246,3.2070263914717576,-1.6681422118164724,3.876829474982194,-3.4058397403646494,3.7477215351667765,-4.133282150903144,-0.6873400790766638,1.398026628190742,0.9563036499788389,0.3837287823126627,-0.27253494313192433,-0.18681906199976173,1.1621829049964494,-2.7452232303557076,1.3995854375209111,-1.29501880344618,-2.084045165050893,0.9699682635306645,-3.090216081136039,1.065923208541713,-1.1795488435715917,0.5236458516005571,1.2794729102672588,3.710688036275717,3.820658040784602,-2.5771542342852682,-3.9711352181776807,0.18959062451160164,-0.7653589181961649
-3.7197571016172364,5.425291324859453,-1.3081200551854149,0.49999071357378555,5.494207718084661,-4.032452863608877,5.5376563521823154,3.440323399439351,5.002620134713228,11.997927239207069,6.640040308735329,4.0124460264502435,6.193311738741811,8.850676709644018,5.953400459162118,7.924510675317466,-5.572732967105959,9.897457752311778,-8.092534469869623,7.758998611328613,-9.73228270582781,-1.6497434740967984,4.5638338591177545,2.8411720628510175,1.7651356194768233,-0.8448635093586724,-0.20841363658905998,3.1497637006842316,-7.2344265242427905,3.4419259165450433,-2.258340779398459,-5.683654178754104,1.9431282852913625,-6.737993860654037,4.1025044550828875,-3.7671364839038595,2.723161213038637,3.3213030614827272,9.54607485175979,9.197791531143762,-6.305333516688979,-10.843953236070101,0.3080745665928778,-2.4476656138595576
-2.135759699639567,3.0087010707240833,-0.6234140424651485,0.20356095920696138,2.929664358625223,-1.8889940879391616,3.157993627407518,1.8185636263258813,2.6914331911236116,6.640040308735329,3.713443628184389,2.3063590900632067,3.3381447752863393,4.925773432168693,3.416996387313737,4.433135481312569,-3.4002852270595287,5.599895610911785,-4.465932599496971,4.0461753266110065,-5.3497026985799065,-0.9118328422794567,2.770299250011633,1.6840115110832967,1.1473217537524143,-0.5052822565740416,-0.06689140589610842,1.8156435272526203,-4.13545262419438,1.9209696904496405,-1.0791614256010473,-3.2837251278034496,0.9979943221330475,-3.592889055422105,2.58197079019599,-2.272204628570377,1.8016535138153589,1.8894794811759976,5.413317514050012,5.098402646074751,-3.513953988611653,-6.269975629262698,0.13981594298778177,-1.4782075476460457
-1.4194966796185893,1.8269039091661556,-0.2091812700199949,-1.4341539943400446e-5,1.585720899560756,-0.5719781300977718,2.060958977079285,0.9576410571538541,1.4975401655933938,4.0124460264502435,2.3063590900632067,1.5362567043553208,1.867582744690115,3.0202622142345152,2.2674413403426033,2.7581036090493773,-2.5789998869155557,3.5860559391114664,-2.676170853662776,2.0328919597481048,-3.171780225339618,-0.5491019723255909,2.08027920829436,1.2039334962064494,0.9765376187459514,-0.36773975525445957,0.03961921380570006,1.2184593851783923,-2.717181604342307,1.1881163604363445,-0.3677152176819413,-2.2146571068239242,0.4740108396122782,-1.9452394001509123,2.078638635973499,-1.683946113316934,1.5790454914218603,1.2269946358622266,3.487189132536985,3.0927630080964312,-2.163408479460594,-4.2337137452633256,0.03420257335329128,-1.0978917545205797
-1.7361457802847495,2.789435190700338,-0.9160340628533066,0.4326054160121055,3.098574310494848,-2.8963718290248073,2.640221036837745,1.9773829492298267,2.7663387105145816,6.193311738741811,3.3381447752863393,1.867582744690115,3.4134661078257733,4.504938973564724,2.7846249932996123,3.9771777692535166,-2.128271468192347,4.820079725932656,-4.209032207496918,4.594902940890995,-5.110874613535464,-0.8551780159914256,1.775508950668383,1.199461978816417,0.5075370633376413,-0.34823242831914747,-0.22280016657768772,1.4515627349076499,-3.422308189433115,1.7387958455298302,-1.5728745394523314,-2.604055726938039,1.187172701757064,-3.800847739590553,1.376143690828656,-1.5008107294058868,0.704374786066734,1.5928420183695304,4.620060009980898,4.731774462176301,-3.1981485944722587,-4.960886418515188,0.230692010262014,-0.9713715798775759
-2.7945945193673465,4.004859171211697,-0.8944757672487353,0.3226363334019867,3.980141539044306,-2.7371862756664385,4.15123046257953,2.480349485216726,3.640013924518435,8.850676709644018,4.925773432168693,3.0202622142345152,4.504938973564724,6.552494124761383,4.4779091183287365,5.8794506434150575,-4.325257256892132,7.386868713859743,-5.964754589085282,5.553117052525287,-7.154075600303782,-1.2133686101878989,3.534939245612225,2.175405366177178,1.4188374401492372,-0.6470069085603066,-0.12049615215122099,2.373134213024039,-5.427502724380889,2.548036139185912,-1.5483113077683917,-4.288273589772518,1.3799420645322817,-4.876825660088306,3.2405304917261963,-2.9037516574410143,2.20926207679757,2.4857053349781295,7.130449027221753,6.791165196742136,-4.6662277916690105,-8.187289489752114,0.20479249400033492,-1.8898843951175863
-2.095052451544488,2.710710754535283,-0.3251123744008335,0.010593245321688526,2.368207966989918,-0.8965217334864655,3.0456770664943122,1.4326044393006643,2.2329882273630246,5.953400459162118,3.416996387313737,2.2674413403426033,2.7846249932996123,4.4779091183287365,3.3483462087102023,4.0854930042112265,-3.782763057963859,5.304360242656969,-3.973282211795905,3.050836736859001,-4.711355348005527,-0.8149694908971716,3.052770530162748,1.7703619777623818,1.4256879169241543,-0.5408177225598428,0.05147374989320933,1.79748395824785,-4.013056902169661,1.76044040778113,-0.5695534074939328,-3.2663729991257995,0.7142895111458795,-2.9051099493458064,3.0405758065312947,-2.472407887357884,2.3008698982985343,1.8130841008360408,5.156430035819332,4.588572356393988,-3.2065128086807597,-6.244632670469685,0.0546155127682898,-1.611793082067112
-2.5541957570767893,3.589919586579843,-0.736914845602765,0.2375583251825757,3.489893003933404,-2.23270718103924,3.7734080133567423,2.165914692094701,3.2070263914717576,7.924510675317466,4.433135481312569,2.7581036090493773,3.9771777692535166,5.8794506434150575,4.0854930042112265,5.294449671202022,-4.076882474732375,6.6907282988653645,-5.328855303748428,4.8128804829516305,-6.382180890291029,-1.0879195105836186,3.321953110906188,2.0181782950342466,1.380148019243471,-0.6048660203633517,-0.07688141679724012,2.172866475901055,-4.9433664327987135,2.2938717761704113,-1.2763604154644301,-3.9283627277148727,1.185866524714952,-4.279368924111325,3.1019903959907684,-2.723001657863781,2.1696246903739778,2.2582252109342202,6.4681323475085675,6.0840822789201505,-4.194577309010274,-7.499553042223629,0.16544217348455661,-1.77161276462461
2.3822893051892353,-2.5706263955875963,-0.2335333403829901,0.3942836980411352,-1.6131489237285392,-0.9960953590884679,-3.342175894364217,-0.880795399621171,-1.6681422118164724,-5.572732967105959,-3.4002852270595287,-2.5789998869155557,-2.128271468192347,-4.325257256892132,-3.782763057963859,-4.076882474732375,5.242523328346988,-5.615230812148094,3.639053526099721,-1.5250939207674659,4.214327585703334,0.7629305455718373,-4.168755526837056,-2.2509842986502835,-2.2491023589659234,0.7125339450660004,-0.30812201385245075,-2.0737216632082807,4.461546545759369,-1.739271286924,-0.3840508417945271,3.799529912476133,-0.2534377145886293,1.9899428215054287,-4.519543666214976,3.328559068181518,-3.741476760625461,-1.9715197717660276,-5.5267353316581245,-4.333670435640541,3.135942126225788,7.276579531431296,0.1087079302173808,2.1717443742241302
-3.3185224214328564,4.494029477070105,-0.7546790275218438,0.17421154391811755,4.174146142633307,-2.222366596563074,4.86577783437341,2.5637456236989444,3.876829474982194,9.897457752311778,5.599895610911785,3.5860559391114664,4.820079725932656,7.386868713859743,5.304360242656969,6.6907282988653645,-5.615230812148094,8.55860649786678,-6.633397288415005,5.600554407309432,-7.910923975005433,-1.3578173074918964,4.553554381650547,2.704390891886382,2.005877590601652,-0.8185648136751544,-0.016471085578061227,2.834724847968423,-6.391437162158472,2.8922288397664486,-1.3114813505559215,-5.1350557851747105,1.353452917867135,-5.119717330646811,4.390079245861318,-3.7120147081128345,3.1973222171176903,2.904656998897993,8.29417863437359,7.611559743347048,-5.279303348704857,-9.809458162493483,0.15651823783045465,-2.417062646740611
2.477742936451923,-3.6562263571860623,0.9182723719677975,-0.36861237862471785,-3.750614220087432,2.844978848609071,-3.7036347353595627,-2.353625136356152,-3.4058397403646494,-8.092534469869623,-4.465932599496971,-2.676170853662776,-4.209032207496918,-5.964754589085282,-3.973282211795905,-5.328855303748428,3.639053526099721,-6.633397288415005,5.468118803802993,-5.324658305122821,6.577956899411558,1.110383773383623,-2.9887289616937456,-1.8782530173920855,-1.1277955458778888,0.5539275003806012,0.15862071922187446,-2.098219514184689,4.831177790027598,-2.313660154541043,1.5861070476385108,3.7829139397434286,-1.3391632393673139,4.594574136696685,-2.6521643306134135,2.4677579933699967,-1.7256245762825722,-2.221496710607925,-6.389707006553491,-6.202081471186715,4.241844971912475,7.2190440778088885,-0.21756559924410046,1.6051065403125162
-1.893426516546448,3.4710805690807343,-1.507410353405988,0.8125406588102917,4.2865459613749834,-4.859476450029741,2.97692657800797,2.7856173637622192,3.7477215351667765,7.758998611328613,4.0461753266110065,2.0328919597481048,4.594902940890995,5.553117052525287,3.050836736859001,4.8128804829516305,-1.5250939207674659,5.600554407309432,-5.324658305122821,6.649489847816879,-6.534033490618826,-1.0714243626493207,1.3437524938156922,1.103998707096688,0.02081752482551221,-0.29724120312649405,-0.45223060746072585,1.5557887064709637,-3.8147657964100214,2.1168725722767907,-2.58543849758952,-2.764856578620588,1.7657882819360466,-5.251503009692914,0.6013886084511255,-1.2005500304404908,-0.18089226595030722,1.8117397877927481,5.317616503752763,5.900764797705441,-3.917182914498268,-5.253883394253981,0.39710477405581207,-0.7716625658537362
2.9420613088522964,-4.395530617476634,1.1586333689756565,-0.47744953282742136,-4.564721795189784,3.6029574685349735,-4.402962465316386,-2.8733617278325543,-4.133282150903144,-9.73228270582781,-5.3497026985799065,-3.171780225339618,-5.110874613535464,-7.154075600303782,-4.711355348005527,-6.382180890291029,4.214327585703334,-7.910923975005433,6.577956899411558,-6.534033490618826,7.9300617830281475,1.3391051389270119,-3.4653793175195076,-2.196528872069148,-1.2668231508603265,0.6487510782268695,0.2158092305923641,-2.4846444798106004,5.741011172524391,-2.7759859525476696,1.9975194598182837,4.4761808850126465,-1.6514072382610054,5.597247781665586,-3.0257419161537626,2.874109863826546,-1.9229760836535885,-2.6444320237414582,-7.617350717062512,-7.4539624377555445,5.091051103601807,8.537148322814268,-0.2791940272231314,1.8661001607942715
0.5118029721048866,-0.7473212828117239,0.1829455897514614,-0.06722251974737682,-0.7548589022535953,0.5621000662851796,-0.7584546444427573,-0.47350287083120635,-0.6873400790766638,-1.6497434740967984,-0.9118328422794567,-0.5491019723255909,-0.8551780159914256,-1.2133686101878989,-0.8149694908971716,-1.0879195105836186,0.7629305455718373,-1.3578173074918964,1.110383773383623,-1.0714243626493207,1.3391051389270119,0.22904288026788144,-0.6230465604531129,-0.3862676214652731,-0.239952188008132,0.11723043906608717,0.029576749040507132,-0.43188824192194436,0.9922559291726196,-0.47440713493022074,0.3139251046537045,0.7784876610897653,-0.2689038784086706,0.9289740948385534,-0.5583937420989669,0.517662044288941,-0.3702817057968028,-0.45541320389480877,-1.3111896691779343,-1.26440462271812,0.8679810844490349,1.483909179907966,-0.04381012563959021,0.33494016683822536
-1.9195638456471398,2.1012913743200787,0.1540380060645323,-0.29197952941299293,1.3670107048258675,0.6850341483174965,2.7024781064156005,0.7560100480720041,1.398026628190742,4.5638338591177545,2.770299250011633,2.08027920829436,1.775508950668383,3.534939245612225,3.052770530162748,3.321953110906188,-4.168755526837056,4.553554381650547,-2.9887289616937456,1.3437524938156922,-3.4653793175195076,-0.6230465604531129,3.320676855979526,1.8036867686904343,1.7764172171769914,-0.5671229750328832,0.2335574226823044,1.6717986172133608,-3.6031222644538836,1.4168833483570744,0.24943148555585648,-3.0592842702812018,0.2370962143201132,-1.68176946558942,3.5822003053707747,-2.6505873238172044,2.9495959134600973,1.5950162781486628,4.474879076930306,3.5460501212271778,-2.5568013130736786,-5.858686155284579,-0.07806410906137734,-1.7307214940211035
-1.1094657539330548,1.299787124727375,-0.010735415981855585,-0.09902849893124303,0.9744908921907501,0.05817519831774377,1.5839988109962908,0.5645614496752508,0.9563036499788389,2.8411720628510175,1.6840115110832967,1.2039334962064494,1.199461978816417,2.175405366177178,1.7703619777623818,2.0181782950342466,-2.2509842986502835,2.704390891886382,-1.8782530173920855,1.103998707096688,-2.196528872069148,-0.3862676214652731,1.8036867686904343,1.0058953104897104,0.9216930534465301,-0.3100017292890848,0.09352617830129205,0.9627524944888864,-2.1012773409884224,0.8629659297398188,-0.02871112198378252,-1.7560508356337854,0.2306807341094209,-1.1936497161705335,1.893974180878584,-1.4440334356233868,1.5171470818052049,0.9382557016438878,2.643860136941517,2.1992769988172873,-1.5635883126154733,-3.360990673676847,-0.016711423136226415,-0.9436883101014705
-0.8992735420350398,0.8250032514152839,0.2614167064417915,-0.26321086697027835,0.30362485670457356,0.953566554523089,1.2303338184300547,0.12061941492907936,0.3837287823126627,1.7651356194768233,1.1473217537524143,0.9765376187459514,0.5075370633376413,1.4188374401492372,1.4256879169241543,1.380148019243471,-2.2491023589659234,2.005877590601652,-1.1277955458778888,0.02081752482551221,-1.2668231508603265,-0.239952188008132,1.7764172171769914,0.9216930534465301,1.0306221869737375,-0.29618131480034415,0.18725529651179632,0.7932142411685478,-1.6577723568655958,0.5818643398789108,0.44039587335367975,-1.4616096410709236,-0.06428529792533912,-0.3767991460779862,2.0129495454345667,-1.4036638462201712,1.7350570973580315,0.7199541438844539,1.9931216613059903,1.3865273677031091,-1.0383840535726667,-2.803931183062298,-0.09085024430153138,-0.9178052290860401
0.3414179269854174,-0.3894732030672354,-0.007595979504108069,0.041726843385332724,-0.2723881471537411,-0.059245237665384,-0.48174107933987936,-0.15534374024180933,-0.27253494313192433,-0.8448635093586724,-0.5052822565740416,-0.36773975525445957,-0.34823242831914747,-0.6470069085603066,-0.5408177225598428,-0.6048660203633517,0.7125339450660004,-0.8185648136751544,0.5539275003806012,-0.29724120312649405,0.6487510782268695,0.11723043906608717,-0.5671229750328832,-0.3100017292890848,-0.29618131480034415,0.09929542428546048,-0.033632739574548015,-0.29464844287306974,0.6414560047957878,-0.26022311440773316,-0.012478524634648444,0.5387793962299084,-0.05915268600612886,0.3377483515996541,-0.6021374620312112,0.45659767951365726,-0.4892064418869663,-0.2850998245688734,-0.8042166265013148,-0.65535285193586,0.46988230253520763,1.030786405310039,0.008133336403929563,0.29690719846565183
-0.03524933933700633,-0.08705682778097125,0.15185968352428622,-0.10397824556033856,-0.23820470125343632,0.5083425340013488,0.02158400315707798,-0.1689385872501318,-0.18681906199976173,-0.20841363658905998,-0.06689140589610842,0.03961921380570006,-0.22280016657768772,-0.12049615215122099,0.05147374989320933,-0.07688141679724012,-0.30812201385245075,-0.016471085578061227,0.15862071922187446,-0.45223060746072585,0.2158092305923641,0.029576749040507132,0.2335574226823044,0.09352617830129205,0.18725529651179632,-0.033632739574548015,0.06600381361430262,0.03879846399340335,-0.04270521754763637,-0.03853062740183238,0.2581344150325324,-0.07857118439490465,-0.13296981132942054,0.29110765305004915,0.32800103313417406,-0.17532915905386007,0.3313820399623512,0.00809336930042236,5.303730993877092e-4,-0.15067138316518267,0.07799278791496791,-0.15418207865504846,-0.04374496488915965,-0.11554906008701575
-1.1276803041211785,1.4344654536366552,-0.14807197410298156,-0.013310826378841255,1.22727406958902,-0.3966179042369167,1.6307019461612215,0.7393619934442277,1.1621829049964494,3.1497637006842316,1.8156435272526203,1.2184593851783923,1.4515627349076499,2.373134213024039,1.79748395824785,2.172866475901055,-2.0737216632082807,2.834724847968423,-2.098219514184689,1.5557887064709637,-2.4846444798106004,-0.43188824192194436,1.6717986172133608,0.9627524944888864,0.7932142411685478,-0.29464844287306974,0.03879846399340335,0.9713748558246483,-2.1530052336588144,0.9359463917600513,-0.26104489876944514,-1.7607017214696337,0.3607151499484233,-1.5056270910726481,1.6819237719107385,-1.3527803304002097,1.287220332844124,0.9703197262239284,2.757080750913163,2.427581779281616,-1.7017533966853908,-3.3644111285508633,0.02342743797648877,-0.8814841485734847
2.5139549543613993,-3.291508008811033,0.43857584624615825,-0.04268573102646351,-2.9242301496410157,1.238786541874786,-3.6595864719947495,-1.7770007157445686,-2.7452232303557076,-7.2344265242427905,-4.13545262419438,-2.717181604342307,-3.422308189433115,-5.427502724380889,-4.013056902169661,-4.9433664327987135,4.461546545759369,-6.391437162158472,4.831177790027598,-3.8147657964100214,5.741011172524391,0.9922559291726196,-3.6031222644538836,-2.1012773409884224,-1.6577723568655958,0.6414560047957878,-0.04270521754763637,-2.1530052336588144,4.819939432941594,-2.133074418887567,0.7663010948186967,3.909131502656987,-0.9018060841666385,3.589275840651289,-3.559709042705263,2.9257803857546563,-2.6702886389199194,-2.18108144168636,-6.209461798003739,-5.571573248729852,3.8872654995373677,7.470332707432779,-0.08069049458437606,1.9056410170848825
-1.102577429557413,1.5597645186485494,-0.3317159226665054,0.10840473046219688,1.5252706862315282,-1.007319727570368,1.628048547122125,0.9489959613273271,1.3995854375209111,3.4419259165450433,1.9209696904496405,1.1881163604363445,1.7387958455298302,2.548036139185912,1.76044040778113,2.2938717761704113,-1.739271286924,2.8922288397664486,-2.313660154541043,2.1168725722767907,-2.7759859525476696,-0.47440713493022074,1.4168833483570744,0.8629659297398188,0.5818643398789108,-0.26022311440773316,-0.03853062740183238,0.9359463917600513,-2.133074418887567,0.9960950252335046,-0.5728918039682692,-1.6911717259720676,0.5233582471122028,-1.8730804553606328,1.314082875909248,-1.1653371905076966,0.9123122605293452,0.9753327923253616,2.796393775500148,2.6416058754243648,-1.8205067672020034,-3.2269760654669137,0.07581528908523742,-0.7570115161720177
0.34705191365637195,-0.9956361090833838,0.7025055611212255,-0.431279365923366,-1.5395743872749894,2.3118289039250564,-0.6258901602907607,-1.0340247164889274,-1.29501880344618,-2.258340779398459,-1.0791614256010473,-0.3677152176819413,-1.5728745394523314,-1.5483113077683917,-0.5695534074939328,-1.2763604154644301,-0.3840508417945271,-1.3114813505559215,1.5861070476385108,-2.58543849758952,1.9975194598182837,0.3139251046537045,0.24943148555585648,-0.02871112198378252,0.44039587335367975,-0.012478524634648444,0.2581344150325324,-0.26104489876944514,0.7663010948186967,-0.5728918039682692,1.2011120194655422,0.44177645384682973,-0.716838472088165,1.8846491407272894,0.6425294686438625,-0.14251996106631817,0.8265272407197909,-0.39342930879487503,-1.2069411805361119,-1.6987553229570718,1.0763273686589958,0.8282918347563968,-0.19431274669407414,-0.0982746959672014
2.0477809815168877,-2.5903513458585388,0.24997418567833912,0.035879997615533975,-2.1939066993569174,0.6531867428159903,-2.960501544999019,-1.3171617912446023,-2.084045165050893,-5.683654178754104,-3.2837251278034496,-2.2146571068239242,-2.604055726938039,-4.288273589772518,-3.2663729991257995,-3.9283627277148727,3.799529912476133,-5.1350557851747105,3.7829139397434286,-2.764856578620588,4.4761808850126465,0.7784876610897653,-3.0592842702812018,-1.7560508356337854,-1.4616096410709236,0.5387793962299084,-0.07857118439490465,-1.7607017214696337,3.909131502656987,-1.6911717259720676,0.44177645384682973,3.2010689156378054,-0.6360329289603803,2.6929498715132048,-3.088712308948216,2.473539702100303,-2.3740635092436113,-1.7612276053566809,-4.999481351547118,-4.3833893040903735,3.076221960735283,6.119057841588219,-0.03542751345301681,1.6120955052360062
-0.44264023842996775,0.8670422694632329,-0.41859403781310567,0.2336780966658212,1.1187936334867712,-1.3564853482555312,0.7079747645034691,0.7322856050312838,0.9699682635306645,1.9431282852913625,0.9979943221330475,0.4740108396122782,1.187172701757064,1.3799420645322817,0.7142895111458795,1.185866524714952,-0.2534377145886293,1.353452917867135,-1.3391632393673139,1.7657882819360466,-1.6514072382610054,-0.2689038784086706,0.2370962143201132,0.2306807341094209,-0.06428529792533912,-0.05915268600612886,-0.13296981132942054,0.3607151499484233,-0.9018060841666385,0.5233582471122028,-0.716838472088165,-0.6360329289603803,0.47426033228523207,-1.370448643264296,0.023922076604994784,-0.22474277965444353,-0.16548069230116863,0.43235368909837996,1.2787116425788432,1.4746504920054677,-0.9709961636590531,-1.2066818025610728,0.11200576581635296,-0.1431017302432938
1.8084070672890686,-3.025850779366453,1.0970098993075157,-0.548895249094172,-3.4876701730949127,3.4987045086916795,-2.7783093000636443,-2.239554129670716,-3.090216081136039,-6.737993860654037,-3.592889055422105,-1.9452394001509123,-3.800847739590553,-4.876825660088306,-2.9051099493458064,-4.279368924111325,1.9899428215054287,-5.119717330646811,4.594574136696685,-5.251503009692914,5.597247781665586,0.9289740948385534,-1.68176946558942,-1.1936497161705335,-0.3767991460779862,0.3377483515996541,0.29110765305004915,-1.5056270910726481,3.589275840651289,-1.8730804553606328,1.8846491407272894,2.6929498715132048,-1.370448643264296,4.274214572178838,-1.1797308362411956,1.4383614840006922,-0.4649841649471788,-1.6807393831256188,-4.891777108153133,-5.139044514937668,3.45292032156875,5.125645745884847,-0.2816413193557507,0.9297635636329802
-1.9161165511932103,1.9021848314155654,0.384574622937338,-0.4445096615216723,0.9563278902694402,1.4525774165481538,2.6531766744637224,0.4713329357278315,1.065923208541713,4.1025044550828875,2.58197079019599,2.078638635973499,1.376143690828656,3.2405304917261963,3.0405758065312947,3.1019903959907684,-4.519543666214976,4.390079245861318,-2.6521643306134135,0.6013886084511255,-3.0257419161537626,-0.5583937420989669,3.5822003053707747,1.893974180878584,2.0129495454345667,-0.6021374620312112,0.32800103313417406,1.6819237719107385,-3.559709042705263,1.314082875909248,0.6425294686438625,-3.088712308948216,0.023922076604994784,-1.1797308362411956,3.9827887890413143,-2.8418792794564247,3.3734479273920477,1.5585666042511863,4.340247559261372,3.2046040929293507,-2.357906562887645,-5.919628083992712,-0.14341958468574792,-1.8569449771915316
1.5584172604886108,-1.7342336290756462,-0.08853783647355352,0.21765238127250627,-1.1654472478382953,-0.43769025384648064,-2.1950772102281895,-0.653541769538872,-1.1795488435715917,-3.7671364839038595,-2.272204628570377,-1.683946113316934,-1.5008107294058868,-2.9037516574410143,-2.472407887357884,-2.723001657863781,3.328559068181518,-3.7120147081128345,2.4677579933699967,-1.2005500304404908,2.874109863826546,0.517662044288941,-2.6505873238172044,-1.4440334356233868,-1.4036638462201712,0.45659767951365726,-0.17532915905386007,-1.3527803304002097,2.9257803857546563,-1.1653371905076966,-0.14251996106631817,2.473539702100303,-0.22474277965444353,1.4383614840006922,-2.8418792794564247,2.123542721255953,-2.328169757766594,-1.2972783816045226,-3.647083542247424,-2.923917868170272,2.10386311620268,4.734084469740134,0.05194689125689148,1.3839674314743369
-1.4555184446381104,1.2765771227614016,0.49043091923541127,-0.4713900961814012,0.3720317914620544,1.7644726184332393,1.9752630458753933,0.11281160351355539,0.5236458516005571,2.723161213038637,1.8016535138153589,1.5790454914218603,0.704374786066734,2.20926207679757,2.3008698982985343,2.1696246903739778,-3.741476760625461,3.1973222171176903,-1.7256245762825722,-0.18089226595030722,-1.9229760836535885,-0.3702817057968028,2.9495959134600973,1.5171470818052049,1.7350570973580315,-0.4892064418869663,0.3313820399623512,1.287220332844124,-2.6702886389199194,0.9123122605293452,0.8265272407197909,-2.3740635092436113,-0.16548069230116863,-0.4649841649471788,3.3734479273920477,-2.328169757766594,2.9322525551936347,1.1545969597074361,3.1857868161062286,2.143623909378924,-1.623589748678226,-4.553745507723126,-0.16479165494751002,-1.5216712530716923
-1.1351692552298296,1.5096009965553427,-0.22541325448298832,0.037695947329820144,1.3697719285080252,-0.6516250871652822,1.6580712079464974,0.8367085799244968,1.2794729102672588,3.3213030614827272,1.8894794811759976,1.2269946358622266,1.5928420183695304,2.4857053349781295,1.8130841008360408,2.2582252109342202,-1.9715197717660276,2.904656998897993,-2.221496710607925,1.8117397877927481,-2.6444320237414582,-0.45541320389480877,1.5950162781486628,0.9382557016438878,0.7199541438844539,-0.2850998245688734,0.00809336930042236,0.9703197262239284,-2.18108144168636,0.9753327923253616,-0.39342930879487503,-1.7612276053566809,0.43235368909837996,-1.6807393831256188,1.5585666042511863,-1.2972783816045226,1.1545969597074361,0.989455981006273,2.8191222317710194,2.55623384183323,-1.7787296673635122,-3.365198263667284,0.04413264671179384,-0.845051761617994
-3.228859656212925,4.337786181096469,-0.6948326192553218,0.14005185878136991,3.984811086995421,-2.0269575635566928,4.7232567363435045,2.4418102525199816,3.710688036275717,9.54607485175979,5.413317514050012,3.487189132536985,4.620060009980898,7.130449027221753,5.156430035819332,6.4681323475085675,-5.5267353316581245,8.29417863437359,-6.389707006553491,5.317616503752763,-7.617350717062512,-1.3111896691779343,4.474879076930306,2.643860136941517,1.9931216613059903,-0.8042166265013148,5.303730993877092e-4,2.757080750913163,-6.209461798003739,2.796393775500148,-1.2069411805361119,-4.999481351547118,1.2787116425788432,-4.891777108153133,4.340247559261372,-3.647083542247424,3.1857868161062286,2.8191222317710194,8.045582641830721,7.343885417571799,-5.1020904256780995,-9.550206635710163,0.14116501436651457,-2.373512301578678
-2.8660388953554508,4.161339897909312,-0.9840432936791866,0.36976671700172237,4.190409714255307,-3.025124924837098,4.264341464520801,2.620527655301843,3.820658040784602,9.197791531143762,5.098402646074751,3.0927630080964312,4.731774462176301,6.791165196742136,4.588572356393988,6.0840822789201505,-4.333670435640541,7.611559743347048,-6.202081471186715,5.900764797705441,-7.4539624377555445,-1.26440462271812,3.5460501212271778,2.1992769988172873,1.3865273677031091,-0.65535285193586,-0.15067138316518267,2.427581779281616,-5.571573248729852,2.6416058754243648,-1.6987553229570718,-4.3833893040903735,1.4746504920054677,-5.139044514937668,3.2046040929293507,-2.923917868170272,2.143623909378924,2.55623384183323,7.343885417571799,7.0538049207887035,-4.83871458461617,-8.365571347072121,0.2296832285132698,-1.9004176124889336
2.0065287390574666,-2.856231098948684,0.6231559220528045,-0.21271684682994488,-2.813014515723406,1.897864747540716,-2.9694323965975555,-1.7515573888253388,-2.5771542342852682,-6.305333516688979,-3.513953988611653,-2.163408479460594,-3.1981485944722587,-4.6662277916690105,-3.2065128086807597,-4.194577309010274,3.135942126225788,-5.279303348704857,4.241844971912475,-3.917182914498268,5.091051103601807,0.8679810844490349,-2.5568013130736786,-1.5635883126154733,-1.0383840535726667,0.46988230253520763,0.07799278791496791,-1.7017533966853908,3.8872654995373677,-1.8205067672020034,1.0763273686589958,3.076221960735283,-0.9709961636590531,3.45292032156875,-2.357906562887645,2.10386311620268,-1.623589748678226,-1.7787296673635122,-5.1020904256780995,-4.83871458461617,3.3309734445293597,5.870980311705565,-0.14280383098901064,1.3667523981125085
3.9121793874144513,-4.943585571090534,0.4681787585991233,0.07230969108891185,-4.177469006595851,1.2153264837612168,-5.659216355158866,-2.505580524234549,-3.9711352181776807,-10.843953236070101,-6.269975629262698,-4.2337137452633256,-4.960886418515188,-8.187289489752114,-6.244632670469685,-7.499553042223629,7.276579531431296,-9.809458162493483,7.2190440778088885,-5.253883394253981,8.537148322814268,1.483909179907966,-5.858686155284579,-3.360990673676847,-2.803931183062298,1.030786405310039,-0.15418207865504846,-3.3644111285508633,7.470332707432779,-3.2269760654669137,0.8282918347563968,6.119057841588219,-1.2066818025610728,5.125645745884847,-5.919628083992712,4.734084469740134,-4.553745507723126,-3.365198263667284,-9.550206635710163,-8.365571347072121,5.870980311705565,11.700713428188788,-0.06367316476750527,3.086711593124899
-0.03431195124983583,0.13474041251686206,-0.11399862533492584,0.07075290513139097,0.22925542952286623,-0.3776119155158633,0.06766232568884367,0.15636777168926433,0.18959062451160164,0.3080745665928778,0.13981594298778177,0.03420257335329128,0.230692010262014,0.20479249400033492,0.0546155127682898,0.16544217348455661,0.1087079302173808,0.15651823783045465,-0.21756559924410046,0.39710477405581207,-0.2791940272231314,-0.04381012563959021,-0.07806410906137734,-0.016711423136226415,-0.09085024430153138,0.008133336403929563,-0.04374496488915965,0.02342743797648877,-0.08069049458437606,0.07581528908523742,-0.19431274669407414,-0.03542751345301681,0.11200576581635296,-0.2816413193557507,-0.14341958468574792,0.05194689125689148,-0.16479165494751002,0.04413264671179384,0.14116501436651457,0.2296832285132698,-0.14280383098901064,-0.06367316476750527,0.03276445667342655,0.03553151403638023
1.0139068726139993,-1.1263081332722298,-0.06165162604381815,0.14205882108374232,-0.7552388661871271,-0.2965850222057943,-1.4304632987489667,-0.4225726344589069,-0.7653589181961649,-2.4476656138595576,-1.4782075476460457,-1.0978917545205797,-0.9713715798775759,-1.8898843951175863,-1.611793082067112,-1.77161276462461,2.1717443742241302,-2.417062646740611,1.6051065403125162,-0.7716625658537362,1.8661001607942715,0.33494016683822536,-1.7307214940211035,-0.9436883101014705,-0.9178052290860401,0.29690719846565183,-0.11554906008701575,-0.8814841485734847,1.9056410170848825,-0.7570115161720177,-0.0982746959672014,1.6120955052360062,-0.1431017302432938,0.9297635636329802,-1.8569449771915316,1.3839674314743369,-1.5216712530716923,-0.845051761617994,-2.373512301578678,-1.9004176124889336,1.3667523981125085,3.086711593124899,0.03553151403638023,0.903387842534793
