V1,V2,V3,V4,V5,V6,V7,V8,V9,V10,V11,V12,V13,V14,V15,V16,V17,V18,V19,V20,V21,V22,V23,V24,V25,V26,V27,V28,V29,V30,V31,V32,V33,V34,V35,V36,V37,V38,V39,V40,V41,V42,V43,V44
1.8038986440507407,3.8952242818696727,-5.169096532511185,-7.347631151471828,2.487276430987595,-3.5917408259451915,3.462480711201247,1.6585559167945858,-1.526958933516785,2.3316853003897093,-0.5203882841566715,2.4505604364428692,6.158319702266306,-0.1853111897037772,1.9656818846710726,-3.770834312076608,9.782462375366158,2.1737062061456105,1.5363524453314088,7.166226722922647,4.14038761254886,-3.7753498280005022,-1.3030279685066792,2.1049634811800257,-3.9097339085645113,4.856163270890598,-7.179331462484576,-3.7263771984250997,1.5255291092324588,-0.3675424378142946,2.8582138470838045,-8.179065925417895,-0.9382603580615049,-2.9203824635705775,-4.893910306006665,-0.006254386146388403,0.05465319136644611,-2.4292250216611073,2.596392659721641,-1.321113150300903,0.6973212856420461,1.1813906047093568,-2.213534154409341,0.20484461223446207
3.8952242818696727,19.706475133284222,-25.01529088920586,-32.98547124511809,12.478904194260725,-14.117613272565626,12.773995071628754,5.344868107927847,-5.894779572598016,11.521030437056819,-3.5591016387155454,11.69003340417674,26.46345147019128,-1.5734629095023644,8.788660249319499,-11.093748914696457,43.08173804028438,11.988901447260817,7.115500770960211,32.81317088524246,15.98811782410371,-17.054522314576378,-3.4790784045976406,8.11784491455306,-18.134408354115077,21.263864356869178,-30.078175523810387,-15.320678144176892,4.06388485534684,-3.1356778229040088,13.170015380986388,-33.90929871408455,-6.056995986840681,-12.248549083519809,-21.689528467989437,1.8989392355822703,-0.5491165653215887,-8.691892138249793,11.329543558205541,-6.042243294308261,3.1700726271777295,6.891944563692388,-10.412552726624531,-1.0942314595210187
-5.169096532511185,-25.01529088920586,32.20690448694412,42.41956056337491,-15.997327912714717,17.971282044982075,-16.669604086511697,-7.121249946087197,7.6791684849205515,-14.95675300961199,4.572568709654557,-14.905381691146063,-34.36145056415322,1.904153113989708,-11.298361456784047,14.687903366858759,-55.2935676298706,-15.310007758548107,-8.86178889814666,-42.08607815382861,-20.82034958250651,21.64531577367266,4.707291590147127,-10.541149097760194,23.23225529536939,-27.3330201031382,39.03230344661239,19.764045473137184,-5.4129113295053735,3.985014511248484,-16.993917964142803,43.94382014658484,7.952122807928069,15.754990103924262,27.960453398172024,-2.1946575349741977,0.5429365825888751,11.105853817184238,-14.514182386477815,7.817746267239944,-4.261470256992609,-8.812791145893568,13.28418823854423,1.5833283979202106
-7.347631151471828,-32.98547124511809,42.41956056337491,56.673264483125514,-20.715330265204287,24.48110517789893,-21.667969305830503,-9.170596482715196,10.301999855417291,-19.45557254361673,5.900530230411146,-19.73884178573417,-45.347258229151635,2.118937268900755,-14.468337173245269,20.042697621163217,-73.51496372155253,-20.04064908894602,-11.69303436399944,-56.42248057557511,-28.00062324408243,29.067202496033847,6.6813998510435555,-13.861642754812559,31.349926670791483,-36.3188759026922,52.10624432566796,26.348218378543056,-7.24884854895348,5.1489999641581194,-22.827307767047916,58.623624353290055,10.218331635159597,20.913789214444662,37.32840507044911,-2.702501197463894,1.2003728477658338,14.878752058506596,-19.300712668512215,10.234662369465072,-5.558075325466622,-11.329670319038357,17.1273516863664,1.657339238513392
2.487276430987595,12.478904194260725,-15.997327912714717,-20.715330265204287,8.204622197140715,-8.67233231203478,8.695467172654933,3.806137878786085,-3.759767427781866,7.527423990363465,-2.2905768459537295,7.406319251725806,17.133959299275464,-1.2143291963146046,5.989004988345475,-7.172299560232435,27.372049481213846,7.628010750409931,4.554366152805283,20.40274630391627,10.138877591928665,-10.571968898032678,-2.107963382697642,5.361371662168932,-11.11646305394887,13.541147673226238,-19.112327507114333,-9.743054287624341,2.7735949997713587,-1.9736009854070087,8.157931699959315,-21.613040662200632,-3.970452376542426,-7.887142415545481,-13.658430536978452,1.1776487420530124,0.04496576681169432,-5.587164297895316,7.19588957675934,-3.9362859000882104,2.1121806097084863,4.5064525844784,-6.936857813965976,-0.8736769647571416
-3.5917408259451915,-14.117613272565626,17.971282044982075,24.48110517789893,-8.67233231203478,11.005407733625947,-9.321216385609057,-3.912376186557394,4.492369348910438,-8.08633908938213,2.3753154143061317,-8.487516155973136,-19.359867051138767,0.8079711408856199,-6.076031104928421,9.075957850015438,-31.806940825383244,-8.403289504958995,-5.147397178393942,-24.43358623728459,-12.2384996914322,12.756661112246324,3.0840505287562867,-6.003591486377483,13.618807561738128,-15.692238205052375,22.497026613218015,11.489472032608807,-3.2942061289115236,2.0606498168569733,-9.827651414331822,25.36675185548617,4.02201486555822,9.061087126433998,16.11201443844662,-1.0711535831493968,0.6503703267982197,6.700338641260021,-8.380035472395074,4.331774630951466,-2.24282874272696,-4.657932502054046,7.249725447631159,0.29165245566738723
3.462480711201247,12.773995071628754,-16.669604086511697,-21.667969305830503,8.695467172654933,-9.321216385609057,10.366865681383853,4.824095145562451,-4.169004590158914,7.954809277325584,-2.191595947407776,7.69747108352389,18.654313754991712,-1.3996281133552133,6.7577083992303555,-8.853076695687873,29.175993746165048,7.659621425547839,4.834937671964063,21.008611557700313,11.19787112596362,-10.945760869843767,-2.5827714686289194,6.178625395030662,-11.212012284687193,14.476750124152428,-20.603187344868946,-10.663605638530852,3.692720882942181,-1.7506248420916104,8.32353981049612,-23.462229360883235,-3.876967188205518,-8.604473119714532,-14.387446921562535,0.8639782473836013,0.6410772222505338,-6.471932935132418,7.695521093537886,-4.267408336474647,2.2748479939598965,4.586664852620339,-7.605422955951747,-0.6466068188241478
1.6585559167945858,5.344868107927847,-7.121249946087197,-9.170596482715196,3.806137878786085,-3.912376186557394,4.824095145562451,2.361602434863056,-1.836950065952028,3.467815332431999,-0.9122685965385896,3.256518929700417,8.201311451703468,-0.656184346424209,3.095600107130092,-4.093465810916928,12.52037552487047,3.190514461977231,2.072578346704223,8.760807317674844,4.9018751795423166,-4.541968791032707,-1.1579268746309201,2.787045906416847,-4.593502529279465,6.236361534649683,-8.926915755846522,-4.599188009217678,1.7804226993981582,-0.6876075788726146,3.460041340578754,-10.211139647705332,-1.6732480858627141,-3.785769578102007,-6.114814702615293,0.266584513311718,0.47675959245013,-2.8664700949798605,3.299417915915693,-1.867698279601358,1.0417031120901405,1.957655257448947,-3.3811758758355337,-0.3049207009189217
-1.526958933516785,-5.894779572598016,7.6791684849205515,10.301999855417291,-3.759767427781866,4.492369348910438,-4.169004590158914,-1.836950065952028,1.9289848148556172,-3.5438746202617084,1.0296804914840822,-3.5604987600496503,-8.387706822787129,0.377739620110741,-2.700753521400453,3.9461783208591323,-13.435926653524255,-3.5564685479452716,-2.109646447320276,-10.191371958765405,-5.230186266946163,5.238239353120165,1.3184110655046757,-2.620849771164705,5.6290972103822705,-6.650052303758787,9.616620480945487,4.867746176462983,-1.47853526284522,0.8709724605408291,-4.122274607701005,10.843623418915724,1.8159580817236445,3.868241048090604,6.806608885375304,-0.39033495507216864,0.11869122460161581,2.8082515769108496,-3.5285698598164705,1.88074319239977,-1.039975246318564,-2.0141433816950434,3.1429433167680716,0.25696146838656503
2.3316853003897093,11.521030437056819,-14.95675300961199,-19.45557254361673,7.527423990363465,-8.08633908938213,7.954809277325584,3.467815332431999,-3.5438746202617084,7.0600201953089625,-2.1436922270665693,6.854204057364909,16.051130574258895,-0.9914714226789494,5.386772792321466,-6.785885787761594,25.477346284971976,7.108338220526563,4.042099966929786,19.20400669692729,9.58655743319212,-9.821427433018698,-2.113956994573285,4.9631303775578886,-10.518629238374407,12.611895356806789,-18.038378424290595,-9.151504122688703,2.5719421670457154,-1.8542382762507872,7.758068849382019,-20.30197875672456,-3.7796163407656955,-7.266397875444341,-12.857409605756894,1.0087669876981857,-0.013005080387027648,-5.124622718085159,6.691715144173738,-3.660002757588019,2.0253427347839508,4.165151767197507,-6.283689529506566,-0.8741229625254683
-0.5203882841566715,-3.5591016387155454,4.572568709654557,5.900530230411146,-2.2905768459537295,2.3753154143061317,-2.191595947407776,-0.9122685965385896,1.0296804914840822,-2.1436922270665693,0.7039028979214779,-2.097439042877844,-4.745991200709532,0.28572856024352916,-1.575483691781626,1.7803167588333009,-7.633299599098356,-2.2301930495861706,-1.2250144203411197,-5.876325062491999,-2.786252916745198,2.988065960056867,0.5506782921239017,-1.3975123327640664,3.25967916827883,-3.772939188534756,5.350789153299251,2.6604037446226245,-0.6217426469942807,0.6319417051649404,-2.387773669295353,5.9990847542494254,1.228178254146906,2.158163584245745,3.875477758550126,-0.38111491384176455,0.11603856334282814,1.4142596474495668,-1.993668295080507,1.0912265003719477,-0.6196264511028844,-1.301090118505192,1.8608046921781325,0.3468065683961262
2.4505604364428692,11.69003340417674,-14.905381691146063,-19.73884178573417,7.406319251725806,-8.487516155973136,7.69747108352389,3.256518929700417,-3.5604987600496503,6.854204057364909,-2.097439042877844,6.964902393561007,15.857572367198353,-0.8876508842034125,5.242360575635545,-6.819823019671287,25.77047761706353,7.093345823041817,4.228924058701323,19.616585341789307,9.654553534159138,-10.178721903960176,-2.1708377486143813,4.879908292017455,-10.846435834337981,12.725491142597123,-18.065924684158663,-9.174665967316043,2.5033847474097626,-1.8312717802803478,7.883244435521394,-20.38065232797652,-3.5888756176557317,-7.361907809344546,-12.984530473975484,1.0554498377980168,-0.33812447157116987,-5.2256222136923824,6.76972811861328,-3.612942197853167,1.9184347298019513,4.057365347148741,-6.1781761852333235,-0.6160247071530002
6.158319702266306,26.46345147019128,-34.36145056415322,-45.347258229151635,17.133959299275464,-19.359867051138767,18.654313754991712,8.201311451703468,-8.387706822787129,16.051130574258895,-4.745991200709532,15.857572367198353,37.266663481183336,-2.0707776238131492,12.354576093312245,-16.694607102375635,59.41022032331718,16.112758215020566,9.443622805640395,44.7664954749173,22.712638671477475,-23.01206432814041,-5.345617981777026,11.640703623444404,-24.572354250688644,29.407897987087804,-42.21863229275154,-21.4506794377153,6.342344453544872,-4.050130859987273,18.057775153993827,-47.601267895466115,-8.351398631171866,-17.050863636730977,-29.96946834265949,2.0482294191261254,-0.17548981103377004,-12.277548722212629,15.61642770512484,-8.432190717127355,4.628851405154558,9.314077234291531,-14.37482928051864,-1.534648078926697
-0.1853111897037772,-1.5734629095023644,1.904153113989708,2.118937268900755,-1.2143291963146046,0.8079711408856199,-1.3996281133552133,-0.656184346424209,0.377739620110741,-0.9914714226789494,0.28572856024352916,-0.8876508842034125,-2.0707776238131492,0.4280627599429251,-1.0412305111784048,0.6788965494890217,-3.166294640614041,-0.9558296099336719,-0.6815533815424869,-1.9613404158861418,-0.9793001485261529,1.1156063766856639,0.011467469767996275,-0.7592913291656601,0.918852056569727,-1.5684108213805996,1.9776675524403826,1.1341901534844534,-0.3939293150699263,0.23251578972003362,-0.6951807909942613,2.315282313767988,0.4570939771192727,0.9475720294030641,1.4091578974029386,-0.2591840885597833,-0.32944025079155825,0.7561259459839579,-0.8557768847844909,0.5184864714934165,-0.2067467494392955,-0.6763349915073357,1.1578778877863747,0.16062677985337756
1.9656818846710726,8.788660249319499,-11.298361456784047,-14.468337173245269,5.989004988345475,-6.076031104928421,6.7577083992303555,3.095600107130092,-2.700753521400453,5.386772792321466,-1.575483691781626,5.242360575635545,12.354576093312245,-1.0412305111784048,4.616858963171946,-5.396980983051709,19.496346998768875,5.312671681620075,3.363126412497711,14.064669867919111,7.230330054899349,-7.360817565155889,-1.4659330261919656,4.023403734089547,-7.516535595988034,9.662671327710568,-13.52894459537739,-6.953477895115047,2.233079829727722,-1.2985452132909865,5.548399246755329,-15.426177526858808,-2.7386008950660123,-5.757620374128455,-9.559209377500787,0.7738424663911242,0.3440997382459872,-4.162875866216855,5.12861882939409,-2.8650727943709837,1.5195992725272103,3.212091158530983,-5.20250203855821,-0.5866005992980688
-3.770834312076608,-11.093748914696457,14.687903366858759,20.042697621163217,-7.172299560232435,9.075957850015438,-8.853076695687873,-4.093465810916928,3.9461783208591323,-6.785885787761594,1.7803167588333009,-6.819823019671287,-16.694607102375635,0.6788965494890217,-5.396980983051709,8.843458241777263,-26.41072909447867,-6.5352399690971295,-4.083773364755285,-19.646247209192758,-10.693859556342884,10.142841946378608,2.993138578278205,-5.447348504596456,10.747994946723626,-13.099703643965833,19.17569754416985,9.8090849907037,-3.4776096955405786,1.4036251749205102,-7.914749256324495,21.717649633314334,3.203415173911498,7.733342575366806,13.313913609969266,-0.3970181346211811,-0.058292248678323194,5.941675163324274,-6.958691716572024,3.6947451800418354,-2.0347373344485233,-3.673934751076333,6.153950039193435,0.15670933100007148
9.782462375366158,43.08173804028438,-55.2935676298706,-73.51496372155253,27.372049481213846,-31.806940825383244,29.175993746165048,12.52037552487047,-13.435926653524255,25.477346284971976,-7.633299599098356,25.77047761706353,59.41022032331718,-3.166294640614041,19.496346998768875,-26.41072909447867,96.04281258256366,26.075308359417857,15.541000836346672,72.92415323770007,36.44500792832379,-37.758722346635246,-8.533777414025286,18.42809995170319,-40.263641983539046,47.46167069111641,-67.77924655283476,-34.469360886635776,9.814133753131573,-6.592036644965495,29.345435049991522,-76.45372073109743,-13.17390383522235,-27.483089135899835,-48.450332872504354,3.5573303127908322,-1.011492981045537,-19.769939741216348,25.246191478410065,-13.463408567875675,7.204632953566545,14.890226375612462,-22.901314881569014,-2.0897724940750857
2.1737062061456105,11.988901447260817,-15.310007758548107,-20.04064908894602,7.628010750409931,-8.403289504958995,7.659621425547839,3.190514461977231,-3.5564685479452716,7.108338220526563,-2.2301930495861706,7.093345823041817,16.112758215020566,-0.9558296099336719,5.312671681620075,-6.5352399690971295,26.075308359417857,7.3802185641957525,4.224752983933056,19.942672355882877,9.647043747357216,-10.27367856473246,-2.057296474334255,4.885223054836271,-11.02952873540302,12.875973562834965,-18.269674976401284,-9.2618219571000715,2.3665654922476334,-1.9780608542262852,8.046230140987884,-20.541495072385928,-3.837215889767299,-7.370172679990818,-13.18692612901535,1.1868309405544808,-0.31950742113010655,-5.131906549606382,6.846858454980687,-3.686233179667209,1.9810102694292178,4.264153546805796,-6.30756634762481,-0.8347041253285561
1.5363524453314088,7.115500770960211,-8.86178889814666,-11.69303436399944,4.554366152805283,-5.147397178393942,4.834937671964063,2.072578346704223,-2.109646447320276,4.042099966929786,-1.2250144203411197,4.228924058701323,9.443622805640395,-0.6815533815424869,3.363126412497711,-4.083773364755285,15.541000836346672,4.224752983933056,2.7732027118150007,11.567223414215153,5.687254081014126,-6.163385456597311,-1.1756720154053315,2.994867259643043,-6.33313047586655,7.66558402321093,-10.631508976526582,-5.468326638567187,1.569666882510954,-1.055444986506812,4.553257109957644,-12.107728040573443,-2.018706776437448,-4.52714820534679,-7.662594267050816,0.7082600357232784,-0.1256380353540766,-3.2858181884644804,4.0943881783909415,-2.1743182755311246,1.0749479550204513,2.44833150472052,-3.909898659362114,-0.24951541131396565
7.166226722922647,32.81317088524246,-42.08607815382861,-56.42248057557511,20.40274630391627,-24.43358623728459,21.008611557700313,8.760807317674844,-10.191371958765405,19.20400669692729,-5.876325062491999,19.616585341789307,44.7664954749173,-1.9613404158861418,14.064669867919111,-19.646247209192758,72.92415323770007,19.942672355882877,11.567223414215153,56.33721811042013,27.742201726227016,-29.02176571106735,-6.644688982514814,13.566501758040136,-31.425359069424495,36.00526676431744,-51.67706277764507,-26.094762211635967,6.976692342199155,-5.174756443259998,22.826148818136307,-58.06873601744883,-10.134981057024033,-20.65351697461244,-37.13181995783366,2.7483903205489337,-1.4951742810759738,-14.642550867095697,19.144718825443785,-10.08524907694974,5.463524076066383,11.20221879652449,-16.773947657458432,-1.5973827462436456
4.14038761254886,15.98811782410371,-20.82034958250651,-28.00062324408243,10.138877591928665,-12.2384996914322,11.19787112596362,4.9018751795423166,-5.230186266946163,9.58655743319212,-2.786252916745198,9.654553534159138,22.712638671477475,-0.9793001485261529,7.230330054899349,-10.693859556342884,36.44500792832379,9.647043747357216,5.687254081014126,27.742201726227016,14.207360066434376,-14.254236823190496,-3.612218549424513,7.073550128196348,-15.349925688893476,18.03407769384632,-26.112903772466197,-13.223695314862537,3.978431876609223,-2.365335672205675,11.235008831568022,-29.416929735711065,-4.907709394102738,-10.455582906926105,-18.50123820053485,1.056705103265664,-0.385771856347273,-7.605482678683686,9.574903045594791,-5.086121028127919,2.8061585187040583,5.44141323798075,-8.454322171592942,-0.6706637688897146
-3.7753498280005022,-17.054522314576378,21.64531577367266,29.067202496033847,-10.571968898032678,12.756661112246324,-10.945760869843767,-4.541968791032707,5.238239353120165,-9.821427433018698,2.988065960056867,-10.178721903960176,-23.01206432814041,1.1156063766856639,-7.360817565155889,10.142841946378608,-37.758722346635246,-10.27367856473246,-6.163385456597311,-29.02176571106735,-14.254236823190496,15.110932047504281,3.353077944392139,-7.045746914391224,16.155825713564813,-18.626445410017666,26.529582293725817,13.49926169907246,-3.644493999064868,2.6300309250573637,-11.676799395116337,29.885908049431546,5.061320119696808,10.719882107986384,19.106059622812115,-1.4954596738496093,0.7491431344302192,7.722851850152892,-9.935210050088534,5.1975709820298235,-2.7136956821408966,-5.776250385210097,8.78869994298391,0.6557735697439151
-1.3030279685066792,-3.4790784045976406,4.707291590147127,6.6813998510435555,-2.107963382697642,3.0840505287562867,-2.5827714686289194,-1.1579268746309201,1.3184110655046757,-2.113956994573285,0.5506782921239017,-2.1708377486143813,-5.345617981777026,0.011467469767996275,-1.4659330261919656,2.993138578278205,-8.533777414025286,-2.057296474334255,-1.1756720154053315,-6.644688982514814,-3.612218549424513,3.353077944392139,1.1580554752219943,-1.6735154476438852,3.736243753840987,-4.2301260016295545,6.389759775720549,3.207983165477513,-1.0865646967219493,0.44137660359656783,-2.743484806160668,7.165462226432854,1.0203430612655735,2.4458845546696923,4.4419088489855625,-0.030952525145499267,0.1893095942460836,1.85817057524955,-2.2370517016704405,1.1524765400740142,-0.6755282640243895,-1.073781367663784,1.721000292531699,-0.0035872120286760687
2.1049634811800257,8.11784491455306,-10.541149097760194,-13.861642754812559,5.361371662168932,-6.003591486377483,6.178625395030662,2.787045906416847,-2.620849771164705,4.9631303775578886,-1.3975123327640664,4.879908292017455,11.640703623444404,-0.7592913291656601,4.023403734089547,-5.447348504596456,18.42809995170319,4.885223054836271,2.994867259643043,13.566501758040136,7.073550128196348,-7.045746914391224,-1.6735154476438852,3.775141917473262,-7.342237155615824,9.127673794989644,-13.045788787128059,-6.735808809901771,2.1849156079721865,-1.1503143914405658,5.413833731634508,-14.7901561991202,-2.4488572428591517,-5.349378338192617,-9.187174895332369,0.5776806766443805,0.18696605543291359,-4.00059338244587,4.858961538505392,-2.6495097405074355,1.403362437284533,2.8634032016124977,-4.616805835362029,-0.37480482445312074
-3.9097339085645113,-18.134408354115077,23.23225529536939,31.349926670791483,-11.11646305394887,13.618807561738128,-11.212012284687193,-4.593502529279465,5.6290972103822705,-10.518629238374407,3.25967916827883,-10.846435834337981,-24.572354250688644,0.918852056569727,-7.516535595988034,10.747994946723626,-40.263641983539046,-11.02952873540302,-6.33313047586655,-31.425359069424495,-15.349925688893476,16.155825713564813,3.736243753840987,-7.342237155615824,17.644238803586806,-19.868358678072845,28.592172003558193,14.363147683551245,-3.7043001718562243,2.9008146786629663,-12.777583259707129,32.069097964537036,5.612762621962895,11.353688196791063,20.605085207979045,-1.5222960968227828,1.0981407072583194,7.974384699740873,-10.559770307809567,5.511460340365344,-3.0085336052604097,-6.123501448793158,9.042216196737044,0.8520643437181742
4.856163270890598,21.263864356869178,-27.3330201031382,-36.3188759026922,13.541147673226238,-15.692238205052375,14.476750124152428,6.236361534649683,-6.650052303758787,12.611895356806789,-3.772939188534756,12.725491142597123,29.407897987087804,-1.5684108213805996,9.662671327710568,-13.099703643965833,47.46167069111641,12.875973562834965,7.66558402321093,36.00526676431744,18.03407769384632,-18.626445410017666,-4.2301260016295545,9.127673794989644,-19.868358678072845,23.460444849956854,-33.52805438258008,-17.039402107886502,4.879511617536866,-3.25227137720857,14.49438998681865,-37.818761229439104,-6.529267828661271,-13.59307745818479,-23.942158754408652,1.73662777960345,-0.46486054958398365,-9.773922732295505,12.4747416684276,-6.660903679535024,3.580712481895688,7.361363026387465,-11.331574301576925,-1.053383757996643
-7.179331462484576,-30.078175523810387,39.03230344661239,52.10624432566796,-19.112327507114333,22.497026613218015,-20.603187344868946,-8.926915755846522,9.616620480945487,-18.038378424290595,5.350789153299251,-18.065924684158663,-42.21863229275154,1.9776675524403826,-13.52894459537739,19.17569754416985,-67.77924655283476,-18.269674976401284,-10.631508976526582,-51.67706277764507,-26.112903772466197,26.529582293725817,6.389759775720549,-13.045788787128059,28.592172003558193,-33.52805438258008,48.36568827747661,24.48418200358795,-7.09140356836027,4.60301801105267,-20.928689315012605,54.42785861778532,9.393601957633527,19.355696284391048,34.403677135934366,-2.2343162995864314,0.7184280407977767,13.926095205757612,-17.806528205418115,9.489583034307515,-5.226756504061571,-10.383050055405018,15.886457686062625,1.5244807134869967
-3.7263771984250997,-15.320678144176892,19.764045473137184,26.348218378543056,-9.743054287624341,11.489472032608807,-10.663605638530852,-4.599188009217678,4.867746176462983,-9.151504122688703,2.6604037446226245,-9.174665967316043,-21.4506794377153,1.1341901534844534,-6.953477895115047,9.8090849907037,-34.469360886635776,-9.2618219571000715,-5.468326638567187,-26.094762211635967,-13.223695314862537,13.49926169907246,3.207983165477513,-6.735808809901771,14.363147683551245,-17.039402107886502,24.48418200358795,12.577263945955254,-3.712538015119305,2.2813676746324028,-10.5065180391471,27.583934718778863,4.614963136030772,9.801253843957271,17.420451367442,-1.1757010310463103,0.17760334312604514,7.263688780650889,-9.092099103768074,4.832930667237014,-2.5537671759900578,-5.29606304709911,8.207700816163426,0.6455847006973577
1.5255291092324588,4.06388485534684,-5.4129113295053735,-7.24884854895348,2.7735949997713587,-3.2942061289115236,3.692720882942181,1.7804226993981582,-1.47853526284522,2.5719421670457154,-0.6217426469942807,2.5033847474097626,6.342344453544872,-0.3939293150699263,2.233079829727722,-3.4776096955405786,9.814133753131573,2.3665654922476334,1.569666882510954,6.976692342199155,3.978431876609223,-3.644493999064868,-1.0865646967219493,2.1849156079721865,-3.7043001718562243,4.879511617536866,-7.09140356836027,-3.712538015119305,1.481985695631872,-0.45270973548152327,2.7630689383517524,-8.09337991843534,-1.1301466907409865,-2.9278582798765678,-4.845032733768226,0.11427596514223358,0.2936964445900908,-2.358996279597761,2.5997172695694952,-1.4161457798353894,0.752416118989232,1.3929836078556974,-2.482239984705065,-0.03706935607628285
-0.3675424378142946,-3.1356778229040088,3.985014511248484,5.1489999641581194,-1.9736009854070087,2.0606498168569733,-1.7506248420916104,-0.6876075788726146,0.8709724605408291,-1.8542382762507872,0.6319417051649404,-1.8312717802803478,-4.050130859987273,0.23251578972003362,-1.2985452132909865,1.4036251749205102,-6.592036644965495,-1.9780608542262852,-1.055444986506812,-5.174756443259998,-2.365335672205675,2.6300309250573637,0.44137660359656783,-1.1503143914405658,2.9008146786629663,-3.25227137720857,4.60301801105267,2.2813676746324028,-0.45270973548152327,0.5884521850794769,-2.1115482724913233,5.1305299088869845,1.0920185717533382,1.8261314209587123,3.3720953132138423,-0.37836153036182796,0.1674736589750584,1.1761193052790522,-1.7258192309699392,0.9234978509667503,-0.5210349550522213,-1.147682130785238,1.576794575800977,0.31693562871802666
2.8582138470838045,13.170015380986388,-16.993917964142803,-22.827307767047916,8.157931699959315,-9.827651414331822,8.32353981049612,3.460041340578754,-4.122274607701005,7.758068849382019,-2.387773669295353,7.883244435521394,18.057775153993827,-0.6951807909942613,5.548399246755329,-7.914749256324495,29.345435049991522,8.046230140987884,4.553257109957644,22.826148818136307,11.235008831568022,-11.676799395116337,-2.743484806160668,5.413833731634508,-12.777583259707129,14.49438998681865,-20.928689315012605,-10.5065180391471,2.7630689383517524,-2.1115482724913233,9.300657565406965,-23.462667235397667,-4.160347755822745,-8.280618240539988,-15.028024071407444,1.0666693285954263,-0.6807823180938206,-5.808926415716365,7.69389159105016,-4.051578637679159,2.246761905156475,4.496651027535552,-6.638283520731256,-0.7044235620045276
-8.179065925417895,-33.90929871408455,43.94382014658484,58.623624353290055,-21.613040662200632,25.36675185548617,-23.462229360883235,-10.211139647705332,10.843623418915724,-20.30197875672456,5.9990847542494254,-20.38065232797652,-47.601267895466115,2.315282313767988,-15.426177526858808,21.717649633314334,-76.45372073109743,-20.541495072385928,-12.107728040573443,-58.06873601744883,-29.416929735711065,29.885908049431546,7.165462226432854,-14.7901561991202,32.069097964537036,-37.818761229439104,54.42785861778532,27.583934718778863,-8.09337991843534,5.1305299088869845,-23.462667235397667,61.345242892535126,10.504800513613041,21.921375803111836,38.69920490859976,-2.5100930320133332,0.721227064307066,15.795180533654364,-20.081145969970585,10.729457997942259,-5.876486282219246,-11.690418150350935,18.037425470364234,1.6583351801217319
-0.9382603580615049,-6.056995986840681,7.952122807928069,10.218331635159597,-3.970452376542426,4.02201486555822,-3.876967188205518,-1.6732480858627141,1.8159580817236445,-3.7796163407656955,1.228178254146906,-3.5888756176557317,-8.351398631171866,0.4570939771192727,-2.7386008950660123,3.203415173911498,-13.17390383522235,-3.837215889767299,-2.018706776437448,-10.134981057024033,-4.907709394102738,5.061320119696808,1.0203430612655735,-2.4488572428591517,5.612762621962895,-6.529267828661271,9.393601957633527,4.614963136030772,-1.1301466907409865,1.0920185717533382,-4.160347755822745,10.504800513613041,2.21677813318589,3.738698717672067,6.7340493578683605,-0.5795772008314465,0.14034140433385772,2.4075915876425236,-3.4315804487884654,1.9035264253401882,-1.1496224818211367,-2.25144109859478,3.1938128603075553,0.6904538564141213
-2.9203824635705775,-12.248549083519809,15.754990103924262,20.913789214444662,-7.887142415545481,9.061087126433998,-8.604473119714532,-3.785769578102007,3.868241048090604,-7.266397875444341,2.158163584245745,-7.361907809344546,-17.050863636730977,0.9475720294030641,-5.757620374128455,7.733342575366806,-27.483089135899835,-7.370172679990818,-4.52714820534679,-20.65351697461244,-10.455582906926105,10.719882107986384,2.4458845546696923,-5.349378338192617,11.353688196791063,-13.59307745818479,19.355696284391048,9.801253843957271,-2.9278582798765678,1.8261314209587123,-8.280618240539988,21.921375803111836,3.738698717672067,7.989589150222584,13.7764342157505,-0.9544497664928675,0.21345910332382062,5.709182407538857,-7.207353295258534,3.880321021588793,-2.099910188594178,-4.224513528901891,6.644156256617509,0.5855503439287911
-4.893910306006665,-21.689528467989437,27.960453398172024,37.32840507044911,-13.658430536978452,16.11201443844662,-14.387446921562535,-6.114814702615293,6.806608885375304,-12.857409605756894,3.875477758550126,-12.984530473975484,-29.96946834265949,1.4091578974029386,-9.559209377500787,13.313913609969266,-48.450332872504354,-13.18692612901535,-7.662594267050816,-37.13181995783366,-18.50123820053485,19.106059622812115,4.4419088489855625,-9.187174895332369,20.605085207979045,-23.942158754408652,34.403677135934366,17.420451367442,-4.845032733768226,3.3720953132138423,-15.028024071407444,38.69920490859976,6.7340493578683605,13.7764342157505,24.609654021483756,-1.74288847814373,0.7043921097007466,9.841811044397955,-12.724956467557373,6.760229144759947,-3.677212352494711,-7.46861937730991,11.307271512027622,1.1002765566668886
-0.006254386146388403,1.8989392355822703,-2.1946575349741977,-2.702501197463894,1.1776487420530124,-1.0711535831493968,0.8639782473836013,0.266584513311718,-0.39033495507216864,1.0087669876981857,-0.38111491384176455,1.0554498377980168,2.0482294191261254,-0.2591840885597833,0.7738424663911242,-0.3970181346211811,3.5573303127908322,1.1868309405544808,0.7082600357232784,2.7483903205489337,1.056705103265664,-1.4954596738496093,-0.030952525145499267,0.5776806766443805,-1.5222960968227828,1.73662777960345,-2.2343162995864314,-1.1757010310463103,0.11427596514223358,-0.37836153036182796,1.0666693285954263,-2.5100930320133332,-0.5795772008314465,-0.9544497664928675,-1.74288847814373,0.3803031220719838,-0.08758859442633468,-0.6248430945354388,0.9457989744000926,-0.49585930400617834,0.20176488810915652,0.7211765076212562,-0.9835220190007965,-0.1771635959124819
0.05465319136644611,-0.5491165653215887,0.5429365825888751,1.2003728477658338,0.04496576681169432,0.6503703267982197,0.6410772222505338,0.47675959245013,0.11869122460161581,-0.013005080387027648,0.11603856334282814,-0.33812447157116987,-0.17548981103377004,-0.32944025079155825,0.3440997382459872,-0.058292248678323194,-1.011492981045537,-0.31950742113010655,-0.1256380353540766,-1.4951742810759738,-0.385771856347273,0.7491431344302192,0.1893095942460836,0.18696605543291359,1.0981407072583194,-0.46486054958398365,0.7184280407977767,0.17760334312604514,0.2936964445900908,0.1674736589750584,-0.6807823180938206,0.721227064307066,0.14034140433385772,0.21345910332382062,0.7043921097007466,-0.08758859442633468,0.7233266495987094,-0.07046777616858928,-0.22915895578782017,0.013588586941752216,-0.03654137323636777,-0.0020718004015714874,-0.2542484019777319,-0.07322303950132897
-2.4292250216611073,-8.691892138249793,11.105853817184238,14.878752058506596,-5.587164297895316,6.700338641260021,-6.471932935132418,-2.8664700949798605,2.8082515769108496,-5.124622718085159,1.4142596474495668,-5.2256222136923824,-12.277548722212629,0.7561259459839579,-4.162875866216855,5.941675163324274,-19.769939741216348,-5.131906549606382,-3.2858181884644804,-14.642550867095697,-7.605482678683686,7.722851850152892,1.85817057524955,-4.00059338244587,7.974384699740873,-9.773922732295505,13.926095205757612,7.263688780650889,-2.358996279597761,1.1761193052790522,-5.808926415716365,15.795180533654364,2.4075915876425236,5.709182407538857,9.841811044397955,-0.6248430945354388,-0.07046777616858928,4.42459005894491,-5.240726202520376,2.760202535789562,-1.382222544680856,-2.957398160115002,4.851736589408752,0.15256692899124583
2.596392659721641,11.329543558205541,-14.514182386477815,-19.300712668512215,7.19588957675934,-8.380035472395074,7.695521093537886,3.299417915915693,-3.5285698598164705,6.691715144173738,-1.993668295080507,6.76972811861328,15.61642770512484,-0.8557768847844909,5.12861882939409,-6.958691716572024,25.246191478410065,6.846858454980687,4.0943881783909415,19.144718825443785,9.574903045594791,-9.935210050088534,-2.2370517016704405,4.858961538505392,-10.559770307809567,12.4747416684276,-17.806528205418115,-9.092099103768074,2.5997172695694952,-1.7258192309699392,7.69389159105016,-20.081145969970585,-3.4315804487884654,-7.207353295258534,-12.724956467557373,0.9457989744000926,-0.22915895578782017,-5.240726202520376,6.650146038751598,-3.530115661717911,1.8688136170847929,3.9177033266245687,-6.043036232324685,-0.5175512682759132
-1.321113150300903,-6.042243294308261,7.817746267239944,10.234662369465072,-3.9362859000882104,4.331774630951466,-4.267408336474647,-1.867698279601358,1.88074319239977,-3.660002757588019,1.0912265003719477,-3.612942197853167,-8.432190717127355,0.5184864714934165,-2.8650727943709837,3.6947451800418354,-13.463408567875675,-3.686233179667209,-2.1743182755311246,-10.08524907694974,-5.086121028127919,5.1975709820298235,1.1524765400740142,-2.6495097405074355,5.511460340365344,-6.660903679535024,9.489583034307515,4.832930667237014,-1.4161457798353894,0.9234978509667503,-4.051578637679159,10.729457997942259,1.9035264253401882,3.880321021588793,6.760229144759947,-0.49585930400617834,0.013588586941752216,2.760202535789562,-3.530115661717911,1.9405781690563444,-1.0504651224507124,-2.14160282769932,3.3136144851746083,0.38165858735035285
0.6973212856420461,3.1700726271777295,-4.261470256992609,-5.558075325466622,2.1121806097084863,-2.24282874272696,2.2748479939598965,1.0417031120901405,-1.039975246318564,2.0253427347839508,-0.6196264511028844,1.9184347298019513,4.628851405154558,-0.2067467494392955,1.5195992725272103,-2.0347373344485233,7.204632953566545,1.9810102694292178,1.0749479550204513,5.463524076066383,2.8061585187040583,-2.7136956821408966,-0.6755282640243895,1.403362437284533,-3.0085336052604097,3.580712481895688,-5.226756504061571,-2.5537671759900578,0.752416118989232,-0.5210349550522213,2.246761905156475,-5.876486282219246,-1.1496224818211367,-2.099910188594178,-3.677212352494711,0.20176488810915652,-0.03654137323636777,-1.382222544680856,1.8688136170847929,-1.0504651224507124,0.6564931844465435,1.1484354606579965,-1.7155991460068003,-0.32026259088107956
1.1813906047093568,6.891944563692388,-8.812791145893568,-11.329670319038357,4.5064525844784,-4.657932502054046,4.586664852620339,1.957655257448947,-2.0141433816950434,4.165151767197507,-1.301090118505192,4.057365347148741,9.314077234291531,-0.6763349915073357,3.212091158530983,-3.673934751076333,14.890226375612462,4.264153546805796,2.44833150472052,11.20221879652449,5.44141323798075,-5.776250385210097,-1.073781367663784,2.8634032016124977,-6.123501448793158,7.361363026387465,-10.383050055405018,-5.29606304709911,1.3929836078556974,-1.147682130785238,4.496651027535552,-11.690418150350935,-2.25144109859478,-4.224513528901891,-7.46861937730991,0.7211765076212562,-0.0020718004015714874,-2.957398160115002,3.9177033266245687,-2.14160282769932,1.1484354606579965,2.530739555449736,-3.774684160639805,-0.5617534726080766
-2.213534154409341,-10.412552726624531,13.28418823854423,17.1273516863664,-6.936857813965976,7.249725447631159,-7.605422955951747,-3.3811758758355337,3.1429433167680716,-6.283689529506566,1.8608046921781325,-6.1781761852333235,-14.37482928051864,1.1578778877863747,-5.20250203855821,6.153950039193435,-22.901314881569014,-6.30756634762481,-3.909898659362114,-16.773947657458432,-8.454322171592942,8.78869994298391,1.721000292531699,-4.616805835362029,9.042216196737044,-11.331574301576925,15.886457686062625,8.207700816163426,-2.482239984705065,1.576794575800977,-6.638283520731256,18.037425470364234,3.1938128603075553,6.644156256617509,11.307271512027622,-0.9835220190007965,-0.2542484019777319,4.851736589408752,-6.043036232324685,3.3136144851746083,-1.7155991460068003,-3.774684160639805,5.985389789468168,0.6374779683531608
0.20484461223446207,-1.0942314595210187,1.5833283979202106,1.657339238513392,-0.8736769647571416,0.29165245566738723,-0.6466068188241478,-0.3049207009189217,0.25696146838656503,-0.8741229625254683,0.3468065683961262,-0.6160247071530002,-1.534648078926697,0.16062677985337756,-0.5866005992980688,0.15670933100007148,-2.0897724940750857,-0.8347041253285561,-0.24951541131396565,-1.5973827462436456,-0.6706637688897146,0.6557735697439151,-0.0035872120286760687,-0.37480482445312074,0.8520643437181742,-1.053383757996643,1.5244807134869967,0.6455847006973577,-0.03706935607628285,0.31693562871802666,-0.7044235620045276,1.6583351801217319,0.6904538564141213,0.5855503439287911,1.1002765566668886,-0.1771635959124819,-0.07322303950132897,0.15256692899124583,-0.5175512682759132,0.38165858735035285,-0.32026259088107956,-0.5617534726080766,0.6374779683531608,0.4697998667507429
