V1,V2,V3,V4,V5,V6,V7,V8,V9,V10,V11,V12,V13,V14,V15,V16,V17,V18,V19,V20,V21,V22,V23,V24,V25,V26,V27,V28,V29,V30,V31,V32,V33,V34,V35,V36,V37,V38,V39,V40,V41,V42,V43
229.98022792724606,12.523656724202143,366.0870852888306,147.18912104834325,44.56356153753191,-8.12383088667975,96.5028429688874,-140.14629848326396,143.00857330420706,80.17951953692953,330.0180043709009,48.88647622023905,-130.67569382947593,-421.1734788788666,140.09079830498544,80.07441391518788,40.83075661527001,-45.73189188364315,-56.18993414506265,258.82563686696835,129.4614690999503,149.20996612734044,-214.39785046823087,10.229886610186457,-205.97620871256706,-212.7665957250663,-272.7404554419105,189.48203387939336,-224.7311182320982,-298.4599511579527,20.028677656435537,-300.7044544415187,272.8730845544324,-4.270264276750938,206.68571320307848,-33.902988444651704,133.25556970050704,74.58501793124903,9.917873452420872,389.064350204408,-110.14770174296605,-277.928504033577,-106.22620858533803
12.523656724202143,0.705887951075083,19.852642810359868,7.901588431993577,2.2763013897746114,-0.6097865102458379,5.091946937796969,-7.791363509513064,7.608586253811086,4.454328526236321,17.960152349970304,2.6967605957474245,-6.9990346202909235,-22.882014050430506,7.570922582310147,4.294128096777633,2.089365820934809,-2.4253908147961605,-2.929677991828599,14.082007469841733,6.892090659916762,8.056017886888002,-11.522305546503166,0.6313213802651687,-11.237923739845266,-11.607309933806881,-14.493308725789161,10.349171257238872,-12.124233454860175,-15.979667697755811,1.01039961621886,-16.303822820381797,14.805953293469013,-0.270796405186742,11.083409621387887,-2.005821001964492,7.108327991664826,3.875623783966332,0.5005819533235631,20.750198281043684,-5.983821036618038,-14.935048048380649,-5.633167242748243
366.0870852888306,19.852642810359868,583.0312250668516,234.69205717714948,71.45794665342204,-12.352062721205296,154.18004480048148,-222.5348882304824,228.26365834992134,127.32619403444247,525.3676411548647,77.6985449650605,-208.41713496411913,-670.6162892527944,223.19932386943705,127.6937837407868,65.45945528199353,-73.0218369274241,-89.89494875661119,412.04684505924376,206.62564783520645,237.7552353168267,-341.81186068012033,16.027070089791216,-327.8028830530727,-338.6133159971336,-435.39625617806286,301.5144309922775,-358.1247276165337,-476.03999751561594,32.15995077151089,-478.91366886873004,434.5498331984602,-6.665033731946657,329.60105514137337,-53.41480065616109,212.6318501545254,119.36966670225515,15.924258779235293,620.8315346651802,-175.3848251399127,-443.1034016914812,-169.61727632549932
147.18912104834325,7.901588431993577,234.69205717714948,94.74255830279262,29.23618805584748,-4.403337578154353,62.53834993450036,-88.93559771476058,92.3777311148865,50.8964236559616,211.2668636913757,31.123030568553276,-84.18961579736593,-269.806958202207,89.93385749739517,51.5637507174602,26.76953209397911,-29.577623209183095,-36.58093671733084,165.70954718634405,83.60659598626968,95.82493382226616,-137.94292385463805,6.19419008952103,-131.72457208569745,-136.07235400733074,-176.2624519042731,121.1232707638054,-144.36974454112888,-192.3151735125259,13.200138936225924,-192.79149953931068,174.89499073014525,-2.551101539347431,133.09707199409524,-20.939243787094256,85.98909642802755,48.61904440597037,6.535386910103325,251.07951387034745,-70.5633810290126,-178.8257567498651,-68.7056067309079
44.56356153753191,2.2763013897746114,71.45794665342204,29.23618805584748,9.581660995790513,-0.5207462608238066,19.726166350561734,-26.151697571331656,28.837365375318132,14.981894443663613,64.01786400256692,9.254855251436469,-26.05721496148257,-81.94572584069992,27.509096524541754,15.933671361808742,8.7555848173941,-9.27028150260832,-11.707114570703633,50.231239125507535,26.07881296690265,29.348516167533187,-42.50577300046818,1.5150457579537495,-39.77753863890262,-41.09578556497572,-55.10761166734689,36.52201492310457,-44.26119695876907,-59.55141675759118,4.386070107205443,-58.71562179949989,53.211286197730104,-0.5867152214057745,41.1304769985862,-5.564999447514748,26.753432674096217,15.622438217190114,2.1704008929158127,78.13599774773436,-21.433486792921652,-55.11095384982344,-21.53645995572064
-8.12383088667975,-0.6097865102458379,-12.352062721205296,-4.403337578154353,-0.5207462608238066,1.4594290046702394,-2.266149131795406,6.0686986751815555,-3.7979223199696945,-3.4495793286325167,-11.579803127101053,-1.9694583133701329,3.7967717611122827,14.505353254813423,-4.543998943891721,-2.363813879863913,-0.5032354822863405,1.1604901853431515,1.0731585439196054,-9.055650064284977,-3.4679854115956124,-4.785488021477493,6.503058641449178,-0.8813454520988431,7.425845754697372,7.662935289747537,7.120709969063213,-6.909344633897511,7.142858906318071,8.630137096142667,-0.14536145318407445,10.123741952401872,-9.264681967856587,0.41877815781552025,-6.098103323522629,2.3154778988018028,-3.669399276192373,-1.3324436494179956,-0.07360419246415431,-10.686395121825896,3.790699677797407,8.41914807855505,2.6917692878587927
96.5028429688874,5.091946937796969,154.18004480048148,62.53834993450036,19.726166350561734,-2.266149131795406,41.60764703875827,-57.71749723458812,61.230267908400336,33.04275764181069,138.55585622137312,20.276992731031264,-55.63175053194692,-177.09289552026638,59.17831851044185,34.053266832517544,18.048388915087063,-19.633130710681385,-24.466636564498643,108.69167813222073,55.40088655330199,63.08344779573711,-91.00746076780983,3.7858092520574447,-86.28430201753774,-89.13635024582564,-116.89544849533962,79.29865921375736,-95.075619805274,-127.1020312633601,8.95217471134855,-126.6654097997106,114.86607031291192,-1.5307237564469445,87.90050889562133,-13.13663241249261,56.927264545887134,32.5660568625811,4.43139700434879,166.2361081430475,-46.31709479393817,-117.9855374008947,-45.607637207325865
-140.14629848326396,-7.791363509513064,-222.5348882304824,-88.93559771476058,-26.151697571331656,6.0686986751815555,-57.71749723458812,86.46931218101685,-85.95149377316798,-49.448857329749316,-201.03356470335078,-30.02200042644633,78.85040591918563,256.30147033951334,-84.9832720649108,-48.35285991156338,-23.986034458821827,27.43441235010753,33.371775704689206,-157.64115032672626,-77.83782281684024,-90.46343957762035,129.62986860297656,-6.729832210854717,125.66161888451867,129.79692365332812,163.8065185613331,-115.67340736335419,136.18886269708744,180.05265360950412,-11.669061134709873,182.7692422025936,-165.927563154331,2.8577578609043632,-124.80382365399187,21.726057008683156,-80.21415593102877,-44.20903208831836,-5.779871010233897,-234.17426837473474,67.02674048745135,168.03156441945924,63.72110809988001
143.00857330420706,7.608586253811086,228.26365834992134,92.3777311148865,28.837365375318132,-3.7979223199696945,61.230267908400336,-85.95149377316798,90.2676097869349,49.19791308609249,205.29820898655692,30.139663610776978,-82.13405109776127,-262.29623636385236,87.54524864034275,50.28960825142604,26.393930188219564,-28.923930149239723,-35.91546272853066,161.03866532687857,81.6847160123361,93.30205797770385,-134.46351232752963,5.805232350198148,-127.92183720834096,-132.14727556178102,-172.2859518483472,117.59454359223339,-140.59521055555697,-187.63654531852407,13.055513749646968,-187.51990509913438,170.08086482834292,-2.3688752986079913,129.80958689419393,-19.886537696311514,83.97194361034036,47.771635063137154,6.463151759539835,245.2006281129536,-68.60022642552593,-174.3195747942013,-67.18870321260964
80.17951953692953,4.454328526236321,127.32619403444247,50.8964236559616,14.981894443663613,-3.4495793286325167,33.04275764181069,-49.448857329749316,49.19791308609249,28.27856938146844,115.0153922862741,17.17135549430526,-45.12697792193013,-146.64051490744853,48.62778365894224,27.67217822415352,13.740686379049164,-15.704277531209602,-19.109838929266623,90.19021323875135,44.55313722202814,51.76455727963429,-74.18335862755679,3.8402735617237322,-71.88976614500288,-74.25566156242563,-93.76384700217261,66.17411536247707,-77.93060898123463,-103.04699344604774,6.686782578955508,-104.5741700193782,94.936486634645,-1.6298357781608506,71.42486197481446,-12.4083733966576,45.911367813627045,25.317456441080424,3.3120024248202165,134.03251939579698,-38.34880708661236,-96.15974092163705,-36.47592821212224
330.0180043709009,17.960152349970304,525.3676411548647,211.2668636913757,64.01786400256692,-11.579803127101053,138.55585622137312,-201.03356470335078,205.29820898655692,115.0153922862741,473.57580121170406,70.13522863324575,-187.57190442105994,-604.4019953776076,201.0549165661115,114.9363476449895,58.65377107488141,-65.65471951899288,-80.6921436431655,371.41649241307533,185.84847153812325,214.1461432606153,-307.7285398626815,14.645242607970756,-295.5626764256314,-305.3069656539538,-391.54498433920475,271.8894087455174,-322.5383855639846,-428.41219747409565,28.778114127326514,-431.53921514696214,391.5933988287026,-6.10999305738259,296.67053131589233,-48.57611830383457,191.28848133100317,107.11469228286083,14.250356182070725,558.5039847585532,-158.06685272451048,-398.91578726755824,-152.5032846498669
48.88647622023905,2.6967605957474245,77.6985449650605,31.123030568553276,9.254855251436469,-1.9694583133701329,20.276992731031264,-30.02200042644633,30.139663610776978,17.17135549430526,70.13522863324575,10.441909496164834,-27.60798170290162,-89.45106605211771,29.695144795155844,16.92511345691495,8.485029568504528,-9.62701385617141,-11.755551412442733,55.00006579540937,27.290727136090567,31.616884603121218,-45.35268537659879,2.2821288394563073,-43.81500084973939,-45.25783732035204,-57.455852570415004,40.32254831055124,-47.60607220096113,-63.04733257489539,4.1411604258550865,-63.817077192031974,57.92669720320156,-0.9631574687080524,43.68591635507997,-7.4379815463466805,28.111169554432816,15.584973241584718,2.0509536368533343,82.07018149948064,-23.393183165247205,-58.78940304595376,-22.360866540774055
-130.67569382947593,-6.9990346202909235,-208.41713496411913,-84.18961579736593,-26.05721496148257,3.7967717611122827,-55.63175053194692,78.85040591918563,-82.13405109776127,-45.12697792193013,-187.57190442105994,-27.60798170290162,74.8228743036864,239.57253055395873,-79.88282945844662,-45.82332764742654,-23.85633519968725,26.302923823929927,32.56437299712636,-147.12664260714678,-74.33270171016638,-85.120745628716,122.56960768865117,-5.449349138139535,116.93176035166125,120.79203667779808,156.72852998924952,-107.51349131926139,128.24900286688887,170.92258159702885,-11.773135706057513,171.2097011617862,-155.30910505534027,2.2391726442189688,-118.28013247818363,18.482741385048843,-76.44144511385383,-43.28937256311471,-5.828751601528933,-223.2038903711892,62.65633869119813,158.89720636461286,61.09920791506191
-421.1734788788666,-22.882014050430506,-670.6162892527944,-269.806958202207,-81.94572584069992,14.505353254813423,-177.09289552026638,256.30147033951334,-262.29623636385236,-146.64051490744853,-604.4019953776076,-89.45106605211771,239.57253055395873,771.4327175737408,-256.68322007638864,-146.7915252599831,-75.07336809490671,83.8953601536691,103.19265370585676,-474.02707282375366,-237.43962140330848,-273.4091747117703,392.9765238021473,-18.569399032782634,377.1662074244579,389.602639388021,500.2802030447833,-346.93866257196174,411.81308681658123,547.1907529175305,-36.857895530663654,550.8522437601725,-499.8439810316512,7.7352784110176485,-378.89500102934994,61.733248106502,-244.36654150149602,-137.00438992230897,-18.25091161864247,-713.482041144933,201.75040142285928,509.4273080498066,194.87366771424453
140.09079830498544,7.570922582310147,223.19932386943705,89.93385749739517,27.509096524541754,-4.543998943891721,59.17831851044185,-84.9832720649108,87.54524864034275,48.62778365894224,201.0549165661115,29.695144795155844,-79.88282945844662,-256.68322007638864,85.47491661231825,48.93711556622301,25.19581532432041,-28.014238025647415,-34.542282307295274,157.69182973735028,79.24185117690125,91.05758840450592,-130.9682240975894,6.052023233365358,-125.41717596294667,-129.55443597265466,-167.00521748004465,115.34704482093616,-137.16785014747185,-182.46471230832378,12.394309898113338,-183.34390705712067,166.34784195180475,-2.5087422958988244,126.31617226209447,-20.266000259040847,81.5297372434444,45.88227729070175,6.136876203301312,238.0505587810953,-67.13025662421265,-169.7806715642281,-65.07288677336163
80.07441391518788,4.294128096777633,127.6937837407868,51.5637507174602,15.933671361808742,-2.363813879863913,34.053266832517544,-48.35285991156338,50.28960825142604,27.67217822415352,114.9363476449895,16.92511345691495,-45.82332764742654,-146.7915252599831,48.93711556622301,28.06448597801975,14.588661124720128,-16.103239939905514,-19.925563502719253,90.15232654786716,45.51388144808959,52.144187791918164,-75.07320910059055,3.3557276620949703,-71.6572751444976,-74.02264991389885,-95.95898139116566,65.88812436098529,-78.56212099794762,-104.67579620727076,7.196392060595696,-104.8966806517418,95.1571920794476,-1.3806151853445086,72.44053199582295,-11.361222655146229,46.80819784394903,26.485141321201876,3.562893778803215,136.67595388188457,-38.390878728404715,-97.3233228989265,-37.406181230711894
40.83075661527001,2.089365820934809,65.45945528199353,26.76953209397911,8.7555848173941,-0.5032354822863405,18.048388915087063,-23.986034458821827,26.393930188219564,13.740686379049164,58.65377107488141,8.485029568504528,-23.85633519968725,-75.07336809490671,25.19581532432041,14.588661124720128,8.001261464057027,-8.48363782865662,-10.706186570589333,46.021751529217624,23.869753044100566,26.879387481099496,-38.92151552141215,1.3997283024386442,-36.44897610880022,-37.656751007117485,-50.43563656496124,33.467620364744675,-40.53600965321364,-54.52059207396035,4.006147453046809,-53.78629890089262,48.745771486084024,-0.5435396456045857,37.65846068440903,-5.123764401821518,24.4893724772306,14.284840669036598,1.9824517921375708,71.52299042489388,-19.635896915372395,-50.46353360901327,-19.7088769841916
-45.73189188364315,-2.4253908147961605,-73.0218369274241,-29.577623209183095,-9.27028150260832,1.1604901853431515,-19.633130710681385,27.43441235010753,-28.923930149239723,-15.704277531209602,-65.65471951899288,-9.62701385617141,26.302923823929927,83.8953601536691,-28.014238025647415,-16.103239939905514,-8.48363782865662,9.270381267591231,11.527208879392694,-51.501645472597005,-26.172408430412805,-29.8588850836776,43.048632399979404,-1.8324596010215222,40.9004802317355,42.25183423541365,55.21015743128419,-37.59492636762641,44.9967931197906,60.091346859212805,-4.200853019225043,59.98887750539177,-54.40643453332559,0.7451822129688732,-41.56648904635397,6.307887361195814,-26.900720804796403,-15.336622945876622,-2.0795626229603896,-78.5521585895328,21.941891676948284,55.80909181365235,21.534758658255146
-56.18993414506265,-2.929677991828599,-89.89494875661119,-36.58093671733084,-11.707114570703633,1.0731585439196054,-24.466636564498643,33.371775704689206,-35.91546272853066,-19.109838929266623,-80.6921436431655,-11.755551412442733,32.56437299712636,103.19265370585676,-34.542282307295274,-19.925563502719253,-10.706186570589333,11.527208879392694,14.437540638558398,-63.30533196229116,-32.49001514451179,-36.8330375038802,53.21506429830611,-2.095085819382377,50.208566993239074,51.869791977644354,68.59187927772831,-46.12719710499944,55.52606325478074,74.40853242489707,-5.330612197141789,73.85715456999174,-66.96078015674777,0.8349893966853881,-51.43384678324573,7.414096227275803,-33.36460946795815,-19.235566399558802,-2.638379409714049,-97.43522650482977,26.989722852871736,68.99229820490788,26.778419357265218
258.82563686696835,14.082007469841733,412.04684505924376,165.70954718634405,50.231239125507535,-9.055650064284977,108.69167813222073,-157.64115032672626,161.03866532687857,90.19021323875135,371.41649241307533,55.00006579540937,-147.12664260714678,-474.02707282375366,157.69182973735028,90.15232654786716,46.021751529217624,-51.501645472597005,-63.30533196229116,291.29547391585646,145.78136513591926,167.96077178862302,-241.3683610349375,11.47434228990191,-231.79976123779338,-239.442044301737,-307.13585915670717,213.2318803460255,-252.97726706478252,-336.0365887100147,22.58255185488614,-338.4575236481232,307.126166092128,-4.78595791679066,232.69877186459522,-38.07223369551691,150.0463379684878,84.03664387544745,11.182393121900903,438.0901224457382,-123.97048431908064,-312.89176293343775,-119.62849846709138
129.4614690999503,6.892090659916762,206.62564783520645,83.60659598626968,26.07881296690265,-3.4679854115956124,55.40088655330199,-77.83782281684024,81.6847160123361,44.55313722202814,185.84847153812325,27.290727136090567,-74.33270171016638,-237.43962140330848,79.24185117690125,45.51388144808959,23.869753044100566,-26.172408430412805,-32.49001514451179,145.78136513591926,73.91865620285773,84.45127084502447,-121.69863877121387,5.268539643439539,-115.80770487903551,-119.63280072348743,-155.90145599046522,106.46039180428473,-127.25647743642057,-169.8131902689509,11.804468038785147,-169.7435905535893,153.95969514369375,-2.151291746359925,117.4822028917233,-18.03114830173079,75.99093131316793,43.213121438768646,5.843860417852681,221.89514782871416,-62.09922402828174,-157.77081431939766,-60.79697432251626
149.20996612734044,8.056017886888002,237.7552353168267,95.82493382226616,29.348516167533187,-4.785488021477493,63.08344779573711,-90.46343957762035,93.30205797770385,51.76455727963429,214.1461432606153,31.616884603121218,-85.120745628716,-273.4091747117703,91.05758840450592,52.144187791918164,26.879387481099496,-29.8588850836776,-36.8330375038802,167.96077178862302,84.45127084502447,97.00746391950722,-139.54317188077556,6.42192006099555,-133.57424906015441,-137.9809812429924,-177.99281470781804,122.84554466242363,-146.1336113012712,-194.43080558560754,13.22711602098548,-195.30172270258765,177.19351069860693,-2.6596477156636724,134.59441307235937,-21.533478704719258,86.88498554678776,48.92925875633337,6.549209301547602,253.68801700665972,-71.5046826397042,-180.89729223247977,-69.35792174451633
-214.39785046823087,-11.522305546503166,-341.81186068012033,-137.94292385463805,-42.50577300046818,6.503058641449178,-91.00746076780983,129.62986860297656,-134.46351232752963,-74.18335862755679,-307.7285398626815,-45.35268537659879,122.56960768865117,392.9765238021473,-130.9682240975894,-75.07320910059055,-38.92151552141215,43.048632399979404,53.21506429830611,-241.3683610349375,-121.69863877121387,-139.54317188077556,200.84839849370087,-9.062078151932978,191.88336947205286,198.21622295406246,256.55551466748875,-176.44638443492317,210.2306647942582,279.98380467015,-19.184780466938452,280.7850940258135,-254.72616808205922,3.736337764021867,-193.77977334275187,30.585386880045906,-125.17415917109452,-70.72025396030321,-9.498539529271815,-365.49388147475537,102.77602780806276,260.37400404014153,99.9970244624717
10.229886610186457,0.6313213802651687,16.027070089791216,6.19419008952103,1.5150457579537495,-0.8813454520988431,3.7858092520574447,-6.729832210854717,5.805232350198148,3.8402735617237322,14.645242607970756,2.2821288394563073,-5.449349138139535,-18.569399032782634,6.052023233365358,3.3557276620949703,1.3997283024386442,-1.8324596010215222,-2.095085819382377,11.47434228990191,5.268539643439539,6.42192006099555,-9.062078151932978,0.685662725114519,-9.22865373734745,-9.529481113003667,-11.017170076657445,8.524300268268583,-9.643577992320823,-12.42771527037624,0.6415912889812309,-13.154800567336379,11.971818309139557,-0.30878003938640586,8.6602449808884,-2.003855265403916,5.467202487934522,2.740129448603339,0.3184449153282345,15.950477709778324,-4.855110287829626,-11.742522286169153,-4.254755969914853
-205.97620871256706,-11.237923739845266,-327.8028830530727,-131.72457208569745,-39.77753863890262,7.425845754697372,-86.28430201753774,125.66161888451867,-127.92183720834096,-71.88976614500288,-295.5626764256314,-43.81500084973939,116.93176035166125,377.1662074244579,-125.41717596294667,-71.6572751444976,-36.44897610880022,40.9004802317355,50.208566993239074,-231.79976123779338,-115.80770487903551,-133.57424906015441,191.88336947205286,-9.22865373734745,184.49677383611413,190.57807456636206,243.95194277804785,-169.73262514622397,201.1732420126005,267.0638273869125,-17.866302412863924,269.25492326124333,-244.3442799628578,3.858825302129385,-184.9592261371046,30.50735897578391,-119.21442431964752,-66.63372862094892,-8.84732706599098,-348.0651406286559,98.63829433732296,248.74110249002194,95.003305550031
-212.7665957250663,-11.607309933806881,-338.6133159971336,-136.07235400733074,-41.09578556497572,7.662935289747537,-89.13635024582564,129.79692365332812,-132.14727556178102,-74.25566156242563,-305.3069656539538,-45.25783732035204,120.79203667779808,389.602639388021,-129.55443597265466,-74.02264991389885,-37.656751007117485,42.25183423541365,51.869791977644354,-239.442044301737,-119.63280072348743,-137.9809812429924,198.21622295406246,-9.529481113003667,190.57807456636206,196.8598882307127,252.01082846909128,-175.32676389621403,207.81053415397943,275.88068173290765,-18.45898456565095,278.13469822211033,-252.40199249418464,3.984278305035323,-191.0646747842536,31.505750106181264,-123.1513938166789,-68.8389952094525,-9.140833972971057,-359.5598962407868,101.89073139151277,256.9505324636859,98.14225374921459
-272.7404554419105,-14.493308725789161,-435.39625617806286,-176.2624519042731,-55.10761166734689,7.120709969063213,-116.89544849533962,163.8065185613331,-172.2859518483472,-93.76384700217261,-391.54498433920475,-57.455852570415004,156.72852998924952,500.2802030447833,-167.00521748004465,-95.95898139116566,-50.43563656496124,55.21015743128419,68.59187927772831,-307.13585915670717,-155.90145599046522,-177.99281470781804,256.55551466748875,-11.017170076657445,243.95194277804785,252.01082846909128,328.83986092980547,-224.24921247640685,268.2209323698962,358.0531172269947,-24.95772464994209,357.68284431827755,-324.41080874637447,4.489824599534663,-247.6935774991214,37.81000461113016,-160.25652601702973,-91.24432706882489,-12.355200636843886,-467.9567191501462,130.8421821989216,332.60175400144334,128.2505614965372
189.48203387939336,10.349171257238872,301.5144309922775,121.1232707638054,36.52201492310457,-6.909344633897511,79.29865921375736,-115.67340736335419,117.59454359223339,66.17411536247707,271.8894087455174,40.32254831055124,-107.51349131926139,-346.93866257196174,115.34704482093616,65.88812436098529,33.467620364744675,-37.59492636762641,-46.12719710499944,213.2318803460255,106.46039180428473,122.84554466242363,-176.44638443492317,8.524300268268583,-169.73262514622397,-175.32676389621403,-224.24921247640685,156.15516929093073,-185.01065568697254,-245.55039356199504,16.398134798527362,-247.66029691729167,224.75271517740492,-3.5676768252109134,170.06787833153157,-28.138900229543136,109.59880069684556,61.211034308174064,8.12040767942722,319.98901422019554,-90.73285313587776,-228.72919382531464,-87.32493770971507
-224.7311182320982,-12.124233454860175,-358.1247276165337,-144.36974454112888,-44.26119695876907,7.142858906318071,-95.075619805274,136.18886269708744,-140.59521055555697,-77.93060898123463,-322.5383855639846,-47.60607220096113,128.24900286688887,411.81308681658123,-137.16785014747185,-78.56212099794762,-40.53600965321364,44.9967931197906,55.52606325478074,-252.97726706478252,-127.25647743642057,-146.1336113012712,210.2306647942582,-9.643577992320823,201.1732420126005,207.81053415397943,268.2209323698962,-185.01065568697254,220.14162641623983,292.9456638737661,-19.952956112883246,294.1792759070496,-266.8989464970604,3.9909985665771597,-202.78447197476527,32.370669261396586,-130.91825878312417,-73.76625475758388,-9.879289281439883,-382.2585115426063,107.70162504435284,272.53388747933104,104.52131662373095
-298.4599511579527,-15.979667697755811,-476.03999751561594,-192.3151735125259,-59.55141675759118,8.630137096142667,-127.1020312633601,180.05265360950412,-187.63654531852407,-103.04699344604774,-428.41219747409565,-63.04733257489539,170.92258159702885,547.1907529175305,-182.46471230832378,-104.67579620727076,-54.52059207396035,60.091346859212805,74.40853242489707,-336.0365887100147,-169.8131902689509,-194.43080558560754,279.98380467015,-12.42771527037624,267.0638273869125,275.88068173290765,358.0531172269947,-245.55039356199504,292.9456638737661,390.45065424470755,-26.909499814004132,391.05626046466915,-354.7353296049272,5.1047049487966145,-270.19146858311024,42.17443201285474,-174.62710582606698,-98.91802855002749,-13.322516056969913,-509.900408079369,143.1090534793832,362.9667577994472,139.5866462884394
20.028677656435537,1.01039961621886,32.15995077151089,13.200138936225924,4.386070107205443,-0.14536145318407445,8.95217471134855,-11.669061134709873,13.055513749646968,6.686782578955508,28.778114127326514,4.1411604258550865,-11.773135706057513,-36.857895530663654,12.394309898113338,7.196392060595696,4.006147453046809,-4.200853019225043,-5.330612197141789,22.58255185488614,11.804468038785147,13.22711602098548,-19.184780466938452,0.6415912889812309,-17.866302412863924,-18.45898456565095,-24.95772464994209,16.398134798527362,-19.952956112883246,-26.909499814004132,2.0137986285067337,-26.42688319331247,23.94362970768244,-0.243427181537405,18.576692134390214,-2.4165800967412214,12.102571332155092,7.119856595831336,0.9963963450359369,35.34871491110448,-9.64065893686132,-24.87487667992922,-9.759580181889866
-300.7044544415187,-16.303822820381797,-478.91366886873004,-192.79149953931068,-58.71562179949989,10.123741952401872,-126.6654097997106,182.7692422025936,-187.51990509913438,-104.5741700193782,-431.53921514696214,-63.817077192031974,171.2097011617862,550.8522437601725,-183.34390705712067,-104.8966806517418,-53.78629890089262,59.98887750539177,73.85715456999174,-338.4575236481232,-169.7435905535893,-195.30172270258765,280.7850940258135,-13.154800567336379,269.25492326124333,278.13469822211033,357.68284431827755,-247.66029691729167,294.1792759070496,391.05626046466915,-26.42688319331247,393.3898434234012,-356.9469420501835,5.469586156988501,-270.757624070744,43.85379465166571,-174.6758260779983,-98.0751253636025,-13.085484854732552,-510.009975119188,144.06322583861584,363.9923346805872,139.3440173969499
272.8730845544324,14.805953293469013,434.5498331984602,174.89499073014525,53.211286197730104,-9.264681967856587,114.86607031291192,-165.927563154331,170.08086482834292,94.936486634645,391.5933988287026,57.92669720320156,-155.30910505534027,-499.8439810316512,166.34784195180475,95.1571920794476,48.745771486084024,-54.40643453332559,-66.96078015674777,307.126166092128,153.95969514369375,177.19351069860693,-254.72616808205922,11.971818309139557,-244.3442799628578,-252.40199249418464,-324.41080874637447,224.75271517740492,-266.8989464970604,-354.7353296049272,23.94362970768244,-356.9469420501835,323.8852516377014,-4.981158253479384,245.61798544065994,-39.86923042660882,158.4398987275091,88.9113490640829,11.855952259562637,462.6033396053572,-130.72297985210588,-330.21045260913013,-126.37668001333302
-4.270264276750938,-0.270796405186742,-6.665033731946657,-2.551101539347431,-0.5867152214057745,0.41877815781552025,-1.5307237564469445,2.8577578609043632,-2.3688752986079913,-1.6298357781608506,-6.10999305738259,-0.9631574687080524,2.2391726442189688,7.7352784110176485,-2.5087422958988244,-1.3806151853445086,-0.5435396456045857,0.7451822129688732,0.8349893966853881,-4.78595791679066,-2.151291746359925,-2.6596477156636724,3.736337764021867,-0.30878003938640586,3.858825302129385,3.984278305035323,4.489824599534663,-3.5676768252109134,3.9909985665771597,5.1047049487966145,-0.243427181537405,5.469586156988501,-4.981158253479384,0.1405210158737695,-3.562850669550523,0.8849787915996732,-2.23714368065162,-1.0873056357715496,-0.12091864915585215,-6.525558050869226,2.022324944174949,4.841000909631575,1.7300408114277797
206.68571320307848,11.083409621387887,329.60105514137337,133.09707199409524,41.1304769985862,-6.098103323522629,87.90050889562133,-124.80382365399187,129.80958689419393,71.42486197481446,296.67053131589233,43.68591635507997,-118.28013247818363,-378.89500102934994,126.31617226209447,72.44053199582295,37.65846068440903,-41.56648904635397,-51.43384678324573,232.69877186459522,117.4822028917233,134.59441307235937,-193.77977334275187,8.6602449808884,-184.9592261371046,-191.0646747842536,-247.6935774991214,170.06787833153157,-202.78447197476527,-270.19146858311024,18.576692134390214,-270.757624070744,245.61798544065994,-3.562850669550523,186.9847560964498,-29.32211207211072,120.82286873062264,68.36632937757815,9.197222961342819,352.7925599685252,-99.09367902500898,-251.21203538646117,-96.55472154083115
-33.902988444651704,-2.005821001964492,-53.41480065616109,-20.939243787094256,-5.564999447514748,2.3154778988018028,-13.13663241249261,21.726057008683156,-19.886537696311514,-12.4083733966576,-48.57611830383457,-7.4379815463466805,18.482741385048843,61.733248106502,-20.266000259040847,-11.361222655146229,-5.123764401821518,6.307887361195814,7.414096227275803,-38.07223369551691,-18.03114830173079,-21.533478704719258,30.585386880045906,-2.003855265403916,30.50735897578391,31.505750106181264,37.81000461113016,-28.138900229543136,32.370669261396586,42.17443201285474,-2.4165800967412214,43.85379465166571,-39.86923042660882,0.8849787915996732,-29.32211207211072,6.06375613830405,-18.654730331831423,-9.753497313051955,-1.1982322638577578,-54.44008088274341,16.14211834361834,39.63808124933901,14.648352182079794
133.25556970050704,7.108327991664826,212.6318501545254,85.98909642802755,26.753432674096217,-3.669399276192373,56.927264545887134,-80.21415593102877,83.97194361034036,45.911367813627045,191.28848133100317,28.111169554432816,-76.44144511385383,-244.36654150149602,81.5297372434444,46.80819784394903,24.4893724772306,-26.900720804796403,-33.36460946795815,150.0463379684878,75.99093131316793,86.88498554678776,-125.17415917109452,5.467202487934522,-119.21442431964752,-123.1513938166789,-160.25652601702973,109.59880069684556,-130.91825878312417,-174.62710582606698,12.102571332155092,-174.6758260779983,158.4398987275091,-2.23714368065162,120.82286873062264,-18.654730331831423,78.12967942020116,44.36873388771549,5.991585536548972,228.13804828514782,-63.91061887779473,-162.27557399579126,-62.48848695297725
74.58501793124903,3.875623783966332,119.36966670225515,48.61904440597037,15.622438217190114,-1.3324436494179956,32.5660568625811,-44.20903208831836,47.771635063137154,25.317456441080424,107.11469228286083,15.584973241584718,-43.28937256311471,-137.00438992230897,45.88227729070175,26.485141321201876,14.284840669036598,-15.336622945876622,-19.235566399558802,84.03664387544745,43.213121438768646,48.92925875633337,-70.72025396030321,2.740129448603339,-66.63372862094892,-68.8389952094525,-91.24432706882489,61.211034308174064,-73.76625475758388,-98.91802855002749,7.119856595831336,-98.0751253636025,88.9113490640829,-1.0873056357715496,68.36632937757815,-9.753497313051955,44.36873388771549,25.63501079410949,3.5238166813336775,129.57285678014412,-35.83332024166661,-91.68829018528328,-35.62820347875265
9.917873452420872,0.5005819533235631,15.924258779235293,6.535386910103325,2.1704008929158127,-0.07360419246415431,4.43139700434879,-5.779871010233897,6.463151759539835,3.3120024248202165,14.250356182070725,2.0509536368533343,-5.828751601528933,-18.25091161864247,6.136876203301312,3.562893778803215,1.9824517921375708,-2.0795626229603896,-2.638379409714049,11.182393121900903,5.843860417852681,6.549209301547602,-9.498539529271815,0.3184449153282345,-8.84732706599098,-9.140833972971057,-12.355200636843886,8.12040767942722,-9.879289281439883,-13.322516056969913,0.9963963450359369,-13.085484854732552,11.855952259562637,-0.12091864915585215,9.197222961342819,-1.1982322638577578,5.991585536548972,3.5238166813336775,0.4930468519259944,17.499913925819328,-4.773728395573281,-12.315722439803151,-4.831329286064081
389.064350204408,20.750198281043684,620.8315346651802,251.07951387034745,78.13599774773436,-10.686395121825896,166.2361081430475,-234.17426837473474,245.2006281129536,134.03251939579698,558.5039847585532,82.07018149948064,-223.2038903711892,-713.482041144933,238.0505587810953,136.67595388188457,71.52299042489388,-78.5521585895328,-97.43522650482977,438.0901224457382,221.89514782871416,253.68801700665972,-365.49388147475537,15.950477709778324,-348.0651406286559,-359.5598962407868,-467.9567191501462,319.98901422019554,-382.2585115426063,-509.900408079369,35.34871491110448,-510.009975119188,462.6033396053572,-6.525558050869226,352.7925599685252,-54.44008088274341,228.13804828514782,129.57285678014412,17.499913925819328,666.1619554145001,-186.60124543232638,-473.8259294838202,-182.4712259367402
-110.14770174296605,-5.983821036618038,-175.3848251399127,-70.5633810290126,-21.433486792921652,3.790699677797407,-46.31709479393817,67.02674048745135,-68.60022642552593,-38.34880708661236,-158.06685272451048,-23.393183165247205,62.65633869119813,201.75040142285928,-67.13025662421265,-38.390878728404715,-19.635896915372395,21.941891676948284,26.989722852871736,-123.97048431908064,-62.09922402828174,-71.5046826397042,102.77602780806276,-4.855110287829626,98.63829433732296,101.89073139151277,130.8421821989216,-90.73285313587776,107.70162504435284,143.1090534793832,-9.64065893686132,144.06322583861584,-130.72297985210588,2.022324944174949,-99.09367902500898,16.14211834361834,-63.91061887779473,-35.83332024166661,-4.773728395573281,-186.60124543232638,52.76318271421611,133.23169861401024,50.96702314335128
-277.928504033577,-14.935048048380649,-443.1034016914812,-178.8257567498651,-55.11095384982344,8.41914807855505,-117.9855374008947,168.03156441945924,-174.3195747942013,-96.15974092163705,-398.91578726755824,-58.78940304595376,158.89720636461286,509.4273080498066,-169.7806715642281,-97.3233228989265,-50.46353360901327,55.80909181365235,68.99229820490788,-312.89176293343775,-157.77081431939766,-180.89729223247977,260.37400404014153,-11.742522286169153,248.74110249002194,256.9505324636859,332.60175400144334,-228.72919382531464,272.53388747933104,362.9667577994472,-24.87487667992922,363.9923346805872,-330.21045260913013,4.841000909631575,-251.21203538646117,39.63808124933901,-162.27557399579126,-91.68829018528328,-12.315722439803151,-473.8259294838202,133.23169861401024,337.5413710954417,129.6381341151934
-106.22620858533803,-5.633167242748243,-169.61727632549932,-68.7056067309079,-21.53645995572064,2.6917692878587927,-45.607637207325865,63.72110809988001,-67.18870321260964,-36.47592821212224,-152.5032846498669,-22.360866540774055,61.09920791506191,194.87366771424453,-65.07288677336163,-37.406181230711894,-19.7088769841916,21.534758658255146,26.778419357265218,-119.62849846709138,-60.79697432251626,-69.35792174451633,99.9970244624717,-4.254755969914853,95.003305550031,98.14225374921459,128.2505614965372,-87.32493770971507,104.52131662373095,139.5866462884394,-9.759580181889866,139.3440173969499,-126.37668001333302,1.7300408114277797,-96.55472154083115,14.648352182079794,-62.48848695297725,-35.62820347875265,-4.831329286064081,-182.4712259367402,50.96702314335128,129.6381341151934,50.02447970757618
