V1,V2,V3,V4,V5,V6,V7,V8,V9,V10,V11,V12,V13,V14,V15,V16,V17,V18,V19,V20,V21,V22,V23,V24,V25,V26,V27,V28,V29,V30,V31,V32,V33,V34,V35,V36,V37,V38,V39,V40,V41,V42,V43
1.9670609855376462,-2.085513632643058,-0.5273435070230216,-0.5965971783697634,-0.45284218020401207,1.486616409948065,-1.7352290889915143,-0.3081366905562793,-0.27344961153453873,0.3081150562924539,2.758460663014115,0.5670742053890089,3.673738541376956,-0.38190901316062875,-0.3623722652645806,2.0358790032964666,0.023461743368819045,0.9790630183020458,-2.67671906965362,-0.664322420209578,0.38236100603017803,-0.8403329159703152,2.4666421711687794,1.4954267559002619,1.9194631432193068,-1.154394440011752,0.9500312957728142,-0.06481487940446533,-1.6146473023807197,-0.24062960324501373,-1.5563479270648612,-0.890776801746026,-0.3658172207785777,0.6732764638319345,0.802044793827062,0.37729335223723875,-1.099225939174572,-1.3859017778936304,-1.2694593129529517,0.4826023818153366,0.3160153586928558,1.2797733656019599,0.718288078553161
-2.085513632643058,2.281434997156205,0.5642418351693173,0.6446076403142749,0.2438237798050961,-1.3750168105979317,1.7814226504648407,0.8809694776455111,-0.17590243863007435,-0.23530571059231414,-3.191460830185067,-0.21538317085826464,-3.9343994553949573,0.25643856789483294,0.1368825853841408,-2.934419831317771,0.12284540277764502,-0.9904378973528523,2.987257960602344,0.9270118416912602,-0.7376819781717101,1.1472296351571762,-2.952816830266809,-1.7911739502159103,-1.8935942333806355,1.4986627818425842,-0.8960238890276574,0.27664624878859956,2.2156132643018984,0.35926275901177435,1.5960017848378776,0.9448289179024721,0.3936437431645567,-0.6045414956649281,-1.0813795645078992,-0.34176423509224185,0.8085784662082093,1.6948085632332979,1.8047729090165776,-0.6214849411390934,0.2932894946183618,-1.7476454129831822,-1.6090005425675977
-0.5273435070230216,0.5642418351693173,0.14842008710164686,0.16031279058670617,0.09734891198724266,-0.37599159437056845,0.45158181962072624,0.12200930696382209,0.034072236393635276,-0.07084971797764536,-0.7531469777031435,-0.12835314062175993,-0.9717774574124745,0.09094352901878869,0.06741610840114073,-0.5978680839516224,0.00562438908781453,-0.25752892507208147,0.7180672836651246,0.1948089215553825,-0.11941753414982068,0.2399369808475605,-0.6744966250268224,-0.41250396015403973,-0.4930858295474778,0.3232893710445539,-0.23448270633219734,0.03528765176345287,0.4655182897163204,0.07099426083869434,0.40583466474931706,0.23289575673283858,0.10404128288421467,-0.17132511988430385,-0.22239017359810712,-0.09414875871864652,0.26622405541216315,0.38555928925586347,0.3737879621696475,-0.1372738818180653,-0.03984084440186899,-0.3708886019771591,-0.2502769310207925
-0.5965971783697634,0.6446076403142749,0.16031279058670617,0.18428709734494558,0.09642860202262492,-0.41749321899322356,0.5183917777853979,0.19119880410164436,0.0014062580035475501,-0.07807880080892032,-0.8842890120773472,-0.10321736774391169,-1.1245891416381597,0.09135460870652876,0.0689401064355059,-0.7545981700665705,0.019007628844402272,-0.2883528207323668,0.8402762506855237,0.24054593567354624,-0.1753034290427249,0.2998509143083829,-0.8080217478390981,-0.4907780251599371,-0.5586980879366161,0.39894376907531887,-0.27106037663524984,0.05542140087889278,0.5796578233944827,0.09177244259485583,0.4637094090501536,0.27130064875027415,0.11172992897002301,-0.18551904254699103,-0.2852285912580254,-0.10486848934628429,0.2720353565043401,0.4601699250119199,0.4656345693044108,-0.16551842017352184,0.013624089350085354,-0.45690990942245696,-0.3669728134330496
-0.45284218020401207,0.2438237798050961,0.09734891198724266,0.09642860202262492,0.9056989846848764,-1.0256816839801635,0.6039851607565512,-1.7920928249254005,1.6347690933612036,-0.38311402481788437,0.25669155620764017,-1.423911353462705,-0.7279379333527267,0.5867258337174567,0.9258903355842322,2.136274564230748,-0.5034635234523466,-0.38714484444421554,0.12369720714334302,-0.5963427342908758,1.0222309178413689,-0.6640728822063806,0.5556971731573888,0.3445299619809706,-0.9285746917458352,-0.651853693996288,-0.6039796570644554,-0.6866922796652283,-1.318811533152093,-0.29395970251394826,0.547297430186949,0.20933957668051512,0.05896578672211268,-0.5234404752056674,0.5830645830329327,-0.28524762346341315,1.4547143194856935,-0.4366366605017758,-1.2507425682648983,0.2579750275695276,-2.1840194136645703,1.0188578918668059,2.680151886757119
1.486616409948065,-1.3750168105979317,-0.37599159437056845,-0.41749321899322356,-1.0256816839801635,1.7083189639852083,-1.4898853456696917,1.3500879347116905,-1.5442593069996664,0.5001083450466124,1.3289268653445678,1.5258644561404913,2.6836330442227787,-0.7144315468857353,-0.9952860836422379,-0.6736989938965443,0.4411755675465063,0.8775283107284322,-1.6090415046084998,0.13499656510989497,-0.6520453087645066,0.09292452155616919,0.9124344541966741,0.5466231280789005,1.8683899862798254,-0.09449956227525665,1.0508638744175332,0.5488291376153717,0.21421345380267612,0.11432225776184927,-1.3398455551547026,-0.6793367298811719,-0.25346187810772247,0.8228373552555939,-0.04274902252261394,0.4551201847596743,-1.854123620330358,-0.4058660331335534,0.3521384633696566,0.05088718190750475,2.0341547438547414,-0.1489909704054653,-1.8746397069395944
-1.7352290889915143,1.7814226504648407,0.45158181962072624,0.5183917777853979,0.6039851607565512,-1.4898853456696917,1.5938406194226997,-0.1835293059219339,0.6326443233006973,-0.3546028095561731,-2.2218351106533536,-0.811439344487283,-3.2332331509281675,0.4619848787715357,0.5418542448362669,-1.1629015857204468,-0.14381312230056298,-0.9045950109512018,2.254350403722093,0.40169518737941745,-0.07396200165419346,0.5351635157377999,-1.913165571503183,-1.1552636389367792,-1.8261924895255732,0.8005879171580276,-0.9485220393409974,-0.11878957310637715,1.0159571513528072,0.12840821377276623,1.4286801123294355,0.7944951953007308,0.3103678408384704,-0.6862457610974719,-0.5310368599038371,-0.38527012779200953,1.2687109118047453,1.0400797727658373,0.7414530933557061,-0.3351383660879504,-0.7967677648651177,-0.80769533723626,0.05959725434006093
-0.3081366905562793,0.8809694776455111,0.12200930696382209,0.19119880410164436,-1.7920928249254005,1.3500879347116905,-0.1835293059219339,4.422274480652559,-3.6317786665072167,0.6711246420025452,-2.539389896986,2.957476218360783,-0.8935134634844888,-1.1083893194588808,-1.8895073312376396,-6.442721219417381,1.1621391262628156,0.22252093755856472,1.6020396303527373,1.8609076950057017,-2.68375586228782,2.1538510153569397,-3.05161360893795,-1.8593939462732234,0.812525192614233,2.3497789541294325,0.7237051101916304,1.6491542006556639,4.230319785276606,0.8603858313637427,-0.18040956167280464,0.14490260601597968,0.10246918474093633,0.7557960961225668,-1.9513688044361177,0.3991924571547587,-2.6406392569111756,1.9964001916799672,3.819239127342775,-0.9418119632710719,4.906284747123579,-3.2841461946881174,-6.799453317529848
-0.27344961153453873,-0.17590243863007435,0.034072236393635276,0.0014062580035475501,1.6347690933612036,-1.5442593069996664,0.6326443233006973,-3.6317786665072167,3.130704812297313,-0.6520610050812868,1.3819532633766975,-2.6345428324378344,-0.25838293205198765,1.0355196655333037,1.696799654772221,4.858772074915415,-0.9839436116050467,-0.4532865713558268,-0.6120535601457759,-1.3844056317986873,2.144970279249068,-1.5788333397193721,1.886320564675626,1.1545374331084501,-1.212613841049857,-1.6564183004554531,-0.8765597933872953,-1.370871985124631,-3.113956008938183,-0.6568086964225219,0.5797460199484308,0.12484722269212978,0.00782845066739586,-0.8184895075603786,1.413934433799889,-0.4401441639607322,2.518875417683989,-1.3002997095782376,-2.8658234033649164,0.6607249014848056,-4.2076536540298655,2.412727846822236,5.515599799711309
0.3081150562924539,-0.23530571059231414,-0.07084971797764536,-0.07807880080892032,-0.38311402481788437,0.5001083450466124,-0.3546028095561731,0.6711246420025452,-0.6520610050812868,0.17081891710577554,0.0897441154019549,0.5867669763535802,0.5362717467470198,-0.25310703741907525,-0.38690941734011536,-0.6858405788659558,0.1964826428895315,0.21632387959986005,-0.23310216380707707,0.18562517673765302,-0.3662999990624033,0.1982854796019862,-0.043613906541742534,-0.030465979716519247,0.4929304934215901,0.17141645566911495,0.30244581624617733,0.2620640388524581,0.3985186543096462,0.09679358995251648,-0.3196806020810918,-0.14349165132910024,-0.0455395128042501,0.24834732157133305,-0.16736742857511896,0.13685799538294313,-0.6376114078810292,0.07399345549693778,0.39733297768712417,-0.06699894937054031,0.8651057413351477,-0.306765146110177,-0.9854368553870079
2.758460663014115,-3.191460830185067,-0.7531469777031435,-0.8842890120773472,0.25669155620764017,1.3289268653445678,-2.2218351106533536,-2.539389896986,1.3819532633766975,0.0897441154019549,4.88780904626157,-0.6754823562418227,5.318085074718704,0.026292096655415487,0.41950910821596327,5.807743537525192,-0.5276640230033864,1.1930748575202617,-4.331788829151091,-1.7772724996779072,1.8056953419081458,-2.1554351823561815,4.751631003826724,2.8825555529598192,2.1646459024955695,-2.6683528148427755,0.9219874356921987,-0.8779136309795953,-4.183129096443903,-0.7345811669945311,-1.984285327047492,-1.256595251321291,-0.530345347222217,0.5304277180792605,2.0116461586012893,0.3106656284688613,-0.1890154187745664,-2.8023007046171724,-3.523706551823628,1.0939822908792431,-1.9440393229992456,3.2802571993413716,4.230815911549061
0.5670742053890089,-0.21538317085826464,-0.12835314062175993,-0.10321736774391169,-1.423911353462705,1.5258644561404913,-0.811439344487283,2.957476218360783,-2.6345428324378344,0.5867669763535802,-0.6754823562418227,2.2873780226067013,0.8278377535624175,-0.9226184381148708,-1.4524997019887282,-3.6798128754351795,0.8179741245441413,0.5432752586757444,0.05826119527499882,1.031503229556612,-1.7210358605069624,1.1679615557871839,-1.1510183556058038,-0.7026923002487169,1.3219915780088083,1.18098094789772,0.8740532832687101,1.1208057625521883,2.3066953902171377,0.5042453938896798,-0.7396296818008823,-0.24949866664544948,-0.07706716711152989,0.7929639113791525,-1.045616687820595,0.42616372336509833,-2.273678832326892,0.8407763543881364,2.1549134185806724,-0.4640279070212412,3.5420009691220584,-1.778641564726407,-4.4513293078574945
3.673738541376956,-3.9343994553949573,-0.9717774574124745,-1.1245891416381597,-0.7279379333527267,2.6836330442227787,-3.2332331509281675,-0.8935134634844888,-0.25838293205198765,0.5362717467470198,5.318085074718704,0.8278377535624175,6.926192102018603,-0.6333601180951777,-0.5673177803826077,4.2550005170625065,-0.037909272452441335,1.8043577186725792,-5.11171200143396,-1.366092929173253,0.9212814829251048,-1.7240844009094987,4.825460397701109,2.9195597128276605,3.5322770273699002,-2.327219755081536,1.7430604629780162,-0.23156930087157207,-3.3138457028806627,-0.512048464541655,-2.895006604438749,-1.679288964641765,-0.6735720601559261,1.1990327165894792,1.6532254977952616,0.67902763027813,-1.858207299689885,-2.722375906472029,-2.6316978977757794,0.9637176200776983,0.23272598253461244,2.6140431494619802,1.8328184336081128
-0.38190901316062875,0.25643856789483294,0.09094352901878869,0.09135460870652876,0.5867258337174567,-0.7144315468857353,0.4619848787715357,-1.1083893194588808,1.0355196655333037,-0.25310703741907525,0.026292096655415487,-0.9226184381148708,-0.6333601180951777,0.3884570717926594,0.5940685168882002,1.2397938787219567,-0.31586827453459415,-0.2902616391144731,0.20692063797507515,-0.3405445390246009,0.6253565354420632,-0.3771141268007303,0.23210994806042579,0.14234209774575277,-0.6723110074448099,-0.35448498711671267,-0.4212409268478979,-0.42646286819919216,-0.7472151980472033,-0.1724100835182615,0.41731542693133183,0.17311013870716327,0.05846580097500819,-0.3615722308182486,0.3299798818042538,-0.19668649197751154,0.9668628838221586,-0.20597620169747657,-0.7208991768923958,0.13794403355322357,-1.386735833397455,0.5753252560069186,1.646850388782036
-0.3623722652645806,0.1368825853841408,0.06741610840114073,0.0689401064355059,0.9258903355842322,-0.9952860836422379,0.5418542448362669,-1.8895073312376396,1.696799654772221,-0.38690941734011536,0.41950910821596327,-1.4524997019887282,-0.5673177803826077,0.5940685168882002,0.9573137423611204,2.344109738601312,-0.5253892266346561,-0.35002366700065446,-0.012822569649149622,-0.6611509371977893,1.0845455170424383,-0.739193770989045,0.7125189540587364,0.4411267495532253,-0.8706322757757663,-0.7421076104973078,-0.5878975447650413,-0.7239848442356065,-1.4653713964521033,-0.31956842063024965,0.4901288424184138,0.1733848818958961,0.03742231278001368,-0.5104986282546525,0.6473873016120536,-0.27932690228032575,1.4616147100981673,-0.532857629346276,-1.3789378125853828,0.29698391678756875,-2.2655879026331927,1.1366013427776858,2.8392236719178676
2.0358790032964666,-2.934419831317771,-0.5978680839516224,-0.7545981700665705,2.136274564230748,-0.6736989938965443,-1.1629015857204468,-6.442721219417381,4.858772074915415,-0.6858405788659558,5.807743537525192,-3.6798128754351795,4.2550005170625065,1.2397938787219567,2.344109738601312,10.68214405563368,-1.6072689101697109,0.4877632776307227,-4.4310216820354444,-3.146809591004521,4.07237017824205,-3.7025415462914046,6.28933568032615,3.8244451497610235,0.4334018831072555,-4.234050330113017,-0.23253302134214435,-2.3602775950199932,-7.241163960321003,-1.4012951164974392,-1.0204186449519286,-0.9322333919338716,-0.4392893787106268,-0.5082956280048195,3.3904256055971205,-0.24978762551159367,2.7989061110319877,-3.9264143068872026,-6.382176616680112,1.712172907740629,-6.611092357488485,5.641812370802935,10.106578194687527
0.023461743368819045,0.12284540277764502,0.00562438908781453,0.019007628844402272,-0.5034635234523466,0.4411755675465063,-0.14381312230056298,1.1621391262628156,-0.9839436116050467,0.1964826428895315,-0.5276640230033864,0.8179741245441413,-0.037909272452441335,-0.31586827453459415,-0.5253892266346561,-1.6072689101697109,0.31134044471454364,0.11224339898834655,0.2813665820525928,0.46049940293525654,-0.693388651381749,0.528132209195671,-0.6785974214715298,-0.414782092065203,0.32193575169426464,0.5631078158674565,0.24625990196232198,0.43664053801690333,1.0403081473196907,0.2162608760464566,-0.13313535288328082,-0.010363183383932684,0.008885786987714021,0.23780968309462694,-0.4752142679336843,0.12718162709779146,-0.7632770434853566,0.45727304530808605,0.9499574488997363,-0.22510608912873953,1.3245003590168936,-0.8066150101458831,-1.773106714803196
0.9790630183020458,-0.9904378973528523,-0.25752892507208147,-0.2883528207323668,-0.38714484444421554,0.8775283107284322,-0.9045950109512018,0.22252093755856472,-0.4532865713558268,0.21632387959986005,1.1930748575202617,0.5432752586757444,1.8043577186725792,-0.2902616391144731,-0.35002366700065446,0.4877632776307227,0.11224339898834655,0.520062294169725,-1.232675712790667,-0.17950361248831906,-0.03366036672187612,-0.24543528807648443,1.0013272432836657,0.6051788149949264,1.0535627700307295,-0.38954258877156556,0.5503126909805994,0.10915285185332259,-0.46236409437922504,-0.049191456494640615,-0.8127029414465007,-0.44414038513318915,-0.17684601226397972,0.4093305847400741,0.24428520773757798,0.22771854917826556,-0.7892222803477511,-0.5373860381296286,-0.32058783742377583,0.16580003208616476,0.5828839331787906,0.372014584532004,-0.2164144740942554
-2.67671906965362,2.987257960602344,0.7180672836651246,0.8402762506855237,0.12369720714334302,-1.6090415046084998,2.254350403722093,1.6020396303527373,-0.6120535601457759,-0.23310216380707707,-4.331788829151091,0.05826119527499882,-5.11171200143396,0.20692063797507515,-0.012822569649149622,-4.4310216820354444,0.2813665820525928,-1.232675712790667,3.9791149476451335,1.3775524474586165,-1.2402402347995334,1.6951918324531392,-4.093127701280118,-2.4797498345433575,-2.3289983049930867,2.165992994916498,-1.0772879582493229,0.5259079067748804,3.2784063480354146,0.5516789454314127,2.015319392829504,1.2232938657439216,0.5017577709677777,-0.6859606605615454,-1.5994357351412087,-0.3943779705841495,0.7413643854233033,2.369992733068061,2.7048810324475268,-0.8905743671413077,0.908279851890074,-2.5751205183168286,-2.7888820585827725
-0.664322420209578,0.9270118416912602,0.1948089215553825,0.24054593567354624,-0.5963427342908758,0.13499656510989497,0.40169518737941745,1.8609076950057017,-1.3844056317986873,0.18562517673765302,-1.7772724996779072,1.031503229556612,-1.366092929173253,-0.3405445390246009,-0.6611509371977893,-3.146809591004521,0.46049940293525654,-0.17950361248831906,1.3775524474586165,0.9301367793490063,-1.182105036988702,1.0956148108587411,-1.9021697288754023,-1.1573040684849691,-0.19954072032980158,1.260285371341423,0.03141543679141531,0.6806938649837619,2.142326900679609,0.41154235934978023,0.35415849697601587,0.30213757019680537,0.1424009115617387,0.118789126500502,-1.0029255715336816,0.057088182867650106,-0.7591161167294429,1.1824597202853642,1.883013295805294,-0.5109403695459921,1.8839713305145214,-1.6708026056411425,-2.9281521993228234
0.38236100603017803,-0.7376819781717101,-0.11941753414982068,-0.1753034290427249,1.0222309178413689,-0.6520453087645066,-0.07396200165419346,-2.68375586228782,2.144970279249068,-0.3662999990624033,1.8056953419081458,-1.7210358605069624,0.9212814829251048,0.6253565354420632,1.0845455170424383,4.07237017824205,-0.693388651381749,-0.03366036672187612,-1.2402402347995334,-1.182105036988702,1.655110253469997,-1.3799233885047495,2.0890282220816507,1.2687363091907087,-0.28305445763416953,-1.5312297295108577,-0.3260713896448931,-0.9925242422930114,-2.7031286263456957,-0.5412766362037805,-0.05577200204298887,-0.18245340200692586,-0.09263748835778636,-0.3842802794310036,1.2603155196478537,-0.19861812218057728,1.47032293051738,-1.3387626763032954,-2.417641381967133,0.6133019093922712,-2.910973523876224,2.0985405543248254,4.153401963268327
-0.8403329159703152,1.1472296351571762,0.2399369808475605,0.2998509143083829,-0.6640728822063806,0.09292452155616919,0.5351635157377999,2.1538510153569397,-1.5788333397193721,0.1982854796019862,-2.1554351823561815,1.1679615557871839,-1.7240844009094987,-0.3771141268007303,-0.739193770989045,-3.7025415462914046,0.528132209195671,-0.24543528807648443,1.6951918324531392,1.0956148108587411,-1.3799233885047495,1.2960157861344002,-2.2918891562988324,-1.3915230796565177,-0.31120823490946387,1.498997197538911,-0.008405801845480973,0.7840289999577628,2.5299687763932326,0.4835001708845977,0.4725374541908624,0.3859518093947429,0.17411306806445492,0.11000454659385381,-1.191337568504058,0.049372653446813845,-0.8297265986820486,1.4157808348175096,2.215745192501108,-0.6066785659521181,2.1565907282189825,-1.9724321772018718,-3.3999461336610626
2.4666421711687794,-2.952816830266809,-0.6744966250268224,-0.8080217478390981,0.5556971731573888,0.9124344541966741,-1.913165571503183,-3.05161360893795,1.886320564675626,-0.043613906541742534,4.751631003826724,-1.1510183556058038,4.825460397701109,0.23210994806042579,0.7125189540587364,6.28933568032615,-0.6785974214715298,1.0013272432836657,-4.093127701280118,-1.9021697288754023,2.0890282220816507,-2.2918891562988324,4.7347124400755645,2.8700884116921506,1.746913191237037,-2.77846344702475,0.6789504667329279,-1.0751603250320272,-4.453048003523029,-0.8043850041680537,-1.7051202698433605,-1.1296571910187587,-0.47719612730380095,0.3215733345521659,2.1326492084559834,0.1983056819197356,0.33103834010426775,-2.82534389462683,-3.7966191585822653,1.1329189897920235,-2.6235934119559174,3.4838119902040443,4.979563220894842
1.4954267559002619,-1.7911739502159103,-0.41250396015403973,-0.4907780251599371,0.3445299619809706,0.5466231280789005,-1.1552636389367792,-1.8593939462732234,1.1545374331084501,-0.030465979716519247,2.8825555529598192,-0.7026923002487169,2.9195597128276605,0.14234209774575277,0.4411267495532253,3.8244451497610235,-0.414782092065203,0.6051788149949264,-2.4797498345433575,-1.1573040684849691,1.2687363091907087,-1.3915230796565177,2.8700884116921506,1.7424777317869147,1.0511757433400446,-1.686024129611765,0.40457249019870467,-0.656428876224307,-2.7072296969694953,-0.4892264022367716,-1.029374303237933,-0.6822397180471793,-0.292475873569612,0.19276930578952903,1.29249960296729,0.11813775819388589,0.20723611979281867,-1.7155653412457124,-2.3096986671163986,0.6885642195369374,-1.6001826228345655,2.1185524055201785,3.031406345069706
1.9194631432193068,-1.8935942333806355,-0.4930858295474778,-0.5586980879366161,-0.9285746917458352,1.8683899862798254,-1.8261924895255732,0.812525192614233,-1.212613841049857,0.4929304934215901,2.1646459024955695,1.3219915780088083,3.5322770273699002,-0.6723110074448099,-0.8706322757757663,0.4334018831072555,0.32193575169426464,1.0535627700307295,-2.3289983049930867,-0.19954072032980158,-0.28305445763416953,-0.31120823490946387,1.746913191237037,1.0511757433400446,2.176261397675477,-0.5842346976777981,1.1709964101935906,0.3595841564932744,-0.5691571409082238,-0.027179040310866095,-1.6399334841750846,-0.8783480916574112,-0.3360245199707517,0.8788298808999879,0.3337733266318948,0.4899499506995552,-1.794477740421448,-0.9029357709165491,-0.3157784501994538,0.25021384127848395,1.5706549193002481,0.46389457501609044,-0.9968601835714997
-1.154394440011752,1.4986627818425842,0.3232893710445539,0.39894376907531887,-0.651853693996288,-0.09449956227525665,0.8005879171580276,2.3497789541294325,-1.6564183004554531,0.17141645566911495,-2.6683528148427755,1.18098094789772,-2.327219755081536,-0.35448498711671267,-0.7421076104973078,-4.234050330113017,0.5631078158674565,-0.38954258877156556,2.165992994916498,1.260285371341423,-1.5312297295108577,1.498997197538911,-2.77846344702475,-1.686024129611765,-0.5842346976777981,1.7579050838975092,-0.1353465880096478,0.8481221790313984,2.9225127107193303,0.5499339598229984,0.709461362132129,0.5304878107345388,0.23230767209595735,0.03077152879727735,-1.3837550319106757,0.0034065179854795473,-0.7471205858516233,1.6973654938523353,2.5395402543632253,-0.7126890251681426,2.2718668950129146,-2.280151193255318,-3.7395987449564205
0.9500312957728142,-0.8960238890276574,-0.23448270633219734,-0.27106037663524984,-0.6039796570644554,1.0508638744175332,-0.9485220393409974,0.7237051101916304,-0.8765597933872953,0.30244581624617733,0.9219874356921987,0.8740532832687101,1.7430604629780162,-0.4212409268478979,-0.5878975447650413,-0.23253302134214435,0.24625990196232198,0.5503126909805994,-1.0772879582493229,0.03141543679141531,-0.3260713896448931,-0.008405801845480973,0.6789504667329279,0.40457249019870467,1.1709964101935906,-0.1353465880096478,0.6576485628977503,0.30227839742374507,0.006628430081096287,0.045738207694454344,-0.8510592294871014,-0.4408947175212281,-0.15765338062347045,0.5001980163650342,0.04056217106698037,0.27955535242504387,-1.0994408923980286,-0.3180226860871929,0.11093780274444286,0.059854501311454325,1.143304394767256,0.0027364353194297927,-0.9829933159426434
-0.06481487940446533,0.27664624878859956,0.03528765176345287,0.05542140087889278,-0.6866922796652283,0.5488291376153717,-0.11878957310637715,1.6491542006556639,-1.370871985124631,0.2620640388524581,-0.8779136309795953,1.1208057625521883,-0.23156930087157207,-0.42646286819919216,-0.7239848442356065,-2.3602775950199932,0.43664053801690333,0.10915285185332259,0.5259079067748804,0.6806938649837619,-0.9925242422930114,0.7840289999577628,-1.0751603250320272,-0.656428876224307,0.3595841564932744,0.8481221790313984,0.30227839742374507,0.6181207511705853,1.5416332649874807,0.31557918633772697,-0.11156520599583081,0.02824627544277845,0.031488776732266764,0.3014622507147676,-0.7060155854872184,0.16090372648212145,-1.0199622860473563,0.7114921889476491,1.3989617016214073,-0.3406389421044967,1.8474015219090676,-1.1977533835448606,-2.5284474247649573
-1.6146473023807197,2.2156132643018984,0.4655182897163204,0.5796578233944827,-1.318811533152093,0.21421345380267612,1.0159571513528072,4.230319785276606,-3.113956008938183,0.3985186543096462,-4.183129096443903,2.3066953902171377,-3.3138457028806627,-0.7472151980472033,-1.4653713964521033,-7.241163960321003,1.0403081473196907,-0.46236409437922504,3.2784063480354146,2.142326900679609,-2.7031286263456957,2.5299687763932326,-4.453048003523029,-2.7072296969694953,-0.5691571409082238,2.9225127107193303,0.006628430081096287,1.5416332649874807,4.944222128010604,0.9462995959783375,0.8958029591376593,0.7393084318193772,0.3388498541198795,0.22950491433776826,-2.3232002931464386,0.10533680114627243,-1.6530662799249114,2.7564646098452483,4.33356140050553,-1.1836178115476328,4.245982698965704,-3.8544335606536944,-6.671024015281638
-0.24062960324501373,0.35926275901177435,0.07099426083869434,0.09177244259485583,-0.29395970251394826,0.11432225776184927,0.12840821377276623,0.8603858313637427,-0.6568086964225219,0.09679358995251648,-0.7345811669945311,0.5042453938896798,-0.512048464541655,-0.1724100835182615,-0.31956842063024965,-1.4012951164974392,0.2162608760464566,-0.049191456494640615,0.5516789454314127,0.41154235934978023,-0.5412766362037805,0.4835001708845977,-0.8043850041680537,-0.4892264022367716,-0.027179040310866095,0.5499339598229984,0.045738207694454344,0.31557918633772697,0.9462995959783375,0.1844032645113469,0.11182392668135739,0.11097074957777404,0.05253149360849615,0.0792979622182467,-0.4429109785690302,0.039509741637462535,-0.3937748635625148,0.5044541535603467,0.8360509364831739,-0.22188631345779086,0.8930480376797298,-0.7365049736994213,-1.345789035812797
-1.5563479270648612,1.5960017848378776,0.40583466474931706,0.4637094090501536,0.547297430186949,-1.3398455551547026,1.4286801123294355,-0.18040956167280464,0.5797460199484308,-0.3196806020810918,-1.984285327047492,-0.7396296818008823,-2.895006604438749,0.41731542693133183,0.4901288424184138,-1.0204186449519286,-0.13313535288328082,-0.8127029414465007,2.015319392829504,0.35415849697601587,-0.05577200204298887,0.4725374541908624,-1.7051202698433605,-1.029374303237933,-1.6399334841750846,0.709461362132129,-0.8510592294871014,-0.11156520599583081,0.8958029591376593,0.11182392668135739,1.2814298838231595,0.7113160140465691,0.2788518990436135,-0.6180742681125572,-0.46805351280937824,-0.3464610966265057,1.1467137608275217,0.9262061057977004,0.6522127892219093,-0.2976196807651955,-0.7315861122439522,-0.7134000449571011,0.07760654333603623
-0.890776801746026,0.9448289179024721,0.23289575673283858,0.27130064875027415,0.20933957668051512,-0.6793367298811719,0.7944951953007308,0.14490260601597968,0.12484722269212978,-0.14349165132910024,-1.256595251321291,-0.24949866664544948,-1.679288964641765,0.17311013870716327,0.1733848818958961,-0.9322333919338716,-0.010363183383932684,-0.44414038513318915,1.2232938657439216,0.30213757019680537,-0.18245340200692586,0.3859518093947429,-1.1296571910187587,-0.6822397180471793,-0.8783480916574112,0.5304878107345388,-0.4408947175212281,0.02824627544277845,0.7393084318193772,0.11097074957777404,0.7113160140465691,0.4089859849528146,0.16085513700123946,-0.30532911592281137,-0.3737711076160388,-0.17308672698435193,0.49775005633329555,0.6315346880510289,0.5784499531918385,-0.21942410762523196,-0.13786881343197988,-0.5832344800476554,-0.3354790474558074
-0.3658172207785777,0.3936437431645567,0.10404128288421467,0.11172992897002301,0.05896578672211268,-0.25346187810772247,0.3103678408384704,0.10246918474093633,0.00782845066739586,-0.0455395128042501,-0.530345347222217,-0.07706716711152989,-0.6735720601559261,0.05846580097500819,0.03742231278001368,-0.4392893787106268,0.008885786987714021,-0.17684601226397972,0.5017577709677777,0.1424009115617387,-0.09263748835778636,0.17411306806445492,-0.47719612730380095,-0.292475873569612,-0.3360245199707517,0.23230767209595735,-0.15765338062347045,0.031488776732266764,0.3388498541198795,0.05253149360849615,0.2788518990436135,0.16085513700123946,0.07316311312944389,-0.11522021841573712,-0.16054882670871895,-0.06312640092428842,0.17300099271110586,0.27442363291538857,0.2741381551396384,-0.09873709372742939,-0.007614434697922674,-0.2698331138618268,-0.200443439722213
0.6732764638319345,-0.6045414956649281,-0.17132511988430385,-0.18551904254699103,-0.5234404752056674,0.8228373552555939,-0.6862457610974719,0.7557960961225668,-0.8184895075603786,0.24834732157133305,0.5304277180792605,0.7929639113791525,1.1990327165894792,-0.3615722308182486,-0.5104986282546525,-0.5082956280048195,0.23780968309462694,0.4093305847400741,-0.6859606605615454,0.118789126500502,-0.3842802794310036,0.11000454659385381,0.3215733345521659,0.19276930578952903,0.8788298808999879,0.03077152879727735,0.5001980163650342,0.3014622507147676,0.22950491433776826,0.0792979622182467,-0.6180742681125572,-0.30532911592281137,-0.11522021841573712,0.4005260222333054,-0.08285478371032393,0.22017958444713778,-0.9312768022947788,-0.12439964414663958,0.27862776292896657,-0.005480326474015744,1.084545232126326,-0.1692167228670962,-1.0705022482017346
0.802044793827062,-1.0813795645078992,-0.22239017359810712,-0.2852285912580254,0.5830645830329327,-0.04274902252261394,-0.5310368599038371,-1.9513688044361177,1.413934433799889,-0.16736742857511896,2.0116461586012893,-1.045616687820595,1.6532254977952616,0.3299798818042538,0.6473873016120536,3.3904256055971205,-0.4752142679336843,0.24428520773757798,-1.5994357351412087,-1.0029255715336816,1.2603155196478537,-1.191337568504058,2.1326492084559834,1.29249960296729,0.3337733266318948,-1.3837550319106757,0.04056217106698037,-0.7060155854872184,-2.3232002931464386,-0.4429109785690302,-0.46805351280937824,-0.3737711076160388,-0.16054882670871895,-0.08285478371032393,1.1016131853384583,-0.033360335853568165,0.7211027451122857,-1.310466003695803,-2.0275288033013332,0.5581252338407049,-1.938852954486056,1.8088623954101055,3.0872417239613603
0.37729335223723875,-0.34176423509224185,-0.09414875871864652,-0.10486848934628429,-0.28524762346341315,0.4551201847596743,-0.38527012779200953,0.3991924571547587,-0.4401441639607322,0.13685799538294313,0.3106656284688613,0.42616372336509833,0.67902763027813,-0.19668649197751154,-0.27932690228032575,-0.24978762551159367,0.12718162709779146,0.22771854917826556,-0.3943779705841495,0.057088182867650106,-0.19861812218057728,0.049372653446813845,0.1983056819197356,0.11813775819388589,0.4899499506995552,0.0034065179854795473,0.27955535242504387,0.16090372648212145,0.10533680114627243,0.039509741637462535,-0.3464610966265057,-0.17308672698435193,-0.06312640092428842,0.22017958444713778,-0.033360335853568165,0.12181239493549006,-0.5074204338473106,-0.08022469919476491,0.1362904030828639,0.0016842816758031994,0.5804827176883022,-0.07769605128093432,-0.561981086992023
-1.099225939174572,0.8085784662082093,0.26622405541216315,0.2720353565043401,1.4547143194856935,-1.854123620330358,1.2687109118047453,-2.6406392569111756,2.518875417683989,-0.6376114078810292,-0.1890154187745664,-2.273678832326892,-1.858207299689885,0.9668628838221586,1.4616147100981673,2.7989061110319877,-0.7632770434853566,-0.7892222803477511,0.7413643854233033,-0.7591161167294429,1.47032293051738,-0.8297265986820486,0.33103834010426775,0.20723611979281867,-1.794477740421448,-0.7471205858516233,-1.0994408923980286,-1.0199622860473563,-1.6530662799249114,-0.3937748635625148,1.1467137608275217,0.49775005633329555,0.17300099271110586,-0.9312768022947788,0.7211027451122857,-0.5074204338473106,2.42603086517914,-0.36891654720128886,-1.6194418490263316,0.2876272148353555,-3.3650870408642306,1.2680589744813584,3.8982208660590745
-1.3859017778936304,1.6948085632332979,0.38555928925586347,0.4601699250119199,-0.4366366605017758,-0.4058660331335534,1.0400797727658373,1.9964001916799672,-1.3002997095782376,0.07399345549693778,-2.8023007046171724,0.8407763543881364,-2.722375906472029,-0.20597620169747657,-0.532857629346276,-3.9264143068872026,0.45727304530808605,-0.5373860381296286,2.369992733068061,1.1824597202853642,-1.3387626763032954,1.4157808348175096,-2.82534389462683,-1.7155653412457124,-0.9029357709165491,1.6973654938523353,-0.3180226860871929,0.7114921889476491,2.7564646098452483,0.5044541535603467,0.9262061057977004,0.6315346880510289,0.27442363291538857,-0.12439964414663958,-1.310466003695803,-0.08022469919476491,-0.36891654720128886,1.700855535821263,2.3668973412031655,-0.6923727959981855,1.7933311262206661,-2.1560812052184146,-3.2270444218590773
-1.2694593129529517,1.8047729090165776,0.3737879621696475,0.4656345693044108,-1.2507425682648983,0.3521384633696566,0.7414530933557061,3.819239127342775,-2.8658234033649164,0.39733297768712417,-3.523706551823628,2.1549134185806724,-2.6316978977757794,-0.7208991768923958,-1.3789378125853828,-6.382176616680112,0.9499574488997363,-0.32058783742377583,2.7048810324475268,1.883013295805294,-2.417641381967133,2.215745192501108,-3.7966191585822653,-2.3096986671163986,-0.3157784501994538,2.5395402543632253,0.11093780274444286,1.3989617016214073,4.33356140050553,0.8360509364831739,0.6522127892219093,0.5784499531918385,0.2741381551396384,0.27862776292896657,-2.0275288033013332,0.1362904030828639,-1.6194418490263316,2.3668973412031655,3.816026386527777,-1.0284712300600891,3.8982645623666,-3.378312555595807,-5.998142917790877
0.4826023818153366,-0.6214849411390934,-0.1372738818180653,-0.16551842017352184,0.2579750275695276,0.05088718190750475,-0.3351383660879504,-0.9418119632710719,0.6607249014848056,-0.06699894937054031,1.0939822908792431,-0.4640279070212412,0.9637176200776983,0.13794403355322357,0.29698391678756875,1.712172907740629,-0.22510608912873953,0.16580003208616476,-0.8905743671413077,-0.5109403695459921,0.6133019093922712,-0.6066785659521181,1.1329189897920235,0.6885642195369374,0.25021384127848395,-0.7126890251681426,0.059854501311454325,-0.3406389421044967,-1.1836178115476328,-0.22188631345779086,-0.2976196807651955,-0.21942410762523196,-0.09873709372742939,-0.005480326474015744,0.5581252338407049,0.0016842816758031994,0.2876272148353555,-0.6923727959981855,-1.0284712300600891,0.28998272909954154,-0.9041255204516369,0.9246878738495709,1.500538863501885
0.3160153586928558,0.2932894946183618,-0.03984084440186899,0.013624089350085354,-2.1840194136645703,2.0341547438547414,-0.7967677648651177,4.906284747123579,-4.2076536540298655,0.8651057413351477,-1.9440393229992456,3.5420009691220584,0.23272598253461244,-1.386735833397455,-2.2655879026331927,-6.611092357488485,1.3245003590168936,0.5828839331787906,0.908279851890074,1.8839713305145214,-2.910973523876224,2.1565907282189825,-2.6235934119559174,-1.6001826228345655,1.5706549193002481,2.2718668950129146,1.143304394767256,1.8474015219090676,4.245982698965704,0.8930480376797298,-0.7315861122439522,-0.13786881343197988,-0.007614434697922674,1.084545232126326,-1.938852954486056,0.5804827176883022,-3.3650870408642306,1.7933311262206661,3.8982645623666,-0.9041255204516369,5.667141182876481,-3.2883910950359136,-7.461434850100995
1.2797733656019599,-1.7476454129831822,-0.3708886019771591,-0.45690990942245696,1.0188578918668059,-0.1489909704054653,-0.80769533723626,-3.2841461946881174,2.412727846822236,-0.306765146110177,3.2802571993413716,-1.778641564726407,2.6140431494619802,0.5753252560069186,1.1366013427776858,5.641812370802935,-0.8066150101458831,0.372014584532004,-2.5751205183168286,-1.6708026056411425,2.0985405543248254,-1.9724321772018718,3.4838119902040443,2.1185524055201785,0.46389457501609044,-2.280151193255318,0.0027364353194297927,-1.1977533835448606,-3.8544335606536944,-0.7365049736994213,-0.7134000449571011,-0.5832344800476554,-0.2698331138618268,-0.1692167228670962,1.8088623954101055,-0.07769605128093432,1.2680589744813584,-2.1560812052184146,-3.378312555595807,0.9246878738495709,-3.2883910950359136,3.0066296137913886,5.181664679645555
0.718288078553161,-1.6090005425675977,-0.2502769310207925,-0.3669728134330496,2.680151886757119,-1.8746397069395944,0.05959725434006093,-6.799453317529848,5.515599799711309,-0.9854368553870079,4.230815911549061,-4.4513293078574945,1.8328184336081128,1.646850388782036,2.8392236719178676,10.106578194687527,-1.773106714803196,-0.2164144740942554,-2.7888820585827725,-2.9281521993228234,4.153401963268327,-3.3999461336610626,4.979563220894842,3.031406345069706,-0.9968601835714997,-3.7395987449564205,-0.9829933159426434,-2.5284474247649573,-6.671024015281638,-1.345789035812797,0.07760654333603623,-0.3354790474558074,-0.200443439722213,-1.0705022482017346,3.0872417239613603,-0.561981086992023,3.8982208660590745,-3.2270444218590773,-5.998142917790877,1.500538863501885,-7.461434850100995,5.181664679645555,10.486389120871225
