V1,V2,V3,V4,V5,V6,V7,V8,V9,V10,V11,V12,V13,V14,V15,V16,V17,V18,V19,V20,V21,V22,V23,V24,V25,V26,V27,V28,V29,V30,V31,V32,V33,V34,V35,V36,V37,V38,V39,V40,V41,V42,V43
0.747821990347369,0.7264046546101641,0.34621673115072144,-0.6250477855302026,0.0575597206242635,-0.5732033773798014,0.48008702450525553,0.08246250838392034,-0.0817587878551817,0.09069238320590442,0.5080863868385784,-0.0353793718636565,0.49773362318311426,-0.1161125893147496,-0.0600787935370974,0.050830937666501666,0.2830752175653536,-0.22800303372546785,0.22937608695478737,0.6848254534945873,-0.47889801758289846,-0.05554853382233639,-0.20095556168079518,-0.2900415959604044,-0.503015530008001,0.00401460599575831,0.6836973585031867,-0.466232393346607,-0.018647614136578686,0.33667024550714847,-0.18900812457970492,0.1419109764046768,0.3197369042914432,0.2608978917429771,0.02692180379141371,0.49056905807550455,0.11706328525412739,0.38977005237911705,-0.1273040508059288,-0.1744095118168774,0.3625387575357983,-0.39203513312622007,-0.3671611446977257
0.7264046546101641,1.2859858956465025,0.23772768118681653,-0.34701513923223726,-0.20205691224194955,-0.8983180658445636,0.444324203520814,-0.18767495231635178,0.8538590885213349,-0.16469601229838718,-0.052844042504096904,0.43942646941779556,0.3934156266667046,0.10987961123039007,-0.4315141651751507,-0.5678014510770926,0.17714172806845999,-0.14811328072049082,0.18983816187307656,0.8910239679433964,-0.33839994227265363,-0.24957342287626125,-0.7732716893877888,0.07988434153394325,0.10175692418460935,0.23132339111263586,1.1125294024399885,-0.05347497681657924,-1.0267050971825307,0.3058307474191243,0.31998647906540684,-0.01760808911620948,0.49072918692784306,0.5892428193371158,-0.03823758473895927,0.4029030219368175,-0.013575250652422485,0.23611729345147708,-0.4651412491105161,-0.3051593110509376,0.23870214689668162,-1.1892407957842248,-0.6718521376320225
0.34621673115072144,0.23772768118681653,1.089576133068851,-0.010564669351699578,0.3620536173347585,-0.1764704213830685,0.6617873872544008,-0.8727720394620201,0.25802808562097257,0.39341806899692633,0.3911802822436362,-0.14409814880403657,-0.24443922936567586,-0.10645035359156575,-0.0042840594846258115,-0.7103382595579356,-0.11244039831727687,0.07399775815404754,0.7275397176742879,-0.028780526715516036,0.005864326205167024,-0.35145606175037103,0.3710205436799825,0.27027905954891457,-0.5211500849495655,-0.3631373140806625,0.08374421357002987,0.08962038957094601,0.5688316121027165,0.22372432627239786,-0.4863767097230472,0.11733532592904594,1.1162958552520277,-0.04430224664007961,0.07239355218210619,0.1995188445517236,0.609513905478259,0.13582313083320144,-0.3131844658161125,-0.07217694252494294,0.48024068512212814,0.08995724640226245,-0.34611376146226797
-0.6250477855302026,-0.34701513923223726,-0.010564669351699578,0.9370181017106366,0.06061984233440801,0.3402644649327718,-0.027778694452976663,-0.8037339089033636,0.7745266068539863,0.1491190589714023,-0.5028912933189078,0.3594798643042718,-0.6241582062575332,0.2479739057810518,-0.19614285829304484,-0.659238077716468,-0.37480879314286253,0.36527223754421373,-0.2838480268544645,-0.5250900461414815,0.7408444126147653,-0.3001362266843871,0.17910601698569972,0.4221370762692401,0.6611542691722487,-0.20840240884029076,-0.3087413147324721,0.5768771332632174,-0.2259011643444196,-0.14259937766617745,0.46129339853866247,-0.15114056280404872,0.2848564441109415,0.2329640485691601,-0.2220072718628205,-0.5015928372350215,-0.09168457268611872,-0.44243038142738655,-0.08641118506753047,-0.021430071555180487,-0.1300349058699899,-0.10139266795154214,0.19670763357149626
0.0575597206242635,-0.20205691224194955,0.3620536173347585,0.06061984233440801,0.4806283460122647,0.06695931541686828,0.24963044639980764,-0.17684763193854444,-0.46500887116955825,0.21886731893221045,0.31711138434266556,-0.2631164833013024,0.004270022565037931,-0.02145940757415439,0.0015391172388594244,-0.3698136232497053,0.04731309534894171,0.2943282752646271,0.18064383939039996,0.1621810425347589,0.1478317865038089,-0.30210070852344545,0.5044905463167434,-0.3357964197328254,0.2018326526956936,-0.20979017957419088,-0.25969008238608404,-0.099959304114476,0.47165054280083163,-0.07557562234873329,-0.3472931198181973,0.3229515295121592,0.2296865369366023,0.09033715927363913,1.2303745022838902e-4,-0.20912881984823828,-0.05067394401919569,0.3963198315209168,-0.08663188235010337,-0.12220817718106386,0.565115578177534,0.4188044347091543,0.042874474240630366
-0.5732033773798014,-0.8983180658445636,-0.1764704213830685,0.3402644649327718,0.06695931541686828,1.3877157658944022,-0.5114338271838053,0.16524677763191278,-0.4642001304107207,-0.4123336722616106,-0.3670759677129348,-0.6905829947282107,-0.28627970077818093,0.17456467202087034,0.7457777899294424,0.27379070594552923,-0.3573390095949075,1.0315937382232927,0.13881096490796646,-0.5764369704736907,-0.5635712742330702,0.20547048510113888,0.11318024067868951,0.27281232504304614,0.07637315079254522,-0.41743598025640005,-0.30518950678582274,0.5064308036635794,0.3557096633579043,0.032681807180399015,0.03285550766750791,-0.4395062001775956,-0.37278240880664926,-0.9438251299486026,-0.5952797760268974,-0.30830839980136543,-0.1511912836882928,0.0966907623921859,0.48259782345742003,0.23283417354427458,-0.24055424709427986,0.8478647103397756,-0.026216285446170683
0.48008702450525553,0.444324203520814,0.6617873872544008,-0.027778694452976663,0.24963044639980764,-0.5114338271838053,0.9439720288190265,-0.8644988656344534,0.4284548840101847,0.7868616797258355,0.7848246076148827,0.3689956295424515,0.029451432988453076,-0.22654751324803554,-0.1632928143824866,0.043962609737487335,0.1369054542417276,-0.36422835297434414,0.042046660159859896,0.07325609738953405,0.4093535461158013,-0.30474739673192003,0.37697737786357643,-0.04402078868401027,-0.8675156983354969,-0.3056334339762221,0.27422034710020937,-0.4057719982058068,0.4749052748159211,0.4022085480632281,-0.09145558343861485,0.23232191901309884,0.9636551213295388,0.6474048245548971,0.08142526430360382,0.5121180063370359,0.35286549526493277,-0.23923920552647704,-0.03548901459193748,-0.2071215589399464,0.40031584497989786,-0.41536812179676236,0.06336257337710324
0.08246250838392034,-0.18767495231635178,-0.8727720394620201,-0.8037339089033636,-0.17684763193854444,0.16524677763191278,-0.8644988656344534,1.935945708332431,-1.4143154659976434,-0.830853002150132,-0.06715551890666935,-0.4709418671549753,0.6555766185827123,-0.1517243766523201,0.304625145904196,1.0833137738123715,0.3738193315799532,0.08722667786305703,0.28373748459350634,0.4423612581888765,-0.7431480647272806,0.47339307785162676,-0.41255096570442135,-0.6049636943590204,0.20571833018295613,0.7369251526009138,-0.40076677067339656,-0.18406219006973984,-0.38235787493391143,-0.48089742010289505,-0.2731619452970777,0.2601437101397545,-1.3845055452980624,-0.6893359387624264,0.3711825410199557,0.08435983902134457,-0.6026268891276118,0.4893603568070264,0.23987750643277855,0.08885032817446059,-0.06593629607863315,0.4934827628850603,0.060521955761760865
-0.0817587878551817,0.8538590885213349,0.25802808562097257,0.7745266068539863,-0.46500887116955825,-0.4642001304107207,0.4284548840101847,-1.4143154659976434,2.2468712581217023,0.1822895785146079,-0.6528341897318273,1.0421184112342472,-0.5456877669305227,0.32728520661392213,-0.5810383232815648,-0.9670829914014468,-0.4218479407131831,-0.18103205396784727,-0.311735381781094,-0.20494667038802036,0.5658304350280683,-0.2985486014588517,-0.6470392142313445,0.9830925074094692,0.16718661168623353,-0.13280210658245198,0.8700719431099863,0.5704050275830569,-1.0863683707560603,0.3485798299478064,0.9914565961207599,-0.5162581087635868,0.978887164505484,0.7529601981761719,-0.298736978848818,0.06934214261025376,0.258569339574764,-0.8403754775478001,-0.3932010871333743,-0.13100089260157458,-0.4631320625380101,-1.4556584793617224,-0.3280930022175071
0.09069238320590442,-0.16469601229838718,0.39341806899692633,0.1491190589714023,0.21886731893221045,-0.4123336722616106,0.7868616797258355,-0.830853002150132,0.1822895785146079,1.1652128824474717,0.9720908259264726,0.49662871578558254,-0.17654824051739937,-0.42025984565158064,-0.17106287823297034,0.6486438164971557,0.13480352418072716,-0.8952318345465073,-0.38689105933033147,-0.526282175069705,1.0679729712937192,-0.08742764536176822,0.8802909378102904,-0.12463445834633331,-1.1678755026356593,-0.2889077667440528,-0.4276146809715443,-0.6565858591397947,1.0814874366729479,0.1842178008125037,-0.20188810892486062,0.3633350640897699,0.6749031416729866,0.6937991838327645,0.39033946245739903,0.4113965579580528,0.42832689698246457,-0.7488722427353552,0.24005947136048492,-0.029206762646600645,0.09536187332169206,-0.015732498820745056,0.7546475732737775
0.5080863868385784,-0.052844042504096904,0.3911802822436362,-0.5028912933189078,0.31711138434266556,-0.3670759677129348,0.7848246076148827,-0.06715551890666935,-0.6528341897318273,0.9720908259264726,1.420903058387326,0.11491240776531883,0.3052910806255755,-0.6475898357763654,0.15034488552818556,1.3487659892247725,0.4276213808282792,-0.781966391267659,0.07306370454280912,-0.16036427720078808,0.46989529913818834,0.054195831916746984,0.8274323977155369,-0.4823024386268098,-1.6713264800780907,-0.12246396136290062,-0.41788310930173034,-0.9525901437158346,1.2577911973865348,0.21188009680566622,-0.5924750746785094,0.5868446458630124,0.4249265764214347,0.3470264231118588,0.5424620040204856,0.8191116200688008,0.3223277154431454,-0.3632554538088703,0.417771970679935,-0.06681636741109011,0.37879169626643167,0.2402736661461344,0.6328124567934797
-0.0353793718636565,0.43942646941779556,-0.14409814880403657,0.3594798643042718,-0.2631164833013024,-0.6905829947282107,0.3689956295424515,-0.4709418671549753,1.0421184112342472,0.49662871578558254,0.11491240776531883,1.1038585929271543,-0.21068237366893267,-0.20117532697039034,-0.5217835538889597,0.38703807519506417,0.07612630145033582,-0.7101309487306345,-0.23892756247463712,-0.3038751324082873,1.096181144701197,-0.15920224781607675,-0.08963809772974612,0.3114325490747928,-0.3655263046097044,0.37340405632285234,-0.18960854333913307,0.022577214498675287,-0.5331298660559594,-0.09649510721873068,0.49608201275095715,0.2142476650904476,0.40936355094285776,0.7862210473272434,0.5001369465715328,0.3959785977837524,0.0250706831953385,-1.0238869143498133,-0.07837577209718813,-0.14985735794051744,-0.21547092184918162,-0.9391752619201588,0.4349468764627676
0.49773362318311426,0.3934156266667046,-0.24443922936567586,-0.6241582062575332,0.004270022565037931,-0.28627970077818093,0.029451432988453076,0.6555766185827123,-0.5456877669305227,-0.17654824051739937,0.3052910806255755,-0.21068237366893267,0.6668815031695587,-0.01658548076733447,0.024216350356648386,0.33438984404607947,0.33519222033775226,-0.08065555891284888,-0.1867103337131156,0.7597735738952236,-0.567283163542257,0.11871142448567515,-0.24467602736610627,-0.5990167257638207,-0.021606571921821298,0.10219687953108375,0.5497298317025011,-0.5604217009704612,-0.13117363663120532,0.159407729760143,-0.06368440730878151,0.126349630297895,-0.4273109924325218,0.186116032810353,-0.09538319457662921,0.18782311549002895,-0.30372368253180937,0.5618772462803819,0.07751532914960092,-0.12452808637899532,0.23082165079455874,-0.14354875010488402,-0.15949608427190187
-0.1161125893147496,0.10987961123039007,-0.10645035359156575,0.2479739057810518,-0.02145940757415439,0.17456467202087034,-0.22654751324803554,-0.1517243766523201,0.32728520661392213,-0.42025984565158064,-0.6475898357763654,-0.20117532697039034,-0.01658548076733447,0.5393917686527253,-0.13986658623865417,-1.091365376820268,-0.27460934257228564,0.5113112232928091,-0.4155971978741157,0.4372356879950522,-0.4599336268124223,-0.08694820560862583,-0.381552305887519,-0.07101526863208306,1.064018660231915,-0.28742941220844925,0.7025883605184721,0.208847626829941,-0.5118225818258059,0.13116422110564452,0.42938011628444084,-0.39014531889840737,-0.19681464065527776,0.09930280954274247,-0.6869831453902294,-0.6282299121829689,-0.28171508764332376,0.5578255197647576,-0.22491594740090418,-0.04111754672345092,-0.04959977792147759,-0.13654689381683838,-0.439562852066555
-0.0600787935370974,-0.4315141651751507,-0.0042840594846258115,-0.19614285829304484,0.0015391172388594244,0.7457777899294424,-0.1632928143824866,0.304625145904196,-0.5810383232815648,-0.17106287823297034,0.15034488552818556,-0.5217835538889597,0.024216350356648386,-0.13986658623865417,0.6730679088986097,0.7422887965310678,-0.015453407070536567,0.4324520625782498,0.3666890386178711,-0.3545038536696916,-0.6174012151183039,0.26462267997269756,0.067849785056922,0.1535480129390273,-0.6378440297318684,-0.17436494341229997,-0.17481595049137513,0.1175819977201456,0.47560833219403337,0.16683368985021826,-0.2481089797555027,-0.2224824324730455,-0.14510053929143585,-0.7711365229235414,-0.19381516873743182,0.2825118044528969,0.1291203756433911,0.03579507041187268,0.4229731313406541,0.17891765284418168,-0.12167584469987273,0.563429025755164,-0.06530623040675299
0.050830937666501666,-0.5678014510770926,-0.7103382595579356,-0.659238077716468,-0.3698136232497053,0.27379070594552923,0.043962609737487335,1.0833137738123715,-0.9670829914014468,0.6486438164971557,1.3487659892247725,0.38703807519506417,0.33438984404607947,-1.091365376820268,0.7422887965310678,3.6957445933831896,0.5768230823994522,-1.0406968252652504,0.11855489394127787,-1.1065309709067492,0.49927401182316056,0.7867240341439213,0.46275331235659056,-0.050162764185990666,-2.723445524161754,0.5348661627988935,-1.2311474870485406,-0.7601570014119663,0.9995467190522829,-0.041697432056690985,-0.3333032523994836,0.4181232947414863,-0.5412443291933401,-0.4123987235726159,0.9991207710066421,1.5273823480411455,0.13032170452481132,-1.4862300818480807,1.236804987250438,0.24812389734177712,-0.5699205181126273,0.3122243479409712,1.271438307119433
0.2830752175653536,0.17714172806845999,-0.11244039831727687,-0.37480879314286253,0.04731309534894171,-0.3573390095949075,0.1369054542417276,0.3738193315799532,-0.4218479407131831,0.13480352418072716,0.4276213808282792,0.07612630145033582,0.33519222033775226,-0.27460934257228564,-0.015453407070536567,0.5768230823994522,0.364873441699713,-0.2979617298030179,0.09873524487352446,0.21171669836570692,0.08372891501460278,0.0057720003138566735,0.07816275083531818,-0.29099425717139726,-0.3134853732616388,0.28784748446122815,-0.14990026940743348,-0.32446636318800187,0.07144879175346949,-0.05863008693494691,-0.23945666557142742,0.3303609772436654,-0.11013638662673134,0.15529521459691975,0.36136689068974026,0.35176662494950406,-0.0490389953106823,0.03051020108058369,0.05629276226743074,-0.08718136330398384,0.22078722333044276,-0.06788275144294095,0.14384995250587174
-0.22800303372546785,-0.14811328072049082,0.07399775815404754,0.36527223754421373,0.2943282752646271,1.0315937382232927,-0.36422835297434414,0.08722667786305703,-0.18103205396784727,-0.8952318345465073,-0.781966391267659,-0.7101309487306345,-0.08065555891284888,0.5113112232928091,0.4324520625782498,-1.0406968252652504,-0.2979617298030179,1.7982069825978564,0.5954642954874052,0.3695754317705171,-0.9543931220189708,-0.3635830123594194,-0.3984284802425489,0.1852425297069992,1.2686760430146429,-0.26221612541132366,0.3159191982398099,0.9555031879657414,-0.6818551499916838,0.0032888299519096484,0.19075426872792225,-0.3372382999596952,-0.07642141886492214,-0.6840891383045733,-0.8423701588465726,-0.5607529802127357,-0.4867586900773259,0.9138726925775182,-0.13794665486010785,-0.12787500552790015,0.43105506398491195,0.31421024069458725,-0.8210944366797734
0.22937608695478737,0.18983816187307656,0.7275397176742879,-0.2838480268544645,0.18064383939039996,0.13881096490796646,0.042046660159859896,0.28373748459350634,-0.311735381781094,-0.38689105933033147,0.07306370454280912,-0.23892756247463712,-0.1867103337131156,-0.4155971978741157,0.3666890386178711,0.11855489394127787,0.09873524487352446,0.5954642954874052,1.9755160801917124,-0.21884938539818224,-0.29622988444769804,-0.27659921375123503,-0.09735712424256458,0.6626617179792916,-0.5200907493073184,0.5442663509885769,-0.7700286288941961,0.8808309831184327,-0.2005143343468914,-0.3578402219279189,-0.7599560336787924,0.3530880733889009,0.6824214034003936,-1.017652637014631,0.7266043784191464,0.6139771037198265,0.4063336528239954,0.0019109009203914621,-0.30669875738760594,-0.03579242779876493,0.49976270936317807,0.2575477277687614,-0.5205972473344375
0.6848254534945873,0.8910239679433964,-0.028780526715516036,-0.5250900461414815,0.1621810425347589,-0.5764369704736907,0.07325609738953405,0.4423612581888765,-0.20494667038802036,-0.526282175069705,-0.16036427720078808,-0.3038751324082873,0.7597735738952236,0.4372356879950522,-0.3545038536696916,-1.1065309709067492,0.21171669836570692,0.3695754317705171,-0.21884938539818224,1.5497361973193615,-0.8931745704808165,-0.24418330498826013,-0.6005880149078108,-0.7747553962672036,1.1399650646820025,-0.005139595883813664,1.2566892147602267,-0.3729133926957399,-0.7961770747827301,0.1921238917590696,0.15025140671415385,0.06153860863142731,-0.28730493574537047,0.5105613147025454,-0.4964978392769513,-0.337505194198045,-0.5476628652363158,1.3180079811403074,-0.46035468943762853,-0.3391213957185593,0.6067988312903508,-0.4797038241895035,-0.7612697986673239
-0.47889801758289846,-0.33839994227265363,0.005864326205167024,0.7408444126147653,0.1478317865038089,-0.5635712742330702,0.4093535461158013,-0.7431480647272806,0.5658304350280683,1.0679729712937192,0.46989529913818834,1.096181144701197,-0.567283163542257,-0.4599336268124223,-0.6174012151183039,0.49927401182316056,0.08372891501460278,-0.9543931220189708,-0.29622988444769804,-0.8931745704808165,2.161524313702375,-0.33304981876290213,0.9098288313010335,0.14625518616955757,-0.36182101830828867,0.32258909146173165,-1.348303352823457,-0.10272095229530168,0.38078831856213563,-0.547445487134095,0.0033290238655863348,0.7299862905642452,0.484426080845182,0.9006484219315459,1.0087323717477727,0.06368205321296562,0.11201074209055314,-1.3180551040696686,-0.0026822898018537245,-0.0950390538714924,0.036452674406810215,-0.21747685427807545,1.1848588455903397
-0.05554853382233639,-0.24957342287626125,-0.35145606175037103,-0.3001362266843871,-0.30210070852344545,0.20547048510113888,-0.30474739673192003,0.47339307785162676,-0.2985486014588517,-0.08742764536176822,0.054195831916746984,-0.15920224781607675,0.11871142448567515,-0.08694820560862583,0.26462267997269756,0.7867240341439213,0.0057720003138566735,-0.3635830123594194,-0.27659921375123503,-0.24418330498826013,-0.33304981876290213,0.5042446899771664,-0.10217417505446844,-0.032965603756616876,-0.55484032903114755,0.003967450966620174,0.016050618559751637,-0.2847915335731617,0.2877392308001238,0.09727389419042988,-0.004296664935588255,-0.23774546692249637,-0.4987347700132589,-0.33362168037584544,-0.022973345958509563,0.17319048342821078,0.08291828186256212,-0.190834828404309,0.3550176109612692,0.23861292195045392,-0.5149261850593994,0.22633684996487785,0.18959928370633575
-0.20095556168079518,-0.7732716893877888,0.3710205436799825,0.17910601698569972,0.5044905463167434,0.11318024067868951,0.37697737786357643,-0.41255096570442135,-0.6470392142313445,0.8802909378102904,0.8274323977155369,-0.08963809772974612,-0.24467602736610627,-0.381552305887519,0.067849785056922,0.46275331235659056,0.07816275083531818,-0.3984284802425489,-0.09735712424256458,-0.6005880149078108,0.9098288313010335,-0.10217417505446844,1.1992662485295493,-0.31554201556660455,-0.6602109108581421,-0.3017595477452184,-1.0054522395803338,-0.4647225926277463,1.4207763000884501,-0.15852424773194568,-0.6148786636260994,0.5078324385643738,0.29406848459022544,0.15717823789121116,0.41292063646006905,-0.0340575338041152,0.273132928427675,-0.30067082988023275,0.2591191814372353,0.06052743144552213,0.3178193389002973,0.8169877086602605,0.7960674790886983
-0.2900415959604044,0.07988434153394325,0.27027905954891457,0.4221370762692401,-0.3357964197328254,0.27281232504304614,-0.04402078868401027,-0.6049636943590204,0.9830925074094692,-0.12463445834633331,-0.4823024386268098,0.3114325490747928,-0.5990167257638207,-0.07101526863208306,0.1535480129390273,-0.050162764185990666,-0.29099425717139726,0.1852425297069992,0.6626617179792916,-0.7747553962672036,0.14625518616955757,-0.032965603756616876,-0.31554201556660455,1.1316477014277577,-0.3765707591752465,0.12229686494289979,-0.1947689620698795,0.8861629504588099,-0.40830561520152353,0.010181847952262502,0.1609235758207005,-0.3670487440172098,0.6337474625036811,-0.4828628142109383,0.13092642566254173,0.31229149010888807,0.48430823934799133,-0.7587754610691322,-0.09052599601288881,0.13868838722390073,-0.42402114866138163,-0.341825238448362,-0.2404328641584398
-0.503015530008001,0.10175692418460935,-0.5211500849495655,0.6611542691722487,0.2018326526956936,0.07637315079254522,-0.8675156983354969,0.20571833018295613,0.16718661168623353,-1.1678755026356593,-1.6713264800780907,-0.3655263046097044,-0.021606571921821298,1.064018660231915,-0.6378440297318684,-2.723445524161754,-0.3134853732616388,1.2686760430146429,-0.5200907493073184,1.1399650646820025,-0.36182101830828867,-0.55484032903114755,-0.6602109108581421,-0.3765707591752465,3.468302983635123,0.08288129633659844,0.5967376136609255,0.8098585112793144,-1.5939156787500264,-0.5049190675421593,0.5933517766964624,-0.21051818321873275,-0.8033397429748509,0.2778574232267878,-0.8107579868444192,-1.7661394975584557,-0.9894281643073709,1.4651244038713138,-0.8827723005922707,-0.24044361587502583,0.38411661058246926,-0.10149439012143083,-0.7833439746318702
0.00401460599575831,0.23132339111263586,-0.3631373140806625,-0.20840240884029076,-0.20979017957419088,-0.41743598025640005,-0.3056334339762221,0.7369251526009138,-0.13280210658245198,-0.2889077667440528,-0.12246396136290062,0.37340405632285234,0.10219687953108375,-0.28742941220844925,-0.17436494341229997,0.5348661627988935,0.28784748446122815,-0.26221612541132366,0.5442663509885769,-0.005139595883813664,0.32258909146173165,0.003967450966620174,-0.3017595477452184,0.12229686494289979,0.08288129633659844,0.8630167675534208,-0.6143503101933515,0.2753300381954775,-0.6935015129491992,-0.5238894937351684,-0.11005540917521585,0.3862412041706423,-0.2970863761305998,-0.1260369715008424,0.7877131259016847,0.30173647583541424,-0.14844072799582178,-0.3088103599466148,-0.1655001820007117,-0.0487776420378043,-0.009626211133506563,-0.2628663816510606,0.11375530576486405
0.6836973585031867,1.1125294024399885,0.08374421357002987,-0.3087413147324721,-0.25969008238608404,-0.30518950678582274,0.27422034710020937,-0.40076677067339656,0.8700719431099863,-0.4276146809715443,-0.41788310930173034,-0.18960854333913307,0.5497298317025011,0.7025883605184721,-0.17481595049137513,-1.2311474870485406,-0.14990026940743348,0.3159191982398099,-0.7700286288941961,1.2566892147602267,-1.348303352823457,0.016050618559751637,-1.0054522395803338,-0.1947689620698795,0.5967376136609255,-0.6143503101933515,2.285419731207616,-0.34009513218199233,-0.8108138470270854,0.9229402665906147,0.7434752855630509,-0.7818572132730889,0.10553744016524004,0.5514296857076679,-1.269719097212081,-0.16391439196751256,-0.16912172967073058,0.9526820810439848,-0.24802143592438083,-0.18033947933813796,-0.06259220546999544,-0.9907974817811956,-1.0613921166273366
-0.466232393346607,-0.05347497681657924,0.08962038957094601,0.5768771332632174,-0.099959304114476,0.5064308036635794,-0.4057719982058068,-0.18406219006973984,0.5704050275830569,-0.6565858591397947,-0.9525901437158346,0.022577214498675287,-0.5604217009704612,0.208847626829941,0.1175819977201456,-0.7601570014119663,-0.32446636318800187,0.9555031879657414,0.8808309831184327,-0.3729133926957399,-0.10272095229530168,-0.2847915335731617,-0.4647225926277463,0.8861629504588099,0.8098585112793144,0.2753300381954775,-0.34009513218199233,1.3136996992322074,-0.927127940775431,-0.3119360855456899,0.19972408047437193,-0.2659357318106514,0.2616064795783166,-0.6718034312538467,-0.046507006585531085,-0.22694957260261941,0.00955066659150897,-0.11711813731407052,-0.3406586985821153,0.018385730784358404,-0.06883452109912763,-0.08452876326034293,-0.5192545577468528
-0.018647614136578686,-1.0267050971825307,0.5688316121027165,-0.2259011643444196,0.47165054280083163,0.3557096633579043,0.4749052748159211,-0.38235787493391143,-1.0863683707560603,1.0814874366729479,1.2577911973865348,-0.5331298660559594,-0.13117363663120532,-0.5118225818258059,0.47560833219403337,0.9995467190522829,0.07144879175346949,-0.6818551499916838,-0.2005143343468914,-0.7961770747827301,0.38078831856213563,0.2877392308001238,1.4207763000884501,-0.40830561520152353,-1.5939156787500264,-0.6935015129491992,-0.8108138470270854,-0.927127940775431,2.322562997700746,0.2195040163566633,-0.9350997718006433,0.26972130446319836,0.28529810946851264,-0.20335202578922718,0.22365535418569582,0.2333743331800834,0.66945435312025,-0.23604203266374094,0.5988327676566552,0.28397143902757976,0.09226417832368551,1.2792566811493895,0.8274383284103412
0.33667024550714847,0.3058307474191243,0.22372432627239786,-0.14259937766617745,-0.07557562234873329,0.032681807180399015,0.4022085480632281,-0.48089742010289505,0.3485798299478064,0.1842178008125037,0.21188009680566622,-0.09649510721873068,0.159407729760143,0.13116422110564452,0.16683368985021826,-0.041697432056690985,-0.05863008693494691,0.0032888299519096484,-0.3578402219279189,0.1921238917590696,-0.547445487134095,0.09727389419042988,-0.15852424773194568,0.010181847952262502,-0.5049190675421593,-0.5238894937351684,0.9229402665906147,-0.3119360855456899,0.2195040163566633,0.6573359454648039,0.22624580393063906,-0.41642523033901435,0.32791449775685877,0.17772814178530982,-0.6044930239527879,0.24640446281462586,0.20540846658163886,0.13137442765148252,0.15917426739761054,-0.00604192398595203,-0.1051848657402529,-0.28830707514079157,-0.2967895509895974
-0.18900812457970492,0.31998647906540684,-0.4863767097230472,0.46129339853866247,-0.3472931198181973,0.03285550766750791,-0.09145558343861485,-0.2731619452970777,0.9914565961207599,-0.20188810892486062,-0.5924750746785094,0.49608201275095715,-0.06368440730878151,0.42938011628444084,-0.2481089797555027,-0.3333032523994836,-0.23945666557142742,0.19075426872792225,-0.7599560336787924,0.15025140671415385,0.0033290238655863348,-0.004296664935588255,-0.6148786636260994,0.1609235758207005,0.5933517766964624,-0.11005540917521585,0.7434752855630509,0.19972408047437193,-0.9350997718006433,0.22624580393063906,0.9925028233037053,-0.45879242447426544,-0.17038266816281392,0.4890213094825091,-0.59789819578364,-0.22468993758753347,-0.4038165549017429,-0.23390722096294442,0.016119055989996328,-0.09340068757031958,-0.4194053266280139,-0.795539707244565,-0.11862543827212084
0.1419109764046768,-0.01760808911620948,0.11733532592904594,-0.15114056280404872,0.3229515295121592,-0.4395062001775956,0.23232191901309884,0.2601437101397545,-0.5162581087635868,0.3633350640897699,0.5868446458630124,0.2142476650904476,0.126349630297895,-0.39014531889840737,-0.2224824324730455,0.4181232947414863,0.3303609772436654,-0.3372382999596952,0.3530880733889009,0.06153860863142731,0.7299862905642452,-0.23774546692249637,0.5078324385643738,-0.3670487440172098,-0.21051818321873275,0.3862412041706423,-0.7818572132730889,-0.2659357318106514,0.26972130446319836,-0.41642523033901435,-0.45879242447426544,0.7573172007028006,0.09050643290538782,0.28630927814150503,0.7597774879244229,0.18671646789883542,-0.09523246134056755,-0.11233649181177212,-0.0765661114426328,-0.16493172160402833,0.5228705223836589,0.14745309572638166,0.4447195537644298
0.3197369042914432,0.49072918692784306,1.1162958552520277,0.2848564441109415,0.2296865369366023,-0.37278240880664926,0.9636551213295388,-1.3845055452980624,0.978887164505484,0.6749031416729866,0.4249265764214347,0.40936355094285776,-0.4273109924325218,-0.19681464065527776,-0.14510053929143585,-0.5412443291933401,-0.11013638662673134,-0.07642141886492214,0.6824214034003936,-0.28730493574537047,0.484426080845182,-0.4987347700132589,0.29406848459022544,0.6337474625036811,-0.8033397429748509,-0.2970863761305998,0.10553744016524004,0.2616064795783166,0.28529810946851264,0.32791449775685877,-0.17038266816281392,0.09050643290538782,1.5467245921353214,0.3026914310459933,0.1655487184958271,0.49927696797072263,0.7110286829030037,-0.4412663767557361,-0.3107112427932186,-0.15912984544091827,0.3774441477604681,-0.47077989662504144,-0.24467038935141747
0.2608978917429771,0.5892428193371158,-0.04430224664007961,0.2329640485691601,0.09033715927363913,-0.9438251299486026,0.6474048245548971,-0.6893359387624264,0.7529601981761719,0.6937991838327645,0.3470264231118588,0.7862210473272434,0.186116032810353,0.09930280954274247,-0.7711365229235414,-0.4123987235726159,0.15529521459691975,-0.6840891383045733,-1.017652637014631,0.5105613147025454,0.9006484219315459,-0.33362168037584544,0.15717823789121116,-0.4828628142109383,0.2778574232267878,-0.1260369715008424,0.5514296857076679,-0.6718034312538467,-0.20335202578922718,0.17772814178530982,0.4890213094825091,0.28630927814150503,0.3026914310459933,1.4611928994009626,-0.02625446381446267,-0.10332096003989813,-0.24069014058440594,-0.16441157852419605,-0.19006034597244323,-0.32486155256267546,0.23812499410458368,-0.8856033139233535,0.338369231822125
0.02692180379141371,-0.03823758473895927,0.07239355218210619,-0.2220072718628205,1.2303745022838902e-4,-0.5952797760268974,0.08142526430360382,0.3711825410199557,-0.298736978848818,0.39033946245739903,0.5424620040204856,0.5001369465715328,-0.09538319457662921,-0.6869831453902294,-0.19381516873743182,0.9991207710066421,0.36136689068974026,-0.8423701588465726,0.7266043784191464,-0.4964978392769513,1.0087323717477727,-0.022973345958509563,0.41292063646006905,0.13092642566254173,-0.8107579868444192,0.7877131259016847,-1.269719097212081,-0.046507006585531085,0.22365535418569582,-0.6044930239527879,-0.59789819578364,0.7597774879244229,0.1655487184958271,-0.02625446381446267,1.3194464216786577,0.577483087226022,0.2745046161986294,-0.7709997803396289,-0.060068183318494624,0.009572271415294665,0.11829950670058655,0.05833283688539212,0.6142388155747113
0.49056905807550455,0.4029030219368175,0.1995188445517236,-0.5015928372350215,-0.20912881984823828,-0.30830839980136543,0.5121180063370359,0.08435983902134457,0.06934214261025376,0.4113965579580528,0.8191116200688008,0.3959785977837524,0.18782311549002895,-0.6282299121829689,0.2825118044528969,1.5273823480411455,0.35176662494950406,-0.5607529802127357,0.6139771037198265,-0.337505194198045,0.06368205321296562,0.17319048342821078,-0.0340575338041152,0.31229149010888807,-1.7661394975584557,0.30173647583541424,-0.16391439196751256,-0.22694957260261941,0.2333743331800834,0.24640446281462586,-0.22468993758753347,0.18671646789883542,0.49927696797072263,-0.10332096003989813,0.577483087226022,1.234540376151116,0.4317085916515697,-0.757480930645119,0.3249090733689524,-0.008543747683401156,-0.07167074081570962,-0.392747658921415,0.15866175849740946
0.11706328525412739,-0.013575250652422485,0.609513905478259,-0.09168457268611872,-0.05067394401919569,-0.1511912836882928,0.35286549526493277,-0.6026268891276118,0.258569339574764,0.42832689698246457,0.3223277154431454,0.0250706831953385,-0.30372368253180937,-0.28171508764332376,0.1291203756433911,0.13032170452481132,-0.0490389953106823,-0.4867586900773259,0.4063336528239954,-0.5476628652363158,0.11201074209055314,0.08291828186256212,0.273132928427675,0.48430823934799133,-0.9894281643073709,-0.14844072799582178,-0.16912172967073058,0.00955066659150897,0.66945435312025,0.20540846658163886,-0.4038165549017429,-0.09523246134056755,0.7110286829030037,-0.24069014058440594,0.2745046161986294,0.4317085916515697,0.7901689276016952,-0.42158635551097706,-0.028408759234289434,0.1738127756518189,-0.16019497615264516,0.10369914326377307,-0.014596429865431595
0.38977005237911705,0.23611729345147708,0.13582313083320144,-0.44243038142738655,0.3963198315209168,0.0966907623921859,-0.23923920552647704,0.4893603568070264,-0.8403754775478001,-0.7488722427353552,-0.3632554538088703,-1.0238869143498133,0.5618772462803819,0.5578255197647576,0.03579507041187268,-1.4862300818480807,0.03051020108058369,0.9138726925775182,0.0019109009203914621,1.3180079811403074,-1.3180551040696686,-0.190834828404309,-0.30067082988023275,-0.7587754610691322,1.4651244038713138,-0.3088103599466148,0.9526820810439848,-0.11711813731407052,-0.23604203266374094,0.13137442765148252,-0.23390722096294442,-0.11233649181177212,-0.4412663767557361,-0.16441157852419605,-0.7709997803396289,-0.757480930645119,-0.42158635551097706,1.7764969245371105,-0.4105305373283922,-0.15266627258092474,0.665662214771789,0.3979712480258923,-0.9035906279645073
-0.1273040508059288,-0.4651412491105161,-0.3131844658161125,-0.08641118506753047,-0.08663188235010337,0.48259782345742003,-0.03548901459193748,0.23987750643277855,-0.3932010871333743,0.24005947136048492,0.417771970679935,-0.07837577209718813,0.07751532914960092,-0.22491594740090418,0.4229731313406541,1.236804987250438,0.05629276226743074,-0.13794665486010785,-0.30669875738760594,-0.46035468943762853,-0.0026822898018537245,0.3550176109612692,0.2591191814372353,-0.09052599601288881,-0.8827723005922707,-0.1655001820007117,-0.24802143592438083,-0.3406586985821153,0.5988327676566552,0.15917426739761054,0.016119055989996328,-0.0765661114426328,-0.3107112427932186,-0.19006034597244323,-0.060068183318494624,0.3249090733689524,-0.028408759234289434,-0.4105305373283922,0.6241956288230502,0.14635166014699372,-0.3013452674264019,0.319423763342871,0.47674831961092584
-0.1744095118168774,-0.3051593110509376,-0.07217694252494294,-0.021430071555180487,-0.12220817718106386,0.23283417354427458,-0.2071215589399464,0.08885032817446059,-0.13100089260157458,-0.029206762646600645,-0.06681636741109011,-0.14985735794051744,-0.12452808637899532,-0.04111754672345092,0.17891765284418168,0.24812389734177712,-0.08718136330398384,-0.12787500552790015,-0.03579242779876493,-0.3391213957185593,-0.0950390538714924,0.23861292195045392,0.06052743144552213,0.13868838722390073,-0.24044361587502583,-0.0487776420378043,-0.18033947933813796,0.018385730784358404,0.28397143902757976,-0.00604192398595203,-0.09340068757031958,-0.16493172160402833,-0.15912984544091827,-0.32486155256267546,0.009572271415294665,-0.008543747683401156,0.1738127756518189,-0.15266627258092474,0.14635166014699372,0.18684669321942227,-0.3023170045180298,0.28813383896864225,0.10357830138424137
0.3625387575357983,0.23870214689668162,0.48024068512212814,-0.1300349058699899,0.565115578177534,-0.24055424709427986,0.40031584497989786,-0.06593629607863315,-0.4631320625380101,0.09536187332169206,0.37879169626643167,-0.21547092184918162,0.23082165079455874,-0.04959977792147759,-0.12167584469987273,-0.5699205181126273,0.22078722333044276,0.43105506398491195,0.49976270936317807,0.6067988312903508,0.036452674406810215,-0.5149261850593994,0.3178193389002973,-0.42402114866138163,0.38411661058246926,-0.009626211133506563,-0.06259220546999544,-0.06883452109912763,0.09226417832368551,-0.1051848657402529,-0.4194053266280139,0.5228705223836589,0.3774441477604681,0.23812499410458368,0.11829950670058655,-0.07167074081570962,-0.16019497615264516,0.665662214771789,-0.3013452674264019,-0.3023170045180298,0.9211465496935329,0.12588858777085712,-0.21794384575256442
-0.39203513312622007,-1.1892407957842248,0.08995724640226245,-0.10139266795154214,0.4188044347091543,0.8478647103397756,-0.41536812179676236,0.4934827628850603,-1.4556584793617224,-0.015732498820745056,0.2402736661461344,-0.9391752619201588,-0.14354875010488402,-0.13654689381683838,0.563429025755164,0.3122243479409712,-0.06788275144294095,0.31421024069458725,0.2575477277687614,-0.4797038241895035,-0.21747685427807545,0.22633684996487785,0.8169877086602605,-0.341825238448362,-0.10149439012143083,-0.2628663816510606,-0.9907974817811956,-0.08452876326034293,1.2792566811493895,-0.28830707514079157,-0.795539707244565,0.14745309572638166,-0.47077989662504144,-0.8856033139233535,0.05833283688539212,-0.392747658921415,0.10369914326377307,0.3979712480258923,0.319423763342871,0.28813383896864225,0.12588858777085712,1.5384347562762202,0.340288635782072
-0.3671611446977257,-0.6718521376320225,-0.34611376146226797,0.19670763357149626,0.042874474240630366,-0.026216285446170683,0.06336257337710324,0.060521955761760865,-0.3280930022175071,0.7546475732737775,0.6328124567934797,0.4349468764627676,-0.15949608427190187,-0.439562852066555,-0.06530623040675299,1.271438307119433,0.14384995250587174,-0.8210944366797734,-0.5205972473344375,-0.7612697986673239,1.1848588455903397,0.18959928370633575,0.7960674790886983,-0.2404328641584398,-0.7833439746318702,0.11375530576486405,-1.0613921166273366,-0.5192545577468528,0.8274383284103412,-0.2967895509895974,-0.11862543827212084,0.4447195537644298,-0.24467038935141747,0.338369231822125,0.6142388155747113,0.15866175849740946,-0.014596429865431595,-0.9035906279645073,0.47674831961092584,0.10357830138424137,-0.21794384575256442,0.340288635782072,1.1388322337852634
