V1,V2,V3,V4,V5,V6,V7,V8,V9,V10,V11,V12,V13,V14,V15,V16,V17,V18,V19,V20,V21,V22,V23,V24,V25,V26,V27,V28,V29,V30,V31,V32,V33,V34,V35,V36,V37,V38,V39,V40,V41,V42,V43
0.6994698050842639,0.586579924733687,-0.2450271185811736,-0.0829259671297066,-2.565184793748213,-0.18977769661243452,-1.343226755309808,-0.3393233469702721,-4.616586359116724,-0.37514321267072276,-0.25105098918105206,-1.4854660966454996,-0.2025346475333923,1.2814017483292923,-1.2519798693834885,-1.717889985985662,-0.2600031414136827,-0.990704305056169,-0.7309171211207212,-2.500280044224371,1.452032038905297,-0.0631503905381524,0.2548934195661145,3.001565928166262,-2.270587439576878,0.25622698375886005,1.1359001409440161,-0.4788246171494198,0.5934307046712253,-0.9080734495826986,0.6747479826002998,-0.0865233477258084,-1.3103760909671602,0.37937060413080687,0.3206928143474215,0.6349354638372513,1.8076490252782895,-2.212324720025146,-3.50449897282457,0.5844313242523622,-0.7924529999010443,0.45688690007966454,-2.5708500920990662
0.586579924733687,0.575217809464626,-0.13674688002436983,-0.1313292588021594,-2.414518224478184,0.3240431910362883,-1.2683139224258393,-0.4691663737934297,-4.608777091117748,-0.3764922169995639,0.034769345477716714,-1.2524424741581208,-0.06312626107779143,0.8832449262386106,-1.2969663039430732,-1.78315999054853,-0.8870218130981967,-0.979229411077222,-0.9216653501064347,-2.6568821929409467,1.0669231887424526,0.22639762807828287,0.3567727610348015,3.1595866411019173,-1.955288684196897,0.317576550326819,1.15001928588688,-0.27469053105457675,-0.026036244287041828,-0.7739928023121262,0.4951297219017698,-0.09454372315927129,-1.6117755798174587,0.9115577254589402,0.6566302948162633,0.5205404388680905,1.8975161301803873,-2.2697139277852183,-3.357962286830266,0.572107747503941,-0.8776415220936314,0.6954659979745049,-2.6228607004359215
-0.2450271185811736,-0.13674688002436983,0.1528582142824339,-0.026190631979072967,0.6850456226748611,0.48780145626076865,0.34615395237013813,-0.030096287261515104,0.9953115828847886,0.08193736520099905,0.3027510591740229,0.5275274926882253,0.16159483467829308,-0.6282579665205855,0.22582049022056488,0.32215323093841425,-0.4890564029761261,0.22286094558189087,-0.00888701127862245,0.39682384864429837,-0.644392695242334,0.2679082120800095,0.031449593034402624,-0.5094958852537981,0.7581409989175267,2.0335239657158673e-4,-0.2255960815919577,0.28046132900262516,-0.6641656778754597,0.3130103417949889,-0.30265256982496025,0.011216223235480554,0.018358661788203178,0.3810744376973698,0.23187953834679959,-0.2387404819084444,-0.3110503442184205,0.4194848153319455,0.8822233337601438,-0.14425679122768278,0.09349072749434592,0.11190769641967543,0.5089891695443947
-0.0829259671297066,-0.1313292588021594,-0.026190631979072967,0.05741996652635234,0.49785274436170796,-0.3452568901564959,0.2674761910141595,0.17576801271040407,1.0997113689712283,0.08974796086888141,-0.15732182613253823,0.17586110860192167,-0.05620567160784462,-0.0010744329586414825,0.3353474468193002,0.45648737243243076,0.5386706756067501,0.22817086741127485,0.31987058562081894,0.7188588761513495,-0.055607421550436846,-0.20606188917197216,-0.13743763229190137,-0.8372113672907,0.3050075262118141,-0.10876998557665246,-0.28498657528170934,-0.040586807450201004,0.32806016738336946,0.11472745597095442,-0.024260319031327218,0.026936752191016624,0.5429399360948357,-0.49516976414846114,-0.3356271125966809,-0.06377250673987897,-0.5003388435916544,0.5752617925710536,0.7261176669321016,-0.12712407832183337,0.25543726407930867,-0.29172886976307316,0.6536293724054224
-2.565184793748213,-2.414518224478184,0.6850456226748611,0.49785274436170796,10.245403861873836,-0.8225081446206581,5.3737235040984626,1.8327261796491874,19.26319599877688,1.5732234082288947,0.1498768180843873,5.477417268599898,0.4061605499774821,-4.105831029244815,5.370406558159655,7.389714973392378,3.058476916922537,4.100954076619414,3.6555145534711144,10.939211597963922,-4.853867084658487,-0.6446400300870999,-1.3866398584350315,-13.038635160366479,8.493212908313291,-1.263913962819852,-4.7867903837359,1.3589827214484862,-0.5301851399979687,3.373638147300092,-2.256243510104846,0.3846951800040223,6.423258966025565,-3.259800764717657,-2.391478495788878,-2.2953690942105407,-7.834284964756692,9.421401353708722,14.182713947989798,-2.407100870348163,3.578318002889632,-2.658065745106087,10.90221139765207
-0.18977769661243452,0.3240431910362883,0.48780145626076865,-0.3452568901564959,-0.8225081446206581,2.9043490593889207,-0.47406747372063723,-0.9714142502859363,-3.0526526687734967,-0.25417261803323227,1.5185386309551065,0.39168572861104717,0.6795497886839847,-1.5055896742277837,-1.1128392561793647,-1.514150386987785,-3.8722378321249917,-0.5944571055399579,-1.6152737139689328,-2.607909546973195,-1.2939993155830611,1.6717339519744152,0.76664940730154,2.9371840240003158,0.3316822517991169,0.5387833797259644,0.8575278558564484,0.8823239348704359,-3.251700121094767,0.18606684270437665,-0.6108113975593382,-0.10576805599623465,-2.657014430550488,3.3925959635567278,2.215179790796354,-0.2553190450195916,1.738563963434119,-1.8333290846206596,-1.4783866774277628,0.30099350464174,-1.03948640679083,1.719430608018269,-2.0230637075076747
-1.343226755309808,-1.2683139224258393,0.34615395237013813,0.2674761910141595,5.3737235040984626,-0.47406747372063723,2.8271680983578746,0.964809947046098,10.133626300718973,0.8248611413065174,0.055743825479965585,2.85620395615558,0.20521627532767267,-2.121251361132163,2.8317371410699224,3.8821185053744878,1.658452437139518,2.156960479625725,1.9373111837483679,5.768987407888364,-2.5243497785901825,-0.36455499018351273,-0.7351253315065495,-6.868620583734315,4.445622674084287,-0.6705624217731518,-2.5244653876185548,0.6975165697661465,-0.2307204273796283,1.76242356777235,-1.1705493613571063,0.20387129743121124,3.403617008005641,-1.7569210729664326,-1.2929345069240215,-1.194963906972452,-4.127154023496546,4.964908904676796,7.4456231304607545,-1.2576819489798252,1.890931298908135,-1.4192767193149962,5.737631122482404
-0.3393233469702721,-0.4691663737934297,-0.030096287261515104,0.17576801271040407,1.8327261796491874,-0.9714142502859363,0.964809947046098,0.5793313248258856,3.8753508331572317,0.32225216055750316,-0.41839144941831263,0.74517279059895,-0.13732707016691023,-0.20716663348721234,1.1535289756485259,1.6007840328902057,1.601366048354693,0.8045795709685977,1.0401180704202873,2.456099985058498,-0.3741200134025157,-0.5833879970962024,-0.4412099932443924,-2.8790879801477387,1.2164402330969342,-0.3547332969162387,-0.9855562518379227,-0.04224009237982908,0.8640219009145654,0.471013159140778,-0.1759470091319677,0.08730676210085968,1.7681355197511186,-1.4930985425725463,-1.0051450731883085,-0.2871971930659126,-1.720742152129737,1.9906303074987721,2.6344090816076666,-0.4694116160927074,0.8566310109912202,-0.9108209511314991,2.2763394805457686
-4.616586359116724,-4.608777091117748,0.9953115828847886,1.0997113689712283,19.26319599877688,-3.0526526687734967,10.133626300718973,3.8753508331572317,37.02462817868893,3.0242364015514864,-0.530411024286912,9.854195589868304,0.38861883254585367,-6.741396916622017,10.46367527456337,14.376235829704251,7.6750469840141475,7.851924986744434,7.575259143474897,21.491485909037863,-8.236106755611187,-2.0739178583368165,-2.9532326496127954,-25.519184483482164,15.436032896491968,-2.6105545102585004,-9.257355328219012,2.029833624729614,0.7489030672350925,6.100218034950398,-3.821300403326,0.7634245501333077,13.215061452750534,-7.790514561840648,-5.577453834336206,-4.080798343670235,-15.319729698494625,18.292460265203303,26.848183587823485,-4.576906906773575,7.13010661462984,-5.799531855254115,21.10791678189809
-0.37514321267072276,-0.3764922169995639,0.08193736520099905,0.08974796086888141,1.5732234082288947,-0.25417261803323227,0.8248611413065174,0.32225216055750316,3.0242364015514864,0.24935255645593282,-0.046371941870709484,0.80705653254669,0.029920841284796953,-0.5490284688811605,0.8545635639528324,1.1805111370204868,0.6337780285708188,0.6374256598887232,0.622992217969649,1.759004172707694,-0.6679532423327058,-0.17196126302289177,-0.24363709080913848,-2.086066963119281,1.255038365006106,-0.21665553986112737,-0.7543066973009734,0.16720404106455314,0.06663571808020446,0.4970942420834843,-0.31201816569791124,0.06047715913788625,1.081216363689052,-0.6417187304854662,-0.455365209343132,-0.3349644994595956,-1.2516665927444264,1.4941503066872903,2.1933864620718824,-0.3762338421066685,0.5838945710052116,-0.47635876699028173,1.7210593395131344
-0.25105098918105206,0.034769345477716714,0.3027510591740229,-0.15732182613253823,0.1498768180843873,1.5185386309551065,0.055743825479965585,-0.41839144941831263,-0.530411024286912,-0.046371941870709484,0.827712819667858,0.5277414220873172,0.38995897573922805,-1.0495432074449373,-0.2890521128985273,-0.3894275898811484,-1.911194098808554,-0.08187966723264585,-0.6600029994092225,-0.7734851366028406,-0.9792248762125301,0.8641800834596294,0.3333253310252961,0.8284253591134985,0.6714243892054159,0.21820576565322644,0.18490115170539134,0.553722026679499,-1.7840963924811377,0.2957933647038853,-0.45970497427884704,-0.03415042288881245,-1.0605901026629514,1.6408204560631818,1.0556123990482695,-0.270100178814595,0.4833892719327651,-0.44299976369943084,0.02407552723503654,0.02306942957787311,-0.3536079985241768,0.7734582133992772,-0.4580926011005753
-1.4854660966454996,-1.2524424741581208,0.5275274926882253,0.17586110860192167,5.477417268599898,0.39168572861104717,2.85620395615558,0.74517279059895,9.854195589868304,0.80705653254669,0.5277414220873172,3.177794273512425,0.42489671498826276,-2.7350849297527153,2.6697493490118265,3.6886262774274883,0.5740165188685092,2.107679777902295,1.5706198743500293,5.343425386909896,-3.08534242381278,0.13014446505326346,-0.5514532029288411,-6.4148724487205255,4.831438213160389,-0.5521844261739598,-2.4165987739612715,1.0220835134929505,-1.2487824608100844,1.93694355114183,-1.4403511704697718,0.18038899858349738,2.804105956127337,-0.8258907483082173,-0.6803259898273649,-1.3598648083319038,-3.8610444874130114,4.7190993951407965,7.483138885804527,-1.258721538588711,1.6933611956942463,-0.980253704544462,5.48436634500629
-0.2025346475333923,-0.06312626107779143,0.16159483467829308,-0.05620567160784462,0.4061605499774821,0.6795497886839847,0.20521627532767267,-0.13732707016691023,0.38861883254585367,0.029920841284796953,0.38995897573922805,0.42489671498826276,0.1960726940482431,-0.6213727985926825,0.04382258584109293,0.05950619406717395,-0.788636948478949,0.09576289941132997,-0.1861840159724357,0.002372286885064118,-0.6162616617585186,0.37980800642143425,0.11000531434582121,-0.042814238106770916,0.5927097339986601,0.05824736449565868,-0.07354750899806901,0.30363034653040966,-0.8488350696896557,0.2480772277315142,-0.2879915677567803,-0.0035204490860325697,-0.28226458110226565,0.6564679147294619,0.4099507137269087,-0.20090306857136098,-0.03254227104081821,0.10625174112846233,0.4778578616732949,-0.06592634355889918,-0.045462767847296866,0.2712233972368842,0.14402826083487102
1.2814017483292923,0.8832449262386106,-0.6282579665205855,-0.0010744329586414825,-4.105831029244815,-1.5055896742277837,-2.121251361132163,-0.20716663348721234,-6.741396916622017,-0.5490284688811605,-1.0495432074449373,-2.7350849297527153,-0.6213727985926825,2.8350087676483486,-1.7084746251445537,-2.3708465274920063,1.1191027180223267,-1.4706772307771478,-0.61037885355846,-3.2624116461948764,3.0313557527290076,-0.7906196369471296,0.1331495909429312,4.002095864773471,-4.055370848521302,0.22301048040370847,1.6081435622556781,-1.185497650290644,2.3408891775297205,-1.6476962773094794,1.4169459749959543,-0.10493866613074304,-1.1884951252389278,-0.7177646475500364,-0.35475266713172854,1.2054946281076095,2.4210864495798954,-3.0748596356378237,-5.462951699000228,0.8989408239686418,-0.9459516902099014,0.08984610576004552,-3.625249297342717
-1.2519798693834885,-1.2969663039430732,0.22582049022056488,0.3353474468193002,5.370406558159655,-1.1128392561793647,2.8317371410699224,1.1535289756485259,10.46367527456337,0.8545635639528324,-0.2890521128985273,2.6697493490118265,0.04382258584109293,-1.7084746251445537,2.9818398170386904,4.090684866769127,2.474301292298599,2.2133443809999984,2.234288453186925,6.153582805385838,-2.1421407754191097,-0.7286003084074477,-0.8832643349234696,-7.289123230518051,4.211542731924851,-0.7693219440301928,-2.626823350633762,0.4753052503828193,0.5115051594905461,1.6582740059465837,-0.9921372191775453,0.21979334543204648,3.882110816473166,-2.4605818038360754,-1.7441944954667445,-1.0967534135726682,-4.373712948310152,5.2018032647667,7.5171504773426046,-1.283692251707942,2.058456952368913,-1.7569095118994185,5.990492378545328
-1.717889985985662,-1.78315999054853,0.32215323093841425,0.45648737243243076,7.389714973392378,-1.514150386987785,3.8821185053744878,1.6007840328902057,14.376235829704251,1.1805111370204868,-0.3894275898811484,3.6886262774274883,0.05950619406717395,-2.3708465274920063,4.090684866769127,5.640427680255933,3.384109640215384,3.0358144946480916,3.069214656175297,8.450943419892956,-2.949821639088573,-0.9889584866015133,-1.2157243439291727,-10.015090865734484,5.788314686738989,-1.0574476856237354,-3.5989169621265797,0.6632126417125179,0.6875748001149663,2.284925234190864,-1.3732076067569006,0.29759514979365975,5.324598164527911,-3.367778051602977,-2.371954704257043,-1.5179413927936396,-6.007401602387131,7.139078490928838,10.33928519384879,-1.7776236187373633,2.8243797651228815,-2.4048834615190793,8.226332181389864
-0.2600031414136827,-0.8870218130981967,-0.4890564029761261,0.5386706756067501,3.058476916922537,-3.8722378321249917,1.658452437139518,1.601366048354693,7.6750469840141475,0.6337780285708188,-1.911194098808554,0.5740165188685092,-0.788636948478949,1.1191027180223267,2.474301292298599,3.384109640215384,5.547454661580077,1.5612084603181877,2.7813224766519524,5.477005421395641,0.7027652356910854,-2.2625376201430827,-1.2516721292212714,-6.307397913598151,1.2393042857743712,-0.9376026377310035,-2.033285870093714,-0.8596756591444686,4.050710955939721,0.4231401770185667,0.337823235810109,0.2095853761399642,4.6532067414046,-4.973829176991366,-3.298416556359197,-0.12441561584165778,-3.755980978091564,4.188800929792108,4.668316245232196,-0.8564787491431429,2.0299188391547114,-2.7182554956909923,4.718977462919691
-0.990704305056169,-0.979229411077222,0.22286094558189087,0.22817086741127485,4.100954076619414,-0.5944571055399579,2.156960479625725,0.8045795709685977,7.851924986744434,0.6374256598887232,-0.08187966723264585,2.107679777902295,0.09576289941132997,-1.4706772307771478,2.2133443809999984,3.0358144946480916,1.5612084603181877,1.676709271996552,1.5808393918207206,4.534123523378697,-1.7879899187240569,-0.408698884366553,-0.6140823808293938,-5.398224216127893,3.3111374746355238,-0.5387132135964604,-1.962706047512339,0.4433488183230164,0.09732813935241565,1.3085399173201835,-0.8261144962359269,0.16598561980638568,2.7738220044168673,-1.596740587859467,-1.1505259243750248,-0.8726657211323551,-3.242574686171702,3.8712924122351837,5.707264341419478,-0.971837354718361,1.4998449719017748,-1.2026739990934727,4.48304006911622
-0.7309171211207212,-0.9216653501064347,-0.00888701127862245,0.31987058562081894,3.6555145534711144,-1.6152737139689328,1.9373111837483679,1.0401180704202873,7.575259143474897,0.622992217969649,-0.6600029994092225,1.5706198743500293,-0.1861840159724357,-0.61037885355846,2.234288453186925,3.069214656175297,2.7813224766519524,1.5808393918207206,1.9234227987705195,4.713150400495252,-0.9468160934094124,-0.9850723763589296,-0.8009003420480492,-5.531246038174627,2.5556682818103735,-0.6595130600775414,-1.9278227735026305,0.02765413044641421,1.3437429241582735,0.9904642679889128,-0.43789277645616603,0.16922104563108703,3.2880070145735063,-2.6216769319907085,-1.7942246294032296,-0.6168598094739831,-3.310319680163099,3.8644540979588835,5.219657799689388,-0.9090632429187717,1.62910217681543,-1.6512936612198885,4.417542900744989
-2.500280044224371,-2.6568821929409467,0.39682384864429837,0.7188588761513495,10.939211597963922,-2.607909546973195,5.768987407888364,2.456099985058498,21.491485909037863,1.759004172707694,-0.7734851366028406,5.343425386909896,0.002372286885064118,-3.2624116461948764,6.153582805385838,8.450943419892956,5.477005421395641,4.534123523378697,4.713150400495252,12.743431664805629,-4.1579400426077875,-1.6778974663960702,-1.8798328293841853,-15.07293145226209,8.451258841629656,-1.6230683130572245,-5.403242016027314,0.8525965613793274,1.438332239967254,3.3228238653061983,-1.9278626504485605,0.4534259852509133,8.163241371770804,-5.389114292944513,-3.790264531335248,-2.1847039960517614,-9.039935198624555,10.722274529862528,15.352775095145605,-2.6315131601471924,4.28354736781367,-3.7595321292640547,12.332810130674634
1.452032038905297,1.0669231887424526,-0.644392695242334,-0.055607421550436846,-4.853867084658487,-1.2939993155830611,-2.5243497785901825,-0.3741200134025157,-8.236106755611187,-0.6679532423327058,-0.9792248762125301,-3.08534242381278,-0.6162616617585186,3.0313557527290076,-2.1421407754191097,-2.949821639088573,0.7027652356910854,-1.7879899187240569,-0.9468160934094124,-4.1579400426077875,3.3005490385725276,-0.6544827045535399,0.2669985133793394,5.056747957150496,-4.62854804098979,0.3388137759055278,1.990584397476922,-1.2309880224022658,2.2063126483477062,-1.869201328547746,1.537717174950847,-0.13918300290029623,-1.7739640313193958,-0.31319817337999734,-0.06278143656383806,1.3464532847591273,3.0545918323615053,-3.8278887643040855,-6.518248534261695,1.0732218965612967,-1.2499373651711105,0.3668400920391914,-4.487119698588565
-0.0631503905381524,0.22639762807828287,0.2679082120800095,-0.20606188917197216,-0.6446400300870999,1.6717339519744152,-0.36455499018351273,-0.5833879970962024,-2.0739178583368165,-0.17196126302289177,0.8641800834596294,0.13014446505326346,0.37980800642143425,-0.7906196369471296,-0.7286003084074477,-0.9889584866015133,-2.2625376201430827,-0.408698884366553,-0.9850723763589296,-1.6778974663960702,-0.6544827045535399,0.9662393245306025,0.46098016740035297,1.8993867944596918,0.04312361251883412,0.3306941924868012,0.5732423113992674,0.478917147924655,-1.8456110562052856,0.04890583075487561,-0.3100934963872307,-0.06682680569085851,-1.6262543510740926,1.9918263711017998,1.3073054557297092,-0.10650910767864762,1.1265115982210077,-1.209893066514962,-1.0871039756801646,0.21106335809257232,-0.6557427353616784,1.027995108670472,-1.3405296676531246
0.2548934195661145,0.3567727610348015,0.031449593034402624,-0.13743763229190137,-1.3866398584350315,0.76664940730154,-0.7351253315065495,-0.4412099932443924,-2.9532326496127954,-0.24363709080913848,0.3333253310252961,-0.5514532029288411,0.11000531434582121,0.1331495909429312,-0.8832643349234696,-1.2157243439291727,-1.2516721292212714,-0.6140823808293938,-0.8009003420480492,-1.8798328293841853,0.2669985133793394,0.46098016740035297,0.3397746657642468,2.2004218308161763,-0.9131311609606535,0.27318808341252193,0.7553224623838718,0.043523528865157576,-0.688985317419626,-0.350985625415666,0.12321704155409956,-0.0683146313533737,-1.3627656194364448,1.1641442066472845,0.7883752232477074,0.21051127203793146,1.3157166495670714,-1.522364610854213,-1.997879691915039,0.3522968017713005,-0.6578617820259466,0.7073037346986376,-1.7380938531110528
3.001565928166262,3.1595866411019173,-0.5094958852537981,-0.8372113672907,-13.038635160366479,2.9371840240003158,-6.868620583734315,-2.8790879801477387,-25.519184483482164,-2.086066963119281,0.8284253591134985,-6.4148724487205255,-0.042814238106770916,4.002095864773471,-7.289123230518051,-10.015090865734484,-6.307397913598151,-5.398224216127893,-5.531246038174627,-15.07293145226209,5.056747957150496,1.8993867944596918,2.2004218308161763,17.85326128762338,-10.13585220120697,1.8980576287161588,6.408324929311594,-1.0672222407875405,-1.519584572346374,-3.9893057455409235,2.3431532888790514,-0.540631009389384,-9.601666407685963,6.233782099869825,4.392893746553877,2.6269654576936006,10.710011080435809,-12.708017096059459,-18.275556626990703,3.1339942119491875,-5.054601784171773,4.385643264456871,-14.641856241930634
-2.270587439576878,-1.955288684196897,0.7581409989175267,0.3050075262118141,8.493212908313291,0.3316822517991169,4.445622674084287,1.2164402330969342,15.436032896491968,1.255038365006106,0.6714243892054159,4.831438213160389,0.5927097339986601,-4.055370848521302,4.211542731924851,5.788314686738989,1.2393042857743712,3.3111374746355238,2.5556682818103735,8.451258841629656,-4.62854804098979,0.04312361251883412,-0.9131311609606535,-10.13585220120697,7.409589240668077,-0.8884293885080585,-3.8046094508836767,1.476471467962287,-1.6163909642233538,2.960160408409216,-2.1511603744749435,0.29512502058130313,4.563020495872206,-1.5841175236577303,-1.2672995348311924,-2.0558738202658966,-6.100508448793268,7.429985413171358,11.636193134208783,-1.9519725081659285,2.6982388950493488,-1.6663308336678668,8.634817437789806
0.25622698375886005,0.317576550326819,2.0335239657158673e-4,-0.10876998557665246,-1.263913962819852,0.5387833797259644,-0.6705624217731518,-0.3547332969162387,-2.6105545102585004,-0.21665553986112737,0.21820576565322644,-0.5521844261739598,0.05824736449565868,0.22301048040370847,-0.7693219440301928,-1.0574476856237354,-0.9376026377310035,-0.5387132135964604,-0.6595130600775414,-1.6230683130572245,0.3388137759055278,0.3306941924868012,0.27318808341252193,1.8980576287161588,-0.8884293885080585,0.23061390147464536,0.6638775998316108,-0.021836906609829947,-0.43970433499790573,-0.3448411129515876,0.1584081903333297,-0.05527772583464208,-1.1206121177986081,0.8848594278479465,0.6061747086108125,0.21886677193682275,1.1355205091916387,-1.3312478407545703,-1.8038597060132064,0.3126245255172383,-0.560678574400327,0.562631712109564,-1.5127227000615349
1.1359001409440161,1.15001928588688,-0.2255960815919577,-0.28498657528170934,-4.7867903837359,0.8575278558564484,-2.5244653876185548,-0.9855562518379227,-9.257355328219012,-0.7543066973009734,0.18490115170539134,-2.4165987739612715,-0.07354750899806901,1.6081435622556781,-2.626823350633762,-3.5989169621265797,-2.033285870093714,-1.962706047512339,-1.9278227735026305,-5.403242016027314,1.990584397476922,0.5732423113992674,0.7553224623838718,6.408324929311594,-3.8046094508836767,0.6638775998316108,2.3212510556108006,-0.46916827148433216,-0.29957397102160893,-1.4997480446016407,0.9209728020387004,-0.19359946644115902,-3.359858620358648,2.044759276049038,1.461843420347122,0.9968459240380854,3.846858367090811,-4.587410835346214,-6.684354991846142,1.1370054524979025,-1.7994052778052223,1.495022325004247,-5.287991631464732
-0.4788246171494198,-0.27469053105457675,0.28046132900262516,-0.040586807450201004,1.3589827214484862,0.8823239348704359,0.6975165697661465,-0.04224009237982908,2.029833624729614,0.16720404106455314,0.553722026679499,1.0220835134929505,0.30363034653040966,-1.185497650290644,0.4753052503828193,0.6632126417125179,-0.8596756591444686,0.4433488183230164,0.02765413044641421,0.8525965613793274,-1.2309880224022658,0.478917147924655,0.043523528865157576,-1.0672222407875405,1.476471467962287,-0.021836906609829947,-0.46916827148433216,0.5336740195715917,-1.2233126504056893,0.6060158752891946,-0.577909299238098,0.02138958448326803,0.10157923096068934,0.6612621583837642,0.3912413381137578,-0.4616828847079385,-0.6497336481782163,0.8753520455565228,1.764141175844602,-0.2816907167101001,0.21465921988841472,0.1712179473570861,1.0364822970821335
0.5934307046712253,-0.026036244287041828,-0.6641656778754597,0.32806016738336946,-0.5301851399979687,-3.251700121094767,-0.2307204273796283,0.8640219009145654,0.7489030672350925,0.06663571808020446,-1.7840963924811377,-1.2487824608100844,-0.8488350696896557,2.3408891775297205,0.5115051594905461,0.6875748001149663,4.050710955939721,0.09732813935241565,1.3437429241582735,1.438332239967254,2.2063126483477062,-1.8456110562052856,-0.688985317419626,-1.519584572346374,-1.6163909642233538,-0.43970433499790573,-0.29957397102160893,-1.2233126504056893,3.8525504058954665,-0.7043722865205151,1.0361237415765592,0.06755502174681711,2.15329598023873,-3.4654318709157215,-2.222532624759897,0.6294158967381099,-0.8824369619225506,0.7596295341672542,-0.340538412889126,-0.0024962985012532894,0.6862220571755914,-1.6089064561454791,0.7696816615548637
-0.9080734495826986,-0.7739928023121262,0.3130103417949889,0.11472745597095442,3.373638147300092,0.18606684270437665,1.76242356777235,0.471013159140778,6.100218034950398,0.4970942420834843,0.2957933647038853,1.93694355114183,0.2480772277315142,-1.6476962773094794,1.6582740059465837,2.284925234190864,0.4231401770185667,1.3085399173201835,0.9904642679889128,3.3228238653061983,-1.869201328547746,0.04890583075487561,-0.350985625415666,-3.9893057455409235,2.960160408409216,-0.3448411129515876,-1.4997480446016407,0.6060158752891946,-0.7043722865205151,1.1846756117154524,-0.8702934642468952,0.11488462338467138,1.7707939726170598,-0.5695651979997455,-0.4616460291981129,-0.8262260344270038,-2.401133213251679,2.9284127287868973,4.615137861130917,-0.775554527501605,1.0567436246158772,-0.6323985686586979,3.4059387911390226
0.6747479826002998,0.4951297219017698,-0.30265256982496025,-0.024260319031327218,-2.256243510104846,-0.6108113975593382,-1.1705493613571063,-0.1759470091319677,-3.821300403326,-0.31201816569791124,-0.45970497427884704,-1.4403511704697718,-0.2879915677567803,1.4169459749959543,-0.9921372191775453,-1.3732076067569006,0.337823235810109,-0.8261144962359269,-0.43789277645616603,-1.9278626504485605,1.537717174950847,-0.3100934963872307,0.12321704155409956,2.3431532888790514,-2.1511603744749435,0.1584081903333297,0.9209728020387004,-0.577909299238098,1.0361237415765592,-0.8702934642468952,0.7187775810952434,-0.0622950744563566,-0.8163838033362628,-0.1553823252167953,-0.0395153561102601,0.6296402523629228,1.4146565738737358,-1.7739701876674023,-3.0287808880058535,0.5009099321079595,-0.5787224339223116,0.16550654019779099,-2.077082011325854
-0.0865233477258084,-0.09454372315927129,0.011216223235480554,0.026936752191016624,0.3846951800040223,-0.10576805599623465,0.20387129743121124,0.08730676210085968,0.7634245501333077,0.06047715913788625,-0.03415042288881245,0.18038899858349738,-0.0035204490860325697,-0.10493866613074304,0.21979334543204648,0.29759514979365975,0.2095853761399642,0.16598561980638568,0.16922104563108703,0.4534259852509133,-0.13918300290029623,-0.06682680569085851,-0.0683146313533737,-0.540631009389384,0.29512502058130313,-0.05527772583464208,-0.19359946644115902,0.02138958448326803,0.06755502174681711,0.11488462338467138,-0.0622950744563566,0.018973239751495292,0.29866333062503153,-0.20446094622502034,-0.14533602995181508,-0.07218865739590159,-0.3250455214275931,0.3821078112130472,0.5408807602268927,-0.09224653801342561,0.15295135893802478,-0.13869912835737538,0.44555819910536415
-1.3103760909671602,-1.6117755798174587,0.018358661788203178,0.5429399360948357,6.423258966025565,-2.657014430550488,3.403617008005641,1.7681355197511186,13.215061452750534,1.081216363689052,-1.0605901026629514,2.804105956127337,-0.28226458110226565,-1.1884951252389278,3.882110816473166,5.324598164527911,4.6532067414046,2.7738220044168673,3.2880070145735063,8.163241371770804,-1.7739640313193958,-1.6262543510740926,-1.3627656194364448,-9.601666407685963,4.563020495872206,-1.1206121177986081,-3.359858620358648,0.10157923096068934,2.15329598023873,1.7707939726170598,-0.8163838033362628,0.29866333062503153,5.6442939410703845,-4.406153007548752,-3.028356668327769,-1.1057433982475495,-5.749453318469997,6.720553616440909,9.148038452448036,-1.5887113192477325,2.810898499360575,-2.802631315299647,7.703633123973287
0.37937060413080687,0.9115577254589402,0.3810744376973698,-0.49516976414846114,-3.259800764717657,3.3925959635567278,-1.7569210729664326,-1.4930985425725463,-7.790514561840648,-0.6417187304854662,1.6408204560631818,-0.8258907483082173,0.6564679147294619,-0.7177646475500364,-2.4605818038360754,-3.367778051602977,-4.973829176991366,-1.596740587859467,-2.6216769319907085,-5.389114292944513,-0.31319817337999734,1.9918263711017998,1.1641442066472845,6.233782099869825,-1.5841175236577303,0.8848594278479465,2.044759276049038,0.6612621583837642,-3.4654318709157215,-0.5695651979997455,-0.1553823252167953,-0.20446094622502034,-4.406153007548752,4.491246810511521,2.992397187575605,0.24565050619164422,3.7162566145432954,-4.185578375382525,-4.887392179425484,0.8848972231100584,-1.968436302423986,2.5070090847847886,-4.733878728835907
0.3206928143474215,0.6566302948162633,0.23187953834679959,-0.3356271125966809,-2.391478495788878,2.215179790796354,-1.2929345069240215,-1.0051450731883085,-5.577453834336206,-0.455365209343132,1.0556123990482695,-0.6803259898273649,0.4099507137269087,-0.35475266713172854,-1.7441944954667445,-2.371954704257043,-3.298416556359197,-1.1505259243750248,-1.7942246294032296,-3.790264531335248,-0.06278143656383806,1.3073054557297092,0.7883752232477074,4.392893746553877,-1.2672995348311924,0.6061747086108125,1.461843420347122,0.3912413381137578,-2.222532624759897,-0.4616460291981129,-0.0395153561102601,-0.14533602995181508,-3.028356668327769,2.992397187575605,2.0093879508001096,0.21906835253698054,2.62177740933278,-2.9737940292372116,-3.5541246894450413,0.6319165419080746,-1.3736073169123915,1.6960387648091266,-3.367829954396943
0.6349354638372513,0.5205404388680905,-0.2387404819084444,-0.06377250673987897,-2.2953690942105407,-0.2553190450195916,-1.194963906972452,-0.2871971930659126,-4.080798343670235,-0.3349644994595956,-0.270100178814595,-1.3598648083319038,-0.20090306857136098,1.2054946281076095,-1.0967534135726682,-1.5179413927936396,-0.12441561584165778,-0.8726657211323551,-0.6168598094739831,-2.1847039960517614,1.3464532847591273,-0.10650910767864762,0.21051127203793146,2.6269654576936006,-2.0558738202658966,0.21886677193682275,0.9968459240380854,-0.4616828847079385,0.6294158967381099,-0.8262260344270038,0.6296402523629228,-0.07218865739590159,-1.1057433982475495,0.24565050619164422,0.21906835253698054,0.5850205467007902,1.5817326284568831,-1.9429043969092776,-3.125197116773009,0.5245183323065982,-0.6859127108873815,0.36272618066330836,-2.259045674517923
1.8076490252782895,1.8975161301803873,-0.3110503442184205,-0.5003388435916544,-7.834284964756692,1.738563963434119,-4.127154023496546,-1.720742152129737,-15.319729698494625,-1.2516665927444264,0.4833892719327651,-3.8610444874130114,-0.03254227104081821,2.4210864495798954,-4.373712948310152,-6.007401602387131,-3.755980978091564,-3.242574686171702,-3.310319680163099,-9.039935198624555,3.0545918323615053,1.1265115982210077,1.3157166495670714,10.710011080435809,-6.100508448793268,1.1355205091916387,3.846858367090811,-0.6497336481782163,-0.8824369619225506,-2.401133213251679,1.4146565738737358,-0.3250455214275931,-5.749453318469997,3.7162566145432954,2.62177740933278,1.5817326284568831,6.4255128498393015,-7.626015916962848,-10.977706747293633,1.8814565334342959,-3.029896976297921,2.6211390947223947,-8.78890708091586
-2.212324720025146,-2.2697139277852183,0.4194848153319455,0.5752617925710536,9.421401353708722,-1.8333290846206596,4.964908904676796,1.9906303074987721,18.292460265203303,1.4941503066872903,-0.44299976369943084,4.7190993951407965,0.10625174112846233,-3.0748596356378237,5.2018032647667,7.139078490928838,4.188800929792108,3.8712924122351837,3.8644540979588835,10.722274529862528,-3.8278887643040855,-1.209893066514962,-1.522364610854213,-12.708017096059459,7.429985413171358,-1.3312478407545703,-4.587410835346214,0.8753520455565228,0.7596295341672542,2.9284127287868973,-1.7739701876674023,0.3821078112130472,6.720553616440909,-4.185578375382525,-2.9737940292372116,-1.9429043969092776,-7.626015916962848,9.07952423172707,13.172968422175877,-2.248437127257405,3.5793298680650936,-3.0187311027466786,10.460449832568209
-3.50449897282457,-3.357962286830266,0.8822233337601438,0.7261176669321016,14.182713947989798,-1.4783866774277628,7.4456231304607545,2.6344090816076666,26.848183587823485,2.1933864620718824,0.02407552723503654,7.483138885804527,0.4778578616732949,-5.462951699000228,7.5171504773426046,10.33928519384879,4.668316245232196,5.707264341419478,5.219657799689388,15.352775095145605,-6.518248534261695,-1.0871039756801646,-1.997879691915039,-18.275556626990703,11.636193134208783,-1.8038597060132064,-6.684354991846142,1.764141175844602,-0.340538412889126,4.615137861130917,-3.0287808880058535,0.5408807602268927,9.148038452448036,-4.887392179425484,-3.5541246894450413,-3.125197116773009,-10.977706747293633,13.172968422175877,19.674561317689978,-3.3436557346945945,5.044781789074038,-3.8609251301298935,15.227754162710584
0.5844313242523622,0.572107747503941,-0.14425679122768278,-0.12712407832183337,-2.407100870348163,0.30099350464174,-1.2576819489798252,-0.4694116160927074,-4.576906906773575,-0.3762338421066685,0.02306942957787311,-1.258721538588711,-0.06592634355889918,0.8989408239686418,-1.283692251707942,-1.7776236187373633,-0.8564787491431429,-0.971837354718361,-0.9090632429187717,-2.6315131601471924,1.0732218965612967,0.21106335809257232,0.3522968017713005,3.1339942119491875,-1.9519725081659285,0.3126245255172383,1.1370054524979025,-0.2816907167101001,-0.0024962985012532894,-0.775554527501605,0.5009099321079595,-0.09224653801342561,-1.5887113192477325,0.8848972231100584,0.6319165419080746,0.5245183323065982,1.8814565334342959,-2.248437127257405,-3.3436557346945945,0.5749977736234619,-0.8669755050473811,0.6795684089224031,-2.6029424361625404
-0.7924529999010443,-0.8776415220936314,0.09349072749434592,0.25543726407930867,3.578318002889632,-1.03948640679083,1.890931298908135,0.8566310109912202,7.13010661462984,0.5838945710052116,-0.3536079985241768,1.6933611956942463,-0.045462767847296866,-0.9459516902099014,2.058456952368913,2.8243797651228815,2.0299188391547114,1.4998449719017748,1.62910217681543,4.28354736781367,-1.2499373651711105,-0.6557427353616784,-0.6578617820259466,-5.054601784171773,2.6982388950493488,-0.560678574400327,-1.7994052778052223,0.21465921988841472,0.6862220571755914,1.0567436246158772,-0.5787224339223116,0.15295135893802478,2.810898499360575,-1.968436302423986,-1.3736073169123915,-0.6859127108873815,-3.029896976297921,3.5793298680650936,5.044781789074038,-0.8669755050473811,1.4513288540041367,-1.329333865129116,4.108790068658409
0.45688690007966454,0.6954659979745049,0.11190769641967543,-0.29172886976307316,-2.658065745106087,1.719430608018269,-1.4192767193149962,-0.9108209511314991,-5.799531855254115,-0.47635876699028173,0.7734582133992772,-0.980253704544462,0.2712233972368842,0.08984610576004552,-1.7569095118994185,-2.4048834615190793,-2.7182554956909923,-1.2026739990934727,-1.6512936612198885,-3.7595321292640547,0.3668400920391914,1.027995108670472,0.7073037346986376,4.385643264456871,-1.6663308336678668,0.562631712109564,1.495022325004247,0.1712179473570861,-1.6089064561454791,-0.6323985686586979,0.16550654019779099,-0.13869912835737538,-2.802631315299647,2.5070090847847886,1.6960387648091266,0.36272618066330836,2.6211390947223947,-3.0187311027466786,-3.8609251301298935,0.6795684089224031,-1.329333865129116,1.4903116944491879,-3.435325436380993
-2.5708500920990662,-2.6228607004359215,0.5089891695443947,0.6536293724054224,10.90221139765207,-2.0230637075076747,5.737631122482404,2.2763394805457686,21.10791678189809,1.7210593395131344,-0.4580926011005753,5.48436634500629,0.14402826083487102,-3.625249297342717,5.990492378545328,8.226332181389864,4.718977462919691,4.48304006911622,4.417542900744989,12.332810130674634,-4.487119698588565,-1.3405296676531246,-1.7380938531110528,-14.641856241930634,8.634817437789806,-1.5127227000615349,-5.287991631464732,1.0364822970821335,0.7696816615548637,3.4059387911390226,-2.077082011325854,0.44555819910536415,7.703633123973287,-4.733878728835907,-3.367829954396943,-2.259045674517923,-8.78890708091586,10.460449832568209,15.227754162710584,-2.6029424361625404,4.108790068658409,-3.435325436380993,12.079207122604128
