V1,V2,V3,V4,V5,V6,V7,V8,V9,V10,V11,V12,V13,V14,V15,V16,V17,V18,V19,V20,V21,V22,V23,V24,V25,V26,V27,V28,V29,V30,V31,V32,V33,V34,V35,V36,V37,V38,V39,V40,V41,V42,V43
0.30928018202436536,0.2476166535876999,0.32469751389282814,-0.034509831206673135,-0.30772444934643256,0.08092698797637607,-0.9231384399966054,-0.2598921991974237,-0.10303882701892635,0.07563790816308023,0.24568203178250467,-0.24486510810927462,0.24497658737221603,-0.6800602545134993,-0.18938110420278317,-0.7519182939252393,-0.6191018832466548,0.162990339900043,0.18511666231995996,0.2128257428326614,0.8341150218060277,0.4180046368484227,-0.2385965172725131,0.34792402604718514,-0.058370713226687215,-0.4481024043596308,0.4393486827691179,0.11246614797053921,0.2783381763040526,0.10749398096817081,0.09703521393623143,-0.4380479493607253,-0.004407116371159616,-0.14425576540307905,-0.7651057860661241,-0.5123835607101052,0.06110183612424854,-0.01042229931536716,-0.03897040548968388,-0.5788795772215645,0.23925254045441072,-0.21298644809792175,0.42359384142953876
0.2476166535876999,0.558706941771479,-0.6631136994455501,-1.2345319767087135,0.44004592989096425,-2.1323588738809574,-0.11243142797901191,0.48778976420338743,-0.12248830923598891,2.1634526894136363,-1.2698444497639454,0.7765792284986002,0.238586802219407,-0.6689622720380123,1.014347485189358,-0.8809563997530006,-2.045059754229821,1.3698592203697162,0.10378868591073939,-0.07348315637168745,-0.7990947467015741,-1.0733651822934633,0.8208074850245878,-0.3661062870414224,-0.09898748666614796,-1.4243381624722986,0.07945902160832857,0.3476197103787154,0.2925123334243155,0.019868650297052592,-0.28517683869051463,0.3265099046070947,0.8898440209143531,1.480337378144616,-1.2110621282026264,-0.6327752333107083,2.1330134580595557,0.8276788499746952,-0.009032563462131785,-0.7178431942445841,-0.2302359814904447,-1.7391445783138846,0.6069506378174049
0.32469751389282814,-0.6631136994455501,2.7051200222127987,3.0552216635671745,-2.0810958312635015,5.712312070321156,-2.5744716395789453,-2.0550124097991125,-0.006213585853643168,-5.306487378919568,4.0143920500678805,-2.748004198874646,0.14872745190741565,-0.396324028964942,-3.1848432772469684,-0.07616187617556651,3.3177105077684867,-3.0035104477807693,0.3077370772307785,0.8487025533692661,4.633709921411969,4.045508694525351,-2.8420369730381716,2.0163428748166945,0.07236569336632816,2.257871333085306,1.1592205552710515,-0.5409585052585447,0.11316466240840722,0.28197483261762046,1.0311535016368878,-2.194929151523039,-2.29281836710853,-4.238965858742989,0.7288814820652809,0.031442370706093084,-5.273749485095277,-2.1516704706330945,-0.09728884751751088,0.04333265926239909,1.33166567034604,3.7932991108774443,-0.24113293302429267
-0.034509831206673135,-1.2345319767087135,3.0552216635671745,4.046477537044658,-2.2644446019053035,7.349377609094631,-1.9962134236285607,-2.3012825323645654,0.1445545810942218,-7.051073470144336,4.884777605278248,-3.2297395924718812,-0.16899492705030567,0.490440835979415,-3.8832323207234536,1.0158186371544078,5.256821669566149,-4.169613941835406,0.1273828030812422,0.7943130527476535,4.821501725088222,4.669765070616824,-3.362089705438966,2.1201078523743484,0.1812015716294473,3.617043807735934,0.8639980920148164,-0.8739090265652897,-0.2655835648832912,0.20891395963412968,1.2042063444798743,-2.2202513441916727,-2.991569555735574,-5.328955171479383,2.088343615857382,0.8013121621315715,-6.986718549081238,-2.797757122758319,-0.06910010606042115,0.9156896754841474,1.386279999270226,5.275916331795289,-0.9441415423685865
-0.30772444934643256,0.44004592989096425,-2.0810958312635015,-2.2644446019053035,1.6134626567099055,-4.265084834321053,2.1121303214873586,1.583821345508351,0.02661456845722189,3.929761559952355,-3.0377295005033136,2.095938939305335,-0.16304356495459904,0.4402460028151969,2.4089047503566845,0.21754765711739366,-2.334509386467679,2.19846360478756,-0.2685724601833724,-0.6766133504969284,-3.6242371789813954,-3.0977992646374157,2.164476339639034,-1.5739327256940359,-0.041356869343523235,-1.5830985699440392,-0.9560568396342554,0.3782901914105112,-0.14388535128807017,-0.23279469526593902,-0.787568285028866,1.725959929962872,1.7058732676678314,3.18300419560287,-0.3781892626328268,0.08630826820294576,3.9084794373240905,1.602312278229965,0.08076247124329868,0.09173718266449743,-1.0414737139692591,-2.7752112940069402,0.08858785913915884
0.08092698797637607,-2.1323588738809574,5.712312070321156,7.349377609094631,-4.265084834321053,13.415893510720828,-4.062301934894316,-4.31000234057324,0.21595284007194682,-12.800182201409356,9.005565916389997,-5.993221935397566,-0.19417706708670515,0.5785066778703954,-7.157179366174062,1.501479347666403,9.282337009139397,-7.513775781137935,0.31849370573889413,1.5438445159373448,9.162922985887862,8.694167066198288,-6.23093666974097,4.021049493259054,0.3030249998311284,6.377219636184644,1.7760956168837714,-1.5395678672890751,-0.35319066040426983,0.43088945725521166,2.237274095470603,-4.244368502926553,-5.447543020279057,-9.767079372490336,3.447029692864555,1.2214453604592577,-12.68953214559677,-5.098403698930655,-0.1445135306989734,1.3984926735348624,2.6343757584732286,9.505895468483697,-1.5219105594782774
-0.9231384399966054,-0.11243142797901191,-2.5744716395789453,-1.9962134236285607,2.1121303214873586,-4.062301934894316,3.845627294741278,1.9857081117445112,0.23867289912835346,3.4310219310178787,-3.2840684168449776,2.4220182121937897,-0.6577632001202037,1.8150412346695015,2.5924793739336933,1.7609614419555906,-0.8455697275673266,1.6692052749244977,-0.6292481575012628,-1.0602268149953977,-5.041947376449079,-3.6967369978467586,2.4717754781954557,-2.1594817756723943,0.08365165201844348,-0.5143080718187255,-1.7856830597055176,0.11125964740530386,-0.7087894724917352,-0.4353617876800379,-0.9205378492619903,2.485895605847417,1.566842899176767,3.2060465549333057,1.2439938078803672,1.143242633786069,3.441971807345882,1.4842362825213185,0.15430888494904005,1.2861305821331566,-1.4478821091055378,-2.0911216289867207,-0.7987944221910902
-0.2598921991974237,0.48778976420338743,-2.0550124097991125,-2.3012825323645654,1.583821345508351,-4.31000234057324,1.9857081117445112,1.5618368392898159,0.00956607374922931,3.996438030211755,-3.0380198149515834,2.083519299504377,-0.12400707425535483,0.33163163144955904,2.4101375745059768,0.09378827979488234,-2.4708613490586053,2.2560125864101326,-0.24115902149679808,-0.64997152760549,-3.5334442451124475,-3.069892681374856,2.154026844879633,-1.5369830999955967,-0.051770470605577774,-1.6803821348490613,-0.8951426161170696,0.4025129838282625,-0.09911396850064277,-0.21795816237711102,-0.7820670923972299,1.675831304995426,1.7285410903726293,3.2023719024631427,-0.5122719773431644,0.0011550056148536794,3.9724030389709832,1.6226329225638725,0.07537549468933696,-0.004502244425474757,-1.0154679923313248,-2.849253981936584,0.16109774000667273
-0.10303882701892635,-0.12248830923598891,-0.006213585853643168,0.1445545810942218,0.02661456845722189,0.21595284007194682,0.23867289912835346,0.00956607374922931,0.03928606675305426,-0.2577423021645983,0.07988913970710462,-0.026122285837373364,-0.0866174874813111,0.24169446149956209,-0.06610914372952648,0.28273456993999285,0.3782606591253794,-0.19092252949594296,-0.056330901490050676,-0.044671789534197995,-0.11682966950150347,0.01594327747736759,-0.03232074763857356,-0.04460504281958483,0.02545785884076066,0.2680595207061865,-0.11691966590301389,-0.06672587511560485,-0.09975396463962598,-0.028015891449050038,0.007877145869848093,0.0716761460421552,-0.09718665324891693,-0.1280604153860971,0.32194011122219346,0.19602032561413443,-0.25062042777425986,-0.08950619093661813,0.01007610558933493,0.2215008585259283,-0.03331055576232526,0.24512830181954762,-0.17085196618207046
0.07563790816308023,2.1634526894136363,-5.306487378919568,-7.051073470144336,3.929761559952355,-12.800182201409356,3.4310219310178787,3.996438030211755,-0.2577423021645983,12.288396209610509,-8.497504319470472,5.614876536534255,0.30713857972721526,-0.8904554683712955,6.756369376589756,-1.809387488973214,-9.190581256130207,7.272008753598865,-0.21323925413585124,-1.3721721563787987,-8.356769526174043,-8.114154320028554,5.845475954795591,-3.676298548822587,-0.31893185144306435,-6.325492534313799,-1.4823456002060973,1.5292534230732235,0.4757382607493986,-0.3592370805942636,-2.0932613120162604,3.84535238250647,5.211614919572576,9.27655577142375,-3.6779340484537526,-1.4227340263435446,12.175288711349436,4.874541404299174,0.119071071257492,-1.6250772809847998,-2.402887808242175,-9.203518137344243,1.6662816273021694
0.24568203178250467,-1.2698444497639454,4.0143920500678805,4.884777605278248,-3.0377295005033136,9.005565916389997,-3.2840684168449776,-3.0380198149515834,0.07988913970710462,-8.497504319470472,6.163978829571724,-4.152229168874847,0.022429170276515344,-0.03630287480735763,-4.894720907040312,0.5352458482185066,5.8119805470695844,-4.9149158380578015,0.32699295065345313,1.1629899782065645,6.634219953512285,6.062947826621954,-4.307198464537145,2.899726265225657,0.16592401387361308,3.9785183912015625,1.4583469177934034,-0.9574086967915143,-0.06379588425714207,0.3538792068319356,1.553501838487457,-3.1051353568697784,-3.639182204042844,-6.609382450199424,1.8261736644115107,0.4972732709175296,-8.432807032372578,-3.4093397714302633,-0.1202732346202112,0.5743964236727205,1.9069507853537093,6.21284544294097,-0.7533081878803926
-0.24486510810927462,0.7765792284986002,-2.748004198874646,-3.2297395924718812,2.095938939305335,-5.993221935397566,2.4220182121937897,2.083519299504377,-0.026122285837373364,5.614876536534255,-4.152229168874847,2.8184578146919117,-0.07952477833490104,0.20310877180627096,3.29622582690667,-0.15686422572331182,-3.690611939871092,3.2156549703189206,-0.2662464582514544,-0.8269710267122408,-4.6193730852577275,-4.130826674363151,2.9193777284289375,-2.0150903676877245,-0.09474535594802072,-2.520319625120389,-1.08292529676003,0.6057272756741123,-0.0320260864491612,-0.2635434870846363,-1.055955873172175,2.1746282159909742,2.4143038794619414,4.420783810422044,-1.0089752782125583,-0.19458647488311895,5.575673871495156,2.2640366928813207,0.09046725517908284,-0.22794181612242895,-1.3277372124341054,-4.064063379001138,0.3873743155063821
0.24497658737221603,0.238586802219407,0.14872745190741565,-0.16899492705030567,-0.16304356495459904,-0.19417706708670515,-0.6577632001202037,-0.12400707425535483,-0.0866174874813111,0.30713857972721526,0.022429170276515344,-0.07952477833490104,0.19920740161485317,-0.5540726651247109,-0.01277506784932899,-0.6291540367856117,-0.6729133146601434,0.2745639873816297,0.141161513858203,0.1403246318187229,0.488880750341079,0.1658419162139016,-0.07007546232183345,0.19978409908875402,-0.05250933754569473,-0.4807394622458702,0.3163608442956296,0.11980308877327671,0.2282782858910141,0.0770923339968965,0.03415382116017874,-0.2677081693679635,0.1014634936959938,0.07315230845592435,-0.676878420974598,-0.4324120097490623,0.29330288739787913,0.0903270903126903,-0.02800076693695238,-0.4887176578293588,0.14005818203603884,-0.35351663943117523,0.3670665600621619
-0.6800602545134993,-0.6689622720380123,-0.396324028964942,0.490440835979415,0.4402460028151969,0.5785066778703954,1.8150412346695015,0.33163163144955904,0.24169446149956209,-0.8904554683712955,-0.03630287480735763,0.20310877180627096,-0.5540726651247109,1.5417393779118957,0.014204106764704977,1.7529252867540617,1.8965910260843348,-0.7840461050017067,-0.3906395285350684,-0.38591991730721464,-1.3318726808988175,-0.4355656792132203,0.17637875962009178,-0.5429785363247921,0.14690764172207052,1.3546512185946336,-0.8739789274835833,-0.3379664424337243,-0.6342607483209313,-0.2123558413655591,-0.08817422915566853,0.7316225400834019,-0.29763695282245717,-0.2314362205165736,1.8906401271112445,1.2050866851310247,-0.8515515678237102,-0.2663326673010698,0.07686713364969766,1.3617608651414974,-0.38145590299478516,1.0102943225328946,-1.0238498986277196
-0.18938110420278317,1.014347485189358,-3.1848432772469684,-3.8832323207234536,2.4089047503566845,-7.157179366174062,2.5924793739336933,2.4101375745059768,-0.06610914372952648,6.756369376589756,-4.894720907040312,3.29622582690667,-0.01277506784932899,0.014204106764704977,3.887667304605583,-0.4415077979789017,-4.632778156161703,3.9096097745089793,-0.2569088115619976,-0.9195250373684772,-5.256422424702267,-4.811015529031344,3.4192775372514013,-2.298450350626733,-0.13327635581992298,-3.172339729494844,-1.1500925832346771,0.7641422122449534,0.05522203329215004,-0.27981563470728493,-1.2331800922310538,2.459225300569421,2.8926690979779526,5.25081907794928,-1.4673417934714634,-0.40594002907128146,6.7044460387836775,2.71062290630232,0.09541601464103161,-0.46828574201699585,-1.5110254613679008,-4.943695921368197,0.6070291916061594
-0.7519182939252393,-0.8809563997530006,-0.07616187617556651,1.0158186371544078,0.21754765711739366,1.501479347666403,1.7609614419555906,0.09378827979488234,0.28273456993999285,-1.809387488973214,0.5352458482185066,-0.15686422572331182,-0.6291540367856117,1.7529252867540617,-0.4415077979789017,2.0470682632772177,2.7044413618971914,-1.353208306168067,-0.4146616216677969,-0.3307150449534022,-0.896828521927206,0.07090762812907501,-0.2018584365693472,-0.34750817558388314,0.18287404119345094,1.9153924722618658,-0.8592780201970543,-0.4744280064747454,-0.7288761779391163,-0.2090011752387202,0.04477015171616745,0.5430351285651827,-0.679510626519264,-0.8819734082077277,2.3248489386782163,1.4194600257179129,-1.7590232765291083,-0.6221886860574122,0.07648906408822409,1.6052555120881575,-0.25623377166046835,1.7320639245915688,-1.237127622438814
-0.6191018832466548,-2.045059754229821,3.3177105077684867,5.256821669566149,-2.334509386467679,9.282337009139397,-0.8455697275673266,-2.4708613490586053,0.3782606591253794,-9.190581256130207,5.8119805470695844,-3.690611939871092,-0.6729133146601434,1.8965910260843348,-4.632778156161703,2.7044413618971914,7.89930949598297,-5.653570321736411,-0.1795514298180091,0.6221967964471533,4.63550369256842,5.215551375318873,-3.871636984329592,2.0745739970039843,0.34155036186334264,5.477445884417178,0.2908677076288902,-1.332454640788054,-0.8565745809835656,0.06944833800793061,1.3654755590447853,-2.034070180055362,-3.8312055065140993,-6.570764289362464,4.104327988873137,1.9823894841525282,-9.08056343874811,-3.5727769823006947,-0.01733799353685815,2.252315308450339,1.3340613676325408,7.1690847485211835,-1.9992273421805187
0.162990339900043,1.3698592203697162,-3.0035104477807693,-4.169613941835406,2.19846360478756,-7.513775781137935,1.6692052749244977,2.2560125864101326,-0.19092252949594296,7.272008753598865,-4.9149158380578015,3.2156549703189206,0.2745639873816297,-0.7840461050017067,3.9096097745089793,-1.353208306168067,-5.653570321736411,4.349058415109146,-0.05445128997482625,-0.7279518427485864,-4.607277503315982,-4.623061717316676,3.3541536410627772,-2.0336659465449785,-0.21015557212827635,-3.8991449456344984,-0.7060772969604696,0.9437869216772824,0.38755761157439056,-0.17019171565819052,-1.1965775614214078,2.0993702275968897,3.0702446531200147,5.412872372193126,-2.460055729392659,-1.034164253124432,7.199917681073987,2.868716802298268,0.054869106638833764,-1.179057424968482,-1.324920867034572,-5.505700828660785,1.14426445437042
0.18511666231995996,0.10378868591073939,0.3077370772307785,0.1273828030812422,-0.2685724601833724,0.31849370573889413,-0.6292481575012628,-0.24115902149679808,-0.056330901490050676,-0.21323925413585124,0.32699295065345313,-0.2662464582514544,0.141161513858203,-0.3906395285350684,-0.2569088115619976,-0.4146616216677969,-0.1795514298180091,-0.05445128997482625,0.11661129219497204,0.15676271418406287,0.6786625626978573,0.4228836633674868,-0.2671370646660256,0.2875135962273265,-0.028325602419566394,-0.13646024499427012,0.2959133037251489,0.03502492419669259,0.15856954512503865,0.07286302536092978,0.10275446570981717,-0.3449364060146263,-0.11235554675354481,-0.2822364426373542,-0.3836766387797871,-0.27876240740633645,-0.21947026158836289,-0.10942882048853401,-0.02642641841212278,-0.3148001041526243,0.1948589140410859,0.06591686142701984,0.220537147996375
0.2128257428326614,-0.07348315637168745,0.8487025533692661,0.7943130527476535,-0.6766133504969284,1.5438445159373448,-1.0602268149953977,-0.64997152760549,-0.044671789534197995,-1.3721721563787987,1.1629899782065645,-0.8269710267122408,0.1403246318187229,-0.38591991730721464,-0.9195250373684772,-0.3307150449534022,0.6221967964471533,-0.7279518427485864,0.15676271418406287,0.31287403983589934,1.569298319381565,1.2420935839578686,-0.8495510726528241,0.6759792872533794,-0.005111586533546799,0.4117915358265543,0.48781351797649347,-0.09581132212860696,0.14322013661395563,0.11803715230114453,0.3123535364266322,-0.761142823452039,-0.608251390928948,-1.1806395797091573,-0.12253820567831891,-0.20300033079166707,-1.369705175470665,-0.5725056377624953,-0.0410634338374354,-0.22687375224878056,0.4506906382036214,0.9146646904238743,0.11018731019851279
0.8341150218060277,-0.7990947467015741,4.633709921411969,4.821501725088222,-3.6242371789813954,9.162922985887862,-5.041947376449079,-3.5334442451124475,-0.11682966950150347,-8.356769526174043,6.634219953512285,-4.6193730852577275,0.488880750341079,-1.3318726808988175,-5.256422424702267,-0.896828521927206,4.63550369256842,-4.607277503315982,0.6786625626978573,1.569298319381565,8.225002994830383,6.861049170754538,-4.762787185456638,3.5626276795466727,0.05461998565080354,3.126275602734016,2.295567736410306,-0.7427452136919405,0.4647311773962614,0.5578326155908242,1.7385606433842342,-3.9404461349213937,-3.649106331709868,-6.886736661113524,0.37020440549033606,-0.4782192749737756,-8.319981276697247,-3.4297070190174574,-0.1938158999036074,-0.5273013140790386,2.363123095382494,5.809009904824582,0.052370605669708706
0.4180046368484227,-1.0733651822934633,4.045508694525351,4.669765070616824,-3.0977992646374157,8.694167066198288,-3.6967369978467586,-3.069892681374856,0.01594327747736759,-8.114154320028554,6.062947826621954,-4.130826674363151,0.1658419162139016,-0.4355656792132203,-4.811015529031344,0.07090762812907501,5.215551375318873,-4.623061717316676,0.4228836633674868,1.2420935839578686,6.861049170754538,6.067449180077974,-4.275952315226983,2.9889726588241814,0.12491825105286417,3.555855762456192,1.6590227595515112,-0.8528827540577141,0.10251263691752034,0.4029904856202894,1.5486633370207936,-3.2393947265343623,-3.4966746068126158,-6.430858518687601,1.3026860695454254,0.17561092279897444,-8.060601358346586,-3.27943690882271,-0.13833618599574754,0.2105453660924054,1.9718403992776437,5.839588372513059,-0.4738692824655264
-0.2385965172725131,0.8208074850245878,-2.8420369730381716,-3.362089705438966,2.164476339639034,-6.23093666974097,2.4717754781954557,2.154026844879633,-0.03232074763857356,5.845475954795591,-4.307198464537145,2.9193777284289375,-0.07007546232183345,0.17637875962009178,3.4192775372514013,-0.2018584365693472,-3.871636984329592,3.3541536410627772,-0.2671370646660256,-0.8495510726528241,-4.762787185456638,-4.275952315226983,3.024802872897717,-2.0782537787153563,-0.10150692125593576,-2.645048157394023,-1.1039817579953417,0.6357084532200179,-0.01849057319846647,-0.26835517865500985,-1.0934870256276075,2.2397996689994435,2.5115992396231075,4.591852986870165,-1.0892843577640237,-0.22889079895110442,5.804031551921122,2.354655297033112,0.09188668192815495,-0.26714597549692726,-1.3689448133466544,-4.238925724064457,0.4250653803052365
0.34792402604718514,-0.3661062870414224,2.0163428748166945,2.1201078523743484,-1.5739327256940359,4.021049493259054,-2.1594817756723943,-1.5369830999955967,-0.04460504281958483,-3.676298548822587,2.899726265225657,-2.0150903676877245,0.19978409908875402,-0.5429785363247921,-2.298450350626733,-0.34750817558388314,2.0745739970039843,-2.0336659465449785,0.2875135962273265,0.6759792872533794,3.5626276795466727,2.9889726588241814,-2.0782537787153563,1.5444678256683866,0.027733295681986632,1.401461232754408,0.981573545601852,-0.33387989996238215,0.1881778038018288,0.23912832762875624,0.7581424705512062,-1.704398843611944,-1.602931739355426,-3.0168464115949067,0.20945668774294174,-0.17864401004392488,-3.659067385251414,-1.506842870069917,-0.08328586673935878,-0.19641566594883364,1.023688827525229,2.565840225317803,-0.00251756479164229
-0.058370713226687215,-0.09898748666614796,0.07236569336632816,0.1812015716294473,-0.041356869343523235,0.3030249998311284,0.08365165201844348,-0.051770470605577774,0.02545785884076066,-0.31893185144306435,0.16592401387361308,-0.09474535594802072,-0.05250933754569473,0.14690764172207052,-0.13327635581992298,0.18287404119345094,0.34155036186334264,-0.21015557212827635,-0.028325602419566394,-0.005111586533546799,0.05461998565080354,0.12491825105286417,-0.10150692125593576,0.027733295681986632,0.018708864722045797,0.23931587519268704,-0.04373312825327693,-0.0588674118491238,-0.06238242923135663,-0.010494305799930851,0.03426410808630234,-0.015205892888103142,-0.12851269425454256,-0.20382550033899377,0.23146351289648248,0.1292235610156245,-0.3133497195738854,-0.11933951431429167,0.0039616840298200345,0.14632457398574356,0.015853823655627514,0.2677294614273456,-0.11883605530210395
-0.4481024043596308,-1.4243381624722986,2.257871333085306,3.617043807735934,-1.5830985699440392,6.377219636184644,-0.5143080718187255,-1.6803821348490613,0.2680595207061865,-6.325492534313799,3.9785183912015625,-2.520319625120389,-0.4807394622458702,1.3546512185946336,-3.172339729494844,1.9153924722618658,5.477445884417178,-3.8991449456344984,-0.13646024499427012,0.4117915358265543,3.126275602734016,3.555855762456192,-2.645048157394023,1.401461232754408,0.23931587519268704,3.7999074412074774,0.16763730906079222,-0.925132434636929,-0.6085525359143403,0.040426227852307296,0.9320363628345345,-1.366500315098341,-2.634127925232262,-4.507712547356785,2.8785266134442504,1.4009205672997924,-6.24859350063798,-2.456588922570003,-0.009527881002026613,1.591177420177734,0.8998564836745006,4.945966717213926,-1.4055424536939805
0.4393486827691179,0.07945902160832857,1.1592205552710515,0.8639980920148164,-0.9560568396342554,1.7760956168837714,-1.7856830597055176,-0.8951426161170696,-0.11691966590301389,-1.4823456002060973,1.4583469177934034,-1.08292529676003,0.3163608442956296,-0.8739789274835833,-1.1500925832346771,-0.8592780201970543,0.2908677076288902,-0.7060772969604696,0.2959133037251489,0.48781351797649347,2.295567736410306,1.6590227595515112,-1.1039817579953417,0.981573545601852,-0.04373312825327693,0.16763730906079222,0.8309429627667757,-0.03383194396371873,0.3417037342937086,0.20204754786553394,0.41202954509237416,-1.13519078044593,-0.6818244202125728,-1.411890605227702,-0.6356632810490545,-0.5606586159202119,-1.4890431060178833,-0.6460474239922606,-0.07143565954223913,-0.6307619619076509,0.6591002918444409,0.8822784060472344,0.39938485005129093
0.11246614797053921,0.3476197103787154,-0.5409585052585447,-0.8739090265652897,0.3782901914105112,-1.5395678672890751,0.11125964740530386,0.4025129838282625,-0.06672587511560485,1.5292534230732235,-0.9574086967915143,0.6057272756741123,0.11980308877327671,-0.3379664424337243,0.7641422122449534,-0.4744280064747454,-1.332454640788054,0.9437869216772824,0.03502492419669259,-0.09581132212860696,-0.7427452136919405,-0.8528827540577141,0.6357084532200179,-0.33387989996238215,-0.0588674118491238,-0.925132434636929,-0.03383194396371873,0.22586613048435997,0.1501091488601592,-0.008815963709374245,-0.22393826617593288,0.323529048910694,0.6361908242048734,1.086717668179968,-0.7067657738113203,-0.3461663226943584,1.5102577330731464,0.5939089597304884,0.0022626950440979964,-0.3928421150890945,-0.21389372692017553,-1.1985736902268176,0.3454573842988797
0.2783381763040526,0.2925123334243155,0.11316466240840722,-0.2655835648832912,-0.14388535128807017,-0.35319066040426983,-0.7087894724917352,-0.09911396850064277,-0.09975396463962598,0.4757382607493986,-0.06379588425714207,-0.0320260864491612,0.2282782858910141,-0.6342607483209313,0.05522203329215004,-0.7288761779391163,-0.8565745809835656,0.38755761157439056,0.15856954512503865,0.14322013661395563,0.4647311773962614,0.10251263691752034,-0.01849057319846647,0.1881778038018288,-0.06238242923135663,-0.6085525359143403,0.3417037342937086,0.1501091488601592,0.2649723971239909,0.08454357458219218,0.017124044065760253,-0.2620543067394669,0.16936993678323847,0.1800189339303625,-0.8034311316790985,-0.5032932165306371,0.45923655365268684,0.15193387381269902,-0.03140118533654851,-0.5695948588977874,0.13321506443851577,-0.49479352269414784,0.43304407902451814
0.10749398096817081,0.019868650297052592,0.28197483261762046,0.20891395963412968,-0.23279469526593902,0.43088945725521166,-0.4353617876800379,-0.21795816237711102,-0.028015891449050038,-0.3592370805942636,0.3538792068319356,-0.2635434870846363,0.0770923339968965,-0.2123558413655591,-0.27981563470728493,-0.2090011752387202,0.06944833800793061,-0.17019171565819052,0.07286302536092978,0.11803715230114453,0.5578326155908242,0.4029904856202894,-0.26835517865500985,0.23912832762875624,-0.010494305799930851,0.040426227852307296,0.20204754786553394,-0.008815963709374245,0.08454357458219218,0.0499183065161194,0.10031358746853337,-0.27586330060665,-0.16518914616314717,-0.34239448441819925,-0.15544129161314282,-0.13667428657606007,-0.3606581005957561,-0.15733905023218164,-0.01801253758452874,-0.15410946419874805,0.16027004310819115,0.2141641751245469,0.09802139782228689
0.09703521393623143,-0.28517683869051463,1.0311535016368878,1.2042063444798743,-0.787568285028866,2.237274095470603,-0.9205378492619903,-0.7820670923972299,0.007877145869848093,-2.0932613120162604,1.553501838487457,-1.055955873172175,0.03415382116017874,-0.08817422915566853,-1.2331800922310538,0.04477015171616745,1.3654755590447853,-1.1965775614214078,0.10275446570981717,0.3123535364266322,1.7385606433842342,1.5486633370207936,-1.0934870256276075,0.7581424705512062,0.03426410808630234,0.9320363628345345,0.41202954509237416,-0.22393826617593288,0.017124044065760253,0.10031358746853337,0.3957388513074759,-0.8192571479029577,-0.9007625299227022,-1.6518246990294336,0.3623783212167174,0.06321023222419711,-2.0789202580731083,-0.8448446505641816,-0.034499953205489944,0.07440949080905668,0.49970427051617955,1.5122423360840613,-0.13668542112286672
-0.4380479493607253,0.3265099046070947,-2.194929151523039,-2.2202513441916727,1.725959929962872,-4.244368502926553,2.485895605847417,1.675831304995426,0.0716761460421552,3.84535238250647,-3.1051353568697784,2.1746282159909742,-0.2677081693679635,0.7316225400834019,2.459225300569421,0.5430351285651827,-2.034070180055362,2.0993702275968897,-0.3449364060146263,-0.761142823452039,-3.9404461349213937,-3.2393947265343623,2.2397996689994435,-1.704398843611944,-0.015205892888103142,-1.366500315098341,-1.13519078044593,0.323529048910694,-0.2620543067394669,-0.27586330060665,-0.8192571479029577,1.894415552796122,1.6855354244343752,3.2043486568795307,-0.03979570300666932,0.30863438152960465,3.83086122590025,1.5851518449192403,0.09605461731880831,0.3426285652231767,-1.1320467207160905,-2.645407155357866,-0.09665413550385857
-0.004407116371159616,0.8898440209143531,-2.29281836710853,-2.991569555735574,1.7058732676678314,-5.447543020279057,1.566842899176767,1.7285410903726293,-0.09718665324891693,5.211614919572576,-3.639182204042844,2.4143038794619414,0.1014634936959938,-0.29763695282245717,2.8926690979779526,-0.679510626519264,-3.8312055065140993,3.0702446531200147,-0.11235554675354481,-0.608251390928948,-3.649106331709868,-3.4966746068126158,2.5115992396231075,-1.602931739355426,-0.12851269425454256,-2.634127925232262,-0.6818244202125728,0.6361908242048734,0.16936993678323847,-0.16518914616314717,-0.9007625299227022,1.6855354244343752,2.214664285842054,3.958146749961137,-1.4719019350703597,-0.5437170353003168,5.165364128206642,2.0719990785783255,0.05508336500560212,-0.6218574503317529,-1.049161899412742,-3.884648204521973,0.6577703887444373
-0.14425576540307905,1.480337378144616,-4.238965858742989,-5.328955171479383,3.18300419560287,-9.767079372490336,3.2060465549333057,3.2023719024631427,-0.1280604153860971,9.27655577142375,-6.609382450199424,4.420783810422044,0.07315230845592435,-0.2314362205165736,5.25081907794928,-0.8819734082077277,-6.570764289362464,5.412872372193126,-0.2822364426373542,-1.1806395797091573,-6.886736661113524,-6.430858518687601,4.591852986870165,-3.0168464115949067,-0.20382550033899377,-4.507712547356785,-1.411890605227702,1.086717668179968,0.1800189339303625,-0.34239448441819925,-1.6518246990294336,3.2043486568795307,3.958146749961137,7.1344345871793085,-2.291792158458716,-0.7451739422207403,9.200328098718334,3.705813575190566,0.11545922431235715,-0.8555066902301761,-1.979755993190003,-6.845355739032141,0.988307203878911
-0.7651057860661241,-1.2110621282026264,0.7288814820652809,2.088343615857382,-0.3781892626328268,3.447029692864555,1.2439938078803672,-0.5122719773431644,0.32194011122219346,-3.6779340484537526,1.8261736644115107,-1.0089752782125583,-0.676878420974598,1.8906401271112445,-1.4673417934714634,2.3248489386782163,4.104327988873137,-2.460055729392659,-0.3836766387797871,-0.12253820567831891,0.37020440549033606,1.3026860695454254,-1.0892843577640237,0.20945668774294174,0.23146351289648248,2.8785266134442504,-0.6356632810490545,-0.7067657738113203,-0.8034311316790985,-0.15544129161314282,0.3623783212167174,-0.03979570300666932,-1.4719019350703597,-2.291792158458716,2.8873212753744872,1.637831146897636,-3.610477351352892,-1.3626259283572397,0.059045935576434644,1.854960273003474,0.10800343101790943,3.1316664288025855,-1.4926550873647275
-0.5123835607101052,-0.6327752333107083,0.031442370706093084,0.8013121621315715,0.08630826820294576,1.2214453604592577,1.143242633786069,0.0011550056148536794,0.19602032561413443,-1.4227340263435446,0.4972732709175296,-0.19458647488311895,-0.4324120097490623,1.2050866851310247,-0.40594002907128146,1.4194600257179129,1.9823894841525282,-1.034164253124432,-0.27876240740633645,-0.20300033079166707,-0.4782192749737756,0.17561092279897444,-0.22889079895110442,-0.17864401004392488,0.1292235610156245,1.4009205672997924,-0.5606586159202119,-0.3461663226943584,-0.5032932165306371,-0.13667428657606007,0.06321023222419711,0.30863438152960465,-0.5437170353003168,-0.7451739422207403,1.637831146897636,0.9870164007778116,-1.3868089947216133,-0.4991669825122859,0.05034130706079051,1.11658833423073,-0.13643120717818297,1.3214962508209809,-0.8671411397557457
0.06110183612424854,2.1330134580595557,-5.273749485095277,-6.986718549081238,3.9084794373240905,-12.68953214559677,3.441971807345882,3.9724030389709832,-0.25062042777425986,12.175288711349436,-8.432807032372578,5.575673871495156,0.29330288739787913,-0.8515515678237102,6.7044460387836775,-1.7590232765291083,-9.08056343874811,7.199917681073987,-0.21947026158836289,-1.369705175470665,-8.319981276697247,-8.060601358346586,5.804031551921122,-3.659067385251414,-0.3133497195738854,-6.24859350063798,-1.4890431060178833,1.5102577330731464,0.45923655365268684,-0.3606581005957561,-2.0789202580731083,3.83086122590025,5.165364128206642,9.200328098718334,-3.610477351352892,-1.3868089947216133,12.06395714434107,4.831314825624999,0.11959104661401157,-1.5844192946037932,-2.392247282097324,-9.111541508732648,1.6323206457058426
-0.01042229931536716,0.8276788499746952,-2.1516704706330945,-2.797757122758319,1.602312278229965,-5.098403698930655,1.4842362825213185,1.6226329225638725,-0.08950619093661813,4.874541404299174,-3.4093397714302633,2.2640366928813207,0.0903270903126903,-0.2663326673010698,2.71062290630232,-0.6221886860574122,-3.5727769823006947,2.868716802298268,-0.10942882048853401,-0.5725056377624953,-3.4297070190174574,-3.27943690882271,2.354655297033112,-1.506842870069917,-0.11933951431429167,-2.456588922570003,-0.6460474239922606,0.5939089597304884,0.15193387381269902,-0.15733905023218164,-0.8448446505641816,1.5851518449192403,2.0719990785783255,3.705813575190566,-1.3626259283572397,-0.4991669825122859,4.831314825624999,1.9394837404329444,0.05289797004360047,-0.5706756926980093,-0.9861800388839175,-3.6311028060076116,0.6069406349697994
-0.03897040548968388,-0.009032563462131785,-0.09728884751751088,-0.06910010606042115,0.08076247124329868,-0.1445135306989734,0.15430888494904005,0.07537549468933696,0.01007610558933493,0.119071071257492,-0.1202732346202112,0.09046725517908284,-0.02800076693695238,0.07686713364969766,0.09541601464103161,0.07648906408822409,-0.01733799353685815,0.054869106638833764,-0.02642641841212278,-0.0410634338374354,-0.1938158999036074,-0.13833618599574754,0.09188668192815495,-0.08328586673935878,0.0039616840298200345,-0.009527881002026613,-0.07143565954223913,0.0022626950440979964,-0.03140118533654851,-0.01801253758452874,-0.034499953205489944,0.09605461731880831,0.05508336500560212,0.11545922431235715,0.059045935576434644,0.05034130706079051,0.11959104661401157,0.05289797004360047,0.006681472613487066,0.05693944756260978,-0.05573006712459984,-0.06970743984349811,-0.03692982423235146
-0.5788795772215645,-0.7178431942445841,0.04333265926239909,0.9156896754841474,0.09173718266449743,1.3984926735348624,1.2861305821331566,-0.004502244425474757,0.2215008585259283,-1.6250772809847998,0.5743964236727205,-0.22794181612242895,-0.4887176578293588,1.3617608651414974,-0.46828574201699585,1.6052555120881575,2.252315308450339,-1.179057424968482,-0.3148001041526243,-0.22687375224878056,-0.5273013140790386,0.2105453660924054,-0.26714597549692726,-0.19641566594883364,0.14632457398574356,1.591177420177734,-0.6307619619076509,-0.3928421150890945,-0.5695948588977874,-0.15410946419874805,0.07440949080905668,0.3426285652231767,-0.6218574503317529,-0.8555066902301761,1.854960273003474,1.11658833423073,-1.5844192946037932,-0.5706756926980093,0.05693944756260978,1.2633630059097192,-0.15045080012707154,1.5058065886353929,-0.9818980618922947
0.23925254045441072,-0.2302359814904447,1.33166567034604,1.386279999270226,-1.0414737139692591,2.6343757584732286,-1.4478821091055378,-1.0154679923313248,-0.03331055576232526,-2.402887808242175,1.9069507853537093,-1.3277372124341054,0.14005818203603884,-0.38145590299478516,-1.5110254613679008,-0.25623377166046835,1.3340613676325408,-1.324920867034572,0.1948589140410859,0.4506906382036214,2.363123095382494,1.9718403992776437,-1.3689448133466544,1.023688827525229,0.015853823655627514,0.8998564836745006,0.6591002918444409,-0.21389372692017553,0.13321506443851577,0.16027004310819115,0.49970427051617955,-1.1320467207160905,-1.049161899412742,-1.979755993190003,0.10800343101790943,-0.13643120717818297,-2.392247282097324,-0.9861800388839175,-0.05573006712459984,-0.15045080012707154,0.6789637178543203,1.6707253110849924,0.014250090231078063
-0.21298644809792175,-1.7391445783138846,3.7932991108774443,5.275916331795289,-2.7752112940069402,9.505895468483697,-2.0911216289867207,-2.849253981936584,0.24512830181954762,-9.203518137344243,6.21284544294097,-4.064063379001138,-0.35351663943117523,1.0102943225328946,-4.943695921368197,1.7320639245915688,7.1690847485211835,-5.505700828660785,0.06591686142701984,0.9146646904238743,5.809009904824582,5.839588372513059,-4.238925724064457,2.565840225317803,0.2677294614273456,4.945966717213926,0.8822784060472344,-1.1985736902268176,-0.49479352269414784,0.2141641751245469,1.5122423360840613,-2.645407155357866,-3.884648204521973,-6.845355739032141,3.1316664288025855,1.3214962508209809,-9.111541508732648,-3.6311028060076116,-0.06970743984349811,1.5058065886353929,1.6707253110849924,6.97318289974594,-1.4573593973623027
0.42359384142953876,0.6069506378174049,-0.24113293302429267,-0.9441415423685865,0.08858785913915884,-1.5219105594782774,-0.7987944221910902,0.16109774000667273,-0.17085196618207046,1.6662816273021694,-0.7533081878803926,0.3873743155063821,0.3670665600621619,-1.0238498986277196,0.6070291916061594,-1.237127622438814,-1.9992273421805187,1.14426445437042,0.220537147996375,0.11018731019851279,0.052370605669708706,-0.4738692824655264,0.4250653803052365,-0.00251756479164229,-0.11883605530210395,-1.4055424536939805,0.39938485005129093,0.3454573842988797,0.43304407902451814,0.09802139782228689,-0.13668542112286672,-0.09665413550385857,0.6577703887444373,0.988307203878911,-1.4926550873647275,-0.8671411397557457,1.6323206457058426,0.6069406349697994,-0.03692982423235146,-0.9818980618922947,0.014250090231078063,-1.4573593973623027,0.7793028893176934
