V1,V2,V3,V4,V5,V6,V7,V8,V9,V10,V11,V12,V13,V14,V15,V16,V17,V18,V19,V20,V21,V22,V23,V24,V25,V26,V27,V28,V29,V30,V31,V32,V33,V34,V35,V36,V37,V38,V39,V40,V41,V42,V43
1.4421961526831772,0.0016885392631976446,0.11397011374998527,-1.2814962197268052,0.9040539978000147,-1.2017371421921301,1.3939434274064981,-1.7959572152660026,0.592390182627638,2.64167317769301,-1.5151467118328,-0.02797601981619374,-0.10730715887241857,-0.5046477182508932,1.333091811577025,-0.8501768502420752,-1.2546278448961936,-0.22292606585797722,1.9395343917468597,0.2561312517253578,-2.126647144670707,1.1396377583427637,0.6287814261370183,-0.8973295244121733,1.0026618834701977,0.04066806637392683,-0.36027991295911227,-0.048480117097960095,-0.761232446888218,-1.9108219314738881,1.0752167139062458,1.2686926505826424,-1.4172750765119178,2.0026388793565104,-0.21135802516518237,-0.3837530504013629,0.8029968110658087,1.8033755827724056,-0.35808438939939596,-2.3763350061976305,-0.8858564233718258,-0.0548325854270989,-1.0212390934780458
0.0016885392631976446,0.43655578536449596,0.47825949829006686,-0.20144210128320114,-0.7288992492246695,-0.4470383086142131,0.10739622168549885,0.17090418978809052,0.1341422239602573,-0.6842163219944227,0.8544736780124577,0.6909881332295664,0.0583876673774779,-0.381015177308175,-0.15476921993446682,-0.7059969950973553,-0.25578040860415413,1.050158722110686,-0.6305405992765524,0.30876411169639356,-0.36726998256807014,-0.10342703345253669,-0.2655871338930431,-0.5304881799056218,-0.21462700953012948,-0.6606536066906212,0.018353649858511387,0.22931490121060716,-0.11111018795531265,0.8491569864127592,-0.5391513166882689,0.4737279187691404,0.01964100713240954,-0.5876402060650361,-0.3018277736637615,-0.19871005474283046,-0.6391683754914036,-0.2726191541850591,0.3247023016835059,0.25051947176734835,-0.06018444639261111,-0.1915051332081158,-0.12759556244202291
0.11397011374998527,0.47825949829006686,0.6240706022576877,-0.41738882389711485,-0.9857027273869314,-0.6937853851798027,0.10527598864371873,0.1307609727389705,0.2576657743537469,-0.7147567636566946,0.9815735428555731,1.0232726152450047,0.05528734166464833,-0.6305111578940978,-0.008937682027002401,-0.957492724368756,-0.29146846081691224,1.2977846446252121,-0.6906840679509171,0.5278929031283643,-0.517639798087766,-0.16131326053298095,-0.37402754684348155,-0.8351064001835924,-0.2510184368746609,-0.8089637604706806,-0.11565098966608646,0.31221020177544584,-0.22956050621573992,1.012343018001677,-0.5476490743989693,0.7535947713576729,-0.07912081804146,-0.6308216531361905,-0.46027801897304194,-0.2484344233300553,-0.6686271953095327,-0.1964541402764682,0.3751786789812901,0.23276792569425253,-0.22235413176826324,-0.18152861359586453,-0.1695566401585963
-1.2814962197268052,-0.20144210128320114,-0.41738882389711485,1.3456400006744171,-0.14036552436908292,1.409511364926622,-1.141107280194717,1.4087249819433114,-0.676333434734078,-1.8057211293808548,0.7456329787923621,-0.6285442155200088,0.05974856012293093,0.8385927421252305,-1.1783628416945138,1.2203525774486284,1.1160587250020282,-0.49727900135021347,-1.2315330560559867,-0.5863654515009412,1.9891265557305957,-0.7873009177727571,-0.27053860329551976,1.2738055796543772,-0.6780823467704268,0.39223058949644335,0.44262983848473725,-0.14644743205873026,0.7817362245459797,1.0085176114404903,-0.663988247675775,-1.5048787509294246,1.2444832383262596,-1.3213788904893917,0.4628211430346927,0.421867226134572,-0.38727474349884095,-1.4280624956481038,0.10933448718453094,1.8127130838416994,0.9179328377173782,0.1012464369569346,0.8993457678015307
0.9040539978000147,-0.7288992492246695,-0.9857027273869314,-0.14036552436908292,2.8267421689464505,0.44139963977914903,1.1214217994782367,-1.7337518682986572,-0.13783783395603466,3.5267255531613397,-3.067428716780298,-2.2365043230385173,-0.20686310666474692,0.9921671979343866,0.9401787562107075,1.0994257306922157,-0.7078589319986894,-2.612555413585092,2.90319720234704,-1.0557669813303077,-0.8916880747252033,1.4555281960984565,1.3393186973126097,1.0626858159657953,1.3695981374147257,1.5722385984041882,0.13543754157991378,-0.6959518151008869,-0.11076714115617588,-3.595411839380047,1.6726278048815657,-0.48003872312025825,-0.9027614864512356,2.8133966537234296,0.7773590639598049,0.0666791218400615,1.6746530269919304,1.7594765094111648,-0.9623520653043148,-2.502584940217151,-0.15805380946729083,0.24324982004569604,-0.6301894025669229
-1.2017371421921301,-0.4470383086142131,-0.6937853851798027,1.409511364926622,0.44139963977914903,1.665502058014841,-1.0958569788513768,1.1962091471925653,-0.7480396014587749,-1.199027723657194,0.07788605325416381,-1.1533695595348514,0.016634098437477766,1.1052097043717046,-1.0070726420865288,1.6370673397266573,1.1751516335491436,-1.2094243937652542,-0.7167270089492096,-0.8360924187661521,2.102140097925245,-0.6016613302644825,-0.04461812716796905,1.610066339637187,-0.4325506241439938,0.8392838932404926,0.4485079939797761,-0.3193303418014543,0.8416574690137069,0.29762827837601596,-0.3182771432722855,-1.7547419266496396,1.18055442724827,-0.8365039791983897,0.6555838510854398,0.5289336130494156,0.03424074152234874,-1.1379344866103638,-0.11836969591213613,1.4622233880802022,0.9255661166859837,0.24999240100296719,0.8991352188781292
1.3939434274064981,0.10739622168549885,0.10527598864371873,-1.141107280194717,1.1214217994782367,-1.0958569788513768,1.5948488249804287,-1.8473973884773107,0.48967261682810187,2.6766728389232215,-1.5085939795241774,-0.29112497136246607,-0.09670872601484642,-0.2945594888149885,1.1527052158822337,-0.826577427881445,-1.4622338270672637,-0.23156660647597904,1.9818297572284191,0.04333096087763834,-2.262710392714853,1.327414485894597,0.7584769141816919,-0.687796545212879,1.066420290623065,0.019879776801230722,-0.17826348887848664,-0.10564989229270032,-0.7082617127166484,-2.026411061161623,0.9793154829286075,1.1387251518644699,-1.3657123443431118,2.020754681057047,-0.09939419053029515,-0.43953883204660654,0.6415110816422165,1.7230730703514892,-0.34216425256697275,-2.4790432383009327,-0.7462151201591632,-0.16689398912858525,-1.1152376117192355
-1.7959572152660026,0.17090418978809052,0.1307609727389705,1.4087249819433114,-1.7337518682986572,1.1962091471925653,-1.8473973884773107,2.421952935031868,-0.5931237602830032,-3.792026755092409,2.418357607707769,0.628514304627497,0.17127987855920776,0.2704487800283232,-1.6520602598931338,0.659614256388838,1.5957816398887525,0.8940570269322109,-2.873863948412319,0.01279286098133321,2.595756271957399,-1.6428466225148612,-1.0531805865411392,0.6806896419351702,-1.4377102670250956,-0.4314649264741426,0.33064850120250583,0.23525815577150727,0.8669148599945184,3.007743374781028,-1.6027996907234863,-1.2457491898154804,1.777933203000429,-2.9168600681327246,0.012781251597722573,0.4240384499172741,-1.2710913934810097,-2.3941057691885166,0.6308981022766598,3.2391141245049164,0.9841732340082913,0.0410883718306059,1.293486844517684
0.592390182627638,0.1341422239602573,0.2576657743537469,-0.676333434734078,-0.13783783395603466,-0.7480396014587749,0.48967261682810187,-0.5931237602830032,0.3666814821761908,0.6696049235557124,-0.17491976527982342,0.4871284681204449,-0.00976713606537724,-0.5044844883907057,0.5430507260059243,-0.683693001784657,-0.4919303322548578,0.4245642531261168,0.4211137091134495,0.3913342612391729,-0.9298452864340566,0.27926289415791034,0.03762353796598523,-0.7328170093791382,0.24866388042302762,-0.31028323631709853,-0.24906234476016137,0.1272200249918763,-0.3900206591730505,-0.2558704649451919,0.2492729177851546,0.7935469387854146,-0.579950894045209,0.47715725760151034,-0.28908449679688325,-0.2031305424277503,0.10928465856270929,0.6125283728739398,0.005608563695811102,-0.7379665183752219,-0.46226038463984237,-0.06472118859747052,-0.40062743322074335
2.64167317769301,-0.6842163219944227,-0.7147567636566946,-1.8057211293808548,3.5267255531613397,-1.199027723657194,2.6766728389232215,-3.792026755092409,0.6696049235557124,6.439398798578764,-4.599400161885539,-1.8737556749565791,-0.3285981825115419,0.13594688837092142,2.5755206871868563,-0.14768392812481335,-2.139120956074773,-2.548349383464032,5.002045237035035,-0.5026569756726753,-3.4554465634637,2.6421770128696065,1.9249399806418255,-0.30086823526300144,2.43157778077958,1.431949293004094,-0.4124014380766017,-0.6449502996466967,-1.1040593736453408,-5.516111441876155,2.8880532111646073,1.2480041282575798,-2.620583297556814,5.017767652554236,0.367823878164244,-0.4225166491684954,2.543486528491175,3.8570584362304436,-1.3008244730593819,-5.159407836439445,-1.3182361285833235,0.1646662205282789,-1.813431474269533
-1.5151467118328,0.8544736780124577,0.9815735428555731,0.7456329787923621,-3.067428716780298,0.07788605325416381,-1.5085939795241774,2.418357607707769,-0.17491976527982342,-4.599400161885539,3.752995922285791,2.104255365385201,0.2585641870765583,-0.6627650581356839,-1.6230295456501005,-0.7983093244816569,1.0040522337417586,2.7779225768391473,-3.6780285556382024,0.8072348339457748,1.588882043363462,-1.7608320386613923,-1.505412364475646,-0.5810206537916747,-1.7512784500427079,-1.6586599702620664,0.15271149876768367,0.6919466553963162,0.4415036901780298,4.326958250596574,-2.225996293757782,-0.07829110845547235,1.504264249227348,-3.6377346732913938,-0.6297480672675683,0.012895402994551445,-2.176041041709036,-2.5728429734735734,1.1421995855051637,3.3877918592319194,0.6132526587257235,-0.3347989891508223,0.9457727490006046
-0.02797601981619374,0.6909881332295664,1.0232726152450047,-0.6285442155200088,-2.2365043230385173,-1.1533695595348514,-0.29112497136246607,0.628514304627497,0.4871284681204449,-1.8737556749565791,2.104255365385201,2.2064911926571438,0.13465941052596472,-1.2937947397158975,-0.10986471563530716,-1.561440075718001,-0.050923745281965416,2.3951016723582987,-1.6649253683549325,1.2061651488029688,-0.3812435047308506,-0.7588792672942385,-0.9458740850082528,-1.5775830897993142,-0.7765735007892389,-1.5072642116960675,-0.37547777616548184,0.6569993998784149,-0.36145956980146204,2.3789439282175904,-0.9625300303533697,1.2352841597035942,0.031561133159096935,-1.5565557387341977,-0.8889692722279886,-0.2960144604894429,-1.131404805362826,-0.6647791543972538,0.7160362690296411,1.058245983589916,-0.3932594348236917,-0.27898091851109114,0.02115466811363872
-0.10730715887241857,0.0583876673774779,0.05528734166464833,0.05974856012293093,-0.20686310666474692,0.016634098437477766,-0.09670872601484642,0.17127987855920776,-0.00976713606537724,-0.3285981825115419,0.2585641870765583,0.13465941052596472,0.026133612658221093,-0.03518945189417212,-0.1182620811229831,-0.04245931494600452,0.06945968615394559,0.184807373215685,-0.2637869172415111,0.051496579885328256,0.11910592918915348,-0.11857315043749171,-0.10372741815166106,-0.030992955050532903,-0.11425812977978808,-0.12221404973372642,0.01371810273183138,0.04612677263970418,0.038499673664149574,0.29801751379632835,-0.15115335235742663,-0.017339806894936256,0.10697016462477592,-0.2639095279136825,-0.0369323551937455,0.011166406520692583,-0.1478761510633042,-0.18214132260411958,0.07760229812631003,0.23375552896512655,0.04670412020033722,-0.024583255898935348,0.0668942914398846
-0.5046477182508932,-0.381015177308175,-0.6305111578940978,0.8385927421252305,0.9921671979343866,1.1052097043717046,-0.2945594888149885,0.2704487800283232,-0.5044844883907057,0.13594688837092142,-0.6627650581356839,-1.2937947397158975,-0.03518945189417212,0.954121924928886,-0.4411815265181556,1.2011875020300689,0.4405904202288438,-1.2941357177865687,0.2684203107770449,-0.8133854252737696,0.9528799097756666,0.059459048344325596,0.33761221124028246,1.255963139488869,0.09794454358220601,0.8413874708100211,0.3701394001882885,-0.36772747181454274,0.48515822050036445,-0.6992317829725315,0.15739869054786834,-1.1796820006916928,0.4942086329489232,0.17827780199266044,0.6025783686679098,0.29863489923826503,0.33716037065428545,-0.2757529220654976,-0.280342805278948,0.2240111580113441,0.5610364393875388,0.15882546498217975,0.33622747563837074
1.333091811577025,-0.15476921993446682,-0.008937682027002401,-1.1783628416945138,0.9401787562107075,-1.0070726420865288,1.1527052158822337,-1.6520602598931338,0.5430507260059243,2.5755206871868563,-1.6230295456501005,-0.10986471563530716,-0.1182620811229831,-0.4411815265181556,1.346925495221719,-0.5818452131688053,-0.991046806782254,-0.5028905670260189,1.9159813385319007,0.2257660077038074,-1.7654498682210344,0.998796378605622,0.5845353857657416,-0.7527287170159217,0.9538285912590148,0.23431792507991334,-0.4117087069183292,-0.08837608281983961,-0.6768488984769789,-1.9390699413962333,1.1456324763426622,1.0861539574080632,-1.30531786091303,1.961893741632943,-0.16197852624734754,-0.2676202124209538,0.9699857996880402,1.7503266407756957,-0.42409644589800133,-2.19870580502926,-0.8563387056189904,0.06931917368200037,-0.8574454110633039
-0.8501768502420752,-0.7059969950973553,-0.957492724368756,1.2203525774486284,1.0994257306922157,1.6370673397266573,-0.826577427881445,0.659614256388838,-0.683693001784657,-0.14768392812481335,-0.7983093244816569,-1.561440075718001,-0.04245931494600452,1.2011875020300689,-0.5818452131688053,1.8669814419278759,1.018599010364655,-1.899539237764317,0.14002606088424355,-0.9560649563210462,1.807844739078683,-0.2633035119471634,0.2661929984925959,1.7078752168468943,-0.07403409255295294,1.2404558216816337,0.34561315843785506,-0.4630085758526473,0.7235191837191514,-0.6790923651760846,0.2685161910678999,-1.7243923293253909,0.8140154991199325,0.0023977236787407416,0.786172423475798,0.5541951213782295,0.6246905423977068,-0.54374696360414,-0.40482256788328613,0.7388571782309248,0.7424696317117836,0.34621267169866815,0.7283657908230112
-1.2546278448961936,-0.25578040860415413,-0.29146846081691224,1.1160587250020282,-0.7078589319986894,1.1751516335491436,-1.4622338270672637,1.5957816398887525,-0.4919303322548578,-2.139120956074773,1.0040522337417586,-0.050923745281965416,0.06945968615394559,0.4405904202288438,-0.991046806782254,1.018599010364655,1.4290303489466474,-0.1915932608375764,-1.5510257078889764,-0.18078951050161401,2.182952521466478,-1.1490405441036504,-0.5659933329731275,0.836492582745836,-0.8421207782313919,0.24324703712557044,0.18073251113298505,-7.823725622874853e-4,0.7022123196505198,1.484827773328851,-0.6887863274115328,-1.2340044161842534,1.2245855510552444,-1.5832230878530327,0.2173166192056879,0.48478946811324536,-0.3363891786812844,-1.42292274082964,0.1864610687070399,2.112330246301034,0.719521818957009,0.23601030478210774,1.0496675933416144
-0.22292606585797722,1.050158722110686,1.2977846446252121,-0.49727900135021347,-2.612555413585092,-1.2094243937652542,-0.23156660647597904,0.8940570269322109,0.4245642531261168,-2.548349383464032,2.7779225768391473,2.3951016723582987,0.184807373215685,-1.2941357177865687,-0.5028905670260189,-1.899539237764317,-0.1915932608375764,3.0845450518114914,-2.245024435936668,1.1891374927038607,-0.4710218331159891,-0.8176496795857859,-1.0659122341107155,-1.6469227598515999,-0.941238825917987,-1.914284393092514,-0.15490791838555465,0.7566812880029415,-0.28536590610802054,3.0274796829345254,-1.5116901575787811,1.266199786147542,0.24075949931515564,-2.099316685069456,-0.9621871484759263,-0.4142664377130363,-1.7454909542598092,-1.0583768401316096,0.9774614330996415,1.3828498183011184,-0.19517089606213,-0.45670367195375416,-0.014996040718484045
1.9395343917468597,-0.6305405992765524,-0.6906840679509171,-1.2315330560559867,2.90319720234704,-0.7167270089492096,1.9818297572284191,-2.873863948412319,0.4211137091134495,5.002045237035035,-3.6780285556382024,-1.6649253683549325,-0.2637869172415111,0.2684203107770449,1.9159813385319007,0.14002606088424355,-1.5510257078889764,-2.245024435936668,3.93377743846914,-0.5207614649721773,-2.4662096971024616,2.0300651607772684,1.5430110840135898,0.005453700654392888,1.8638953995336947,1.2773275518295524,-0.274834155415044,-0.5630283342985632,-0.7737806650081107,-4.390827824062755,2.3008500179771674,0.7392773473299019,-1.9377021284625804,3.91764112459803,0.4001415757595953,-0.26732041262120243,2.0640463612455746,2.912447315405534,-1.0706349124436043,-3.9120198629521155,-0.9258401384727317,0.1493055732215297,-1.3187530883471736
0.2561312517253578,0.30876411169639356,0.5278929031283643,-0.5863654515009412,-1.0557669813303077,-0.8360924187661521,0.04333096087763834,0.01279286098133321,0.3913342612391729,-0.5026569756726753,0.8072348339457748,1.2061651488029688,0.051496579885328256,-0.8133854252737696,0.2257660077038074,-0.9560649563210462,-0.18078951050161401,1.1891374927038607,-0.5207614649721773,0.7390321327620122,-0.5337601440226661,-0.2502153591311023,-0.41040838508008,-1.0316921199240414,-0.24010996771965926,-0.7662009871806083,-0.31597543998504507,0.34624909603723997,-0.34197897056839094,0.9215306392654046,-0.24618040325115598,0.8880444638423995,-0.2568402601490864,-0.4442662234851644,-0.5209049400459592,-0.19732707868801874,-0.3786738500536225,0.003285620089674475,0.2968648081592538,0.15730211343365066,-0.400476923287999,-0.13136992519362328,-0.13799981955620552
-2.126647144670707,-0.36726998256807014,-0.517639798087766,1.9891265557305957,-0.8916880747252033,2.102140097925245,-2.262710392714853,2.595756271957399,-0.9298452864340566,-3.4554465634637,1.588882043363462,-0.3812435047308506,0.11910592918915348,0.9528799097756666,-1.7654498682210344,1.807844739078683,2.182952521466478,-0.4710218331159891,-2.4662096971024616,-0.5337601440226661,3.554211454285403,-1.705241460742076,-0.8082546385287672,1.6447824335407908,-1.3288121571056832,0.45753485219552154,0.4439593848031597,-0.0799611627948604,1.225987261827677,2.2489385179998522,-1.1941324139758798,-2.19351253641309,2.0924291300124094,-2.579110357695106,0.4843796599374655,0.7727324959608709,-0.6376064166300414,-2.426286504933189,0.2819260803587088,3.384424120960044,1.302031603667593,0.3250680865293486,1.6660466877086717
1.1396377583427637,-0.10342703345253669,-0.16131326053298095,-0.7873009177727571,1.4555281960984565,-0.6016613302644825,1.327414485894597,-1.6428466225148612,0.27926289415791034,2.6421770128696065,-1.7608320386613923,-0.7588792672942385,-0.11857315043749171,0.059459048344325596,0.998796378605622,-0.2633035119471634,-1.1490405441036504,-0.8176496795857859,2.0300651607772684,-0.2502153591311023,-1.705241460742076,1.2493845839521105,0.8322497537325881,-0.1752465916858125,1.0458877059008997,0.4154728841887312,-0.08135351675978837,-0.2484986792085274,-0.48843275401086766,-2.2445334712870313,1.0415066255624084,0.6324012716073412,-1.111289233241519,2.0241421434701974,0.1266217070003185,-0.27602316240387265,0.831014543438664,1.5676721168970134,-0.46653328672551103,-2.261425208652425,-0.5324083039973566,-0.03809742449222092,-0.8947256710337675
0.6287814261370183,-0.2655871338930431,-0.37402754684348155,-0.27053860329551976,1.3393186973126097,-0.04461812716796905,0.7584769141816919,-1.0531805865411392,0.03762353796598523,1.9249399806418255,-1.505412364475646,-0.9458740850082528,-0.10372741815166106,0.33761221124028246,0.5845353857657416,0.2661929984925959,-0.5659933329731275,-1.0659122341107155,1.5430110840135898,-0.41040838508008,-0.8082546385287672,0.8322497537325881,0.6871570230393893,0.2861488741711083,0.7451870233436922,0.6253717784625434,0.028520218823182175,-0.29365824995544426,-0.18476713738613781,-1.8133709410684333,0.8568378427950616,0.02707537989566159,-0.6313236475304942,1.5235674226938085,0.29326752259953864,-0.0670110623564717,0.7843372832439154,1.0331108338543824,-0.4449050682655543,-1.4723208908180356,-0.1972887600645806,0.05078113046372851,-0.4690950389568716
-0.8973295244121733,-0.5304881799056218,-0.8351064001835924,1.2738055796543772,1.0626858159657953,1.610066339637187,-0.687796545212879,0.6806896419351702,-0.7328170093791382,-0.30086823526300144,-0.5810206537916747,-1.5775830897993142,-0.030992955050532903,1.255963139488869,-0.7527287170159217,1.7078752168468943,0.836492582745836,-1.6469227598515999,0.005453700654392888,-1.0316921199240414,1.6447824335407908,-0.1752465916858125,0.2861488741711083,1.7289800665067345,-0.08995219609592651,1.0851708005896865,0.47906299709573347,-0.44940815284713903,0.7364351729663985,-0.5368304472800448,0.055708089807697855,-1.707632178346272,0.8731629133460823,-0.13091420774455165,0.7864270061044839,0.4636989687518273,0.34662023258932456,-0.6716906439220298,-0.30985034483391705,0.7508110748500026,0.8328246351866073,0.2338949891625829,0.6438696098928554
1.0026618834701977,-0.21462700953012948,-0.2510184368746609,-0.6780823467704268,1.3695981374147257,-0.4325506241439938,1.066420290623065,-1.4377102670250956,0.24866388042302762,2.43157778077958,-1.7512784500427079,-0.7765735007892389,-0.11425812977978808,0.09794454358220601,0.9538285912590148,-0.07403409255295294,-0.8421207782313919,-0.941238825917987,1.8638953995336947,-0.24010996771965926,-1.3288121571056832,1.0458877059008997,0.7451870233436922,-0.08995219609592651,0.9796091507836708,0.5288075864895602,-0.10997572271971567,-0.2589481347159304,-0.38748352948155385,-2.1088087449852693,1.0303603206327083,0.4569818123267265,-0.9709569674254195,1.878708654221917,0.14688303416366089,-0.15523187820780068,0.9106756863877339,1.4760019277523686,-0.4778391987942886,-2.0054016814625677,-0.47217616000378526,0.07731746795801953,-0.7143867483075581
0.04066806637392683,-0.6606536066906212,-0.8089637604706806,0.39223058949644335,1.5722385984041882,0.8392838932404926,0.019879776801230722,-0.4314649264741426,-0.31028323631709853,1.431949293004094,-1.6586599702620664,-1.5072642116960675,-0.12221404973372642,0.8413874708100211,0.23431792507991334,1.2404558216816337,0.24324703712557044,-1.914284393092514,1.2773275518295524,-0.7662009871806083,0.45753485219552154,0.4154728841887312,0.6253717784625434,1.0851708005896865,0.5288075864895602,1.229715230063873,0.1269025456527749,-0.4727514293583132,0.2376781101274951,-1.7675417249695666,0.8572824789350248,-0.8819508947052149,-0.04988421097366809,1.2024800045741502,0.6099675175451807,0.28461127000142267,1.0435430395267362,0.5648961219157801,-0.5857974018218796,-0.703433465206711,0.19044024206944304,0.31752053837648764,0.088003922963599
-0.36027991295911227,0.018353649858511387,-0.11565098966608646,0.44262983848473725,0.13543754157991378,0.4485079939797761,-0.17826348887848664,0.33064850120250583,-0.24906234476016137,-0.4124014380766017,0.15271149876768367,-0.37547777616548184,0.01371810273183138,0.3701394001882885,-0.4117087069183292,0.34561315843785506,0.18073251113298505,-0.15490791838555465,-0.274834155415044,-0.31597543998504507,0.4439593848031597,-0.08135351675978837,0.028520218823182175,0.47906299709573347,-0.10997572271971567,0.1269025456527749,0.2511338109422326,-0.08388278989027058,0.2561587556323358,0.15245865193247277,-0.2506961865425281,-0.49124955329640296,0.3562152625408423,-0.29647144458438296,0.19875576714992257,0.07872657132716321,-0.19158186168885247,-0.3898514075492857,0.03346440690786589,0.3802592808283827,0.3449967438649712,-0.017405164423319342,0.17396622766612413
-0.048480117097960095,0.22931490121060716,0.31221020177544584,-0.14644743205873026,-0.6959518151008869,-0.3193303418014543,-0.10564989229270032,0.23525815577150727,0.1272200249918763,-0.6449502996466967,0.6919466553963162,0.6569993998784149,0.04612677263970418,-0.36772747181454274,-0.08837608281983961,-0.4630085758526473,-7.823725622874853e-4,0.7566812880029415,-0.5630283342985632,0.34624909603723997,-0.0799611627948604,-0.2484986792085274,-0.29365824995544426,-0.44940815284713903,-0.2589481347159304,-0.4727514293583132,-0.08388278989027058,0.20229232887214782,-0.08417857995912838,0.7786111801395774,-0.3401137122137389,0.33711677024200615,0.0463376201142396,-0.5273580553911514,-0.25852432266954667,-0.08817445802898656,-0.38750491967507017,-0.2555622953610921,0.23504071433214901,0.37706426731104054,-0.0800100187274599,-0.09739797464163004,0.021987442887841217
-0.761232446888218,-0.11111018795531265,-0.22956050621573992,0.7817362245459797,-0.11076714115617588,0.8416574690137069,-0.7082617127166484,0.8669148599945184,-0.3900206591730505,-1.1040593736453408,0.4415036901780298,-0.36145956980146204,0.038499673664149574,0.48515822050036445,-0.6768488984769789,0.7235191837191514,0.7022123196505198,-0.28536590610802054,-0.7737806650081107,-0.34197897056839094,1.225987261827677,-0.48843275401086766,-0.18476713738613781,0.7364351729663985,-0.38748352948155385,0.2376781101274951,0.2561587556323358,-0.08417857995912838,0.48461225321607815,0.6192114725097242,-0.43373902752646326,-0.8846226962497763,0.7555409179898824,-0.8184016764786596,0.2556863453681927,0.26978811844881856,-0.23097973009611186,-0.8336091712532037,0.07166262999223928,1.084004867674206,0.5390918140456639,0.10498515718851127,0.5467593491036495
-1.9108219314738881,0.8491569864127592,1.012343018001677,1.0085176114404903,-3.595411839380047,0.29762827837601596,-2.026411061161623,3.007743374781028,-0.2558704649451919,-5.516111441876155,4.326958250596574,2.3789439282175904,0.29801751379632835,-0.6992317829725315,-1.9390699413962333,-0.6790923651760846,1.484827773328851,3.0274796829345254,-4.390827824062755,0.9215306392654046,2.2489385179998522,-2.2445334712870313,-1.8133709410684333,-0.5368304472800448,-2.1088087449852693,-1.7675417249695666,0.15245865193247277,0.7786111801395774,0.6192114725097242,5.112085810679519,-2.5562914141620463,-0.3109305766956616,1.891284243698013,-4.3324407677197545,-0.6815267155655279,0.141032823387195,-2.4096179565971183,-3.087236342140891,1.292935174345583,4.196115667068698,0.7866529670114737,-0.2791921455365148,1.2920503505013048
1.0752167139062458,-0.5391513166882689,-0.5476490743989693,-0.663988247675775,1.6726278048815657,-0.3182771432722855,0.9793154829286075,-1.6027996907234863,0.2492729177851546,2.8880532111646073,-2.225996293757782,-0.9625300303533697,-0.15115335235742663,0.15739869054786834,1.1456324763426622,0.2685161910678999,-0.6887863274115328,-1.5116901575787811,2.3008500179771674,-0.24618040325115598,-1.1941324139758798,1.0415066255624084,0.8568378427950616,0.055708089807697855,1.0303603206327083,0.8572824789350248,-0.2506961865425281,-0.3401137122137389,-0.43373902752646326,-2.5562914141620463,1.510803706785167,0.3154295808473629,-1.0998834953425365,2.2839226767208505,0.26512096635244026,-0.057282454842570815,1.3912196198378266,1.6779772804057766,-0.6855172197105335,-2.1344371999275245,-0.554818961844227,0.14239292262299405,-0.6338741407630847
1.2686926505826424,0.4737279187691404,0.7535947713576729,-1.5048787509294246,-0.48003872312025825,-1.7547419266496396,1.1387251518644699,-1.2457491898154804,0.7935469387854146,1.2480041282575798,-0.07829110845547235,1.2352841597035942,-0.017339806894936256,-1.1796820006916928,1.0861539574080632,-1.7243923293253909,-1.2340044161842534,1.266199786147542,0.7392773473299019,0.8880444638423995,-2.19351253641309,0.6324012716073412,0.02707537989566159,-1.707632178346272,0.4569818123267265,-0.8819508947052149,-0.49124955329640296,0.33711677024200615,-0.8846226962497763,-0.3109305766956616,0.3154295808473629,1.8699692295263493,-1.2303266845776686,0.8544812023874759,-0.7079537164975209,-0.5519102592473308,-0.036773889230361186,1.1990435854565207,0.124898152127252,-1.5383877068768492,-0.9961136560169569,-0.23750537432980026,-0.9444998811413522
-1.4172750765119178,0.01964100713240954,-0.07912081804146,1.2444832383262596,-0.9027614864512356,1.18055442724827,-1.3657123443431118,1.777933203000429,-0.579950894045209,-2.620583297556814,1.504264249227348,0.031561133159096935,0.10697016462477592,0.4942086329489232,-1.30531786091303,0.8140154991199325,1.2245855510552444,0.24075949931515564,-1.9377021284625804,-0.2568402601490864,2.0924291300124094,-1.111289233241519,-0.6313236475304942,0.8731629133460823,-0.9709569674254195,-0.04988421097366809,0.3562152625408423,0.0463376201142396,0.7555409179898824,1.891284243698013,-1.0998834953425365,-1.2303266845776686,1.4129360264474002,-2.0018286500232247,0.19223630580353365,0.37672390358908264,-0.8205940256798095,-1.7726374349712182,0.3636669613304282,2.328597518743725,0.864768102915771,0.07368828916693414,0.9961372284305734
2.0026388793565104,-0.5876402060650361,-0.6308216531361905,-1.3213788904893917,2.8133966537234296,-0.8365039791983897,2.020754681057047,-2.9168600681327246,0.47715725760151034,5.017767652554236,-3.6377346732913938,-1.5565557387341977,-0.2639095279136825,0.17827780199266044,1.961893741632943,0.0023977236787407416,-1.5832230878530327,-2.099316685069456,3.91764112459803,-0.4442662234851644,-2.579110357695106,2.0241421434701974,1.5235674226938085,-0.13091420774455165,1.878708654221917,1.2024800045741502,-0.29647144458438296,-0.5273580553911514,-0.8184016764786596,-4.3324407677197545,2.2839226767208505,0.8544812023874759,-2.0018286500232247,3.9343082915338914,0.3413011981603245,-0.2977064083818548,2.0334355374945905,2.9757407113638483,-1.0396710094804598,-3.961213140283262,-0.9703609519199825,0.1407428352528593,-1.3595943174832188
-0.21135802516518237,-0.3018277736637615,-0.46027801897304194,0.4628211430346927,0.7773590639598049,0.6555838510854398,-0.09939419053029515,0.012781251597722573,-0.28908449679688325,0.367823878164244,-0.6297480672675683,-0.8889692722279886,-0.0369323551937455,0.6025783686679098,-0.16197852624734754,0.786172423475798,0.2173166192056879,-0.9621871484759263,0.4001415757595953,-0.5209049400459592,0.4843796599374655,0.1266217070003185,0.29326752259953864,0.7864270061044839,0.14688303416366089,0.6099675175451807,0.19875576714992257,-0.25852432266954667,0.2556863453681927,-0.6815267155655279,0.26512096635244026,-0.7079537164975209,0.19223630580353365,0.3413011981603245,0.4047474662616102,0.18225898300570673,0.36310468537470336,-0.013142549394033117,-0.24665116274593707,-0.05500365854649111,0.2939893705751117,0.10533155221657424,0.15593693002688286
-0.3837530504013629,-0.19871005474283046,-0.2484344233300553,0.421867226134572,0.0666791218400615,0.5289336130494156,-0.43953883204660654,0.4240384499172741,-0.2031305424277503,-0.4225166491684954,0.012895402994551445,-0.2960144604894429,0.011166406520692583,0.29863489923826503,-0.2676202124209538,0.5541951213782295,0.48478946811324536,-0.4142664377130363,-0.26732041262120243,-0.19732707868801874,0.7727324959608709,-0.27602316240387265,-0.0670110623564717,0.4636989687518273,-0.15523187820780068,0.28461127000142267,0.07872657132716321,-0.08817445802898656,0.26978811844881856,0.141032823387195,-0.057282454842570815,-0.5519102592473308,0.37672390358908264,-0.2977064083818548,0.18225898300570673,0.216898208299745,0.08574608937919648,-0.3454406145592821,-0.049481309727921016,0.5264593605792052,0.2570500409019325,0.132512610837737,0.34317624259280033
0.8029968110658087,-0.6391683754914036,-0.6686271953095327,-0.38727474349884095,1.6746530269919304,0.03424074152234874,0.6415110816422165,-1.2710913934810097,0.10928465856270929,2.543486528491175,-2.176041041709036,-1.131404805362826,-0.1478761510633042,0.33716037065428545,0.9699857996880402,0.6246905423977068,-0.3363891786812844,-1.7454909542598092,2.0640463612455746,-0.3786738500536225,-0.6376064166300414,0.831014543438664,0.7843372832439154,0.34662023258932456,0.9106756863877339,1.0435430395267362,-0.19158186168885247,-0.38750491967507017,-0.23097973009611186,-2.4096179565971183,1.3912196198378266,-0.036773889230361186,-0.8205940256798095,2.0334355374945905,0.36310468537470336,0.08574608937919648,1.4138509062115854,1.429447699478699,-0.699076013284689,-1.7465801222692314,-0.3759838163234286,0.2630630119239886,-0.39340682988981857
1.8033755827724056,-0.2726191541850591,-0.1964541402764682,-1.4280624956481038,1.7594765094111648,-1.1379344866103638,1.7230730703514892,-2.3941057691885166,0.6125283728739398,3.8570584362304436,-2.5728429734735734,-0.6647791543972538,-0.18214132260411958,-0.2757529220654976,1.7503266407756957,-0.54374696360414,-1.42292274082964,-1.0583768401316096,2.912447315405534,0.003285620089674475,-2.426286504933189,1.5676721168970134,1.0331108338543824,-0.6716906439220298,1.4760019277523686,0.5648961219157801,-0.3898514075492857,-0.2555622953610921,-0.8336091712532037,-3.087236342140891,1.6779772804057766,1.1990435854565207,-1.7726374349712182,2.9757407113638483,-0.013142549394033117,-0.3454406145592821,1.429447699478699,2.4847935012955773,-0.6817589259753282,-3.2334089759599545,-1.011843462130434,0.08212972220984566,-1.220497371600217
-0.35808438939939596,0.3247023016835059,0.3751786789812901,0.10933448718453094,-0.9623520653043148,-0.11836969591213613,-0.34216425256697275,0.6308981022766598,0.005608563695811102,-1.3008244730593819,1.1421995855051637,0.7160362690296411,0.07760229812631003,-0.280342805278948,-0.42409644589800133,-0.40482256788328613,0.1864610687070399,0.9774614330996415,-1.0706349124436043,0.2968648081592538,0.2819260803587088,-0.46653328672551103,-0.4449050682655543,-0.30985034483391705,-0.4778391987942886,-0.5857974018218796,0.03346440690786589,0.23504071433214901,0.07166262999223928,1.292935174345583,-0.6855172197105335,0.124898152127252,0.3636669613304282,-1.0396710094804598,-0.24665116274593707,-0.049481309727921016,-0.699076013284689,-0.6817589259753282,0.3695112630282391,0.8871439811307706,0.12356345381267278,-0.12442358191362826,0.19541152071384094
-2.3763350061976305,0.25051947176734835,0.23276792569425253,1.8127130838416994,-2.502584940217151,1.4622233880802022,-2.4790432383009327,3.2391141245049164,-0.7379665183752219,-5.159407836439445,3.3877918592319194,1.058245983589916,0.23375552896512655,0.2240111580113441,-2.19870580502926,0.7388571782309248,2.112330246301034,1.3828498183011184,-3.9120198629521155,0.15730211343365066,3.384424120960044,-2.261425208652425,-1.4723208908180356,0.7508110748500026,-2.0054016814625677,-0.703433465206711,0.3802592808283827,0.37706426731104054,1.084004867674206,4.196115667068698,-2.1344371999275245,-1.5383877068768492,2.328597518743725,-3.961213140283262,-0.05500365854649111,0.5264593605792052,-1.7465801222692314,-3.2334089759599545,0.8871439811307706,4.402507690859911,1.2560569515476525,-0.005644793852048714,1.7236241173842994
-0.8858564233718258,-0.06018444639261111,-0.22235413176826324,0.9179328377173782,-0.15805380946729083,0.9255661166859837,-0.7462151201591632,0.9841732340082913,-0.46226038463984237,-1.3182361285833235,0.6132526587257235,-0.3932594348236917,0.04670412020033722,0.5610364393875388,-0.8563387056189904,0.7424696317117836,0.719521818957009,-0.19517089606213,-0.9258401384727317,-0.400476923287999,1.302031603667593,-0.5324083039973566,-0.1972887600645806,0.8328246351866073,-0.47217616000378526,0.19044024206944304,0.3449967438649712,-0.0800100187274599,0.5390918140456639,0.7866529670114737,-0.554818961844227,-0.9961136560169569,0.864768102915771,-0.9703609519199825,0.2939893705751117,0.2570500409019325,-0.3759838163234286,-1.011843462130434,0.12356345381267278,1.2560569515476525,0.654423127487161,0.04039176959004463,0.5881544152292474
-0.0548325854270989,-0.1915051332081158,-0.18152861359586453,0.1012464369569346,0.24324982004569604,0.24999240100296719,-0.16689398912858525,0.0410883718306059,-0.06472118859747052,0.1646662205282789,-0.3347989891508223,-0.27898091851109114,-0.024583255898935348,0.15882546498217975,0.06931917368200037,0.34621267169866815,0.23601030478210774,-0.45670367195375416,0.1493055732215297,-0.13136992519362328,0.3250680865293486,-0.03809742449222092,0.05078113046372851,0.2338949891625829,0.07731746795801953,0.31752053837648764,-0.017405164423319342,-0.09739797464163004,0.10498515718851127,-0.2791921455365148,0.14239292262299405,-0.23750537432980026,0.07368828916693414,0.1407428352528593,0.10533155221657424,0.132512610837737,0.2630630119239886,0.08212972220984566,-0.12442358191362826,-0.005644793852048714,0.04039176959004463,0.17095978310176055,0.12167493354791514
-1.0212390934780458,-0.12759556244202291,-0.1695566401585963,0.8993457678015307,-0.6301894025669229,0.8991352188781292,-1.1152376117192355,1.293486844517684,-0.40062743322074335,-1.813431474269533,0.9457727490006046,0.02115466811363872,0.0668942914398846,0.33622747563837074,-0.8574454110633039,0.7283657908230112,1.0496675933416144,-0.014996040718484045,-1.3187530883471736,-0.13799981955620552,1.6660466877086717,-0.8947256710337675,-0.4690950389568716,0.6438696098928554,-0.7143867483075581,0.088003922963599,0.17396622766612413,0.021987442887841217,0.5467593491036495,1.2920503505013048,-0.6338741407630847,-0.9444998811413522,0.9961372284305734,-1.3595943174832188,0.15593693002688286,0.34317624259280033,-0.39340682988981857,-1.220497371600217,0.19541152071384094,1.7236241173842994,0.5881544152292474,0.12167493354791514,0.805733679787836
