V1,V2,V3,V4,V5,V6,V7,V8,V9,V10,V11,V12,V13,V14,V15,V16,V17,V18,V19,V20,V21,V22,V23,V24,V25,V26,V27,V28,V29,V30,V31,V32,V33,V34,V35,V36,V37,V38,V39,V40,V41,V42,V43,V44,V45
1.9230827221865212,-4.935603953585721,5.699492343643362,-16.28007265284655,3.8642055490880765,5.8292748902081755,23.573230558514567,39.48446340531963,12.735581505092622,-12.80106448601303,-10.619544710866654,-10.640733767460658,14.792938509220456,2.212168515638359,11.266962508537508,-2.9842899872634003,-12.16535530640965,-8.257054370986577,-6.0664016692727305,8.685790496869028,30.60641170570638,4.384676809735101,14.680151766917573,-16.751011951622736,-0.5571565677994222,9.581768208974792,-5.995952320455999,-7.5210580451725795,-46.41787713016456,3.7913652129336617,12.116187831223717,-6.850582444181524,-0.8210239125503638,5.633226756081729,-20.32988555114634,23.07301166910177,-13.864290383984425,19.39466103316958,-14.692466257378635,-9.258224818218553,-13.337011582846024,-1.5842142508723454,16.054548658937488,0.4827915021164878,24.397769829514697
-4.935603953585721,16.451383565863473,-20.55886214247957,60.35068613465477,-13.567780365073311,-21.086052437019866,-87.83167147911912,-142.88876099783025,-47.49502703026216,47.316429220390646,37.77568026339326,39.34435274527281,-52.92905618381182,-9.145459834626358,-42.489965646732685,9.328143052935285,43.78868811862189,30.03207568954084,21.570068950332654,-29.52571707717274,-109.42488176698934,-16.233982002459584,-53.7328950028328,61.01513557594177,2.8778275243713987,-33.33222175821433,21.847966815348894,24.835181805344146,169.23297230873956,-13.825412694893291,-43.76565655658064,23.380397353640237,1.2436331506120284,-19.72935607679328,72.03989127879385,-84.33303564028391,48.859844657116014,-69.91934988530768,52.82530491358605,33.07536012057887,49.746571644768075,7.262333674027575,-59.398115600250065,-4.032066118580574,-90.1196730424338
5.699492343643362,-20.55886214247957,27.08060028086229,-79.94328630883442,17.274535415307195,27.618153215967038,116.55160762573054,187.42655882930467,63.43329845165678,-62.319519810366565,-48.83838365526462,-51.77494272283526,69.37017519863512,12.140777866109058,56.29931403971756,-11.88677039736332,-56.72956757534676,-39.69229284251167,-28.479777818070225,37.77707979231926,142.25067209686668,21.918044348086887,71.11850494370334,-79.74919091651925,-4.2235311314471256,43.220542949890614,-29.134311111202305,-30.774452292043314,-222.33714446938598,18.205144535933034,57.230358701522974,-29.658697239805772,-1.4611881074120268,25.910472882522164,-93.69314642465156,110.49986943177387,-63.20437352807871,91.02984377323799,-69.1762429064942,-43.91808610987689,-65.75540064921975,-11.106659263784989,78.2470740789808,6.315713256526572,119.10732611339272
-16.28007265284655,60.35068613465477,-79.94328630883442,236.45042504404188,-50.91916019507524,-81.55398494505467,-344.84286752443774,-553.4655458607281,-187.67207467644812,184.300971128449,144.06250564688617,153.1229095981115,-204.67899928873243,-36.17480735890274,-166.7212027943459,34.69145345074944,167.4831497926842,117.24363217859162,83.97857646366234,-111.04657004279517,-419.73495425745756,-64.7941234364339,-210.15771846328045,235.62305858890898,12.703095628535227,-127.26599175622563,86.05263733921228,90.27106575857405,656.9048436011012,-53.78281151636126,-168.98699686502675,87.2189631834489,3.8210506408410616,-76.32162538244106,276.26776326206266,-326.5501746652273,186.29856540486313,-268.7636420283281,204.18628414713655,129.54545380707054,194.5818799354077,33.1657380491529,-231.42452343778533,-19.260790039310866,-352.213170815593
3.8642055490880765,-13.567780365073311,17.274535415307195,-50.91916019507524,11.310583665113692,17.701089460253005,74.16844558338231,120.01454411665925,40.164210342889476,-39.856193433440644,-31.5845074754411,-33.13785625086756,44.40868889175711,7.804830335418299,35.910109643262615,-7.66132815204577,-36.662151401868805,-25.290898909801598,-18.098310415623526,24.50982631771831,91.62694997663819,13.72358790069774,45.268403744781466,-51.23897465163564,-2.558339643504251,27.824782305051926,-18.418265236140275,-20.42053787069064,-142.31078082674966,11.616421897204079,36.73842256406747,-19.38320439220228,-0.8618256345729914,16.517565861493235,-60.273118546410494,70.89240495220137,-40.79881619912847,58.618093028459604,-44.34040871203477,-27.824911978248064,-41.988498029463145,-6.433318178165317,50.057327025056686,3.707944281058666,75.99215437889424
5.8292748902081755,-21.086052437019866,27.618153215967038,-81.55398494505467,17.701089460253005,28.20232577150114,118.8901001473929,191.33055779649055,64.62852399405143,-63.641031681179584,-49.949346043670246,-52.88289750309296,70.77806326823736,12.445672921518428,57.481192959601614,-12.099257029805699,-58.03877880327028,-40.46404728568144,-29.012048763055674,38.6181066712439,145.3737983839105,22.288431078032847,72.51613659432563,-81.49786346337245,-4.278928020317907,44.12077794390393,-29.659475307555354,-31.601776683740674,-226.98165684359827,18.584241383057822,58.44700395001887,-30.377858485572983,-1.4059305953113157,26.397229119891527,-95.69444000317385,112.88465469824992,-64.60885995278782,93.04133676029363,-70.60607148515538,-44.68667207693289,-67.12603037616701,-11.135492206808362,79.8980716786613,6.411608648681745,121.53079025770167
23.573230558514567,-87.83167147911912,116.55160762573054,-344.84286752443774,74.16844558338231,118.8901001473929,502.9621740384248,806.8712385248579,273.7580947848064,-268.75210981198904,-209.93121092800624,-223.28378154606244,298.3567781442317,52.80332596368346,243.1851768987037,-50.47479440058089,-244.09611907873838,-170.9546599402344,-122.42575975748706,161.71880121710268,611.7419249293249,94.52923136627552,306.45971929683975,-343.5003784289118,-18.598034266774853,185.4279604362325,-125.49879323307324,-131.34063855975478,-957.7590461069371,78.41889419113616,246.3400266318842,-127.0013221776553,-5.473552817782898,111.23615838789914,-402.6173140268924,476.0924410781327,-271.46006691074956,391.7491962872547,-297.64793019317455,-188.88251628462794,-283.7839429697707,-48.552954008326424,337.47261624389967,28.27389736352903,513.6346921518871
39.48446340531963,-142.88876099783025,187.42655882930467,-553.4655458607281,120.01454411665925,191.33055779649055,806.8712385248579,1298.1702444638054,438.7417898838608,-431.77191912550126,-338.74344177869324,-358.767396923235,480.2963325407052,84.38658152869566,390.0298888399594,-82.11862919897447,-393.5643301924111,-274.66615779304857,-196.92233686893596,261.8913326597899,986.06448851354,151.32823141207714,492.17092593028843,-552.813031783581,-29.121613532808578,299.3468368208361,-201.36480885266874,-214.0684827574951,-1540.0890353592338,126.06988877837547,396.5371270280852,-205.91307759521598,-9.627440711003857,179.17654649914408,-649.1721820671077,765.8010919517435,-438.1754857801774,631.0927887255002,-479.10548971347856,-303.4617052396459,-455.49631029238924,-75.90762038724091,542.1177759196313,43.586763641653214,824.7535469795076
12.735581505092622,-47.49502703026216,63.43329845165678,-187.67207467644812,40.164210342889476,64.62852399405143,273.7580947848064,438.7417898838608,149.17814263643825,-146.11598261944343,-113.92460215612465,-121.37457098782997,162.29459851850177,28.630631998323192,132.26136894859766,-27.48207868634581,-132.4429582772786,-93.07954313833653,-66.6962701713906,87.76177073843718,332.24604936414283,51.612847418419356,166.84317405970862,-186.5999569411231,-10.205343826773793,100.78646926854263,-68.42792086041362,-70.9322285420516,-520.7909803515747,42.649232608192314,133.88774333778272,-68.79368762963175,-3.1188916588304,60.58414603151201,-218.7716096906644,258.71863360282936,-147.380225731784,212.75136145464285,-161.85398920050903,-103.00788945236688,-154.34670985843474,-26.897660473560038,183.48989623874638,15.524326612660657,279.46646618318385
-12.80106448601303,47.316429220390646,-62.319519810366565,184.300971128449,-39.856193433440644,-63.641031681179584,-268.75210981198904,-431.77191912550126,-146.11598261944343,143.7878408633954,112.58706708405963,119.48234167819821,-159.62348852282173,-28.27464735290293,-130.0115633072108,27.056356766832273,130.9113640410696,91.34866516446648,65.41807763078918,-86.80753784447438,-327.7985843524239,-50.38663837780489,-163.7686116848762,183.9670893195918,9.808839497340394,-99.33162993043902,66.97552455632405,70.86080958028761,512.437702170685,-41.960769565116856,-131.87367209639373,68.28886992330797,2.8914766644476244,-59.46689030914784,215.67578994657873,-254.87343276813922,145.5595495244244,-209.89376529846894,159.2708885737072,100.7903271891874,151.73701018016413,25.438701961185803,-180.52308484693998,-14.87697078994231,-274.581363376167
-10.619544710866654,37.77568026339326,-48.83838365526462,144.06250564688617,-31.5845074754411,-49.949346043670246,-209.93121092800624,-338.74344177869324,-113.92460215612465,112.58706708405963,88.75852544663562,93.5786493925597,-125.31963998416433,-22.01082980380279,-101.55502811358784,21.537091557308347,103.09187171667432,71.50506160702686,51.255911794195946,-68.76521770551025,-257.95429031826785,-39.16503077693551,-128.10099615846997,144.43966945399686,7.390191033153893,-78.31239922802818,52.28195258774023,56.736081697155626,401.74174002233923,-32.86831614369826,-103.5626659635433,54.22245907323228,2.5034941869261025,-46.69548892472134,169.7580409734583,-199.94907782688023,114.76743788743963,-165.04939816284224,125.05045331335137,78.83924313729221,118.65850552642286,19.00321072438108,-141.3454830550264,-10.93468870455273,-214.8061703692544
-10.640733767460658,39.34435274527281,-51.77494272283526,153.1229095981115,-33.13785625086756,-52.88289750309296,-223.28378154606244,-358.767396923235,-121.37457098782997,119.48234167819821,93.5786493925597,99.28893437007271,-132.6252545295354,-23.509139328555218,-108.02933411616992,22.473328778026595,108.81357871990315,75.88866158070992,54.339382877076225,-72.14750170960308,-272.4209053000052,-41.84234121373458,-136.05493955166884,152.88554154254155,8.139974088827108,-82.53871276043185,55.62739077998905,58.93290815593346,425.79806603621836,-34.86529392893668,-109.5830423998849,56.77273526010781,2.3789852748626386,-49.39791817871199,179.22507763009747,-211.8024337378358,120.9741543522869,-174.43744016286857,132.337734727554,83.70572469172133,126.0809247857035,21.079919010416447,-150.0054979043955,-12.349715505892293,-228.13921419195955
14.792938509220456,-52.92905618381182,69.37017519863512,-204.67899928873243,44.40868889175711,70.77806326823736,298.3567781442317,480.2963325407052,162.29459851850177,-159.62348852282173,-125.31963998416433,-132.6252545295354,177.80353398655666,31.070820900822493,144.12759492724393,-30.55492358034754,-145.52182314576737,-101.66774743586396,-72.93522061302967,97.03561854164339,364.8226186179421,55.995238965533396,182.1043450873632,-204.4112977123599,-10.727219458207289,110.89477324175736,-74.54667715352632,-79.28381007997694,-569.6826271494849,46.61712042849872,146.70916929169354,-76.23627486666703,-3.791313123275031,66.39928779489911,-240.2915824172923,283.1820715756699,-162.1591792561395,233.4259295196584,-177.32254876349253,-112.4557389940532,-168.39077324561566,-28.09611315228902,200.44037452096762,15.91888463166245,305.03592099272754
2.212168515638359,-9.145459834626358,12.140777866109058,-36.17480735890274,7.804830335418299,12.445672921518428,52.80332596368346,84.38658152869566,28.630631998323192,-28.27464735290293,-22.01082980380279,-23.509139328555218,31.070820900822493,5.754297273085707,25.67265673429463,-5.032487986439781,-25.689323237611596,-17.819760468028267,-12.660019261161809,16.742776722895197,64.04234830564486,9.804827707250551,32.007793002336925,-36.106855324343606,-2.009966827302367,19.217634018831554,-13.021691538316405,-13.69651119840687,-100.35609203410327,8.213602973699336,25.789229503932862,-13.24793781744779,-0.2135072809320124,11.467773290931449,-41.980365157441845,50.02818318901456,-28.347954990846077,41.10800246301422,-31.066674163082503,-19.47583207940448,-29.879336000545837,-4.979683786360006,35.4997348941111,3.2061428680414825,53.880040340252336
11.266962508537508,-42.489965646732685,56.29931403971756,-166.7212027943459,35.910109643262615,57.481192959601614,243.1851768987037,390.0298888399594,132.26136894859766,-130.0115633072108,-101.55502811358784,-108.02933411616992,144.12759492724393,25.67265673429463,117.6883454800023,-24.246237597679844,-118.14465230587089,-82.57302527917766,-59.07116970433282,78.10830241358876,295.8254192050202,45.604358354700494,148.06871462673172,-166.1888032600447,-9.008864606988546,89.53614845836906,-60.56628329392153,-63.56982173443439,-463.07251628177244,37.91413265659857,119.10505592755037,-61.424700893597354,-2.4095895710733872,53.65244278236402,-194.57619723063598,230.3056565568961,-131.24322047257226,189.50142122834407,-143.8412141768579,-91.0808951301871,-137.282792583542,-23.306249041836946,163.24965009693997,13.781783858425294,248.33395972752854
-2.9842899872634003,9.328143052935285,-11.88677039736332,34.69145345074944,-7.66132815204577,-12.099257029805699,-50.47479440058089,-82.11862919897447,-27.48207868634581,27.056356766832273,21.537091557308347,22.473328778026595,-30.55492358034754,-5.032487986439781,-24.246237597679844,5.574826760610084,24.88105653934397,17.37331853467173,12.581956615632771,-17.002547846629234,-62.61235352695725,-9.52563795240554,-31.032957253385305,34.82134276698475,1.6515632757143817,-19.267615484909317,12.745518985062967,14.018000722738853,97.11217442024534,-7.945463385590226,-25.091782611099983,13.313492253442286,1.0764616656732775,-11.524487377574134,41.41199796308385,-48.19253293296846,27.986778081022802,-39.92196818425921,30.400755462997594,19.385337317860394,28.45419428578546,4.542096355176159,-33.96649607878563,-2.215906283791702,-51.76509171163214
-12.16535530640965,43.78868811862189,-56.72956757534676,167.4831497926842,-36.662151401868805,-58.03877880327028,-244.09611907873838,-393.5643301924111,-132.4429582772786,130.9113640410696,103.09187171667432,108.81357871990315,-145.52182314576737,-25.689323237611596,-118.14465230587089,24.88105653934397,119.80500018153984,83.05706875678129,59.50564468956452,-79.74365022702624,-299.6350334917937,-45.53596320405687,-148.85765390998458,167.88626254410366,8.641082171195505,-90.8566333173832,60.73581867076784,65.76296576827463,466.86011907400746,-38.21259433082019,-120.31239240013247,62.90821606397591,2.7360589334525325,-54.17686628388349,197.10941476938788,-232.4089615044973,133.26645544813567,-191.77104531758204,145.23208917413484,91.49067186032302,137.98240814335713,22.154339242423617,-164.33071097434623,-12.90904307908855,-249.68990077594017
-8.257054370986577,30.03207568954084,-39.69229284251167,117.24363217859162,-25.290898909801598,-40.46404728568144,-170.9546599402344,-274.66615779304857,-93.07954313833653,91.34866516446648,71.50506160702686,75.88866158070992,-101.66774743586396,-17.819760468028267,-82.57302527917766,17.37331853467173,83.05706875678129,58.21896633325244,41.73637621050327,-55.2541852116665,-208.33247733492948,-32.140224550328135,-104.28724049868855,116.836640711818,6.2537961524276655,-63.29476414690468,42.731025695322685,44.91718075472149,325.8906010399404,-26.663846842634428,-83.86774386160478,43.354842656554425,2.095905817343707,-37.96722412635752,137.21865857557344,-161.93155249209045,92.51168192801863,-133.3403960254353,101.39157356965326,64.43409952568884,96.43863487733977,16.42700826724382,-114.72802285912054,-9.351630629895379,-174.680887160017
-6.0664016692727305,21.570068950332654,-28.479777818070225,83.97857646366234,-18.098310415623526,-29.012048763055674,-122.42575975748706,-196.92233686893596,-66.6962701713906,65.41807763078918,51.255911794195946,54.339382877076225,-72.93522061302967,-12.660019261161809,-59.07116970433282,12.581956615632771,59.50564468956452,41.73637621050327,29.997356876148075,-39.72451239211038,-149.37378587429762,-23.103122185221956,-74.76824701474146,83.70023180327449,4.4243207443583445,-45.461057573357515,30.679199507666667,32.2697363734626,233.52907622639688,-19.131550127836174,-60.106186999664054,31.133172779749785,1.6885627239490957,-27.297302153564775,98.45986709638215,-115.98938100132132,66.39173433683172,-95.55031299876508,72.69459316058087,46.279645549042606,69.01692092799071,11.784607336112117,-82.13145240264603,-6.577152302624012,-125.10133555892156
8.685790496869028,-29.52571707717274,37.77707979231926,-111.04657004279517,24.50982631771831,38.6181066712439,161.71880121710268,261.8913326597899,87.76177073843718,-86.80753784447438,-68.76521770551025,-72.14750170960308,97.03561854164339,16.742776722895197,78.10830241358876,-17.002547846629234,-79.74365022702624,-55.2541852116665,-39.72451239211038,53.60773253788796,199.7271129558389,30.20298715421087,98.90525112030808,-111.56587679091754,-5.514155088178962,60.86279745634206,-40.39483323131822,-44.40310746889798,-310.3004917617693,25.386155470613293,80.08317639620479,-42.24166303107796,-2.352703911993702,36.26271985408103,-131.599794031005,154.37919963199639,-89.02877497867507,127.65308745802359,-96.76225670454028,-61.070750091715475,-91.38893161011205,-14.355947567183174,108.96932628571793,7.918987321421723,165.6495364467005
30.60641170570638,-109.42488176698934,142.25067209686668,-419.73495425745756,91.62694997663819,145.3737983839105,611.7419249293249,986.06448851354,332.24604936414283,-327.7985843524239,-257.95429031826785,-272.4209053000052,364.8226186179421,64.04234830564486,295.8254192050202,-62.61235352695725,-299.6350334917937,-208.33247733492948,-149.37378587429762,199.7271129558389,750.161107654894,114.3900376567743,373.2610707785831,-420.2218616636834,-21.72816311503311,227.76348097208339,-152.49971986709804,-164.1920438299194,-1169.5525640627122,95.71494168250578,301.35633945429004,-157.30162273137353,-7.360136163537617,136.0197333099515,-493.7741648895497,581.867940317039,-333.61927729484205,480.01493644983367,-363.9796220528646,-229.9161606127826,-345.58961095361155,-56.22372981677063,411.53649612063373,32.28124168140553,625.6973913396183
4.384676809735101,-16.233982002459584,21.918044348086887,-64.7941234364339,13.72358790069774,22.288431078032847,94.52923136627552,151.32823141207714,51.612847418419356,-50.38663837780489,-39.16503077693551,-41.84234121373458,55.995238965533396,9.804827707250551,45.604358354700494,-9.52563795240554,-45.53596320405687,-32.140224550328135,-23.103122185221956,30.20298715421087,114.3900376567743,17.980297442525874,57.65315615465472,-64.26407358047315,-3.5363691110452,34.73897745665162,-23.72182527763228,-24.21115987176967,-179.58040401872597,14.746936280249026,46.12103845881783,-23.60248375231905,-1.2064714022772234,20.96495504229811,-75.38853456980979,89.12750875813347,-50.75021992551072,73.22322335225704,-55.78822182210026,-35.66564329723448,-53.209765271156456,-9.556024997152875,63.233980232247056,5.4336421445436445,96.41446632420703
14.680151766917573,-53.7328950028328,71.11850494370334,-210.15771846328045,45.268403744781466,72.51613659432563,306.45971929683975,492.17092593028843,166.84317405970862,-163.7686116848762,-128.10099615846997,-136.05493955166884,182.1043450873632,32.007793002336925,148.06871462673172,-31.032957253385305,-148.85765390998458,-104.28724049868855,-74.76824701474146,98.90525112030808,373.2610707785831,57.65315615465472,186.88809645700496,-209.4162463758044,-11.230619211421168,113.31240429289032,-76.57355941371951,-80.37066152333557,-584.0117207218368,47.81701589193497,150.2591499880866,-77.62616610542815,-3.6490752574554386,67.98123184289832,-245.7924508227055,290.23105769755955,-165.73459179249406,238.932621524672,-181.6152600330184,-115.35820819034473,-172.87563818559795,-29.498458060649224,205.64053027454747,16.918550516749843,313.06082469907903
-16.751011951622736,61.01513557594177,-79.74919091651925,235.62305858890898,-51.23897465163564,-81.49786346337245,-343.5003784289118,-552.813031783581,-186.5999569411231,183.9670893195918,144.43966945399686,152.88554154254155,-204.4112977123599,-36.106855324343606,-166.1888032600447,34.82134276698475,167.88626254410366,116.836640711818,83.70023180327449,-111.56587679091754,-420.2218616636834,-64.26407358047315,-209.4162463758044,235.6354084287903,12.360295948469853,-127.4103434345714,85.56628405703118,91.48906100338121,655.9146940247334,-53.69482120198909,-168.9123671654487,87.86144185641315,3.8245753593186946,-76.1470287494754,276.49104611234446,-326.3407499337593,186.74418492597857,-269.0025831044186,203.9750549980519,128.85883484477034,194.03351442726577,31.919082596144186,-230.95950064318507,-18.583300449547608,-351.1523270920332
-0.5571565677994222,2.8778275243713987,-4.2235311314471256,12.703095628535227,-2.558339643504251,-4.278928020317907,-18.598034266774853,-29.121613532808578,-10.205343826773793,9.808839497340394,7.390191033153893,8.139974088827108,-10.727219458207289,-2.009966827302367,-9.008864606988546,1.6515632757143817,8.641082171195505,6.2537961524276655,4.4243207443583445,-5.514155088178962,-21.72816311503311,-3.5363691110452,-11.230619211421168,12.360295948469853,0.831030652994063,-6.509022445529088,4.631457516822582,4.22249759200155,34.73356516060448,-2.8376538921759944,-8.860854740793688,4.2813398197050745,0.04131665553168169,-3.977268643540206,14.267248812446823,-17.21371692736964,9.517506572214327,-13.985753968923964,10.718501335716109,6.921363057705211,10.452312893307694,2.1676601439853656,-12.344687273164189,-1.3680438525866119,-18.85997311247002
9.581768208974792,-33.33222175821433,43.220542949890614,-127.26599175622563,27.824782305051926,44.12077794390393,185.4279604362325,299.3468368208361,100.78646926854263,-99.33162993043902,-78.31239922802818,-82.53871276043185,110.89477324175736,19.217634018831554,89.53614845836906,-19.267615484909317,-90.8566333173832,-63.29476414690468,-45.461057573357515,60.86279745634206,227.76348097208339,34.73897745665162,113.31240429289032,-127.4103434345714,-6.509022445529088,69.35676150760608,-46.3541010894268,-50.00902430797474,-354.8584713367336,29.027644232152248,91.48002819708292,-47.85720180813346,-2.5781114402178598,41.44800310460457,-150.0792676378342,176.42856048991868,-101.37359423450309,145.64183600110127,-110.57687679027467,-70.03300582521915,-104.698450541955,-17.04846304738069,124.72465669521513,9.481086058551524,189.7541961799158
-5.995952320455999,21.847966815348894,-29.134311111202305,86.05263733921228,-18.418265236140275,-29.659475307555354,-125.49879323307324,-201.36480885266874,-68.42792086041362,66.97552455632405,52.28195258774023,55.62739077998905,-74.54667715352632,-13.021691538316405,-60.56628329392153,12.745518985062967,60.73581867076784,42.731025695322685,30.679199507666667,-40.39483323131822,-152.49971986709804,-23.72182527763228,-76.57355941371951,85.56628405703118,4.631457516822582,-46.3541010894268,31.44353195836189,32.631882999032804,238.91121379975385,-19.57408405193933,-61.43650123039715,31.62557931662693,1.6165787242196803,-27.8854768122728,100.49521048073271,-118.63020315634515,67.69892721217238,-97.59846366833177,74.30743252457472,47.38290575582412,70.71906898779137,12.343589808253093,-84.09715355857472,-6.976163789949899,-128.1435839503331
-7.5210580451725795,24.835181805344146,-30.774452292043314,90.27106575857405,-20.42053787069064,-31.601776683740674,-131.34063855975478,-214.0684827574951,-70.9322285420516,70.86080958028761,56.736081697155626,58.93290815593346,-79.28381007997694,-13.69651119840687,-63.56982173443439,14.018000722738853,65.76296576827463,44.91718075472149,32.2697363734626,-44.40310746889798,-164.1920438299194,-24.21115987176967,-80.37066152333557,91.48906100338121,4.22249759200155,-50.00902430797474,32.631882999032804,37.55018762171879,253.4774737418346,-20.71111821075952,-65.59628266005288,35.22258981923793,1.8650746538533962,-29.5343002540833,108.06857307664075,-126.39105319419536,73.37691507207673,-104.89469482657734,79.13978019915616,49.402226096224915,74.44265063933045,10.566640556253677,-88.93498203308084,-5.876458147174752,-134.8387416200613
-46.41787713016456,169.23297230873956,-222.33714446938598,656.9048436011012,-142.31078082674966,-226.98165684359827,-957.7590461069371,-1540.0890353592338,-520.7909803515747,512.437702170685,401.74174002233923,425.79806603621836,-569.6826271494849,-100.35609203410327,-463.07251628177244,97.11217442024534,466.86011907400746,325.8906010399404,233.52907622639688,-310.3004917617693,-1169.5525640627122,-179.58040401872597,-584.0117207218368,655.9146940247334,34.73356516060448,-354.8584713367336,238.91121379975385,253.4774737418346,1827.3631843430376,-149.57430512789426,-470.4254359539238,243.99602698205874,11.048712152333925,-212.4264257404336,769.8329528221459,-908.691331621301,519.5533996181967,-748.6531093450436,568.3302761074208,359.9276176146488,540.6975474011246,90.35632347753412,-643.4245143325911,-52.17522096209432,-978.844942061115
3.7913652129336617,-13.825412694893291,18.205144535933034,-53.78281151636126,11.616421897204079,18.584241383057822,78.41889419113616,126.06988877837547,42.649232608192314,-41.960769565116856,-32.86831614369826,-34.86529392893668,46.61712042849872,8.213602973699336,37.91413265659857,-7.945463385590226,-38.21259433082019,-26.663846842634428,-19.131550127836174,25.386155470613293,95.71494168250578,14.746936280249026,47.81701589193497,-53.69482120198909,-2.8376538921759944,29.027644232152248,-19.57408405193933,-20.71111821075952,-149.57430512789426,12.264444815276551,38.49123197180451,-19.958141355111238,-0.9147985784398892,17.390751146421824,-63.00147568629922,74.37991983527951,-42.53032791210158,61.26628385317592,-46.49459605763469,-29.44857657232747,-44.25483359357062,-7.43369280046846,52.66017326505285,4.304721624966313,80.11387722825023
12.116187831223717,-43.76565655658064,57.230358701522974,-168.98699686502675,36.73842256406747,58.44700395001887,246.3400266318842,396.5371270280852,133.88774333778272,-131.87367209639373,-103.5626659635433,-109.5830423998849,146.70916929169354,25.789229503932862,119.10505592755037,-25.091782611099983,-120.31239240013247,-83.86774386160478,-60.106186999664054,80.08317639620479,301.35633945429004,46.12103845881783,150.2591499880866,-168.9123671654487,-8.860854740793688,91.48002819708292,-61.43650123039715,-65.59628266005288,-470.4254359539238,38.49123197180451,121.15815511771824,-63.00716830312376,-2.9089450274281154,54.706149691518725,-198.37199640595608,233.96391841579293,-133.93065151019115,192.8713422381728,-146.36924445550272,-92.61677524321716,-139.11040073099971,-22.98647161288283,165.59037811323452,13.217040801896484,251.86038576418426
-6.850582444181524,23.380397353640237,-29.658697239805772,87.2189631834489,-19.38320439220228,-30.377858485572983,-127.0013221776553,-205.91307759521598,-68.79368762963175,68.28886992330797,54.22245907323228,56.77273526010781,-76.23627486666703,-13.24793781744779,-61.424700893597354,13.313492253442286,62.90821606397591,43.354842656554425,31.133172779749785,-42.24166303107796,-157.30162273137353,-23.60248375231905,-77.62616610542815,87.86144185641315,4.2813398197050745,-47.85720180813346,31.62557931662693,35.22258981923793,243.99602698205874,-19.958141355111238,-63.00716830312376,33.38173037169602,1.7111879604423514,-28.42587244636264,103.5554279867848,-121.51652496336531,70.14504468378665,-100.55796734779535,76.06389860128806,47.779311773486604,71.8550591662813,10.951687746668638,-85.71105805942774,-6.162285405500357,-130.14746703147787
-0.8210239125503638,1.2436331506120284,-1.4611881074120268,3.8210506408410616,-0.8618256345729914,-1.4059305953113157,-5.473552817782898,-9.627440711003857,-3.1188916588304,2.8914766644476244,2.5034941869261025,2.3789852748626386,-3.791313123275031,-0.2135072809320124,-2.4095895710733872,1.0764616656732775,2.7360589334525325,2.095905817343707,1.6885627239490957,-2.352703911993702,-7.360136163537617,-1.2064714022772234,-3.6490752574554386,3.8245753593186946,0.04131665553168169,-2.5781114402178598,1.6165787242196803,1.8650746538533962,11.048712152333925,-0.9147985784398892,-2.9089450274281154,1.7111879604423514,0.712213480183709,-1.6104908850186,5.130197422624247,-5.289501437289522,3.4390189842305987,-4.524426109133838,3.6575498247119,2.643507597563863,2.9688884486892015,0.5491797633332928,-3.621047870967297,0.218678788599322,-5.721969807102059
5.633226756081729,-19.72935607679328,25.910472882522164,-76.32162538244106,16.517565861493235,26.397229119891527,111.23615838789914,179.17654649914408,60.58414603151201,-59.46689030914784,-46.69548892472134,-49.39791817871199,66.39928779489911,11.467773290931449,53.65244278236402,-11.524487377574134,-54.17686628388349,-37.96722412635752,-27.297302153564775,36.26271985408103,136.0197333099515,20.96495504229811,67.98123184289832,-76.1470287494754,-3.977268643540206,41.44800310460457,-27.8854768122728,-29.5343002540833,-212.4264257404336,17.390751146421824,54.706149691518725,-28.42587244636264,-1.6104908850186,24.86421107567148,-89.68509901075788,105.50696134871299,-60.491617262747056,86.9794751362264,-66.17450445531311,-42.116911774516396,-62.72212983713576,-10.593617483795283,74.66919087464295,5.839673144962467,113.730772609958
-20.32988555114634,72.03989127879385,-93.69314642465156,276.26776326206266,-60.273118546410494,-95.69444000317385,-402.6173140268924,-649.1721820671077,-218.7716096906644,215.67578994657873,169.7580409734583,179.22507763009747,-240.2915824172923,-41.980365157441845,-194.57619723063598,41.41199796308385,197.10941476938788,137.21865857557344,98.45986709638215,-131.599794031005,-493.7741648895497,-75.38853456980979,-245.7924508227055,276.49104611234446,14.267248812446823,-150.0792676378342,100.49521048073271,108.06857307664075,769.8329528221459,-63.00147568629922,-198.37199640595608,103.5554279867848,5.130197422624247,-89.68509901075788,325.1548005515778,-382.87504415302567,219.64123961811777,-315.8828262542571,239.67576780912998,151.6100763733666,227.37428315464027,37.14615784852247,-270.78003231936583,-21.078380004001083,-411.83158237629766
23.07301166910177,-84.33303564028391,110.49986943177387,-326.5501746652273,70.89240495220137,112.88465469824992,476.0924410781327,765.8010919517435,258.71863360282936,-254.87343276813922,-199.94907782688023,-211.8024337378358,283.1820715756699,50.02818318901456,230.3056565568961,-48.19253293296846,-232.4089615044973,-161.93155249209045,-115.98938100132132,154.37919963199639,581.867940317039,89.12750875813347,290.23105769755955,-326.3407499337593,-17.21371692736964,176.42856048991868,-118.63020315634515,-126.39105319419536,-908.691331621301,74.37991983527951,233.96391841579293,-121.51652496336531,-5.289501437289522,105.50696134871299,-382.87504415302567,452.0289286263956,-258.5117845438286,372.499952369149,-282.5653596892707,-178.65401522773325,-268.8818877914336,-44.53152563594637,320.0013413746702,25.908013287029828,486.6293067067886
-13.864290383984425,48.859844657116014,-63.20437352807871,186.29856540486313,-40.79881619912847,-64.60885995278782,-271.46006691074956,-438.1754857801774,-147.380225731784,145.5595495244244,114.76743788743963,120.9741543522869,-162.1591792561395,-28.347954990846077,-131.24322047257226,27.986778081022802,133.26645544813567,92.51168192801863,66.39173433683172,-89.02877497867507,-333.61927729484205,-50.75021992551072,-165.73459179249406,186.74418492597857,9.517506572214327,-101.37359423450309,67.69892721217238,73.37691507207673,519.5533996181967,-42.53032791210158,-133.93065151019115,70.14504468378665,3.4390189842305987,-60.491617262747056,219.64123961811777,-258.5117845438286,148.48145204552623,-213.40829875765584,161.76085261625812,102.1103187692703,153.3754093616577,24.6667891435598,-182.71535137399704,-14.043621116950735,-277.7578423728406
19.39466103316958,-69.91934988530768,91.02984377323799,-268.7636420283281,58.618093028459604,93.04133676029363,391.7491962872547,631.0927887255002,212.75136145464285,-209.89376529846894,-165.04939816284224,-174.43744016286857,233.4259295196584,41.10800246301422,189.50142122834407,-39.92196818425921,-191.77104531758204,-133.3403960254353,-95.55031299876508,127.65308745802359,480.01493644983367,73.22322335225704,238.932621524672,-269.0025831044186,-13.985753968923964,145.64183600110127,-97.59846366833177,-104.89469482657734,-748.6531093450436,61.26628385317592,192.8713422381728,-100.55796734779535,-4.524426109133838,86.9794751362264,-315.8828262542571,372.499952369149,-213.40829875765584,307.2139998433591,-232.92050433191272,-147.08345922938474,-221.32668819500358,-36.087940752811356,263.5203267371883,20.871955397035595,400.6212151244583
-14.692466257378635,52.82530491358605,-69.1762429064942,204.18628414713655,-44.34040871203477,-70.60607148515538,-297.64793019317455,-479.10548971347856,-161.85398920050903,159.2708885737072,125.05045331335137,132.337734727554,-177.32254876349253,-31.066674163082503,-143.8412141768579,30.400755462997594,145.23208917413484,101.39157356965326,72.69459316058087,-96.76225670454028,-363.9796220528646,-55.78822182210026,-181.6152600330184,203.9750549980519,10.718501335716109,-110.57687679027467,74.30743252457472,79.13978019915616,568.3302761074208,-46.49459605763469,-146.36924445550272,76.06389860128806,3.6575498247119,-66.17450445531311,239.67576780912998,-282.5653596892707,161.76085261625812,-232.92050433191272,176.88227034318405,112.08359670209771,168.03232049427675,27.932243410528645,-200.01135985495483,-15.924667496952216,-304.31505538804447
-9.258224818218553,33.07536012057887,-43.91808610987689,129.54545380707054,-27.824911978248064,-44.68667207693289,-188.88251628462794,-303.4617052396459,-103.00788945236688,100.7903271891874,78.83924313729221,83.70572469172133,-112.4557389940532,-19.47583207940448,-91.0808951301871,19.385337317860394,91.49067186032302,64.43409952568884,46.279645549042606,-61.070750091715475,-229.9161606127826,-35.66564329723448,-115.35820819034473,128.85883484477034,6.921363057705211,-70.03300582521915,47.38290575582412,49.402226096224915,359.9276176146488,-29.44857657232747,-92.61677524321716,47.779311773486604,2.643507597563863,-42.116911774516396,151.6100763733666,-178.65401522773325,102.1103187692703,-147.08345922938474,112.08359670209771,71.5672137715841,106.43132211861993,18.477128712471913,-126.6087121958598,-10.229251995934947,-192.97743243536416
-13.337011582846024,49.746571644768075,-65.75540064921975,194.5818799354077,-41.988498029463145,-67.12603037616701,-283.7839429697707,-455.49631029238924,-154.34670985843474,151.73701018016413,118.65850552642286,126.0809247857035,-168.39077324561566,-29.879336000545837,-137.282792583542,28.45419428578546,137.98240814335713,96.43863487733977,69.01692092799071,-91.38893161011205,-345.58961095361155,-53.209765271156456,-172.87563818559795,194.03351442726577,10.452312893307694,-104.698450541955,70.71906898779137,74.44265063933045,540.6975474011246,-44.25483359357062,-139.11040073099971,71.8550591662813,2.9688884486892015,-62.72212983713576,227.37428315464027,-268.8818877914336,153.3754093616577,-221.32668819500358,168.03232049427675,106.43132211861993,160.20165980171168,27.092531217571295,-190.5415424264166,-15.878606044632978,-289.8790671721267
-1.5842142508723454,7.262333674027575,-11.106659263784989,33.1657380491529,-6.433318178165317,-11.135492206808362,-48.552954008326424,-75.90762038724091,-26.897660473560038,25.438701961185803,19.00321072438108,21.079919010416447,-28.09611315228902,-4.979683786360006,-23.306249041836946,4.542096355176159,22.154339242423617,16.42700826724382,11.784607336112117,-14.355947567183174,-56.22372981677063,-9.556024997152875,-29.498458060649224,31.919082596144186,2.1676601439853656,-17.04846304738069,12.343589808253093,10.566640556253677,90.35632347753412,-7.43369280046846,-22.98647161288283,10.951687746668638,0.5491797633332928,-10.593617483795283,37.14615784852247,-44.53152563594637,24.6667891435598,-36.087940752811356,27.932243410528645,18.477128712471913,27.092531217571295,6.214406027059924,-31.97073230677247,-3.541245719430829,-49.14244107555324
16.054548658937488,-59.398115600250065,78.2470740789808,-231.42452343778533,50.057327025056686,79.8980716786613,337.47261624389967,542.1177759196313,183.48989623874638,-180.52308484693998,-141.3454830550264,-150.0054979043955,200.44037452096762,35.4997348941111,163.24965009693997,-33.96649607878563,-164.33071097434623,-114.72802285912054,-82.13145240264603,108.96932628571793,411.53649612063373,63.233980232247056,205.64053027454747,-230.95950064318507,-12.344687273164189,124.72465669521513,-84.09715355857472,-88.93498203308084,-643.4245143325911,52.66017326505285,165.59037811323452,-85.71105805942774,-3.621047870967297,74.66919087464295,-270.78003231936583,320.0013413746702,-182.71535137399704,263.5203267371883,-200.01135985495483,-126.6087121958598,-190.5415424264166,-31.97073230677247,226.681222677807,18.675992968174356,344.8097195461278
0.4827915021164878,-4.032066118580574,6.315713256526572,-19.260790039310866,3.707944281058666,6.411608648681745,28.27389736352903,43.586763641653214,15.524326612660657,-14.87697078994231,-10.93468870455273,-12.349715505892293,15.91888463166245,3.2061428680414825,13.781783858425294,-2.215906283791702,-12.90904307908855,-9.351630629895379,-6.577152302624012,7.918987321421723,32.28124168140553,5.4336421445436445,16.918550516749843,-18.583300449547608,-1.3680438525866119,9.481086058551524,-6.976163789949899,-5.876458147174752,-52.17522096209432,4.304721624966313,13.217040801896484,-6.162285405500357,0.218678788599322,5.839673144962467,-21.078380004001083,25.908013287029828,-14.043621116950735,20.871955397035595,-15.924667496952216,-10.229251995934947,-15.878606044632978,-3.541245719430829,18.675992968174356,2.488035759913493,28.498801915682343
24.397769829514697,-90.1196730424338,119.10732611339272,-352.213170815593,75.99215437889424,121.53079025770167,513.6346921518871,824.7535469795076,279.46646618318385,-274.581363376167,-214.8061703692544,-228.13921419195955,305.03592099272754,53.880040340252336,248.33395972752854,-51.76509171163214,-249.68990077594017,-174.680887160017,-125.10133555892156,165.6495364467005,625.6973913396183,96.41446632420703,313.06082469907903,-351.1523270920332,-18.85997311247002,189.7541961799158,-128.1435839503331,-134.8387416200613,-978.844942061115,80.11387722825023,251.86038576418426,-130.14746703147787,-5.721969807102059,113.730772609958,-411.83158237629766,486.6293067067886,-277.7578423728406,400.6212151244583,-304.31505538804447,-192.97743243536416,-289.8790671721267,-49.14244107555324,344.8097195461278,28.498801915682343,524.7235263597329
