V1,V2,V3,V4,V5,V6,V7,V8,V9,V10,V11,V12,V13,V14,V15,V16,V17,V18,V19,V20,V21,V22,V23,V24,V25,V26,V27,V28,V29,V30,V31,V32,V33,V34,V35,V36,V37,V38,V39,V40,V41,V42,V43,V44,V45
1.3513688239997852,-7.254508770758622,-0.007895194775427163,1.1657964871538227,-1.7603563419515629,0.023520971453401616,-2.1620521274390736,-1.3433629371482945,0.9593982976597992,1.9861585460402873,2.26510490028674,-0.9918438660646984,-1.2874842985162869,2.278072930177161,-2.8697127618367997,9.91443605724672,-4.498306816913302,-1.1285337401376534,6.088012842300974,3.9171277117509384,-3.875934647498276,-20.74626491572546,1.7881665964058653,-6.129636565365295,7.280868353015998,-9.989075709346077,-5.822633378150725,3.1954394950463136,11.413440817087704,-1.0374616478023855,6.200945134414161,-8.263618043894004,4.777650807404067,-1.6668958820468227,-6.758258660801268,-0.13549388111464086,5.687161484022543,1.3204453761244699,2.8653823077007203,-14.964579289470928,0.618926743881357,-6.783909084568937,-2.97039819572973,5.4229861701497555,-2.0859640080034327
-7.254508770758622,100.5785888238315,4.054005878553633,-16.51354331765864,24.13441624665162,-2.231920090781609,24.460242036712042,24.24820194203814,-10.896099539027754,-28.675635962264067,-34.82655325631786,8.782543449652742,24.672693043501106,-30.18793270575564,38.94073271000944,-141.09424574540506,61.497363824516576,12.289435431175896,-88.55259101896739,-52.410554583866464,54.29770020200226,292.3287036960326,-18.72553298243008,81.67427614832087,-108.59270338947873,138.8727599840695,77.28596720310416,-43.08167797443339,-160.13992403318488,4.883886038793236,-87.27350173578841,120.34136744980702,-76.54088354572065,21.49249898235575,97.75144888298588,8.01272442614994,-82.46636622352985,-26.364399944854515,-36.165755609045284,223.36519279019896,-11.4786370570534,100.47449419923524,37.582651511439785,-76.70953166214039,28.97308197197825
-0.007895194775427163,4.054005878553633,0.35046200714289155,-0.7617324499932492,0.972006808802607,-0.23048923271209648,0.839735240435383,1.1874728603805225,-0.4760789411422768,-1.2496659046813543,-1.4955572964442538,0.22418683895790342,1.1512767232441639,-1.1224749076628686,1.5150416006382674,-5.9184730536709536,2.3936206342553157,0.3018514377096961,-3.693875709476134,-2.09953474343824,2.152431521293185,11.974919199755224,-0.5942399467548235,3.173290316558798,-4.730374601741777,5.575303858843669,2.9909563527801484,-1.7785087552539085,-6.657641013758386,-0.0864001998274046,-3.6451026136360487,5.101300865002303,-3.3817391549199676,0.8832860306894399,4.203428649309159,0.49720931433442955,-3.5234031899235503,-1.2805447150387845,-1.512191026249745,9.56819480628965,-0.5630337743033647,4.20005673146391,1.4696952806598196,-3.149722331194769,1.2295426178727527
1.1657964871538227,-16.51354331765864,-0.7617324499932492,2.982411831826181,-3.664363850556632,0.5240931965338443,-4.17722263740253,-4.111564865570686,1.730578537314536,4.941864388453058,5.7725935283850305,-1.3013011355232604,-4.082872556632723,4.722283031632816,-6.395581998395319,23.605800140185593,-10.316767639484278,-1.763611128641387,15.019639111916279,8.677399389535475,-8.762864178620628,-48.510773794081096,2.98143454315178,-13.668283729369918,18.14647670624102,-22.721349149458806,-12.981421649288734,7.400444483413399,26.500661335286374,-0.7140107560853057,14.7745179942808,-20.139517151985615,12.604470509525983,-3.151913556932295,-16.36187742473271,-1.364803594976646,13.971101030470182,4.494261887873011,6.2612198170988504,-36.88964773925027,2.0600704248257236,-16.510404120905164,-6.239017099794338,12.699050192694935,-5.063217525195379
-1.7603563419515629,24.13441624665162,0.972006808802607,-3.664363850556632,6.29898969730478,-0.4356227135120012,5.594364636209262,5.73339455094895,-2.863755221901605,-6.617152056240859,-8.309105382308696,2.311769116919908,5.859919163006841,-7.544703397724544,9.297477141302158,-33.35249354163169,14.274343700855638,3.165430634417096,-20.513910513675484,-12.476818059263941,13.175410987907613,69.43245664028883,-4.618558675465282,19.10896068748593,-25.861048015802538,33.389638581017856,17.98524929231988,-9.903432911071812,-38.28978800199098,1.2068710827903244,-20.37736910187755,28.44135710461197,-18.38895662756244,5.866835965188669,23.185554487177363,1.9051555196117598,-19.290225352007198,-6.154295657573174,-8.364595877380292,53.55300822005327,-2.5181765614824907,24.102118179818557,8.96236346961417,-18.26688456474268,6.538658477051488
0.023520971453401616,-2.231920090781609,-0.23048923271209648,0.5240931965338443,-0.4356227135120012,0.1909694444484125,-0.5277963151661577,-0.6959350366145226,0.263376980879767,0.7752467840366725,0.8344395322861166,-0.08728477792301666,-0.6270824157315846,0.5329606327035731,-0.8313942516314863,3.4209846563837205,-1.3851806099135024,-0.07032482248425977,2.189768380114382,1.1901327873207437,-1.1250196975817264,-6.767257149757531,0.3083763886660609,-1.8363185793917725,2.719407865277454,-3.0370445129695125,-1.748601991873301,1.1030891919550754,3.755394194625785,0.06256824455623662,2.1700161821721764,-2.9407665897010924,1.8567752682745324,-0.37108741619354996,-2.434781611712154,-0.28019904304093585,2.0945893024192626,0.7446518811951784,0.972254296706232,-5.329287320941262,0.3677196077016888,-2.3008254159015866,-0.847929602610488,1.7686313991147964,-0.7900045089707598
-2.1620521274390736,24.460242036712042,0.839735240435383,-4.17722263740253,5.594364636209262,-0.5277963151661577,6.361066892151121,5.743917229647147,-2.5610562593148094,-7.1182275025835295,-8.451387494515155,2.173085351369906,5.799922064769654,-7.277572023505158,9.579126271801101,-34.398502950945655,15.252736102857979,2.9515266351467635,-21.868078059695005,-12.758743444693902,13.038439607525419,71.33937106969836,-4.696109542272392,20.291651596931594,-26.35855763923194,33.68614016680227,19.244674186065023,-10.719431026365967,-38.74800617139046,1.4693267572425288,-21.535865374961887,29.315622609398048,-18.218027257702154,4.834130934210625,23.64538624480985,1.7932284657154975,-20.2854374069343,-6.405494435147974,-9.04557042098334,53.74024302968846,-2.8315312291398382,24.27546715554028,9.26440768770992,-18.66655819446307,7.252589843446415
-1.3433629371482945,24.24820194203814,1.1874728603805225,-4.111564865570686,5.73339455094895,-0.6959350366145226,5.743917229647147,6.113732941339981,-2.5781498822201105,-7.051054741259455,-8.535374187873527,1.9037868227791732,6.188307288506699,-7.13787041010354,9.342882893322368,-34.33160043805093,14.820955204528293,2.718944358226859,-21.633441172152253,-12.603198956698838,13.041979783117132,70.81598828354105,-4.273318608676924,19.625029621128636,-26.620534508368184,33.45516682508472,18.570696133875856,-10.466277119386891,-38.80477336579381,0.7970068536546221,-21.25559799234252,29.37159199938629,-18.842924399040562,5.0541463931005035,23.871326606983818,2.1723702232136572,-20.18202630176896,-6.695226043240051,-8.75410867256636,54.5492006505192,-2.9306223607010224,24.447791697779696,8.975993742533063,-18.584168927455835,7.099059303362623
0.9593982976597992,-10.896099539027754,-0.4760789411422768,1.730578537314536,-2.863755221901605,0.263376980879767,-2.5610562593148094,-2.5781498822201105,1.4489656240709665,3.0132983057815763,3.670290699152088,-1.1228390594766913,-2.5271747772155084,3.3412831213545413,-4.147867831908453,15.176357585709384,-6.381973718145678,-1.3872773680205766,9.176379919456336,5.750404485230176,-5.92218933519469,-31.33867583306061,2.166647591639934,-8.610392500618204,11.673076082507226,-15.054961509056842,-8.109577283200185,4.581440618314248,17.52393091593071,-0.6531655949478138,9.24600365447365,-12.854854075822475,8.204404845142358,-2.7722169979295033,-10.644664076322364,-0.7643338702986976,8.71993201298438,2.584243382789545,3.997867625573988,-24.147524447606685,1.1123569673170839,-10.745075121203259,-4.160095631290471,8.250871034890599,-3.0178798263234192
1.9861585460402873,-28.675635962264067,-1.2496659046813543,4.941864388453058,-6.617152056240859,0.7752467840366725,-7.1182275025835295,-7.051054741259455,3.0132983057815763,8.40244212479289,10.036540135666003,-2.343546903587071,-7.10760124247828,8.432964444369137,-11.132217479156576,40.578612878924226,-17.728965594401828,-3.2531201647466657,25.72546446447953,14.92931347805546,-15.322247111126613,-83.81849169138755,5.223304761700098,-23.517609110599025,31.32561410047212,-39.51046827824017,-22.287213003931363,12.52541864108671,45.71510538685339,-1.2472399727428252,25.294679940960613,-34.669552373136995,21.89776403460152,-5.751588879120713,-28.06700500429963,-2.3918232201771055,23.94248719894621,7.8064882389267884,10.52774387106368,-63.91358465945148,3.447899945470265,-28.732107237807618,-10.731759796663072,21.959201388738258,-8.509255342897454
2.26510490028674,-34.82655325631786,-1.4955572964442538,5.7725935283850305,-8.309105382308696,0.8344395322861166,-8.451387494515155,-8.535374187873527,3.670290699152088,10.036540135666003,12.237412878197311,-2.885738034350585,-8.70643778070396,10.462100775035754,-13.532956652423499,48.908352918665976,-21.30317901172719,-4.0999624912882435,30.905163548643824,17.974808487696222,-18.71094746665976,-101.41067848822253,6.336430086460603,-28.291682359548137,37.95500104013788,-48.0377990833926,-26.747878648280984,14.876068351468593,55.254412217792485,-1.4267225339487002,30.365434342748323,-41.86068582983161,26.70781196817223,-7.286425593752386,-33.801319012235645,-2.984276891868347,28.796264097274673,9.561120521296148,12.423432269882568,-77.65873716887367,4.077761757210108,-35.01478494787237,-12.902005588053623,26.590733830758662,-10.046375664440665
-0.9918438660646984,8.782543449652742,0.22418683895790342,-1.3013011355232604,2.311769116919908,-0.08728477792301666,2.173085351369906,1.9037868227791732,-1.1228390594766913,-2.343546903587071,-2.885738034350585,1.009498817719388,1.9214024162816314,-2.781348814499559,3.3910865257179874,-12.022529205914587,5.220465048183175,1.2881805847528276,-7.290177551896169,-4.635942787740339,4.81433139177491,25.090064249637212,-1.8715666881994233,7.032721543847246,-9.105871207585876,12.15975690898918,6.637333487976575,-3.638226869445658,-13.934769615720766,0.7510354336071057,-7.333128478162615,10.144532844067339,-6.3794523748105,2.214616289132154,8.338750240186414,0.48196797480734027,-6.850581177774259,-1.912419686565695,-3.1465871070973668,18.99469009058752,-0.8147621120821329,8.54991868625153,3.378310751666469,-6.599803541628686,2.3693580421837384
-1.2874842985162869,24.672693043501106,1.1512767232441639,-4.082872556632723,5.859919163006841,-0.6270824157315846,5.799922064769654,6.188307288506699,-2.5271747772155084,-7.10760124247828,-8.70643778070396,1.9214024162816314,6.3559459947190184,-7.337405207244007,9.534655449331623,-34.78187693620346,15.105058232253816,2.8575551452964643,-21.978092764229746,-12.75856501011372,13.327365257657284,71.96852404407781,-4.322237581848898,19.94991319496977,-26.983673117539762,34.07575393799839,18.875170467605844,-10.533870367834831,-39.31569376602856,0.7861455252543454,-21.51394308209583,29.79561327584689,-19.207397602139874,5.117162520119229,24.1253634223129,2.240428199906199,-20.431305661804974,-6.860536299619406,-8.71617497427803,55.443652570174194,-2.9629209307459723,24.938151627209287,9.05798143324167,-18.88923929256681,7.135396460587426
2.278072930177161,-30.18793270575564,-1.1224749076628686,4.722283031632816,-7.544703397724544,0.5329606327035731,-7.277572023505158,-7.13787041010354,3.3412831213545413,8.432964444369137,10.462100775035754,-2.781348814499559,-7.337405207244007,9.343963393534214,-11.736464957538272,41.86169560679539,-18.220212119156447,-3.8830256996223764,26.15432882515142,15.560439947477017,-16.359102342831473,-87.23663637811352,5.74393174099199,-24.302654522985716,32.41057397610886,-41.70891358219984,-22.931243534668972,12.583939976737362,47.672249702953785,-1.5548576020540064,25.823583479472532,-35.75258883048203,22.867074880491508,-6.798195155906982,-28.906503064117867,-2.3870632669200536,24.425677793556037,7.905308711473589,10.545758540105549,-66.73729038645045,3.2769349466942663,-30.172077114183676,-11.212684072214516,22.901083370622,-8.385885995298954
-2.8697127618367997,38.94073271000944,1.5150416006382674,-6.395581998395319,9.297477141302158,-0.8313942516314863,9.579126271801101,9.342882893322368,-4.147867831908453,-11.132217479156576,-13.532956652423499,3.3910865257179874,9.534655449331623,-11.736464957538272,15.141571995545174,-54.54776482194998,23.877399310370556,4.760527390235873,-34.38006566526647,-20.20327850403703,20.968528894496043,113.20475308062629,-7.271005019597239,31.72611775097758,-42.06413871786827,53.738993438302344,30.01793679248746,-16.659690279603243,-61.7720304134201,1.921059804568725,-33.83959496859303,46.574534347054936,-29.54952526577701,8.200508351411944,37.67506488145449,3.112571357120946,-31.987230626889104,-10.333416148556847,-13.955414408150975,86.3051522533072,-4.452117730897189,38.92739684623593,14.530656597074755,-29.684927144290548,11.21421780667965
9.91443605724672,-141.09424574540506,-5.9184730536709536,23.605800140185593,-33.35249354163169,3.4209846563837205,-34.398502950945655,-34.33160043805093,15.176357585709384,40.578612878924226,48.908352918665976,-12.022529205914587,-34.78187693620346,41.86169560679539,-54.54776482194998,198.81042526018422,-86.63125994934948,-16.814960612904024,125.01180231857664,73.75414672317164,-76.01751630767198,-411.0102812528471,26.004442953521338,-114.90056297850604,152.83959211790702,-194.7400785972844,-108.82555246067241,61.01617890180257,225.29441431595882,-6.581502870238876,123.12894825710141,-169.53724017551266,107.64884988859083,-29.55532908011004,-137.8954401244317,-11.360565474078838,116.35374720238222,37.16284101182527,51.26330423430974,-314.0432210077533,16.429602514077434,-141.00449418773366,-52.80948755308068,107.83046994951228,-41.18163711247671
-4.498306816913302,61.497363824516576,2.3936206342553157,-10.316767639484278,14.274343700855638,-1.3851806099135024,15.252736102857979,14.820955204528293,-6.381973718145678,-17.728965594401828,-21.30317901172719,5.220465048183175,15.105058232253816,-18.220212119156447,23.877399310370556,-86.63125994934948,38.1096511557329,7.408676004511739,-54.78861169175029,-32.138553688725956,33.09880083693144,179.32793624187892,-11.380046129720329,50.44419814628535,-66.41092566946367,84.87221671370753,47.8367105294907,-26.711720325114,-97.94214639124158,3.053269652118564,-53.820581415077704,73.87866019220755,-46.68150814958005,12.4466190541997,59.89339136050927,4.856939291347084,-50.78803652126089,-16.198754719581853,-22.339907647538503,136.3906596292218,-7.203870629158491,61.39815925941208,23.03068732409348,-47.01108186086098,18.066805979324993
-1.1285337401376534,12.289435431175896,0.3018514377096961,-1.763611128641387,3.165430634417096,-0.07032482248425977,2.9515266351467635,2.718944358226859,-1.3872773680205766,-3.2531201647466657,-4.0999624912882435,1.2881805847528276,2.8575551452964643,-3.8830256996223764,4.760527390235873,-16.814960612904024,7.408676004511739,1.834108253916208,-10.340893875479146,-6.437359488749088,6.797190425027026,35.20846376230257,-2.4820664472078806,9.858347623645818,-12.73185215193006,17.056367712002878,9.312127923003212,-5.04345492534848,-19.419331233448425,0.8963091210187536,-10.238844574524483,14.250920061311957,-9.109545623109955,2.929695906244918,11.63450892002172,0.7760151295152785,-9.586285790390578,-2.8234475600678133,-4.211081108062282,26.756918813673217,-1.1949657853809108,12.104959711909881,4.60982850843058,-9.26586221792049,3.2997891107547934
6.088012842300974,-88.55259101896739,-3.693875709476134,15.019639111916279,-20.513910513675484,2.189768380114382,-21.868078059695005,-21.633441172152253,9.176379919456336,25.72546446447953,30.905163548643824,-7.290177551896169,-21.978092764229746,26.15432882515142,-34.38006566526647,125.01180231857664,-54.78861169175029,-10.340893875479146,79.20904000600508,46.12430023149048,-47.513109753595934,-258.55878664492394,16.153909081961686,-72.56160382186654,96.27183776981528,-122.12673391274662,-68.77066267954208,38.49962448235304,141.05178947348037,-3.9601785560298968,77.7702560437133,-106.77173731412833,67.5982104377999,-17.823461757891142,-86.4519859539982,-7.299793141801896,73.54760535149522,23.87611526840373,32.20242245904271,-197.1184393867065,10.540952708475185,-88.6983664461633,-33.0607117035647,67.76674351063998,-26.101736023875215
3.9171277117509384,-52.410554583866464,-2.09953474343824,8.677399389535475,-12.476818059263941,1.1901327873207437,-12.758743444693902,-12.603198956698838,5.750404485230176,14.92931347805546,17.974808487696222,-4.635942787740339,-12.75856501011372,15.560439947477017,-20.20327850403703,73.75414672317164,-32.138553688725956,-6.437359488749088,46.12430023149048,27.575506229673657,-28.35723418115673,-152.4209414253032,9.812441595944385,-42.625470788267904,56.369911797328,-72.40220617676316,-40.38929534618058,22.670911972368344,83.8925092341216,-2.7150246948795456,45.52580558999476,-62.74007400760895,39.79307835479147,-11.19236777429429,-51.257079782686354,-4.001114088055654,42.913592021311814,13.33140238426003,19.104126661734032,-116.33880756490738,5.976679410492356,-52.14794667643842,-19.71961957087557,40.01625885933138,-15.246126821287335
-3.875934647498276,54.29770020200226,2.152431521293185,-8.762864178620628,13.175410987907613,-1.1250196975817264,13.038439607525419,13.041979783117132,-5.92218933519469,-15.322247111126613,-18.71094746665976,4.81433139177491,13.327365257657284,-16.359102342831473,20.968528894496043,-76.01751630767198,33.09880083693144,6.797190425027026,-47.513109753595934,-28.35723418115673,29.462953815182384,157.55629836934722,-10.132690283477594,43.916381019808036,-58.365077978327264,75.053241849889,41.55364815265999,-23.126019714749336,-86.54597649974461,2.681366615723576,-46.843608060119564,64.77777204721289,-41.360670439092814,11.828765679487518,52.750115725678626,4.271361085085326,-44.2254838149768,-13.997534170201092,-19.381155931045388,120.56784505505603,-6.107243042809078,54.19864045051314,20.26793862895191,-41.3777746241182,15.50468296568101
-20.74626491572546,292.3287036960326,11.974919199755224,-48.510773794081096,69.43245664028883,-6.767257149757531,71.33937106969836,70.81598828354105,-31.33867583306061,-83.81849169138755,-101.41067848822253,25.090064249637212,71.96852404407781,-87.23663637811352,113.20475308062629,-411.0102812528471,179.32793624187892,35.20846376230257,-258.55878664492394,-152.4209414253032,157.55629836934722,850.8512181820604,-54.07495309054193,237.95605997089083,-316.2934195355828,403.5050212847668,225.28512224176507,-125.85259749679574,-465.7809469850117,13.83322939374558,-254.58746091791855,350.6429819160479,-222.74547961009404,61.47041653506489,284.7252460918537,23.5131136386691,-240.61106842679493,-77.15506941872329,-105.58462052027545,649.854193836299,-33.800821453992974,292.2180524166008,109.24690205808685,-223.20833075687565,84.84335997470654
1.7881665964058653,-18.72553298243008,-0.5942399467548235,2.98143454315178,-4.618558675465282,0.3083763886660609,-4.696109542272392,-4.273318608676924,2.166647591639934,5.223304761700098,6.336430086460603,-1.8715666881994233,-4.322237581848898,5.74393174099199,-7.271005019597239,26.004442953521338,-11.380046129720329,-2.4820664472078806,16.153909081961686,9.812441595944385,-10.132690283477594,-54.07495309054193,3.745649401755177,-15.22139116215819,19.852576196582863,-25.862675184485617,-14.394197811471539,7.964041360010225,29.7105159091272,-1.2858899536766797,16.054122024476822,-22.07298465970475,13.862202761062182,-4.221926846256637,-17.97701002071116,-1.247445025224876,15.081928943750428,4.5462048047401025,6.783380518464392,-40.95783296862467,1.9683479313595797,-18.45679503915553,-7.117626326080794,14.191198721168426,-5.292296829647699
-6.129636565365295,81.67427614832087,3.173290316558798,-13.668283729369918,19.10896068748593,-1.8363185793917725,20.291651596931594,19.625029621128636,-8.610392500618204,-23.517609110599025,-28.291682359548137,7.032721543847246,19.94991319496977,-24.302654522985716,31.72611775097758,-114.90056297850604,50.44419814628535,9.858347623645818,-72.56160382186654,-42.625470788267904,43.916381019808036,237.95605997089083,-15.22139116215819,66.90493291360708,-88.21415857622327,112.68713604950219,63.40052128586048,-35.385490556587094,-129.96545105484643,4.138704517200414,-71.3834533607984,97.9887714537747,-61.87928397817772,16.75195915611968,79.42314813102836,6.409744816082731,-67.3804973747926,-21.494478647330222,-29.678719555922502,180.99327284922686,-9.483195788539327,81.49266888318252,30.62031024318768,-62.379678155451295,23.896122853616184
7.280868353015998,-108.59270338947873,-4.730374601741777,18.14647670624102,-25.861048015802538,2.719407865277454,-26.35855763923194,-26.620534508368184,11.673076082507226,31.32561410047212,37.95500104013788,-9.105871207585876,-26.983673117539762,32.41057397610886,-42.06413871786827,152.83959211790702,-66.41092566946367,-12.73185215193006,96.27183776981528,56.369911797328,-58.365077978327264,-316.2934195355828,19.852576196582863,-88.21415857622327,118.2420511482378,-149.79475401107163,-83.44961048885021,46.66576661237061,172.91732710808225,-4.633749899439149,94.78248349017395,-130.60638227583104,83.16909189677848,-22.85682470354318,-105.87044530150895,-9.109773282186747,89.78376171711946,29.334795586863514,39.166617893824686,-242.1856241841504,12.704565722405013,-108.90959824376439,-40.44177243950305,82.95826004615367,-31.512711247959654
-9.989075709346077,138.8727599840695,5.575303858843669,-22.721349149458806,33.389638581017856,-3.0370445129695125,33.68614016680227,33.45516682508472,-15.054961509056842,-39.51046827824017,-48.0377990833926,12.15975690898918,34.07575393799839,-41.70891358219984,53.738993438302344,-194.7400785972844,84.87221671370753,17.056367712002878,-122.12673391274662,-72.40220617676316,75.053241849889,403.5050212847668,-25.862675184485617,112.68713604950219,-149.79475401107163,191.79274228799247,106.63399388022506,-59.420633260902534,-221.16370497531193,6.765902768736846,-120.3635145931911,166.06512687783535,-105.70692604462215,29.778058364835957,134.96106779475468,11.03479715288958,-113.71128411338861,-36.27699942634076,-49.85799979630456,308.40031787697717,-15.80593948357054,138.7077021491301,51.87873870709005,-105.9007426757615,39.93800122904459
-5.822633378150725,77.28596720310416,2.9909563527801484,-12.981421649288734,17.98524929231988,-1.748601991873301,19.244674186065023,18.570696133875856,-8.109577283200185,-22.287213003931363,-26.747878648280984,6.637333487976575,18.875170467605844,-22.931243534668972,30.01793679248746,-108.82555246067241,47.8367105294907,9.312127923003212,-68.77066267954208,-40.38929534618058,41.55364815265999,225.28512224176507,-14.394197811471539,63.40052128586048,-83.44961048885021,106.63399388022506,60.110281362419016,-33.57421055527039,-123.05514670889634,3.9438262134139115,-67.63476374819449,92.78307838784232,-58.53124675530762,15.730750381924903,75.22381798501034,6.040644529132347,-63.81492104382144,-20.29659813838682,-28.154655245671613,171.24001854345747,-9.00957488098292,77.0839308100439,29.001325234090917,-59.05282258298353,22.69361349691698
3.1954394950463136,-43.08167797443339,-1.7785087552539085,7.400444483413399,-9.903432911071812,1.1030891919550754,-10.719431026365967,-10.466277119386891,4.581440618314248,12.52541864108671,14.876068351468593,-3.638226869445658,-10.533870367834831,12.583939976737362,-16.659690279603243,61.01617890180257,-26.711720325114,-5.04345492534848,38.49962448235304,22.670911972368344,-23.126019714749336,-125.85259749679574,7.964041360010225,-35.385490556587094,46.66576661237061,-59.420633260902534,-33.57421055527039,18.95074534607854,68.99370575306625,-2.142154307028083,37.907984710352856,-51.95649414412703,32.71457503478233,-8.69599632001886,-42.32423981918362,-3.3591545280597135,35.75551611312194,11.239478151939696,15.968221752614683,-95.75043104246086,5.105123544082163,-42.92033272642536,-16.245211161529525,32.9958089596912,-12.841083236753015
11.413440817087704,-160.13992403318488,-6.657641013758386,26.500661335286374,-38.28978800199098,3.755394194625785,-38.74800617139046,-38.80477336579381,17.52393091593071,45.71510538685339,55.254412217792485,-13.934769615720766,-39.31569376602856,47.672249702953785,-61.7720304134201,225.29441431595882,-97.94214639124158,-19.419331233448425,141.05178947348037,83.8925092341216,-86.54597649974461,-465.7809469850117,29.7105159091272,-129.96545105484643,172.91732710808225,-221.16370497531193,-123.05514670889634,68.99370575306625,255.99928398670232,-7.718543954567107,139.13491036621423,-191.93088577554448,122.0933764421052,-34.278788719600065,-156.50589629807382,-12.667895086157959,131.38613067066285,41.51156142763651,58.055378305192605,-356.2532539213452,18.372388565474,-159.80076148720187,-60.00517946865012,122.27548195329308,-46.4281256170158
-1.0374616478023855,4.883886038793236,-0.0864001998274046,-0.7140107560853057,1.2068710827903244,0.06256824455623662,1.4693267572425288,0.7970068536546221,-0.6531655949478138,-1.2472399727428252,-1.4267225339487002,0.7510354336071057,0.7861455252543454,-1.5548576020540064,1.921059804568725,-6.581502870238876,3.053269652118564,0.8963091210187536,-3.9601785560298968,-2.7150246948795456,2.681366615723576,13.83322939374558,-1.2858899536766797,4.138704517200414,-4.633749899439149,6.765902768736846,3.9438262134139115,-2.142154307028083,-7.718543954567107,0.8614473513730029,-4.05035203247477,5.411512695350672,-3.08974934118644,1.177648312125648,4.502523847367699,-0.03271187607883852,-3.647148217285265,-0.6487735886854478,-1.915195784409822,9.830024683450768,-0.3473044859959706,4.451219206245897,2.03748096734848,-3.627297756849969,1.3688796389201334
6.200945134414161,-87.27350173578841,-3.6451026136360487,14.7745179942808,-20.37736910187755,2.1700161821721764,-21.535865374961887,-21.25559799234252,9.24600365447365,25.294679940960613,30.365434342748323,-7.333128478162615,-21.51394308209583,25.823583479472532,-33.83959496859303,123.12894825710141,-53.820581415077704,-10.238844574524483,77.7702560437133,45.52580558999476,-46.843608060119564,-254.58746091791855,16.054122024476822,-71.3834533607984,94.78248349017395,-120.3635145931911,-67.63476374819449,37.907984710352856,139.13491036621423,-4.05035203247477,76.51749991017935,-105.08292512411008,66.49140895667702,-17.866712421261784,-85.22861998334274,-7.0835714140292,72.33447921832122,23.29381589795315,31.8348535500144,-194.13590413778317,10.28783448388566,-87.27626916051156,-32.67436522877379,66.7408216754455,-25.65667573780492
-8.263618043894004,120.34136744980702,5.101300865002303,-20.139517151985615,28.44135710461197,-2.9407665897010924,29.315622609398048,29.37159199938629,-12.854854075822475,-34.669552373136995,-41.86068582983161,10.144532844067339,29.79561327584689,-35.75258883048203,46.574534347054936,-169.53724017551266,73.87866019220755,14.250920061311957,-106.77173731412833,-62.74007400760895,64.77777204721289,350.6429819160479,-22.07298465970475,97.9887714537747,-130.60638227583104,166.06512687783535,92.78307838784232,-51.95649414412703,-191.93088577554448,5.411512695350672,-105.08292512411008,144.70140708059554,-91.96757538607662,25.112318704261778,117.50309160378517,9.858369132059872,-99.38531356371301,-32.0479061992957,-43.58536866607262,268.05491706975613,-14.07565781034807,120.45304800875876,44.93644021450153,-91.97718160605844,35.09210538884246
4.777650807404067,-76.54088354572065,-3.3817391549199676,12.604470509525983,-18.38895662756244,1.8567752682745324,-18.218027257702154,-18.842924399040562,8.204404845142358,21.89776403460152,26.70781196817223,-6.3794523748105,-19.207397602139874,22.867074880491508,-29.54952526577701,107.64884988859083,-46.68150814958005,-9.109545623109955,67.5982104377999,39.79307835479147,-41.360670439092814,-222.74547961009404,13.862202761062182,-61.87928397817772,83.16909189677848,-105.70692604462215,-58.53124675530762,32.71457503478233,122.0933764421052,-3.08974934118644,66.49140895667702,-91.96757538607662,58.94008233801405,-16.3396651741364,-74.7320418625474,-6.49330386566476,62.98611458258493,20.54135187039327,27.341513752429375,-171.09310535519037,8.91655853475284,-76.86000530464996,-28.38993406924844,58.47623344928222,-22.053045373463878
-1.6668958820468227,21.49249898235575,0.8832860306894399,-3.151913556932295,5.866835965188669,-0.37108741619354996,4.834130934210625,5.0541463931005035,-2.7722169979295033,-5.751588879120713,-7.286425593752386,2.214616289132154,5.117162520119229,-6.798195155906982,8.200508351411944,-29.55532908011004,12.4466190541997,2.929695906244918,-17.823461757891142,-11.19236777429429,11.828765679487518,61.47041653506489,-4.221926846256637,16.75195915611968,-22.85682470354318,29.778058364835957,15.730750381924903,-8.69599632001886,-34.278788719600065,1.177648312125648,-17.866712421261784,25.112318704261778,-16.3396651741364,5.666595692987989,20.6894249052012,1.5990646639739459,-16.888921648810914,-5.17887298339181,-7.444809924366354,47.669267829096455,-2.1038903161324,21.344822866040943,8.035231950254994,-16.209276266207908,5.6693511895213335
-6.758258660801268,97.75144888298588,4.203428649309159,-16.36187742473271,23.185554487177363,-2.434781611712154,23.64538624480985,23.871326606983818,-10.644664076322364,-28.06700500429963,-33.801319012235645,8.338750240186414,24.1253634223129,-28.906503064117867,37.67506488145449,-137.8954401244317,59.89339136050927,11.63450892002172,-86.4519859539982,-51.257079782686354,52.750115725678626,284.7252460918537,-17.97701002071116,79.42314813102836,-105.87044530150895,134.96106779475468,75.22381798501034,-42.32423981918362,-156.50589629807382,4.502523847367699,-85.22861998334274,117.50309160378517,-74.7320418625474,20.6894249052012,95.8602713464638,7.850958835459801,-80.52269679002332,-25.53079914676139,-35.617594904671236,217.90137886720575,-11.369847821364267,97.63957337589142,36.6260177611184,-74.7364823978403,28.54609105845859
-0.13549388111464086,8.01272442614994,0.49720931433442955,-1.364803594976646,1.9051555196117598,-0.28019904304093585,1.7932284657154975,2.1723702232136572,-0.7643338702986976,-2.3918232201771055,-2.984276891868347,0.48196797480734027,2.240428199906199,-2.3870632669200536,3.112571357120946,-11.360565474078838,4.856939291347084,0.7760151295152785,-7.299793141801896,-4.001114088055654,4.271361085085326,23.5131136386691,-1.247445025224876,6.409744816082731,-9.109773282186747,11.03479715288958,6.040644529132347,-3.3591545280597135,-12.667895086157959,-0.03271187607883852,-7.0835714140292,9.858369132059872,-6.49330386566476,1.5990646639739459,7.850958835459801,0.9423083740380845,-6.828876573492474,-2.6043851934771736,-2.730707854384078,18.41327248042605,-1.054437354648907,8.31934233571417,2.8334301387711505,-6.1624841005517785,2.3099192134818103
5.687161484022543,-82.46636622352985,-3.5234031899235503,13.971101030470182,-19.290225352007198,2.0945893024192626,-20.2854374069343,-20.18202630176896,8.71993201298438,23.94248719894621,28.796264097274673,-6.850581177774259,-20.431305661804974,24.425677793556037,-31.987230626889104,116.35374720238222,-50.78803652126089,-9.586285790390578,73.54760535149522,42.913592021311814,-44.2254838149768,-240.61106842679493,15.081928943750428,-67.3804973747926,89.78376171711946,-113.71128411338861,-63.81492104382144,35.75551611312194,131.38613067066285,-3.647148217285265,72.33447921832122,-99.38531356371301,62.98611458258493,-16.888921648810914,-80.52269679002332,-6.828876573492474,68.45207848588566,22.253286482231875,30.003912305965027,-183.6959425122202,9.763123936541529,-82.60930792625385,-30.803049198592475,63.073049171090496,-24.212688618186558
1.3204453761244699,-26.364399944854515,-1.2805447150387845,4.494261887873011,-6.154295657573174,0.7446518811951784,-6.405494435147974,-6.695226043240051,2.584243382789545,7.8064882389267884,9.561120521296148,-1.912419686565695,-6.860536299619406,7.905308711473589,-10.333416148556847,37.16284101182527,-16.198754719581853,-2.8234475600678133,23.87611526840373,13.33140238426003,-13.997534170201092,-77.15506941872329,4.5462048047401025,-21.494478647330222,29.334795586863514,-36.27699942634076,-20.29659813838682,11.239478151939696,41.51156142763651,-0.6487735886854478,23.29381589795315,-32.0479061992957,20.54135187039327,-5.17887298339181,-25.53079914676139,-2.6043851934771736,22.253286482231875,7.966926181401862,9.278103706308427,-59.2939383798482,3.2829088460853697,-26.87340196192047,-9.593378949058767,20.190461875223228,-7.674813025071086
2.8653823077007203,-36.165755609045284,-1.512191026249745,6.2612198170988504,-8.364595877380292,0.972254296706232,-9.04557042098334,-8.75410867256636,3.997867625573988,10.52774387106368,12.423432269882568,-3.1465871070973668,-8.71617497427803,10.545758540105549,-13.955414408150975,51.26330423430974,-22.339907647538503,-4.211081108062282,32.20242245904271,19.104126661734032,-19.381155931045388,-105.58462052027545,6.783380518464392,-29.678719555922502,39.166617893824686,-49.85799979630456,-28.154655245671613,15.968221752614683,58.055378305192605,-1.915195784409822,31.8348535500144,-43.58536866607262,27.341513752429375,-7.444809924366354,-35.617594904671236,-2.730707854384078,30.003912305965027,9.278103706308427,13.576060733954531,-80.28822690172872,4.243472313718794,-35.90777056632119,-13.73595131953081,27.684592159706625,-10.804541755503367
-14.964579289470928,223.36519279019896,9.56819480628965,-36.88964773925027,53.55300822005327,-5.329287320941262,53.74024302968846,54.5492006505192,-24.147524447606685,-63.91358465945148,-77.65873716887367,18.99469009058752,55.443652570174194,-66.73729038645045,86.3051522533072,-314.0432210077533,136.3906596292218,26.756918813673217,-197.1184393867065,-116.33880756490738,120.56784505505603,649.854193836299,-40.95783296862467,180.99327284922686,-242.1856241841504,308.40031787697717,171.24001854345747,-95.75043104246086,-356.2532539213452,9.830024683450768,-194.13590413778317,268.05491706975613,-171.09310535519037,47.669267829096455,217.90137886720575,18.41327248042605,-183.6959425122202,-59.2939383798482,-80.28822690172872,497.9899169893118,-25.838171871527884,223.7170136834667,83.21216940940681,-170.56447321849168,64.50214144066418
0.618926743881357,-11.4786370570534,-0.5630337743033647,2.0600704248257236,-2.5181765614824907,0.3677196077016888,-2.8315312291398382,-2.9306223607010224,1.1123569673170839,3.447899945470265,4.077761757210108,-0.8147621120821329,-2.9629209307459723,3.2769349466942663,-4.452117730897189,16.429602514077434,-7.203870629158491,-1.1949657853809108,10.540952708475185,5.976679410492356,-6.107243042809078,-33.800821453992974,1.9683479313595797,-9.483195788539327,12.704565722405013,-15.80593948357054,-9.00957488098292,5.105123544082163,18.372388565474,-0.3473044859959706,10.28783448388566,-14.07565781034807,8.91655853475284,-2.1038903161324,-11.369847821364267,-1.054437354648907,9.763123936541529,3.2829088460853697,4.243472313718794,-25.838171871527884,1.4843598699138782,-11.597820694084245,-4.258418906750591,8.84815221183117,-3.512521456086398
-6.783909084568937,100.47449419923524,4.20005673146391,-16.510404120905164,24.102118179818557,-2.3008254159015866,24.27546715554028,24.447791697779696,-10.745075121203259,-28.732107237807618,-35.01478494787237,8.54991868625153,24.938151627209287,-30.172077114183676,38.92739684623593,-141.00449418773366,61.39815925941208,12.104959711909881,-88.6983664461633,-52.14794667643842,54.19864045051314,292.2180524166008,-18.45679503915553,81.49266888318252,-108.90959824376439,138.7077021491301,77.0839308100439,-42.92033272642536,-159.80076148720187,4.451219206245897,-87.27626916051156,120.45304800875876,-76.86000530464996,21.344822866040943,97.63957337589142,8.31934233571417,-82.60930792625385,-26.87340196192047,-35.90777056632119,223.7170136834667,-11.597820694084245,100.70961196344705,37.35495405268069,-76.67215001170743,28.9106803591366
-2.97039819572973,37.582651511439785,1.4696952806598196,-6.239017099794338,8.96236346961417,-0.847929602610488,9.26440768770992,8.975993742533063,-4.160095631290471,-10.731759796663072,-12.902005588053623,3.378310751666469,9.05798143324167,-11.212684072214516,14.530656597074755,-52.80948755308068,23.03068732409348,4.60982850843058,-33.0607117035647,-19.71961957087557,20.26793862895191,109.24690205808685,-7.117626326080794,30.62031024318768,-40.44177243950305,51.87873870709005,29.001325234090917,-16.245211161529525,-60.00517946865012,2.03748096734848,-32.67436522877379,44.93644021450153,-28.38993406924844,8.035231950254994,36.6260177611184,2.8334301387711505,-30.803049198592475,-9.593378949058767,-13.73595131953081,83.21216940940681,-4.258418906750591,37.35495405268069,14.173676561365388,-28.6647116299595,10.92046386650495
5.4229861701497555,-76.70953166214039,-3.149722331194769,12.699050192694935,-18.26688456474268,1.7686313991147964,-18.66655819446307,-18.584168927455835,8.250871034890599,21.959201388738258,26.590733830758662,-6.599803541628686,-18.88923929256681,22.901083370622,-29.684927144290548,107.83046994951228,-47.01108186086098,-9.26586221792049,67.76674351063998,40.01625885933138,-41.3777746241182,-223.20833075687565,14.191198721168426,-62.379678155451295,82.95826004615367,-105.9007426757615,-59.05282258298353,32.9958089596912,122.27548195329308,-3.627297756849969,66.7408216754455,-91.97718160605844,58.47623344928222,-16.209276266207908,-74.7364823978403,-6.1624841005517785,63.073049171090496,20.190461875223228,27.684592159706625,-170.56447321849168,8.84815221183117,-76.67215001170743,-28.6647116299595,58.565739694291125,-22.231019374415542
-2.0859640080034327,28.97308197197825,1.2295426178727527,-5.063217525195379,6.538658477051488,-0.7900045089707598,7.252589843446415,7.099059303362623,-3.0178798263234192,-8.509255342897454,-10.046375664440665,2.3693580421837384,7.135396460587426,-8.385885995298954,11.21421780667965,-41.18163711247671,18.066805979324993,3.2997891107547934,-26.101736023875215,-15.246126821287335,15.50468296568101,84.84335997470654,-5.292296829647699,23.896122853616184,-31.512711247959654,39.93800122904459,22.69361349691698,-12.841083236753015,-46.4281256170158,1.3688796389201334,-25.65667573780492,35.09210538884246,-22.053045373463878,5.6693511895213335,28.54609105845859,2.3099192134818103,-24.212688618186558,-7.674813025071086,-10.804541755503367,64.50214144066418,-3.512521456086398,28.9106803591366,10.92046386650495,-22.231019374415542,8.739049579118136
