V1,V2,V3,V4,V5,V6,V7,V8,V9,V10,V11,V12,V13,V14,V15,V16,V17,V18,V19,V20,V21,V22,V23,V24,V25,V26,V27,V28,V29,V30,V31,V32,V33,V34,V35,V36,V37,V38,V39,V40,V41,V42,V43,V44,V45
0.028472050109051312,-0.028004362163054478,0.4514499122741425,0.1794795726584807,-0.2584145439347009,0.025203409897093503,-0.06430347089785121,-0.14158895420867026,0.10038062801827016,0.24049588149446313,0.2933875607511451,-0.05695393562748343,-0.13334318416058172,0.31489012016478196,-0.06922764182007939,0.1170528112159618,0.09674170347089467,0.17936136137136285,-0.3397982760699301,-0.11218337290423964,-0.23938595514646277,-0.16706191042395324,-0.04177825575439943,-0.2708070319733938,0.15764004328108253,-0.14683138700984447,0.5510563947487336,-0.021870385318828074,0.1434567774203611,0.387950560841921,0.14320274217309145,-0.21043322229092762,-0.05679030569934732,-0.16125781415035462,0.17771889155003462,-0.029472406181059656,0.17386519469509737,-0.03348169535425171,0.2457998605590781,-0.05752194611493816,0.09831066365282427,0.09603762853202578,-0.05535679953492862,0.07365764133011628,0.09413418696315991
-0.028004362163054478,0.13271852554460611,0.6318269910605254,-0.4489775628180878,-0.9882881592381705,-0.3386902322592144,0.034882618796508794,-0.5164108035723088,0.19894516922555175,0.4364288505242846,0.0068594435874762124,-0.03308233530929152,0.16008268150519495,0.6119338278435338,-0.23712827575530643,0.26539995694091645,0.1542749385538545,-0.020622640718076353,-0.8002668632987172,-0.31000507102041663,-0.5538090162384643,-0.21718425795896792,-0.318329434476534,-0.23571451892093867,0.5043886889506991,-1.0627363216682943,0.9358992843710994,0.24992725973756508,-0.03999178503975731,0.9743481590419958,0.5950195025496201,0.4402991797620189,0.518359571040584,0.0914764150181531,0.18395068987605534,-0.38680133316030735,0.5387338929040778,0.23654339359247112,0.20457940148367204,-0.017927038494143413,-0.3604591601435674,0.10129195490805136,-0.1549781488589509,-0.17259245777387394,0.10118592721683374
0.4514499122741425,0.6318269910605254,18.17381320496184,0.06680456696549136,-16.808982468641535,-2.8083336214559993,-1.312106137858543,-8.955339700986892,4.6354530222960255,10.703774844357191,7.683883413563549,-1.8179191185951888,-1.8241722976364076,14.428249050274745,-4.221892420008381,5.750973808879992,4.088772326402849,4.442377680583942,-16.998695949152115,-6.0802503924510205,-11.875243929152036,-6.555704101749531,-4.338215037188985,-9.438574474774049,9.244589030198135,-14.674961998901027,23.870374694084223,1.9865324438075818,3.313127548244915,20.027488124821254,9.798893584324592,-0.9582781135946093,3.823973319797341,-3.2492946816928,6.49293947453786,-4.719147923512135,10.020612647905669,1.5473958300956332,8.471278812512507,-1.675629792945409,-1.1350134008734813,3.5279408309582725,-3.0222219806647037,0.14735568813173763,3.476383871561054
0.1794795726584807,-0.4489775628180878,0.06680456696549136,1.8460584605044346,1.590429273399762,0.9760457653160346,-0.33429927822240785,0.8041441988798471,-0.1406830341743731,-0.22213388674114257,1.0938631036517867,-0.1316459933562906,-0.9215931113573497,-0.3971463533979241,0.3528166904889179,-0.24637944604473222,-0.03340726252495732,0.7315268412713658,0.7937107386405627,0.38119685988685686,0.5310537674555277,-0.06830361215675289,0.6694811333809504,-0.4144698993219285,-0.7170316561540374,2.2064011891493607,-0.3428584058323033,-0.7335359250660609,0.6467253806963689,-1.064051703276852,-1.0044702569011528,-1.940063873966343,-1.5643359312003213,-0.8483142036031848,0.19564540174210668,0.8938435332030974,-0.7405379785302543,-0.7440223630854168,0.40056613155762033,-0.17106147639788852,1.308009459567837,0.10086959649914562,0.19162315777198324,0.7280920678163465,0.09263203644618659
-0.2584145439347009,-0.9882881592381705,-16.808982468641535,1.590429273399762,17.02561140440518,3.4803643555682924,0.9186489783737964,9.032009391381177,-4.428659861276844,-10.133915048432304,-6.152916930077772,1.569456482136935,0.8681972605135294,-13.747599272148928,4.2344948137913665,-5.558547732013403,-3.825017610225951,-3.468591588017054,16.488508078267024,5.984844590536274,11.497775596916693,6.0237787916724255,4.62600090326368,8.389723826674414,-9.222679127505907,15.596201251067587,-22.463035751319072,-2.5005369523377903,-2.496316661726017,-19.541805700937125,-9.994378139454493,-0.8471018462110943,-4.9497546775636065,2.2565978499332213,-5.851517496665672,5.180395947234452,-9.963875840322384,-2.102376909701926,-7.504331053707889,1.4021711753932735,2.2242909104873534,-3.1843022923793995,2.976665950651429,0.5150001724280259,-3.1438488070202415
0.025203409897093503,-0.3386902322592144,-2.8083336214559993,0.9760457653160346,3.4803643555682924,0.9610899144104291,0.026675052417377332,1.8310369108569176,-0.8007973088194608,-1.7936413115024432,-0.6178384560923714,0.2140186264432882,-0.20707034666570967,-2.4700417522313245,0.8491474683355973,-1.0316229135379933,-0.657630815799007,-0.30432822897261924,3.0842939751543796,1.1552176621590045,2.1420275035904766,0.9893822104703642,1.036674899790283,1.2554455859173737,-1.8300319535209784,3.4755895546977116,-3.918504657821193,-0.7029367698500069,-0.17287866994295792,-3.7027456607051072,-2.0702185556119246,-0.8867374390096769,-1.4345104018357822,0.055143300932924286,-0.9114726164489251,1.2161735271215315,-1.963785093117781,-0.6399003653304798,-1.1115118264676829,0.1708061680771363,0.8765458191690715,-0.49815125347546846,0.5752557593516955,0.36606954074925824,-0.4945592374191942
-0.06430347089785121,0.034882618796508794,-1.312106137858543,-0.33429927822240785,0.9186489783737964,0.026675052417377332,0.1535537266545224,0.49719562564330405,-0.30641814801275086,-0.7261570106550724,-0.7449962210122116,0.1536104675194606,0.295026634608217,-0.9613531078495777,0.23910460879761322,-0.36746791801747924,-0.28659214847657716,-0.4483589695907754,1.0744271161465944,0.3669349817116353,0.7548336777254588,0.48120086386764177,0.19086004994085093,0.7492859062606542,-0.5332978833694143,0.6560237646021346,-1.6466159020200501,-0.011150121088567583,-0.3524541808615724,-1.2428490746623322,-0.5217237920834518,0.4148378432695685,0.00571580435407956,0.38388256409734745,-0.499459800593808,0.17806488077265636,-0.5847463175848077,0.022171870010474222,-0.6775949564048301,0.15040202252854148,-0.15226062765058998,-0.2704180158211653,0.18205302899232878,-0.1405208924892581,-0.2652167333226507
-0.14158895420867026,-0.5164108035723088,-8.955339700986892,0.8041441988798471,9.032009391381177,1.8310369108569176,0.49719562564330405,4.792855543762907,-2.3549116679345308,-5.393353533073405,-3.303333818308378,0.8395713186484206,0.4841803446244722,-7.314093516941918,2.2477159020372186,-2.9552274575936375,-2.0370403331758773,-1.8644921111719102,8.764523725079696,3.1790708534793373,6.112720165013472,3.2104281489238806,2.448453547132655,4.479169778091633,-4.895312407654622,8.256191613107474,-11.958414386370341,-1.3145728104870265,-1.3447811692543157,-10.384593888171763,-5.3003142501215965,-0.4061350546687392,-2.5995840412215627,1.2218923035023406,-3.1217855700890067,2.7385769909754445,-5.290592493200695,-1.1019216329802384,-4.007182935316328,0.7508901398528759,1.1545288195876227,-1.6986958353648876,1.5815129934078178,0.2571545523174271,-1.676660184348127
0.10038062801827016,0.19894516922555175,4.6354530222960255,-0.1406830341743731,-4.428659861276844,-0.8007973088194608,-0.30641814801275086,-2.3549116679345308,1.1973186029048877,2.751734449350361,1.868267438060744,-0.4521541542922465,-0.3867115886827567,3.7180368262831713,-1.107764903546951,1.4896317060965047,1.0464833682825299,1.0723302685958997,-4.408961792368588,-1.585392302172661,-3.077168583699272,-1.6681581306998798,-1.1652781030909498,-2.3741288336684927,2.4233281122328583,-3.936407304378648,6.123764319875651,0.5705266362082274,0.7908666925999828,5.205618404180168,2.5883259086127515,-0.07919069610745158,1.1112293104666584,-0.7571755256715313,1.6409845962954097,-1.2816613920362177,2.6217555728167685,0.4598447044641322,2.1283510325696033,-0.4132896663960322,-0.40127423995901657,0.8920896370199138,-0.7875161688408676,-0.024940750822608552,0.8801426421029372
0.24049588149446313,0.4364288505242846,10.703774844357191,-0.22213388674114257,-10.133915048432304,-1.7936413115024432,-0.7261570106550724,-5.393353533073405,2.751734449350361,6.341575721066418,4.374872702623867,-1.0534034347402617,-0.9449667030651737,8.561798867394232,-2.5389980984934044,3.4250614852725825,2.415275638021653,2.5149315559729515,-10.132923519198133,-3.6382045688816307,-7.075967059154586,-3.8549227992072366,-2.6520588006002632,-5.505619481197302,5.550563459126215,-8.96314023397797,14.120571594126947,1.2746913423016601,1.8614302351290588,11.956628029375088,5.918580835188247,-0.28994301434721104,2.475292052918044,-1.795316223528302,3.800012551810919,-2.908432921854084,6.012192553698765,1.0170273320898306,4.937354162475479,-0.963548273500874,-0.8545453458351375,2.0655077067186443,-1.809030598214253,-0.016095297566165668,2.036038720521831
0.2933875607511451,0.0068594435874762124,7.683883413563549,1.0938631036517867,-6.152916930077772,-0.6178384560923714,-0.7449962210122116,-3.303333818308378,1.868267438060744,4.374872702623867,3.8641609526144123,-0.8410614788959749,-1.2995889680664423,5.840567018052422,-1.572555453242667,2.2770774574097903,1.7009565849281765,2.2910211678656975,-6.692725208350692,-2.337740828838425,-4.689385116911401,-2.797348231558697,-1.4383942389595317,-4.210180900716012,3.474615986034802,-4.8995207694914304,9.84431815378323,0.4120171291327136,1.7671406406994656,7.810785202073052,3.542250814418545,-1.5230714298666606,0.7051624743290462,-1.8567141561018623,2.844554270443122,-1.4691456302865191,3.7881032526617417,0.22101015562915405,3.7952191704455975,-0.8036871612427579,0.2775241093737335,1.5424465913044463,-1.1609919438076652,0.4824755223657356,1.5158335976329649
-0.05695393562748343,-0.03308233530929152,-1.8179191185951888,-0.1316459933562906,1.569456482136935,0.2140186264432882,0.1536104675194606,0.8395713186484206,-0.4521541542922465,-1.0534034347402617,-0.8410614788959749,0.19078650386308804,0.24462989448644537,-1.4130740840916622,0.39769081702074555,-0.557207050610296,-0.40602839403117863,-0.49258446105043685,1.64236548679167,0.5808465289123582,1.1494497749230297,0.6588556469780801,0.3874373442777676,0.9703231938930138,-0.8732059559995979,1.3147759865403539,-2.3594146924598243,-0.14825458670174602,-0.3743438862936892,-1.9262302102797806,-0.909683756402906,0.2268255592381345,-0.2750871038050197,0.3817213409990992,-0.661361636583628,0.41029748115700365,-0.9500404911709905,-0.10341265589848203,-0.8728318555324437,0.17877659182907596,0.024892660009868523,-0.35898439384383846,0.28895780896463436,-0.06419432067414688,-0.3529914744766054
-0.13334318416058172,0.16008268150519495,-1.8241722976364076,-0.9215931113573497,0.8681972605135294,-0.20707034666570967,0.295026634608217,0.4841803446244722,-0.3867115886827567,-0.9449667030651737,-1.2995889680664423,0.24462989448644537,0.6366781239167973,-1.22523251213523,0.24133516694847496,-0.4446622388336556,-0.3865363379819183,-0.8003092197656401,1.2818292010649248,0.41026915178252954,0.907328348450741,0.6799859937683367,0.09563996104164527,1.1358416862999356,-0.5553652472372979,0.3525549207352245,-2.182906798647134,0.16794480583440716,-0.6470658979399427,-1.446304414760533,-0.4678024692288136,1.0559862562378135,0.3987837217991394,0.7407405656618945,-0.7369817780667537,0.021998274553046242,-0.6206302233389233,0.21656829632870897,-1.0336119880925998,0.24993565964285952,-0.5363704583397282,-0.39773777945058986,0.20303486100894674,-0.37550659589475044,-0.3884541232396482
0.31489012016478196,0.6119338278435338,14.428249050274745,-0.3971463533979241,-13.747599272148928,-2.4700417522313245,-0.9613531078495777,-7.314093516941918,3.7180368262831713,8.561798867394232,5.840567018052422,-1.4130740840916622,-1.22523251213523,11.564641150134042,-3.4417943565854405,4.630981118366238,3.2580939813631002,3.352277916473854,-13.704122492283561,-4.925544998221449,-9.568264702363225,-5.193889835984909,-3.6112021822292837,-7.400990965407809,7.522062530782449,-12.20168673665262,19.05631078645014,1.7576092026158665,2.475537231276646,16.177308928095417,8.033109487412604,-0.288392780529821,3.420454522783006,-2.375702784818953,5.1130324740419635,-3.96872134084259,8.145175783335036,1.4109402010614147,6.6355636140851075,-1.2900847844899717,-1.2212532801198865,2.7794807537965522,-2.449027045650709,-0.06031992461976367,2.7403502543508647
-0.06922764182007939,-0.23712827575530643,-4.221892420008381,0.3528166904889179,4.2344948137913665,0.8491474683355973,0.23910460879761322,2.2477159020372186,-1.107764903546951,-2.5389980984934044,-1.572555453242667,0.39769081702074555,0.24133516694847496,-3.4417943565854405,1.0544865230408056,-1.3894149193623129,-0.9597191868086904,-0.8891282951876766,4.119729360633873,1.4929771402310676,2.873690416778943,1.5141660011337539,1.1445183172893887,2.117165521114098,-2.2969900328297417,3.860076937130125,-5.631704737198791,-0.609123858244419,-0.6430058305349352,-4.879471524213838,-2.4839416719476524,-0.16391880245147514,-1.2029479337660542,0.5879685590806468,-1.4742268635210407,1.2780851865200995,-2.483191320925651,-0.5086803331585793,-1.8944958510060628,0.3563394970825022,0.525640912715829,-0.8021136148690791,0.7427802902633696,0.11083318304675409,-0.7915404876686993
0.1170528112159618,0.26539995694091645,5.750973808879992,-0.24637944604473222,-5.558547732013403,-1.0316229135379933,-0.36746791801747924,-2.9552274575936375,1.4896317060965047,3.4250614852725825,2.2770774574097903,-0.557207050610296,-0.4446622388336556,4.630981118366238,-1.3894149193623129,1.8586510396348737,1.3009217453045225,1.302064096661828,-5.503199299841418,-1.9825264438514405,-3.8411680927658973,-2.068096241633468,-1.4721498614640762,-2.9317756006679856,3.034149947217209,-4.971403355329825,7.616102640896914,0.7359642461471119,0.9564185905492056,6.5024154866352974,3.25158084906097,-0.022556100071764465,1.438791231798584,-0.9069904540731452,2.029762334838507,-1.6254138393509352,3.283666187008465,0.5982716994931215,2.6271724918202892,-0.5063153652349515,-0.5493553825743076,1.10366603665377,-0.9857803957751244,-0.05881380878378227,1.088471468522479
0.09674170347089467,0.1542749385538545,4.088772326402849,-0.03340726252495732,-3.825017610225951,-0.657630815799007,-0.28659214847657716,-2.0370403331758773,1.0464833682825299,2.415275638021653,1.7009565849281765,-0.40602839403117863,-0.3865363379819183,3.2580939813631002,-0.9597191868086904,1.3009217453045225,0.9213725933004854,0.9805484552862237,-3.8468327725351386,-1.378506588657147,-2.687098843574804,-1.473811883729333,-0.9939424108768308,-2.1138456902433678,2.099126559492567,-3.3608395884859616,5.382225837258884,0.4661789756949533,0.7287136161432357,4.535605130446484,2.2318386490715194,-0.16468949494666676,0.9013851895935946,-0.7091253855458052,1.456437780939724,-1.0855940133362143,2.27505846817111,0.3674163415811064,1.8964709838639693,-0.3726488592006489,-0.28991244178753384,0.7915008954997813,-0.6855030385100072,0.014182332500999274,0.7799210537408308
0.17936136137136285,-0.020622640718076353,4.442377680583942,0.7315268412713658,-3.468591588017054,-0.30432822897261924,-0.4483589695907754,-1.8644921111719102,1.0723302685958997,2.5149315559729515,2.2910211678656975,-0.49258446105043685,-0.8003092197656401,3.352277916473854,-0.8891282951876766,1.302064096661828,0.9805484552862237,1.3631148023131576,-3.8234092134364532,-1.3299132171588788,-2.6798847537516637,-1.619567385311887,-0.7948618206493243,-2.454101961652327,1.969041260254322,-2.711333946830713,5.667644505116189,0.19865903824397482,1.0557565384289107,4.454725628645539,1.9920920172962093,-0.9846560544458459,0.32336594958742326,-1.118309581300412,1.6535879287352981,-0.8004901913425799,2.148064647098298,0.08800180523751074,2.2136704618725385,-0.4735064158190842,0.23106498605131617,0.8963607504547705,-0.6600349435227302,0.31785710579608917,0.8807848786901052
-0.3397982760699301,-0.8002668632987172,-16.998695949152115,0.7937107386405627,16.488508078267024,3.0842939751543796,1.0744271161465944,8.764523725079696,-4.408961792368588,-10.132923519198133,-6.692725208350692,1.64236548679167,1.2818292010649248,-13.704122492283561,4.119729360633873,-5.503199299841418,-3.8468327725351386,-3.8234092134364532,16.29672296747033,5.874299643313943,11.373929039934344,6.111303945316775,4.3756481543853765,8.65207440380889,-8.995263801019046,14.774565328626235,-22.526586058192063,-2.2017524286018224,-2.804565663918466,-19.260239328431176,-9.647941395355078,-0.0019491117360524433,-4.3089101142086825,2.6512390073732663,-5.993406310349533,4.836671310362782,-9.733239295646932,-1.7951536573077107,-7.752130107477841,1.4907968956284645,1.6702741670588483,-3.25903443893036,2.920810105518865,0.19966557849426222,-3.214578202105021
-0.11218337290423964,-0.31000507102041663,-6.0802503924510205,0.38119685988685686,5.984844590536274,1.1552176621590045,0.3669349817116353,3.1790708534793373,-1.585392302172661,-3.6382045688816307,-2.337740828838425,0.5808465289123582,0.41026915178252954,-4.925544998221449,1.4929771402310676,-1.9825264438514405,-1.378506588657147,-1.3299132171588788,5.874299643313943,2.122456966009798,4.098602924042383,2.1836215747633987,1.6012435277998214,3.0747144728476528,-3.2571346713191796,5.403844935458742,-8.080177921789836,-0.8266064860418385,-0.9697240870455064,-6.949155652432808,-3.505812525686878,-0.10276341104763541,-1.624466494881606,0.9042399080189593,-2.134716829888062,1.7780498293874964,-3.5224299629607034,-0.6816525646240139,-2.7533654448064486,0.5245584809927085,0.6666021996360558,-1.1610767898248122,1.0554098070015776,0.10976935615290405,-1.1456235992614614
-0.23938595514646277,-0.5538090162384643,-11.875243929152036,0.5310537674555277,11.497775596916693,2.1420275035904766,0.7548336777254588,6.112720165013472,-3.077168583699272,-7.075967059154586,-4.689385116911401,1.1494497749230297,0.907328348450741,-9.568264702363225,2.873690416778943,-3.8411680927658973,-2.687098843574804,-2.6798847537516637,11.373929039934344,4.098602924042383,7.939037026258783,4.270009004798106,3.0479981624748125,6.0496460215479155,-6.273802468598734,10.292624613697013,-15.732427908886168,-1.5284153878812838,-1.9673131053804531,-13.440631530304513,-6.726770164469623,0.02306660808009073,-2.989545420154556,1.8628426969664287,-4.189428989309274,3.367241173059603,-6.79007595550576,-1.2438990564744292,-5.420778757067871,1.0435776343271326,1.150407950473059,-2.2780243239924496,2.0383003847463237,0.13002958594140537,-2.246550421673182
-0.16706191042395324,-0.21718425795896792,-6.555704101749531,-0.06830361215675289,6.0237787916724255,0.9893822104703642,0.48120086386764177,3.2104281489238806,-1.6681581306998798,-3.8549227992072366,-2.797348231558697,0.6588556469780801,0.6799859937683367,-5.193889835984909,1.5141660011337539,-2.068096241633468,-1.473811883729333,-1.619567385311887,6.111303945316775,2.1836215747633987,4.270009004798106,2.3658810663563,1.5484345829134587,3.4139017485570533,-3.316614411379928,5.239410219284422,-8.600441975153007,-0.6987814390906838,-1.2103279907218927,-7.197111253662546,-3.5097538891851237,0.39202717619734606,-1.3414605099300037,1.1921529644594306,-2.346323035627169,1.680452310774617,-3.596096294639243,-0.5400902335225631,-3.064727551212684,0.6084038059497916,0.3780469710753865,-1.2747369428913973,1.0854043672715805,-0.07063321242749111,-1.255901190646274
-0.04177825575439943,-0.318329434476534,-4.338215037188985,0.6694811333809504,4.62600090326368,1.036674899790283,0.19086004994085093,2.448453547132655,-1.1652781030909498,-2.6520588006002632,-1.4383942389595317,0.3874373442777676,0.09563996104164527,-3.6112021822292837,1.1445183172893887,-1.4721498614640762,-0.9939424108768308,-0.7948618206493243,4.3756481543853765,1.6012435277998214,3.0479981624748125,1.5484345829134587,1.290149627122302,2.111916386988219,-2.485766991270274,4.342440917924353,-5.857734515304117,-0.749373202957762,-0.5552091740933739,-5.203167351023319,-2.7254501253897363,-0.4903477557876431,-1.4990860524878031,0.46500872347231503,-1.4860517260154054,1.4648981974689848,-2.680611349030828,-0.6479285076050576,-1.884855869063898,0.3387186331169178,0.7581485372426957,-0.8094782238486582,0.7966258449934407,0.23506353957931128,-0.800198938208553
-0.2708070319733938,-0.23571451892093867,-9.438574474774049,-0.4144698993219285,8.389723826674414,1.2554455859173737,0.7492859062606542,4.479169778091633,-2.3741288336684927,-5.505619481197302,-4.210180900716012,0.9703231938930138,1.1358416862999356,-7.400990965407809,2.117165521114098,-2.9317756006679856,-2.1138456902433678,-2.454101961652327,8.65207440380889,3.0747144728476528,6.0496460215479155,3.4139017485570533,2.111916386988219,4.9805371656409765,-4.6459843726353425,7.156251782114924,-12.309307579787207,-0.8789801265302388,-1.8512089363057997,-10.167119592624113,-4.874926060351985,0.8959901060498292,-1.660665717080754,1.8596785565440819,-3.407698749813804,2.263343807421072,-5.044571041395122,-0.6487747263889501,-4.4760112540495465,0.9041705072147196,0.3196830639764205,-1.8504566993564124,1.528248210453546,-0.22642170015965732,-1.8217378911837738
0.15764004328108253,0.5043886889506991,9.244589030198135,-0.7170316561540374,-9.222679127505907,-1.8300319535209784,-0.5332978833694143,-4.895312407654622,2.4233281122328583,5.550563459126215,3.474615986034802,-0.8732059559995979,-0.5553652472372979,7.522062530782449,-2.2969900328297417,3.034149947217209,2.099126559492567,1.969041260254322,-8.995263801019046,-3.2571346713191796,-6.273802468598734,-3.316614411379928,-2.485766991270274,-4.6459843726353425,5.00905102485465,-8.384646746748293,12.316326693412824,1.3123573706164897,1.4271761995450356,10.650531431584517,5.407888774104488,0.3002764446459408,2.5881631389413675,-1.3124514395093145,3.2325677897654947,-2.771343408109779,5.4130880892858695,1.0930320471692951,4.158206199756449,-0.7852711031385209,-1.1109747093117313,1.7586183279546543,-1.6192893309989118,-0.22133745551505124,1.7360947929760855
-0.14683138700984447,-1.0627363216682943,-14.674961998901027,2.2064011891493607,15.596201251067587,3.4755895546977116,0.6560237646021346,8.256191613107474,-3.936407304378648,-8.96314023397797,-4.8995207694914304,1.3147759865403539,0.3525549207352245,-12.20168673665262,3.860076937130125,-4.971403355329825,-3.3608395884859616,-2.711333946830713,14.774565328626235,5.403844935458742,10.292624613697013,5.239410219284422,4.342440917924353,7.156251782114924,-8.384646746748293,14.617775116096395,-19.801899723360066,-2.511376243007132,-1.8981841388309384,-17.564923295738303,-9.186562172107763,-1.5976228723359225,-5.020825196170336,1.5994888408398875,-5.032468211896361,4.926485081890505,-9.043326435187259,-2.167762148866049,-6.387854172629721,1.1510529281659392,2.5233019039713183,-2.741054669795625,2.6885386930446877,0.7720395489000698,-2.7093315369987403
0.5510563947487336,0.9358992843710994,23.870374694084223,-0.3428584058323033,-22.463035751319072,-3.918504657821193,-1.6466159020200501,-11.958414386370341,6.123764319875651,14.120571594126947,9.84431815378323,-2.3594146924598243,-2.182906798647134,19.05631078645014,-5.631704737198791,7.616102640896914,5.382225837258884,5.667644505116189,-22.526586058192063,-8.080177921789836,-15.732427908886168,-8.600441975153007,-5.857734515304117,-12.309307579787207,12.316326693412824,-19.801899723360066,31.454390924903734,2.78151812559583,4.203550850797278,26.57033299925316,13.112988445267376,-0.8066490774562471,5.389837947982957,-4.072795582032047,8.488494624064922,-6.41080807223813,13.34344660098034,2.206261445527244,11.041174002536717,-2.1623873738450334,-1.7972312018690948,4.613494946474005,-4.017466750744054,0.024160795330950453,4.54715800818042
-0.021870385318828074,0.24992725973756508,1.9865324438075818,-0.7335359250660609,-2.5005369523377903,-0.7029367698500069,-0.011150121088567583,-1.3145728104870265,0.5705266362082274,1.2746913423016601,0.4120171291327136,-0.14825458670174602,0.16794480583440716,1.7576092026158665,-0.609123858244419,0.7359642461471119,0.4661789756949533,0.19865903824397482,-2.2017524286018224,-0.8266064860418385,-1.5284153878812838,-0.6987814390906838,-0.749373202957762,-0.8789801265302388,1.3123573706164897,-2.511376243007132,2.78151812559583,0.5146768839721416,0.10748479587829542,2.645827347527915,1.4887382616307838,0.6724219933161205,1.0518500058404394,-0.01943815828988199,0.6406265757200692,-0.8815984133880037,1.4071391410920389,0.47043307241508875,0.777420548994717,-0.11697403233092583,-0.6506024003275276,0.3502671309736812,-0.4114876010994535,-0.2760287763492059,0.3480423386938102
0.1434567774203611,-0.03999178503975731,3.313127548244915,0.6467253806963689,-2.496316661726017,-0.17287866994295792,-0.3524541808615724,-1.3447811692543157,0.7908666925999828,1.8614302351290588,1.7671406406994656,-0.3743438862936892,-0.6470658979399427,2.475537231276646,-0.6430058305349352,0.9564185905492056,0.7287136161432357,1.0557565384289107,-2.804565663918466,-0.9697240870455064,-1.9673131053804531,-1.2103279907218927,-0.5552091740933739,-1.8512089363057997,1.4271761995450356,-1.8981841388309384,4.203550850797278,0.10748479587829542,0.8221813028709344,3.2599879497460904,1.4286774695567814,-0.8404376837580281,0.15450640242298033,-0.8798938956201962,1.2427365404771005,-0.5470436685003219,1.5595003391406976,0.02436637227595795,1.671318689563478,-0.3622026942002541,0.24417600618314628,0.6733700287183003,-0.4812489196233892,0.2769939718998868,0.6612361023505482
0.387950560841921,0.9743481590419958,20.027488124821254,-1.064051703276852,-19.541805700937125,-3.7027456607051072,-1.2428490746623322,-10.384593888171763,5.205618404180168,11.956628029375088,7.810785202073052,-1.9262302102797806,-1.446304414760533,16.177308928095417,-4.879471524213838,6.5024154866352974,4.535605130446484,4.454725628645539,-19.260239328431176,-6.949155652432808,-13.440631530304513,-7.197111253662546,-5.203167351023319,-10.167119592624113,10.650531431584517,-17.564923295738303,26.57033299925316,2.645827347527915,3.2599879497460904,22.77147502754371,11.439676000948301,0.1375486815036827,5.186939317879844,-3.0652135431177787,7.049289894570106,-5.762097185967559,11.521748687343697,2.167406561169321,9.107549695124655,-1.7449288277926909,-2.059520090403062,3.8335828781595294,-3.4553689751731156,-0.2860616748977145,3.7817914820564758
0.14320274217309145,0.5950195025496201,9.798893584324592,-1.0044702569011528,-9.994378139454493,-2.0702185556119246,-0.5217237920834518,-5.3003142501215965,2.5883259086127515,5.918580835188247,3.542250814418545,-0.909683756402906,-0.4678024692288136,8.033109487412604,-2.4839416719476524,3.25158084906097,2.2318386490715194,1.9920920172962093,-9.647941395355078,-3.505812525686878,-6.726770164469623,-3.5097538891851237,-2.7254501253897363,-4.874926060351985,5.407888774104488,-9.186562172107763,13.112988445267376,1.4887382616307838,1.4286774695567814,11.439676000948301,5.869869362460325,0.5749397783378193,2.9515980997231237,-1.2804731460516985,3.4039849653312,-3.0580982984575176,5.841049071558853,1.2569945909665277,4.3592198145243835,-0.8105123356706355,-1.3516347205426975,1.8526210756234687,-1.7437533375356942,-0.3306886963058823,1.8293922427326537
-0.21043322229092762,0.4402991797620189,-0.9582781135946093,-1.940063873966343,-0.8471018462110943,-0.8867374390096769,0.4148378432695685,-0.4061350546687392,-0.07919069610745158,-0.28994301434721104,-1.5230714298666606,0.2268255592381345,1.0559862562378135,-0.288392780529821,-0.16391880245147514,-0.022556100071764465,-0.16468949494666676,-0.9846560544458459,-0.0019491117360524433,-0.10276341104763541,0.02306660808009073,0.39202717619734606,-0.4903477557876431,0.8959901060498292,0.3002764446459408,-1.5976228723359225,-0.8066490774562471,0.6724219933161205,-0.8404376837580281,0.1375486815036827,0.5749397783378193,2.082302465849465,1.454185721669687,1.0487958743438204,-0.522515095699134,-0.7071290596953386,0.2873021640118339,0.7047913994558664,-0.8341419080527531,0.2613603867687366,-1.3168878512324897,-0.278200826431727,-0.05344870567239595,-0.7710274398873423,-0.2671282251117012
-0.05679030569934732,0.518359571040584,3.823973319797341,-1.5643359312003213,-4.9497546775636065,-1.4345104018357822,0.00571580435407956,-2.5995840412215627,1.1112293104666584,2.475292052918044,0.7051624743290462,-0.2750871038050197,0.3987837217991394,3.420454522783006,-1.2029479337660542,1.438791231798584,0.9013851895935946,0.32336594958742326,-4.3089101142086825,-1.624466494881606,-2.989545420154556,-1.3414605099300037,-1.4990860524878031,-1.660665717080754,2.5881631389413675,-5.020825196170336,5.389837947982957,1.0518500058404394,0.15450640242298033,5.186939317879844,2.9515980997231237,1.454185721669687,2.155009857138266,0.031613217759863706,1.218992710376628,-1.7722406053404642,2.772845793468711,0.9674245208478731,1.466016628334343,-0.2115315564960929,-1.360652221197432,0.6669941521447319,-0.8088310864570823,-0.5913921909092378,0.6633520408977186
-0.16125781415035462,0.0914764150181531,-3.2492946816928,-0.8483142036031848,2.2565978499332213,0.055143300932924286,0.38388256409734745,1.2218923035023406,-0.7571755256715313,-1.795316223528302,-1.8567141561018623,0.3817213409990992,0.7407405656618945,-2.375702784818953,0.5879685590806468,-0.9069904540731452,-0.7091253855458052,-1.118309581300412,2.6512390073732663,0.9042399080189593,1.8628426969664287,1.1921529644594306,0.46500872347231503,1.8596785565440819,-1.3124514395093145,1.5994888408398875,-4.072795582032047,-0.01943815828988199,-0.8798938956201962,-3.0652135431177787,-1.2804731460516985,1.0487958743438204,0.031613217759863706,0.9599441418610908,-1.238754848042711,0.43083063811543654,-1.4393756147315246,0.06315229647836447,-1.682049073891246,0.374327161635596,-0.3916062736315016,-0.6706053079005829,0.44853623767844053,-0.3560579966608512,-0.6577161904384565
0.17771889155003462,0.18395068987605534,6.49293947453786,0.19564540174210668,-5.851517496665672,-0.9114726164489251,-0.499459800593808,-3.1217855700890067,1.6409845962954097,3.800012551810919,2.844554270443122,-0.661361636583628,-0.7369817780667537,5.1130324740419635,-1.4742268635210407,2.029762334838507,1.456437780939724,1.6535879287352981,-5.993406310349533,-2.134716829888062,-4.189428989309274,-2.346323035627169,-1.4860517260154054,-3.407698749813804,3.2325677897654947,-5.032468211896361,8.488494624064922,0.6406265757200692,1.2427365404771005,7.049289894570106,3.4039849653312,-0.522515095699134,1.218992710376628,-1.238754848042711,2.3358481374459896,-1.6011602569271235,3.5078601012626924,0.48273994452636,3.061137090224193,-0.6140142941020393,-0.28349656560466735,1.2686746818519148,-1.0610716353327632,0.12046804146193399,1.2493646338402893
-0.029472406181059656,-0.38680133316030735,-4.719147923512135,0.8938435332030974,5.180395947234452,1.2161735271215315,0.17806488077265636,2.7385769909754445,-1.2816613920362177,-2.908432921854084,-1.4691456302865191,0.41029748115700365,0.021998274553046242,-3.96872134084259,1.2780851865200995,-1.6254138393509352,-1.0855940133362143,-0.8004901913425799,4.836671310362782,1.7780498293874964,3.367241173059603,1.680452310774617,1.4648981974689848,2.263343807421072,-2.771343408109779,4.926485081890505,-6.41080807223813,-0.8815984133880037,-0.5470436685003219,-5.762097185967559,-3.0580982984575176,-0.7071290596953386,-1.7722406053404642,0.43083063811543654,-1.6011602569271235,1.6752516603521792,-2.98575170266923,-0.7720085688134415,-2.0172746684501606,0.35367588998421895,0.9424511521936659,-0.872682069946293,0.8847989421540621,0.32094091538351577,-0.8632890025248917
0.17386519469509737,0.5387338929040778,10.020612647905669,-0.7405379785302543,-9.963875840322384,-1.963785093117781,-0.5847463175848077,-5.290592493200695,2.6217555728167685,6.012192553698765,3.7881032526617417,-0.9500404911709905,-0.6206302233389233,8.145175783335036,-2.483191320925651,3.283666187008465,2.27505846817111,2.148064647098298,-9.733239295646932,-3.5224299629607034,-6.79007595550576,-3.596096294639243,-2.680611349030828,-5.044571041395122,5.4130880892858695,-9.043326435187259,13.34344660098034,1.4071391410920389,1.5595003391406976,11.521748687343697,5.841049071558853,0.2873021640118339,2.772845793468711,-1.4393756147315246,3.5078601012626924,-2.98575170266923,5.852740313944946,1.168554064108621,4.51555834963262,-0.8544321899901306,-1.1785702255559938,1.9082928134058892,-1.7520049338185442,-0.22504868610126025,1.8830503740557056
-0.03348169535425171,0.23654339359247112,1.5473958300956332,-0.7440223630854168,-2.102376909701926,-0.6399003653304798,0.022171870010474222,-1.1019216329802384,0.4598447044641322,1.0170273320898306,0.22101015562915405,-0.10341265589848203,0.21656829632870897,1.4109402010614147,-0.5086803331585793,0.5982716994931215,0.3674163415811064,0.08800180523751074,-1.7951536573077107,-0.6816525646240139,-1.2438990564744292,-0.5400902335225631,-0.6479285076050576,-0.6487747263889501,1.0930320471692951,-2.167762148866049,2.206261445527244,0.47043307241508875,0.02436637227595795,2.167406561169321,1.2569945909665277,0.7047913994558664,0.9674245208478731,0.06315229647836447,0.48273994452636,-0.7720085688134415,1.168554064108621,0.43707224477549544,0.5706572003981898,-0.07566673197324116,-0.629348348281409,0.26450226857038434,-0.33918704383524834,-0.2832322370066813,0.2637454909467871
0.2457998605590781,0.20457940148367204,8.471278812512507,0.40056613155762033,-7.504331053707889,-1.1115118264676829,-0.6775949564048301,-4.007182935316328,2.1283510325696033,4.937354162475479,3.7952191704455975,-0.8728318555324437,-1.0336119880925998,6.6355636140851075,-1.8944958510060628,2.6271724918202892,1.8964709838639693,2.2136704618725385,-7.752130107477841,-2.7533654448064486,-5.420778757067871,-3.064727551212684,-1.884855869063898,-4.4760112540495465,4.158206199756449,-6.387854172629721,11.041174002536717,0.777420548994717,1.671318689563478,9.107549695124655,4.3592198145243835,-0.8341419080527531,1.466016628334343,-1.682049073891246,3.061137090224193,-2.0172746684501606,4.51555834963262,0.5706572003981898,4.023033345597714,-0.814067751515492,-0.2666177573696723,1.6621777049082331,-1.3685013032676148,0.2144922685230045,1.636276274712307
-0.05752194611493816,-0.017927038494143413,-1.675629792945409,-0.17106147639788852,1.4021711753932735,0.1708061680771363,0.15040202252854148,0.7508901398528759,-0.4132896663960322,-0.963548273500874,-0.8036871612427579,0.17877659182907596,0.24993565964285952,-1.2900847844899717,0.3563394970825022,-0.5063153652349515,-0.3726488592006489,-0.4735064158190842,1.4907968956284645,0.5245584809927085,1.0435776343271326,0.6084038059497916,0.3387186331169178,0.9041705072147196,-0.7852711031385209,1.1510529281659392,-2.1623873738450334,-0.11697403233092583,-0.3622026942002541,-1.7449288277926909,-0.8105123356706355,0.2613603867687366,-0.2115315564960929,0.374327161635596,-0.6140142941020393,0.35367588998421895,-0.8544321899901306,-0.07566673197324116,-0.814067751515492,0.16926495164072197,-0.012565479749981519,-0.33313372624205706,0.2605416557117837,-0.07861034817201727,-0.32768029766813467
0.09831066365282427,-0.3604591601435674,-1.1350134008734813,1.308009459567837,2.2242909104873534,0.8765458191690715,-0.15226062765058998,1.1545288195876227,-0.40127423995901657,-0.8545453458351375,0.2775241093737335,0.024892660009868523,-0.5363704583397282,-1.2212532801198865,0.525640912715829,-0.5493553825743076,-0.28991244178753384,0.23106498605131617,1.6702741670588483,0.6666021996360558,1.150407950473059,0.3780469710753865,0.7581485372426957,0.3196830639764205,-1.1109747093117313,2.5233019039713183,-1.7972312018690948,-0.6506024003275276,0.24417600618314628,-2.059520090403062,-1.3516347205426975,-1.3168878512324897,-1.360652221197432,-0.3916062736315016,-0.28349656560466735,0.9424511521936659,-1.1785702255559938,-0.629348348281409,-0.2666177573696723,-0.012565479749981519,1.0037971945079882,-0.1578978985899792,0.3330218897139051,0.5079192855694638,-0.16028838463066825
0.09603762853202578,0.10129195490805136,3.5279408309582725,0.10086959649914562,-3.1843022923793995,-0.49815125347546846,-0.2704180158211653,-1.6986958353648876,0.8920896370199138,2.0655077067186443,1.5424465913044463,-0.35898439384383846,-0.39773777945058986,2.7794807537965522,-0.8021136148690791,1.10366603665377,0.7915008954997813,0.8963607504547705,-3.25903443893036,-1.1610767898248122,-2.2780243239924496,-1.2747369428913973,-0.8094782238486582,-1.8504566993564124,1.7586183279546543,-2.741054669795625,4.613494946474005,0.3502671309736812,0.6733700287183003,3.8335828781595294,1.8526210756234687,-0.278200826431727,0.6669941521447319,-0.6706053079005829,1.2686746818519148,-0.872682069946293,1.9082928134058892,0.26450226857038434,1.6621777049082331,-0.33313372624205706,-0.1578978985899792,0.6890843728863664,-0.5771342064331659,0.0633078807501103,0.6786022574653865
-0.05535679953492862,-0.1549781488589509,-3.0222219806647037,0.19162315777198324,2.976665950651429,0.5752557593516955,0.18205302899232878,1.5815129934078178,-0.7875161688408676,-1.809030598214253,-1.1609919438076652,0.28895780896463436,0.20303486100894674,-2.449027045650709,0.7427802902633696,-0.9857803957751244,-0.6855030385100072,-0.6600349435227302,2.920810105518865,1.0554098070015776,2.0383003847463237,1.0854043672715805,0.7966258449934407,1.528248210453546,-1.6192893309989118,2.6885386930446877,-4.017466750744054,-0.4114876010994535,-0.4812489196233892,-3.4553689751731156,-1.7437533375356942,-0.05344870567239595,-0.8088310864570823,0.44853623767844053,-1.0610716353327632,0.8847989421540621,-1.7520049338185442,-0.33918704383524834,-1.3685013032676148,0.2605416557117837,0.3330218897139051,-0.5771342064331659,0.5251385243659279,0.055249606749942656,-0.5692166468769715
0.07365764133011628,-0.17259245777387394,0.14735568813173763,0.7280920678163465,0.5150001724280259,0.36606954074925824,-0.1405208924892581,0.2571545523174271,-0.024940750822608552,-0.016095297566165668,0.4824755223657356,-0.06419432067414688,-0.37550659589475044,-0.06031992461976367,0.11083318304675409,-0.05881380878378227,0.014182332500999274,0.31785710579608917,0.19966557849426222,0.10976935615290405,0.13002958594140537,-0.07063321242749111,0.23506353957931128,-0.22642170015965732,-0.22133745551505124,0.7720395489000698,0.024160795330950453,-0.2760287763492059,0.2769939718998868,-0.2860616748977145,-0.3306886963058823,-0.7710274398873423,-0.5913921909092378,-0.3560579966608512,0.12046804146193399,0.32094091538351577,-0.22504868610126025,-0.2832322370066813,0.2144922685230045,-0.07861034817201727,0.5079192855694638,0.0633078807501103,0.055249606749942656,0.288068556433569,0.059613249710811535
0.09413418696315991,0.10118592721683374,3.476383871561054,0.09263203644618659,-3.1438488070202415,-0.4945592374191942,-0.2652167333226507,-1.676660184348127,0.8801426421029372,2.036038720521831,1.5158335976329649,-0.3529914744766054,-0.3884541232396482,2.7403502543508647,-0.7915404876686993,1.088471468522479,0.7799210537408308,0.8807848786901052,-3.214578202105021,-1.1456235992614614,-2.246550421673182,-1.255901190646274,-0.800198938208553,-1.8217378911837738,1.7360947929760855,-2.7093315369987403,4.54715800818042,0.3480423386938102,0.6612361023505482,3.7817914820564758,1.8293922427326537,-0.2671282251117012,0.6633520408977186,-0.6577161904384565,1.2493646338402893,-0.8632890025248917,1.8830503740557056,0.2637454909467871,1.636276274712307,-0.32768029766813467,-0.16028838463066825,0.6786022574653865,-0.5692166468769715,0.059613249710811535,0.6685011342206855
