V1,V2,V3,V4,V5,V6,V7,V8,V9,V10,V11,V12,V13,V14,V15,V16,V17,V18,V19,V20,V21,V22,V23,V24,V25,V26,V27,V28,V29,V30,V31,V32,V33,V34,V35,V36,V37,V38,V39,V40,V41,V42,V43,V44,V45
0.3293596523884996,0.28259869718051817,-0.5318266774785676,-0.2243010070105492,0.2371386093796247,0.0347959301782072,0.44814180741228177,0.014373489935959686,0.44289980584531385,0.07567242447162675,-0.6490920960718676,-0.06291927277871599,0.6517273840750094,-0.6139461344740326,0.5649616300982968,0.6964383359435256,0.678572477763626,0.1593240815919018,-0.3095120776205756,1.4103681980667007,-0.02498254432597461,-0.340050820679826,0.07280809352776905,0.3112691611108327,-0.7725137725852866,0.17724497340890435,-0.3733603969038259,0.4426503336652977,1.9460424185378526,-0.4142772206368486,0.19416072658603864,-0.6249894233547976,-0.12461283706851638,-0.6344279066185432,-1.6999747858633674,0.5205282300816405,-0.286578327660137,-1.5655179066414524,1.093492026963563,-0.4637717377109722,-0.007137349319676172,0.7699860883793359,-0.6085590489503493,0.12467017800045502,-0.5553364353688177
0.28259869718051817,1.1806359001929547,-1.5307168397811624,-2.0080238347838733,0.7528026454395981,-0.8590043080880769,0.8177637844028095,0.3398886118300965,-0.34049529145746316,0.6959381402731992,-0.2427932859177458,0.6946567151686929,1.6488611873596566,-0.11750037120250235,0.5586193928886557,-0.6812232438930124,2.642502860223535,0.7155787370465939,0.3995931332780743,2.0572385519829166,0.989908333571646,-1.0400624161205438,-0.23174264391769503,0.5191051823025673,-1.1349353822477066,1.296768613789795,-1.8613704349639038,-0.9114362432858596,0.3764394268676554,-0.19958766682885176,0.8080105804189947,-2.1126501357774914,-0.363873189035861,-0.7814537212284657,-1.4113657126797525,0.12144261690360468,-0.04375143662379739,-0.6207167499321462,0.7440482655827915,-0.39469849249418537,0.1972162371357458,0.4446307034949863,-0.6512255575013424,-0.05147327199230593,-0.6756477054255488
-0.5318266774785676,-1.5307168397811624,2.1133924561026207,2.417594740132024,-1.0076189821127632,0.933432155684143,-1.2605987218983719,-0.3797409388782523,0.05804409247191043,-0.8337327188478647,0.738261379995141,-0.7401038529781488,-2.309591950235727,0.5773695879831181,-1.0412969552031164,0.2578968496305129,-3.4694578306347057,-0.9239166148480588,-0.21691649304891789,-3.3262184282569036,-1.089490919689862,1.407076093015941,0.21811258356429988,-0.8269714482984521,1.8195407213801007,-1.583443670683322,2.3382520527994277,0.7098779464234248,-1.8400703508288128,0.5040508934871467,-1.039938520648987,2.8278309637073216,0.4760896067239619,1.3484982018214766,2.82449466595345,-0.5014142394589151,0.25801584597586524,1.8205125883523072,-1.618427006452609,0.8136961374184795,-0.21818223426783506,-1.0465204186765926,1.1643020432668836,-0.03285113754543985,1.1545422712558828
-0.2243010070105492,-2.0080238347838733,2.417594740132024,3.689738087683334,-1.2289152540563355,1.7243122505251838,-1.1035086773849831,-0.6619690190867172,1.1438167510465371,-1.2836088592521735,-0.21498084600051032,-1.4213552254063444,-2.5434352759066474,-0.42776049478729444,-0.4840066722718554,2.0811284814869957,-4.435205236356399,-1.2251169283834682,-1.1207755549614533,-2.522440034583707,-1.96808838910031,1.6786994544387233,0.5210321535392886,-0.6645871466988136,1.4087695086478955,-2.349406403084916,3.2654493252005827,2.250622578479488,1.3534482276856101,-0.03290513393015615,-1.3815301162261655,3.4632389015698104,0.6011962914284779,0.8392452698772606,0.9348969769000128,0.307569745313023,-0.22234094805463547,-0.4502099849883873,-0.29500647363863786,0.24221280744975776,-0.3917617512231536,-0.05652933763148361,0.6309510642967282,0.23449959719934466,0.7343613693611861
0.2371386093796247,0.7528026454395981,-1.0076189821127632,-1.2289152540563355,0.49319626389665033,-0.5005580800060202,0.5689313698567884,0.2055246622363645,-0.11244141793461071,0.42598387763275153,-0.2743314838814392,0.3959054685626841,1.105592257499905,-0.19244546321219858,0.44194990939180495,-0.26225206547775143,1.6923513185556611,0.4529940325168878,0.17481998366814663,1.497176126552054,0.5793534392153916,-0.6828057152936409,-0.12008200388490212,0.3651948759656963,-0.826923002387519,0.8003641722378597,-1.1764974370032073,-0.44720094705341534,0.6113604759813634,-0.20453587501593765,0.5168508979331095,-1.3706159781433003,-0.243700980180779,-0.5860727446987315,-1.1720339498926775,0.17831917081895524,-0.08311168189272475,-0.6822764695260635,0.6599531980317421,-0.31957359681012715,0.11449999161330882,0.41869482673311204,-0.5075885880274795,-0.005373766653765678,-0.5110505906858606
0.0347959301782072,-0.8590043080880769,0.933432155684143,1.7243122505251838,-0.5005580800060202,0.8789466062036574,-0.3154132860596195,-0.3305653501599749,0.7901808386447114,-0.6028381585121355,-0.42458411855207717,-0.7342606409024117,-0.9526432189490853,-0.516635207147082,0.041670470155236734,1.3810891582366411,-1.8636095456834159,-0.5272810266862992,-0.7156043756726062,-0.5615232912820755,-0.9940243344504056,0.6718428759540448,0.28791943889595345,-0.1641182683548035,0.32885937085611877,-1.0818026780177876,1.4550078398582194,1.3334348545277113,1.64010891722769,-0.2073682274248568,-0.5967175421875267,1.411945313584904,0.25296256448133453,0.09617528093021427,-0.3806151064246433,0.402038567651866,-0.25309288184661166,-0.9903916087914717,0.3873703360457483,-0.13219058987706936,-0.19710690245592108,0.3452159797639295,0.01842652387847084,0.17848391719764767,0.0952332052135445
0.44814180741228177,0.8177637844028095,-1.2605987218983719,-1.1035086773849831,0.5689313698567884,-0.3154132860596195,0.8786041465826837,0.13949693187090167,0.3574121246193869,0.3756607412798468,-0.8222245486201912,0.2337321716870858,1.4056984563018011,-0.7385763881443317,0.8777127204413616,0.49528257256896596,1.8988167426666562,0.49036856985476884,-0.1898931475999777,2.442879125055383,0.38523238143707056,-0.8099861953940698,-0.03467924962055108,0.6001205374540188,-1.3221888465900478,0.7467465814501418,-1.1700762574275192,0.09717440317334197,2.3520128625691283,-0.5146411960704576,0.5466768072520352,-1.6008325481353174,-0.2555377215722735,-1.0612563671469557,-2.5163863519720615,0.6142093428670677,-0.3416823147924366,-1.998799363659135,1.524771823887939,-0.7450108915026467,0.07886400882696436,1.0331941097821542,-0.9446497885550449,0.11835859759774678,-0.8977143692798965
0.014373489935959686,0.3398886118300965,-0.3797409388782523,-0.6619690190867172,0.2055246622363645,-0.3305653501599749,0.13949693187090167,0.12926422321272216,-0.27210818544634235,0.23213946630434468,0.11967466988202659,0.27066065206225753,0.4017352913889007,0.158118807791012,0.016330342762290586,-0.47906203416999565,0.7379835025366154,0.20621486394326294,0.25332457032048944,0.2968762360750605,0.3738025396922954,-0.27531471475262204,-0.10051424574277645,0.07415161460737925,-0.17437641870316972,0.4178978586455305,-0.5769258800200617,-0.47305709186141354,-0.5039358468426283,0.04679335893870316,0.23867079052671492,-0.5674387989330631,-0.11003948921183662,-0.0701376986825349,0.044878644567495504,-0.11638974487217942,0.07861608404742926,0.27613698731041736,-0.07775476213091383,0.03349341301471291,0.07311163811832919,-0.08067749700206915,-0.04564842014626158,-0.05985466948973067,-0.07093378284207007
0.44289980584531385,-0.34049529145746316,0.05804409247191043,1.1438167510465371,-0.11244141793461071,0.7901808386447114,0.3574121246193869,-0.27210818544634235,1.2603317166334476,-0.4066706573203709,-1.2211725931530544,-0.6931553523985642,0.05952968342175247,-1.257296434623527,0.7983011248486048,2.094564674192853,-0.6391681890271793,-0.22236910159609793,-1.0237017932416435,1.4148302521715002,-0.8711771470062434,0.11521247340281612,0.3265705454203709,0.3016385687563067,-0.7437681569664738,-0.6701133918313336,0.7445552994180349,1.7029855429535272,3.9937748232839514,-0.7059981509421935,-0.24897775795247545,0.34166211902462046,0.07135987325794671,-0.7837167909364473,-2.608848390231812,1.0211481834018628,-0.598015572106078,-2.9176568645190493,1.7807191902929818,-0.7730921453345887,-0.17254609323360753,1.3098838306486407,-0.7917846869061114,0.3172013156856883,-0.6576227576496316
0.07567242447162675,0.6959381402731992,-0.8337327188478647,-1.2836088592521735,0.42598387763275153,-0.6028381585121355,0.3756607412798468,0.23213946630434468,-0.4066706573203709,0.44689537828740183,0.08504361325905578,0.49626273414451355,0.8783741653946111,0.15931415969574889,0.1591150573527154,-0.7377074052714068,1.5351040526796935,0.4242572723661425,0.3969346887400731,0.857717602012702,0.687502993885671,-0.5809615604974885,-0.18173986247983767,0.2246530274799679,-0.4805928130662831,0.8169141282793759,-1.1357655785066207,-0.7915985474848705,-0.504762977354253,0.015898278764238022,0.47976099496227315,-1.1977757611842896,-0.21034588977906174,-0.2811538082023311,-0.2975484826236281,-0.11439437007823902,0.08238594709598998,0.18134183883841895,0.0861809910449425,-0.0729716013995295,0.13657695249459176,0.00840123572076168,-0.21112183396287337,-0.08388184565837865,-0.24790835649559864
-0.6490920960718676,-0.2427932859177458,0.738261379995141,-0.21498084600051032,-0.2743314838814392,-0.42458411855207717,-0.8222245486201912,0.11967466988202659,-1.2211725931530544,0.08504361325905578,1.4872898340112446,0.4069576918951352,-0.9387535700040216,1.4597996700934563,-1.1802763170014612,-1.9698000707727124,-0.6768737330433697,-0.12780769900589697,0.9255875224087164,-2.6581353993027226,0.44637741823833227,0.42171418928371124,-0.2446048846379566,-0.6026907042991926,1.4292584981985748,0.06217918710008398,0.15914269859031344,-1.4162745761735338,-4.636936169759845,0.896698722358108,-0.1510881037111567,0.7313198047489358,0.11957196045037223,1.279208894733489,3.6414780513431175,-1.2033835106100144,0.6876330126654316,3.5747376940549005,-2.3749000154410376,1.0563124454686077,0.08867222834481142,-1.6941233425814788,1.2258488356215536,-0.3255343844555436,1.0890678910247378
-0.06291927277871599,0.6946567151686929,-0.7401038529781488,-1.4213552254063444,0.3959054685626841,-0.7342606409024117,0.2337321716870858,0.27066065206225753,-0.6931553523985642,0.49626273414451355,0.4069576918951352,0.6195556401489591,0.7390080462488287,0.4792736879071337,-0.07771573156241512,-1.2065412200266719,1.5052109166528362,0.4291000609434197,0.6190560906464829,0.35564949327829326,0.8301650437224681,-0.5315034181688543,-0.24950515920980199,0.1185523416661456,-0.2087976039160352,0.8884342210301878,-1.177419760860448,-1.1499495887749809,-1.5194605815023687,0.21232842696856064,0.48001706523714005,-1.129938083690951,-0.19377707731939087,-0.03403565434408036,0.44885141883172675,-0.3804693859854413,0.23335697688223564,0.9532901993160586,-0.4124367813836642,0.13547833749789417,0.1656714694571951,-0.3522131688263046,0.035137249505345476,-0.15865372458436391,-0.03360195153833584
0.6517273840750094,1.6488611873596566,-2.309591950235727,-2.5434352759066474,1.105592257499905,-0.9526432189490853,1.4056984563018011,0.4017352913889007,0.05952968342175247,0.8783741653946111,-0.9387535700040216,0.7390080462488287,2.558845697911799,-0.7605609214546092,1.2208429256920217,-0.07561138164670031,3.7412274486563,0.9890536098058903,0.14277296115894192,3.805026945345676,1.114302481408627,-1.5424134366750626,-0.19716969174004711,0.9224190742449235,-2.0890919948749866,1.6750038084730932,-2.517341740335376,-0.6030201732933254,2.4174869094330638,-0.6439584177566101,1.126063418849481,-3.072811566595451,-0.5375602519707954,-1.551010149686762,-3.360433394533878,0.6651370115426272,-0.3425961292002548,-2.3048307320748633,1.9671495166260229,-0.9403394676972181,0.22083726482500238,1.2921932589020455,-1.3671395522306367,0.06766765727927258,-1.3416576652787247
-0.6139461344740326,-0.11750037120250235,0.5773695879831181,-0.42776049478729444,-0.19244546321219858,-0.516635207147082,-0.7385763881443317,0.158118807791012,-1.257296434623527,0.15931415969574889,1.4597996700934563,0.4792736879071337,-0.7605609214546092,1.4466640592456381,-1.1213286438736692,-2.0414609642997594,-0.3983738015413222,-0.05284145130829455,0.9689649257358133,-2.4373753329221355,0.5519084199226669,0.3097495397943478,-0.2669222557661324,-0.5510164305888797,1.305204233531906,0.19989124097447683,-0.04281611491378609,-1.510733406673066,-4.595964227082612,0.8710027971461336,-0.06370686161174594,0.5074164143587748,0.07636531777772794,1.1979043497679267,3.491413026788224,-1.1874325316250627,0.682868200230576,3.504811938651406,-2.292833964485711,1.0207658125957517,0.10915896387721508,-1.6439218851176063,1.1545434462989357,-0.33087975519684054,1.0155225482613586
0.5649616300982968,0.5586193928886557,-1.0412969552031164,-0.4840066722718554,0.44194990939180495,0.041670470155236734,0.8777127204413616,0.016330342762290586,0.7983011248486048,0.1591150573527154,-1.1802763170014612,-0.07771573156241512,1.2208429256920217,-1.1213286438736692,1.056468359352421,1.2444684314931618,1.352416720892938,0.32568725843952845,-0.5612351629970428,2.630431247112848,-0.015299604965393291,-0.6441059236827692,0.1040387509394775,0.6193398945140742,-1.4200670172397294,0.3690675898028195,-0.7077739898928076,0.7569284038245006,3.564509108259577,-0.7233323899460569,0.36861533919795325,-1.2206415226687837,-0.19839837851436723,-1.2033367898076723,-3.1574921137302407,0.928399215448415,-0.52477630784828,-2.8488649028677595,1.99828078431769,-0.9210206732653026,-0.002034803184880812,1.3966483525029867,-1.1161322309165091,0.22522090140879875,-1.0228578889328508
0.6964383359435256,-0.6812232438930124,0.2578968496305129,2.0811284814869957,-0.26225206547775143,1.3810891582366411,0.49528257256896596,-0.47906203416999565,2.094564674192853,-0.7377074052714068,-1.9698000707727124,-1.2065412200266719,-0.07561138164670031,-2.0414609642997594,1.2444684314931618,3.49357055742984,-1.325060653644849,-0.43957962541685114,-1.7137699458676767,2.0942621345626713,-1.527490390353662,0.297449393752478,0.55926255149249,0.4356709455968453,-1.0966318887426136,-1.2318343677149897,1.4107205108138545,2.8793524221482345,6.483681452293764,-1.1345759716505153,-0.49131601602225455,0.7820544672854151,0.15243381823803964,-1.1962858976671256,-4.111615368412076,1.6567411026134955,-0.9721642199925815,-4.701953889186175,2.8313917010593297,-1.2171696323362655,-0.30297061392663965,2.0940561111044396,-1.225485422475881,0.5236024033357528,-1.0035684572419705
0.678572477763626,2.642502860223535,-3.4694578306347057,-4.435205236356399,1.6923513185556611,-1.8636095456834159,1.8988167426666562,0.7379835025366154,-0.6391681890271793,1.5351040526796935,-0.6768737330433697,1.5052109166528362,3.7412274486563,-0.3983738015413222,1.352416720892938,-1.325060653644849,5.930994615159739,1.6016975309324633,0.7964838338265057,4.8125140042706285,2.152778324498635,-2.3445128803375197,-0.49536818790557446,1.2158532608740902,-2.646933644395066,2.8709306858697343,-4.136063415829012,-1.8917598585599713,1.2746925949406678,-0.5192490859945068,1.803823777330524,-4.7574001635998115,-0.8095827860444839,-1.858781329207381,-3.4774708159887697,0.3779539243833261,-0.1623048984745855,-1.7095002912537958,1.8707525717084807,-0.9888372987701635,0.4299809245058396,1.1418092491884937,-1.557202598531265,-0.08343207204431545,-1.5990582013046735
0.1593240815919018,0.7155787370465939,-0.9239166148480588,-1.2251169283834682,0.4529940325168878,-0.5272810266862992,0.49036856985476884,0.20621486394326294,-0.22236910159609793,0.4242572723661425,-0.12780769900589697,0.4291000609434197,0.9890536098058903,-0.05284145130829455,0.32568725843952845,-0.43957962541685114,1.6016975309324633,0.4348255445261088,0.25379451650053736,1.217015140247846,0.6075961428714859,-0.6263738424444066,-0.14612620265491952,0.31156113376378125,-0.6698226254326471,0.7899533179534495,-1.1269554658209104,-0.5743135168318616,0.17078552808259026,-0.1063107960466017,0.48844998260921363,-1.2770620754483843,-0.21585414221745194,-0.4612513090995791,-0.8136733447064902,0.056257806967349715,-0.018005642716132798,-0.3298860745469848,0.4206596620059041,-0.2328602303697792,0.12153016093967582,0.2469305016461623,-0.3792100954587073,-0.03546424629013466,-0.39608450044687804
-0.3095120776205756,0.3995931332780743,-0.21691649304891789,-1.1207755549614533,0.17481998366814663,-0.7156043756726062,-0.1898931475999777,0.25332457032048944,-1.0237017932416435,0.3969346887400731,0.9255875224087164,0.6190560906464829,0.14277296115894192,0.9689649257358133,-0.5612351629970428,-1.7137699458676767,0.7964838338265057,0.25379451650053736,0.8463130360856226,-0.8712650958272427,0.7933311474470794,-0.20907504152880052,-0.27936616403423054,-0.18030175833095724,0.44982169188132615,0.6704741871952904,-0.7964880085798004,-1.4321660155864369,-3.078548329034815,0.5251573171297836,0.28745590893479717,-0.5055550475187336,-0.10116097441081921,0.525848683742532,1.8796443834884873,-0.7816941327851504,0.46242870310614487,2.206906759518465,-1.305072712642931,0.5656187944165887,0.15676093904371954,-0.9709289425810085,0.5433310633313821,-0.25367304763725573,0.4360193118855714
1.4103681980667007,2.0572385519829166,-3.3262184282569036,-2.522440034583707,1.497176126552054,-0.5615232912820755,2.442879125055383,0.2968762360750605,1.4148302521715002,0.857717602012702,-2.6581353993027226,0.35564949327829326,3.805026945345676,-2.4373753329221355,2.630431247112848,2.0942621345626713,4.8125140042706285,1.217015140247846,-0.8712650958272427,7.060265410477546,0.7139524864817365,-2.135162886010708,0.05021625344305987,1.6766240449242176,-3.8366573083458038,1.748120921871802,-2.8945820107154248,0.9054993489932077,7.746942845351844,-1.6775110040800494,1.3841265879612985,-4.143026581137146,-0.7025822414220296,-3.1016080866505704,-7.671256060269137,2.043643728162838,-1.1316602379630587,-6.441777157866351,4.7513959797054905,-2.2058065902890025,0.14276336931392694,3.2666638941383255,-2.832477601307638,0.4330351993761571,-2.6545724862946893
-0.02498254432597461,0.989908333571646,-1.089490919689862,-1.96808838910031,0.5793534392153916,-0.9940243344504056,0.38523238143707056,0.3738025396922954,-0.8711771470062434,0.687502993885671,0.44637741823833227,0.8301650437224681,1.114302481408627,0.5519084199226669,-0.015299604965393291,-1.527490390353662,2.152778324498635,0.6075961428714859,0.7933311474470794,0.7139524864817365,1.125386870988599,-0.7796659914696291,-0.32416555418456544,0.20621173210780766,-0.4134371765227823,1.2365651096431203,-1.667392795773692,-1.4889567606174698,-1.7514058779718595,0.215407901000815,0.6862640055583227,-1.6363447233367172,-0.2902680606554188,-0.14590777991330084,0.3364532403791095,-0.42906472403534957,0.27100880936218463,1.0383664733916653,-0.38032299559603794,0.11895745041625182,0.22344915915690958,-0.35060029807606946,-0.05332845571511747,-0.19548625418910223,-0.13770955797581505
-0.340050820679826,-1.0400624161205438,1.407076093015941,1.6786994544387233,-0.6828057152936409,0.6718428759540448,-0.8099861953940698,-0.27531471475262204,0.11521247340281612,-0.5809615604974885,0.42171418928371124,-0.5315034181688543,-1.5424134366750626,0.3097495397943478,-0.6441059236827692,0.297449393752478,-2.3445128803375197,-0.6263738424444066,-0.20907504152880052,-2.135162886010708,-0.7796659914696291,0.9479888669564341,0.15944410614641008,-0.5239112229549789,1.1754795451608506,-1.0954376590747632,1.6133758807253094,0.5705990431040991,-0.9852410797563936,0.3039764903987689,-0.7117236014343705,1.9032051825803364,0.33278341728034594,0.8463676365367483,1.7231416487131541,-0.2794675217201888,0.13578498308480028,1.0451264162324476,-0.9772854047659336,0.47916434679669573,-0.1546849789171587,-0.6248130855012295,0.7326965698111098,-0.0028927811658425078,0.7334765509902823
0.07280809352776905,-0.23174264391769503,0.21811258356429988,0.5210321535392886,-0.12008200388490212,0.28791943889595345,-0.03467924962055108,-0.10051424574277645,0.3265705454203709,-0.18173986247983767,-0.2446048846379566,-0.24950515920980199,-0.19716969174004711,-0.2669222557661324,0.1040387509394775,0.55926255149249,-0.49536818790557446,-0.14612620265491952,-0.27936616403423054,0.05021625344305987,-0.32416555418456544,0.15944410614641008,0.1084289581269888,-0.00836859306698427,-0.024356846546475366,-0.32051388103129275,0.40227144294516787,0.5056127916620544,0.8450970728276264,-0.14117167339005363,-0.1586561147811687,0.3555150007749935,0.05404396348758959,-0.06862607595007286,-0.3975722268329245,0.21878264618429719,-0.12813667240896967,-0.5789182006640704,0.3065401256406465,-0.1071011416588199,-0.06551122277049122,0.24059895374780363,-0.09581302769413438,0.07792474175864185,-0.06185472667045713
0.3112691611108327,0.5191051823025673,-0.8269714482984521,-0.6645871466988136,0.3651948759656963,-0.1641182683548035,0.6001205374540188,0.07415161460737925,0.3016385687563067,0.2246530274799679,-0.6026907042991926,0.1185523416661456,0.9224190742449235,-0.5510164305888797,0.6193398945140742,0.4356709455968453,1.2158532608740902,0.31156113376378125,-0.18030175833095724,1.6766240449242176,0.20621173210780766,-0.5239112229549789,-0.00836859306698427,0.4145887903421636,-0.9033567982240264,0.45484430982318846,-0.7234212152158996,0.15129174655108749,1.7555945767900014,-0.36973261921535805,0.3437972985886478,-1.0338059229159406,-0.15818704140245163,-0.7407864329265612,-1.7910254589755354,0.45371987146314974,-0.2560202601069313,-1.462592258757596,1.0920998604027479,-0.5385284974113186,0.04321543202627928,0.7443242648871832,-0.6597212968435326,0.09442841504530394,-0.6222223111315027
-0.7725137725852866,-1.1349353822477066,1.8195407213801007,1.4087695086478955,-0.826923002387519,0.32885937085611877,-1.3221888465900478,-0.17437641870316972,-0.7437681569664738,-0.4805928130662831,1.4292584981985748,-0.2087976039160352,-2.0890919948749866,1.305204233531906,-1.4200670172397294,-1.0966318887426136,-2.646933644395066,-0.6698226254326471,0.44982169188132615,-3.8366573083458038,-0.4134371765227823,1.1754795451608506,-0.024356846546475366,-0.9033567982240264,2.090434202943181,-0.9739779332240627,1.6129313237563396,-0.4588117920078633,-4.146157569420426,0.9109485329734271,-0.7675936040436484,2.2765090120437965,0.39637234153109724,1.6756665201018952,4.137216083324244,-1.1005642275949685,0.6052451692229551,3.464451324767696,-2.5647356956071325,1.1752391484649267,-0.08147318575342767,-1.7630874400068932,1.536310935970997,-0.2295755239853383,1.4414349384613727
0.17724497340890435,1.296768613789795,-1.583443670683322,-2.349406403084916,0.8003641722378597,-1.0818026780177876,0.7467465814501418,0.4178978586455305,-0.6701133918313336,0.8169141282793759,0.06217918710008398,0.8884342210301878,1.6750038084730932,0.19989124097447683,0.3690675898028195,-1.2318343677149897,2.8709306858697343,0.7899533179534495,0.6704741871952904,1.748120921871802,1.2365651096431203,-1.0954376590747632,-0.32051388103129275,0.45484430982318846,-0.9739779332240627,1.4997907196291473,-2.0978015052262178,-1.367844478937971,-0.6317678566698238,-0.02506909691519501,0.8917036545838024,-2.2522373078984756,-0.3915286800902911,-0.6010432310071689,-0.7817331123231445,-0.13545771607510476,0.10753068713922032,0.10692689942459829,0.3090917114368797,-0.20694222355769043,0.24604840589322774,0.12219276367300876,-0.46587008710730504,-0.1335698091800666,-0.5250535829880638
-0.3733603969038259,-1.8613704349639038,2.3382520527994277,3.2654493252005827,-1.1764974370032073,1.4550078398582194,-1.1700762574275192,-0.5769258800200617,0.7445552994180349,-1.1357655785066207,0.15914269859031344,-1.177419760860448,-2.517341740335376,-0.04281611491378609,-0.7077739898928076,1.4107205108138545,-4.136063415829012,-1.1269554658209104,-0.7964880085798004,-2.8945820107154248,-1.667392795773692,1.6133758807253094,0.40227144294516787,-0.7234212152158996,1.6129313237563396,-2.0978015052262178,2.990270682578826,1.6849567665872625,0.13569887921044188,0.19704588274576126,-1.2835801406900518,3.281676896980288,0.5868931047465695,1.0448052236487115,1.6871171305879638,-0.015451209578115268,-0.039692694472887737,0.4419122104731952,-0.8293074858352084,0.4371628935737552,-0.32975802153032246,-0.4564948205910457,0.8607545017609379,0.1347217274793096,0.9205138496831321
0.4426503336652977,-0.9114362432858596,0.7098779464234248,2.250622578479488,-0.44720094705341534,1.3334348545277113,0.09717440317334197,-0.47305709186141354,1.7029855429535272,-0.7915985474848705,-1.4162745761735338,-1.1499495887749809,-0.6030201732933254,-1.510733406673066,0.7569284038245006,2.8793524221482345,-1.8917598585599713,-0.5743135168318616,-1.4321660155864369,0.9054993489932077,-1.4889567606174698,0.5705990431040991,0.5056127916620544,0.15129174655108749,-0.4588117920078633,-1.367844478937971,1.6849567665872625,2.4930357819195628,4.795154548406532,-0.8017322294032364,-0.6400602753823009,1.2999342468753305,0.22951291129147663,-0.6437175933442943,-2.648312010252418,1.2215711458850427,-0.7231749293428932,-3.366813959463785,1.904778558882689,-0.7808614464606929,-0.29652644268139317,1.4452731844308324,-0.7158459221040508,0.41466298953238245,-0.5387190871973817
1.9460424185378526,0.3764394268676554,-1.8400703508288128,1.3534482276856101,0.6113604759813634,1.64010891722769,2.3520128625691283,-0.5039358468426283,3.9937748232839514,-0.504762977354253,-4.636936169759845,-1.5194605815023687,2.4174869094330638,-4.595964227082612,3.564509108259577,6.483681452293764,1.2746925949406678,0.17078552808259026,-3.078548329034815,7.746942845351844,-1.7514058779718595,-0.9852410797563936,0.8450970728276264,1.7555945767900014,-4.146157569420426,-0.6317678566698238,0.13569887921044188,4.795154548406532,14.602247454267957,-2.763206770809752,0.2028565993102171,-1.6180536567199515,-0.23883395506868513,-3.8097312897790063,-11.096358713227216,3.769862885265957,-2.1696001951303914,-11.132942481852048,7.283549072840565,-3.2507881785638717,-0.34584188154595097,5.221124369013769,-3.6676674745981352,1.051016922275128,-3.2263980902076583
-0.4142772206368486,-0.19958766682885176,0.5040508934871467,-0.03290513393015615,-0.20453587501593765,-0.2073682274248568,-0.5146411960704576,0.04679335893870316,-0.7059981509421935,0.015898278764238022,0.896698722358108,0.21232842696856064,-0.6439584177566101,0.8710027971461336,-0.7233323899460569,-1.1345759716505153,-0.5192490859945068,-0.1063107960466017,0.5251573171297836,-1.6775110040800494,0.215407901000815,0.3039764903987689,-0.14117167339005363,-0.36973261921535805,0.9109485329734271,-0.02506909691519501,0.19704588274576126,-0.8017322294032364,-2.763206770809752,0.554639071529487,-0.13307493894062883,0.5317057589937666,0.10314891245173456,0.7881397854263861,2.2212304539835865,-0.7274859906288204,0.40909570317841915,2.1567008954170546,-1.4499195150623945,0.6224006927712723,0.044539311301785435,-1.0328523296432082,0.7630362635891412,-0.19044259954336185,0.6821496064302248
0.19416072658603864,0.8080105804189947,-1.039938520648987,-1.3815301162261655,0.5168508979331095,-0.5967175421875267,0.5466768072520352,0.23867079052671492,-0.24897775795247545,0.47976099496227315,-0.1510881037111567,0.48001706523714005,1.126063418849481,-0.06370686161174594,0.36861533919795325,-0.49131601602225455,1.803823777330524,0.48844998260921363,0.28745590893479717,1.3841265879612985,0.6862640055583227,-0.7117236014343705,-0.1586561147811687,0.3437972985886478,-0.7675936040436484,0.8917036545838024,-1.2835801406900518,-0.6400602753823009,0.2028565993102171,-0.13307493894062883,0.5557309519107668,-1.4417345834968125,-0.2556550805476523,-0.5184456850301908,-0.924933599230228,0.07333311580620777,-0.021741464779880953,-0.3885269492826076,0.48660080142552303,-0.24815869884534306,0.13587839237855034,0.2891980317619301,-0.4356218568357864,-0.03919993191499549,-0.4535392260046219
-0.6249894233547976,-2.1126501357774914,2.8278309637073216,3.4632389015698104,-1.3706159781433003,1.411945313584904,-1.6008325481353174,-0.5674387989330631,0.34166211902462046,-1.1977757611842896,0.7313198047489358,-1.129938083690951,-3.072811566595451,0.5074164143587748,-1.2206415226687837,0.7820544672854151,-4.7574001635998115,-1.2770620754483843,-0.5055550475187336,-4.143026581137146,-1.6363447233367172,1.9032051825803364,0.3555150007749935,-1.0338059229159406,2.2765090120437965,-2.2522373078984756,3.281676896980288,1.2999342468753305,-1.6180536567199515,0.5317057589937666,-1.4417345834968125,3.842133999191372,0.6575509453955853,1.6311939219193676,3.219977116044884,-0.4596697933908594,0.2188772023087185,1.8227081143058141,-1.7900343346182037,0.9123344101142465,-0.3263906752282409,-1.1259585554840372,1.3902857359256255,0.02250922775796762,1.4048125836161072
-0.12461283706851638,-0.363873189035861,0.4760896067239619,0.6011962914284779,-0.243700980180779,0.25296256448133453,-0.2555377215722735,-0.11003948921183662,0.07135987325794671,-0.21034588977906174,0.11957196045037223,-0.19377707731939087,-0.5375602519707954,0.07636531777772794,-0.19839837851436723,0.15243381823803964,-0.8095827860444839,-0.21585414221745194,-0.10116097441081921,-0.7025822414220296,-0.2902680606554188,0.33278341728034594,0.05404396348758959,-0.15818704140245163,0.39637234153109724,-0.3915286800902911,0.5868931047465695,0.22951291129147663,-0.23883395506868513,0.10314891245173456,-0.2556550805476523,0.6575509453955853,0.13305362776604304,0.26290418180253156,0.523252323047446,-0.08120645194922409,0.03163090174967282,0.29825785814370337,-0.30037528633955224,0.11970921902646961,-0.05552458785608499,-0.19162757937964914,0.23850519121649172,0.006632987308726431,0.2408371078867626
-0.6344279066185432,-0.7814537212284657,1.3484982018214766,0.8392452698772606,-0.5860727446987315,0.09617528093021427,-1.0612563671469557,-0.0701376986825349,-0.7837167909364473,-0.2811538082023311,1.279208894733489,-0.03403565434408036,-1.551010149686762,1.1979043497679267,-1.2033367898076723,-1.1962858976671256,-1.858781329207381,-0.4612513090995791,0.525848683742532,-3.1016080866505704,-0.14590777991330084,0.8463676365367483,-0.06862607595007286,-0.7407864329265612,1.6756665201018952,-0.6010432310071689,1.0448052236487115,-0.6437175933442943,-3.8097312897790063,0.7881397854263861,-0.5184456850301908,1.6311939219193676,0.26290418180253156,1.395964735034699,3.552488647164795,-0.9927424151989543,0.5589966850436161,3.093487372956811,-2.220242787821983,1.041186494246689,-0.030782047116279337,-1.5383805947850608,1.2782537642285754,-0.22829256986685811,1.1845825770643341
-1.6999747858633674,-1.4113657126797525,2.82449466595345,0.9348969769000128,-1.1720339498926775,-0.3806151064246433,-2.5163863519720615,0.044878644567495504,-2.608848390231812,-0.2975484826236281,3.6414780513431175,0.44885141883172675,-3.360433394533878,3.491413026788224,-3.1574921137302407,-4.111615368412076,-3.4774708159887697,-0.8136733447064902,1.8796443834884873,-7.671256060269137,0.3364532403791095,1.7231416487131541,-0.3975722268329245,-1.7910254589755354,4.137216083324244,-0.7817331123231445,1.6871171305879638,-2.648312010252418,-11.096358713227216,2.2212304539835865,-0.924933599230228,3.219977116044884,0.523252323047446,3.552488647164795,9.513871951610087,-2.8868270107677336,1.63700327237079,8.779274218306485,-6.068282867940529,2.7719681661644717,0.06452562145874827,-4.264354093892379,3.3212139695251177,-0.7231509535002993,3.0204339197239043
0.5205282300816405,0.12144261690360468,-0.5014142394589151,0.307569745313023,0.17831917081895524,0.402038567651866,0.6142093428670677,-0.11638974487217942,1.0211481834018628,-0.11439437007823902,-1.2033835106100144,-0.3804693859854413,0.6651370115426272,-1.1874325316250627,0.928399215448415,1.6567411026134955,0.3779539243833261,0.056257806967349715,-0.7816941327851504,2.043643728162838,-0.42906472403534957,-0.2794675217201888,0.21878264618429719,0.45371987146314974,-1.1005642275949685,-0.13545771607510476,-0.015451209578115268,1.2215711458850427,3.769862885265957,-0.7274859906288204,0.07333311580620777,-0.4596697933908594,-0.08120645194922409,-0.9927424151989543,-2.8868270107677336,0.9811822254051284,-0.5597917355895026,-2.889792128419243,1.8988233642599983,-0.8283236355002039,-0.0861102416072698,1.3613964831187002,-0.9635788075857793,0.2698227245182914,-0.8495506573845183
-0.286578327660137,-0.04375143662379739,0.25801584597586524,-0.22234094805463547,-0.08311168189272475,-0.25309288184661166,-0.3416823147924366,0.07861608404742926,-0.598015572106078,0.08238594709598998,0.6876330126654316,0.23335697688223564,-0.3425961292002548,0.682868200230576,-0.52477630784828,-0.9721642199925815,-0.1623048984745855,-0.018005642716132798,0.46242870310614487,-1.1316602379630587,0.27100880936218463,0.13578498308480028,-0.12813667240896967,-0.2560202601069313,0.6052451692229551,0.10753068713922032,-0.039692694472887737,-0.7231749293428932,-2.1696001951303914,0.40909570317841915,-0.021741464779880953,0.2188772023087185,0.03163090174967282,0.5589966850436161,1.63700327237079,-0.5597917355895026,0.32248759784876435,1.6505652228698309,-1.0763259182527345,0.4799582364928721,0.053517596837310444,-0.7724522352088216,0.5390939352293043,-0.15697591950680378,0.4731671473971267
-1.5655179066414524,-0.6207167499321462,1.8205125883523072,-0.4502099849883873,-0.6822764695260635,-0.9903916087914717,-1.998799363659135,0.27613698731041736,-2.9176568645190493,0.18134183883841895,3.5747376940549005,0.9532901993160586,-2.3048307320748633,3.504811938651406,-2.8488649028677595,-4.701953889186175,-1.7095002912537958,-0.3298860745469848,2.206906759518465,-6.441777157866351,1.0383664733916653,1.0451264162324476,-0.5789182006640704,-1.462592258757596,3.464451324767696,0.10692689942459829,0.4419122104731952,-3.366813959463785,-11.132942481852048,2.1567008954170546,-0.3885269492826076,1.8227081143058141,0.29825785814370337,3.093487372956811,8.779274218306485,-2.889792128419243,1.6505652228698309,8.593186522187983,-5.719702019103279,2.5466914962075924,0.20620974551637586,-4.077255965991143,2.960980420336334,-0.7790453414712221,2.633760535540608
1.093492026963563,0.7440482655827915,-1.618427006452609,-0.29500647363863786,0.6599531980317421,0.3873703360457483,1.524771823887939,-0.07775476213091383,1.7807191902929818,0.0861809910449425,-2.3749000154410376,-0.4124367813836642,1.9671495166260229,-2.292833964485711,1.99828078431769,2.8313917010593297,1.8707525717084807,0.4206596620059041,-1.305072712642931,4.7513959797054905,-0.38032299559603794,-0.9772854047659336,0.3065401256406465,1.0920998604027479,-2.5647356956071325,0.3090917114368797,-0.8293074858352084,1.904778558882689,7.283549072840565,-1.4499195150623945,0.48660080142552303,-1.7900343346182037,-0.30037528633955224,-2.220242787821983,-6.068282867940529,1.8988233642599983,-1.0763259182527345,-5.719702019103279,3.903716073284394,-1.7529998425019135,-0.07559570374924901,2.7581200774397083,-2.098693008013755,0.48701965958958754,-1.8948069618159764
-0.4637717377109722,-0.39469849249418537,0.8136961374184795,0.24221280744975776,-0.31957359681012715,-0.13219058987706936,-0.7450108915026467,0.03349341301471291,-0.7730921453345887,-0.0729716013995295,1.0563124454686077,0.13547833749789417,-0.9403394676972181,1.0207658125957517,-0.9210206732653026,-1.2171696323362655,-0.9888372987701635,-0.2328602303697792,0.5656187944165887,-2.2058065902890025,0.11895745041625182,0.47916434679669573,-0.1071011416588199,-0.5385284974113186,1.1752391484649267,-0.20694222355769043,0.4371628935737552,-0.7808614464606929,-3.2507881785638717,0.6224006927712723,-0.24815869884534306,0.9123344101142465,0.11970921902646961,1.041186494246689,2.7719681661644717,-0.8283236355002039,0.4799582364928721,2.5466914962075924,-1.7529998425019135,0.8469553296920487,0.0196967670133456,-1.2281686175368367,0.9522056947708246,-0.2128632136115414,0.865459310225603
-0.007137349319676172,0.1972162371357458,-0.21818223426783506,-0.3917617512231536,0.11449999161330882,-0.19710690245592108,0.07886400882696436,0.07311163811832919,-0.17254609323360753,0.13657695249459176,0.08867222834481142,0.1656714694571951,0.22083726482500238,0.10915896387721508,-0.002034803184880812,-0.30297061392663965,0.4299809245058396,0.12153016093967582,0.15676093904371954,0.14276336931392694,0.22344915915690958,-0.1546849789171587,-0.06551122277049122,0.04321543202627928,-0.08147318575342767,0.24604840589322774,-0.32975802153032246,-0.29652644268139317,-0.34584188154595097,0.044539311301785435,0.13587839237855034,-0.3263906752282409,-0.05552458785608499,-0.030782047116279337,0.06452562145874827,-0.0861102416072698,0.053517596837310444,0.20620974551637586,-0.07559570374924901,0.0196967670133456,0.044640406578696605,-0.07011847130890997,-0.010369384175024372,-0.038739859279448056,-0.027247511441634665
0.7699860883793359,0.4446307034949863,-1.0465204186765926,-0.05652933763148361,0.41869482673311204,0.3452159797639295,1.0331941097821542,-0.08067749700206915,1.3098838306486407,0.00840123572076168,-1.6941233425814788,-0.3522131688263046,1.2921932589020455,-1.6439218851176063,1.3966483525029867,2.0940561111044396,1.1418092491884937,0.2469305016461623,-0.9709289425810085,3.2666638941383255,-0.35060029807606946,-0.6248130855012295,0.24059895374780363,0.7443242648871832,-1.7630874400068932,0.12219276367300876,-0.4564948205910457,1.4452731844308324,5.221124369013769,-1.0328523296432082,0.2891980317619301,-1.1259585554840372,-0.19162757937964914,-1.5383805947850608,-4.264354093892379,1.3613964831187002,-0.7724522352088216,-4.077255965991143,2.7581200774397083,-1.2281686175368367,-0.07011847130890997,1.9556116569671884,-1.4636916259545878,0.35509845372643944,-1.3145873040225056
-0.6085590489503493,-0.6512255575013424,1.1643020432668836,0.6309510642967282,-0.5075885880274795,0.01842652387847084,-0.9446497885550449,-0.04564842014626158,-0.7917846869061114,-0.21112183396287337,1.2258488356215536,0.035137249505345476,-1.3671395522306367,1.1545434462989357,-1.1161322309165091,-1.225485422475881,-1.557202598531265,-0.3792100954587073,0.5433310633313821,-2.832477601307638,-0.05332845571511747,0.7326965698111098,-0.09581302769413438,-0.6597212968435326,1.536310935970997,-0.46587008710730504,0.8607545017609379,-0.7158459221040508,-3.6676674745981352,0.7630362635891412,-0.4356218568357864,1.3902857359256255,0.23850519121649172,1.2782537642285754,3.3212139695251177,-0.9635788075857793,0.5390939352293043,2.960980420336334,-2.098693008013755,0.9522056947708246,-0.010369384175024372,-1.4636916259545878,1.1894616564952107,-0.22670986903635773,1.0950557800746652
0.12467017800045502,-0.05147327199230593,-0.03285113754543985,0.23449959719934466,-0.005373766653765678,0.17848391719764767,0.11835859759774678,-0.05985466948973067,0.3172013156856883,-0.08388184565837865,-0.3255343844555436,-0.15865372458436391,0.06766765727927258,-0.33087975519684054,0.22522090140879875,0.5236024033357528,-0.08343207204431545,-0.03546424629013466,-0.25367304763725573,0.4330351993761571,-0.19548625418910223,-0.0028927811658425078,0.07792474175864185,0.09442841504530394,-0.2295755239853383,-0.1335698091800666,0.1347217274793096,0.41466298953238245,1.051016922275128,-0.19044259954336185,-0.03919993191499549,0.02250922775796762,0.006632987308726431,-0.22829256986685811,-0.7231509535002993,0.2698227245182914,-0.15697591950680378,-0.7790453414712221,0.48701965958958754,-0.2128632136115414,-0.038739859279448056,0.35509845372643944,-0.22670986903635773,0.08092220023404999,-0.19253431985882555
-0.5553364353688177,-0.6756477054255488,1.1545422712558828,0.7343613693611861,-0.5110505906858606,0.0952332052135445,-0.8977143692798965,-0.07093378284207007,-0.6576227576496316,-0.24790835649559864,1.0890678910247378,-0.03360195153833584,-1.3416576652787247,1.0155225482613586,-1.0228578889328508,-1.0035684572419705,-1.5990582013046735,-0.39608450044687804,0.4360193118855714,-2.6545724862946893,-0.13770955797581505,0.7334765509902823,-0.06185472667045713,-0.6222223111315027,1.4414349384613727,-0.5250535829880638,0.9205138496831321,-0.5387190871973817,-3.2263980902076583,0.6821496064302248,-0.4535392260046219,1.4048125836161072,0.2408371078867626,1.1845825770643341,3.0204339197239043,-0.8495506573845183,0.4731671473971267,2.633760535540608,-1.8948069618159764,0.865459310225603,-0.027247511441634665,-1.3145873040225056,1.0950557800746652,-0.19253431985882555,1.015176036066749
