V1,V2,V3,V4,V5,V6,V7,V8,V9,V10,V11,V12,V13,V14,V15,V16,V17,V18,V19,V20,V21,V22,V23,V24,V25,V26,V27,V28,V29,V30,V31,V32,V33,V34,V35,V36,V37,V38,V39,V40,V41,V42,V43,V44
13.967372891729433,59.41661601646455,-76.75738852765204,-102.58574898396952,37.41992309966693,-44.356280126904124,40.59800301798328,17.60949723962109,-18.482413925399854,35.22420076282463,-10.645634114643178,35.429072477279476,82.86087814030272,-3.8421979965991158,26.890932992899042,-37.115791914030865,133.63974306515829,35.804393781374195,20.87226860508641,101.58899104198413,50.51978562443492,-52.441630872114,-11.738658723462418,25.739894083624126,-56.23810912468547,65.49373448622885,-94.29266900730956,-48.2187863625986,13.963590149694467,-9.440254771095253,40.561631068040576,-106.2624508319025,-18.42203781069857,-38.89159647586624,-67.35345921154408,4.959877758667658,-1.8172964623831436,-27.724952118839337,34.89325392623779,-18.896534262411137,9.863944197936227,20.50883243540502,-31.7834891223152,-2.9297328079593807
59.41661601646455,261.08491142567635,-335.8234585450124,-446.31784080599436,166.2205748089347,-192.4245726377295,176.696270767182,76.06921501900581,-81.91944319417917,154.98846722131577,-46.24207758784167,156.44163958761354,361.04857743965584,-18.93121331091074,117.97482800515334,-161.08017427801624,582.2475946294893,158.52664241987108,93.91296830478319,442.67760672326085,222.18573255428345,-228.4817148942138,-52.72002259103413,111.8758902767635,-244.42352536298637,288.56305509848136,-412.5201475850149,-208.9059073943134,59.47166736578953,-39.76166985204206,178.99561025943564,-464.9779528634537,-80.49130740744937,-166.0453139692366,-294.4393994287364,21.06437990467452,-5.884700993147933,-119.34843370282998,153.16091716521524,-81.49755932671052,44.40082226173635,90.23428149627468,-138.15060515921923,-13.321142786723671
-76.75738852765204,-335.8234585450124,432.2910443414479,574.868670262919,-213.61243229615638,248.078097838255,-227.74442626760884,-98.0418086858119,105.38064618548196,-199.45148402489625,59.63714383309601,-201.1375417152556,-465.0006632146655,24.111792943527423,-151.79322702844408,207.50926941836545,-749.9999663172395,-203.70051591441697,-120.5459898125095,-570.1726778866393,-285.8493208490962,294.3492146093632,67.69386241893356,-144.00612391974312,314.9383526325653,-371.066405802171,531.0716807132002,269.3204871963645,-76.83948167569385,51.40511939741324,-230.12944268152617,598.6287498747969,103.583366598944,214.34279479036155,379.09543128975986,-27.054976852813652,7.830637871082681,153.92650170797336,-197.13673994996438,105.0966414403129,-56.967409952480025,-116.11950820778839,178.03472094623734,16.963073927208015
-102.58574898396952,-446.31784080599436,574.868670262919,765.3390987190859,-283.23479070720623,330.2636426023579,-302.95621753404487,-130.7407445558338,139.6806955718411,-264.86585206482175,79.37194281601532,-267.0536603203643,-618.7927975962089,31.30301267950939,-201.7690706175232,276.43688335674426,-998.0139093377982,-270.39038198926306,-159.4016612936456,-758.7322950371973,-379.7143216075888,391.6167450645118,89.53422754289879,-191.90339987548842,419.24117023847555,-492.8829661632659,706.1731639901742,358.67844169270103,-102.66919902524103,68.88172043830394,-305.5978355096861,795.9304061191087,137.81834541925303,286.4041657062374,504.1443709381461,-36.38545817874975,11.148493099555154,205.32130726233402,-261.90395476085865,140.11520169548277,-75.33511921529788,-154.1884635785952,236.97259809751864,22.556386040834745
37.41992309966693,166.2205748089347,-213.61243229615638,-283.23479070720623,106.41935728672125,-122.24242636347522,112.43618781504203,48.10630957088117,-52.5324509775474,98.93700469742372,-29.408370303602965,99.84517214854009,229.36540234332702,-12.682782716553556,75.09858550584146,-102.04778356183982,370.00520843646405,101.15879810528962,60.47767747952158,281.2916602248585,141.71002438300252,-145.2794421998512,-33.954696403870315,70.79027837217198,-155.20116077672074,183.980840105027,-262.5209276192384,-132.55383555770808,37.467203049616444,-24.84942430632802,114.17062569431403,-295.99187371417867,-51.130391633482205,-104.53386564544323,-187.34325873662124,12.969444177169066,-3.1225085215503,-75.39754804512174,97.68184372590069,-51.575094050172694,28.594639360624527,57.596260616879455,-87.76091849490638,-8.381232556365568
-44.356280126904124,-192.4245726377295,248.078097838255,330.2636426023579,-122.24242636347522,142.8452441398329,-131.06068563241445,-56.37063222855324,60.45383585848227,-114.43312117893063,34.341567118360615,-115.18323826240474,-267.1385162339262,13.596597191866454,-87.02479029356661,119.22034512897096,-430.99684552758794,-116.48175517753228,-68.85359504468369,-327.627663637258,-163.944305641552,169.2266220391224,38.71644637530738,-82.58666556377445,181.11095648221726,-212.56330610638784,304.8869215676015,155.03391257328087,-44.38492799943712,29.688777095981735,-131.77752663030444,343.71192977817043,59.41910305818085,123.58597882074802,217.69018620052972,-15.384999863892418,4.730649414408103,88.61216785328851,-113.16658584573176,60.51607345385483,-32.530707336784175,-66.61832170401603,102.38805520948301,9.466190870861414
40.59800301798328,176.696270767182,-227.74442626760884,-302.95621753404487,112.43618781504203,-131.06068563241445,120.38792895711424,51.692578008989926,-55.60999011946661,105.16160389701133,-31.533293040869957,105.82095897844366,245.1644006960507,-12.6946511901309,79.94668781865145,-109.2977022654261,395.55444841273857,107.01622259033076,63.42519730411924,300.6276045678485,150.57382775947502,-155.32877425991788,-35.61795369006496,75.70559873000762,-166.1462360723463,195.23506519581306,-279.883519800022,-142.23284652333462,40.64981190191541,-27.141155780283526,121.01489682343754,-315.5534013133205,-54.528182617752336,-113.16436046975726,-199.83090744766395,14.006223742004881,-4.140381010888635,-81.21331823658404,103.96336651367211,-55.49584553783145,29.958612535590277,61.237198481198135,-94.01711930511556,-8.668588338847387
17.60949723962109,76.06921501900581,-98.0418086858119,-130.7407445558338,48.10630957088117,-56.37063222855324,51.692578008989926,22.4294090333503,-23.670017302139343,45.069507056316716,-13.558629571741912,45.4409377671471,105.63870950536447,-5.148617218852232,34.42085480179655,-47.26011692245024,170.35639978364836,46.004145892836725,26.93925195169078,129.4861663232482,64.61744019170227,-66.80330089350396,-15.102039815240957,32.87756069994329,-71.55907608511122,83.91831328082962,-120.38054307416209,-61.282446846540715,17.633255509130045,-11.89149843014577,51.983758975358676,-135.65981215553043,-23.5345875448639,-49.2246825564012,-85.95410784104259,6.363830361869795,-2.082851569251461,-35.17783065842498,44.58071801515975,-23.994520159787555,12.731874693562112,26.234673300856162,-40.49867072838851,-3.8866220789087014
-18.482413925399854,-81.91944319417917,105.38064618548196,139.6806955718411,-52.5324509775474,60.45383585848227,-55.60999011946661,-23.670017302139343,26.037012224118257,-48.886935047919145,14.548788284312806,-49.24035046215632,-113.17061881759508,6.3297478030238015,-37.009208130396146,50.3004373618821,-182.64901835116027,-49.82656825461834,-29.91310255762252,-138.85085537839225,-69.97703751222521,71.7814060995417,16.829763605886118,-34.767578655026426,76.65343807639464,-90.7149374220163,129.59388815338596,65.48830649347457,-18.499534740944224,12.2192714044191,-56.307994731582845,146.14959148311408,25.177694556994147,51.489113516680725,92.48954112844677,-6.20164280689563,1.4779469431840095,37.17476816171696,-48.27290527820127,25.44411224137664,-14.134854215461173,-28.46118797354014,43.328921938668586,3.9963059630751383
35.22420076282463,154.98846722131577,-199.45148402489625,-264.86585206482175,98.93700469742372,-114.43312117893063,105.16160389701133,45.069507056316716,-48.886935047919145,92.24500893507187,-27.52570413310359,92.97368900027864,214.40403595850572,-11.492598482292479,70.05994796467415,-95.49636724873467,345.90109659823304,94.1218589224334,56.04117777740527,262.94204474919434,132.10716384154824,-135.821085030894,-31.478355383793172,66.19357311077519,-145.19300054899296,171.40861267933894,-245.11882638097563,-124.12892732281972,35.27222493205577,-23.471849227421693,106.33065552628743,-276.36512490558835,-47.74505918670752,-98.29567540240251,-174.9621748941553,12.187259074217598,-3.255208663095334,-70.73935577308286,91.1246483804584,-48.35153055385921,26.480205055682536,53.70188068292506,-82.10355706292214,-7.724697231098873
-10.645634114643178,-46.24207758784167,59.63714383309601,79.37194281601532,-29.408370303602965,34.341567118360615,-31.533293040869957,-13.558629571741912,14.548788284312806,-27.52570413310359,8.298933141912961,-27.687721265502024,-64.18507236731364,3.3008451684121325,-20.912592122141746,28.65978446948898,-103.62465852700933,-28.003981213848895,-16.561776658146645,-78.75250508265822,-39.391232242205575,40.677200521249254,9.305127475011881,-19.83470633217617,43.51027785022075,-51.075947425460775,73.28836106003473,37.2588307466294,-10.674373234576302,7.1350988217007965,-31.660612492181208,82.62329784150907,14.251851812373653,29.70186293938493,52.31710035687646,-3.6724127063836005,1.112908789689145,21.29157432229434,-27.197196670776,14.543680437781191,-7.8085433017988555,-16.018746461730682,24.63425073218401,2.2811490903468563
35.429072477279476,156.44163958761354,-201.1375417152556,-267.0536603203643,99.84517214854009,-115.18323826240474,105.82095897844366,45.4409377671471,-49.24035046215632,92.97368900027864,-27.687721265502024,93.85172521298195,216.11870263552615,-11.598360652871856,70.67734794493214,-96.31170853568761,348.5805043001816,95.09434181186778,56.56140354672345,265.02661599056916,133.24712481024693,-136.8212283966246,-31.764066602438643,66.862317870893,-146.28310830350387,173.0270943655722,-247.13627246698005,-124.97500519492341,35.463835715879995,-23.626204572902765,107.35908608734746,-278.598612037014,-48.18486537794722,-98.98734464652344,-176.38063200392068,12.446001120772205,-3.270257079771655,-71.2579584678924,91.83925847219932,-48.69236061669431,26.744751071795186,54.11877012548263,-82.67903700626947,-7.948249869196947
82.86087814030272,361.04857743965584,-465.0006632146655,-618.7927975962089,229.36540234332702,-267.1385162339262,245.1644006960507,105.63870950536447,-113.17061881759508,214.40403595850572,-64.18507236731364,216.11870263552615,500.4803927855915,-25.581591817550844,163.25241537473119,-223.39995369428252,807.1844500600827,218.78075859076273,129.23358925549897,613.6239336363749,307.2996441256343,-316.7976184792552,-72.57534093084624,155.04184210751114,-339.0552249802908,398.8203479991626,-571.2620637482038,-290.0735526704273,82.92567912175238,-55.54512147783605,247.2711169860077,-643.9265754589962,-111.47215223644932,-231.26168035030588,-407.8365956233201,29.217504391062185,-8.759812480637146,-165.89991665364704,211.99125693480096,-113.26240270253656,61.085162274443654,124.83263561150173,-191.6820156422672,-18.141070587413367
-3.8421979965991158,-18.93121331091074,24.111792943527423,31.30301267950939,-12.682782716553556,13.596597191866454,-12.6946511901309,-5.148617218852232,6.3297478030238015,-11.492598482292479,3.3008451684121325,-11.598360652871856,-25.581591817550844,2.055453293937571,-8.534946140077121,11.121620803561962,-41.35454221471344,-11.761304157606586,-7.54895836256332,-31.42390042323764,-16.35273051436649,16.311719359857562,4.235654627785874,-7.636337831272993,17.223369307175968,-21.198009458661804,29.72548592925957,14.60433176560105,-3.861458545965773,2.376047461531243,-13.205775742827203,33.58949377952759,5.702826431407527,10.72485981547796,21.174911884003876,-1.0725391850087764,-0.24904959574950092,8.005967648531156,-11.261164419547258,5.55546078770736,-3.568086462580768,-6.693707107629999,9.772797315331925,0.8865978442339927
26.890932992899042,117.97482800515334,-151.79322702844408,-201.7690706175232,75.09858550584146,-87.02479029356661,79.94668781865145,34.42085480179655,-37.009208130396146,70.05994796467415,-20.912592122141746,70.67734794493214,163.25241537473119,-8.534946140077121,53.34887510822966,-72.79825477625467,263.26041228137575,71.59262174989449,42.40796916930292,200.117429652146,100.39279793248487,-103.30865114734101,-23.78120918175635,50.57802020431279,-110.50845721912266,130.37133387695619,-186.4475331972406,-94.49605389499125,26.927189518881516,-18.00616958016497,80.83852912164164,-210.17313711715963,-36.396738199200726,-75.15075980968004,-133.09289558461558,9.522654160506635,-2.6765204596264756,-53.989143720814035,69.23379858202587,-36.8743720595387,20.047556458068286,40.794811945008966,-62.508021455302924,-5.989953548035913
-37.115791914030865,-161.08017427801624,207.50926941836545,276.43688335674426,-102.04778356183982,119.22034512897096,-109.2977022654261,-47.26011692245024,50.3004373618821,-95.49636724873467,28.65978446948898,-96.31170853568761,-223.39995369428252,11.121620803561962,-72.79825477625467,99.92537029480137,-360.302683712133,-97.54491624502728,-57.33528953271049,-273.9347393453793,-136.95247593400006,141.34957111731123,32.2121266884062,-69.37417427302935,151.38172926419685,-177.80511562467782,254.8646677747256,129.51719846075892,-37.1469863651119,24.987929813584156,-110.2481752478104,287.2184604039121,49.74456376336797,103.66129795070097,181.94623374674353,-13.263634045897998,4.204688894134281,74.25040743369097,-94.44608934330299,50.632179813230586,-27.089733415208478,-55.588610661356086,85.54342710318775,8.201248052825369
133.63974306515829,582.2475946294893,-749.9999663172395,-998.0139093377982,370.00520843646405,-430.99684552758794,395.55444841273857,170.35639978364836,-182.64901835116027,345.90109659823304,-103.62465852700933,348.5805043001816,807.1844500600827,-41.35454221471344,263.26041228137575,-360.302683712133,1302.0486016813516,352.8222881632976,208.5170977294443,989.796682308853,495.6829838990218,-511.05134380973965,-117.12864625992238,249.93711181436205,-546.8947083574748,643.2008116257767,-921.4698782574268,-467.91429345109304,133.77120949791205,-89.55372546434162,398.8039282270767,-1038.7091449414115,-179.70964698350463,-372.9294022828829,-657.8461929079992,46.94138674958143,-14.051949114221978,-267.5379561013662,341.9715515312189,-182.66488584816358,98.53179369060159,201.36766854084433,-309.2154009188774,-29.1689688596973
35.804393781374195,158.52664241987108,-203.70051591441697,-270.39038198926306,101.15879810528962,-116.48175517753228,107.01622259033076,46.004145892836725,-49.82656825461834,94.1218589224334,-28.003981213848895,95.09434181186778,218.78075859076273,-11.761304157606586,71.59262174989449,-97.54491624502728,352.8222881632976,96.43117208520562,57.31286490254836,268.2706869400875,134.92421555339354,-138.44408019498593,-32.17008175962702,67.77150402917711,-148.03151382593674,175.31382511106898,-250.2180487407892,-126.41582874200586,35.84985998057836,-23.911384248446467,108.79917476304459,-282.0442082356772,-48.80422079994909,-100.15448918745317,-178.55868922702362,12.705993685955745,-3.297992012673367,-72.12604982884565,92.95572300822757,-49.263732094541815,27.0950935112372,54.790726355080174,-83.65141883152977,-8.168824234907875
20.87226860508641,93.91296830478319,-120.5459898125095,-159.4016612936456,60.47767747952158,-68.85359504468369,63.42519730411924,26.93925195169078,-29.91310255762252,56.04117777740527,-16.561776658146645,56.56140354672345,129.23358925549897,-7.54895836256332,42.40796916930292,-57.33528953271049,208.5170977294443,57.31286490254836,34.61230309672797,158.5260984129618,80.21727738975748,-81.93336270622669,-19.445196423622356,39.70355132346601,-87.41052107396969,104.10844097292802,-148.21619599730542,-74.5669496068167,20.9023756259576,-13.747250815929723,64.66121418330806,-167.16175723742919,-28.81169028154341,-58.2724564194947,-105.74920207584609,7.055834075246943,-1.3835782126161043,-42.22412805982633,55.280773790211875,-28.91865754035024,16.364701881234037,32.625244881449134,-49.41162616941954,-4.6851085173923215
101.58899104198413,442.67760672326085,-570.1726778866393,-758.7322950371973,281.2916602248585,-327.627663637258,300.6276045678485,129.4861663232482,-138.85085537839225,262.94204474919434,-78.75250508265822,265.02661599056916,613.6239336363749,-31.42390042323764,200.117429652146,-273.9347393453793,989.796682308853,268.2706869400875,158.5260984129618,752.4801581578722,376.8687416038318,-388.489693913147,-89.07836032730168,190.0290263827464,-415.76742155537977,489.04123172634894,-700.5466377737004,-355.6783083204193,101.66273960479857,-68.05824984228744,303.24390960262946,-789.6626435347673,-136.6303813351145,-283.4636316378915,-500.12080068881573,35.71330939053983,-10.696845562420515,-203.36532319566467,259.9695819617014,-138.84766609288553,74.92242122253798,153.06810021505174,-235.00828388677542,-22.20146353313519
50.51978562443492,222.18573255428345,-285.8493208490962,-379.7143216075888,141.71002438300252,-163.944305641552,150.57382775947502,64.61744019170227,-69.97703751222521,132.10716384154824,-39.391232242205575,133.24712481024693,307.2996441256343,-16.35273051436649,100.39279793248487,-136.95247593400006,495.6829838990218,134.92421555339354,80.21727738975748,376.8687416038318,189.34257781701595,-194.61726580732702,-45.087164706904304,94.97585235431687,-208.10867734438872,245.7203758002893,-351.29810551884424,-177.86165859541285,50.5373029676141,-33.66703147174489,152.44043075386506,-396.0307591572841,-68.46688107871117,-140.96259568068385,-250.75064877314523,17.60082371562672,-4.7823842681420805,-101.41319061332148,130.55184965046348,-69.3072458265359,37.939101202553005,76.90421207352934,-117.60317880251684,-11.142063012273512
-52.441630872114,-228.4817148942138,294.3492146093632,391.6167450645118,-145.2794421998512,169.2266220391224,-155.32877425991788,-66.80330089350396,71.7814060995417,-135.821085030894,40.677200521249254,-136.8212283966246,-316.7976184792552,16.311719359857562,-103.30865114734101,141.34957111731123,-511.05134380973965,-138.44408019498593,-81.93336270622669,-388.489693913147,-194.61726580732702,200.63902443487967,46.04405894009451,-97.97722697681449,214.6786073393073,-252.4480160965195,361.7076998078296,183.67920701661527,-52.48101886335731,35.09116842747745,-156.53341515119044,407.75054619279325,70.5086433365385,146.23905802245793,258.23337760034104,-18.28189768561156,5.4404240572164495,104.95238960942277,-134.28726287011256,71.67483075983075,-38.72034485693924,-79.07202223026997,121.37095487604034,11.35447376710316
-11.738658723462418,-52.72002259103413,67.69386241893356,89.53422754289879,-33.954696403870315,38.71644637530738,-35.61795369006496,-15.102039815240957,16.829763605886118,-31.478355383793172,9.305127475011881,-31.764066602438643,-72.57534093084624,4.235654627785874,-23.78120918175635,32.2121266884062,-117.12864625992238,-32.17008175962702,-19.445196423622356,-89.07836032730168,-45.087164706904304,46.04405894009451,10.960670470905075,-22.26296102627016,49.13296124734879,-58.46902736125516,83.2804329810242,41.89715810502839,-11.736946228551387,7.7047918046872255,-36.3349963860543,93.92551432887302,16.167184585223165,32.700310139454444,59.41856058645579,-3.915023894151835,0.7829672932396594,23.7025712546096,-31.06354662564305,16.234529654095752,-9.198976255993479,-18.317981686916518,27.726217787398095,2.596394636476389
25.739894083624126,111.8758902767635,-144.00612391974312,-191.90339987548842,70.79027837217198,-82.58666556377445,75.70559873000762,32.87756069994329,-34.767578655026426,66.19357311077519,-19.83470633217617,66.862317870893,155.04184210751114,-7.636337831272993,50.57802020431279,-69.37417427302935,249.93711181436205,67.77150402917711,39.70355132346601,190.0290263827464,94.97585235431687,-97.97722697681449,-22.26296102627016,48.33401979001715,-104.9669340197661,123.4562848055104,-176.7808570744164,-89.79462031397719,25.76362333022506,-17.378077228533936,76.52145413085256,-199.1969212337835,-34.59595316416178,-72.0346767445548,-126.20333483203662,9.432067153303347,-2.9786115118600858,-51.54691339240545,65.46117583441469,-35.14425935035356,18.776188381314316,38.52897622794192,-59.3366688783089,-5.833954815292048
-56.23810912468547,-244.42352536298637,314.9383526325653,419.24117023847555,-155.20116077672074,181.11095648221726,-166.1462360723463,-71.55907608511122,76.65343807639464,-145.19300054899296,43.51027785022075,-146.28310830350387,-339.0552249802908,17.223369307175968,-110.50845721912266,151.38172926419685,-546.8947083574748,-148.03151382593674,-87.41052107396969,-415.76742155537977,-208.10867734438872,214.6786073393073,49.13296124734879,-104.9669340197661,229.7959667225241,-269.9767945005701,386.9693295163725,196.62859728013,-56.2659885428601,37.68944067832375,-167.3960485322611,436.1978553493792,75.47432981668483,156.82563398510206,276.27944797809215,-19.720138363064187,6.039278075632161,112.46580957335205,-143.58867232844872,76.7736652969489,-41.31152596964868,-84.53119206576186,129.8679326353787,12.186720952915941
65.49373448622885,288.56305509848136,-371.066405802171,-492.8829661632659,183.980840105027,-212.56330610638784,195.23506519581306,83.91831328082962,-90.7149374220163,171.40861267933894,-51.075947425460775,173.0270943655722,398.8203479991626,-21.198009458661804,130.37133387695619,-177.80511562467782,643.2008116257767,175.31382511106898,104.10844097292802,489.04123172634894,245.7203758002893,-252.4480160965195,-58.46902736125516,123.4562848055104,-269.9767945005701,319.08480565037365,-455.9027367796345,-230.68339208808564,65.53301969476392,-43.71421741867597,197.95486935087513,-513.9126092389347,-88.9214125299151,-182.95871345208877,-325.39328351420585,23.081108234373804,-6.230123593090905,-131.6195361491192,169.36625268423745,-89.92657916190325,49.240847726029344,99.78544585385583,-152.57467602553706,-14.667688351500773
-94.29266900730956,-412.5201475850149,531.0716807132002,706.1731639901742,-262.5209276192384,304.8869215676015,-279.883519800022,-120.38054307416209,129.59388815338596,-245.11882638097563,73.28836106003473,-247.13627246698005,-571.2620637482038,29.72548592925957,-186.4475331972406,254.8646677747256,-921.4698782574268,-250.2180487407892,-148.21619599730542,-700.5466377737004,-351.29810551884424,361.7076998078296,83.2804329810242,-176.7808570744164,386.9693295163725,-455.9027367796345,652.5403256535011,330.9136416612069,-94.36559847774885,63.06159286822308,-282.757059141019,735.5782695046147,127.22562714612809,263.1544203637682,465.81031123809635,-33.05323864312465,9.52286976630791,189.01566735563392,-242.28552891112395,129.0879852321344,-70.0571964271881,-142.69468347786133,218.7248204206615,20.717532947973304
-48.2187863625986,-208.9059073943134,269.3204871963645,358.67844169270103,-132.55383555770808,155.03391257328087,-142.23284652333462,-61.282446846540715,65.48830649347457,-124.12892732281972,37.2588307466294,-124.97500519492341,-290.0735526704273,14.60433176560105,-94.49605389499125,129.51719846075892,-467.91429345109304,-126.41582874200586,-74.5669496068167,-355.6783083204193,-177.86165859541285,183.67920701661527,41.89715810502839,-89.79462031397719,196.62859728013,-230.68339208808564,330.9136416612069,168.34140131278488,-48.2570561901102,32.346436602872465,-142.9868948860156,373.02279769444687,64.54433828158871,134.4294618188518,236.2805371142634,-16.87467496910098,5.282860951527027,96.32560054842347,-122.77084042812484,65.75663563365049,-35.23109651205907,-72.27284350064895,111.18048920142853,10.35112388449181
13.963590149694467,59.47166736578953,-76.83948167569385,-102.66919902524103,37.467203049616444,-44.38492799943712,40.64981190191541,17.633255509130045,-18.499534740944224,35.27222493205577,-10.674373234576302,35.463835715879995,82.92567912175238,-3.861458545965773,26.927189518881516,-37.1469863651119,133.77120949791205,35.84985998057836,20.9023756259576,101.66273960479857,50.5373029676141,-52.48101886335731,-11.736946228551387,25.76362333022506,-56.2659885428601,65.53301969476392,-94.36559847774885,-48.2570561901102,13.989428354026305,-9.464468546349032,40.587247600323586,-106.35138368892216,-18.42775375330278,-38.935665765856264,-67.40018331660283,4.966688833331286,-1.8035765125507521,-27.76095198745194,34.91459958031215,-18.909970594638317,9.858970404521656,20.53554650547476,-31.830607284956567,-2.9490875990736
-9.440254771095253,-39.76166985204206,51.40511939741324,68.88172043830394,-24.84942430632802,29.688777095981735,-27.141155780283526,-11.89149843014577,12.2192714044191,-23.471849227421693,7.1350988217007965,-23.626204572902765,-55.54512147783605,2.376047461531243,-18.00616958016497,24.987929813584156,-89.55372546434162,-23.911384248446467,-13.747250815929723,-68.05824984228744,-33.66703147174489,35.09116842747745,7.7047918046872255,-17.378077228533936,37.68944067832375,-43.71421741867597,63.06159286822308,32.346436602872465,-9.464468546349032,6.481549205429116,-27.0618408371909,71.03489103438885,12.350852413706953,26.388360517105404,45.04653226725821,-3.4986517077814248,1.408191578647779,18.735624102622527,-23.252445044000783,12.723174134976242,-6.478961402554738,-13.666731819260098,21.319720481612148,2.043384716400112
40.561631068040576,178.99561025943564,-230.12944268152617,-305.5978355096861,114.17062569431403,-131.77752663030444,121.01489682343754,51.983758975358676,-56.307994731582845,106.33065552628743,-31.660612492181208,107.35908608734746,247.2711169860077,-13.205775742827203,80.83852912164164,-110.2481752478104,398.8039282270767,108.79917476304459,64.66121418330806,303.24390960262946,152.44043075386506,-156.53341515119044,-36.3349963860543,76.52145413085256,-167.3960485322611,197.95486935087513,-282.757059141019,-142.9868948860156,40.587247600323586,-27.0618408371909,122.84854637064807,-318.7341951771187,-55.12984863112783,-113.3083305127643,-201.80015898050914,14.277199901960778,-3.8077693997212423,-81.56507862417249,105.05050154658807,-55.71468831742101,30.577489890998155,61.894250643463764,-94.55859360202243,-9.113859953076942
-106.2624508319025,-464.9779528634537,598.6287498747969,795.9304061191087,-295.99187371417867,343.71192977817043,-315.5534013133205,-135.65981215553043,146.14959148311408,-276.36512490558835,82.62329784150907,-278.598612037014,-643.9265754589962,33.58949377952759,-210.17313711715963,287.2184604039121,-1038.7091449414115,-282.0442082356772,-167.16175723742919,-789.6626435347673,-396.0307591572841,407.75054619279325,93.92551432887302,-199.1969212337835,436.1978553493792,-513.9126092389347,735.5782695046147,373.02279769444687,-106.35138368892216,71.03489103438885,-318.7341951771187,829.2142298789852,143.4021434213843,296.5217189828341,525.0912179976082,-37.16507623657292,10.650352933487138,213.0104397012959,-273.157079622449,145.4916934602204,-79.00742009397541,-160.88547381151224,246.56206558629975,23.29653200297667
-18.42203781069857,-80.49130740744937,103.583366598944,137.81834541925303,-51.130391633482205,59.41910305818085,-54.528182617752336,-23.5345875448639,25.177694556994147,-47.74505918670752,14.251851812373653,-48.18486537794722,-111.47215223644932,5.702826431407527,-36.396738199200726,49.74456376336797,-179.70964698350463,-48.80422079994909,-28.81169028154341,-136.6303813351145,-68.46688107871117,70.5086433365385,16.167184585223165,-34.59595316416178,75.47432981668483,-88.9214125299151,127.22562714612809,64.54433828158871,-18.42775375330278,12.350852413706953,-55.12984863112783,143.4021434213843,24.87173943752744,51.46032772646399,90.82935165589129,-6.586132901705845,1.9372942233318335,36.921320487821234,-47.20885991595334,25.20871561907346,-13.633186669044573,-27.80052807912301,42.656860281405635,4.099464268235939
-38.89159647586624,-166.0453139692366,214.34279479036155,286.4041657062374,-104.53386564544323,123.58597882074802,-113.16436046975726,-49.2246825564012,51.489113516680725,-98.29567540240251,29.70186293938493,-98.98734464652344,-231.26168035030588,10.72485981547796,-75.15075980968004,103.66129795070097,-372.9294022828829,-100.15448918745317,-58.2724564194947,-283.4636316378915,-140.96259568068385,146.23905802245793,32.700310139454444,-72.0346767445548,156.82563398510206,-182.95871345208877,263.1544203637682,134.4294618188518,-38.935665765856264,26.388360517105404,-113.3083305127643,296.5217189828341,51.46032772646399,108.58262078810353,187.94012823807728,-14.075811642186554,5.075252395744659,77.3988296473479,-97.31497370930809,52.71909460474314,-27.517441175195614,-57.22967180374488,88.6964580216721,8.405155754777548
-67.35345921154408,-294.4393994287364,379.09543128975986,504.1443709381461,-187.34325873662124,217.69018620052972,-199.83090744766395,-85.95410784104259,92.48954112844677,-174.9621748941553,52.31710035687646,-176.38063200392068,-407.8365956233201,21.174911884003876,-133.09289558461558,181.94623374674353,-657.8461929079992,-178.55868922702362,-105.74920207584609,-500.12080068881573,-250.75064877314523,258.23337760034104,59.41856058645579,-126.20333483203662,276.27944797809215,-325.39328351420585,465.81031123809635,236.2805371142634,-67.40018331660283,45.04653226725821,-201.80015898050914,525.0912179976082,90.82935165589129,187.94012823807728,332.52636955655424,-23.599417752183147,6.837973882210625,134.9685219230327,-172.95252127105564,92.17836456318518,-49.98843033277885,-101.85533644466778,156.16371228342413,14.760485751943976
4.959877758667658,21.06437990467452,-27.054976852813652,-36.38545817874975,12.969444177169066,-15.384999863892418,14.006223742004881,6.363830361869795,-6.20164280689563,12.187259074217598,-3.6724127063836005,12.446001120772205,29.217504391062185,-1.0725391850087764,9.522654160506635,-13.263634045897998,46.94138674958143,12.705993685955745,7.055834075246943,35.71330939053983,17.60082371562672,-18.28189768561156,-3.915023894151835,9.432067153303347,-19.720138363064187,23.081108234373804,-33.05323864312465,-16.87467496910098,4.966688833331286,-3.4986517077814248,14.277199901960778,-37.16507623657292,-6.586132901705845,-14.075811642186554,-23.599417752183147,2.203427346204885,-0.8998126877474858,-9.923892582751945,12.080576374096163,-6.704680936082232,3.345901142418414,7.09285854780263,-11.137032788305522,-1.3159804587821027
-1.8172964623831436,-5.884700993147933,7.830637871082681,11.148493099555154,-3.1225085215503,4.730649414408103,-4.140381010888635,-2.082851569251461,1.4779469431840095,-3.255208663095334,1.112908789689145,-3.270257079771655,-8.759812480637146,-0.24904959574950092,-2.6765204596264756,4.204688894134281,-14.051949114221978,-3.297992012673367,-1.3835782126161043,-10.696845562420515,-4.7823842681420805,5.4404240572164495,0.7829672932396594,-2.9786115118600858,6.039278075632161,-6.230123593090905,9.52286976630791,5.282860951527027,-1.8035765125507521,1.408191578647779,-3.8077693997212423,10.650352933487138,1.9372942233318335,5.075252395744659,6.837973882210625,-0.8998126877474858,0.8098610002298008,3.3504629135174264,-3.314480774506207,2.2010061493474127,-0.6522029429719078,-1.892954399834507,3.3807392093833344,0.3609764868031225
-27.724952118839337,-119.34843370282998,153.92650170797336,205.32130726233402,-75.39754804512174,88.61216785328851,-81.21331823658404,-35.17783065842498,37.17476816171696,-70.73935577308286,21.29157432229434,-71.2579584678924,-165.89991665364704,8.005967648531156,-53.989143720814035,74.25040743369097,-267.5379561013662,-72.12604982884565,-42.22412805982633,-203.36532319566467,-101.41319061332148,104.95238960942277,23.7025712546096,-51.54691339240545,112.46580957335205,-131.6195361491192,189.01566735563392,96.32560054842347,-27.76095198745194,18.735624102622527,-81.56507862417249,213.0104397012959,36.921320487821234,77.3988296473479,134.9685219230327,-9.923892582751945,3.3504629135174264,55.33075052938761,-69.99451074551328,37.706187081007165,-19.935982966228195,-41.192045378296505,63.5854530637499,6.024701348581487
34.89325392623779,153.16091716521524,-197.13673994996438,-261.90395476085865,97.68184372590069,-113.16658584573176,103.96336651367211,44.58071801515975,-48.27290527820127,91.1246483804584,-27.197196670776,91.83925847219932,211.99125693480096,-11.261164419547258,69.23379858202587,-94.44608934330299,341.9715515312189,92.95572300822757,55.280773790211875,259.9695819617014,130.55184965046348,-134.28726287011256,-31.06354662564305,65.46117583441469,-143.58867232844872,169.36625268423745,-242.28552891112395,-122.77084042812484,34.91459958031215,-23.252445044000783,105.05050154658807,-273.157079622449,-47.20885991595334,-97.31497370930809,-172.95252127105564,12.080576374096163,-3.314480774506207,-69.99451074551328,90.05635793240846,-47.84221553525961,26.136053521378827,53.055535839200765,-81.17479881964516,-7.610772013384797
-18.896534262411137,-81.49755932671052,105.0966414403129,140.11520169548277,-51.575094050172694,60.51607345385483,-55.49584553783145,-23.994520159787555,25.44411224137664,-48.35153055385921,14.543680437781191,-48.69236061669431,-113.26240270253656,5.55546078770736,-36.8743720595387,50.632179813230586,-182.66488584816358,-49.263732094541815,-28.91865754035024,-138.84766609288553,-69.3072458265359,71.67483075983075,16.234529654095752,-35.14425935035356,76.7736652969489,-89.92657916190325,129.0879852321344,65.75663563365049,-18.909970594638317,12.723174134976242,-55.71468831742101,145.4916934602204,25.20871561907346,52.71909460474314,92.17836456318518,-6.704680936082232,2.2010061493474127,37.706187081007165,-47.84221553525961,25.728121478461738,-13.664973099900118,-28.157248095554326,43.42197537285418,4.0750811866560355
9.863944197936227,44.40082226173635,-56.967409952480025,-75.33511921529788,28.594639360624527,-32.530707336784175,29.958612535590277,12.731874693562112,-14.134854215461173,26.480205055682536,-7.8085433017988555,26.744751071795186,61.085162274443654,-3.568086462580768,20.047556458068286,-27.089733415208478,98.53179369060159,27.0950935112372,16.364701881234037,74.92242122253798,37.939101202553005,-38.72034485693924,-9.198976255993479,18.776188381314316,-41.31152596964868,49.240847726029344,-70.0571964271881,-35.23109651205907,9.858970404521656,-6.478961402554738,30.577489890998155,-79.00742009397541,-13.633186669044573,-27.517441175195614,-49.98843033277885,3.345901142418414,-0.6522029429719078,-19.935982966228195,26.136053521378827,-13.664973099900118,7.754303254587935,15.415943291795745,-23.34232421539009,-2.2145543612650735
20.50883243540502,90.23428149627468,-116.11950820778839,-154.1884635785952,57.596260616879455,-66.61832170401603,61.237198481198135,26.234673300856162,-28.46118797354014,53.70188068292506,-16.018746461730682,54.11877012548263,124.83263561150173,-6.693707107629999,40.794811945008966,-55.588610661356086,201.36766854084433,54.790726355080174,32.625244881449134,153.06810021505174,76.90421207352934,-79.07202223026997,-18.317981686916518,38.52897622794192,-84.53119206576186,99.78544585385583,-142.69468347786133,-72.27284350064895,20.53554650547476,-13.666731819260098,61.894250643463764,-160.88547381151224,-27.80052807912301,-57.22967180374488,-101.85533644466778,7.09285854780263,-1.892954399834507,-41.192045378296505,53.055535839200765,-28.157248095554326,15.415943291795745,31.274876536523745,-47.803948174137254,-4.490327887789405
-31.7834891223152,-138.15060515921923,178.03472094623734,236.97259809751864,-87.76091849490638,102.38805520948301,-94.01711930511556,-40.49867072838851,43.328921938668586,-82.10355706292214,24.63425073218401,-82.67903700626947,-191.6820156422672,9.772797315331925,-62.508021455302924,85.54342710318775,-309.2154009188774,-83.65141883152977,-49.41162616941954,-235.00828388677542,-117.60317880251684,121.37095487604034,27.726217787398095,-59.3366688783089,129.8679326353787,-152.57467602553706,218.7248204206615,111.18048920142853,-31.830607284956567,21.319720481612148,-94.55859360202243,246.56206558629975,42.656860281405635,88.6964580216721,156.16371228342413,-11.137032788305522,3.3807392093833344,63.5854530637499,-81.17479881964516,43.42197537285418,-23.34232421539009,-47.803948174137254,73.50190716317186,6.880536014799265
-2.9297328079593807,-13.321142786723671,16.963073927208015,22.556386040834745,-8.381232556365568,9.466190870861414,-8.668588338847387,-3.8866220789087014,3.9963059630751383,-7.724697231098873,2.2811490903468563,-7.948249869196947,-18.141070587413367,0.8865978442339927,-5.989953548035913,8.201248052825369,-29.1689688596973,-8.168824234907875,-4.6851085173923215,-22.20146353313519,-11.142063012273512,11.35447376710316,2.596394636476389,-5.833954815292048,12.186720952915941,-14.667688351500773,20.717532947973304,10.35112388449181,-2.9490875990736,2.043384716400112,-9.113859953076942,23.29653200297667,4.099464268235939,8.405155754777548,14.760485751943976,-1.3159804587821027,0.3609764868031225,6.024701348581487,-7.610772013384797,4.0750811866560355,-2.2145543612650735,-4.490327887789405,6.880536014799265,0.8928404186999531
