V1,V2,V3,V4,V5,V6,V7,V8,V9,V10,V11,V12,V13,V14,V15,V16,V17,V18,V19,V20,V21,V22,V23,V24,V25,V26,V27,V28,V29,V30,V31,V32,V33,V34,V35,V36,V37,V38,V39,V40,V41,V42,V43,V44
1.0081211366518854,1.390731949281784,-1.1149793284442586,-0.6446117397206111,-0.6914280027613244,-1.4748728389597485,0.28350260324268495,-0.11264280612290226,1.9997625446259135,0.7375525487288022,-0.6268873087575767,0.1681531826705848,-0.709588018745016,-0.27890148565009676,-0.06600790112710266,0.422430999905941,-0.41647516743374025,-1.9252163088979397,-3.6205737442058803,-1.1117697673721436,-1.2817838916596,-0.09087732428106454,0.9414146716670541,-1.3329947379921159,-0.7998180915884003,-0.27688956686070926,-0.6980520401211119,-0.5743787037693665,0.19412180424341008,0.2327656381061684,-1.8886511765564888,1.1969011560801854,-1.0691834965214289,-0.3149172583554127,-0.6216552242782579,0.005764145705841621,0.592702816425428,-1.8126999230209673,-2.0611891606646044,-1.3495299039388173,1.1768217904521243,1.6962553036719978,2.8196913837792468,-1.3430773857353102
1.390731949281784,3.860754418195684,-2.723999812356505,-1.9338442300816279,-2.409362780604793,-2.6359796298760583,0.5044222200227119,-0.8059277622772782,4.430393372879405,1.6156106867889382,0.1781005397054271,1.4200981178637961,-1.9389993328708284,-0.5295351892480145,0.19405834713583517,1.5851386015368,-0.7029715629081468,-4.5894717992571525,-6.723038923139465,-1.4594384324546752,-1.8944752825326245,-0.09062045091840283,1.3461044595614078,-4.376464563613963,-3.0435873619174285,0.052796461150806606,-1.7506570902049758,-1.0851114999660296,0.33587895760008407,1.0776921661548418,-4.732272844426996,1.8569439320572223,-2.719971094570622,-1.1208988517312788,-2.4354702701188673,-0.715202336882224,1.000317336404451,-3.599388374033348,-4.560074076092906,-2.9373778852779515,3.0520663496612106,3.6654593741564634,6.663996712245417,-3.61982009636519
-1.1149793284442586,-2.723999812356505,2.085038454969645,1.3278817526774274,1.5938275279055396,2.020018452027628,-0.39835822440274354,0.6641984492836535,-3.244574291762057,-1.1374532007325364,0.06690904998717215,-1.0040505652680023,1.3950729217944045,0.15141965213121128,-0.13707972374962987,-1.0930336175604185,0.5667587783826965,3.2526081786982046,5.0084229187644045,1.1435260896103256,1.5475581517691253,-0.044224027709445377,-1.0177239922997487,3.1727071031640364,2.123622288300342,0.037221548752980636,1.1745306189112221,0.7894481014552799,-0.20327721537264037,-0.798284958473083,3.4048437319998035,-1.4602202466067475,1.9676385056760364,0.6793544657795624,1.705186078335608,0.39409973541612686,-0.819978788271924,2.5989019604857497,3.325767000161716,2.148692829206724,-2.2575086904952077,-2.7713718161400855,-4.768748816592038,2.539562208820292
-0.6446117397206111,-1.9338442300816279,1.3278817526774274,0.9968119457133321,1.2381754626583035,1.3062457120726203,-0.2749339759291437,0.3765816392664209,-2.1499087847035807,-0.7765993427059139,-0.10405149335801404,-0.6784808305740081,0.9838358581165422,0.32609986015405246,-0.03934091778755468,-0.7688931485920889,0.34512245945398584,2.294574709464842,3.323534694764267,0.7346024886255429,0.912389473649697,0.10680155689209528,-0.669745236853827,2.149416977110881,1.5169887018750294,-0.05601722588396717,0.8761941108113765,0.5826746142493496,-0.15119624522875685,-0.49261630733764344,2.3347536894521372,-0.8863445217365579,1.318934961089663,0.5617716661149293,1.1716386212853744,0.35211480643473775,-0.4901110542791271,1.774006684297411,2.223036474151143,1.435129611464317,-1.4774908789127361,-1.7422631189099536,-3.292684887171717,1.7799369928280542
-0.6914280027613244,-2.409362780604793,1.5938275279055396,1.2381754626583035,1.622914707546318,1.4451963953215181,-0.2528738285206913,0.4832135616552831,-2.6468988961409132,-0.9875840887131944,-0.3755295453560273,-0.957499208850409,1.207454151963702,0.4413981811800921,-0.1642546449798465,-1.0462334558001742,0.3648528134649804,2.8131293535195527,3.8272971781217273,0.7136895861091697,0.9711645522118069,0.11601906833342568,-0.7058828361443935,2.75191276883243,1.9854633055571613,-0.12946267958194652,1.1416898797808035,0.6354361943092985,-0.21824533078150138,-0.6809190997033655,2.9088048643104605,-0.972129813415931,1.6701342897413853,0.7880349969041273,1.596582484531499,0.5795455609050147,-0.5205259901201913,2.120194604332202,2.717959590745398,1.7334523937455266,-1.843541182745749,-2.1188019073184554,-4.074598763726779,2.2788049041110665
-1.4748728389597485,-2.6359796298760583,2.020018452027628,1.3062457120726203,1.4451963953215181,2.6093432440239117,-0.6575824358950257,0.3178929892248987,-3.2623410631252288,-1.1159184577262211,0.9840060996320632,-0.36833310233404376,1.3567280006738363,0.5482656530590613,0.3526536658941402,-0.6950301748035869,0.7359630878674436,3.509907712466827,6.201566183785224,1.9218681855564639,2.1026096365980256,0.34487366356630456,-1.59270635355939,2.4689910190265563,1.5763179320848222,0.2755862805379226,1.1660516683050324,1.2877931641399776,-0.18275636326018274,-0.3104652259547814,3.299881913985098,-1.9498238405281312,1.7847182680928495,0.4559641521610825,1.0299223210413198,-0.12010027028870236,-1.0587128559013261,3.025003777476384,3.404781378735293,2.3151787773918544,-2.0097739937838113,-2.7160128542243225,-4.863423525856289,2.298480853133719
0.28350260324268495,0.5044222200227119,-0.39835822440274354,-0.2749339759291437,-0.2528738285206913,-0.6575824358950257,0.26673377434944656,-0.03468806741709727,0.5042185532518634,0.11571228196359039,-0.43855712223446297,-0.08582023085927667,-0.28473627183456357,-0.1462503656714021,-0.2993836911316614,-0.023920383582565277,-0.20724254012762075,-0.7244966357158176,-1.4079210422003803,-0.5815012233746338,-0.5125120816286804,-0.1939817391115026,0.4281846271560094,-0.31376737140488237,-0.18191603894631936,-0.056587220208528854,-0.1527488613453176,-0.4683489033035976,-0.04924387114674918,-0.09679786198540533,-0.55084207551593245,0.44440549887164327,-0.234564729904989,0.049801880085976406,0.03797115417694605,0.23838419432926133,0.29052659384574425,-0.5881746275487584,-0.5597841267131399,-0.452313192603398,0.2908189294274066,0.4087151774896043,0.8316179207371176,-0.3043216210464307
-0.11264280612290226,-0.8059277622772782,0.6641984492836535,0.3765816392664209,0.4832135616552831,0.3178929892248987,-0.03468806741709727,0.4265058427998776,-0.8327979309602549,-0.27048077078951893,-0.3716334360609793,-0.6093550251620254,0.4002598441800005,-0.25205277089154754,-0.23307508362930726,-0.46350853949639265,0.09539011025231607,0.7622643962475263,0.7954732947348098,-0.0408658144665508,0.17067571614623842,-0.22775972292735347,-7.213814846416753e-4,1.2441040985962961,0.8531398365753797,-0.12392317711805846,0.2525270932337818,0.021824020295720416,-0.01667027916391712,-0.45828571242592725,0.9596120592448493,-0.18253207663283247,0.6073314710054569,0.21135052019756193,0.7661366553346555,0.2749585274282641,-0.1462660595969226,0.4617134710778042,0.8331576268457496,0.5104558554578712,-0.751190376804344,-0.7906582840861022,-1.1999271828695868,0.7626681200966093
1.9997625446259135,4.430393372879405,-3.244574291762057,-2.1499087847035807,-2.6468988961409132,-3.2623410631252288,0.5042185532518634,-0.8327979309602549,5.5629154341145775,2.080875900527826,-0.06468463950790972,1.53409627636384,-2.242047383187951,-0.5801574929687305,0.3688204738007159,1.8735287041665694,-0.8817627357187275,-5.4164166557265245,-8.426728254630559,-1.9049786807255575,-2.55852987741304,0.010487277543412717,1.7580247401522913,-5.0506154097681915,-3.4093720928333044,-0.1789588202644461,-2.1466158068115706,-1.1481729406185672,0.5238388793431719,1.3038121592356053,-5.690183373108888,2.4618106578856827,-3.324539400565976,-1.3588867845105699,-2.8680456808757424,-0.8521966036796028,1.2555170637528794,-4.518913136681807,-5.678663440939261,-3.5982372812650834,3.693222353893373,4.6461861220462675,8.092540127471542,-4.3470915544843285
0.7375525487288022,1.6156106867889382,-1.1374532007325364,-0.7765993427059139,-0.9875840887131944,-1.1159184577262211,0.11571228196359039,-0.27048077078951893,2.080875900527826,0.8285475120510273,0.08177456280468613,0.6035237718105336,-0.7868774368178502,-0.272513260195897,0.23059354076516309,0.7479347527758712,-0.2805643409435767,-1.9727384651107867,-2.997994116265389,-0.6177469462048488,-0.858997824001768,0.032740366667735964,0.6093233713477582,-1.8652532183887998,-1.2751101349930016,-0.0634411357337465,-0.8322002751871764,-0.3181915779987672,0.2513158964467513,0.52671806572240365,-2.1065134572353084,0.8698620544567534,-1.2575482994755296,-0.5868942887384722,-1.1330512675301818,-0.4173778964127312,0.3983672478424066,-1.6758335922618461,-2.119536924538874,-1.316675568839912,1.3678653242971994,1.7270514940900987,3.011313060184487,-1.6573908906576125
-0.6268873087575767,0.1781005397054271,0.06690904998717215,-0.10405149335801404,-0.3755295453560273,0.9840060996320632,-0.43855712223446297,-0.3716334360609793,-0.06468463950790972,0.08177456280468613,1.565267286107069,0.9332442190995376,-0.028823148214504258,0.2697273950247834,0.7526019901481446,0.6572233512523153,0.33702657224292654,0.31781647698885246,1.8942527323034613,1.252178918005436,1.005084181271126,0.4331660302747871,-0.8805954454010425,-0.9620081106070052,-0.8549410712833766,0.4161983471711887,-0.1301172006833282,0.7702735051568196,0.10443942675876677,0.6717406777360161,-0.15962912237289034,-0.8266269644876374,-0.2587193449741955,-0.5004815447388046,-1.0431247572627884,-0.9198252249765941,-0.4745580935145826,0.5906958223293941,0.13753536520026274,0.2910542344449018,0.279285016079248,-0.059504804454488774,-0.05791587659691519,-0.4310323913332115
0.1681531826705848,1.4200981178637961,-1.0040505652680023,-0.6784808305740081,-0.957499208850409,-0.36833310233404376,-0.08582023085927667,-0.6093550251620254,1.53409627636384,0.6035237718105336,0.9332442190995376,1.120063367124329,-0.6582974811479928,0.189202734257503,0.5803511367553144,0.9522278915678065,-0.06302441004781428,-1.347235754316178,-1.2072349900665076,0.25020394132992024,-0.11459092661105807,0.3671002595625624,-0.07219573554576406,-2.1723638614298952,-1.5651621950948407,0.23740630273726193,-0.6017110388903225,0.14154427222292598,0.16182908882901736,0.8541884269434294,-1.7367893317156549,0.2141629689251349,-1.1282370149913103,-0.6114764340976189,-1.506216698751126,-0.7484613242981114,0.10447735673642308,-0.8683822373823149,-1.5308104842260146,-0.8673858325887162,1.30048684399358,1.3630851881536787,2.2436296689635276,-1.4881825165912173
-0.709588018745016,-1.9389993328708284,1.3950729217944045,0.9838358581165422,1.207454151963702,1.3567280006738363,-0.28473627183456357,0.4002598441800005,-2.242047383187951,-0.7868774368178502,-0.028823148214504258,-0.6582974811479928,1.046969145146112,0.23800889178238016,-0.02692908297177877,-0.7541756403079388,0.3970491186465021,2.313997211935266,3.464458972419742,0.8011337153617978,1.0344141035897527,0.07278612812301184,-0.6993266206891542,2.2096071086736746,1.5211922023152507,-0.00794317537349491,0.8930418447528995,0.6082974543448226,-0.13522138268123327,-0.5118241677993521,2.397563919966202,-0.9311938722593768,1.3580657862829797,0.5348091520006668,1.1785231049035558,0.3212777016656514,-0.5502609357744557,1.8111005078358764,2.295104709137861,1.4853053617873608,-1.5363011624200682,-1.8296152720300696,-3.3493264104980667,1.8091718533919643
-0.27890148565009676,-0.5295351892480145,0.15141965213121128,0.32609986015405246,0.4413981811800921,0.5482656530590613,-0.1462503656714021,-0.25205277089154754,-0.5801574929687305,-0.272513260195897,0.2697273950247834,0.189202734257503,0.23800889178238016,0.6718223993011078,0.2406529359580936,-0.05086742582108176,0.10515735710038696,0.8602160182695867,1.4597044941158257,0.5428961908529145,0.3788344562075929,0.4169804108510519,-0.4818185228152316,0.11335751792841713,0.15574505496134677,0.05478857247968176,0.3917019549267316,0.4319283285473601,-0.11107670929192942,0.19397134080026326,0.6047587080456429,-0.4020570070871814,0.2637053765702433,0.21644323882257788,-0.008972002286955851,-0.024213325505990375,-0.14033422444238977,0.7766873998820815,0.6416143090912799,0.45831080702899646,-0.18235162242719272,-0.2992936014109751,-1.0576206250292177,0.45756010007329034
-0.06600790112710266,0.19405834713583517,-0.13707972374962987,-0.03934091778755468,-0.1642546449798465,0.3526536658941402,-0.2993836911316614,-0.23307508362930726,0.3688204738007159,0.23059354076516309,0.7526019901481446,0.5803511367553144,-0.02692908297177877,0.2406529359580936,0.594249979110535,0.482486514705726,0.1469971826756629,0.006676770772006682,0.5390603665273295,0.5911927671813025,0.31387382045987094,0.39232452848784416,-0.36589828682955605,-0.717746829957007,-0.5284868586218391,0.09621940185498705,-0.15793749590671124,0.5329418325817621,0.15874741034805592,0.5040908084120874,-0.35850229641396675,-0.2019179853194954,-0.35729227555863335,-0.34063361722668845,-0.7511584862284679,-0.5652113119467383,-0.1901194671379382,0.032038982557351096,-0.31452747019238264,-0.04564337693683382,0.3850544309773366,0.38556900642697794,0.3941339176773473,-0.4492710222112679
0.422430999905941,1.5851386015368,-1.0930336175604185,-0.7688931485920889,-1.0462334558001742,-0.6950301748035869,-0.023920383582565277,-0.46350853949639265,1.8735287041665694,0.7479347527758712,0.6572233512523153,0.9522278915678065,-0.7541756403079388,-0.05086742582108176,0.482486514705726,0.939742260812068,-0.1454293154712704,-1.6963639616395854,-2.0443047629871915,-0.08879707228020768,-0.4363108438149907,0.22226614217955026,0.21223086062056823,-2.150343296901596,-1.5347096982139379,0.11744319114478342,-0.7706720592635917,-0.029205481941242763,0.2291048774787797,0.7529197677363898,-2.0062937026854466,0.4982048931734305,-1.252127040102269,-0.6750435458234109,-1.4469439801570902,-0.6918226798646538,0.21958278710222298,-1.2841778531511279,-1.8859899090149148,-1.0991725153440104,1.392071854645144,1.586508529744152,2.7401524230589698,-1.6641838154242632
-0.41647516743374025,-0.7029715629081468,0.5667587783826965,0.34512245945398584,0.3648528134649804,0.7359630878674436,-0.20724254012762075,0.09539011025231607,-0.8817627357187275,-0.2805643409435767,0.33702657224292654,-0.06302441004781428,0.3970491186465021,0.10515735710038696,0.1469971826756629,-0.1454293154712704,0.23577846240277095,0.9493597803292239,1.7370924069650775,0.5805256396979812,0.6241475895366477,0.09602858747616891,-0.4541494885925573,0.6594700367297032,0.40240346206918154,0.09387770671258282,0.3012722787636655,0.3956202990334949,-0.022657881173377383,-0.06861684388236244,0.887848877213416,-0.542493053126722,0.47126101934216097,0.08209142047526569,0.2352233532579237,-0.08669122226792336,-0.32477488692162837,0.8135607299782336,0.9150710027033429,0.640976353103091,-0.5447585430448979,-0.7378630704891022,-1.2841342809043004,0.5998066372321204
-1.9252163088979397,-4.5894717992571525,3.2526081786982046,2.294574709464842,2.8131293535195527,3.509907712466827,-0.7244966357158176,0.7622643962475263,-5.4164166557265245,-1.9727384651107867,0.31781647698885246,-1.347235754316178,2.313997211935266,0.8602160182695867,0.006676770772006682,-1.6963639616395854,0.9493597803292239,5.692570413185876,8.838991650151737,2.2086328007434854,2.6391365917356167,0.31524262171860673,-1.9631238871851566,4.879392936719559,3.348578096398384,0.10426554178642573,2.136823093434375,1.5757168680365037,-0.4171215049580261,-1.0393150086779575,5.679478044309864,-2.5483132177325225,3.2086883649976623,1.2397775779517666,2.5768058718781375,0.5872414580388312,-1.3477749580651817,4.619923603745698,5.593148786087775,3.6631622887329693,-3.5649679353730725,-4.443765831032748,-8.131944829948788,4.261069800021053
-3.6205737442058803,-6.723038923139465,5.0084229187644045,3.323534694764267,3.8272971781217273,6.201566183785224,-1.4079210422003803,0.7954732947348098,-8.426728254630559,-2.997994116265389,1.8942527323034613,-1.2072349900665076,3.464458972419742,1.4597044941158257,0.5390603665273295,-2.0443047629871915,1.7370924069650775,8.838991650151737,15.172977288999673,4.443396601474858,5.004950871628001,0.744357815360126,-3.763741254042344,6.560437459161039,4.281435692350226,0.6280887300143129,3.161799150728621,2.911039869276257,-0.6080470751230755,-1.0469989313444656,8.520749008256614,-4.666034327294183,4.701613661834194,1.4897910473922855,3.051303678315064,0.16142806835226034,-2.4736337610607904,7.603452411909183,8.737401548225527,5.827335788696945,-5.219443179673066,-6.946779582700374,-12.479700819125162,6.122152020568732
-1.1117697673721436,-1.4594384324546752,1.1435260896103256,0.7346024886255429,0.7136895861091697,1.9218681855564639,-0.5815012233746338,-0.0408658144665508,-1.9049786807255575,-0.6177469462048488,1.252178918005436,0.25020394132992024,0.8011337153617978,0.5428961908529145,0.5911927671813025,-0.08879707228020768,0.5805256396979812,2.2086328007434854,4.443396601474858,1.7033131788079967,1.632511731189998,0.4630646911103985,-1.3303027922516484,0.9587338850874915,0.5266735383135461,0.33582763934229287,0.6602424671773566,1.1257608342983378,-0.06602836173315656,0.15398218768223793,1.8403069725173655,-1.4593564842275926,0.9033284577578925,0.07970991061198242,0.10266385208109437,-0.46316191147991187,-0.8070135881001087,2.0317931935644165,2.022534677535377,1.4730657866264414,-1.004826359911477,-1.5375309179445718,-2.843046615411942,1.1575562834530602
-1.2817838916596,-1.8944752825326245,1.5475581517691253,0.912389473649697,0.9711645522118069,2.1026096365980256,-0.5125120816286804,0.17067571614623842,-2.55852987741304,-0.858997824001768,1.005084181271126,-0.11459092661105807,1.0344141035897527,0.3788344562075929,0.31387382045987094,-0.4363108438149907,0.6241475895366477,2.6391365917356167,5.004950871628001,1.632511731189998,1.8421836243926684,0.2671161304459097,-1.330107760528025,1.7219225183694313,1.0284570884091926,0.34239760467885016,0.8948002443836791,1.0325535865285864,-0.1428458132224787,-0.16060919079522137,2.4913684360802884,-1.6254126960053408,1.342531832700637,0.27787546057946855,0.6488138075191623,-0.20129225273429288,-0.8953972986748568,2.3883212601155175,2.645144185550813,1.7980681729317882,-1.5059908267167221,-2.1382135529979034,-3.7047822066255827,1.6868624691662601
-0.09087732428106454,-0.09062045091840283,-0.044224027709445377,0.10680155689209528,0.11601906833342568,0.34487366356630456,-0.1939817391115026,-0.22775972292735347,0.010487277543412717,0.032740366667735964,0.4331660302747871,0.3671002595625624,0.07278612812301184,0.4169804108510519,0.39232452848784416,0.22226614217955026,0.09602858747616891,0.31524262171860673,0.744357815360126,0.4630646911103985,0.2671161304459097,0.39706673815812077,-0.3424402223674456,-0.3495577318839406,-0.20730802360369122,0.05028686957301017,0.08178576294615544,0.4472156886688188,0.04131062608964878,0.3517154498021291,0.020696121905432012,-0.21738340649939952,-0.10417498885080026,-0.08365094658621221,-0.38800480894324735,-0.2791079247079711,-0.12868248803648952,0.27651126302065204,0.03364926082389301,0.1153635134738327,0.16149818423822362,0.14321778347209457,-0.16740491303229324,-0.06951305333360959
0.9414146716670541,1.3461044595614078,-1.0177239922997487,-0.669745236853827,-0.7058828361443935,-1.59270635355939,0.4281846271560094,-7.213814846416753e-4,1.7580247401522913,0.6093233713477582,-0.8805954454010425,-0.07219573554576406,-0.6993266206891542,-0.4818185228152316,-0.36589828682955605,0.21223086062056823,-0.4541494885925573,-1.9631238871851566,-3.763741254042344,-1.3303027922516484,-1.330107760528025,-0.3424402223674456,1.078501960128349,-1.006087550057074,-0.6033082195082926,-0.2551703914397896,-0.6404388822054015,-0.864174661195253,0.10977746394808824,-0.026250131778508958,-1.7113789297540094,1.2254459787039538,-0.8831722305755759,-0.1792952118408734,-0.2831486073068723,0.2461095817739495,0.6425759374171144,-1.7906099522744918,-1.852437929489609,-1.3010583041550903,0.9637244609148199,1.4239717731139898,2.6246267058583315,-1.1418821025198236
-1.3329947379921159,-4.376464563613963,3.1727071031640364,2.149416977110881,2.75191276883243,2.4689910190265563,-0.31376737140488237,1.2441040985962961,-5.0506154097681915,-1.8652532183887998,-0.9620081106070052,-2.1723638614298952,2.2096071086736746,0.11335751792841713,-0.717746829957007,-2.150343296901596,0.6594700367297032,4.879392936719559,6.560437459161039,0.9587338850874915,1.7219225183694313,-0.3495577318839406,-1.006087550057074,5.591220279110279,3.890516145944227,-0.21317275317305664,1.9573658353681491,0.6967688405176743,-0.4107871430253701,-1.7021252123189539,5.442045160408741,-1.7062241664656779,3.260687868106607,1.4447372428223393,3.371603740566248,1.2679558332566268,-0.9449579759065345,3.6907806625810538,5.128205512119572,3.1757044832319363,-3.7120779104327175,-4.285616567728523,-7.434166493564945,4.292962136687335
-0.7998180915884003,-3.0435873619174285,2.123622288300342,1.5169887018750294,1.9854633055571613,1.5763179320848222,-0.18191603894631936,0.8531398365753797,-3.4093720928333044,-1.2751101349930016,-0.8549410712833766,-1.5651621950948407,1.5211922023152507,0.15574505496134677,-0.5284868586218391,-1.5347096982139379,0.40240346206918154,3.348578096398384,4.281435692350226,0.5266735383135461,1.0284570884091926,-0.20730802360369122,-0.6033082195082926,3.890516145944227,2.7611912212119205,-0.22061446146101063,1.3789482830844422,0.4448952415576938,-0.2909893450053056,-1.1912206073533271,3.7337883814046524,-1.0529861900600899,2.236618540085909,1.0648741659705516,2.39377248501726,0.9708637591704256,-0.5760793394099487,2.4695952005161055,3.4648615830495038,2.1323358498966,-2.528641628870401,-2.8550599310937486,-5.090358021040347,2.986248117130319
-0.27688956686070926,0.052796461150806606,0.037221548752980636,-0.05601722588396717,-0.12946267958194652,0.2755862805379226,-0.056587220208528854,-0.12392317711805846,-0.1789588202644461,-0.0634411357337465,0.4161983471711887,0.23740630273726193,-0.00794317537349491,0.05478857247968176,0.09621940185498705,0.11744319114478342,0.09387770671258282,0.10426554178642573,0.6280887300143129,0.33582763934229287,0.34239760467885016,0.05028686957301017,-0.2551703914397896,-0.21317275317305664,-0.22061446146101063,0.1807581399571859,0.0268499582208027,0.11451445664266593,-0.03375016540683066,0.1188123149445363,0.04579675402541821,-0.2856546203026777,0.011823758032717286,-0.07075640529949172,-0.19288801181622012,-0.1724760042630914,-0.13039817513908417,0.2567686571622364,0.18048652020922235,0.13337254813788574,0.002765142980906347,-0.16206950371177664,-0.1565922125312746,-0.02638119652833043
-0.6980520401211119,-1.7506570902049758,1.1745306189112221,0.8761941108113765,1.1416898797808035,1.1660516683050324,-0.1527488613453176,0.2525270932337818,-2.1466158068115706,-0.8322002751871764,-0.1301172006833282,-0.6017110388903225,0.8930418447528995,0.3917019549267316,-0.15793749590671124,-0.7706720592635917,0.3012722787636655,2.136823093434375,3.161799150728621,0.6602424671773566,0.8948002443836791,0.08178576294615544,-0.6404388822054015,1.9573658353681491,1.3789482830844422,0.0268499582208027,0.9280173356971759,0.4429074283616364,-0.23355706996980904,-0.4869214510943286,2.233535959728927,-0.8613982646232887,1.2971428428617744,0.6330813666650071,1.161951869736295,0.43849269284700304,-0.4226443452700439,1.7528741483062305,2.187449944443064,1.3696740167375998,-1.3975039375743108,-1.714411808588105,-3.1911637882247654,1.7518445668534106
-0.5743787037693665,-1.0851114999660296,0.7894481014552799,0.5826746142493496,0.6354361943092985,1.2877931641399776,-0.4683489033035976,0.021824020295720416,-1.1481729406185672,-0.3181915779987672,0.7702735051568196,0.14154427222292598,0.6082974543448226,0.4319283285473601,0.5329418325817621,-0.029205481941242763,0.3956202990334949,1.5757168680365037,2.911039869276257,1.1257608342983378,1.0325535865285864,0.4472156886688188,-0.864174661195253,0.6967688405176743,0.4448952415576938,0.11451445664266593,0.4429074283616364,0.9486104756287264,0.04258739254165654,0.17741423527759081,1.2366935505322412,-0.8956001816243213,0.5604253252205635,0.005270748084478066,0.03261491231340625,-0.37409579034748963,-0.5552492173422632,1.282810057953289,1.2358037219055538,0.9660271483751225,-0.6338834757074342,-0.8762654830789828,-1.873203959353512,0.7569166802594037
0.19412180424341008,0.33587895760008407,-0.20327721537264037,-0.15119624522875685,-0.21824533078150138,-0.18275636326018274,-0.04924387114674918,-0.01667027916391712,0.5238388793431719,0.2513158964467513,0.10443942675876677,0.16182908882901736,-0.13522138268123327,-0.11107670929192942,0.15874741034805592,0.2291048774787797,-0.022657881173377383,-0.4171215049580261,-0.6080470751230755,-0.06602836173315656,-0.1428458132224787,0.04131062608964878,0.10977746394808824,-0.4107871430253701,-0.2909893450053056,-0.03375016540683066,-0.23355706996980904,0.04258739254165654,0.12233136024092559,0.16278549235597184,-0.48831008109204366,0.18345215354159133,-0.3185211101758552,-0.21636629454381753,-0.32977906242195143,-0.19845917394887327,0.03433240501325823,-0.4070776370903965,-0.5251063176482176,-0.2894237320450923,0.31725179335947934,0.4264501212346439,0.7248857220643621,-0.4259312196294837
0.2327656381061684,1.0776921661548418,-0.798284958473083,-0.49261630733764344,-0.6809190997033655,-0.3104652259547814,-0.09679786198540533,-0.45828571242592725,1.3038121592356053,0.52671806572240365,0.6717406777360161,0.8541884269434294,-0.5118241677993521,0.19397134080026326,0.5040908084120874,0.7529197677363898,-0.06861684388236244,-1.0393150086779575,-1.0469989313444656,0.15398218768223793,-0.16060919079522137,0.3517154498021291,-0.026250131778508958,-1.7021252123189539,-1.1912206073533271,0.1188123149445363,-0.4869214510943286,0.17741423527759081,0.16278549235597184,0.7086175342401406,-1.3942831707451018,0.22439690251325692,-0.9246276734737588,-0.49641231417007625,-1.2004862909912615,-0.6036350024964819,0.09818124930625917,-0.7428117877835443,-1.288963736393794,-0.7192289900002269,1.0620627714851725,1.1713317649197832,1.80732187835755,-1.1983795926717895
-1.8886511765564888,-4.732272844426996,3.4048437319998035,2.3347536894521372,2.9088048643104605,3.299881913985098,-0.55084207551593245,0.9596120592448493,-5.690183373108888,-2.1065134572353084,-0.15962912237289034,-1.7367893317156549,2.397563919966202,0.6047587080456429,-0.35850229641396675,-2.0062937026854466,0.887848877213416,5.679478044309864,8.520749008256614,1.8403069725173655,2.4913684360802884,0.020696121905432012,-1.7113789297540094,5.442045160408741,3.7337883814046524,0.04579675402541821,2.233535959728927,1.2366935505322412,-0.48831008109204366,-1.3942831707451018,5.956960126609672,-2.4047880590311244,3.4615183437312687,1.4401936942778555,3.082789027623016,0.9475365706110002,-1.2661206600783461,4.5823814451526435,5.8222784459409125,3.7040200832309518,-3.86406838270409,-4.7278580012477684,-8.405040448249965,4.565559225691026
1.1969011560801854,1.8569439320572223,-1.4602202466067475,-0.8863445217365579,-0.972129813415931,-1.9498238405281312,0.44440549887164327,-0.18253207663283247,2.4618106578856827,0.8698620544567534,-0.8266269644876374,0.2141629689251349,-0.9311938722593768,-0.4020570070871814,-0.2019179853194954,0.4982048931734305,-0.542493053126722,-2.5483132177325225,-4.666034327294183,-1.4593564842275926,-1.6254126960053408,-0.21738340649939952,1.2254459787039538,-1.7062241664656779,-1.0529861900600899,-0.2856546203026777,-0.8613982646232887,-0.8956001816243213,0.18345215354159133,0.22439690251325692,-2.4047880590311244,1.5292065459232798,-1.3229039391952462,-0.33245386038575836,-0.7284935005991642,0.10391056390532429,0.7857768273251073,-2.2909093470535087,-2.5573376536686467,-1.7251045869406663,1.4712428275712321,2.0764677021486695,3.586439835367275,-1.6758668724719774
-1.0691834965214289,-2.719971094570622,1.9676385056760364,1.318934961089663,1.6701342897413853,1.7847182680928495,-0.234564729904989,0.6073314710054569,-3.324539400565976,-1.2575482994755296,-0.2587193449741955,-1.1282370149913103,1.3580657862829797,0.2637053765702433,-0.35729227555863335,-1.252127040102269,0.47126101934216097,3.2086883649976623,4.701613661834194,0.9033284577578925,1.342531832700637,-0.10417498885080026,-0.8831722305755759,3.260687868106607,2.236618540085909,0.011823758032717286,1.2971428428617744,0.5604253252205635,-0.3185211101758552,-0.9246276734737588,3.4615183437312687,-1.3229039391952462,2.056367035714084,0.8930983681977657,1.933053391903078,0.6683403090900198,-0.6745763368504658,2.5907349950887686,3.3842933262396713,2.1184959380074235,-2.2929824708671154,-2.793335691783163,-4.853362422541924,2.6980259856232927
-0.3149172583554127,-1.1208988517312788,0.6793544657795624,0.5617716661149293,0.7880349969041273,0.4559641521610825,0.049801880085976406,0.21135052019756193,-1.3588867845105699,-0.5868942887384722,-0.5004815447388046,-0.6114764340976189,0.5348091520006668,0.21644323882257788,-0.34063361722668845,-0.6750435458234109,0.08209142047526569,1.2397775779517666,1.4897910473922855,0.07970991061198242,0.27787546057946855,-0.08365094658621221,-0.1792952118408734,1.4447372428223393,1.0648741659705516,-0.07075640529949172,0.6330813666650071,0.005270748084478066,-0.21636629454381753,-0.49641231417007625,1.4401936942778555,-0.33245386038575836,0.8930983681977657,0.5783906970038176,1.0169593503837953,0.5630234423237508,-0.11159392983211847,0.9805406881742817,1.372473594791821,0.7850075709987633,-0.9456191410976146,-1.0843914706075573,-2.0112935434983004,1.2309783186406578
-0.6216552242782579,-2.4354702701188673,1.705186078335608,1.1716386212853744,1.596582484531499,1.0299223210413198,0.03797115417694605,0.7661366553346555,-2.8680456808757424,-1.1330512675301818,-1.0431247572627884,-1.506216698751126,1.1785231049035558,-0.008972002286955851,-0.7511584862284679,-1.4469439801570902,0.2352233532579237,2.5768058718781375,3.051303678315064,0.10266385208109437,0.6488138075191623,-0.38800480894324735,-0.2831486073068723,3.371603740566248,2.39377248501726,-0.19288801181622012,1.161951869736295,0.03261491231340625,-0.32977906242195143,-1.2004862909912615,3.082789027623016,-0.7284935005991642,1.933053391903078,1.0169593503837953,2.2579234800734294,1.0616495072254408,-0.34327341599288813,1.91720862824262,2.8761496278276137,1.6860327834802697,-2.167775719443778,-2.4474798591221645,-4.159941214302431,2.56027421247145
0.005764145705841621,-0.715202336882224,0.39409973541612686,0.35211480643473775,0.5795455609050147,-0.12010027028870236,0.23838419432926133,0.2749585274282641,-0.8521966036796028,-0.4173778964127312,-0.9198252249765941,-0.7484613242981114,0.3212777016656514,-0.024213325505990375,-0.5652113119467383,-0.6918226798646538,-0.08669122226792336,0.5872414580388312,0.16142806835226034,-0.46316191147991187,-0.20129225273429288,-0.2791079247079711,0.2461095817739495,1.2679558332566268,0.9708637591704256,-0.1724760042630914,0.43849269284700304,-0.37409579034748963,-0.19845917394887327,-0.6036350024964819,0.9475365706110002,0.10391056390532429,0.6683403090900198,0.5630234423237508,1.0616495072254408,0.7390159814703524,0.12099751906107027,0.3777091919954367,0.8219020401868348,0.3625990764473824,-0.710873093796594,-0.6951357137139086,-1.2156858971691307,0.9292488147146496
0.592702816425428,1.000317336404451,-0.819978788271924,-0.4901110542791271,-0.5205259901201913,-1.0587128559013261,0.29052659384574425,-0.1462660595969226,1.2555170637528794,0.3983672478424066,-0.4745580935145826,0.10447735673642308,-0.5502609357744557,-0.14033422444238977,-0.1901194671379382,0.21958278710222298,-0.32477488692162837,-1.3477749580651817,-2.4736337610607904,-0.8070135881001087,-0.8953972986748568,-0.12868248803648952,0.6425759374171144,-0.9449579759065345,-0.5760793394099487,-0.13039817513908417,-0.4226443452700439,-0.5552492173422632,0.03433240501325823,0.09818124930625917,-1.2661206600783461,0.7857768273251073,-0.6745763368504658,-0.11159392983211847,-0.34327341599288813,0.12099751906107027,0.46288280545725935,-1.1586511514626572,-1.3040451890620783,-0.9056691530487816,0.7795520880298566,1.0595907367889712,1.8424092194663328,-0.848564143779972
-1.8126999230209673,-3.599388374033348,2.5989019604857497,1.774006684297411,2.120194604332202,3.025003777476384,-0.5881746275487584,0.4617134710778042,-4.518913136681807,-1.6758335922618461,0.5906958223293941,-0.8683822373823149,1.8111005078358764,0.7766873998820815,0.032038982557351096,-1.2841778531511279,0.8135607299782336,4.619923603745698,7.603452411909183,2.0317931935644165,2.3883212601155175,0.27651126302065204,-1.7906099522744918,3.6907806625810538,2.4695952005161055,0.2567686571622364,1.7528741483062305,1.282810057953289,-0.4070776370903965,-0.7428117877835443,4.5823814451526435,-2.2909093470535087,2.5907349950887686,0.9805406881742817,1.91720862824262,0.3777091919954367,-1.1586511514626572,3.9499495162146085,4.663285655537982,3.0373201440358764,-2.846232814294489,-3.7149845949622895,-6.673890505798277,3.40477803886033
-2.0611891606646044,-4.560074076092906,3.325767000161716,2.223036474151143,2.717959590745398,3.404781378735293,-0.5597841267131399,0.8331576268457496,-5.678663440939261,-2.119536924538874,0.13753536520026274,-1.5308104842260146,2.295104709137861,0.6416143090912799,-0.31452747019238264,-1.8859899090149148,0.9150710027033429,5.593148786087775,8.737401548225527,2.022534677535377,2.645144185550813,0.03364926082389301,-1.852437929489609,5.128205512119572,3.4648615830495038,0.18048652020922235,2.187449944443064,1.2358037219055538,-0.5251063176482176,-1.288963736393794,5.8222784459409125,-2.5573376536686467,3.3842933262396713,1.372473594791821,2.8761496278276137,0.8219020401868348,-1.3040451890620783,4.663285655537982,5.817655397401992,3.701858708104142,-3.7604533401630036,-4.740778043876036,-8.303906813759419,4.430618450264256
-1.3495299039388173,-2.9373778852779515,2.148692829206724,1.435129611464317,1.7334523937455266,2.3151787773918544,-0.452313192603398,0.5104558554578712,-3.5982372812650834,-1.316675568839912,0.2910542344449018,-0.8673858325887162,1.4853053617873608,0.45831080702899646,-0.04564337693683382,-1.0991725153440104,0.640976353103091,3.6631622887329693,5.827335788696945,1.4730657866264414,1.7980681729317882,0.1153635134738327,-1.3010583041550903,3.1757044832319363,2.1323358498966,0.13337254813788574,1.3696740167375998,0.9660271483751225,-0.2894237320450923,-0.7192289900002269,3.7040200832309518,-1.7251045869406663,2.1184959380074235,0.7850075709987633,1.6860327834802697,0.3625990764473824,-0.9056691530487816,3.0373201440358764,3.701858708104142,2.417258225883211,-2.363487209894342,-3.000718075090746,-5.297639413104624,2.774136577963144
1.1768217904521243,3.0520663496612106,-2.2575086904952077,-1.4774908789127361,-1.843541182745749,-2.0097739937838113,0.2908189294274066,-0.751190376804344,3.693222353893373,1.3678653242971994,0.279285016079248,1.30048684399358,-1.5363011624200682,-0.18235162242719272,0.3850544309773366,1.392071854645144,-0.5447585430448979,-3.5649679353730725,-5.219443179673066,-1.004826359911477,-1.5059908267167221,0.16149818423822362,0.9637244609148199,-3.7120779104327175,-2.528641628870401,0.002765142980906347,-1.3975039375743108,-0.6338834757074342,0.31725179335947934,1.0620627714851725,-3.86406838270409,1.4712428275712321,-2.2929824708671154,-0.9456191410976146,-2.167775719443778,-0.710873093796594,0.7795520880298566,-2.846232814294489,-3.7604533401630036,-2.363487209894342,2.5917089961893676,3.1366725278127157,5.378447443133702,-2.989944975993319
1.6962553036719978,3.6654593741564634,-2.7713718161400855,-1.7422631189099536,-2.1188019073184554,-2.7160128542243225,0.4087151774896043,-0.7906582840861022,4.6461861220462675,1.7270514940900987,-0.059504804454488774,1.3630851881536787,-1.8296152720300696,-0.2992936014109751,0.38556900642697794,1.586508529744152,-0.7378630704891022,-4.443765831032748,-6.946779582700374,-1.5375309179445718,-2.1382135529979034,0.14321778347209457,1.4239717731139898,-4.285616567728523,-2.8550599310937486,-0.16206950371177664,-1.714411808588105,-0.8762654830789828,0.4264501212346439,1.1713317649197832,-4.7278580012477684,2.0764677021486695,-2.793335691783163,-1.0843914706075573,-2.4474798591221645,-0.6951357137139086,1.0595907367889712,-3.7149845949622895,-4.740778043876036,-3.000718075090746,3.1366725278127157,3.9680765761110344,6.691983420662359,-3.60254451913653
2.8196913837792468,6.663996712245417,-4.768748816592038,-3.292684887171717,-4.074598763726779,-4.863423525856289,0.8316179207371176,-1.1999271828695868,8.092540127471542,3.011313060184487,-0.05791587659691519,2.2436296689635276,-3.3493264104980667,-1.0576206250292177,0.3941339176773473,2.7401524230589698,-1.2841342809043004,-8.131944829948788,-12.479700819125162,-2.843046615411942,-3.7047822066255827,-0.16740491303229324,2.6246267058583315,-7.434166493564945,-5.090358021040347,-0.1565922125312746,-3.1911637882247654,-1.873203959353512,0.7248857220643621,1.80732187835755,-8.405040448249965,3.586439835367275,-4.853362422541924,-2.0112935434983004,-4.159941214302431,-1.2156858971691307,1.8424092194663328,-6.673890505798277,-8.303906813759419,-5.297639413104624,5.378447443133702,6.691983420662359,11.991573225311946,-6.40573570500565
-1.3430773857353102,-3.61982009636519,2.539562208820292,1.7799369928280542,2.2788049041110665,2.298480853133719,-0.3043216210464307,0.7626681200966093,-4.3470915544843285,-1.6573908906576125,-0.4310323913332115,-1.4881825165912173,1.8091718533919643,0.45756010007329034,-0.4492710222112679,-1.6641838154242632,0.5998066372321204,4.261069800021053,6.122152020568732,1.1575562834530602,1.6868624691662601,-0.06951305333360959,-1.1418821025198236,4.292962136687335,2.986248117130319,-0.02638119652833043,1.7518445668534106,0.7569166802594037,-0.4259312196294837,-1.1983795926717895,4.565559225691026,-1.6758668724719774,2.6980259856232927,1.2309783186406578,2.56027421247145,0.9292488147146496,-0.848564143779972,3.40477803886033,4.430618450264256,2.774136577963144,-2.989944975993319,-3.60254451913653,-6.40573570500565,3.583838647643907
