V1,V2,V3,V4,V5,V6,V7,V8,V9,V10,V11,V12,V13,V14,V15,V16,V17,V18,V19,V20,V21,V22,V23,V24,V25,V26,V27,V28,V29,V30,V31,V32,V33,V34,V35,V36,V37,V38,V39,V40,V41,V42,V43
1.4862797180338576,-0.6592569101600539,2.0185629261430504,-2.116134376428093,1.2759798182396445,0.5216817843380203,1.188105083441002,0.2693212257174879,-1.481538659458401,-0.9968103253559264,-1.1239932424086836,-0.6702949476631704,0.26996320031830856,-0.9479385562736774,-0.09894624704128711,-0.48716529396832875,-0.672499880263516,-0.9182500392265672,1.4321147710280986,-0.7726617689304782,-0.7625699287724201,0.16594903829777705,-1.5277835193468017,1.2936850301416383,0.41173004962870136,0.7722305714589525,0.016408433095462655,-0.948507788842383,1.3671359401620329,0.45270273519825277,-0.6299209004619669,-1.8245323955235413,0.7851500139109978,-0.18406914347720096,0.9768276499774652,-0.18227917823020873,-1.2007686158302002,0.4147862075883124,0.8638825016698756,-1.1481871660319016,-0.8818250516707488,-0.5325575346101127,1.813472194698987
-0.6592569101600539,0.5751001301271235,-0.6653202955759409,1.0472408744123631,-1.0348509651546272,-0.14490468995012618,-0.6226417463550297,-0.5314785737333648,0.5884468673475316,0.7994832537562637,0.6864479877927526,-0.03583629097811403,-0.40222387151392314,-0.02870594919647705,-0.16659404256380558,-0.055963724290658275,-0.0708948652599316,0.728027251215912,-1.3765979874598258,0.5219797852706956,0.2505346654372897,0.4776981939839615,0.770411563748265,-0.192415272313176,0.019670355375892803,-0.6116772411365792,0.19406701062371948,0.4598423316999,-0.1700231225036779,-0.4761857049344138,0.25618569883494335,1.236279107897226,-0.8457817721338386,-0.1419860173276572,-0.7973156810784637,-0.35089488172714517,0.6718065389959983,0.7815924817193017,-0.3950955206701409,0.9725718408252293,0.4268202128354208,0.40517717347004484,-1.527816186806909
2.0185629261430504,-0.6653202955759409,3.5671755754613326,-3.3415633178779567,1.567070330012516,1.2140658428022664,1.7570521016041694,0.06996905296146211,-2.1331992943576146,-1.0469330155679724,-1.045641931381931,-1.148091721527978,0.1839956213807352,-2.3602168375391765,-0.4907617758765099,-0.8961076098529966,-1.7383160485199103,-1.044519389852449,1.1946515185631255,-0.7549388918654525,-0.9810775470915414,1.2725081834585736,-2.3663397317839663,2.2553349631550503,0.9767485723766395,0.7746925594709726,0.17812705520104363,-1.6124129138230392,3.0063822637577964,0.5866308036008446,-1.0106821611071486,-2.3382964055615103,0.6975841779477594,-0.30788965055066037,0.9010991447491131,-0.896157103481942,-1.275915683881521,2.493345576520395,1.4878055963956263,-0.801397914610034,-1.4459139503495428,-0.6668051389731066,2.055264224938231
-2.116134376428093,1.0472408744123631,-3.3415633178779567,3.852132063907486,-2.4610854378473292,-1.2919604572506493,-2.223061743203441,-0.7611624191341422,2.1686970401928396,1.6842183400178816,1.1891935118140504,0.4932282613136993,-0.7269809957150224,2.072233798699096,0.20553582831788092,0.5327277874831767,1.311514475429399,1.693573599439025,-2.4897211117295814,0.9404851529240636,0.9116058535241619,-1.075698264416531,2.806843812193773,-1.7281773668340545,-0.7407185383952744,-1.359050760119252,0.04377845012870236,1.8103020046281764,-2.7102045839763504,-1.2200580222613877,0.9443845291804613,3.2796911823722197,-1.397962222099449,-0.18927762975894127,-1.5664197404751496,0.383389026839726,1.2271856549852276,-1.428847876894888,-2.023953006100745,1.368879433685718,1.817271497252254,0.8207019900863648,-3.3847795129715728
1.2759798182396445,-1.0348509651546272,1.567070330012516,-2.4610854378473292,2.375720625122247,0.6346156254842723,1.7442351686283928,1.147488279932617,-1.1805624910920525,-1.5164199891349717,-1.0069680554135527,0.39102212330222663,0.9323370766798638,-0.6452887407375552,0.2115324875220099,0.16886741060575441,-0.18753810092249565,-1.5345090700138495,2.7329202405438946,-0.8090351562596615,-0.4060810559017072,-0.01167021428494083,-1.928959641419449,0.2907786455310817,0.058925206706168035,1.2762067746706012,-0.3257949234649021,-1.0633265881123646,0.9066187611529095,1.2517465085674488,-0.411655187929645,-2.7111172457319,1.611889440925049,0.6355566526345743,1.5938708889425686,0.4799369314922849,-0.8304607115585665,-0.834211851683996,1.327783403973983,-1.5176930344322044,-1.2171261994713163,-0.7109572628478789,3.3175873999749887
0.5216817843380203,-0.14490468995012618,1.2140658428022664,-1.2919604572506493,0.6346156254842723,0.6564382069868796,0.7386689256521574,0.13490491527912932,-0.6014665492753114,-0.3142906091946218,0.029811635211679198,-0.08145446818460922,0.15835151040318104,-1.1370835444978638,-0.22430383606286394,-0.22478968109505407,-0.7550307169290325,-0.4018840179767377,0.34975966969049266,-0.03381625151924583,-0.16411723087711289,1.0583071373411101,-0.9391316269485847,0.5731940977387389,0.4213928593152786,0.2816729235748313,0.07146914419694442,-0.6620728765809727,1.3173220644765264,0.42302675178437976,-0.30803913074369055,-0.8924511073003627,0.16839685538788654,0.12384197870469192,0.20638028452627857,-0.4275353141611858,0.04322845887901383,1.3682566513267393,0.8749363930245697,0.10663231321457313,-0.7294454261508121,-0.13874070752096634,0.7672100803464337
1.188105083441002,-0.6226417463550297,1.7570521016041694,-2.223061743203441,1.7442351686283928,0.7386689256521574,1.6220968448313793,0.6143059683330324,-1.182118762137286,-0.9854921366058613,-0.6766207370294958,0.04346962423381438,0.5682491842679388,-1.2304551363971996,-0.06258979833953422,-0.1394591751542384,-0.6463892131143211,-1.0751141582169705,1.7036879638683335,-0.5138924718060579,-0.4668564581967647,0.7786103293658877,-1.7624907131509626,0.6803803304680764,0.29577263824437444,0.8931605135539805,-0.06284408532052159,-0.9591093965358661,1.4260339493962502,0.9035547172062302,-0.3848178879096436,-2.084772217574611,0.9214530743150562,0.40359508874175265,1.0777289302324455,-0.07634948299417815,-0.5329364280447766,0.41137511918333813,1.3077325710786203,-0.8214655030480379,-1.1552620544548222,-0.45254382450499686,2.322170249057849
0.2693212257174879,-0.5314785737333648,0.06996905296146211,-0.7611624191341422,1.147488279932617,0.13490491527912932,0.6143059683330324,0.796609075802758,-0.17965777190894133,-0.761933806892923,-0.3297531961361769,0.619806482079408,0.5827043524931456,0.2449470965249357,0.2760331706557928,0.36447317663948625,0.33392571234791496,-0.7647842330231978,1.5053231678306584,-0.31234873115217865,0.04994698794798246,-0.31659001690302946,-0.6267610521373255,-0.4668622612757611,-0.17730514397271702,0.6488764898162781,-0.2876060351733077,-0.32620790007077194,-0.1968754925148131,0.7147198692710947,-0.05685449977002806,-1.2071530867037474,0.9000553755564626,0.5006515199217619,0.7711150118905914,0.5639490571643354,-0.14866979445209869,-1.1723166085535732,0.5215770652978775,-0.7546890105755821,-0.4642296095966017,-0.3031897051260596,1.6505389810512534
-1.481538659458401,0.5884468673475316,-2.1331992943576146,2.1686970401928396,-1.1805624910920525,-0.6014665492753114,-1.182118762137286,-0.17965777190894133,1.5068093628757127,0.9253364880683352,1.0225929646695522,0.7395009072798716,-0.2173897785766015,1.1397200678779413,0.166210631107229,0.5568280071024817,0.8138613929117958,0.8613755294595863,-1.2519067645361819,0.7057885826639838,0.7732319070751053,-0.39132905111267335,1.5508982918526264,-1.411512104370634,-0.4911610228055491,-0.7174721394402691,-0.06894999155894618,0.9912704595528401,-1.5755806657623368,-0.41970520502830283,0.6498257182841195,1.7565537021111304,-0.6646987590315986,0.2231290273439757,-0.8798200259763133,0.32619343075895285,1.1211640075721832,-0.8060115924819236,-0.9343546029059558,0.9865480308020513,0.9186223739706688,0.49000759396127946,-1.6615710440753064
-0.9968103253559264,0.7994832537562637,-1.0469330155679724,1.6842183400178816,-1.5164199891349717,-0.3142906091946218,-0.9854921366058613,-0.761933806892923,0.9253364880683352,1.2024098566399375,0.9116774412255814,-0.05880160655318009,-0.6155733494659614,0.15037428877956632,-0.21697748173358214,-0.028574383386175167,-0.024085566019112943,1.1147204571373834,-2.0251601327564672,0.7143901477385621,0.407548311110066,0.4204585739634337,1.2305873981229607,-0.373983581720093,-0.0186910450049908,-0.9504369540574623,0.23049650220700493,0.7473769292688149,-0.4547587350366041,-0.7534002422930737,0.3725303298062669,1.8817981325727196,-1.1761420525216808,-0.23073815231758948,-1.1831570176464437,-0.40934900212046904,0.8756134777570685,0.8360928403693716,-0.8030236179557811,1.3327463641370494,0.7395495714360263,0.5352316705646878,-2.2496431310431815
-1.1239932424086836,0.6864479877927526,-1.045641931381931,1.1891935118140504,-1.0069680554135527,0.029811635211679198,-0.6766207370294958,-0.3297531961361769,1.0225929646695522,0.9116774412255814,1.2824547572194258,0.5111985285107371,-0.25731330657513274,-0.1150513931891193,-0.15815297580815368,0.21066707908497423,-0.050137711027638907,0.7448253847876501,-1.487468705145476,0.8555771370344094,0.6199000835175436,0.9435123032829074,0.8620908598554301,-0.7322307804226502,-0.0030898532659027343,-0.6644234518749408,0.12883561699655632,0.46011506279625863,-0.17541142327335962,-0.22599382991561323,0.3982326555078212,1.331527578581089,-0.8901509639068605,0.2049198467245108,-0.9894084111434749,-0.33445819378928743,1.3636336473449484,1.0751384560375818,-0.15409928943352622,1.4730673618126193,0.3208474322241333,0.5245153000850671,-1.5541845881573186
-0.6702949476631704,-0.03583629097811403,-1.148091721527978,0.4932282613136993,0.39102212330222663,-0.08145446818460922,0.04346962423381438,0.619806482079408,0.7395009072798716,-0.05880160655318009,0.5111985285107371,1.1491591204712321,0.41807429014776515,0.5798040258243685,0.27805616145297885,0.6502551376234449,0.6223619961592995,-0.17748279092006253,0.517564605139422,0.2821349227441985,0.5514840157629917,0.031722696097199334,0.22320721261277432,-1.318083952162561,-0.37161371211438027,0.1644220484337646,-0.24370273690317076,0.2494339249027912,-0.8586664806608174,0.5112886977993262,0.37007055161058977,-0.1074402781600002,0.29148416745585326,0.7168138797023336,0.10724696717855217,0.5611884471780078,0.8341851515998906,-1.1528766302983073,0.186328104293965,0.1730767139792831,-0.061591082176344666,0.10874312563862631,0.5023815968352683
0.26996320031830856,-0.40222387151392314,0.1839956213807352,-0.7269809957150224,0.9323370766798638,0.15835151040318104,0.5682491842679388,0.5827043524931456,-0.2173897785766015,-0.6155733494659614,-0.25731330657513274,0.41807429014776515,0.4700399742931145,0.03078238630630522,0.19284998407333012,0.24762312450620425,0.1937800317153183,-0.6250977808663212,1.1977546392053717,-0.2527065746805144,-0.025594427395674822,-0.17110637223102731,-0.5907036159124649,-0.22694046318333538,-0.135097035018475,0.5325250011116589,-0.1926671956068338,-0.30025367464734043,0.0068196195979871015,0.5652294297302743,-0.02767931943080937,-0.9859925079104119,0.7015655054279898,0.39630619558598623,0.6582497195259612,0.3759243599675495,-0.1467597882510399,-0.7219047374248516,0.49463987942988386,-0.5919046436287146,-0.3908972075954201,-0.23218034528783488,1.3429425498774714
-0.9479385562736774,-0.02870594919647705,-2.3602168375391765,2.072233798699096,-0.6452887407375552,-1.1370835444978638,-1.2304551363971996,0.2449470965249357,1.1397200678779413,0.15037428877956632,-0.1150513931891193,0.5798040258243685,0.03078238630630522,2.3957374158433233,0.5915611398755245,0.6583000773335558,1.639141385640639,0.33325258106559724,0.13601018573412424,-0.05352045185448275,0.44016957784328126,-2.1699661498047265,1.526947931767469,-1.452598767054973,-0.8517090645746681,-0.18829245225300986,-0.3278207359526769,1.0315501838458705,-2.648730241578556,-0.3740710110742921,0.49685346405942993,1.0518909800722205,0.17623009114352844,0.03044976038979221,-0.061487126244270246,1.1367677542879129,-0.048298986431812546,-3.177474660347567,-1.3503775432647929,-0.5339412856873335,1.1085765561041832,0.10045705529270933,-0.6197431636844508
-0.09894624704128711,-0.16659404256380558,-0.4907617758765099,0.20553582831788092,0.2115324875220099,-0.22430383606286394,-0.06258979833953422,0.2760331706557928,0.166210631107229,-0.21697748173358214,-0.15815297580815368,0.27805616145297885,0.19284998407333012,0.5915611398755245,0.2237952945958069,0.24441551704196968,0.4836167100872666,-0.17232289654396393,0.5243685112527092,-0.12988988304815502,0.06819741611427746,-0.6174051930814303,0.12773644442114143,-0.4073905433699817,-0.27150991918889755,0.17545648478183273,-0.14733141140380293,0.1367731946774831,-0.640320724279533,0.12094608664551537,0.11649947905723598,-0.1386195488969617,0.32190707698152693,0.15310914186626992,0.27056243560883464,0.42453691096796536,-0.10406396210928526,-1.0726957587003807,-0.13133123518601486,-0.3949929833231892,0.12320795849629294,-0.06620240057162063,0.3884912860381062
-0.48716529396832875,-0.055963724290658275,-0.8961076098529966,0.5327277874831767,0.16886741060575441,-0.22478968109505407,-0.1394591751542384,0.36447317663948625,0.5568280071024817,-0.028574383386175167,0.21066707908497423,0.6502551376234449,0.24762312450620425,0.6583000773335558,0.24441551704196968,0.4742579119771644,0.582940910674466,-0.05578212761389149,0.3462093477661773,0.09829918332784048,0.3432913778009079,-0.47613185394197205,0.31783967660533474,-0.8662245064780552,-0.37126571917536305,0.05422147862758518,-0.20284496881449643,0.28033552929459016,-0.8460366027731251,0.20250725625243005,0.2924764950333631,0.09746900747332508,0.26255899673173055,0.3947539730533827,0.10734592658990426,0.49985370341254065,0.33360137346913893,-1.1186814172056292,-0.1748155344820061,-0.06415491968301693,0.19586041145167327,0.022826562359045982,0.25930442686601374
-0.672499880263516,-0.0708948652599316,-1.7383160485199103,1.311514475429399,-0.18753810092249565,-0.7550307169290325,-0.6463892131143211,0.33392571234791496,0.8138613929117958,-0.024085566019112943,-0.050137711027638907,0.6223619961592995,0.1937800317153183,1.639141385640639,0.4836167100872666,0.582940910674466,1.2550636228682646,0.06979302952140767,0.4274624105376667,-0.04244249674726852,0.3197896369862025,-1.4683619145437596,0.9123093678146428,-1.1628248642133483,-0.7078591884680254,0.02326916284333296,-0.2640812711998009,0.7015125732253122,-1.883323240975046,-0.07346257373777472,0.45419732899267823,0.5148848581169216,0.28252255802731285,0.23229486156287088,0.16665344572248153,0.9075806182860392,0.05788769771168539,-2.4248957223986207,-0.7390451008266476,-0.46328717680629194,0.6800195348254308,0.07123447665840747,-0.06111074971099801
-0.9182500392265672,0.728027251215912,-1.044519389852449,1.693573599439025,-1.5345090700138495,-0.4018840179767377,-1.0751141582169705,-0.7647842330231978,0.8613755294595863,1.1147204571373834,0.7448253847876501,-0.17748279092006253,-0.6250977808663212,0.33325258106559724,-0.17232289654396393,-0.05578212761389149,0.06979302952140767,1.0813641932651712,-1.9161705169585692,0.6003863241920531,0.3380327463936693,0.11244941788012519,1.2730729789186173,-0.29117554628401915,-0.05074317297011297,-0.9152162113246569,0.20857807116624796,0.7508612210615654,-0.5810571665305043,-0.8148275636490674,0.32849879105519053,1.8594361279560445,-1.0965608084761624,-0.3331551383071453,-1.1106223232785277,-0.33305115919833644,0.6570787954167182,0.5988639814632957,-0.9194146453628791,1.1269847881678563,0.8162631379472027,0.47993999425140343,-2.2146783167021438
1.4321147710280986,-1.3765979874598258,1.1946515185631255,-2.4897211117295814,2.7329202405438946,0.34975966969049266,1.7036879638683335,1.5053231678306584,-1.2519067645361819,-2.0251601327564672,-1.487468705145476,0.517564605139422,1.1977546392053717,0.13601018573412424,0.5243685112527092,0.3462093477661773,0.4274624105376667,-1.9161705169585692,3.6790564359124898,-1.1696714303916464,-0.5174740556970322,-0.9878840237534949,-1.9222241200368084,0.0747728109565056,-0.24301951050430387,1.6567755229124599,-0.5003725654945298,-1.027295293031925,0.193848184248056,1.3994599443120164,-0.3957499939350533,-3.1443183662767544,2.1484591584263737,0.6763582748417875,2.128471590749993,1.027083295338735,-1.300657950964524,-2.2695128523025137,1.2405745922023244,-2.3431433740849252,-1.1299026653717976,-0.8790763696668874,4.024616045897489
-0.7726617689304782,0.5219797852706956,-0.7549388918654525,0.9404851529240636,-0.8090351562596615,-0.03381625151924583,-0.5138924718060579,-0.31234873115217865,0.7057885826639838,0.7143901477385621,0.8555771370344094,0.2821349227441985,-0.2527065746805144,-0.05352045185448275,-0.12988988304815502,0.09829918332784048,-0.04244249674726852,0.6003863241920531,-1.1696714303916464,0.5984826788769582,0.40449498893252933,0.6545723493932887,0.6727358996104145,-0.4749048046922179,0.008767351267915894,-0.5214429953347162,0.12060913308095533,0.3844525906036135,-0.1661666340743391,-0.24575465559666726,0.27882423197642625,1.0379967808221993,-0.7124191463385879,0.07633031690394378,-0.7515960021402331,-0.26517994722283006,0.9197497833510618,0.7310790114368699,-0.19615957055539504,1.0508103620698148,0.27496309991792905,0.3923411311317049,-1.243568348712322
-0.7625699287724201,0.2505346654372897,-0.9810775470915414,0.9116058535241619,-0.4060810559017072,-0.16411723087711289,-0.4668564581967647,0.04994698794798246,0.7732319070751053,0.407548311110066,0.6199000835175436,0.5514840157629917,-0.025594427395674822,0.44016957784328126,0.06819741611427746,0.3432913778009079,0.3197896369862025,0.3380327463936693,-0.5174740556970322,0.40449498893252933,0.4840309608743701,0.03344504337136857,0.6386766643871613,-0.8327171300711601,-0.18491637876568798,-0.3053508279422047,-0.07568845256092989,0.3848747910572717,-0.6507505125097359,-0.039712961815899936,0.2857309705947131,0.6892841389537745,-0.2507915292470623,0.2438122282923564,-0.4338026452097213,0.16130959649284965,0.7233219120601664,-0.2785526856903835,-0.29101304395977906,0.5801122230752432,0.293907391298992,0.2161555462293802,-0.6204365096629709
0.16594903829777705,0.4776981939839615,1.2725081834585736,-1.075698264416531,-0.01167021428494083,1.0583071373411101,0.7786103293658877,-0.31659001690302946,-0.39132905111267335,0.4204585739634337,0.9435123032829074,0.031722696097199334,-0.17110637223102731,-2.1699661498047265,-0.6174051930814303,-0.47613185394197205,-1.4683619145437596,0.11244941788012519,-0.9878840237534949,0.6545723493932887,0.03344504337136857,2.9733666711940656,-0.8506821193074162,0.6041632909271284,0.8470291709863753,-0.14781413673246482,0.4048792369475214,-0.6238758019096481,2.190126559416427,0.32714988154967145,-0.23265295956768633,-0.27311404192357214,-0.8234738367007718,0.16875785743777494,-0.6086607004972179,-1.2255490305397219,1.1525358942413872,3.3486412613932806,1.3537228544807283,1.4989974067417484,-1.0286648791281234,0.3373213402021953,-0.3988406886554167
-1.5277835193468017,0.770411563748265,-2.3663397317839663,2.806843812193773,-1.928959641419449,-0.9391316269485847,-1.7624907131509626,-0.6267610521373255,1.5508982918526264,1.2305873981229607,0.8620908598554301,0.22320721261277432,-0.5907036159124649,1.526947931767469,0.12773644442114143,0.31783967660533474,0.9123093678146428,1.2730729789186173,-1.9222241200368084,0.6727358996104145,0.6386766643871613,-0.8506821193074162,2.1052816848207816,-1.1273146556122189,-0.4857614036373364,-1.0336852487240145,0.04778352752972113,1.2834765277864244,-1.9195011535814814,-0.9715920026978944,0.6215753926600249,2.468767312780918,-1.0659977169144643,-0.2608077890436364,-1.2120466407204133,0.2201241239370604,0.8210869931677067,-0.8719098741665517,-1.5308552709933456,1.0085214233270703,1.3682452250526593,0.5899984187439785,-2.619337775953759
1.2936850301416383,-0.192415272313176,2.2553349631550503,-1.7281773668340545,0.2907786455310817,0.5731940977387389,0.6803803304680764,-0.4668622612757611,-1.411512104370634,-0.373983581720093,-0.7322307804226502,-1.318083952162561,-0.22694046318333538,-1.452598767054973,-0.4073905433699817,-0.8662245064780552,-1.1628248642133483,-0.29117554628401915,0.0747728109565056,-0.4749048046922179,-0.8327171300711601,0.6041632909271284,-1.1273146556122189,1.9313762655465874,0.6603910084433301,0.20733351825156457,0.29173837395309965,-0.8343339028149805,1.910350743548734,-0.14163275751198595,-0.6419283626725378,-0.8351151473748682,0.004512998633962186,-0.6469659708323313,0.28963788512426525,-0.8271683818274883,-1.06540041391546,2.001617813020637,0.5585419342433413,-0.39430570584746605,-0.5526578723716299,-0.29293990960639904,0.404646833677824
0.41173004962870136,0.019670355375892803,0.9767485723766395,-0.7407185383952744,0.058925206706168035,0.4213928593152786,0.29577263824437444,-0.17730514397271702,-0.4911610228055491,-0.0186910450049908,-0.0030898532659027343,-0.37161371211438027,-0.135097035018475,-0.8517090645746681,-0.27150991918889755,-0.37126571917536305,-0.7078591884680254,-0.05074317297011297,-0.24301951050430387,0.008767351267915894,-0.18491637876568798,0.8470291709863753,-0.4857614036373364,0.6603910084433301,0.45775096432372475,0.0032719970190282013,0.1505383627633949,-0.42492842449311347,1.0440785516322142,0.03519407873236554,-0.3294517709843075,-0.3229517345952847,-0.18165694014239503,-0.1982228112246776,-0.13315268358481078,-0.5186414287765572,-0.04685046778210495,1.346402678887065,0.4288292589148967,0.2464193601904058,-0.42415866176121686,-0.04121090115939686,-0.012781321382137343
0.7722305714589525,-0.6116772411365792,0.7746925594709726,-1.359050760119252,1.2762067746706012,0.2816729235748313,0.8931605135539805,0.6488764898162781,-0.7174721394402691,-0.9504369540574623,-0.6644234518749408,0.1644220484337646,0.5325250011116589,-0.18829245225300986,0.17545648478183273,0.05422147862758518,0.02326916284333296,-0.9152162113246569,1.6567755229124599,-0.5214429953347162,-0.3053508279422047,-0.14781413673246482,-1.0336852487240145,0.20733351825156457,0.0032719970190282013,0.7959054326638022,-0.17141986061041953,-0.5847557432343155,0.3821421321661195,0.6756769481380976,-0.24792087425133047,-1.5567643593458718,0.917912506330351,0.27757332785333283,0.9661934146469658,0.32326525632921954,-0.5674675645399075,-0.6689726817763558,0.7604044333852911,-0.9996296774568435,-0.6658816519432068,-0.38341716347671345,1.860429272764183
0.016408433095462655,0.19406701062371948,0.17812705520104363,0.04377845012870236,-0.3257949234649021,0.07146914419694442,-0.06284408532052159,-0.2876060351733077,-0.06894999155894618,0.23049650220700493,0.12883561699655632,-0.24370273690317076,-0.1926671956068338,-0.3278207359526769,-0.14733141140380293,-0.20284496881449643,-0.2640812711998009,0.20857807116624796,-0.5003725654945298,0.12060913308095533,-0.07568845256092989,0.4048792369475214,0.04778352752972113,0.29173837395309965,0.1505383627633949,-0.17141986061041953,0.14676118395025703,0.009363966496523006,0.33193194683211313,-0.18573512887188945,-0.025088673637478645,0.27541943859193385,-0.34796775608133734,-0.16474530353231284,-0.24404820857409093,-0.3124855396789565,0.09247823326613362,0.705772158717443,0.022660269495888317,0.3168250191759673,0.007356003180449571,0.12060493673760486,-0.49446895911023725
-0.948507788842383,0.4598423316999,-1.6124129138230392,1.8103020046281764,-1.0633265881123646,-0.6620728765809727,-0.9591093965358661,-0.32620790007077194,0.9912704595528401,0.7473769292688149,0.46011506279625863,0.2494339249027912,-0.30025367464734043,1.0315501838458705,0.1367731946774831,0.28033552929459016,0.7015125732253122,0.7508612210615654,-1.027295293031925,0.3844525906036135,0.3848747910572717,-0.6238758019096481,1.2834765277864244,-0.8343339028149805,-0.42492842449311347,-0.5847557432343155,0.009363966496523006,0.8928924154919545,-1.3725843878014983,-0.5559042215079467,0.4933032029444299,1.4801231408343136,-0.5848385633416615,-0.04752671970756887,-0.6198678039538482,0.25868622011213166,0.4968570030155863,-0.9194329310483096,-0.9667986478327638,0.511699222352447,0.8752616698158269,0.3700073492948227,-1.453744388404345
1.3671359401620329,-0.1700231225036779,3.0063822637577964,-2.7102045839763504,0.9066187611529095,1.3173220644765264,1.4260339493962502,-0.1968754925148131,-1.5755806657623368,-0.4547587350366041,-0.17541142327335962,-0.8586664806608174,0.0068196195979871015,-2.648730241578556,-0.640320724279533,-0.8460366027731251,-1.883323240975046,-0.5810571665305043,0.193848184248056,-0.1661666340743391,-0.6507505125097359,2.190126559416427,-1.9195011535814814,1.910350743548734,1.0440785516322142,0.3821421321661195,0.33193194683211313,-1.3725843878014983,3.1145262286080415,0.46380985954930803,-0.7626974834757708,-1.5402608905326047,0.02278421931237613,-0.18509890427363745,0.25982069961122817,-1.242475310100486,-0.32420889853259044,3.4884652432656202,1.5788271128418696,0.23964130419263924,-1.3561854392315318,-0.2689795265525623,1.0267347010470975
0.45270273519825277,-0.4761857049344138,0.5866308036008446,-1.2200580222613877,1.2517465085674488,0.42302675178437976,0.9035547172062302,0.7147198692710947,-0.41970520502830283,-0.7534002422930737,-0.22599382991561323,0.5112886977993262,0.5652294297302743,-0.3740710110742921,0.12094608664551537,0.20250725625243005,-0.07346257373777472,-0.8148275636490674,1.3994599443120164,-0.24575465559666726,-0.039712961815899936,0.32714988154967145,-0.9715920026978944,-0.14163275751198595,0.03519407873236554,0.6756769481380976,-0.18573512887188945,-0.5559042215079467,0.46380985954930803,0.8038690478569888,-0.14990903355760515,-1.4090617804452785,0.789129473198426,0.5097426681778693,0.7416224249789576,0.2522519353413627,-0.04173331669920234,-0.3124674559962624,0.8892734870951698,-0.5338693671060883,-0.7431658975967468,-0.2809550394087512,1.7201237800545846
-0.6299209004619669,0.25618569883494335,-1.0106821611071486,0.9443845291804613,-0.411655187929645,-0.30803913074369055,-0.3848178879096436,-0.05685449977002806,0.6498257182841195,0.3725303298062669,0.3982326555078212,0.37007055161058977,-0.02767931943080937,0.49685346405942993,0.11649947905723598,0.2924764950333631,0.45419732899267823,0.32849879105519053,-0.3957499939350533,0.27882423197642625,0.2857309705947131,-0.23265295956768633,0.6215753926600249,-0.6419283626725378,-0.3294517709843075,-0.24792087425133047,-0.025088673637478645,0.4933032029444299,-0.7626974834757708,-0.14990903355760515,0.3951742964946934,0.7218845816441971,-0.23330645941164913,0.18749880151121237,-0.23864026340863606,0.20982863329603227,0.46268791742371745,-0.5514822106018223,-0.37102640238704304,0.3321640814819045,0.4255904869353427,0.2305809680396344,-0.5740255369990533
-1.8245323955235413,1.236279107897226,-2.3382964055615103,3.2796911823722197,-2.7111172457319,-0.8924511073003627,-2.084772217574611,-1.2071530867037474,1.7565537021111304,1.8817981325727196,1.331527578581089,-0.1074402781600002,-0.9859925079104119,1.0518909800722205,-0.1386195488969617,0.09746900747332508,0.5148848581169216,1.8594361279560445,-3.1443183662767544,1.0379967808221993,0.6892841389537745,-0.27311404192357214,2.468767312780918,-0.8351151473748682,-0.3229517345952847,-1.5567643593458718,0.27541943859193385,1.4801231408343136,-1.5402608905326047,-1.4090617804452785,0.7218845816441971,3.3688900457719684,-1.780664376644383,-0.48537845070647284,-1.8439933352887135,-0.3006737788116239,1.1758280096514284,0.3902803180706204,-1.7638500941365054,1.8140202329267572,1.6257188273780603,0.8538289200658142,-3.819570874981727
0.7851500139109978,-0.8457817721338386,0.6975841779477594,-1.397962222099449,1.611889440925049,0.16839685538788654,0.9214530743150562,0.9000553755564626,-0.6646987590315986,-1.1761420525216808,-0.8901509639068605,0.29148416745585326,0.7015655054279898,0.17623009114352844,0.32190707698152693,0.26255899673173055,0.28252255802731285,-1.0965608084761624,2.1484591584263737,-0.7124191463385879,-0.2507915292470623,-0.8234738367007718,-1.0659977169144643,0.004512998633962186,-0.18165694014239503,0.917912506330351,-0.34796775608133734,-0.5848385633416615,0.02278421931237613,0.789129473198426,-0.23330645941164913,-1.780664376644383,1.342245184941162,0.3939009239781742,1.2367849849292187,0.6694583690561444,-0.8401553382133465,-1.4378588438144377,0.5634448103307169,-1.4214344385811895,-0.5589199557301325,-0.5794970702075088,2.3731651535034324
-0.18406914347720096,-0.1419860173276572,-0.30788965055066037,-0.18927762975894127,0.6355566526345743,0.12384197870469192,0.40359508874175265,0.5006515199217619,0.2231290273439757,-0.23073815231758948,0.2049198467245108,0.7168138797023336,0.39630619558598623,0.03044976038979221,0.15310914186626992,0.3947539730533827,0.23229486156287088,-0.3331551383071453,0.6763582748417875,0.07633031690394378,0.2438122282923564,0.16875785743777494,-0.2608077890436364,-0.6469659708323313,-0.1982228112246776,0.27757332785333283,-0.16474530353231284,-0.04752671970756887,-0.18509890427363745,0.5097426681778693,0.18749880151121237,-0.48537845070647284,0.3939009239781742,0.5648169643501046,0.3174056457309307,0.32259018886681523,0.4063983467021599,-0.5542863800728602,0.39112621923606994,-0.05147319988081078,-0.25486939823217175,-0.03287652967766332,0.8304186356000576
0.9768276499774652,-0.7973156810784637,0.9010991447491131,-1.5664197404751496,1.5938708889425686,0.20638028452627857,1.0777289302324455,0.7711150118905914,-0.8798200259763133,-1.1831570176464437,-0.9894084111434749,0.10724696717855217,0.6582497195259612,-0.061487126244270246,0.27056243560883464,0.10734592658990426,0.16665344572248153,-1.1106223232785277,2.128471590749993,-0.7515960021402331,-0.4338026452097213,-0.6086607004972179,-1.2120466407204133,0.28963788512426525,-0.13315268358481078,0.9661934146469658,-0.24404820857409093,-0.6198678039538482,0.25982069961122817,0.7416224249789576,-0.23864026340863606,-1.8439933352887135,1.2367849849292187,0.3174056457309307,1.304957171124523,0.5232295783690866,-0.9343987867667309,-1.1876521807407292,0.7098474576914972,-1.4493183642770255,-0.6362678450549946,-0.5313267672607508,2.351342250699483
-0.18227917823020873,-0.35089488172714517,-0.896157103481942,0.383389026839726,0.4799369314922849,-0.4275353141611858,-0.07634948299417815,0.5639490571643354,0.32619343075895285,-0.40934900212046904,-0.33445819378928743,0.5611884471780078,0.3759243599675495,1.1367677542879129,0.42453691096796536,0.49985370341254065,0.9075806182860392,-0.33305115919833644,1.027083295338735,-0.26517994722283006,0.16130959649284965,-1.2255490305397219,0.2201241239370604,-0.8271683818274883,-0.5186414287765572,0.32326525632921954,-0.3124855396789565,0.25868622011213166,-1.242475310100486,0.2522519353413627,0.20982863329603227,-0.3006737788116239,0.6694583690561444,0.32259018886681523,0.5232295783690866,0.8450507469787746,-0.2226309645831688,-2.1320170773707687,-0.3018924843894183,-0.7784050127883072,0.2331907813260985,-0.1690258591028803,0.8175066009024393
-1.2007686158302002,0.6718065389959983,-1.275915683881521,1.2271856549852276,-0.8304607115585665,0.04322845887901383,-0.5329364280447766,-0.14866979445209869,1.1211640075721832,0.8756134777570685,1.3636336473449484,0.8341851515998906,-0.1467597882510399,-0.048298986431812546,-0.10406396210928526,0.33360137346913893,0.05788769771168539,0.6570787954167182,-1.300657950964524,0.9197497833510618,0.7233219120601664,1.1525358942413872,0.8210869931677067,-1.06540041391546,-0.04685046778210495,-0.5674675645399075,0.09247823326613362,0.4968570030155863,-0.32420889853259044,-0.04173331669920234,0.46268791742371745,1.1758280096514284,-0.8401553382133465,0.4063983467021599,-0.9343987867667309,-0.2226309645831688,1.6056202503614836,0.7746770347563027,0.01310948486654205,1.514032052210478,0.18212956523921991,0.5681139177350143,-1.3486221711483526
0.4147862075883124,0.7815924817193017,2.493345576520395,-1.428847876894888,-0.834211851683996,1.3682566513267393,0.41137511918333813,-1.1723166085535732,-0.8060115924819236,0.8360928403693716,1.0751384560375818,-1.1528766302983073,-0.7219047374248516,-3.177474660347567,-1.0726957587003807,-1.1186814172056292,-2.4248957223986207,0.5988639814632957,-2.2695128523025137,0.7310790114368699,-0.2785526856903835,3.3486412613932806,-0.8719098741665517,2.001617813020637,1.346402678887065,-0.6689726817763558,0.705772158717443,-0.9194329310483096,3.4884652432656202,-0.3124674559962624,-0.5514822106018223,0.3902803180706204,-1.4378588438144377,-0.5542863800728602,-1.1876521807407292,-2.1320170773707687,0.7746770347563027,5.764397420324885,1.1366380141051775,2.043384863603594,-0.8325159213334458,0.3467567969592066,-1.5570882175532001
0.8638825016698756,-0.3950955206701409,1.4878055963956263,-2.023953006100745,1.327783403973983,0.8749363930245697,1.3077325710786203,0.5215770652978775,-0.9343546029059558,-0.8030236179557811,-0.15409928943352622,0.186328104293965,0.49463987942988386,-1.3503775432647929,-0.13133123518601486,-0.1748155344820061,-0.7390451008266476,-0.9194146453628791,1.2405745922023244,-0.19615957055539504,-0.29101304395977906,1.3537228544807283,-1.5308552709933456,0.5585419342433413,0.4288292589148967,0.7604044333852911,0.022660269495888317,-0.9667986478327638,1.5788271128418696,0.8892734870951698,-0.37102640238704304,-1.7638500941365054,0.5634448103307169,0.39112621923606994,0.7098474576914972,-0.3018924843894183,0.01310948486654205,1.1366380141051775,1.5237789766746241,-0.25944729066647804,-1.2144545103957778,-0.23309734666054147,1.7597758847989704
-1.1481871660319016,0.9725718408252293,-0.801397914610034,1.368879433685718,-1.5176930344322044,0.10663231321457313,-0.8214655030480379,-0.7546890105755821,0.9865480308020513,1.3327463641370494,1.4730673618126193,0.1730767139792831,-0.5919046436287146,-0.5339412856873335,-0.3949929833231892,-0.06415491968301693,-0.46328717680629194,1.1269847881678563,-2.3431433740849252,1.0508103620698148,0.5801122230752432,1.4989974067417484,1.0085214233270703,-0.39430570584746605,0.2464193601904058,-0.9996296774568435,0.3168250191759673,0.511699222352447,0.23964130419263924,-0.5338693671060883,0.3321640814819045,1.8140202329267572,-1.4214344385811895,-0.05147319988081078,-1.4493183642770255,-0.7784050127883072,1.514032052210478,2.043384863603594,-0.25944729066647804,1.9929585548813473,0.36994929876022475,0.6769883499398746,-2.3693212738841596
-0.8818250516707488,0.4268202128354208,-1.4459139503495428,1.817271497252254,-1.2171261994713163,-0.7294454261508121,-1.1552620544548222,-0.4642296095966017,0.9186223739706688,0.7395495714360263,0.3208474322241333,-0.061591082176344666,-0.3908972075954201,1.1085765561041832,0.12320795849629294,0.19586041145167327,0.6800195348254308,0.8162631379472027,-1.1299026653717976,0.27496309991792905,0.293907391298992,-1.0286648791281234,1.3682452250526593,-0.5526578723716299,-0.42415866176121686,-0.6658816519432068,0.007356003180449571,0.8752616698158269,-1.3561854392315318,-0.7431658975967468,0.4255904869353427,1.6257188273780603,-0.5589199557301325,-0.25486939823217175,-0.6362678450549946,0.2331907813260985,0.18212956523921991,-0.8325159213334458,-1.2144545103957778,0.36994929876022475,1.0649038457865285,0.2899204254568817,-1.6039289786934905
-0.5325575346101127,0.40517717347004484,-0.6668051389731066,0.8207019900863648,-0.7109572628478789,-0.13874070752096634,-0.45254382450499686,-0.3031897051260596,0.49000759396127946,0.5352316705646878,0.5245153000850671,0.10874312563862631,-0.23218034528783488,0.10045705529270933,-0.06620240057162063,0.022826562359045982,0.07123447665840747,0.47993999425140343,-0.8790763696668874,0.3923411311317049,0.2161555462293802,0.3373213402021953,0.5899984187439785,-0.29293990960639904,-0.04121090115939686,-0.38341716347671345,0.12060493673760486,0.3700073492948227,-0.2689795265525623,-0.2809550394087512,0.2305809680396344,0.8538289200658142,-0.5794970702075088,-0.03287652967766332,-0.5313267672607508,-0.1690258591028803,0.5681139177350143,0.3467567969592066,-0.23309734666054147,0.6769883499398746,0.2899204254568817,0.3215043449249239,-1.0340527940804054
1.813472194698987,-1.527816186806909,2.055264224938231,-3.3847795129715728,3.3175873999749887,0.7672100803464337,2.322170249057849,1.6505389810512534,-1.6615710440753064,-2.2496431310431815,-1.5541845881573186,0.5023815968352683,1.3429425498774714,-0.6197431636844508,0.3884912860381062,0.25930442686601374,-0.06111074971099801,-2.2146783167021438,4.024616045897489,-1.243568348712322,-0.6204365096629709,-0.3988406886554167,-2.619337775953759,0.404646833677824,-0.012781321382137343,1.860429272764183,-0.49446895911023725,-1.453744388404345,1.0267347010470975,1.7201237800545846,-0.5740255369990533,-3.819570874981727,2.3731651535034324,0.8304186356000576,2.351342250699483,0.8175066009024393,-1.3486221711483526,-1.5570882175532001,1.7597758847989704,-2.3693212738841596,-1.6039289786934905,-1.0340527940804054,4.723721533644062
