V1,V2,V3,V4,V5,V6,V7,V8,V9,V10,V11,V12,V13,V14,V15,V16,V17,V18,V19,V20,V21,V22,V23,V24,V25,V26,V27,V28,V29,V30,V31,V32,V33,V34,V35,V36,V37,V38,V39,V40,V41,V42,V43
2.6241883628550724,-0.12865869702320956,0.21552966059604348,-2.610996454822532,-0.05817649861319548,0.9715064370965144,-0.2571976659634018,-0.37196635058653926,0.10128534648290992,0.4172810428996985,-2.3662089829037547,0.8009754395648337,0.2892398014871443,0.23720071379533597,-0.5933347378175016,-0.733386279318767,0.9408528870842927,0.20403184256073317,2.3692541462458863,-0.3765135493962889,-0.9407257717367493,-0.030348395731219682,-0.5052227863238071,-1.0796146415105745,-0.03557501188131933,-0.6329034672074847,0.06934968548898907,-0.028623423911694562,0.20129039411503777,1.0028488656758465,1.0865700388558546,-2.055808156288908,1.4219027217499083,-0.1578262621759439,1.0420271104698813,2.1518373792108143,0.37214999963021084,-1.4756892847358822,0.6715366760702892,-1.3649332882621756,-0.2338861289488774,0.1778162958129816,-0.4858813481066708
-0.12865869702320956,2.1547118422659715,-0.9551985704458457,-0.3607267313175476,0.12440125420602337,-0.9189934124886676,0.6334088003392258,0.8203241421664277,-0.48714009760212285,1.5231318011519464,-0.3375700569182096,1.0097655593633028,-0.3778959574045196,0.9808729361777939,-0.6753421916348372,0.2362338621928745,-0.14935666975259124,-0.139196479732054,-0.2593801761040769,-0.26470229702187476,-0.14020853309620265,0.9052836900645903,-0.8884813212826534,-0.025695221146936828,0.8069922956244212,0.7166838858908112,0.3655866754813836,-1.0287002026006018,-1.2737881282470582,0.8702328358443926,-1.0398244363155627,-1.0286662930126698,-0.014544822663504047,2.315784542510223,0.8387686500606863,-1.1461015029372286,0.47581474633472975,0.741706575963405,0.7334925726833156,0.2824184011708933,-0.3222044590336104,-1.6748667303761249,-0.5085081489290487
0.21552966059604348,-0.9551985704458457,1.1648767182006416,-0.5075069863073941,0.18321210049872833,0.13535448695863134,-0.26696710410853286,-0.7892774069176745,0.4611423148599961,-0.538068913907205,0.7237222736405948,-0.40628302847239406,0.4492511875280815,0.039798196329549486,0.4078004125366273,-1.0143217671378306,-0.10808445003039059,-0.052031688764163406,-0.11728986619885037,-0.26403841326193583,0.17814057156171603,-0.1821616634696845,0.45227663788381034,0.3055990749861,-1.178429940570957,-1.0189269194960475,-0.3308191760223367,0.6143882252374487,0.9593207569303009,-0.18203141249710061,0.9368658653953863,0.007498505553843194,-0.8688986642738854,-1.468985172442346,-1.3212082680127646,0.12258909626252727,-0.6259930531098156,-0.025292768704166663,-0.09788707230432951,-0.6419013021268903,0.14851802178785142,-0.028191987610546997,-0.26990588998346954
-2.610996454822532,-0.3607267313175476,-0.5075069863073941,3.5362691373864443,0.2809083103795953,-0.319633823136489,-0.05593703962394485,0.5414902715223954,-0.43424108777542475,-1.3598194192662842,2.092768534969636,-1.569204561952783,-0.6414163804841845,-1.218208044695028,0.6147584016076201,1.6356428851109786,-0.9593107565415101,0.39500527705771016,-2.1886832745160767,1.1955523690956145,1.2210023418561813,-0.8351898021888894,0.36965925637673214,1.0870476293668128,1.148340253395305,1.0022192674407786,0.03179678009784464,0.2517136628011202,-0.5295830078717098,-0.7825027858062037,-1.6505020956980594,2.312326503355826,-0.5799763584030395,-0.2313973280534777,-0.5539403480371535,-1.1486456361695871,-0.5467587297024479,1.255778250319651,-0.8472539549474913,1.9087436635453172,0.5982161518380117,0.33904346684991415,0.6525693667047315
-0.05817649861319548,0.12440125420602337,0.18321210049872833,0.2809083103795953,0.6132040714002263,-0.09827845004677331,-0.05168786113769129,-0.06099383294407832,-0.2080711451616932,-0.3016862409462965,0.48383636103401234,-0.4350754558459259,-0.15683590042717271,-0.11553308305116827,0.035728329386645705,-0.055255535284817914,-0.37236816044311744,0.4240029234705397,-0.31803674000466653,0.27805324203081716,0.4095659381715887,-0.3605048701598001,-0.2197559562468526,0.37307709517627985,0.2653192841733185,-0.18600591993665455,0.043091035696706255,0.11190139456113392,-0.19531624285322627,0.6213345272049654,-0.4240390815449729,-0.43639919602591715,-0.3128015041868477,-0.1661366321113696,-0.5429070081374932,-0.05809005414734869,-0.6459460939012152,0.4436329218517377,0.37581432266378156,0.11958505597498804,0.28724276280434996,-0.8376152228981352,-0.6023721868051045
0.9715064370965144,-0.9189934124886676,0.13535448695863134,-0.319633823136489,-0.09827845004677331,1.1506783904561486,-0.42254934909822456,-0.18206148631611913,0.06305505742960112,-0.8261651655001648,-1.0854589306694047,-0.432517606253061,0.060513275716929917,-0.8158870638717303,-0.12946921024991287,0.3578017879592657,0.4835162087174321,0.2885727555849565,1.1576947507350133,0.38569622399218484,-0.22392615107236452,-0.6325314974225048,-0.10729750593467408,-0.3139964509414741,0.6326289970825864,-0.043651399573620984,-0.0061726654842652415,0.2856328086460339,0.14294860694457168,0.060454092614528075,0.4041775363720708,-0.0911227198019562,1.1821492022389493,-0.8128041039226704,0.7697097114978451,1.874548789104428,0.18785387443371807,-1.0566441682357752,-0.2613039834646245,-0.18638914094188758,0.14704803816063258,1.0578676565142906,0.3488844752285675
-0.2571976659634018,0.6334088003392258,-0.26696710410853286,-0.05593703962394485,-0.05168786113769129,-0.42254934909822456,0.2727299529352693,0.23133515825201917,-0.03463594563138925,0.577612298008583,0.08691463322166798,0.3817830123038593,-0.02652021517523956,0.4265441215868953,-0.14587039554824802,-0.013071325634390184,-0.07707574151107079,-0.2328889412761076,-0.22273388760442217,-0.23905414421774046,-0.07430734137602155,0.44690453507019134,-0.1506252901157265,0.06101333964184182,-0.011678256849672742,0.2290125875927983,0.08953794911266683,-0.3418026367713401,-0.2677223191642671,4.3489572524736214e-4,-0.22348391916479615,-0.07379894612329384,-0.21676311625409517,0.7422630283673859,0.1239133614281262,-0.645090997325391,0.19167026981344595,0.25360584576336526,0.15059906875257079,0.08978256231199565,-0.17421217800244523,-0.40532311269145593,-0.04229725796421935
-0.37196635058653926,0.8203241421664277,-0.7892774069176745,0.5414902715223954,-0.06099383294407832,-0.18206148631611913,0.23133515825201917,0.6116004205751798,-0.34733219811584243,0.35692297469956,-0.26032789111619925,0.18380801469146008,-0.3487638125614029,-0.015515445422750719,-0.3042944628010857,0.7684055117551835,-0.04357741128363281,0.02410902656241587,-0.16261382548293812,0.22906607519847938,0.007860587726508899,0.17150053182373848,-0.40360708786433364,-0.006808871999257312,0.9639256766941678,0.7743879682033602,0.23672700158134027,-0.4881394365092628,-0.8058408790771542,0.15976360466133122,-0.8199656413352183,0.07459798253770095,0.4388995170750891,1.1244041379242986,0.8517949888411996,-0.2654805355080369,0.4010554855134148,0.21858949754931742,0.043797315436966154,0.5859207946717285,-0.06973613878728144,-0.2213240833132462,0.17013425573887725
0.10128534648290992,-0.48714009760212285,0.4611423148599961,-0.43424108777542475,-0.2080711451616932,0.06305505742960112,-0.03463594563138925,-0.34733219811584243,0.38868078067405665,-0.01018081517328932,0.12611215541951792,0.07711556270900663,0.35356056441397393,0.16843646448580113,0.15320612614782558,-0.5098893909192163,0.12219020835979968,-0.33820262368851417,0.12816837231074338,-0.3753608200180091,-0.16433889995591974,0.20048866936184553,0.3126529255700285,0.018428309637342297,-0.7780102181041174,-0.3753675582597247,-0.15749523071619503,0.17712375621694493,0.5787767729117267,-0.47204127122534206,0.6940004167568794,0.2421740164581298,-0.32189012198080835,-0.5306194132480256,-0.381725110832374,0.002927486840976805,0.035267000157929315,-0.28238240136230974,-0.19190417247376423,-0.38923335221798366,-0.12189983909561942,0.4076419125694511,0.18176260352993842
0.4172810428996985,1.5231318011519464,-0.538068913907205,-1.3598194192662842,-0.3016862409462965,-0.8261651655001648,0.577612298008583,0.35692297469956,-0.01018081517328932,1.7862928811413568,-0.6984418905220937,1.4894486413400179,0.08827747078257688,1.3343622207859114,-0.5056170727015993,-0.5390410882223793,0.23539899292912553,-0.569746557125253,0.3206749451766847,-0.8821527885462082,-0.6406469815878492,1.2103459752980033,-0.3886877717661293,-0.46922085521464335,-0.43361403528786624,0.18210996859921316,0.1824830657491007,-0.804283373690123,-0.403334785273581,0.302933654304543,0.06783949985059144,-1.0132239824180949,-0.12326776549794714,1.7408570309119578,0.5785054354304293,-1.0010457860864315,0.6731571957858519,0.11672320381817394,0.6171114317627808,-0.4749993323412575,-0.6010839840867873,-0.8944405905929366,-0.3044915886084442
-2.3662089829037547,-0.3375700569182096,0.7237222736405948,2.092768534969636,0.48383636103401234,-1.0854589306694047,0.08691463322166798,-0.26032789111619925,0.12611215541951792,-0.6984418905220937,3.0737910084639197,-1.0739460021340455,-0.01832976672918525,-0.03112942854007685,0.8944104196596009,-0.24811412298182506,-1.1809516263793978,-0.06162078443187162,-2.5802400464891857,0.17508964439053204,1.1901267674112344,-0.14864340308290722,0.7399179383884404,1.3574248202330548,-0.9267196558164226,-0.30897599468819786,-0.2945102019677961,0.4948887093842127,0.4437108547859672,-0.7238755861671466,-0.5289332463884289,1.5930573469928415,-2.311474685411245,-0.8654179982009109,-2.353541877918245,-2.2790651004074447,-1.1501362556958583,1.7413860833933363,-0.41205612417815224,0.790396607871856,0.41502950785798737,-0.8038546752679985,-0.16106762935328583
0.8009754395648337,1.0097655593633028,-0.40628302847239406,-1.569204561952783,-0.4350754558459259,-0.432517606253061,0.3817830123038593,0.18380801469146008,0.07711556270900663,1.4894486413400179,-1.0739460021340455,1.4012155500756849,0.1705111538970817,1.073189061423793,-0.44535466022379167,-0.5570912666176256,0.46248424450481196,-0.5043661997168274,0.750889818890484,-0.8180947840022615,-0.7804344149943012,0.9798670993134972,-0.23527774617888808,-0.7111506333594126,-0.5167970161337967,0.03026004506003912,0.11683930509330609,-0.5903723587859568,-0.12960336408284712,0.190043593731172,0.4217088543381108,-0.9737304572975133,0.22937771599419396,1.247251180562345,0.7123577465122576,-0.37563966301906854,0.7349647026888908,-0.30563255604237977,0.46242450106853766,-0.6671972834470652,-0.5722085450942673,-0.32527465438834374,-0.14282305672346307
0.2892398014871443,-0.3778959574045196,0.4492511875280815,-0.6414163804841845,-0.15683590042717271,0.060513275716929917,-0.02652021517523956,-0.3487638125614029,0.35356056441397393,0.08827747078257688,-0.01832976672918525,0.1705111538970817,0.3452720299515279,0.24369188957251664,0.08947773652193841,-0.5830463123424138,0.15366972514058247,-0.29363528773738923,0.25752217819718254,-0.40545666980105993,-0.21277262441690462,0.21773576726925192,0.23360171054948858,-0.05073651461232094,-0.7601506237131572,-0.4241306844801116,-0.13663463976391846,0.14120117727319892,0.5337147912810747,-0.2978446595011201,0.7029872066045275,-0.010415604523608419,-0.26608399147467404,-0.44836755825498886,-0.3362738787674689,0.07258718778027846,0.024065347837798203,-0.302751389521734,-0.06555275623437415,-0.4848081233102,-0.1326663291286093,0.2582414237867303,0.052780469447349196
0.23720071379533597,0.9808729361777939,0.039798196329549486,-1.218208044695028,-0.11553308305116827,-0.8158870638717303,0.4265441215868953,-0.015515445422750719,0.16843646448580113,1.3343622207859114,-0.03112942854007685,1.073189061423793,0.24369188957251664,1.2226620892039404,-0.20615301993379911,-0.9194996053532266,0.035248117061521714,-0.5141542454660643,-0.016673824320033902,-0.8749941710457928,-0.3781456629460343,0.9885835573749806,-0.10936944638447345,-0.16652211506642833,-0.9452081669768134,-0.27731222637504027,0.012564107498586512,-0.43231096848341966,0.04849185567628958,0.1725415631197888,0.3530790776692367,-0.7986532672133521,-0.691841641626605,0.9143482963245748,-0.25850362312480474,-1.0924668208002966,0.2085261551943758,0.2877761407863134,0.5170018918814372,-0.6048158064708646,-0.4321253017289124,-0.9452616023078898,-0.44262563738782124
-0.5933347378175016,-0.6753421916348372,0.4078004125366273,0.6147584016076201,0.035728329386645705,-0.12946921024991287,-0.14587039554824802,-0.3042944628010857,0.15320612614782558,-0.5056170727015993,0.8944104196596009,-0.44535466022379167,0.08947773652193841,-0.20615301993379911,0.47451791608113675,-0.19221269898122342,-0.2520053228567083,0.017447610603602896,-0.6374133645142646,0.07448040974985433,0.3096502101890034,-0.2636122627475241,0.5401597145873487,0.2371527913015704,-0.6373863051985088,-0.31029411094082815,-0.19304616366746385,0.43915124368717817,0.5400254896057348,-0.46601655123454033,0.18968983158261607,0.6920857337972621,-0.6394584143800295,-0.8485825141414263,-0.9029131012428309,-0.4252612384975699,-0.4276450070487811,0.2921461538581998,-0.2925445241854544,0.08386773139491796,0.16669025085646327,0.2931921963959931,0.08101761948509291
-0.733386279318767,0.2362338621928745,-1.0143217671378306,1.6356428851109786,-0.055255535284817914,0.3578017879592657,-0.013071325634390184,0.7684055117551835,-0.5098893909192163,-0.5390410882223793,-0.24811412298182506,-0.5570912666176256,-0.5830463123424138,-0.9194996053532266,-0.19221269898122342,1.6440856649122806,-0.07457935557225957,0.3366655258420025,-0.23318085559641513,0.8936576562470436,0.27200889516983184,-0.4753934101475657,-0.3524284074752469,0.12460396256920614,1.8183175106997278,1.1925741773453942,0.2723566362268276,-0.28337407563929873,-0.9800289673921616,-0.07409857507647068,-1.2367481795733437,0.8369681999726057,1.018068530738178,0.7041433252395157,1.2353056169002288,0.40584393145252146,0.3875974260350875,0.03838523606235212,-0.399998857753679,1.197171409194355,0.20679593204874458,0.5514525650870282,0.6336887020194221
0.9408528870842927,-0.14935666975259124,-0.10808445003039059,-0.9593107565415101,-0.37236816044311744,0.4835162087174321,-0.07707574151107079,-0.04357741128363281,0.12219020835979968,0.23539899292912553,-1.1809516263793978,0.46248424450481196,0.15366972514058247,0.035248117061521714,-0.2520053228567083,-0.07457935557225957,0.5595630371289413,-0.13630766798902177,1.0619119293852506,-0.2078923617440228,-0.5596578293188903,0.12869425755088085,-0.08190719036388533,-0.5914411741127877,0.009421710600432585,-0.02088242798700882,0.024967736835308493,-0.08694106251621427,0.1159239908878441,-0.012608817706292177,0.5469091814539421,-0.40181137635764425,0.8152121739558013,0.05859644322725175,0.8097643710456988,0.9149222138493097,0.5365737427271069,-0.8305764131019295,-0.01857312961539447,-0.4604068685295357,-0.22209764806380491,0.6476966932148386,0.24086004004630857
0.20403184256073317,-0.139196479732054,-0.052031688764163406,0.39500527705771016,0.4240029234705397,0.2885727555849565,-0.2328889412761076,0.02410902656241587,-0.33820262368851417,-0.569746557125253,-0.06162078443187162,-0.5043661997168274,-0.29363528773738923,-0.5141542454660643,0.017447610603602896,0.3366655258420025,-0.13630766798902177,0.6200567280015854,0.04639972143090615,0.5694915405044811,0.30443603352426274,-0.6688535353527725,-0.1857303678941108,0.017702932628198595,0.6543454144466283,-0.008116496487869837,0.06014861153753155,0.20797871581226723,-0.2550499931489198,0.6089723009564586,-0.44912116990953926,-0.35192874762830195,0.3502752751204192,-0.30279040509901145,-0.006040683277540334,0.5684514115580775,-0.4298204812739032,0.11577376749485553,0.18888602227318751,0.20898335403679802,0.3342092611570002,-0.25526250547675455,-0.34764305620879604
2.3692541462458863,-0.2593801761040769,-0.11728986619885037,-2.1886832745160767,-0.31803674000466653,1.1576947507350133,-0.22273388760442217,-0.16261382548293812,0.12816837231074338,0.3206749451766847,-2.5802400464891857,0.750889818890484,0.25752217819718254,-0.016673824320033902,-0.6374133645142646,-0.23318085559641513,1.0619119293852506,0.04639972143090615,2.4645041847986286,-0.28379999612704215,-1.0482045270959843,-0.00928116652863163,-0.4670564942979374,-1.1129430320314253,0.3104109215662257,-0.20169990378043293,0.13458716850445177,-0.14415685852370697,0.0893552667677414,0.5674647686956606,0.9698320404516844,-1.4737743448044116,1.8136439550161023,0.032769990382589514,1.5708289144387528,2.3186687257290157,0.7301123842529854,-1.7555412595582276,0.3638534866303758,-1.055999010266586,-0.3006072286488663,0.8515296654964875,0.025018514725691467
-0.3765135493962889,-0.26470229702187476,-0.26403841326193583,1.1955523690956145,0.27805324203081716,0.38569622399218484,-0.23905414421774046,0.22906607519847938,-0.3753608200180091,-0.8821527885462082,0.17508964439053204,-0.8180947840022615,-0.40545666980105993,-0.8749941710457928,0.07448040974985433,0.8936576562470436,-0.2078923617440228,0.5694915405044811,-0.28379999612704215,0.8309855364479982,0.4617148583277319,-0.7701335707781563,-0.13184486654213437,0.21880667763495748,1.0924936615863405,0.3956557538865878,0.07875778816297856,0.1798531386759773,-0.42731129684925445,0.2194700999158247,-0.7584693664295615,0.396473573125703,0.46792887888652424,-0.2639442478436861,0.23965362955095867,0.5202036510506144,-0.25818598261483205,0.1742549336214673,-0.20261964332808463,0.7014343613124902,0.3950109846993655,0.16540894027041653,0.10365427776807025
-0.9407257717367493,-0.14020853309620265,0.17814057156171603,1.2210023418561813,0.4095659381715887,-0.22392615107236452,-0.07430734137602155,0.007860587726508899,-0.16433889995591974,-0.6406469815878492,1.1901267674112344,-0.7804344149943012,-0.21277262441690462,-0.3781456629460343,0.3096502101890034,0.27200889516983184,-0.5596578293188903,0.30443603352426274,-1.0482045270959843,0.4617148583277319,0.6823129844071,-0.4233606799925419,0.09869358966026595,0.6401665254638801,0.24190431022903439,0.029306942773686232,-0.05267255805748905,0.2400886855943989,-0.11225835335859066,0.018285169433493263,-0.5980537823822004,0.5589567030278518,-0.6401912322587741,-0.393100407273994,-0.772737721433223,-0.5515591859468862,-0.6118086952613255,0.7623023771686096,-0.13250864795424067,0.5786561269105589,0.3571864666598068,-0.44373555499773065,-0.14981121674193382
-0.030348395731219682,0.9052836900645903,-0.1821616634696845,-0.8351898021888894,-0.3605048701598001,-0.6325314974225048,0.44690453507019134,0.17150053182373848,0.20048866936184553,1.2103459752980033,-0.14864340308290722,0.9798670993134972,0.21773576726925192,0.9885835573749806,-0.2636122627475241,-0.4753934101475657,0.12869425755088085,-0.6688535353527725,-0.00928116652863163,-0.7701335707781563,-0.4233606799925419,1.0308188389590396,-0.11993351712788314,-0.11499302080424659,-0.5693159284133825,0.09484765709369675,0.046867048704625054,-0.5429676459819899,-0.09476688843128764,-0.1987087815031624,0.24331732294915515,-0.2532634760344274,-0.4007976348023426,1.0619000672425147,0.20779918831923938,-0.9408219239145076,0.5550513231166059,0.10371342456813533,0.1788391152379303,-0.30932499563638854,-0.4775381747486818,-0.43899968694693675,0.034645006854042745
-0.5052227863238071,-0.8884813212826534,0.45227663788381034,0.36965925637673214,-0.2197559562468526,-0.10729750593467408,-0.1506252901157265,-0.40360708786433364,0.3126529255700285,-0.3886877717661293,0.7399179383884404,-0.23527774617888808,0.23360171054948858,-0.10936944638447345,0.5401597145873487,-0.3524284074752469,-0.08190719036388533,-0.1857303678941108,-0.4670564942979374,-0.13184486654213437,0.09869358966026595,-0.11993351712788314,0.7707365937103675,0.031187573548746243,-1.0358763695215285,-0.40106149773697736,-0.2573969114078919,0.4865521863625465,0.8265917638622731,-0.7843219684954978,0.5562347084864848,0.8672071317729618,-0.6279168165509462,-0.9766842834808662,-0.880061903191518,-0.4274465032778569,-0.23841243662604703,0.06873191408195685,-0.43424173949454636,-0.10781166787316226,0.044499101995008165,0.7195402073142718,0.2829755464662001
-1.0796146415105745,-0.025695221146936828,0.3055990749861,1.0870476293668128,0.37307709517627985,-0.3139964509414741,0.06101333964184182,-0.006808871999257312,0.018428309637342297,-0.46922085521464335,1.3574248202330548,-0.7111506333594126,-0.05073651461232094,-0.16652211506642833,0.2371527913015704,0.12460396256920614,-0.5914411741127877,0.017702932628198595,-1.1129430320314253,0.21880667763495748,0.6401665254638801,-0.11499302080424659,0.031187573548746243,0.8869945587609478,0.10817556707558063,0.035067120041946336,-0.05534346333567523,0.09634547582367325,-0.09251594170089489,-0.1707865605781256,-0.4776699532049472,0.6855329828686121,-0.8953757099283738,-0.24956017569252095,-0.836740456458999,-0.7543594262605207,-0.5111629771457639,0.7444303078108023,-0.17039478083746765,0.5366337422505267,0.25325309326418144,-0.5441438310444557,-0.06132247500157418
-0.03557501188131933,0.8069922956244212,-1.178429940570957,1.148340253395305,0.2653192841733185,0.6326289970825864,-0.011678256849672742,0.9639256766941678,-0.7780102181041174,-0.43361403528786624,-0.9267196558164226,-0.5167970161337967,-0.7601506237131572,-0.9452081669768134,-0.6373863051985088,1.8183175106997278,0.009421710600432585,0.6543454144466283,0.3104109215662257,1.0924936615863405,0.24190431022903439,-0.5693159284133825,-1.0358763695215285,0.10817556707558063,2.7141460109093956,1.3113153881072335,0.44815249357445464,-0.5528632534178033,-1.5977202702631363,0.8079916143753095,-1.5930774677352195,-0.12594075353206244,1.5827849603871618,1.1957006174805052,1.8474496605960256,1.1096913615534039,0.4211153992305356,-0.07798811151121847,0.021945632589563918,1.1460592579308972,0.27395585002446965,-0.15456848744080934,0.2308842701434367
-0.6329034672074847,0.7166838858908112,-1.0189269194960475,1.0022192674407786,-0.18600591993665455,-0.043651399573620984,0.2290125875927983,0.7743879682033602,-0.3753675582597247,0.18210996859921316,-0.30897599468819786,0.03026004506003912,-0.4241306844801116,-0.27731222637504027,-0.31029411094082815,1.1925741773453942,-0.02088242798700882,-0.008116496487869837,-0.20169990378043293,0.3956557538865878,0.029306942773686232,0.09484765709369675,-0.40106149773697736,0.035067120041946336,1.3113153881072335,1.105094857738434,0.2853992880017181,-0.5359475161631834,-0.9375857411849612,-0.10427942486358426,-1.0126287536189476,0.5153181951477094,0.704257677667239,1.2143874894974085,1.1812796767804552,-0.150962702528862,0.5770852260924675,0.1012449908113205,-0.18219175891618,0.8922188438229628,-0.06308375137513662,0.19328770101167528,0.5093074905859865
0.06934968548898907,0.3655866754813836,-0.3308191760223367,0.03179678009784464,0.043091035696706255,-0.0061726654842652415,0.08953794911266683,0.23672700158134027,-0.15749523071619503,0.1824830657491007,-0.2945102019677961,0.11683930509330609,-0.13663463976391846,0.012564107498586512,-0.19304616366746385,0.2723566362268276,0.024967736835308493,0.06014861153753155,0.13458716850445177,0.07875778816297856,-0.05267255805748905,0.046867048704625054,-0.2573969114078919,-0.05534346333567523,0.44815249357445464,0.2853992880017181,0.1302624418784511,-0.2225167007688931,-0.36046588001294877,0.21267661899184936,-0.3151686236867099,-0.20191485057346473,0.304511591396688,0.4957499353948618,0.4267022238690142,0.07001422117187148,0.14020084501595925,-0.020688267675512472,0.14280276515441925,0.15058827740030525,-0.033144988775321106,-0.152095208137564,-0.030473943216861588
-0.028623423911694562,-1.0287002026006018,0.6143882252374487,0.2517136628011202,0.11190139456113392,0.2856328086460339,-0.3418026367713401,-0.4881394365092628,0.17712375621694493,-0.804283373690123,0.4948887093842127,-0.5903723587859568,0.14120117727319892,-0.43231096848341966,0.43915124368717817,-0.28337407563929873,-0.08694106251621427,0.20797871581226723,-0.14415685852370697,0.1798531386759773,0.2400886855943989,-0.5429676459819899,0.4865521863625465,0.09634547582367325,-0.5528632534178033,-0.5359475161631834,-0.2225167007688931,0.6170222670753703,0.674461465911741,-0.24695542871947562,0.44150150242526126,0.37097561541559837,-0.2957525930310411,-1.2900665648781378,-0.8121020783066653,0.3208656307564863,-0.5118024392469186,-0.06660808170955841,-0.2488535670922301,-0.1606117636143131,0.2526803262992038,0.46790386225679653,-0.0072061325658769135
0.20129039411503777,-1.2737881282470582,0.9593207569303009,-0.5295830078717098,-0.19531624285322627,0.14294860694457168,-0.2677223191642671,-0.8058408790771542,0.5787767729117267,-0.403334785273581,0.4437108547859672,-0.12960336408284712,0.5337147912810747,0.04849185567628958,0.5400254896057348,-0.9800289673921616,0.1159239908878441,-0.2550499931489198,0.0893552667677414,-0.42731129684925445,-0.11225835335859066,-0.09476688843128764,0.8265917638622731,-0.09251594170089489,-1.5977202702631363,-0.9375857411849612,-0.36046588001294877,0.674461465911741,1.2832298027352096,-0.7015132893963457,1.243227351547013,0.3990791233964337,-0.6592485790733421,-1.5209384438932922,-1.138729835615793,0.07348962997276383,-0.34964747009455666,-0.3537505833572084,-0.2990616278978187,-0.7228298205948159,-0.011514464016631037,0.788931982133599,0.09811643878742468
1.0028488656758465,0.8702328358443926,-0.18203141249710061,-0.7825027858062037,0.6213345272049654,0.060454092614528075,4.3489572524736214e-4,0.15976360466133122,-0.47204127122534206,0.302933654304543,-0.7238755861671466,0.190043593731172,-0.2978446595011201,0.1725415631197888,-0.46601655123454033,-0.07409857507647068,-0.012608817706292177,0.6089723009564586,0.5674647686956606,0.2194700999158247,0.018285169433493263,-0.1987087815031624,-0.7843219684954978,-0.1707865605781256,0.8079916143753095,-0.10427942486358426,0.21267661899184936,-0.24695542871947562,-0.7015132893963457,1.4685523363923447,-0.4983051668708112,-1.668684964775724,0.4632103407096215,0.609377131274589,0.3608217430323181,0.5704483138686529,-0.2855044671458067,0.14383690430252163,0.8671376086985465,-0.2334823934223308,0.1403273674884845,-1.3440997253362623,-0.9668040590855737
1.0865700388558546,-1.0398244363155627,0.9368658653953863,-1.6505020956980594,-0.4240390815449729,0.4041775363720708,-0.22348391916479615,-0.8199656413352183,0.6940004167568794,0.06783949985059144,-0.5289332463884289,0.4217088543381108,0.7029872066045275,0.3530790776692367,0.18968983158261607,-1.2367481795733437,0.5469091814539421,-0.44912116990953926,0.9698320404516844,-0.7584693664295615,-0.5980537823822004,0.24331732294915515,0.5562347084864848,-0.4776699532049472,-1.5930774677352195,-1.0126287536189476,-0.3151686236867099,0.44150150242526126,1.243227351547013,-0.4983051668708112,1.6863311584361491,-0.25958991546445864,-0.14898728345409748,-1.1969324247954878,-0.48736587358514977,0.6796432549769577,0.11462380907461135,-0.9282658231432855,-0.14178553772568087,-1.2201909697295783,-0.2586137528986495,0.8544217756500742,0.11056273966675481
-2.055808156288908,-1.0286662930126698,0.007498505553843194,2.312326503355826,-0.43639919602591715,-0.0911227198019562,-0.07379894612329384,0.07459798253770095,0.2421740164581298,-1.0132239824180949,1.5930573469928415,-0.9737304572975133,-0.010415604523608419,-0.7986532672133521,0.6920857337972621,0.8369681999726057,-0.40181137635764425,-0.35192874762830195,-1.4737743448044116,0.396473573125703,0.5589567030278518,-0.2532634760344274,0.8672071317729618,0.6855329828686121,-0.12594075353206244,0.5153181951477094,-0.20191485057346473,0.37097561541559837,0.3990791233964337,-1.668684964775724,-0.25958991546445864,2.59666208709126,-0.652799039875783,-0.776775045679437,-0.5566292419153359,-0.8822690969580566,0.023812925360555987,0.41041982523377424,-1.2417513577195003,1.0766390645254291,0.1849026129148595,1.4027062968081567,1.2039192485797021
1.4219027217499083,-0.014544822663504047,-0.8688986642738854,-0.5799763584030395,-0.3128015041868477,1.1821492022389493,-0.21676311625409517,0.4388995170750891,-0.32189012198080835,-0.12326776549794714,-2.311474685411245,0.22937771599419396,-0.26608399147467404,-0.691841641626605,-0.6394584143800295,1.018068530738178,0.8152121739558013,0.3502752751204192,1.8136439550161023,0.46792887888652424,-0.6401912322587741,-0.4007976348023426,-0.6279168165509462,-0.8953757099283738,1.5827849603871618,0.704257677667239,0.304511591396688,-0.2957525930310411,-0.6592485790733421,0.4632103407096215,-0.14898728345409748,-0.652799039875783,2.2612564543613543,0.5431094719966918,2.191541746054848,2.168900983617561,0.864442095332707,-1.3580760857064564,0.021356801981811235,0.014863101184881402,-0.08706366384841001,1.0707117260573276,0.4521223051312424
-0.1578262621759439,2.315784542510223,-1.468985172442346,-0.2313973280534777,-0.1661366321113696,-0.8128041039226704,0.7422630283673859,1.1244041379242986,-0.5306194132480256,1.7408570309119578,-0.8654179982009109,1.247251180562345,-0.44836755825498886,0.9143482963245748,-0.8485825141414263,0.7041433252395157,0.05859644322725175,-0.30279040509901145,0.032769990382589514,-0.2639442478436861,-0.393100407273994,1.0619000672425147,-0.9766842834808662,-0.24956017569252095,1.1957006174805052,1.2143874894974085,0.4957499353948618,-1.2900665648781378,-1.5209384438932922,0.609377131274589,-1.1969324247954878,-0.776775045679437,0.5431094719966918,2.860427643544954,1.6067886288754027,-0.9976951920068932,0.9574955204027672,0.4110412794042709,0.6046523833575195,0.49718714893736715,-0.4852108175801131,-1.1455707998973041,-0.09654016533490715
1.0420271104698813,0.8387686500606863,-1.3212082680127646,-0.5539403480371535,-0.5429070081374932,0.7697097114978451,0.1239133614281262,0.8517949888411996,-0.381725110832374,0.5785054354304293,-2.353541877918245,0.7123577465122576,-0.3362738787674689,-0.25850362312480474,-0.9029131012428309,1.2353056169002288,0.8097643710456988,-0.006040683277540334,1.5708289144387528,0.23965362955095867,-0.772737721433223,0.20779918831923938,-0.880061903191518,-0.836740456458999,1.8474496605960256,1.1812796767804552,0.4267022238690142,-0.8121020783066653,-1.138729835615793,0.3608217430323181,-0.48736587358514977,-0.5566292419153359,2.191541746054848,1.6067886288754027,2.688581436168352,1.4949229262313675,1.3600336133943265,-1.111822888369373,0.02163298436013538,0.2549518425526971,-0.3356579231877813,0.7395636071379357,0.6370958389927952
2.1518373792108143,-1.1461015029372286,0.12258909626252727,-1.1486456361695871,-0.05809005414734869,1.874548789104428,-0.645090997325391,-0.2654805355080369,0.002927486840976805,-1.0010457860864315,-2.2790651004074447,-0.37563966301906854,0.07258718778027846,-1.0924668208002966,-0.4252612384975699,0.40584393145252146,0.9149222138493097,0.5684514115580775,2.3186687257290157,0.5202036510506144,-0.5515591859468862,-0.9408219239145076,-0.4274465032778569,-0.7543594262605207,1.1096913615534039,-0.150962702528862,0.07001422117187148,0.3208656307564863,0.07348962997276383,0.5704483138686529,0.6796432549769577,-0.8822690969580566,2.168900983617561,-0.9976951920068932,1.4949229262313675,3.2725613182910296,0.3435638634482404,-1.840707522660881,-0.05972716378007257,-0.5750938332778667,0.16960491053185728,1.351613829545546,0.2441329183281255
0.37214999963021084,0.47581474633472975,-0.6259930531098156,-0.5467587297024479,-0.6459460939012152,0.18785387443371807,0.19167026981344595,0.4010554855134148,0.035267000157929315,0.6731571957858519,-1.1501362556958583,0.7349647026888908,0.024065347837798203,0.2085261551943758,-0.4276450070487811,0.3875974260350875,0.5365737427271069,-0.4298204812739032,0.7301123842529854,-0.25818598261483205,-0.6118086952613255,0.5550513231166059,-0.23841243662604703,-0.5111629771457639,0.4211153992305356,0.5770852260924675,0.14020084501595925,-0.5118024392469186,-0.34964747009455666,-0.2855044671458067,0.11462380907461135,0.023812925360555987,0.864442095332707,0.9574955204027672,1.3600336133943265,0.3435638634482404,1.0276636010858837,-0.6195390129422397,-0.19319233867756863,-0.028897711628551672,-0.40195833131073183,0.6300061130898197,0.6103540240575185
-1.4756892847358822,0.741706575963405,-0.025292768704166663,1.255778250319651,0.4436329218517377,-1.0566441682357752,0.25360584576336526,0.21858949754931742,-0.28238240136230974,0.11672320381817394,1.7413860833933363,-0.30563255604237977,-0.302751389521734,0.2877761407863134,0.2921461538581998,0.03838523606235212,-0.8305764131019295,0.11577376749485553,-1.7555412595582276,0.1742549336214673,0.7623023771686096,0.10371342456813533,0.06873191408195685,0.7444303078108023,-0.07798811151121847,0.1012449908113205,-0.020688267675512472,-0.06660808170955841,-0.3537505833572084,0.14383690430252163,-0.9282658231432855,0.41041982523377424,-1.3580760857064564,0.4110412794042709,-1.111822888369373,-1.840707522660881,-0.6195390129422397,1.5233232084718542,0.11958009963499369,0.6674744079860804,0.21591873263001823,-1.3370980034416682,-0.45328680381215536
0.6715366760702892,0.7334925726833156,-0.09788707230432951,-0.8472539549474913,0.37581432266378156,-0.2613039834646245,0.15059906875257079,0.043797315436966154,-0.19190417247376423,0.6171114317627808,-0.41205612417815224,0.46242450106853766,-0.06555275623437415,0.5170018918814372,-0.2925445241854544,-0.399998857753679,-0.01857312961539447,0.18888602227318751,0.3638534866303758,-0.20261964332808463,-0.13250864795424067,0.1788391152379303,-0.43424173949454636,-0.17039478083746765,0.021945632589563918,-0.18219175891618,0.14280276515441925,-0.2488535670922301,-0.2990616278978187,0.8671376086985465,-0.14178553772568087,-1.2417513577195003,0.021356801981811235,0.6046523833575195,0.02163298436013538,-0.05972716378007257,-0.19319233867756863,0.11958009963499369,0.7500139077540788,-0.3683777498532469,-0.06590566921426663,-1.0180854077284782,-0.7509873666922401
-1.3649332882621756,0.2824184011708933,-0.6419013021268903,1.9087436635453172,0.11958505597498804,-0.18638914094188758,0.08978256231199565,0.5859207946717285,-0.38923335221798366,-0.4749993323412575,0.790396607871856,-0.6671972834470652,-0.4848081233102,-0.6048158064708646,0.08386773139491796,1.197171409194355,-0.4604068685295357,0.20898335403679802,-1.055999010266586,0.7014343613124902,0.5786561269105589,-0.30932499563638854,-0.10781166787316226,0.5366337422505267,1.1460592579308972,0.8922188438229628,0.15058827740030525,-0.1606117636143131,-0.7228298205948159,-0.2334823934223308,-1.2201909697295783,1.0766390645254291,0.014863101184881402,0.49718714893736715,0.2549518425526971,-0.5750938332778667,-0.028897711628551672,0.6674744079860804,-0.3683777498532469,1.2056563369023265,0.25137908702202455,0.01012673680105678,0.3936748186556805
-0.2338861289488774,-0.3222044590336104,0.14851802178785142,0.5982161518380117,0.28724276280434996,0.14704803816063258,-0.17421217800244523,-0.06973613878728144,-0.12189983909561942,-0.6010839840867873,0.41502950785798737,-0.5722085450942673,-0.1326663291286093,-0.4321253017289124,0.16669025085646327,0.20679593204874458,-0.22209764806380491,0.3342092611570002,-0.3006072286488663,0.3950109846993655,0.3571864666598068,-0.4775381747486818,0.044499101995008165,0.25325309326418144,0.27395585002446965,-0.06308375137513662,-0.033144988775321106,0.2526803262992038,-0.011514464016631037,0.1403273674884845,-0.2586137528986495,0.1849026129148595,-0.08706366384841001,-0.4852108175801131,-0.3356579231877813,0.16960491053185728,-0.40195833131073183,0.21591873263001823,-0.06590566921426663,0.25137908702202455,0.2841022167540206,-0.071548824077127815,-0.11529630657677985
0.1778162958129816,-1.6748667303761249,-0.028191987610546997,0.33904346684991415,-0.8376152228981352,1.0578676565142906,-0.40532311269145593,-0.2213240833132462,0.4076419125694511,-0.8944405905929366,-0.8038546752679985,-0.32527465438834374,0.2582414237867303,-0.9452616023078898,0.2931921963959931,0.5514525650870282,0.6476966932148386,-0.25526250547675455,0.8515296654964875,0.16540894027041653,-0.44373555499773065,-0.43899968694693675,0.7195402073142718,-0.5441438310444557,-0.15456848744080934,0.19328770101167528,-0.152095208137564,0.46790386225679653,0.788931982133599,-1.3440997253362623,0.8544217756500742,1.4027062968081567,1.0707117260573276,-1.1455707998973041,0.7395636071379357,1.351613829545546,0.6300061130898197,-1.3370980034416682,-1.0180854077284782,0.01012673680105678,-0.071548824077127815,2.6112716238422733,1.319341061489315
-0.4858813481066708,-0.5085081489290487,-0.26990588998346954,0.6525693667047315,-0.6023721868051045,0.3488844752285675,-0.04229725796421935,0.17013425573887725,0.18176260352993842,-0.3044915886084442,-0.16106762935328583,-0.14282305672346307,0.052780469447349196,-0.44262563738782124,0.08101761948509291,0.6336887020194221,0.24086004004630857,-0.34764305620879604,0.025018514725691467,0.10365427776807025,-0.14981121674193382,0.034645006854042745,0.2829755464662001,-0.06132247500157418,0.2308842701434367,0.5093074905859865,-0.030473943216861588,-0.0072061325658769135,0.09811643878742468,-0.9668040590855737,0.11056273966675481,1.2039192485797021,0.4521223051312424,-0.09654016533490715,0.6370958389927952,0.2441329183281255,0.6103540240575185,-0.45328680381215536,-0.7509873666922401,0.3936748186556805,-0.11529630657677985,1.319341061489315,0.9937484979832722
