V1,V2,V3,V4,V5,V6,V7,V8,V9,V10,V11,V12,V13,V14,V15,V16,V17,V18,V19,V20,V21,V22,V23,V24,V25,V26,V27,V28,V29,V30,V31,V32,V33,V34,V35,V36,V37,V38,V39,V40,V41,V42,V43
1.0949589079927258,0.44300326526422745,0.6628611855286705,0.1824244216697732,-0.7768174520403339,0.0633099542879881,0.010095326812768007,-0.03518571837074895,0.9084787975459132,-0.8953889274641584,2.415473951607244,-0.5367086859252861,2.237732516512733,0.9728126251395929,1.0349274542195421,1.4127833784938295,-1.392020948872173,-1.14487413703076,-0.7387012909461256,-0.2753211532324211,1.063092844238719,-0.0407178239420832,0.504997976373369,0.7462627414258995,-0.9897003198106966,1.2619796886718595,0.48508395638834395,-0.960004495657913,-0.7690115632113272,0.8440796448931269,-0.19091676729089063,0.551138223290256,-2.202730619631367,-0.20885425105489147,-0.5770266256903736,1.0983663148331078,-0.5706789510150888,0.001972008062172325,0.8627543824473901,-0.851435851624338,1.0610597904849812,0.08838603182375657,0.3088151607978591
0.44300326526422745,0.33782665925509947,0.14202982405484316,-0.04210112632794759,-0.4658291131453844,-0.07406157217817382,-0.24197716150824128,-0.31196762519695703,0.32784472861736885,-0.3500199292909013,1.4059810083534454,0.02408633796134192,1.280455161970769,0.6476243469401025,0.39019375707035703,0.5747327046301088,-0.6338150359279848,-0.3199047530536947,-0.06907938505978928,-0.18188530132358824,0.43720408423388907,-0.16140641093800825,0.06402120892125743,0.3085885581873845,-0.9532197432102042,0.44416871063587404,0.2652880949467226,-0.5492565912645353,-0.059715126505939166,-0.05034353109684069,0.06902779778202725,0.026586267583978036,-1.1473487946299317,-0.012812316885280043,-0.215278884133449,0.5146316505632069,-0.2811331755981951,-0.22398805218657336,0.46903885305086723,-0.29508691366481177,0.44393857203070913,0.4360085032279755,0.44824318353409276
0.6628611855286705,0.14202982405484316,1.611989969164357,0.16633449199950961,-0.21178849459623356,0.3978713922961611,0.2101643494085289,1.1937628825207312,0.7335085385255815,-1.7497032694102734,0.968691788773244,0.07881452610570444,0.7249881807156952,0.5341163189795289,-0.228897528859109,0.24961231185461183,-0.8598835289440878,-1.2931389071657624,-1.3648347554605096,-0.4578366956097757,1.4117118404906077,-0.5757447595745356,0.7471591638052534,0.7750072138515883,-0.3815167420809368,1.4115463409116042,0.6473826925910036,0.17074976536805894,-0.9421832688179036,0.6302715614203529,-1.1059226638314381,1.4471511622060675,-0.6845922073933718,0.029282037892979503,0.2138568715043006,0.5563566552886264,-0.6266362712604073,1.4719531629952005,0.7748627258885742,-0.9313967156117019,1.250009898523667,7.297264748605983e-4,-0.7931095122305906
0.1824244216697732,-0.04210112632794759,0.16633449199950961,0.11808601893375877,-0.025099903661231146,0.07637167152844056,0.18615458034226176,0.173665552773368,0.1790367244151642,-0.12473358552191295,0.09928639784330624,-0.29267696397470766,0.11396692319001682,-0.024864376633114575,0.22568728450414208,0.24675813376399902,-0.18312968904257954,-0.2754654385003777,-0.273751949309114,0.01420666846387413,0.1455577388261627,0.12242986631812577,0.1804620041176802,0.11015420341100417,0.2520287044041293,0.24662968378724306,0.013940592575853705,-0.0687401152448521,-0.3065528705022132,0.4369647210027963,-0.10938770807266979,0.20948342203897563,-0.19789641475059067,-0.09179328299296967,-0.13363457010121849,0.13912606418505585,-0.05020248015289136,0.12470464063921644,0.04512993100344887,-0.16396673636293058,0.14705527956226483,-0.2873905346276785,-0.15504202727652028
-0.7768174520403339,-0.4658291131453844,-0.21178849459623356,-0.025099903661231146,0.7269642809860952,0.07977840624103513,0.23608771763556485,0.44571070945530067,-0.5980419358729806,0.48719589474440733,-2.1852002776731703,0.21898291556163296,-2.0131144847462106,-0.9372885430076373,-0.8245837907088819,-1.0823062307316633,1.0571463089741313,0.5927411567245086,0.21139923333556004,0.2173834348323649,-0.6634333603208946,0.08694788423157891,-0.1940659557497693,-0.496503107381529,1.221066891395839,-0.7607829682866367,-0.35242745353459165,0.9347598869511301,0.25536151395321793,-0.24033755060700154,-0.12097224945643086,-0.08135209304166416,1.8995089820205362,0.08194237231283756,0.46367402478325065,-0.8645514101787899,0.41646282119278344,0.3842545445425573,-0.7017732850848446,0.5240663789452786,-0.6951083687133032,-0.4157556125592915,-0.6473551789957916
0.0633099542879881,-0.07406157217817382,0.3978713922961611,0.07637167152844056,0.07977840624103513,0.14039282249588186,0.1598956058758856,0.42272809999148636,0.1218196064108776,-0.37024884261076974,-0.15237043028113859,-0.0376542741353184,-0.17918768027480667,-0.057152063372567403,-0.13823650366963514,-0.07737832210114637,-0.06219784712842228,-0.26940463943311366,-0.3782284741055765,-0.061155334555534506,0.25097228418029555,-0.07854182082965766,0.2076027806138328,0.12358821872234534,0.23441815556103948,0.2721130801321094,0.08323662984993555,0.1917982969597341,-0.2716085714848352,0.24778386088464244,-0.3208038565979303,0.40100344649245256,0.13304797758597237,0.005066814707551566,0.09630998128206542,0.014258745938546069,-0.085493571848547,0.4667976199389604,0.06752441724174577,-0.17748840050797648,0.21093107980080517,-0.1793468576203325,-0.3545090257122312
0.010095326812768007,-0.24197716150824128,0.2101643494085289,0.18615458034226176,0.23608771763556485,0.1598956058758856,0.40953945591736574,0.45906594424333597,0.07448831615185204,-0.04674193206590497,-0.6693866110491655,-0.4110586344078082,-0.573533764041029,-0.3937061859951088,0.05205798872011672,-0.023732120691449886,0.08614814980706322,-0.24434360192252583,-0.3982207352578464,0.08970924219375905,0.001730612307710754,0.22517450176902637,0.23132904467637447,0.0029067916743528307,0.8899442471713542,0.14570067653073385,-0.10460937594002719,0.24604128551236557,-0.43073463397990036,0.6369041782425253,-0.24054025070152438,0.34217301002188255,0.4074339874662669,-0.12916253902297803,-0.05218862866574449,-0.08810515694504702,0.06457086708807427,0.380215353525071,-0.1937115682702204,-0.06572602921110694,-0.008671114367242915,-0.6248137724822385,-0.5113180663725384
-0.03518571837074895,-0.31196762519695703,1.1937628825207312,0.173665552773368,0.44571070945530067,0.42272809999148636,0.45906594424333597,1.4506891284257541,0.1622081767130441,-1.0238924410198873,-1.0595442026411332,0.10800504511997923,-1.0980566965488663,-0.4040309201954888,-0.7682944352590099,-0.5654610946073756,0.13647700960442313,-0.6859910373661632,-1.0364290000514214,-0.15677203669441442,0.6383594775311715,-0.3125270864881118,0.5178649142795725,0.24816442448199472,0.868565178231059,0.5848697712838548,0.22834054098727657,0.913652657492686,-0.6907669838351767,0.5345662012824551,-1.0463811867991966,1.1805834920534355,0.9753714922350133,0.03862034033109454,0.5106359897029162,-0.23846452766425014,-0.16120418033153192,1.5584565907888381,0.04089321560250087,-0.3926976688508635,0.47657433497636975,-0.5211894045069075,-1.2904249352816812
0.9084787975459132,0.32784472861736885,0.7335085385255815,0.1790367244151642,-0.5980419358729806,0.1218196064108776,0.07448831615185204,0.1622081767130441,0.7953599515398286,-0.9251542080071716,1.9066531897972956,-0.43234118405126243,1.7379568156717262,0.7811725846069736,0.7555417078817104,1.0810483389749064,-1.1611376997957916,-1.0343757847938562,-0.7799133500507821,-0.26133831764661386,0.9837978411905123,-0.08817026790032585,0.5117558759498281,0.6653349154199574,-0.7146833087799566,1.1572608614544146,0.4328761077674227,-0.691620122520314,-0.7358176724368906,0.7730523008032532,-0.30911714986323835,0.6437131204164025,-1.7273316298050763,-0.14578935971485268,-0.4121939514914942,0.9012667022770195,-0.5101541455909726,0.23268568987835478,0.7439052580534253,-0.7755047889308238,0.9661360153754405,0.010197195566964612,0.10127274645415472
-0.8953889274641584,-0.3500199292909013,-1.7497032694102734,-0.12473358552191295,0.48719589474440733,-0.37024884261076974,-0.04674193206590497,-1.0238924410198873,-0.9251542080071716,2.048672743695078,-1.8134864282874663,-0.16611378617447073,-1.469272409285151,-0.956554392855534,0.08505129958413363,-0.4875436390560923,1.2333531546781766,1.4495428057063386,1.4329609579420672,0.602040334345667,-1.6997688026975013,0.7408208708390819,-0.7976875787239958,-0.9687349487698956,0.9988267159110744,-1.7009366867770404,-0.8199885872941853,0.12697549736443578,0.949161966540766,-0.5185452104349423,1.1038114576394582,-1.5124394347876697,1.3277844377253485,-0.07078135046725176,-0.13352792323192886,-0.8584340187599333,0.8175953160501593,-1.415395065822175,-1.0817922947743919,1.1088966707362162,-1.5411402944456332,-0.3280442534356213,0.5204086978740003
2.415473951607244,1.4059810083534454,0.968691788773244,0.09928639784330624,-2.1852002776731703,-0.15237043028113859,-0.6693866110491655,-1.0595442026411332,1.9066531897972956,-1.8134864282874663,6.641571489212894,-0.5925518730066841,6.075604554266498,2.8821372752414463,2.3519457585316035,3.218329921875545,-3.283698537466777,-2.0032407147603237,-0.8977834685884746,-0.7413332679068407,2.254145041811177,-0.3969966901903763,0.7212950339888029,1.6232266544294738,-3.708573116948648,2.527366795682391,1.1804447017047164,-2.7063822998440434,-0.9273768675138034,0.8022299636126307,0.11931662096604488,0.54055807161842,-5.7280285003066265,-0.22045136458615086,-1.2991929128324045,2.653541072903877,-1.3603055525536356,-0.8155490762299114,2.237551820606344,-1.7382059933357605,2.311067710397857,1.251930608654223,1.7447235446006861
-0.5367086859252861,0.02408633796134192,0.07881452610570444,-0.29267696397470766,0.21898291556163296,-0.0376542741353184,-0.4110586344078082,0.10800504511997923,-0.43234118405126243,-0.16611378617447073,-0.5925518730066841,0.9985948627517593,-0.6991438633488657,-0.005580201028267552,-1.0312113501968572,-0.9735589464446834,0.5534594999966697,0.5219959468274737,0.35795269597777174,-0.13882446419336728,-0.09073669976214065,-0.5647659744550535,-0.29671555474770717,-0.18536107355990097,-0.5290843458414187,-0.4387135459746951,0.09580561097809025,0.5671321648167033,0.6497858239325465,-1.1418543001036892,-0.14810012319584862,-0.08963443015267561,0.9031292651584859,0.3422357146368855,0.6526604136148877,-0.4793500457860169,0.04020594655158547,0.32301558731837843,-0.03442014195038203,0.26491625875041963,-0.1668861311101451,0.7159120851015612,-0.04722955740399232
2.237732516512733,1.280455161970769,0.7249881807156952,0.11396692319001682,-2.0131144847462106,-0.17918768027480667,-0.573533764041029,-1.0980566965488663,1.7379568156717262,-1.469272409285151,6.075604554266498,-0.6991438633488657,5.60825050302709,2.587641031530999,2.326879710173992,3.074655584866066,-3.0132300839918402,-1.8138552284442322,-0.7477264258374774,-0.6237237659030626,1.9553038318766143,-0.23088876852760604,0.6238065902909662,1.446363529779504,-3.2930042227901777,2.2539300195535383,1.0185205978265017,-2.5721157278359756,-0.8687523259645149,0.8434991982857851,0.2314749914484055,0.3739630105373412,-5.307678730635161,-0.276424920085534,-1.3118390068367518,2.4508393780048627,-1.1968995784293666,-0.9300526101604046,1.975951420408518,-1.5348506470031409,2.0285083694568007,1.0540415843849362,1.6678039691272821
0.9728126251395929,0.6476243469401025,0.5341163189795289,-0.024864376633114575,-0.9372885430076373,-0.057152063372567403,-0.3937061859951088,-0.4040309201954888,0.7811725846069736,-0.956554392855534,2.8821372752414463,-0.005580201028267552,2.587641031530999,1.3279370668744221,0.7717280889996925,1.181370264935251,-1.3792976718718626,-0.8158147042361098,-0.3850002716445831,-0.40130390706659846,1.0558695205182451,-0.3608096131054199,0.28620434858380595,0.7200434500811926,-1.8212587475617215,1.100536265699839,0.5837935881244996,-1.0651478540478057,-0.29355866626403754,0.08504309714309072,-0.038099063013031044,0.2989013526148599,-2.3670392001381644,-0.0038185461496441577,-0.4088851740551676,1.101786604408875,-0.636345836411134,-0.20229360081605732,1.0338670647148436,-0.7490074588597749,1.0571539583409257,0.7605532629092884,0.7450387937022568
1.0349274542195421,0.39019375707035703,-0.228897528859109,0.22568728450414208,-0.8245837907088819,-0.13823650366963514,0.05205798872011672,-0.7682944352590099,0.7555417078817104,0.08505129958413363,2.3519457585316035,-1.0312113501968572,2.326879710173992,0.7717280889996925,1.6874113790216851,1.803392319968568,-1.2572560356704419,-0.7079257755704632,-0.16826534424241163,0.023905921452902736,0.38935873128178144,0.5172634080208733,0.25334290231512896,0.4473052447801419,-0.6590292524855087,0.7469125892882703,0.11537013110388188,-1.3904641879814787,-0.5530923582235461,1.0233762103507982,0.4886590060846312,-0.19349264194223217,-2.4089883748328487,-0.3647371419863039,-1.0132419815084033,1.080687290510815,-0.2814798624331456,-0.9804034835484421,0.5267899704266938,-0.518613578966299,0.5143731433980719,-0.19889389023334947,0.8269902938844544
1.4127833784938295,0.5747327046301088,0.24961231185461183,0.24675813376399902,-1.0823062307316633,-0.07737832210114637,-0.023732120691449886,-0.5654610946073756,1.0810483389749064,-0.4875436390560923,3.218329921875545,-0.9735589464446834,3.074655584866066,1.181370264935251,1.803392319968568,2.1799111960696393,-1.7417114211053124,-1.2105256169440415,-0.5179704392158563,-0.15265958210827643,0.9552191999217623,0.30248428834020996,0.4582239159934483,0.7797710719926289,-1.2071476935904293,1.2736535194288474,0.4136279188082206,-1.572606490841607,-0.8090130486837641,1.1646725396203843,0.23367802968233461,0.1609202789576358,-3.1043292252034056,-0.37371726708186875,-1.0322859474763377,1.4301052563162049,-0.5552321996281292,-0.7237521249176679,0.9390357341574871,-0.910810692627851,1.031046788247657,-0.016888530123526476,0.7934651994350255
-1.392020948872173,-0.6338150359279848,-0.8598835289440878,-0.18312968904257954,1.0571463089741313,-0.06219784712842228,0.08614814980706322,0.13647700960442313,-1.1611376997957916,1.2333531546781766,-3.283698537466777,0.5534594999966697,-3.0132300839918402,-1.3792976718718626,-1.2572560356704419,-1.7417114211053124,1.825791016025846,1.4040456969143367,0.9025007726221461,0.41187709419241497,-1.4022731789725187,0.160960285357813,-0.6176816691139606,-0.9775125811988973,1.5113984413517685,-1.6346907609368821,-0.6632495492098922,1.2756074819784011,0.8865968934953444,-0.8911209712184351,0.2293950865177768,-0.6894115105112698,2.9079623597576134,0.20425596458329742,0.7029897887787785,-1.4448897909235583,0.7767615599805487,0.009125740766895842,-1.1819795795864088,1.0872517802880441,-1.4023042207494671,-0.3084367135194595,-0.5175123844090529
-1.14487413703076,-0.3199047530536947,-1.2931389071657624,-0.2754654385003777,0.5927411567245086,-0.26940463943311366,-0.24434360192252583,-0.6859910373661632,-1.0343757847938562,1.4495428057063386,-2.0032407147603237,0.5219959468274737,-1.8138552284442322,-0.8158147042361098,-0.7079257755704632,-1.2105256169440415,1.4040456969143367,1.5756145409941715,1.3003783115678729,0.37813343161749197,-1.446680723151546,0.20186471023108543,-0.7798882624316797,-0.9148208295548661,0.6080722040670499,-1.6312659513128052,-0.6359982660949265,0.5474368623092593,1.1735584452131809,-1.1619014998045107,0.7269149375170487,-1.1741413030091283,1.8183313924226614,0.22844987633119082,0.3643333775240084,-1.0409659345096902,0.6851872402994259,-0.7854975990643257,-0.917960145726022,1.0796746068744618,-1.358710564400775,0.15746253040913846,0.33421418125349656
-0.7387012909461256,-0.06907938505978928,-1.3648347554605096,-0.273751949309114,0.21139923333556004,-0.3782284741055765,-0.3982207352578464,-1.0364290000514214,-0.7799133500507821,1.4329609579420672,-0.8977834685884746,0.35795269597777174,-0.7477264258374774,-0.3850002716445831,-0.16826534424241163,-0.5179704392158563,0.9025007726221461,1.3003783115678729,1.3516330267399341,0.3295393120805068,-1.2149542018749988,0.2526359540360843,-0.7751880024906392,-0.7166063385043226,-0.028614501736223714,-1.3740705330460283,-0.48841785518542113,0.011604507772796365,1.0961579816069318,-1.0329588319707286,0.9216236084721784,-1.3183721757671234,0.8059155338090561,0.11328913377302545,0.060464264547836204,-0.6230824242558495,0.5331677691451991,-1.2028463040992008,-0.6257390735001683,0.8762951507529152,-1.1065315311124544,0.35074566848006317,0.7329233391113125
-0.2753211532324211,-0.18188530132358824,-0.4578366956097757,0.01420666846387413,0.2173834348323649,-0.061155334555534506,0.08970924219375905,-0.15677203669441442,-0.26133831764661386,0.602040334345667,-0.7413332679068407,-0.13882446419336728,-0.6237237659030626,-0.40130390706659846,0.023905921452902736,-0.15265958210827643,0.41187709419241497,0.37813343161749197,0.3295393120805068,0.21747310594786184,-0.5106481819593582,0.2819325490698452,-0.17253507831814463,-0.2955413546331504,0.5420653889178347,-0.48896659419349525,-0.27674950539153065,0.11982916505424122,0.18345683012966005,0.011020080604519096,0.25802443029680444,-0.36424818500664574,0.5169446191082414,-0.0384203907912163,-0.030079949604914655,-0.2988049145057124,0.2698408596917708,-0.3161030077331247,-0.3711137444511922,0.29981397736739274,-0.4676295339267902,-0.28051451821890483,0.005185679305258774
1.063092844238719,0.43720408423388907,1.4117118404906077,0.1455577388261627,-0.6634333603208946,0.25097228418029555,0.001730612307710754,0.6383594775311715,0.9837978411905123,-1.6997688026975013,2.254145041811177,-0.09073669976214065,1.9553038318766143,1.0558695205182451,0.38935873128178144,0.9552191999217623,-1.4022731789725187,-1.446680723151546,-1.2149542018749988,-0.5106481819593582,1.572389374424771,-0.5108008546758017,0.7109752106664617,0.9529395915179446,-1.1435750711477448,1.6322640670735038,0.760817277993677,-0.5005113221402759,-0.926264229142716,0.6659563561032971,-0.7885448659548072,1.1901972067380588,-1.8373629693977844,-0.052997513412183166,-0.15343954746293886,1.0290642921529034,-0.7786254679356185,0.8907804368422124,1.0849752347979797,-1.0876611823273123,1.4615333366868286,0.28914504917777145,-0.1936982783448094
-0.0407178239420832,-0.16140641093800825,-0.5757447595745356,0.12242986631812577,0.08694788423157891,-0.07854182082965766,0.22517450176902637,-0.3125270864881118,-0.08817026790032585,0.7408208708390819,-0.3969966901903763,-0.5647659744550535,-0.23088876852760604,-0.3608096131054199,0.5172634080208733,0.30248428834020996,0.160960285357813,0.20186471023108543,0.2526359540360843,0.2819325490698452,-0.5108008546758017,0.5415008005669794,-0.08704672271520215,-0.2297281033917271,0.6837223159208269,-0.33824570201392584,-0.32686119066604585,-0.19172678075478822,-0.04311323898746481,0.4489002751459831,0.3956576832117039,-0.4102380833572836,0.052050249410980486,-0.18779436215042147,-0.34355726662938424,-0.07267989996241855,0.2588384647898048,-0.5676487916210752,-0.35452346058862433,0.21814950030516217,-0.42558469835267826,-0.5320062269569095,0.12451582867012236
0.504997976373369,0.06402120892125743,0.7471591638052534,0.1804620041176802,-0.1940659557497693,0.2076027806138328,0.23132904467637447,0.5178649142795725,0.5117558759498281,-0.7976875787239958,0.7212950339888029,-0.29671555474770717,0.6238065902909662,0.28620434858380595,0.25334290231512896,0.4582239159934483,-0.6176816691139606,-0.7798882624316797,-0.7751880024906392,-0.17253507831814463,0.7109752106664617,-0.08704672271520215,0.4696530618502153,0.4395186805841046,-0.03087319548384122,0.8337406106518247,0.27435489981471983,-0.13831400786050352,-0.6590938665855315,0.6821911296174505,-0.4714951080840171,0.7218391380692837,-0.6822644625958225,-0.07995112798243202,-0.12164765429991667,0.44634351810726597,-0.32065117114254543,0.5833426708597179,0.40508432841229336,-0.5518282269336118,0.6655579490158757,-0.2343492255989896,-0.3311584009835155
0.7462627414258995,0.3085885581873845,0.7750072138515883,0.11015420341100417,-0.496503107381529,0.12358821872234534,0.0029067916743528307,0.24816442448199472,0.6653349154199574,-0.9687349487698956,1.6232266544294738,-0.18536107355990097,1.446363529779504,0.7200434500811926,0.4473052447801419,0.7797710719926289,-0.9775125811988973,-0.9148208295548661,-0.7166063385043226,-0.2955413546331504,0.9529395915179446,-0.2297281033917271,0.4395186805841046,0.60724413379409925,-0.7589874330915197,1.0390602856295683,0.4519865711709855,-0.481155911172036,-0.5983946729467572,0.5048296784652468,-0.3819970887204325,0.6549249050019963,-1.383181907976295,-0.07450389038276427,-0.22578607885303148,0.740493467994625,-0.48792953235362735,0.37598848103135485,0.6963760186319263,-0.6883269785487559,0.9079871753715268,0.15488356423597555,0.015038593251702209
-0.9897003198106966,-0.9532197432102042,-0.3815167420809368,0.2520287044041293,1.221066891395839,0.23441815556103948,0.8899442471713542,0.868565178231059,-0.7146833087799566,0.9988267159110744,-3.708573116948648,-0.5290843458414187,-3.2930042227901777,-1.8212587475617215,-0.6590292524855087,-1.2071476935904293,1.5113984413517685,0.6080722040670499,-0.028614501736223714,0.5420653889178347,-1.1435750711477448,0.6837223159208269,-0.03087319548384122,-0.7589874330915197,2.937443972144918,-0.9925213788046439,-0.7637475875476275,1.3182020260259246,-0.17937472660141662,0.6776381952040632,-0.17461651940567793,0.032128421542061365,2.855370962141082,-0.14324928676871465,0.30990874475515545,-1.2183249201196453,0.7492697282349434,0.5604556408624574,-1.3041610975176356,0.711398267071913,-1.1375907151470315,-1.5392986705465657,-1.2893169935171962
1.2619796886718595,0.44416871063587404,1.4115463409116042,0.24662968378724306,-0.7607829682866367,0.2721130801321094,0.14570067653073385,0.5848697712838548,1.1572608614544146,-1.7009366867770404,2.527366795682391,-0.4387135459746951,2.2539300195535383,1.100536265699839,0.7469125892882703,1.2736535194288474,-1.6346907609368821,-1.6312659513128052,-1.3740705330460283,-0.48896659419349525,1.6322640670735038,-0.33824570201392584,0.8337406106518247,1.0390602856295683,-0.9925213788046439,1.8341163464263952,0.7376518203143053,-0.7220802600908806,-1.1641167547205562,1.0539352164275684,-0.7491803010305302,1.2571782190777911,-2.1909665054329706,-0.15799145779389567,-0.3899540230447411,1.230563230319139,-0.8181475350514235,0.8054667352917424,1.12396987389365,-1.1897149743654014,1.5522708319577292,0.07160995657601517,-0.15140767344912676
0.48508395638834395,0.2652880949467226,0.6473826925910036,0.013940592575853705,-0.35242745353459165,0.08323662984993555,-0.10460937594002719,0.22834054098727657,0.4328761077674227,-0.8199885872941853,1.1804447017047164,0.09580561097809025,1.0185205978265017,0.5837935881244996,0.11537013110388188,0.4136279188082206,-0.6632495492098922,-0.6359982660949265,-0.48841785518542113,-0.27674950539153065,0.760817277993677,-0.32686119066604585,0.27435489981471983,0.4519865711709855,-0.7637475875476275,0.7376518203143053,0.40182702926654656,-0.25063597466425047,-0.3324082645602075,0.12989623376061693,-0.34615119442274755,0.5040594609508479,-0.9081786016457052,0.006827747537074374,-0.027012096045331745,0.4858953630887537,-0.3884672908813327,0.3777956675886775,0.5565658573874505,-0.4925282413092571,0.7009206781822384,0.31106372999172066,-0.0060249584005249305
-0.960004495657913,-0.5492565912645353,0.17074976536805894,-0.0687401152448521,0.9347598869511301,0.1917982969597341,0.24604128551236557,0.913652657492686,-0.691620122520314,0.12697549736443578,-2.7063822998440434,0.5671321648167033,-2.5721157278359756,-1.0651478540478057,-1.3904641879814787,-1.572606490841607,1.2756074819784011,0.5474368623092593,0.011604507772796365,0.11982916505424122,-0.5005113221402759,-0.19172678075478822,-0.13831400786050352,-0.481155911172036,1.3182020260259246,-0.7220802600908806,-0.25063597466425047,1.3971059895043192,0.24942101442791503,-0.4467356510431226,-0.4844360746682814,0.24813496895664325,2.498024724872301,0.1925824999861148,0.8215799042130778,-1.0902341182480844,0.3798967103561669,0.962268086523,-0.7083212251382432,0.5007042215440557,-0.6065258692627913,-0.33728068548723306,-1.0564792916729804
-0.7690115632113272,-0.059715126505939166,-0.9421832688179036,-0.3065528705022132,0.25536151395321793,-0.2716085714848352,-0.43073463397990036,-0.6907669838351767,-0.7358176724368906,0.949161966540766,-0.9273768675138034,0.6497858239325465,-0.8687523259645149,-0.29355866626403754,-0.5530923582235461,-0.8090130486837641,0.8865968934953444,1.1735584452131809,1.0961579816069318,0.18345683012966005,-0.926264229142716,-0.04311323898746481,-0.6590938665855315,-0.5983946729467572,-0.17937472660141662,-1.1641167547205562,-0.3324082645602075,0.24942101442791503,1.0483218024326404,-1.1934757287871565,0.5940417345812827,-0.9636131416024285,0.9814334612661859,0.2392052719263627,0.31237585831843473,-0.6505427239259709,0.40463571431588663,-0.7070463677153944,-0.4734190453875893,0.740185580960901,-0.8725591860269654,0.5152921795904075,0.5009457784373625
0.8440796448931269,-0.05034353109684069,0.6302715614203529,0.4369647210027963,-0.24033755060700154,0.24778386088464244,0.6369041782425253,0.5345662012824551,0.7730523008032532,-0.5185452104349423,0.8022299636126307,-1.1418543001036892,0.8434991982857851,0.08504309714309072,1.0233762103507982,1.1646725396203843,-0.8911209712184351,-1.1619014998045107,-1.0329588319707286,0.011020080604519096,0.6659563561032971,0.4489002751459831,0.6821911296174505,0.5048296784652468,0.6776381952040632,1.0539352164275684,0.12989623376061693,-0.4467356510431226,-1.1934757287871565,1.6716450911875231,-0.36286859009603734,0.7643566681512433,-1.1162191837220239,-0.3921075579820305,-0.6068374166270921,0.6886584999650557,-0.263994263282916,0.35096233917256575,0.29129325738199086,-0.693781469713643,0.6730258015271348,-0.9731787486228852,-0.44594012359556234
-0.19091676729089063,0.06902779778202725,-1.1059226638314381,-0.10938770807266979,-0.12097224945643086,-0.3208038565979303,-0.24054025070152438,-1.0463811867991966,-0.30911714986323835,1.1038114576394582,0.11931662096604488,-0.14810012319584862,0.2314749914484055,-0.038099063013031044,0.4886590060846312,0.23367802968233461,0.2293950865177768,0.7269149375170487,0.9216236084721784,0.25802443029680444,-0.7885448659548072,0.3956576832117039,-0.4714951080840171,-0.3819970887204325,-0.17461651940567793,-0.7491803010305302,-0.34615119442274755,-0.4844360746682814,0.5940417345812827,-0.36286859009603734,0.8609675198955778,-1.0337075788416652,-0.22377039728483328,-0.05093831600989948,-0.33641814952288135,-0.07926327216275343,0.3043012489193506,-1.2311417104668092,-0.3027482211701003,0.4816073026557547,-0.655963179035797,0.14722365674723129,0.8299826778454443
0.551138223290256,0.026586267583978036,1.4471511622060675,0.20948342203897563,-0.08135209304166416,0.40100344649245256,0.34217301002188255,1.1805834920534355,0.6437131204164025,-1.5124394347876697,0.54055807161842,-0.08963443015267561,0.3739630105373412,0.2989013526148599,-0.19349264194223217,0.1609202789576358,-0.6894115105112698,-1.1741413030091283,-1.3183721757671234,-0.36424818500664574,1.1901972067380588,-0.4102380833572836,0.7218391380692837,0.6549249050019963,0.032128421542061365,1.2571782190777911,0.5040594609508479,0.24813496895664325,-0.9636131416024285,0.7643566681512433,-1.0337075788416652,1.36990963812329,-0.3917811794503848,-0.02087715220482415,0.16256243879375948,0.4346788052446339,-0.5085043221298858,1.4115667294627263,0.573056382185337,-0.7971265866168007,1.0509667189038638,-0.22780808125008684,-0.8667994242360911
-2.202730619631367,-1.1473487946299317,-0.6845922073933718,-0.19789641475059067,1.8995089820205362,0.13304797758597237,0.4074339874662669,0.9753714922350133,-1.7273316298050763,1.3277844377253485,-5.7280285003066265,0.9031292651584859,-5.307678730635161,-2.3670392001381644,-2.4089883748328487,-3.1043292252034056,2.9079623597576134,1.8183313924226614,0.8059155338090561,0.5169446191082414,-1.8373629693977844,0.052050249410980486,-0.6822644625958225,-1.383181907976295,2.855370962141082,-2.1909665054329706,-0.9081786016457052,2.498024724872301,0.9814334612661859,-1.1162191837220239,-0.22377039728483328,-0.3917811794503848,5.126431588044754,0.3221461705057325,1.3530679634077445,-2.3686916615683917,1.1072123674961145,0.911814442017122,-1.8417168985434411,1.5236104989908144,-1.9226245374736903,-0.727476874613267,-1.5092758160202762
-0.20885425105489147,-0.012812316885280043,0.029282037892979503,-0.09179328299296967,0.08194237231283756,0.005066814707551566,-0.12916253902297803,0.03862034033109454,-0.14578935971485268,-0.07078135046725176,-0.22045136458615086,0.3422357146368855,-0.276424920085534,-0.0038185461496441577,-0.3647371419863039,-0.37371726708186875,0.20425596458329742,0.22844987633119082,0.11328913377302545,-0.0384203907912163,-0.052997513412183166,-0.18779436215042147,-0.07995112798243202,-0.07450389038276427,-0.14324928676871465,-0.15799145779389567,0.006827747537074374,0.1925824999861148,0.2392052719263627,-0.3921075579820305,-0.05093831600989948,-0.02087715220482415,0.3221461705057325,0.15725212683815856,0.23524137287361252,-0.17159572246173008,0.020136473695515026,0.12287478655229192,-0.009640791446411287,0.08528328534946149,-0.06870835695277384,0.22137917519128755,-0.0012492136141731413
-0.5770266256903736,-0.215278884133449,0.2138568715043006,-0.13363457010121849,0.46367402478325065,0.09630998128206542,-0.05218862866574449,0.5106359897029162,-0.4121939514914942,-0.13352792323192886,-1.2991929128324045,0.6526604136148877,-1.3118390068367518,-0.4088851740551676,-1.0132419815084033,-1.0322859474763377,0.7029897887787785,0.3643333775240084,0.060464264547836204,-0.030079949604914655,-0.15343954746293886,-0.34355726662938424,-0.12164765429991667,-0.22578607885303148,0.30990874475515545,-0.3899540230447411,-0.027012096045331745,0.8215799042130778,0.31237585831843473,-0.6068374166270921,-0.33641814952288135,0.16256243879375948,1.3530679634077445,0.23524137287361252,0.6296505527616808,-0.6146546977697944,0.13497939136118173,0.6284988144490602,-0.2510147731495057,0.24470835192521104,-0.23772842287937654,0.14125156889797114,-0.508699036304582
1.0983663148331078,0.5146316505632069,0.5563566552886264,0.13912606418505585,-0.8645514101787899,0.014258745938546069,-0.08810515694504702,-0.23846452766425014,0.9012667022770195,-0.8584340187599333,2.653541072903877,-0.4793500457860169,2.4508393780048627,1.101786604408875,1.080687290510815,1.4301052563162049,-1.4448897909235583,-1.0409659345096902,-0.6230824242558495,-0.2988049145057124,1.0290642921529034,-0.07267989996241855,0.44634351810726597,0.740493467994625,-1.2183249201196453,1.230563230319139,0.4858953630887537,-1.0902341182480844,-0.6505427239259709,0.6886584999650557,-0.07926327216275343,0.4346788052446339,-2.3686916615683917,-0.17159572246173008,-0.6146546977697944,1.1573654576774668,-0.5877036734633679,-0.15566105973965036,0.911041640097678,-0.815804662777749,1.0475818168268989,0.2530974257349027,0.5175742925251512
-0.5706789510150888,-0.2811331755981951,-0.6266362712604073,-0.05020248015289136,0.41646282119278344,-0.085493571848547,0.06457086708807427,-0.16120418033153192,-0.5101541455909726,0.8175953160501593,-1.3603055525536356,0.04020594655158547,-1.1968995784293666,-0.636345836411134,-0.2814798624331456,-0.5552321996281292,0.7767615599805487,0.6851872402994259,0.5331677691451991,0.2698408596917708,-0.7786254679356185,0.2588384647898048,-0.32065117114254543,-0.48792953235362735,0.7492697282349434,-0.8181475350514235,-0.3884672908813327,0.3798967103561669,0.40463571431588663,-0.263994263282916,0.3043012489193506,-0.5085043221298858,1.1072123674961145,0.020136473695515026,0.13497939136118173,-0.5877036734633679,0.4094374325199569,-0.30592342623079655,-0.5901657144975884,0.5360226389463093,-0.7387922452321933,-0.24901881474489923,-0.06420507048611573
0.001972008062172325,-0.22398805218657336,1.4719531629952005,0.12470464063921644,0.3842545445425573,0.4667976199389604,0.380215353525071,1.5584565907888381,0.23268568987835478,-1.415395065822175,-0.8155490762299114,0.32301558731837843,-0.9300526101604046,-0.20229360081605732,-0.9804034835484421,-0.7237521249176679,0.009125740766895842,-0.7854975990643257,-1.2028463040992008,-0.3161030077331247,0.8907804368422124,-0.5676487916210752,0.5833426708597179,0.37598848103135485,0.5604556408624574,0.8054667352917424,0.3777956675886775,0.962268086523,-0.7070463677153944,0.35096233917256575,-1.2311417104668092,1.4115667294627263,0.911814442017122,0.12287478655229192,0.6284988144490602,-0.15566105973965036,-0.30592342623079655,1.8418293332950084,0.21645395581746815,-0.4896630289984256,0.6996476529234471,-0.26328069194363424,-1.315807643088787
0.8627543824473901,0.46903885305086723,0.7748627258885742,0.04512993100344887,-0.7017732850848446,0.06752441724174577,-0.1937115682702204,0.04089321560250087,0.7439052580534253,-1.0817922947743919,2.237551820606344,-0.03442014195038203,1.975951420408518,1.0338670647148436,0.5267899704266938,0.9390357341574871,-1.1819795795864088,-0.917960145726022,-0.6257390735001683,-0.3711137444511922,1.0849752347979797,-0.35452346058862433,0.40508432841229336,0.6963760186319263,-1.3041610975176356,1.12396987389365,0.5565658573874505,-0.7083212251382432,-0.4734190453875893,0.29129325738199086,-0.3027482211701003,0.573056382185337,-1.8417168985434411,-0.009640791446411287,-0.2510147731495057,0.911041640097678,-0.5901657144975884,0.21645395581746815,0.9069749534550384,-0.7751889430063306,1.0472425728013952,0.4619134920905459,0.2973856667965446
-0.851435851624338,-0.29508691366481177,-0.9313967156117019,-0.16396673636293058,0.5240663789452786,-0.17748840050797648,-0.06572602921110694,-0.3926976688508635,-0.7755047889308238,1.1088966707362162,-1.7382059933357605,0.26491625875041963,-1.5348506470031409,-0.7490074588597749,-0.518613578966299,-0.910810692627851,1.0872517802880441,1.0796746068744618,0.8762951507529152,0.29981397736739274,-1.0876611823273123,0.21814950030516217,-0.5518282269336118,-0.6883269785487559,0.711398267071913,-1.1897149743654014,-0.4925282413092571,0.5007042215440557,0.740185580960901,-0.693781469713643,0.4816073026557547,-0.7971265866168007,1.5236104989908144,0.08528328534946149,0.24470835192521104,-0.815804662777749,0.5360226389463093,-0.4896630289984256,-0.7751889430063306,0.828048648914856,-1.034566331764174,-0.040843118086152624,0.08091158177698014
1.0610597904849812,0.44393857203070913,1.250009898523667,0.14705527956226483,-0.6951083687133032,0.21093107980080517,-0.008671114367242915,0.47657433497636975,0.9661360153754405,-1.5411402944456332,2.311067710397857,-0.1668861311101451,2.0285083694568007,1.0571539583409257,0.5143731433980719,1.031046788247657,-1.4023042207494671,-1.358710564400775,-1.1065315311124544,-0.4676295339267902,1.4615333366868286,-0.42558469835267826,0.6655579490158757,0.9079871753715268,-1.1375907151470315,1.5522708319577292,0.7009206781822384,-0.6065258692627913,-0.8725591860269654,0.6730258015271348,-0.655963179035797,1.0509667189038638,-1.9226245374736903,-0.06870835695277384,-0.23772842287937654,1.0475818168268989,-0.7387922452321933,0.6996476529234471,1.0472425728013952,-1.034566331764174,1.3772845910634928,0.27185619390505283,-0.062217485699920146
0.08838603182375657,0.4360085032279755,7.297264748605983e-4,-0.2873905346276785,-0.4157556125592915,-0.1793468576203325,-0.6248137724822385,-0.5211894045069075,0.010197195566964612,-0.3280442534356213,1.251930608654223,0.7159120851015612,1.0540415843849362,0.7605532629092884,-0.19889389023334947,-0.016888530123526476,-0.3084367135194595,0.15746253040913846,0.35074566848006317,-0.28051451821890483,0.28914504917777145,-0.5320062269569095,-0.2343492255989896,0.15488356423597555,-1.5392986705465657,0.07160995657601517,0.31106372999172066,-0.33728068548723306,0.5152921795904075,-0.9731787486228852,0.14722365674723129,-0.22780808125008684,-0.727476874613267,0.22137917519128755,0.14125156889797114,0.2530974257349027,-0.24901881474489923,-0.26328069194363424,0.4619134920905459,-0.040843118086152624,0.27185619390505283,1.083328933470962,0.6736247367645195
0.3088151607978591,0.44824318353409276,-0.7931095122305906,-0.15504202727652028,-0.6473551789957916,-0.3545090257122312,-0.5113180663725384,-1.2904249352816812,0.10127274645415472,0.5204086978740003,1.7447235446006861,-0.04722955740399232,1.6678039691272821,0.7450387937022568,0.8269902938844544,0.7934651994350255,-0.5175123844090529,0.33421418125349656,0.7329233391113125,0.005185679305258774,-0.1936982783448094,0.12451582867012236,-0.3311584009835155,0.015038593251702209,-1.2893169935171962,-0.15140767344912676,-0.0060249584005249305,-1.0564792916729804,0.5009457784373625,-0.44594012359556234,0.8299826778454443,-0.8667994242360911,-1.5092758160202762,-0.0012492136141731413,-0.508699036304582,0.5175742925251512,-0.06420507048611573,-1.315807643088787,0.2973856667965446,0.08091158177698014,-0.062217485699920146,0.6736247367645195,1.2823295799794174
