V1,V2,V3,V4,V5,V6,V7,V8,V9,V10,V11,V12,V13,V14,V15,V16,V17,V18,V19,V20,V21,V22,V23,V24,V25,V26,V27,V28,V29,V30,V31,V32,V33,V34,V35,V36,V37,V38,V39,V40,V41,V42,V43,V44,V45
0.7310250106943921,-0.2843130699542923,-0.36532324946159356,-0.25452703741625665,-0.005464676151003504,0.18843943648672576,0.7632989759327475,-0.29765956054005394,0.04440019690575991,-0.02018585531814282,-0.34044105259297963,-0.20398561399822804,-0.3180641583946197,-0.3581632437368791,-0.24721284365825497,0.38168498711136883,0.21887928550374455,0.175445071601786,0.12146609879656194,0.7311888285050075,-0.08882900575261454,-0.09943597681997587,-0.6161013487600088,-0.11671334752292528,-0.5882332566000312,0.2285640645162459,-0.38930415690580084,-0.35676377069266785,-0.8283347951219739,-0.14353110958388077,-0.3423562161920969,-0.5067886637026613,-0.32368950657928097,0.39968960921446134,-0.04519982283926315,0.09376783203287943,0.32721053752862084,-0.2046712599286819,-0.824791649279118,0.23040022020113934,0.03431568577263853,-0.20030429255558965,-0.23600816956933712,0.05449846282673677,0.41902379258113764
-0.2843130699542923,0.9016339848903964,-0.3068300297725127,-0.13393688216082614,-0.4644462602149565,-0.08759346467734284,-0.5834916606143447,0.3987346472138853,-0.4715273087720282,0.13593240858581737,0.3495249587363666,0.3420821653184977,0.059436574693608905,-0.5157201301347154,-0.1602444689460136,-0.026522850355635105,-0.058546536034490136,0.07048745193650147,0.05754352967991957,-0.18764012634968863,-0.1855370184693355,0.3975419571884071,-0.0441351378723205,0.3224016052668506,0.4795605301492323,-0.5929255069003992,0.05183506439430235,-0.12308007977778329,0.39175864585838327,-0.5682694016453059,1.159561383291995,-0.7084232467793331,0.856818207900209,-0.4247519869954371,-0.5786433196338845,-0.535549451580689,0.056239567099307886,0.1255442319555324,0.8114052682793624,0.19956974096695967,-0.40884056325555307,0.5671133239028114,0.02316976510398374,-0.6297351853797182,-0.3697039696948683
-0.36532324946159356,-0.3068300297725127,0.8595653664150819,0.060895926619863684,-0.19590424307551096,-0.27580648577087535,-0.10285965164343383,-0.2771129759453516,0.2666464312647986,0.1835552436134716,0.01921520132351328,0.4599476796369238,0.05714491264822989,0.7791427272984677,-0.21412040231309304,-0.1622759215764734,-0.18321499720635162,-0.15676323573920672,-0.33563510854430867,-0.7994335970027007,-0.20709926228701722,-0.29964878899371106,0.772190395366334,-0.116543196967223,-0.21379713619792806,0.2851451484508015,0.5346055544769779,0.5759591926000937,0.31761195308074786,0.4513944085158391,-0.5476559812829749,0.6883058444581405,-0.26746265423554405,-0.05958015808089664,0.5236469729092718,0.36639349233025065,-0.5189491116167272,-0.31198574661306105,-0.09225487150096062,-0.5329239347392901,0.26308612443536905,-0.34956609653695203,0.42289407908715776,0.6456699217699926,-0.4897494420870988
-0.25452703741625665,-0.13393688216082614,0.060895926619863684,1.1335773336629429,0.6123356611661378,0.12277617672138423,-0.35822032480266375,-0.0608644474180962,0.1887154974953781,-0.4079812530371126,0.8266569326775217,-0.712799096009442,0.35845697220513956,0.5345665265213312,0.26001641786309954,-0.4041706387489061,0.3894213136164206,-0.32426271720714,-0.3674266311403998,0.44816959379350924,0.51589223551242,0.663128370406608,0.6234181050766431,0.372844087801102,0.6223738027161702,0.37848007506163367,-0.2585846784991238,-0.09966692839734194,1.049666566731924,0.11125654709508499,-0.2649256517293028,0.9393984478572539,0.2100153644560766,0.5226582732082713,0.49956729202112365,0.22521355461948178,-0.10012209033465133,-0.03735146184728167,1.1360900259146736,-0.14286400386664458,-0.3522277178071197,0.7746067889143511,-0.37116493960252117,-0.04746779622412375,0.003211427607524724
-0.005464676151003504,-0.4644462602149565,-0.19590424307551096,0.6123356611661378,1.3798371357097678,0.22148266084471419,0.05489321760965805,0.21150505896929236,0.5278428434229524,-0.6475986251816055,-0.10786050440906098,-1.0626286362410255,0.4262154811374666,-0.0027204711157168744,1.3913298726334213,-0.25122838253708984,0.11537434969976844,-0.14916747121794655,0.12353098157838659,0.8699830970903475,1.0007517514245778,-0.09126659351124396,-0.22960109282473326,-0.27500118373875626,0.05719738763480282,0.22772665751735355,-0.12560150971696113,-0.016742222427178023,0.26977096556736385,0.44056405999714543,-0.5610388141029831,1.2744053936381121,-0.26338438277145276,0.028986154206243526,0.13948270891058914,0.4296546780000793,0.16365488778191864,0.633005816601952,0.21515823313408308,0.0667073581131693,0.23071379238082876,-0.13970469240924197,-0.505071401165109,-0.11497137208935851,0.6179959911852505
0.18843943648672576,-0.08759346467734284,-0.27580648577087535,0.12277617672138423,0.22148266084471419,0.4459520218606949,-0.23718888667312327,-0.3024573045169293,0.3950140739119058,-0.11017946588315075,-0.26808114223897844,-0.24704271219354154,0.24827261951048013,-0.19015448707715718,0.2958844027371936,0.07439871772002969,-0.23847187999634953,0.32495582946204415,-0.04652996124921075,0.18774202099600423,-0.2873892137338322,0.339997039235761,-0.23146720564505452,-0.010992418109037831,-0.3035204596112113,0.18792438293482602,0.06680839359027171,-0.32191033347255527,0.18706310579606322,-0.015955198326081086,0.049747304269410715,0.6560459817115796,0.21975422092940983,-0.033076845948449424,0.19222107033721994,-0.08234604747840876,-0.13061664828831268,0.7132968155633548,-0.1792629183805903,0.0474045420731459,-0.16127467420986213,-0.18701830366321423,-0.18136587758838463,0.06392244955742299,0.004424876954885981
0.7632989759327475,-0.5834916606143447,-0.10285965164343383,-0.35822032480266375,0.05489321760965805,-0.23718888667312327,1.5556869299284208,0.004517599246753846,-0.2684532401602564,-0.05112800989656778,-0.12153505108267333,-0.19006528491142863,-0.7248775497141173,-0.11533677906436997,-0.40136390872380334,0.41119486417694023,0.6915344501892948,-0.2951631386518976,0.2319115056093296,0.9829860830830168,0.4820850573407162,-0.7127532964140942,-0.5733622090397597,-0.25667962076091866,-0.5713166999245312,0.2591861606027696,-0.6378681687355254,-0.023278637925875166,-1.4044279862750746,0.005445056352415762,-0.9513637551340167,-1.1888384403385956,-0.9547880216858763,0.6964153580743828,-0.13288197391247392,0.4971443981635214,0.6312760889459021,-1.1460169733785188,-1.0107333020486642,0.17549007442951997,0.3851260228929688,-0.17324495225280284,-0.13622726346612327,0.10240386107639765,0.7511020562404822
-0.29765956054005394,0.3987346472138853,-0.2771129759453516,-0.0608644474180962,0.21150505896929236,-0.3024573045169293,0.004517599246753846,1.3414167808984852,-0.6913467301172106,-0.18490744288512562,0.5394713515282178,-0.19292952679942013,-0.05005737067964734,-0.4644916815921791,0.7716569270115177,-0.049674404032756886,0.40499504848968787,-0.6167396444019841,0.5054999117225681,0.2704366097332079,0.8754299275746638,-0.4768556429079242,-0.4039717231581726,-0.016516333923361198,0.5824955347249222,-0.6510407350939478,-0.25951794750627766,0.1529757637311138,0.019156578861553322,-0.28266216046308046,0.632763555890766,-1.0521193536400602,0.0930316040474407,-0.3714181282566,-0.8248769365618941,-0.03474592306789866,0.6780765883228546,-0.303643946558635,0.6657945262467453,0.1398324739574411,0.13671898387202597,0.4189692992841109,-0.07252741314409748,-0.8806331753757817,0.4235342743466906
0.04440019690575991,-0.4715273087720282,0.2666464312647986,0.1887154974953781,0.5278428434229524,0.3950140739119058,-0.2684532401602564,-0.6913467301172106,0.9700171582555064,-0.145539625961023,-0.6227370449024691,-0.17696874983328142,0.4545132057087433,0.24124529600140976,0.5996666674557725,-0.039987141164337756,-0.5217163670157804,0.40625370995955085,-0.2938392997288236,-0.087420523498841,-0.3150219606358651,0.09392247215414715,0.12799421409083597,-0.2927036829654583,-0.7512256226426564,0.5112622774426601,0.5621072094153947,0.06455912928650505,0.35218044014509375,0.4736554909419218,-0.5544089019529538,1.7982957651510953,-0.015385226476762442,-0.17975005180143638,0.636833033099054,0.3079790263123271,-0.5687127314588994,0.9156623893515924,-0.4853376661729027,-0.2960858930420864,0.13286442554692196,-0.7547849326376113,-0.048910734053968535,0.618231689902561,-0.2288520192048121
-0.02018585531814282,0.13593240858581737,0.1835552436134716,-0.4079812530371126,-0.6475986251816055,-0.11017946588315075,-0.05112800989656778,-0.18490744288512562,-0.145539625961023,0.3687782264821283,-0.17586221972477165,0.5709444050982411,-0.18363801191258677,0.06132642815695987,-0.64750443033833,0.11920100910307085,-0.2024099870514974,0.16872857749121223,-0.043366725972351056,-0.5984611951102505,-0.5527626263009734,-0.07904721578718157,0.10320564515637352,0.015676699811959842,-0.12488443915974222,-0.09884947350306958,0.1639253465126546,0.10567881729855962,-0.21771607291128292,-0.09576551916022022,0.17487137892783733,-0.4334306696990316,9.480008785531603e-4,-0.10939484865913773,0.00407343116765016,-0.21189711827537766,-0.15328582206340496,-0.17491837202384197,-0.3325604442909864,-0.0738092362153536,-0.005314568892020854,-0.160382198986064,0.30424942917720466,0.19049741416793428,-0.3155091576945025
-0.34044105259297963,0.3495249587363666,0.01921520132351328,0.8266569326775217,-0.10786050440906098,-0.26808114223897844,-0.12153505108267333,0.5394713515282178,-0.6227370449024691,-0.17586221972477165,1.4203147197607222,-0.22550466981459416,-0.06376815389340977,0.3089825627794915,-0.32286944373481025,-0.26695395509731856,0.7936709934791738,-0.7145664888545813,-0.22846010214251075,0.36502818867431236,0.5461035779444364,0.4934090485335817,0.5934853623326051,0.6196402129033949,0.9527172529933696,-0.0515000871317347,-0.4853830845260807,-0.03962918197233141,0.8046914913679822,-0.3781792921008739,0.2828586759690103,-0.6631004278951159,0.3871612775469131,0.5343176568512054,-0.06462721321617072,0.06668212889857768,0.2655169968526327,-0.9656627148517777,1.5019462802658523,-0.06996791666632811,-0.45911372691818625,1.30702698489692,-0.16299012860886317,-0.5056140864872916,-0.0732467309677925
-0.20398561399822804,0.3420821653184977,0.4599476796369238,-0.712799096009442,-1.0626286362410255,-0.24704271219354154,-0.19006528491142863,-0.19292952679942013,-0.17696874983328142,0.5709444050982411,-0.22550466981459416,1.1289064831843016,-0.21029640728059507,0.06214368041145361,-0.7952518109222864,0.17084381183723746,-0.416219378308346,0.19192012343236245,-0.12667329798742324,-1.088166836519757,-0.9040396261075745,-0.2146196196606223,0.2888189992333177,-0.011451917384355078,-0.3507981444842184,-0.22477219048564706,0.581441644196434,0.3141462243379845,-0.15695421090437542,-0.12564693606867375,0.3882657091909139,-0.5311123063373864,0.21321167517957615,-0.4417483456729988,-0.0840250588820838,-0.2153262999723044,-0.4062022389424668,-0.23174777636415056,-0.3702437104013967,-0.23762018297843873,0.04873075909479372,-0.3541247161159357,0.6263874364878643,0.2988239220655769,-0.7270367813066343
-0.3180641583946197,0.059436574693608905,0.05714491264822989,0.35845697220513956,0.4262154811374666,0.24827261951048013,-0.7248775497141173,-0.05005737067964734,0.4545132057087433,-0.18363801191258677,-0.06376815389340977,-0.21029640728059507,0.5340494995728747,0.07120205471484538,0.7074233510010489,-0.22790749187615597,-0.3681776888421645,0.1466085404991149,-0.1334112447781056,-0.20427627076088473,-0.031787485262298465,0.3011209857296775,0.2101598079033681,-0.011030526458199448,0.04524284920982515,0.057672385082618856,0.39526334562913745,0.015112321477777947,0.798920738565933,0.18251064772248426,0.184568874485585,1.2106788926274712,0.40514012163213486,-0.35743314651887026,0.2117117836920511,-0.010812147645937959,-0.3544721013444158,0.8433073816455805,0.4191719527237781,-0.15424152371974056,-0.09004604817529886,-0.11631492368922398,-0.07451677835271918,0.032407712776668575,-0.24772525178248578
-0.3581632437368791,-0.5157201301347154,0.7791427272984677,0.5345665265213312,-0.0027204711157168744,-0.19015448707715718,-0.11533677906436997,-0.4644916815921791,0.24124529600140976,0.06132642815695987,0.3089825627794915,0.06214368041145361,0.07120205471484538,1.13905572359906,-0.46613530630446787,-0.34230212119983994,0.02205433777045188,-0.2303565687231122,-0.4188727515680977,-0.6471318329817954,-0.04077448216038851,0.05481372904196887,1.0263532888353395,0.09931223032959352,0.2599897833354633,0.5217534560808703,0.1552669850285038,0.3867214328165067,0.510255797559741,0.54935637045356,-0.8484798944193503,0.8479546898947241,-0.43839801649052934,0.44443952721134816,0.8499923884450038,0.33941297229880224,-0.4995137279553732,-0.42405967517455023,0.19295531445578834,-0.46039599271684095,0.10124665943933528,0.04201197707511138,0.2616367220070064,0.7193945069025663,-0.30241647393924054
-0.24721284365825497,-0.1602444689460136,-0.21412040231309304,0.26001641786309954,1.3913298726334213,0.2958844027371936,-0.40136390872380334,0.7716569270115177,0.5996666674557725,-0.64750443033833,-0.32286944373481025,-0.7952518109222864,0.7074233510010489,-0.46613530630446787,2.2704615409838813,-0.17104129801886933,-0.2655100081848182,-0.15033961483512076,0.34354630093358596,0.5341332033009263,0.9064404902854315,-0.4072890400898046,-0.5362158081242459,-0.49557664694127357,-0.2593599088948151,-0.1471706134376506,0.42252247023228817,0.12611851550437994,0.5201014356024665,0.37405928799986793,0.06628474252943779,1.4397772920503573,0.1474672935413624,-0.8037486923814161,-0.2856176260783064,0.38794026523933034,0.12275894950544512,1.2551398414421746,0.22821672698921722,-0.052449217766701334,0.3877056879183914,-0.5634851230860756,-0.3315547225705488,-0.3921272966326956,0.431682116935988
0.38168498711136883,-0.026522850355635105,-0.1622759215764734,-0.4041706387489061,-0.25122838253708984,0.07439871772002969,0.41119486417694023,-0.049674404032756886,-0.039987141164337756,0.11920100910307085,-0.26695395509731856,0.17084381183723746,-0.22790749187615597,-0.34230212119983994,-0.17104129801886933,0.3402033913727789,0.025043685288269123,0.1288098823008598,0.11638820262303715,0.21379276579689252,-0.26065018128028333,-0.2030249242203919,-0.4459427761533856,-0.11214623603333404,-0.5603436192346511,0.011719580048941356,-0.05328100670491986,-0.12297322588227694,-0.5480686049511843,-0.19529335307048754,-0.009658766978324762,-0.515884404061929,-0.06134632395094161,0.00639148690628355,-0.143268532500586,0.013125060915912728,0.16108164237828426,-0.10966766753479829,-0.6172008593708996,0.0499505324811113,0.04740219165743103,-0.26491134186225446,0.013852500992330073,-0.0013137986989981173,0.0804462620170668
0.21887928550374455,-0.058546536034490136,-0.18321499720635162,0.3894213136164206,0.11537434969976844,-0.23847187999634953,0.6915344501892948,0.40499504848968787,-0.5217163670157804,-0.2024099870514974,0.7936709934791738,-0.416219378308346,-0.3681776888421645,0.02205433777045188,-0.2655100081848182,0.025043685288269123,0.8833017468239004,-0.5704670437049986,0.031001791631835956,0.9026092041817184,0.7292882591493043,-0.020844456628320903,-0.060480944041291264,0.23579824739985042,0.3942626443052233,0.044031392792051406,-0.7393164259310303,-0.09050476401143215,-0.2202946120999786,-0.2663998180730893,-0.22885149531771593,-0.9929416606031667,-0.2539078314237375,0.6851014122395072,-0.18054850369779066,0.236300396705307,0.6081072560516996,-1.0686666733568992,0.4760594795930998,0.1410835248397766,-0.11579277169554295,0.787123623307738,-0.30838498549306265,-0.38372212494968977,0.47395523612407225
0.175445071601786,0.07048745193650147,-0.15676323573920672,-0.32426271720714,-0.14916747121794655,0.32495582946204415,-0.2951631386518976,-0.6167396444019841,0.40625370995955085,0.16872857749121223,-0.7145664888545813,0.19192012343236245,0.1466085404991149,-0.2303565687231122,-0.15033961483512076,0.1288098823008598,-0.5704670437049986,0.6639946989083358,-0.0585715227511378,-0.2766656624980325,-0.7002743747058832,0.26615271214345265,-0.20390506920388327,-0.09981035922093975,-0.42692119499875675,0.05252528713772981,0.28357324287805724,-0.2089599714636849,-0.12040250017650848,-0.0014323038402075793,0.16971436798513026,0.5305270922171821,0.22790871614660146,-0.2531412379375553,0.14772918380694697,-0.3108815978679795,-0.3469125140951801,0.7938836227828909,-0.5654008912396622,0.09330342013196867,-0.10072502818025952,-0.47859074622549164,0.02761175425154382,0.2581907689131793,-0.2509860810039623
0.12146609879656194,0.05754352967991957,-0.33563510854430867,-0.3674266311403998,0.12353098157838659,-0.04652996124921075,0.2319115056093296,0.5054999117225681,-0.2938392997288236,-0.043366725972351056,-0.22846010214251075,-0.12667329798742324,-0.1334112447781056,-0.4188727515680977,0.34354630093358596,0.11638820262303715,0.031001791631835956,-0.0585715227511378,0.46995901910738364,0.15803537237959592,0.3077812307384132,-0.3937261242631762,-0.5591865295784696,-0.17976180676242917,0.07993556117138688,-0.3280806755926206,-0.209462001515478,-0.0718575958792857,-0.5251097770079672,-0.06143068712539538,0.18501019617018544,-0.6814544318912299,-0.20232878553615696,-0.2014499020067031,-0.4661543434401549,-0.12368293209703198,0.399917142944014,0.08137955713691025,-0.2928211562153353,0.2579519511775416,0.2130018213920559,-0.14552861899442512,-0.03078999958669337,-0.34813839332023716,0.4437558256365033
0.7311888285050075,-0.18764012634968863,-0.7994335970027007,0.44816959379350924,0.8699830970903475,0.18774202099600423,0.9829860830830168,0.2704366097332079,-0.087420523498841,-0.5984611951102505,0.36502818867431236,-1.088166836519757,-0.20427627076088473,-0.6471318329817954,0.5341332033009263,0.21379276579689252,0.9026092041817184,-0.2766656624980325,0.15803537237959592,2.025161386481769,1.014073853982607,0.11940813001863063,-0.8343714524671977,0.041292042152364955,-0.1215393245938391,0.17304062502289463,-0.9166829475776422,-0.5238272873847989,-0.5068611603899398,-0.349703503125721,-0.3172697062842026,-0.4937213730675865,-0.13820057771538338,0.6885633976616413,-0.34639164573240616,0.35211652209124383,0.8544609007449886,-0.40862466243811163,0.1486349670012014,0.4543072005444555,-0.1487393283996164,0.5594696681214599,-0.843480635537123,-0.6152508208953481,0.9408093640176358
-0.08882900575261454,-0.1855370184693355,-0.20709926228701722,0.51589223551242,1.0007517514245778,-0.2873892137338322,0.4820850573407162,0.8754299275746638,-0.3150219606358651,-0.5527626263009734,0.5461035779444364,-0.9040396261075745,-0.031787485262298465,-0.04077448216038851,0.9064404902854315,-0.26065018128028333,0.7292882591493043,-0.7002743747058832,0.3077812307384132,1.014073853982607,1.5136761435560544,-0.3861998004323052,-0.2047512813457773,-0.09650803546062968,0.6835273443540303,-0.16386120897664064,-0.5975339012892935,0.1474548356899368,-0.06567996445292944,0.14025778999660676,-0.31124156863592994,-0.25788054697503515,-0.4604146890093026,0.2518331586917555,-0.3791441755278622,0.3827255612198794,0.702529711415261,-0.48430910282654854,0.6769874156545023,0.22123600844619362,0.24770188569293167,0.5169325863149502,-0.44688475244265025,-0.5738934086810701,0.8524960995806907
-0.09943597681997587,0.3975419571884071,-0.29964878899371106,0.663128370406608,-0.09126659351124396,0.339997039235761,-0.7127532964140942,-0.4768556429079242,0.09392247215414715,-0.07904721578718157,0.4934090485335817,-0.2146196196606223,0.3011209857296775,0.05481372904196887,-0.4072890400898046,-0.2030249242203919,-0.020844456628320903,0.26615271214345265,-0.3937261242631762,0.11940813001863063,-0.3861998004323052,1.1665451218296188,0.40584723503371545,0.5753837521622082,0.5223734144072135,0.1442923559001195,-0.14469998712834725,-0.499066704969012,0.905819718842725,-0.3186808768221557,0.4874082511273615,0.48920120226352726,0.8046119118632765,0.3008685953047417,0.27985135980610515,-0.38575748211748245,-0.2995774196832832,0.37708506791020113,0.94149660966429,0.11598491364194721,-0.7219117862126068,0.7764872230684389,-0.26361278934928917,-0.1340700381356295,-0.3894264645412585
-0.6161013487600088,-0.0441351378723205,0.772190395366334,0.6234181050766431,-0.22960109282473326,-0.23146720564505452,-0.5733622090397597,-0.4039717231581726,0.12799421409083597,0.10320564515637352,0.5934853623326051,0.2888189992333177,0.2101598079033681,1.0263532888353395,-0.5362158081242459,-0.4459427761533856,-0.060480944041291264,-0.20390506920388327,-0.5591865295784696,-0.8343714524671977,-0.2047512813457773,0.40584723503371545,1.2627831051881395,0.32828734871918924,0.5140527247480813,0.31427405598303787,0.3441047617142468,0.36209108821394137,0.9985644361072258,0.3268415571842923,-0.28561305926490504,0.8351991061133269,0.13921956680237016,0.22120556364283478,0.6859117149704542,0.1392079218456783,-0.6707026201311741,-0.3277733935863376,0.8190830221358739,-0.4571984337194178,-0.16241815812712418,0.37583757608996227,0.3111906465643786,0.506370534879366,-0.6856169768579269
-0.11671334752292528,0.3224016052668506,-0.116543196967223,0.372844087801102,-0.27500118373875626,-0.010992418109037831,-0.25667962076091866,-0.016516333923361198,-0.2927036829654583,0.015676699811959842,0.6196402129033949,-0.011451917384355078,-0.011030526458199448,0.09931223032959352,-0.49557664694127357,-0.11214623603333404,0.23579824739985042,-0.09981035922093975,-0.17976180676242917,0.041292042152364955,-0.09650803546062968,0.5753837521622082,0.32828734871918924,0.4487812285041445,0.5250934868258409,-0.015579219779116334,-0.24588738548784342,-0.2230639371295012,0.4537834755870523,-0.30300958512497794,0.3339063201741219,-0.33567442216335464,0.4164412704245204,0.3016994787774111,0.031286974378975416,-0.21098817419226737,-0.014443084972158116,-0.2897665024313429,0.7378624587031786,0.0530879860685949,-0.4272070309155012,0.7206688536450369,-0.0717508201183239,-0.21219605517309575,-0.20148884838721137
-0.5882332566000312,0.4795605301492323,-0.21379713619792806,0.6223738027161702,0.05719738763480282,-0.3035204596112113,-0.5713166999245312,0.5824955347249222,-0.7512256226426564,-0.12488443915974222,0.9527172529933696,-0.3507981444842184,0.04524284920982515,0.2599897833354633,-0.2593599088948151,-0.5603436192346511,0.3942626443052233,-0.42692119499875675,0.07993556117138688,-0.1215393245938391,0.6835273443540303,0.5223734144072135,0.5140527247480813,0.5250934868258409,1.768121456184988,-0.45876057822265925,-0.5823299654757831,-0.0824472545581756,0.6441035074119696,-0.15888884707873202,0.6130693157223167,-0.641194586319043,0.1831306306851047,0.25125794116464156,-0.308613202647963,-0.46544318265747237,0.2898980864947583,-0.3899692291284687,1.514374058604391,0.3358915713744432,-0.3401960372312606,1.2323677895470553,-0.1458284960866122,-0.62649611483745,0.18451951357834243
0.2285640645162459,-0.5929255069003992,0.2851451484508015,0.37848007506163367,0.22772665751735355,0.18792438293482602,0.2591861606027696,-0.6510407350939478,0.5112622774426601,-0.09884947350306958,-0.0515000871317347,-0.22477219048564706,0.057672385082618856,0.5217534560808703,-0.1471706134376506,0.011719580048941356,0.044031392792051406,0.05252528713772981,-0.3280806755926206,0.17304062502289463,-0.16386120897664064,0.1442923559001195,0.31427405598303787,-0.015579219779116334,-0.45876057822265925,0.675813758512963,0.028752435789129203,-0.04069159944590017,0.10197007019970558,0.32355786673795206,-0.8696641937816995,0.871955686907864,-0.2914600603460361,0.49959596827316743,0.7220869259430646,0.4097674547405757,-0.3026790696617004,-0.06790514237919199,-0.3515466602790697,-0.270754859792868,0.022632611887360887,-0.21399895327978688,-0.0597633896265599,0.5973833553250554,-0.04698862161520483
-0.38930415690580084,0.05183506439430235,0.5346055544769779,-0.2585846784991238,-0.12560150971696113,0.06680839359027171,-0.6378681687355254,-0.25951794750627766,0.5621072094153947,0.1639253465126546,-0.4853830845260807,0.581441644196434,0.39526334562913745,0.1552669850285038,0.42252247023228817,-0.05328100670491986,-0.7393164259310303,0.28357324287805724,-0.209462001515478,-0.9166829475776422,-0.5975339012892935,-0.14469998712834725,0.3441047617142468,-0.24588738548784342,-0.5823299654757831,0.028752435789129203,0.9822489363553706,0.3749144126833509,0.49726535455723164,0.3098885667840543,0.11037340506374113,1.1558979182014961,0.3330566795005021,-0.7507331924246096,0.23379474195678587,0.09065866667244468,-0.7079960261807556,0.7408302515291657,-0.21266810775605238,-0.42081357631104044,0.18370328296807062,-0.7559696670693314,0.4142559524221138,0.4449311991409106,-0.6983839914373687
-0.35676377069266785,-0.12308007977778329,0.5759591926000937,-0.09966692839734194,-0.016742222427178023,-0.32191033347255527,-0.023278637925875166,0.1529757637311138,0.06455912928650505,0.10567881729855962,-0.03962918197233141,0.3141462243379845,0.015112321477777947,0.3867214328165067,0.12611851550437994,-0.12297322588227694,-0.09050476401143215,-0.2089599714636849,-0.0718575958792857,-0.5238272873847989,0.1474548356899368,-0.499066704969012,0.36209108821394137,-0.2230639371295012,-0.0824472545581756,-0.04069159944590017,0.3749144126833509,0.5846387748510262,0.0922381968055587,0.30266971817738725,-0.2514386688482239,0.2881075885246388,-0.27124703715152254,-0.26757307310846645,0.11291747291907628,0.25168590079005976,-0.17902207828617508,-0.21722533726854895,-0.03549890418602446,-0.32658633485487826,0.3229979698205834,-0.2950430215553856,0.2864397608219393,0.2550851275582682,-0.20975437221959986
-0.8283347951219739,0.39175864585838327,0.31761195308074786,1.049666566731924,0.26977096556736385,0.18706310579606322,-1.4044279862750746,0.019156578861553322,0.35218044014509375,-0.21771607291128292,0.8046914913679822,-0.15695421090437542,0.798920738565933,0.510255797559741,0.5201014356024665,-0.5480686049511843,-0.2202946120999786,-0.12040250017650848,-0.5251097770079672,-0.5068611603899398,-0.06567996445292944,0.905819718842725,0.9985644361072258,0.4537834755870523,0.6441035074119696,0.10197007019970558,0.49726535455723164,0.0922381968055587,1.927712101740809,0.04983241497899925,0.5218629992207514,1.5802970457044074,0.9877291854286947,-0.24909159707219386,0.47217778578610875,-0.058094768297509786,-0.644311092957564,0.6837116762572486,1.627926393097309,-0.41685462963685266,-0.5164662511336039,0.6343139693172631,-0.043602477693654974,-0.06395568642993703,-0.770100168287267
-0.14353110958388077,-0.5682694016453059,0.4513944085158391,0.11125654709508499,0.44056405999714543,-0.015955198326081086,0.005445056352415762,-0.28266216046308046,0.4736554909419218,-0.09576551916022022,-0.3781792921008739,-0.12564693606867375,0.18251064772248426,0.54935637045356,0.37405928799986793,-0.19529335307048754,-0.2663998180730893,-0.0014323038402075793,-0.06143068712539538,-0.349703503125721,0.14025778999660676,-0.3186808768221557,0.3268415571842923,-0.30300958512497794,-0.15888884707873202,0.32355786673795206,0.3098885667840543,0.30266971817738725,0.04983241497899925,0.6538039657796652,-0.7475493728631463,1.0407266401336335,-0.5252183279893465,-0.030324868022015027,0.4652073533573778,0.3453099827613741,-0.33450996858653614,0.256356352740879,-0.37701701797806736,-0.23002428239375802,0.3998330793324773,-0.5658211929176922,0.14604841531127405,0.5567594077894474,0.05200730319974956
-0.3423562161920969,1.159561383291995,-0.5476559812829749,-0.2649256517293028,-0.5610388141029831,0.049747304269410715,-0.9513637551340167,0.632763555890766,-0.5544089019529538,0.17487137892783733,0.2828586759690103,0.3882657091909139,0.184568874485585,-0.8484798944193503,0.06628474252943779,-0.009658766978324762,-0.22885149531771593,0.16971436798513026,0.18501019617018544,-0.3172697062842026,-0.31124156863592994,0.4874082511273615,-0.28561305926490504,0.3339063201741219,0.6130693157223167,-0.8696641937816995,0.11037340506374113,-0.2514386688482239,0.5218629992207514,-0.7475493728631463,1.7349478822934639,-0.8383673027116598,1.1138704245566944,-0.7397015769577692,-0.8697326539987404,-0.8172374639302632,0.15716596581944445,0.5083119208746553,0.9309194902181566,0.3244548419642127,-0.5002676092791039,0.5812756498110185,-0.003075389566262852,-0.9016219943788885,-0.37493283788035675
-0.5067886637026613,-0.7084232467793331,0.6883058444581405,0.9393984478572539,1.2744053936381121,0.6560459817115796,-1.1888384403385956,-1.0521193536400602,1.7982957651510953,-0.4334306696990316,-0.6631004278951159,-0.5311123063373864,1.2106788926274712,0.8479546898947241,1.4397772920503573,-0.515884404061929,-0.9929416606031667,0.5305270922171821,-0.6814544318912299,-0.4937213730675865,-0.25788054697503515,0.48920120226352726,0.8351991061133269,-0.33567442216335464,-0.641194586319043,0.871955686907864,1.1558979182014961,0.2881075885246388,1.5802970457044074,1.0407266401336335,-0.8383673027116598,3.991842424364639,0.2424104557008919,-0.4348453860066532,1.3388815845223183,0.5224187173045172,-1.2700257194932316,1.9126306552133245,0.10330907493945521,-0.6783016268697504,0.10634306315132504,-0.9571690785735477,-0.09769537175907415,1.031219289788662,-0.6218834596781844
-0.32368950657928097,0.856818207900209,-0.26746265423554405,0.2100153644560766,-0.26338438277145276,0.21975422092940983,-0.9547880216858763,0.0930316040474407,-0.015385226476762442,9.480008785531603e-4,0.3871612775469131,0.21321167517957615,0.40514012163213486,-0.43839801649052934,0.1474672935413624,-0.06134632395094161,-0.2539078314237375,0.22790871614660146,-0.20232878553615696,-0.13820057771538338,-0.4604146890093026,0.8046119118632765,0.13921956680237016,0.4164412704245204,0.1831306306851047,-0.2914600603460361,0.3330566795005021,-0.27124703715152254,0.9877291854286947,-0.5252183279893465,1.1138704245566944,0.2424104557008919,1.270550494183029,-0.458479899145187,-0.22648344505499535,-0.41997394682177364,-0.3016429412875591,0.6261921327867442,0.9982374377339392,-0.0031099949512446365,-0.6052376242505556,0.4982182406590208,-0.057019216561711744,-0.4664267183227446,-0.667985960170037
0.39968960921446134,-0.4247519869954371,-0.05958015808089664,0.5226582732082713,0.028986154206243526,-0.033076845948449424,0.6964153580743828,-0.3714181282566,-0.17975005180143638,-0.10939484865913773,0.5343176568512054,-0.4417483456729988,-0.35743314651887026,0.44443952721134816,-0.8037486923814161,0.00639148690628355,0.6851014122395072,-0.2531412379375553,-0.2014499020067031,0.6885633976616413,0.2518331586917555,0.3008685953047417,0.22120556364283478,0.3016994787774111,0.25125794116464156,0.49959596827316743,-0.7507331924246096,-0.26757307310846645,-0.24909159707219386,-0.030324868022015027,-0.7397015769577692,-0.4348453860066532,-0.458479899145187,1.07872366323999,0.41171738416831377,0.22387209159714902,0.2498962696373897,-0.9330422275705286,0.061929596559849635,0.08106396065700497,-0.1918740788240619,0.6070773556469929,-0.268005340730277,0.16911500508665467,0.3579645478850987
-0.04519982283926315,-0.5786433196338845,0.5236469729092718,0.49956729202112365,0.13948270891058914,0.19222107033721994,-0.13288197391247392,-0.8248769365618941,0.636833033099054,0.00407343116765016,-0.06462721321617072,-0.0840250588820838,0.2117117836920511,0.8499923884450038,-0.2856176260783064,-0.143268532500586,-0.18054850369779066,0.14772918380694697,-0.4661543434401549,-0.34639164573240616,-0.3791441755278622,0.27985135980610515,0.6859117149704542,0.031286974378975416,-0.308613202647963,0.7220869259430646,0.23379474195678587,0.11291747291907628,0.47217778578610875,0.4652073533573778,-0.8697326539987404,1.3388815845223183,-0.22648344505499535,0.41171738416831377,1.0087525131381736,0.31386831054465536,-0.6076116136128641,0.15129945336873563,-0.20082976917636286,-0.4334521783125461,-0.028707055695051786,-0.24258279982914493,0.08438304381102943,0.8098329274830238,-0.3336074158069062
0.09376783203287943,-0.535549451580689,0.36639349233025065,0.22521355461948178,0.4296546780000793,-0.08234604747840876,0.4971443981635214,-0.03474592306789866,0.3079790263123271,-0.21189711827537766,0.06668212889857768,-0.2153262999723044,-0.010812147645937959,0.33941297229880224,0.38794026523933034,0.013125060915912728,0.236300396705307,-0.3108815978679795,-0.12368293209703198,0.35211652209124383,0.3827255612198794,-0.38575748211748245,0.1392079218456783,-0.21098817419226737,-0.46544318265747237,0.4097674547405757,0.09065866667244468,0.25168590079005976,-0.058094768297509786,0.3453099827613741,-0.8172374639302632,0.5224187173045172,-0.41997394682177364,0.22387209159714902,0.31386831054465536,0.6424122529807201,-0.026019369540033054,-0.3434271393765167,-0.23384295042880532,-0.2944391159019751,0.30463609417295145,-0.27392271096102583,-0.024115771018183046,0.3193798781359961,0.1483215553783324
0.32721053752862084,0.056239567099307886,-0.5189491116167272,-0.10012209033465133,0.16365488778191864,-0.13061664828831268,0.6312760889459021,0.6780765883228546,-0.5687127314588994,-0.15328582206340496,0.2655169968526327,-0.4062022389424668,-0.3544721013444158,-0.4995137279553732,0.12275894950544512,0.16108164237828426,0.6081072560516996,-0.3469125140951801,0.399917142944014,0.8544609007449886,0.702529711415261,-0.2995774196832832,-0.6707026201311741,-0.014443084972158116,0.2898980864947583,-0.3026790696617004,-0.7079960261807556,-0.17902207828617508,-0.644311092957564,-0.33450996858653614,0.15716596581944445,-1.2700257194932316,-0.3016429412875591,0.2498962696373897,-0.6076116136128641,-0.026019369540033054,0.8366226649322818,-0.5715347436483469,0.022161909972999584,0.3803249386039415,0.05145763903298037,0.4010157517035396,-0.3258216437527649,-0.6239780579068379,0.7285306627327195
-0.2046712599286819,0.1255442319555324,-0.31198574661306105,-0.03735146184728167,0.633005816601952,0.7132968155633548,-1.1460169733785188,-0.303643946558635,0.9156623893515924,-0.17491837202384197,-0.9656627148517777,-0.23174777636415056,0.8433073816455805,-0.42405967517455023,1.2551398414421746,-0.10966766753479829,-1.0686666733568992,0.7938836227828909,0.08137955713691025,-0.40862466243811163,-0.48430910282654854,0.37708506791020113,-0.3277733935863376,-0.2897665024313429,-0.3899692291284687,-0.06790514237919199,0.7408302515291657,-0.21722533726854895,0.6837116762572486,0.256356352740879,0.5083119208746553,1.9126306552133245,0.6261921327867442,-0.9330422275705286,0.15129945336873563,-0.3434271393765167,-0.5715347436483469,2.15006333912283,-0.1836592535476033,0.0328341989452511,-0.05017007341437687,-0.8018604299815729,-0.10138278773278575,0.0757631745214939,-0.2553941275458891
-0.824791649279118,0.8114052682793624,-0.09225487150096062,1.1360900259146736,0.21515823313408308,-0.1792629183805903,-1.0107333020486642,0.6657945262467453,-0.4853376661729027,-0.3325604442909864,1.5019462802658523,-0.3702437104013967,0.4191719527237781,0.19295531445578834,0.22821672698921722,-0.6172008593708996,0.4760594795930998,-0.5654008912396622,-0.2928211562153353,0.1486349670012014,0.6769874156545023,0.94149660966429,0.8190830221358739,0.7378624587031786,1.514374058604391,-0.3515466602790697,-0.21266810775605238,-0.03549890418602446,1.627926393097309,-0.37701701797806736,0.9309194902181566,0.10330907493945521,0.9982374377339392,0.061929596559849635,-0.20082976917636286,-0.23384295042880532,0.022161909972999584,-0.1836592535476033,2.3785843758134217,0.023537822897667583,-0.6795789419954531,1.5627976382622064,-0.27331838264380565,-0.7988171065406482,-0.32964750102791895
0.23040022020113934,0.19956974096695967,-0.5329239347392901,-0.14286400386664458,0.0667073581131693,0.0474045420731459,0.17549007442951997,0.1398324739574411,-0.2960858930420864,-0.0738092362153536,-0.06996791666632811,-0.23762018297843873,-0.15424152371974056,-0.46039599271684095,-0.052449217766701334,0.0499505324811113,0.1410835248397766,0.09330342013196867,0.2579519511775416,0.4543072005444555,0.22123600844619362,0.11598491364194721,-0.4571984337194178,0.0530879860685949,0.3358915713744432,-0.270754859792868,-0.42081357631104044,-0.32658633485487826,-0.41685462963685266,-0.23002428239375802,0.3244548419642127,-0.6783016268697504,-0.0031099949512446365,0.08106396065700497,-0.4334521783125461,-0.2944391159019751,0.3803249386039415,0.0328341989452511,0.023537822897667583,0.4668768533006594,-0.0941166236228981,0.2568741737311915,-0.23107987620802817,-0.3991535811108148,0.4005939856245843
0.03431568577263853,-0.40884056325555307,0.26308612443536905,-0.3522277178071197,0.23071379238082876,-0.16127467420986213,0.3851260228929688,0.13671898387202597,0.13286442554692196,-0.005314568892020854,-0.45911372691818625,0.04873075909479372,-0.09004604817529886,0.10124665943933528,0.3877056879183914,0.04740219165743103,-0.11579277169554295,-0.10072502818025952,0.2130018213920559,-0.1487393283996164,0.24770188569293167,-0.7219117862126068,-0.16241815812712418,-0.4272070309155012,-0.3401960372312606,0.022632611887360887,0.18370328296807062,0.3229979698205834,-0.5164662511336039,0.3998330793324773,-0.5002676092791039,0.10634306315132504,-0.6052376242505556,-0.1918740788240619,-0.028707055695051786,0.30463609417295145,0.05145763903298037,-0.05017007341437687,-0.6795789419954531,-0.0941166236228981,0.5335806537067187,-0.6482896416722068,0.17450144129525202,0.25080532814220474,0.2606956457664864
-0.20030429255558965,0.5671133239028114,-0.34956609653695203,0.7746067889143511,-0.13970469240924197,-0.18701830366321423,-0.17324495225280284,0.4189692992841109,-0.7547849326376113,-0.160382198986064,1.30702698489692,-0.3541247161159357,-0.11631492368922398,0.04201197707511138,-0.5634851230860756,-0.26491134186225446,0.787123623307738,-0.47859074622549164,-0.14552861899442512,0.5594696681214599,0.5169325863149502,0.7764872230684389,0.37583757608996227,0.7206688536450369,1.2323677895470553,-0.21399895327978688,-0.7559696670693314,-0.2950430215553856,0.6343139693172631,-0.5658211929176922,0.5812756498110185,-0.9571690785735477,0.4982182406590208,0.6070773556469929,-0.24258279982914493,-0.27392271096102583,0.4010157517035396,-0.8018604299815729,1.5627976382622064,0.2568741737311915,-0.6482896416722068,1.5338448906445383,-0.34339860685900586,-0.7117623814444269,0.05966081298797818
-0.23600816956933712,0.02316976510398374,0.42289407908715776,-0.37116493960252117,-0.505071401165109,-0.18136587758838463,-0.13622726346612327,-0.07252741314409748,-0.048910734053968535,0.30424942917720466,-0.16299012860886317,0.6263874364878643,-0.07451677835271918,0.2616367220070064,-0.3315547225705488,0.013852500992330073,-0.30838498549306265,0.02761175425154382,-0.03078999958669337,-0.843480635537123,-0.44688475244265025,-0.26361278934928917,0.3111906465643786,-0.0717508201183239,-0.1458284960866122,-0.0597633896265599,0.4142559524221138,0.2864397608219393,-0.043602477693654974,0.14604841531127405,-0.003075389566262852,-0.09769537175907415,-0.057019216561711744,-0.268005340730277,0.08438304381102943,-0.024115771018183046,-0.3258216437527649,-0.10138278773278575,-0.27331838264380565,-0.23107987620802817,0.17450144129525202,-0.34339860685900586,0.47056462703634155,0.3137493936437927,-0.38748362310302664
0.05449846282673677,-0.6297351853797182,0.6456699217699926,-0.04746779622412375,-0.11497137208935851,0.06392244955742299,0.10240386107639765,-0.8806331753757817,0.618231689902561,0.19049741416793428,-0.5056140864872916,0.2988239220655769,0.032407712776668575,0.7193945069025663,-0.3921272966326956,-0.0013137986989981173,-0.38372212494968977,0.2581907689131793,-0.34813839332023716,-0.6152508208953481,-0.5738934086810701,-0.1340700381356295,0.506370534879366,-0.21219605517309575,-0.62649611483745,0.5973833553250554,0.4449311991409106,0.2550851275582682,-0.06395568642993703,0.5567594077894474,-0.9016219943788885,1.031219289788662,-0.4664267183227446,0.16911500508665467,0.8098329274830238,0.3193798781359961,-0.6239780579068379,0.0757631745214939,-0.7988171065406482,-0.3991535811108148,0.25080532814220474,-0.7117623814444269,0.3137493936437927,0.9659862921606851,-0.33851519344463576
