V1,V2,V3,V4,V5,V6,V7,V8,V9,V10,V11,V12,V13,V14,V15,V16,V17,V18,V19,V20,V21,V22,V23,V24,V25,V26,V27,V28,V29,V30,V31,V32,V33,V34,V35,V36,V37,V38,V39,V40,V41,V42,V43,V44,V45
0.8612268249250679,0.09505894921126523,-0.17436140545442985,0.01084800876662734,-0.11625453772491126,0.12016326454476617,-0.03528815400217044,0.008224194286868583,0.2725991834856089,0.08234254400499078,0.1594528589256489,-0.5660131834674581,0.4214568316910524,0.6448120446835449,0.08683276000731666,0.2741340783732796,-0.24081211394849533,-0.04341851545062357,-0.024424083360145465,-0.12606695595158232,-0.09952963017948573,0.2723100975038279,0.32371413727968,0.30336148548045616,-0.06512483700184,-0.17818252279008054,-0.20421568903956835,-0.5120374202200589,0.40087696629282826,-0.13681120597005195,0.4171402607246214,0.07549673443528712,-0.3554331702883655,-0.28674867083074723,0.2590430589445188,-0.22176036216336015,0.045396505794709836,-0.3182075183572156,-0.17653698629945705,0.27450192534119827,0.22082096916227098,0.02282927342578769,-0.015194112970911082,0.05409252613527658,-0.0761190978035609
0.09505894921126523,0.6286212839517084,-0.011050783380212507,0.2617023490426755,-0.07992222615146818,-0.2648862314781449,0.035596596389917676,-0.056265511814092485,0.03597041077258614,0.09726898349774546,0.3049995101236716,0.15666541056085997,0.3585098410308459,0.14132173181204413,0.1299397575443595,0.0755338089531831,0.23094482788132414,-0.40014116362141827,0.6106373789796005,-0.03742541830824368,0.3781344658052044,0.08770471940763315,0.15674639592507986,0.21881835502951216,-0.17860093606877978,0.1835000289784988,-0.02882418310700113,0.20423064321404086,0.36135406247918905,0.025349664822380175,0.4611371547682,0.010126539943269373,-0.03165122487052462,0.5199108646680085,0.10525081863887903,-0.7098338814623145,0.16489379733752701,0.2535349393885137,-0.3552890615812262,-0.02192853908318687,-0.09427725477143081,0.1583663471631053,0.09521493009050273,0.3883149604022368,-0.3242649795035477
-0.17436140545442985,-0.011050783380212507,0.37281077874492097,-0.1881525796917015,-0.1739146205235143,-0.15719837483241006,0.12266532970304002,0.0795444409367493,0.0337970846238004,-0.15605430385490107,0.16663119351614727,0.19174199309982878,0.14788636174440095,-0.20988068455798917,-0.0819912694386205,-0.10288920287258138,0.031383031158765395,-0.11909379673946975,-0.14323261987724406,-0.11056711593833563,0.21846777275257076,-0.2308452655618844,0.03814388075358473,-0.09285392160379545,0.010342287508390106,0.15670762386495915,0.04245859232464753,0.071438903988948907,-0.24472422480479275,-0.033261123112688196,-0.13205083498447256,0.2671615448861378,0.15278736412904972,0.33966634795422457,0.14929143843115897,0.0469680073211423,-0.15699606786458475,0.17893999326575627,0.07374081855608171,-0.2926912564452856,0.05563294714898777,0.05175437650122805,-0.04642518070593734,0.32793674553281815,0.1575870448386356
0.01084800876662734,0.2617023490426755,-0.1881525796917015,0.6164554430852472,-0.43946794216216695,-0.014037500780893695,0.09143854900707728,-0.18899389187025883,0.4180747543659299,0.2829488955710116,0.05370813782414709,-0.04317227358027018,-0.0788644133771499,-0.0027589035393544856,0.39783813134392226,0.05346079460421867,0.12042492041153502,-0.32507287367430915,0.17899460351801635,0.3775340717015747,0.1445898772097576,-0.19907703924046005,-0.02026226588231821,0.19850933083866487,-0.23709744558985332,0.0587271522923681,-0.11551448942534599,0.14433587705454848,0.2429698099906955,0.16491742585136376,0.01802653015269909,-0.1927521250430108,-0.08952092630843313,0.033399076846982,-0.17857965366492726,-0.18855722913885925,0.08174679012612286,0.062135567998792246,-0.03109153384213502,0.02367428600775031,-0.2338531310788919,-0.1253577959597257,-0.11911750621207054,-0.12359960575623184,-0.4300880656821101
-0.11625453772491126,-0.07992222615146818,-0.1739146205235143,-0.43946794216216695,1.5943406992882845,0.4578478186296125,-0.12577888325894568,0.09171125236588819,-0.316486668093429,-0.00901343870447248,-0.17028163428484325,0.323789686350278,-0.006960193309291847,-0.30771545515628235,-0.2922413945354289,0.39630294952678236,-0.4086753773194567,0.9131896694209727,0.40871550590914857,-0.23834760260680438,-0.45917145637705253,0.7414384262490976,-0.210421272865818,-0.5645631797983173,0.7189754242861822,0.14052613080601883,-0.06585395260948144,0.12582600877032707,-0.302811451503401,0.13161563725195197,0.42638454927395686,-0.16148213511630233,0.060743975361480976,0.2707307024468906,0.08529692008781097,-0.17978001857367873,0.1970809047242765,0.14817686103419261,0.49058075259713885,0.31591680955035906,0.4541246045619317,0.31199109539843817,0.6951633416203199,-0.018680200461520077,0.034220223859261364
0.12016326454476617,-0.2648862314781449,-0.15719837483241006,-0.014037500780893695,0.4578478186296125,1.1587595051228234,0.021607436578905445,-0.19959566655415403,-0.17106576267576304,0.18907010468382462,-0.19807031052508084,-0.23537632002585687,0.02799706005101581,-0.2199360750720378,-0.09781363480795759,-0.023316408758323387,-1.0561679214811948,0.42070884628212124,-0.5175044233101955,-0.25736282015929085,-0.7005295261770489,0.5886279903935853,-0.10668664337444606,0.1313550248149273,0.3844306604127861,0.23734242382224544,0.1823932843420595,0.1642851059189679,-0.7304461290310175,0.20743133251269344,0.17225735423197233,-0.04509994858192798,-0.4436904498967311,0.2815774231469399,0.39039195557189027,0.23518298919138245,0.49554394273539143,-0.3605157643840455,0.43187678009217273,0.29784364966156673,0.009819794552317726,0.171710463244108,0.20490885245372173,0.4433141342604786,-0.08612915448366468
-0.03528815400217044,0.035596596389917676,0.12266532970304002,0.09143854900707728,-0.12577888325894568,0.021607436578905445,0.3931380632083428,-0.004925308660657496,0.40489939816673565,0.1664373160241267,-0.3261031302546177,-0.08254177628116997,-0.031586059315245475,-0.11585774017146648,0.10514422749474642,-0.08127128563426587,0.05871511540267441,-0.16798235461776084,-0.06262125152672827,0.32077148219174717,-0.10905010501367428,-0.17663265427931243,0.011133224369122148,-0.14828014302528025,-0.01591784456606479,-0.04930595032712318,-0.18533534370878896,0.20448899138472915,0.14987307400522581,-0.05542312782647277,0.17263982845935175,0.2022644668495146,0.37733473634958925,0.2739979925076571,0.20622996635010146,-0.2703289602567914,-0.04420040795207205,0.08144098020474966,0.10579672522496952,-0.005054806056668952,-0.03476498336630765,-0.09253261133013013,0.02736073985098166,0.25021760350097116,-0.11664725233725926
0.008224194286868583,-0.056265511814092485,0.0795444409367493,-0.18899389187025883,0.09171125236588819,-0.19959566655415403,-0.004925308660657496,0.15064441372342185,-0.035815380454918305,-0.07373646733934544,-0.15969657552715985,-0.023117678948390553,-0.0076852142429810035,0.08881686888011942,-0.1285809615533924,-0.019715278480829313,0.27335796502836324,0.06188603039778327,0.01674746081236125,-0.03359638602507513,0.0670107489381892,-0.028677250582667013,-0.009881397380064315,-0.1871152643510015,0.016846438384986482,-0.021640227501085112,0.07721448122279422,-0.04036803657357199,0.19186151074794017,-0.11135249958414614,0.08231153771131,0.1344346228335989,0.25355238108428596,-0.15339292741787386,0.007105725412414808,-0.0018303790049512933,-0.08593546539653403,0.054195087297106086,-0.01490457120441664,-0.08418916906133526,0.01744535618157666,-0.02949845963383619,0.15642024233000612,-0.006305582221518557,0.09915986354350526
0.2725991834856089,0.03597041077258614,0.0337970846238004,0.4180747543659299,-0.316486668093429,-0.17106576267576304,0.40489939816673565,-0.035815380454918305,1.6358266550348983,0.18038229190373903,0.34643121052580045,0.07210938471635646,0.2883223549150195,-0.06730858412583475,0.649400164781602,0.49342319608756413,0.2187387428046739,-0.2676558309100785,0.06255013262415836,0.8435919274185917,-0.07382469948941958,-0.3459524100399381,0.25380047791749694,-0.2300390638280024,0.19611923484758054,-0.2411696609334318,-0.48343413267932883,-0.06828227136739402,0.36213264447546634,0.09628617941438516,-0.2850580645280549,0.02484360136167216,0.08128020177183035,-0.2740657391619637,-0.22507196631548637,-0.21235732503993207,-0.5841515058886573,0.2836316702032689,0.6479913210279624,-0.24834599936920637,0.076154294243492765,-0.15660428416112623,0.04267408892804905,-0.22899708405261093,-0.3106977025419218
0.08234254400499078,0.09726898349774546,-0.15605430385490107,0.2829488955710116,-0.00901343870447248,0.18907010468382462,0.1664373160241267,-0.07373646733934544,0.18038229190373903,0.42016780608113113,-0.43296144028630074,-0.17047396247009503,-0.23367782623439978,-0.0027363814357029576,0.0324116044651079,-0.17587589757992636,0.07836833828836307,0.08578562018547356,0.17763648090181985,0.09029878191352184,-0.06429897490369789,0.01799968010487876,-0.06577355143964828,-0.059052632360674914,0.1943220297988513,0.015581098846392777,-0.21303868408276308,0.14639064331182616,0.058602917562604044,0.018842494915979828,0.41656130197631236,0.008273339383202355,0.3319346004342889,0.27530321403407076,0.34726629493870126,-0.4186918164510631,0.3244236148580244,0.17669162625765428,-0.10575762633129276,0.27750460622123563,-0.10568035102066792,-0.15376784996723133,0.054113521841448936,0.01208854535643692,-0.2604281878903087
0.1594528589256489,0.3049995101236716,0.16663119351614727,0.05370813782414709,-0.17028163428484325,-0.19807031052508084,-0.3261031302546177,-0.15969657552715985,0.34643121052580045,-0.43296144028630074,1.8336624965983224,0.6073943299232454,0.7422996820758709,-0.023562425723336968,0.367799470467114,0.5413440320728297,-0.6286002418035764,-0.3503184440850113,0.26094583683454836,-0.23995361512386032,0.24431146088462716,0.0974818534553351,0.4183324048155528,0.466869774687072,0.024159079389349834,0.006758898766278666,-0.22915581874844307,-0.5153037689291377,-0.7367245705605349,0.34293468167375557,-0.7774093194145245,-0.2945602468437452,-1.207740902030082,0.20365061839195542,-0.14828297600150175,0.021915263831563586,-0.5226898842925009,0.2220503967175176,0.023597887627583972,-0.26251152655355203,0.3170733692653882,0.2957078600742937,-0.2862698724628698,-0.07408803530083875,0.08265941035563619
-0.5660131834674581,0.15666541056085997,0.19174199309982878,-0.04317227358027018,0.323789686350278,-0.23537632002585687,-0.08254177628116997,-0.023117678948390553,0.07210938471635646,-0.17047396247009503,0.6073943299232454,0.8736992909420456,0.02842316429297459,-0.6767120533984688,0.04235081575589576,0.12267757658640144,0.08533490981038803,0.06301039143617143,0.4219890533893571,0.0029071151575407964,0.18312915148382755,-0.06321266730684107,-0.0017142754762612341,-0.17069206820969746,0.36500873126715566,0.0891885483728083,-0.1022631524635851,0.3019069873117772,-0.4185992799893723,0.1744339588576128,-0.4927123342464165,-0.1809586668700869,-0.007800423063375986,0.5080561693946785,-0.2267778583747332,-0.13173693282437332,-0.2604962540888779,0.4503641405548522,0.20072923825766298,-0.31529531012350337,0.020087907933237416,0.2460312443134897,-0.06400294428520245,-0.0745986029140248,0.04117816120412554
0.4214568316910524,0.3585098410308459,0.14788636174440095,-0.0788644133771499,-0.006960193309291847,0.02799706005101581,-0.031586059315245475,-0.0076852142429810035,0.2883223549150195,-0.23367782623439978,0.7422996820758709,0.02842316429297459,0.9649854654804466,0.30656776770828614,0.14962332788814106,0.3765912312201305,-0.2054097953477847,-0.31434999993949486,0.09786224563499268,-0.2011474170572982,0.25197671318879755,0.2601889264570189,0.3204715404519751,0.2675929451524734,-0.07663111799860406,0.3082229222231237,0.2394463346063263,-0.014069924133050327,0.11084027044957413,0.013026636166240307,0.24223477862669868,0.21585323938163056,-0.5216073514285569,0.1724365387592487,-0.039775172326260225,-0.12313902226987877,-0.044167934582136026,0.028145867259349432,0.19197795308199442,-0.2816944225672262,0.17926261433112456,0.34016861236032414,0.239873499734887,0.6823885144767592,-0.0670573934134409
0.6448120446835449,0.14132173181204413,-0.20988068455798917,-0.0027589035393544856,-0.30771545515628235,-0.2199360750720378,-0.11585774017146648,0.08881686888011942,-0.06730858412583475,-0.0027363814357029576,-0.023562425723336968,-0.6767120533984688,0.30656776770828614,1.1435978788862173,0.015334917728572421,-0.0665037426735587,0.18437607630305458,-0.3688383874331226,0.08304816531619633,-0.16014931793155512,0.09035168221103382,0.19489063202198664,0.136149192331571,0.22883934983073137,-0.46710267916319753,-0.10577756333507574,0.19291631144417565,-0.5112997373438782,0.42766582311895157,-0.11595160340326413,0.48883308777131546,0.16806160972048417,-0.18182149573106382,-0.6273106546107781,0.2171102132496035,-0.1338787061776462,0.11793163465686193,-0.04183472032917458,-0.5479493100399467,0.2577724605310747,-0.015342393923510231,-0.29553645289761254,0.349506319069491,0.014317146653452234,-0.01705680429636578
0.08683276000731666,0.1299397575443595,-0.0819912694386205,0.39783813134392226,-0.2922413945354289,-0.09781363480795759,0.10514422749474642,-0.1285809615533924,0.649400164781602,0.0324116044651079,0.367799470467114,0.04235081575589576,0.14962332788814106,0.015334917728572421,0.5073907707372596,0.33560973013873685,-0.06778586170739404,-0.3198649574957117,0.07759922279463502,0.4710804042562494,0.03210955153706724,-0.18770806056073414,0.06199580260161333,0.11662719440685101,-0.27445576554699486,-0.05332747135005375,-0.19098815684720513,-0.05799538416334604,0.24000958657966256,0.16165112506495888,-0.2890141976826625,-0.1458048624802137,-0.2709985952507479,-0.17057848778314852,-0.3925756131093674,0.08402663224287137,-0.2995092437734025,-0.04901963416792107,0.2219839921864626,-0.11223799879358204,-2.3144189348857749e-4,-0.054135955556892476,-0.061927338121219484,-0.21668186849828672,-0.2822794959258235
0.2741340783732796,0.0755338089531831,-0.10288920287258138,0.05346079460421867,0.39630294952678236,-0.023316408758323387,-0.08127128563426587,-0.019715278480829313,0.49342319608756413,-0.17587589757992636,0.5413440320728297,0.12267757658640144,0.3765912312201305,-0.0665037426735587,0.33560973013873685,0.8158208553942596,-0.22461915405580216,0.18295679710150856,0.13553305924246742,0.28769742360116707,-0.010697963333730378,0.09945978915777796,0.1252329138112387,-0.05743457290218609,-0.005328940016062913,-0.020242394428914873,-0.21795112268735078,-0.23697517696739134,0.33956319117695666,0.1168653488955706,-0.1239628836130275,-0.258665422533564,-0.49831393405053853,-0.311819231092169,-0.5655730756312132,0.15176343817828306,-0.366597480050383,-0.21482868242282682,0.5640819397511838,-0.09478600935404344,0.419112768266011,0.2529692372001921,0.05254511328216592,-0.2707482049299656,-0.13009202805717812
-0.24081211394849533,0.23094482788132414,0.031383031158765395,0.12042492041153502,-0.4086753773194567,-1.0561679214811948,0.05871511540267441,0.27335796502836324,0.2187387428046739,0.07836833828836307,-0.6286002418035764,0.08533490981038803,-0.2054097953477847,0.18437607630305458,-0.06778586170739404,-0.22461915405580216,1.740133184347743,-0.25023661300853006,0.5043551356005413,0.3903684161513215,0.7942829288228608,-0.6156056403623231,-0.0555916981638867,-0.39019282901085095,-0.1528237985905001,-0.05015544166048712,0.20961303119855168,0.38024295231411753,1.1908842567627171,-0.3604813513098299,0.3087018172327571,0.1696505559895513,1.0762542099712684,-0.4707535464848686,-0.48435151506320223,-0.32784721964836494,-0.0984372352894223,0.500707741711359,-0.22044103939755394,-0.392519963439968,-0.3500607431452637,-0.24011008720164995,0.0629279147125742,-0.2647779447614015,-0.05111923309097486
-0.04341851545062357,-0.40014116362141827,-0.11909379673946975,-0.32507287367430915,0.9131896694209727,0.42070884628212124,-0.16798235461776084,0.06188603039778327,-0.2676558309100785,0.08578562018547356,-0.3503184440850113,0.06301039143617143,-0.31434999993949486,-0.3688383874331226,-0.3198649574957117,0.18295679710150856,-0.25023661300853006,1.0287659855017524,-0.0514910400165071,-0.26788259551133214,-0.2001457203057262,0.23337076989993555,-0.22655476154695842,-0.45515884481632657,0.725133177459101,0.07976565740215838,-0.17744803482511654,-0.08734090845372763,-0.41380175611970327,0.02771876119926791,0.16406660333333575,-0.15221980854995848,0.14467095371022068,-0.007117954300969641,0.047541987467985686,0.2602419616226705,0.210600254383016,0.03865127410832972,0.49995636514166086,0.26903320343662457,0.4523593137310305,0.08887249910198365,0.10689315513480897,-0.371660087388993,0.20435101719272475
-0.024424083360145465,0.6106373789796005,-0.14323261987724406,0.17899460351801635,0.40871550590914857,-0.5175044233101955,-0.06262125152672827,0.01674746081236125,0.06255013262415836,0.17763648090181985,0.26094583683454836,0.4219890533893571,0.09786224563499268,0.08304816531619633,0.07759922279463502,0.13553305924246742,0.5043551356005413,-0.0514910400165071,1.120259688390508,-0.024896774896430718,0.3967157351113026,0.13993804935939494,0.06794069399565242,-0.11183650141403698,0.1824849983535438,0.005200152404666636,-0.345770730398694,0.1068879280735182,0.34877687552195247,0.039156365611166276,0.4557596932387952,-0.1427936859972479,0.27604194920195346,0.5056511599370509,0.07881951745767947,-0.9186586873382383,0.077454153580624,0.6197440770784366,-0.41824214924948944,0.16395993816411653,0.0777455703802093,0.06556011643880419,0.2252114567611509,-0.14944802637804003,-0.2839402469953352
-0.12606695595158232,-0.03742541830824368,-0.11056711593833563,0.3775340717015747,-0.23834760260680438,-0.25736282015929085,0.32077148219174717,-0.03359638602507513,0.8435919274185917,0.09029878191352184,-0.23995361512386032,0.0029071151575407964,-0.2011474170572982,-0.16014931793155512,0.4710804042562494,0.28769742360116707,0.3903684161513215,-0.26788259551133214,-0.024896774896430718,0.9328167316182724,-0.1576369535124623,-0.39523843455330365,-0.028755444665415023,-0.20195227967832183,-0.2700048007259762,-0.31265994641357076,-0.2255518945284495,0.16257558421910057,0.6991317349154059,0.0055655994948832005,-0.30893139127314945,-0.15662835612391912,0.2393409811134011,-0.4880921778392929,-0.6031026948744936,0.04853522314601235,-0.44905932087007966,-0.12277266451336576,0.38766607127726443,-0.1553926228378171,-0.13571899548433158,-0.16501970687116155,-0.08089881938999628,-0.4069527023673402,-0.2574971040416448
-0.09952963017948573,0.3781344658052044,0.21846777275257076,0.1445898772097576,-0.45917145637705253,-0.7005295261770489,-0.10905010501367428,0.0670107489381892,-0.07382469948941958,-0.06429897490369789,0.24431146088462716,0.18312915148382755,0.25197671318879755,0.09035168221103382,0.03210955153706724,-0.010697963333730378,0.7942829288228608,-0.2001457203057262,0.3967157351113026,-0.1576369535124623,1.1140567701431843,-0.548086412841553,-0.025422011845052703,-0.009443125947942277,-0.23310603495125173,0.4526478282606208,0.11931662905876089,0.10402005585513494,0.30964187639274066,-0.06720888935177399,0.2566324894594918,0.15786030704588336,0.25463540716912747,0.21298125776585977,-0.2933072994951406,-0.0441707398204283,0.05894741529636879,0.5061465434614691,-0.12937631586282863,-0.37130421457322893,0.1071407825800345,-0.015066367723782798,-0.13374206389755205,0.07219660655580856,-0.03349302613293815
0.2723100975038279,0.08770471940763315,-0.2308452655618844,-0.19907703924046005,0.7414384262490976,0.5886279903935853,-0.17663265427931243,-0.028677250582667013,-0.3459524100399381,0.01799968010487876,0.0974818534553351,-0.06321266730684107,0.2601889264570189,0.19489063202198664,-0.18770806056073414,0.09945978915777796,-0.6156056403623231,0.23337076989993555,0.13993804935939494,-0.39523843455330365,-0.548086412841553,0.8590514521505357,0.0725272731879462,0.1333904105092129,0.28741834391651644,0.04211096303449878,0.18847968223551528,-0.0074264987681555705,-0.23227369403155276,0.08637263136197099,0.36423280934329655,-0.07141200106366209,-0.40207274377743785,0.15362026506797527,0.36863633992669165,-0.2747414019767973,0.3325722962150932,-0.19091488141033136,-0.07479168592190427,0.3202638266911325,-0.00149573862511546,0.2662661241571114,0.4792207466724297,0.353924821242573,-0.07445977045245605
0.32371413727968,0.15674639592507986,0.03814388075358473,-0.02026226588231821,-0.210421272865818,-0.10668664337444606,0.011133224369122148,-0.009881397380064315,0.25380047791749694,-0.06577355143964828,0.4183324048155528,-0.0017142754762612341,0.3204715404519751,0.136149192331571,0.06199580260161333,0.1252329138112387,-0.0555916981638867,-0.22655476154695842,0.06794069399565242,-0.028755444665415023,-0.025422011845052703,0.0725272731879462,0.34974378090595387,0.26271492921912853,0.04387767020542945,-0.23430298905500366,-0.1768828470234445,-0.1814619197796768,0.14509993419515385,-0.10177829639547585,-0.046796632786908016,0.0012504328618218364,-0.24964265721267526,0.029592287694991268,0.14332928203444356,-0.3172094659606292,-0.15806566895628238,-0.08256379630892599,-0.1755781064058401,-0.021419773329498945,0.02277169368059522,0.1259886444133244,-0.24089869939287334,0.10935108924796244,0.03532774534939538
0.30336148548045616,0.21881835502951216,-0.09285392160379545,0.19850933083866487,-0.5645631797983173,0.1313550248149273,-0.14828014302528025,-0.1871152643510015,-0.2300390638280024,-0.059052632360674914,0.466869774687072,-0.17069206820969746,0.2675929451524734,0.22883934983073137,0.11662719440685101,-0.05743457290218609,-0.39019282901085095,-0.45515884481632657,-0.11183650141403698,-0.20195227967832183,-0.009443125947942277,0.1333904105092129,0.26271492921912853,0.7331261742870403,-0.37719143614304573,-0.0857536251163793,0.06160663807796424,-0.13402730582041775,0.035885551806059214,-0.014573540374543767,-0.1407835695178987,-0.1136110232149988,-0.6493938752759211,0.07738905704440162,0.036398835737549366,-0.02522518031732461,0.10448705729334333,-0.44375718496275274,-0.4632286575033798,0.05718123323861869,-0.19668504456205022,0.1593172967327924,-0.45145195851810366,0.20450772462241734,-0.07142288694365648
-0.06512483700184,-0.17860093606877978,0.010342287508390106,-0.23709744558985332,0.7189754242861822,0.3844306604127861,-0.01591784456606479,0.016846438384986482,0.19611923484758054,0.1943220297988513,0.024159079389349834,0.36500873126715566,-0.07663111799860406,-0.46710267916319753,-0.27445576554699486,-0.005328940016062913,-0.1528237985905001,0.725133177459101,0.1824849983535438,-0.2700048007259762,-0.23310603495125173,0.28741834391651644,0.04387767020542945,-0.37719143614304573,1.11236737024335,-0.0181535492980116,-0.29209450594443026,0.10005388036338743,-0.7028578250181766,0.0484597230100046,0.103499180064228,-0.05206624630068292,0.212260991955163,0.43428533256267576,0.47805380254636454,-0.33916875019958126,0.17946472084587667,0.4984220000279211,0.37012915894929177,0.1659207532785961,0.23879619459016216,0.11675319069617882,0.08294673059595628,-0.043721006819713464,0.15915739842301538
-0.17818252279008054,0.1835000289784988,0.15670762386495915,0.0587271522923681,0.14052613080601883,0.23734242382224544,-0.04930595032712318,-0.021640227501085112,-0.2411696609334318,0.015581098846392777,0.006758898766278666,0.0891885483728083,0.3082229222231237,-0.10577756333507574,-0.05332747135005375,-0.020242394428914873,-0.05015544166048712,0.07976565740215838,0.005200152404666636,-0.31265994641357076,0.4526478282606208,0.04211096303449878,-0.23430298905500366,-0.0857536251163793,-0.0181535492980116,0.7891662756774515,0.4880688121081899,0.3844023699337692,-0.2753225057990228,0.1777478097137586,0.4172738114752589,0.22206583030040453,0.0027284145594471676,0.45771450036094524,-0.015064323392520888,0.1833079405342092,0.40852721201303305,0.27485004834987325,0.32499697394218685,-0.24843063637451698,0.023688841877853077,0.14029902235493505,0.4424360590992493,0.6185985466741933,-0.16972502483991367
-0.20421568903956835,-0.02882418310700113,0.04245859232464753,-0.11551448942534599,-0.06585395260948144,0.1823932843420595,-0.18533534370878896,0.07721448122279422,-0.48343413267932883,-0.21303868408276308,-0.22915581874844307,-0.1022631524635851,0.2394463346063263,0.19291631144417565,-0.19098815684720513,-0.21795112268735078,0.20961303119855168,-0.17744803482511654,-0.345770730398694,-0.2255518945284495,0.11931662905876089,0.18847968223551528,-0.1768828470234445,0.06160663807796424,-0.29209450594443026,0.4880688121081899,1.0101884479180365,0.42940889761682804,0.09435224417775714,-0.003204140416032067,0.12731355733814506,0.2029468224520562,-0.06448111262708128,-0.3370535623687208,-0.29314805478636374,0.48899852405570265,0.2999194129232118,-0.1435961454966677,0.15498030183527403,-0.3899196980138089,-0.42034543785221223,0.10388426355930257,0.4956010485582573,0.585419021217399,0.016389749546471967
-0.5120374202200589,0.20423064321404086,0.071438903988948907,0.14433587705454848,0.12582600877032707,0.1642851059189679,0.20448899138472915,-0.04036803657357199,-0.06828227136739402,0.14639064331182616,-0.5153037689291377,0.3019069873117772,-0.014069924133050327,-0.5112997373438782,-0.05799538416334604,-0.23697517696739134,0.38024295231411753,-0.08734090845372763,0.1068879280735182,0.16257558421910057,0.10402005585513494,-0.0074264987681555705,-0.1814619197796768,-0.13402730582041775,0.10005388036338743,0.3844023699337692,0.42940889761682804,0.9545474130165792,0.24711008778087354,-0.02949960639360125,0.27878685714361745,0.1386820068993117,0.5161424322891016,0.5084100984281975,-0.18471613892954009,-0.17354314079230856,0.3403159701750117,0.1397931277903249,0.2646372884623958,-0.3031412685723925,-0.4132112853546251,0.21017685872313435,0.2124347330152587,0.605425666416901,-0.2404738334303216
0.40087696629282826,0.36135406247918905,-0.24472422480479275,0.2429698099906955,-0.302811451503401,-0.7304461290310175,0.14987307400522581,0.19186151074794017,0.36213264447546634,0.058602917562604044,-0.7367245705605349,-0.4185992799893723,0.11084027044957413,0.42766582311895157,0.24000958657966256,0.33956319117695666,1.1908842567627171,-0.41380175611970327,0.34877687552195247,0.6991317349154059,0.30964187639274066,-0.23227369403155276,0.14509993419515385,0.035885551806059214,-0.7028578250181766,-0.2753225057990228,0.09435224417775714,0.24711008778087354,2.1957372140372553,-0.48913117530186206,0.5365635454605479,0.07563300245713458,0.6091192829241304,-0.7521349650346464,-0.8319391974340041,-0.2898529571736358,-0.19451811902211472,-0.56810278874588,-0.16450318795837643,-0.20776645430212234,-0.2803056869191475,0.08050765233133225,5.32167589447325e-4,-0.1360023349891664,-0.37651515436500166
-0.13681120597005195,0.025349664822380175,-0.033261123112688196,0.16491742585136376,0.13161563725195197,0.20743133251269344,-0.05542312782647277,-0.11135249958414614,0.09628617941438516,0.018842494915979828,0.34293468167375557,0.1744339588576128,0.013026636166240307,-0.11595160340326413,0.16165112506495888,0.1168653488955706,-0.3604813513098299,0.02771876119926791,0.039156365611166276,0.0055655994948832005,-0.06720888935177399,0.08637263136197099,-0.10177829639547585,-0.014573540374543767,0.0484597230100046,0.1777478097137586,-0.003204140416032067,-0.02949960639360125,-0.48913117530186206,0.2945526779311919,-0.17206069934271795,-0.15246766813681426,-0.3233053313268029,0.13105791944616807,3.223195662649658e-4,0.09347957260109938,0.008063441723890435,0.17074432383042198,0.18714650098752245,0.022492545265680654,0.04542129100711464,-0.022595325668175698,0.16919069124815517,-0.04305105102142287,-0.12495341474853267
0.4171402607246214,0.4611371547682,-0.13205083498447256,0.01802653015269909,0.42638454927395686,0.17225735423197233,0.17263982845935175,0.08231153771131,-0.2850580645280549,0.41656130197631236,-0.7774093194145245,-0.4927123342464165,0.24223477862669868,0.48883308777131546,-0.2890141976826625,-0.1239628836130275,0.3087018172327571,0.16406660333333575,0.4557596932387952,-0.30893139127314945,0.2566324894594918,0.36423280934329655,-0.046796632786908016,-0.1407835695178987,0.103499180064228,0.4172738114752589,0.12731355733814506,0.27878685714361745,0.5365635454605479,-0.17206069934271795,1.544398950224567,0.33412245245038064,0.5374761047273209,0.5228046755396153,0.6356075365426314,-0.8733465174398946,0.8046805503640246,0.25833068962420247,-0.2571139346396938,0.37655346634429454,0.08823483835915166,0.02682638648063854,0.5858103162693902,0.7328001138479986,-0.30871164345465896
0.07549673443528712,0.010126539943269373,0.2671615448861378,-0.1927521250430108,-0.16148213511630233,-0.04509994858192798,0.2022644668495146,0.1344346228335989,0.02484360136167216,0.008273339383202355,-0.2945602468437452,-0.1809586668700869,0.21585323938163056,0.16806160972048417,-0.1458048624802137,-0.258665422533564,0.1696505559895513,-0.15221980854995848,-0.1427936859972479,-0.15662835612391912,0.15786030704588336,-0.07141200106366209,0.0012504328618218364,-0.1136110232149988,-0.05206624630068292,0.22206583030040453,0.2029468224520562,0.1386820068993117,0.07563300245713458,-0.15246766813681426,0.33412245245038064,0.49539900341773246,0.41740279668717595,0.24194709196133612,0.3320754704794422,-0.0572540181292349,0.09224301423937688,0.13383416279491941,-0.043309076678979715,-0.1626152819166305,-0.047144254930840665,-0.0462540050881791,0.2642964233358624,0.5484520274781702,0.05309015275280769
-0.3554331702883655,-0.03165122487052462,0.15278736412904972,-0.08952092630843313,0.060743975361480976,-0.4436904498967311,0.37733473634958925,0.25355238108428596,0.08128020177183035,0.3319346004342889,-1.207740902030082,-0.007800423063375986,-0.5216073514285569,-0.18182149573106382,-0.2709985952507479,-0.49831393405053853,1.0762542099712684,0.14467095371022068,0.27604194920195346,0.2393409811134011,0.25463540716912747,-0.40207274377743785,-0.24964265721267526,-0.6493938752759211,0.212260991955163,0.0027284145594471676,-0.06448111262708128,0.5161424322891016,0.6091192829241304,-0.3233053313268029,0.5374761047273209,0.41740279668717595,1.466778336403197,0.24461310489996455,0.21575871882606543,-0.42834533168912625,0.14098952494556533,0.4673973851028786,-0.11243675515298199,-0.06018088616369632,-0.21311164590497159,-0.27350856684577074,0.2424956262725551,0.036538978330022336,-0.03337323767497802
-0.28674867083074723,0.5199108646680085,0.33966634795422457,0.033399076846982,0.2707307024468906,0.2815774231469399,0.2739979925076571,-0.15339292741787386,-0.2740657391619637,0.27530321403407076,0.20365061839195542,0.5080561693946785,0.1724365387592487,-0.6273106546107781,-0.17057848778314852,-0.311819231092169,-0.4707535464848686,-0.007117954300969641,0.5056511599370509,-0.4880921778392929,0.21298125776585977,0.15362026506797527,0.029592287694991268,0.07738905704440162,0.43428533256267576,0.45771450036094524,-0.3370535623687208,0.5084100984281975,-0.7521349650346464,0.13105791944616807,0.5228046755396153,0.24194709196133612,0.24461310489996455,1.8456572057804228,0.9152858729442491,-0.9129136766703966,0.4748788529640518,0.5495735052849485,-0.27834658350603325,0.12101078788364764,0.09737669687011795,0.3092515638246085,-0.04909574295850671,0.9055126475487615,-0.19145989811558956
0.2590430589445188,0.10525081863887903,0.14929143843115897,-0.17857965366492726,0.08529692008781097,0.39039195557189027,0.20622996635010146,0.007105725412414808,-0.22507196631548637,0.34726629493870126,-0.14828297600150175,-0.2267778583747332,-0.039775172326260225,0.2171102132496035,-0.3925756131093674,-0.5655730756312132,-0.48435151506320223,0.047541987467985686,0.07881951745767947,-0.6031026948744936,-0.2933072994951406,0.36863633992669165,0.14332928203444356,0.036398835737549366,0.47805380254636454,-0.015064323392520888,-0.29314805478636374,-0.18471613892954009,-0.8319391974340041,3.223195662649658e-4,0.6356075365426314,0.3320754704794422,0.21575871882606543,0.9152858729442491,1.48848525319433,-0.8977984688300898,0.47887213795068473,0.4245464300161799,-0.6248550280105056,0.5130941787275555,0.01430741228173945,-0.15934138650481225,0.17295149251376793,0.5970454961385783,0.05999431582406888
-0.22176036216336015,-0.7098338814623145,0.0469680073211423,-0.18855722913885925,-0.17978001857367873,0.23518298919138245,-0.2703289602567914,-0.0018303790049512933,-0.21235732503993207,-0.4186918164510631,0.021915263831563586,-0.13173693282437332,-0.12313902226987877,-0.1338787061776462,0.08402663224287137,0.15176343817828306,-0.32784721964836494,0.2602419616226705,-0.9186586873382383,0.04853522314601235,-0.0441707398204283,-0.2747414019767973,-0.3172094659606292,-0.02522518031732461,-0.33916875019958126,0.1833079405342092,0.48899852405570265,-0.17354314079230856,-0.2898529571736358,0.09347957260109938,-0.8733465174398946,-0.0572540181292349,-0.42834533168912625,-0.9129136766703966,-0.8977984688300898,1.62254444085849,-0.2984557922238473,-0.5713187454598366,0.6967368305694728,-0.3698999811387539,0.11134378771936108,-0.04441837094169728,-0.1203378462060607,-0.4276421506856296,0.32871099348698174
0.045396505794709836,0.16489379733752701,-0.15699606786458475,0.08174679012612286,0.1970809047242765,0.49554394273539143,-0.04420040795207205,-0.08593546539653403,-0.5841515058886573,0.3244236148580244,-0.5226898842925009,-0.2604962540888779,-0.044167934582136026,0.11793163465686193,-0.2995092437734025,-0.366597480050383,-0.0984372352894223,0.210600254383016,0.077454153580624,-0.44905932087007966,0.05894741529636879,0.3325722962150932,-0.15806566895628238,0.10448705729334333,0.17946472084587667,0.40852721201303305,0.2999194129232118,0.3403159701750117,-0.19451811902211472,0.008063441723890435,0.8046805503640246,0.09224301423937688,0.14098952494556533,0.4748788529640518,0.47887213795068473,-0.2984557922238473,0.8201113465772095,0.10560830012753451,-0.2072703347566331,0.30075376566908774,-0.14109996107521575,0.0301952910427044,0.232360899865189,0.5134833224978359,-0.1552029124313478
-0.3182075183572156,0.2535349393885137,0.17893999326575627,0.062135567998792246,0.14817686103419261,-0.3605157643840455,0.08144098020474966,0.054195087297106086,0.2836316702032689,0.17669162625765428,0.2220503967175176,0.4503641405548522,0.028145867259349432,-0.04183472032917458,-0.04901963416792107,-0.21482868242282682,0.500707741711359,0.03865127410832972,0.6197440770784366,-0.12277266451336576,0.5061465434614691,-0.19091488141033136,-0.08256379630892599,-0.44375718496275274,0.4984220000279211,0.27485004834987325,-0.1435961454966677,0.1397931277903249,-0.56810278874588,0.17074432383042198,0.25833068962420247,0.13383416279491941,0.4673973851028786,0.5495735052849485,0.4245464300161799,-0.5713187454598366,0.10560830012753451,1.1657582042268706,-0.030444272219799184,-0.05007950447863174,0.10069784211662303,-0.23620684385588717,0.36452033418883684,0.05321130008565504,-0.020323274445866797
-0.17653698629945705,-0.3552890615812262,0.07374081855608171,-0.03109153384213502,0.49058075259713885,0.43187678009217273,0.10579672522496952,-0.01490457120441664,0.6479913210279624,-0.10575762633129276,0.023597887627583972,0.20072923825766298,0.19197795308199442,-0.5479493100399467,0.2219839921864626,0.5640819397511838,-0.22044103939755394,0.49995636514166086,-0.41824214924948944,0.38766607127726443,-0.12937631586282863,-0.07479168592190427,-0.1755781064058401,-0.4632286575033798,0.37012915894929177,0.32499697394218685,0.15498030183527403,0.2646372884623958,-0.16450318795837643,0.18714650098752245,-0.2571139346396938,-0.043309076678979715,-0.11243675515298199,-0.27834658350603325,-0.6248550280105056,0.6967368305694728,-0.2072703347566331,-0.030444272219799184,1.3000698402666624,-0.36841299241543235,0.3039863365225106,0.1737834171847117,0.2705661340982167,-0.007300297710125832,-0.022672918502035105
0.27450192534119827,-0.02192853908318687,-0.2926912564452856,0.02367428600775031,0.31591680955035906,0.29784364966156673,-0.005054806056668952,-0.08418916906133526,-0.24834599936920637,0.27750460622123563,-0.26251152655355203,-0.31529531012350337,-0.2816944225672262,0.2577724605310747,-0.11223799879358204,-0.09478600935404344,-0.392519963439968,0.26903320343662457,0.16395993816411653,-0.1553926228378171,-0.37130421457322893,0.3202638266911325,-0.021419773329498945,0.05718123323861869,0.1659207532785961,-0.24843063637451698,-0.3899196980138089,-0.3031412685723925,-0.20776645430212234,0.022492545265680654,0.37655346634429454,-0.1626152819166305,-0.06018088616369632,0.12101078788364764,0.5130941787275555,-0.3698999811387539,0.30075376566908774,-0.05007950447863174,-0.36841299241543235,0.6515020778248939,0.1703739716313949,-0.14963141597600135,-0.018027106636625843,-0.2377363348742673,-0.034904807581243154
0.22082096916227098,-0.09427725477143081,0.05563294714898777,-0.2338531310788919,0.4541246045619317,0.009819794552317726,-0.03476498336630765,0.01744535618157666,0.076154294243492765,-0.10568035102066792,0.3170733692653882,0.020087907933237416,0.17926261433112456,-0.015342393923510231,-2.3144189348857749e-4,0.419112768266011,-0.3500607431452637,0.4523593137310305,0.0777455703802093,-0.13571899548433158,0.1071407825800345,-0.00149573862511546,0.02277169368059522,-0.19668504456205022,0.23879619459016216,0.023688841877853077,-0.42034543785221223,-0.4132112853546251,-0.2803056869191475,0.04542129100711464,0.08823483835915166,-0.047144254930840665,-0.21311164590497159,0.09737669687011795,0.01430741228173945,0.11134378771936108,-0.14109996107521575,0.10069784211662303,0.3039863365225106,0.1703739716313949,0.6928514009407345,0.06856076407253117,-0.0608590089637477,-0.23447931609114397,0.18249865485345595
0.02282927342578769,0.1583663471631053,0.05175437650122805,-0.1253577959597257,0.31199109539843817,0.171710463244108,-0.09253261133013013,-0.02949845963383619,-0.15660428416112623,-0.15376784996723133,0.2957078600742937,0.2460312443134897,0.34016861236032414,-0.29553645289761254,-0.054135955556892476,0.2529692372001921,-0.24011008720164995,0.08887249910198365,0.06556011643880419,-0.16501970687116155,-0.015066367723782798,0.2662661241571114,0.1259886444133244,0.1593172967327924,0.11675319069617882,0.14029902235493505,0.10388426355930257,0.21017685872313435,0.08050765233133225,-0.022595325668175698,0.02682638648063854,-0.0462540050881791,-0.27350856684577074,0.3092515638246085,-0.15934138650481225,-0.04441837094169728,0.0301952910427044,-0.23620684385588717,0.1737834171847117,-0.14963141597600135,0.06856076407253117,0.4459890963365483,-0.06276239304224046,0.3442443388163264,-0.019450289852708576
-0.015194112970911082,0.09521493009050273,-0.04642518070593734,-0.11911750621207054,0.6951633416203199,0.20490885245372173,0.02736073985098166,0.15642024233000612,0.04267408892804905,0.054113521841448936,-0.2862698724628698,-0.06400294428520245,0.239873499734887,0.349506319069491,-0.061927338121219484,0.05254511328216592,0.0629279147125742,0.10689315513480897,0.2252114567611509,-0.08089881938999628,-0.13374206389755205,0.4792207466724297,-0.24089869939287334,-0.45145195851810366,0.08294673059595628,0.4424360590992493,0.4956010485582573,0.2124347330152587,5.32167589447325e-4,0.16919069124815517,0.5858103162693902,0.2642964233358624,0.2424956262725551,-0.04909574295850671,0.17295149251376793,-0.1203378462060607,0.232360899865189,0.36452033418883684,0.2705661340982167,-0.018027106636625843,-0.0608590089637477,-0.06276239304224046,1.1764225088374936,0.43766480312541833,-0.22299613292353185
