V1,V2,V3,V4,V5,V6,V7,V8,V9,V10,V11,V12,V13,V14,V15,V16,V17,V18,V19,V20,V21,V22,V23,V24,V25,V26,V27,V28,V29,V30,V31,V32,V33,V34,V35,V36,V37,V38,V39,V40,V41,V42,V43,V44,V45
0.539167731984806,-0.13339897435233825,-1.8517094350752636,-1.1044711540041607,0.2914272325324047,-0.13428988136355804,0.28599237481847767,-1.386347171469605,0.05843492234507326,-0.025779858935434236,0.29686641300153593,0.8338044077384681,-0.7963952282995553,0.875553878864498,-0.7279083560169911,-1.1453221386272252,-0.8061951878803854,0.1501701634778581,1.0743066558870515,-0.3369008303399205,0.2463957337471098,0.23599092968250035,0.9068881008192905,0.20432069899651595,0.16689587314055904,0.04058475183057922,-0.7820675589810225,0.8986893488095191,-0.4634804152012362,0.017511126299482475,-1.825184269701739,-0.2258511442355883,1.0916503557901511,1.0983448137550247,-0.06645110449347341,-1.3150888791445163,1.782260772357347,-0.28137416844433555,0.7140448970197241,-0.3421091729921495,-0.1978081520082142,0.9237368552941203,0.5502117300806825,-0.01129424969357927,-0.08492084141034281
-0.13339897435233825,0.6071450569782799,-0.1823841045296635,-0.052061278899926705,0.04907444257147898,-0.9698801832136871,-0.04423972923164805,0.5864853229971688,0.19290188660087532,-0.7668968725695713,0.290537667013681,-1.0130190267208727,0.8169660369225397,-0.419140719772574,-0.8426077114366195,0.3046526105943181,0.14510301379675503,0.23405202252560675,-0.48388920508936695,0.6276666115058641,-1.0636734618513874,-0.3177541544240277,-0.5421179217626974,0.412114385667736,0.5866338977755841,0.06348542307648991,-0.30839063386068966,-0.2324556213687953,0.7718623598009718,-0.19799700267876014,0.6426402859989953,-0.2738148450830208,0.5124177206049709,-0.419517965003634,0.7587797888879368,-0.678823716991849,-0.14013519991944828,-0.9264428154459178,-0.4259877816022769,0.28090382517831725,-0.16560353266849034,-0.22244738709602996,-0.15475890577431559,-0.3641386713859444,-0.33565973483547107
-1.8517094350752636,-0.1823841045296635,7.221951857234729,4.124390697399791,-1.090256965735801,1.4919916925004022,-0.9951742738246866,4.60919464198093,-0.3817226913124385,0.8494840832713152,-1.5271454227807164,-2.0013785376520437,2.132314245126474,-2.8522780741394764,3.706483394043532,3.9552261276166476,2.983106956070233,-0.8198980621807608,-3.6074868208525714,0.4670044874573983,0.18754365282729538,-0.5286053270020975,-2.7328377811311677,-1.2717062820951555,-1.3264220200015076,-0.04904583878845416,3.4952304202755164,-3.1094714918526067,0.9019144670137575,0.09040951439675332,6.118134106094224,1.180755224918172,-4.803982061786075,-3.8740359277993486,-0.6459479292474264,5.832471577852787,-6.5362225735720205,2.156511915977614,-2.0926779915333134,1.0493079573454416,0.846070409324812,-3.305995020475174,-2.0601719606185096,0.3994541850754799,0.5160931383857312
-1.1044711540041607,-0.052061278899926705,4.124390697399791,2.5181277458661504,-0.6498952838363204,1.0625638070051295,-0.6781291295026797,2.763845981538314,-0.29974353874582504,0.42330651608046044,-0.8586691241648757,-1.2605995776465073,1.3283866966474018,-1.547836153244953,2.189990792084058,2.3351590067113603,1.72287708906169,-0.427322238394558,-2.0764283422806584,0.3668049107356732,-0.049987572496936666,-0.2987840014654148,-1.6445810975920696,-0.6182104400046019,-0.8552102502112091,-0.11477000360715833,1.9075551333347587,-1.8570285832716067,0.6268920226737491,0.1371081825430314,3.662873102988349,0.6208790966609424,-2.659010398469768,-2.1097514411607623,-0.2583151078938859,3.328587050253098,-3.920591531149744,1.1917262813636205,-1.3377253192351517,0.5501137533091562,0.747947858677893,-1.8892108842157649,-1.0513893134598673,0.20180811728064577,0.5168321019074279
0.2914272325324047,0.04907444257147898,-1.090256965735801,-0.6498952838363204,0.2235412157660752,-0.23770209864479222,0.11568552135705425,-0.5879034420948847,0.08397971037418339,-0.27319974483378,0.16411153792938785,0.2466024318614591,-0.23470233903419538,0.4614038352391636,-0.5165318156373405,-0.5910437964125475,-0.34202585430306914,0.1415297573710626,0.4369881940635067,-0.11310296957726894,-0.21408044362457287,0.08992576483821853,0.47005458294748736,0.21204735706715377,0.11633116447277982,0.14414219145567608,-0.392931473742358,0.4698873286833059,-0.05180224026582993,-0.03977586982094472,-0.9059150883512538,-0.1901795865010001,0.668279933079944,0.4402453584610633,0.1022231422706231,-0.7959097694796099,0.9355968251710713,-0.3285055091103457,0.36539028307862564,-0.10540320896523173,-0.0922821498118266,0.4305072271343791,0.22129316646240732,-0.11939378617158891,-0.16048530265946123
-0.13428988136355804,-0.9698801832136871,1.4919916925004022,1.0625638070051295,-0.23770209864479222,2.4660555434658487,-0.3524908862909532,0.10651502017361601,-0.5728815867362729,1.1482016545236793,-0.8480502808126715,1.175727778282415,-0.7329198051180785,0.5382510643212265,2.3389588658850746,0.25134671001496245,0.42416403462235874,-0.4036390735936629,0.11554076852366678,-0.9160686412886284,1.3501018621823453,0.5115928576302686,0.4297391528936532,-0.6679526592824762,-1.6261098230334146,-0.10521747676829661,1.1459989629512994,-0.277329914790355,-0.8841332333552376,0.5297203538163507,0.22251643511268737,0.5472439984092323,-1.5811953548890532,0.15506068588881125,-1.2008257155427642,2.2940095185205807,-1.2805751863414867,1.9788710224563026,0.21052837786010298,-0.38020882687468655,1.1070069260827233,-0.2213894737827158,0.09142245304070053,0.5530070576272175,1.078606241339378
0.28599237481847767,-0.04423972923164805,-0.9951742738246866,-0.6781291295026797,0.11568552135705425,-0.3524908862909532,0.2674285349032871,-0.8588833004591306,0.08863128316454305,0.07986996932569584,0.25726411194699594,0.4391937927316036,-0.47400267019124115,0.3034323967946061,-0.605070211710874,-0.6193405232774962,-0.5341156513584042,0.06677027343697525,0.6244398977290434,-0.11677620099799615,0.2993701375487814,0.06270923438516685,0.3929544297158784,0.06406592862182753,0.33593996406748544,-0.05496213571283339,-0.5328707705849544,0.4936276819590238,-0.3067062467193564,-0.05461898285911791,-1.0065961332212243,-0.10521572185102473,0.6465522525043882,0.5964474739067901,-0.009452910957825548,-0.8768961820469862,1.112674354145425,-0.2407340989781821,0.3671600614528948,-0.16068243087505615,-0.36033379399345095,0.5283279873496347,0.2710594244882821,0.022106919028876144,-0.16568870205809308
-1.386347171469605,0.5864853229971688,4.60919464198093,2.763845981538314,-0.5879034420948847,0.10651502017361601,-0.8588833004591306,3.9749380199473303,-0.05935894340063979,-0.5342313492368935,-0.8178657221513583,-2.5769812881009035,2.4994422120130735,-2.221456386450621,1.7182560509385203,3.01799292731315,2.3415027468040406,-0.24979820713446635,-3.112845629548248,0.9684863348712313,-1.4420001482942961,-0.6620756655720231,-2.3374345983586484,-0.3026809519577427,-0.4892602803728035,0.21215289128205597,2.1694540214254165,-2.3625720734224593,1.6411083511436095,-0.1316421458963534,4.893860298957271,0.4384516172370313,-2.7024472828126607,-3.1973200700118523,0.4453769674983197,3.3155312068822416,-4.725362695528691,0.4152089699977325,-1.859225097777428,1.0523529468946056,0.6398494175804617,-2.55719126860876,-1.5980403408054236,-0.2319791647676731,0.0038708506518687273
0.05843492234507326,0.19290188660087532,-0.3817226913124385,-0.29974353874582504,0.08397971037418339,-0.5728815867362729,0.08863128316454305,-0.05935894340063979,0.15152865418788397,-0.26903287731643816,0.16886011115265392,-0.21261109814846105,0.1228918547599916,-0.08995295167860698,-0.5169894241794875,-0.10501557812309492,-0.0900134215933765,0.07861147062942259,-0.018880350250709436,0.15195021088633553,-0.3066901438461359,-0.09570002178387271,-0.019648903959855038,0.13020174119632277,0.343413144556539,0.08074507944859352,-0.2170028503540444,0.11233466557390946,0.17418238329701513,-0.13646465343345876,-0.14152432994179015,-0.11606289193218017,0.33438145866751434,-0.05774568627371933,0.22343498140682339,-0.5056363389467257,0.35156971199968323,-0.43265009955473444,0.01943037834397176,0.09560072274289967,-0.2882069717847281,0.056597960986131714,-0.05039240142717084,-0.12292899822463507,-0.3027368999894423
-0.025779858935434236,-0.7668968725695713,0.8494840832713152,0.42330651608046044,-0.27319974483378,1.1482016545236793,0.07986996932569584,-0.5342313492368935,-0.26903287731643816,1.2903244329188905,-0.3153808047638772,1.1238694446116992,-0.9705099799684307,0.10500553347615114,1.1455014034142612,-0.028877650922481627,-0.1480570430515401,-0.39995522534962025,0.46252104113551273,-0.601852765412373,1.6839016554625723,0.2826605817872829,0.2684604901591361,-0.6679117510402242,-0.5400839076035102,-0.3483161829751888,0.38549714512594013,0.01862167876383282,-1.0160594558251392,0.24983719383790395,-0.28082878115240695,0.46099866835072334,-0.9126559928103771,0.4019659943646974,-0.967181594230811,1.087582720202507,-0.23507138090544286,1.238738669525831,0.23260899682206646,-0.31538709440786866,0.060627743940699134,0.10430287167992089,0.13787564448941725,0.5916291290350877,0.5080371103705676
0.29686641300153593,0.290537667013681,-1.5271454227807164,-0.8586691241648757,0.16411153792938785,-0.8480502808126715,0.25726411194699594,-0.8178657221513583,0.16886011115265392,-0.3153808047638772,0.5468294968123971,0.006699584505323466,-0.18586442034518819,0.2780326147196569,-1.2491621322821171,-0.6647290737623844,-0.6862964359576099,0.23036763102450847,0.6315678321971308,0.2570363317670759,-0.2522685860284497,-0.07063995099316563,0.2179260029598102,0.3904292617844201,0.7207834758749412,-0.1304358764558066,-1.0239571993309478,0.5341385553776467,0.04850699246737097,-0.11092419849114407,-0.9769450070012219,-0.33592146998680555,1.2629599611380689,0.7329659639998041,0.4587131343963331,-1.6273633925869364,1.3644551775686558,-0.8934528578147474,0.17179686732075358,-0.12452612462469072,-0.40617205190754785,0.6425329638046993,0.4192619140954554,-0.15952826359102149,-0.23414268651599315
0.8338044077384681,-1.0130190267208727,-2.0013785376520437,-1.2605995776465073,0.2466024318614591,1.175727778282415,0.4391937927316036,-2.5769812881009035,-0.21261109814846105,1.1238694446116992,0.006699584505323466,2.4522177914915626,-2.1541071007613177,1.6193674646222498,0.24026193774224242,-1.8210377164294713,-1.2560954217258056,-0.148896147153367,2.050357597828298,-1.2487204818785327,1.9009417013603696,0.7173909678629156,1.8108455943736768,-0.3344320416338328,-0.5434315937203356,-0.12931786102338025,-0.6150778237283032,1.4134714077052803,-1.6896804979100741,0.30994690157241567,-3.12293145648591,0.11209967373664267,0.6616312706193933,2.011561914558274,-1.1292141302512713,-0.7235547613028425,2.4035848884414857,0.9417903359712881,1.4274995656364016,-0.8394106722920351,-0.04283993470096853,1.4793974333595707,0.9401286566908714,0.5266845509420542,0.4107057653905551
-0.7963952282995553,0.8169660369225397,2.132314245126474,1.3283866966474018,-0.23470233903419538,-0.7329198051180785,-0.47400267019124115,2.4994422120130735,0.1228918547599916,-0.9705099799684307,-0.18586442034518819,-2.1541071007613177,1.976486815183783,-1.4295671100272305,0.16237099730294519,1.7568922120233068,1.3199822310136262,0.09880490643789351,-1.9772954611692346,0.9966379221240658,-1.6728649768277102,-0.5923133908153406,-1.6106092394268932,0.21879718140888413,0.20847308278394652,0.19488116412619802,0.8599994994018448,-1.3839599076484248,1.4974897812257169,-0.22815519387835018,2.9897890826441667,-0.02280757511744831,-0.9113359612881077,-1.969129897326623,0.8821845204092928,1.1034483955495957,-2.490096375871129,-0.5532306309451654,-1.269519236148576,0.7642938789307684,0.23195353402571578,-1.4706460829003116,-0.9374349563886634,-0.4536876767720521,-0.2735269164400377
0.875553878864498,-0.419140719772574,-2.8522780741394764,-1.547836153244953,0.4614038352391636,0.5382510643212265,0.3034323967946061,-2.221456386450621,-0.08995295167860698,0.10500553347615114,0.2780326147196569,1.6193674646222498,-1.4295671100272305,1.7407337612012317,-0.6030751910619015,-1.8686968638857184,-1.21845885427212,0.20424120972933646,1.8228239717878576,-0.7606130861921434,0.5319909116738143,0.5472208942472336,1.6544104611840846,0.2870060724769387,-0.24023188153958766,0.05809911601767703,-1.0654721120719304,1.432194533705236,-0.8899926942583245,0.2142682063071765,-2.979738849103903,-0.3058311587481796,1.5399066942150685,1.9457570355192118,-0.32470538946215005,-1.6700622417470226,2.605314109464998,-0.03029258513149051,1.2130519538586584,-0.6977327043301502,0.15999917297466149,1.5120487543960257,1.0250150821091857,0.06230403539894372,0.24576603824400103
-0.7279083560169911,-0.8426077114366195,3.706483394043532,2.189990792084058,-0.5165318156373405,2.3389588658850746,-0.605070211710874,1.7182560509385203,-0.5169894241794875,1.1455014034142612,-1.2491621322821171,0.24026193774224242,0.16237099730294519,-0.6030751910619015,3.134772187614224,1.556410125533586,1.4409533010062836,-0.6293330044156599,-1.2455056489427743,-0.6275688535191236,1.072979522076644,0.222373112500582,-0.5356888829872756,-1.0172520554249354,-1.7462006137183053,0.031158845714062012,2.2506614828830793,-1.2596350864351644,-0.37590253917091115,0.3856397884350911,2.248650434122157,0.8640613623240676,-3.0155483765654476,-1.3871015158716424,-1.233491480645248,3.9038364820104867,-3.2454243432220955,2.307712639921732,-0.4737093501563818,0.13354138143413263,1.0445347066457464,-1.38436170912388,-0.7722948960320026,0.5599054274003975,0.8551852356238273
-1.1453221386272252,0.3046526105943181,3.9552261276166476,2.3351590067113603,-0.5910437964125475,0.25134671001496245,-0.6193405232774962,3.01799292731315,-0.10501557812309492,-0.028877650922481627,-0.6647290737623844,-1.8210377164294713,1.7568922120233068,-1.8686968638857184,1.556410125533586,2.451637819401849,1.7788292056426671,-0.3066195592065574,-2.3563039844345575,0.7024220070470715,-0.6265306339863012,-0.5063151867720327,-1.9170394070481573,-0.4251211952047091,-0.38231657698715343,-0.012113968886606336,1.7407378858720284,-1.9226863430081724,1.0399642956790414,-0.059154150679271024,3.912709783235837,0.4747921216949594,-2.355998199092906,-2.433564615343547,0.15448247053631364,2.8412653594444324,-3.823937056239518,0.591053941832399,-1.49873649656542,0.7651031688465196,0.42408841071510034,-2.011835017505567,-1.231287496210693,-0.013313583862416836,0.12249069664566538
-0.8061951878803854,0.14510301379675503,2.983106956070233,1.72287708906169,-0.34202585430306914,0.42416403462235874,-0.5341156513584042,2.3415027468040406,-0.0900134215933765,-0.1480570430515401,-0.6862964359576099,-1.2560954217258056,1.3199822310136262,-1.21845885427212,1.4409533010062836,1.7788292056426671,1.5049388363375436,-0.23105844267418268,-1.8527167866785152,0.3162717224314097,-0.6135079758609877,-0.2850341039490028,-1.211284380746215,-0.34598723168350254,-0.5981465912455468,0.226982656873903,1.6126119019494598,-1.3962263582025578,0.7837905321054962,-0.03274848915890834,2.832767464822109,0.380946358582718,-1.9580506670533409,-1.975796321389917,-0.019828655775427178,2.4300921891966634,-2.946523141571249,0.6430632348256244,-0.94693676717771,0.5974028754957228,0.4773135900261906,-1.5770482809588051,-1.032205435534502,-0.0525902086737414,0.05164276458131517
0.1501701634778581,0.23405202252560675,-0.8198980621807608,-0.427322238394558,0.1415297573710626,-0.4036390735936629,0.06677027343697525,-0.24979820713446635,0.07861147062942259,-0.39995522534962025,0.23036763102450847,-0.148896147153367,0.09880490643789351,0.20424120972933646,-0.6293330044156599,-0.3066195592065574,-0.23105844267418268,0.19368120409247616,0.20119590864897605,0.1513539884196644,-0.4376286618528851,-0.04161956689552233,0.10771733659454152,0.3020712805793359,0.27025488501217176,0.04724236532728828,-0.4364048347480994,0.22512654895303172,0.19798824838859677,-0.05597878723364944,-0.39610354667473985,-0.2287173585475958,0.6805349254055382,0.2623299797517258,0.34822311917371146,-0.8015101065061494,0.5922162207942692,-0.5033350188265207,0.07709173238474883,-0.02383176036335957,-0.04936494199411012,0.2644407794743646,0.17287080997360935,-0.1940231509462405,-0.12017044061150785
1.0743066558870515,-0.48388920508936695,-3.6074868208525714,-2.0764283422806584,0.4369881940635067,0.11554076852366678,0.6244398977290434,-3.112845629548248,-0.018880350250709436,0.46252104113551273,0.6315678321971308,2.050357597828298,-1.9772954611692346,1.8228239717878576,-1.2455056489427743,-2.3563039844345575,-1.8527167866785152,0.20119590864897605,2.490243361975776,-0.7552691143641017,1.1557640922322368,0.5466468948327413,1.827905475797607,0.2621903686323722,0.2898821858505786,-0.2337944140539469,-1.7403729423519816,1.8289645269135097,-1.300654909182901,0.16999875698792044,-3.807459218672761,-0.3505647622679087,2.1357661992694417,2.6196595819881137,-0.3495759840357241,-2.5593303596447146,3.6291440043120327,-0.26625944964704534,1.4146066677184421,-0.883715499664183,-0.3436634257481876,2.0355910165617237,1.347309171045503,0.2012601415238688,0.15775088008302907
-0.3369008303399205,0.6276666115058641,0.4670044874573983,0.3668049107356732,-0.11310296957726894,-0.9160686412886284,-0.11677620099799615,0.9684863348712313,0.15195021088633553,-0.601852765412373,0.2570363317670759,-1.2487204818785327,0.9966379221240658,-0.7606130861921434,-0.6275688535191236,0.7024220070470715,0.3162717224314097,0.1513539884196644,-0.7552691143641017,0.7928448923809652,-0.9649120276650711,-0.4094208970418148,-0.9128471482032691,0.31523731750121975,0.6161513210063464,-0.0913440230278056,-0.17744949702746302,-0.5407322602310983,0.8478735763015576,-0.17920350784336722,1.261797438842663,-0.1809841427057947,0.18116068244191355,-0.6589309888422334,0.7673392477035457,-0.30464911992376664,-0.7163368447768936,-0.8393650171253163,-0.7316800606633258,0.34976255999266087,-0.14347907273307967,-0.4798142532010075,-0.2565364587467183,-0.29095817340425145,-0.22839588843469544
0.2463957337471098,-1.0636734618513874,0.18754365282729538,-0.049987572496936666,-0.21408044362457287,1.3501018621823453,0.2993701375487814,-1.4420001482942961,-0.3066901438461359,1.6839016554625723,-0.2522685860284497,1.9009417013603696,-1.6728649768277102,0.5319909116738143,1.072979522076644,-0.6265306339863012,-0.6135079758609877,-0.4376286618528851,1.1557640922322368,-0.9649120276650711,2.3852422137054083,0.47210990594105817,0.7907499306204033,-0.789800086128537,-0.5621559413098337,-0.4287504678235042,0.12062216870515494,0.47673559720716124,-1.5868569990439683,0.30976563088464104,-1.306084185535807,0.4998123448234699,-0.6422132502944469,1.0543738025980371,-1.294507364027125,0.7359146074988014,0.6469849824430726,1.4902668515028468,0.6902250375806798,-0.5727813760219608,-0.097572132646336407,0.6069184097981043,0.42481134589188185,0.7616812280512395,0.5669112795824189
0.23599092968250035,-0.3177541544240277,-0.5286053270020975,-0.2987840014654148,0.08992576483821853,0.5115928576302686,0.06270923438516685,-0.6620756655720231,-0.09570002178387271,0.2826605817872829,-0.07063995099316563,0.7173909678629156,-0.5923133908153406,0.5472208942472336,0.222373112500582,-0.5063151867720327,-0.2850341039490028,-0.04161956689552233,0.5466468948327413,-0.4094208970418148,0.47210990594105817,0.24414680870191088,0.5703501492593746,-0.08753520082516097,-0.31137289578496585,0.014377336086413086,-0.07647419541184941,0.3870665371593692,-0.46218443216509497,0.12437216814801097,-0.8629883334589374,0.03634001454271589,0.11490510689582135,0.5481805584702347,-0.35769071718005885,-0.06254992766242828,0.5739280986279565,0.3545642865672797,0.4236244787774838,-0.24900309733573286,0.13032765347136727,0.38928252591346635,0.26480586548397805,0.1403960868283278,0.1823381916240196
0.9068881008192905,-0.5421179217626974,-2.7328377811311677,-1.6445810975920696,0.47005458294748736,0.4297391528936532,0.3929544297158784,-2.3374345983586484,-0.019648903959855038,0.2684604901591361,0.2179260029598102,1.8108455943736768,-1.6106092394268932,1.6544104611840846,-0.5356888829872756,-1.9170394070481573,-1.211284380746215,0.10771733659454152,1.827905475797607,-0.9128471482032691,0.7907499306204033,0.5703501492593746,1.765760698610009,0.11006134364263145,-0.2139005982398769,0.13905753901824416,-0.9042070338098703,1.5068182004743227,-1.0674386350968632,0.14456759829674307,-3.134165342314112,-0.20534547385777308,1.3238539321897347,1.8235190374051,-0.5384384127693226,-1.519147107733689,2.713231765928726,0.1075037607621704,1.363684382730026,-0.6549494116715696,-0.10042600332788422,1.482245790668918,0.8822829591302236,0.1452291256818689,0.04725359854910769
0.20432069899651595,0.412114385667736,-1.2717062820951555,-0.6182104400046019,0.21204735706715377,-0.6679526592824762,0.06406592862182753,-0.3026809519577427,0.13020174119632277,-0.6679117510402242,0.3904292617844201,-0.3344320416338328,0.21879718140888413,0.2870060724769387,-1.0172520554249354,-0.4251211952047091,-0.34598723168350254,0.3020712805793359,0.2621903686323722,0.31523731750121975,-0.789800086128537,-0.08753520082516097,0.11006134364263145,0.5104379025909842,0.45368848348949553,0.05051514306175269,-0.7314887296186504,0.32255248077235926,0.3852034207564679,-0.08655039235907312,-0.5248489747692274,-0.38103050288627877,1.0948869532638803,0.3926430064163285,0.6017967356936939,-1.2924018614240513,0.8531296638548458,-0.8851359012627525,0.04108365683072842,-0.020562048254538483,-0.058474363129324775,0.3841950365393487,0.2813782216902713,-0.3133251561161517,-0.17527196219616464
0.16689587314055904,0.5866338977755841,-1.3264220200015076,-0.8552102502112091,0.11633116447277982,-1.6261098230334146,0.33593996406748544,-0.4892602803728035,0.343413144556539,-0.5400839076035102,0.7207834758749412,-0.5434315937203356,0.20847308278394652,-0.24023188153958766,-1.7462006137183053,-0.38231657698715343,-0.5981465912455468,0.27025488501217176,0.2898821858505786,0.6161513210063464,-0.5621559413098337,-0.31137289578496585,-0.2139005982398769,0.45368848348949553,1.234205102720904,-0.14262912532479471,-1.1175776854931392,0.3424690122209076,0.3725292307744262,-0.3018068276305325,-0.5009603555795671,-0.387432684091237,1.3411838507655507,0.3318096132934124,0.781806560647993,-1.8924506933713263,1.2458869655366926,-1.356411626954455,-0.09279313101875036,0.10256939152131386,-0.8106615605167214,0.424343450765287,0.18777671911681787,-0.27731049008161474,-0.5875766283756448
0.04058475183057922,0.06348542307648991,-0.04904583878845416,-0.11477000360715833,0.14414219145567608,-0.10521747676829661,-0.05496213571283339,0.21215289128205597,0.08074507944859352,-0.3483161829751888,-0.1304358764558066,-0.12931786102338025,0.19488116412619802,0.05809911601767703,0.031158845714062012,-0.012113968886606336,0.226982656873903,0.04724236532728828,-0.2337944140539469,-0.0913440230278056,-0.4287504678235042,0.014377336086413086,0.13905753901824416,0.05051514306175269,-0.14262912532479471,0.32320925070316325,0.2846866195672902,0.024148430046114746,0.19214116522667748,-0.07964522794755166,-0.0013420740465263606,-0.03467522958742099,-0.09388578141236828,-0.3322434001569235,0.024149249469015224,0.13092913975639736,-0.051154102720214915,-0.04561508600925688,0.13120182059081956,0.1300580412236402,0.0256114440054443,-0.14112427158131158,-0.21511711095583932,-0.1435837263515001,-0.23598422120797194
-0.7820675589810225,-0.30839063386068966,3.4952304202755164,1.9075551333347587,-0.392931473742358,1.1459989629512994,-0.5328707705849544,2.1694540214254165,-0.2170028503540444,0.38549714512594013,-1.0239571993309478,-0.6150778237283032,0.8599994994018448,-1.0654721120719304,2.2506614828830793,1.7407378858720284,1.6126119019494598,-0.4364048347480994,-1.7403729423519816,-0.17744949702746302,0.12062216870515494,-0.07647419541184941,-0.9042070338098703,-0.7314887296186504,-1.1175776854931392,0.2846866195672902,2.1322225412291775,-1.3706341338081103,0.2804004723467345,0.07718892888360288,2.643694407389011,0.6515754118820822,-2.6376788020213082,-1.9851023064238984,-0.6311570479440326,3.282959489712888,-3.1551293771383544,1.4587354371789818,-0.6676779351328983,0.48961587682236135,0.5920700437338553,-1.6233542600147794,-1.1170406963126112,0.20056000504546093,0.21462740302277247
0.8986893488095191,-0.2324556213687953,-3.1094714918526067,-1.8570285832716067,0.4698873286833059,-0.277329914790355,0.4936276819590238,-2.3625720734224593,0.11233466557390946,0.01862167876383282,0.5341385553776467,1.4134714077052803,-1.3839599076484248,1.432194533705236,-1.2596350864351644,-1.9226863430081724,-1.3962263582025578,0.22512654895303172,1.8289645269135097,-0.5407322602310983,0.47673559720716124,0.3870665371593692,1.5068182004743227,0.32255248077235926,0.3424690122209076,0.024148430046114746,-1.3706341338081103,1.5244524870958855,-0.80923081033983,0.02211282284560209,-3.08025226098193,-0.3708034661587349,1.8434520597859871,1.8750260776147945,-0.12710549027014365,-2.2549019089029487,3.023847136874591,-0.5101694131685479,1.178391593723804,-0.5779112631804602,-0.40093431344921376,1.566517534854346,0.9387890435368987,0.014893332966196219,-0.15576380192130374
-0.4634804152012362,0.7718623598009718,0.9019144670137575,0.6268920226737491,-0.05180224026582993,-0.8841332333552376,-0.3067062467193564,1.6411083511436095,0.17418238329701513,-1.0160594558251392,0.04850699246737097,-1.6896804979100741,1.4974897812257169,-0.8899926942583245,-0.37590253917091115,1.0399642956790414,0.7837905321054962,0.19798824838859677,-1.300654909182901,0.8478735763015576,-1.5868569990439683,-0.46218443216509497,-1.0674386350968632,0.3852034207564679,0.3725292307744262,0.19214116522667748,0.2804004723467345,-0.80923081033983,1.251235934236316,-0.22210871634561238,1.8524771450073136,-0.19407795515110635,-0.1460188370010444,-1.248851036708952,0.8934569271958459,0.17016731689038886,-1.345872076339224,-0.8379724383506625,-0.8651233740769452,0.5527580729365257,0.09251286785737854,-0.8758438313448754,-0.5603847979514277,-0.46858324360437636,-0.3295621307456839
0.017511126299482475,-0.19799700267876014,0.09040951439675332,0.1371081825430314,-0.03977586982094472,0.5297203538163507,-0.05461898285911791,-0.1316421458963534,-0.13646465343345876,0.24983719383790395,-0.11092419849114407,0.30994690157241567,-0.22815519387835018,0.2142682063071765,0.3856397884350911,-0.059154150679271024,-0.03274848915890834,-0.05597878723364944,0.16999875698792044,-0.17920350784336722,0.30976563088464104,0.12437216814801097,0.14456759829674307,-0.08655039235907312,-0.3018068276305325,-0.07964522794755166,0.07718892888360288,0.02211282284560209,-0.22210871634561238,0.13644928008032195,-0.118531650640554,0.0727085754901345,-0.15146228803514414,0.22171646241736623,-0.2153475659373698,0.2812147143377428,-0.08884826505449986,0.3516487961476574,0.069081178106521,-0.14168707779166026,0.2550884978230529,0.07904323031524457,0.1376522676751184,0.11754467837334177,0.2860514647896567
-1.825184269701739,0.6426402859989953,6.118134106094224,3.662873102988349,-0.9059150883512538,0.22251643511268737,-1.0065961332212243,4.893860298957271,-0.14152432994179015,-0.28082878115240695,-0.9769450070012219,-3.12293145648591,2.9897890826441667,-2.979738849103903,2.248650434122157,3.912709783235837,2.832767464822109,-0.39610354667473985,-3.807459218672761,1.261797438842663,-1.306084185535807,-0.8629883334589374,-3.134165342314112,-0.5248489747692274,-0.5009603555795671,-0.0013420740465263606,2.643694407389011,-3.08025226098193,1.8524771450073136,-0.118531650640554,6.30272400122822,0.6555482040929966,-3.5287545194196515,-3.888040097190497,0.46315028110368706,4.280015732683248,-6.05108102118147,0.7002318650038778,-2.4635736289142347,1.2524329550575681,0.7126877180973372,-3.1975040267154857,-1.936491532165313,-0.1342423398266043,0.16390336362446464
-0.2258511442355883,-0.2738148450830208,1.180755224918172,0.6208790966609424,-0.1901795865010001,0.5472439984092323,-0.10521572185102473,0.4384516172370313,-0.11606289193218017,0.46099866835072334,-0.33592146998680555,0.11209967373664267,-0.02280757511744831,-0.3058311587481796,0.8640613623240676,0.4747921216949594,0.380946358582718,-0.2287173585475958,-0.3505647622679087,-0.1809841427057947,0.4998123448234699,0.03634001454271589,-0.20534547385777308,-0.38103050288627877,-0.387432684091237,-0.03467522958742099,0.6515754118820822,-0.3708034661587349,-0.19407795515110635,0.0727085754901345,0.6555482040929966,0.30017921287354987,-0.9439607352329819,-0.43750087840974267,-0.4141961305585291,1.1399832891303978,-0.9003094903404297,0.6900919399487824,-0.13652391690273066,0.05825166027723617,0.12220763686523314,-0.4130526379758165,-0.2730987813759158,0.21657829220422845,0.16681680377477304
1.0916503557901511,0.5124177206049709,-4.803982061786075,-2.659010398469768,0.668279933079944,-1.5811953548890532,0.6465522525043882,-2.7024472828126607,0.33438145866751434,-0.9126559928103771,1.2629599611380689,0.6616312706193933,-0.9113359612881077,1.5399066942150685,-3.0155483765654476,-2.355998199092906,-1.9580506670533409,0.6805349254055382,2.1357661992694417,0.18116068244191355,-0.6422132502944469,0.11490510689582135,1.3238539321897347,1.0948869532638803,1.3411838507655507,-0.09388578141236828,-2.6376788020213082,1.8434520597859871,-0.1460188370010444,-0.15146228803514414,-3.5287545194196515,-0.9439607352329819,3.53994980938537,2.407575422386348,0.9454532894621639,-4.337660053534682,4.180912127880592,-2.0177637693907684,0.996317294201152,-0.5586870425087778,-0.664182723529063,2.0731346586470423,1.349825702918439,-0.44505073854653854,-0.43577503031909537
1.0983448137550247,-0.419517965003634,-3.8740359277993486,-2.1097514411607623,0.4402453584610633,0.15506068588881125,0.5964474739067901,-3.1973200700118523,-0.05774568627371933,0.4019659943646974,0.7329659639998041,2.011561914558274,-1.969129897326623,1.9457570355192118,-1.3871015158716424,-2.433564615343547,-1.975796321389917,0.2623299797517258,2.6196595819881137,-0.6589309888422334,1.0543738025980371,0.5481805584702347,1.8235190374051,0.3926430064163285,0.3318096132934124,-0.3322434001569235,-1.9851023064238984,1.8750260776147945,-1.248851036708952,0.22171646241736623,-3.888040097190497,-0.43750087840974267,2.407575422386348,2.852842926599491,-0.21750606652021445,-2.83211193066021,3.748004097072005,-0.41700405140995994,1.3563631609819884,-0.9569414500159262,-0.22128870759812833,2.164447735242708,1.5253381249297373,0.17207238181795473,0.29563254292062996
-0.06645110449347341,0.7587797888879368,-0.6459479292474264,-0.2583151078938859,0.1022231422706231,-1.2008257155427642,-0.009452910957825548,0.4453769674983197,0.22343498140682339,-0.967181594230811,0.4587131343963331,-1.1292141302512713,0.8821845204092928,-0.32470538946215005,-1.233491480645248,0.15448247053631364,-0.019828655775427178,0.34822311917371146,-0.3495759840357241,0.7673392477035457,-1.294507364027125,-0.35769071718005885,-0.5384384127693226,0.6017967356936939,0.781806560647993,0.024149249469015224,-0.6311570479440326,-0.12710549027014365,0.8934569271958459,-0.2153475659373698,0.46315028110368706,-0.4141961305585291,0.9454532894621639,-0.21750606652021445,0.9947567476964823,-1.1870324158206256,0.18063427369855323,-1.2482210675438274,-0.43955206204936315,0.2509821881927988,-0.17983127010533725,-0.056724546216751263,-0.010887977838900558,-0.46538400970506955,-0.35284079915153277
-1.3150888791445163,-0.678823716991849,5.832471577852787,3.328587050253098,-0.7959097694796099,2.2940095185205807,-0.8768961820469862,3.3155312068822416,-0.5056363389467257,1.087582720202507,-1.6273633925869364,-0.7235547613028425,1.1034483955495957,-1.6700622417470226,3.9038364820104867,2.8412653594444324,2.4300921891966634,-0.8015101065061494,-2.5593303596447146,-0.30464911992376664,0.7359146074988014,-0.06254992766242828,-1.519147107733689,-1.2924018614240513,-1.8924506933713263,0.13092913975639736,3.282959489712888,-2.2549019089029487,0.17016731689038886,0.2812147143377428,4.280015732683248,1.1399832891303978,-4.337660053534682,-2.83211193066021,-1.1870324158206256,5.43870872579905,-5.205595416433113,2.619796256493376,-1.1866038614809797,0.6064916067358778,1.1071754387233403,-2.498954699227292,-1.5556794015736564,0.532293969800599,0.7354891967745553
1.782260772357347,-0.14013519991944828,-6.5362225735720205,-3.920591531149744,0.9355968251710713,-1.2805751863414867,1.112674354145425,-4.725362695528691,0.35156971199968323,-0.23507138090544286,1.3644551775686558,2.4035848884414857,-2.490096375871129,2.605314109464998,-3.2454243432220955,-3.823937056239518,-2.946523141571249,0.5922162207942692,3.6291440043120327,-0.7163368447768936,0.6469849824430726,0.5739280986279565,2.713231765928726,0.8531296638548458,1.2458869655366926,-0.051154102720214915,-3.1551293771383544,3.023847136874591,-1.345872076339224,-0.08884826505449986,-6.05108102118147,-0.9003094903404297,4.180912127880592,3.748004097072005,0.18063427369855323,-5.205595416433113,6.332600614225056,-1.5934148468477773,2.175830853803796,-1.0640025085323523,-1.1009496455897652,3.1908527693969595,1.8979224026157149,-0.1270843448107824,-0.5273743625897445
-0.28137416844433555,-0.9264428154459178,2.156511915977614,1.1917262813636205,-0.3285055091103457,1.9788710224563026,-0.2407340989781821,0.4152089699977325,-0.43265009955473444,1.238738669525831,-0.8934528578147474,0.9417903359712881,-0.5532306309451654,-0.03029258513149051,2.307712639921732,0.591053941832399,0.6430632348256244,-0.5033350188265207,-0.26625944964704534,-0.8393650171253163,1.4902668515028468,0.3545642865672797,0.1075037607621704,-0.8851359012627525,-1.356411626954455,-0.04561508600925688,1.4587354371789818,-0.5101694131685479,-0.8379724383506625,0.3516487961476574,0.7002318650038778,0.6900919399487824,-2.0177637693907684,-0.41700405140995994,-1.2482210675438274,2.619796256493376,-1.5934148468477773,2.008163783133674,0.09785072017564499,-0.15102981140210453,0.6517439636357976,-0.5572212771209407,-0.3067662447746106,0.5797508689011701,0.7086674568234793
0.7140448970197241,-0.4259877816022769,-2.0926779915333134,-1.3377253192351517,0.36539028307862564,0.21052837786010298,0.3671600614528948,-1.859225097777428,0.01943037834397176,0.23260899682206646,0.17179686732075358,1.4274995656364016,-1.269519236148576,1.2130519538586584,-0.4737093501563818,-1.49873649656542,-0.94693676717771,0.07709173238474883,1.4146066677184421,-0.7316800606633258,0.6902250375806798,0.4236244787774838,1.363684382730026,0.04108365683072842,-0.09279313101875036,0.13120182059081956,-0.6676779351328983,1.178391593723804,-0.8651233740769452,0.069081178106521,-2.4635736289142347,-0.13652391690273066,0.996317294201152,1.3563631609819884,-0.43955206204936315,-1.1866038614809797,2.175830853803796,0.09785072017564499,1.1013656119780248,-0.48059832506366024,-0.20474672021703605,1.1416565727047079,0.6230079878208885,0.11477628683436038,-0.06170129329889632
-0.3421091729921495,0.28090382517831725,1.0493079573454416,0.5501137533091562,-0.10540320896523173,-0.38020882687468655,-0.16068243087505615,1.0523529468946056,0.09560072274289967,-0.31538709440786866,-0.12452612462469072,-0.8394106722920351,0.7642938789307684,-0.6977327043301502,0.13354138143413263,0.7651031688465196,0.5974028754957228,-0.02383176036335957,-0.883715499664183,0.34976255999266087,-0.5727813760219608,-0.24900309733573286,-0.6549494116715696,-0.020562048254538483,0.10256939152131386,0.1300580412236402,0.48961587682236135,-0.5779112631804602,0.5527580729365257,-0.14168707779166026,1.2524329550575681,0.05825166027723617,-0.5586870425087778,-0.9569414500159262,0.2509821881927988,0.6064916067358778,-1.0640025085323523,-0.15102981140210453,-0.48059832506366024,0.36683083754244034,-0.05505222728798773,-0.6816418646984749,-0.5070196563354513,-0.1424980066834264,-0.23684608012725206
-0.1978081520082142,-0.16560353266849034,0.846070409324812,0.747947858677893,-0.0922821498118266,1.1070069260827233,-0.36033379399345095,0.6398494175804617,-0.2882069717847281,0.060627743940699134,-0.40617205190754785,-0.04283993470096853,0.23195353402571578,0.15999917297466149,1.0445347066457464,0.42408841071510034,0.4773135900261906,-0.04936494199411012,-0.3436634257481876,-0.14347907273307967,-0.097572132646336407,0.13032765347136727,-0.10042600332788422,-0.058474363129324775,-0.8106615605167214,0.0256114440054443,0.5920700437338553,-0.40093431344921376,0.09251286785737854,0.2550884978230529,0.7126877180973372,0.12220763686523314,-0.664182723529063,-0.22128870759812833,-0.17983127010533725,1.1071754387233403,-1.1009496455897652,0.6517439636357976,-0.20474672021703605,-0.05505222728798773,0.8446794919603918,-0.3460643944467346,-0.025623740463590998,0.038965630693861796,0.5784524665109501
0.9237368552941203,-0.22244738709602996,-3.305995020475174,-1.8892108842157649,0.4305072271343791,-0.2213894737827158,0.5283279873496347,-2.55719126860876,0.056597960986131714,0.10430287167992089,0.6425329638046993,1.4793974333595707,-1.4706460829003116,1.5120487543960257,-1.38436170912388,-2.011835017505567,-1.5770482809588051,0.2644407794743646,2.0355910165617237,-0.4798142532010075,0.6069184097981043,0.38928252591346635,1.482245790668918,0.3841950365393487,0.424343450765287,-0.14112427158131158,-1.6233542600147794,1.566517534854346,-0.8758438313448754,0.07904323031524457,-3.1975040267154857,-0.4130526379758165,2.0731346586470423,2.164447735242708,-0.056724546216751263,-2.498954699227292,3.1908527693969595,-0.5572212771209407,1.1416565727047079,-0.6816418646984749,-0.3460643944467346,1.7298635610366837,1.130296018303424,0.038295363363043504,0.0037123834495277875
0.5502117300806825,-0.15475890577431559,-2.0601719606185096,-1.0513893134598673,0.22129316646240732,0.09142245304070053,0.2710594244882821,-1.5980403408054236,-0.05039240142717084,0.13787564448941725,0.4192619140954554,0.9401286566908714,-0.9374349563886634,1.0250150821091857,-0.7722948960320026,-1.231287496210693,-1.032205435534502,0.17287080997360935,1.347309171045503,-0.2565364587467183,0.42481134589188185,0.26480586548397805,0.8822829591302236,0.2813782216902713,0.18777671911681787,-0.21511711095583932,-1.1170406963126112,0.9387890435368987,-0.5603847979514277,0.1376522676751184,-1.936491532165313,-0.2730987813759158,1.349825702918439,1.5253381249297373,-0.010887977838900558,-1.5556794015736564,1.8979224026157149,-0.3067662447746106,0.6230079878208885,-0.5070196563354513,-0.025623740463590998,1.130296018303424,0.8501231580632439,0.05526568042598513,0.22522090961443866
-0.01129424969357927,-0.3641386713859444,0.3994541850754799,0.20180811728064577,-0.11939378617158891,0.5530070576272175,0.022106919028876144,-0.2319791647676731,-0.12292899822463507,0.5916291290350877,-0.15952826359102149,0.5266845509420542,-0.4536876767720521,0.06230403539894372,0.5599054274003975,-0.013313583862416836,-0.0525902086737414,-0.1940231509462405,0.2012601415238688,-0.29095817340425145,0.7616812280512395,0.1403960868283278,0.1452291256818689,-0.3133251561161517,-0.27731049008161474,-0.1435837263515001,0.20056000504546093,0.014893332966196219,-0.46858324360437636,0.11754467837334177,-0.1342423398266043,0.21657829220422845,-0.44505073854653854,0.17207238181795473,-0.46538400970506955,0.532293969800599,-0.1270843448107824,0.5797508689011701,0.11477628683436038,-0.1424980066834264,0.038965630693861796,0.038295363363043504,0.05526568042598513,0.27733899980345894,0.23149260944264355
