V1,V2,V3,V4,V5,V6,V7,V8,V9,V10,V11,V12,V13,V14,V15,V16,V17,V18,V19,V20,V21,V22,V23,V24,V25,V26,V27,V28,V29,V30,V31,V32,V33,V34,V35,V36,V37,V38,V39,V40,V41,V42,V43,V44,V45
4.7478095519203425,2.0048620630372884,2.8343688477465334,1.93805742754344,3.157984646887072,-2.957255147867483,0.1486330417131183,5.134303154719993,-0.14468693726210977,6.5066534816568105,8.392809621990533,-3.9317602379404124,0.5860286458592455,0.13087468499805505,1.8212841212874098,-1.6975706276595852,2.9882970272530454,-0.15806380722471122,-0.43675292627311,-5.470019597687963,-4.51539717369016,0.8808031516982948,-1.3779700961832295,1.632732697743495,1.693935885209405,-4.135232059342861,7.280675963959215,8.173004601166499,-3.130254333852671,1.4487185746594327,3.6842865756012984,2.031474894403562,-2.970528152844561,1.6033441635327172,-6.021067971098311,-2.374513187723863,0.7679868003158792,-1.8791557759167363,-4.526390552732416,-1.0907074916779922,0.6437803392442024,-3.7305785362111963,0.9400945829391874,-1.1792932760816506,4.228482513710149
2.0048620630372884,1.5086223081051833,2.0569255456994906,0.7541445989526327,1.0727684939821132,-1.2711434744675716,0.0582466755376488,1.8155747480949143,0.1331355747624624,3.2743069580081836,4.53755199606642,-2.2062983853929294,0.3644193661805707,-0.2399856182204179,0.3659680183376126,-1.225352784997795,1.6326977389111645,0.3063440896936682,-0.6722403484465436,-2.7487578691422483,-2.351468007337093,-0.4489879715940753,-0.5065196064516982,0.3509383326166079,0.45315743941359393,-2.336783871376036,3.642880435309003,3.9393673284495163,-1.9007503818593987,1.4253613172684887,2.270118220787095,0.10163241986602944,-1.5790949681462105,1.6173568262207325,-3.429695387021678,-1.6997433418922232,0.5792258501981282,-0.9737277583540989,-2.2607870144676765,-0.54284704340942,0.35268418573388355,-1.1594357290494703,0.16494501771837697,-1.5056471718869964,1.8430282965988825
2.8343688477465334,2.0569255456994906,3.0188716748158675,0.6609003141159825,1.2826193114590847,-1.8074359495783159,0.1533756959252053,2.346178726112808,0.13614249304550613,4.492568800516724,6.326871306089452,-3.2831389944966762,0.9217432490649987,-0.1135656456451682,0.5933609921428572,-1.7589582134196182,2.4807106373308363,0.487003593655755,-1.2010447838906484,-3.9565993234296184,-3.049502498172578,-0.8806135918875121,-0.49760612670511967,0.3873174679687662,0.4721237336523048,-3.449674325163356,5.031061723274765,5.404274890558672,-2.7105968353950343,2.0285438362649746,3.222880836386908,-0.1557981822103735,-2.055562463710829,2.2982027576789386,-4.755496087444314,-2.3981458413059054,1.1025575280223583,-1.458001804045402,-3.0718645201971113,-0.725823774312855,0.6613687639070966,-1.4577277199514442,-0.06292657145518571,-2.3441353525729665,2.5126715244561435
1.93805742754344,0.7541445989526327,0.6609003141159825,1.7463086731849542,1.8187658740835695,-1.1676505080748414,-0.11747095720002985,2.63340139806593,-0.028758531102185125,2.8344472748289533,3.4304663767083223,-1.215891520413966,-0.7196006596836272,-0.40192016105934114,0.6546792118649899,-0.5232328210810973,0.7317951484982632,-0.30128393131132225,0.5396767588345863,-1.9530899853390598,-2.293084676094754,1.106697763879787,-1.0850880109036216,0.9708307634938281,1.1586311617097673,-1.186808446378948,3.1683887770262245,3.6514889458983,-1.1388604980929486,0.30636013484781494,1.3145701497212188,1.6767222155892736,-1.5444417219590105,0.3027671557940355,-2.5419536259503217,-0.7878907548911843,-0.3606043153519663,-0.5795172430015096,-2.1042218977954,-0.5047627554685182,-0.05735064675090455,-2.0469731578510797,1.1051805773858896,0.21847188284265115,1.9304004099213972
3.157984646887072,1.0727684939821132,1.2826193114590847,1.8187658740835695,2.588546529322548,-1.943881224998363,0.03821448708183425,3.917072415799461,-0.09297244262168944,4.19404742314554,5.157677059590785,-2.0836469712768118,-0.15830626229030775,-0.0311985922504048,1.3642792564331518,-0.8293491526095113,1.6175151636133072,-0.3728867274956725,0.28005261818712696,-3.356570440880865,-3.1099088912461568,1.3797316276374783,-1.2251278636217529,1.4244166079513232,1.4568671918406462,-2.2632867596184414,4.641519753478148,5.346441675052142,-1.7290622360359489,0.5296360450894281,2.0339852039714823,2.1305625750578283,-1.9781894476702269,0.5653506562349578,-3.5847507437059387,-1.202310998476997,0.019958023385864013,-1.0210670799317658,-2.9509724879489796,-0.7335961750325869,0.16209837674809024,-2.973519738223915,1.1071978783549095,0.04783626719012526,2.88891224549375
-2.957255147867483,-1.2711434744675716,-1.8074359495783159,-1.1676505080748414,-1.943881224998363,1.8617733278790487,-0.0999541273815957,-3.1884039982193975,0.11198838367563381,-4.064000338241759,-5.221726563464528,2.475584720636799,-0.3839921484598989,-0.10744017273761267,-1.1266441900246986,1.0692456538487112,-1.8661281144431594,0.09942671190378018,0.29886096367555876,3.4173902908653098,2.801625712610467,-0.5119987859423434,0.8537592997386393,-1.0090761063276406,-1.0484843628971723,2.605095561853822,-4.5465175922010985,-5.1010721165876225,1.9454603902003604,-0.9280011685295166,-2.311427147329843,-1.251396050988336,1.8550767734573885,-1.0139000323118104,3.7598051290243393,1.5057314353214286,-0.5064047250859716,1.1728382574011378,2.833495179769283,0.667918314130646,-0.4079829820960943,2.3030450177593744,-0.5706398544820512,0.7662263431857458,-2.6356066152685673
0.1486330417131183,0.0582466755376488,0.1533756959252053,-0.11747095720002985,0.03821448708183425,-0.0999541273815957,0.050373677189436306,0.09106373140634069,0.007360653580966198,0.14607129164367094,0.22950087535037503,-0.1588276898770954,0.20087409066865197,0.09746696256587684,0.09977251020715522,-0.07028572535411089,0.19328121496254022,0.029510941703728436,-0.13240710018289048,-0.22843180967963087,-0.05142666473476294,-0.06141862875427234,0.05402406908006091,0.01578270509776371,-0.036364803838925104,-0.2106682183329924,0.15190074036923695,0.1657315444858926,-0.09928921687221319,0.08461892909916685,0.12005191598896452,-0.06978500825186296,-9.88930721435109e-4,0.09873904174857527,-0.11605073859197776,-0.08211871619917145,0.13806531549879228,-0.07353678311331259,-0.06904147918163626,-0.023421075595684727,0.06473866513225364,-0.05034710088307507,-0.10052732283276222,-0.12386524788596044,0.08861602465180023
5.134303154719993,1.8155747480949143,2.346178726112808,2.63340139806593,3.917072415799461,-3.1884039982193975,0.09106373140634069,6.107973205809773,-0.22641812649209295,6.840002276590683,8.47928102420265,-3.6575476393702053,0.04323496609618205,0.08398538539522435,2.1674022310800622,-1.4544772605129213,2.7668695794014173,-0.5112812081520915,0.179145313261565,-5.542987224860678,-4.915071209819471,1.8512829877470718,-1.8274357053870356,2.1549780906825613,2.2256955392137705,-3.893017081844248,7.614829040256552,8.702463956950654,-2.931221557192557,1.0044783054599873,3.4655542500334793,3.1212346607109125,-3.1977059420991654,1.069730151818469,-5.980721054860466,-2.100198015029644,0.3035640167619304,-1.7816924054032537,-4.812729445855588,-1.1618859261398464,0.4213254070936386,-4.57781058825693,1.5527192255266673,-0.2908002307755789,4.65282356088727
-0.14468693726210977,0.1331355747624624,0.13614249304550613,-0.028758531102185125,-0.09297244262168944,0.11198838367563381,0.007360653580966198,-0.22641812649209295,0.15445262891585515,-0.05353192793718721,0.07394375919822835,0.017350626653637586,0.00852466382184736,-0.14564723811200564,-0.15231501211596793,-0.09743882300521257,0.06386540831759571,0.1382581302229605,-0.10648458250954297,0.006970920103853985,-0.043753273445304136,-0.19919037664686892,0.07071703366258549,-0.13214071800615507,-0.15210238626117448,-0.041805631726313845,-0.0937932029899297,-0.1360594917205099,-0.09289166804560453,0.21021313901189906,0.08367186062910222,-0.29250548664412834,0.029025415281523543,0.26564715544399153,-0.03943773291330042,-0.10888701447111716,0.011912702606803566,0.020191286775360823,0.07474813871366989,-0.019532065209373322,-0.028504262252686492,0.1956561559894706,-0.08538512161935405,-0.2295240998399336,-0.11925874437804301
6.5066534816568105,3.2743069580081836,4.492568800516724,2.8344472748289533,4.19404742314554,-4.064000338241759,0.14607129164367094,6.840002276590683,-0.05353192793718721,9.417574464037545,12.354955640286635,-5.811650294293422,0.6622159395172559,-0.18384306853731033,2.1168536959464657,-2.7190027099650473,4.276340308658876,0.03451132626617038,-0.8280977500358832,-7.78330023415282,-6.652487759418211,0.670830357457267,-1.9533315481799307,2.009135500677527,2.2240391949799148,-6.042780765174092,10.544790348028425,11.724209906296382,-4.76803717687035,2.5881859854720886,5.621172385686376,2.343878483041495,-4.4439974912972735,2.873542179674267,-9.072461788520044,-3.8012625011309997,1.1204966959017961,-2.709022600336381,-6.593223960168945,-1.5724037223586258,0.901371938073763,-4.87148503099617,1.2696468339808866,-2.323983309219256,5.900303561510164
8.392809621990533,4.53755199606642,6.326871306089452,3.4304663767083223,5.157677059590785,-5.221726563464528,0.22950087535037503,8.47928102420265,0.07394375919822835,12.354955640286635,16.590611986727062,-7.923438933056953,1.1825011614168393,-0.33374949673726195,2.5510140193373454,-3.864505703682899,5.91209347859549,0.31307941284253993,-1.510442005320418,-10.41042059043333,-8.689631879035337,0.2703864788837254,-2.346272031386229,2.32253899250912,2.588342388692188,-8.21091708471664,13.85993489612145,15.309418088567949,-6.563248710681448,3.825659479979233,7.692161310170054,2.332306988114515,-5.777213693570939,4.289832246102272,-12.191891315623383,-5.292466930384018,1.756826217175892,-3.6254526203447273,-8.626030790477552,-2.0709567639039705,1.32418713256118,-5.991617058436513,1.2840654756664795,-3.739589325822584,7.570890186818484
-3.9317602379404124,-2.2062983853929294,-3.2831389944966762,-1.215891520413966,-2.0836469712768118,2.475584720636799,-0.1588276898770954,-3.6575476393702053,0.017350626653637586,-5.811650294293422,-7.923438933056953,4.064781558388357,-0.9341697342900664,0.013264655167246033,-1.1409993342411213,1.9555140904633808,-2.9825417827639416,-0.2709387839222582,1.0399240066612758,5.0163657085365,3.903663711017144,0.325985319702537,0.8909057662438361,-0.891515714412398,-1.0171260364326737,4.122844573855569,-6.574989316790304,-7.188570635993508,3.249168486622754,-1.983466463538275,-3.8029151896284885,-0.6470355646568356,2.6555382753615846,-2.1997306057257364,5.901415140365188,2.6500717345898304,-1.1632850829819803,1.8476376919668613,4.061562741455208,0.9408317101393494,-0.8193030491140321,2.5132169118305376,-0.28876844449653316,2.217996794663119,-3.4890566617983736
0.5860286458592455,0.3644193661805707,0.9217432490649987,-0.7196006596836272,-0.15830626229030775,-0.3839921484598989,0.20087409066865197,0.04323496609618205,0.00852466382184736,0.6622159395172559,1.1825011614168393,-0.9341697342900664,1.0793028684980568,0.4249231474409311,0.28609776180541313,-0.44708523174896275,0.9418611584787474,0.27404657039933433,-0.8396053404406157,-1.0335981952396551,-0.15027624687004928,-0.7207674989053139,0.38095981664721856,-0.14657014065807616,-0.3118553426515193,-1.0744171486480514,0.7437533837799386,0.7244438950798316,-0.6148792568265774,0.550937345721083,0.7222911061305215,-0.7254989801836952,-0.03795537664089557,0.6664184510599536,-0.7507819849618949,-0.5371277370942557,0.8042492860117557,-0.43559887491465327,-0.31736227224420194,-0.09505370407752481,0.4207468134103967,0.09577667089113497,-0.6642902094674182,-0.9697378563067859,0.3082602901614664
0.13087468499805505,-0.2399856182204179,-0.1135656456451682,-0.40192016105934114,-0.0311985922504048,-0.10744017273761267,0.09746696256587684,0.08398538539522435,-0.14564723811200564,-0.18384306853731033,-0.33374949673726195,0.013264655167246033,0.4249231474409311,0.4162186624096196,0.3119072922065078,0.1455886527551651,0.1075959269219449,-0.09518906921481118,-0.11907393143955042,-0.051839829655121274,0.3309696081686038,0.08407842608379247,0.1720148848643606,0.08643376281747574,-0.03631655211417324,-0.05497803857152244,-0.2086925987351402,-0.1974832913008846,0.18702702814587957,-0.23862963656868436,-0.18971863094462715,0.06726370553262652,0.24434108923950093,-0.27026737050094274,0.37124974821935863,0.1973078660246797,0.2181690092506799,-0.03008829100754759,0.18740612867405043,0.05393605689906852,0.11564833574882931,-0.0634718149700718,-0.20137355972988033,0.17141183867407905,-0.011630715456563
1.8212841212874098,0.3659680183376126,0.5933609921428572,0.6546792118649899,1.3642792564331518,-1.1266441900246986,0.09977251020715522,2.1674022310800622,-0.15231501211596793,2.1168536959464657,2.5510140193373454,-1.1409993342411213,0.28609776180541313,0.3119072922065078,0.9986780083171987,-0.3355697735871708,0.9881847052416544,-0.26730275287243443,0.04831031071315372,-1.8702971906913428,-1.4052245144145925,0.8080488264865588,-0.5045392771366637,0.8293839458909019,0.7454021509090785,-1.274491066267492,2.3480340883473767,2.734659193381606,-0.8130603575196838,0.08417254459151366,0.953620605327044,1.1745011266600573,-0.8595842444568791,0.08353258847361825,-1.656279063680084,-0.4799714970404995,0.2016625366615599,-0.5960911735758764,-1.4394921201197943,-0.3616728664247292,0.20209140117306187,-1.6560653314175175,0.4159660060481103,0.1446877508883727,1.550645594929929
-1.6975706276595852,-1.225352784997795,-1.7589582134196182,-0.5232328210810973,-0.8293491526095113,1.0692456538487112,-0.07028572535411089,-1.4544772605129213,-0.09743882300521257,-2.7190027099650473,-3.864505703682899,1.9555140904633808,-0.44708523174896275,0.1455886527551651,-0.3355697735871708,1.0679347263098309,-1.4638030783754064,-0.2717983523302337,0.6500654195772684,2.3765016398433447,1.8838005565359863,0.4523785827183821,0.3637984020145055,-0.25538157141801704,-0.3263015485717118,2.0151576020586184,-3.060043309103422,-3.297166442661868,1.645167772700869,-1.1989987041581749,-1.9351362465047914,0.0377682542832836,1.2655603850272898,-1.3556004531514805,2.900541932208109,1.4286862184319,-0.5925075085961504,0.8471272508409462,1.8882504596599483,0.444623202118643,-0.3755044345163832,0.9501355019289014,-0.02350313543892058,1.3615766975463763,-1.5255402995812404
2.9882970272530454,1.6326977389111645,2.4807106373308363,0.7317951484982632,1.6175151636133072,-1.8661281144431594,0.19328121496254022,2.7668695794014173,0.06386540831759571,4.276340308658876,5.91209347859549,-2.9825417827639416,0.9418611584787474,0.1075959269219449,0.9881847052416544,-1.4638030783754064,2.404920372768534,0.2403601941512025,-0.9067716297635063,-3.8868070570544186,-2.8655338768700083,-0.23469276009204562,-0.5530725638246068,0.6868106131878835,0.6557560269711384,-3.1789622034430884,4.7819117586979605,5.244937893811131,-2.4056403585027737,1.510442687857712,2.8129565312705878,0.38015352520962487,-1.833583779375561,1.7198198479482867,-4.239110784130499,-1.9511733554706367,0.9652639237105429,-1.3625386086870952,-2.8990016130930196,-0.7175302833474437,0.6232551214453064,-1.9028897054549063,0.06757553473764766,-1.6659470531424179,2.575010553892809
-0.15806380722471122,0.3063440896936682,0.487003593655755,-0.30128393131132225,-0.3728867274956725,0.09942671190378018,0.029510941703728436,-0.5112812081520915,0.1382581302229605,0.03451132626617038,0.31307941284253993,-0.2709387839222582,0.27404657039933433,-0.09518906921481118,-0.26730275287243443,-0.2717983523302337,0.2403601941512025,0.2870474851858327,-0.42096613402522526,-0.13356660486146152,-0.004569891601937256,-0.6604042106850855,0.22161291018728152,-0.32547130983384287,-0.32377189042115956,-0.30434414577468494,0.03278888821778897,-0.0735701544522905,-0.28403523574091416,0.4693671217791175,0.3274853423036284,-0.7177577382116219,4.226705865482123e-4,0.5639025319604323,-0.2958128083583984,-0.3421458512245559,0.26795216289744733,-0.09621289558751488,0.024037540657348755,-0.01123208861665411,0.10638188616977788,0.4821330218147045,-0.3354294295900463,-0.7006164931304768,-0.16113227235482092
-0.43675292627311,-0.6722403484465436,-1.2010447838906484,0.5396767588345863,0.28005261818712696,0.29886096367555876,-0.13240710018289048,0.179145313261565,-0.10648458250954297,-0.8280977500358832,-1.510442005320418,1.0399240066612758,-0.8396053404406157,-0.11907393143955042,0.04831031071315372,0.6500654195772684,-0.9067716297635063,-0.42096613402522526,0.9065286954092608,1.030549784910764,0.3913370260607791,1.0354595933091473,-0.3051812538718477,0.3152717793259339,0.3702278390516954,1.1420694757008396,-0.9307883023121489,-0.8680977282099658,0.8183302461844869,-0.8958064668836828,-0.9824930612146405,0.9845764039046603,0.2510771142463143,-1.0559126930520344,1.1349847459009177,0.8296567101908539,-0.7396596780091113,0.4321547267768972,0.47608889074661614,0.11813635838114135,-0.36540845154020474,-0.3112029831616453,0.6188729789932054,1.3335300784740034,-0.27385911584931477
-5.470019597687963,-2.7487578691422483,-3.9565993234296184,-1.9530899853390598,-3.356570440880865,3.4173902908653098,-0.22843180967963087,-5.542987224860678,0.006970920103853985,-7.78330023415282,-10.41042059043333,5.0163657085365,-1.0335981952396551,-0.051839829655121274,-1.8702971906913428,2.3765016398433447,-3.8868070570544186,-0.13356660486146152,1.030549784910764,6.735769813149817,5.3736156918026134,-0.2972966320482161,1.3986984625489152,-1.5758364150223736,-1.629209750183266,5.293084444012094,-8.706896474159272,-9.656497995141825,4.06435016000583,-2.298724716794703,-4.780643157625945,-1.564062303948937,3.5091280916153114,-2.5802792254324283,7.511052325284813,3.2424898325772795,-1.245068091976313,2.310688459069339,5.379277017364213,1.2997681623374557,-0.8951327055722841,3.93451071970745,-0.699439766999344,2.2360700536963973,-4.842773782346847
-4.51539717369016,-2.351468007337093,-3.049502498172578,-2.293084676094754,-3.1099088912461568,2.801625712610467,-0.05142666473476294,-4.915071209819471,-0.043753273445304136,-6.652487759418211,-8.689631879035337,3.903663711017144,-0.15027624687004928,0.3309696081686038,-1.4052245144145925,1.8838005565359863,-2.8655338768700083,-0.004569891601937256,0.3913370260607791,5.3736156918026134,4.860045349656976,-0.6509088720219435,1.5174950881115075,-1.4719709624668114,-1.6544767151785151,4.098583086518234,-7.412888437850926,-8.266546010874848,3.317461448615373,-1.817925887605597,-3.90933030910117,-1.8255698200914345,3.2171344707636056,-2.03134227488161,6.382774734222526,2.6555890529802175,-0.5543836916182995,1.8177362870850144,4.666377970672416,1.1367367086568967,-0.4920915173392326,3.520326259531087,-1.1028492823108884,1.4705761698736326,-4.164318170622428
0.8808031516982948,-0.4489879715940753,-0.8806135918875121,1.106697763879787,1.3797316276374783,-0.5119987859423434,-0.06141862875427234,1.8512829877470718,-0.19919037664686892,0.670830357457267,0.2703864788837254,0.325985319702537,-0.7207674989053139,0.08407842608379247,0.8080488264865588,0.4523785827183821,-0.23469276009204562,-0.6604042106850855,1.0354595933091473,-0.2972966320482161,-0.6509088720219435,1.7792462733575607,-0.7260263691604927,0.9834769120591512,0.9577847944061084,0.30326339834328114,0.7141239852243536,1.0809044922424105,0.2970184179040621,-0.9011417822368751,-0.370666252926413,1.9645159413408966,-0.35127762109752453,-1.0687591678181165,0.033522052428740304,0.551349467159853,-0.6831924005888468,0.06095214458408292,-0.5427095925865464,-0.14768375246836704,-0.2750715614617637,-1.616633868845727,0.9947058935407581,1.591758851741886,0.8552758345830981
-1.3779700961832295,-0.5065196064516982,-0.49760612670511967,-1.0850880109036216,-1.2251278636217529,0.8537592997386393,0.05402406908006091,-1.8274357053870356,0.07071703366258549,-1.9533315481799307,-2.346272031386229,0.8909057662438361,0.38095981664721856,0.1720148848643606,-0.5045392771366637,0.3637984020145055,-0.5530725638246068,0.22161291018728152,-0.3051812538718477,1.3986984625489152,1.5174950881115075,-0.7260263691604927,0.7118633419913204,-0.6743610322216838,-0.7836072139809616,0.8814243825801066,-2.1890704154533123,-2.5230508702557817,0.7685216020498717,-0.20570394424972102,-0.9123092851369522,-1.1378372420607876,1.0321661161335582,-0.1906035673896436,1.7260105811494018,0.5484818693479495,0.16394546991549522,0.41673808467899487,1.447198989575009,0.32967676055578665,-0.0010180604934081183,1.4105001917458693,-0.696047609168462,-0.12537614272650405,-1.3423084905285172
1.632732697743495,0.3509383326166079,0.3873174679687662,0.9708307634938281,1.4244166079513232,-1.0090761063276406,0.01578270509776371,2.1549780906825613,-0.13214071800615507,2.009135500677527,2.32253899250912,-0.891515714412398,-0.14657014065807616,0.08643376281747574,0.8293839458909019,-0.25538157141801704,0.6868106131878835,-0.32547130983384287,0.3152717793259339,-1.5758364150223736,-1.4719709624668114,0.9834769120591512,-0.6743610322216838,0.8550625983791553,0.8570645186232482,-0.9722068696483352,2.2250120978421535,2.617923999779719,-0.6876276865471759,0.007588649830024699,0.8164043948601911,1.381739195810462,-0.9381415907756668,-0.021757811331949754,-1.5668956901708087,-0.40284210148203764,-0.08436417520137603,-0.46416799988908225,-1.4263472118818044,-0.34669412731471577,0.046657367358120136,-1.673554209240511,0.6705080523060005,0.3686209969428642,1.4841981912022768
1.693935885209405,0.45315743941359393,0.4721237336523048,1.1586311617097673,1.4568671918406462,-1.0484843628971723,-0.036364803838925104,2.2256955392137705,-0.15210238626117448,2.2240391949799148,2.588342388692188,-1.0171260364326737,-0.3118553426515193,-0.03631655211417324,0.7454021509090785,-0.3263015485717118,0.6557560269711384,-0.32377189042115956,0.3702278390516954,-1.629209750183266,-1.6544767151785151,0.9577847944061084,-0.7836072139809616,0.8570645186232482,0.9464473137008761,-1.0174420701223017,2.4957653322999662,2.900326395089558,-0.8091667629625606,0.07666901615988002,0.9589631382507391,1.4454590244371706,-1.1251822934785638,0.040952841043760006,-1.8628544379458865,-0.5162253109389786,-0.14118035202597862,-0.5148130333228016,-1.6265756041080728,-0.37323211897730946,0.042068083107738886,-1.7211209335694913,0.7845778713980598,0.2955131723598036,1.5955151825143534
-4.135232059342861,-2.336783871376036,-3.449674325163356,-1.186808446378948,-2.2632867596184414,2.605095561853822,-0.2106682183329924,-3.893017081844248,-0.041805631726313845,-6.042780765174092,-8.21091708471664,4.122844573855569,-1.0744171486480514,-0.05497803857152244,-1.274491066267492,2.0151576020586184,-3.1789622034430884,-0.30434414577468494,1.1420694757008396,5.293084444012094,4.098583086518234,0.30326339834328114,0.8814243825801066,-0.9722068696483352,-1.0174420701223017,4.357757176957335,-6.7603038526600585,-7.410334107409088,3.329010201690711,-2.1045083287911783,-3.9328922201870316,-0.682640262175608,2.7056019497390813,-2.3734164975708048,6.007329083825077,2.75760126730671,-1.2226670715199315,1.8962149790976282,4.138273019524286,0.9964430210346432,-0.8029014334650545,2.642994813666501,-0.26450106715241783,2.2609524116193898,-3.6352035986837703
7.280675963959215,3.642880435309003,5.031061723274765,3.1683887770262245,4.641519753478148,-4.5465175922010985,0.15190074036923695,7.614829040256552,-0.0937932029899297,10.544790348028425,13.85993489612145,-6.574989316790304,0.7437533837799386,-0.2086925987351402,2.3480340883473767,-3.060043309103422,4.7819117586979605,0.03278888821778897,-0.9307883023121489,-8.706896474159272,-7.412888437850926,0.7141239852243536,-2.1890704154533123,2.2250120978421535,2.4957653322999662,-6.7603038526600585,11.845560187556243,13.158441266959628,-5.368225259888064,2.881890771705471,6.313180467400497,2.5953871898383714,-4.9878597632174975,3.1854803474217053,-10.215587241703313,-4.258303791766904,1.2806494639273802,-3.0550209721582977,-7.414706809484831,-1.7513013593730469,1.0490381103992377,-5.437970311362408,1.4060034996242008,-2.6430828346702784,6.605264659762581
8.173004601166499,3.9393673284495163,5.404274890558672,3.6514889458983,5.346441675052142,-5.1010721165876225,0.1657315444858926,8.702463956950654,-0.1360594917205099,11.724209906296382,15.309418088567949,-7.188570635993508,0.7244438950798316,-0.1974832913008846,2.734659193381606,-3.297166442661868,5.244937893811131,-0.0735701544522905,-0.8680977282099658,-9.656497995141825,-8.266546010874848,1.0809044922424105,-2.5230508702557817,2.617923999779719,2.900326395089558,-7.410334107409088,13.158441266959628,14.667192717542328,-5.858798562965621,3.0297859283235993,6.891582561959885,3.179444205766421,-5.539925820193434,3.3368387641705675,-11.23215846019848,-4.6005402674212,1.3108835374120897,-3.352449242827208,-8.250232445471436,-1.9517729189407407,1.111925684507128,-6.262504938365516,1.699466816944573,-2.649255896938453,7.417605689571715
-3.130254333852671,-1.9007503818593987,-2.7105968353950343,-1.1388604980929486,-1.7290622360359489,1.9454603902003604,-0.09928921687221319,-2.931221557192557,-0.09289166804560453,-4.76803717687035,-6.563248710681448,3.249168486622754,-0.6148792568265774,0.18702702814587957,-0.8130603575196838,1.645167772700869,-2.4056403585027737,-0.28403523574091416,0.8183302461844869,4.06435016000583,3.317461448615373,0.2970184179040621,0.7685216020498717,-0.6876276865471759,-0.8091667629625606,3.329010201690711,-5.368225259888064,-5.858798562965621,2.707816513023328,-1.7275121047038045,-3.15379090361345,-0.4651387055244216,2.225229590976503,-1.945888383771759,4.89144861763767,2.2272129054885927,-0.8472408752995787,1.4721998089908699,3.3201723094082536,0.7983021828302701,-0.5971162473652883,2.006454185364298,-0.2948109457113279,1.8665368166194327,-2.816176179452879
1.4487185746594327,1.4253613172684887,2.0285438362649746,0.30636013484781494,0.5296360450894281,-0.9280011685295166,0.08461892909916685,1.0044783054599873,0.21021313901189906,2.5881859854720886,3.825659479979233,-1.983466463538275,0.550937345721083,-0.23862963656868436,0.08417254459151366,-1.1989987041581749,1.510442687857712,0.4693671217791175,-0.8958064668836828,-2.298724716794703,-1.817925887605597,-0.9011417822368751,-0.20570394424972102,0.007588649830024699,0.07666901615988002,-2.1045083287911783,2.881890771705471,3.0297859283235993,-1.7275121047038045,1.510596824424184,2.054523717722484,-0.5298537966864948,-1.2144219824027953,1.7256336607453884,-2.9257950708830305,-1.6182204028826463,0.7090270388317396,-0.8389743735370856,-1.7578213962372329,-0.42415461309020447,0.3820659860435371,-0.5263479770136943,-0.17690304795071304,-1.7754035927247893,1.3106256097903213
3.6842865756012984,2.270118220787095,3.222880836386908,1.3145701497212188,2.0339852039714823,-2.311427147329843,0.12005191598896452,3.4655542500334793,0.08367186062910222,5.621172385686376,7.692161310170054,-3.8029151896284885,0.7222911061305215,-0.18971863094462715,0.953620605327044,-1.9351362465047914,2.8129565312705878,0.3274853423036284,-0.9824930612146405,-4.780643157625945,-3.90933030910117,-0.370666252926413,-0.9123092851369522,0.8164043948601911,0.9589631382507391,-3.9328922201870316,6.313180467400497,6.891582561959885,-3.15379090361345,2.054523717722484,3.7144259465293006,0.5679039723765857,-2.633246725894009,2.3121295158416695,-5.737626066973889,-2.6468101154493118,1.0004976370868561,-1.7175612254788901,-3.9086619088564425,-0.9276454530877225,0.685088340414138,-2.35092403346628,0.35055850520608306,-2.193138934446976,3.318940235936036
2.031474894403562,0.10163241986602944,-0.1557981822103735,1.6767222155892736,2.1305625750578283,-1.251396050988336,-0.06978500825186296,3.1212346607109125,-0.29250548664412834,2.343878483041495,2.332306988114515,-0.6470355646568356,-0.7254989801836952,0.06726370553262652,1.1745011266600573,0.0377682542832836,0.38015352520962487,-0.7177577382116219,0.9845764039046603,-1.564062303948937,-1.8255698200914345,1.9645159413408966,-1.1378372420607876,1.381739195810462,1.4454590244371706,-0.682640262175608,2.5953871898383714,3.179444205766421,-0.4651387055244216,-0.5298537966864948,0.5679039723765857,2.5508284462784325,-1.2035578459032057,-0.6748383046899377,-1.5476840967319154,-0.08643271607521762,-0.5560051236293578,-0.4083201350759826,-1.7410625809513347,-0.405002203896158,-0.14834033824566065,-2.5074043139061115,1.3272699865166775,1.3077039240780737,1.9313988443261683
-2.970528152844561,-1.5790949681462105,-2.055562463710829,-1.5444417219590105,-1.9781894476702269,1.8550767734573885,-9.88930721435109e-4,-3.1977059420991654,0.029025415281523543,-4.4439974912972735,-5.777213693570939,2.6555382753615846,-0.03795537664089557,0.24434108923950093,-0.8595842444568791,1.2655603850272898,-1.833583779375561,4.226705865482123e-4,0.2510771142463143,3.5091280916153114,3.2171344707636056,-0.35127762109752453,1.0321661161335582,-0.9381415907756668,-1.1251822934785638,2.7056019497390813,-4.9878597632174975,-5.539925820193434,2.225229590976503,-1.2144219824027953,-2.633246725894009,-1.2035578459032057,2.2061069130119018,-1.3377530398378832,4.336624535676829,1.8026365987780653,-0.3700076857599546,1.232888209172813,3.159048493505462,0.7377707063947655,-0.3479508684132854,2.276970453082992,-0.7567157345260348,1.0326692004513878,-2.76890090887604
1.6033441635327172,1.6173568262207325,2.2982027576789386,0.3027671557940355,0.5653506562349578,-1.0139000323118104,0.09873904174857527,1.069730151818469,0.26564715544399153,2.873542179674267,4.289832246102272,-2.1997306057257364,0.6664184510599536,-0.27026737050094274,0.08353258847361825,-1.3556004531514805,1.7198198479482867,0.5639025319604323,-1.0559126930520344,-2.5802792254324283,-2.03134227488161,-1.0687591678181165,-0.1906035673896436,-0.021757811331949754,0.040952841043760006,-2.3734164975708048,3.1854803474217053,3.3368387641705675,-1.945888383771759,1.7256336607453884,2.3121295158416695,-0.6748383046899377,-1.3377530398378832,1.9995889453958602,-3.258700115595377,-1.8272153466247714,0.8117121247759946,-0.9397965338398284,-1.9207159800766544,-0.4830678893263374,0.42832245962293103,-0.5358963760591179,-0.24611630896155604,-2.0368746039928296,1.4359711500325927
-6.021067971098311,-3.429695387021678,-4.755496087444314,-2.5419536259503217,-3.5847507437059387,3.7598051290243393,-0.11605073859197776,-5.980721054860466,-0.03943773291330042,-9.072461788520044,-12.191891315623383,5.901415140365188,-0.7507819849618949,0.37124974821935863,-1.656279063680084,2.900541932208109,-4.239110784130499,-0.2958128083583984,1.1349847459009177,7.511052325284813,6.382774734222526,0.033522052428740304,1.7260105811494018,-1.5668956901708087,-1.8628544379458865,6.007329083825077,-10.215587241703313,-11.23215846019848,4.89144861763767,-2.9257950708830305,-5.737626066973889,-1.5476840967319154,4.336624535676829,-3.258700115595377,9.119142545964934,3.997438294735342,-1.287538513329919,2.690745532404358,6.385638199089928,1.5026527269708467,-0.9853621089097532,4.176065269278627,-0.9500652988853939,2.9504957690401197,-5.490198093349461
-2.374513187723863,-1.6997433418922232,-2.3981458413059054,-0.7878907548911843,-1.202310998476997,1.5057314353214286,-0.08211871619917145,-2.100198015029644,-0.10888701447111716,-3.8012625011309997,-5.292466930384018,2.6500717345898304,-0.5371277370942557,0.1973078660246797,-0.4799714970404995,1.4286862184319,-1.9511733554706367,-0.3421458512245559,0.8296567101908539,3.2424898325772795,2.6555890529802175,0.551349467159853,0.5484818693479495,-0.40284210148203764,-0.5162253109389786,2.75760126730671,-4.258303791766904,-4.6005402674212,2.2272129054885927,-1.6182204028826463,-2.6468101154493118,-0.08643271607521762,1.8026365987780653,-1.8272153466247714,3.997438294735342,1.960974726355588,-0.7575142198258625,1.1688750647208697,2.635836244095244,0.6178578162328522,-0.4770616183029845,1.3564892757254876,-0.12261203898748516,1.7823031057958187,-2.1540841573049248
0.7679868003158792,0.5792258501981282,1.1025575280223583,-0.3606043153519663,0.019958023385864013,-0.5064047250859716,0.13806531549879228,0.3035640167619304,0.011912702606803566,1.1204966959017961,1.756826217175892,-1.1632850829819803,0.8042492860117557,0.2181690092506799,0.2016625366615599,-0.5925075085961504,0.9652639237105429,0.26795216289744733,-0.7396596780091113,-1.245068091976313,-0.5543836916182995,-0.6831924005888468,0.16394546991549522,-0.08436417520137603,-0.14118035202597862,-1.2226670715199315,1.2806494639273802,1.3108835374120897,-0.8472408752995787,0.7090270388317396,1.0004976370868561,-0.5560051236293578,-0.3700076857599546,0.8117121247759946,-1.287538513329919,-0.7575142198258625,0.7018874886466443,-0.5147820184304576,-0.7105416455531722,-0.1609323023896113,0.3903555193747211,-0.09608626773746518,-0.4450500912749722,-1.0695686277445966,0.5638482018198483
-1.8791557759167363,-0.9737277583540989,-1.458001804045402,-0.5795172430015096,-1.0210670799317658,1.1728382574011378,-0.07353678311331259,-1.7816924054032537,0.020191286775360823,-2.709022600336381,-3.6254526203447273,1.8476376919668613,-0.43559887491465327,-0.03008829100754759,-0.5960911735758764,0.8471272508409462,-1.3625386086870952,-0.09621289558751488,0.4321547267768972,2.310688459069339,1.8177362870850144,0.06095214458408292,0.41673808467899487,-0.46416799988908225,-0.5148130333228016,1.8962149790976282,-3.0550209721582977,-3.352449242827208,1.4721998089908699,-0.8389743735370856,-1.7175612254788901,-0.4083201350759826,1.232888209172813,-0.9397965338398284,2.690745532404358,1.1688750647208697,-0.5147820184304576,0.8804542965687713,1.870894985675975,0.4488398209310115,-0.3714674792430855,1.2202295978831978,-0.1780003701541453,0.9224851104832089,-1.6593215748314345
-4.526390552732416,-2.2607870144676765,-3.0718645201971113,-2.1042218977954,-2.9509724879489796,2.833495179769283,-0.06904147918163626,-4.812729445855588,0.07474813871366989,-6.593223960168945,-8.626030790477552,4.061562741455208,-0.31736227224420194,0.18740612867405043,-1.4394921201197943,1.8882504596599483,-2.8990016130930196,0.024037540657348755,0.47608889074661614,5.379277017364213,4.666377970672416,-0.5427095925865464,1.447198989575009,-1.4263472118818044,-1.6265756041080728,4.138273019524286,-7.414706809484831,-8.250232445471436,3.3201723094082536,-1.7578213962372329,-3.9086619088564425,-1.7410625809513347,3.159048493505462,-1.9207159800766544,6.385638199089928,2.635836244095244,-0.7105416455531722,1.870894985675975,4.674334808745538,1.0874146908250837,-0.6144901543402194,3.460617421933844,-0.979348551880906,1.5563341315479056,-4.142234891649639
-1.0907074916779922,-0.54284704340942,-0.725823774312855,-0.5047627554685182,-0.7335961750325869,0.667918314130646,-0.023421075595684727,-1.1618859261398464,-0.019532065209373322,-1.5724037223586258,-2.0709567639039705,0.9408317101393494,-0.09505370407752481,0.05393605689906852,-0.3616728664247292,0.444623202118643,-0.7175302833474437,-0.01123208861665411,0.11813635838114135,1.2997681623374557,1.1367367086568967,-0.14768375246836704,0.32967676055578665,-0.34669412731471577,-0.37323211897730946,0.9964430210346432,-1.7513013593730469,-1.9517729189407407,0.7983021828302701,-0.42415461309020447,-0.9276454530877225,-0.405002203896158,0.7377707063947655,-0.4830678893263374,1.5026527269708467,0.6178578162328522,-0.1609323023896113,0.4488398209310115,1.0874146908250837,0.2771146248591178,-0.13560078342041543,0.8310430580283865,-0.2282220578403053,0.3611384412120081,-0.9873295706269923
0.6437803392442024,0.35268418573388355,0.6613687639070966,-0.05735064675090455,0.16209837674809024,-0.4079829820960943,0.06473866513225364,0.4213254070936386,-0.028504262252686492,0.901371938073763,1.32418713256118,-0.8193030491140321,0.4207468134103967,0.11564833574882931,0.20209140117306187,-0.3755044345163832,0.6232551214453064,0.10638188616977788,-0.36540845154020474,-0.8951327055722841,-0.4920915173392326,-0.2750715614617637,-0.0010180604934081183,0.046657367358120136,0.042068083107738886,-0.8029014334650545,1.0490381103992377,1.111925684507128,-0.5971162473652883,0.3820659860435371,0.685088340414138,-0.14834033824566065,-0.3479508684132854,0.42832245962293103,-0.9853621089097532,-0.4770616183029845,0.3903555193747211,-0.3714674792430855,-0.6144901543402194,-0.13560078342041543,0.25330750591775686,-0.2628286456488515,-0.1631666584291652,-0.5792652338767281,0.5142913144544253
-3.7305785362111963,-1.1594357290494703,-1.4577277199514442,-2.0469731578510797,-2.973519738223915,2.3030450177593744,-0.05034710088307507,-4.57781058825693,0.1956561559894706,-4.87148503099617,-5.991617058436513,2.5132169118305376,0.09577667089113497,-0.0634718149700718,-1.6560653314175175,0.9501355019289014,-1.9028897054549063,0.4821330218147045,-0.3112029831616453,3.93451071970745,3.520326259531087,-1.616633868845727,1.4105001917458693,-1.673554209240511,-1.7211209335694913,2.642994813666501,-5.437970311362408,-6.262504938365516,2.006454185364298,-0.5263479770136943,-2.35092403346628,-2.5074043139061115,2.276970453082992,-0.5358963760591179,4.176065269278627,1.3564892757254876,-0.09608626773746518,1.2202295978831978,3.460617421933844,0.8310430580283865,-0.2628286456488515,3.5051059552238057,-1.2425197295793886,-0.07298417587713657,-3.387442275711499
0.9400945829391874,0.16494501771837697,-0.06292657145518571,1.1051805773858896,1.1071978783549095,-0.5706398544820512,-0.10052732283276222,1.5527192255266673,-0.08538512161935405,1.2696468339808866,1.2840654756664795,-0.28876844449653316,-0.6642902094674182,-0.20137355972988033,0.4159660060481103,-0.02350313543892058,0.06757553473764766,-0.3354294295900463,0.6188729789932054,-0.699439766999344,-1.1028492823108884,0.9947058935407581,-0.696047609168462,0.6705080523060005,0.7845778713980598,-0.26450106715241783,1.4060034996242008,1.699466816944573,-0.2948109457113279,-0.17690304795071304,0.35055850520608306,1.3272699865166775,-0.7567157345260348,-0.24611630896155604,-0.9500652988853939,-0.12261203898748516,-0.4450500912749722,-0.1780003701541453,-0.979348551880906,-0.2282220578403053,-0.1631666584291652,-1.2425197295793886,0.8358047402541733,0.6365256321187246,0.9847352939219921
-1.1792932760816506,-1.5056471718869964,-2.3441353525729665,0.21847188284265115,0.04783626719012526,0.7662263431857458,-0.12386524788596044,-0.2908002307755789,-0.2295240998399336,-2.323983309219256,-3.739589325822584,2.217996794663119,-0.9697378563067859,0.17141183867407905,0.1446877508883727,1.3615766975463763,-1.6659470531424179,-0.7006164931304768,1.3335300784740034,2.2360700536963973,1.4705761698736326,1.591758851741886,-0.12537614272650405,0.3686209969428642,0.2955131723598036,2.2609524116193898,-2.6430828346702784,-2.649255896938453,1.8665368166194327,-1.7754035927247893,-2.193138934446976,1.3077039240780737,1.0326692004513878,-2.0368746039928296,2.9504957690401197,1.7823031057958187,-1.0695686277445966,0.9224851104832089,1.5563341315479056,0.3611384412120081,-0.5792652338767281,-0.07298417587713657,0.6365256321187246,2.403443845290138,-1.004114455067779
4.228482513710149,1.8430282965988825,2.5126715244561435,1.9304004099213972,2.88891224549375,-2.6356066152685673,0.08861602465180023,4.65282356088727,-0.11925874437804301,5.900303561510164,7.570890186818484,-3.4890566617983736,0.3082602901614664,-0.011630715456563,1.550645594929929,-1.5255402995812404,2.575010553892809,-0.16113227235482092,-0.27385911584931477,-4.842773782346847,-4.164318170622428,0.8552758345830981,-1.3423084905285172,1.4841981912022768,1.5955151825143534,-3.6352035986837703,6.605264659762581,7.417605689571715,-2.816176179452879,1.3106256097903213,3.318940235936036,1.9313988443261683,-2.76890090887604,1.4359711500325927,-5.490198093349461,-2.1540841573049248,0.5638482018198483,-1.6593215748314345,-4.142234891649639,-0.9873295706269923,0.5142913144544253,-3.387442275711499,0.9847352939219921,-1.004114455067779,3.824915241290827
