V1,V2,V3,V4,V5,V6,V7,V8,V9,V10,V11,V12,V13,V14,V15,V16,V17,V18,V19,V20,V21,V22,V23,V24,V25,V26,V27,V28,V29,V30,V31,V32,V33,V34,V35,V36,V37,V38,V39,V40,V41,V42,V43,V44,V45
0.046529435093126785,-0.5566878819987955,0.03379454566892729,-0.06686025119887296,0.38062805109196524,-1.380785838942925,0.5500007300493488,-1.1505180682187746,0.4389767190932406,-1.2248257351657656,0.3974154995910388,0.4456962907929668,-0.23131085364062753,-0.3019126711009608,0.4102404699927597,-1.1625287652540799,-2.0629682863549377,-1.4253202335585016,0.5888914020151688,0.128262484579842,-0.0231186930640115,0.5504133678307845,-0.1805984841967461,0.5220918153466453,-0.019955939931086332,-0.5133613198771381,-0.9793021689903065,-0.6959895484128276,-0.526480775111241,0.616468970145684,-0.4192122406106105,-0.07612869087976204,0.5126587659159478,1.5643593586777345,-0.9894965251813531,0.8398644221313255,0.4187633970296317,-0.8357052548839725,0.4176562085169598,0.10012281460330152,0.988898733443555,0.6315055645167775,0.3089568911595946,-0.1845409395145105,0.4739596328791034
-0.5566878819987955,7.310770599643959,-0.743504055052448,1.5737021286257264,-3.834603428739579,18.131105830074596,-6.521978102506283,14.900345078535796,-5.97556376218297,16.265945025759407,-4.973390468161301,-6.066039851834067,2.5994740944525905,4.119916144017581,-5.880303172199556,15.046090726711869,26.194774829444064,18.119378216728297,-6.551261656360155,-1.843131688650678,0.5827954274326185,-7.5803980396294,1.8846973045785158,-6.594165725257604,0.14384470872354713,6.5010374143718295,12.794019877745088,9.118285744892368,6.805233568151946,-8.74117714097491,5.139718836935641,1.0456213118877005,-6.5570166789070745,-20.33859484046153,12.276168982023298,-10.644793510007103,-5.936294437325391,10.759955815392761,-4.66016309441319,-1.6358085843107317,-13.214446422325972,-7.6938816982053435,-4.553492584281822,2.684244116536086,-5.91747719169251
0.03379454566892729,-0.743504055052448,0.2799213405570162,-0.596908713401421,-0.3561143539499636,-1.790759651416779,0.17195193318560903,-1.3382406989705395,0.7019717634397122,-1.7502707235930712,0.35015707958892306,0.7320151377070359,0.047188732232189445,-0.49108446084213403,0.8822099881161576,-1.3583340139808762,-2.0526782135330843,-1.4042058725585547,-0.0888728187864965,0.3181472759709433,-0.20464995022333815,0.941878657975278,0.10388249108275927,0.49331275935257995,0.03480091663548915,-0.48406731068749415,-1.238913377418861,-0.8899842797873052,-0.6206796095802557,1.262463372756505,-0.3060958360173808,-0.1258155781333351,0.5076757350423949,1.879216798041253,-0.7869088379281622,0.8320079910270275,0.8625712900280643,-0.94951179560654,-0.05766503536086472,0.3907914783980804,1.4167684435160037,0.373298603703937,0.7825926058623427,-0.45876429655186535,0.3748635683319573
-0.06686025119887296,1.5737021286257264,-0.596908713401421,1.2904746816104158,0.7941526735757545,3.804547950261548,-0.354671080498885,2.837982003283975,-1.5074293471676916,3.715112263572227,-0.7324479826877233,-1.5634917964965303,-0.1057702753316764,1.05567143786065,-1.8931094732856233,2.8748589133942475,4.322240420100837,2.968602127375698,0.22946450194971174,-0.668019072280521,0.4564224284603667,-2.024563390277404,-0.24081352315590707,-1.0376837300487551,-0.08721106350922114,1.0213214419593397,2.625586868489976,1.890630493269034,1.3087613962706555,-2.707010051902165,0.626745011132564,0.27198841760222586,-1.0817831204668817,-3.9876080228237893,1.637818387246464,-1.7472791824618314,-1.8454380487768833,2.0021546404117436,0.14969193938146205,-0.8325654784556847,-3.028664595530883,-0.7771371830259213,-1.6728367803477,0.9713984578527199,-0.7929109500772326
0.38062805109196524,-3.834603428739579,-0.3561143539499636,0.7941526735757545,4.770117470123968,-9.68507870003552,5.21472591973577,-8.450906153700975,2.7637388322681384,-8.170040871722895,3.1843678635560204,2.7459023221890058,-2.501645939076324,-1.8780839471330495,2.020279274691054,-8.516326339430384,-15.986992068320196,-11.099330269971164,6.228751577160308,0.49963370128925294,0.2520653132958229,3.3159130150022844,-2.08716199028596,4.110193595282253,-0.2723852635866307,-4.057043031147025,-6.932132422492828,-4.909089551847234,-3.8351920091206,3.185103772321072,-3.5097908393034585,-0.4704080322172588,4.007530374702645,11.341671240451404,-8.150060699239413,6.510190108856554,2.149604865234187,-6.17931198592346,4.408444787658828,0.0369389760586774,6.628525183123875,5.536819236085029,1.20842069583654,-0.7341615953095518,3.927598995942598
-1.380785838942925,18.131105830074596,-1.790759651416779,3.804547950261548,-9.68507870003552,45.00264871900937,-16.30967397653285,37.01571726612315,-14.81632741100244,40.32648180872597,-12.370410751994362,-15.027388422613228,6.5345447728201895,10.21459667262943,-14.531955664811711,37.37080908875258,65.12615922128838,45.06637776231546,-16.423167420904456,-4.52607934950307,1.4281008256217649,-18.786159635753297,4.735456729286163,-16.40001346833205,0.3556745194049754,16.174902454687892,31.754572976547585,22.63321526572399,16.894903285242535,-21.60989452783151,12.78947789137309,2.5940148348866945,-16.32165223848958,-50.51376097757499,30.554211334692106,-26.46088856880551,-14.671570434089553,26.723487006808465,-11.683880450430088,-3.9956361266727356,-32.790359588754924,-19.18933274278692,-11.21751773433964,6.6045203629681994,-14.744530724178793
0.5500007300493488,-6.521978102506283,0.17195193318560903,-0.354671080498885,5.21472591973577,-16.30967397653285,7.005089196459134,-13.72547333004047,5.108409135650008,-14.282339582773723,4.810938079578737,5.138301514602733,-3.0733664292877685,-3.505791308512576,4.567646486277493,-13.842809078749257,-24.845430403486755,-17.22701466053863,7.659088980314142,1.3257730480416319,-0.174660378959877,6.359473141835167,-2.3888292287908195,6.310516963789814,-0.24419362797419966,-6.229361525184531,-11.568558503688498,-8.226809605546146,-6.243997731464781,6.905410655727207,-5.103992081977114,-0.8879193378349075,6.239875498541339,18.6086023405184,-12.061945529366785,10.09999620079963,4.677293015410462,-9.949283088880534,5.4357865121847135,0.9167919854395794,11.623947977205633,7.851042082721969,3.294155793722932,-1.9463866886242371,5.830031090629699
-1.1505180682187746,14.900345078535796,-1.3382406989705395,2.837982003283975,-8.450906153700975,37.01571726612315,-13.72547333004047,30.535796809926605,-12.11160727965052,33.076368868896466,-10.26892830745609,-12.273425328442327,5.5745268340195295,8.345549084185992,-11.75421410136044,30.82532577987628,53.923811873400446,37.32297045440729,-13.994290703298704,-3.634972718182698,1.0755628193735574,-15.323329828048522,4.087110643723194,-13.594572171393429,0.3268919922179395,13.408797965218843,26.138947494074028,18.623379559656346,13.932425574080238,-17.51082868425095,10.653791368769532,2.118775960926377,-13.517021748819795,-41.635641215244924,25.41381818643333,-21.911539977566125,-11.88640178517373,22.057324800612488,-9.952004112031382,-3.1361307266147516,-26.895931979357936,-16.03823125110611,-9.008184293006607,5.306694872466114,-12.266375989935776
0.4389767190932406,-5.97556376218297,0.7019717634397122,-1.5074293471676916,2.7637388322681384,-14.81632741100244,5.108409135650008,-12.11160727965052,4.951549080695314,-13.35047785029148,3.987548213979484,5.025901122288266,-1.9845946766852673,-3.4187423566902204,4.962011592530006,-12.226696960027684,-21.123385162061467,-14.619226274319272,4.978786062979014,1.5558576228013905,-0.5673803538544752,6.308592268139185,-1.3866435700868198,5.30632304963903,-0.07952031656160316,-5.235016579409894,-10.436617426158195,-7.445622571109396,-5.526638283773692,7.349276524684402,-4.082693415151322,-0.8702777585855364,5.302457719078284,16.55806069849744,-9.802852454720282,8.577514245553246,4.989399633371622,-8.725170832618476,3.546721373308312,1.439599052087898,10.871881179973826,6.097588101217776,3.879604581469679,-2.275113535079123,4.740131088939107
-1.2248257351657656,16.265945025759407,-1.7502707235930712,3.715112263572227,-8.170040871722895,40.32648180872597,-14.282339582773723,33.076368868896466,-13.35047785029148,36.241903820737626,-10.989671372672385,-13.557237896283034,5.639316354044944,9.207798444108468,-13.228298169914527,33.39993132040902,57.993633291673085,40.11438207115985,-14.209502011415916,-4.1577880712492075,1.3747554754092464,-16.960995100270033,4.04649231287631,-14.587894902920922,0.29006527739879784,14.383573698793654,28.440071009820073,20.274872156729398,15.10696023442571,-19.638712879867228,11.326509263665695,2.3380915019257524,-14.522557983826651,-45.173546502527145,27.090240053771975,-23.563718621739643,-13.33820966332185,23.87178099297862,-10.111681218829515,-3.744135994437876,-29.45330102643562,-16.925738487586525,-10.285684668464794,6.057998215752652,-13.06310161617446
0.3974154995910388,-4.973390468161301,0.35015707958892306,-0.7324479826877233,3.1843678635560204,-12.370410751994362,4.810938079578737,-10.26892830745609,3.987548213979484,-10.989671372672385,3.503640814096322,4.035640741854843,-2.005710772405805,-2.7438917499296194,3.778104741888118,-10.36594412258637,-18.288996567551962,-12.659199827233357,5.039521058954212,1.1563501199538149,-0.2802051612821121,5.018917955336035,-1.5115484864516082,4.621915453840323,-0.13900047677708677,-4.557320781228585,-8.749934901519007,-6.22921454715576,-4.68491410290635,5.654129355448739,-3.666392383730377,-0.6951705884650717,4.579160667888282,13.976717981862407,-8.708252609173153,7.435102942796795,3.8370194186527558,-7.4317895284757505,3.5802444650953005,0.9416056205257683,8.92616674391685,5.5472779768503955,2.8514431861077156,-1.6853873972954991,4.197762588542625
0.4456962907929668,-6.066039851834067,0.7320151377070359,-1.5634917964965303,2.7459023221890058,-15.027388422613228,5.138301514602733,-12.273425328442327,5.025901122288266,-13.557237896283034,4.035640741854843,5.1074162210034615,-1.984438630140856,-3.4703810460977844,5.054511142944631,-12.393594185685199,-21.388666973201147,-14.79549318596474,4.994029095070593,1.5957674705168405,-0.580258946166713,6.407282401746225,-1.3865906094132465,5.370895060114676,-0.08221057633524206,-5.296780842833354,-10.58688311451672,-7.550913422648135,-5.605093352052855,7.482998394017722,-4.131167190257176,-0.8829336163404397,5.362002342240975,16.783397051874275,-9.915062728920933,8.687115956963057,5.08258271803185,-8.8450901379431,3.5572133251999536,1.4825523960325533,11.02906795431602,6.152522891676805,3.9642947676012894,-2.328894123803124,4.78807620808385
-0.23131085364062753,2.5994740944525905,0.047188732232189445,-0.1057702753316764,-2.501645939076324,6.5345447728201895,-3.0733664292877685,5.5745268340195295,-1.9845946766852673,5.639316354044944,-2.005710772405805,-1.984438630140856,1.4045111492125724,1.358212657495269,-1.6620131677362324,5.618520153117812,10.253213233641794,7.119151411689786,-3.480451294474994,-0.4520927492207759,-0.010679283568573965,-2.441917736426339,1.1179391882547305,-2.6164581303318424,0.12382081230413784,2.585501481134971,4.648752547994868,3.301444056480377,2.5298694982933574,-2.5433029853281575,2.1564110045354696,0.3438298834681851,-2.5812245603694866,-7.529107794928205,5.069854309331757,-4.1682939232829925,-1.7194890862087904,4.04884270535158,-2.4681925427334725,-0.23665335440785196,-4.5971477214925365,-3.3631621985481037,-1.1319054693678283,0.6697691775858944,-2.455025920442021
-0.3019126711009608,4.119916144017581,-0.49108446084213403,1.05567143786065,-1.8780839471330495,10.21459667262943,-3.505791308512576,8.345549084185992,-3.4187423566902204,9.207798444108468,-2.7438917499296194,-3.4703810460977844,1.358212657495269,2.3620119097876797,-3.432686700464687,8.4252307190697735,14.54301399594092,10.06583499364416,-3.404757479005646,-1.075448494109971,0.39920464887278423,-4.358819006422097,0.9445383870223039,-3.6523742841822964,0.05161214575491326,3.603100715964498,7.194833959589131,5.132698110220292,3.80753479671475,-5.082254110493098,2.8057514464257074,0.6018841721965478,-3.6519069090548903,-11.412254496491435,6.740916271248283,-5.904801395827333,-3.4498857035336914,6.010796533613012,-2.4260735342543307,-1.0002177869504512,-7.501348206373231,-4.190164124249575,-2.6866720203232464,1.5740373716948342,-3.2620560571334645
0.4102404699927597,-5.880303172199556,0.8822099881161576,-1.8931094732856233,2.020279274691054,-14.531955664811711,4.567646486277493,-11.75421410136044,4.962011592530006,-13.228298169914527,3.778104741888118,5.054511142944631,-1.6620131677362324,-3.432686700464687,5.150553392312481,-11.872286792255556,-20.21537419169565,-13.977087088649885,4.191383359798538,1.6526837168739128,-0.6955298411731725,6.370019739125405,-1.0868515422520753,5.055952183861174,-0.031237603408498505,-4.986468423774016,-10.213206953120979,-7.292526283843087,-5.371953572173775,7.583448949519295,-3.8141477312810443,-0.8750775365968042,5.070615258686339,16.11908565833565,-9.2140984541303,8.206403945653218,5.15345374087131,-8.451030196804782,2.9919925052774508,1.6263359540603084,10.769360230556241,5.617654741522001,4.1172563366841155,-2.412635019124768,4.453215051520292
-1.1625287652540799,15.046090726711869,-1.3583340139808762,2.8748589133942475,-8.516326339430384,37.37080908875258,-13.842809078749257,30.82532577987628,-12.226696960027684,33.39993132040902,-10.36594412258637,-12.393594185685199,5.618520153117812,8.4252307190697735,-11.872286792255556,31.120162863377427,54.43367105721688,37.67143265495839,-14.11374578066039,-3.6771355837576474,1.085042238489153,-15.47063801515699,4.1216671975804795,-13.722290168867982,0.33229588213437766,13.533664819686745,26.391138272524746,18.801678692193335,14.067234962307971,-17.686053182835497,10.755884985545848,2.1387499322627272,-13.640304003569891,-42.032124913833115,25.65227991711703,-22.119844925349273,-12.00661580829287,22.269555735515112,-10.036636219835694,-3.1742581322678225,-27.15228469528421,-16.182764459890596,-9.10412977124283,5.36582556723494,-12.377484068226451
-2.0629682863549377,26.194774829444064,-2.0526782135330843,4.322240420100837,-15.986992068320196,65.12615922128838,-24.845430403486755,53.923811873400446,-21.123385162061467,57.993633291673085,-18.288996567551962,-21.388666973201147,10.253213233641794,14.54301399594092,-20.21537419169565,54.43367105721688,95.7045240130721,66.24437914460161,-25.746984820490226,-6.211947785490525,1.6472275842594637,-26.644457594736146,7.6413597567870655,-24.16210648575775,0.6660468539869558,23.82928451044117,46.03231529247335,32.78233118051149,24.601421308517622,-30.1946878308809,19.07259167162786,3.6877216187046646,-23.97648312564401,-73.44764601807314,45.380450254963016,-38.89905454609471,-20.493343679738427,38.99445836968427,-18.29925398939735,-5.185145329548122,-47.12995714004381,-28.800330596533048,-15.353864742842488,9.06208884181158,-21.88787580816463
-1.4253202335585016,18.119378216728297,-1.4042058725585547,2.968602127375698,-11.099330269971164,45.06637776231546,-17.22701466053863,37.32297045440729,-14.619226274319272,40.11438207115985,-12.659199827233357,-14.79549318596474,7.119151411689786,10.06583499364416,-13.977087088649885,37.67143265495839,66.24437914460161,45.86376214617917,-17.850263306134867,-4.279359778869426,1.1438955982390104,-18.439357216508988,5.297131326854735,-16.725867933909527,0.4547179044224921,16.498801298744212,31.851716656592817,22.685231892207316,17.02095284502693,-20.877981367013586,13.197469216946496,2.5538755787078578,-16.607805479564817,-50.833435676141754,31.41402793668569,-26.921383462346604,-14.166947865806602,26.982304723838954,-12.687964361226182,-3.5685349778951707,-32.61884850402223,-19.951864582668247,-10.602497197423368,6.250941754325395,-15.16314748828283
0.5888914020151688,-6.551261656360155,-0.0888728187864965,0.22946450194971174,6.228751577160308,-16.423167420904456,7.659088980314142,-13.994290703298704,4.978786062979014,-14.209502011415916,5.039521058954212,4.994029095070593,-3.480451294474994,-3.404757479005646,4.191383359798538,-14.11374578066039,-25.746984820490226,-17.850263306134867,8.697513285488021,1.17974255724182,0.04333002839512284,6.122963754068899,-2.801615982917767,6.568276275536974,-0.32895347168406425,-6.479944147020107,-11.688225159289592,-8.29837843949476,-6.367087611183102,6.415001597413978,-5.430019424111697,-0.8576054745386534,6.4495824439047436,18.90575231786006,-12.732645306580423,10.476937730730254,4.342996387639723,-10.183834875212257,6.164089954830968,0.6352922135118564,11.533079524326242,8.413415410488664,2.8859821327564457,-1.723768777945093,6.13558214263412
0.128262484579842,-1.843131688650678,0.3181472759709433,-0.668019072280521,0.49963370128925294,-4.52607934950307,1.3257730480416319,-3.634972718182698,1.5558576228013905,-4.1577880712492075,1.1563501199538149,1.5957674705168405,-0.4520927492207759,-1.075448494109971,1.6526837168739128,-3.6771355837576474,-6.211947785490525,-4.279359778869426,1.17974255724182,0.5551559690963446,-0.22771610403837117,2.003103103199926,-0.2943828755765509,1.5492075179788583,-0.012267242580477582,-1.523139579924072,-3.1803181518718064,-2.270135162495229,-1.670891337483776,2.4277476304820023,-1.1654759314851362,-0.2721871306771885,1.5417297435107746,4.993817456736203,-2.807117512555829,2.5261169493556577,1.653998593869335,-2.620360875917943,0.8412699969596943,0.5575082955315533,3.3589914637298635,1.6771577758266982,1.3481726428270329,-0.7985469740037793,1.3408121690900052
-0.0231186930640115,0.5827954274326185,-0.20464995022333815,0.4564224284603667,0.2520653132958229,1.4281008256217649,-0.174660378959877,1.0755628193735574,-0.5673803538544752,1.3747554754092464,-0.2802051612821121,-0.580258946166713,-0.010679283568573965,0.39920464887278423,-0.6955298411731725,1.085042238489153,1.6472275842594637,1.1438955982390104,0.04333002839512284,-0.22771610403837117,0.17592438764058593,-0.7613057514409912,-0.07791750879287508,-0.3974258121941016,-0.039736267800427896,0.39444586544792654,0.9836350661690644,0.7100406534386476,0.48813338984010424,-0.99532922433411,0.23628713417459382,0.10471511572534282,-0.42551615962048006,-1.508457407771478,0.6303674100881994,-0.6618848478928192,-0.6747469249258348,0.7514249767501775,0.024193860533123335,-0.2894492306621276,-1.1428216152102337,-0.3198541937677449,-0.601115059339279,0.3406730194657098,-0.31893044930271536
0.5504133678307845,-7.5803980396294,0.941878657975278,-2.024563390277404,3.3159130150022844,-18.786159635753297,6.359473141835167,-15.323329828048522,6.308592268139185,-16.960995100270033,5.018917955336035,6.407282401746225,-2.441917736426339,-4.358819006422097,6.370019739125405,-15.47063801515699,-26.644457594736146,-18.439357216508988,6.122963754068899,2.003103103199926,-0.7613057514409912,8.052924436476312,-1.68173646551059,6.686937474862773,-0.08557411894981552,-6.59781037867624,-13.226737258014229,-9.437554712224786,-6.992728796969464,9.421997027037403,-5.121707714337892,-1.1108037643099151,6.690462137961448,20.963026585616785,-12.317110511386412,10.81722366208068,6.397051878254624,-11.032151820806178,4.363964807107571,1.8816004580446632,13.817217812383845,7.633488339806001,5.003102274123781,-2.9312825835074614,5.959110915550464
-0.1805984841967461,1.8846973045785158,0.10388249108275927,-0.24081352315590707,-2.08716199028596,4.735456729286163,-2.3888292287908195,4.087110643723194,-1.3866435700868198,4.04649231287631,-1.5115484864516082,-1.3865906094132465,1.1179391882547305,0.9445383870223039,-1.0868515422520753,4.1216671975804795,7.6413597567870655,5.297131326854735,-2.801615982917767,-0.2943828755765509,-0.07791750879287508,-1.68173646551059,0.9264496140400619,-1.9578890563943456,0.11992532112601492,1.929865661906801,3.3826104345499868,2.3973924493450647,1.859852308474938,-1.6893492735954865,1.652010266195605,0.23643610520875744,-1.9087318621809135,-5.501392739956386,3.846102117972707,-3.1126126277699453,-1.142888099219843,2.9856797162212945,-1.9830490548138489,-0.0977977709376146,-3.2738448017760473,-2.5770271441113093,-0.7040210987912681,0.42674247787162517,-1.8480295101864146
0.5220918153466453,-6.594165725257604,0.49331275935257995,-1.0376837300487551,4.110193595282253,-16.40001346833205,6.310516963789814,-13.594572171393429,5.30632304963903,-14.587894902920922,4.621915453840323,5.370895060114676,-2.6164581303318424,-3.6523742841822964,5.055952183861174,-13.722290168867982,-24.16210648575775,-16.725867933909527,6.568276275536974,1.5492075179788583,-0.3974258121941016,6.686937474862773,-1.9578890563943456,6.10284467041643,-0.17374571358400945,-6.018749938769956,-11.595128624128295,-8.256530163725607,-6.201344718195647,7.55763984449093,-4.826240961864107,-0.9259429734938812,6.053596068436818,18.510484380219427,-11.476881222344092,9.821181844954454,5.128984412234432,-9.832875222659142,4.667637768131468,1.2796535456232287,11.85504090778425,7.296729180919301,3.828349963902273,-2.2601302559158425,5.535785029020013
-0.019955939931086332,0.14384470872354713,0.03480091663548915,-0.08721106350922114,-0.2723852635866307,0.3556745194049754,-0.24419362797419966,0.3268919922179395,-0.07952031656160316,0.29006527739879784,-0.13900047677708677,-0.08221057633524206,0.12382081230413784,0.05161214575491326,-0.031237603408498505,0.33229588213437766,0.6660468539869558,0.4547179044224921,-0.32895347168406425,-0.012267242580477582,-0.039736267800427896,-0.08557411894981552,0.11992532112601492,-0.17374571358400945,0.024998079825634144,0.16877573689079067,0.2619688515002718,0.182074323766993,0.15318309707947855,-0.06082618727151302,0.165039472387742,0.011370527215645387,-0.1567847878745367,-0.4316255475838152,0.36470227828057133,-0.2748727494328592,-0.04296258783695996,0.24825750210168102,-0.230858958517162,0.021472663253513824,-0.21794616112644083,-0.2513345423920155,-0.005695227631315408,0.011175396179475392,-0.16574147729780322
-0.5133613198771381,6.5010374143718295,-0.48406731068749415,1.0213214419593397,-4.057043031147025,16.174902454687892,-6.229361525184531,13.408797965218843,-5.235016579409894,14.383573698793654,-4.557320781228585,-5.296780842833354,2.585501481134971,3.603100715964498,-4.986468423774016,13.533664819686745,23.82928451044117,16.498801298744212,-6.479944147020107,-1.523139579924072,0.39444586544792654,-6.59781037867624,1.929865661906801,-6.018749938769956,0.16877573689079067,5.937969232158651,11.434311991229837,8.142750414275964,6.114657718733352,-7.453125215588384,4.757656297080882,0.9138827589201497,-5.974584693161015,-18.25694596293725,11.318160907102975,-9.684412622518645,-5.057552179488458,9.695795020430701,-4.605355705234454,-1.257850113677024,-11.695569791959372,-7.199239369303453,-3.7721498111141663,2.2252548060615913,-5.462381443768027
-0.9793021689903065,12.794019877745088,-1.238913377418861,2.625586868489976,-6.932132422492828,31.754572976547585,-11.568558503688498,26.138947494074028,-10.436617426158195,28.440071009820073,-8.749934901519007,-10.58688311451672,4.648752547994868,7.194833959589131,-10.213206953120979,26.391138272524746,46.03231529247335,31.851716656592817,-11.688225159289592,-3.1803181518718064,0.9836350661690644,-13.226737258014229,3.3826104345499868,-11.595128624128295,0.2619688515002718,11.434311991229837,22.416732240629923,15.972259264803098,11.932106745807273,-15.193758842408332,9.05437051502147,1.8271466020737535,-11.533131835442251,-35.66272227652512,21.619923467889603,-18.70485970517722,-10.316699486387808,18.875441537233748,-8.313796222646811,-2.791605971762628,-23.118518698959786,-13.590803998207699,-7.87361101102796,4.638798499284861,-10.431614893808677
-0.6959895484128276,9.118285744892368,-0.8899842797873052,1.890630493269034,-4.909089551847234,22.63321526572399,-8.226809605546146,18.623379559656346,-7.445622571109396,20.274872156729398,-6.22921454715576,-7.550913422648135,3.301444056480377,5.132698110220292,-7.292526283843087,18.801678692193335,32.78233118051149,22.685231892207316,-8.29837843949476,-2.270135162495229,0.7100406534386476,-9.437554712224786,2.3973924493450647,-8.256530163725607,0.182074323766993,8.142750414275964,15.972259264803098,11.383845473284145,8.500011575971287,-10.84743722137146,6.44297048732914,1.30332274294702,-8.214931498345,-25.411543941754758,15.389172699189242,-13.319817386033076,-7.364279865441433,13.44613367597374,-5.903112151732291,-1.9983414282630567,-16.484519183494243,-9.67075208663357,-5.6248792722894185,3.312038581220754,-7.425868688755005
-0.526480775111241,6.805233568151946,-0.6206796095802557,1.3087613962706555,-3.8351920091206,16.894903285242535,-6.243997731464781,13.932425574080238,-5.526638283773692,15.10696023442571,-4.68491410290635,-5.605093352052855,2.5298694982933574,3.80753479671475,-5.371953572173775,14.067234962307971,24.601421308517622,17.02095284502693,-6.367087611183102,-1.670891337483776,0.48813338984010424,-6.992728796969464,1.859852308474938,-6.201344718195647,0.15318309707947855,6.114657718733352,11.932106745807273,8.500011575971287,6.361097161177763,-8.002131900477131,4.862950706555901,0.9657837975277589,-6.159601416292307,-18.998292437331592,11.592742560075013,-9.998798684665152,-5.433901009772149,10.06833311297787,-4.527140824322616,-1.4431311938584988,-12.272424784038522,-7.306638611608805,-4.124954779683574,2.4343142951796986,-5.588339385172751
0.616468970145684,-8.74117714097491,1.262463372756505,-2.707010051902165,3.185103772321072,-21.60989452783151,6.905410655727207,-17.51082868425095,7.349276524684402,-19.638712879867228,5.654129355448739,7.482998394017722,-2.5433029853281575,-5.082254110493098,7.583448949519295,-17.686053182835497,-30.1946878308809,-20.877981367013586,6.415001597413978,2.4277476304820023,-0.99532922433411,9.421997027037403,-1.6893492735954865,7.55763984449093,-0.06082618727151302,-7.453125215588384,-15.193758842408332,-10.84743722137146,-8.002131900477131,11.177995412278353,-5.72434895170292,-1.2948343498130968,7.570738766453355,24.000574479055917,-13.809184126345865,12.25877822668349,7.594958773514806,-12.596386018979372,4.576807200444216,2.3650049036867404,15.98338962489071,8.447953017169226,6.042664934732909,-3.5427248498675783,6.67101884442065
-0.4192122406106105,5.139718836935641,-0.3060958360173808,0.626745011132564,-3.5097908393034585,12.78947789137309,-5.103992081977114,10.653791368769532,-4.082693415151322,11.326509263665695,-3.666392383730377,-4.131167190257176,2.1564110045354696,2.8057514464257074,-3.8141477312810443,10.755884985545848,19.07259167162786,13.197469216946496,-5.430019424111697,-1.1654759314851362,0.23628713417459382,-5.121707714337892,1.652010266195605,-4.826240961864107,0.165039472387742,4.757656297080882,9.05437051502147,6.44297048732914,4.862950706555901,-5.72434895170292,3.8597353250817887,0.7089918439164171,-4.768130736058537,-14.485693981486257,9.13771340548386,-7.7573473983493395,-3.8856662691939703,7.722752324174973,-3.855303098092355,-0.9120416567851645,-9.186474427191785,-5.84694837096503,-2.8536840543602566,1.6938907993151282,-4.395921356419783
-0.07612869087976204,1.0456213118877005,-0.1258155781333351,0.27198841760222586,-0.4704080322172588,2.5940148348866945,-0.8879193378349075,2.118775960926377,-0.8702777585855364,2.3380915019257524,-0.6951705884650717,-0.8829336163404397,0.3438298834681851,0.6018841721965478,-0.8750775365968042,2.1387499322627272,3.6877216187046646,2.5538755787078578,-0.8576054745386534,-0.2721871306771885,0.10471511572534282,-1.1108037643099151,0.23643610520875744,-0.9259429734938812,0.011370527215645387,0.9138827589201497,1.8271466020737535,1.30332274294702,0.9657837975277589,-1.2948343498130968,0.7089918439164171,0.15380429006543486,-0.927837126912469,-2.8979166274177595,1.706483335283697,-1.496622260167575,-0.8786030516440642,1.5245722361561063,-0.6114122976602687,-0.2547795476139528,-1.907880072237053,-1.0612604261610716,-0.6845261996291123,0.3998676566059288,-0.82798306006244
0.5126587659159478,-6.5570166789070745,0.5076757350423949,-1.0817831204668817,4.007530374702645,-16.32165223848958,6.239875498541339,-13.517021748819795,5.302457719078284,-14.522557983826651,4.579160667888282,5.362002342240975,-2.5812245603694866,-3.6519069090548903,5.070615258686339,-13.640304003569891,-23.97648312564401,-16.607805479564817,6.4495824439047436,1.5417297435107746,-0.42551615962048006,6.690462137961448,-1.9087318621809135,6.053596068436818,-0.1567847878745367,-5.974584693161015,-11.533131835442251,-8.214931498345,-6.159601416292307,7.570738766453355,-4.768130736058537,-0.927837126912469,6.022018332893597,18.410730623160536,-11.362445118031124,9.741221096814792,5.136002877359893,-9.76544578911874,4.586108279143732,1.2887643410685083,11.825545026097187,7.222216770409314,3.840357255381227,-2.2591021895470895,5.494528121673959
1.5643593586777345,-20.33859484046153,1.879216798041253,-3.9876080228237893,11.341671240451404,-50.51376097757499,18.6086023405184,-41.635641215244924,16.55806069849744,-45.173546502527145,13.976717981862407,16.783397051874275,-7.529107794928205,-11.412254496491435,16.11908565833565,-42.032124913833115,-73.44764601807314,-50.833435676141754,18.90575231786006,4.993817456736203,-1.508457407771478,20.963026585616785,-5.501392739956386,18.510484380219427,-0.4316255475838152,-18.25694596293725,-35.66272227652512,-25.411543941754758,-18.998292437331592,24.000574479055917,-14.485693981486257,-2.8979166274177595,18.410730623160536,56.78543325353366,-34.56939381025442,29.84393190135609,16.292156696245534,-30.070916405098465,13.446750084152537,4.338807421526532,36.73448428861221,21.786957216875923,12.379058015888154,-7.290455490284584,16.686108630262293
-0.9894965251813531,12.276168982023298,-0.7869088379281622,1.637818387246464,-8.150060699239413,30.554211334692106,-12.061945529366785,25.41381818643333,-9.802852454720282,27.090240053771975,-8.708252609173153,-9.915062728920933,5.069854309331757,6.740916271248283,-9.2140984541303,25.65227991711703,45.380450254963016,31.41402793668569,-12.732645306580423,-2.807117512555829,0.6303674100881994,-12.317110511386412,3.846102117972707,-11.476881222344092,0.36470227828057133,11.318160907102975,21.619923467889603,15.389172699189242,11.592742560075013,-13.809184126345865,9.13771340548386,1.706483335283697,-11.362445118031124,-34.56939381025442,21.677221415455215,-18.45052237635853,-9.370770822917361,18.40150562539963,-9.043598635707243,-2.2382415761487784,-22.0008048296957,-13.850139431160125,-6.914581156354912,4.091322127391789,-10.446404705497418
0.8398644221313255,-10.644793510007103,0.8320079910270275,-1.7472791824618314,6.510190108856554,-26.46088856880551,10.09999620079963,-21.911539977566125,8.577514245553246,-23.563718621739643,7.435102942796795,8.687115956963057,-4.1682939232829925,-5.904801395827333,8.206403945653218,-22.119844925349273,-38.89905454609471,-26.921383462346604,10.476937730730254,2.5261169493556577,-0.6618848478928192,10.81722366208068,-3.1126126277699453,9.821181844954454,-0.2748727494328592,-9.684412622518645,-18.70485970517722,-13.319817386033076,-9.998798684665152,12.25877822668349,-7.7573473983493395,-1.496622260167575,9.741221096814792,29.84393190135609,-18.45052237635853,15.812337186990844,8.321233731487714,-15.848773432587743,7.445783002355212,2.105208747210333,19.142701392988368,11.708134103622058,6.233651875926351,-3.6819542436153156,8.895110440096166
0.4187633970296317,-5.936294437325391,0.8625712900280643,-1.8454380487768833,2.149604865234187,-14.671570434089553,4.677293015410462,-11.88640178517373,4.989399633371622,-13.33820966332185,3.8370194186527558,5.08258271803185,-1.7194890862087904,-3.4498857035336914,5.15345374087131,-12.00661580829287,-20.493343679738427,-14.166947865806602,4.342996387639723,1.653998593869335,-0.6747469249258348,6.397051878254624,-1.142888099219843,5.128984412234432,-0.04296258783695996,-5.057552179488458,-10.316699486387808,-7.364279865441433,-5.433901009772149,7.594958773514806,-3.8856662691939703,-0.8786030516440642,5.136002877359893,16.292156696245534,-9.370770822917361,8.321233731487714,5.161976636973954,-8.55221335160663,3.0983884271595916,1.6112491478697097,10.850965156803168,5.727914748150352,4.109560925709387,-2.4116876735485384,4.5241917668467675
-0.8357052548839725,10.759955815392761,-0.94951179560654,2.0021546404117436,-6.17931198592346,26.723487006808465,-9.949283088880534,22.057324800612488,-8.725170832618476,23.87178099297862,-7.4317895284757505,-8.8450901379431,4.04884270535158,6.010796533613012,-8.451030196804782,22.269555735515112,38.99445836968427,26.982304723838954,-10.183834875212257,-2.620360875917943,0.7514249767501775,-11.032151820806178,2.9856797162212945,-9.832875222659142,0.24825750210168102,9.695795020430701,18.875441537233748,13.44613367597374,10.06833311297787,-12.596386018979372,7.722752324174973,1.5245722361561063,-9.76544578911874,-30.070916405098465,18.40150562539963,-15.848773432587743,-8.55221335160663,15.942922481162508,-7.24076134804829,-2.2470097145489576,-19.396329800832802,-11.61733179057315,-6.4728771122465165,3.8193594145153518,-8.872545903605973
0.4176562085169598,-4.66016309441319,-0.05766503536086472,0.14969193938146205,4.408444787658828,-11.683880450430088,5.4357865121847135,-9.952004112031382,3.546721373308312,-10.111681218829515,3.5802444650953005,3.5572133251999536,-2.4681925427334725,-2.4260735342543307,2.9919925052774508,-10.036636219835694,-18.29925398939735,-12.687964361226182,6.164089954830968,0.8412699969596943,0.024193860533123335,4.363964807107571,-1.9830490548138489,4.667637768131468,-0.230858958517162,-4.605355705234454,-8.313796222646811,-5.903112151732291,-4.527140824322616,4.576807200444216,-3.855303098092355,-0.6114122976602687,4.586108279143732,13.446750084152537,-9.043598635707243,7.445783002355212,3.0983884271595916,-7.24076134804829,4.369223037586323,0.4576433835849036,8.21069307362036,5.974173797572945,2.062474297005026,-1.2306182819853357,4.360003200402067
0.10012281460330152,-1.6358085843107317,0.3907914783980804,-0.8325654784556847,0.0369389760586774,-3.9956361266727356,0.9167919854395794,-3.1361307266147516,1.439599052087898,-3.744135994437876,0.9416056205257683,1.4825523960325533,-0.23665335440785196,-1.0002177869504512,1.6263359540603084,-3.1742581322678225,-5.185145329548122,-3.5685349778951707,0.6352922135118564,0.5575082955315533,-0.2894492306621276,1.8816004580446632,-0.0977977709376146,1.2796535456232287,0.021472663253513824,-1.257850113677024,-2.791605971762628,-1.9983414282630567,-1.4431311938584988,2.3650049036867404,-0.9120416567851645,-0.2547795476139528,1.2887643410685083,4.338807421526532,-2.2382415761487784,2.105208747210333,1.6112491478697097,-2.2470097145489576,0.4576433835849036,0.6142468634211714,3.0330138523398387,1.2700095656405517,1.3703890068637323,-0.8050886474840757,1.0722208715750117
0.988898733443555,-13.214446422325972,1.4167684435160037,-3.028664595530883,6.628525183123875,-32.790359588754924,11.623947977205633,-26.895931979357936,10.871881179973826,-29.45330102643562,8.92616674391685,11.02906795431602,-4.5971477214925365,-7.501348206373231,10.769360230556241,-27.15228469528421,-47.12995714004381,-32.61884850402223,11.533079524326242,3.3589914637298635,-1.1428216152102337,13.817217812383845,-3.2738448017760473,11.85504090778425,-0.21794616112644083,-11.695569791959372,-23.118518698959786,-16.484519183494243,-12.272424784038522,15.98338962489071,-9.186474427191785,-1.907880072237053,11.825545026097187,36.73448428861221,-22.0008048296957,19.142701392988368,10.850965156803168,-19.396329800832802,8.21069307362036,3.0330138523398387,23.97397560513485,13.761437718082801,8.359180765487363,-4.910318037515147,10.631598141908382
0.6315055645167775,-7.6938816982053435,0.373298603703937,-0.7771371830259213,5.536819236085029,-19.18933274278692,7.851042082721969,-16.03823125110611,6.097588101217776,-16.925738487586525,5.5472779768503955,6.152522891676805,-3.3631621985481037,-4.190164124249575,5.617654741522001,-16.182764459890596,-28.800330596533048,-19.951864582668247,8.413415410488664,1.6771577758266982,-0.3198541937677449,7.633488339806001,-2.5770271441113093,7.296729180919301,-0.2513345423920155,-7.199239369303453,-13.590803998207699,-9.67075208663357,-7.306638611608805,8.447953017169226,-5.84694837096503,-1.0612604261610716,7.222216770409314,21.786957216875923,-13.850139431160125,11.708134103622058,5.727914748150352,-11.61733179057315,5.974173797572945,1.2700095656405517,13.761437718082801,8.920736624054696,4.149766103193743,-2.452784924320877,6.684880633662462
0.3089568911595946,-4.553492584281822,0.7825926058623427,-1.6728367803477,1.20842069583654,-11.21751773433964,3.294155793722932,-9.008184293006607,3.879604581469679,-10.285684668464794,2.8514431861077156,3.9642947676012894,-1.1319054693678283,-2.6866720203232464,4.1172563366841155,-9.10412977124283,-15.353864742842488,-10.602497197423368,2.8859821327564457,1.3481726428270329,-0.601115059339279,5.003102274123781,-0.7040210987912681,3.828349963902273,-0.005695227631315408,-3.7721498111141663,-7.87361101102796,-5.6248792722894185,-4.124954779683574,6.042664934732909,-2.8536840543602566,-0.6845261996291123,3.840357255381227,12.379058015888154,-6.914581156354912,6.233651875926351,4.109560925709387,-6.4728771122465165,2.062474297005026,1.3703890068637323,8.359180765487363,4.149766103193743,3.3409664962403838,-1.9604691901988576,3.332907192415121
-0.1845409395145105,2.684244116536086,-0.45876429655186535,0.9713984578527199,-0.7341615953095518,6.6045203629681994,-1.9463866886242371,5.306694872466114,-2.275113535079123,6.057998215752652,-1.6853873972954991,-2.328894123803124,0.6697691775858944,1.5740373716948342,-2.412635019124768,5.36582556723494,9.06208884181158,6.250941754325395,-1.723768777945093,-0.7985469740037793,0.3406730194657098,-2.9312825835074614,0.42674247787162517,-2.2601302559158425,0.011175396179475392,2.2252548060615913,4.638798499284861,3.312038581220754,2.4343142951796986,-3.5427248498675783,1.6938907993151282,0.3998676566059288,-2.2591021895470895,-7.290455490284584,4.091322127391789,-3.6819542436153156,-2.4116876735485384,3.8193594145153518,-1.2306182819853357,-0.8050886474840757,-4.910318037515147,-2.452784924320877,-1.9604691901988576,1.1558716862138008,-1.9639298210024532
0.4739596328791034,-5.91747719169251,0.3748635683319573,-0.7929109500772326,3.927598995942598,-14.744530724178793,5.830031090629699,-12.266375989935776,4.740131088939107,-13.06310161617446,4.197762588542625,4.78807620808385,-2.455025920442021,-3.2620560571334645,4.453215051520292,-12.377484068226451,-21.88787580816463,-15.16314748828283,6.13558214263412,1.3408121690900052,-0.31893044930271536,5.959110915550464,-1.8480295101864146,5.535785029020013,-0.16574147729780322,-5.462381443768027,-10.431614893808677,-7.425868688755005,-5.588339385172751,6.67101884442065,-4.395921356419783,-0.82798306006244,5.494528121673959,16.686108630262293,-10.446404705497418,8.895110440096166,4.5241917668467675,-8.872545903605973,4.360003200402067,1.0722208715750117,10.631598141908382,6.684880633662462,3.332907192415121,-1.9639298210024532,5.049218630045507
