V1,V2,V3,V4,V5,V6,V7,V8,V9,V10,V11,V12,V13,V14,V15,V16,V17,V18,V19,V20,V21,V22,V23,V24,V25,V26,V27,V28,V29,V30,V31,V32,V33,V34,V35,V36,V37,V38,V39,V40,V41,V42,V43,V44,V45
3.0984136985916644,-0.931149869361167,2.304931480899695,-0.06998563758930625,0.6964229404660007,-2.1575395046409547,1.542767535666135,0.8322597636357585,-0.03647200309250465,-3.8586574120783648,1.7178244272454541,-2.1859620717623054,0.15454310378362873,0.5509062620492639,-0.045468289758816595,1.2630401669413365,0.6458235118127336,3.4543465450696176,1.7550475244490735,1.5981569245952632,-1.183232892413195,0.9948054982581225,-0.9452358690713407,0.1853903183510503,-0.47157559991715303,-3.118174886445731,3.5599455889434966,0.9151183230153699,-0.8089069134513325,-0.8893238026694914,2.4296405223139312,0.5071295738928231,-3.543773105520222,1.5792320718963773,2.093846440058471,-0.8833169309718768,0.7508809792218261,-0.9864088164062993,-3.1439657635958578,0.37406318228048624,-0.02126730116785575,-0.5917676644185159,-0.03070588199479645,-4.910785431461487,2.537690475668968
-0.931149869361167,1.0541220235263349,-0.7591501163272557,0.45882242335752654,0.19982127709768563,0.7155423459720006,-0.9252895400577845,0.5153567514434827,0.007412309639142531,3.7773364237527893,0.7804832919850798,0.47575835499651903,0.00941196222791583,-0.3572515196654472,0.35129966658937867,-1.1808912250919419,0.24622308249578492,-2.1295856919022387,-1.2040393092145951,-2.150465125957742,-0.2584032790369416,-0.5033138813402004,0.2911623242159801,0.18968153960047973,0.6224405682260402,1.020642011599285,-0.617898354325323,1.1929722561803544,-0.20714280520920142,0.9249236862170818,-0.6698610585799357,0.040183251435695067,1.5300917800646872,-0.5591806399836385,-2.6344575795909413,-0.010832763901682294,-0.2901930335013968,0.20574498154749618,0.9575072261526297,-0.46544007612215477,0.152101533825182,-0.3712438581005136,0.2039115463387721,2.690390482940669,-0.6799808600379899
2.304931480899695,-0.7591501163272557,1.7308236766033562,-0.08088961770734746,0.4892209873696109,-1.6090593621070495,1.187713574227134,0.555478921925145,-0.026726432065047573,-3.0992553009439465,1.1743872975541085,-1.6089063275047428,0.11022579327246884,0.4235168659106048,-0.06239034308336934,1.0068293962129988,0.43689985210547544,2.6712557517647655,1.366754033530954,1.3318062058953921,-0.8260393109594583,0.7645444274155461,-0.7129393694425661,0.12171850003321305,-0.3855650476139131,-2.3319645484420675,2.6058341372477605,0.5345444050639645,-0.5673611707214062,-0.7203864859277642,1.8283562073541906,0.3688960839410973,-2.691646989129348,1.1952914705302822,1.7282945628027135,-0.6496904727400471,0.5582686425495087,-0.723632663364116,-2.361688262304809,0.31322168538121986,-0.031361060312891306,-0.3980124475276412,-0.037411433524853564,-3.7812459275843024,1.8785440926599553
-0.06998563758930625,0.45882242335752654,-0.08088961770734746,0.2641636226051514,0.22176385830006304,0.0932321244672873,-0.29853899351757224,0.4125486185886713,0.0044108115804526666,1.570919383741229,0.7054013944634322,-0.05098792489902084,0.027848807775304813,-0.13160910432642098,0.1912729269185998,-0.4804923534095903,0.2261423020914617,-0.6833861361219774,-0.41560864760254085,-0.9780112459806231,-0.3241194259544057,-0.12857169026779178,0.018059746541764118,0.13888676476926518,0.2912273640733436,0.11261644430601912,0.17120488586625524,0.7847767038011746,-0.2475525263603863,0.38601958949026577,0.01319359274240133,0.10575814231055612,0.32383868461207777,-0.0681920580342483,-1.1919756385824034,-0.1529621573946783,-0.0645686620644568,-0.03489635608644967,0.05330807102336569,-0.2085612108141368,0.08029654329651989,-0.29570120570741787,0.1173339361071047,0.769326169576719,-0.013941825691507582
0.6964229404660007,0.19982127709768563,0.4892209873696109,0.22176385830006304,0.38396508123842593,-0.44550035356319023,0.10078267901670669,0.5955278014521354,-0.013023677776491414,0.5293636664211484,1.0804513874577917,-0.5838807717618247,0.07974944509899398,0.02157724662385785,0.1768159349060419,-0.14223277606418847,0.3748634177368374,0.20238775713503188,0.03326979621779025,-0.5378348751050572,-0.5859624233726243,0.13369503330516172,-0.2162883420127158,0.18288671265880738,0.16126181900296233,-0.6626713668346588,1.022534963476444,0.9433277772552554,-0.42712081691799186,0.13598219349480553,0.6191650973871541,0.22568549266405435,-0.5580496371712818,0.321900785038076,-0.601033626766109,-0.36243487163788246,0.12691483883577603,-0.27107372028172566,-0.7284244365648612,-0.10383876414282515,0.07410019384486126,-0.42755567482602463,0.09385034563906731,-0.4899497710926858,0.6025993388703967
-2.1575395046409547,0.7155423459720006,-1.6090593621070495,0.0932321244672873,-0.44550035356319023,1.5152788871708374,-1.1182846258613626,-0.5110105266416336,0.03039441297296606,2.930950142765858,-1.0750756576741212,1.5085400512582274,-0.09537419870041558,-0.4040152629610076,0.06754288663110503,-0.9503018835492602,-0.4128087916993838,-2.5003601248977776,-1.2826870507756916,-1.2654019072007232,0.7703087097743858,-0.707516896022391,0.6606367881507726,-0.10435949092783892,0.3764079467895939,2.1771084231507056,-2.444922046205528,-0.5205761411111548,0.51540519786448,0.6738081684022117,-1.670638474597883,-0.3306794467266031,2.503907366212515,-1.1020767808773506,-1.6469959925858626,0.583822821707959,-0.5329142344325309,0.671446518795594,2.1822887624453955,-0.2938062658298325,0.028604973088153858,0.3641667813177794,0.04119843053449468,3.520193259216377,-1.762709110749039
1.542767535666135,-0.9252895400577845,1.187713574227134,-0.29853899351757224,0.10078267901670669,-1.1182846258613626,1.0467904534478507,-0.04354888789489813,-0.019331527400539658,-3.494474631961849,0.07753886572968098,-0.9817724545011928,0.03805018596352859,0.38994560753858587,-0.22929330738276313,1.107451268137693,0.058653756369228115,2.3726710278822876,1.2796367674767237,1.7973932708804194,-0.22318130315979787,0.6155293739867626,-0.47735622697332714,-0.05637554320585236,-0.5254693501095246,-1.6014646071680618,1.506801446687516,-0.41462631139643313,-0.12921718113512684,-0.8331697667627556,1.1656523414996527,0.13486368650634628,-2.041834935479949,0.8358076901906836,2.2475618664785997,-0.27149674393483547,0.4141388251746502,-0.4318723725755591,-1.5707423009817567,0.39885247852395567,-0.09876742420469312,0.03318211271975587,-0.13265016147385633,-3.1693278900459676,1.2163275186952087
0.8322597636357585,0.5153567514434827,0.555478921925145,0.4125486185886713,0.5955278014521354,-0.5110105266416336,-0.04354888789489813,0.9881075712727344,-0.013868797440046533,1.5644837101815625,1.7497692079283198,-0.7644801427379324,0.10666007646086131,-0.0350075131142866,0.3317340627930976,-0.4580810503030031,0.6125822223952089,-0.15881970922441446,-0.20506694777898016,-1.2363815300373289,-0.9191739686395152,0.06460521432986618,-0.24603143865349653,0.2969136765232048,0.35320584271704614,-0.7560196470223549,1.3972493128085794,1.6938062881848321,-0.6634005704321544,0.4133339956397643,0.7178506984221433,0.33211116926272516,-0.4887941372662077,0.3407610734054584,-1.4270358808840562,-0.5169353464038169,0.14084916220870367,-0.3532456881606872,-0.8336065683432725,-0.2460035827821372,0.13985075603017008,-0.7107104435993689,0.181417833290226,-0.11357813402027195,0.7618674743229765
-0.03647200309250465,0.007412309639142531,-0.026726432065047573,0.0044108115804526666,-0.013023677776491414,0.03039441297296606,-0.019331527400539658,-0.013868797440046533,0.009906618144694953,0.040386965868820755,-0.021352201478569054,0.026602646346150755,-0.007124782438154207,-0.01055598747280784,-4.8596706069191803e-4,-0.010548126420303382,-0.01044991249886129,-0.03525609042119148,-0.01500255367971428,-0.007196094578035043,0.012544232201739194,-0.02019153316573083,0.016707418048566583,-0.00753354425886718,0.0019319895655482337,0.03739152535854204,-0.03711259613704474,-0.0041287289862989825,0.005703254620358996,0.013323850557578535,-0.03593188715360389,-0.006092336872796873,0.035560469579263926,-0.018014029304489938,-0.023111058826314427,0.012515168799104442,-0.009148879685396403,0.004570215383339606,0.0447487857615348,-0.003272607877572814,-0.001927463449414725,0.011419001986002623,0.005980062524768784,0.06218225581870036,-0.02440311855795181
-3.8586574120783648,3.7773364237527893,-3.0992553009439465,1.570919383741229,0.5293636664211484,2.930950142765858,-3.494474631961849,1.5644837101815625,0.040386965868820755,13.72207690822591,2.265196621923628,2.116452861459608,0.03678487022559899,-1.331206002031216,1.2302021932790534,-4.290248480426315,0.6915951050299451,-8.01025677519095,-4.493572530910086,-7.680802824901631,-0.5942300666104264,-1.9168106285359385,1.2124793320313711,0.614743137992498,2.2329663643560256,4.163104507185114,-2.9326454740134933,3.7918035349217263,-0.5341488447301118,3.3201856880275944,-2.783039895518068,0.0339851781276866,5.997632953505195,-2.25173444179293,-9.433109816136321,0.15166177301268968,-1.1580153518932599,0.903123617331398,3.945498377809782,-1.6701305309524337,0.5295732369963535,-1.126228133360313,0.6939602135919739,10.226272449758689,-2.8961665493211295
1.7178244272454541,0.7804832919850798,1.1743872975541085,0.7054013944634322,1.0804513874577917,-1.0750756576741212,0.07753886572968098,1.7497692079283198,-0.021352201478569054,2.265196621923628,3.1402116340422803,-1.511685575510902,0.1911410504920689,-0.01861492088444473,0.5512510834842089,-0.6459630486037702,1.093054364494911,0.08803042182559338,-0.1632141899575814,-1.9255306098226166,-1.681757454273999,0.21736478310281257,-0.5158711696864601,0.5222536693574555,0.5560266138783102,-1.5936087694251158,2.7202955192221294,2.94158231175202,-1.2142768454690787,0.6043946149363647,1.4825037508399916,0.6158277283792791,-1.1966691815510173,0.7458233611124231,-2.2167377188396613,-0.9715934501027487,0.3011324891141176,-0.7042014647886541,-1.7435943187676175,-0.3833407915335963,0.23265207207915348,-1.2542999614123154,0.31171466329734626,-0.7055282442500824,1.5401627317488835
-2.1859620717623054,0.47575835499651903,-1.6089063275047428,-0.05098792489902084,-0.5838807717618247,1.5085400512582274,-0.9817724545011928,-0.7644801427379324,0.026602646346150755,2.116452861459608,-1.511685575510902,1.586458184758671,-0.11634719537234658,-0.3439437747779948,-0.042951577890612616,-0.7044962423562503,-0.559274737012467,-2.181862700573903,-1.0818095566755934,-0.7421200591558552,0.9800913978820555,-0.649201443531486,0.6638499960141941,-0.18444167015839125,0.22454531565469318,2.1787117069166673,-2.6228165586223517,-1.0002444484536843,0.673207233178145,0.47053887371563535,-1.7156361557758353,-0.3992726275827955,2.389428949155201,-1.0912373850767718,-1.0133853137512312,0.6821388240235429,-0.5173023062619656,0.71586439637309,2.207370201746799,-0.18178449478996062,-0.018286785088159514,0.544529957885876,-0.024290588742625782,3.17371185283647,-1.8129845846792243
0.15454310378362873,0.00941196222791583,0.11022579327246884,0.027848807775304813,0.07974944509899398,-0.09537419870041558,0.03805018596352859,0.10666007646086131,-0.007124782438154207,0.03678487022559899,0.1911410504920689,-0.11634719537234658,0.04818680740945943,0.019422823437801683,0.04534207335200745,-0.0011688725421653732,0.06803062320372115,0.08322867442571821,0.022578570749180786,-0.07735445230418074,-0.09262382609372304,0.05949529839011121,-0.04803999954103952,0.04557798159405913,0.030562036836226398,-0.15468319036058356,0.17947280928716242,0.10306688567919896,-0.08275152666110082,-0.014277293382506849,0.17408745426757688,0.0514587964855473,-0.1354594156299409,0.0782048573073833,-0.06695571480596023,-0.08089662179270743,0.026237494506056537,-0.0612250698083689,-0.18306862045645644,-0.013538000080528018,0.017902803142638816,-0.07621738767644591,0.004510490951551573,-0.17553434454924177,0.11291840445058902
0.5509062620492639,-0.3572515196654472,0.4235168659106048,-0.13160910432642098,0.02157724662385785,-0.4040152629610076,0.38994560753858587,-0.0350075131142866,-0.01055598747280784,-1.331206002031216,-0.01861492088444473,-0.3439437747779948,0.019422823437801683,0.1577488964512473,-0.0848445642680721,0.41832322494501684,0.013158500016072027,0.8722900080180132,0.4703614231808425,0.6869942865888148,-0.051266251280006114,0.2207507803624557,-0.16594711581236,-0.02739988279734688,-0.20561061154812643,-0.5730382827438222,0.5201412073787977,-0.18756702025079708,-0.024735388538360572,-0.3152233296510626,0.3993262058130039,0.04127304010973164,-0.7321881403241742,0.2932256896604412,0.8736380062439767,-0.08355850703380979,0.15885065737382373,-0.14616380746711632,-0.548546053745085,0.15771543813321617,-0.037939698581807395,0.022380877290297554,-0.060084281586395734,-1.1539825399324504,0.4322863550488924
-0.045468289758816595,0.35129966658937867,-0.06239034308336934,0.1912729269185998,0.1768159349060419,0.06754288663110503,-0.22929330738276313,0.3317340627930976,-4.8596706069191803e-4,1.2302021932790534,0.5512510834842089,-0.042951577890612616,0.04534207335200745,-0.0848445642680721,0.16744533185394098,-0.3746923851261262,0.1876570583537155,-0.5386783487577939,-0.33433978719163804,-0.778913988699069,-0.24194192869309297,-0.09693180633868904,0.020596387849524927,0.11461708502718855,0.2278751848028406,0.07970286690231583,0.1287509488552781,0.6086606659301509,-0.19156036605398305,0.29553334309107404,0.011935045919197827,0.08584389966947609,0.2615670885312215,-0.05882513485224568,-0.9252772147385786,-0.11818891415164208,-0.03953716675682291,-0.029572829332507242,0.04328272360491555,-0.1609784171950823,0.06885228252489395,-0.23997150080782942,0.08144397322130363,0.6038490469249093,-0.009358244098006794
1.2630401669413365,-1.1808912250919419,1.0068293962129988,-0.4804923534095903,-0.14223277606418847,-0.9503018835492602,1.107451268137693,-0.4580810503030031,-0.010548126420303382,-4.290248480426315,-0.6459630486037702,-0.7044962423562503,-0.0011688725421653732,0.41832322494501684,-0.3746923851261262,1.3480307633057749,-0.19477137724845311,2.543108496101158,1.4210802407781498,2.3897992704329103,0.14882918786935748,0.6179729202995459,-0.39344790936715246,-0.1811875723243725,-0.6923661339597099,-1.3570784911054277,0.9867385766265685,-1.1448267771826797,0.13683268173002205,-1.0448579080403972,0.9253359418413143,0.003809025533251168,-1.928055121103748,0.7309419066447324,2.9331285561778606,-0.07026111477043928,0.37082390990479663,-0.3095188927877329,-1.2936990725530986,0.5157607840179327,-0.16048233991252606,0.3332884392896468,-0.21204222682946788,-3.262690354883519,0.9497265324462287
0.6458235118127336,0.24622308249578492,0.43689985210547544,0.2261423020914617,0.3748634177368374,-0.4128087916993838,0.058653756369228115,0.6125822223952089,-0.01044991249886129,0.6915951050299451,1.093054364494911,-0.559274737012467,0.06803062320372115,0.013158500016072027,0.1876570583537155,-0.19477137724845311,0.3922434048936474,0.08867981628200654,-0.0253035632240909,-0.6241158102794044,-0.5930804787302305,0.08376627396314809,-0.18658323874224503,0.17648722049250418,0.171861583723582,-0.5991587602651143,0.9997629779176982,1.0421146506204755,-0.4203610182675497,0.1934608108858608,0.5213665091350158,0.2120351310191597,-0.46080775692839987,0.2709688661835594,-0.7040850417943924,-0.33282718536578493,0.12725107429538038,-0.2558130137715944,-0.6312305679960191,-0.12285380909419391,0.08074442126545087,-0.4388090546624185,0.10081668619048316,-0.3106102006621528,0.5782577993535574
3.4543465450696176,-2.1295856919022387,2.6712557517647655,-0.6833861361219774,0.20238775713503188,-2.5003601248977776,2.3726710278822876,-0.15881970922441446,-0.03525609042119148,-8.01025677519095,0.08803042182559338,-2.181862700573903,0.08322867442571821,0.8722900080180132,-0.5386783487577939,2.543108496101158,0.08867981628200654,5.40851515982651,2.923629200813651,4.152547317158874,-0.4602064566211797,1.4085467814672492,-1.075712567127344,-0.13849486156167856,-1.2002617507969735,-3.5987221854822775,3.3325541510329986,-1.071582363162477,-0.27117447950677276,-1.9262297487026923,2.6496589904888603,0.29598488002423307,-4.62667087072062,1.8939684655146953,5.1661812969460845,-0.6058115781983133,0.9174204336335794,-0.9720038874027305,-3.5466744679945243,0.9146283250206733,-0.2336802796045508,0.1210404116993804,-0.30327842437849295,-7.222182290494728,2.7102821755656423
1.7550475244490735,-1.2040393092145951,1.366754033530954,-0.41560864760254085,0.03326979621779025,-1.2826870507756916,1.2796367674767237,-0.20506694777898016,-0.01500255367971428,-4.493572530910086,-0.1632141899575814,-1.0818095566755934,0.022578570749180786,0.4703614231808425,-0.33433978719163804,1.4210802407781498,-0.0253035632240909,2.923629200813651,1.5979496466267122,2.3846195470996454,-0.14149646361773557,0.7412092876233034,-0.5472121549759593,-0.1149516663974289,-0.6912807416422013,-1.83973774336248,1.6307284100635224,-0.7616150943483737,-0.06454979323507885,-1.0780394509259363,1.3227889914075142,0.11567193717704372,-2.4260215234492084,0.973568243575886,2.9475669746218225,-0.25834959368902544,0.4774298350687459,-0.47897861348844933,-1.7955766380392686,0.5211785034768448,-0.14412991900019498,0.15174653060263027,-0.18179221564443718,-3.85554837578794,1.3696868714305834
1.5981569245952632,-2.150465125957742,1.3318062058953921,-0.9780112459806231,-0.5378348751050572,-1.2654019072007232,1.7973932708804194,-1.2363815300373289,-0.007196094578035043,-7.680802824901631,-1.9255306098226166,-0.7421200591558552,-0.07735445230418074,0.6869942865888148,-0.778913988699069,2.3897992704329103,-0.6241158102794044,4.152547317158874,2.3846195470996454,4.468531735943239,0.7009321951894203,0.9376453527574801,-0.5043409291979724,-0.4509582408687818,-1.2980025195783311,-1.784728006708535,0.8887363235996066,-2.659036723091773,0.5623571729339696,-1.8668582968856051,1.0858385439062095,-0.1670514971927991,-2.8421759840112877,0.994391934280377,5.432776169795374,0.15646195647633857,0.5279092918534064,-0.30969347140429093,-1.6303887465899083,0.9577554307833175,-0.33353749676419925,0.8923560656981374,-0.4271206205880874,-5.148159874726448,1.1461967622105482
-1.183232892413195,-0.2584032790369416,-0.8260393109594583,-0.3241194259544057,-0.5859624233726243,0.7703087097743858,-0.22318130315979787,-0.9191739686395152,0.012544232201739194,-0.5942300666104264,-1.681757454273999,0.9800913978820555,-0.09262382609372304,-0.051266251280006114,-0.24194192869309297,0.14882918786935748,-0.5930804787302305,-0.4602064566211797,-0.14149646361773557,0.7009321951894203,0.9459250035732876,-0.21388824985697483,0.3547027224352408,-0.25977124110777217,-0.19722635418750006,1.1231335222512113,-1.7257018395246202,-1.5227730153840702,0.6668938355749724,-0.1833391027702014,-0.9678132766806102,-0.34239005983966675,0.9887244236404014,-0.5356442345930629,0.7878629425143551,0.5516464472307319,-0.23417554348368289,0.45205482550175596,1.1854237966681491,0.13922891717982874,-0.1052455329285551,0.654413059484818,-0.14740241652494088,0.912053384142603,-1.0387973766616407
0.9948054982581225,-0.5033138813402004,0.7645444274155461,-0.12857169026779178,0.13369503330516172,-0.707516896022391,0.6155293739867626,0.06460521432986618,-0.02019153316573083,-1.9168106285359385,0.21736478310281257,-0.649201443531486,0.05949529839011121,0.2207507803624557,-0.09693180633868904,0.6179729202995459,0.08376627396314809,1.4085467814672492,0.7412092876233034,0.9376453527574801,-0.21388824985697483,0.41589152406776947,-0.3227279982797663,0.015078694434080017,-0.25645067105203007,-1.033586052627008,0.9922119722609514,-0.17100983285904886,-0.15141205166300153,-0.48848118702939103,0.8418532081730713,0.12355940860052193,-1.2722365876430315,0.5483755670997729,1.1868638121920312,-0.23660323793629096,0.239491142567895,-0.29475653929423495,-1.068028116985652,0.20581620004364523,-0.0410948182245957,-0.04303152041158301,-0.0661909490901447,-1.9591329976286176,0.7682086128908657
-0.9452358690713407,0.2911623242159801,-0.7129393694425661,0.018059746541764118,-0.2162883420127158,0.6606367881507726,-0.47735622697332714,-0.24603143865349653,0.016707418048566583,1.2124793320313711,-0.5158711696864601,0.6638499960141941,-0.04803999954103952,-0.16594711581236,0.020596387849524927,-0.39344790936715246,-0.18658323874224503,-1.075712567127344,-0.5472121549759593,-0.5043409291979724,0.3547027224352408,-0.3227279982797663,0.30357933643880103,-0.06153752390643483,0.14030887207272058,0.9579412287315351,-1.072981910489268,-0.2320767108544534,0.24414036421920546,0.28740281167717424,-0.7763866563365498,-0.1587594471537349,1.1000709552193502,-0.49645678226332646,-0.660470311713426,0.2830929311249642,-0.2209652960960841,0.29422875534687026,0.9893665985510895,-0.11967121967232645,0.010162115567216889,0.1771120996765188,0.012001113322339716,1.5463297726109193,-0.7661090233491737
0.1853903183510503,0.18968153960047973,0.12171850003321305,0.13888676476926518,0.18288671265880738,-0.10435949092783892,-0.05637554320585236,0.2969136765232048,-0.00753354425886718,0.614743137992498,0.5222536693574555,-0.18444167015839125,0.04557798159405913,-0.02739988279734688,0.11461708502718855,-0.1811875723243725,0.17648722049250418,-0.13849486156167856,-0.1149516663974289,-0.4509582408687818,-0.25977124110777217,0.015078694434080017,-0.06153752390643483,0.10184977028679267,0.1380717336766155,-0.166067347772359,0.33715383533137955,0.4795758152547377,-0.1978561809335145,0.14208460790170413,0.20697282357959337,0.10099735889924603,-0.06888029365247504,0.07756069627688573,-0.5229642218053936,-0.15770779534050797,0.01671088723958226,-0.08896054659398744,-0.2125175234909532,-0.0917071419628939,0.047995917630065624,-0.21387736101975352,0.05617897275220339,0.06378531852114247,0.16486503643113673
-0.47157559991715303,0.6224405682260402,-0.3855650476139131,0.2912273640733436,0.16126181900296233,0.3764079467895939,-0.5254693501095246,0.35320584271704614,0.0019319895655482337,2.2329663643560256,0.5560266138783102,0.22454531565469318,0.030562036836226398,-0.20561061154812643,0.2278751848028406,-0.6923661339597099,0.171861583723582,-1.2002617507969735,-0.6912807416422013,-1.2980025195783311,-0.19722635418750006,-0.25645067105203007,0.14030887207272058,0.1380717336766155,0.3872122119861659,0.519299030069905,-0.281535282936307,0.7264376612151336,-0.1672645734018873,0.5291442763079051,-0.2812292586917843,0.05444971332418438,0.8195431938422965,-0.27943666370193376,-1.581784968502997,-0.05892709223170775,-0.16449201068146577,0.08940927982360311,0.4530850758604926,-0.2792630748954893,0.0962652008006617,-0.2550000446834182,0.12415757666612093,1.4687944570498281,-0.3488167979303965
-3.118174886445731,1.020642011599285,-2.3319645484420675,0.11261644430601912,-0.6626713668346588,2.1771084231507056,-1.6014646071680618,-0.7560196470223549,0.03739152535854204,4.163104507185114,-1.5936087694251158,2.1787117069166673,-0.15468319036058356,-0.5730382827438222,0.07970286690231583,-1.3570784911054277,-0.5991587602651143,-3.5987221854822775,-1.83973774336248,-1.784728006708535,1.1231335222512113,-1.033586052627008,0.9579412287315351,-0.166067347772359,0.519299030069905,3.151544361929684,-3.5264075530792067,-0.7406642470292896,0.7695924728880402,0.9722561188142641,-2.463488363392107,-0.4951883549789532,3.624253680700543,-1.6066172029985253,-2.3195587575480756,0.8709290195621756,-0.7574216858785303,0.9833185594942526,3.1832440381051628,-0.41484370153906314,0.037384710968415884,0.5383025147759541,0.051811439748799266,5.0930968533357355,-2.5394113460077126
3.5599455889434966,-0.617898354325323,2.6058341372477605,0.17120488586625524,1.022534963476444,-2.444922046205528,1.506801446687516,1.3972493128085794,-0.03711259613704474,-2.9326454740134933,2.7202955192221294,-2.6228165586223517,0.17947280928716242,0.5201412073787977,0.1287509488552781,0.9867385766265685,0.9997629779176982,3.3325541510329986,1.6307284100635224,0.8887363235996066,-1.7257018395246202,0.9922119722609514,-1.072981910489268,0.33715383533137955,-0.281535282936307,-3.5264075530792067,4.384813815313376,1.96844475885962,-1.1825993759907873,-0.6160139740601587,2.766221810209256,0.682980516264238,-3.7989180530766786,1.753386349300494,1.2557624691766438,-1.1548645869186345,0.8364743082564579,-1.1832288014432502,-3.5660450697907047,0.22985724134667282,0.0546191315093706,-0.9965724693520026,0.08493645994425812,-4.896622368263513,2.9851072909768015
0.9151183230153699,1.1929722561803544,0.5345444050639645,0.7847767038011746,0.9433277772552554,-0.5205761411111548,-0.41462631139643313,1.6938062881848321,-0.0041287289862989825,3.7918035349217263,2.94158231175202,-1.0002444484536843,0.10306688567919896,-0.18756702025079708,0.6086606659301509,-1.1448267771826797,1.0421146506204755,-1.071582363162477,-0.7616150943483737,-2.659036723091773,-1.5227730153840702,-0.17100983285904886,-0.2320767108544534,0.4795758152547377,0.7264376612151336,-0.7406642470292896,1.96844475885962,3.204824602497901,-1.0670529442488403,1.0364803551617106,0.673877841088258,0.48528852200068734,-0.13334219934231745,0.2618768429485857,-3.1481716410346117,-0.7247807333765381,0.13627987533445213,-0.45756303295023704,-0.7923237059910644,-0.5484603410125447,0.26401478838962594,-1.2138764018323014,0.3661876513481376,0.9736990977998019,0.9516003383680075
-0.8089069134513325,-0.20714280520920142,-0.5673611707214062,-0.2475525263603863,-0.42712081691799186,0.51540519786448,-0.12921718113512684,-0.6634005704321544,0.005703254620358996,-0.5341488447301118,-1.2142768454690787,0.673207233178145,-0.08275152666110082,-0.024735388538360572,-0.19156036605398305,0.13683268173002205,-0.4203610182675497,-0.27117447950677276,-0.06454979323507885,0.5623571729339696,0.6668938355749724,-0.15141205166300153,0.24414036421920546,-0.1978561809335145,-0.1672645734018873,0.7695924728880402,-1.1825993759907873,-1.0670529442488403,0.4861870124738064,-0.14238050498317065,-0.7025956503035917,-0.25300041825260594,0.6646779760313968,-0.37374612411062114,0.6386706158166154,0.4050970340697848,-0.14883991781875172,0.3201435008650322,0.8337530347093647,0.11163147359451453,-0.08028758206001008,0.47283598591044335,-0.10946091530753896,0.5945721215062243,-0.7039183172406547
-0.8893238026694914,0.9249236862170818,-0.7203864859277642,0.38601958949026577,0.13598219349480553,0.6738081684022117,-0.8331697667627556,0.4133339956397643,0.013323850557578535,3.3201856880275944,0.6043946149363647,0.47053887371563535,-0.014277293382506849,-0.3152233296510626,0.29553334309107404,-1.0448579080403972,0.1934608108858608,-1.9262297487026923,-1.0780394509259363,-1.8668582968856051,-0.1833391027702014,-0.48848118702939103,0.28740281167717424,0.14208460790170413,0.5291442763079051,0.9722561188142641,-0.6160139740601587,1.0364803551617106,-0.14238050498317065,0.8356130231527436,-0.6973904647152814,0.011757438449511878,1.4181170001095058,-0.5367389480595778,-2.292904471291255,0.0335966224539542,-0.25718480452506093,0.20959553838282718,0.9485040958642261,-0.39985631672497823,0.12637182755881865,-0.30068778792912326,0.17723831327982612,2.481372728463137,-0.6405277427592977
2.4296405223139312,-0.6698610585799357,1.8283562073541906,0.01319359274240133,0.6191650973871541,-1.670638474597883,1.1656523414996527,0.7178506984221433,-0.03593188715360389,-2.783039895518068,1.4825037508399916,-1.7156361557758353,0.17408745426757688,0.3993262058130039,0.011935045919197827,0.9253359418413143,0.5213665091350158,2.6496589904888603,1.3227889914075142,1.0858385439062095,-0.9678132766806102,0.8418532081730713,-0.7763866563365498,0.20697282357959337,-0.2812292586917843,-2.463488363392107,2.766221810209256,0.673877841088258,-0.7025956503035917,-0.6973904647152814,2.083943628343583,0.44876781935183874,-2.7849080316496697,1.2837182089406072,1.4410081100122258,-0.785547541588085,0.5427059843266937,-0.7904874741815825,-2.586457625674544,0.25719058994965044,-0.0012542839111712042,-0.5118716072684006,-0.01013469485401078,-3.886397198780973,1.951923197459149
0.5071295738928231,0.040183251435695067,0.3688960839410973,0.10575814231055612,0.22568549266405435,-0.3306794467266031,0.13486368650634628,0.33211116926272516,-0.006092336872796873,0.0339851781276866,0.6158277283792791,-0.3992726275827955,0.0514587964855473,0.04127304010973164,0.08584389966947609,0.003809025533251168,0.2120351310191597,0.29598488002423307,0.11567193717704372,-0.1670514971927991,-0.34239005983966675,0.12355940860052193,-0.1587594471537349,0.10099735889924603,0.05444971332418438,-0.4951883549789532,0.682980516264238,0.48528852200068734,-0.25300041825260594,0.011757438449511878,0.44876781935183874,0.14233307018411104,-0.47448318593453415,0.2496555609663515,-0.16958157477962996,-0.2323522493493149,0.10016858905309187,-0.18641440158531575,-0.5359985712651747,-0.025643440187527504,0.03325961063631388,-0.23982183920295402,0.04375450938797449,-0.523868487980312,0.428609806108453
-3.543773105520222,1.5300917800646872,-2.691646989129348,0.32383868461207777,-0.5580496371712818,2.503907366212515,-2.041834935479949,-0.4887941372662077,0.035560469579263926,5.997632953505195,-1.1966691815510173,2.389428949155201,-0.1354594156299409,-0.7321881403241742,0.2615670885312215,-1.928055121103748,-0.46080775692839987,-4.62667087072062,-2.4260215234492084,-2.8421759840112877,0.9887244236404014,-1.2722365876430315,1.1000709552193502,-0.06888029365247504,0.8195431938422965,3.624253680700543,-3.7989180530766786,-0.13334219934231745,0.6646779760313968,1.4181170001095058,-2.7849080316496697,-0.47448318593453415,4.363007306647407,-1.880005060085035,-3.596931437333296,0.8674981695012781,-0.8835574430418821,1.0748270829898667,3.6390558353714058,-0.643894307150544,0.11809941994550008,0.34649714739210147,0.14388079974139084,6.390065819092379,-2.850617427664735
1.5792320718963773,-0.5591806399836385,1.1952914705302822,-0.0681920580342483,0.321900785038076,-1.1020767808773506,0.8358076901906836,0.3407610734054584,-0.018014029304489938,-2.25173444179293,0.7458233611124231,-1.0912373850767718,0.0782048573073833,0.2932256896604412,-0.05882513485224568,0.7309419066447324,0.2709688661835594,1.8939684655146953,0.973568243575886,0.994391934280377,-0.5356442345930629,0.5483755670997729,-0.49645678226332646,0.07756069627688573,-0.27943666370193376,-1.6066172029985253,1.753386349300494,0.2618768429485857,-0.37374612411062114,-0.5367389480595778,1.2837182089406072,0.2496555609663515,-1.880005060085035,0.8358220018162671,1.2772859945369517,-0.4448177324880992,0.3758749230625861,-0.49420621271547327,-1.6439395740707157,0.2305788377388825,-0.02932046395973905,-0.24356341423209546,-0.033458128978446744,-2.6802417096311384,1.2754406493404038
2.093846440058471,-2.6344575795909413,1.7282945628027135,-1.1919756385824034,-0.601033626766109,-1.6469959925858626,2.2475618664785997,-1.4270358808840562,-0.023111058826314427,-9.433109816136321,-2.2167377188396613,-1.0133853137512312,-0.06695571480596023,0.8736380062439767,-0.9252772147385786,2.9331285561778606,-0.7040850417943924,5.1661812969460845,2.9475669746218225,5.432776169795374,0.7878629425143551,1.1868638121920312,-0.660470311713426,-0.5229642218053936,-1.581784968502997,-2.3195587575480756,1.2557624691766438,-3.1481716410346117,0.6386706158166154,-2.292904471291255,1.4410081100122258,-0.16958157477962996,-3.596931437333296,1.2772859945369517,6.645315020140357,0.13611464535965143,0.6846148593345946,-0.4157165637798081,-2.134870770274083,1.1754041119442504,-0.3974951562975625,1.0244656352607704,-0.5269925654105972,-6.450795948592538,1.513194406346788
-0.8833169309718768,-0.010832763901682294,-0.6496904727400471,-0.1529621573946783,-0.36243487163788246,0.583822821707959,-0.27149674393483547,-0.5169353464038169,0.012515168799104442,0.15166177301268968,-0.9715934501027487,0.6821388240235429,-0.08089662179270743,-0.08355850703380979,-0.11818891415164208,-0.07026111477043928,-0.33282718536578493,-0.6058115781983133,-0.25834959368902544,0.15646195647633857,0.5516464472307319,-0.23660323793629096,0.2830929311249642,-0.15770779534050797,-0.05892709223170775,0.8709290195621756,-1.1548645869186345,-0.7247807333765381,0.4050970340697848,0.0335966224539542,-0.785547541588085,-0.2323522493493149,0.8674981695012781,-0.4448177324880992,0.13611464535965143,0.3867930713860561,-0.17665430132531093,0.31521464437505825,0.942482988381862,0.017234702269202304,-0.0450720803876443,0.37385614878198997,-0.06173568136197652,1.0191669039915787,-0.7387793930531587
0.7508809792218261,-0.2901930335013968,0.5582686425495087,-0.0645686620644568,0.12691483883577603,-0.5329142344325309,0.4141388251746502,0.14084916220870367,-0.009148879685396403,-1.1580153518932599,0.3011324891141176,-0.5173023062619656,0.026237494506056537,0.15885065737382373,-0.03953716675682291,0.37082390990479663,0.12725107429538038,0.9174204336335794,0.4774298350687459,0.5279092918534064,-0.23417554348368289,0.239491142567895,-0.2209652960960841,0.01671088723958226,-0.16449201068146577,-0.7574216858785303,0.8364743082564579,0.13627987533445213,-0.14883991781875172,-0.25718480452506093,0.5427059843266937,0.10016858905309187,-0.8835574430418821,0.3758749230625861,0.6846148593345946,-0.17665430132531093,0.2009285987541693,-0.22687954448447095,-0.7329466772668373,0.12354549989082768,-0.01730452704621254,-0.10190306693301429,-0.026356661404131492,-1.257348576434636,0.6175266592090987
-0.9864088164062993,0.20574498154749618,-0.723632663364116,-0.03489635608644967,-0.27107372028172566,0.671446518795594,-0.4318723725755591,-0.3532456881606872,0.004570215383339606,0.903123617331398,-0.7042014647886541,0.71586439637309,-0.0612250698083689,-0.14616380746711632,-0.029572829332507242,-0.3095188927877329,-0.2558130137715944,-0.9720038874027305,-0.47897861348844933,-0.30969347140429093,0.45205482550175596,-0.29475653929423495,0.29422875534687026,-0.08896054659398744,0.08940927982360311,0.9833185594942526,-1.1832288014432502,-0.45756303295023704,0.3201435008650322,0.20959553838282718,-0.7904874741815825,-0.18641440158531575,1.0748270829898667,-0.49420621271547327,-0.4157165637798081,0.31521464437505825,-0.22687954448447095,0.336861916193198,1.0013652301640845,-0.07127223662230572,-0.012344892769005845,0.24759959882348648,-0.017455988363921645,1.4213913617746738,-0.8150391676995764
-3.1439657635958578,0.9575072261526297,-2.361688262304809,0.05330807102336569,-0.7284244365648612,2.1822887624453955,-1.5707423009817567,-0.8336065683432725,0.0447487857615348,3.945498377809782,-1.7435943187676175,2.207370201746799,-0.18306862045645644,-0.548546053745085,0.04328272360491555,-1.2936990725530986,-0.6312305679960191,-3.5466744679945243,-1.7955766380392686,-1.6303887465899083,1.1854237966681491,-1.068028116985652,0.9893665985510895,-0.2125175234909532,0.4530850758604926,3.1832440381051628,-3.5660450697907047,-0.7923237059910644,0.8337530347093647,0.9485040958642261,-2.586457625674544,-0.5359985712651747,3.6390558353714058,-1.6439395740707157,-2.134870770274083,0.942482988381862,-0.7329466772668373,1.0013652301640845,3.281284602173103,-0.38222803738663463,0.023326307429814272,0.5945634556434369,0.0350817441939936,5.102660438808399,-2.5438482621572183
0.37406318228048624,-0.46544007612215477,0.31322168538121986,-0.2085612108141368,-0.10383876414282515,-0.2938062658298325,0.39885247852395567,-0.2460035827821372,-0.003272607877572814,-1.6701305309524337,-0.3833407915335963,-0.18178449478996062,-0.013538000080528018,0.15771543813321617,-0.1609784171950823,0.5157607840179327,-0.12285380909419391,0.9146283250206733,0.5211785034768448,0.9577554307833175,0.13922891717982874,0.20581620004364523,-0.11967121967232645,-0.0917071419628939,-0.2792630748954893,-0.41484370153906314,0.22985724134667282,-0.5484603410125447,0.11163147359451453,-0.39985631672497823,0.25719058994965044,-0.025643440187527504,-0.643894307150544,0.2305788377388825,1.1754041119442504,0.017234702269202304,0.12354549989082768,-0.07127223662230572,-0.38222803738663463,0.21326646346863792,-0.07211084257081501,0.17283884992131723,-0.09219362045140524,-1.1427166484840834,0.27429300593505973
-0.02126730116785575,0.152101533825182,-0.031361060312891306,0.08029654329651989,0.07410019384486126,0.028604973088153858,-0.09876742420469312,0.13985075603017008,-0.001927463449414725,0.5295732369963535,0.23265207207915348,-0.018286785088159514,0.017902803142638816,-0.037939698581807395,0.06885228252489395,-0.16048233991252606,0.08074442126545087,-0.2336802796045508,-0.14412991900019498,-0.33353749676419925,-0.1052455329285551,-0.0410948182245957,0.010162115567216889,0.047995917630065624,0.0962652008006617,0.037384710968415884,0.0546191315093706,0.26401478838962594,-0.08028758206001008,0.12637182755881865,-0.0012542839111712042,0.03325961063631388,0.11809941994550008,-0.02932046395973905,-0.3974951562975625,-0.0450720803876443,-0.01730452704621254,-0.012344892769005845,0.023326307429814272,-0.07211084257081501,0.030655238576573905,-0.09928468209612532,0.034206875079658056,0.2642157773576916,-0.006066143609491433
-0.5917676644185159,-0.3712438581005136,-0.3980124475276412,-0.29570120570741787,-0.42755567482602463,0.3641667813177794,0.03318211271975587,-0.7107104435993689,0.011419001986002623,-1.126228133360313,-1.2542999614123154,0.544529957885876,-0.07621738767644591,0.022380877290297554,-0.23997150080782942,0.3332884392896468,-0.4388090546624185,0.1210404116993804,0.15174653060263027,0.8923560656981374,0.654413059484818,-0.04303152041158301,0.1771120996765188,-0.21387736101975352,-0.2550000446834182,0.5383025147759541,-0.9965724693520026,-1.2138764018323014,0.47283598591044335,-0.30068778792912326,-0.5118716072684006,-0.23982183920295402,0.34649714739210147,-0.24356341423209546,1.0244656352607704,0.37385614878198997,-0.10190306693301429,0.24759959882348648,0.5945634556434369,0.17283884992131723,-0.09928468209612532,0.5148109884379296,-0.12902152061243521,0.0738482766926451,-0.5432780298626263
-0.03070588199479645,0.2039115463387721,-0.037411433524853564,0.1173339361071047,0.09385034563906731,0.04119843053449468,-0.13265016147385633,0.181417833290226,0.005980062524768784,0.6939602135919739,0.31171466329734626,-0.024290588742625782,0.004510490951551573,-0.060084281586395734,0.08144397322130363,-0.21204222682946788,0.10081668619048316,-0.30327842437849295,-0.18179221564443718,-0.4271206205880874,-0.14740241652494088,-0.0661909490901447,0.012001113322339716,0.05617897275220339,0.12415757666612093,0.051811439748799266,0.08493645994425812,0.3661876513481376,-0.10946091530753896,0.17723831327982612,-0.01013469485401078,0.04375450938797449,0.14388079974139084,-0.033458128978446744,-0.5269925654105972,-0.06173568136197652,-0.026356661404131492,-0.017455988363921645,0.0350817441939936,-0.09219362045140524,0.034206875079658056,-0.12902152061243521,0.05530155262891385,0.35311444981048884,6.737581878803798e-5
-4.910785431461487,2.690390482940669,-3.7812459275843024,0.769326169576719,-0.4899497710926858,3.520193259216377,-3.1693278900459676,-0.11357813402027195,0.06218225581870036,10.226272449758689,-0.7055282442500824,3.17371185283647,-0.17553434454924177,-1.1539825399324504,0.6038490469249093,-3.262690354883519,-0.3106102006621528,-7.222182290494728,-3.85554837578794,-5.148159874726448,0.912053384142603,-1.9591329976286176,1.5463297726109193,0.06378531852114247,1.4687944570498281,5.0930968533357355,-4.896622368263513,0.9736990977998019,0.5945721215062243,2.481372728463137,-3.886397198780973,-0.523868487980312,6.390065819092379,-2.6802417096311384,-6.450795948592538,1.0191669039915787,-1.257348576434636,1.4213913617746738,5.102660438808399,-1.1427166484840834,0.2642157773576916,0.0738482766926451,0.35311444981048884,9.807146050733609,-3.861458652261606
