V1,V2,V3,V4,V5,V6,V7,V8,V9,V10,V11,V12,V13,V14,V15,V16,V17,V18,V19,V20,V21,V22,V23,V24,V25,V26,V27,V28,V29
3.385927033984709,-1.3571348828434382,-1.4824144576148188,-1.0953583377106655,1.091470251021834,0.8387606089030023,-3.408958281172173,-2.8151094481605288,1.2221844025597133,-3.3842030262990983,-0.8444051116610144,0.2927598544137266,-1.8845278311697524,0.7870463367815685,0.9159204915496751,0.7348349237054415,-1.8964314568050349,0.37751038859397956,-0.7921870304464843,-0.6754622810907726,-1.1900682862387448,0.04960994805814279,1.10653848464371,0.9057602949926602,1.8406674016296416,-2.8103531157638084,0.8742468774573103,3.72673039897493,1.0748342469368573
-1.3571348828434382,1.667936121127184,0.22167159042041842,0.952719326078202,-0.8666049686243742,-0.42890675797059663,2.052948896586775,1.778849708057559,-1.1073724256668915,1.3555781135740126,0.6942513756802449,-0.17300962810029308,1.1086941323562605,0.267518425993483,-0.9805007185831075,-0.18196752934493893,1.21062296677687,0.20570262264436967,0.7983227803016902,0.4731246539603971,0.5174248601169839,0.25677312422033083,-0.20027870564885666,-1.393464823820222,-1.5179755916492095,1.2864220109289142,-0.016057062794164193,-1.235439550879662,0.796134133591188
-1.4824144576148188,0.22167159042041842,1.2386819707999188,0.05751862438755849,-0.75206403808571,-0.11950866032768591,1.2866235495961142,1.9169608746201017,0.3395853572797837,1.7413081066762937,0.42716486408315196,-0.3335780396878181,0.954225553301017,-0.3497439033258749,-0.835787769340509,-0.002101466956999636,0.6488021801509646,-0.44202095115317025,-0.11232182248404844,0.6542743105967554,0.6664015670259911,-0.5101252947919056,-1.175396879726283,0.5446458550069457,-0.24118162248269437,1.5600934785300864,0.016350423889851327,-2.2345566817455835,-1.276319604601449
-1.0953583377106655,0.952719326078202,0.05751862438755849,2.350707689612139,-0.6192823683701838,-0.8604662009839993,2.696762804752256,0.5323603537078675,-1.4048678641163341,1.1143364476253435,-0.10843204938016363,0.07130678597777776,1.167122094701168,-0.10417623450671162,0.2674984476047773,-0.03320194492548277,0.3094022549655135,0.03527539676172073,1.0460064214914557,-0.4848326762973696,1.020433542786505,0.18614529582196693,-0.2541954765444766,-1.1503338484413306,-1.5491845301321172,0.8250173114444647,-0.00432143774695136,-1.1379567357983784,0.4362711567806946
1.091470251021834,-0.8666049686243742,-0.75206403808571,-0.6192823683701838,1.1403530298795908,0.08542998476398266,-1.7121434735399153,-2.1149510792716164,-0.0745325059813049,-1.3093464691212853,-0.3959353421517711,0.3373302247954322,-1.1561570227298923,-0.3179745563024694,1.2057595328056518,-0.3397445724229063,-0.5464217768052118,0.16534426646003092,-0.16864540204843392,-0.6198400712484357,-0.7774555852137797,0.3814962474988047,1.132032879925301,-0.03113726199267081,0.5694957307074155,-1.3528383570540836,-0.6868146034305997,1.6941296333074476,0.29939978964841496
0.8387606089030023,-0.42890675797059663,-0.11950866032768591,-0.8604662009839993,0.08542998476398266,0.4921274379982358,-1.18534968047808,-0.16419111978136505,0.8690207662213286,-0.7867828309532066,-0.0720414803018059,-0.07057374450940584,-0.47248968617186665,0.3505955233194794,-0.2636474329861851,0.3281577815380319,-0.4399941886433509,0.007710143355970267,-0.5313926381005575,0.19308877434546465,-0.3477891883786084,-0.20807295640503803,-0.08560403524044206,0.70473899303335,0.8368815946067595,-0.5243378262535765,0.4959673979718418,0.7151960791933092,-0.046741673042689016
-3.408958281172173,2.052948896586775,1.2866235495961142,2.696762804752256,-1.7121434735399153,-1.18534968047808,4.9381250008594595,3.1921375137252275,-1.790944737351924,3.526972906446659,0.6729946486144224,-0.2983870561025163,2.588581478208244,-0.35328593554444687,-1.0105384559310486,-0.3035620409985778,1.694455838388165,-0.2529221109038364,1.3659095932395,0.3820823662003948,1.8383010020788058,-0.053458894322083304,-1.3828088900717117,-1.472289314279799,-2.59943646500156,2.9939177143605975,-0.18273567814033598,-3.9121899468009214,-0.385712289656348
-2.8151094481605288,1.778849708057559,1.9169608746201017,0.5323603537078675,-2.1149510792716164,-0.16419111978136505,3.1921375137252275,4.768406878450175,0.18182956556879717,3.233533449048578,1.2345668262265383,-0.7715540499211088,2.2793811575638037,0.2649415593793784,-2.6358373809650053,0.2616711201146275,1.7516052033274263,-0.413919658801742,0.22632800469107667,1.6540518563778617,1.3686262147649544,-0.7210718939582613,-2.206814164897944,0.030025470014689436,-1.2340777202558195,3.214143602074249,0.7394095737806201,-3.972504639904182,-0.985551802582323
1.2221844025597133,-1.1073724256668915,0.3395853572797837,-1.4048678641163341,-0.0745325059813049,0.8690207662213286,-1.790944737351924,0.18182956556879717,2.0207065362795107,-0.9325919715291503,-0.19545531294963914,-0.2495632571360383,-0.5650639434337538,0.4413515674730654,-0.5604641487544548,0.7773737733745344,-0.9551353537292785,-0.2732136621585354,-1.1550134541057133,0.4390111116067954,-0.27455103204612635,-0.7555998497942084,-0.7837687518952332,1.937985228954744,1.7237771838841545,-0.532594728530184,1.075418808091444,0.48573287210892285,-0.8929026874627743
-3.3842030262990983,1.3555781135740126,1.7413081066762937,1.1143364476253435,-1.3093464691212853,-0.7867828309532066,3.526972906446659,3.233533449048578,-0.9325919715291503,3.565598232971779,0.9074323109799866,-0.39557085078346643,2.052420989054337,-0.7347785880943126,-1.1785339947231197,-0.5398745008226836,1.851567486187253,-0.4748766084988839,0.6879504157571601,0.8454423805973657,1.3157960912209457,-0.2656813639130578,-1.4149563151378557,-0.6195812370755884,-1.7257773523504802,3.0142750486781424,-0.6335576371260468,-4.036199754686537,-1.2982119170893007
-0.8444051116610144,0.6942513756802449,0.42716486408315196,-0.10843204938016363,-0.3959353421517711,-0.0720414803018059,0.6729946486144224,1.2345668262265383,-0.19545531294963914,0.9074323109799866,0.5758813536406505,-0.18942036907467596,0.47648712680147143,0.013130014239742955,-0.7286602617224553,-0.17412831895367284,0.7958525259194816,0.005022519863974614,0.14281919209651947,0.5283625818323425,0.13141552500106246,0.003083832627853583,-0.2283779074211049,-0.40579325397230315,-0.5400410848746864,0.8638441163315876,-0.14877190556019929,-0.9077155572929353,0.01853265621869997
0.2927598544137266,-0.17300962810029308,-0.3335780396878181,0.07130678597777776,0.3373302247954322,-0.07057374450940584,-0.2983870561025163,-0.7715540499211088,-0.2495632571360383,-0.39557085078346643,-0.18942036907467596,0.15950071644242175,-0.28929147977429337,-0.09882634108226032,0.4737251196086436,-0.1302568862114439,-0.16794534697027716,0.08907937053507951,0.09414315854570166,-0.3065798865893838,-0.18072348262973412,0.19589853837481278,0.42570279973395,-0.20669696305739496,0.02293598327638281,-0.43937297582638773,-0.23987954719173313,0.5605940396130102,0.23230312167016376
-1.8845278311697524,1.1086941323562605,0.954225553301017,1.167122094701168,-1.1561570227298923,-0.47248968617186665,2.588581478208244,2.2793811575638037,-0.5650639434337538,2.052420989054337,0.47648712680147143,-0.28929147977429337,1.518874713629528,-0.08523529254436289,-0.9669305154158173,-1.5096477206646927e-5,0.960553613652101,-0.22701765694065326,0.5329746521404067,0.5088601626488123,1.0437789506696056,-0.23957424696189666,-1.0992550081500216,-0.4281991748676356,-1.1819299211219576,1.857558768700903,0.16531651745744572,-2.4163253029699385,-0.45871017840995965
0.7870463367815685,0.267518425993483,-0.3497439033258749,-0.10417623450671162,-0.3179745563024694,0.3505955233194794,-0.35328593554444687,0.2649415593793784,0.4413515674730654,-0.7347785880943126,0.013130014239742955,-0.09882634108226032,-0.08523529254436289,0.7821984390062497,-0.5820373515857002,0.5168469474669232,-0.32133570273431483,0.20539414618821844,-0.14662637499283732,0.1749600507082094,-0.09203256045187345,-0.09039148580058103,-0.11689408934002617,0.08221323270237277,0.2520906729163735,-0.38925666087790084,0.8978751929244141,0.7513966594435253,0.6957741210916142
0.9159204915496751,-0.9805007185831075,-0.835787769340509,0.2674984476047773,1.2057595328056518,-0.2636474329861851,-1.0105384559310486,-2.6358373809650053,-0.5604641487544548,-1.1785339947231197,-0.7286602617224553,0.4737251196086436,-0.9669305154158173,-0.5820373515857002,1.8582344526022727,-0.3947343812339353,-0.7873239330587778,0.10984975582364587,0.13763459810042408,-1.120122276674892,-0.4480036215420138,0.45485442835132334,1.1669242517265859,-0.20560819679338413,0.2391879564676273,-1.3906402368172601,-0.838744660621578,1.5282953326169977,0.20950296743851304
0.7348349237054415,-0.18196752934493893,-0.002101466956999636,-0.03320194492548277,-0.3397445724229063,0.3281577815380319,-0.3035620409985778,0.2616711201146275,0.7773737733745344,-0.5398745008226836,-0.17412831895367284,-0.1302568862114439,-1.5096477206646927e-5,0.5168469474669232,-0.3947343812339353,0.6399528817663325,-0.5939689167676804,-0.038071336257552504,-0.3263440264434909,0.11579344833979141,0.10560869439318847,-0.3648334383444275,-0.4816255608028546,0.6940773027818063,0.5540198108508151,-0.2635072675159359,0.9463941487512615,0.3170523075274767,0.004318172658508749
-1.8964314568050349,1.21062296677687,0.6488021801509646,0.3094022549655135,-0.5464217768052118,-0.4399941886433509,1.694455838388165,1.7516052033274263,-0.9551353537292785,1.851567486187253,0.7958525259194816,-0.16794534697027716,0.960553613652101,-0.32133570273431483,-0.7873239330587778,-0.5939689167676804,1.5033375319111772,-0.01620238204767715,0.5732025370601415,0.6081922291673824,0.38089194671131565,0.20871458168515186,-0.22259024614153552,-1.0511477633197728,-1.284348143547635,1.5854344313873727,-0.7045191745333065,-1.8020980412486054,-0.039304523223037936
0.37751038859397956,0.20570262264436967,-0.44202095115317025,0.03527539676172073,0.16534426646003092,0.007710143355970267,-0.2529221109038364,-0.413919658801742,-0.2732136621585354,-0.4748766084988839,0.005022519863974614,0.08907937053507951,-0.22701765694065326,0.20539414618821844,0.10984975582364587,-0.038071336257552504,-0.01620238204767715,0.2243469655980708,0.1478163372349308,-0.1287272708675818,-0.22485106218620957,0.2481183094389444,0.45642225498040445,-0.45662391427415294,-0.14181460970489213,-0.40097870060915136,-0.017977625922072554,0.7120163079800751,0.6661665077435199
-0.7921870304464843,0.7983227803016902,-0.11232182248404844,1.0460064214914557,-0.16864540204843392,-0.5313926381005575,1.3659095932395,0.22632800469107667,-1.1550134541057133,0.6879504157571601,0.14281919209651947,0.09414315854570166,0.5329746521404067,-0.14662637499283732,0.13763459810042408,-0.3263440264434909,0.5732025370601415,0.1478163372349308,0.7294523326189227,-0.1862090860123921,0.3216246292359382,0.36608706933762186,0.26523961817813557,-1.1261383878178355,-1.1060706397525657,0.4789911537141728,-0.42461561477903775,-0.4848246224071317,0.5481511175855313
-0.6754622810907726,0.4731246539603971,0.6542743105967554,-0.4848326762973696,-0.6198400712484357,0.19308877434546465,0.3820823662003948,1.6540518563778617,0.4390111116067954,0.8454423805973657,0.5283625818323425,-0.3065798865893838,0.5088601626488123,0.1749600507082094,-1.120122276674892,0.11579344833979141,0.6081922291673824,-0.1287272708675818,-0.1862090860123921,0.7947469921519724,0.17710196582472973,-0.29596067576364965,-0.6885551801033054,0.2608858110521614,-0.040936884483161934,0.940272117772257,0.28798346609839115,-1.0730461268998286,-0.3683087860623388
-1.1900682862387448,0.5174248601169839,0.6664015670259911,1.020433542786505,-0.7774555852137797,-0.3477891883786084,1.8383010020788058,1.3686262147649544,-0.27455103204612635,1.3157960912209457,0.13141552500106246,-0.18072348262973412,1.0437789506696056,-0.09203256045187345,-0.4480036215420138,0.10560869439318847,0.38089194671131565,-0.22485106218620957,0.3216246292359382,0.17710196582472973,0.8516412372470226,-0.2548319511184067,-0.8921767008708601,-0.05269341847846912,-0.6988372491397682,1.1712070528583307,0.23618219852925312,-1.6641359568808864,-0.5006978298836953
0.04960994805814279,0.25677312422033083,-0.5101252947919056,0.18614529582196693,0.3814962474988047,-0.20807295640503803,-0.053458894322083304,-0.7210718939582613,-0.7555998497942084,-0.2656813639130578,0.003083832627853583,0.19589853837481278,-0.23957424696189666,-0.09039148580058103,0.45485442835132334,-0.3648334383444275,0.20871458168515186,0.2481183094389444,0.36608706933762186,-0.29596067576364965,-0.2548319511184067,0.4639009769722805,0.7515996405823889,-0.8382677659707338,-0.44558678903758453,-0.34724013266464476,-0.5195594152911495,0.6250296987629315,0.691413905651898
1.10653848464371,-0.20027870564885666,-1.175396879726283,-0.2541954765444766,1.132032879925301,-0.08560403524044206,-1.3828088900717117,-2.206814164897944,-0.7837687518952332,-1.4149563151378557,-0.2283779074211049,0.42570279973395,-1.0992550081500216,-0.11689408934002617,1.1669242517265859,-0.4816255608028546,-0.22259024614153552,0.45642225498040445,0.26523961817813557,-0.6885551801033054,-0.8921767008708601,0.7515996405823889,1.654618674615335,-0.9727768800619891,-0.03337716392899138,-1.446038160254309,-0.8232315368789834,2.121721721552752,1.2217789423226333
0.9057602949926602,-1.393464823820222,0.5446458550069457,-1.1503338484413306,-0.03113726199267081,0.70473899303335,-1.472289314279799,0.030025470014689436,1.937985228954744,-0.6195812370755884,-0.40579325397230315,-0.20669696305739496,-0.4281991748676356,0.08221323270237277,-0.20560819679338413,0.6940773027818063,-1.0511477633197728,-0.45662391427415294,-1.1261383878178355,0.2608858110521614,-0.05269341847846912,-0.8382677659707338,-0.9727768800619891,2.194122578400068,1.7350240503502738,-0.36419475138815205,0.8742136515794409,0.015977110501492472,-1.4356794204061698
1.8406674016296416,-1.5179755916492095,-0.24118162248269437,-1.5491845301321172,0.5694957307074155,0.8368815946067595,-2.59943646500156,-1.2340777202558195,1.7237771838841545,-1.7257773523504802,-0.5400410848746864,0.02293598327638281,-1.1819299211219576,0.2520906729163735,0.2391879564676273,0.5540198108508151,-1.284348143547635,-0.14181460970489213,-1.1060706397525657,-0.040936884483161934,-0.6988372491397682,-0.44558678903758453,-0.03337716392899138,1.7350240503502738,1.9568634392136044,-1.3785409367421515,0.6506076963742963,1.5472530039922017,-0.5835177927246884
-2.8103531157638084,1.2864220109289142,1.5600934785300864,0.8250173114444647,-1.3528383570540836,-0.5243378262535765,2.9939177143605975,3.214143602074249,-0.532594728530184,3.0142750486781424,0.8638441163315876,-0.43937297582638773,1.857558768700903,-0.38925666087790084,-1.3906402368172601,-0.2635072675159359,1.5854344313873727,-0.40097870060915136,0.4789911537141728,0.940272117772257,1.1712070528583307,-0.34724013266464476,-1.446038160254309,-0.36419475138815205,-1.3785409367421515,2.6875081344778113,-0.19022799528332168,-3.5087825594890405,-1.0527525840332346
0.8742468774573103,-0.016057062794164193,0.016350423889851327,-0.00432143774695136,-0.6868146034305997,0.4959673979718418,-0.18273567814033598,0.7394095737806201,1.075418808091444,-0.6335576371260468,-0.14877190556019929,-0.23987954719173313,0.16531651745744572,0.8978751929244141,-0.838744660621578,0.9463941487512615,-0.7045191745333065,-0.017977625922072554,-0.42461561477903775,0.28798346609839115,0.23618219852925312,-0.5195594152911495,-0.8232315368789834,0.8742136515794409,0.6506076963742963,-0.19022799528332168,1.5022698045329874,0.28932979916513035,0.12398291898294503
3.72673039897493,-1.235439550879662,-2.2345566817455835,-1.1379567357983784,1.6941296333074476,0.7151960791933092,-3.9121899468009214,-3.972504639904182,0.48573287210892285,-4.036199754686537,-0.9077155572929353,0.5605940396130102,-2.4163253029699385,0.7513966594435253,1.5282953326169977,0.3170523075274767,-1.8020980412486054,0.7120163079800751,-0.4848246224071317,-1.0730461268998286,-1.6641359568808864,0.6250296987629315,2.121721721552752,0.015977110501492472,1.5472530039922017,-3.5087825594890405,0.28932979916513035,4.853461842671093,1.9535254945328215
1.0748342469368573,0.796134133591188,-1.276319604601449,0.4362711567806946,0.29939978964841496,-0.046741673042689016,-0.385712289656348,-0.985551802582323,-0.8929026874627743,-1.2982119170893007,0.01853265621869997,0.23230312167016376,-0.45871017840995965,0.6957741210916142,0.20950296743851304,0.004318172658508749,-0.039304523223037936,0.6661665077435199,0.5481511175855313,-0.3683087860623388,-0.5006978298836953,0.691413905651898,1.2217789423226333,-1.4356794204061698,-0.5835177927246884,-1.0527525840332346,0.12398291898294503,1.9535254945328215,2.0828284309132594
