V1,V2,V3,V4,V5,V6,V7,V8,V9,V10,V11,V12,V13,V14,V15,V16,V17,V18,V19,V20,V21,V22,V23,V24,V25,V26,V27,V28,V29
3.2789358102797315,-1.1282775221882428,-1.448219798490001,-0.9480964970593855,0.8945266163477795,0.8266697533007733,-3.1242386169828977,-2.4882806982978254,1.1768851700506817,-3.254887653679472,-0.7694334786133282,0.2454252714932316,-1.7057401277558553,0.9179530002189087,0.6942508229783634,0.8094408149279569,-1.8042049506187823,0.40266207982788044,-0.7210094658252574,-0.584486188757797,-1.0841764297289824,0.030448268196683476,0.9853835603739012,0.8032116642242576,1.6936664611143781,-2.6465715142624036,1.031746509071478,3.576175092934051,1.1937272539439563
-1.1282775221882428,1.5569382487693904,0.18857218485753827,0.7826772657309634,-0.8479008843376424,-0.31667467142259437,1.7783228417267773,1.7247257904567954,-0.8940313429098403,1.1495914616610141,0.6640649463785995,-0.18888728914719652,0.9975152448765512,0.3572213073542427,-1.0283963168902028,-0.08449041560727802,1.0781248179830825,0.20711110816578027,0.6751549033294493,0.5042130791595607,0.44501948401283314,0.1999201225790059,-0.22390448177677516,-1.2165071796372118,-1.316491437698264,1.145457652364518,0.12233255617623459,-1.0489601556886303,0.7928645736195526
-1.448219798490001,0.18857218485753827,1.1428067417474705,0.14204561582439346,-0.6540438255370816,-0.1735860842512517,1.277664936285863,1.682050455867037,0.20815250595828566,1.6687575048949945,0.365972953201776,-0.2812680967537552,0.8963843447553665,-0.40391173900382316,-0.6629116610877777,-0.06141007005820403,0.6147011298083924,-0.418259780353393,-0.051852932537218434,0.5386033902237718,0.6403049454957164,-0.4393956819930115,-1.0475837434755981,0.44489876804645734,-0.28757831991746435,1.4559417091528264,-0.08457848934875585,-2.113691760613483,-1.2117985081675295
-0.9480964970593855,0.7826772657309634,0.14204561582439346,2.2978768637334563,-0.7035959175873391,-0.7618186703256893,2.5955874878700715,0.610305271912879,-1.1034396819820618,1.0277542025115844,-0.19246736745565032,0.02977549115959875,1.17122454971561,-0.031200605368279056,0.18923565247443005,0.13943075875334984,0.11122790652332903,-0.03388463459579495,0.8984832085661721,-0.4518938458731077,1.0802285020005755,0.031078150515675102,-0.47385985868989233,-0.812265215116819,-1.311344626318556,0.7930641890456173,0.2368326875364953,-1.1670432752610602,0.248596910276417
0.8945266163477795,-0.8479008843376424,-0.6540438255370816,-0.7035959175873391,1.1452869106307102,0.06192030842542288,-1.6577095935842134,-2.006340766841038,-0.11223866211715885,-1.1234145467398162,-0.32921813598196165,0.3251036774371626,-1.1172866564648,-0.4150036826049382,1.1756743895005572,-0.4344000184051782,-0.41033135352005523,0.13432610257104433,-0.16782652511728507,-0.5594461766388971,-0.7761390620338059,0.38795338344101316,1.1124031657576068,-0.047842667416058575,0.5237977870180425,-1.2115311230324486,-0.822648040826041,1.5005616454329802,0.17853934927828058
0.8266697533007733,-0.31667467142259437,-0.1735860842512517,-0.7618186703256893,0.06192030842542288,0.4576170995789994,-1.085685640872467,-0.14635134759588625,0.7597409180377791,-0.7845984258209601,-0.049523426670498694,-0.0628203930073201,-0.4372763019859771,0.3896098745082594,-0.2782152302989943,0.32072704316259554,-0.3955215080301055,0.04825121846853356,-0.4569015146138419,0.18027827320104137,-0.3372167073405036,-0.16108126238123593,-0.03362438373110532,0.5635438530417287,0.7271042059636481,-0.5185659916962476,0.4983092275784983,0.7503875074463662,0.0916471393913194
-3.1242386169828977,1.7783228417267773,1.277664936285863,2.5955874878700715,-1.6577095935842134,-1.085685640872467,4.6455051229542095,2.999317675312436,-1.5110027044910384,3.2805211382621646,0.5350107389413759,-0.29618892843507544,2.4580183562271514,-0.3240723834588905,-0.9266765891279042,-0.16926720368342127,1.4216601249819831,-0.30237590683805515,1.2060668780400257,0.3269322764549525,1.8108497492236335,-0.16184607174601282,-1.4611465575825273,-1.1457992693723593,-2.302180983485785,2.794953149995582,-0.024696769491827125,-3.734804794948428,-0.5316628260316345
-2.4882806982978254,1.7247257904567954,1.682050455867037,0.610305271912879,-2.006340766841038,-0.14635134759588625,2.999317675312436,4.406330202215997,0.14420517376790018,2.8802934509306435,1.1201603832783313,-0.7111284502148701,2.125131545726439,0.361553417335475,-2.4732788453458086,0.31788065157223694,1.5644943406057723,-0.33649956609632337,0.25114271725520504,1.5048994976523926,1.284945444800749,-0.6532454518971835,-2.02738920441793,-0.03931714992094544,-1.1787896750286455,2.902878086483266,0.8118253643925087,-3.5444956370478575,-0.7409759300586384
1.1768851700506817,-0.8940313429098403,0.20815250595828566,-1.1034396819820618,-0.11223866211715885,0.7597409180377791,-1.5110027044910384,0.14420517376790018,1.7349096335491752,-0.9204404804251102,-0.197556297617466,-0.21265866542477024,-0.47533837050613464,0.4927371480040357,-0.5137475766859728,0.7513810995168687,-0.8924581449140175,-0.19532181850079372,-0.9652263574153008,0.3512704965088202,-0.21840967181280652,-0.6459048069003628,-0.6701635996216944,1.625915522062389,1.4674793700684556,-0.5337392681761961,1.0602465735576343,0.547970553040318,-0.6180291686899642
-3.254887653679472,1.1495914616610141,1.6687575048949945,1.0277542025115844,-1.1234145467398162,-0.7845984258209601,3.2805211382621646,2.8802934509306435,-0.9204404804251102,3.405021112059192,0.8112262437623569,-0.33992649892510574,1.8827129741060509,-0.8388111938137991,-0.9436904338305835,-0.5995590966838993,1.7379765575216368,-0.48551282820046,0.6426143678320986,0.7271975847674673,1.2238317753726484,-0.2332959507864713,-1.2840414897256738,-0.5505417741811389,-1.6032414573585734,2.825306548535905,-0.7622993770433726,-3.8477471242806685,-1.3649952617103995
-0.7694334786133282,0.6640649463785995,0.365972953201776,-0.19246736745565032,-0.32921813598196165,-0.049523426670498694,0.5350107389413759,1.1201603832783313,-0.197556297617466,0.8112262437623569,0.5670588930325898,-0.17112909842947355,0.3941943031665188,0.013882874068848602,-0.6876089767581883,-0.19877127730649452,0.7821996992318873,0.02666266110994642,0.12695891604123685,0.5124726641464988,0.06052466517495579,0.036279348351499034,-0.14570717177071543,-0.4218933763413487,-0.4989688548914006,0.7753338400984474,-0.18646766011786728,-0.7785928805838336,0.06507515772663915
0.2454252714932316,-0.18888728914719652,-0.2812680967537552,0.02977549115959875,0.3251036774371626,-0.0628203930073201,-0.29618892843507544,-0.7111284502148701,-0.21265866542477024,-0.33992649892510574,-0.17112909842947355,0.145310448856735,-0.2744309613019747,-0.12060385669169484,0.4452801577827407,-0.13647383887516296,-0.146379677060525,0.06775248417029323,0.06963381763395786,-0.2753251433041982,-0.1719662364683313,0.17253261587814717,0.38394178398525236,-0.161707492054718,0.040269877342036395,-0.3899591049330799,-0.2502161895460843,0.48424504278501007,0.16249040506757934
-1.7057401277558553,0.9975152448765512,0.8963843447553665,1.17122454971561,-1.1172866564648,-0.4372763019859771,2.4580183562271514,2.125131545726439,-0.47533837050613464,1.8827129741060509,0.3941943031665188,-0.2744309613019747,1.4430417659216834,-0.048795291305275657,-0.8942724667717762,0.06848040836575708,0.8090120377644244,-0.22759941743620032,0.48579546152323366,0.4460351971473131,1.024911499956277,-0.2656012229650297,-1.0929185816084865,-0.32666950439391657,-1.067891001588149,1.7135488516122306,0.24883530693672967,-2.2567831006190753,-0.45395792119650175
0.9179530002189087,0.3572213073542427,-0.40391173900382316,-0.031200605368279056,-0.4150036826049382,0.3896098745082594,-0.3240723834588905,0.361553417335475,0.4927371480040357,-0.8388111938137991,0.013882874068848602,-0.12060385669169484,-0.048795291305275657,0.9347971232915352,-0.7003738934078696,0.635467256096598,-0.37789388928337886,0.24272354703465776,-0.13996178809833368,0.20355483019584103,-0.0666037461855367,-0.114102897737446,-0.16133269953547455,0.07319105311041346,0.2524182865609115,-0.4274045212355067,1.092592478338857,0.8506215799412451,0.8475761806987736
0.6942508229783634,-1.0283963168902028,-0.6629116610877777,0.18923565247443005,1.1756743895005572,-0.2782152302989943,-0.9266765891279042,-2.4732788453458086,-0.5137475766859728,-0.9436904338305835,-0.6876089767581883,0.4452801577827407,-0.8942724667717762,-0.7003738934078696,1.8160570615653295,-0.45177024411443717,-0.6957646930709361,0.033386505704344566,0.09646699807746437,-1.0503551282027386,-0.3983163849701247,0.39910872363120853,1.0452043877242447,-0.09931029396659019,0.25223894631671423,-1.2044470272230272,-0.9301573057335677,1.231185101588389,-0.04079062713171969
0.8094408149279569,-0.08449041560727802,-0.06141007005820403,0.13943075875334984,-0.4344000184051782,0.32072704316259554,-0.16926720368342127,0.31788065157223694,0.7513810995168687,-0.5995590966838993,-0.19877127730649452,-0.13647383887516296,0.06848040836575708,0.635467256096598,-0.45177024411443717,0.735348438481139,-0.6496877388049039,-0.004809308577422085,-0.2741306675678263,0.09456675750387027,0.16904432742446182,-0.3711687269668852,-0.519546372721922,0.6384001868029938,0.4952407630731402,-0.28451781210335647,1.105327894289863,0.37362399750762054,0.14828811719146304
-1.8042049506187823,1.0781248179830825,0.6147011298083924,0.11122790652332903,-0.41033135352005523,-0.3955215080301055,1.4216601249819831,1.5644943406057723,-0.8924581449140175,1.7379765575216368,0.7821996992318873,-0.146379677060525,0.8090120377644244,-0.37789388928337886,-0.6957646930709361,-0.6496877388049039,1.4713999431796891,-0.017530536303496807,0.49980594086727553,0.5918072886986282,0.26473471617997085,0.2292241906560746,-0.1229298186274054,-0.9866839140095204,-1.1621700058844544,1.465149723411899,-0.8058017191160136,-1.659828776530952,-0.08800659446348845
0.40266207982788044,0.20711110816578027,-0.418259780353393,-0.03388463459579495,0.13432610257104433,0.04825121846853356,-0.30237590683805515,-0.33649956609632337,-0.19532181850079372,-0.48551282820046,0.02666266110994642,0.06775248417029323,-0.22759941743620032,0.24272354703465776,0.033386505704344566,-0.004809308577422085,-0.017530536303496807,0.21956122843154613,0.10660757647209188,-0.07712381445346303,-0.23422355434800493,0.21812687767266312,0.41323703347966934,-0.4000479607090635,-0.09376217378104815,-0.3877788849927855,0.03770889903888861,0.7055978646951548,0.6517871621429582
-0.7210094658252574,0.6751549033294493,-0.051852932537218434,0.8984832085661721,-0.16782652511728507,-0.4569015146138419,1.2060668780400257,0.25114271725520504,-0.9652263574153008,0.6426143678320986,0.12695891604123685,0.06963381763395786,0.48579546152323366,-0.13996178809833368,0.09646699807746437,-0.2741306675678263,0.49980594086727553,0.10660757647209188,0.6147575216246279,-0.14094847094137755,0.3014586880871376,0.2897154300079792,0.17905853208491398,-0.9261294979876995,-0.9417511697857497,0.4570334655291318,-0.3578400952541064,-0.49102395013649086,0.411300790886724
-0.584486188757797,0.5042130791595607,0.5386033902237718,-0.4518938458731077,-0.5594461766388971,0.18027827320104137,0.3269322764549525,1.5048994976523926,0.3512704965088202,0.7271975847674673,0.5124726641464988,-0.2753251433041982,0.4460351971473131,0.20355483019584103,-1.0503551282027386,0.09456675750387027,0.5918072886986282,-0.07712381445346303,-0.14094847094137755,0.7362255523180643,0.12494820891558246,-0.22856008094274852,-0.5623711521636092,0.14358814730889774,-0.08097524480329017,0.8277559128818642,0.25976690601449975,-0.8940165595447085,-0.2157201660864066
-1.0841764297289824,0.44501948401283314,0.6403049454957164,1.0802285020005755,-0.7761390620338059,-0.3372167073405036,1.8108497492236335,1.284945444800749,-0.21840967181280652,1.2238317753726484,0.06052466517495579,-0.1719662364683313,1.024911499956277,-0.0666037461855367,-0.3983163849701247,0.16904432742446182,0.26473471617997085,-0.23422355434800493,0.3014586880871376,0.12494820891558246,0.8731979547720183,-0.2855218762622741,-0.9199921315630321,0.025990578090238952,-0.6335358051970774,1.0935764806709707,0.3160885532975549,-1.5935292002091264,-0.5127156993060338
0.030448268196683476,0.1999201225790059,-0.4393956819930115,0.031078150515675102,0.38795338344101316,-0.16108126238123593,-0.16184607174601282,-0.6532454518971835,-0.6459048069003628,-0.2332959507864713,0.036279348351499034,0.17253261587814717,-0.2656012229650297,-0.114102897737446,0.39910872363120853,-0.3711687269668852,0.2292241906560746,0.21812687767266312,0.2897154300079792,-0.22856008094274852,-0.2855218762622741,0.42364325461619784,0.7049693787666976,-0.7306694570581862,-0.35868963525344555,-0.3108637223551103,-0.5324574459731136,0.5662661948003936,0.5805005231827699
0.9853835603739012,-0.22390448177677516,-1.0475837434755981,-0.47385985868989233,1.1124031657576068,-0.03362438373110532,-1.4611465575825273,-2.02738920441793,-0.6701635996216944,-1.2840414897256738,-0.14570717177071543,0.38394178398525236,-1.0929185816084865,-0.16133269953547455,1.0452043877242447,-0.519546372721922,-0.1229298186274054,0.41323703347966934,0.17905853208491398,-0.5623711521636092,-0.9199921315630321,0.7049693787666976,1.5731569605305809,-0.8646362259798719,0.03519074786709329,-1.3204516592446063,-0.8706793154775866,1.9531698793230579,1.0581679129857464
0.8032116642242576,-1.2165071796372118,0.44489876804645734,-0.812265215116819,-0.047842667416058575,0.5635438530417287,-1.1457992693723593,-0.03931714992094544,1.625915522062389,-0.5505417741811389,-0.4218933763413487,-0.161707492054718,-0.32666950439391657,0.07319105311041346,-0.09931029396659019,0.6384001868029938,-0.9866839140095204,-0.4000479607090635,-0.9261294979876995,0.14358814730889774,0.025990578090238952,-0.7306694570581862,-0.8646362259798719,1.8894590522342138,1.4619836705860423,-0.33938049982369556,0.8025798827439837,0.013188056123139297,-1.228955870626655
1.6936664611143781,-1.316491437698264,-0.28757831991746435,-1.311344626318556,0.5237977870180425,0.7271042059636481,-2.302180983485785,-1.1787896750286455,1.4674793700684556,-1.6032414573585734,-0.4989688548914006,0.040269877342036395,-1.067891001588149,0.2524182865609115,0.25223894631671423,0.4952407630731402,-1.1621700058844544,-0.09376217378104815,-0.9417511697857497,-0.08097524480329017,-0.6335358051970774,-0.35868963525344555,0.03519074786709329,1.4619836705860423,1.7008178352088397,-1.2889426463019276,0.5844066675030166,1.4777395695070552,-0.41231606393254866
-2.6465715142624036,1.145457652364518,1.4559417091528264,0.7930641890456173,-1.2115311230324486,-0.5185659916962476,2.794953149995582,2.902878086483266,-0.5337392681761961,2.825306548535905,0.7753338400984474,-0.3899591049330799,1.7135488516122306,-0.4274045212355067,-1.2044470272230272,-0.28451781210335647,1.465149723411899,-0.3877788849927855,0.4570334655291318,0.8277559128818642,1.0935764806709707,-0.3108637223551103,-1.3204516592446063,-0.33938049982369556,-1.2889426463019276,2.490724956936168,-0.24920021402223064,-3.283224798231322,-1.0320205313466506
1.031746509071478,0.12233255617623459,-0.08457848934875585,0.2368326875364953,-0.822648040826041,0.4983092275784983,-0.024696769491827125,0.8118253643925087,1.0602465735576343,-0.7622993770433726,-0.18646766011786728,-0.2502161895460843,0.24883530693672967,1.092592478338857,-0.9301573057335677,1.105327894289863,-0.8058017191160136,0.03770889903888861,-0.3578400952541064,0.25976690601449975,0.3160885532975549,-0.5324574459731136,-0.8706793154775866,0.8025798827439837,0.5844066675030166,-0.24920021402223064,1.759976853953813,0.41772938386927816,0.3597885045247003
3.576175092934051,-1.0489601556886303,-2.113691760613483,-1.1670432752610602,1.5005616454329802,0.7503875074463662,-3.734804794948428,-3.5444956370478575,0.547970553040318,-3.8477471242806685,-0.7785928805838336,0.48424504278501007,-2.2567831006190753,0.8506215799412451,1.231185101588389,0.37362399750762054,-1.659828776530952,0.7055978646951548,-0.49102395013649086,-0.8940165595447085,-1.5935292002091264,0.5662661948003936,1.9531698793230579,0.013188056123139297,1.4777395695070552,-3.283224798231322,0.41772938386927816,4.61796763321449,1.955694893709769
1.1937272539439563,0.7928645736195526,-1.2117985081675295,0.248596910276417,0.17853934927828058,0.0916471393913194,-0.5316628260316345,-0.7409759300586384,-0.6180291686899642,-1.3649952617103995,0.06507515772663915,0.16249040506757934,-0.45395792119650175,0.8475761806987736,-0.04079062713171969,0.14828811719146304,-0.08800659446348845,0.6517871621429582,0.411300790886724,-0.2157201660864066,-0.5127156993060338,0.5805005231827699,1.0581679129857464,-1.228955870626655,-0.41231606393254866,-1.0320205313466506,0.3597885045247003,1.955694893709769,2.0465032082670604
