V1,V2,V3,V4,V5,V6,V7,V8,V9,V10,V11,V12,V13,V14,V15,V16,V17,V18,V19,V20,V21,V22,V23,V24,V25,V26,V27,V28,V29,V30,V31,V32,V33,V34,V35,V36,V37,V38,V39,V40,V41,V42,V43,V44
9.369057907991847,2.855661572897694,-7.504062736038573,2.5304794125388326,3.0679351349041717,6.658833926841294,-3.184071991878622,0.7927320855230598,-2.50953126480349,-2.075621909043104,-1.4655661530575181,10.19815864226632,-4.532560841630524,-1.2545094089989404,1.541552105646083,5.321095028134336,1.1019367021070285,-5.6609367919471465,-6.277000424108411,-6.762074769901487,2.769867669895005,-2.6638908243894495,4.061513906483641,0.98791707487061875,-1.946275949062624,4.203711283586707,-1.7788342663603556,1.2857330352177176,-1.233132039641118,3.037633788521091,4.453422622696631,-3.0267919854255045,3.3359469046289902,-8.460652920664915,-0.8146664104763508,-6.184089710091969,-8.90985732977354,-2.095804134965109,-9.232984635196765,0.42472855836936735,-1.0673096353930185,9.215195066685249,5.417258963908511,2.10092435685947
2.855661572897694,1.1925493807679994,-2.349999509779847,0.9761643844390058,1.3041462113591367,1.8717450830391325,-0.5604982588637857,0.41766270414006457,-0.7872194427394479,-0.260756590637733,-0.008392156454657386,3.0487769284447337,-1.2734717139061063,0.007815519040136278,0.38022641980767435,1.358720997913217,0.3699191101122775,-2.265429279244993,-1.992802647714648,-2.253754542884666,0.6927001188741831,-0.9501384906919644,1.615133058251633,0.1430254790666095,-0.40458928421627294,1.5203735946075105,-0.7660641932864396,0.705027935774469,-0.5284400579487526,1.0613774716239401,1.2289932019191727,-1.2076644574484845,1.1139024154551929,-2.6014744786098913,-0.14522596137995658,-1.216227918304603,-2.9590399077558804,-0.4157186082415713,-3.210504396299924,0.28769477185740205,-0.43984585901611234,2.8508619929906205,1.3411937973950974,0.5699245630095395
-7.504062736038573,-2.349999509779847,6.188944910936362,-2.1705899784748848,-2.6694299939168653,-5.76058256819735,2.20341576800146,-0.28345717496403744,2.4192603808719055,1.638795948284464,1.1155889874284959,-8.816110604120913,3.5185909859740923,1.0317452267272311,-1.1927038121090996,-4.409905690109376,-1.0618549155062407,4.714989497688054,5.256261229702471,5.4418145985132345,-2.397198958192473,2.423139130410862,-3.556872245235768,-0.8440194451823166,1.5653050795574093,-3.3763453026500865,1.709753345389835,-1.116101373568959,0.9589827482039044,-2.323507054476888,-3.927914260807422,2.401507920977467,-2.513748660071338,6.8220236871238225,0.7387001855247082,4.722752494759865,7.239747747514351,1.5461435490930955,7.492561060024686,-0.5506366179887577,1.1594092455699057,-7.577085834749286,-4.507023656542885,-1.7831013506914937
2.5304794125388326,0.9761643844390058,-2.1705899784748848,1.0764170749633037,1.280731260108548,2.0518085851308436,-0.2619728404984185,-0.07837640940679332,-1.123834290677734,-0.2248408512460445,-0.14432981281358476,3.2573725976314654,-1.0524791637893076,-0.17819874670860597,0.2696983694880165,1.3435493185097869,0.38777165335773717,-2.028817842481303,-1.9339095980098708,-1.9471696437355308,0.836629109074672,-1.0974262535950459,1.6785594162146458,0.23327464364840356,-0.3529957029481936,1.2742208617720527,-0.8600833609871004,0.5054272703575842,-0.3665907754544436,0.7469269612961249,1.4636768352688434,-0.88357302634396,0.7827101408978192,-2.423125014091226,-0.2276962230957074,-0.91437004203298,-2.5258581054849283,-0.3088873125972062,-2.752236726786375,0.4032216168598424,-0.6948267780427767,2.6181562382305,1.3858526946220493,0.616061710089978
3.0679351349041717,1.3041462113591367,-2.6694299939168653,1.280731260108548,1.6697408959321225,2.3996770710197715,-0.17288763142478938,0.01605781753731123,-1.3306652868500932,-0.17949466770003356,-0.01953769995692478,3.887986908096671,-1.2347228959247059,-0.056556279133382875,0.32446363524235416,1.55452043024645,0.5031127615739527,-2.645746671131466,-2.4072481430997175,-2.431637388154172,0.932995125739312,-1.3472432461063661,2.1396549495615522,0.2271676079507245,-0.3768191784477609,1.6387552164598984,-1.1162093760280845,0.7835456190971067,-0.5233994213596922,0.9803950211845819,1.6976554628821572,-1.206920614608559,1.038155420642982,-2.9090770229951635,-0.2180744735951899,-0.9295915845416935,-3.2035219631265335,-0.3139779460929738,-3.5030049390181124,0.5394412443353651,-0.8490638833560779,3.198249435371445,1.5570769281860168,0.727842994347887
6.658833926841294,1.8717450830391325,-5.76058256819735,2.0518085851308436,2.3996770710197715,6.144419970068653,-1.709597250976791,-0.6504344618270331,-2.949464076332146,-1.7768481699452918,-1.3263103572391348,9.183747552656394,-3.0270001250161007,-1.3942906845448677,1.056347084679532,4.46835397940925,1.2474028613396426,-3.9686956700599896,-4.995473620048788,-4.677647743161428,2.6522279085274163,-2.6000071356610945,3.3690388167023437,1.0045801840554467,-1.593100843616237,2.758870303490742,-1.8444181784417273,0.7943887379154942,-0.6181940486485143,1.683177646899185,4.337974692699358,-1.7710343548302285,1.7772767752575462,-6.148090333192498,-0.9554482494033745,-4.417319729678971,-6.334972474253524,-1.3358867968385124,-6.409935970949597,0.7351403135746533,-1.531030130872813,7.062370960834969,4.672037461303658,1.839527275500556
-3.184071991878622,-0.5604982588637857,2.20341576800146,-0.2619728404984185,-0.17288763142478938,-1.709597250976791,2.3051767959265197,-0.8194621933252241,-0.01570554265531667,1.2779669742005073,0.9803222944143978,-2.389227871098334,1.9015213815374914,0.7537232512219799,-0.7746831919388533,-1.892078107558454,-0.08017763163968938,0.9611856877468985,1.5550656139201842,2.054130348475264,-0.7799515744439068,0.15278174665588723,-0.26619323433622755,-0.36751411130525174,0.9458950521942853,-1.17090461291439,-0.18180181194708916,-0.016219027521434087,0.3289314516955434,-1.1456549728428282,-0.9541019597177633,0.8559062496943265,-1.3272799554001842,2.6972902065438125,0.26201501859883575,3.485173786086723,2.6871641946274685,1.2193460019476379,2.611029092354355,0.4326241195917237,-0.40849383483769897,-2.8027688416925236,-1.9527580738471202,-0.5839606327483423
0.7927320855230598,0.41766270414006457,-0.28345717496403744,-0.07837640940679332,0.01605781753731123,-0.6504344618270331,-0.8194621933252241,1.2368778317750957,0.9071290131028901,0.05427894545106048,0.20070937126226868,-0.809153008847798,-0.5711541179085693,0.3826914488331304,0.18608368052881386,-0.11023068409340755,-0.21849166500510128,-0.5000492068927387,-0.015960532156731242,-0.7152092196964523,-0.38700494550930015,0.4023919459921428,-0.1591968205321231,-0.18875177357659045,-0.03654920911894808,0.5453794007575419,0.3685005311241743,0.2648827033448869,-0.33531002626542705,0.7301415601410742,-0.6607217090827403,-0.6611545454612482,0.7874576792431713,-0.5164697703917952,0.22967377179876286,-0.6052971360492916,-0.8130392075082503,-0.2840694504420721,-0.9429988750618884,-0.37881848459863326,0.674455977160325,0.3941453731240321,-0.23408009700771623,-0.1412701267738557
-2.50953126480349,-0.7872194427394479,2.4192603808719055,-1.123834290677734,-1.3306652868500932,-2.949464076332146,-0.01570554265531667,0.9071290131028901,1.8758944826530717,0.5468410001012506,0.45888683908318834,-4.445017990891256,0.9382936314078245,0.5988776947123868,-0.2893010841835243,-1.8337955852857584,-0.640716000776256,1.8572460247431175,2.2942057075216615,1.7950598371908046,-1.291497645937293,1.4781088411370173,-1.8877046370933792,-0.45841758962789086,0.519787876363921,-1.0812664430047452,1.1737028235355802,-0.3819198490430636,0.1866769977496362,-0.39134220591766566,-2.204402462436628,0.565650961656709,-0.42987460314173054,2.4908752838048125,0.45404864515172066,1.108989474820912,2.478656776222005,0.30462979600782647,2.565724148564238,-0.6586333485848059,1.1783261284920963,-2.896071501401712,-1.9689873002135387,-0.8598552750186156
-2.075621909043104,-0.260756590637733,1.638795948284464,-0.2248408512460445,-0.17949466770003356,-1.7768481699452918,1.2779669742005073,0.05427894545106048,0.5468410001012506,1.0601301441313942,0.841585558546429,-2.4454806011912957,1.154777675483096,0.7708543462306866,-0.511666408373267,-1.578329342322995,-0.24678730553161596,0.5474305766380136,1.3016469764875975,1.26783639447137,-0.8261295210006138,0.3983851929121912,-0.3591195048446112,-0.39974175272623974,0.7252550956291007,-0.6406413033924734,0.13149605007672124,0.06014438702966561,0.0965592686180162,-0.4893279434699798,-1.1664258721491743,0.3483531197951045,-0.6101176574668712,1.804696108297243,0.3245085470392096,2.380874369341645,1.747843727807943,0.783208421995593,1.6175759206035514,0.0824594811685578,0.1020184727109937,-2.0557283167780533,-1.7009781452739217,-0.5596410591798578
-1.4655661530575181,-0.008392156454657386,1.1155889874284959,-0.14432981281358476,-0.01953769995692478,-1.3263103572391348,0.9803222944143978,0.20070937126226868,0.45888683908318834,0.841585558546429,0.8543078275774003,-1.7830738915309934,0.8304531534416325,0.7519433427180815,-0.3425270732708604,-1.207330058286564,-0.14029557272323878,0.17900715770072717,0.9500244960406844,0.8037751659421178,-0.663824648053282,0.28277737400762065,-0.18638788834798342,-0.3946371877309853,0.5468781701498965,-0.324221785565124,0.02657983574999825,0.23154499459600783,-0.018684376750220118,-0.24513360306281617,-0.9448217532235562,0.04995903998087095,-0.3609008394054453,1.2947306018937403,0.26343145932449,1.8217573361916837,1.060804929897527,0.6248430562817058,0.907826687477205,0.10629461199374296,0.08858988135412757,-1.4050648530060919,-1.309652130956418,-0.4511938060769345
10.19815864226632,3.0487769284447337,-8.816110604120913,3.2573725976314654,3.887986908096671,9.183747552656394,-2.389227871098334,-0.809153008847798,-4.445017990891256,-2.4454806011912957,-1.7830738915309934,13.86267073512021,-4.574514995774266,-1.8745410686436443,1.5437399724213214,6.625688513289725,1.8909572104666168,-6.404148725285805,-7.679106460549682,-7.28141688656808,3.9149013909539105,-4.018970939444548,5.36871855893484,1.445185848308176,-2.295408214539301,4.370573192774509,-2.912564143305873,1.3930734682903283,-1.0501935202365276,2.6952951370108185,6.493330531431626,-2.884892663756231,2.8254698285294255,-9.418818016629041,-1.3650939598680067,-6.312803136567324,-9.818922754953752,-1.9140477908612898,-10.025606852816171,1.1814716005333339,-2.353257798317991,10.784376982527109,6.88044719210373,2.75822513427614
-4.532560841630524,-1.2734717139061063,3.5185909859740923,-1.0524791637893076,-1.2347228959247059,-3.0270001250161007,1.9015213815374914,-0.5711541179085693,0.9382936314078245,1.154777675483096,0.8304531534416325,-4.574514995774266,2.303759573056738,0.6838949294368311,-0.8201790507310879,-2.574499147775631,-0.4321360353888198,2.4709777670045234,2.8514861143501076,3.206033996599101,-1.2769170346965677,1.057331222160132,-1.6395197539406436,-0.4704725566854882,1.0162225591298963,-1.970617499906849,0.6219138136775393,-0.5073811421758813,0.5790100711984593,-1.5127777554034574,-1.957294881455094,1.429200770400801,-1.6851304629788706,4.047494831439854,0.38152735736315285,3.381804052641935,4.214471279644201,1.1619621574383834,4.328705989885028,-0.03144880983707765,0.2814182370935199,-4.35029551411794,-2.630045986151572,-0.9667324841086197
-1.2545094089989404,0.007815519040136278,1.0317452267272311,-0.17819874670860597,-0.056556279133382875,-1.3942906845448677,0.7537232512219799,0.3826914488331304,0.5988776947123868,0.7708543462306866,0.7519433427180815,-1.8745410686436443,0.6838949294368311,0.7267077227681509,-0.2988732489311668,-1.153362645634913,-0.19627910774943572,0.15417493538217794,0.8821969969070483,0.6638047926304834,-0.6990512281758965,0.36469819662674596,-0.2433074584568944,-0.37188425314963125,0.5096696493264629,-0.2537512298307631,0.1272306109014085,0.20922126972755362,-0.05970664950531809,-0.13033926371313523,-1.0026462924259734,-0.0047577673495498895,-0.2065118206703088,1.1525598175856777,0.30061090822071324,1.5760777521892497,0.9222914361000347,0.5081901989674107,0.7736408468013802,0.009046734664201648,0.21568921109050643,-1.2965838339808666,-1.267833634691822,-0.4379480180416443
1.541552105646083,0.38022641980767435,-1.1927038121090996,0.2696983694880165,0.32446363524235416,1.056347084679532,-0.7746831919388533,0.18608368052881386,-0.2893010841835243,-0.511666408373267,-0.3425270732708604,1.5437399724213214,-0.8201790507310879,-0.2988732489311668,0.34631645673946154,0.9419535641708746,0.12719718443907055,-0.719964742022657,-0.9239052963248834,-1.043937313055303,0.4656245468931458,-0.2919046347589515,0.44200258606740483,0.1607643870154409,-0.4039437383578071,0.6487160862212611,-0.14901093567826212,0.1477097958770757,-0.18064936378896992,0.49977732114531936,0.6451227079640753,-0.46934238318762855,0.5894694390736187,-1.380899672151208,-0.15086146502531136,-1.3761781344662658,-1.4267256163136774,-0.4705792736450904,-1.4389742087413049,-0.020638317718345883,-0.053128340513388606,1.4755513240071103,0.9643999001953818,0.3334420411783019
5.321095028134336,1.358720997913217,-4.409905690109376,1.3435493185097869,1.55452043024645,4.46835397940925,-1.892078107558454,-0.11023068409340755,-1.8337955852857584,-1.578329342322995,-1.207330058286564,6.625688513289725,-2.574499147775631,-1.153362645634913,0.9419535641708746,3.512052926770476,0.8369489612985945,-2.8159453161940915,-3.7126004458338397,-3.657151197477192,1.9444223771941964,-1.681947278136955,2.1943808470762565,0.7802295739624637,-1.3528492585701464,2.1385493276014604,-1.0918883727740416,0.5160253969238141,-0.5039172296119051,1.4863047462790206,3.0809709199462185,-1.4136937711041198,1.599473620219172,-4.808089885788275,-0.6994129537104857,-4.037399982097197,-4.944965043897691,-1.2690646083351476,-4.926372732168918,0.297236826915441,-0.7911203481762344,5.4420024729922645,3.6263748005867735,1.3723107310670064
1.1019367021070285,0.3699191101122775,-1.0618549155062407,0.38777165335773717,0.5031127615739527,1.2474028613396426,-0.08017763163968938,-0.21849166500510128,-0.640716000776256,-0.24678730553161596,-0.14029557272323878,1.8909572104666168,-0.4321360353888198,-0.19627910774943572,0.12719718443907055,0.8369489612985945,0.3999617026139412,-0.7618868976784023,-0.9499626651543612,-0.8198247558619298,0.5029788044369572,-0.6160042885660635,0.7062883063143911,0.21153575587802378,-0.28571289081411044,0.44087220683960443,-0.4733771168699237,0.21592638173216225,-0.08713887149995499,0.27359041529673755,0.9340467595485715,-0.32195928917262184,0.18546551650040008,-0.9664118966622395,-0.2245768324762858,-0.5780128879287529,-1.1323505542138224,-0.08772654382331542,-1.102023445813314,0.20875355528204614,-0.3556157940568196,1.321602018941969,0.845229419432116,0.35210109523883687
-5.6609367919471465,-2.265429279244993,4.714989497688054,-2.028817842481303,-2.645746671131466,-3.9686956700599896,0.9611856877468985,-0.5000492068927387,1.8572460247431175,0.5474305766380136,0.17900715770072717,-6.404148725285805,2.4709777670045234,0.15417493538217794,-0.719964742022657,-2.8159453161940915,-0.7618868976784023,4.462298159661269,4.096711623311411,4.405875296600968,-1.5347902634278139,2.037156009026527,-3.351018040744931,-0.3846327067176099,0.8078923108707492,-2.9456108625466246,1.6242347495793075,-1.302746595312468,0.9722051600298238,-1.9610464147630586,-2.700959804183495,2.234928740577746,-2.0938112030127414,5.238769962760303,0.3453373790650737,2.3514376177120484,5.78785238078868,0.8152736921027176,6.259802979154139,-0.66314716263114,1.073717460922365,-5.695911075311309,-2.7999585834550604,-1.225255747189973
-6.277000424108411,-1.992802647714648,5.256261229702471,-1.9339095980098708,-2.4072481430997175,-4.995473620048788,1.5550656139201842,-0.015960532156731242,2.2942057075216615,1.3016469764875975,0.9500244960406844,-7.679106460549682,2.8514861143501076,0.8821969969070483,-0.9239052963248834,-3.7126004458338397,-0.9499626651543612,4.096711623311411,4.605015678393197,4.583995792882902,-2.070468874130896,2.2186280318424507,-3.229131832033641,-0.7614487546180674,1.2455492978520304,-2.8298946168033923,1.611961663550692,-0.9611178209698295,0.7960864035680916,-1.8518873506061806,-3.4906446674261775,1.9537427117863089,-2.031876264342923,5.7387733141176955,0.6148737684775591,3.6723429983470046,6.074836849288464,1.216267548288048,6.3035242768708954,-0.5961077506731185,1.192246578097654,-6.404330996505316,-3.8087429326729056,-1.5590255839805998
-6.762074769901487,-2.253754542884666,5.4418145985132345,-1.9471696437355308,-2.431637388154172,-4.677647743161428,2.054130348475264,-0.7152092196964523,1.7950598371908046,1.26783639447137,0.8037751659421178,-7.28141688656808,3.206033996599101,0.6638047926304834,-1.043937313055303,-3.657151197477192,-0.8198247558619298,4.405875296600968,4.583995792882902,5.026272975354905,-1.877445342022582,2.0174678976624643,-3.164555390661574,-0.6350693399369629,1.274837814943274,-3.1626249200573056,1.4044285959335903,-1.1020343331009468,0.979575069550648,-2.261113010121936,-3.124554714868415,2.35535950074323,-2.4647752877012055,6.089793592940406,0.5086011431865362,4.045891815705659,6.560404541242344,1.3803098331028896,6.903668160964695,-0.3848749278935009,0.8266178000758062,-6.6722689315608195,-3.7118655603808803,-1.476198337538471
2.769867669895005,0.6927001188741831,-2.397198958192473,0.836629109074672,0.932995125739312,2.6522279085274163,-0.7799515744439068,-0.38700494550930015,-1.291497645937293,-0.8261295210006138,-0.663824648053282,3.9149013909539105,-1.2769170346965677,-0.6990512281758965,0.4656245468931458,1.9444223771941964,0.5029788044369572,-1.5347902634278139,-2.070468874130896,-1.877445342022582,1.1872461093030857,-1.0708851928212708,1.3471165113564896,0.45652126222403067,-0.7131017507425272,1.0965003949469883,-0.7399418370463979,0.24939469498030248,-0.21037934134802408,0.6478109491057061,1.8785031041503266,-0.6509365054920228,0.7011566514645711,-2.5958462388112413,-0.439334631792911,-1.9845183275686542,-2.577630317821611,-0.6057413785445883,-2.5726974489828742,0.2981106166137708,-0.6574099883632748,2.9345427483238717,2.041606141065612,0.7960428251534051
-2.6638908243894495,-0.9501384906919644,2.423139130410862,-1.0974262535950459,-1.3472432461063661,-2.6000071356610945,0.15278174665588723,0.4023919459921428,1.4781088411370173,0.3983851929121912,0.28277737400762065,-4.018970939444548,1.057331222160132,0.36469819662674596,-0.2919046347589515,-1.681947278136955,-0.6160042885660635,2.037156009026527,2.2186280318424507,2.0174678976624643,-1.0708851928212708,1.365550833800523,-1.8451681934201196,-0.37828951380762665,0.47807074169197195,-1.2252078699573574,1.054706333452273,-0.5059141487064773,0.2973710681540878,-0.6465837030215129,-1.9113931017463388,0.818790331819454,-0.647740765184434,2.516790115799226,0.36269801560332476,1.0959713898373593,2.672420659106839,0.296274262414541,2.8150027352044082,-0.5159584403059538,0.9061779414783779,-2.944168178762706,-1.746611774889704,-0.77028046286729
4.061513906483641,1.615133058251633,-3.556872245235768,1.6785594162146458,2.1396549495615522,3.3690388167023437,-0.26619323433622755,-0.1591968205321231,-1.8877046370933792,-0.3591195048446112,-0.18638788834798342,5.36871855893484,-1.6395197539406436,-0.2433074584568944,0.44200258606740483,2.1943808470762565,0.7062883063143911,-3.351018040744931,-3.229131832033641,-3.164555390661574,1.3471165113564896,-1.8451681934201196,2.806308521405384,0.38854622039608017,-0.5612274031089133,2.0715793295920335,-1.4791137124455698,0.92690413912203,-0.6157805651399574,1.1912247908811384,2.4146442639211987,-1.4735023184644596,1.27836357108594,-3.8608709259624,-0.35399213376874633,-1.3954915743825187,-4.160575758223375,-0.45844580332486085,-4.512593631769307,0.7164485504845158,-1.1868409935422546,4.27550292170854,2.2301298185719576,1.0263661448250259
0.98791707487061875,0.1430254790666095,-0.8440194451823166,0.23327464364840356,0.2271676079507245,1.0045801840554467,-0.36751411130525174,-0.18875177357659045,-0.45841758962789086,-0.39974175272623974,-0.3946371877309853,1.445185848308176,-0.4704725566854882,-0.37188425314963125,0.1607643870154409,0.7802295739624637,0.21153575587802378,-0.3846327067176099,-0.7614487546180674,-0.6350693399369629,0.45652126222403067,-0.37828951380762665,0.38854622039608017,0.2541919282663339,-0.3042115386638704,0.28821291318400455,-0.21269199177917392,-0.017558482241360727,-0.020196650356374628,0.1798421214914072,0.7558543232387005,-0.12728820875037344,0.1973754240353818,-0.872196112364838,-0.1811000393219238,-0.8696959015713528,-0.8346245738692748,-0.2627520283807393,-0.7731731395390019,0.05463156837724269,-0.20101843029944838,1.0513792220254718,0.8289190290739763,0.32400042780847543
-1.946275949062624,-0.40458928421627294,1.5653050795574093,-0.3529957029481936,-0.3768191784477609,-1.593100843616237,0.9458950521942853,-0.03654920911894808,0.519787876363921,0.7252550956291007,0.5468781701498965,-2.295408214539301,1.0162225591298963,0.5096696493264629,-0.4039437383578071,-1.3528492585701464,-0.28571289081411044,0.8078923108707492,1.2455492978520304,1.274837814943274,-0.7131017507425272,0.47807074169197195,-0.5612274031089133,-0.3042115386638704,0.5900599084530076,-0.7096943624671544,0.2523076955410251,-0.1030111503903263,0.15264957103796087,-0.5633249969556922,-1.0637351816058644,0.47286952367365487,-0.5953270323053631,1.7139101931235927,0.2832373294534647,1.8086094470695833,1.750504377180201,0.5585943974799161,1.6794920817020942,0.0045347678346667995,0.1358810880452676,-1.9573230129772126,-1.40116361589728,-0.489715319369961
4.203711283586707,1.5203735946075105,-3.3763453026500865,1.2742208617720527,1.6387552164598984,2.758870303490742,-1.17090461291439,0.5453794007575419,-1.0812664430047452,-0.6406413033924734,-0.324221785565124,4.370573192774509,-1.970617499906849,-0.2537512298307631,0.6487160862212611,2.1385493276014604,0.44087220683960443,-2.9456108625466246,-2.8298946168033923,-3.1626249200573056,1.0965003949469883,-1.2252078699573574,2.0715793295920335,0.28821291318400455,-0.7096943624671544,2.101363476037307,-0.9158032763384784,0.8169646871513023,-0.6885969714668656,1.4880647042629098,1.7972083559197447,-1.5918445761256519,1.637106400785861,-3.848023128167096,-0.2553521958786956,-2.2918361080453984,-4.175673338684915,-0.812581887938206,-4.455347619609988,0.2896119281161846,-0.5282940452610797,4.104253178781825,2.1318716140995435,0.8633843731253231
-1.7788342663603556,-0.7660641932864396,1.709753345389835,-0.8600833609871004,-1.1162093760280845,-1.8444181784417273,-0.18180181194708916,0.3685005311241743,1.1737028235355802,0.13149605007672124,0.02657983574999825,-2.912564143305873,0.6219138136775393,0.1272306109014085,-0.14901093567826212,-1.0918883727740416,-0.4733771168699237,1.6242347495793075,1.611961663550692,1.4044285959335903,-0.7399418370463979,1.054706333452273,-1.4791137124455698,-0.21269199177917392,0.2523076955410251,-0.9158032763384784,0.8993022795433968,-0.4818121531189766,0.2470700337497449,-0.4407119478110576,-1.3721274742730627,0.6241666245444223,-0.41751027297999405,1.72411070457566,0.2334310957256732,0.40314754492991567,1.9103925685369356,0.07784486659697629,2.0453324174737557,-0.49257104265305635,0.7758081207934661,-2.043087136575892,-1.119254298827145,-0.5279060675464045
1.2857330352177176,0.705027935774469,-1.116101373568959,0.5054272703575842,0.7835456190971067,0.7943887379154942,-0.016219027521434087,0.2648827033448869,-0.3819198490430636,0.06014438702966561,0.23154499459600783,1.3930734682903283,-0.5073811421758813,0.20922126972755362,0.1477097958770757,0.5160253969238141,0.21592638173216225,-1.302746595312468,-0.9611178209698295,-1.1020343331009468,0.24939469498030248,-0.5059141487064773,0.92690413912203,-0.017558482241360727,-0.1030111503903263,0.8169646871513023,-0.4818121531189766,0.5247588140830786,-0.32175078062243184,0.5623428265707342,0.5069689369554077,-0.7129690730388392,0.5665582083942003,-1.181808321439856,-0.024381340960701693,-0.22778713912502402,-1.4985344979136472,-0.06568305027315291,-1.6638649083603732,0.22681219011219847,-0.2598948948988834,1.3311792081217235,0.44866613506842257,0.2304561960951911
-1.233132039641118,-0.5284400579487526,0.9589827482039044,-0.3665907754544436,-0.5233994213596922,-0.6181940486485143,0.3289314516955434,-0.33531002626542705,0.1866769977496362,0.0965592686180162,-0.018684376750220118,-1.0501935202365276,0.5790100711984593,-0.05970664950531809,-0.18064936378896992,-0.5039172296119051,-0.08713887149995499,0.9722051600298238,0.7960864035680916,0.979575069550648,-0.21037934134802408,0.2973710681540878,-0.6157805651399574,-0.020196650356374628,0.15264957103796087,-0.6885969714668656,0.2470700337497449,-0.32175078062243184,0.2666272183870325,-0.5199612074757748,-0.36785771943892004,0.5659509850434903,-0.5728162746543185,1.1074790471741922,0.007322851761742725,0.5541362408629555,1.2812433843990196,0.21797071320505326,1.4030701849415295,-0.06692215861112,0.0861544201237624,-1.1567049220703192,-0.47825751113881276,-0.20177667826935358
3.037633788521091,1.0613774716239401,-2.323507054476888,0.7469269612961249,0.9803950211845819,1.683177646899185,-1.1456549728428282,0.7301415601410742,-0.39134220591766566,-0.4893279434699798,-0.24513360306281617,2.6952951370108185,-1.5127777554034574,-0.13033926371313523,0.49977732114531936,1.4863047462790206,0.27359041529673755,-1.9610464147630586,-1.8518873506061806,-2.261113010121936,0.6478109491057061,-0.6465837030215129,1.1912247908811384,0.1798421214914072,-0.5633249969556922,1.4880647042629098,-0.4407119478110576,0.5623428265707342,-0.5199612074757748,1.2340107415908799,1.0452024299144196,-1.200866102318178,1.289444978005755,-2.67512334127033,-0.15176713420524912,-1.8858771838439239,-2.9786928990848374,-0.6445252488382894,-3.11288664128096,0.01497447399585906,-0.06020620524691706,2.8617003697856385,1.4193555411706589,0.5420875971577469
4.453422622696631,1.2289932019191727,-3.927914260807422,1.4636768352688434,1.6976554628821572,4.337974692699358,-0.9541019597177633,-0.6607217090827403,-2.204402462436628,-1.1664258721491743,-0.9448217532235562,6.493330531431626,-1.957294881455094,-1.0026462924259734,0.6451227079640753,3.0809709199462185,0.9340467595485715,-2.700959804183495,-3.4906446674261775,-3.124554714868415,1.8785031041503266,-1.9113931017463388,2.4146442639211987,0.7558543232387005,-1.0637351816058644,1.7972083559197447,-1.3721274742730627,0.5069689369554077,-0.36785771943892004,1.0452024299144196,3.1479828372877128,-1.099189483343209,1.0716093164660008,-4.123176542122572,-0.6884563598669732,-2.8081089864803044,-4.220558504642702,-0.8196358688890051,-4.24037753440536,0.5820221336922894,-1.1838768452627195,4.808692057441111,3.222606799062684,1.304213413162611
-3.0267919854255045,-1.2076644574484845,2.401507920977467,-0.88357302634396,-1.206920614608559,-1.7710343548302285,0.8559062496943265,-0.6611545454612482,0.565650961656709,0.3483531197951045,0.04995903998087095,-2.884892663756231,1.429200770400801,-0.0047577673495498895,-0.46934238318762855,-1.4136937711041198,-0.32195928917262184,2.234928740577746,1.9537427117863089,2.35535950074323,-0.6509365054920228,0.818790331819454,-1.4735023184644596,-0.12728820875037344,0.47286952367365487,-1.5918445761256519,0.6241666245444223,-0.7129690730388392,0.5659509850434903,-1.200866102318178,-1.099189483343209,1.3115511089671028,-1.2773558660739948,2.713881493423661,0.13101116823300057,1.553682224175998,3.10026243598657,0.535634688609555,3.338255493308567,-0.1642372097037992,0.24796055039384715,-2.9349446103308026,-1.360768320322635,-0.5525133680294865
3.3359469046289902,1.1139024154551929,-2.513748660071338,0.7827101408978192,1.038155420642982,1.7772767752575462,-1.3272799554001842,0.7874576792431713,-0.42987460314173054,-0.6101176574668712,-0.3609008394054453,2.8254698285294255,-1.6851304629788706,-0.2065118206703088,0.5894694390736187,1.599473620219172,0.18546551650040008,-2.0938112030127414,-2.031876264342923,-2.4647752877012055,0.7011566514645711,-0.647740765184434,1.27836357108594,0.1973754240353818,-0.5953270323053631,1.637106400785861,-0.41751027297999405,0.5665582083942003,-0.5728162746543185,1.289444978005755,1.0716093164660008,-1.2773558660739948,1.4776272654528266,-2.980615614406151,-0.11648010261632888,-2.1745554157200706,-3.227329186838536,-0.8155513880170006,-3.4195429294731103,0.004096522284672777,-0.08459695641462829,3.0710333397129213,1.5643968747486139,0.6021251219633573
-8.460652920664915,-2.6014744786098913,6.8220236871238225,-2.423125014091226,-2.9090770229951635,-6.148090333192498,2.6972902065438125,-0.5164697703917952,2.4908752838048125,1.804696108297243,1.2947306018937403,-9.418818016629041,4.047494831439854,1.1525598175856777,-1.380899672151208,-4.808089885788275,-0.9664118966622395,5.238769962760303,5.7387733141176955,6.089793592940406,-2.5958462388112413,2.516790115799226,-3.8608709259624,-0.872196112364838,1.7139101931235927,-3.848023128167096,1.72411070457566,-1.181808321439856,1.1074790471741922,-2.67512334127033,-4.123176542122572,2.713881493423661,-2.980615614406151,7.76961337968801,0.7552963434146304,5.406249168196368,8.062475843304085,1.855944110136269,8.40379550878625,-0.5009008678920267,1.1513403600428056,-8.341500079993537,-4.906918456027931,-1.9260554782971042
-0.8146664104763508,-0.14522596137995658,0.7387001855247082,-0.2276962230957074,-0.2180744735951899,-0.9554482494033745,0.26201501859883575,0.22967377179876286,0.45404864515172066,0.3245085470392096,0.26343145932449,-1.3650939598680067,0.38152735736315285,0.30061090822071324,-0.15086146502531136,-0.6994129537104857,-0.2245768324762858,0.3453373790650737,0.6148737684775591,0.5086011431865362,-0.439334631792911,0.36269801560332476,-0.35399213376874633,-0.1811000393219238,0.2832373294534647,-0.2553521958786956,0.2334310957256732,-0.024381340960701693,0.007322851761742725,-0.15176713420524912,-0.6884563598669732,0.13101116823300057,-0.11648010261632888,0.7552963434146304,0.2089470576740206,0.7155614223033959,0.7289726673067964,0.1751567547002284,0.669476800373936,-0.08728995555442451,0.21355211707613236,-0.927703677579099,-0.7324490846163737,-0.2681355456767609
-6.184089710091969,-1.216227918304603,4.722752494759865,-0.91437004203298,-0.9295915845416935,-4.417319729678971,3.485173786086723,-0.6052971360492916,1.108989474820912,2.380874369341645,1.8217573361916837,-6.312803136567324,3.381804052641935,1.5760777521892497,-1.3761781344662658,-4.037399982097197,-0.5780128879287529,2.3514376177120484,3.6723429983470046,4.045891815705659,-1.9845183275686542,1.0959713898373593,-1.3954915743825187,-0.8696959015713528,1.8086094470695833,-2.2918361080453984,0.40314754492991567,-0.22778713912502402,0.5541362408629555,-1.8858771838439239,-2.8081089864803044,1.553682224175998,-2.1745554157200706,5.406249168196368,0.7155614223033959,6.078092388450949,5.437448648490645,2.032628519350015,5.294518882752149,0.2725795254629638,0.06832694711061923,-5.915680467212375,-4.202142700615537,-1.4142167088145183
-8.90985732977354,-2.9590399077558804,7.239747747514351,-2.5258581054849283,-3.2035219631265335,-6.334972474253524,2.6871641946274685,-0.8130392075082503,2.478656776222005,1.747843727807943,1.060804929897527,-9.818922754953752,4.214471279644201,0.9222914361000347,-1.4267256163136774,-4.944965043897691,-1.1323505542138224,5.78785238078868,6.074836849288464,6.560404541242344,-2.577630317821611,2.672420659106839,-4.160575758223375,-0.8346245738692748,1.750504377180201,-4.175673338684915,1.9103925685369356,-1.4985344979136472,1.2812433843990196,-2.9786928990848374,-4.220558504642702,3.10026243598657,-3.227329186838536,8.062475843304085,0.7289726673067964,5.437448648490645,8.71083875013949,1.8192985977281773,9.099552397894119,-0.562707620186199,1.1418562000052828,-8.855963615169202,-4.988653794834136,-1.9744911559469827
-2.095804134965109,-0.4157186082415713,1.5461435490930955,-0.3088873125972062,-0.3139779460929738,-1.3358867968385124,1.2193460019476379,-0.2840694504420721,0.30462979600782647,0.783208421995593,0.6248430562817058,-1.9140477908612898,1.1619621574383834,0.5081901989674107,-0.4705792736450904,-1.2690646083351476,-0.08772654382331542,0.8152736921027176,1.216267548288048,1.3803098331028896,-0.6057413785445883,0.296274262414541,-0.45844580332486085,-0.2627520283807393,0.5585943974799161,-0.812581887938206,0.07784486659697629,-0.06568305027315291,0.21797071320505326,-0.6445252488382894,-0.8196358688890051,0.535634688609555,-0.8155513880170006,1.855944110136269,0.1751567547002284,2.032628519350015,1.8192985977281773,0.7400235825866156,1.8200170939929052,0.11586535878775642,-0.003806829951326818,-1.9185519477484099,-1.3367514659669297,-0.45063803734959856
-9.232984635196765,-3.210504396299924,7.492561060024686,-2.752236726786375,-3.5030049390181124,-6.409935970949597,2.611029092354355,-0.9429988750618884,2.565724148564238,1.6175759206035514,0.907826687477205,-10.025606852816171,4.328705989885028,0.7736408468013802,-1.4389742087413049,-4.926372732168918,-1.102023445813314,6.259802979154139,6.3035242768708954,6.903668160964695,-2.5726974489828742,2.8150027352044082,-4.512593631769307,-0.7731731395390019,1.6794920817020942,-4.455347619609988,2.0453324174737557,-1.6638649083603732,1.4030701849415295,-3.11288664128096,-4.24037753440536,3.338255493308567,-3.4195429294731103,8.40379550878625,0.669476800373936,5.294518882752149,9.099552397894119,1.8200170939929052,9.642805527821514,-0.6498414057251691,1.2534212567854892,-9.141224625250645,-4.984586390064637,-2.0025411933769615
0.42472855836936735,0.28769477185740205,-0.5506366179887577,0.4032216168598424,0.5394412443353651,0.7351403135746533,0.4326241195917237,-0.37881848459863326,-0.6586333485848059,0.0824594811685578,0.10629461199374296,1.1814716005333339,-0.03144880983707765,0.009046734664201648,-0.020638317718345883,0.297236826915441,0.20875355528204614,-0.66314716263114,-0.5961077506731185,-0.3848749278935009,0.2981106166137708,-0.5159584403059538,0.7164485504845158,0.05463156837724269,0.0045347678346667995,0.2896119281161846,-0.49257104265305635,0.22681219011219847,-0.06692215861112,0.01497447399585906,0.5820221336922894,-0.1642372097037992,0.004096522284672777,-0.5009008678920267,-0.08728995555442451,0.2725795254629638,-0.562707620186199,0.11586535878775642,-0.6498414057251691,0.3381764399024088,-0.49894514355864994,0.6204936960475964,0.3215392788731955,0.19460010859273988
-1.0673096353930185,-0.43984585901611234,1.1594092455699057,-0.6948267780427767,-0.8490638833560779,-1.531030130872813,-0.40849383483769897,0.674455977160325,1.1783261284920963,0.1020184727109937,0.08858988135412757,-2.353257798317991,0.2814182370935199,0.21568921109050643,-0.053128340513388606,-0.7911203481762344,-0.3556157940568196,1.073717460922365,1.192246578097654,0.8266178000758062,-0.6574099883632748,0.9061779414783779,-1.1868409935422546,-0.20101843029944838,0.1358810880452676,-0.5282940452610797,0.7758081207934661,-0.2598948948988834,0.0861544201237624,-0.06020620524691706,-1.1838768452627195,0.24796055039384715,-0.08459695641462829,1.1513403600428056,0.21355211707613236,0.06832694711061923,1.1418562000052828,-0.003806829951326818,1.2534212567854892,-0.49894514355864994,0.8283192019761078,-1.3539238880915883,-0.8802401187776048,-0.4320608734907842
9.215195066685249,2.8508619929906205,-7.577085834749286,2.6181562382305,3.198249435371445,7.062370960834969,-2.8027688416925236,0.3941453731240321,-2.896071501401712,-2.0557283167780533,-1.4050648530060919,10.784376982527109,-4.35029551411794,-1.2965838339808666,1.4755513240071103,5.4420024729922645,1.321602018941969,-5.695911075311309,-6.404330996505316,-6.6722689315608195,2.9345427483238717,-2.944168178762706,4.27550292170854,1.0513792220254718,-1.9573230129772126,4.104253178781825,-2.043087136575892,1.3311792081217235,-1.1567049220703192,2.8617003697856385,4.808692057441111,-2.9349446103308026,3.0710333397129213,-8.341500079993537,-0.927703677579099,-5.915680467212375,-8.855963615169202,-1.9185519477484099,-9.141224625250645,0.6204936960475964,-1.3539238880915883,9.304816750161686,5.562225464376555,2.1813409571566162
5.417258963908511,1.3411937973950974,-4.507023656542885,1.3858526946220493,1.5570769281860168,4.672037461303658,-1.9527580738471202,-0.23408009700771623,-1.9689873002135387,-1.7009781452739217,-1.309652130956418,6.88044719210373,-2.630045986151572,-1.267833634691822,0.9643999001953818,3.6263748005867735,0.845229419432116,-2.7999585834550604,-3.8087429326729056,-3.7118655603808803,2.041606141065612,-1.746611774889704,2.2301298185719576,0.8289190290739763,-1.40116361589728,2.1318716140995435,-1.119254298827145,0.44866613506842257,-0.47825751113881276,1.4193555411706589,3.222606799062684,-1.360768320322635,1.5643968747486139,-4.906918456027931,-0.7324490846163737,-4.202142700615537,-4.988653794834136,-1.3367514659669297,-4.984586390064637,0.3215392788731955,-0.8802401187776048,5.562225464376555,3.819755827838407,1.4302916592190782
2.10092435685947,0.5699245630095395,-1.7831013506914937,0.616061710089978,0.727842994347887,1.839527275500556,-0.5839606327483423,-0.1412701267738557,-0.8598552750186156,-0.5596410591798578,-0.4511938060769345,2.75822513427614,-0.9667324841086197,-0.4379480180416443,0.3334420411783019,1.3723107310670064,0.35210109523883687,-1.225255747189973,-1.5590255839805998,-1.476198337538471,0.7960428251534051,-0.77028046286729,1.0263661448250259,0.32400042780847543,-0.489715319369961,0.8633843731253231,-0.5279060675464045,0.2304561960951911,-0.20177667826935358,0.5420875971577469,1.304213413162611,-0.5525133680294865,0.6021251219633573,-1.9260554782971042,-0.2681355456767609,-1.4142167088145183,-1.9744911559469827,-0.45063803734959856,-2.0025411933769615,0.19460010859273988,-0.4320608734907842,2.1813409571566162,1.4302916592190782,0.5739969216423774
