V1,V2,V3,V4,V5,V6,V7,V8,V9,V10,V11,V12,V13,V14,V15,V16,V17,V18,V19,V20,V21,V22,V23,V24,V25,V26,V27,V28,V29,V30,V31,V32,V33,V34,V35,V36,V37,V38,V39,V40,V41,V42,V43,V44
368.41423202214895,117.46390648838305,-302.9998376502978,108.31353975721869,136.3954962867732,280.59168444714845,-102.52991345510095,15.733062250704101,-119.4759193474339,-75.0623455127101,-49.85975640853595,428.13132650601034,-170.17902710712391,-47.0428116573317,56.2761734614639,211.31801042772912,52.526524184681,-237.1620023437901,-257.705544546327,-268.3738437877334,115.15912944879366,-121.30103471312499,178.96853790026123,38.86295039946343,-73.92627175906684,167.96176077361497,-85.76796803069263,55.85026395952141,-47.28142046838625,113.90635811970742,191.00601988530227,-121.10523140549893,122.25997356270098,-335.1232304654608,-35.02843498556786,-222.43559858591124,-354.75175930574073,-73.32526909285234,-369.60218695979137,25.891285714237615,-59.15443758772967,369.83306893421855,215.3996132730978,86.42236233035793
117.46390648838305,38.22933378925018,-97.30388769829759,35.390068516192834,42.86025096691612,89.71712605205255,-33.3574648958213,4.800450420064676,-38.132510620240815,-24.55164706168909,-16.064859943520688,138.7199166500129,-55.160118217622006,-14.828408591877356,18.67057378979373,68.36953361891258,16.24692438350313,-75.81357921062424,-82.69371940370785,-86.20932450345998,37.31316005175214,-38.41975740173078,57.33928933890258,12.818597031683197,-23.800544019923603,53.829394332801016,-27.624455395127143,18.802822754510338,-15.825157063893618,36.803141947937895,61.012945240964484,-38.385345614641395,40.18509123499747,-107.32074641560092,-11.172649088321979,-71.9076781961935,-114.69740628382405,-23.641467387477125,-119.52172634174816,10.024320235563522,-18.713208856992303,119.24251123994348,70.1710058223648,27.743255132334536
-302.9998376502978,-97.30388769829759,249.8242303640052,-89.85075926363707,-111.61568469422922,-230.99943393144298,84.92338625917117,-12.743180591483727,98.29969971900512,62.28920445724359,41.15737493869099,-354.1007391694939,140.77043748437129,38.53835003676798,-46.93714529067486,-174.68761465574454,-42.74882399382338,195.22992173990627,212.42011207863754,221.29612092885478,-95.24819149312565,99.53356766746423,-147.44109782512578,-32.34470237268949,61.00621971301833,-138.38859207212298,70.78887390581296,-46.825533699447476,39.558486876656964,-94.11611893676371,-157.1927763035573,99.3976588940387,-101.63170053017443,276.0458165011927,28.813198549910876,183.82562719478364,293.18760962121206,60.54230406386979,305.4823432690466,-22.881081926194746,48.520909237182316,-305.3543736763902,-178.49312435589147,-71.24642608452376
108.31353975721869,35.390068516192834,-89.85075926363707,32.94770782038591,39.41386724384085,82.75948437521392,-30.90136797795333,4.231388675500859,-35.297244990501824,-22.775651073358247,-14.941139422252979,128.391102641723,-51.084678729490214,-13.711459199858142,17.396808904937153,63.22019439133822,14.683071545687238,-69.97193541559948,-76.38422180255125,-79.59724149895501,34.59838142363215,-35.342037892060496,53.01395763378476,11.90273324006324,-21.937679803364315,49.73576300716128,-25.524731941871735,17.49207730244636,-14.766420711631598,33.96325930301422,56.25858016187761,-35.25093544770504,37.374736491007106,-99.22308665611499,-10.265862531725151,-66.48527340429543,-106.06250775103794,-21.938824804516347,-110.60823274427725,9.71713060754383,-17.338694468804615,110.17272488473152,65.05279622301528,25.634657094475426
136.3954962867732,42.86025096691612,-111.61568469422922,39.41386724384085,51.00400668254328,103.6777249809525,-37.42166485906541,5.993468271213703,-44.205315594843945,-27.290576776615765,-18.32475777442618,156.7190529450591,-62.2787241399345,-17.55608886873173,20.249596881862836,77.43350752922939,19.845086769107667,-87.64448656145316,-94.98154662487039,-98.83840988050353,42.157187133223665,-45.113249954906046,66.03624503850232,14.041471213262154,-27.1829165650792,61.962124896934924,-31.528659652961604,19.87311021669288,-16.89982122362558,41.777845491227794,70.62299939805467,-45.01785458436815,44.29380868106728,-123.69663786091868,-12.96540281650607,-81.55514676195168,-130.05512443180604,-26.936835907905962,-135.48279090454463,8.161446245498038,-22.02254980374224,135.8496642923848,78.54246957640783,31.84332842072429
280.59168444714845,89.71712605205255,-230.99943393144298,82.75948437521392,103.6777249809525,213.79930119787838,-78.30792625081803,11.919946971557557,-91.00069496449916,-57.366969621557345,-38.00894659824939,326.79745071382456,-129.900824779617,-35.7668624454413,43.10012225452286,161.2735672401054,39.86158196149849,-180.69005343538905,-196.429233417142,-204.59975391133042,87.90406178504197,-92.30283170372189,136.38435424267567,29.72788954702985,-56.38991956719411,128.01487098655616,-65.4144543195378,42.867326348040905,-36.24935654575676,86.92197725154602,145.51282231715837,-92.1781821201647,93.4959912799325,-255.38541479726342,-26.69241306726237,-169.7406973544971,-270.7066385064522,-55.92084421459536,-282.03629073981466,20.28188248872391,-44.99603942365643,282.1068273644619,164.53243594783712,65.87765190555268
-102.52991345510095,-33.3574648958213,84.92338625917117,-30.90136797795333,-37.42166485906541,-78.30792625081803,29.111360008611612,-4.1689222735868405,33.30364505228478,21.42446736698517,14.031024892007409,-121.06477600625695,48.14282969063432,12.955808265894378,-16.295223398260518,-59.663862720053096,-14.159268890629095,66.17642154670243,72.17427723180877,75.23555518132936,-32.575163504052846,33.53248266471103,-50.05751003916699,-11.180924546411587,20.765584406790282,-46.990586953001745,24.108576270133334,-16.395116250270142,13.806898550834443,-32.10987402761968,-53.25157492928146,33.49536453194774,-35.07279538590831,93.69821031646805,9.749471804936256,62.753607557994044,100.09521269057748,20.6445594889518,104.31595138969537,-8.746191853019585,16.352204240732988,-104.0603723574849,-61.23949845120869,-24.215219964745092
15.733062250704101,4.800450420064676,-12.743180591483727,4.231388675500859,5.993468271213703,11.919946971557557,-4.1689222735868405,0.886744964378447,-4.965014926676917,-3.009516312943563,-1.9940676008439504,17.585042902579673,-6.958719998800929,-1.9896770023928771,2.1491872777715306,8.746755568316281,2.583266813138631,-10.044491635275236,-10.829058881129841,-11.298328416075663,4.664745571673682,-5.290270688122762,7.4790102627335315,1.5399834294745147,-3.1381876204449064,7.044121536742589,-3.5825786249191394,2.130119031518429,-1.7736730490871029,4.784802859790656,8.146268023853162,-5.33137058242025,4.787171733617931,-14.002223806816803,-1.5256313404800743,-9.218619816880931,-14.691301057444559,-2.9706908755673798,-15.22337188019536,0.4628402801024231,-2.460599208556659,15.442882402818396,8.705592976418352,3.621694086150935
-119.4759193474339,-38.132510620240815,98.29969971900512,-35.297244990501824,-44.205315594843945,-91.00069496449916,33.30364505228478,-4.965014926676917,38.85084162682106,24.393774584447574,16.25136456547145,-139.0212565438357,55.28225558714167,15.301747963155085,-18.329245283842084,-68.58116558716507,-16.84407634200162,76.9443062024076,83.62535268090028,87.05336246898685,-37.44685787063035,39.29277072855896,-58.12444052593403,-12.626303829531299,23.948386574033055,-54.52547171856836,27.830626571271498,-18.144630567023597,15.401832568198408,-36.91853487560414,-61.93148227594171,39.18305489755307,-39.79141044879991,108.84870562487407,11.333740461690791,72.19002606395472,115.13929076573326,23.864531079599754,120.02322720153215,-8.61026145077937,19.26327994465554,-119.9888830834,-69.99324523354836,-28.049952939699164
-75.0623455127101,-24.55164706168909,62.28920445724359,-22.775651073358247,-27.290576776615765,-57.366969621557345,21.42446736698517,-3.009516312943563,24.393774584447574,15.791113877013158,10.310399794479201,-89.00569118268109,35.40013238763226,9.460135289090037,-12.052447293975414,-43.84496048744373,-10.269615157003592,48.48243224643677,52.9352486617178,55.19124196869948,-23.94958877277676,24.505136939756714,-36.70066152015809,-8.26182847621332,15.235789646392682,-34.448889360863774,17.69652874148919,-12.167532871673233,10.237498731206609,-23.583983809466694,-39.003314812126234,24.475162092197625,-25.88648814513833,68.68142527392462,7.132412773965314,46.10510776823537,73.54666663688337,15.16432454408665,76.65735374617213,-6.709788134332271,11.952593079001545,-76.40471602343926,-45.089416779839944,-17.762078013527425
-49.85975640853595,-16.064859943520688,41.15737493869099,-14.941139422252979,-18.32475777442618,-38.00894659824939,14.031024892007409,-1.9940676008439504,16.25136456547145,10.310399794479201,6.855841126269311,-58.46237931074083,23.262686068166317,6.371626916695621,-7.797841391224477,-28.807956804482945,-6.872649333215311,32.156297167847576,35.028873464504244,36.46372536105578,-15.755653350385753,16.340178695112336,-24.341329644330916,-5.366971258538483,10.017011334813049,-22.81544171678659,11.667906883893819,-7.75575753396215,6.588099179168166,-15.47937402786282,-25.861673984611375,16.270164112953875,-16.874295567125042,45.552677351827434,4.708858040756573,30.310952922058124,48.36125469381025,10.039338997257415,50.442763920683184,-3.983622303060051,8.039625692494191,-50.3280326048318,-29.524872043102487,-11.75197641046431
428.13132650601034,138.7199166500129,-354.1007391694939,128.391102641723,156.7190529450591,326.79745071382456,-121.06477600625695,17.585042902579673,-139.0212565438357,-89.00569118268109,-58.46237931074083,503.88976036773363,-200.36184500537095,-54.21699253269392,67.50115799585141,248.40540118316778,59.509869217881764,-276.1828342749512,-300.99292740251377,-313.69358529814997,135.57352370756678,-140.2136325507692,208.8131686874484,46.37854908268512,-86.54347112377556,196.00572762321914,-100.46561873504761,67.73081258049838,-57.10162823686407,133.72653244102904,222.2787718830909,-140.0391468205094,145.56023232797043,-390.8838999284116,-40.705532604385084,-261.30964765553125,-416.79464998927494,-86.00445905333417,-434.34678741346113,35.209182567174814,-68.37877105887475,433.55077596536563,254.61229666714473,100.9760809962892
-170.17902710712391,-55.160118217622006,140.77043748437129,-51.084678729490214,-62.2787241399345,-129.900824779617,48.14282969063432,-6.958719998800929,55.28225558714167,35.40013238763226,23.262686068166317,-200.36184500537095,79.67617557310814,21.558375232821106,-26.8574133696461,-98.76356139786523,-23.6050522468354,109.7904475825304,119.66615794105576,124.70800830563405,-53.91725481093043,55.721022901142376,-83.02589993978239,-18.449835666118613,34.39598348894866,-77.92518629213083,39.941648962546985,-26.943247342957317,22.724469631345805,-53.15629082080082,-88.3533234753255,55.63869006585398,-57.909528020244856,155.4139777101878,16.17132838068884,103.89290479309955,165.7159845095288,34.20968550295625,172.70997757475328,-14.069000400645319,27.195103643487485,-172.36450436829753,-101.25944955249706,-40.14626195606506
-47.0428116573317,-14.828408591877356,38.53835003676798,-13.711459199858142,-17.55608886873173,-35.7668624454413,12.955808265894378,-1.9896770023928771,15.301747963155085,9.460135289090037,6.371626916695621,-54.21699253269392,21.558375232821106,6.073686121415934,-7.047740182308787,-26.76488591418472,-6.7283249716817295,30.252389728216137,32.80721909028913,34.123715814118754,-14.609997656319544,15.528364688722608,-22.83087842148312,-4.871713275278566,9.367606212904603,-21.407631186049517,10.891521619715316,-6.902963275347474,5.889836755160293,-14.412836193648445,-24.355786629889938,15.469637607501767,-15.392132521774572,42.764155362919034,4.455950881602658,28.18743615201035,44.95665288790995,9.344582755917662,46.8679724873214,-2.985081280603716,7.632343832978549,-46.92568031786944,-27.211697756903458,-11.002077008211538
56.2761734614639,18.67057378979373,-46.93714529067486,17.396808904937153,20.249596881862836,43.10012225452286,-16.295223398260518,2.1491872777715306,-18.329245283842084,-12.052447293975414,-7.797841391224477,67.50115799585141,-26.8574133696461,-7.047740182308787,9.296418484055872,33.21151528245334,7.490640003330264,-36.42131143011035,-39.863762879758966,-41.58691966043062,18.180256640701618,-18.27624437765058,27.624155123322442,6.3333349751482375,-11.495614131253904,25.93456765446758,-13.363059623835428,9.457393828015949,-7.935324618228057,17.83789461272275,29.27591814076655,-18.257469534267983,19.833481389017876,-51.69343706425838,-5.34799765036755,-34.90615679061133,-55.68346594170109,-11.473839469563426,-58.05960212046487,5.659357273204875,-8.932610082134586,57.728448710369385,34.3256798604858,13.381984599095757
211.31801042772912,68.36953361891258,-174.68761465574454,63.22019439133822,77.43350752922939,161.2735672401054,-59.663862720053096,8.746755568316281,-68.58116558716507,-43.84496048744373,-28.807956804482945,248.40540118316778,-98.76356139786523,-26.76488591418472,33.21151528245334,122.48129650969386,29.490825049514026,-136.2859893554208,-148.48521169399388,-154.75223946560467,66.81924242241861,-69.24947938109445,103.00664884914507,22.83349795764672,-42.70036716462098,96.69711422276434,-49.551700778201706,33.30895777043125,-28.077150702128545,65.95830373677835,109.70366806084475,-69.17743086047162,71.66353044914128,-192.8285397353552,-20.101616580646457,-128.85086753106995,-205.51382860412133,-42.39253282121015,-214.14458647186348,17.110318066837667,-33.74162180976535,213.8265721370674,125.45861780657097,49.810414103576214
52.526524184681,16.24692438350313,-42.74882399382338,14.683071545687238,19.845086769107667,39.86158196149849,-14.159268890629095,2.583266813138631,-16.84407634200162,-10.269615157003592,-6.872649333215311,59.509869217881764,-23.6050522468354,-6.7283249716817295,7.490640003330264,29.490825049514026,8.08118905412171,-33.648846230687774,-36.351151570084696,-37.86284975084574,15.926064451663201,-17.50909284982303,25.21847963710864,5.255803297994584,-10.457323164622434,23.70492431225836,-12.04592203231031,7.353167289671176,-6.205943326280666,16.00544561331017,27.187889821500633,-17.547851916192364,16.519890507265377,-47.24809927708972,-5.041029894696438,-31.075760140484334,-49.535114555279954,-10.165846723814454,-51.4894753214328,2.348539936903075,-8.387398664272435,51.89793419683652,29.643847070863632,12.17528727029868
-237.1620023437901,-75.81357921062424,195.22992173990627,-69.97193541559948,-87.64448656145316,-180.69005343538905,66.17642154670243,-10.044491635275236,76.9443062024076,48.48243224643677,32.156297167847576,-276.1828342749512,109.7904475825304,30.252389728216137,-36.42131143011035,-136.2859893554208,-33.648846230687774,152.72584623385654,166.03521663225771,172.9233508145424,-74.2996029641629,78.01402336150517,-115.29575142043987,-25.127132207964664,47.63872382744686,-108.20310365334196,55.283257010479865,-36.20185055823796,30.634534396392727,-73.43873704936782,-122.98282185660206,77.8839429803055,-79.02812823921884,215.88359393058755,22.54405248647211,143.4417742832961,228.77415639950667,47.2854801248538,238.3712481133749,-17.14508379998457,38.06224334943424,-238.40929737997027,-139.0553410812247,-55.68456567815538
-257.705544546327,-82.69371940370785,212.42011207863754,-76.38422180255125,-94.98154662487039,-196.429233417142,72.17427723180877,-10.829058881129841,83.62535268090028,52.9352486617178,35.028873464504244,-300.99292740251377,119.66615794105576,32.80721909028913,-39.863762879758966,-148.48521169399388,-36.351151570084696,166.03521663225771,180.65008894881242,188.17376936519878,-80.96693043951674,84.67052398905787,-125.40440151167802,-27.489813426357415,51.84708989981574,-117.68192043267898,60.1829116039588,-39.73356396842059,33.59569093805421,-79.9869953733363,-133.68069839178744,84.52474650189362,-86.36845661177802,234.767095216044,24.48438880560839,156.25540164054257,249.228653475145,51.49503550659518,259.7002954534075,-19.351866792099344,41.30366517678379,-259.5949069110743,-151.70732642380347,-60.58936712855754
-268.3738437877334,-86.20932450345998,221.29612092885478,-79.59724149895501,-98.83840988050353,-204.59975391133042,75.23555518132936,-11.298328416075663,87.05336246898685,55.19124196869948,36.46372536105578,-313.69358529814997,124.70800830563405,34.123715814118754,-41.58691966043062,-154.75223946560467,-37.86284975084574,172.9233508145424,188.17376936519878,196.0396032949368,-84.36628524176504,88.15654828095195,-130.59836984811508,-28.672684771756995,54.03884794509129,-122.57318159113773,62.706788259872155,-41.50538890141226,35.06164071538935,-83.37662254268464,-139.23522808159268,88.03208609769221,-90.05257099128347,244.49016368588366,25.51399747211229,162.84317167338116,259.73100269685796,53.628053660311515,270.62025788583554,-20.31291073675998,42.96192574369824,-270.5043446211883,-158.13919458898837,-63.11281662672117
115.15912944879366,37.31316005175214,-95.24819149312565,34.59838142363215,42.157187133223665,87.90406178504197,-32.575163504052846,4.664745571673682,-37.44685787063035,-23.94958877277676,-15.755653350385753,135.57352370756678,-53.91725481093043,-14.609997656319544,18.180256640701618,66.81924242241861,15.926064451663201,-74.2996029641629,-80.96693043951674,-84.36628524176504,36.50659035011868,-37.697786078309015,56.199658154735246,12.470408912749617,-23.26363536285146,52.74526842288617,-27.025195594549764,18.211150801193945,-15.373255071392256,35.94960925133697,59.77992473014968,-37.63227494043201,39.19124602431625,-105.21731194365478,-10.940785283672469,-70.2931291004035,-112.11767630246223,-23.167575959920335,-116.86869100854031,9.531254987729511,-18.435917514741867,116.60962350254536,68.51672337422482,27.16569270449349
-121.30103471312499,-38.41975740173078,99.53356766746423,-35.342037892060496,-45.113249954906046,-92.30283170372189,33.53248266471103,-5.290270688122762,39.29277072855896,24.505136939756714,16.340178695112336,-140.2136325507692,55.721022901142376,15.528364688722608,-18.27624437765058,-69.24947938109445,-17.50909284982303,78.01402336150517,84.67052398905787,88.15654828095195,-37.697786078309015,40.03266232536926,-58.813247592303945,-12.655936503248618,24.27534246253132,-55.197239090420865,28.147022616346046,-18.06666120607006,15.312043742222302,-37.35760587300871,-62.85705547286096,39.9723931673748,-39.83400020659871,110.13940868655452,11.538643545511052,72.91058179204556,116.27575175809767,24.034481132838483,121.1168468691984,-7.905555557126547,19.498504605514427,-121.33675027860394,-70.41046262199883,-28.38888858973702
178.96853790026123,57.33928933890258,-147.44109782512578,53.01395763378476,66.03624503850232,136.38435424267567,-50.05751003916699,7.4790102627335315,-58.12444052593403,-36.70066152015809,-24.341329644330916,208.8131686874484,-83.02589993978239,-22.83087842148312,27.624155123322442,103.00664884914507,25.21847963710864,-115.29575142043987,-125.40440151167802,-130.59836984811508,56.199658154735246,-58.813247592303945,87.09281070135101,19.03970441767065,-35.96275086684554,81.71780122313376,-41.76470251477821,27.471700955037587,-23.260138761108887,55.471130870560216,92.81548807281555,-58.6873979585195,59.88310239241961,-163.0617090213965,-16.99265450419251,-108.40616545001558,-172.90758087810886,-35.76752353770556,-180.2010904602698,13.299750768291323,-28.74553511506864,180.1216015321401,105.21755412483482,42.06193942519663
38.86295039946343,12.818597031683197,-32.34470237268949,11.90273324006324,14.041471213262154,29.72788954702985,-11.180924546411587,1.5399834294745147,-12.626303829531299,-8.26182847621332,-5.366971258538483,46.37854908268512,-18.449835666118613,-4.871713275278566,6.3333349751482375,22.83349795764672,5.255803297994584,-25.127132207964664,-27.489813426357415,-28.672684771756995,12.470408912749617,-12.655936503248618,19.03970441767065,4.345095829296222,-7.916273540277126,17.866960555815833,-9.199564692991682,6.435338982912597,-5.404453753971374,12.276032096107528,20.21054341826147,-12.638716891609727,13.567635732891572,-35.60760952733014,-3.686978646458782,-24.00064332651238,-38.29484489209847,-7.886079305919788,-39.91676043584033,3.7127463999895376,-6.162848525259452,39.74210252245438,23.5486415168316,9.224332989730751
-73.92627175906684,-23.800544019923603,61.00621971301833,-21.937679803364315,-27.1829165650792,-56.38991956719411,20.765584406790282,-3.1381876204449064,23.948386574033055,15.235789646392682,10.017011334813049,-86.54347112377556,34.39598348894866,9.367606212904603,-11.495614131253904,-42.70036716462098,-10.457323164622434,47.63872382744686,51.84708989981574,54.03884794509129,-23.26363536285146,24.27534246253132,-35.96275086684554,-7.916273540277126,14.922025534272379,-33.77314973238297,17.292694393617644,-11.510905093522382,9.69542856109997,-23.021532012795706,-38.36725267439933,24.27036684889953,-24.853909034467502,67.33680879098468,7.047371256857795,44.929585184759695,71.65140209809213,14.760772654474193,74.63071021104098,-5.668903220136713,11.792758046638971,-74.60850603265669,-43.63784689075902,-17.389353583602183
167.96176077361497,53.829394332801016,-138.38859207212298,49.73576300716128,61.962124896934924,128.01487098655616,-46.990586953001745,7.044121536742589,-54.52547171856836,-34.448889360863774,-22.81544171678659,196.00572762321914,-77.92518629213083,-21.407631186049517,25.93456765446758,96.69711422276434,23.70492431225836,-108.20310365334196,-117.68192043267898,-122.57318159113773,52.74526842288617,-55.197239090420865,81.71780122313376,17.866960555815833,-33.77314973238297,76.69187780290575,-39.202433313081215,25.811406551474875,-21.83397782735814,52.08745715543992,87.11427477548607,-55.103009275117365,56.19853387147937,-153.01300528018683,-15.964577100274413,-101.76567692476571,-162.30577788702266,-33.550048739161795,-169.1318279616956,12.482317941882155,-26.95060317811346,169.07545210667882,98.75864805135151,39.471737568263684
-85.76796803069263,-27.624455395127143,70.78887390581296,-25.524731941871735,-31.528659652961604,-65.4144543195378,24.108576270133334,-3.5825786249191394,27.830626571271498,17.69652874148919,11.667906883893819,-100.46561873504761,39.941648962546985,10.891521619715316,-13.363059623835428,-49.551700778201706,-12.04592203231031,55.283257010479865,60.1829116039588,62.706788259872155,-27.025195594549764,28.147022616346046,-41.76470251477821,-9.199564692991682,17.292694393617644,-39.202433313081215,20.06710555393419,-13.358577823352322,11.276381931570619,-26.691051203848627,-44.50673484580361,28.11143252058124,-28.89471287327876,78.1900820663392,8.156513830496772,52.13773498014408,83.15674262457189,17.165449149383612,86.64689285595787,-6.663306796558531,13.72029330670556,-86.57277820577065,-50.681469570239,-20.18684430754662
55.85026395952141,18.802822754510338,-46.825533699447476,17.49207730244636,19.87311021669288,42.867326348040905,-16.395116250270142,2.130119031518429,-18.144630567023597,-12.167532871673233,-7.75575753396215,67.73081258049838,-26.943247342957317,-6.902963275347474,9.457393828015949,33.30895777043125,7.353167289671176,-36.20185055823796,-39.73356396842059,-41.50538890141226,18.211150801193945,-18.06666120607006,27.471700955037587,6.435338982912597,-11.510905093522382,25.811406551474875,-13.358577823352322,9.746246614904537,-8.121500971532083,17.899898422981234,29.10409593788925,-18.08508145117569,20.05973337371603,-51.38371612055689,-5.323839097746125,-34.98617048449166,-55.81317234530931,-11.437895156838472,-58.16624557270443,6.167036722987873,-8.762847108533212,57.766261552556905,34.554367718538494,13.339189759307658
-47.28142046838625,-15.825157063893618,39.558486876656964,-14.766420711631598,-16.89982122362558,-36.24935654575676,13.806898550834443,-1.7736730490871029,15.401832568198408,10.237498731206609,6.588099179168166,-57.10162823686407,22.724469631345805,5.889836755160293,-7.935324618228057,-28.077150702128545,-6.205943326280666,30.634534396392727,33.59569093805421,35.06164071538935,-15.373255071392256,15.312043742222302,-23.260138761108887,-5.404453753971374,9.69542856109997,-21.83397782735814,11.276381931570619,-8.121500971532083,6.802464847780949,-15.070805691410246,-24.617020147877568,15.295324808562427,-16.87928118112015,43.50492379061041,4.487779910787008,29.49786376460449,47.06471222279256,9.68745421272399,49.07781315365316,-5.069304709690723,7.476619010142063,-48.73863281525571,-29.105393915757478,-11.27881263805213
113.90635811970742,36.803141947937895,-94.11611893676371,33.96325930301422,41.777845491227794,86.92197725154602,-32.10987402761968,4.784802859790656,-36.91853487560414,-23.583983809466694,-15.47937402786282,133.72653244102904,-53.15629082080082,-14.412836193648445,17.83789461272275,65.95830373677835,16.00544561331017,-73.43873704936782,-79.9869953733363,-83.37662254268464,35.94960925133697,-37.35760587300871,55.471130870560216,12.276032096107528,-23.021532012795706,52.08745715543992,-26.691051203848627,17.899898422981234,-15.070805691410246,35.545105564426294,59.134138215570324,-37.342543939408,38.512135936331504,-103.84660262097994,-10.850641302529766,-69.39132849760195,-110.67037081482556,-22.799579071182688,-115.28650353288828,9.051154735412934,-18.15708702296869,115.17979660013212,67.49974041516867,26.82951077109868
191.00601988530227,61.012945240964484,-157.1927763035573,56.25858016187761,70.62299939805467,145.51282231715837,-53.25157492928146,8.146268023853162,-61.93148227594171,-39.003314812126234,-25.861673984611375,222.2787718830909,-88.3533234753255,-24.355786629889938,29.27591814076655,109.70366806084475,27.187889821500633,-122.98282185660206,-133.68069839178744,-139.23522808159268,59.77992473014968,-62.85705547286096,92.81548807281555,20.21054341826147,-38.36725267439933,87.11427477548607,-44.50673484580361,29.10409593788925,-24.617020147877568,59.134138215570324,99.04777636651117,-62.76803547487827,63.54803347739413,-173.79091253187204,-18.166237741496523,-115.46625659982091,-184.15250426979262,-38.04197922371647,-191.85413045636574,13.660250615489261,-30.63275184557192,191.93740684813648,111.88213403703935,44.83120126107739
-121.10523140549893,-38.385345614641395,99.3976588940387,-35.25093544770504,-45.01785458436815,-92.1781821201647,33.49536453194774,-5.33137058242025,39.18305489755307,24.475162092197625,16.270164112953875,-140.0391468205094,55.63869006585398,15.469637607501767,-18.257469534267983,-69.17743086047162,-17.547851916192364,77.8839429803055,84.52474650189362,88.03208609769221,-37.63227494043201,39.9723931673748,-58.6873979585195,-12.638716891609727,24.27036684889953,-55.103009275117365,28.11143252058124,-18.08508145117569,15.295324808562427,-37.342543939408,-62.76803547487827,39.947785933805974,-39.766654907973034,109.91664548136295,11.543553637986957,72.83300218155156,116.14000546071414,23.965475045427578,120.9413510408467,-7.8907135797171915,19.418587105585022,-121.1943998946054,-70.315780330868,-28.339082951760183
122.25997356270098,40.18509123499747,-101.63170053017443,37.374736491007106,44.29380868106728,93.4959912799325,-35.07279538590831,4.787171733617931,-39.79141044879991,-25.88648814513833,-16.874295567125042,145.56023232797043,-57.909528020244856,-15.392132521774572,19.833481389017876,71.66353044914128,16.519890507265377,-79.02812823921884,-86.36845661177802,-90.05257099128347,39.19124602431625,-39.83400020659871,59.88310239241961,13.567635732891572,-24.853909034467502,56.19853387147937,-28.89471287327876,20.05973337371603,-16.87928118112015,38.512135936331504,63.54803347739413,-39.766654907973034,42.50786303318368,-112.05407606736942,-11.60320395238065,-75.3445250742151,-120.19805493805131,-24.801439055881694,-125.3189010590003,11.435875954676156,-19.473366272831687,124.77384613838807,73.8488034658726,28.985613131135125
-335.1232304654608,-107.32074641560092,276.0458165011927,-99.22308665611499,-123.69663786091868,-255.38541479726342,93.69821031646805,-14.002223806816803,108.84870562487407,68.68142527392462,45.552677351827434,-390.8838999284116,155.4139777101878,42.764155362919034,-51.69343706425838,-192.8285397353552,-47.24809927708972,215.88359393058755,234.767095216044,244.49016368588366,-105.21731194365478,110.13940868655452,-163.0617090213965,-35.60760952733014,67.33680879098468,-153.01300528018683,78.1900820663392,-51.38371612055689,43.50492379061041,-103.84660262097994,-173.79091253187204,109.91664548136295,-112.05407606736942,305.3330384430912,31.83386290371754,202.94391365958438,323.67906414569075,66.95737267077675,337.328651572166,-24.79616394129831,53.84110095935031,-337.19774587879164,-196.9293161138744,-78.74495430532261
-35.02843498556786,-11.172649088321979,28.813198549910876,-10.265862531725151,-12.96540281650607,-26.69241306726237,9.749471804936256,-1.5256313404800743,11.333740461690791,7.132412773965314,4.708858040756573,-40.705532604385084,16.17132838068884,4.455950881602658,-5.34799765036755,-20.101616580646457,-5.041029894696438,22.54405248647211,24.48438880560839,25.51399747211229,-10.940785283672469,11.538643545511052,-16.99265450419251,-3.686978646458782,7.047371256857795,-15.964577100274413,8.156513830496772,-5.323839097746125,4.487779910787008,-10.850641302529766,-18.166237741496523,11.543553637986957,-11.60320395238065,31.83386290371754,3.3473651999745155,21.15979224246951,33.736570025402244,6.949315033042192,35.127790292999606,-2.4333301730065093,5.598805797521121,-35.174216380704436,-20.468198903392018,-8.210668646077167
-222.43559858591124,-71.9076781961935,183.82562719478364,-66.48527340429543,-81.55514676195168,-169.7406973544971,62.753607557994044,-9.218619816880931,72.19002606395472,46.10510776823537,30.310952922058124,-261.30964765553125,103.89290479309955,28.18743615201035,-34.90615679061133,-128.85086753106995,-31.075760140484334,143.4417742832961,156.25540164054257,162.84317167338116,-70.2931291004035,72.91058179204556,-108.40616545001558,-24.00064332651238,44.929585184759695,-101.76567692476571,52.13773498014408,-34.98617048449166,29.49786376460449,-69.39132849760195,-115.46625659982091,72.83300218155156,-75.3445250742151,202.94391365958438,21.15979224246951,135.55671172751875,216.20684622147994,44.60453439523975,225.2862095151653,-17.88006447528859,35.53048684545639,-224.9754466066352,-131.94775447455467,-52.41652352075193
-354.75175930574073,-114.69740628382405,293.18760962121206,-106.06250775103794,-130.05512443180604,-270.7066385064522,100.09521269057748,-14.691301057444559,115.13929076573326,73.54666663688337,48.36125469381025,-416.79464998927494,165.7159845095288,44.95665288790995,-55.68346594170109,-205.51382860412133,-49.535114555279954,228.77415639950667,249.228653475145,259.73100269685796,-112.11767630246223,116.27575175809767,-172.90758087810886,-38.29484489209847,71.65140209809213,-162.30577788702266,83.15674262457189,-55.81317234530931,47.06471222279256,-110.67037081482556,-184.15250426979262,116.14000546071414,-120.19805493805131,323.67906414569075,33.736570025402244,216.20684622147994,344.8485561857333,71.15193071864141,359.33886068953825,-28.56390458389547,56.67044823098144,-358.82780735266016,-210.4738877562025,-83.60446496671298
-73.32526909285234,-23.641467387477125,60.54230406386979,-21.938824804516347,-26.936835907905962,-55.92084421459536,20.6445594889518,-2.9706908755673798,23.864531079599754,15.16432454408665,10.039338997257415,-86.00445905333417,34.20968550295625,9.344582755917662,-11.473839469563426,-42.39253282121015,-10.165846723814454,47.2854801248538,51.49503550659518,53.628053660311515,-23.167575959920335,24.034481132838483,-35.76752353770556,-7.886079305919788,14.760772654474193,-33.550048739161795,17.165449149383612,-11.437895156838472,9.68745421272399,-22.799579071182688,-38.04197922371647,23.965475045427578,-24.801439055881694,66.95737267077675,6.949315033042192,44.60453439523975,71.15193071864141,14.736100895666054,74.18505754064302,-5.841527043984235,11.785966501795286,-74.04598997785511,-43.422685158485166,-17.276152669432577
-369.60218695979137,-119.52172634174816,305.4823432690466,-110.60823274427725,-135.48279090454463,-282.03629073981466,104.31595138969537,-15.22337188019536,120.02322720153215,76.65735374617213,50.442763920683184,-434.34678741346113,172.70997757475328,46.8679724873214,-58.05960212046487,-214.14458647186348,-51.4894753214328,238.3712481133749,259.7002954534075,270.62025788583554,-116.86869100854031,121.1168468691984,-180.2010904602698,-39.91676043584033,74.63071021104098,-169.1318279616956,86.64689285595787,-58.16624557270443,49.07781315365316,-115.28650353288828,-191.85413045636574,120.9413510408467,-125.3189010590003,337.328651572166,35.127790292999606,225.2862095151653,359.33886068953825,74.18505754064302,374.47980539174745,-29.891096625794052,59.092905026899366,-373.8794060677569,-219.3699411026089,-87.1202826416688
25.891285714237615,10.024320235563522,-22.881081926194746,9.71713060754383,8.161446245498038,20.28188248872391,-8.746191853019585,0.4628402801024231,-8.61026145077937,-6.709788134332271,-3.983622303060051,35.209182567174814,-14.069000400645319,-2.985081280603716,5.659357273204875,17.110318066837667,2.348539936903075,-17.14508379998457,-19.351866792099344,-20.31291073675998,9.531254987729511,-7.905555557126547,13.299750768291323,3.7127463999895376,-5.668903220136713,12.482317941882155,-6.663306796558531,6.167036722987873,-5.069304709690723,9.051154735412934,13.660250615489261,-7.8907135797171915,11.435875954676156,-24.79616394129831,-2.4333301730065093,-17.88006447528859,-28.56390458389547,-5.841527043984235,-29.891096625794052,6.000127024849495,-3.928633811831088,28.991906793227887,18.616816018158552,6.522057392458035
-59.15443758772967,-18.713208856992303,48.520909237182316,-17.338694468804615,-22.02254980374224,-44.99603942365643,16.352204240732988,-2.460599208556659,19.26327994465554,11.952593079001545,8.039625692494191,-68.37877105887475,27.195103643487485,7.632343832978549,-8.932610082134586,-33.74162180976535,-8.387398664272435,38.06224334943424,41.30366517678379,42.96192574369824,-18.435917514741867,19.498504605514427,-28.74553511506864,-6.162848525259452,11.792758046638971,-26.95060317811346,13.72029330670556,-8.762847108533212,7.476619010142063,-18.15708702296869,-30.63275184557192,19.418587105585022,-19.473366272831687,53.84110095935031,5.598805797521121,35.53048684545639,56.67044823098144,11.785966501795286,59.092905026899366,-3.928633811831088,9.600394891591673,-59.11883472657897,-34.35767160530327,-13.853309268233339
369.83306893421855,119.24251123994348,-305.3543736763902,110.17272488473152,135.8496642923848,282.1068273644619,-104.0603723574849,15.442882402818396,-119.9888830834,-76.40471602343926,-50.3280326048318,433.55077596536563,-172.36450436829753,-46.92568031786944,57.728448710369385,213.8265721370674,51.89793419683652,-238.40929737997027,-259.5949069110743,-270.5043446211883,116.60962350254536,-121.33675027860394,180.1216015321401,39.74210252245438,-74.60850603265669,169.07545210667882,-86.57277820577065,57.766261552556905,-48.73863281525571,115.17979660013212,191.93740684813648,-121.1943998946054,124.77384613838807,-337.19774587879164,-35.174216380704436,-224.9754466066352,-358.82780735266016,-74.04598997785511,-373.8794060677569,28.991906793227887,-59.11883472657897,373.52166244483334,218.76850500607102,87.07519072025435
215.3996132730978,70.1710058223648,-178.49312435589147,65.05279622301528,78.54246957640783,164.53243594783712,-61.23949845120869,8.705592976418352,-69.99324523354836,-45.089416779839944,-29.524872043102487,254.61229666714473,-101.25944955249706,-27.211697756903458,34.3256798604858,125.45861780657097,29.643847070863632,-139.0553410812247,-151.70732642380347,-158.13919458898837,68.51672337422482,-70.41046262199883,105.21755412483482,23.5486415168316,-43.63784689075902,98.75864805135151,-50.681469570239,34.554367718538494,-29.105393915757478,67.49974041516867,111.88213403703935,-70.315780330868,73.8488034658726,-196.9293161138744,-20.468198903392018,-131.94775447455467,-210.4738877562025,-43.422685158485166,-219.3699411026089,18.616816018158552,-34.35767160530327,218.76850500607102,128.84869475441366,50.90095696318123
86.42236233035793,27.743255132334536,-71.24642608452376,25.634657094475426,31.84332842072429,65.87765190555268,-24.215219964745092,3.621694086150935,-28.049952939699164,-17.762078013527425,-11.75197641046431,100.9760809962892,-40.14626195606506,-11.002077008211538,13.381984599095757,49.810414103576214,12.17528727029868,-55.68456567815538,-60.58936712855754,-63.11281662672117,27.16569270449349,-28.38888858973702,42.06193942519663,9.224332989730751,-17.389353583602183,39.471737568263684,-20.18684430754662,13.339189759307658,-11.27881263805213,26.82951077109868,44.83120126107739,-28.339082951760183,28.985613131135125,-78.74495430532261,-8.210668646077167,-52.41652352075193,-83.60446496671298,-17.276152669432577,-87.1202826416688,6.522057392458035,-13.853309268233339,87.07519072025435,50.90095696318123,20.32202597936665
