V1,V2,V3,V4,V5,V6,V7,V8,V9,V10,V11,V12,V13,V14,V15,V16,V17,V18,V19,V20,V21,V22,V23,V24,V25,V26,V27,V28,V29,V30,V31,V32,V33,V34,V35,V36,V37,V38,V39,V40,V41,V42,V43,V44
2.849015118591454,0.228520781869724,-1.5761170523609618,0.6337929674657671,1.312481558503193,-0.013893536775379573,0.21543702853807142,0.7831615799385441,-0.6746710325624893,-0.5317297819278876,-2.651941952010597,0.5379911027321904,-0.7903761660591657,-0.8344212941001785,-1.0065088615787434,-0.0364477827111131,-0.15535415200310126,-1.6888888097562407,-4.079058114387976,-3.299788337109652,-0.9333562053818629,-1.4440357028200612,2.2611647371829333,1.801280201849925,1.0094428935317719,0.225445716264778,-0.21341292354168542,-1.0558953071679003,-0.3469529322456672,-0.5547122535881968,1.3400311893074752,0.5554097716587265,1.0399064959484245,-0.9757086715110226,1.5174569877716821,0.35537425060963074,-1.0107118734206184,-1.2150616189344,-1.8694737185089847,-0.40770148810424084,-0.8502109447119749,1.7683106111643823,0.946471749444901,1.225664582412005
0.228520781869724,0.32441580021903066,-0.4597175719037565,0.12679772572807954,-6.755891506474068e-6,0.9592832933152855,-0.4145971460547328,-0.2236826289803231,-0.16271888604545268,-0.05959307650665692,0.7989966947675616,1.2379517650323968,-0.30065251222716405,0.13335792987938475,0.5510503138460052,0.7316765314251831,0.24430480372737745,-0.1984135138080521,0.5981398988315492,0.28862637748170544,0.7273230229116966,0.11616304716094454,-0.20538081378171644,-0.5426524682510059,-0.626379042819486,0.49108488455294663,-0.18793203510966017,0.5817641265600922,-0.03761000261375642,0.5851315765547304,0.16094129020797962,-0.6088724000387721,0.03914177747627306,-0.7976539243375408,-0.6554658086038698,-0.8645534156686363,-0.8267724823680389,0.1847596899361722,-0.5852966275021467,0.2284920093885235,0.10283403089474646,0.6230843659350213,0.4017743888548226,-0.11884440626259074
-1.5761170523609618,-0.4597175719037565,1.4144610412592278,-0.3661054389357247,-0.5349495613578567,-1.110957727088088,0.41944089028530956,-0.15590785544551947,0.5630462918704051,0.3972810138016173,0.2421957172865203,-1.7755150326604119,0.7267152512581005,0.3268359344395204,-0.2853869733864896,-0.860482056560736,-0.30317101150694126,1.0055877745388633,0.8965098914424223,1.1744139178971316,-0.4821077520070067,0.5069130090911983,-0.7035762669215715,-0.23251715826249586,0.2555927967402458,-0.5994773403338105,0.3089941080616315,-0.16458344582660864,0.11900995651136569,-0.48960308806858127,-0.7485884832220926,0.4449475465598372,-0.5332793552825749,1.412912793908687,0.1893308797720599,0.9475412957563348,1.3997642581108862,0.3588320077248738,1.4891957643957505,-0.0455561378790782,0.1826724033430534,-1.5502277839152863,-0.802850307947088,-0.4862271164646396
0.6337929674657671,0.12679772572807954,-0.3661054389357247,0.31801476292185477,0.24817355361011137,0.1956131337813548,-0.10685908770776378,0.08302975610875515,-0.124137847572774,-0.10950359156057489,-0.4581113327385017,0.41021477427868447,-0.23256856226057593,-0.109236055261732,-0.1303674300548091,0.15725133254089765,-0.053730353834454396,-0.39624606036575694,-0.8988874991847239,-0.6892394813853246,-0.10135790379525757,-0.30540299583114283,0.47851729249239966,0.32562187182739694,0.17070799540121062,0.20296805607355597,-0.13583043014404,-0.11127035188708746,-0.13548850209412927,-0.024700545388936016,0.37232046523386914,0.012141371908097384,0.25077196125661577,-0.3183264029744714,0.2617867650650194,-0.04160649922802208,-0.40383806749412443,-0.23649201001289682,-0.5602528954469725,0.05734459391631292,-0.20078778413558365,0.5535520205806241,0.32774530340734953,0.1785309440333909
1.312481558503193,-6.755891506474068e-6,-0.5349495613578567,0.24817355361011137,0.7064154457869442,-0.31907244711637256,0.2934671371565507,0.4337049525457554,-0.24932733360206052,-0.18968192649304896,-1.5561693602632036,-0.25063770011168984,-0.2648242124849265,-0.4179976338654146,-0.740050256699631,-0.2983847752759625,-0.17013082203643143,-0.7665741942863029,-2.2872136455522263,-1.680011512037801,-0.7290333824664512,-0.7505406956611982,1.2078131067622513,1.005501235753121,0.6754915856260368,-0.025917376926022154,-0.017457451304718506,-0.7111016253942921,-0.17844171666314937,-0.49693271180377413,0.6146703766942273,0.4555602894598745,0.4526087664338214,-0.19978854821777156,1.0070274086320918,0.5390413657916715,-0.18664517593227517,-0.6417462531623195,-0.7028770702950807,-0.3174860664031526,-0.4961884473027158,0.6159549696693735,0.3482503159282044,0.6278896558731151
-0.013893536775379573,0.9592832933152855,-1.110957727088088,0.1956131337813548,-0.31907244711637256,3.5534516138227215,-1.5440847312351336,-1.0281203606122962,-0.3695877857646046,0.0625895468460378,3.7939899894731783,4.072189948967296,-0.6935361815741475,0.7251279504812483,2.230508484452691,2.558644391898979,1.0550021108074494,-0.18951025404131222,3.5813913489229363,2.185626240706312,2.8543643802148577,0.7966834358430648,-1.5257081306570084,-2.590830582486151,-2.5384781987850547,1.7121703530095402,-0.6485000378909898,2.2443583996646392,0.12446695703333968,2.2845419878380375,0.20313061471818067,-2.4896866296379296,-0.41542617819185423,-2.5561935171849686,-2.9284700242119395,-3.138189772369115,-2.468647213698371,1.1206220837898309,-1.254007908743094,0.6394530145792257,0.6327970558429963,1.5596803458393274,0.8537976805736877,-0.9115830451867984
0.21543702853807142,-0.4145971460547328,0.41944089028530956,-0.10685908770776378,0.2934671371565507,-1.5440847312351336,0.7659603349389891,0.501820637474198,0.1191025067259877,-0.01218344357639236,-1.825052295772957,-1.843600417468722,0.25309417591190314,-0.35351047504959016,-1.0924156051231266,-1.1641402663533285,-0.46330016826286674,-0.04596967326228307,-1.8631556581209596,-1.1422671540482183,-1.3187298283198639,-0.45156327522812084,0.8462855914226518,1.1933486895263585,1.100654973082723,-0.7544588527941573,0.30775929137793373,-1.07652664366955,-0.07711378458665956,-1.0425883439271182,-0.00800762105154384,1.1188800534630805,0.20527287311948936,1.0311363365836945,1.3847497151332986,1.4461624967390658,1.0394437368551863,-0.5367641366581348,0.45329878853043715,-0.39673287371890137,-0.34349160881133967,-0.6057880379260674,-0.30498025844724536,0.4966249907711544
0.7831615799385441,-0.2236826289803231,-0.15590785544551947,0.08302975610875515,0.4337049525457554,-1.0281203606122962,0.501820637474198,0.5398344815125095,-0.09868866887723919,-0.1888970233506303,-1.7925473778837808,-1.0358603468062555,-0.022279221800622546,-0.4762048784771717,-0.8874261212531952,-0.7507679380523459,-0.3054368593429358,-0.40096863291039764,-2.037693064924913,-1.5192860188941635,-1.0658374063093479,-0.6131659221781409,1.0209162429718375,1.230181080342167,1.003510385200153,-0.4642095086691806,0.1530866745764024,-0.9516682721173237,-0.0960843175301601,-0.7937046783451015,0.2843714684041748,0.8771783833692679,0.39227985300588747,0.45630444226996064,1.2246483183413823,0.9868193705397462,0.47100387284934464,-0.6624146298153676,-0.12115555158602312,-0.32380471726212234,-0.38716002538977456,0.034447341646227585,-0.02576540405122543,0.6384286794618197
-0.6746710325624893,-0.16271888604545268,0.5630462918704051,-0.124137847572774,-0.24932733360206052,-0.3695877857646046,0.1191025067259877,-0.09868866887723919,0.23577832968248058,0.16398118430290418,0.20291081236262978,-0.619817431745582,0.27757107440844175,0.15427075323430509,-0.05165476126975094,-0.28481683747697645,-0.1061747041381655,0.416201679127154,0.47597724578045075,0.5537941138015801,-0.1284525332216305,0.23959562143808996,-0.33967071085412626,-0.162174626848488,0.05102336495641555,-0.20466631626558368,0.11231671880468404,-0.006462769631077682,0.044136708856097474,-0.14007015958636876,-0.3107244892572552,0.1297744432477016,-0.22576646764628955,0.5308136954439935,0.005214776745196356,0.32696821463220765,0.5243346311325335,0.17636803204584584,0.5853632505982277,0.020537901734736793,0.09650753571393794,-0.5937685906212282,-0.3072158979613687,-0.22262850439303297
-0.5317297819278876,-0.05959307650665692,0.3972810138016173,-0.10950359156057489,-0.18968192649304896,0.0625895468460378,-0.01218344357639236,-0.1888970233506303,0.16398118430290418,0.21790322055233224,0.5580999332637067,-0.15870593227280363,0.18517374466663328,0.2293934898499293,0.1296474100372903,-7.846807097155484e-4,0.028603664068158154,0.3259752155929928,0.7371349933261937,0.7079986654651811,0.18646562406031642,0.2543484504711039,-0.4177351273619513,-0.4237764283761243,-0.2624714848758884,-0.0019414366091478447,0.026456243841164767,0.1923265994155729,0.0698345753650024,0.11627846323762678,-0.21956058763263014,-0.16674379827832564,-0.28152508732637005,0.1648907160894565,-0.3129520700341021,-0.02397980841412971,0.19854829711437533,0.3144768364803385,0.4136210358760851,-0.004301606349863627,0.1476844088038394,-0.38357159370667254,-0.19429714807579512,-0.31362942103020286
-2.651941952010597,0.7989966947675616,0.2421957172865203,-0.4581113327385017,-1.5561693602632036,3.7939899894731783,-1.825052295772957,-1.7925473778837808,0.20291081236262978,0.5580999332637067,6.556619854420411,3.8195576295085365,0.006475825282098962,1.5134779856449931,3.3358637085831457,2.765420050610566,1.3284229948039359,1.3845902991343868,7.732082662304111,5.433562747820989,3.9464213097251193,2.206925887860379,-3.770859827033942,-4.4672300030876935,-3.672494319639607,1.5931928686306154,-0.46062186269551636,3.3851251908748625,0.5059779132169339,2.973226845558032,-1.0515414708047808,-3.186217124056499,-1.4291204988910202,-1.8511592473507978,-4.582899574463627,-3.7136265050165984,-1.6629265198272258,2.3333019531877808,0.4478831971512423,1.0103490344033297,1.4975370696965185,-0.010175665708742768,-0.019613615889458032,-2.079727779577838
0.5379911027321904,1.2379517650323968,-1.7755150326604119,0.41021477427868447,-0.25063770011168984,4.072189948967296,-1.843600417468722,-1.0358603468062555,-0.619817431745582,-0.15870593227280363,3.8195576295085365,5.213358871129002,-1.0609335335106194,0.6493345777951702,2.5273486500774895,3.096390833465215,1.1434418504307549,-0.549523511624381,3.4124082090050596,1.7602609305690464,3.2635407329494885,0.6722984850165811,-1.3281478737025258,-2.485583069978473,-2.7432411399386805,1.9961306829088112,-0.8626142011210626,2.5145099464249174,0.03641328389135157,2.6170376517317813,0.4814457824102275,-2.71927860485117,-0.0786763347185871,-3.2100967733960086,-3.178041726666667,-3.8223030586709013,-3.291714007477745,1.0264138069463196,-2.0032778564538876,0.9073581420763507,0.6508072795023631,2.2826059701535018,1.314889940058634,-0.8107103785461499
-0.7903761660591657,-0.30065251222716405,0.7267152512581005,-0.23256856226057593,-0.2648242124849265,-0.6935361815741475,0.25309417591190314,-0.022279221800622546,0.27757107440844175,0.18517374466663328,0.006475825282098962,-1.0609335335106194,0.4402844302539509,0.10711682298477179,-0.2076080353583359,-0.5332615971415597,-0.14498996715110896,0.5263849663255991,0.4099844852708932,0.5273827616391823,-0.3438848012838284,0.21828795688643732,-0.34816292688643885,-0.009288635868604777,0.2651860634076401,-0.364504280521096,0.15976291425531092,-0.18762866704066777,0.11104616002813711,-0.3300958721130322,-0.3893996705547619,0.2833393989118492,-0.2834078659073518,0.8202962085922167,0.1632564103856963,0.5604172296467076,0.8354981187870001,0.1365034985109294,0.8638356038650308,-0.09838686623963257,0.08374322707446012,-0.8797955518381345,-0.5330025188581732,-0.2331877240101072
-0.8344212941001785,0.13335792987938475,0.3268359344395204,-0.109236055261732,-0.4179976338654146,0.7251279504812483,-0.35351047504959016,-0.4762048784771717,0.15427075323430509,0.2293934898499293,1.5134779856449931,0.6493345777951702,0.10711682298477179,0.4782724986433503,0.6925917212828909,0.5198594765224344,0.19050247376511706,0.46525740713043245,1.7601667825744671,1.4105477332066407,0.8324497099320849,0.5655524201587577,-0.9176785277265055,-1.0564555212902895,-0.8410661977397382,0.3167731109168245,-0.11153087099400416,0.7800090313320226,0.08266886721173543,0.6019531144745749,-0.3197821029202698,-0.6849671029763799,-0.3903459828737318,-0.215094569188137,-0.9984737990296793,-0.7357413320821979,-0.26654622885122403,0.6213764822772835,0.2669476604451452,0.26505180077790846,0.3428854658135486,-0.22355220396222195,-0.056989386565308046,-0.6319569995156847
-1.0065088615787434,0.5510503138460052,-0.2853869733864896,-0.1303674300548091,-0.740050256699631,2.230508484452691,-1.0924156051231266,-0.8874261212531952,-0.05165476126975094,0.1296474100372903,3.3358637085831457,2.5273486500774895,-0.2076080353583359,0.6925917212828909,1.8727287718975218,1.6924384767198948,0.7486657341213192,0.47805089083062147,3.8367003122009784,2.506748443618735,2.1981222254119688,1.0463877723490513,-1.8049242230851807,-2.219428674460157,-1.957191724113505,0.9653762670017983,-0.33724760746812893,1.8405807628733646,0.21792242387659466,1.6912569219850107,-0.38251219447910884,-1.7433271186092338,-0.5383209619486041,-1.3159415288114364,-2.4455916413915664,-2.241669747182319,-1.273481948631907,1.0981289760208723,-0.1924625770592434,0.6253896224811144,0.76141367758601,0.424413190844475,0.21378241905799428,-0.9490438640210014
-0.0364477827111131,0.7316765314251831,-0.860482056560736,0.15725133254089765,-0.2983847752759625,2.558644391898979,-1.1641402663533285,-0.7507679380523459,-0.28481683747697645,-7.846807097155484e-4,2.765420050610566,3.096390833465215,-0.5332615971415597,0.5198594765224344,1.6924384767198948,1.9312141662846172,0.7556633536909377,-0.11454384026502333,2.6510954261189768,1.579921198309655,2.1365082690024213,0.61799176217882,-1.1352756121556657,-1.8481105323050262,-1.8425793278933305,1.2541507028437422,-0.4886837608042332,1.7203297376264637,0.07383860016323995,1.7028525651709396,0.13476073367617888,-1.7994093549642893,-0.21744133505043292,-1.8799827987546178,-2.1578018693383045,-2.380083361686035,-1.878743411507322,0.7993662818783542,-0.9709117949956179,0.5856474698409805,0.49525578151108407,1.1748167201111104,0.6619376900094424,-0.6605275029717639
-0.15535415200310126,0.24430480372737745,-0.30317101150694126,-0.053730353834454396,-0.17013082203643143,1.0550021108074494,-0.46330016826286674,-0.3054368593429358,-0.1061747041381655,0.028603664068158154,1.3284229948039359,1.1434418504307549,-0.14498996715110896,0.19050247376511706,0.7486657341213192,0.7556633536909377,0.41188422491789023,0.04638180066364282,1.4698787007122132,0.8669580173360054,0.9254246140686132,0.3294111109985674,-0.6433730235129871,-0.893908614028411,-0.8060570575715434,0.46285314604417277,-0.13889172247658618,0.7025508063455193,0.1296119235047413,0.7362251520220366,-0.03895263050086075,-0.7818180998093296,-0.22172415904565188,-0.7303777840295143,-1.0157143949538878,-0.961662163066787,-0.5969664441044205,0.3941721120937884,-0.18742837669837423,0.13759560624698622,0.2730872427891117,0.33685622297784623,0.10934104918368169,-0.2832431779164318
-1.6888888097562407,-0.1984135138080521,1.0055877745388633,-0.39624606036575694,-0.7665741942863029,-0.18951025404131222,-0.04596967326228307,-0.40096863291039764,0.416201679127154,0.3259752155929928,1.3845902991343868,-0.549523511624381,0.5263849663255991,0.46525740713043245,0.47805089083062147,-0.11454384026502333,0.04638180066364282,1.0393090938736338,2.2572181525988593,1.8590608968819269,0.4088468357059408,0.8143497835665875,-1.2789494394555203,-0.9343049344908828,-0.46599342201464067,-0.22305392189202028,0.15179766561188565,0.5111288922767697,0.2227401605251167,0.21070134769985766,-0.8013296733962731,-0.2118557538661212,-0.61123117424228,0.7149917164884096,-0.7615145188005872,-0.0715484302288184,0.7343018543977622,0.6761040399837336,1.205268996049057,0.19627162854013272,0.47960657150939295,-1.1556332357191694,-0.6389804917922824,-0.7076787463123663
-4.079058114387976,0.5981398988315492,0.8965098914424223,-0.8988874991847239,-2.2872136455522263,3.5813913489229363,-1.8631556581209596,-2.037693064924913,0.47597724578045075,0.7371349933261937,7.732082662304111,3.4124082090050596,0.4099844852708932,1.7601667825744671,3.8367003122009784,2.6510954261189768,1.4698787007122132,2.2572181525988593,9.990255448552503,6.979933413020744,4.349666065052494,2.912363056432494,-4.942685933459222,-5.181350838511237,-4.066172795147326,1.2313392450392544,-0.27707524966389474,3.726600929484002,0.7977768532611376,3.2065172340658674,-1.8232928097827013,-3.282065333298059,-1.9332024806985917,-1.2703001756647712,-5.362580443490433,-3.8409989122809387,-0.9581119533205786,2.889378117052817,1.549215968137096,1.1020999782313285,2.0321564517853563,-0.9889968060656776,-0.6626938296776725,-2.5440562871300805
-3.299788337109652,0.28862637748170544,1.1744139178971316,-0.6892394813853246,-1.680011512037801,2.185626240706312,-1.1422671540482183,-1.5192860188941635,0.5537941138015801,0.7079986654651811,5.433562747820989,1.7602609305690464,0.5273827616391823,1.4105477332066407,2.506748443618735,1.579921198309655,0.8669580173360054,1.8590608968819269,6.979933413020744,5.2338519097536045,2.827144057063458,2.1645792349507844,-3.578139054591845,-3.7293440832969456,-2.7623958726818674,0.7710493539289416,-0.12023991960434242,2.5801140353549576,0.5226106147649827,2.0490189318565717,-1.4412338133160938,-2.1917972600597753,-1.5149058755173639,-0.44841661036379105,-3.576949207558196,-2.305177497615495,-0.2803789506264116,2.132061408749322,1.4888447739708544,0.7649480679039982,1.388273213243533,-1.1594901510630853,-0.6518766299610609,-1.9788286269104634
-0.9333562053818629,0.7273230229116966,-0.4821077520070067,-0.10135790379525757,-0.7290333824664512,2.8543643802148577,-1.3187298283198639,-1.0658374063093479,-0.1284525332216305,0.18646562406031642,3.9464213097251193,3.2635407329494885,-0.3438848012838284,0.8324497099320849,2.1981222254119688,2.1365082690024213,0.9254246140686132,0.4088468357059408,4.349666065052494,2.827144057063458,2.714256427847529,1.1412788437482801,-1.9966636607833406,-2.6463675988805844,-2.4435728581637632,1.264782156117918,-0.45411424135787887,2.2176002776959196,0.23313425203184646,2.0888677204397763,-0.30171955121489624,-2.1801598142328023,-0.6120763490255648,-1.8111605993242543,-2.9526486382300643,-2.7950724504743167,-1.7546500951135666,1.3171709276764079,-0.4410981448389214,0.6996891774681547,0.8585207406649553,0.7029858116204829,0.4159766702989684,-1.1150830954771889
-1.4440357028200612,0.11616304716094454,0.5069130090911983,-0.30540299583114283,-0.7505406956611982,0.7966834358430648,-0.45156327522812084,-0.6131659221781409,0.23959562143808996,0.2543484504711039,2.206925887860379,0.6722984850165811,0.21828795688643732,0.5655524201587577,1.0463877723490513,0.61799176217882,0.3294111109985674,0.8143497835665875,2.912363056432494,2.1645792349507844,1.1412788437482801,0.9360088974268783,-1.4986335116316456,-1.5024950881987797,-1.1037377601183807,0.26141640357966445,-0.015093068222861604,1.0776426021108212,0.20183737493347292,0.81953827028761,-0.6503595598823491,-0.8307536718095043,-0.5839117643928968,-0.11244635923461276,-1.4384049541514827,-0.9200059089643124,-0.06654399386606843,0.8522672080275423,0.6372947994376809,0.3808542687226189,0.5908004717516017,-0.521149728946371,-0.26964592947659327,-0.7829403478019992
2.2611647371829333,-0.20538081378171644,-0.7035762669215715,0.47851729249239966,1.2078131067622513,-1.5257081306570084,0.8462855914226518,1.0209162429718375,-0.33967071085412626,-0.4177351273619513,-3.770859827033942,-1.3281478737025258,-0.34816292688643885,-0.9176785277265055,-1.8049242230851807,-1.1352756121556657,-0.6433730235129871,-1.2789494394555203,-4.942685933459222,-3.578139054591845,-1.9966636607833406,-1.4986335116316456,2.516893794354302,2.534107995319885,1.8761202056995492,-0.5232915053611058,0.1004053820652083,-1.7893013150730204,-0.3974982631985223,-1.4487863476081224,1.0012090120566741,1.5200375056218054,1.017467274518075,0.3392006516489885,2.5294508309252275,1.6871513724780198,0.21959474104331472,-1.4413203100331653,-1.007429969528731,-0.555281868916517,-0.9939888159466266,0.7543519550728915,0.4753644288778036,1.340725399645363
1.801280201849925,-0.5426524682510059,-0.23251715826249586,0.32562187182739694,1.005501235753121,-2.590830582486151,1.1933486895263585,1.230181080342167,-0.162174626848488,-0.4237764283761243,-4.4672300030876935,-2.485583069978473,-0.009288635868604777,-1.0564555212902895,-2.219428674460157,-1.8481105323050262,-0.893908614028411,-0.9343049344908828,-5.181350838511237,-3.7293440832969456,-2.6463675988805844,-1.5024950881987797,2.534107995319885,3.1049172678483017,2.531402525781785,-1.1009244824200826,0.27621834464007505,-2.29870752742183,-0.3210327055848764,-2.0002571227196095,0.7103550349611166,2.1724112088065,1.0050991473108486,1.25857588726541,3.0662245841858815,2.4397408150556683,1.0941768424473364,-1.596112270242298,-0.3144108775756314,-0.6454458692009818,-0.9825362087664572,0.026103056893059015,-0.004694387172340506,1.3986323535081386
1.0094428935317719,-0.626379042819486,0.2555927967402458,0.17070799540121062,0.6754915856260368,-2.5384781987850547,1.100654973082723,1.003510385200153,0.05102336495641555,-0.2624714848758884,-3.672494319639607,-2.7432411399386805,0.2651860634076401,-0.8410661977397382,-1.957191724113505,-1.8425793278933305,-0.8060570575715434,-0.46599342201464067,-4.066172795147326,-2.7623958726818674,-2.4435728581637632,-1.1037377601183807,1.8761202056995492,2.531402525781785,2.33094060906208,-1.0735978479237198,0.3488465740717985,-2.006625481397004,-0.20675770922059097,-1.874269056636264,0.37063919705732445,1.9563570909928845,0.6524536016947254,1.5512347148876433,2.6963737283485467,2.435210697188623,1.4717648056907822,-1.2936654631319404,0.2546150485494009,-0.5736365910196832,-0.8049809774668502,-0.47177195152682594,-0.34167721305388343,1.0610712345525004
0.225445716264778,0.49108488455294663,-0.5994773403338105,0.20296805607355597,-0.025917376926022154,1.7121703530095402,-0.7544588527941573,-0.4642095086691806,-0.20466631626558368,-0.0019414366091478447,1.5931928686306154,1.9961306829088112,-0.364504280521096,0.3167731109168245,0.9653762670017983,1.2541507028437422,0.46285314604417277,-0.22305392189202028,1.2313392450392544,0.7710493539289416,1.264782156117918,0.26141640357966445,-0.5232915053611058,-1.1009244824200826,-1.0735978479237198,0.9454686821492239,-0.36552786839434515,1.0517959576349167,-0.006543882643537509,1.0284398313782266,0.2609007218489788,-1.1940415174131367,-0.0956042334656433,-1.288174708387495,-1.2088927288577245,-1.459577903895913,-1.3015394421843003,0.4093399101977781,-0.7926966347056601,0.34254368906724303,0.17041029279884615,0.9055053380831307,0.5052866857772297,-0.39177513510171824
-0.21341292354168542,-0.18793203510966017,0.3089941080616315,-0.13583043014404,-0.017457451304718506,-0.6485000378909898,0.30775929137793373,0.1530866745764024,0.11231671880468404,0.026456243841164767,-0.46062186269551636,-0.8626142011210626,0.15976291425531092,-0.11153087099400416,-0.33724760746812893,-0.4886837608042332,-0.13889172247658618,0.15179766561188565,-0.27707524966389474,-0.12023991960434242,-0.45411424135787887,-0.015093068222861604,0.1004053820652083,0.27621834464007505,0.3488465740717985,-0.36552786839434515,0.22034660653531662,-0.34105352112521725,0.01444443953487733,-0.3721022200006104,-0.16835469452902266,0.4388171129793428,-0.02685614197726936,0.5153926403682022,0.4261752204238304,0.6142884434802228,0.6018403730539867,-0.12331568827621639,0.39065057201624503,-0.1335054832539899,-0.044635632934081015,-0.41820278330003574,-0.21978695511477994,0.17364766018128097
-1.0558953071679003,0.5817641265600922,-0.16458344582660864,-0.11127035188708746,-0.7111016253942921,2.2443583996646392,-1.07652664366955,-0.9516682721173237,-0.006462769631077682,0.1923265994155729,3.3851251908748625,2.5145099464249174,-0.18762866704066777,0.7800090313320226,1.8405807628733646,1.7203297376264637,0.7025508063455193,0.5111288922767697,3.726600929484002,2.5801140353549576,2.2176002776959196,1.0776426021108212,-1.7893013150730204,-2.29870752742183,-2.006625481397004,1.0517959576349167,-0.34105352112521725,1.9475685482300014,0.16183846685851677,1.6885549246061913,-0.35954816888296814,-1.79296951222672,-0.5410050536118418,-1.3144819961209924,-2.4084964289190682,-2.2306497556687153,-1.3245870785569553,1.1304049273381949,-0.2220859707873599,0.6944276151219051,0.7162595625077041,0.3956265731374557,0.28678245565563437,-1.0195557412120988
-0.3469529322456672,-0.03761000261375642,0.11900995651136569,-0.13548850209412927,-0.17844171666314937,0.12446695703333968,-0.07711378458665956,-0.0960843175301601,0.044136708856097474,0.0698345753650024,0.5059779132169339,0.03641328389135157,0.11104616002813711,0.08266886721173543,0.21792242387659466,0.07383860016323995,0.1296119235047413,0.2227401605251167,0.7977768532611376,0.5226106147649827,0.23313425203184646,0.20183737493347292,-0.3974982631985223,-0.3210327055848764,-0.20675770922059097,-0.006543882643537509,0.01444443953487733,0.16183846685851677,0.13015578732955632,0.1642765729578513,-0.1771254739067616,-0.17621778970792434,-0.2035147362515138,0.026209003826097213,-0.36298586123742277,-0.17779314276967087,0.1134302931871219,0.2072968160064818,0.2905440405085105,-0.020756236681360053,0.1670394302267264,-0.216307204261685,-0.200421811434557,-0.18043338011382135
-0.5547122535881968,0.5851315765547304,-0.48960308806858127,-0.024700545388936016,-0.49693271180377413,2.2845419878380375,-1.0425883439271182,-0.7937046783451015,-0.14007015958636876,0.11627846323762678,2.973226845558032,2.6170376517317813,-0.3300958721130322,0.6019531144745749,1.6912569219850107,1.7028525651709396,0.7362251520220366,0.21070134769985766,3.2065172340658674,2.0490189318565717,2.0888677204397763,0.81953827028761,-1.4487863476081224,-2.0002571227196095,-1.874269056636264,1.0284398313782266,-0.3721022200006104,1.6885549246061913,0.1642765729578513,1.6460146063140366,-0.14615396779862916,-1.7001469941010465,-0.42376490025686914,-1.5166666552212587,-2.250145601144221,-2.176740729887473,-1.4479554058352893,0.9654332041795705,-0.4603973816760205,0.5267438502897753,0.6294430093478315,0.6920845325343382,0.3698901047117255,-0.7964355354771623
1.3400311893074752,0.16094129020797962,-0.7485884832220926,0.37232046523386914,0.6146703766942273,0.20313061471818067,-0.00800762105154384,0.2843714684041748,-0.3107244892572552,-0.21956058763263014,-1.0515414708047808,0.4814457824102275,-0.3893996705547619,-0.3197821029202698,-0.38251219447910884,0.13476073367617888,-0.03895263050086075,-0.8013296733962731,-1.8232928097827013,-1.4412338133160938,-0.30171955121489624,-0.6503595598823491,1.0012090120566741,0.7103550349611166,0.37063919705732445,0.2609007218489788,-0.16835469452902266,-0.35954816888296814,-0.1771254739067616,-0.14615396779862916,0.6896572330715754,0.09885957880060249,0.4574825037699724,-0.5857514919925508,0.589004772015006,0.019047609885247688,-0.6264120221116393,-0.5116300272487575,-0.958445294999659,-0.12363928453765169,-0.40400703718606684,0.9244839930231656,0.5030916469718851,0.47273641770869185
0.5554097716587265,-0.6088724000387721,0.4449475465598372,0.012141371908097384,0.4555602894598745,-2.4896866296379296,1.1188800534630805,0.8771783833692679,0.1297744432477016,-0.16674379827832564,-3.186217124056499,-2.71927860485117,0.2833393989118492,-0.6849671029763799,-1.7433271186092338,-1.7994093549642893,-0.7818180998093296,-0.2118557538661212,-3.282065333298059,-2.1917972600597753,-2.1801598142328023,-0.8307536718095043,1.5200375056218054,2.1724112088065,1.9563570909928845,-1.1940415174131367,0.4388171129793428,-1.79296951222672,-0.17621778970792434,-1.7001469941010465,0.09885957880060249,1.8990602158197185,0.514909462153185,1.5947041688649901,2.3489204253034206,2.2916355708913048,1.5339355046356309,-1.0280825856062858,0.4808509075026242,-0.5037022591746692,-0.5920189806787717,-0.7064764369996636,-0.36531187624280237,0.9295051675570463
1.0399064959484245,0.03914177747627306,-0.5332793552825749,0.25077196125661577,0.4526087664338214,-0.41542617819185423,0.20527287311948936,0.39227985300588747,-0.22576646764628955,-0.28152508732637005,-1.4291204988910202,-0.0786763347185871,-0.2834078659073518,-0.3903459828737318,-0.5383209619486041,-0.21744133505043292,-0.22172415904565188,-0.61123117424228,-1.9332024806985917,-1.5149058755173639,-0.6120763490255648,-0.5839117643928968,1.017467274518075,1.0050991473108486,0.6524536016947254,-0.0956042334656433,-0.02685614197726936,-0.5410050536118418,-0.2035147362515138,-0.42376490025686914,0.4574825037699724,0.514909462153185,0.5623599973401298,-0.1051099022242027,0.8918749461057597,0.38017459412338517,-0.2323912478991889,-0.6143183672557416,-0.6898805185916713,-0.05679566889131765,-0.36502156184212425,0.5729218223321446,0.36331064152524895,0.5837084473294251
-0.9757086715110226,-0.7976539243375408,1.412912793908687,-0.3183264029744714,-0.19978854821777156,-2.5561935171849686,1.0311363365836945,0.45630444226996064,0.5308136954439935,0.1648907160894565,-1.8511592473507978,-3.2100967733960086,0.8202962085922167,-0.215094569188137,-1.3159415288114364,-1.8799827987546178,-0.7303777840295143,0.7149917164884096,-1.2703001756647712,-0.44841661036379105,-1.8111605993242543,-0.11244635923461276,0.3392006516489885,1.25857588726541,1.5512347148876433,-1.288174708387495,0.5153926403682022,-1.3144819961209924,0.026209003826097213,-1.5166666552212587,-0.5857514919925508,1.5947041688649901,-0.1051099022242027,2.2494524611396822,1.6454604044479397,2.2222141745532253,2.1875524331735936,-0.3944906715262612,1.5865485452797699,-0.3638915966289816,-0.2081464431500583,-1.767745068056899,-0.9808808973471348,0.1897095554400234
1.5174569877716821,-0.6554658086038698,0.1893308797720599,0.2617867650650194,1.0070274086320918,-2.9284700242119395,1.3847497151332986,1.2246483183413823,0.005214776745196356,-0.3129520700341021,-4.582899574463627,-3.178041726666667,0.1632564103856963,-0.9984737990296793,-2.4455916413915664,-2.1578018693383045,-1.0157143949538878,-0.7615145188005872,-5.362580443490433,-3.576949207558196,-2.9526486382300643,-1.4384049541514827,2.5294508309252275,3.0662245841858815,2.6963737283485467,-1.2088927288577245,0.4261752204238304,-2.4084964289190682,-0.36298586123742277,-2.250145601144221,0.589004772015006,2.3489204253034206,0.8918749461057597,1.6454604044479397,3.3705351442554847,2.9209074417436183,1.528933844684857,-1.615056241274272,-0.009363467292397357,-0.7030947287242216,-1.0746249819340423,-0.3228468710228446,-0.1438767568142609,1.3979926090889858
0.35537425060963074,-0.8645534156686363,0.9475412957563348,-0.04160649922802208,0.5390413657916715,-3.138189772369115,1.4461624967390658,0.9868193705397462,0.32696821463220765,-0.02397980841412971,-3.7136265050165984,-3.8223030586709013,0.5604172296467076,-0.7357413320821979,-2.241669747182319,-2.380083361686035,-0.961662163066787,-0.0715484302288184,-3.8409989122809387,-2.305177497615495,-2.7950724504743167,-0.9200059089643124,1.6871513724780198,2.4397408150556683,2.435210697188623,-1.459577903895913,0.6142884434802228,-2.2306497556687153,-0.17779314276967087,-2.176740729887473,0.019047609885247688,2.2916355708913048,0.38017459412338517,2.2222141745532253,2.9209074417436183,3.130229005903114,2.2622840488869334,-1.1492932477320832,0.9785277885965626,-0.7398630201873981,-0.7554131970644387,-1.2104993936681514,-0.6808109878207149,0.9953810325647398
-1.0107118734206184,-0.8267724823680389,1.3997642581108862,-0.40383806749412443,-0.18664517593227517,-2.468647213698371,1.0394437368551863,0.47100387284934464,0.5243346311325335,0.19854829711437533,-1.6629265198272258,-3.291714007477745,0.8354981187870001,-0.26654622885122403,-1.273481948631907,-1.878743411507322,-0.5969664441044205,0.7343018543977622,-0.9581119533205786,-0.2803789506264116,-1.7546500951135666,-0.06654399386606843,0.21959474104331472,1.0941768424473364,1.4717648056907822,-1.3015394421843003,0.6018403730539867,-1.3245870785569553,0.1134302931871219,-1.4479554058352893,-0.6264120221116393,1.5339355046356309,-0.2323912478991889,2.1875524331735936,1.528933844684857,2.2622840488869334,2.3273867962478123,-0.34943690550698636,1.7229471561727987,-0.4934270660501621,-0.1625642702850342,-1.8064006299027944,-1.0886678781333436,0.2507969764992358
-1.2150616189344,0.1847596899361722,0.3588320077248738,-0.23649201001289682,-0.6417462531623195,1.1206220837898309,-0.5367641366581348,-0.6624146298153676,0.17636803204584584,0.3144768364803385,2.3333019531877808,1.0264138069463196,0.1365034985109294,0.6213764822772835,1.0981289760208723,0.7993662818783542,0.3941721120937884,0.6761040399837336,2.889378117052817,2.132061408749322,1.3171709276764079,0.8522672080275423,-1.4413203100331653,-1.596112270242298,-1.2936654631319404,0.4093399101977781,-0.12331568827621639,1.1304049273381949,0.2072968160064818,0.9654332041795705,-0.5116300272487575,-1.0280825856062858,-0.6143183672557416,-0.3944906715262612,-1.615056241274272,-1.1492932477320832,-0.34943690550698636,0.9408484235720889,0.45807694731176907,0.30868335141375103,0.5900095898850461,-0.31961946574070743,-0.15574174237502644,-0.8601059745071492
-1.8694737185089847,-0.5852966275021467,1.4891957643957505,-0.5602528954469725,-0.7028770702950807,-1.254007908743094,0.45329878853043715,-0.12115555158602312,0.5853632505982277,0.4136210358760851,0.4478831971512423,-2.0032778564538876,0.8638356038650308,0.2669476604451452,-0.1924625770592434,-0.9709117949956179,-0.18742837669837423,1.205268996049057,1.549215968137096,1.4888447739708544,-0.4410981448389214,0.6372947994376809,-1.007429969528731,-0.3144108775756314,0.2546150485494009,-0.7926966347056601,0.39065057201624503,-0.2220859707873599,0.2905440405085105,-0.4603973816760205,-0.958445294999659,0.4808509075026242,-0.6898805185916713,1.5865485452797699,-0.009363467292397357,0.9785277885965626,1.7229471561727987,0.45807694731176907,1.8943514653480498,-0.16866925552167128,0.35254935263124154,-1.8498917533870707,-1.1234843994970236,-0.5154866562323213
-0.40770148810424084,0.2284920093885235,-0.0455561378790782,0.05734459391631292,-0.3174860664031526,0.6394530145792257,-0.39673287371890137,-0.32380471726212234,0.020537901734736793,-0.004301606349863627,1.0103490344033297,0.9073581420763507,-0.09838686623963257,0.26505180077790846,0.6253896224811144,0.5856474698409805,0.13759560624698622,0.19627162854013272,1.1020999782313285,0.7649480679039982,0.6996891774681547,0.3808542687226189,-0.555281868916517,-0.6454458692009818,-0.5736365910196832,0.34254368906724303,-0.1335054832539899,0.6944276151219051,-0.020756236681360053,0.5267438502897753,-0.12363928453765169,-0.5037022591746692,-0.05679566889131765,-0.3638915966289816,-0.7030947287242216,-0.7398630201873981,-0.4934270660501621,0.30868335141375103,-0.16866925552167128,0.42519182586651977,0.22300762974181637,0.1783459807386942,0.18492847848940255,-0.3317511411461961
-0.8502109447119749,0.10283403089474646,0.1826724033430534,-0.20078778413558365,-0.4961884473027158,0.6327970558429963,-0.34349160881133967,-0.38716002538977456,0.09650753571393794,0.1476844088038394,1.4975370696965185,0.6508072795023631,0.08374322707446012,0.3428854658135486,0.76141367758601,0.49525578151108407,0.2730872427891117,0.47960657150939295,2.0321564517853563,1.388273213243533,0.8585207406649553,0.5908004717516017,-0.9939888159466266,-0.9825362087664572,-0.8049809774668502,0.17041029279884615,-0.044635632934081015,0.7162595625077041,0.1670394302267264,0.6294430093478315,-0.40400703718606684,-0.5920189806787717,-0.36502156184212425,-0.2081464431500583,-1.0746249819340423,-0.7554131970644387,-0.1625642702850342,0.5900095898850461,0.35254935263124154,0.22300762974181637,0.44655002112088427,-0.24296449043516014,-0.1530313767529035,-0.4998697258772534
1.7683106111643823,0.6230843659350213,-1.5502277839152863,0.5535520205806241,0.6159549696693735,1.5596803458393274,-0.6057880379260674,0.034447341646227585,-0.5937685906212282,-0.38357159370667254,-0.010175665708742768,2.2826059701535018,-0.8797955518381345,-0.22355220396222195,0.424413190844475,1.1748167201111104,0.33685622297784623,-1.1556332357191694,-0.9889968060656776,-1.1594901510630853,0.7029858116204829,-0.521149728946371,0.7543519550728915,0.026103056893059015,-0.47177195152682594,0.9055053380831307,-0.41820278330003574,0.3956265731374557,-0.216307204261685,0.6920845325343382,0.9244839930231656,-0.7064764369996636,0.5729218223321446,-1.767745068056899,-0.3228468710228446,-1.2104993936681514,-1.8064006299027944,-0.31961946574070743,-1.8498917533870707,0.1783459807386942,-0.24296449043516014,1.91015410265126,1.071040240277794,0.42394454887936506
0.946471749444901,0.4017743888548226,-0.802850307947088,0.32774530340734953,0.3482503159282044,0.8537976805736877,-0.30498025844724536,-0.02576540405122543,-0.3072158979613687,-0.19429714807579512,-0.019613615889458032,1.314889940058634,-0.5330025188581732,-0.056989386565308046,0.21378241905799428,0.6619376900094424,0.10934104918368169,-0.6389804917922824,-0.6626938296776725,-0.6518766299610609,0.4159766702989684,-0.26964592947659327,0.4753644288778036,-0.004694387172340506,-0.34167721305388343,0.5052866857772297,-0.21978695511477994,0.28678245565563437,-0.200421811434557,0.3698901047117255,0.5030916469718851,-0.36531187624280237,0.36331064152524895,-0.9808808973471348,-0.1438767568142609,-0.6808109878207149,-1.0886678781333436,-0.15574174237502644,-1.1234843994970236,0.18492847848940255,-0.1530313767529035,1.071040240277794,0.7491165301025604,0.22360623054545312
1.225664582412005,-0.11884440626259074,-0.4862271164646396,0.1785309440333909,0.6278896558731151,-0.9115830451867984,0.4966249907711544,0.6384286794618197,-0.22262850439303297,-0.31362942103020286,-2.079727779577838,-0.8107103785461499,-0.2331877240101072,-0.6319569995156847,-0.9490438640210014,-0.6605275029717639,-0.2832431779164318,-0.7076787463123663,-2.5440562871300805,-1.9788286269104634,-1.1150830954771889,-0.7829403478019992,1.340725399645363,1.3986323535081386,1.0610712345525004,-0.39177513510171824,0.17364766018128097,-1.0195557412120988,-0.18043338011382135,-0.7964355354771623,0.47273641770869185,0.9295051675570463,0.5837084473294251,0.1897095554400234,1.3979926090889858,0.9953810325647398,0.2507969764992358,-0.8601059745071492,-0.5154866562323213,-0.3317511411461961,-0.4998697258772534,0.42394454887936506,0.22360623054545312,0.9259291088743049
