V1,V2,V3,V4,V5,V6,V7,V8,V9,V10,V11,V12,V13,V14,V15,V16,V17,V18,V19,V20,V21,V22,V23,V24,V25,V26,V27,V28,V29,V30,V31,V32,V33,V34,V35,V36,V37,V38,V39,V40,V41,V42,V43,V44,V45
1.351728576780407,0.06517947650545367,0.2179070940477371,-0.29608065917454857,0.4042817427821433,1.0963243192848606,0.01781294717477076,-0.3878627090656377,-0.6097841559780702,-0.3534866895664017,0.1977671633749792,-0.5925799396325527,0.3415188156022362,-0.7272888613542329,0.7546108665058506,0.5533051937505331,-0.07020033054435543,0.3595018881906571,-0.5139886207832267,-0.2489252977385056,-0.16201445495928962,0.060772228941358405,0.17246351161414564,-0.28886434537075395,0.8117922844843999,0.41800342197802487,0.6902323125330084,0.056681699075731194,-0.38956508596446027,-0.49535344310194895,-0.15018283428935225,0.052898542689503364,-0.20600240204860973,0.2116169151640664,0.3623380712444811,-0.5496963222508916,-0.2790856683644029,-1.00583642378676,-0.7042266355884271,0.2308601975550641,0.21409579206511245,-0.3049405058489375,-0.1529734561733029,0.18618094044215067,-0.49356466652996445
0.06517947650545367,1.1594940802964897,0.008039814219357023,0.6868753749138077,-0.2850523844419337,-0.46278417106361824,0.06620501969263672,0.026028132111192898,0.3781343936068131,0.0017769386803337195,-0.004875410687178343,0.12535946594634917,0.0014353636811811764,-0.4154647100117917,-0.7465172656255752,0.864253970328054,0.2083171382458513,-0.2343171827151724,-0.8992941316506085,0.4784069058723091,0.17837577601853136,-0.4342874972169638,-0.5436305248637188,-0.445242307506273,-0.40832147975617444,0.4437533311653377,0.7093139235025954,0.0933322196231371,0.9776194157446209,-0.3381476063457633,0.4748152105421087,0.08717332241424201,0.3263146952892643,-0.7685229589989214,0.333133738389627,0.03640423892945595,-0.3051376253211935,0.10625105712629246,0.670589603453097,-0.15819768264206288,0.768931271996553,0.1537711317067305,0.11476208902120547,0.09641118135629222,-0.29097455412227824
0.2179070940477371,0.008039814219357023,1.3479977981111708,0.21310924089218114,0.36162375987036416,0.8669749217612118,0.5294600109000145,0.6850078130008983,-0.026414155392518936,-0.8275277116756796,-0.03190060931723203,-0.7012726455674446,0.47577483971276974,0.16241689136926032,0.19305843418946517,-0.010483441605643028,-0.08334596456658286,0.0774101016098304,0.5174981113355981,0.018353721004709344,-0.08827809048138449,-0.03509175937030702,0.916075321802806,-0.10073760214895221,0.426705509565087,0.05136108490777505,-0.14680019806238198,-0.19139294500312468,-0.0237200820608307,-0.24686354024058915,-0.2489005591549539,0.2029058468198808,0.13864407652849328,-0.09366788572383038,-0.3760358064359454,-0.49224241264646856,-0.5420404497701413,1.3092841604160148,-0.11397986213302547,0.8355238174314009,1.0307784394506694,0.05685917541764171,0.06263814175391347,-0.20859475330698582,-0.7413085912390862
-0.29608065917454857,0.6868753749138077,0.21310924089218114,2.6239286895569465,-1.4093981742908315,-0.15049808738218812,-0.380158430862962,0.47295737664220666,0.724116806779576,-1.574072862298079,0.7954594872554916,0.42163514250052764,0.5774437150509867,-0.29319773352916423,0.46992121463010394,0.6335399522853116,1.5564714658121068,-0.06980763121222876,-1.306675444189634,-0.010097807057615643,0.717913263959594,-0.16907829841476876,-0.005852546256917561,-1.0396612539346934,-0.7403090946738663,-0.001940035504981529,-0.7508215539731714,0.827844737820211,-0.07892702701991001,-0.037493527818072914,0.8268645962431596,0.4995792734280129,0.7179545528942071,-0.8669423783886216,-0.9694638787790932,0.5017344837493707,-1.0255409279693388,0.9127754858919831,0.9743627139680991,-0.38265717809714894,-0.02993170585835172,0.6483939106517083,0.16620540310733106,0.47305932197211137,0.44278791471524875
0.4042817427821433,-0.2850523844419337,0.36162375987036416,-1.4093981742908315,1.0211232791093845,0.4327693827522348,0.41766186800659055,-0.025743280077235576,-0.31643849842875627,0.6133406294284168,-0.39351099913294485,-0.4522651535582523,-0.09983648440618849,0.07274366819613537,-0.0523156166196085,-0.17881374679028944,-0.9176587452592471,0.05130668120271809,0.7142062013173173,0.0333607473614202,-0.33084690585753157,0.15469723627316292,0.26066796349885296,0.34293287139734413,0.6695244684225251,0.12273759550101197,0.4080803391926638,-0.5179494758529731,0.05126779152976858,-0.16787969927500163,-0.525007081529984,-0.34391613374621877,-0.3488609576379927,0.2931481649198515,0.49585551162435293,-0.5431177760540989,0.34654782908053783,-0.2010778654454574,-0.7044907732335675,0.5362343598062201,0.3777234408731479,-0.1799125345181615,-0.06361399698686739,-0.19375190038844084,-0.6078262466031354
1.0963243192848606,-0.46278417106361824,0.8669749217612118,-0.15049808738218812,0.4327693827522348,1.6736476412543582,0.05071129152258858,0.14511115040749983,-1.1038484140405946,-0.9211111031555228,0.12239813269541377,-0.9552856829002143,0.553039008258789,-0.19713758606437162,1.1107586241859133,0.07986740171270794,0.08189257359214726,0.5254615550455203,0.12724346337140324,-0.3654391415415515,-0.3134797355796217,0.12076313060612366,0.858996843715394,-0.12257942760752714,0.8571779676735347,0.2968711266646648,0.018105188244842377,-0.13369617405120682,-0.677087061875622,-0.35911287175749673,-0.29963744568114287,0.3828167856988529,-0.08830806805439156,0.6257713972821639,-0.2574023465527168,-0.6407143980786897,-0.43710957254540184,-0.22228174730925213,-0.8442605177599435,0.6260014539912645,0.3897760706930529,-0.34682401350640635,-0.2168356195669409,-0.04034422957749538,-0.5387933350209805
0.01781294717477076,0.06620501969263672,0.5294600109000145,-0.380158430862962,0.41766186800659055,0.05071129152258858,0.5213275831552107,0.09906754256113032,0.41960703970338925,0.14642659144960282,-0.1673630739113768,-0.22562497231522355,0.0397166897676129,0.07968932561047162,-0.33532297412194784,-0.1504669542384695,-0.44797879239143684,-0.09011584013415211,0.5744287122631386,0.09659733652892931,-0.08983120656863426,3.4672384706039595e-4,0.27540362949824093,0.3399696253513776,0.20275139033424033,-0.18313114542659198,0.2719960994681477,-0.16050665739578554,0.030810616553449115,-0.03825941102482395,-0.3029889288706574,-0.1050538730677686,-0.07370615791197642,-0.07433437612858929,0.23181228171843848,-0.17342643386845238,-0.022616845487642492,0.7250579808606201,0.04445851744579409,0.3068219112760191,0.46133949812518293,-0.11228880737303956,0.11464353612297064,-0.2454432856980337,-0.3986103744207826
-0.3878627090656377,0.026028132111192898,0.6850078130008983,0.47295737664220666,-0.025743280077235576,0.14511115040749983,0.09906754256113032,0.8149327530804472,0.11848605729361755,-0.5885507156834714,0.037549395910083654,-0.10094940753783412,0.24848612045147384,0.3141621556059502,0.13819493356332568,0.029130780410197347,0.1719704734537525,-0.15242910078558378,0.08917829643249756,0.06854827522104381,0.215912850792533,0.025155708021496286,0.46047262052880755,-0.5816034992122495,0.021451165402062898,0.14568182039651043,-0.7081545658297397,-0.07626240102838543,0.29090255929972575,-0.09527341543462649,0.054132852698669465,-0.09023765087793488,0.20278727001067273,-0.4295490429004255,-0.6454244524069371,-0.21006844120190132,-0.29415525451265845,0.9104417617809358,-0.01928173821051839,0.5620336041194902,0.5571207112313079,0.6278453346845122,0.04072207930312335,0.1544618014546988,-0.28931323904179396
-0.6097841559780702,0.3781343936068131,-0.026414155392518936,0.724116806779576,-0.31643849842875627,-1.1038484140405946,0.41960703970338925,0.11848605729361755,2.128620773228342,0.005991745219077598,0.4357151624243096,0.7931348247553864,0.06368778480916723,-0.18609585618610974,-0.2678126489895313,0.034795532473633164,0.061535282445196064,-0.5379992747165581,-0.13997575412169422,0.009250856713376499,0.7471476501865963,0.254828089339404,-0.16754811053817165,-0.40687176994268626,-0.20939028764223303,-0.5957725792541307,-0.37405347578665105,0.5649775838639334,-0.13018257617673545,0.16273865192085024,0.039451115124087326,-0.6918764243224748,0.042471372868939115,-1.1604433573143542,-0.061652281265566905,0.3411740580985633,-0.18934168371281637,1.0816062722583297,0.5916282137888019,-0.16381869820232847,-0.28283648639883135,0.8384415485027599,0.397095702025445,0.3875902945343332,0.15765496868526285
-0.3534866895664017,0.0017769386803337195,-0.8275277116756796,-1.574072862298079,0.6133406294284168,-0.9211111031555228,0.14642659144960282,-0.5885507156834714,0.005991745219077598,1.7607844204603083,-0.6542165340334983,0.3250231733641482,-0.7442608619057328,0.24602859955400191,-1.0540609343893705,-0.34992299537139004,-0.9603956759343292,-0.19763918703837705,0.610061629729308,0.3529451161325189,-0.32709312654911493,-0.0422059626301776,-0.7720969028754672,0.9517196279669256,-0.25361797771703887,-0.1009081685790275,0.7402756379000945,-0.499872646839774,0.4924556013590428,0.2400571555415716,-0.24629687948340703,-0.36031555722345404,-0.30100269561519205,0.34725001327271166,1.0224212144546483,0.1993107544369709,0.9742260912914251,-0.7029406731107722,0.005025343071534262,-0.4164291831896068,-0.312329672956094,-0.4180527036975138,-0.017956506925001503,-0.3550786389605835,0.13162043985081706
0.1977671633749792,-0.004875410687178343,-0.03190060931723203,0.7954594872554916,-0.39351099913294485,0.12239813269541377,-0.1673630739113768,0.037549395910083654,0.4357151624243096,-0.6542165340334983,0.514271320554859,0.20021993815090341,0.3053403390740752,-0.3388708501673407,0.6805345773706594,0.24088925889798266,0.5116333719062296,0.014495391820432725,-0.5880944606263648,-0.2696371338409867,0.3918996798323798,0.19441901032044911,0.08846712182697718,-0.6358112633013282,0.12460309986256926,-0.06154015822039043,-0.41421091380416675,0.46815807363838563,-0.45042455925629604,-0.06453773052682785,0.16286896991464342,-0.11667936707868938,0.05703771975894193,-0.37496373613720746,-0.37121950263443815,0.04445850947056491,-0.37278393820160943,-0.05875797317305961,-0.049436676445094974,-0.06714918216776714,-0.35416535167204305,0.4225069867969832,0.04926422966639006,0.43726484650516273,0.16901946055975528
-0.5925799396325527,0.12535946594634917,-0.7012726455674446,0.42163514250052764,-0.4522651535582523,-0.9552856829002143,-0.22562497231522355,-0.10094940753783412,0.7931348247553864,0.3250231733641482,0.20021993815090341,0.7759832446713137,-0.20001537400230332,0.0013018061272176108,-0.13937048990125167,-0.0048070158844673505,0.25792098916681944,-0.2815754629221378,-0.3843206005409007,0.04280783039501927,0.43240038218924365,0.12910429568817242,-0.5466381749993431,-0.24667941238624516,-0.4897361544686087,-0.22064916941843393,-0.3897305565494533,0.30851844620686725,0.036224093768623976,0.24633177961455205,0.26331454290396344,-0.33469455035229473,0.07519963458760504,-0.45992824571409446,-0.05484602042995385,0.4748255936393412,0.1833706989443679,-0.1123107643925473,0.35838949613163396,-0.5172780005309692,-0.6959903317186127,0.4930725855326045,0.11009146192244447,0.323813941142631,0.5544086678144009
0.3415188156022362,0.0014353636811811764,0.47577483971276974,0.5774437150509867,-0.09983648440618849,0.553039008258789,0.0397166897676129,0.24848612045147384,0.06368778480916723,-0.7442608619057328,0.3053403390740752,-0.20001537400230332,0.4173921432216856,-0.18131041177586316,0.6145333861090004,0.19634630789658053,0.3546272672755927,0.09632396854248092,-0.2469347829560437,-0.1750282387250362,0.19522450807144276,0.1047769286181381,0.3737061783001228,-0.440189604327007,0.24432439940120915,0.06517646726084304,-0.2804075785300858,0.2083035503192029,-0.35181399054375034,-0.17714385179694944,0.01130666633111467,0.07073826398870543,0.10558396896410989,-0.16213404590609845,-0.3506083945275622,-0.1668670348251652,-0.4366917884805022,0.27761040314343366,-0.160202207286409,0.2331609991160467,0.1433694288357697,0.2452372784878173,-0.005788299320232551,0.2249283796029241,-0.17135628284750168
-0.7272888613542329,-0.4154647100117917,0.16241689136926032,-0.29319773352916423,0.07274366819613537,-0.19713758606437162,0.07968932561047162,0.3141621556059502,-0.18609585618610974,0.24602859955400191,-0.3388708501673407,0.0013018061272176108,-0.18131041177586316,0.7181723742401931,-0.334148226185896,-0.6685189995746895,-0.16229470806855192,-0.04729301815488418,0.8768061654244694,0.09664807088289216,-0.1830540056042004,-0.0051732187680029055,0.219178307886299,0.5806276507054355,-0.3244309096119902,-0.2778552032182711,-0.45947006611067337,-0.3116454231442031,0.03322940689040848,0.3451311457917207,-0.1631485163253703,0.15134976046398224,0.05615412110242122,0.3977277125553347,-0.24298860986038662,0.19353047953614938,0.2840290416855198,0.7059048492721941,0.14252492233414096,0.06873162244480939,-0.03057327741492929,-0.11736309399509284,-0.012419117597109685,-0.3687086213064343,0.1769031562946739
0.7546108665058506,-0.7465172656255752,0.19305843418946517,0.46992121463010394,-0.0523156166196085,1.1107586241859133,-0.33532297412194784,0.13819493356332568,-0.2678126489895313,-1.0540609343893705,0.6805345773706594,-0.13937048990125167,0.6145333861090004,-0.334148226185896,1.8696749212963206,0.052458506051256605,0.5809701141255288,0.34358367422589475,-0.4518504581110708,-0.6790031849721643,0.3632889072156798,0.5924481112246814,0.5788393269127271,-0.8547256682320287,0.7362103341990344,0.03677754420191006,-0.9471581780458347,0.40810386284065026,-1.2514881487375498,-0.14489051338177372,-0.10474827045812465,-0.16849609719995537,-0.10722737637929998,0.12350129761872251,-0.6870872853881796,-0.28887161176564435,-0.4001227036824389,-0.5963168811286137,-0.9722019321122309,0.23857369568523423,-0.7577298174694272,0.5331945688510217,-0.15634168493324646,0.6738885123451502,0.11193099544549262
0.5533051937505331,0.864253970328054,-0.010483441605643028,0.6335399522853116,-0.17881374679028944,0.07986740171270794,-0.1504669542384695,0.029130780410197347,0.034795532473633164,-0.34992299537139004,0.24088925889798266,-0.0048070158844673505,0.19634630789658053,-0.6685189995746895,0.052458506051256605,1.0293623884712182,0.317551594315887,-0.06739739108495087,-1.2341652309455826,0.18826339835785805,0.2542225551976304,-0.20614520443072498,-0.35415876484215497,-0.959760561202988,0.08015249934713072,0.648553945606145,0.4586508589772088,0.1913496192883871,0.6247552272254151,-0.5107494294214666,0.4375302722442039,-0.07918499475659335,0.18445556493507048,-0.733768481790372,0.13234417185857192,-0.2555150037692599,-0.4119360773774707,-0.541301353223138,0.06685078635498551,0.048515551127112075,0.544124001305359,0.377634927918275,0.006073006487385439,0.4364363432351868,-0.3618839424020586
-0.07020033054435543,0.2083171382458513,-0.08334596456658286,1.5564714658121068,-0.9176587452592471,0.08189257359214726,-0.44797879239143684,0.1719704734537525,0.061535282445196064,-0.9603956759343292,0.5116333719062296,0.25792098916681944,0.3546272672755927,-0.16229470806855192,0.5809701141255288,0.317551594315887,1.0884900442007428,0.08726187994518322,-0.8691635447859248,-0.11134003036787657,0.3955626236765416,-0.0407060440047722,-0.058089852979280536,-0.5920981458794103,-0.4642743906984418,0.03948668422443249,-0.5719562649982675,0.5118059821652184,-0.28012585378304783,0.023395789050065098,0.5195038027507964,0.4028696076605574,0.42022952980075295,-0.23901554689613,-0.6385367315857622,0.36894521825033505,-0.538115259061247,0.1254170569025048,0.4129819697107929,-0.3831357475672791,-0.3410349304852936,0.3089431574361501,-0.005340607224631738,0.3394458112447227,0.4626383648285314
0.3595018881906571,-0.2343171827151724,0.0774101016098304,-0.06980763121222876,0.05130668120271809,0.5254615550455203,-0.09011584013415211,-0.15242910078558378,-0.5379992747165581,-0.19763918703837705,0.014495391820432725,-0.2815754629221378,0.09632396854248092,-0.04729301815488418,0.34358367422589475,-0.06739739108495087,0.08726187994518322,0.2711288977486078,0.060343710369824756,-0.1227896613252386,-0.20969116175280042,0.009709665074736086,0.17448768857441846,0.22196622976090966,0.14915215788914044,0.02079141639600979,0.10337076560707573,-0.049253387212419925,-0.327815220669203,-0.011319726410987989,-0.04918512971700691,0.30093192886618836,-0.012553727354907486,0.45209285411743316,0.002733711920775577,-0.06845241746675859,-0.07310653175572572,-0.2548595390545018,-0.18417414625242487,-0.02088911208209042,-0.10529603645763103,-0.37298404768908205,-0.09069876494745022,-0.1388672877374154,0.014623552984148322
-0.5139886207832267,-0.8992941316506085,0.5174981113355981,-1.306675444189634,0.7142062013173173,0.12724346337140324,0.5744287122631386,0.08917829643249756,-0.13997575412169422,0.610061629729308,-0.5880944606263648,-0.3843206005409007,-0.2469347829560437,0.8768061654244694,-0.4518504581110708,-1.2341652309455826,-0.8691635447859248,0.060343710369824756,1.922909000011635,-0.05104206756694417,-0.5492675925959252,0.12768681973719417,0.6464859572134696,1.4155308807760978,0.14401979110020377,-0.6758303587347403,-0.12083381061036251,-0.5558336883369059,-0.43214238575840824,0.456605591046806,-0.7598153910726303,0.08959943278472278,-0.28665419320723373,0.9210174870700941,0.11645454563803576,-0.007401794249332798,0.5151747323743346,1.031418590733352,-0.15843920591416116,0.3371038878932865,0.031536392959552774,-0.6616449859791417,0.0152919465697862,-0.8024899114755941,-0.08479920988166806
-0.2489252977385056,0.4784069058723091,0.018353721004709344,-0.010097807057615643,0.0333607473614202,-0.3654391415415515,0.09659733652892931,0.06854827522104381,0.009250856713376499,0.3529451161325189,-0.2696371338409867,0.04280783039501927,-0.1750282387250362,0.09664807088289216,-0.6790031849721643,0.18826339835785805,-0.11134003036787657,-0.1227896613252386,-0.05104206756694417,0.4024301067914394,-0.08079915354123374,-0.2595726143458978,-0.2974524123615802,0.1643094274075114,-0.3735253525119096,0.1689918873069935,0.371437861961415,-0.22555305762115538,0.6700294629267627,-0.034949621221255674,0.18435707115520644,0.12383259202166005,0.19544246930232115,-0.15952761875993596,0.27071480043563184,0.07619969083785678,0.0612446045468701,0.24237408772871177,0.41273314870175404,-0.08915173650202195,0.42881766312910374,-0.08838844788132134,0.054189910348958426,-0.2061828101655671,-0.13149005585480528
-0.16201445495928962,0.17837577601853136,-0.08827809048138449,0.717913263959594,-0.33084690585753157,-0.3134797355796217,-0.08983120656863426,0.215912850792533,0.7471476501865963,-0.32709312654911493,0.3918996798323798,0.43240038218924365,0.19522450807144276,-0.1830540056042004,0.3632889072156798,0.2542225551976304,0.3955626236765416,-0.20969116175280042,-0.5492675925959252,-0.08079915354123374,0.5455308870966727,0.19740821377025272,-0.1139731667770183,-0.7278144198773432,-0.0842502894215466,-0.025019908734678346,-0.52738008503741,0.3800660421894515,-0.11778683684497117,-0.038318916133433766,0.19339548418043984,-0.34979633744609395,0.1148992444469807,-0.6581132681640659,-0.3167335966359436,0.12042332388316491,-0.2134622200757639,0.13953537290988052,0.06323868280302994,-0.07508252592951356,-0.2707210643145442,0.7439710003603827,0.0885511392683865,0.5205637926280856,0.1516010345580657
0.060772228941358405,-0.4342874972169638,-0.03509175937030702,-0.16907829841476876,0.15469723627316292,0.12076313060612366,3.4672384706039595e-4,0.025155708021496286,0.254828089339404,-0.0422059626301776,0.19441901032044911,0.12910429568817242,0.1047769286181381,-0.0051732187680029055,0.5924481112246814,-0.20614520443072498,-0.0407060440047722,0.009709665074736086,0.12768681973719417,-0.2595726143458978,0.19740821377025272,0.3657529247634571,0.1714455107404154,-0.17644488842822495,0.29825645385665583,-0.1817998314939078,-0.4645446202523667,0.10971017531254537,-0.5433721244845457,0.07133865444118898,-0.1889743933381338,-0.3348166263784313,-0.15480708076948704,-0.006086065169889893,-0.1530048411360717,-0.05642573685240013,0.06720322299083202,-0.11900628229949717,-0.42166737281868016,0.07892175573613507,-0.4914399371944258,0.32144905806944146,-0.004375526622213259,0.25760505487134827,0.09820507419667067
0.17246351161414564,-0.5436305248637188,0.916075321802806,-0.005852546256917561,0.26066796349885296,0.858996843715394,0.27540362949824093,0.46047262052880755,-0.16754811053817165,-0.7720969028754672,0.08846712182697718,-0.5466381749993431,0.3737061783001228,0.219178307886299,0.5788393269127271,-0.35415876484215497,-0.058089852979280536,0.17448768857441846,0.6464859572134696,-0.2974524123615802,-0.1139731667770183,0.1714455107404154,0.9452799652264712,-0.016540598634118588,0.5535948405143298,-0.16984909628024616,-0.48235403824489204,-0.06383239441152276,-0.5184190905027093,-0.039479361800141374,-0.3568616008727009,0.0990827232073486,-0.08008163060731419,0.22185913014212408,-0.5318318265292822,-0.3825475634273282,-0.3293573419771943,0.8145643248438006,-0.39461915749699494,0.6863569770077315,0.3494007600280507,0.0020271489997026426,-0.0026417166007845715,-0.12281041745236587,-0.3571771325706094
-0.28886434537075395,-0.445242307506273,-0.10073760214895221,-1.0396612539346934,0.34293287139734413,-0.12257942760752714,0.3399696253513776,-0.5816034992122495,-0.40687176994268626,0.9517196279669256,-0.6358112633013282,-0.24667941238624516,-0.440189604327007,0.5806276507054355,-0.8547256682320287,-0.959760561202988,-0.5920981458794103,0.22196622976090966,1.4155308807760978,0.1643094274075114,-0.7278144198773432,-0.17644488842822495,-0.016540598634118588,1.9255886899509684,-0.3930489659413926,-0.6296428256761014,0.6803818174682825,-0.46693131567399104,-0.31208878356579295,0.5149952507833899,-0.4167075808200456,0.6026243842058564,-0.10310775559936057,1.2232130381265962,0.6711406067017143,0.4084905960963504,0.558987287611912,0.40083028876037324,0.3946568314689713,-0.45016299011572264,-0.24716786193599777,-1.3407968160230173,-0.006686935385192225,-1.0447668027577168,0.2748939902772915
0.8117922844843999,-0.40832147975617444,0.426705509565087,-0.7403090946738663,0.6695244684225251,0.8571779676735347,0.20275139033424033,0.021451165402062898,-0.20939028764223303,-0.25361797771703887,0.12460309986256926,-0.4897361544686087,0.24432439940120915,-0.3244309096119902,0.7362103341990344,0.08015249934713072,-0.4642743906984418,0.14915215788914044,0.14401979110020377,-0.3735253525119096,-0.0842502894215466,0.29825645385665583,0.5535948405143298,-0.3930489659413926,1.0618810961299947,0.16605369435383355,0.05038325441420681,-0.05955979740383111,-0.40806473168171836,-0.3313424959865845,-0.44214978289453566,-0.42311051612224165,-0.41941406977733947,0.030253281858868032,0.017781199877009463,-0.7010687054955588,-0.07963957868810335,-0.4455951054545095,-0.9626509073705687,0.6968332250937744,0.21163476915730936,0.12843918003629007,-0.07540995670125705,0.2300449887703737,-0.5721654324359272
0.41800342197802487,0.4437533311653377,0.05136108490777505,-0.001940035504981529,0.12273759550101197,0.2968711266646648,-0.18313114542659198,0.14568182039651043,-0.5957725792541307,-0.1009081685790275,-0.06154015822039043,-0.22064916941843393,0.06517646726084304,-0.2778552032182711,0.03677754420191006,0.648553945606145,0.03948668422443249,0.02079141639600979,-0.6758303587347403,0.1689918873069935,-0.025019908734678346,-0.1817998314939078,-0.16984909628024616,-0.6296428256761014,0.16605369435383355,0.6831246687290479,0.300244934111957,-0.1499027539143514,0.6291224162010366,-0.4140784668647659,0.2219926948456907,-0.02315275775052022,0.07020024009890277,-0.24597469867681168,0.07563020570680672,-0.3626451256025585,-0.11361519904455532,-0.6383824125549493,-0.2507303232534077,0.2410297187896439,0.5660995494313663,0.19551366121260158,-0.12460069470443885,0.2310009279469827,-0.3904497451313726
0.6902323125330084,0.7093139235025954,-0.14680019806238198,-0.7508215539731714,0.4080803391926638,0.018105188244842377,0.2719960994681477,-0.7081545658297397,-0.37405347578665105,0.7402756379000945,-0.41421091380416675,-0.3897305565494533,-0.2804075785300858,-0.45947006611067337,-0.9471581780458347,0.4586508589772088,-0.5719562649982675,0.10337076560707573,-0.12083381061036251,0.371437861961415,-0.52738008503741,-0.4645446202523667,-0.48235403824489204,0.6803818174682825,0.05038325441420681,0.300244934111957,1.653875389051019,-0.2927382796185253,0.6324497636840384,-0.28422988282354217,-0.022537867485197375,0.28093670429354134,-0.10243360049688374,0.23301825580706395,1.1167248095965805,-0.165038250914525,0.14579818602085978,-0.6193759673010092,0.25104941595358016,-0.19743150333083678,0.6677318623483895,-0.950291602865405,-0.005952392967316202,-0.48806881657125645,-0.4460892006764553
0.056681699075731194,0.0933322196231371,-0.19139294500312468,0.827844737820211,-0.5179494758529731,-0.13369617405120682,-0.16050665739578554,-0.07626240102838543,0.5649775838639334,-0.499872646839774,0.46815807363838563,0.30851844620686725,0.2083035503192029,-0.3116454231442031,0.40810386284065026,0.1913496192883871,0.5118059821652184,-0.049253387212419925,-0.5558336883369059,-0.22555305762115538,0.3800660421894515,0.10971017531254537,-0.06383239441152276,-0.46693131567399104,-0.05955979740383111,-0.1499027539143514,-0.2927382796185253,0.5155443125854208,-0.3852958709901753,0.00899485922148927,0.18251572334618857,-0.07918301133412507,0.0587497587089884,-0.37025265602285395,-0.27788733574179786,0.20266481433298125,-0.2945552271704757,-0.025793981354425868,0.15913756854908787,-0.23640598576142616,-0.39817186497151946,0.319917226338262,0.06879277319210482,0.36769329318172966,0.28920811040877464
-0.38956508596446027,0.9776194157446209,-0.0237200820608307,-0.07892702701991001,0.05126779152976858,-0.677087061875622,0.030810616553449115,0.29090255929972575,-0.13018257617673545,0.4924556013590428,-0.45042455925629604,0.036224093768623976,-0.35181399054375034,0.03322940689040848,-1.2514881487375498,0.6247552272254151,-0.28012585378304783,-0.327815220669203,-0.43214238575840824,0.6700294629267627,-0.11778683684497117,-0.5433721244845457,-0.5184190905027093,-0.31208878356579295,-0.40806473168171836,0.6291224162010366,0.6324497636840384,-0.3852958709901753,1.631609472274319,-0.2760005582765288,0.39735356335230987,-0.037304255313992285,0.2155461849318129,-0.6294450961492355,0.3151249855360106,-0.15128018139979862,0.08383248670617287,0.07874920201198969,0.5191558974574539,0.17464196302756063,1.1097162290724216,0.14498494705017279,0.059618140396942555,-0.12911681814956746,-0.44596826691873204
-0.49535344310194895,-0.3381476063457633,-0.24686354024058915,-0.037493527818072914,-0.16787969927500163,-0.35911287175749673,-0.03825941102482395,-0.09527341543462649,0.16273865192085024,0.2400571555415716,-0.06453773052682785,0.24633177961455205,-0.17714385179694944,0.3451311457917207,-0.14489051338177372,-0.5107494294214666,0.023395789050065098,-0.011319726410987989,0.456605591046806,-0.034949621221255674,-0.038318916133433766,0.07133865444118898,-0.039479361800141374,0.5149952507833899,-0.3313424959865845,-0.4140784668647659,-0.28422988282354217,0.00899485922148927,-0.2760005582765288,0.37249405239864564,-0.05222921885407121,0.09836819505709725,0.007901078712490165,0.2942502050931624,-0.07499340304999581,0.3665415112997864,0.22087373776895322,0.28254228139450155,0.2403627457476576,-0.30002078408863875,-0.5028188002237935,-0.17143354143693496,0.040094909134268913,-0.2083506628133988,0.430649764381217
-0.15018283428935225,0.4748152105421087,-0.2489005591549539,0.8268645962431596,-0.525007081529984,-0.29963744568114287,-0.3029889288706574,0.054132852698669465,0.039451115124087326,-0.24629687948340703,0.16286896991464342,0.26331454290396344,0.01130666633111467,-0.1631485163253703,-0.10474827045812465,0.4375302722442039,0.5195038027507964,-0.04918512971700691,-0.7598153910726303,0.18435707115520644,0.19339548418043984,-0.1889743933381338,-0.3568616008727009,-0.4167075808200456,-0.44214978289453566,0.2219926948456907,-0.022537867485197375,0.18251572334618857,0.39735356335230987,-0.05222921885407121,0.4937343351917108,0.19213137642062397,0.3057555546730065,-0.3593919937001556,-0.14093274856255675,0.21428704517017771,-0.23005858381082017,-0.09915302239460043,0.4472017951960667,-0.29769157319377976,0.016956927877405676,0.18692827541402096,0.03580424255391462,0.16141495496720085,0.19796658450313748
0.052898542689503364,0.08717332241424201,0.2029058468198808,0.4995792734280129,-0.34391613374621877,0.3828167856988529,-0.1050538730677686,-0.09023765087793488,-0.6918764243224748,-0.36031555722345404,-0.11667936707868938,-0.33469455035229473,0.07073826398870543,0.15134976046398224,-0.16849609719995537,-0.07918499475659335,0.4028696076605574,0.30093192886618836,0.08959943278472278,0.12383259202166005,-0.34979633744609395,-0.3348166263784313,0.0990827232073486,0.6026243842058564,-0.42311051612224165,-0.02315275775052022,0.28093670429354134,-0.07918301133412507,-0.037304255313992285,0.09836819505709725,0.19213137642062397,0.8657716941798599,0.3050792152209801,0.5893696357722605,-0.05738303836187543,0.2326016318650821,-0.23652465719036234,0.3118203738426535,0.48482097722975226,-0.2670559854392999,0.18637116645777266,-0.7439688974926217,-0.05660355704833316,-0.4953906887560846,0.15010436909771177
-0.20600240204860973,0.3263146952892643,0.13864407652849328,0.7179545528942071,-0.3488609576379927,-0.08830806805439156,-0.07370615791197642,0.20278727001067273,0.042471372868939115,-0.30100269561519205,0.05703771975894193,0.07519963458760504,0.10558396896410989,0.05615412110242122,-0.10722737637929998,0.18445556493507048,0.42022952980075295,-0.012553727354907486,-0.28665419320723373,0.19544246930232115,0.1148992444469807,-0.15480708076948704,-0.08008163060731419,-0.10310775559936057,-0.41941406977733947,0.07020024009890277,-0.10243360049688374,0.0587497587089884,0.2155461849318129,0.007901078712490165,0.3057555546730065,0.3050792152209801,0.33924592358058686,-0.16316182704246518,-0.18098786646521148,0.19270901955643835,-0.25499216489444887,0.42477843601671383,0.4404016169878611,-0.15717125218442185,0.16017157665580348,0.0709464960593466,0.04422886118630408,-0.030050328002869196,0.08434686060802006
0.2116169151640664,-0.7685229589989214,-0.09366788572383038,-0.8669423783886216,0.2931481649198515,0.6257713972821639,-0.07433437612858929,-0.4295490429004255,-1.1604433573143542,0.34725001327271166,-0.37496373613720746,-0.45992824571409446,-0.16213404590609845,0.3977277125553347,0.12350129761872251,-0.733768481790372,-0.23901554689613,0.45209285411743316,0.9210174870700941,-0.15952761875993596,-0.6581132681640659,-0.006086065169889893,0.22185913014212408,1.2232130381265962,0.030253281858868032,-0.24597469867681168,0.23301825580706395,-0.37025265602285395,-0.6294450961492355,0.2942502050931624,-0.3593919937001556,0.5893696357722605,-0.16316182704246518,1.3567969920545717,0.22770514462460584,0.10636125856994932,0.3872932917927273,-0.38544999938965574,-0.28404197295407463,-0.20934346871868317,-0.41799736282436434,-1.0584383416281977,-0.21745038435043662,-0.628400475244527,0.2519941605063236
0.3623380712444811,0.333133738389627,-0.3760358064359454,-0.9694638787790932,0.49585551162435293,-0.2574023465527168,0.23181228171843848,-0.6454244524069371,-0.061652281265566905,1.0224212144546483,-0.37121950263443815,-0.05484602042995385,-0.3506083945275622,-0.24298860986038662,-0.6870872853881796,0.13234417185857192,-0.6385367315857622,0.002733711920775577,0.11645454563803576,0.27071480043563184,-0.3167335966359436,-0.1530048411360717,-0.5318318265292822,0.6711406067017143,0.017781199877009463,0.07563020570680672,1.1167248095965805,-0.27788733574179786,0.3151249855360106,-0.07499340304999581,-0.14093274856255675,-0.05738303836187543,-0.18098786646521148,0.22770514462460584,1.009209630907446,-0.0211607444003375,0.4075938185119301,-0.6399584360563841,0.03986921294534034,-0.29152970775329284,0.09116048583126891,-0.5912678385287007,-4.8754208250272984e-4,-0.30340874060829937,-0.1823406758893362
-0.5496963222508916,0.03640423892945595,-0.49224241264646856,0.5017344837493707,-0.5431177760540989,-0.6407143980786897,-0.17342643386845238,-0.21006844120190132,0.3411740580985633,0.1993107544369709,0.04445850947056491,0.4748255936393412,-0.1668670348251652,0.19353047953614938,-0.28887161176564435,-0.2555150037692599,0.36894521825033505,-0.06845241746675859,-0.007401794249332798,0.07619969083785678,0.12042332388316491,-0.05642573685240013,-0.3825475634273282,0.4084905960963504,-0.7010687054955588,-0.3626451256025585,-0.165038250914525,0.20266481433298125,-0.15128018139979862,0.3665415112997864,0.21428704517017771,0.2326016318650821,0.19270901955643835,0.10636125856994932,-0.0211607444003375,0.6266929910742934,0.12005821762315999,0.19688641439253285,0.6082628876123007,-0.6605556464901793,-0.5957538746146696,-0.132360200803321,0.06109344737502971,-0.11087238508897077,0.6333166397624996
-0.2790856683644029,-0.3051376253211935,-0.5420404497701413,-1.0255409279693388,0.34654782908053783,-0.43710957254540184,-0.022616845487642492,-0.29415525451265845,-0.18934168371281637,0.9742260912914251,-0.37278393820160943,0.1833706989443679,-0.4366917884805022,0.2840290416855198,-0.4001227036824389,-0.4119360773774707,-0.538115259061247,-0.07310653175572572,0.5151747323743346,0.0612446045468701,-0.2134622200757639,0.06720322299083202,-0.3293573419771943,0.558987287611912,-0.07963957868810335,-0.11361519904455532,0.14579818602085978,-0.2945552271704757,0.08383248670617287,0.22087373776895322,-0.23005858381082017,-0.23652465719036234,-0.25499216489444887,0.3872932917927273,0.4075938185119301,0.12005821762315999,0.660786844067513,-0.5206700846017452,-0.19325163118515373,-0.19625167431918564,-0.3846926348125897,-0.20847893885349938,-0.07500497675822365,-0.16885766520957748,0.1985344522529318
-1.00583642378676,0.10625105712629246,1.3092841604160148,0.9127754858919831,-0.2010778654454574,-0.22228174730925213,0.7250579808606201,0.9104417617809358,1.0816062722583297,-0.7029406731107722,-0.05875797317305961,-0.1123107643925473,0.27761040314343366,0.7059048492721941,-0.5963168811286137,-0.541301353223138,0.1254170569025048,-0.2548595390545018,1.031418590733352,0.24237408772871177,0.13953537290988052,-0.11900628229949717,0.8145643248438006,0.40083028876037324,-0.4455951054545095,-0.6383824125549493,-0.6193759673010092,-0.025793981354425868,0.07874920201198969,0.28254228139450155,-0.09915302239460043,0.3118203738426535,0.42477843601671383,-0.38544999938965574,-0.6399584360563841,0.19688641439253285,-0.5206700846017452,2.7724337560400425,0.9263895254551627,0.44620573441704503,0.8057319352458846,0.16623119849058735,0.3420342687464106,-0.5051787946518331,-0.2286938235190346
-0.7042266355884271,0.670589603453097,-0.11397986213302547,0.9743627139680991,-0.7044907732335675,-0.8442605177599435,0.04445851744579409,-0.01928173821051839,0.5916282137888019,0.005025343071534262,-0.049436676445094974,0.35838949613163396,-0.160202207286409,0.14252492233414096,-0.9722019321122309,0.06685078635498551,0.4129819697107929,-0.18417414625242487,-0.15843920591416116,0.41273314870175404,0.06323868280302994,-0.42166737281868016,-0.39461915749699494,0.3946568314689713,-0.9626509073705687,-0.2507303232534077,0.25104941595358016,0.15913756854908787,0.5191558974574539,0.2403627457476576,0.4472017951960667,0.48482097722975226,0.4404016169878611,-0.28404197295407463,0.03986921294534034,0.6082628876123007,-0.19325163118515373,0.9263895254551627,1.2314531977169427,-0.5514339391439107,0.18815270558668654,-0.24696035870701197,0.2115596668817546,-0.3544936558600342,0.3377644520686402
0.2308601975550641,-0.15819768264206288,0.8355238174314009,-0.38265717809714894,0.5362343598062201,0.6260014539912645,0.3068219112760191,0.5620336041194902,-0.16381869820232847,-0.4164291831896068,-0.06714918216776714,-0.5172780005309692,0.2331609991160467,0.06873162244480939,0.23857369568523423,0.048515551127112075,-0.3831357475672791,-0.02088911208209042,0.3371038878932865,-0.08915173650202195,-0.07508252592951356,0.07892175573613507,0.6863569770077315,-0.45016299011572264,0.6968332250937744,0.2410297187896439,-0.19743150333083678,-0.23640598576142616,0.17464196302756063,-0.30002078408863875,-0.29769157319377976,-0.2670559854392999,-0.15717125218442185,-0.20934346871868317,-0.29152970775329284,-0.6605556464901793,-0.19625167431918564,0.44620573441704503,-0.5514339391439107,0.9222483587397067,0.801453772462889,0.3154221558724849,-0.011411029350992037,0.06216760530138301,-0.709433948440004
0.21409579206511245,0.768931271996553,1.0307784394506694,-0.02993170585835172,0.3777234408731479,0.3897760706930529,0.46133949812518293,0.5571207112313079,-0.28283648639883135,-0.312329672956094,-0.35416535167204305,-0.6959903317186127,0.1433694288357697,-0.03057327741492929,-0.7577298174694272,0.544124001305359,-0.3410349304852936,-0.10529603645763103,0.031536392959552774,0.42881766312910374,-0.2707210643145442,-0.4914399371944258,0.3494007600280507,-0.24716786193599777,0.21163476915730936,0.5660995494313663,0.6677318623483895,-0.39817186497151946,1.1097162290724216,-0.5028188002237935,0.016956927877405676,0.18637116645777266,0.16017157665580348,-0.41799736282436434,0.09116048583126891,-0.5957538746146696,-0.3846926348125897,0.8057319352458846,0.18815270558668654,0.801453772462889,1.7247292665387994,-0.07009948102545278,0.04724981417810106,-0.28746230298035813,-1.0094864665096397
-0.3049405058489375,0.1537711317067305,0.05685917541764171,0.6483939106517083,-0.1799125345181615,-0.34682401350640635,-0.11228880737303956,0.6278453346845122,0.8384415485027599,-0.4180527036975138,0.4225069867969832,0.4930725855326045,0.2452372784878173,-0.11736309399509284,0.5331945688510217,0.377634927918275,0.3089431574361501,-0.37298404768908205,-0.6616449859791417,-0.08838844788132134,0.7439710003603827,0.32144905806944146,0.0020271489997026426,-1.3407968160230173,0.12843918003629007,0.19551366121260158,-0.950291602865405,0.319917226338262,0.14498494705017279,-0.17143354143693496,0.18692827541402096,-0.7439688974926217,0.0709464960593466,-1.0584383416281977,-0.5912678385287007,-0.132360200803321,-0.20847893885349938,0.16623119849058735,-0.24696035870701197,0.3154221558724849,-0.07009948102545278,1.3454179227404206,0.07916504438166246,0.8329271422149531,-0.05782288256141536
-0.1529734561733029,0.11476208902120547,0.06263814175391347,0.16620540310733106,-0.06361399698686739,-0.2168356195669409,0.11464353612297064,0.04072207930312335,0.397095702025445,-0.017956506925001503,0.04926422966639006,0.11009146192244447,-0.005788299320232551,-0.012419117597109685,-0.15634168493324646,0.006073006487385439,-0.005340607224631738,-0.09069876494745022,0.0152919465697862,0.054189910348958426,0.0885511392683865,-0.004375526622213259,-0.0026417166007845715,-0.006686935385192225,-0.07540995670125705,-0.12460069470443885,-0.005952392967316202,0.06879277319210482,0.059618140396942555,0.040094909134268913,0.03580424255391462,-0.05660355704833316,0.04422886118630408,-0.21745038435043662,-4.8754208250272984e-4,0.06109344737502971,-0.07500497675822365,0.3420342687464106,0.2115596668817546,-0.011411029350992037,0.04724981417810106,0.07916504438166246,0.10361895598773439,-0.019477893679074765,-0.005707739935811003
0.18618094044215067,0.09641118135629222,-0.20859475330698582,0.47305932197211137,-0.19375190038844084,-0.04034422957749538,-0.2454432856980337,0.1544618014546988,0.3875902945343332,-0.3550786389605835,0.43726484650516273,0.323813941142631,0.2249283796029241,-0.3687086213064343,0.6738885123451502,0.4364363432351868,0.3394458112447227,-0.1388672877374154,-0.8024899114755941,-0.2061828101655671,0.5205637926280856,0.25760505487134827,-0.12281041745236587,-1.0447668027577168,0.2300449887703737,0.2310009279469827,-0.48806881657125645,0.36769329318172966,-0.12911681814956746,-0.2083506628133988,0.16141495496720085,-0.4953906887560846,-0.030050328002869196,-0.628400475244527,-0.30340874060829937,-0.11087238508897077,-0.16885766520957748,-0.5051787946518331,-0.3544936558600342,0.06216760530138301,-0.28746230298035813,0.8329271422149531,-0.019477893679074765,0.724717288581164,0.042534781271159165
