V1,V2,V3,V4,V5,V6,V7,V8,V9,V10,V11,V12,V13,V14,V15,V16,V17,V18,V19,V20,V21,V22,V23,V24,V25,V26,V27,V28,V29,V30,V31,V32,V33,V34,V35,V36,V37,V38,V39,V40,V41,V42,V43,V44,V45
0.7675919506696716,0.07813912794787194,0.5585935328797142,-0.03242893199365469,-0.07321553501233967,0.439080436546277,-0.1012769732278836,0.11553319144514042,-0.27075808380446276,-0.14171081821658865,0.19078005213201257,0.2331974177377294,-0.2975901650558965,0.3585634799022942,0.004574137724102467,-0.050858206917935765,-0.3593809537472488,-0.800932633454706,0.40767281693590796,0.17586141537074165,0.05527051324175611,-0.42468402589017606,-0.8677978816191413,-0.19038681888819212,0.2407693668931536,-0.5214245940696045,0.34737564255273484,0.19837486409719027,-0.062384408487525585,0.1645078829912262,0.12070513511683256,-0.07587592644090091,-0.2143990441075412,0.026974459940108924,0.08707367515372183,-0.28806559340557375,0.3611891490880497,-0.30826927278342303,-0.4667157638226674,-0.05976420327124273,-0.1600146777308907,0.18188619897928632,0.0786902147473565,-0.39149647385376224,0.1570682022455491
0.07813912794787194,0.9043107701792457,-0.0191388465420732,0.48623761947473754,0.04518886702479728,0.4442320299487187,-0.5443019550024019,-0.49614321718546284,0.23839612001954696,-0.18425713716433798,0.5345651519610287,-0.06333779250009867,0.19330051891260758,-0.34321498290005353,0.022731931362146653,0.43971414069631193,0.02792153689371878,0.2069071485057951,0.4779960624986678,0.30977382751987376,0.12788900037579146,-0.45345072484274407,0.5298545970588433,-0.23601517902963232,0.5491565556922108,-0.7634288246761952,0.05130970445052272,0.22444674715830304,0.01907792905564964,-0.39438820409296843,-0.5070602302140352,0.27270586710080924,0.23131971681943564,0.5164212779291777,-0.7645129480712709,0.2740421203387721,0.4064613596508191,-0.21215500122967654,0.13539049467279676,0.46325929485996914,-0.27489006289800405,0.15732955173311985,-0.4811834145610943,0.464501905433991,0.03398424529921859
0.5585935328797142,-0.0191388465420732,0.8039508972615175,-0.3768403092578432,-0.05888075813424761,0.021386926411988572,0.24084385992312393,-0.24837562345419512,-0.47194898490412723,-0.2270724155026006,0.4118159533550024,0.2160739880294901,-0.31401175869664577,0.6076640728077835,-0.23924390326533013,-0.35355207951764184,-0.43738153105355265,-0.5075375019959025,0.4346819905544502,0.015997061543866757,0.09876757189251105,-0.26691271215046236,-0.47715759738231367,-0.1778094480138509,0.6338951130159762,-0.8392883925169188,0.26948690825762606,0.2676214600980553,-0.23055003450312825,0.26105491342701753,0.3130262173766735,-0.16880750148858428,-0.22874969797761058,-0.1734296636820262,0.3736864851797377,-0.26799656632441804,0.0759619472905841,0.025310784569787175,-0.19746665237581693,-0.44996041294459643,0.0699341973971437,0.2713853416622097,-0.032015339852826744,-0.44698082306707915,0.05609156721338025
-0.03242893199365469,0.48623761947473754,-0.3768403092578432,1.1184009084590985,0.15986256521493547,0.4472320318036215,-0.7786389762607321,-0.17342560492181222,0.6031781317556155,-0.23945444401947105,-0.2522300976457778,0.13135564298162267,-0.11382394518357779,-0.1003640060411018,-0.019716494644538323,1.577803796813869,0.42006566156597536,-0.19033134803568566,0.21070896336767167,0.4328672581522983,0.07807410152289394,-0.3171082877519464,0.33323069557159485,-0.046955995746636614,-0.20948215742479237,-0.37216771548278293,-0.22148624276034434,-0.001777668352966292,0.3803813464411733,-0.4884907276180518,-0.6863873347463908,0.16252860262231036,0.2704353022188337,0.5827602714064464,-0.5034127678868286,0.36442358088686033,0.2463999337049886,-0.3372062137500031,-0.16816409201788227,0.297108614082068,-0.270235837685845,-0.13202272007679175,-0.2956108463196442,-0.028634908172197736,-0.08204607653179467
-0.07321553501233967,0.04518886702479728,-0.05888075813424761,0.15986256521493547,0.7499712461781571,0.2440735641658096,-0.30510295630528145,0.05543237062476113,0.18042838759650892,0.3822790299997168,0.22685781207748287,-0.17999542730638035,0.20012919970792079,0.2790677461169321,-0.1119250322114558,0.021160042729620115,0.06703224702344499,-0.0976585133699549,-0.17870907677749154,-0.4895779795352262,8.28120986859771e-4,0.2293806912572747,-0.208460910203795,-0.18664649324299992,-0.15486753028346123,-0.11201889878545553,-0.026314939056319046,0.579282768335632,0.27863955823503833,-0.5034807133249968,0.259692395116351,0.4796033662499762,0.018254873705728095,0.5113994077535445,-0.2412658367360017,-0.2307773100104768,-0.10065734702123093,0.050619691221039,0.5100574225834426,-0.15193762481169704,0.3632018194580631,-0.34789299118409567,0.4632305669723771,0.3066926372460593,-0.18940000142213206
0.439080436546277,0.4442320299487187,0.021386926411988572,0.4472320318036215,0.2440735641658096,1.3820003753570818,-0.1494304046749897,-0.0461470485853747,0.23545352636738387,0.1057562921350086,0.23764500133888292,0.41207419942689943,0.43756641784825934,-0.20771885912263913,0.7040970966089112,0.12483624034974479,-0.14327859371058008,-0.7928308569802182,0.12888091700662935,-0.26102369512066026,0.16897452633041785,-0.3766888045025904,-0.6448285443367416,-0.4168857012343079,0.14044864119377956,-0.17701911317959165,0.8289979115719138,0.49654846868877434,-0.027317888680526627,-0.278152034921177,0.6287522368768902,0.05934213579657659,0.08441047441060014,0.606747674584253,-0.443181964667165,-0.4794728976174301,0.7685935686005738,-0.9717456995732437,-0.3467530715398884,0.46030674090774304,-0.47046278595957913,-0.43992247338664603,0.35776145611945337,0.20298867124725928,0.08578515519874584
-0.1012769732278836,-0.5443019550024019,0.24084385992312393,-0.7786389762607321,-0.30510295630528145,-0.1494304046749897,1.0959500870689023,0.06632170619456997,-0.3727252272151565,0.06128440196621936,-0.0395912249865639,0.1930707799653643,0.2743959434232671,-0.029000798437843915,0.2566300492529814,-0.9803285173462833,-0.17730738618043668,-0.07648621574172872,-0.27551474518012364,-0.2795232685302692,-0.05270531464874424,0.29245364443998284,-0.14591429440858697,0.21195979526821493,0.13440413162464332,0.21764882910351466,0.4546297074764137,-0.04619846127913772,-0.4861798931902378,0.4637358877947661,1.0544573148719865,-0.3960772834926059,-0.23439054836323314,-0.6012135338923504,0.6962666845856136,-0.2679205208207456,-0.21481825505504806,0.06379572739405172,-0.14366285397161724,-0.30368853267924245,-0.0767634877233445,-0.036792061838803056,0.20653698890263905,-0.2960351105720071,0.11835636140514984
0.11553319144514042,-0.49614321718546284,-0.24837562345419512,-0.17342560492181222,0.05543237062476113,-0.0461470485853747,0.06632170619456997,1.2182693811660708,0.05429896028061241,0.524475105625208,-0.4724851229263646,-0.6967561717987185,0.19125969461849687,-0.2985158110726942,-0.05516674353070461,-0.4357826492358023,0.3349733338345828,-0.4001357206885899,-0.36917288611617244,0.21662284222976344,-0.4801241986085291,0.27432928411096363,-0.8019463814107041,0.484655517945326,-0.9799658751007699,0.875387494731827,-0.06430699135362761,-0.15067266978513738,0.021844026023118735,-0.08273402605189813,0.34271273829233595,0.3703099361450412,-0.3693529027567291,-0.36970783121198986,0.19495499681778877,0.051645621940190914,-0.3070960798094647,0.19391128258819207,-0.06675877955909214,0.07277322404218442,0.003985777209047083,0.15543432503851876,0.36623213857474995,-0.2383198444332479,0.238149014764772
-0.27075808380446276,0.23839612001954696,-0.47194898490412723,0.6031781317556155,0.18042838759650892,0.23545352636738387,-0.3727252272151565,0.05429896028061241,0.47782829872972943,0.07715054671801173,-0.2087006077692699,-0.13766061657646614,0.20483215642943847,-0.32087799942615347,0.08265789325103828,0.7142934219378924,0.4062753694383463,0.10512284697071496,-0.108235226934149,0.14114229800350145,-0.05955880832543782,0.015253855389015698,0.32646024304787485,0.0660838186465551,-0.33662861753541623,0.14390893395617296,-0.15442040273483323,-0.019919710795981923,0.21345416725730956,-0.41438739331564994,-0.24609146751719757,0.2233804961983137,0.18719431323357333,0.32109524660695427,-0.3690811464009261,0.2607213193881395,0.019579016866862448,-0.1239797292518051,0.11129073092163691,0.2780435006605409,-0.12755049612426797,-0.16635624603287597,-0.07832789194581823,0.2003086769903463,-0.052267591906935924
-0.14171081821658865,-0.18425713716433798,-0.2270724155026006,-0.23945444401947105,0.3822790299997168,0.1057562921350086,0.06128440196621936,0.524475105625208,0.07715054671801173,0.5726343266190227,0.029012350185502776,-0.5145919143538413,0.4455479770412198,-0.21398328217053303,0.06966502748065308,-0.7153317355766585,0.15099314682341858,0.029700154361266946,-0.370632464964733,-0.36798075633239813,-0.2208409036686738,0.36574029082471216,-0.346516911081011,0.09372637115237636,-0.42729747275735674,0.6129007070028206,0.08985484375764877,0.22394204623460517,0.01068830843617241,-0.2552599677991318,0.5024175522655743,0.40507784728114615,-0.10460702727083851,0.021580577580864204,-0.07968857359678118,-0.17365906270049425,-0.18883653178804627,0.10883842955122716,0.40763284683560835,0.03652798646979901,0.21071056250958103,-0.1653032739897519,0.45945008707206386,0.3277477446100782,0.014693705735683104
0.19078005213201257,0.5345651519610287,0.4118159533550024,-0.2522300976457778,0.22685781207748287,0.23764500133888292,-0.0395912249865639,-0.4724851229263646,-0.2087006077692699,0.029012350185502776,0.8897391578578916,-0.07469913455188489,0.2367607760284656,0.05460345044111187,-0.08293242524894115,-0.5811890663516681,-0.33377572089329194,0.14455752598052968,0.3769335437077506,-0.19249901515023687,0.14559939498391472,-0.1716731401854689,0.15945003677988628,-0.25879146729092556,0.7900892943589944,-0.91272720351818,0.2875517891028314,0.6018528496225183,-0.16282132979852731,-0.20284708765900572,0.18617680549706436,0.2969038327442646,-0.009766931840575449,0.35104518312929056,-0.3809333862438465,-0.15125170573097543,0.20867101775503086,0.037134258893310484,0.36463895672186697,0.04102961798629448,0.059364739021448155,0.12547080072814046,-0.0823449648884661,0.4393417437196891,0.007670386731271268
0.2331974177377294,-0.06333779250009867,0.2160739880294901,0.13135564298162267,-0.17999542730638035,0.41207419942689943,0.1930707799653643,-0.6967561717987185,-0.13766061657646614,-0.5145919143538413,-0.07469913455188489,1.6957782482615114,-0.5768905769541124,0.45873353090120716,0.8055501606484635,0.8779621785799184,-0.7996766011145403,-0.2457955557495235,-0.05343299635971262,-0.34614621163950543,0.5548414609320628,-0.28619342810051257,-0.10904186506093846,-0.563116318189561,0.23128624675306078,-0.528744419306235,0.23865494285598318,0.14848562431226073,0.3800006007402846,0.3174489416866311,-0.0717024352862715,-0.7374272144970963,0.1899847444211269,0.5732808214647976,-0.0524133513665023,-0.5452317162678166,0.6313341737595721,-0.6226027394377016,-0.757351186635111,0.3398854037831706,-0.3152173994863346,-0.5620890687823752,0.2840845381463151,-0.07601708199939652,-0.16724805965578413
-0.2975901650558965,0.19330051891260758,-0.31401175869664577,-0.11382394518357779,0.20012919970792079,0.43756641784825934,0.2743959434232671,0.19125969461849687,0.20483215642943847,0.4455479770412198,0.2367607760284656,-0.5768905769541124,0.9260864351446415,-0.655366707107403,0.21338019595033506,-0.8072317163277469,0.341991878248183,0.15361292159934295,-0.21437423095442687,-0.24433236957403406,-0.1624757862157614,0.2246352910032721,0.14090547455286054,0.1528315744599393,-0.0027599036907183672,0.3659389458137284,0.43747628698962765,0.24732834952985305,-0.34854853820817966,-0.2919187512149831,0.7566769686934627,0.36991951039538934,-5.170349708964432e-4,-0.0023698603892578986,-0.22055809468281395,0.001255624476447452,-0.029938415466460526,-0.11130510994431454,0.4259480929946565,0.17998313310608735,-0.11765385681980967,-0.1433616489260278,0.12018465166352459,0.4635215450326093,0.12029189025911396
0.3585634799022942,-0.34321498290005353,0.6076640728077835,-0.1003640060411018,0.2790677461169321,-0.20771885912263913,-0.029000798437843915,-0.2985158110726942,-0.32087799942615347,-0.21398328217053303,0.05460345044111187,0.45873353090120716,-0.655366707107403,1.082771116002232,-0.37349624255152136,0.27647990520568505,-0.363575684945341,-0.4862938641057566,0.1671607080967174,-0.3018677172464782,0.2091265220259276,-0.021337854173862213,-0.4890937466498067,-0.28463330222465505,0.2590284483764226,-0.574630784861802,-0.0918956994112896,0.2610018720309415,0.18046653236905422,0.19451128577261761,0.039837718650623445,-0.2227864066345417,-0.10418941301252654,0.04951309346765765,0.502212680858309,-0.37053192670400154,-0.1063609361240893,0.09451541750749921,-0.08745502332847763,-0.7322840057815813,0.42810891916505156,-0.09931575714858207,0.26460677549428013,-0.5302658885012511,-0.222162395640295
0.004574137724102467,0.022731931362146653,-0.23924390326533013,-0.019716494644538323,-0.1119250322114558,0.7040970966089112,0.2566300492529814,-0.05516674353070461,0.08265789325103828,0.06966502748065308,-0.08293242524894115,0.8055501606484635,0.21338019595033506,-0.37349624255152136,1.0236121126861173,-0.05815524551873311,-0.39239861224597233,-0.08570714095526352,-0.32649469477602844,-0.4117495829551165,0.19537374063845162,-0.06206944685748688,-0.22732457270266096,-0.33804153832478157,-0.16292464141008883,0.4526419231409003,0.47512443893279854,0.06013801110249733,0.11902454134259444,0.06439325213164868,0.39738089488003137,-0.32410813271251837,0.16174792777694,0.3666794325802179,-0.2999044123351738,-0.4711345441611054,0.575944690914753,-0.6841841217705424,-0.4147725396227416,0.6984028831004296,-0.4137500336737625,-0.5209825689564146,0.42408804294236563,0.3919334795324982,0.009720647744993795
-0.050858206917935765,0.43971414069631193,-0.35355207951764184,1.577803796813869,0.021160042729620115,0.12483624034974479,-0.9803285173462833,-0.4357826492358023,0.7142934219378924,-0.7153317355766585,-0.5811890663516681,0.8779621785799184,-0.8072317163277469,0.27647990520568505,-0.05815524551873311,3.18290888906828,0.3178463604132594,-0.19861135160760324,0.2968528360655861,0.8956188399305184,0.2508940935266955,-0.4770401630825704,0.7187067659975976,0.02730022032786741,-0.42782471706827974,-1.1565946729469496,-0.7655573963661759,-0.03881748443505291,0.9062686315711316,-0.5703234097762946,-1.3963309805425905,-0.05235618991574538,0.3225107419258804,0.9239405283181495,-0.5479318922544807,0.6444804433288641,0.20138735758217186,-0.18357209947698308,-0.6172987546056724,0.39686393719215635,-0.433872375754645,-0.08455967620845217,-0.5516000712568949,-0.4213283107001951,-0.1836542006769105
-0.3593809537472488,0.02792153689371878,-0.43738153105355265,0.42006566156597536,0.06703224702344499,-0.14327859371058008,-0.17730738618043668,0.3349733338345828,0.4062753694383463,0.15099314682341858,-0.33377572089329194,-0.7996766011145403,0.341991878248183,-0.363575684945341,-0.39239861224597233,0.3178463604132594,0.783263402510787,0.09885666655149948,-0.0658143882763387,0.37413151641302644,-0.2952388325021008,0.1730572022529825,0.3632206755090436,0.4483772666791327,-0.3796959837169302,0.3500020209153301,-0.23470184499599,-0.23875428073300656,-0.1057698520413527,-0.2932437818895898,-0.08809121633986773,0.31705511174824735,0.019336689159751085,-0.23710418059126567,0.03922133916062307,0.5311092670737069,-0.39241852245253134,0.21761549705706007,0.2825901396532231,-0.15684079522347497,0.007917550490735214,0.15500541554993727,-0.28703546969390237,-0.12453978870988136,0.0483963297430168
-0.800932633454706,0.2069071485057951,-0.5075375019959025,-0.19033134803568566,-0.0976585133699549,-0.7928308569802182,-0.07648621574172872,-0.4001357206885899,0.10512284697071496,0.029700154361266946,0.14455752598052968,-0.2457955557495235,0.15361292159934295,-0.4862938641057566,-0.08570714095526352,-0.19861135160760324,0.09885666655149948,1.3925224881205729,-0.24368925363716423,-0.0817802439762702,0.03650513316175677,0.32112197167577206,1.2735402704088195,0.09194929177224596,0.08887390850427877,0.2962009527294976,-0.5815487639449703,-0.2636766435117468,0.09878328033949679,-0.08676347396837779,-0.6959546436695673,0.11497095072223915,0.3043376119695915,0.043140106200779384,-0.42058444146718765,0.4201071860799008,-0.29591065908132175,0.5561474681239895,0.6353528435424523,0.3134220946968605,0.2200555743248417,0.04635710794526127,-0.3562915346994675,0.7896530530071844,-0.1507598877918189
0.40767281693590796,0.4779960624986678,0.4346819905544502,0.21070896336767167,-0.17870907677749154,0.12888091700662935,-0.27551474518012364,-0.36917288611617244,-0.108235226934149,-0.370632464964733,0.3769335437077506,-0.05343299635971262,-0.21437423095442687,0.1671607080967174,-0.32649469477602844,0.2968528360655861,-0.0658143882763387,-0.24368925363716423,0.6652501706162783,0.46176946149934833,0.08924149710484025,-0.4785585884831009,0.08528433231067119,-0.07862752486591787,0.635285102650261,-0.9152221984471396,0.07772539180750429,0.07843526447637394,-0.16154253389082907,0.011461665396127753,-0.34536279350107635,0.0019435441513039158,-0.011016034168819605,0.02884762640763703,-0.09845151189566521,0.190442978433966,0.21586212682202927,-0.06771199269481713,-0.1641324235720506,-0.10537209544864638,-0.1575389650507402,0.4201099111476062,-0.50694390476518,-0.2303428551277553,0.08732360135379262
0.17586141537074165,0.30977382751987376,0.015997061543866757,0.4328672581522983,-0.4895779795352262,-0.26102369512066026,-0.2795232685302692,0.21662284222976344,0.14114229800350145,-0.36798075633239813,-0.19249901515023687,-0.34614621163950543,-0.24433236957403406,-0.3018677172464782,-0.4117495829551165,0.8956188399305184,0.37413151641302644,-0.0817802439762702,0.46176946149934833,1.1665457789769893,-0.22662058071541635,-0.39798568548505725,0.335341263727283,0.4874496659067055,-0.08123219056109718,-0.6352834862495773,-0.36912596593677305,-0.3575250702439557,-0.0430674338329494,-0.08592234619885177,-0.7239046434356556,0.118598107437447,-0.12917316476846746,-0.2377879696566543,-0.10187828722142912,0.7660889206410308,-0.11198882647451244,0.269318609618695,-0.36353294593313973,0.18664633068098427,-0.41721453440527817,0.7123147000796222,-0.804924174082762,-0.47612826880285775,0.278174584926342
0.05527051324175611,0.12788900037579146,0.09876757189251105,0.07807410152289394,8.28120986859771e-4,0.16897452633041785,-0.05270531464874424,-0.4801241986085291,-0.05955880832543782,-0.2208409036686738,0.14559939498391472,0.5548414609320628,-0.1624757862157614,0.2091265220259276,0.19537374063845162,0.2508940935266955,-0.2952388325021008,0.03650513316175677,0.08924149710484025,-0.22662058071541635,0.3043569628995628,-0.13024289602684655,0.11894259495854975,-0.29457491885468395,0.3174974839689173,-0.3069302528582974,0.10727467586687171,0.14166227727299086,0.10450741075254535,0.1001819536981746,-0.12212725192073898,-0.22250795101441273,0.1524339139047832,0.3047106839236927,-0.11898283381344096,-0.20800713232733495,0.28210118001769735,-0.24367364413410877,-0.13204696540563776,0.061378063919291494,-0.035424777048039605,-0.2267060537945246,0.03099646053125176,0.11599254934561118,-0.11131451951205419
-0.42468402589017606,-0.45345072484274407,-0.26691271215046236,-0.3171082877519464,0.2293806912572747,-0.3766888045025904,0.29245364443998284,0.27432928411096363,0.015253855389015698,0.36574029082471216,-0.1716731401854689,-0.28619342810051257,0.2246352910032721,-0.021337854173862213,-0.06206944685748688,-0.4770401630825704,0.1730572022529825,0.32112197167577206,-0.4785585884831009,-0.39798568548505725,-0.13024289602684655,0.546883512791054,0.08169911959520196,0.21929261331227468,-0.40214275611079503,0.5957315021835086,-0.13791690509893068,0.031652489470182024,0.02783607086643271,-0.04349740406744015,0.37062610006874114,0.13591472857865924,-0.05280553326156757,-0.14989268119590307,0.23047699858164758,-0.06901850074282763,-0.431869728728803,0.33297160820632143,0.39848768529917933,-0.22011630761634268,0.32844822464467194,-0.2043204779648718,0.3470304468078904,0.14654017597209645,-0.09997831651193853
-0.8677978816191413,0.5298545970588433,-0.47715759738231367,0.33323069557159485,-0.208460910203795,-0.6448285443367416,-0.14591429440858697,-0.8019463814107041,0.32646024304787485,-0.346516911081011,0.15945003677988628,-0.10904186506093846,0.14090547455286054,-0.4890937466498067,-0.22732457270266096,0.7187067659975976,0.3632206755090436,1.2735402704088195,0.08528433231067119,0.335341263727283,0.11894259495854975,0.08169911959520196,1.82429614645865,0.20487503649223482,0.38399135836355797,-0.4574642682272733,-0.5822095016172927,-0.2297248721937607,0.042452582669641435,-0.2540646836086161,-0.8445909178900587,0.05438215316403385,0.39857459803812473,0.17340582673692298,-0.45322058681067545,0.7656363973064148,-0.24835916471446273,0.45140908157729726,0.47183204705842546,0.24519433367370433,-0.05548365586002791,0.16370302227791553,-0.8226795974519835,0.5100868126630661,-0.15773613080516502
-0.19038681888819212,-0.23601517902963232,-0.1778094480138509,-0.046955995746636614,-0.18664649324299992,-0.4168857012343079,0.21195979526821493,0.484655517945326,0.0660838186465551,0.09372637115237636,-0.25879146729092556,-0.563116318189561,0.1528315744599393,-0.28463330222465505,-0.33804153832478157,0.02730022032786741,0.4483772666791327,0.09194929177224596,-0.07862752486591787,0.4874496659067055,-0.29457491885468395,0.21929261331227468,0.20487503649223482,0.6573586038656758,-0.389518240470063,0.01636798049698717,-0.2012932933829292,-0.1398231753499629,-0.1372249272354356,-0.062315991304610865,0.07604844234189939,0.233368276999756,-0.22551480013810893,-0.36538183235108124,0.2186816350157003,0.4372728731164573,-0.4545164402434213,0.44345557637316696,0.03203557157127323,-0.09995467412943769,-0.08317242350749664,0.3444326575935106,-0.23489659510042254,-0.2909867017847508,0.18682640382403806
0.2407693668931536,0.5491565556922108,0.6338951130159762,-0.20948215742479237,-0.15486753028346123,0.14044864119377956,0.13440413162464332,-0.9799658751007699,-0.33662861753541623,-0.42729747275735674,0.7900892943589944,0.23128624675306078,-0.0027599036907183672,0.2590284483764226,-0.16292464141008883,-0.42782471706827974,-0.3796959837169302,0.08887390850427877,0.635285102650261,-0.08123219056109718,0.3174974839689173,-0.40214275611079503,0.38399135836355797,-0.389518240470063,1.2912373204208643,-1.0226144616424815,0.38536265895223115,0.22594043758841686,-0.4355841405655953,0.22569266162552715,0.05307139027357682,-0.23826593411524039,0.11355002193722272,-8.772984060757387e-4,-0.0062335086502658945,-0.10177718318575162,0.3024034627587035,-0.137719580251781,0.09014794497121208,-0.2656594341580663,-0.021687471866530326,0.2035238471034512,-0.4393703717066,0.06976590331992853,-0.029790492628605114
-0.5214245940696045,-0.7634288246761952,-0.8392883925169188,-0.37216771548278293,-0.11201889878545553,-0.17701911317959165,0.21764882910351466,0.875387494731827,0.14390893395617296,0.6129007070028206,-0.91272720351818,-0.528744419306235,0.3659389458137284,-0.574630784861802,0.4526419231409003,-1.1565946729469496,0.3500020209153301,0.2962009527294976,-0.9152221984471396,-0.6352834862495773,-0.3069302528582974,0.5957315021835086,-0.4574642682272733,0.01636798049698717,-1.0226144616424815,2.7699906729151795,-0.03360299566010314,-0.9503654009114282,-0.10850450516502513,0.4354868947629946,0.2563414590676474,-0.29109555081481797,0.14118622086314936,-0.7449865045502551,0.3823928537954143,-0.24814906108203263,-0.1874393173716624,-0.20611857795292735,0.15371705431082516,0.08040749258355853,0.2825802930285152,-0.44469316059874237,0.6099008731006691,0.2885936261880621,-0.0711329663594643
0.34737564255273484,0.05130970445052272,0.26948690825762606,-0.22148624276034434,-0.026314939056319046,0.8289979115719138,0.4546297074764137,-0.06430699135362761,-0.15442040273483323,0.08985484375764877,0.2875517891028314,0.23865494285598318,0.43747628698962765,-0.0918956994112896,0.47512443893279854,-0.7655573963661759,-0.23470184499599,-0.5815487639449703,0.07772539180750429,-0.36912596593677305,0.10727467586687171,-0.13791690509893068,-0.5822095016172927,-0.2012932933829292,0.38536265895223115,-0.03360299566010314,0.8947530113025539,0.31489961865647575,-0.41414404569182467,0.1638019661508504,0.9894335496326475,-0.1679830416369039,-0.08180860110149729,-0.005755714134233587,0.12697339709872968,-0.5196152717022435,0.4332690238648062,-0.6182063287285218,-0.24441505133528332,0.020605006736108177,-0.2776228344260596,-0.23461448424358916,0.30786312231888247,-0.012131820151523115,0.13372438465253672
0.19837486409719027,0.22444674715830304,0.2676214600980553,-0.001777668352966292,0.579282768335632,0.49654846868877434,-0.04619846127913772,-0.15067266978513738,-0.019919710795981923,0.22394204623460517,0.6018528496225183,0.14848562431226073,0.24732834952985305,0.2610018720309415,0.06013801110249733,-0.03881748443505291,-0.23875428073300656,-0.2636766435117468,0.07843526447637394,-0.3575250702439557,0.14166227727299086,0.031652489470182024,-0.2297248721937607,-0.1398231753499629,0.22594043758841686,-0.9503654009114282,0.31489961865647575,0.959953801378585,0.15504857895011626,-0.4767978026189717,0.5455478945257309,0.4660359628363194,-0.10933871591812723,0.6985993804783374,-0.3431054750433683,-0.34024159292423894,0.1355304285162762,-0.05324250443409592,0.24336505336353983,0.022467830814809842,0.05460982207171257,-0.22254757751903906,0.36943135597472737,0.27029510631074993,-0.034635373094826796
-0.062384408487525585,0.01907792905564964,-0.23055003450312825,0.3803813464411733,0.27863955823503833,-0.027317888680526627,-0.4861798931902378,0.021844026023118735,0.21345416725730956,0.01068830843617241,-0.16282132979852731,0.3800006007402846,-0.34854853820817966,0.18046653236905422,0.11902454134259444,0.9062686315711316,-0.1057698520413527,0.09878328033949679,-0.16154253389082907,-0.0430674338329494,0.10450741075254535,0.02783607086643271,0.042452582669641435,-0.1372249272354356,-0.4355841405655953,-0.10850450516502513,-0.41414404569182467,0.15504857895011626,0.6139618762245501,-0.30693992137677306,-0.5504683414409655,0.14205593566233604,0.1188964851889377,0.5848272116729909,-0.3895611732557012,-0.01262209761990815,0.06866605378340657,0.022435420089659878,-0.03272626022115262,0.30101336102500337,0.07563861807958364,-0.23735503060594818,0.19974687210314152,0.19320699656004595,-0.1649964831102415
0.1645078829912262,-0.39438820409296843,0.26105491342701753,-0.4884907276180518,-0.5034807133249968,-0.278152034921177,0.4637358877947661,-0.08273402605189813,-0.41438739331564994,-0.2552599677991318,-0.20284708765900572,0.3174489416866311,-0.2919187512149831,0.19451128577261761,0.06439325213164868,-0.5703234097762946,-0.2932437818895898,-0.08676347396837779,0.011461665396127753,-0.08592234619885177,0.1001819536981746,-0.04349740406744015,-0.2540646836086161,-0.062315991304610865,0.22569266162552715,0.4354868947629946,0.1638019661508504,-0.4767978026189717,-0.30693992137677306,0.7475397453304656,0.0837776375230601,-0.6234685329462436,-0.06760862456752902,-0.6116212527697662,0.5882469622398909,-0.2030684464957114,0.04895427631337897,-0.0921721247638319,-0.37724362659870336,-0.280942938739773,0.010628452277976114,0.0682106827559479,-0.026018116597742592,-0.3711920565311245,0.047763444190856714
0.12070513511683256,-0.5070602302140352,0.3130262173766735,-0.6863873347463908,0.259692395116351,0.6287522368768902,1.0544573148719865,0.34271273829233595,-0.24609146751719757,0.5024175522655743,0.18617680549706436,-0.0717024352862715,0.7566769686934627,0.039837718650623445,0.39738089488003137,-1.3963309805425905,-0.08809121633986773,-0.6959546436695673,-0.34536279350107635,-0.7239046434356556,-0.12212725192073898,0.37062610006874114,-0.8445909178900587,0.07604844234189939,0.05307139027357682,0.2563414590676474,0.9894335496326475,0.5455478945257309,-0.5504683414409655,0.0837776375230601,1.9210137643363576,-0.010100114489517776,-0.3310905867605712,-0.298347014253014,0.6175797349691492,-0.694003325618769,-0.0711996908672753,-0.29214156186971413,0.048684086155889324,-0.40429799500620794,-0.01978861526264069,-0.3479122520695581,0.7444351679076039,-0.18974450119981212,0.12353988961407748
-0.07587592644090091,0.27270586710080924,-0.16880750148858428,0.16252860262231036,0.4796033662499762,0.05934213579657659,-0.3960772834926059,0.3703099361450412,0.2233804961983137,0.40507784728114615,0.2969038327442646,-0.7374272144970963,0.36991951039538934,-0.2227864066345417,-0.32410813271251837,-0.05235618991574538,0.31705511174824735,0.11497095072223915,0.0019435441513039158,0.118598107437447,-0.22250795101441273,0.13591472857865924,0.05438215316403385,0.233368276999756,-0.23826593411524039,-0.29109555081481797,-0.1679830416369039,0.4660359628363194,0.14205593566233604,-0.6234685329462436,-0.010100114489517776,0.7926420297896593,-0.11118071278278964,0.34897326993028177,-0.46913039251492766,0.22413462011097787,-0.2109881013591465,0.33350252847799033,0.5225300309698504,0.13409509822468,0.13157304034872316,0.13416585432502492,0.039113974456516674,0.35001535175737275,0.06041706533246579
-0.2143990441075412,0.23131971681943564,-0.22874969797761058,0.2704353022188337,0.018254873705728095,0.08441047441060014,-0.23439054836323314,-0.3693529027567291,0.18719431323357333,-0.10460702727083851,-0.009766931840575449,0.1899847444211269,-5.170349708964432e-4,-0.10418941301252654,0.16174792777694,0.3225107419258804,0.019336689159751085,0.3043376119695915,-0.011016034168819605,-0.12917316476846746,0.1524339139047832,-0.05280553326156757,0.39857459803812473,-0.22551480013810893,0.11355002193722272,0.14118622086314936,-0.08180860110149729,-0.10933871591812723,0.1188964851889377,-0.06760862456752902,-0.3310905867605712,-0.11118071278278964,0.2837940377632628,0.2268571200361252,-0.25704465475998217,0.033475418355220915,0.16693458933136912,-0.18242695810677118,0.07876269558140399,0.18014746186892788,-0.011044405934898591,-0.1934194263358069,-0.0956445222873321,0.2963966226829379,-0.14275903952425625
0.026974459940108924,0.5164212779291777,-0.1734296636820262,0.5827602714064464,0.5113994077535445,0.606747674584253,-0.6012135338923504,-0.36970783121198986,0.32109524660695427,0.021580577580864204,0.35104518312929056,0.5732808214647976,-0.0023698603892578986,0.04951309346765765,0.3666794325802179,0.9239405283181495,-0.23710418059126567,0.043140106200779384,0.02884762640763703,-0.2377879696566543,0.3047106839236927,-0.14989268119590307,0.17340582673692298,-0.36538183235108124,-8.772984060757387e-4,-0.7449865045502551,-0.005755714134233587,0.6985993804783374,0.5848272116729909,-0.6116212527697662,-0.298347014253014,0.34897326993028177,0.2268571200361252,1.1465090983696513,-0.8614916889288842,-0.184643945836835,0.45178880534175503,-0.31796462211244503,0.06875721234739024,0.5718527944697606,-0.11506225990975556,-0.4385274042462407,0.2348424100139966,0.5901900654694184,-0.16544596009316923
0.08707367515372183,-0.7645129480712709,0.3736864851797377,-0.5034127678868286,-0.2412658367360017,-0.443181964667165,0.6962666845856136,0.19495499681778877,-0.3690811464009261,-0.07968857359678118,-0.3809333862438465,-0.0524133513665023,-0.22055809468281395,0.502212680858309,-0.2999044123351738,-0.5479318922544807,0.03922133916062307,-0.42058444146718765,-0.09845151189566521,-0.10187828722142912,-0.11898283381344096,0.23047699858164758,-0.45322058681067545,0.2186816350157003,-0.0062335086502658945,0.3823928537954143,0.12697339709872968,-0.3431054750433683,-0.3895611732557012,0.5882469622398909,0.6175797349691492,-0.46913039251492766,-0.25704465475998217,-0.8614916889288842,1.0765743412092483,-0.16229542263318078,-0.41829204346479637,0.17606092183619915,-0.20008031601583628,-0.8511016443854186,0.23182634369890215,0.10804519896107127,0.12581756355557946,-0.824781167415745,0.011388397926568324
-0.28806559340557375,0.2740421203387721,-0.26799656632441804,0.36442358088686033,-0.2307773100104768,-0.4794728976174301,-0.2679205208207456,0.051645621940190914,0.2607213193881395,-0.17365906270049425,-0.15125170573097543,-0.5452317162678166,0.001255624476447452,-0.37053192670400154,-0.4711345441611054,0.6444804433288641,0.5311092670737069,0.4201071860799008,0.190442978433966,0.7660889206410308,-0.20800713232733495,-0.06901850074282763,0.7656363973064148,0.4372728731164573,-0.10177718318575162,-0.24814906108203263,-0.5196152717022435,-0.34024159292423894,-0.01262209761990815,-0.2030684464957114,-0.694003325618769,0.22413462011097787,0.033475418355220915,-0.184643945836835,-0.16229542263318078,0.7816083881560305,-0.3303566622856806,0.44249090593174084,0.14175827610733915,0.06937311782837727,-0.1179788676818198,0.47538767704557966,-0.6943722792277824,-0.09494698484421843,0.09647548541522698
0.3611891490880497,0.4064613596508191,0.0759619472905841,0.2463999337049886,-0.10065734702123093,0.7685935686005738,-0.21481825505504806,-0.3070960798094647,0.019579016866862448,-0.18883653178804627,0.20867101775503086,0.6313341737595721,-0.029938415466460526,-0.1063609361240893,0.575944690914753,0.20138735758217186,-0.39241852245253134,-0.29591065908132175,0.21586212682202927,-0.11198882647451244,0.28210118001769735,-0.431869728728803,-0.24835916471446273,-0.4545164402434213,0.3024034627587035,-0.1874393173716624,0.4332690238648062,0.1355304285162762,0.06866605378340657,0.04895427631337897,-0.0711996908672753,-0.2109881013591465,0.16693458933136912,0.45178880534175503,-0.41829204346479637,-0.3303566622856806,0.7275316324445731,-0.7037695488044987,-0.4253324553562098,0.5076191097628032,-0.37120574051695804,-0.2329793869611448,0.07368224114830989,0.23714300795094972,0.025695157833110337
-0.30826927278342303,-0.21215500122967654,0.025310784569787175,-0.3372062137500031,0.050619691221039,-0.9717456995732437,0.06379572739405172,0.19391128258819207,-0.1239797292518051,0.10883842955122716,0.037134258893310484,-0.6226027394377016,-0.11130510994431454,0.09451541750749921,-0.6841841217705424,-0.18357209947698308,0.21761549705706007,0.5561474681239895,-0.06771199269481713,0.269318609618695,-0.24367364413410877,0.33297160820632143,0.45140908157729726,0.44345557637316696,-0.137719580251781,-0.20611857795292735,-0.6182063287285218,-0.05324250443409592,0.022435420089659878,-0.0921721247638319,-0.29214156186971413,0.33350252847799033,-0.18242695810677118,-0.31796462211244503,0.17606092183619915,0.44249090593174084,-0.7037695488044987,0.9135792541100959,0.4909432010676764,-0.3403250623821718,0.3820323635430575,0.4277091569115192,-0.24574523120350164,-0.06561648408077934,0.0014557723360186818
-0.4667157638226674,0.13539049467279676,-0.19746665237581693,-0.16816409201788227,0.5100574225834426,-0.3467530715398884,-0.14366285397161724,-0.06675877955909214,0.11129073092163691,0.40763284683560835,0.36463895672186697,-0.757351186635111,0.4259480929946565,-0.08745502332847763,-0.4147725396227416,-0.6172987546056724,0.2825901396532231,0.6353528435424523,-0.1641324235720506,-0.36353294593313973,-0.13204696540563776,0.39848768529917933,0.47183204705842546,0.03203557157127323,0.09014794497121208,0.15371705431082516,-0.24441505133528332,0.24336505336353983,-0.03272626022115262,-0.37724362659870336,0.048684086155889324,0.5225300309698504,0.07876269558140399,0.06875721234739024,-0.20008031601583628,0.14175827610733915,-0.4253324553562098,0.4909432010676764,0.9414755676848924,-0.24073174431395683,0.5073833931468149,-0.02848612565015858,0.05290122198521719,0.5552084102883316,-0.1582576476222281
-0.05976420327124273,0.46325929485996914,-0.44996041294459643,0.297108614082068,-0.15193762481169704,0.46030674090774304,-0.30368853267924245,0.07277322404218442,0.2780435006605409,0.03652798646979901,0.04102961798629448,0.3398854037831706,0.17998313310608735,-0.7322840057815813,0.6984028831004296,0.39686393719215635,-0.15684079522347497,0.3134220946968605,-0.10537209544864638,0.18664633068098427,0.061378063919291494,-0.22011630761634268,0.24519433367370433,-0.09995467412943769,-0.2656594341580663,0.08040749258355853,0.020605006736108177,0.022467830814809842,0.30101336102500337,-0.280942938739773,-0.40429799500620794,0.13409509822468,0.18014746186892788,0.5718527944697606,-0.8511016443854186,0.06937311782837727,0.5076191097628032,-0.3403250623821718,-0.24073174431395683,1.083853960451606,-0.5045869637318409,-0.1255181118848575,-0.03752469004260744,0.6414557027374739,0.11525385722981223
-0.1600146777308907,-0.27489006289800405,0.0699341973971437,-0.270235837685845,0.3632018194580631,-0.47046278595957913,-0.0767634877233445,0.003985777209047083,-0.12755049612426797,0.21071056250958103,0.059364739021448155,-0.3152173994863346,-0.11765385681980967,0.42810891916505156,-0.4137500336737625,-0.433872375754645,0.007917550490735214,0.2200555743248417,-0.1575389650507402,-0.41721453440527817,-0.035424777048039605,0.32844822464467194,-0.05548365586002791,-0.08317242350749664,-0.021687471866530326,0.2825802930285152,-0.2776228344260596,0.05460982207171257,0.07563861807958364,0.010628452277976114,-0.01978861526264069,0.13157304034872316,-0.011044405934898591,-0.11506225990975556,0.23182634369890215,-0.1179788676818198,-0.37120574051695804,0.3820323635430575,0.5073833931468149,-0.5045869637318409,0.5898105831968976,-0.07483063471582617,0.2408195823286785,0.07186467849177937,-0.20646733078055476
0.18188619897928632,0.15732955173311985,0.2713853416622097,-0.13202272007679175,-0.34789299118409567,-0.43992247338664603,-0.036792061838803056,0.15543432503851876,-0.16635624603287597,-0.1653032739897519,0.12547080072814046,-0.5620890687823752,-0.1433616489260278,-0.09931575714858207,-0.5209825689564146,-0.08455967620845217,0.15500541554993727,0.04635710794526127,0.4201099111476062,0.7123147000796222,-0.2267060537945246,-0.2043204779648718,0.16370302227791553,0.3444326575935106,0.2035238471034512,-0.44469316059874237,-0.23461448424358916,-0.22254757751903906,-0.23735503060594818,0.0682106827559479,-0.3479122520695581,0.13416585432502492,-0.1934194263358069,-0.4385274042462407,0.10804519896107127,0.47538767704557966,-0.2329793869611448,0.4277091569115192,-0.02848612565015858,-0.1255181118848575,-0.07483063471582617,0.7165511219188944,-0.5790336058389036,-0.315891539837173,0.2091878952469721
0.0786902147473565,-0.4811834145610943,-0.032015339852826744,-0.2956108463196442,0.4632305669723771,0.35776145611945337,0.20653698890263905,0.36623213857474995,-0.07832789194581823,0.45945008707206386,-0.0823449648884661,0.2840845381463151,0.12018465166352459,0.26460677549428013,0.42408804294236563,-0.5516000712568949,-0.28703546969390237,-0.3562915346994675,-0.50694390476518,-0.804924174082762,0.03099646053125176,0.3470304468078904,-0.8226795974519835,-0.23489659510042254,-0.4393703717066,0.6099008731006691,0.30786312231888247,0.36943135597472737,0.19974687210314152,-0.026018116597742592,0.7444351679076039,0.039113974456516674,-0.0956445222873321,0.2348424100139966,0.12581756355557946,-0.6943722792277824,0.07368224114830989,-0.24574523120350164,0.05290122198521719,-0.03752469004260744,0.2408195823286785,-0.5790336058389036,0.912061303610303,0.16218450886242858,-0.11686109093623298
-0.39149647385376224,0.464501905433991,-0.44698082306707915,-0.028634908172197736,0.3066926372460593,0.20298867124725928,-0.2960351105720071,-0.2383198444332479,0.2003086769903463,0.3277477446100782,0.4393417437196891,-0.07601708199939652,0.4635215450326093,-0.5302658885012511,0.3919334795324982,-0.4213283107001951,-0.12453978870988136,0.7896530530071844,-0.2303428551277553,-0.47612826880285775,0.11599254934561118,0.14654017597209645,0.5100868126630661,-0.2909867017847508,0.06976590331992853,0.2885936261880621,-0.012131820151523115,0.27029510631074993,0.19320699656004595,-0.3711920565311245,-0.18974450119981212,0.35001535175737275,0.2963966226829379,0.5901900654694184,-0.824781167415745,-0.09494698484421843,0.23714300795094972,-0.06561648408077934,0.5552084102883316,0.6414557027374739,0.07186467849177937,-0.315891539837173,0.16218450886242858,1.096803001040106,-0.1181024452954505
