V1,V2,V3,V4,V5,V6,V7,V8,V9,V10,V11,V12,V13,V14,V15,V16,V17,V18,V19,V20,V21,V22,V23,V24,V25,V26,V27,V28,V29,V30,V31,V32,V33,V34,V35,V36,V37,V38,V39,V40,V41,V42,V43,V44,V45
89.85246945992013,15.201217835233095,1.2549630091970654,-118.37584365908748,-23.44594187748548,73.25139610723969,-77.96385234556621,-32.46397204052694,201.88921153904585,-54.265686577149836,46.63052913612169,-18.47177401023467,-47.95784498720163,-46.90200253683727,-1.4110637221293112,-82.67152772562017,22.122483770719924,7.074359299114336,106.80449500203078,110.81866292623367,-15.264899432770028,-25.644463347056863,-4.927350229321566,127.9085367496752,-31.470280448633453,-80.88067281512558,-67.88701163728264,-51.86852495351086,115.35022339526746,29.571909333581388,-29.546970936680495,13.453503944255495,27.484442994414106,-74.94876032784126,25.23292892667198,-93.89829400978681,6.220511796423326,-17.465323052737865,-75.41810216796641,18.795495730001754,-106.83519479024922,-12.20682266956591,-24.97360636628622,-33.82623101200848,-16.78430898599555
15.201217835233095,2.954161764715761,0.6499545652126522,-20.312098147463544,-4.063831099978203,12.802923201411916,-12.926286099452149,-5.576314171435379,34.79032889325504,-8.774103894423032,8.170750836687866,-3.1577461117083168,-8.90404413039305,-8.245932069318417,-0.662474252069076,-14.458039105702918,3.3210555912226143,1.4959370534356704,18.07711180488324,19.563538619264115,-2.4375072145781167,-4.530419036524117,-0.9460208365313015,21.792648035707824,-5.481296414229226,-14.100275602562672,-11.453272687357751,-8.993854518934677,19.462668091464405,5.138957490837873,-4.60041440359709,2.512772601692899,5.453498701110715,-13.071471798288034,4.6110225186326685,-15.891581222838191,1.1376963382070358,-2.9502826979439694,-13.011145142161014,3.662971724756928,-18.471585823142465,-2.129949777011198,-4.417980332574912,-5.7852672753972785,-2.540892858674104
1.2549630091970654,0.6499545652126522,0.8546099656095536,-2.2780038136677483,-0.6233272652238498,1.7844837459915324,-0.6455506829554974,-0.4794968250945497,3.865343208512218,-0.15656429120296797,0.7992205076683632,-0.7918762571753243,-2.073063895896586,-0.8806314374099588,-0.20151371570705945,-2.0559309014769047,0.16325573987368086,0.6802208527742206,1.5714819764675474,2.6497248811242855,0.5428073182706494,-0.4743841357612441,-0.16809930585983432,2.011650725187864,-0.33349887928609345,-1.839507832651603,-1.3496181115025652,-1.6515961922515285,1.879842509105093,0.6649969315050496,0.10247254787790529,0.4597840744842798,1.2882985131041518,-1.8718506831271429,1.2276493762327647,-1.5649306804653549,0.3405710066252913,-0.2512490809414635,-1.9011801056521394,1.4756220424923363,-2.200908070338491,-0.43064903234701557,-0.8315850658581174,-0.7585762660193218,-0.17111736106060435
-118.37584365908748,-20.312098147463544,-2.2780038136677483,156.4316225036561,31.12495845832459,-97.0699052405576,102.39170431600098,42.769903735222485,-266.7351692945151,71.06803277809654,-61.48831828917766,24.80338331598795,64.21297252034249,61.90697368620467,1.9064880492718896,109.59010400812235,-29.131360992784902,-9.755346646543925,-140.77865519188208,-146.75490913288152,19.478836365990478,33.83630908510028,6.549410854147556,-168.6710948317052,41.32271487941669,107.07133040108192,89.8026783711912,69.09930723585796,-152.2198364122213,-39.146693735664954,38.57714777581777,-17.901563904977593,-36.79457276803211,99.36913653272175,-33.92827830177025,123.9296253292317,-8.397106404182844,23.017644089047216,100.04312427849507,-25.70733754945139,141.27074771097952,16.295062440045204,33.27839764580361,44.801539450918234,22.137639997827467
-23.44594187748548,-4.063831099978203,-0.6233272652238498,31.12495845832459,6.244044681680245,-19.378662997215216,20.19878123218243,8.454065884889918,-53.01723375647671,13.981930027871826,-12.143581269769104,5.100012986082225,12.988991610014518,12.246085732209655,0.30936884423495986,21.889874397844643,-5.849770247154188,-2.0533285308955573,-27.910048731527766,-29.217089937436626,3.622403838782604,6.683707233562578,1.2981394799806378,-33.44269409029575,8.095145540133181,21.33924297534635,17.94655871500284,13.961224873225284,-30.266567009941422,-7.803822617309307,7.576039267566711,-3.5712727214056748,-7.367776025108235,19.86303187217907,-6.936493709622961,24.63862972633157,-1.7306543114520008,4.563062435834536,20.050918984173325,-5.390065707543354,28.11819706172655,3.3038767296039135,6.709284734440702,8.960186730351824,4.456442117634542
73.25139610723969,12.802923201411916,1.7844837459915324,-97.0699052405576,-19.378662997215216,60.411182223851895,-63.153617788018025,-26.495258776822038,165.54654885670297,-43.685343180910436,38.16579957773956,-15.525365098041682,-40.37799877930663,-38.456859547020755,-1.3415930443017112,-68.21723829304129,17.875503168121416,6.295819334945813,87.14142781766051,91.36509557503322,-11.776547557198782,-21.022423836346714,-4.112014974630631,104.48398833989962,-25.576038499018694,-66.58638509232934,-55.69044120051173,-43.10787674872551,94.26756078166687,24.337776541537565,-23.60916845403935,11.222557194097677,23.25510645581903,-61.848841904873844,21.358017066673867,-76.77042322898528,5.298262109647828,-14.244550064566804,-62.240112493644226,16.41447813154868,-87.7432881457831,-10.182589202847815,-20.79408069688594,-27.830001248733637,-13.604884642679835
-77.96385234556621,-12.926286099452149,-0.6455506829554974,102.39170431600098,20.19878123218243,-63.153617788018025,67.8917096297709,28.139652201565386,-174.60476880789952,47.42280688716432,-40.33916181407545,15.803988527626283,40.855283056544145,40.53592741394403,1.060987646496125,71.2615262727171,-19.34922694144568,-5.831437767509003,-92.63951482717341,-95.5204580656659,13.593245894296585,22.161826332529763,4.210604205374272,-110.85729253508742,27.315024021773123,69.78815630795955,58.74326650713929,44.57415066070981,-99.98402612672122,-25.52581139711446,25.937964700067123,-11.509622597470687,-23.298923127355895,64.6076409099302,-21.457082581381997,81.36702809090161,-5.27249879914176,15.152740675248486,65.02825904568515,-15.695007526839474,92.31637477633556,10.468132992909696,21.427475159705253,29.217586241166547,14.654262329971772
-32.46397204052694,-5.576314171435379,-0.4794968250945497,42.769903735222485,8.454065884889918,-26.495258776822038,28.139652201565386,11.762650926720001,-73.01620616627893,19.545499276487245,-16.946362435945105,6.575254903115365,17.397766806537348,17.04166977603724,0.6658763772252216,29.896036069600164,-7.828540575134594,-2.5718805028801803,-38.57534602305756,-40.18379022359235,5.606550969088871,9.329391013791817,1.810992517983408,-46.23725007467151,11.465482586401448,29.26714272704979,24.429215964887295,18.645932812001643,-41.59686262379246,-10.69395670290417,10.600003988277308,-4.912657019311622,-10.110436149375264,27.085488939623946,-9.090358442506508,33.87548306920387,-2.233855619021318,6.3066140173806025,27.188036448375172,-6.760133768167199,38.63490076724087,4.385982014713502,9.010385786498304,12.190404686960642,5.939905938866147
201.88921153904585,34.79032889325504,3.865343208512218,-266.7351692945151,-53.01723375647671,165.54654885670297,-174.60476880789952,-73.01620616627893,454.98130018844415,-121.1255062772146,105.076103988313,-42.03013465016574,-109.54152633208626,-105.77663312028479,-3.586001801144743,-186.8807908836246,49.327040118001484,16.618812581482956,240.05919003833432,250.51180195565746,-33.497649429077676,-57.840798080538995,-11.229882450631358,287.6990201400047,-70.69980425321432,-182.64322886884565,-152.89809609491164,-117.5490843092253,259.4054402415857,66.76220290558909,-65.67156334216011,30.622323255184586,63.07397538611685,-169.41015001193526,57.723054691015854,-211.22390054223695,14.266456165871174,-39.247339436352455,-170.4062485396598,43.66033310184975,-240.94844867420667,-27.71177109937744,-56.68231961922505,-76.3117584484082,-37.481469779416
-54.265686577149836,-8.774103894423032,-0.15656429120296797,71.06803277809654,13.981930027871826,-43.685343180910436,47.42280688716432,19.545499276487245,-121.1255062772146,33.26098045872243,-27.933375194023604,10.918036647536724,27.921937824902944,28.0484262220769,0.5239511955745347,49.279382889082044,-13.671292516350528,-3.8576710874964526,-64.46632229803663,-65.99353097891982,9.61221851047785,15.325824344559194,2.8680088337586707,-77.06668321407474,18.955747075996833,48.31126528828314,40.85617436702368,30.817824803814755,-69.58803751413085,-17.67578148329941,18.292049699102392,-7.873019352773771,-15.751000023333942,44.694712523152994,-14.67911370745487,56.602892341128346,-3.603009539181921,10.547616391223984,45.05446700037367,-10.571183169124176,63.997818161828626,7.228264796172248,14.771108831644215,20.27567567674079,10.341035666955527
46.63052913612169,8.170750836687866,0.7992205076683632,-61.48831828917766,-12.143581269769104,38.16579957773956,-40.33916181407545,-16.946362435945105,105.076103988313,-27.933375194023604,24.498598769049025,-9.349397944300415,-25.213026396011497,-24.63815933985267,-1.20184182472598,-43.06156213975215,10.993093171468773,3.7675481856374033,55.39647327534612,58.02545611625123,-8.121911109282703,-13.504193006945544,-2.655143681603906,66.46752977734428,-16.59788095264474,-42.16294812461644,-34.97970655981128,-26.725929263837212,59.65434360262411,15.396649665667422,-15.070697953043414,7.1560083008068185,14.864565791804651,-38.987100488679886,13.095034639152711,-48.60596565724516,3.21006521672211,-9.053948955005607,-39.03516404764604,9.768223951696944,-55.605632122550276,-6.286280053126772,-12.966001265169504,-17.48915080404943,-8.344689025102838
-18.47177401023467,-3.1577461117083168,-0.7918762571753243,24.80338331598795,5.100012986082225,-15.525365098041682,15.803988527626283,6.575254903115365,-42.03013465016574,10.918036647536724,-9.349397944300415,4.5664035062696,10.654007587018183,9.47284130617077,-0.11663317914036428,17.594687528910395,-5.030011333893754,-1.8331495289083044,-22.069021511583518,-23.091884493918933,2.252590033369144,5.132431352008395,0.980764060895012,-26.378849288687864,6.046778974506053,16.983763508227252,14.60419465525288,11.699567526758523,-24.187618382993197,-6.237376242961109,5.955650123924864,-2.786787073153082,-5.691043198697385,16.015477153148794,-5.940947562941796,19.670626595001075,-1.5146024401119025,3.610395987383034,16.344797550982126,-4.870035272695467,22.36280406614641,2.787392180290597,5.543829306872838,7.278119860890422,3.844859050971042
-47.95784498720163,-8.90404413039305,-2.073063895896586,64.21297252034249,12.988991610014518,-40.37799877930663,40.855283056544145,17.397766806537348,-109.54152633208626,27.921937824902944,-25.213026396011497,10.654007587018183,27.973043059772795,25.483786251905254,1.1782952938631093,45.62931606843171,-11.429965984105209,-4.7487898540958335,-57.12509826724228,-61.08657848698844,6.973108770608155,13.931627568190896,2.8183774701098288,-68.66135589665298,16.70158028116164,44.38239092768495,36.81654065380893,29.135349729472257,-61.94799327980357,-16.206686595445863,14.858259541970824,-7.671652742427346,-16.309509914668407,41.36688688634086,-14.889573202044916,50.49484038015608,-3.7286217282546117,9.33074889161867,41.60614086091491,-12.012509789296491,58.222764131026416,6.925620603463,14.114989301897658,18.501353349233955,8.751879898204427
-46.90200253683727,-8.245932069318417,-0.8806314374099588,61.90697368620467,12.246085732209655,-38.456859547020755,40.53592741394403,17.04166977603724,-105.77663312028479,28.0484262220769,-24.63815933985267,9.47284130617077,25.483786251905254,24.786613504523178,1.1986732294636773,43.39487102571355,-11.071853271166269,-3.8431832521373885,-55.729056683384165,-58.44486796505783,8.079472861149027,13.582797615500484,2.6747380899295554,-66.87229808922521,16.66748755777556,42.4698014446426,35.23983994821122,26.98817179063262,-60.04205946522631,-15.50900096886075,15.121696023403905,-7.21487391747349,-15.007079233435574,39.29293511836431,-13.26094112077622,48.92249225591437,-3.255826798872725,9.10800475640079,39.3558092879157,-9.948678277609009,55.9922456500878,6.352579893734938,13.09062453839998,17.624308329724002,8.409088059178293
-1.4110637221293112,-0.662474252069076,-0.20151371570705945,1.9064880492718896,0.30936884423495986,-1.3415930443017112,1.060987646496125,0.6658763772252216,-3.586001801144743,0.5239511955745347,-1.20184182472598,-0.11663317914036428,1.1782952938631093,1.1986732294636773,0.76643890282657,1.4988927370850873,0.4208228140670954,-0.2268192512580717,-1.6231683503992482,-2.490256060347379,0.6113147673581492,0.7083565864962775,0.22885451211121038,-2.132567268124819,0.924470056727546,1.5188060035777504,0.6361340219484657,0.4489677406396762,-1.4557653697395903,-0.528848008026647,0.07623044043655781,-0.472812122742207,-1.3358567109834705,1.2735163317826712,-0.34055416069372985,1.258501376490621,-0.050942512026485684,0.2581760454183344,0.9573731828017292,-0.23319822903847737,1.8870778018391636,0.0952179520904345,0.3705318961994699,0.4071586134104274,-0.31782596872065977
-82.67152772562017,-14.458039105702918,-2.0559309014769047,109.59010400812235,21.889874397844643,-68.21723829304129,71.2615262727171,29.896036069600164,-186.8807908836246,49.279382889082044,-43.06156213975215,17.594687528910395,45.62931606843171,43.39487102571355,1.4988927370850873,77.05410659998986,-20.212137274645155,-7.135038807382594,-98.35991497680905,-103.14243599016147,13.23052867283627,23.71814988766259,4.641896716213953,-117.92614642521363,28.831142402179896,75.16373234706732,62.89595437925349,48.734457293663404,-106.41501251301922,-27.482979243603683,26.63264108250429,-12.670926861963155,-26.259022435575016,69.86039485468628,-24.165950050656125,86.66803714691399,-5.994732228551399,16.078743859107497,70.29721899177781,-18.591178658862457,99.05291215924503,11.509375478170929,23.502203187973524,31.432106063327915,15.380232265976732
22.122483770719924,3.3210555912226143,0.16325573987368086,-29.131360992784902,-5.849770247154188,17.875503168121416,-19.34922694144568,-7.828540575134594,49.327040118001484,-13.671292516350528,10.993093171468773,-5.030011333893754,-11.429965984105209,-11.071853271166269,0.4208228140670954,-20.212137274645155,6.262271699970468,1.6517005187410314,26.362880975876827,26.5489604737138,-3.325760197277121,-5.996577250550682,-1.060708626175564,31.371459291229833,-7.279533917493832,-19.672729564608797,-17.191011439539416,-13.219067082162162,28.78305178933058,7.230055674698733,-7.656571373680411,3.05187931018868,5.861867120406331,-18.409960199806445,6.32630054797362,-23.360922623362427,1.5927791189828882,-4.318789806354521,-18.846972830428168,4.750194419795616,-26.11452354536112,-3.11897155583275,-6.20252662314372,-8.47560551213441,-4.746448164341995
7.074359299114336,1.4959370534356704,0.6802208527742206,-9.755346646543925,-2.0533285308955573,6.295819334945813,-5.831437767509003,-2.5718805028801803,16.618812581482956,-3.8576710874964526,3.7675481856374033,-1.8331495289083044,-4.7487898540958335,-3.8431832521373885,-0.2268192512580717,-7.135038807382594,1.6517005187410314,0.9610577683816677,8.465572556026427,9.482815912211938,-0.6686350243083282,-2.095542207305023,-0.45497151822146636,10.22593162594101,-2.3972093549578313,-6.859557372665623,-5.6316223329230874,-4.736414876068758,9.274742883091125,2.5032206635662972,-1.972640211308206,1.2450621966367021,2.7815048731195082,-6.475379400749088,2.5983141015691436,-7.573118574464756,0.6675840325200046,-1.3805337489656166,-6.5329703596765185,2.3273877650843686,-8.90292359115968,-1.1440773224905656,-2.303523028424456,-2.86479056477658,-1.2861284302338214
106.80449500203078,18.07711180488324,1.5714819764675474,-140.77865519188208,-27.910048731527766,87.14142781766051,-92.63951482717341,-38.57534602305756,240.05919003833432,-64.46632229803663,55.39647327534612,-22.069021511583518,-57.12509826724228,-55.729056683384165,-1.6231683503992482,-98.35991497680905,26.362880975876827,8.465572556026427,126.97155475853164,131.77668891647718,-18.017265750236305,-30.46415501250559,-5.853384326653225,152.05354297734777,-37.34763157828966,-96.19264777842454,-80.7873914434928,-61.80520761391162,137.17956519734742,35.17505188008981,-35.101507419191456,15.996568357667453,32.68189565964017,-89.18027956857875,30.10454116697977,-111.6663221852718,7.428324141062073,-20.7634313102111,-89.76838010571305,22.48834513353462,-127.0510304862237,-14.549866707128116,-29.745833372063366,-40.2550121595105,-20.00534017281032
110.81866292623367,19.563538619264115,2.6497248811242855,-146.75490913288152,-29.217089937436626,91.36509557503322,-95.5204580656659,-40.18379022359235,250.51180195565746,-65.99353097891982,58.02545611625123,-23.091884493918933,-61.08657848698844,-58.44486796505783,-2.490256060347379,-103.14243599016147,26.5489604737138,9.482815912211938,131.77668891647718,138.50286188671947,-18.221767339173358,-31.98649012958811,-6.3015990079024835,158.10720873782975,-39.00904968568456,-100.76549344076537,-83.87865903349797,-64.77276413437785,142.3215758520597,36.8093993818701,-35.56149130980922,17.09807642439853,35.60496822060945,-93.45659659054606,32.09038831744423,-115.94432183339033,7.932675585088373,-21.53692939926229,-93.83642691211064,24.54575493642308,-132.74141352566662,-15.28743417045701,-31.34216413897941,-41.95990074943337,-20.201443671532875
-15.264899432770028,-2.4375072145781167,0.5428073182706494,19.478836365990478,3.622403838782604,-11.776547557198782,13.593245894296585,5.606550969088871,-33.497649429077676,9.61221851047785,-8.121911109282703,2.252590033369144,6.973108770608155,8.079472861149027,0.6113147673581492,13.23052867283627,-3.325760197277121,-0.6686350243083282,-18.017265750236305,-18.221767339173358,3.6844509554396434,4.465758281778445,0.8460373396882689,-21.584422696493395,5.789627847988167,13.175213633179627,10.77615347593544,7.539722073885152,-19.039757757131643,-4.803012253156319,5.274457769306584,-2.194297400139843,-4.392163151979327,11.921926161203814,-3.307477113899669,15.516474548995985,-0.7504113418612742,2.94667312366567,11.73504261722411,-1.8512596020264511,17.55365691452445,1.7227167756098711,3.7092933068885325,5.346105280642486,2.4749616006911124
-25.644463347056863,-4.530419036524117,-0.4743841357612441,33.83630908510028,6.683707233562578,-21.022423836346714,22.161826332529763,9.329391013791817,-57.840798080538995,15.325824344559194,-13.504193006945544,5.132431352008395,13.931627568190896,13.582797615500484,0.7083565864962775,23.71814988766259,-5.996577250550682,-2.095542207305023,-30.46415501250559,-31.98649012958811,4.465758281778445,7.447596834814245,1.4716303693767419,-36.56762778216365,9.150119669779842,23.223653364808534,19.22414401261801,14.703270892887062,-32.79490023407546,-8.478192639330537,8.250845101476168,-3.9583174349928885,-8.252960916943588,21.469663668598155,-7.223529816913269,26.725835341712823,-1.7702328248970503,4.978386237437777,21.47967427238592,-5.4045369306325,30.61346609336221,3.459382082997984,7.143207711402047,9.619368940220186,4.553766181208795
-4.927350229321566,-0.9460208365313015,-0.16809930585983432,6.549410854147556,1.2981394799806378,-4.112014974630631,4.210604205374272,1.810992517983408,-11.229882450631358,2.8680088337586707,-2.655143681603906,0.980764060895012,2.8183774701098288,2.6747380899295554,0.22885451211121038,4.641896716213953,-1.060708626175564,-0.45497151822146636,-5.853384326653225,-6.3015990079024835,0.8460373396882689,1.4716303693767419,0.30597739791307194,-7.054667133277671,1.7963501537850801,4.536441901319128,3.6752855958882726,2.850387220968588,-6.2810298387545105,-1.653472486851221,1.5084418637296202,-0.8073063985583155,-1.7446988757874495,4.193057051375508,-1.4424969774937273,5.129380510476971,-0.35243493437289963,0.9554312014876161,4.160450317368739,-1.1144445844430484,5.952651746274412,0.6720150551465318,1.4035906249036947,1.8546640517293738,0.8085835695672362
127.9085367496752,21.792648035707824,2.011650725187864,-168.6710948317052,-33.44269409029575,104.48398833989962,-110.85729253508742,-46.23725007467151,287.6990201400047,-77.06668321407474,66.46752977734428,-26.378849288687864,-68.66135589665298,-66.87229808922521,-2.132567268124819,-117.92614642521363,31.371459291229833,10.22593162594101,152.05354297734777,158.10720873782975,-21.584422696493395,-36.56762778216365,-7.054667133277671,182.152128800602,-44.82095228045988,-115.34069216247214,-96.69192315146789,-74.02330838878844,164.23448717191616,42.165101851142815,-41.8927754720006,19.246445439069454,39.444974430840006,-106.90365316154639,36.12799791364375,-133.706947474795,8.912740097804136,-24.862565556145096,-107.54574375142286,27.048971243129966,-152.28210590361022,-17.43084468851096,-35.666576836878626,-48.209862690718175,-23.81430659479166
-31.470280448633453,-5.481296414229226,-0.33349887928609345,41.32271487941669,8.095145540133181,-25.576038499018694,27.315024021773123,11.465482586401448,-70.69980425321432,18.955747075996833,-16.59788095264474,6.046778974506053,16.70158028116164,16.66748755777556,0.924470056727546,28.831142402179896,-7.279533917493832,-2.3972093549578313,-37.34763157828966,-39.00904968568456,5.789627847988167,9.150119669779842,1.7963501537850801,-44.82095228045988,11.336185489328262,28.31106176082016,23.389549054028087,17.672971869210976,-40.102440378544685,-10.329572755742069,10.23391672992495,-4.808822261726986,-9.972125244374958,26.08320191421161,-8.562606166140512,32.67872254406837,-2.081699166627872,6.103832319218418,26.045343778688913,-6.224197121267184,37.3694717584034,4.144710064919095,8.600574371994835,11.68975537224719,5.515056916891455
-80.88067281512558,-14.100275602562672,-1.839507832651603,107.07133040108192,21.33924297534635,-66.58638509232934,69.78815630795955,29.26714272704979,-182.64322886884565,48.31126528828314,-42.16294812461644,16.983763508227252,44.38239092768495,42.4698014446426,1.5188060035777504,75.16373234706732,-19.672729564608797,-6.859557372665623,-96.19264777842454,-100.76549344076537,13.175213633179627,23.223653364808534,4.536441901319128,-115.34069216247214,28.31106176082016,73.4363197206113,61.37417849106979,47.38386860874026,-104.00774582599578,-26.831258002712563,26.119350463912838,-12.369322167843215,-25.60913442904118,68.14075566110003,-23.41424968973323,84.69833329909214,-5.801908756696298,15.723936972760802,68.55483181194484,-17.909764101044107,96.78337050764705,11.189023622993497,22.867256340420546,30.664056728060178,14.969793602997617
-67.88701163728264,-11.453272687357751,-1.3496181115025652,89.8026783711912,17.94655871500284,-55.69044120051173,58.74326650713929,24.429215964887295,-152.89809609491164,40.85617436702368,-34.97970655981128,14.60419465525288,36.81654065380893,35.23983994821122,0.6361340219484657,62.89595437925349,-17.191011439539416,-5.6316223329230874,-80.7873914434928,-83.87865903349797,10.77615347593544,19.22414401261801,3.6752855958882726,-96.69192315146789,23.389549054028087,61.37417849106979,51.86518498360257,40.054620894331684,-87.58341310727444,-22.457447444204526,22.28042789279495,-10.145971958281669,-20.677556907952447,57.08727549365525,-19.667306943806686,71.26533464491271,-4.896016293064356,13.212748598479811,57.68858739456978,-15.019574645957558,81.01508151626533,9.45946582967732,19.194592681757197,25.831688658710913,13.070352463337489
-51.86852495351086,-8.993854518934677,-1.6515961922515285,69.09930723585796,13.961224873225284,-43.10787674872551,44.57415066070981,18.645932812001643,-117.5490843092253,30.817824803814755,-26.725929263837212,11.699567526758523,29.135349729472257,26.98817179063262,0.4489677406396762,48.734457293663404,-13.219067082162162,-4.736414876068758,-61.80520761391162,-64.77276413437785,7.539722073885152,14.703270892887062,2.850387220968588,-74.02330838878844,17.672971869210976,47.38386860874026,40.054620894331684,31.439930605116505,-67.21555896803702,-17.344881322614473,16.710975449273903,-7.903131159319778,-16.291372477528377,44.25772514109776,-15.741146153136473,54.70563306882796,-3.952974962446821,10.10581781302727,44.80282771089063,-12.450144687763512,62.405741194697974,7.456922857438542,15.057748105749974,19.995588458107427,10.083950826827094
115.35022339526746,19.462668091464405,1.879842509105093,-152.2198364122213,-30.266567009941422,94.26756078166687,-99.98402612672122,-41.59686262379246,259.4054402415857,-69.58803751413085,59.65434360262411,-24.187618382993197,-61.94799327980357,-60.04205946522631,-1.4557653697395903,-106.41501251301922,28.78305178933058,9.274742883091125,137.17956519734742,142.3215758520597,-19.039757757131643,-32.79490023407546,-6.2810298387545105,164.23448717191616,-40.102440378544685,-104.00774582599578,-87.58341310727444,-67.21555896803702,148.41377182316876,38.038323783769584,-37.92775021635738,17.23975640555601,35.15952345661837,-96.52861058958435,32.817427156587655,-120.78442820246345,8.127147326385206,-22.4341260145234,-97.33426198518875,24.710943868543307,-137.34859151213726,-15.844444605651853,-32.289021881519425,-43.626207653128404,-21.859011585918914
29.571909333581388,5.138957490837873,0.6649969315050496,-39.146693735664954,-7.803822617309307,24.337776541537565,-25.52581139711446,-10.69395670290417,66.76220290558909,-17.67578148329941,15.396649665667422,-6.237376242961109,-16.206686595445863,-15.50900096886075,-0.528848008026647,-27.482979243603683,7.230055674698733,2.5032206635662972,35.17505188008981,36.8093993818701,-4.803012253156319,-8.478192639330537,-1.653472486851221,42.165101851142815,-10.329572755742069,-26.831258002712563,-22.457447444204526,-17.344881322614473,38.038323783769584,9.809147628871848,-9.566102515556121,4.512165395865666,9.326328864323747,-24.91633390278601,8.566095531914902,-30.976569457869687,2.1221514072142065,-5.750377686239592,-25.070320163515486,6.545677393019885,-35.374066807567836,-4.093501715762695,-8.363688206607804,-11.216748786999673,-5.498703188874601
-29.546970936680495,-4.60041440359709,0.10247254787790529,38.57714777581777,7.576039267566711,-23.60916845403935,25.937964700067123,10.600003988277308,-65.67156334216011,18.292049699102392,-15.070697953043414,5.955650123924864,14.858259541970824,15.121696023403905,0.07623044043655781,26.63264108250429,-7.656571373680411,-1.972640211308206,-35.101507419191456,-35.56149130980922,5.274457769306584,8.250845101476168,1.5084418637296202,-41.8927754720006,10.23391672992495,26.119350463912838,22.28042789279495,16.710975449273903,-37.92775021635738,-9.566102515556121,10.142054328601104,-4.177114377687288,-8.202723516919725,24.173377154153002,-7.856868842580037,30.828158781706883,-1.9291055058554325,5.745937021477219,24.438862686813675,-5.560257824439503,34.67217537243522,3.91364859921199,7.965766536949923,11.020654218714123,5.782351524945836
13.453503944255495,2.512772601692899,0.4597840744842798,-17.901563904977593,-3.5712727214056748,11.222557194097677,-11.509622597470687,-4.912657019311622,30.622323255184586,-7.873019352773771,7.1560083008068185,-2.786787073153082,-7.671652742427346,-7.21487391747349,-0.472812122742207,-12.670926861963155,3.05187931018868,1.2450621966367021,15.996568357667453,17.09807642439853,-2.194297400139843,-3.9583174349928885,-0.8073063985583155,19.246445439069454,-4.808822261726986,-12.369322167843215,-10.145971958281669,-7.903131159319778,17.23975640555601,4.512165395865666,-4.177114377687288,2.161035832682306,4.6129700000744975,-11.46507299280362,3.991001164407139,-14.063447455352724,0.9846569721601549,-2.6122252240379256,-11.449738131177956,3.1152417589289656,-16.242980812902967,-1.8683055427034545,-3.859243534577987,-5.103941245814961,-2.328673667581608
27.484442994414106,5.453498701110715,1.2882985131041518,-36.79457276803211,-7.367776025108235,23.25510645581903,-23.298923127355895,-10.110436149375264,63.07397538611685,-15.751000023333942,14.864565791804651,-5.691043198697385,-16.309509914668407,-15.007079233435574,-1.3358567109834705,-26.259022435575016,5.861867120406331,2.7815048731195082,32.68189565964017,35.60496822060945,-4.392163151979327,-8.252960916943588,-1.7446988757874495,39.444974430840006,-9.972125244374958,-25.60913442904118,-20.677556907952447,-16.291372477528377,35.15952345661837,9.326328864323747,-8.202723516919725,4.6129700000744975,10.098196811539662,-23.728507757841296,8.413563400646932,-28.72232141359394,2.074979205356086,-5.331938284087274,-23.57375107398233,6.735611677526008,-33.503672726742444,-3.8617272171699635,-8.031404285316253,-10.468045876267494,-4.4917725318867845
-74.94876032784126,-13.071471798288034,-1.8718506831271429,99.36913653272175,19.86303187217907,-61.848841904873844,64.6076409099302,27.085488939623946,-169.41015001193526,44.694712523152994,-38.987100488679886,16.015477153148794,41.36688688634086,39.29293511836431,1.2735163317826712,69.86039485468628,-18.409960199806445,-6.475379400749088,-89.18027956857875,-93.45659659054606,11.921926161203814,21.469663668598155,4.193057051375508,-106.90365316154639,26.08320191421161,68.14075566110003,57.08727549365525,44.25772514109776,-96.52861058958435,-24.91633390278601,24.173377154153002,-11.46507299280362,-23.728507757841296,63.350150460231205,-21.945549497239018,78.60747536692763,-5.450083437086323,14.578782401117778,63.790032343408555,-16.907483901603182,89.80127129243307,10.455787437712651,21.325999970775086,28.521230558360642,14.011415076733789
25.23292892667198,4.6110225186326685,1.2276493762327647,-33.92827830177025,-6.936493709622961,21.358017066673867,-21.457082581381997,-9.090358442506508,57.723054691015854,-14.67911370745487,13.095034639152711,-5.940947562941796,-14.889573202044916,-13.26094112077622,-0.34055416069372985,-24.165950050656125,6.32630054797362,2.5983141015691436,30.10454116697977,32.09038831744423,-3.307477113899669,-7.223529816913269,-1.4424969774937273,36.12799791364375,-8.562606166140512,-23.41424968973323,-19.667306943806686,-15.741146153136473,32.817427156587655,8.566095531914902,-7.856868842580037,3.991001164407139,8.413563400646932,-21.945549497239018,8.091161768506739,-26.73010775607342,2.0471360895146784,-4.919280914382651,-22.207652526799876,6.657354671576207,-30.720331252073407,-3.7529506275375075,-7.5647902133604195,-9.864639721407439,-4.849730187492847
-93.89829400978681,-15.891581222838191,-1.5649306804653549,123.9296253292317,24.63862972633157,-76.77042322898528,81.36702809090161,33.87548306920387,-211.22390054223695,56.602892341128346,-48.60596565724516,19.670626595001075,50.49484038015608,48.92249225591437,1.258501376490621,86.66803714691399,-23.360922623362427,-7.573118574464756,-111.6663221852718,-115.94432183339033,15.516474548995985,26.725835341712823,5.129380510476971,-133.706947474795,32.67872254406837,84.69833329909214,71.26533464491271,54.70563306882796,-120.78442820246345,-30.976569457869687,30.828158781706883,-14.063447455352724,-28.72232141359394,78.60747536692763,-26.73010775607342,98.30804711044101,-6.616595062221586,18.261122893812136,79.22845968052856,-20.133542923793236,111.83793410872545,12.893958445393338,26.29388548969222,35.508057160619096,17.74088662388857
6.220511796423326,1.1376963382070358,0.3405710066252913,-8.397106404182844,-1.7306543114520008,5.298262109647828,-5.27249879914176,-2.233855619021318,14.266456165871174,-3.603009539181921,3.21006521672211,-1.5146024401119025,-3.7286217282546117,-3.255826798872725,-0.050942512026485684,-5.994732228551399,1.5927791189828882,0.6675840325200046,7.428324141062073,7.932675585088373,-0.7504113418612742,-1.7702328248970503,-0.35243493437289963,8.912740097804136,-2.081699166627872,-5.801908756696298,-4.896016293064356,-3.952974962446821,8.127147326385206,2.1221514072142065,-1.9291055058554325,0.9846569721601549,2.074979205356086,-5.450083437086323,2.0471360895146784,-6.616595062221586,0.5225130415708013,-1.213891243010358,-5.5377869348776745,1.7163557203292281,-7.603441998649075,-0.9460455805876667,-1.8932046488205352,-2.45526261771066,-1.2244080212967545
-17.465323052737865,-2.9502826979439694,-0.2512490809414635,23.017644089047216,4.563062435834536,-14.244550064566804,15.152740675248486,6.3066140173806025,-39.247339436352455,10.547616391223984,-9.053948955005607,3.610395987383034,9.33074889161867,9.10800475640079,0.2581760454183344,16.078743859107497,-4.318789806354521,-1.3805337489656166,-20.7634313102111,-21.53692939926229,2.94667312366567,4.978386237437777,0.9554312014876161,-24.862565556145096,6.103832319218418,15.723936972760802,13.212748598479811,10.10581781302727,-22.4341260145234,-5.750377686239592,5.745937021477219,-2.6122252240379256,-5.331938284087274,14.578782401117778,-4.919280914382651,18.261122893812136,-1.213891243010358,3.395650181127298,14.677240921953105,-3.671942909976989,20.77075596487965,2.3788380433732126,4.8622079570369365,6.582529105706135,3.277017134012229
-75.41810216796641,-13.011145142161014,-1.9011801056521394,100.04312427849507,20.050918984173325,-62.240112493644226,65.02825904568515,27.188036448375172,-170.4062485396598,45.05446700037367,-39.03516404764604,16.344797550982126,41.60614086091491,39.3558092879157,0.9573731828017292,70.29721899177781,-18.846972830428168,-6.5329703596765185,-89.76838010571305,-93.83642691211064,11.73504261722411,21.47967427238592,4.160450317368739,-107.54574375142286,26.045343778688913,68.55483181194484,57.68858739456978,44.80282771089063,-97.33426198518875,-25.070320163515486,24.438862686813675,-11.449738131177956,-23.57375107398233,63.790032343408555,-22.207652526799876,79.22845968052856,-5.5377869348776745,14.677240921953105,64.40200552184652,-17.195983916021483,90.35980978541052,10.598875949576062,21.523602320282606,28.79033247821872,14.353389227189318
18.795495730001754,3.662971724756928,1.4756220424923363,-25.70733754945139,-5.390065707543354,16.41447813154868,-15.695007526839474,-6.760133768167199,43.66033310184975,-10.571183169124176,9.768223951696944,-4.870035272695467,-12.012509789296491,-9.948678277609009,-0.23319822903847737,-18.591178658862457,4.750194419795616,2.3273877650843686,22.48834513353462,24.54575493642308,-1.8512596020264511,-5.4045369306325,-1.1144445844430484,27.048971243129966,-6.224197121267184,-17.909764101044107,-15.019574645957558,-12.450144687763512,24.710943868543307,6.545677393019885,-5.560257824439503,3.1152417589289656,6.735611677526008,-16.907483901603182,6.657354671576207,-20.133542923793236,1.7163557203292281,-3.671942909976989,-17.195983916021483,5.842305345384523,-23.352184724071137,-3.001508541623243,-5.980426562720587,-7.575798311364082,-3.678472415496786
-106.83519479024922,-18.471585823142465,-2.200908070338491,141.27074771097952,28.11819706172655,-87.7432881457831,92.31637477633556,38.63490076724087,-240.94844867420667,63.997818161828626,-55.605632122550276,22.36280406614641,58.222764131026416,55.9922456500878,1.8870778018391636,99.05291215924503,-26.11452354536112,-8.90292359115968,-127.0510304862237,-132.74141352566662,17.55365691452445,30.61346609336221,5.952651746274412,-152.28210590361022,37.3694717584034,96.78337050764705,81.01508151626533,62.405741194697974,-137.34859151213726,-35.374066807567836,34.67217537243522,-16.242980812902967,-33.503672726742444,89.80127129243307,-30.720331252073407,111.83793410872545,-7.603441998649075,20.77075596487965,90.35980978541052,-23.352184724071137,127.63554434226374,14.722750179588258,30.090536269851224,40.44637115106069,19.85473150137159
-12.20682266956591,-2.129949777011198,-0.43064903234701557,16.295062440045204,3.3038767296039135,-10.182589202847815,10.468132992909696,4.385982014713502,-27.71177109937744,7.228264796172248,-6.286280053126772,2.787392180290597,6.925620603463,6.352579893734938,0.0952179520904345,11.509375478170929,-3.11897155583275,-1.1440773224905656,-14.549866707128116,-15.28743417045701,1.7227167756098711,3.459382082997984,0.6720150551465318,-17.43084468851096,4.144710064919095,11.189023622993497,9.45946582967732,7.456922857438542,-15.844444605651853,-4.093501715762695,3.91364859921199,-1.8683055427034545,-3.8617272171699635,10.455787437712651,-3.7529506275375075,12.893958445393338,-0.9460455805876667,2.3788380433732126,10.598875949576062,-3.001508541623243,14.722750179588258,1.7725289768023644,3.5700572327351856,4.724716530042609,2.383302676436211
-24.97360636628622,-4.417980332574912,-0.8315850658581174,33.27839764580361,6.709284734440702,-20.79408069688594,21.427475159705253,9.010385786498304,-56.68231961922505,14.771108831644215,-12.966001265169504,5.543829306872838,14.114989301897658,13.09062453839998,0.3705318961994699,23.502203187973524,-6.20252662314372,-2.303523028424456,-29.745833372063366,-31.34216413897941,3.7092933068885325,7.143207711402047,1.4035906249036947,-35.666576836878626,8.600574371994835,22.867256340420546,19.194592681757197,15.057748105749974,-32.289021881519425,-8.363688206607804,7.965766536949923,-3.859243534577987,-8.031404285316253,21.325999970775086,-7.5647902133604195,26.29388548969222,-1.8932046488205352,4.8622079570369365,21.523602320282606,-5.980426562720587,30.090536269851224,3.5700572327351856,7.243998330950706,9.600915112125659,4.733193572152645
-33.82623101200848,-5.7852672753972785,-0.7585762660193218,44.801539450918234,8.960186730351824,-27.830001248733637,29.217586241166547,12.190404686960642,-76.3117584484082,20.27567567674079,-17.48915080404943,7.278119860890422,18.501353349233955,17.624308329724002,0.4071586134104274,31.432106063327915,-8.47560551213441,-2.86479056477658,-40.2550121595105,-41.95990074943337,5.346105280642486,9.619368940220186,1.8546640517293738,-48.209862690718175,11.68975537224719,30.664056728060178,25.831688658710913,19.995588458107427,-43.626207653128404,-11.216748786999673,11.020654218714123,-5.103941245814961,-10.468045876267494,28.521230558360642,-9.864639721407439,35.508057160619096,-2.45526261771066,6.582529105706135,28.79033247821872,-7.575798311364082,40.44637115106069,4.724716530042609,9.600915112125659,12.881818212753155,6.448329049829863
-16.78430898599555,-2.540892858674104,-0.17111736106060435,22.137639997827467,4.456442117634542,-13.604884642679835,14.654262329971772,5.939905938866147,-37.481469779416,10.341035666955527,-8.344689025102838,3.844859050971042,8.751879898204427,8.409088059178293,-0.31782596872065977,15.380232265976732,-4.746448164341995,-1.2861284302338214,-20.00534017281032,-20.201443671532875,2.4749616006911124,4.553766181208795,0.8085835695672362,-23.81430659479166,5.515056916891455,14.969793602997617,13.070352463337489,10.083950826827094,-21.859011585918914,-5.498703188874601,5.782351524945836,-2.328673667581608,-4.4917725318867845,14.011415076733789,-4.849730187492847,17.74088662388857,-1.2244080212967545,3.277017134012229,14.353389227189318,-3.678472415496786,19.85473150137159,2.383302676436211,4.733193572152645,6.448329049829863,3.6020662699645496
