V1,V2,V3,V4,V5,V6,V7,V8,V9,V10,V11,V12,V13,V14,V15,V16,V17,V18,V19,V20,V21,V22,V23,V24,V25,V26,V27,V28,V29,V30,V31,V32,V33,V34,V35,V36,V37,V38,V39,V40,V41,V42,V43,V44,V45
242.42098809717774,-87.89978137001894,-368.30927116607717,-47.865861283111016,413.95221290812833,-106.19939856215787,159.97091801853657,314.58002806965044,-272.95334826411965,-104.22904982381968,-206.47764599013473,266.4316768779508,36.28283494816947,289.41823086900115,87.43643368522943,153.10982502217004,58.35435707346845,-169.78320281324633,-257.93633647916903,-25.96734824071909,41.15353115490429,-55.10882304009176,-193.61266419248417,284.39957515985634,-0.43940020868524676,-132.96946072893485,233.85968443463472,76.60875055826006,168.4685674392273,54.89949400594107,116.4389245767995,152.80151919739674,63.358589607305824,45.462432891310726,-64.54949743342729,197.38007767968554,-78.70442003045407,-121.6580428051911,16.876223582719927,3.773376752870809,105.48729683216983,59.251202416995774,93.31297310726936,-196.29658774560542,-256.9362108603477
-87.89978137001894,32.350179790624146,133.16271982980462,17.6973164906473,-149.48474355700287,38.65967411222592,-58.09026075721936,-113.92586120955745,98.8354004656226,37.95337396051412,74.72243170042543,-96.30161744220456,-13.432144355552804,-104.68126769503519,-31.700930178303825,-54.90750967555895,-21.260658944944396,61.68631501675131,93.26438175302359,9.568606781524538,-14.582035736902107,19.801932230556854,70.20495953997468,-103.07257282982418,0.2971130570866595,47.98162769427166,-84.63751108237592,-27.72427523414432,-60.85125631829596,-20.0650395506641,-42.374728561220614,-55.10282093856596,-22.577957957351487,-16.245347807883267,23.07173369930808,-71.21977794422865,28.74025186216399,43.78679973948737,-6.114779835519825,-0.786382488805281,-38.19103348706274,-21.551655739200687,-33.97166799343543,71.17747097061282,92.7873454485938
-368.30927116607717,133.16271982980462,560.4873681494239,72.41369498404701,-629.8630954931094,161.4102915297441,-242.71888352489756,-478.21841863626724,414.96131677625215,158.29801910959603,314.02470634171516,-405.22187269741727,-55.33411291005952,-440.12255202040734,-132.8571203805391,-233.49972413586602,-88.67760977126147,258.0117253840046,392.0938160715393,39.56506937291057,-62.59635868304004,83.74723550106151,294.20618765247553,-432.5146101619839,0.6532675902324205,201.80119264940873,-355.5266746638964,-116.67578528446217,-256.2874837819282,-83.21362353545945,-176.60316399086338,-232.37711211217263,-96.2268200220503,-69.23361845365248,98.5921893067372,-300.1570389646952,119.50559778724715,185.32165022566053,-25.831474608849234,-5.992416573728163,-160.48453199116904,-89.98413802021221,-141.74628414074866,298.37950397286005,391.0531352783292
-47.865861283111016,17.6973164906473,72.41369498404701,9.877751557161307,-81.49299383928384,21.102904235630437,-32.162386946575324,-62.249836508031905,54.12510009870546,20.480799523270026,40.840554990826114,-52.52015732164251,-7.123470111058748,-57.21415764546306,-17.195507328042318,-29.62759331558259,-11.436250274246722,33.65409083309095,51.011711983031816,5.140990384484327,-8.084399173053269,10.739080810240605,38.474177114219074,-56.27231260732606,0.042448032723293457,26.098916778445886,-46.35671799451175,-14.988601875549486,-32.91990981847773,-11.159687534550832,-23.545059157557002,-29.960076946246822,-12.358480133890087,-8.47191618880998,12.176906739577362,-38.848385874671294,15.703067364554537,23.910679955493386,-3.1876096404436316,-0.4955963070310424,-20.829964595257227,-11.772867713384757,-18.479871461482638,39.088712684332535,50.59947596546604
413.95221290812833,-149.48474355700287,-629.8630954931094,-81.49299383928384,708.4681648591838,-181.3056998365111,273.822241746324,538.086525569438,-466.8903838334125,-177.32903381823175,-353.30128782649194,455.63156290239823,61.328992805090806,495.1244066420587,149.20054281338565,262.27595595964243,99.39919697890993,-289.85558660956013,-441.50075420705014,-44.04137147445777,71.00453167512254,-94.22671956719981,-331.09086107657754,486.2454745128469,-0.5474186894756844,-227.21558297689165,400.0666407311414,130.83088166713773,287.91612263831587,93.74134925415407,199.32009915451474,261.56098981961406,108.92434484072791,77.47961156900367,-110.30151539234647,337.8944137767254,-134.28627273060906,-208.44052058098836,28.750716633427178,7.544593736891345,180.43314556990117,101.11185748977218,159.19716776760632,-335.793043962754,-439.7362760371392
-106.19939856215787,38.65967411222592,161.4102915297441,21.102904235630437,-181.3056998365111,46.638561223866915,-70.08779620861114,-137.82912853260467,119.63356746785938,45.72012473230507,90.48841553508143,-116.70798566838587,-16.11048847866247,-126.8057642556017,-38.29766165579107,-66.97706331034207,-25.597969175626393,74.48606044339338,112.92186427593516,11.500481590474157,-17.871625073639045,24.041488823830676,84.86589054254691,-124.72077857261979,0.2306160134129566,58.03199608724759,-102.47595888071459,-33.61539510815089,-73.73444325895439,-24.11931738676067,-51.05621776032019,-66.80980952845772,-27.50435454614196,-19.768677715263944,28.2046706996521,-86.35197443653067,34.57057449492084,53.29155555108769,-7.430044245092854,-1.3974639998466551,-46.25170931984378,-25.992170777162404,-40.93910574806291,86.09529602372602,112.58358474890245
159.97091801853657,-58.09026075721936,-242.71888352489756,-32.162386946575324,273.822241746324,-70.08779620861114,107.63122082584482,208.67480865314295,-181.12230163704572,-67.81047501184077,-136.90672904454644,176.0360282536255,22.682124397615162,191.76796684187315,57.45278728508311,100.25382677699173,38.051472346009305,-111.99777003591578,-171.5304193412327,-16.548321844350326,28.051537274997717,-36.348277402178326,-128.65579917929944,188.05438736564625,-0.003920286718218575,-88.1278655815789,155.23005297468998,49.997098611222526,110.66421926439665,36.85088380449676,78.60914829579666,101.21199368335292,42.763773662196414,29.000006745241258,-41.30850877170545,130.94052958895278,-52.08211884308469,-80.42286417689171,10.60697795798481,3.418904082324863,69.73393576819852,39.138312451386135,61.48402184115267,-130.5357379773328,-169.8082194691151
314.58002806965044,-113.92586120955745,-478.21841863626724,-62.249836508031905,538.086525569438,-137.82912853260467,208.67480865314295,409.0904311540998,-354.88314287695533,-134.59399935911821,-268.51441421597434,346.0343729866866,46.34642429579375,376.21890895230075,113.32574136672457,198.6777314700194,75.50857371077058,-220.2741286026872,-335.716848773324,-33.345145037461684,54.01525743420022,-71.52070066470523,-251.79960683127797,369.4750562253003,-0.47006224013155734,-172.75180417714728,304.081143301947,99.19092588154619,218.55299690431994,71.45461126708334,152.01436426695017,198.75007580959007,82.90185892555834,58.566348117060066,-83.28124884791562,256.7705030474315,-102.20620452620182,-158.1379222148302,21.69737166110927,5.685559131327699,137.076688313974,76.87467693382415,121.04275095316831,-255.33930314690537,-333.8921561594754
-272.95334826411965,98.8354004656226,414.96131677625215,54.12510009870546,-466.8903838334125,119.63356746785938,-181.12230163704572,-354.88314287695533,308.0833144942997,116.82761525336593,232.99754073638363,-300.3764061980562,-40.33307869158932,-326.54192568063775,-98.31401228111935,-172.364573581477,-65.41393031798172,191.22897004479043,291.1781828933568,29.019739713970058,-46.834803008561586,62.03643450138954,218.53694922676618,-320.6772342838225,0.25580341196740497,149.7372157500219,-263.98517434194076,-86.11509267451822,-189.4942056049217,-62.13074319373009,-131.95727854581065,-172.25464570123341,-71.73072039589442,-50.61204176591234,72.18039850679942,-222.6878556628411,88.65094585490726,137.35963849116675,-18.782386092450412,-4.7965912047581565,-118.94930357674168,-66.73754418774361,-104.98542249119974,221.7227780080565,289.8123904914238
-104.22904982381968,37.95337396051412,158.29801910959603,20.480799523270026,-177.32903381823175,45.72012473230507,-67.81047501184077,-134.59399935911821,116.82761525336593,45.387303403965326,88.36184686769016,-114.33495650969188,-16.36407712132588,-123.93956045639715,-37.71046742189917,-65.912318561837,-25.318704430613273,73.09490212793617,110.06859772078099,11.53943946671424,-17.09654230264857,23.629065843096623,82.80480349664225,-122.05565324697533,0.3299310563921401,56.857103621322594,-100.05695306622607,-33.19154413652973,-72.5227391426584,-23.411129053636085,-49.26630713128011,-65.30004890062715,-26.542558705857445,-19.879700838826082,28.20743718144259,-84.31873815791704,33.832614184881024,52.12254278012256,-7.488480624916311,-0.863795212880344,-45.252036627476215,-25.49578326522802,-40.20372733607637,83.93519442208407,110.17039023477679
-206.47764599013473,74.72243170042543,314.02470634171516,40.840554990826114,-353.30128782649194,90.48841553508143,-136.90672904454644,-268.51441421597434,232.99754073638363,88.36184686769016,176.28357943834547,-227.21576123918038,-30.505928453386016,-247.00962458302186,-74.38447357808424,-130.52986621519227,-49.543757794470345,144.61917329459155,220.32884286771557,21.937897587952094,-35.43705481127568,46.93801097355462,165.28230593036469,-242.59141575358228,0.2718125085072631,113.3016976532414,-199.64361633387304,-65.16703976294095,-143.46442739177803,-46.90121355637558,-99.72506843627745,-130.4207082823758,-54.33365545766932,-38.41853337543605,54.73019095500797,-168.53053465190067,67.06625819838258,103.90145251082015,-14.264364310716013,-3.7106568542398963,-90.00416072530261,-50.46178420437921,-79.4369639139949,167.64945148771957,219.27445556751238
266.4316768779508,-96.30161744220456,-405.22187269741727,-52.52015732164251,455.63156290239823,-116.70798566838587,176.0360282536255,346.0343729866866,-300.3764061980562,-114.33495650969188,-227.21576123918038,293.18891616431375,39.70451408738759,318.508237003494,96.05582878526484,168.67677048267456,63.980605860947,-186.62066973141864,-283.81909663058343,-28.471398413399836,45.50934095510377,-60.62603692858429,-212.98258583651602,312.8511001287539,-0.30927640694352665,-146.12836548898807,257.3800502434059,84.25174800655853,185.21116960660316,60.3749651268984,128.12615517088804,168.09509805624546,69.82362585227477,49.84663315950755,-71.00260433759641,217.22000174103957,-86.41096498583362,-134.09844539903446,18.51075367603523,4.538427106617084,116.0621593849499,65.10519276260614,102.4635136077551,-216.04060531625262,-282.86569907030713
36.28283494816947,-13.432144355552804,-55.33411291005952,-7.123470111058748,61.328992805090806,-16.11048847866247,22.682124397615162,46.34642429579375,-40.33307869158932,-16.36407712132588,-30.505928453386016,39.70451408738759,6.666300552138548,42.823990197055075,13.227050907871066,23.11322445694969,9.05274728130882,-25.668404466295915,-37.5375784591834,-4.517196811566368,5.264113397065449,-8.06154693866019,-28.50302177591489,42.538652714348615,-0.26919421886432626,-19.21496180423833,34.484096208066106,11.907477545317699,25.319407134188705,8.016851216695605,16.42735867837711,22.277565624546106,8.324506408359847,7.0800304462101264,-10.258188864118718,28.798724980653887,-11.853902720079185,-18.097171083556166,2.894887147319929,-0.6005288946983208,15.756024280055465,8.926118338330108,14.127886230342096,-28.963109122946584,-38.27799364650486
289.41823086900115,-104.68126769503519,-440.12255202040734,-57.21415764546306,495.1244066420587,-126.8057642556017,191.76796684187315,376.21890895230075,-326.54192568063775,-123.93956045639715,-247.00962458302186,318.508237003494,42.823990197055075,346.1834632214086,104.27792177387035,183.00544351311376,69.4184339658142,-202.7155401919137,-308.6803160082836,-30.78371977943436,49.639891998389764,-65.82522516420829,-231.6011436789459,339.96989245121694,-0.31498065068384135,-158.81297201381082,279.804061713171,91.37729319099294,201.07694436371602,65.73357607676581,139.65762706377316,182.7227665586709,76.08568497122414,53.88973485307445,-76.78600382086597,236.14876119466106,-93.94477822225366,-145.66842480565776,19.99252656973356,5.1452495983354245,126.12334672523394,70.73396756818293,111.30965254781835,-234.93786809868413,-307.3302775336674
87.43643368522943,-31.700930178303825,-132.8571203805391,-17.195507328042318,149.20054281338565,-38.29766165579107,57.45278728508311,113.32574136672457,-98.31401228111935,-37.71046742189917,-74.38447357808424,96.05582878526484,13.227050907871066,104.27792177387035,31.567567511231708,55.299826597375514,21.10484934818846,-61.2361305796964,-92.87179344903775,-9.429913830467084,14.736487453236146,-19.88077984755616,-69.72008727766509,102.51453723186621,-0.19827325882368715,-47.925764313832914,84.22776618083103,27.688726527454698,60.822182342245775,19.725235374433268,41.786373111488075,55.06826538284735,22.747857360329757,16.524062902107094,-23.429012032462165,71.10508074535188,-28.36997400597111,-43.84649792077687,6.146601707988059,1.2505574006572302,38.025274815842735,21.364611875722698,33.668484466440965,-70.66768483002024,-92.61941504607834
153.10982502217004,-54.90750967555895,-233.49972413586602,-29.62759331558259,262.27595595964243,-66.97706331034207,100.25382677699173,198.6777314700194,-172.364573581477,-65.912318561837,-130.52986621519227,168.67677048267456,23.11322445694969,183.00544351311376,55.299826597375514,97.86776474117976,36.91672001491294,-107.16183735442068,-162.91131636250978,-16.477105815506302,26.078562668245993,-34.968615627272484,-122.07210626302744,179.78036135198724,-0.2550024894627818,-83.97311888508828,147.69734476239336,48.716075756145315,106.91926994026954,34.26319955389474,72.79241199987773,96.80141264323511,40.099470313101854,29.27809090890263,-41.657948838054494,124.92963621713733,-49.47574878939057,-77.30322136705239,10.90705260720535,2.770683553026518,66.75476323312562,37.33335030003073,58.842376403880174,-123.77472628744421,-162.86932644319737
58.35435707346845,-21.260658944944396,-88.67760977126147,-11.436250274246722,99.39919697890993,-25.597969175626393,38.051472346009305,75.50857371077058,-65.41393031798172,-25.318704430613273,-49.543757794470345,63.980605860947,9.05274728130882,69.4184339658142,21.10484934818846,36.91672001491294,14.215163742394411,-40.8809733223081,-61.797153556228025,-6.395857996045845,9.63451274186072,-13.223512861311784,-46.4024206972002,68.36544505286442,-0.2658156274961841,-31.89903264123611,56.01973802262641,18.545781157148756,40.669630273427785,13.065651270415595,27.658193985797073,36.70636144473809,15.006947029294613,11.172691387451835,-15.780584827690511,47.32682906196255,-18.983473634358706,-29.13946602825701,4.205380158901134,0.6118176634036073,25.36348517847989,14.25859799233994,22.536894437953535,-46.989077664886565,-61.69874900898547
-169.78320281324633,61.68631501675131,258.0117253840046,33.65409083309095,-289.85558660956013,74.48606044339338,-111.99777003591578,-220.2741286026872,191.22897004479043,73.09490212793617,144.61917329459155,-186.62066973141864,-25.668404466295915,-202.7155401919137,-61.2361305796964,-107.16183735442068,-40.8809733223081,119.03325038551539,180.50564225097958,18.336517291917037,-28.650624476223275,38.506421523143985,135.62773721353253,-199.30490501184755,0.3028120425466784,92.88378419284007,-163.82128805034003,-53.730050996933265,-117.90317579443642,-38.52989979300492,-81.55092383049825,-106.83209954769013,-44.07004533252723,-31.684987392781135,45.1593637770736,-138.081970771833,55.184372143933146,85.23843836202522,-11.851558677986683,-2.3533512392284264,-73.90963414360608,-41.53652099323121,-65.3950178346593,137.58297630120651,179.9863828674649
-257.93633647916903,93.26438175302359,392.0938160715393,51.011711983031816,-441.50075420705014,112.92186427593516,-171.5304193412327,-335.716848773324,291.1781828933568,110.06859772078099,220.32884286771557,-283.81909663058343,-37.5375784591834,-308.6803160082836,-92.87179344903775,-162.91131636250978,-61.797153556228025,180.50564225097958,275.68346621531094,27.102186599471256,-44.64037763408916,58.72531755066329,206.62817848052532,-302.9687146154733,0.31046848165659524,141.91123422699974,-249.524448929096,-81.18318276301066,-179.20004010793983,-58.63328956161326,-124.97449893954463,-163.21712627084995,-68.43040631654837,-47.95858145149164,68.12012401465915,-210.84443764986196,83.75977362536348,129.73617732369948,-17.667666230316655,-5.1407660218988545,-112.41709376469872,-63.00307813286621,-99.18076164991895,209.50598100132984,273.88068909388033
-25.96734824071909,9.568606781524538,39.56506937291057,5.140990384484327,-44.04137147445777,11.500481590474157,-16.548321844350326,-33.345145037461684,29.019739713970058,11.53943946671424,21.937897587952094,-28.471398413399836,-4.517196811566368,-30.78371977943436,-9.429913830467084,-16.477105815506302,-6.395857996045845,18.336517291917037,27.102186599471256,3.1088403835198952,-3.957211231678788,5.796754861024465,20.52939637574886,-30.48278041434236,0.13335845484656195,13.866683980762197,-24.826167744911533,-8.428564529953306,-18.070078225311963,-5.81131829630048,-12.014317533700748,-16.046724130683472,-6.1785310268813465,-4.9545646597511155,7.176381510289582,-20.762778326422374,8.476920006827084,12.99509963766397,-1.9831187023841594,0.20081489951794354,-11.292161322612857,-6.383397943207355,-10.077420483938633,20.865208910510603,27.454454660811372
41.15353115490429,-14.582035736902107,-62.59635868304004,-8.084399173053269,71.00453167512254,-17.871625073639045,28.051537274997717,54.01525743420022,-46.834803008561586,-17.09654230264857,-35.43705481127568,45.50934095510377,5.264113397065449,49.639891998389764,14.736487453236146,26.078562668245993,9.63451274186072,-28.650624476223275,-44.64037763408916,-3.957211231678788,7.707040612221163,-9.514722132678965,-33.25083283625399,48.4134459981268,0.13149919586445671,-23.03704293346604,40.18668666906742,12.7450515372579,28.57986162498474,9.445494688732081,20.46085918495164,26.420612795549246,11.621560548600435,7.51944038847396,-10.627086713862289,34.13865964206175,-13.262499589758901,-20.903276465532567,2.614378022146395,1.60527078208419,17.984823705555222,10.008263707717568,15.690050584764084,-33.70794234816997,-43.954619208967465
-55.10882304009176,19.801932230556854,83.74723550106151,10.739080810240605,-94.22671956719981,24.041488823830676,-36.348277402178326,-71.52070066470523,62.03643450138954,23.629065843096623,46.93801097355462,-60.62603692858429,-8.06154693866019,-65.82522516420829,-19.88077984755616,-34.968615627272484,-13.223512861311784,38.506421523143985,58.72531755066329,5.796754861024465,-9.514722132678965,12.623716762750762,43.981896560425554,-64.57350478597117,0.04807326895828235,30.408519775053893,-53.173547040447275,-17.38845176780549,-38.37722109852017,-12.411401791156148,-26.41496306919337,-34.866659488352205,-14.630878309456175,-10.467275576944687,14.77455096441832,-45.00148191071929,17.79662891375317,27.71491972864395,-3.8113765031045985,-1.119812218295876,-23.96303621733448,-13.435679529352974,-21.148622412694344,44.559015544156615,58.45461371436747
-193.61266419248417,70.20495953997468,294.20618765247553,38.474177114219074,-331.09086107657754,84.86589054254691,-128.65579917929944,-251.79960683127797,218.53694922676618,82.80480349664225,165.28230593036469,-212.98258583651602,-28.50302177591489,-231.6011436789459,-69.72008727766509,-122.07210626302744,-46.4024206972002,135.62773721353253,206.62817848052532,20.52939637574886,-33.25083283625399,43.981896560425554,155.0688437333412,-227.440555904168,0.217727219515591,106.2628128421823,-187.25369919501486,-61.002139113077334,-134.35703305927296,-44.120474582953584,-93.76680295748197,-122.21084143820767,-50.9566715417632,-35.83014934429449,51.04087831449692,-157.97698623686367,62.93363327294862,97.334402008855335,-13.279549643006154,-3.4178274569991687,-84.36022212176758,-47.34368287177767,-74.49212254919885,157.30233509733822,205.47501678648234
284.39957515985634,-103.07257282982418,-432.5146101619839,-56.27231260732606,486.2454745128469,-124.72077857261979,188.05438736564625,369.4750562253003,-320.6772342838225,-122.05565324697533,-242.59141575358228,312.8511001287539,42.538652714348615,339.96989245121694,102.51453723186621,179.78036135198724,68.36544505286442,-199.30490501184755,-302.9687146154733,-30.48278041434236,48.4134459981268,-64.57350478597117,-227.440555904168,334.078076972209,-0.4443310716968856,-155.7849466226142,274.7421234047699,89.92526020238026,197.60379353700597,64.54278537661826,136.9508542003558,179.33925391047626,74.32576831706899,53.01164640580712,-75.58784810746988,231.76617549433635,-92.40545751759565,-143.0218236429809,19.7820334901861,4.568479536593825,123.92802281952972,69.53703598899463,109.47904035984715,-230.72451357098032,-301.8743660653433
-0.43940020868524676,0.2971130570866595,0.6532675902324205,0.042448032723293457,-0.5474186894756844,0.2306160134129566,-0.003920286718218575,-0.47006224013155734,0.25580341196740497,0.3299310563921401,0.2718125085072631,-0.30927640694352665,-0.26919421886432626,-0.31498065068384135,-0.19827325882368715,-0.2550024894627818,-0.2658156274961841,0.3028120425466784,0.31046848165659524,0.13335845484656195,0.13149919586445671,0.04807326895828235,0.217727219515591,-0.4443310716968856,0.18173357860879924,0.17884995294934905,-0.19418248819278788,-0.18602916110501766,-0.40231045996081494,0.018665268566233413,0.0099041954983180025,-0.26716747226381943,0.025707752478762603,-0.25657132501872715,0.25308225134837137,-0.2427673954765196,0.2145646895903085,0.04399749539149462,-0.14148063753385143,0.20828712850514633,-0.17336328778618457,-0.10217211295714512,-0.25541718929681373,0.1485241394066607,0.30872598600790097
-132.96946072893485,47.98162769427166,201.80119264940873,26.098916778445886,-227.21558297689165,58.03199608724759,-88.1278655815789,-172.75180417714728,149.7372157500219,56.857103621322594,113.3016976532414,-146.12836548898807,-19.21496180423833,-158.81297201381082,-47.925764313832914,-83.97311888508828,-31.89903264123611,92.88378419284007,141.91123422699974,13.866683980762197,-23.03704293346604,30.408519775053893,106.2628128421823,-155.7849466226142,0.17884995294934905,73.4725189913231,-128.33824743084008,-41.784672326057134,-92.46988389593672,-30.06637120614434,-64.12334363799086,-84.18999621556314,-35.468540553168495,-25.07719349867826,35.29395384066086,-108.63971260235608,43.05369972186635,66.68400616368432,-9.100019847376329,-2.7494331722536574,-57.80297553131319,-32.43329592577145,-51.074380634861996,107.61169514948502,140.86913866910308
233.85968443463472,-84.63751108237592,-355.5266746638964,-46.35671799451175,400.0666407311414,-102.47595888071459,155.23005297468998,304.081143301947,-263.98517434194076,-100.05695306622607,-199.64361633387304,257.3800502434059,34.484096208066106,279.804061713171,84.22776618083103,147.69734476239336,56.01973802262641,-163.82128805034003,-249.524448929096,-24.826167744911533,40.18668666906742,-53.173547040447275,-187.25369919501486,274.7421234047699,-0.19418248819278788,-128.33824743084008,226.20631069661903,73.7624256872235,162.3559049875018,53.235825674217864,113.09024627003296,147.61709724833975,61.528857835124484,43.36294411545477,-61.832020462291865,190.83834129833085,-75.93293310110501,-117.71011946886664,16.07095602885203,4.191583963120945,101.9117931455442,57.17278337391923,89.92966026142585,-189.9820565239034,-248.3255463723841
76.60875055826006,-27.72427523414432,-116.67578528446217,-14.988601875549486,130.83088166713773,-33.61539510815089,49.997098611222526,99.19092588154619,-86.11509267451822,-33.19154413652973,-65.16703976294095,84.25174800655853,11.907477545317699,91.37729319099294,27.688726527454698,48.716075756145315,18.545781157148756,-53.730050996933265,-81.18318276301066,-8.428564529953306,12.7450515372579,-17.38845176780549,-61.002139113077334,89.92526020238026,-0.18602916110501766,-41.784672326057134,73.7624256872235,24.429670539217494,53.379157440480654,17.205819332565905,36.32872867236379,48.15954209070152,19.66269753489924,14.556660027644337,-20.778432978809484,62.20341263763024,-24.844350389844767,-38.53602507420453,5.503533100859735,0.9091980204440424,33.36323397102332,18.726111509704605,29.51634351327448,-61.88286761655227,-81.29807411237476
168.4685674392273,-60.85125631829596,-256.2874837819282,-32.91990981847773,287.91612263831587,-73.73444325895439,110.66421926439665,218.55299690431994,-189.4942056049217,-72.5227391426584,-143.46442739177803,185.21116960660316,25.319407134188705,201.07694436371602,60.822182342245775,106.91926994026954,40.669630273427785,-117.90317579443642,-179.20004010793983,-18.070078225311963,28.57986162498474,-38.37722109852017,-134.35703305927296,197.60379353700597,-0.40231045996081494,-92.46988389593672,162.3559049875018,53.379157440480654,117.39116000337779,37.86875010936311,80.44895468806328,106.37777594220074,44.10297334813598,32.01307403971297,-45.34927285333806,137.26911015139947,-54.60648827236207,-84.62283449291674,11.887937105948273,2.7735187043919374,73.33497140627604,41.11845448292452,64.83862733528001,-136.14892174917117,-178.69123365675097
54.89949400594107,-20.0650395506641,-83.21362353545945,-11.159687534550832,93.74134925415407,-24.11931738676067,36.85088380449676,71.45461126708334,-62.13074319373009,-23.411129053636085,-46.90121355637558,60.3749651268984,8.016851216695605,65.73357607676581,19.725235374433268,34.26319955389474,13.065651270415595,-38.52989979300492,-58.63328956161326,-5.81131829630048,9.445494688732081,-12.411401791156148,-44.120474582953584,64.54278537661826,0.018665268566233413,-30.06637120614434,53.235825674217864,17.205819332565905,37.86875010936311,12.721271044991317,26.930875411495077,34.511878202330806,14.384807597695714,9.841888449254006,-14.122260153767202,44.726420451583465,-17.906789407226302,-27.56998974520907,3.6509013458751154,0.8618191203155163,23.90991376303462,13.467522450227955,21.12592322697556,-44.81825925012992,-58.19668057890657
116.4389245767995,-42.374728561220614,-176.60316399086338,-23.545059157557002,199.32009915451474,-51.05621776032019,78.60914829579666,152.01436426695017,-131.95727854581065,-49.26630713128011,-99.72506843627745,128.12615517088804,16.42735867837711,139.65762706377316,41.786373111488075,72.79241199987773,27.658193985797073,-81.55092383049825,-124.97449893954463,-12.014317533700748,20.46085918495164,-26.41496306919337,-93.76680295748197,136.9508542003558,0.0099041954983180025,-64.12334363799086,113.09024627003296,36.32872867236379,80.44895468806328,26.930875411495077,57.46341618756898,73.65900283296934,31.151453345708497,20.928698183359433,-29.85825746940589,95.33412183970881,-37.96789737683794,-58.52103645457335,7.662405657839502,2.4901098443832654,50.775620745796715,28.50706348549215,44.76838616260356,-95.15981919633009,-123.59832410672958
152.80151919739674,-55.10282093856596,-232.37711211217263,-29.960076946246822,261.56098981961406,-66.80980952845772,101.21199368335292,198.75007580959007,-172.25464570123341,-65.30004890062715,-130.4207082823758,168.09509805624546,22.277565624546106,182.7227665586709,55.06826538284735,96.80141264323511,36.70636144473809,-106.83209954769013,-163.21712627084995,-16.046724130683472,26.420612795549246,-34.866659488352205,-122.21084143820767,179.33925391047626,-0.26716747226381943,-84.18999621556314,147.61709724833975,48.15954209070152,106.37777594220074,34.511878202330806,73.65900283296934,96.81800954670175,40.62375208098445,28.77161684651354,-40.70118436094892,124.94021181537975,-49.54294524182841,-76.82413423887488,10.569342104476112,3.1416664681870565,66.56936432364054,37.27633672185708,58.74466955359109,-123.82624276480516,-162.2193209109955
63.358589607305824,-22.577957957351487,-96.2268200220503,-12.358480133890087,108.92434484072791,-27.50435454614196,42.763773662196414,82.90185892555834,-71.73072039589442,-26.542558705857445,-54.33365545766932,69.82362585227477,8.324506408359847,76.08568497122414,22.747857360329757,40.099470313101854,15.006947029294613,-44.07004533252723,-68.43040631654837,-6.1785310268813465,11.621560548600435,-14.630878309456175,-50.9566715417632,74.32576831706899,0.025707752478762603,-35.468540553168495,61.528857835124484,19.66269753489924,44.10297334813598,14.384807597695714,31.151453345708497,40.62375208098445,17.74051755594317,11.850356080438688,-16.555041844860366,52.369805482890555,-20.449429523278557,-31.936817009855694,4.13713776841869,2.211969127514493,27.612958222962455,15.39612113325334,24.22626729309698,-51.555058113477735,-67.38783964913755
45.462432891310726,-16.245347807883267,-69.23361845365248,-8.47191618880998,77.47961156900367,-19.768677715263944,29.000006745241258,58.566348117060066,-50.61204176591234,-19.879700838826082,-38.41853337543605,49.84663315950755,7.0800304462101264,53.88973485307445,16.524062902107094,29.27809090890263,11.172691387451835,-31.684987392781135,-47.95858145149164,-4.9545646597511155,7.51944038847396,-10.467275576944687,-35.83014934429449,53.01164640580712,-0.25657132501872715,-25.07719349867826,43.36294411545477,14.556660027644337,32.01307403971297,9.841888449254006,20.928698183359433,28.77161684651354,11.850356080438688,9.273701574708962,-12.864096918516204,36.93002991997514,-14.605551433203216,-22.720748438639333,3.40833138334012,0.6847938186608761,19.70157149117746,11.03097584334344,17.495290212800068,-36.16813687696023,-48.05594867357709
-64.54949743342729,23.07173369930808,98.5921893067372,12.176906739577362,-110.30151539234647,28.2046706996521,-41.30850877170545,-83.28124884791562,72.18039850679942,28.20743718144259,54.73019095500797,-71.00260433759641,-10.258188864118718,-76.78600382086597,-23.429012032462165,-41.657948838054494,-15.780584827690511,45.1593637770736,68.12012401465915,7.176381510289582,-10.627086713862289,14.77455096441832,51.04087831449692,-75.58784810746988,0.25308225134837137,35.29395384066086,-61.832020462291865,-20.778432978809484,-45.34927285333806,-14.122260153767202,-29.85825746940589,-40.70118436094892,-16.555041844860366,-12.864096918516204,18.18662907648213,-52.40221359123994,20.777060729898587,32.513440135271395,-4.8429844627210805,-0.8259631576164769,-28.082025295043753,-15.708304450919682,-24.842497001277774,51.68226232739246,68.5403454190518
197.38007767968554,-71.21977794422865,-300.1570389646952,-38.848385874671294,337.8944137767254,-86.35197443653067,130.94052958895278,256.7705030474315,-222.6878556628411,-84.31873815791704,-168.53053465190067,217.22000174103957,28.798724980653887,236.14876119466106,71.10508074535188,124.92963621713733,47.32682906196255,-138.081970771833,-210.84443764986196,-20.762778326422374,34.13865964206175,-45.00148191071929,-157.97698623686367,231.76617549433635,-0.2427673954765196,-108.63971260235608,190.83834129833085,62.20341263763024,137.26911015139947,44.726420451583465,95.33412183970881,124.94021181537975,52.369805482890555,36.93002991997514,-52.40221359123994,161.34686867132757,-64.01167795545778,-99.32574680874876,13.59059282666276,3.9825056764071585,86.01099724023634,48.18375489600149,75.86690465223826,-160.15047568251802,-209.61816143326936
-78.70442003045407,28.74025186216399,119.50559778724715,15.703067364554537,-134.28627273060906,34.57057449492084,-52.08211884308469,-102.20620452620182,88.65094585490726,33.832614184881024,67.06625819838258,-86.41096498583362,-11.853902720079185,-93.94477822225366,-28.36997400597111,-49.47574878939057,-18.983473634358706,55.184372143933146,83.75977362536348,8.476920006827084,-13.262499589758901,17.79662891375317,62.93363327294862,-92.40545751759565,0.2145646895903085,43.05369972186635,-75.93293310110501,-24.844350389844767,-54.60648827236207,-17.906789407226302,-37.96789737683794,-49.54294524182841,-20.449429523278557,-14.605551433203216,20.777060729898587,-64.01167795545778,25.66864410829707,39.39835094666866,-5.476924584791636,-1.0448201539585398,-34.26552886686075,-19.266081202559896,-30.36485551577194,63.81550438175339,83.3451407343468
-121.6580428051911,43.78679973948737,185.32165022566053,23.910679955493386,-208.44052058098836,53.29155555108769,-80.42286417689171,-158.1379222148302,137.35963849116675,52.12254278012256,103.90145251082015,-134.09844539903446,-18.097171083556166,-145.66842480565776,-43.84649792077687,-77.30322136705239,-29.13946602825701,85.23843836202522,129.73617732369948,12.99509963766397,-20.903276465532567,27.71491972864395,97.334402008855335,-143.0218236429809,0.04399749539149462,66.68400616368432,-117.71011946886664,-38.53602507420453,-84.62283449291674,-27.56998974520907,-58.52103645457335,-76.82413423887488,-31.936817009855694,-22.720748438639333,32.513440135271395,-99.32574680874876,39.39835094666866,61.47317713746735,-8.454894363594766,-2.2549459738327573,-53.07163283743901,-29.72017972315226,-46.73594352784482,98.7992715264447,129.45404385482766
16.876223582719927,-6.114779835519825,-25.831474608849234,-3.1876096404436316,28.750716633427178,-7.430044245092854,10.60697795798481,21.69737166110927,-18.782386092450412,-7.488480624916311,-14.264364310716013,18.51075367603523,2.894887147319929,19.99252656973356,6.146601707988059,10.90705260720535,4.205380158901134,-11.851558677986683,-17.667666230316655,-1.9831187023841594,2.614378022146395,-3.8113765031045985,-13.279549643006154,19.7820334901861,-0.14148063753385143,-9.100019847376329,16.07095602885203,5.503533100859735,11.887937105948273,3.6509013458751154,7.662405657839502,10.569342104476112,4.13713776841869,3.40833138334012,-4.8429844627210805,13.59059282666276,-5.476924584791636,-8.454894363594766,1.3427685778524574,0.011287755697721592,7.350192827095322,4.117323389165997,6.54495971053326,-13.445900035053162,-17.88764389386196
3.773376752870809,-0.786382488805281,-5.992416573728163,-0.4955963070310424,7.544593736891345,-1.3974639998466551,3.418904082324863,5.685559131327699,-4.7965912047581565,-0.863795212880344,-3.7106568542398963,4.538427106617084,-0.6005288946983208,5.1452495983354245,1.2505574006572302,2.770683553026518,0.6118176634036073,-2.3533512392284264,-5.1407660218988545,0.20081489951794354,1.60527078208419,-1.119812218295876,-3.4178274569991687,4.568479536593825,0.20828712850514633,-2.7494331722536574,4.191583963120945,0.9091980204440424,2.7735187043919374,0.8618191203155163,2.4901098443832654,3.1416664681870565,2.211969127514493,0.6847938186608761,-0.8259631576164769,3.9825056764071585,-1.0448201539585398,-2.2549459738327573,0.011287755697721592,1.4513157385313247,1.7549660858894325,0.8203462224906262,1.2461981157535607,-3.4107027538535126,-4.506861116155842
105.48729683216983,-38.19103348706274,-160.48453199116904,-20.829964595257227,180.43314556990117,-46.25170931984378,69.73393576819852,137.076688313974,-118.94930357674168,-45.252036627476215,-90.00416072530261,116.0621593849499,15.756024280055465,126.12334672523394,38.025274815842735,66.75476323312562,25.36348517847989,-73.90963414360608,-112.41709376469872,-11.292161322612857,17.984823705555222,-23.96303621733448,-84.36022212176758,123.92802281952972,-0.17336328778618457,-57.80297553131319,101.9117931455442,33.36323397102332,73.33497140627604,23.90991376303462,50.775620745796715,66.56936432364054,27.612958222962455,19.70157149117746,-28.082025295043753,86.01099724023634,-34.26552886686075,-53.07163283743901,7.350192827095322,1.7549660858894325,45.979626027046365,25.783494513100074,40.60355624826506,-85.5703777588514,-112.01052141379104
59.251202416995774,-21.551655739200687,-89.98413802021221,-11.772867713384757,101.11185748977218,-25.992170777162404,39.138312451386135,76.87467693382415,-66.73754418774361,-25.49578326522802,-50.46178420437921,65.10519276260614,8.926118338330108,70.73396756818293,21.364611875722698,37.33335030003073,14.25859799233994,-41.53652099323121,-63.00307813286621,-6.383397943207355,10.008263707717568,-13.435679529352974,-47.34368287177767,69.53703598899463,-0.10217211295714512,-32.43329592577145,57.17278337391923,18.726111509704605,41.11845448292452,13.467522450227955,28.50706348549215,37.27633672185708,15.39612113325334,11.03097584334344,-15.708304450919682,48.18375489600149,-19.266081202559896,-29.72017972315226,4.117323389165997,0.8203462224906262,25.783494513100074,14.498796286902252,22.82190519937285,-48.022643493009774,-62.77702127757788
93.31297310726936,-33.97166799343543,-141.74628414074866,-18.479871461482638,159.19716776760632,-40.93910574806291,61.48402184115267,121.04275095316831,-104.98542249119974,-40.20372733607637,-79.4369639139949,102.4635136077551,14.127886230342096,111.30965254781835,33.668484466440965,58.842376403880174,22.536894437953535,-65.3950178346593,-99.18076164991895,-10.077420483938633,15.690050584764084,-21.148622412694344,-74.49212254919885,109.47904035984715,-0.25541718929681373,-51.074380634861996,89.92966026142585,29.51634351327448,64.83862733528001,21.12592322697556,44.76838616260356,58.74466955359109,24.22626729309698,17.495290212800068,-24.842497001277774,75.86690465223826,-30.36485551577194,-46.73594352784482,6.54495971053326,1.2461981157535607,40.60355624826506,22.82190519937285,35.97846611792176,-75.5152925073566,-98.8167631509817
-196.29658774560542,71.17747097061282,298.37950397286005,39.088712684332535,-335.793043962754,86.09529602372602,-130.5357379773328,-255.33930314690537,221.7227780080565,83.93519442208407,167.64945148771957,-216.04060531625262,-28.963109122946584,-234.93786809868413,-70.66768483002024,-123.77472628744421,-46.989077664886565,137.58297630120651,209.50598100132984,20.865208910510603,-33.70794234816997,44.559015544156615,157.30233509733822,-230.72451357098032,0.1485241394066607,107.61169514948502,-189.9820565239034,-61.88286761655227,-136.14892174917117,-44.81825925012992,-95.15981919633009,-123.82624276480516,-51.555058113477735,-36.16813687696023,51.68226232739246,-160.15047568251802,63.81550438175339,98.7992715264447,-13.445900035053162,-3.4107027538535126,-85.5703777588514,-48.022643493009774,-75.5152925073566,159.6443992205937,208.45104241236925
-256.9362108603477,92.7873454485938,391.0531352783292,50.59947596546604,-439.7362760371392,112.58358474890245,-169.8082194691151,-333.8921561594754,289.8123904914238,110.17039023477679,219.27445556751238,-282.86569907030713,-38.27799364650486,-307.3302775336674,-92.61941504607834,-162.86932644319737,-61.69874900898547,179.9863828674649,273.88068909388033,27.454454660811372,-43.954619208967465,58.45461371436747,205.47501678648234,-301.8743660653433,0.30872598600790097,140.86913866910308,-248.3255463723841,-81.29807411237476,-178.69123365675097,-58.19668057890657,-123.59832410672958,-162.2193209109955,-67.38783964913755,-48.05594867357709,68.5403454190518,-209.61816143326936,83.3451407343468,129.45404385482766,-17.88764389386196,-4.506861116155842,-112.01052141379104,-62.77702127757788,-98.8167631509817,208.45104241236925,273.0085627381532
