V1,V2,V3,V4,V5,V6,V7,V8,V9,V10,V11,V12,V13,V14,V15,V16,V17,V18,V19,V20,V21,V22,V23,V24,V25,V26,V27,V28,V29,V30,V31,V32,V33,V34,V35,V36,V37,V38,V39,V40,V41,V42,V43,V44
0.1550500323188159,-0.09942422460051831,0.441524279636403,0.12211484666003891,0.06259140657682784,0.13572964694995426,0.3148285770386919,0.5091680912884611,0.057135391257184476,-0.26104345035020926,-0.2799261813077974,-0.13336982454314003,-0.3268013754675769,-0.14365356639963497,-0.027687396362280414,-0.07967414470149861,-0.0856510875784462,-0.34292167282950436,-0.40209285513129833,-0.035183147726280284,0.23188269416427942,-0.0815527933405327,0.3127155019170741,0.06840853958594205,0.3719880172975109,0.25793305259438887,0.0859174396840785,0.22858020077208807,-0.39433059499923273,0.40524187500425035,-0.3525196033853151,0.4991175971239696,0.2571078899274879,0.01784282934308152,0.05928675901874795,-0.0683243920505518,-0.09122761238658517,0.5234822303595483,0.05108775828355124,-0.18803831171179974,0.18061132326378243,-0.41677457248279903,-0.4511010444371698,0.03545010998341838
-0.09942422460051831,0.41993042443483425,-0.7832006311588506,-0.0509537204327373,-0.35166130428690917,-0.5397316852666717,0.32980346064589244,-0.987902413747917,0.0531248909254645,0.4176376198615356,0.9561522226328115,0.00802758109333987,0.2216220060405462,0.08412114533207894,0.8814121181798235,0.26116514485700576,-0.5520783142172617,0.8951248303620701,0.9151501642485681,0.29146767996550715,-0.3914267743883992,-0.20313124161316215,-0.37321467382663764,-0.8196088377786016,-1.002071636616949,-0.17377585401243467,0.2256642709268027,-0.28483496705033573,0.5329394113553542,-0.7895026093927302,0.3064568562673127,-0.7239218430397917,-0.3774385311726947,0.5357076384082843,-0.4624354382010716,0.04004717331136219,-0.03876603972686083,-0.8027756665230497,-0.3475925380201146,0.37012942744794924,-0.41234372945816616,-0.046682080401649895,0.687166665618781,0.019307954246994937
0.441524279636403,-0.7832006311588506,2.5859198404009627,0.5510578241278036,0.8152420649219002,0.9901031212673267,1.097188589951836,3.09683542942989,0.7040666735907676,-2.0187808913569194,-1.8239306223520304,-0.5830506568371774,-1.5292617538352813,-0.7341353568734481,-0.8718959790740071,-0.338181439058125,0.009856222748434383,-2.105522614618868,-2.6480715043445127,-0.2794048323773689,1.461532606705444,-0.06638263581294196,1.4205277921463038,1.0605710911966364,2.445672109275072,1.6467683308357288,0.3228226232020269,1.3793118231977897,-2.0902740555672086,2.2900168599752515,-2.030514100069609,2.6045717538447355,1.1379565864030323,-0.4444218755170267,0.5814929623188583,0.035962854485251786,-0.35347206438665524,3.1443910013385046,0.23465508920065115,-1.1019553753293678,1.256106004137466,-1.580375733272064,-2.642361449030398,0.11418969711901242
0.12211484666003891,-0.0509537204327373,0.5510578241278036,0.229304195481271,0.09093582019370884,0.1614691733418996,0.6111077391541578,0.6118439284453863,0.25565464584403186,-0.5919765081745193,-0.19714138143487317,-0.26835469503330533,-0.49536178180813034,-0.2287438229690073,0.09760237292364454,-0.07447422783208137,-0.35591004362857265,-0.34843801753618836,-0.5173647226815329,-0.030141446124988102,0.37076475336140113,-0.1644294986018912,0.3459887083903645,-0.1410786931058584,0.39414841220304425,0.511967011993465,0.2311277240299536,0.4137385848170424,-0.534082327435029,0.4289713949769377,-0.603571802005457,0.677276746578292,0.30992255033202637,0.10101205266451903,0.002637848797262552,-0.04458149011525024,-0.2229094553082602,0.7307666381870953,-0.06656627449675472,-0.23932482446520298,0.2765312888479365,-0.6069882313041083,-0.6615475181905565,0.056180019983795626
0.06259140657682784,-0.35166130428690917,0.8152420649219002,0.09093582019370884,0.3934529458127772,0.4242549508343402,-0.01726124967913664,1.0319912722761186,0.19298704676187353,-0.5912409159372107,-0.7595373662339158,-0.05266188633358829,-0.3278519869451683,-0.14945742345704754,-0.5760005418466938,-0.11214343724349192,0.29871130234986093,-0.7731495949965247,-0.8847271154315579,-0.14363977664777994,0.4465088822362447,0.13629826634327774,0.3676034482396162,0.6641513452299317,0.9075149725399668,0.4059701440675119,-0.035279802965776555,0.4079693477557183,-0.5777465696913995,0.764399692445255,-0.5213436991291682,0.7268074732151255,0.2788052988465268,-0.39114791621668155,0.3188594191612806,0.09067226051939946,-0.013098642155832509,0.9653215570389738,0.17436955317149075,-0.35632073717814366,0.4512195214610273,-0.19301982424579375,-0.7570700304161577,-0.01772318663218306
0.13572964694995426,-0.5397316852666717,0.9901031212673267,0.1614691733418996,0.4242549508343402,1.0638303332288335,-0.6732098413777792,1.2153224710814179,-0.2822250149392247,-0.6422518516176908,-1.4882801685985154,-0.09095855384457883,-0.2650873457883876,-0.05955643416509162,-1.6299977007653392,-0.6583164247288568,0.7663232862536523,-1.3634194165090365,-1.3344041183502429,-0.6992235034118283,0.5884767898987041,0.2804178729396329,0.4601452063752795,1.0054932978104374,1.4790240730437478,0.0406655199237758,-0.49237468232895254,0.4136706462300522,-0.742800440080177,1.0559225560686454,-0.26003239098570685,1.1968437046155258,0.8074359285300698,-0.8847286730152311,0.7832779044400878,-0.2817385396089898,-0.027198748283862526,0.858677063292777,0.6790742629920311,-0.5507128443266118,0.6266539621819901,0.3967858329670775,-0.9359408561307019,-0.034667895856942736
0.3148285770386919,0.32980346064589244,1.097188589951836,0.6111077391541578,-0.01726124967913664,-0.6732098413777792,3.0730198959488955,1.1566282408718187,1.3934701426978087,-1.4695149976605557,0.8690392298665957,-0.812571731174215,-1.5760483176874032,-0.8180148342432353,2.279425216200297,0.6244267723843389,-2.079492995985063,0.1747167283826608,-0.5227950263057559,0.8235744109181921,0.7471073678234804,-0.8720174149896456,0.845283630648185,-1.3979359557167368,-0.07815009610965334,1.9777615964867712,1.4719292974455915,1.107323550627361,-1.2179886783106497,0.5753354403661095,-2.0805483132214255,1.1659872735908732,0.12568184533524682,1.356122862343837,-0.8958544948336137,0.31333355494971954,-0.7053125124929354,2.0121236849572792,-1.0530522192305132,-0.2961788523248619,0.37227520832938155,-2.8597071407970365,-1.482040628810796,0.22630602114519524
0.5091680912884611,-0.987902413747917,3.09683542942989,0.6118439284453863,1.0319912722761186,1.2153224710814179,1.1566282408718187,3.7491276956884882,0.8243283676843292,-2.384744039745652,-2.2574617146771367,-0.6143233114369876,-1.772157948136336,-0.8335571153775377,-1.122687461847303,-0.3750164880036193,0.15372512109581557,-2.5587333602083935,-3.154524387714559,-0.33683226800153404,1.7241822059336365,-0.0010345735575413473,1.6744566289513738,1.415566070638541,2.974219821669481,1.9198023276868057,0.35468812478668843,1.684174809481428,-2.472919921603936,2.7699161748915335,-2.369152908001643,3.057887496154977,1.3040585862429936,-0.6620458421957615,0.7447525904061739,0.08214153853890009,-0.40181694311180693,3.775913452779095,0.30028238043189837,-1.3137792011460887,1.534945700204071,-1.7863521446780928,-3.10147763329689,0.10124162794966567
0.057135391257184476,0.0531248909254645,0.7040666735907676,0.25565464584403186,0.19298704676187353,-0.2822250149392247,1.3934701426978087,0.8243283676843292,0.913097269084079,-0.953592845977948,0.3036812224522177,-0.31979651545408144,-0.7322312759717364,-0.433156184471712,0.9298755909213071,0.4309974394011114,-0.8642366167639577,-0.006846896870550135,-0.5028371816739681,0.4724575667599273,0.4790019210419039,-0.28873428708102283,0.3729098984222123,-0.33896312049039573,0.1789497575710297,1.1488332939083852,0.7294303301789812,0.6166443206895378,-0.6443899551388276,0.44482108429294565,-1.1521248074546424,0.5940107713188219,-0.02767972155842767,0.5409234861561162,-0.4172453638945243,0.38086577437934116,-0.2324673104707157,1.2301646930630277,-0.558888502270897,-0.2000226682375387,0.3058654665227129,-1.2923450240657273,-0.8446810062737193,0.08566896814967347
-0.26104345035020926,0.4176376198615356,-2.0187808913569194,-0.5919765081745193,-0.5912409159372107,-0.6422518516176908,-1.4695149976605557,-2.384744039745652,-0.953592845977948,2.153588789153576,0.9880032152149825,0.6497435359320303,1.4549397282491734,0.6976395559158453,0.14882579790896677,0.10540680627142988,0.6015978040233652,1.3831977396946584,1.996829302130344,0.09310101698988443,-1.2681949459911095,0.21697964286433408,-1.0535820348217453,-0.22668950028728532,-1.6699267968498799,-1.7456457644284673,-0.6527201536957054,-1.4679587753898546,1.763818479659926,-1.6363832959889193,1.95141921470364,-2.131028937536028,-0.8461329266196315,0.11218518841071903,-0.1959679252762643,-0.11374380101549902,0.5850975277958453,-2.6735641161629684,0.21728569244374404,0.8319685911771607,-1.0772940930997363,1.5962057323977223,2.219907406017247,-0.11678817085809529
-0.2799261813077974,0.9561522226328115,-1.8239306223520304,-0.19714138143487317,-0.7595373662339158,-1.4882801685985154,0.8690392298665957,-2.2574617146771367,0.3036812224522177,0.9880032152149825,2.401172019622454,0.10670051688741951,0.5285297483142306,0.19017716025250597,2.369281231522942,0.8494509737743239,-1.2880603638491452,2.2313981917752574,2.267604403116193,0.8899881161137321,-0.9708080229303183,-0.4413803910895584,-0.8961413186258207,-1.8437472014897756,-2.4663071896415194,-0.27261382850689664,0.6761278219325757,-0.6284493925531134,1.3014979537739146,-1.8872731305107104,0.6344361438624734,-1.9154311321192277,-1.1584239967692354,1.290488732554349,-1.1805495056267747,0.28211810904274714,-0.0674558489399834,-1.7318015701673766,-0.9939657603985377,0.9151428943785105,-0.9913099738121902,-0.27011288187899263,1.6646196795375225,0.028722472337446438
-0.13336982454314003,0.00802758109333987,-0.5830506568371774,-0.26835469503330533,-0.05266188633358829,-0.09095855384457883,-0.812571731174215,-0.6143233114369876,-0.31979651545408144,0.6497435359320303,0.10670051688741951,0.35715349067922814,0.5672185988714309,0.29713993706775016,-0.21713253459766457,0.06290198192723305,0.5013293280710398,0.3062025500698197,0.5684137633375737,-0.013476653042549185,-0.4065156547262261,0.24388015427612456,-0.3831627976446882,0.2645614126306412,-0.35905171049961654,-0.620631012252578,-0.28716393578628346,-0.3745801476368589,0.5800864486089086,-0.4155709852768107,0.7146651517950497,-0.7310269777659854,-0.3371725598006842,-0.26141244110585754,0.0662827209709449,0.04331641879819612,0.22619134411829758,-0.7798313164403106,0.12145939377796168,0.2430146976642211,-0.2447357124731403,0.7630881478465745,0.761819899525803,-0.09874862893076142
-0.3268013754675769,0.2216220060405462,-1.5292617538352813,-0.49536178180813034,-0.3278519869451683,-0.2650873457883876,-1.5760483176874032,-1.772157948136336,-0.7322312759717364,1.4549397282491734,0.5285297483142306,0.5672185988714309,1.3046662849279678,0.572130153446724,-0.46416962489311125,-0.0027349973970805536,0.7721593359953715,0.9201473381432084,1.268563632604187,-0.08367521811508817,-0.9046524399967845,0.3640822471934004,-0.9572127722759318,0.15866204388371885,-1.0322163064430714,-1.3923615925502737,-0.6924832679676655,-1.151941134424955,1.3954368225354103,-1.1925994087512433,1.6226271165712465,-1.6134790565705546,-0.5819090582282155,-0.17655151124314922,-0.002055134313491281,-0.0228900213454925,0.5672281505649022,-2.121029413519092,0.26717666558795417,0.6019382561355504,-0.7314937330366573,1.739609963005569,1.691183797990058,-0.1064691984832137
-0.14365356639963497,0.08412114533207894,-0.7341353568734481,-0.2287438229690073,-0.14945742345704754,-0.05955643416509162,-0.8180148342432353,-0.8335571153775377,-0.433156184471712,0.6976395559158453,0.19017716025250597,0.29713993706775016,0.572130153446724,0.3534418541512253,-0.17116149802209576,-0.0525413207746688,0.39305629206821324,0.3685030937393136,0.7455650535689659,-0.12113326537326906,-0.4604132652194288,0.17855469093508788,-0.4315678476194351,0.008805445791867877,-0.513726477250831,-0.7363029016167534,-0.3093625842140809,-0.3753192665509685,0.6524029034157037,-0.5910281587879266,0.8115937073881735,-0.7747509400142082,-0.3030300186286137,-0.2708117824259588,0.09607471145425281,-0.09782237294316815,0.10064505554219239,-0.9790760870584054,0.13966191787264576,0.28145596731308076,-0.29398209929714764,0.8237272896863317,0.8497746447022874,-0.10114798777054937
-0.027687396362280414,0.8814121181798235,-0.8718959790740071,0.09760237292364454,-0.5760005418466938,-1.6299977007653392,2.279425216200297,-1.122687461847303,0.9298755909213071,0.14882579790896677,2.369281231522942,-0.21713253459766457,-0.46416962489311125,-0.17116149802209576,3.390980887233867,1.1151636323860137,-2.038664950369529,1.8581620494636941,1.8233825083911002,1.205955051039681,-0.4889148842772051,-0.7847578413051394,-0.21354062064352008,-2.1924913568807605,-2.1097360703757646,0.7663761585546629,1.4226617176978622,0.29280979912950245,0.4164531571150848,-1.2202314567395822,-0.5644002194250366,-1.0772096408760747,-1.074119132352194,1.540951545868701,-1.3575033922376523,0.39384528799115187,-0.5943114842780253,-0.1883171991775865,-1.4189680377088152,0.6080698453469567,-0.5651860078715353,-1.8809696130185072,0.6746034067183777,0.05890811558275742
-0.07967414470149861,0.26116514485700576,-0.338181439058125,-0.07447422783208137,-0.11214343724349192,-0.6583164247288568,0.6244267723843389,-0.3750164880036193,0.4309974394011114,0.10540680627142988,0.8494509737743239,0.06290198192723305,-0.0027349973970805536,-0.0525413207746688,1.1151636323860137,0.5629762648551465,-0.525550982152194,0.7340683406553656,0.6067709259092446,0.5565341701316785,-0.21455415324599147,-0.1469877992697717,-0.17637773625255768,-0.48136943394980103,-0.7205129035845351,0.2777421171402254,0.4726295277735912,-0.0033148136452101676,0.251096541971437,-0.41042840115878276,-0.13483643356297967,-0.5628843614958509,-0.5353489567248442,0.5232872771724317,-0.5312804025303732,0.3402453253163426,-0.015407655320830764,-0.08531000394389196,-0.5403454251857116,0.25763036599183414,-0.2213251204458745,-0.4987034722116508,0.34954489753411516,0.002636332271032087
-0.0856510875784462,-0.5520783142172617,0.009856222748434383,-0.35591004362857265,0.29871130234986093,0.7663232862536523,-2.079492995985063,0.15372512109581557,-0.8642366167639577,0.6015978040233652,-1.2880603638491452,0.5013293280710398,0.7721593359953715,0.39305629206821324,-2.038664950369529,-0.525550982152194,1.7368126625367224,-0.8192461517040602,-0.4638870419172208,-0.6569987056796869,-0.14506659260749455,0.6909352823338333,-0.1775484041465979,1.5812528125436813,0.8759519325414586,-1.0199835795680923,-1.0586785181931748,-0.4995454157720839,0.29306243681793964,0.3365060172513883,0.9806575467236249,-0.1360499966731252,0.20310749318852425,-1.1829766415905802,0.8741829818088775,-0.17205247705549778,0.52900249321844794,-0.5185148791513764,0.8978156506100997,-0.1124537803078935,0.08006077060042967,1.6896679140550823,0.32138650269154545,-0.13583421762314796
-0.34292167282950436,0.8951248303620701,-2.105522614618868,-0.34843801753618836,-0.7731495949965247,-1.3634194165090365,0.1747167283826608,-2.5587333602083935,-0.006846896870550135,1.3831977396946584,2.2313981917752574,0.3062025500698197,0.9201473381432084,0.3685030937393136,1.8581620494636941,0.7340683406553656,-0.8192461517040602,2.24199261184951,2.389964693724377,0.7392158228503597,-1.154424566828832,-0.24283696841204036,-1.102488386463492,-1.5020857884023555,-2.4727185903633058,-0.7422790295244315,0.3282869980494854,-0.9516427216364213,1.6092641213397978,-2.0191685701290085,1.1338585668005372,-2.206403324723481,-1.187162000338097,1.0478871756884798,-1.0220184819639817,0.23477236049085887,0.15662706412097696,-2.2442460249120018,-0.7467230720774302,0.9951300223718759,-1.111758888898121,0.38969081033204767,2.0427101399350454,-0.018611574337472143
-0.40209285513129833,0.9151501642485681,-2.6480715043445127,-0.5173647226815329,-0.8847271154315579,-1.3344041183502429,-0.5227950263057559,-3.154524387714559,-0.5028371816739681,1.996829302130344,2.267604403116193,0.5684137633375737,1.268563632604187,0.7455650535689659,1.8233825083911002,0.6067709259092446,-0.4638870419172208,2.389964693724377,3.1676717323399948,0.5375106304321715,-1.5632257837727186,-0.11686925752183872,-1.3486235162325488,-1.5768700327243683,-2.885399467145271,-1.4287218131762205,0.11386196440492335,-1.0195170785400944,2.0712019020410817,-2.482162101318259,1.8046647808141223,-2.796772916413742,-1.4528613690485481,0.5890910333784283,-0.7931421759333929,0.010830857997341877,0.003908355910529157,-2.922355506229304,-0.593783163150632,1.1951199602418088,-1.271088428666696,0.9441302668834928,2.7354550525253103,-0.1568138047990441
-0.035183147726280284,0.29146767996550715,-0.2794048323773689,-0.030141446124988102,-0.14363977664777994,-0.6992235034118283,0.8235744109181921,-0.33683226800153404,0.4724575667599273,0.09310101698988443,0.8899881161137321,-0.013476653042549185,-0.08367521811508817,-0.12113326537326906,1.205955051039681,0.5565341701316785,-0.6569987056796869,0.7392158228503597,0.5375106304321715,0.5963621814742575,-0.16796834458041623,-0.22708245801271135,-0.10677315305357889,-0.559918521345512,-0.7154289525912793,0.3598791420537686,0.5111835642156324,-0.04782590531848442,0.18520582266246652,-0.36886462421407934,-0.24275460848043692,-0.4640828696929783,-0.4720139563855966,0.6806791634968614,-0.5911239814495706,0.32955535607519354,0.004942436483697416,-0.022905433345828462,-0.5463649606533291,0.23281855556491068,-0.24070218832592988,-0.6742519062654464,0.24480176631519965,0.04121830268846543
0.23188269416427942,-0.3914267743883992,1.461532606705444,0.37076475336140113,0.4465088822362447,0.5884767898987041,0.7471073678234804,1.7241822059336365,0.4790019210419039,-1.2681949459911095,-0.9708080229303183,-0.4065156547262261,-0.9046524399967845,-0.4604132652194288,-0.4889148842772051,-0.21455415324599147,-0.14506659260749455,-1.154424566828832,-1.5632257837727186,-0.16796834458041623,0.8927183048607309,-0.08480268216768125,0.7861933057711269,0.48288294316333163,1.3754472924564312,1.0141487988018463,0.21285295158368056,0.7911266077736185,-1.212940830261235,1.281606472426523,-1.2265119699876914,1.5596742322954948,0.7119940569783674,-0.15674704282286214,0.27550689115970456,0.022316699140088905,-0.21297173448998227,1.774827931966568,0.10773070072617072,-0.6380508336503092,0.7255884778085342,-0.9193689304170231,-1.5614797669125584,0.08477433221874954
-0.0815527933405327,-0.20313124161316215,-0.06638263581294196,-0.1644294986018912,0.13629826634327774,0.2804178729396329,-0.8720174149896456,-0.0010345735575413473,-0.28873428708102283,0.21697964286433408,-0.4413803910895584,0.24388015427612456,0.3640822471934004,0.17855469093508788,-0.7847578413051394,-0.1469877992697717,0.6909352823338333,-0.24283696841204036,-0.11686925752183872,-0.22708245801271135,-0.08480268216768125,0.3133205551235124,-0.1485389653801507,0.630622386269409,0.2848820001500625,-0.4031913087040072,-0.3965390540436675,-0.17557873308874355,0.17962460189839474,0.07388497895148212,0.42655498764756117,-0.1508547531624773,0.005062649696001086,-0.491216735591924,0.31263829820140016,-0.007716272052090578,0.21861951893671566,-0.25652638731936245,0.3045899575897733,-0.011010341294009459,0.033118568019160875,0.750919425707301,0.2150572061466455,-0.07369342900515091
0.3127155019170741,-0.37321467382663764,1.4205277921463038,0.3459887083903645,0.3676034482396162,0.4601452063752795,0.845283630648185,1.6744566289513738,0.3729098984222123,-1.0535820348217453,-0.8961413186258207,-0.3831627976446882,-0.9572127722759318,-0.4315678476194351,-0.21354062064352008,-0.17637773625255768,-0.1775484041465979,-1.102488386463492,-1.3486235162325488,-0.10677315305357889,0.7861933057711269,-0.1485389653801507,0.8665118608075345,0.37017989374314064,1.2326667686728607,0.9400051543562247,0.2754850139758425,0.7961008854081878,-1.199158361560975,1.23150587005463,-1.1858627503453099,1.469775133233075,0.6375447618381963,-0.11177224401377511,0.25200736129059265,-0.047186302954424095,-0.28305278898341507,1.7674304977055444,0.08233356605880503,-0.5985364994829545,0.6554406757956585,-1.1280189062340724,-1.4748350316360854,0.07856201561314177
0.06840853958594205,-0.8196088377786016,1.0605710911966364,-0.1410786931058584,0.6641513452299317,1.0054932978104374,-1.3979359557167368,1.415566070638541,-0.33896312049039573,-0.22668950028728532,-1.8437472014897756,0.2645614126306412,0.15866204388371885,0.008805445791867877,-2.1924913568807605,-0.48136943394980103,1.5812528125436813,-1.5020857884023555,-1.5768700327243683,-0.559918521345512,0.48288294316333163,0.630622386269409,0.37017989374314064,2.038743141734341,1.794171437913773,-0.18293889662712154,-0.829701570110186,-0.05169755196748652,-0.5248127627656738,1.2753446836769111,0.014048753181492995,0.8628663548029711,0.5664566085086326,-1.104122096300384,0.9164688348725973,0.038999639260134,0.5446298932186057,0.8114671465853451,0.8901733938327008,-0.5390618520103726,0.5433154896116348,0.8883137931032855,-0.7657667890545377,-0.0651438230045847
0.3719880172975109,-1.002071636616949,2.445672109275072,0.39414841220304425,0.9075149725399668,1.4790240730437478,-0.07815009610965334,2.974219821669481,0.1789497575710297,-1.6699267968498799,-2.4663071896415194,-0.35905171049961654,-1.0322163064430714,-0.513726477250831,-2.1097360703757646,-0.7205129035845351,0.8759519325414586,-2.4727185903633058,-2.885399467145271,-0.7154289525912793,1.3754472924564312,0.2848820001500625,1.2326667686728607,1.794171437913773,2.8577919755292727,0.9973824333928363,-0.3319602760328429,0.9995493028271922,-1.8549087765905101,2.36781709118751,-1.3934953973745443,2.540704112650277,1.354436345396272,-1.0140746189575711,1.0301532658479335,-0.12211117179196095,-0.028001648867027957,2.6157787376812474,0.7821093450046359,-1.1357044325297654,1.254974510964414,-0.48645618432419935,-2.3904243403927974,0.05663556822314655
0.25793305259438887,-0.17377585401243467,1.6467683308357288,0.511967011993465,0.4059701440675119,0.0406655199237758,1.9777615964867712,1.9198023276868057,1.1488332939083852,-1.7456457644284673,-0.27261382850689664,-0.620631012252578,-1.3923615925502737,-0.7363029016167534,0.7663761585546629,0.2777421171402254,-1.0199835795680923,-0.7422790295244315,-1.4287218131762205,0.3598791420537686,1.0141487988018463,-0.4031913087040072,0.9400051543562247,-0.18293889662712154,0.9973824333928363,1.8038848668157363,0.9239034131970296,1.181848702747038,-1.468752856722294,1.236554573717857,-1.949216354137397,1.6100983231730976,0.4453320193821738,0.47172291844111136,-0.24524302707472642,0.30742049320585946,-0.4724781002956473,2.3968039380797714,-0.5328785128731853,-0.5963839901536834,0.750410507236931,-2.0257174422176822,-1.8626769431635795,0.15562658249061614
0.0859174396840785,0.2256642709268027,0.3228226232020269,0.2311277240299536,-0.035279802965776555,-0.49237468232895254,1.4719292974455915,0.35468812478668843,0.7294303301789812,-0.6527201536957054,0.6761278219325757,-0.28716393578628346,-0.6924832679676655,-0.3093625842140809,1.4226617176978622,0.4726295277735912,-1.0586785181931748,0.3282869980494854,0.11386196440492335,0.5111835642156324,0.21285295158368056,-0.3965390540436675,0.2754850139758425,-0.829701570110186,-0.3319602760328429,0.9239034131970296,0.8476874080398151,0.6445513655488861,-0.42745052479508994,0.055483636254934854,-0.9026952973322123,0.25262879694889023,-0.19230915864490722,0.611676229419803,-0.5245065634385003,0.22679519477886365,-0.444837881344175,0.8545067255372806,-0.6893455832623165,-0.02144974072717365,0.13317098611550798,-1.366558544507366,-0.44906766217251837,0.05839854070458926
0.22858020077208807,-0.28483496705033573,1.3793118231977897,0.4137385848170424,0.4079693477557183,0.4136706462300522,1.107323550627361,1.684174809481428,0.6166443206895378,-1.4679587753898546,-0.6284493925531134,-0.3745801476368589,-1.151941134424955,-0.3753192665509685,0.29280979912950245,-0.0033148136452101676,-0.4995454157720839,-0.9516427216364213,-1.0195170785400944,-0.04782590531848442,0.7911266077736185,-0.17557873308874355,0.7961008854081878,-0.05169755196748652,0.9995493028271922,1.181848702747038,0.6445513655488861,1.4043297892108089,-1.2614542215592506,1.082845754000493,-1.359393001149469,1.401609123851817,0.4327439118360235,-0.28969952525159354,0.17162546265409032,0.0057312195281129085,-0.7241584995792263,1.9987466378236995,-0.263129326594562,-0.5489028346443992,0.8359748111192885,-1.3355232511555755,-1.412857142334747,-0.013929665085656087
-0.39433059499923273,0.5329394113553542,-2.0902740555672086,-0.534082327435029,-0.5777465696913995,-0.742800440080177,-1.2179886783106497,-2.472919921603936,-0.6443899551388276,1.763818479659926,1.3014979537739146,0.5800864486089086,1.3954368225354103,0.6524029034157037,0.4164531571150848,0.251096541971437,0.29306243681793964,1.6092641213397978,2.0712019020410817,0.18520582266246652,-1.212940830261235,0.17962460189839474,-1.199158361560975,-0.5248127627656738,-1.8549087765905101,-1.468752856722294,-0.42745052479508994,-1.2614542215592506,1.7820913832031045,-1.8047716272774559,1.7785944256644108,-2.2035195629392943,-0.9652955761744918,0.20431991737244212,-0.3572157370554342,0.022506351230315386,0.43914419489877177,-2.6157869445893684,-0.06618260297840178,0.8850254492205503,-1.0302732381989532,1.5397385316621535,2.201651613074893,-0.11275078706260039
0.40524187500425035,-0.7895026093927302,2.2900168599752515,0.4289713949769377,0.764399692445255,1.0559225560686454,0.5753354403661095,2.7699161748915335,0.44482108429294565,-1.6363832959889193,-1.8872731305107104,-0.4155709852768107,-1.1925994087512433,-0.5910281587879266,-1.2202314567395822,-0.41042840115878276,0.3365060172513883,-2.0191685701290085,-2.482162101318259,-0.36886462421407934,1.281606472426523,0.07388497895148212,1.23150587005463,1.2753446836769111,2.36781709118751,1.236554573717857,0.055483636254934854,1.082845754000493,-1.8047716272774559,2.143012075398432,-1.5903250054140432,2.334671661609024,1.1147211459410717,-0.5709558513700949,0.6513416844236696,-0.003284670260407764,-0.15074321327696083,2.6460635744242844,0.4241964210251738,-1.0074261235532536,1.1240068430960768,-1.0575814036933315,-2.265607956906104,0.07872351834702024
-0.3525196033853151,0.3064568562673127,-2.030514100069609,-0.603571802005457,-0.5213436991291682,-0.26003239098570685,-2.0805483132214255,-2.369152908001643,-1.1521248074546424,1.95141921470364,0.6344361438624734,0.7146651517950497,1.6226271165712465,0.8115937073881735,-0.5644002194250366,-0.13483643356297967,0.9806575467236249,1.1338585668005372,1.8046647808141223,-0.24275460848043692,-1.2265119699876914,0.42655498764756117,-1.1858627503453099,0.014048753181492995,-1.3934953973745443,-1.949216354137397,-0.9026952973322123,-1.359393001149469,1.7785944256644108,-1.5903250054140432,2.208524804753665,-2.0383775691333668,-0.6658174726318266,-0.34906680437627413,0.08471412252428448,-0.23446789523027792,0.5395393783307229,-2.8211914157879487,0.39799424334852573,0.7790792343607814,-0.9359797248057062,2.2373242501998156,2.253550766384819,-0.16160263637615926
0.4991175971239696,-0.7239218430397917,2.6045717538447355,0.677276746578292,0.7268074732151255,1.1968437046155258,1.1659872735908732,3.057887496154977,0.5940107713188219,-2.131028937536028,-1.9154311321192277,-0.7310269777659854,-1.6134790565705546,-0.7747509400142082,-1.0772096408760747,-0.5628843614958509,-0.1360499966731252,-2.206403324723481,-2.796772916413742,-0.4640828696929783,1.5596742322954948,-0.1508547531624773,1.469775133233075,0.8628663548029711,2.540704112650277,1.6100983231730976,0.25262879694889023,1.401609123851817,-2.2035195629392943,2.334671661609024,-2.0383775691333668,2.8957860175732395,1.442903797240726,-0.39515703217763626,0.6200177032206278,-0.1561764852633293,-0.42459143574595193,3.062124331187809,0.3564652593745085,-1.165845629501967,1.2986548943343015,-1.5401658565848926,-2.7637858644968727,0.1484816836432626
0.2571078899274879,-0.3774385311726947,1.1379565864030323,0.30992255033202637,0.2788052988465268,0.8074359285300698,0.12568184533524682,1.3040585862429936,-0.02767972155842767,-0.8461329266196315,-1.1584239967692354,-0.3371725598006842,-0.5819090582282155,-0.3030300186286137,-1.074119132352194,-0.5353489567248442,0.20310749318852425,-1.187162000338097,-1.4528613690485481,-0.4720139563855966,0.7119940569783674,0.005062649696001086,0.6375447618381963,0.5664566085086326,1.354436345396272,0.4453320193821738,-0.19230915864490722,0.4327439118360235,-0.9652955761744918,1.1147211459410717,-0.6658174726318266,1.442903797240726,0.9293202805727576,-0.316826921925596,0.46271377877782055,-0.2568511318388903,-0.07495476387408663,1.108814496535304,0.44859463462708044,-0.5721726237181307,0.5686532674595801,-0.27608563035202,-1.2273246486933513,0.08729295094078773
0.01784282934308152,0.5357076384082843,-0.4444218755170267,0.10101205266451903,-0.39114791621668155,-0.8847286730152311,1.356122862343837,-0.6620458421957615,0.5409234861561162,0.11218518841071903,1.290488732554349,-0.26141244110585754,-0.17655151124314922,-0.2708117824259588,1.540951545868701,0.5232872771724317,-1.1829766415905802,1.0478871756884798,0.5890910333784283,0.6806791634968614,-0.15674704282286214,-0.491216735591924,-0.11177224401377511,-1.104122096300384,-1.0140746189575711,0.47172291844111136,0.611676229419803,-0.28969952525159354,0.20431991737244212,-0.5709558513700949,-0.34906680437627413,-0.39515703217763626,-0.316826921925596,1.2557648696221901,-0.8709442283808438,0.24187737149615815,0.03426459535386473,-0.26340412096665317,-0.6422444647658638,0.28921516055077495,-0.4327851131036037,-0.9610067585566778,0.1988293983397824,0.16398024523230925
0.05928675901874795,-0.4624354382010716,0.5814929623188583,0.002637848797262552,0.3188594191612806,0.7832779044400878,-0.8958544948336137,0.7447525904061739,-0.4172453638945243,-0.1959679252762643,-1.1805495056267747,0.0662827209709449,-0.002055134313491281,0.09607471145425281,-1.3575033922376523,-0.5312804025303732,0.8741829818088775,-1.0220184819639817,-0.7931421759333929,-0.5911239814495706,0.27550689115970456,0.31263829820140016,0.25200736129059265,0.9164688348725973,1.0301532658479335,-0.24524302707472642,-0.5245065634385003,0.17162546265409032,-0.3572157370554342,0.6513416844236696,0.08471412252428448,0.6200177032206278,0.46271377877782055,-0.8709442283808438,0.725835328259201,-0.2506393581015956,0.022319160892694274,0.40808293919876604,0.6029527036239976,-0.34444680582541615,0.3834199603169703,0.5827600846461533,-0.46710019442445516,-0.06487143155032264
-0.0683243920505518,0.04004717331136219,0.035962854485251786,-0.04458149011525024,0.09067226051939946,-0.2817385396089898,0.31333355494971954,0.08214153853890009,0.38086577437934116,-0.11374380101549902,0.28211810904274714,0.04331641879819612,-0.0228900213454925,-0.09782237294316815,0.39384528799115187,0.3402453253163426,-0.17205247705549778,0.23477236049085887,0.010830857997341877,0.32955535607519354,0.022316699140088905,-0.007716272052090578,-0.047186302954424095,0.038999639260134,-0.12211117179196095,0.30742049320585946,0.22679519477886365,0.0057312195281129085,0.022506351230315386,-0.003284670260407764,-0.23446789523027792,-0.1561764852633293,-0.2568511318388903,0.24187737149615815,-0.2506393581015956,0.32030104632811746,0.116771549374708,0.20331534392388445,-0.2586272747845181,0.051957913274453864,-0.01812012923508377,-0.2627019536804128,-0.01600974297280497,0.009131875559113531
-0.09122761238658517,-0.03876603972686083,-0.35347206438665524,-0.2229094553082602,-0.013098642155832509,-0.027198748283862526,-0.7053125124929354,-0.40181694311180693,-0.2324673104707157,0.5850975277958453,-0.0674558489399834,0.22619134411829758,0.5672281505649022,0.10064505554219239,-0.5943114842780253,-0.015407655320830764,0.52900249321844794,0.15662706412097696,0.003908355910529157,0.004942436483697416,-0.21297173448998227,0.21861951893671566,-0.28305278898341507,0.5446298932186057,-0.028001648867027957,-0.4724781002956473,-0.444837881344175,-0.7241584995792263,0.43914419489877177,-0.15074321327696083,0.5395393783307229,-0.42459143574595193,-0.07495476387408663,0.03426459535386473,0.022319160892694274,0.116771549374708,0.5766192789329048,-0.6780987809631653,0.27936957610261165,0.12726505219279252,-0.269455199339462,0.7418290818425755,0.42797297104100535,0.017610917077800412
0.5234822303595483,-0.8027756665230497,3.1443910013385046,0.7307666381870953,0.9653215570389738,0.858677063292777,2.0121236849572792,3.775913452779095,1.2301646930630277,-2.6735641161629684,-1.7318015701673766,-0.7798313164403106,-2.121029413519092,-0.9790760870584054,-0.1883171991775865,-0.08531000394389196,-0.5185148791513764,-2.2442460249120018,-2.922355506229304,-0.022905433345828462,1.774827931966568,-0.25652638731936245,1.7674304977055444,0.8114671465853451,2.6157787376812474,2.3968039380797714,0.8545067255372806,1.9987466378236995,-2.6157869445893684,2.6460635744242844,-2.8211914157879487,3.062124331187809,1.108814496535304,-0.26340412096665317,0.40808293919876604,0.20331534392388445,-0.6780987809631653,4.127700150566741,-0.13359468923209888,-1.2692144180464076,1.5432254594307067,-2.548637496913416,-3.246810520850276,0.13195539890757943
0.05108775828355124,-0.3475925380201146,0.23465508920065115,-0.06656627449675472,0.17436955317149075,0.6790742629920311,-1.0530522192305132,0.30028238043189837,-0.558888502270897,0.21728569244374404,-0.9939657603985377,0.12145939377796168,0.26717666558795417,0.13966191787264576,-1.4189680377088152,-0.5403454251857116,0.8978156506100997,-0.7467230720774302,-0.593783163150632,-0.5463649606533291,0.10773070072617072,0.3045899575897733,0.08233356605880503,0.8901733938327008,0.7821093450046359,-0.5328785128731853,-0.6893455832623165,-0.263129326594562,-0.06618260297840178,0.4241964210251738,0.39799424334852573,0.3564652593745085,0.44859463462708044,-0.6422444647658638,0.6029527036239976,-0.2586272747845181,0.27936957610261165,-0.13359468923209888,0.7061717012310225,-0.2192579286854892,0.14627927007791638,0.8454282126851029,-0.13266580080068163,-0.03588088292682877
-0.18803831171179974,0.37012942744794924,-1.1019553753293678,-0.23932482446520298,-0.35632073717814366,-0.5507128443266118,-0.2961788523248619,-1.3137792011460887,-0.2000226682375387,0.8319685911771607,0.9151428943785105,0.2430146976642211,0.6019382561355504,0.28145596731308076,0.6080698453469567,0.25763036599183414,-0.1124537803078935,0.9951300223718759,1.1951199602418088,0.23281855556491068,-0.6380508336503092,-0.011010341294009459,-0.5985364994829545,-0.5390618520103726,-1.1357044325297654,-0.5963839901536834,-0.02144974072717365,-0.5489028346443992,0.8850254492205503,-1.0074261235532536,0.7790792343607814,-1.165845629501967,-0.5721726237181307,0.28921516055077495,-0.34444680582541615,0.051957913274453864,0.12726505219279252,-1.2692144180464076,-0.2192579286854892,0.5034851353971377,-0.5549221247317273,0.5068473483238249,1.126335217186031,-0.04158382394529792
0.18061132326378243,-0.41234372945816616,1.256106004137466,0.2765312888479365,0.4512195214610273,0.6266539621819901,0.37227520832938155,1.534945700204071,0.3058654665227129,-1.0772940930997363,-0.9913099738121902,-0.2447357124731403,-0.7314937330366573,-0.29398209929714764,-0.5651860078715353,-0.2213251204458745,0.08006077060042967,-1.111758888898121,-1.271088428666696,-0.24070218832592988,0.7255884778085342,0.033118568019160875,0.6554406757956585,0.5433154896116348,1.254974510964414,0.750410507236931,0.13317098611550798,0.8359748111192885,-1.0302732381989532,1.1240068430960768,-0.9359797248057062,1.2986548943343015,0.5686532674595801,-0.4327851131036037,0.3834199603169703,-0.01812012923508377,-0.269455199339462,1.5432254594307067,0.14627927007791638,-0.5549221247317273,0.7115646836354192,-0.6143436154973535,-1.2555521593182906,0.006078344052006195
-0.41677457248279903,-0.046682080401649895,-1.580375733272064,-0.6069882313041083,-0.19301982424579375,0.3967858329670775,-2.8597071407970365,-1.7863521446780928,-1.2923450240657273,1.5962057323977223,-0.27011288187899263,0.7630881478465745,1.739609963005569,0.8237272896863317,-1.8809696130185072,-0.4987034722116508,1.6896679140550823,0.38969081033204767,0.9441302668834928,-0.6742519062654464,-0.9193689304170231,0.750919425707301,-1.1280189062340724,0.8883137931032855,-0.48645618432419935,-2.0257174422176822,-1.366558544507366,-1.3355232511555755,1.5397385316621535,-1.0575814036933315,2.2373242501998156,-1.5401658565848926,-0.27608563035202,-0.9610067585566778,0.5827600846461533,-0.2627019536804128,0.7418290818425755,-2.548637496913416,0.8454282126851029,0.5068473483238249,-0.6143436154973535,2.933374855254034,1.8429687183543144,-0.18719846935456388
-0.4511010444371698,0.687166665618781,-2.642361449030398,-0.6615475181905565,-0.7570700304161577,-0.9359408561307019,-1.482040628810796,-3.10147763329689,-0.8446810062737193,2.219907406017247,1.6646196795375225,0.761819899525803,1.691183797990058,0.8497746447022874,0.6746034067183777,0.34954489753411516,0.32138650269154545,2.0427101399350454,2.7354550525253103,0.24480176631519965,-1.5614797669125584,0.2150572061466455,-1.4748350316360854,-0.7657667890545377,-2.3904243403927974,-1.8626769431635795,-0.44906766217251837,-1.412857142334747,2.201651613074893,-2.265607956906104,2.253550766384819,-2.7637858644968727,-1.2273246486933513,0.1988293983397824,-0.46710019442445516,-0.01600974297280497,0.42797297104100535,-3.246810520850276,-0.13266580080068163,1.126335217186031,-1.2555521593182906,1.8429687183543144,2.8356248535602,-0.17560797478212298
0.03545010998341838,0.019307954246994937,0.11418969711901242,0.056180019983795626,-0.01772318663218306,-0.034667895856942736,0.22630602114519524,0.10124162794966567,0.08566896814967347,-0.11678817085809529,0.028722472337446438,-0.09874862893076142,-0.1064691984832137,-0.10114798777054937,0.05890811558275742,0.002636332271032087,-0.13583421762314796,-0.018611574337472143,-0.1568138047990441,0.04121830268846543,0.08477433221874954,-0.07369342900515091,0.07856201561314177,-0.0651438230045847,0.05663556822314655,0.15562658249061614,0.05839854070458926,-0.013929665085656087,-0.11275078706260039,0.07872351834702024,-0.16160263637615926,0.1484816836432626,0.08729295094078773,0.16398024523230925,-0.06487143155032264,0.009131875559113531,0.017610917077800412,0.13195539890757943,-0.03588088292682877,-0.04158382394529792,0.006078344052006195,-0.18719846935456388,-0.17560797478212298,0.05382222717508827
