V1,V2,V3,V4,V5,V6,V7,V8,V9,V10,V11,V12,V13,V14,V15,V16,V17,V18,V19,V20,V21,V22,V23,V24,V25,V26,V27,V28,V29,V30,V31,V32,V33,V34,V35,V36,V37,V38,V39,V40,V41,V42,V43,V44
1.3985776159592072,0.3551013455338476,-0.32336538196711406,0.2671920059042954,-0.03898053944469555,0.09997714860978729,0.5239638447721624,-0.16846947808318824,-0.7713107390216445,-0.24975020169730244,0.5639552082682088,0.055629115631071396,-0.1733668942039016,-0.02998172082221197,-1.9418232288320239,0.7483101711832992,0.03999173325965936,-0.9830517290221953,-0.8437887518981744,0.874056489801962,2.654565956846783,-0.16176446056658567,1.0529539105707648,-1.6673804774531098,1.6643828856672656,0.9811949776287068,-0.42908754808018756,-1.769862735258039,-0.4654618589206911,-1.2580036504178786,1.7182408324941731,-0.6995617164502708,0.41640355390508804,1.4628774643578277,0.21603350516477213,-1.1912027408249597,0.1227421863386273,-0.26157484573132006,2.27523136182794,0.2859703548421636,1.6061091043527305,0.25984771194633693,-1.0340708378894545,0.732244980156481
0.3551013455338476,1.5440476042864624,-0.5647404006787493,0.0723755785794271,0.2423669365069711,-0.7965010026720344,1.0229847813493187,-0.21313084005161534,-1.8829402493142802,0.3280375489318124,2.2527320336855134,-0.143038391179373,0.7765390805257292,-2.1337224132301764,-1.6045828989651365,0.14268791843168563,-0.13754092053827952,-0.3645934795897812,-0.7083816613956506,1.1590019896877746,-1.555889053530128,-0.06571196207455035,0.3890525691145247,-2.0998424780719938,0.4380709817144897,0.884740132915803,1.0223016245820726,0.6231559065343065,-1.9762698794072853,-1.1704059247210559,0.9242342793387598,0.7186124797501492,0.7837849384394326,1.4912740977339733,-0.32943709574517216,-0.5643809511634978,1.677665732762446,0.7743409516239925,-0.157329735167739,0.8147736979297238,1.8663943597630095,-0.41631314264166186,-0.4648389246331745,1.7809485877624482
-0.32336538196711406,-0.5647404006787493,0.27847233840551433,-0.08998812776955054,-0.11810414552609487,0.15085399269279265,-0.449594663410285,0.12917024927616963,0.6550671999435179,-0.1178476157922566,-0.7768910356673828,0.06980750304860364,-0.1994065349894894,0.6489678199607494,0.7969951026240215,-0.13006754255820985,0.14807560369074368,0.25923276512329524,0.30537007872086,-0.48149016994280275,0.07459838561864908,0.06784366197685424,-0.261942594848537,0.9359263229978283,-0.38770061431136754,-0.37577999940206847,-0.2111019759567917,0.09087983276003797,0.6834778897817972,0.5668601492047926,-0.5393394903987178,-0.1553877388585204,-0.31290247811419153,-0.6957183482699624,0.03830473451865261,0.3680973076537522,-0.5630668836758278,-0.1610958003603733,-0.34556354651511273,-0.30681409165763496,-0.8869914778125337,0.08550193449076772,0.3025623137848738,-0.6447617007317942
0.2671920059042954,0.0723755785794271,-0.08998812776955054,0.13097455727536683,0.08551810180018872,0.16943665277399378,0.16796591416366746,-0.08164540461937529,-0.006852108162980533,-0.03633135835449243,0.051540724524072476,0.041693621638015425,-0.084869302013173,0.11500533713507256,-0.35494378518040887,0.13579547202569797,-0.15458145834936354,-0.21779821446800907,-0.07627969117248198,0.14957272260123147,0.7902614462629948,-0.08434155326184375,0.20176069763248156,-0.35365390390691154,0.3486324671640866,0.19158667797204842,-0.12418727358056661,-0.3979227653008825,0.026954118523484814,-0.2573664429044369,0.279999109560975,-0.14206046996245775,0.0601263199944864,0.2943469082967418,0.03353016777426182,-0.19529214148059582,-0.036442738830741124,-0.11548540483922468,0.6709966504529014,-0.020782714418824514,0.3545591306338053,0.057462968480055346,-0.18023031613423152,0.03797215589677752
-0.03898053944469555,0.2423669365069711,-0.11810414552609487,0.08551810180018872,0.3267364044650236,0.17411434576481483,0.19717000239996685,-0.03642708784807627,-0.025454867085293417,0.2293448405094936,0.18647080044713474,0.028114751478037187,0.1274865313403799,-0.2015368019320364,-0.21710008798335484,-0.05237085360375829,-0.2613435590739478,-0.08506906213237729,0.03754916101189574,0.13437409398998898,-0.16344238934562613,-0.02668518453190943,-0.021087863069795595,-0.11552453044963519,0.07269249752854731,0.0020287392182111344,0.06544892218064499,0.15742176165555266,-0.18035995817563313,-0.05977910866256029,-0.04258357332792913,0.2245631205036106,0.045103681081351724,0.10005097420877807,0.009455648647186107,0.09397945256512445,0.3525428536962099,0.10376866330259829,0.1822708823616045,0.044828028222411706,0.40081779611595125,-0.055844347120801587,0.024068148002717143,0.08419263868201374
0.09997714860978729,-0.7965010026720344,0.15085399269279265,0.16943665277399378,0.17411434576481483,0.9770092620070944,-0.4172795089540385,-0.010883027370611913,1.215872883213191,-0.053070115347414765,-1.4178406346963952,0.11714357369222218,-0.5247359245180914,1.4834199863681223,0.3729478943749592,-0.04049216071637054,-0.2831501617078065,-0.1167221395798394,0.3853491612785513,-0.5762278703189583,1.8708175525221065,-0.060649049018760684,-0.036157885661169134,0.9368736730367888,0.22627587312391034,-0.4752340764677943,-0.9183318975364224,-0.8507928784157276,1.2365786573392383,0.4390957948727747,-0.24068249969964953,-0.4627124710896961,-0.3787756800159927,-0.639840953536791,0.3762591937585816,0.132305688953715,-0.913824959814651,-0.6733982169766707,1.0988745156425623,-0.5106502253222002,-0.4978138110899447,0.3992261575616037,0.09823309702119294,-1.112641534059537
0.5239638447721624,1.0229847813493187,-0.449594663410285,0.16796591416366746,0.19717000239996685,-0.4172795089540385,1.0028660143154289,-0.21584395243043344,-0.9886023094887768,0.17217559560429405,1.5181534997300248,-0.14214169264940896,0.30349954021093434,-1.1788062322842645,-1.0256089618362174,0.32074906123734603,-0.4305341890294783,-0.286384305350025,-0.43929790186547996,0.9464210649739871,-0.2640092364594004,-0.16627749518919244,0.4418610221556935,-1.6897975856974596,0.48459728172374894,0.7650126332868749,0.5423084891155534,-0.026513735865384868,-1.1783964308176071,-0.9799980038689851,0.7504098014355695,0.261316566508248,0.4408107619147495,1.29641648633039,-0.19954694581318808,-0.5028993111170218,0.9533306030005354,0.39074614423073595,0.37408257338834433,0.5596936597099288,1.4570638973650945,-0.4004438970267301,-0.48472964078739184,1.0998484434278848
-0.16846947808318824,-0.21313084005161534,0.12917024927616963,-0.08164540461937529,-0.03642708784807627,-0.010883027370611913,-0.21584395243043344,0.10643253834911355,0.18993597069336748,-0.015311764758826422,-0.2727833377438294,0.03574031418505931,-0.024188030441104576,0.15674818105470223,0.2925026779925789,-0.050145346321360716,0.15310299623578108,0.10437798029622508,0.079997850513146,-0.1631755961336705,-0.18261778475319804,0.06840970906358532,-0.12211791318870854,0.4413382513878182,-0.16263339383787365,-0.15558165692597914,-0.03642174074446093,0.11556413004781126,0.1871222996667418,0.25972666532118444,-0.2236329431957462,-0.02192554222013218,-0.12491830184914081,-0.3008316968517339,0.013280177790639502,0.18151340120671444,-0.12675348918584622,0.01618663273437725,-0.2653663787076514,-0.09350242612425176,-0.3454499845543736,0.028217069821477897,0.12583973600715848,-0.19449095138015726
-0.7713107390216445,-1.8829402493142802,0.6550671999435179,-0.006852108162980533,-0.025454867085293417,1.215872883213191,-0.9886023094887768,0.18993597069336748,2.9581233023741653,-0.1770399188206798,-2.880687695783634,0.09517767978253608,-1.0333139974565384,2.789336239253334,2.7642604986628756,-0.33548042410884027,-0.4636444196353146,0.8019286662967829,1.341581137198716,-1.5652414249507474,1.456677060211369,-0.019738655646999493,-0.7774138931041982,2.9005128286331407,-1.0591916030435737,-1.3702593175341367,-1.191666691731452,-0.3390456598087264,2.684988108404285,1.7387633383321939,-1.8034615703285708,-0.6368927136873023,-1.1985406425332288,-2.102734935461187,0.34459401274069723,1.136458425668382,-2.0806185568754563,-0.9456619231603708,-0.18044274852423473,-1.0749812974892612,-2.51337114983487,0.21932043667028242,0.8752635446120409,-2.5769623886808515
-0.24975020169730244,0.3280375489318124,-0.1178476157922566,-0.03633135835449243,0.2293448405094936,-0.053070115347414765,0.17217559560429405,-0.015311764758826422,-0.1770399188206798,0.37422016430776317,0.34755310922928495,-0.1901658053651718,0.2857824957461157,-0.5435617963917817,0.12320137159098259,-0.23679950852219517,-0.2587644079178722,0.2469544538156833,0.07324583570075571,0.03826788608440268,-1.4989573133540552,0.07213698581263855,-0.24133957498909023,0.06188062026357614,-0.36919609766088934,-0.23312280400097826,0.21966972749434463,0.6837036215588278,-0.44152077262056894,0.11748958342309013,-0.24637668674288538,0.5235243238794697,0.0652202482669842,-0.08448143620251011,0.05157526515444165,0.2004751579714189,0.583883387258431,0.26840964466042094,-0.7827419107168835,0.2926449118609191,0.197123767963781,-0.22741104307900423,0.18657961938761675,0.19324489003949663
0.5639552082682088,2.2527320336855134,-0.7768910356673828,0.051540724524072476,0.18647080044713474,-1.4178406346963952,1.5181534997300248,-0.2727833377438294,-2.880687695783634,0.34755310922928495,3.4410373174901645,-0.20394375843326604,1.1224591978124001,-3.2186648961629407,-2.293219406597682,0.31866388853097577,-0.04322624963074218,-0.5031946340750386,-1.1218696853832735,1.7866387564798658,-2.2909864153577177,-0.09010609749549879,0.632563259954102,-3.1931212764966768,0.6270395360162059,1.4484335615461488,1.6207807848625233,0.8886814292630938,-2.9638938609694705,-1.783433722992327,1.4208231799895186,0.9475316219957627,1.1481317704450422,2.297209674279678,-0.57824908281601894,-0.8782862335953809,2.398257222424595,1.2045444487852048,-0.3749578120290518,1.2229725612929538,2.6448207538139905,-0.6758135494839287,-0.7399533642864057,2.7292397398514274
0.055629115631071396,-0.143038391179373,0.06980750304860364,0.041693621638015425,0.028114751478037187,0.11714357369222218,-0.14214169264940896,0.03574031418505931,0.09517767978253608,-0.1901658053651718,-0.20394375843326604,0.2842452169778893,-0.10803895389614536,0.2940958782192331,-0.2592094768785406,0.12619876770549648,0.21025811140689413,-0.3030338794603437,-0.025231338938480282,0.01408233304247679,1.1277112077104177,-0.056751716161768696,0.13993571309080566,-0.0056712958819991255,0.3329165359962743,0.19119792937844426,-0.0636245243232942,-0.357504007013697,0.27219530367818034,-0.05921999963898333,0.09440579194843872,-0.2819282012203722,-0.03170828836209953,0.029573952982054407,-0.11217216260334856,-0.017998135450294515,-0.25586861306199327,-0.11236741722287842,0.7478558876203786,-0.32029316512233696,-0.004167990160650439,0.22243301567157492,-0.0801166184457845,-0.10489274683087453
-0.1733668942039016,0.7765390805257292,-0.1994065349894894,-0.084869302013173,0.1274865313403799,-0.5247359245180914,0.30349954021093434,-0.024188030441104576,-1.0333139974565384,0.2857824957461157,1.1224591978124001,-0.10803895389614536,0.5904889684333783,-1.3101798629959491,-0.5394511620844973,-0.16740983040481427,0.08640640161226106,0.030458628749577756,-0.28763095318209514,0.40392997065316943,-1.8891749199605192,0.08771576758003698,-0.06524021327633192,-0.6480140715023928,-0.17235402234386027,0.18857925199107345,0.6867698672943227,0.9028385730650345,-1.103669607655676,-0.2938109132312577,0.13758067933952256,0.6566823904746532,0.3843598810042588,0.38061631023592235,-0.17869542347200187,-0.022861732850778232,1.0319185509374942,0.5652212484758327,-0.8408373567543594,0.45375064016467304,0.640195521141842,-0.25062908618549185,0.019819348852852692,0.8914489660686525
-0.02998172082221197,-2.1337224132301764,0.6489678199607494,0.11500533713507256,-0.2015368019320364,1.4834199863681223,-1.1788062322842645,0.15674818105470223,2.789336239253334,-0.5435617963917817,-3.2186648961629407,0.2940958782192331,-1.3101798629959491,3.3675297111450173,1.7157263277974173,0.042772565430690676,-0.09310936364650807,0.12115252526770143,0.9152259488962918,-1.419437533314683,3.7954297362154303,-0.07726807231983698,-0.197410435715784,2.4306807670087553,-0.0053176417893489114,-0.96258644166306,-1.7342623488331474,-1.6688656261218378,2.9621914323245395,1.2474191292299668,-0.86382945964032,-1.3296550855595106,-1.0554273599984654,-1.6598314187621006,0.532049958568596,0.4706105292009552,-2.5440768480383595,-1.3710123699479644,1.484359134273318,-1.2536122956257605,-2.087446800428277,0.7172796904207228,0.34298541389175713,-2.550615108102657
-1.9418232288320239,-1.6045828989651365,0.7969951026240215,-0.35494378518040887,-0.21710008798335484,0.3729478943749592,-1.0256089618362174,0.2925026779925789,2.7642604986628756,0.12320137159098259,-2.293219406597682,-0.2592094768785406,-0.5394511620844973,1.7157263277974173,4.385598538764597,-0.9524523032151986,-0.47468578459368754,1.9494764338241328,1.7953613447767787,-1.9191248549420399,-2.6031533948027072,0.18204509599340035,-1.6736463093229357,3.6109722531442854,-2.812803427558196,-1.949038965201959,-0.23442165315724237,1.8209860542102039,2.125981550083814,2.499558605741518,-3.0703287032024953,0.3382867895485852,-1.2923941382632447,-2.851633225034705,0.005694307186215221,1.9787767027439216,-1.5237825198657722,-0.2509505530404172,-3.298762536510543,-0.7215394864928174,-3.5736903589255125,-0.4489779092002158,1.6846884536681526,-2.41375191792166
0.7483101711832992,0.14268791843168563,-0.13006754255820985,0.13579547202569797,-0.05237085360375829,-0.04049216071637054,0.32074906123734603,-0.050145346321360716,-0.33548042410884027,-0.23679950852219517,0.31866388853097577,0.12619876770549648,-0.16740983040481427,0.042772565430690676,-0.9524523032151986,0.5292122865295678,0.08086709970888692,-0.5541964643023707,-0.4328424225622484,0.543889757308668,1.7677876090875444,-0.12096411630355208,0.612399458296721,-0.924767309947578,0.9362887144422972,0.6734415134330564,-0.1589486476253834,-1.0437254657364776,-0.17181518796296405,-0.6948653146098559,0.8941844198078827,-0.5201387726324904,0.15357152198388316,0.8639644463441624,-0.0026756541991475266,-0.5998350010132719,-0.043189661092566924,-0.10969138398432322,1.3449232601440482,0.053793824296045255,0.7979181334522378,0.10963571739223589,-0.5901546985818383,0.3783277194053566
0.03999173325965936,-0.13754092053827952,0.14807560369074368,-0.15458145834936354,-0.2613435590739478,-0.2831501617078065,-0.4305341890294783,0.15310299623578108,-0.4636444196353146,-0.2587644079178722,-0.04322624963074218,0.21025811140689413,0.08640640161226106,-0.09310936364650807,-0.47468578459368754,0.08086709970888692,0.7651781443009059,-0.2755356916338013,-0.31738126102388775,0.0033249620686001237,0.3133550686164195,0.11555282925266494,0.1371705039569843,0.037010733123146185,0.29794163920239,0.1852009063178696,0.058109044643366727,-0.1682599036891566,-0.08455870294650922,-0.0534855966584059,0.32144057348781935,-0.22041980283783466,0.12025535532786456,-0.01773627278008757,-0.07330492391677229,-0.17135663058286596,-0.08186871661994587,0.05091286596556642,0.1471371292030023,-0.12521069802352183,-0.12860137741925304,0.30701844407321066,-0.12465446181146438,0.2331980201204437
-0.9830517290221953,-0.3645934795897812,0.25923276512329524,-0.21779821446800907,-0.08506906213237729,-0.1167221395798394,-0.286384305350025,0.10437798029622508,0.8019286662967829,0.2469544538156833,-0.5031946340750386,-0.3030338794603437,0.030458628749577756,0.12115252526770143,1.9494764338241328,-0.5541964643023707,-0.2755356916338013,1.0759581142236243,0.7246380380039319,-0.7318048740170727,-2.495536351198515,0.14846664888914163,-0.8625713628498145,1.394300412559583,-1.53186975793752,-0.8970459146286563,0.19692990133919802,1.3675208865851183,0.4051169712311895,1.061059756659954,-1.3881796158075157,0.5335494927872173,-0.4272919716920616,-1.1567001270602446,-0.01949747388259328,0.8953666266229735,-0.18195210272440202,0.16689709723289806,-2.2397125590072084,0.01549832175379614,-1.4083511426513646,-0.4201632140815268,0.8198215036779325,-0.7020093901356608
-0.8437887518981744,-0.7083816613956506,0.30537007872086,-0.07627969117248198,0.03754916101189574,0.3853491612785513,-0.43929790186547996,0.079997850513146,1.341581137198716,0.07324583570075571,-1.1218696853832735,-0.025231338938480282,-0.28763095318209514,0.9152259488962918,1.7953613447767787,-0.4328424225622484,-0.31738126102388775,0.7246380380039319,0.8590954608818924,-0.8689894514416413,-0.6535359674020013,0.021710537873852465,-0.7150581445394321,1.561305627293815,-1.0986026859366602,-0.8580401552916205,-0.19448019294534266,0.6615035234270732,1.0698509303130708,1.0717409363959396,-1.34845733105266,0.11512862894022088,-0.5691151526403481,-1.2498718927820307,0.005719806357369269,0.8749565062878465,-0.7256283643846174,-0.21511345188601894,-1.021044384917342,-0.4509602571662356,-1.4609063862379543,-0.09399114676834697,0.7334022755922286,-1.1624190108586556
0.874056489801962,1.1590019896877746,-0.48149016994280275,0.14957272260123147,0.13437409398998898,-0.5762278703189583,0.9464210649739871,-0.1631755961336705,-1.5652414249507474,0.03826788608440268,1.7866387564798658,0.01408233304247679,0.40392997065316943,-1.419437533314683,-1.9191248549420399,0.543889757308668,0.0033249620686001237,-0.7318048740170727,-0.8689894514416413,1.256611140902098,0.39749113498936395,-0.13085176304762827,0.7842317155759969,-2.1623525058478776,1.101563757265937,1.156029566417683,0.556894789639152,-0.4534176184694276,-1.4968337720741165,-1.3675207343521636,1.37981395865952,0.0595523872322153,0.6561297153425125,1.717673975793704,-0.21200032426418994,-0.8727677611887797,1.130419107008137,0.4504346015468878,1.0193937152953443,0.6025318215489593,1.9526048170930077,-0.18717003332122403,-0.8138709589553849,1.5337613135817798
2.654565956846783,-1.555889053530128,0.07459838561864908,0.7902614462629948,-0.16344238934562613,1.8708175525221065,-0.2640092364594004,-0.18261778475319804,1.456677060211369,-1.4989573133540552,-2.2909864153577177,1.1277112077104177,-1.8891749199605192,3.7954297362154303,-2.6031533948027072,1.7677876090875444,0.3133550686164195,-2.495536351198515,-0.6535359674020013,0.39749113498936395,11.609228347431294,-0.6476757326001349,2.1213970660625576,-1.159503118025364,3.9022253205837707,1.5258456944632184,-2.442890838268112,-5.751502289303657,2.5895377313193055,-1.4599296441024054,2.56303951728661,-3.248955056514963,-0.2623556699866874,1.4221752263002403,0.4560129109073791,-1.8269459675822242,-2.8449698451530234,-2.0888329848574427,7.6981177080794945,-1.5483298070563993,1.105148204482142,1.6724349737947708,-1.8231213367962247,-1.2380571182294986
-0.16176446056658567,-0.06571196207455035,0.06784366197685424,-0.08434155326184375,-0.02668518453190943,-0.060649049018760684,-0.16627749518919244,0.06840970906358532,-0.019738655646999493,0.07213698581263855,-0.09010609749549879,-0.056751716161768696,0.08771576758003698,-0.07726807231983698,0.18204509599340035,-0.12096411630355208,0.11555282925266494,0.14846664888914163,0.021710537873852465,-0.13085176304762827,-0.6476757326001349,0.0971616907469553,-0.14456700285663354,0.3142735480213069,-0.21263960781909705,-0.18411640648716093,0.019264163300890716,0.27390660111371795,-0.033453531477268685,0.20284273469877537,-0.1519424235834073,0.13181839295047879,-0.027902726508283765,-0.2402895642488109,0.05571540300479486,0.12185756977005865,0.0746811021253482,0.08040453807562144,-0.47757053378399517,0.06077357353317596,-0.21053326535682773,-0.012478205517430483,0.1298069265577476,-0.04174479521705044
1.0529539105707648,0.3890525691145247,-0.261942594848537,0.20176069763248156,-0.021087863069795595,-0.036157885661169134,0.4418610221556935,-0.12211791318870854,-0.7774138931041982,-0.24133957498909023,0.632563259954102,0.13993571309080566,-0.06524021327633192,-0.197410435715784,-1.6736463093229357,0.612399458296721,0.1371705039569843,-0.8625713628498145,-0.7150581445394321,0.7842317155759969,2.1213970660625576,-0.14456700285663354,0.8594938170857442,-1.4702710172864148,1.3598113359869852,0.910330582260358,-0.16477107303339858,-1.3110172420611266,-0.485886699263899,-1.0758981065894155,1.3759770359093426,-0.5295964390062462,0.3858995922676256,1.2490911387250603,0.04128352215257278,-0.9264182241068892,0.184942083686442,-0.11666171054466073,1.857973111309866,0.17287076628101838,1.3474623875528469,0.2137032362608718,-0.8319085954392885,0.7292136316430926
-1.6673804774531098,-2.0998424780719938,0.9359263229978283,-0.35365390390691154,-0.11552453044963519,0.9368736730367888,-1.6897975856974596,0.4413382513878182,2.9005128286331407,0.06188062026357614,-3.1931212764966768,-0.0056712958819991255,-0.6480140715023928,2.4306807670087553,3.6109722531442854,-0.924767309947578,0.037010733123146185,1.394300412559583,1.561305627293815,-2.1623525058478776,-1.159503118025364,0.3142735480213069,-1.4702710172864148,4.177234697744592,-2.067571105024727,-2.1130314264543166,-0.9173936703316826,1.0052573679780503,2.60636596341831,2.6183753336083275,-2.6504925944686426,-0.03192799915385149,-1.3043286287232687,-3.1792602496419224,0.3782900658759489,1.7827536404184032,-1.8254495427556554,-0.6015538127473707,-2.137623209208363,-1.0227403794268457,-3.515456387060487,0.1999623682246282,1.5224147241877641,-2.7571557530486395
1.6643828856672656,0.4380709817144897,-0.38770061431136754,0.3486324671640866,0.07269249752854731,0.22627587312391034,0.48459728172374894,-0.16263339383787365,-1.0591916030435737,-0.36919609766088934,0.6270395360162059,0.3329165359962743,-0.17235402234386027,-0.0053176417893489114,-2.812803427558196,0.9362887144422972,0.29794163920239,-1.53186975793752,-1.0986026859366602,1.101563757265937,3.9022253205837707,-0.21263960781909705,1.3598113359869852,-2.067571105024727,2.352017333397986,1.3308383675968944,-0.5002667310963033,-2.3049133629995486,-0.5235872339735992,-1.601631076319199,2.203716203408858,-0.934447839212745,0.5735712250121036,1.8080541648143644,0.16993494721939373,-1.4560309874231399,0.16193163389876328,-0.3317028311824787,3.379773399970537,0.09655156507299875,2.1119876208685833,0.574792076520552,-1.3151349075247691,0.9496449494041544
0.9811949776287068,0.884740132915803,-0.37577999940206847,0.19158667797204842,0.0020287392182111344,-0.4752340764677943,0.7650126332868749,-0.15558165692597914,-1.3702593175341367,-0.23312280400097826,1.4484335615461488,0.19119792937844426,0.18857925199107345,-0.96258644166306,-1.949038965201959,0.6734415134330564,0.1852009063178696,-0.8970459146286563,-0.8580401552916205,1.156029566417683,1.5258456944632184,-0.18411640648716093,0.910330582260358,-2.1130314264543166,1.3308383675968944,1.2865294432151073,0.3847306843599197,-0.9002293421714868,-1.0939866628716688,-1.3842695992708858,1.481159066388061,-0.3118062670557674,0.5889182731848627,1.6989779613554825,-0.26098096716757135,-0.9583121595087228,0.6623403293566631,0.23783622598936144,1.608094830582514,0.3255453563281012,1.7319442210912854,0.012044919219370146,-0.8908470140448637,1.3105300547393288
-0.42908754808018756,1.0223016245820726,-0.2111019759567917,-0.12418727358056661,0.06544892218064499,-0.9183318975364224,0.5423084891155534,-0.03642174074446093,-1.191666691731452,0.21966972749434463,1.6207807848625233,-0.0636245243232942,0.6867698672943227,-1.7342623488331474,-0.23442165315724237,-0.1589486476253834,0.058109044643366727,0.19692990133919802,-0.19448019294534266,0.556894789639152,-2.442890838268112,0.019264163300890716,-0.16477107303339858,-0.9173936703316826,-0.5002667310963033,0.3847306843599197,1.1908823891242528,1.381003725776447,-1.340968173732377,-0.3467426913702454,-0.12507574217612155,0.8021819022138643,0.39883953528339267,0.5239696420662031,-0.523312570387477,0.15667740412001205,1.1683447565194283,0.8163141899194678,-1.3244644846865532,0.4421285776276489,0.5433488186257379,-0.5029462611869794,0.12040545477293284,1.1327496018553678
-1.769862735258039,0.6231559065343065,0.09087983276003797,-0.3979227653008825,0.15742176165555266,-0.8507928784157276,-0.026513735865384868,0.11556413004781126,-0.3390456598087264,0.6837036215588278,0.8886814292630938,-0.357504007013697,0.9028385730650345,-1.6688656261218378,1.8209860542102039,-1.0437254657364776,-0.1682599036891566,1.3675208865851183,0.6615035234270732,-0.4534176184694276,-5.751502289303657,0.27390660111371795,-1.3110172420611266,1.0052573679780503,-2.3049133629995486,-0.9002293421714868,1.381003725776447,3.2433142420573975,-0.9122228778113906,1.0600925136027919,-1.8526545461365955,1.670721024112733,-0.0328115378156518,-1.1163392248697523,-0.4523358971124815,1.329959069809165,1.171280369488403,1.0379677672983025,-3.977745232557627,0.40790687410552234,-1.0563047635619358,-0.8211194064405548,1.2207476587248882,0.27950827052549104
-0.4654618589206911,-1.9762698794072853,0.6834778897817972,0.026954118523484814,-0.18035995817563313,1.2365786573392383,-1.1783964308176071,0.1871222996667418,2.684988108404285,-0.44152077262056894,-2.9638938609694705,0.27219530367818034,-1.103669607655676,2.9621914323245395,2.125981550083814,-0.17181518796296405,-0.08455870294650922,0.4051169712311895,1.0698509303130708,-1.4968337720741165,2.5895377313193055,-0.033453531477268685,-0.485886699263899,2.60636596341831,-0.5235872339735992,-1.0939866628716688,-1.340968173732377,-0.9122228778113906,2.761092144164558,1.463527773273383,-1.3033750741927586,-0.9766751575999285,-1.0588625101824054,-1.8814812103710783,0.3490304487189812,0.7951204758947379,-2.3028793851183798,-1.1118383793708888,0.6292472436394155,-1.2195019957453546,-2.3507271972481405,0.5332233777386604,0.6238143962884811,-2.4577568859785974
-1.2580036504178786,-1.1704059247210559,0.5668601492047926,-0.2573664429044369,-0.05977910866256029,0.4390957948727747,-0.9799980038689851,0.25972666532118444,1.7387633383321939,0.11748958342309013,-1.783433722992327,-0.05921999963898333,-0.2938109132312577,1.2474191292299668,2.499558605741518,-0.6948653146098559,-0.0534855966584059,1.061059756659954,1.0717409363959396,-1.3675207343521636,-1.4599296441024054,0.20284273469877537,-1.0758981065894155,2.6183753336083275,-1.601631076319199,-1.3842695992708858,-0.3467426913702454,1.0600925136027919,1.463527773273383,1.7200251503652186,-1.8825715795911249,0.19972983276056436,-0.8022049094352403,-2.047993185077079,0.13816692693226937,1.2611857443008008,-0.9730090709678438,-0.2305512995479967,-1.8503794710242873,-0.5673289869301272,-2.2888106275399913,-0.02189949054459644,1.092304787184002,-1.6383363670230067
1.7182408324941731,0.9242342793387598,-0.5393394903987178,0.279999109560975,-0.04258357332792913,-0.24068249969964953,0.7504098014355695,-0.2236329431957462,-1.8034615703285708,-0.24637668674288538,1.4208231799895186,0.09440579194843872,0.13758067933952256,-0.86382945964032,-3.0703287032024953,0.8941844198078827,0.32144057348781935,-1.3881796158075157,-1.34845733105266,1.37981395865952,2.56303951728661,-0.1519424235834073,1.3759770359093426,-2.6504925944686426,2.203716203408858,1.481159066388061,-0.12507574217612155,-1.8526545461365955,-1.3033750741927586,-1.8825715795911249,2.462014101410545,-0.5931289557346517,0.847085461191006,2.190594020890935,0.1264256565882914,-1.6615876330176702,0.7451111260945388,-0.016485525054808933,2.6324859709200004,0.5687213252298192,2.4872430457563603,0.3344077067138898,-1.3939866237557343,1.5878390237552975
-0.6995617164502708,0.7186124797501492,-0.1553877388585204,-0.14206046996245775,0.2245631205036106,-0.4627124710896961,0.261316566508248,-0.02192554222013218,-0.6368927136873023,0.5235243238794697,0.9475316219957627,-0.2819282012203722,0.6566823904746532,-1.3296550855595106,0.3382867895485852,-0.5201387726324904,-0.22041980283783466,0.5335494927872173,0.11512862894022088,0.0595523872322153,-3.248955056514963,0.13181839295047879,-0.5295964390062462,-0.03192799915385149,-0.934447839212745,-0.3118062670557674,0.8021819022138643,1.670721024112733,-0.9766751575999285,0.19972983276056436,-0.5931289557346517,1.068987510969163,0.21811446695349182,-0.1764488336103824,-0.16867329757438426,0.45059521446603396,1.0859933394575239,0.6506476653781806,-1.8822282716860756,0.4758148001644612,0.1158902560406445,-0.46733692972460383,0.4493018590075596,0.5731923387040235
0.41640355390508804,0.7837849384394326,-0.31290247811419153,0.0601263199944864,0.045103681081351724,-0.3787756800159927,0.4408107619147495,-0.12491830184914081,-1.1985406425332288,0.0652202482669842,1.1481317704450422,-0.03170828836209953,0.3843598810042588,-1.0554273599984654,-1.2923941382632447,0.15357152198388316,0.12025535532786456,-0.4272919716920616,-0.5691151526403481,0.6561297153425125,-0.2623556699866874,-0.027902726508283765,0.3858995922676256,-1.3043286287232687,0.5735712250121036,0.5889182731848627,0.39883953528339267,-0.0328115378156518,-1.0588625101824054,-0.8022049094352403,0.847085461191006,0.21811446695349182,0.5269916972639578,0.9350718019226667,-0.10059223310341543,-0.5540725008368786,0.8148129704133152,0.29888909655680707,0.37009361762417536,0.41648763305826503,1.1581613503107617,-0.029195058185303144,-0.421558700120682,1.0421874958099808
1.4628774643578277,1.4912740977339733,-0.6957183482699624,0.2943469082967418,0.10005097420877807,-0.639840953536791,1.29641648633039,-0.3008316968517339,-2.102734935461187,-0.08448143620251011,2.297209674279678,0.029573952982054407,0.38061631023592235,-1.6598314187621006,-2.851633225034705,0.8639644463441624,-0.01773627278008757,-1.1567001270602446,-1.2498718927820307,1.717673975793704,1.4221752263002403,-0.2402895642488109,1.2490911387250603,-3.1792602496419224,1.8080541648143644,1.6989779613554825,0.5239696420662031,-1.1163392248697523,-1.8814812103710783,-2.047993185077079,2.190594020890935,-0.1764488336103824,0.9350718019226667,2.532979401701431,-0.2121413424227355,-1.4562562321343924,1.2919226487239734,0.3951141161553631,1.9690449774373215,0.7732972546444377,2.772628673325325,-0.11311434516817528,-1.288244797487039,2.0337634187627724
0.21603350516477213,-0.32943709574517216,0.03830473451865261,0.03353016777426182,0.009455648647186107,0.3762591937585816,-0.19954694581318808,0.013280177790639502,0.34459401274069723,0.05157526515444165,-0.57824908281601894,-0.11217216260334856,-0.17869542347200187,0.532049958568596,0.005694307186215221,-0.0026756541991475266,-0.07330492391677229,-0.01949747388259328,0.005719806357369269,-0.21200032426418994,0.4560129109073791,0.05571540300479486,0.04128352215257278,0.3782900658759489,0.16993494721939373,-0.26098096716757135,-0.523312570387477,-0.4523358971124815,0.3490304487189812,0.13816692693226937,0.1264256565882914,-0.16867329757438426,-0.10059223310341543,-0.2121413424227355,0.3478516523575199,-0.11462694731740684,-0.2568341068781648,-0.27622379370882794,0.288383387541848,0.018215828723675612,-0.0823888578735237,0.16259837440339653,-0.05374915571800619,-0.36269893535914627
-1.1912027408249597,-0.5643809511634978,0.3680973076537522,-0.19529214148059582,0.09397945256512445,0.132305688953715,-0.5028993111170218,0.18151340120671444,1.136458425668382,0.2004751579714189,-0.8782862335953809,-0.017998135450294515,-0.022861732850778232,0.4706105292009552,1.9787767027439216,-0.5998350010132719,-0.17135663058286596,0.8953666266229735,0.8749565062878465,-0.8727677611887797,-1.8269459675822242,0.12185756977005865,-0.9264182241068892,1.7827536404184032,-1.4560309874231399,-0.9583121595087228,0.15667740412001205,1.329959069809165,0.7951204758947379,1.2611857443008008,-1.6615876330176702,0.45059521446603396,-0.5540725008368786,-1.4562562321343924,-0.11462694731740684,1.1643418812138022,-0.3828696381084738,0.09374910114286232,-1.7732677356907276,-0.38091043800871455,-1.5960274702121149,-0.2314672179942024,0.9485483767692076,-1.0017080991919651
0.1227421863386273,1.677665732762446,-0.5630668836758278,-0.036442738830741124,0.3525428536962099,-0.913824959814651,0.9533306030005354,-0.12675348918584622,-2.0806185568754563,0.583883387258431,2.398257222424595,-0.25586861306199327,1.0319185509374942,-2.5440768480383595,-1.5237825198657722,-0.043189661092566924,-0.08186871661994587,-0.18195210272440202,-0.7256283643846174,1.130419107008137,-2.8449698451530234,0.0746811021253482,0.184942083686442,-1.8254495427556554,0.16193163389876328,0.6623403293566631,1.1683447565194283,1.171280369488403,-2.3028793851183798,-0.9730090709678438,0.7451111260945388,1.0859933394575239,0.8148129704133152,1.2919226487239734,-0.2568341068781648,-0.3828696381084738,2.11204062163802,1.0252830869979614,-0.9021153738854573,1.027234197881743,1.873789135102754,-0.51839602185774,-0.30367749770733915,1.92178153908347
-0.26157484573132006,0.7743409516239925,-0.1610958003603733,-0.11548540483922468,0.10376866330259829,-0.6733982169766707,0.39074614423073595,0.01618663273437725,-0.9456619231603708,0.26840964466042094,1.2045444487852048,-0.11236741722287842,0.5652212484758327,-1.3710123699479644,-0.2509505530404172,-0.10969138398432322,0.05091286596556642,0.16689709723289806,-0.21511345188601894,0.4504346015468878,-2.0888329848574427,0.08040453807562144,-0.11666171054466073,-0.6015538127473707,-0.3317028311824787,0.23783622598936144,0.8163141899194678,1.0379677672983025,-1.1118383793708888,-0.2305512995479967,-0.016485525054808933,0.6506476653781806,0.29888909655680707,0.3951141161553631,-0.27622379370882794,0.09374910114286232,1.0252830869979614,0.670279021512086,-1.1015498092873657,0.462799239721731,0.5150788463955986,-0.397073458677229,0.06470943352299476,0.8831716239261379
2.27523136182794,-0.157329735167739,-0.34556354651511273,0.6709966504529014,0.1822708823616045,1.0988745156425623,0.37408257338834433,-0.2653663787076514,-0.18044274852423473,-0.7827419107168835,-0.3749578120290518,0.7478558876203786,-0.8408373567543594,1.484359134273318,-3.298762536510543,1.3449232601440482,0.1471371292030023,-2.2397125590072084,-1.021044384917342,1.0193937152953443,7.6981177080794945,-0.47757053378399517,1.857973111309866,-2.137623209208363,3.379773399970537,1.608094830582514,-1.3244644846865532,-3.977745232557627,0.6292472436394155,-1.8503794710242873,2.6324859709200004,-1.8822282716860756,0.37009361762417536,1.9690449774373215,0.288383387541848,-1.7732677356907276,-0.9021153738854573,-1.1015498092873657,5.88663308922892,-0.6045239192614645,2.2421348652695894,1.1147886729529828,-1.686624494069187,0.21543288050967374
0.2859703548421636,0.8147736979297238,-0.30681409165763496,-0.020782714418824514,0.044828028222411706,-0.5106502253222002,0.5596936597099288,-0.09350242612425176,-1.0749812974892612,0.2926449118609191,1.2229725612929538,-0.32029316512233696,0.45375064016467304,-1.2536122956257605,-0.7215394864928174,0.053793824296045255,-0.12521069802352183,0.01549832175379614,-0.4509602571662356,0.6025318215489593,-1.5483298070563993,0.06077357353317596,0.17287076628101838,-1.0227403794268457,0.09655156507299875,0.3255453563281012,0.4421285776276489,0.40790687410552234,-1.2195019957453546,-0.5673289869301272,0.5687213252298192,0.4758148001644612,0.41648763305826503,0.7732972546444377,0.018215828723675612,-0.38091043800871455,1.027234197881743,0.462799239721731,-0.6045239192614645,0.7374641971142003,0.9832892634340021,-0.3490916883658564,-0.2589266828130937,0.9939571042522671
1.6061091043527305,1.8663943597630095,-0.8869914778125337,0.3545591306338053,0.40081779611595125,-0.4978138110899447,1.4570638973650945,-0.3454499845543736,-2.51337114983487,0.197123767963781,2.6448207538139905,-0.004167990160650439,0.640195521141842,-2.087446800428277,-3.5736903589255125,0.7979181334522378,-0.12860137741925304,-1.4083511426513646,-1.4609063862379543,1.9526048170930077,1.105148204482142,-0.21053326535682773,1.3474623875528469,-3.515456387060487,2.1119876208685833,1.7319442210912854,0.5433488186257379,-1.0563047635619358,-2.3507271972481405,-2.2888106275399913,2.4872430457563603,0.1158902560406445,1.1581613503107617,2.772628673325325,-0.0823888578735237,-1.5960274702121149,1.873789135102754,0.5150788463955986,2.2421348652695894,0.9832892634340021,3.490367970053557,-0.06666199041432942,-1.4059471998448758,2.3869700159380427
0.25984771194633693,-0.41631314264166186,0.08550193449076772,0.057462968480055346,-0.055844347120801587,0.3992261575616037,-0.4004438970267301,0.028217069821477897,0.21932043667028242,-0.22741104307900423,-0.6758135494839287,0.22243301567157492,-0.25062908618549185,0.7172796904207228,-0.4489779092002158,0.10963571739223589,0.30701844407321066,-0.4201632140815268,-0.09399114676834697,-0.18717003332122403,1.6724349737947708,-0.012478205517430483,0.2137032362608718,0.1999623682246282,0.574792076520552,0.012044919219370146,-0.5029462611869794,-0.8211194064405548,0.5332233777386604,-0.02189949054459644,0.3344077067138898,-0.46733692972460383,-0.029195058185303144,-0.11311434516817528,0.16259837440339653,-0.2314672179942024,-0.51839602185774,-0.397073458677229,1.1147886729529828,-0.3490916883658564,-0.06666199041432942,0.4872099975312712,-0.1790519391258778,-0.3198796992266275
-1.0340708378894545,-0.4648389246331745,0.3025623137848738,-0.18023031613423152,0.024068148002717143,0.09823309702119294,-0.48472964078739184,0.12583973600715848,0.8752635446120409,0.18657961938761675,-0.7399533642864057,-0.0801166184457845,0.019819348852852692,0.34298541389175713,1.6846884536681526,-0.5901546985818383,-0.12465446181146438,0.8198215036779325,0.7334022755922286,-0.8138709589553849,-1.8231213367962247,0.1298069265577476,-0.8319085954392885,1.5224147241877641,-1.3151349075247691,-0.8908470140448637,0.12040545477293284,1.2207476587248882,0.6238143962884811,1.092304787184002,-1.3939866237557343,0.4493018590075596,-0.421558700120682,-1.288244797487039,-0.05374915571800619,0.9485483767692076,-0.30367749770733915,0.06470943352299476,-1.686624494069187,-0.2589266828130937,-1.4059471998448758,-0.1790519391258778,0.8394318676836332,-0.826043983753093
0.732244980156481,1.7809485877624482,-0.6447617007317942,0.03797215589677752,0.08419263868201374,-1.112641534059537,1.0998484434278848,-0.19449095138015726,-2.5769623886808515,0.19324489003949663,2.7292397398514274,-0.10489274683087453,0.8914489660686525,-2.550615108102657,-2.41375191792166,0.3783277194053566,0.2331980201204437,-0.7020093901356608,-1.1624190108586556,1.5337613135817798,-1.2380571182294986,-0.04174479521705044,0.7292136316430926,-2.7571557530486395,0.9496449494041544,1.3105300547393288,1.1327496018553678,0.27950827052549104,-2.4577568859785974,-1.6383363670230067,1.5878390237552975,0.5731923387040235,1.0421874958099808,2.0337634187627724,-0.36269893535914627,-1.0017080991919651,1.92178153908347,0.8831716239261379,0.21543288050967374,0.9939571042522671,2.3869700159380427,-0.3198796992266275,-0.826043983753093,2.352933375798543
