V1,V2,V3,V4,V5,V6,V7,V8,V9,V10,V11,V12,V13,V14,V15,V16,V17,V18,V19,V20,V21,V22,V23,V24,V25,V26,V27,V28,V29,V30,V31,V32,V33,V34,V35,V36,V37,V38,V39,V40,V41,V42,V43,V44
0.1218640035834072,0.7034451449186723,0.34308741349728294,0.04644649415381883,0.15971788483682312,-0.24035635711561318,0.41133349953155657,-0.4434595754069121,-0.5188447449491516,0.6363430950864052,-0.5411470297565849,0.731110992204377,1.3525521695543021,-0.48954369572229733,-0.14023527432364685,-0.2595656215472036,0.22565226848000766,-0.9811838878369821,0.17550677900891612,-0.6928796693344794,2.2444178948035076,0.473295925490882,0.6008273115943835,0.3639464823524032,0.18969661615203173,0.6232028772351272,1.1791253050957073,0.23533918867728587,0.4021860076136925,0.7019357662851928,0.48477820027511387,0.5739781098661774,0.019567618751946337,0.2959219255542534,0.08399637153215699,0.8454933249746389,-0.614288343642585,-0.3704065184368388,-0.045438204706359606,-0.9166190680709496,0.29406450029189996,0.4414917844067262,-0.8603228622840405,-0.08942138438282796
0.7034451449186723,7.656630511510974,2.543832157759658,-0.4338182201503967,1.9754427349437549,-2.3587016774894454,3.5820628075978536,-4.082203031611953,-5.316892317822574,5.2750487623019104,-5.013168175762348,6.930103349831587,13.365775226007885,-6.301691340186195,-1.7663996192529312,-1.628224275258536,2.044238908591657,-9.851286018620996,2.0997109138853385,-6.5277923775699165,20.758911262267205,3.3450824190793695,5.475206734705382,3.4216063436314825,1.4482418450170589,4.989570468146637,10.83651776816158,1.178557861731745,2.936468814185959,6.076202041147465,5.548212386540872,4.25054142478928,-0.8933798800866664,2.0812250731844504,1.663691430637165,6.782200250437431,-6.45637065724918,-5.041106572497202,-0.3996228525192655,-8.678340857851227,1.0171784045719294,3.46403111235172,-7.235122793001832,-1.5645171681320942
0.34308741349728294,2.543832157759658,1.8151293475499812,0.17625833993806853,0.14830090817717945,-0.8520977626145255,1.765552940154042,-1.4465839461852137,-2.062054716043523,2.939297097133303,-2.2490274542603723,2.7386626761636554,5.47929076425852,-2.3277921927712315,-0.7227952215561175,-1.429674382472266,0.9172176755832853,-4.03952437966331,0.3981969156451896,-2.974367260093869,9.278764981356295,1.683608282546193,2.51438182533977,1.6531761588513108,0.816962264305097,2.834245575810401,4.543588504626207,1.08002428655851,1.9806424719221734,2.590374473609384,1.6057010240464822,2.6027167330379615,0.5351497831475145,1.039878526457827,0.05205291648665564,3.5346747520390926,-2.440972319762749,-1.23855206990566,0.08866697141782622,-3.5277140025822193,1.2447734476592063,1.5485939401274031,-3.234649453023468,-0.42668412755288077
0.04644649415381883,-0.4338182201503967,0.17625833993806853,0.26446785835649084,-0.25130008200620363,0.17187859127326832,0.06476109615397736,0.18056331330422357,0.18111885302208866,0.19151111198205747,0.08277325418725312,-0.12568441088922858,-0.35705724924312965,0.4085927940455411,0.134182038611442,-0.2945244966986792,0.0043975868929169324,0.2732550267942172,-0.21021439638271386,0.06262460071812671,-0.1946794817548889,0.13007267354313098,-0.012125945892329492,-0.022657824303494903,0.06609621648548379,0.2394823351445758,-0.17198722890022358,0.30444874391853494,0.2585359251881609,-0.06819905260004361,-0.4499558324789945,0.3306623360857522,0.37804748679872907,0.11564257858409234,-0.3413080278837336,0.20458238284671962,0.2345888757025262,0.6573266937387414,0.03838359264200889,0.22258033509642222,0.4227898369663392,0.028078332114089142,0.015526152686373017,0.21382350767739963
0.15971788483682312,1.9754427349437549,0.14830090817717945,-0.25130008200620363,0.8418167926457366,-0.6122118118335934,0.6383536584751476,-1.0766523286328313,-1.2086184787297225,0.7291169993215668,-1.0030186422508183,1.6045451301827514,2.908803672279939,-1.3751617928221567,-0.35354477897426134,0.0808040343726365,0.4078326528353087,-2.1207839488536444,0.7324228577134242,-1.2576514174887055,4.166491730103026,0.6698893852650394,1.0692609932219326,0.5959592973384006,0.21137222477434342,0.6634245387769714,2.391491403600659,-0.022474708487597167,0.21891039789691732,1.3709284249163824,1.5816874573151696,0.49058834498485426,-0.6831075941177607,0.4018148822815821,0.7202061340500295,1.1459143762558073,-1.5006238990342906,-1.5602053561919738,-0.2704527824670338,-1.9632872254372433,-0.12973091834630088,0.7743756888381175,-1.5454038151631588,-0.4139487586644924
-0.24035635711561318,-2.3587016774894454,-0.8520977626145255,0.17187859127326832,-0.6122118118335934,0.8363551207181708,-1.1128365707961898,1.3707573744520123,1.6409465089852167,-1.6774764700645715,1.6546970880886538,-2.143360615090978,-4.2219506704743734,1.8907645359082663,0.5888680770802696,0.5138584109822866,-0.6107158110684299,3.0627072565536304,-0.6385453447937106,2.0686020991028458,-6.540419004154397,-1.1322147497433683,-1.7060027643093245,-1.0597721961686122,-0.46039543732956456,-1.553703031880298,-3.4445612964411687,-0.3698813731516403,-0.9305249911778515,-1.9769017675915437,-1.7592500324018936,-1.3263105795570773,0.2431653511185235,-0.6565136274060773,-0.5107718161993189,-2.1677886846727605,1.9647244172796827,1.6983848013002498,0.07228803369096223,2.7529237842586274,-0.3516818150650403,-1.1517308186930106,2.3327612644409332,0.5265422651702404
0.41133349953155657,3.5820628075978536,1.765552940154042,0.06476109615397736,0.6383536584751476,-1.1128365707961898,2.1028053139458582,-2.0110018815008215,-2.699908049633741,3.321456481806813,-2.788333527833299,3.633285748427643,7.047533662719714,-3.024324625765991,-0.8846499039622129,-1.4198330573959639,1.1090017764382738,-5.136569024853564,0.7882708796855771,-3.6335078658277795,11.372033523726714,2.02130161706454,3.0356078269250952,1.8865549631211807,0.8945200081669801,3.1674429264705624,5.782342874312638,1.0977646253713886,2.0787946568256648,3.254454632379491,2.4153704837870453,2.8851744759813283,0.14588095742826085,1.259845153175389,0.3607186917416909,4.08514272340523,-3.246968273236032,-1.9479186117599518,-0.028884811235327205,-4.495972097062885,1.1213514350204463,1.9387862892013095,-3.9326885235783737,-0.6640026759591862
-0.4434595754069121,-4.082203031611953,-1.4465839461852137,0.18056331330422357,-1.0766523286328313,1.3707573744520123,-2.0110018815008215,2.3994908271453808,2.8820210410807294,-3.0326903170046298,2.9140366955742816,-3.8475275171422867,-7.424695761607772,3.1788130185080496,0.9572685375954442,1.028462822602756,-1.0801708007674884,5.34185951989964,-1.0933831481313259,3.6612385455977803,-11.517636506383797,-2.0737661114669925,-3.0029565624199734,-1.812830266893336,-0.8157755358911475,-2.8382957805663946,-6.08757817667591,-0.7935407786336581,-1.7163225657748142,-3.4697413047890135,-2.9768684814630637,-2.5034637758660963,0.3497027976664026,-1.233969563874667,-0.7537032044855106,-3.8992879999215604,3.4510863234986036,2.696468094086754,0.1335822848602966,4.799193853431747,-0.7451451701707753,-2.063704350334667,4.090196161057392,0.8656231653052882
-0.5188447449491516,-5.316892317822574,-2.062054716043523,0.18111885302208866,-1.2086184787297225,1.6409465089852167,-2.699908049633741,2.8820210410807294,3.8102471378917135,-4.099292280825228,3.712847503997863,-4.997762919648451,-9.689103022454784,4.44311123582462,1.267522235107228,1.477678952125541,-1.4903039800920708,7.107101137955042,-1.3480544328137516,4.84098994856905,-15.24709228541998,-2.5337124865114973,-4.032220618663927,-2.5253892153168493,-1.1100213231320295,-3.890064041209925,-7.8677922349048,-1.0857816950767705,-2.3972792844477424,-4.402325566583446,-3.757769417058413,-3.40579817329512,0.322626758298061,-1.5709134476340483,-0.9359075744706598,-5.1573777305200945,4.600420713169038,3.303007507548755,0.17868804018031664,6.238176740612625,-1.0088995636192624,-2.545885007931111,5.27807549951904,1.0754079676238029
0.6363430950864052,5.2750487623019104,2.939297097133303,0.19151111198205747,0.7291169993215668,-1.6774764700645715,3.321456481806813,-3.0326903170046298,-4.099292280825228,5.431306687563097,-4.441819639600068,5.5515817282534625,10.933198315732769,-4.587127165455142,-1.3993388453734141,-2.5156037229588617,1.6930565714975037,-7.913157814251423,1.0125401050259908,-5.72483093336935,17.724035000268987,3.2032452248324446,4.724834534077541,2.9346537769488528,1.4282493476912201,5.148423813595042,8.915484053331475,1.9035896893851545,3.492175228850461,4.99265915651804,3.467884118715173,4.755444022117861,0.5607062906957165,1.9902280446215717,0.23990963632838264,6.504918535448654,-4.904792726885013,-2.688717791834413,0.15443648038980004,-6.850700376536462,1.9415000064534977,3.0151663699880675,-6.030092558860354,-1.0161652979323528
-0.5411470297565849,-5.013168175762348,-2.2490274542603723,0.08277325418725312,-1.0030186422508183,1.6546970880886538,-2.788333527833299,2.9140366955742816,3.712847503997863,-4.441819639600068,3.952662650493061,-4.98433618288314,-9.820305163793234,4.208187806241936,1.301064004292622,1.826270970710225,-1.4339377874487256,7.057422428607141,-1.140243860031749,4.984742560372706,-15.444502296425137,-2.7400839457841544,-4.055473465990938,-2.474749259605761,-1.149552503446257,-4.144665010059205,-7.948152579473792,-1.3530162943881605,-2.6938469301436188,-4.456334339591017,-3.4968546308398922,-3.7561132053522317,-0.03282065569718169,-1.6541573493439583,-0.5564681304179191,-5.4061864747543025,4.452799378080152,3.0066056426058845,-0.06611490828985128,6.165325889795652,-1.2690127049691757,-2.664752443818403,5.267389886211488,1.087091040946451
0.731110992204377,6.930103349831587,2.7386626761636554,-0.12568441088922858,1.6045451301827514,-2.143360615090978,3.633285748427643,-3.8475275171422867,-4.997762919648451,5.5515817282534625,-4.98433618288314,6.69806011446803,12.876032655647986,-5.670773929921185,-1.6227281792847743,-2.072428239918615,1.9720496307705428,-9.3804012276606,1.748758719219205,-6.4387627061937955,20.292266142961026,3.5174036552885113,5.3716938687512545,3.2869829718869465,1.4926474201271345,5.2569185072548414,10.522957046220032,1.6048187314687627,3.2841981843618466,5.915765121305011,4.8708082490578715,4.692397034529777,-0.32755120907658686,2.1853067655247256,1.090174067499518,6.9754943073391225,-6.052061371997714,-4.153894611526096,-0.21897479921045032,-8.258564440399708,1.522600483457165,3.487006628508612,-7.046756476232227,-1.3505407144301622
1.3525521695543021,13.365775226007885,5.47929076425852,-0.35705724924312965,2.908803672279939,-4.2219506704743734,7.047533662719714,-7.424695761607772,-9.689103022454784,10.933198315732769,-9.820305163793234,12.876032655647986,25.126123070577002,-11.21737302705851,-3.304296129098927,-4.1727142672154915,3.778764908863977,-18.279924415471495,3.255507502368085,-12.604641069286673,39.470445471469276,6.722728519169369,10.418395359362211,6.4273141192203065,2.8948405396661885,10.276417951755707,20.34956455949464,3.0878949000845926,6.49359014172177,11.38649138165291,9.397891107218097,9.13938212233371,-0.4769315753034742,4.140909542066391,1.9910012464046325,13.527073853537166,-11.702014525984294,-8.159496839752578,-0.1886695602516941,-15.965412452078045,2.8494719632140004,6.679293700146688,-13.532792260997537,-2.7716020942477995
-0.48954369572229733,-6.301691340186195,-2.3277921927712315,0.4085927940455411,-1.3751617928221567,1.8907645359082663,-3.024324625765991,3.1788130185080496,4.44311123582462,-4.587127165455142,4.208187806241936,-5.670773929921185,-11.21737302705851,5.6090820739128855,1.5895760019713199,1.5401928787890846,-1.719626076760074,8.341375348730248,-1.6014854487403507,5.541287695010596,-17.458111881398533,-2.5772185063991784,-4.623362473523849,-2.9765799569707925,-1.2242726309448229,-4.313616331130434,-8.904592339680553,-0.9914976877308378,-2.6248976561747916,-4.889471253420182,-4.491240246060192,-3.644974920770236,0.5565612368339322,-1.624282814976655,-1.2661717091118394,-5.655095856285975,5.417902405931147,4.112992830269095,0.17195269438677666,7.147625449759906,-0.7770296564009738,-2.709730636102288,5.8446071066551335,1.3702538220640486
-0.14023527432364685,-1.7663996192529312,-0.7227952215561175,0.134182038611442,-0.35354477897426134,0.5888680770802696,-0.8846499039622129,0.9572685375954442,1.267522235107228,-1.3993388453734141,1.301064004292622,-1.6227281792847743,-3.304296129098927,1.5895760019713199,0.49648085235418793,0.5113310627042904,-0.4709570514131716,2.410407308011725,-0.41569856200354305,1.6471835538494937,-5.097578158412551,-0.7888945203908269,-1.3335046802061168,-0.8479591145275256,-0.3574214098779117,-1.2832822183777863,-2.5983786748031616,-0.3184355485614282,-0.8114490191246857,-1.4334099411647003,-1.2712675982738648,-1.1018556816028409,0.08962834890047455,-0.4692101602274908,-0.2956226766295479,-1.6782964575447592,1.5283607084147464,1.2060238985733982,-0.032213174456692445,2.0610994538743697,-0.2465786694287469,-0.8112184945538492,1.6863141551590286,0.4363284546271368
-0.2595656215472036,-1.628224275258536,-1.429674382472266,-0.2945244966986792,0.0808040343726365,0.5138584109822866,-1.4198330573959639,1.028462822602756,1.477678952125541,-2.5156037229588617,1.826270970710225,-2.072428239918615,-4.1727142672154915,1.5401928787890846,0.5113310627042904,1.4557832902529735,-0.6480223469282175,2.9554244643706684,-0.0988332056377413,2.3429289001367497,-7.018325650891312,-1.3831785157017789,-1.8803206422966403,-1.162495525513525,-0.6322475608232135,-2.3953604207029264,-3.3941438289791455,-1.0993739280426194,-1.7646316288691686,-1.8725506383731798,-0.8852727823565395,-2.3304758866781343,-0.7284792076152429,-0.8696933789332041,0.38165480566761456,-2.8391624730491962,1.7263290432501202,0.4097324325473759,-0.26658090777377297,2.487253723379976,-1.1543016119634073,-1.1965552987954693,2.3009351583193887,0.29926207958848466
0.22565226848000766,2.044238908591657,0.9172176755832853,0.0043975868929169324,0.4078326528353087,-0.6107158110684299,1.1090017764382738,-1.0801708007674884,-1.4903039800920708,1.6930565714975037,-1.4339377874487256,1.9720496307705428,3.778764908863977,-1.719626076760074,-0.4709570514131716,-0.6480223469282175,0.6275828799475707,-2.8131613339176806,0.49767140793076176,-1.9190145550450508,6.1322066349678215,1.038223609287939,1.6508506995896566,1.0533731840282414,0.4806469928880085,1.6395491687330452,3.123059973558261,0.5054806560518942,1.0379433585828295,1.7666392154324866,1.402164726602241,1.4469236705406907,-0.03619353088510488,0.6650112629930593,0.3307701962443382,2.1466964903723253,-1.8062416614977383,-1.1660175647198376,-0.10178289836891956,-2.4778033955469896,0.5411382654191673,1.0244562393616088,-2.162545089152776,-0.3435584175699051
-0.9811838878369821,-9.851286018620996,-4.03952437966331,0.2732550267942172,-2.1207839488536444,3.0627072565536304,-5.136569024853564,5.34185951989964,7.107101137955042,-7.913157814251423,7.057422428607141,-9.3804012276606,-18.279924415471495,8.341375348730248,2.410407308011725,2.9554244643706684,-2.8131613339176806,13.40964835129159,-2.4234054706948194,9.16119021768222,-28.854060387867786,-4.810292498813301,-7.6524707260564835,-4.783657001939346,-2.1323547179832634,-7.4800221827337525,-14.822971061759414,-2.175335944964584,-4.700411034015415,-8.296780495623416,-6.918241087438659,-6.58705571466225,0.41856365895815967,-2.998549571537975,-1.589248605185591,-9.84483402976165,8.603602831164398,6.021295670732963,0.23370294506151942,11.699075203383172,-2.0459533216862744,-4.816476210506888,9.926201163741851,1.9800192630602487
0.17550677900891612,2.0997109138853385,0.3981969156451896,-0.21021439638271386,0.7324228577134242,-0.6385453447937106,0.7882708796855771,-1.0933831481313259,-1.3480544328137516,1.0125401050259908,-1.140243860031749,1.748758719219205,3.255507502368085,-1.6014854487403507,-0.41569856200354305,-0.0988332056377413,0.49767140793076176,-2.4234054706948194,0.6999769053688958,-1.4897547173585997,4.898539106479712,0.7548854991369414,1.2845778533333283,0.7849241151982663,0.2993404109168158,0.9581344787235424,2.671050501021536,0.08843287822757524,0.44961993536958983,1.5204352573857194,1.612489032454178,0.7461696680229429,-0.5396582685475197,0.46886684440488374,0.6789140945207809,1.4529194423984524,-1.6616858025850532,-1.5556117764232282,-0.24371111544145738,-2.196162368106409,0.026804688313037183,0.8440475280427225,-1.781207190497848,-0.41519148551562346
-0.6928796693344794,-6.5277923775699165,-2.974367260093869,0.06262460071812671,-1.2576514174887055,2.0686020991028458,-3.6335078658277795,3.6612385455977803,4.84098994856905,-5.72483093336935,4.984742560372706,-6.4387627061937955,-12.604641069286673,5.541287695010596,1.6471835538494937,2.3429289001367497,-1.9190145550450508,9.16119021768222,-1.4897547173585997,6.428991471509309,-20.03703547867315,-3.472663712097232,-5.303363908630036,-3.299505470029585,-1.5176487575557596,-5.410302006920268,-10.240035513657348,-1.742174772745039,-3.496972254122839,-5.732008791381212,-4.501582909677604,-4.869281553126193,-0.04581914390006375,-2.1339888976641412,-0.7949317890007942,-7.022148454322347,5.816172883830808,3.8158919512893807,0.021246528210616504,8.000107633264918,-1.6869599250034626,-3.3854113006168034,6.869611864139649,1.3303732401237143
2.2444178948035076,20.758911262267205,9.278764981356295,-0.1946794817548889,4.166491730103026,-6.540419004154397,11.372033523726714,-11.517636506383797,-15.24709228541998,17.724035000268987,-15.444502296425137,20.292266142961026,39.470445471469276,-17.458111881398533,-5.097578158412551,-7.018325650891312,6.1322066349678215,-28.854060387867786,4.898539106479712,-20.03703547867315,62.982879724432884,10.896599215196323,16.73669881935207,10.451701046824716,4.797307480385056,16.829559178560597,32.253700855383535,5.3122728928337715,10.783721566406095,18.157078714233794,14.382319728394773,15.044984541042473,-0.15656609997211093,6.752752748748343,2.871715230800751,22.012044572922886,-18.376413268437794,-12.226182622743961,-0.3768555153444234,-25.31404358015158,5.295590321972,10.683377349628952,-21.832320183134293,-4.030029433267668
0.473295925490882,3.3450824190793695,1.683608282546193,0.13007267354313098,0.6698893852650394,-1.1322147497433683,2.02130161706454,-2.0737661114669925,-2.5337124865114973,3.2032452248324446,-2.7400839457841544,3.5174036552885113,6.722728519169369,-2.5772185063991784,-0.7888945203908269,-1.3831785157017789,1.038223609287939,-4.810292498813301,0.7548854991369414,-3.472663712097232,10.896599215196323,2.1623974114457543,2.8890850277548594,1.7368493676836076,0.8735395657858152,3.05319286155472,5.647729489878455,1.1494220142364484,2.0126699003792545,3.2602149581268987,2.285668899506873,2.8420523353444507,0.1890378197584231,1.3085772782621936,0.28260982087093434,4.030307344588643,-3.015505654794921,-1.8182858402824453,-0.03929053668816759,-4.346786507140819,1.2577251178274211,2.020564232984201,-3.9175765221728853,-0.5852961042227597
0.6008273115943835,5.475206734705382,2.51438182533977,-0.012125945892329492,1.0692609932219326,-1.7060027643093245,3.0356078269250952,-3.0029565624199734,-4.032220618663927,4.724834534077541,-4.055473465990938,5.3716938687512545,10.418395359362211,-4.623362473523849,-1.3335046802061168,-1.8803206422966403,1.6508506995896566,-7.6524707260564835,1.2845778533333283,-5.303363908630036,16.73669881935207,2.8890850277548594,4.471148071967848,2.805568218601653,1.294231131666566,4.505252217347123,8.542426478218713,1.4401543489352553,2.8974954301698816,4.8177694438438365,3.7693613340413195,4.027832000510584,-0.003547141478350358,1.8060027578080737,0.7569158403108627,5.88283467592998,-4.870090641743064,-3.1685881443500867,-0.13013773147993296,-6.712188897531278,1.4697219985015426,2.8296249133543543,-5.822913598728067,-1.0174664466459389
0.3639464823524032,3.4216063436314825,1.6531761588513108,-0.022657824303494903,0.5959592973384006,-1.0597721961686122,1.8865549631211807,-1.812830266893336,-2.5253892153168493,2.9346537769488528,-2.474749259605761,3.2869829718869465,6.4273141192203065,-2.9765799569707925,-0.8479591145275256,-1.162495525513525,1.0533731840282414,-4.783657001939346,0.7849241151982663,-3.299505470029585,10.451701046824716,1.7368493676836076,2.805568218601653,1.8261189301384677,0.8250253420857148,2.8282525916974812,5.269763961360325,0.8575495446046563,1.8182630119591559,2.971406545924922,2.341411988208261,2.484618853802322,0.024271793585289126,1.0928730675746465,0.5189608847168931,3.663295287924929,-3.039169693489219,-2.005175691015853,-0.09933421386258143,-4.190828923392692,0.918096894937574,1.709560256609124,-3.6505881075977356,-0.6239224044457654
0.18969661615203173,1.4482418450170589,0.816962264305097,0.06609621648548379,0.21137222477434342,-0.46039543732956456,0.8945200081669801,-0.8157755358911475,-1.1100213231320295,1.4282493476912201,-1.149552503446257,1.4926474201271345,2.8948405396661885,-1.2242726309448229,-0.3574214098779117,-0.6322475608232135,0.4806469928880085,-2.1323547179832634,0.2993404109168158,-1.5176487575557596,4.797307480385056,0.8735395657858152,1.294231131666566,0.8250253420857148,0.4021320841646412,1.3809448020211734,2.413523852836981,0.49767898887025525,0.9232084727132103,1.3793342456335012,0.9562163759211815,1.256654719622661,0.1283110648935941,0.5509975945360711,0.12630097660668144,1.7731519819103203,-1.3264548243821312,-0.7479939112580052,-0.02006070248313737,-1.8829698821196288,0.560881332667616,0.825349248094476,-1.7002545734720407,-0.23309590637579214
0.6232028772351272,4.989570468146637,2.834245575810401,0.2394823351445758,0.6634245387769714,-1.553703031880298,3.1674429264705624,-2.8382957805663946,-3.890064041209925,5.148423813595042,-4.144665010059205,5.2569185072548414,10.276417951755707,-4.313616331130434,-1.2832822183777863,-2.3953604207029264,1.6395491687330452,-7.4800221827337525,0.9581344787235424,-5.410302006920268,16.829559178560597,3.05319286155472,4.505252217347123,2.8282525916974812,1.3809448020211734,4.9313399843130625,8.442569292570079,1.8352152849030423,3.337749966034561,4.743775061345666,3.2455195900107543,4.549168713229411,0.5659549714292482,1.9161450382725593,0.23967871259698656,6.220649368921532,-4.647373284695524,-2.4574362035005444,0.08205013270458691,-6.508675408921006,1.9364161745937751,2.8596253719861573,-5.787863819393824,-0.8946180969346469
1.1791253050957073,10.83651776816158,4.543588504626207,-0.17198722890022358,2.391491403600659,-3.4445612964411687,5.782342874312638,-6.08757817667591,-7.8677922349048,8.915484053331475,-7.948152579473792,10.522957046220032,20.34956455949464,-8.904592339680553,-2.5983786748031616,-3.3941438289791455,3.123059973558261,-14.822971061759414,2.671050501021536,-10.240035513657348,32.253700855383535,5.647729489878455,8.542426478218713,5.269763961360325,2.413523852836981,8.442569292570079,16.6710405570542,2.6154638049344765,5.333545980422755,9.418432265174893,7.606214708031966,7.5406700807227685,-0.33327159806011936,3.478292948113621,1.6402808726249727,11.185558706350168,-9.491118705115897,-6.539428168167956,-0.278454824646437,-13.086964799416663,2.5745862441423606,5.563810647007607,-11.25501784018263,-2.116569797014958
0.23533918867728587,1.178557861731745,1.08002428655851,0.30444874391853494,-0.022474708487597167,-0.3698813731516403,1.0977646253713886,-0.7935407786336581,-1.0857816950767705,1.9035896893851545,-1.3530162943881605,1.6048187314687627,3.0878949000845926,-0.9914976877308378,-0.3184355485614282,-1.0993739280426194,0.5054806560518942,-2.175335944964584,0.08843287822757524,-1.742174772745039,5.3122728928337715,1.1494220142364484,1.4401543489352553,0.8575495446046563,0.49767898887025525,1.8352152849030423,2.6154638049344765,0.9105716505829805,1.3506768371137519,1.4878387435445233,0.6228972329689639,1.825738116171501,0.5716251513029146,0.7242845808678441,-0.30364623487225606,2.22509438862865,-1.2770390304296908,-0.2027801475899321,0.1319602029441435,-1.8978193355030448,1.0108763634220754,0.9806568719186846,-1.830586983341416,-0.1381601168109285
0.4021860076136925,2.936468814185959,1.9806424719221734,0.2585359251881609,0.21891039789691732,-0.9305249911778515,2.0787946568256648,-1.7163225657748142,-2.3972792844477424,3.492175228850461,-2.6938469301436188,3.2841981843618466,6.49359014172177,-2.6248976561747916,-0.8114490191246857,-1.7646316288691686,1.0379433585828295,-4.700411034015415,0.44961993536958983,-3.496972254122839,10.783721566406095,2.0126699003792545,2.8974954301698816,1.8182630119591559,0.9232084727132103,3.337749966034561,5.333545980422755,1.3506768371137519,2.34348185760066,2.993268201819099,1.8213328203170116,3.136623284700778,0.6335795698931791,1.26373984685225,-0.08906238399801805,4.121547106173021,-2.8519515593132048,-1.2562953788620401,0.1671717551557449,-4.050336225594215,1.446264362444257,1.8361300213711897,-3.6635848681985936,-0.5144147845236479
0.7019357662851928,6.076202041147465,2.590374473609384,-0.06819905260004361,1.3709284249163824,-1.9769017675915437,3.254454632379491,-3.4697413047890135,-4.402325566583446,4.99265915651804,-4.456334339591017,5.915765121305011,11.38649138165291,-4.889471253420182,-1.4334099411647003,-1.8725506383731798,1.7666392154324866,-8.296780495623416,1.5204352573857194,-5.732008791381212,18.157078714233794,3.2602149581268987,4.8177694438438365,2.971406545924922,1.3793342456335012,4.743775061345666,9.418432265174893,1.4878387435445233,2.993268201819099,5.380385874520887,4.284580506131895,4.238796233099557,-0.1847566584902203,1.9966042391123984,0.9577799254456885,6.348945010670932,-5.301030111841508,-3.701507662418038,-0.20755659009889932,-7.403250612158502,1.5435945715107944,3.1958955078728555,-6.4453068614535916,-1.1400025203043438
0.48477820027511387,5.548212386540872,1.6057010240464822,-0.4499558324789945,1.5816874573151696,-1.7592500324018936,2.4153704837870453,-2.9768684814630637,-3.757769417058413,3.467884118715173,-3.4968546308398922,4.8708082490578715,9.397891107218097,-4.491240246060192,-1.2712675982738648,-0.8852727823565395,1.402164726602241,-6.918241087438659,1.612489032454178,-4.501582909677604,14.382319728394773,2.285668899506873,3.7693613340413195,2.341411988208261,0.9562163759211815,3.2455195900107543,7.606214708031966,0.6228972329689639,1.8213328203170116,4.284580506131895,4.131399685201997,2.6939552337013692,-0.8933154881739342,1.3924585593264647,1.3922604793983617,4.550875528443069,-4.57333929851023,-3.9102637221439482,-0.34194763011136886,-6.140020900844361,0.4709817071516495,2.4234253989364207,-5.052378553911191,-1.1829826083076311
0.5739781098661774,4.25054142478928,2.6027167330379615,0.3306623360857522,0.49058834498485426,-1.3263105795570773,2.8851744759813283,-2.5034637758660963,-3.40579817329512,4.755444022117861,-3.7561132053522317,4.692397034529777,9.13938212233371,-3.644974920770236,-1.1018556816028409,-2.3304758866781343,1.4469236705406907,-6.58705571466225,0.7461696680229429,-4.869281553126193,15.044984541042473,2.8420523353444507,4.027832000510584,2.484618853802322,1.256654719622661,4.549168713229411,7.5406700807227685,1.825738116171501,3.136623284700778,4.238796233099557,2.6939552337013692,4.285134752380984,0.7077082863617332,1.776116660378723,-0.004659455646535683,5.693049788281042,-4.059980136295353,-1.895865369827724,0.14455846184167492,-5.734294473987344,1.9278925368080895,2.6090582083386025,-5.157328431851843,-0.7409142788212163
0.019567618751946337,-0.8933798800866664,0.5351497831475145,0.37804748679872907,-0.6831075941177607,0.2431653511185235,0.14588095742826085,0.3497027976664026,0.322626758298061,0.5607062906957165,-0.03282065569718169,-0.32755120907658686,-0.4769315753034742,0.5565612368339322,0.08962834890047455,-0.7284792076152429,-0.03619353088510488,0.41856365895815967,-0.5396582685475197,-0.04581914390006375,-0.15656609997211093,0.1890378197584231,-0.003547141478350358,0.024271793585289126,0.1283110648935941,0.5659549714292482,-0.33327159806011936,0.5716251513029146,0.6335795698931791,-0.1847566584902203,-0.8933154881739342,0.7077082863617332,0.9047513952791293,0.1152268954223248,-0.7678364131171249,0.43110666471220344,0.4571239943982623,1.102847207995065,0.3077619093456139,0.42777152363328796,0.7270180520457039,-0.008636927963697551,0.1198914771614198,0.23716159251167107
0.2959219255542534,2.0812250731844504,1.039878526457827,0.11564257858409234,0.4018148822815821,-0.6565136274060773,1.259845153175389,-1.233969563874667,-1.5709134476340483,1.9902280446215717,-1.6541573493439583,2.1853067655247256,4.140909542066391,-1.624282814976655,-0.4692101602274908,-0.8696933789332041,0.6650112629930593,-2.998549571537975,0.46886684440488374,-2.1339888976641412,6.752752748748343,1.3085772782621936,1.8060027578080737,1.0928730675746465,0.5509975945360711,1.9161450382725593,3.478292948113621,0.7242845808678441,1.26373984685225,1.9966042391123984,1.3924585593264647,1.776116660378723,0.1152268954223248,0.8284257399553159,0.1672757532593768,2.5008585925270723,-1.8816356612124272,-1.038910869614326,-0.0470116466503787,-2.6765799390418135,0.7935487570013309,1.2303008867889427,-2.4165266175154847,-0.32573220893416016
0.08399637153215699,1.663691430637165,0.05205291648665564,-0.3413080278837336,0.7202061340500295,-0.5107718161993189,0.3607186917416909,-0.7537032044855106,-0.9359075744706598,0.23990963632838264,-0.5564681304179191,1.090174067499518,1.9910012464046325,-1.2661717091118394,-0.2956226766295479,0.38165480566761456,0.3307701962443382,-1.589248605185591,0.6789140945207809,-0.7949317890007942,2.871715230800751,0.28260982087093434,0.7569158403108627,0.5189608847168931,0.12630097660668144,0.23967871259698656,1.6402808726249727,-0.30364623487225606,-0.08906238399801805,0.9577799254456885,1.3922604793983617,-0.004659455646535683,-0.7678364131171249,0.1672757532593768,0.8850213528740901,0.6018293826084635,-1.1774689007093244,-1.5491918264052336,-0.3538658411570816,-1.4995043045389427,-0.3451846133425651,0.44505747868411805,-1.1407653621663807,-0.3322243516328621
0.8454933249746389,6.782200250437431,3.5346747520390926,0.20458238284671962,1.1459143762558073,-2.1677886846727605,4.08514272340523,-3.8992879999215604,-5.1573777305200945,6.504918535448654,-5.4061864747543025,6.9754943073391225,13.527073853537166,-5.655095856285975,-1.6782964575447592,-2.8391624730491962,2.1466964903723253,-9.84483402976165,1.4529194423984524,-7.022148454322347,22.012044572922886,4.030307344588643,5.88283467592998,3.663295287924929,1.7731519819103203,6.220649368921532,11.185558706350168,2.22509438862865,4.121547106173021,6.348945010670932,4.550875528443069,5.693049788281042,0.43110666471220344,2.5008585925270723,0.6018293826084635,8.03164408945773,-6.171478093212735,-3.6276610078500333,-0.03877345859568979,-8.681629115668867,2.3704335516583637,3.8215446729119686,-7.710319225903565,-1.2117077230714728
-0.614288343642585,-6.45637065724918,-2.440972319762749,0.2345888757025262,-1.5006238990342906,1.9647244172796827,-3.246968273236032,3.4510863234986036,4.600420713169038,-4.904792726885013,4.452799378080152,-6.052061371997714,-11.702014525984294,5.417902405931147,1.5283607084147464,1.7263290432501202,-1.8062416614977383,8.603602831164398,-1.6616858025850532,5.816172883830808,-18.376413268437794,-3.015505654794921,-4.870090641743064,-3.039169693489219,-1.3264548243821312,-4.647373284695524,-9.491118705115897,-1.2770390304296908,-2.8519515593132048,-5.301030111841508,-4.57333929851023,-4.059980136295353,0.4571239943982623,-1.8816356612124272,-1.1774689007093244,-6.171478093212735,5.5886566260334725,4.0182536221518665,0.24585179562072346,7.528863314595758,-1.1618977042165057,-3.053075833938145,6.335440314171046,1.2918551028886398
-0.3704065184368388,-5.041106572497202,-1.23855206990566,0.6573266937387414,-1.5602053561919738,1.6983848013002498,-1.9479186117599518,2.696468094086754,3.303007507548755,-2.688717791834413,3.0066056426058845,-4.153894611526096,-8.159496839752578,4.112992830269095,1.2060238985733982,0.4097324325473759,-1.1660175647198376,6.021295670732963,-1.5556117764232282,3.8158919512893807,-12.226182622743961,-1.8182858402824453,-3.1685881443500867,-2.005175691015853,-0.7479939112580052,-2.4574362035005444,-6.539428168167956,-0.2027801475899321,-1.2562953788620401,-3.701507662418038,-3.9102637221439482,-1.895865369827724,1.102847207995065,-1.038910869614326,-1.5491918264052336,-3.6276610078500333,4.0182536221518665,4.020926072291499,0.34042974190634345,5.38776945413836,-0.017155186632997827,-2.0278849774002548,4.3156185329795695,1.1940402771841552
-0.045438204706359606,-0.3996228525192655,0.08866697141782622,0.03838359264200889,-0.2704527824670338,0.07228803369096223,-0.028884811235327205,0.1335822848602966,0.17868804018031664,0.15443648038980004,-0.06611490828985128,-0.21897479921045032,-0.1886695602516941,0.17195269438677666,-0.032213174456692445,-0.26658090777377297,-0.10178289836891956,0.23370294506151942,-0.24371111544145738,0.021246528210616504,-0.3768555153444234,-0.03929053668816759,-0.13013773147993296,-0.09933421386258143,-0.02006070248313737,0.08205013270458691,-0.278454824646437,0.1319602029441435,0.1671717551557449,-0.20755659009889932,-0.34194763011136886,0.14455846184167492,0.3077619093456139,-0.0470116466503787,-0.3538658411570816,-0.03877345859568979,0.24585179562072346,0.34042974190634345,0.2635288977287754,0.3154730704009124,0.06486439005718124,-0.08675025828635363,0.29903702392422193,-0.03523468705210055
-0.9166190680709496,-8.678340857851227,-3.5277140025822193,0.22258033509642222,-1.9632872254372433,2.7529237842586274,-4.495972097062885,4.799193853431747,6.238176740612625,-6.850700376536462,6.165325889795652,-8.258564440399708,-15.965412452078045,7.147625449759906,2.0610994538743697,2.487253723379976,-2.4778033955469896,11.699075203383172,-2.196162368106409,8.000107633264918,-25.31404358015158,-4.346786507140819,-6.712188897531278,-4.190828923392692,-1.8829698821196288,-6.508675408921006,-13.086964799416663,-1.8978193355030448,-4.050336225594215,-7.403250612158502,-6.140020900844361,-5.734294473987344,0.42777152363328796,-2.6765799390418135,-1.4995043045389427,-8.681629115668867,7.528863314595758,5.38776945413836,0.3154730704009124,10.357317130007875,-1.8851728468539377,-4.32534356192294,8.885943560209308,1.6879719600325818
0.29406450029189996,1.0171784045719294,1.2447734476592063,0.4227898369663392,-0.12973091834630088,-0.3516818150650403,1.1213514350204463,-0.7451451701707753,-1.0088995636192624,1.9415000064534977,-1.2690127049691757,1.522600483457165,2.8494719632140004,-0.7770296564009738,-0.2465786694287469,-1.1543016119634073,0.5411382654191673,-2.0459533216862744,0.026804688313037183,-1.6869599250034626,5.295590321972,1.2577251178274211,1.4697219985015426,0.918096894937574,0.560881332667616,1.9364161745937751,2.5745862441423606,1.0108763634220754,1.446264362444257,1.5435945715107944,0.4709817071516495,1.9278925368080895,0.7270180520457039,0.7935487570013309,-0.3451846133425651,2.3704335516583637,-1.1618977042165057,-0.017155186632997827,0.06486439005718124,-1.8851728468539377,1.2841497132834074,1.0340969367136468,-1.9877878766430486,0.008279715038386266
0.4414917844067262,3.46403111235172,1.5485939401274031,0.028078332114089142,0.7743756888381175,-1.1517308186930106,1.9387862892013095,-2.063704350334667,-2.545885007931111,3.0151663699880675,-2.664752443818403,3.487006628508612,6.679293700146688,-2.709730636102288,-0.8112184945538492,-1.1965552987954693,1.0244562393616088,-4.816476210506888,0.8440475280427225,-3.3854113006168034,10.683377349628952,2.020564232984201,2.8296249133543543,1.709560256609124,0.825349248094476,2.8596253719861573,5.563810647007607,0.9806568719186846,1.8361300213711897,3.1958955078728555,2.4234253989364207,2.6090582083386025,-0.008636927963697551,1.2303008867889427,0.44505747868411805,3.8215446729119686,-3.053075833938145,-2.0278849774002548,-0.08675025828635363,-4.32534356192294,1.0340969367136468,1.9431470864983444,-3.8167788521338863,-0.6354319946562901
-0.8603228622840405,-7.235122793001832,-3.234649453023468,0.015526152686373017,-1.5454038151631588,2.3327612644409332,-3.9326885235783737,4.090196161057392,5.27807549951904,-6.030092558860354,5.267389886211488,-7.046756476232227,-13.532792260997537,5.8446071066551335,1.6863141551590286,2.3009351583193887,-2.162545089152776,9.926201163741851,-1.781207190497848,6.869611864139649,-21.832320183134293,-3.9175765221728853,-5.822913598728067,-3.6505881075977356,-1.7002545734720407,-5.787863819393824,-11.25501784018263,-1.830586983341416,-3.6635848681985936,-6.4453068614535916,-5.052378553911191,-5.157328431851843,0.1198914771614198,-2.4165266175154847,-1.1407653621663807,-7.710319225903565,6.335440314171046,4.3156185329795695,0.29903702392422193,8.885943560209308,-1.9877878766430486,-3.8167788521338863,7.82320778886623,1.2885034789253014
-0.08942138438282796,-1.5645171681320942,-0.42668412755288077,0.21382350767739963,-0.4139487586644924,0.5265422651702404,-0.6640026759591862,0.8656231653052882,1.0754079676238029,-1.0161652979323528,1.087091040946451,-1.3505407144301622,-2.7716020942477995,1.3702538220640486,0.4363284546271368,0.29926207958848466,-0.3435584175699051,1.9800192630602487,-0.41519148551562346,1.3303732401237143,-4.030029433267668,-0.5852961042227597,-1.0174664466459389,-0.6239224044457654,-0.23309590637579214,-0.8946180969346469,-2.116569797014958,-0.1381601168109285,-0.5144147845236479,-1.1400025203043438,-1.1829826083076311,-0.7409142788212163,0.23716159251167107,-0.32573220893416016,-0.3322243516328621,-1.2117077230714728,1.2918551028886398,1.1940402771841552,-0.03523468705210055,1.6879719600325818,0.008279715038386266,-0.6354319946562901,1.2885034789253014,0.4607062871757907
