V1,V2,V3,V4,V5,V6,V7,V8,V9,V10,V11,V12,V13,V14,V15,V16,V17,V18,V19,V20,V21,V22,V23,V24,V25,V26,V27,V28,V29,V30,V31,V32,V33,V34,V35,V36,V37,V38,V39,V40,V41,V42,V43,V44
39.036944124241586,-14.143085996835772,0.08998760842653733,6.677915973713111,24.192783128010053,-64.4164671967463,30.561395561326826,28.727617883213973,-1.4885594786081335,-8.073008091945203,-105.81005891800343,-67.35882452635808,1.7769258921249527,-23.701897256777883,-55.21274015465911,-47.4883413203496,-22.58243797609341,-20.065300115093585,-123.81621981364003,-85.22308739912974,-65.92911685084353,-34.55151774670075,59.53432442451894,71.68630182380738,60.833448442738074,-27.06821909526108,8.435917575658543,-55.51374873886267,-8.043259542610986,-49.9545646791363,15.045464587064373,52.63216046723371,21.669774286533475,33.91685288605549,75.5427910720406,63.34948131289106,31.08294851643674,-37.32161714233888,-3.611703778079373,-16.615538012402016,-24.312510383013034,-3.823562507242643,-1.8875353494585847,32.522845900286136
-14.143085996835772,5.299992591400299,-0.07264157947968745,-2.5422786106787902,-8.823307252909002,23.085294712025675,-11.091036518142067,-10.244678960963356,0.6951007111962526,2.991926308309463,38.54697583108144,24.28085037119443,-0.6127056062053087,8.742702350776964,20.145670469745937,17.211661773530093,8.23921048942025,7.142605986223507,45.009373365948164,30.984174249723353,23.845835806597112,12.616209393225061,-21.64051011009372,-26.135687327681854,-22.23723543043685,9.876922981910537,-2.8822796819557523,20.19487547554035,2.831440186064449,18.255031933269088,-5.684778419854012,-19.06554929915041,-7.758821445345793,-12.28842045438359,-27.45714019211754,-22.96701619439751,-11.416116659803595,13.584146269456381,1.2196087736136552,5.926336177651235,8.9956289189597,1.39400145940639,0.746204734624212,-11.786185738935218
0.08998760842653733,-0.07264157947968745,0.22301360458436736,-0.040281888486724905,0.16601091088548486,0.027576200927607295,0.1971174927009352,0.22406092983935058,0.02953799955633217,0.13795071188704475,-0.21278899637821733,-0.5294135369003689,-0.31529665988929356,0.05282474772404733,-0.2921006834263112,-0.28182041757475457,-0.19883528797708766,0.10660154504779794,-0.09494243150367253,-0.4365385290856228,-0.04315467876774605,0.053914922850962714,0.10214292334504314,-0.08311283809018752,-0.0881661992621297,-0.1873022699670603,-0.020609010206065707,-0.01088888693445829,-0.12738232993085516,0.05031879648403182,-0.07640212249781175,-0.06557716814346194,0.04032223079430944,-0.11576518836782446,0.14949798642064938,0.09909807663347805,0.04640925614381633,0.06223794284027036,-0.03300374995686135,-0.192574501961806,0.07474045413771488,-0.19191835027762966,-0.019306280133801736,0.016567481461267256
6.677915973713111,-2.5422786106787902,-0.040281888486724905,1.7321293357361445,3.9552174029305913,-10.859494595520884,4.661544324847838,4.721050941366005,-0.43762422993276023,-1.6195096826506286,-18.121717969789735,-11.241154102598317,0.64326411074062,-4.314857393724242,-9.206183325319074,-7.830623953809483,-3.8080305646927264,-3.3407839264222723,-21.23551533531207,-14.712975785114208,-11.306919928228035,-5.967061572146348,9.987824802628694,12.454368267203625,11.289994995766161,-4.004574815464403,1.065668447004721,-9.434173952599503,-1.247134968767237,-8.643282026571486,2.941995172994457,8.807738147144123,3.7354035182945053,5.841762819407166,13.040816456566974,10.778312418479386,5.451600931314425,-6.77425278310541,-0.5198056554040817,-2.461063992346684,-4.4518833049702575,-0.5672552137802309,-0.7194356636090331,5.324310189292073
24.192783128010053,-8.823307252909002,0.16601091088548486,3.9552174029305913,15.174010253816848,-39.77224275164409,19.264089051267142,17.74538076961421,-0.9802458379374684,-4.8722152454940435,-65.65884613401082,-41.87228617617444,0.8123464862942636,-14.642556578012103,-34.417811539389916,-29.62200968819242,-14.195085585131716,-12.384477193556254,-76.66775637633178,-52.772326172499184,-40.71922982025773,-21.374164921393724,37.04198959317299,44.30129350015752,37.29069744119182,-17.127244006955777,5.317633808658892,-34.46710187347361,-5.018179822039691,-30.970091580921032,9.210253898722678,32.67049200001907,13.360346967798655,20.816735880085414,46.76296349159442,39.2572186056018,19.284351767514686,-22.950201341007393,-2.259807687906304,-10.437651963219688,-15.04412964510982,-2.5046026613316292,-1.005067682959758,20.24806086676597
-64.4164671967463,23.085294712025675,0.027576200927607295,-10.859494595520884,-39.77224275164409,107.5141542369368,-50.7597745947643,-47.567960533224735,2.5935117392243363,13.335783388688451,175.06392843671202,111.65074782499445,-3.6027353194538763,39.174309967301745,90.99710843733511,78.44581419060172,36.9299911936382,33.52756146025106,205.12142279401192,140.97683440828757,109.12553320509885,57.198096217555765,-98.6309728472634,-118.7034943903248,-100.3451499326841,44.68651383030348,-14.431924094572176,92.02360507442125,13.502640886189774,82.71029711650061,-24.862098446472476,-87.897017349596,-36.070327737396376,-56.58934239067975,-125.02149296965659,-105.28932636539653,-51.27090635905903,61.76929962490132,5.891638040549503,27.669208924634663,40.005790108736086,6.423504483752336,2.5716194577032994,-54.29092057290839
30.561395561326826,-11.091036518142067,0.1971174927009352,4.661544324847838,19.264089051267142,-50.7597745947643,25.140217066241995,22.315071439332943,-1.5836888835868048,-6.123543652049393,-83.60265313951427,-53.15858126147923,1.254618425872786,-18.619177528789617,-43.746056003962174,-37.606682790736265,-17.772370885127952,-15.788994409695107,-97.63335954999631,-66.95333867118475,-51.58502157255063,-27.303040046456786,47.32174144924113,56.26432043733829,46.68109618959888,-22.19480219778602,7.068397286412474,-44.00588376701831,-6.494934904505094,-39.5115390927908,11.773468028473486,42.25256599195648,16.840188833405083,26.709186512295783,59.27355070960504,50.2310665306445,24.520620628168793,-28.896297977131923,-2.648875673007774,-13.501195610197627,-19.036164315835258,-3.3237100227895393,-0.5350745746553397,26.184770837390523
28.727617883213973,-10.244678960963356,0.22406092983935058,4.721050941366005,17.74538076961421,-47.567960533224735,22.315071439332943,21.84677769428063,-0.5796662523844501,-5.747200041381202,-77.46768598475148,-50.20686346907103,1.070079011539099,-17.05282938458504,-40.639071200759616,-35.074789886792495,-16.515305965862385,-14.717455886581293,-90.7307663248513,-63.05598451240555,-48.610618279854314,-25.135640729274964,43.51255987944772,52.45698024644916,44.552980049929666,-19.83472630138095,6.265000104182749,-40.48349763888941,-6.115946880765063,-36.261058859771865,10.747728090410583,38.24775602333289,16.110487210515352,25.031976659502433,55.57543612720811,46.4610967648786,22.585771659646024,-27.265177954545393,-2.8425509765267023,-12.479429097757999,-17.35840461201218,-2.8849604111007974,-1.6145912379123684,23.777769878147463
-1.4885594786081335,0.6951007111962526,0.02953799955633217,-0.43762422993276023,-0.9802458379374684,2.5935117392243363,-1.5836888835868048,-0.5796662523844501,0.7000938232823493,0.45848333346885795,4.765181032549457,2.427509192285041,-0.4252335130394397,1.32867837656001,2.2445329806751286,1.8042847224616259,0.8611252721065168,0.7924762613122013,5.477825636139351,3.461133408757702,2.532679047735077,1.6715591387281676,-2.7230674999257065,-3.1503644394119394,-2.5423898548820074,1.1943126126191597,-0.3236341675753431,2.6024150178228647,0.28261160791548284,2.472503761504739,-1.0228288199707996,-2.8240684516381847,-0.7380431526882394,-1.4854515241474244,-3.1215592551056117,-2.934626352029385,-1.539983758013527,1.6354619253166376,-0.149179770688226,0.566590817731119,1.3702657060760586,0.26652962591875673,-0.3501945483943193,-1.6319767690577216
-8.073008091945203,2.991926308309463,0.13795071188704475,-1.6195096826506286,-4.8722152454940435,13.335783388688451,-6.123543652049393,-5.747200041381202,0.45848333346885795,1.8976762925957462,22.06034376040958,13.556245542535308,-0.7329259411653575,5.124278844717182,11.31816731741346,9.600099975415903,4.485887703990622,4.165999604210306,25.924837599622865,17.637681541487442,13.76172539417526,7.348408740588082,-12.320296480539469,-15.17520137364344,-13.10141574293081,5.378879614674874,-1.5847419691302642,11.593176755741089,1.5343326320931707,10.56162996451583,-3.449980522974533,-11.024083096333714,-4.440424316362527,-7.284309341425925,-15.738974121476934,-13.189274708415502,-6.5652691174503595,7.956603662860268,0.6182307193456372,3.2071558087354584,5.2651513681324165,0.6272336453466667,0.4701854367121706,-6.735107948430224
-105.81005891800343,38.54697583108144,-0.21278899637821733,-18.121717969789735,-65.65884613401082,175.06392843671202,-83.60265313951427,-77.46768598475148,4.765181032549457,22.06034376040958,288.0280921029802,182.702921939729,-5.355763445466379,64.76078533046129,150.06138633089608,128.84821895601883,61.00161795301267,54.42348339207143,336.9915878163231,231.6599978172784,178.91529139160656,94.22724596063847,-162.10425762285317,-195.13742210764238,-165.11285008803782,73.85786224899856,-22.962338975788942,151.22389872023564,21.84744167900021,136.21567438117918,-41.484904260598974,-143.96063532932055,-58.65725774609568,-92.6035782766012,-205.30168956281685,-172.636564612827,-84.7271478556589,101.38257538554706,9.360615758521996,45.14837169604613,66.32918360720775,10.546046860641423,4.428932043356879,-88.92105185525173
-67.35882452635808,24.28085037119443,-0.5294135369003689,-11.241154102598317,-41.87228617617444,111.65074782499445,-53.15858126147923,-50.20686346907103,2.427509192285041,13.556245542535308,182.702921939729,117.51799141375996,-2.774362630132143,40.60400955642383,95.54065895611286,82.40560219523537,39.05239572905554,34.590245342254306,213.66361317249294,147.84381597837242,113.77150459522055,59.36649171862224,-102.84695944823228,-123.3891816900151,-104.39592247551217,46.96975628011902,-14.84507618077259,95.73424870101678,14.302262037260252,85.90123305428553,-25.645105938376002,-90.97863349274938,-37.63884578349787,-58.54044748411383,-130.54637408851843,-109.6525239129395,-53.47919902496225,64.15457194291542,6.316936577310497,29.2221052573312,41.44905750389341,7.078823862233385,3.008791238303907,-56.383540755176895
1.7769258921249527,-0.6127056062053087,-0.31529665988929356,0.64326411074062,0.8123464862942636,-3.6027353194538763,1.254618425872786,1.070079011539099,-0.4252335130394397,-0.7329259411653575,-5.355763445466379,-2.774362630132143,1.0313242597733336,-1.4756652193710746,-2.2751599191328338,-1.8454168656848662,-0.5730984360226952,-1.148281868121162,-6.561372390200798,-4.120179641813806,-3.3617012700114923,-1.982315679022099,2.9244673422167304,4.005419927590517,3.594529123353417,-0.851448937253795,0.3920665882500087,-2.9232216211367716,-0.3019725276697995,-2.783130323186296,1.247741894246649,3.1854758681337065,1.0889558591033903,2.276830240095354,3.8146870791256164,3.4420050004470473,1.6277714957952638,-2.1924698148225,0.09190112943337866,-0.5245116262620928,-1.4306722610553073,-0.012190036869417671,0.08644637208205272,1.820357767340388
-23.701897256777883,8.742702350776964,0.05282474772404733,-4.314857393724242,-14.642556578012103,39.174309967301745,-18.619177528789617,-17.05282938458504,1.32867837656001,5.124278844717182,64.76078533046129,40.60400955642383,-1.4756652193710746,14.779984545855207,33.56347531807518,28.715610588232167,13.606540581069968,12.195497937022548,75.79707905243126,51.900010824452025,40.123603958367326,21.295886489574322,-36.39885586092218,-43.9957391200332,-37.43282776126202,16.38505298598802,-4.992728123023423,34.0412671056385,4.780395202322462,30.79009487681853,-9.604752841349379,-32.455089518937825,-13.102697577978425,-20.858121778445412,-46.104976114076294,-38.79224210327902,-19.16606635082524,22.939463541293442,1.9669028883893507,9.896449015203817,15.17271669503463,2.2757702561728648,1.0196904300376115,-19.952512766967473
-55.21274015465911,20.145670469745937,-0.2921006834263112,-9.206183325319074,-34.417811539389916,90.99710843733511,-43.746056003962174,-40.639071200759616,2.2445329806751286,11.31816731741346,150.06138633089608,95.54065895611286,-2.2751599191328338,33.56347531807518,78.51234327263455,67.43066311935925,32.00420990654156,28.24535546331157,175.43703233969637,120.85985873720838,93.22246456536281,48.98504909174848,-84.48639550822634,-101.5001619716764,-85.70338135975737,38.83099685643623,-11.967788987060022,78.70278769378632,11.441816837246815,70.80997454891885,-21.3913493103691,-74.70205833392455,-30.536537392570683,-48.05017494386244,-106.97274949030437,-89.8166397153869,-44.10546331875476,52.60202494490475,5.002906992805076,23.72881832232719,34.3929885961713,5.5711685072279815,2.3943297260768075,-46.2542008919619
-47.4883413203496,17.211661773530093,-0.28182041757475457,-7.830623953809483,-29.62200968819242,78.44581419060172,-37.606682790736265,-35.074789886792495,1.8042847224616259,9.600099975415903,128.84821895601883,82.40560219523537,-1.8454168656848662,28.715610588232167,67.43066311935925,58.092962727699266,27.650010269166714,24.398232544819827,150.6293085031309,103.82874017097609,80.11119121621563,41.948741646716016,-72.62681430422921,-87.0532468239881,-73.45444460740958,33.35743776960743,-10.468231395919315,67.61231045966836,9.928611551627935,60.72958708046113,-18.102938363286516,-64.1890222647701,-26.39248967104682,-41.1209195184585,-91.92756556256481,-77.19435863842145,-37.78766345161474,45.17366079750086,4.4474476704708925,20.506613104516614,29.42180113036624,4.878218121216847,2.0490623745534773,-39.7640962083785
-22.58243797609341,8.23921048942025,-0.19883528797708766,-3.8080305646927264,-14.195085585131716,36.9299911936382,-17.772370885127952,-16.515305965862385,0.8611252721065168,4.485887703990622,61.00161795301267,39.05239572905554,-0.5730984360226952,13.606540581069968,32.00420990654156,27.650010269166714,13.490536727438906,11.555793891788706,71.13735133755233,49.02376340768434,37.83949310019166,19.75492984976386,-34.439172451311826,-41.08002038017381,-34.77572829894978,15.81097444837605,-4.920946555849479,32.02057421920114,4.656872136556939,28.74513239642776,-8.40446600330315,-30.172294869163224,-12.512693166172458,-19.047007817074153,-43.50719768453891,-36.392790119532336,-17.926096835746318,21.412711902002947,2.2450656504083306,9.649797415443846,14.03852196272781,2.3756535884878303,1.1393794447736383,-18.68993625362223
-20.065300115093585,7.142605986223507,0.10660154504779794,-3.3407839264222723,-12.384477193556254,33.52756146025106,-15.788994409695107,-14.717455886581293,0.7924762613122013,4.165999604210306,54.42348339207143,34.590245342254306,-1.148281868121162,12.195497937022548,28.24535546331157,24.398232544819827,11.555793891788706,10.560737014662694,63.802124567793285,43.61853297055279,33.963301764793556,17.798114815645498,-30.742109836417757,-36.94413910019972,-31.166236169799276,13.90989365546058,-4.586355439467128,28.691128119481075,4.158195418096226,25.77905111961448,-7.636651776358966,-27.409445144483502,-11.24947545834293,-17.53649050552029,-38.857555765577644,-32.7313153353208,-15.93528602170616,19.23121347248733,1.9029777093468965,8.563906807793375,12.489475904687067,1.9331198903202795,0.7770466802589026,-16.9080766150256
-123.81621981364003,45.009373365948164,-0.09494243150367253,-21.23551533531207,-76.66775637633178,205.12142279401192,-97.63335954999631,-90.7307663248513,5.477825636139351,25.924837599622865,336.9915878163231,213.66361317249294,-6.561372390200798,75.79707905243126,175.43703233969637,150.6293085031309,71.13735133755233,63.802124567793285,394.48927536033443,271.06433632793664,209.54274235992003,110.3382701854348,-189.62180662659694,-228.51431352885677,-193.4597532332815,86.22370621095703,-26.89378461440133,176.95921387807067,25.541967749016678,159.41977054619392,-48.607882179021814,-168.53988847936168,-68.71234034979142,-108.6390459015961,-240.2944495342005,-202.0761774547173,-99.10503065686642,118.75584357593988,10.943495536201475,52.76331046713967,77.60189690519248,12.176526142286097,5.228643632343129,-104.06036714929152
-85.22308739912974,30.984174249723353,-0.4365385290856228,-14.712975785114208,-52.772326172499184,140.97683440828757,-66.95333867118475,-63.05598451240555,3.461133408757702,17.637681541487442,231.6599978172784,147.84381597837242,-4.120179641813806,51.900010824452025,120.85985873720838,103.82874017097609,49.02376340768434,43.61853297055279,271.06433632793664,187.22344223710294,144.18195284415447,75.61739256037396,-130.15457073931023,-156.87297386939647,-133.19007955329644,59.13150860359151,-18.2852054825476,121.35782767004399,17.793166182377824,109.2198625237771,-33.30083880397827,-115.32436458245554,-47.39813921774612,-74.63022482360674,-165.4191237056418,-138.89404807048996,-68.0570216661135,81.61092884391527,7.623455876085096,36.49870505330382,53.024891762547476,8.614336244219128,3.9792172294519372,-71.3156622696262
-65.92911685084353,23.845835806597112,-0.04315467876774605,-11.306919928228035,-40.71922982025773,109.12553320509885,-51.58502157255063,-48.610618279854314,2.532679047735077,13.76172539417526,178.91529139160656,113.77150459522055,-3.3617012700114923,40.123603958367326,93.22246456536281,80.11119121621563,37.83949310019166,33.963301764793556,209.54274235992003,144.18195284415447,111.5838449521617,58.52920542326324,-100.60649368064735,-121.4014135677263,-103.03655499635732,45.629243790431204,-14.258105611318236,93.87483984686308,13.600085774931603,84.51343230886089,-25.630788960059192,-89.17754669560532,-36.653592493516356,-57.731233308209575,-127.7777864639564,-107.24429624544851,-52.54911517000115,63.170744346050434,5.99670390689073,28.053586091471576,41.077805947804585,6.364118271014177,3.1217861258153388,-55.082967485998346
-34.55151774670075,12.616209393225061,0.053914922850962714,-5.967061572146348,-21.374164921393724,57.198096217555765,-27.303040046456786,-25.135640729274964,1.6715591387281676,7.348408740588082,94.22724596063847,59.36649171862224,-1.982315679022099,21.295886489574322,48.98504909174848,41.948741646716016,19.75492984976386,17.798114815645498,110.3382701854348,75.61739256037396,58.52920542326324,30.962726665832694,-53.00338002772395,-63.97687698660761,-54.141901599187975,24.107001192582057,-7.445931777223631,49.51094616420298,7.050581551723208,44.683420354560504,-13.766208262958514,-47.21730012786869,-19.08899846012463,-30.467111941459827,-67.10126360509867,-56.48049956157219,-27.771945763550537,33.21373890342266,2.941850534675066,14.641503186042247,21.825329487321547,3.310857474764366,1.380780935381496,-29.108622275979076
59.53432442451894,-21.64051011009372,0.10214292334504314,9.987824802628694,37.04198959317299,-98.6309728472634,47.32174144924113,43.51255987944772,-2.7230674999257065,-12.320296480539469,-162.10425762285317,-102.84695944823228,2.9244673422167304,-36.39885586092218,-84.48639550822634,-72.62681430422921,-34.439172451311826,-30.742109836417757,-189.62180662659694,-130.15457073931023,-100.60649368064735,-53.00338002772395,91.39022297747877,109.72863246398151,92.50876789190258,-41.813991722781424,13.14373820676503,-85.21258349889585,-12.328323327490404,-76.69619580799514,23.16874986837179,81.23464900745046,33.018140864621984,51.993952935967584,115.4637111972648,97.21120312749167,47.6512433289836,-56.92291935789681,-5.322537661199958,-25.520097946657614,-37.29365121970024,-5.996250637502017,-2.2543454653753336,50.196283080087255
71.68630182380738,-26.135687327681854,-0.08311283809018752,12.454368267203625,44.30129350015752,-118.7034943903248,56.26432043733829,52.45698024644916,-3.1503644394119394,-15.17520137364344,-195.13742210764238,-123.3891816900151,4.005419927590517,-43.9957391200332,-101.5001619716764,-87.0532468239881,-41.08002038017381,-36.94413910019972,-228.51431352885677,-156.87297386939647,-121.4014135677263,-63.97687698660761,109.72863246398151,132.58437213483444,112.40885729367467,-49.757993857788904,15.431008974025442,-102.47807977419741,-14.646765101958174,-92.40621686365567,28.357428755600438,97.4983791072731,39.76210763262773,63.077011579035826,139.20383092841323,116.9352499370082,57.43361746779867,-68.91899080844732,-6.310115456463821,-30.34533655267952,-45.054129879936276,-6.886903301478237,-3.2273443236897212,60.194826347743145
60.833448442738074,-22.23723543043685,-0.0881661992621297,11.289994995766161,37.29069744119182,-100.3451499326841,46.68109618959888,44.552980049929666,-2.5423898548820074,-13.10141574293081,-165.11285008803782,-104.39592247551217,3.594529123353417,-37.43282776126202,-85.70338135975737,-73.45444460740958,-34.77572829894978,-31.166236169799276,-193.4597532332815,-133.19007955329644,-103.03655499635732,-54.141901599187975,92.50876789190258,112.40885729367467,96.48051921998156,-41.21055073774601,12.521454932947963,-86.51980296191368,-12.282601632814247,-78.15863084740468,24.27169911832953,81.90436657879722,33.819693110189895,53.39510207121113,118.09044154516724,98.79771242486585,48.709692991698184,-58.87889155022404,-5.377242370038442,-25.264067358519426,-38.38439399651391,-5.638248657563355,-3.5587660137663315,50.42827956206604
-27.06821909526108,9.876922981910537,-0.1873022699670603,-4.004574815464403,-17.127244006955777,44.68651383030348,-22.19480219778602,-19.83472630138095,1.1943126126191597,5.378879614674874,73.85786224899856,46.96975628011902,-0.851448937253795,16.38505298598802,38.83099685643623,33.35743776960743,15.81097444837605,13.90989365546058,86.22370621095703,59.13150860359151,45.629243790431204,24.107001192582057,-41.813991722781424,-49.757993857788904,-41.21055073774601,19.794603201129473,-6.204467921077787,38.85393403787945,5.677925580720291,34.8752879705752,-10.329160235950155,-37.08724731511103,-14.854713971552899,-23.532682581788,-52.404793583957805,-44.23558077021727,-21.65788569272518,25.469676337036255,2.435428624749225,11.952810171825035,16.794662483222893,2.862707592433111,0.6385942213555941,-23.0557421934644
8.435917575658543,-2.8822796819557523,-0.020609010206065707,1.065668447004721,5.317633808658892,-14.431924094572176,7.068397286412474,6.265000104182749,-0.3236341675753431,-1.5847419691302642,-22.962338975788942,-14.84507618077259,0.3920665882500087,-4.992728123023423,-11.967788987060022,-10.468231395919315,-4.920946555849479,-4.586355439467128,-26.89378461440133,-18.2852054825476,-14.258105611318236,-7.445931777223631,13.14373820676503,15.431008974025442,12.521454932947963,-6.204467921077787,2.283074867193247,-12.19836476829678,-1.8847179024008727,-10.838280291789253,2.9598448306384277,11.87711040198702,4.7851350044429495,7.353502630280725,16.31583736840182,13.950559487038088,6.616084499415781,-7.901048963464457,-0.8560571710207256,-3.8742258255508917,-5.07712904012886,-0.9572004392151182,0.047809330776225754,7.381966233587181
-55.51374873886267,20.19487547554035,-0.01088888693445829,-9.434173952599503,-34.46710187347361,92.02360507442125,-44.00588376701831,-40.48349763888941,2.6024150178228647,11.593176755741089,151.22389872023564,95.73424870101678,-2.9232216211367716,34.0412671056385,78.70278769378632,67.61231045966836,32.02057421920114,28.691128119481075,176.95921387807067,121.35782767004399,93.87483984686308,49.51094616420298,-85.21258349889585,-102.47807977419741,-86.51980296191368,38.85393403787945,-12.19836476829678,79.5104213768603,11.440658569358753,71.61932753995222,-21.747481718967965,-75.82554832869849,-30.790153965059115,-48.60557790973819,-107.722979314331,-90.69331656405338,-44.48325191898293,53.212464453302886,4.908637143359966,23.686824538704865,34.88489155255471,5.514446715469587,2.1426207658916265,-46.81060942810941
-8.043259542610986,2.831440186064449,-0.12738232993085516,-1.247134968767237,-5.018179822039691,13.502640886189774,-6.494934904505094,-6.115946880765063,0.28261160791548284,1.5343326320931707,21.84744167900021,14.302262037260252,-0.3019725276697995,4.780395202322462,11.441816837246815,9.928611551627935,4.656872136556939,4.158195418096226,25.541967749016678,17.793166182377824,13.600085774931603,7.050581551723208,-12.328323327490404,-14.646765101958174,-12.282601632814247,5.677925580720291,-1.8847179024008727,11.440658569358753,1.818977992304068,10.20434515654483,-2.964813986441068,-10.98235043980403,-4.547529950207494,-7.0091666274882405,-15.607807214137475,-13.206471401365155,-6.344903083458016,7.595498770045115,0.7619310320621084,3.6309327775620757,4.834341773506506,0.9467379258912574,0.22773522049228292,-6.8209563750597235
-49.9545646791363,18.255031933269088,0.05031879648403182,-8.643282026571486,-30.970091580921032,82.71029711650061,-39.5115390927908,-36.261058859771865,2.472503761504739,10.56162996451583,136.21567438117918,85.90123305428553,-2.783130323186296,30.79009487681853,70.80997454891885,60.72958708046113,28.74513239642776,25.77905111961448,159.41977054619392,109.2198625237771,84.51343230886089,44.683420354560504,-76.69619580799514,-92.40621686365567,-78.15863084740468,34.8752879705752,-10.838280291789253,71.61932753995222,10.20434515654483,64.60459997761289,-19.797339611912435,-68.29190552153048,-27.647144553899878,-43.841689886846225,-96.9957248488719,-81.64590023303833,-40.144287604843896,48.0135305656608,4.321135448166199,21.171394370737808,31.578692749200652,4.878566434775515,1.978696103322653,-42.10943503882737
15.045464587064373,-5.684778419854012,-0.07640212249781175,2.941995172994457,9.210253898722678,-24.862098446472476,11.773468028473486,10.747728090410583,-1.0228288199707996,-3.449980522974533,-41.484904260598974,-25.645105938376002,1.247741894246649,-9.604752841349379,-21.3913493103691,-18.102938363286516,-8.40446600330315,-7.636651776358966,-48.607882179021814,-33.30083880397827,-25.630788960059192,-13.766208262958514,23.16874986837179,28.357428755600438,24.27169911832953,-10.329160235950155,2.9598448306384277,-21.747481718967965,-2.964813986441068,-19.797339611912435,6.561017068326583,20.790930102751304,8.24225649004012,13.649379117901628,29.499088210069683,24.834630408403328,12.355195200278935,-14.761850070708366,-1.0395898673571091,-6.167528357582392,-9.817956754939075,-1.3799104562736846,-0.6735421726497776,12.761243164471749
52.63216046723371,-19.06554929915041,-0.06557716814346194,8.807738147144123,32.67049200001907,-87.897017349596,42.25256599195648,38.24775602333289,-2.8240684516381847,-11.024083096333714,-143.96063532932055,-90.97863349274938,3.1854758681337065,-32.455089518937825,-74.70205833392455,-64.1890222647701,-30.172294869163224,-27.409445144483502,-168.53988847936168,-115.32436458245554,-89.17754669560532,-47.21730012786869,81.23464900745046,97.4983791072731,81.90436657879722,-37.08724731511103,11.87711040198702,-75.82554832869849,-10.98235043980403,-68.29190552153048,20.790930102751304,72.84770572518067,29.25717427800332,46.4913764736615,102.37639207238217,86.62420394015507,42.31930392104734,-50.53208779549549,-4.4692381174430365,-22.645751341923834,-33.17309281606202,-5.350244279481967,-1.4382013580723556,44.91695352081893
21.669774286533475,-7.758821445345793,0.04032223079430944,3.7354035182945053,13.360346967798655,-36.070327737396376,16.840188833405083,16.110487210515352,-0.7380431526882394,-4.440424316362527,-58.65725774609568,-37.63884578349787,1.0889558591033903,-13.102697577978425,-30.536537392570683,-26.39248967104682,-12.512693166172458,-11.24947545834293,-68.71234034979142,-47.39813921774612,-36.653592493516356,-19.08899846012463,33.018140864621984,39.76210763262773,33.819693110189895,-14.854713971552899,4.7851350044429495,-30.790153965059115,-4.547529950207494,-27.647144553899878,8.24225649004012,29.25717427800332,12.201687444337756,18.85790476990869,42.00652117049946,35.24097439668348,17.16987931810466,-20.781448906234306,-2.084333003318884,-9.263172842979698,-13.39016923680696,-2.1668674493198403,-1.090253959271901,18.08202781863271
33.91685288605549,-12.28842045438359,-0.11576518836782446,5.841762819407166,20.816735880085414,-56.58934239067975,26.709186512295783,25.031976659502433,-1.4854515241474244,-7.284309341425925,-92.6035782766012,-58.54044748411383,2.276830240095354,-20.858121778445412,-48.05017494386244,-41.1209195184585,-19.047007817074153,-17.53649050552029,-108.6390459015961,-74.63022482360674,-57.731233308209575,-30.467111941459827,51.993952935967584,63.077011579035826,53.39510207121113,-23.532682581788,7.353502630280725,-48.60557790973819,-7.0091666274882405,-43.841689886846225,13.649379117901628,46.4913764736615,18.85790476990869,30.432535775041107,66.08640757710124,55.667563844914966,27.20801972518118,-32.69503522970698,-2.844428713263089,-14.452913373398816,-21.23193335774587,-3.20569678648041,-1.365360805828572,28.70873940094308
75.5427910720406,-27.45714019211754,0.14949798642064938,13.040816456566974,46.76296349159442,-125.02149296965659,59.27355070960504,55.57543612720811,-3.1215592551056117,-15.738974121476934,-205.30168956281685,-130.54637408851843,3.8146870791256164,-46.104976114076294,-106.97274949030437,-91.92756556256481,-43.50719768453891,-38.857555765577644,-240.2944495342005,-165.4191237056418,-127.7777864639564,-67.10126360509867,115.4637111972648,139.20383092841323,118.09044154516724,-52.404793583957805,16.31583736840182,-107.722979314331,-15.607807214137475,-96.9957248488719,29.499088210069683,102.37639207238217,42.00652117049946,66.08640757710124,146.55870932605492,123.05145245551958,60.343158574837666,-72.43463642341031,-6.812583628652861,-32.1711947202943,-47.19516566676696,-7.464350881984479,-3.498729399573309,63.25900454149738
63.34948131289106,-22.96701619439751,0.09909807663347805,10.778312418479386,39.2572186056018,-105.28932636539653,50.2310665306445,46.4610967648786,-2.934626352029385,-13.189274708415502,-172.636564612827,-109.6525239129395,3.4420050004470473,-38.79224210327902,-89.8166397153869,-77.19435863842145,-36.392790119532336,-32.7313153353208,-202.0761774547173,-138.89404807048996,-107.24429624544851,-56.48049956157219,97.21120312749167,116.9352499370082,98.79771242486585,-44.23558077021727,13.950559487038088,-90.69331656405338,-13.206471401365155,-81.64590023303833,24.834630408403328,86.62420394015507,35.24097439668348,55.667563844914966,123.05145245551958,103.68581885241262,50.72502713045808,-60.74700366800789,-5.563524898449977,-27.164365267740557,-39.65433095624472,-6.391143836684082,-2.3997121859448836,53.48341727344793
31.08294851643674,-11.416116659803595,0.04640925614381633,5.451600931314425,19.284351767514686,-51.27090635905903,24.520620628168793,22.585771659646024,-1.539983758013527,-6.5652691174503595,-84.7271478556589,-53.47919902496225,1.6277714957952638,-19.16606635082524,-44.10546331875476,-37.78766345161474,-17.926096835746318,-15.93528602170616,-99.10503065686642,-68.0570216661135,-52.54911517000115,-27.771945763550537,47.6512433289836,57.43361746779867,48.709692991698184,-21.65788569272518,6.616084499415781,-44.48325191898293,-6.344903083458016,-40.144287604843896,12.355195200278935,42.31930392104734,17.16987931810466,27.20801972518118,60.343158574837666,50.72502713045808,25.005717215444804,-29.863925261931044,-2.677215000231684,-13.145685040591038,-19.661522639470977,-3.055139206734489,-1.3417895547289709,26.096494344169653
-37.32161714233888,13.584146269456381,0.06223794284027036,-6.77425278310541,-22.950201341007393,61.76929962490132,-28.896297977131923,-27.265177954545393,1.6354619253166376,7.956603662860268,101.38257538554706,64.15457194291542,-2.1924698148225,22.939463541293442,52.60202494490475,45.17366079750086,21.412711902002947,19.23121347248733,118.75584357593988,81.61092884391527,63.170744346050434,33.21373890342266,-56.92291935789681,-68.91899080844732,-58.87889155022404,25.469676337036255,-7.901048963464457,53.212464453302886,7.595498770045115,48.0135305656608,-14.761850070708366,-50.53208779549549,-20.781448906234306,-32.69503522970698,-72.43463642341031,-60.74700366800789,-29.863925261931044,36.060549054434524,3.3193069272766853,15.62058507437505,23.52607745468492,3.551337705746926,1.9338150143061945,-31.11740790652502
-3.611703778079373,1.2196087736136552,-0.03300374995686135,-0.5198056554040817,-2.259807687906304,5.891638040549503,-2.648875673007774,-2.8425509765267023,-0.149179770688226,0.6182307193456372,9.360615758521996,6.316936577310497,0.09190112943337866,1.9669028883893507,5.002906992805076,4.4474476704708925,2.2450656504083306,1.9029777093468965,10.943495536201475,7.623455876085096,5.99670390689073,2.941850534675066,-5.322537661199958,-6.310115456463821,-5.377242370038442,2.435428624749225,-0.8560571710207256,4.908637143359966,0.7619310320621084,4.321135448166199,-1.0395898673571091,-4.4692381174430365,-2.084333003318884,-2.844428713263089,-6.812583628652861,-5.563524898449977,-2.677215000231684,3.3193069272766853,0.5499190549068262,1.56677656554468,2.0383616254602948,0.3484115956335251,0.36236952837617925,-2.8150659220603353
-16.615538012402016,5.926336177651235,-0.192574501961806,-2.461063992346684,-10.437651963219688,27.669208924634663,-13.501195610197627,-12.479429097757999,0.566590817731119,3.2071558087354584,45.14837169604613,29.2221052573312,-0.5245116262620928,9.896449015203817,23.72881832232719,20.506613104516614,9.649797415443846,8.563906807793375,52.76331046713967,36.49870505330382,28.053586091471576,14.641503186042247,-25.520097946657614,-30.34533655267952,-25.264067358519426,11.952810171825035,-3.8742258255508917,23.686824538704865,3.6309327775620757,21.171394370737808,-6.167528357582392,-22.645751341923834,-9.263172842979698,-14.452913373398816,-32.1711947202943,-27.164365267740557,-13.145685040591038,15.62058507437505,1.56677656554468,7.455141130288924,10.075173029104587,1.8454300569525082,0.45343938338019085,-14.092103388749944
-24.312510383013034,8.9956289189597,0.07474045413771488,-4.4518833049702575,-15.04412964510982,40.005790108736086,-19.036164315835258,-17.35840461201218,1.3702657060760586,5.2651513681324165,66.32918360720775,41.44905750389341,-1.4306722610553073,15.17271669503463,34.3929885961713,29.42180113036624,14.03852196272781,12.489475904687067,77.60189690519248,53.024891762547476,41.077805947804585,21.825329487321547,-37.29365121970024,-45.054129879936276,-38.38439399651391,16.794662483222893,-5.07712904012886,34.88489155255471,4.834341773506506,31.578692749200652,-9.817956754939075,-33.17309281606202,-13.39016923680696,-21.23193335774587,-47.19516566676696,-39.65433095624472,-19.661522639470977,23.52607745468492,2.0383616254602948,10.075173029104587,15.642714021905183,2.2851249434359646,1.1046006014799512,-20.367629064382832
-3.823562507242643,1.39400145940639,-0.19191835027762966,-0.5672552137802309,-2.5046026613316292,6.423504483752336,-3.3237100227895393,-2.8849604111007974,0.26652962591875673,0.6272336453466667,10.546046860641423,7.078823862233385,-0.012190036869417671,2.2757702561728648,5.5711685072279815,4.878218121216847,2.3756535884878303,1.9331198903202795,12.176526142286097,8.614336244219128,6.364118271014177,3.310857474764366,-5.996250637502017,-6.886903301478237,-5.638248657563355,2.862707592433111,-0.9572004392151182,5.514446715469587,0.9467379258912574,4.878566434775515,-1.3799104562736846,-5.350244279481967,-2.1668674493198403,-3.20569678648041,-7.464350881984479,-6.391143836684082,-3.055139206734489,3.551337705746926,0.3484115956335251,1.8454300569525082,2.2851249434359646,0.6533383064051189,-0.029781064558995735,-3.3599026152835663
-1.8875353494585847,0.746204734624212,-0.019306280133801736,-0.7194356636090331,-1.005067682959758,2.5716194577032994,-0.5350745746553397,-1.6145912379123684,-0.3501945483943193,0.4701854367121706,4.428932043356879,3.008791238303907,0.08644637208205272,1.0196904300376115,2.3943297260768075,2.0490623745534773,1.1393794447736383,0.7770466802589026,5.228643632343129,3.9792172294519372,3.1217861258153388,1.380780935381496,-2.2543454653753336,-3.2273443236897212,-3.5587660137663315,0.6385942213555941,0.047809330776225754,2.1426207658916265,0.22773522049228292,1.978696103322653,-0.6735421726497776,-1.4382013580723556,-1.090253959271901,-1.365360805828572,-3.498729399573309,-2.3997121859448836,-1.3417895547289709,1.9338150143061945,0.36236952837617925,0.45343938338019085,1.1046006014799512,-0.029781064558995735,0.9518057386059363,-0.8967465901936246
32.522845900286136,-11.786185738935218,0.016567481461267256,5.324310189292073,20.24806086676597,-54.29092057290839,26.184770837390523,23.777769878147463,-1.6319767690577216,-6.735107948430224,-88.92105185525173,-56.383540755176895,1.820357767340388,-19.952512766967473,-46.2542008919619,-39.7640962083785,-18.68993625362223,-16.9080766150256,-104.06036714929152,-71.3156622696262,-55.082967485998346,-29.108622275979076,50.196283080087255,60.194826347743145,50.42827956206604,-23.0557421934644,7.381966233587181,-46.81060942810941,-6.8209563750597235,-42.10943503882737,12.761243164471749,44.91695352081893,18.08202781863271,28.70873940094308,63.25900454149738,53.48341727344793,26.096494344169653,-31.11740790652502,-2.8150659220603353,-14.092103388749944,-20.367629064382832,-3.3599026152835663,-0.8967465901936246,27.77365556261835
