V1,V2,V3,V4,V5,V6,V7,V8,V9,V10,V11,V12,V13,V14,V15,V16,V17,V18,V19,V20,V21,V22,V23,V24,V25,V26,V27,V28,V29,V30,V31,V32,V33,V34,V35,V36,V37,V38,V39,V40,V41,V42,V43
383.99266710561574,-14.702741416155765,-220.33216394949577,271.9527503148186,-201.18058931908567,282.0232177738891,-232.06797816895542,-80.12557477123809,457.38884956134547,259.83573809282035,129.1714154241238,-130.47523084453363,265.0159647552651,60.91574778506934,-31.38748587361945,122.23432585924033,393.82839109204457,371.61790148004025,-75.54160365412721,-140.7872060676838,355.0573174126317,-5.417133437890381,188.92444311348137,83.96056702364457,697.4411631993764,206.39587950182073,181.70127232411977,72.70770618158863,-38.028109489996915,-18.34406735338205,296.94065917449535,-161.6551644039975,-196.78830912309147,-370.1325320819806,-75.32392718564248,-39.498656653781666,413.79533319972984,291.7088148341797,455.27738526053133,-83.27841756279612,-22.0566577797202,48.07577893904402,-185.34186155766454
-14.702741416155765,0.7154034916628952,8.007455314698483,-9.928701819619063,7.218753885548315,-11.189217518476777,7.915432271058239,2.6355507829371763,-16.875753001172686,-10.269063263308418,-5.202470604181456,4.992314215455823,-9.95417308878347,-2.2562275030166785,0.9363242271358103,-4.564509477762974,-14.479594473122603,-13.014009536352521,2.919071593792286,4.851771852924435,-13.201055726523048,-0.18386836811696466,-6.865606440702632,-2.9835461078882375,-26.042826883687475,-7.694354024429102,-6.548068599287967,-2.6014339398063706,1.295854724265226,0.4452785595551097,-11.127422245105059,6.433636637473542,7.013142406577293,13.874585488933675,2.9059844009953917,1.4253824541896116,-15.75508862335169,-11.073213664071531,-16.84393181147479,2.4184366205096954,1.018102873832645,-2.2311407247645905,6.951033602941682
-220.33216394949577,8.007455314698483,127.66905892377942,-157.44756260901815,116.81437608111233,-160.71187702444664,135.9448876270322,47.227276905503615,-264.2842333343677,-148.1789943380089,-73.38111925395818,74.8744219685862,-152.6228584145748,-35.152864149247996,18.783539959061972,-70.47400306799116,-227.70881546104894,-216.72241599513686,43.278114665299874,82.34510634179452,-204.84705346467237,4.2167148331923885,-109.46234585945666,-48.83427167441676,-402.0967731554236,-119.04007778466219,-105.4334921782585,-42.26961891627996,22.291661398752833,11.266343862033454,-171.07824381785034,92.06061617587906,114.41861719972022,213.23004108484488,43.14967606932812,22.905566658683473,-237.70183913808057,-167.6600969694552,-262.92984418035684,50.00727650922424,12.142479342900922,-26.460940185642166,106.76653701295014
271.9527503148186,-9.928701819619063,-157.44756260901815,194.18637841650641,-144.0353370477328,198.48073000951806,-167.49844967152424,-58.15905296376962,326.0059939284535,182.99114417989895,90.65098263910724,-92.41526853771394,188.31978000470636,43.36727077600826,-23.101677549256937,86.94847698143855,280.8733746457453,267.1247989259236,-53.42433067017298,-101.47102415079571,252.72024349414528,-5.088297022151043,134.9955498477777,60.2059355511347,496.0978131715451,146.86435493017464,130.0096222886871,52.11404425862877,-27.46312859826629,-13.827232600289378,211.0850996263905,-113.70285702701042,-141.06397874402407,-263.0960578125112,-53.26622578461349,-28.2459551710415,293.36187836575647,206.90983812917057,324.350062609848,-61.487223210885524,-15.042269122122278,32.77961528488815,-131.73591784876456
-201.18058931908567,7.218753885548315,116.81437608111233,-144.0353370477328,106.96192436191276,-146.51960948394176,124.70378463242277,43.3684176230378,-241.6902933495459,-135.11066701723223,-66.85874982264767,68.37138218451695,-139.47598264280015,-32.15733941893381,17.304479641323148,-64.41970001322025,-208.26394801565482,-198.61542097230281,39.49472214137058,75.49800068493184,-187.29154060705784,4.07582025044477,-100.15781475519584,-44.72539746486631,-367.54134853582025,-108.80693579116306,-96.51879758596992,-38.68489023525532,20.451684251487094,10.435196567700089,-156.35139558090515,83.91142457855973,104.79283768849834,194.8769844096369,39.39363126467697,20.976345338471617,-217.09423205684067,-153.14498018748515,-240.41966133908517,46.10475761617239,10.991601701580908,-23.935403337675815,97.57055065227138
282.0232177738891,-11.189217518476777,-160.71187702444664,198.48073000951806,-146.51960948394176,208.14365103559192,-167.94524395000792,-57.728737222217916,334.2890273315608,191.66173057671568,95.53540047283761,-95.82068900643249,194.14737252445957,44.553351716376866,-22.36656538149079,89.47905703267418,287.69842418767047,269.8143394309162,-55.54667053487348,-102.00807142507774,259.76912235861016,-2.967643803425096,137.80297721171758,61.06903314391563,510.5346775850368,151.04485708601658,132.40171480015508,52.91820869551245,-27.518883924680512,-12.808496135021961,217.46503156111396,-119.3542478660144,-143.19515688747845,-271.0813511938919,-55.38309907411203,-28.79248881705842,303.6840326586229,213.99952747780253,332.86139935723645,-59.17328318246916,-16.651127173481356,36.31806548843423,-135.7484805204482
-232.06797816895542,7.915432271058239,135.9448876270322,-167.49844967152424,124.70378463242277,-167.94524395000792,146.52322560576474,51.230146505702216,-280.5601394698363,-154.97702067533578,-76.41463935244651,78.87605576190245,-161.4240755340387,-37.28355312816492,20.703959585104602,-74.6321532473612,-241.90326828311916,-232.45583138374087,45.49469330872714,88.59009441588005,-217.1156063868665,5.7681881232866266,-116.55326705645881,-52.22466285084024,-425.80150565540305,-126.10077366013267,-112.46279425497947,-45.155551311568416,24.04238366868449,12.749011656796696,-181.02375441439744,96.12675008013676,122.3207013786693,225.61189838397726,45.372354728718875,24.426437833340426,-250.68148201850033,-176.9249022412847,-278.9588430618457,55.31896540497633,12.185516699961404,-26.52960797202346,112.95288256203125
-80.12557477123809,2.6355507829371763,47.227276905503615,-58.15905296376962,43.3684176230378,-57.728737222217916,51.230146505702216,17.97946148615926,-97.29125370952046,-53.29838223952266,-26.212008611241888,27.234380445965087,-55.86169611487404,-12.913329570978595,7.32812081837173,-25.844893166756314,-83.92268352571172,-81.05910108522085,15.694469222083162,30.950053626429263,-75.21444655973674,2.247222635272526,-40.48780433129398,-18.18285160983861,-147.45429888500828,-43.682680733649875,-39.09788497617686,-15.724243383455399,8.409395885585349,4.573383114453574,-62.66152749488725,33.03037977737891,42.57618404858019,78.09048095318549,15.646648710389352,8.485781733799493,-86.61449413151395,-61.15037706357875,-96.70676786108223,19.61506050714463,4.086175612228586,-8.899308492960795,39.095843112971885
457.38884956134547,-16.875753001172686,-264.2842333343677,326.0059939284535,-241.6902933495459,334.2890273315608,-280.5601394698363,-97.29125370952046,547.5427225540467,308.1478542746753,152.7751754170232,-155.42955107204915,316.50471443338944,72.86586513980124,-38.53334770404484,146.10097092146583,471.67137091446847,447.8387082010603,-89.87724197455137,-170.0103929830978,424.59408537005993,-8.090114339372569,226.6000883991103,100.98395096990483,833.5886308979755,246.74766707940088,218.1809918297157,87.40948096213216,-46.00018180947011,-22.94616336314135,354.73042497628404,-191.51947135784522,-236.6422141881467,-442.14565959343963,-89.62184743809121,-47.414439634355055,493.2902066093692,347.88243562583955,544.8112033237663,-102.48582353779864,-25.514896044729717,55.60047051850749,-221.3878675614193
259.83573809282035,-10.269063263308418,-148.1789943380089,182.99114417989895,-135.11066701723223,191.66173057671568,-154.97702067533578,-53.29838223952266,308.1478542746753,176.49997169934426,87.95011536948059,-88.2817295247272,178.91811097607356,41.065121705542595,-20.672405583017582,82.46584795556373,265.2164143610691,248.8875372069569,-51.17022826210458,-94.11903816719486,239.42653339153412,-2.8408306676078463,127.05838434616955,56.32511895079198,470.5316361452922,139.21533705159823,122.084687998129,48.80317477741998,-25.38951181588236,-11.867207074375631,200.41739221486264,-109.90266687421587,-132.05412469613756,-249.82797494552392,-51.01876609974585,-26.54627647080744,279.8102048706053,197.18612202606062,306.8233977363339,-54.71552689308551,-15.297913626125482,33.360191166276344,-125.10628092027554
129.1714154241238,-5.202470604181456,-73.38111925395818,90.65098263910724,-66.85874982264767,95.53540047283761,-76.41463935244651,-26.212008611241888,152.7751754170232,87.95011536948059,43.891339082673404,-43.88607526904298,88.82108630948312,20.37119044798458,-10.102884191981277,40.9214885173082,131.4545502094846,122.94457146099796,-25.4527779971491,-46.43606320995756,118.7764725783708,-1.1577216800421448,62.922802192794265,27.850955105816492,233.48554418278388,69.06878920772064,60.42887648143543,24.135322781406526,-12.518049614202564,-5.731350737341268,99.47585424994519,-54.79256131104506,-65.31249943606456,-124.0053429575316,-25.379867268953024,-13.144298200839168,139.04290696348954,97.96421737893071,152.14712661278807,-26.696761138207393,-7.720903724741198,16.839334279082173,-62.09873607832454
-130.47523084453363,4.992314215455823,74.8744219685862,-92.41526853771394,68.37138218451695,-95.82068900643249,78.87605576190245,27.234380445965087,-155.42955107204915,-88.2817295247272,-43.88607526904298,44.33424323592907,-90.0543119334301,-20.701721398433726,10.67114590101131,-41.53698558408685,-133.83049925266647,-126.3006891657881,25.666918470828495,47.849204281566045,-120.65487419581768,1.8478072949167375,-64.2010990499619,-28.533502735321232,-236.99713340116483,-70.13430199560291,-61.750205864015804,-24.707411015743403,12.926192584850007,6.2384505923098965,-100.9019713262786,54.92234481529488,66.88017606839239,125.77341730893326,25.594439456789583,13.424443740139946,-140.60478107454512,-99.12128674201186,-154.7099893963138,28.31314187589069,7.4909724568246085,-16.32733513325942,62.97963157638645
265.0159647552651,-9.95417308878347,-152.6228584145748,188.31978000470636,-139.47598264280015,194.14737252445957,-161.4240755340387,-55.86169611487404,316.50471443338944,178.91811097607356,88.82108630948312,-90.0543119334301,183.1603770991657,42.13661051361426,-22.012838678669212,84.51666412260245,272.5859291804308,258.0619729841738,-52.10429416080604,-97.87041068717082,245.5590219497805,-4.231658133652129,130.8620566962092,58.24153836862811,482.21432546525466,142.7199741712731,125.93865774666463,50.423785919847404,-26.46356137263479,-12.993238642115188,205.25126436470342,-111.25274158551623,-136.50330534265552,-255.83734881036781,-51.956490127397345,-27.374062534943707,285.7110860096145,201.45411594999916,314.97905983477835,-58.47552569441353,-14.991109772765157,32.67424180667546,-128.10370167136657
60.91574778506934,-2.2562275030166785,-35.152864149247996,43.36727077600826,-32.15733941893381,44.553351716376866,-37.28355312816492,-12.913329570978595,72.86586513980124,41.065121705542595,20.37119044798458,-20.701721398433726,42.13661051361426,9.710576044268949,-5.103732927966545,19.447630218590287,62.76033474875092,59.54411854582332,-11.966820675022547,-22.587583528685595,56.52574370330357,-1.0478761895851492,30.144404791962945,13.431392175682301,110.9600109392553,32.83613483534158,29.025512516549703,11.60914356555734,-6.109423470341152,-3.031933357642985,47.2231399174681,-25.52498165037014,-31.47431076549268,-58.863598448623506,-11.943630091907487,-6.31416092857303,65.68482970061373,46.32277193941836,72.50525926539366,-13.575414578080514,-3.4211446967794648,7.441632629762381,-29.471517723102913
-31.38748587361945,0.9363242271358103,18.783539959061972,-23.101677549256937,17.304479641323148,-22.36656538149079,20.703959585104602,7.32812081837173,-38.53334770404484,-20.672405583017582,-10.102884191981277,10.67114590101131,-22.012838678669212,-5.103732927966545,3.0491418829838746,-10.2032095018239,-33.27077513525887,-32.55373526716136,6.133283079172671,12.481784111619156,-29.72058858887521,1.1266930987028365,-16.09945307275243,-7.2709049428339405,-58.20181076586246,-17.251880201098114,-15.586211307628954,-6.286340674352667,3.4058635809244944,1.9596689933661526,-24.70508070481676,12.780595197524626,17.025997795041334,30.785001888526008,6.113417928701697,3.38031954574105,-33.995093178529196,-24.019480347864548,-38.26952802283832,8.189816396627467,1.481797766402572,-3.2304887018173876,15.41000640335313
122.23432585924033,-4.564509477762974,-70.47400306799116,86.94847698143855,-64.41970001322025,89.47905703267418,-74.6321532473612,-25.844893166756314,146.10097092146583,82.46584795556373,40.9214885173082,-41.53698558408685,84.51666412260245,19.447630218590287,-10.2032095018239,39.004445351169444,125.83658566672665,119.25159009158487,-24.02824967875358,-45.24131071136843,113.33244571412722,-2.0198504159940147,60.42462590464255,26.904166864806612,222.53718526322575,65.86648380914241,58.16315873855329,23.292553266650057,-12.23764374333768,-6.039849049349288,94.71335121762513,-51.26930082761462,-63.05800035193827,-118.05546700690275,-23.959808938951475,-12.641805314909524,131.79862196282383,92.93598101657305,145.38719110490067,-27.1122356750449,-6.880991135153898,14.999179713862633,-59.11227221435279
393.82839109204457,-14.479594473122603,-227.70881546104894,280.8733746457453,-208.26394801565482,287.69842418767047,-241.90326828311916,-83.92268352571172,471.67137091446847,265.2164143610691,131.4545502094846,-133.83049925266647,272.5859291804308,62.76033474875092,-33.27077513525887,125.83658566672665,406.3337479701938,386.0156368461986,-77.38056992302754,-146.57242768828132,365.7188890057069,-7.101507252163952,195.23934697370973,87.03013575200805,717.9744361143939,212.53348770959286,187.99870119834893,75.33218180556243,-39.661558196176884,-19.846712018513234,305.51822146523745,-164.82289800877666,-203.93152160172068,-380.8030946575749,-77.15718019068106,-40.851309883291414,424.770467497842,299.5714137853189,469.3045301157078,-88.51144487439848,-21.907137918716373,47.73864094324993,-190.67333451056973
371.61790148004025,-13.014009536352521,-216.72241599513686,267.1247989259236,-198.61542097230281,269.8143394309162,-232.45583138374087,-81.05910108522085,447.8387082010603,248.8875372069569,122.94457146099796,-126.3006891657881,258.0619729841738,59.54411854582332,-32.55373526716136,119.25159009158487,386.0156368461986,369.5184245937101,-72.90698155450649,-140.64545308891059,346.80181983772866,-8.359567847501511,185.81041984884908,83.11094379683611,680.3647291161122,201.45392051977194,179.17598027416506,71.88443484405306,-38.13915525517602,-19.836060936947472,289.335797129742,-154.47589299285343,-194.70965603058073,-360.615285263763,-72.71094059183666,-38.92663139739247,401.22279179831185,283.0999945031901,445.38257183612603,-86.84755740485441,-19.909599103847025,43.36200515436711,-180.54744163836122
-75.54160365412721,2.919071593792286,43.278114665299874,-53.42433067017298,39.49472214137058,-55.54667053487348,45.49469330872714,15.694469222083162,-89.87724197455137,-51.17022826210458,-25.4527779971491,25.666918470828495,-52.10429416080604,-11.966820675022547,6.133283079172671,-24.02824967875358,-77.38056992302754,-72.90698155450649,14.86761774798789,27.611366621145493,-69.7809619988862,0.9997303640148459,-37.10723291107501,-16.478579606990355,-137.09806198314504,-40.57243883138071,-35.677503916665415,-14.279647168960086,7.456342781378114,3.5674293838347095,-58.37660436081703,31.843020204600794,38.627659014789664,72.76514287817956,14.819892608085125,7.753838687801114,-81.39215649950795,-57.371820996094506,-89.47011920679546,16.25963690473811,4.364504496230079,-9.520778647967516,36.43815450284435
-140.7872060676838,4.851771852924435,82.34510634179452,-101.47102415079571,75.49800068493184,-102.00807142507774,88.59009441588005,30.950053626429263,-170.0103929830978,-94.11903816719486,-46.43606320995756,47.849204281566045,-97.87041068717082,-22.587583528685595,12.481784111619156,-45.24131071136843,-146.57242768828132,-140.64545308891059,27.611366621145493,53.583237418985405,-131.58805991329115,3.3756783484434543,-70.59651284970153,-31.610042739803568,-258.1155808442414,-76.44129511882164,-68.09941715495515,-27.347679852143035,14.53848276719618,7.656079616930341,-109.74550278032724,58.393499891557276,74.04536473712164,136.77668703792028,27.529135185799298,14.787875867489383,-152.0551706466481,-107.30458896494265,-169.05441963149116,33.32675346910968,7.44116490070534,-16.21314011989216,68.47986862321817
355.0573174126317,-13.201055726523048,-204.84705346467237,252.72024349414528,-187.29154060705784,259.76912235861016,-217.1156063868665,-75.21444655973674,424.59408537005993,239.42653339153412,118.7764725783708,-120.65487419581768,245.5590219497805,56.52574370330357,-29.72058858887521,113.33244571412722,365.7188890057069,346.80181983772866,-69.7809619988862,-131.58805991329115,329.3388847319727,-6.01243903686606,175.64270359670547,78.23217540664822,646.6261795623835,191.38766132426193,169.08561446245568,67.70615859526899,-35.59279185161593,-17.630775621953,275.19816918163406,-148.8375534738033,-183.33745607258749,-343.02129343828466,-69.59290877553497,-36.75400668107925,382.85849067520564,269.98294989355884,422.50683566107347,-79.01042909395,-19.937394654975773,43.436936244075625,-171.75440761932285
-5.417133437890381,-0.18386836811696466,4.2167148331923885,-5.088297022151043,4.07582025044477,-2.967643803425096,5.7681881232866266,2.247222635272526,-8.090114339372569,-2.8408306676078463,-1.1577216800421448,1.8478072949167375,-4.231658133652129,-1.0478761895851492,1.1266930987028365,-2.0198504159940147,-7.101507252163952,-8.359567847501511,0.9997303640148459,3.3756783484434543,-6.01243903686606,1.0874105987588993,-3.616336041528592,-1.7801211356212918,-11.537168516691468,-3.4519846151361393,-3.610973739190948,-1.5038722509581455,0.9458719490594428,0.9220708390383258,-4.811538288068345,1.654225216224026,4.110818086143079,5.983735037992925,1.0023862774280354,0.7754693946355224,-6.0638800941672155,-4.360980225551965,-7.937356578554203,3.1615663810848074,-0.13829269599218894,0.3286844224051074,2.989963281236403
188.92444311348137,-6.865606440702632,-109.46234585945666,134.9955498477777,-100.15781475519584,137.80297721171758,-116.55326705645881,-40.48780433129398,226.6000883991103,127.05838434616955,62.922802192794265,-64.2010990499619,130.8620566962092,30.144404791962945,-16.09945307275243,60.42462590464255,195.23934697370973,185.81041984884908,-37.10723291107501,-70.59651284970153,175.64270359670547,-3.616336041528592,93.85466739603474,41.87200078570129,344.76622722357286,102.06580657592728,90.39759896610512,36.236464666345114,-19.107801282277624,-9.656848214518508,146.6880892710375,-78.93979717171409,-98.09820042061612,-182.8309727174713,-37.00027060534078,-19.6401871513841,203.81215080340814,143.7578238171896,225.44093421558952,-42.8671242934604,-10.417498905142105,22.694377775162344,-91.54538710718849
83.96056702364457,-2.9835461078882375,-48.83427167441676,60.2059355511347,-44.72539746486631,61.06903314391563,-52.22466285084024,-18.18285160983861,100.98395096990483,56.32511895079198,27.850955105816492,-28.533502735321232,58.24153836862811,13.431392175682301,-7.2709049428339405,26.904166864806612,87.03013575200805,83.11094379683611,-16.478579606990355,-31.610042739803568,78.23217540664822,-1.7801211356212918,41.87200078570129,18.710577988489497,153.50912779046584,45.45020936147941,40.35393372156589,16.18243573962098,-8.561531665642429,-4.4045335210320555,65.29666707920997,-34.974288447911505,-43.825443396631385,-81.38369978828389,-16.434305384089594,-8.767205676846473,90.61493983641328,63.92988409414086,100.44732094883845,-19.388736129575722,-4.554301450199374,9.914309523991928,-40.747969943943545
697.4411631993764,-26.042826883687475,-402.0967731554236,496.0978131715451,-367.54134853582025,510.5346775850368,-425.80150565540305,-147.45429888500828,833.5886308979755,470.5316361452922,233.48554418278388,-236.99713340116483,482.21432546525466,110.9600109392553,-58.20181076586246,222.53718526322575,717.9744361143939,680.3647291161122,-137.09806198314504,-258.1155808442414,646.6261795623835,-11.537168516691468,344.76622722357286,153.50912779046584,1269.7084918227124,375.8113679234381,331.8427160513187,132.89435318716977,-69.80424185729385,-34.45680496777876,540.4035443923556,-292.53699900218294,-359.75696349193794,-673.5843937884247,-136.70717857030698,-72.12279643067133,751.9926529053924,530.2614161384639,829.5268072209375,-154.67663630017336,-39.272685515762596,85.58971150160086,-337.2782692237305
206.39587950182073,-7.694354024429102,-119.04007778466219,146.86435493017464,-108.80693579116306,151.04485708601658,-126.10077366013267,-43.682680733649875,246.74766707940088,139.21533705159823,69.06878920772064,-70.13430199560291,142.7199741712731,32.83613483534158,-17.251880201098114,65.86648380914241,212.53348770959286,201.45392051977194,-40.57243883138071,-76.44129511882164,191.38766132426193,-3.4519846151361393,102.06580657592728,45.45020936147941,375.8113679234381,111.23997533509535,98.23943180174172,39.35522218978841,-20.672855027551897,-10.223125301864082,159.94619111547706,-86.54959522816779,-106.51005143285906,-199.36189788956494,-40.45022779778176,-21.346954993369486,222.5488777212598,156.93067927134732,245.5425739196933,-45.85303485979322,-11.60106933559232,25.28910766361698,-99.8263847542502
181.70127232411977,-6.548068599287967,-105.4334921782585,130.0096222886871,-96.51879758596992,132.40171480015508,-112.46279425497947,-39.09788497617686,218.1809918297157,122.084687998129,60.42887648143543,-61.750205864015804,125.93865774666463,29.025512516549703,-15.586211307628954,58.16315873855329,187.99870119834893,179.17598027416506,-35.677503916665415,-68.09941715495515,169.08561446245568,-3.610973739190948,90.39759896610512,40.35393372156589,331.8427160513187,98.23943180174172,87.10289030058449,34.91484139481044,-18.4464128262726,-9.38139520529886,141.17104383075383,-75.82962209850807,-94.55717954863768,-175.9558747567473,-35.58087567216354,-18.927998958201794,196.06191571209865,138.3007941417058,217.04159182384063,-41.51167627317788,-9.953376782613818,21.683567145563615,-88.0985417800701
72.70770618158863,-2.6014339398063706,-42.26961891627996,52.11404425862877,-38.68489023525532,52.91820869551245,-45.155551311568416,-15.724243383455399,87.40948096213216,48.80317477741998,24.135322781406526,-24.707411015743403,50.423785919847404,11.60914356555734,-6.286340674352667,23.292553266650057,75.33218180556243,71.88443484405306,-14.279647168960086,-27.347679852143035,67.70615859526899,-1.5038722509581455,36.236464666345114,16.18243573962098,132.89435318716977,39.35522218978841,34.91484139481044,14.023257388875647,-7.410312317161929,-3.798270692904278,56.52799024734739,-30.308023091236112,-37.9156172639818,-70.45135450108447,-14.226077047745928,-7.5780096301310005,78.4737974700562,55.356985146521815,86.9477503886196,-16.745402653027806,-3.9440781616936387,8.609488365557572,-35.277203638496964
-38.028109489996915,1.295854724265226,22.291661398752833,-27.46312859826629,20.451684251487094,-27.518883924680512,24.04238366868449,8.409395885585349,-46.00018180947011,-25.38951181588236,-12.518049614202564,12.926192584850007,-26.46356137263479,-6.109423470341152,3.4058635809244944,-12.23764374333768,-39.661558196176884,-38.13915525517602,7.456342781378114,14.53848276719618,-35.59279185161593,0.9458719490594428,-19.107801282277624,-8.561531665642429,-69.80424185729385,-20.672855027551897,-18.4464128262726,-7.410312317161929,3.953179681614884,2.0966349748934263,-29.6718986394688,15.745133277506529,20.07011322801077,36.98071389362675,7.434049970049628,4.006529640272711,-41.09011066362188,-28.998132455917254,-45.732227165500035,9.089821419153672,1.9865496124047215,-4.335476124978641,18.513363533983608
-18.34406735338205,0.4452785595551097,11.266343862033454,-13.827232600289378,10.435196567700089,-12.808496135021961,12.749011656796696,4.573383114453574,-22.94616336314135,-11.867207074375631,-5.731350737341268,6.2384505923098965,-12.993238642115188,-3.031933357642985,1.9596689933661526,-6.039849049349288,-19.846712018513234,-19.836060936947472,3.5674293838347095,7.656079616930341,-17.630775621953,0.9220708390383258,-9.656848214518508,-4.4045335210320555,-34.45680496777876,-10.223125301864082,-9.38139520529886,-3.798270692904278,2.0966349748934263,1.3179796824120467,-14.600644638948433,7.30661620246522,10.297449486133532,18.190181109976784,3.5572949760550765,2.0322743448212996,-19.92659014464592,-14.10191936002352,-22.760244081928896,5.303297758099345,0.7492706195267748,-1.6260788316389145,9.103906977850547
296.94065917449535,-11.127422245105059,-171.07824381785034,211.0850996263905,-156.35139558090515,217.46503156111396,-181.02375441439744,-62.66152749488725,354.73042497628404,200.41739221486264,99.47585424994519,-100.9019713262786,205.25126436470342,47.2231399174681,-24.70508070481676,94.71335121762513,305.51822146523745,289.335797129742,-58.37660436081703,-109.74550278032724,275.19816918163406,-4.811538288068345,146.6880892710375,65.29666707920997,540.4035443923556,159.94619111547706,141.17104383075383,56.52799024734739,-29.6718986394688,-14.600644638948433,230.01482810942525,-124.61563217362105,-153.02300931385133,-286.70228534434796,-58.21046203728933,-30.682921914994765,320.13766707612535,225.735257608499,353.01633686809487,-65.64474561815068,-16.770449387431484,36.54653068476651,-143.5593294105723
-161.6551644039975,6.433636637473542,92.06061617587906,-113.70285702701042,83.91142457855973,-119.3542478660144,96.12675008013676,33.03037977737891,-191.51947135784522,-109.90266687421587,-54.79256131104506,54.92234481529488,-111.25274158551623,-25.52498165037014,12.780595197524626,-51.26930082761462,-164.82289800877666,-154.47589299285343,31.843020204600794,58.393499891557276,-148.8375534738033,1.654225216224026,-78.93979717171409,-34.974288447911505,-292.53699900218294,-86.54959522816779,-75.82962209850807,-30.308023091236112,15.745133277506529,7.30661620246522,-124.61563217362105,68.4483275897515,81.99649807679958,155.33905741101884,31.74690779550622,16.488276346338143,-174.05250110723506,-122.64812402349102,-190.71184113945884,33.811029064294075,9.570288315790412,-20.87116372820074,77.79078549665121
-196.78830912309147,7.013142406577293,114.41861719972022,-141.06397874402407,104.79283768849834,-143.19515688747845,122.3207013786693,42.57618404858019,-236.6422141881467,-132.05412469613756,-65.31249943606456,66.88017606839239,-136.50330534265552,-31.47431076549268,17.025997795041334,-63.05800035193827,-203.93152160172068,-194.70965603058073,38.627659014789664,74.04536473712164,-183.33745607258749,4.110818086143079,-98.09820042061612,-43.825443396631385,-359.75696349193794,-106.51005143285906,-94.55717954863768,-37.9156172639818,20.07011322801077,10.297449486133532,-153.02300931385133,81.99649807679958,102.69476671220121,190.72583157523056,38.52337156029248,20.546849740859432,-212.395962757374,-149.83838442072224,-235.37892941468237,45.37071631922566,10.683182990156723,-23.275976384019398,95.4911096421283
-370.1325320819806,13.874585488933675,213.23004108484488,-263.0960578125112,194.8769844096369,-271.0813511938919,225.61189838397726,78.09048095318549,-442.14565959343963,-249.82797494552392,-124.0053429575316,125.77341730893326,-255.83734881036781,-58.863598448623506,30.785001888526008,-118.05546700690275,-380.8030946575749,-360.615285263763,72.76514287817956,136.77668703792028,-343.02129343828466,5.983735037992925,-182.8309727174713,-81.38369978828389,-673.5843937884247,-199.36189788956494,-175.9558747567473,-70.45135450108447,36.98071389362675,18.190181109976784,-286.70228534434796,155.33905741101884,190.72583157523056,357.3617716262776,72.56079133803621,38.24507793135773,-399.044213288348,-281.3727529701751,-440.00977963177854,81.79750193446917,20.91151963845431,-45.56867418913065,178.93959695988354
-75.32392718564248,2.9059844009953917,43.14967606932812,-53.26622578461349,39.39363126467697,-55.38309907411203,45.372354728718875,15.646648710389352,-89.62184743809121,-51.01876609974585,-25.379867268953024,25.594439456789583,-51.956490127397345,-11.943630091907487,6.113417928701697,-23.959808938951475,-77.15718019068106,-72.71094059183666,14.819892608085125,27.529135185799298,-69.59290877553497,1.0023862774280354,-37.00027060534078,-16.434305384089594,-136.70717857030698,-40.45022779778176,-35.58087567216354,-14.226077047745928,7.434049970049628,3.5572949760550765,-58.21046203728933,31.74690779550622,38.52337156029248,72.56079133803621,14.781929843977316,7.738205698861889,-81.15495692969925,-57.20684135731238,-89.21428253846317,16.212141574911175,4.357233604291346,-9.492982941883989,36.333557182025686
-39.498656653781666,1.4253824541896116,22.905566658683473,-28.2459551710415,20.976345338471617,-28.79248881705842,24.426437833340426,8.485781733799493,-47.414439634355055,-26.54627647080744,-13.144298200839168,13.424443740139946,-27.374062534943707,-6.31416092857303,3.38031954574105,-12.641805314909524,-40.851309883291414,-38.92663139739247,7.753838687801114,14.787875867489383,-36.75400668107925,0.7754693946355224,-19.6401871513841,-8.767205676846473,-72.12279643067133,-21.346954993369486,-18.927998958201794,-7.5780096301310005,4.006529640272711,2.0322743448212996,-30.682921914994765,16.488276346338143,20.546849740859432,38.24507793135773,7.738205698861889,4.11661802717333,-42.617999702146605,-30.062432118169887,-47.166393124583344,9.002358450344692,2.1709136508302547,-4.724325954031037,19.147248673334513
413.79533319972984,-15.75508862335169,-237.70183913808057,293.36187836575647,-217.09423205684067,303.6840326586229,-250.68148201850033,-86.61449413151395,493.2902066093692,279.8102048706053,139.04290696348954,-140.60478107454512,285.7110860096145,65.68482970061373,-33.995093178529196,131.79862196282383,424.770467497842,401.22279179831185,-81.39215649950795,-152.0551706466481,382.85849067520564,-6.0638800941672155,203.81215080340814,90.61493983641328,751.9926529053924,222.5488777212598,196.06191571209865,78.4737974700562,-41.09011066362188,-19.92659014464592,320.13766707612535,-174.05250110723506,-212.395962757374,-399.044213288348,-81.15495692969925,-42.617999702146605,445.97888951769903,314.4128633767565,490.9795774056223,-90.22094773651133,-23.65322100840687,51.56549532188727,-199.81644351043764
291.7088148341797,-11.073213664071531,-167.6600969694552,206.90983812917057,-153.14498018748515,213.99952747780253,-176.9249022412847,-61.15037706357875,347.88243562583955,197.18612202606062,97.96421737893071,-99.12128674201186,201.45411594999916,46.32277193941836,-24.019480347864548,92.93598101657305,299.5714137853189,283.0999945031901,-57.371820996094506,-107.30458896494265,269.98294989355884,-4.360980225551965,143.7578238171896,63.92988409414086,530.2614161384639,156.93067927134732,138.3007941417058,55.356985146521815,-28.998132455917254,-14.10191936002352,225.735257608499,-122.64812402349102,-149.83838442072224,-281.3727529701751,-57.20684135731238,-30.062432118169887,314.4128633767565,221.66800178266385,346.24430983437924,-63.76414972797607,-16.639680755869488,36.269321902182476,-140.89334098992222
455.27738526053133,-16.84393181147479,-262.92984418035684,324.350062609848,-240.41966133908517,332.86139935723645,-278.9588430618457,-96.70676786108223,544.8112033237663,306.8233977363339,152.14712661278807,-154.7099893963138,314.97905983477835,72.50525926539366,-38.26952802283832,145.38719110490067,469.3045301157078,445.38257183612603,-89.47011920679546,-169.05441963149116,422.50683566107347,-7.937356578554203,225.44093421558952,100.44732094883845,829.5268072209375,245.5425739196933,217.04159182384063,86.9477503886196,-45.732227165500035,-22.760244081928896,353.01633686809487,-190.71184113945884,-235.37892941468237,-440.00977963177854,-89.21428253846317,-47.166393124583344,490.9795774056223,346.24430983437924,542.1107077176588,-101.77153486227733,-25.4536821090158,55.4655467638213,-220.3205709157189
-83.27841756279612,2.4184366205096954,50.00727650922424,-61.487223210885524,46.10475761617239,-59.17328318246916,55.31896540497633,19.61506050714463,-102.48582353779864,-54.71552689308551,-26.696761138207393,28.31314187589069,-58.47552569441353,-13.575414578080514,8.189816396627467,-27.1122356750449,-88.51144487439848,-86.84755740485441,16.25963690473811,33.32675346910968,-79.01042909395,3.1615663810848074,-42.8671242934604,-19.388736129575722,-154.67663630017336,-45.85303485979322,-41.51167627317788,-16.745402653027806,9.089821419153672,5.303297758099345,-65.64474561815068,33.811029064294075,45.37071631922566,81.79750193446917,16.212141574911175,9.002358450344692,-90.22094773651133,-63.76414972797607,-101.77153486227733,22.03703551916594,3.8684526796420946,-8.414174278615334,40.94526332811498
-22.0566577797202,1.018102873832645,12.142479342900922,-15.042269122122278,10.991601701580908,-16.651127173481356,12.185516699961404,4.086175612228586,-25.514896044729717,-15.297913626125482,-7.720903724741198,7.4909724568246085,-14.991109772765157,-3.4211446967794648,1.481797766402572,-6.880991135153898,-21.907137918716373,-19.909599103847025,4.364504496230079,7.44116490070534,-19.937394654975773,-0.13829269599218894,-10.417498905142105,-4.554301450199374,-39.272685515762596,-11.60106933559232,-9.953376782613818,-3.9440781616936387,1.9865496124047215,0.7492706195267748,-16.770449387431484,9.570288315790412,10.683182990156723,20.91151963845431,4.357233604291346,2.1709136508302547,-23.65322100840687,-16.639680755869488,-25.4536821090158,3.8684526796420946,1.4818189050726605,-3.223936463423025,10.474092309974765
48.07577893904402,-2.2311407247645905,-26.460940185642166,32.77961528488815,-23.935403337675815,36.31806548843423,-26.52960797202346,-8.899308492960795,55.60047051850749,33.360191166276344,16.839334279082173,-16.32733513325942,32.67424180667546,7.441632629762381,-3.2304887018173876,14.999179713862633,47.73864094324993,43.36200515436711,-9.520778647967516,-16.21314011989216,43.436936244075625,0.3286844224051074,22.694377775162344,9.914309523991928,85.58971150160086,25.28910766361698,21.683567145563615,8.609488365557572,-4.335476124978641,-1.6260788316389145,36.54653068476651,-20.87116372820074,-23.275976384019398,-45.56867418913065,-9.492982941883989,-4.724325954031037,51.56549532188727,36.269321902182476,55.4655467638213,-8.414174278615334,-3.223936463423025,7.037771206172326,-22.825498615623914
-185.34186155766454,6.951033602941682,106.76653701295014,-131.73591784876456,97.57055065227138,-135.7484805204482,112.95288256203125,39.095843112971885,-221.3878675614193,-125.10628092027554,-62.09873607832454,62.97963157638645,-128.10370167136657,-29.471517723102913,15.41000640335313,-59.11227221435279,-190.67333451056973,-180.54744163836122,36.43815450284435,68.47986862321817,-171.75440761932285,2.989963281236403,-91.54538710718849,-40.747969943943545,-337.2782692237305,-99.8263847542502,-88.0985417800701,-35.277203638496964,18.513363533983608,9.103906977850547,-143.5593294105723,77.79078549665121,95.4911096421283,178.93959695988354,36.333557182025686,19.147248673334513,-199.81644351043764,-140.89334098992222,-220.3205709157189,40.94526332811498,10.474092309974765,-22.825498615623914,89.60031367893228
