V1,V2,V3,V4,V5,V6,V7,V8,V9,V10,V11,V12,V13,V14,V15,V16,V17,V18,V19,V20,V21,V22,V23,V24,V25,V26,V27,V28,V29,V30,V31,V32,V33,V34,V35,V36,V37,V38,V39,V40,V41,V42,V43
15.207106231469808,7.365914338939967,4.618366146873676,1.2283630350178754,7.128581674817381,7.159834125686731,5.773653913966858,-8.345878761383691,2.959590055540061,-4.473300482717195,0.7446018150432618,6.122065646549631,4.763007237713638,-11.605803817557181,0.7465637641089942,0.7442930009139189,-2.2991482434576382,7.074963230216868,-2.4522929970134535,-9.20867744975709,-2.291020438206117,-5.134653970647212,-8.619568201520371,-5.397039646845475,8.692676785580648,4.851907683757363,11.90548391716505,-3.143390196601466,-4.210539687594786,1.1682750052859747,-0.8651902815293253,-18.245052601342785,5.373860449761353,-3.084279925024197,-7.886350573831788,-22.42028727604778,-13.173077743433245,11.20981480636084,5.083893671706237,4.943324334271037,-8.744260936144885,-11.691124630607623,-7.2014224463914545
7.365914338939967,3.838689763196065,1.9339463137053408,0.7222686271599423,2.5834833081474766,3.509973687095055,2.696633236965514,-3.90937285134521,1.4297984899383442,-1.5334201969309562,-0.1554411410156659,2.842868119443254,3.1406889195683227,-6.24898012552859,-0.7217657142532422,0.15294972007268812,-1.0408155062703361,3.6165216581677404,-1.5269359731966816,-4.5103016258107,-1.883407971613469,-2.860830199252073,-4.878632494418881,-2.5591425301228683,5.104678436686908,2.5414571209803203,5.22086158143495,-1.2971517170673934,-1.7489247479626424,1.1621320782798887,-0.22191596578645828,-8.699913418267407,3.4919283961984737,-1.049646580526563,-3.8462722068434547,-10.82415925851394,-6.795789058827621,5.345869760060022,2.784594128999377,2.57863512306934,-4.682926082413034,-5.731410694078896,-3.6338182972002686
4.618366146873676,1.9339463137053408,1.7517661330464696,0.2259367847007468,3.165576554046465,2.1293475057960163,1.8768309957541842,-2.6879287185318055,0.9041958105626798,-2.0939769192523774,0.8248602851189952,2.0006112078070717,0.48554922764460967,-2.8110324185557936,1.4731049771571378,0.46929907943568067,-0.7830081361298482,1.9432492041470693,-0.3554730064666009,-2.7413049903619817,0.19492971189977137,-1.1302856574063576,-1.801469120489058,-1.7145744448259532,1.607639336875669,1.2512208858149796,4.254243136432209,-1.2168406855655445,-1.611558784915276,-0.334144514938498,-0.49241337510739347,-5.708416956055069,0.6165478736806701,-1.4577397787390554,-2.372830944386908,-6.858435933458897,-3.5336461178176033,3.5129546029663397,1.17570487977877,1.2992763806510816,-2.141843565006598,-3.4720556021108666,-2.0197820565638245
1.2283630350178754,0.7222686271599423,0.2259367847007468,0.16834865401948076,0.15929328528568307,0.5965931111904315,0.416704841945904,-0.6095551129361866,0.23965103359999992,-0.05892233777555388,-0.18226626500698886,0.43044876494010714,0.7883577426346022,-1.230633699503135,-0.44969839221263064,-0.03579889682549919,-0.1461253504109938,0.6566328634749,-0.3604664882948714,-0.7725622556621624,-0.5535697295548156,-0.5933728044298925,-1.0371026468455715,-0.40265757058801055,1.1308005255511515,0.4892055241716421,0.7002036593108163,-0.14822806650377954,-0.20814935252629746,0.37645898556677737,0.018962312298238047,-1.4015619195402778,0.851958937088395,-0.030147314692729025,-0.6466812879602789,-1.790698993839125,-1.2591652869282661,0.8619722085153727,0.5679475991039363,0.4818853165648536,-0.918687228177083,-0.9782811031236398,-0.6527236278024382
7.128581674817381,2.5834833081474766,3.165576554046465,0.15929328528568307,6.214338663570534,3.2261304680918568,3.062583839726924,-4.351553408385454,1.4055590743790551,-4.210614479909627,2.073444293772849,3.271159047892988,-0.5231687568465637,-3.3890701195161754,3.9343535701476493,1.050824543002506,-1.3178381284593697,2.726247539948011,-0.0324895328266172,-4.162600062958685,1.4842213198478789,-1.1751270983202347,-1.6988949324411238,-2.7445993558608173,1.1109436063726612,1.639980867937944,7.417547334011164,-2.229017492165321,-2.933692783869364,-1.4333015860544573,-1.0698704354755646,-9.031729104654385,-0.3993145745041217,-2.9399805782637687,-3.6334234841906285,-10.651991814229083,-4.834723191419186,5.567605177274796,1.3286072369834918,1.735476001900217,-2.6228900271271223,-5.256475474352421,-2.8968652383362548
7.159834125686731,3.509973687095055,2.1293475057960163,0.5965931111904315,3.2261304680918568,3.3782065084996997,2.7044212586211347,-3.9097001867449026,1.3925994440817098,-2.0120952862930577,0.27310051231112775,2.8644812842033556,2.366527898277301,-5.559785025144767,0.18849813727936088,0.3193971359936747,-1.0721347909858652,3.361405151423709,-1.2054112740733596,-4.342790310811268,-1.194544458615799,-2.473874263406845,-4.1622551381231645,-2.5350465126036332,4.22604694990235,2.312082433005502,5.52458553048482,-1.4462916082844472,-1.9380618163988623,0.639642623583287,-0.3775851307194246,-8.571025397900467,2.6646708323298123,-1.3873018878502539,-3.718355399657064,-10.552019299325295,-6.265785698670252,5.2669277766352725,2.441931402767947,2.3568952293403607,-4.184448396420123,-5.514674909618859,-3.412342118730591
5.773653913966858,2.696633236965514,1.8768309957541842,0.416704841945904,3.062583839726924,2.7044212586211347,2.2446404502983204,-3.2226615672113823,1.128371838024574,-1.9669564859168962,0.5033478388005922,2.37235758324641,1.466842948544677,-4.158603455770906,0.729845125909337,0.3749449805292105,-0.9020568864336334,2.6239791885349857,-0.7938333418641933,-3.4812626436654446,-0.5523067831936501,-1.7976195163512938,-2.9777097202723373,-2.085197964598219,2.9302471201186853,1.7634085239429051,4.758623608949172,-1.290813765395717,-1.7179886888235856,0.19424857050863684,-0.4154387812695874,-6.994046236338412,1.684218845352715,-1.3640241274045224,-2.993620149853212,-8.537358548847719,-4.8448938588039105,4.3059406861180465,1.8026637588879553,1.812419484764212,-3.137411145364467,-4.412120533676333,-2.675735354238924
-8.345878761383691,-3.90937285134521,-2.6879287185318055,-0.6095551129361866,-4.351553408385454,-3.9097001867449026,-3.2226615672113823,4.647680420419737,-1.6265518872022697,2.777784135955703,-0.6712972272159748,-3.421884906148666,-2.192080726844544,6.055988115442593,-0.9568967983165046,-0.5151244781602317,1.299012731821533,-3.7924306167220796,1.174918447530424,5.029480023642331,0.8663027586634745,2.629666608138176,4.372241690102316,2.994966823545542,-4.3175028488505065,-2.565174488582157,-6.8139635726608,1.8401786614549012,2.4569152945804613,-0.3388920303812108,0.5755670186195466,10.086435211627194,-2.5032827393227306,1.9212703589760416,4.318291319098305,12.326176614658582,7.024328034971142,-6.199536798074208,-2.628419089543775,-2.6241736662189648,4.573463254723315,6.381804483465802,3.878815324339559
2.959590055540061,1.4297984899383442,0.9041958105626798,0.23965103359999992,1.4055590743790551,1.3925994440817098,1.128371838024574,-1.6265518872022697,0.5778973060363,-0.8863799992133821,0.1598818735513253,1.1915985927703239,0.9109840834510652,-2.245638781055064,0.1714719691752244,0.1521438655088311,-0.4472664176446534,1.3750132596465603,-0.47065860546267824,-1.7942916811379774,-0.42901757784567135,-0.9916035712817951,-1.6626354323052275,-1.0525078611739969,1.6723081826292656,0.942103095199302,2.3324226742999596,-0.6185925685686555,-0.8278410184792023,0.21246098811418465,-0.17592202773540305,-3.554527452787405,1.0268996277733016,-0.6103849176059976,-1.5359463018582855,-4.365769273167425,-2.5572537047330015,2.186313342772488,0.9846632021267981,0.9589428258949161,-1.691925334116902,-2.274751819571427,-1.3992758826397174
-4.473300482717195,-1.5334201969309562,-2.0939769192523774,-0.05892233777555388,-4.210614479909627,-2.0120952862930577,-1.9669564859168962,2.777784135955703,-0.8863799992133821,2.8774794610635084,-1.4949270960895218,-2.0934161532367748,0.6255704931501466,1.9081251068360514,-2.861542144600338,-0.7413457189746443,0.8511314004133023,-1.6551986933628309,-0.09964891167133887,2.600066233080656,-1.2096971876874991,0.6047064883108535,0.8089239922505552,1.7524857451081741,-0.37359812400149844,-0.961784817587366,-4.862913535617123,1.484364248466115,1.947519652210669,1.118384693776355,0.7489486758417744,5.7241870565845545,0.5640814729550044,2.0119262982241084,2.278760677938099,6.705441366079249,2.8963521622586326,-3.536619954283115,-0.7234149485697726,-1.031797117224733,1.486014625643661,3.275267274095811,1.7670192619854153
0.7446018150432618,-0.1554411410156659,0.8248602851189952,-0.18226626500698886,2.073444293772849,0.27310051231112775,0.5033478388005922,-0.6712972272159748,0.1598818735513253,-1.4949270960895218,1.0817818859606219,0.5354057246940095,-1.417892365402014,0.6619543173198037,2.19653149321278,0.4656394154665973,-0.25280188318387276,-0.001092110518747543,0.5493200618396809,-0.3657417312283134,1.4253803460470928,0.48768018871276536,0.9854306582144855,-0.3975147095024901,-1.3559633269986813,-0.13929635240104454,1.6961150869635946,-0.6126507198658404,-0.7879354521118553,-1.1383491053830974,-0.44957510824400593,-1.1839607262959722,-1.4887723538044118,-1.0512609914889801,-0.3529628752981278,-1.1880104792041093,0.15271422754003397,0.7452106209009852,-0.37890083188073714,-0.10364919505762618,0.45895837853268867,-0.4397488297943706,-0.06685403265271306
6.122065646549631,2.842868119443254,2.0006112078070717,0.43044876494010714,3.271159047892988,2.8644812842033556,2.37235758324641,-3.421884906148666,1.1915985927703239,-2.0934161532367748,0.5354057246940095,2.5250191310632526,1.529834800448319,-4.388284818741053,0.7948815772188343,0.39395724459784703,-0.9623616127532154,2.7659693255199937,-0.8307982940949148,-3.6811355962524788,-0.5663327132822996,-1.894776154880991,-3.1418497924267017,-2.204156753254154,3.0860575759280167,1.861134350223707,5.046097365457893,-1.3682797930462853,-1.8245792228777606,0.19666765001130546,-0.43606395830469286,-7.413672087130596,1.7589442622029878,-1.4518625776532603,-3.1653810852794724,-9.045345828705521,-5.115413384437468,4.555104136477425,1.8964075450725273,1.9100159141509883,-3.315049732541014,-4.674026604173198,-2.8310050467237913
4.763007237713638,3.1406889195683227,0.48554922764460967,0.7883577426346022,-0.5231687568465637,2.366527898277301,1.466842948544677,-2.192080726844544,0.9109840834510652,0.6255704931501466,-1.417892365402014,1.529834800448319,4.137833812103416,-5.600213364813932,-3.2004030583239076,-0.43795203647720865,-0.48751795921160695,2.78070345562848,-1.8398598078516186,-3.034862031150009,-3.1707385433235884,-2.789692404129152,-4.947632174918736,-1.4821074990612655,5.565928375496501,2.1310556559666196,1.9682214667778202,-0.2612550421111326,-0.4013415434106307,2.2640507401745094,0.3631483219236314,-5.252868947410101,4.479806642413376,0.4694635650111208,-2.530208429034255,-6.885084608337303,-5.411124771798658,3.2105395941500166,2.6056896745163476,2.1044532033208414,-4.153912279863552,-3.8771904406154034,-2.7156662603669344
-11.605803817557181,-6.24898012552859,-2.8110324185557936,-1.230633699503135,-3.3890701195161754,-5.559785025144767,-4.158603455770906,6.055988115442593,-2.245638781055064,1.9081251068360514,0.6619543173198037,-4.388284818741053,-5.600213364813932,10.331350564592544,1.994551004460277,-0.06789946836987272,1.5860287328603957,-5.831873301145365,2.67006217884402,7.137284589544971,3.576378282307451,4.79906791155378,8.244926705574066,3.9764057637097445,-8.748660957901754,-4.152106404772101,-7.781453100962595,1.860283579063622,2.5233409819775026,-2.3060658862102823,0.18509021939828377,13.591361481234259,-6.194251954607207,1.2960409272488966,6.070615284464689,17.016221198825104,11.019346096742892,-8.341128412674951,-4.632992651414504,-4.196871686288539,7.729161278919199,9.082292784060133,5.837716186129719
0.7465637641089942,-0.7217657142532422,1.4731049771571378,-0.44969839221263064,3.9343535701476493,0.18849813727936088,0.729845125909337,-0.9568967983165046,0.1714719691752244,-2.861542144600338,2.19653149321278,0.7948815772188343,-3.2004030583239076,1.994551004460277,4.519894173225994,0.9189318008374678,-0.40712495108649377,-0.3895667501940594,1.2730034818724307,-0.26677314508559663,3.0822521240655703,1.2849020180213482,2.4973542997362794,-0.5305318010168568,-3.272745732526379,-0.5475720547621782,2.8814937781331227,-1.1012528103594077,-1.4125560790357363,-2.4201139973222157,-0.8796550884420441,-1.4903764600218907,-3.3835222039330515,-2.013198553066618,-0.3085354586923597,-1.2783558264342219,1.0248429664791352,0.9427319200321983,-1.0612873922463806,-0.4850470993983463,1.4143703240427092,-0.2960736707931877,0.24231054068192118
0.7442930009139189,0.15294972007268812,0.46929907943568067,-0.03579889682549919,1.050824543002506,0.3193971359936747,0.3749449805292105,-0.5151244781602317,0.1521438655088311,-0.7413457189746443,0.4656394154665973,0.39395724459784703,-0.43795203647720865,-0.06789946836987272,0.9189318008374678,0.21437159613581538,-0.16826717810751912,0.20796075394503738,0.15211957433384998,-0.41853414223271784,0.5147365204422756,0.04942908020720883,0.152415401928707,-0.3208175044705088,-0.30100278434091016,0.08534005602825177,1.0400496290625298,-0.3425004238677738,-0.4450674761152547,-0.43215251509566227,-0.21129942294491555,-1.0126473873735338,-0.4500373918744587,-0.5190660420237774,-0.374509522081874,-1.1361801609885163,-0.3230787790893259,0.6321987963806951,-0.004619595628776437,0.10326433075380682,-0.06655672794877975,-0.5185596459222329,-0.23665232705409622
-2.2991482434576382,-1.0408155062703361,-0.7830081361298482,-0.1461253504109938,-1.3178381284593697,-1.0721347909858652,-0.9020568864336334,1.299012731821533,-0.4472664176446534,0.8511314004133023,-0.25280188318387276,-0.9623616127532154,-0.48751795921160695,1.5860287328603957,-0.40712495108649377,-0.16826717810751912,0.37032245594227287,-1.0212982531582788,0.27723086949787473,1.3760036782965386,0.1338666546139998,0.6734075567514416,1.1063736129591455,0.8357966782459875,-1.0669475283291687,-0.6775316096335897,-1.9514248753047496,0.5364348730945927,0.7128083433207055,-0.0137023616822041,0.18241902339983423,2.8004868185386522,-0.5718578065074253,0.593003201181949,1.1872302542408475,3.4018957185399747,1.8798145647885578,-1.7206214588637814,-0.6782587238047006,-0.7003046875767999,1.1996477955615408,1.7480695482877984,1.0479033450590323
7.074963230216868,3.6165216581677404,1.9432492041470693,0.6566328634749,2.726247539948011,3.361405151423709,2.6239791885349857,-3.7924306167220796,1.3750132596465603,-1.6551986933628309,-0.001092110518747543,2.7659693255199937,2.78070345562848,-5.831873301145365,-0.3895667501940594,0.20796075394503738,-1.0212982531582788,3.42924018880809,-1.3718814668139154,-4.3190527074879865,-1.5913602530094313,-2.6430738482171803,-4.48343369240691,-2.4819776556451467,4.649315220115193,2.385438355124565,5.175320904016356,-1.3109868338307562,-1.7598775631042265,0.9466457061393605,-0.2699182947757136,-8.401814789376477,3.1096842871233994,-1.1402471858725525,-3.6923549056491796,-10.41234847913762,-6.417989729284846,5.166541185919051,2.585093521137109,2.4318018391402,-4.372803543770933,-5.485827861810038,-3.4493506410196844
-2.4522929970134535,-1.5269359731966816,-0.3554730064666009,-0.3604664882948714,-0.0324895328266172,-1.2054112740733596,-0.7938333418641933,1.174918447530424,-0.47065860546267824,-0.09964891167133887,0.5493200618396809,-0.8307982940949148,-1.8398598078516186,2.67006217884402,1.2730034818724307,0.15211957433384998,0.27723086949787473,-1.3718814668139154,0.8300407034097533,1.545654931660138,1.3641799099189789,1.3071043099831279,2.3000812119378797,0.7880082560479724,-2.5539831698817212,-1.0292449824665528,-1.207275137337059,0.21371432779104593,0.3058531314691207,-0.9581016748440103,-0.11803828651282923,2.7569302728266507,-2.0021622487792468,-0.0826456600361373,1.2974017458174374,3.5612235742354663,2.646803237050244,-1.6875842567718504,-1.2303631221019762,-1.0243022227469973,1.9841066334926039,1.9726109275373471,1.3477085035688179
-9.20867744975709,-4.5103016258107,-2.7413049903619817,-0.7725622556621624,-4.162600062958685,-4.342790310811268,-3.4812626436654446,5.029480023642331,-1.7942916811379774,2.600066233080656,-0.3657417312283134,-3.6811355962524788,-3.034862031150009,7.137284589544971,-0.26677314508559663,-0.41853414223271784,1.3760036782965386,-4.3190527074879865,1.545654931660138,5.590255919711688,1.5230029577494533,3.1756437600689944,5.344878309271109,3.258059881282562,-5.421420903200067,-2.9756612999482357,-7.117536281105751,1.8667301062023893,2.502985131011104,-0.8092068419428653,0.49467184618757715,11.023290808051486,-3.4091760036615812,1.788429459533523,4.7816165191485815,13.571547692784211,8.052395730578592,-6.776077339907043,-3.138965487947886,-3.025727172487652,5.373310642253941,7.093029459196395,4.3879285730054844
-2.291020438206117,-1.883407971613469,0.19492971189977137,-0.5535697295548156,1.4842213198478789,-1.194544458615799,-0.5523067831936501,0.8663027586634745,-0.42901757784567135,-1.2096971876874991,1.4253803460470928,-0.5663327132822996,-3.1707385433235884,3.576378282307451,3.0822521240655703,0.5147365204422756,0.1338666546139998,-1.5913602530094313,1.3641799099189789,1.5230029577494533,2.6241222754366724,1.8704989155387812,3.3839325523863404,0.6221148122479968,-3.949504363747315,-1.2945861829644945,-0.1566775176115081,-0.20024244228899393,-0.22262126495240162,-1.9416288131425161,-0.4633137887033554,2.322830252803025,-3.4100056313046236,-0.8654403950616767,1.244405097291984,3.250963181180995,3.1777880154820304,-1.4095579636590683,-1.7036560147664228,-1.2629041195150332,2.632284271571051,1.9605224531895311,1.5110641866417194
-5.134653970647212,-2.860830199252073,-1.1302856574063576,-0.5933728044298925,-1.1751270983202347,-2.473874263406845,-1.7976195163512938,2.629666608138176,-0.9916035712817951,0.6047064883108535,0.48768018871276536,-1.894776154880991,-2.789692404129152,4.79906791155378,1.2849020180213482,0.04942908020720883,0.6734075567514416,-2.6430738482171803,1.3071043099831279,3.1756437600689944,1.8704989155387812,2.262251200981949,3.9138769338884187,1.7314163746809748,-4.205683479722113,-1.9100085609003343,-3.233137209998515,0.7376912738585518,1.0098590448426314,-1.243971292792195,0.0075403714572944164,5.9557194052861036,-3.0665423900542894,0.4015572903933063,2.6909295212764395,7.510137812148292,5.023496198360599,-3.651941080142612,-2.1690488917657955,-1.919538925094026,3.5856778317690727,4.043705142091264,2.6370356656826544
-8.619568201520371,-4.878632494418881,-1.801469120489058,-1.0371026468455715,-1.6988949324411238,-4.1622551381231645,-2.9777097202723373,4.372241690102316,-1.6626354323052275,0.8089239922505552,0.9854306582144855,-3.1418497924267017,-4.947632174918736,8.244926705574066,2.4973542997362794,0.152415401928707,1.1063736129591455,-4.48343369240691,2.3000812119378797,5.344878309271109,3.3839325523863404,3.9138769338884187,6.798885830639135,2.876313616389269,-7.345072691682865,-3.2691911049464473,-5.2453816940378175,1.1646952336717915,1.6056960194495755,-2.278143545460808,-0.051936850295583446,9.945254558613403,-5.41984152877316,0.5240870345437696,4.516996561368565,12.587171691833442,8.552764920753285,-6.091778321873827,-3.7401333321546253,-3.269675965090888,6.158676205601559,6.809320960029623,4.472292868280383
-5.397039646845475,-2.5591425301228683,-1.7145744448259532,-0.40265757058801055,-2.7445993558608173,-2.5350465126036332,-2.085197964598219,2.994966823545542,-1.0525078611739969,1.7524857451081741,-0.3975147095024901,-2.204156753254154,-1.4821074990612655,3.9764057637097445,-0.5305318010168568,-0.3208175044705088,0.8357966782459875,-2.4819776556451467,0.7880082560479724,3.258059881282562,0.6221148122479968,1.7314163746809748,2.876313616389269,1.9460537402387932,-2.860099099016248,-1.6712815401936532,-4.373985906700946,1.1746678283361407,1.5630173818954551,-0.26417286582361704,0.35870785204518507,6.522321322344761,-1.6990883670214232,1.2180542954509865,2.803521974350074,7.977472670183597,4.587592658857526,-4.015633831737687,-1.7276168444771085,-1.72294288959807,2.9947073667426176,4.13266908169002,2.5201621075743663
8.692676785580648,5.104678436686908,1.607639336875669,1.1308005255511515,1.1109436063726612,4.22604694990235,2.9302471201186853,-4.3175028488505065,1.6723081826292656,-0.37359812400149844,-1.3559633269986813,3.0860575759280167,5.565928375496501,-8.748660957901754,-3.272745732526379,-0.30100278434091016,-1.0669475283291687,4.649315220115193,-2.5539831698817212,-5.421420903200067,-3.949504363747315,-4.205683479722113,-7.345072691682865,-2.860099099016248,8.028092173972755,3.427909461477017,4.90664480260392,-1.0159757253960064,-1.4157562356643731,2.7132799976985216,0.19275359708160758,-9.93263043484173,6.081388413334355,-0.21881898113396964,-4.57094815526841,-12.666647629467166,-8.909501880136313,6.081074311880412,3.992643549506378,3.4230466292729846,-6.5212420479409765,-6.913686002804858,-4.610305260568872
4.851907683757363,2.5414571209803203,1.2512208858149796,0.4892055241716421,1.639980867937944,2.312082433005502,1.7634085239429051,-2.565174488582157,0.942103095199302,-0.961784817587366,-0.13929635240104454,1.861134350223707,2.1310556559666196,-4.152106404772101,-0.5475720547621782,0.08534005602825177,-0.6775316096335897,2.385438355124565,-1.0292449824665528,-2.9756612999482357,-1.2945861829644945,-1.9100085609003343,-3.2691911049464473,-1.6712815401936532,3.427909461477017,1.6917162150988385,3.394293029698411,-0.837965427833327,-1.1359550762775732,0.80743609257045,-0.13339594062558843,-5.712425704668105,2.3548352268725283,-0.6511813902203193,-2.529150864751927,-7.120739198665188,-4.497806258720267,3.506729260491279,1.8571376806958608,1.7029755150888501,-3.11465044548456,-3.7803640794781836,-2.4042993418659675
11.90548391716505,5.22086158143495,4.254243136432209,0.7002036593108163,7.417547334011164,5.52458553048482,4.758623608949172,-6.8139635726608,2.3324226742999596,-4.862913535617123,1.6961150869635946,5.046097365457893,1.9682214667778202,-7.781453100962595,2.8814937781331227,1.0400496290625298,-1.9514248753047496,5.175320904016356,-1.207275137337059,-7.117536281105751,-0.1566775176115081,-3.233137209998515,-5.2453816940378175,-4.373985906700946,4.90664480260392,3.394293029698411,10.509867527390568,-2.949586364485441,-3.9128015927333744,-0.35841289467868614,-1.1099028096245767,-14.598914539143887,2.346822850484154,-3.379122470734598,-6.1426327247347885,-17.65278381528729,-9.468544548871796,8.990532116717795,3.3111437022217522,3.5074534396877604,-5.90206981843631,-9.011198467264744,-5.333186103734942
-3.143390196601466,-1.2971517170673934,-1.2168406855655445,-0.14822806650377954,-2.229017492165321,-1.4462916082844472,-1.290813765395717,1.8401786614549012,-0.6185925685686555,1.484364248466115,-0.6126507198658404,-1.3682797930462853,-0.2612550421111326,1.860283579063622,-1.1012528103594077,-0.3425004238677738,0.5364348730945927,-1.3109868338307562,0.21371432779104593,1.8667301062023893,-0.20024244228899393,0.7376912738585518,1.1646952336717915,1.1746678283361407,-1.0159757253960064,-0.837965427833327,-2.949586364485441,0.851177275572303,1.125560660591481,0.2827127393913569,0.3579021848489108,3.899072459751882,-0.3434154196703876,1.032444555287246,1.6162317549610414,4.674541945477696,2.3741688239090086,-2.404060911310795,-0.7762589392393117,-0.8709261353614254,1.4188322933844353,2.3586442262516303,1.3635249236075844
-4.210539687594786,-1.7489247479626424,-1.611558784915276,-0.20814935252629746,-2.933692783869364,-1.9380618163988623,-1.7179886888235856,2.4569152945804613,-0.8278410184792023,1.947519652210669,-0.7879354521118553,-1.8245792228777606,-0.4013415434106307,2.5233409819775026,-1.4125560790357363,-0.4450674761152547,0.7128083433207055,-1.7598775631042265,0.3058531314691207,2.502985131011104,-0.22262126495240162,1.0098590448426314,1.6056960194495755,1.5630173818954551,-1.4157562356643731,-1.1359550762775732,-3.9128015927333744,1.125560660591481,1.492847399477116,0.34256548151427246,0.46732913847870083,5.208370650091442,-0.5073325339345616,1.3502156974628166,2.16168940938627,6.254400174655841,3.1988834559835304,-3.2083823853054128,-1.0586163817886307,-1.1718510838619536,1.9263257885144913,3.1631423725691694,1.835041647580614
1.1682750052859747,1.1621320782798887,-0.334144514938498,0.37645898556677737,-1.4333015860544573,0.639642623583287,0.19424857050863684,-0.3388920303812108,0.21246098811418465,1.118384693776355,-1.1383491053830974,0.19666765001130546,2.2640507401745094,-2.3060658862102823,-2.4201139973222157,-0.43215251509566227,-0.0137023616822041,0.9466457061393605,-0.9581016748440103,-0.8092068419428653,-1.9416288131425161,-1.243971292792195,-2.278143545460808,-0.26417286582361704,2.7132799976985216,0.80743609257045,-0.35841289467868614,0.2827127393913569,0.34256548151427246,1.4603739657099768,0.39713255465491387,-1.0698867191141432,2.4260226255260524,0.7950752728767723,-0.647044745003119,-1.6217759312676285,-1.9321918129732247,0.6404767333580631,1.114352873263886,0.7789517205316419,-1.6905273192244807,-1.0518153071912848,-0.8825495193237961
-0.8651902815293253,-0.22191596578645828,-0.49241337510739347,0.018962312298238047,-1.0698704354755646,-0.3775851307194246,-0.4154387812695874,0.5755670186195466,-0.17592202773540305,0.7489486758417744,-0.44957510824400593,-0.43606395830469286,0.3631483219236314,0.18509021939828377,-0.8796550884420441,-0.21129942294491555,0.18241902339983423,-0.2699182947757136,-0.11803828651282923,0.49467184618757715,-0.4633137887033554,0.0075403714572944164,-0.051936850295583446,0.35870785204518507,0.19275359708160758,-0.13339594062558843,-1.1099028096245767,0.3579021848489108,0.46732913847870083,0.39713255465491387,0.21035202473220616,1.1495767093987512,0.37108127464497737,0.5221723867387796,0.4370731810470102,1.3114671454040094,0.4438096748615254,-0.7157712970747611,-0.05000191157363677,-0.14835298407600803,0.15501926906645058,0.61480948272179,0.30049196828230346
-18.245052601342785,-8.699913418267407,-5.708416956055069,-1.4015619195402778,-9.031729104654385,-8.571025397900467,-6.994046236338412,10.086435211627194,-3.554527452787405,5.7241870565845545,-1.1839607262959722,-7.413672087130596,-5.252868947410101,13.591361481234259,-1.4903764600218907,-1.0126473873735338,2.8004868185386522,-8.401814789376477,2.7569302728266507,11.023290808051486,2.322830252803025,5.9557194052861036,9.945254558613403,6.522321322344761,-9.93263043484173,-5.712425704668105,-14.598914539143887,3.899072459751882,5.208370650091442,-1.0698867191141432,1.1495767093987512,21.979274743560836,-5.96950317529566,3.959132761775179,9.458516353006251,26.930542123661212,15.591006172736027,-13.512114634454564,-5.92463574228311,-5.84305507165194,10.246296418218959,13.989509707480956,8.56021441491486
5.373860449761353,3.4919283961984737,0.6165478736806701,0.851958937088395,-0.3993145745041217,2.6646708323298123,1.684218845352715,-2.5032827393227306,1.0268996277733016,0.5640814729550044,-1.4887723538044118,1.7589442622029878,4.479806642413376,-6.194251954607207,-3.3835222039330515,-0.4500373918744587,-0.5718578065074253,3.1096842871233994,-2.0021622487792468,-3.4091760036615812,-3.4100056313046236,-3.0665423900542894,-5.41984152877316,-1.6990883670214232,6.081388413334355,2.3548352268725283,2.346822850484154,-0.3434154196703876,-0.5073325339345616,2.4260226255260524,0.37108127464497737,-5.96950317529566,4.8729537800766085,0.41939513909631876,-2.8571857355809565,-7.784659993513077,-6.024566264285021,3.6516926796340647,2.8671224278184813,2.345993978437533,-4.591333664564972,-4.358637993852464,-3.030889875548894
-3.084279925024197,-1.049646580526563,-1.4577397787390554,-0.030147314692729025,-2.9399805782637687,-1.3873018878502539,-1.3640241274045224,1.9212703589760416,-0.6103849176059976,2.0119262982241084,-1.0512609914889801,-1.4518625776532603,0.4694635650111208,1.2960409272488966,-2.013198553066618,-0.5190660420237774,0.593003201181949,-1.1402471858725525,-0.0826456600361373,1.788429459533523,-0.8654403950616767,0.4015572903933063,0.5240870345437696,1.2180542954509865,-0.21881898113396964,-0.6511813902203193,-3.379122470734598,1.032444555287246,1.3502156974628166,0.7950752728767723,0.5221723867387796,3.959132761775179,0.41939513909631876,1.412450044275752,1.5740950054741083,4.62911612262233,1.984776870360183,-2.4474488710237834,-0.4839523765301206,-0.7096466378492974,1.00709965828414,2.2548835514846712,1.2115512983262664
-7.886350573831788,-3.8462722068434547,-2.372830944386908,-0.6466812879602789,-3.6334234841906285,-3.718355399657064,-2.993620149853212,4.318291319098305,-1.5359463018582855,2.278760677938099,-0.3529628752981278,-3.1653810852794724,-2.530208429034255,6.070615284464689,-0.3085354586923597,-0.374509522081874,1.1872302542408475,-3.6923549056491796,1.2974017458174374,4.7816165191485815,1.244405097291984,2.6909295212764395,4.516996561368565,2.803521974350074,-4.57094815526841,-2.529150864751927,-6.1426327247347885,1.6162317549610414,2.16168940938627,-0.647044745003119,0.4370731810470102,9.458516353006251,-2.8571857355809565,1.5740950054741083,4.097945407059977,11.63086858397443,6.869864962663031,-5.8164581022696895,-2.662142928148313,-2.584106125361083,4.568129433914524,6.068643979956877,3.745795797105042
-22.42028727604778,-10.82415925851394,-6.858435933458897,-1.790698993839125,-10.651991814229083,-10.552019299325295,-8.537358548847719,12.326176614658582,-4.365769273167425,6.705441366079249,-1.1880104792041093,-9.045345828705521,-6.885084608337303,17.016221198825104,-1.2783558264342219,-1.1361801609885163,3.4018957185399747,-10.41234847913762,3.5612235742354663,13.571547692784211,3.250963181180995,7.510137812148292,12.587171691833442,7.977472670183597,-12.666647629467166,-7.120739198665188,-17.65278381528729,4.674541945477696,6.254400174655841,-1.6217759312676285,1.3114671454040094,26.930542123661212,-7.784659993513077,4.62911612262233,11.63086858397443,33.069096199551595,19.364279570327405,-16.55279783765488,-7.445551602739383,-7.267366400640143,12.819738700013607,17.226145242871674,10.594120789112482
-13.173077743433245,-6.795789058827621,-3.5336461178176033,-1.2591652869282661,-4.834723191419186,-6.265785698670252,-4.8448938588039105,7.024328034971142,-2.5572537047330015,2.8963521622586326,0.15271422754003397,-5.115413384437468,-5.411124771798658,11.019346096742892,1.0248429664791352,-0.3230787790893259,1.8798145647885578,-6.417989729284846,2.646803237050244,8.052395730578592,3.1777880154820304,5.023496198360599,8.552764920753285,4.587592658857526,-8.909501880136313,-4.497806258720267,-9.468544548871796,2.3741688239090086,3.1988834559835304,-1.9321918129732247,0.4438096748615254,15.591006172736027,-6.024566264285021,1.984776870360183,6.869864962663031,19.364279570327405,12.048528100911401,-9.57799000802092,-4.899194736342562,-4.563895109666854,8.26427537446923,10.2325578111236,6.462313839809848
11.20981480636084,5.345869760060022,3.5129546029663397,0.8619722085153727,5.567605177274796,5.2669277766352725,4.3059406861180465,-6.199536798074208,2.186313342772488,-3.536619954283115,0.7452106209009852,4.555104136477425,3.2105395941500166,-8.341128412674951,0.9427319200321983,0.6321987963806951,-1.7206214588637814,5.166541185919051,-1.6875842567718504,-6.776077339907043,-1.4095579636590683,-3.651941080142612,-6.091778321873827,-4.015633831737687,6.081074311880412,3.506729260491279,8.990532116717795,-2.404060911310795,-3.2083823853054128,0.6404767333580631,-0.7157712970747611,-13.512114634454564,3.6516926796340647,-2.4474488710237834,-5.8164581022696895,-16.55279783765488,-9.57799000802092,8.312682495239704,3.636872602878575,3.5919322231167334,-6.285863880360138,-8.59472242513182,-5.257314694854262
5.083893671706237,2.784594128999377,1.17570487977877,0.5679475991039363,1.3286072369834918,2.441931402767947,1.8026637588879553,-2.628419089543775,0.9846632021267981,-0.7234149485697726,-0.37890083188073714,1.8964075450725273,2.6056896745163476,-4.632992651414504,-1.0612873922463806,-0.004619595628776437,-0.6782587238047006,2.585093521137109,-1.2303631221019762,-3.138965487947886,-1.7036560147664228,-2.1690488917657955,-3.7401333321546253,-1.7276168444771085,3.992643549506378,1.8571376806958608,3.3111437022217522,-0.7762589392393117,-1.0586163817886307,1.114352873263886,-0.05000191157363677,-5.92463574228311,2.8671224278184813,-0.4839523765301206,-2.662142928148313,-7.445551602739383,-4.899194736342562,3.636872602878575,2.089672090099053,1.8679481319473201,-3.4646310669187455,-3.991495118238021,-2.5842220499435657
4.943324334271037,2.57863512306934,1.2992763806510816,0.4818853165648536,1.735476001900217,2.3568952293403607,1.812419484764212,-2.6241736662189648,0.9589428258949161,-1.031797117224733,-0.10364919505762618,1.9100159141509883,2.1044532033208414,-4.196871686288539,-0.4850470993983463,0.10326433075380682,-0.7003046875767999,2.4318018391402,-1.0243022227469973,-3.025727172487652,-1.2629041195150332,-1.919538925094026,-3.269675965090888,-1.72294288959807,3.4230466292729846,1.7029755150888501,3.5074534396877604,-0.8709261353614254,-1.1718510838619536,0.7789517205316419,-0.14835298407600803,-5.84305507165194,2.345993978437533,-0.7096466378492974,-2.584106125361083,-7.267366400640143,-4.563895109666854,3.5919322231167334,1.8679481319473201,1.7346483587124386,-3.14277895645932,-3.845856887521382,-2.4380313357734598
-8.744260936144885,-4.682926082413034,-2.141843565006598,-0.918687228177083,-2.6228900271271223,-4.184448396420123,-3.137411145364467,4.573463254723315,-1.691925334116902,1.486014625643661,0.45895837853268867,-3.315049732541014,-4.153912279863552,7.729161278919199,1.4143703240427092,-0.06655672794877975,1.1996477955615408,-4.372803543770933,1.9841066334926039,5.373310642253941,2.632284271571051,3.5856778317690727,6.158676205601559,2.9947073667426176,-6.5212420479409765,-3.11465044548456,-5.90206981843631,1.4188322933844353,1.9263257885144913,-1.6905273192244807,0.15501926906645058,10.246296418218959,-4.591333664564972,1.00709965828414,4.568129433914524,12.819738700013607,8.26427537446923,-6.285863880360138,-3.4646310669187455,-3.14277895645932,5.787044885523299,6.837426251283314,4.38676848658678
-11.691124630607623,-5.731410694078896,-3.4720556021108666,-0.9782811031236398,-5.256475474352421,-5.514674909618859,-4.412120533676333,6.381804483465802,-2.274751819571427,3.275267274095811,-0.4397488297943706,-4.674026604173198,-3.8771904406154034,9.082292784060133,-0.2960736707931877,-0.5185596459222329,1.7480695482877984,-5.485827861810038,1.9726109275373471,7.093029459196395,1.9605224531895311,4.043705142091264,6.809320960029623,4.13266908169002,-6.913686002804858,-3.7803640794781836,-9.011198467264744,2.3586442262516303,3.1631423725691694,-1.0518153071912848,0.61480948272179,13.989509707480956,-4.358637993852464,2.2548835514846712,6.068643979956877,17.226145242871674,10.2325578111236,-8.59472242513182,-3.991495118238021,-3.845856887521382,6.837426251283314,9.006051427652988,5.57416535914099
-7.2014224463914545,-3.6338182972002686,-2.0197820565638245,-0.6527236278024382,-2.8968652383362548,-3.412342118730591,-2.675735354238924,3.878815324339559,-1.3992758826397174,1.7670192619854153,-0.06685403265271306,-2.8310050467237913,-2.7156662603669344,5.837716186129719,0.24231054068192118,-0.23665232705409622,1.0479033450590323,-3.4493506410196844,1.3477085035688179,4.3879285730054844,1.5110641866417194,2.6370356656826544,4.472292868280383,2.5201621075743663,-4.610305260568872,-2.4042993418659675,-5.333186103734942,1.3635249236075844,1.835041647580614,-0.8825495193237961,0.30049196828230346,8.56021441491486,-3.030889875548894,1.2115512983262664,3.745795797105042,10.594120789112482,6.462313839809848,-5.257314694854262,-2.5842220499435657,-2.4380313357734598,4.38676848658678,5.57416535914099,3.490504099187052
