V1,V2,V3,V4,V5,V6,V7,V8,V9,V10,V11,V12,V13,V14,V15,V16,V17,V18,V19,V20,V21,V22,V23,V24,V25,V26,V27,V28,V29,V30,V31,V32,V33,V34,V35,V36,V37,V38,V39,V40,V41,V42,V43
1.029433461508045,-0.9164143664751215,0.6641329782298238,1.8160669832113323,-0.40297266913452723,-0.6093119409830939,-0.13580247710581098,0.14169538234126713,-0.30647938084524995,-0.8889604721740194,1.4000796828687274,-0.45443750821686146,-1.0622405636462677,0.35215465128844237,-0.6588995234103482,-0.7604233169564343,-0.8242689542710173,0.10871347442364651,-0.9431281357413088,-1.484128946845367,-1.2898033086069138,-1.7563947437666765,0.5525087599625415,-0.5972651576568196,2.1286555076957776,0.5905786422058317,0.28784864239721175,-1.7380622439738254,0.9732341676385504,-0.9218267158274394,1.2416442680357462,0.051924812149283524,-0.3766253944185516,-0.11233395284315112,0.9236937069974139,0.26861702508832247,-1.9303528469535611,-0.40825705573053545,0.6793431767821925,-1.6203874423595694,-1.3187546423812546,-1.937639416429877,-0.4375421673685881
-0.9164143664751215,0.8172323647690632,-0.5447494857292522,-1.6130288800856443,0.34764836409593625,0.5097839518840422,0.04946675218527961,-0.12429395077699455,0.24739618228486965,0.8457340365585555,-1.235817891929134,0.40611564210991713,0.9833463639901276,-0.3073214829538114,0.6213006805652918,0.7064852402857192,0.7590720508606718,-0.060399311789968005,0.7818621394350359,1.3017811300905646,1.1923691577267195,1.5844949205487324,-0.5281579514985766,0.5022836842190275,-1.949848318184354,-0.4795026853951496,-0.2173199551810018,1.6308453532111085,-0.8225925928882679,0.7787560586438462,-1.087109446078902,0.030895305107778402,0.41406079211621516,0.14431838242531447,-0.7570192013903521,-0.24490790421154723,1.7377089716323402,0.3855888695982545,-0.5768331306786401,1.4120467137439237,1.1724580182496054,1.7295325666061543,0.3055683591728481
0.6641329782298238,-0.5447494857292522,1.945561186672189,1.2913862848002609,-0.6220711300752839,-1.458567431666767,-2.4196021526518314,0.15192990678222598,-1.0280940765788842,1.2014630417461967,1.24791739461922,-0.24193175916604273,0.5464560319561182,0.428639914438301,0.7095692958203353,0.4736799946500696,0.29436335157589927,1.2575410621820922,-2.493039556358046,-1.5912132462194486,0.6097802949454433,-0.4501362314476648,-0.8289056959191493,-1.3454321398788849,-0.41846810154917347,1.8906554066389751,1.4567132655879427,1.608139355572477,2.058015019177526,-1.9615067115340836,1.3958603384590642,2.5512835802969667,2.3294671528082205,1.374434352195815,2.7268241363504377,-0.015312037294278366,-0.6161529464600363,0.45982306095417264,1.3501073291308279,-2.039524751603179,-0.9001859736853203,-1.099228230308809,-3.0228264271324186
1.8160669832113323,-1.6130288800856443,1.2913862848002609,3.2133313587344343,-0.7395385299933981,-1.1590644805946981,-0.42371300793234334,0.25482338793145926,-0.6062004340463453,-1.4281204214787808,2.497198224675581,-0.7976149960289437,-1.7766564485086145,0.6371409716380675,-1.0726982270651155,-1.2654617152274046,-1.3888422504817706,0.2854580277903483,-1.8126252253849628,-2.6682414490125237,-2.161589606295217,-3.0446605625453467,0.8811174937913485,-1.1294641934901475,3.6138485926478805,1.1610806728357148,0.6081925490983188,-2.850667288531606,1.8299349006030385,-1.7341422781124414,2.237386944575287,0.2903870319716745,-0.4612130131531391,-0.08390319194644255,1.797818235817609,0.45901098715581123,-3.3558102868893767,-0.6631301934561674,1.2704904498027936,-2.937149569530931,-2.3303608229668344,-3.4063310560308424,-0.9883286398537482
-0.40297266913452723,0.34764836409593625,-0.6220711300752839,-0.7395385299933981,0.24421449819175264,0.49285486864428363,0.609788314377455,-0.06997150647473457,0.31814269634385645,-0.07567384229674536,-0.6303640219990547,0.1656331998770048,0.12177955736197521,-0.18592258764289848,-0.012997804453725349,0.06759535844779914,0.12541891287320725,-0.32590929768329857,0.8190224033614408,0.7322153677848271,0.16075725470212615,0.5245633660111587,0.06665309170299735,0.4629644944973287,-0.40563996361505605,-0.5915351584193076,-0.4160792881823379,0.028861954629988494,-0.7224046193216526,0.687074560091473,-0.6280019569835946,-0.6212810929089189,-0.46666273125033453,-0.30141294877504676,-0.8702315681083633,-0.060153056279592,0.6055137821788801,-0.012800219852063963,-0.48360571823933307,0.8716423248666771,0.5280045899875978,0.7224587610002334,0.825463829531715
-0.6093119409830939,0.5097839518840422,-1.458567431666767,-1.1590644805946981,0.49285486864428363,1.1089692566550502,1.7181908955483365,-0.1264191943604528,0.7645628244921787,-0.7204265981274024,-1.070785534191199,0.23296062762334213,-0.23638542889090303,-0.3499066899146414,-0.40697269136920605,-0.2270651302413823,-0.0923761689737625,-0.8982305686440347,1.881816139209155,1.3235144305416582,-0.2492248485768577,0.5599467195042911,0.505475564357901,1.0278196829242332,-0.0015805633722146344,-1.4098306334947242,-1.0630504861714958,-0.8882140520172154,-1.5805238012453355,1.5055394288954898,-1.1526561761086376,-1.799014890991988,-1.5838279020661377,-0.9497244978622358,-2.043329748308753,-0.02654224280387438,0.7006982404919079,-0.2662746200943523,-1.0425240760346794,1.6573376439455676,0.8152404308020487,1.0409096276872405,2.183763497300453
-0.13580247710581098,0.04946675218527961,-2.4196021526518314,-0.42371300793234334,0.609788314377455,1.7181908955483365,3.6025385289111465,-0.11176790099356221,1.3168053813079021,-2.6111162473470584,-0.7145282220971603,-0.018847875523743875,-1.7532830177615761,-0.3561023319218231,-1.6572873732890154,-1.3818256967349556,-1.1612000917373466,-1.8395002749902287,3.021311961860878,1.169918844079803,-2.046223609111463,-0.8181206952971656,1.7491767112493946,1.5546205710979235,2.4733445923850064,-2.398473118866693,-1.991725971277453,-3.9662834464332053,-2.3267880887752286,2.222565280292865,-1.0781085892029743,-3.8770496229456026,-3.904616762699685,-2.2093140491365633,-3.3974037853500385,0.2544663344993064,-0.7124772613533408,-1.0578139268181885,-1.4912701839590006,1.741947441201989,0.2498935440499229,0.023737345131978435,4.270394280298609
0.14169538234126713,-0.12429395077699455,0.15192990678222598,0.25482338793145926,-0.06997150647473457,-0.1264191943604528,-0.11176790099356221,0.022001946879601938,-0.07528015509992707,-0.05153601086763281,0.20651436355097275,-0.060468211966758806,-0.09701553566323981,0.05649332311698265,-0.04528796629973362,-0.06630357402288353,-0.08041724415813338,0.062257147640108264,-0.2050330300537179,-0.2295521207521557,-0.12002926278263977,-0.21455877570571055,0.028745067673383407,-0.12052178798367352,0.2215592888599412,0.14155708175877757,0.09037800089593986,-0.1302879698028429,0.191133169626582,-0.18141261451604476,0.1946175169408436,0.10760935526516019,0.050929507895878114,0.04231596483307448,0.21222032234527063,0.029474346219931537,-0.24067044994388226,-0.027343770314660718,0.12994078430483505,-0.2627783924858754,-0.1834731036527694,-0.2606405409692503,-0.16966072380873087
-0.30647938084524995,0.24739618228486965,-1.0280940765788842,-0.6062004340463453,0.31814269634385645,0.7645628244921787,1.3168053813079021,-0.07528015509992707,0.5457507897381355,-0.7068473243618935,-0.6054587252426384,0.10725666759536129,-0.3579264562180523,-0.21510750527191277,-0.4248344402212203,-0.30142305207398096,-0.20675004287007365,-0.6823050455994595,1.3122821813229162,0.7887249932600482,-0.4052113229439828,0.149066143881973,0.48429505414911667,0.7033191181619891,0.34697397330441326,-1.0021047375448728,-0.7813528748882269,-0.9764613622833569,-1.0724820253818097,1.0225446254558803,-0.6952351853183403,-1.3935346871743266,-1.2958252916362287,-0.7584844792850429,-1.4413061939746765,0.023270618159003956,0.2302872702505731,-0.2742960601522276,-0.7013152271991893,1.0265220170465659,0.41965791971642347,0.4943300645672187,1.630239895691898
-0.8889604721740194,0.8457340365585555,1.2014630417461967,-1.4281204214787808,-0.07567384229674536,-0.7204265981274024,-2.6111162473470584,-0.05153601086763281,-0.7068473243618935,2.8443393875075595,-0.8057686088411975,0.45239735099724515,2.3584366106017076,-0.06841512862047121,1.89654861060667,1.784797798893406,1.6783745846797933,1.2953391194083799,-1.3904991919754364,0.5401593228834447,2.800778045768136,2.315800137144211,-1.8639597842294044,-0.6075470821217785,-3.9344977939255954,1.256277200262344,1.238495790257368,4.694295317992296,0.8328310355399134,-0.8030829501197253,-0.3762945874958029,2.9009165865709416,3.3349773957180835,1.789870500163068,1.6954832219389775,-0.4526263502902431,2.403084151514054,1.1986854245176237,0.48019959750434604,0.23613121928378691,1.0810127770690052,1.8497211210687996,-2.828575636340756
1.4000796828687274,-1.235817891929134,1.24791739461922,2.497198224675581,-0.6303640219990547,-1.070785534191199,-0.7145282220971603,0.20651436355097275,-0.6054587252426384,-0.8057686088411975,1.9825141510941315,-0.6063918427731311,-1.1648242791557877,0.5247053187961555,-0.6382679459353685,-0.8152080610690543,-0.9333074390537585,0.41757280779539413,-1.7108799927712435,-2.1624604244577603,-1.4266272155606827,-2.233646945290722,0.48213098237959756,-1.0304417027118127,2.4880373568979746,1.1462168059218412,0.6802806295094105,-1.743715597656674,1.6486338648338694,-1.5642527883755335,1.8238247795856106,0.642645384385862,0.07229265618568055,0.17597490919426087,1.740432514228112,0.3224986073073413,-2.4824718370061385,-0.3909453598616266,1.1311330997561926,-2.429715672364431,-1.8047847026343233,-2.600990896098082,-1.2177659448682832
-0.45443750821686146,0.40611564210991713,-0.24193175916604273,-0.7976149960289437,0.1656331998770048,0.23296062762334213,-0.018847875523743875,-0.060468211966758806,0.10725666759536129,0.45239735099724515,-0.6063918427731311,0.20236747780853218,0.5105730832849136,-0.1486636566452964,0.3292704173651671,0.368215514491431,0.3918094276582329,-0.007911672104200651,0.3526571709470703,0.6337567721177353,0.6180767965639823,0.798404724583095,-0.28395582371718786,0.23121659976873954,-1.0001930423033945,-0.20967718841628336,-0.08411103165918522,0.859493946683629,-0.3812582430764042,0.3607565514589148,-0.5280298533973601,0.06213960442401445,0.2532344479441457,0.09849328990353401,-0.33573964334509687,-0.12494762478229784,0.8733785867463715,0.20465757794029663,-0.26905836190803517,0.6816913842778054,0.5804980469948307,0.8604852044814122,0.10051489558114483
-1.0622405636462677,0.9833463639901276,0.5464560319561182,-1.7766564485086145,0.12177955736197521,-0.23638542889090303,-1.7532830177615761,-0.09701553566323981,-0.3579264562180523,2.3584366106017076,-1.1648242791557877,0.5105730832849136,2.096254379814343,-0.19983867514212328,1.6012740282046505,1.5674895695204165,1.5213446545707319,0.8518445822418466,-0.5569708390282214,1.016890693449139,2.5015900694445232,2.3668702990759303,-1.5325483345738666,-0.16324622580810066,-3.651221982083854,0.616370074092732,0.7349662297521118,4.0095887967645645,0.15700243011158815,-0.15853094135724943,-0.7982775990543162,1.9906639373751134,2.4773639798965235,1.2907219939330072,0.7770449714795316,-0.4303086194789951,2.5027010454666367,1.0084597930823405,0.03939108902507047,0.8648086791188433,1.320693923633139,2.1218989655012286,-1.7737072172651647
0.35215465128844237,-0.3073214829538114,0.428639914438301,0.6371409716380675,-0.18592258764289848,-0.3499066899146414,-0.3561023319218231,0.05649332311698265,-0.21510750527191277,-0.06841512862047121,0.5247053187961555,-0.1486636566452964,-0.19983867514212328,0.14722216964113394,-0.07476542367199046,-0.13207512095330248,-0.17228355363877712,0.19487076915311707,-0.57286840737346,-0.5918508741323227,-0.24975844529283298,-0.5101395321493916,0.031613261422390675,-0.33180004823246245,0.49025662763116207,0.40247155015355823,0.2672322393410233,-0.23215093401527256,0.5228072280497937,-0.49683018284439573,0.5037335927035564,0.3520842107103181,0.21271450184627708,0.15369064420011333,0.5989216595335454,0.0668458682764509,-0.5767917579890323,-0.04363010259511012,0.35345921585635975,-0.6863052599572937,-0.4576911180904927,-0.6428229616422493,-0.5135582230275716
-0.6588995234103482,0.6213006805652918,0.7095692958203353,-1.0726982270651155,-0.012997804453725349,-0.40697269136920605,-1.6572873732890154,-0.04528796629973362,-0.4248344402212203,1.89654861060667,-0.6382679459353685,0.3292704173651671,1.6012740282046505,-0.07476542367199046,1.2706329129540985,1.2077297856711615,1.1456019957017411,0.8183687255958991,-0.8059129100196625,0.4759673863799848,1.9039387617729295,1.6349371667022579,-1.240225516719165,-0.3358192026852395,-2.7024828754009635,0.7511813989382282,0.7664554932781893,3.1539741757966264,0.44691108779641875,-0.43223115194388034,-0.3498774610329076,1.849888292278121,2.1653007925122143,1.154162296350791,1.0026412019374884,-0.31295990957848707,1.7060249687177222,0.802211066898982,0.2472597362988454,0.29346999714478217,0.8071733046501136,1.3531029228495766,-1.7698446077393972
-0.7604233169564343,0.7064852402857192,0.4736799946500696,-1.2654617152274046,0.06759535844779914,-0.2270651302413823,-1.3818256967349556,-0.06630357402288353,-0.30142305207398096,1.784797798893406,-0.8152080610690543,0.368215514491431,1.5674895695204165,-0.13207512095330248,1.2077297856711615,1.1747122957020038,1.1338573417607853,0.6744909090063994,-0.5011174468179803,0.6934856684610824,1.8692241503380438,1.7315768937718505,-1.1615084584457869,-0.16903956192061914,-2.7112710406633784,0.5232250945813772,0.5951517904009997,3.0186136437899416,0.18993495858228704,-0.18778890518970998,-0.539094127172177,1.561903973108554,1.9130609706899404,1.0025525202115126,0.6719925544721793,-0.31833403810938693,1.8259187946119286,0.7612398587022603,0.07766936407924356,0.5651793928544329,0.9427220656974065,1.5271098204866478,-1.41854305187418
-0.8242689542710173,0.7590720508606718,0.29436335157589927,-1.3888422504817706,0.12541891287320725,-0.0923761689737625,-1.1612000917373466,-0.08041724415813338,-0.20675004287007365,1.6783745846797933,-0.9333074390537585,0.3918094276582329,1.5213446545707319,-0.17228355363877712,1.1456019957017411,1.1338573417607853,1.1099558714970337,0.5594806143807198,-0.2711236174252123,0.8432576911253752,1.8179211186858808,1.7782271977275614,-1.087901810472386,-0.04460790783381005,-2.680090006206918,0.34924228006795616,0.46170462577389565,2.8780555995389943,-3.6692220856107623e-4,-0.006180784534849227,-0.6702972235521438,1.329510223524833,1.7025422259928653,0.877923341713058,0.4208554080571206,-0.3177601906949376,1.8881974688837542,0.7207136716873549,-0.047352767080976486,0.7560014776191891,1.029047008662928,1.6336537762251748,-1.1421387043062423
0.10871347442364651,-0.060399311789968005,1.2575410621820922,0.2854580277903483,-0.32590929768329857,-0.8982305686440347,-1.8395002749902287,0.062257147640108264,-0.6823050455994595,1.2953391194083799,0.41757280779539413,-0.007911672104200651,0.8518445822418466,0.19487076915311707,0.8183687255958991,0.6744909090063994,0.5594806143807198,0.9409011602656716,-1.5745945034137727,-0.6527533096599457,0.9923383595814675,0.3491189076228673,-0.8693880744084137,-0.8145237999661955,-1.1776061231112642,1.2439027148658095,1.0251442560085382,1.9526740695911384,1.2220161241609995,-1.1671099978559172,0.5966923659955727,1.9760810088258338,1.9734999438111698,1.1205499559713583,1.7653035189094504,-0.11927575990175296,0.28866943434992853,0.5229263861480071,0.7853662078453839,-0.9491439686938024,-0.17794458134748561,-0.08661309490703473,-2.1910852627591715
-0.9431281357413088,0.7818621394350359,-2.493039556358046,-1.8126252253849628,0.8190224033614408,1.881816139209155,3.021311961860878,-0.2050330300537179,1.3122821813229162,-1.3904991919754364,-1.7108799927712435,0.3526571709470703,-0.5569708390282214,-0.57286840737346,-0.8059129100196625,-0.5011174468179803,-0.2711236174252123,-1.5745945034137727,3.20517190977691,2.146947564638155,-0.6094789908126981,0.7607336833970613,0.9663019648079749,1.7398772235263655,0.27555973998816374,-2.4164219899001087,-1.8426305514379255,-1.798278187973598,-2.6682665995589887,2.542426394609383,-1.8764479090348702,-3.175254245592048,-2.8505975461027844,-1.6945023354489694,-3.49337543875189,-0.011810362309370525,0.9869326017291725,-0.5243635652747106,-1.755125672105363,2.7195326655522165,1.2695526281074216,1.587805300463377,3.805310209403088
-1.484128946845367,1.3017811300905646,-1.5912132462194486,-2.6682414490125237,0.7322153677848271,1.3235144305416582,1.169918844079803,-0.2295521207521557,0.7887249932600482,0.5401593228834447,-2.1624604244577603,0.6337567721177353,1.016890693449139,-0.5918508741323227,0.4759673863799848,0.6934856684610824,0.8432576911253752,-0.6527533096599457,2.146947564638155,2.404398306370755,1.2571886568834973,2.2468805825717166,-0.3013972489444122,1.2621388627836947,-2.3204083105605937,-1.4820573013660645,-0.9459204636288217,1.365599508556365,-2.000507761809353,1.8999467844021258,-2.038554004038532,-1.126607786863612,-0.5315885810165497,-0.4424514117519019,-2.221821368035649,-0.3084717989912224,2.520137026062092,0.28647624686888407,-1.360297270663813,2.751376987736222,1.921880914582343,2.73048971279048,1.775595547610529
-1.2898033086069138,1.1923691577267195,0.6097802949454433,-2.161589606295217,0.16075725470212615,-0.2492248485768577,-2.046223609111463,-0.12002926278263977,-0.4052113229439828,2.800778045768136,-1.4266272155606827,0.6180767965639823,2.5015900694445232,-0.24975844529283298,1.9039387617729295,1.8692241503380438,1.8179211186858808,0.9923383595814675,-0.6094789908126981,1.2571886568834973,2.986441937270281,2.849774132033611,-1.8188424298428492,-0.16418181294889764,-4.369990070270199,0.6948466460885573,0.8473383648507019,4.771784189462754,0.13982996452479274,-0.14405049176106668,-0.990358897074409,2.3279023595123576,2.916779374992306,1.5159175627409052,0.8679346671716021,-0.5158173790658049,3.0166081534969735,1.1988688299341155,0.015455744793146866,1.0853797405415093,1.6053520264853478,2.571067887207096,-2.0564639993975287
-1.7563947437666765,1.5844949205487324,-0.4501362314476648,-3.0446605625453467,0.5245633660111587,0.5599467195042911,-0.8181206952971656,-0.21455877570571055,0.149066143881973,2.315800137144211,-2.233646945290722,0.798404724583095,2.3668702990759303,-0.5101395321493916,1.6349371667022579,1.7315768937718505,1.7782271977275614,0.3491189076228673,0.7607336833970613,2.2468805825717166,2.849774132033611,3.3042295016119776,-1.4763090921546964,0.5868079249567869,-4.438529336366234,-0.32802013224729243,0.08105161617678157,4.194188224259066,-1.016736070922436,0.9574783672429658,-1.8506752087659764,1.044887284533545,1.800612829312728,0.8430235504005457,-0.6167007363390373,-0.5432337051933639,3.5768281513510005,1.0221432556919585,-0.7486056376326397,2.317155083208814,2.2277815239545333,3.373839027158635,-0.4872003098228484
0.5525087599625415,-0.5281579514985766,-0.8289056959191493,0.8811174937913485,0.06665309170299735,0.505475564357901,1.7491767112493946,0.028745067673383407,0.48429505414911667,-1.8639597842294044,0.48213098237959756,-0.28395582371718786,-1.5325483345738666,0.031613261422390675,-1.240225516719165,-1.1615084584457869,-1.087901810472386,-0.8693880744084137,0.9663019648079749,-0.3013972489444122,-1.8188424298428492,-1.4763090921546964,1.2226998722348819,0.42960799475200767,2.5424208066254677,-0.8625804160206387,-0.838597718321553,-3.0654520690276525,-0.595096235122178,0.5731622124418768,0.2016600381717801,-1.9393542699265878,-2.212109177786211,-1.1908179971547337,-1.169200479558266,0.2915316969426967,-1.5276446866046332,-0.7841807884477826,-0.3478488973187504,-0.09290782686995173,-0.6692027591050758,-1.1578186151078997,1.9064710289416553
-0.5972651576568196,0.5022836842190275,-1.3454321398788849,-1.1294641934901475,0.4629644944973287,1.0278196829242332,1.5546205710979235,-0.12052178798367352,0.7033191181619891,-0.6075470821217785,-1.0304417027118127,0.23121659976873954,-0.16324622580810066,-0.33180004823246245,-0.3358192026852395,-0.16903956192061914,-0.04460790783381005,-0.8145237999661955,1.7398772235263655,1.2621388627836947,-0.16418181294889764,0.5868079249567869,0.42960799475200767,0.9541450667999151,-0.1010960297674407,-1.298055495337955,-0.9713846527622385,-0.7189619380965635,-1.4697580701026784,1.3998262009921536,-1.0968235315824553,-1.6235333412203454,-1.409511283041099,-0.8505227880032906,-1.8844955520108508,-0.03648557400389744,0.7217764274112279,-0.22082520029396538,-0.9712210889536822,1.5692945423937839,0.7963846573669718,1.0287305681719463,1.988261210112704
2.1286555076957776,-1.949848318184354,-0.41846810154917347,3.6138485926478805,-0.40563996361505605,-0.0015805633722146344,2.4733445923850064,0.2215592888599412,0.34697397330441326,-3.9344977939255954,2.4880373568979746,-1.0001930423033945,-3.651221982083854,0.49025662763116207,-2.7024828754009635,-2.7112710406633784,-2.680090006206918,-1.1776061231112642,0.27555973998816374,-2.3204083105605937,-4.369990070270199,-4.438529336366234,2.5424208066254677,-0.1010960297674407,6.517786412479907,-0.5617382459203122,-0.9058805794288166,-6.817511691813447,0.3234492097060915,-0.29191295170462955,1.8649583868978394,-2.8662263551416,-3.8168873643276884,-1.9411215225109522,-0.6066487037425827,0.778208355387017,-4.734716376220295,-1.6983280155237286,0.32785048606815254,-2.176539450912951,-2.668566246543174,-4.184762901379446,2.3319110065161874
0.5905786422058317,-0.4795026853951496,1.8906554066389751,1.1610806728357148,-0.5915351584193076,-1.4098306334947242,-2.398473118866693,0.14155708175877757,-1.0021047375448728,1.256277200262344,1.1462168059218412,-0.20967718841628336,0.616370074092732,0.40247155015355823,0.7511813989382282,0.5232250945813772,0.34924228006795616,1.2439027148658095,-2.4164219899001087,-1.4820573013660645,0.6948466460885573,-0.32802013224729243,-0.8625804160206387,-1.298055495337955,-0.5617382459203122,1.8410962422500559,1.4299321821580513,1.718968924742188,1.9815337192330031,-1.8889404529460005,1.3042187009212263,2.5352202155252934,2.3438445324029553,1.3753863974758986,2.6504069040344236,-0.03357690871459357,-0.4813408003087872,0.4854488846444409,1.2971305730542098,-1.9189112833628275,-0.8057018474672698,-0.9614859438560625,-2.978182386682137
0.28784864239721175,-0.2173199551810018,1.4567132655879427,0.6081925490983188,-0.4160792881823379,-1.0630504861714958,-1.991725971277453,0.09037800089593986,-0.7813528748882269,1.238495790257368,0.6802806295094105,-0.08411103165918522,0.7349662297521118,0.2672322393410233,0.7664554932781893,0.5951517904009997,0.46170462577389565,1.0251442560085382,-1.8426305514379255,-0.9459204636288217,0.8473383648507019,0.08105161617678157,-0.838597718321553,-0.9713846527622385,-0.9058805794288166,1.4299321821580513,1.1453656036689253,1.8007472439722896,1.4703736207548637,-1.4028513161158052,0.8455104932201308,2.1239123326886515,2.04996040362288,1.1808341187814078,2.0435879603312612,-0.08288624243580207,-0.012670505946579563,0.4917401562383194,0.9539214489769885,-1.2860299036191079,-0.41012443287696226,-0.41540566527607803,-2.4184249187965183
-1.7380622439738254,1.6308453532111085,1.608139355572477,-2.850667288531606,0.028861954629988494,-0.8882140520172154,-3.9662834464332053,-0.1302879698028429,-0.9764613622833569,4.694295317992296,-1.743715597656674,0.859493946683629,4.0095887967645645,-0.23215093401527256,3.1539741757966264,3.0186136437899416,2.8780555995389943,1.9526740695911384,-1.798278187973598,1.365599508556365,4.771784189462754,4.194188224259066,-3.0654520690276525,-0.7189619380965635,-6.817511691813447,1.718968924742188,1.8007472439722896,7.845137182178049,0.9299176873042773,-0.9026501623380796,-1.026214021431796,4.442144629755838,5.264150350768262,2.7928689210600504,2.2742846205101976,-0.79283788586719794,4.391107165787899,1.9904275629467671,0.49356889801214743,0.947161778171574,2.137686308640363,3.5428546919827775,-4.1919419494408885
0.9732341676385504,-0.8225925928882679,2.058015019177526,1.8299349006030385,-0.7224046193216526,-1.5805238012453355,-2.3267880887752286,0.191133169626582,-1.0724820253818097,0.8328310355399134,1.6486338648338694,-0.3812582430764042,0.15700243011158815,0.5228072280497937,0.44691108779641875,0.18993495858228704,-3.6692220856107623e-4,1.2220161241609995,-2.6682665995589887,-2.000507761809353,0.13982996452479274,-1.016736070922436,-0.595096235122178,-1.4697580701026784,0.3234492097060915,1.9815337192330031,1.4703736207548637,0.9299176873042773,2.2684582116278746,-2.1599691698797456,1.7345679191440955,2.4225977663521103,2.069164764862933,1.2578572947730375,2.882151466599987,0.07618636596341499,-1.2319288596683717,0.29578975876131147,1.5019154398830774,-2.4692115040221454,-1.2933032163730296,-1.6896039504778593,-2.997293876961754
-0.9218267158274394,0.7787560586438462,-1.9615067115340836,-1.7341422781124414,0.687074560091473,1.5055394288954898,2.222565280292865,-0.18141261451604476,1.0225446254558803,-0.8030829501197253,-1.5642527883755335,0.3607565514589148,-0.15853094135724943,-0.49683018284439573,-0.43223115194388034,-0.18778890518970998,-0.006180784534849227,-1.1671099978559172,2.542426394609383,1.8999467844021258,-0.14405049176106668,0.9574783672429658,0.5731622124418768,1.3998262009921536,-0.29191295170462955,-1.8889404529460005,-1.4028513161158052,-0.9026501623380796,-2.1599691698797456,2.056860084308235,-1.6477491161724156,-2.3148409102811116,-1.9803475384878966,-1.202967680623065,-2.7469469900333485,-0.07061202162524498,1.1617071533354877,-0.28597937688067454,-1.4298340188614709,2.346664855405218,1.2254105955067214,1.5992071340175422,2.860854796219278
1.2416442680357462,-1.087109446078902,1.3958603384590642,2.237386944575287,-0.6280019569835946,-1.1526561761086376,-1.0781085892029743,0.1946175169408436,-0.6952351853183403,-0.3762945874958029,1.8238247795856106,-0.5280298533973601,-0.7982775990543162,0.5037335927035564,-0.3498774610329076,-0.539094127172177,-0.6702972235521438,0.5966923659955727,-1.8764479090348702,-2.038554004038532,-0.990358897074409,-1.8506752087659764,0.2016600381717801,-1.0968235315824553,1.8649583868978394,1.3042187009212263,0.8455104932201308,-1.026214021431796,1.7345679191440955,-1.6477491161724156,1.7308260025738904,1.0497908762515589,0.5543070164304239,0.4317928866997037,1.949578695994945,0.25003455595651,-2.0815739135846605,-0.20886161149655888,1.1768834810062812,-2.3441854386231564,-1.6099801570968324,-2.2779474309434473,-1.602226108715945
0.051924812149283524,0.030895305107778402,2.5512835802969667,0.2903870319716745,-0.6212810929089189,-1.799014890991988,-3.8770496229456026,0.10760935526516019,-1.3935346871743266,2.9009165865709416,0.642645384385862,0.06213960442401445,1.9906639373751134,0.3520842107103181,1.849888292278121,1.561903973108554,1.329510223524833,1.9760810088258338,-3.175254245592048,-1.126607786863612,2.3279023595123576,1.044887284533545,-1.9393542699265878,-1.6235333412203454,-2.8662263551416,2.5352202155252934,2.1239123326886515,4.442144629755838,2.4225977663521103,-2.3148409102811116,1.0497908762515589,4.181156002197891,4.250297457828782,2.3956465947423724,3.5830854169430033,-0.29945834686754735,0.9468368643964516,1.1796469210911456,1.5475690118203365,-1.7316437298871405,-0.14849738338923293,0.15259705691985834,-4.570335592663252
-0.3766253944185516,0.41406079211621516,2.3294671528082205,-0.4612130131531391,-0.46666273125033453,-1.5838279020661377,-3.904616762699685,0.050929507895878114,-1.2958252916362287,3.3349773957180835,0.07229265618568055,0.2532344479441457,2.4773639798965235,0.21271450184627708,2.1653007925122143,1.9130609706899404,1.7025422259928653,1.9734999438111698,-2.8505975461027844,-0.5315885810165497,2.916779374992306,1.800612829312728,-2.212109177786211,-1.409511283041099,-3.8168873643276884,2.3438445324029553,2.04996040362288,5.264150350768262,2.069164764862933,-1.9803475384878966,0.5543070164304239,4.250297457828782,4.500015463391546,2.4946373182912085,3.275449750994399,-0.41804922481878265,1.77301728255349,1.375667151777474,1.297710818496531,-1.0930284388828437,0.3987460066631798,0.9647467784371893,-4.487115431239356
-0.11233395284315112,0.14431838242531447,1.374434352195815,-0.08390319194644255,-0.30141294877504676,-0.9497244978622358,-2.2093140491365633,0.04231596483307448,-0.7584844792850429,1.789870500163068,0.17597490919426087,0.09849328990353401,1.2907219939330072,0.15369064420011333,1.154162296350791,1.0025525202115126,0.877923341713058,1.1205499559713583,-1.6945023354489694,-0.4424514117519019,1.5159175627409052,0.8430235504005457,-1.1908179971547337,-0.8505227880032906,-1.9411215225109522,1.3753863974758986,1.1808341187814078,2.7928689210600504,1.2578572947730375,-1.202967680623065,0.4317928866997037,2.3956465947423724,2.4946373182912085,1.3922680102966605,1.931575902590123,-0.20917577234594548,0.8106874057019072,0.7342971222991249,0.7955589211495352,-0.7713869849301024,0.09680534392390006,0.35532976890100726,-2.566090430566068
0.9236937069974139,-0.7570192013903521,2.7268241363504377,1.797818235817609,-0.8702315681083633,-2.043329748308753,-3.3974037853500385,0.21222032234527063,-1.4413061939746765,1.6954832219389775,1.740432514228112,-0.33573964334509687,0.7770449714795316,0.5989216595335454,1.0026412019374884,0.6719925544721793,0.4208554080571206,1.7653035189094504,-3.49337543875189,-2.221821368035649,0.8679346671716021,-0.6167007363390373,-1.169200479558266,-1.8844955520108508,-0.6066487037425827,2.6504069040344236,2.0435879603312612,2.2742846205101976,2.882151466599987,-2.7469469900333485,1.949578695994945,3.5830854169430033,3.275449750994399,1.931575902590123,3.821956193260112,-0.023874512411038506,-0.8483577212944488,0.6494955738805427,1.890376443868845,-2.850392043075311,-1.2526703781389352,-1.5267143929291755,-4.242068510418831
0.26861702508832247,-0.24490790421154723,-0.015312037294278366,0.45901098715581123,-0.060153056279592,-0.02654224280387438,0.2544663344993064,0.029474346219931537,0.023270618159003956,-0.4526263502902431,0.3224986073073413,-0.12494762478229784,-0.4303086194789951,0.0668458682764509,-0.31295990957848707,-0.31833403810938693,-0.3177601906949376,-0.11927575990175296,-0.011810362309370525,-0.3084717989912224,-0.5158173790658049,-0.5432337051933639,0.2915316969426967,-0.03648557400389744,0.778208355387017,-0.03357690871459357,-0.08288624243580207,-0.79283788586719794,0.07618636596341499,-0.07061202162524498,0.25003455595651,-0.29945834686754735,-0.41804922481878265,-0.20917577234594548,-0.023874512411038506,0.093554236066627,-0.5819524067580106,-0.19644330144297134,0.0639182474855066,-0.2992502850491731,-0.33796701405533214,-0.5243444637449248,0.22651319797627634
-1.9303528469535611,1.7377089716323402,-0.6161529464600363,-3.3558102868893767,0.6055137821788801,0.7006982404919079,-0.7124772613533408,-0.24067044994388226,0.2302872702505731,2.403084151514054,-2.4824718370061385,0.8733785867463715,2.5027010454666367,-0.5767917579890323,1.7060249687177222,1.8259187946119286,1.8881974688837542,0.28866943434992853,0.9869326017291725,2.520137026062092,3.0166081534969735,3.5768281513510005,-1.5276446866046332,0.7217764274112279,-4.734716376220295,-0.4813408003087872,-0.012670505946579563,4.391107165787899,-1.2319288596683717,1.1617071533354877,-2.0815739135846605,0.9468368643964516,1.77301728255349,0.8106874057019072,-0.8483577212944488,-0.5819524067580106,3.8807450824265532,1.0654947594483992,-0.8957451464075681,2.6262449387525613,2.4523790430284294,3.6959127621399395,-0.3160733675891
-0.40825705573053545,0.3855888695982545,0.45982306095417264,-0.6631301934561674,-0.012800219852063963,-0.2662746200943523,-1.0578139268181885,-0.027343770314660718,-0.2742960601522276,1.1986854245176237,-0.3909453598616266,0.20465757794029663,1.0084597930823405,-0.04363010259511012,0.802211066898982,0.7612398587022603,0.7207136716873549,0.5229263861480071,-0.5243635652747106,0.28647624686888407,1.1988688299341155,1.0221432556919585,-0.7841807884477826,-0.22082520029396538,-1.6983280155237286,0.4854488846444409,0.4917401562383194,1.9904275629467671,0.29578975876131147,-0.28597937688067454,-0.20886161149655888,1.1796469210911456,1.375667151777474,0.7342971222991249,0.6494955738805427,-0.19644330144297134,1.0654947594483992,0.5066669208994664,0.16526160375246934,0.16870682398803308,0.4994493355418192,0.8403419451301225,-1.1329157341962468
0.6793431767821925,-0.5768331306786401,1.3501073291308279,1.2704904498027936,-0.48360571823933307,-1.0425240760346794,-1.4912701839590006,0.12994078430483505,-0.7013152271991893,0.48019959750434604,1.1311330997561926,-0.26905836190803517,0.03939108902507047,0.35345921585635975,0.2472597362988454,0.07766936407924356,-0.047352767080976486,0.7853662078453839,-1.755125672105363,-1.360297270663813,0.015455744793146866,-0.7486056376326397,-0.3478488973187504,-0.9712210889536822,0.32785048606815254,1.2971305730542098,0.9539214489769885,0.49356889801214743,1.5019154398830774,-1.4298340188614709,1.1768834810062812,1.5475690118203365,1.297710818496531,0.7955589211495352,1.890376443868845,0.0639182474855066,-0.8957451464075681,0.16526160375246934,0.9964043757359651,-1.6669026536096263,-0.8999485997420992,-1.1879921620365461,-1.9360039499600799
-1.6203874423595694,1.4120467137439237,-2.039524751603179,-2.937149569530931,0.8716423248666771,1.6573376439455676,1.741947441201989,-0.2627783924858754,1.0265220170465659,0.23613121928378691,-2.429715672364431,0.6816913842778054,0.8648086791188433,-0.6863052599572937,0.29346999714478217,0.5651793928544329,0.7560014776191891,-0.9491439686938024,2.7195326655522165,2.751376987736222,1.0853797405415093,2.317155083208814,-0.09290782686995173,1.5692945423937839,-2.176539450912951,-1.9189112833628275,-1.2860299036191079,0.947161778171574,-2.4692115040221454,2.346664855405218,-2.3441854386231564,-1.7316437298871405,-1.0930284388828437,-0.7713869849301024,-2.850392043075311,-0.2992502850491731,2.6262449387525613,0.16870682398803308,-1.6669026536096263,3.202122414596334,2.108150273352079,2.9510715306675004,2.484691416178528
-1.3187546423812546,1.1724580182496054,-0.9001859736853203,-2.3303608229668344,0.5280045899875978,0.8152404308020487,0.2498935440499229,-0.1834731036527694,0.41965791971642347,1.0810127770690052,-1.8047847026343233,0.5804980469948307,1.320693923633139,-0.4576911180904927,0.8071733046501136,0.9427220656974065,1.029047008662928,-0.17794458134748561,1.2695526281074216,1.921880914582343,1.6053520264853478,2.2277815239545333,-0.6692027591050758,0.7963846573669718,-2.668566246543174,-0.8057018474672698,-0.41012443287696226,2.137686308640363,-1.2933032163730296,1.2254105955067214,-1.6099801570968324,-0.14849738338923293,0.3987460066631798,0.09680534392390006,-1.2526703781389352,-0.33796701405533214,2.4523790430284294,0.4994493355418192,-0.8999485997420992,2.108150273352079,1.6910048945881764,2.477313594485922,0.6497230843838381
-1.937639416429877,1.7295325666061543,-1.099228230308809,-3.4063310560308424,0.7224587610002334,1.0409096276872405,0.023737345131978435,-0.2606405409692503,0.4943300645672187,1.8497211210687996,-2.600990896098082,0.8604852044814122,2.1218989655012286,-0.6428229616422493,1.3531029228495766,1.5271098204866478,1.6336537762251748,-0.08661309490703473,1.587805300463377,2.73048971279048,2.571067887207096,3.373839027158635,-1.1578186151078997,1.0287305681719463,-4.184762901379446,-0.9614859438560625,-0.41540566527607803,3.5428546919827775,-1.6896039504778593,1.5992071340175422,-2.2779474309434473,0.15259705691985834,0.9647467784371893,0.35532976890100726,-1.5267143929291755,-0.5243444637449248,3.6959127621399395,0.8403419451301225,-1.1879921620365461,2.9510715306675004,2.477313594485922,3.66213498785141,0.5510203652245395
-0.4375421673685881,0.3055683591728481,-3.0228264271324186,-0.9883286398537482,0.825463829531715,2.183763497300453,4.270394280298609,-0.16966072380873087,1.630239895691898,-2.828575636340756,-1.2177659448682832,0.10051489558114483,-1.7737072172651647,-0.5135582230275716,-1.7698446077393972,-1.41854305187418,-1.1421387043062423,-2.1910852627591715,3.805310209403088,1.775595547610529,-2.0564639993975287,-0.4872003098228484,1.9064710289416553,1.988261210112704,2.3319110065161874,-2.978182386682137,-2.4184249187965183,-4.1919419494408885,-2.997293876961754,2.860854796219278,-1.602226108715945,-4.570335592663252,-4.487115431239356,-2.566090430566068,-4.242068510418831,0.22651319797627634,-0.3160733675891,-1.1329157341962468,-1.9360039499600799,2.484691416178528,0.6497230843838381,0.5510203652245395,5.136777235454432
