V1,V2,V3,V4,V5,V6,V7,V8,V9,V10,V11,V12,V13,V14,V15,V16,V17,V18,V19,V20,V21,V22,V23,V24,V25,V26,V27,V28,V29,V30,V31,V32,V33,V34,V35,V36,V37,V38,V39,V40,V41,V42,V43
31.71416411568362,15.690410860859798,9.168281139510741,2.5317049502503473,13.725305054538522,14.903959049644907,11.867211562639369,-17.27473741766466,6.123520500121103,-8.389712475091708,0.9807313365807686,12.529420792652415,11.055758107743412,-25.10617851476552,-0.023290264127160572,1.3494588084009445,-4.716158238331247,15.075544608270734,-5.499408580025537,-19.227562989254324,-5.8875440039491,-11.214877864290779,-18.86800712105838,-11.26222516402116,19.449832264846382,10.366226478246677,23.986480552591484,-6.4930025167418535,-8.385317212298457,3.3559207630190055,-1.6003159267052944,-37.694542854328056,12.5238839455764,-5.878271006203498,-16.482692842658267,-46.750270310247444,-27.918507128295776,23.2165548223901,11.107410205226962,10.536399205582894,-18.840053787583145,-24.455397663387316,-15.08522013867984
15.690410860859798,8.01313433773287,4.3333767537260135,1.5295637794859946,6.042510430045397,7.482110619763658,5.814721130619234,-8.394273820707083,3.0613482622558115,-3.693707866343106,-0.06030551185456381,6.161658052419169,6.158269477506914,-12.885706440071374,-0.8074115836800849,0.4201118495796864,-2.2576860213717507,7.54882375790912,-3.06403209284219,-9.587246821232371,-3.497162774487345,-5.857730561377148,-9.97004490040203,-5.449200937679316,10.26516695752345,5.292737443674915,11.494911714249117,-2.8117573244370324,-3.9082376175890454,2.0620932213298597,-0.5678843874938092,-18.67444056700431,6.824553433022375,-2.4932029324780074,-8.171873591959999,-23.056494264481373,-14.24442251820918,11.449407785319107,5.695780320332304,5.3773002600687585,-9.692055904393584,-12.171369058919948,-7.696760671842684
9.168281139510741,4.3333767537260135,2.9373190049452873,0.7209643826670746,4.688069278477058,4.3191245100113225,3.5416799034176876,-5.082370894838759,1.7970534578537605,-3.0057675836754756,0.6617128904627914,3.7661406001116413,2.4906020123930546,-6.706393283349406,0.9690054763081197,0.5295073346852189,-1.4167842000668083,4.179858125579206,-1.3407202847259891,-5.544196361416243,-1.01565582564659,-2.9246641966819307,-4.8834615121230325,-3.275361413908343,4.8088550640193874,2.8379682626682783,7.459716100754766,-1.9525372414460311,-2.6672605739366935,0.4064702417741188,-0.5995752424205842,-11.102453902448781,2.8145172732333523,-2.0566691580118563,-4.749721538640663,-13.529683360342982,-7.784040606995812,6.8202449397699265,2.9037806531909527,2.9071572170750604,-5.068203457338789,-7.021731420852492,-4.3032921328001885
2.5317049502503473,1.5295637794859946,0.7209643826670746,0.932808449286263,0.4591693622124253,1.4813071040215755,1.007670783448786,-1.133688593072764,0.6235966638802376,-0.5607615559396344,-0.6543863024300264,1.161271082344049,1.385132910902357,-2.1951723309658706,-0.2739717813652049,-0.28033142478696016,-0.2732436571988306,1.0923748846541352,-0.8841445205820064,-1.6880780088068827,-0.7262993812833216,-1.1183053698719212,-2.117236180000295,-0.5942110991439115,1.7158210867750376,0.9659599042288056,1.912076383163341,0.41767424125285946,-0.5032134201588472,0.26371627867875497,0.20542949779536201,-3.4788125905501244,1.157593580749356,-0.05318759855470715,-1.329804270334852,-3.562258274060343,-2.8445758965753716,1.9515085054781995,0.8391576467819589,1.0189517717060976,-1.775132904346226,-2.046713218097875,-1.7155749687441832
13.725305054538522,6.042510430045397,4.688069278477058,0.4591693622124253,8.290997500801776,6.223983829898101,5.364873400037049,-7.905437898686478,2.6006301430489676,-5.195556745153174,2.0007672728744925,5.6334630390234635,2.58119653364926,-9.313564358303246,2.678000809776834,1.268686444522256,-2.2602638449407184,6.157362886728619,-1.3732064765414356,-8.1415907811395,-0.5990566042546055,-3.869481956582771,-6.205457800651385,-5.171997488644506,6.221453448619587,3.9693935280756434,11.698462931503897,-3.786402471411989,-4.39315213078026,0.036897527814463836,-1.3248406398536656,-16.441114728391934,3.2627200098400375,-3.8096951372230556,-7.083380767933708,-20.41887249935783,-10.841542251633467,10.227543979945624,4.078586864849786,4.0653306119811585,-6.9729211500476485,-10.381452926598003,-5.948052415265481
14.903959049644907,7.482110619763658,4.3191245100113225,1.4813071040215755,6.223983829898101,7.134578314468135,5.605315456977531,-8.02756383394432,2.9316833196896064,-3.919473934844242,0.17596099404347343,5.95833243997492,5.368626111765973,-11.857009271000257,-0.08574796902505108,0.47883640000122507,-2.1769776735066024,7.03649196859689,-2.7515426749682654,-9.10355524211759,-2.8434816331753647,-5.352293609121851,-9.090031599229617,-5.176036199490426,9.176794761193328,4.920324409843743,11.289830438777605,-2.6799500565511196,-3.8781345971109573,1.5617493051568745,-0.6224246022886049,-17.906671138831868,5.915547880631096,-2.605412027986867,-7.753946415823717,-21.909391534228273,-13.35409589001535,10.954658256708523,5.193160266219917,5.020816333535287,-8.95219687686381,-11.534755525731496,-7.294115693545449
11.867211562639369,5.814721130619234,3.5416799034176876,1.007670783448786,5.364873400037049,5.605315456977531,4.489937367791517,-6.4774905973135795,2.3134879237193533,-3.360240749219877,0.453733808481419,4.7581516688227525,3.9027596281259243,-9.194119053308345,0.3519998653842762,0.5274712896133519,-1.776585493828542,5.560173500587267,-1.9977318250784202,-7.201069095592513,-1.9540827818923563,-4.090325165705379,-6.887650563691248,-4.194206324130371,6.97004839459761,3.8289736766825264,9.182653970404106,-2.377141288692621,-3.2205953531623663,1.0318473201494558,-0.62475599534592,-14.229045172001953,4.3834213262967054,-2.3066953214650425,-6.162493174312675,-17.485893695053587,-10.388476062784887,8.737643962653204,4.0318063638941695,3.904252340030713,-6.924028767521158,-9.140126985412797,-5.66591891343802
-17.27473741766466,-8.394273820707083,-5.082370894838759,-1.133688593072764,-7.905437898686478,-8.02756383394432,-6.4774905973135795,9.519586386138016,-3.297376776063152,4.782692962085499,-0.8917014794427364,-6.81062295394101,-5.641807347245078,13.447384986354782,-0.3695435823898703,-0.9062390127788489,2.6187481004950164,-8.193677970298259,2.770423565687678,10.417027712739051,2.914403907065206,5.941425800722859,9.900641364776144,6.241706655929233,-10.29421704457505,-5.5527411314668,-13.221937468965693,3.8708441864404257,4.696855511357856,-1.6628121886783631,1.025166490367387,20.43826536449232,-6.5281354789249635,3.450614224889025,8.969884629515462,25.53074652763027,14.915824571646715,-12.643375478479468,-5.977086240553472,-5.641091265888043,10.059976791904452,13.277023599549498,8.028800793769223
6.123520500121103,3.0613482622558115,1.7970534578537605,0.6235966638802376,2.6006301430489676,2.9316833196896064,2.3134879237193533,-3.297376776063152,1.2109861020398711,-1.6544120506711177,0.08942669511591879,2.466118088190393,2.1614773689677746,-4.830072157674038,0.03905701113925813,0.2017589769162745,-0.8968535586497008,2.874235366245889,-1.121866081457025,-3.7409278372479235,-1.1188780177720632,-2.174581468131923,-3.703269450646306,-2.119714759739736,3.708102697424762,2.012585073893516,4.683812098476478,-1.0860233839641913,-1.6107307018387726,0.5903998463652876,-0.2592978942447385,-7.386380801159174,2.3696039260588235,-1.0905592673229494,-3.1828869827008743,-8.994552831340414,-5.47882856636699,4.513184432206775,2.1046185754510915,2.053054458541462,-3.6508268710805316,-4.734139887950948,-3.002910925239094
-8.389712475091708,-3.693707866343106,-3.0057675836754756,-0.5607615559396344,-5.195556745153174,-3.919473934844242,-3.360240749219877,4.782692962085499,-1.6544120506711177,3.4396804653914725,-1.137703298410924,-3.5738411017386396,-1.4036928888689764,5.478082328358891,-2.0407748020183734,-0.6997417699466517,1.3684537248372144,-3.62269075447526,0.8811591513974235,5.022005617798595,0.10694196968204868,2.288461986169629,3.7300322454632653,3.0501005065766122,-3.439358840791833,-2.396485634154645,-7.418852459776336,1.9902859754201885,2.7522675599300364,0.27117683514567154,0.7542213935270227,10.339654230823719,-1.6377304231677683,2.3584754762120257,4.327644188348822,12.423834879432183,6.715560963222951,-6.342014478584855,-2.316009114773986,-2.482751954043785,4.170696526908659,6.356058895313152,3.8024531299633124
0.9807313365807686,-0.06030551185456381,0.6617128904627914,-0.6543863024300264,2.0007672728744925,0.17596099404347343,0.453733808481419,-0.8917014794427364,0.08942669511591879,-1.137703298410924,1.2604854734945856,0.40751059052891025,-1.0817193695423084,0.13672226225289014,1.5492250704158246,0.6168545330129271,-0.3166647637188686,0.33420695880080203,0.6006964596589196,-0.4123877322504216,0.9757521107516313,0.2918573988399443,0.77555417758192,-0.6680361485207514,-0.6351422868719189,-0.023244411640218104,1.4313275280769393,-1.22395328736807,-0.753041338812424,-0.6370143373025167,-0.5648204240415549,-0.9791278141720108,-0.8202212937978403,-1.076494658090549,-0.4739105495951814,-1.6371944123430977,0.1194476950530408,0.7554220277010607,-0.009369728840424052,-0.0291665921676506,0.18390303008376596,-0.5967131245152256,0.11991867208980588
12.529420792652415,6.161658052419169,3.7661406001116413,1.161271082344049,5.6334630390234635,5.95833243997492,4.7581516688227525,-6.81062295394101,2.466118088190393,-3.5738411017386396,0.40751059052891025,5.0680737223286325,4.137405243192447,-9.691248243373344,0.4107754424765264,0.5135386284053245,-1.867016327418235,5.847057901433689,-2.1535885441915985,-7.6295974309797705,-2.04584098757076,-4.318916529791396,-7.315353195929806,-4.3900860090786615,7.3203867302379475,4.050932056762774,9.744011449532733,-2.3862109323730065,-3.3919987150770545,1.0379630528548687,-0.621571167839827,-15.105437845604563,4.584429543874331,-2.4006614317151334,-6.505048365042253,-18.435049701519883,-11.03322837236901,9.253441144397556,4.221947862376833,4.132691446262544,-7.315557576936676,-9.658562607631099,-6.049725246109103
11.055758107743412,6.158269477506914,2.4906020123930546,1.385132910902357,2.58119653364926,5.368626111765973,3.9027596281259243,-5.641807347245078,2.1614773689677746,-1.4036928888689764,-1.0817193695423084,4.137405243192447,5.940739250185098,-10.25178383849699,-2.6115714282596203,-0.13480052249754387,-1.446183673886506,5.6386070217329385,-2.8311305680847085,-6.856500941053863,-3.9265726816190147,-4.8361271827452,-8.404040845816878,-3.68446635953042,8.913924281248402,4.102435675802625,7.071247531438145,-1.460012585397981,-2.1988081875152785,2.557624069149458,0.006829096550378586,-12.942078227585908,6.465441540786597,-0.87730557200383,-5.790761751172267,-16.147561058705953,-10.854654505235484,7.900308677068127,4.599169671160449,4.131832501019354,-7.682801990058784,-8.709610566927525,-5.742471222061965
-25.10617851476552,-12.885706440071374,-6.706393283349406,-2.1951723309658706,-9.313564358303246,-11.857009271000257,-9.194119053308345,13.447384986354782,-4.830072157674038,5.478082328358891,0.13672226225289014,-9.691248243373344,-10.25178383849699,21.00347560121951,1.9917945115006033,-0.7017938645036061,3.606568351635784,-12.267270681819083,4.944858691206632,15.300314558192623,6.061258784491864,9.544779626472984,16.20012445156559,8.811619345520295,-17.0280012317541,-8.552897719723417,-17.975018949165868,4.770464384530592,6.115210179538627,-3.749680784147189,0.9176845613676861,29.555297037212632,-11.522235648574796,3.8517814321250854,13.08000993222306,36.94553770770188,22.81226369770034,-18.198040176050036,-9.381815871682994,-8.655200037515423,15.716510682430116,19.481034316319633,12.178347267319642
-0.023290264127160572,-0.8074115836800849,0.9690054763081197,-0.2739717813652049,2.678000809776834,-0.08574796902505108,0.3519998653842762,-0.3695435823898703,0.03905701113925813,-2.0407748020183734,1.5492250704158246,0.4107754424765264,-2.6115714282596203,1.9917945115006033,3.459988110564027,0.6132262458000504,-0.21185420446708852,-0.6065449627577524,1.010763934172922,0.1367884902101917,2.457139951115216,1.168852291975068,2.191691921663223,-0.14898805410345148,-2.8818392492540763,-0.6053013541708431,1.7777799051130079,-0.5638078495444292,-0.9019949934806794,-1.9379489966609278,-0.5867585092092845,-0.5230527675942808,-2.835088249413798,-1.3772500624024353,0.06784014537025157,-0.06811979259112846,1.2182534817858268,0.3122828298120233,-1.050703619393212,-0.5447996942973251,1.407049283593372,0.22167776950746793,0.3832723985758678
1.3494588084009445,0.4201118495796864,0.5295073346852189,-0.28033142478696016,1.268686444522256,0.47883640000122507,0.5274712896133519,-0.9062390127788489,0.2017589769162745,-0.6997417699466517,0.6168545330129271,0.5135386284053245,-0.13480052249754387,-0.7017938645036061,0.6132262458000504,0.334892195409974,-0.2802307409994959,0.6101095084779321,0.1230935981543438,-0.7240798396651398,0.21815020880210986,-0.20421427535445566,-0.2022691716550222,-0.6449514329294254,0.3444686512311125,0.29304662006937604,1.2757521737629933,-0.8049472837763235,-0.567713620178008,-0.1320053247344028,-0.31351554234069484,-1.4618983641669858,0.06473091265199911,-0.6507998445453199,-0.6848715304245405,-2.088674576962836,-0.7275279798869231,0.9843422470599582,0.3512360369189384,0.28940215135053726,-0.4744306939605638,-0.9657125076099602,-0.3413746980375099
-4.716158238331247,-2.2576860213717507,-1.4167842000668083,-0.2732436571988306,-2.2602638449407184,-2.1769776735066024,-1.776585493828542,2.6187481004950164,-0.8968535586497008,1.3684537248372144,-0.3166647637188686,-1.867016327418235,-1.446183673886506,3.606568351635784,-0.21185420446708852,-0.2802307409994959,0.7253509206630061,-2.224611577014454,0.7108269371487641,2.834980531191567,0.7151188220571583,1.5787750919806565,2.6171872442407365,1.7202811757647902,-2.7215297525735878,-1.4935414125466016,-3.663018313878863,1.1090316956588055,1.3146080354235439,-0.39659061097427906,0.3092296526755227,5.578018835468812,-1.694160255133366,0.9972038334630801,2.4461941110434795,6.978043646736463,4.014288220947851,-3.4585161414251147,-1.6022950373805622,-1.5167967061184016,2.69501364153156,3.6145129331539256,2.161710760681006
15.075544608270734,7.54882375790912,4.179858125579206,1.0923748846541352,6.157362886728619,7.03649196859689,5.560173500587267,-8.193677970298259,2.874235366245889,-3.62269075447526,0.33420695880080203,5.847057901433689,5.6386070217329385,-12.267270681819083,-0.6065449627577524,0.6101095084779321,-2.224611577014454,7.307327446505491,-2.707035669701244,-9.134277460110452,-3.206518984313877,-5.498799421375487,-9.248141749846072,-5.393041109982769,9.753586001421661,5.011433317728249,11.067838039633788,-3.185141742437074,-3.847765532518472,1.95932674123511,-0.7216019194324604,-17.711826297458224,6.451963105963437,-2.622033748433454,-7.841784199014972,-22.241053017712762,-13.363716207652267,10.955393672868018,5.486682512147935,5.070370016633863,-9.15873762460147,-11.64358544030909,-7.129465154092424
-5.499408580025537,-3.06403209284219,-1.3407202847259891,-0.8841445205820064,-1.3732064765414356,-2.7515426749682654,-1.9977318250784202,2.770423565687678,-1.121866081457025,0.8811591513974235,0.6006964596589196,-2.1535885441915985,-2.8311305680847085,4.944858691206632,1.010763934172922,0.1230935981543438,0.7108269371487641,-2.707035669701244,1.4400555144815104,3.4451109503766797,1.7712621492527407,2.3510406326084916,4.137171217785671,1.7563648466223238,-4.179334274639378,-2.017833670577255,-3.7074447240731154,0.49921400123042403,1.138286111955101,-1.0656864756391906,-0.04508352338124698,6.6372999836926745,-2.9603728219466787,0.4514796829509928,2.879336301859176,7.985679827684768,5.458946302957999,-3.997194005190697,-2.1586674335550255,-2.0499722042150594,3.7560340606861944,4.33837048022,2.975515650709929
-19.227562989254324,-9.587246821232371,-5.544196361416243,-1.6880780088068827,-8.1415907811395,-9.10355524211759,-7.201069095592513,10.417027712739051,-3.7409278372479235,5.022005617798595,-0.4123877322504216,-7.6295974309797705,-6.856500941053863,15.300314558192623,0.1367884902101917,-0.7240798396651398,2.834980531191567,-9.134277460110452,3.4451109503766797,11.699407201261916,3.668856816128798,6.864983805822232,11.608341400957888,6.766457073982874,-11.882067998068578,-6.325692766288701,-14.513795022377682,3.7334408005845625,5.026917974312287,-2.0686617578551507,0.8882757241521869,22.939591109275653,-7.6759331135673055,3.447245269059776,9.99683785463311,28.307992510561746,17.076830857593894,-14.094243217546984,-6.7434403346619005,-6.434517026001979,11.504368157022984,14.852653366769633,9.259995388018428
-5.8875440039491,-3.497162774487345,-1.01565582564659,-0.7262993812833216,-0.5990566042546055,-2.8434816331753647,-1.9540827818923563,2.914403907065206,-1.1188780177720632,0.10694196968204868,0.9757521107516313,-2.04584098757076,-3.9265726816190147,6.061258784491864,2.457139951115216,0.21815020880210986,0.7151188220571583,-3.206518984313877,1.7712621492527407,3.668856816128798,2.841235815015665,2.9185728437299785,5.089577412157945,1.9529996723544525,-5.642054083384922,-2.3549208874339063,-3.1893078529672017,0.7220645311582518,0.9027406102860587,-1.9844488332392014,-0.1480721185422402,6.648482398740863,-4.322648087076617,0.07828895675214685,3.1008332359270447,8.584917289784187,6.077491419413902,-4.08929076838964,-2.786592137003511,-2.3460642300456644,4.500562870429945,4.6895036894315325,3.109417202599275
-11.214877864290779,-5.857730561377148,-2.9246641966819307,-1.1183053698719212,-3.869481956582771,-5.352293609121851,-4.090325165705379,5.941425800722859,-2.174581468131923,2.288461986169629,0.2918573988399443,-4.318916529791396,-4.8361271827452,9.544779626472984,1.168852291975068,-0.20421427535445566,1.5787750919806565,-5.498799421375487,2.3510406326084916,6.864983805822232,2.9185728437299785,4.386629823831423,7.484029873151819,3.876452480963848,-7.830463728917272,-3.880040506885032,-7.8969199063166196,1.9415048144855656,2.6424853368640004,-1.8175224730509698,0.3145747927797829,13.232167319326088,-5.364125171547754,1.5547725715915774,5.852264711478405,16.466509646287875,10.366273064779184,-8.12038949848026,-4.254744730206714,-3.9313494581564683,7.16320869030471,8.73185539175485,5.549844051769562
-18.86800712105838,-9.97004490040203,-4.8834615121230325,-2.117236180000295,-6.205457800651385,-9.090031599229617,-6.887650563691248,9.900641364776144,-3.703269450646306,3.7300322454632653,0.77555417758192,-7.315353195929806,-8.404040845816878,16.20012445156559,2.191691921663223,-0.2022691716550222,2.6171872442407365,-9.248141749846072,4.137171217785671,11.608341400957888,5.089577412157945,7.484029873151819,12.874059503731168,6.42058903301932,-13.342141570251446,-6.599866061887346,-13.227284113480977,2.950471976968285,4.354852583273419,-3.117684781797012,0.40023005186781097,22.394902185778726,-9.188738610815411,2.429199655221389,9.846909217875373,27.641311278258737,17.688108938833498,-13.686251774531172,-7.17988818742182,-6.687346872748965,12.185808084661982,14.724690205481561,9.511061627137334
-11.26222516402116,-5.449200937679316,-3.275361413908343,-0.5942110991439115,-5.171997488644506,-5.176036199490426,-4.194206324130371,6.241706655929233,-2.119714759739736,3.0501005065766122,-0.6680361485207514,-4.3900860090786615,-3.68446635953042,8.811619345520295,-0.14898805410345148,-0.6449514329294254,1.7202811757647902,-5.393041109982769,1.7563648466223238,6.766457073982874,1.9529996723544525,3.876452480963848,6.42058903301932,4.128837420037252,-6.802834073170459,-3.616096968507013,-8.543291714617999,2.6986266493301594,3.055829210937407,-1.1697939852481805,0.7122021173385644,13.198535039839811,-4.3435700357044835,2.274599038402185,5.847594777009418,16.67421873836788,9.644441477541651,-8.209692601878423,-3.950675949150519,-3.6618326696609462,6.561435696955556,8.64473264426619,5.142784040520105
19.449832264846382,10.26516695752345,4.8088550640193874,1.7158210867750376,6.221453448619587,9.176794761193328,6.97004839459761,-10.29421704457505,3.708102697424762,-3.439358840791833,-0.6351422868719189,7.3203867302379475,8.913924281248402,-17.0280012317541,-2.8818392492540763,0.3444686512311125,-2.7215297525735878,9.753586001421661,-4.179334274639378,-11.882067998068578,-5.642054083384922,-7.830463728917272,-13.342141570251446,-6.802834073170459,14.314974425026733,6.843310820535989,13.207677397899866,-3.5882023254295885,-4.395435510853196,3.6796645387452376,-0.5159067132316614,-22.61080830357957,10.027738928529088,-2.4793855995342424,-10.154694039595492,-28.59329402761225,-18.06773630020882,13.95709197457995,7.68414071789323,6.892042538654464,-12.695987642061917,-15.15861405082615,-9.520443608893737
10.366226478246677,5.292737443674915,2.8379682626682783,0.9659599042288056,3.9693935280756434,4.920324409843743,3.8289736766825264,-5.5527411314668,2.012585073893516,-2.396485634154645,-0.023244411640218104,4.050932056762774,4.102435675802625,-8.552897719723417,-0.6053013541708431,0.29304662006937604,-1.4935414125466016,5.011433317728249,-2.017833670577255,-6.325692766288701,-2.3549208874339063,-3.880040506885032,-6.599866061887346,-3.616096968507013,6.843310820535989,3.5048990739008277,7.5522293389259545,-1.9085414822069644,-2.57205074398675,1.4062765102015786,-0.38516968056613415,-12.295983364605675,4.573539566171322,-1.6451991090879634,-5.397140264074348,-15.243932723980517,-9.401980720060312,7.54852527498092,3.7938980975817986,3.554608684430659,-6.418072657079917,-8.038895884080425,-5.056682503647853
23.986480552591484,11.494911714249117,7.459716100754766,1.912076383163341,11.698462931503897,11.289830438777605,9.182653970404106,-13.221937468965693,4.683812098476478,-7.418852459776336,1.4313275280769393,9.744011449532733,7.071247531438145,-17.975018949165868,1.7777799051130079,1.2757521737629933,-3.663018313878863,11.067838039633788,-3.7074447240731154,-14.513795022377682,-3.1893078529672017,-7.8969199063166196,-13.227284113480977,-8.543291714617999,13.207677397899866,7.5522293389259545,19.113861419761047,-5.028937985290175,-6.79284267670176,1.4901882643059416,-1.4593134086931057,-28.90600956218108,7.991618765100619,-5.104875899680009,-12.435984937292092,-35.38361043588171,-20.602751044647867,17.75904683001162,7.833317197322317,7.717465774003101,-13.55411865543301,-18.40706848390383,-11.31079785853609
-6.4930025167418535,-2.8117573244370324,-1.9525372414460311,0.41767424125285946,-3.786402471411989,-2.6799500565511196,-2.377141288692621,3.8708441864404257,-1.0860233839641913,1.9902859754201885,-1.22395328736807,-2.3862109323730065,-1.460012585397981,4.770464384530592,-0.5638078495444292,-0.8049472837763235,1.1090316956588055,-3.185141742437074,0.49921400123042403,3.7334408005845625,0.7220645311582518,1.9415048144855656,2.950471976968285,2.6986266493301594,-3.5882023254295885,-1.9085414822069644,-5.028937985290175,2.5440371487124973,1.9868612389072116,-0.5679823066336388,0.7862551638138237,7.162187595088221,-2.1814976589599104,1.819264917364614,3.354012289762135,9.793246023774408,4.861980943947289,-4.6490897728427685,-2.2671739845469445,-1.8994468829032405,3.425881494375058,4.875007860723671,2.420303054966021
-8.385317212298457,-3.9082376175890454,-2.6672605739366935,-0.5032134201588472,-4.39315213078026,-3.8781345971109573,-3.2205953531623663,4.696855511357856,-1.6107307018387726,2.7522675599300364,-0.753041338812424,-3.3919987150770545,-2.1988081875152785,6.115210179538627,-0.9019949934806794,-0.567713620178008,1.3146080354235439,-3.847765532518472,1.138286111955101,5.026917974312287,0.9027406102860587,2.6424853368640004,4.354852583273419,3.055829210937407,-4.395435510853196,-2.57205074398675,-6.79284267670176,1.9868612389072116,2.4727621380330738,-0.3990676679586577,0.6191978117904142,10.044554619325474,-2.5811503751167613,1.9648640460189812,4.341528517208275,12.41207187109664,6.997276081044539,-6.204453901231003,-2.682589757634192,-2.6279373129670787,4.593139867382329,6.4008710969023985,3.823092309629287
3.3559207630190055,2.0620932213298597,0.4064702417741188,0.26371627867875497,0.036897527814463836,1.5617493051568745,1.0318473201494558,-1.6628121886783631,0.5903998463652876,0.27117683514567154,-0.6370143373025167,1.0379630528548687,2.557624069149458,-3.749680784147189,-1.9379489966609278,-0.1320053247344028,-0.39659061097427906,1.95932674123511,-1.0656864756391906,-2.0686617578551507,-1.9844488332392014,-1.8175224730509698,-3.117684781797012,-1.1697939852481805,3.6796645387452376,1.4062765102015786,1.4901882643059416,-0.5679823066336388,-0.3990676679586577,1.4884055626148824,0.09781124094237284,-3.555122848410876,2.9192250917610614,0.08876656810391427,-1.7779430266498244,-4.9232593340250865,-3.5016532420031252,2.242276412674607,1.7887364340049787,1.3854045934584425,-2.742773884448518,-2.685869772557684,-1.699905437891364
-1.6003159267052944,-0.5678843874938092,-0.5995752424205842,0.20542949779536201,-1.3248406398536656,-0.6224246022886049,-0.62475599534592,1.025166490367387,-0.2592978942447385,0.7542213935270227,-0.5648204240415549,-0.621571167839827,0.006829096550378586,0.9176845613676861,-0.5867585092092845,-0.31351554234069484,0.3092296526755227,-0.7216019194324604,-0.04508352338124698,0.8882757241521869,-0.1480721185422402,0.3145747927797829,0.40023005186781097,0.7122021173385644,-0.5159067132316614,-0.38516968056613415,-1.4593134086931057,0.7862551638138237,0.6191978117904142,0.09781124094237284,0.2999987903837824,1.791060498339438,-0.1793641070630217,0.6625227751605238,0.8179682205331604,2.4468598958676746,0.9941965162688289,-1.1740677087716902,-0.4385172806729842,-0.3876659128111665,0.6478385105186083,1.1680478959471174,0.5000875849929448
-37.694542854328056,-18.67444056700431,-11.102453902448781,-3.4788125905501244,-16.441114728391934,-17.906671138831868,-14.229045172001953,20.43826536449232,-7.386380801159174,10.339654230823719,-0.9791278141720108,-15.105437845604563,-12.942078227585908,29.555297037212632,-0.5230527675942808,-1.4618983641669858,5.578018835468812,-17.711826297458224,6.6372999836926745,22.939591109275653,6.648482398740863,13.232167319326088,22.394902185778726,13.198535039839811,-22.61080830357957,-12.295983364605675,-28.90600956218108,7.162187595088221,10.044554619325474,-3.555122848410876,1.791060498339438,45.27248116462609,-14.389773263545585,6.992284419503611,19.585577992639504,55.47151247743698,33.375355789992966,-27.737238384489558,-12.943375435730553,-12.537851557274458,22.283792834923066,29.09170610617615,18.216741743075822
12.5238839455764,6.824553433022375,2.8145172732333523,1.157593580749356,3.2627200098400375,5.915547880631096,4.3834213262967054,-6.5281354789249635,2.3696039260588235,-1.6377304231677683,-0.8202212937978403,4.584429543874331,6.465441540786597,-11.522235648574796,-2.835088249413798,0.06473091265199911,-1.694160255133366,6.451963105963437,-2.9603728219466787,-7.6759331135673055,-4.322648087076617,-5.364125171547754,-9.188738610815411,-4.3435700357044835,10.027738928529088,4.573539566171322,7.991618765100619,-2.1814976589599104,-2.5811503751167613,2.9192250917610614,-0.1793641070630217,-14.389773263545585,7.261945375920218,-1.2239752652978264,-6.552911450382511,-18.39167742870273,-11.955824669663789,8.885980635064154,5.249628086267724,4.586722746353123,-8.562242212695114,-9.81464370524555,-6.215470945452155
-5.878271006203498,-2.4932029324780074,-2.0566691580118563,-0.05318759855470715,-3.8096951372230556,-2.605412027986867,-2.3066953214650425,3.450614224889025,-1.0905592673229494,2.3584754762120257,-1.076494658090549,-2.4006614317151334,-0.87730557200383,3.8517814321250854,-1.3772500624024353,-0.6507998445453199,0.9972038334630801,-2.622033748433454,0.4514796829509928,3.447245269059776,0.07828895675214685,1.5547725715915774,2.429199655221389,2.274599038402185,-2.4793855995342424,-1.6451991090879634,-5.104875899680009,1.819264917364614,1.9648640460189812,0.08876656810391427,0.6625227751605238,6.992284419503611,-1.2239752652978264,1.7889585301935975,3.027129793871694,8.786782960168729,4.471610700916336,-4.375012399484691,-1.7040127107721983,-1.6840466762361503,2.863359843209934,4.418153461717263,2.4325528806893812
-16.482692842658267,-8.171873591959999,-4.749721538640663,-1.329804270334852,-7.083380767933708,-7.753946415823717,-6.162493174312675,8.969884629515462,-3.1828869827008743,4.327644188348822,-0.4739105495951814,-6.505048365042253,-5.790761751172267,13.08000993222306,0.06784014537025157,-0.6848715304245405,2.4461941110434795,-7.841784199014972,2.879336301859176,9.99683785463311,3.1008332359270447,5.852264711478405,9.846909217875373,5.847594777009418,-10.154694039595492,-5.397140264074348,-12.435984937292092,3.354012289762135,4.341528517208275,-1.7779430266498244,0.8179682205331604,19.585577992639504,-6.552911450382511,3.027129793871694,8.569037472526883,24.293879837728404,14.534159976592525,-12.061874584982121,-5.788701238323372,-5.4869350061856474,9.818024081331279,12.715471737600845,7.853320610475495
-46.750270310247444,-23.056494264481373,-13.529683360342982,-3.562258274060343,-20.41887249935783,-21.909391534228273,-17.485893695053587,25.53074652763027,-8.994552831340414,12.423834879432183,-1.6371944123430977,-18.435049701519883,-16.147561058705953,36.94553770770188,-0.06811979259112846,-2.088674576962836,6.978043646736463,-22.241053017712762,7.985679827684768,28.307992510561746,8.584917289784187,16.466509646287875,27.641311278258737,16.67421873836788,-28.59329402761225,-15.243932723980517,-35.38361043588171,9.793246023774408,12.41207187109664,-4.9232593340250865,2.4468598958676746,55.47151247743698,-18.39167742870273,8.786782960168729,24.293879837728404,68.9691420139263,41.00081564701779,-34.20132565831291,-16.37884765493002,-15.490970931365338,27.694122821204807,36.030912323410625,22.113044577636316
-27.918507128295776,-14.24442251820918,-7.784040606995812,-2.8445758965753716,-10.841542251633467,-13.35409589001535,-10.388476062784887,14.915824571646715,-5.47882856636699,6.715560963222951,0.1194476950530408,-11.03322837236901,-10.854654505235484,22.81226369770034,1.2182534817858268,-0.7275279798869231,4.014288220947851,-13.363716207652267,5.458946302957999,17.076830857593894,6.077491419413902,10.366273064779184,17.688108938833498,9.644441477541651,-18.06773630020882,-9.401980720060312,-20.602751044647867,4.861980943947289,6.997276081044539,-3.5016532420031252,0.9941965162688289,33.375355789992966,-11.955824669663789,4.471610700916336,14.534159976592525,41.00081564701779,25.379230426370505,-20.4174041749496,-10.042326041543085,-9.560681440473827,17.18388018061721,21.656148793665665,13.763053243474596
23.2165548223901,11.449407785319107,6.8202449397699265,1.9515085054781995,10.227543979945624,10.954658256708523,8.737643962653204,-12.643375478479468,4.513184432206775,-6.342014478584855,0.7554220277010607,9.253441144397556,7.900308677068127,-18.198040176050036,0.3122828298120233,0.9843422470599582,-3.4585161414251147,10.955393672868018,-3.997194005190697,-14.094243217546984,-4.08929076838964,-8.12038949848026,-13.686251774531172,-8.209692601878423,13.95709197457995,7.54852527498092,17.75904683001162,-4.6490897728427685,-6.204453901231003,2.242276412674607,-1.1740677087716902,-27.737238384489558,8.885980635064154,-4.375012399484691,-12.061874584982121,-34.20132565831291,-20.4174041749496,17.053487431489405,8.006138620264025,7.6839161543064,-13.687047134303102,-17.896931630628224,-11.095010344228509
11.107410205226962,5.695780320332304,2.9037806531909527,0.8391576467819589,4.078586864849786,5.193160266219917,4.0318063638941695,-5.977086240553472,2.1046185754510915,-2.316009114773986,-0.009369728840424052,4.221947862376833,4.599169671160449,-9.381815871682994,-1.050703619393212,0.3512360369189384,-1.6022950373805622,5.486682512147935,-2.1586674335550255,-6.7434403346619005,-2.786592137003511,-4.254744730206714,-7.17988818742182,-3.950675949150519,7.68414071789323,3.7938980975817986,7.833317197322317,-2.2671739845469445,-2.682589757634192,1.7887364340049787,-0.4385172806729842,-12.943375435730553,5.249628086267724,-1.7040127107721983,-5.788701238323372,-16.37884765493002,-10.042326041543085,8.006138620264025,4.231756997342923,3.8302263128216603,-6.989397200099225,-8.614315316200324,-5.305477810141685
10.536399205582894,5.3773002600687585,2.9071572170750604,1.0189517717060976,4.0653306119811585,5.020816333535287,3.904252340030713,-5.641091265888043,2.053054458541462,-2.482751954043785,-0.0291665921676506,4.132691446262544,4.131832501019354,-8.655200037515423,-0.5447996942973251,0.28940215135053726,-1.5167967061184016,5.070370016633863,-2.0499722042150594,-6.434517026001979,-2.3460642300456644,-3.9313494581564683,-6.687346872748965,-3.6618326696609462,6.892042538654464,3.554608684430659,7.717465774003101,-1.8994468829032405,-2.6279373129670787,1.3854045934584425,-0.3876659128111665,-12.537851557274458,4.586722746353123,-1.6840466762361503,-5.4869350061856474,-15.490970931365338,-9.560681440473827,7.6839161543064,3.8302263128216603,3.6123552234424,-6.506583664209591,-8.173542536391372,-5.160294702023286
-18.840053787583145,-9.692055904393584,-5.068203457338789,-1.775132904346226,-6.9729211500476485,-8.95219687686381,-6.924028767521158,10.059976791904452,-3.6508268710805316,4.170696526908659,0.18390303008376596,-7.315557576936676,-7.682801990058784,15.716510682430116,1.407049283593372,-0.4744306939605638,2.69501364153156,-9.15873762460147,3.7560340606861944,11.504368157022984,4.500562870429945,7.16320869030471,12.185808084661982,6.561435696955556,-12.695987642061917,-6.418072657079917,-13.55411865543301,3.425881494375058,4.593139867382329,-2.742773884448518,0.6478385105186083,22.283792834923066,-8.562242212695114,2.863359843209934,9.818024081331279,27.694122821204807,17.18388018061721,-13.687047134303102,-6.989397200099225,-6.506583664209591,11.791865968240348,14.62883789964102,9.222086178566764
-24.455397663387316,-12.171369058919948,-7.021731420852492,-2.046713218097875,-10.381452926598003,-11.534755525731496,-9.140126985412797,13.277023599549498,-4.734139887950948,6.356058895313152,-0.5967131245152256,-9.658562607631099,-8.709610566927525,19.481034316319633,0.22167776950746793,-0.9657125076099602,3.6145129331539256,-11.64358544030909,4.33837048022,14.852653366769633,4.6895036894315325,8.73185539175485,14.724690205481561,8.64473264426619,-15.15861405082615,-8.038895884080425,-18.40706848390383,4.875007860723671,6.4008710969023985,-2.685869772557684,1.1680478959471174,29.09170610617615,-9.81464370524555,4.418153461717263,12.715471737600845,36.030912323410625,21.656148793665665,-17.896931630628224,-8.614315316200324,-8.173542536391372,14.62883789964102,18.881667311574528,11.708111968484717
-15.08522013867984,-7.696760671842684,-4.3032921328001885,-1.7155749687441832,-5.948052415265481,-7.294115693545449,-5.66591891343802,8.028800793769223,-3.002910925239094,3.8024531299633124,0.11991867208980588,-6.049725246109103,-5.742471222061965,12.178347267319642,0.3832723985758678,-0.3413746980375099,2.161710760681006,-7.129465154092424,2.975515650709929,9.259995388018428,3.109417202599275,5.549844051769562,9.511061627137334,5.142784040520105,-9.520443608893737,-5.056682503647853,-11.31079785853609,2.420303054966021,3.823092309629287,-1.699905437891364,0.5000875849929448,18.216741743075822,-6.215470945452155,2.4325528806893812,7.853320610475495,22.113044577636316,13.763053243474596,-11.095010344228509,-5.305477810141685,-5.160294702023286,9.222086178566764,11.708111968484717,7.5458100178776135
