V1,V2,V3,V4,V5,V6,V7,V8,V9,V10,V11,V12,V13,V14,V15,V16,V17,V18,V19,V20,V21,V22,V23,V24,V25,V26,V27,V28,V29,V30,V31,V32,V33,V34,V35,V36,V37,V38,V39,V40,V41,V42,V43,V44
6.287993738862219,-4.6494642265344055,5.57276732328726,9.904705450070898,6.781344935395041,10.777490076079268,6.710448484117812,1.614727146002542,5.355232127090441,-2.437609337737304,2.507498421332819,4.254454485376102,-8.178822955321532,11.485347994266041,6.797297039300564,2.2433230029582534,4.19435979672779,5.3345606286232385,-9.406571196561218,-6.153382195899957,2.7830290008754783,7.824259763570889,3.8828641997669138,9.004613281773644,1.5244420766662263,5.344622263345351,0.8112526863317526,0.8697465176709434,-1.3627763142580827,-5.856185639461312,3.730538076444176,-2.313612066650263,-2.0955280982851754,4.145054399309241,4.215044842761255,8.345261961857478,-1.4368235095839463,0.9958831411926078,-2.9052092927855746,0.15984968624971355,6.109638282689805,-11.459575127020504,-4.30477751169695,-0.2507759295059833
-4.6494642265344055,5.160332263966486,-4.5812293336320105,-8.135262808768111,-6.179116212441096,-10.080522476311009,-3.7029009608027232,-1.4219432149758033,-4.680916398841469,0.4544026789982979,-0.9168291356968632,-4.2705071612137155,8.066822764502728,-9.35733625861747,-6.4002049877950276,-2.5710986222667227,-4.087248639233008,-3.33938671156692,6.851841758096708,3.9629664422734145,-1.9326548037948008,-6.789248099327365,-2.7985506056140705,-7.8532825146630465,-0.6054676384880363,-4.934829471315398,0.35134856827609046,-0.004073424068593973,1.3000021285129126,5.047815535392365,-3.8152790832261427,3.0880387093073813,1.8648253018792118,-1.5776181926206345,-4.175610513899622,-7.843749507031789,1.2745106552519592,-0.5891315529050823,1.348765824833473,0.08770404458697169,-4.73315634932686,9.025559404295546,3.21527295574746,-1.5342538556194363
5.57276732328726,-4.5812293336320105,5.090997822836026,9.06104673517884,6.34042917310303,10.107502610894171,5.634491266969499,1.4924510834116709,4.957500841515836,-1.8032846260147763,1.934444480534511,4.145289268626503,-7.845154194496656,10.421753933315102,6.427862005290468,2.2080307583633565,3.9837327415476915,4.581638410215783,-8.306704250959562,-5.284552998350486,2.413996646555854,7.267396944544348,3.358080376474803,8.28811264986816,1.2101105522508426,4.959987653397988,0.4853500102205159,0.5761909005638632,-1.3594172629262349,-5.376875958868372,3.6336015083290643,-2.525547715445165,-1.9081158898446737,3.2811138605938233,4.095604420288487,7.888784783212845,-1.3826966044631575,0.8796917262610403,-2.237509007750988,0.07589734937531817,5.532191633151975,-10.349969182016608,-3.8327659643762484,0.24713336559078602
9.904705450070898,-8.135262808768111,9.06104673517884,16.149587170720352,11.2808020309302,17.95145011355513,10.043729324121541,2.646143496498295,8.820192360021073,-3.2053700266281258,3.4210971234478422,7.3964624496049325,-13.9913599038758,18.521678700631252,11.460532353928173,3.917255634279281,7.1017431779157425,8.143207495621965,-14.787238592985375,-9.382967124383837,4.291055395388053,12.947741593816387,5.928436146726025,14.730397447576735,2.170060165710528,8.81449013316023,0.8551271821162295,1.0249407952599334,-2.444778423378076,-9.555157422119906,6.489004733199618,-4.53775425295774,-3.3805647134462764,5.847756152211776,7.321647390975527,14.041936284292932,-2.4995098106877154,1.581210147653684,-3.937578357939833,0.11882667025009991,9.874613190010589,-18.396602707446206,-6.815420661636837,0.4341181237932916
6.781344935395041,-6.179116212441096,6.34042917310303,11.2808020309302,8.12198306150073,13.053321570370937,6.40598869001097,1.892013789787672,6.278828056777064,-1.7182535100830076,2.051915565986246,5.390180983692497,-10.240119944836955,12.980863925353223,8.29498506695929,3.0321486544771434,5.207353823270137,5.350931575586727,-10.095213884470516,-6.235179911995917,2.917363700083222,9.155239256504789,4.101542953807613,10.523336836042716,1.301566174102158,6.422627911401229,0.238707564995198,0.4966769191118396,-1.7060476683617718,-6.806427549732916,4.7715559466934465,-3.4851579968128283,-2.4586219458067218,3.4772540326809165,5.310552619983952,10.166766434818335,-1.7326191318591373,0.9944748288821126,-2.5404985220937744,0.025285982405869854,6.77661184355365,-12.753058368558307,-4.672918215706169,0.8925741496890547
10.777490076079268,-10.080522476311009,10.107502610894171,17.95145011355513,13.053321570370937,21.07932226439335,9.944802372238568,3.0458707021342426,10.05467509936228,-2.5313937734043535,3.1717104258346205,8.639947482487166,-16.483401671502484,20.748632808527564,13.323714596293339,4.986334579153514,8.402250996601975,8.398979874126212,-16.015595174566368,-9.836490847843038,4.630897215717476,14.61093799220282,6.603057315019911,16.919376168406504,1.9823330336367522,10.398983671788399,0.21982644367925178,0.7207607850522174,-2.6542947336373217,-10.92840458319367,7.676218796367903,-5.597450110520177,-3.99634142292314,5.2882054609845675,8.49260891189706,16.345530493955934,-2.7011225721962355,1.5100193741568637,-4.075864755308507,0.029009630427220424,10.71664719673847,-20.29843481427309,-7.420029159229256,1.6714749071389148
6.710448484117812,-3.7029009608027232,5.634491266969499,10.043729324121541,6.40598869001097,9.944802372238568,8.121411022735535,1.5503792217936045,5.219772516213331,-3.5745655446827493,3.323014735408029,3.7793701163469007,-7.32526743728375,11.632055300621603,6.304737137474036,1.7075467906504345,3.781296789144652,6.139268372896793,-10.125430578449764,-6.984324073267549,3.057392330043572,7.681133829598021,4.126425966617931,8.722228191057411,2.012139624019434,4.9577846955186535,1.5628550838800803,1.37809873276941,-1.3154212434787136,-5.726463327008384,3.2554337422511175,-1.5671485579326556,-1.9814601161650858,5.519280650365127,3.795411616532321,7.72796583663274,-1.4432846230128604,1.2022343916211944,-3.576259364555842,0.30396188024283577,6.4173949484452075,-11.861229795672264,-4.57499419489704,-1.522961686793072
1.614727146002542,-1.4219432149758033,1.4924510834116709,2.646143496498295,1.892013789787672,3.0458707021342426,1.5503792217936045,0.45095619602704684,1.4601686676227519,-0.4561060466138529,0.5240139923763981,1.2409266569755053,-2.3518426522623916,3.059900469947284,1.9144268653778582,0.6904768120074677,1.1924193805684804,1.2917828356837158,-2.3941235207358753,-1.5063409019379161,0.6946975042615524,2.135928194359551,0.9912833132453154,2.4700431428985876,0.3225923637480576,1.4964422954140693,0.09340072017760899,0.1343544464110468,-0.38030741644781374,-1.593175106872178,1.090828529499399,-0.7720875845732954,-0.5745729331267789,0.8665203605141859,1.2200911175604743,2.3575811308285206,-0.38463702884440043,0.2345627481627341,-0.6405271181572897,0.0194778965742351,1.5951174631608025,-3.0162219989018793,-1.111691641443605,0.16573422154533451
5.355232127090441,-4.680916398841469,4.957500841515836,8.820192360021073,6.278828056777064,10.05467509936228,5.219772516213331,1.4601686676227519,4.918685553622278,-1.4879595722359447,1.701960642679588,4.155263512608675,-7.872242551863063,10.166061374626652,6.411851933038008,2.2734050008723137,4.009712773160045,4.304686840604614,-7.9604380534078425,-4.986685614116141,2.3107174384670377,7.154990721782649,3.215870501175978,8.142607224234444,1.0539308984878895,4.917968436259215,0.30094202962565947,0.45169858022493936,-1.383907193647273,-5.298582331516996,3.658979563703084,-2.652212032515888,-1.8973172283081152,2.90296988598856,4.089510409412154,7.861501743945532,-1.3784275111194797,0.818417196626139,-2.0101927360912204,0.03942278857400005,5.325479954151904,-10.054072452544258,-3.6791438303489903,0.5029887950396831
-2.437609337737304,0.4544026789982979,-1.8032846260147763,-3.2053700266281258,-1.7182535100830076,-2.5313937734043535,-3.5745655446827493,-0.4561060466138529,-1.4879595722359447,2.0226424899000026,-1.7193015026413054,-0.7677826263122077,1.5725775384507146,-3.7718626471759382,-1.5391508082091785,-0.15641582519548858,-0.8310483720022993,-2.548438947987229,3.7289516312841777,2.853141781387308,-1.1747745052308913,-2.231151544337486,-1.5766064083285227,-2.565434068676223,-1.0080395306042271,-1.3062188193206554,-1.0804069593627506,-0.8338429987307048,0.2741490207726742,1.7030638340421598,-0.6102726478541701,-0.19909241829950275,0.5590953595184723,-2.779620272804912,-0.8022393932807216,-1.917443291761245,0.36859148780028217,-0.49845157096448395,1.7739683805907531,-0.23429366258212736,-2.2036326052353736,4.005946046350466,1.651987234617805,1.4389997078040426
2.507498421332819,-0.9168291356968632,1.934444480534511,3.4210971234478422,2.051915565986246,3.1717104258346205,3.323014735408029,0.5240139923763981,1.701960642679588,-1.7193015026413054,1.5812950933241878,0.9727116937061757,-2.0791537308169006,4.091024259069933,1.9023775012925543,0.4402081825332338,1.1218293065748943,2.43908252792868,-3.8280790060201624,-2.8046855421295325,1.2173068594237226,2.4645416603732677,1.6937442282122708,2.9719456420005774,0.9081724884686232,1.6674629701891939,0.8318725211094636,0.7270576205091319,-0.2538558001910095,-1.9552663194931685,0.841610172035079,9.886385196551581e-4,-0.7095275357338071,2.471888997403474,0.9899866872833993,2.350786377535328,-0.36626585536278133,0.42007692225185594,-1.8081245768537466,0.2040074347113111,2.2365557448336677,-4.197997966008731,-1.6972822859314787,-1.053060257386204
4.254454485376102,-4.2705071612137155,4.145289268626503,7.3964624496049325,5.390180983692497,8.639947482487166,3.7793701163469007,1.2409266569755053,4.155263512608675,-0.7677826263122077,0.9727116937061757,3.818917661019495,-6.994314042244855,8.371001738392058,5.590965582121534,2.0403442987206355,3.48504626596245,3.2598755856823,-6.266814139576482,-3.739554839569453,1.7366015993404122,6.134514407769291,2.402618410899044,6.825362888661851,0.6660541725387756,4.1314521015962296,-0.021090714336949486,0.10443370653075652,-1.3334091171306413,-4.413858755509915,3.333892681242021,-2.7676223118372114,-1.5334773059678348,1.8315247736073015,3.7488488106462663,6.862048957556814,-1.2577828655377064,0.6799285435143966,-1.0747839758587956,-0.059141702217195925,4.427526415653853,-8.252822393224797,-2.9499114748014414,0.9828908581720948
-8.178822955321532,8.066822764502728,-7.845154194496656,-13.9913599038758,-10.240119944836955,-16.483401671502484,-7.32526743728375,-2.3518426522623916,-7.872242551863063,1.5725775384507146,-2.0791537308169006,-6.994314042244855,13.184778985300285,-15.980132210369085,-10.579728563735681,-3.9627271596654157,-6.67672112835358,-6.241842212990203,12.156578843831745,7.277138535358148,-3.453708844302729,-11.497730508215904,-4.822352607691572,-13.108443468045305,-1.392687352467433,-8.06978777905477,0.0678564685861644,-0.35598496436361,2.2653339424636405,8.466489356981159,-6.210967207950302,4.843026180181623,3.049128623628959,-3.6673939592692952,-6.892497467949424,-12.92804060198629,2.265482850448613,-1.1951969003129181,2.625659367747173,0.08007720714966861,-8.337696964732753,15.61943363514747,5.649778303542154,-1.7004303369778215
11.485347994266041,-9.35733625861747,10.421753933315102,18.521678700631252,12.980863925353223,20.748632808527564,11.632055300621603,3.059900469947284,10.166061374626652,-3.7718626471759382,4.091024259069933,8.371001738392058,-15.980132210369085,21.42951870063479,13.121946697298377,4.55062683042789,8.161120162690853,9.454080626867665,-17.124620644781643,-10.93982344688004,5.010439594886741,14.82941536370339,7.033590294118615,17.039218933694926,2.5076912099782405,10.23387108520227,1.0152164382108977,1.2569921004385458,-2.683356201255304,-11.062738602615065,7.36525418744601,-4.965217704456468,-3.9755593326494147,6.822813514770607,8.26038576435727,16.11244039365397,-2.75883408954382,1.7630397509840159,-4.842461464273586,0.18575411972315675,11.286884522226917,-21.24488780190257,-7.881614846450835,0.40738676030289195
6.797297039300564,-6.4002049877950276,6.427862005290468,11.460532353928173,8.29498506695929,13.323714596293339,6.304737137474036,1.9144268653778582,6.411851933038008,-1.5391508082091785,1.9023775012925543,5.590965582121534,-10.579728563735681,13.121946697298377,8.540629892696993,3.1351133078892564,5.372479961739907,5.287561030194806,-10.114658082146535,-6.15259560853704,2.89658629480387,9.360330674165999,4.036314002123009,10.68079102853994,1.2457174966357658,6.540683145781121,0.10212996858209045,0.415398659864901,-1.8124140434036502,-6.908855662406279,4.959330223370499,-3.753942166122049,-2.4886749700602007,3.304146098332354,5.515912670017719,10.43246332232499,-1.8302166469394907,1.0078967191978343,-2.3527194976981662,-0.028563493828214624,6.869118407635407,-12.870231521141761,-4.684138726352124,1.107564622217056
2.2433230029582534,-2.5710986222667227,2.2080307583633565,3.917255634279281,3.0321486544771434,4.986334579153514,1.7075467906504345,0.6904768120074677,2.2734050008723137,-0.15641582519548858,0.4402081825332338,2.0403442987206355,-3.9627271596654157,4.55062683042789,3.1351133078892564,1.3287580178655818,2.034706671684573,1.5663501496151335,-3.3345219452926655,-1.8932379307011664,0.9534215288827369,3.2577973598781576,1.41554674712895,3.877747947347091,0.28666347964944155,2.4971474948285035,-0.24439008838034873,0.005919247391993902,-0.5559350544751662,-2.485290233827341,1.8605224381274004,-1.438872994109988,-0.9562050087114969,0.7006685626085388,1.9970173532152828,3.8306537965071352,-0.5833472486426261,0.24210177605694227,-0.7693649713040108,-0.04686840358283348,2.2507961981652724,-4.323763886614717,-1.5496223111246694,0.8105577911865274
4.19435979672779,-4.087248639233008,3.9837327415476915,7.1017431779157425,5.207353823270137,8.402250996601975,3.781296789144652,1.1924193805684804,4.009712773160045,-0.8310483720022993,1.1218293065748943,3.48504626596245,-6.67672112835358,8.161120162690853,5.372479961739907,2.034706671684573,3.418901631258513,3.1955324410673516,-6.258231886859625,-3.7564712991198568,1.8014184370021178,5.81591289559446,2.5251588367941316,6.705133795055799,0.7406108636678973,4.160039572611563,-0.045331953125855,0.22983067621389955,-1.0905312506690539,-4.3324803371918605,3.125595785068475,-2.350519727988582,-1.5916939503801162,1.9220845145414198,3.440639620673545,6.547769680098881,-1.1249122838077856,0.5839683740214943,-1.4901341032995916,-0.034781535974847795,4.221366330898034,-7.941816308566686,-2.8864819668201696,0.8083141395368164
5.3345606286232385,-3.33938671156692,4.581638410215783,8.143207495621965,5.350931575586727,8.398979874126212,6.139268372896793,1.2917828356837158,4.304686840604614,-2.548438947987229,2.43908252792868,3.2598755856823,-6.241842212990203,9.454080626867665,5.287561030194806,1.5663501496151335,3.1955324410673516,4.761179146014073,-7.997802107299878,-5.426896405622896,2.3893924969732754,6.319816919300925,3.2939938028453333,7.2033207290935755,1.4558599197642634,4.148567321377957,1.0552851173731566,0.9408885966111441,-1.1056668261362137,-4.714417249986931,2.8081853713906675,-1.537994507238805,-1.6445386748732629,4.038553383873343,3.237631378149988,6.51926242107272,-1.1638407857399435,0.9184793291346699,-2.660855992391399,0.21379315668313828,5.12950978023653,-9.576659506501285,-3.6472501914558926,-0.8116574554858956
-9.406571196561218,6.851841758096708,-8.306704250959562,-14.787238592985375,-10.095213884470516,-16.015595174566368,-10.125430578449764,-2.3941235207358753,-7.9604380534078425,3.7289516312841777,-3.8280790060201624,-6.266814139576482,12.156578843831745,-17.124620644781643,-10.114658082146535,-3.3345219452926655,-6.258231886859625,-7.997802107299878,14.14679666815094,9.24745628198848,-4.207119903973044,-11.621525978446172,-5.829266180089479,-13.440449118112168,-2.359763185114415,-8.005779870369865,-1.2415761552932856,-1.3640868479797281,1.969621197837709,8.73516456463,-5.527895648166905,3.3315869844579074,3.138203271473382,-6.318047929072478,-6.2355291249742555,-12.38632112723842,2.1430474970233573,-1.4826053456772463,4.499841045326587,-0.2441925297632228,-9.138092165169276,17.05927617122556,6.444668004176625,0.492520404142307
-6.153382195899957,3.9629664422734145,-5.284552998350486,-9.382967124383837,-6.235179911995917,-9.836490847843038,-6.984324073267549,-1.5063409019379161,-4.986685614116141,2.853141781387308,-2.8046855421295325,-3.739554839569453,7.277138535358148,-10.93982344688004,-6.15259560853704,-1.8932379307011664,-3.7564712991198568,-5.426896405622896,9.24745628198848,6.251268341600946,-2.7924528939360975,-7.273663631105976,-3.8646390374514414,-8.41043655471714,-1.669187123922122,-4.907677973880974,-1.1368001431934867,-1.0705001903914195,1.1948174144148105,5.493876445168043,-3.2557661091530754,1.7330307929245428,1.9536991130558,-4.572612370431862,-3.7166417925438164,-7.574586504594778,1.2950740798888396,-1.0022012735395314,3.188005696761611,-0.2508274368642498,-5.8668840523594765,11.015589734239082,4.205916239848188,0.8467621717770913
2.7830290008754783,-1.9326548037948008,2.413996646555854,4.291055395388053,2.917363700083222,4.630897215717476,3.057392330043572,0.6946975042615524,2.3107174384670377,-1.1747745052308913,1.2173068594237226,1.7366015993404122,-3.453708844302729,5.010439594886741,2.89658629480387,0.9534215288827369,1.8014184370021178,2.3893924969732754,-4.207119903973044,-2.7924528939360975,1.2847593237011998,3.3358467089714923,1.7724145914724871,3.920325898277183,0.7322928622550194,2.3443433003946503,0.4169725206682363,0.45087563170525846,-0.5167504458233053,-2.5559247080849645,1.5424014579630796,-0.8343186336769555,-0.9332062850055753,1.9589070799741355,1.7295816217668312,3.5459399295748057,-0.5870694508126055,0.4179244264074518,-1.472928734346165,0.1002926012790032,2.6466430564209547,-4.988872013818468,-1.9042187386269187,-0.2582563448387849
7.824259763570889,-6.789248099327365,7.267396944544348,12.947741593816387,9.155239256504789,14.61093799220282,7.681133829598021,2.135928194359551,7.154990721782649,-2.231151544337486,2.4645416603732677,6.134514407769291,-11.497730508215904,14.82941536370339,9.360330674165999,3.2577973598781576,5.81591289559446,6.319816919300925,-11.621525978446172,-7.273663631105976,3.3358467089714923,10.498565167823308,4.619314667970892,11.854436603805128,1.568407364821056,7.110721228789849,0.4850273108683525,0.6528515763284108,-2.079570631168813,-7.694952700644131,5.373268488939637,-3.9651957434810656,-2.7151099835047514,4.285284208079179,6.05030355892428,11.47661576554022,-2.0603951622283376,1.2465633874701552,-2.807222782955205,0.04119508245006397,7.864530807581055,-14.706510378915988,-5.384841149309068,0.712989512541393
3.8828641997669138,-2.7985506056140705,3.358080376474803,5.928436146726025,4.101542953807613,6.603057315019911,4.126425966617931,0.9912833132453154,3.215870501175978,-1.5766064083285227,1.6937442282122708,2.402618410899044,-4.822352607691572,7.033590294118615,4.036314002123009,1.41554674712895,2.5251588367941316,3.2939938028453333,-5.829266180089479,-3.8646390374514414,1.7724145914724871,4.619314667970892,2.5748860885202167,5.554108051782171,0.9737988649725599,3.3640337278698413,0.5163823522715448,0.6190072376934628,-0.6316800905375807,-3.601865259314565,2.1461236027402784,-1.0922096914437844,-1.3582990176681857,2.6235135207165614,2.3703754036282825,4.975350726788378,-0.7334062198761019,0.5319590392574081,-2.154305002992581,0.14702771692991698,3.6238800088612892,-6.9453858758773395,-2.64712287217565,-0.24971914498360734
9.004613281773644,-7.8532825146630465,8.28811264986816,14.730397447576735,10.523336836042716,16.919376168406504,8.722228191057411,2.4700431428985876,8.142607224234444,-2.565434068676223,2.9719456420005774,6.825362888661851,-13.108443468045305,17.039218933694926,10.68079102853994,3.877747947347091,6.705133795055799,7.2033207290935755,-13.440449118112168,-8.41043655471714,3.920325898277183,11.854436603805128,5.554108051782171,13.763092692537333,1.8562754394399936,8.399698122299316,0.4783251563204339,0.8284915326685648,-2.0781115844494806,-8.892816083806078,6.063420617535914,-4.187017687493718,-3.2457699899078154,4.917705373840897,6.736981773194131,13.091002564990443,-2.1770991919384337,1.298615242172345,-3.730973977544606,0.08636811391602747,8.885543601903278,-16.737571074822476,-6.189604728330462,0.8277965463882525
1.5244420766662263,-0.6054676384880363,1.2101105522508426,2.170060165710528,1.301566174102158,1.9823330336367522,2.012139624019434,0.3225923637480576,1.0539308984878895,-1.0080395306042271,0.9081724884686232,0.6660541725387756,-1.392687352467433,2.5076912099782405,1.2457174966357658,0.28666347964944155,0.7406108636678973,1.4558599197642634,-2.359763185114415,-1.669187123922122,0.7322928622550194,1.568407364821056,0.9737988649725599,1.8562754394399936,0.5755469870756458,1.0531733768055302,0.45897302293187037,0.42442246621294855,-0.18421865768193696,-1.2039215853416856,0.5906697250570152,-0.1040769229364295,-0.4250152988677279,1.4743519095855369,0.6997422134758989,1.505436079748663,-0.27880877418638944,0.2724529711045497,-1.0322442708595687,0.09195823861887219,1.430794350778646,-2.5554976468104122,-1.0387780065667853,-0.5848790610973744
5.344622263345351,-4.934829471315398,4.959987653397988,8.81449013316023,6.422627911401229,10.398983671788399,4.9577846955186535,1.4964422954140693,4.917968436259215,-1.3062188193206554,1.6674629701891939,4.1314521015962296,-8.06978777905477,10.23387108520227,6.540683145781121,2.4971474948285035,4.160039572611563,4.148567321377957,-8.005779870369865,-4.907677973880974,2.3443433003946503,7.110721228789849,3.3640337278698413,8.399698122299316,1.0531733768055302,5.234534759889322,0.08500945225293198,0.43546220852594153,-1.1630659985156488,-5.406845247757524,3.728098050231438,-2.5583857742207528,-2.0288142943384266,2.6934287521740075,4.082372828477033,7.986786874562825,-1.2738454912522883,0.6993397384120652,-2.290757964115711,0.02026856467297888,5.255090091248735,-9.934868380803458,-3.672355820961717,0.750706260783336
0.8112526863317526,0.35134856827609046,0.4853500102205159,0.8551271821162295,0.238707564995198,0.21982644367925178,1.5628550838800803,0.09340072017760899,0.30094202962565947,-1.0804069593627506,0.8318725211094636,-0.021090714336949486,0.0678564685861644,1.0152164382108977,0.10212996858209045,-0.24439008838034873,-0.045331953125855,1.0552851173731566,-1.2415761552932856,-1.1368001431934867,0.4169725206682363,0.4850273108683525,0.5163823522715448,0.4783251563204339,0.45897302293187037,0.08500945225293198,0.6985539558757243,0.42749008494512963,-0.06850593701416578,-0.3533550933204476,-0.10104204012610032,0.3986034445912448,-0.05890364176514432,1.3620721060435492,-0.00909198854574185,0.17649357319671247,-0.07105475076852934,0.2320725023333123,-0.7186177752022037,0.1587317691330089,0.686672200929117,-1.240170933496005,-0.5523309653824651,-0.9798160378274083
0.8697465176709434,-0.004073424068593973,0.5761909005638632,1.0249407952599334,0.4966769191118396,0.7207607850522174,1.37809873276941,0.1343544464110468,0.45169858022493936,-0.8338429987307048,0.7270576205091319,0.10443370653075652,-0.35598496436361,1.2569921004385458,0.415398659864901,0.005919247391993902,0.22983067621389955,0.9408885966111441,-1.3640868479797281,-1.0705001903914195,0.45087563170525846,0.6528515763284108,0.6190072376934628,0.8284915326685648,0.42442246621294855,0.43546220852594153,0.42749008494512963,0.3900262246984643,-0.001596798177853725,-0.5514408737562453,0.09774121813213296,0.29082450133732424,-0.20974291052237695,1.1271761766536854,0.1315886697268434,0.4976842946839823,-0.08396884232487616,0.16015476780853932,-0.8320204821410272,0.09667632845663254,0.727377569589469,-1.319357296663672,-0.5764180984775,-0.6794360788542817
-1.3627763142580827,1.3000021285129126,-1.3594172629262349,-2.444778423378076,-1.7060476683617718,-2.6542947336373217,-1.3154212434787136,-0.38030741644781374,-1.383907193647273,0.2741490207726742,-0.2538558001910095,-1.3334091171306413,2.2653339424636405,-2.683356201255304,-1.8124140434036502,-0.5559350544751662,-1.0905312506690539,-1.1056668261362137,1.969621197837709,1.1948174144148105,-0.5167504458233053,-2.079570631168813,-0.6316800905375807,-2.0781115844494806,-0.18421865768193696,-1.1630659985156488,-0.06850593701416578,-0.001596798177853725,0.6231921276208796,1.3815817198986227,-1.1108293308356356,1.077490893148427,0.41397792056171406,-0.6321111710417731,-1.3023101986752499,-2.23220476374053,0.5184527560769421,-0.3027530537034127,0.059588994132475925,0.0329844346971344,-1.5015408040658433,2.755451177990829,0.9475029581199748,-0.25995422647555183
-5.856185639461312,5.047815535392365,-5.376875958868372,-9.555157422119906,-6.806427549732916,-10.92840458319367,-5.726463327008384,-1.593175106872178,-5.298582331516996,1.7030638340421598,-1.9552663194931685,-4.413858755509915,8.466489356981159,-11.062738602615065,-6.908855662406279,-2.485290233827341,-4.3324803371918605,-4.714417249986931,8.73516456463,5.493876445168043,-2.5559247080849645,-7.694952700644131,-3.601865259314565,-8.892816083806078,-1.2039215853416856,-5.406845247757524,-0.3533550933204476,-0.5514408737562453,1.3815817198986227,5.7670270096209775,-3.910846610195595,2.7038426697967375,2.096461605006284,-3.247089122263557,-4.350392181230946,-8.472635717830938,1.425990397791916,-0.8578516082089953,2.4117200822151488,-0.06644069625670264,-5.767229176023065,10.89837632566887,4.023047267332319,-0.47324911937648245
3.730538076444176,-3.8152790832261427,3.6336015083290643,6.489004733199618,4.7715559466934465,7.676218796367903,3.2554337422511175,1.090828529499399,3.658979563703084,-0.6102726478541701,0.841610172035079,3.333892681242021,-6.210967207950302,7.36525418744601,4.959330223370499,1.8605224381274004,3.125595785068475,2.8081853713906675,-5.527895648166905,-3.2557661091530754,1.5424014579630796,5.373268488939637,2.1461236027402784,6.063420617535914,0.5906697250570152,3.728098050231438,-0.10104204012610032,0.09774121813213296,-1.1108293308356356,-3.910846610195595,2.9514935901475514,-2.397122800398136,-1.3930967771673026,1.5513343842996372,3.2847281723111066,6.058963060009425,-1.0898644520664245,0.5610155470732607,-1.0371732370108508,-0.06700731452040236,3.8640438658229983,-7.197475040223492,-2.58170884623152,0.9229748909190204
-2.313612066650263,3.0880387093073813,-2.525547715445165,-4.53775425295774,-3.4851579968128283,-5.597450110520177,-1.5671485579326556,-0.7720875845732954,-2.652212032515888,-0.19909241829950275,9.886385196551581e-4,-2.7676223118372114,4.843026180181623,-4.965217704456468,-3.753942166122049,-1.438872994109988,-2.350519727988582,-1.537994507238805,3.3315869844579074,1.7330307929245428,-0.8343186336769555,-3.9651957434810656,-1.0922096914437844,-4.187017687493718,-0.1040769229364295,-2.5583857742207528,0.3986034445912448,0.29082450133732424,1.077490893148427,2.7038426697967375,-2.397122800398136,2.4170275103784298,0.8902803089067485,-0.32880649616270513,-2.7032498821812476,-4.59136771584709,0.9297052433706906,-0.40039015672607664,-0.13368425919594842,0.16030570190671262,-2.642883311688865,4.863677987952088,1.627923998716047,-1.3220274117647657
-2.0955280982851754,1.8648253018792118,-1.9081158898446737,-3.3805647134462764,-2.4586219458067218,-3.99634142292314,-1.9814601161650858,-0.5745729331267789,-1.8973172283081152,0.5590953595184723,-0.7095275357338071,-1.5334773059678348,3.049128623628959,-3.9755593326494147,-2.4886749700602007,-0.9562050087114969,-1.5916939503801162,-1.6445386748732629,3.138203271473382,1.9536991130558,-0.9332062850055753,-2.7151099835047514,-1.3582990176681857,-3.2457699899078154,-0.4250152988677279,-2.0288142943384266,-0.05890364176514432,-0.20974291052237695,0.41397792056171406,2.096461605006284,-1.3930967771673026,0.8902803089067485,0.8037778721963845,-1.1092826403323408,-1.5113165912017095,-3.040649125323597,0.4647206757755642,-0.2609649393487592,0.9900265929959716,-0.021988610379023204,-2.0122041582185646,3.8553518493763366,1.431057031904617,-0.21817952338095883
4.145054399309241,-1.5776181926206345,3.2811138605938233,5.847756152211776,3.4772540326809165,5.2882054609845675,5.519280650365127,0.8665203605141859,2.90296988598856,-2.779620272804912,2.471888997403474,1.8315247736073015,-3.6673939592692952,6.822813514770607,3.304146098332354,0.7006685626085388,1.9220845145414198,4.038553383873343,-6.318047929072478,-4.572612370431862,1.9589070799741355,4.285284208079179,2.6235135207165614,4.917705373840897,1.4743519095855369,2.6934287521740075,1.3620721060435492,1.1271761766536854,-0.6321111710417731,-3.247089122263557,1.5513343842996372,-0.32880649616270513,-1.1092826403323408,4.036303085089151,1.8695995784458428,4.061966077478216,-0.7665869352601818,0.7821081164480267,-2.634902222989927,0.2868586555051077,3.8538415095483236,-7.0686427012041175,-2.8185960973917035,-1.6561077856693196
4.215044842761255,-4.175610513899622,4.095604420288487,7.321647390975527,5.310552619983952,8.49260891189706,3.795411616532321,1.2200911175604743,4.089510409412154,-0.8022393932807216,0.9899866872833993,3.7488488106462663,-6.892497467949424,8.26038576435727,5.515912670017719,1.9970173532152828,3.440639620673545,3.237631378149988,-6.2355291249742555,-3.7166417925438164,1.7295816217668312,6.05030355892428,2.3703754036282825,6.736981773194131,0.6997422134758989,4.082372828477033,-0.00909198854574185,0.1315886697268434,-1.3023101986752499,-4.350392181230946,3.2847281723111066,-2.7032498821812476,-1.5113165912017095,1.8695995784458428,3.69626815188346,6.749047421973307,-1.2537527579554608,0.6793400720526682,-1.1046156285896944,-0.06409478227555768,4.398829650796103,-8.138013323002145,-2.922378810673639,0.9190155844640114
8.345261961857478,-7.843749507031789,7.888784783212845,14.041936284292932,10.166766434818335,16.345530493955934,7.72796583663274,2.3575811308285206,7.861501743945532,-1.917443291761245,2.350786377535328,6.862048957556814,-12.92804060198629,16.11244039365397,10.43246332232499,3.8306537965071352,6.547769680098881,6.51926242107272,-12.38632112723842,-7.574586504594778,3.5459399295748057,11.47661576554022,4.975350726788378,13.091002564990443,1.505436079748663,7.986786874562825,0.17649357319671247,0.4976842946839823,-2.23220476374053,-8.472635717830938,6.058963060009425,-4.59136771584709,-3.040649125323597,4.061966077478216,6.749047421973307,12.790738159142737,-2.217068731833191,1.239660295988917,-2.870272647371171,-0.009666240400949553,8.412594299109294,-15.831157635450156,-5.755503166617962,1.3473680914446509
-1.4368235095839463,1.2745106552519592,-1.3826966044631575,-2.4995098106877154,-1.7326191318591373,-2.7011225721962355,-1.4432846230128604,-0.38463702884440043,-1.3784275111194797,0.36859148780028217,-0.36626585536278133,-1.2577828655377064,2.265482850448613,-2.75883408954382,-1.8302166469394907,-0.5833472486426261,-1.1249122838077856,-1.1638407857399435,2.1430474970233573,1.2950740798888396,-0.5870694508126055,-2.0603951622283376,-0.7334062198761019,-2.1770991919384337,-0.27880877418638944,-1.2738454912522883,-0.07105475076852934,-0.08396884232487616,0.5184527560769421,1.425990397791916,-1.0898644520664245,0.9297052433706906,0.4647206757755642,-0.7665869352601818,-1.2537527579554608,-2.217068731833191,0.4941992153643596,-0.2844999116449954,0.3065207523940409,0.030393184949214634,-1.5443448601286003,2.7735380619154073,0.9943054064650844,-0.16869005220908487
0.9958831411926078,-0.5891315529050823,0.8796917262610403,1.581210147653684,0.9944748288821126,1.5100193741568637,1.2022343916211944,0.2345627481627341,0.818417196626139,-0.49845157096448395,0.42007692225185594,0.6799285435143966,-1.1951969003129181,1.7630397509840159,1.0078967191978343,0.24210177605694227,0.5839683740214943,0.9184793291346699,-1.4826053456772463,-1.0022012735395314,0.4179244264074518,1.2465633874701552,0.5319590392574081,1.298615242172345,0.2724529711045497,0.6993397384120652,0.2320725023333123,0.16015476780853932,-0.3027530537034127,-0.8578516082089953,0.5610155470732607,-0.40039015672607664,-0.2609649393487592,0.7821081164480267,0.6793400720526682,1.239660295988917,-0.2844999116449954,0.22217735734320276,-0.34295059199116223,0.024685976699935573,1.0252734740716403,-1.8368589945077416,-0.6859869016232566,-0.17123385542617767
-2.9052092927855746,1.348765824833473,-2.237509007750988,-3.937578357939833,-2.5404985220937744,-4.075864755308507,-3.576259364555842,-0.6405271181572897,-2.0101927360912204,1.7739683805907531,-1.8081245768537466,-1.0747839758587956,2.625659367747173,-4.842461464273586,-2.3527194976981662,-0.7693649713040108,-1.4901341032995916,-2.660855992391399,4.499841045326587,3.188005696761611,-1.472928734346165,-2.807222782955205,-2.154305002992581,-3.730973977544606,-1.0322442708595687,-2.290757964115711,-0.7186177752022037,-0.8320204821410272,0.059588994132475925,2.4117200822151488,-1.0371732370108508,-0.13368425919594842,0.9900265929959716,-2.634902222989927,-1.1046156285896944,-2.870272647371171,0.3065207523940409,-0.34295059199116223,2.4385176060541554,-0.223599829576872,-2.4806010481404006,4.75999199567884,1.9579112920368693,0.9671025517195131
0.15984968624971355,0.08770404458697169,0.07589734937531817,0.11882667025009991,0.025285982405869854,0.029009630427220424,0.30396188024283577,0.0194778965742351,0.03942278857400005,-0.23429366258212736,0.2040074347113111,-0.059141702217195925,0.08007720714966861,0.18575411972315675,-0.028563493828214624,-0.04686840358283348,-0.034781535974847795,0.21379315668313828,-0.2441925297632228,-0.2508274368642498,0.1002926012790032,0.04119508245006397,0.14702771692991698,0.08636811391602747,0.09195823861887219,0.02026856467297888,0.1587317691330089,0.09667632845663254,0.0329844346971344,-0.06644069625670264,-0.06700731452040236,0.16030570190671262,-0.021988610379023204,0.2868586555051077,-0.06409478227555768,-0.009666240400949553,0.030393184949214634,0.024685976699935573,-0.223599829576872,0.053340015487546265,0.09174952383847246,-0.2239635394259922,-0.10900563445917852,-0.22111267065652812
6.109638282689805,-4.73315634932686,5.532191633151975,9.874613190010589,6.77661184355365,10.71664719673847,6.4173949484452075,1.5951174631608025,5.325479954151904,-2.2036326052353736,2.2365557448336677,4.427526415653853,-8.337696964732753,11.286884522226917,6.869118407635407,2.2507961981652724,4.221366330898034,5.12950978023653,-9.138092165169276,-5.8668840523594765,2.6466430564209547,7.864530807581055,3.6238800088612892,8.885543601903278,1.430794350778646,5.255090091248735,0.686672200929117,0.727377569589469,-1.5015408040658433,-5.767229176023065,3.8640438658229983,-2.642883311688865,-2.0122041582185646,3.8538415095483236,4.398829650796103,8.412594299109294,-1.5443448601286003,1.0252734740716403,-2.4806010481404006,0.09174952383847246,6.104184944040278,-11.275676895356252,-4.202438753282841,-0.004115457458962609
-11.459575127020504,9.025559404295546,-10.349969182016608,-18.396602707446206,-12.753058368558307,-20.29843481427309,-11.861229795672264,-3.0162219989018793,-10.054072452544258,4.005946046350466,-4.197997966008731,-8.252822393224797,15.61943363514747,-21.24488780190257,-12.870231521141761,-4.323763886614717,-7.941816308566686,-9.576659506501285,17.05927617122556,11.015589734239082,-4.988872013818468,-14.706510378915988,-6.9453858758773395,-16.737571074822476,-2.5554976468104122,-9.934868380803458,-1.240170933496005,-1.319357296663672,2.755451177990829,10.89837632566887,-7.197475040223492,4.863677987952088,3.8553518493763366,-7.0686427012041175,-8.138013323002145,-15.831157635450156,2.7735380619154073,-1.8368589945077416,4.75999199567884,-0.2239635394259922,-11.275676895356252,21.199093160128957,7.8660712183618005,-0.10720666518652619
-4.30477751169695,3.21527295574746,-3.8327659643762484,-6.815420661636837,-4.672918215706169,-7.420029159229256,-4.57499419489704,-1.111691641443605,-3.6791438303489903,1.651987234617805,-1.6972822859314787,-2.9499114748014414,5.649778303542154,-7.881614846450835,-4.684138726352124,-1.5496223111246694,-2.8864819668201696,-3.6472501914558926,6.444668004176625,4.205916239848188,-1.9042187386269187,-5.384841149309068,-2.64712287217565,-6.189604728330462,-1.0387780065667853,-3.672355820961717,-0.5523309653824651,-0.5764180984775,0.9475029581199748,4.023047267332319,-2.58170884623152,1.627923998716047,1.431057031904617,-2.8185960973917035,-2.922378810673639,-5.755503166617962,0.9943054064650844,-0.6859869016232566,1.9579112920368693,-0.10900563445917852,-4.202438753282841,7.8660712183618005,2.954780169544286,0.1395001797375561
-0.2507759295059833,-1.5342538556194363,0.24713336559078602,0.4341181237932916,0.8925741496890547,1.6714749071389148,-1.522961686793072,0.16573422154533451,0.5029887950396831,1.4389997078040426,-1.053060257386204,0.9828908581720948,-1.7004303369778215,0.40738676030289195,1.107564622217056,0.8105577911865274,0.8083141395368164,-0.8116574554858956,0.492520404142307,0.8467621717770913,-0.2582563448387849,0.712989512541393,-0.24971914498360734,0.8277965463882525,-0.5848790610973744,0.750706260783336,-0.9798160378274083,-0.6794360788542817,-0.25995422647555183,-0.47324911937648245,0.9229748909190204,-1.3220274117647657,-0.21817952338095883,-1.6561077856693196,0.9190155844640114,1.3473680914446509,-0.16869005220908487,-0.17123385542617767,0.9671025517195131,-0.22111267065652812,-0.004115457458962609,-0.10720666518652619,0.1395001797375561,1.7401972120196485
