V1,V2,V3,V4,V5,V6,V7,V8,V9,V10,V11,V12,V13,V14,V15,V16,V17,V18,V19,V20,V21,V22,V23,V24,V25,V26,V27,V28,V29,V30,V31,V32,V33,V34,V35,V36,V37,V38,V39,V40,V41,V42,V43,V44
7.515891754468855,-50.53569864283607,-15.080191543857861,-42.04830409569022,20.939835322310817,85.72526122442382,-56.09572551922663,8.709080853906695,-7.356505030293502,27.250333539601737,33.319448737027344,-61.56628064742266,2.9376370243386978,20.697414732216494,-1.472883893716435,63.98542830043167,27.51521734017105,-29.134182563953352,-26.416952156507953,-11.076671179043135,29.73008031630195,-53.6579818380691,89.35256436776758,69.02299394391528,2.913690356124301,96.0403648729955,-46.2215003109884,16.789261892839175,99.59367311988207,-34.15984179824673,-22.989466578811957,107.35027545106792,-53.39663121772186,-30.537621758312483,-62.63654309548391,-3.1400301026847726,63.55095093229943,-50.77899561501136,-162.78169499604664,10.816208297831492,-55.47651336260948,38.92426323501257,-0.08322370723950591,31.820495598875436
-50.53569864283607,344.4882706003833,102.28274080081037,285.6697178908193,-142.95415188625864,-583.664917492411,382.9470448559739,-59.21634986206015,49.842915143387316,-186.70319055507142,-225.32379142123773,417.45574875768745,-18.706261258742785,-140.53693365361966,9.163394408765617,-435.4237401748794,-187.6553006853452,199.09977964175607,178.67117714917921,74.0543612982322,-201.71345483925023,364.07646527370775,-606.6879297232236,-469.4531245171289,-19.364395391330657,-653.1568704653197,315.00438638619397,-113.56488423102134,-676.4664002147495,232.29775788401548,155.47679663472746,-728.2646315211877,362.96021531236613,209.2711678183295,424.8170592962606,20.46714312605382,-431.7475652831427,345.1156814002118,1104.991560534761,-73.20354509747501,377.35043112074396,-264.9676371370411,0.40738760099005666,-217.70924250734956
-15.080191543857861,102.28274080081037,30.815389684717697,84.30671368569645,-41.868593771475226,-172.16318839544846,112.6639791717523,-17.6438687546988,14.157969983077004,-54.87140983911393,-66.33812052046274,123.55949424438975,-5.23126087911972,-41.59619154887069,2.8124882890743144,-128.59442696901158,-55.141521253430156,58.19346010306743,52.72582367806734,22.429674819375435,-59.328419380379444,107.92307141429735,-179.1418343804533,-138.43070126407582,-5.037994788328845,-192.45673790507215,93.12281761455579,-32.89480984776531,-199.7478269911538,68.69007118978692,45.81402999562706,-214.77369001630092,107.05458378565835,61.62273879186258,125.58947828232111,5.661007314155737,-127.15068273947485,102.27034076940694,326.15617314455307,-21.83351375383562,110.73305732650434,-77.68499415395263,-0.44130004690107344,-64.86332749543533
-42.04830409569022,285.6697178908193,84.30671368569645,238.0609478596018,-119.375442657644,-486.0593026645389,318.99099484867935,-49.06441545248674,42.45719983629283,-155.36112768452637,-188.4136893629433,347.6209661733304,-16.51359453779779,-116.9537026934913,7.7810674722242315,-362.44322422895505,-156.48868448835475,166.3727396462353,149.19960844783154,61.25446941621444,-168.51411968457128,302.822930860927,-505.56136831421406,-391.1998288271838,-17.36587312826658,-544.5286590605504,261.888225979257,-95.80380465787691,-563.6144895495286,193.28878851709547,129.94202636879407,-607.528165384935,302.4963998474059,173.93640304661184,353.94659392897177,17.97843081260747,-360.21683938717655,286.8880569718721,921.1000741150734,-60.74608123936382,315.28798248551124,-221.42123633501228,1.2843823939194223,-179.88820622676013
20.939835322310817,-142.95415188625864,-41.868593771475226,-119.375442657644,60.11526935866004,243.8883396669755,-160.3223970424006,24.502172669953147,-21.62420863980563,78.17200208940992,94.49728744262758,-174.02490782900279,8.362864097008915,58.56459635572381,-3.767734373859185,181.74568787778958,78.67745649505996,-83.87237178457946,-74.75513783636113,-30.262336091843142,84.60586345467117,-151.51543571421382,253.42487003349714,196.27936535606585,9.097173510971851,273.29579042760616,-131.30183251827907,48.38916249151117,282.5434190080638,-96.85792390765448,-65.14723427979051,304.6559792467922,-151.74051475853224,-87.44816000967268,-177.29301214457016,-9.184031650508935,180.79642027119672,-143.60770888661378,-461.7801962755499,30.295447012318103,-158.53043477940076,111.3927515737253,-0.9825365311836626,89.94197059995822
85.72526122442382,-583.664917492411,-172.16318839544846,-486.0593026645389,243.8883396669755,992.7510341656633,-651.770026426768,100.21141283451674,-86.58055908881275,317.61825760010777,384.38078492230005,-709.5692190448505,33.33017692021172,238.78272324507986,-15.664344201277551,740.228501769231,319.68204512191096,-339.9471379977695,-304.40287954436275,-124.80164349923088,343.96268409073275,-618.2152544934688,1032.1383832726988,798.8622092927142,35.25246650038313,1111.9395229799864,-535.0035645865605,195.39035332914722,1150.7264303454467,-394.7247854841819,-265.10076847486823,1240.1026697995324,-617.6662286742142,-355.62133384660706,-722.4919818394055,-36.41795059920243,735.4355513847014,-585.8407946000885,-1880.3993227250446,123.97800048862347,-643.7853483702855,452.1683861399323,-2.5086334938218915,367.788970402325
-56.09572551922663,382.9470448559739,112.6639791717523,318.99099484867935,-160.3223970424006,-651.770026426768,428.2097380725545,-65.69582683456407,57.05775352322941,-208.81027819562462,-252.16538231321505,465.3735283166389,-21.804961035393816,-156.63872894751694,10.091605154558428,-485.8709739961759,-210.03119527860275,223.5564243319679,199.64403871564016,81.43898670583361,-225.78631685795688,405.42195268669303,-677.2676414897633,-524.4161538947092,-23.382653713105523,-729.995729363145,351.1983737014711,-128.44026030190776,-755.1215837736769,259.0229812884234,173.89705135842692,-813.7527123143458,405.4224113989947,233.74664319689487,473.936042004982,23.93672410822846,-482.7753782020668,384.29995491380464,1233.8932347631248,-81.21064384190825,422.87308183028927,-297.0749023805303,1.8839859388388631,-241.3344722312818
8.709080853906695,-59.21634986206015,-17.6438687546988,-49.06441545248674,24.502172669953147,100.21141283451674,-65.69582683456407,10.18920029889985,-8.49911854130846,32.009926267018926,38.70140451341307,-71.75662263525474,3.2032242538799376,24.153125807262942,-1.6026804529624525,74.78204305416546,32.188521438849875,-34.10769696463379,-30.702241046614002,-12.808977683978108,34.6264839467243,-62.5955409058809,104.2182389498761,80.60645147682604,3.255441580102463,112.13310429748711,-54.10236746439534,19.442403363282736,116.2005623324714,-39.90906872557472,-26.708961299147678,125.08389480095856,-62.32835022230062,-35.89216390852183,-73.00259389542875,-3.4877891683904823,74.12283101133791,-59.32081915541481,-189.80871512519684,12.605003125414942,-64.72869657698382,45.4392360461799,-0.007649228103223503,37.4341511551746
-7.356505030293502,49.842915143387316,14.157969983077004,42.45719983629283,-21.62420863980563,-86.58055908881275,57.05775352322941,-8.49911854130846,8.393942280091151,-27.747733319061727,-34.02570564594784,61.627732580963595,-3.5941281686759528,-20.697871537899683,1.3874487577846792,-64.37463095205396,-28.12118960044769,30.271812342958185,26.76246078974653,10.316146929950134,-30.39373980635329,53.40523739789615,-90.09229806435981,-69.83750733288186,-4.154066690662867,-97.42720272799828,46.2958731628036,-18.074096502161336,-100.39005354918504,34.237235683709635,23.407193704067826,-108.7643224706812,54.00320997304608,30.885852875914836,62.94484181439808,3.9139678225263737,-64.6295513103278,50.53492769376566,164.37086330906695,-10.553925833801097,57.05696155181565,-40.132814158809474,1.0689600631366842,-30.91548691632918
27.250333539601737,-186.70319055507142,-54.87140983911393,-155.36112768452637,78.17200208940992,317.61825760010777,-208.81027819562462,32.009926267018926,-27.747733319061727,101.91940376798225,122.65558033909447,-226.54969031004552,10.425588811205621,76.28251435919498,-4.795785709038576,236.74643064308154,102.38958241805231,-109.0292832311968,-97.11695669547134,-39.5109954967366,109.91976192473237,-197.4063146868873,329.8068165765299,255.48271087708136,11.29875265296339,355.62292498332016,-171.19710826113317,62.458356758590526,367.75449498406033,-126.19191900770228,-84.58813038445938,396.1687377066461,-197.48217141690517,-114.10210126053877,-230.72770677840646,-11.516714144356035,235.11879700555355,-187.20447557252726,-600.8209736018031,39.520730783440435,-205.99737257153228,144.74324078606958,-0.8726181260279919,117.78609851582104
33.319448737027344,-225.32379142123773,-66.33812052046274,-188.4136893629433,94.49728744262758,384.38078492230005,-252.16538231321505,38.70140451341307,-34.02570564594784,122.65558033909447,149.53930773975125,-275.11663766089424,13.640142957293286,92.50230245988014,-6.332313895617758,286.58062561434906,123.80588602944455,-131.7229075127332,-118.32358682377617,-48.43547816503627,133.5894995883845,-239.4772517049107,400.166918522065,309.54081599727135,14.340957111682547,430.97924591582677,-206.8713027367549,76.4017740016064,446.04462892675303,-152.82017595831203,-103.10140384984345,481.246544410568,-239.3977297653275,-137.22451874776817,-280.1952529093193,-14.747902867550517,285.2814036895009,-226.7281008278712,-729.2432734870607,48.00105851735068,-249.83894300251387,175.44513359141442,-1.4526725238025568,141.4969296328736
-61.56628064742266,417.45574875768745,123.55949424438975,347.6209661733304,-174.02490782900279,-709.5692190448505,465.3735283166389,-71.75662263525474,61.627732580963595,-226.54969031004552,-275.11663766089424,507.9320801294354,-24.034899614384518,-170.86950952883234,11.519342577547734,-529.240666122475,-228.2713895883601,242.43512852287418,217.9399691656872,89.96047781192881,-245.95413183517576,442.56427212740005,-738.3322697872028,-571.1075610831377,-24.930823824194633,-794.8556895879777,382.4284234202643,-139.51299844773018,-823.0920526286016,282.31559180233353,189.76436765788367,-887.1223066097119,441.6492128093316,253.71399766670953,517.0612233089214,26.073935878103093,-525.8115144286907,419.1978316247486,1345.1337745552844,-88.88920044824243,459.9080708755008,-322.9175072196565,1.5015527539701243,-262.95254578221545
2.9376370243386978,-18.706261258742785,-5.23126087911972,-16.51359453779779,8.362864097008915,33.33017692021172,-21.804961035393816,3.2032242538799376,-3.5941281686759528,10.425588811205621,13.640142957293286,-24.034899614384518,1.9362797642724872,8.011459197280274,-0.7444440428575709,24.76803199069212,10.83889019142823,-11.706950677233756,-10.659048680843082,-4.0842801904444155,12.009292487429818,-20.66797130930056,35.10197208732525,27.060648487242837,2.1015198003502698,37.84264058291996,-17.61945964051138,7.507395667963048,39.03779006157059,-13.177870091989243,-9.360600484307412,42.70926591661607,-20.97717182514249,-11.525995519090307,-24.593525255088682,-1.9879811214038623,25.278431103865135,-19.39593814344234,-64.18959800195935,4.071985119230615,-22.380626580079678,15.714418332776535,-0.7571293323057576,11.232508334326534
20.697414732216494,-140.53693365361966,-41.59619154887069,-116.9537026934913,58.56459635572381,238.78272324507986,-156.63872894751694,24.153125807262942,-20.697871537899683,76.28251435919498,92.50230245988014,-170.86950952883234,8.011459197280274,57.49026728408469,-3.841455438947115,178.09677418037106,76.82106676300607,-81.5898352952077,-73.28565403610187,-30.240500603111,82.72539675926564,-148.89987412141485,248.39287676022133,192.16217963742662,8.330914023731744,267.4370655474034,-128.7194329771117,46.88080790578536,276.9196545299213,-95.000075857033,-63.806956087409276,298.4054729029072,-148.59434592106618,-85.43767115225059,-173.93754079922073,-8.710888661014895,176.88946140865278,-141.06382263425604,-452.5162215157376,29.9049924228755,-154.71913114329416,108.6395893145134,-0.46751369810573457,88.57301876057845
-1.472883893716435,9.163394408765617,2.8124882890743144,7.7810674722242315,-3.767734373859185,-15.664344201277551,10.091605154558428,-1.6026804529624525,1.3874487577846792,-4.795785709038576,-6.332313895617758,11.519342577547734,-0.7444440428575709,-3.841455438947115,0.40565284968550547,-11.72607278130874,-4.9793836438314,5.210932455103652,5.015634343442564,2.235303309801857,-5.545644861152963,9.999741656679412,-16.59093370653608,-12.691078440402872,-0.613015446868572,-17.66781899677542,8.396339549112001,-3.1908368678812353,-18.454013238307223,6.285068437500944,4.367264590895947,-20.033956669786484,9.851072609148135,5.366292135807799,11.704157252260503,0.7214204806249795,-11.763527495840066,9.372583961408232,30.26849258723962,-2.044093889677789,10.199305974451146,-7.124469313653643,0.04491120872017067,-5.641612661990575
63.98542830043167,-435.4237401748794,-128.59442696901158,-362.44322422895505,181.74568787778958,740.228501769231,-485.8709739961759,74.78204305416546,-64.37463095205396,236.74643064308154,286.58062561434906,-529.240666122475,24.76803199069212,178.09677418037106,-11.72607278130874,551.995402630311,238.29041981761802,-253.28614885880128,-226.9933516814245,-93.26995587310934,256.4193276122247,-461.1563157794142,769.6784413360377,595.6487938293906,26.060865711065475,829.0376922034516,-398.9836452203572,145.49199581833471,858.1091715197063,-294.3807038330176,-197.66309129244075,924.6754888927585,-460.5563815372757,-265.1129864515178,-538.8274266883707,-27.035879808443724,548.3066842853945,-436.9896711240503,-1402.1978122805142,92.52872843150332,-479.836468914447,336.9916075219942,-1.6810130202119369,274.44470014798486
27.51521734017105,-187.6553006853452,-55.141521253430156,-156.48868448835475,78.67745649505996,319.68204512191096,-210.03119527860275,32.188521438849875,-28.12118960044769,102.38958241805231,123.80588602944455,-228.2713895883601,10.83889019142823,76.82106676300607,-4.9793836438314,238.29041981761802,103.04376449794019,-109.72290403123314,-97.99083990290664,-39.89970424928453,110.8260229287306,-198.81309606096497,332.2508439439267,257.2574148254456,11.647136615638146,358.14145321654246,-172.19238539100067,63.177496820703176,370.4283185479624,-127.0264392072706,-85.36911326787279,399.30498410880597,-198.89135684122505,-114.58792121738767,-232.49781220626534,-11.8804255938839,236.89620554046542,-188.42656356950886,-605.3615685586342,39.80655242096528,-207.5616051394728,145.81758852972018,-1.058059426512949,118.1617740444462
-29.134182563953352,199.09977964175607,58.19346010306743,166.3727396462353,-83.87237178457946,-339.9471379977695,223.5564243319679,-34.10769696463379,30.271812342958185,-109.0292832311968,-131.7229075127332,242.43512852287418,-11.706950677233756,-81.5898352952077,5.210932455103652,-253.28614885880128,-109.72290403123314,117.05067029811853,104.17373995191768,42.01508067246807,-117.96006179356876,211.04047361985468,-353.16676324801773,-273.58960008274295,-12.839234516010995,-380.97584624169855,182.97077339298428,-67.58514931702076,-393.7490505409255,134.9604021831761,90.80127804628687,-424.6174076638542,211.49802902102547,121.9386106876716,247.02654829594155,12.879785143156486,-252.04043059653273,200.04319402904883,643.5521038360064,-42.1612382760785,221.10591822978964,-155.38233204219875,1.5057370372873662,-125.22406776061231
-26.416952156507953,178.67117714917921,52.72582367806734,149.19960844783154,-74.75513783636113,-304.40287954436275,199.64403871564016,-30.702241046614002,26.76246078974653,-97.11695669547134,-118.32358682377617,217.9399691656872,-10.659048680843082,-73.28565403610187,5.015634343442564,-226.9933516814245,-97.99083990290664,104.17373995191768,93.66435302493598,38.49085174660985,-105.71091988880023,189.7693194508718,-316.8977913439004,-245.10141582376338,-11.122943489334821,-341.21075722895887,163.9056755463018,-60.28234880240191,-353.23936385349504,121.06584046177248,81.5924178731679,-380.995653256874,189.5602687771432,108.6922479382074,221.91954971592975,11.522853352718059,-225.82115358456272,179.67926005897195,577.4476744536711,-38.07298324771368,197.65700871769863,-138.78747441552164,0.9646084272843726,-112.3041840586252
-11.076671179043135,74.0543612982322,22.429674819375435,61.25446941621444,-30.262336091843142,-124.80164349923088,81.43898670583361,-12.808977683978108,10.316146929950134,-39.5109954967366,-48.43547816503627,89.96047781192881,-4.0842801904444155,-30.240500603111,2.235303309801857,-93.26995587310934,-39.89970424928453,42.01508067246807,38.49085174660985,16.570455319418993,-43.16640323099551,78.52074561192127,-130.24043085148364,-100.46051181831487,-3.756469206086294,-139.6789169715733,67.43733051961212,-24.011830422840816,-145.16624118035452,49.858080065558475,33.44795070206229,-156.28694657908468,77.73858836998737,44.36329918962362,91.41452134591921,4.308652854077717,-92.38454125516911,74.27764694165498,237.18373270634422,-15.927714644343206,80.35073187601022,-56.323468490221344,-0.2862749165296685,-46.782782613801004
29.73008031630195,-201.71345483925023,-59.328419380379444,-168.51411968457128,84.60586345467117,343.96268409073275,-225.78631685795688,34.6264839467243,-30.39373980635329,109.91976192473237,133.5894995883845,-245.95413183517576,12.009292487429818,82.72539675926564,-5.545644861152963,256.4193276122247,110.8260229287306,-117.96006179356876,-105.71091988880023,-43.16640323099551,119.43481258930883,-214.1329662758281,357.8539675337634,276.9195280035494,12.741363388702705,385.5474531217229,-185.16937222279603,68.23961993952447,398.9156602577581,-136.71624195713645,-92.10736708248726,430.2613463404758,-214.13889008210293,-122.98687901165667,-250.50456592846487,-13.052628405275499,255.14080116735332,-202.81486980370337,-652.0915643511601,42.898673920382066,-223.49575904799238,156.97324380438886,-1.257533786694589,126.79311459682326
-53.6579818380691,364.07646527370775,107.92307141429735,302.822930860927,-151.51543571421382,-618.2152544934688,405.42195268669303,-62.5955409058809,53.40523739789615,-197.4063146868873,-239.4772517049107,442.56427212740005,-20.66797130930056,-148.89987412141485,9.999741656679412,-461.1563157794142,-198.81309606096497,211.04047361985468,189.7693194508718,78.52074561192127,-214.1329662758281,385.71308147697005,-643.1926516864943,-497.5078968361703,-21.34639856049665,-692.3462404834423,333.3234304940437,-121.18247152589531,-717.0568009615123,246.02140508640449,165.20186925672965,-772.6161473786944,384.7236983067941,221.1383416220614,450.45738520318525,22.440817109718328,-457.9206184687043,365.39228908873235,1171.7157693546337,-77.51600989170605,400.3817029849186,-281.10983622150275,1.0203547790816438,-229.5202752669798
89.35256436776758,-606.6879297232236,-179.1418343804533,-505.56136831421406,253.42487003349714,1032.1383832726988,-677.2676414897633,104.2182389498761,-90.09229806435981,329.8068165765299,400.166918522065,-738.3322697872028,35.10197208732525,248.39287676022133,-16.59093370653608,769.6784413360377,332.2508439439267,-353.16676324801773,-316.8977913439004,-130.24043085148364,357.8539675337634,-643.1926516864943,1073.6786542469076,830.7293948051012,36.80601664908884,1156.3115919478616,-556.1270021394342,203.39402602123542,1196.9541045674155,-410.48697021936783,-275.9855763588811,1290.2274519389484,-642.3802280431013,-369.2538693264584,-751.7393320857016,-38.17648663311743,764.9411937744313,-609.3078512753901,-1956.1710204588148,129.05487261820238,-669.4458604959098,470.11799112392515,-2.654688536228767,382.0207350417106
69.02299394391528,-469.4531245171289,-138.43070126407582,-391.1998288271838,196.27936535606585,798.8622092927142,-524.4161538947092,80.60645147682604,-69.83750733288186,255.48271087708136,309.54081599727135,-571.1075610831377,27.060648487242837,192.16217963742662,-12.691078440402872,595.6487938293906,257.2574148254456,-273.58960008274295,-245.10141582376338,-100.46051181831487,276.9195280035494,-497.5078968361703,830.7293948051012,642.9161072244706,28.59601901843523,894.9197355497413,-430.4244007535539,157.47621480346604,926.1442936335602,-317.6280627557705,-213.47387196304922,998.259723119425,-497.11254368964984,-286.0160156570968,-581.5315907139495,-29.51751046948119,591.9746121557592,-471.3873112419267,-1513.528346779867,99.76243279746276,-518.2403262071549,363.98123788510435,-2.1782194880827683,295.6603767237129
2.913690356124301,-19.364395391330657,-5.037994788328845,-17.36587312826658,9.097173510971851,35.25246650038313,-23.382653713105523,3.255441580102463,-4.154066690662867,11.29875265296339,14.340957111682547,-24.930823824194633,2.1015198003502698,8.330914023731744,-0.613015446868572,26.060865711065475,11.647136615638146,-12.839234516010995,-11.122943489334821,-3.756469206086294,12.741363388702705,-21.34639856049665,36.80601664908884,28.59601901843523,2.640017146434801,40.084427298406474,-18.525843818577215,8.277423947260269,40.95842215151113,-13.787670767799098,-9.814495477941989,44.903572520883145,-22.125020763570635,-12.417806607974327,-25.628762481637626,-2.262210236067912,26.77051399326075,-20.115303243754127,-67.36445574396524,4.088972273449517,-24.030685896109098,16.945060600637156,-1.1750010592741875,11.549008808494216
96.0403648729955,-653.1568704653197,-192.45673790507215,-544.5286590605504,273.29579042760616,1111.9395229799864,-729.995729363145,112.13310429748711,-97.42720272799828,355.62292498332016,430.97924591582677,-794.8556895879777,37.84264058291996,267.4370655474034,-17.66781899677542,829.0376922034516,358.14145321654246,-380.97584624169855,-341.21075722895887,-139.6789169715733,385.5474531217229,-692.3462404834423,1156.3115919478616,894.9197355497413,40.084427298406474,1245.7591823679213,-599.014956456044,219.4608727224079,1289.1082627059575,-442.058017120544,-297.2079116147299,1389.6354617500003,-691.9669878694655,-398.0764533744282,-809.4150914145755,-41.27657772012379,824.0979631814118,-655.9781494840649,-2106.77667523572,138.79091277307057,-721.5788566983971,506.8095266231582,-3.2542932868511243,411.2294060919973
-46.2215003109884,315.00438638619397,93.12281761455579,261.888225979257,-131.30183251827907,-535.0035645865605,351.1983737014711,-54.10236746439534,46.2958731628036,-171.19710826113317,-206.8713027367549,382.4284234202643,-17.61945964051138,-128.7194329771117,8.396339549112001,-398.9836452203572,-172.19238539100067,182.97077339298428,163.9056755463018,67.43733051961212,-185.16937222279603,333.3234304940437,-556.1270021394342,-430.4244007535539,-18.525843818577215,-599.014956456044,288.48378735631684,-104.8334475495598,-620.0562595669284,212.78788794063755,142.70096244628596,-667.9364615328707,332.7849851850999,191.7591000128548,389.3161092354871,19.27850153571805,-396.0885797990925,315.92317960999327,1013.0686588207897,-66.90271907577845,346.54555002781007,-243.38379878413573,0.9891276795352901,-198.7358927105591
16.789261892839175,-113.56488423102134,-32.89480984776531,-95.80380465787691,48.38916249151117,195.39035332914722,-128.44026030190776,19.442403363282736,-18.074096502161336,62.458356758590526,76.4017740016064,-139.51299844773018,7.507395667963048,46.88080790578536,-3.1908368678812353,145.49199581833471,63.177496820703176,-67.58514931702076,-60.28234880240191,-24.011830422840816,68.23961993952447,-121.18247152589531,203.39402602123542,157.47621480346604,8.277423947260269,219.4608727224079,-104.8334475495598,39.76637758261102,226.6754506305594,-77.49042807520198,-52.620552691001535,245.05783432038004,-121.78565260515924,-69.70877969215512,-142.2773460300049,-8.139139848637283,145.4237408566158,-114.69340993981137,-370.8617121540751,24.132966761951376,-127.83477524670077,89.8356955535408,-1.528116258956806,70.89503118768788
99.59367311988207,-676.4664002147495,-199.7478269911538,-563.6144895495286,282.5434190080638,1150.7264303454467,-755.1215837736769,116.2005623324714,-100.39005354918504,367.75449498406033,446.04462892675303,-823.0920526286016,39.03779006157059,276.9196545299213,-18.454013238307223,858.1091715197063,370.4283185479624,-393.7490505409255,-353.23936385349504,-145.16624118035452,398.9156602577581,-717.0568009615123,1196.9541045674155,926.1442936335602,40.95842215151113,1289.1082627059575,-620.0562595669284,226.6754506305594,1334.3983567080852,-457.64556985891136,-307.62966831452366,1438.3100197289143,-716.1511224749382,-411.751790351446,-838.0336225902297,-42.48178278559023,852.7593008317831,-679.312245884865,-2180.7461266048094,143.87409430306732,-746.298969758412,524.0955656610611,-2.9097877921802247,426.02245725619827
-34.15984179824673,232.29775788401548,68.69007118978692,193.28878851709547,-96.85792390765448,-394.7247854841819,259.0229812884234,-39.90906872557472,34.237235683709635,-126.19191900770228,-152.82017595831203,282.31559180233353,-13.177870091989243,-95.000075857033,6.285068437500944,-294.3807038330176,-127.0264392072706,134.9604021831761,121.06584046177248,49.858080065558475,-136.71624195713645,246.02140508640449,-410.48697021936783,-317.6280627557705,-13.787670767799098,-442.058017120544,212.78788794063755,-77.49042807520198,-457.64556985891136,157.01130737648492,105.41131170875836,-493.11380119056736,245.59824332462676,141.33171631555513,287.4021767776871,14.365801049697568,-292.3626263171322,233.1144724313273,747.806502611589,-49.38901704132985,255.77802992643802,-179.61892801889076,0.8018452780661369,-146.442138141443
-22.989466578811957,155.47679663472746,45.81402999562706,129.94202636879407,-65.14723427979051,-265.10076847486823,173.89705135842692,-26.708961299147678,23.407193704067826,-84.58813038445938,-103.10140384984345,189.76436765788367,-9.360600484307412,-63.806956087409276,4.367264590895947,-197.66309129244075,-85.36911326787279,90.80127804628687,81.5924178731679,33.44795070206229,-92.10736708248726,165.20186925672965,-275.9855763588811,-213.47387196304922,-9.814495477941989,-297.2079116147299,142.70096244628596,-52.620552691001535,-307.62966831452366,105.41131170875836,71.08859037638557,-331.868294123081,165.09987889413676,94.64830386560469,193.25333889544024,10.120323746918922,-196.7202913233466,156.4112779034673,502.92523789066445,-33.12468383872069,172.24536315367087,-120.95177817525911,0.9415190913766681,-97.66888406681828
107.35027545106792,-728.2646315211877,-214.77369001630092,-607.528165384935,304.6559792467922,1240.1026697995324,-813.7527123143458,125.08389480095856,-108.7643224706812,396.1687377066461,481.246544410568,-887.1223066097119,42.70926591661607,298.4054729029072,-20.033956669786484,924.6754888927585,399.30498410880597,-424.6174076638542,-380.995653256874,-156.28694657908468,430.2613463404758,-772.6161473786944,1290.2274519389484,998.259723119425,44.903572520883145,1389.6354617500003,-667.9364615328707,245.05783432038004,1438.3100197289143,-493.11380119056736,-331.868294123081,1550.8197878384601,-771.9519507957347,-443.44156666554625,-903.3348067704331,-46.39409957581557,919.4514464904818,-731.8115227305054,-2350.874224697987,154.95075111376093,-804.9032252475837,565.2561810864355,-3.7046858752300045,458.2053186242911
-53.39663121772186,362.96021531236613,107.05458378565835,302.4963998474059,-151.74051475853224,-617.6662286742142,405.4224113989947,-62.32835022230062,54.00320997304608,-197.48217141690517,-239.3977297653275,441.6492128093316,-20.97717182514249,-148.59434592106618,9.851072609148135,-460.5563815372757,-198.89135684122505,211.49802902102547,189.5602687771432,77.73858836998737,-214.13889008210293,384.7236983067941,-642.3802280431013,-497.11254368964984,-22.125020763570635,-691.9669878694655,332.7849851850999,-121.78565260515924,-716.1511224749382,245.59824332462676,165.09987889413676,-771.9519507957347,384.38473858452136,221.08246060550204,449.7046004673329,22.859265240202177,-457.74399098800797,364.49917394179613,1170.3805400907395,-77.1557637815167,400.70589407802305,-281.4221128575732,1.6865745446976002,-228.55828869204197
-30.537621758312483,209.2711678183295,61.62273879186258,173.93640304661184,-87.44816000967268,-355.62133384660706,233.74664319689487,-35.89216390852183,30.885852875914836,-114.10210126053877,-137.22451874776817,253.71399766670953,-11.525995519090307,-85.43767115225059,5.366292135807799,-265.1129864515178,-114.58792121738767,121.9386106876716,108.6922479382074,44.36329918962362,-122.98687901165667,221.1383416220614,-369.2538693264584,-286.0160156570968,-12.417806607974327,-398.0764533744282,191.7591000128548,-69.70877969215512,-411.751790351446,141.33171631555513,94.64830386560469,-443.44156666554625,221.08246060550204,127.78048075799764,258.3505773151997,12.736259763781547,-263.14600442899075,209.72509095116507,672.6323729787207,-44.30591236912204,230.4481534322078,-161.91099009539332,0.7932464074623425,-132.1290345724088
-62.63654309548391,424.8170592962606,125.58947828232111,353.94659392897177,-177.29301214457016,-722.4919818394055,473.936042004982,-73.00259389542875,62.94484181439808,-230.72770677840646,-280.1952529093193,517.0612233089214,-24.593525255088682,-173.93754079922073,11.704157252260503,-538.8274266883707,-232.49781220626534,247.02654829594155,221.91954971592975,91.41452134591921,-250.50456592846487,450.45738520318525,-751.7393320857016,-581.5315907139495,-25.628762481637626,-809.4150914145755,389.3161092354871,-142.2773460300049,-838.0336225902297,287.4021767776871,193.25333889544024,-903.3348067704331,449.7046004673329,258.3505773151997,526.405144576427,26.695144905567194,-535.4732024437368,426.67635569590965,1369.6071934276958,-90.43046979473553,468.49122361539287,-328.9650172357793,1.7284840901334626,-267.4981395644469
-3.1400301026847726,20.46714312605382,5.661007314155737,17.97843081260747,-9.184031650508935,-36.41795059920243,23.93672410822846,-3.4877891683904823,3.9139678225263737,-11.516714144356035,-14.747902867550517,26.073935878103093,-1.9879811214038623,-8.710888661014895,0.7214204806249795,-27.035879808443724,-11.8804255938839,12.879785143156486,11.522853352718059,4.308652854077717,-13.052628405275499,22.440817109718328,-38.17648663311743,-29.51751046948119,-2.262210236067912,-41.27657772012379,19.27850153571805,-8.139139848637283,-42.48178278559023,14.365801049697568,10.120323746918922,-46.39409957581557,22.859265240202177,12.736259763781547,26.695144905567194,2.086122292461889,-27.527222530174875,21.118578681341067,69.78823593958151,-4.39840853308098,24.428998040153417,-17.175547191677943,0.8232929775506446,-12.368265717640297
63.55095093229943,-431.7475652831427,-127.15068273947485,-360.21683938717655,180.79642027119672,735.4355513847014,-482.7753782020668,74.12283101133791,-64.6295513103278,235.11879700555355,285.2814036895009,-525.8115144286907,25.278431103865135,176.88946140865278,-11.763527495840066,548.3066842853945,236.89620554046542,-252.04043059653273,-225.82115358456272,-92.38454125516911,255.14080116735332,-457.9206184687043,764.9411937744313,591.9746121557592,26.77051399326075,824.0979631814118,-396.0885797990925,145.4237408566158,852.7593008317831,-292.3626263171322,-196.7202913233466,919.4514464904818,-457.74399098800797,-263.14600442899075,-535.4732024437368,-27.527222530174875,545.236870663194,-433.80280041811113,-1393.7780659629202,91.78124544965789,-477.46674710342626,335.34875228472214,-2.3379129445988975,271.66180381024276
-50.77899561501136,345.1156814002118,102.27034076940694,286.8880569718721,-143.60770888661378,-585.8407946000885,384.29995491380464,-59.32081915541481,50.53492769376566,-187.20447557252726,-226.7281008278712,419.1978316247486,-19.39593814344234,-141.06382263425604,9.372583961408232,-436.9896711240503,-188.42656356950886,200.04319402904883,179.67926005897195,74.27764694165498,-202.81486980370337,365.39228908873235,-609.3078512753901,-471.3873112419267,-20.115303243754127,-655.9781494840649,315.92317960999327,-114.69340993981137,-679.312245884865,233.1144724313273,156.4112779034673,-731.8115227305054,364.49917394179613,209.72509095116507,426.67635569590965,21.118578681341067,-433.80280041811113,346.2141284445961,1109.9429605125813,-73.41833799371013,379.32335001368705,-266.34584191978644,0.9030752848610469,-217.68744210059216
-162.78169499604664,1104.991560534761,326.15617314455307,921.1000741150734,-461.7801962755499,-1880.3993227250446,1233.8932347631248,-189.80871512519684,164.37086330906695,-600.8209736018031,-729.2432734870607,1345.1337745552844,-64.18959800195935,-452.5162215157376,30.26849258723962,-1402.1978122805142,-605.3615685586342,643.5521038360064,577.4476744536711,237.18373270634422,-652.0915643511601,1171.7157693546337,-1956.1710204588148,-1513.528346779867,-67.36445574396524,-2106.77667523572,1013.0686588207897,-370.8617121540751,-2180.7461266048094,747.806502611589,502.92523789066445,-2350.874224697987,1170.3805400907395,672.6323729787207,1369.6071934276958,69.78823593958151,-1393.7780659629202,1109.9429605125813,3564.0881429385827,-235.06772452808403,1219.8881565623049,-856.6727913895761,5.0710803286385655,-695.62790121014325
10.816208297831492,-73.20354509747501,-21.83351375383562,-60.74608123936382,30.295447012318103,123.97800048862347,-81.21064384190825,12.605003125414942,-10.553925833801097,39.520730783440435,48.00105851735068,-88.88920044824243,4.071985119230615,29.9049924228755,-2.044093889677789,92.52872843150332,39.80655242096528,-42.1612382760785,-38.07298324771368,-15.927714644343206,42.898673920382066,-77.51600989170605,129.05487261820238,99.76243279746276,4.088972273449517,138.79091277307057,-66.90271907577845,24.132966761951376,143.87409430306732,-49.38901704132985,-33.12468383872069,154.95075111376093,-77.1557637815167,-44.30591236912204,-90.43046979473553,-4.39840853308098,91.78124544965789,-73.41833799371013,-235.06772452808403,15.61860644953915,-80.12964713157842,56.23752120933186,-0.0428961339485228,46.20740326700419
-55.47651336260948,377.35043112074396,110.73305732650434,315.28798248551124,-158.53043477940076,-643.7853483702855,422.87308183028927,-64.72869657698382,57.05696155181565,-205.99737257153228,-249.83894300251387,459.9080708755008,-22.380626580079678,-154.71913114329416,10.199305974451146,-479.836468914447,-207.5616051394728,221.10591822978964,197.65700871769863,80.35073187601022,-223.49575904799238,400.3817029849186,-669.4458604959098,-518.2403262071549,-24.030685896109098,-721.5788566983971,346.54555002781007,-127.83477524670077,-746.298969758412,255.77802992643802,172.24536315367087,-804.9032252475837,400.70589407802305,230.4481534322078,468.49122361539287,24.428998040153417,-477.46674710342626,379.32335001368705,1219.8881565623049,-80.12964713157842,418.47305000532884,-293.97573060675114,2.543858864938611,-237.2360875662215
38.92426323501257,-264.9676371370411,-77.68499415395263,-221.42123633501228,111.3927515737253,452.1683861399323,-297.0749023805303,45.4392360461799,-40.132814158809474,144.74324078606958,175.44513359141442,-322.9175072196565,15.714418332776535,108.6395893145134,-7.124469313653643,336.9916075219942,145.81758852972018,-155.38233204219875,-138.78747441552164,-56.323468490221344,156.97324380438886,-281.10983622150275,470.11799112392515,363.98123788510435,16.945060600637156,506.8095266231582,-243.38379878413573,89.8356955535408,524.0955656610611,-179.61892801889076,-120.95177817525911,565.2561810864355,-281.4221128575732,-161.91099009539332,-328.9650172357793,-17.175547191677943,335.34875228472214,-266.34584191978644,-856.6727913895761,56.23752120933186,-293.97573060675114,206.5320138751509,-1.849314299920013,166.57952923658632
-0.08322370723950591,0.40738760099005666,-0.44130004690107344,1.2843823939194223,-0.9825365311836626,-2.5086334938218915,1.8839859388388631,-0.007649228103223503,1.0689600631366842,-0.8726181260279919,-1.4526725238025568,1.5015527539701243,-0.7571293323057576,-0.46751369810573457,0.04491120872017067,-1.6810130202119369,-1.058059426512949,1.5057370372873662,0.9646084272843726,-0.2862749165296685,-1.257533786694589,1.0203547790816438,-2.654688536228767,-2.1782194880827683,-1.1750010592741875,-3.2542932868511243,0.9891276795352901,-1.528116258956806,-2.9097877921802247,0.8018452780661369,0.9415190913766681,-3.7046858752300045,1.6865745446976002,0.7932464074623425,1.7284840901334626,0.8232929775506446,-2.3379129445988975,0.9030752848610469,5.0710803286385655,-0.0428961339485228,2.543858864938611,-1.849314299920013,0.8656290724202222,0.22789041869415377
31.820495598875436,-217.70924250734956,-64.86332749543533,-179.88820622676013,89.94197059995822,367.788970402325,-241.3344722312818,37.4341511551746,-30.91548691632918,117.78609851582104,141.4969296328736,-262.95254578221545,11.232508334326534,88.57301876057845,-5.641612661990575,274.44470014798486,118.1617740444462,-125.22406776061231,-112.3041840586252,-46.782782613801004,126.79311459682326,-229.5202752669798,382.0207350417106,295.6603767237129,11.549008808494216,411.2294060919973,-198.7358927105591,70.89503118768788,426.02245725619827,-146.442138141443,-97.66888406681828,458.2053186242911,-228.55828869204197,-132.1290345724088,-267.4981395644469,-12.368265717640297,271.66180381024276,-217.68744210059216,-695.62790121014325,46.20740326700419,-237.2360875662215,166.57952923658632,0.22789041869415377,137.9658832309818
