V1,V2,V3,V4,V5,V6,V7,V8,V9,V10,V11,V12,V13,V14,V15,V16,V17,V18,V19,V20,V21,V22,V23,V24,V25,V26,V27,V28,V29,V30,V31,V32,V33,V34,V35,V36,V37,V38,V39,V40,V41,V42,V43,V44
0.4870360592242512,-1.602934701955894,-0.5337086427844373,-1.55353926273891,0.6572538471274553,3.006969751897675,-1.6412545899672129,0.2713428712876974,-0.28924442100479486,0.771120540037616,1.5216525418066722,-2.4090239906254194,0.3590126795742411,0.8465736358418043,-0.17999553688190228,2.2103633752309726,0.8881285918948553,-0.8481063741689965,-1.21243146043217,-0.7399993374194829,1.2245656520788788,-2.0233225263233394,3.4314391306918,2.4996278284356572,0.28884140306225,3.5199965893063205,-1.4869427491718485,0.7402821388357221,3.718334874983242,-1.2475343738511802,-1.004611518080159,4.269230220252654,-1.9548852307634466,-0.7181431573392538,-2.507678554117074,-0.2693725822094912,2.4141377312375556,-1.8346006129611894,-6.33822211897575,0.5293547690220002,-2.0199601652119306,1.2747787858934672,-0.034478055827595853,0.8108058673687182
-1.602934701955894,13.610964079172856,3.731839168972629,10.532224070503108,-5.727577315929309,-22.505456461732713,15.288186808945662,-2.221248070356038,1.6719671647999201,-7.818563794647662,-7.7217647257463184,15.055130749304803,0.18920617824167707,-5.202037473910771,-0.16357258401115038,-16.65687799204191,-7.427792142336729,8.021698216019207,6.175883603465446,2.1429494241936378,-7.317260779143008,13.248245942772225,-22.299230383495974,-17.826071826649084,-0.3825061280196343,-24.658648552229987,12.288607058485969,-3.8429369426867432,-25.0107356592766,8.787154580265167,5.307991291111475,-26.420206021828488,13.578126727460045,8.837124325506254,15.348533576572006,0.1200869885933322,-16.002588923700205,12.957427120404393,40.45527150680882,-2.5616385709330185,14.192324917361116,-10.046980735732452,-0.1087416186147354,-9.109124689530846
-0.5337086427844373,3.731839168972629,1.1693829938579134,3.242608103445993,-1.513429783715526,-6.330518304445176,4.186768196565287,-0.6173411542359148,0.5000374051191979,-2.078265755148991,-2.486870437354728,4.663015519715821,-0.2903481748559977,-1.5076966110559753,0.14936527020089543,-4.761955508123929,-2.0638601266710603,2.1906490957361044,1.9039800309769523,0.8251624928389311,-2.2389875819556395,4.034139443674664,-6.663631756535057,-5.063900508894487,-0.15241413368832485,-7.105050262301094,3.447527715839127,-1.2632758040630538,-7.375503946504513,2.547323180686961,1.7742257524919083,-8.053895241371007,3.9999284510924142,2.30339934810571,4.763496847301297,0.2813548465981341,-4.742472377629178,3.803209965859594,12.119569229928402,-0.8129906350553038,4.253432314714633,-2.90919554058351,-0.019204947540752845,-2.3206736920110282
-1.55353926273891,10.532224070503108,3.242608103445993,9.135060177497554,-4.334987452041877,-17.956091807973475,11.830221864868518,-1.7933824026507301,1.4541083684397218,-5.968412154309606,-7.021764763000765,13.035833243071176,-0.8299853339966089,-4.3635461267225875,0.33297330314097356,-13.407839749030218,-5.828518779078886,6.212391032482994,5.4542376227868505,2.296435348437026,-6.339210832092574,11.319439470823895,-18.88144809830121,-14.326272435366018,-0.5223303317420824,-20.13980927316767,9.783375539560103,-3.571927262018864,-20.86644726447712,7.229383065143614,4.967115314868016,-22.651199405401982,11.321418670135492,6.520957263857314,13.367373950844813,0.7881746771859649,-13.400611155191518,10.68959029467428,34.29393888466647,-2.32630974810212,11.98190444297286,-8.21008246200307,-0.053545735448026634,-6.5365086500515535
0.6572538471274553,-5.727577315929309,-1.513429783715526,-4.334987452041877,2.47060529488972,9.47899383434532,-6.428418514809351,0.992024065376578,-0.7367122533701207,3.258109927432218,3.2084243324390256,-6.219384253540662,-0.11413969432899523,2.247592430420813,0.1325004513320417,6.981216008349649,3.12373653752056,-3.361017944558881,-2.6395585940680744,-0.8289540833055209,3.0453147362285544,-5.496008457715676,9.362351222499436,7.514355530593821,0.1921620767894608,10.360247931650875,-5.178375269917441,1.628821769997401,10.50791675417265,-3.7061078092638184,-2.171417311944947,10.960231605739889,-5.70282785592108,-3.7180654387486882,-6.31753979407166,-0.02828983510270364,6.675388700746031,-5.392881526214984,-16.932873291674703,1.0329351758120597,-5.864788547161044,4.210904460132632,-0.003136711003648743,3.833913654366405
3.006969751897675,-22.505456461732713,-6.330518304445176,-17.956091807973475,9.47899383434532,37.75850009999244,-25.166936982518063,3.7671800781845937,-3.024148580584062,12.642616600506264,13.713838026033391,-25.93451093292989,0.3762839495882134,8.947754740762841,-0.0743352587871825,27.97425014975898,12.308806109954702,-13.176299893806455,-10.971071300013522,-4.154404895543896,12.643935921648,-22.712404059415917,38.213902684282026,30.121340194673145,1.023157590238414,41.76904147297593,-20.45208301509711,6.884928924241518,42.713407674109455,-14.863788562022076,-9.39583287142104,45.520716388536115,-23.06706004711294,-14.173271742780715,-26.45267687698646,-0.7043848106063773,27.319573378120925,-21.92191705591117,-69.45769857604681,4.508763316527224,-24.03690692706173,16.928170569501408,0.0440521682454729,14.649573562496927
-1.6412545899672129,15.288186808945662,4.186768196565287,11.830221864868518,-6.428418514809351,-25.166936982518063,17.445696411374502,-2.5383568125957585,2.054644148021807,-8.95984637202739,-8.42667866444455,16.639588574378497,0.25805168526777966,-5.666895655841525,-0.22784972210546836,-18.623146469738014,-8.275945321177353,9.199000398031997,6.730244156308621,2.0909379906201084,-8.051936256620932,14.831639054822162,-24.819143547944048,-19.890612268443903,-0.46757169241409385,-27.60002247875389,13.89792260707451,-4.19854451702712,-28.03556437318174,9.735483877770067,5.8182346762962895,-29.294750544147313,15.134796174515996,10.156223220880465,16.966453438315284,0.153952318444602,-17.890059129622678,14.459846223148258,45.06133106735615,-2.8245201340703145,15.852545347831418,-11.526383646072624,-0.20304877374158223,-10.419006228474268
0.2713428712876974,-2.221248070356038,-0.6173411542359148,-1.7933824026507301,0.992024065376578,3.7671800781845937,-2.5383568125957585,0.4939829020062802,-0.4240866101225461,1.2106211251911287,1.394627325590216,-2.553066207791767,0.1481655827238684,0.9703357065703869,0.012856644620979869,2.7729342141144406,1.186726195840011,-1.3129918026041436,-1.194607136024084,-0.3200508986577947,1.2505527726339705,-2.3089715048320407,3.9450344526190007,3.0234307189677545,0.18014122491669457,4.223419064564004,-2.1000297579606118,0.7557897012769905,4.434298384847958,-1.5078941789298967,-0.9415507238787144,4.50587866837436,-2.3579167529514242,-1.3969435332676219,-2.57159253065067,-0.167221368761946,2.7413319033464303,-2.1628759366209853,-7.105620819919944,0.4177179777257629,-2.3282102842498533,1.7853514958191463,-0.04120493858536537,1.4174778777169066
-0.28924442100479486,1.6719671647999201,0.5000374051191979,1.4541083684397218,-0.7367122533701207,-3.024148580584062,2.054644148021807,-0.4240866101225461,0.7542912578526434,-0.6941786504907921,-1.3918253545835313,2.2434780858268195,-0.32904103612254937,-0.638826576842264,0.19941946808334207,-2.2727989459806954,-0.7711549441012113,1.0628869826477354,1.1767213400045073,0.36039520024708266,-1.0324562844299354,2.1649083233463084,-3.3883769569139117,-2.6441410280636233,-0.515862140961984,-3.6923509688679395,1.6229189987693584,-0.736926266766892,-4.112027958899865,1.0936925831760127,0.8622817847676718,-4.137313864364339,1.8952170297751383,0.8873372456645917,2.204922113441922,0.37784475379946003,-2.490820436685632,1.815645590270972,6.414850598647993,-0.4066198313718923,1.7923265406446673,-1.7799788140637232,0.07704956056748839,-1.0975704532556965
0.771120540037616,-7.818563794647662,-2.078265755148991,-5.968412154309606,3.258109927432218,12.642616600506264,-8.95984637202739,1.2106211251911287,-0.6941786504907921,5.316803957172005,3.7007120004718463,-7.695601115026442,-0.4957724301543494,2.871099762741473,0.537063954040245,9.150425727265977,4.231465873888579,-4.8429324745455045,-2.9284741930425304,-0.7359331882958553,3.887904631122281,-6.9782576416252935,11.980261033600762,9.584807235039142,-0.043139225927772744,13.566964957973942,-7.165057055561351,1.6900918822008242,13.358066797647544,-4.898483650110143,-2.6071683197315885,13.70032172045607,-7.448031601705622,-5.608905468775692,-8.117058355362515,0.2888128900932043,8.630017026457251,-7.054787709296861,-21.541876405163364,1.4994596281801138,-7.998818519250032,5.532401221482681,0.41759324955468113,5.552714066550299
1.5216525418066722,-7.7217647257463184,-2.486870437354728,-7.021764763000765,3.2084243324390256,13.713838026033391,-8.42667866444455,1.394627325590216,-1.3918253545835313,3.7007120004718463,6.226512303357435,-10.73593380938013,1.2156184499305713,3.504808400311825,-0.6746165033904495,10.348705707797432,4.27375542217583,-4.325130436128204,-4.88974593817116,-2.4195126338815207,5.1856674225127986,-9.160286521759849,15.176190058663183,11.334932196182653,0.8410855806571352,15.812625615448681,-7.154237096332581,3.2394682036811164,16.766684705164252,-5.599501280476191,-4.273633217757826,18.648265510087857,-8.876706418745647,-4.123491721771937,-10.880468786100485,-1.061258094450763,10.713362723211208,-8.36666944217664,-27.82004919720838,1.906808251424727,-9.179101425098997,6.301421947347202,-0.2466379788155463,4.362804313195015
-2.4090239906254194,15.055130749304803,4.663015519715821,13.035833243071176,-6.219384253540662,-25.93451093292989,16.639588574378497,-2.553066207791767,2.2434780858268195,-7.695601115026442,-10.73593380938013,19.524709121856443,-1.4408608763258652,-6.332779368191079,0.8877720853939894,-19.557698110540883,-8.384296013083404,8.5980278198916,8.370306496932068,3.8470455475536176,-9.363464108119583,16.69799871446537,-27.66314795979331,-21.11472549759356,-0.9694964678092394,-29.30276766761295,13.792493126706939,-5.565615332926068,-30.637095741764906,10.460937075925914,7.492058723544974,-33.763665408170766,16.456469080486176,8.754164131849965,19.761595676257517,1.3697062855904707,-19.644688479729425,15.632343605080228,50.46939892205658,-3.3045264605503384,17.234257414040417,-11.827480001752026,0.27491314074229145,-9.040593241844858
0.3590126795742411,0.18920617824167707,-0.2903481748559977,-0.8299853339966089,-0.11413969432899523,0.3762839495882134,0.25805168526777966,0.1481655827238684,-0.32904103612254937,-0.4957724301543494,1.2156184499305713,-1.4408608763258652,1.1542433035022805,0.3832055749451886,-0.5822137048461263,0.4166457245018244,-0.036637133601694565,0.18728354495665955,-0.9081714580366517,-0.74093873703606306,0.6805683849818012,-1.1059056882323002,1.6973844392828876,0.5692188173342282,0.4120333921794604,1.0023987714944578,-0.10967633085196525,0.7559691478617043,1.6493386161470547,-0.3776038666610611,-0.9132629267215059,2.320040233901709,-0.7761218234984916,0.6449813915693186,-1.4428818060564754,-0.8542139133992365,1.013465213378558,-0.5945005103947932,-3.1589928909120077,0.2967298413339095,-0.7729407120352648,0.4344592893789078,-0.18283907374454234,-0.75858189143207
0.8465736358418043,-5.202037473910771,-1.5076966110559753,-4.3635461267225875,2.247592430420813,8.947754740762841,-5.666895655841525,0.9703357065703869,-0.638826576842264,2.871099762741473,3.504808400311825,-6.332779368191079,0.3832055749451886,2.400546995879793,-0.047999913285121994,6.580962686237572,2.91881707226146,-2.9370298184503603,-2.8778372109590715,-1.1891724720449846,3.1694896755455764,-5.439482171203871,9.415479954977311,7.129783669711045,0.27806583500369364,9.943505616454983,-4.815295361903279,1.8202083010202545,10.256815821727173,-3.6774194140144845,-2.4096059101912135,11.048017669146278,-5.638250081474845,-3.1136358828808235,-6.488185686261359,-0.3245101957307569,6.535756108395426,-5.209368244602401,-16.944000555852554,1.1254790506973014,-5.783309043242944,3.849463153054661,-0.06790342437255621,3.1139239292513974
-0.17999553688190228,-0.16357258401115038,0.14936527020089543,0.33297330314097356,0.1325004513320417,-0.0743352587871825,-0.22784972210546836,0.012856644620979869,0.19941946808334207,0.537063954040245,-0.6746165033904495,0.8877720853939894,-0.5822137048461263,-0.047999913285121994,0.49197905786344454,-0.21360748870093588,0.029360353985925,-0.17717528876535285,0.4646041881577259,0.5215187295931959,-0.33507587578819176,0.6106258039306509,-0.7413808507403611,-0.3417055794283637,-0.2349382868738246,-0.4035847469299605,-0.10486592905064421,-0.4220196030150757,-0.7965769366989125,0.08881784167256711,0.5022359451645638,-1.3779417769333018,0.2949524069991528,-0.482608041952939,0.7953052694715107,0.46180776191922557,-0.5279469272363103,0.3315350559331341,1.5216530428314046,-0.1081729254970955,0.3336971758600486,-0.22832499650880334,0.16145140975021058,0.4483526396089709
2.2103633752309726,-16.65687799204191,-4.761955508123929,-13.407839749030218,6.981216008349649,27.97425014975898,-18.623146469738014,2.7729342141144406,-2.2727989459806954,9.150425727265977,10.348705707797432,-19.557698110540883,0.4166457245018244,6.580962686237572,-0.21360748870093588,20.858416132944757,9.12891390339736,-9.716531884953396,-8.1972829583566,-3.1798884471463835,9.44812441495259,-17.05250666011568,28.501934929701076,22.414868672552437,0.739099709769647,31.04785066354458,-15.115469674670505,5.245359695819284,31.873042291989872,-11.03692940868506,-7.132520279677375,34.16440794981222,-17.190410862652445,-10.390931726264492,-19.867901767244064,-0.6519964888183256,20.385435810038345,-16.37189774231665,-51.8633716208062,3.3146391251200984,-17.942647686063072,12.630413939829022,-0.04647731514237304,10.761036442384874
0.8881285918948553,-7.427792142336729,-2.0638601266710603,-5.828518779078886,3.12373653752056,12.308806109954702,-8.275945321177353,1.186726195840011,-0.7711549441012113,4.231465873888579,4.27375542217583,-8.384296013083404,-0.036637133601694565,2.91881707226146,0.029360353985925,9.12891390339736,4.155374931648994,-4.328056340091925,-3.403276920168493,-1.2769466369077642,4.082348133351708,-7.239494336317281,12.266114079187389,9.737900580756465,0.10423131262608665,13.416247521667465,-6.698409565333399,2.1697748232435834,13.595093161034338,-4.873011321781704,-2.9895194549743698,14.579125422336363,-7.4898319820033255,-4.797458530954622,-8.534397866779186,-0.08273002023568315,8.747170041699626,-7.1262138197217855,-22.15048643534982,1.3816637264072769,-7.888588183781531,5.385388569445146,0.01427951659762118,4.843332224083522
-0.8481063741689965,8.021698216019207,2.1906490957361044,6.212391032482994,-3.361017944558881,-13.176299893806455,9.199000398031997,-1.3129918026041436,1.0628869826477354,-4.8429324745455045,-4.325130436128204,8.5980278198916,0.18728354495665955,-2.9370298184503603,-0.17717528876535285,-9.716531884953396,-4.328056340091925,4.882052620941871,3.438504265893326,1.030072771304383,-4.183176688545222,7.709397482700284,-12.910108647803598,-10.353297719545747,-0.2317518297418413,-14.427036959799889,7.312839409491825,-2.1215231898664397,-14.594802274455827,5.077328541257806,2.9925023440975873,-15.192112523475286,7.889130881057239,5.412455758991471,8.818010359279517,0.036736972848740584,-9.33402717587702,7.539929474849981,23.442377302336773,-1.5041757732204302,8.31263614262641,-6.041937619247023,-0.17296325899517417,-5.528802917857205
-1.21243146043217,6.175883603465446,1.9039800309769523,5.4542376227868505,-2.6395585940680744,-10.971071300013522,6.730244156308621,-1.194607136024084,1.1767213400045073,-2.9284741930425304,-4.88974593817116,8.370306496932068,-0.9081714580366517,-2.8778372109590715,0.4646041881577259,-8.1972829583566,-3.403276920168493,3.438504265893326,3.9713852392310773,1.855440944371937,-4.080775918376813,7.18993109853251,-12.06541049312071,-9.081485387011055,-0.7482175051161168,-12.59528388311259,5.729560531101165,-2.566594335722354,-13.362003662238235,4.463143611493429,3.2948288922193427,-14.643007546856635,7.042592695094806,3.2950986269886693,8.456553842061368,0.8017191980830601,-8.47151487367328,6.593428777880346,22.060471135779025,-1.4805276278636672,7.137377945479811,-5.016984480086592,0.23735895612873484,-3.509510063751589
-0.7399993374194829,2.1429494241936378,0.8251624928389311,2.296435348437026,-0.8289540833055209,-4.154404895543896,2.0909379906201084,-0.3200508986577947,0.36039520024708266,-0.7359331882958553,-2.4195126338815207,3.8470455475536176,-0.74093873703606306,-1.1891724720449846,0.5215187295931959,-3.1798884471463835,-1.2769466369077642,1.030072771304383,1.855440944371937,1.333469251151604,-1.8716766513580962,3.057982323897284,-5.041593190217796,-3.5925419006428445,-0.38599015553602317,-4.949218789382193,1.9511985076114524,-1.2408312010193971,-5.375268075829777,1.786167032192309,1.6607541737506835,-6.5872008512048135,2.840946996685887,0.7410721664221902,3.9072485865227997,0.5527356882398807,-3.5354818847383136,2.7140611065123754,9.342123059403685,-0.7406817495300582,2.998613170967227,-1.758517154086346,0.16151690858164158,-0.8574259655032903
1.2245656520788788,-7.317260779143008,-2.2389875819556395,-6.339210832092574,3.0453147362285544,12.643935921648,-8.051936256620932,1.2505527726339705,-1.0324562844299354,3.887904631122281,5.1856674225127986,-9.363464108119583,0.6805683849818012,3.1694896755455764,-0.33507587578819176,9.44812441495259,4.082348133351708,-4.183176688545222,-4.080775918376813,-1.8716766513580962,4.566020944886506,-8.019025303561193,13.446888002068775,10.215660998862239,0.4778202616576597,14.240020674540736,-6.73399280638582,2.6602402546795125,14.807904057094204,-5.122864475954549,-3.6022282778930346,16.27105770028651,-8.003282024710652,-4.284032098345362,-9.552368618810036,-0.6167667218406714,9.50999992237917,-7.550425733154815,-24.471780272448584,1.6568939281172614,-8.376955238881301,5.659837120670955,-0.08720410749894374,4.383401005305265
-2.0233225263233394,13.248245942772225,4.034139443674664,11.319439470823895,-5.496008457715676,-22.712404059415917,14.831639054822162,-2.3089715048320407,2.1649083233463084,-6.9782576416252935,-9.160286521759849,16.69799871446537,-1.1059056882323002,-5.439482171203871,0.6106258039306509,-17.05250666011568,-7.239494336317281,7.709397482700284,7.18993109853251,3.057982323897284,-8.019025303561193,14.5274199786067,-24.01872443213339,-18.43197723419412,-0.9592442360660806,-25.687404260389947,12.197869775453833,-4.700627410270462,-26.832140272673158,9.052539604805467,6.3402110442748345,-29.09744817847386,14.289172213703637,7.887766907733896,16.94093173390735,1.1270626490416806,-17.12411866035527,13.574194997559212,43.88915421645273,-2.891127895621558,14.892468764920757,-10.551132884432601,0.13224016165284716,-8.204955803607714
3.4314391306918,-22.299230383495974,-6.663631756535057,-18.88144809830121,9.362351222499436,38.213902684282026,-24.819143547944048,3.9450344526190007,-3.3883769569139117,11.980261033600762,15.176190058663183,-27.66314795979331,1.6973844392828876,9.415479954977311,-0.7413808507403611,28.501934929701076,12.266114079187389,-12.910108647803598,-12.06541049312071,-5.041593190217796,13.446888002068775,-24.01872443213339,40.22274829033861,30.823871424668297,1.4848860311415821,42.965292518820164,-20.5532979823384,7.797300375806099,44.66485399910356,-15.327601567554444,-10.476207030483506,48.27407643147486,-23.992167420224778,-13.37107327581362,-28.156820150983343,-1.6842501680683504,28.50213070563506,-22.629641280238406,-73.19781495110436,4.835247917547587,-24.91382473861547,17.39348406214684,-0.21008353739416716,13.758806256689509
2.4996278284356572,-17.826071826649084,-5.063900508894487,-14.326272435366018,7.514355530593821,30.121340194673145,-19.890612268443903,3.0234307189677545,-2.6441410280636233,9.584807235039142,11.334932196182653,-21.11472549759356,0.5692188173342282,7.129783669711045,-0.3417055794283637,22.414868672552437,9.737900580756465,-10.353297719545747,-9.081485387011055,-3.5925419006428445,10.215660998862239,-18.43197723419412,30.823871424668297,24.288835411371593,1.0577542367538333,33.54614439011709,-16.17167270021286,5.752319076653317,34.563215356989424,-11.843627672119792,-7.716246919441187,37.0318982396998,-18.490668816617386,-10.923062430262267,-21.40707640742089,-0.8126727148611437,22.06146585875825,-17.619753309554078,-56.206498074742726,3.609061881852342,-19.160962947582945,13.652217293476248,-0.1341606558619766,11.446385395444949
0.28884140306225,-0.3825061280196343,-0.15241413368832485,-0.5223303317420824,0.1921620767894608,1.023157590238414,-0.46757169241409385,0.18014122491669457,-0.515862140961984,-0.043139225927772744,0.8410855806571352,-0.9694964678092394,0.4120333921794604,0.27806583500369364,-0.2349382868738246,0.739099709769647,0.10423131262608665,-0.2317518297418413,-0.7482175051161168,-0.38599015553602317,0.4778202616576597,-0.9592442360660806,1.4848860311415821,1.0577542367538333,0.5226582206836365,1.5023710558753853,-0.439892266470725,0.42967976846862427,1.8449527064921774,-0.3548864548541297,-0.4584539264746009,1.9351403440866313,-0.7031061902447601,0.07151635708587678,-0.9646662072462617,-0.37191827209593115,1.0945852526612148,-0.6603951132367821,-2.9627264358521117,0.26596267230552295,-0.56031771034522,0.7154077759475516,-0.08609304355252799,0.12200465985676498
3.5199965893063205,-24.658648552229987,-7.105050262301094,-20.13980927316767,10.360247931650875,41.76904147297593,-27.60002247875389,4.223419064564004,-3.6923509688679395,13.566964957973942,15.812625615448681,-29.30276766761295,1.0023987714944578,9.943505616454983,-0.4035847469299605,31.04785066354458,13.416247521667465,-14.427036959799889,-12.59528388311259,-4.949218789382193,14.240020674540736,-25.687404260389947,42.965292518820164,33.54614439011709,1.5023710558753853,46.65977458287036,-22.534071439485942,7.978827997562311,48.09376468747803,-16.485234576040373,-10.811157686267508,51.445647988513514,-25.7590489165523,-15.189654098040597,-29.860731512746796,-1.2609699339575673,30.701335552685077,-24.454031907648147,-78.32371934836038,5.150224577685988,-26.770135551951157,19.0041980342767,-0.04674745640510125,15.814051983362909
-1.4869427491718485,12.288607058485969,3.447527715839127,9.783375539560103,-5.178375269917441,-20.45208301509711,13.89792260707451,-2.1000297579606118,1.6229189987693584,-7.165057055561351,-7.154237096332581,13.792493126706939,-0.10967633085196525,-4.815295361903279,-0.10486592905064421,-15.115469674670505,-6.698409565333399,7.312839409491825,5.729560531101165,1.9511985076114524,-6.73399280638582,12.197869775453833,-20.5532979823384,-16.17167270021286,-0.439892266470725,-22.534071439485942,11.253094588512631,-3.5928623297319584,-22.993432783226826,8.04183618321809,4.954580939083702,-24.217208254512496,12.47179769761406,7.994034206176947,14.108632873266892,0.31269151214309643,-14.674189001622356,11.81272245796707,37.23618163901409,-2.396684539248489,13.029067906523395,-9.261029176697662,-0.1251709831812479,-8.132621766741083
0.7402821388357221,-3.8429369426867432,-1.2632758040630538,-3.571927262018864,1.628821769997401,6.884928924241518,-4.19854451702712,0.7557897012769905,-0.736926266766892,1.6900918822008242,3.2394682036811164,-5.565615332926068,0.7559691478617043,1.8202083010202545,-0.4220196030150757,5.245359695819284,2.1697748232435834,-2.1215231898664397,-2.566594335722354,-1.2408312010193971,2.6602402546795125,-4.700627410270462,7.797300375806099,5.752319076653317,0.42967976846862427,7.978827997562311,-3.5928623297319584,1.7680509086379057,8.57628962770834,-2.859734315133289,-2.2469934302289007,9.569168155627857,-4.552148070409077,-1.989351319552778,-5.569999944283012,-0.65132289463176,5.439634247653173,-4.247307522992288,-14.2310375459827,0.9037548805010155,-4.655230298466664,3.213488742189699,-0.22462122775806503,2.0580311128551263
3.718334874983242,-25.0107356592766,-7.375503946504513,-20.86644726447712,10.50791675417265,42.713407674109455,-28.03556437318174,4.434298384847958,-4.112027958899865,13.358066797647544,16.766684705164252,-30.637095741764906,1.6493386161470547,10.256815821727173,-0.7965769366989125,31.873042291989872,13.595093161034338,-14.594802274455827,-13.362003662238235,-5.375268075829777,14.807904057094204,-26.832140272673158,44.66485399910356,34.563215356989424,1.8449527064921774,48.09376468747803,-22.993432783226826,8.57628962770834,50.031492562231875,-16.92678431626867,-11.476993640457653,53.684814617503825,-26.618660012793836,-15.08094691418708,-31.10432642401143,-1.8026170400593509,31.841402303793572,-25.230323122548484,-81.53165381207188,5.334348781057033,-27.543662253457576,19.74276840210656,-0.21661044449833122,15.74310575616644
-1.2475343738511802,8.787154580265167,2.547323180686961,7.229383065143614,-3.7061078092638184,-14.863788562022076,9.735483877770067,-1.5078941789298967,1.0936925831760127,-4.898483650110143,-5.599501280476191,10.460937075925914,-0.3776038666610611,-3.6774194140144845,0.08881784167256711,-11.03692940868506,-4.873011321781704,5.077328541257806,4.463143611493429,1.786167032192309,-5.122864475954549,9.052539604805467,-15.327601567554444,-11.843627672119792,-0.3548864548541297,-16.485234576040373,8.04183618321809,-2.859734315133289,-16.92678431626867,5.97480322574941,3.886494952678426,-18.220318328085316,9.239932517170816,5.4401101575374895,10.682183290231999,0.4085750962065855,-10.833549657097908,8.696661106487262,27.744597019656734,-1.8091685626191518,9.633668167403396,-6.572961137983674,0.029941122930849485,-5.521280601039955
-1.004611518080159,5.307991291111475,1.7742257524919083,4.967115314868016,-2.171417311944947,-9.39583287142104,5.8182346762962895,-0.9415507238787144,0.8622817847676718,-2.6071683197315885,-4.273633217757826,7.492058723544974,-0.9132629267215059,-2.4096059101912135,0.5022359451645638,-7.132520279677375,-2.9895194549743698,2.9925023440975873,3.2948288922193427,1.6607541737506835,-3.6022282778930346,6.3402110442748345,-10.476207030483506,-7.716246919441187,-0.4584539264746009,-10.811157686267508,4.954580939083702,-2.2469934302289007,-11.476993640457653,3.886494952678426,3.0126720165165577,-12.881294544421912,6.1593196256529135,2.8954880818117243,7.6024615157245075,0.7712641473586774,-7.365664816103619,5.794480990304855,19.126401465576787,-1.3027401910622016,6.46514207750243,-4.324269063351986,0.1486477822231204,-2.947043476521838
4.269230220252654,-26.420206021828488,-8.053895241371007,-22.651199405401982,10.960231605739889,45.520716388536115,-29.294750544147313,4.50587866837436,-4.137313864364339,13.70032172045607,18.648265510087857,-33.763665408170766,2.320040233901709,11.048017669146278,-1.3779417769333018,34.16440794981222,14.579125422336363,-15.192112523475286,-14.643007546856635,-6.5872008512048135,16.27105770028651,-29.09744817847386,48.27407643147486,37.0318982396998,1.9351403440866313,51.445647988513514,-24.217208254512496,9.569168155627857,53.684814617503825,-18.220318328085316,-12.881294544421912,58.765953253815184,-28.677609297730246,-15.44210167905524,-34.25865279565637,-2.272260287067508,34.383217532398945,-27.255925618748094,-88.21385150696565,5.862375526982739,-29.935924986981707,20.824596202119377,-0.37693603924768454,16.091625388906643
-1.9548852307634466,13.578126727460045,3.9999284510924142,11.321418670135492,-5.70282785592108,-23.06706004711294,15.134796174515996,-2.3579167529514242,1.8952170297751383,-7.448031601705622,-8.876706418745647,16.456469080486176,-0.7761218234984916,-5.638250081474845,0.2949524069991528,-17.190410862652445,-7.4898319820033255,7.889130881057239,7.042592695094806,2.840946996685887,-8.003282024710652,14.289172213703637,-23.992167420224778,-18.490668816617386,-0.7031061902447601,-25.7590489165523,12.47179769761406,-4.552148070409077,-26.618660012793836,9.239932517170816,6.1593196256529135,-28.677609297730246,14.400421962360204,8.327211295025382,16.763677326470354,0.8199036933050005,-17.008358393236872,13.587732558590618,43.56253941158429,-2.8403959203872913,15.008193155719848,-10.414700637485307,0.07582156724190144,-8.503281430151992
-0.7181431573392538,8.837124325506254,2.30339934810571,6.520957263857314,-3.7180654387486882,-14.173271742780715,10.156223220880465,-1.3969435332676219,0.8873372456645917,-5.608905468775692,-4.123491721771937,8.754164131849965,0.6449813915693186,-3.1136358828808235,-0.482608041952939,-10.390931726264492,-4.797458530954622,5.412455758991471,3.2950986269886693,0.7410721664221902,-4.284032098345362,7.887766907733896,-13.37107327581362,-10.923062430262267,0.07151635708587678,-15.189654098040597,7.994034206176947,-1.989351319552778,-15.08094691418708,5.4401101575374895,2.8954880818117243,-15.44210167905524,8.327211295025382,6.275225552179283,9.01297855070754,-0.31925485040802626,-9.666015196043295,7.956935609997039,24.077328587989868,-1.485075302185888,8.832693880881145,-6.336106704821803,-0.2864745465768821,-6.299591604968067
-2.507678554117074,15.348533576572006,4.763496847301297,13.367373950844813,-6.31753979407166,-26.45267687698646,16.966453438315284,-2.57159253065067,2.204922113441922,-8.117058355362515,-10.880468786100485,19.761595676257517,-1.4428818060564754,-6.488185686261359,0.7953052694715107,-19.867901767244064,-8.534397866779186,8.818010359279517,8.456553842061368,3.9072485865227997,-9.552368618810036,16.94093173390735,-28.156820150983343,-21.40707640742089,-0.9646662072462617,-29.860731512746796,14.108632873266892,-5.569999944283012,-31.10432642401143,10.682183290231999,7.6024615157245075,-34.25865279565637,16.763677326470354,9.01297855070754,20.130462119981075,1.338650009745641,-19.994067885138435,15.895423203564519,51.34435662164859,-3.465520785790192,17.637378715587573,-11.98400306819172,0.15427273544729736,-9.252845320677888
-0.2693725822094912,0.1200869885933322,0.2813548465981341,0.7881746771859649,-0.02828983510270364,-0.7043848106063773,0.153952318444602,-0.167221368761946,0.37784475379946003,0.2888128900932043,-1.061258094450763,1.3697062855904707,-0.8542139133992365,-0.3245101957307569,0.46180776191922557,-0.6519964888183256,-0.08273002023568315,0.036736972848740584,0.8017191980830601,0.5527356882398807,-0.6167667218406714,1.1270626490416806,-1.6842501680683504,-0.8126727148611437,-0.37191827209593115,-1.2609699339575673,0.31269151214309643,-0.65132289463176,-1.8026170400593509,0.4085750962065855,0.7712641473586774,-2.272260287067508,0.8199036933050005,-0.31925485040802626,1.338650009745641,0.6686981087128211,-1.0935621449280697,0.697973720686975,3.179100955285342,-0.24692984458819672,0.7990650874279179,-0.614256955855147,0.15664743429109665,0.3489016384533823
2.4141377312375556,-16.002588923700205,-4.742472377629178,-13.400611155191518,6.675388700746031,27.319573378120925,-17.890059129622678,2.7413319033464303,-2.490820436685632,8.630017026457251,10.713362723211208,-19.644688479729425,1.013465213378558,6.535756108395426,-0.5279469272363103,20.385435810038345,8.747170041699626,-9.33402717587702,-8.47151487367328,-3.5354818847383136,9.50999992237917,-17.12411866035527,28.50213070563506,22.06146585875825,1.0945852526612148,30.701335552685077,-14.674189001622356,5.439634247653173,31.841402303793572,-10.833549657097908,-7.365664816103619,34.383217532398945,-17.008358393236872,-9.666015196043295,-19.994067885138435,-1.0935621449280697,20.35662844213686,-16.161744929909098,-52.03574363013596,3.4548717123347497,-17.731181472322223,12.52328829234718,-0.08841145303122494,10.056586957512067
-1.8346006129611894,12.957427120404393,3.803209965859594,10.68959029467428,-5.392881526214984,-21.92191705591117,14.459846223148258,-2.1628759366209853,1.815645590270972,-7.054787709296861,-8.36666944217664,15.632343605080228,-0.5945005103947932,-5.209368244602401,0.3315350559331341,-16.37189774231665,-7.1262138197217855,7.539929474849981,6.593428777880346,2.7140611065123754,-7.550425733154815,13.574194997559212,-22.629641280238406,-17.619753309554078,-0.6603951132367821,-24.454031907648147,11.81272245796707,-4.247307522992288,-25.230323122548484,8.696661106487262,5.794480990304855,-27.255925618748094,13.587732558590618,7.956935609997039,15.895423203564519,0.697973720686975,-16.161744929909098,12.936763462305798,41.21383425302638,-2.6874277250563186,14.223319025404136,-9.937700632233106,0.046971326080518384,-8.218743025901896
-6.33822211897575,40.45527150680882,12.119569229928402,34.29393888466647,-16.932873291674703,-69.45769857604681,45.06133106735615,-7.105620819919944,6.414850598647993,-21.541876405163364,-27.82004919720838,50.46939892205658,-3.1589928909120077,-16.944000555852554,1.5216530428314046,-51.8633716208062,-22.15048643534982,23.442377302336773,22.060471135779025,9.342123059403685,-24.471780272448584,43.88915421645273,-73.19781495110436,-56.206498074742726,-2.9627264358521117,-78.32371934836038,37.23618163901409,-14.2310375459827,-81.53165381207188,27.744597019656734,19.126401465576787,-88.21385150696565,43.56253941158429,24.077328587989868,51.34435662164859,3.179100955285342,-52.03574363013596,41.21383425302638,133.53644071049007,-8.879078748787217,45.23423639416283,-31.804319030126333,0.39156019159967614,-25.011316035076376
0.5293547690220002,-2.5616385709330185,-0.8129906350553038,-2.32630974810212,1.0329351758120597,4.508763316527224,-2.8245201340703145,0.4177179777257629,-0.4066198313718923,1.4994596281801138,1.906808251424727,-3.3045264605503384,0.2967298413339095,1.1254790506973014,-0.1081729254970955,3.3146391251200984,1.3816637264072769,-1.5041757732204302,-1.4805276278636672,-0.7406817495300582,1.6568939281172614,-2.891127895621558,4.835247917547587,3.609061881852342,0.26596267230552295,5.150224577685988,-2.396684539248489,0.9037548805010155,5.334348781057033,-1.8091685626191518,-1.3027401910622016,5.862375526982739,-2.8403959203872913,-1.485075302185888,-3.465520785790192,-0.24692984458819672,3.4548717123347497,-2.6874277250563186,-8.879078748787217,0.7099705833083483,-3.014241416669675,2.025825241079031,0.06327267879199389,1.5522240837017112
-2.0199601652119306,14.192324917361116,4.253432314714633,11.98190444297286,-5.864788547161044,-24.03690692706173,15.852545347831418,-2.3282102842498533,1.7923265406446673,-7.998818519250032,-9.179101425098997,17.234257414040417,-0.7729407120352648,-5.783309043242944,0.3336971758600486,-17.942647686063072,-7.888588183781531,8.31263614262641,7.137377945479811,2.998613170967227,-8.376955238881301,14.892468764920757,-24.91382473861547,-19.160962947582945,-0.56031771034522,-26.770135551951157,13.029067906523395,-4.655230298466664,-27.543662253457576,9.633668167403396,6.46514207750243,-29.935924986981707,15.008193155719848,8.832693880881145,17.637378715587573,0.7990650874279179,-17.731181472322223,14.223319025404136,45.23423639416283,-3.014241416669675,15.894295321760064,-10.80896227355121,-0.03948669187376244,-8.911494391715907
1.2747787858934672,-10.046980735732452,-2.90919554058351,-8.21008246200307,4.210904460132632,16.928170569501408,-11.526383646072624,1.7853514958191463,-1.7799788140637232,5.532401221482681,6.301421947347202,-11.827480001752026,0.4344592893789078,3.849463153054661,-0.22832499650880334,12.630413939829022,5.385388569445146,-6.041937619247023,-5.016984480086592,-1.758517154086346,5.659837120670955,-10.551132884432601,17.39348406214684,13.652217293476248,0.7154077759475516,19.0041980342767,-9.261029176697662,3.213488742189699,19.74276840210656,-6.572961137983674,-4.324269063351986,20.824596202119377,-10.414700637485307,-6.336106704821803,-11.98400306819172,-0.614256955855147,12.52328829234718,-9.937700632233106,-31.804319030126333,2.025825241079031,-10.80896227355121,8.086980700932168,0.0031635800634494796,6.603887412798861
-0.034478055827595853,-0.1087416186147354,-0.019204947540752845,-0.053545735448026634,-0.003136711003648743,0.0440521682454729,-0.20304877374158223,-0.04120493858536537,0.07704956056748839,0.41759324955468113,-0.2466379788155463,0.27491314074229145,-0.18283907374454234,-0.06790342437255621,0.16145140975021058,-0.04647731514237304,0.01427951659762118,-0.17296325899517417,0.23735895612873484,0.16151690858164158,-0.08720410749894374,0.13224016165284716,-0.21008353739416716,-0.1341606558619766,-0.08609304355252799,-0.04674745640510125,-0.1251709831812479,-0.22462122775806503,-0.21661044449833122,0.029941122930849485,0.1486477822231204,-0.37693603924768454,0.07582156724190144,-0.2864745465768821,0.15427273544729736,0.15664743429109665,-0.08841145303122494,0.046971326080518384,0.39156019159967614,0.06327267879199389,-0.03948669187376244,0.0031635800634494796,0.1897452383050457,0.24809892234345476
0.8108058673687182,-9.109124689530846,-2.3206736920110282,-6.5365086500515535,3.833913654366405,14.649573562496927,-10.419006228474268,1.4174778777169066,-1.0975704532556965,5.552714066550299,4.362804313195015,-9.040593241844858,-0.75858189143207,3.1139239292513974,0.4483526396089709,10.761036442384874,4.843332224083522,-5.528802917857205,-3.509510063751589,-0.8574259655032903,4.383401005305265,-8.204955803607714,13.758806256689509,11.446385395444949,0.12200465985676498,15.814051983362909,-8.132621766741083,2.0580311128551263,15.74310575616644,-5.521280601039955,-2.947043476521838,16.091625388906643,-8.503281430151992,-6.299591604968067,-9.252845320677888,0.3489016384533823,10.056586957512067,-8.218743025901896,-25.011316035076376,1.5522240837017112,-8.911494391715907,6.603887412798861,0.24809892234345476,6.578870827492472
