V1,V2,V3,V4,V5,V6,V7,V8,V9,V10,V11,V12,V13,V14,V15,V16,V17,V18,V19,V20,V21,V22,V23,V24,V25,V26,V27,V28,V29,V30,V31,V32,V33,V34,V35,V36,V37,V38,V39,V40,V41,V42,V43,V44,V45
13.465613755302883,-2.6898732374788397,-4.280737476143375,1.3702796207430366,1.3865104270178945,6.551423229569335,4.527163633331913,-1.492048142806544,3.88550310250265,8.425065128993687,-5.63796308118872,-10.633614931285402,-3.3948020755912727,5.787994145957176,0.2898995077203134,0.810075044587807,-12.050789999631093,3.5242417179449155,-1.2294958145176085,1.2150262711363868,-8.082426693571904,2.7130386521250416,2.984783018466629,1.5617923238596616,3.125916047800065,-8.339378058067316,-13.775736624660945,-10.469522237406737,-2.076659090627681,-0.5249441930014244,7.904499685135041,0.4411698607099858,-2.1079554629462285,1.4950165844177818,14.206168784115302,-7.485210418723237,2.070156480735657,-4.272451042974315,-2.757315555878469,13.475060816917837,5.360450090186823,-3.946108746537822,-4.578709212466262,-3.5975094708457895,-0.514198207576396
-2.6898732374788397,0.7283182483841718,1.2209341258576918,-0.2143369324818552,-0.5681709725732412,-0.9477620417569713,-0.6644104960537006,0.2419116954292652,-0.21662621331428944,-1.993836292560043,1.0951308995107771,1.305498906781766,0.6524338731405263,-1.1965679077327749,0.07820538321418874,0.24980323668571333,2.3116058975119516,-0.0673839290712622,-0.31903695109837604,-0.5233521842573556,1.4338566731169027,-0.7673190211705971,-0.6014007918554352,-0.36199945079554313,-0.699359591106927,2.0514447816072994,2.081747137471867,1.5853104737114276,0.588437678286485,-0.10281886830889402,-1.0245179962680124,-0.31520245111745016,0.7383474409192704,0.3007132314613704,-2.5771053157180805,1.083213112003534,-0.18749241499252609,0.6850030351553312,0.11967449943030112,-2.476222967727136,0.061682053053994185,0.7292109483180705,0.7099455412064103,0.719863545189067,-0.19191626262132525
-4.280737476143375,1.2209341258576918,2.170726459530565,-0.37453663133361864,-0.9968581524107443,-1.2891052926413973,-0.9451528576466414,0.36632311498030695,-0.07731900371926317,-3.3732082914147874,1.7122015069545045,1.615723706926206,1.0255903560353685,-1.9385362368565364,0.15917426337733945,0.6449632888555561,3.603110113822222,0.33415369881485035,-0.8568535910395461,-1.040629910088544,2.1717258449431567,-1.3388213497878643,-0.9712947984937919,-0.6389464296602474,-1.1181132437192387,3.4882933713142585,2.931380410137899,2.219502267786273,0.9992022128504069,-0.2996647153184511,-1.3054111550094598,-0.6170186125069965,1.3506845996864805,0.8138676410299638,-3.952439567832742,1.5340421423387498,-0.1757405819670236,0.9828537158512627,-0.01751640287676491,-3.813293817702061,0.7959892656848779,1.1424149135314123,1.027273025893586,1.140958574004102,-0.4303018899973635
1.3702796207430366,-0.2143369324818552,-0.37453663133361864,0.18936468766418615,0.044128431728163706,0.7232478860211214,0.5154472669145439,-0.17174350617783082,0.5282451751337646,0.8152545784048372,-0.5732327944537867,-1.2373962878665175,-0.351826387394539,0.5916278278722169,0.08031201614367652,0.1506455055138025,-1.229298662231039,0.43358726172628675,-0.2162492384043309,0.0962957490714853,-0.8519760532890913,0.22349040046754884,0.307924390030632,0.16880858075933594,0.27818855688135835,-0.7802244801966696,-1.528503228243528,-1.1485875899502263,-0.1571637418999961,-0.08483367775194584,0.9059870620149164,-0.001989796012386641,-0.15638925112585625,0.2684072119979079,1.4945207691112175,-0.865173438218771,0.2526369331706905,-0.46061842622846233,-0.38296291369938684,1.408726002249358,0.7258499356850431,-0.4238567475451324,-0.5060469329318145,-0.36166034655220974,-0.1363500692363765
1.3865104270178945,-0.5681709725732412,-0.9968581524107443,0.044128431728163706,0.5919934459900691,0.1316899985182085,0.10381994272102245,-0.06556000626288139,-0.45212871597449644,1.333826967700431,-0.5336460295431904,0.14622273586208506,-0.3099645169944727,0.652611952351241,-0.18150010737683053,-0.5380270420818138,-1.1005045843519667,-0.5952904103239779,0.7278137427572878,0.5479004000224359,-0.5591891778763086,0.6260584098400273,0.3152487278084636,0.23364564392172604,0.44323357574488276,-1.4414442741701627,-0.4014702019267911,-0.31493511860488865,-0.48148995671595246,0.26154332624911153,-0.028659977291108342,0.3877200615471045,-0.6946963766964223,-0.7558733955605585,1.0672982724817444,-0.14104531098046097,-0.12658487334878096,-0.18491508245124672,0.37354308542443854,1.0613540765985143,-1.1584200019692485,-0.3130838315174588,-0.16550799546051287,-0.3738650751152339,0.401941854288946
6.551423229569335,-0.9477620417569713,-1.2891052926413973,0.7232478860211214,0.1316899985182085,3.9720060479152535,2.691707710794231,-0.829647305430337,3.0280999535135704,3.411524132735515,-2.821329984769141,-6.90949375277448,-1.703856670677234,2.7146786311127005,0.38534167823495313,1.2838384353764791,-6.091106421790188,3.1480008797137233,-1.8254012994466822,-0.05236083866079811,-4.324005421611308,0.8564818936539229,1.430950426178786,0.6185729034786417,1.404911436557814,-3.2321813884935393,-8.125160416692122,-6.187960859593086,-0.6796591288018947,-0.7122703282562092,5.0305038757487655,-0.25738653525743754,-0.3520968037406045,1.9943524171751659,7.465890582049489,-4.470541977211699,1.4853445936686458,-2.4475501367032453,-2.218906226566658,7.019135588836588,5.070890376071871,-2.026935616201318,-2.654821992260085,-1.7543901068494896,-0.8276086074039396
4.527163633331913,-0.6644104960537006,-0.9451528576466414,0.5154472669145439,0.10381994272102245,2.691707710794231,1.8360777775959363,-0.570870196870268,2.036221595704347,2.407099591778473,-1.9412029510291688,-4.667922947266895,-1.1747712205055327,1.8858694454414666,0.2633856924306358,0.8279917077401229,-4.188533426775497,2.063945099902306,-1.1774518807663796,0.01716716914692936,-2.961547856753533,0.6170577444135249,0.993177591328894,0.44594874236989185,0.9667917797366034,-2.2860962304168004,-5.526410605030711,-4.2033337117949054,-0.4798091355810293,-0.45908990380387055,3.400318286595652,-0.15203478533423237,-0.28423214391402796,1.3012142731395,5.124587209454407,-3.050579370659293,0.9979460652090952,-1.665256591583916,-1.489497795486242,4.820231834740452,3.3358349850211813,-1.398731062941916,-1.8112151901948579,-1.210399051345648,-0.5487649503235218
-1.492048142806544,0.2419116954292652,0.36632311498030695,-0.17174350617783082,-0.06556000626288139,-0.829647305430337,-0.570870196870268,0.18302042554588066,-0.5955585551424727,-0.8446550574984844,0.6338261041659832,1.4177895015098763,0.3839481020920764,-0.6315807759768942,-0.07384921377535253,-0.2091360040496166,1.3612743994926138,-0.5744019000928756,0.30102892595806946,-0.05320843449510709,0.9481088498023494,-0.2323752578154975,-0.32904191705804775,-0.159449437680987,-0.32114665584338786,0.8120077374310725,1.7230415737766138,1.3063634677824214,0.17757151125645415,0.11951244631879436,-1.03917489933246,0.016469774297042414,0.14239135759023447,-0.34154386612125587,-1.6505108373618071,0.951868271787803,-0.2940489725900271,0.5226591219387674,0.43310452703928054,-1.5559238129361948,-0.922887373769632,0.4561176649107325,0.5649696939551934,0.3975652771637498,0.14664164991230136
3.88550310250265,-0.21662621331428944,-0.07731900371926317,0.5282451751337646,-0.45212871597449644,3.0280999535135704,2.036221595704347,-0.5955585551424727,2.8284404301618093,1.4423348340949866,-1.7341526523729522,-5.6216091436217885,-1.0583839529894918,1.5354706189722014,0.47529929452960745,1.5293346889068626,-3.792337511218195,3.066867345005125,-2.139836206339033,-0.5635225219180124,-2.902114938829569,0.08704939810684259,0.8362188022916721,0.2675148884022148,0.6970523775393063,-1.1991296725311202,-6.067725894196723,-4.613151807130694,-0.08525155943817511,-0.8141607937671361,4.019955613323987,-0.5707121523559,0.37837098447227024,2.2985312127827378,4.913684146893371,-3.4115713581836475,1.298242329429887,-1.7678443403526243,-2.1126512822102588,4.565018479487367,5.12483555878256,-1.3110786215774408,-1.9490525926782085,-1.03833194244887,-1.0352266934911651
8.425065128993687,-1.993836292560043,-3.3732082914147874,0.8152545784048372,1.333826967700431,3.411524132735515,2.407099591778473,-0.8446550574984844,1.4423348340949866,5.875056367771062,-3.457905966933438,-5.136794351811047,-2.078730606719217,3.7118067921573012,-0.02729765899434585,-0.2721999449334897,-7.3378298588232305,0.9442530401516314,0.3057866879409403,1.3272769684845802,-4.713918960146508,2.100546587588491,1.887046557261521,1.1042619406538232,2.052283968340788,-5.93940839623946,-7.376098084634677,-5.592277453004554,-1.5841824005038903,0.07220247015811777,3.910004288718727,0.6875811966546969,-1.9075146901836397,-0.17087303753321112,8.404223231999127,-3.96412261362577,0.8774536914986298,-2.349760304298148,-0.9626464936352,8.0257899855339,1.195991266433417,-2.377539762915115,-2.4920060162486606,-2.246511247947145,0.17743171181624376
-5.63796308118872,1.0951308995107771,1.7122015069545045,-0.5732327944537867,-0.5336460295431904,-2.821329984769141,-1.9412029510291688,0.6338261041659832,-1.7341526523729522,-3.457905966933438,2.3695258869928124,4.622734070144202,1.426377584956451,-2.4126100948261042,-0.14161129935572575,-0.42786470498455365,5.069790308088861,-1.6238952508486817,0.6381904533493548,-0.4408958573821077,3.42326728938297,-1.0909922524298832,-1.2465203781328922,-0.6368642400009407,-1.3005194731807332,3.4101228679651707,5.907983449893891,4.492467556957966,0.8401357015564646,0.2665437991793579,-3.4272365160578397,-0.13971496284672583,0.816967155070448,-0.7502016817609389,-6.002650459487709,3.211593067999661,-0.9130627763091078,1.8262404665732173,1.2374711505620022,-5.687932862336386,-2.4915911418326893,1.6614844965841058,1.9575025091462572,1.5070733647672,0.2685202760241891
-10.633614931285402,1.305498906781766,1.615723706926206,-1.2373962878665175,0.14622273586208506,-6.90949375277448,-4.667922947266895,1.4177895015098763,-5.6216091436217885,-5.136794351811047,4.622734070144202,12.26373443474349,2.7985702152696508,-4.3558764559395975,-0.7926063525929505,-2.612984438662185,10.010528515871808,-5.942307820550597,3.6936530170907327,0.4564592371397946,7.251308751879889,-1.0989055535556131,-2.312508776610269,-0.9327846962935473,-2.1871397440597065,4.752215687701963,14.048708617564365,10.693034791622663,0.8864567824674426,1.4285812471602433,-8.881148694243894,0.7028620147719331,0.16952481986609658,-4.0053473459125115,-12.4526696592369,7.7766941576428,-2.695915360643899,4.191700169649443,4.147482239154093,-11.669984870572504,-9.692218699148905,3.3649521821789,4.562816011434627,2.845897551752719,1.7171804404073283
-3.3948020755912727,0.6524338731405263,1.0255903560353685,-0.351826387394539,-0.3099645169944727,-1.703856670677234,-1.1747712205055327,0.3839481020920764,-1.0583839529894918,-2.078730606719217,1.426377584956451,2.7985702152696508,0.8595406234298648,-1.4533097698642765,-0.091348833094348,-0.2638266818724586,3.0523660368592025,-0.9828530694212135,0.39230357846929,-0.26414591167251206,2.0638994539924496,-0.6515221635954683,-0.751272308496468,-0.3853707228052714,-0.7781672624751542,2.0468841177301065,3.569600597847455,2.712627507477869,0.4996546822514964,0.16305518930207702,-2.0732088653434335,-0.07926321782403374,0.48622453577112634,-0.463089840986469,-3.619093297602164,1.9450095683128363,-0.5539589629286534,1.101822629657662,0.7560155698110569,-3.4283694821080775,-1.516165533151592,1.0030327115302102,1.1828693238385464,0.9068740535807923,0.17099764420510863
5.787994145957176,-1.1965679077327749,-1.9385362368565364,0.5916278278722169,0.652611952351241,2.7146786311127005,1.8858694454414666,-0.6315807759768942,1.5354706189722014,3.7118067921573012,-2.4126100948261042,-4.3558764559395975,-1.4533097698642765,2.504612760160161,0.10091237055996026,0.23515376542584754,-5.1466893343764175,1.3267819549814404,-0.3733558773411127,0.60717205651306,-3.4244403954789697,1.219143322757261,1.2862835377499082,0.6933495390995381,1.3496889721710656,-3.6884146390212336,-5.7457934830984065,-4.360465163005013,-0.9278470929539456,-0.16839903762546887,3.2516714770881583,0.24865337341693294,-0.9917144656001551,0.48686537682496056,6.037771767639194,-3.12145989893899,0.8287777786448143,-1.7897046956839715,-1.0818505138535541,5.733877925435252,1.9905276982698124,-1.686699418051384,-1.9127965095632105,-1.5442931540128824,-0.15846280017035524
0.2898995077203134,0.07820538321418874,0.15917426337733945,0.08031201614367652,-0.18150010737683053,0.38534167823495313,0.2633856924306358,-0.07384921377535253,0.47529929452960745,-0.02729765899434585,-0.14161129935572575,-0.7926063525929505,-0.091348833094348,0.10091237055996026,0.106650586594067,0.297882520924889,-0.32035591793019264,0.5031120434622076,-0.4118076920149853,-0.16148493762344543,-0.2971699488832547,-0.10103326941844884,0.06148931998241868,0.003903425363852062,0.007415494271083823,0.08422738984152722,-0.7584608993500704,-0.5695652550921264,0.08063399034530208,-0.1534099003057542,0.5524216033251657,-0.1464178024081371,0.1709391978852428,0.44589353059001846,0.4853694708805541,-0.45160653586533916,0.1984835152132066,-0.20678403005973892,-0.3615798675375296,0.4376200482983669,0.8861240341472584,-0.12937694190686053,-0.23736859596469895,-0.07508517554042433,-0.22285321082175014
0.810075044587807,0.24980323668571333,0.6449632888555561,0.1506455055138025,-0.5380270420818138,1.2838384353764791,0.8279917077401229,-0.2091360040496166,1.5293346889068626,-0.2721999449334897,-0.42786470498455365,-2.612984438662185,-0.2638266818724586,0.23515376542584754,0.297882520924889,1.0587704605635488,-0.981835851257236,1.8372278118873164,-1.4678652643576577,-0.6565986617879999,-0.9309562548862529,-0.36597617534663957,0.15553192261713367,-0.0648779894499249,0.0523532346476393,0.43545186708582767,-2.4465665090225994,-1.8716196075947427,0.25341915861461645,-0.5510021591244687,1.8229532643780904,-0.5093400435367464,0.6373172119038989,1.5306985753342317,1.4846298558268065,-1.3951600672437297,0.6668351400361971,-0.6760159885724014,-1.165394476973154,1.336726239271084,3.1184757538931356,-0.3608803702058162,-0.7592171103811916,-0.2203112721741309,-0.691481001760154
-12.050789999631093,2.3116058975119516,3.603110113822222,-1.229298662231039,-1.1005045843519667,-6.091106421790188,-4.188533426775497,1.3612743994926138,-3.792337511218195,-7.3378298588232305,5.069790308088861,10.010528515871808,3.0523660368592025,-5.1466893343764175,-0.32035591793019264,-0.981835851257236,10.85526831414372,-3.5771601953416172,1.4547260135866722,-0.8959864385476343,7.346336280062151,-2.30034520147251,-2.663677978734619,-1.3510460321840387,-2.7741388038164088,7.22636405916997,12.733188392815197,9.685899474888169,1.7717278199877595,0.6019051941415728,-7.411676749338234,-0.26094214483219763,1.6931441319517555,-1.697542326955896,-12.871396756784856,6.925938463747898,-1.9899085621463346,3.930414509658522,2.710345190045305,-12.19224719863516,-5.5101536818179,3.5576942083747873,4.220184705699672,3.2223576716730995,0.6140586693848185
3.5242417179449155,-0.0673839290712622,0.33415369881485035,0.43358726172628675,-0.5952904103239779,3.1480008797137233,2.063945099902306,-0.5744019000928756,3.066867345005125,0.9442530401516314,-1.6238952508486817,-5.942307820550597,-0.9828530694212135,1.3267819549814404,0.5031120434622076,1.8372278118873164,-3.5771601953416172,3.5659001809603588,-2.568551946227929,-0.8746817852097015,-2.831575362170516,-0.1309321581046526,0.7373689459925037,0.13694140472931454,0.6212453163928371,-0.6787253974324995,-6.196886144771563,-4.738178425888517,0.043929645815511315,-0.9777051645597755,4.231155861761887,-0.7371253778264856,0.6712789981284748,2.6962097751789367,4.72746923886035,-3.449734764135504,1.408738309585414,-1.7949549780212313,-2.30377586810937,4.371978975458442,5.909677710138103,-1.221948421212961,-1.9682611369832899,-0.9508668054022306,-1.169589769535523
-1.2294958145176085,-0.31903695109837604,-0.8568535910395461,-0.2162492384043309,0.7278137427572878,-1.8254012994466822,-1.1774518807663796,0.30102892595806946,-2.139836206339033,0.3057866879409403,0.6381904533493548,3.6936530170907327,0.39230357846929,-0.3733558773411127,-0.4118076920149853,-1.4678652643576577,1.4547260135866722,-2.568551946227929,2.037569169761438,0.8990889975907164,1.351961398351634,0.48370409576040446,-0.23835688762438356,0.07834396332006964,-0.09823492148179788,-0.5314155737158955,3.490863916063172,2.6692116050309225,-0.33119344896640723,0.7665708236565889,-2.5827672033067546,0.6972153499058922,-0.8602290189861401,-2.1246956420125254,-2.16664552678495,1.9855121444916992,-0.9356529010413778,0.9691302465756771,1.629400725746053,-1.956495271043266,-4.349812799355519,0.5308829592513588,1.0826669673342315,0.3336629194546796,0.9581312023800507
1.2150262711363868,-0.5233521842573556,-1.040629910088544,0.0962957490714853,0.5479004000224359,-0.05236083866079811,0.01716716914692936,-0.05320843449510709,-0.5635225219180124,1.3272769684845802,-0.4408958573821077,0.4564592371397946,-0.26414591167251206,0.60717205651306,-0.16148493762344543,-0.6565986617879999,-0.8959864385476343,-0.8746817852097015,0.8990889975907164,0.6491202205691365,-0.40751930883080517,0.6213692382570047,0.29017691719851046,0.2660533734010578,0.36734889615518035,-1.4269064765689252,-0.08101768234427013,-0.04779825732636187,-0.44749520131464476,0.3313702156450082,-0.2574854331806521,0.4203164796956353,-0.7375241050367976,-0.897994310858211,0.8292303463980867,-0.011181758198856605,-0.2008462820092569,-0.08093206039500732,0.45703759284386686,0.8365003220153768,-1.5416302925933045,-0.2724301931072956,-0.07004763580968437,-0.3200689841988505,0.41415078370755454
-8.082426693571904,1.4338566731169027,2.1717258449431567,-0.8519760532890913,-0.5591891778763086,-4.324005421611308,-2.961547856753533,0.9481088498023494,-2.902114938829569,-4.713918960146508,3.42326728938297,7.251308751879889,2.0638994539924496,-3.4244403954789697,-0.2971699488832547,-0.9309562548862529,7.346336280062151,-2.831575362170516,1.351961398351634,-0.40751930883080517,5.047144802786794,-1.3953178234143235,-1.7808097119582889,-0.867196992048914,-1.8165952515292978,4.592968605955549,8.980922395257448,6.830794970396358,1.0801344018747456,0.5440580398932584,-5.337968542002436,-0.02916677529249783,0.9290814228056504,-1.5316609567862165,-8.804319558815902,4.90849135782755,-1.4810761769680345,2.749046166103623,2.0947794989002606,-8.319746732945536,-4.448853495228408,2.4229222332406484,2.9608191314440067,2.1610204647962,0.5993284105210697
2.7130386521250416,-0.7673190211705971,-1.3388213497878643,0.22349040046754884,0.6260584098400273,0.8564818936539229,0.6170577444135249,-0.2323752578154975,0.08704939810684259,2.100546587588491,-1.0909922524298832,-1.0989055535556131,-0.6515221635954683,1.219143322757261,-0.10103326941844884,-0.36597617534663957,-2.30034520147251,-0.1309321581046526,0.48370409576040446,0.6213692382570047,-1.3953178234143235,0.8335738175840505,0.6127646030875479,0.3908077591227305,0.7153489578383067,-2.172939253741684,-1.9190993756092753,-1.4597988587799382,-0.628146206035219,0.1674328114115114,0.8792571045884358,0.371568010209416,-0.8252923481089148,-0.4624248688462483,2.5290296040950837,-0.9971795533242578,0.1331552274728346,-0.6412119113885404,-0.018018233522979255,2.438208530128553,-0.383566764432153,-0.7235022216608792,-0.6702103213485561,-0.7252883663102576,0.2605471744740002
2.984783018466629,-0.6014007918554352,-0.9712947984937919,0.307924390030632,0.3152487278084636,1.430950426178786,0.993177591328894,-0.32904191705804775,0.8362188022916721,1.887046557261521,-1.2465203781328922,-2.312508776610269,-0.751272308496468,1.2862835377499082,0.06148931998241868,0.15553192261713367,-2.663677978734619,0.7373689459925037,-0.23835688762438356,0.29017691719851046,-1.7808097119582889,0.6127646030875479,0.6631953860715842,0.35277168863475444,0.6930268897231006,-1.870093828051043,-3.0166177522377016,-2.2912624823240724,-0.4658921112815133,-0.10284884129085708,1.7204474421987752,0.10858511965954148,-0.48396962062322907,0.2990575410751009,3.134540432480531,-1.641453448477624,0.4472718506869211,-0.9364695734776435,-0.5916318777003636,2.974507391851369,1.1200820648801022,-0.8730751401094622,-1.005472748254045,-0.7969433407706957,-0.10235376509557954
1.5617923238596616,-0.36199945079554313,-0.6389464296602474,0.16880858075933594,0.23364564392172604,0.6185729034786417,0.44594874236989185,-0.159449437680987,0.2675148884022148,1.1042619406538232,-0.6368642400009407,-0.9327846962935473,-0.3853707228052714,0.6933495390995381,0.003903425363852062,-0.0648779894499249,-1.3510460321840387,0.13694140472931454,0.07834396332006964,0.2660533734010578,-0.867196992048914,0.3908077591227305,0.35277168863475444,0.21558936183254285,0.37042530674229435,-1.1122495893690696,-1.3508663293196226,-1.0188420779246852,-0.2874945163989559,0.02287413747842405,0.7091484936240557,0.13022585502803216,-0.3613216887765348,-0.044838694887976926,1.5513582181761238,-0.7374172473897613,0.1576275631993097,-0.4283659264134839,-0.17833285405040541,1.4809838421460244,0.17787904589279743,-0.44432674142194284,-0.45902615613013625,-0.41463709759988815,0.0268915338230077
3.125916047800065,-0.699359591106927,-1.1181132437192387,0.27818855688135835,0.44323357574488276,1.404911436557814,0.9667917797366034,-0.32114665584338786,0.6970523775393063,2.052283968340788,-1.3005194731807332,-2.1871397440597065,-0.7781672624751542,1.3496889721710656,0.007415494271083823,0.0523532346476393,-2.7741388038164088,0.6212453163928371,-0.09823492148179788,0.36734889615518035,-1.8165952515292978,0.7153489578383067,0.6930268897231006,0.37042530674229435,0.7674147860320667,-2.0651253063192327,-2.96671967583367,-2.264718682572435,-0.5531019001125405,-0.05242567038385729,1.6437010591290624,0.17984369772635486,-0.5944596318755866,0.13911093452341358,3.208217198903539,-1.5827614094175777,0.4060148643023858,-0.936307042272125,-0.4813652040558618,3.055777333000891,0.872893969471948,-0.8885264541374652,-0.9963612957316829,-0.8384611905383,-8.605606983205842e-4
-8.339378058067316,2.0514447816072994,3.4882933713142585,-0.7802244801966696,-1.4414442741701627,-3.2321813884935393,-2.2860962304168004,0.8120077374310725,-1.1991296725311202,-5.93940839623946,3.4101228679651707,4.752215687701963,2.0468841177301065,-3.6884146390212336,0.08422738984152722,0.43545186708582767,7.22636405916997,-0.6787253974324995,-0.5314155737158955,-1.4269064765689252,4.592968605955549,-2.172939253741684,-1.870093828051043,-1.1122495893690696,-2.0651253063192327,6.034743688371477,7.02851593028363,5.331740483363062,1.640315604678758,-0.15629483671756994,-3.644124907937989,-0.7717356608394195,2.0153111928951586,0.41295724798125133,-8.212795370179945,3.7545782136224197,-0.778191403563314,2.2575444778235494,0.7763618273365653,-7.856911485237081,-0.7266141964757163,2.3277943367129597,2.3857347207257402,2.224851544646249,-0.2986972810556289
-13.775736624660945,2.081747137471867,2.931380410137899,-1.528503228243528,-0.4014702019267911,-8.125160416692122,-5.526410605030711,1.7230415737766138,-6.067725894196723,-7.376098084634677,5.907983449893891,14.048708617564365,3.569600597847455,-5.7457934830984065,-0.7584608993500704,-2.4465665090225994,12.733188392815197,-6.196886144771563,3.490863916063172,-0.08101768234427013,8.980922395257448,-1.9190993756092753,-3.0166177522377016,-1.3508663293196226,-2.96671967583367,7.02851593028363,16.692639171073683,12.698916075553413,1.506890859026022,1.3692450073397715,-10.251186414947275,0.4097408992225101,0.9315115818321358,-3.8456558218850083,-15.545429253424475,9.18703816629045,-2.987055664226384,5.041693706210601,4.435789010027333,-14.629066397422712,-9.960407715309465,4.241273312149587,5.4592694761142475,3.684281481777186,1.6015076285891918
-10.469522237406737,1.5853104737114276,2.219502267786273,-1.1485875899502263,-0.31493511860488865,-6.187960859593086,-4.2033337117949054,1.3063634677824214,-4.613151807130694,-5.592277453004554,4.492467556957966,10.693034791622663,2.712627507477869,-4.360465163005013,-0.5695652550921264,-1.8716196075947427,9.685899474888169,-4.738178425888517,2.6692116050309225,-0.04779825732636187,6.830794970396358,-1.4597988587799382,-2.2912624823240724,-1.0188420779246852,-2.264718682572435,5.331740483363062,12.698916075553413,9.666967857214415,1.1500755965819154,1.0462469155468546,-7.8014043668963575,0.3161399490805192,0.6990530379748735,-2.933054132539856,-11.819602224763551,6.98056070700387,-2.276700569629024,3.836769412371697,3.371952806787481,-11.123548649285533,-7.605010418714572,3.219340469492481,4.155528838479146,2.802092771664676,1.2105285591984423
-2.076659090627681,0.588437678286485,0.9992022128504069,-0.1571637418999961,-0.48148995671595246,-0.6796591288018947,-0.4798091355810293,0.17757151125645415,-0.08525155943817511,-1.5841824005038903,0.8401357015564646,0.8864567824674426,0.4996546822514964,-0.9278470929539456,0.08063399034530208,0.25341915861461645,1.7717278199877595,0.043929645815511315,-0.33119344896640723,-0.44749520131464476,1.0801344018747456,-0.628146206035219,-0.4658921112815133,-0.2874945163989559,-0.5531019001125405,1.640315604678758,1.506890859026022,1.1500755965819154,0.48028019275119704,-0.11192384145356687,-0.706710438486545,-0.2749910469922783,0.6148522651819383,0.32154316050597814,-1.9506845927369894,0.7750981557998078,-0.11331016000659629,0.5032364511874593,0.02858070939243461,-1.8797231957785743,0.2157755288975817,0.5530726208988986,0.5212469471677399,0.5565075112927064,-0.19390300729385754
-0.5249441930014244,-0.10281886830889402,-0.2996647153184511,-0.08483367775194584,0.26154332624911153,-0.7122703282562092,-0.45908990380387055,0.11951244631879436,-0.8141607937671361,0.07220247015811777,0.2665437991793579,1.4285812471602433,0.16305518930207702,-0.16839903762546887,-0.1534099003057542,-0.5510021591244687,0.6019051941415728,-0.9777051645597755,0.7665708236565889,0.3313702156450082,0.5440580398932584,0.1674328114115114,-0.10284884129085708,0.02287413747842405,-0.05242567038385729,-0.15629483671756994,1.3692450073397715,1.0462469155468546,-0.11192384145356687,0.28959152338108557,-1.002644506211785,0.25606026818629324,-0.3086960713388804,-0.7988872613515533,-0.8778338597932529,0.7753111256058259,-0.3576055286454944,0.38292382466307806,0.6193040593929998,-0.7959605779014147,-1.648806204197026,0.21738934028386542,0.4238863976181667,0.14208617207900165,0.3589683155276658
7.904499685135041,-1.0245179962680124,-1.3054111550094598,0.9059870620149164,-0.028659977291108342,5.0305038757487655,3.400318286595652,-1.03917489933246,4.019955613323987,3.910004288718727,-3.4272365160578397,-8.881148694243894,-2.0732088653434335,3.2516714770881583,0.5524216033251657,1.8229532643780904,-7.411676749338234,4.231155861761887,-2.5827672033067546,-0.2574854331806521,-5.337968542002436,0.8792571045884358,1.7204474421987752,0.7091484936240557,1.6437010591290624,-3.644124907937989,-10.251186414947275,-7.8014043668963575,-0.706710438486545,-1.002644506211785,6.443490274841423,-0.4563527336314429,-0.2187046988250207,2.8057882819736624,9.181922825449274,-5.664837555449419,1.9377197303380123,-3.0673514673693556,-2.9610251625931068,8.612690585223545,6.876454961534075,-2.4860939679670677,-3.330922675789262,-2.1151146837476587,-1.1956919089631066
0.4411698607099858,-0.31520245111745016,-0.6170186125069965,-0.001989796012386641,0.3877200615471045,-0.25738653525743754,-0.15203478533423237,0.016469774297042414,-0.5707121523559,0.6875811966546969,-0.13971496284672583,0.7028620147719331,-0.07926321782403374,0.24865337341693294,-0.1464178024081371,-0.5093400435367464,-0.26094214483219763,-0.7371253778264856,0.6972153499058922,0.4203164796956353,-0.02916677529249783,0.371568010209416,0.10858511965954148,0.13022585502803216,0.17984369772635486,-0.7717356608394195,0.4097408992225101,0.3161399490805192,-0.2749910469922783,0.25606026818629324,-0.4563527336314429,0.3025338418057618,-0.4773442116614085,-0.7188665534680333,0.13014985533162962,0.26473262818902377,-0.2224753795979453,0.08114800811175767,0.4476637978486428,0.16212517852710343,-1.3047230518988495,-0.06147783369947802,0.1107892766240662,-0.11644835867377587,0.3408534637842364
-2.1079554629462285,0.7383474409192704,1.3506845996864805,-0.15638925112585625,-0.6946963766964223,-0.3520968037406045,-0.28423214391402796,0.14239135759023447,0.37837098447227024,-1.9075146901836397,0.816967155070448,0.16952481986609658,0.48622453577112634,-0.9917144656001551,0.1709391978852428,0.6373172119038989,1.6931441319517555,0.6712789981284748,-0.8602290189861401,-0.7375241050367976,0.9290814228056504,-0.8252923481089148,-0.48396962062322907,-0.3613216887765348,-0.5944596318755866,2.0153111928951586,0.9315115818321358,0.6990530379748735,0.6148522651819383,-0.3086960713388804,-0.2187046988250207,-0.4773442116614085,0.9104726177419384,0.8575932365257585,-1.7468315870990128,0.45198220370970943,0.08839070240399378,0.35283327271818204,-0.3289778539928492,-1.7113846552604017,1.2737763794942694,0.5233774719811223,0.3471266198827353,0.5604036602042489,-0.42268355055929013
1.4950165844177818,0.3007132314613704,0.8138676410299638,0.2684072119979079,-0.7558733955605585,1.9943524171751659,1.3012142731395,-0.34154386612125587,2.2985312127827378,-0.17087303753321112,-0.7502016817609389,-4.0053473459125115,-0.463089840986469,0.48686537682496056,0.44589353059001846,1.5306985753342317,-1.697542326955896,2.6962097751789367,-2.1246956420125254,-0.897994310858211,-1.5316609567862165,-0.4624248688462483,0.2990575410751009,-0.044838694887976926,0.13911093452341358,0.41295724798125133,-3.8456558218850083,-2.933054132539856,0.32154316050597814,-0.7988872613515533,2.8057882819736624,-0.7188665534680333,0.8575932365257585,2.2299623710945795,2.478952644855811,-2.1960072451336736,1.004547124630928,-1.0714832174869429,-1.7469246199771271,2.2475029024724376,4.5808570996549545,-0.6209444000057479,-1.1995780685462312,-0.4026178004460936,-1.0175279743869876
14.206168784115302,-2.5771053157180805,-3.952439567832742,1.4945207691112175,1.0672982724817444,7.465890582049489,5.124587209454407,-1.6505108373618071,4.913684146893371,8.404223231999127,-6.002650459487709,-12.4526696592369,-3.619093297602164,6.037771767639194,0.4853694708805541,1.4846298558268065,-12.871396756784856,4.72746923886035,-2.16664552678495,0.8292303463980867,-8.804319558815902,2.5290296040950837,3.134540432480531,1.5513582181761238,3.208217198903539,-8.212795370179945,-15.545429253424475,-11.819602224763551,-1.9506845927369894,-0.8778338597932529,9.181922825449274,0.13014985533162962,-1.7468315870990128,2.478952644855811,15.381483630971301,-8.492017278976721,2.522523547638209,-4.768641376616567,-3.5374715923547853,14.544638092528189,7.398481910260256,-4.242483148750893,-5.132439467316021,-3.7969591912455223,-0.9607618059092978
-7.485210418723237,1.083213112003534,1.5340421423387498,-0.865173438218771,-0.14104531098046097,-4.470541977211699,-3.050579370659293,0.951868271787803,-3.4115713581836475,-3.96412261362577,3.211593067999661,7.7766941576428,1.9450095683128363,-3.12145989893899,-0.45160653586533916,-1.3951600672437297,6.925938463747898,-3.449734764135504,1.9855121444916992,-0.011181758198856605,4.90849135782755,-0.9971795533242578,-1.641453448477624,-0.7374172473897613,-1.5827614094175777,3.7545782136224197,9.18703816629045,6.98056070700387,0.7750981557998078,0.7753111256058259,-5.664837555449419,0.26473262818902377,0.45198220370970943,-2.1960072451336736,-8.492017278976721,5.07982537224116,-1.662003080070288,2.7650936758470412,2.4985569725916936,-7.984432711598506,-5.588513834131987,2.3218353726160568,3.0029319000251844,1.9990478023876919,0.9393906463748833
2.070156480735657,-0.18749241499252609,-0.1757405819670236,0.2526369331706905,-0.12658487334878096,1.4853445936686458,0.9979460652090952,-0.2940489725900271,1.298242329429887,0.8774536914986298,-0.9130627763091078,-2.695915360643899,-0.5539589629286534,0.8287777786448143,0.1984835152132066,0.6668351400361971,-1.9899085621463346,1.408738309585414,-0.9356529010413778,-0.2008462820092569,-1.4810761769680345,0.1331552274728346,0.4472718506869211,0.1576275631993097,0.4060148643023858,-0.778191403563314,-2.987055664226384,-2.276700569629024,-0.11331016000659629,-0.3576055286454944,1.9377197303380123,-0.2224753795979453,0.08839070240399378,1.004547124630928,2.522523547638209,-1.662003080070288,0.6114567466821821,-0.8808706526561901,-0.9641069764005494,2.3540634211913,2.32314793973862,-0.6735490532978027,-0.9670681617344391,-0.5550908213313922,-0.4361718524192059
-4.272451042974315,0.6850030351553312,0.9828537158512627,-0.46061842622846233,-0.18491508245124672,-2.4475501367032453,-1.665256591583916,0.5226591219387674,-1.7678443403526243,-2.349760304298148,1.8262404665732173,4.191700169649443,1.101822629657662,-1.7897046956839715,-0.20678403005973892,-0.6760159885724014,3.930414509658522,-1.7949549780212313,0.9691302465756771,-0.08093206039500732,2.749046166103623,-0.6412119113885404,-0.9364695734776435,-0.4283659264134839,-0.936307042272125,2.2575444778235494,5.041693706210601,3.836769412371697,0.5032364511874593,0.38292382466307806,-3.0673514673693556,0.08114800811175767,0.35283327271818204,-1.0714832174869429,-4.768641376616567,2.7650936758470412,-0.8808706526561901,1.5298147116416252,1.2878537134430477,-4.49368321022845,-2.8616283022728086,1.3029971621932581,1.6518990001211051,1.143086611210018,0.4360170440996819
-2.757315555878469,0.11967449943030112,-0.01751640287676491,-0.38296291369938684,0.37354308542443854,-2.218906226566658,-1.489497795486242,0.43310452703928054,-2.1126512822102588,-0.9626464936352,1.2374711505620022,4.147482239154093,0.7560155698110569,-1.0818505138535541,-0.3615798675375296,-1.165394476973154,2.710345190045305,-2.30377586810937,1.629400725746053,0.45703759284386686,2.0947794989002606,-0.018018233522979255,-0.5916318777003636,-0.17833285405040541,-0.4813652040558618,0.7763618273365653,4.435789010027333,3.371952806787481,0.02858070939243461,0.6193040593929998,-2.9610251625931068,0.4476637978486428,-0.3289778539928492,-1.7469246199771271,-3.5374715923547853,2.4985569725916936,-0.9641069764005494,1.2878537134430477,1.5807783646464946,-3.281454904569408,-3.8584727191269943,0.941400573869929,1.421012464856991,0.7366964017968284,0.7901666520313104
13.475060816917837,-2.476222967727136,-3.813293817702061,1.408726002249358,1.0613540765985143,7.019135588836588,4.820231834740452,-1.5559238129361948,4.565018479487367,8.0257899855339,-5.687932862336386,-11.669984870572504,-3.4283694821080775,5.733877925435252,0.4376200482983669,1.336726239271084,-12.19224719863516,4.371978975458442,-1.956495271043266,0.8365003220153768,-8.319746732945536,2.438208530128553,2.974507391851369,1.4809838421460244,3.055777333000891,-7.856911485237081,-14.629066397422712,-11.123548649285533,-1.8797231957785743,-0.7959605779014147,8.612690585223545,0.16212517852710343,-1.7113846552604017,2.2475029024724376,14.544638092528189,-7.984432711598506,2.3540634211913,-4.49368321022845,-3.281454904569408,13.758654194787956,6.820357932690431,-4.013980910634825,-4.833795687804946,-3.6017749624650013,-0.8606783732751497
5.360450090186823,0.061682053053994185,0.7959892656848779,0.7258499356850431,-1.1584200019692485,5.070890376071871,3.3358349850211813,-0.922887373769632,5.12483555878256,1.195991266433417,-2.4915911418326893,-9.692218699148905,-1.516165533151592,1.9905276982698124,0.8861240341472584,3.1184757538931356,-5.5101536818179,5.909677710138103,-4.349812799355519,-1.5416302925933045,-4.448853495228408,-0.383566764432153,1.1200820648801022,0.17787904589279743,0.872893969471948,-0.7266141964757163,-9.960407715309465,-7.605010418714572,0.2157755288975817,-1.648806204197026,6.876454961534075,-1.3047230518988495,1.2737763794942694,4.5808570996549545,7.398481910260256,-5.588513834131987,2.32314793973862,-2.8616283022728086,-3.8584727191269943,6.820357932690431,9.876390974941101,-1.9110028927741378,-3.1584455851452438,-1.44335587234905,-2.027664127914694
-3.946108746537822,0.7292109483180705,1.1424149135314123,-0.4238567475451324,-0.3130838315174588,-2.026935616201318,-1.398731062941916,0.4561176649107325,-1.3110786215774408,-2.377539762915115,1.6614844965841058,3.3649521821789,1.0030327115302102,-1.686699418051384,-0.12937694190686053,-0.3608803702058162,3.5576942083747873,-1.221948421212961,0.5308829592513588,-0.2724301931072956,2.4229222332406484,-0.7235022216608792,-0.8730751401094622,-0.44432674142194284,-0.8885264541374652,2.3277943367129597,4.241273312149587,3.219340469492481,0.5530726208988986,0.21738934028386542,-2.4860939679670677,-0.06147783369947802,0.5233774719811223,-0.6209444000057479,-4.242483148750893,2.3218353726160568,-0.6735490532978027,1.3029971621932581,0.941400573869929,-4.013980910634825,-1.9110028927741378,1.1766166530943325,1.4013183172874348,1.052914350165162,0.2452424923582611
-4.578709212466262,0.7099455412064103,1.027273025893586,-0.5060469329318145,-0.16550799546051287,-2.654821992260085,-1.8112151901948579,0.5649696939551934,-1.9490525926782085,-2.4920060162486606,1.9575025091462572,4.562816011434627,1.1828693238385464,-1.9127965095632105,-0.23736859596469895,-0.7592171103811916,4.220184705699672,-1.9682611369832899,1.0826669673342315,-0.07004763580968437,2.9608191314440067,-0.6702103213485561,-1.005472748254045,-0.45902615613013625,-0.9963612957316829,2.3857347207257402,5.4592694761142475,4.155528838479146,0.5212469471677399,0.4238863976181667,-3.330922675789262,0.1107892766240662,0.3471266198827353,-1.1995780685462312,-5.132439467316021,3.0029319000251844,-0.9670681617344391,1.6518990001211051,1.421012464856991,-4.833795687804946,-3.1584455851452438,1.4013183172874348,1.7944170360071894,1.2252354273620936,0.49373786507279716
-3.5975094708457895,0.719863545189067,1.140958574004102,-0.36166034655220974,-0.3738650751152339,-1.7543901068494896,-1.210399051345648,0.3975652771637498,-1.03833194244887,-2.246511247947145,1.5070733647672,2.845897551752719,0.9068740535807923,-1.5442931540128824,-0.07508517554042433,-0.2203112721741309,3.2223576716730995,-0.9508668054022306,0.3336629194546796,-0.3200689841988505,2.1610204647962,-0.7252883663102576,-0.7969433407706957,-0.41463709759988815,-0.8384611905383,2.224851544646249,3.684281481777186,2.802092771664676,0.5565075112927064,0.14208617207900165,-2.1151146837476587,-0.11644835867377587,0.5604036602042489,-0.4026178004460936,-3.7969591912455223,1.9990478023876919,-0.5550908213313922,1.143086611210018,0.7366964017968284,-3.6017749624650013,-1.44335587234905,1.052914350165162,1.2252354273620936,0.9617906914098633,0.13507759135366468
-0.514198207576396,-0.19191626262132525,-0.4303018899973635,-0.1363500692363765,0.401941854288946,-0.8276086074039396,-0.5487649503235218,0.14664164991230136,-1.0352266934911651,0.17743171181624376,0.2685202760241891,1.7171804404073283,0.17099764420510863,-0.15846280017035524,-0.22285321082175014,-0.691481001760154,0.6140586693848185,-1.169589769535523,0.9581312023800507,0.41415078370755454,0.5993284105210697,0.2605471744740002,-0.10235376509557954,0.0268915338230077,-8.605606983205842e-4,-0.2986972810556289,1.6015076285891918,1.2105285591984423,-0.19390300729385754,0.3589683155276658,-1.1956919089631066,0.3408534637842364,-0.42268355055929013,-1.0175279743869876,-0.9607618059092978,0.9393906463748833,-0.4361718524192059,0.4360170440996819,0.7901666520313104,-0.8606783732751497,-2.027664127914694,0.2452424923582611,0.49373786507279716,0.13507759135366468,0.4893185751896375
