V1,V2,V3,V4,V5,V6,V7,V8,V9,V10,V11,V12,V13,V14,V15,V16,V17,V18,V19,V20,V21,V22,V23,V24,V25,V26,V27,V28,V29,V30,V31,V32,V33,V34,V35,V36,V37,V38,V39,V40,V41,V42,V43,V44,V45
1.0615148047580714,0.2655212056884472,0.7736666580390545,1.1566536752357892,-1.0060592614225095,0.6791565279505338,0.9023459100394373,0.016613054105279405,-0.4423729362161205,0.6558076761634657,-0.8250478573002075,-0.21933594863270595,-1.2652301312796688,-0.7460911103628478,-0.5144725454263044,0.2579768868234195,2.0099182396665407,0.2978230252428818,0.16730950753761417,0.4305593337280356,0.7142652627592752,0.30838697247373864,-1.6498629068120403,0.45417589727190777,0.6209315858717304,0.371968907221076,0.09698619323184587,-0.6941524655055006,-1.0857771549708726,-1.2839987912748294,-0.4412699192826718,-0.186151019346231,-1.0318569146991095,-0.7968594344274993,-1.4288462194893332,1.2200784550736754,1.202736446341601,-0.9865974335752485,1.4048503592862127,0.5334185725546889,-1.0232230043767456,0.013006072629377259,-0.6496820117793854,-0.23512674681749088,-1.2466951524480894
0.2655212056884472,0.1881603838636541,0.0018839093680898206,0.3252669477582635,-0.2655356801708946,-0.09161697696768958,0.15903496939420061,-0.2727495002557519,-0.14830788023475466,-0.18431702607275036,-0.15293136255820672,0.25123536236156296,-0.3732694018604047,-0.14318404433715345,-0.26483617731398035,0.31065857078215536,0.5803654241334103,-0.054880991563858,0.0014631234085022715,0.24375652284240168,0.5231131154897308,0.14717614224473957,-0.3213029094935258,0.11584417332804597,0.08798353778167098,0.08849223075856427,-0.03996705163369773,0.05388197430178789,-0.15757901595714985,-0.3446761880404707,0.0719135556439313,0.09284060765129708,-0.3329127353457659,-0.14285521900227954,-0.468005874821827,0.46432253323729583,0.3525275777634062,-0.051363560897170785,0.5205906569406336,0.1533959790090026,-0.3604951529883865,0.011621700334630395,-0.28147320195562087,-0.1984260482278582,-0.13411135314383782
0.7736666580390545,0.0018839093680898206,2.9169047986434538,1.230375251257629,-1.5340171941909673,0.8938046287716883,2.780160494934517,1.1243060085127523,-1.0968208609437498,2.19865855489983,-0.7681729188440551,-0.8734782607945735,-0.2769849205914492,0.4573935766470855,0.6617656493596034,-0.6554282401287667,1.706608913939709,-0.6805621734402306,1.1404269397039057,-1.0807504195758855,-1.279978858549852,1.4285053975078184,-2.4243918748755453,1.1415934546018232,0.35700191651317764,-0.7891774124341615,-1.8058831653297742,-0.3244653313739412,-0.40386935950913555,-1.9684532334603206,-2.010393581787869,-0.44377976972270133,0.40784028501352443,-1.4278556192572847,-1.2131095080303351,1.6420552854158983,1.3182823041849185,-0.8643432905565253,-0.036090619640728926,-0.8047922992071748,1.079590585075482,0.5820069107496679,0.6911021748397637,0.43553919236677063,-1.9115258002211168
1.1566536752357892,0.3252669477582635,1.230375251257629,1.381493562048935,-1.2873966908718502,0.704703697192503,1.3924148415909923,0.07876873566879683,-0.6634167963046311,0.863092025925892,-0.9126725572407762,-0.2029672832184524,-1.2661450720351433,-0.5834583281957978,-0.4238681346495411,0.2639017594754505,2.3230979894807926,0.06608474292321703,0.3783193608421092,0.2931691998919577,0.6089757778154021,0.6378301529981507,-2.007266963775421,0.6693400335671637,0.6382407147607057,0.19839661967197625,-0.3415432822068011,-0.5999050277887273,-1.044838850457777,-1.6435690611528286,-0.7329424368327787,-0.18049295235931023,-0.9489534744611895,-1.0165170980436238,-1.6905736438489094,1.6008494609255912,1.447828816413531,-0.9858415305066736,1.4090163064356516,0.3464634269801705,-0.8099848339374806,0.1354611715761422,-0.5353183487319919,-0.21929589910278666,-1.4712553501188324
-1.0060592614225095,-0.2655356801708946,-1.5340171941909673,-1.2873966908718502,1.293593841888323,-0.6395708594962786,-1.6528576216331647,-0.2508175745010358,0.7535302805152169,-1.04960098958282,0.8170384599169587,0.2664247013648234,0.9753766003908828,0.28369277461410525,0.17318519023756143,-0.0942785472841488,-2.0808489388356364,0.15911939652777973,-0.5374559764847685,0.02430488686266997,-0.21303745857874157,-0.8258528186460844,1.9898909592286287,-0.7551670567014543,-0.5167634954385725,0.057996763824063935,0.7092869138711713,0.4342814680578546,0.8025801715129943,1.6580095043757284,0.9609638842336615,0.19558984800158447,0.5882605069158889,1.0542538061616082,1.5239481406797242,-1.5825084002271765,-1.3616017621306395,0.8511057977368762,-1.0341036745078296,-0.05099198215541013,0.33349016511548063,-0.2406294300424981,0.23930679808629954,0.08563918114860797,1.4588097972000855
0.6791565279505338,-0.09161697696768958,0.8938046287716883,0.704703697192503,-0.6395708594962786,1.1396466601373287,0.6846943950863781,0.5866804764475619,-0.16783311062672834,1.1532553909607737,-0.6792449480888314,-0.8070309504249633,-0.6607694260800944,-0.6254015381536747,-0.04336666114163359,-0.3350219956263145,1.2163923241138683,0.5369373233050995,0.1914777761586558,0.11418033940401431,-0.2706147511117593,0.02885647351403916,-1.2577533979051911,0.27184243242397366,0.6227268219028473,0.3366491081887345,0.2119908246421,-1.0247060098221608,-1.0031523248417589,-0.7898816665643845,-0.672589705899515,-0.4175798666429118,-0.5958599805930143,-0.63028033226258,-0.7575263534500283,0.4556091159210244,0.6827348035426004,-1.0655695471487088,0.5419412211008616,0.3424134731683777,-0.5176673411355558,-0.04196658455112672,-0.17772421712386444,0.1322835671702256,-1.205288611292011
0.9023459100394373,0.15903496939420061,2.780160494934517,1.3924148415909923,-1.6528576216331647,0.6846943950863781,2.792437882787948,0.8324067762631134,-1.181478168459026,1.9021465499150507,-0.8059774172906093,-0.5791432278457581,-0.50212160946104,0.40156603717117373,0.4468070253321769,-0.3690272791983453,2.0074674580404963,-0.7677967944930612,1.102768567821031,-0.8904586614405872,-0.8196040808501427,1.5181716423384841,-2.5118565037755576,1.186737382406162,0.35324960517727466,-0.7442971366177908,-1.8276845241674453,-0.16948355960331582,-0.4187911305194563,-2.129142225757968,-1.8522624311372937,-0.32177719330619425,0.20326643147789963,-1.4537834445823559,-1.4808008042455019,1.9332758217135644,1.5039976650960845,-0.7843462548139952,0.32150927644342003,-0.7055669937836596,0.8327107602838651,0.5861030465606114,0.4763735466218667,0.26070386138503965,-1.8641673971640726
0.016613054105279405,-0.2727495002557519,1.1243060085127523,0.07876873566879683,-0.2508175745010358,0.5866804764475619,0.8324067762631134,0.8558160331617001,-0.19748248657339218,1.190410247550804,-0.15794669385533303,-0.7766214092039734,0.28880973402315346,0.24708645180894612,0.5723634412316575,-0.7079212587535783,-0.03494786083440657,-0.07188851769273935,0.40910024025904573,-0.7035419279906397,-1.1880006865215877,0.27913234792559116,-0.5865959911130081,0.2715261387574707,0.08878382488555867,-0.34445976467698297,-0.5039399180499452,-0.3416865355637226,-0.08252029533470778,-0.31342498888260983,-0.8832520036279207,-0.3494837602885902,0.506989842073672,-0.3899170275324308,0.12388968983570439,-0.014932997593847842,0.07098895755370116,-0.4045809306027583,-0.6255883402925654,-0.42494674514139225,0.7781573423188544,0.1784632045091629,0.583435963752719,0.4419043949334259,-0.6582634219959289
-0.4423729362161205,-0.14830788023475466,-1.0968208609437498,-0.6634167963046311,0.7535302805152169,-0.16783311062672834,-1.181478168459026,-0.19748248657339218,0.5433060296337002,-0.6431304796943372,0.35341164974578443,0.08657209340679015,0.3240276353257352,-0.1466429218353096,-0.0791022525047402,0.00857325625132489,-0.988622524446597,0.37352871305706553,-0.44428717766279063,0.28506088627411436,0.1077712317783662,-0.6869234568046569,1.096767296282167,-0.5220598069094787,-0.13916872775351663,0.2964869119785268,0.7833882910361644,-0.01845589817361439,0.17596185421409016,0.9767263469959278,0.6952488287381468,0.0706661726240346,0.011478052248816805,0.6228115204582356,0.7532918400805568,-0.9610182511155039,-0.7239074898312063,0.2830489909565861,-0.3162457978689264,0.24973858379611785,-0.23064760753146826,-0.24976471466514386,-0.09261526565900766,-0.02118536995868153,0.7537643364993726
0.6558076761634657,-0.18431702607275036,2.19865855489983,0.863092025925892,-1.04960098958282,1.1532553909607737,1.9021465499150507,1.190410247550804,-0.6431304796943372,2.0729556235777826,-0.7080347129781863,-1.1438712447082169,-0.30330939587422495,0.02830515058041599,0.5419601086747554,-0.8069323557993365,1.2223071705302224,-0.07850552295382779,0.7644692158294263,-0.80427175658199,-1.2640557311821614,0.7411833579754434,-1.895837478231152,0.7396309279033707,0.4570205891011023,-0.37153461513207764,-0.8858726825641381,-0.7672877891604717,-0.6698849923308573,-1.3349248919264416,-1.595001080152389,-0.5650692738145695,0.1770692671158162,-1.0868798293934003,-0.7590378972509755,0.8699982626024996,0.8923940604707168,-1.0754535347245333,-0.07028899493847622,-0.39390703623764944,0.6205588792667238,0.32035273853964263,0.49805148647772585,0.47641028688400333,-1.690475508510862
-0.8250478573002075,-0.15293136255820672,-0.7681729188440551,-0.9126725572407762,0.8170384599169587,-0.6792449480888314,-0.8059774172906093,-0.15794669385533303,0.35341164974578443,-0.7080347129781863,0.6776881285349299,0.3169127000680624,0.9282136928573049,0.5682640112381603,0.3073329713047591,-0.08071805131012667,-1.5684884135960366,-0.2598379257922536,-0.1872246552970458,-0.2592341331302636,-0.35432586077894235,-0.25941816569087894,1.3691952059460006,-0.38253062659264725,-0.5246043197755051,-0.2693390220799412,-0.023728033123792652,0.6405148377693389,0.8866424057489243,1.0374314253819563,0.4814651096844039,0.20931474766504263,0.7503882714323463,0.6757227937038809,1.097434744852291,-0.9248782542165066,-0.9403181128896453,0.8495689840604133,-0.9860408219361887,-0.36848159056047153,0.7023648293380096,-0.02259206100419444,0.41626688131949985,0.10962585715069825,1.0840742421695455
-0.21933594863270595,0.25123536236156296,-0.8734782607945735,-0.2029672832184524,0.2664247013648234,-0.8070309504249633,-0.5791432278457581,-0.7766214092039734,0.08657209340679015,-1.1438712447082169,0.3169127000680624,0.8440575899876571,0.05458838766543573,0.1459473650592763,-0.327968524421486,0.6139291903675903,-0.26907325638203056,-0.26489476318416466,-0.24450708641727248,0.37604304807672906,0.860789281802924,-0.03463175276509568,0.6917844963697072,-0.17993684675960572,-0.28135195543927916,0.026654075280909687,0.0415270439715214,0.6612713754249532,0.4503064183523062,0.3246233913214108,0.7088988746613151,0.39907976130446376,-0.0862471457018854,0.39182221172335496,0.06220606495137668,0.033451781854448505,-0.1798890886657251,0.6771361889787093,0.22585068442204545,0.06990863989562511,-0.23464179376814304,-0.04750652931111931,-0.273959536259124,-0.34345597901495206,0.7872600907535389
-1.2652301312796688,-0.3732694018604047,-0.2769849205914492,-1.2661450720351433,0.9753766003908828,-0.6607694260800944,-0.50212160946104,0.28880973402315346,0.3240276353257352,-0.30330939587422495,0.9282136928573049,0.05458838766543573,1.6919571363728128,1.148556091302258,0.8996334067789272,-0.5410479520601641,-2.312539391321031,-0.5789741445719462,0.07878099976283945,-0.8710775564611853,-1.351808287395898,-0.04597972161964572,1.6283164603422389,-0.3238879456614931,-0.7468118253963318,-0.7129264078235176,-0.621701929264522,0.8488517185454748,1.3813627524318512,1.2441002801738221,0.0597523682505468,0.13293191839140261,1.5280846761120983,0.7168608322686078,1.6433850628937665,-1.2515687001361202,-1.3102411792093709,1.1255002152970037,-1.9674995088627518,-0.9515430238913025,1.701429745486034,0.13236240068026714,1.0924747321528432,0.4479607286332888,1.2001353060196789
-0.7460911103628478,-0.14318404433715345,0.4573935766470855,-0.5834583281957978,0.28369277461410525,-0.6254015381536747,0.40156603717117373,0.24708645180894612,-0.1466429218353096,0.02830515058041599,0.5682640112381603,0.1459473650592763,1.148556091302258,1.1137400741867391,0.7421204245292387,-0.3396084296205583,-1.2284385648105187,-0.8506428950389247,0.3646996503049774,-0.9106600800207822,-1.0366324236982516,0.4966103907433446,0.6345535580062031,0.10913589088433026,-0.5921065140524616,-0.8472203970985872,-1.1222160892154782,0.8801657079103364,1.1197348587959173,0.3454010646400197,-0.35325488485788803,0.1343629469362688,1.271950417196464,0.18633719480923108,0.8121823056009708,-0.28525523350986687,-0.5633059393703133,0.8525795970704919,-1.3414607581804805,-0.9861917234277338,1.573711253909577,0.30910770294894807,0.9275436165940785,0.32189255056743493,0.5730505233832095
-0.5144725454263044,-0.26483617731398035,0.6617656493596034,-0.4238681346495411,0.17318519023756143,-0.04336666114163359,0.4468070253321769,0.5723634412316575,-0.0791022525047402,0.5419601086747554,0.3073329713047591,-0.327968524421486,0.8996334067789272,0.7421204245292387,0.7320079878246176,-0.5842015286814793,-0.9164918258863871,-0.44073483013127757,0.34675141304949125,-0.8361320872078095,-1.2358837536852239,0.2992765823308186,0.2646608170605969,0.10344163016940525,-0.307672502435978,-0.6038151271463795,-0.7678423414362264,0.29910957225408885,0.6260669334095668,0.21818302477406165,-0.5516443650125313,-0.10156931861233187,1.0025996766420224,0.018714547449049553,0.6787938683946996,-0.36745213818493905,-0.4316450832453461,0.3242327702621457,-1.1879156741194175,-0.7465753387429063,1.2790445936852908,0.21844283907097722,0.8400528161011165,0.42657994489927176,0.11520489800109661
0.2579768868234195,0.31065857078215536,-0.6554282401287667,0.2639017594754505,-0.0942785472841488,-0.3350219956263145,-0.3690272791983453,-0.7079212587535783,0.00857325625132489,-0.8069323557993365,-0.08071805131012667,0.6139291903675903,-0.5410479520601641,-0.3396084296205583,-0.5842015286814793,0.6675443011562863,0.5829828599972309,0.06508700849943024,-0.25240889820058243,0.6656480838397094,1.1504687990620857,-0.07765687442278826,0.022321824209255943,-0.06714363353540556,0.07438519881964012,0.33305399662585616,0.333163716162502,0.15549613725555889,-0.16929106875405656,-0.12351732080210227,0.5712889134240073,0.25668927198470415,-0.649958753385887,0.08889775106996889,-0.509276108082904,0.39949507216009683,0.2858017282621854,0.11766236451424025,0.8594593197966578,0.43401665374136483,-0.8425446037491588,-0.11384958291367381,-0.6181347813321583,-0.4296281006281352,0.21268267479595895
2.0099182396665407,0.5803654241334103,1.706608913939709,2.3230979894807926,-2.0808489388356364,1.2163923241138683,2.0074674580404963,-0.03494786083440657,-0.988622524446597,1.2223071705302224,-1.5684884135960366,-0.26907325638203056,-2.312539391321031,-1.2284385648105187,-0.9164918258863871,0.5829828599972309,3.989072588020398,0.3281153582561203,0.46305248342607414,0.7790498826781562,1.3519747621176292,0.8547816484147701,-3.265234015214933,0.9999934620477836,1.1524830862541091,0.5690609274750429,-0.20861742962791,-1.134898841131912,-1.9238554709237268,-2.6526055833322992,-0.9732637272973302,-0.27879189971926294,-1.8791124101834915,-1.6097946988113734,-2.895295905832759,2.605850336938359,2.4223696130239936,-1.7236369936574052,2.627957132509583,0.841741701791251,-1.7629649128162808,0.11463430871164863,-1.1407633543580311,-0.47653935880798687,-2.3960860040617056
0.2978230252428818,-0.054880991563858,-0.6805621734402306,0.06608474292321703,0.15911939652777973,0.5369373233050995,-0.7677967944930612,-0.07188851769273935,0.37352871305706553,-0.07850552295382779,-0.2598379257922536,-0.26489476318416466,-0.5789741445719462,-0.8506428950389247,-0.44073483013127757,0.06508700849943024,0.3281153582561203,0.841137768440065,-0.4215285687524895,0.6613063405239201,0.5120680358275405,-0.6969072036956655,0.011546808636680625,-0.31639885830598447,0.3874560968991454,0.7179985003433309,1.1569073014925042,-0.7642369803996146,-0.7572702719310319,0.2234263836714521,0.43228636160238265,-0.1527685035488468,-0.8081436015938045,0.12095086883485753,-0.13322843689229083,-0.35535234009603855,0.013200740752039539,-0.578541558914843,0.6423086010503427,0.7695939266489383,-1.1019117234141882,-0.33406951198181434,-0.5849056769117801,-0.1297291351449559,-0.16495442009746195
0.16730950753761417,0.0014631234085022715,1.1404269397039057,0.3783193608421092,-0.5374559764847685,0.1914777761586558,1.102768567821031,0.40910024025904573,-0.44428717766279063,0.7644692158294263,-0.1872246552970458,-0.24450708641727248,0.07878099976283945,0.3646996503049774,0.34675141304949125,-0.25240889820058243,0.46305248342607414,-0.4215285687524895,0.48445335135156115,-0.5233809436989548,-0.5873718114374583,0.6367483877117736,-0.7922852371948753,0.4496436302424662,0.028476539252080612,-0.4347237063550535,-0.8840626024454638,0.0640724006672127,0.05361397308408831,-0.6925998340812048,-0.7828046710653682,-0.11681859765886031,0.3450059921457021,-0.4972654055555572,-0.35164361573400793,0.6071539919057246,0.41663847003077936,-0.14495106078172515,-0.20426833591196733,-0.4627858672679076,0.6447051173423668,0.2714480641996012,0.3916629424234739,0.18884267356423526,-0.5926696084702452
0.4305593337280356,0.24375652284240168,-1.0807504195758855,0.2931691998919577,0.02430488686266997,0.11418033940401431,-0.8904586614405872,-0.7035419279906397,0.28506088627411436,-0.80427175658199,-0.2592341331302636,0.37604304807672906,-0.8710775564611853,-0.9106600800207822,-0.8361320872078095,0.6656480838397094,0.7790498826781562,0.6613063405239201,-0.5233809436989548,1.1140506113771864,1.4025645404487548,-0.5615827878174389,0.04363123281010384,-0.28880377995088213,0.36171584500981874,0.8307674149158584,1.105141559982499,-0.4141184326237518,-0.6900159639252071,0.049411438193183124,0.8247120843327753,0.1318704597957097,-1.179442294923453,0.17332660769778413,-0.5761459875700603,0.11543240538150808,0.26865851968883503,-0.28598173996152326,1.2161278443803964,0.9380798033383722,-1.5535819073520458,-0.3456060882941763,-0.9692637377513141,-0.48844545803286515,0.08401881217606054
0.7142652627592752,0.5231131154897308,-1.279978858549852,0.6089757778154021,-0.21303745857874157,-0.2706147511117593,-0.8196040808501427,-1.1880006865215877,0.1077712317783662,-1.2640557311821614,-0.35432586077894235,0.860789281802924,-1.351808287395898,-1.0366324236982516,-1.2358837536852239,1.1504687990620857,1.3519747621176292,0.5120680358275405,-0.5873718114374583,1.4025645404487548,2.2274506749127445,-0.4004638930941663,-0.19098135205049652,-0.1876366922818256,0.3533473356909454,0.8948669867004747,1.0963756442811268,-0.15696684578083206,-0.7577739250399109,-0.27597888677544014,1.0786020772067813,0.3237665912666984,-1.5482136829663464,0.08842663513261781,-1.0650923676193147,0.6567940322169428,0.6356240282770647,-0.21090760922413243,1.9111543147922965,1.1296813351268622,-2.0058550981197993,-0.3279380855525354,-1.3735725153632585,-0.791091871577317,0.10656639003447717
0.30838697247373864,0.14717614224473957,1.4285053975078184,0.6378301529981507,-0.8258528186460844,0.02885647351403916,1.5181716423384841,0.27913234792559116,-0.6869234568046569,0.7411833579754434,-0.25941816569087894,-0.03463175276509568,-0.04597972161964572,0.4966103907433446,0.2992765823308186,-0.07765687442278826,0.8547816484147701,-0.6969072036956655,0.6367483877117736,-0.5615827878174389,-0.4004638930941663,0.972576231909604,-1.1170248886115168,0.655275881138906,0.006964384640297512,-0.5837838297137916,-1.2759015613457534,0.28108749240925246,0.1170805391970815,-1.0714911905655735,-0.9206463035790854,-0.03050251953078923,0.3306996149559869,-0.6846274555673671,-0.6948342789799372,1.087435280924958,0.7123617014690973,-0.06943064128031609,-0.0025246406390088123,-0.5799846549115971,0.7112320053096001,0.38521822393795,0.36984797562736904,0.10073386295675525,-0.7214157302406353
-1.6498629068120403,-0.3213029094935258,-2.4243918748755453,-2.007266963775421,1.9898909592286287,-1.2577533979051911,-2.5118565037755576,-0.5865959911130081,1.096767296282167,-1.895837478231152,1.3691952059460006,0.6917844963697072,1.6283164603422389,0.6345535580062031,0.2646608170605969,0.022321824209255943,-3.265234015214933,0.011546808636680625,-0.7922852371948753,0.04363123281010384,-0.19098135205049652,-1.1170248886115168,3.202063269221084,-1.1309953791796021,-0.9162687120502032,-0.028126160710610398,0.8407804513458976,0.9737572958364024,1.481477189229563,2.546100268757851,1.5597600937014782,0.4404659261532265,1.0079932994186054,1.680323315422644,2.326985268215888,-2.306520813343643,-2.1077753790275553,1.5967140185210378,-1.6406183706443631,-0.20777183491242998,0.6468755141918764,-0.31775167537781385,0.40736451573212745,0.0571538552444885,2.4548469985744497
0.45417589727190777,0.11584417332804597,1.1415934546018232,0.6693400335671637,-0.7551670567014543,0.27184243242397366,1.186737382406162,0.2715261387574707,-0.5220598069094787,0.7396309279033707,-0.38253062659264725,-0.17993684675960572,-0.3238879456614931,0.10913589088433026,0.10344163016940525,-0.06714363353540556,0.9999934620477836,-0.31639885830598447,0.4496436302424662,-0.28880377995088213,-0.1876366922818256,0.655275881138906,-1.1309953791796021,0.5183186103649376,0.17981247156869298,-0.2696793645532365,-0.7447844037472771,-0.07310788357936514,-0.23344215412082964,-0.9719047833337097,-0.7414588739200526,-0.11202881926882993,-0.023890072977319876,-0.6403514039300795,-0.7458775313037352,0.9219332944618192,0.7217029730615486,-0.3528757544325207,0.2890117659922926,-0.23512573247628324,0.2242138230140479,0.24052611503136304,0.10830959411038563,0.0506508239438608,-0.814819752544916
0.6209315858717304,0.08798353778167098,0.35700191651317764,0.6382407147607057,-0.5167634954385725,0.6227268219028473,0.35324960517727466,0.08878382488555867,-0.13916872775351663,0.4570205891011023,-0.5246043197755051,-0.28135195543927916,-0.7468118253963318,-0.5921065140524616,-0.307672502435978,0.07438519881964012,1.1524830862541091,0.3874560968991454,0.028476539252080612,0.36171584500981874,0.3533473356909454,0.006964384640297512,-0.9162687120502032,0.17981247156869298,0.4646962079890072,0.37050768420058283,0.28627105886010235,-0.6340077955225588,-0.7868346270499359,-0.6459415447224692,-0.2255245173951591,-0.17692356340027712,-0.71450825220576,-0.42477452824426026,-0.7869672486567865,0.539960458616722,0.6390323009986487,-0.7083254541169048,0.8067819161769587,0.4351904755799517,-0.7464784896199537,-0.06979519340404165,-0.4167809885163974,-0.10726344346595491,-0.7729307428763682
0.371968907221076,0.08849223075856427,-0.7891774124341615,0.19839661967197625,0.057996763824063935,0.3366491081887345,-0.7442971366177908,-0.34445976467698297,0.2964869119785268,-0.37153461513207764,-0.2693390220799412,0.026654075280909687,-0.7129264078235176,-0.8472203970985872,-0.6038151271463795,0.33305399662585616,0.5690609274750429,0.7179985003433309,-0.4347237063550535,0.8307674149158584,0.8948669867004747,-0.5837838297137916,-0.028126160710610398,-0.2696793645532365,0.37050768420058283,0.7333341975527071,1.0651959040216792,-0.5833203886702608,-0.7144134348077448,0.09199934454434498,0.5638556120440754,-0.024049353004234927,-0.9527304001383318,0.11074516917822032,-0.3643170493964872,-0.08711686758546583,0.1630749150849323,-0.4454066931276875,0.9000871163733996,0.8122613500085529,-1.263451393552405,-0.31733410550877056,-0.7383112585094003,-0.2867661964981579,-0.08486344595191721
0.09698619323184587,-0.03996705163369773,-1.8058831653297742,-0.3415432822068011,0.7092869138711713,0.2119908246421,-1.8276845241674453,-0.5039399180499452,0.7833882910361644,-0.8858726825641381,-0.023728033123792652,0.0415270439715214,-0.621701929264522,-1.1222160892154782,-0.7678423414362264,0.333163716162502,-0.20861742962791,1.1569073014925042,-0.8840626024454638,1.105141559982499,1.0963756442811268,-1.2759015613457534,0.8407804513458976,-0.7447844037472771,0.28627105886010235,1.0651959040216792,1.9500446053018141,-0.7037422190732018,-0.7057301036005285,0.9272617014477342,1.2150254780349599,-0.005546085500162477,-1.0589546041200972,0.6284031226437595,0.26207396156056884,-0.9404181661907937,-0.42203365252749164,-0.3499337374162862,0.8038245616255689,1.1582323503632932,-1.6388529813734487,-0.5678405589967646,-0.9389319719959824,-0.32073493864802743,0.4895498093571508
-0.6941524655055006,0.05388197430178789,-0.3244653313739412,-0.5999050277887273,0.4342814680578546,-1.0247060098221608,-0.16948355960331582,-0.3416865355637226,-0.01845589817361439,-0.7672877891604717,0.6405148377693389,0.6612713754249532,0.8488517185454748,0.8801657079103364,0.29910957225408885,0.15549613725555889,-1.134898841131912,-0.7642369803996146,0.0640724006672127,-0.4141184326237518,-0.15696684578083206,0.28108749240925246,0.9737572958364024,-0.07310788357936514,-0.6340077955225588,-0.5833203886702608,-0.7037422190732018,1.075913622402055,1.109295686516217,0.5298070873816273,0.2650571871921553,0.3589530250158771,0.8644374987562988,0.4296134193426531,0.6877079522000265,-0.25051168667798235,-0.5691602429984098,1.0615888519652092,-0.8120502493090195,-0.6398067136643235,0.9581481948259719,0.17891316406709565,0.46677669558279145,0.003638484416855695,0.9759533064775044
-1.0857771549708726,-0.15757901595714985,-0.40386935950913555,-1.044838850457777,0.8025801715129943,-1.0031523248417589,-0.4187911305194563,-0.08252029533470778,0.17596185421409016,-0.6698849923308573,0.8866424057489243,0.4503064183523062,1.3813627524318512,1.1197348587959173,0.6260669334095668,-0.16929106875405656,-1.9238554709237268,-0.7572702719310319,0.05361397308408831,-0.6900159639252071,-0.7577739250399109,0.1170805391970815,1.481477189229563,-0.23344215412082964,-0.7868346270499359,-0.7144134348077448,-0.7057301036005285,1.109295686516217,1.3999301307591223,1.008905221650456,0.2375314434107412,0.2963886968515574,1.3110532862630275,0.6605002995722657,1.2970434222567901,-0.8313813262191915,-1.04860120951769,1.2433200753918705,-1.499194633506333,-0.8643054276915944,1.4406589969880357,0.1695357775883244,0.8277257986428269,0.2218108429717622,1.2553145488878492
-1.2839987912748294,-0.3446761880404707,-1.9684532334603206,-1.6435690611528286,1.6580095043757284,-0.7898816665643845,-2.129142225757968,-0.31342498888260983,0.9767263469959278,-1.3349248919264416,1.0374314253819563,0.3246233913214108,1.2441002801738221,0.3454010646400197,0.21818302477406165,-0.12351732080210227,-2.6526055833322992,0.2234263836714521,-0.6925998340812048,0.049411438193183124,-0.27597888677544014,-1.0714911905655735,2.546100268757851,-0.9719047833337097,-0.6459415447224692,0.09199934454434498,0.9272617014477342,0.5298070873816273,1.008905221650456,2.129398599071065,1.2299983605971745,0.24427057877970015,0.7356434990887168,1.3506270169384373,1.9451702166732794,-2.034726740766047,-1.7421149811966432,1.0752048935448622,-1.3210780390348964,-0.05266744458882442,0.4082943222736526,-0.3138027637076804,0.30008253530999657,0.10861082966457279,1.8588027921389858
-0.4412699192826718,0.0719135556439313,-2.010393581787869,-0.7329424368327787,0.9609638842336615,-0.672589705899515,-1.8522624311372937,-0.8832520036279207,0.6952488287381468,-1.595001080152389,0.4814651096844039,0.7088988746613151,0.0597523682505468,-0.35325488485788803,-0.5516443650125313,0.5712889134240073,-0.9732637272973302,0.43228636160238265,-0.7828046710653682,0.8247120843327753,1.0786020772067813,-0.9206463035790854,1.5597600937014782,-0.7414588739200526,-0.2255245173951591,0.5638556120440754,1.2150254780349599,0.2650571871921553,0.2375314434107412,1.2299983605971745,1.4148892557999353,0.34658982739819744,-0.39057830454421033,0.9339324875681093,0.6690968217208281,-0.9557262243998688,-0.7815770507427408,0.5923048233998965,0.2117916835009748,0.6006531650046267,-0.8623440709856014,-0.39205665039933785,-0.5752900684320537,-0.3746503526789193,1.2798700926590276
-0.186151019346231,0.09284060765129708,-0.44377976972270133,-0.18049295235931023,0.19558984800158447,-0.4175798666429118,-0.32177719330619425,-0.3494837602885902,0.0706661726240346,-0.5650692738145695,0.20931474766504263,0.39907976130446376,0.13293191839140261,0.1343629469362688,-0.10156931861233187,0.25668927198470415,-0.27879189971926294,-0.1527685035488468,-0.11681859765886031,0.1318704597957097,0.3237665912666984,-0.03050251953078923,0.4404659261532265,-0.11202881926882993,-0.17692356340027712,-0.024049353004234927,-0.005546085500162477,0.3589530250158771,0.2963886968515574,0.24427057877970015,0.34658982739819744,0.19657518655884526,0.049730522986554226,0.23724082951698208,0.13809962402352982,-0.07457104889919425,-0.17397044728711566,0.39006004490732427,-0.018123996196603806,-0.02031151789264521,-0.01244209170182943,-0.0178724156596437,-0.06451934712055188,-0.1358601747435879,0.4534594833294478
-1.0318569146991095,-0.3329127353457659,0.40784028501352443,-0.9489534744611895,0.5882605069158889,-0.5958599805930143,0.20326643147789963,0.506989842073672,0.011478052248816805,0.1770692671158162,0.7503882714323463,-0.0862471457018854,1.5280846761120983,1.271950417196464,1.0025996766420224,-0.649958753385887,-1.8791124101834915,-0.8081436015938045,0.3450059921457021,-1.179442294923453,-1.5482136829663464,0.3306996149559869,1.0079932994186054,-0.023890072977319876,-0.71450825220576,-0.9527304001383318,-1.0589546041200972,0.8644374987562988,1.3110532862630275,0.7356434990887168,-0.39057830454421033,0.049730522986554226,1.6349846636210674,0.3572223366720261,1.3336387781950487,-0.7889017752381977,-0.9525619824858859,0.9297661216394697,-1.8739341841755248,-1.144337918272971,1.9512776616422063,0.29773856590730463,1.2083320057488565,0.5204085029388831,0.7543000283059043
-0.7968594344274993,-0.14285521900227954,-1.4278556192572847,-1.0165170980436238,1.0542538061616082,-0.63028033226258,-1.4537834445823559,-0.3899170275324308,0.6228115204582356,-1.0868798293934003,0.6757227937038809,0.39182221172335496,0.7168608322686078,0.18633719480923108,0.018714547449049553,0.08889775106996889,-1.6097946988113734,0.12095086883485753,-0.4972654055555572,0.17332660769778413,0.08842663513261781,-0.6846274555673671,1.680323315422644,-0.6403514039300795,-0.42477452824426026,0.11074516917822032,0.6284031226437595,0.4296134193426531,0.6605002995722657,1.3506270169384373,0.9339324875681093,0.23724082951698208,0.3572223366720261,0.9050447339173499,1.1513244145261805,-1.213612830919069,-1.0728207749404362,0.7720020701395632,-0.6832368264050577,0.03684704358279457,0.10834316078458035,-0.2208391919651215,0.07143644043560485,-0.031667104607021074,1.2868892868973716
-1.4288462194893332,-0.468005874821827,-1.2131095080303351,-1.6905736438489094,1.5239481406797242,-0.7575263534500283,-1.4808008042455019,0.12388968983570439,0.7532918400805568,-0.7590378972509755,1.097434744852291,0.06220606495137668,1.6433850628937665,0.8121823056009708,0.6787938683946996,-0.509276108082904,-2.895295905832759,-0.13322843689229083,-0.35164361573400793,-0.5761459875700603,-1.0650923676193147,-0.6948342789799372,2.326985268215888,-0.7458775313037352,-0.7869672486567865,-0.3643170493964872,0.26207396156056884,0.6877079522000265,1.2970434222567901,1.9451702166732794,0.6690968217208281,0.13809962402352982,1.3336387781950487,1.1513244145261805,2.1309572173346263,-1.9699998696006613,-1.7704103689403268,1.1305867907835072,-1.9121100869046699,-0.5616440244794519,1.2373961682110346,-0.10752859337163594,0.824432351110842,0.38718945663039817,1.6559556034920568
1.2200784550736754,0.46432253323729583,1.6420552854158983,1.6008494609255912,-1.5825084002271765,0.4556091159210244,1.9332758217135644,-0.014932997593847842,-0.9610182511155039,0.8699982626024996,-0.9248782542165066,0.033451781854448505,-1.2515687001361202,-0.28525523350986687,-0.36745213818493905,0.39949507216009683,2.605850336938359,-0.35535234009603855,0.6071539919057246,0.11543240538150808,0.6567940322169428,1.087435280924958,-2.306520813343643,0.9219332944618192,0.539960458616722,-0.08711686758546583,-0.9404181661907937,-0.25051168667798235,-0.8313813262191915,-2.034726740766047,-0.9557262243998688,-0.07457104889919425,-0.7889017752381977,-1.213612830919069,-1.9699998696006613,2.1053890350810853,1.7104853468921584,-0.8010889155918449,1.4483252610020543,0.07699057543219703,-0.5133474739259882,0.3076814569167334,-0.42597015179609754,-0.26598022507090385,-1.5591735606379342
1.202736446341601,0.3525275777634062,1.3182823041849185,1.447828816413531,-1.3616017621306395,0.6827348035426004,1.5039976650960845,0.07098895755370116,-0.7239074898312063,0.8923940604707168,-0.9403181128896453,-0.1798890886657251,-1.3102411792093709,-0.5633059393703133,-0.4316450832453461,0.2858017282621854,2.4223696130239936,0.013200740752039539,0.41663847003077936,0.26865851968883503,0.6356240282770647,0.7123617014690973,-2.1077753790275553,0.7217029730615486,0.6390323009986487,0.1630749150849323,-0.42203365252749164,-0.5691602429984098,-1.04860120951769,-1.7421149811966432,-0.7815770507427408,-0.17397044728711566,-0.9525619824858859,-1.0728207749404362,-1.7704103689403268,1.7104853468921584,1.5235990933075112,-0.9958110713745134,1.4615539345364406,0.32350781810774526,-0.7951209647450053,0.16252970146834206,-0.5396425656523418,-0.23034106602342722,-1.5270563812087952
-0.9865974335752485,-0.051363560897170785,-0.8643432905565253,-0.9858415305066736,0.8511057977368762,-1.0655695471487088,-0.7843462548139952,-0.4045809306027583,0.2830489909565861,-1.0754535347245333,0.8495689840604133,0.6771361889787093,1.1255002152970037,0.8525795970704919,0.3242327702621457,0.11766236451424025,-1.7236369936574052,-0.578541558914843,-0.14495106078172515,-0.28598173996152326,-0.21090760922413243,-0.06943064128031609,1.5967140185210378,-0.3528757544325207,-0.7083254541169048,-0.4454066931276875,-0.3499337374162862,1.0615888519652092,1.2433200753918705,1.0752048935448622,0.5923048233998965,0.39006004490732427,0.9297661216394697,0.7720020701395632,1.1305867907835072,-0.8010889155918449,-0.9958110713745134,1.2454421680034473,-1.0974883927770862,-0.5597617433513536,0.922255287636453,0.05137107526759542,0.491059412207132,0.025375137858822065,1.3903627302784476
1.4048503592862127,0.5205906569406336,-0.036090619640728926,1.4090163064356516,-1.0341036745078296,0.5419412211008616,0.32150927644342003,-0.6255883402925654,-0.3162457978689264,-0.07028899493847622,-0.9860408219361887,0.22585068442204545,-1.9674995088627518,-1.3414607581804805,-1.1879156741194175,0.8594593197966578,2.627957132509583,0.6423086010503427,-0.20426833591196733,1.2161278443803964,1.9111543147922965,-0.0025246406390088123,-1.6406183706443631,0.2890117659922926,0.8067819161769587,0.9000871163733996,0.8038245616255689,-0.8120502493090195,-1.499194633506333,-1.3210780390348964,0.2117916835009748,-0.018123996196603806,-1.8739341841755248,-0.6832368264050577,-1.9121100869046699,1.4483252610020543,1.4615539345364406,-1.0974883927770862,2.4022931309988884,1.1845917667534025,-2.143615523895785,-0.19902589331019238,-1.4030337514443207,-0.6543593624502438,-1.1241877484286271
0.5334185725546889,0.1533959790090026,-0.8047922992071748,0.3464634269801705,-0.05099198215541013,0.3424134731683777,-0.7055669937836596,-0.42494674514139225,0.24973858379611785,-0.39390703623764944,-0.36848159056047153,0.06990863989562511,-0.9515430238913025,-0.9861917234277338,-0.7465753387429063,0.43401665374136483,0.841741701791251,0.7695939266489383,-0.4627858672679076,0.9380798033383722,1.1296813351268622,-0.5799846549115971,-0.20777183491242998,-0.23512573247628324,0.4351904755799517,0.8122613500085529,1.1582323503632932,-0.6398067136643235,-0.8643054276915944,-0.05266744458882442,0.6006531650046267,-0.02031151789264521,-1.144337918272971,0.03684704358279457,-0.5616440244794519,0.07699057543219703,0.32350781810774526,-0.5597617433513536,1.1845917667534025,0.9400882351751554,-1.4928099751515553,-0.3324682192287988,-0.9022284148214579,-0.363034584448992,-0.19631694229967203
-1.0232230043767456,-0.3604951529883865,1.079590585075482,-0.8099848339374806,0.33349016511548063,-0.5176673411355558,0.8327107602838651,0.7781573423188544,-0.23064760753146826,0.6205588792667238,0.7023648293380096,-0.23464179376814304,1.701429745486034,1.573711253909577,1.2790445936852908,-0.8425446037491588,-1.7629649128162808,-1.1019117234141882,0.6447051173423668,-1.5535819073520458,-2.0058550981197993,0.7112320053096001,0.6468755141918764,0.2242138230140479,-0.7464784896199537,-1.263451393552405,-1.6388529813734487,0.9581481948259719,1.4406589969880357,0.4082943222736526,-0.8623440709856014,-0.01244209170182943,1.9512776616422063,0.10834316078458035,1.2373961682110346,-0.5133474739259882,-0.7951209647450053,0.922255287636453,-2.143615523895785,-1.4928099751515553,2.463221039096688,0.47084400783617275,1.5256186622040802,0.66714596318132,0.48058081762469296
0.013006072629377259,0.011621700334630395,0.5820069107496679,0.1354611715761422,-0.2406294300424981,-0.04196658455112672,0.5861030465606114,0.1784632045091629,-0.24976471466514386,0.32035273853964263,-0.02259206100419444,-0.04750652931111931,0.13236240068026714,0.30910770294894807,0.21844283907097722,-0.11384958291367381,0.11463430871164863,-0.33406951198181434,0.2714480641996012,-0.3456060882941763,-0.3279380855525354,0.38521822393795,-0.31775167537781385,0.24052611503136304,-0.06979519340404165,-0.31733410550877056,-0.5678405589967646,0.17891316406709565,0.1695357775883244,-0.3138027637076804,-0.39205665039933785,-0.0178724156596437,0.29773856590730463,-0.2208391919651215,-0.10752859337163594,0.3076814569167334,0.16252970146834206,0.05137107526759542,-0.19902589331019238,-0.3324682192287988,0.47084400783617275,0.17555592311705479,0.26474259416517504,0.09911876121270695,-0.2021766110302565
-0.6496820117793854,-0.28147320195562087,0.6911021748397637,-0.5353183487319919,0.23930679808629954,-0.17772421712386444,0.4763735466218667,0.583435963752719,-0.09261526565900766,0.49805148647772585,0.41626688131949985,-0.273959536259124,1.0924747321528432,0.9275436165940785,0.8400528161011165,-0.6181347813321583,-1.1407633543580311,-0.5849056769117801,0.3916629424234739,-0.9692637377513141,-1.3735725153632585,0.36984797562736904,0.40736451573212745,0.10830959411038563,-0.4167809885163974,-0.7383112585094003,-0.9389319719959824,0.46677669558279145,0.8277257986428269,0.30008253530999657,-0.5752900684320537,-0.06451934712055188,1.2083320057488565,0.07143644043560485,0.824432351110842,-0.42597015179609754,-0.5396425656523418,0.491059412207132,-1.4030337514443207,-0.9022284148214579,1.5256186622040802,0.26474259416517504,0.9806439901807988,0.46638959299913685,0.24687315906238247
-0.23512674681749088,-0.1984260482278582,0.43553919236677063,-0.21929589910278666,0.08563918114860797,0.1322835671702256,0.26070386138503965,0.4419043949334259,-0.02118536995868153,0.47641028688400333,0.10962585715069825,-0.34345597901495206,0.4479607286332888,0.32189255056743493,0.42657994489927176,-0.4296281006281352,-0.47653935880798687,-0.1297291351449559,0.18884267356423526,-0.48844545803286515,-0.791091871577317,0.10073386295675525,0.0571538552444885,0.0506508239438608,-0.10726344346595491,-0.2867661964981579,-0.32073493864802743,0.003638484416855695,0.2218108429717622,0.10861082966457279,-0.3746503526789193,-0.1358601747435879,0.5204085029388831,-0.031667104607021074,0.38718945663039817,-0.26598022507090385,-0.23034106602342722,0.025375137858822065,-0.6543593624502438,-0.363034584448992,0.66714596318132,0.09911876121270695,0.46638959299913685,0.2888004130893034,-0.06231259794153512
