V1,V2,V3,V4,V5,V6,V7,V8,V9,V10,V11,V12,V13,V14,V15,V16,V17,V18,V19,V20,V21,V22,V23,V24,V25,V26,V27,V28,V29,V30,V31,V32,V33,V34,V35,V36,V37,V38,V39,V40,V41,V42,V43,V44,V45
0.27494908491076187,0.10395144467832158,0.7322608082233446,0.44139578430468296,-0.4844724168050833,0.13031962274087902,0.8005379025731669,0.1544126112588529,-0.3686309198650313,0.45476305551046103,-0.23894735528917244,-0.07446322738793693,-0.1885375540437172,0.10259049285571269,0.06892463644507948,-0.027673533409854654,0.625127767839314,-0.25988050713014804,0.3132101014588302,-0.22919288336675955,-0.11826876359243828,0.4700939248678953,-0.7062453165627514,0.3244888544364067,0.090483941104589,-0.21999553051892756,-0.5353814816687179,0.020751308356573937,-0.10278434150693821,-0.61579886543841,-0.4767444394138737,-0.05604953490271365,0.030393036852220907,-0.39836715065811074,-0.47443319614467727,0.610157916805668,0.465932628737431,-0.18265315464928064,0.17767401595357785,-0.19033508333231605,0.23092271658721764,0.164082383086012,0.09368046322510093,0.031451445309438095,-0.5161940551751566
0.10395144467832158,0.9644115830258517,-0.4677405326730068,0.7020421405272603,-0.2926759312791762,-1.2316432347406991,0.6312652363390321,-1.1989652738460013,-0.7526171294726943,-1.1258835631063806,-0.11858103552366994,1.5098696475692464,-0.3718469724026996,0.2918296504484422,-0.6460569230701889,1.0701579014576585,0.5488056443479952,-1.115186163504107,0.28441789893524494,-0.2609014553445519,1.314943600315671,1.0383858031042748,0.15448706284408487,-0.14290207249363704,-0.42389226093379556,-0.603471965660822,-0.8570966974584013,1.5456862392084711,0.6712644080635928,-0.1685322895254987,0.43592046311584015,0.6553294745793204,0.13435861991574646,0.18558175946803468,-0.6395684787476946,1.0669273611077603,0.5286788344971545,0.9302217344699276,0.9040155415734096,-0.3546136350165439,0.8389595237604334,0.06386382446327585,-0.20673375647778358,-0.4567751815642884,0.1343732701884148
0.7322608082233446,-0.4677405326730068,2.570009351078063,0.741080469268456,-1.2308125270836168,1.3187717901417226,1.871288330802298,1.342232601514459,-0.47701713326871464,2.19664347878294,-0.620165040790656,-1.3548269274168332,-0.2571465904464817,0.12170942545712364,0.7051791168452204,-0.8909833774582269,1.4216560303135994,0.09952749386179299,0.6904974869806535,-0.4656291055403752,-1.370396343828714,0.5799096115896044,-2.2128597963201635,1.0986660668611608,0.5681569186272325,-0.160163374968322,-0.9228627689547266,-1.1215441061555778,-0.8134915646886016,-1.712833193275653,-1.7682318098768794,-0.6221844331236004,-0.04076815672586293,-1.3482617381447637,-0.9087611021138774,1.0196857467139215,0.954105558187344,-1.2282868220262373,-0.20886576264511206,-0.3011699462560743,-0.01478741622368815,0.4196665448837718,0.4398917656081054,0.46118872694365104,-1.6132704324854295
0.44139578430468296,0.7020421405272603,0.741080469268456,1.057609036491065,-0.7641872568665505,-0.2990893618892424,1.5030391480657264,-0.32496889942575363,-0.942771255780274,0.24832546713731726,-0.5404311244965432,0.5772764353044235,-0.49221141787771366,0.17292633549089167,-0.266866134240527,0.4083764680723285,1.076405439831526,-0.8852900547232416,0.6347949897413395,-0.6907529273928574,0.35808216576585805,1.210224775519516,-0.8502393389546571,0.18749036585182535,-0.08042096540438379,-0.6644704169271772,-1.0689939643722144,0.8058078945714546,0.12997782428030882,-0.7618602969687234,-0.49377427537622887,0.21960513004162413,0.19100929843914813,-0.393840775044555,-0.8885245921241846,1.2591256871299583,0.8815454848921164,0.13359730955988072,0.7149370863873179,-0.47371161977924847,1.080345323746577,0.16247971087119836,0.10368510752180106,-0.0782763770594128,-0.8761289002313041
-0.4844724168050833,-0.2926759312791762,-1.2308125270836168,-0.7641872568665505,1.0408766993560932,0.41626592649551764,-1.40206582266759,0.24586807868047741,0.718956658387887,-0.08335466830217562,0.1654713424978904,-0.49301630066331065,0.33413874890835177,-0.5220626666204992,-0.0028750397471149617,-0.45523647154052915,-1.3526897986719697,0.8313360775268704,-0.494961560869256,-9.491065871785536e-4,-0.4399490677415055,-1.031112187814193,1.264033319328773,-0.9009539636080861,0.007576509333775166,0.42269419022747223,1.3658694167660472,-0.4972892607278588,-0.1519157892107148,1.457698357477815,0.6105436791573263,-0.20420284588712162,0.08880794182138746,0.775790526434632,1.1708097794762524,-1.626405504898363,-0.9939946282901682,-0.14207799781030525,-0.5061809516875347,0.38130194628333075,0.047485037934631366,-0.46731170302345215,0.04380011651849116,0.2691001939959705,0.3958420395376649
0.13031962274087902,-1.2316432347406991,1.3187717901417226,-0.2990893618892424,0.41626592649551764,3.278324450982357,0.07687401657516679,2.847397138856448,0.676023939747574,3.6648971216078117,-0.8699975012028038,-3.4196355136877536,0.23076506265211952,-1.1897517873852088,1.0625960752592243,-2.5944415217504324,-0.7728119734042451,2.0243111413536408,0.14281522534526386,-1.1527940938534935,-3.3798234606616093,-1.249747416719303,-0.7025701906487836,-0.5498712758472039,0.9770837489939009,0.5441549208152834,1.6696361411672447,-2.9016736272030577,-1.7547667186733018,0.7471707963087998,-1.56164968988751,-1.5618036168647869,0.2945604160019177,-0.3295698476592363,1.242469296474103,-2.164754103212431,-0.6670042511905528,-2.4518679154242458,-1.3715477476740008,0.3138012164292684,0.6932283428429762,-0.48301874706083076,0.9243662466530106,1.4821029293462307,-2.1173353633392473
0.8005379025731669,0.6312652363390321,1.871288330802298,1.5030391480657264,-1.40206582266759,0.07687401657516679,2.469222370079951,0.0911581222704613,-1.2849899718672617,1.0421747500720582,-0.8108741308436139,0.21328229154055245,-0.6661665207027702,0.30342406424009327,-0.03570543366098089,0.19307919168344906,1.8545707901585602,-1.0379726830797902,0.9941977539661887,-0.8906999941134983,-0.024408089963461686,1.649858956394749,-1.8752882222808,0.7249786581677874,0.11672007518935554,-0.830730493082126,-1.6747462575801173,0.5396170049272131,-0.12217357091283233,-1.637808778008092,-1.2323508983677736,0.03933031354056144,0.1772283901013001,-1.0081508316821917,-1.4475193459187852,1.9448817885692256,1.4292757252051136,-0.2684730353879453,0.7720104969922053,-0.6647226538812993,1.133243950770274,0.39859309465969706,0.25390957848519097,0.029666912604638357,-1.5523628451264435
0.1544126112588529,-1.1989652738460013,1.342232601514459,-0.32496889942575363,0.24586807868047741,2.847397138856448,0.0911581222704613,2.6248500603044223,0.6000298995884563,3.1774904906492454,-0.5704092092214751,-3.098335759613416,0.23870925020894818,-0.9558435294995171,1.061237834486702,-2.2760659006569424,-0.4795299671243274,1.7543625130929996,0.11423930022317295,-0.6897313508530095,-2.8949488870186237,-1.1250921473625564,-0.8573714110131349,-0.16270513749101276,0.9596219648260588,0.5235303649654532,1.2663908757033713,-2.7068254879913796,-1.5438411911089136,0.3064339680347464,-1.3985571377953177,-1.4900114737107115,0.17998998981956985,-0.44307541118848703,0.9021212835091564,-1.7487025927819495,-0.4533292941647642,-2.213107556253434,-1.201266047794158,0.33599122918867275,0.165529844107405,-0.21491575679260963,0.7286111666893955,1.1567777182407986,-1.6740731975408458
-0.3686309198650313,-0.7526171294726943,-0.47701713326871464,-0.942771255780274,0.718956658387887,0.676023939747574,-1.2849899718672617,0.6000298995884563,0.9097310413014081,0.26120296593091274,0.3077518891864489,-0.9005944167704858,0.4497741733510679,-0.29642529875061313,0.34092195475584386,-0.6765396848476788,-1.0631365539665938,1.0274579631607015,-0.5310693608531896,0.3811965321175671,-0.761222732584989,-1.1961027980669057,0.6819465923572615,-0.2807056448173061,0.15983067144970464,0.6422430439181082,1.170732042679464,-1.0267028449698545,-0.33297395295230336,0.8075640583519439,0.21398520223837944,-0.33946281955759133,-0.12347655916733713,0.3106680467075734,0.959767335332387,-1.367047522516582,-0.8755036590666612,-0.40368584978242655,-0.8087312185943394,0.4270492710635945,-0.7713993909441474,-0.2523351153109631,0.049230654639483645,0.2964404110018267,0.44689441547461334
0.45476305551046103,-1.1258835631063806,2.19664347878294,0.24832546713731726,-0.08335466830217562,3.6648971216078117,1.0421747500720582,3.1774904906492454,0.26120296593091274,4.474901610745617,-1.2963711490096541,-3.699678782471221,-0.0032451283234445085,-1.1943562547726965,1.1584233066323826,-2.802278639416533,-0.15234863210154306,1.8485986478542524,0.5400707069661655,-1.6475717636319387,-3.7705059100010447,-0.7481650103097749,-1.4974298675523834,-0.33925222362532287,1.113424692200926,0.28552381569160656,1.2175585827109636,-2.9987484584496813,-1.9938824868567555,0.2080310372626985,-2.220258095760309,-1.695233064663997,0.3929872159546689,-0.7583757677644561,0.8311337995337155,-1.6448410771565303,-0.19897204519307723,-2.815378855326266,-1.234701945624127,0.0819780719709738,1.2227670910303197,-0.40036491823808323,1.131543312242713,1.6733482758849836,-2.9629539996583456
-0.23894735528917244,-0.11858103552366994,-0.620165040790656,-0.5404311244965432,0.1654713424978904,-0.8699975012028038,-0.8108741308436139,-0.5704092092214751,0.3077518891864489,-1.2963711490096541,0.7517145355912098,0.6385841276553593,0.2328391119607343,0.35850876986537367,-0.052181885504683445,0.5757186550417435,-0.14369979881354378,-0.16478162978210611,-0.3964424080401166,1.0505488082085226,0.9135783713667402,-0.29764135930591323,0.43375266984111016,0.3866815967902726,-0.15166224872164574,0.23813763913816494,-0.13553894148363974,0.29274847748095156,0.4635404708801692,-0.1673232020329268,0.7174281307785337,0.23938379121242853,-0.2720116661325465,0.16057416973012625,-0.09126882467506817,0.1345594675220924,-0.13842103240957226,0.6179836885693789,0.03685722226167785,0.2203521029916004,-1.2376527328002482,0.2698516291478432,-0.4214706218603091,-0.556896531160393,1.3058146250627158
-0.07446322738793693,1.5098696475692464,-1.3548269274168332,0.5772764353044235,-0.49301630066331065,-3.4196355136877536,0.21328229154055245,-3.098335759613416,-0.9005944167704858,-3.699678782471221,0.6385841276553593,3.7198190465256777,-0.3682237619413232,1.1911034024567688,-1.2506132873584188,2.7595157252060942,0.867596489017534,-2.2553210760565476,-0.006099561878867365,0.7994830628866065,3.507694619462003,1.562180126776867,0.7354522814398339,0.35730779505566534,-1.1002264037517675,-0.7362241401253906,-1.7911059342059732,3.2826219335588926,1.8398214899015712,-0.6576938407347371,1.5336746911637977,1.7436697827420962,-0.20168084349916185,0.38004824569246953,-1.3213224423950196,2.3736764320016497,0.7704201239048305,2.6022052015069637,1.564580614347668,-0.4668486252598077,-0.1471952488422982,0.37305571989711245,-0.8692806804091601,-1.4368754102549692,1.8613207027654284
-0.1885375540437172,-0.3718469724026996,-0.2571465904464817,-0.49221141787771366,0.33413874890835177,0.23076506265211952,-0.6661665207027702,0.23870925020894818,0.4497741733510679,-0.0032451283234445085,0.2328391119607343,-0.3682237619413232,0.23464723229916035,-0.09432468477359898,0.16752519434643592,-0.2594463476990638,-0.4820059874867174,0.45765648281142696,-0.2829119395195427,0.3099655192689507,-0.26028123624864546,-0.5832070684405525,0.32881853704241487,-0.058876781272086766,0.07209924360749459,0.32451378985780466,0.5058198799001936,-0.46608132918910017,-0.11177718594142952,0.3189747327050017,0.16176962318382465,-0.1481394274941615,-0.09125534992340698,0.1415623598900071,0.41364444272504625,-0.6027468925149395,-0.4027510964707294,-0.13611584202083127,-0.3708611757238795,0.2244145883808488,-0.5196954128868243,-0.06882931106860164,-0.024805032067046293,0.06968773183358117,0.34726506006570984
0.10259049285571269,0.2918296504484422,0.12170942545712364,0.17292633549089167,-0.5220626666204992,-1.1897517873852088,0.30342406424009327,-0.9558435294995171,-0.29642529875061313,-1.1943562547726965,0.35850876986537367,1.1911034024567688,-0.09432468477359898,0.6675770517770516,-0.23265997027533394,0.959818365573257,0.6945349660796661,-0.8270020630535184,0.02351278911927474,0.6153968920112853,1.196835572622044,0.5915280609515926,-0.2667358124832896,0.687198421062094,-0.3017254899466664,-0.17662306294986535,-0.9887691145973089,0.9349567388748684,0.6025065861093097,-0.8839933371848071,0.26801730844438504,0.5735619690001349,-0.23585216325024105,-0.259384068375616,-0.7973701540622249,1.2664558370218686,0.49910401768214235,0.8285750565638431,0.45988214741729483,-0.17468086003453526,-0.6710953200380082,0.37125356769311824,-0.3508239594884194,-0.590334874372484,0.7415627945848574
0.06892463644507948,-0.6460569230701889,0.7051791168452204,-0.266866134240527,-0.0028750397471149617,1.0625960752592243,-0.03570543366098089,1.061237834486702,0.34092195475584386,1.1584233066323826,-0.052181885504683445,-1.2506132873584188,0.16752519434643592,-0.23265997027533394,0.5294153717856207,-0.8718841367859012,-0.09013553468632382,0.7187673702179399,-0.024727572497404125,0.03633049111317506,-1.0933276876624616,-0.5335369924469681,-0.4881239132847034,0.22903895374192895,0.40773144125361244,0.31454798702464887,0.38656481946761273,-1.1953984252081542,-0.5923963652994167,-0.15569693139804913,-0.5781405473029235,-0.5942123247316441,-0.048325406903130655,-0.32057610874977355,0.24787713168624467,-0.5528398280593905,-0.1436818232989553,-0.8597594036031759,-0.5626709415775825,0.17979949212051152,-0.4243124946110429,0.04355059038422861,0.21800129095957696,0.36731586924998244,-0.43152396272906024
-0.027673533409854654,1.0701579014576585,-0.8909833774582269,0.4083764680723285,-0.45523647154052915,-2.5944415217504324,0.19307919168344906,-2.2760659006569424,-0.6765396848476788,-2.802278639416533,0.5757186550417435,2.7595157252060942,-0.2594463476990638,0.959818365573257,-0.8718841367859012,2.085117830780505,0.7762576922642617,-1.7173500052187234,-0.00612261118591624,0.7707380612455218,2.677343020476521,1.173550268881675,0.4060163457617406,0.45594207133609616,-0.779877779082087,-0.5297151209613751,-1.4714461527244334,2.3931162285958876,1.3846514815390527,-0.7041359369719965,1.1220118332115958,1.2636117248446572,-0.20054921362033834,0.18652215467597336,-1.1094240572666476,1.8975989385933307,0.6595049603744592,1.9329221355378703,1.1753291054653348,-0.32858607561266434,-0.3532303531546384,0.39206995853051485,-0.6955227655608935,-1.1545510383175341,1.4913757584026168
0.625127767839314,0.5488056443479952,1.4216560303135994,1.076405439831526,-1.3526897986719697,-0.7728119734042451,1.8545707901585602,-0.4795299671243274,-1.0631365539665938,-0.15234863210154306,-0.14369979881354378,0.867596489017534,-0.4820059874867174,0.6945349660796661,-0.09013553468632382,0.7762576922642617,1.8446561407434783,-1.2702376151061596,0.6727855137069386,0.06733915364653299,0.8596152983151568,1.4763894527571317,-1.5876273192283847,1.1629020167596298,-0.0372946136880422,-0.6480583062697969,-1.9259030983613166,0.8718927573425616,0.3247425146409837,-1.9245287841087362,-0.6336296035577361,0.3017075019097161,-0.08664514648192416,-0.9356716633284152,-1.6383422462717137,2.2340657013032703,1.3886090177642132,0.329681370918959,0.846188865056252,-0.5055533724686189,-0.0063568954494930855,0.6788661568541244,-0.13505037502526,-0.5004834202645942,-0.38850670804925436
-0.25988050713014804,-1.115186163504107,0.09952749386179299,-0.8852900547232416,0.8313360775268704,2.0243111413536408,-1.0379726830797902,1.7543625130929996,1.0274579631607015,1.8485986478542524,-0.16478162978210611,-2.2553210760565476,0.45765648281142696,-0.8270020630535184,0.7187673702179399,-1.7173500052187234,-1.2702376151061596,1.7451715796734952,-0.36465332180754306,-0.27046168975399637,-2.1296453282301413,-1.533191914035041,0.32209604298544403,-0.5745237829673173,0.5611549315489349,0.7437553848345034,1.7571394303229453,-2.101687772735816,-1.0540632397175425,1.10183975122825,-0.48065161170220344,-0.982804381551541,0.06704430363431471,0.17385445374427222,1.3896751713539623,-2.1595416025629444,-1.041254409546153,-1.423398217754529,-1.2466723591808513,0.49065448617183827,-0.19514096753603338,-0.457408595348761,0.4629382162950137,0.917632965813679,-0.6120995104345005
0.3132101014588302,0.28441789893524494,0.6904974869806535,0.6347949897413395,-0.494961560869256,0.14281522534526386,0.9941977539661887,0.11423930022317295,-0.5310693608531896,0.5400707069661655,-0.3964424080401166,-0.006099561878867365,-0.2829119395195427,0.02351278911927474,-0.024727572497404125,-0.00612261118591624,0.6727855137069386,-0.36465332180754306,0.4218230351343945,-0.48536301432457063,-0.11187146954216513,0.6461488737874144,-0.6979114112182461,0.15924030706197798,0.07090567952934224,-0.3553337880037552,-0.5731122603175067,0.17516764385399747,-0.1018133063335639,-0.5190943043515606,-0.5054661158960166,-0.03996109388833373,0.12643825233536687,-0.34335190109376557,-0.49761914846918326,0.644019482263906,0.5348277022379959,-0.18283020860683685,0.30847685731493724,-0.2635901583780113,0.6446537870578155,0.1051397991620809,0.1459183357388507,0.07464359460735019,-0.7450383253212803
-0.22919288336675955,-0.2609014553445519,-0.4656291055403752,-0.6907529273928574,-9.491065871785536e-4,-1.1527940938534935,-0.8906999941134983,-0.6897313508530095,0.3811965321175671,-1.6475717636319387,1.0505488082085226,0.7994830628866065,0.3099655192689507,0.6153968920112853,0.03633049111317506,0.7707380612455218,0.06733915364653299,-0.27046168975399637,-0.48536301432457063,1.5525310752221533,1.2031863587036016,-0.32471757780216093,0.2519560816232057,0.8284368288133719,-0.15293760805329318,0.3349171493671109,-0.4197370789342803,0.2940543366307382,0.5932888546802015,-0.6107346787858661,0.7831222739289783,0.2986243046985825,-0.4429312434546348,-0.01754144440627638,-0.3399099757059535,0.4614904424522082,-0.022157531538280935,0.7732918890435728,0.02774263104080217,0.26948328518711046,-1.9388881675138587,0.4983325215861654,-0.5793982945363053,-0.7896325532545015,1.744122391516805
-0.11826876359243828,1.314943600315671,-1.370396343828714,0.35808216576585805,-0.4399490677415055,-3.3798234606616093,-0.024408089963461686,-2.8949488870186237,-0.761222732584989,-3.7705059100010447,0.9135783713667402,3.507694619462003,-0.26028123624864546,1.196835572622044,-1.0933276876624616,2.677343020476521,0.8596152983151568,-2.1296453282301413,-0.11187146954216513,1.2031863587036016,3.5207685287214345,1.3344496545774915,0.6804652278752502,0.5797020363360306,-0.9684241995664463,-0.6026175725404498,-1.7824763782211075,2.9923429560506682,1.8087168182745164,-0.8121427362385261,1.622757872932278,1.5516746965243478,-0.2793913252077118,0.34240279357292214,-1.335949549560393,2.249695129311755,0.7489845585627708,2.5003000423840684,1.4790658351800612,-0.3173012135806632,-0.6831496365021426,0.5475366057257057,-0.9660456152995345,-1.571004951023669,2.1687969788538224
0.4700939248678953,1.0383858031042748,0.5799096115896044,1.210224775519516,-1.031112187814193,-1.249747416719303,1.649858956394749,-1.1250921473625564,-1.1961027980669057,-0.7481650103097749,-0.29764135930591323,1.562180126776867,-0.5832070684405525,0.5915280609515926,-0.5335369924469681,1.173550268881675,1.4763894527571317,-1.533191914035041,0.6461488737874144,-0.32471757780216093,1.3344496545774915,1.6639065615863684,-0.8505999667339207,0.5065204058584526,-0.34302066146060767,-0.844141592679157,-1.7156135963568941,1.6317912011882831,0.6268600219803403,-1.2023918197193677,-0.1584949693447143,0.6719908158966287,0.07614583656549781,-0.4336290598305226,-1.393625490307633,2.0815166670955447,1.1940966399850406,0.8192108280069448,1.1305549826732295,-0.6007795702533634,0.7961583903376217,0.37348925857485976,-0.16299390455100954,-0.5264686562596054,-0.31427431372264514
-0.7062453165627514,0.15448706284408487,-2.2128597963201635,-0.8502393389546571,1.264033319328773,-0.7025701906487836,-1.8752882222808,-0.8573714110131349,0.6819465923572615,-1.4974298675523834,0.43375266984111016,0.7354522814398339,0.32881853704241487,-0.2667358124832896,-0.4881239132847034,0.4060163457617406,-1.5876273192283847,0.32209604298544403,-0.6979114112182461,0.2519560816232057,0.6804652278752502,-0.8505999667339207,2.061786646979112,-1.1485467536297418,-0.4326198055302567,0.32080623622800564,1.259387615431246,0.5637691149864119,0.480149002331184,1.8184579095226723,1.4082382595448502,0.41619025358933376,0.043331533537175525,1.2244342424248846,1.1630162060563043,-1.3718476178673777,-1.1232724418709739,0.7999856773327739,-0.14354548299306344,0.3380707113119626,0.0481986389716991,-0.552690390779546,-0.24790939266725964,-0.12869575280005116,1.2240100237694107
0.3244888544364067,-0.14290207249363704,1.0986660668611608,0.18749036585182535,-0.9009539636080861,-0.5498712758472039,0.7249786581677874,-0.16270513749101276,-0.2807056448173061,-0.33925222362532287,0.3866815967902726,0.35730779505566534,-0.058876781272086766,0.687198421062094,0.22903895374192895,0.45594207133609616,1.1629020167596298,-0.5745237829673173,0.15924030706197798,0.8284368288133719,0.5797020363360306,0.5065204058584526,-1.1485467536297418,1.3037816116828145,0.06824119228866675,-0.06191968401134766,-1.243093923460907,0.11551649341161199,0.21061826782253745,-1.6387544831319873,-0.345241061684198,0.10671664939943203,-0.33103719479833027,-0.8069882098442553,-1.0876057168314153,1.4306131248468472,0.7850701746529163,0.19428468238648802,0.2247077261297129,-0.11832462799948074,-1.2304845660886212,0.6780179247973522,-0.255628408367564,-0.49863023746245316,0.4061910385532267
0.090483941104589,-0.42389226093379556,0.5681569186272325,-0.08042096540438379,0.007576509333775166,0.9770837489939009,0.11672007518935554,0.9596219648260588,0.15983067144970464,1.113424692200926,-0.15166224872164574,-1.1002264037517675,0.07209924360749459,-0.3017254899466664,0.40773144125361244,-0.779877779082087,-0.0372946136880422,0.5611549315489349,0.07090567952934224,-0.15293760805329318,-0.9684241995664463,-0.34302066146060767,-0.4326198055302567,0.06824119228866675,0.37792309093399606,0.16385425475931426,0.3139128612285436,-0.9725661526205451,-0.5376672676031997,-0.05925320505591237,-0.5204682285192035,-0.5669571608456248,0.04747327128831992,-0.2274222903596514,0.199020990672463,-0.5006554759064051,-0.06145647533862726,-0.7975951270172453,-0.3779040868084308,0.11991835663444338,-0.047534627658590366,0.01578161246760022,0.2285774305005797,0.34279654148107186,-0.5626153278815996
-0.21999553051892756,-0.603471965660822,-0.160163374968322,-0.6644704169271772,0.42269419022747223,0.5441549208152834,-0.830730493082126,0.5235303649654532,0.6422430439181082,0.28552381569160656,0.23813763913816494,-0.7362241401253906,0.32451378985780466,-0.17662306294986535,0.31454798702464887,-0.5297151209613751,-0.6480583062697969,0.7437553848345034,-0.3553337880037552,0.3349171493671109,-0.6026175725404498,-0.844141592679157,0.32080623622800564,-0.06191968401134766,0.16385425475931426,0.4731367313922005,0.7497296091885945,-0.8361343435838061,-0.28061263072710874,0.4058105818252437,0.05403482313799731,-0.2954011109117982,-0.11686104270490354,0.11270031537123226,0.6010434104005018,-0.890615280301847,-0.55540018822705,-0.361989946509239,-0.6025660119366398,0.30594346850770543,-0.6793516043001948,-0.11300614008424102,0.03799824407809594,0.2050387389681352,0.29142623428476394
-0.5353814816687179,-0.8570966974584013,-0.9228627689547266,-1.0689939643722144,1.3658694167660472,1.6696361411672447,-1.6747462575801173,1.2663908757033713,1.170732042679464,1.2175585827109636,-0.13553894148363974,-1.7911059342059732,0.5058198799001936,-0.9887691145973089,0.38656481946761273,-1.4714461527244334,-1.9259030983613166,1.7571394303229453,-0.5731122603175067,-0.4197370789342803,-1.7824763782211075,-1.7156135963568941,1.259387615431246,-1.243093923460907,0.3139128612285436,0.7497296091885945,2.2635631554389106,-1.6391622953871678,-0.8117254586466612,1.9995532599239052,0.12217940303097037,-0.7264512176267272,0.17012172516429436,0.7672738190201593,1.8745378592771027,-2.6866975058835627,-1.4737494466457324,-1.017433405985192,-1.1768721521325949,0.550616087264552,0.23464675175257682,-0.7751371724156726,0.399600452608191,0.9017029615210392,-0.2770373260787604
0.020751308356573937,1.5456862392084711,-1.1215441061555778,0.8058078945714546,-0.4972892607278588,-2.9016736272030577,0.5396170049272131,-2.7068254879913796,-1.0267028449698545,-2.9987484584496813,0.29274847748095156,3.2826219335588926,-0.46608132918910017,0.9349567388748684,-1.1953984252081542,2.3931162285958876,0.8718927573425616,-2.101687772735816,0.17516764385399747,0.2940543366307382,2.9923429560506682,1.6317912011882831,0.5637691149864119,0.11551649341161199,-0.9725661526205451,-0.8361343435838061,-1.6391622953871678,3.0344125752662823,1.5668241465131032,-0.49712068880452087,1.2099544036304035,1.5295290215954076,-0.04276054573797385,0.3494665211533422,-1.209903077023376,2.1578021335072326,0.7983561708054309,2.2169071645858,1.5278500738712797,-0.5291424714813775,0.46891255959996514,0.24430184807800545,-0.6574183463309674,-1.1551875889241416,1.2160934219304398
-0.10278434150693821,0.6712644080635928,-0.8134915646886016,0.12997782428030882,-0.1519157892107148,-1.7547667186733018,-0.12217357091283233,-1.5438411911089136,-0.33297395295230336,-1.9938824868567555,0.4635404708801692,1.8398214899015712,-0.11177718594142952,0.6025065861093097,-0.5923963652994167,1.3846514815390527,0.3247425146409837,-1.0540632397175425,-0.1018133063335639,0.5932888546802015,1.8087168182745164,0.6268600219803403,0.480149002331184,0.21061826782253745,-0.5376672676031997,-0.28061263072710874,-0.8117254586466612,1.5668241465131032,0.9460274180677478,-0.2847235310297981,0.890955037747745,0.8439695769405086,-0.1433853538221187,0.2435950108042565,-0.5914516353209363,1.0654048297830947,0.29576989596462355,1.3293359128314721,0.7230753154365072,-0.15397018692444378,-0.3207646100631681,0.21714921542778137,-0.49244580084707695,-0.7793046148304241,1.1534585309990621
-0.61579886543841,-0.1685322895254987,-1.712833193275653,-0.7618602969687234,1.457698357477815,0.7471707963087998,-1.637808778008092,0.3064339680347464,0.8075640583519439,0.2080310372626985,-0.1673232020329268,-0.6576938407347371,0.3189747327050017,-0.8839933371848071,-0.15569693139804913,-0.7041359369719965,-1.9245287841087362,1.10183975122825,-0.5190943043515606,-0.6107346787858661,-0.8121427362385261,-1.2023918197193677,1.8184579095226723,-1.6387544831319873,-0.05925320505591237,0.4058105818252437,1.9995532599239052,-0.49712068880452087,-0.2847235310297981,2.3299487196618127,0.6932179695014198,-0.2090051155244852,0.2899455009367895,1.1691579191864132,1.7295135886867918,-2.309929303425059,-1.3765743464440179,-0.2533911540724022,-0.6108980849285657,0.3779139511679252,0.8969053073899703,-0.8830059376411927,0.23426052152821492,0.607389163130044,0.005964941997117693
-0.4767444394138737,0.43592046311584015,-1.7682318098768794,-0.49377427537622887,0.6105436791573263,-1.56164968988751,-1.2323508983677736,-1.3985571377953177,0.21398520223837944,-2.220258095760309,0.7174281307785337,1.5336746911637977,0.16176962318382465,0.26801730844438504,-0.5781405473029235,1.1220118332115958,-0.6336296035577361,-0.48065161170220344,-0.5054661158960166,0.7831222739289783,1.622757872932278,-0.1584949693447143,1.4082382595448502,-0.345241061684198,-0.5204682285192035,0.05403482313799731,0.12217940303097037,1.2099544036304035,0.890955037747745,0.6932179695014198,1.428880426640052,0.68335116845563,-0.11714525829243963,0.8089217937410448,0.20827446746725048,-0.08298436903109707,-0.4098549825723179,1.2817249820989136,0.377332522227092,0.16657822772741443,-0.5051057604548048,-0.04088291746862113,-0.531107854250373,-0.689413767623447,1.6338370828745814
-0.05604953490271365,0.6553294745793204,-0.6221844331236004,0.21960513004162413,-0.20420284588712162,-1.5618036168647869,0.03933031354056144,-1.4900114737107115,-0.33946281955759133,-1.695233064663997,0.23938379121242853,1.7436697827420962,-0.1481394274941615,0.5735619690001349,-0.5942123247316441,1.2636117248446572,0.3017075019097161,-0.982804381551541,-0.03996109388833373,0.2986243046985825,1.5516746965243478,0.6719908158966287,0.41619025358933376,0.10671664939943203,-0.5669571608456248,-0.2954011109117982,-0.7264512176267272,1.5295290215954076,0.8439695769405086,-0.2090051155244852,0.68335116845563,0.8913827325056006,-0.11184611302950234,0.18672135521410085,-0.5188826739336381,1.05636968294647,0.26524543581524607,1.2359585428976907,0.6380532508266207,-0.23470614402509513,-0.03848828516735377,0.0806727709656456,-0.3683902549650653,-0.5838061685453219,0.8362895738550884
0.030393036852220907,0.13435861991574646,-0.04076815672586293,0.19100929843914813,0.08880794182138746,0.2945604160019177,0.1772283901013001,0.17998998981956985,-0.12347655916733713,0.3929872159546689,-0.2720116661325465,-0.20168084349916185,-0.09125534992340698,-0.23585216325024105,-0.048325406903130655,-0.20054921362033834,-0.08664514648192416,0.06704430363431471,0.12643825233536687,-0.4429312434546348,-0.2793913252077118,0.07614583656549781,0.043331533537175525,-0.33103719479833027,0.04747327128831992,-0.11686104270490354,0.17012172516429436,-0.04276054573797385,-0.1433853538221187,0.2899455009367895,-0.11714525829243963,-0.11184611302950234,0.1616667135517277,0.10329497338982206,0.14402848850603375,-0.2304571738772668,-0.02394108362794074,-0.19856036628385232,0.04183953336257351,-0.050630668608244035,0.6263417443660191,-0.14962675587662663,0.1451362213348331,0.19137942947016992,-0.45044384240861324
-0.39836715065811074,0.18558175946803468,-1.3482617381447637,-0.393840775044555,0.775790526434632,-0.3295698476592363,-1.0081508316821917,-0.44307541118848703,0.3106680467075734,-0.7583757677644561,0.16057416973012625,0.38004824569246953,0.1415623598900071,-0.259384068375616,-0.32057610874977355,0.18652215467597336,-0.9356716633284152,0.17385445374427222,-0.34335190109376557,-0.01754144440627638,0.34240279357292214,-0.4336290598305226,1.2244342424248846,-0.8069882098442553,-0.2274222903596514,0.11270031537123226,0.7672738190201593,0.3494665211533422,0.2435950108042565,1.1691579191864132,0.8089217937410448,0.18672135521410085,0.10329497338982206,0.7737504209609662,0.707197015219107,-0.8758379465610201,-0.6359999321332128,0.4034253551643868,-0.017808255944869213,0.17850567327561653,0.30141935408631554,-0.3592640349549361,-0.10295005959313704,-0.03448836507929888,0.5514570929241029
-0.47443319614467727,-0.6395684787476946,-0.9087611021138774,-0.8885245921241846,1.1708097794762524,1.242469296474103,-1.4475193459187852,0.9021212835091564,0.959767335332387,0.8311337995337155,-0.09126882467506817,-1.3213224423950196,0.41364444272504625,-0.7973701540622249,0.24787713168624467,-1.1094240572666476,-1.6383422462717137,1.3896751713539623,-0.49761914846918326,-0.3399099757059535,-1.335949549560393,-1.393625490307633,1.1630162060563043,-1.0876057168314153,0.199020990672463,0.6010434104005018,1.8745378592771027,-1.209903077023376,-0.5914516353209363,1.7295135886867918,0.20827446746725048,-0.5188826739336381,0.14402848850603375,0.707197015219107,1.5642408791912965,-2.2068086294279694,-1.244132193465298,-0.7203077389954577,-0.9231841202412051,0.4472053950210839,0.23287935450801192,-0.6658534006733299,0.29893056215801095,0.7038972879653485,-0.13854162970295175
0.610157916805668,1.0669273611077603,1.0196857467139215,1.2591256871299583,-1.626405504898363,-2.164754103212431,1.9448817885692256,-1.7487025927819495,-1.367047522516582,-1.6448410771565303,0.1345594675220924,2.3736764320016497,-0.6027468925149395,1.2664558370218686,-0.5528398280593905,1.8975989385933307,2.2340657013032703,-2.1595416025629444,0.644019482263906,0.4614904424522082,2.249695129311755,2.0815166670955447,-1.3718476178673777,1.4306131248468472,-0.5006554759064051,-0.890615280301847,-2.6866975058835627,2.1578021335072326,1.0654048297830947,-2.309929303425059,-0.08298436903109707,1.05636968294647,-0.2304571738772668,-0.8758379465610201,-2.2068086294279694,3.2882770568541297,1.7013399513375835,1.3961273208998652,1.403863127841919,-0.7036668387817165,-0.24347742277233084,0.8435284229018704,-0.4889058829201296,-1.0686731525476905,0.40581540121228105
0.465932628737431,0.5286788344971545,0.954105558187344,0.8815454848921164,-0.9939946282901682,-0.6670042511905528,1.4292757252051136,-0.4533292941647642,-0.8755036590666612,-0.19897204519307723,-0.13842103240957226,0.7704201239048305,-0.4027510964707294,0.49910401768214235,-0.1436818232989553,0.6595049603744592,1.3886090177642132,-1.041254409546153,0.5348277022379959,-0.022157531538280935,0.7489845585627708,1.1940966399850406,-1.1232724418709739,0.7850701746529163,-0.06145647533862726,-0.55540018822705,-1.4737494466457324,0.7983561708054309,0.29576989596462355,-1.3765743464440179,-0.4098549825723179,0.26524543581524607,-0.02394108362794074,-0.6359999321332128,-1.244132193465298,1.7013399513375835,1.0666410511905706,0.31658781673547787,0.7306730185607668,-0.40540927533912174,0.162013660548263,0.4907072736384651,-0.10994231596916737,-0.40296585926926903,-0.30938122570416904
-0.18265315464928064,0.9302217344699276,-1.2282868220262373,0.13359730955988072,-0.14207799781030525,-2.4518679154242458,-0.2684730353879453,-2.213107556253434,-0.40368584978242655,-2.815378855326266,0.6179836885693789,2.6022052015069637,-0.13611584202083127,0.8285750565638431,-0.8597594036031759,1.9329221355378703,0.329681370918959,-1.423398217754529,-0.18283020860683685,0.7732918890435728,2.5003000423840684,0.8192108280069448,0.7999856773327739,0.19428468238648802,-0.7975951270172453,-0.361989946509239,-1.017433405985192,2.2169071645858,1.3293359128314721,-0.2533911540724022,1.2817249820989136,1.2359585428976907,-0.19856036628385232,0.4034253551643868,-0.7203077389954577,1.3961273208998652,0.31658781673547787,1.8964103391909015,0.9610818919332861,-0.21488161488008026,-0.39017522031057106,0.22139739095746128,-0.6709080320451969,-1.0387822761359435,1.6205699815727013
0.17767401595357785,0.9040155415734096,-0.20886576264511206,0.7149370863873179,-0.5061809516875347,-1.3715477476740008,0.7720104969922053,-1.201266047794158,-0.8087312185943394,-1.234701945624127,0.03685722226167785,1.564580614347668,-0.3708611757238795,0.45988214741729483,-0.5626709415775825,1.1753291054653348,0.846188865056252,-1.2466723591808513,0.30847685731493724,0.02774263104080217,1.4790658351800612,1.1305549826732295,-0.14354548299306344,0.2247077261297129,-0.3779040868084308,-0.6025660119366398,-1.1768721521325949,1.5278500738712797,0.7230753154365072,-0.6108980849285657,0.377332522227092,0.6380532508266207,0.04183953336257351,-0.017808255944869213,-0.9231841202412051,1.403863127841919,0.7306730185607668,0.9610818919332861,0.9600870830157145,-0.3539028124519167,0.43532193780732387,0.2756035221412438,-0.2945760599310052,-0.6188475671404753,0.2996127757878429
-0.19033508333231605,-0.3546136350165439,-0.3011699462560743,-0.47371161977924847,0.38130194628333075,0.3138012164292684,-0.6647226538812993,0.33599122918867275,0.4270492710635945,0.0819780719709738,0.2203521029916004,-0.4668486252598077,0.2244145883808488,-0.17468086003453526,0.17979949212051152,-0.32858607561266434,-0.5055533724686189,0.49065448617183827,-0.2635901583780113,0.26948328518711046,-0.3173012135806632,-0.6007795702533634,0.3380707113119626,-0.11832462799948074,0.11991835663444338,0.30594346850770543,0.550616087264552,-0.5291424714813775,-0.15397018692444378,0.3779139511679252,0.16657822772741443,-0.23470614402509513,-0.050630668608244035,0.17850567327561653,0.4472053950210839,-0.7036668387817165,-0.40540927533912174,-0.21488161488008026,-0.3539028124519167,0.24592265642997835,-0.4347274542627955,-0.06580543585873268,-0.010185271240101408,0.08167519088565629,0.2878798475968634
0.23092271658721764,0.8389595237604334,-0.01478741622368815,1.080345323746577,0.047485037934631366,0.6932283428429762,1.133243950770274,0.165529844107405,-0.7713993909441474,1.2227670910303197,-1.2376527328002482,-0.1471952488422982,-0.5196954128868243,-0.6710953200380082,-0.4243124946110429,-0.3532303531546384,-0.0063568954494930855,-0.19514096753603338,0.6446537870578155,-1.9388881675138587,-0.6831496365021426,0.7961583903376217,0.0481986389716991,-1.2304845660886212,-0.047534627658590366,-0.6793516043001948,0.23464675175257682,0.46891255959996514,-0.3207646100631681,0.8969053073899703,-0.5051057604548048,-0.03848828516735377,0.6263417443660191,0.30141935408631554,0.23287935450801192,-0.24347742277233084,0.162013660548263,-0.39017522031057106,0.43532193780732387,-0.4347274542627955,2.7690948339428076,-0.6080391539391916,0.5482673156696968,0.6723826381709171,-1.8585320571706256
0.164082383086012,0.06386382446327585,0.4196665448837718,0.16247971087119836,-0.46731170302345215,-0.48301874706083076,0.39859309465969706,-0.21491575679260963,-0.2523351153109631,-0.40036491823808323,0.2698516291478432,0.37305571989711245,-0.06882931106860164,0.37125356769311824,0.04355059038422861,0.39206995853051485,0.6788661568541244,-0.457408595348761,0.1051397991620809,0.4983325215861654,0.5475366057257057,0.37348925857485976,-0.552690390779546,0.6780179247973522,0.01578161246760022,-0.11300614008424102,-0.7751371724156726,0.24430184807800545,0.21714921542778137,-0.8830059376411927,-0.04088291746862113,0.0806727709656456,-0.14962675587662663,-0.3592640349549361,-0.6658534006733299,0.8435284229018704,0.4907072736384651,0.22139739095746128,0.2756035221412438,-0.06580543585873268,-0.6080391539391916,0.41899715293534984,-0.20248605700440298,-0.39182109996545644,0.3271401752119342
0.09368046322510093,-0.20673375647778358,0.4398917656081054,0.10368510752180106,0.04380011651849116,0.9243662466530106,0.25390957848519097,0.7286111666893955,0.049230654639483645,1.131543312242713,-0.4214706218603091,-0.8692806804091601,-0.024805032067046293,-0.3508239594884194,0.21800129095957696,-0.6955227655608935,-0.13505037502526,0.4629382162950137,0.1459183357388507,-0.5793982945363053,-0.9660456152995345,-0.16299390455100954,-0.24790939266725964,-0.255628408367564,0.2285774305005797,0.03799824407809594,0.399600452608191,-0.6574183463309674,-0.49244580084707695,0.23426052152821492,-0.531107854250373,-0.3683902549650653,0.1451362213348331,-0.10295005959313704,0.29893056215801095,-0.4889058829201296,-0.10994231596916737,-0.6709080320451969,-0.2945760599310052,-0.010185271240101408,0.5482673156696968,-0.20248605700440298,0.3221459128643642,0.4840011084302428,-0.8355896688825513
0.031451445309438095,-0.4567751815642884,0.46118872694365104,-0.0782763770594128,0.2691001939959705,1.4821029293462307,0.029666912604638357,1.1567777182407986,0.2964404110018267,1.6733482758849836,-0.556896531160393,-1.4368754102549692,0.06968773183358117,-0.590334874372484,0.36731586924998244,-1.1545510383175341,-0.5004834202645942,0.917632965813679,0.07464359460735019,-0.7896325532545015,-1.571004951023669,-0.5264686562596054,-0.12869575280005116,-0.49863023746245316,0.34279654148107186,0.2050387389681352,0.9017029615210392,-1.1551875889241416,-0.7793046148304241,0.607389163130044,-0.689413767623447,-0.5838061685453219,0.19137942947016992,-0.03448836507929888,0.7038972879653485,-1.0686731525476905,-0.40296585926926903,-1.0387822761359435,-0.6188475671404753,0.08167519088565629,0.6723826381709171,-0.39182109996545644,0.4840011084302428,0.7875873286492513,-1.105942724064069
