V1,V2,V3,V4,V5,V6,V7,V8,V9,V10,V11,V12,V13,V14,V15,V16,V17,V18,V19,V20,V21,V22,V23,V24,V25,V26,V27,V28,V29,V30,V31,V32,V33,V34,V35,V36,V37,V38,V39,V40,V41,V42,V43
1.2238167322682634,-0.13173267687349982,-0.013238846171934434,-0.4517333458727528,0.616740182176592,0.1510400021445286,0.08927888013673767,0.6287215994713734,-0.1346228107889259,0.15840673495578528,0.27557152436117427,0.08548793516312132,0.12074217894935783,0.035203322679683235,-0.08050790163305019,0.13373643988210973,0.2743102025984966,0.46390318203804215,-0.10632499920887158,-0.16601895720239984,0.4824851436239495,0.038127239860683795,-0.7552090943821581,0.09775986425455138,-0.2784237947749747,-0.19175266543329253,-0.3969163337580512,-0.06916267906328515,-0.25192325926021913,-0.11392152407238627,0.03585472962717115,0.274152421401266,0.0069624167770050115,-0.05642145371601972,-0.16289882815280946,0.35635899597265136,-0.20795184615492557,-0.19459176609838133,-0.3512598221599921,-0.39526892133062064,0.5245829311828695,-0.016402019481821437,0.24682634407862591
-0.13173267687349982,1.1591290844890625,0.06197993951183673,-0.13460477776337068,0.1137651289836909,-0.08293245673318411,0.14335196862597935,0.09168859127084279,-0.0947794113961362,0.6024305456652925,0.2518773872077582,0.08465270169367972,-0.11870907525790828,0.16837526494004357,-0.04577274528364957,-0.43132390145007743,0.16150582852816983,0.15887647824887674,-0.24988046142925352,0.29182045735156653,-0.05035599252371988,0.1149168120946623,0.13067394445642694,-0.45281296148358,-0.024770901881745612,0.08913470833258949,-0.09927999666314784,-0.26279273398848785,-0.08426449225176375,0.23121901256792174,-0.2750766388031011,0.06041967947561857,0.0994704790730357,0.3169753260059322,0.2241935747620111,-0.07643885724087601,0.20579964368870518,0.01535720322668476,0.5314699663748835,0.4224374956746626,0.2178617884167475,0.5849364928222769,-0.3454868433242272
-0.013238846171934434,0.06197993951183673,1.011518964408079,0.19024344647646566,-0.2557346194476348,0.23195079805527588,-0.29434334328459755,-0.007250643813974367,-0.2517155390149006,0.39452914248175075,0.3868149112890093,0.13010712802695862,0.24576809237419117,0.17811583117679258,-0.11220490629099418,0.20474523124331548,-0.17249961378443224,-0.06525599570427398,-0.3044803528362955,0.2595803224738736,0.22114801362830086,0.035649462478268425,0.5264511407039761,0.05072872298627087,-0.04825855540467203,0.1066518855615228,0.0989594223592502,0.41800547156146195,-0.28571502380344976,-0.12302779781889805,-0.2817768843574045,0.4238147062543166,0.011856024979070678,0.5798504118315725,-0.0849092889402532,0.00497128557628698,0.29005370455069407,-0.24153444432471113,-0.06577814021537748,0.05508628429058376,-0.20908435566884462,-0.12221879658406978,-0.3656829593176854
-0.4517333458727528,-0.13460477776337068,0.19024344647646566,1.1146963410242976,0.02005644554687113,-0.07859360033027944,-0.33944470208932226,-0.21086787229283224,0.31114861403682165,-0.009447435670744063,-0.11429375550772713,0.3838508045431839,-0.0824021473169144,0.06394142445486063,0.3854736160551063,-0.08602693285512694,-0.20886755933254864,-0.255169077034754,0.10509419823714199,0.21422858808431336,-0.4849459075346494,-0.09457782348425747,0.5426234518962382,0.2567875766915634,-0.18960359286708714,0.3785934028369517,0.31538132005400316,0.639228394698358,0.001049013675684359,-0.13456184898307513,0.554247882051257,-0.10472356384827544,-0.19902949172588982,0.2546302970408188,0.3778068737314224,0.0017173151497359423,0.1357017406520126,-0.3943337821891507,0.0479191694114529,0.10860247978358514,-0.49602422636307236,0.07214644961464421,-0.3430955149423729
0.616740182176592,0.1137651289836909,-0.2557346194476348,0.02005644554687113,0.983916940122495,-0.21119093771507094,0.3413264349558642,0.13825852601028166,0.22688499059746936,0.2752740604492653,0.08904782705981223,0.39572757365351474,-0.05895001820862713,0.3851107702648314,-0.014514324854837354,-0.34822767196804455,0.25092181169992867,0.08337775938287284,0.16318191920509362,-0.1705717559608827,0.27577211639962323,-0.0733345954908317,-0.619186892057792,0.06640645533862118,-0.15757273195842686,0.043760041117541795,0.10235957916805712,0.09905101059734839,0.14745342934542952,0.2330203112109858,0.27247579304637853,0.13235313960502965,0.18832899902677555,0.016110091721275987,0.23113954992128177,0.1816868897346067,-0.2593792507771976,-0.2328770878633628,-0.07164128802553558,-0.029955146084435457,0.26758286841432727,0.20635414946674646,0.02684000087376324
0.1510400021445286,-0.08293245673318411,0.23195079805527588,-0.07859360033027944,-0.21119093771507094,0.8060269808913414,-0.08947394561842341,0.33399614482328943,0.11761244294285897,0.07973030648599325,-0.08021552727752965,-0.09589770818303092,0.3038084502582311,-0.1558339144304437,0.1572529991148009,0.2008657004546792,-2.4523349471315665e-4,-0.03635085724834902,-9.699461959329879e-4,0.29630524865324315,-0.04050870253242143,-0.0015051764439791954,-0.01759849358215814,-0.16094936904509846,0.017992357644038958,-0.012996608539123383,0.23032577783528155,-0.12820468746976876,-0.04725520960139819,-0.31024967857739444,-0.2290029849152523,0.13580563477753319,0.19125007852029133,0.031082040289438378,-0.2352224340348644,-0.1790968782399604,-0.22503679871690008,0.0029851948076322255,0.09792324981931118,-0.05515856268599206,-0.16709492271006837,-0.09221236702785825,0.2990754474780172
0.08927888013673767,0.14335196862597935,-0.29434334328459755,-0.33944470208932226,0.3413264349558642,-0.08947394561842341,0.8455434610358237,0.0542147204653271,0.26405009975476623,0.20884282799050496,-0.08096281215469649,0.023573145318730036,-0.001682599120304233,0.14712717560489627,-0.09392979197570736,-0.43254261586415854,-0.14309115156111823,0.1773851862611854,0.3773933027832192,-0.07249043960475872,0.09710637234817668,0.02155318929505537,-0.39525968248009674,0.04867720260558258,0.14683325093420987,-0.045665362530205846,-0.016593892419755816,-0.23608932558669418,0.3692844925038742,0.2750702646114751,0.10203322339762351,-0.13510117486759607,0.3227453501603233,-0.12115602999485181,-0.04161625890017852,-0.12271046119894884,-0.15389940536520527,0.2002197695468917,0.0923973023988602,0.19776804970256798,0.4457067516728571,0.21571859692405984,0.047330503588297754
0.6287215994713734,0.09168859127084279,-0.007250643813974367,-0.21086787229283224,0.13825852601028166,0.33399614482328943,0.0542147204653271,0.9631804369587786,0.22107347860694285,0.3435009872183732,0.2748399597319556,-0.15055509838223172,-0.08313978318155332,-0.36250284921396164,0.07288467870325242,-0.13037070423660202,0.43935031190055296,0.26889775206988376,0.008908799059489027,0.2045907060112879,0.2013454085993606,0.21555519766258607,-0.4365286271775777,0.07046219729723706,-0.41098078539574695,0.22792139669139222,-0.2911023890519972,-0.2227239819222521,-0.037326971623945264,-0.30678373942903836,-0.10119331105237306,0.26808875998238885,0.017799473323231285,-0.2943029544729083,-0.26751544824236856,0.18372971894599321,-0.21498659015324315,-0.23777710940810698,-0.16579783150359917,0.07400184665160814,0.3239324687872425,0.1971449126724767,0.07475967752498545
-0.1346228107889259,-0.0947794113961362,-0.2517155390149006,0.31114861403682165,0.22688499059746936,0.11761244294285897,0.26405009975476623,0.22107347860694285,1.3687834604256275,0.08169013264856179,-0.18419565547401043,0.1664563807324615,-0.332454548518571,-0.26889765829188894,0.07415536127747194,-0.19679788618678484,0.24303084326216218,-0.1396460366045468,-0.026879133852078085,0.04694987613439811,-0.007922789331150063,-0.12459103447850378,-0.46146117396807385,0.5931759226210291,-0.3696696258954253,0.2925699632276476,0.4614346911299281,-0.01740820483607494,0.5443322244613175,0.13700735458397595,0.27908514166771187,-0.11485908002718515,0.3123130547572191,-0.36701783358744633,-0.018666347205699846,-0.05198796621660565,-0.1663581542037508,-0.24640912279615035,0.2628506104038063,-0.1489879645751652,-0.3317989033528195,-0.1264009555942201,0.21878825426655069
0.15840673495578528,0.6024305456652925,0.39452914248175075,-0.009447435670744063,0.2752740604492653,0.07973030648599325,0.20884282799050496,0.3435009872183732,0.08169013264856179,1.8031489842294837,0.826064045940996,0.12215524693036696,0.05270985846516709,-0.10896178716200984,0.09520438014298703,0.219009243277314,0.16663244033399388,-0.11184951853700052,0.05348011185610373,0.17259132166717356,0.509483037933861,0.3300213581522098,0.2758869322566412,0.009951072889804333,-0.08731675068960273,0.24026677509916103,-0.14671753726521616,-0.26813189344823546,0.45884165795899273,-0.5187980782613935,-0.2997884664440073,0.424562951266738,-0.4066963962014009,-0.0896468042927955,-0.06221463123976943,0.38348527917424674,-0.0616734685295344,0.1397356167628446,0.21125917233735508,0.19764723297964945,0.4120201666465074,0.481719531825887,-0.41353920697534213
0.27557152436117427,0.2518773872077582,0.3868149112890093,-0.11429375550772713,0.08904782705981223,-0.08021552727752965,-0.08096281215469649,0.2748399597319556,-0.18419565547401043,0.826064045940996,0.8789803090652026,-0.014859284297332737,-0.02208137546380353,-0.20409323040188318,0.20365274538534311,0.34756954363531434,0.2033116018327844,-0.10485440268537201,-0.15438481982751856,0.2763709907537463,0.6747401579441683,0.1746986542584117,0.06909579378429045,0.03855569782960387,-0.1204195025356599,0.1624235056427903,-0.06520987355872178,0.028572885458969043,0.08490053710634325,-0.26875666367284184,-0.23671917269077633,0.39833555960019396,-0.26911996167424806,0.15048584156006603,0.016480697282134377,0.0616793394660122,0.008415229762682401,-0.06467633492183006,-0.20851320683202215,0.023195208771533256,0.30798517987318264,0.06309381790899368,-0.2609889153515407
0.08548793516312132,0.08465270169367972,0.13010712802695862,0.3838508045431839,0.39572757365351474,-0.09589770818303092,0.023573145318730036,-0.15055509838223172,0.1664563807324615,0.12215524693036696,-0.014859284297332737,0.5755900234646864,0.00592633564034243,0.3473282452257453,0.21792066143259972,-0.14461015632286134,-0.06272340081000073,0.014207001149132951,0.02940903799800666,0.15654590209297842,-0.020418435021900133,-0.08394566151319562,-0.05073351112227092,0.27451342707826826,-0.046168875274170615,0.2150316557159181,0.06653325720350552,0.2274633891324813,0.14368250717736059,0.14515734873863081,0.31156120792975145,-0.018973550939172256,-0.034689650056846356,0.13698882623825537,0.20366800632716592,0.18127794772355194,0.1732648915886792,-0.3236776144154292,0.008637594593942177,-0.11770942244576621,-0.1567153890919349,0.0038111542538244326,-0.027913364341725682
0.12074217894935783,-0.11870907525790828,0.24576809237419117,-0.0824021473169144,-0.05895001820862713,0.3038084502582311,-0.001682599120304233,-0.08313978318155332,-0.332454548518571,0.05270985846516709,-0.02208137546380353,0.00592633564034243,0.6474733190560338,0.05161540195636755,-0.1220253270545678,0.00509433001914886,-0.11309460299649625,-0.028080335894506477,0.11442581829314816,0.09448622985110464,-0.35794330260867374,0.13479791043742964,0.16551931547389745,-0.23435421579721877,0.2540884844570039,-0.35785010103845444,0.0199467224024782,0.1254942158614327,-0.06032229239181599,0.07258918188563095,-0.23763708090384542,0.11288903817565457,-0.16319342226211078,0.47572717205849807,-0.1268464904211972,0.16211008125429435,-0.18951293638235314,0.16228337750479743,0.03538447788236823,-0.26593465943878425,-0.0030419908159045796,0.1055097422455549,0.25417548948892377
0.035203322679683235,0.16837526494004357,0.17811583117679258,0.06394142445486063,0.3851107702648314,-0.1558339144304437,0.14712717560489627,-0.36250284921396164,-0.26889765829188894,-0.10896178716200984,-0.20409323040188318,0.3473282452257453,0.05161540195636755,1.0512129205593148,-0.19424948605154124,-0.020469546364940378,-0.24165806216730962,0.12371141330004091,-0.006832081853368284,-0.17892591713626796,0.01696785223337837,-0.23835024848833047,-0.17151966054132767,-0.007295118506149178,0.08644685959919883,0.11701088717833238,0.24006064288261744,0.22337263783466882,-0.3954189543514645,0.35728441577692316,0.006603981501393462,0.14388193278731223,0.19071033167691018,0.1793182992398566,0.24026487010094674,-0.19266366808212357,0.17360466863077684,-0.07776477177661004,0.19214848580972824,0.10151484514649425,0.01604450158646051,0.1802234794424849,-0.21267860120753834
-0.08050790163305019,-0.04577274528364957,-0.11220490629099418,0.3854736160551063,-0.014514324854837354,0.1572529991148009,-0.09392979197570736,0.07288467870325242,0.07415536127747194,0.09520438014298703,0.20365274538534311,0.21792066143259972,-0.1220253270545678,-0.19424948605154124,0.9971494106525737,0.2364985330492491,-0.15094056468712644,-0.10043639801404128,0.015346142627846952,0.45483244074849444,0.0567762212457952,0.028006541672393765,0.10910110983023637,0.08973028902810294,0.030039813241975456,0.4156669955386571,0.3071844140643748,0.21424132736417947,0.2700992871571034,-0.2839157125112758,0.26326647456404595,-0.07433499086964969,-0.27932902312716634,-0.20900368173679976,0.41171499049150095,-0.4167630009455375,-0.10558584263697951,0.008227362264615144,-0.021507983748781198,0.052516818610370115,0.0024798760306554584,0.02905350765030765,0.17028013823474994
0.13373643988210973,-0.43132390145007743,0.20474523124331548,-0.08602693285512694,-0.34822767196804455,0.2008657004546792,-0.43254261586415854,-0.13037070423660202,-0.19679788618678484,0.219009243277314,0.34756954363531434,-0.14461015632286134,0.00509433001914886,-0.020469546364940378,0.2364985330492491,1.4676808144971378,-0.10590733341496131,-0.057694486081886986,-0.18927271638610685,-0.022711163053278832,0.6145592400264847,-0.17247003867374006,0.08312018550952924,0.4235642295309441,-0.03992364806019413,0.00527562058589663,0.027303599913715722,-0.04080382210775718,-0.0651747401156932,-0.6491397560612218,-0.23407053800416502,0.1248492645093435,-0.3967093738775705,-0.354423224050408,-0.10696321339358274,-0.09913851845188505,0.0936844773170747,0.11502623470789626,-0.19711601051448613,-0.3971835351566528,-0.029807646405787407,-0.4772607933861491,0.109762276197089
0.2743102025984966,0.16150582852816983,-0.17249961378443224,-0.20886755933254864,0.25092181169992867,-2.4523349471315665e-4,-0.14309115156111823,0.43935031190055296,0.24303084326216218,0.16663244033399388,0.2033116018327844,-0.06272340081000073,-0.11309460299649625,-0.24165806216730962,-0.15094056468712644,-0.10590733341496131,1.1488395688612087,0.0635093437864143,0.05717919999289246,0.24500296389527335,0.4184727181053778,0.16658444068941367,-0.370013886328527,0.016452859545105253,0.017681064330552373,0.03760705767990561,0.07362441717029919,-0.39505428424596,0.27158397752765334,-0.24559837893441866,-0.28566632906757533,0.08920555093468767,0.1959474258442362,-0.24581230737184134,-0.2400894983078827,0.25262201901603776,-0.23322936448631043,-0.005932239723244215,-0.0064049418104687806,0.384470305072817,-0.028604456035943915,0.011930332929430531,0.18102270989140895
0.46390318203804215,0.15887647824887674,-0.06525599570427398,-0.255169077034754,0.08337775938287284,-0.03635085724834902,0.1773851862611854,0.26889775206988376,-0.1396460366045468,-0.11184951853700052,-0.10485440268537201,0.014207001149132951,-0.028080335894506477,0.12371141330004091,-0.10043639801404128,-0.057694486081886986,0.0635093437864143,0.8747458166103691,-0.22332128809746288,-0.07090264811951182,-0.19072487699714807,-0.02374196611514188,-0.25299892711185035,0.2059369852139895,-0.06833973411659801,-0.11888500285547186,-0.4320231866592872,-0.28756587859136784,-0.3079603974037719,-0.18344275443311142,0.07635349931903881,-0.15068880057807002,-0.08570893784324239,-0.0508489480693589,-0.10964324501004047,0.13744760812434223,0.32545775871404076,0.07625253458420375,0.13832082038979188,0.1826479958672931,0.42315280728313887,0.09882370488638911,-0.08509477303812375
-0.10632499920887158,-0.24988046142925352,-0.3044803528362955,0.10509419823714199,0.16318191920509362,-9.699461959329879e-4,0.3773933027832192,0.008908799059489027,-0.026879133852078085,0.05348011185610373,-0.15438481982751856,0.02940903799800666,0.11442581829314816,-0.006832081853368284,0.015346142627846952,-0.18927271638610685,0.05717919999289246,-0.22332128809746288,0.9497755052926665,0.053026731129984274,-0.004775934371744518,0.09577875940101833,-0.11049021490007054,0.030419250488399475,0.2996803465331447,-0.02856586635505319,-0.26081319516710033,-0.062026945936123366,0.3858562463285042,-0.2501204265636311,0.21540430020580315,-0.1265003330067144,0.18285993605540274,-0.08870157361818176,-0.11019922715062298,0.11648247650474551,-0.23811680171444932,-0.008878566341557618,-0.3050683142949321,0.21455946025583955,0.09002061425193371,0.04941092249611037,-0.007147063479956118
-0.16601895720239984,0.29182045735156653,0.2595803224738736,0.21422858808431336,-0.1705717559608827,0.29630524865324315,-0.07249043960475872,0.2045907060112879,0.04694987613439811,0.17259132166717356,0.2763709907537463,0.15654590209297842,0.09448622985110464,-0.17892591713626796,0.45483244074849444,-0.022711163053278832,0.24500296389527335,-0.07090264811951182,0.053026731129984274,0.8209856658988735,0.10554187889535191,0.09213491330961061,0.27516810028627303,-0.016851963756997206,0.0636305547233877,0.32671462910700383,0.24935481075451435,-9.206261569516626e-4,0.2460204455267872,-0.09562008320899984,-0.08378453166777307,-0.013572208449600488,0.05779364922039184,0.200377267946068,0.002361239434966416,-0.13965397711057223,0.0473728051932555,-0.1884620280445625,-0.005077153741705377,0.34955209531560527,-0.16221552182224977,0.029396670892445964,0.046419966416265224
0.4824851436239495,-0.05035599252371988,0.22114801362830086,-0.4849459075346494,0.27577211639962323,-0.04050870253242143,0.09710637234817668,0.2013454085993606,-0.007922789331150063,0.509483037933861,0.6747401579441683,-0.020418435021900133,-0.35794330260867374,0.01696785223337837,0.0567762212457952,0.6145592400264847,0.4184727181053778,-0.19072487699714807,-0.004775934371744518,0.10554187889535191,1.6422233742822308,-0.06400827540039261,-0.3616821801232551,0.15305948720647203,0.04218213918695227,0.20088249271672567,0.14713232339637655,-0.25323607465768033,0.2487694160913401,-0.22825101098738856,-0.1461125627965416,0.2344048668770451,0.4254245726771064,-0.4396082536724241,-0.20858610643931313,-0.11131923877968715,-0.1112487614053749,-0.006110367805694913,-0.4583348788715801,0.13772289809458924,0.250548611519173,-0.42231287059050643,-0.01822643609781254
0.038127239860683795,0.1149168120946623,0.035649462478268425,-0.09457782348425747,-0.0733345954908317,-0.0015051764439791954,0.02155318929505537,0.21555519766258607,-0.12459103447850378,0.3300213581522098,0.1746986542584117,-0.08394566151319562,0.13479791043742964,-0.23835024848833047,0.028006541672393765,-0.17247003867374006,0.16658444068941367,-0.02374196611514188,0.09577875940101833,0.09213491330961061,-0.06400827540039261,0.3154137984957409,0.12636500687012142,-0.14166584129715643,0.09808801827665674,-0.012889621908044933,-0.20619685066863358,-0.05299956022202442,0.16872547685313374,-0.041521759876718745,-0.1854303344342505,0.09645168503843002,-0.22526221600667917,-0.0361861204444757,-0.06999383358579221,0.20888337411843258,-0.14461823855202535,0.16152737003754933,0.0072167840442432145,0.0097298537177078,0.15885960055158077,0.2584035762475467,0.0860912347007624
-0.7552090943821581,0.13067394445642694,0.5264511407039761,0.5426234518962382,-0.619186892057792,-0.01759849358215814,-0.39525968248009674,-0.4365286271775777,-0.46146117396807385,0.2758869322566412,0.06909579378429045,-0.05073351112227092,0.16551931547389745,-0.17151966054132767,0.10910110983023637,0.08312018550952924,-0.370013886328527,-0.25299892711185035,-0.11049021490007054,0.27516810028627303,-0.3616821801232551,0.12636500687012142,1.3230013425514227,-0.27423088064373463,0.1905636583854527,0.08214447621745646,0.12685857364840245,0.2915255797657662,0.053152679144064956,-0.14127357115799022,-0.08852471271247604,-0.12470978246210195,-0.33178164191239123,0.354212757937732,0.10577368121278456,0.04075850069959848,0.2655833563621883,0.12094772939799224,0.10664667936776205,0.39742077524513253,-0.33926131713449265,0.08324758074422152,-0.38370381296167777
0.09775986425455138,-0.45281296148358,0.05072872298627087,0.2567875766915634,0.06640645533862118,-0.16094936904509846,0.04867720260558258,0.07046219729723706,0.5931759226210291,0.009951072889804333,0.03855569782960387,0.27451342707826826,-0.23435421579721877,-0.007295118506149178,0.08973028902810294,0.4235642295309441,0.016452859545105253,0.2059369852139895,0.030419250488399475,-0.016851963756997206,0.15305948720647203,-0.14166584129715643,-0.27423088064373463,1.029602945579167,-0.3220809788928359,0.31939282248885464,-0.15821465307230678,0.0809223230492809,0.33621343739946047,-0.22784713193157818,0.24029277261031412,-0.028229904954968934,-0.17428663612431794,-0.379366240821374,-0.11797344878584604,0.2386506266465598,0.29715546531078385,-0.3938542982256068,-0.2314926074281305,-0.2474809663053781,-0.11788093531425356,-0.4020667683503204,0.0010424557125886709
-0.2784237947749747,-0.024770901881745612,-0.04825855540467203,-0.18960359286708714,-0.15757273195842686,0.017992357644038958,0.14683325093420987,-0.41098078539574695,-0.3696696258954253,-0.08731675068960273,-0.1204195025356599,-0.046168875274170615,0.2540884844570039,0.08644685959919883,0.030039813241975456,-0.03992364806019413,0.017681064330552373,-0.06833973411659801,0.2996803465331447,0.0636305547233877,0.04218213918695227,0.09808801827665674,0.1905636583854527,-0.3220809788928359,0.7216920652671915,-0.30051943409894066,0.07793527727470118,-0.1948932119474364,0.12307401359592918,-0.07904256566786208,-0.08362844729339908,-0.20161092371622594,0.08014034104005707,0.12516201222508588,-0.04938247947962845,-0.12401431005661982,-0.05632923625448073,0.560975318670752,0.11674359820003878,0.20207976407214087,0.021633358391543633,-0.02304202457257904,0.13110768487419597
-0.19175266543329253,0.08913470833258949,0.1066518855615228,0.3785934028369517,0.043760041117541795,-0.012996608539123383,-0.045665362530205846,0.22792139669139222,0.2925699632276476,0.24026677509916103,0.1624235056427903,0.2150316557159181,-0.35785010103845444,0.11701088717833238,0.4156669955386571,0.00527562058589663,0.03760705767990561,-0.11888500285547186,-0.02856586635505319,0.32671462910700383,0.20088249271672567,-0.012889621908044933,0.08214447621745646,0.31939282248885464,-0.30051943409894066,0.7581235391075423,0.2715377250960716,0.0875974548355298,0.23847532044491265,-0.021733325320296027,0.0799307975222168,0.120662319030052,-0.04907486784212388,-0.42660635671770364,0.14003382787979518,-0.15031888696957113,0.08166339134553896,-0.34986425202835514,-0.04763938780161172,0.301195270516951,-0.1366171402383515,0.07699429528733003,-0.14532982657763396
-0.3969163337580512,-0.09927999666314784,0.0989594223592502,0.31538132005400316,0.10235957916805712,0.23032577783528155,-0.016593892419755816,-0.2911023890519972,0.4614346911299281,-0.14671753726521616,-0.06520987355872178,0.06653325720350552,0.0199467224024782,0.24006064288261744,0.3071844140643748,0.027303599913715722,0.07362441717029919,-0.4320231866592872,-0.26081319516710033,0.24935481075451435,0.14713232339637655,-0.20619685066863358,0.12685857364840245,-0.15821465307230678,0.07793527727470118,0.2715377250960716,1.377556482303314,0.3103458336313719,0.1988063313411735,0.37684333438895956,-0.07398430069040292,0.02556462101265177,0.3526156289780201,0.010091806867106402,0.29672095514739927,-0.7154721736224778,-0.4159392878911214,0.17628144987079852,0.35700045467692537,0.26514671653946187,-0.4220594833164919,-0.024199687402842483,0.2590397497002489
-0.06916267906328515,-0.26279273398848785,0.41800547156146195,0.639228394698358,0.09905101059734839,-0.12820468746976876,-0.23608932558669418,-0.2227239819222521,-0.01740820483607494,-0.26813189344823546,0.028572885458969043,0.2274633891324813,0.1254942158614327,0.22337263783466882,0.21424132736417947,-0.04080382210775718,-0.39505428424596,-0.28756587859136784,-0.062026945936123366,-9.206261569516626e-4,-0.25323607465768033,-0.05299956022202442,0.2915255797657662,0.0809223230492809,-0.1948932119474364,0.0875974548355298,0.3103458336313719,1.143672028291976,-0.21809402338219266,0.28973532725376416,0.16452805695377157,0.26485528094245697,-0.004943234916356478,0.6257654667078494,0.5559998319959414,-0.31332617927207845,-0.09009133058839704,-0.3861796096995755,-0.15592699438496926,-0.20402822160000492,-0.2606204927464944,0.03531986851268921,-0.13268904674515766
-0.25192325926021913,-0.08426449225176375,-0.28571502380344976,0.001049013675684359,0.14745342934542952,-0.04725520960139819,0.3692844925038742,-0.037326971623945264,0.5443322244613175,0.45884165795899273,0.08490053710634325,0.14368250717736059,-0.06032229239181599,-0.3954189543514645,0.2700992871571034,-0.0651747401156932,0.27158397752765334,-0.3079603974037719,0.3858562463285042,0.2460204455267872,0.2487694160913401,0.16872547685313374,0.053152679144064956,0.33621343739946047,0.12307401359592918,0.23847532044491265,0.1988063313411735,-0.21809402338219266,1.198655474272981,0.030608805595370988,-0.1149570270691621,-0.16313067229213463,0.02437156693441881,-0.5082437935091939,-0.04516724833728916,0.13684585508927724,-0.29994070112014687,0.04239270931728177,-0.0692708125785244,0.13674700783631383,-0.08332485835690888,-0.08931674287732566,0.4116967301068223
-0.11392152407238627,0.23121901256792174,-0.12302779781889805,-0.13456184898307513,0.2330203112109858,-0.31024967857739444,0.2750702646114751,-0.30678373942903836,0.13700735458397595,-0.5187980782613935,-0.26875666367284184,0.14515734873863081,0.07258918188563095,0.35728441577692316,-0.2839157125112758,-0.6491397560612218,-0.24559837893441866,-0.18344275443311142,-0.2501204265636311,-0.09562008320899984,-0.22825101098738856,-0.041521759876718745,-0.14127357115799022,-0.22784713193157818,-0.07904256566786208,-0.021733325320296027,0.37684333438895956,0.28973532725376416,0.030608805595370988,1.329385255509416,-0.03768120491911191,-0.08446104651864651,0.2619070494013351,0.21856619819469641,0.21187017726231422,-0.07375566515596559,-0.1534854984663486,-0.10639352370113409,0.15345184038782006,-0.34767554866752315,-0.09920881038250155,0.22401135907788652,0.3547900236820705
0.03585472962717115,-0.2750766388031011,-0.2817768843574045,0.554247882051257,0.27247579304637853,-0.2290029849152523,0.10203322339762351,-0.10119331105237306,0.27908514166771187,-0.2997884664440073,-0.23671917269077633,0.31156120792975145,-0.23763708090384542,0.006603981501393462,0.26326647456404595,-0.23407053800416502,-0.28566632906757533,0.07635349931903881,0.21540430020580315,-0.08378453166777307,-0.1461125627965416,-0.1854303344342505,-0.08852471271247604,0.24029277261031412,-0.08362844729339908,0.0799307975222168,-0.07398430069040292,0.16452805695377157,-0.1149570270691621,-0.03768120491911191,0.9568497991948857,-0.4066683797663333,-0.020887137538999456,-0.03924961708731757,0.13646053458871607,0.14463588463377586,0.1581908559770506,-0.17007521153019356,-0.15905687452231174,-0.1072371091293291,-0.025787514998553602,-0.08859047128021273,-0.20066678795920115
0.274152421401266,0.06041967947561857,0.4238147062543166,-0.10472356384827544,0.13235313960502965,0.13580563477753319,-0.13510117486759607,0.26808875998238885,-0.11485908002718515,0.424562951266738,0.39833555960019396,-0.018973550939172256,0.11288903817565457,0.14388193278731223,-0.07433499086964969,0.1248492645093435,0.08920555093468767,-0.15068880057807002,-0.1265003330067144,-0.013572208449600488,0.2344048668770451,0.09645168503843002,-0.12470978246210195,-0.028229904954968934,-0.20161092371622594,0.120662319030052,0.02556462101265177,0.26485528094245697,-0.16313067229213463,-0.08446104651864651,-0.4066683797663333,0.6028144106370459,-0.05058850115362387,0.2101383742515639,0.04575477684418357,-0.050097638361614405,-0.11699057297756653,-0.20766264438612222,-0.09665774961478338,-0.09706392571847465,0.06186526847774261,0.09578924026610292,-0.13055923613526577
0.0069624167770050115,0.0994704790730357,0.011856024979070678,-0.19902949172588982,0.18832899902677555,0.19125007852029133,0.3227453501603233,0.017799473323231285,0.3123130547572191,-0.4066963962014009,-0.26911996167424806,-0.034689650056846356,-0.16319342226211078,0.19071033167691018,-0.27932902312716634,-0.3967093738775705,0.1959474258442362,-0.08570893784324239,0.18285993605540274,0.05779364922039184,0.4254245726771064,-0.22526221600667917,-0.33178164191239123,-0.17428663612431794,0.08014034104005707,-0.04907486784212388,0.3526156289780201,-0.004943234916356478,0.02437156693441881,0.2619070494013351,-0.020887137538999456,-0.05058850115362387,1.0516539014355428,0.1413552108849481,-0.057050253416634805,-0.45793904417422254,-0.14745916788155464,-0.17577456462606564,-0.02145150375383414,0.43850332350396076,-0.15496882138193566,-0.21802574133761837,0.012338129440210885
-0.05642145371601972,0.3169753260059322,0.5798504118315725,0.2546302970408188,0.016110091721275987,0.031082040289438378,-0.12115602999485181,-0.2943029544729083,-0.36701783358744633,-0.0896468042927955,0.15048584156006603,0.13698882623825537,0.47572717205849807,0.1793182992398566,-0.20900368173679976,-0.354423224050408,-0.24581230737184134,-0.0508489480693589,-0.08870157361818176,0.200377267946068,-0.4396082536724241,-0.0361861204444757,0.354212757937732,-0.379366240821374,0.12516201222508588,-0.42660635671770364,0.010091806867106402,0.6257654667078494,-0.5082437935091939,0.21856619819469641,-0.03924961708731757,0.2101383742515639,0.1413552108849481,1.364836115117237,0.2547245679605491,-0.1017171778695255,0.19063577167912266,-0.2250462534016143,0.07078352781672446,-0.013631457333544745,-0.138190600031691,0.10424785773353998,-0.39452312370270815
-0.16289882815280946,0.2241935747620111,-0.0849092889402532,0.3778068737314224,0.23113954992128177,-0.2352224340348644,-0.04161625890017852,-0.26751544824236856,-0.018666347205699846,-0.06221463123976943,0.016480697282134377,0.20366800632716592,-0.1268464904211972,0.24026487010094674,0.41171499049150095,-0.10696321339358274,-0.2400894983078827,-0.10964324501004047,-0.11019922715062298,0.002361239434966416,-0.20858610643931313,-0.06999383358579221,0.10577368121278456,-0.11797344878584604,-0.04938247947962845,0.14003382787979518,0.29672095514739927,0.5559998319959414,-0.04516724833728916,0.21187017726231422,0.13646053458871607,0.04575477684418357,-0.057050253416634805,0.2547245679605491,0.6743445326358554,-0.44376973152938076,-0.054603753513073866,-0.06963818338095408,0.18356986478670445,0.07269964654958208,-0.012428891457738003,0.2512922002797875,-0.11169576539203957
0.35635899597265136,-0.07643885724087601,0.00497128557628698,0.0017173151497359423,0.1816868897346067,-0.1790968782399604,-0.12271046119894884,0.18372971894599321,-0.05198796621660565,0.38348527917424674,0.0616793394660122,0.18127794772355194,0.16211008125429435,-0.19266366808212357,-0.4167630009455375,-0.09913851845188505,0.25262201901603776,0.13744760812434223,0.11648247650474551,-0.13965397711057223,-0.11131923877968715,0.20888337411843258,0.04075850069959848,0.2386506266465598,-0.12401431005661982,-0.15031888696957113,-0.7154721736224778,-0.31332617927207845,0.13684585508927724,-0.07375566515596559,0.14463588463377586,-0.050097638361614405,-0.45793904417422254,-0.1017171778695255,-0.44376973152938076,1.1262404673996718,0.17445853381335322,-0.18309090869106776,-0.24054905456140355,-0.39837531368614565,0.0377446817756837,0.011933822298918305,0.005198243571282055
-0.20795184615492557,0.20579964368870518,0.29005370455069407,0.1357017406520126,-0.2593792507771976,-0.22503679871690008,-0.15389940536520527,-0.21498659015324315,-0.1663581542037508,-0.0616734685295344,0.008415229762682401,0.1732648915886792,-0.18951293638235314,0.17360466863077684,-0.10558584263697951,0.0936844773170747,-0.23322936448631043,0.32545775871404076,-0.23811680171444932,0.0473728051932555,-0.1112487614053749,-0.14461823855202535,0.2655833563621883,0.29715546531078385,-0.05632923625448073,0.08166339134553896,-0.4159392878911214,-0.09009133058839704,-0.29994070112014687,-0.1534854984663486,0.1581908559770506,-0.11699057297756653,-0.14745916788155464,0.19063577167912266,-0.054603753513073866,0.17445853381335322,0.7408827247062875,-0.21100698828485248,0.020766493321411925,0.103874389405473,-0.0902857144444895,-0.1916619568451681,-0.493296030921257
-0.19459176609838133,0.01535720322668476,-0.24153444432471113,-0.3943337821891507,-0.2328770878633628,0.0029851948076322255,0.2002197695468917,-0.23777710940810698,-0.24640912279615035,0.1397356167628446,-0.06467633492183006,-0.3236776144154292,0.16228337750479743,-0.07776477177661004,0.008227362264615144,0.11502623470789626,-0.005932239723244215,0.07625253458420375,-0.008878566341557618,-0.1884620280445625,-0.006110367805694913,0.16152737003754933,0.12094772939799224,-0.3938542982256068,0.560975318670752,-0.34986425202835514,0.17628144987079852,-0.3861796096995755,0.04239270931728177,-0.10639352370113409,-0.17007521153019356,-0.20766264438612222,-0.17577456462606564,-0.2250462534016143,-0.06963818338095408,-0.18309090869106776,-0.21100698828485248,0.9261152230016231,0.3803039713013799,0.11074438958002748,0.29205259331716527,0.19859904406995332,0.19961767653351764
-0.3512598221599921,0.5314699663748835,-0.06577814021537748,0.0479191694114529,-0.07164128802553558,0.09792324981931118,0.0923973023988602,-0.16579783150359917,0.2628506104038063,0.21125917233735508,-0.20851320683202215,0.008637594593942177,0.03538447788236823,0.19214848580972824,-0.021507983748781198,-0.19711601051448613,-0.0064049418104687806,0.13832082038979188,-0.3050683142949321,-0.005077153741705377,-0.4583348788715801,0.0072167840442432145,0.10664667936776205,-0.2314926074281305,0.11674359820003878,-0.04763938780161172,0.35700045467692537,-0.15592699438496926,-0.0692708125785244,0.15345184038782006,-0.15905687452231174,-0.09665774961478338,-0.02145150375383414,0.07078352781672446,0.18356986478670445,-0.24054905456140355,0.020766493321411925,0.3803039713013799,0.7774042285983805,0.16090539568577078,-0.05119281057034875,0.4099496232421009,-0.00803070182328596
-0.39526892133062064,0.4224374956746626,0.05508628429058376,0.10860247978358514,-0.029955146084435457,-0.05515856268599206,0.19776804970256798,0.07400184665160814,-0.1489879645751652,0.19764723297964945,0.023195208771533256,-0.11770942244576621,-0.26593465943878425,0.10151484514649425,0.052516818610370115,-0.3971835351566528,0.384470305072817,0.1826479958672931,0.21455946025583955,0.34955209531560527,0.13772289809458924,0.0097298537177078,0.39742077524513253,-0.2474809663053781,0.20207976407214087,0.301195270516951,0.26514671653946187,-0.20402822160000492,0.13674700783631383,-0.34767554866752315,-0.1072371091293291,-0.09706392571847465,0.43850332350396076,-0.013631457333544745,0.07269964654958208,-0.39837531368614565,0.103874389405473,0.11074438958002748,0.16090539568577078,1.3371363450519673,0.081042953998305,0.20643754644973847,-0.5260657221358442
0.5245829311828695,0.2178617884167475,-0.20908435566884462,-0.49602422636307236,0.26758286841432727,-0.16709492271006837,0.4457067516728571,0.3239324687872425,-0.3317989033528195,0.4120201666465074,0.30798517987318264,-0.1567153890919349,-0.0030419908159045796,0.01604450158646051,0.0024798760306554584,-0.029807646405787407,-0.028604456035943915,0.42315280728313887,0.09002061425193371,-0.16221552182224977,0.250548611519173,0.15885960055158077,-0.33926131713449265,-0.11788093531425356,0.021633358391543633,-0.1366171402383515,-0.4220594833164919,-0.2606204927464944,-0.08332485835690888,-0.09920881038250155,-0.025787514998553602,0.06186526847774261,-0.15496882138193566,-0.138190600031691,-0.012428891457738003,0.0377446817756837,-0.0902857144444895,0.29205259331716527,-0.05119281057034875,0.081042953998305,0.7916197613516299,0.344803323407789,-0.08921108059407956
-0.016402019481821437,0.5849364928222769,-0.12221879658406978,0.07214644961464421,0.20635414946674646,-0.09221236702785825,0.21571859692405984,0.1971449126724767,-0.1264009555942201,0.481719531825887,0.06309381790899368,0.0038111542538244326,0.1055097422455549,0.1802234794424849,0.02905350765030765,-0.4772607933861491,0.011930332929430531,0.09882370488638911,0.04941092249611037,0.029396670892445964,-0.42231287059050643,0.2584035762475467,0.08324758074422152,-0.4020667683503204,-0.02304202457257904,0.07699429528733003,-0.024199687402842483,0.03531986851268921,-0.08931674287732566,0.22401135907788652,-0.08859047128021273,0.09578924026610292,-0.21802574133761837,0.10424785773353998,0.2512922002797875,0.011933822298918305,-0.1916619568451681,0.19859904406995332,0.4099496232421009,0.20643754644973847,0.344803323407789,0.8009334191616859,-0.13238618890000187
0.24682634407862591,-0.3454868433242272,-0.3656829593176854,-0.3430955149423729,0.02684000087376324,0.2990754474780172,0.047330503588297754,0.07475967752498545,0.21878825426655069,-0.41353920697534213,-0.2609889153515407,-0.027913364341725682,0.25417548948892377,-0.21267860120753834,0.17028013823474994,0.109762276197089,0.18102270989140895,-0.08509477303812375,-0.007147063479956118,0.046419966416265224,-0.01822643609781254,0.0860912347007624,-0.38370381296167777,0.0010424557125886709,0.13110768487419597,-0.14532982657763396,0.2590397497002489,-0.13268904674515766,0.4116967301068223,0.3547900236820705,-0.20066678795920115,-0.13055923613526577,0.012338129440210885,-0.39452312370270815,-0.11169576539203957,0.005198243571282055,-0.493296030921257,0.19961767653351764,-0.00803070182328596,-0.5260657221358442,-0.08921108059407956,-0.13238618890000187,0.9703976665697909
