V1,V2,V3,V4,V5,V6,V7,V8,V9,V10,V11,V12,V13,V14,V15,V16,V17,V18,V19,V20,V21,V22,V23,V24,V25,V26,V27,V28,V29,V30,V31,V32,V33,V34,V35,V36,V37,V38,V39,V40,V41,V42,V43,V44
2.6763276027052667,6.21535414694455,-4.490724308750237,-3.0392092436978047,-3.6974335189574723,-4.598112687222149,0.8510647689685586,-1.2081372597964604,7.4649554773263,2.783791017096763,-0.2304871730245347,2.115249779757765,-3.05562767625861,-0.8641755630930458,0.2823377980812036,2.4682787439399863,-1.244998620939419,-7.5912983190116385,-11.673474994452139,-2.781293228909695,-3.3895435571596457,-0.07507452758005757,2.50388834466477,-6.907052568255352,-4.685299295205695,-0.13304964143978945,-2.8090736827030924,-1.786402615821595,0.6378965020474151,1.718346475303692,-7.756040919412375,3.4065553467300917,-4.4863761079471525,-1.7550328725931432,-3.7861881390542345,-0.9830312324161257,1.7467133206613772,-6.197503522448049,-7.706436954129987,-5.00398465023552,5.037318660194915,6.285484645081452,11.012797882483216,-5.890305214106884
6.21535414694455,15.364127420570627,-10.400253713711594,-7.264900562854077,-8.793474331200457,-10.959440479601508,2.274542012911341,-3.0593123131535953,17.396366286477797,6.828662316826787,-0.42984949777307435,5.537708220182489,-6.577610182170699,-2.493392841580834,0.7376379291188564,5.952196509908676,-2.791532584731395,-18.58463263038688,-27.307235590933516,-6.667156611782436,-6.897368448695221,0.004836904542417312,6.084301870249664,-16.31907607427848,-11.269501451555957,-0.0011875330280783957,-6.2749311058394435,-4.130345652601812,1.6638547189879358,4.418410192505119,-18.195993469827688,8.222243125380718,-10.697059479792193,-4.258636761931709,-9.228350590393802,-2.0347275777018434,3.7352353156079814,-14.849632564164887,-18.290566494711744,-12.324006166170959,11.975827667902319,15.114114837957974,25.98007470569874,-14.216363378742702
-4.490724308750237,-10.400253713711594,7.9325164221275015,5.249382225197523,6.512786728885329,7.777128340038289,-1.2134723736260689,2.0192243536723966,-13.121386190449629,-4.629626213215534,0.08268367881463295,-3.457184190867006,5.754069302640777,1.2070941736340506,-0.6465431113866702,-4.3758800076817765,2.1413603360729208,12.695360528658828,20.03140299067411,4.416352811272667,6.535522342623864,0.2984115689605411,-4.037962058103567,12.128836596403042,8.174615545937245,0.3659131536348188,5.228672629324029,3.054979584938906,-1.0086120405583647,-2.804002763410642,13.57825409302253,-5.6599106507000405,7.754059918141806,3.0289503279515784,6.6301632537622135,2.0366005806552883,-3.19023353402757,10.497251198416102,13.242173860460545,8.216953227762541,-8.682893292751706,-10.6505339894939,-19.224508569482843,10.106028750076149
-3.0392092436978047,-7.264900562854077,5.249382225197523,3.625649359217714,4.4585050286381005,5.3093929523428,-0.9150176258982919,1.360525671224695,-8.81314660836271,-3.2574486707595116,0.09528650319743429,-2.4411044777597035,3.7001573472791325,1.0926479642725122,-0.3692581164169954,-2.9489108831376454,1.4153595313908112,8.859744460442109,13.58631579304536,3.1389328371023115,4.003557035593934,0.1954730166918796,-2.853928890298598,8.152739773938862,5.564731613518968,0.1371427681441976,3.4203131153589883,2.0731682579689865,-0.7632368939696633,-1.985626509930111,9.155472069881519,-3.8896080282070438,5.270837756603703,2.11915392774038,4.498811261332452,1.302162407923553,-2.0218181733411966,7.253451575237455,9.014331681630226,5.763088598808105,-5.891585033472695,-7.254976534393073,-13.004402235481956,6.953539357447406
-3.6974335189574723,-8.793474331200457,6.512786728885329,4.4585050286381005,5.592703689985623,6.462219861372538,-1.0127342568369602,1.6167417816604452,-10.927656542079559,-3.9519642023454957,0.008487056846879499,-2.9094328735691057,4.725236596497153,1.2988751614103549,-0.4919867272152069,-3.6599902292964597,1.7435681210849723,10.77874450800183,16.738604238526783,3.722519904987106,5.211237272295455,0.35242558986693445,-3.4181260831557663,10.076998752939081,6.862960637415501,0.21771825491169222,4.386893629009691,2.5967693145512505,-0.909492778344391,-2.3337469135001605,11.360828607294659,-4.708342080777138,6.492604973596118,2.620300066980606,5.534902705597361,1.7460195209300076,-2.573914311519076,8.8649500696466,11.0692326028095,6.939654707272138,-7.232904124113434,-8.82624149630373,-16.09963959027229,8.529788331429197
-4.598112687222149,-10.959440479601508,7.777128340038289,5.3093929523428,6.462219861372538,8.132760008383135,-1.569925428166504,2.1402146997612532,-12.89182154973894,-4.853557084672762,0.4204438471116646,-3.7595590813810933,5.103059195704848,1.6566679863013425,-0.5117451409791087,-4.313861283790325,2.091689520753879,13.369235999703765,20.316351635886083,4.84221202054222,5.724988554482444,0.17414680725281617,-4.429378370275095,11.908040746634798,8.140306243692995,0.16340380254052508,4.794091338289541,3.149565670625565,-1.1377996376374937,-2.9809257267376483,13.42251019404675,-6.056733215215089,7.786599799398036,3.0064346880383215,6.595194892314993,1.564530270116543,-2.969043847110689,10.850687561265849,13.371265153685522,8.767357887872011,-8.71202957933083,-10.942768620088518,-19.17914522272693,10.24564079459821
0.8510647689685586,2.274542012911341,-1.2134723736260689,-0.9150176258982919,-1.0127342568369602,-1.569925428166504,0.5500909118459164,-0.4853287984638905,2.0135383516014675,0.973278650259004,-0.21472651506776777,0.9240299868413292,-0.43168948092770576,-0.4845173764755455,0.02758244610166201,0.7219716451362012,-0.34492347965223635,-2.7074254442092918,-3.553139430540857,-1.0538256234325043,-0.4157134469785777,0.15812272584018064,0.9711171134184884,-1.9720359483530634,-1.4243307935477676,0.10662148543492622,-0.5376066724856459,-0.5427329657602266,0.256706046939324,0.6927264500114827,-2.196565076589842,1.2380826986243905,-1.3815510004464835,-0.5559129063651957,-1.1828775800806133,0.04459972841716748,0.3617931198131798,-2.011348987379668,-2.3863100302423232,-1.878305745846608,1.5220137223795907,2.1195363766732207,3.2141337846272022,-1.8783646501783522
-1.2081372597964604,-3.0593123131535953,2.0192243536723966,1.360525671224695,1.6167417816604452,2.1402146997612532,-0.4853287984638905,0.7790741696436988,-3.241522150164641,-1.4284652444651522,0.16766396018912424,-1.3003799497496829,0.9442218743913185,0.4246715763937362,-0.1860617961797687,-1.1235735346531397,0.47912856282598526,3.7104471236237164,5.125725952206989,1.3397357520734239,0.8838148857345883,-0.1775673885960263,-1.2345319661477572,3.152470912615461,2.153991624067099,-0.12568270976345206,0.9109251999508055,0.692741287144024,-0.38469071385760073,-1.0488082328217614,3.3887287708587013,-1.6990662837120691,2.085724152226447,0.7048631911958979,1.8003257561764074,0.23848674830362862,-0.6034729964182133,2.883897759168395,3.5078992725776024,2.518565604745827,-2.3950271941896775,-3.0400312037100767,-4.782711651997927,2.731610449169809
7.4649554773263,17.396366286477797,-13.121386190449629,-8.81314660836271,-10.927656542079559,-12.89182154973894,2.0135383516014675,-3.241522150164641,21.96688501001962,7.75625231691532,-0.07420240114807547,5.65254344598134,-9.756894910417186,-2.1789208806195397,1.0050065402772017,7.28336073786405,-3.6129693291616207,-21.2135616542182,-33.40811914502353,-7.429202664029267,-10.888398651397624,-0.5845618713801033,6.733260298986512,-20.24126778636319,-13.68081214417159,-0.6384275331745869,-8.863075227035052,-5.123877780012976,1.6972089612812455,4.6650131989812484,-22.710737729808287,9.326558808938366,-12.952203573482475,-5.176438741764399,-11.084621008895697,-3.478407849750382,5.295414812043255,-17.55881184881696,-22.125045632476322,-13.745417901827002,14.469673984594332,17.698665970618702,32.14237476065784,-16.980691181275617
2.783791017096763,6.828662316826787,-4.629626213215534,-3.2574486707595116,-3.9519642023454957,-4.853557084672762,0.973278650259004,-1.4284652444651522,7.75625231691532,3.268660231893291,-0.3217575157199699,2.5064561800606553,-2.7464781869064243,-1.1923753310891765,0.23955537903295476,2.52073658973862,-1.191656721140557,-8.438288887195805,-12.195176983600458,-3.153701360291986,-2.647422438709513,-0.012941273852871613,2.844522434080127,-7.243369649166645,-4.9244665587792635,0.13585127878825662,-2.597290210749987,-1.765663663175522,0.8595708836226177,2.095251228200658,-8.066508007401318,3.71100175310557,-4.7934736912212115,-1.7736937243140125,-3.984752217222241,-0.8348240550592065,1.5537496659421122,-6.727900172688301,-8.160783240702301,-5.577674653047144,5.428112277056528,6.702863092793243,11.341717713979564,-6.343145847054342
-0.2304871730245347,-0.42984949777307435,0.08268367881463295,0.09528650319743429,0.008487056846879499,0.4204438471116646,-0.21472651506776777,0.16766396018912424,-0.07420240114807547,-0.3217575157199699,0.5229733691833567,-0.19166097969668092,-0.450472049875121,0.28577811504493256,0.17982554525604846,0.128990652332382,0.0014323738290237208,0.6859184529269952,0.6469674190553297,0.5884655063687925,-0.5946184339261433,-0.06848266214798028,-0.45935178739144555,-0.06823312470816395,-0.06713537203199564,-0.16280703910020294,-0.4158546163469196,0.11301167153849928,-0.15719736976209608,-0.20905209677832357,0.020533962747761373,-0.4766930311387684,0.11148726088334915,-0.17315661188980577,-0.1181417381139728,-0.4072543067116684,0.11718117070575106,0.4995735788931,0.2767810476944466,0.5492241792665968,-0.21703206784703719,-0.36079393069584564,-0.052410464731199986,0.15388452703965347
2.115249779757765,5.537708220182489,-3.457184190867006,-2.4411044777597035,-2.9094328735691057,-3.7595590813810933,0.9240299868413292,-1.3003799497496829,5.65254344598134,2.5064561800606553,-0.19166097969668092,2.3475691838528885,-1.6455555202724148,-0.9332085353610862,0.319148320352098,2.0485088675729783,-0.8452418061085559,-6.64889360440667,-9.037519475075202,-2.3389785024511496,-1.487193766831049,0.3016009086655998,2.1778860952431667,-5.545787910467535,-3.8832653527256484,0.2417760825702569,-1.683033852214352,-1.2629356392551883,0.6787718975951211,1.824320959481677,-6.002883267335292,2.9580555581078962,-3.689556632359648,-1.4140588836694592,-3.2473230875625507,-0.4654177116227018,1.023856256733186,-5.11001735228833,-6.225028937452386,-4.511841220858027,4.17179256025493,5.377649863003513,8.559740224136052,-4.904155881568617
-3.05562767625861,-6.577610182170699,5.754069302640777,3.7001573472791325,4.725236596497153,5.103059195704848,-0.43168948092770576,0.9442218743913185,-9.756894910417186,-2.7464781869064243,-0.450472049875121,-1.6455555202724148,5.45497627653207,0.37517802863273125,-0.5327628039418197,-3.2150475558685345,1.728019979700516,7.939402704332981,14.112759885697137,2.55178102074842,6.492369368850253,0.6195799384498292,-2.2899756088399466,8.826377571302856,5.8705310186232325,0.791244568402706,4.761721386233697,2.2692207559862143,-0.40318255991682955,-1.4144067866649321,9.992969229826105,-3.3620701986434294,5.402400107548962,2.391026872465077,4.72753999984642,2.2010117951788986,-2.771250741382807,6.963702781549815,9.25847461486153,4.948806474356338,-5.9339651554893855,-7.026183273608512,-14.104354174666199,7.018859650795373
-0.8641755630930458,-2.493392841580834,1.2070941736340506,1.0926479642725122,1.2988751614103549,1.6566679863013425,-0.4845173764755455,0.4246715763937362,-2.1789208806195397,-1.1923753310891765,0.28577811504493256,-0.9332085353610862,0.37517802863273125,0.9373592525667055,0.060875990973661046,-0.7232588119001796,0.27650372371602294,3.1164390533000295,3.8655558756505664,1.278335503050921,0.06529765607713475,0.06747681902898867,-1.1554627431165314,1.9512348284581853,1.4679435575008215,-0.2457668572282939,0.5230904838692605,0.6390925912009042,-0.40525901086926946,-0.7186468858485237,2.3241955493090387,-1.3575980461400885,1.4494344493665865,0.5799060812143284,1.1517894932348243,0.001303616401511538,-0.2204037760312636,2.3587755174052716,2.5399207265506103,2.0813983255913193,-1.6241461121692173,-2.12053788200696,-3.431825689689108,2.0568631635265056
0.2823377980812036,0.7376379291188564,-0.6465431113866702,-0.3692581164169954,-0.4919867272152069,-0.5117451409791087,0.02758244610166201,-0.1860617961797687,1.0050065402772017,0.23955537903295476,0.17982554525604846,0.319148320352098,-0.5327628039418197,0.060875990973661046,0.19335548945611022,0.4477657588006467,-0.14885752634537616,-0.792156341237006,-1.3190938395485197,-0.10150272238677979,-0.6721576883404563,0.030890681772506968,0.14441252094770549,-1.024743035521199,-0.711309528436531,-0.07040598607866068,-0.48593412802091573,-0.180964104006529,0.02457521325685472,0.20697979454974375,-1.0533927379999424,0.348580849453671,-0.5901204612855763,-0.27084723541149663,-0.6400156007203314,-0.271752281234766,0.27486750005167604,-0.6602511432365189,-0.9626531088383039,-0.5050329435773122,0.652327844358089,0.8133930486249547,1.5281763610582162,-0.7518814123284966
2.4682787439399863,5.952196509908676,-4.3758800076817765,-2.9489108831376454,-3.6599902292964597,-4.313861283790325,0.7219716451362012,-1.1235735346531397,7.28336073786405,2.52073658973862,0.128990652332382,2.0485088675729783,-3.2150475558685345,-0.7232588119001796,0.4477657588006467,2.5753548792761953,-1.1921851556638139,-7.111497128013299,-11.054923942318736,-2.3304247651166796,-3.6349167818867274,-0.09956362443981352,2.169763243194747,-6.842151284805832,-4.704374544555441,-0.20529862909375332,-2.987879138926662,-1.6957223750875126,0.5360631244563193,1.5864175571616068,-7.611216956159072,3.111291246022875,-4.352499062235851,-1.8411907025548553,-3.873075679502595,-1.2014289297646767,1.7521655992948244,-5.818778843706824,-7.418119557604449,-4.633239725307656,4.829355022726879,6.014857932921518,10.876839594264133,-5.728825980973395
-1.244998620939419,-2.791532584731395,2.1413603360729208,1.4153595313908112,1.7435681210849723,2.091689520753879,-0.34492347965223635,0.47912856282598526,-3.6129693291616207,-1.191656721140557,0.0014323738290237208,-0.8452418061085559,1.728019979700516,0.27650372371602294,-0.14885752634537616,-1.1921851556638139,0.6549632122811766,3.366041946616351,5.492084272432979,1.191080064937978,2.0123247609992134,0.08030240840009904,-1.0554196226227637,3.328881657465302,2.2443543591830024,0.1899374984380109,1.5527657678385427,0.8707872305238801,-0.21987884900632884,-0.7052888116447712,3.7481076496203443,-1.4712199881075265,2.111929644950052,0.895400730408591,1.8178093531339978,0.5998490547285091,-0.9503170195617803,2.810225138914425,3.622654248266033,2.2088717905223096,-2.3372020270163922,-2.8923071111537726,-5.303100999993551,2.7689546515766055
-7.5912983190116385,-18.58463263038688,12.695360528658828,8.859744460442109,10.77874450800183,13.369235999703765,-2.7074254442092918,3.7104471236237164,-21.2135616542182,-8.438288887195805,0.6859184529269952,-6.64889360440667,7.939402704332981,3.1164390533000295,-0.792156341237006,-7.111497128013299,3.366041946616351,22.70757563067588,33.43784627601289,8.266829452516484,8.30165116374867,0.12394472622070404,-7.532684805961161,19.771481008112534,13.582124155485156,-0.057215161837548115,7.569629722691846,5.071227304079045,-2.09654574141385,-5.346178796549159,22.14784968651124,-10.08148276985242,13.019661313958004,5.052912840026328,11.039344669266638,2.4367785448861894,-4.5434045191164945,18.183915690160493,22.257975912388712,14.982176434415654,-14.600557677786886,-18.304365270023553,-31.510285663863375,17.24712247757325
-11.673474994452139,-27.307235590933516,20.03140299067411,13.58631579304536,16.738604238526783,20.316351635886083,-3.553139430540857,5.125725952206989,-33.40811914502353,-12.195176983600458,0.6469674190553297,-9.037519475075202,14.112759885697137,3.8655558756505664,-1.3190938395485197,-11.054923942318736,5.492084272432979,33.43784627601289,51.923908035481944,11.979732771942711,15.859671544706455,0.775854410653767,-10.904409161931035,30.761169878629104,20.883564801549184,0.7233317121581005,13.060285538825916,8.063742460045905,-2.758777252593375,-7.2830948700195535,34.71253529833388,-14.901138306169234,19.930156035147746,7.875036164307459,16.83687403802424,4.728289108240202,-7.953045709221738,27.421980612883534,34.16126534259909,21.745167300163157,-22.238749011154177,-27.54066186889034,-49.30549333728547,26.14778470167084
-2.781293228909695,-6.667156611782436,4.416352811272667,3.1389328371023115,3.722519904987106,4.84221202054222,-1.0538256234325043,1.3397357520734239,-7.429202664029267,-3.153701360291986,0.5884655063687925,-2.3389785024511496,2.55178102074842,1.278335503050921,-0.10150272238677979,-2.3304247651166796,1.191080064937978,8.266829452516484,11.979732771942711,3.3044112716997067,2.4884825572874214,0.03414647292479468,-2.91122189716814,6.796026208533036,4.633780145926034,-0.10796862668530595,2.3893036286813993,1.809228946318041,-0.8330285006331531,-1.9876283978710403,7.681362056793155,-3.727743061130385,4.56765439097048,1.6537827986851568,3.706455888417988,0.6108659688787567,-1.4880427554270672,6.618496777915436,7.885310593477007,5.522480992110841,-5.1914876205744775,-6.514954899657014,-10.898168832031734,6.084216773703012
-3.3895435571596457,-6.897368448695221,6.535522342623864,4.003557035593934,5.211237272295455,5.724988554482444,-0.4157134469785777,0.8838148857345883,-10.888398651397624,-2.647422438709513,-0.5946184339261433,-1.487193766831049,6.492369368850253,0.06529765607713475,-0.6721576883404563,-3.6349167818867274,2.0123247609992134,8.30165116374867,15.859671544706455,2.4884825572874214,8.402830402399912,0.8416489686973565,-2.327739610528679,9.7610985882013,6.451707344536401,1.1876797748518462,5.71919673881187,2.704825203474734,-0.21970286574072187,-1.1305653501000301,11.203941622804455,-3.6619420645223544,5.90415134454483,2.6518113526490716,5.173468472900152,2.589271881123442,-3.471268228996776,7.45835315890494,10.166586935125284,5.038995128234463,-6.380086089025776,-7.632835151719355,-15.93220394832912,7.533539972751572
-0.07507452758005757,0.004836904542417312,0.2984115689605411,0.1954730166918796,0.35242558986693445,0.17414680725281617,0.15812272584018064,-0.1775673885960263,-0.5845618713801033,-0.012941273852871613,-0.06848266214798028,0.3016009086655998,0.6195799384498292,0.06747681902898867,0.030890681772506968,-0.09956362443981352,0.08030240840009904,0.12394472622070404,0.775854410653767,0.03414647292479468,0.8416489686973565,0.3897427702875134,-0.043890810356304114,0.28967146623868845,0.1526275059311302,0.15659419925387752,0.5348268756872742,0.22468790831256133,0.028605395101210362,0.24169763541502914,0.5271788187747892,-0.034732847844747325,0.15381253389607544,0.07215261970967413,0.04523684298639275,0.2708675480494847,-0.2525172551315076,0.27408919233114937,0.33258448845581917,-0.10114446402535336,-0.13681012428838016,-0.007242247786446238,-0.7683488232099059,0.19265889720413265
2.50388834466477,6.084301870249664,-4.037962058103567,-2.853928890298598,-3.4181260831557663,-4.429378370275095,0.9711171134184884,-1.2345319661477572,6.733260298986512,2.844522434080127,-0.45935178739144555,2.1778860952431667,-2.2899756088399466,-1.1554627431165314,0.14441252094770549,2.169763243194747,-1.0554196226227637,-7.532684805961161,-10.904409161931035,-2.91122189716814,-2.327739610528679,-0.043890810356304114,2.632721348001988,-6.200944708402415,-4.243382041355186,0.10521605935731401,-2.209747268316547,-1.6621392761188296,0.7460750714186117,1.7682837093667851,-7.009881999179118,3.4126673277245074,-4.163970975718584,-1.5178369665137572,-3.408826022799913,-0.5570418469255517,1.3718516708690864,-5.995356211114639,-7.171383766009744,-4.984813859107843,4.699937583592498,5.934019766042438,9.983318929611077,-5.524603994561502
-6.907052568255352,-16.31907607427848,12.128836596403042,8.152739773938862,10.076998752939081,11.908040746634798,-1.9720359483530634,3.152470912615461,-20.24126778636319,-7.243369649166645,-0.06823312470816395,-5.545787910467535,8.826377571302856,1.9512348284581853,-1.024743035521199,-6.842151284805832,3.328881657465302,19.771481008112534,30.761169878629104,6.796026208533036,9.7610985882013,0.28967146623868845,-6.200944708402415,18.922140179639417,12.829147961743278,0.49573430823055625,8.082117389375336,4.626626021526643,-1.5879881728208283,-4.521578350410409,21.0404826512156,-8.632277078788833,12.08356857636643,4.898131859472618,10.461456029853743,3.196939065236116,-4.830341292161689,16.219389572412247,20.556433478894046,12.885642341794757,-13.488429330474343,-16.58264006573656,-29.74280203574075,15.841232038499882
-4.685299295205695,-11.269501451555957,8.174615545937245,5.564731613518968,6.862960637415501,8.140306243692995,-1.4243307935477676,2.153991624067099,-13.68081214417159,-4.9244665587792635,-0.06713537203199564,-3.8832653527256484,5.8705310186232325,1.4679435575008215,-0.711309528436531,-4.704374544555441,2.2443543591830024,13.582124155485156,20.883564801549184,4.633780145926034,6.451707344536401,0.1526275059311302,-4.243382041355186,12.829147961743278,8.783884735398269,0.2925831005741613,5.443537690034947,3.170015685957332,-1.0942191827255283,-3.116771588310599,14.27150604916191,-5.915981255807718,8.22525424651062,3.4067621252873046,7.187230368669276,2.1251584696027046,-3.2132600982856583,11.076823877856038,13.994781041845464,8.884333665528608,-9.151398396516132,-11.34754546260546,-20.273673122254657,10.83719204060776
-0.13304964143978945,-0.0011875330280783957,0.3659131536348188,0.1371427681441976,0.21771825491169222,0.16340380254052508,0.10662148543492622,-0.12568270976345206,-0.6384275331745869,0.13585127878825662,-0.16280703910020294,0.2417760825702569,0.791244568402706,-0.2457668572282939,-0.07040598607866068,-0.20529862909375332,0.1899374984380109,-0.057215161837548115,0.7233317121581005,-0.10796862668530595,1.1876797748518462,0.15659419925387752,0.10521605935731401,0.49573430823055625,0.2925831005741613,0.2959305668987102,0.6384380525520136,0.19221023610387958,0.1400726421144907,0.19483459471518794,0.6200390949873708,0.025656955026539596,0.21467394859401068,0.17791806622629985,0.23232748648320892,0.33951320931100387,-0.3951555829452384,0.13436924458520721,0.3981539576765239,-0.10145102062636593,-0.1851894478774247,-0.18735277408377174,-0.9016318911506371,0.24103208175068352
-2.8090736827030924,-6.2749311058394435,5.228672629324029,3.4203131153589883,4.386893629009691,4.794091338289541,-0.5376066724856459,0.9109251999508055,-8.863075227035052,-2.597290210749987,-0.4158546163469196,-1.683033852214352,4.761721386233697,0.5230904838692605,-0.48593412802091573,-2.987879138926662,1.5527657678385427,7.569629722691846,13.060285538825916,2.3893036286813993,5.71919673881187,0.5348268756872742,-2.209747268316547,8.082117389375336,5.443537690034947,0.6384380525520136,4.299965715542726,2.132947419610855,-0.40801314784017884,-1.3412102628922695,9.182205574653034,-3.20599761593499,5.010523638779437,2.2560893467254703,4.395598136721619,1.892862210778667,-2.4835910796546443,6.4928869951181705,8.570134325226435,4.722011515590475,-5.449185021926016,-6.564454355317733,-13.024337371920177,6.533830153431285
-1.786402615821595,-4.130345652601812,3.054979584938906,2.0731682579689865,2.5967693145512505,3.149565670625565,-0.5427329657602266,0.692741287144024,-5.123877780012976,-1.765663663175522,0.11301167153849928,-1.2629356392551883,2.2692207559862143,0.6390925912009042,-0.180964104006529,-1.6957223750875126,0.8707872305238801,5.071227304079045,8.063742460045905,1.809228946318041,2.704825203474734,0.22468790831256133,-1.6621392761188296,4.626626021526643,3.170015685957332,0.19221023610387958,2.132947419610855,1.3685057292824703,-0.3733544491838573,-0.9634186373171939,5.336740599358408,-2.293819558167094,3.017809721688648,1.2280829044188408,2.536721781298078,0.7339165468048079,-1.3002955530730325,4.18877036093604,5.202785146043398,3.2676353938498286,-3.321255266687065,-4.162142424120195,-7.661326727041308,3.9668921949324742
0.6378965020474151,1.6638547189879358,-1.0086120405583647,-0.7632368939696633,-0.909492778344391,-1.1377996376374937,0.256706046939324,-0.38469071385760073,1.6972089612812455,0.8595708836226177,-0.15719736976209608,0.6787718975951211,-0.40318255991682955,-0.40525901086926946,0.02457521325685472,0.5360631244563193,-0.21987884900632884,-2.09654574141385,-2.758777252593375,-0.8330285006331531,-0.21970286574072187,0.028605395101210362,0.7460750714186117,-1.5879881728208283,-1.0942191827255283,0.1400726421144907,-0.40801314784017884,-0.3733544491838573,0.27279775959785774,0.5789439654534964,-1.7609625548401835,0.9289946617073331,-1.0984345644260152,-0.36029344641875405,-0.8781459338185621,-0.09571178439451028,0.235575759438928,-1.6292485006935005,-1.8613407699355042,-1.402616522703045,1.2709992610174647,1.5644916666141162,2.467648463142887,-1.4710365082610586
1.718346475303692,4.418410192505119,-2.804002763410642,-1.985626509930111,-2.3337469135001605,-2.9809257267376483,0.6927264500114827,-1.0488082328217614,4.6650131989812484,2.095251228200658,-0.20905209677832357,1.824320959481677,-1.4144067866649321,-0.7186468858485237,0.20697979454974375,1.5864175571616068,-0.7052888116447712,-5.346178796549159,-7.2830948700195535,-1.9876283978710403,-1.1305653501000301,0.24169763541502914,1.7682837093667851,-4.521578350410409,-3.116771588310599,0.19483459471518794,-1.3412102628922695,-0.9634186373171939,0.5789439654534964,1.554363270305933,-4.863493408490065,2.3383085052792882,-3.0012544595978405,-1.1027796379737822,-2.5949156223101064,-0.40499908402488066,0.8054005757810918,-4.162776541493421,-5.046972944797016,-3.6548132682879406,3.4344752556140037,4.318864752133382,6.830503490104032,-3.9999371711783764
-7.756040919412375,-18.195993469827688,13.57825409302253,9.155472069881519,11.360828607294659,13.42251019404675,-2.196565076589842,3.3887287708587013,-22.710737729808287,-8.066508007401318,0.020533962747761373,-6.002883267335292,9.992969229826105,2.3241955493090387,-1.0533927379999424,-7.611216956159072,3.7481076496203443,22.14784968651124,34.71253529833388,7.681362056793155,11.203941622804455,0.5271788187747892,-7.009881999179118,21.0404826512156,14.27150604916191,0.6200390949873708,9.182205574653034,5.336740599358408,-1.7609625548401835,-4.863493408490065,23.603380914965722,-9.713957301934371,13.48609995529365,5.470000998489378,11.57180680850923,3.5772388064129452,-5.490924292852626,18.23346501695005,23.013444122081552,14.365146678221715,-15.014420392123492,-18.45703547653886,-33.42671057411911,17.683106295341364
3.4065553467300917,8.222243125380718,-5.6599106507000405,-3.8896080282070438,-4.708342080777138,-6.056733215215089,1.2380826986243905,-1.6990662837120691,9.326558808938366,3.71100175310557,-0.4766930311387684,2.9580555581078962,-3.3620701986434294,-1.3575980461400885,0.348580849453671,3.111291246022875,-1.4712199881075265,-10.08148276985242,-14.901138306169234,-3.727743061130385,-3.6619420645223544,-0.034732847844747325,3.4126673277245074,-8.632277078788833,-5.915981255807718,0.025656955026539596,-3.20599761593499,-2.293819558167094,0.9289946617073331,2.3383085052792882,-9.713957301934371,4.626550155382095,-5.719879447207001,-2.1071480332447377,-4.800081704903522,-0.9333413626824099,2.0234959008186815,-8.08988282230579,-9.8146803484471,-6.6641238320408345,6.44467313266413,8.148349423743943,13.888181374589054,-7.532879790350918
-4.4863761079471525,-10.697059479792193,7.754059918141806,5.270837756603703,6.492604973596118,7.786599799398036,-1.3815510004464835,2.085724152226447,-12.952203573482475,-4.7934736912212115,0.11148726088334915,-3.689556632359648,5.402400107548962,1.4494344493665865,-0.5901204612855763,-4.352499062235851,2.111929644950052,13.019661313958004,19.930156035147746,4.56765439097048,5.90415134454483,0.15381253389607544,-4.163970975718584,12.08356857636643,8.22525424651062,0.21467394859401068,5.010523638779437,3.017809721688648,-1.0984345644260152,-3.0012544595978405,13.48609995529365,-5.719879447207001,7.807289009917452,3.1178982608563097,6.694114428907941,1.8771650020246988,-3.0077592765673216,10.602367307171097,13.283291784035873,8.516417195286415,-8.71184191323302,-10.776253326971458,-19.086459042782355,10.256342248142264
-1.7550328725931432,-4.258636761931709,3.0289503279515784,2.11915392774038,2.620300066980606,3.0064346880383215,-0.5559129063651957,0.7048631911958979,-5.176438741764399,-1.7736937243140125,-0.17315661188980577,-1.4140588836694592,2.391026872465077,0.5799060812143284,-0.27084723541149663,-1.8411907025548553,0.895400730408591,5.052912840026328,7.875036164307459,1.6537827986851568,2.6518113526490716,0.07215261970967413,-1.5178369665137572,4.898131859472618,3.4067621252873046,0.17791806622629985,2.2560893467254703,1.2280829044188408,-0.36029344641875405,-1.1027796379737822,5.470000998489378,-2.1071480332447377,3.1178982608563097,1.4668534040852428,2.789024234801002,0.9361745436722589,-1.2715168801709087,4.119685917671464,5.312103239439556,3.300827626100423,-3.3981925312264956,-4.257200885762909,-7.809038669446392,4.1502348082142
-3.7861881390542345,-9.228350590393802,6.6301632537622135,4.498811261332452,5.534902705597361,6.595194892314993,-1.1828775800806133,1.8003257561764074,-11.084621008895697,-3.984752217222241,-0.1181417381139728,-3.2473230875625507,4.72753999984642,1.1517894932348243,-0.6400156007203314,-3.873075679502595,1.8178093531339978,11.039344669266638,16.83687403802424,3.706455888417988,5.173468472900152,0.04523684298639275,-3.408826022799913,10.461456029853743,7.187230368669276,0.23232748648320892,4.395598136721619,2.536721781298078,-0.8781459338185621,-2.5949156223101064,11.57180680850923,-4.800081704903522,6.694114428907941,2.789024234801002,5.9354079071872015,1.701884754193695,-2.57556100322209,8.958135650943811,11.366964132867077,7.258301177373827,-7.445154356850477,-9.284265525251158,-16.465610982615058,8.837539655561235
-0.9830312324161257,-2.0347275777018434,2.0366005806552883,1.302162407923553,1.7460195209300076,1.564530270116543,0.04459972841716748,0.23848674830362862,-3.478407849750382,-0.8348240550592065,-0.4072543067116684,-0.4654177116227018,2.2010117951788986,0.001303616401511538,-0.271752281234766,-1.2014289297646767,0.5998490547285091,2.4367785448861894,4.728289108240202,0.6108659688787567,2.589271881123442,0.2708675480494847,-0.5570418469255517,3.196939065236116,2.1251584696027046,0.33951320931100387,1.892862210778667,0.7339165468048079,-0.09571178439451028,-0.40499908402488066,3.5772388064129452,-0.9333413626824099,1.8771650020246988,0.9361745436722589,1.701884754193695,1.113124856690311,-1.0506938092340403,2.2579958614572453,3.1558212792174407,1.4433892663384869,-2.0423501794227654,-2.2744375512345214,-4.986953889199327,2.404808845701794
1.7467133206613772,3.7352353156079814,-3.19023353402757,-2.0218181733411966,-2.573914311519076,-2.969043847110689,0.3617931198131798,-0.6034729964182133,5.295414812043255,1.5537496659421122,0.11718117070575106,1.023856256733186,-2.771250741382807,-0.2204037760312636,0.27486750005167604,1.7521655992948244,-0.9503170195617803,-4.5434045191164945,-7.953045709221738,-1.4880427554270672,-3.471268228996776,-0.2525172551315076,1.3718516708690864,-4.830341292161689,-3.2132600982856583,-0.3951555829452384,-2.4835910796546443,-1.3002955530730325,0.235575759438928,0.8054005757810918,-5.490924292852626,2.0234959008186815,-3.0077592765673216,-1.2715168801709087,-2.57556100322209,-1.0506938092340403,1.5480011318513052,-3.909998636163061,-5.146474816889952,-2.863688999823692,3.293861044800384,3.999911720469719,7.765808400965699,-3.8590537543753056
-6.197503522448049,-14.849632564164887,10.497251198416102,7.253451575237455,8.8649500696466,10.850687561265849,-2.011348987379668,2.883897759168395,-17.55881184881696,-6.727900172688301,0.4995735788931,-5.11001735228833,6.963702781549815,2.3587755174052716,-0.6602511432365189,-5.818778843706824,2.810225138914425,18.183915690160493,27.421980612883534,6.618496777915436,7.45835315890494,0.27408919233114937,-5.995356211114639,16.219389572412247,11.076823877856038,0.13436924458520721,6.4928869951181705,4.18877036093604,-1.6292485006935005,-4.162776541493421,18.23346501695005,-8.08988282230579,10.602367307171097,4.119685917671464,8.958135650943811,2.2579958614572453,-3.909998636163061,14.76672759487151,18.15485516621755,11.922504344373085,-11.897055394224205,-14.773435676279346,-25.918285074113633,13.997020026967892
-7.706436954129987,-18.290566494711744,13.242173860460545,9.014331681630226,11.0692326028095,13.371265153685522,-2.3863100302423232,3.5078992725776024,-22.125045632476322,-8.160783240702301,0.2767810476944466,-6.225028937452386,9.25847461486153,2.5399207265506103,-0.9626531088383039,-7.418119557604449,3.622654248266033,22.257975912388712,34.16126534259909,7.885310593477007,10.166586935125284,0.33258448845581917,-7.171383766009744,20.556433478894046,13.994781041845464,0.3981539576765239,8.570134325226435,5.202785146043398,-1.8613407699355042,-5.046972944797016,23.013444122081552,-9.8146803484471,13.283291784035873,5.312103239439556,11.366964132867077,3.1558212792174407,-5.146474816889952,18.15485516621755,22.702242193477208,14.556971774129536,-14.839954436191729,-18.39543894820751,-32.65279179953113,17.478604023155402
-5.00398465023552,-12.324006166170959,8.216953227762541,5.763088598808105,6.939654707272138,8.767357887872011,-1.878305745846608,2.518565604745827,-13.745417901827002,-5.577674653047144,0.5492241792665968,-4.511841220858027,4.948806474356338,2.0813983255913193,-0.5050329435773122,-4.633239725307656,2.2088717905223096,14.982176434415654,21.745167300163157,5.522480992110841,5.038995128234463,-0.10114446402535336,-4.984813859107843,12.885642341794757,8.884333665528608,-0.10145102062636593,4.722011515590475,3.2676353938498286,-1.402616522703045,-3.6548132682879406,14.365146678221715,-6.6641238320408345,8.516417195286415,3.300827626100423,7.258301177373827,1.4433892663384869,-2.863688999823692,11.922504344373085,14.556971774129536,10.019072578424037,-9.586803439586475,-12.10926164552818,-20.446840674833833,11.322074730211664
5.037318660194915,11.975827667902319,-8.682893292751706,-5.891585033472695,-7.232904124113434,-8.71202957933083,1.5220137223795907,-2.3950271941896775,14.469673984594332,5.428112277056528,-0.21703206784703719,4.17179256025493,-5.9339651554893855,-1.6241461121692173,0.652327844358089,4.829355022726879,-2.3372020270163922,-14.600557677786886,-22.238749011154177,-5.1914876205744775,-6.380086089025776,-0.13681012428838016,4.699937583592498,-13.488429330474343,-9.151398396516132,-0.1851894478774247,-5.449185021926016,-3.321255266687065,1.2709992610174647,3.4344752556140037,-15.014420392123492,6.44467313266413,-8.71184191323302,-3.3981925312264956,-7.445154356850477,-2.0423501794227654,3.293861044800384,-11.897055394224205,-14.839954436191729,-9.586803439586475,9.795263136322244,12.071638862622667,21.21754200511109,-11.444431930837881
6.285484645081452,15.114114837957974,-10.6505339894939,-7.254976534393073,-8.82624149630373,-10.942768620088518,2.1195363766732207,-3.0400312037100767,17.698665970618702,6.702863092793243,-0.36079393069584564,5.377649863003513,-7.026183273608512,-2.12053788200696,0.8133930486249547,6.014857932921518,-2.8923071111537726,-18.304365270023553,-27.54066186889034,-6.514954899657014,-7.632835151719355,-0.007242247786446238,5.934019766042438,-16.58264006573656,-11.34754546260546,-0.18735277408377174,-6.564454355317733,-4.162142424120195,1.5644916666141162,4.318864752133382,-18.45703547653886,8.148349423743943,-10.776253326971458,-4.257200885762909,-9.284265525251158,-2.2744375512345214,3.999911720469719,-14.773435676279346,-18.39543894820751,-12.10926164552818,12.071638862622667,15.14932060230866,26.254430740186045,-14.20272462005763
11.012797882483216,25.98007470569874,-19.224508569482843,-13.004402235481956,-16.09963959027229,-19.17914522272693,3.2141337846272022,-4.782711651997927,32.14237476065784,11.341717713979564,-0.052410464731199986,8.559740224136052,-14.104354174666199,-3.431825689689108,1.5281763610582162,10.876839594264133,-5.303100999993551,-31.510285663863375,-49.30549333728547,-10.898168832031734,-15.93220394832912,-0.7683488232099059,9.983318929611077,-29.74280203574075,-20.273673122254657,-0.9016318911506371,-13.024337371920177,-7.661326727041308,2.467648463142887,6.830503490104032,-33.42671057411911,13.888181374589054,-19.086459042782355,-7.809038669446392,-16.465610982615058,-4.986953889199327,7.765808400965699,-25.918285074113633,-32.65279179953113,-20.446840674833833,21.21754200511109,26.254430740186045,47.57844068620733,-25.084908503817633
-5.890305214106884,-14.216363378742702,10.106028750076149,6.953539357447406,8.529788331429197,10.24564079459821,-1.8783646501783522,2.731610449169809,-16.980691181275617,-6.343145847054342,0.15388452703965347,-4.904155881568617,7.018859650795373,2.0568631635265056,-0.7518814123284966,-5.728825980973395,2.7689546515766055,17.24712247757325,26.14778470167084,6.084216773703012,7.533539972751572,0.19265889720413265,-5.524603994561502,15.841232038499882,10.83719204060776,0.24103208175068352,6.533830153431285,3.9668921949324742,-1.4710365082610586,-3.9999371711783764,17.683106295341364,-7.532879790350918,10.256342248142264,4.1502348082142,8.837539655561235,2.404808845701794,-3.8590537543753056,13.997020026967892,17.478604023155402,11.322074730211664,-11.444431930837881,-14.20272462005763,-25.084908503817633,13.555311825807648
