V1,V2,V3,V4,V5,V6,V7,V8,V9,V10,V11,V12,V13,V14,V15,V16,V17,V18,V19,V20,V21,V22,V23,V24,V25,V26,V27,V28,V29,V30,V31,V32,V33,V34,V35,V36,V37,V38,V39,V40,V41,V42,V43,V44
0.6499126585212781,0.579501972884766,-0.5176657244353888,-0.29403318865787864,-0.21356503494639817,-1.0470984080212091,0.3254182771126699,0.10076098496354641,0.8445350353697844,0.23883581586056185,-0.9147135650798192,-0.30936681421466067,-0.35726156278874727,-0.2910933620535434,-0.41550325366226964,-0.09932394412362884,-0.3317341291672907,-1.0079277889408154,-2.3569978785127703,-1.0272891436720069,-0.9354077787043297,-0.28398316126575684,0.7713709993499535,-0.19144953555670235,-0.036568566137859373,-0.24209062950553223,-0.23740648054456293,-0.6541645003365798,0.006973252951189594,-0.21503228506109653,-0.7444402920020715,0.8162239921435548,-0.32657520525296385,0.07351981914751503,0.19329034835835868,0.380374020621741,0.4498490858453285,-1.0208418094468912,-0.9116063889260556,-0.7068137497223921,0.37441486302869315,0.699063508730233,1.2467703348193542,-0.39340285836540595
0.579501972884766,1.7522392986010578,-1.199228125806238,-0.8476555208063725,-1.0789292748454173,-1.04813414686436,0.15082321357634632,-0.41922673712236536,2.000130837720966,0.7923451985916958,0.29523652943141426,0.7990417880462395,-0.8035166965886653,-0.19271071527801412,0.25208844088680066,0.8180969762032194,-0.24581588376846747,-2.0200413802447095,-2.7477776351450642,-0.47502776055733537,-0.6673231031969616,0.06218913192565575,0.5070536962027276,-2.0754525792693816,-1.4550318143636123,0.07231564453892822,-0.7796975759634528,-0.297713436610255,0.20467579488091564,0.615940364977369,-2.1236831428248695,0.7519585761083337,-1.2744832804433357,-0.5782279048541746,-1.2613608650759849,-0.4369760585032649,0.3488607241907912,-1.559128488623971,-2.063832953468735,-1.2931873535412026,1.4146525031702695,1.6952110414489439,2.9748904684532347,-1.6950767779495421
-0.5176657244353888,-1.199228125806238,0.9150290614708801,0.5864174023873888,0.722030624688603,0.8990087955142307,-0.15272240722556385,0.25390191818613217,-1.4576841356242463,-0.5119854231898086,0.026321101083453258,-0.434457081506223,0.603097929473017,0.12453230421545819,-0.08848221182854335,-0.5095320370219043,0.2321985748131267,1.4530787853245786,2.2632740100361315,0.5018357656486835,0.7061563242329224,0.005417902027997132,-0.46124821087608076,1.3675591936745806,0.9286292337750576,0.029666056280607412,0.5563671399435216,0.3442594078807768,-0.11182070758710437,-0.33597009970653796,1.5196690403637465,-0.6728202221789107,0.8718752677079464,0.3374860399643739,0.7604863652793395,0.21262591765389355,-0.3483203288293851,1.1898207454170922,1.5016642383647765,0.946305003895751,-0.988986982322168,-1.238131721547773,-2.174181596205847,1.1314768286575339
-0.29403318865787864,-0.8476555208063725,0.5864174023873888,0.44579114227558664,0.5454275779007173,0.5242061957866687,-0.05847934638262072,0.1792022669703615,-0.9921714164602631,-0.3657008546397485,-0.13246651147635297,-0.3640486891292387,0.424512455653265,0.117432381768787,-0.11458395282832327,-0.4124400037091478,0.122932573889594,0.9607747548209435,1.3676120067306368,0.23782955890210689,0.34546431065567174,-0.03205602968417677,-0.23205021258547173,1.0160161988149314,0.7238069954394194,-0.02685429679634066,0.3842469061916597,0.1484678393874135,-0.10189330516211914,-0.28776603970943665,1.053980986382352,-0.3665821858904722,0.6148519567553485,0.3055072545711023,0.6096123503917306,0.26948605117033003,-0.17938358450015102,0.7829702088232758,1.0131639596179205,0.625235423560172,-0.6974740391941856,-0.8163378297750575,-1.494453385224592,0.8251601112634547
-0.21356503494639817,-1.0789292748454173,0.722030624688603,0.5454275779007173,0.7903166526453647,0.4036889401509589,0.06112727243127954,0.3241254710047395,-1.2364656860350018,-0.47126298016448126,-0.5303354545113043,-0.6813386059786386,0.5261746590378298,0.07530875708940853,-0.3467332397083375,-0.6706944019026102,0.07926417533818705,1.1281556605641108,1.250096236193462,-0.022436685999990793,0.22677147489515306,-0.1319594143844999,-0.06854050743631157,1.4815027937995193,1.0978537734742508,-0.11852678517736527,0.5269011512406954,0.04168699471891461,-0.14912696654061888,-0.5134287887118245,1.3556652390416835,-0.2773961104850549,0.8407179293735162,0.47614415336571175,1.0189970338267291,0.5411597588940684,-0.12452863827094471,0.8298806826229675,1.217449824534533,0.7256683410563849,-0.9421426089885736,-1.0175271003989799,-1.844620381151182,1.1366624411765351
-1.0470984080212091,-1.04813414686436,0.8990087955142307,0.5242061957866687,0.4036889401509589,1.8561595006414457,-0.6128945732602209,-0.14300096309182164,-1.4280650000201818,-0.426217677856619,1.5014266476616474,0.49972571842987745,0.5256653949462331,0.5090747405722709,0.6877944729492158,0.15107544132263834,0.5243348477741289,1.7827579839498595,4.029336295706608,1.6967159957337148,1.5816178790642543,0.5056448534454032,-1.3238356956144244,0.3568507281891726,0.08102163695326436,0.3854832514914174,0.41413475465746286,1.1106709355965714,-0.017104352600817264,0.3742911751810515,1.310572172355144,-1.441844502504565,0.5747994365189715,-0.14891958372959763,-0.30100259966162884,-0.7058086943079116,-0.7751733076915289,1.7462151668717192,1.5548194994923596,1.1920261255229194,-0.6417546414500525,-1.1737763401798833,-2.1742964394295408,0.6839321083233747
0.3254182771126699,0.15082321357634632,-0.15272240722556385,-0.05847934638262072,0.06112727243127954,-0.6128945732602209,0.3096316881009692,0.14099680566822495,0.20748745065422375,0.06994520931439135,-0.6869246214576653,-0.36566100997507367,-0.03276177397297731,-0.17183295330900009,-0.37887301229137116,-0.2501881362091359,-0.17241949977988227,-0.4352305446390449,-1.2294202363759252,-0.6703111486794137,-0.5232286253807429,-0.23625862866894828,0.5155116985858481,0.22856407734519446,0.25820637675174357,-0.1659278194039732,-0.047822351429080485,-0.4017955733665484,-0.033595871780023226,-0.2657933481769056,-0.17169490322501862,0.479516840604675,-0.01079103963228395,0.16753647699704435,0.3799410102345109,0.45739788097938483,0.2610157435324028,-0.4439266257525317,-0.29973024421796285,-0.2631735656792459,-0.0013005883007409804,0.17465215172119855,0.3477111270230044,0.01728348936207239
0.10076098496354641,-0.41922673712236536,0.25390191818613217,0.1792022669703615,0.3241254710047395,-0.14300096309182164,0.14099680566822495,0.28330593624056416,-0.3944879005423391,-0.20331789312146545,-0.6356577878426146,-0.5628807182191696,0.13702033916844245,-0.14298340412960922,-0.37873857461332117,-0.4218484460599954,-0.07707409152894773,0.2831348053161173,-0.16778798619500485,-0.3955957024458659,-0.23895618857597922,-0.23028908698496706,0.23038291674790498,0.8118131503419292,0.6161686911848159,-0.16780701541100682,0.1646568473720758,-0.2564944581151942,-0.0814611476860932,-0.414286366976673,0.48225893188644603,0.12693670962006323,0.37616657168120393,0.26278755314278146,0.6743611865965892,0.3999063437565024,0.09964427848873113,0.08280321138939378,0.3745719053745588,0.16889741060606342,-0.4207310922565237,-0.38082768293877334,-0.5592461862539462,0.5012745507228321
0.8445350353697844,2.000130837720966,-1.4576841356242463,-0.9921714164602631,-1.2364656860350018,-1.4280650000201818,0.20748745065422375,-0.3944879005423391,2.4864932254149825,0.8954708529608486,0.015408028972614092,0.6923480593583957,-1.091042723631665,-0.2556674737790781,0.1423007829542972,0.8426475765548846,-0.4148790238437353,-2.410244221172607,-3.7109147129047413,-0.8211921537432945,-1.1525419527475103,-0.023977861370872718,0.7438899064797438,-2.3095698177768034,-1.5805355798522607,-0.05717780815903304,-0.9657297768244746,-0.5574602119199441,0.20393169653174514,0.56947576434278,-2.550461232265214,1.0318303967379665,-1.4845149703726594,-0.595352099597486,-1.2976489316201767,-0.4042618860552325,0.5731028071192463,-1.9849273618112206,-2.498878145191694,-1.603597685112164,1.652262931406289,2.0373057810821367,3.612209928731508,-1.9555354097808904
0.23883581586056185,0.7923451985916958,-0.5119854231898086,-0.3657008546397485,-0.47126298016448126,-0.426217677856619,0.06994520931439135,-0.20331789312146545,0.8954708529608486,0.39601082259834497,0.1899470821511046,0.38222071743820457,-0.360715439973662,-0.06802618289215916,0.12335777046354489,0.3595575225775893,-0.11036572677716178,-0.9112337584706901,-1.1662392700275284,-0.18629741154332463,-0.2559433246352912,0.03839388910467603,0.2248582604202315,-0.9604295108885248,-0.6620476327680243,0.045658387349621576,-0.35711927292316487,-0.0950187519315144,0.09927264150597206,0.30109723035767993,-0.9480143451255847,0.2901257125794805,-0.5919322047598715,-0.2647210831510403,-0.5898633859239898,-0.18040621788195632,0.14102091154241675,-0.6682507890100395,-0.9223307255527977,-0.5785164408363728,0.6314583028743853,0.7565619404718847,1.2885364679988982,-0.7876763730811489
-0.9147135650798192,0.29523652943141426,0.026321101083453258,-0.13246651147635297,-0.5303354545113043,1.5014266476616474,-0.6869246214576653,-0.6356577878426146,0.015408028972614092,0.1899470821511046,2.4557949285848375,1.5073632508322867,-0.0622077558875346,0.5557154204493151,1.2482554861704707,1.05941243370443,0.5106553345083611,0.4826379500969254,2.8719785951935224,1.9697481079999222,1.4737578366541928,0.7628353506550412,-1.359639891964384,-1.6216242643825012,-1.3638592404787377,0.6119997690704159,-0.22762241350785747,1.2784230758174906,0.17439583520381696,1.1166965216320188,-0.3306324828737374,-1.2494709486439837,-0.48369266900265384,-0.7776611035984154,-1.7087936024664832,-1.4234514995420884,-0.7066500279489527,0.8970904399840494,0.10485394281885327,0.4231878250585659,0.5156172412010335,0.04321166771021143,-0.005577717947022623,-0.7334672117918397
-0.30936681421466067,0.7990417880462395,-0.434457081506223,-0.3640486891292387,-0.6813386059786386,0.49972571842987745,-0.36566100997507367,-0.5628807182191696,0.6923480593583957,0.38222071743820457,1.5073632508322867,1.2270975639417387,-0.2633116461710084,0.27443744545200793,0.8497578250355056,0.9264783042139785,0.22531542238058314,-0.44048552827566967,0.7232345501212167,0.9844031119128006,0.6855895986905505,0.5077223309618268,-0.6157465444138782,-1.6721735688254167,-1.3132202281948422,0.4031276308882619,-0.34159064322858784,0.644848065512006,0.18081288116648916,0.9005715925033759,-0.9107236221212646,-0.4255376544155445,-0.7286140516060816,-0.6360488414177689,-1.4530701622257975,-0.9829992918520302,-0.31131651008926786,-0.03435363265233425,-0.6632098438579013,-0.2340672379296204,0.8192619858193917,0.670725842485553,1.0275136014955535,-1.0069321737508088
-0.35726156278874727,-0.8035166965886653,0.603097929473017,0.424512455653265,0.5261746590378298,0.5256653949462331,-0.03276177397297731,0.13702033916844245,-1.091042723631665,-0.360715439973662,-0.0622077558875346,-0.2633116461710084,0.5860732465611975,0.08446028742548628,-0.06784384253606908,-0.3715253300363548,0.20068774238151804,0.9415662262344174,1.5101197712930394,0.31367385134885295,0.5468171372304367,0.011739903496612995,-0.26269004842836613,1.0161198689714825,0.6999147729065301,0.04771709968417788,0.4643229253379706,0.21473684041774815,-0.07492582579580613,-0.23764221387011059,1.0925436033525668,-0.3438003239872805,0.631205769007119,0.2962484338732959,0.5740020705512129,0.2606106181676517,-0.24825656266147778,0.8045145433928863,1.0546347077139722,0.643862431200817,-0.6963292882324789,-0.8410082755179474,-1.5366322546555455,0.8462502470747806
-0.2910933620535434,-0.19271071527801412,0.12453230421545819,0.117432381768787,0.07530875708940853,0.5090747405722709,-0.17183295330900009,-0.14298340412960922,-0.2556674737790781,-0.06802618289215916,0.5557154204493151,0.27443744545200793,0.08446028742548628,0.2924661429013158,0.28761761889763926,0.138960376200559,0.14069211772079226,0.4344708346826101,1.0907050562936287,0.5599596599978025,0.3896902775308754,0.23546261221606243,-0.41496350571829627,-0.16736116302487547,-0.1321725015704617,0.11656317817707883,0.05601655861141719,0.38051593677588913,-0.007173531596236289,0.22009315894964787,0.1972965959255444,-0.40389436751336555,0.04129935710169817,-0.079383521556905,-0.2629916931448298,-0.2550806282517841,-0.1867282640888145,0.47638990216898813,0.2972227664703443,0.29473969496973385,-0.03965354719108511,-0.18152447166329283,-0.43777818954119585,0.06358571718988702
-0.41550325366226964,0.25208844088680066,-0.08848221182854335,-0.11458395282832327,-0.3467332397083375,0.6877944729492158,-0.37887301229137116,-0.37873857461332117,0.1423007829542972,0.12335777046354489,1.2482554861704707,0.8497578250355056,-0.06784384253606908,0.28761761889763926,0.6922205898167478,0.6175104744916611,0.2503061402657717,0.13682132025671773,1.2987964121805256,0.9962552656544231,0.7053535804050821,0.41557958502377046,-0.6814331907692529,-0.9540741765056467,-0.7960092052715199,0.31543017797567924,-0.12781947199398136,0.6252878078927873,0.10338541728847075,0.6160478325792876,-0.28843445515633764,-0.559225650037556,-0.32510549367185376,-0.4090182457922371,-0.9654942855826864,-0.7733389072559779,-0.337873462272457,0.3497901208582625,-0.06621107450262853,0.12255418835346972,0.36914864657978236,0.160683993030395,0.19587951837832787,-0.46521463802278334
-0.09932394412362884,0.8180969762032194,-0.5095320370219043,-0.4124400037091478,-0.6706944019026102,0.15107544132263834,-0.2501881362091359,-0.4218484460599954,0.8426475765548846,0.3595575225775893,1.05941243370443,0.9264783042139785,-0.3715253300363548,0.138960376200559,0.6175104744916611,0.7836195905278546,0.10067342435090795,-0.6060151017839449,-0.013753182262215358,0.5893455915569344,0.2794803880386012,0.34195084627196476,-0.35624636190964,-1.4868595085681566,-1.1495755678034456,0.2612469771970498,-0.3930078636950825,0.36656970761660757,0.15104600292906173,0.6896291325331424,-1.0050874950542017,-0.1613191590665757,-0.7043058567463111,-0.5479339521664799,-1.1970567946718589,-0.8007790837437585,-0.12897246323083583,-0.3064776934689648,-0.8060764397870308,-0.3662686910059877,0.8015688829822769,0.7319830543417568,1.2612333905083724,-0.9679780475912982
-0.3317341291672907,-0.24581588376846747,0.2321985748131267,0.122932573889594,0.07926417533818705,0.5243348477741289,-0.17241949977988227,-0.07707409152894773,-0.4148790238437353,-0.11036572677716178,0.5106553345083611,0.22531542238058314,0.20068774238151804,0.14069211772079226,0.2503061402657717,0.10067342435090795,0.193771641682613,0.4757229034694434,1.1978827137685701,0.5531074016379206,0.5230325939680576,0.16444752884269723,-0.4018628452204572,0.04266758307946262,-0.03305543272509127,0.1519068692502778,0.12787052954827166,0.3597390337736856,0.009597739665255837,0.14271636974656834,0.3487737093138414,-0.4020580836046356,0.1451711041225075,-0.06468703384275731,-0.15081759807465905,-0.23332593177444227,-0.2532059483836997,0.49662700366825396,0.4267124001125061,0.34885823376955954,-0.15891284493916072,-0.31628937478867364,-0.5695134616019292,0.17277208458418353
-1.0079277889408154,-2.0200413802447095,1.4530787853245786,0.9607747548209435,1.1281556605641108,1.7827579839498595,-0.4352305446390449,0.2831348053161173,-2.410244221172607,-0.9112337584706901,0.4826379500969254,-0.44048552827566967,0.9415662262344174,0.4344708346826101,0.13682132025671773,-0.6060151017839449,0.4757229034694434,2.646043521810486,4.340588545716952,1.2595005364431457,1.3366861641677004,0.2199159108078471,-1.1081164764362297,1.937544413759468,1.2724442445502244,0.12572110910956477,0.895870012363945,0.8297842735083178,-0.1851380426568244,-0.3419207575067871,2.462020192371851,-1.345876054886389,1.3836288752969146,0.424116304513009,0.9265426248453961,-0.0047882489435785765,-0.6729364940484885,2.190287689221913,2.535597479274696,1.7107488811457185,-1.5176040403561841,-2.0303584131122983,-3.594382169665027,1.8053542565817529
-2.3569978785127703,-2.7477776351450642,2.2632740100361315,1.3676120067306368,1.250096236193462,4.029336295706608,-1.2294202363759252,-0.16778798619500485,-3.7109147129047413,-1.1662392700275284,2.8719785951935224,0.7232345501212167,1.5101197712930394,1.0907050562936287,1.2987964121805256,-0.013753182262215358,1.1978827137685701,4.340588545716952,9.166525133182622,3.6086922143226943,3.507334989600459,1.0048090585913954,-2.8295732385061925,1.5660152001371264,0.7582629973246012,0.7809372136354131,1.2306355269070868,2.375444130774412,-0.10377726776488475,0.5054512544429564,3.502949841429926,-3.1033415117203043,1.6767083318651705,-0.007095342499645889,-0.09033959646031349,-1.160733758612395,-1.70451628503478,4.1017335546712586,3.9622733926595113,2.9056469699682754,-1.8561062538375475,-3.030454192519856,-5.549249793022141,2.0862259486702714
-1.0272891436720069,-0.47502776055733537,0.5018357656486835,0.23782955890210689,-0.022436685999990793,1.6967159957337148,-0.6703111486794137,-0.3955957024458659,-0.8211921537432945,-0.18629741154332463,1.9697481079999222,0.9844031119128006,0.31367385134885295,0.5599596599978025,0.9962552656544231,0.5893455915569344,0.5531074016379206,1.2595005364431457,3.6086922143226943,1.9140665045332896,1.5417994347309427,0.6396867990722213,-1.3920567281713099,-0.5195917695231607,-0.5704787880708557,0.4998495423468393,0.16293743261103055,1.2103756946149076,0.06662683932694863,0.6999514546343558,0.6086640891634278,-1.3482409545344667,0.11749540674645943,-0.399350671631677,-0.9498075968409039,-1.0434136987092504,-0.7475474294998994,1.408512986865968,0.9636157899167971,0.8952269147303216,-0.13698365516460037,-0.6538988396588236,-1.22876977982948,0.09293331804723606
-0.9354077787043297,-0.6673231031969616,0.7061563242329224,0.34546431065567174,0.22677147489515306,1.5816178790642543,-0.5232286253807429,-0.23895618857597922,-1.1525419527475103,-0.2559433246352912,1.4737578366541928,0.6855895986905505,0.5468171372304367,0.3896902775308754,0.7053535804050821,0.2794803880386012,0.5230325939680576,1.3366861641677004,3.507334989600459,1.5417994347309427,1.6476405985675375,0.5338615125816388,-1.163954347299137,0.061562688180290766,-0.1412548475171307,0.45587131599089026,0.40191165296118403,1.0708472671899032,0.05224271442576427,0.5025021086970779,0.9932879390098306,-1.2173491455872372,0.37656170923728294,-0.22116576173253186,-0.4768831366231263,-0.7070636427187154,-0.7661618804553949,1.4074122639139865,1.1971140597563996,0.9096919226852652,-0.3987546381702824,-0.8644847681957203,-1.6862667987965896,0.4138702365267473
-0.28398316126575684,0.06218913192565575,0.005417902027997132,-0.03205602968417677,-0.1319594143844999,0.5056448534454032,-0.23625862866894828,-0.23028908698496706,-0.023977861370872718,0.03839388910467603,0.7628353506550412,0.5077223309618268,0.011739903496612995,0.23546261221606243,0.41557958502377046,0.34195084627196476,0.16444752884269723,0.2199159108078471,1.0048090585913954,0.6396867990722213,0.5338615125816388,0.3247623292279118,-0.47534678626034427,-0.5262268564372975,-0.4359892753585555,0.1967854427196845,-0.006864781158541515,0.44715126226142543,0.05644361589139626,0.40536051123608824,-0.07435162717314991,-0.400340147065856,-0.14228677406727824,-0.24071850883651014,-0.553275980251607,-0.4853214981707614,-0.23614724173031884,0.315291651609636,0.06068453182683438,0.13352018072950733,0.19021650613174088,0.027802381056773445,-0.06699053069009252,-0.2083768447180183
0.7713709993499535,0.5070536962027276,-0.46124821087608076,-0.23205021258547173,-0.06854050743631157,-1.3238356956144244,0.5155116985858481,0.23038291674790498,0.7438899064797438,0.2248582604202315,-1.359639891964384,-0.6157465444138782,-0.26269004842836613,-0.41496350571829627,-0.6814331907692529,-0.35624636190964,-0.4018628452204572,-1.1081164764362297,-2.8295732385061925,-1.3920567281713099,-1.163954347299137,-0.47534678626034427,1.0708495595663046,0.20128619053858077,0.29676664388186014,-0.3388529036127883,-0.18492425023699063,-0.8888523242206844,-0.027730402792773567,-0.46555225422162744,-0.6064792406451249,1.0411742781390445,-0.19915466181617159,0.25837008590823013,0.5743375262597877,0.7651095224646933,0.5619559485167488,-1.1329373386795938,-0.8647813276234311,-0.7376091106927699,0.19530576011081907,0.6132878694965743,1.1268553583990588,-0.20696747874043245
-0.19144953555670235,-2.0754525792693816,1.3675591936745806,1.0160161988149314,1.4815027937995193,0.3568507281891726,0.22856407734519446,0.8118131503419292,-2.3095698177768034,-0.9604295108885248,-1.6216242643825012,-1.6721735688254167,1.0161198689714825,-0.16736116302487547,-0.9540741765056467,-1.4868595085681566,0.04266758307946262,1.937544413759468,1.5660152001371264,-0.5195917695231607,0.061562688180290766,-0.5262268564372975,0.20128619053858077,3.2536708384652164,2.3815964294532646,-0.362984136966801,1.020970438875553,-0.3467737202265357,-0.3033738782828291,-1.3041434562319707,2.604207466301176,-0.1607308579520844,1.7045371951196149,1.071133680307531,2.3441168838324082,1.307707911983875,-0.0648517670930565,1.2566564655657297,2.277571355754758,1.2229816533105293,-1.9078237858741691,-1.952747476660242,-3.3570615537754507,2.3012426820962535
-0.036568566137859373,-1.4550318143636123,0.9286292337750576,0.7238069954394194,1.0978537734742508,0.08102163695326436,0.25820637675174357,0.6161686911848159,-1.5805355798522607,-0.6620476327680243,-1.3638592404787377,-1.3132202281948422,0.6999147729065301,-0.1321725015704617,-0.7960092052715199,-1.1495755678034456,-0.03305543272509127,1.2724442445502244,0.7582629973246012,-0.5704787880708557,-0.1412548475171307,-0.4359892753585555,0.29676664388186014,2.3815964294532646,1.786770307781043,-0.32236162338252544,0.7072048090733819,-0.36267539016105094,-0.23394636654646242,-1.0085758331920511,1.8076923907395173,0.01845558591325846,1.2096347328729606,0.8253582112655091,1.7894507077874524,1.0853845454644864,0.04595019235735114,0.7840108912876546,1.5391811574655903,0.8020855061363781,-1.3619565914203553,-1.3391884870882447,-2.315134597556456,1.6502666750351933
-0.24209062950553223,0.07231564453892822,0.029666056280607412,-0.02685429679634066,-0.11852678517736527,0.3854832514914174,-0.1659278194039732,-0.16780701541100682,-0.05717780815903304,0.045658387349621576,0.6119997690704159,0.4031276308882619,0.04771709968417788,0.11656317817707883,0.31543017797567924,0.2612469771970498,0.1519068692502778,0.12572110910956477,0.7809372136354131,0.4998495423468393,0.45587131599089026,0.1967854427196845,-0.3388529036127883,-0.362984136966801,-0.32236162338252544,0.18267808750846434,-0.006154320383417131,0.34248350778313447,0.05196434231439111,0.2858049776438041,-0.026289941616934466,-0.31453439615506273,-0.09486769059209933,-0.18540526544202152,-0.40951411950852984,-0.3418221976443789,-0.21232181017485982,0.23955296262174666,0.061792069114834466,0.11514247553337577,0.10491960937559869,-0.01089031915564094,-0.06218065285567766,-0.15150182847033733
-0.23740648054456293,-0.7796975759634528,0.5563671399435216,0.3842469061916597,0.5269011512406954,0.41413475465746286,-0.047822351429080485,0.1646568473720758,-0.9657297768244746,-0.35711927292316487,-0.22762241350785747,-0.34159064322858784,0.4643229253379706,0.05601655861141719,-0.12781947199398136,-0.3930078636950825,0.12787052954827166,0.895870012363945,1.2306355269070868,0.16293743261103055,0.40191165296118403,-0.006864781158541515,-0.18492425023699063,1.020970438875553,0.7072048090733819,-0.006154320383417131,0.47340028904192055,0.14042023204360304,-0.07708959403915983,-0.2777632503474124,1.0442790563662228,-0.2785581349467576,0.6112915305890505,0.3168764602976438,0.6265908841482553,0.2613973796535504,-0.18569438675211536,0.675328228089247,0.9659366805188903,0.5528602992920738,-0.6592775808558459,-0.7569244715457893,-1.4152605636250597,0.8210888291321569
-0.6541645003365798,-0.297713436610255,0.3442594078807768,0.1484678393874135,0.04168699471891461,1.1106709355965714,-0.4017955733665484,-0.2564944581151942,-0.5574602119199441,-0.0950187519315144,1.2784230758174906,0.644848065512006,0.21473684041774815,0.38051593677588913,0.6252878078927873,0.36656970761660757,0.3597390337736856,0.8297842735083178,2.375444130774412,1.2103756946149076,1.0708472671899032,0.44715126226142543,-0.8888523242206844,-0.3467737202265357,-0.36267539016105094,0.34248350778313447,0.14042023204360304,0.8620358443577039,0.04951323767745625,0.48773718327344384,0.4249695443176666,-0.9123546583231604,0.0877773447415171,-0.2761943515758357,-0.6043101705505685,-0.6674635875755338,-0.5133264615265772,0.9244956429655513,0.6136485667310347,0.5858238349366341,-0.09409864673912062,-0.4283704669378267,-0.8490630307503741,0.06560142516965123
0.006973252951189594,0.20467579488091564,-0.11182070758710437,-0.10189330516211914,-0.14912696654061888,-0.017104352600817264,-0.033595871780023226,-0.0814611476860932,0.20393169653174514,0.09927264150597206,0.17439583520381696,0.18081288116648916,-0.07492582579580613,-0.007173531596236289,0.10338541728847075,0.15104600292906173,0.009597739665255837,-0.1851380426568244,-0.10377726776488475,0.06662683932694863,0.05224271442576427,0.05644361589139626,-0.027730402792773567,-0.3033738782828291,-0.23394636654646242,0.05196434231439111,-0.07708959403915983,0.04951323767745625,0.04067391022142913,0.13550746283020287,-0.23054035422406377,0.004971081414867833,-0.16034798431608574,-0.10863927482106016,-0.23278992095144635,-0.13860436327014058,-0.017624144602505006,-0.11767101544419191,-0.20353932630277635,-0.11908919745068006,0.17790894692080716,0.17903606009259335,0.30242679650370907,-0.22194121752927792
-0.21503228506109653,0.615940364977369,-0.33597009970653796,-0.28776603970943665,-0.5134287887118245,0.3742911751810515,-0.2657933481769056,-0.414286366976673,0.56947576434278,0.30109723035767993,1.1166965216320188,0.9005715925033759,-0.23764221387011059,0.22009315894964787,0.6160478325792876,0.6896291325331424,0.14271636974656834,-0.3419207575067871,0.5054512544429564,0.6999514546343558,0.5025021086970779,0.40536051123608824,-0.46555225422162744,-1.3041434562319707,-1.0085758331920511,0.2858049776438041,-0.2777632503474124,0.48773718327344384,0.13550746283020287,0.7073135761186155,-0.7343021940032813,-0.3252087196578291,-0.5710643531600014,-0.4998809093279922,-1.1080641766623893,-0.7578894233604698,-0.21737244081131996,-0.04931059529547907,-0.5391542142944032,-0.21121719680929182,0.6577166859286985,0.5273921912456506,0.8031831660059429,-0.7980943192880238
-0.7444402920020715,-2.1236831428248695,1.5196690403637465,1.053980986382352,1.3556652390416835,1.310572172355144,-0.17169490322501862,0.48225893188644603,-2.550461232265214,-0.9480143451255847,-0.3306324828737374,-0.9107236221212646,1.0925436033525668,0.1972965959255444,-0.28843445515633764,-1.0050874950542017,0.3487737093138414,2.462020192371851,3.502949841429926,0.6086640891634278,0.9932879390098306,-0.07435162717314991,-0.6064792406451249,2.604207466301176,1.8076923907395173,-0.026289941616934466,1.0442790563662228,0.4249695443176666,-0.23054035422406377,-0.7343021940032813,2.7123559557869563,-0.9416142100582828,1.5962829820510538,0.73202506512777,1.5560128862239941,0.5877354625283822,-0.5076844203753003,1.942658846450378,2.5865811245504333,1.5971312378834572,-1.7832192172585088,-2.10581529527953,-3.7602906626260575,2.1145821947820256
0.8162239921435548,0.7519585761083337,-0.6728202221789107,-0.3665821858904722,-0.2773961104850549,-1.441844502504565,0.479516840604675,0.12693670962006323,1.0318303967379665,0.2901257125794805,-1.2494709486439837,-0.4255376544155445,-0.3438003239872805,-0.40389436751336555,-0.559225650037556,-0.1613191590665757,-0.4020580836046356,-1.345876054886389,-3.1033415117203043,-1.3482409545344667,-1.2173491455872372,-0.400340147065856,1.0411742781390445,-0.1607308579520844,0.01845558591325846,-0.31453439615506273,-0.2785581349467576,-0.9123546583231604,0.004971081414867833,-0.3252087196578291,-0.9416142100582828,1.1627573794704067,-0.394136719279871,0.1595184345969534,0.30706670437437844,0.5983482590133903,0.6010885758670457,-1.3318207337683428,-1.1386488875150214,-0.909303571492387,0.45408961533788567,0.8751761910787844,1.5937852820230387,-0.4550920154647136
-0.32657520525296385,-1.2744832804433357,0.8718752677079464,0.6148519567553485,0.8407179293735162,0.5747994365189715,-0.01079103963228395,0.37616657168120393,-1.4845149703726594,-0.5919322047598715,-0.48369266900265384,-0.7286140516060816,0.631205769007119,0.04129935710169817,-0.32510549367185376,-0.7043058567463111,0.1451711041225075,1.3836288752969146,1.6767083318651705,0.11749540674645943,0.37656170923728294,-0.14228677406727824,-0.19915466181617159,1.7045371951196149,1.2096347328729606,-0.09486769059209933,0.6112915305890505,0.0877773447415171,-0.16034798431608574,-0.5710643531600014,1.5962829820510538,-0.394136719279871,0.9942516468241507,0.4990433132369047,1.1121870294657599,0.48764920069473294,-0.20303488768504208,1.0191689948309328,1.48565867802152,0.8948381088943228,-1.0972333316881344,-1.2441860759341974,-2.154278103187901,1.3217487092282185
0.07351981914751503,-0.5782279048541746,0.3374860399643739,0.3055072545711023,0.47614415336571175,-0.14891958372959763,0.16753647699704435,0.26278755314278146,-0.595352099597486,-0.2647210831510403,-0.7776611035984154,-0.6360488414177689,0.2962484338732959,-0.079383521556905,-0.4090182457922371,-0.5479339521664799,-0.06468703384275731,0.424116304513009,-0.007095342499645889,-0.399350671631677,-0.22116576173253186,-0.24071850883651014,0.25837008590823013,1.071133680307531,0.8253582112655091,-0.18540526544202152,0.3168764602976438,-0.2761943515758357,-0.10863927482106016,-0.4998809093279922,0.73202506512777,0.1595184345969534,0.4990433132369047,0.4425562188200718,0.8494402666410724,0.6059643284702092,0.10282720134020597,0.21016650054179156,0.5873853599396451,0.2507885544917847,-0.5683120604036038,-0.4960270284927567,-0.8945419761786166,0.7080210699430235
0.19329034835835868,-1.2613608650759849,0.7604863652793395,0.6096123503917306,1.0189970338267291,-0.30100259966162884,0.3799410102345109,0.6743611865965892,-1.2976489316201767,-0.5898633859239898,-1.7087936024664832,-1.4530701622257975,0.5740020705512129,-0.2629916931448298,-0.9654942855826864,-1.1970567946718589,-0.15081759807465905,0.9265426248453961,-0.09033959646031349,-0.9498075968409039,-0.4768831366231263,-0.553275980251607,0.5743375262597877,2.3441168838324082,1.7894507077874524,-0.40951411950852984,0.6265908841482553,-0.6043101705505685,-0.23278992095144635,-1.1080641766623893,1.5560128862239941,0.30706670437437844,1.1121870294657599,0.8494402666410724,1.8879913705956428,1.2165598075861026,0.209362776217515,0.4167404388043654,1.2309442546924325,0.5615482636871557,-1.24669498631405,-1.1208126662261135,-1.8797134650816978,1.5292450110039264
0.380374020621741,-0.4369760585032649,0.21262591765389355,0.26948605117033003,0.5411597588940684,-0.7058086943079116,0.45739788097938483,0.3999063437565024,-0.4042618860552325,-0.18040621788195632,-1.4234514995420884,-0.9829992918520302,0.2606106181676517,-0.2550806282517841,-0.7733389072559779,-0.8007790837437585,-0.23332593177444227,-0.0047882489435785765,-1.160733758612395,-1.0434136987092504,-0.7070636427187154,-0.4853214981707614,0.7651095224646933,1.307707911983875,1.0853845454644864,-0.3418221976443789,0.2613973796535504,-0.6674635875755338,-0.13860436327014058,-0.7578894233604698,0.5877354625283822,0.5983482590133903,0.48764920069473294,0.6059643284702092,1.2165598075861026,1.0666583051161074,0.3394087881431327,-0.20218852100727458,0.3098574765193878,-0.004552333359092948,-0.5876464013568974,-0.3334098642381196,-0.594672920118205,0.7175995528965371
0.4498490858453285,0.3488607241907912,-0.3483203288293851,-0.17938358450015102,-0.12452863827094471,-0.7751733076915289,0.2610157435324028,0.09964427848873113,0.5731028071192463,0.14102091154241675,-0.7066500279489527,-0.31131651008926786,-0.24825656266147778,-0.1867282640888145,-0.337873462272457,-0.12897246323083583,-0.2532059483836997,-0.6729364940484885,-1.70451628503478,-0.7475474294998994,-0.7661618804553949,-0.23614724173031884,0.5619559485167488,-0.0648517670930565,0.04595019235735114,-0.21232181017485982,-0.18569438675211536,-0.5133264615265772,-0.017624144602505006,-0.21737244081131996,-0.5076844203753003,0.6010885758670457,-0.20303488768504208,0.10282720134020597,0.209362776217515,0.3394087881431327,0.37254447356883635,-0.6961888644023313,-0.5965622883818594,-0.4667721009460591,0.22230900730530448,0.43788994163265604,0.8319117826680952,-0.2266707864892266
-1.0208418094468912,-1.559128488623971,1.1898207454170922,0.7829702088232758,0.8298806826229675,1.7462151668717192,-0.4439266257525317,0.08280321138939378,-1.9849273618112206,-0.6682507890100395,0.8970904399840494,-0.03435363265233425,0.8045145433928863,0.47638990216898813,0.3497901208582625,-0.3064776934689648,0.49662700366825396,2.190287689221913,4.1017335546712586,1.408512986865968,1.4074122639139865,0.315291651609636,-1.1329373386795938,1.2566564655657297,0.7840108912876546,0.23955296262174666,0.675328228089247,0.9244956429655513,-0.11767101544419191,-0.04931059529547907,1.942658846450378,-1.3318207337683428,1.0191689948309328,0.21016650054179156,0.4167404388043654,-0.20218852100727458,-0.6961888644023313,1.9783794516503752,2.079260370010819,1.4706793918456549,-1.1451509304498781,-1.6385353292379596,-2.962223199901409,1.315692312539279
-0.9116063889260556,-2.063832953468735,1.5016642383647765,1.0131639596179205,1.217449824534533,1.5548194994923596,-0.29973024421796285,0.3745719053745588,-2.498878145191694,-0.9223307255527977,0.10485394281885327,-0.6632098438579013,1.0546347077139722,0.2972227664703443,-0.06621107450262853,-0.8060764397870308,0.4267124001125061,2.535597479274696,3.9622733926595113,0.9636157899167971,1.1971140597563996,0.06068453182683438,-0.8647813276234311,2.277571355754758,1.5391811574655903,0.061792069114834466,0.9659366805188903,0.6136485667310347,-0.20353932630277635,-0.5391542142944032,2.5865811245504333,-1.1386488875150214,1.48565867802152,0.5873853599396451,1.2309442546924325,0.3098574765193878,-0.5965622883818594,2.079260370010819,2.5850879844319765,1.653917184052675,-1.6559272478663538,-2.0879852735757267,-3.6936538551024927,1.9529307137340497
-0.7068137497223921,-1.2931873535412026,0.946305003895751,0.625235423560172,0.7256683410563849,1.1920261255229194,-0.2631735656792459,0.16889741060606342,-1.603597685112164,-0.5785164408363728,0.4231878250585659,-0.2340672379296204,0.643862431200817,0.29473969496973385,0.12255418835346972,-0.3662686910059877,0.34885823376955954,1.7107488811457185,2.9056469699682754,0.8952269147303216,0.9096919226852652,0.13352018072950733,-0.7376091106927699,1.2229816533105293,0.8020855061363781,0.11514247553337577,0.5528602992920738,0.5858238349366341,-0.11908919745068006,-0.21121719680929182,1.5971312378834572,-0.909303571492387,0.8948381088943228,0.2507885544917847,0.5615482636871557,-0.004552333359092948,-0.4667721009460591,1.4706793918456549,1.653917184052675,1.164626221137123,-1.0041740328218896,-1.3438568786795018,-2.3386244218743504,1.1681813638605025
0.37441486302869315,1.4146525031702695,-0.988986982322168,-0.6974740391941856,-0.9421426089885736,-0.6417546414500525,-0.0013005883007409804,-0.4207310922565237,1.652262931406289,0.6314583028743853,0.5156172412010335,0.8192619858193917,-0.6963292882324789,-0.03965354719108511,0.36914864657978236,0.8015688829822769,-0.15891284493916072,-1.5176040403561841,-1.8561062538375475,-0.13698365516460037,-0.3987546381702824,0.19021650613174088,0.19530576011081907,-1.9078237858741691,-1.3619565914203553,0.10491960937559869,-0.6592775808558459,-0.09409864673912062,0.17790894692080716,0.6577166859286985,-1.7832192172585088,0.45408961533788567,-1.0972333316881344,-0.5683120604036038,-1.24669498631405,-0.5876464013568974,0.22230900730530448,-1.1451509304498781,-1.6559272478663538,-1.0041740328218896,1.2486839728602641,1.3967888457374005,2.4143566212685967,-1.4636691872242726
0.699063508730233,1.6952110414489439,-1.238131721547773,-0.8163378297750575,-1.0175271003989799,-1.1737763401798833,0.17465215172119855,-0.38082768293877334,2.0373057810821367,0.7565619404718847,0.04321166771021143,0.670725842485553,-0.8410082755179474,-0.18152447166329283,0.160683993030395,0.7319830543417568,-0.31628937478867364,-2.0303584131122983,-3.030454192519856,-0.6538988396588236,-0.8644847681957203,0.027802381056773445,0.6132878694965743,-1.952747476660242,-1.3391884870882447,-0.01089031915564094,-0.7569244715457893,-0.4283704669378267,0.17903606009259335,0.5273921912456506,-2.10581529527953,0.8751761910787844,-1.2441860759341974,-0.4960270284927567,-1.1208126662261135,-0.3334098642381196,0.43788994163265604,-1.6385353292379596,-2.0879852735757267,-1.3438568786795018,1.3967888457374005,1.7408394035393675,2.988252732021121,-1.6277806785959197
1.2467703348193542,2.9748904684532347,-2.174181596205847,-1.494453385224592,-1.844620381151182,-2.1742964394295408,0.3477111270230044,-0.5592461862539462,3.612209928731508,1.2885364679988982,-0.005577717947022623,1.0275136014955535,-1.5366322546555455,-0.43777818954119585,0.19587951837832787,1.2612333905083724,-0.5695134616019292,-3.594382169665027,-5.549249793022141,-1.22876977982948,-1.6862667987965896,-0.06699053069009252,1.1268553583990588,-3.3570615537754507,-2.315134597556456,-0.06218065285567766,-1.4152605636250597,-0.8490630307503741,0.30242679650370907,0.8031831660059429,-3.7602906626260575,1.5937852820230387,-2.154278103187901,-0.8945419761786166,-1.8797134650816978,-0.594672920118205,0.8319117826680952,-2.962223199901409,-3.6936538551024927,-2.3386244218743504,2.4143566212685967,2.988252732021121,5.389630946714397,-2.839280209116007
-0.39340285836540595,-1.6950767779495421,1.1314768286575339,0.8251601112634547,1.1366624411765351,0.6839321083233747,0.01728348936207239,0.5012745507228321,-1.9555354097808904,-0.7876763730811489,-0.7334672117918397,-1.0069321737508088,0.8462502470747806,0.06358571718988702,-0.46521463802278334,-0.9679780475912982,0.17277208458418353,1.8053542565817529,2.0862259486702714,0.09293331804723606,0.4138702365267473,-0.2083768447180183,-0.20696747874043245,2.3012426820962535,1.6502666750351933,-0.15150182847033733,0.8210888291321569,0.06560142516965123,-0.22194121752927792,-0.7980943192880238,2.1145821947820256,-0.4550920154647136,1.3217487092282185,0.7080210699430235,1.5292450110039264,0.7175995528965371,-0.2266707864892266,1.315692312539279,1.9529307137340497,1.1681813638605025,-1.4636691872242726,-1.6277806785959197,-2.839280209116007,1.7788072671214574
