V1,V2,V3,V4,V5,V6,V7,V8,V9,V10,V11,V12,V13,V14,V15,V16,V17,V18,V19,V20,V21,V22,V23,V24,V25,V26,V27,V28,V29,V30,V31,V32,V33,V34,V35,V36,V37,V38,V39,V40,V41,V42,V43,V44
1.2958451795168426,2.437586453800116,-1.8304321754566255,-1.201110061784622,-1.3797616305865485,-2.2304025798853435,0.5125700587748224,-0.3186544273799784,3.042318603663236,1.0736979523484855,-0.6693431011719704,0.461931684213123,-1.264508092367742,-0.4813917562768442,-0.1915215571620921,0.7430092637600282,-0.6342835861234479,-3.1853752519216365,-5.448846261579334,-1.5914203008233783,-1.8011102198283584,-0.24515481517981497,1.3407531730481772,-2.4124623339198212,-1.5706004261944038,-0.21853261958289397,-1.129951505792194,-1.0480769140255182,0.20648001464909768,0.4006139533858978,-3.0841913679487436,1.6711990121216382,-1.7051503424123506,-0.5273850020234756,-1.1218926690006925,-0.05613087114661445,0.8990232601724208,-2.7232326857739126,-3.151876574432111,-2.106812989561586,1.9044046413988296,2.5199630963551285,4.494361028915446,-2.215366675211447
2.437586453800116,6.038032760780022,-4.339324802664407,-2.9764766151114874,-3.6969452087919747,-4.250846683937693,0.718290226338004,-1.2069641601162642,7.2608238757836725,2.6907671993631124,0.14695157401807787,2.187564916398776,-3.040958068403362,-0.798382479309282,0.4366528865470703,2.5414511142080123,-1.1379416117190717,-7.266577318452452,-10.943884768821537,-2.3947796924498634,-3.197914438843631,-0.04256396682854968,2.2219047188729335,-6.896752829468337,-4.729570583532169,-0.07133260969009535,-2.840010849598293,-1.5972345813789453,0.6279832789643168,1.7563824308154337,-7.588583228307596,3.1067298931598852,-4.406538690103878,-1.8247966673556957,-3.8971671856049626,-1.1773502819126065,1.622838229455793,-5.879167368726722,-7.439100797030029,-4.7402028026875005,4.916320622397281,6.039154896832064,10.731245455031857,-5.810620629696403
-1.8304321754566255,-4.339324802664407,3.1535438105373728,2.1342621722739032,2.6203858402236184,3.1775841310264847,-0.566994700474717,0.8450074619747577,-5.253118206487994,-1.930684138425751,0.06465937902738508,-1.4875473347248471,2.1959936703611254,0.5785912340734728,-0.23923547299846487,-1.7656712136572201,0.8619464314120686,5.27412332728426,8.102590849391008,1.8615403665239008,2.4247581547089636,0.06324894033516573,-1.694514978199824,4.891348209112967,3.3273904752745547,0.09809989077507263,2.0297554473213575,1.2314910346004748,-0.4372480689925458,-1.204829927805492,5.464824235985322,-2.333772793757712,3.1564611276160175,1.2560374680567166,2.7074849953647586,0.7476156637359757,-1.228729959386058,4.301482802617205,5.387906030238334,3.454577417405129,-3.52894510754717,-4.378002912512921,-7.7505529887838085,4.1474018089144575
-1.201110061784622,-2.9764766151114874,2.1342621722739032,1.4690520570251138,1.8254424336799553,2.09711249544291,-0.355437835264117,0.5886731802324374,-3.577422435929071,-1.3261716517511908,-0.06942816855121627,-1.0717295096184671,1.4991951599639735,0.40445983178906914,-0.20988319949335155,-1.250026671499628,0.5608016152842248,3.5853094926085864,5.401021547567076,1.1847433662333169,1.5773942701731423,0.02863913582828807,-1.0989246525119818,3.3915916681965124,2.3278708728053346,0.035513659472625136,1.4027365127497755,0.792804277051431,-0.3102598558662324,-0.8595904562906154,3.7394022253745907,-1.5322056256662964,2.170032508636096,0.9007190028666386,1.9154699498525924,0.5790338818945538,-0.7997724972834777,2.9016068754093762,3.665913130274304,2.3365452289265556,-2.4186845288587495,-2.971467692984815,-5.2913863002612365,2.863323912662359
-1.3797616305865485,-3.6969452087919747,2.6203858402236184,1.8254424336799553,2.309869016742644,2.421400360548001,-0.3621971960942105,0.7877899271549492,-4.4022405848135415,-1.6522439864644474,-0.34602211527984056,-1.4786630488439747,1.8490802823496257,0.4519526558488311,-0.3902352930978849,-1.6524603891150957,0.6337188132751685,4.3651211819799745,6.342164890004108,1.2503979282471538,1.7765232245353242,-0.0409679980294758,-1.2084192238025928,4.3412792542382235,3.0104891264113998,-0.02411368505320106,1.7506620680520872,0.8430069525100717,-0.4025215938058302,-1.1743459691113243,4.6369572335859806,-1.7536276360245342,2.719762527398683,1.1951533906654195,2.5374859848668554,0.8687261518763114,-0.905431137270669,3.4801908171877196,4.498774704238517,2.8326226837926556,-3.0300739825956424,-3.657713829618812,-6.51483753027643,3.6029809948478624
-2.2304025798853435,-4.250846683937693,3.1775841310264847,2.09711249544291,2.421400360548001,3.847783005041302,-0.8765588511056179,0.5611337596714203,-5.292048832810882,-1.8740556428986814,1.1074953966047274,-0.8324179815836812,2.200852661377856,0.8426606497959599,0.30905613545849353,-1.3158597003831498,1.0902181773089172,5.537884836427867,9.419510141792356,2.7265961060452937,3.096191569485272,0.419738713782039,-2.3049472727901206,4.2270636566971485,2.762670655966075,0.3643627496935174,1.9761820988790508,1.8004637142472186,-0.36530657415749207,-0.7157343829638132,5.375086541246172,-2.879007310346191,2.9758653984144465,0.939558778506438,1.9869959382446951,0.1316993587840163,-1.5460352840938074,4.72276360047472,5.47965927260544,3.6567658663221096,-3.3205944193024486,-4.377299781654117,-7.824337581377116,3.8735138234547253
0.5125700587748224,0.718290226338004,-0.566994700474717,-0.355437835264117,-0.3621971960942105,-0.8765588511056179,0.24688431982130293,-0.01592882276331171,0.9404571705847029,0.3111218474935189,-0.5086902485964093,-0.048979679967771625,-0.38720707593624343,-0.2213194913696408,-0.21769567662564665,0.09586911091893832,-0.26042521248380296,-1.0487034667378308,-2.0469108398517064,-0.7377593092105991,-0.7458410654035067,-0.17697899883739387,0.5868213190776725,-0.5442508881431035,-0.3152103711616646,-0.14450640441242038,-0.3283662702222368,-0.4850994608057252,0.04178436604634259,-0.01908570607642934,-0.9155800051873977,0.6695945701248646,-0.4683143627963668,-0.06796470337037468,-0.13315154784315034,0.16280711145489532,0.3673958284751569,-0.9536409165567079,-0.9892682556633404,-0.7023610324684144,0.5217227389610755,0.7704211253102562,1.3930915418836507,-0.5963414752794198
-0.3186544273799784,-1.2069641601162642,0.8450074619747577,0.5886731802324374,0.7877899271549492,0.5611337596714203,-0.01592882276331171,0.36096859275071586,-1.400295061477144,-0.5444935434721538,-0.44178576007789566,-0.695596520960117,0.5883498597435242,0.024356455179370948,-0.3109548723559693,-0.6755723977809264,0.1326850658501583,1.299866913625514,1.597884297314015,0.11694131488482677,0.3586816661178146,-0.15045046527719566,-0.18411497264819646,1.6186531988125974,1.1476439160769882,-0.08991279125607615,0.5648529797002865,0.07564747865311151,-0.14827587341908793,-0.5470249102145732,1.5122171581274741,-0.3900257232116734,0.9325712878039043,0.4734557607580626,1.0517585235445663,0.47154119283272167,-0.19331360490357175,0.9695648406180714,1.412351728764759,0.842383897703243,-1.0482485134599693,-1.1872514076451475,-2.052379925061764,1.2374161102992605
3.042318603663236,7.2608238757836725,-5.253118206487994,-3.577422435929071,-4.4022405848135415,-5.292048832810882,0.9404571705847029,-1.400295061477144,8.775622120979945,3.231267710836741,-0.07634771033112786,2.4895311805453315,-3.6718307345607144,-1.0002458069081084,0.4022449351996728,2.9603242948639585,-1.4311764586795344,-8.8223251853023,-13.518351295461107,-3.094095097692376,-4.028308382479208,-0.12095610996889287,2.823076210904739,-8.175122366579494,-5.573642755062197,-0.15366664808216024,-3.4069148822870425,-2.0563352979144334,0.737392482266321,2.0113286246013624,-9.136725678040941,3.882564456886029,-5.277301161845738,-2.1186235317673274,-4.535552798852923,-1.2703040688280351,2.0398222135221054,-7.189429008775413,-9.00124305527394,-5.768774888223617,5.8911831376260535,7.299469218931689,12.9625638259,-6.943660842803166
1.0736979523484855,2.6907671993631124,-1.930684138425751,-1.3261716517511908,-1.6522439864644474,-1.8740556428986814,0.3111218474935189,-0.5444935434721538,3.231267710836741,1.2005283151020327,0.09464300618470173,0.9916487342788647,-1.3536946758937187,-0.3497098585984865,0.2097582214959953,1.1435976958447418,-0.5002502658158141,-3.2284699009327387,-4.835556929841745,-1.0427598814094687,-1.4041874717116856,-0.010253429071164456,0.9729163126622765,-3.088499755987259,-2.1209277852906223,-0.023983686903354944,-1.2667946733343267,-0.695369138365658,0.281767981318967,0.7949000937452151,-3.3816098511500847,1.367549860672646,-1.9662188832513035,-0.8219192917131392,-1.7545025116579567,-0.541180786298663,0.7133516127438136,-2.6057735705883673,-3.3086660508121373,-2.1048973072829478,2.194191375217195,2.6875203317689262,4.775427769417243,-2.595234150777015
-0.6693431011719704,0.14695157401807787,0.06465937902738508,-0.06942816855121627,-0.34602211527984056,1.1074953966047274,-0.5086902485964093,-0.44178576007789566,-0.07634771033112786,0.09464300618470173,1.7210969271155556,1.0587047711228486,0.010173157724134449,0.38479573164415737,0.8875436344313967,0.73411483112627,0.38142040288817713,0.4230064581947511,2.1652623295696976,1.4187969413284105,1.117228270944655,0.5551342486638511,-0.9973947177584482,-1.0638681467905684,-0.9207414485074844,0.4429085948768029,-0.10168140050575428,0.9214344983625862,0.12348523604368235,0.7833666932754227,-0.14128580777034883,-0.9043732470444942,-0.28790688871120657,-0.5324684055409294,-1.170287890133265,-1.01706041571721,-0.5307213381689234,0.6856839796820444,0.16173617809805244,0.3373682126556463,0.3221264908988077,-0.02811471169814411,-0.11969112265882019,-0.45055609039946565
0.461931684213123,2.187564916398776,-1.4875473347248471,-1.0717295096184671,-1.4786630488439747,-0.8324179815836812,-0.048979679967771625,-0.695596520960117,2.4895311805453315,0.9916487342788647,1.0587047711228486,1.395625193561707,-1.0525234762940097,-0.021752340954232494,0.6824573723192918,1.3194220441102271,-0.17530228507597745,-2.2746064252689107,-2.5360144221609957,0.0026471967687457616,-0.4630758482394923,0.3308013482771088,0.1834880699115861,-3.0430151790255384,-2.1920919752078656,0.2327911682693339,-1.0390130281633578,-0.005547390104568453,0.28826555902631756,1.0848667412092217,-2.7278794398366117,0.5551681323628032,-1.7085867506560999,-0.9402334329311276,-2.0531998109150336,-1.004307044549981,0.2581170019397355,-1.6392011264170205,-2.500587288899516,-1.455097003599063,1.9131696771851245,2.1035621171733014,3.663307260551857,-2.287197012982313
-1.264508092367742,-3.040958068403362,2.1959936703611254,1.4991951599639735,1.8490802823496257,2.200852661377856,-0.38720707593624343,0.5883498597435242,-3.6718307345607144,-1.3536946758937187,0.010173157724134449,-1.0525234762940097,1.5384350776479367,0.41900382086624105,-0.1775954752323535,-1.2476412034082631,0.5942330581582144,3.6886731335392087,5.633274241250658,1.2785968510020307,1.6729926039908756,0.04781192144943871,-1.17027174422649,3.43246271031116,2.343675432796684,0.058742840563624034,1.4301065556660004,0.8512846585650833,-0.31034771317552273,-0.8487781704656423,3.8263091162807434,-1.6126658308739663,2.2114660742945578,0.8952861519431096,1.9112175788428571,0.5452927859315081,-0.8467758434947725,3.001734183450539,3.765206043961534,2.409728732670185,-2.4677012032984114,-3.0520363989092965,-5.425700398530556,2.9122935796740514
-0.4813917562768442,-0.798382479309282,0.5785912340734728,0.40445983178906914,0.4519526558488311,0.8426606497959599,-0.2213194913696408,0.024356455179370948,-1.0002458069081084,-0.3497098585984865,0.38479573164415737,-0.021752340954232494,0.41900382086624105,0.2724742150225024,0.1729892455696497,-0.166234417564083,0.23975814575103005,1.118085672087046,2.0285378176784032,0.6771923668834274,0.6899878289847619,0.18376127471275214,-0.5553756227639054,0.6535533999499091,0.41893376537185495,0.10857986133029086,0.3864691651120999,0.46123151882654573,-0.06386950249638983,-0.024362460797902614,1.0015653665531419,-0.6334216640060322,0.5241187944750326,0.14175363996500542,0.2348244588493529,-0.07543834475522439,-0.3371227283731316,0.9843993606326363,1.0490681888779276,0.7266880892750185,-0.5703564720730059,-0.7979990946566292,-1.5093441549321984,0.691806184450066
-0.1915215571620921,0.4366528865470703,-0.23923547299846487,-0.20988319949335155,-0.3902352930978849,0.30905613545849353,-0.21769567662564665,-0.3109548723559693,0.4022449351996728,0.2097582214959953,0.8875436344313967,0.6824573723192918,-0.1775954752323535,0.1729892455696497,0.48828528367623536,0.530986474185378,0.12432063102478919,-0.21401848151920772,0.4534024967540381,0.5851249381972701,0.3745267485048684,0.29664214554762547,-0.380546716357305,-0.9723979540120002,-0.7588210594708787,0.2202897914788967,-0.2159035416486679,0.38324780642468986,0.09851528190314539,0.5164581533405859,-0.5310197709334152,-0.2729009961252326,-0.41586741871694766,-0.37612618370267215,-0.8400770846103778,-0.5890445444192309,-0.1700520154620544,0.0022685186320223092,-0.3677296341662677,-0.11390586284496335,0.4698051493682528,0.361398283376353,0.5811562402478821,-0.5794965375546746
0.7430092637600282,2.5414511142080123,-1.7656712136572201,-1.250026671499628,-1.6524603891150957,-1.3158597003831498,0.09586911091893832,-0.6755723977809264,2.9603242948639585,1.1435976958447418,0.73411483112627,1.3194220441102271,-1.2476412034082631,-0.166234417564083,0.530986474185378,1.3349837256909316,-0.31988690366574896,-2.8211719999437217,-3.6535261474252407,-0.42764833750749204,-0.8809734743694997,0.20734758454037985,0.5213525046646501,-3.2611914594876232,-2.3088721314757374,0.14306074528275836,-1.2052079327385858,-0.2926140681704977,0.305647604919817,1.0345317226744482,-3.1789454148476084,0.9254687628490623,-1.9281348134190885,-0.9567026369789313,-2.0658180380056432,-0.8824331672648974,0.46172488014008695,-2.1484184813925373,-2.9998272473088985,-1.8189343277348384,2.1536760190733726,2.480433043920066,4.368146357784919,-2.5671799905839925
-0.6342835861234479,-1.1379416117190717,0.8619464314120686,0.5608016152842248,0.6337188132751685,1.0902181773089172,-0.26042521248380296,0.1326850658501583,-1.4311764586795344,-0.5002502658158141,0.38142040288817713,-0.17530228507597745,0.5942330581582144,0.23975814575103005,0.12432063102478919,-0.31988690366574896,0.31290515580638734,1.5108698097732636,2.6415610779438063,0.802159368307197,0.8896157487452964,0.13618442436908076,-0.6679349629500091,1.0913737747356203,0.7012007753654571,0.12015396812533245,0.5263328665114714,0.5276129968885434,-0.09186908685202735,-0.1576222295608566,1.4423736489869858,-0.8195699124007817,0.7891183869821886,0.22637502197182263,0.48095875379799347,-0.013540322441787279,-0.4431937360091096,1.3044168478405034,1.485368589197127,1.0019144593435731,-0.8815936221743661,-1.1838806935805024,-2.1136784287819923,1.0222209043785178
-3.1853752519216365,-7.266577318452452,5.27412332728426,3.5853094926085864,4.3651211819799745,5.537884836427867,-1.0487034667378308,1.299866913625514,-8.8223251853023,-3.2284699009327387,0.4230064581947511,-2.2746064252689107,3.6886731335392087,1.118085672087046,-0.21401848151920772,-2.8211719999437217,1.5108698097732636,8.95837123229142,14.022216028354695,3.4010446513250465,4.263043418295209,0.25633076680729927,-3.0446080301556426,7.976622732076085,5.406692805845525,0.23988270400884212,3.4110895093270215,2.2629931023936822,-0.7192985580074127,-1.847414078054866,9.145490856580109,-4.079283550002348,5.236254810719403,2.029314074905169,4.308314242556101,1.0720563953246929,-2.149598856219015,7.36749928224389,9.069011959730869,5.861295476521673,-5.838792293298126,-7.319702038572277,-13.04813005940978,6.884293158040645
-5.448846261579334,-10.943884768821537,8.102590849391008,5.401021547567076,6.342164890004108,9.419510141792356,-2.0469108398517064,1.597884297314015,-13.518351295461107,-4.835556929841745,2.1652623295696976,-2.5360144221609957,5.633274241250658,2.0285378176784032,0.4534024967540381,-3.6535261474252407,2.6415610779438063,14.022216028354695,23.283252122034185,6.433647681528625,7.490803877977517,0.871772796076728,-5.517839904007398,11.226790215174335,7.430185802631973,0.7592461663746489,5.106269367066435,4.258755434175846,-0.9854711155316024,-2.129369254972116,13.816460196859374,-7.017582574164734,7.7296810084971614,2.6190936367137008,5.537738234625949,0.7357582806485684,-3.748707217210884,11.831869802096332,13.96823318870745,9.231506609279208,-8.620425938665836,-11.188909915671864,-19.9931244328122,10.09441816581961
-1.5914203008233783,-2.3947796924498634,1.8615403665239008,1.1847433662333169,1.2503979282471538,2.7265961060452937,-0.7377593092105991,0.11694131488482677,-3.094095097692376,-1.0427598814094687,1.4187969413284105,0.0026471967687457616,1.2785968510020307,0.6771923668834274,0.5851249381972701,-0.42764833750749204,0.802159368307197,3.4010446513250465,6.433647681528625,2.223079113051178,2.2936809658703083,0.5040794558711291,-1.7884349911518653,1.9566542217807505,1.1799054111530414,0.409617419112808,1.1025175076475644,1.4635436223905707,-0.15700148359665364,-0.0535561684028934,3.0456104885296638,-2.0731343328272818,1.589107614264468,0.3073834473851513,0.6157328658597904,-0.3826660596432747,-1.1318793088673595,3.046534816132401,3.242541595106402,2.2682588100659076,-1.7701359125677714,-2.5381926015185523,-4.584036577824006,2.0385278932273363
-1.8011102198283584,-3.197914438843631,2.4247581547089636,1.5773942701731423,1.7765232245353242,3.096191569485272,-0.7458410654035067,0.3586816661178146,-4.028308382479208,-1.4041874717116856,1.117228270944655,-0.4630758482394923,1.6729926039908756,0.6899878289847619,0.3745267485048684,-0.8809734743694997,0.8896157487452964,4.263043418295209,7.490803877977517,2.2936809658703083,2.5335911466340453,0.4016237605641578,-1.9057267305070191,3.0398864081575603,1.9484298229737869,0.34970869506813596,1.480668824051378,1.5109468397595938,-0.255623978725054,-0.4199351837594159,4.054407011673023,-2.3292646350634345,2.212213851655978,0.6243662894146644,1.321400957384962,-0.06343953689383686,-1.26058243488416,3.689347962579315,4.18321818585551,2.826622093269413,-2.4696892477016816,-3.3289252169798007,-5.952611544266635,2.864047058994455
-0.24515481517981497,-0.04256396682854968,0.06324894033516573,0.02863913582828807,-0.0409679980294758,0.419738713782039,-0.17697899883739387,-0.15045046527719566,-0.12095610996889287,-0.010253429071164456,0.5551342486638511,0.3308013482771088,0.04781192144943871,0.18376127471275214,0.29664214554762547,0.20734758454037985,0.13618442436908076,0.25633076680729927,0.871772796076728,0.5040794558711291,0.4016237605641578,0.21229922995711017,-0.36582196550576174,-0.27230134405777445,-0.23856339091024711,0.14101126236767952,0.022900037900059095,0.3383881060276636,0.02674807170494892,0.2501624911035628,0.060694039708115356,-0.33389015219130647,-0.03822564800805653,-0.13467401333155524,-0.3389427914473868,-0.31062897398612366,-0.18882346866662747,0.3177597798568392,0.1535443779138864,0.17550558483379797,0.05192285640224357,-0.07167032135961635,-0.20050535532319086,-0.061200771346730395
1.3407531730481772,2.2219047188729335,-1.694514978199824,-1.0989246525119818,-1.2084192238025928,-2.3049472727901206,0.5868213190776725,-0.18411497264819646,2.823076210904739,0.9729163126622765,-0.9973947177584482,0.1834880699115861,-1.17027174422649,-0.5553756227639054,-0.380546716357305,0.5213525046646501,-0.6679349629500091,-3.0446080301556426,-5.517839904007398,-1.7884349911518653,-1.9057267305070191,-0.36582196550576174,1.4644942246479071,-1.980268804886521,-1.2437866320819175,-0.2972517221589562,-1.0293430734616156,-1.1802758732902483,0.16598931939629585,0.1861352338602263,-2.817220993397446,1.7414623764079515,-1.5074427326362132,-0.3760546205655898,-0.7701936824551356,0.17159981125812132,0.943941414688078,-2.6730380039573673,-2.9441878913141037,-2.020191301389458,1.6789350255066313,2.3211979949581503,4.182393917662816,-1.9485421833453633
-2.4124623339198212,-6.896752829468337,4.891348209112967,3.3915916681965124,4.3412792542382235,4.2270636566971485,-0.5442508881431035,1.6186531988125974,-8.175122366579494,-3.088499755987259,-1.0638681467905684,-3.0430151790255384,3.43246271031116,0.6535533999499091,-0.9723979540120002,-3.2611914594876232,1.0913737747356203,7.976622732076085,11.226790215174335,1.9566542217807505,3.0398864081575603,-0.27230134405777445,-1.980268804886521,8.377120756024206,5.83375143850998,-0.1465186409620686,3.249711816760618,1.3077553965126096,-0.7694281413921344,-2.4143573635828237,8.654405814468843,-3.0425281690059087,5.13813456707399,2.329191658518381,5.030543077062632,1.8596357643324817,-1.564449023538426,6.275217109205002,8.328600302078943,5.182635426953175,-5.742644644370928,-6.83418434185495,-12.05919705498996,6.801418560232079
-1.5706004261944038,-4.729570583532169,3.3273904752745547,2.3278708728053346,3.0104891264113998,2.762670655966075,-0.3152103711616646,1.1476439160769882,-5.573642755062197,-2.1209277852906223,-0.9207414485074844,-2.1920919752078656,2.343675432796684,0.41893376537185495,-0.7588210594708787,-2.3088721314757374,0.7012007753654571,5.406692805845525,7.430185802631973,1.1799054111530414,1.9484298229737869,-0.23856339091024711,-1.2437866320819175,5.83375143850998,4.086706304498152,-0.1511504020253734,2.23574141944212,0.7952573035047772,-0.5411445508271905,-1.7309339647664503,5.926753307909996,-1.975702159765024,3.54040770877811,1.6547480916251034,3.563624168583954,1.3857661695607884,-1.0066862217884236,4.213824064681255,5.670232543345491,3.502156935875212,-3.953465730241539,-4.658279443328739,-8.227527959326672,4.697374399433996
-0.21853261958289397,-0.07133260969009535,0.09809989077507263,0.035513659472625136,-0.02411368505320106,0.3643627496935174,-0.14450640441242038,-0.08991279125607615,-0.15366664808216024,-0.023983686903354944,0.4429085948768029,0.2327911682693339,0.058742840563624034,0.10857986133029086,0.2202897914788967,0.14306074528275836,0.12015396812533245,0.23988270400884212,0.7592461663746489,0.409617419112808,0.34970869506813596,0.14101126236767952,-0.2972517221589562,-0.1465186409620686,-0.1511504020253734,0.11690563148974684,0.02428264979921957,0.26604690559797817,0.02110833172244351,0.16871277193226455,0.10245196353876897,-0.29118631935844547,0.006998539682250418,-0.10593962443558112,-0.23011220131139895,-0.24178824126021478,-0.1683161690171612,0.28355791564595695,0.17836751445522783,0.17374337263717307,-0.008299594219414041,-0.12003136044872396,-0.2263929757842626,-0.010829932381369856
-1.129951505792194,-2.840010849598293,2.0297554473213575,1.4027365127497755,1.7506620680520872,1.9761820988790508,-0.3283662702222368,0.5648529797002865,-3.4069148822870425,-1.2667946733343267,-0.10168140050575428,-1.0390130281633578,1.4301065556660004,0.3864691651120999,-0.2159035416486679,-1.2052079327385858,0.5263328665114714,3.4110895093270215,5.106269367066435,1.1025175076475644,1.480668824051378,0.022900037900059095,-1.0293430734616156,3.249711816760618,2.23574141944212,0.02428264979921957,1.3436136819635587,0.7398930137182724,-0.29867259193576245,-0.8305417288892779,3.567675565200552,-1.4404897560809384,2.071875821240544,0.8724689453022254,1.8462769267968322,0.5734725591750537,-0.7504387450231569,2.7530960527384996,3.489282484234024,2.2191946766787494,-2.3083628728104015,-2.8263463729890397,-5.042720807378627,2.7389857668069593
-1.0480769140255182,-1.5972345813789453,1.2314910346004748,0.792804277051431,0.8430069525100717,1.8004637142472186,-0.4850994608057252,0.07564747865311151,-2.0563352979144334,-0.695369138365658,0.9214344983625862,-0.005547390104568453,0.8512846585650833,0.46123151882654573,0.38324780642468986,-0.2926140681704977,0.5276129968885434,2.2629931023936822,4.258755434175846,1.4635436223905707,1.5109468397595938,0.3383881060276636,-1.1802758732902483,1.3077553965126096,0.7952573035047772,0.26604690559797817,0.7398930137182724,0.9681099500358423,-0.10756926847700451,-0.0387894573776185,2.0282134232033617,-1.3672735919107908,1.0595760607805786,0.21490590952107116,0.42048544463803145,-0.24049148854726435,-0.7448411525304114,2.0229101303485457,2.1547835585301773,1.5046836346009649,-1.1766254880765719,-1.6814417151663998,-3.0529944440103134,1.3630487771291047
0.20648001464909768,0.6279832789643168,-0.4372480689925458,-0.3102598558662324,-0.4025215938058302,-0.36530657415749207,0.04178436604634259,-0.14827587341908793,0.737392482266321,0.281767981318967,0.12348523604368235,0.28826555902631756,-0.31034771317552273,-0.06386950249638983,0.09851528190314539,0.305647604919817,-0.09186908685202735,-0.7192985580074127,-0.9854711155316024,-0.15700148359665364,-0.255623978725054,0.02674807170494892,0.16598931939629585,-0.7694281413921344,-0.5411445508271905,0.02110833172244351,-0.29867259193576245,-0.10756926847700451,0.07281071802534558,0.22659178858631313,-0.7851441849580156,0.26073778872306697,-0.4683813693271059,-0.2217243404570895,-0.47074399426673713,-0.18478387622725836,0.13171771731765422,-0.5603075401140821,-0.7507236096435764,-0.46398321746654403,0.5212607320398535,0.6134797859255331,1.0918594907532164,-0.623391226510239
0.4006139533858978,1.7563824308154337,-1.204829927805492,-0.8595904562906154,-1.1743459691113243,-0.7157343829638132,-0.01908570607642934,-0.5470249102145732,2.0113286246013624,0.7949000937452151,0.7833666932754227,1.0848667412092217,-0.8487781704656423,-0.024362460797902614,0.5164581533405859,1.0345317226744482,-0.1576222295608566,-1.847414078054866,-2.129369254972116,-0.0535561684028934,-0.4199351837594159,0.2501624911035628,0.1861352338602263,-2.4143573635828237,-1.7309339647664503,0.16871277193226455,-0.8305417288892779,-0.0387894573776185,0.22659178858631313,0.8466230399805261,-2.193379606371183,0.48471828958050583,-1.3671755753145938,-0.7340039503159335,-1.6102559403042174,-0.7679067011545019,0.2310057103227941,-1.3469961465159446,-2.023089147638918,-1.1868674160134651,1.5323005579877362,1.7008613221218996,2.955893223095552,-1.8249932874120853
-3.0841913679487436,-7.588583228307596,5.464824235985322,3.7394022253745907,4.6369572335859806,5.375086541246172,-0.9155800051873977,1.5122171581274741,-9.136725678040941,-3.3816098511500847,-0.14128580777034883,-2.7278794398366117,3.8263091162807434,1.0015653665531419,-0.5310197709334152,-3.1789454148476084,1.4423736489869858,9.145490856580109,13.816460196859374,3.0456104885296638,4.054407011673023,0.060694039708115356,-2.817220993397446,8.654405814468843,5.926753307909996,0.10245196353876897,3.567675565200552,2.0282134232033617,-0.7851441849580156,-2.193379606371183,9.543107048718257,-3.9307289161611925,5.536274473744551,2.2791917220599767,4.875278448820098,1.4547385032986575,-2.057183413165804,7.408235863732264,9.361035350487786,5.970125155970553,-6.179662547263259,-7.601090779436091,-13.498583299746077,7.29686900903194
1.6711990121216382,3.1067298931598852,-2.333772793757712,-1.5322056256662964,-1.7536276360245342,-2.879007310346191,0.6695945701248646,-0.3900257232116734,3.882564456886029,1.367549860672646,-0.9043732470444942,0.5551681323628032,-1.6126658308739663,-0.6334216640060322,-0.2729009961252326,0.9254687628490623,-0.8195699124007817,-4.079283550002348,-7.017582574164734,-2.0731343328272818,-2.3292646350634345,-0.33389015219130647,1.7414623764079515,-3.0425281690059087,-1.975702159765024,-0.29118631935844547,-1.4404897560809384,-1.3672735919107908,0.26073778872306697,0.48471828958050583,-3.9307289161611925,2.1590584734446083,-2.1661863034377,-0.6584048784946054,-1.394724735908564,-0.04155238966782409,1.161926249641593,-3.496711838186996,-4.024908918482497,-2.6979638106202986,2.417657477508244,3.2118957186675883,5.739094168558651,-2.8136217902665632
-1.7051503424123506,-4.406538690103878,3.1564611276160175,2.170032508636096,2.719762527398683,2.9758653984144465,-0.4683143627963668,0.9325712878039043,-5.277301161845738,-1.9662188832513035,-0.28790688871120657,-1.7085867506560999,2.2114660742945578,0.5241187944750326,-0.41586741871694766,-1.9281348134190885,0.7891183869821886,5.236254810719403,7.7296810084971614,1.589107614264468,2.212213851655978,-0.03822564800805653,-1.5074427326362132,5.13813456707399,3.54040770877811,0.006998539682250418,2.071875821240544,1.0595760607805786,-0.4683813693271059,-1.3671755753145938,5.536274473744551,-2.1661863034377,3.239142822150477,1.3794113545602145,2.9636407803080766,0.9631310829416805,-1.1274226894394623,4.201232091901656,5.396972259937216,3.413330689159341,-3.6164613378506045,-4.398550521343798,-7.792070080100288,4.273943823012471
-0.5273850020234756,-1.8247966673556957,1.2560374680567166,0.9007190028666386,1.1951533906654195,0.939558778506438,-0.06796470337037468,0.4734557607580626,-2.1186235317673274,-0.8219192917131392,-0.5324684055409294,-0.9402334329311276,0.8952861519431096,0.14175363996500542,-0.37612618370267215,-0.9567026369789313,0.22637502197182263,2.029314074905169,2.6190936367137008,0.3073834473851513,0.6243662894146644,-0.13467401333155524,-0.3760546205655898,2.329191658518381,1.6547480916251034,-0.10593962443558112,0.8724689453022254,0.21490590952107116,-0.2217243404570895,-0.7340039503159335,2.2791917220599767,-0.6584048784946054,1.3794113545602145,0.6942219892295185,1.4775090564691686,0.6374075951662881,-0.32586335118665766,1.5438797607975707,2.1479474088487778,1.3024650070402972,-1.5366244920035692,-1.766599925182627,-3.13571230419715,1.843519052388366
-1.1218926690006925,-3.8971671856049626,2.7074849953647586,1.9154699498525924,2.5374859848668554,1.9869959382446951,-0.13315154784315034,1.0517585235445663,-4.535552798852923,-1.7545025116579567,-1.170287890133265,-2.0531998109150336,1.9112175788428571,0.2348244588493529,-0.8400770846103778,-2.0658180380056432,0.48095875379799347,4.308314242556101,5.537738234625949,0.6157328658597904,1.321400957384962,-0.3389427914473868,-0.7701936824551356,5.030543077062632,3.563624168583954,-0.23011220131139895,1.8462769267968322,0.42048544463803145,-0.47074399426673713,-1.6102559403042174,4.875278448820098,-1.394724735908564,2.9636407803080766,1.4775090564691686,3.199366267722678,1.3784032561146546,-0.6949100672402455,3.2713358093570393,4.592961905274384,2.778579061041921,-3.3122047083990207,-3.8044103524705335,-6.68783777969713,3.945350274611022
-0.05613087114661445,-1.1773502819126065,0.7476156637359757,0.5790338818945538,0.8687261518763114,0.1316993587840163,0.16280711145489532,0.47154119283272167,-1.2703040688280351,-0.541180786298663,-1.01706041571721,-1.004307044549981,0.5452927859315081,-0.07543834475522439,-0.5890445444192309,-0.8824331672648974,-0.013540322441787279,1.0720563953246929,0.7357582806485684,-0.3826660596432747,-0.06343953689383686,-0.31062897398612366,0.17159981125812132,1.8596357643324817,1.3857661695607884,-0.24178824126021478,0.5734725591750537,-0.24049148854726435,-0.18478387622725836,-0.7679067011545019,1.4547385032986575,-0.04155238966782409,0.9631310829416805,0.6374075951662881,1.3784032561146546,0.798990463682643,0.011801879895762746,0.6700352319827074,1.2537474147014966,0.6635313266416025,-1.0745404104365643,-1.0763359838974031,-1.8742845355338402,1.3109305318368838
0.8990232601724208,1.622838229455793,-1.228729959386058,-0.7997724972834777,-0.905431137270669,-1.5460352840938074,0.3673958284751569,-0.19331360490357175,2.0398222135221054,0.7133516127438136,-0.5307213381689234,0.2581170019397355,-0.8467758434947725,-0.3371227283731316,-0.1700520154620544,0.46172488014008695,-0.4431937360091096,-2.149598856219015,-3.748707217210884,-1.1318793088673595,-1.26058243488416,-0.18882346866662747,0.943941414688078,-1.564449023538426,-1.0066862217884236,-0.1683161690171612,-0.7504387450231569,-0.7448411525304114,0.13171771731765422,0.2310057103227941,-2.057183413165804,1.161926249641593,-1.1274226894394623,-0.32586335118665766,-0.6949100672402455,0.011801879895762746,0.6284078775146754,-1.8538011096062,-2.116063348476378,-1.4254437812167713,1.259614304786823,1.6879234577378088,3.0119465476997,-1.4601885545857463
-2.7232326857739126,-5.879167368726722,4.301482802617205,2.9016068754093762,3.4801908171877196,4.72276360047472,-0.9536409165567079,0.9695648406180714,-7.189429008775413,-2.6057735705883673,0.6856839796820444,-1.6392011264170205,3.001734183450539,0.9843993606326363,0.0022685186320223092,-2.1484184813925373,1.3044168478405034,7.36749928224389,11.831869802096332,3.046534816132401,3.689347962579315,0.3177597798568392,-2.6730380039573673,6.275217109205002,4.213824064681255,0.28355791564595695,2.7530960527384996,2.0229101303485457,-0.5603075401140821,-1.3469961465159446,7.408235863732264,-3.496711838186996,4.201232091901656,1.5438797607975707,3.2713358093570393,0.6700352319827074,-1.8538011096062,6.126870817517349,7.406885037735412,4.832838131681789,-4.684036436943867,-5.958104247568471,-10.633806960623502,5.508087567545897
-3.151876574432111,-7.439100797030029,5.387906030238334,3.665913130274304,4.498774704238517,5.47965927260544,-0.9892682556633404,1.412351728764759,-9.00124305527394,-3.3086660508121373,0.16173617809805244,-2.500587288899516,3.765206043961534,1.0490681888779276,-0.3677296341662677,-2.9998272473088985,1.485368589197127,9.069011959730869,13.96823318870745,3.242541595106402,4.18321818585551,0.1535443779138864,-2.9441878913141037,8.328600302078943,5.670232543345491,0.17836751445522783,3.489282484234024,2.1547835585301773,-0.7507236096435764,-2.023089147638918,9.361035350487786,-4.024908918482497,5.396972259937216,2.1479474088487778,4.592961905274384,1.2537474147014966,-2.116063348476378,7.406885037735412,9.238149675943164,5.931815162929863,-6.023612462561372,-7.484954374279044,-13.298710533378635,7.0981397415143075
-2.106812989561586,-4.7402028026875005,3.454577417405129,2.3365452289265556,2.8326226837926556,3.6567658663221096,-0.7023610324684144,0.842383897703243,-5.768774888223617,-2.1048973072829478,0.3373682126556463,-1.455097003599063,2.409728732670185,0.7266880892750185,-0.11390586284496335,-1.8189343277348384,1.0019144593435731,5.861295476521673,9.231506609279208,2.2682588100659076,2.826622093269413,0.17550558483379797,-2.020191301389458,5.182635426953175,3.502156935875212,0.17374337263717307,2.2191946766787494,1.5046836346009649,-0.46398321746654403,-1.1868674160134651,5.970125155970553,-2.6979638106202986,3.413330689159341,1.3024650070402972,2.778579061041921,0.6635313266416025,-1.4254437812167713,4.832838131681789,5.931815162929863,3.8414719627679834,-3.8092849940486238,-4.791060270428266,-8.524754945077566,4.480727046920976
1.9044046413988296,4.916320622397281,-3.52894510754717,-2.4186845288587495,-3.0300739825956424,-3.3205944193024486,0.5217227389610755,-1.0482485134599693,5.8911831376260535,2.194191375217195,0.3221264908988077,1.9131696771851245,-2.4677012032984114,-0.5703564720730059,0.4698051493682528,2.1536760190733726,-0.8815936221743661,-5.838792293298126,-8.620425938665836,-1.7701359125677714,-2.4696892477016816,0.05192285640224357,1.6789350255066313,-5.742644644370928,-3.953465730241539,-0.008299594219414041,-2.3083628728104015,-1.1766254880765719,0.5212607320398535,1.5323005579877362,-6.179662547263259,2.417657477508244,-3.6164613378506045,-1.5366244920035692,-3.3122047083990207,-1.0745404104365643,1.259614304786823,-4.684036436943867,-6.023612462561372,-3.8092849940486238,4.041382013716524,4.9151740128368715,8.692781213510171,-4.76960718561143
2.5199630963551285,6.039154896832064,-4.378002912512921,-2.971467692984815,-3.657713829618812,-4.377299781654117,0.7704211253102562,-1.1872514076451475,7.299469218931689,2.6875203317689262,-0.02811471169814411,2.1035621171733014,-3.0520363989092965,-0.7979990946566292,0.361398283376353,2.480433043920066,-1.1838806935805024,-7.319702038572277,-11.188909915671864,-2.5381926015185523,-3.3289252169798007,-0.07167032135961635,2.3211979949581503,-6.83418434185495,-4.658279443328739,-0.12003136044872396,-2.8263463729890397,-1.6814417151663998,0.6134797859255331,1.7008613221218996,-7.601090779436091,3.2118957186675883,-4.398550521343798,-1.766599925182627,-3.8044103524705335,-1.0763359838974031,1.6879234577378088,-5.958104247568471,-7.484954374279044,-4.791060270428266,4.9151740128368715,6.08297431409193,10.772101554899447,-5.782201689801901
4.494361028915446,10.731245455031857,-7.7505529887838085,-5.2913863002612365,-6.51483753027643,-7.824337581377116,1.3930915418836507,-2.052379925061764,12.9625638259,4.775427769417243,-0.11969112265882019,3.663307260551857,-5.425700398530556,-1.5093441549321984,0.5811562402478821,4.368146357784919,-2.1136784287819923,-13.04813005940978,-19.9931244328122,-4.584036577824006,-5.952611544266635,-0.20050535532319086,4.182393917662816,-12.05919705498996,-8.227527959326672,-0.2263929757842626,-5.042720807378627,-3.0529944440103134,1.0918594907532164,2.955893223095552,-13.498583299746077,5.739094168558651,-7.792070080100288,-3.13571230419715,-6.68783777969713,-1.8742845355338402,3.0119465476997,-10.633806960623502,-13.298710533378635,-8.524754945077566,8.692781213510171,10.772101554899447,19.16022247872166,-10.259189599964724
-2.215366675211447,-5.810620629696403,4.1474018089144575,2.863323912662359,3.6029809948478624,3.8735138234547253,-0.5963414752794198,1.2374161102992605,-6.943660842803166,-2.595234150777015,-0.45055609039946565,-2.287197012982313,2.9122935796740514,0.691806184450066,-0.5794965375546746,-2.5671799905839925,1.0222209043785178,6.884293158040645,10.09441816581961,2.0385278932273363,2.864047058994455,-0.061200771346730395,-1.9485421833453633,6.801418560232079,4.697374399433996,-0.010829932381369856,2.7389857668069593,1.3630487771291047,-0.623391226510239,-1.8249932874120853,7.29686900903194,-2.8136217902665632,4.273943823012471,1.843519052388366,3.945350274611022,1.3109305318368838,-1.4601885545857463,5.508087567545897,7.0981397415143075,4.480727046920976,-4.76960718561143,-5.782201689801901,-10.259189599964724,5.648405086157513
