V1,V2,V3,V4,V5,V6,V7,V8,V9,V10,V11,V12,V13,V14,V15,V16,V17,V18,V19,V20,V21,V22,V23,V24,V25,V26,V27,V28,V29,V30,V31,V32,V33,V34,V35,V36,V37,V38,V39,V40,V41,V42,V43,V44
0.9764414782503379,0.3853380216845455,-0.06858345657895547,0.501483179362252,-0.6640690588422976,0.09625238360012257,0.12519207473033087,-0.403280350243803,-0.13041906977522796,0.7591181502029873,0.5582231828581633,0.4602361636573759,-0.04935479059832029,-0.036222565323628636,-0.4049760643626785,-0.14724423229357858,-0.05483320604432501,-0.2708200521303035,-0.24436492277027191,0.5053808517608867,2.0765147742149543,-0.3286166452969769,0.12061695042196147,-0.9149158790364518,0.5422088082753148,-0.2570091075309882,-0.21433712209846445,-1.4098732473596642,-0.14529171426456253,-0.26433992592910366,0.3287673672847072,-0.2770067780334239,-0.027701672912892442,0.24179769518251826,0.44246293380170226,-0.4875914004056423,-0.6559423606611898,0.09731013095100322,1.9610402253469514,0.4169280918126431,0.33046885715110125,0.014770278443210539,-1.2274956850819236,0.3062036061964168
0.3853380216845455,1.069631478163912,-0.742013639460928,0.24648554787446061,-0.8166435257086723,0.16299043679943487,0.5748758782554652,-0.8423345687713859,0.22381768738236046,0.2732772836411381,0.5170058449564703,0.3165715035832196,1.0911277583609642,0.22571573654609825,0.8805327403224757,-0.3374074287975203,-0.7495980479128267,0.012537557009432758,0.02850227648266423,0.617551177784929,0.2521501919975337,-0.1704314948460382,-0.07207696622567288,-0.8027307996390333,0.28099037202000116,-0.7378988957252296,-0.3041116104194931,-1.6460093309097388,-0.24736802007650704,-0.029405709406793545,-0.5295640018674334,0.5075972393419984,-0.24138186863084563,0.021864973797749383,-0.552220225442356,-0.022166952610318407,-0.8769509540310501,0.28448467249893694,0.9181240736898826,1.0018341888480427,-0.409159168579317,-0.12922685196795564,-0.7776640157259788,-0.03953391347558418
-0.06858345657895547,-0.742013639460928,0.9673687340331689,0.14671555127646285,0.07674601240704375,-0.31227479425354365,-0.9664516870497147,0.4539647565021851,-0.19539986750955834,1.1320747227951025,0.06387650527656442,0.0977144970137223,-1.3009422555875054,-0.7067089488080572,-0.5188576576587084,-0.16770463494122054,0.8077326342553692,0.4718266942686847,0.09966844209817069,-0.40845769898272705,0.06095500215763416,-0.18440996730719061,-0.42386724865868425,0.5920628990795831,-0.9386782205933337,-0.15466890917214338,0.5158281709384981,1.5140909765625525,-0.05827580729734186,0.39768463270185794,0.1286073711462292,-0.30081728190543644,0.04929253586718504,-0.53662950962095,1.2927893716193306,0.12281480421125067,0.29339906341333727,0.17195028152497163,-0.26765498739131993,-0.5490818222159259,0.08175703526952126,-0.12689481228193297,-0.1265251887986516,0.2302896542880559
0.501483179362252,0.24648554787446061,0.14671555127646285,0.5063825441737115,-0.46586443029254176,-0.00891673940693941,-0.167704453863101,-0.4370979349576614,0.045901372033734546,0.8153417416042351,0.34847399887437325,0.39030130035595095,-0.0334853508258254,-0.3983991180294312,-0.013093663819151512,-0.44088151199609793,0.05653494522096038,0.084452058340478,-0.03999393089575587,0.15943515871963387,0.9906949750525613,-0.4199073376375015,-0.3514704159546255,-0.4414248479907827,-0.08015522451219255,-0.42575206015276884,0.19110521120711602,-0.4876983324614993,-0.21070122613437126,0.4347315937185149,-0.03740509134835126,0.12705237547531056,-0.14326143579264272,-0.15159373264132048,0.6789730683245819,0.10829297739133903,-0.5807834122969296,0.35665596655035353,1.077447125246378,0.3170574866970289,-0.14147853368774968,0.09310962826101185,-0.7389054911821936,0.16594359518789334
-0.6640690588422976,-0.8166435257086723,0.07674601240704375,-0.46586443029254176,1.3998774167656673,0.13742404526916505,0.0862864852829956,0.6036017483879375,0.009018256091520531,-1.9732921583486007,-1.1134278956132186,-0.5706023696234764,-0.10798196233565202,0.2961281220423208,-0.799571714047459,0.6476092286996777,0.3017091043477508,-0.5771178878594995,-0.13246932485804996,-0.5960656386871147,-0.536313334928699,0.2919575983013783,0.4370991637365839,0.5548832682080332,0.6056431371182129,1.4616025685559577,0.12635994296395986,1.0378271588835182,0.3739552066115013,0.023724717033605576,0.7277019556288044,-0.21704276072699324,0.24104285321801602,0.5838633607007564,-0.48716626221258075,0.26937095219996465,0.8973537709130047,-0.4646753140402753,-1.1776963087576369,-0.993438803926741,0.3782244595438813,0.6290432044628053,1.63557187366393,-0.2965278396072042
0.09625238360012257,0.16299043679943487,-0.31227479425354365,-0.00891673940693941,0.13742404526916505,0.17908766365117126,0.36707842940078317,-0.11566661142588444,0.07144527728199349,-0.6462356996182922,-0.1644170844487304,-0.04192361366082962,0.42781286833576004,0.28343147845068983,-0.025218439592939866,0.09740654193225053,-0.21736936383748068,-0.34559560142445955,-0.08700846369234262,0.0859030838728594,0.31339258233750816,0.04481774889111307,0.2353002590958114,-0.29052643784264964,0.5316106823780099,0.2512136057165689,-0.1809788756094357,-0.558362425979492,0.04692499762316541,-0.11323486782253718,0.1554048656208365,0.024908812491917183,0.009959285152583578,0.33689614654194455,-0.42544203003864534,-0.05458660922519302,-0.12495289322739037,-0.09425620200741515,0.2983110941787196,0.10178643344352112,0.09986217473333743,0.16559417336287044,0.11094735008233104,-0.09093206842121225
0.12519207473033087,0.5748758782554652,-0.9664516870497147,-0.167704453863101,0.0862864852829956,0.36707842940078317,1.2010633623030291,-0.24858412226410465,0.15131101596176724,-1.4512414705776984,-0.1610713260029701,-0.2128726658188221,1.377898882085491,0.8253690652059552,0.45616011770819737,0.14915895810221308,-0.8311537034525583,-0.6676624524395652,-0.1511932415717433,0.26679308307694266,-9.172034272194873e-4,0.3284612885819787,0.5141920000120858,-0.5176977585448937,1.2055168316230276,0.37905342891667554,-0.6034833819700568,-1.5187503874862673,0.2184782095282051,-0.47263160892781986,-0.05078562907338628,0.1661423385790799,0.02007002676466033,0.6326346886210662,-1.4181151138667907,-0.23741881379321447,-0.09961927154230737,-0.32212808833047807,0.16314193584361916,0.4276831514476804,0.052065629667508793,0.15536739917371237,0.2869030258057721,-0.2507493225330087
-0.403280350243803,-0.8423345687713859,0.4539647565021851,-0.4370979349576614,0.6036017483879375,-0.11566661142588444,-0.24858412226410465,0.9416578457432724,-0.23830697556731,-0.32171258424463317,-0.3566043397050227,-0.3992608647327646,-0.7974286804169642,0.12806672084092316,-0.43974893485689964,0.37083952447422464,0.45239795048530157,-0.005366737370436779,0.04975793687158428,-0.47329508746217236,-0.6604374260303749,0.44893884541579365,0.2745422769902641,0.7794446387264929,-0.24112709599755144,0.46853255856693726,-0.04116318965621447,1.3211497586969774,0.2902085819024182,-0.40188540822058677,0.25759375031652515,-0.5396705295757522,0.25470436114066525,-0.038578039206778623,0.007513731358480808,-0.2745708246981888,0.8548252742158545,-0.4118142004853368,-1.1019680106750678,-0.7207902648853518,0.4227240787450543,-0.2300367878173373,0.6335228672293982,-0.003890339046550346
-0.13041906977522796,0.22381768738236046,-0.19539986750955834,0.045901372033734546,0.009018256091520531,0.07144527728199349,0.15131101596176724,-0.23830697556731,0.19368411847488812,-0.22850207640800135,-0.10225366428256984,-0.008986314543566087,0.47432901773091934,-0.009449294387545343,0.3838740582697882,-0.21553397558642157,-0.19741342808077983,0.02745686961304749,0.05925866956373548,-0.032419512433616696,-0.3841912036657306,-0.04775991031756695,-0.1540377820344093,-0.03148330965562594,-0.029774525275918,-0.1618585675217236,0.021278559894329023,-0.15870565222410263,-0.05383398494270291,0.3269056163202016,-0.23846172584261213,0.3296701344525379,-0.09096474031200993,0.007417351709423265,-0.2323339134558385,0.29141139243262776,-0.18242316458494198,0.12197529494095766,-0.11149297028245037,0.22671054668890736,-0.3113069656001524,0.08153535869562292,0.1416205990547596,-0.12480392535178836
0.7591181502029873,0.2732772836411381,1.1320747227951025,0.8153417416042351,-1.9732921583486007,-0.6462356996182922,-1.4512414705776984,-0.32171258424463317,-0.22850207640800135,4.464010800969086,1.7121653299882063,0.9413920491493162,-1.4959132340258852,-1.3907470765901064,0.6018823584797607,-1.1977642755938287,0.607596773857629,1.5930585449648147,0.3429579957129131,0.34575246719593056,0.5652349669747946,-0.6581135594271653,-1.2482745029082707,0.06636481390290444,-2.2930135577737953,-2.4786622495083557,0.46196398605161526,0.5044447654879226,-0.6453001947857973,0.5262466051937513,-1.0075327029249843,-0.0058516400179242384,-0.28957262976747594,-1.5617647171970537,2.3306098283299463,-0.15219511589859408,-0.879265892557616,0.9029840547703981,1.208244613739259,0.7928505450024627,-0.5766715468951569,-1.1367682410959203,-2.527577116389481,0.725722485267984
0.5582231828581633,0.5170058449564703,0.06387650527656442,0.34847399887437325,-1.1134278956132186,-0.1644170844487304,-0.1610713260029701,-0.3566043397050227,-0.10225366428256984,1.7121653299882063,0.946775471734732,0.44953596527484685,-0.16444859759146685,-0.26696286151103715,0.47824092698562565,-0.4262583283621502,-0.13392103613410533,0.489958692709329,0.08707261495944744,0.4606535391621866,0.5058040764930685,-0.21023588026524118,-0.3218334927953573,-0.3637869273891379,-0.5178962806911861,-1.077648642585593,-0.06284151645917051,-0.6554334431468268,-0.26354371660394715,-0.13792004232702926,-0.49931360997324,0.037009772726081,-0.1553775853690384,-0.5282521709602749,0.540771802798938,-0.31421806683707226,-0.5840883371637606,0.3262287538547232,0.8748921116129449,0.6486751539414042,-0.18214468399615732,-0.5383117127048627,-1.326397448141216,0.2928374540755189
0.4602361636573759,0.3165715035832196,0.0977144970137223,0.39030130035595095,-0.5706023696234764,-0.04192361366082962,-0.2128726658188221,-0.3992608647327646,-0.008986314543566087,0.9413920491493162,0.44953596527484685,0.4027873453069985,-0.1288742688410715,-0.29446629320316264,0.0477500987514174,-0.2925936384998933,0.020866106116540627,0.16115917145710007,0.005121299981949549,0.28354909734154815,0.8554165770616441,-0.3541652120040156,-0.24560731015386955,-0.45271077395341064,-0.16756413861132083,-0.49896949800349705,0.12524568382772694,-0.4712862972504672,-0.2455545678924761,0.18569159998752627,-0.07753594471926128,0.07123600661817937,-0.1441123580873743,-0.22433543377029053,0.5917079060759299,-0.027304115704753034,-0.590936886900872,0.34125863886225966,0.9817321077678033,0.35610032298014865,-0.0809988058805261,-0.05730537850915991,-0.8193765563440851,0.17719768772427635
-0.04935479059832029,1.0911277583609642,-1.3009422555875054,-0.0334853508258254,-0.10798196233565202,0.42781286833576004,1.377898882085491,-0.7974286804169642,0.47432901773091934,-1.4959132340258852,-0.16444859759146685,-0.1288742688410715,2.186684976418677,0.703440436649797,1.2016657277800005,-0.28880016909383266,-1.199935699146616,-0.4806676538573757,-0.03516091237913394,0.323844702297879,-0.6528725146929856,0.15472768993617642,0.14083861597496752,-0.6308382953871607,1.0170269118067852,-0.08453828303437814,-0.5241473761401231,-1.8994128869544482,0.0587188587564223,0.12740991287132616,-0.5691351885638489,0.7989646498220316,-0.1807501418629127,0.5302379411983162,-1.6908380115196289,0.28535056853014723,-0.5051321649875171,-0.02119563281676098,0.06982871657874995,0.928778902309828,-0.5841082819742992,0.2603413860944935,0.3401301229703186,-0.4164084286447957
-0.036222565323628636,0.22571573654609825,-0.7067089488080572,-0.3983991180294312,0.2961281220423208,0.28343147845068983,0.8253690652059552,0.12806672084092316,-0.009449294387545343,-1.3907470765901064,-0.26696286151103715,-0.29446629320316264,0.703440436649797,0.8798230828121613,0.034420010464246635,0.5470301456373697,-0.5046430610439433,-0.6117019546630844,-0.12469245033620997,0.2162158821215765,-0.02727670116112018,0.44461265710933273,0.754568442300431,-0.2955561687898776,0.9909579874789235,0.5783439461834571,-0.5905449847524107,-0.8795006233362173,0.22479371963740297,-0.8340098955549732,0.22926803023509582,-0.16530959803080852,0.12910867293430206,0.6238829515887235,-1.2661105006204656,-0.4454980404072837,0.15764183890136577,-0.4593324380628119,-0.09472460879834763,0.07416841491055641,0.3761606606035224,0.013879701811225546,0.39933449044034797,-0.1953953988830904
-0.4049760643626785,0.8805327403224757,-0.5188576576587084,-0.013093663819151512,-0.799571714047459,-0.025218439592939866,0.45616011770819737,-0.43974893485689964,0.3838740582697882,0.6018823584797607,0.47824092698562565,0.0477500987514174,1.2016657277800005,0.034420010464246635,2.1677732975798314,-0.891801601397362,-0.8267960036464568,0.7106088393169917,0.5446326176630206,0.0595317622370173,-2.2622546693389776,0.1831297893648787,-0.6542300992607519,0.20960879971168986,-0.9131251249007261,-1.4672700890331414,-0.06350935891038206,-0.09055323842270803,-0.21261259294931623,0.4997865146537261,-1.5936322401465939,0.9527946743345989,-0.3773906785730569,-0.9094162690463093,-0.6615194969959267,0.42151636406803167,-0.602692270700163,0.5120610060076489,-1.0768751833198105,1.0804540606908306,-1.083278067152352,-0.6959184998545352,-0.2091512093777085,-0.27408024634469835
-0.14724423229357858,-0.3374074287975203,-0.16770463494122054,-0.44088151199609793,0.6476092286996777,0.09740654193225053,0.14915895810221308,0.37083952447422464,-0.21553397558642157,-1.1977642755938287,-0.4262583283621502,-0.2925936384998933,-0.28880016909383266,0.5470301456373697,-0.891801601397362,0.978962495536255,0.09355639611523049,-0.5349018200294942,-0.22114750648715287,0.08223214840985957,0.3739647504337657,0.2628514927629263,0.7720325997398149,-0.04162567068387092,0.7941947720755093,1.1372251264641327,-0.1960577516564829,0.00792874465310898,0.22269931604147836,-0.8358116356681043,0.7883524889880108,-0.47567035192389717,0.23625105986666112,0.5964315086819458,-0.528231968769102,-0.3935365658762138,0.5492364192024543,-0.501428143640575,-0.22438341609316972,-0.6202240773789311,0.6977252823283513,0.2741338292607392,0.650127337414871,-0.05845356828594057
-0.05483320604432501,-0.7495980479128267,0.8077326342553692,0.05653494522096038,0.3017091043477508,-0.21736936383748068,-0.8311537034525583,0.45239795048530157,-0.19741342808077983,0.607596773857629,-0.13392103613410533,0.020866106116540627,-1.199935699146616,-0.5046430610439433,-0.8267960036464568,0.09355639611523049,0.7889359305005944,0.2072914181527134,-0.024979458225073557,-0.34144027858124304,0.3847275723404271,-0.15068472228284935,-0.15210004240042885,0.4463480179920671,-0.5460106252201334,0.20017194907269353,0.37477692436427323,1.217342410060758,-0.0019786928507882465,0.19684893434354397,0.4302370060771912,-0.4060494182506976,0.12356347501160111,-0.1658364966226211,1.0123828332624212,0.041400700420753264,0.3688169421004109,-4.6149152619920695e-4,-0.07110891847932557,-0.6473351093637058,0.26949996617882005,0.049644476268866665,0.03949238622044421,0.1977059210845712
-0.2708200521303035,0.012537557009432758,0.4718266942686847,0.084452058340478,-0.5771178878594995,-0.34559560142445955,-0.6676624524395652,-0.005366737370436779,0.02745686961304749,1.5930585449648147,0.489958692709329,0.16115917145710007,-0.4806676538573757,-0.6117019546630844,0.7106088393169917,-0.5349018200294942,0.2072914181527134,0.9465613899047254,0.3294732438458695,-0.11947475871449566,-1.1748960917126277,-0.10932389761926196,-0.7107411888505937,0.5735075647987568,-1.4106465876721543,-1.0829179914293456,0.3404522384121908,0.9821596989629227,-0.2287015403412439,0.4664319952061581,-0.7968613445198259,0.2892307286639263,-0.15650081726024526,-0.9077425387234148,0.7110140475921558,0.29906200612792927,-0.06858643850410166,0.40092883078471425,-0.6961300396655786,0.22197048907321695,-0.5869272041825087,-0.5457035599132833,-0.42226444132710667,0.11628653822870687
-0.24436492277027191,0.02850227648266423,0.09966844209817069,-0.03999393089575587,-0.13246932485804996,-0.08700846369234262,-0.1511932415717433,0.04975793687158428,0.05925866956373548,0.3429579957129131,0.08707261495944744,0.005121299981949549,-0.03516091237913394,-0.12469245033620997,0.5446326176630206,-0.22114750648715287,-0.024979458225073557,0.3294732438458695,0.2573831995642278,-0.1174219378322329,-0.8391958625902819,0.042154264937677544,-0.26306322884103955,0.25685972738456964,-0.5596340116884829,-0.41548764969029,0.16104629701507112,0.5887847800029075,-0.09118237032827842,0.22146206075784114,-0.442781719784333,0.21435990536026095,-0.11402542057304842,-0.48070523488141537,0.09738930617739312,0.16526467959380878,-0.10819915962579607,0.2212297898836127,-0.5882974712171627,0.1187000492893128,-0.2677721183816035,-0.2584245444077706,0.03679236397857005,-0.06925931188299267
0.5053808517608867,0.617551177784929,-0.40845769898272705,0.15943515871963387,-0.5960656386871147,0.0859030838728594,0.26679308307694266,-0.47329508746217236,-0.032419512433616696,0.34575246719593056,0.4606535391621866,0.28354909734154815,0.323844702297879,0.2162158821215765,0.0595317622370173,0.08223214840985957,-0.34144027858124304,-0.11947475871449566,-0.1174219378322329,0.5918269916292621,0.9401440873030049,-0.14277052321689918,0.20855044153906202,-0.7287201335530278,0.4053701989801469,-0.27565594808543525,-0.2901848859144047,-1.307496777775516,-0.15619101150760564,-0.42915386206191936,0.025391473380581824,-0.003318022528519595,-0.06830100655387082,0.18744269118541118,-0.19320067357882165,-0.3507374183906887,-0.5286497322434256,0.05592088780292228,1.1087766233770369,0.5133586024689298,0.10056531727641495,-0.08081994290240467,-0.7884671419904137,0.12172742639062067
2.0765147742149543,0.2521501919975337,0.06095500215763416,0.9906949750525613,-0.536313334928699,0.31339258233750816,-9.172034272194873e-4,-0.6604374260303749,-0.3841912036657306,0.5652349669747946,0.5058040764930685,0.8554165770616441,-0.6528725146929856,-0.02727670116112018,-2.2622546693389776,0.3739647504337657,0.3847275723404271,-1.1748960917126277,-0.8391958625902819,0.9401440873030049,5.610253217285765,-0.8477825249377098,0.7290851651370654,-2.081288192037867,1.8647944977164714,0.6754833088753417,-0.32237415690284354,-2.779322534433384,-0.19601729957816716,-0.6693448339673863,1.8216279944131268,-1.014653619525374,0.15248185983046325,1.255959861005442,1.1316055818419932,-1.0296050831305392,-1.0469763481437862,-0.08824068932698755,4.628218688409329,0.10571896835175923,1.3232371913965006,0.7296826066526393,-2.0029829363682503,0.6605936788916567
-0.3286166452969769,-0.1704314948460382,-0.18440996730719061,-0.4199073376375015,0.2919575983013783,0.04481774889111307,0.3284612885819787,0.44893884541579365,-0.04775991031756695,-0.6581135594271653,-0.21023588026524118,-0.3541652120040156,0.15472768993617642,0.44461265710933273,0.1831297893648787,0.2628514927629263,-0.15068472228284935,-0.10932389761926196,0.042154264937677544,-0.14277052321689918,-0.8477825249377098,0.4729801307804,0.3355888773977992,0.36322282019890406,0.12767289005309665,0.21852509599349007,-0.31481139808804914,0.23701034015888045,0.22952350522531534,-0.4770572720897295,-0.08004177309719512,-0.15833760662341972,0.13767819631114506,0.12859926174880695,-0.7163692929342059,-0.23658885162571702,0.47898855087072945,-0.36128301563164955,-0.8625236472316566,-0.14232650721751505,0.13857298125538228,-0.23189333888197852,0.4897180597409694,-0.1321403581472205
0.12061695042196147,-0.07207696622567288,-0.42386724865868425,-0.3514704159546255,0.4370991637365839,0.2353002590958114,0.5141920000120858,0.2745422769902641,-0.1540377820344093,-1.2482745029082707,-0.3218334927953573,-0.24560731015386955,0.14083861597496752,0.754568442300431,-0.6542300992607519,0.7720325997398149,-0.15210004240042885,-0.7107411888505937,-0.26306322884103955,0.20855044153906202,0.7290851651370654,0.3355888773977992,0.88346262437135,-0.3345228160339428,1.0703602876538927,0.8713734788641045,-0.5233480879636929,-0.726330967424149,0.23425931433383868,-0.9566405806498397,0.6908729869562928,-0.4887831543620987,0.2350036448589281,0.7986741060236313,-0.8552989852336244,-0.5894756196842418,0.29426984109851895,-0.5574964836814451,0.3202370341801479,-0.2443526676259328,0.6975773222139712,0.14674209653517964,0.29746655626347124,-0.0531299034453947
-0.9149158790364518,-0.8027307996390333,0.5920628990795831,-0.4414248479907827,0.5548832682080332,-0.29052643784264964,-0.5176977585448937,0.7794446387264929,-0.03148330965562594,0.06636481390290444,-0.3637869273891379,-0.45271077395341064,-0.6308382953871607,-0.2955561687898776,0.20960879971168986,-0.04162567068387092,0.4463480179920671,0.5735075647987568,0.25685972738456964,-0.7287201335530278,-2.081288192037867,0.36322282019890406,-0.3345228160339428,1.3349909876940531,-1.06456438204182,0.013993563673617536,0.3127202816393662,2.062406387428258,0.2048003214313498,0.30575014799708944,-0.3682855462493908,-0.004509633959892672,0.1163105420910508,-0.5240076111234323,0.16986092739855063,0.3688629175064151,0.9678202008764875,-0.14185688168581329,-2.1131453832681943,-0.6438561553237564,-0.2695306809581829,-0.2724380605016774,0.9789633410662577,-0.11520436516083846
0.5422088082753148,0.28099037202000116,-0.9386782205933337,-0.08015522451219255,0.6056431371182129,0.5316106823780099,1.2055168316230276,-0.24112709599755144,-0.029774525275918,-2.2930135577737953,-0.5178962806911861,-0.16756413861132083,1.0170269118067852,0.9909579874789235,-0.9131251249007261,0.7941947720755093,-0.5460106252201334,-1.4106465876721543,-0.5596340116884829,0.4053701989801469,1.8647944977164714,0.12767289005309665,1.0703602876538927,-1.06456438204182,2.2894844529423963,1.5370774429341736,-0.6038304896030972,-2.048256931567859,0.3247051292227399,-0.8161002485778169,1.0891551955761107,-0.33045228954238143,0.19658743010384003,1.4008791320321499,-1.2338801091669682,-0.49759004003154356,5.541463457017336e-4,-0.5946799261753207,1.252949796263702,-0.11723075441688145,0.7969289882696695,0.8240992241080787,0.4343116546346084,-0.15278089147566237
-0.2570091075309882,-0.7378988957252296,-0.15466890917214338,-0.42575206015276884,1.4616025685559577,0.2512136057165689,0.37905342891667554,0.46853255856693726,-0.1618585675217236,-2.4786622495083557,-1.077648642585593,-0.49896949800349705,-0.08453828303437814,0.5783439461834571,-1.4672700890331414,1.1372251264641327,0.20017194907269353,-1.0829179914293456,-0.41548764969029,-0.27565594808543525,0.6754833088753417,0.21852509599349007,0.8713734788641045,0.013993563673617536,1.5370774429341736,2.1974958984286013,0.02462715848343076,0.21260753499813562,0.46512551900886784,-0.47736614047181397,1.3308268205541607,-0.4963567736917825,0.3169935337968384,1.0079942609483878,-0.5926840248220439,-0.07594565244122108,0.9007284247942561,-0.6576663892840782,-0.43606601662350025,-1.176814675581326,0.8734196887855341,0.9871914925358269,1.5681846262692063,-0.22638366443563915
-0.21433712209846445,-0.3041116104194931,0.5158281709384981,0.19110521120711602,0.12635994296395986,-0.1809788756094357,-0.6034833819700568,-0.04116318965621447,0.021278559894329023,0.46196398605161526,-0.06284151645917051,0.12524568382772694,-0.5241473761401231,-0.5905449847524107,-0.06350935891038206,-0.1960577516564829,0.37477692436427323,0.3404522384121908,0.16104629701507112,-0.2901848859144047,-0.32237415690284354,-0.31481139808804914,-0.5233480879636929,0.3127202816393662,-0.6038304896030972,0.02462715848343076,0.6778334793289084,1.1188431999532502,-0.13301898156514239,0.7159280959942325,-0.07011498794133073,0.21961060112160544,-0.13710840340997363,-0.5613759634454158,0.8931081529486543,0.516492480191782,-0.0294465401546444,0.3974998062618129,-0.4571282185703201,-0.32810184506902595,-0.23023420604001746,0.20623461361248085,0.24908455447195593,-0.0013659984513862697
-1.4098732473596642,-1.6460093309097388,1.5140909765625525,-0.4876983324614993,1.0378271588835182,-0.558362425979492,-1.5187503874862673,1.3211497586969774,-0.15870565222410263,0.5044447654879226,-0.6554334431468268,-0.4712862972504672,-1.8994128869544482,-0.8795006233362173,-0.09055323842270803,0.00792874465310898,1.217342410060758,0.9821596989629227,0.5887847800029075,-1.307496777775516,-2.779322534433384,0.23701034015888045,-0.726330967424149,2.062406387428258,-2.048256931567859,0.21260753499813562,1.1188431999532502,4.358742291992567,0.11266556422216925,0.8535761866555248,-0.2804831255082471,-0.10048539800559922,0.058105952109023334,-1.3230253760851145,1.3114511776847004,0.748295486229157,1.2075900339509267,0.19978308187180258,-3.204328893680759,-1.4161813428574372,-0.20008622487395042,-0.2715654219981534,1.537492908773268,-0.13185939669735985
-0.14529171426456253,-0.24736802007650704,-0.05827580729734186,-0.21070122613437126,0.3739552066115013,0.04692499762316541,0.2184782095282051,0.2902085819024182,-0.05383398494270291,-0.6453001947857973,-0.26354371660394715,-0.2455545678924761,0.0587188587564223,0.22479371963740297,-0.21261259294931623,0.22269931604147836,-0.0019786928507882465,-0.2287015403412439,-0.09118237032827842,-0.15619101150760564,-0.19601729957816716,0.22952350522531534,0.23425931433383868,0.2048003214313498,0.3247051292227399,0.46512551900886784,-0.13301898156514239,0.11266556422216925,0.21855317993631773,-0.21841921251616975,0.19268516736759847,-0.17313447157113038,0.1342916846097364,0.250573099411443,-0.3471479159628944,-0.09915007770349527,0.4334914193537312,-0.2955785087653381,-0.41643267097945796,-0.284008476199603,0.1834709098067051,0.09796357793690304,0.46491406101307065,-0.0679406328235399
-0.26433992592910366,-0.029405709406793545,0.39768463270185794,0.4347315937185149,0.023724717033605576,-0.11323486782253718,-0.47263160892781986,-0.40188540822058677,0.3269056163202016,0.5262466051937513,-0.13792004232702926,0.18569159998752627,0.12740991287132616,-0.8340098955549732,0.4997865146537261,-0.8358116356681043,0.19684893434354397,0.4664319952061581,0.22146206075784114,-0.42915386206191936,-0.6693448339673863,-0.4770572720897295,-0.9566405806498397,0.30575014799708944,-0.8161002485778169,-0.47736614047181397,0.7159280959942325,0.8535761866555248,-0.21841921251616975,1.4576284392823657,-0.4902758323821465,0.6889048631729546,-0.2644417316102664,-0.572554235351533,0.8307153532606208,0.9988800512191388,-0.3368742532180182,0.6252892958339603,-0.3404809659981199,0.08946835281549641,-0.8000768637297337,0.3025626915401422,0.21516575743379848,-0.09848917006591969
0.3287673672847072,-0.5295640018674334,0.1286073711462292,-0.03740509134835126,0.7277019556288044,0.1554048656208365,-0.05078562907338628,0.25759375031652515,-0.23846172584261213,-1.0075327029249843,-0.49931360997324,-0.07753594471926128,-0.5691351885638489,0.22926803023509582,-1.5936322401465939,0.7883524889880108,0.4302370060771912,-0.7968613445198259,-0.442781719784333,0.025391473380581824,1.8216279944131268,-0.08004177309719512,0.6908729869562928,-0.3682855462493908,1.0891551955761107,1.3308268205541607,-0.07011498794133073,-0.2804831255082471,0.19268516736759847,-0.4902758323821465,1.2956168844454694,-0.6815278652014481,0.2761050851771398,0.8885347911606013,0.13280076263740395,-0.3559933404635204,0.35230408290838194,-0.4398732903784331,0.9133421777257983,-0.7490621264206992,0.8981626335364199,0.639559992311128,0.3106293564802523,0.10751938079814204
-0.2770067780334239,0.5075972393419984,-0.30081728190543644,0.12705237547531056,-0.21704276072699324,0.024908812491917183,0.1661423385790799,-0.5396705295757522,0.3296701344525379,-0.0058516400179242384,0.037009772726081,0.07123600661817937,0.7989646498220316,-0.16530959803080852,0.9527946743345989,-0.47567035192389717,-0.4060494182506976,0.2892307286639263,0.21435990536026095,-0.003318022528519595,-1.014653619525374,-0.15833760662341972,-0.4887831543620987,-0.004509633959892672,-0.33045228954238143,-0.4963567736917825,0.21961060112160544,-0.10048539800559922,-0.17313447157113038,0.6889048631729546,-0.6815278652014481,0.7467890474909465,-0.25925778316694614,-0.3452473503158169,-0.2152872222019336,0.6094006906692417,-0.4119543733109548,0.4004713133425566,-0.4354830567819331,0.4775826931354703,-0.7220772423521319,0.060302458523775734,0.1585949907130441,-0.21045947787614458
-0.027701672912892442,-0.24138186863084563,0.04929253586718504,-0.14326143579264272,0.24104285321801602,0.009959285152583578,0.02007002676466033,0.25470436114066525,-0.09096474031200993,-0.28957262976747594,-0.1553775853690384,-0.1441123580873743,-0.1807501418629127,0.12910867293430206,-0.3773906785730569,0.23625105986666112,0.12356347501160111,-0.15650081726024526,-0.11402542057304842,-0.06830100655387082,0.15248185983046325,0.13767819631114506,0.2350036448589281,0.1163105420910508,0.19658743010384003,0.3169935337968384,-0.13710840340997363,0.058105952109023334,0.1342916846097364,-0.2644417316102664,0.2761050851771398,-0.25925778316694614,0.14390428197015967,0.263481600618516,-0.12735341510116308,-0.1756590501480628,0.32985340462712937,-0.2614692359895508,-0.061860128742450976,-0.24766876955885156,0.2418127844894662,0.03662146638967948,0.17636540303609743,0.028234705802540665
0.24179769518251826,0.021864973797749383,-0.53662950962095,-0.15159373264132048,0.5838633607007564,0.33689614654194455,0.6326346886210662,-0.038578039206778623,0.007417351709423265,-1.5617647171970537,-0.5282521709602749,-0.22433543377029053,0.5302379411983162,0.6238829515887235,-0.9094162690463093,0.5964315086819458,-0.1658364966226211,-0.9077425387234148,-0.48070523488141537,0.18744269118541118,1.255959861005442,0.12859926174880695,0.7986741060236313,-0.5240076111234323,1.4008791320321499,1.0079942609483878,-0.5613759634454158,-1.3230253760851145,0.250573099411443,-0.572554235351533,0.8885347911606013,-0.3452473503158169,0.263481600618516,1.2703573401861674,-0.9062797745035788,-0.31763785445592974,0.25124230754840127,-0.6020937406127734,0.8888416850061159,-0.17252218554641727,0.5400376786430738,0.5497969219024789,0.34792954987651215,-0.053522444793818354
0.44246293380170226,-0.552220225442356,1.2927893716193306,0.6789730683245819,-0.48716626221258075,-0.42544203003864534,-1.4181151138667907,0.007513731358480808,-0.2323339134558385,2.3306098283299463,0.540771802798938,0.5917079060759299,-1.6908380115196289,-1.2661105006204656,-0.6615194969959267,-0.528231968769102,1.0123828332624212,0.7110140475921558,0.09738930617739312,-0.19320067357882165,1.1316055818419932,-0.7163692929342059,-0.8552989852336244,0.16986092739855063,-1.2338801091669682,-0.5926840248220439,0.8931081529486543,1.3114511776847004,-0.3471479159628944,0.8307153532606208,0.13280076263740395,-0.2152872222019336,-0.12735341510116308,-0.9062797745035788,2.3337766630260095,0.2354590429522775,-0.3160641647739792,0.6431209905879316,0.7969539245466158,-0.3406512819174896,-0.017626416945751774,-0.04890414537588017,-0.97153720530807,0.46352702391413
-0.4875914004056423,-0.022166952610318407,0.12281480421125067,0.10829297739133903,0.26937095219996465,-0.05458660922519302,-0.23741881379321447,-0.2745708246981888,0.29141139243262776,-0.15219511589859408,-0.31421806683707226,-0.027304115704753034,0.28535056853014723,-0.4454980404072837,0.42151636406803167,-0.3935365658762138,0.041400700420753264,0.29906200612792927,0.16526467959380878,-0.3507374183906887,-1.0296050831305392,-0.23658885162571702,-0.5894756196842418,0.3688629175064151,-0.49759004003154356,-0.07594565244122108,0.516492480191782,0.748295486229157,-0.09915007770349527,0.9988800512191388,-0.3559933404635204,0.6094006906692417,-0.1756590501480628,-0.31763785445592974,0.2354590429522775,0.8562260566411205,-0.04229878134681828,0.35814781676917395,-0.7807366621945622,-0.05101736969080333,-0.6323778745416452,0.3225830399139453,0.6218949209774264,-0.20173143233851581
-0.6559423606611898,-0.8769509540310501,0.29339906341333727,-0.5807834122969296,0.8973537709130047,-0.12495289322739037,-0.09961927154230737,0.8548252742158545,-0.18242316458494198,-0.879265892557616,-0.5840883371637606,-0.590936886900872,-0.5051321649875171,0.15764183890136577,-0.602692270700163,0.5492364192024543,0.3688169421004109,-0.06858643850410166,-0.10819915962579607,-0.5286497322434256,-1.0469763481437862,0.47898855087072945,0.29426984109851895,0.9678202008764875,5.541463457017336e-4,0.9007284247942561,-0.0294465401546444,1.2075900339509267,0.4334914193537312,-0.3368742532180182,0.35230408290838194,-0.4119543733109548,0.32985340462712937,0.25124230754840127,-0.3160641647739792,-0.04229878134681828,1.2845029021556258,-0.6098619385993898,-1.5532013274307352,-0.9259087799553428,0.29310408917810554,0.09195455944345234,1.1775193904179493,-0.08233931384217534
0.09731013095100322,0.28448467249893694,0.17195028152497163,0.35665596655035353,-0.4646753140402753,-0.09425620200741515,-0.32212808833047807,-0.4118142004853368,0.12197529494095766,0.9029840547703981,0.3262287538547232,0.34125863886225966,-0.02119563281676098,-0.4593324380628119,0.5120610060076489,-0.501428143640575,-4.6149152619920695e-4,0.40092883078471425,0.2212297898836127,0.05592088780292228,-0.08824068932698755,-0.36128301563164955,-0.5574964836814451,-0.14185688168581329,-0.5946799261753207,-0.6576663892840782,0.3974998062618129,0.19978308187180258,-0.2955785087653381,0.6252892958339603,-0.4398732903784331,0.4004713133425566,-0.2614692359895508,-0.6020937406127734,0.6431209905879316,0.35814781676917395,-0.6098619385993898,0.5621448760090518,0.22631251055590879,0.3479297500839588,-0.4208080127336619,-0.07356957433186882,-0.4503054642526754,0.031035816883335048
1.9610402253469514,0.9181240736898826,-0.26765498739131993,1.077447125246378,-1.1776963087576369,0.2983110941787196,0.16314193584361916,-1.1019680106750678,-0.11149297028245037,1.208244613739259,0.8748921116129449,0.9817321077678033,0.06982871657874995,-0.09472460879834763,-1.0768751833198105,-0.22438341609316972,-0.07110891847932557,-0.6961300396655786,-0.5882974712171627,1.1087766233770369,4.628218688409329,-0.8625236472316566,0.3202370341801479,-2.1131453832681943,1.252949796263702,-0.43606601662350025,-0.4571282185703201,-3.204328893680759,-0.41643267097945796,-0.3404809659981199,0.9133421777257983,-0.4354830567819331,-0.061860128742450976,0.8888416850061159,0.7969539245466158,-0.7807366621945622,-1.5532013274307352,0.22631251055590879,4.496218310204554,0.9240081796549822,0.6145388591794925,0.30802420886205406,-2.4503012369712125,0.5815350268879946
0.4169280918126431,1.0018341888480427,-0.5490818222159259,0.3170574866970289,-0.993438803926741,0.10178643344352112,0.4276831514476804,-0.7207902648853518,0.22671054668890736,0.7928505450024627,0.6486751539414042,0.35610032298014865,0.928778902309828,0.07416841491055641,1.0804540606908306,-0.6202240773789311,-0.6473351093637058,0.22197048907321695,0.1187000492893128,0.5133586024689298,0.10571896835175923,-0.14232650721751505,-0.2443526676259328,-0.6438561553237564,-0.11723075441688145,-1.176814675581326,-0.32810184506902595,-1.4161813428574372,-0.284008476199603,0.08946835281549641,-0.7490621264206992,0.4775826931354703,-0.24766876955885156,-0.17252218554641727,-0.3406512819174896,-0.05101736969080333,-0.9259087799553428,0.3479297500839588,0.9240081796549822,1.1254943767640593,-0.514966578764568,-0.3905714975989196,-1.0483402477068127,0.02782450567486272
0.33046885715110125,-0.409159168579317,0.08175703526952126,-0.14147853368774968,0.3782244595438813,0.09986217473333743,0.052065629667508793,0.4227240787450543,-0.3113069656001524,-0.5766715468951569,-0.18214468399615732,-0.0809988058805261,-0.5841082819742992,0.3761606606035224,-1.083278067152352,0.6977252823283513,0.26949996617882005,-0.5869272041825087,-0.2677721183816035,0.10056531727641495,1.3232371913965006,0.13857298125538228,0.6975773222139712,-0.2695306809581829,0.7969289882696695,0.8734196887855341,-0.23023420604001746,-0.20008622487395042,0.1834709098067051,-0.8000768637297337,0.8981626335364199,-0.7220772423521319,0.2418127844894662,0.5400376786430738,-0.017626416945751774,-0.6323778745416452,0.29310408917810554,-0.4208080127336619,0.6145388591794925,-0.514966578764568,0.8757848189364582,0.15944885887619775,0.018643538280384363,0.1268182597883339
0.014770278443210539,-0.12922685196795564,-0.12689481228193297,0.09310962826101185,0.6290432044628053,0.16559417336287044,0.15536739917371237,-0.2300367878173373,0.08153535869562292,-1.1367682410959203,-0.5383117127048627,-0.05730537850915991,0.2603413860944935,0.013879701811225546,-0.6959184998545352,0.2741338292607392,0.049644476268866665,-0.5457035599132833,-0.2584245444077706,-0.08081994290240467,0.7296826066526393,-0.23189333888197852,0.14674209653517964,-0.2724380605016774,0.8240992241080787,0.9871914925358269,0.20623461361248085,-0.2715654219981534,0.09796357793690304,0.3025626915401422,0.639559992311128,0.060302458523775734,0.03662146638967948,0.5497969219024789,-0.04890414537588017,0.3225830399139453,0.09195455944345234,-0.07356957433186882,0.30802420886205406,-0.3905714975989196,0.15944885887619775,0.8091957456590634,0.651494197248106,-0.11818258591869223
-1.2274956850819236,-0.7776640157259788,-0.1265251887986516,-0.7389054911821936,1.63557187366393,0.11094735008233104,0.2869030258057721,0.6335228672293982,0.1416205990547596,-2.527577116389481,-1.326397448141216,-0.8193765563440851,0.3401301229703186,0.39933449044034797,-0.2091512093777085,0.650127337414871,0.03949238622044421,-0.42226444132710667,0.03679236397857005,-0.7884671419904137,-2.0029829363682503,0.4897180597409694,0.29746655626347124,0.9789633410662577,0.4343116546346084,1.5681846262692063,0.24908455447195593,1.537492908773268,0.46491406101307065,0.21516575743379848,0.3106293564802523,0.1585949907130441,0.17636540303609743,0.34792954987651215,-0.97153720530807,0.6218949209774264,1.1775193904179493,-0.4503054642526754,-2.4503012369712125,-1.0483402477068127,0.018643538280384363,0.651494197248106,2.3888260898139118,-0.5458272760488395
0.3062036061964168,-0.03953391347558418,0.2302896542880559,0.16594359518789334,-0.2965278396072042,-0.09093206842121225,-0.2507493225330087,-0.003890339046550346,-0.12480392535178836,0.725722485267984,0.2928374540755189,0.17719768772427635,-0.4164084286447957,-0.1953953988830904,-0.27408024634469835,-0.05845356828594057,0.1977059210845712,0.11628653822870687,-0.06925931188299267,0.12172742639062067,0.6605936788916567,-0.1321403581472205,-0.0531299034453947,-0.11520436516083846,-0.15278089147566237,-0.22638366443563915,-0.0013659984513862697,-0.13185939669735985,-0.0679406328235399,-0.09848917006591969,0.10751938079814204,-0.21045947787614458,0.028234705802540665,-0.053522444793818354,0.46352702391413,-0.20173143233851581,-0.08233931384217534,0.031035816883335048,0.5815350268879946,0.02782450567486272,0.1268182597883339,-0.11818258591869223,-0.5458272760488395,0.2069095023804117
