V1,V2,V3,V4,V5,V6,V7,V8,V9,V10,V11,V12,V13,V14,V15,V16,V17,V18,V19,V20,V21,V22,V23,V24,V25,V26,V27,V28,V29,V30,V31,V32,V33,V34,V35,V36,V37,V38,V39,V40,V41,V42,V43,V44
2.003617857787816,0.5853670355863961,2.0008492282080774,2.251235337172081,-3.026458131324078,-0.8318720037041749,-2.5609694358712596,-1.4602982024962954,-0.2043471506408502,6.987056018313416,2.560067274757364,2.1107376642471185,-2.349420418991355,-2.8781476624141114,0.02592214405961016,-2.207236056371289,1.237198531684668,1.9907336213424975,0.26791241885351424,0.6644219701135956,3.458614493806888,-2.0782781319193875,-2.379908862606886,-0.9777213416082126,-2.8512028792827606,-3.331949390363083,1.4864710073936167,0.07067715148529093,-1.3250226538122387,1.9772245251755323,-0.8003748506353999,0.2674809856250967,-0.7094719455883045,-2.2359267100601796,4.96213941790673,0.37645742730207565,-2.387594166945245,2.072502029586329,4.002282942452998,1.180717551315823,-0.8531815467195638,-0.6406760314043547,-4.356623719410048,1.2434005954857064
0.5853670355863961,0.4537339657414073,0.2940337192233422,0.5968769043669688,-1.0538730809374692,-0.22156239515424242,-0.4589395905018687,-0.601303263090264,-0.057834852779581565,1.8910983539148427,0.9042881645438648,0.6197126778649353,-0.336167995196696,-0.6619583111237329,0.3014352867541811,-0.5576938670421044,0.045737689320349155,0.5593796802937274,0.09774263380938579,0.38263642171536993,0.7642182447838879,-0.5564268884232031,-0.6498075825922148,-0.42502307341594825,-0.6269460468480262,-0.9330899225417965,0.393495638664127,-0.34074533777873445,-0.3759130990245119,0.4036666345271681,-0.4047762580299003,0.22978389616056213,-0.26934054322928724,-0.7372809331909909,1.145981957189872,0.06462474696586917,-0.7563455179303371,0.6264172054010234,1.0003147389055866,0.4943889910718905,-0.31734679564948487,-0.19726583044613352,-1.2412957058209786,0.3020715929690152
2.0008492282080774,0.2940337192233422,2.7310886852773284,2.5897815026614066,-3.2480891358537707,-1.0451337012625848,-3.4059433531240018,-1.4098439525603128,-0.13489241809708877,8.323381477460163,2.690274386627215,2.3437395677067943,-3.069619738000949,-3.656800792033045,0.05487401747005543,-2.842084162347318,1.8050866594648471,2.5675619701136125,0.438370002125895,0.3510985692631398,3.45383825102585,-2.3975254943491358,-3.0263196169700843,-0.6244647800919282,-3.9680146739460485,-4.139634336648896,1.8695521601068783,1.0094314745329145,-1.5637480574879685,2.770421918216057,-1.0409636808151599,0.3420397939970899,-0.7851207832774335,-2.7158836985037453,6.067038666330374,0.734515399029331,-2.6048168251662225,2.452091409932691,4.21244203320033,1.2162914037048276,-1.199079832640166,-0.850789703240614,-4.840479033887431,1.4218733750795849
2.251235337172081,0.5968769043669688,2.5897815026614066,2.839888850287489,-3.479498490659583,-0.9918840849379735,-3.2999152224730977,-1.8021491761223485,-0.06100620851652429,8.455931700727854,2.8424290644741355,2.5438199113420366,-2.782449978832365,-3.7459848839383962,0.15221560162468578,-3.0136613069811093,1.6508800052817947,2.515349679461054,0.39576280531238306,0.5278806396070318,3.9327725147590114,-2.6260073611398305,-3.1551273094014967,-0.9972785551315725,-3.7843728566458075,-4.245399603168544,1.9418495276319485,0.4657056290369724,-1.671611816569491,2.9791018633726134,-1.0791729640514789,0.5279106238019651,-0.8990369863497775,-2.7155368581623285,6.1812081115842625,0.8438582334513047,-2.982743416143771,2.6463284090024692,4.774950990462604,1.4628903937438635,-1.3171278848382915,-0.686261438949425,-5.117935767329383,1.4388935522519921
-3.026458131324078,-1.0538730809374692,-3.2480891358537707,-3.479498490659583,5.262221659944734,1.536196940127042,4.192911948833887,2.2992474852158113,0.4137650787950271,-11.846022880403247,-4.517766970441544,-3.3991530577596687,3.8934142919306525,4.689741454861221,-0.578632660218864,3.54974226576371,-1.8291265284776719,-3.642098170856582,-0.6232926981760164,-1.1420100205951351,-4.623045117745189,3.218635947374919,4.024898617736637,1.2779353142017709,5.081722239277527,5.678040926273354,-2.529148216931118,-0.5083576505744617,2.1664639729491584,-3.0316584196453773,1.7826921479554485,-0.5834527315425465,1.2192014127019324,4.2021205513535875,-8.043827059238824,-0.5628716487963763,3.7171957826981576,-3.4368973947987342,-5.6561297131072,-1.970803853879663,1.5861466082078235,1.393346833281046,7.07073596987568,-2.0067663813178034
-0.8318720037041749,-0.22156239515424242,-1.0451337012625848,-0.9918840849379735,1.536196940127042,0.5436512936587692,1.3215173439433368,0.6504076509656161,0.21507349959494812,-3.562646638420124,-1.4038384870654292,-1.0030587183191666,1.3327686772431515,1.4547242774154083,-0.09000576900436627,0.9106267860126299,-0.5820592465847472,-1.1501758354233642,-0.19520267955210463,-0.3379702072891053,-1.2122476560302768,0.9750853277979997,1.2417851378277505,0.27661840301956425,1.5276890652863202,1.4652409483736946,-0.9349638660601436,-0.4288725299234365,0.6086134351453851,-0.8564407458499248,0.5071579380849124,-0.16043800631576033,0.3776459896696893,1.4380784875614177,-2.5484860249542614,-0.190756953831773,0.9436895542256721,-1.0488232970690148,-1.3430111944564134,-0.379287239251635,0.4256903165064028,0.3402560109291765,1.9341767644468228,-0.6026707492809232
-2.5609694358712596,-0.4589395905018687,-3.4059433531240018,-3.2999152224730977,4.192911948833887,1.3215173439433368,4.279406504276954,1.8566557773419456,0.15719473382964755,-10.592007924318867,-3.462165175491426,-2.9979170386962397,3.8098210249360887,4.627043045750129,-0.146937050898067,3.6278145727250726,-2.226384672720506,-3.2687865050805764,-0.5632206287215493,-0.4965340671812647,-4.377698387368433,3.055820724322769,3.851429972736104,0.8484503046148217,5.021443232070156,5.307579262133084,-2.3572724902506814,-1.1638308774457229,2.0032777228820584,-3.5122500447171574,1.3722935503794962,-0.4798469820753461,1.0174671382379097,3.4613861866248867,-7.656865452036931,-0.9321708651300281,3.366396219189939,-3.1354448031619273,-5.391701137224724,-1.6176194814822293,1.5598478716762547,1.0895772934503605,6.195239670012593,-1.800229170424755
-1.4602982024962954,-0.601303263090264,-1.4098439525603128,-1.8021491761223485,2.2992474852158113,0.6504076509656161,1.8566557773419456,1.4180951128921349,0.10413092633371063,-5.128348684866501,-1.9699105370409282,-1.6678914190917906,1.5277553618654651,2.2992593213838313,-0.15907687607039522,1.6790151777676126,-0.7736648196900282,-1.5232671589541213,-0.21703660600189909,-0.5494278278971914,-2.4342966440704257,1.7517104135966581,2.0102342233760058,0.8283828098545245,2.0207216665704197,2.2806814267026274,-1.4427527186357811,-0.03561361018981761,1.0313793379414056,-1.7842137037569585,0.6942163821042439,-0.5069004396791154,0.6669973788831229,1.8971066669333045,-3.8600650826131537,-0.587205370724856,1.8865320075658516,-1.7728913928746524,-2.791684798179033,-0.8508028146072976,0.8340000050940346,0.18393564058573106,3.0416983142571152,-0.8581283760287539
-0.2043471506408502,-0.057834852779581565,-0.13489241809708877,-0.06100620851652429,0.4137650787950271,0.21507349959494812,0.15719473382964755,0.10413092633371063,0.28480412907960084,-0.7009986312941223,-0.5512189001268131,-0.2005678438140823,0.4561879751774571,0.14692887595373363,0.12185420111739148,-0.2581596808806969,0.003756401226489481,-0.21994797579573042,-0.003346304505390168,-0.2889785643961461,-0.18376966141346734,0.13767393289619556,0.10381348722207522,0.0924712001309302,0.03212839885324287,-0.166587921745281,-0.32216754638557754,-0.10254536441017123,0.02734644645295096,0.3146953374337639,0.015740728497523334,0.09180063989839844,0.08211052977594153,0.528866040174832,-0.5310144368478257,0.19976291199238896,-0.05914188758973714,-0.15948320151140927,0.13673514078106963,0.18663102310501672,-0.16355150979329122,0.020332995545343718,0.25990905955078314,-0.1570844418316643
6.987056018313416,1.8910983539148427,8.323381477460163,8.455931700727854,-11.846022880403247,-3.562646638420124,-10.592007924318867,-5.128348684866501,-0.7009986312941223,28.14644485706215,9.980596253928484,7.975921754565757,-9.623248339414058,-11.613743295305497,0.9825533782325551,-9.060695776569332,5.097481264483195,8.68223720702548,1.4996224045816027,2.0320113656509173,11.188799693278783,-7.784191871660566,-9.830101534808108,-2.614171576239869,-12.740612726064857,-13.936824616794754,5.972241828578579,2.067226467307472,-5.207954243371396,8.134339526605402,-4.013133219531349,1.2712153156109876,-2.775145109495152,-9.529091925287398,19.542800254122447,1.8082855146276613,-8.86464478442136,8.180410289289396,13.85155176273742,4.578232297494722,-3.941574313059122,-3.2338931058823954,-16.69380124502842,4.777515944051695
2.560067274757364,0.9042881645438648,2.690274386627215,2.8424290644741355,-4.517766970441544,-1.4038384870654292,-3.462165175491426,-1.9699105370409282,-0.5512189001268131,9.980596253928484,4.047886490998955,2.882242648299565,-3.4372104867220674,-3.8863402276196557,0.3865324631636836,-2.626996462606036,1.4369566907596085,3.0915645185874006,0.5032963426223965,1.1428019941747736,3.7802355681920474,-2.7116459656285024,-3.3408600461677733,-1.094888799074569,-4.0627862257543805,-4.344042734210842,2.344366709766903,0.5136227872902125,-1.750852051673251,2.2249074586116766,-1.4516689814354184,0.44562960756140163,-1.063812044749236,-3.8220670306518305,6.872000811746858,0.3544808295887848,-2.920572463345891,2.912020722664427,4.3288187558799764,1.4004890326414383,-1.1679554100332006,-1.0680778165453395,-5.785922907432806,1.711194483968509
2.1107376642471185,0.6197126778649353,2.3437395677067943,2.5438199113420366,-3.3991530577596687,-1.0030587183191666,-2.9979170386962397,-1.6678914190917906,-0.2005678438140823,7.975921754565757,2.882242648299565,2.378453824303484,-2.683487088220882,-3.3898307375466934,0.17373792689488113,-2.563036668636379,1.417056628034372,2.39647567565909,0.37853362996484474,0.6559527084230549,3.516281800782699,-2.3846434715588303,-2.8663054200531506,-0.9386987489635542,-3.4332800747689154,-3.7827606590660987,1.868058226352436,0.42418040640520127,-1.5183808470941742,2.4460432758694135,-1.0442590424032905,0.44537706350099926,-0.8524961075726212,-2.7425626927637823,5.740242274764906,0.6151041034850668,-2.653240487306338,2.4457218714881592,4.160111206784228,1.2723957893783708,-1.1192994403000187,-0.698127372398733,-4.756640718693009,1.3640622129994115
-2.349420418991355,-0.336167995196696,-3.069619738000949,-2.782449978832365,3.8934142919306525,1.3327686772431515,3.8098210249360887,1.5277553618654651,0.4561879751774571,-9.623248339414058,-3.4372104867220674,-2.683487088220882,3.8190650324496223,4.005621777270549,0.10698214356669325,2.724318481945033,-1.948894136024491,-2.9576188889410284,-0.4673465292341797,-0.6716898586615965,-3.9023916688239133,2.644325438060794,3.2654212405709586,0.7376291437474887,4.285536938904925,4.2715010216230604,-2.25497296578225,-1.1905189598324777,1.688892649674652,-2.5271096436857006,1.0954480391870578,-0.19726829945914878,0.88641374802005,3.4007176066175457,-6.9835797424064365,-0.4902570648298871,2.6838761611505326,-2.7205161161622793,-4.382214912841113,-1.1013904463893318,1.0530972355022494,1.009037081642762,5.479037336711755,-1.6961868145143515
-2.8781476624141114,-0.6619583111237329,-3.656800792033045,-3.7459848839383962,4.689741454861221,1.4547242774154083,4.627043045750129,2.2992593213838313,0.14692887595373363,-11.613743295305497,-3.8863402276196557,-3.3898307375466934,4.005621777270549,5.1691446022084335,-0.22895892164053588,4.0184530007263035,-2.3241985582354197,-3.5775933440695287,-0.6039887311084613,-0.632037546664366,-4.8954313653808965,3.512280978776875,4.364138192051616,1.0892341114238755,5.3723980826215625,5.712764469999722,-2.7738715302156685,-1.103585511570291,2.237530127408759,-4.031195485417771,1.5442128015849375,-0.7108657308584228,1.2097596766308798,3.912792224584512,-8.518692381380209,-1.1799779628742022,3.827831674604914,-3.5932911070358564,-5.975224861944284,-1.806578749356971,1.8165645326577569,0.9974264973325684,6.770597548302056,-1.9530169173195011
0.02592214405961016,0.3014352867541811,0.05487401747005543,0.15221560162468578,-0.578632660218864,-0.09000576900436627,-0.146937050898067,-0.15907687607039522,0.12185420111739148,0.9825533782325551,0.3865324631636836,0.17373792689488113,0.10698214356669325,-0.22895892164053588,0.7458306445790576,-0.5407282726052248,-0.10476159070005446,0.48013873155236353,0.21581895075107346,0.044504791304872435,-0.47948835417658286,-0.042464940252201766,-0.3830660291145282,0.06941869229366483,-0.7308551996001151,-0.9984939502205651,-0.03297035053308115,0.0015537831011619508,-0.2030766831966619,0.2737313572138638,-0.6381684516685998,0.2624104134986605,-0.13683879228663814,-0.4340090296514994,0.1677937036358138,0.08550794034423745,-0.38853036243931477,0.27163582321634117,0.07348408764701941,0.5382856833086366,-0.4397587730876858,-0.46699155145004384,-0.5980951021192688,0.05199985234211025
-2.207236056371289,-0.5576938670421044,-2.842084162347318,-3.0136613069811093,3.54974226576371,0.9106267860126299,3.6278145727250726,1.6790151777676126,-0.2581596808806969,-9.060695776569332,-2.626996462606036,-2.563036668636379,2.724318481945033,4.0184530007263035,-0.5407282726052248,3.8438634625517594,-1.9358069342547626,-2.7767804945359074,-0.5421345538725926,-0.19814276942223397,-3.8199750544494933,2.628064467271579,3.4367424118264576,0.7914918948920315,4.63378945819493,5.452120843361659,-1.5895888006576524,-0.6002258496089666,1.8520043937681752,-3.5923264025556207,1.4257217153328652,-0.5964036948957558,0.867366341483434,2.5011641937621696,-6.2348747633386425,-1.0361437894927588,3.3691928085318987,-2.7257387683687817,-5.375974591054859,-2.01253948048924,1.7270950975699388,1.1302964070279422,5.66500691368398,-1.4793747524285474
1.237198531684668,0.045737689320349155,1.8050866594648471,1.6508800052817947,-1.8291265284776719,-0.5820592465847472,-2.226384672720506,-0.7736648196900282,0.003756401226489481,5.097481264483195,1.4369566907596085,1.417056628034372,-1.948894136024491,-2.3241985582354197,-0.10476159070005446,-1.9358069342547626,1.3133495742787569,1.5314560867581524,0.2500619654462712,0.06194672857655051,2.3386800167838686,-1.4986824835714576,-1.8699495680061533,-0.3409369414969235,-2.566404272626599,-2.7286120460043075,1.0297735307800153,0.6890927011776626,-0.9797535648776269,1.899441801830272,-0.5411386076670426,0.12814992801460875,-0.4287461439142453,-1.4302327031831013,3.7716106161761735,0.5125258822120303,-1.6611859680568632,1.4730801835399827,2.898510620737171,0.7878432593107444,-0.7446899691625962,-0.5319536300583207,-3.046844546518742,0.8924651560588626
1.9907336213424975,0.5593796802937274,2.5675619701136125,2.515349679461054,-3.642098170856582,-1.1501758354233642,-3.2687865050805764,-1.5232671589541213,-0.21994797579573042,8.68223720702548,3.0915645185874006,2.39647567565909,-2.9576188889410284,-3.5775933440695287,0.48013873155236353,-2.7767804945359074,1.5314560867581524,2.7985717428542185,0.5291110335520162,0.5756879311239664,2.9702547583764836,-2.3254410218490387,-3.0884391577291117,-0.6249494094458103,-4.077457644908973,-4.311569513492858,1.8959506951896132,0.8886069376589129,-1.5811585871086855,2.506480892942675,-1.3911381189726597,0.4592858329863441,-0.871991719202841,-3.097375456085607,5.961816669186694,0.6138814612881468,-2.6108624332258756,2.5283458611510543,3.8279918293892607,1.368689067518209,-1.300547439092172,-1.062967471681911,-4.98333005618532,1.4304680783237764
0.26791241885351424,0.09774263380938579,0.438370002125895,0.39576280531238306,-0.6232926981760164,-0.19520267955210463,-0.5632206287215493,-0.21703660600189909,-0.003346304505390168,1.4996224045816027,0.5032963426223965,0.37853362996484474,-0.4673465292341797,-0.6039887311084613,0.21581895075107346,-0.5421345538725926,0.2500619654462712,0.5291110335520162,0.1425289115673884,0.051617838037887484,0.29356141072907127,-0.351039671895176,-0.5549138797904684,-0.03182199512268936,-0.8168947403832083,-0.8637910753382874,0.2910932269009817,0.24420815098735668,-0.27823528866572533,0.46581402653327997,-0.3384613020198817,0.11493454473511602,-0.15254416738998797,-0.5651554297661335,0.9544177752527881,0.1275639474692516,-0.4537861645779837,0.4381050496216596,0.5381170415075361,0.28876275763178966,-0.2886907227223121,-0.26629956300447694,-0.8361387098800039,0.22030956023263104
0.6644219701135956,0.38263642171536993,0.3510985692631398,0.5278806396070318,-1.1420100205951351,-0.3379702072891053,-0.4965340671812647,-0.5494278278971914,-0.2889785643961461,2.0320113656509173,1.1428019941747736,0.6559527084230549,-0.6716898586615965,-0.632037546664366,0.044504791304872435,-0.19814276942223397,0.06194672857655051,0.5756879311239664,0.051617838037887484,0.5457628463534537,0.891973472109688,-0.5609208738738705,-0.5582836447643049,-0.4447715723587035,-0.4638512776927866,-0.5510806598213872,0.555919512746601,-0.22891425320900224,-0.3133222756544285,0.03339181097971186,-0.25692489368956417,0.06173360380772119,-0.2622176500843386,-0.951619097075086,1.3509390232641423,-0.14069602651938545,-0.5447156506372591,0.6004213115631762,0.7763140551942314,0.21257975892345007,-0.06534506261815734,-0.14586928862149084,-1.207721732516638,0.38035209776993073
3.458614493806888,0.7642182447838879,3.45383825102585,3.9327725147590114,-4.623045117745189,-1.2122476560302768,-4.377698387368433,-2.4342966440704257,-0.18376966141346734,11.188799693278783,3.7802355681920474,3.516281800782699,-3.9023916688239133,-4.8954313653808965,-0.47948835417658286,-3.8199750544494933,2.3386800167838686,2.9702547583764836,0.29356141072907127,0.891973472109688,6.638356770954676,-3.6204316835535466,-3.8824781322382886,-1.7950759533145688,-4.509056807675282,-5.384573022407631,2.4018641609870013,-0.0326827924809194,-2.230196171285795,3.6884252236878083,-0.8737109420575939,0.35110453804475006,-1.0948417234690573,-3.1503543082497045,8.369184901329398,0.7971304465478157,-4.126498208190671,3.3798126562613273,7.4780749609080805,1.9029269223757173,-1.3301970557254792,-0.7445088882838375,-7.210963913273471,2.0640667817710785
-2.0782781319193875,-0.5564268884232031,-2.3975254943491358,-2.6260073611398305,3.218635947374919,0.9750853277979997,3.055820724322769,1.7517104135966581,0.13767393289619556,-7.784191871660566,-2.7116459656285024,-2.3846434715588303,2.644325438060794,3.512280978776875,-0.042464940252201766,2.628064467271579,-1.4986824835714576,-2.3254410218490387,-0.351039671895176,-0.5609208738738705,-3.6204316835535466,2.5112803406429425,2.964236832350838,0.9520683082540158,3.372748547324875,3.6355064757198603,-2.0055447336957526,-0.5148545624206149,1.5235630910507714,-2.7267644340330484,0.9401791628454143,-0.5285501670430652,0.8722842092586719,2.6717940017705613,-5.8652164834133576,-0.8253749138706258,2.67816945438955,-2.516268540138663,-4.208682865875031,-1.1811091779889007,1.175141947495876,0.4701121413536153,4.580786551721229,-1.3309797082823562
-2.379908862606886,-0.6498075825922148,-3.0263196169700843,-3.1551273094014967,4.024898617736637,1.2417851378277505,3.851429972736104,2.0102342233760058,0.10381348722207522,-9.830101534808108,-3.3408600461677733,-2.8663054200531506,3.2654212405709586,4.364138192051616,-0.3830660291145282,3.4367424118264576,-1.8699495680061533,-3.0884391577291117,-0.5549138797904684,-0.5582836447643049,-3.8824781322382886,2.964236832350838,3.758550479486261,0.9009699253975489,4.584832283233765,4.887515116859581,-2.381273840503571,-0.9351842604798593,1.8975637395815699,-3.4413033002091806,1.4474053472016963,-0.7066514216680599,1.0675787608565712,3.419182698719145,-7.1418993342119235,-1.0561255436692842,3.2582793560951098,-3.096844811606036,-4.865431032295106,-1.5863020600239206,1.6325199889868418,0.861663680778617,5.680308643356311,-1.6184700244880086
-0.9777213416082126,-0.42502307341594825,-0.6244647800919282,-0.9972785551315725,1.2779353142017709,0.27661840301956425,0.8484503046148217,0.8283828098545245,0.0924712001309302,-2.614171576239869,-1.094888799074569,-0.9386987489635542,0.7376291437474887,1.0892341114238755,0.06941869229366483,0.7914918948920315,-0.3409369414969235,-0.6249494094458103,-0.03182199512268936,-0.4447715723587035,-1.7950759533145688,0.9520683082540158,0.9009699253975489,0.7077895362446079,0.7617764988240424,1.1117206051627122,-0.6438808174912274,0.41744248752502566,0.5450603584332153,-0.7512791140898218,0.20485961164125835,-0.1708150977800418,0.336245898053071,0.8271197305082246,-1.9580594668587339,-0.1410219737039718,1.1152448257618606,-0.8897512986747294,-1.9137709755768995,-0.5159169679416523,0.2814491635112817,0.04658060350263373,1.7852872289109236,-0.49055930918482793
-2.8512028792827606,-0.6269460468480262,-3.9680146739460485,-3.7843728566458075,5.081722239277527,1.5276890652863202,5.021443232070156,2.0207216665704197,0.03212839885324287,-12.740612726064857,-4.0627862257543805,-3.4332800747689154,4.285536938904925,5.3723980826215625,-0.7308551996001151,4.63378945819493,-2.566404272626599,-4.077457644908973,-0.8168947403832083,-0.4638512776927866,-4.509056807675282,3.372748547324875,4.584832283233765,0.7617764988240424,6.428239357177149,7.013816574082674,-2.423293392631146,-1.4185742228945306,2.4055650905450823,-4.176846929208124,2.0469698597704578,-0.6267896479886048,1.1733500907220633,4.0611376155472225,-8.658501811687449,-1.06056358142601,4.05436079444216,-3.6349379087691234,-6.2230558567914755,-2.3061444911066693,2.0980119440254135,1.7655282633477762,7.528495054689579,-2.0869913547022936
-3.331949390363083,-0.9330899225417965,-4.139634336648896,-4.245399603168544,5.678040926273354,1.4652409483736946,5.307579262133084,2.2806814267026274,-0.166587921745281,-13.936824616794754,-4.344042734210842,-3.7827606590660987,4.2715010216230604,5.712764469999722,-0.9984939502205651,5.452120843361659,-2.7286120460043075,-4.311569513492858,-0.8637910753382874,-0.5510806598213872,-5.384573022407631,3.6355064757198603,4.887515116859581,1.1117206051627122,7.013816574082674,8.323128782711938,-2.121010188184603,-0.7915576263260309,2.7121010430611077,-4.606300942718404,2.313649385401718,-0.6561030885063094,1.2369701570264597,3.949164712089044,-9.061275982661282,-1.0290089535286413,4.842745961762036,-3.895052635193913,-7.721115317206438,-3.0786637201048386,2.3791442500671525,2.1660725213048524,8.756765469815143,-2.3006554413636575
1.4864710073936167,0.393495638664127,1.8695521601068783,1.9418495276319485,-2.529148216931118,-0.9349638660601436,-2.3572724902506814,-1.4427527186357811,-0.32216754638557754,5.972241828578579,2.344366709766903,1.868058226352436,-2.25497296578225,-2.7738715302156685,-0.03297035053308115,-1.5895888006576524,1.0297735307800153,1.8959506951896132,0.2910932269009817,0.555919512746601,2.4018641609870013,-2.0055447336957526,-2.381273840503571,-0.6438808174912274,-2.423293392631146,-2.121010188184603,2.0667724502618503,0.8159456016030427,-1.1076100660017678,1.9455672023986317,-0.7147283031853493,0.5183153158874935,-0.7693534754842413,-2.6034612250642057,4.818416633560221,0.7064406037883253,-1.7691401826119473,2.0636776368731864,2.4102068408923976,0.47184320446739053,-0.8281550335449387,-0.11084929122941649,-3.0943789534736044,0.9967488042249895
0.07067715148529093,-0.34074533777873445,1.0094314745329145,0.4657056290369724,-0.5083576505744617,-0.4288725299234365,-1.1638308774457229,-0.03561361018981761,-0.10254536441017123,2.067226467307472,0.5136227872902125,0.42418040640520127,-1.1905189598324777,-1.103585511570291,0.0015537831011619508,-0.6002258496089666,0.6890927011776626,0.8886069376589129,0.24420815098735668,-0.22891425320900224,-0.0326827924809194,-0.5148545624206149,-0.9351842604798593,0.41744248752502566,-1.4185742228945306,-0.7915576263260309,0.8159456016030427,1.3928054309200828,-0.3132299807949313,0.8603427243278219,-0.3412530422134518,0.10118866229135864,-0.1871119668402643,-1.0634351553996457,1.7809111806059776,0.40541571844591195,-0.21490949946414425,0.6389020057945047,-0.02839164148552685,-0.1495890310612921,-0.35683894212813155,-0.20269413510769724,-0.6347246050416497,0.29025855739990486
-1.3250226538122387,-0.3759130990245119,-1.5637480574879685,-1.671611816569491,2.1664639729491584,0.6086134351453851,2.0032777228820584,1.0313793379414056,0.02734644645295096,-5.207954243371396,-1.750852051673251,-1.5183808470941742,1.688892649674652,2.237530127408759,-0.2030766831966619,1.8520043937681752,-0.9797535648776269,-1.5811585871086855,-0.27823528866572533,-0.3133222756544285,-2.230196171285795,1.5235630910507714,1.8975637395815699,0.5450603584332153,2.4055650905450823,2.7121010430611077,-1.1076100660017678,-0.3132299807949313,1.0235759376136617,-1.751729786555836,0.7401987975079224,-0.3177217429184585,0.5320842909965021,1.674509993592348,-3.675415588798027,-0.4624053343714196,1.803162490746235,-1.576506612273273,-2.831896424431516,-0.9528925596122457,0.8299782547214167,0.5493413525507278,3.1584419669509574,-0.870858848745723
1.9772245251755323,0.4036666345271681,2.770421918216057,2.9791018633726134,-3.0316584196453773,-0.8564407458499248,-3.5122500447171574,-1.7842137037569585,0.3146953374337639,8.134339526605402,2.2249074586116766,2.4460432758694135,-2.5271096436857006,-4.031195485417771,0.2737313572138638,-3.5923264025556207,1.899441801830272,2.506480892942675,0.46581402653327997,0.03339181097971186,3.6884252236878083,-2.7267644340330484,-3.4413033002091806,-0.7512791140898218,-4.176846929208124,-4.606300942718404,1.9455672023986317,0.8603427243278219,-1.751729786555836,3.8939501579288405,-1.1446153525903155,0.791745467480924,-0.8916961634555098,-2.4081327871018074,6.195316751184433,1.4147901925901167,-3.153347459896693,2.7343095852312804,4.909477676945904,1.5949766497487996,-1.7278387007104408,-0.5494225594028808,-4.851518417616364,1.3007957122079785
-0.8003748506353999,-0.4047762580299003,-1.0409636808151599,-1.0791729640514789,1.7826921479554485,0.5071579380849124,1.3722935503794962,0.6942163821042439,0.015740728497523334,-4.013133219531349,-1.4516689814354184,-1.0442590424032905,1.0954480391870578,1.5442128015849375,-0.6381684516685998,1.4257217153328652,-0.5411386076670426,-1.3911381189726597,-0.3384613020198817,-0.25692489368956417,-0.8737109420575939,0.9401791628454143,1.4474053472016963,0.20485961164125835,2.0469698597704578,2.313649385401718,-0.7147283031853493,-0.3412530422134518,0.7401987975079224,-1.1446153525903155,0.9373076644618181,-0.3330788368824991,0.42386117859017525,1.4733315093552732,-2.4386780194651956,-0.28675603547765216,1.2579512075087953,-1.1575986779301726,-1.5510779738624059,-0.8684780736698338,0.7762818710428933,0.7029159617237929,2.327657263411211,-0.5977657570019432
0.2674809856250967,0.22978389616056213,0.3420397939970899,0.5279106238019651,-0.5834527315425465,-0.16043800631576033,-0.4798469820753461,-0.5069004396791154,0.09180063989839844,1.2712153156109876,0.44562960756140163,0.44537706350099926,-0.19726829945914878,-0.7108657308584228,0.2624104134986605,-0.5964036948957558,0.12814992801460875,0.4592858329863441,0.11493454473511602,0.06173360380772119,0.35110453804475006,-0.5285501670430652,-0.7066514216680599,-0.1708150977800418,-0.6267896479886048,-0.6561030885063094,0.5183153158874935,0.10118866229135864,-0.3177217429184585,0.791745467480924,-0.3330788368824991,0.3791467653581703,-0.2433766171819243,-0.596425491117365,1.029674644055996,0.4118118176742913,-0.584187898902159,0.5873451455663183,0.5728879992897123,0.2913737593375909,-0.45152580411706056,0.036804691548669236,-0.6517305474265415,0.14623895267031778
-0.7094719455883045,-0.26934054322928724,-0.7851207832774335,-0.8990369863497775,1.2192014127019324,0.3776459896696893,1.0174671382379097,0.6669973788831229,0.08211052977594153,-2.775145109495152,-1.063812044749236,-0.8524961075726212,0.88641374802005,1.2097596766308798,-0.13683879228663814,0.867366341483434,-0.4287461439142453,-0.871991719202841,-0.15254416738998797,-0.2622176500843386,-1.0948417234690573,0.8722842092586719,1.0675787608565712,0.336245898053071,1.1733500907220633,1.2369701570264597,-0.7693534754842413,-0.1871119668402643,0.5320842909965021,-0.8916961634555098,0.42386117859017525,-0.2433766171819243,0.34734334766031,1.0892446991443039,-2.042473560134385,-0.28374289623829363,0.9279120175496346,-0.9256393268218149,-1.2835429541459846,-0.41427924373325714,0.4372001120166761,0.17610285129202155,1.5753389730851943,-0.4528786296793396
-2.2359267100601796,-0.7372809331909909,-2.7158836985037453,-2.7155368581623285,4.2021205513535875,1.4380784875614177,3.4613861866248867,1.8971066669333045,0.528866040174832,-9.529091925287398,-3.8220670306518305,-2.7425626927637823,3.4007176066175457,3.912792224584512,-0.4340090296514994,2.5011641937621696,-1.4302327031831013,-3.097375456085607,-0.5651554297661335,-0.951619097075086,-3.1503543082497045,2.6717940017705613,3.419182698719145,0.8271197305082246,4.0611376155472225,3.949164712089044,-2.6034612250642057,-1.0634351553996457,1.674509993592348,-2.4081327871018074,1.4733315093552732,-0.596425491117365,1.0892446991443039,3.978699647850503,-6.832976028683559,-0.6147340299136782,2.669524554910266,-2.9333512825819,-3.5621043725665125,-1.1090328911111291,1.251031970451617,0.8693126801236426,5.172226307911019,-1.5719802552302313
4.96213941790673,1.145981957189872,6.067038666330374,6.1812081115842625,-8.043827059238824,-2.5484860249542614,-7.656865452036931,-3.8600650826131537,-0.5310144368478257,19.542800254122447,6.872000811746858,5.740242274764906,-6.9835797424064365,-8.518692381380209,0.1677937036358138,-6.2348747633386425,3.7716106161761735,5.961816669186694,0.9544177752527881,1.3509390232641423,8.369184901329398,-5.8652164834133576,-7.1418993342119235,-1.9580594668587339,-8.658501811687449,-9.061275982661282,4.818416633560221,1.7809111806059776,-3.675415588798027,6.195316751184433,-2.4386780194651956,1.029674644055996,-2.042473560134385,-6.832976028683559,14.39998376215932,1.6720387912136512,-6.218776058814105,5.993338024031345,9.759149700630365,2.7535555617690854,-2.7228336371386344,-1.6180829671939732,-11.326534764234713,3.344756706611362
0.37645742730207565,0.06462474696586917,0.734515399029331,0.8438582334513047,-0.5628716487963763,-0.190756953831773,-0.9321708651300281,-0.587205370724856,0.19976291199238896,1.8082855146276613,0.3544808295887848,0.6151041034850668,-0.4902570648298871,-1.1799779628742022,0.08550794034423745,-1.0361437894927588,0.5125258822120303,0.6138814612881468,0.1275639474692516,-0.14069602651938545,0.7971304465478157,-0.8253749138706258,-1.0561255436692842,-0.1410219737039718,-1.06056358142601,-1.0290089535286413,0.7064406037883253,0.40541571844591195,-0.4624053343714196,1.4147901925901167,-0.28675603547765216,0.4118118176742913,-0.28374289623829363,-0.6147340299136782,1.6720387912136512,0.7067810747624405,-0.8362391051084183,0.8164942415182909,1.1098646741069362,0.3309484516618861,-0.6157315012618887,0.12136325237573763,-0.9323598043035529,0.24328601066092503
-2.387594166945245,-0.7563455179303371,-2.6048168251662225,-2.982743416143771,3.7171957826981576,0.9436895542256721,3.366396219189939,1.8865320075658516,-0.05914188758973714,-8.86464478442136,-2.920572463345891,-2.653240487306338,2.6838761611505326,3.827831674604914,-0.38853036243931477,3.3691928085318987,-1.6611859680568632,-2.6108624332258756,-0.4537861645779837,-0.5447156506372591,-4.126498208190671,2.67816945438955,3.2582793560951098,1.1152448257618606,4.05436079444216,4.842745961762036,-1.7691401826119473,-0.21490949946414425,1.803162490746235,-3.153347459896693,1.2579512075087953,-0.584187898902159,0.9279120175496346,2.669524554910266,-6.218776058814105,-0.8362391051084183,3.32938504031457,-2.740892912372317,-5.307239630352175,-1.8403293135383008,1.4771014338026625,0.9106856001202828,5.58483647845704,-1.4866662579464776
2.072502029586329,0.6264172054010234,2.452091409932691,2.6463284090024692,-3.4368973947987342,-1.0488232970690148,-3.1354448031619273,-1.7728913928746524,-0.15948320151140927,8.180410289289396,2.912020722664427,2.4457218714881592,-2.7205161161622793,-3.5932911070358564,0.27163582321634117,-2.7257387683687817,1.4730801835399827,2.5283458611510543,0.4381050496216596,0.6004213115631762,3.3798126562613273,-2.516268540138663,-3.096844811606036,-0.8897512986747294,-3.6349379087691234,-3.895052635193913,2.0636776368731864,0.6389020057945047,-1.576506612273273,2.7343095852312804,-1.1575986779301726,0.5873451455663183,-0.9256393268218149,-2.9333512825819,5.993338024031345,0.8164942415182909,-2.740892912372317,2.6224641677399023,4.0716034491210875,1.277837065944729,-1.276175404458228,-0.6389091615231406,-4.74785205714577,1.3618947283636746
4.002282942452998,1.0003147389055866,4.21244203320033,4.774950990462604,-5.6561297131072,-1.3430111944564134,-5.391701137224724,-2.791684798179033,0.13673514078106963,13.85155176273742,4.3288187558799764,4.160111206784228,-4.382214912841113,-5.975224861944284,0.07348408764701941,-5.375974591054859,2.898510620737171,3.8279918293892607,0.5381170415075361,0.7763140551942314,7.4780749609080805,-4.208682865875031,-4.865431032295106,-1.9137709755768995,-6.2230558567914755,-7.721115317206438,2.4102068408923976,-0.02839164148552685,-2.831896424431516,4.909477676945904,-1.5510779738624059,0.5728879992897123,-1.2835429541459846,-3.5621043725665125,9.759149700630365,1.1098646741069362,-5.307239630352175,4.0716034491210875,9.332100260170016,2.9474343576065025,-2.076083332251567,-1.4460175183843003,-9.113638604150294,2.4483667159537505
1.180717551315823,0.4943889910718905,1.2162914037048276,1.4628903937438635,-1.970803853879663,-0.379287239251635,-1.6176194814822293,-0.8508028146072976,0.18663102310501672,4.578232297494722,1.4004890326414383,1.2723957893783708,-1.1013904463893318,-1.806578749356971,0.5382856833086366,-2.01253948048924,0.7878432593107444,1.368689067518209,0.28876275763178966,0.21257975892345007,1.9029269223757173,-1.1811091779889007,-1.5863020600239206,-0.5159169679416523,-2.3061444911066693,-3.0786637201048386,0.47184320446739053,-0.1495890310612921,-0.9528925596122457,1.5949766497487996,-0.8684780736698338,0.2913737593375909,-0.41427924373325714,-1.1090328911111291,2.7535555617690854,0.3309484516618861,-1.8403293135383008,1.277837065944729,2.9474343576065025,1.3371907547774409,-0.89970098316845,-0.8194234070059058,-3.1199073030340663,0.7389076203360947
-0.8531815467195638,-0.31734679564948487,-1.199079832640166,-1.3171278848382915,1.5861466082078235,0.4256903165064028,1.5598478716762547,0.8340000050940346,-0.16355150979329122,-3.941574313059122,-1.1679554100332006,-1.1192994403000187,1.0530972355022494,1.8165645326577569,-0.4397587730876858,1.7270950975699388,-0.7446899691625962,-1.300547439092172,-0.2886907227223121,-0.06534506261815734,-1.3301970557254792,1.175141947495876,1.6325199889868418,0.2814491635112817,2.0980119440254135,2.3791442500671525,-0.8281550335449387,-0.35683894212813155,0.8299782547214167,-1.7278387007104408,0.7762818710428933,-0.45152580411706056,0.4372001120166761,1.251031970451617,-2.7228336371386344,-0.6157315012618887,1.4771014338026625,-1.276175404458228,-2.076083332251567,-0.89970098316845,0.9251411650014255,0.45021803552580836,2.335620226200156,-0.5881544415327529
-0.6406760314043547,-0.19726583044613352,-0.850789703240614,-0.686261438949425,1.393346833281046,0.3402560109291765,1.0895772934503605,0.18393564058573106,0.020332995545343718,-3.2338931058823954,-1.0680778165453395,-0.698127372398733,1.009037081642762,0.9974264973325684,-0.46699155145004384,1.1302964070279422,-0.5319536300583207,-1.062967471681911,-0.26629956300447694,-0.14586928862149084,-0.7445088882838375,0.4701121413536153,0.861663680778617,0.04658060350263373,1.7655282633477762,2.1660725213048524,-0.11084929122941649,-0.20269413510769724,0.5493413525507278,-0.5494225594028808,0.7029159617237929,0.036804691548669236,0.17610285129202155,0.8693126801236426,-1.6180829671939732,0.12136325237573763,0.9106856001202828,-0.6389091615231406,-1.4460175183843003,-0.8194234070059058,0.45021803552580836,0.9582519494675986,2.0995717353717884,-0.5279062313371476
-4.356623719410048,-1.2412957058209786,-4.840479033887431,-5.117935767329383,7.07073596987568,1.9341767644468228,6.195239670012593,3.0416983142571152,0.25990905955078314,-16.69380124502842,-5.785922907432806,-4.756640718693009,5.479037336711755,6.770597548302056,-0.5980951021192688,5.66500691368398,-3.046844546518742,-4.98333005618532,-0.8361387098800039,-1.207721732516638,-7.210963913273471,4.580786551721229,5.680308643356311,1.7852872289109236,7.528495054689579,8.756765469815143,-3.0943789534736044,-0.6347246050416497,3.1584419669509574,-4.851518417616364,2.327657263411211,-0.6517305474265415,1.5753389730851943,5.172226307911019,-11.326534764234713,-0.9323598043035529,5.58483647845704,-4.74785205714577,-9.113638604150294,-3.1199073030340663,2.335620226200156,2.0995717353717884,10.36314038589164,-2.8716466647199748
1.2434005954857064,0.3020715929690152,1.4218733750795849,1.4388935522519921,-2.0067663813178034,-0.6026707492809232,-1.800229170424755,-0.8581283760287539,-0.1570844418316643,4.777515944051695,1.711194483968509,1.3640622129994115,-1.6961868145143515,-1.9530169173195011,0.05199985234211025,-1.4793747524285474,0.8924651560588626,1.4304680783237764,0.22030956023263104,0.38035209776993073,2.0640667817710785,-1.3309797082823562,-1.6184700244880086,-0.49055930918482793,-2.0869913547022936,-2.3006554413636575,0.9967488042249895,0.29025855739990486,-0.870858848745723,1.3007957122079785,-0.5977657570019432,0.14623895267031778,-0.4528786296793396,-1.5719802552302313,3.344756706611362,0.24328601066092503,-1.4866662579464776,1.3618947283636746,2.4483667159537505,0.7389076203360947,-0.5881544415327529,-0.5279062313371476,-2.8716466647199748,0.839388056838727
