V1,V2,V3,V4,V5,V6,V7,V8,V9,V10,V11,V12,V13,V14,V15,V16,V17,V18,V19,V20,V21,V22,V23,V24,V25,V26,V27,V28,V29,V30,V31,V32,V33,V34,V35,V36,V37,V38,V39,V40,V41,V42,V43,V44
0.7770960117804312,0.33947128913165264,0.3685040518560163,0.6488845518368559,-0.9901249558987472,-0.20368670573570713,-0.508566882464085,-0.5523792108299905,-0.15333532550210327,1.8585077340353533,0.8933972712256225,0.6665868180113003,-0.5607144364575396,-0.6416093309321627,-0.11305522433122653,-0.3950926406037287,0.17639171268791268,0.39615202817133544,-0.018736956793783906,0.4368469613090283,1.4061217310065113,-0.6075791883906076,-0.49388059243883775,-0.5744326651758266,-0.3878906297327255,-0.6853991179548125,0.3735795244378385,-0.473832011999171,-0.3522005099462247,0.24424467782034454,-0.08514795324512829,0.009050496549355738,-0.21122277579198268,-0.5692831060562956,1.2971361215087378,-0.09347476387541154,-0.7339097643920429,0.5436522104959326,1.39957126896898,0.3469208316330503,-0.0574274899682126,-0.08874446826348192,-1.3462658433374803,0.38035636057354727
0.33947128913165264,0.6322109138099565,-0.2941610190615442,0.17672767783278884,-0.6969188426334593,-0.01782482870257578,0.16546043336565308,-0.525401158839989,-0.0013160293693964837,0.5722997230482754,0.6208795985236558,0.3222497736807882,0.33942608835871135,-0.018582766423153613,0.44154281414894564,-0.13928195775169597,-0.3980652778368684,0.18179218017752555,0.005775242433087378,0.4633981892517666,0.22853522044603736,-0.20436484717004988,-0.18089133747946587,-0.4173438110733877,0.12175926330789529,-0.24637805006852476,0.1259805789682356,-0.7335596852550224,-0.14983160772190177,-0.08195612461132863,-0.30155633438908563,0.28886406019453836,-0.22041133138701755,-0.42753087960828146,0.13886084457866843,0.01372332198859743,-0.4852965315429695,0.29005797484502105,0.3611151584391585,0.3994137713719452,-0.18705160234615553,-0.04102905224462726,-0.5308487529849126,0.02041818441925561
0.3685040518560163,-0.2941610190615442,1.002330968711949,0.6316015574807605,-0.5886273652964142,-0.3298034122121149,-1.130850207284399,-0.08707660599432664,-0.07527740921736376,2.185486001253486,0.49454956798156025,0.5014152778336284,-1.1795636579318214,-1.0733929471343742,-0.23366605474680519,-0.7047007735458849,0.7547747510668447,0.7005039525951331,0.136836574789094,-0.15351652838148727,0.7820480174741948,-0.5724725506230587,-0.7987168731236401,0.10673197083374301,-1.2717945978331342,-1.0414426492079207,0.53359157933139,0.8210432843193695,-0.36557861851794626,0.8071463581376098,-0.15498103692681495,-0.06647500192256417,-0.10890655490055949,-0.6498023311513805,1.7591476399614778,0.19423325052141582,-0.431641913675732,0.5632007684981768,0.8865371651819802,0.07519796793847056,-0.2338574258184445,-0.251680464736133,-1.092402741301522,0.41188719902176346
0.6488845518368559,0.17672767783278884,0.6316015574807605,0.8699642981968683,-0.8887366747655993,-0.2377287535521002,-0.7382837444416744,-0.584562815292679,-0.0021472737413173143,2.1247005555892753,0.6844206527305531,0.6746150521188412,-0.5965698811163798,-0.9890556246642572,0.03406375165011291,-0.801705685751194,0.37770703595519173,0.5346831280240882,0.10236891946706943,0.1414388980624277,1.2135498862480554,-0.740670367635838,-0.8270104580215203,-0.4442180546611946,-0.881053964074627,-1.16585383832871,0.4635022919433062,-0.11065787504789687,-0.45730690601569984,0.8670576708080494,-0.28131385842436535,0.1670666097428697,-0.22687515302998046,-0.53935255963089,1.5428856675814628,0.17503659094050292,-0.8551652328174456,0.7243762859443765,1.4949859029519952,0.47922217525405497,-0.35137913303487633,-0.10517865019318909,-1.3915926035766544,0.4143885349241212
-0.9901249558987472,-0.6969188426334593,-0.5886273652964142,-0.8887366747655993,1.9585505237142398,0.5415672656785928,0.86956995691437,0.9197688202297822,0.3419513230521684,-3.4906398450267364,-1.8656309054591904,-1.076587457458641,0.962911940603441,1.1103597200004085,-0.40302609359950237,0.593940133456612,-0.05754633976396681,-1.1063746343915672,-0.16957077441468568,-0.7899796335074014,-1.1072891597834509,0.8926455692844569,1.0677911307903345,0.5986071573417222,1.0541799301294557,1.2553251962630076,-0.8988140004618342,0.26000348007525065,0.5754491941424463,-0.2890114183991348,0.6737363266148151,-0.2722075019489102,0.4747077438136381,1.6668458172071978,-2.188820624027869,0.0675842881264831,1.0157650548796477,-1.0566986253392632,-1.1747485650982716,-0.5392456171318709,0.3498267174277361,0.3831037993573395,2.035000933468175,-0.5691829791374261
-0.20368670573570713,-0.01782482870257578,-0.3298034122121149,-0.2377287535521002,0.5415672656785928,0.3416023703201798,0.3446935420342363,0.22279159914926228,0.2954782600876726,-1.1668447171777587,-0.6575738464992977,-0.30850155549170205,0.606988058601206,0.4590547586475065,0.03570031156016376,-0.09487951386956861,-0.10284277497898643,-0.4099620523398119,-0.09246886274294579,-0.24188449192978895,-0.12524443452056552,0.3153586949889399,0.3979091643982247,0.06753120467100321,0.3594692979938276,0.04657231918266524,-0.5469562950835698,-0.34468260927403155,0.11971328041816018,-0.010171089580331492,0.16859280263168466,-0.017858444563049705,0.1457593385550572,0.7651823863465966,-0.9140869409192692,0.07211539442173343,0.016026913329887243,-0.36653924637748697,0.13455032569926526,0.16789848703633206,0.001126767066352962,0.0020794748486058115,0.3843386737745696,-0.23505301344331117
-0.508566882464085,0.16546043336565308,-1.130850207284399,-0.7382837444416744,0.86956995691437,0.3446935420342363,1.4209904726025229,0.18284052609809281,0.011699907946313377,-2.751837235090453,-0.7150425455864904,-0.6890677065500558,1.31736127326014,1.274537979721144,0.14888685416639028,0.9914925224098058,-0.8429448120719172,-0.9470137705711388,-0.13735221341272522,0.10679459868463544,-0.97331308929977,0.7081781428152827,0.9933573324949595,-0.13362459401934101,1.5561860985795977,1.345063998643432,-0.6462885118670213,-0.8719361116072916,0.4842485273020572,-0.9839478285921323,0.24180293546197176,-0.009896879552802313,0.19999244116964215,0.9129619594165334,-2.155367835704655,-0.3571636965853444,0.6994291844444889,-0.7159632823681711,-1.1614883145131842,-0.20601836088465264,0.3712783338997806,0.350298401602328,1.4412356033999114,-0.431959959384995
-0.5523792108299905,-0.525401158839989,-0.08707660599432664,-0.584562815292679,0.9197688202297822,0.22279159914926228,0.18284052609809281,0.8054981482423195,0.1274066474816906,-1.3547550868297586,-0.8801647720230261,-0.594880264024358,0.11085457620782475,0.5577116084301381,-0.2091171756899717,0.2305999029235386,0.1731035241664457,-0.35671964732123007,-0.040200348372663286,-0.49241726627866816,-0.7354706977867194,0.617528965698295,0.5924658276025655,0.5954338650084027,0.12930236628450573,0.31168478339309635,-0.6113086527020066,0.49636222333494245,0.2946989137773651,-0.3354368044813736,0.28538271090499173,-0.3506159638583551,0.3200489342944954,0.7629738672380882,-1.0191608674756238,-0.12551412211021942,0.6308291068265401,-0.6560259331540508,-0.6959897285842603,-0.28049008528153707,0.24160877287825885,-0.1743152653482715,0.8220478985241009,-0.2278719835675709
-0.15333532550210327,-0.0013160293693964837,-0.07527740921736376,-0.0021472737413173143,0.3419513230521684,0.2954782600876726,0.011699907946313377,0.1274066474816906,0.4356706554918483,-0.4723619834383334,-0.595839730531504,-0.15642805133404736,0.502084009657394,0.08637965500446833,0.24730064830126886,-0.6081977550763394,0.09426012854834928,-0.12238233340821321,0.007485953481740415,-0.37116976331924756,-0.08878008765431339,0.13523562229503244,0.033757546601127376,0.13871398013570413,-0.22774839434360516,-0.6200646467819388,-0.4811974568369575,-0.15573538201075773,-0.04915617602465694,0.5036822740805892,-0.0711780224611508,0.11485904244564987,0.07773795849894516,0.614726186196181,-0.5019373436698139,0.29710456661490614,-0.2892574084447168,-0.13684535012329926,0.4904951826546236,0.42856337857861065,-0.3022921760914239,-0.15129753701781348,-0.016538305998722608,-0.1663413413318168
1.8585077340353533,0.5722997230482754,2.185486001253486,2.1247005555892753,-3.4906398450267364,-1.1668447171777587,-2.751837235090453,-1.3547550868297586,-0.4723619834383334,7.907348475194777,3.136974363964021,2.160394302035454,-2.810983201994153,-3.0340736159364936,0.389480341500798,-2.036618271572452,1.1945370327074067,2.5188901299449546,0.47018392505760587,0.8043074773607991,2.586411911110629,-2.001182030889924,-2.6101294929725363,-0.6563684395204977,-3.417013995304943,-3.5343925443063093,1.7589057733800455,0.683539529671179,-1.3370446159099056,1.6688130656606266,-1.2475380603821515,0.2684353152380931,-0.7829185195853376,-3.03101788144188,5.296274090262059,0.1890548273083054,-2.111350441074069,2.211726432773737,3.080037719954088,1.0606213067882888,-0.9182622861180844,-1.0054661415366533,-4.475353099329585,1.3614066020832842
0.8933972712256225,0.6208795985236558,0.49454956798156025,0.6844206527305531,-1.8656309054591904,-0.6575738464992977,-0.7150425455864904,-0.8801647720230261,-0.595839730531504,3.136974363964021,2.0086959436167406,1.0042103086585146,-1.124086951126445,-0.9489419798600058,0.18279877102571407,0.003619168173827973,-0.0791456079062789,1.0297681730718442,0.11916549797530526,0.9473374199223685,0.856108485193312,-0.8283808738905859,-0.9105648038650724,-0.5500704784390961,-0.6381102680136461,-0.43109749664791513,1.1798140203138539,-0.04854304666114077,-0.42065249129275817,-0.15549311206023697,-0.5051483275956827,0.20032763530139286,-0.4827584093467467,-1.9321978468320802,2.174325087247727,-0.1922655493176642,-0.600114460940224,0.9841435845212774,0.4184683366747293,0.06626073996168626,-0.08340549980145578,-0.15146105345859062,-1.5443917215694825,0.536541518385849
0.6665868180113003,0.3222497736807882,0.5014152778336284,0.6746150521188412,-1.076587457458641,-0.30850155549170205,-0.6890677065500558,-0.594880264024358,-0.15642805133404736,2.160394302035454,1.0042103086585146,0.7179208394601161,-0.6834044521514359,-0.8444373462218917,0.047165734585678416,-0.49122527048604736,0.2198522115520178,0.6347804429566581,0.06645450957367838,0.38459489291790877,1.0300014160985165,-0.6860671354859544,-0.7372492971225464,-0.3982477222284405,-0.6824890058010784,-0.7534291581063548,0.6272055965591335,-0.07922080444773938,-0.39355019456884316,0.44854667536622167,-0.2638668994412605,0.1499485863151683,-0.29194520084897996,-0.9215305540343095,1.5775996792280012,0.09980883330400071,-0.7158492106943273,0.7033463068748197,1.0299968380311895,0.280958648727073,-0.222104547324465,-0.09272310367130251,-1.275391939512443,0.36934938448059274
-0.5607144364575396,0.33942608835871135,-1.1795636579318214,-0.5965698811163798,0.962911940603441,0.606988058601206,1.31736127326014,0.11085457620782475,0.502084009657394,-2.810983201994153,-1.124086951126445,-0.6834044521514359,1.8734064397163364,1.1766677628016093,0.5843207080721905,0.13896232303370137,-0.767092202889898,-0.8920398382381823,-0.09487622985745671,-0.1947803504889724,-0.9887767744426302,0.6860431285664649,0.8074925267351244,-0.06147550821722848,1.1391989058530871,0.4641188899858689,-1.007627974304958,-1.0989043213399035,0.328361361866972,-0.2523328555870388,0.007901337049227375,0.25664928723532343,0.1711258418358671,1.3068687185588108,-2.40740176000673,0.09504329038618475,0.16025986319247387,-0.6673753295183805,-0.476954100262424,0.3924770012849241,-0.11303844638252737,0.18617287095432286,1.1766288984067153,-0.5824040592367786
-0.6416093309321627,-0.018582766423153613,-1.0733929471343742,-0.9890556246642572,1.1103597200004085,0.4590547586475065,1.274537979721144,0.5577116084301381,0.08637965500446833,-3.0340736159364936,-0.9489419798600058,-0.8444373462218917,1.1766677628016093,1.4649103789350442,0.0013582356456992174,0.9914618152099953,-0.6953156981406641,-0.9637445534527629,-0.2020312311821873,-0.07324040387368719,-1.096257954208386,0.951351129005786,1.2279822054012877,0.18333707994162077,1.500855048053475,1.3954969876068717,-0.8603253621508161,-0.588104991619073,0.5646303273062929,-1.1631192470802412,0.4078246691948499,-0.18895785544900648,0.30569261460690794,1.0895205919298911,-2.343939055100619,-0.35386766910113454,0.8518736946156653,-0.9755579308312851,-1.3056282469638765,-0.3200861798476548,0.4849741072277011,0.1859479221727748,1.5940494139550785,-0.5321186555153364
-0.11305522433122653,0.44154281414894564,-0.23366605474680519,0.03406375165011291,-0.40302609359950237,0.03570031156016376,0.14888685416639028,-0.2091171756899717,0.24730064830126886,0.389480341500798,0.18279877102571407,0.047165734585678416,0.5843207080721905,0.0013582356456992174,0.9604503039856369,-0.5513057163585992,-0.3136641919830482,0.33457299830161014,0.20729367922410796,0.025892859436937345,-0.8077656060978563,0.07209582999934193,-0.27635297249667745,0.06067634046539355,-0.4971274224079233,-0.9050085251832223,-0.19236499734810983,-0.23489166499934136,-0.13913385280800689,0.27509623924608295,-0.7039231820594923,0.39591740290124844,-0.1425989107803771,-0.23448460460689524,-0.3384439929940819,0.18858323485932157,-0.3851430979673773,0.18642659332707762,-0.12493323676433389,0.643097216397591,-0.5303518855892942,-0.39201249082597833,-0.3096107372871067,-0.09696620883720182
-0.3950926406037287,-0.13928195775169597,-0.7047007735458849,-0.801705685751194,0.593940133456612,-0.09487951386956861,0.9914925224098058,0.2305999029235386,-0.6081977550763394,-2.036618271572452,0.003619168173827973,-0.49122527048604736,0.13896232303370137,0.9914618152099953,-0.5513057163585992,1.8741514563409662,-0.6762491655787702,-0.66860919984582,-0.20111566316520813,0.4227863187938664,-0.8369414996864304,0.502349750198023,0.9012789337089493,-0.007066644833267044,1.7034718237737019,2.462566753660272,0.2651707829030552,0.00255082675909873,0.5783967670229281,-1.5816298723023017,0.568783838221241,-0.2614699163665577,0.12201816054511234,-0.08295774516449997,-1.0280801324086348,-0.5824629359077871,1.2800918211223022,-0.5494720062695346,-2.087841586031473,-1.1657244619508293,0.8704527548570273,0.6354679361579483,1.677669670512517,-0.22519890338616663
0.17639171268791268,-0.3980652778368684,0.7547747510668447,0.37770703595519173,-0.05754633976396681,-0.10284277497898643,-0.8429448120719172,0.1731035241664457,0.09426012854834928,1.1945370327074067,-0.0791456079062789,0.2198522115520178,-0.767092202889898,-0.6953156981406641,-0.3136641919830482,-0.6762491655787702,0.7626223158923764,0.3426844646833135,0.06280318658064044,-0.34094312750008227,0.6956011963360389,-0.30940577632001626,-0.43165905868410637,0.2007728194499179,-0.9664294616245312,-0.8634927842713713,0.07013303265467782,0.6282041232242602,-0.22696226801280334,0.7227259266489146,0.061503339942371095,-0.19623057784358006,0.04055441586649762,-0.008634682011635425,0.9995692501377097,0.1821191762982756,-0.29145481867718176,0.20792341449737495,0.912351260100995,0.091932390050786,-0.14322463679481726,-0.2156159496356558,-0.7068642511357294,0.2461716655300806
0.39615202817133544,0.18179218017752555,0.7005039525951331,0.5346831280240882,-1.1063746343915672,-0.4099620523398119,-0.9470137705711388,-0.35671964732123007,-0.12238233340821321,2.5188901299449546,1.0297681730718442,0.6347804429566581,-0.8920398382381823,-0.9637445534527629,0.33457299830161014,-0.66860919984582,0.3426844646833135,0.9920623805120163,0.20555537449098665,0.19129345240087,0.24490065297618885,-0.5513082751450153,-0.9101668728947135,0.06665935115461473,-1.270516027735929,-1.092563756143093,0.6707808851779822,0.58016757061579,-0.3991989155884394,0.5491124375006419,-0.5580041657582457,0.19323961714471113,-0.2945628576701328,-1.2291404320003587,1.6691272997777844,0.22048393807236039,-0.5586888656072737,0.7165548548722702,0.41226605199903726,0.2582601799791666,-0.4138600651922604,-0.3845843313885523,-1.2021123740447346,0.33658406847338795
-0.018736956793783906,0.005775242433087378,0.136836574789094,0.10236891946706943,-0.16957077441468568,-0.09246886274294579,-0.13735221341272522,-0.040200348372663286,0.007485953481740415,0.47018392505760587,0.11916549797530526,0.06645450957367838,-0.09487622985745671,-0.2020312311821873,0.20729367922410796,-0.20111566316520813,0.06280318658064044,0.20555537449098665,0.11425115908440042,-0.03460154903953355,-0.19212581166752546,-0.072982081645465,-0.2236796916379511,0.05788000431072271,-0.37904122679029184,-0.38166129398665033,0.06849306570311069,0.17779875141743542,-0.08251420534595232,0.19862570797696763,-0.23140413241681895,0.07453290052987122,-0.0424952860307294,-0.1971548496972399,0.2084946622003827,0.0403117601671707,-0.08967306515944153,0.15015449616590706,-0.017158685599447495,0.12634745819955953,-0.16393859595750623,-0.14085131479515509,-0.20067229436222228,0.06662500976524507
0.4368469613090283,0.4633981892517666,-0.15351652838148727,0.1414388980624277,-0.7899796335074014,-0.24188449192978895,0.10679459868463544,-0.49241726627866816,-0.37116976331924756,0.8043074773607991,0.9473374199223685,0.38459489291790877,-0.1947803504889724,-0.07324040387368719,0.025892859436937345,0.4227863187938664,-0.34094312750008227,0.19129345240087,-0.03460154903953355,0.6771622690390158,0.42639366733239625,-0.27950513442319747,-0.11952578549158892,-0.47253052306481613,0.34151224259985435,0.37347271620452926,0.4640531477834565,-0.4912981381675447,-0.06948211574612388,-0.5136704863849483,-0.08041475710990331,0.0663698386156962,-0.21299245761374758,-0.767079446611919,0.5390688294271204,-0.2707502186171694,-0.13678474268179514,0.30514157788096646,0.00509215826740475,-0.07261867955519494,0.16733903468183456,0.11721944775587338,-0.42772388892903523,0.16935820677087574
1.4061217310065113,0.22853522044603736,0.7820480174741948,1.2135498862480554,-1.1072891597834509,-0.12524443452056552,-0.97331308929977,-0.7354706977867194,-0.08878008765431339,2.586411911110629,0.856108485193312,1.0300014160985165,-0.9887767744426302,-1.096257954208386,-0.8077656060978563,-0.8369414996864304,0.6956011963360389,0.24490065297618885,-0.19212581166752546,0.42639366733239625,3.311172874212115,-1.0701698805741993,-0.6182663928935044,-1.0717921053572685,-0.46887766787859664,-1.1216703788410904,0.315802749601058,-0.9369918518753035,-0.5791357187921292,0.7216419593220423,0.3891388919868674,-0.2528184764387419,-0.17307657120254322,-0.13123487751126772,2.116691516303932,-0.11876578351237821,-1.3175579539387876,0.6993044343278294,3.306247215384635,0.547385696054659,0.08446454107253609,0.05079991110480596,-2.268474279708763,0.6588137008221853
-0.6075791883906076,-0.20436484717004988,-0.5724725506230587,-0.740670367635838,0.8926455692844569,0.3153586949889399,0.7081781428152827,0.617528965698295,0.13523562229503244,-2.001182030889924,-0.8283808738905859,-0.6860671354859544,0.6860431285664649,0.951351129005786,0.07209582999934193,0.502349750198023,-0.30940577632001626,-0.5513082751450153,-0.072982081645465,-0.27950513442319747,-1.0701698805741993,0.7689546069147712,0.8058645796388689,0.4041213654544034,0.6669857231783024,0.6566041408051151,-0.7090055258307244,-0.033707139820998364,0.3888108516536681,-0.6662295359280874,0.18877067648003157,-0.17985785822977457,0.27490086294204436,0.8166839327228292,-1.6428038047277393,-0.19752746440983757,0.669839818387007,-0.7390223899481481,-1.0401626019123327,-0.19343650033553705,0.24738221166680407,-0.06681533489992249,1.1182093648768774,-0.37482696490088885
-0.49388059243883775,-0.18089133747946587,-0.7987168731236401,-0.8270104580215203,1.0677911307903345,0.3979091643982247,0.9933573324949595,0.5924658276025655,0.033757546601127376,-2.6101294929725363,-0.9105648038650724,-0.7372492971225464,0.8074925267351244,1.2279822054012877,-0.27635297249667745,0.9012789337089493,-0.43165905868410637,-0.9101668728947135,-0.2236796916379511,-0.11952578549158892,-0.6182663928935044,0.8058645796388689,1.1338307423365848,0.1523332273190559,1.315202792551221,1.2650845939234392,-0.7815725794667682,-0.4440985764648012,0.4994666285481848,-1.026748673035186,0.5430947872056631,-0.32587659553250126,0.33035071390001375,1.091270426767556,-1.9089826225301676,-0.38666436794211095,0.7891999092315386,-0.9125132874754435,-0.9000704250188102,-0.37791986691715784,0.5573576834186668,0.18684114102484128,1.3264338021278665,-0.4002871124144084
-0.5744326651758266,-0.4173438110733877,0.10673197083374301,-0.4442180546611946,0.5986071573417222,0.06753120467100321,-0.13362459401934101,0.5954338650084027,0.13871398013570413,-0.6563684395204977,-0.5500704784390961,-0.3982477222284405,-0.06147550821722848,0.18333707994162077,0.06067634046539355,-0.007066644833267044,0.2007728194499179,0.06665935115461473,0.05788000431072271,-0.47253052306481613,-1.0717921053572685,0.4041213654544034,0.1523332273190559,0.7491066586244359,-0.3140787798615105,0.11228375558665853,-0.17391899089810486,0.9089137863224314,0.17296007945738265,0.017106784737712113,-0.008516181662121616,-0.08023779276942146,0.14423664422410412,0.1406608677710175,-0.43396914306132167,0.20281286112239508,0.49103014056610367,-0.326725596177274,-1.0056400218395551,-0.28156046126545314,-0.0526871803518892,-0.1736847930776521,0.7151115593552944,-0.21985129177010032
-0.3878906297327255,0.12175926330789529,-1.2717945978331342,-0.881053964074627,1.0541799301294557,0.3594692979938276,1.5561860985795977,0.12930236628450573,-0.22774839434360516,-3.417013995304943,-0.6381102680136461,-0.6824890058010784,1.1391989058530871,1.500855048053475,-0.4971274224079233,1.7034718237737019,-0.9664294616245312,-1.270516027735929,-0.37904122679029184,0.34151224259985435,-0.46887766787859664,0.6669857231783024,1.315202792551221,-0.3140787798615105,2.4394715940143117,2.580874873406244,-0.30857693082839543,-0.9696235594622312,0.6497537663121291,-1.4832163625317474,0.8068553918909424,-0.1413284891483922,0.19807277568779075,0.8509103018049068,-2.0448505345162906,-0.43625877524483636,0.9970095737323426,-0.8399949891134394,-1.4238391484066626,-0.8019680078471307,0.8311544440985361,0.8565209209889265,1.941063549372709,-0.4936666928983558
-0.6853991179548125,-0.24637805006852476,-1.0414426492079207,-1.16585383832871,1.2553251962630076,0.04657231918266524,1.345063998643432,0.31168478339309635,-0.6200646467819388,-3.5343925443063093,-0.43109749664791513,-0.7534291581063548,0.4641188899858689,1.3954969876068717,-0.9050085251832223,2.462566753660272,-0.8634927842713713,-1.092563756143093,-0.38166129398665033,0.37347271620452926,-1.1216703788410904,0.6566041408051151,1.2650845939234392,0.11228375558665853,2.580874873406244,3.783033505255052,0.4360488044529068,0.12686942131166948,0.844428598135344,-1.8238274704205586,1.021606041606042,-0.2253178627416665,0.15024176355895968,0.10225909609251368,-1.5274011597316302,-0.3640241149645899,1.7335603950984948,-0.8140297634764847,-2.9254633466081628,-1.7551207906011956,1.115063442963008,1.2149183926549647,2.789454160430091,-0.52531734746756
0.3735795244378385,0.1259805789682356,0.53359157933139,0.4635022919433062,-0.8988140004618342,-0.5469562950835698,-0.6462885118670213,-0.6113086527020066,-0.4811974568369575,1.7589057733800455,1.1798140203138539,0.6272055965591335,-1.007627974304958,-0.8603253621508161,-0.19236499734810983,0.2651707829030552,0.07013303265467782,0.6707808851779822,0.06849306570311069,0.4640531477834565,0.315802749601058,-0.7090055258307244,-0.7815725794667682,-0.17391899089810486,-0.30857693082839543,0.4360488044529068,1.3530330227817058,0.6653064833797914,-0.2098370326848167,0.17061106113666483,-0.14443516639386464,0.25660336737116807,-0.3692638908806156,-1.5503918678055835,1.8593209853893802,0.2004940307993281,-0.08885717229640398,0.7818491212233337,-0.41262891563667586,-0.5081582617820389,-0.03225109414266374,0.3566333642790124,-0.36038522443031873,0.2920544417459616
-0.473832011999171,-0.7335596852550224,0.8210432843193695,-0.11065787504789687,0.26000348007525065,-0.34468260927403155,-0.8719361116072916,0.49636222333494245,-0.15573538201075773,0.683539529671179,-0.04854304666114077,-0.07922080444773938,-1.0989043213399035,-0.588104991619073,-0.23489166499934136,0.00255082675909873,0.6282041232242602,0.58016757061579,0.17779875141743542,-0.4912981381675447,-0.9369918518753035,-0.033707139820998364,-0.4440985764648012,0.9089137863224314,-0.9696235594622312,0.12686942131166948,0.6653064833797914,1.9278369245525206,0.02457086233005745,0.38412094898903054,-0.06265786412793527,-0.07908117878896362,0.006096738974210473,-0.7466465484008722,0.9881200933539569,0.34980534835603744,0.5652985729510424,0.1453126635280972,-1.2702901683680368,-0.7175059067296233,-0.07519154311032682,-0.06484430231757171,0.48324137586499694,0.044445686602312275
-0.3522005099462247,-0.14983160772190177,-0.36557861851794626,-0.45730690601569984,0.5754491941424463,0.11971328041816018,0.4842485273020572,0.2946989137773651,-0.04915617602465694,-1.3370446159099056,-0.42065249129275817,-0.39355019456884316,0.328361361866972,0.5646303273062929,-0.13913385280800689,0.5783967670229281,-0.22696226801280334,-0.3991989155884394,-0.08251420534595232,-0.06948211574612388,-0.5791357187921292,0.3888108516536681,0.4994666285481848,0.17296007945738265,0.6497537663121291,0.844428598135344,-0.2098370326848167,0.02457086233005745,0.28618741734709124,-0.5123700790710032,0.2431666397339454,-0.11786797890196618,0.1407384037047262,0.3641503305490954,-0.8712385600722679,-0.138300167898038,0.5507045607733263,-0.41431373029093677,-0.848323691401218,-0.36188430966696417,0.2716615313243121,0.1808103282115514,0.8824513680171309,-0.2145467288584653
0.24424467782034454,-0.08195612461132863,0.8071463581376098,0.8670576708080494,-0.2890114183991348,-0.010171089580331492,-0.9839478285921323,-0.3354368044813736,0.5036822740805892,1.6688130656606266,-0.15549311206023697,0.44854667536622167,-0.2523328555870388,-1.1631192470802412,0.27509623924608295,-1.5816298723023017,0.7227259266489146,0.5491124375006419,0.19862570797696763,-0.5136704863849483,0.7216419593220423,-0.6662295359280874,-1.026748673035186,0.017106784737712113,-1.4832163625317474,-1.8238274704205586,0.17061106113666483,0.38412094898903054,-0.5123700790710032,1.800114756503081,-0.40197449342701796,0.3582056965772827,-0.14832613853979107,-0.02388768468015532,1.2690801415245716,0.7650081735820283,-1.0127612408970394,0.662917038286264,1.6143109034842866,0.737938703387039,-0.8229422966107515,-0.18323373990304942,-1.1227489706607503,0.2114170387710054
-0.08514795324512829,-0.30155633438908563,-0.15498103692681495,-0.28131385842436535,0.6737363266148151,0.16859280263168466,0.24180293546197176,0.28538271090499173,-0.0711780224611508,-1.2475380603821515,-0.5051483275956827,-0.2638668994412605,0.007901337049227375,0.4078246691948499,-0.7039231820594923,0.568783838221241,0.061503339942371095,-0.5580041657582457,-0.23140413241681895,-0.08041475710990331,0.3891388919868674,0.18877067648003157,0.5430947872056631,-0.008516181662121616,0.8068553918909424,1.021606041606042,-0.14443516639386464,-0.06265786412793527,0.2431666397339454,-0.40197449342701796,0.6711394966766812,-0.3096878597467124,0.18407835472982614,0.5771109572113801,-0.4442949959292238,-0.13610339305221172,0.42477467273777486,-0.4124396312371327,-0.11241380276710194,-0.5043371588688488,0.47832431655165336,0.3819296702013285,0.6746382656170419,-0.1182681780789125
0.009050496549355738,0.28886406019453836,-0.06647500192256417,0.1670666097428697,-0.2722075019489102,-0.017858444563049705,-0.009896879552802313,-0.3506159638583551,0.11485904244564987,0.2684353152380931,0.20032763530139286,0.1499485863151683,0.25664928723532343,-0.18895785544900648,0.39591740290124844,-0.2614699163665577,-0.19623057784358006,0.19323961714471113,0.07453290052987122,0.0663698386156962,-0.2528184764387419,-0.17985785822977457,-0.32587659553250126,-0.08023779276942146,-0.1413284891483922,-0.2253178627416665,0.25660336737116807,-0.07908117878896362,-0.11786797890196618,0.3582056965772827,-0.3096878597467124,0.3819977130673146,-0.16996489796908829,-0.3318364186513121,0.19141276813779087,0.30747674625270927,-0.2836986146824256,0.2938134319252912,-0.06809897263454828,0.21246359567916662,-0.336860374726629,0.06505900631913042,-0.07656003398758411,-0.05458962693854643
-0.21122277579198268,-0.22041133138701755,-0.10890655490055949,-0.22687515302998046,0.4747077438136381,0.1457593385550572,0.19999244116964215,0.3200489342944954,0.07773795849894516,-0.7829185195853376,-0.4827584093467467,-0.29194520084897996,0.1711258418358671,0.30569261460690794,-0.1425989107803771,0.12201816054511234,0.04055441586649762,-0.2945628576701328,-0.0424952860307294,-0.21299245761374758,-0.17307657120254322,0.27490086294204436,0.33035071390001375,0.14423664422410412,0.19807277568779075,0.15024176355895968,-0.3692638908806156,0.006096738974210473,0.1407384037047262,-0.14832613853979107,0.18407835472982614,-0.16996489796908829,0.17443482098276175,0.5383828344065098,-0.5958225844306556,-0.11092426553380169,0.25674705001802783,-0.3293685191022592,-0.11993632128420262,-0.06952216282353935,0.1359231948734355,-0.026282209924501147,0.3624237659791758,-0.09280375869596195
-0.5692831060562956,-0.42753087960828146,-0.6498023311513805,-0.53935255963089,1.6668458172071978,0.7651823863465966,0.9129619594165334,0.7629738672380882,0.614726186196181,-3.03101788144188,-1.9321978468320802,-0.9215305540343095,1.3068687185588108,1.0895205919298911,-0.23448460460689524,-0.08295774516449997,-0.008634682011635425,-1.2291404320003587,-0.1971548496972399,-0.767079446611919,-0.13123487751126772,0.8166839327228292,1.091270426767556,0.1406608677710175,0.8509103018049068,0.10225909609251368,-1.5503918678055835,-0.7466465484008722,0.3641503305490954,-0.02388768468015532,0.5771109572113801,-0.3318364186513121,0.5383828344065098,2.3278929189240896,-2.386733331234154,-0.1145279119145819,0.32203826820610915,-1.0567064250018308,0.4891731139955319,0.29061750847055257,0.1910684113500645,0.028863822041303888,1.0122509448692056,-0.42398158352536325
1.2971361215087378,0.13886084457866843,1.7591476399614778,1.5428856675814628,-2.188820624027869,-0.9140869409192692,-2.155367835704655,-1.0191608674756238,-0.5019373436698139,5.296274090262059,2.174325087247727,1.5775996792280012,-2.40740176000673,-2.343939055100619,-0.3384439929940819,-1.0280801324086348,0.9995692501377097,1.6691272997777844,0.2084946622003827,0.5390688294271204,2.116691516303932,-1.6428038047277393,-1.9089826225301676,-0.43396914306132167,-2.0448505345162906,-1.5274011597316302,1.8593209853893802,0.9881200933539569,-0.8712385600722679,1.2690801415245716,-0.4442949959292238,0.19141276813779087,-0.5958225844306556,-2.386733331234154,4.335444542165457,0.36214171081623836,-1.223064394157434,1.6647276921078384,1.8004950135675248,0.09222907071481007,-0.4285980223344897,-0.1548174397794119,-2.622792216609216,0.9440472045051179
-0.09347476387541154,0.01372332198859743,0.19423325052141582,0.17503659094050292,0.0675842881264831,0.07211539442173343,-0.3571636965853444,-0.12551412211021942,0.29710456661490614,0.1890548273083054,-0.1922655493176642,0.09980883330400071,0.09504329038618475,-0.35386766910113454,0.18858323485932157,-0.5824629359077871,0.1821191762982756,0.22048393807236039,0.0403117601671707,-0.2707502186171694,-0.11876578351237821,-0.19752746440983757,-0.38666436794211095,0.20281286112239508,-0.43625877524483636,-0.3640241149645899,0.2004940307993281,0.34980534835603744,-0.138300167898038,0.7650081735820283,-0.13610339305221172,0.30747674625270927,-0.11092426553380169,-0.1145279119145819,0.36214171081623836,0.5944527237426394,-0.31494834979201786,0.2273147739810257,0.13886513333788364,0.14061772384853796,-0.40861764831957154,0.08266496955132085,0.002083376188325167,-0.11067938334922743
-0.7339097643920429,-0.4852965315429695,-0.431641913675732,-0.8551652328174456,1.0157650548796477,0.016026913329887243,0.6994291844444889,0.6308291068265401,-0.2892574084447168,-2.111350441074069,-0.600114460940224,-0.7158492106943273,0.16025986319247387,0.8518736946156653,-0.3851430979673773,1.2800918211223022,-0.29145481867718176,-0.5586888656072737,-0.08967306515944153,-0.13678474268179514,-1.3175579539387876,0.669839818387007,0.7891999092315386,0.49103014056610367,0.9970095737323426,1.7335603950984948,-0.08885717229640398,0.5652985729510424,0.5507045607733263,-1.0127612408970394,0.42477467273777486,-0.2836986146824256,0.25674705001802783,0.32203826820610915,-1.223064394157434,-0.31494834979201786,1.2898426487804286,-0.6856641070001972,-2.0483602893233743,-0.9680041161699053,0.5745115090359887,0.3422267150583244,1.738186006677764,-0.29750004067937735
0.5436522104959326,0.29005797484502105,0.5632007684981768,0.7243762859443765,-1.0566986253392632,-0.36653924637748697,-0.7159632823681711,-0.6560259331540508,-0.13684535012329926,2.211726432773737,0.9841435845212774,0.7033463068748197,-0.6673753295183805,-0.9755579308312851,0.18642659332707762,-0.5494720062695346,0.20792341449737495,0.7165548548722702,0.15015449616590706,0.30514157788096646,0.6993044343278294,-0.7390223899481481,-0.9125132874754435,-0.326725596177274,-0.8399949891134394,-0.8140297634764847,0.7818491212233337,0.1453126635280972,-0.41431373029093677,0.662917038286264,-0.4124396312371327,0.2938134319252912,-0.3293685191022592,-1.0567064250018308,1.6647276921078384,0.2273147739810257,-0.6856641070001972,0.824851651774645,0.7609246058077863,0.26437177014035246,-0.36719971520121425,-0.05245893126420932,-1.145397358896095,0.36062740246978786
1.39957126896898,0.3611151584391585,0.8865371651819802,1.4949859029519952,-1.1747485650982716,0.13455032569926526,-1.1614883145131842,-0.6959897285842603,0.4904951826546236,3.080037719954088,0.4184683366747293,1.0299968380311895,-0.476954100262424,-1.3056282469638765,-0.12493323676433389,-2.087841586031473,0.912351260100995,0.41226605199903726,-0.017158685599447495,0.00509215826740475,3.306247215384635,-1.0401626019123327,-0.9000704250188102,-1.0056400218395551,-1.4238391484066626,-2.9254633466081628,-0.41262891563667586,-1.2702901683680368,-0.848323691401218,1.6143109034842866,-0.11241380276710194,-0.06809897263454828,-0.11993632128420262,0.4891731139955319,1.8004950135675248,0.13886513333788364,-2.0483602893233743,0.7609246058077863,4.506615054845602,1.5798069762685034,-0.550679400642336,-0.5476227370763234,-3.0894525074742285,0.6592716900723451
0.3469208316330503,0.3994137713719452,0.07519796793847056,0.47922217525405497,-0.5392456171318709,0.16789848703633206,-0.20601836088465264,-0.28049008528153707,0.42856337857861065,1.0606213067882888,0.06626073996168626,0.280958648727073,0.3924770012849241,-0.3200861798476548,0.643097216397591,-1.1657244619508293,0.091932390050786,0.2582601799791666,0.12634745819955953,-0.07261867955519494,0.547385696054659,-0.19343650033553705,-0.37791986691715784,-0.28156046126545314,-0.8019680078471307,-1.7551207906011956,-0.5081582617820389,-0.7175059067296233,-0.36188430966696417,0.737938703387039,-0.5043371588688488,0.21246359567916662,-0.06952216282353935,0.29061750847055257,0.09222907071481007,0.14061772384853796,-0.9680041161699053,0.26437177014035246,1.5798069762685034,1.093575138783056,-0.5599344459041047,-0.5337182109082176,-1.2460622520251072,0.12192501629648364
-0.0574274899682126,-0.18705160234615553,-0.2338574258184445,-0.35137913303487633,0.3498267174277361,0.001126767066352962,0.3712783338997806,0.24160877287825885,-0.3022921760914239,-0.9182622861180844,-0.08340549980145578,-0.222104547324465,-0.11303844638252737,0.4849741072277011,-0.5303518855892942,0.8704527548570273,-0.14322463679481726,-0.4138600651922604,-0.16393859595750623,0.16733903468183456,0.08446454107253609,0.24738221166680407,0.5573576834186668,-0.0526871803518892,0.8311544440985361,1.115063442963008,-0.03225109414266374,-0.07519154311032682,0.2716615313243121,-0.8229422966107515,0.47832431655165336,-0.336860374726629,0.1359231948734355,0.1910684113500645,-0.4285980223344897,-0.40861764831957154,0.5745115090359887,-0.36719971520121425,-0.550679400642336,-0.5599344459041047,0.5753191136566734,0.2521718554569652,0.6030103923447698,-0.041479735907726634
-0.08874446826348192,-0.04102905224462726,-0.251680464736133,-0.10517865019318909,0.3831037993573395,0.0020794748486058115,0.350298401602328,-0.1743152653482715,-0.15129753701781348,-1.0054661415366533,-0.15146105345859062,-0.09272310367130251,0.18617287095432286,0.1859479221727748,-0.39201249082597833,0.6354679361579483,-0.2156159496356558,-0.3845843313885523,-0.14085131479515509,0.11721944775587338,0.05079991110480596,-0.06681533489992249,0.18684114102484128,-0.1736847930776521,0.8565209209889265,1.2149183926549647,0.3566333642790124,-0.06484430231757171,0.1808103282115514,-0.18323373990304942,0.3819296702013285,0.06505900631913042,-0.026282209924501147,0.028863822041303888,-0.1548174397794119,0.08266496955132085,0.3422267150583244,-0.05245893126420932,-0.5476227370763234,-0.5337182109082176,0.2521718554569652,0.6506176422666748,0.807881063523255,-0.125335128583907
-1.3462658433374803,-0.5308487529849126,-1.092402741301522,-1.3915926035766544,2.035000933468175,0.3843386737745696,1.4412356033999114,0.8220478985241009,-0.016538305998722608,-4.475353099329585,-1.5443917215694825,-1.275391939512443,1.1766288984067153,1.5940494139550785,-0.3096107372871067,1.677669670512517,-0.7068642511357294,-1.2021123740447346,-0.20067229436222228,-0.42772388892903523,-2.268474279708763,1.1182093648768774,1.3264338021278665,0.7151115593552944,1.941063549372709,2.789454160430091,-0.36038522443031873,0.48324137586499694,0.8824513680171309,-1.1227489706607503,0.6746382656170419,-0.07656003398758411,0.3624237659791758,1.0122509448692056,-2.622792216609216,0.002083376188325167,1.738186006677764,-1.145397358896095,-3.0894525074742285,-1.2460622520251072,0.6030103923447698,0.807881063523255,3.2038116247731594,-0.8059100825531711
0.38035636057354727,0.02041818441925561,0.41188719902176346,0.4143885349241212,-0.5691829791374261,-0.23505301344331117,-0.431959959384995,-0.2278719835675709,-0.1663413413318168,1.3614066020832842,0.536541518385849,0.36934938448059274,-0.5824040592367786,-0.5321186555153364,-0.09696620883720182,-0.22519890338616663,0.2461716655300806,0.33658406847338795,0.06662500976524507,0.16935820677087574,0.6588137008221853,-0.37482696490088885,-0.4002871124144084,-0.21985129177010032,-0.4936666928983558,-0.52531734746756,0.2920544417459616,0.044445686602312275,-0.2145467288584653,0.2114170387710054,-0.1182681780789125,-0.05458962693854643,-0.09280375869596195,-0.42398158352536325,0.9440472045051179,-0.11067938334922743,-0.29750004067937735,0.36062740246978786,0.6592716900723451,0.12192501629648364,-0.041479735907726634,-0.125335128583907,-0.8059100825531711,0.31312006578008494
