V1,V2,V3,V4,V5,V6,V7,V8,V9,V10,V11,V12,V13,V14,V15,V16,V17,V18,V19,V20,V21,V22,V23,V24,V25,V26,V27,V28,V29,V30,V31,V32,V33,V34,V35,V36,V37,V38,V39,V40,V41,V42,V43,V44
2.052859172951062,-1.4018285841883997,-2.0957569312467292,1.2992761058700408,-0.5988564879955789,0.9070149327254702,-0.9673045102009922,1.2361233961838367,-0.48472427087130354,0.6108049338545344,-0.8445678987464235,-1.1920051254808255,-2.5618372381936108,-1.4884105978966717,-0.034016240261768395,-1.6357006045040747,1.364597408975834,-2.4566270463777764,2.3620888493048125e-4,1.0647933415471624,1.9022192082375917,-0.9986245755628343,1.0650615286256004,1.1615734953213281,0.30750583961738254,-1.3413208027621688,0.31916638770278233,-2.2150254162124634,-1.4352002584518728,-1.7878080387026545,-1.4722458395062998,0.5027608389948938,0.8381153192222254,-0.5145181139219812,-0.7690451886889961,-0.9040222521104949,1.1308848051546794,0.10481964115686067,0.496364625187351,0.7393160020532183,-1.2079557024838754,1.5638129282925175,0.023081664840936354,1.0847655193443335
-1.4018285841883997,1.7476586886647352,2.4204535351417533,-1.4683328490284344,0.9043350682507382,-0.4857220661828406,1.0839764341426146,-1.008062593717275,0.6293025802660999,-0.21688710354532417,1.105702714648671,1.4395477598858646,2.4085622037216505,2.0104054901817325,-0.14104924898184154,2.003970406914986,-1.9910810471593525,3.0211420698096343,-0.7072037995507566,-1.5238432217242854,-2.4042039234414374,1.5837145019582515,-0.6330662239195173,-1.4809750598460065,-0.4258112496594331,1.1826726810091062,-0.6191064930633952,1.9913646697595604,1.7893679946458665,1.9871853864374227,1.5308531700393206,-0.23202310143990088,-1.0637343124740979,0.1016783857383977,1.6090732301532342,0.841424521909456,-1.5190382821033661,-0.05568311769107146,-0.7036372458786923,-0.8714300705906791,1.1983624222449802,-1.0699673071292999,-0.15463647123467694,-1.359890120951616
-2.0957569312467292,2.4204535351417533,3.845597195776799,-2.3049533763713335,1.4628162365554442,-0.6155315822606116,1.3363702736115692,-1.711115269861337,0.9457807435331134,-0.13135434322117298,1.7608084535938766,2.1540978880510697,3.4510053103178513,2.8443863000898326,-0.20434667349313737,3.0113600982453517,-2.9139980383705772,4.544159519080912,-0.9044388608490738,-2.352761831343259,-3.604297177884523,2.609050755290727,-0.7269827577069068,-2.169013598426264,-0.4285943905904361,1.66434189007919,-0.7160099842144825,2.7891621781558635,2.8569781577154547,2.92440256532214,2.2483339927375914,-0.22411697459259913,-1.5322433140793161,0.11557027600222523,2.472907456126816,1.209258023813851,-2.2125028559305937,-0.16253418938311642,-1.1864699711342843,-1.3016282757113338,1.6920292613520895,-1.6437798533855128,-0.09095944728492925,-2.08078616230767
1.2992761058700408,-1.4683328490284344,-2.3049533763713335,2.086924976498811,-1.143944807927865,0.6019347772756334,-0.6841720827763852,1.1831960722571584,-0.2108351521376868,0.21993606275343508,-1.346149071669481,-1.2457663195231132,-1.992591207899794,-1.8300186928146678,0.04555875241755368,-1.9404105458271466,1.7826241977986514,-3.093639751366881,0.7569498893960501,1.5239863684571637,2.271443211993084,-1.5141265162561095,0.4147835365480954,1.7722118113011107,0.11027238036053762,-1.3649952754760768,0.9159847806987652,-1.5945893797852215,-1.9582381625241005,-1.9068520385454992,-1.4311832394745279,-0.07966331921887736,1.108539648622462,-0.02030304073954087,-1.1147329441269886,-0.8266036602918603,1.6533665456562456,-0.11710518119519851,1.004630427880668,0.6613789105561758,-0.9531494833686855,0.8229274971689476,-0.1135567752167231,1.4530619631566848
-0.5988564879955789,0.9043350682507382,1.4628162365554442,-1.143944807927865,0.9787861017566167,-0.11875681084208212,0.3170051756353602,-0.5790668900761811,0.2919399031730596,0.12403111619590425,0.9119970689175869,1.1488420833596278,0.6954558326054835,1.2044524161516539,-0.07406035661142442,1.0966690283857805,-0.9843100457488565,1.514139706514952,-0.5846779164375476,-1.016126522147623,-1.1043526909156574,1.123273474498957,0.30605270132077655,-0.8564244616154157,-0.008061074282416283,0.5502304006543175,-0.36612963177709384,0.5767197432366357,1.2117505276454303,0.9144402790532339,0.7790598841102045,0.2347586163322068,-0.7905134632825849,-0.17493509754777503,0.6454015669533513,0.4388956675028523,-1.0356466420455865,-0.003009087487841489,-0.6699134654668472,-0.3086327511070835,0.49183953305352685,-0.11006250306396545,0.16437044499025072,-0.9450009373744412
0.9070149327254702,-0.4857220661828406,-0.6155315822606116,0.6019347772756334,-0.11875681084208212,1.0757377106610158,-0.6019465782579723,0.06760091446696176,0.12924732140920903,0.6551435683303048,-0.07170021328205782,0.06361549172442695,-0.8167833865994516,-0.8264549342849292,-0.36401221975370335,-0.6139722535868928,0.2003992183529027,-1.1425997878187764,-0.022700270134436144,0.3270649745021936,0.6982018874825991,-0.003920520046764762,0.43043171459573665,0.6034933207341187,0.38219757201056437,-0.7196512722862141,0.16339784287042192,-1.1175072841673397,-0.6034194535659044,-0.8130832492289802,-0.7514082207599385,0.1790133951701295,0.33125404887479065,-0.06643500617578098,0.3526970361248882,-0.1951371622176665,0.7736049662161358,0.07375236071838003,0.3954894742298794,0.11255531786855162,-0.7425231108192897,0.3000823130182894,0.15671725306317885,0.4293167461826362
-0.9673045102009922,1.0839764341426146,1.3363702736115692,-0.6841720827763852,0.3170051756353602,-0.6019465782579723,1.013361646401061,-0.4384810183023723,0.3295686355311867,-0.35414163970568596,0.4521791515132741,0.6449837459570393,1.610875305974692,1.3105466419472247,0.03411139214981059,1.2164924048213803,-1.1383872552286218,1.8923154072351323,-0.3081894943979199,-0.7813302192315156,-1.4634860510576606,0.651750150960813,-0.5822134591383692,-0.9283003330543153,-0.5086252755087319,0.7851109862033193,-0.4131420915030168,1.496405900031625,0.9291125104449943,1.240796513089367,0.9547548386083782,-0.3576892515957913,-0.6109369639529602,0.1293111104072577,0.8476833999529048,0.5414922292183411,-0.8248647181274839,-0.0457899935692039,-0.3118686255454429,-0.5445206215130174,0.931031649793626,-0.7260948296380232,-0.30017039756946695,-0.7439215472725909
1.2361233961838367,-1.008062593717275,-1.711115269861337,1.1831960722571584,-0.5790668900761811,0.06760091446696176,-0.4384810183023723,1.43026098048444,-0.38146020769747596,0.06213762117411884,-0.9459634225328167,-1.1347257987884913,-2.0484131626676514,-0.866564054384178,0.27160052558088693,-1.3249953386000866,1.402422658781521,-1.974124657198364,0.10773049788212764,0.9036171654928555,1.6230561525519045,-1.1409449128634994,0.8070903502144087,1.0518861774280313,-0.08775536591373528,-0.9466494820757442,0.47832894834075423,-1.321781670107232,-1.1264047760185723,-1.3371671511185512,-0.9027303651128389,0.2611036125998926,0.5832881922586003,-0.4723270922143002,-1.212433373411564,-0.8684184117783565,0.585677971948342,-0.0734203290638624,0.3211852557724388,0.6930330055939238,-0.5934837735774638,1.3664003208163966,-0.13236607705966538,0.8611422161168029
-0.48472427087130354,0.6293025802660999,0.9457807435331134,-0.2108351521376868,0.2919399031730596,0.12924732140920903,0.3295686355311867,-0.38146020769747596,0.5897595964023077,0.12089903120717105,0.361386486469543,0.7408799938229188,0.9275723992028624,0.6665352168197591,-0.20682332348920734,0.70571499067307,-0.8065711862056555,0.8355895653378259,-0.1784308997492685,-0.5407199242005158,-0.7482379034376364,0.699785274586831,-0.22672251979478777,-0.23631256412713436,-0.14139862976023523,0.19137726024684643,0.06549506886618611,0.6843390345437487,0.5252670302894922,0.5750980235533214,0.43052525807785064,-0.2121190766353634,-0.3745343923725113,0.08504218572098332,0.8763096986727779,0.26558341260671026,-0.34794021709537176,-0.182136940651727,-0.07059715972209296,-0.437515921907935,0.3744266458993084,-0.5402752265243087,-0.07885422746918813,-0.43656792545888906
0.6108049338545344,-0.21688710354532417,-0.13135434322117298,0.21993606275343508,0.12403111619590425,0.6551435683303048,-0.35414163970568596,0.06213762117411884,0.12089903120717105,0.56107064390512,0.10020962430605085,0.1680813946350626,-0.652485021381203,-0.29124745116299633,-0.2382386511768793,-0.21533319030534365,0.08239536351781224,-0.5245714307924535,-0.14724119964208984,0.007143069082857595,0.446302847784852,0.23178049922183566,0.6054692443610024,0.285224527705782,0.21263678667194416,-0.5009329101509267,0.14018928490062865,-0.7375550693608066,-0.15308170669230456,-0.461042000230168,-0.4398423524636207,0.20042614373082754,0.0041405412791053866,-0.16546674116210103,0.25895273701050486,-0.13144374733722733,0.2943562529134962,-0.008745527059289352,0.1065621209760472,0.05277896502034896,-0.43496918986979277,0.36561223108315755,0.10836688565497857,0.05203798159192357
-0.8445678987464235,1.105702714648671,1.7608084535938766,-1.346149071669481,0.9119970689175869,-0.07170021328205782,0.4521791515132741,-0.9459634225328167,0.361386486469543,0.10020962430605085,1.1012753617637785,1.2209286338993774,1.3470471621828042,1.2782563110751164,-0.2124655285785238,1.4052133778840858,-1.3601211916726335,2.032857729166652,-0.5804781795363257,-1.1330150794252514,-1.5112788736355542,1.2955563157475951,-0.10460568866664954,-1.1372552908697566,-0.023105116427800197,0.7784473903263575,-0.5788005106081631,0.9806055857093285,1.3500384535856116,1.2299598769854625,0.884776698918933,0.035764144454220666,-0.8868872038584181,0.04753644300611951,1.066056786769361,0.6559159067554599,-1.0157022220724337,0.07722670339627963,-0.6012037871154271,-0.5340944891915866,0.5654497485900082,-0.6281654977515968,0.13641880531446063,-1.0819161342245882
-1.1920051254808255,1.4395477598858646,2.1540978880510697,-1.2457663195231132,1.1488420833596278,0.06361549172442695,0.6449837459570393,-1.1347257987884913,0.7408799938229188,0.1680813946350626,1.2209286338993774,1.9416117200104863,1.6528134251546802,1.526005966036808,-0.3125038625835627,1.5630735209146005,-1.6008473154226246,1.9676610173419562,-0.5658934761957893,-1.3274856403652477,-1.6052727650289156,1.5628306597757404,-0.06130785463833933,-0.9927385526997963,-0.0511062581407915,0.7831823436589967,-0.38819150659968044,1.166439577326757,1.4645181079412144,1.3315973162628039,1.1008125320119009,-0.05442064157111644,-1.03435556972641,0.11086441714739971,1.3098405191154074,0.8518080603667406,-1.060557152921851,-0.05586165348072289,-0.546638603357919,-0.6735176811170557,0.7520289638435191,-0.8146344961841314,0.1635622625426357,-1.2137193778555606
-2.5618372381936108,2.4085622037216505,3.4510053103178513,-1.992591207899794,0.6954558326054835,-0.8167833865994516,1.610875305974692,-2.0484131626676514,0.9275723992028624,-0.652485021381203,1.3470471621828042,1.6528134251546802,4.753939060653964,2.419391373201948,-0.24542649044392562,2.952544339201235,-3.1323994464026503,4.68103918619858,-0.4213847391003534,-1.9262942408446855,-3.914505436716521,2.0102495056214327,-2.201910190964812,-2.196087752646106,-0.56073911418027,2.08925894608221,-0.8732264378813046,3.619206672705238,2.359252785991148,3.222353678700991,2.2996887707807945,-0.8472484057617097,-1.1119311736043473,0.7342059438988721,2.7087692288985386,1.4329322245107794,-1.7123577968509458,-0.08345016683583728,-0.6670326175096276,-1.5965268044308296,1.847406991151867,-2.7300390818245526,-0.3633749321781387,-1.650315360789654
-1.4884105978966717,2.0104054901817325,2.8443863000898326,-1.8300186928146678,1.2044524161516539,-0.8264549342849292,1.3105466419472247,-0.866564054384178,0.6665352168197591,-0.29124745116299633,1.2782563110751164,1.526005966036808,2.419391373201948,2.687998571217701,-0.0028464492190970023,2.431752560261863,-2.226828450359364,3.7051801478157227,-0.9897841404539445,-1.8701861536556394,-2.8071562762229765,1.8781196267702898,-0.4226641409984617,-1.8476263541180895,-0.6286652750560733,1.342672594427766,-0.7161852509186544,2.268743510757484,2.246720077173021,2.337738751354851,1.8305235867981169,-0.127243329346282,-1.3821508621358256,-0.12298339961614908,1.6408153965286096,0.8201265401376913,-2.0699311075567275,-0.12718195973766835,-1.0569442385323353,-0.9070847633188586,1.5137685063882913,-0.8200057558450413,-0.23283525506956498,-1.7174080119947668
-0.034016240261768395,-0.14104924898184154,-0.20434667349313737,0.04555875241755368,-0.07406035661142442,-0.36401221975370335,0.03411139214981059,0.27160052558088693,-0.20682332348920734,-0.2382386511768793,-0.2124655285785238,-0.3125038625835627,-0.24542649044392562,-0.0028464492190970023,0.2665653314526344,-0.15566619438818882,0.3044675690718877,-0.08249952153054227,0.11076665154117198,0.11435211173426103,0.07640238221959961,-0.2852095335097092,0.05362379786572839,0.04607309480949719,-0.07676178337221977,0.04566028733090915,0.08259048134914677,0.011964362294504156,-0.024028995277768896,-0.043608841045502396,0.08120176894924773,0.06890857100177732,0.1279401499680285,-0.10823697156647054,-0.45319930392253027,-0.15133831332778128,-0.1167783621860628,-0.018752812736684023,-0.13526268833363772,0.168323362269719,0.11846768512798031,0.2317733782058344,-0.042189377291263506,0.1193801194031733
-1.6357006045040747,2.003970406914986,3.0113600982453517,-1.9404105458271466,1.0966690283857805,-0.6139722535868928,1.2164924048213803,-1.3249953386000866,0.70571499067307,-0.21533319030534365,1.4052133778840858,1.5630735209146005,2.952544339201235,2.431752560261863,-0.15566619438818882,2.5847561492187965,-2.473764864375555,3.923305641490665,-0.8220140135705903,-1.8849099355231853,-3.018453766602674,1.9971882194426342,-0.8186042810270222,-1.952825418471083,-0.47808560960948837,1.4806531648794328,-0.7933561622048552,2.4362448132098553,2.2647651155771524,2.4921048770017986,1.7997063729321359,-0.28093462412391657,-1.3026957099042957,0.12220504814608286,2.0482414140457563,0.9965409960408982,-1.8497343977434417,-0.09099477996484195,-0.9478865926591173,-1.1088250750310173,1.4331598850208678,-1.3703602521700016,-0.1838625021959801,-1.7052552551862272
1.364597408975834,-1.9910810471593525,-2.9139980383705772,1.7826241977986514,-0.9843100457488565,0.2003992183529027,-1.1383872552286218,1.402422658781521,-0.8065711862056555,0.08239536351781224,-1.3601211916726335,-1.6008473154226246,-3.1323994464026503,-2.226828450359364,0.3044675690718877,-2.473764864375555,2.8106028333002824,-3.869432825756167,0.9056208410772489,1.8511671359454986,3.2996473174332417,-2.0561604961717976,1.0454863217533352,1.9073232005978689,0.3634884300309113,-1.3912174260084063,0.9097136358396203,-2.25325292196531,-2.1444903785554583,-2.4491317534737833,-1.7334564182612473,0.25483818655328333,1.0504215713135852,-0.12311520260489063,-2.5893071679535793,-1.0188987072219744,1.609928294973954,0.015458420690319722,0.7977731003436029,1.207045941138371,-1.2990584243829497,1.489100852266808,0.23182860516669143,1.5108220762837123
-2.4566270463777764,3.0211420698096343,4.544159519080912,-3.093639751366881,1.514139706514952,-1.1425997878187764,1.8923154072351323,-1.974124657198364,0.8355895653378259,-0.5245714307924535,2.032857729166652,1.9676610173419562,4.68103918619858,3.7051801478157227,-0.08249952153054227,3.923305641490665,-3.869432825756167,6.3898408689395785,-1.2742301383618349,-2.8733908394592125,-5.0554436124776085,2.9591253533496307,-1.4875860340734302,-3.2028766174151886,-0.7503537161747772,2.415889402068588,-1.3791204627502378,3.8634541471262023,3.5784610068576126,3.9988393432795313,2.912523326827966,-0.3624384424578856,-1.776874529773244,0.13105467154273762,3.174430785151306,1.45307320200643,-2.938579642645236,-0.017505371051368387,-1.5700017736203282,-1.6628357245834524,2.2770696130597416,-2.1073758526899367,-0.36435354058783614,-2.513451045791003
2.3620888493048125e-4,-0.7072037995507566,-0.9044388608490738,0.7569498893960501,-0.5846779164375476,-0.022700270134436144,-0.3081894943979199,0.10773049788212764,-0.1784308997492685,-0.14724119964208984,-0.5804781795363257,-0.5658934761957893,-0.4213847391003534,-0.9897841404539445,0.11076665154117198,-0.8220140135705903,0.9056208410772489,-1.2742301383618349,0.7638535947121925,0.7818564077376849,0.9743817085855286,-0.8242758344569954,-0.22293397223740694,0.7327356426111958,0.15843277932374045,-0.3100224661673327,0.47391371951299066,-0.352315291938323,-0.846647753552511,-0.7093069725643381,-0.5131665355599673,-0.2097972163766828,0.5596702626190755,0.3096228706410694,-0.7680535512651134,-0.1633095905840582,0.8404663065784153,-0.054805226331699826,0.45693160835106506,0.2489334779538228,-0.30014257590083976,-0.16793586884943987,0.04516560155978898,0.6570169639166514
1.0647933415471624,-1.5238432217242854,-2.352761831343259,1.5239863684571637,-1.016126522147623,0.3270649745021936,-0.7813302192315156,0.9036171654928555,-0.5407199242005158,0.007143069082857595,-1.1330150794252514,-1.3274856403652477,-1.9262942408446855,-1.8701861536556394,0.11435211173426103,-1.8849099355231853,1.8511671359454986,-2.8733908394592125,0.7818564077376849,1.5680956110799231,2.247056844323549,-1.6781097179413824,0.23805057208235947,1.4107946453582372,0.2713059182203368,-0.9940299330505906,0.5257185382973512,-1.5739352366513062,-1.862349742948905,-1.8051677503416343,-1.39414626810887,0.0012081983221255348,1.007574970564808,0.10926541516571606,-1.549044685522287,-0.6482850908577857,1.540811415064405,0.0754397727614297,0.8540673384506071,0.7666725003499217,-0.9937924236412901,0.7259676855084128,0.06126777033268671,1.3354467502631882
1.9022192082375917,-2.4042039234414374,-3.604297177884523,2.271443211993084,-1.1043526909156574,0.6982018874825991,-1.4634860510576606,1.6230561525519045,-0.7482379034376364,0.446302847784852,-1.5112788736355542,-1.6052727650289156,-3.914505436716521,-2.8071562762229765,0.07640238221959961,-3.018453766602674,3.2996473174332417,-5.0554436124776085,0.9743817085855286,2.247056844323549,4.417026314720606,-2.4196903228650806,1.4462142418230857,2.454407906974594,0.5256189432763612,-1.8889985615235485,1.0782141226683077,-3.0358074007505853,-2.7988362733440364,-3.235693478658489,-2.4294559179799027,0.2485075291172828,1.1017342747609606,-0.09958839518959788,-2.9175899079326446,-1.1534177676186095,2.203182838726561,-8.791011663540055e-4,1.1903885292732506,1.3577658079385142,-1.8411073686089918,1.825969888614425,0.30228639123638223,1.7926405043020073
-0.9986245755628343,1.5837145019582515,2.609050755290727,-1.5141265162561095,1.123273474498957,-0.003920520046764762,0.651750150960813,-1.1409449128634994,0.699785274586831,0.23178049922183566,1.2955563157475951,1.5628306597757404,2.0102495056214327,1.8781196267702898,-0.2852095335097092,1.9971882194426342,-2.0561604961717976,2.9591253533496307,-0.8242758344569954,-1.6781097179413824,-2.4196903228650806,2.1222181663723045,-0.19197200265882625,-1.408113549408561,-0.16761010469182078,0.8665823915712274,-0.44415687602790993,1.4873879124967417,1.9617197140502576,1.8898369904180168,1.384375106010091,0.07828795986822563,-1.0260774000954451,-0.060817748874134894,2.0063773103562874,0.7272760422095751,-1.4769999850908624,-0.09551097735578469,-0.8233709888314514,-0.8622323758489894,0.9342357585000306,-0.8512367321857071,0.012963916689404168,-1.423285764112183
1.0650615286256004,-0.6330662239195173,-0.7269827577069068,0.4147835365480954,0.30605270132077655,0.43043171459573665,-0.5822134591383692,0.8070903502144087,-0.22672251979478777,0.6054692443610024,-0.10460568866664954,-0.06130785463833933,-2.201910190964812,-0.4226641409984617,0.05362379786572839,-0.8186042810270222,1.0454863217533352,-1.4875860340734302,-0.22293397223740694,0.23805057208235947,1.4462142418230857,-0.19197200265882625,1.7066201236620075,0.6803847298858952,0.22795125083723253,-0.9201386705339004,0.3711757823965205,-1.5814683788068165,-0.3636608363043651,-1.163706067405606,-0.7331125179172925,0.6026634466991434,-0.019554105513017655,-0.6103937865763693,-0.916794697085336,-0.539232071321596,0.20561961572774262,-0.011428507502377002,-0.09757972572854354,0.6158259722082332,-0.6726246103220508,1.5166134706667964,0.25183226078776466,0.17412447617570415
1.1615734953213281,-1.4809750598460065,-2.169013598426264,1.7722118113011107,-0.8564244616154157,0.6034933207341187,-0.9283003330543153,1.0518861774280313,-0.23631256412713436,0.285224527705782,-1.1372552908697566,-0.9927385526997963,-2.196087752646106,-1.8476263541180895,0.04607309480949719,-1.952825418471083,1.9073232005978689,-3.2028766174151886,0.7327356426111958,1.4107946453582372,2.454407906974594,-1.408113549408561,0.6803847298858952,1.7948103478630886,0.3115945076346591,-1.3142731163259527,0.9605611299318688,-1.7840314930746526,-1.777736864655504,-1.9707443237379905,-1.3952179003032463,0.09417001738189823,0.9678282248667287,-0.06816240608783111,-1.4142229605467016,-0.8202371799147596,1.47095171541002,-0.12773061615817263,0.8362312591685434,0.7565736391166114,-1.0578012535248702,0.9327916287848051,0.11219802189748668,1.3103774565384343
0.30750583961738254,-0.4258112496594331,-0.4285943905904361,0.11027238036053762,-0.008061074282416283,0.38219757201056437,-0.5086252755087319,-0.08775536591373528,-0.14139862976023523,0.21263678667194416,-0.023105116427800197,-0.0511062581407915,-0.56073911418027,-0.6286652750560733,-0.07676178337221977,-0.47808560960948837,0.3634884300309113,-0.7503537161747772,0.15843277932374045,0.2713059182203368,0.5256189432763612,-0.16761010469182078,0.22795125083723253,0.3115945076346591,0.377993181839364,-0.2473977707685659,0.08481291160219037,-0.6938332311256341,-0.3063940079091391,-0.5000110128809966,-0.379289149642277,0.19873981752364905,0.2503979399013336,0.016780210899371508,-0.2681413763397955,-0.08364701009470628,0.3965962771020137,0.08970220723134137,0.09955887407869769,0.19835518106642822,-0.44863700302665566,0.16363757583180794,0.24019160011511104,0.2663338754752924
-1.3413208027621688,1.1826726810091062,1.66434189007919,-1.3649952754760768,0.5502304006543175,-0.7196512722862141,0.7851109862033193,-0.9466494820757442,0.19137726024684643,-0.5009329101509267,0.7784473903263575,0.7831823436589967,2.08925894608221,1.342672594427766,0.04566028733090915,1.4806531648794328,-1.3912174260084063,2.415889402068588,-0.3100224661673327,-0.9940299330505906,-1.8889985615235485,0.8665823915712274,-0.9201386705339004,-1.3142731163259527,-0.2473977707685659,1.2493141178833542,-0.6530522610807488,1.7188132330463564,1.317357716009365,1.6337173794755526,1.2431094721576805,-0.24051275680760748,-0.674255790066289,0.25395698698119745,0.8520934138343632,0.7228588797281882,-1.1337527878205886,0.053966649765745923,-0.5897394586271749,-0.6187429656824438,0.9629439896838208,-1.070713272740372,-0.07530921135436161,-0.9348184762151516
0.31916638770278233,-0.6191064930633952,-0.7160099842144825,0.9159847806987652,-0.36612963177709384,0.16339784287042192,-0.4131420915030168,0.47832894834075423,0.06549506886618611,0.14018928490062865,-0.5788005106081631,-0.38819150659968044,-0.8732264378813046,-0.7161852509186544,0.08259048134914677,-0.7933561622048552,0.9097136358396203,-1.3791204627502378,0.47391371951299066,0.5257185382973512,1.0782141226683077,-0.44415687602790993,0.3711757823965205,0.9605611299318688,0.08481291160219037,-0.6530522610807488,0.8235238626153335,-0.5835055153012823,-0.6426416815775952,-0.7799681612223546,-0.47597891212977794,0.001811308625316815,0.4223697786711357,-0.041167493097189777,-0.6014487821103768,-0.44224262328165975,0.5344447439689114,-0.2537246880521623,0.3069701184229197,0.2666176044073556,-0.3188992585367854,0.3384544452974647,0.01963931672525547,0.5319006706881848
-2.2150254162124634,1.9913646697595604,2.7891621781558635,-1.5945893797852215,0.5767197432366357,-1.1175072841673397,1.496405900031625,-1.321781670107232,0.6843390345437487,-0.7375550693608066,0.9806055857093285,1.166439577326757,3.619206672705238,2.268743510757484,0.011964362294504156,2.4362448132098553,-2.25325292196531,3.8634541471262023,-0.352315291938323,-1.5739352366513062,-3.0358074007505853,1.4873879124967417,-1.5814683788068165,-1.7840314930746526,-0.6938332311256341,1.7188132330463564,-0.5835055153012823,3.1495917964244007,1.9918282228406607,2.6512070586484313,1.9872625284581698,-0.7132530591552781,-1.0591385333845054,0.47542568860848655,1.7211498002560492,1.0220827045502716,-1.6781394528730649,-0.15066495182131018,-0.6875419952973397,-1.1763149834820548,1.7111608377685275,-1.9467657698140777,-0.36939120349393473,-1.4384641761976067
-1.4352002584518728,1.7893679946458665,2.8569781577154547,-1.9582381625241005,1.2117505276454303,-0.6034194535659044,0.9291125104449943,-1.1264047760185723,0.5252670302894922,-0.15308170669230456,1.3500384535856116,1.4645181079412144,2.359252785991148,2.246720077173021,-0.024028995277768896,2.2647651155771524,-2.1444903785554583,3.5784610068576126,-0.846647753552511,-1.862349742948905,-2.7988362733440364,1.9617197140502576,-0.3636608363043651,-1.777736864655504,-0.3063940079091391,1.317357716009365,-0.6426416815775952,1.9918282228406607,2.323956412568251,2.2547475068818548,1.7794567536133683,0.029442835408282204,-1.1686288639823643,-0.10738908483185179,1.682418957389795,0.784736439231742,-1.9328192516219607,-0.06619784876562543,-1.127271310890114,-0.8720747207512709,1.2723525292495579,-0.9211750783042079,-0.04492619176143044,-1.6095947331182379
-1.7878080387026545,1.9871853864374227,2.92440256532214,-1.9068520385454992,0.9144402790532339,-0.8130832492289802,1.240796513089367,-1.3371671511185512,0.5750980235533214,-0.461042000230168,1.2299598769854625,1.3315973162628039,3.222353678700991,2.337738751354851,-0.043608841045502396,2.4921048770017986,-2.4491317534737833,3.9988393432795313,-0.7093069725643381,-1.8051677503416343,-3.235693478658489,1.8898369904180168,-1.163706067405606,-1.9707443237379905,-0.5000110128809966,1.6337173794755526,-0.7799681612223546,2.6512070586484313,2.2547475068818548,2.6786529534478074,1.9943478945447646,-0.2951770943814495,-1.0902193225320989,0.19691385148554763,1.9997435813816509,0.976487809730262,-1.872310898974537,-0.06037326665217313,-0.9377780954660176,-1.0990610323078371,1.5404452978160594,-1.5232165239688547,-0.23079133973663524,-1.561083470025461
-1.4722458395062998,1.5308531700393206,2.2483339927375914,-1.4311832394745279,0.7790598841102045,-0.7514082207599385,0.9547548386083782,-0.9027303651128389,0.43052525807785064,-0.4398423524636207,0.884776698918933,1.1008125320119009,2.2996887707807945,1.8305235867981169,0.08120176894924773,1.7997063729321359,-1.7334564182612473,2.912523326827966,-0.5131665355599673,-1.39414626810887,-2.4294559179799027,1.384375106010091,-0.7331125179172925,-1.3952179003032463,-0.379289149642277,1.2431094721576805,-0.47597891212977794,1.9872625284581698,1.7794567536133683,1.9943478945447646,1.6477741335168588,-0.14426063475515788,-0.7976420966992236,0.055163220751474104,1.2857060041738988,0.6907410913879638,-1.5505969882190611,-0.08719973459221252,-0.8156044915123644,-0.7394396205377386,1.2528477948627825,-1.0086584630963384,-0.13282575273301434,-1.1746597469190787
0.5027608389948938,-0.23202310143990088,-0.22411697459259913,-0.07966331921887736,0.2347586163322068,0.1790133951701295,-0.3576892515957913,0.2611036125998926,-0.2121190766353634,0.20042614373082754,0.035764144454220666,-0.05442064157111644,-0.8472484057617097,-0.127243329346282,0.06890857100177732,-0.28093462412391657,0.25483818655328333,-0.3624384424578856,-0.2097972163766828,0.0012081983221255348,0.2485075291172828,0.07828795986822563,0.6026634466991434,0.09417001738189823,0.19873981752364905,-0.24051275680760748,0.001811308625316815,-0.7132530591552781,0.029442835408282204,-0.2951770943814495,-0.14426063475515788,0.46274100973033033,0.08658456512292853,-0.3281073356896051,-0.2349059697434657,-0.20915919600266067,-0.11228278112510648,0.0640013038561107,-0.21978679487083724,0.27549983811414014,-0.2464298004303298,0.6796841451361965,0.15978222879905404,0.05481821727457675
0.8381153192222254,-1.0637343124740979,-1.5322433140793161,1.108539648622462,-0.7905134632825849,0.33125404887479065,-0.6109369639529602,0.5832881922586003,-0.3745343923725113,0.0041405412791053866,-0.8868872038584181,-1.03435556972641,-1.1119311736043473,-1.3821508621358256,0.1279401499680285,-1.3026957099042957,1.0504215713135852,-1.776874529773244,0.5596702626190755,1.007574970564808,1.1017342747609606,-1.0260774000954451,-0.019554105513017655,0.9678282248667287,0.2503979399013336,-0.674255790066289,0.4223697786711357,-1.0591385333845054,-1.1686288639823643,-1.0902193225320989,-0.7976420966992236,0.08658456512292853,0.9964939039460314,-0.007714948739953991,-0.6661955468106598,-0.5117960814058748,1.0347591427604612,0.028602067496000846,0.5047752487994074,0.45935297483204596,-0.624753996735378,0.4110956665615006,-0.0053584022473854125,1.053095720932548
-0.5145181139219812,0.1016783857383977,0.11557027600222523,-0.02030304073954087,-0.17493509754777503,-0.06643500617578098,0.1293111104072577,-0.4723270922143002,0.08504218572098332,-0.16546674116210103,0.04753644300611951,0.11086441714739971,0.7342059438988721,-0.12298339961614908,-0.10823697156647054,0.12220504814608286,-0.12311520260489063,0.13105467154273762,0.3096228706410694,0.10926541516571606,-0.09958839518959788,-0.060817748874134894,-0.6103937865763693,-0.06816240608783111,0.016780210899371508,0.25395698698119745,-0.041167493097189777,0.47542568860848655,-0.10738908483185179,0.19691385148554763,0.055163220751474104,-0.3281073356896051,-0.007714948739953991,0.4416822312868172,0.0980607381039023,0.29993302161599306,0.2429833739772385,0.03600027220433007,0.24029486979101672,-0.18594959457926968,0.0933964901383403,-0.7190843200775258,0.005222554002932063,0.0027214286875396265
-0.7690451886889961,1.6090732301532342,2.472907456126816,-1.1147329441269886,0.6454015669533513,0.3526970361248882,0.8476833999529048,-1.212433373411564,0.8763096986727779,0.25895273701050486,1.066056786769361,1.3098405191154074,2.7087692288985386,1.6408153965286096,-0.45319930392253027,2.0482414140457563,-2.5893071679535793,3.174430785151306,-0.7680535512651134,-1.549044685522287,-2.9175899079326446,2.0063773103562874,-0.916794697085336,-1.4142229605467016,-0.2681413763397955,0.8520934138343632,-0.6014487821103768,1.7211498002560492,1.682418957389795,1.9997435813816509,1.2857060041738988,-0.2349059697434657,-0.6661955468106598,0.0980607381039023,2.914370199892267,0.7876232357183439,-1.0467098251278502,-0.06813472133998863,-0.4747450350112181,-1.167410096891983,0.9448678231831008,-1.3806356220789922,-0.28259678274317135,-1.1138118110647142
-0.9040222521104949,0.841424521909456,1.209258023813851,-0.8266036602918603,0.4388956675028523,-0.1951371622176665,0.5414922292183411,-0.8684184117783565,0.26558341260671026,-0.13144374733722733,0.6559159067554599,0.8518080603667406,1.4329322245107794,0.8201265401376913,-0.15133831332778128,0.9965409960408982,-1.0188987072219744,1.45307320200643,-0.1633095905840582,-0.6482850908577857,-1.1534177676186095,0.7272760422095751,-0.539232071321596,-0.8202371799147596,-0.08364701009470628,0.7228588797281882,-0.44224262328165975,1.0220827045502716,0.784736439231742,0.976487809730262,0.6907410913879638,-0.20915919600266067,-0.5117960814058748,0.29993302161599306,0.7876232357183439,0.6757259503955235,-0.5056160370726408,0.06436615610328757,-0.2324536724008854,-0.47730777526386736,0.5537206887967024,-0.8615032699435374,0.006765776312361017,-0.6670194805029783
1.1308848051546794,-1.5190382821033661,-2.2125028559305937,1.6533665456562456,-1.0356466420455865,0.7736049662161358,-0.8248647181274839,0.585677971948342,-0.34794021709537176,0.2943562529134962,-1.0157022220724337,-1.060557152921851,-1.7123577968509458,-2.0699311075567275,-0.1167783621860628,-1.8497343977434417,1.609928294973954,-2.938579642645236,0.8404663065784153,1.540811415064405,2.203182838726561,-1.4769999850908624,0.20561961572774262,1.47095171541002,0.3965962771020137,-1.1337527878205886,0.5344447439689114,-1.6781394528730649,-1.9328192516219607,-1.872310898974537,-1.5505969882190611,-0.11228278112510648,1.0347591427604612,0.2429833739772385,-1.0467098251278502,-0.5056160370726408,1.9204448180114047,0.09254454479691378,1.066670909258308,0.5987251418617917,-1.1585626460283724,0.43211115683658896,0.08367191352181207,1.3635930280257376
0.10481964115686067,-0.05568311769107146,-0.16253418938311642,-0.11710518119519851,-0.003009087487841489,0.07375236071838003,-0.0457899935692039,-0.0734203290638624,-0.182136940651727,-0.008745527059289352,0.07722670339627963,-0.05586165348072289,-0.08345016683583728,-0.12718195973766835,-0.018752812736684023,-0.09099477996484195,0.015458420690319722,-0.017505371051368387,-0.054805226331699826,0.0754397727614297,-8.791011663540055e-4,-0.09551097735578469,-0.011428507502377002,-0.12773061615817263,0.08970220723134137,0.053966649765745923,-0.2537246880521623,-0.15066495182131018,-0.06619784876562543,-0.06037326665217313,-0.08719973459221252,0.0640013038561107,0.028602067496000846,0.03600027220433007,-0.06813472133998863,0.06436615610328757,0.09254454479691378,0.19585316195968389,0.01185258386788266,0.07152518052015093,-0.12551100250302236,0.03796134604417714,0.05836597425404781,0.04761340156060457
0.496364625187351,-0.7036372458786923,-1.1864699711342843,1.004630427880668,-0.6699134654668472,0.3954894742298794,-0.3118686255454429,0.3211852557724388,-0.07059715972209296,0.1065621209760472,-0.6012037871154271,-0.546638603357919,-0.6670326175096276,-1.0569442385323353,-0.13526268833363772,-0.9478865926591173,0.7977731003436029,-1.5700017736203282,0.45693160835106506,0.8540673384506071,1.1903885292732506,-0.8233709888314514,-0.09757972572854354,0.8362312591685434,0.09955887407869769,-0.5897394586271749,0.3069701184229197,-0.6875419952973397,-1.127271310890114,-0.9377780954660176,-0.8156044915123644,-0.21978679487083724,0.5047752487994074,0.24029486979101672,-0.4747450350112181,-0.2324536724008854,1.066670909258308,0.01185258386788266,0.7332448471082241,0.23690600961687336,-0.5667516661020736,0.05588958048386135,-0.03650983055706612,0.7278012148341919
0.7393160020532183,-0.8714300705906791,-1.3016282757113338,0.6613789105561758,-0.3086327511070835,0.11255531786855162,-0.5445206215130174,0.6930330055939238,-0.437515921907935,0.05277896502034896,-0.5340944891915866,-0.6735176811170557,-1.5965268044308296,-0.9070847633188586,0.168323362269719,-1.1088250750310173,1.207045941138371,-1.6628357245834524,0.2489334779538228,0.7666725003499217,1.3577658079385142,-0.8622323758489894,0.6158259722082332,0.7565736391166114,0.19835518106642822,-0.6187429656824438,0.2666176044073556,-1.1763149834820548,-0.8720747207512709,-1.0990610323078371,-0.7394396205377386,0.27549983811414014,0.45935297483204596,-0.18594959457926968,-1.167410096891983,-0.47730777526386736,0.5987251418617917,0.07152518052015093,0.23690600961687336,0.6266632483656908,-0.5968871305788723,0.881153347880445,0.15273972742352132,0.6363533551168482
-1.2079557024838754,1.1983624222449802,1.6920292613520895,-0.9531494833686855,0.49183953305352685,-0.7425231108192897,0.931031649793626,-0.5934837735774638,0.3744266458993084,-0.43496918986979277,0.5654497485900082,0.7520289638435191,1.847406991151867,1.5137685063882913,0.11846768512798031,1.4331598850208678,-1.2990584243829497,2.2770696130597416,-0.30014257590083976,-0.9937924236412901,-1.8411073686089918,0.9342357585000306,-0.6726246103220508,-1.0578012535248702,-0.44863700302665566,0.9629439896838208,-0.3188992585367854,1.7111608377685275,1.2723525292495579,1.5404452978160594,1.2528477948627825,-0.2464298004303298,-0.624753996735378,0.0933964901383403,0.9448678231831008,0.5537206887967024,-1.1585626460283724,-0.12551100250302236,-0.5667516661020736,-0.5968871305788723,1.1132450230617088,-0.8374089872730672,-0.22586621195232767,-0.8861271160933079
1.5638129282925175,-1.0699673071292999,-1.6437798533855128,0.8229274971689476,-0.11006250306396545,0.3000823130182894,-0.7260948296380232,1.3664003208163966,-0.5402752265243087,0.36561223108315755,-0.6281654977515968,-0.8146344961841314,-2.7300390818245526,-0.8200057558450413,0.2317733782058344,-1.3703602521700016,1.489100852266808,-2.1073758526899367,-0.16793586884943987,0.7259676855084128,1.825969888614425,-0.8512367321857071,1.5166134706667964,0.9327916287848051,0.16363757583180794,-1.070713272740372,0.3384544452974647,-1.9467657698140777,-0.9211750783042079,-1.5232165239688547,-1.0086584630963384,0.6796841451361965,0.4110956665615006,-0.7190843200775258,-1.3806356220789922,-0.8615032699435374,0.43211115683658896,0.03796134604417714,0.05588958048386135,0.881153347880445,-0.8374089872730672,1.929126424991121,0.1187048978263491,0.667678846495543
0.023081664840936354,-0.15463647123467694,-0.09095944728492925,-0.1135567752167231,0.16437044499025072,0.15671725306317885,-0.30017039756946695,-0.13236607705966538,-0.07885422746918813,0.10836688565497857,0.13641880531446063,0.1635622625426357,-0.3633749321781387,-0.23283525506956498,-0.042189377291263506,-0.1838625021959801,0.23182860516669143,-0.36435354058783614,0.04516560155978898,0.06126777033268671,0.30228639123638223,0.012963916689404168,0.25183226078776466,0.11219802189748668,0.24019160011511104,-0.07530921135436161,0.01963931672525547,-0.36939120349393473,-0.04492619176143044,-0.23079133973663524,-0.13282575273301434,0.15978222879905404,-0.0053584022473854125,0.005222554002932063,-0.28259678274317135,0.006765776312361017,0.08367191352181207,0.05836597425404781,-0.03650983055706612,0.15273972742352132,-0.22586621195232767,0.1187048978263491,0.24501950411932422,0.006667379162872487
1.0847655193443335,-1.359890120951616,-2.08078616230767,1.4530619631566848,-0.9450009373744412,0.4293167461826362,-0.7439215472725909,0.8611422161168029,-0.43656792545888906,0.05203798159192357,-1.0819161342245882,-1.2137193778555606,-1.650315360789654,-1.7174080119947668,0.1193801194031733,-1.7052552551862272,1.5108220762837123,-2.513451045791003,0.6570169639166514,1.3354467502631882,1.7926405043020073,-1.423285764112183,0.17412447617570415,1.3103774565384343,0.2663338754752924,-0.9348184762151516,0.5319006706881848,-1.4384641761976067,-1.6095947331182379,-1.561083470025461,-1.1746597469190787,0.05481821727457675,1.053095720932548,0.0027214286875396265,-1.1138118110647142,-0.6670194805029783,1.3635930280257376,0.04761340156060457,0.7278012148341919,0.6363533551168482,-0.8861271160933079,0.667678846495543,0.006667379162872487,1.2990433059543047
