V1,V2,V3,V4,V5,V6,V7,V8,V9,V10,V11,V12,V13,V14,V15,V16,V17,V18,V19,V20,V21,V22,V23,V24,V25,V26,V27,V28,V29,V30,V31,V32,V33,V34,V35,V36,V37,V38,V39,V40,V41,V42,V43,V44
2.2580347259066937,-0.20870578039507479,-1.164441715290633,0.6505248627632907,-0.11021098143829616,0.6352996028042552,0.24217866579655387,1.6596488877993367,-0.1268831160018158,0.6243421806679315,-0.3440434590935684,-0.685953571777392,-1.8335167280443292,0.3367865096529292,-0.1537803976477329,-0.3229889903426,-0.06450916054914578,-0.5278761410497729,-1.2320990198830624,0.14367576869980292,0.6321260900365984,-0.3845109463244678,1.1413236312828743,0.01265202965889594,-0.5108235340128544,-0.9082768938057656,-0.6281887901005897,-1.3514677592935045,-0.640875937966666,-0.8510702057071996,-0.9321340741575717,0.3803356518198188,-0.11609552898504982,-0.966767234704018,0.37588205675890857,-0.626058864612493,0.05492355761120789,0.14216969266895563,0.14341309138644215,0.2655238882632305,-0.4879605602313737,1.9202966791248492,-0.5625002941446403,0.2105026741003504
-0.20870578039507479,0.7368001940683694,0.44978738043329775,-0.2619137489285573,0.20141572643595504,0.010584920061089926,0.695782518779426,-0.11892586768576055,0.28800838626428693,-0.01996826347999603,0.3459835454031675,0.6113947911352051,0.7402768314115264,0.764297336478905,-0.25335854320217016,0.6248327147394273,-0.7544831498768527,0.72169036005002285,-0.4996367083137813,-0.35829680712790735,-0.45930123813341117,0.2557480445757704,-0.241959373619925,-0.5112307712521582,-0.36252340232039804,0.31242541046523103,-0.5592961176370485,0.5772959554392235,0.19147150775249058,0.46457661223812935,0.226361321025166,-0.2746834320376192,-0.5688695800637232,0.10158941833618798,0.5937151460920636,0.41038642527437685,-0.2549367936950234,0.09963186039015166,0.12366998563830482,-0.32461672178005935,0.2947171449972565,-0.22880464563266276,-0.22090094355046738,-0.42418691756829946
-1.164441715290633,0.44978738043329775,1.6343008392378857,-1.0841471571356445,0.7530692315610911,-0.32427152205914883,-0.2543656898309967,-1.0487895694017155,0.12700624381538647,-0.023063849905667143,0.7123613089446321,0.7931535525755332,0.8989727473705388,0.5038708662709206,0.14937030051782696,0.7817673963998671,-0.464799618052143,1.3023690031676702,0.21711618094062013,-0.8465382881566234,-1.1143644857057307,1.1924149413065077,0.06425731344426334,-0.4768598008491149,0.3878356833780857,0.5768390883848087,0.35091326567970577,0.7015564951391351,1.3517461685906513,0.9592849996409937,0.9791103427162582,0.2965619006192216,-0.25426899924762997,0.07149676383887694,0.30973398063203167,0.308990849747348,-0.8745930168594673,-0.16157252906014216,-0.79639250704672,-0.22837891127956073,0.4770145004567352,-0.6679671125896922,0.4475931005404095,-0.7059071339229112
0.6505248627632907,-0.2619137489285573,-1.0841471571356445,0.9912974050063688,-0.7456398706749402,0.052819253766289036,0.40970160697715524,0.7833247284488727,-0.029666212430759255,-0.12403660218141806,-0.6902166530694709,-0.7034912592488013,-0.31768006190768006,-0.30355581136089416,-0.027517176813655113,-0.5057560325755269,0.28499207669325616,-0.7751362775544555,0.01224239693666988,0.6374320192246045,0.6051341267250804,-0.9147848858443888,-0.28789484502366103,0.37779092476418397,-0.44101793275962026,-0.3723656351435189,-0.11630946713002463,-0.1541783505444264,-0.9808251956711902,-0.5435353323695044,-0.5649210442481742,-0.39068131967689895,0.29391883683637404,0.027898403149792864,-0.09645981535238991,-0.21185382937099756,0.6667590948282093,0.040765098936648404,0.6383274732662648,0.0661675002052089,-0.12427996233146626,0.24758332452840223,-0.4791157810547769,0.5650163364553482
-0.11021098143829616,0.20141572643595504,0.7530692315610911,-0.7456398706749402,0.9348566612805808,0.2853261196965534,-0.4050988521427533,-0.4158238370304319,0.11337458300609936,0.42332068681936985,0.7160558845100099,0.9629147710059905,-0.4824582808866333,0.3373645765270483,-0.08889884034915914,0.2958834539882165,-0.13461484287471004,0.15952264979466474,-0.2851370587201515,-0.5510921991033568,-0.03825676370010718,0.8132584805808892,0.9030732616738608,-0.17395194318825583,0.41787220724291557,0.002230871132049539,0.044636022620531096,-0.48906453246645254,0.688392711528183,0.037730416871660746,0.18233647381266133,0.5383803483570246,-0.4381319599416934,-0.25514836941960156,-0.024737105706572893,0.15858196109920256,-0.515070357342137,-0.02110089464977839,-0.5394982781745479,0.09157261729717776,-0.10400055309038514,0.37956378772964816,0.4808244386027837,-0.5368560451233713
0.6352996028042552,0.010584920061089926,-0.32427152205914883,0.052819253766289036,0.2853261196965534,0.6162526709752777,-0.05407470303250544,0.18881359191775815,0.09333080509930894,0.46505198518658375,0.270718658356416,0.4594896915550568,-0.7647249350632125,-0.013741076797507324,-0.3185402546856492,-0.15162808629839888,-0.008377264575548212,-0.5897363255502792,-0.4677493476800366,0.02286077759963766,0.6237521500706814,-0.01880843081707623,0.6646648635202274,0.06614937763009117,0.07284536236822983,-0.356203321883982,-0.3526282604402821,-0.7774451813208472,-0.29909450071032795,-0.5433254580313422,-0.5248669369039192,0.12830754236691175,-0.3371669332142328,-0.16571977501094162,0.020974176402546316,0.047766810634280496,0.2568627040921345,0.1716468166177406,0.19734795541074746,0.11277023470758782,-0.45477216540519766,0.5743208598255148,0.08966636323619319,-0.0665551516311115
0.24217866579655387,0.695782518779426,-0.2543656898309967,0.40970160697715524,-0.4050988521427533,-0.05407470303250544,1.3668815545722972,0.4576427238746736,0.3122059408975887,-0.14517432773011776,-0.12560398170085638,0.0795585971523846,0.797838969802165,0.785989512560781,-0.29472050760046875,0.4919074408592886,-0.8248848936964351,0.5419608863880312,-0.5660304231661245,0.057395765211058956,-0.21047941907985995,-0.5351792023483746,-0.5955407296008759,-0.4867497045576244,-0.8771444734371138,0.15816958844447263,-0.9092656713516254,0.722677602069671,-0.5166198399464516,0.16454735320789696,-0.20777773480679393,-0.7771673990159889,-0.4996977632607887,0.15862216037950555,0.716365654038714,0.3912283102291283,0.2706568545650263,0.1751750810639285,0.6551557082850894,-0.4183120884584259,0.3456451705170824,-0.1816315545396086,-0.7701406483854806,-0.11306333654726812
1.6596488877993367,-0.11892586768576055,-1.0487895694017155,0.7833247284488727,-0.4158238370304319,0.18881359191775815,0.4576427238746736,1.6206907766025582,-0.07858549942021958,0.19107551702493406,-0.5990768294185953,-0.916201218494828,-1.1503447042379684,0.3573640480784627,0.03779907215770082,-0.2838180300362712,-0.05156754675122838,-0.27732638982697766,-0.89808166665026,0.20749542755455205,0.288242402166037,-0.5755938569550847,0.5288928466972171,0.0707332059549614,-0.6762155800522002,-0.6474925990721562,-0.4119478304896307,-0.6552268222720997,-0.5931134295549808,-0.516289253878016,-0.5695351585143774,0.09847454508687,0.05089945567326418,-0.7592172938889636,0.2870046675431648,-0.6412824721481653,0.0034896012810364386,0.04266591801130618,0.20588124414963627,0.1644866152668161,-0.15536026075637474,1.399610160643281,-0.6888071600673669,0.3357944142719428
-0.1268831160018158,0.28800838626428693,0.12700624381538647,-0.029666212430759255,0.11337458300609936,0.09333080509930894,0.3122059408975887,-0.07858549942021958,0.3228101381041467,0.0543392763503973,0.17828837167091477,0.4244815919189736,0.2837718996119641,0.3322323966940673,-0.20173341630755412,0.27089246061205735,-0.33538198781418727,0.10616271221348035,-0.13909457531061814,-0.06243662419861731,0.04571392345458192,-0.03388903156102551,-0.12938863492702973,-0.10780815877558492,-0.140030302802239,0.07608579300939113,-0.21249741863194657,0.19899356841940427,-0.0924943518345702,-0.02524679902473395,-0.10043294118533812,-0.25731910285294873,-0.32971274218191093,0.1218477728919703,0.18715110130623155,0.24708104311731177,0.030663849670519976,-0.02448207017520597,0.1626245926600513,-0.1805161327931711,0.09019277045010625,-0.1881378250159787,-0.09139365971950365,-0.19615861673483959
0.6243421806679315,-0.01996826347999603,-0.023063849905667143,-0.12403660218141806,0.42332068681936985,0.46505198518658375,-0.14517432773011776,0.19107551702493406,0.0543392763503973,0.5501673784600754,0.3123041617688318,0.3799487308074451,-0.8581029538903695,0.1270144776680457,-0.19700328725605015,-0.015050629537997918,0.011588400477742079,-0.2932943838471322,-0.4448380711007876,-0.17061448264565546,0.49903091947466954,0.21644411538033143,0.9279975097099921,0.006485273845245114,0.10775734921253548,-0.3680801179612568,-0.16005351292204534,-0.7627616438078182,0.027803658576020462,-0.4310147334527753,-0.394981707621796,0.2854001560209832,-0.3518923395766073,-0.3181969178820514,0.016325999330589577,-0.052787037331380474,-0.02149805812987133,0.06610461283385836,-0.07686650797001737,0.10848376520338572,-0.34897246977015955,0.6995447169939945,0.10019439207847877,-0.2274410592212422
-0.3440434590935684,0.3459835454031675,0.7123613089446321,-0.6902166530694709,0.7160558845100099,0.270718658356416,-0.12560398170085638,-0.5990768294185953,0.17828837167091477,0.3123041617688318,0.7544160612201142,0.9803958306056711,0.0187918079813687,0.33842821924748273,-0.23894340494525232,0.40813408212253616,-0.28617249812052653,0.28387813696416614,-0.23322099307286062,-0.44345782323458155,-0.058680824520366104,0.6436983449209139,0.47276714673284287,-0.304215289224438,0.2786842969883628,0.14952723834766304,-0.19918480884269907,-0.11900859423920522,0.4935590171622378,0.13158269760983782,0.11277718047320563,0.18065396805117112,-0.5731101975107354,0.05274908248841155,0.09335832559457227,0.36857642547928093,-0.26308519616081444,0.08779735950041681,-0.2318388773571014,-0.06022493409063898,-0.08475881520465202,-0.07290937239318977,0.3843585870913138,-0.5529169196899516
-0.685953571777392,0.6113947911352051,0.7931535525755332,-0.7034912592488013,0.9629147710059905,0.4594896915550568,0.0795585971523846,-0.916201218494828,0.4244815919189736,0.3799487308074451,0.9803958306056711,1.8078979865175058,0.21029531792513467,0.40402797782447697,-0.45720006437783695,0.44053787855755855,-0.38985365218421825,-0.10561535916755302,-0.2190509470264276,-0.4374189796026052,0.2996436014085895,0.5801813236705072,0.4916233382464886,-0.21077935862486422,0.33094318760604013,0.2353193576738971,-0.33858015297595,-0.12555333342970626,0.3210675223665105,-0.014651224210561989,0.04936003876774049,0.001620853689293045,-0.8576394226149757,0.2916370529488766,-0.010592713510722952,0.7415447978561006,-0.06623608042095483,0.13520600823973056,0.006807109229662622,-0.12712211113478197,-0.10385772753256696,-0.2887818817668188,0.4901709071582052,-0.6881013359348541
-1.8335167280443292,0.7402768314115264,0.8989727473705388,-0.31768006190768006,-0.4824582808866333,-0.7647249350632125,0.797838969802165,-1.1503447042379684,0.2837718996119641,-0.8581029538903695,0.0187918079813687,0.21029531792513467,2.832609838790523,0.2962180281851099,-0.005804213883624919,0.8164222560624592,-0.8377456848095532,1.4091240213390464,0.693291316166004,-0.15136867892874736,-1.2646910531175815,1.4166927965515014e-4,-2.0540100676533806,-0.5349353677796853,-0.2790723310889014,1.1459910997914642,-0.1084596262214073,2.17452553500322,0.32428562420245194,1.3056127554307981,0.9214305288707463,-0.9735300536220187,-0.01721804705516705,1.0083086273502615,0.58831788590852,0.7431977723640878,-0.05143360096770705,-0.04672030914579523,0.2884107784032341,-0.7287110033573365,0.8627908755358421,-2.137353544862758,-0.2516327927617147,-0.17822497140995033
0.3367865096529292,0.764297336478905,0.5038708662709206,-0.30355581136089416,0.3373645765270483,-0.013741076797507324,0.785989512560781,0.3573640480784627,0.3322323966940673,0.1270144776680457,0.33842821924748273,0.40402797782447697,0.2962180281851099,1.2466729830580359,-0.1814856849518146,0.8349554704288371,-0.975648358475315,1.1118557855669393,-0.8985826234510853,-0.540340346605551,-0.6979975926718059,0.4174308863876728,0.11923690953350147,-0.6910917399217639,-0.5615230726932033,0.1399291982408857,-0.6738988068894555,0.3894454110015927,0.3666363938379571,0.46030270609351803,0.1800510834435334,-0.07353310847110156,-0.66647656376559,-0.30799272229119434,0.834512325319004,0.17729521061132633,-0.6256080072620966,0.024276070117682434,-0.13707521992657046,-0.29707772488327516,0.40765734346693305,0.33731641610398144,-0.402124936858276,-0.5924266513801455
-0.1537803976477329,-0.25335854320217016,0.14937030051782696,-0.027517176813655113,-0.08889884034915914,-0.3185402546856492,-0.29472050760046875,0.03779907215770082,-0.20173341630755412,-0.19700328725605015,-0.23894340494525232,-0.45720006437783695,-0.005804213883624919,-0.1814856849518146,0.3732396173090059,-0.1119388494965524,0.22302584571572562,0.22066331764668684,0.3245463392878761,-0.052913265540619356,-0.40125145796479816,0.08641377483936562,-0.043768584821235995,0.10682990882681281,0.13016174718102963,0.05110521309055841,0.44620680494209536,0.10795076808042843,0.3266496352626453,0.20402436267173427,0.3462052307129376,0.22409983236571823,0.43699206567565285,-0.15845352107065577,-0.13337202274884455,-0.29120301259465275,-0.24746751262940178,-0.13971140974036547,-0.3705380930994195,0.10115610088181426,0.17223394991943047,0.002185682524506422,0.05753469340119022,0.17728513920092456
-0.3229889903426,0.6248327147394273,0.7817673963998671,-0.5057560325755269,0.2958834539882165,-0.15162808629839888,0.4919074408592886,-0.2838180300362712,0.27089246061205735,-0.015050629537997918,0.40813408212253616,0.44053787855755855,0.8164222560624592,0.8349554704288371,-0.1119388494965524,0.8521111214167557,-0.7959905495139877,1.1643244704104094,-0.32501747203694625,-0.5066611009070443,-0.774124625091396,0.49255702847162347,-0.25700369150872027,-0.6224286231786601,-0.25695588799563973,0.39611332513246866,-0.3502610564145278,0.705940589620689,0.5202633738813186,0.6437031966217656,0.36324715651594824,-0.17179650564045082,-0.47928758003561456,0.03485387834628559,0.6653222923727578,0.33958513560896575,-0.5114735167818186,-0.04541548132910908,-0.20393630596786663,-0.36521220492763756,0.4380361102601704,-0.34423919110952905,-0.1507835907379373,-0.5426369604998992
-0.06450916054914578,-0.7544831498768527,-0.464799618052143,0.28499207669325616,-0.13461484287471004,-0.008377264575548212,-0.8248848936964351,-0.05156754675122838,-0.33538198781418727,0.011588400477742079,-0.28617249812052653,-0.38985365218421825,-0.8377456848095532,-0.975648358475315,0.22302584571572562,-0.7959905495139877,1.1035750133055788,-1.1328242293183342,0.6618544648634198,0.4274863461479513,0.8436831183204199,-0.22918900075646442,0.3811455664442959,0.7027863265049982,0.4768758997456834,-0.33454151556238976,0.7421731084445664,-0.6322177627562339,-0.2552158914863046,-0.5433219004436338,-0.22010899986213062,0.2896329990434826,0.49836948438738915,0.05153741874689596,-0.950695572555073,-0.33600787948714067,0.3625986223947364,-0.08479062182639903,-0.03374383538054428,0.4252789395426837,-0.40407267308299655,0.16576741301952505,0.4163266538018383,0.43492005361803876
-0.5278761410497729,0.72169036005002285,1.3023690031676702,-0.7751362775544555,0.15952264979466474,-0.5897363255502792,0.5419608863880312,-0.27732638982697766,0.10616271221348035,-0.2932943838471322,0.28387813696416614,-0.10561535916755302,1.4091240213390464,1.1118557855669393,0.22066331764668684,1.1643244704104094,-1.1328242293183342,2.2842228310536643,-0.3082749292607901,-0.8414436151517618,-1.9110516181818384,0.8411952554306149,-0.5969665451283069,-0.9736461137183021,-0.3619484003052966,0.6713409585328134,-0.2389843293986119,1.3156419603684133,1.1788644337308323,1.3574252812233312,0.9950691211822457,-0.05696828332657141,-0.20576827908892006,-0.14794360068343673,1.0908415977331019,0.10966419127444257,-1.037980922225933,-0.09769533195088043,-0.6369062241549985,-0.4848410044140716,0.8413346896095818,-0.5414826401565997,-0.3045968744952977,-0.5948720480474057
-1.2320990198830624,-0.4996367083137813,0.21711618094062013,0.01224239693666988,-0.2851370587201515,-0.4677493476800366,-0.5660304231661245,-0.89808166665026,-0.13909457531061814,-0.4448380711007876,-0.23322099307286062,-0.2190509470264276,0.693291316166004,-0.8985826234510853,0.3245463392878761,-0.32501747203694625,0.6618544648634198,-0.3082749292607901,1.3330832180453274,0.34258771218595335,0.0362064323045958,-0.1774618702480566,-0.7373117347018797,0.4560349963344943,0.5178218210533598,0.3206700200276583,0.8847082521031344,0.4953828503264781,0.04484546154232623,0.09766979136455925,0.30911147910057823,-0.16559467096456923,0.6503289223001691,0.6135343521503307,-0.6718409552817781,0.11828600002649654,0.32472009770263377,-0.21916303056879863,-0.07418770658085067,0.03717255790751087,0.15247247661181634,-1.142885397065008,0.39495052898178573,0.33496774220741105
0.14367576869980292,-0.35829680712790735,-0.8465382881566234,0.6374320192246045,-0.5510921991033568,0.02286077759963766,0.057395765211058956,0.20749542755455205,-0.06243662419861731,-0.17061448264565546,-0.44345782323458155,-0.4374189796026052,-0.15136867892874736,-0.540340346605551,-0.052913265540619356,-0.5066611009070443,0.4274863461479513,-0.8414436151517618,0.34258771218595335,0.6635927496251369,0.6497046664893725,-0.756738436914954,-0.428349626622178,0.3884859380813145,-0.0881900453287529,-0.18314018525946202,4.932670822798217e-4,-0.14502448232136386,-0.8442208962499174,-0.5036530979081585,-0.48870051084489935,-0.3214940226434673,0.29853225805156997,0.2910476613001879,-0.36845726460547507,-0.01288764638421786,0.6909795725571017,0.04570733997488953,0.541091066313872,0.11155564549793547,-0.18392485850564277,-0.15903410493823952,-0.1314287582506183,0.4671777401899562
0.6321260900365984,-0.45930123813341117,-1.1143644857057307,0.6051341267250804,-0.03825676370010718,0.6237521500706814,-0.21047941907985995,0.288242402166037,0.04571392345458192,0.49903091947466954,-0.058680824520366104,0.2996436014085895,-1.2646910531175815,-0.6979975926718059,-0.40125145796479816,-0.774124625091396,0.8436831183204199,-1.9110516181818384,0.0362064323045958,0.6497046664893725,2.0494392281816025,-0.7773036016543302,0.7519202020464196,0.7005664050435954,0.15113138088206404,-0.6411753059677266,-0.03169921715806889,-1.1525249031512512,-1.12129250487981,-1.3260263661508382,-1.1723478358087382,-0.13932294382780316,-0.26501739229203347,0.1588455881785492,-0.892326809614511,0.03971563805956031,0.9356932499291997,0.10814481597776213,0.6976839414371119,0.28801016862557577,-0.8074077474245294,0.5610688163963239,0.13322421433635284,0.2504480395273908
-0.3845109463244678,0.2557480445757704,1.1924149413065077,-0.9147848858443888,0.8132584805808892,-0.01880843081707623,-0.5351792023483746,-0.5755938569550847,-0.03388903156102551,0.21644411538033143,0.6436983449209139,0.5801813236705072,1.4166927965515014e-4,0.4174308863876728,0.08641377483936562,0.49255702847162347,-0.22918900075646442,0.8411952554306149,-0.1774618702480566,-0.756738436914954,-0.7773036016543302,1.299560136539166,0.5739254811889596,-0.3468187484314125,0.4051133053958869,0.19110252241589207,0.2948514155006864,-0.006762776830703088,1.1610443186380512,0.6760676947933018,0.7051986916063797,0.6844396824459683,-0.20925060613638766,-0.2504184139294583,0.28017229758568196,0.0300820532357972,-0.9000917864951992,-0.09984286993601325,-0.8085693082112237,0.02119520295982936,0.16417380958006053,0.10345399598392414,0.4880577051425096,-0.5946868178837349
1.1413236312828743,-0.241959373619925,0.06425731344426334,-0.28789484502366103,0.9030732616738608,0.6646648635202274,-0.5955407296008759,0.5288928466972171,-0.12938863492702973,0.9279975097099921,0.47276714673284287,0.4916233382464886,-2.0540100676533806,0.11923690953350147,-0.043768584821235995,-0.25700369150872027,0.3811455664442959,-0.5969665451283069,-0.7373117347018797,-0.428349626622178,0.7519202020464196,0.5739254811889596,2.1399998065396733,0.1522208791222631,0.35189591388958197,-0.7647630231287514,0.08092106432524664,-1.607422715728204,0.40357837721440476,-0.7403584293807076,-0.41868838878034903,0.9054727284364814,-0.39701498975905675,-0.896736218431592,-0.2899292679022155,-0.4210129627679302,-0.323054460425831,0.06019797155164058,-0.542648473718073,0.44575533165730846,-0.6232221026367674,1.6846226889177434,0.35865988429207923,-0.3159934216828497
0.01265202965889594,-0.5112307712521582,-0.4768598008491149,0.37779092476418397,-0.17395194318825583,0.06614937763009117,-0.4867497045576244,0.0707332059549614,-0.10780815877558492,0.006485273845245114,-0.304215289224438,-0.21077935862486422,-0.5349353677796853,-0.6910917399217639,0.10682990882681281,-0.6224286231786601,0.7027863265049982,-0.9736461137183021,0.4560349963344943,0.3884859380813145,0.7005664050435954,-0.3468187484314125,0.1522208791222631,0.6231273028019282,0.27539712956924667,-0.2804726712963678,0.4973685641254524,-0.45882184021870215,-0.365614266164967,-0.508604129765722,-0.2485652858272728,0.09366615670455937,0.37993895498611197,0.05844845595523644,-0.6289802217805606,-0.24497393994780164,0.3523905102783371,-0.08539110969755703,0.11973681975223557,0.26139681000804676,-0.2826569945192542,0.08669536123778447,0.19773911243230827,0.37998016490164793
-0.5108235340128544,-0.36252340232039804,0.3878356833780857,-0.44101793275962026,0.41787220724291557,0.07284536236822983,-0.8771444734371138,-0.6762155800522002,-0.140030302802239,0.10775734921253548,0.2786842969883628,0.33094318760604013,-0.2790723310889014,-0.5615230726932033,0.13016174718102963,-0.25695588799563973,0.4768758997456834,-0.3619484003052966,0.5178218210533598,-0.0881900453287529,0.15113138088206404,0.4051133053958869,0.35189591388958197,0.27539712956924667,0.7186687166219576,0.038152505350665375,0.5712972365874145,-0.39081463126180294,0.41647617958578265,-0.08791552353511956,0.1935868465853487,0.4406253348785945,0.23174981275994533,0.07282318421200872,-0.5147704951081518,-0.009233897668760836,-0.08381001500928571,-0.0751263099002599,-0.41320717004680263,0.21355818356680323,-0.21695833159512057,-0.16858390508131993,0.6350811772951269,-0.01918185547540636
-0.9082768938057656,0.31242541046523103,0.5768390883848087,-0.3723656351435189,0.002230871132049539,-0.356203321883982,0.15816958844447263,-0.6474925990721562,0.07608579300939113,-0.3680801179612568,0.14952723834766304,0.2353193576738971,1.1459910997914642,0.1399291982408857,0.05110521309055841,0.39611332513246866,-0.33454151556238976,0.6713409585328134,0.3206700200276583,-0.18314018525946202,-0.6411753059677266,0.19110252241589207,-0.7647630231287514,-0.2804726712963678,0.038152505350665375,0.5766991303863592,0.01938038823943585,0.8658011669789517,0.35738220455192826,0.6416288138011313,0.5385763953104662,-0.2394019654976791,-0.006433964008758297,0.38341204138237256,0.16762020938746747,0.3444836585236123,-0.20585464243967627,-0.038643698733555484,-0.09221894682033029,-0.2628338119006623,0.3866718182948006,-0.8816237453908582,0.059867376913970274,-0.16070944033044385
-0.6281887901005897,-0.5592961176370485,0.35091326567970577,-0.11630946713002463,0.044636022620531096,-0.3526282604402821,-0.9092656713516254,-0.4119478304896307,-0.21249741863194657,-0.16005351292204534,-0.19918480884269907,-0.33858015297595,-0.1084596262214073,-0.6738988068894555,0.44620680494209536,-0.3502610564145278,0.7421731084445664,-0.2389843293986119,0.8847082521031344,4.932670822798217e-4,-0.03169921715806889,0.2948514155006864,0.08092106432524664,0.4973685641254524,0.5712972365874145,0.01938038823943585,1.1271215316456726,-0.011394880770877466,0.47083547790697033,0.0975526390888544,0.42460824686769255,0.3932085947512746,0.6294696677879057,0.014024443508058194,-0.5992290852233568,-0.31241198944631005,-0.2224731109935242,-0.3352655900347383,-0.5346522866120516,0.20343477615001626,0.05394723600928298,-0.2566772883321608,0.4492298605591624,0.22900702674331852
-1.3514677592935045,0.5772959554392235,0.7015564951391351,-0.1541783505444264,-0.48906453246645254,-0.7774451813208472,0.722677602069671,-0.6552268222720997,0.19899356841940427,-0.7627616438078182,-0.11900859423920522,-0.12555333342970626,2.17452553500322,0.3894454110015927,0.10795076808042843,0.705940589620689,-0.6322177627562339,1.3156419603684133,0.4953828503264781,-0.14502448232136386,-1.1525249031512512,-0.006762776830703088,-1.607422715728204,-0.45882184021870215,-0.39081463126180294,0.8658011669789517,-0.011394880770877466,1.8659874839326107,0.3175103778620162,1.1257887333161327,0.8026173050119463,-0.7833002779020645,0.019463718327610225,0.6685351510079579,0.4871628780236363,0.42848167106723273,-0.188260444521735,-0.09851834145541578,0.13993386697594784,-0.5657046484879186,0.8054401646690323,-1.5544065338766069,-0.31904443712340275,-0.1275008866285166
-0.640875937966666,0.19147150775249058,1.3517461685906513,-0.9808251956711902,0.688392711528183,-0.29909450071032795,-0.5166198399464516,-0.5931134295549808,-0.0924943518345702,0.027803658576020462,0.4935590171622378,0.3210675223665105,0.32428562420245194,0.3666363938379571,0.3266496352626453,0.5202633738813186,-0.2552158914863046,1.1788644337308323,0.04484546154232623,-0.8442208962499174,-1.12129250487981,1.1610443186380512,0.40357837721440476,-0.365614266164967,0.41647617958578265,0.35738220455192826,0.47083547790697033,0.3175103778620162,1.4075390150292169,0.8478464645022028,0.9603961996554623,0.6042780408292505,-0.009632041518472075,-0.3021541137773191,0.2241111812083493,-0.10585857969137931,-1.020301434669686,-0.16193027190916784,-0.9961286570616528,-0.04220560180525391,0.330761512716671,-0.09410765712096507,0.413370547687983,-0.503764466740577
-0.8510702057071996,0.46457661223812935,0.9592849996409937,-0.5435353323695044,0.037730416871660746,-0.5433254580313422,0.16454735320789696,-0.516289253878016,-0.02524679902473395,-0.4310147334527753,0.13158269760983782,-0.014651224210561989,1.3056127554307981,0.46030270609351803,0.20402436267173427,0.6437031966217656,-0.5433219004436338,1.3574252812233312,0.09766979136455925,-0.5036530979081585,-1.3260263661508382,0.6760676947933018,-0.7403584293807076,-0.508604129765722,-0.08791552353511956,0.6416288138011313,0.0975526390888544,1.1257887333161327,0.8478464645022028,1.1739946471706304,0.9747803520824112,-0.013931507703610823,0.047064470287415214,0.14671902485626584,0.5428639107492869,0.140321140899365,-0.6902655615503489,-0.08600892275198749,-0.39727872167081735,-0.29700061089315766,0.611139644716254,-0.7422774751369868,-0.021548628359553592,-0.290257648220487
-0.9321340741575717,0.226361321025166,0.9791103427162582,-0.5649210442481742,0.18233647381266133,-0.5248669369039192,-0.20777773480679393,-0.5695351585143774,-0.10043294118533812,-0.394981707621796,0.11277718047320563,0.04936003876774049,0.9214305288707463,0.1800510834435334,0.3462052307129376,0.36324715651594824,-0.22010899986213062,0.9950691211822457,0.30911147910057823,-0.48870051084489935,-1.1723478358087382,0.7051986916063797,-0.41868838878034903,-0.2485652858272728,0.1935868465853487,0.5385763953104662,0.42460824686769255,0.8026173050119463,0.9603961996554623,0.9747803520824112,1.0342944192201922,0.22827207879271896,0.2513455138950146,0.03719349333445694,0.19648319191995306,0.0022046413086064627,-0.7075327803246232,-0.1404444245864804,-0.5970951362795412,-0.1170687287229951,0.5062116952151124,-0.5834955175632662,0.2135201138073154,-0.18546292673253695
0.3803356518198188,-0.2746834320376192,0.2965619006192216,-0.39068131967689895,0.5383803483570246,0.12830754236691175,-0.7771673990159889,0.09847454508687,-0.25731910285294873,0.2854001560209832,0.18065396805117112,0.001620853689293045,-0.9735300536220187,-0.07353310847110156,0.22409983236571823,-0.17179650564045082,0.2896329990434826,-0.05696828332657141,-0.16559467096456923,-0.3214940226434673,-0.13932294382780316,0.6844396824459683,0.9054727284364814,0.09366615670455937,0.4406253348785945,-0.2394019654976791,0.3932085947512746,-0.7833002779020645,0.6042780408292505,-0.013931507703610823,0.22827207879271896,0.8721997503355902,0.19906501809840157,-0.5389754030917423,-0.1462452744541926,-0.370621458706993,-0.5665375096437547,-0.08336611538734993,-0.6902515173773547,0.33613741544332354,-0.1622394405179824,0.7963310093756417,0.3965133733226883,-0.09538657340009163
-0.11609552898504982,-0.5688695800637232,-0.25426899924762997,0.29391883683637404,-0.4381319599416934,-0.3371669332142328,-0.4996977632607887,0.05089945567326418,-0.32971274218191093,-0.3518923395766073,-0.5731101975107354,-0.8576394226149757,-0.01721804705516705,-0.66647656376559,0.43699206567565285,-0.47928758003561456,0.49836948438738915,-0.20576827908892006,0.6503289223001691,0.29853225805156997,-0.26501739229203347,-0.20925060613638766,-0.39701498975905675,0.37993895498611197,0.23174981275994533,-0.006433964008758297,0.6294696677879057,0.019463718327610225,-0.009632041518472075,0.047064470287415214,0.2513455138950146,0.19906501809840157,0.8846068096946779,-0.02867185177690442,-0.28182015413824274,-0.38066054915859304,0.046604434614508077,-0.1601215832566658,-0.21799109206184067,0.18715082427423618,0.09616168691535575,-0.15818405529255922,0.06518862400801627,0.5383163480747404
-0.966767234704018,0.10158941833618798,0.07149676383887694,0.027898403149792864,-0.25514836941960156,-0.16571977501094162,0.15862216037950555,-0.7592172938889636,0.1218477728919703,-0.3181969178820514,0.05274908248841155,0.2916370529488766,1.0083086273502615,-0.30799272229119434,-0.15845352107065577,0.03485387834628559,0.05153741874689596,-0.14794360068343673,0.6135343521503307,0.2910476613001879,0.1588455881785492,-0.2504184139294583,-0.896736218431592,0.05844845595523644,0.07282318421200872,0.38341204138237256,0.014024443508058194,0.6685351510079579,-0.3021541137773191,0.14671902485626584,0.03719349333445694,-0.5389754030917423,-0.02867185177690442,0.7713930050017962,-0.19730444559112853,0.4958858173464752,0.4652485358584117,0.04565097764526943,0.44712542377593073,-0.19236608430530452,0.10383602671159481,-1.12853429774577,0.10694813255060905,0.031802276155396755
0.37588205675890857,0.5937151460920636,0.30973398063203167,-0.09645981535238991,-0.024737105706572893,0.020974176402546316,0.716365654038714,0.2870046675431648,0.18715110130623155,0.016325999330589577,0.09335832559457227,-0.010592713510722952,0.58831788590852,0.834512325319004,-0.13337202274884455,0.6653222923727578,-0.950695572555073,1.0908415977331019,-0.6718409552817781,-0.36845726460547507,-0.892326809614511,0.28017229758568196,-0.2899292679022155,-0.6289802217805606,-0.5147704951081518,0.16762020938746747,-0.5992290852233568,0.4871628780236363,0.2241111812083493,0.5428639107492869,0.19648319191995306,-0.1462452744541926,-0.28182015413824274,-0.19730444559112853,1.0490192075694484,0.13773419272512566,-0.3537301116298431,0.05169300208123721,-0.010751006209195129,-0.34752013247582664,0.36500778981877946,0.06232920284498486,-0.478893836433331,-0.26970009050794785
-0.626058864612493,0.41038642527437685,0.308990849747348,-0.21185382937099756,0.15858196109920256,0.047766810634280496,0.3912283102291283,-0.6412824721481653,0.24708104311731177,-0.052787037331380474,0.36857642547928093,0.7415447978561006,0.7431977723640878,0.17729521061132633,-0.29120301259465275,0.33958513560896575,-0.33600787948714067,0.10966419127444257,0.11828600002649654,-0.01288764638421786,0.03971563805956031,0.0300820532357972,-0.4210129627679302,-0.24497393994780164,-0.009233897668760836,0.3444836585236123,-0.31241198944631005,0.42848167106723273,-0.10585857969137931,0.140321140899365,0.0022046413086064627,-0.370621458706993,-0.38066054915859304,0.4958858173464752,0.13773419272512566,0.6688374853861361,0.23052420889414948,0.07998645966224635,0.28349939225617243,-0.24812487870160777,0.1366638541964233,-0.6846798205985644,0.061394497907049976,-0.25459360561464
0.05492355761120789,-0.2549367936950234,-0.8745930168594673,0.6667590948282093,-0.515070357342137,0.2568627040921345,0.2706568545650263,0.0034896012810364386,0.030663849670519976,-0.02149805812987133,-0.26308519616081444,-0.06623608042095483,-0.05143360096770705,-0.6256080072620966,-0.24746751262940178,-0.5114735167818186,0.3625986223947364,-1.037980922225933,0.32472009770263377,0.6909795725571017,0.9356932499291997,-0.9000917864951992,-0.323054460425831,0.3523905102783371,-0.08381001500928571,-0.20585464243967627,-0.2224731109935242,-0.188260444521735,-1.020301434669686,-0.6902655615503489,-0.7075327803246232,-0.5665375096437547,0.046604434614508077,0.4652485358584117,-0.3537301116298431,0.23052420889414948,1.0949145407684888,0.18526058352224514,0.8310470930341619,0.027894545614698625,-0.36331188188805025,-0.3193706876233144,-0.1239975244308208,0.4372034067313845
0.14216969266895563,0.09963186039015166,-0.16157252906014216,0.040765098936648404,-0.02110089464977839,0.1716468166177406,0.1751750810639285,0.04266591801130618,-0.02448207017520597,0.06610461283385836,0.08779735950041681,0.13520600823973056,-0.04672030914579523,0.024276070117682434,-0.13971140974036547,-0.04541548132910908,-0.08479062182639903,-0.09769533195088043,-0.21916303056879863,0.04570733997488953,0.10814481597776213,-0.09984286993601325,0.06019797155164058,-0.08539110969755703,-0.0751263099002599,-0.038643698733555484,-0.3352655900347383,-0.09851834145541578,-0.16193027190916784,-0.08600892275198749,-0.1404444245864804,-0.08336611538734993,-0.1601215832566658,0.04565097764526943,0.05169300208123721,0.07998645966224635,0.18526058352224514,0.2018003816337747,0.2109957272945522,0.0078776711269779,-0.13942656217908636,0.06392572648173761,-0.0424500941055422,-0.0141634576408388
0.14341309138644215,0.12366998563830482,-0.79639250704672,0.6383274732662648,-0.5394982781745479,0.19734795541074746,0.6551557082850894,0.20588124414963627,0.1626245926600513,-0.07686650797001737,-0.2318388773571014,0.006807109229662622,0.2884107784032341,-0.13707521992657046,-0.3705380930994195,-0.20393630596786663,-0.03374383538054428,-0.6369062241549985,-0.07418770658085067,0.541091066313872,0.6976839414371119,-0.8085693082112237,-0.542648473718073,0.11973681975223557,-0.41320717004680263,-0.09221894682033029,-0.5346522866120516,0.13993386697594784,-0.9961286570616528,-0.39727872167081735,-0.5970951362795412,-0.6902515173773547,-0.21799109206184067,0.44712542377593073,-0.010751006209195129,0.28349939225617243,0.8310470930341619,0.2109957272945522,0.9383734150758691,-0.12607514871224,-0.18243523897240774,-0.3032704131955339,-0.3614412990855341,0.23829144690580756
0.2655238882632305,-0.32461672178005935,-0.22837891127956073,0.0661675002052089,0.09157261729717776,0.11277023470758782,-0.4183120884584259,0.1644866152668161,-0.1805161327931711,0.10848376520338572,-0.06022493409063898,-0.12712211113478197,-0.7287110033573365,-0.29707772488327516,0.10115610088181426,-0.36521220492763756,0.4252789395426837,-0.4848410044140716,0.03717255790751087,0.11155564549793547,0.28801016862557577,0.02119520295982936,0.44575533165730846,0.26139681000804676,0.21355818356680323,-0.2628338119006623,0.20343477615001626,-0.5657046484879186,-0.04220560180525391,-0.29700061089315766,-0.1170687287229951,0.33613741544332354,0.18715082427423618,-0.19236608430530452,-0.34752013247582664,-0.24812487870160777,0.027894545614698625,0.0078776711269779,-0.12607514871224,0.2926219032685029,-0.2344963798313466,0.4317664360631784,0.21065861543166012,0.14356804417581678
-0.4879605602313737,0.2947171449972565,0.4770145004567352,-0.12427996233146626,-0.10400055309038514,-0.45477216540519766,0.3456451705170824,-0.15536026075637474,0.09019277045010625,-0.34897246977015955,-0.08475881520465202,-0.10385772753256696,0.8627908755358421,0.40765734346693305,0.17223394991943047,0.4380361102601704,-0.40407267308299655,0.8413346896095818,0.15247247661181634,-0.18392485850564277,-0.8074077474245294,0.16417380958006053,-0.6232221026367674,-0.2826569945192542,-0.21695833159512057,0.3866718182948006,0.05394723600928298,0.8054401646690323,0.330761512716671,0.611139644716254,0.5062116952151124,-0.1622394405179824,0.09616168691535575,0.10383602671159481,0.36500778981877946,0.1366638541964233,-0.36331188188805025,-0.13942656217908636,-0.18243523897240774,-0.2344963798313466,0.5602920361128954,-0.4935729569272069,-0.1936894427921598,-0.12219136771362879
1.9202966791248492,-0.22880464563266276,-0.6679671125896922,0.24758332452840223,0.37956378772964816,0.5743208598255148,-0.1816315545396086,1.399610160643281,-0.1881378250159787,0.6995447169939945,-0.07290937239318977,-0.2887818817668188,-2.137353544862758,0.33731641610398144,0.002185682524506422,-0.34423919110952905,0.16576741301952505,-0.5414826401565997,-1.142885397065008,-0.15903410493823952,0.5610688163963239,0.10345399598392414,1.6846226889177434,0.08669536123778447,-0.16858390508131993,-0.8816237453908582,-0.2566772883321608,-1.5544065338766069,-0.09410765712096507,-0.7422774751369868,-0.5834955175632662,0.7963310093756417,-0.15818405529255922,-1.12853429774577,0.06232920284498486,-0.6846798205985644,-0.3193706876233144,0.06392572648173761,-0.3032704131955339,0.4317664360631784,-0.4935729569272069,2.107511531888538,-0.17501654020216884,0.023951691409979284
-0.5625002941446403,-0.22090094355046738,0.4475931005404095,-0.4791157810547769,0.4808244386027837,0.08966636323619319,-0.7701406483854806,-0.6888071600673669,-0.09139365971950365,0.10019439207847877,0.3843585870913138,0.4901709071582052,-0.2516327927617147,-0.402124936858276,0.05753469340119022,-0.1507835907379373,0.4163266538018383,-0.3045968744952977,0.39495052898178573,-0.1314287582506183,0.13322421433635284,0.4880577051425096,0.35865988429207923,0.19773911243230827,0.6350811772951269,0.059867376913970274,0.4492298605591624,-0.31904443712340275,0.413370547687983,-0.021548628359553592,0.2135201138073154,0.3965133733226883,0.06518862400801627,0.10694813255060905,-0.478893836433331,0.061394497907049976,-0.1239975244308208,-0.0424500941055422,-0.3614412990855341,0.21065861543166012,-0.1936894427921598,-0.17501654020216884,0.6572233288098789,-0.1266368571138287
0.2105026741003504,-0.42418691756829946,-0.7059071339229112,0.5650163364553482,-0.5368560451233713,-0.0665551516311115,-0.11306333654726812,0.3357944142719428,-0.19615861673483959,-0.2274410592212422,-0.5529169196899516,-0.6881013359348541,-0.17822497140995033,-0.5924266513801455,0.17728513920092456,-0.5426369604998992,0.43492005361803876,-0.5948720480474057,0.33496774220741105,0.4671777401899562,0.2504480395273908,-0.5946868178837349,-0.3159934216828497,0.37998016490164793,-0.01918185547540636,-0.16070944033044385,0.22900702674331852,-0.1275008866285166,-0.503764466740577,-0.290257648220487,-0.18546292673253695,-0.09538657340009163,0.5383163480747404,0.031802276155396755,-0.26970009050794785,-0.25459360561464,0.4372034067313845,-0.0141634576408388,0.23829144690580756,0.14356804417581678,-0.12219136771362879,0.023951691409979284,-0.1266368571138287,0.597330597526783
