V1,V2,V3,V4,V5,V6,V7,V8,V9,V10,V11,V12,V13,V14,V15,V16,V17,V18,V19,V20,V21,V22,V23,V24,V25,V26,V27,V28,V29,V30,V31,V32,V33,V34,V35,V36,V37,V38,V39,V40,V41,V42,V43,V44
1.0851620191686957,-0.6485170198965573,-1.1244009318607786,0.8639729164513408,-0.3601965701829982,0.4763437410234285,-0.3584224772455074,0.6475264780112684,-0.2453105111007031,0.36496459498886896,-0.5580433518333203,-0.5345971477481659,-1.292146473753697,-0.8328072957825803,-0.06874842813121247,-0.9317521376660834,0.8177602418746959,-1.5183524144643925,0.05476309865896174,0.5904682199553422,1.2842302229121572,-0.6424330847654856,0.5991606629019475,0.6998265258187178,0.11598058248294545,-0.7144600799341008,0.29521584875406326,-1.1024081600502924,-0.8710383817521463,-1.0093532691863325,-0.842563823493428,0.1691489241683229,0.38278895771551247,-0.23330598629720073,-0.5026111347119362,-0.38410767313331673,0.6888929660540581,-0.015663727582889458,0.42066432394544667,0.30155834931937553,-0.652469183331218,0.8497215634803373,-0.09340691509882415,0.5459504896515097
-0.6485170198965573,1.6148814013089832,1.5488208823120306,-0.8515524933759382,0.5928884547271173,-0.33570712063800623,0.9016458181480551,-0.8690346179945005,-0.061436626396114635,0.3148187560438536,0.2626404848925599,1.3055230130177633,2.3468163262409827,0.688563458054341,-0.24701595994636966,0.9053811903666513,-1.0307968424486893,1.0764443636638978,-0.3756839592632066,-1.3778621717893902,0.0346769178769865,1.1167232886922724,0.032746555923253144,-0.6506981721573414,-0.08177661737339895,1.0732141284880035,0.3254343776024392,1.2433578962845944,1.2453252986139378,1.5241441027023175,1.2056431302138513,0.24768427673403565,-0.5765009324904591,0.1808630809014641,1.012983434270708,1.0249221185656796,-1.3536685527712877,-0.2361327644015083,-0.38036699780725336,-1.0967418530543465,0.7232857256972004,-0.30076672904632445,-0.5997578773392529,-0.8989224983305673
-1.1244009318607786,1.5488208823120306,2.353522696550883,-1.350323310021919,0.8571207925515771,-0.3851359292160657,0.8538136454083425,-1.2350691444535076,0.2473216561348064,0.12829157904853802,0.8651412154648898,1.3406566715358204,2.3945286785823234,1.3582631406590349,-0.1601716990123278,1.6720883690431259,-1.5934164231103132,2.4127082417460795,-0.4096554404252199,-1.5522823817456388,-1.5466489692714116,1.6351989131392402,-0.27508543417430403,-1.2435161161666366,-0.14708830428617692,1.1570179237683,-0.12154570068568568,1.6396585953853893,1.7664614075836738,1.8958523028904046,1.4230449862081034,0.039359555684012074,-0.8188306966549576,0.1418314212714965,1.5026919569068247,0.9707213003035827,-1.3644889895552592,-0.18255543605540922,-0.6861684357144399,-1.0234084210697003,0.9803108997297524,-0.8746289607010337,-0.2563926414830059,-1.2316754818423552
0.8639729164513408,-0.8515524933759382,-1.350323310021919,1.168548690512691,-0.6470219825050884,0.4744027449465719,-0.4084132211509544,0.6097547903328058,-0.16991264357790842,0.20229780931486047,-0.703858962478903,-0.709964504753936,-1.2128173813462544,-1.0984492628724378,-0.03252460681748423,-1.1320349770277203,0.976702694185143,-1.7471572517414917,0.3780523934580389,0.8887833943461786,1.2518110895656132,-0.8586461591117012,0.2799060896059361,0.9388402264823112,0.11460460118676392,-0.815376118151265,0.3830037416527751,-1.0326135333233624,-1.1619844771298884,-1.1634524249649065,-0.9141989199522649,-0.02477546369934553,0.6429280471581523,-0.012872692699920182,-0.5644189194694562,-0.4212655241513076,1.042814839023738,0.024398396303435578,0.6139575488236857,0.39451648002373235,-0.6389415990962108,0.4922434614065591,-0.030015244210452676,0.8220755357380591
-0.3601965701829982,0.5928884547271173,0.8571207925515771,-0.6470219825050884,0.5280941453291793,-0.15266360270240564,0.23519908289805935,-0.4210272911497703,0.059048605348691136,0.08481169618562524,0.37040836783295444,0.6620259968173515,0.7328820992587177,0.5580177668344984,-0.03834143659719104,0.5935769178172634,-0.5573190693627011,0.760852622850109,-0.25365741791367574,-0.63911722953488,-0.3929533792889746,0.6239655899619342,0.08675410124568593,-0.4359945103197471,0.016602346258555126,0.46529245823702386,-0.037520413419714904,0.4309312502117994,0.7381983569265123,0.6673270854066924,0.55862999594137,0.16317407764130093,-0.39218067783010063,-0.034690032705292626,0.39647782900219125,0.35748464471825864,-0.6584129623402183,-0.09142411586288615,-0.35940921175460416,-0.3477169404291482,0.3291977767507613,-0.09528605782864974,-0.062399486535231974,-0.49384489702516066
0.4763437410234285,-0.33570712063800623,-0.3851359292160657,0.4744027449465719,-0.15266360270240564,0.6598668732382897,-0.3331345905425924,0.19831789331385719,0.2628019565637101,0.2127780388213428,-9.388096374538903e-4,-0.10375644054636149,-0.7137004947497113,-0.26723678798942613,-0.17786554772872806,-0.31782297149220784,0.06171877859301473,-0.4266005110991701,-0.07375134959001689,0.3224976986631474,-0.14930635189829536,-0.1310301684409291,0.08529142078915006,0.31885525303093887,0.11555689540408418,-0.5631816084310881,-0.08040498059995599,-0.5535179699161129,-0.4482494404902774,-0.6169792476443944,-0.5166442911006242,-0.07785507843896655,0.19088054590954204,-0.11919846921733931,0.17138176440621838,-0.2936410517887967,0.55707836384478,0.10116274091796769,0.29805792167706363,0.23413416908317622,-0.42501799445738,0.09943579888177365,0.19925428742535925,0.25735228182211883
-0.3584224772455074,0.9016458181480551,0.8538136454083425,-0.4084132211509544,0.23519908289805935,-0.3331345905425924,0.8187443415186584,-0.45835481237306525,-0.11076818990609147,0.12000618304188522,0.1268613294702365,0.6290752204054465,1.3253560470528893,0.5034868565084231,-0.10495354330551977,0.6279693677968152,-0.60454022987579,0.7640526185392731,-0.17115098489928426,-0.6876626544325289,-0.02794574834218126,0.5165173502372176,-0.008791627810196352,-0.5394909167789155,-0.23574692835151664,0.6214724695684121,-0.0072581630995919594,0.8073562024610891,0.6075860755239423,0.885449289592051,0.6082958611337893,-0.01049793582923346,-0.3923047983914061,0.1552408594521191,0.6149189477427439,0.6865462116938073,-0.5882666758999812,-0.08785724642608843,-0.13758572496426322,-0.6283626073854489,0.5289662422947091,-0.21391083685052467,-0.4633725298379362,-0.5318497696211691
0.6475264780112684,-0.8690346179945005,-1.2350691444535076,0.6097547903328058,-0.4210272911497703,0.19831789331385719,-0.45835481237306525,0.9075513545813075,0.009388657483549046,-0.22534275845799207,-0.28987126986589146,-0.876369222875115,-1.5827143148391307,-0.3492377264595482,0.15533699292870398,-0.7139724580909429,0.6447712475832391,-0.8199212455800745,-0.0240123829133142,0.84163428511885,0.14493230922595005,-0.8809101577040358,0.06706271145179302,0.455653122079754,-0.050536037986724985,-0.6971344726272849,-0.2970536764291016,-0.8572233141249114,-0.8835967436413797,-1.0386330585812777,-0.7652707541790533,-0.07062795391939573,0.36126425772996085,-0.259780032167049,-0.7285088896056613,-0.7355483001612333,0.6411751423772574,0.2044992220664638,0.25239413447483633,0.7341880672155295,-0.4727807268927441,0.5223282145045338,0.2549441282006539,0.6044070504607402
-0.2453105111007031,-0.061436626396114635,0.2473216561348064,-0.16991264357790842,0.059048605348691136,0.2628019565637101,-0.11076818990609147,0.009388657483549046,0.6637033336764305,-0.2499870316092877,0.4821465948384774,0.04005508032889499,-0.10148330248326615,0.6254638824690573,-0.06322860466651462,0.5054714904516739,-0.6891448678949086,0.9547449483115762,-0.2508371359292208,0.07651547633431204,-1.538251797192541,0.18882363886862197,-0.5758136348695727,-0.3212416466086992,-0.11013384268064384,-0.15018108421944334,-0.6219194417877839,0.239582467377446,0.07460739061344152,0.0343968686150139,-0.044157084311381004,-0.36134674440653997,-0.15675656837515892,-0.05345496199615317,0.554740848279143,-0.2868592307329234,0.12694488205444945,0.13607472300113488,-0.0331852836413566,0.17793548249442423,0.06998657371321264,-0.5458026954081747,0.34364394264508374,-0.107903015097774
0.36496459498886896,0.3148187560438536,0.12829157904853802,0.20229780931486047,0.08481169618562524,0.2127780388213428,0.12000618304188522,-0.22534275845799207,-0.2499870316092877,0.6598164079501613,-0.2837883881608536,0.4508792745671821,0.4915400263595146,-0.5127187141970095,-0.24197659534995167,-0.22170613009813492,0.18478870309549256,-0.8227633604536618,0.07907052423972259,-0.3655134216378056,1.4851715721071992,0.33981024619681843,0.634177015113168,0.35678126632214513,0.14781020387680463,0.02756569102192518,0.7386053187606904,-0.224986804287413,0.07985415291646376,0.12269968480441378,0.03098926733686186,0.3250391287050892,-0.007757453672688304,0.0929528567993274,0.2626774526526335,0.3990013821963341,-0.12840122085510658,-0.26170803207680354,0.11407857718610141,-0.5065110138237016,-0.10678574633734096,0.3410550951999965,-0.4204535022735203,-0.05214864685051478
-0.5580433518333203,0.2626404848925599,0.8651412154648898,-0.703858962478903,0.37040836783295444,-9.388096374538903e-4,0.1268613294702365,-0.28987126986589146,0.4821465948384774,-0.2837883881608536,0.8487340552351933,0.26133740102307307,0.12275469199002574,1.0713219517073895,0.0013766306808372058,0.9457293855685218,-0.8714870344282798,1.7281544673965068,-0.38355200059373024,-0.2938627609373309,-1.9987881514178203,0.5436672674489513,-0.38911435922397825,-0.8370107943555882,-0.16406271794107138,0.15283942278472895,-0.8594530575675393,0.5703374652474124,0.5832063735365837,0.4284065298973162,0.27177893055662605,-0.2784892231507849,-0.4732398309637754,-0.08176883769101859,0.5701342536941303,-0.023075924495461746,-0.2544036248318255,0.2430291562539423,-0.3281253872700285,0.13104930649101174,0.3022723058304634,-0.5803287643820134,0.4168407579411828,-0.5438925435838122
-0.5345971477481659,1.3055230130177633,1.3406566715358204,-0.709964504753936,0.6620259968173515,-0.10375644054636149,0.6290752204054465,-0.876369222875115,0.04005508032889499,0.4508792745671821,0.26133740102307307,1.4597663377288368,1.9592539466157217,0.40583475703554683,-0.2912384652584372,0.6998461015193915,-0.8775198411858528,0.5174274333658243,-0.2324565026489528,-1.1833082378398272,0.4009297612945928,1.0820766021108013,0.18645014706352497,-0.3638516653815365,0.08571876900410384,0.8569314832149691,0.4672779820972781,0.8007720800115463,1.0473241139298792,1.2285419842371903,0.9776439173250946,0.3158036819402245,-0.4910005352287702,0.19208340911787425,0.9410112780046841,0.9496435181986393,-1.0380264941301778,-0.30758518767422927,-0.31817314415298636,-0.9894447300798223,0.5316924852846713,-0.23517905248583781,-0.47513605557264127,-0.7278197593214945
-1.292146473753697,2.3468163262409827,2.3945286785823234,-1.2128173813462544,0.7328820992587177,-0.7137004947497113,1.3253560470528893,-1.5827143148391307,-0.10148330248326615,0.4915400263595146,0.12275469199002574,1.9592539466157217,4.39428911335561,0.669539740855285,-0.3755178722718871,1.3852695859730286,-1.5353774360936887,1.3102975714476142,-0.12221620032794829,-2.095147145033427,0.6849262116829528,1.7670079451546803,-0.3122294268285021,-0.6748974227308111,-0.09869439284307484,1.8579666371989343,1.0362883434459709,2.15060352572525,1.915060444329464,2.6366590807017825,2.043569805616783,0.30471125642447827,-0.7043389802894123,0.6397572939430469,1.727628648522778,1.7145531249658672,-1.992420286824521,-0.6508805448576992,-0.512202511468884,-2.031440992985259,1.27932291496301,-0.9152991076140797,-1.1710256996643746,-1.1147885324516946
-0.8328072957825803,0.688563458054341,1.3582631406590349,-1.0984492628724378,0.5580177668344984,-0.26723678798942613,0.5034868565084231,-0.3492377264595482,0.6254638824690573,-0.5127187141970095,1.0713219517073895,0.40583475703554683,0.669539740855285,1.8094685276640812,0.05478478605833357,1.504546718718867,-1.4727353442637656,2.7426031075973873,-0.6865687664287682,-0.6105915018137855,-2.909514269349792,0.7839865682542438,-0.7032200062164027,-1.3347898859304979,-0.4118886731596066,0.4855586981719184,-1.221109904856758,1.1553565646355524,1.0194732832855842,0.9489018895989533,0.6863672769384057,-0.39709580141332623,-0.7460635004043721,-0.14524952214827025,0.9320523661093856,0.08901951874005408,-0.7197501210314298,0.27338300406920757,-0.5386036950076665,-0.02568962090206829,0.699451840016234,-0.7695192750500573,0.3097750094125526,-0.8431021522798645
-0.06874842813121247,-0.24701595994636966,-0.1601716990123278,-0.03252460681748423,-0.03834143659719104,-0.17786554772872806,-0.10495354330551977,0.15533699292870398,-0.06322860466651462,-0.24197659534995167,0.0013766306808372058,-0.2912384652584372,-0.3755178722718871,0.05478478605833357,0.19633194587031194,-0.04585985141607254,0.16074645289948172,0.11042783053500038,0.07419103573814065,0.18945421290070233,-0.3122305323681966,-0.2059369685229313,-0.08640693312172464,-0.054396389583620294,-0.020947382957673625,-0.03665014260601977,-0.15794920140491894,-0.06327251951174369,-0.06476569445231349,-0.11451513781589588,-0.035672916814230356,-0.012164555995608626,0.09119573356457435,-0.07070417620783896,-0.3051264431888312,-0.18974762076658613,0.0640650660062126,0.06899549407941567,-0.09045210185384299,0.25540347555701326,0.026094898571010387,0.03552436516673235,0.1509495704307534,0.0993357649587086
-0.9317521376660834,0.9053811903666513,1.6720883690431259,-1.1320349770277203,0.5935769178172634,-0.31782297149220784,0.6279693677968152,-0.7139724580909429,0.5054714904516739,-0.22170613009813492,0.9457293855685218,0.6998461015193915,1.3852695859730286,1.504546718718867,-0.04585985141607254,1.6289493973939397,-1.474797620639508,2.490726117317143,-0.4611897469390301,-0.9109013495432935,-2.1454038867745004,1.0757390535416085,-0.6244500764176412,-1.2770698467055397,-0.3240126175974596,0.7472831503776199,-0.742213117223378,1.3342976287456487,1.1912680246346588,1.3315375376867686,0.8470676868071357,-0.30244624591598745,-0.7888627230700958,0.05339759055097224,1.2097391865622338,0.43744335327389666,-0.7990450316998119,0.004583131930033871,-0.5136167648595831,-0.49188194032374266,0.7799852407078065,-0.9166714220164777,0.03543121171813953,-0.9602627938111954
0.8177602418746959,-1.0307968424486893,-1.5934164231103132,0.976702694185143,-0.5573190693627011,0.06171877859301473,-0.60454022987579,0.6447712475832391,-0.6891448678949086,0.18478870309549256,-0.8714870344282798,-0.8775198411858528,-1.5353774360936887,-1.4727353442637656,0.16074645289948172,-1.474797620639508,1.7108427618348152,-2.3449946665438968,0.5977742967458805,0.9219307512063541,2.2834724733616074,-1.0873210879255542,0.7379109234135531,1.0993654566510762,0.28128709455222783,-0.6695164142259749,0.7104701733519998,-1.2816317746609345,-1.140758234900038,-1.271683869397426,-0.9050456659294118,0.2859073842742297,0.649260755915211,-0.004812532677117739,-1.4761089379907995,-0.40137397703535377,0.8271327108935895,-0.023888287329051315,0.4365261997017789,0.5356946564827932,-0.7362661650917796,0.9171528006073818,0.010322143430382626,0.8368196597939288
-1.5183524144643925,1.0764443636638978,2.4127082417460795,-1.7471572517414917,0.760852622850109,-0.4266005110991701,0.7640526185392731,-0.8199212455800745,0.9547449483115762,-0.8227633604536618,1.7281544673965068,0.5174274333658243,1.3102975714476142,2.7426031075973873,0.11042783053500038,2.490726117317143,-2.3449946665438968,4.654408955924516,-0.8786531131581596,-1.0130222747894082,-4.960419343103591,1.3956581586641885,-1.272149623586967,-2.2005942067435424,-0.5952744079233417,0.8059169598032383,-1.8419709769842572,2.0636758502126846,1.7351700916339219,1.661771035057486,1.162856022360954,-0.7068393715614966,-1.0625240445443473,-0.13317712298113324,1.659141291442669,0.17715842636896395,-1.0510458781088268,0.4336980806285119,-0.8630426053588555,-0.09524249173029518,1.1461890324188189,-1.5542258109837095,0.5538099469261153,-1.3815880359484403
0.05476309865896174,-0.3756839592632066,-0.4096554404252199,0.3780523934580389,-0.25365741791367574,-0.07375134959001689,-0.17115098489928426,-0.0240123829133142,-0.2508371359292208,0.07907052423972259,-0.38355200059373024,-0.2324565026489528,-0.12221620032794829,-0.6865687664287682,0.07419103573814065,-0.4611897469390301,0.5977742967458805,-0.8786531131581596,0.5039253028396965,0.3052324093432024,0.9685713216740951,-0.2780003770768126,0.09930015947711696,0.4605098013387766,0.13217077417235124,-0.11761315953618744,0.4984619634363838,-0.27696765060483464,-0.3541332073478429,-0.2547045211861316,-0.19930774690846342,0.05328098870303559,0.32042621390001397,0.19397899725594156,-0.3760203826465784,0.012939862112010616,0.3754845068626919,-0.1342767201185295,0.17443359697037486,0.017390210135728567,-0.1290136473465294,0.018279521819861852,-0.07516844598065638,0.3453095029229308
0.5904682199553422,-1.3778621717893902,-1.5522823817456388,0.8887833943461786,-0.63911722953488,0.3224976986631474,-0.6876626544325289,0.84163428511885,0.07651547633431204,-0.3655134216378056,-0.2938627609373309,-1.1833082378398272,-2.095147145033427,-0.6105915018137855,0.18945421290070233,-0.9109013495432935,0.9219307512063541,-1.0130222747894082,0.3052324093432024,1.3600123784219535,-0.08357064557686684,-1.1795845992263632,-0.1356704015808488,0.6122282541492085,0.012663788223303388,-0.9992295116588547,-0.4102592887977161,-1.065302563396465,-1.276362072480948,-1.4725165004077239,-1.144207686162788,-0.3292604576159874,0.54756261193704,-0.12432474500594298,-0.9607881577467711,-0.9007621057865894,1.2869040827373899,0.3036712473573219,0.4660168197667916,1.037782138965885,-0.6598962237009548,0.24422457611944057,0.5134938214456791,0.8519728758185764
1.2842302229121572,0.0346769178769865,-1.5466489692714116,1.2518110895656132,-0.3929533792889746,-0.14930635189829536,-0.02794574834218126,0.14493230922595005,-1.538251797192541,1.4851715721071992,-1.9987881514178203,0.4009297612945928,0.6849262116829528,-2.909514269349792,-0.3122305323681966,-2.1454038867745004,2.2834724733616074,-4.960419343103591,0.9685713216740951,-0.08357064557686684,7.156052195194288,-0.6186797660761264,1.912068114210171,2.1327176366094975,0.5765341042835181,0.10979577414676497,2.890517544431311,-1.3903731016910117,-0.919094622764869,-0.47470531554686607,-0.3596022857953575,1.1673334783487128,0.6022544665592452,0.4987969417819516,-1.3219364166292902,0.8707846678070552,-0.02223678572186305,-0.9355164154688326,0.6422385217545206,-1.0822525626418922,-0.6627356929860174,1.7318731580512614,-1.4648346160430694,0.8088556405114087
-0.6424330847654856,1.1167232886922724,1.6351989131392402,-0.8586461591117012,0.6239655899619342,-0.1310301684409291,0.5165173502372176,-0.8809101577040358,0.18882363886862197,0.33981024619681843,0.5436672674489513,1.0820766021108013,1.7670079451546803,0.7839865682542438,-0.2059369685229313,1.0757390535416085,-1.0873210879255542,1.3956581586641885,-0.2780003770768126,-1.1795845992263632,-0.6186797660761264,1.3898961410041395,0.04921157063641998,-0.6554367019722591,-0.04364398922042923,0.6957234317066807,0.19831041074196135,0.9806765160794765,1.2673057942406514,1.3522762915641082,1.007805591072145,0.18671181404883838,-0.5258575708818526,0.14067230155905086,1.258997548561353,0.7107403536566145,-1.0191791523215037,-0.19983479895363135,-0.49007377263605445,-0.8207002569000063,0.6489168922432985,-0.5119634910127312,-0.2658600006171224,-0.8205205205840927
0.5991606629019475,0.032746555923253144,-0.27508543417430403,0.2799060896059361,0.08675410124568593,0.08529142078915006,-0.008791627810196352,0.06706271145179302,-0.5758136348695727,0.634177015113168,-0.38911435922397825,0.18645014706352497,-0.3122294268285021,-0.7032200062164027,-0.08640693312172464,-0.6244500764176412,0.7379109234135531,-1.272149623586967,0.09930015947711696,-0.1356704015808488,1.912068114210171,0.04921157063641998,1.1603338331613522,0.5164626374960926,0.19624467319110692,-0.191622338959353,0.7337670484589255,-0.6948410618866407,-0.07673547089748818,-0.29783696334583426,-0.15552334691362196,0.5300469850536699,0.09470272554236539,-0.055273698066128356,-0.38769224562342874,0.24189166404793383,-0.07020585164913476,-0.11840246135027421,0.02339334229038051,-0.1375867080888163,-0.2660809169638172,0.8728823172098262,-0.31448243175836027,0.07510420444951699
0.6998265258187178,-0.6506981721573414,-1.2435161161666366,0.9388402264823112,-0.4359945103197471,0.31885525303093887,-0.5394909167789155,0.455653122079754,-0.3212416466086992,0.35678126632214513,-0.8370107943555882,-0.3638516653815365,-0.6748974227308111,-1.3347898859304979,-0.054396389583620294,-1.2770698467055397,1.0993654566510762,-2.2005942067435424,0.4605098013387766,0.6122282541492085,2.1327176366094975,-0.6554367019722591,0.5164626374960926,1.289557119841458,0.28386327896872626,-0.5788568570529081,0.9277484642875946,-1.0505534637994238,-0.8626700683065492,-0.9331111598057337,-0.5592557545670853,0.28695615532690444,0.6504797608655354,0.10554105422870415,-0.6968583083052075,-0.255613859598338,0.5532891726842479,-0.160441065846587,0.43080037427187284,0.16522101727528404,-0.558636393463514,0.6123617708571747,-0.1872794800183213,0.8632348465484483
0.11598058248294545,-0.08177661737339895,-0.14708830428617692,0.11460460118676392,0.016602346258555126,0.11555689540408418,-0.23574692835151664,-0.050536037986724985,-0.11013384268064384,0.14781020387680463,-0.16406271794107138,0.08571876900410384,-0.09869439284307484,-0.4118886731596066,-0.020947382957673625,-0.3240126175974596,0.28128709455222783,-0.5952744079233417,0.13217077417235124,0.012663788223303388,0.5765341042835181,-0.04364398922042923,0.19624467319110692,0.28386327896872626,0.23172291519615057,-0.038406396258138464,0.35006472397092847,-0.26884099141447076,-0.07597283341577131,-0.14503243367580607,-0.05171039366184812,0.19174750035747912,0.15983839088343796,-0.011922639535578431,-0.21009171106433341,-0.001360505138812614,0.030039250845601495,-0.09294420599648376,0.024704628868571558,-0.025345994068563926,-0.18660347079934442,0.17789889736971023,0.019373625703315814,0.10769793885131464
-0.7144600799341008,1.0732141284880035,1.1570179237683,-0.815376118151265,0.46529245823702386,-0.5631816084310881,0.6214724695684121,-0.6971344726272849,-0.15018108421944334,0.02756569102192518,0.15283942278472895,0.8569314832149691,1.8579666371989343,0.4855586981719184,-0.03665014260601977,0.7472831503776199,-0.6695164142259749,0.8059169598032383,-0.11761315953618744,-0.9992295116588547,0.10979577414676497,0.6957234317066807,-0.191622338959353,-0.5788568570529081,-0.038406396258138464,1.0591809255409883,0.2739435804899544,1.0607030312987986,0.9803628519282651,1.2973868083726618,1.0097039756649362,0.18031710032755177,-0.4408294816088246,0.1833141410580118,0.47983406998716394,0.7720790959408741,-1.058040739664164,-0.28312208501244035,-0.3868638787084696,-0.8429783062665359,0.6358045944955438,-0.3211863153113613,-0.43984405705724994,-0.6548873976144047
0.29521584875406326,0.3254343776024392,-0.12154570068568568,0.3830037416527751,-0.037520413419714904,-0.08040498059995599,-0.0072581630995919594,-0.2970536764291016,-0.6219194417877839,0.7386053187606904,-0.8594530575675393,0.4672779820972781,1.0362883434459709,-1.221109904856758,-0.15794920140491894,-0.742213117223378,0.7104701733519998,-1.8419709769842572,0.4984619634363838,-0.4102592887977161,2.890517544431311,0.19831041074196135,0.7337670484589255,0.9277484642875946,0.35006472397092847,0.2739435804899544,1.6284853625590807,-0.25129473706676186,0.05341354326958075,0.25593142262782037,0.28997932651145514,0.6216507466718885,0.32320745051313343,0.2749757359976264,-0.15482850086958405,0.5519984650744159,-0.3624835214488676,-0.5614260245077188,0.1101340117767111,-0.7790356452736119,-0.0787843310196535,0.50291504223638,-0.7293482091849711,0.23325156617754006
-1.1024081600502924,1.2433578962845944,1.6396585953853893,-1.0326135333233624,0.4309312502117994,-0.5535179699161129,0.8073562024610891,-0.8572233141249114,0.239582467377446,-0.224986804287413,0.5703374652474124,0.8007720800115463,2.15060352572525,1.1553565646355524,-0.06327251951174369,1.3342976287456487,-1.2816317746609345,2.0636758502126846,-0.27696765060483464,-1.065302563396465,-1.3903731016910117,0.9806765160794765,-0.6948410618866407,-1.0505534637994238,-0.26884099141447076,1.0607030312987986,-0.25129473706676186,1.6584545825722916,1.2341113382656412,1.5785534205432814,1.1572268693914192,-0.20691607035784257,-0.6214904249633763,0.23764310041933973,1.027975249967715,0.7048567313710459,-1.093813186453229,-0.09301435504636989,-0.44851288554555613,-0.7848167123026061,0.8860370698308161,-0.9373204691180785,-0.25923898021025876,-0.899807140125517
-0.8710383817521463,1.2453252986139378,1.7664614075836738,-1.1619844771298884,0.7381983569265123,-0.4482494404902774,0.6075860755239423,-0.8835967436413797,0.07460739061344152,0.07985415291646376,0.5832063735365837,1.0473241139298792,1.915060444329464,1.0194732832855842,-0.06476569445231349,1.1912680246346588,-1.140758234900038,1.7351700916339219,-0.3541332073478429,-1.276362072480948,-0.919094622764869,1.2673057942406514,-0.07673547089748818,-0.8626700683065492,-0.07597283341577131,0.9803628519282651,0.05341354326958075,1.2341113382656412,1.4999204275517957,1.5331873694867455,1.2560513032800193,0.19087797250956515,-0.6140424011855337,0.07569632793192672,0.9878707761781979,0.7262001777054068,-1.3309527652522146,-0.1723156758117102,-0.6729431517681416,-0.7989803684918113,0.7982436410795741,-0.4907408511413031,-0.2617966880087233,-0.9242866774366691
-1.0093532691863325,1.5241441027023175,1.8958523028904046,-1.1634524249649065,0.6673270854066924,-0.6169792476443944,0.885449289592051,-1.0386330585812777,0.0343968686150139,0.12269968480441378,0.4284065298973162,1.2285419842371903,2.6366590807017825,0.9489018895989533,-0.11451513781589588,1.3315375376867686,-1.271683869397426,1.661771035057486,-0.2547045211861316,-1.4725165004077239,-0.47470531554686607,1.3522762915641082,-0.29783696334583426,-0.9331111598057337,-0.14503243367580607,1.2973868083726618,0.25593142262782037,1.5785534205432814,1.5331873694867455,1.9392028831519756,1.4392160574891575,0.16678674498687743,-0.6641707333808563,0.24845728556300836,1.2094714423979926,1.0026780655877023,-1.4538411122900223,-0.34891416974664974,-0.5956224168259301,-1.1705546553087047,0.9786344606559092,-0.670857781029499,-0.5476903268870469,-1.008754505886254
-0.842563823493428,1.2056431302138513,1.4230449862081034,-0.9141989199522649,0.55862999594137,-0.5166442911006242,0.6082958611337893,-0.7652707541790533,-0.044157084311381004,0.03098926733686186,0.27177893055662605,0.9776439173250946,2.043569805616783,0.6863672769384057,-0.035672916814230356,0.8470676868071357,-0.9050456659294118,1.162856022360954,-0.19930774690846342,-1.144207686162788,-0.3596022857953575,1.007805591072145,-0.15552334691362196,-0.5592557545670853,-0.05171039366184812,1.0097039756649362,0.28997932651145514,1.1572268693914192,1.2560513032800193,1.4392160574891575,1.2712003351588466,0.24644528354659068,-0.38668399553560073,0.1708948533894702,0.7824951853783826,0.7566130576138032,-1.2735214522735627,-0.21628867602885318,-0.54069961781476406,-0.8250962313180505,0.7861575705558705,-0.42540515663673584,-0.3901651120378406,-0.6653353699143241
0.1691489241683229,0.24768427673403565,0.039359555684012074,-0.02477546369934553,0.16317407764130093,-0.07785507843896655,-0.01049793582923346,-0.07062795391939573,-0.36134674440653997,0.3250391287050892,-0.2784892231507849,0.3158036819402245,0.30471125642447827,-0.39709580141332623,-0.012164555995608626,-0.30244624591598745,0.2859073842742297,-0.7068393715614966,0.05328098870303559,-0.3292604576159874,1.1673334783487128,0.18671181404883838,0.5300469850536699,0.28695615532690444,0.19174750035747912,0.18031710032755177,0.6216507466718885,-0.20691607035784257,0.19087797250956515,0.16678674498687743,0.24644528354659068,0.4740226653819616,0.0939278534858566,-0.02493614413720553,-0.1438341742421007,0.24810958414400874,-0.3986800922895153,-0.1899056899955909,-0.1306642166879342,-0.26523902172716096,-0.005609331177317955,0.46539654999439245,-0.2609172471917343,-0.005642507937728428
0.38278895771551247,-0.5765009324904591,-0.8188306966549576,0.6429280471581523,-0.39218067783010063,0.19088054590954204,-0.3923047983914061,0.36126425772996085,-0.15675656837515892,-0.007757453672688304,-0.4732398309637754,-0.4910005352287702,-0.7043389802894123,-0.7460635004043721,0.09119573356457435,-0.7888627230700958,0.649260755915211,-1.0625240445443473,0.32042621390001397,0.54756261193704,0.6022544665592452,-0.5258575708818526,0.09470272554236539,0.6504797608655354,0.15983839088343796,-0.4408294816088246,0.32320745051313343,-0.6214904249633763,-0.6140424011855337,-0.6641707333808563,-0.38668399553560073,0.0939278534858566,0.574117532080718,-0.02087870845020054,-0.44985610927003794,-0.3233712574241663,0.519033312985104,0.02393279200742762,0.24025566189175732,0.3295626299810162,-0.33184731307804416,0.2687088861192286,0.06362089960630914,0.5981196239477385
-0.23330598629720073,0.1808630809014641,0.1418314212714965,-0.012872692699920182,-0.034690032705292626,-0.11919846921733931,0.1552408594521191,-0.259780032167049,-0.05345496199615317,0.0929528567993274,-0.08176883769101859,0.19208340911787425,0.6397572939430469,-0.14524952214827025,-0.07070417620783896,0.05339759055097224,-0.004812532677117739,-0.13317712298113324,0.19397899725594156,-0.12432474500594298,0.4987969417819516,0.14067230155905086,-0.055273698066128356,0.10554105422870415,-0.011922639535578431,0.1833141410580118,0.2749757359976264,0.23764310041933973,0.07569632793192672,0.24845728556300836,0.1708948533894702,-0.02493614413720553,-0.02087870845020054,0.2804628921680444,0.1375551013126696,0.2781026800306624,-0.0676986974249396,-0.09359669762418764,0.057106335313416204,-0.27478194593000094,0.14611281122413303,-0.2450662356920363,-0.189761699929588,-4.5302733644638404e-4
-0.5026111347119362,1.012983434270708,1.5026919569068247,-0.5644189194694562,0.39647782900219125,0.17138176440621838,0.6149189477427439,-0.7285088896056613,0.554740848279143,0.2626774526526335,0.5701342536941303,0.9410112780046841,1.727628648522778,0.9320523661093856,-0.3051264431888312,1.2097391865622338,-1.4761089379907995,1.659141291442669,-0.3760203826465784,-0.9607881577467711,-1.3219364166292902,1.258997548561353,-0.38769224562342874,-0.6968583083052075,-0.21009171106433341,0.47983406998716394,-0.15482850086958405,1.027975249967715,0.9878707761781979,1.2094714423979926,0.7824951853783826,-0.1438341742421007,-0.44985610927003794,0.1375551013126696,1.767074147967074,0.5618292574060448,-0.6123460228342041,-0.13578807382271524,-0.2435256921948176,-0.7917892324372496,0.6288199747542147,-0.8077297249680052,-0.2813322904921791,-0.6643216355544754
-0.38410767313331673,1.0249221185656796,0.9707213003035827,-0.4212655241513076,0.35748464471825864,-0.2936410517887967,0.6865462116938073,-0.7355483001612333,-0.2868592307329234,0.3990013821963341,-0.023075924495461746,0.9496435181986393,1.7145531249658672,0.08901951874005408,-0.18974762076658613,0.43744335327389666,-0.40137397703535377,0.17715842636896395,0.012939862112010616,-0.9007621057865894,0.8707846678070552,0.7107403536566145,0.24189166404793383,-0.255613859598338,-0.001360505138812614,0.7720790959408741,0.5519984650744159,0.7048567313710459,0.7262001777054068,1.0026780655877023,0.7566130576138032,0.24810958414400874,-0.3233712574241663,0.2781026800306624,0.5618292574060448,0.9373149759294822,-0.7310564602435828,-0.2766080186309387,-0.15429430369268898,-0.9024724512898478,0.4689732060178597,-0.12766419731472445,-0.5862554372533534,-0.5197999670691931
0.6888929660540581,-1.3536685527712877,-1.3644889895552592,1.042814839023738,-0.6584129623402183,0.55707836384478,-0.5882666758999812,0.6411751423772574,0.12694488205444945,-0.12840122085510658,-0.2544036248318255,-1.0380264941301778,-1.992420286824521,-0.7197501210314298,0.0640650660062126,-0.7990450316998119,0.8271327108935895,-1.0510458781088268,0.3754845068626919,1.2869040827373899,-0.02223678572186305,-1.0191791523215037,-0.07020585164913476,0.5532891726842479,0.030039250845601495,-1.058040739664164,-0.3624835214488676,-1.093813186453229,-1.3309527652522146,-1.4538411122900223,-1.2735214522735627,-0.3986800922895153,0.519033312985104,-0.0676986974249396,-0.6123460228342041,-0.7310564602435828,1.5943966859138745,0.2467786089503719,0.6222529107189438,0.8549892038074597,-0.723739174558126,0.13040499943487935,0.44485211321026896,0.7907813960156085
-0.015663727582889458,-0.2361327644015083,-0.18255543605540922,0.024398396303435578,-0.09142411586288615,0.10116274091796769,-0.08785724642608843,0.2044992220664638,0.13607472300113488,-0.26170803207680354,0.2430291562539423,-0.30758518767422927,-0.6508805448576992,0.27338300406920757,0.06899549407941567,0.004583131930033871,-0.023888287329051315,0.4336980806285119,-0.1342767201185295,0.3036712473573219,-0.9355164154688326,-0.19983479895363135,-0.11840246135027421,-0.160441065846587,-0.09294420599648376,-0.28312208501244035,-0.5614260245077188,-0.09301435504636989,-0.1723156758117102,-0.34891416974664974,-0.21628867602885318,-0.1899056899955909,0.02393279200742762,-0.09359669762418764,-0.13578807382271524,-0.2766080186309387,0.2467786089503719,0.3297746211423726,0.01607413935800554,0.45895186290213963,-0.08019421582198007,-0.06991611457497011,0.33447845730529346,0.05843960020085611
0.42066432394544667,-0.38036699780725336,-0.6861684357144399,0.6139575488236857,-0.35940921175460416,0.29805792167706363,-0.13758572496426322,0.25239413447483633,-0.0331852836413566,0.11407857718610141,-0.3281253872700285,-0.31817314415298636,-0.512202511468884,-0.5386036950076665,-0.09045210185384299,-0.5136167648595831,0.4365261997017789,-0.8630426053588555,0.17443359697037486,0.4660168197667916,0.6422385217545206,-0.49007377263605445,0.02339334229038051,0.43080037427187284,0.024704628868571558,-0.3868638787084696,0.1101340117767111,-0.44851288554555613,-0.6729431517681416,-0.5956224168259301,-0.54069961781476406,-0.1306642166879342,0.24025566189175732,0.057106335313416204,-0.2435256921948176,-0.15429430369268898,0.6222529107189438,0.01607413935800554,0.43976849700642595,0.1388747812233573,-0.35932935574466834,0.14009016835610594,-0.03297902312473718,0.38310819993358014
0.30155834931937553,-1.0967418530543465,-1.0234084210697003,0.39451648002373235,-0.3477169404291482,0.23413416908317622,-0.6283626073854489,0.7341880672155295,0.17793548249442423,-0.5065110138237016,0.13104930649101174,-0.9894447300798223,-2.031440992985259,-0.02568962090206829,0.25540347555701326,-0.49188194032374266,0.5356946564827932,-0.09524249173029518,0.017390210135728567,1.037782138965885,-1.0822525626418922,-0.8207002569000063,-0.1375867080888163,0.16522101727528404,-0.025345994068563926,-0.8429783062665359,-0.7790356452736119,-0.7848167123026061,-0.7989803684918113,-1.1705546553087047,-0.8250962313180505,-0.26523902172716096,0.3295626299810162,-0.27478194593000094,-0.7917892324372496,-0.9024724512898478,0.8549892038074597,0.45895186290213963,0.1388747812233573,1.1469871268924863,-0.46046217057362515,0.1644269117020077,0.7355253713279136,0.5043948878734806
-0.652469183331218,0.7232857256972004,0.9803108997297524,-0.6389415990962108,0.3291977767507613,-0.42501799445738,0.5289662422947091,-0.4727807268927441,0.06998657371321264,-0.10678574633734096,0.3022723058304634,0.5316924852846713,1.27932291496301,0.699451840016234,0.026094898571010387,0.7799852407078065,-0.7362661650917796,1.1461890324188189,-0.1290136473465294,-0.6598962237009548,-0.6627356929860174,0.6489168922432985,-0.2660809169638172,-0.558636393463514,-0.18660347079934442,0.6358045944955438,-0.0787843310196535,0.8860370698308161,0.7982436410795741,0.9786344606559092,0.7861575705558705,-0.005609331177317955,-0.33184731307804416,0.14611281122413303,0.6288199747542147,0.4689732060178597,-0.723739174558126,-0.08019421582198007,-0.35932935574466834,-0.46046217057362515,0.6433093931081083,-0.4581612967925623,-0.21580974611804346,-0.47190439933671274
0.8497215634803373,-0.30076672904632445,-0.8746289607010337,0.4922434614065591,-0.09528605782864974,0.09943579888177365,-0.21391083685052467,0.5223282145045338,-0.5458026954081747,0.3410550951999965,-0.5803287643820134,-0.23517905248583781,-0.9152991076140797,-0.7695192750500573,0.03552436516673235,-0.9166714220164777,0.9171528006073818,-1.5542258109837095,0.018279521819861852,0.24422457611944057,1.7318731580512614,-0.5119634910127312,0.8728823172098262,0.6123617708571747,0.17789889736971023,-0.3211863153113613,0.50291504223638,-0.9373204691180785,-0.4907408511413031,-0.670857781029499,-0.42540515663673584,0.46539654999439245,0.2687088861192286,-0.2450662356920363,-0.8077297249680052,-0.12766419731472445,0.13040499943487935,-0.06991611457497011,0.14009016835610594,0.1644269117020077,-0.4581612967925623,1.1011125977577794,-0.21341439583801122,0.3451405914895565
-0.09340691509882415,-0.5997578773392529,-0.2563926414830059,-0.030015244210452676,-0.062399486535231974,0.19925428742535925,-0.4633725298379362,0.2549441282006539,0.34364394264508374,-0.4204535022735203,0.4168407579411828,-0.47513605557264127,-1.1710256996643746,0.3097750094125526,0.1509495704307534,0.03543121171813953,0.010322143430382626,0.5538099469261153,-0.07516844598065638,0.5134938214456791,-1.4648346160430694,-0.2658600006171224,-0.31448243175836027,-0.1872794800183213,0.019373625703315814,-0.43984405705724994,-0.7293482091849711,-0.25923898021025876,-0.2617966880087233,-0.5476903268870469,-0.3901651120378406,-0.2609172471917343,0.06362089960630914,-0.189761699929588,-0.2813322904921791,-0.5862554372533534,0.44485211321026896,0.33447845730529346,-0.03297902312473718,0.7355253713279136,-0.21580974611804346,-0.21341439583801122,0.6970625585194646,0.1031179611568593
0.5459504896515097,-0.8989224983305673,-1.2316754818423552,0.8220755357380591,-0.49384489702516066,0.25735228182211883,-0.5318497696211691,0.6044070504607402,-0.107903015097774,-0.05214864685051478,-0.5438925435838122,-0.7278197593214945,-1.1147885324516946,-0.8431021522798645,0.0993357649587086,-0.9602627938111954,0.8368196597939288,-1.3815880359484403,0.3453095029229308,0.8519728758185764,0.8088556405114087,-0.8205205205840927,0.07510420444951699,0.8632348465484483,0.10769793885131464,-0.6548873976144047,0.23325156617754006,-0.899807140125517,-0.9242866774366691,-1.008754505886254,-0.6653353699143241,-0.005642507937728428,0.5981196239477385,-4.5302733644638404e-4,-0.6643216355544754,-0.5197999670691931,0.7907813960156085,0.05843960020085611,0.38310819993358014,0.5043948878734806,-0.47190439933671274,0.3451405914895565,0.1031179611568593,0.8509381663581173
