V1,V2,V3,V4,V5,V6,V7,V8,V9,V10,V11,V12,V13,V14,V15,V16,V17,V18,V19,V20,V21,V22,V23,V24,V25,V26,V27,V28,V29,V30,V31,V32,V33,V34,V35,V36,V37,V38,V39,V40,V41,V42,V43,V44
1.7549592328221688,0.046999799032299595,-1.4146125525849578,1.1812009663090768,-0.4546620856167481,0.8611962436538814,1.028651230951151,1.1334355775801401,0.20078971248410432,0.6420942945788186,-0.2678312943572824,-0.0651840071956768,-1.1525148142475918,0.183302665505969,-0.6367813733465708,-0.3017200113631133,-0.11709043797495251,-1.0874903755200835,-0.868556008079479,0.6286924478910694,1.366681608759138,-0.9748273171343129,0.6016938719764368,0.07029180208322328,-0.7703267534786693,-0.8761785209732316,-1.0081322744641716,-0.9317857037166928,-1.5276505312687751,-1.224018758268414,-1.508219235644641,-0.5439920512700239,-0.5181657578031094,-0.1561851936394962,0.36656770821328427,0.13357447886258322,1.1573847246536892,0.31728088665079807,1.1381717796172133,-0.01156957354389886,-0.5527950502454666,1.0193722774014338,-0.7360127889029718,0.19366675293561714
0.046999799032299595,0.9802249163851912,0.33578389741175607,-0.2824960221783845,0.19413376122971174,0.15494786927594345,0.906466621328951,0.14436947905013234,0.5258853117202495,-0.0018832663590526207,0.344535567071978,0.6557330355875456,0.9439836148085707,1.0408114098475605,-0.36501404435238594,0.8004175725501198,-1.1934231105554434,0.9330314878488262,-0.8811651196803262,-0.47658173784162217,-0.6327644448433913,0.08624796325535738,-0.43700121979403855,-0.645352229245378,-0.5018894077951273,0.38016186040637623,-0.8876643204395053,0.6513904851029845,0.12375441554558238,0.46959464532517614,0.14732975089454584,-0.3948835776880797,-0.715075770925582,-0.014263913800371092,0.9072644875829454,0.36408786929268877,-0.3943581296303224,0.1092708055999365,0.2116670208617245,-0.49366733473257346,0.2937826707436384,-0.14700518135906798,-0.4302183305633328,-0.4608879452655398
-1.4146125525849578,0.33578389741175607,2.534834274653897,-1.1533340789817264,0.6266296650454403,-0.5613783349916872,-0.07995332733565172,-1.7217433003337188,-0.3704043330568212,0.1340473700812817,0.8456812656069751,0.4610533616741842,1.1028995960302295,0.3779636371592334,0.329904886452305,1.1258042861021058,-0.34821856165833415,2.224765094286707,0.7455987894266165,-1.017797891040971,-1.8557389642892494,1.9507846860638172,0.36370945289125556,-0.8959643881688751,0.37437876121185876,0.5474545266798364,0.6184287564223633,1.047364843804935,1.9176373147379313,1.472953603338633,1.2833816387284283,0.3683160829792486,-0.004009196246663101,0.16786747507383565,0.8390387544333492,0.58889900637637,-0.691002207405609,-0.13078541901850219,-1.0901761112585489,-0.27072498792630145,0.7840132283523902,-1.077421357207521,0.5053262603405232,-0.9554868320059773
1.1812009663090768,-0.2824960221783845,-1.1533340789817264,1.2842201108578115,-0.6922627817981436,0.6340752458382616,0.6790231073656592,0.6328125240770193,0.017433709145524137,0.4621978194313854,-0.4456861767581024,-0.37323703043806405,-0.8256279135080503,-0.3771598792078798,-0.3956413361370168,-0.49026602372463046,0.2673638553332834,-1.081770064353588,-0.11806711316293522,0.7492828912795431,1.108309945507093,-0.7841592431106267,0.3502917944526083,0.3033025661106838,-0.4876645040307127,-0.8238178522282179,-0.41384736706575376,-0.6841860703248882,-1.336386765017868,-1.018203333128987,-1.2013803944049077,-0.5103809478826029,0.016129576955758076,0.11413267463148359,0.2699110185307277,0.10198743067419277,1.3373584104137817,0.22928778843967515,1.000829697159126,0.030566839810845316,-0.42857027478505216,0.42999734592646005,-0.523387413238659,0.4198898823720798
-0.4546620856167481,0.19413376122971174,0.6266296650454403,-0.6922627817981436,0.5474360296836834,-0.14268308979342995,-0.41964753078839584,-0.3229381171026142,0.08542320986233665,-0.10214462212857775,0.3101803239637259,0.41194960765395666,0.3046128379649955,0.31818753180118087,0.16007916734980193,0.29100214652789735,-0.25263530938136824,0.5348668065880636,-0.07373535129059353,-0.47555720092808046,-0.589527155337679,0.5601706501659984,-0.03803751970149916,-0.14475254782486538,0.29984597554118964,0.3473440435538345,0.21781862446304082,0.18348855172728298,0.7282884279645169,0.4884187488602796,0.5840551204918056,0.3772619367299462,-0.07797161530797325,-0.1418400318355878,-0.02110315312963807,-0.055736767106599375,-0.7449057038542694,-0.1252096301523244,-0.5520270347192793,-0.020541417083402378,0.1795584449339321,-0.049404023347009426,0.2893513051090007,-0.24907482917320428
0.8611962436538814,0.15494786927594345,-0.5613783349916872,0.6340752458382616,-0.14268308979342995,0.9145355993683775,0.15087994882668215,0.48476416853667204,0.5543697514649573,0.45112324566271644,-0.0869287634917934,0.3115632805255551,-0.19472853652374275,-0.006681849498504552,-0.5024818120290486,-0.14818623891071572,-0.462466131685095,-0.6440244379343466,-0.561422776500354,0.12707530419506774,0.39923516741064796,-0.22084267395608081,-0.008753596243176055,0.3242017183254703,-0.1636857564534793,-0.4754638158288608,-0.2830834303583784,-0.48539142830894844,-0.6664597778115189,-0.535781471102065,-0.6241672389346207,-0.22549962781325109,-0.14274975573693766,-0.10895044816435821,0.706032623657712,-0.08593117833427749,0.4583687040768932,0.015486308409779308,0.6171129589141919,-0.19171081736156317,-0.40733858506641585,0.2625834344663919,-0.278389722378256,0.20785376668694877
1.028651230951151,0.906466621328951,-0.07995332733565172,0.6790231073656592,-0.41964753078839584,0.15087994882668215,2.62439933305173,0.3525827123026358,-0.07849495647686258,0.5655163318346248,0.29391992357799573,0.1948591407436374,0.04174789040019041,1.2575070503617003,-0.6268286770179522,1.0171303862414416,-0.8475191085805472,1.0209412978817425,-0.8490560911497422,0.13876670381818917,0.21276484991910688,-0.3500647074478934,0.6006975348601049,-1.3079991812891767,-1.493667520896546,-0.3327344020233291,-1.841708088743994,0.39475488952163623,-0.8570770068732897,-0.18103837701166178,-1.0598300359453714,-1.1040608712718853,-1.2085406580964455,0.2509702862611336,1.2644679881361711,1.132187776241314,1.1286717494846774,0.6108086075571103,1.0487594967294842,-0.4513315359814091,0.3569358152546702,0.25213442220786136,-1.1441156656321303,-0.7102047388376546
1.1334355775801401,0.14436947905013234,-1.7217433003337188,0.6328125240770193,-0.3229381171026142,0.48476416853667204,0.3525827123026358,1.480680181936937,0.480490935403216,-0.09772169487217644,-0.4268303838700468,-0.056970990203600344,-0.5714660083857317,0.17725596253482023,-0.41423608235327497,-0.5400128731905293,-0.2672290827273782,-1.3142277193737324,-1.051830909482987,0.5183819124695013,1.144825219014077,-1.4362656931145699,-0.3647962646128729,0.4159482817431858,-0.474776329993425,-0.2335145494009641,-0.8624689355135964,-0.6123070229794898,-1.3000451905306467,-0.9483498208872516,-0.8545079110485222,-0.35489856317579255,-0.3289744920507048,-0.27518494885393646,-0.30970098409256436,-0.3525345206061937,0.20395947851010038,0.12109950539791353,0.8007632546620791,0.04698680809096528,-0.5044815385945937,0.8674650288729604,-0.507656407331747,0.48270551891400304
0.20078971248410432,0.5258853117202495,-0.3704043330568212,0.017433709145524137,0.08542320986233665,0.5543697514649573,-0.07849495647686258,0.480490935403216,0.9413078726800109,-0.10440778352128025,-0.02108701714139761,0.5414882113153986,0.7389161573729942,0.42994629556006037,-0.396255964768807,0.11938571963665014,-1.0158854793733072,-0.16981516827493692,-0.7970056426900175,-0.20545040789985872,-0.23059804708663773,-0.22835892665331955,-0.8986219984351191,0.2164937573136058,-0.05362021064974663,0.19364847943670757,-0.32010098112959207,0.17004043816638814,-0.22934176442548249,0.05362255117298566,0.06298088834857571,-0.19905696371859777,-0.20381697788345576,-0.1033284929171226,0.6247436590915972,-0.2312615993037742,-0.4191155736484044,-0.13998660689505063,0.2779704364827137,-0.3888744390619967,-0.1137550116033111,-0.09528823143874139,-0.2126151081981835,0.16007702766271237
0.6420942945788186,-0.0018832663590526207,0.1340473700812817,0.4621978194313854,-0.10214462212857775,0.45112324566271644,0.5655163318346248,-0.09772169487217644,-0.10440778352128025,0.6786929530185832,0.15675130947564708,0.07802740061309131,-0.49329785425354694,0.021297662103154386,-0.28232364841366403,0.20256485955448447,0.012910751969497213,0.06180406598061592,-0.03508457749999705,0.07481803602090717,0.32784006298540186,0.29513300718423047,0.7936252422766059,-0.18672657707560777,-0.2918103743078246,-0.5764618044729323,-0.22966715091888665,-0.37389606292622646,-0.2798870163430899,-0.3200667996822754,-0.6298158178741474,-0.17772122971571438,-0.24382090992541122,0.0503628069260288,0.6616422689313819,0.3408701706649329,0.7349433308081248,0.14639860815026265,0.3618665066498508,-0.06459595618284307,-0.11828830385857667,0.18614760779334966,-0.22716981568729178,-0.2153071079867118
-0.2678312943572824,0.344535567071978,0.8456812656069751,-0.4456861767581024,0.3101803239637259,-0.0869287634917934,0.29391992357799573,-0.4268303838700468,-0.02108701714139761,0.15675130947564708,0.4521821229752865,0.3515932963511916,0.3165479357136688,0.47401301664976564,-0.03384418005987263,0.5955465689784368,-0.379619078204113,0.9245866563104269,-0.0999145235560846,-0.43019376726658004,-0.5978469895528363,0.6485547229563909,0.26199330204436977,-0.5243318508281006,-0.07676098006110746,0.16307042445776562,-0.1704380573708463,0.338501661261531,0.5877039016681979,0.4660597004451742,0.2873557575801008,0.027622256051206124,-0.3313476852031651,-7.710335743386961e-4,0.4745454461590778,0.3095259835665409,-0.2597399024381461,0.0510775203830356,-0.27798448749362076,-0.15637971073884327,0.2690795071784723,-0.19548801243005307,0.041446064373047875,-0.5041811898200294
-0.0651840071956768,0.6557330355875456,0.4610533616741842,-0.37323703043806405,0.41194960765395666,0.3115632805255551,0.1948591407436374,-0.056970990203600344,0.5414882113153986,0.07802740061309131,0.3515932963511916,0.805166785681055,0.7284031066547989,0.7098933315679008,-0.26008181251466067,0.528481266962634,-0.9928216269421067,0.5886284608222926,-0.6058573383091043,-0.5056530882362887,-0.6195947098710254,0.4132652817707496,-0.34549555611003996,-0.2682602493310334,-0.09064012087435366,0.2770682824909989,-0.29857402496278895,0.3330562150260273,0.33984509671573493,0.43559343784219123,0.31746554699540336,-0.021490184159324938,-0.40344234000210266,-0.1156675881613588,0.7604936806541982,0.1555884320683514,-0.5162922316284524,-0.057242653760535306,-0.05957837857104462,-0.34652883971910425,0.16781742858272433,-0.12059058864095595,-0.10669000212729764,-0.3034802956386726
-1.1525148142475918,0.9439836148085707,1.1028995960302295,-0.8256279135080503,0.3046128379649955,-0.19472853652374275,0.04174789040019041,-0.5714660083857317,0.7389161573729942,-0.49329785425354694,0.3165479357136688,0.7284031066547989,2.2459728555806273,0.8023811988357079,-0.07540616636488058,0.906008002948302,-1.407340190687956,1.4473350309177715,-0.26488162756964106,-0.8160314220209479,-1.5962501218567686,0.6597880831733828,-1.469371310256502,-0.3667270622258653,0.023568358479417847,0.9800631014859774,0.02071971086061761,1.4580604992611572,0.9554166307963482,1.3348909560127307,1.2000271895577777,-0.1958514383581298,-0.18103869041120793,0.20089369985489075,0.9887867729051669,0.16146315315595633,-1.1093054928771504,-0.2613225770486284,-0.33385231610867294,-0.6804814956831061,0.6372213908280946,-1.1666181884218532,-0.05145771827728291,-0.31101379167740684
0.183302665505969,1.0408114098475605,0.3779636371592334,-0.3771598792078798,0.31818753180118087,-0.006681849498504552,1.2575070503617003,0.17725596253482023,0.42994629556006037,0.021297662103154386,0.47401301664976564,0.7098933315679008,0.8023811988357079,1.5246224566457407,-0.37300816208644466,1.0214259358553581,-1.3249417300431487,1.2694975039234826,-1.0358687671155022,-0.47402689971258144,-0.6581043952645368,0.15261098836974699,-0.26649979170386484,-0.9994170962365287,-0.7640590138942815,0.38408464830412403,-1.1508148829874592,0.7350527329955997,0.129453626109868,0.5174038724688244,0.06631176281871463,-0.4569507773981141,-1.0034816557441673,-0.04014120360480988,0.8957749517039217,0.5603686218824192,-0.3854991813186938,0.21323711082593097,0.16762922970676877,-0.4757396409550347,0.45736625766744043,0.06491995902965289,-0.5714637581171907,-0.6644098821968245
-0.6367813733465708,-0.36501404435238594,0.329904886452305,-0.3956413361370168,0.16007916734980193,-0.5024818120290486,-0.6268286770179522,-0.41423608235327497,-0.396255964768807,-0.28232364841366403,-0.03384418005987263,-0.26008181251466067,-0.07540616636488058,-0.37300816208644466,0.4758819131534915,-0.1556809701862932,0.6014710540516389,0.11049805330175878,0.634007200311097,-0.048266592063619114,-0.23383047964693068,0.2497236447156228,0.05367029813845176,0.12095298463797481,0.43054853063249937,0.2112644105292616,0.6017928410897181,0.0591558608967571,0.5098265819805636,0.2714240101978916,0.4725720239800223,0.4019978937647106,0.4011437108800349,0.03758054830115843,-0.6553276890001455,-0.1747838532334208,-0.33025784701330974,-0.11068328581118773,-0.5428418932857836,0.2705570593650197,0.13795898910681864,-0.1594397540626473,0.4207604645012408,0.0677233841165929
-0.3017200113631133,0.8004175725501198,1.1258042861021058,-0.49026602372463046,0.29100214652789735,-0.14818623891071572,1.0171303862414416,-0.5400128731905293,0.11938571963665014,0.20256485955448447,0.5955465689784368,0.528481266962634,0.906008002948302,1.0214259358553581,-0.1556809701862932,1.2149442197564457,-0.9016171092993034,1.6790630629046293,-0.29089508060708424,-0.5968427365647615,-0.9609071993012274,0.7537565265302079,0.035429593877632996,-0.9938207568860262,-0.48253451064224356,0.3132088721292745,-0.6285883440088709,0.8323999466570671,0.591757320643822,0.7982156746577848,0.249712487423403,-0.3233569476931048,-0.7069565109743063,0.1688878496960596,1.0764299623602338,0.6572152392144216,-0.2210525028758048,0.10171518044610302,-0.08209245097579974,-0.44671195999110797,0.5767056522664219,-0.4642412992340363,-0.28697654840331904,-0.792642510128235
-0.11709043797495251,-1.1934231105554434,-0.34821856165833415,0.2673638553332834,-0.25263530938136824,-0.462466131685095,-0.8475191085805472,-0.2672290827273782,-1.0158854793733072,0.012910751969497213,-0.379619078204113,-0.9928216269421067,-1.407340190687956,-1.3249417300431487,0.6014710540516389,-0.9016171092993034,1.845280352492046,-0.9706399212238914,1.222321769153652,0.6001211736502892,0.917334656311479,-0.16749060241487182,0.9309480746358869,0.5691612185233668,0.5452692798945902,-0.4625785400660657,0.9313652336498467,-0.8106646914079356,-0.11326940759209471,-0.5840736004201666,-0.2718387435536945,0.49449269966200826,0.7771759687518637,0.08660109474670004,-1.4078597109677273,-0.31712648646007224,0.5694496919908747,0.0019644221999965406,-0.29141265521200366,0.73050199522988,-0.3074732695897742,0.2948149543717397,0.5372741415668885,0.41319441344641045
-1.0874903755200835,0.9330314878488262,2.224765094286707,-1.081770064353588,0.5348668065880636,-0.6440244379343466,1.0209412978817425,-1.3142277193737324,-0.16981516827493692,0.06180406598061592,0.9245866563104269,0.5886284608222926,1.4473350309177715,1.2694975039234826,0.11049805330175878,1.6790630629046293,-0.9706399212238914,2.807715864481181,0.094584295738093,-1.0158720658692584,-1.9162565233365696,1.5386327066521606,0.0999199287272386,-1.4955174078621367,-0.3490694347469865,0.6773366558016476,-0.3784096134105197,1.4748038838676993,1.5058027394963982,1.5517921841178153,0.9568150457930021,-0.1681259468674713,-0.6766003414806241,0.26773161388510003,1.2100186800555093,0.9114008705152946,-0.6156805315181854,0.10768946065690964,-0.6493471864458341,-0.5056474932578253,1.021227205451884,-0.9482807609604235,-0.05806844576214713,-1.2081993213203568
-0.868556008079479,-0.8811651196803262,0.7455987894266165,-0.11806711316293522,-0.07373535129059353,-0.561422776500354,-0.8490560911497422,-1.051830909482987,-0.7970056426900175,-0.03508457749999705,-0.0999145235560846,-0.6058573383091043,-0.26488162756964106,-1.0358687671155022,0.634007200311097,-0.29089508060708424,1.222321769153652,0.094584295738093,1.533046104503609,0.14462207424220794,-0.18059077621038166,0.684888119014903,0.4242073103740929,0.2873792237138023,0.6440519484912643,-0.10329974339164497,1.2572368035614023,-0.025513427121475564,0.6252724882106483,0.2471826247862207,0.40474511660933465,0.4620222150967769,0.850162647842374,0.288634386541371,-0.5948953349903263,-0.04086473396954489,0.24134109804671997,-0.17692946413350294,-0.6125508812745254,0.38488065050427195,0.16446001429770973,-0.5700583133971068,0.6208168630290621,0.13099447952982518
0.6286924478910694,-0.47658173784162217,-1.017797891040971,0.7492828912795431,-0.47555720092808046,0.12707530419506774,0.13876670381818917,0.5183819124695013,-0.20545040789985872,0.07481803602090717,-0.43019376726658004,-0.5056530882362887,-0.8160314220209479,-0.47402689971258144,-0.048266592063619114,-0.5968427365647615,0.6001211736502892,-1.0158720658692584,0.14462207424220794,0.6812438069010819,0.9854962075077652,-0.7855394773261638,0.19040547774690375,0.38377513535781876,-0.19642317035163812,-0.4750117413466786,-0.0857868672921916,-0.5682998445816579,-0.9271658304719059,-0.7907292040946554,-0.7522495502442503,-0.19934143703476448,0.1789928052251847,0.05220549784641364,-0.4599409560272674,-0.1057030860717205,0.7780197982388398,0.10954873718395339,0.5147815065182572,0.258760155512657,-0.318481229722629,0.39129473501347445,-0.1925412419222799,0.43461065984274083
1.366681608759138,-0.6327644448433913,-1.8557389642892494,1.108309945507093,-0.589527155337679,0.39923516741064796,0.21276484991910688,1.144825219014077,-0.23059804708663773,0.32784006298540186,-0.5978469895528363,-0.6195947098710254,-1.5962501218567686,-0.6581043952645368,-0.23383047964693068,-0.9609071993012274,0.917334656311479,-1.9162565233365696,-0.18059077621038166,0.9854962075077652,2.0867270277908805,-1.345195177662202,0.6222978890976227,0.6657954431932057,-0.34478644291260785,-0.8425762361663284,-0.32605259029557726,-1.241945496625484,-1.5858697065485983,-1.462971475182045,-1.422353784620937,-0.22445671866458441,-0.008601717879756093,-0.06871258061133044,-0.7969679671786325,-0.24650903448338454,1.0792581887868389,0.17577887342958456,0.8821109108000885,0.403037879046749,-0.7179980267855487,1.0436978539489832,-0.3618460679270779,0.605727862198227
-0.9748273171343129,0.08624796325535738,1.9507846860638172,-0.7841592431106267,0.5601706501659984,-0.22084267395608081,-0.3500647074478934,-1.4362656931145699,-0.22835892665331955,0.29513300718423047,0.6485547229563909,0.4132652817707496,0.6597880831733828,0.15261098836974699,0.2497236447156228,0.7537565265302079,-0.16749060241487182,1.5386327066521606,0.684888119014903,-0.7855394773261638,-1.345195177662202,1.7888449249419078,0.48634107712915714,-0.5071896867484138,0.44952591606135545,0.19567530722808596,0.7617154796664619,0.5666637080316735,1.5071988562621836,1.0678129548299449,0.9353453953856219,0.4435311394483395,0.1207772089874409,0.13606626408567166,0.7530173228956795,0.3563077915845975,-0.4390138302679554,-0.1300647277347663,-0.8890781265792165,-0.16429708465536597,0.5051682921208106,-0.7592038288996759,0.4876068624621613,-0.6468180364862651
0.6016938719764368,-0.43700121979403855,0.36370945289125556,0.3502917944526083,-0.03803751970149916,-0.008753596243176055,0.6006975348601049,-0.3647962646128729,-0.8986219984351191,0.7936252422766059,0.26199330204436977,-0.34549555611003996,-1.469371310256502,-0.26649979170386484,0.05367029813845176,0.035429593877632996,0.9309480746358869,0.0999199287272386,0.4242073103740929,0.19040547774690375,0.6222978890976227,0.48634107712915714,1.9000869348568272,-0.43393219212871903,-0.18123696067669137,-0.7864752598029924,-0.12234481742474877,-0.7528669334592488,-0.021495945388225326,-0.49023937139920437,-0.6982926549060117,0.12438154030520454,-0.15709299237036342,0.026497353400390267,-0.02540889152430584,0.471805527211503,0.9818117593127781,0.3667696462219401,0.0020229497624663856,0.3373405629206139,-0.10038466219786102,0.5735792488998397,0.015658487829669325,-0.40162063110086166
0.07029180208322328,-0.645352229245378,-0.8959643881688751,0.3033025661106838,-0.14475254782486538,0.3242017183254703,-1.3079991812891767,0.4159482817431858,0.2164937573136058,-0.18672657707560777,-0.5243318508281006,-0.2682602493310334,-0.3667270622258653,-0.9994170962365287,0.12095298463797481,-0.9938207568860262,0.5691612185233668,-1.4955174078621367,0.2873792237138023,0.38377513535781876,0.6657954431932057,-0.5071896867484138,-0.43393219212871903,1.2111588502400752,0.6136316749340058,-0.201581848061947,0.8333300081449816,-0.6868727645674234,-0.38747954587486405,-0.5549739242214129,-0.03708240735021191,0.3669604514530974,0.7444425264707076,-0.11548637100633398,-0.6916205946714141,-0.7725148518099533,-0.09509237547650892,-0.30127156678321687,0.020089527473669294,0.2986957353937993,-0.5148608017227172,0.12200053331870725,0.3556398777367226,0.8439270858979656
-0.7703267534786693,-0.5018894077951273,0.37437876121185876,-0.4876645040307127,0.29984597554118964,-0.1636857564534793,-1.493667520896546,-0.474776329993425,-0.05362021064974663,-0.2918103743078246,-0.07676098006110746,-0.09064012087435366,0.023568358479417847,-0.7640590138942815,0.43054853063249937,-0.48253451064224356,0.5452692798945902,-0.3490694347469865,0.6440519484912643,-0.19642317035163812,-0.34478644291260785,0.44952591606135545,-0.18123696067669137,0.6136316749340058,0.9568476698398913,0.23222798456549062,1.1328934858226662,-0.14623914524156803,0.7321841088673336,0.25451598452160273,0.7496563239766504,0.7009142245540814,0.7446880217543491,-0.10337816778737957,-0.657787730070172,-0.5535475463647227,-0.6528096412185486,-0.33116186018533406,-0.7451066768043261,0.2380998187512063,-0.1227841371313519,-0.2614660141562003,0.7459808969109807,0.2864750724482222
-0.8761785209732316,0.38016186040637623,0.5474545266798364,-0.8238178522282179,0.3473440435538345,-0.4754638158288608,-0.3327344020233291,-0.2335145494009641,0.19364847943670757,-0.5764618044729323,0.16307042445776562,0.2770682824909989,0.9800631014859774,0.38408464830412403,0.2112644105292616,0.3132088721292745,-0.4625785400660657,0.6773366558016476,-0.10329974339164497,-0.4750117413466786,-0.8425762361663284,0.19567530722808596,-0.7864752598029924,-0.201581848061947,0.23222798456549062,0.7964575626765613,0.11410239635549457,0.7459146983616763,0.7431772120987321,0.7692483320460674,0.9123548691611609,0.1650420996756914,-0.024587686100985086,-0.04896482949853956,-0.17903591009177777,-0.0924749579827021,-1.0226725798155747,-0.17425574536266397,-0.5369241343575156,-0.16152936809860025,0.34487428262100983,-0.41810561606272323,0.20697417518102143,-0.17477362859682702
-1.0081322744641716,-0.8876643204395053,0.6184287564223633,-0.41384736706575376,0.21781862446304082,-0.2830834303583784,-1.841708088743994,-0.8624689355135964,-0.32010098112959207,-0.22966715091888665,-0.1704380573708463,-0.29857402496278895,0.02071971086061761,-1.1508148829874592,0.6017928410897181,-0.6285883440088709,0.9313652336498467,-0.3784096134105197,1.2572368035614023,-0.0857868672921916,-0.32605259029557726,0.7617154796664619,-0.12234481742474877,0.8333300081449816,1.1328934858226662,0.11410239635549457,1.7520036053981518,-0.1385081021911297,0.8893160702973363,0.3380783852674997,0.8596361490833975,0.837925605281387,1.0930395108465758,0.022421378296418718,-0.743638241810872,-0.5553981145058502,-0.4905256188499771,-0.4518591008083947,-0.8971044077545028,0.3493883931312287,-0.060698670270180874,-0.5185487671660571,0.906006000180094,0.40183019647003
-0.9317857037166928,0.6513904851029845,1.047364843804935,-0.6841860703248882,0.18348855172728298,-0.48539142830894844,0.39475488952163623,-0.6123070229794898,0.17004043816638814,-0.37389606292622646,0.338501661261531,0.3330562150260273,1.4580604992611572,0.7350527329955997,0.0591558608967571,0.8323999466570671,-0.8106646914079356,1.4748038838676993,-0.025513427121475564,-0.5682998445816579,-1.241945496625484,0.5666637080316735,-0.7528669334592488,-0.6868727645674234,-0.14623914524156803,0.7459146983616763,-0.1385081021911297,1.2425408926322135,0.8146383734659214,1.078005857760453,0.849506313703374,-0.2120512096555385,-0.26451568473784665,0.20452688090403612,0.5534411596206119,0.3592595939856705,-0.6634316333052914,-0.04528121076207917,-0.3397660627613046,-0.4255027937959682,0.629984917090499,-0.8277692029429922,-0.06872432697008017,-0.4845791260033006
-1.5276505312687751,0.12375441554558238,1.9176373147379313,-1.336386765017868,0.7282884279645169,-0.6664597778115189,-0.8570770068732897,-1.3000451905306467,-0.22934176442548249,-0.2798870163430899,0.5877039016681979,0.33984509671573493,0.9554166307963482,0.129453626109868,0.5098265819805636,0.591757320643822,-0.11326940759209471,1.5058027394963982,0.6252724882106483,-0.9271658304719059,-1.5858697065485983,1.5071988562621836,-0.021495945388225326,-0.38747954587486405,0.7321841088673336,0.7431772120987321,0.8893160702973363,0.8146383734659214,1.866716358883442,1.3199430070828406,1.5157329459744822,0.6725254757394201,0.26146825109743166,-0.0026868507639667767,0.051709138556549426,0.046787511856621014,-1.2121950520324174,-0.24890756699844147,-1.2952938249500552,-0.06645368980212142,0.5692738147608536,-0.8031675472531566,0.736168096122921,-0.5480348190236493
-1.224018758268414,0.46959464532517614,1.472953603338633,-1.018203333128987,0.4884187488602796,-0.535781471102065,-0.18103837701166178,-0.9483498208872516,0.05362255117298566,-0.3200667996822754,0.4660597004451742,0.43559343784219123,1.3348909560127307,0.5174038724688244,0.2714240101978916,0.7982156746577848,-0.5840736004201666,1.5517921841178153,0.2471826247862207,-0.7907292040946554,-1.462971475182045,1.0678129548299449,-0.49023937139920437,-0.5549739242214129,0.25451598452160273,0.7692483320460674,0.3380783852674997,1.078005857760453,1.3199430070828406,1.278254786111421,1.1873441891622227,0.20949387410763623,-0.04910036525418298,0.11811106557942147,0.42482637990151306,0.20919165142043972,-0.9644590378581666,-0.1675481538260095,-0.7728542867988131,-0.29449658405901935,0.6325424357765765,-0.8416425943677143,0.28583443622260296,-0.5190582264166749
-1.508219235644641,0.14732975089454584,1.2833816387284283,-1.2013803944049077,0.5840551204918056,-0.6241672389346207,-1.0598300359453714,-0.8545079110485222,0.06298088834857571,-0.6298158178741474,0.2873557575801008,0.31746554699540336,1.2000271895577777,0.06631176281871463,0.4725720239800223,0.249712487423403,-0.2718387435536945,0.9568150457930021,0.40474511660933465,-0.7522495502442503,-1.422353784620937,0.9353453953856219,-0.6982926549060117,-0.03708240735021191,0.7496563239766504,0.9123548691611609,0.8596361490833975,0.849506313703374,1.5157329459744822,1.1873441891622227,1.5741030302564958,0.5947926599101443,0.40927709964426295,-0.043338472926072444,-0.20409666671473822,-0.21895276400559768,-1.382057617700286,-0.3172188988380446,-1.1193952689653637,-0.08463783405570648,0.46763835512617596,-0.7757231064014305,0.6560412224160477,-0.17285102739791147
-0.5439920512700239,-0.3948835776880797,0.3683160829792486,-0.5103809478826029,0.3772619367299462,-0.22549962781325109,-1.1040608712718853,-0.35489856317579255,-0.19905696371859777,-0.17772122971571438,0.027622256051206124,-0.021490184159324938,-0.1958514383581298,-0.4569507773981141,0.4019978937647106,-0.3233569476931048,0.49449269966200826,-0.1681259468674713,0.4620222150967769,-0.19934143703476448,-0.22445671866458441,0.4435311394483395,0.12438154030520454,0.3669604514530974,0.7009142245540814,0.1650420996756914,0.837925605281387,-0.2120512096555385,0.6725254757394201,0.20949387410763623,0.5947926599101443,0.6687367129671097,0.483746445231512,-0.16103398219453696,-0.6221652016622525,-0.377450887123049,-0.5982905884533226,-0.2177506433811825,-0.706348547039394,0.2837307172909199,-0.04169165583675044,0.005411760338105003,0.5992192850166942,0.11704349916676775
-0.5181657578031094,-0.715075770925582,-0.004009196246663101,0.016129576955758076,-0.07797161530797325,-0.14274975573693766,-1.2085406580964455,-0.3289744920507048,-0.20381697788345576,-0.24382090992541122,-0.3313476852031651,-0.40344234000210266,-0.18103869041120793,-1.0034816557441673,0.4011437108800349,-0.7069565109743063,0.7771759687518637,-0.6766003414806241,0.850162647842374,0.1789928052251847,-0.008601717879756093,0.1207772089874409,-0.15709299237036342,0.7444425264707076,0.7446880217543491,-0.024587686100985086,1.0930395108465758,-0.26451568473784665,0.26146825109743166,-0.04910036525418298,0.40927709964426295,0.483746445231512,0.909455758276279,0.017820331200123215,-0.6501505710940761,-0.47178133576973885,-0.10102416855861442,-0.2575107422036502,-0.4167881539373287,0.30410092346424655,-0.15212954948197058,-0.26291935929144483,0.5510395528147723,0.5105639259679922
-0.1561851936394962,-0.014263913800371092,0.16786747507383565,0.11413267463148359,-0.1418400318355878,-0.10895044816435821,0.2509702862611336,-0.27518494885393646,-0.1033284929171226,0.0503628069260288,-7.710335743386961e-4,-0.1156675881613588,0.20089369985489075,-0.04014120360480988,0.03758054830115843,0.1688878496960596,0.08660109474670004,0.26773161388510003,0.288634386541371,0.05220549784641364,-0.06871258061133044,0.13606626408567166,0.026497353400390267,-0.11548637100633398,-0.10337816778737957,-0.04896482949853956,0.022421378296418718,0.20452688090403612,-0.0026868507639667767,0.11811106557942147,-0.043338472926072444,-0.16103398219453696,0.017820331200123215,0.24793751146930496,0.1867246418906793,0.1851039933557283,0.2650329424856481,0.050041630413480996,0.08559994871332531,-0.06388679444444535,0.1504613230711353,-0.2902119045274418,-0.0768842777262057,-0.03522462219883027
0.36656770821328427,0.9072644875829454,0.8390387544333492,0.2699110185307277,-0.02110315312963807,0.706032623657712,1.2644679881361711,-0.30970098409256436,0.6247436590915972,0.6616422689313819,0.4745454461590778,0.7604936806541982,0.9887867729051669,0.8957749517039217,-0.6553276890001455,1.0764299623602338,-1.4078597109677273,1.2100186800555093,-0.5948953349903263,-0.4599409560272674,-0.7969679671786325,0.7530173228956795,-0.02540889152430584,-0.6916205946714141,-0.657787730070172,-0.17903591009177777,-0.743638241810872,0.5534411596206119,0.051709138556549426,0.42482637990151306,-0.20409666671473822,-0.6221652016622525,-0.6501505710940761,0.1867246418906793,2.073979184030809,0.7032862203405377,0.4112466067783875,0.11840637754776193,0.513313113843997,-0.7236698889377154,0.3144034203032228,-0.5248986955336814,-0.5958976563834838,-0.5590427855162237
0.13357447886258322,0.36408786929268877,0.58889900637637,0.10198743067419277,-0.055736767106599375,-0.08593117833427749,1.132187776241314,-0.3525345206061937,-0.2312615993037742,0.3408701706649329,0.3095259835665409,0.1555884320683514,0.16146315315595633,0.5603686218824192,-0.1747838532334208,0.6572152392144216,-0.31712648646007224,0.9114008705152946,-0.04086473396954489,-0.1057030860717205,-0.24650903448338454,0.3563077915845975,0.471805527211503,-0.7725148518099533,-0.5535475463647227,-0.0924749579827021,-0.5553981145058502,0.3592595939856705,0.046787511856621014,0.20919165142043972,-0.21895276400559768,-0.377450887123049,-0.47178133576973885,0.1851039933557283,0.7032862203405377,0.7104539542633826,0.4728737847845811,0.24112709003766597,0.1994093369211451,-0.22032164953307795,0.3506758067972963,-0.13719402012223064,-0.3670220878664522,-0.5341142750829282
1.1573847246536892,-0.3943581296303224,-0.691002207405609,1.3373584104137817,-0.7449057038542694,0.4583687040768932,1.1286717494846774,0.20395947851010038,-0.4191155736484044,0.7349433308081248,-0.2597399024381461,-0.5162922316284524,-1.1093054928771504,-0.3854991813186938,-0.33025784701330974,-0.2210525028758048,0.5694496919908747,-0.6156805315181854,0.24134109804671997,0.7780197982388398,1.0792581887868389,-0.4390138302679554,0.9818117593127781,-0.09509237547650892,-0.6528096412185486,-1.0226725798155747,-0.4905256188499771,-0.6634316333052914,-1.2121950520324174,-0.9644590378581666,-1.382057617700286,-0.5982905884533226,-0.10102416855861442,0.2650329424856481,0.4112466067783875,0.4728737847845811,1.8111411025488628,0.37090059167961004,0.9972324240850196,0.08933611072644893,-0.28775130706620605,0.3490557435823187,-0.5438295294916213,0.11578950818819103
0.31728088665079807,0.1092708055999365,-0.13078541901850219,0.22928778843967515,-0.1252096301523244,0.015486308409779308,0.6108086075571103,0.12109950539791353,-0.13998660689505063,0.14639860815026265,0.0510775203830356,-0.057242653760535306,-0.2613225770486284,0.21323711082593097,-0.11068328581118773,0.10171518044610302,0.0019644221999965406,0.10768946065690964,-0.17692946413350294,0.10954873718395339,0.17577887342958456,-0.1300647277347663,0.3667696462219401,-0.30127156678321687,-0.33116186018533406,-0.17425574536266397,-0.4518591008083947,-0.04528121076207917,-0.24890756699844147,-0.1675481538260095,-0.3172188988380446,-0.2177506433811825,-0.2575107422036502,0.050041630413480996,0.11840637754776193,0.24112709003766597,0.37090059167961004,0.24429065310091871,0.2406625331079513,-0.008759437607201496,0.018016562507149617,0.20658949416603806,-0.2348390924745327,-0.1274434213009271
1.1381717796172133,0.2116670208617245,-1.0901761112585489,1.000829697159126,-0.5520270347192793,0.6171129589141919,1.0487594967294842,0.8007632546620791,0.2779704364827137,0.3618665066498508,-0.27798448749362076,-0.05957837857104462,-0.33385231610867294,0.16762922970676877,-0.5428418932857836,-0.08209245097579974,-0.29141265521200366,-0.6493471864458341,-0.6125508812745254,0.5147815065182572,0.8821109108000885,-0.8890781265792165,0.0020229497624663856,0.020089527473669294,-0.7451066768043261,-0.5369241343575156,-0.8971044077545028,-0.3397660627613046,-1.2952938249500552,-0.7728542867988131,-1.1193952689653637,-0.706348547039394,-0.4167881539373287,0.08559994871332531,0.513313113843997,0.1994093369211451,0.9972324240850196,0.2406625331079513,1.1058088829035089,-0.17097167745571248,-0.3106454569874301,0.3861541763858137,-0.7121014235717539,0.19818391971151617
-0.01156957354389886,-0.49366733473257346,-0.27072498792630145,0.030566839810845316,-0.020541417083402378,-0.19171081736156317,-0.4513315359814091,0.04698680809096528,-0.3888744390619967,-0.06459595618284307,-0.15637971073884327,-0.34652883971910425,-0.6804814956831061,-0.4757396409550347,0.2705570593650197,-0.44671195999110797,0.73050199522988,-0.5056474932578253,0.38488065050427195,0.258760155512657,0.403037879046749,-0.16429708465536597,0.3373405629206139,0.2986957353937993,0.2380998187512063,-0.16152936809860025,0.3493883931312287,-0.4255027937959682,-0.06645368980212142,-0.29449658405901935,-0.08463783405570648,0.2837307172909199,0.30410092346424655,-0.06388679444444535,-0.7236698889377154,-0.22032164953307795,0.08933611072644893,-0.008759437607201496,-0.17097167745571248,0.39037511939631053,-0.1535979007399138,0.2614257174201126,0.26458685342969657,0.20930567903327427
-0.5527950502454666,0.2937826707436384,0.7840132283523902,-0.42857027478505216,0.1795584449339321,-0.40733858506641585,0.3569358152546702,-0.5044815385945937,-0.1137550116033111,-0.11828830385857667,0.2690795071784723,0.16781742858272433,0.6372213908280946,0.45736625766744043,0.13795898910681864,0.5767056522664219,-0.3074732695897742,1.021227205451884,0.16446001429770973,-0.318481229722629,-0.7179980267855487,0.5051682921208106,-0.10038466219786102,-0.5148608017227172,-0.1227841371313519,0.34487428262100983,-0.060698670270180874,0.629984917090499,0.5692738147608536,0.6325424357765765,0.46763835512617596,-0.04169165583675044,-0.15212954948197058,0.1504613230711353,0.3144034203032228,0.3506758067972963,-0.28775130706620605,0.018016562507149617,-0.3106454569874301,-0.1535979007399138,0.4907766224695487,-0.41923188299475694,-0.019278835494088153,-0.3705075309021707
1.0193722774014338,-0.14700518135906798,-1.077421357207521,0.42999734592646005,-0.049404023347009426,0.2625834344663919,0.25213442220786136,0.8674650288729604,-0.09528823143874139,0.18614760779334966,-0.19548801243005307,-0.12059058864095595,-1.1666181884218532,0.06491995902965289,-0.1594397540626473,-0.4642412992340363,0.2948149543717397,-0.9482807609604235,-0.5700583133971068,0.39129473501347445,1.0436978539489832,-0.7592038288996759,0.5735792488998397,0.12200053331870725,-0.2614660141562003,-0.41810561606272323,-0.5185487671660571,-0.8277692029429922,-0.8031675472531566,-0.8416425943677143,-0.7757231064014305,0.005411760338105003,-0.26291935929144483,-0.2902119045274418,-0.5248986955336814,-0.13719402012223064,0.3490557435823187,0.20658949416603806,0.3861541763858137,0.2614257174201126,-0.41923188299475694,1.0576892685571015,-0.23905587491550945,0.17306805871964182
-0.7360127889029718,-0.4302183305633328,0.5053262603405232,-0.523387413238659,0.2893513051090007,-0.278389722378256,-1.1441156656321303,-0.507656407331747,-0.2126151081981835,-0.22716981568729178,0.041446064373047875,-0.10669000212729764,-0.05145771827728291,-0.5714637581171907,0.4207604645012408,-0.28697654840331904,0.5372741415668885,-0.05806844576214713,0.6208168630290621,-0.1925412419222799,-0.3618460679270779,0.4876068624621613,0.015658487829669325,0.3556398777367226,0.7459808969109807,0.20697417518102143,0.906006000180094,-0.06872432697008017,0.736168096122921,0.28583443622260296,0.6560412224160477,0.5992192850166942,0.5510395528147723,-0.0768842777262057,-0.5958976563834838,-0.3670220878664522,-0.5438295294916213,-0.2348390924745327,-0.7121014235717539,0.26458685342969657,-0.019278835494088153,-0.23905587491550945,0.666463632456399,0.09963613133924216
0.19366675293561714,-0.4608879452655398,-0.9554868320059773,0.4198898823720798,-0.24907482917320428,0.20785376668694877,-0.7102047388376546,0.48270551891400304,0.16007702766271237,-0.2153071079867118,-0.5041811898200294,-0.3034802956386726,-0.31101379167740684,-0.6644098821968245,0.0677233841165929,-0.792642510128235,0.41319441344641045,-1.2081993213203568,0.13099447952982518,0.43461065984274083,0.605727862198227,-0.6468180364862651,-0.40162063110086166,0.8439270858979656,0.2864750724482222,-0.17477362859682702,0.40183019647003,-0.4845791260033006,-0.5480348190236493,-0.5190582264166749,-0.17285102739791147,0.11704349916676775,0.5105639259679922,-0.03522462219883027,-0.5590427855162237,-0.5341142750829282,0.11578950818819103,-0.1274434213009271,0.19818391971151617,0.20930567903327427,-0.3705075309021707,0.17306805871964182,0.09963613133924216,0.7194598059240231
