V1,V2,V3,V4,V5,V6,V7,V8,V9,V10,V11,V12,V13,V14,V15,V16,V17,V18,V19,V20,V21,V22,V23,V24,V25,V26,V27,V28,V29,V30,V31,V32,V33,V34,V35,V36,V37,V38,V39,V40,V41,V42,V43,V44
1.1223655986239967,-0.3198485033836986,0.19793039934991014,-0.03648258364221068,0.6469965000247008,0.6016363100423134,-0.12123075644617273,0.08914416339646933,-0.44961115367367144,1.0610565636890368,0.5287562784858022,0.3145490814632298,-2.048633032462048,0.0025076665865435433,-0.13374183570152928,-0.09347562672720472,0.578969179757757,-0.3851119618231254,-0.3616281559646823,-0.15278609268727109,0.7993482175526149,0.6754207840446012,2.219412454140687,-0.13355991126457825,0.15461656618456057,-0.8965797921008137,-0.12159682066900013,-1.503303171594777,0.14897315693133711,-0.75984927580146,-0.7203297318956711,0.6524613123122563,-0.41421959704736827,-0.51977982224592445,-0.0723566808615644,0.0574125372587426,0.3242929022067966,0.2270158780395681,-0.25164545015404227,0.4344397662936778,-0.5107529312117245,1.351290897992893,0.2685227309948902,-0.43921914255816263
-0.3198485033836986,0.3940203550720909,0.1112944999711964,-0.41276654311998817,0.24535941475031603,0.013415890988746196,-0.24029440872065116,0.1058351576245336,0.43604769740207666,-0.3105288840721701,0.08190390087229248,0.37335995567400054,0.7083984399429406,0.35730231206035346,-0.03917646718421814,0.15985343665748128,-0.6010269753423273,0.23570969435033992,-0.39285265428103927,-0.3251710197245785,-0.4985524409333239,0.015990789856612144,-0.6839203999528908,0.023688300463878185,0.10976764938773191,0.4463269474207611,-0.04902410261425708,0.37609032527225394,0.29456526823168,0.37125315069668763,0.48557849338123354,0.058612912861019724,-0.08692264201272265,-0.10453339926237443,0.11784476660311705,-0.1603096398867855,-0.7130204860709287,-0.1235722852008863,-0.17984948377925034,-0.1905761570116003,0.10328747722715723,-0.1714949746257232,0.04246884641173592,-0.005964328107421044
0.19793039934991014,0.1112944999711964,1.8645916838438383,-0.00593924154883887,0.14466421558454173,-0.28681475447297217,1.7173676234575854,-1.3251255447859829,-1.1677721064457454,1.1478845550730634,0.8766980607273729,-0.015076630395094817,-0.7620221420100031,0.5305972183148215,0.002523343568704053,1.225489895973539,0.373274237553174,1.9669560131311359,0.6074709960680925,-0.31777287488937506,-0.43632588599990774,1.5344906232073316,2.3176131414544354,-1.5466362634885942,-0.6470611563049999,-0.6453202733706003,-0.5175582466229699,0.07477491747991408,0.7023717430449294,0.32836179881057176,-0.459647899813947,-0.18148955177491788,-0.6821626751464859,0.29720086648168115,1.073605307142331,1.3457631922766915,1.1579902556406059,0.5211626878983596,-0.1358014243935412,-0.019957799696567802,0.5616662855797059,-0.02770805066204486,-0.20256923918677647,-1.2757171420275302
-0.03648258364221068,-0.41276654311998817,-0.00593924154883887,0.8972297697064772,-0.8744132879506396,-0.37692251784539105,0.9812038834201686,-0.4748969338978521,-0.724302893237597,0.12018205135832918,-0.32972388118718865,-0.8526895314108767,-0.08212302682908089,-0.5313334357808872,0.13256256126820753,-2.0351883595869352e-4,0.7463075649469675,0.20102252511714155,1.0346476223329668,0.6560269472624676,0.25927242131878653,-0.22174219221027094,0.2564288073524758,-0.2567049398891942,-0.48047201044888566,-0.3866753489858291,-0.0024636716008005106,0.32003419130857835,-0.5690111073413174,-0.17004402766791726,-0.5489585786740759,-0.6142609893933244,0.2963751575907643,0.6047628922330317,0.14405321003332658,0.5794254791222607,1.3860752498161155,0.2555699758385563,0.5367131790274531,0.034413596770681225,0.2666064614455346,-0.5684601192115883,-0.3564187621580948,0.09779446981515003
0.6469965000247008,0.24535941475031603,0.14466421558454173,-0.8744132879506396,1.236112520746712,0.7252650164925902,-1.000862339525531,0.4999271472752076,0.4452652330444866,0.46190163866996875,0.6265791991692354,1.045987234224121,-1.047216566264883,0.5244036973545122,-0.17956590468032738,-0.050134904248954226,-0.42192112672355203,-0.3950539539384023,-1.1952315479373599,-0.7291413673550738,0.12069059553125953,0.5994671333357032,0.9849631334597811,0.17514827544045247,0.5628166186854542,-0.10639477762803472,-0.06748382922218957,-1.144247406867172,0.6570029688990909,-0.2498108585365925,0.16632522749776854,0.9802313814800275,-0.495693551815055,-0.8806868529918583,-0.1473496638160149,-0.505194553995611,-1.1701505085231971,-0.09456002519893027,-0.684849108638507,0.2059483560150302,-0.5128730337784524,1.2984672530160222,0.49487346644397745,-0.31147281112420944
0.6016363100423134,0.013415890988746196,-0.28681475447297217,-0.37692251784539105,0.7252650164925902,0.648203432500398,-0.8995662749150594,0.5547699538328427,0.37387692560950053,0.2898931279272158,0.2574540471931919,0.6058222175396363,-0.8813830184128112,0.11221468046472831,-0.14389913521812397,-0.32691517294298567,-0.14235234190721005,-0.7448400546448519,-0.8051068264148279,-0.3189055900031848,0.36177349787547186,0.15020415568287676,0.5649843296931405,0.419300483260165,0.4613852435410632,-0.18235426284857392,0.0673313595126935,-0.981324872399796,0.18576868467640179,-0.41937498385813105,-0.03685477421622095,0.6796160340963321,-0.1901904188800291,-0.620707785505036,-0.26200874693130505,-0.5243287096421894,-0.7021348865721325,-0.08332953442798678,-0.34639707915575074,0.20338745284194645,-0.5258583307823568,0.9753623377127918,0.34902590224291263,0.03781975632600213
-0.12123075644617273,-0.24029440872065116,1.7173676234575854,0.9812038834201686,-1.000862339525531,-0.8995662749150594,2.8817288963196552,-1.7953652368547817,-1.8338122457955437,0.9648595177625945,0.3658369970891689,-1.0322374627154063,-0.33987462161956794,-0.020480342438278096,0.18398049719431372,1.2457240896700212,1.0324116229223914,2.256234366742555,1.7951517159578265,0.4690954557695997,-0.29833376750575447,1.041806101117875,2.0024633183789304,-1.817851316656654,-1.254042119302453,-0.8213988320168116,-0.5592589725811563,0.8191166267447078,-0.015182498723358596,0.329940291045668,-0.9002735274992587,-1.0442121336006782,-0.2807223444080281,1.093398404205526,1.2069853659509535,1.9620087452087462,2.5826674586711715,0.7543180256034446,0.5312463386579023,-0.0775645136937687,0.9956162759357776,-0.9661649491230218,-0.6869912211578131,-1.0592806897436817
0.08914416339646933,0.1058351576245336,-1.3251255447859829,-0.4748969338978521,0.4999271472752076,0.5547699538328427,-1.7953652368547817,1.2646388137987719,1.1753330541483242,-0.7079563709053476,-0.34550357420019395,0.565037752787344,0.22389413667722555,-0.08540417497374209,-0.09427091045329242,-0.9109266622560345,-0.5919047100546866,-1.6205567368442735,-1.0864183603204538,-0.1582637620063586,0.309258951083025,-0.8766377032858439,-1.4237591427342648,1.2453315053387022,0.7600187119584946,0.5217059250275956,0.34152370710935764,-0.5070838510853812,-0.17964353031856298,-0.2899735567829966,0.5052895268504559,0.5975898713211628,0.2573571977409024,-0.6452754421785664,-0.8494292338374758,-1.2805873637615999,-1.5522715175043644,-0.45226837344366305,-0.24807801692741754,0.07321244125204864,-0.63811742183815,0.5801398365450532,0.3885944655584867,0.8123917450930697
-0.44961115367367144,0.43604769740207666,-1.1677721064457454,-0.724302893237597,0.4452652330444866,0.37387692560950053,-1.8338122457955437,1.1753330541483242,1.5608767998529183,-1.1272993602128598,-0.4133281403726012,0.6980976400913411,1.2967551206672947,0.15339473780763682,-0.11110945512861749,-0.6825763388562642,-1.1587359878130852,-1.2205123404733325,-1.1672213344898235,-0.34235372221857585,-0.2801274869436866,-0.9276148568100349,-2.4215537360680113,1.216442754276334,0.7510198506256464,1.0151402924141042,0.3527189361840275,0.20358305848773772,0.009012007396658438,0.2194137107930615,0.9931443858604055,0.397381201667015,0.29581922963881974,-0.5194289647564492,-0.6202202042729847,-1.3284505100139172,-1.9942213219504383,-0.6201284407534086,-0.2684624894298229,-0.20950341066119982,-0.39729584079317604,0.004996413444880907,0.31930291333880795,0.8428130654187075
1.0610565636890368,-0.3105288840721701,1.1478845550730634,0.12018205135832918,0.46190163866996875,0.2898931279272158,0.9648595177625945,-0.7079563709053476,-1.1272993602128598,1.5631041501441545,0.8715543396545142,0.0997880652620543,-2.2072222010577023,0.1697399718677186,-0.09411812041050563,0.572571584435669,0.8522682296106142,0.7351007485488545,0.21106104819363236,-0.18064799288328143,0.5592249899521818,1.383140456742451,3.211739631778146,-0.9821239562958038,-0.2924883959717127,-1.2048244988389256,-0.3667347659385407,-1.20953244090299,0.3906032265982885,-0.5063266431347091,-0.9850868637307703,0.36149898535481495,-0.6727485142933977,-0.17115856263950574,0.5334249989818135,0.850037293098802,1.143662347452881,0.5121552411267568,-0.1994766280914793,0.38054736019635255,-0.10258712090879611,1.0374804889605544,0.07564287832029991,-1.0594231561648115
0.5287562784858022,0.08190390087229248,0.8766980607273729,-0.32972388118718865,0.6265791991692354,0.2574540471931919,0.3658369970891689,-0.34550357420019395,-0.4133281403726012,0.8715543396545142,0.7451460150402087,0.441781895687576,-1.1190824700747444,0.42534728711519665,-0.08593773376250197,0.5157521637134077,0.1262692289983208,0.6394620248556749,-0.2392231469920496,-0.4293762341741788,0.051672134920198835,1.0268754686955874,1.8012221695462909,-0.6495784104393784,-0.05538075652430738,-0.4929045843831518,-0.2838687138264855,-0.6558106282412618,0.5624083765417927,-0.08182815361510147,-0.2999499163753973,0.4043428763736688,-0.5852619299458611,-0.27501158014352267,0.40991414941651877,0.40203048323959245,0.11789986049634589,0.26162659936143573,-0.3800200548177429,0.15492484672424264,-0.03359830920660246,0.7033044653937711,0.15098583064294502,-0.7635429341195829
0.3145490814632298,0.37335995567400054,-0.015076630395094817,-0.8526895314108767,1.045987234224121,0.6058222175396363,-1.0322374627154063,0.565037752787344,0.6980976400913411,0.0997880652620543,0.441781895687576,1.0368914377114578,-0.37655685883438683,0.5208258296227519,-0.159641905785017,-0.07864937000211088,-0.6894047125874764,-0.3932927607460555,-1.1556179255140202,-0.6812706872962452,-0.11438109100770728,0.3474450532249035,0.19535983017634748,0.2992659266699129,0.5472719374417176,0.18382119689153673,-0.029307770054079148,-0.7113323905492276,0.569991317849679,-0.02723881586890091,0.41166981431274746,0.8051675416277768,-0.33719629229482423,-0.7508903873722765,-0.09860753448854276,-0.5927092283865464,-1.3430901047895651,-0.18124834546673468,-0.6069260466634786,0.0712289225518564,-0.3783352523162542,0.8935237083402108,0.4198202920713603,-0.1229365985216599
-2.048633032462048,0.7083984399429406,-0.7620221420100031,-0.08212302682908089,-1.047216566264883,-0.8813830184128112,-0.33987462161956794,0.22389413667722555,1.2967551206672947,-2.2072222010577023,-1.1190824700747444,-0.37655685883438683,4.068970445784661,0.030254524298219117,0.15104253066540213,-0.0750022466022226,-1.4066954933841007,0.25698110913784017,0.2429220246477465,0.19224414207602014,-1.486186078747301,-1.5577962989992007,-4.7372112349154945,0.66367012665489,-0.06685837435405974,1.876710986941202,0.32034207360687017,2.7245651136273277,-0.3286080755331498,1.3522082530667054,1.5335349986842055,-1.0950089110408827,0.8273436173589368,0.7642497215713036,-0.04040524196042626,-0.5124146841378325,-1.1278404191430358,-0.6065537398888301,0.46242099355909305,-0.8767123647938364,0.7332995831294556,-2.3857460769757854,-0.43104464998027753,1.087007789450214
0.0025076665865435433,0.35730231206035346,0.5305972183148215,-0.5313334357808872,0.5244036973545122,0.11221468046472831,-0.020480342438278096,-0.08540417497374209,0.15339473780763682,0.1697399718677186,0.42534728711519665,0.5208258296227519,0.030254524298219117,0.5328048487614627,-0.08141772086114663,0.3941967352782559,-0.44746829400294647,0.5197654889617684,-0.4624753133537888,-0.48473168845929576,-0.3849292698748911,0.5092109856665054,0.31597444972855665,-0.31173875739383344,0.05512301177519102,0.13503564860912112,-0.19578677180188553,-0.02000151688426709,0.5258071807302185,0.26714585761019566,0.2562477727261189,0.24224368690318648,-0.37516718873984606,-0.23624310674241153,0.2740770755092094,0.061401669322355405,-0.5360273092269278,0.003638344502729039,-0.32802103357171347,-0.08145495109712006,0.06554357205484802,0.2249190957927446,0.10353317468450965,-0.4021674311746527
-0.13374183570152928,-0.03917646718421814,0.002523343568704053,0.13256256126820753,-0.17956590468032738,-0.14389913521812397,0.18398049719431372,-0.09427091045329242,-0.11110945512861749,-0.09411812041050563,-0.08593773376250197,-0.159641905785017,0.15104253066540213,-0.08141772086114663,0.06934148429633286,0.01496559917827231,0.09224030453948004,0.08838750021615793,0.22503378790523515,0.11703525415843914,-0.053517581476031986,-0.09165377046965478,-0.1329549599391118,-0.05093272065417642,-0.08635286990959436,0.03705095559221538,0.006195168908451201,0.18965327453281713,-0.08049849443731914,0.05529506422204978,-2.813586563375624e-4,-0.1343991186364795,0.09232296863398777,0.14418397219775472,0.004302982368749952,0.10513261828409495,0.1823986176428723,0.040075228408336314,0.07264247579692486,-0.01738037735844224,0.11721832918787377,-0.20702185939144555,-0.07058418829076643,0.05609159822911468
-0.09347562672720472,0.15985343665748128,1.225489895973539,-2.0351883595869352e-4,-0.050134904248954226,-0.32691517294298567,1.2457240896700212,-0.9109266622560345,-0.6825763388562642,0.572571584435669,0.5157521637134077,-0.07864937000211088,-0.0750022466022226,0.3941967352782559,0.01496559917827231,0.915608759216541,0.11235329971891832,1.4652981736590625,0.4768998658796282,-0.18659208057423682,-0.4330280764497376,0.9136302308842952,1.1143262657747304,-1.0725091507867694,-0.5108807667189318,-0.25031094308495627,-0.36597624009278523,0.4022468738815809,0.4322626084552491,0.4044188900193369,-0.1994513076324311,-0.29635555581961714,-0.434699025215092,0.3341178425087135,0.7869651113126198,0.9203411470117778,0.7302976447166295,0.31634268306134855,-0.03162745278109689,-0.1267760314214264,0.5010711140569938,-0.3255440201609453,-0.21596233832672607,-0.8109811609416753
0.578969179757757,-0.6010269753423273,0.373274237553174,0.7463075649469675,-0.42192112672355203,-0.14235234190721005,1.0324116229223914,-0.5919047100546866,-1.1587359878130852,0.8522682296106142,0.1262692289983208,-0.6894047125874764,-1.4066954933841007,-0.44746829400294647,0.09224030453948004,0.11235329971891832,1.1836809908662786,0.25555012618976947,0.8928599649636284,0.4797696907686104,0.6964355347563341,0.400206880654078,1.8737119159026743,-0.5515804785918327,-0.4278388423236507,-0.9424590875168698,-0.10831040470510775,-0.5435636157982592,-0.3099694842303932,-0.527638631489774,-0.9742531213845844,-0.1941329458961768,-0.0619177178271633,0.31487368812304867,0.11454884586758263,0.7367234419495863,1.5958285034056954,0.434031835240592,0.2822262700447641,0.3180332029335457,0.03518934311171061,0.24844683109351817,-0.162077327726467,-0.3655394840822725
-0.3851119618231254,0.23570969435033992,1.9669560131311359,0.20102252511714155,-0.3950539539384023,-0.7448400546448519,2.256234366742555,-1.6205567368442735,-1.2205123404733325,0.7351007485488545,0.6394620248556749,-0.3932927607460555,0.25698110913784017,0.5197654889617684,0.08838750021615793,1.4652981736590625,0.25555012618976947,2.506918364381571,1.0733507220191503,-0.12837697561216016,-0.8485264289088871,1.2846619965300494,1.443743046368912,-1.7572586469707143,-0.955042424884323,-0.3144086401011283,-0.5625164890349528,1.0135879722576875,0.5676584834157419,0.7490798156503502,-0.27433961441086746,-0.7331907011926475,-0.530827916480332,0.7634114854975951,1.2749720689317428,1.6151855403848046,1.4190172003251047,0.5351979974416674,0.119275028592126,-0.2646072165962015,0.9683328930859891,-0.8939521066059635,-0.47650121468036627,-1.199859201122186
-0.3616281559646823,-0.39285265428103927,0.6074709960680925,1.0346476223329668,-1.1952315479373599,-0.8051068264148279,1.7951517159578265,-1.0864183603204538,-1.1672213344898235,0.21106104819363236,-0.2392231469920496,-1.1556179255140202,0.2429220246477465,-0.4624753133537888,0.22503378790523515,0.4768998658796282,0.8928599649636284,1.0733507220191503,1.6080656831331455,0.7208782175996982,-0.054321674428484484,0.09173075098423654,0.4612967036435409,-0.8357320462342619,-0.8422105513082971,-0.4044165333971489,-0.12345369308187601,0.8823055398854814,-0.4529069894037916,0.17620994794282038,-0.5911292155649175,-0.9875668816770812,0.2369553829844866,0.9986544158008364,0.5222526765996244,1.1430154361928178,1.954384222380042,0.39898886531517613,0.6354860767876639,-0.08137927583198787,0.6848999244280682,-1.1172830377222038,-0.5573458325682383,-0.22870572155358562
-0.15278609268727109,-0.3251710197245785,-0.31777287488937506,0.6560269472624676,-0.7291413673550738,-0.3189055900031848,0.4690954557695997,-0.1582637620063586,-0.34235372221857585,-0.18064799288328143,-0.4293762341741788,-0.6812706872962452,0.19224414207602014,-0.48473168845929576,0.11703525415843914,-0.18659208057423682,0.4797696907686104,-0.12837697561216016,0.7208782175996982,0.5671163223517084,0.22358945472227976,-0.4664734019728567,-0.33076945151594517,0.05331215605302713,-0.271364782071327,-0.1190197498922707,0.09166432453717512,0.3404589930414204,-0.5435689004896397,-0.12073863619369199,-0.2903198211257361,-0.4827566889567052,0.3555461697079006,0.44597596598382894,-0.09407513795000173,0.2123397113669851,0.8333575564785727,0.08288905819077896,0.4325412657424819,0.009970324724277555,0.14926385236746348,-0.5166050295158655,-0.25269358759698063,0.2932384653240346
0.7993482175526149,-0.4985524409333239,-0.43632588599990774,0.25927242131878653,0.12069059553125953,0.36177349787547186,-0.29833376750575447,0.309258951083025,-0.2801274869436866,0.5592249899521818,0.051672134920198835,-0.11438109100770728,-1.486186078747301,-0.3849292698748911,-0.053517581476031986,-0.4330280764497376,0.6964355347563341,-0.8485264289088871,-0.054321674428484484,0.22358945472227976,1.0112974957637753,0.021621179803275666,1.2035986665394551,0.25034165743803904,0.14307689979879332,-0.6777174290449394,0.08627569772759826,-1.1100336155372525,-0.3133522286302509,-0.7498100468114813,-0.6798621493827062,0.3571294048113009,-0.04759223889466559,-0.26018312088981843,-0.3928511306441441,-0.18669883217737265,0.40373497801191083,0.09432134383166262,0.013247130956271008,0.38845481302854734,-0.49498555698485924,0.8659848457376798,0.1747410302688521,0.018653393179615764
0.6754207840446012,0.015990789856612144,1.5344906232073316,-0.22174219221027094,0.5994671333357032,0.15020415568287676,1.041806101117875,-0.8766377032858439,-0.9276148568100349,1.383140456742451,1.0268754686955874,0.3474450532249035,-1.5577962989992007,0.5092109856665054,-0.09165377046965478,0.9136302308842952,0.400206880654078,1.2846619965300494,0.09173075098423654,-0.4664734019728567,0.021621179803275666,1.613651316317697,2.812395386354078,-1.2090126748098706,-0.31209932486366343,-0.8614528920116745,-0.43967222216502344,-0.7333610936226542,0.7372337783711073,-0.04562673574072858,-0.586479625114565,0.3218225080178292,-0.7878338370193141,-0.1370320512573587,0.8062125496046851,0.9297578089645502,0.741343393884192,0.45473983966761583,-0.36800564965527066,0.19542521527241263,0.14025394458508283,0.7191586083376346,0.07361784867270774,-1.237210869437004
2.219412454140687,-0.6839203999528908,2.3176131414544354,0.2564288073524758,0.9849631334597811,0.5649843296931405,2.0024633183789304,-1.4237591427342648,-2.4215537360680113,3.211739631778146,1.8012221695462909,0.19535983017634748,-4.7372112349154945,0.31597444972855665,-0.1329549599391118,1.1143262657747304,1.8737119159026743,1.443743046368912,0.4612967036435409,-0.33076945151594517,1.2035986665394551,2.812395386354078,6.769060964077741,-2.028874616547851,-0.5859573891074001,-2.5118725585129016,-0.7732257754560548,-2.5970505308945606,0.7983966220628473,-1.111529719366149,-2.0493672018121996,0.8132081351073736,-1.3627479395085422,-0.38615306820946765,0.979560511560366,1.76210041138024,2.3771008223974004,1.1095143167553758,-0.4656332878124635,0.8689087712479157,-0.21211613318937975,2.2568893901972515,0.18433192380260446,-2.162045662293938
-0.13355991126457825,0.023688300463878185,-1.5466362634885942,-0.2567049398891942,0.17514827544045247,0.419300483260165,-1.817851316656654,1.2453315053387022,1.216442754276334,-0.9821239562958038,-0.6495784104393784,0.2992659266699129,0.66367012665489,-0.31173875739383344,-0.05093272065417642,-1.0725091507867694,-0.5515804785918327,-1.7572586469707143,-0.8357320462342619,0.05331215605302713,0.25034165743803904,-1.2090126748098706,-2.028874616547851,1.444424787796941,0.7371364039081362,0.6465304620021411,0.4853890244941148,-0.204913150343415,-0.3936923413341874,-0.25277746029479864,0.5760441451797003,0.3722352791496146,0.5223777376045673,-0.46003080227434145,-0.9380458098465551,-1.3345447341915717,-1.4113258261502288,-0.5294951894901778,-0.05063722966852962,0.002766477953298735,-0.5845870759773766,0.21342161823775688,0.2953914433816032,1.077755238999264
0.15461656618456057,0.10976764938773191,-0.6470611563049999,-0.48047201044888566,0.5628166186854542,0.4613852435410632,-1.254042119302453,0.7600187119584946,0.7510198506256464,-0.2924883959717127,-0.05538075652430738,0.5472719374417176,-0.06685837435405974,0.05512301177519102,-0.08635286990959436,-0.5108807667189318,-0.4278388423236507,-0.955042424884323,-0.8422105513082971,-0.271364782071327,0.14307689979879332,-0.31209932486366343,-0.5859573891074001,0.7371364039081362,0.5752222387412921,0.2767925624248183,0.21559907210354912,-0.5172017432203656,0.09291150184568323,-0.1867064551750969,0.3588075520822637,0.5600267909159362,0.05955766226081404,-0.5507276714090469,-0.4913815370998256,-0.8240958363141236,-1.1346974161731185,-0.29360591827676646,-0.3070405273567052,0.07698189062743299,-0.4621008463680066,0.5781294524509859,0.34294842018213667,0.37609875310413526
-0.8965797921008137,0.4463269474207611,-0.6453202733706003,-0.3866753489858291,-0.10639477762803472,-0.18235426284857392,-0.8213988320168116,0.5217059250275956,1.0151402924141042,-1.2048244988389256,-0.4929045843831518,0.18382119689153673,1.876710986941202,0.13503564860912112,0.03705095559221538,-0.25031094308495627,-0.9424590875168698,-0.3144086401011283,-0.4044165333971489,-0.1190197498922707,-0.6777174290449394,-0.8614528920116745,-2.5118725585129016,0.6465304620021411,0.2767925624248183,1.0837358555431238,0.21935334136606582,1.0157193066872672,-0.02979658245606925,0.5807138875216464,0.9635069251485355,-0.17553994995877334,0.3579423158588952,0.026542344547775373,-0.28592233050656213,-0.6692632348631131,-1.2368755979258157,-0.43030837274781286,-0.012199323114389479,-0.3744472249046394,0.12443772414955682,-0.7684782457747501,-0.0057945066537721905,0.6661200118308246
-0.12159682066900013,-0.04902410261425708,-0.5175582466229699,-0.0024636716008005106,-0.06748382922218957,0.0673313595126935,-0.5592589725811563,0.34152370710935764,0.3527189361840275,-0.3667347659385407,-0.2838687138264855,-0.029307770054079148,0.32034207360687017,-0.19578677180188553,0.006195168908451201,-0.36597624009278523,-0.10831040470510775,-0.5625164890349528,-0.12345369308187601,0.09166432453717512,0.08627569772759826,-0.43967222216502344,-0.7732257754560548,0.4853890244941148,0.21559907210354912,0.21935334136606582,0.22662770683393718,0.04134995106749571,-0.1824136709636514,-0.057124639287165366,0.17949272849946774,0.03920910068465696,0.24378026149936338,-0.06276154102093993,-0.31274136665554486,-0.40605913789963255,-0.35043702088210515,-0.18849414909673676,0.03807808013875145,-0.017528842556052967,-0.15791651162354695,-0.07169553143177297,0.06965294626623482,0.40164213621814404
-1.503303171594777,0.37609032527225394,0.07477491747991408,0.32003419130857835,-1.144247406867172,-0.981324872399796,0.8191166267447078,-0.5070838510853812,0.20358305848773772,-1.20953244090299,-0.6558106282412618,-0.7113323905492276,2.7245651136273277,-0.02000151688426709,0.18965327453281713,0.4022468738815809,-0.5435636157982592,1.0135879722576875,0.8823055398854814,0.3404589930414204,-1.1100336155372525,-0.7333610936226542,-2.5970505308945606,-0.204913150343415,-0.5172017432203656,1.0157193066872672,0.04134995106749571,2.2507643380141693,-0.2536705312123683,1.067524123934152,0.7195241020753249,-1.1768039146310312,0.47615691734440857,0.9707512401905356,0.37011923576214967,0.35747205592544085,0.17783929341615348,-0.1340098977614728,0.5190033650687079,-0.6368281212369734,0.880773115543788,-2.0635494353763923,-0.5549321972331748,0.38221134184234595
0.14897315693133711,0.29456526823168,0.7023717430449294,-0.5690111073413174,0.6570029688990909,0.18576868467640179,-0.015182498723358596,-0.17964353031856298,0.009012007396658438,0.3906032265982885,0.5624083765417927,0.569991317849679,-0.3286080755331498,0.5258071807302185,-0.08049849443731914,0.4322626084552491,-0.3099694842303932,0.5676584834157419,-0.4529069894037916,-0.5435689004896397,-0.3133522286302509,0.7372337783711073,0.7983966220628473,-0.3936923413341874,0.09291150184568323,-0.02979658245606925,-0.1824136709636514,-0.2536705312123683,0.6429009676495578,0.1861098997092674,0.16135671267891818,0.3716369713049831,-0.4462440389993726,-0.30708452122426844,0.29922433069801546,0.12463720812993086,-0.45675793439260476,0.054805064821044754,-0.42097734494406613,-0.005981798151182024,0.011565828170282398,0.4223967715451265,0.17094144813704992,-0.5317058269488159
-0.75984927580146,0.37125315069668763,0.32836179881057176,-0.17004402766791726,-0.2498108585365925,-0.41937498385813105,0.329940291045668,-0.2899735567829966,0.2194137107930615,-0.5063266431347091,-0.08182815361510147,-0.02723881586890091,1.3522082530667054,0.26714585761019566,0.05529506422204978,0.4044188900193369,-0.527638631489774,0.7490798156503502,0.17620994794282038,-0.12073863619369199,-0.7498100468114813,-0.04562673574072858,-1.111529719366149,-0.25277746029479864,-0.1867064551750969,0.5807138875216464,-0.057124639287165366,1.067524123934152,0.1861098997092674,0.6951926617378023,0.5248046752089828,-0.4037990496549528,0.046269648154505544,0.3298777896765451,0.33599308477245,0.17829754655938254,-0.24705810163731376,-0.09321065160311058,0.040334204424083184,-0.34858324196259216,0.46346620278337336,-0.8871362012082121,-0.18180185925216194,-0.03271687984440222
-0.7203297318956711,0.48557849338123354,-0.459647899813947,-0.5489585786740759,0.16632522749776854,-0.03685477421622095,-0.9002735274992587,0.5052895268504559,0.9931443858604055,-0.9850868637307703,-0.2999499163753973,0.41166981431274746,1.5335349986842055,0.2562477727261189,-2.813586563375624e-4,-0.1994513076324311,-0.9742531213845844,-0.27433961441086746,-0.5911292155649175,-0.2903198211257361,-0.6798621493827062,-0.586479625114565,-2.0493672018121996,0.5760441451797003,0.3588075520822637,0.9635069251485355,0.17949272849946774,0.7195241020753249,0.16135671267891818,0.5248046752089828,0.9541719104343036,0.04341992653707469,0.2347537157136619,-0.14827011168647858,-0.22701559653090836,-0.6621951836170319,-1.352405454434987,-0.406145162198968,-0.16464566404496095,-0.30491850044198177,0.04910347450535009,-0.4648390006285541,0.09872192453891925,0.49787268343828206
0.6524613123122563,0.058612912861019724,-0.18148955177491788,-0.6142609893933244,0.9802313814800275,0.6796160340963321,-1.0442121336006782,0.5975898713211628,0.397381201667015,0.36149898535481495,0.4043428763736688,0.8051675416277768,-1.0950089110408827,0.24224368690318648,-0.1343991186364795,-0.29635555581961714,-0.1941329458961768,-0.7331907011926475,-0.9875668816770812,-0.4827566889567052,0.3571294048113009,0.3218225080178292,0.8132081351073736,0.3722352791496146,0.5600267909159362,-0.17553994995877334,0.03920910068465696,-1.1768039146310312,0.3716369713049831,-0.4037990496549528,0.04341992653707469,0.895857513901654,-0.28845670036330995,-0.7836046871455503,-0.3236520984333309,-0.5795647470985643,-0.9445998616207233,-0.1002650829050727,-0.534349268823671,0.2723124891155851,-0.5638134382116896,1.2181906745869653,0.46769369412584705,-0.08820897029822965
-0.41421959704736827,-0.08692264201272265,-0.6821626751464859,0.2963751575907643,-0.495693551815055,-0.1901904188800291,-0.2807223444080281,0.2573571977409024,0.29581922963881974,-0.6727485142933977,-0.5852619299458611,-0.33719629229482423,0.8273436173589368,-0.37516718873984606,0.09232296863398777,-0.434699025215092,-0.0619177178271633,-0.530827916480332,0.2369553829844866,0.3555461697079006,-0.04759223889466559,-0.7878338370193141,-1.3627479395085422,0.5223777376045673,0.05955766226081404,0.3579423158588952,0.24378026149936338,0.47615691734440857,-0.4462440389993726,0.046269648154505544,0.2347537157136619,-0.28845670036330995,0.5064040933296257,0.21838390812675493,-0.31223051499620025,-0.29938497022874755,-0.05293616915048274,-0.18484718913298534,0.28210456866729716,-0.09536150840210021,0.0383878063953742,-0.546795285816051,-0.10232709004087703,0.6211508699239228
-0.51977982224592445,-0.10453339926237443,0.29720086648168115,0.6047628922330317,-0.8806868529918583,-0.620707785505036,1.093398404205526,-0.6452754421785664,-0.5194289647564492,-0.17115856263950574,-0.27501158014352267,-0.7508903873722765,0.7642497215713036,-0.23624310674241153,0.14418397219775472,0.3341178425087135,0.31487368812304867,0.7634114854975951,0.9986544158008364,0.44597596598382894,-0.26018312088981843,-0.1370320512573587,-0.38615306820946765,-0.46003080227434145,-0.5507276714090469,0.026542344547775373,-0.06276154102093993,0.9707512401905356,-0.30708452122426844,0.3298777896765451,-0.14827011168647858,-0.7836046871455503,0.21838390812675493,0.7363237087490342,0.35538845425665166,0.645602071029402,1.0231273014629252,0.17257806797463357,0.4572285673925972,-0.19703322280611998,0.5384124334195564,-1.0475070472827486,-0.4172396982240253,-0.025963760667541087
-0.0723566808615644,0.11784476660311705,1.073605307142331,0.14405321003332658,-0.1473496638160149,-0.26200874693130505,1.2069853659509535,-0.8494292338374758,-0.6202202042729847,0.5334249989818135,0.40991414941651877,-0.09860753448854276,-0.04040524196042626,0.2740770755092094,0.004302982368749952,0.7869651113126198,0.11454884586758263,1.2749720689317428,0.5222526765996244,-0.09407513795000173,-0.3928511306441441,0.8062125496046851,0.979560511560366,-0.9380458098465551,-0.4913815370998256,-0.28592233050656213,-0.31274136665554486,0.37011923576214967,0.29922433069801546,0.33599308477245,-0.22701559653090836,-0.3236520984333309,-0.31223051499620025,0.35538845425665166,0.8103492964448319,0.8758021361419227,0.8177479733544349,0.30078127627405893,0.04906973318347368,-0.1198329381761913,0.4716654668089367,-0.3704146370311301,-0.23402238710788498,-0.6742099182440896
0.0574125372587426,-0.1603096398867855,1.3457631922766915,0.5794254791222607,-0.505194553995611,-0.5243287096421894,1.9620087452087462,-1.2805873637615999,-1.3284505100139172,0.850037293098802,0.40203048323959245,-0.5927092283865464,-0.5124146841378325,0.061401669322355405,0.10513261828409495,0.9203411470117778,0.7367234419495863,1.6151855403848046,1.1430154361928178,0.2123397113669851,-0.18669883217737265,0.9297578089645502,1.76210041138024,-1.3345447341915717,-0.8240958363141236,-0.6692632348631131,-0.40605913789963255,0.35747205592544085,0.12463720812993086,0.17829754655938254,-0.6621951836170319,-0.5795647470985643,-0.29938497022874755,0.645602071029402,0.8758021361419227,1.3940658890682518,1.7520623917416571,0.5462074569635883,0.2646129357228539,-0.009081328815973917,0.6355362219794,-0.4527507440339105,-0.4086597303147298,-0.8600521633200855
0.3242929022067966,-0.7130204860709287,1.1579902556406059,1.3860752498161155,-1.1701505085231971,-0.7021348865721325,2.5826674586711715,-1.5522715175043644,-1.9942213219504383,1.143662347452881,0.11789986049634589,-1.3430901047895651,-1.1278404191430358,-0.5360273092269278,0.1823986176428723,0.7302976447166295,1.5958285034056954,1.4190172003251047,1.954384222380042,0.8333575564785727,0.40373497801191083,0.741343393884192,2.3771008223974004,-1.4113258261502288,-1.1346974161731185,-1.2368755979258157,-0.35043702088210515,0.17783929341615348,-0.45675793439260476,-0.24705810163731376,-1.352405454434987,-0.9445998616207233,-0.05293616915048274,1.0231273014629252,0.8177479733544349,1.7520623917416571,3.0282969223968377,0.7392035367224736,0.720626753207874,0.16600944147460117,0.6354360072967464,-0.5847825766735172,-0.6214094725235216,-0.7609032972585373
0.2270158780395681,-0.1235722852008863,0.5211626878983596,0.2555699758385563,-0.09456002519893027,-0.08332953442798678,0.7543180256034446,-0.45226837344366305,-0.6201284407534086,0.5121552411267568,0.26162659936143573,-0.18124834546673468,-0.6065537398888301,0.003638344502729039,0.040075228408336314,0.31634268306134855,0.434031835240592,0.5351979974416674,0.39898886531517613,0.08288905819077896,0.09432134383166262,0.45473983966761583,1.1095143167553758,-0.5294951894901778,-0.29360591827676646,-0.43030837274781286,-0.18849414909673676,-0.1340098977614728,0.054805064821044754,-0.09321065160311058,-0.406145162198968,-0.1002650829050727,-0.18484718913298534,0.17257806797463357,0.30078127627405893,0.5462074569635883,0.7392035367224736,0.3093962797583295,0.0434421451946105,0.0966799694226907,0.16097955174495182,0.06870817493824546,-0.10861789574644859,-0.3891783987386097
-0.25164545015404227,-0.17984948377925034,-0.1358014243935412,0.5367131790274531,-0.684849108638507,-0.34639707915575074,0.5312463386579023,-0.24807801692741754,-0.2684624894298229,-0.1994766280914793,-0.3800200548177429,-0.6069260466634786,0.46242099355909305,-0.32802103357171347,0.07264247579692486,-0.03162745278109689,0.2822262700447641,0.119275028592126,0.6354860767876639,0.4325412657424819,0.013247130956271008,-0.36800564965527066,-0.4656332878124635,-0.05063722966852962,-0.3070405273567052,-0.012199323114389479,0.03807808013875145,0.5190033650687079,-0.42097734494406613,0.040334204424083184,-0.16464566404496095,-0.534349268823671,0.28210456866729716,0.4572285673925972,0.04906973318347368,0.2646129357228539,0.720626753207874,0.0434421451946105,0.43530971755219744,-0.09459723344836472,0.2168231662794726,-0.6275720500897549,-0.28073276710829287,0.19684001426546657
0.4344397662936778,-0.1905761570116003,-0.019957799696567802,0.034413596770681225,0.2059483560150302,0.20338745284194645,-0.0775645136937687,0.07321244125204864,-0.20950341066119982,0.38054736019635255,0.15492484672424264,0.0712289225518564,-0.8767123647938364,-0.08145495109712006,-0.01738037735844224,-0.1267760314214264,0.3180332029335457,-0.2646072165962015,-0.08137927583198787,0.009970324724277555,0.38845481302854734,0.19542521527241263,0.8689087712479157,0.002766477953298735,0.07698189062743299,-0.3744472249046394,-0.017528842556052967,-0.6368281212369734,-0.005981798151182024,-0.34858324196259216,-0.30491850044198177,0.2723124891155851,-0.09536150840210021,-0.19703322280611998,-0.1198329381761913,-0.009081328815973917,0.16600944147460117,0.0966799694226907,-0.09459723344836472,0.22769789382554712,-0.21085110509990773,0.5459287715134907,0.12428834540083328,-0.11695798312685331
-0.5107529312117245,0.10328747722715723,0.5616662855797059,0.2666064614455346,-0.5128730337784524,-0.5258583307823568,0.9956162759357776,-0.63811742183815,-0.39729584079317604,-0.10258712090879611,-0.03359830920660246,-0.3783352523162542,0.7332995831294556,0.06554357205484802,0.11721832918787377,0.5010711140569938,0.03518934311171061,0.9683328930859891,0.6848999244280682,0.14926385236746348,-0.49498555698485924,0.14025394458508283,-0.21211613318937975,-0.5845870759773766,-0.4621008463680066,0.12443772414955682,-0.15791651162354695,0.880773115543788,0.011565828170282398,0.46346620278337336,0.04910347450535009,-0.5638134382116896,0.0383878063953742,0.5384124334195564,0.4716654668089367,0.6355362219794,0.6354360072967464,0.16097955174495182,0.2168231662794726,-0.21085110509990773,0.5614146582136939,-0.844853246287908,-0.31659189816745475,-0.2142145319155502
1.351290897992893,-0.1714949746257232,-0.02770805066204486,-0.5684601192115883,1.2984672530160222,0.9753623377127918,-0.9661649491230218,0.5801398365450532,0.004996413444880907,1.0374804889605544,0.7033044653937711,0.8935237083402108,-2.3857460769757854,0.2249190957927446,-0.20702185939144555,-0.3255440201609453,0.24844683109351817,-0.8939521066059635,-1.1172830377222038,-0.5166050295158655,0.8659848457376798,0.7191586083376346,2.2568893901972515,0.21342161823775688,0.5781294524509859,-0.7684782457747501,-0.07169553143177297,-2.0635494353763923,0.4223967715451265,-0.8871362012082121,-0.4648390006285541,1.2181906745869653,-0.546795285816051,-1.0475070472827486,-0.3704146370311301,-0.4527507440339105,-0.5847825766735172,0.06870817493824546,-0.6275720500897549,0.5459287715134907,-0.844853246287908,2.0217410965032867,0.5808555961701695,-0.3886063593143632
0.2685227309948902,0.04246884641173592,-0.20256923918677647,-0.3564187621580948,0.49487346644397745,0.34902590224291263,-0.6869912211578131,0.3885944655584867,0.31930291333880795,0.07564287832029991,0.15098583064294502,0.4198202920713603,-0.43104464998027753,0.10353317468450965,-0.07058418829076643,-0.21596233832672607,-0.162077327726467,-0.47650121468036627,-0.5573458325682383,-0.25269358759698063,0.1747410302688521,0.07361784867270774,0.18433192380260446,0.2953914433816032,0.34294842018213667,-0.0057945066537721905,0.06965294626623482,-0.5549321972331748,0.17094144813704992,-0.18180185925216194,0.09872192453891925,0.46769369412584705,-0.10232709004087703,-0.4172396982240253,-0.23402238710788498,-0.4086597303147298,-0.6214094725235216,-0.10861789574644859,-0.28073276710829287,0.12428834540083328,-0.31659189816745475,0.5808555961701695,0.26753577630808734,0.033128389488307236
-0.43921914255816263,-0.005964328107421044,-1.2757171420275302,0.09779446981515003,-0.31147281112420944,0.03781975632600213,-1.0592806897436817,0.8123917450930697,0.8428130654187075,-1.0594231561648115,-0.7635429341195829,-0.1229365985216599,1.087007789450214,-0.4021674311746527,0.05609159822911468,-0.8109811609416753,-0.3655394840822725,-1.199859201122186,-0.22870572155358562,0.2932384653240346,0.018653393179615764,-1.237210869437004,-2.162045662293938,1.077755238999264,0.37609875310413526,0.6661200118308246,0.40164213621814404,0.38221134184234595,-0.5317058269488159,-0.03271687984440222,0.49787268343828206,-0.08820897029822965,0.6211508699239228,-0.025963760667541087,-0.6742099182440896,-0.8600521633200855,-0.7609032972585373,-0.3891783987386097,0.19684001426546657,-0.11695798312685331,-0.2142145319155502,-0.3886063593143632,0.033128389488307236,1.0328677093742038
