V1,V2,V3,V4,V5,V6,V7,V8,V9,V10,V11,V12,V13,V14,V15,V16,V17,V18,V19,V20,V21,V22,V23,V24,V25,V26,V27,V28,V29,V30,V31,V32,V33,V34,V35,V36,V37,V38,V39,V40,V41,V42,V43,V44
1.1157525125172647,1.9744567400123814,1.203848391449754,-0.25424877016199193,0.5758135674991218,-0.355633138295751,1.0800687626203254,-1.2680315821233579,-1.768553381715454,1.347151433641496,-1.9596163004351028,2.515548152534568,3.9301361414133025,-1.5513700679900213,-0.04287896524744714,-1.1149404180445712,0.6516051350366677,-2.8222023069778395,-0.285575755826393,-2.7426256210449824,6.350064968773305,0.8131031602395719,2.8848961112946303,-0.17598673730086553,0.16640177543699575,1.4101602872162229,3.146097105297837,-0.09355667803958109,1.00138910224174,1.1815456713971513,2.494584198599338,1.641708538093669,0.5776846566070206,0.13869211014599087,0.9717038734416884,2.166355260931715,-1.4477963547313693,-1.685176704899371,-0.12885602559579623,-1.7513795814424566,0.7253587611871537,1.4367281626437225,-1.9812103814407367,0.11297177946243256
1.9744567400123814,18.64349106700597,7.6283342522706885,-0.2903700712044194,4.0546441892585445,-5.787985100499417,9.808965922057945,-10.258109930997657,-13.47653964142279,15.195836509618541,-13.443151196074428,17.979752610771797,34.6296003978418,-15.512901060206582,-4.53520360648295,-5.600408961812508,5.363712325065789,-25.478390332821533,4.578759376638766,-17.466327348040135,55.04918998941541,9.4408319308931965,14.480659800445421,9.27549799987969,4.1332571954202555,14.481701128852082,28.317481024954436,4.454706792571838,9.051507496474391,16.102294043435318,12.949115111021731,12.689049786059005,-0.6586021667038164,5.793210466976187,2.7879314328145917,18.910034505905152,-16.451586790842207,-11.225478527074912,-0.6182117075998621,-22.42404345535629,4.1932777485107025,9.448705553524773,-19.076280225568695,-3.695805998813864
1.203848391449754,7.6283342522706885,4.1883721564062215,-0.577557620502017,1.630984819080024,-2.6270943617623357,4.3194337631943,-4.534242662334233,-5.85736645506379,6.212394052815546,-6.177159733132247,7.500621723910507,15.155702441506604,-6.317284270361266,-1.5173528816167159,-3.299427762663316,2.270831288461397,-10.431321373692825,1.474277702296161,-7.913172293041647,23.538296425258938,3.9491065842301776,7.304082370710334,2.5290593533507493,1.5706877276990527,5.66610238271356,12.215112985107725,1.1429473189815698,3.9262873011489474,5.972952894270074,6.3738762443819645,5.882438136028435,0.2802463940958127,2.4701904868512474,2.014688470475059,8.517483524576562,-5.954509562171634,-5.15276975723718,0.29821731802902834,-8.759295742349897,2.18386072839081,3.819161072049252,-8.335868528606568,-1.1146181225439844
-0.25424877016199193,-0.2903700712044194,-0.577557620502017,0.21274831231710858,-0.06479725475861597,0.17453483106072892,-0.26489500047099246,0.3063898735673691,0.3765783346441128,-0.20520051855294047,0.5237912445521409,-0.3794206613607055,-0.9525470902561222,0.21317114494637682,-0.09742878161544961,0.5266288028246203,-0.12169500036695706,0.4027324703625234,0.15638291272547072,0.6585889487990131,-1.2966825826719248,-0.15864033641200356,-0.881146208396697,0.45368119505962246,6.128591147624303e-4,-0.11035910356095394,-0.7005079806035701,0.24828018899681673,-0.22387302708262172,0.041335438514927984,-0.7189584135957923,-0.4949419500202633,-0.27180693385993265,-0.09064984601500871,-0.45742287357391875,-0.6173264112911687,-0.08692007529923758,0.4409810409360166,-0.20099685798535305,0.1274186005464717,-0.27209216296248495,-0.15925554967958427,0.5004917861033982,-0.1472902147165046
0.5758135674991218,4.0546441892585445,1.630984819080024,-0.06479725475861597,0.9197991043265136,-1.1814542222830025,2.1059387955602697,-2.2382872422937656,-2.9684477905404183,3.247419420509879,-2.9691629824218295,4.024127601579066,7.4889336260760535,-3.346324633892222,-0.9287236862573343,-1.2213170807359526,1.176812786609217,-5.561846210012334,0.8751356342331464,-3.9096522652247048,11.977336423292076,2.0086414712973926,3.2889276035993458,1.9017807784416076,0.8564467502991032,3.148472538948211,6.129424558230552,0.9223538512908384,1.9506322329387247,3.457742205047754,2.9408790997668857,2.752694492780603,-0.06126808488772374,1.1537504999615331,0.6620319337484807,4.068729208717278,-3.591386787604207,-2.4882533129628337,-0.205943808710302,-4.788834096939541,0.9248553989668434,2.152937545408921,-4.087863361584943,-0.7357710790269524
-0.355633138295751,-5.787985100499417,-2.6270943617623357,0.17453483106072892,-1.1814542222830025,2.0321584595505846,-3.16545014605257,3.249556262876295,4.168774334110276,-4.843033107169738,4.205854531387406,-5.367502161597596,-11.052873942063194,4.847033390953436,1.4701761099954582,1.9110282886841117,-1.6604719375104449,7.855874713229903,-1.6263183235264096,5.308717670308835,-17.284103276361318,-3.069247461507183,-4.438637754067421,-2.8898140973202695,-1.353268841425832,-4.440008382877848,-8.995595634472853,-1.3654339916899478,-2.8901599722392337,-4.995782953080941,-3.9483572853036075,-4.088198575887284,0.29221655094606613,-2.0670610570207857,-0.9061524978960717,-6.117754324529741,4.930331811010079,3.490256286642918,-0.07432117425147351,7.088532364958114,-1.3679943685664782,-2.7143455378791232,6.169893869638697,1.222647050720851
1.0800687626203254,9.808965922057945,4.3194337631943,-0.26489500047099246,2.1059387955602697,-3.16545014605257,5.298155942283039,-5.499909550867014,-7.161020599528636,8.042317470363763,-7.228819987070065,9.460129876119655,18.53089333490575,-8.189305462399945,-2.3196591429438094,-3.2228976803506626,2.838568564040246,-13.406029071915938,2.3933969093702436,-9.298017539540895,29.26227842863247,5.044788718160726,7.925364876955759,4.589350948824047,2.146302279481389,7.539028079563955,15.10300119100395,2.180914313809918,4.856689676943127,8.341162950417795,7.051522491423246,6.869221290709936,-0.28184839923665755,3.141006483482492,1.6510245502615233,10.183887550216925,-8.461549841724457,-6.036965574361294,-0.11681824836635404,-11.751007148239145,2.3315661915534807,4.912570736715846,-10.233219212826137,-1.8902487064629983
-1.2680315821233579,-10.258109930997657,-4.534242662334233,0.3063898735673691,-2.2382872422937656,3.249556262876295,-5.499909550867014,5.767458939892142,7.542427968639525,-8.346223462901166,7.635470454521607,-9.993638808430912,-19.377159359312742,8.514648191183634,2.3637713853019546,3.4071962601489965,-2.983031351224714,14.030146299720075,-2.358051282480237,9.883876430239223,-30.640761062188783,-5.2248900254077775,-8.46573291802494,-4.647929331106153,-2.2139781899072513,-7.879802676765606,-15.78964164949618,-2.2176737663330663,-5.055318347986315,-8.655088430237827,-7.523176437653142,-7.2067423386655385,0.16765430360108766,-3.1891581508831117,-1.8290094375861843,-10.6437194078172,8.813943095789362,6.378011693214993,0.17898870506281456,12.182602639532933,-2.4688666554031267,-5.224380262746778,10.65751377516333,1.884978995716061
-1.768553381715454,-13.47653964142279,-5.85736645506379,0.3765783346441128,-2.9684477905404183,4.168774334110276,-7.161020599528636,7.542427968639525,9.925494227536234,-10.905875007755187,10.021274471232994,-13.220474731854043,-25.335645441941956,11.170868566202092,3.0818776884037615,4.398251709835555,-3.928997191639409,18.45362113071642,-2.9956246799560713,13.04892252734072,-40.184921015530286,-6.792843253898593,-11.152987774713337,-6.103606430472923,-2.8834777761616652,-10.379336809460177,-20.65541368771588,-2.9204443093248984,-6.603572859599004,-11.364519598003648,-9.915210231226537,-9.406867000677392,0.16134934738403672,-4.068495270843116,-2.399775683083821,-13.876082441245783,11.649966113391548,8.381532716023521,0.35372469278129326,15.94335050116528,-3.2150808060934555,-6.952188958238595,13.888310481905124,2.4336300672059235
1.347151433641496,15.195836509618541,6.212394052815546,-0.20520051855294047,3.247419420509879,-4.843033107169738,8.042317470363763,-8.346223462901166,-10.905875007755187,12.494214852279832,-10.852059706574176,14.472521291043552,28.268396606996166,-12.68696686606539,-3.8072829590948176,-4.511011866718324,4.3532237918281815,-20.734950730157134,3.9672794938977747,-13.998402676001819,44.835535586137524,7.789891074740101,11.502670037362105,7.812314921975751,3.441089783369723,11.817057782897946,23.11879314670252,3.7491115174142307,7.4087306612180495,13.243629118042163,10.2958665114582,10.328574430613548,-0.7156014380663327,4.9062475027630965,2.12364394610256,15.455565034526423,-13.434702634642932,-9.04234921948863,-0.40270144964867755,-18.459193990247353,3.382293513458631,7.548886374613777,-15.640202526133038,-3.1513007393728896
-1.9596163004351028,-13.443151196074428,-6.177159733132247,0.5237912445521409,-2.9691629824218295,4.205854531387406,-7.228819987070065,7.635470454521607,10.021274471232994,-10.852059706574176,10.238109611830287,-13.270626206321737,-25.563666206414897,11.119203341120864,2.937831172249696,4.730088205917375,-3.939608625053652,18.418038321390327,-2.8041882165889187,13.32472038767816,-40.399320670880094,-6.7804116225051505,-11.63444171153003,-5.623308391551327,-2.823099827177151,-10.271603937383967,-20.791074517139357,-2.668991820451175,-6.647760207655513,-11.112317960032346,-10.292582101547735,-9.608003831807643,-0.056631128985544545,-4.047834729589616,-2.7040244751739584,-14.086431958048463,11.361951564801378,8.558813202122051,0.20369650893685615,15.726239266363631,-3.365830541165123,-6.9605621861625835,14.001854497442988,2.2696990450801326
2.515548152534568,17.979752610771797,7.500621723910507,-0.3794206613607055,4.024127601579066,-5.367502161597596,9.460129876119655,-9.993638808430912,-13.220474731854043,14.472521291043552,-13.270626206321737,17.81520199453793,33.4952904161218,-14.893445423436994,-4.10003847339322,-5.617396480935031,5.245608662826201,-24.668643589448624,3.9093849975410078,-17.373321819092546,53.39574633791805,8.9817466988001,14.772812672986229,8.273148785001595,3.791641652960787,13.911381557080643,27.357693238639367,3.9908451299862153,8.74751117330191,15.25291652681067,13.173116463350345,12.36355444946153,-0.24121930032101876,5.222075524856825,3.0520604013997827,18.234871235512134,-15.791441725941553,-11.121986387260288,-0.7197192337616557,-21.24291451126231,4.194142994751878,9.457108080112098,-18.300356422584937,-3.2463177075389025
3.9301361414133025,34.6296003978418,15.155702441506604,-0.9525470902561222,7.4889336260760535,-11.052873942063194,18.53089333490575,-19.377159359312742,-25.335645441941956,28.268396606996166,-25.563666206414897,33.4952904161218,65.2925422872911,-28.79155034132717,-8.153113197157715,-11.29332770846628,10.042933795177845,-47.32004391333538,8.233484392453386,-33.042642981416776,103.22872672004482,17.678910547734986,28.060759456870592,16.151843931560343,7.584684788118437,26.6602476493584,53.22286389205433,7.7038211824554805,17.04256222173709,29.406297702834443,24.956984676842943,24.206985021274342,-0.7898672810197623,10.928274932611899,5.922889021909339,35.855403145437634,-29.870555008101526,-21.336817855696047,-0.5967705825636485,-41.352444851502426,8.217222085447467,17.462543054600616,-35.969139960162636,-6.5478950063680985
-1.5513700679900213,-15.512901060206582,-6.317284270361266,0.21317114494637682,-3.346324633892222,4.847033390953436,-8.189305462399945,8.514648191183634,11.170868566202092,-12.68696686606539,11.119203341120864,-14.893445423436994,-28.79155034132717,12.957975216291679,3.820370902273559,4.617835231456291,-4.4515807633606475,21.1982503706168,-3.91269619075554,14.407573258388053,-45.75772455326672,-7.881754744742623,-11.911839536960313,-7.840248172757957,-3.4556618923666074,-12.054892687236116,-23.54593510464948,-3.7531181433050946,-7.546975957101095,-13.448906185118762,-10.662640393146804,-10.52444769984396,0.6485463268495232,-4.873320897857766,-2.23401259328905,-15.716756787333821,13.733381997054167,9.292275788286206,0.4849699683164608,18.73387623749163,-3.4550811155024683,-7.8038784094105225,15.887779348894156,3.1473340759414645
-0.04287896524744714,-4.53520360648295,-1.5173528816167159,-0.09742878161544961,-0.9287236862573343,1.4701761099954582,-2.3196591429438094,2.3637713853019546,3.0818776884037615,-3.8072829590948176,2.937831172249696,-4.10003847339322,-8.153113197157715,3.820370902273559,1.3402426102783531,0.9807864236867649,-1.2585584468452786,6.148429275037097,-1.4955446638671392,3.7549228598805593,-13.013236264369107,-2.3582915329128666,-2.739717751006589,-2.944504220621046,-1.1364357061446746,-3.6183897312884126,-6.723264800456836,-1.4288068549381523,-2.1496789378296604,-4.234601452173521,-2.510064996096226,-2.8498248364554706,0.5168545263290469,-1.5858490614001222,-0.2535260562528561,-4.402604531079691,4.254851944654471,2.434627657051139,0.21530499046894788,5.780813954956778,-0.826325492374044,-2.1274406137295623,4.567786370808414,1.1733473290434304
-1.1149404180445712,-5.600408961812508,-3.299427762663316,0.5266288028246203,-1.2213170807359526,1.9110282886841117,-3.2228976803506626,3.4071962601489965,4.398251709835555,-4.511011866718324,4.730088205917375,-5.617396480935031,-11.29332770846628,4.617835231456291,0.9807864236867649,2.686766326568218,-1.6779656065927424,7.680721460149935,-0.882920042486926,6.096593912998953,-17.487632348013587,-2.8692370402802765,-5.8106047068149556,-1.454339192839114,-1.0908858754687571,-4.101724830074249,-9.074134260227993,-0.6290547224969386,-2.9165080803132852,-4.1896547044892385,-5.0388395769628,-4.475886192613903,-0.403554327968447,-1.7448728836526282,-1.731480936404405,-6.410105291942194,4.18665229221556,3.946326343441971,-0.2888542766479629,6.248201373437102,-1.7225005456615279,-2.8727708994484638,6.19167058788894,0.6710689101068273
0.6516051350366677,5.363712325065789,2.270831288461397,-0.12169500036695706,1.176812786609217,-1.6604719375104449,2.838568564040246,-2.983031351224714,-3.928997191639409,4.3532237918281815,-3.939608625053652,5.245608662826201,10.042933795177845,-4.4515807633606475,-1.2585584468452786,-1.6779656065927424,1.5644783497092478,-7.3419262841367825,1.2397845150132207,-5.119561136348346,15.949172789211012,2.7129895804544173,4.329528416780585,2.5301897962319786,1.1595741293282804,4.146789142203712,8.194867640142375,1.2174272742036052,2.622212454312778,4.575573084499663,3.8593326247178807,3.7027766852028146,-0.11411936466738953,1.6313131817356157,0.8883615385715571,5.477134700710616,-4.692436768302973,-3.295721768825304,-0.16264275493754662,-6.3919479691327314,1.2501732433054633,2.7564820341348395,-5.506486677780926,-1.0041603205485092
-2.8222023069778395,-25.478390332821533,-10.431321373692825,0.4027324703625234,-5.561846210012334,7.855874713229903,-13.406029071915938,14.030146299720075,18.45362113071642,-20.734950730157134,18.418038321390327,-24.668643589448624,-47.32004391333538,21.1982503706168,6.148429275037097,7.680721460149935,-7.3419262841367825,34.845513474480256,-6.162715811664522,23.959016455448015,-75.27343843007263,-12.874612002697605,-19.92927223445475,-12.567029558040321,-5.608189806726563,-19.788396644299464,-38.69235213558647,-6.038623580779186,-12.375090794364787,-21.962034660561148,-17.815173868739823,-17.351998654315075,0.8355168465682529,-7.836619460826341,-3.858756165684291,-25.824970225080648,22.491293258610074,15.387953886456401,0.880577859554699,30.57675207621073,-5.750942486926461,-12.98647359358918,26.03838479110921,4.998137193041484
-0.285575755826393,4.578759376638766,1.474277702296161,0.15638291272547072,0.8751356342331464,-1.6263183235264096,2.3933969093702436,-2.358051282480237,-2.9956246799560713,3.9672794938977747,-2.8041882165889187,3.9093849975410078,8.233484392453386,-3.91269619075554,-1.4955446638671392,-0.882920042486926,1.2397845150132207,-6.162715811664522,1.8227159787842107,-3.454788235886507,13.032809920702714,2.4942399136411373,2.343834466190633,3.3180341737203567,1.2321036704378348,3.6645417387964776,6.802731397739881,1.6027540000550258,2.1942748066989344,4.439735465612697,2.184800429630322,2.8223764501027295,-0.7806817574261957,1.8216423715462808,0.041573669672315544,4.456932925486733,-4.355706218860765,-2.3095668879900484,-0.11313106605360408,-6.0705301371525735,0.7667983476521884,1.9617100760519386,-4.70171816517829,-1.3737793728949552
-2.7426256210449824,-17.466327348040135,-7.913172293041647,0.6585889487990131,-3.9096522652247048,5.308717670308835,-9.298017539540895,9.883876430239223,13.04892252734072,-13.998402676001819,13.32472038767816,-17.373321819092546,-33.042642981416776,14.407573258388053,3.7549228598805593,6.096593912998953,-5.119561136348346,23.959016455448015,-3.454788235886507,17.475765742816137,-52.385668389593675,-8.692914475978931,-15.238734741039279,-7.222346646145791,-3.628101527898639,-13.376256962288505,-26.89372877721358,-3.435499152140502,-8.57478748033664,-14.38675814340914,-13.479787206736983,-12.424426256839938,-0.20018646671636323,-5.074938837587647,-3.5599390590666724,-18.18733814230048,14.809044690410726,11.145416727336617,0.4286569055202721,20.30067338268825,-4.3532667243000915,-9.18510260556901,18.040639363240686,2.859202871141437
6.350064968773305,55.04918998941541,23.538296425258938,-1.2966825826719248,11.977336423292076,-17.284103276361318,29.26227842863247,-30.640761062188783,-40.184921015530286,44.835535586137524,-40.399320670880094,53.39574633791805,103.22872672004482,-45.75772455326672,-13.013236264369107,-17.487632348013587,15.949172789211012,-75.27343843007263,13.032809920702714,-52.385668389593675,163.6295234512041,27.958296114943185,44.23142307591754,26.0652476898478,12.031907560063342,42.514381613574976,84.23547997040941,12.475790402297704,26.95993255854547,46.94315229505762,39.401041537417356,38.138864255724485,-1.349300495782963,17.104627583513214,9.103119980730384,56.5389546459242,-47.88884026789365,-33.7394514618466,-1.351413559346149,-65.75863141858731,12.860729512031128,27.967487140091098,-56.79812727749193,-10.468113462700074
0.8131031602395719,9.4408319308931965,3.9491065842301776,-0.15864033641200356,2.0086414712973926,-3.069247461507183,5.044788718160726,-5.2248900254077775,-6.792843253898593,7.789891074740101,-6.7804116225051505,8.9817466988001,17.678910547734986,-7.881754744742623,-2.3582915329128666,-2.8692370402802765,2.7129895804544173,-12.874612002697605,2.4942399136411373,-8.692914475978931,27.958296114943185,4.889084046580964,7.199343039609107,4.793921003982461,2.136227449080587,7.314907863134082,14.443755241373706,2.3012420299326455,4.6361006208507725,8.21364854744909,6.438975118257826,6.475445317151254,-0.4504091571163841,3.104885228475296,1.3556578412752511,9.67696673314816,-8.29543450106563,-5.647453774220061,-0.17427027123683292,-11.48330454924493,2.1393017370612277,4.659836907507681,-9.79345915358991,-1.9566361948871986
2.8848961112946303,14.480659800445421,7.304082370710334,-0.881146208396697,3.2889276035993458,-4.438637754067421,7.925364876955759,-8.46573291802494,-11.152987774713337,11.502670037362105,-11.63444171153003,14.772812672986229,28.060759456870592,-11.911839536960313,-2.739717751006589,-5.8106047068149556,4.329528416780585,-19.92927223445475,2.343834466190633,-15.238734741039279,44.23142307591754,7.199343039609107,13.961279830777622,4.804036051878194,2.8057083146184105,10.883358360542918,22.712886005767672,2.236873945900773,7.2696064408709065,11.383829619669687,12.25073430332982,10.794885324265802,0.7003284320445615,4.059206055616924,3.6916615385867058,15.554574912963444,-11.764808977573713,-9.763628705355627,-0.0703576993491143,-16.356452192718724,3.9821744359810687,7.782873981345786,-15.237374113751413,-1.9545967806540256
-0.17598673730086553,9.27549799987969,2.5290593533507493,0.45368119505962246,1.9017807784416076,-2.8898140973202695,4.589350948824047,-4.647929331106153,-6.103606430472923,7.812314921975751,-5.623308391551327,8.273148785001595,16.151843931560343,-7.840248172757957,-2.944504220621046,-1.454339192839114,2.5301897962319786,-12.567029558040321,3.3180341737203567,-7.222346646145791,26.0652476898478,4.793921003982461,4.804036051878194,6.754653490945492,2.403832304060116,7.545403554589731,13.419084021605604,3.312482549740483,4.28446346255297,9.01480069712511,4.503128448942746,5.455913098325514,-1.3857664810504966,3.2249997901503913,0.01817591022116907,8.593737319485669,-9.126679035952252,-4.654625074678927,-0.7183419503169849,-12.082297568723323,1.4322110819237925,4.346494293658523,-9.074017450860774,-2.639890763910811
0.16640177543699575,4.1332571954202555,1.5706877276990527,6.128591147624303e-4,0.8564467502991032,-1.353268841425832,2.146302279481389,-2.2139781899072513,-2.8834777761616652,3.441089783369723,-2.823099827177151,3.791641652960787,7.584684788118437,-3.4556618923666074,-1.1364357061446746,-1.0908858754687571,1.1595741293282804,-5.608189806726563,1.2321036704378348,-3.628101527898639,12.031907560063342,2.136227449080587,2.8057083146184105,2.403832304060116,1.0065453995699658,3.2547382453042175,6.225519825000903,1.1578418600083193,1.9833817777141285,3.720546182195769,2.529446108813905,2.726330296855604,-0.32101808390810255,1.4236166336840732,0.4244868830554427,4.149209379456788,-3.7217047116147612,-2.33488585068164,-0.12762513297537517,-5.148472265518312,0.8456312401368875,1.9643917879994202,-4.2340829439919565,-0.9627249834601571
1.4101602872162229,14.481701128852082,5.66610238271356,-0.11035910356095394,3.148472538948211,-4.440008382877848,7.539028079563955,-7.879802676765606,-10.379336809460177,11.817057782897946,-10.271603937383967,13.911381557080643,26.6602476493584,-12.054892687236116,-3.6183897312884126,-4.101724830074249,4.146789142203712,-19.788396644299464,3.6645417387964776,-13.376256962288505,42.514381613574976,7.314907863134082,10.883358360542918,7.545403554589731,3.2547382453042175,11.326124012818804,21.845215038523836,3.6451752258901813,6.977585436666015,12.670254742584246,9.764028625320417,9.692817886762393,-0.6440666201213137,4.491273169726939,1.9397489069837,14.50880899915274,-12.967739147311269,-8.566257867246744,-0.6127001213368242,-17.535009508733037,3.143077704756926,7.339020438020488,-14.693468879970414,-2.974895550298254
3.146097105297837,28.317481024954436,12.215112985107725,-0.7005079806035701,6.129424558230552,-8.995595634472853,15.10300119100395,-15.78964164949618,-20.65541368771588,23.11879314670252,-20.791074517139357,27.357693238639367,53.22286389205433,-23.54593510464948,-6.723264800456836,-9.074134260227993,8.194867640142375,-38.69235213558647,6.802731397739881,-26.89372877721358,84.23547997040941,14.443755241373706,22.712886005767672,13.419084021605604,6.225519825000903,21.845215038523836,43.417158363344086,6.413292528285884,13.897950762804737,24.148870812368838,20.22438266124813,19.68268303303206,-0.7393637331712459,8.925699902342972,4.696251228865488,29.197422731048444,-24.54895154627607,-17.34948351248317,-0.5775169753672035,-33.885268584991685,6.642909044369889,14.285335563360489,-29.32864871889279,-5.422683935198807
-0.09355667803958109,4.454706792571838,1.1429473189815698,0.24828018899681673,0.9223538512908384,-1.3654339916899478,2.180914313809918,-2.2176737663330663,-2.9204443093248984,3.7491115174142307,-2.668991820451175,3.9908451299862153,7.7038211824554805,-3.7531181433050946,-1.4288068549381523,-0.6290547224969386,1.2174272742036052,-6.038623580779186,1.6027540000550258,-3.435499152140502,12.475790402297704,2.3012420299326455,2.236873945900773,3.312482549740483,1.1578418600083193,3.6451752258901813,6.413292528285884,1.6389032099148289,2.044858101786574,4.373583029155082,2.108487129151068,2.5815305212904875,-0.6847893457933205,1.5327117131830343,-0.04337034115468492,4.074824972555012,-4.44008002559332,-2.2039857393641027,-0.39156509503966985,-5.824514761353979,0.6664303870187613,2.110537825668592,-4.320639208894999,-1.2809124879068405
1.00138910224174,9.051507496474391,3.9262873011489474,-0.22387302708262172,1.9506322329387247,-2.8901599722392337,4.856689676943127,-5.055318347986315,-6.603572859599004,7.4087306612180495,-6.647760207655513,8.74751117330191,17.04256222173709,-7.546975957101095,-2.1496789378296604,-2.9165080803132852,2.622212454312778,-12.375090794364787,2.1942748066989344,-8.57478748033664,26.95993255854547,4.6361006208507725,7.2696064408709065,4.28446346255297,1.9833817777141285,6.977585436666015,13.897950762804737,2.044858101786574,4.464018579879675,7.7214224615900555,6.4715814388510315,6.303614636195989,-0.25626349428587997,2.867640060518341,1.4929316127695231,9.347097403851054,-7.851746716833264,-5.550004320753363,-0.15845773250442027,-10.845683055320233,2.13069659024309,4.557448416046412,-9.397304126652088,-1.744823958557228
1.1815456713971513,16.102294043435318,5.972952894270074,0.041335438514927984,3.457742205047754,-4.995782953080941,8.341162950417795,-8.655088430237827,-11.364519598003648,13.243629118042163,-11.112317960032346,15.25291652681067,29.406297702834443,-13.448906185118762,-4.234601452173521,-4.1896547044892385,4.575573084499663,-21.962034660561148,4.439735465612697,-14.38675814340914,46.94315229505762,8.21364854744909,11.383829619669687,9.01480069712511,3.720546182195769,12.670254742584246,24.148870812368838,4.373583029155082,7.7214224615900555,14.39693675847523,10.28268983717903,10.550320124634247,-1.0724528865240504,5.151707591088043,1.7488680656864763,15.930704160060353,-14.681877995883358,-9.2604296010796,-0.7411271918025729,-19.808254032488048,3.3171830571476355,8.022009273032719,-16.27355435879957,-3.5666867329520056
2.494584198599338,12.949115111021731,6.3738762443819645,-0.7189584135957923,2.9408790997668857,-3.9483572853036075,7.051522491423246,-7.523176437653142,-9.915210231226537,10.2958665114582,-10.292582101547735,13.173116463350345,24.956984676842943,-10.662640393146804,-2.510064996096226,-5.0388395769628,3.8593326247178807,-17.815173868739823,2.184800429630322,-13.479787206736983,39.401041537417356,6.438975118257826,12.25073430332982,4.503128448942746,2.529446108813905,9.764028625320417,20.22438266124813,2.108487129151068,6.4715814388510315,10.28268983717903,10.775681914570807,9.546296088252806,0.5181193190032687,3.6350209596564236,3.158111704982527,13.794662697295639,-10.639069842303408,-8.643572092353057,-0.12923678021159063,-14.707606133251703,3.486694698613968,6.949655120230205,-13.559207183078913,-1.823073360359452
1.641708538093669,12.689049786059005,5.882438136028435,-0.4949419500202633,2.752694492780603,-4.088198575887284,6.869221290709936,-7.2067423386655385,-9.406867000677392,10.328574430613548,-9.608003831807643,12.36355444946153,24.206985021274342,-10.52444769984396,-2.8498248364554706,-4.475886192613903,3.7027766852028146,-17.351998654315075,2.8223764501027295,-12.424426256839938,38.138864255724485,6.475445317151254,10.794885324265802,5.455913098325514,2.726330296855604,9.692817886762393,19.68268303303206,2.5815305212904875,6.303614636195989,10.550320124634247,9.546296088252806,9.09309148058832,-0.062440383777511,3.9846593561369987,2.4805352405337215,13.377052064397994,-10.69169044321098,-8.013026348645996,-0.080350751567935,-14.970069051642286,3.1692730957660267,6.430620101358182,-13.318841239274859,-2.2358588442613523
0.5776846566070206,-0.6586021667038164,0.2802463940958127,-0.27180693385993265,-0.06126808488772374,0.29221655094606613,-0.28184839923665755,0.16765430360108766,0.16134934738403672,-0.7156014380663327,-0.056631128985544545,-0.24121930032101876,-0.7898672810197623,0.6485463268495232,0.5168545263290469,-0.403554327968447,-0.11411936466738953,0.8355168465682529,-0.7806817574261957,-0.20018646671636323,-1.349300495782963,-0.4504091571163841,0.7003284320445615,-1.3857664810504966,-0.32101808390810255,-0.6440666201213137,-0.7393637331712459,-0.6847893457933205,-0.25626349428587997,-1.0724528865240504,0.5181193190032687,-0.062440383777511,0.631686347326306,-0.47019982405174926,0.5921607933154611,-0.3362561232548013,1.012621357473075,-0.059695212588429844,0.11685783344663925,1.308979604460641,0.15892716285472658,-0.08496739795468312,0.5631546175193991,0.5768377466975375
0.13869211014599087,5.793210466976187,2.4701904868512474,-0.09064984601500871,1.1537504999615331,-2.0670610570207857,3.141006483482492,-3.1891581508831117,-4.068495270843116,4.9062475027630965,-4.047834729589616,5.222075524856825,10.928274932611899,-4.873320897857766,-1.5858490614001222,-1.7448728836526282,1.6313131817356157,-7.836619460826341,1.8216423715462808,-5.074938837587647,17.104627583513214,3.104885228475296,4.059206055616924,3.2249997901503913,1.4236166336840732,4.491273169726939,8.925699902342972,1.5327117131830343,2.867640060518341,5.151707591088043,3.6350209596564236,3.9846593561369987,-0.47019982405174926,2.168021619737285,0.7002685330940421,6.044274253562174,-5.043530911056224,-3.341213878248947,0.051376650712770734,-7.255156275623098,1.2790432642761824,2.625650116716635,-6.150904133438198,-1.3606695776668194
0.9717038734416884,2.7879314328145917,2.014688470475059,-0.45742287357391875,0.6620319337484807,-0.9061524978960717,1.6510245502615233,-1.8290094375861843,-2.399775683083821,2.12364394610256,-2.7040244751739584,3.0520604013997827,5.922889021909339,-2.23401259328905,-0.2535260562528561,-1.731480936404405,0.8883615385715571,-3.858756165684291,0.041573669672315544,-3.5599390590666724,9.103119980730384,1.3556578412752511,3.6916615385867058,0.01817591022116907,0.4244868830554427,1.9397489069837,4.696251228865488,-0.04337034115468492,1.4929316127695231,1.7488680656864763,3.158111704982527,2.4805352405337215,0.5921607933154611,0.7002685330940421,1.3268712344867966,3.408329676162431,-1.7933486803739955,-2.275753544056112,0.21794287629447776,-2.7705854439428315,1.0578190204110767,1.5830774164866022,-3.1618045940990065,-0.04122283562307316
2.166355260931715,18.910034505905152,8.517483524576562,-0.6173264112911687,4.068729208717278,-6.117754324529741,10.183887550216925,-10.6437194078172,-13.876082441245783,15.455565034526423,-14.086431958048463,18.234871235512134,35.855403145437634,-15.716756787333821,-4.402604531079691,-6.410105291942194,5.477134700710616,-25.824970225080648,4.456932925486733,-18.18733814230048,56.5389546459242,9.67696673314816,15.554574912963444,8.593737319485669,4.149209379456788,14.50880899915274,29.197422731048444,4.074824972555012,9.347097403851054,15.930704160060353,13.794662697295639,13.377052064397994,-0.3362561232548013,6.044274253562174,3.408329676162431,19.789469128661516,-16.104249637244223,-11.737724006248941,-0.1774800355461751,-22.517758231943738,4.583121808966548,9.473449325778866,-19.783843000061257,-3.5175740720344773
-1.4477963547313693,-16.451586790842207,-5.954509562171634,-0.08692007529923758,-3.591386787604207,4.930331811010079,-8.461549841724457,8.813943095789362,11.649966113391548,-13.434702634642932,11.361951564801378,-15.791441725941553,-29.870555008101526,13.733381997054167,4.254851944654471,4.18665229221556,-4.692436768302973,22.491293258610074,-4.355706218860765,14.809044690410726,-47.88884026789365,-8.29543450106563,-11.764808977573713,-9.126679035952252,-3.7217047116147612,-12.967739147311269,-24.54895154627607,-4.44008002559332,-7.851746716833264,-14.681877995883358,-10.639069842303408,-10.69169044321098,1.012621357473075,-5.043530911056224,-1.7933486803739955,-16.104249637244223,15.125650257496122,9.499703542786007,0.9353666696640507,20.11883839868445,-3.3602038236122476,-8.3767413563359,16.457049838485464,3.566884606356599
-1.685176704899371,-11.225478527074912,-5.15276975723718,0.4409810409360166,-2.4882533129628337,3.490256286642918,-6.036965574361294,6.378011693214993,8.381532716023521,-9.04234921948863,8.558813202122051,-11.121986387260288,-21.336817855696047,9.292275788286206,2.434627657051139,3.946326343441971,-3.295721768825304,15.387953886456401,-2.3095668879900484,11.145416727336617,-33.7394514618466,-5.647453774220061,-9.763628705355627,-4.654625074678927,-2.33488585068164,-8.566257867246744,-17.34948351248317,-2.2039857393641027,-5.550004320753363,-9.2604296010796,-8.643572092353057,-8.013026348645996,-0.059695212588429844,-3.341213878248947,-2.275753544056112,-11.737724006248941,9.499703542786007,7.172225754837288,0.18557955947267596,13.104018141204802,-2.808656912154844,-5.838691449400829,11.671439440407072,1.8791123030537111
-0.12885602559579623,-0.6182117075998621,0.29821731802902834,-0.20099685798535305,-0.205943808710302,-0.07432117425147351,-0.11681824836635404,0.17898870506281456,0.35372469278129326,-0.40270144964867755,0.20369650893685615,-0.7197192337616557,-0.5967705825636485,0.4849699683164608,0.21530499046894788,-0.2888542766479629,-0.16264275493754662,0.880577859554699,-0.11313106605360408,0.4286569055202721,-1.351413559346149,-0.17427027123683292,-0.0703576993491143,-0.7183419503169849,-0.12762513297537517,-0.6127001213368242,-0.5775169753672035,-0.39156509503966985,-0.15845773250442027,-0.7411271918025729,-0.12923678021159063,-0.080350751567935,0.11685783344663925,0.051376650712770734,0.21794287629447776,-0.1774800355461751,0.9353666696640507,0.18557955947267596,0.4170801860925653,0.7790579881283999,0.06410890834794858,-0.5020690692515045,0.26112618940151255,0.18508271619697242
-1.7513795814424566,-22.42404345535629,-8.759295742349897,0.1274186005464717,-4.788834096939541,7.088532364958114,-11.751007148239145,12.182602639532933,15.94335050116528,-18.459193990247353,15.726239266363631,-21.24291451126231,-41.352444851502426,18.73387623749163,5.780813954956778,6.248201373437102,-6.3919479691327314,30.57675207621073,-6.0705301371525735,20.30067338268825,-65.75863141858731,-11.48330454924493,-16.356452192718724,-12.082297568723323,-5.148472265518312,-17.535009508733037,-33.885268584991685,-5.824514761353979,-10.845683055320233,-19.808254032488048,-14.707606133251703,-14.970069051642286,1.308979604460641,-7.255156275623098,-2.7705854439428315,-22.517758231943738,20.11883839868445,13.104018141204802,0.7790579881283999,27.445153393156275,-4.799185699776218,-11.107948542978797,22.899021495901263,4.835500373051832
0.7253587611871537,4.1932777485107025,2.18386072839081,-0.27209216296248495,0.9248553989668434,-1.3679943685664782,2.3315661915534807,-2.4688666554031267,-3.2150808060934555,3.382293513458631,-3.365830541165123,4.194142994751878,8.217222085447467,-3.4550811155024683,-0.826325492374044,-1.7225005456615279,1.2501732433054633,-5.750942486926461,0.7667983476521884,-4.3532667243000915,12.860729512031128,2.1393017370612277,3.9821744359810687,1.4322110819237925,0.8456312401368875,3.143077704756926,6.642909044369889,0.6664303870187613,2.13069659024309,3.3171830571476355,3.486694698613968,3.1692730957660267,0.15892716285472658,1.2790432642761824,1.0578190204110767,4.583121808966548,-3.3602038236122476,-2.808656912154844,0.06410890834794858,-4.799185699776218,1.170348211299573,2.1751194783244694,-4.495384646731031,-0.60364631216712
1.4367281626437225,9.448705553524773,3.819161072049252,-0.15925554967958427,2.152937545408921,-2.7143455378791232,4.912570736715846,-5.224380262746778,-6.952188958238595,7.548886374613777,-6.9605621861625835,9.457108080112098,17.462543054600616,-7.8038784094105225,-2.1274406137295623,-2.8727708994484638,2.7564820341348395,-12.98647359358918,1.9617100760519386,-9.18510260556901,27.967487140091098,4.659836907507681,7.782873981345786,4.346494293658523,1.9643917879994202,7.339020438020488,14.285335563360489,2.110537825668592,4.557448416046412,8.022009273032719,6.949655120230205,6.430620101358182,-0.08496739795468312,2.625650116716635,1.5830774164866022,9.473449325778866,-8.3767413563359,-5.838691449400829,-0.5020690692515045,-11.107948542978797,2.1751194783244694,5.0722922666222034,-9.505460590149431,-1.6719635500891148
-1.9812103814407367,-19.076280225568695,-8.335868528606568,0.5004917861033982,-4.087863361584943,6.169893869638697,-10.233219212826137,10.65751377516333,13.888310481905124,-15.640202526133038,14.001854497442988,-18.300356422584937,-35.969139960162636,15.887779348894156,4.567786370808414,6.19167058788894,-5.506486677780926,26.03838479110921,-4.70171816517829,18.040639363240686,-56.79812727749193,-9.79345915358991,-15.237374113751413,-9.074017450860774,-4.2340829439919565,-14.693468879970414,-29.32864871889279,-4.320639208894999,-9.397304126652088,-16.27355435879957,-13.559207183078913,-13.318841239274859,0.5631546175193991,-6.150904133438198,-3.1618045940990065,-19.783843000061257,16.457049838485464,11.671439440407072,0.26112618940151255,22.899021495901263,-4.495384646731031,-9.505460590149431,19.873606720304764,3.706779583303067
0.11297177946243256,-3.695805998813864,-1.1146181225439844,-0.1472902147165046,-0.7357710790269524,1.222647050720851,-1.8902487064629983,1.884978995716061,2.4336300672059235,-3.1513007393728896,2.2696990450801326,-3.2463177075389025,-6.5478950063680985,3.1473340759414645,1.1733473290434304,0.6710689101068273,-1.0041603205485092,4.998137193041484,-1.3737793728949552,2.859202871141437,-10.468113462700074,-1.9566361948871986,-1.9545967806540256,-2.639890763910811,-0.9627249834601571,-2.974895550298254,-5.422683935198807,-1.2809124879068405,-1.744823958557228,-3.5666867329520056,-1.823073360359452,-2.2358588442613523,0.5768377466975375,-1.3606695776668194,-0.04122283562307316,-3.5175740720344773,3.566884606356599,1.8791123030537111,0.18508271619697242,4.835500373051832,-0.60364631216712,-1.6719635500891148,3.706779583303067,1.0678052808022047
