V1,V2,V3,V4,V5,V6,V7,V8,V9,V10,V11,V12,V13,V14,V15,V16,V17,V18,V19,V20,V21,V22,V23,V24,V25,V26,V27,V28,V29,V30,V31,V32,V33,V34,V35,V36,V37,V38,V39,V40,V41,V42,V43,V44
1.4503119593578688,10.921225998754261,4.271497824427823,-0.027155527964061857,2.6918217251771854,-3.408374548049217,5.773286350719489,-6.3415177956710505,-7.9041421321924,8.896300259611653,-8.088496863719486,10.913713832553535,20.418357515848367,-8.528754724932792,-2.4745121427959123,-3.27556058989382,3.130734671273048,-14.891309758445997,2.6658567222721428,-10.361975892625857,32.448819461218534,5.9377538841671695,8.638228046372399,5.147313702846864,2.3928215307718927,8.499774175323177,16.935103807701644,2.7648954456554864,5.291302766644914,9.731763736594123,7.766577313677957,7.5919913956314815,-0.36806198657110595,3.527513659378129,1.5940100132231332,11.25183802464362,-9.624744570781615,-6.541469376263226,-0.5054586682469626,-13.213281566830643,2.7346589989414674,5.998946573306167,-11.394926939938845,-2.014088671609644
10.921225998754261,104.2335505723664,43.66526753595854,-2.1966333547678105,22.45611997159813,-32.73948865748107,55.08688585156662,-57.43288135557373,-75.56339473658943,84.85470841057814,-75.43586206706827,100.16895854712413,194.35946195114792,-87.08569018816607,-25.23986667442025,-32.034903647979625,30.039304052626246,-142.2962171836246,25.542590469774982,-97.86544076816925,308.224748274052,52.61738660704068,81.76442516093516,51.00649676588186,23.01332651767994,80.48646158718284,158.58771759046226,24.13782634992757,50.69774929070029,89.2656763643729,73.10161286153999,71.27169299625139,-3.5189737357671405,32.52237797173363,16.4066904602076,106.16067643074138,-91.24048618159965,-63.32075290317725,-2.763787128235185,-125.01494986347835,23.522647801050372,52.23786431182429,-106.99407594073382,-20.53815056703069
4.271497824427823,43.66526753595854,19.14217017677873,-1.0781232372406848,8.712653904775177,-13.738866927070907,23.225648920040584,-23.53866647292679,-31.748104750087382,35.90612529181642,-31.45155684161739,41.51057566158468,81.52291310346298,-37.46744555021145,-10.856109358711471,-13.732931395826249,12.746706395194256,-59.95233725224999,10.5641013437623,-41.09657628397442,129.76770286361617,21.583951267477765,34.48312257680368,21.92987981552672,9.815674968692722,34.04754633115638,66.24921295713138,9.965617565119441,21.623120920276577,37.099105595313226,30.415500326034408,30.01149891428225,-1.1649495580621605,13.513244926580333,6.96749215594506,44.70331913263373,-38.26368601738076,-26.564773811407925,-0.9057957612703189,-52.448714278607426,9.840275099472873,21.33381501970932,-44.89627636595969,-8.667901134887725
-0.027155527964061857,-2.1966333547678105,-1.0781232372406848,0.2760323253930707,-0.2018993226874396,0.6549429468531751,-1.0460326254976031,0.8650562440600164,1.5716989242191655,-1.6571853962150667,1.3807094641211017,-1.7402443399509566,-3.879845360552886,2.4253170880917643,0.6952832279591755,0.6005866723590004,-0.633079740148874,3.006910629809454,-0.49009315983812646,1.9352992490077534,-6.136809663550992,-0.6049444594713335,-1.6406025926310899,-1.232640186999504,-0.4543664172477159,-1.5403843926341703,-2.9042853750051165,-0.1962313453427659,-0.9924615360433162,-1.4858817692656658,-1.5067224972238218,-1.2131540696072143,0.11778912018104323,-0.4329835431393085,-0.5056293252694596,-1.9034914587733593,1.8985274179461877,1.5284374436822852,-0.06332522122588606,2.441413873715541,-0.11999824446462956,-0.6570406875124057,1.9192779505629942,0.5591969387462007
2.6918217251771854,22.45611997159813,8.712653904775177,-0.2018993226874396,5.625822689500983,-7.202795574121658,11.874786309144769,-13.135478772195091,-16.184857438293548,18.143161848993557,-16.56274966715404,22.158862294942256,42.07239819130278,-17.44741821386533,-5.108501507954296,-6.741063450081986,6.335548780082201,-30.358663433397634,5.747665133353093,-21.042361267063107,66.26501826639546,12.221052703668205,17.49772875169296,10.405969646322038,4.8849374135348995,17.144821953034878,34.78938377545457,5.542476385666672,10.695691121937609,19.8491344045758,15.945516698140608,15.49755966468616,-1.0393419479193042,7.429143144507772,3.3747734886674423,23.07639191595734,-19.548074400035194,-13.516647357011308,-0.8039163366053239,-27.1051809133951,5.430722795462838,12.030128575125623,-23.421036048702952,-4.288583304060672
-3.408374548049217,-32.73948865748107,-13.738866927070907,0.6549429468531751,-7.202795574121658,10.505907099786459,-17.391219556291848,18.315316079103635,23.687707009864546,-26.751721325116733,23.863391311342383,-31.51648050085208,-61.35236530310063,27.01612364476011,7.899191265872018,10.138839109385003,-9.40193782004384,44.65131026124232,-8.193275191090178,30.70200062413218,-97.04071195199835,-16.89845860854652,-25.662284921398204,-15.898540859160773,-7.273231454136629,-25.250080807323943,-50.17863179566488,-7.696610664412704,-15.960543127624058,-28.29114189588574,-22.994734020582705,-22.539105551270474,1.195357026379468,-10.512417568379702,-5.117734436598282,-33.6204513597303,28.527133388902588,19.899623251482772,0.7531582591360195,39.44492004533888,-7.584242369729652,-16.55830265599135,33.92618439832385,6.445853086302373
5.773286350719489,55.08688585156662,23.225648920040584,-1.0460326254976031,11.874786309144769,-17.391219556291848,29.296653794518004,-30.536621408279817,-39.99992301603091,45.11554913419241,-40.042505146858325,53.07691408711333,103.04629173653632,-45.8202807178658,-13.310007926282013,-17.173025333887633,15.89916412901599,-75.27503352561162,13.532637921909764,-51.870640787594475,163.41753860334546,28.13301049050052,43.31262493491019,26.965725373170528,12.241347911343933,42.765221857638245,84.16925428976626,12.987017941021287,26.990682972212053,47.39132650248628,38.576291181143375,38.01789092870231,-1.733519072608248,17.41691193619163,8.532780258572801,56.517043860711524,-48.21725696517436,-33.30446998799041,-1.3875445433018931,-66.27001595953237,12.726655055637169,27.753067877990677,-56.87295764121149,-10.835034863147309
-6.3415177956710505,-57.43288135557373,-23.53866647292679,0.8650562440600164,-13.135478772195091,18.315316079103635,-30.536621408279817,32.6479485843866,41.63695027559886,-46.88254045961721,42.09890500878746,-55.88478164843461,-107.64104524002867,46.46892424256978,13.561972201893129,17.756139152564533,-16.41835188990711,78.13706847171568,-14.347517343975195,54.07460283428501,-170.23410720438224,-30.23351980290739,-44.99234656176522,-27.54157238634703,-12.672566758021489,-44.39168252490219,-88.37809830431547,-13.86051076482809,-27.90109868166423,-50.01174057160066,-40.426794133023364,-39.782604447713815,2.057238754019695,-18.54887534268531,-8.74157774446702,-59.1093550472723,50.15388090022245,34.68025117542006,1.6223914516455549,69.28926556965516,-13.62048608001921,-29.688859480898707,59.6732114446075,11.21786871171173
-7.9041421321924,-75.56339473658943,-31.748104750087382,1.5716989242191655,-16.184857438293548,23.687707009864546,-39.99992301603091,41.63695027559886,54.87612080516167,-61.60796183935109,54.70543765296809,-72.63862559996309,-140.9145415069693,63.1778588726718,18.295991660824743,23.347849091621406,-21.793209857666323,103.1653540976623,-18.44659185470758,71.08015390203771,-223.60942694507602,-38.15771573911429,-59.30732633644876,-37.05492252357535,-16.697269849125576,-58.49999753357524,-114.9712756119406,-17.559717733827274,-36.83497905258877,-64.67701992009353,-52.93648967986262,-51.810280754015594,2.4043545216978948,-23.53410138339312,-11.841535427478796,-77.06273144857387,66.20248151733915,45.8437581940228,2.0077563734388244,90.668058982742,-17.12078570969409,-37.84282933766265,77.61063929526415,14.92588555965835
8.896300259611653,84.85470841057814,35.90612529181642,-1.6571853962150667,18.143161848993557,-26.751721325116733,45.11554913419241,-46.88254045961721,-61.60796183935109,69.63401415235867,-61.73153655087095,81.75005031433932,158.8318408619569,-70.8926675017455,-20.607667427796653,-26.511101931268147,24.523226391830867,-116.15618489440841,20.741171525491847,-79.97663021178231,251.9461064957902,43.1890292203214,66.8274469372145,41.64266108576417,18.87718804322202,65.97169965814959,129.62119496282463,19.971438831870362,41.70491855207682,72.94916360485374,59.41218336821957,58.58090985732468,-2.5904162859391424,26.747330865718773,13.091771015247954,87.02934512143754,-74.34596964799027,-51.31994773646727,-2.054286839221499,-102.06128629914168,19.532342965416266,42.71363727313516,-87.48510708069696,-16.711767686106256
-8.088496863719486,-75.43586206706827,-31.45155684161739,1.3807094641211017,-16.56274966715404,23.863391311342383,-40.042505146858325,42.09890500878746,54.70543765296809,-61.73153655087095,55.06683010811809,-72.96000821395961,-141.27120848329275,62.346816670835366,18.154750876538795,23.41353920298577,-21.68981601826075,103.05238636810911,-18.568281412578184,71.05679911629178,-223.72984696111274,-38.80440405295963,-59.25866232074851,-36.66505372615211,-16.690672333112342,-58.46450210695412,-115.49474779193899,-17.882591736689037,-36.87479955711053,-65.13593270318907,-52.96344788101388,-52.04740886660675,2.4876160913079994,-23.934799322599083,-11.565059172479538,-77.32423356854119,66.02740311498616,45.64955556376524,1.9186807360715414,90.77414262507044,-17.454158751066196,-38.36005001426273,77.85149995293027,14.830299159162083
10.913713832553535,100.16895854712413,41.51057566158468,-1.7402443399509566,22.158862294942256,-31.51648050085208,53.07691408711333,-55.88478164843461,-72.63862559996309,81.75005031433932,-72.96000821395961,97.0124598015897,187.2064125153094,-82.5770589122115,-23.973053193623272,-30.876530559290362,28.81471336427358,-136.72665525120712,24.60163845559786,-94.3093514409325,296.7394865615939,51.49021113274447,78.68476530164837,48.62712102256072,22.11337482645854,77.55957020818626,153.18728852216574,23.73343521374179,48.803341585982,86.49036468889982,70.37127905250885,68.95995580386108,-3.3456161391971526,31.64902598646628,15.424223919401125,102.4911744576752,-87.75034746794137,-60.565999940897974,-2.8474059545377037,-120.436007111233,23.173334452244134,51.083974757144375,-103.28304803641085,-19.57367316166964
20.418357515848367,194.35946195114792,81.52291310346298,-3.879845360552886,42.07239819130278,-61.35236530310063,103.04629173653632,-107.64104524002867,-140.9145415069693,158.8318408619569,-141.27120848329275,187.2064125153094,363.4313102377056,-161.81099031331615,-47.03330677973235,-60.20637815355038,55.988590781164916,-265.56212706976487,47.78008275559856,-182.75535107884312,575.8616924207075,98.95956156880628,152.63084448198865,94.9125837556071,43.03441633132443,150.43266790314757,296.6933372041965,45.5281565189846,94.9307032927541,167.06428138574023,136.2986011586801,133.60626711351202,-6.45777542737946,61.26487805168936,30.189657104538735,198.76119409290683,-170.07370228577923,-117.79421641549155,-4.841065086966424,-233.5408031550546,44.41571579379643,97.8970000175404,-200.11759867725058,-38.28739240700485
-8.528754724932792,-87.08569018816607,-37.46744555021145,2.4253170880917643,-17.44741821386533,27.01612364476011,-45.8202807178658,46.46892424256978,63.1778588726718,-70.8926675017455,62.346816670835366,-82.5770589122115,-161.81099031331615,75.24728071635586,21.711919883442018,26.795062042289224,-25.294258790650048,119.39050896916295,-20.90375673565999,81.64600554436808,-257.20798384653665,-42.0886952351217,-68.42647924006424,-43.544400312804136,-19.268515393541772,-67.29942388938484,-131.08653297145065,-19.340853160148473,-42.552319016424235,-73.30120356331877,-60.808966884313364,-58.92030331510044,2.6556599259520555,-26.25193093903036,-14.083188515982364,-87.89966404753467,76.40741827698471,53.25079177464414,1.9604420894852668,103.90490864737113,-18.658597892131645,-42.17257472201238,88.34430159070399,17.41765770248677
-2.4745121427959123,-25.23986667442025,-10.856109358711471,0.6952832279591755,-5.108501507954296,7.899191265872018,-13.310007926282013,13.561972201893129,18.295991660824743,-20.607667427796653,18.154750876538795,-23.973053193623272,-47.03330677973235,21.711919883442018,6.300055303127927,7.805679931945823,-7.314054975460481,34.6209150509786,-6.092017373293979,23.67565787134546,-74.64565215773045,-12.31473030238395,-19.840226893174307,-12.570399536383228,-5.596494161238736,-19.50718605575445,-38.11765477573412,-5.649501576166285,-12.359651082555029,-21.330037754897337,-17.640920299382483,-17.13335468150016,0.7893012545633854,-7.693553766872067,-4.042285629907404,-25.564332484650098,22.114277695753113,15.438401399135834,0.5115414388928626,30.162245921630248,-5.451307738402254,-12.291577680933758,25.679249474684774,5.061916919488253
-3.27556058989382,-32.034903647979625,-13.732931395826249,0.6005866723590004,-6.741063450081986,10.138839109385003,-17.173025333887633,17.756139152564533,23.347849091621406,-26.511101931268147,23.41353920298577,-30.876530559290362,-60.20637815355038,26.795062042289224,7.805679931945823,10.255290367880997,-9.26983842879874,43.90592524212939,-7.822368924393016,30.335756150462288,-95.48086182519695,-16.42547204601645,-25.275217414441187,-15.782292753284356,-7.175151574024769,-25.098478038899557,-49.102820520720776,-7.6615116292120105,-15.913512399641828,-27.561941671334885,-22.342577187239545,-22.388038521433558,0.8375381933653159,-10.197530016706812,-4.831849129527023,-33.115855235050354,28.078723524670295,19.261201239479178,0.6492291989367558,38.64035771729533,-7.505723736623101,-16.084253742287917,33.178337206163405,6.370471640570804
3.130734671273048,30.039304052626246,12.746706395194256,-0.633079740148874,6.335548780082201,-9.40193782004384,15.89916412901599,-16.41835188990711,-21.793209857666323,24.523226391830867,-21.68981601826075,28.81471336427358,55.988590781164916,-25.294258790650048,-7.314054975460481,-9.26983842879874,8.709828628262006,-41.10414252444454,7.3089341981825475,-28.231581651234116,88.9806503361818,15.060435791256673,23.64549107579583,14.83133070289125,6.672355388462356,23.289254098565962,45.65529456718816,6.9428444682684765,14.696592640903635,25.686601831045103,21.02898632906926,20.565228992733605,-0.9345906111443579,9.332286527989663,4.749958537226364,30.636124526651507,-26.333268463535347,-18.230811101587822,-0.8029187737460959,-36.04184693179943,6.803555761088379,14.984430808268934,-30.848807871545212,-5.8882760782487615
-14.891309758445997,-142.2962171836246,-59.95233725224999,3.006910629809454,-30.358663433397634,44.65131026124232,-75.27503352561162,78.13706847171568,103.1653540976623,-116.15618489440841,103.05238636810911,-136.72665525120712,-265.56212706976487,119.39050896916295,34.6209150509786,43.90592524212939,-41.10414252444454,194.64143750531608,-34.712168655824776,133.74505516634497,-421.33203233809456,-71.63086341270257,-111.86166889054404,-69.87257532685054,-31.50578250180725,-110.14380460821789,-216.51890240334038,-32.98238678577788,-69.50363911019977,-121.84008846458278,-99.73630456597677,-97.42459774679328,4.609445301242107,-44.346718028239955,-22.30781620327078,-145.0588233967228,124.67204802468662,86.38851422033558,3.6449981455218285,170.6982750664704,-32.12337466766726,-71.24290421981577,146.01553992505555,28.01646158479588
2.6658567222721428,25.542590469774982,10.5641013437623,-0.49009315983812646,5.747665133353093,-8.193275191090178,13.532637921909764,-14.347517343975195,-18.44659185470758,20.741171525491847,-18.568281412578184,24.60163845559786,47.78008275559856,-20.90375673565999,-6.092017373293979,-7.822368924393016,7.3089341981825475,-34.712168655824776,6.472059400750427,-23.855014430325667,75.475055373267807,13.233219999857848,19.93746932708158,12.29988018194086,5.642403689389259,19.5763550590902,39.13725069195447,5.993074987145258,12.338369059111686,22.079428749219325,17.958824074071977,17.516439011429313,-1.0458965561619478,8.245109940389725,4.028205049932856,26.15540676593913,-22.21115547349079,-15.501857388359852,-0.6419250497081646,-30.740650781447133,5.902611676309569,12.93926545795401,-26.456637401053086,-5.001522473465328
-10.361975892625857,-97.86544076816925,-41.09657628397442,1.9352992490077534,-21.042361267063107,30.70200062413218,-51.870640787594475,54.07460283428501,71.08015390203771,-79.97663021178231,71.05679911629178,-94.3093514409325,-182.75535107884312,81.64600554436808,23.67565787134546,30.335756150462288,-28.231581651234116,133.74505516634497,-23.855014430325667,92.20288007885149,-289.9904434465118,-49.661010665814835,-76.9230305326933,-47.943053886944526,-21.652745563581554,-75.92238251291619,-149.18459296550492,-22.92018529980974,-47.8403718568086,-83.9946448085368,-68.58660556943673,-67.30075280800061,3.0349960044108792,-30.591888884882703,-15.18549202721646,-100.00274615879178,85.7961292316929,59.29077628343137,2.588739903143,117.54313992136755,-22.35235461160128,-49.2779111161244,100.64630738050221,19.291067158069954
32.448819461218534,308.224748274052,129.76770286361617,-6.136809663550992,66.26501826639546,-97.04071195199835,163.41753860334546,-170.23410720438224,-223.60942694507602,251.9461064957902,-223.72984696111274,296.7394865615939,575.8616924207075,-257.20798384653665,-74.64565215773045,-95.48086182519695,88.9806503361818,-421.33203233809456,75.475055373267807,-289.9904434465118,913.5408125609239,156.521234151642,242.32175937576383,151.03163936377493,68.34551582223398,238.90107885867693,470.14228380409816,72.09726523792395,150.7374600962011,264.74149314034236,216.02889170397174,211.88623137517146,-9.875365918674913,96.79431573893267,48.029476430183834,315.1991466166256,-269.9318678884808,-186.80744786121252,-7.944792980755897,-370.3641558599931,70.52855586880695,155.0719385545448,-317.3575672393691,-60.59519316637585
5.9377538841671695,52.61738660704068,21.583951267477765,-0.6049444594713335,12.221052703668205,-16.89845860854652,28.13301049050052,-30.23351980290739,-38.15771573911429,43.1890292203214,-38.80440405295963,51.49021113274447,98.95956156880628,-42.0886952351217,-12.31473030238395,-16.42547204601645,15.060435791256673,-71.63086341270257,13.233219999857848,-49.661010665814835,156.521234151642,28.240272431942287,41.34293315545674,25.139159605759097,11.688249654174186,40.85599570784484,81.49827950197455,12.992597606792605,25.727776055374186,46.22338539990922,37.042495421548665,36.81902826620948,-1.8355813687166156,17.327959387501874,7.860998232248717,54.602954455215745,-45.9352702376045,-31.597617300550926,-1.502107953966473,-63.74760782388789,12.89884592359321,27.576064442431363,-55.11183733898591,-10.171162821983733
8.638228046372399,81.76442516093516,34.48312257680368,-1.6406025926310899,17.49772875169296,-25.662284921398204,43.31262493491019,-44.99234656176522,-59.30732633644876,66.8274469372145,-59.25866232074851,78.68476530164837,152.63084448198865,-68.42647924006424,-19.840226893174307,-25.275217414441187,23.64549107579583,-111.86166889054404,19.93746932708158,-76.9230305326933,242.32175937576383,41.34293315545674,64.36047959563692,40.15772773575534,18.142528275817043,63.39500606568304,124.56811385890747,19.058904787065572,40.005573961204774,70.15455333350212,57.30294157574032,56.12196973413519,-2.5882933361917297,25.559007615818707,12.782093832844446,83.52682303290578,-71.66302050531588,-49.56890371922917,-2.167482431820554,-98.18363326626431,18.640339574066758,41.095767753858624,-84.08210225415401,-16.037509562636046
5.147313702846864,51.00649676588186,21.92987981552672,-1.232640186999504,10.405969646322038,-15.898540859160773,26.965725373170528,-27.54157238634703,-37.05492252357535,41.64266108576417,-36.66505372615211,48.62712102256072,94.9125837556071,-43.544400312804136,-12.570399536383228,-15.782292753284356,14.83133070289125,-69.87257532685054,12.29988018194086,-47.943053886944526,151.03163936377493,25.139159605759097,40.15772773575534,25.436442648177046,11.342480021891431,39.58404817010315,77.17776764451096,11.587918123865883,25.00613361769895,43.28947357420409,35.626164249764145,34.803542885490515,-1.475911071810931,15.609758170728123,8.164588188792674,51.86155146793347,-44.750273885111795,-31.064361369736698,-1.2716537402351884,-61.092876211985775,11.334189361861139,25.056547120684407,-52.172817970276185,-10.094730465260158
2.3928215307718927,23.01332651767994,9.815674968692722,-0.4543664172477159,4.8849374135348995,-7.273231454136629,12.241347911343933,-12.672566758021489,-16.697269849125576,18.87718804322202,-16.690672333112342,22.11337482645854,43.03441633132443,-19.268515393541772,-5.596494161238736,-7.175151574024769,6.672355388462356,-31.50578250180725,5.642403689389259,-21.652745563581554,68.34551582223398,11.688249654174186,18.142528275817043,11.342480021891431,5.144045941479926,17.88591059845496,35.137231293150094,5.389672366585763,11.317806851486795,19.781736832303004,16.102782243436643,15.868719592054395,-0.7093827120292395,7.266498279227023,3.600940302815481,23.626379123273914,-20.142995151948384,-13.934434710319412,-0.5689873416771142,-27.694881821824936,5.318291661932515,11.544738941164749,-23.776682586233832,-4.506340610282771
8.499774175323177,80.48646158718284,34.04754633115638,-1.5403843926341703,17.144821953034878,-25.250080807323943,42.765221857638245,-44.39168252490219,-58.49999753357524,65.97169965814959,-58.46450210695412,77.55957020818626,150.43266790314757,-67.29942388938484,-19.50718605575445,-25.098478038899557,23.289254098565962,-110.14380460821789,19.5763550590902,-75.92238251291619,238.90107885867693,40.85599570784484,63.39500606568304,39.58404817010315,17.88591059845496,62.649529026417014,122.79496695437483,18.93942148128638,39.53254322503675,69.12814947085856,56.338649067388744,55.52805095047861,-2.3502958888404057,25.217118418700235,12.448481579391965,82.46446451588275,-70.60334665355687,-48.66775594098802,-2.0955808739083954,-96.77129656372728,18.536897792054138,40.503491157502744,-82.92208655030774,-15.81884426562165
16.935103807701644,158.58771759046226,66.24921295713138,-2.9042853750051165,34.78938377545457,-50.17863179566488,84.16925428976626,-88.37809830431547,-114.9712756119406,129.62119496282463,-115.49474779193899,153.18728852216574,296.6933372041965,-131.08653297145065,-38.11765477573412,-49.102820520720776,45.65529456718816,-216.51890240334038,39.13725069195447,-149.18459296550492,470.14228380409816,81.49827950197455,124.56811385890747,77.17776764451096,35.137231293150094,122.79496695437483,242.6651129174896,37.47820981489147,77.43566809365836,136.86589600697056,111.30339730565692,109.30093056072641,-5.325743312098244,50.347986235768644,24.527936514506663,162.5531199324832,-138.72700780150677,-95.97676572697094,-4.1594772864252345,-190.83259993667195,36.73746058346749,80.48789380955571,-163.80129938456085,-31.07403912930904
2.7648954456554864,24.13782634992757,9.965617565119441,-0.1962313453427659,5.542476385666672,-7.696610664412704,12.987017941021287,-13.86051076482809,-17.559717733827274,19.971438831870362,-17.882591736689037,23.73343521374179,45.5281565189846,-19.340853160148473,-5.649501576166285,-7.6615116292120105,6.9428444682684765,-32.98238678577788,5.993074987145258,-22.92018529980974,72.09726523792395,12.992597606792605,19.058904787065572,11.587918123865883,5.389672366585763,18.93942148128638,37.47820981489147,6.095412215344174,11.93747317357672,21.265010521184095,16.953899155882176,17.053297106527662,-0.6987564690346394,7.963089483661325,3.496116237148027,25.19264018522529,-21.153207273235925,-14.370824274693494,-0.6901158158411509,-29.292814013344024,6.027073007299169,12.719094152862054,-25.325644641479265,-4.638872178520312
5.291302766644914,50.69774929070029,21.623120920276577,-0.9924615360433162,10.695691121937609,-15.960543127624058,26.990682972212053,-27.90109868166423,-36.83497905258877,41.70491855207682,-36.87479955711053,48.803341585982,94.9307032927541,-42.552319016424235,-12.359651082555029,-15.913512399641828,14.696592640903635,-69.50363911019977,12.338369059111686,-47.8403718568086,150.7374600962011,25.727776055374186,40.005573961204774,25.00613361769895,11.317806851486795,39.53254322503675,77.43566809365836,11.93747317357672,25.027242445615283,43.55675327319112,35.4535031074866,35.067030839855946,-1.450857556162024,15.954175034988063,7.812707817746863,52.06089108027809,-44.459349376565626,-30.638247635323733,-1.1995215913995407,-61.00768082058047,11.704759517233073,25.457076498252786,-52.288413034572756,-9.974787454309334
9.731763736594123,89.2656763643729,37.099105595313226,-1.4858817692656658,19.8491344045758,-28.29114189588574,47.39132650248628,-50.01174057160066,-64.67701992009353,72.94916360485374,-65.13593270318907,86.49036468889982,167.06428138574023,-73.30120356331877,-21.330037754897337,-27.561941671334885,25.686601831045103,-121.84008846458278,22.079428749219325,-83.9946448085368,264.74149314034236,46.22338539990922,70.15455333350212,43.28947357420409,19.781736832303004,69.12814947085856,136.86589600697056,21.265010521184095,43.55675327319112,77.36043953520873,62.73759944664386,61.59399910857035,-3.041341778238034,28.493798582142364,13.751960177651265,91.63640468926005,-78.0806461789727,-53.981302203257435,-2.4833946320765095,-107.52791436177824,20.90694051390837,45.68151769923993,-92.41396703980695,-17.371182418896574
7.766577313677957,73.10161286153999,30.415500326034408,-1.5067224972238218,15.945516698140608,-22.994734020582705,38.576291181143375,-40.426794133023364,-52.93648967986262,59.41218336821957,-52.96344788101388,70.37127905250885,136.2986011586801,-60.808966884313364,-17.640920299382483,-22.342577187239545,21.02898632906926,-99.73630456597677,17.958824074071977,-68.58660556943673,216.02889170397174,37.042495421548665,57.30294157574032,35.626164249764145,16.102782243436643,56.338649067388744,111.30339730565692,16.953899155882176,35.4535031074866,62.73759944664386,51.358101977045024,49.90543789993086,-2.5723985082344707,22.85401062208968,11.505272268340171,74.39392295929541,-63.96505540871453,-44.45549586556054,-2.0068138942118146,-87.67797662155236,16.513258302948476,36.82451107893415,-75.05040287544928,-14.364287792831808
7.5919913956314815,71.27169299625139,30.01149891428225,-1.2131540696072143,15.49755966468616,-22.539105551270474,38.01789092870231,-39.782604447713815,-51.810280754015594,58.58090985732468,-52.04740886660675,68.95995580386108,133.60626711351202,-58.92030331510044,-17.13335468150016,-22.388038521433558,20.565228992733605,-97.42459774679328,17.516439011429313,-67.30075280800061,211.88623137517146,36.81902826620948,56.12196973413519,34.803542885490515,15.868719592054395,55.52805095047861,109.30093056072641,17.053297106527662,35.067030839855946,61.59399910857035,49.90543789993086,49.532726519645074,-2.1404280757891234,22.727345138662713,10.854986828013452,73.43268898150089,-62.427571749099705,-42.935832609909276,-1.7976486323069427,-85.93223469094316,16.766035412007977,36.223507958493606,-73.84511093141181,-13.989926551199781
-0.36806198657110595,-3.5189737357671405,-1.1649495580621605,0.11778912018104323,-1.0393419479193042,1.195357026379468,-1.733519072608248,2.057238754019695,2.4043545216978948,-2.5904162859391424,2.4876160913079994,-3.3456161391971526,-6.45777542737946,2.6556599259520555,0.7893012545633854,0.8375381933653159,-0.9345906111443579,4.609445301242107,-1.0458965561619478,3.0349960044108792,-9.875365918674913,-1.8355813687166156,-2.5882933361917297,-1.475911071810931,-0.7093827120292395,-2.3502958888404057,-5.325743312098244,-0.6987564690346394,-1.450857556162024,-3.041341778238034,-2.5723985082344707,-2.1404280757891234,0.4430327182328863,-1.1872425740985744,-0.6609889338978769,-3.3616719202792305,2.934315813763282,2.2406333900258577,0.11270662192296173,4.127031285903918,-0.6493089163771842,-1.8041761909930396,3.5337920537496568,0.6758242086914772
3.527513659378129,32.52237797173363,13.513244926580333,-0.4329835431393085,7.429143144507772,-10.512417568379702,17.41691193619163,-18.54887534268531,-23.53410138339312,26.747330865718773,-23.934799322599083,31.64902598646628,61.26487805168936,-26.25193093903036,-7.693553766872067,-10.197530016706812,9.332286527989663,-44.346718028239955,8.245109940389725,-30.591888884882703,96.79431573893267,17.327959387501874,25.559007615818707,15.609758170728123,7.266498279227023,25.217118418700235,50.347986235768644,7.963089483661325,15.954175034988063,28.493798582142364,22.85401062208968,22.727345138662713,-1.1872425740985744,10.778010257041661,4.906995805853862,33.77827654151345,-28.323520515144136,-19.53531475499454,-0.7903034046299676,-39.392977369213895,7.9117356341428,16.847321098006493,-34.062457573796834,-6.2938115245706054
1.5940100132231332,16.4066904602076,6.96749215594506,-0.5056293252694596,3.3747734886674423,-5.117734436598282,8.532780258572801,-8.74157774446702,-11.841535427478796,13.091771015247954,-11.565059172479538,15.424223919401125,30.189657104538735,-14.083188515982364,-4.042285629907404,-4.831849129527023,4.749958537226364,-22.30781620327078,4.028205049932856,-15.18549202721646,48.029476430183834,7.860998232248717,12.782093832844446,8.164588188792674,3.600940302815481,12.448481579391965,24.527936514506663,3.496116237148027,7.812707817746863,13.751960177651265,11.505272268340171,10.854986828013452,-0.6609889338978769,4.906995805853862,2.840488434754432,16.381474397251317,-14.308542089187343,-10.162503076478899,-0.48272958502814833,-19.511831594013195,3.432248799833768,7.875008844099786,-16.632690782005035,-3.2438566475093267
11.25183802464362,106.16067643074138,44.70331913263373,-1.9034914587733593,23.07639191595734,-33.6204513597303,56.517043860711524,-59.1093550472723,-77.06273144857387,87.02934512143754,-77.32423356854119,102.4911744576752,198.76119409290683,-87.89966404753467,-25.564332484650098,-33.115855235050354,30.636124526651507,-145.0588233967228,26.15540676593913,-100.00274615879178,315.1991466166256,54.602954455215745,83.52682303290578,51.86155146793347,23.626379123273914,82.46446451588275,162.5531199324832,25.19264018522529,52.06089108027809,91.63640468926005,74.39392295929541,73.43268898150089,-3.3616719202792305,33.77827654151345,16.381474397251317,109.15680227158497,-92.89196109304896,-64.13939353655013,-2.719482388731961,-127.88347144406379,24.786230507773876,53.79150585224089,-109.8943990609544,-20.800350888668497
-9.624744570781615,-91.24048618159965,-38.26368601738076,1.8985274179461877,-19.548074400035194,28.527133388902588,-48.21725696517436,50.15388090022245,66.20248151733915,-74.34596964799027,66.02740311498616,-87.75034746794137,-170.07370228577923,76.40741827698471,22.114277695753113,28.078723524670295,-26.333268463535347,124.67204802468662,-22.21115547349079,85.7961292316929,-269.9318678884808,-45.9352702376045,-71.66302050531588,-44.750273885111795,-20.142995151948384,-70.60334665355687,-138.72700780150677,-21.153207273235925,-44.459349376565626,-78.0806461789727,-63.96505540871453,-62.427571749099705,2.934315813763282,-28.323520515144136,-14.308542089187343,-92.89196109304896,79.99431387001914,55.37763963112687,2.4814511977782616,109.39936782008654,-20.581012909996378,-45.73980821169297,93.5495631697405,17.966824714961774
-6.541469376263226,-63.32075290317725,-26.564773811407925,1.5284374436822852,-13.516647357011308,19.899623251482772,-33.30446998799041,34.68025117542006,45.8437581940228,-51.31994773646727,45.64955556376524,-60.565999940897974,-117.79421641549155,53.25079177464414,15.438401399135834,19.261201239479178,-18.230811101587822,86.38851422033558,-15.501857388359852,59.29077628343137,-186.80744786121252,-31.597617300550926,-49.56890371922917,-31.064361369736698,-13.934434710319412,-48.66775594098802,-95.97676572697094,-14.370824274693494,-30.638247635323733,-53.981302203257435,-44.45549586556054,-42.935832609909276,2.2406333900258577,-19.53531475499454,-10.162503076478899,-64.13939353655013,55.37763963112687,38.74299730440464,1.6550953114105307,75.78963323924532,-13.979983438544407,-31.46820342511655,64.74566915683138,12.548936931289125
-0.5054586682469626,-2.763787128235185,-0.9057957612703189,-0.06332522122588606,-0.8039163366053239,0.7531582591360195,-1.3875445433018931,1.6223914516455549,2.0077563734388244,-2.054286839221499,1.9186807360715414,-2.8474059545377037,-4.841065086966424,1.9604420894852668,0.5115414388928626,0.6492291989367558,-0.8029187737460959,3.6449981455218285,-0.6419250497081646,2.588739903143,-7.944792980755897,-1.502107953966473,-2.167482431820554,-1.2716537402351884,-0.5689873416771142,-2.0955808739083954,-4.1594772864252345,-0.6901158158411509,-1.1995215913995407,-2.4833946320765095,-2.0068138942118146,-1.7976486323069427,0.11270662192296173,-0.7903034046299676,-0.48272958502814833,-2.719482388731961,2.4814511977782616,1.6550953114105307,0.3803209519224854,3.2956499814276716,-0.7234133653638528,-1.6373179441642913,2.8654352304680373,0.4144298227236823
-13.213281566830643,-125.01494986347835,-52.448714278607426,2.441413873715541,-27.1051809133951,39.44492004533888,-66.27001595953237,69.28926556965516,90.668058982742,-102.06128629914168,90.77414262507044,-120.436007111233,-233.5408031550546,103.90490864737113,30.162245921630248,38.64035771729533,-36.04184693179943,170.6982750664704,-30.740650781447133,117.54313992136755,-370.3641558599931,-63.74760782388789,-98.18363326626431,-61.092876211985775,-27.694881821824936,-96.77129656372728,-190.83259993667195,-29.292814013344024,-61.00768082058047,-107.52791436177824,-87.67797662155236,-85.93223469094316,4.127031285903918,-39.392977369213895,-19.511831594013195,-127.88347144406379,109.39936782008654,75.78963323924532,3.2956499814276716,150.28111310517625,-28.711526601557377,-63.051962594612704,128.8808302119916,24.547291468210233
2.7346589989414674,23.522647801050372,9.840275099472873,-0.11999824446462956,5.430722795462838,-7.584242369729652,12.726655055637169,-13.62048608001921,-17.12078570969409,19.532342965416266,-17.454158751066196,23.173334452244134,44.41571579379643,-18.658597892131645,-5.451307738402254,-7.505723736623101,6.803555761088379,-32.12337466766726,5.902611676309569,-22.35235461160128,70.52855586880695,12.89884592359321,18.640339574066758,11.334189361861139,5.318291661932515,18.536897792054138,36.73746058346749,6.027073007299169,11.704759517233073,20.90694051390837,16.513258302948476,16.766035412007977,-0.6493089163771842,7.9117356341428,3.432248799833768,24.786230507773876,-20.581012909996378,-13.979983438544407,-0.7234133653638528,-28.711526601557377,6.120617400522939,12.51691080017339,-24.986202547028768,-4.441481837475447
5.998946573306167,52.23786431182429,21.33381501970932,-0.6570406875124057,12.030128575125623,-16.55830265599135,27.753067877990677,-29.688859480898707,-37.84282933766265,42.71363727313516,-38.36005001426273,51.083974757144375,97.8970000175404,-42.17257472201238,-12.291577680933758,-16.084253742287917,14.984430808268934,-71.24290421981577,12.93926545795401,-49.2779111161244,155.0719385545448,27.576064442431363,41.095767753858624,25.056547120684407,11.544738941164749,40.503491157502744,80.48789380955571,12.719094152862054,25.457076498252786,45.68151769923993,36.82451107893415,36.223507958493606,-1.8041761909930396,16.847321098006493,7.875008844099786,53.79150585224089,-45.73980821169297,-31.46820342511655,-1.6373179441642913,-63.051962594612704,12.51691080017339,27.30702187871219,-54.285070372891376,-10.059824690482026
-11.394926939938845,-106.99407594073382,-44.89627636595969,1.9192779505629942,-23.421036048702952,33.92618439832385,-56.87295764121149,59.6732114446075,77.61063929526415,-87.48510708069696,77.85149995293027,-103.28304803641085,-200.11759867725058,88.34430159070399,25.679249474684774,33.178337206163405,-30.848807871545212,146.01553992505555,-26.456637401053086,100.64630738050221,-317.3575672393691,-55.11183733898591,-84.08210225415401,-52.172817970276185,-23.776682586233832,-82.92208655030774,-163.80129938456085,-25.325644641479265,-52.288413034572756,-92.41396703980695,-75.05040287544928,-73.84511093141181,3.5337920537496568,-34.062457573796834,-16.632690782005035,-109.8943990609544,93.5495631697405,64.74566915683138,2.8654352304680373,128.8808302119916,-24.986202547028768,-54.285070372891376,110.8080189683037,20.911043168818097
-2.014088671609644,-20.53815056703069,-8.667901134887725,0.5591969387462007,-4.288583304060672,6.445853086302373,-10.835034863147309,11.21786871171173,14.92588555965835,-16.711767686106256,14.830299159162083,-19.57367316166964,-38.28739240700485,17.41765770248677,5.061916919488253,6.370471640570804,-5.8882760782487615,28.01646158479588,-5.001522473465328,19.291067158069954,-60.59519316637585,-10.171162821983733,-16.037509562636046,-10.094730465260158,-4.506340610282771,-15.81884426562165,-31.07403912930904,-4.638872178520312,-9.974787454309334,-17.371182418896574,-14.364287792831808,-13.989926551199781,0.6758242086914772,-6.2938115245706054,-3.2438566475093267,-20.800350888668497,17.966824714961774,12.548936931289125,0.4144298227236823,24.547291468210233,-4.441481837475447,-10.059824690482026,20.911043168818097,4.186009960503777
