V1,V2,V3,V4,V5,V6,V7,V8,V9,V10,V11,V12,V13,V14,V15,V16,V17,V18,V19,V20,V21,V22,V23,V24,V25,V26,V27,V28,V29,V30,V31,V32,V33,V34,V35,V36,V37,V38,V39,V40,V41,V42,V43,V44,V45,V46,V47,V48,V49
1.616278844858795,-0.48595266098234907,1.5762735472459222,-0.942883456449279,0.6253674229008588,0.6811094675235793,0.5439689681996301,0.20127612739515524,1.577381271405953,-3.095108012799885,2.401278176456453,-0.328251515990536,-1.0376958820225781,2.493739710783124,-0.032985374693343276,0.7306656266299337,-2.0176171866538897,-0.30666231526390714,-0.07037853216006648,-1.1951719541171302,1.3340747671168365,-1.1249965293520832,-0.7294212502773378,1.9087752015711297,-0.37306670215408455,-3.0672652710438246,0.15882560200915877,1.1503422083538961,0.5885901982531833,1.2389025828605684,1.1884788072299772,0.296470213404233,2.2593340510526363,0.13124610000098513,-0.9498470787960099,-2.672053480907901,0.4824241014179871,-0.33858087721154745,-0.911410799126461,1.0636181345891702,-1.1051803011256827,0.5140017564750184,-3.9160392194239098,1.3766653122867796,-2.204911098291808,-2.074705085435752,2.431883386561504,-0.20817890311770826,1.811205168503112
-0.48595266098234907,0.3397125479091735,-0.4301189642161464,0.28612303108271936,-0.043360848916509015,-0.10807660413999881,-0.23391767928578794,0.010025554498435603,-0.28006490798542893,0.7049568946328726,-0.49650161858770075,-0.2889497609913436,0.06873558256177974,-0.5184435953416302,-0.09966272113853673,-0.4191192526078195,0.28398358392488093,-0.07627268832804043,-0.06713589787603665,-0.18025927169344716,-0.5645630365619017,-0.03376536448733817,0.15179745863074515,-0.27008848022571835,0.4041846061464557,0.8900141934957625,-0.21540453853893118,-0.07841985247342054,-0.3118308782112958,-0.3041914706475772,-0.38936741405913233,-0.06428724465824504,-0.33413690053797956,0.0816857856197825,0.3211666502135249,1.023342160603311,0.14679199071847943,0.25261158995826555,-0.003841719356659223,-0.15863739663188953,0.14068840160141713,-0.25069453678889997,0.8311845073349545,-0.31554240230300135,0.5876350300700853,0.6266902284673507,-0.40774969941044475,-0.05865013895426852,-0.3260232099326311
1.5762735472459222,-0.4301189642161464,1.9110867040894288,-1.1161033404986072,0.9112737683150497,0.7612123846811416,0.8511864891515817,0.29149435265110557,1.697888773234473,-3.0160313411315434,2.8085384636070514,-0.5967753472376207,-1.2533804937566182,2.9356120161353343,-0.2915990100594714,0.6175882483408808,-2.1863649703574386,-0.48181258623799256,-0.1409737808955934,-1.5882012131872287,1.1472943511178024,-1.4923838168685444,-0.7902442082997906,2.282324743328965,-0.1828355817467817,-3.0874782234973166,-0.012579525560267117,1.1068005074476324,0.4131990535433823,1.2794666502481606,1.1471486050178443,0.24688301729381182,2.503850926694241,0.26943372109982194,-0.7956066014921744,-2.3162668392107615,0.509029421009755,-0.15409948714047791,-1.0135439958607173,1.3181137839592902,-1.458405949023058,0.42067649998570794,-4.528763909550053,1.4864711616473094,-2.2235731592241925,-2.154881484379253,2.8907900125978667,-0.2280774263858752,2.264989202399682
-0.942883456449279,0.28612303108271936,-1.1161033404986072,0.9148104101757126,-0.4201925739290192,-0.42215698874788804,-0.2410526385601824,-0.2849670466806563,-1.0522234338186307,1.7362799854528275,-1.396539724508159,0.4783365977892341,0.927366174297883,-1.5124965227700773,0.21771395781141684,-0.4682529392948363,1.2050833555961793,0.04450531306326212,0.1195797843225329,1.05325211973909,-0.5623314876962947,0.8000493136534761,0.7087519565096653,-1.429937318183025,0.14656769472893477,1.5924719736729798,-0.1089365373978589,-0.4421947603402875,-0.14756966588629195,-0.6868027640765243,-0.5719048623803513,-0.12553418361003224,-1.4979781539880261,-0.11187488322271413,0.3094067962157278,1.5996300224041822,-0.2026198819799777,0.199392066859513,0.515183807543922,-0.7214887186187181,0.7989624043499002,-0.20156697782147517,2.389438146830087,-0.8748083592668449,1.1869385461676714,1.490522650571029,-1.5691718727748243,0.4529781352602759,-1.136044334029851
0.6253674229008588,-0.043360848916509015,0.9112737683150497,-0.4201925739290192,0.6489506953880374,0.3592080236593538,0.6575822197320227,0.13823998763936468,0.7569196184251539,-1.3281016650380018,1.5738932802758698,-0.4288421658430057,-0.545540417289614,1.6007012266450469,-0.23150751341183753,0.06515323186932051,-1.1324612543412829,-0.5038790569960885,-0.1356015718045341,-0.9503265350474237,0.42166600685152356,-0.9277489233402457,-0.20283193531504567,1.1345051804811088,0.1243736192363917,-1.4128747734351235,-0.16235508027126178,0.7553959194497079,0.11371573699819941,0.602832012183007,0.4925336439872599,0.12297142103765506,1.2904045667330808,0.21422212253898645,-0.33818442763808065,-0.6027765706359505,0.38046329499430315,0.10990498758019036,-0.6330281447706944,0.75351838854921,-0.8591269915022623,0.12378262255539993,-2.3863741104224947,0.7244085700858204,-1.0298666752335341,-0.7886537825740259,1.5567692146687422,0.0728013628124406,1.3028702836981465
0.6811094675235793,-0.10807660413999881,0.7612123846811416,-0.42215698874788804,0.3592080236593538,0.5368917007840509,0.051315942029415446,0.22838201460704832,0.9263525177674526,-1.6002151985078572,1.281324124094015,-0.597229798941475,-0.7925544327626319,1.3693422523101075,-0.0967256696316689,0.1033347543674799,-1.2723689975283823,-0.35152097333509613,-0.09751852979429866,-1.0997282590477786,0.28812477254794006,-0.8745927450769213,-0.5149243300716404,1.2377645613353483,0.10714952649552159,-1.3618776153395273,-0.044267954466603573,0.5893572256783458,0.06544228688387214,0.6308970852778063,0.36889204849568324,0.2667861403302087,1.3832449046543709,0.18386184566528438,-0.39947452081611035,-0.9854852555103557,0.5463178438205759,-0.009895051766344793,-0.6116050771444278,0.479193309704192,-0.6343895931916367,0.2155217342976306,-2.127422127277419,0.6878123228122522,-0.9954205798306237,-1.0823576903445684,1.3775479565090918,-0.40839119249245914,0.8986384779783696
0.5439689681996301,-0.23391767928578794,0.8511864891515817,-0.2410526385601824,0.6575822197320227,0.051315942029415446,1.3983472936381052,-0.1512470350966752,0.21451866480377238,-0.7171973249146217,1.495768047608897,0.48777108659261376,0.23530390155254394,1.403320862092521,-0.09212065028984709,0.30279486055457094,-0.44326526346271417,-0.46569385932031826,5.718982860982149e-4,0.22612289547477765,0.874028997248514,-0.31718513305521023,0.3261318574696425,0.35552014894982076,-0.3391197758134123,-1.4409826675455848,-0.04693413246134224,0.6009133899200735,0.449391416220646,0.4871864850856783,0.685696453206932,-0.048712315727888894,0.5467071675289438,0.05919950262616352,-0.45631718104269614,-0.5127711970058005,-0.20646807806053352,0.01738768958813592,-0.22405303033623236,0.6994735597217789,-0.6665286493380375,0.22932969990021726,-1.9831579275919538,0.5368388984233152,-0.9690496649130838,-0.348430240402202,1.1112400424773006,0.8857810215682822,1.2770082019487292
0.20127612739515524,0.010025554498435603,0.29149435265110557,-0.2849670466806563,0.13823998763936468,0.22838201460704832,-0.1512470350966752,0.22799213177540767,0.4146842309361128,-0.5495016674933504,0.4111684733050292,-0.4957912153799518,-0.513051509990704,0.486027964647426,-0.12173442890461994,-0.03667998256444345,-0.5284445708932191,-0.11284371365034078,-0.10620978162270572,-0.7269011311682232,-0.12756370692966904,-0.4480966125456894,-0.3460732444378898,0.644928091050803,0.16608498056680174,-0.30179114458802925,-0.00774029048302434,0.15210570516508778,-0.13502602124091384,0.1947938333341142,-0.024230236305266304,0.14120642630111466,0.6530628011458769,0.08524716442748151,-0.001936461800970144,-0.2726369058258073,0.28760926320723557,0.024679633892393502,-0.2566591929088832,0.15071966478891133,-0.2723159028862726,0.028601026460126168,-0.7564448946562768,0.26841704050033005,-0.2555825980620113,-0.5167949827525496,0.5312194901767419,-0.3917174524606509,0.2651286508291805
1.577381271405953,-0.28006490798542893,1.697888773234473,-1.0522234338186307,0.7569196184251539,0.9263525177674526,0.21451866480377238,0.4146842309361128,1.9822777721625093,-3.41160445489759,2.6547896205575,-1.064117869580676,-1.5996616639034715,2.830184324921221,-0.23302963440514227,0.4486247139124526,-2.5506328496674513,-0.48790089493242056,-0.1875614847418603,-2.1602195240223887,0.9127011061845737,-1.7257200849557037,-1.0465416839629194,2.5556204416363832,0.07294101091619028,-3.022290265954113,-0.06822070714094691,1.2838259093217723,0.27397447136037817,1.3309294070874647,1.0139778625686875,0.37706232619800084,2.8376520767319984,0.34601369979552005,-0.8099490930995562,-2.4109654320731404,0.9190813121764502,-0.12339742572053765,-1.2582772067158987,1.2093374637830148,-1.3626327205913877,0.3746503405531198,-4.4363028892121505,1.5138873964617272,-2.208862104146439,-2.2880233491138124,2.9037997513516918,-0.6880660765101856,2.0404940833166636
-3.095108012799885,0.7049568946328726,-3.0160313411315434,1.7362799854528275,-1.3281016650380018,-1.6002151985078572,-0.7171973249146217,-0.5495016674933504,-3.41160445489759,6.599063382896822,-4.984773842727386,1.3216034991818724,2.3986789355544844,-5.206697655914288,0.09201509110294288,-1.0452286966390028,4.591479232997588,0.952633519882334,0.2513783152943655,3.179038503220862,-2.2799125677746135,2.736476688171416,1.588587096170149,-4.231425891543064,0.28197748371302145,6.092592191603413,-0.12390698228070597,-2.705689897163041,-0.9359163177141566,-2.5629793321570262,-2.180143156552413,-0.7846816322050073,-5.0311823384964365,-0.4540019550161575,1.9091390482509387,4.977246116443655,-1.5485621178362623,0.46812160420213317,2.242822080843949,-2.131696206834535,2.3189494156193398,-0.9428913673645869,8.14156444731788,-2.83022982523312,4.387055063615904,4.097199424970857,-5.1536496880068245,0.7662597898356026,-3.629605970273437
2.401278176456453,-0.49650161858770075,2.8085384636070514,-1.396539724508159,1.5738932802758698,1.281324124094015,1.495768047608897,0.4111684733050292,2.6547896205575,-4.984773842727386,4.761183432212866,-1.0258812420013705,-1.7964697270128696,4.891923432645374,-0.3249179194091224,0.6633910122600158,-3.7332581638389457,-1.234701324764314,-0.267337939008626,-2.6284078028341757,1.807414911947677,-2.5480409171266674,-0.9619154476416741,3.5492516776404295,-0.09191440409664207,-5.0694033902378175,-0.15629829829902098,2.307031170679098,0.6971000943124425,2.123043255675602,1.7824784877455326,0.5495280395635054,4.159485011730686,0.513944003525303,-1.4807872148968317,-3.2767391364153418,1.167958658570136,-0.07172475284897292,-1.875800385048167,2.063331307672992,-2.313295160931628,0.7161243968755271,-7.438974495371441,2.372529139093333,-3.629653936982603,-3.098082717919484,4.678420590245487,-0.07316394963075928,3.653600220130722
-0.328251515990536,-0.2889497609913436,-0.5967753472376207,0.4783365977892341,-0.4288421658430057,-0.597229798941475,0.48777108659261376,-0.4957912153799518,-1.064117869580676,1.3216034991818724,-1.0258812420013705,1.5427378225264194,1.3485483839474455,-1.198836086499601,0.3857996732166046,0.3915373378010748,1.4887052779425443,0.43648388927424503,0.30092918076525055,2.162169789005642,0.5378889477858251,1.3936217479112865,0.7692614163545586,-1.6668584145210676,-0.7822169206321717,0.5505147849850415,0.3099420635965522,-0.5795577475898495,0.4940616025890126,-0.4328677638146698,0.12453020792763533,-0.28747685187242916,-1.6920876178656843,-0.3608233505307071,-0.08198184730565858,0.12202499498757824,-0.9857832636822127,-0.27984574058715683,0.8825514777719091,-0.4960133920406058,0.7866832025196102,0.11951096266237946,1.8804022094786053,-0.6087652624432881,0.5295676222029944,0.9216637943883917,-1.4716857942104702,1.0003293266075999,-0.7913330716818093
-1.0376958820225781,0.06873558256177974,-1.2533804937566182,0.927366174297883,-0.545540417289614,-0.7925544327626319,0.23530390155254394,-0.513051509990704,-1.5996616639034715,2.3986789355544844,-1.7964697270128696,1.3485483839474455,1.6537822210054096,-2.0057625648457145,0.3484705780216123,-0.1399012410813126,2.019040310066792,0.32497910975204486,0.24606543726614255,2.229867249359717,-0.15872150410510041,1.5526863049755142,1.0785882963590079,-2.2238264229765483,-0.3736544986147785,1.7669998860957512,0.12097030866985738,-0.7482000196897598,0.14512674282568788,-0.8910218985867286,-0.41727106122705215,-0.33188688955793993,-2.319526177481092,-0.315150080923785,0.30355320812698716,1.475137453092251,-0.8915284977690416,-0.008405015169157993,1.0044704142157712,-0.8387791073823128,1.0862316800127774,-0.14746964513511,3.1866710673306398,-1.0957406664762768,1.3924066913384456,1.8397851248862025,-2.2210979280053014,1.0219833554275288,-1.386038767652748
2.493739710783124,-0.5184435953416302,2.9356120161353343,-1.5124965227700773,1.6007012266450469,1.3693422523101075,1.403320862092521,0.486027964647426,2.830184324921221,-5.206697655914288,4.891923432645374,-1.198836086499601,-2.0057625648457145,5.072794960973085,-0.3629145409945268,0.6754543103795821,-3.9403808741506166,-1.2391620798325589,-0.2951883184279834,-2.8927691088776855,1.7746438369027826,-2.708577511640103,-1.1152672637452723,3.8027030637898735,-0.04793883400680696,-5.202177481501114,-0.1638947606608152,2.3201365182091322,0.6512948371935285,2.1964315814999953,1.786007577821526,0.5926783487190673,4.399215019991639,0.5450664470854331,-1.4835732104656894,-3.440017981151695,1.2583533318851126,-0.07375191008681191,-1.9529960842321081,2.11947684220288,-2.4077914098668947,0.72522848900944,-7.727229614159865,2.463792180653645,-3.73543810094299,-3.320240902821831,4.8805786415713595,-0.2504343026153565,3.750500981998189
-0.032985374693343276,-0.09966272113853673,-0.2915990100594714,0.21771395781141684,-0.23150751341183753,-0.0967256696316689,-0.09212065028984709,-0.12173442890461994,-0.23302963440514227,0.09201509110294288,-0.3249179194091224,0.3857996732166046,0.3484705780216123,-0.3629145409945268,0.2699995156568458,0.09201559580633613,0.2606822602834762,0.08185424216256279,0.0870366554166052,0.5695911603950667,0.1816571861994924,0.4156663972389995,0.17488621953823147,-0.4666224006487502,-0.23036821553459122,0.03178589770334759,0.15008104498534441,-0.016940250782817523,0.18211793890315192,-0.0633053200457926,0.006838660583890264,0.044257005475087936,-0.3476743634238484,-0.1312304021101417,-0.15412945591322172,-0.18375912915261788,-0.11447579786768128,-0.1499277471787039,0.17633880768327645,-0.2714969421560911,0.3366622294170398,0.1229707447635989,0.547287751220897,-0.1555161631092802,0.0661969301540226,0.18779938546727706,-0.47065011286998365,0.1739193971119878,-0.4104757469569874
0.7306656266299337,-0.4191192526078195,0.6175882483408808,-0.4682529392948363,0.06515323186932051,0.1033347543674799,0.30279486055457094,-0.03667998256444345,0.4486247139124526,-1.0452286966390028,0.6633910122600158,0.3915373378010748,-0.1399012410813126,0.6754543103795821,0.09201559580633613,0.6473664190896069,-0.378309486593512,0.22070266747499415,0.0900662372799243,0.20442856295703202,0.8580438518562077,0.034712562280488135,-0.24982571905269257,0.3978915064254188,-0.5527260627771872,-1.2505018213438914,0.2722384542849178,0.16090047130090698,0.4520393086576926,0.43511814367905816,0.633950244918861,-0.005512128643241434,0.4716266731750607,-0.09736052105247818,-0.41653390487308434,-1.5231822115351719,-0.24356657744668475,-0.3638989121282813,-0.04707756546297939,0.33245577361861545,-0.22084216031205367,0.28226346914747774,-1.117897917880587,0.4744043294768302,-0.8582635381062982,-0.8666274611922662,0.6062120875074682,0.08174183526014922,0.5229014891774189
-2.0176171866538897,0.28398358392488093,-2.1863649703574386,1.2050833555961793,-1.1324612543412829,-1.2723689975283823,-0.44326526346271417,-0.5284445708932191,-2.5506328496674513,4.591479232997588,-3.7332581638389457,1.4887052779425443,2.019040310066792,-3.9403808741506166,0.2606822602834762,-0.378309486593512,3.5665023961717965,0.9627683161165003,0.3020658762480238,2.9535881084494995,-1.1575753124653565,2.4264132479547356,1.2046716666079553,-3.3724103387629136,-0.23221668803512757,4.075816219283926,0.16083410974554535,-1.9900469798365876,-0.34934339000567344,-1.7918880044731036,-1.2807792897129437,-0.6238981815433011,-3.899357888340038,-0.474460318000273,1.1722707891847002,2.9010091017542723,-1.425990850061874,0.06503879023164776,1.8031797380373944,-1.601105451542742,1.8928797560618729,-0.5214478313632686,6.103766883264873,-2.0085404399438165,2.9884423047710196,2.8570497700237794,-3.975138371592495,0.76602689770488,-2.7745020171358656
-0.30666231526390714,-0.07627268832804043,-0.48181258623799256,0.04450531306326212,-0.5038790569960885,-0.35152097333509613,-0.46569385932031826,-0.11284371365034078,-0.48790089493242056,0.952633519882334,-1.234701324764314,0.43648388927424503,0.32497910975204486,-1.2391620798325589,0.08185424216256279,0.22070266747499415,0.9627683161165003,0.6870053156021823,0.1316921789565439,0.8046527003168364,-0.1274881384772814,0.7936727870145199,0.00838789095367573,-0.7759977126726051,-0.25908876236169337,0.9654849085367184,0.20271741061233495,-0.7456906126929406,-0.018638035422386526,-0.43954521939127494,-0.189113080964077,-0.23953597239552465,-1.0157103068883735,-0.2020863610373942,0.32715772828212636,0.04833874359121841,-0.5357524830324918,-0.21021823898980124,0.5618823711516528,-0.41206273743742977,0.5867523140522098,-0.13234336126998944,1.7811580860986187,-0.45922046394119387,0.6885653314554312,0.37845459812125914,-1.10559915775422,-0.11318033044502561,-0.8618975473886444
-0.07037853216006648,-0.06713589787603665,-0.1409737808955934,0.1195797843225329,-0.1356015718045341,-0.09751852979429866,5.718982860982149e-4,-0.10620978162270572,-0.1875614847418603,0.2513783152943655,-0.267337939008626,0.30092918076525055,0.24606543726614255,-0.2951883184279834,0.0870366554166052,0.0900662372799243,0.3020658762480238,0.1316921789565439,0.08998041473921005,0.43895077263541465,0.09558861103393472,0.293086948180848,0.11423375681751004,-0.3259030313684262,-0.15794102559281611,0.1217461867602392,0.05988958230848523,-0.17283427880262386,0.09617400964463524,-0.08909315251130448,0.031273855909500624,-0.0649265770725162,-0.37189959898550695,-0.05759497572487481,-0.019290884781301126,-0.004163577230940858,-0.18746458476772468,-0.061053552818894886,0.18713935643741578,-0.12967842052591547,0.19502991150737123,0.023245796967082327,0.4363332007477626,-0.13481246216619108,0.13274829555414971,0.17430584224960127,-0.3281278898961538,0.144066975098815,-0.1991831556161222
-1.1951719541171302,-0.18025927169344716,-1.5882012131872287,1.05325211973909,-0.9503265350474237,-1.0997282590477786,0.22612289547477765,-0.7269011311682232,-2.1602195240223887,3.179038503220862,-2.6284078028341757,2.162169789005642,2.229867249359717,-2.8927691088776855,0.5695911603950667,0.20442856295703202,2.9535881084494995,0.8046527003168364,0.43895077263541465,3.4593558453726323,0.04511774869393739,2.467032211762347,1.2840951719837257,-3.118450954459051,-0.8842241814499527,2.256669475297475,0.4143388024195874,-1.3702742155076055,0.3623916503873369,-1.1781866748623087,-0.4405744020304106,-0.4899825585626335,-3.3278903696150284,-0.566778354610388,0.36097195722152436,1.3172871049674788,-1.5259450700226271,-0.2792611351129512,1.615259797848463,-1.2516603477999624,1.6495526629091026,-0.059392229439761725,4.49542564056041,-1.4565250470734032,1.7921473645083656,2.1489268051040846,-3.190948075172801,1.2845646157214672,-2.0756232358703794
1.3340747671168365,-0.5645630365619017,1.1472943511178024,-0.5623314876962947,0.42166600685152356,0.28812477254794006,0.874028997248514,-0.12756370692966904,0.9127011061845737,-2.2799125677746135,1.807414911947677,0.5378889477858251,-0.15872150410510041,1.7746438369027826,0.1816571861994924,0.8580438518562077,-1.1575753124653565,-0.1274881384772814,0.09558861103393472,0.04511774869393739,1.6438160410414093,-0.34949553173764614,-0.16597736275728767,0.895308774084441,-0.7384585920548602,-2.6977971729561343,0.2595048786256497,0.9502946130167598,0.8681623345659311,0.9634438348137715,1.2752659693718367,0.09720013590566334,1.2476208899043475,-0.030344902714292996,-0.9831929797078751,-2.390464053143573,-0.03947650692765129,-0.43071874346845807,-0.48112147978874237,0.8263484735576688,-0.6520295808642981,0.50748922574302,-2.770595216175899,1.0081124661304848,-1.8499345248586767,-1.3370330508991382,1.573628288364825,0.48066691995236743,1.3844426406582087
-1.1249965293520832,-0.03376536448733817,-1.4923838168685444,0.8000493136534761,-0.9277489233402457,-0.8745927450769213,-0.31718513305521023,-0.4480966125456894,-1.7257200849557037,2.736476688171416,-2.5480409171266674,1.3936217479112865,1.5526863049755142,-2.708577511640103,0.4156663972389995,0.034712562280488135,2.4264132479547356,0.7936727870145199,0.293086948180848,2.467032211762347,-0.34949553173764614,1.9749502495262674,0.8220294597931657,-2.451349696958458,-0.5219655327169244,2.3355088758658273,0.3505573450123289,-1.2847068545529536,0.05988870218580809,-1.0959450040470737,-0.6364926537079678,-0.3557944258082164,-2.6880309357571504,-0.45778207208423033,0.5216013360357186,1.2337126390279003,-1.1034311833604429,-0.2145525014701906,1.3081736159107777,-1.1836074440081792,1.4706227194278356,-0.1594224780123091,4.148154679505379,-1.281113776522644,1.7546322494560005,1.7204930078348153,-2.8169208211060655,0.604141503845911,-2.04842554883372
-0.7294212502773378,0.15179745863074515,-0.7902442082997906,0.7087519565096653,-0.20283193531504567,-0.5149243300716404,0.3261318574696425,-0.3460732444378898,-1.0465416839629194,1.588587096170149,-0.9619154476416741,0.7692614163545586,1.0785882963590079,-1.1152672637452723,0.17488621953823147,-0.24982571905269257,1.2046716666079553,0.00838789095367573,0.11423375681751004,1.2840951719837257,-0.16597736275728767,0.8220294597931657,0.8415155331499118,-1.396396794374477,-0.08106840685829837,1.1314901659962566,-0.0554171044607198,-0.30024114477071656,0.046546692679022464,-0.5634465361422794,-0.2918660644818283,-0.2098753654415878,-1.4026759955854924,-0.14634827677406176,0.21136342364480967,1.3007401021607032,-0.44743681180644235,0.1255488274808,0.5241349107187115,-0.44409675123124465,0.5802178340285056,-0.14024072621898587,1.831200718358534,-0.6868918563870817,0.8742517316042222,1.3590288502498742,-1.269645382269439,0.8177925723415327,-0.7084290510276006
1.9087752015711297,-0.27008848022571835,2.282324743328965,-1.429937318183025,1.1345051804811088,1.2377645613353483,0.35552014894982076,0.644928091050803,2.5556204416363832,-4.231425891543064,3.5492516776404295,-1.6668584145210676,-2.2238264229765483,3.8027030637898735,-0.4666224006487502,0.3978915064254188,-3.3724103387629136,-0.7759977126726051,-0.3259030313684262,-3.118450954459051,0.895308774084441,-2.451349696958458,-1.396396794374477,3.525253098709345,0.30072454419267036,-3.6822635119102207,-0.16622776462617259,1.615898655183558,0.1556755387150217,1.6721748366615201,1.1371710482076107,0.51980371942206,3.80771349713629,0.5195919106418514,-0.8732646383253827,-2.7116982250095134,1.2787944311058839,-0.017755600438492877,-1.6899848250582554,1.6196987896400306,-1.927293211749758,0.39629373096273474,-5.913002028803818,1.97865851531582,-2.726534108319568,-2.9517150098599028,3.9282434749841824,-0.9988705038011304,2.746658127025044
-0.37306670215408455,0.4041846061464557,-0.1828355817467817,0.14656769472893477,0.1243736192363917,0.10714952649552159,-0.3391197758134123,0.16608498056680174,0.07294101091619028,0.28197748371302145,-0.09191440409664207,-0.7822169206321717,-0.3736544986147785,-0.04793883400680696,-0.23036821553459122,-0.5527260627771872,-0.23221668803512757,-0.25908876236169337,-0.15794102559281611,-0.8842241814499527,-0.7384585920548602,-0.5219655327169244,-0.08106840685829837,0.30072454419267036,0.6619955744935205,0.6591672788371103,-0.3380158162538837,0.09088176616630281,-0.4731996026729209,-0.14849776953691285,-0.4292808360020537,0.039605755235670385,0.23340502193769203,0.20405024733799543,0.334975138717785,1.0165067679413202,0.47098414296759866,0.35860411953827687,-0.2848620288785387,0.010990128489922153,-0.15485621371488711,-0.2720032890506594,0.1038440451985635,-0.11349801954597431,0.38899968131207985,0.317803339979334,0.13366385969647143,-0.3578905758432621,-0.00823815756942883
-3.0672652710438246,0.8900141934957625,-3.0874782234973166,1.5924719736729798,-1.4128747734351235,-1.3618776153395273,-1.4409826675455848,-0.30179114458802925,-3.022290265954113,6.092592191603413,-5.0694033902378175,0.5505147849850415,1.7669998860957512,-5.202177481501114,0.03178589770334759,-1.2505018213438914,4.075816219283926,0.9654849085367184,0.1217461867602392,2.256669475297475,-2.6977971729561343,2.3355088758658273,1.1314901659962566,-3.6822635119102207,0.6591672788371103,6.252706462360962,-0.15878536268678464,-2.558252438545789,-1.2259639951132144,-2.5000497742555043,-2.408040651463036,-0.6132540917481695,-4.4525395779169425,-0.3603105670702663,2.023976729008665,4.86842202953737,-1.0527965425775114,0.4989257775967796,1.9095876964490575,-2.1748527268588735,2.2708831382114263,-1.0287775053365134,8.044288578821273,-2.7078146601241344,4.400907891696874,3.7689605720864847,-4.932189364994252,0.02461920593525716,-3.813178560954328
0.15882560200915877,-0.21540453853893118,-0.012579525560267117,-0.1089365373978589,-0.16235508027126178,-0.044267954466603573,-0.04693413246134224,-0.00774029048302434,-0.06822070714094691,-0.12390698228070597,-0.15629829829902098,0.3099420635965522,0.12097030866985738,-0.1638947606608152,0.15008104498534441,0.2722384542849178,0.16083410974554535,0.20271741061233495,0.05988958230848523,0.4143388024195874,0.2595048786256497,0.3505573450123289,-0.0554171044607198,-0.16622776462617259,-0.3380158162538837,-0.15878536268678464,0.2902109068374479,-0.12069512856290565,0.1890917609917289,0.027378323013469024,0.10302291600853945,0.060011799754752244,-0.12858974470020548,-0.16001763268559896,-0.11977001626725521,-0.5753492072540384,-0.19677466292510645,-0.25075138876938247,0.18417951708277935,-0.1539050444310911,0.1908461776248196,0.1632817669879724,0.20787551665231757,0.03785801991996122,-0.0933003755246608,-0.24048442931982417,-0.23328142279793193,-0.008218067040241807,-0.2520296652594321
1.1503422083538961,-0.07841985247342054,1.1068005074476324,-0.4421947603402875,0.7553959194497079,0.5893572256783458,0.6009133899200735,0.15210570516508778,1.2838259093217723,-2.705689897163041,2.307031170679098,-0.5795577475898495,-0.7482000196897598,2.3201365182091322,-0.016940250782817523,0.16090047130090698,-1.9900469798365876,-0.7456906126929406,-0.17283427880262386,-1.3702742155076055,0.9502946130167598,-1.2847068545529536,-0.30024114477071656,1.615898655183558,0.09088176616630281,-2.558252438545789,-0.12069512856290565,1.6329271878094767,0.40575960235019987,1.0723801818363339,0.912017701755508,0.34093507183604543,2.137837348655261,0.2566398827514007,-0.8714835220713795,-1.5441170479032453,0.8422263085247726,-0.017081844176210833,-1.1556940224578576,0.991697103344937,-1.0537559491142647,0.33496193974431177,-3.5159705719565753,1.1580453449840553,-1.8503745142260828,-1.2361636188254215,2.2334989435377537,0.08090937095669067,1.6768450589935675
0.5885901982531833,-0.3118308782112958,0.4131990535433823,-0.14756966588629195,0.11371573699819941,0.06544228688387214,0.449391416220646,-0.13502602124091384,0.27397447136037817,-0.9359163177141566,0.6971000943124425,0.4940616025890126,0.14512674282568788,0.6512948371935285,0.18211793890315192,0.4520393086576926,-0.34934339000567344,-0.018638035422386526,0.09617400964463524,0.3623916503873369,0.8681623345659311,0.05988870218580809,0.046546692679022464,0.1556755387150217,-0.4731996026729209,-1.2259639951132144,0.1890917609917289,0.40575960235019987,0.5086340592287437,0.407031469320931,0.6253488228985005,0.041491285064763274,0.3448578560296205,-0.07534953114039446,-0.5234626695817336,-1.1403374364899324,-0.12342864933468663,-0.2534595662262639,-0.10851185361847468,0.2761881283868853,-0.15155266668275322,0.28745601129896653,-1.0139825659965263,0.3864885270083006,-0.8135974882269766,-0.49337738011296367,0.4957894117703607,0.3760258761374068,0.4866814695441561
1.2389025828605684,-0.3041914706475772,1.2794666502481606,-0.6868027640765243,0.602832012183007,0.6308970852778063,0.4871864850856783,0.1947938333341142,1.3309294070874647,-2.5629793321570262,2.123043255675602,-0.4328677638146698,-0.8910218985867286,2.1964315814999953,-0.0633053200457926,0.43511814367905816,-1.7918880044731036,-0.43954521939127494,-0.08909315251130448,-1.1781866748623087,0.9634438348137715,-1.0959450040470737,-0.5634465361422794,1.6721748366615201,-0.14849776953691285,-2.5000497742555043,0.027378323013469024,1.0723801818363339,0.407031469320931,1.0480715606052338,0.9057913189937963,0.2906441384483818,1.9750544398225791,0.19522110348302996,-0.7810242183668233,-1.9157963731853132,0.551440366560116,-0.1524009255117605,-0.8693412909394067,0.8957953313559781,-0.9685511605197018,0.3947726464273436,-3.393224091268101,1.143046121214386,-1.7894539651683892,-1.614773801497281,2.1194581246222146,-0.1600138216990196,1.566713488936253
1.1884788072299772,-0.38936741405913233,1.1471486050178443,-0.5719048623803513,0.4925336439872599,0.36889204849568324,0.685696453206932,-0.024230236305266304,1.0139778625686875,-2.180143156552413,1.7824784877455326,0.12453020792763533,-0.41727106122705215,1.786007577821526,0.006838660583890264,0.633950244918861,-1.2807792897129437,-0.189113080964077,0.031273855909500624,-0.4405744020304106,1.2752659693718367,-0.6364926537079678,-0.2918660644818283,1.1371710482076107,-0.4292808360020537,-2.408040651463036,0.10302291600853945,0.912017701755508,0.6253488228985005,0.9057913189937963,1.118462435505663,0.08951806645115018,1.379671637229786,0.09480031616020732,-0.7947347109639697,-1.9657467105413295,0.16093151861155947,-0.2592396559063696,-0.6112874808299268,0.8803582505991967,-0.7750433200690686,0.3686627283002478,-2.7922922606352745,0.9931079609072552,-1.6645915412419015,-1.2759414986917423,1.7027850398126634,0.22396899457013564,1.4519922008691346
0.296470213404233,-0.06428724465824504,0.24688301729381182,-0.12553418361003224,0.12297142103765506,0.2667861403302087,-0.048712315727888894,0.14120642630111466,0.37706232619800084,-0.7846816322050073,0.5495280395635054,-0.28747685187242916,-0.33188688955793993,0.5926783487190673,0.044257005475087936,-0.005512128643241434,-0.6238981815433011,-0.23953597239552465,-0.0649265770725162,-0.4899825585626335,0.09720013590566334,-0.3557944258082164,-0.2098753654415878,0.51980371942206,0.039605755235670385,-0.6132540917481695,0.060011799754752244,0.34093507183604543,0.041491285064763274,0.2906441384483818,0.08951806645115018,0.247448877431896,0.6738766190536079,0.03173608864357762,-0.2420236408048745,-0.4700573343502348,0.34263317131776033,-0.03768496260324475,-0.2773572498094504,0.08779956854733217,-0.2070686343068451,0.1674173304389329,-0.9036721661406822,0.3017732947604819,-0.4547425097748738,-0.5145579031651246,0.5359125797242162,-0.21342397035793872,0.2432532820258784
2.2593340510526363,-0.33413690053797956,2.503850926694241,-1.4979781539880261,1.2904045667330808,1.3832449046543709,0.5467071675289438,0.6530628011458769,2.8376520767319984,-5.0311823384964365,4.159485011730686,-1.6920876178656843,-2.319526177481092,4.399215019991639,-0.3476743634238484,0.4716266731750607,-3.899357888340038,-1.0157103068883735,-0.37189959898550695,-3.3278903696150284,1.2476208899043475,-2.6880309357571504,-1.4026759955854924,3.80771349713629,0.23340502193769203,-4.4525395779169425,-0.12858974470020548,2.137837348655261,0.3448578560296205,1.9750544398225791,1.379671637229786,0.6738766190536079,4.374572030909863,0.513400032559903,-1.2047094917014936,-3.2571963358084095,1.5035258986092135,-0.0976647016248248,-1.9689317000118258,1.8072819425544762,-2.1344635831217786,0.5687109741345359,-6.805313324389539,2.2737427068732448,-3.2934180196588896,-3.281747933406124,4.431871159217905,-0.8953251622480989,3.095894883604279
0.13124610000098513,0.0816857856197825,0.26943372109982194,-0.11187488322271413,0.21422212253898645,0.18386184566528438,0.05919950262616352,0.08524716442748151,0.34601369979552005,-0.4540019550161575,0.513944003525303,-0.3608233505307071,-0.315150080923785,0.5450664470854331,-0.1312304021101417,-0.09736052105247818,-0.474460318000273,-0.2020863610373942,-0.05759497572487481,-0.566778354610388,-0.030344902714292996,-0.45778207208423033,-0.14634827677406176,0.5195919106418514,0.20405024733799543,-0.3603105670702663,-0.16001763268559896,0.2566398827514007,-0.07534953114039446,0.19522110348302996,0.09480031616020732,0.03173608864357762,0.513400032559903,0.1798550057137924,-0.04763769960793551,-0.01824222812320557,0.25570127743876625,0.1378675817959443,-0.30892926864091397,0.26131850659657724,-0.3024901062902189,-0.030753824068180072,-0.8171536524556945,0.23227598923008363,-0.25489076718153436,-0.2239964885612179,0.5789462578795626,-0.12052889925270989,0.44379391830466214
-0.9498470787960099,0.3211666502135249,-0.7956066014921744,0.3094067962157278,-0.33818442763808065,-0.39947452081611035,-0.45631718104269614,-0.001936461800970144,-0.8099490930995562,1.9091390482509387,-1.4807872148968317,-0.08198184730565858,0.30355320812698716,-1.4835732104656894,-0.15412945591322172,-0.41653390487308434,1.1722707891847002,0.32715772828212636,-0.019290884781301126,0.36097195722152436,-0.9831929797078751,0.5216013360357186,0.21136342364480967,-0.8732646383253827,0.334975138717785,2.023976729008665,-0.11977001626725521,-0.8714835220713795,-0.5234626695817336,-0.7810242183668233,-0.7947347109639697,-0.2420236408048745,-1.2047094917014936,-0.04763769960793551,0.7999689562905357,1.6096359498031527,-0.3048195948845833,0.2154561944627263,0.5234281625340215,-0.5300949018371143,0.5364008491803097,-0.41791298578624547,2.2835582179885763,-0.7579397911037031,1.39433503179799,1.0430927685006857,-1.3148719250487686,-0.15697318524579074,-1.0038039187400187
-2.672053480907901,1.023342160603311,-2.3162668392107615,1.5996300224041822,-0.6027765706359505,-0.9854852555103557,-0.5127711970058005,-0.2726369058258073,-2.4109654320731404,4.977246116443655,-3.2767391364153418,0.12202499498757824,1.475137453092251,-3.440017981151695,-0.18375912915261788,-1.5231822115351719,2.9010091017542723,0.04833874359121841,-0.004163577230940858,1.3172871049674788,-2.390464053143573,1.2337126390279003,1.3007401021607032,-2.7116982250095134,1.0165067679413202,4.86842202953737,-0.5753492072540384,-1.5441170479032453,-1.1403374364899324,-1.9157963731853132,-1.9657467105413295,-0.4700573343502348,-3.2571963358084095,-0.01824222812320557,1.6096359498031527,5.032234462081467,-0.45740423703348587,0.876006507597779,1.1487217780986965,-1.4116650081904831,1.3585973079181843,-0.9323390628499335,5.515847382120821,-2.0861741820368853,3.456933164420052,3.4953974001526382,-3.3233830807355793,0.48659182766803694,-2.3341245989852406
0.4824241014179871,0.14679199071847943,0.509029421009755,-0.2026198819799777,0.38046329499430315,0.5463178438205759,-0.20646807806053352,0.28760926320723557,0.9190813121764502,-1.5485621178362623,1.167958658570136,-0.9857832636822127,-0.8915284977690416,1.2583533318851126,-0.11447579786768128,-0.24356657744668475,-1.425990850061874,-0.5357524830324918,-0.18746458476772468,-1.5259450700226271,-0.03947650692765129,-1.1034311833604429,-0.44743681180644235,1.2787944311058839,0.47098414296759866,-1.0527965425775114,-0.19677466292510645,0.8422263085247726,-0.12342864933468663,0.551440366560116,0.16093151861155947,0.34263317131776033,1.5035258986092135,0.25570127743876625,-0.3048195948845833,-0.45740423703348587,0.910236116799153,0.15700029111863092,-0.8239369547045831,0.4248480630913792,-0.6273877105132074,0.09371768087836341,-1.9426000633876608,0.6149702881453752,-0.8182812598972021,-0.7893261229610217,1.3439029110161669,-0.5091567247485651,0.7788305637723087
-0.33858087721154745,0.25261158995826555,-0.15409948714047791,0.199392066859513,0.10990498758019036,-0.009895051766344793,0.01738768958813592,0.024679633892393502,-0.12339742572053765,0.46812160420213317,-0.07172475284897292,-0.27984574058715683,-0.008405015169157993,-0.07375191008681191,-0.1499277471787039,-0.3638989121282813,0.06503879023164776,-0.21021823898980124,-0.061053552818894886,-0.2792611351129512,-0.43071874346845807,-0.2145525014701906,0.1255488274808,-0.017755600438492877,0.35860411953827687,0.4989257775967796,-0.25075138876938247,-0.017081844176210833,-0.2534595662262639,-0.1524009255117605,-0.2592396559063696,-0.03768496260324475,-0.0976647016248248,0.1378675817959443,0.2154561944627263,0.876006507597779,0.15700029111863092,0.2907121548934764,-0.0662384888581061,-0.004508946866723131,-0.05277438815613087,-0.1822773060180461,0.186745424514714,-0.16282971481160546,0.3404055074954425,0.40637591122177663,-0.043981526992932375,0.02526303671236772,0.018032304435904516
-0.911410799126461,-0.003841719356659223,-1.0135439958607173,0.515183807543922,-0.6330281447706944,-0.6116050771444278,-0.22405303033623236,-0.2566591929088832,-1.2582772067158987,2.242822080843949,-1.875800385048167,0.8825514777719091,1.0044704142157712,-1.9529960842321081,0.17633880768327645,-0.04707756546297939,1.8031797380373944,0.5618823711516528,0.18713935643741578,1.615259797848463,-0.48112147978874237,1.3081736159107777,0.5241349107187115,-1.6899848250582554,-0.2848620288785387,1.9095876964490575,0.18417951708277935,-1.1556940224578576,-0.10851185361847468,-0.8693412909394067,-0.6112874808299268,-0.2773572498094504,-1.9689317000118258,-0.30892926864091397,0.5234281625340215,1.1487217780986965,-0.8239369547045831,-0.0662384888581061,1.0385782259190295,-0.8595705483574715,0.9738556396550383,-0.17371925084871567,3.010085231553864,-1.0015264790330736,1.4206333684302768,1.21583810761432,-2.0230998871295656,0.33778433468227603,-1.4246681268014119
1.0636181345891702,-0.15863739663188953,1.3181137839592902,-0.7214887186187181,0.75351838854921,0.479193309704192,0.6994735597217789,0.15071966478891133,1.2093374637830148,-2.131696206834535,2.063331307672992,-0.4960133920406058,-0.8387791073823128,2.11947684220288,-0.2714969421560911,0.33245577361861545,-1.601105451542742,-0.41206273743742977,-0.12967842052591547,-1.2516603477999624,0.8263484735576688,-1.1836074440081792,-0.44409675123124465,1.6196987896400306,0.010990128489922153,-2.1748527268588735,-0.1539050444310911,0.991697103344937,0.2761881283868853,0.8957953313559781,0.8803582505991967,0.08779956854733217,1.8072819425544762,0.26131850659657724,-0.5300949018371143,-1.4116650081904831,0.4248480630913792,-0.004508946866723131,-0.8595705483574715,1.1065843016051327,-1.1313193465239568,0.17305692683373824,-3.255441763147656,1.069619582199635,-1.5782741226501504,-1.3099206470697737,2.150075988230935,-0.02833231981599676,1.7859240740265248
-1.1051803011256827,0.14068840160141713,-1.458405949023058,0.7989624043499002,-0.8591269915022623,-0.6343895931916367,-0.6665286493380375,-0.2723159028862726,-1.3626327205913877,2.3189494156193398,-2.313295160931628,0.7866832025196102,1.0862316800127774,-2.4077914098668947,0.3366622294170398,-0.22084216031205367,1.8928797560618729,0.5867523140522098,0.19502991150737123,1.6495526629091026,-0.6520295808642981,1.4706227194278356,0.5802178340285056,-1.927293211749758,-0.15485621371488711,2.2708831382114263,0.1908461776248196,-1.0537559491142647,-0.15155266668275322,-0.9685511605197018,-0.7750433200690686,-0.2070686343068451,-2.1344635831217786,-0.3024901062902189,0.5364008491803097,1.3585973079181843,-0.6273877105132074,-0.05277438815613087,0.9738556396550383,-1.1313193465239568,1.3258978836701183,-0.21386895748265514,3.6838022100325167,-1.1521645487869239,1.6600667458932161,1.5094930046131256,-2.439734084633281,0.21952650879244828,-1.936734436015955
