V1,V2,V3,V4,V5,V6,V7,V8,V9,V10,V11,V12,V13,V14,V15,V16,V17,V18,V19,V20,V21,V22,V23,V24,V25,V26,V27,V28,V29,V30,V31,V32,V33,V34,V35,V36,V37,V38,V39,V40,V41,V42,V43,V44
0.06560483354276841,-0.13074651497271494,0.15686330436613974,0.050781940061741866,-0.1202895301281466,-0.031145790479322526,0.1407178806771559,-0.024971947607330344,-0.02679168349198954,0.24635553008644998,-0.08969594286766404,0.17591616850796474,0.21277587321883643,0.020636192415957766,0.009297782682838405,-0.12398044336190811,0.08216432521699346,-0.06100468839408941,-0.07502166739543689,0.028369349304621226,0.40770942591987863,0.2120324877568915,0.14690046957943886,-0.020924258799220663,-0.0332877180839047,0.13564536460505155,0.13681381890808933,0.13554685345846906,0.25103039814898115,0.05181553397651969,-0.020234867783970507,0.20275037385677422,0.12160285491666828,0.042067298450876714,-0.16523190192998402,0.1444115279452747,-0.09441942100292826,0.12118586027772248,0.09386279250569997,-0.06251485072896824,0.2028671359540869,0.09861570969243368,-0.11317077150715492,0.04248709562524927
-0.13074651497271494,2.512772905262186,-1.3226516456657225,-1.0401952572187023,1.7936186941353018,-0.6601837396071956,-0.4616351311381072,-0.9215753221358813,-0.8877011842942327,-1.5681089796110175,0.07726068287377987,0.6424601998014234,1.139155445603232,-1.5680396204320575,-0.31248746885320783,1.9007081078014711,0.025764578867340713,-1.1521254447295401,1.431887997124989,-0.11528435063374975,0.3703905393348216,-0.6776320114354695,-0.05319326556862668,0.12600159748001885,-0.21178923815575287,-1.4198756202214482,0.8602020915738202,-1.5801147463395846,-1.795968794058075,0.5365486561195509,2.328142669038526,-1.9088087391101782,-2.3182967344397425,-0.3354848726495607,2.1734588007130733,-1.0511105499121756,-1.1076114682364355,-3.08796821486436,-0.8738694369422065,-1.1969118709009126,-1.9942467707898632,-0.04861951137030492,-0.37458701147634305,-0.7001664800574962
0.15686330436613974,-1.3226516456657225,1.5411161467709806,0.9613902711458333,-1.4060421776581644,0.37790894957319093,0.8479353956193337,0.3751147874734441,0.16183777837148103,2.0442430252331203,-0.684548806349968,0.14977837240834385,0.4981418793430344,0.6880137486110247,0.06904652483105023,-2.011448888175205,0.17852913566580308,-0.13856792443894725,-1.057827782318784,-0.8184498132619423,2.1239860624886955,0.919132133722373,0.6607623217112564,0.3737434790453351,0.4461780216620983,1.985438900020281,0.5207831261574747,1.6228509059753817,1.9713750225513265,0.2787638799498529,-1.565318815549797,2.3195054892861133,2.0820406397709186,0.5841658690549385,-1.807731454683063,1.8415217837929,0.31842052314134384,2.287286519892036,0.7396394326654872,0.06709004297315223,1.948292134898981,0.4334121462179886,-0.504451114207022,0.43653953178324034
0.050781940061741866,-1.0401952572187023,0.9613902711458333,0.7022802371979607,-0.9821799585447065,0.36213659558934697,0.4734239199936644,0.37305209353457575,0.23162790493635854,1.1701859484288384,-0.31238106312656416,-0.13978294618677084,-0.08160072116981852,0.626558920794679,0.09835423139010809,-1.3223397205162655,0.03938443072808969,0.18188389160526425,-0.7429881957304321,-0.433027334268588,0.8110786970128389,0.4315920918742462,0.2513924434937578,0.19791747918420924,0.2943485683910229,1.2153396241472647,0.048722068884341704,1.0554824143343167,1.208865304115612,0.045197368514263515,-1.2518105343019321,1.4510106773838822,1.4264640173134129,0.3386027602944648,-1.2637053849038258,1.0432826473046948,0.4375402471389609,1.6957888943414945,0.5004136824791443,0.3035297345286717,1.2505166214934207,0.16684122281274658,-0.09876999785320689,0.3146306871532348
-0.1202895301281466,1.7936186941353018,-1.4060421776581644,-0.9821799585447065,1.5459629747550154,-0.5157336725356075,-0.6197564626630014,-0.6307302501530803,-0.496384108672506,-1.7886960832055927,0.4072994176223094,0.2775196193155689,0.28371704665951347,-1.0647754116473687,-0.1606800547575303,1.9627912857672676,-0.0514714587047889,-0.4205650815137544,1.2148537877576993,0.47637448460231013,-0.921330096852956,-0.7437494621890558,-0.35316620013195843,-0.18822301431249594,-0.38429240898681166,-1.7401049994778506,0.11839661447864376,-1.579844590127102,-1.817794083376577,0.0900906059291153,1.9113080482153721,-2.1053776603876706,-2.1832829026377127,-0.47776868318392074,1.9142473990161952,-1.505819988687008,-0.7070996327774032,-2.6212924150066983,-0.7598228692600398,-0.5655577715462384,-1.9191821656471462,-0.23612563701854364,0.10450800461835437,-0.5419670707303178
-0.031145790479322526,-0.6601837396071956,0.37790894957319093,0.36213659558934697,-0.5157336725356075,0.27429788531974825,0.07897155388966379,0.320552994018602,0.27230650984402294,0.391747292771728,-0.012476640847274505,-0.36133194859212453,-0.4806989873912101,0.4726511553135814,0.0797713532305056,-0.6379354492611695,-0.08367119775617674,0.34504552800271,-0.42268049189972945,-0.14453582402420673,-0.27167810385802477,0.028577386165577617,-0.07444690190043242,0.060781569346902556,0.16907156208972152,0.4998293781474792,-0.3020599239295659,0.4801610706508893,0.44176272725913546,-0.14633317925418168,-0.8126305310485114,0.5920857573813469,0.7529776685379119,0.12252109075189233,-0.6264835666753911,0.3660583747060051,0.4532493927043176,0.9854904599946831,0.21871747562794797,0.39320399726704697,0.5464841874347136,-0.04770610514953691,0.16706403440009746,0.1852395375120695
0.1407178806771559,-0.4616351311381072,0.8479353956193337,0.4734239199936644,-0.6197564626630014,0.07897155388966379,0.6721063306131817,-0.012334386794572248,-0.16528896609214053,1.1025290659586422,-0.4531500358417394,0.5001915234621223,0.769124530975193,0.13484767671333023,0.041411724665528,-0.8899748236505098,0.24421872340302853,-0.30291690267587207,-0.3808182235323131,-0.3293820835379631,1.8160995319345983,0.6421763447396759,0.5357565068919806,0.16378277236990393,0.10734971379700221,0.9686438524681047,0.6382801979839227,0.7946852345520141,1.1432332115772543,0.35344459475075696,-0.4976426534271829,1.2084608455779584,0.8493966450847577,0.2939453749085942,-0.9001203392228225,0.8990477514073474,-0.16405181360151797,0.8817362392704976,0.4260859204908862,-0.2055862792989801,0.9866897846045446,0.35190725517817795,-0.4242335297268125,0.15303458887235133
-0.024971947607330344,-0.9215753221358813,0.3751147874734441,0.37305209353457575,-0.6307302501530803,0.320552994018602,-0.012334386794572248,0.4429282421509645,0.44095146418422226,0.4063344142777147,0.0631530277460864,-0.5326772337250535,-0.7662178960413589,0.6523190522469142,0.1046459377222549,-0.7011035601010841,-0.12923322230095755,0.5491640744424472,-0.5489510102371787,-0.043409093770481993,-0.6778474457370234,0.031737458766957986,-0.15592375375692213,-0.0046279608186213,0.16452456290865733,0.4825610927379445,-0.5471585839038194,0.5233897458060952,0.4533166991363671,-0.3064929429539021,-0.9889130287562327,0.5882743146339153,0.8846160372720647,0.10662419751065946,-0.7158828180376282,0.3356941549777553,0.6123561172415252,1.19768271853666,0.24378556796910092,0.5766378425497987,0.6182790112714651,-0.09935692276766156,0.27624612846331076,0.25790016836150337
-0.02679168349198954,-0.8877011842942327,0.16183777837148103,0.23162790493635854,-0.496384108672506,0.27230650984402294,-0.16528896609214053,0.44095146418422226,0.5029545626087332,0.15061882256957757,0.19182356117486882,-0.6009537849118037,-0.9444211259285775,0.6454335289031989,0.10867969925151877,-0.4386726042997857,-0.16012121034656193,0.6671732273633362,-0.4672511415175647,0.15782819856181404,-1.1378583050540465,-0.05225235767818849,-0.26668445386594436,-0.1107182734131751,0.07800998798266383,0.1829926664979967,-0.7305958570050354,0.317532391291789,0.2058528654857461,-0.4282373268091872,-0.8305041320813278,0.25954964422571275,0.6480064042741148,0.013983287173677252,-0.5121686022095332,0.058285015710314685,0.6195271051844148,0.9709999739991347,0.1612719225989157,0.6475671803046372,0.3960680194268326,-0.1698908190304557,0.38491407402598243,0.2397821639124719
0.24635553008644998,-1.5681089796110175,2.0442430252331203,1.1701859484288384,-1.7886960832055927,0.391747292771728,1.1025290659586422,0.4063344142777147,0.15061882256957757,2.8734689942188987,-1.0371795637484813,0.323661992025641,0.9750710776616424,0.749153105320436,0.0078038426174672285,-2.6858495701595015,0.2652272314696526,-0.46015526532457685,-1.3797041026351389,-1.2724743581818214,3.2372562035072177,1.3429684504196526,1.0194835833402847,0.5756777761684769,0.6445908919162814,2.73500607182859,0.9172793131162571,2.139579879648677,2.616428273096665,0.4635040081551726,-1.8660120375331017,3.1131254821760637,2.726052200308492,0.8276061638381199,-2.254775884918715,2.6600398336172475,0.2569388457647291,2.8434981492401072,0.9160742142338548,-0.16902128392720533,2.5788847249444165,0.6673820727738236,-0.9031557963004786,0.5591593401551835
-0.08969594286766404,0.07726068287377987,-0.684548806349968,-0.31238106312656416,0.4072994176223094,-0.012476640847274505,-0.4531500358417394,0.0631530277460864,0.19182356117486882,-1.0371795637484813,0.5200982587434284,-0.36888835296361516,-0.8538791677879006,0.0716212350963639,0.08361538248569764,0.8430249970574495,-0.15019849493343773,0.5795379906729783,0.294810732631806,0.6938505365991664,-1.8185167743323565,-0.5024423524758145,-0.5194156349826949,-0.3366301613016502,-0.2705132521685612,-1.0112070767080605,-0.7413352893461388,-0.6565033740312773,-0.8463585436117236,-0.40778456499796,0.2912389960220862,-1.070387117298878,-0.7398935408587226,-0.33329823602464337,0.5467464388453657,-1.0744229608912674,0.19638623158853147,-0.5774414789629131,-0.22662254472627735,0.4400865121293284,-0.7628002122321316,-0.3362608214527779,0.5800168620283128,-0.0836349679067329
0.17591616850796474,0.6424601998014234,0.14977837240834385,-0.13978294618677084,0.2775196193155689,-0.36133194859212453,0.5001915234621223,-0.5326772337250535,-0.6009537849118037,0.323661992025641,-0.36888835296361516,1.0520276273931164,1.4528066056593665,-0.6348498639753835,-0.07616974530860837,0.25703454448135704,0.36404831199118143,-0.7972623422013929,0.3576957188851954,-0.014355363454072439,2.0510200491888293,0.5168347118295615,0.5905072073974239,0.02968236087988645,-0.20115640238385532,0.02857646219334706,1.0514249066922643,-0.07188688544288764,0.31936139238633937,0.5565601494025434,0.8624060268920523,0.11530805385331082,-0.47890388254064187,0.05145843400920797,0.1830070294231991,0.16216572561694245,-0.8787953938251397,-0.798347452427486,0.04490606477695351,-0.7936485811171694,-0.003401168596510994,0.38720212449916586,-0.6171234847180269,-0.16681665115475272
0.21277587321883643,1.139155445603232,0.4981418793430344,-0.08160072116981852,0.28371704665951347,-0.4806989873912101,0.769124530975193,-0.7662178960413589,-0.9444211259285775,0.9750710776616424,-0.8538791677879006,1.4528066056593665,2.4589242291035576,-1.0408055384809523,-0.24515891908289142,-0.17615492743900024,0.47274021428009455,-1.6190573856393442,0.36527297490677657,-0.7967210511267251,3.7850051945328733,0.8052656351422931,1.0479191308013733,0.42171012893337484,0.06810569136430573,0.7297786215028669,1.9156258923291898,0.21609317608495335,0.686190502151911,1.0457706951543797,1.0560913753095913,0.7255180445770512,-0.23323165396431336,0.31385226024179746,0.1704750298425158,1.0217787282632236,-1.2575784512082517,-0.8993580303387823,0.036099841922756726,-1.478024295876273,0.27599965312393704,0.6777808274273097,-1.2605099682044099,-0.23698386671174784
0.020636192415957766,-1.5680396204320575,0.6880137486110247,0.626558920794679,-1.0647754116473687,0.4726511553135814,0.13484767671333023,0.6523190522469142,0.6454335289031989,0.749153105320436,0.0716212350963639,-0.6348498639753835,-1.0408055384809523,1.0476310249312186,0.20611497557320455,-1.1036922748649605,-0.1098366707446655,0.8788078856269673,-0.8767223656928188,0.09806602353788255,-0.7849369888845551,0.22010143217545156,-0.14366389761399598,-0.08997389200810027,0.1574310327549718,0.7548436293312462,-0.770674647881259,0.8878775859346626,0.9054225720653651,-0.44618026575154035,-1.5295329504213346,1.0134682985022871,1.3965894456031553,0.16277203870042137,-1.2641905366452812,0.49776558253067654,0.8556583564027225,1.9266029747864775,0.47957834914057185,0.8992312780531082,1.095978277703044,-0.08535928199803888,0.4006854241269962,0.4282316174111147
0.009297782682838405,-0.31248746885320783,0.06904652483105023,0.09835423139010809,-0.1606800547575303,0.0797713532305056,0.041411724665528,0.1046459377222549,0.10867969925151877,0.0078038426174672285,0.08361538248569764,-0.07616974530860837,-0.24515891908289142,0.20611497557320455,0.07596981890018613,-0.06862091262813186,2.0528374227462548e-4,0.25832742597329633,-0.10836017185264284,0.19968816348590632,-0.28510864663403107,0.021335795092019175,-0.0660738926955078,-0.10135414692437081,-0.059720156771462786,-0.021126701228701042,-0.2055796153819879,0.09128280777103115,0.12255367892840478,-0.1149132055542382,-0.23053183864106874,0.06313982914003514,0.1370127517775261,-0.025764752471919294,-0.21712061582161363,-0.10392108131635774,0.13821814767757215,0.2812073685088851,0.10042632314841479,0.23388997888918525,0.13175047248697014,-0.040038120625349616,0.15960119924474706,0.06752603164803435
-0.12398044336190811,1.9007081078014711,-2.011448888175205,-1.3223397205162655,1.9627912857672676,-0.6379354492611695,-0.8899748236505098,-0.7011035601010841,-0.4386726042997857,-2.6858495701595015,0.8430249970574495,0.25703454448135704,-0.17615492743900024,-1.1036922748649605,-0.06862091262813186,2.878899893662147,-0.06353238455488984,0.017954078061259746,1.5666696405833098,1.309572061417756,-2.174809548517622,-1.0097205486730345,-0.6834395417615167,-0.5928273552721576,-0.7772064187781821,-2.7761136643954307,-0.37309224150146364,-2.2246908627106126,-2.4824729497948805,-0.20552756948535633,2.417443792616848,-3.1233601997312292,-3.031552216132856,-0.8130762679489355,2.424161611726132,-2.5829215908175027,-0.7673117036396827,-3.350011978279054,-0.9184736967092001,-0.28864916510472405,-2.608554012012947,-0.4462617975893105,0.5352627554934528,-0.6369296605393122
0.08216432521699346,0.025764578867340713,0.17852913566580308,0.03938443072808969,-0.0514714587047889,-0.08367119775617674,0.24421872340302853,-0.12923322230095755,-0.16012121034656193,0.2652272314696526,-0.15019849493343773,0.36404831199118143,0.47274021428009455,-0.1098366707446655,2.0528374227462548e-4,-0.06353238455488984,0.14477779242428798,-0.2070108625266905,0.015551269842075345,0.015321097130489255,0.7780513129663722,0.2662544594833083,0.2380875215068146,-0.003978346566152909,-0.06617764350953736,0.1325136703481824,0.33796873950355943,0.11114080762157312,0.2899533988085002,0.17188976485935212,0.13376016147099368,0.21406603509496727,0.013593230057665672,0.04800766322024919,-0.1255054441691704,0.14931496634929564,-0.250752922265684,-0.0398618068610504,0.09948372581769083,-0.20303412849332445,0.177162728618839,0.15719420547308735,-0.2065172913354591,-0.0034936783222563176
-0.06100468839408941,-1.1521254447295401,-0.13856792443894725,0.18188389160526425,-0.4205650815137544,0.34504552800271,-0.30291690267587207,0.5491640744424472,0.6671732273633362,-0.46015526532457685,0.5795379906729783,-0.7972623422013929,-1.6190573856393442,0.8788078856269673,0.25832742597329633,0.017954078061259746,-0.2070108625266905,1.2723948717350573,-0.3673803370682088,0.8363146405341496,-2.3672584992603443,-0.30293894549871886,-0.6125279698945421,-0.43592321677343165,-0.1884526567181488,-0.45800589789308144,-1.3161042873881732,0.02733748147979167,-0.11037422826789922,-0.7410045877266893,-0.8696668273538102,-0.2884374421524181,0.3104738854831634,-0.21928889110944766,-0.45748200248483073,-0.7341653682116654,0.823625086571887,0.8997072570143541,0.1698030507677849,1.1394392586666529,0.09502587344352838,-0.38989765340815097,0.8967561891287048,0.24532017088735247
-0.07502166739543689,1.431887997124989,-1.057827782318784,-0.7429881957304321,1.2148537877576993,-0.42268049189972945,-0.3808182235323131,-0.5489510102371787,-0.4672511415175647,-1.3797041026351389,0.294810732631806,0.3576957188851954,0.36527297490677657,-0.8767223656928188,-0.10836017185264284,1.5666696405833098,0.015551269842075345,-0.3673803370682088,0.993893672473097,0.43214198024631073,-0.49503768075055,-0.5271136230103389,-0.21837868691161924,-0.16816259034763784,-0.3514656245344485,-1.3747502189720118,0.19807006277774983,-1.228551924709054,-1.3452903724584615,0.13569099825680428,1.553861413725334,-1.616418952672173,-1.758811964081666,-0.3785761514289936,1.4573910394817797,-1.210348003085673,-0.6419856498288613,-2.095786370478948,-0.5536857758594396,-0.4859094373685516,-1.4789956599913907,-0.14633020901053903,0.054974116996610894,-0.4410816790560503
0.028369349304621226,-0.11528435063374975,-0.8184498132619423,-0.433027334268588,0.47637448460231013,-0.14453582402420673,-0.3293820835379631,-0.043409093770481993,0.15782819856181404,-1.2724743581818214,0.6938505365991664,-0.014355363454072439,-0.7967210511267251,0.09806602353788255,0.19968816348590632,1.309572061417756,0.015321097130489255,0.8363146405341496,0.43214198024631073,1.4389885575613608,-1.9683938343897331,-0.3045496920796649,-0.4954215602225307,-0.7053819326590631,-0.6616048402306483,-1.5545344164099884,-0.8489060820306977,-0.8713690778755491,-0.8316486307463247,-0.5173712536263813,0.6055498802470186,-1.4385202566517958,-1.1572046574142076,-0.516635214193833,0.5611701653681759,-1.6720282636400223,-0.03168514977120742,-0.8690556595491891,-0.13332183194491792,0.5685509480223775,-0.8817134135831771,-0.3115848534170045,0.7304481671009214,-0.07936191494452151
0.40770942591987863,0.3703905393348216,2.1239860624886955,0.8110786970128389,-0.921330096852956,-0.27167810385802477,1.8160995319345983,-0.6778474457370234,-1.1378583050540465,3.2372562035072177,-1.8185167743323565,2.0510200491888293,3.7850051945328733,-0.7849369888845551,-0.28510864663403107,-2.174809548517622,0.7780513129663722,-2.3672584992603443,-0.49503768075055,-1.9683938343897331,7.128131388832988,1.8912657381125928,2.022411105525042,0.9854611354146001,0.5724049214900951,2.916872527736214,3.1045916951723185,1.8280934744113277,2.7482860635940782,1.7058559257215493,-0.07256159569880348,3.19247031738717,1.6726856247223358,0.9956354734505294,-1.4464636543643732,3.1802884317415665,-1.370234735225962,0.9433652696983833,0.7185663645073654,-1.9617847901557333,2.1896016913373697,1.312314094973427,-2.1919770313387774,0.0749800443277751
0.2120324877568915,-0.6776320114354695,0.919132133722373,0.4315920918742462,-0.7437494621890558,0.028577386165577617,0.6421763447396759,0.031737458766957986,-0.05225235767818849,1.3429684504196526,-0.5024423524758145,0.5168347118295615,0.8052656351422931,0.22010143217545156,0.021335795092019175,-1.0097205486730345,0.2662544594833083,-0.30293894549871886,-0.5271136230103389,-0.3045496920796649,1.8912657381125928,0.8507947102119381,0.6269665167310983,0.12277904366077515,0.10384537306042861,1.066355240059281,0.6084669622748823,0.8927458048992958,1.285683535873906,0.27547825234441753,-0.5311537232704885,1.3172617465610055,1.0051900855469098,0.32814146110098824,-0.9777240941689971,1.0634290485354712,-0.17434509061498846,1.0169775937533998,0.4584359731826895,-0.2204603966610981,1.1559787737730534,0.4144672582564242,-0.5252216066905715,0.23620710116856686
0.14690046957943886,-0.05319326556862668,0.6607623217112564,0.2513924434937578,-0.35316620013195843,-0.07444690190043242,0.5357565068919806,-0.15592375375692213,-0.26668445386594436,1.0194835833402847,-0.5194156349826949,0.5905072073974239,1.0479191308013733,-0.14366389761399598,-0.0660738926955078,-0.6834395417615167,0.2380875215068146,-0.6125279698945421,-0.21837868691161924,-0.4954215602225307,2.022411105525042,0.6269665167310983,0.6015739835870028,0.23910265744678688,0.14100437780265654,0.8655433073429107,0.8369466201953518,0.5859096400467949,0.8841042013481881,0.43906455182907733,-0.09108386806768119,0.9783482918704045,0.5678697383052201,0.2899600598396475,-0.5098462254833187,0.939283385802009,-0.36789874892575125,0.39347412969958656,0.25171899052081453,-0.5084383941207249,0.7284442127482663,0.3923218122025526,-0.6228698440383237,0.06732583496259228
-0.020924258799220663,0.12600159748001885,0.3737434790453351,0.19791747918420924,-0.18822301431249594,0.060781569346902556,0.16378277236990393,-0.0046279608186213,-0.1107182734131751,0.5756777761684769,-0.3366301613016502,0.02968236087988645,0.42171012893337484,-0.08997389200810027,-0.10135414692437081,-0.5928273552721576,-0.003978346566152909,-0.43592321677343165,-0.16816259034763784,-0.7053819326590631,0.9854611354146001,0.12277904366077515,0.23910265744678688,0.35071550719414524,0.3166021828984737,0.725809098877449,0.44426418334124806,0.38851139012885894,0.3676147635015219,0.27611265598767515,-0.2440795889956961,0.6619028660194383,0.5050383475384184,0.24354692741056733,-0.22980458288770603,0.7834928046908595,-0.012560484457277558,0.3513575875356605,0.04940021373253424,-0.30463851889008853,0.3813467870793531,0.1495428132296872,-0.3592687223768277,0.01682567476428181
-0.0332877180839047,-0.21178923815575287,0.4461780216620983,0.2943485683910229,-0.38429240898681166,0.16907156208972152,0.10734971379700221,0.16452456290865733,0.07800998798266383,0.6445908919162814,-0.2705132521685612,-0.20115640238385532,0.06810569136430573,0.1574310327549718,-0.059720156771462786,-0.7772064187781821,-0.06617764350953736,-0.1884526567181488,-0.3514656245344485,-0.6616048402306483,0.5724049214900951,0.10384537306042861,0.14100437780265654,0.3166021828984737,0.35454809839762547,0.8149644375989763,0.17457479586767485,0.5229143787928966,0.4566905937753734,0.11990289890903752,-0.5734756040689442,0.7797938000729348,0.7682303736065146,0.2553318677678024,-0.43543838839021504,0.8228433374128765,0.2265734364856231,0.7356932379055174,0.11327699656936713,-0.06064340521924395,0.5435930878375027,0.0870215268579434,-0.21762272284220005,0.10882000432503956
0.13564536460505155,-1.4198756202214482,1.985438900020281,1.2153396241472647,-1.7401049994778506,0.4998293781474792,0.9686438524681047,0.4825610927379445,0.1829926664979967,2.73500607182859,-1.0112070767080605,0.02857646219334706,0.7297786215028669,0.7548436293312462,-0.021126701228701042,-2.7761136643954307,0.1325136703481824,-0.45800589789308144,-1.3747502189720118,-1.5545344164099884,2.916872527736214,1.066355240059281,0.8655433073429107,0.725809098877449,0.8149644375989763,2.832970800320332,0.8193616353253848,2.1317949773898706,2.4252381763268422,0.46151575287970426,-2.0303722043443497,3.1072453381865612,2.80834299877375,0.8587598842575367,-2.1760721248180084,2.7348658557029277,0.4535002617420017,2.9120904278048094,0.8254935591576492,-0.11441342104218304,2.4736082562824415,0.5614708910379059,-0.8202529931757453,0.5240542218400983
0.13681381890808933,0.8602020915738202,0.5207831261574747,0.048722068884341704,0.11839661447864376,-0.3020599239295659,0.6382801979839227,-0.5471585839038194,-0.7305958570050354,0.9172793131162571,-0.7413352893461388,1.0514249066922643,1.9156258923291898,-0.770674647881259,-0.2055796153819879,-0.37309224150146364,0.33796873950355943,-1.3161042873881732,0.19807006277774983,-0.8489060820306977,3.1045916951723185,0.6084669622748823,0.8369466201953518,0.44426418334124806,0.17457479586767485,0.8193616353253848,1.5492768380726194,0.3217288222488505,0.65287969187609,0.8687357902910311,0.6294577059750647,0.8022395311813021,0.04449252451143898,0.32196400270561687,0.0016394724815558138,1.0330200571768815,-0.8919612086804765,-0.4761514829554009,0.05926161095865038,-1.1605965399240172,0.3588068860430932,0.5398946343307058,-1.0258524264312454,-0.16573064284926953
0.13554685345846906,-1.5801147463395846,1.6228509059753817,1.0554824143343167,-1.579844590127102,0.4801610706508893,0.7946852345520141,0.5233897458060952,0.317532391291789,2.139579879648677,-0.6565033740312773,-0.07188688544288764,0.21609317608495335,0.8878775859346626,0.09128280777103115,-2.2246908627106126,0.11114080762157312,0.02733748147979167,-1.228551924709054,-0.8713690778755491,1.8280934744113277,0.8927458048992958,0.5859096400467949,0.38851139012885894,0.5229143787928966,2.1317949773898706,0.3217288222488505,1.7687204271641233,2.0545888465451774,0.1681147818562895,-1.8732631123194319,2.4704310962933476,2.3550627654979213,0.6188324265510157,-1.9852121631672701,1.9525608678717072,0.5344949690345884,2.640564163785011,0.7829484617908248,0.24686762940567936,2.1055520104173304,0.3850683627635042,-0.41379171335043585,0.5132741691864178
0.25103039814898115,-1.795968794058075,1.9713750225513265,1.208865304115612,-1.817794083376577,0.44176272725913546,1.1432332115772543,0.4533166991363671,0.2058528654857461,2.616428273096665,-0.8463585436117236,0.31936139238633937,0.686190502151911,0.9054225720653651,0.12255367892840478,-2.4824729497948805,0.2899533988085002,-0.11037422826789922,-1.3452903724584615,-0.8316486307463247,2.7482860635940782,1.285683535873906,0.8841042013481881,0.3676147635015219,0.4566905937753734,2.4252381763268422,0.65287969187609,2.0545888465451774,2.588744817035358,0.32714333356994363,-1.9318827195160495,2.9169509800500433,2.5903019943600207,0.707401339357031,-2.35435043431667,2.2309875363877407,0.333235795979859,2.891566052140218,0.9946374039768059,0.1158325883765331,2.517219738889548,0.5833674356991713,-0.6272542621678814,0.5766259971902135
0.05181553397651969,0.5365486561195509,0.2787638799498529,0.045197368514263515,0.0900906059291153,-0.14633317925418168,0.35344459475075696,-0.3064929429539021,-0.4282373268091872,0.4635040081551726,-0.40778456499796,0.5565601494025434,1.0457706951543797,-0.44618026575154035,-0.1149132055542382,-0.20552756948535633,0.17188976485935212,-0.7410045877266893,0.13569099825680428,-0.5173712536263813,1.7058559257215493,0.27547825234441753,0.43906455182907733,0.27611265598767515,0.11990289890903752,0.46151575287970426,0.8687357902910311,0.1681147818562895,0.32714333356994363,0.5052648952312614,0.3359061887047839,0.4397204005123327,0.012662779137437607,0.18061853277794154,0.016540257465827206,0.5662256710083609,-0.476412373647782,-0.2760866425699795,0.020039306436043396,-0.6441060132394768,0.16658235142302155,0.2820824542137161,-0.5504617410658618,-0.11120849417982549
-0.020234867783970507,2.328142669038526,-1.565318815549797,-1.2518105343019321,1.9113080482153721,-0.8126305310485114,-0.4976426534271829,-0.9889130287562327,-0.8305041320813278,-1.8660120375331017,0.2912389960220862,0.8624060268920523,1.0560913753095913,-1.5295329504213346,-0.23053183864106874,2.417443792616848,0.13376016147099368,-0.8696668273538102,1.553861413725334,0.6055498802470186,-0.07256159569880348,-0.5311537232704885,-0.09108386806768119,-0.2440795889956961,-0.5734756040689442,-2.0303722043443497,0.6294577059750647,-1.8732631123194319,-1.9318827195160495,0.3359061887047839,2.6793343937411094,-2.4055606220234806,-2.7685295634378564,-0.5356185591720768,2.3185754505860157,-1.6618802623573152,-1.276460539819948,-3.4416851583940327,-0.8566912695133831,-1.0525105699905464,-2.2041746197715155,-0.06429691677938897,-0.20986564372771363,-0.6857153812394746
0.20275037385677422,-1.9088087391101782,2.3195054892861133,1.4510106773838822,-2.1053776603876706,0.5920857573813469,1.2084608455779584,0.5882743146339153,0.25954964422571275,3.1131254821760637,-1.070387117298878,0.11530805385331082,0.7255180445770512,1.0134682985022871,0.06313982914003514,-3.1233601997312292,0.21406603509496727,-0.2884374421524181,-1.616418952672173,-1.4385202566517958,3.19247031738717,1.3172617465610055,0.9783482918704045,0.6619028660194383,0.7797938000729348,3.1072453381865612,0.8022395311813021,2.4704310962933476,2.9169509800500433,0.4397204005123327,-2.4055606220234806,3.5466429624133284,3.2145101555583913,0.9228399776585252,-2.6768037605497805,2.9209808559798938,0.5376687729123064,3.47460194174279,1.0632970642367516,0.053282687341910856,2.927822602308645,0.6399778747018235,-0.8039173511307424,0.6505443370034967
0.12160285491666828,-2.3182967344397425,2.0820406397709186,1.4264640173134129,-2.1832829026377127,0.7529776685379119,0.8493966450847577,0.8846160372720647,0.6480064042741148,2.726052200308492,-0.7398935408587226,-0.47890388254064187,-0.23323165396431336,1.3965894456031553,0.1370127517775261,-3.031552216132856,0.013593230057665672,0.3104738854831634,-1.758811964081666,-1.1572046574142076,1.6726856247223358,1.0051900855469098,0.5678697383052201,0.5050383475384184,0.7682303736065146,2.80834299877375,0.04449252451143898,2.3550627654979213,2.5903019943600207,0.012662779137437607,-2.7685295634378564,3.2145101555583913,3.2837168845955405,0.8010272607913632,-2.6689529090389694,2.5401935403481786,1.0179163316116782,3.764111654646697,1.008712965715899,0.5976875730596519,2.7806132945083086,0.3734472759691669,-0.3414094887956037,0.7423710669859527
0.042067298450876714,-0.3354848726495607,0.5841658690549385,0.3386027602944648,-0.47776868318392074,0.12252109075189233,0.2939453749085942,0.10662419751065946,0.013983287173677252,0.8276061638381199,-0.33329823602464337,0.05145843400920797,0.31385226024179746,0.16277203870042137,-0.025764752471919294,-0.8130762679489355,0.04800766322024919,-0.21928889110944766,-0.3785761514289936,-0.516635214193833,0.9956354734505294,0.32814146110098824,0.2899600598396475,0.24354692741056733,0.2553318677678024,0.8587598842575367,0.32196400270561687,0.6188324265510157,0.707401339357031,0.18061853277794154,-0.5356185591720768,0.9228399776585252,0.8010272607913632,0.2667858089900467,-0.5979958324384547,0.8518489016736595,0.08246364211438299,0.7893298114211365,0.22486864859246927,-0.10967649993759743,0.7124172333209078,0.1876103904107994,-0.3003421239771899,0.1372278303662242
-0.16523190192998402,2.1734588007130733,-1.807731454683063,-1.2637053849038258,1.9142473990161952,-0.6264835666753911,-0.9001203392228225,-0.7158828180376282,-0.5121686022095332,-2.254775884918715,0.5467464388453657,0.1830070294231991,0.1704750298425158,-1.2641905366452812,-0.21712061582161363,2.424161611726132,-0.1255054441691704,-0.45748200248483073,1.4573910394817797,0.5611701653681759,-1.4464636543643732,-0.9777240941689971,-0.5098462254833187,-0.22980458288770603,-0.43543838839021504,-2.1760721248180084,0.0016394724815558138,-1.9852121631672701,-2.35435043431667,0.016540257465827206,2.3185754505860157,-2.6768037605497805,-2.6689529090389694,-0.5979958324384547,2.431615902527815,-1.8604292615417444,-0.7775101706659524,-3.2140338721198063,-0.9902834724105569,-0.6395144737217967,-2.4174940287763906,-0.3411475834161026,0.17022678197755178,-0.6485982196790507
0.1444115279452747,-1.0511105499121756,1.8415217837929,1.0432826473046948,-1.505819988687008,0.3660583747060051,0.8990477514073474,0.3356941549777553,0.058285015710314685,2.6600398336172475,-1.0744229608912674,0.16216572561694245,1.0217787282632236,0.49776558253067654,-0.10392108131635774,-2.5829215908175027,0.14931496634929564,-0.7341653682116654,-1.210348003085673,-1.6720282636400223,3.1802884317415665,1.0634290485354712,0.939283385802009,0.7834928046908595,0.8228433374128765,2.7348658557029277,1.0330200571768815,1.9525608678717072,2.2309875363877407,0.5662256710083609,-1.6618802623573152,2.9209808559798938,2.5401935403481786,0.8518489016736595,-1.8604292615417444,2.747188374469196,0.2469336888649978,2.4756184727768593,0.6946840385261404,-0.3871392799184968,2.256371197110916,0.607889453791292,-0.9926881974684337,0.43964975484223334
-0.09441942100292826,-1.1076114682364355,0.31842052314134384,0.4375402471389609,-0.7070996327774032,0.4532493927043176,-0.16405181360151797,0.6123561172415252,0.6195271051844148,0.2569388457647291,0.19638623158853147,-0.8787953938251397,-1.2575784512082517,0.8556583564027225,0.13821814767757215,-0.7673117036396827,-0.250752922265684,0.823625086571887,-0.6419856498288613,-0.03168514977120742,-1.370234735225962,-0.17434509061498846,-0.36789874892575125,-0.012560484457277558,0.2265734364856231,0.4535002617420017,-0.8919612086804765,0.5344949690345884,0.333235795979859,-0.476412373647782,-1.276460539819948,0.5376687729123064,1.0179163316116782,0.08246364211438299,-0.7775101706659524,0.2469336888649978,0.9094019018544869,1.4507089256617582,0.2312701967555567,0.8502160302665437,0.597690529191762,-0.23768541483240244,0.5052073202460365,0.2999843100242281
0.12118586027772248,-3.08796821486436,2.287286519892036,1.6957888943414945,-2.6212924150066983,0.9854904599946831,0.8817362392704976,1.19768271853666,0.9709999739991347,2.8434981492401072,-0.5774414789629131,-0.798347452427486,-0.8993580303387823,1.9266029747864775,0.2812073685088851,-3.350011978279054,-0.0398618068610504,0.8997072570143541,-2.095786370478948,-0.8690556595491891,0.9433652696983833,1.0169775937533998,0.39347412969958656,0.3513575875356605,0.7356932379055174,2.9120904278048094,-0.4761514829554009,2.640564163785011,2.891566052140218,-0.2760866425699795,-3.4416851583940327,3.47460194174279,3.764111654646697,0.7893298114211365,-3.2140338721198063,2.4756184727768593,1.4507089256617582,4.57744190448338,1.232005629122523,1.154946839524722,3.159465805670732,0.2654510490749435,0.011557565209355393,0.9267141680318759
0.09386279250569997,-0.8738694369422065,0.7396394326654872,0.5004136824791443,-0.7598228692600398,0.21871747562794797,0.4260859204908862,0.24378556796910092,0.1612719225989157,0.9160742142338548,-0.22662254472627735,0.04490606477695351,0.036099841922756726,0.47957834914057185,0.10042632314841479,-0.9184736967092001,0.09948372581769083,0.1698030507677849,-0.5536857758594396,-0.13332183194491792,0.7185663645073654,0.4584359731826895,0.25171899052081453,0.04940021373253424,0.11327699656936713,0.8254935591576492,0.05926161095865038,0.7829484617908248,0.9946374039768059,0.020039306436043396,-0.8566912695133831,1.0632970642367516,1.008712965715899,0.22486864859246927,-0.9902834724105569,0.6946840385261404,0.2312701967555567,1.232005629122523,0.4264016785975959,0.22798445686810961,0.9783637397421928,0.1688549602571657,-0.08865422584554937,0.2541503871019701
-0.06251485072896824,-1.1969118709009126,0.06709004297315223,0.3035297345286717,-0.5655577715462384,0.39320399726704697,-0.2055862792989801,0.5766378425497987,0.6475671803046372,-0.16902128392720533,0.4400865121293284,-0.7936485811171694,-1.478024295876273,0.8992312780531082,0.23388997888918525,-0.28864916510472405,-0.20303412849332445,1.1394392586666529,-0.4859094373685516,0.5685509480223775,-1.9617847901557333,-0.2204603966610981,-0.5084383941207249,-0.30463851889008853,-0.06064340521924395,-0.11441342104218304,-1.1605965399240172,0.24686762940567936,0.1158325883765331,-0.6441060132394768,-1.0525105699905464,0.053282687341910856,0.5976875730596519,-0.10967649993759743,-0.6395144737217967,-0.3871392799184968,0.8502160302665437,1.154946839524722,0.22798445686810961,1.0613217377294888,0.3276814101931605,-0.32431427352415654,0.7662443823174756,0.27750139487080006
0.2028671359540869,-1.9942467707898632,1.948292134898981,1.2505166214934207,-1.9191821656471462,0.5464841874347136,0.9866897846045446,0.6182790112714651,0.3960680194268326,2.5788847249444165,-0.7628002122321316,-0.003401168596510994,0.27599965312393704,1.095978277703044,0.13175047248697014,-2.608554012012947,0.177162728618839,0.09502587344352838,-1.4789956599913907,-0.8817134135831771,2.1896016913373697,1.1559787737730534,0.7284442127482663,0.3813467870793531,0.5435930878375027,2.4736082562824415,0.3588068860430932,2.1055520104173304,2.517219738889548,0.16658235142302155,-2.2041746197715155,2.927822602308645,2.7806132945083086,0.7124172333209078,-2.4174940287763906,2.256371197110916,0.597690529191762,3.159465805670732,0.9783637397421928,0.3276814101931605,2.5528227876105225,0.4812399500341369,-0.47955267453401723,0.6361077154803865
0.09861570969243368,-0.04861951137030492,0.4334121462179886,0.16684122281274658,-0.23612563701854364,-0.04770610514953691,0.35190725517817795,-0.09935692276766156,-0.1698908190304557,0.6673820727738236,-0.3362608214527779,0.38720212449916586,0.6777808274273097,-0.08535928199803888,-0.040038120625349616,-0.4462617975893105,0.15719420547308735,-0.38989765340815097,-0.14633020901053903,-0.3115848534170045,1.312314094973427,0.4144672582564242,0.3923218122025526,0.1495428132296872,0.0870215268579434,0.5614708910379059,0.5398946343307058,0.3850683627635042,0.5833674356991713,0.2820824542137161,-0.06429691677938897,0.6399778747018235,0.3734472759691669,0.1876103904107994,-0.3411475834161026,0.607889453791292,-0.23768541483240244,0.2654510490749435,0.1688549602571657,-0.32431427352415654,0.4812399500341369,0.2569198236173513,-0.4022282002372879,0.047156146151069785
-0.11317077150715492,-0.37458701147634305,-0.504451114207022,-0.09876999785320689,0.10450800461835437,0.16706403440009746,-0.4242335297268125,0.27624612846331076,0.38491407402598243,-0.9031557963004786,0.5800168620283128,-0.6171234847180269,-1.2605099682044099,0.4006854241269962,0.15960119924474706,0.5352627554934528,-0.2065172913354591,0.8967561891287048,0.054974116996610894,0.7304481671009214,-2.1919770313387774,-0.5252216066905715,-0.6228698440383237,-0.3592687223768277,-0.21762272284220005,-0.8202529931757453,-1.0258524264312454,-0.41379171335043585,-0.6272542621678814,-0.5504617410658618,-0.20986564372771363,-0.8039173511307424,-0.3414094887956037,-0.3003421239771899,0.17022678197755178,-0.9926881974684337,0.5052073202460365,0.011557565209355393,-0.08865422584554937,0.7662443823174756,-0.47955267453401723,-0.4022282002372879,0.7721529977371341,0.03048684484071441
0.04248709562524927,-0.7001664800574962,0.43653953178324034,0.3146306871532348,-0.5419670707303178,0.1852395375120695,0.15303458887235133,0.25790016836150337,0.2397821639124719,0.5591593401551835,-0.0836349679067329,-0.16681665115475272,-0.23698386671174784,0.4282316174111147,0.06752603164803435,-0.6369296605393122,-0.0034936783222563176,0.24532017088735247,-0.4410816790560503,-0.07936191494452151,0.0749800443277751,0.23620710116856686,0.06732583496259228,0.01682567476428181,0.10882000432503956,0.5240542218400983,-0.16573064284926953,0.5132741691864178,0.5766259971902135,-0.11120849417982549,-0.6857153812394746,0.6505443370034967,0.7423710669859527,0.1372278303662242,-0.6485982196790507,0.43964975484223334,0.2999843100242281,0.9267141680318759,0.2541503871019701,0.27750139487080006,0.6361077154803865,0.047156146151069785,0.03048684484071441,0.20678221439459135
