V1,V2,V3,V4,V5,V6,V7,V8,V9,V10,V11,V12,V13,V14,V15,V16,V17,V18,V19,V20,V21,V22,V23,V24,V25,V26,V27,V28,V29,V30,V31,V32,V33,V34,V35,V36,V37,V38,V39,V40,V41,V42,V43,V44
37.46127751993479,161.5247682533647,-207.39032576401004,-276.22678632509616,102.13765519463182,-119.28057778093235,109.43190146712696,47.05281515292271,-50.19457665797034,95.36902299552766,-27.426652771568463,96.40158356150346,224.6161821375571,-10.988594905082916,73.37041284840579,-99.08496853314291,359.7909966199339,97.27198392958312,57.531499470456076,273.87672520657895,137.81881996985695,-141.5540973553193,-32.27702379078699,69.54183107459282,-152.0085918201256,178.77210186327622,-254.92215460932712,-129.98574931275658,36.69073641715103,-24.4595596350315,110.43135237668946,-287.4141041980916,-50.86075515336397,-103.19096311078664,-182.41589886883781,13.513057291657459,-4.1125265652440754,-74.0556188587764,95.16091982686636,-50.93615975267156,27.84182106109159,55.93018095742974,-85.35974032511776,-7.526035171658624
161.5247682533647,704.028633916976,-906.319191889343,-1205.8230774537774,447.3548362440656,-520.6480093462675,477.8603344878848,205.68326522846056,-220.7035374521793,417.9550474261264,-124.5447905659861,421.43251776704994,975.9232989378261,-50.01747702280374,318.44417483309064,-434.9694546432645,1572.9394845130623,426.47845155738366,252.25755133261598,1195.9468782891213,599.5432849515071,-617.5515602587864,-141.68502676133858,302.1411427970168,-661.0682848490703,778.006595365194,-1113.5913860227986,-565.4482379524201,161.2725718216638,-107.85665572356196,482.23577167204775,-1255.3042160075786,-217.73557285853258,-450.123873778308,-795.1834572961009,56.91111366155595,-16.83742447714836,-323.07632336590495,413.61099900823825,-220.7851601520519,119.53779777275372,243.52216789182367,-373.43322554694953,-35.0507772649858
-207.39032576401004,-906.319191889343,1167.477978110974,1552.8739169862636,-576.5699252291975,670.4824572360058,-615.4412644160755,-264.96659778850216,284.7186577264808,-538.7578565696738,161.8872861420881,-542.9139773674278,-1255.376202425098,65.04856945768499,-409.5232491534216,560.9143583712948,-2026.3754347656413,-549.8002405297378,-325.2074086911857,-1540.2742316911276,-771.4495807159417,795.1723762259371,182.70850528858637,-388.6544163321549,850.556789447782,-1001.1786963735226,1434.335705957734,727.576483673793,-208.0349211120937,139.23806384135173,-621.0811128073032,1616.7981646884202,279.06977416838697,579.5704619516855,1023.6976809887353,-72.64428200111033,21.33715657747387,416.0020582474592,-532.0936548668989,283.8414735047402,-153.3184462095247,-313.4155092053795,481.16126985564165,45.8211311303941
-276.22678632509616,-1205.8230774537774,1552.8739169862636,2065.724752030309,-766.7341952716569,891.9223171472776,-818.6729753631233,-352.4330194778645,378.4763702373385,-716.4029649541438,214.5326594897476,-722.1111696849334,-1670.758631941653,86.18260637243817,-545.0852286234227,745.7479418464242,-2695.2066653290894,-731.0561659446784,-432.4136388878999,-2048.898736423591,-1026.5868668022656,1057.8508926211132,242.91223535353964,-517.2581066857497,1131.8834066607737,-1332.239927183155,1907.906126622213,968.201163864078,-276.54715952294356,185.03333884887635,-826.1660674942968,2150.644675931661,371.9650482079203,771.0385019681607,1361.9742843694391,-96.99116114101403,28.576000935501792,553.4187400935658,-708.1297978625743,377.85327335491286,-204.29742743105427,-417.0276293700155,639.9370144075833,60.57880727359708
102.13765519463182,447.3548362440656,-576.5699252291975,-766.7341952716569,284.8806550938551,-331.04397528194886,303.8995557544618,130.87144190723805,-140.7874077406526,266.2234519220766,-80.56707444305468,268.14362935835845,619.2395097559779,-32.38874717232815,201.96061422989942,-277.2717652392871,1000.8336252222014,271.7039912813894,160.71289334547365,760.5645736567174,380.6367669609953,-392.56968027881516,-90.31292769635368,191.712803789789,-419.63231198944135,494.02587079403946,-708.3079382565077,-358.9801671292549,102.85756687964475,-68.88565086013527,306.67786439702047,-798.377954205927,-137.22716804751855,-286.11970771642183,-505.30591322872544,35.59556135071653,-10.389488779160546,-205.36854191582097,262.4881514803562,-139.94437242764786,75.44253776080294,154.6635977840489,-237.68698282271976,-22.91138632108631
-119.28057778093235,-520.6480093462675,670.4824572360058,891.9223171472776,-331.04397528194886,385.10905795092253,-353.4790397825797,-152.16652412317956,163.4058759334437,-309.31351693004007,92.59548148392031,-311.7836084694969,-721.4195704040185,37.19718511277938,-235.365443600415,321.97595573497347,-1163.6999337705795,-315.63773024811076,-186.69869603235563,-884.6552888344784,-443.2650867724658,456.7535357535547,104.87872769820356,-223.34601977207632,488.73473925491976,-575.2389193478276,823.7760519444291,418.0572903067485,-119.39932427522078,79.88607313227031,-356.715524809414,928.5864320695163,160.63402714534428,332.91461574560526,588.070850363166,-41.89121472395598,12.345280201329496,238.9540018060042,-305.76330865793193,163.1564811927077,-88.22297303640478,-180.0666935449788,276.2998365521272,26.14048706493281
109.43190146712696,477.8603344878848,-615.4412644160755,-818.6729753631233,303.8995557544618,-353.4790397825797,324.45803549368617,139.68445427924186,-150.02740197414624,283.9510605801996,-85.12410268904644,286.1937012928123,662.0474200708421,-34.199589571746166,215.98588923285757,-295.5998380846525,1068.1950817789434,289.7618154506407,171.39067012274538,812.0139247069252,406.8103242335131,-419.23372290865746,-96.28353270556889,204.96733658279993,-448.525754010287,527.9383295434853,-756.1445202533505,-383.66886922683113,109.6186927299837,-73.3494821183861,327.42037226355535,-852.3392794409536,-147.32457669482508,-305.5658189432144,-539.7454121467704,38.395050618103795,-11.302033586298426,-219.31784837246113,280.6053694043231,-149.718078938932,80.927099600872,165.25845647178667,-253.63732676062207,-24.052202060166024
47.05281515292271,205.68326522846056,-264.96659778850216,-352.4330194778645,130.87144190723805,-152.16652412317956,139.68445427924186,60.14902854705018,-64.62952558287891,122.28124137841753,-36.78916434406863,123.22050167805708,284.87014186232255,-14.783469721905277,92.92551693670504,-127.32592367501795,459.91857439445937,124.78996322211506,73.80807286857862,349.57770714173864,175.0721588362703,-180.46680700899375,-41.46844119861268,88.19807361315989,-193.00952488288002,227.2088865927501,-325.53691336377983,-165.10610731912323,47.21741773181129,-31.603168175110916,140.9522115521558,-366.9388641596935,-63.295091121371435,-131.53591000714002,-232.32327228295088,16.469361500814273,-4.834705460164577,-94.40227000460503,120.7466857245309,-64.40985998910716,34.78311208923166,71.12003725644257,-109.21926183140376,-10.418289947660261
-50.19457665797034,-220.7035374521793,284.7186577264808,378.4763702373385,-140.7874077406526,163.4058759334437,-150.02740197414624,-64.62952558287891,69.67267189921888,-131.59693496855857,40.30311350361983,-132.42890208027183,-305.160117103024,16.21439129034504,-99.48772282845363,137.13647620797042,-494.29148486920144,-134.32541405267077,-79.45680989477142,-375.4735123948307,-187.6579593692928,193.73861196993312,44.6687687100876,-94.47331000320725,206.86405291877722,-243.59382458794784,349.7215106892396,176.98158354949896,-50.8972329573609,34.12534016332915,-151.402451315195,394.17001186628994,67.26305499328652,141.19681536706932,249.30535227710328,-17.339481065645767,5.004419991337071,101.35440838198113,-129.37005901607816,68.90452556958203,-37.016880225334376,-76.27648018396282,117.41486288899875,11.552901479460106
95.36902299552766,417.9550474261264,-538.7578565696738,-716.4029649541438,266.2234519220766,-309.31351693004007,283.9510605801996,122.28124137841753,-131.59693496855857,248.80367268803485,-75.42492152105274,250.56150928631007,578.4489759064173,-30.324225732484468,188.6465530385213,-259.14533271234893,935.2068291095395,253.93039324920457,150.2039955840942,710.6493617633232,355.57987968651935,-366.7867485244312,-84.41237845450358,179.08067331295877,-392.0131489519362,461.5146640383921,-661.8353653765066,-335.3564723612186,96.14596553920094,-64.40357844094716,286.556043468936,-745.9947306240234,-128.08746573660804,-267.32647251905814,-472.10050884296754,33.193664586539505,-9.671777007420133,-191.88907290531418,245.19992121619492,-130.7057193296434,70.42379312621576,144.49516571146484,-222.10203717207918,-21.4763200302652
-27.426652771568463,-124.5447905659861,161.8872861420881,214.5326594897476,-80.56707444305468,92.59548148392031,-85.12410268904644,-36.78916434406863,40.30311350361983,-75.42492152105274,25.320295718045973,-75.37280362139707,-170.61207980284746,10.241950191002665,-55.445970441555055,78.98126061301834,-281.37602737325085,-77.0820367089145,-45.59885201177733,-213.02767919185337,-105.3079387649422,109.62418340424998,25.71654811417554,-52.81924056558384,115.96957752465224,-136.85480481852287,198.62756234411208,99.29940047427331,-29.41077673807828,19.892065149093973,-85.896932912258265,223.75058859576518,35.92505126741136,79.86458044882845,140.73763707823167,-8.764054010558567,2.268076994670986,57.33890126297179,-72.4097919030056,38.25771400325713,-19.960100155634215,-42.906235976141055,66.97879502071275,7.673606756348798
96.40158356150346,421.43251776704994,-542.9139773674278,-722.1111696849334,268.14362935835845,-311.7836084694969,286.1937012928123,123.22050167805708,-132.42890208027183,250.56150928631007,-75.37280362139707,252.4754391846965,583.681693140571,-30.288405610996705,190.39956324980656,-260.88067036499825,942.341699359679,255.70083383876332,151.24713747525345,716.2596487557961,358.6980364767932,-369.76097351600066,-84.97696658959997,180.70360252216085,-395.4738029554423,465.5199832312071,-667.004103026448,-338.2961241982012,96.75936907657459,-64.76721701014495,288.81530302926404,-751.8485678144152,-129.68959705378842,-269.5026763182985,-476.01448590807274,33.74094609882049,-9.900715155220077,-193.44212579710782,247.3981924184058,-131.96138579807973,71.25822144250856,145.73043310701243,-223.76450690990242,-21.349462142671015
224.6161821375571,975.9232989378261,-1255.376202425098,-1670.758631941653,619.2395097559779,-721.4195704040185,662.0474200708421,284.87014186232255,-305.160117103024,578.4489759064173,-170.61207980284746,583.681693140571,1354.0812704640227,-68.47245623472136,441.97572766453754,-601.6974751822146,2178.482087145559,590.1704795524505,349.07584185892495,1656.9191501657363,831.552888194715,-855.8175140800157,-195.9999125113968,419.21762918355444,-916.9761201307393,1078.9528086555174,-1542.6528966930696,-784.2765947377117,223.01117473817322,-149.00852600685437,668.110094324758,-1739.061547486903,-303.42778907479243,-623.8169093865246,-1102.2420073999235,79.69562012606336,-23.77987819401234,-447.73298334079624,573.8173178540242,-306.5477252029127,166.4370822246629,337.6772613583913,-517.087554420871,-47.67559312618563
-10.988594905082916,-50.01747702280374,65.04856945768499,86.18260637243817,-32.38874717232815,37.19718511277938,-34.199589571746166,-14.783469721905277,16.21439129034504,-30.324225732484468,10.241950191002665,-30.288405610996705,-68.47245623472136,4.145300359046005,-22.247582324901824,31.7635137967623,-113.06996314357433,-30.992793076820153,-18.335070674284953,-85.58425016060583,-42.27573672074791,44.033645856793,10.342706072102251,-21.197724158760607,46.55125919166749,-54.94455941070997,79.80547790674419,39.862097211107766,-11.830328837941613,8.005873829489774,-34.50948286114347,89.89611251367162,14.369718006811166,32.077494260616646,56.5220104104352,-3.4899540510740916,0.8941088316310962,23.030485787244128,-29.063465598011454,15.346384395497038,-7.990284769486873,-17.22760153078282,26.91946082502929,3.1141947099877236
73.37041284840579,318.44417483309064,-409.5232491534216,-545.0852286234227,201.96061422989942,-235.365443600415,215.98588923285757,92.92551693670504,-99.48772282845363,188.6465530385213,-55.445970441555055,190.39956324980656,441.97572766453754,-22.247582324901824,144.27770422494288,-196.19479159594832,710.6257047205686,192.46123462947793,113.83732699658809,540.5527513842331,271.38714246301095,-279.22737725278256,-63.91027619826618,136.833924102502,-299.27585298769344,352.11567327337133,-503.25634391437035,-255.9592464907925,72.70832726726886,-48.566005819335444,217.96436013505613,-567.3409721540975,-99.18582019748271,-203.53513286242472,-359.6570213547771,26.093888983040944,-7.807638058313869,-146.08263184359356,187.28850370322547,-100.08114350673243,54.38955272812541,110.19617663467211,-168.66299536800432,-15.456102273857443
-99.08496853314291,-434.9694546432645,560.9143583712948,745.7479418464242,-277.2717652392871,321.97595573497347,-295.5998380846525,-127.32592367501795,137.13647620797042,-259.14533271234893,78.98126061301834,-260.88067036499825,-601.6974751822146,31.7635137967623,-196.19479159594832,269.9958469747262,-973.7377122662003,-264.50389131802046,-156.4545180438072,-739.7953796687451,-369.9486063566605,381.7748714406548,87.94074852778769,-186.28178211044474,407.8248141132081,-480.19350347402235,689.0178389485128,348.89933944351344,-100.18515398595453,67.14044865008249,-298.30363938147406,776.6058498991116,132.91933624442746,278.2469182085116,491.32927421360534,-34.355156376097575,9.963669158470843,199.72240026940665,-255.0707571958795,135.91248435204787,-73.11901171006818,-150.3478442344789,231.28458555969422,22.56704081445916
359.7909966199339,1572.9394845130623,-2026.3754347656413,-2695.2066653290894,1000.8336252222014,-1163.6999337705795,1068.1950817789434,459.91857439445937,-494.29148486920144,935.2068291095395,-281.37602737325085,942.341699359679,2178.482087145559,-113.06996314357433,710.6257047205686,-973.7377122662003,3517.2205084570583,954.3896020152316,564.517678502271,2673.3713741473252,1338.7843967511624,-1380.0926319145435,-317.1716594471362,674.4446420648754,-1476.035876643466,1737.4829591185498,-2489.532048472756,-1262.6341846019282,361.15278093127523,-241.74470557752753,1077.9686385991715,-2806.1989997036503,-484.00564830476844,-1005.8920502915746,-1776.663222108532,125.91312894967774,-36.94462924386455,-721.9952960733294,923.3697215460082,-492.51965350452963,265.9450277979592,543.9133128011061,-835.1938473476017,-79.70622241451008
97.27198392958312,426.47845155738366,-549.8002405297378,-731.0561659446784,271.7039912813894,-315.63773024811076,289.7618154506407,124.78996322211506,-134.32541405267077,253.93039324920457,-77.0820367089145,255.70083383876332,590.1704795524505,-30.992793076820153,192.46123462947793,-264.50389131802046,954.3896020152316,259.1682757231062,153.30158862039545,725.1932743151461,362.8035393871928,-374.2793238672866,-86.15691997730964,182.71051939057668,-399.9709064457652,470.8982423520762,-675.3900592923472,-342.1676155993194,98.13797243836532,-65.74610499566819,292.4208646435522,-761.2668748313772,-130.60540541892658,-272.7864926881391,-481.7295091012351,33.82425196404405,-9.843638820748074,-195.80844701783417,250.17205596459021,-133.34211962946844,71.81687887764598,147.43478519464352,-226.6643162513089,-21.96850000078892
57.531499470456076,252.25755133261598,-325.2074086911857,-432.4136388878999,160.71289334547365,-186.69869603235563,171.39067012274538,73.80807286857862,-79.45680989477142,150.2039955840942,-45.59885201177733,151.24713747525345,349.07584185892495,-18.335070674284953,113.83732699658809,-156.4545180438072,564.517678502271,153.30158862039545,90.68313257300332,428.9467218389277,214.59045183780069,-221.38255249863565,-50.96493281906302,108.06755237965983,-236.5787770543471,278.5264764455476,-399.4898051162914,-202.38819380667275,58.05222412150379,-38.89251672598347,172.96793373279328,-450.2885297936495,-77.2468218703348,-161.34874750717373,-284.93817945883694,20.002458623574192,-5.819147518932733,-115.82248264069194,147.97224182711665,-78.86648321234047,42.47469800719915,87.20833317476273,-134.0676720178515,-12.99725978465203
273.87672520657895,1195.9468782891213,-1540.2742316911276,-2048.898736423591,760.5645736567174,-884.6552888344784,812.0139247069252,349.57770714173864,-375.4735123948307,710.6493617633232,-213.02767919185337,716.2596487557961,1656.9191501657363,-85.58425016060583,540.5527513842331,-739.7953796687451,2673.3713741473252,725.1932743151461,428.9467218389277,2032.2299947277024,1018.122261202122,-1049.2162634423748,-240.97285185564704,512.9728445204576,-1122.5382158246289,1321.269950505748,-1892.405208980985,-960.2155643154525,274.3489747780806,-183.5791085577719,819.444270366592,-2133.159575982527,-368.71987479263976,-764.7408159332808,-1350.8250123482653,96.09617715333795,-28.287148039916506,-548.8992024198598,702.2725987785329,-374.69751229285976,202.5341383438408,413.5988585708601,-634.7667097128269,-60.19465286404708
137.81881996985695,599.5432849515071,-771.4495807159417,-1026.5868668022656,380.6367669609953,-443.2650867724658,406.8103242335131,175.0721588362703,-187.6579593692928,355.57987968651935,-105.3079387649422,358.6980364767932,831.552888194715,-42.27573672074791,271.38714246301095,-369.9486063566605,1338.7843967511624,362.8035393871928,214.59045183780069,1018.122261202122,510.7441359825273,-525.816163112199,-120.50480899904088,257.44721867111,-563.1801675429492,662.7274798609042,-947.9497866660997,-481.69660780286796,137.13034778037695,-91.65723468625407,410.5277725535704,-1068.6137931687704,-186.01618425472077,-383.2673735461374,-677.1558285502845,48.764280108845526,-14.502922096391288,-275.078812282375,352.4037496779862,-188.2057084812972,102.07404072880313,207.41763723637814,-317.8080181388427,-29.508482150431465
-141.5540973553193,-617.5515602587864,795.1723762259371,1057.8508926211132,-392.56968027881516,456.7535357535547,-419.23372290865746,-180.46680700899375,193.73861196993312,-366.7867485244312,109.62418340424998,-369.76097351600066,-855.8175140800157,44.033645856793,-279.22737725278256,381.7748714406548,-1380.0926319145435,-374.2793238672866,-221.38255249863565,-1049.2162634423748,-525.816163112199,541.7416836954853,124.35580695264754,-264.95669996973817,579.7570862155907,-682.3552974423243,976.9953942039455,495.9107307331538,-141.56341788669945,94.70027661165122,-423.06834886102564,1101.306670994924,190.69358893616274,394.8625214755197,697.5187508112027,-49.77060185869291,14.688265599154018,283.41255232906315,-362.72070627053233,193.57538762826712,-104.71982610921636,-213.58957248149954,327.671138311726,30.913006593206568
-32.27702379078699,-141.68502676133858,182.70850528858637,242.91223535353964,-90.31292769635368,104.87872769820356,-96.28353270556889,-41.46844119861268,44.6687687100876,-84.41237845450358,25.71654811417554,-84.97696658959997,-195.9999125113968,10.342706072102251,-63.91027619826618,87.94074852778769,-317.1716594471362,-86.15691997730964,-50.96493281906302,-240.97285185564704,-120.50480899904088,124.35580695264754,28.64648529607114,-60.67790802023299,132.84786496553662,-156.41474072890784,224.43315361010804,113.65181097577678,-32.634292947664804,21.87055225902378,-97.16954365924634,252.9669149151984,43.304106630096065,90.63201234927885,160.04312661493205,-11.192875653728834,3.24583945243507,65.05972529268728,-83.08708561582749,44.27127759898694,-23.818800196664466,-48.97655218949399,75.33074747125994,7.3471079353741935
69.54183107459282,302.1411427970168,-388.6544163321549,-517.2581066857497,191.712803789789,-223.34601977207632,204.96733658279993,88.19807361315989,-94.47331000320725,179.08067331295877,-52.81924056558384,180.70360252216085,419.21762918355444,-21.197724158760607,136.833924102502,-186.28178211044474,674.4446420648754,182.71051939057668,108.06755237965983,512.9728445204576,257.44721867111,-264.95669996973817,-60.67790802023299,129.79037292133646,-283.8896467807005,334.04197188829943,-477.5959867029621,-242.80725549751557,69.03992019728949,-46.12923671237356,206.8408067729311,-538.4002172007981,-93.94115775289927,-193.13183824422265,-341.2483270847054,24.675724900313963,-7.363937901958686,-138.612572866787,177.65170159914229,-94.90809417135567,51.53053755910557,104.54111293306076,-160.09017614359644,-14.759240560890266
-152.0085918201256,-661.0682848490703,850.556789447782,1131.8834066607737,-419.63231198944135,488.73473925491976,-448.525754010287,-193.00952488288002,206.86405291877722,-392.0131489519362,115.96957752465224,-395.4738029554423,-916.9761201307393,46.55125919166749,-299.27585298769344,407.8248141132081,-1476.035876643466,-399.9709064457652,-236.5787770543471,-1122.5382158246289,-563.1801675429492,579.7570862155907,132.84786496553662,-283.8896467807005,621.0222250621546,-730.7594674414898,1045.1576662173156,531.1632480714027,-151.17362190070293,101.03748792257586,-452.6372331058958,1178.2099938970537,205.21851681856285,422.58769109497507,746.6420207812988,-53.823785734270714,16.020385135792566,303.3109860261467,-388.5971881030246,207.54866342851568,-112.59332396129722,-228.71569757108975,350.37165035149604,32.47489500347226
178.77210186327622,778.006595365194,-1001.1786963735226,-1332.239927183155,494.02587079403946,-575.2389193478276,527.9383295434853,227.2088865927501,-243.59382458794784,461.5146640383921,-136.85480481852287,465.5199832312071,1078.9528086555174,-54.94455941070997,352.11567327337133,-480.19350347402235,1737.4829591185498,470.8982423520762,278.5264764455476,1321.269950505748,662.7274798609042,-682.3552974423243,-156.41474072890784,334.04197188829943,-730.7594674414898,859.9502409763533,-1230.2200406653799,-625.0358440508181,178.00358127746762,-118.99082016366998,532.7638393874984,-1386.8053204370283,-241.2286615368126,-497.3671536672344,-878.7250284013376,63.200980699161754,-18.776591933617528,-356.97219357085527,457.25487352301735,-244.1785989038461,132.38489815104236,269.1483675691656,-412.4632392424975,-38.38281764954499
-254.92215460932712,-1113.5913860227986,1434.335705957734,1907.906126622213,-708.3079382565077,823.7760519444291,-756.1445202533505,-325.53691336377983,349.7215106892396,-661.8353653765066,198.62756234411208,-667.004103026448,-1542.6528966930696,79.80547790674419,-503.25634391437035,689.0178389485128,-2489.532048472756,-675.3900592923472,-399.4898051162914,-1892.405208980985,-947.9497866660997,976.9953942039455,224.43315361010804,-477.5959867029621,1045.1576662173156,-1230.2200406653799,1762.2235077603793,894.0327677388232,-255.5293111796678,171.00441215823378,-763.0645501330126,1986.4040277216639,343.11628161465745,712.0972018374781,1257.8094156015693,-89.37141945662681,26.280163703624407,511.1164374257355,-653.8501193755956,348.82857778305527,-188.4895877265193,-385.1038475043654,591.1294911334392,56.17059026961359
-129.98574931275658,-565.4482379524201,727.576483673793,968.201163864078,-358.9801671292549,418.0572903067485,-383.66886922683113,-165.10610731912323,176.98158354949896,-335.3564723612186,99.29940047427331,-338.2961241982012,-784.2765947377117,39.862097211107766,-255.9592464907925,348.89933944351344,-1262.6341846019282,-342.1676155993194,-202.38819380667275,-960.2155643154525,-481.69660780286796,495.9107307331538,113.65181097577678,-242.80725549751557,531.1632480714027,-625.0358440508181,894.0327677388232,454.31040379314345,-129.3340208558393,86.44746438310092,-387.1830812117711,1007.8405729356955,175.4528274748729,361.4707109947786,638.646645152319,-45.99744093615439,13.680999956030808,259.44321508989464,-332.36527522130183,177.5036509404076,-96.27075575026802,-195.62712549621503,299.72293736185276,27.82358768808825
36.69073641715103,161.2725718216638,-208.0349211120937,-276.54715952294356,102.85756687964475,-119.39932427522078,109.6186927299837,47.21741773181129,-50.8972329573609,96.14596553920094,-29.41077673807828,96.75936907657459,223.01117473817322,-11.830328837941613,72.70832726726886,-100.18515398595453,361.15278093127523,98.13797243836532,58.05222412150379,274.3489747780806,137.13034778037695,-141.56341788669945,-32.634292947664804,69.03992019728949,-151.17362190070293,178.00358127746762,-255.5293111796678,-129.3340208558393,37.18524830635527,-24.93076413466576,110.62834605036554,-288.0111599600025,-49.18129779837544,-103.17351061602041,-182.17132084114485,12.685733689399257,-3.6650842302314453,-74.06462592430726,94.54066791607245,-50.35744521305033,27.05980338130039,55.740685882684886,-85.78283331119464,-8.42585477019417
-24.4595596350315,-107.85665572356196,139.23806384135173,185.03333884887635,-68.88565086013527,79.88607313227031,-73.3494821183861,-31.603168175110916,34.12534016332915,-64.40357844094716,19.892065149093973,-64.76721701014495,-149.00852600685437,8.005873829489774,-48.566005819335444,67.14044865008249,-241.74470557752753,-65.74610499566819,-38.89251672598347,-183.5791085577719,-91.65723468625407,94.70027661165122,21.87055225902378,-46.12923671237356,101.03748792257586,-118.99082016366998,171.00441215823378,86.44746438310092,-24.93076413466576,16.730786675904852,-74.02801463306703,192.73311435098594,32.715916487213214,69.01681281189889,121.8374941982955,-8.395619181662525,2.402664959898523,49.54857415098735,-63.17488311600004,33.62259750476413,-18.014952317932757,-37.26785905071483,57.43007292748955,5.735890171103764
110.43135237668946,482.23577167204775,-621.0811128073032,-826.1660674942968,306.67786439702047,-356.715524809414,327.42037226355535,140.9522115521558,-151.402451315195,286.556043468936,-85.896932912258265,288.81530302926404,668.110094324758,-34.50948286114347,217.96436013505613,-298.30363938147406,1077.9686385991715,292.4208646435522,172.96793373279328,819.444270366592,410.5277725535704,-423.06834886102564,-97.16954365924634,206.8408067729311,-452.6372331058958,532.7638393874984,-763.0645501330126,-387.1830812117711,110.62834605036554,-74.02801463306703,330.4245069766695,-860.1467850889219,-148.67696083713048,-308.36020837731826,-544.685358385045,38.747287234269706,-11.404237658790697,-221.33489161859012,283.1720857087836,-151.08377797601065,81.66351389410872,166.77608623033748,-255.94797750854508,-24.27368731460557
-287.4141041980916,-1255.3042160075786,1616.7981646884202,2150.644675931661,-798.377954205927,928.5864320695163,-852.3392794409536,-366.9388641596935,394.17001186628994,-745.9947306240234,223.75058859576518,-751.8485678144152,-1739.061547486903,89.89611251367162,-567.3409721540975,776.6058498991116,-2806.1989997036503,-761.2668748313772,-450.2885297936495,-2133.159575982527,-1068.6137931687704,1101.306670994924,252.9669149151984,-538.4002172007981,1178.2099938970537,-1386.8053204370283,1986.4040277216639,1007.8405729356955,-288.0111599600025,192.73311435098594,-860.1467850889219,2239.1154590486526,386.9010024008432,802.7046720275301,1417.871679156588,-100.80385557018272,29.655878085694606,576.1569663357867,-737.09123752703,393.253619515341,-212.527919493206,-434.12239344127363,666.3070308033343,63.25138385629541
-50.86075515336397,-217.73557285853258,279.06977416838697,371.9650482079203,-137.22716804751855,160.63402714534428,-147.32457669482508,-63.295091121371435,67.26305499328652,-128.08746573660804,35.92505126741136,-129.68959705378842,-303.42778907479243,14.369718006811166,-99.18582019748271,132.91933624442746,-484.00564830476844,-130.60540541892658,-77.2468218703348,-368.71987479263976,-186.01618425472077,190.69358893616274,43.304106630096065,-93.94115775289927,205.21851681856285,-241.2286615368126,343.11628161465745,175.4528274748729,-49.18129779837544,32.715916487213214,-148.67696083713048,386.9010024008432,69.38470498250408,139.02453023841935,245.8744829644134,-18.629461746707406,5.768136495958318,99.7708290195024,-128.51717957740064,68.91398396707416,-37.90604224882754,-75.45090724913693,114.76973736477477,9.67787679871757
-103.19096311078664,-450.123873778308,579.5704619516855,771.0385019681607,-286.11970771642183,332.91461574560526,-305.5658189432144,-131.53591000714002,141.19681536706932,-267.32647251905814,79.86458044882845,-269.5026763182985,-623.8169093865246,32.077494260616646,-203.53513286242472,278.2469182085116,-1005.8920502915746,-272.7864926881391,-161.34874750717373,-764.7408159332808,-383.2673735461374,394.8625214755197,90.63201234927885,-193.13183824422265,422.58769109497507,-497.3671536672344,712.0972018374781,361.4707109947786,-103.17351061602041,69.01681281189889,-308.36020837731826,802.7046720275301,139.02453023841935,287.8092289449649,508.40970339619895,-36.294119982053076,10.71603693418652,206.57368724987677,-264.3897479714152,141.10437869056784,-76.3420618429184,-155.68353597242807,238.8241091227324,22.515224201290668
-182.41589886883781,-795.1834572961009,1023.6976809887353,1361.9742843694391,-505.30591322872544,588.070850363166,-539.7454121467704,-232.32327228295088,249.30535227710328,-472.10050884296754,140.73763707823167,-476.01448590807274,-1102.2420073999235,56.5220104104352,-359.6570213547771,491.32927421360534,-1776.663222108532,-481.7295091012351,-284.93817945883694,-1350.8250123482653,-677.1558285502845,697.5187508112027,160.04312661493205,-341.2483270847054,746.6420207812988,-878.7250284013376,1257.8094156015693,638.646645152319,-182.17132084114485,121.8374941982955,-544.685358385045,1417.871679156588,245.8744829644134,508.40970339619895,898.1433508326196,-64.25261208886081,19.003268649302495,364.9103851537634,-467.1492292214468,249.35606489948464,-134.99157034723015,-275.04897357006257,421.80371825834794,39.61791415683162
13.513057291657459,56.91111366155595,-72.64428200111033,-96.99116114101403,35.59556135071653,-41.89121472395598,38.395050618103795,16.469361500814273,-17.339481065645767,33.193664586539505,-8.764054010558567,33.74094609882049,79.69562012606336,-3.4899540510740916,26.093888983040944,-34.355156376097575,125.91312894967774,33.82425196404405,20.002458623574192,96.09617715333795,48.764280108845526,-49.77060185869291,-11.192875653728834,24.675724900313963,-53.823785734270714,63.200980699161754,-89.37141945662681,-45.99744093615439,12.685733689399257,-8.395619181662525,38.747287234269706,-100.80385557018272,-18.629461746707406,-36.294119982053076,-64.25261208886081,5.119214194493096,-1.6441659539509328,-26.040947225705647,33.73570073188978,-18.165835088037543,10.134378512488508,19.752886052491633,-29.82486383580554,-2.249436697613315
-4.1125265652440754,-16.83742447714836,21.33715657747387,28.576000935501792,-10.389488779160546,12.345280201329496,-11.302033586298426,-4.834705460164577,5.004419991337071,-9.671777007420133,2.268076994670986,-9.900715155220077,-23.77987819401234,0.8941088316310962,-7.807638058313869,9.963669158470843,-36.94462924386455,-9.843638820748074,-5.819147518932733,-28.287148039916506,-14.502922096391288,14.688265599154018,3.24583945243507,-7.363937901958686,16.020385135792566,-18.776591933617528,26.280163703624407,13.680999956030808,-3.6650842302314453,2.402664959898523,-11.404237658790697,29.655878085694606,5.768136495958318,10.71603693418652,19.003268649302495,-1.6441659539509328,0.5579383716612681,7.684910362562983,-10.05630422397445,5.45482932218372,-3.1163819202975542,-5.860131987295543,8.734787620195064,0.5194599516925206
-74.0556188587764,-323.07632336590495,416.0020582474592,553.4187400935658,-205.36854191582097,238.9540018060042,-219.31784837246113,-94.40227000460503,101.35440838198113,-191.88907290531418,57.33890126297179,-193.44212579710782,-447.73298334079624,23.030485787244128,-146.08263184359356,199.72240026940665,-721.9952960733294,-195.80844701783417,-115.82248264069194,-548.8992024198598,-275.078812282375,283.41255232906315,65.05972529268728,-138.612572866787,303.3109860261467,-356.97219357085527,511.1164374257355,259.44321508989464,-74.06462592430726,49.54857415098735,-221.33489161859012,576.1569663357867,99.7708290195024,206.57368724987677,364.9103851537634,-26.040947225705647,7.684910362562983,148.278117238304,-189.75915726361444,101.26799359840061,-54.78253908846074,-111.74550468272737,171.41228595806973,16.17034549404288
95.16091982686636,413.61099900823825,-532.0936548668989,-708.1297978625743,262.4881514803562,-305.76330865793193,280.6053694043231,120.7466857245309,-129.37005901607816,245.19992121619492,-72.4097919030056,247.3981924184058,573.8173178540242,-29.063465598011454,187.28850370322547,-255.0707571958795,923.3697215460082,250.17205596459021,147.97224182711665,702.2725987785329,352.4037496779862,-362.72070627053233,-83.08708561582749,177.65170159914229,-388.5971881030246,457.25487352301735,-653.8501193755956,-332.36527522130183,94.54066791607245,-63.17488311600004,283.1720857087836,-737.09123752703,-128.51717957740064,-264.3897479714152,-467.1492292214468,33.73570073188978,-10.05630422397445,-189.75915726361444,243.17010229983094,-129.89590139956024,70.50364987264948,143.10649707986178,-219.1798748922992,-20.25020764529051
-50.93615975267156,-220.7851601520519,283.8414735047402,377.85327335491286,-139.94437242764786,163.1564811927077,-149.718078938932,-64.40985998910716,68.90452556958203,-130.7057193296434,38.25771400325713,-131.96138579807973,-306.5477252029127,15.346384395497038,-100.08114350673243,135.91248435204787,-492.51965350452963,-133.34211962946844,-78.86648321234047,-374.69751229285976,-188.2057084812972,193.57538762826712,44.27127759898694,-94.90809417135567,207.54866342851568,-244.1785989038461,348.82857778305527,177.5036509404076,-50.35744521305033,33.62259750476413,-151.08377797601065,393.253619515341,68.91398396707416,141.10437869056784,249.35606489948464,-18.165835088037543,5.45482932218372,101.26799359840061,-129.89590139956024,69.43674787897939,-37.77919497573256,-76.40910785983203,116.89109533913272,10.631863283668315
27.84182106109159,119.53779777275372,-153.3184462095247,-204.29742743105427,75.44253776080294,-88.22297303640478,80.927099600872,34.78311208923166,-37.016880225334376,70.42379312621576,-19.960100155634215,71.25822144250856,166.4370822246629,-7.990284769486873,54.38955272812541,-73.11901171006818,265.9450277979592,71.81687887764598,42.47469800719915,202.5341383438408,102.07404072880313,-104.71982610921636,-23.818800196664466,51.53053755910557,-112.59332396129722,132.38489815104236,-188.4895877265193,-96.27075575026802,27.05980338130039,-18.014952317932757,81.66351389410872,-212.527919493206,-37.90604224882754,-76.3420618429184,-134.99157034723015,10.134378512488508,-3.1163819202975542,-54.78253908846074,70.50364987264948,-37.77919497573256,20.728786843611203,41.408152642569284,-63.07952488618639,-5.417630533952044
55.93018095742974,243.52216789182367,-313.4155092053795,-417.0276293700155,154.6635977840489,-180.0666935449788,165.25845647178667,71.12003725644257,-76.27648018396282,144.49516571146484,-42.906235976141055,145.73043310701243,337.6772613583913,-17.22760153078282,110.19617663467211,-150.3478442344789,543.9133128011061,147.43478519464352,87.20833317476273,413.5988585708601,207.41763723637814,-213.58957248149954,-48.97655218949399,104.54111293306076,-228.71569757108975,269.1483675691656,-385.1038475043654,-195.62712549621503,55.740685882684886,-37.26785905071483,166.77608623033748,-434.12239344127363,-75.45090724913693,-155.68353597242807,-275.04897357006257,19.752886052491633,-5.860131987295543,-111.74550468272737,143.10649707986178,-76.40910785983203,41.408152642569284,84.24535164953419,-129.11817152406908,-12.04697095011679
-85.35974032511776,-373.43322554694953,481.16126985564165,639.9370144075833,-237.68698282271976,276.2998365521272,-253.63732676062207,-109.21926183140376,117.41486288899875,-222.10203717207918,66.97879502071275,-223.76450690990242,-517.087554420871,26.91946082502929,-168.66299536800432,231.28458555969422,-835.1938473476017,-226.6643162513089,-134.0676720178515,-634.7667097128269,-317.8080181388427,327.671138311726,75.33074747125994,-160.09017614359644,350.37165035149604,-412.4632392424975,591.1294911334392,299.72293736185276,-85.78283331119464,57.43007292748955,-255.94797750854508,666.3070308033343,114.76973736477477,238.8241091227324,421.80371825834794,-29.82486383580554,8.734787620195064,171.41228595806973,-219.1798748922992,116.89109533913272,-63.07952488618639,-129.11817152406908,198.34059198638187,19.00002309126315
-7.526035171658624,-35.0507772649858,45.8211311303941,60.57880727359708,-22.91138632108631,26.14048706493281,-24.052202060166024,-10.418289947660261,11.552901479460106,-21.4763200302652,7.673606756348798,-21.349462142671015,-47.67559312618563,3.1141947099877236,-15.456102273857443,22.56704081445916,-79.70622241451008,-21.96850000078892,-12.99725978465203,-60.19465286404708,-29.508482150431465,30.913006593206568,7.3471079353741935,-14.759240560890266,32.47489500347226,-38.38281764954499,56.17059026961359,27.82358768808825,-8.42585477019417,5.735890171103764,-24.27368731460557,63.25138385629541,9.67787679871757,22.515224201290668,39.61791415683162,-2.249436697613315,0.5194599516925206,16.17034549404288,-20.25020764529051,10.631863283668315,-5.417630533952044,-12.04697095011679,19.00002309126315,2.4067260530518566
