V1,V2,V3,V4,V5,V6,V7,V8,V9,V10,V11,V12,V13,V14,V15,V16,V17,V18,V19,V20,V21,V22,V23,V24,V25,V26,V27,V28,V29,V30,V31,V32,V33,V34,V35,V36,V37,V38,V39,V40,V41,V42,V43,V44
5289755.833686926,23087529.86847479,-29731138.938765213,-39550820.25725976,14679314.649024338,-17076974.90884743,15674451.916354975,6747640.049598573,-7245569.5585505515,13715548.29908032,-4104978.06736357,13825386.604036136,31991135.516713534,-1649024.1953650615,10437293.151460178,-14276974.632471131,51601825.83534456,13995976.181509841,8278500.345872359,39228485.26007108,19656392.86885439,-20254065.737978365,-4650437.754619395,9904288.820155576,-21672591.579033826,25508661.86114824,-36528811.7430057,-18538434.060057614,5294226.4693359025,-3542087.393108786,15817860.792255014,-41176389.76280795,-7123970.589702479,-14762637.08127145,-26077268.661599364,1858089.250639625,-547694.7310667615,-10595943.90847403,13558976.941895144,-7235298.816322128,3912602.4983353214,7984832.676713038,-12251988.750969531,-1158687.2717858888
23087529.86847479,100767229.64819163,-129763752.26937923,-172622475.83960178,64068952.82028885,-74533718.03133523,68412302.9558979,29450572.567307327,-31623823.884227164,59862523.71171251,-17916479.65657223,60341920.873378955,139627673.75097054,-7197287.943730126,45554336.81233083,-62312910.48108189,225219979.57841372,61086472.14844317,36132126.76298345,171215620.81899628,85791778.41136087,-88400365.93673402,-20297179.379255798,43227999.28276905,-94591626.9438816,111334438.51703958,-159432696.9062083,-80912364.61862619,23107042.551664185,-15459702.407086698,69038222.17067473,-179717394.40735695,-31093095.567449857,-64432619.475660406,-113816165.084455,8109767.320078872,-2390454.186431243,-46246780.354699805,59179156.40418415,-31578995.868474487,17076842.516144555,34850392.338580064,-53474709.43614131,-5057176.169942041
-29731138.938765213,-129763752.26937923,167104240.87564212,222295882.06124747,-82505272.24555337,95981351.91684747,-88098453.78117086,-37925194.54744883,40723815.31056381,-77088411.94398929,23072080.345196612,-77705759.133764,-179806579.3867116,9268361.206579369,-58662937.36297754,80243915.63577746,-290028710.1527663,-78664560.64729735,-46529416.10608877,-220484193.98112422,-110479003.01730913,113838231.1716126,26137844.336965386,-55667178.8090792,121811073.9194684,-143371754.2456183,205310645.70387957,104195501.70388322,-29756266.701389313,19908347.324327733,-88904486.10654517,231432416.5076842,40040366.04419094,82973586.79515107,146567616.31514913,-10443413.449616298,3078325.200716899,59554636.84179701,-76208400.44014071,40666087.630415,-21990831.347661294,-44878852.995403655,68862456.13944611,6512416.375653796
-39550820.25725976,-172622475.83960178,222295882.06124747,295716370.17950535,-109755338.50489329,127682334.13843949,-117195850.1475004,-50451232.60027919,54174186.64409151,-102549382.12699008,30692390.28734977,-103370629.00550346,-239193584.66696703,12329540.832782468,-78038291.91163257,106747092.72119626,-385820181.23561585,-104646104.83150971,-61897277.1857337,-293306313.34973395,-146968308.18570223,151437030.66241226,34770722.08024901,-74053088.156321,162043165.2666453,-190724967.22117805,273121202.89585006,138609474.90935057,-39584247.01807016,26483729.176586438,-118268100.38477306,307870543.72891724,53265007.967941634,110378328.67750506,194976366.65011686,-13892693.781524347,4095041.949841291,79224502.21786432,-101378717.5632637,54097393.670982935,-29254023.07650755,-59701561.59928128,91606535.5080196,8663355.068108732
14679314.649024338,64068952.82028885,-82505272.24555337,-109755338.50489329,40735771.36840672,-47389388.14193856,43497321.974008754,18725011.017075088,-20106787.0985693,38061275.26607995,-11391502.403263647,38366081.85100325,88776866.81810433,-4576117.87018458,28963966.950927243,-39619257.887956075,143197431.45094663,38839475.15554621,22973217.69533012,108860844.44702852,54547390.83086404,-56205959.98218534,-12905177.80046231,27484856.48474095,-60142434.1552498,70787705.80429591,-101369126.06767541,-51445003.843066745,14691720.916706828,-9829454.18800935,43895288.252403446,-114266368.55937119,-19769345.492928762,-40966994.133940056,-72365615.36914891,5156283.517476614,-1519877.2927354008,-29404228.887985524,37626782.107134186,-20078285.661271404,10857651.340784417,22158276.22779668,-33999830.07282179,-3215410.3768529124
-17076974.90884743,-74533718.03133523,95981351.91684747,127682334.13843949,-47389388.14193856,55129780.22497992,-50601999.591240786,-21783478.6036343,23390948.990375303,-44278050.9408152,13252144.429684794,-44632643.21763304,-103277323.34720293,5323562.398806247,-33694824.80344224,46090508.384257115,-166586723.9422878,-45183358.936967425,-26725570.823265538,-126641736.8702392,-63456942.1378519,65386415.58070455,15013057.730707638,-31974122.01907132,69965857.81144954,-82349884.69831878,117926351.52128965,59847824.01957183,-17091407.7452977,11434958.080164619,-51064968.282004,132930177.72025125,22998390.775928117,47658378.30739276,84185523.97455277,-5998489.94170394,1768128.1597068708,34206997.91399416,-43772589.386340365,23357792.060665634,-12631096.286741635,-25777520.146754067,39553225.40181313,3740602.5467359456
15674451.916354975,68412302.9558979,-88098453.78117086,-117195850.1475004,43497321.974008754,-50601999.591240786,46446084.01038002,19994412.315130387,-21469862.915920727,40641517.28458744,-12163752.618602129,40966986.970361084,94795210.34808676,-4886341.030699891,30927486.131179407,-42305119.64630125,152905042.4063285,41472473.1747184,24530613.66469762,116240716.37830363,58245256.68242358,-60016263.65520792,-13780043.147578362,29348102.893623132,-64219598.49841815,75586531.41865188,-108241121.80507891,-54932553.24212667,15687699.17679816,-10495811.238967448,46871029.135489374,-122012690.94012624,-21109544.162935,-43744220.405879036,-77271410.6442616,5505836.367981137,-1622913.2256786553,-31397595.516655583,40177569.58942087,-21439428.81368877,11593710.960482482,23660426.038468916,-36304739.79636295,-3433388.721425008
6747640.049598573,29450572.567307327,-37925194.54744883,-50451232.60027919,18725011.017075088,-21783478.6036343,19994412.315130387,8607326.291387476,-9242485.45109269,17495624.951987874,-5236331.888284923,17635735.778167468,40808058.938945495,-2103504.0243659047,13313865.734684635,-18211782.04883581,65823558.53378594,17853339.67360382,10560097.51267012,50040060.86744564,25073797.14930397,-25836191.12534167,-5932122.248564507,12633964.356977208,-27645669.792992484,32538982.483555883,-46596342.08939517,-23647722.912738264,6753342.574634066,-4518304.071314284,20177344.908044424,-52524817.350811265,-9087374.873728018,-18831296.870875545,-33264299.661880713,2370189.458830162,-698641.4557603031,-13516239.618993845,17295901.320506018,-9229384.966317695,4990936.358305027,10185493.444280647,-15628700.946443575,-1478027.637940514
-7245569.5585505515,-31623823.884227164,40723815.31056381,54174186.64409151,-20106787.0985693,23390948.990375303,-21469862.915920727,-9242485.45109269,9924518.755975321,-18786681.83680787,5622736.4440175565,-18937131.077989727,-43819413.69990378,2258727.9730343083,-14296337.269491067,19555688.29018518,-70680883.98964138,-19170794.33627738,-11339361.330760377,-53732672.54315123,-26924071.21949601,27742725.600625243,6369872.794731782,-13566261.070202226,29685731.809984095,-34940135.1684188,50034832.889747955,25392762.640048582,-7251693.295734857,4851725.515570974,-21666295.61189891,56400788.096371345,9757959.364210702,20220916.945684347,35718976.68996621,-2545091.3509636456,750197.5824968521,14513647.801533325,-18572220.558851864,9910449.990414174,-5359232.865703514,-10937114.06771707,16781991.261369035,1587095.7513406433
13715548.29908032,59862523.71171251,-77088411.94398929,-102549382.12699008,38061275.26607995,-44278050.9408152,40641517.28458744,17495624.951987874,-18786681.83680787,35562372.90457023,-10643596.204135159,35847167.23406371,82948246.38038519,-4275673.98102103,27062345.704844665,-37018066.786263436,133795843.56294768,36289480.42795232,21464917.80391839,101713615.65424249,50966096.84241506,-52515773.40701681,-12057892.127038792,25680345.24039946,-56193799.7415488,66140158.25420365,-94713764.30192201,-48067396.51759127,13727140.31165317,-9184104.583877524,41013355.604059264,-106764241.93009052,-18471394.43859885,-38277317.46006974,-67614470.9757723,4817748.841193026,-1420090.3843548303,-27473703.09897674,35156406.203373715,-18760051.269450493,10144795.069696425,20703481.062066633,-31767580.34755489,-3004303.4727944736
-4104978.06736357,-17916479.65657223,23072080.345196612,30692390.28734977,-11391502.403263647,13252144.429684794,-12163752.618602129,-5236331.888284923,5622736.4440175565,-10643596.204135159,3185562.14359606,-10728833.560733438,-24825892.494111817,1279682.6164535224,-8099591.221279399,11079276.242186295,-40044261.35534987,-10861214.848823,-6424315.657530135,-30442250.705131724,-15253834.899858955,15717643.230350066,3608851.7061220766,-7685967.540940339,16818453.347232025,-19795336.921370547,28347238.61788693,14386271.775340185,-4108447.2655120944,2748744.863477947,-12275041.157455688,31953871.337465648,5528373.20216551,11456162.370825779,20236589.26867296,-1441922.3942467223,425024.0838357797,8222707.422051462,-10522092.983104294,5614766.402250333,-3036273.9879822154,-6196422.455318479,9507838.838252695,899169.2956441734
13825386.604036136,60341920.873378955,-77705759.133764,-103370629.00550346,38366081.85100325,-44632643.21763304,40966986.970361084,17635735.778167468,-18937131.077989727,35847167.23406371,-10728833.560733438,36134242.47329619,83612521.21930644,-4309914.9610472,27279069.292344026,-37314518.46758618,134867321.79697356,36580097.50853847,21636815.181526013,102528169.60597566,51374248.98676035,-52936335.608109094,-12154455.271108532,25886001.8758678,-56643816.55239359,66669829.08207366,-95472260.96201846,-48452334.85373552,13837071.30581502,-9257653.33543018,41341802.841147274,-107619242.59408759,-18619319.230535973,-38583853.9625814,-68155948.3094601,4856331.168989498,-1431462.682849292,-27693720.364677276,35437949.38215339,-18910287.556726154,10226037.794527978,20869280.62060981,-32021985.005175825,-3028362.883662085
31991135.516713534,139627673.75097054,-179806579.3867116,-239193584.66696703,88776866.81810433,-103277323.34720293,94795210.34808676,40808058.938945495,-43819413.69990378,82948246.38038519,-24825892.494111817,83612521.21930644,193474480.1060241,-9972890.771164637,63122169.2863856,-86343613.03736962,312075087.71116006,84644204.7577261,50066324.264450364,237244182.39965108,118877005.1758734,-122491582.86221044,-28124698.29945213,59898691.015876286,-131070476.84595153,154270081.62522107,-220917224.0874045,-112115866.8880178,32018173.242431525,-21421668.988219127,95662512.47672658,-249024627.73681474,-43084013.71211638,-89280779.68365154,-157708875.08134434,11237264.787031665,-3312321.888323985,-64081649.558651894,82001340.92791648,-43757298.56192289,23662452.71875142,48290294.45215975,-74096998.9722447,-7007454.295838803
-1649024.1953650615,-7197287.943730126,9268361.206579369,12329540.832782468,-4576117.87018458,5323562.398806247,-4886341.030699891,-2103504.0243659047,2258727.9730343083,-4275673.98102103,1279682.6164535224,-4309914.9610472,-9972890.771164637,514065.561156364,-3253713.3804573715,4450692.467674355,-16086311.658565072,-4363094.321646059,-2580733.0042302776,-12229056.451159637,-6127668.155401605,6313986.0852961475,1449723.7030775289,-3087555.1710291854,6756196.106143922,-7952049.846099217,11387462.343854612,5779156.443557849,-1650417.8014468818,1104207.3102800013,-4931047.135418146,12836294.58567184,2220820.896208375,4602092.519406324,8129306.733008286,-579239.3133511053,170737.80506228947,3303170.801631353,-4226864.55553908,2255526.2312821406,-1219711.6266176258,-2489185.2479707175,3819425.1750616054,361208.25439433806
10437293.151460178,45554336.81233083,-58662937.36297754,-78038291.91163257,28963966.950927243,-33694824.80344224,30927486.131179407,13313865.734684635,-14296337.269491067,27062345.704844665,-8099591.221279399,27279069.292344026,63122169.2863856,-3253713.3804573715,20593973.25767397,-28170103.390677415,101816304.33319874,27615661.825697504,16334428.095424568,77402288.23087476,38784311.17049127,-39963587.95329102,-9175845.61643325,19542295.133012697,-42762501.780132316,50331507.3866992,-72075523.31473498,-36578450.67945325,10446114.380950116,-6988943.353687289,31210448.459341697,-81245726.65627638,-14056409.138115078,-29128371.277709186,-51453433.57278822,3666222.935534616,-1080664.0071695577,-20907008.900309615,26753412.172012802,-14276071.989213139,7720012.223413951,15754988.046069417,-24174574.897392765,-2286222.567514824
-14276974.632471131,-62312910.48108189,80243915.63577746,106747092.72119626,-39619257.887956075,46090508.384257115,-42305119.64630125,-18211782.04883581,19555688.29018518,-37018066.786263436,11079276.242186295,-37314518.46758618,-86343613.03736962,4450692.467674355,-28170103.390677415,38533349.30369112,-139272582.53734335,-37774938.036262505,-22343553.42486557,-105877114.89714302,-53052320.73076308,54665431.55548092,12551464.664407616,-26731531.114714764,58494012.42705047,-68847509.91333175,98590735.9814434,50034965.9372146,-14289040.914671417,9560043.413741728,-42692178.49067247,111134481.49865764,19227493.10175323,39844144.18988009,70382171.77581859,-5014955.192335814,1478220.7231576857,28598300.710037198,-36595483.30906218,19527967.00361647,-10560057.586280322,-21550948.629051127,33067940.640550356,3127280.1368785184
51601825.83534456,225219979.57841372,-290028710.1527663,-385820181.23561585,143197431.45094663,-166586723.9422878,152905042.4063285,65823558.53378594,-70680883.98964138,133795843.56294768,-40044261.35534987,134867321.79697356,312075087.71116006,-16086311.658565072,101816304.33319874,-139272582.53734335,503378329.0025154,136531430.695686,80757175.00414382,382675788.0812035,191749071.12441957,-197579398.5704491,-45365247.32871391,96616822.41002929,-211417187.631835,248838241.21044394,-356340340.224628,-180843328.6134445,51645437.57238965,-34553234.605671726,154304003.69282538,-401677691.6937932,-69494681.93337762,-144010244.48553213,-254385027.9861997,18125752.403031837,-5342787.652436682,-103363948.59526938,132268481.2332136,-70580692.64809333,38167628.31127663,77892432.0383338,-119518747.37105758,-11303051.05718849
13995976.181509841,61086472.14844317,-78664560.64729735,-104646104.83150971,38839475.15554621,-45183358.936967425,41472473.1747184,17853339.67360382,-19170794.33627738,36289480.42795232,-10861214.848823,36580097.50853847,84644204.7577261,-4363094.321646059,27615661.825697504,-37774938.036262505,136531430.695686,37031454.63338298,21903789.329352386,103793250.1141757,52008148.842918605,-53589510.26493588,-12304427.691026663,26205404.31334391,-57342737.46359341,67492458.6424641,-96650280.44335507,-49050181.640867636,14007805.1902665,-9371882.963939844,41851914.182341516,-108947141.59684956,-18849059.807395946,-39059934.74229511,-68996915.27840836,4916251.9511800455,-1449125.8681177006,-28035430.489367727,35875213.611771464,-19143618.94095512,10352215.343280312,21126784.30480085,-32417099.734534178,-3065729.35355617
8278500.345872359,36132126.76298345,-46529416.10608877,-61897277.1857337,22973217.69533012,-26725570.823265538,24530613.66469762,10560097.51267012,-11339361.330760377,21464917.80391839,-6424315.657530135,21636815.181526013,50066324.264450364,-2580733.0042302776,16334428.095424568,-22343553.42486557,80757175.00414382,21903789.329352386,12955904.593611276,61392820.81513118,30762375.818325486,-31697737.731599815,-7277964.037806132,15500272.40034449,-33917739.70403117,39921212.715448454,-57167815.52756401,-29012763.57058977,8285497.238309821,-5543388.993046829,24755050.03541349,-64441303.862060025,-11149057.746083694,-23103617.70541104,-40811086.135021925,2907920.79520037,-857145.6792849546,-16582718.099878777,21219882.519903198,-11323287.020043604,6123246.892170475,12496312.694956228,-19174437.474921767,-1813352.7160016347
39228485.26007108,171215620.81899628,-220484193.98112422,-293306313.34973395,108860844.44702852,-126641736.8702392,116240716.37830363,50040060.86744564,-53732672.54315123,101713615.65424249,-30442250.705131724,102528169.60597566,237244182.39965108,-12229056.451159637,77402288.23087476,-105877114.89714302,382675788.0812035,103793250.1141757,61392820.81513118,290915898.388376,145770532.12216732,-150202834.7754373,-34487344.30514091,73449563.99562001,-160722530.45333898,189170579.220222,-270895294.0559622,-137479822.43052235,39261639.551302694,-26267889.279703606,117304227.77029039,-305361431.67657864,-52830904.12436281,-109478757.06917755,-193387330.01549047,13779470.169717154,-4061667.5110307685,-78578830.47312877,100552491.72055219,-53656505.68566381,29015605.970114637,59215000.037878424,-90859952.06247354,-8592749.693187296
19656392.86885439,85791778.41136087,-110479003.01730913,-146968308.18570223,54547390.83086404,-63456942.1378519,58245256.68242358,25073797.14930397,-26924071.21949601,50966096.84241506,-15253834.899858955,51374248.98676035,118877005.1758734,-6127668.155401605,38784311.17049127,-53052320.73076308,191749071.12441957,52008148.842918605,30762375.818325486,145770532.12216732,73041893.73123187,-75262807.56179701,-17280728.157614045,36803701.37052705,-80533958.45823096,94788549.59334165,-135738718.70522866,-68887630.38907225,19673005.49068786,-13162169.125751672,58778155.0300931,-153008820.26394048,-26472217.351234462,-54857011.13725175,-96901455.78647211,6904540.389055258,-2035198.2426911818,-39373846.89750189,50384287.63076211,-26885905.71592153,14538979.727159938,29671125.465775058,-45527603.33966207,-4305607.527686394
-20254065.737978365,-88400365.93673402,113838231.1716126,151437030.66241226,-56205959.98218534,65386415.58070455,-60016263.65520792,-25836191.12534167,27742725.600625243,-52515773.40701681,15717643.230350066,-52936335.608109094,-122491582.86221044,6313986.0852961475,-39963587.95329102,54665431.55548092,-197579398.5704491,-53589510.26493588,-31697737.731599815,-150202834.7754373,-75262807.56179701,77551250.87588872,17806166.610922538,-37922755.006396934,82982676.69493628,-97670692.63710006,139865994.19152716,70982229.7211187,-20271183.623415526,13562378.88684293,-60565365.55958645,157661210.76760957,27277132.03156351,56524994.98621408,99847844.22567305,-7114479.619412779,2097080.8788997345,40571049.90456793,-51916273.80364193,27703399.286853954,-14981052.22369648,-30573306.83002157,46911916.78132562,4436523.900014418
-4650437.754619395,-20297179.379255798,26137844.336965386,34770722.08024901,-12905177.80046231,15013057.730707638,-13780043.147578362,-5932122.248564507,6369872.794731782,-12057892.127038792,3608851.7061220766,-12154455.271108532,-28124698.29945213,1449723.7030775289,-9175845.61643325,12551464.664407616,-45365247.32871391,-12304427.691026663,-7277964.037806132,-34487344.30514091,-17280728.157614045,17806166.610922538,4088387.67650119,-8707259.628436197,19053250.078255285,-22425693.921375748,32113952.61227122,16297885.533992695,-4654368.250414542,3113992.2029022826,-13906120.019743023,36199826.03888568,6262969.966354879,12978429.852388142,22925579.259511147,-1633521.0467177804,481500.5873432936,9315322.24194751,-11920243.85166305,6360843.06751785,-3439726.6852562698,-7019788.84499984,10771217.513838721,1018648.7362867098
9904288.820155576,43227999.28276905,-55667178.8090792,-74053088.156321,27484856.48474095,-31974122.01907132,29348102.893623132,12633964.356977208,-13566261.070202226,25680345.24039946,-7685967.540940339,25886001.8758678,59898691.015876286,-3087555.1710291854,19542295.133012697,-26731531.114714764,96616822.41002929,26205404.31334391,15500272.40034449,73449563.99562001,36803701.37052705,-37922755.006396934,-8707259.628436197,18544325.415456776,-40578735.69811081,47761214.165727444,-68394821.06500709,-34710488.24951509,9912659.422661914,-6632035.815051962,29616614.62081514,-77096727.73999737,-13338587.544006906,-27640864.47489527,-48825846.03885159,3479000.26350107,-1025476.4661299967,-19839342.82993178,25387187.50604655,-13547031.757362152,7325772.293964143,14950422.705397299,-22940045.05120245,-2169471.519967639
-21672591.579033826,-94591626.9438816,121811073.9194684,162043165.2666453,-60142434.1552498,69965857.81144954,-64219598.49841815,-27645669.792992484,29685731.809984095,-56193799.7415488,16818453.347232025,-56643816.55239359,-131070476.84595153,6756196.106143922,-42762501.780132316,58494012.42705047,-211417187.631835,-57342737.46359341,-33917739.70403117,-160722530.45333898,-80533958.45823096,82982676.69493628,19053250.078255285,-40578735.69811081,88794501.34677196,-104511215.55452234,149661732.72607124,75953583.79622672,-21690908.58035185,14512241.99346707,-64807157.95055934,168703265.9525357,29187529.68392067,60483813.37426091,106840847.65802395,-7612753.570367227,2243953.264833588,43412508.55213412,-55552313.02158523,29643651.04485381,-16030274.041349644,-32714557.407731023,50197467.62251693,4747242.954069137
25508661.86114824,111334438.51703958,-143371754.2456183,-190724967.22117805,70787705.80429591,-82349884.69831878,75586531.41865188,32538982.483555883,-34940135.1684188,66140158.25420365,-19795336.921370547,66669829.08207366,154270081.62522107,-7952049.846099217,50331507.3866992,-68847509.91333175,248838241.21044394,67492458.6424641,39921212.715448454,189170579.220222,94788549.59334165,-97670692.63710006,-22425693.921375748,47761214.165727444,-104511215.55452234,123009805.61897644,-176152008.23523444,-89397443.58479764,25530220.54671158,-17080922.10998653,76278088.7449112,-198563912.12049058,-34353752.210107505,-71189508.66712616,-125751784.1217954,8960219.53002356,-2641134.492922097,-51096564.08579313,65385127.584334485,-34890606.99974647,18867648.882421765,38505065.93655072,-59082469.92787815,-5587509.799472761
-36528811.7430057,-159432696.9062083,205310645.70387957,273121202.89585006,-101369126.06767541,117926351.52128965,-108241121.80507891,-46596342.08939517,50034832.889747955,-94713764.30192201,28347238.61788693,-95472260.96201846,-220917224.0874045,11387462.343854612,-72075523.31473498,98590735.9814434,-356340340.224628,-96650280.44335507,-57167815.52756401,-270895294.0559622,-135738718.70522866,139865994.19152716,32113952.61227122,-68394821.06500709,149661732.72607124,-176152008.23523444,252252493.02517483,128018568.99338505,-36559684.41461553,24460154.484784525,-109231443.44040611,284346697.5108776,49195121.9694529,101944514.81343234,180078565.87686545,-12831176.875224518,3782147.4086330417,73171098.19276787,-93632548.48397902,49963907.06616708,-27018774.67387442,-55139870.734396294,84607041.43856953,8001403.301957126
-18538434.060057614,-80912364.61862619,104195501.70388322,138609474.90935057,-51445003.843066745,59847824.01957183,-54932553.24212667,-23647722.912738264,25392762.640048582,-48067396.51759127,14386271.775340185,-48452334.85373552,-112115866.8880178,5779156.443557849,-36578450.67945325,50034965.9372146,-180843328.6134445,-49050181.640867636,-29012763.57058977,-137479822.43052235,-68887630.38907225,70982229.7211187,16297885.533992695,-34710488.24951509,75953583.79622672,-89397443.58479764,128018568.99338505,64969641.509880714,-18554102.099999085,12413569.968129255,-55435143.21435923,144306432.55562922,24966608.233626798,51737014.66357137,91390178.33672346,-6511844.274764645,1919446.1152103436,37134456.68696055,-47518677.469459824,25356767.748237815,-13712074.017122995,-27983578.114887945,42938217.28543059,4060725.8003533576
5294226.4693359025,23107042.551664185,-29756266.701389313,-39584247.01807016,14691720.916706828,-17091407.7452977,15687699.17679816,6753342.574634066,-7251693.295734857,13727140.31165317,-4108447.2655120944,13837071.30581502,32018173.242431525,-1650417.8014468818,10446114.380950116,-14289040.914671417,51645437.57238965,14007805.1902665,8285497.238309821,39261639.551302694,19673005.49068786,-20271183.623415526,-4654368.250414542,9912659.422661914,-21690908.58035185,25530220.54671158,-36559684.41461553,-18554102.099999085,5298701.133723935,-3545081.2386169937,15831229.599734128,-41211190.57596248,-7129991.582515035,-14775113.821226757,-26099308.125924464,1859659.6189272245,-548157.5926074681,-10604899.46706931,13570436.410732811,-7241413.689930937,3915909.1480722902,7991581.292413883,-12262343.354432503,-1159666.5582880224
-3542087.393108786,-15459702.407086698,19908347.324327733,26483729.176586438,-9829454.18800935,11434958.080164619,-10495811.238967448,-4518304.071314284,4851725.515570974,-9184104.583877524,2748744.863477947,-9257653.33543018,-21421668.988219127,1104207.3102800013,-6988943.353687289,9560043.413741728,-34553234.605671726,-9371882.963939844,-5543388.993046829,-26267889.279703606,-13162169.125751672,13562378.88684293,3113992.2029022826,-6632035.815051962,14512241.99346707,-17080922.10998653,24460154.484784525,12413569.968129255,-3545081.2386169937,2371827.2335880836,-10591840.101139944,27572231.24810183,4770300.305094444,9885248.363795167,17461668.872764766,-1244199.3732585632,366743.78819470195,7095179.112168267,-9079262.567009684,4844847.464153364,-2619927.9151808154,-5346745.408469868,8204086.290874591,775871.5796241885
15817860.792255014,69038222.17067473,-88904486.10654517,-118268100.38477306,43895288.252403446,-51064968.282004,46871029.135489374,20177344.908044424,-21666295.61189891,41013355.604059264,-12275041.157455688,41341802.841147274,95662512.47672658,-4931047.135418146,31210448.459341697,-42692178.49067247,154304003.69282538,41851914.182341516,24755050.03541349,117304227.77029039,58778155.0300931,-60565365.55958645,-13906120.019743023,29616614.62081514,-64807157.95055934,76278088.7449112,-109231443.44040611,-55435143.21435923,15831229.599734128,-10591840.101139944,47299862.766223505,-123129011.8077465,-21302679.97427782,-44144445.622878514,-77978383.61257735,5556210.25498431,-1637761.6639156658,-31684859.514714804,40545162.9383063,-21635582.63232698,11699784.18400317,23876900.726918213,-36636899.32388267,-3464801.5365361525
-41176389.76280795,-179717394.40735695,231432416.5076842,307870543.72891724,-114266368.55937119,132930177.72025125,-122012690.94012624,-52524817.350811265,56400788.096371345,-106764241.93009052,31953871.337465648,-107619242.59408759,-249024627.73681474,12836294.58567184,-81245726.65627638,111134481.49865764,-401677691.6937932,-108947141.59684956,-64441303.862060025,-305361431.67657864,-153008820.26394048,157661210.76760957,36199826.03888568,-77096727.73999737,168703265.9525357,-198563912.12049058,284346697.5108776,144306432.55562922,-41211190.57596248,27572231.24810183,-123129011.8077465,320524263.53319746,55454241.41224539,114914963.99060963,202990047.50070426,-14463694.283397853,4263351.293582312,82480691.29406643,-105545461.97984238,56320838.6508719,-30456386.19498244,-62155342.53230189,95371635.39417925,9019425.740593534
-7123970.589702479,-31093095.567449857,40040366.04419094,53265007.967941634,-19769345.492928762,22998390.775928117,-21109544.162935,-9087374.873728018,9757959.364210702,-18471394.43859885,5528373.20216551,-18619319.230535973,-43084013.71211638,2220820.896208375,-14056409.138115078,19227493.10175323,-69494681.93337762,-18849059.807395946,-11149057.746083694,-52830904.12436281,-26472217.351234462,27277132.03156351,6262969.966354879,-13338587.544006906,29187529.68392067,-34353752.210107505,49195121.9694529,24966608.233626798,-7129991.582515035,4770300.305094444,-21302679.97427782,55454241.41224539,9594197.580393028,19881559.29045135,35119522.34834341,-2502379.8196006883,737606.336746344,14270070.606841857,-18260531.546345282,9744127.724964784,-5269291.559722687,-10753561.059647933,16500347.234598659,1560460.4589190015
-14762637.08127145,-64432619.475660406,82973586.79515107,110378328.67750506,-40966994.133940056,47658378.30739276,-43744220.405879036,-18831296.870875545,20220916.945684347,-38277317.46006974,11456162.370825779,-38583853.9625814,-89280779.68365154,4602092.519406324,-29128371.277709186,39844144.18988009,-144010244.48553213,-39059934.74229511,-23103617.70541104,-109478757.06917755,-54857011.13725175,56524994.98621408,12978429.852388142,-27640864.47489527,60483813.37426091,-71189508.66712616,101944514.81343234,51737014.66357137,-14775113.821226757,9885248.363795167,-44144445.622878514,114914963.99060963,19881559.29045135,41199530.033029,72776375.06214297,-5185551.027028614,1528504.8509122934,29571133.0966018,-37840358.28085896,20192253.50249523,-10919281.084606346,-22284050.649392184,34192818.93983156,3233661.5281488416
-26077268.661599364,-113816165.084455,146567616.31514913,194976366.65011686,-72365615.36914891,84185523.97455277,-77271410.6442616,-33264299.661880713,35718976.68996621,-67614470.9757723,20236589.26867296,-68155948.3094601,-157708875.08134434,8129306.733008286,-51453433.57278822,70382171.77581859,-254385027.9861997,-68996915.27840836,-40811086.135021925,-193387330.01549047,-96901455.78647211,99847844.22567305,22925579.259511147,-48825846.03885159,106840847.65802395,-125751784.1217954,180078565.87686545,91390178.33672346,-26099308.125924464,17461668.872764766,-77978383.61257735,202990047.50070426,35119522.34834341,72776375.06214297,128554883.69134735,-9159949.062882612,2700007.575713284,52235544.690751866,-66842610.11770503,35668344.15017699,-19288222.452730436,-39363372.40464638,60399461.29904776,5712059.456114329
1858089.250639625,8109767.320078872,-10443413.449616298,-13892693.781524347,5156283.517476614,-5998489.94170394,5505836.367981137,2370189.458830162,-2545091.3509636456,4817748.841193026,-1441922.3942467223,4856331.168989498,11237264.787031665,-579239.3133511053,3666222.935534616,-5014955.192335814,18125752.403031837,4916251.9511800455,2907920.79520037,13779470.169717154,6904540.389055258,-7114479.619412779,-1633521.0467177804,3479000.26350107,-7612753.570367227,8960219.53002356,-12831176.875224518,-6511844.274764645,1859659.6189272245,-1244199.3732585632,5556210.25498431,-14463694.283397853,-2502379.8196006883,-5185551.027028614,-9159949.062882612,652676.8339464627,-192383.5415821921,-3721949.498374839,4762750.766063874,-2541484.3106766343,1374347.9939004558,2804766.4472800433,-4303656.002060011,-407002.7235345048
-547694.7310667615,-2390454.186431243,3078325.200716899,4095041.949841291,-1519877.2927354008,1768128.1597068708,-1622913.2256786553,-698641.4557603031,750197.5824968521,-1420090.3843548303,425024.0838357797,-1431462.682849292,-3312321.888323985,170737.80506228947,-1080664.0071695577,1478220.7231576857,-5342787.652436682,-1449125.8681177006,-857145.6792849546,-4061667.5110307685,-2035198.2426911818,2097080.8788997345,481500.5873432936,-1025476.4661299967,2243953.264833588,-2641134.492922097,3782147.4086330417,1919446.1152103436,-548157.5926074681,366743.78819470195,-1637761.6639156658,4263351.293582312,737606.336746344,1528504.8509122934,2700007.575713284,-192383.5415821921,56708.176865105626,1097091.4882665393,-1403879.5762867858,749133.7562020627,-405105.8643634025,-826739.8240574109,1268555.4953458002,119968.93417774679
-10595943.90847403,-46246780.354699805,59554636.84179701,79224502.21786432,-29404228.887985524,34206997.91399416,-31397595.516655583,-13516239.618993845,14513647.801533325,-27473703.09897674,8222707.422051462,-27693720.364677276,-64081649.558651894,3303170.801631353,-20907008.900309615,28598300.710037198,-103363948.59526938,-28035430.489367727,-16582718.099878777,-78578830.47312877,-39373846.89750189,40571049.90456793,9315322.24194751,-19839342.82993178,43412508.55213412,-51096564.08579313,73171098.19276787,37134456.68696055,-10604899.46706931,7095179.112168267,-31684859.514714804,82480691.29406643,14270070.606841857,29571133.0966018,52235544.690751866,-3721949.498374839,1097091.4882665393,21224805.02791818,-27160074.19140319,14493073.412486225,-7837358.965080789,-15994470.456147768,24542037.015021402,2320973.835490193
13558976.941895144,59179156.40418415,-76208400.44014071,-101378717.5632637,37626782.107134186,-43772589.386340365,40177569.58942087,17295901.320506018,-18572220.558851864,35156406.203373715,-10522092.983104294,35437949.38215339,82001340.92791648,-4226864.55553908,26753412.172012802,-36595483.30906218,132268481.2332136,35875213.611771464,21219882.519903198,100552491.72055219,50384287.63076211,-51916273.80364193,-11920243.85166305,25387187.50604655,-55552313.02158523,65385127.584334485,-93632548.48397902,-47518677.469459824,13570436.410732811,-9079262.567009684,40545162.9383063,-105545461.97984238,-18260531.546345282,-37840358.28085896,-66842610.11770503,4762750.766063874,-1403879.5762867858,-27160074.19140319,34755074.32406763,-18545893.81006301,10028986.035141848,20467138.174349535,-31404934.066227797,-2970007.426036631
-7235298.816322128,-31578995.868474487,40666087.630415,54097393.670982935,-20078285.661271404,23357792.060665634,-21439428.81368877,-9229384.966317695,9910449.990414174,-18760051.269450493,5614766.402250333,-18910287.556726154,-43757298.56192289,2255526.2312821406,-14276071.989213139,19527967.00361647,-70580692.64809333,-19143618.94095512,-11323287.020043604,-53656505.68566381,-26885905.71592153,27703399.286853954,6360843.06751785,-13547031.757362152,29643651.04485381,-34890606.99974647,49963907.06616708,25356767.748237815,-7241413.689930937,4844847.464153364,-21635582.63232698,56320838.6508719,9744127.724964784,20192253.50249523,35668344.15017699,-2541484.3106766343,749133.7562020627,14493073.412486225,-18545893.81006301,9896401.809984261,-5351636.148904169,-10921609.993388768,16758202.627328128,1584846.0667953256
3912602.4983353214,17076842.516144555,-21990831.347661294,-29254023.07650755,10857651.340784417,-12631096.286741635,11593710.960482482,4990936.358305027,-5359232.865703514,10144795.069696425,-3036273.9879822154,10226037.794527978,23662452.71875142,-1219711.6266176258,7720012.223413951,-10560057.586280322,38167628.31127663,10352215.343280312,6123246.892170475,29015605.970114637,14538979.727159938,-14981052.22369648,-3439726.6852562698,7325772.293964143,-16030274.041349644,18867648.882421765,-27018774.67387442,-13712074.017122995,3915909.1480722902,-2619927.9151808154,11699784.18400317,-30456386.19498244,-5269291.559722687,-10919281.084606346,-19288222.452730436,1374347.9939004558,-405105.8643634025,-7837358.965080789,10028986.035141848,-5351636.148904169,2893982.1368380324,5906033.648517955,-9062263.756572392,-857030.644236442
7984832.676713038,34850392.338580064,-44878852.995403655,-59701561.59928128,22158276.22779668,-25777520.146754067,23660426.038468916,10185493.444280647,-10937114.06771707,20703481.062066633,-6196422.455318479,20869280.62060981,48290294.45215975,-2489185.2479707175,15754988.046069417,-21550948.629051127,77892432.0383338,21126784.30480085,12496312.694956228,59215000.037878424,29671125.465775058,-30573306.83002157,-7019788.84499984,14950422.705397299,-32714557.407731023,38505065.93655072,-55139870.734396294,-27983578.114887945,7991581.292413883,-5346745.408469868,23876900.726918213,-62155342.53230189,-10753561.059647933,-22284050.649392184,-39363372.40464638,2804766.4472800433,-826739.8240574109,-15994470.456147768,20467138.174349535,-10921609.993388768,5906033.648517955,12053024.24409626,-18494252.381215014,-1749026.656721148
-12251988.750969531,-53474709.43614131,68862456.13944611,91606535.5080196,-33999830.07282179,39553225.40181313,-36304739.79636295,-15628700.946443575,16781991.261369035,-31767580.34755489,9507838.838252695,-32021985.005175825,-74096998.9722447,3819425.1750616054,-24174574.897392765,33067940.640550356,-119518747.37105758,-32417099.734534178,-19174437.474921767,-90859952.06247354,-45527603.33966207,46911916.78132562,10771217.513838721,-22940045.05120245,50197467.62251693,-59082469.92787815,84607041.43856953,42938217.28543059,-12262343.354432503,8204086.290874591,-36636899.32388267,95371635.39417925,16500347.234598659,34192818.93983156,60399461.29904776,-4303656.002060011,1268555.4953458002,24542037.015021402,-31404934.066227797,16758202.627328128,-9062263.756572392,-18494252.381215014,28377723.71196556,2683720.0083757318
-1158687.2717858888,-5057176.169942041,6512416.375653796,8663355.068108732,-3215410.3768529124,3740602.5467359456,-3433388.721425008,-1478027.637940514,1587095.7513406433,-3004303.4727944736,899169.2956441734,-3028362.883662085,-7007454.295838803,361208.25439433806,-2286222.567514824,3127280.1368785184,-11303051.05718849,-3065729.35355617,-1813352.7160016347,-8592749.693187296,-4305607.527686394,4436523.900014418,1018648.7362867098,-2169471.519967639,4747242.954069137,-5587509.799472761,8001403.301957126,4060725.8003533576,-1159666.5582880224,775871.5796241885,-3464801.5365361525,9019425.740593534,1560460.4589190015,3233661.5281488416,5712059.456114329,-407002.7235345048,119968.93417774679,2320973.835490193,-2970007.426036631,1584846.0667953256,-857030.644236442,-1749026.656721148,2683720.0083757318,253803.08134955005
