V1,V2,V3,V4,V5,V6,V7,V8,V9,V10,V11,V12,V13,V14,V15,V16,V17,V18,V19,V20,V21,V22,V23,V24,V25,V26,V27,V28,V29,V30,V31,V32,V33,V34,V35,V36,V37,V38,V39,V40,V41,V42,V43,V44
6888.236479637512,30064.217333499044,-38715.417393375414,-51502.374602073185,19115.11537682079,-22237.31248061,20411.016815869345,8786.601645645347,-9435.091562529286,17860.13283863675,-5345.415247360007,18003.14811874847,41658.30122479384,-2147.3254610293297,13591.243479922068,-18591.28321224136,67194.96659762043,18225.326299397202,10780.137029548512,51082.6191210246,25596.232927032564,-26374.52472668235,-6055.727684053093,12897.098879653684,-28221.69861732356,33216.92351692569,-47567.20634729043,-24140.43436086793,6894.052675236204,-4612.487230895663,20597.77264317622,-53619.16642311666,-9276.662240301343,-19223.640238929354,-33957.36873779397,2419.5142112996855,-713.2395331538349,-13797.917293712117,17656.28941485049,-9421.679930415976,5094.922244894951,10397.73761878255,-15954.330530547486,-1508.8150481924383
30064.217333499044,131217.83174736015,-168976.71118630288,-224785.63573468375,83428.915216436,-97056.04636268051,89085.49044105259,38349.09120629041,-41180.526491274795,77951.68959161149,-23330.261479345107,78575.67816778197,181820.65462324524,-9372.11099382508,59319.83366556656,-81143.62662908022,293276.8398412254,79545.92411385285,47050.92660676369,222953.33033784598,111716.59946707188,-115113.83166435856,-26430.810582286478,56289.33825461257,-123176.02456925306,144977.4327983952,-207610.68657054167,-105362.622544867,30089.63695765748,-20131.976871738218,89900.72875826409,-234024.513529562,-40488.14280807024,-83902.91108467165,-148209.38645591162,10559.56589272094,-3113.415787918888,-60222.71070275429,77062.25955757896,-41121.58225405995,22237.07196303155,45381.96481469596,-69633.76867816507,-6585.279117871935
-38715.417393375414,-168976.71118630288,217600.99286444677,289469.3964865943,-107436.24115917299,124984.68274589666,-114720.50020841435,-49384.36995610914,53030.51034238441,-100382.89364225663,30043.73162008247,-101186.44535236685,-234140.91233581697,12069.013457550907,-76389.57001128407,104493.25942394453,-377669.48464581964,-102435.84796810265,-60590.17666091009,-287109.8548885821,-143863.88379983354,148238.6784100763,34036.47071255368,-72487.08230135469,158620.82917654398,-186695.78406262526,267352.20473925426,135681.513211725,-38748.1575179738,25925.072676937805,-115770.31982811951,301366.84678077925,52138.94929317339,108046.60030942332,190857.7494134401,-13598.19391388581,4009.2845032876253,77552.19874069671,-99237.49411551154,52954.6251733163,-28635.960849629275,-58440.95033424376,89671.40510451113,8480.239896164489
-51502.374602073185,-224785.63573468375,289469.3964865943,385077.2009802032,-142922.0505044845,166266.18705601364,-152610.2686740091,-65697.59719055073,70544.20675782554,-133538.29127399105,39967.34698500222,-134607.96845926656,-311473.9202345489,16055.369062789556,-101620.36515152176,139003.5094050347,-502409.15361021855,-136268.24083742476,-80601.30644024283,-381939.1406627794,-191379.60234854385,197198.3533474371,45277.67872037861,-96431.99240505391,211009.4566342483,-248359.14351910737,355653.62898179656,180494.95721257274,-51545.89694644186,34486.108689146815,-154006.40531433554,400904.13428038306,69361.48419482139,143732.92764097368,253894.96861204784,-18091.62232629903,5331.953872821304,103163.9455262839,-132013.46626610306,70444.74323746761,-38094.172745671254,-77742.00347805284,119288.53473193171,11281.376992167587
19115.11537682079,83428.915216436,-107436.24115917299,-142922.0505044845,53046.15920216897,-61710.264419066516,56641.26206772259,24384.58603213399,-26182.044060312288,49563.07658144404,-14834.162288103473,49960.34514710556,115603.87450630515,-5959.029871995963,37716.698846223764,-51590.490210335694,186470.22672319555,50575.90111693938,29914.961391208668,141757.65728642602,71030.6658309046,-73189.94932712197,-16804.682391390386,35792.126679973146,-78315.91209254535,92179.01782120706,-132000.95395413786,-66990.90271400638,19131.25676026425,-12798.970158924907,57159.27373800967,-148796.22896203335,-25744.265799006924,-53346.71333402111,-94233.3707719571,6715.495867029052,-1978.39583063208,-38288.49294598417,48996.73139714821,-26145.659347092726,14138.77303289035,28853.645676629876,-44274.104351434944,-4187.175346943977
-22237.31248061,-97056.04636268051,124984.68274589666,166266.18705601364,-61710.264419066516,71789.57735136291,-65892.88992248438,-28367.06401601469,30458.739971361145,-57658.40847613774,17256.999991242457,-58120.44136887625,-134486.0990996463,6932.3278622643,-43877.091316072314,60017.40748455053,-216927.20441325073,-58836.83146033905,-34801.28241768679,-164911.47994705683,-82632.52979892975,85144.6656184822,19549.57040287281,-41637.664415836574,91107.9021265758,-107235.0030526807,153561.52271426423,77932.90133031699,-22256.100679895026,14889.7586307352,-66495.57821899142,173099.84466491608,29948.9157668553,62060.082518935604,109625.03955266079,-7812.018436150534,2301.7845766940477,44542.77633809362,-56999.73468942734,30416.163161436714,-16448.099728116016,-33566.64781705278,51505.61917871117,4871.045369352251
20411.016815869345,89085.49044105259,-114720.50020841435,-152610.2686740091,56641.26206772259,-65892.88992248438,60481.374764036605,26036.035730149175,-27957.891236063842,52922.5947018414,-15839.337872325848,53346.3080852507,123440.65474202062,-6362.8945275222895,40273.14859988293,-55089.29428540996,199110.05332147915,54004.790121084916,31943.455043522743,151366.40851422638,75845.99236460082,-78152.30328015657,-17944.202404135005,38216.05731617595,-83625.81598082544,98427.34914694235,-140949.79667953728,-71532.21111516538,20428.26396205616,-13667.681689821973,61034.76636895285,-158882.6927650166,-27488.202826248922,-56962.909062248866,-100621.48356068152,7169.27723757128,-2113.544107940254,-40885.7458556221,52318.61922036846,-27918.041239951486,15097.102355838859,30810.343306539984,-47275.39215489696,-4470.8511878871595
8786.601645645347,38349.09120629041,-49384.36995610914,-65697.59719055073,24384.58603213399,-28367.06401601469,26036.035730149175,11210.279733529525,-12034.299959933198,22783.038969822534,-6819.222422652997,22966.079778112493,53139.80943828303,-2739.2839983451786,17337.6064347717,-23713.39608246054,85715.90667179904,23247.98975642727,13750.560898899572,65162.82374882834,32650.64622628017,-33642.63801499747,-7724.34126857845,16454.714377710643,-35998.83112205733,42372.4950376479,-60676.64710017113,-30793.812662467546,8793.998339431151,-5882.38716579009,26273.904200441124,-68397.75062576531,-11834.996727348269,-24522.11907865065,-43316.36796563682,3088.186694763131,-908.5219722814263,-17598.665451362354,22522.060030917666,-12018.445824444574,6499.315872047415,13262.578048896445,-20351.605094143375,-1924.8736468741972
-9435.091562529286,-41180.526491274795,53030.51034238441,70544.20675782554,-26182.044060312288,30458.739971361145,-27957.891236063842,-12034.299959933198,12924.167845727605,-24463.395076779914,7321.519495796542,-24658.971451989004,-57060.744215858555,2941.2054099602215,-18616.148909795025,25466.022854586263,-92038.54443579321,-24964.056443402525,-14766.271201773725,-69968.91551946661,-35060.08525717022,36126.56318046047,8294.946874218187,-17664.065717482685,38656.75184215864,-45498.00353369082,65154.681767919275,33065.935850956615,-9443.079121653838,6318.546513829337,-28213.866181887493,73443.67578650956,12705.757106513098,26331.14289429108,46512.54740575476,-3313.1685020228047,977.5869911744873,18900.519016276343,-24184.639582207707,12905.166055897796,-6978.591311973297,-14242.57342849511,21853.126793833417,2066.5627169525633
17860.13283863675,77951.68959161149,-100382.89364225663,-133538.29127399105,49563.07658144404,-57658.40847613774,52922.5947018414,22783.038969822534,-24463.395076779914,46308.87731832113,-13860.061378786964,46679.88514630873,108013.86641481235,-5567.750324431645,35240.27262386289,-48203.81971106107,174227.1104556808,47255.45488703915,27951.092011851735,132450.1565328387,66367.1663349971,-68384.91971407826,-15701.488530405359,33441.330684604996,-73174.37033821766,86126.79257973726,-123334.56063670164,-62592.59280626629,17875.230989749984,-11959.033023628765,53406.70220122464,-139026.81750817836,-24053.57734294762,-49844.154010030856,-88046.458974596,6274.0751743366545,-1848.8645407634847,-35775.24976255882,45779.96957807629,-24429.04050897888,13210.431422409602,26959.505189112613,-41367.24070492157,-3912.2055628476555
-5345.415247360007,-23330.261479345107,30043.73162008247,39967.34698500222,-14834.162288103473,17256.999991242457,-15839.337872325848,-6819.222422652997,7321.519495796542,-13860.061378786964,4148.346939327294,-13971.22196736688,-32327.921740527454,1666.423903502625,-10547.29468675196,14426.765267337149,-52145.406704704394,-14143.191454674838,-8365.45843190224,-39641.80761499642,-19863.27835881914,20467.018970562276,4699.281371441252,-10009.379222214107,21900.449276024134,-25777.372996329217,36913.200505780966,18733.59984889303,-5349.922272287754,3579.002988543084,-15984.148948451984,41610.02046887789,7199.3973427493665,14918.108184363833,26351.78768006963,-1878.1427221244007,553.1046001552696,10706.909557432049,-13701.586881432555,7311.482095907717,-3953.844415409222,-8068.648397235109,12380.999349478498,1170.93850073009
18003.14811874847,78575.67816778197,-101186.44535236685,-134607.96845926656,49960.34514710556,-58120.44136887625,53346.3080852507,22966.079778112493,-24658.971451989004,46679.88514630873,-13971.22196736688,47054.047629673376,108878.95028016828,-5612.3735377047815,35522.63981194534,-48589.35821783276,175622.84454271878,47633.79562775984,28174.742249261628,133511.30813720042,66898.65490689343,-68932.32457243024,-15827.11573903337,33710.02842354844,-73760.10233588947,86816.7624318213,-124322.1690682614,-63093.9006480679,18018.353220672416,-12054.430932859404,53834.19814430986,-140140.42935655068,-24246.672906536925,-50243.42173710508,-88751.61028938423,6324.851518355436,-1863.310950940441,-36061.17147768568,46146.48411050106,-24624.70523220441,13316.286230641124,27175.165734805818,-41698.57812094416,-3943.604468701615
41658.30122479384,181820.65462324524,-234140.91233581697,-311473.9202345489,115603.87450630515,-134486.0990996463,123440.65474202062,53139.80943828303,-57060.744215858555,108013.86641481235,-32327.921740527454,108878.95028016828,251939.20801557644,-12986.541989242969,82196.68739456832,-112434.95820461735,406379.06007522315,110222.20261724372,65195.43683178737,308935.5267223874,154799.59577518623,-159506.3385620713,-36623.45704526296,77999.44855053013,-170677.62475470014,200887.96442472172,-287674.5972473681,-145995.3947198566,41693.51171446016,-27894.768232998853,124570.00197018836,-324275.7325834748,-56103.48155295992,-116259.9522789515,-205365.83000017426,14633.213460609251,-4313.087274340635,-83445.77814821489,106780.69596388606,-56980.01374561698,30812.862628576047,62882.69416154479,-96487.8639324746,-9125.01892881056
-2147.3254610293297,-9372.11099382508,12069.013457550907,16055.369062789556,-5959.029871995963,6932.3278622643,-6362.8945275222895,-2739.2839983451786,2941.2054099602215,-5567.750324431645,1666.423903502625,-5612.3735377047815,-12986.541989242969,669.4245600393513,-4236.96523789203,5795.493110158427,-20947.43343270024,-5681.517896705904,-3360.5470804569222,-15924.572361672264,-7979.34176151294,8221.912366636052,1887.7836903687084,-4020.7628402081127,8797.74319798806,-10355.07425052192,14828.536274317226,7525.528501266832,-2149.1378923698703,1437.784073611655,-6421.070333509099,16715.261964293517,2892.0213492562852,5992.783115216138,10585.85630535826,-754.388208400877,222.23868019116446,4301.189595095836,-5504.125583417108,2937.1152967568296,-1588.3036732859678,-3241.3195494768697,4973.60546826825,470.3654248970161
13591.243479922068,59319.83366556656,-76389.57001128407,-101620.36515152176,37716.698846223764,-43877.091316072314,40273.14859988293,17337.6064347717,-18616.148909795025,35240.27262386289,-10547.29468675196,35522.63981194534,82196.68739456832,-4236.96523789203,26817.271052960503,-36682.18533519413,132583.8754348924,35960.56635313044,21270.255910575448,100792.34051672049,50504.24205572669,-52039.68414378994,-11948.538378574762,25448.442940448673,-55684.37342648079,65541.03091521401,-93855.43134523122,-47631.87262415177,13602.73153251893,-9100.543438708259,40641.52543866712,-105797.01862130983,-18304.44043608518,-37930.560737123684,-67001.83000122542,4774.571132817165,-1406.8931195359687,-27224.233377720582,34837.72739347994,-18590.077792820186,10052.91281557373,20515.664238172456,-31479.757845850774,-2977.1400838059803
-18591.28321224136,-81143.62662908022,104493.25942394453,139003.5094050347,-51590.490210335694,60017.40748455053,-55089.29428540996,-23713.39608246054,25466.022854586263,-48203.81971106107,14426.765267337149,-48589.35821783276,-112434.95820461735,5795.493110158427,-36682.18533519413,50178.92529287692,-181357.0042225078,-49190.162741240616,-29095.909519459197,-137870.06758120243,-69083.84151126261,71185.08220129472,16344.610124763836,-34806.79712056826,76170.6619470673,-89651.38615900108,128383.43951944572,65154.53089927404,-18607.01373954274,12450.014762503808,-55593.613879732504,144716.69193146398,25036.35870813552,51884.09912048224,91650.31657132487,-6528.888190825417,1925.9885532408791,37241.89200690413,-47654.317168127134,25428.906180267593,-13750.950218409107,-28063.952371456846,43060.35948444413,4072.1219429972925
67194.96659762043,293276.8398412254,-377669.48464581964,-502409.15361021855,186470.22672319555,-216927.20441325073,199110.05332147915,85715.90667179904,-92038.54443579321,174227.1104556808,-52145.406704704394,175622.84454271878,406379.06007522315,-20947.43343270024,132583.8754348924,-181357.0042225078,655491.9685227661,177788.635175306,105160.12275167622,498315.1121055781,249692.3449549747,-257283.86117489234,-59073.55794733328,125815.20110447104,-275303.13534828386,324033.54322017595,-464020.0524591959,-235491.2269628043,67251.7421179818,-44993.60003794451,200931.48218527695,-523058.52285573265,-90496.07436964776,-187527.94048189305,-331255.97673166526,23604.47863025756,-6956.270704753793,-134597.1849276296,172237.46188313898,-91909.0492033198,49701.398254022024,101429.55221387923,-155635.40916765798,-14718.806608317376
18225.326299397202,79545.92411385285,-102435.84796810265,-136268.24083742476,50575.90111693938,-58836.83146033905,54004.790121084916,23247.98975642727,-24964.056443402525,47255.45488703915,-14143.191454674838,47633.79562775984,110222.20261724372,-5681.517896705904,35960.56635313044,-49190.162741240616,177788.635175306,48221.795151968145,28522.843610421856,135157.54849330155,67724.11139608486,-69783.47248379544,-16022.67763140583,34123.753800954495,-74670.88792339995,87887.39711675435,-125856.39514467465,-63872.27610519272,18240.743692326658,-12204.120255926391,54498.96539670917,-141868.9706075563,-24544.671677513343,-50863.13801407882,-89846.57754465195,6401.58504289654,-1887.234306662717,-36507.58845132761,46716.137458785255,-24928.47631491107,13480.43651316752,27511.068164756147,-42212.95373108541,-3992.116493873402
10780.137029548512,47050.92660676369,-60590.17666091009,-80601.30644024283,29914.961391208668,-34801.28241768679,31943.455043522743,13750.560898899572,-14766.271201773725,27951.092011851735,-8365.45843190224,28174.742249261628,65195.43683178737,-3360.5470804569222,21270.255910575448,-29095.909519459197,105160.12275167622,28522.843610421856,16871.159689186297,79944.21356830356,40058.23923576025,-41276.50542857821,-9477.361667266892,20183.260906756866,-44167.38633057105,51984.46898275803,-74443.0505656043,-37779.87935818921,10789.265493705945,-7218.901106064495,32235.817409315998,-83914.11497260012,-14517.62649061589,-30085.03248658362,-53143.4498734746,3786.0916615214387,-1116.5380500439987,-21594.341281399677,27632.279418564405,-14744.957945505228,7973.520763072822,16272.736993031041,-24968.56326690206,-2361.246717355451
51082.6191210246,222953.33033784598,-287109.8548885821,-381939.1406627794,141757.65728642602,-164911.47994705683,151366.40851422638,65162.82374882834,-69968.91551946661,132450.1565328387,-39641.80761499642,133511.30813720042,308935.5267223874,-15924.572361672264,100792.34051672049,-137870.06758120243,498315.1121055781,135157.54849330155,79944.21356830356,378826.89127667673,189819.88259639978,-195590.94110995583,-44908.550684177004,95647.06941095188,-209289.4500491062,246335.30140113953,-352754.9868498165,-179024.01014456723,51125.774479214335,-34204.61920310783,152751.03505806287,-397637.0974558136,-68796.72414300896,-142561.61438064522,-251825.81102781038,17944.754229007878,-5288.073980018162,-102322.50762958215,130937.46198032584,-69870.65522392908,37783.78260183287,77108.15109136833,-118316.41101564781,-11189.492634875001
25596.232927032564,111716.59946707188,-143863.88379983354,-191379.60234854385,71030.6658309046,-82632.52979892975,75845.99236460082,32650.64622628017,-35060.08525717022,66367.1663349971,-19863.27835881914,66898.65490689343,154799.59577518623,-7979.34176151294,50504.24205572669,-69083.84151126261,249692.3449549747,67724.11139608486,40058.23923576025,189819.88259639978,95113.94554862438,-98005.95835358037,-22502.662993284826,47925.09464602212,-104869.93738242507,123432.03067259837,-176756.65080557225,-89704.31170991041,25617.84915244299,-17139.57440310902,76539.92811289792,-199245.46579947337,-34471.64139734305,-71433.84514625138,-126183.41757861339,8990.936053185791,-2650.220343705894,-51271.97529948339,65609.59256699345,-35010.369038272096,18932.423181463004,38637.245884862976,-59285.28073668971,-5606.6791164491415
-26374.52472668235,-115113.83166435856,148238.6784100763,197198.3533474371,-73189.94932712197,85144.6656184822,-78152.30328015657,-33642.63801499747,36126.56318046047,-68384.91971407826,20467.018970562276,-68932.32457243024,-159506.3385620713,8221.912366636052,-52039.68414378994,71185.08220129472,-257283.86117489234,-69783.47248379544,-41276.50542857821,-195590.94110995583,-98005.95835358037,100986.25177039015,23187.03645277861,-49381.127500100454,108058.98778768556,-127184.7845289377,182131.23878986653,92431.78371104495,-26396.8221113004,17661.21870676035,-78867.4656394498,205303.39022048377,35519.161163949146,73605.74519248262,130020.08879287913,-9263.61741096805,2731.2925520148356,52831.72851788472,-67604.64024785098,36074.85528166155,-19507.990107826132,-39812.36615163539,61087.82978606488,5777.073761305404
-6055.727684053093,-26430.810582286478,34036.47071255368,45277.67872037861,-16804.682391390386,19549.57040287281,-17944.202404135005,-7724.34126857845,8294.946874218187,-15701.488530405359,4699.281371441252,-15827.11573903337,-36623.45704526296,1887.7836903687084,-11948.538378574762,16344.610124763836,-59073.55794733328,-16022.67763140583,-9477.361667266892,-44908.550684177004,-22502.662993284826,23187.03645277861,5323.9025737758075,-11337.893394333938,24810.98885636041,-29202.2036152913,41818.29779883203,21222.79796332185,-6060.8575714602675,4055.2194071199224,-18108.435933681587,47138.64467903064,8155.24347257563,16900.228932324342,29853.268655457945,-2126.8144788878076,627.2251980987365,12130.613646433076,-15522.399889267552,8282.961385716322,-4479.112120360395,-9141.198212891655,14026.057991477115,1326.4247849387837
12897.098879653684,56289.33825461257,-72487.08230135469,-96431.99240505391,35792.126679973146,-41637.664415836574,38216.05731617595,16454.714377710643,-17664.065717482685,33441.330684604996,-10009.379222214107,33710.02842354844,77999.44855053013,-4020.7628402081127,25448.442940448673,-34806.79712056826,125815.20110447104,34123.753800954495,20183.260906756866,95647.06941095188,47925.09464602212,-49381.127500100454,-11337.893394333938,24152.65169826813,-52839.59970844685,62195.02815347131,-89062.09060686201,-45199.63653501455,12907.970821089391,-8634.198384757261,38565.20760341199,-100395.31494996324,-17371.684835890122,-35993.96592432123,-63580.43687511979,4532.996873058709,-1333.476091114507,-25831.49908186801,33058.191380864824,-17640.856552457368,9539.793903009877,19466.975799288666,-29872.387888836744,-2825.378812303872
-28221.69861732356,-123176.02456925306,158620.82917654398,211009.4566342483,-78315.91209254535,91107.9021265758,-83625.81598082544,-35998.83112205733,38656.75184215864,-73174.37033821766,21900.449276024134,-73760.10233588947,-170677.62475470014,8797.74319798806,-55684.37342648079,76170.6619470673,-275303.13534828386,-74670.88792339995,-44167.38633057105,-209289.4500491062,-104869.93738242507,108058.98778768556,24810.98885636041,-52839.59970844685,115627.0958521136,-136092.359975449,194887.09191608246,98905.38068745323,-28245.573790371225,18898.16472741559,-84391.0825160137,219682.13831766657,38006.7964452127,78760.84781488313,139126.25286637558,-9912.406355604475,2922.5915583627902,56531.90932794304,-72339.42425164892,38601.41185643544,-20874.250717399602,-42600.6978196236,65366.19593845319,6181.685299741868
33216.92351692569,144977.4327983952,-186695.78406262526,-248359.14351910737,92179.01782120706,-107235.0030526807,98427.34914694235,42372.4950376479,-45498.00353369082,86126.79257973726,-25777.372996329217,86816.7624318213,200887.96442472172,-10355.07425052192,65541.03091521401,-89651.38615900108,324033.54322017595,87887.39711675435,51984.46898275803,246335.30140113953,123432.03067259837,-127184.7845289377,-29202.2036152913,62195.02815347131,-136092.359975449,160181.58931113046,-229382.0129851679,-116411.88593587803,33244.98060367485,-22241.98224112369,99327.75475112327,-258566.86577020976,-44735.49541968253,-92701.89380322774,-163751.89005061553,11668.552283985702,-3438.751544100095,-66536.29751600779,85143.2549509984,-45433.994214840044,24569.214756176167,50140.32024842783,-76936.25720718101,-7276.047635124031
-47567.20634729043,-207610.68657054167,267352.20473925426,355653.62898179656,-132000.95395413786,153561.52271426423,-140949.79667953728,-60676.64710017113,65154.681767919275,-123334.56063670164,36913.200505780966,-124322.1690682614,-287674.5972473681,14828.536274317226,-93855.43134523122,128383.43951944572,-464020.0524591959,-125856.39514467465,-74443.0505656043,-352754.9868498165,-176756.65080557225,182131.23878986653,41818.29779883203,-89062.09060686201,194887.09191608246,-229382.0129851679,328478.940418431,166703.57396699014,-47607.410808092216,31851.799687015555,-142239.4323084364,370271.2828496195,64060.79694992635,132750.35303905408,234495.20772946725,-16708.256530744704,4925.246107288917,95282.46610628316,-121926.76862376866,65062.13076554345,-35183.356121585144,-71802.32585809128,110173.81817352024,10419.25689198226
-24140.43436086793,-105362.622544867,135681.513211725,180494.95721257274,-66990.90271400638,77932.90133031699,-71532.21111516538,-30793.812662467546,33065.935850956615,-62592.59280626629,18733.59984889303,-63093.9006480679,-145995.3947198566,7525.528501266832,-47631.87262415177,65154.53089927404,-235491.2269628043,-63872.27610519272,-37779.87935818921,-179024.01014456723,-89704.31170991041,92431.78371104495,21222.79796332185,-45199.63653501455,98905.38068745323,-116411.88593587803,166703.57396699014,84602.39381224115,-24160.83167147659,16164.640342759987,-72186.64714130083,187913.45271629439,32511.223209785985,67371.07224403993,119006.74798851184,-8479.747556123562,2499.366974539168,48355.697885585774,-61878.0001090254,33019.15178823267,-17855.648963345226,-36439.67843576857,55913.43129471444,5287.8188729961785
6894.052675236204,30089.63695765748,-38748.1575179738,-51545.89694644186,19131.25676026425,-22256.100679895026,20428.26396205616,8793.998339431151,-9443.079121653838,17875.230989749984,-5349.922272287754,18018.353220672416,41693.51171446016,-2149.1378923698703,13602.73153251893,-18607.01373954274,67251.7421179818,18240.743692326658,10789.265493705945,51125.774479214335,25617.84915244299,-26396.8221113004,-6060.8575714602675,12907.970821089391,-28245.573790371225,33244.98060367485,-47607.410808092216,-24160.83167147659,6899.887698230936,-4616.403227466303,20615.19186378342,-53664.481737941234,-9284.491174120647,-19239.887031136386,-33986.06734134472,2421.544128048326,-713.8515170097821,-13809.60877225963,17671.205224053712,-9429.638812083544,5099.218509548572,10406.53839475412,-15967.799261766231,-1510.0898182889055
-4612.487230895663,-20131.976871738218,25925.072676937805,34486.108689146815,-12798.970158924907,14889.7586307352,-13667.681689821973,-5882.38716579009,6318.546513829337,-11959.033023628765,3579.002988543084,-12054.430932859404,-27894.768232998853,1437.784073611655,-9100.543438708259,12450.014762503808,-44993.60003794451,-12204.120255926391,-7218.901106064495,-34204.61920310783,-17139.57440310902,17661.21870676035,4055.2194071199224,-8634.198384757261,18898.16472741559,-22241.98224112369,31851.799687015555,16164.640342759987,-4616.403227466303,3089.3842899095866,-13792.96934400501,35903.551687565785,6210.786843371493,12872.19484253166,22738.17805179224,-1619.0394170677403,478.3746127316735,9240.491760636858,-11823.100723988904,6308.815944182045,-3411.4947572641368,-6962.956880507989,10683.104594145336,1010.1974024237877
20597.77264317622,89900.72875826409,-115770.31982811951,-154006.40531433554,57159.27373800967,-66495.57821899142,61034.76636895285,26273.904200441124,-28213.866181887493,53406.70220122464,-15984.148948451984,53834.19814430986,124570.00197018836,-6421.070333509099,40641.52543866712,-55593.613879732504,200931.48218527695,54498.96539670917,32235.817409315998,152751.03505806287,76539.92811289792,-78867.4656394498,-18108.435933681587,38565.20760341199,-84391.0825160137,99327.75475112327,-142239.4323084364,-72186.64714130083,20615.19186378342,-13792.96934400501,61593.328144547144,-160336.21197628952,-27739.437468017277,-57484.030255490434,-101542.05990908014,7234.588117616083,-2133.1024135996495,-41260.17651508138,52797.35307650816,-28173.453364947996,15235.190026394199,31092.374471234194,-47707.87927363348,-4511.736698117167
-53619.16642311666,-234024.513529562,301366.84678077925,400904.13428038306,-148796.22896203335,173099.84466491608,-158882.6927650166,-68397.75062576531,73443.67578650956,-139026.81750817836,41610.02046887789,-140140.42935655068,-324275.7325834748,16715.261964293517,-105797.01862130983,144716.69193146398,-523058.52285573265,-141868.9706075563,-83914.11497260012,-397637.0974558136,-199245.46579947337,205303.39022048377,47138.64467903064,-100395.31494996324,219682.13831766657,-258566.86577020976,370271.2828496195,187913.45271629439,-53664.481737941234,35903.551687565785,-160336.21197628952,417381.60132219346,72212.24872117527,149640.43439548876,264330.24781600636,-18835.126457788236,5551.122861031417,107404.12060987568,-137439.3492198357,73340.07146687437,-39659.87258839761,-80937.29398498943,124191.38130516435,11745.02663384824
-9276.662240301343,-40488.14280807024,52138.94929317339,69361.48419482139,-25744.265799006924,29948.9157668553,-27488.202826248922,-11834.996727348269,12705.757106513098,-24053.57734294762,7199.3973427493665,-24246.672906536925,-56103.48155295992,2892.0213492562852,-18304.44043608518,25036.35870813552,-90496.07436964776,-24544.671677513343,-14517.62649061589,-68796.72414300896,-34471.64139734305,35519.161163949146,8155.24347257563,-17371.684835890122,38006.7964452127,-44735.49541968253,64060.79694992635,32511.223209785985,-9284.491174120647,6210.786843371493,-27739.437468017277,72212.24872117527,12494.67737241935,25889.689213723457,45732.179560676275,-3259.983631287777,959.4985318680517,18580.680164114816,-23778.25556391769,12688.708648133152,-6861.738877312696,-14002.467427016263,21486.6016623324,2032.1769747520773
-19223.640238929354,-83902.91108467165,108046.60030942332,143732.92764097368,-53346.71333402111,62060.082518935604,-56962.909062248866,-24522.11907865065,26331.14289429108,-49844.154010030856,14918.108184363833,-50243.42173710508,-116259.9522789515,5992.783115216138,-37930.560737123684,51884.09912048224,-187527.94048189305,-50863.13801407882,-30085.03248658362,-142561.61438064522,-71433.84514625138,73605.74519248262,16900.228932324342,-35993.96592432123,78760.84781488313,-92701.89380322774,132750.35303905408,67371.07224403993,-19239.887031136386,12872.19484253166,-57484.030255490434,149640.43439548876,25889.689213723457,53649.39041542177,94768.17935373702,-6752.84252491511,1990.1957850132567,38506.708629623456,-49274.99481442179,26294.02367401487,-14218.92807101494,-29017.77556737355,44525.327856797405,4210.864508721689
-33957.36873779397,-148209.38645591162,190857.7494134401,253894.96861204784,-94233.3707719571,109625.03955266079,-100621.48356068152,-43316.36796563682,46512.54740575476,-88046.458974596,26351.78768006963,-88751.61028938423,-205365.83000017426,10585.85630535826,-67001.83000122542,91650.31657132487,-331255.97673166526,-89846.57754465195,-53143.4498734746,-251825.81102781038,-126183.41757861339,130020.08879287913,29853.268655457945,-63580.43687511979,139126.25286637558,-163751.89005061553,234495.20772946725,119006.74798851184,-33986.06734134472,22738.17805179224,-101542.05990908014,264330.24781600636,45732.179560676275,94768.17935373702,167401.99101608904,-11928.079734348963,3515.796600876858,68020.06713241943,-87041.2755686308,46446.714042056534,-25116.80974512207,-51258.24444783174,78651.16141722965,7438.163162781373
2419.5142112996855,10559.56589272094,-13598.19391388581,-18091.62232629903,6715.495867029052,-7812.018436150534,7169.27723757128,3088.186694763131,-3313.1685020228047,6274.0751743366545,-1878.1427221244007,6324.851518355436,14633.213460609251,-754.388208400877,4774.571132817165,-6528.888190825417,23604.47863025756,6401.58504289654,3786.0916615214387,17944.754229007878,8990.936053185791,-9263.61741096805,-2126.8144788878076,4532.996873058709,-9912.406355604475,11668.552283985702,-16708.256530744704,-8479.747556123562,2421.544128048326,-1619.0394170677403,7234.588117616083,-18835.126457788236,-3259.983631287777,-6752.84252491511,-11928.079734348963,851.5170711115669,-249.41061921874933,-4844.914589496491,6201.6298908027875,-3309.5609272518673,1789.8251218929825,3651.600915931688,-5604.29357528144,-530.1963867176144
-713.2395331538349,-3113.415787918888,4009.2845032876253,5331.953872821304,-1978.39583063208,2301.7845766940477,-2113.544107940254,-908.5219722814263,977.5869911744873,-1848.8645407634847,553.1046001552696,-1863.310950940441,-4313.087274340635,222.23868019116446,-1406.8931195359687,1925.9885532408791,-6956.270704753793,-1887.234306662717,-1116.5380500439987,-5288.073980018162,-2650.220343705894,2731.2925520148356,627.2251980987365,-1333.476091114507,2922.5915583627902,-3438.751544100095,4925.246107288917,2499.366974539168,-713.8515170097821,478.3746127316735,-2133.1024135996495,5551.122861031417,959.4985318680517,1990.1957850132567,3515.796600876858,-249.41061921874933,74.64110828773546,1429.8496582961598,-1828.3389479570578,975.4501974240213,-527.3939299920055,-1077.0649091364617,1651.7850677006393,156.09799375685392
-13797.917293712117,-60222.71070275429,77552.19874069671,103163.9455262839,-38288.49294598417,44542.77633809362,-40885.7458556221,-17598.665451362354,18900.519016276343,-35775.24976255882,10706.909557432049,-36061.17147768568,-83445.77814821489,4301.189595095836,-27224.233377720582,37241.89200690413,-134597.1849276296,-36507.58845132761,-21594.341281399677,-102322.50762958215,-51271.97529948339,52831.72851788472,12130.613646433076,-25831.49908186801,56531.90932794304,-66536.29751600779,95282.46610628316,48355.697885585774,-13809.60877225963,9240.491760636858,-41260.17651508138,107404.12060987568,18580.680164114816,38506.708629623456,68020.06713241943,-4844.914589496491,1429.8496582961598,27640.526161049296,-35367.74572217267,18872.538154339323,-10205.471627493373,-20828.517673158174,31958.04120223027,3022.1316114038923
17656.28941485049,77062.25955757896,-99237.49411551154,-132013.46626610306,48996.73139714821,-56999.73468942734,52318.61922036846,22522.060030917666,-24184.639582207707,45779.96957807629,-13701.586881432555,46146.48411050106,106780.69596388606,-5504.125583417108,34837.72739347994,-47654.317168127134,172237.46188313898,46716.137458785255,27632.279418564405,130937.46198032584,65609.59256699345,-67604.64024785098,-15522.399889267552,33058.191380864824,-72339.42425164892,85143.2549509984,-121926.76862376866,-61878.0001090254,17671.205224053712,-11823.100723988904,52797.35307650816,-137439.3492198357,-23778.25556391769,-49274.99481442179,-87041.2755686308,6201.6298908027875,-1828.3389479570578,-35367.74572217267,45257.55657351973,-24150.128013884794,13059.547055833964,26652.109377232726,-40894.947532398255,-3867.4460817985305
-9421.679930415976,-41121.58225405995,52954.6251733163,70444.74323746761,-26145.659347092726,30416.163161436714,-27918.041239951486,-12018.445824444574,12905.166055897796,-24429.04050897888,7311.482095907717,-24624.70523220441,-56980.01374561698,2937.1152967568296,-18590.077792820186,25428.906180267593,-91909.0492033198,-24928.47631491107,-14744.957945505228,-69870.65522392908,-35010.369038272096,36074.85528166155,8282.961385716322,-17640.856552457368,38601.41185643544,-45433.994214840044,65062.13076554345,33019.15178823267,-9429.638812083544,6308.815944182045,-28173.453364947996,73340.07146687437,12688.708648133152,26294.02367401487,46446.714042056534,-3309.5609272518673,975.4501974240213,18872.538154339323,-24150.128013884794,12886.933969153826,-6968.821723126251,-14221.894558739838,21822.255864919665,2063.769536310008
5094.922244894951,22237.07196303155,-28635.960849629275,-38094.172745671254,14138.77303289035,-16448.099728116016,15097.102355838859,6499.315872047415,-6978.591311973297,13210.431422409602,-3953.844415409222,13316.286230641124,30812.862628576047,-1588.3036732859678,10052.91281557373,-13750.950218409107,49701.398254022024,13480.43651316752,7973.520763072822,37783.78260183287,18932.423181463004,-19507.990107826132,-4479.112120360395,9539.793903009877,-20874.250717399602,24569.214756176167,-35183.356121585144,-17855.648963345226,5099.218509548572,-3411.4947572641368,15235.190026394199,-39659.87258839761,-6861.738877312696,-14218.92807101494,-25116.80974512207,1789.8251218929825,-527.3939299920055,-10205.471627493373,13059.547055833964,-6968.821723126251,3768.5218719928457,7690.6550993568435,-11800.750105356696,-1116.0275617034088
10397.73761878255,45381.96481469596,-58440.95033424376,-77742.00347805284,28853.645676629876,-33566.64781705278,30810.343306539984,13262.578048896445,-14242.57342849511,26959.505189112613,-8068.648397235109,27175.165734805818,62882.69416154479,-3241.3195494768697,20515.664238172456,-28063.952371456846,101429.55221387923,27511.068164756147,16272.736993031041,77108.15109136833,38637.245884862976,-39812.36615163539,-9141.198212891655,19466.975799288666,-42600.6978196236,50140.32024842783,-71802.32585809128,-36439.67843576857,10406.53839475412,-6962.956880507989,31092.374471234194,-80937.29398498943,-14002.467427016263,-29017.77556737355,-51258.24444783174,3651.600915931688,-1077.0649091364617,-20828.517673158174,26652.109377232726,-14221.894558739838,7690.6550993568435,15695.567395189568,-24082.826840355065,-2277.465192601594
-15954.330530547486,-69633.76867816507,89671.40510451113,119288.53473193171,-44274.104351434944,51505.61917871117,-47275.39215489696,-20351.605094143375,21853.126793833417,-41367.24070492157,12380.999349478498,-41698.57812094416,-96487.8639324746,4973.60546826825,-31479.757845850774,43060.35948444413,-155635.40916765798,-42212.95373108541,-24968.56326690206,-118316.41101564781,-59285.28073668971,61087.82978606488,14026.057991477115,-29872.387888836744,65366.19593845319,-76936.25720718101,110173.81817352024,55913.43129471444,-15967.799261766231,10683.104594145336,-47707.87927363348,124191.38130516435,21486.6016623324,44525.327856797405,78651.16141722965,-5604.29357528144,1651.7850677006393,31958.04120223027,-40894.947532398255,21822.255864919665,-11800.750105356696,-24082.826840355065,36953.015880912186,3494.708051364487
-1508.8150481924383,-6585.279117871935,8480.239896164489,11281.376992167587,-4187.175346943977,4871.045369352251,-4470.8511878871595,-1924.8736468741972,2066.5627169525633,-3912.2055628476555,1170.93850073009,-3943.604468701615,-9125.01892881056,470.3654248970161,-2977.1400838059803,4072.1219429972925,-14718.806608317376,-3992.116493873402,-2361.246717355451,-11189.492634875001,-5606.6791164491415,5777.073761305404,1326.4247849387837,-2825.378812303872,6181.685299741868,-7276.047635124031,10419.25689198226,5287.8188729961785,-1510.0898182889055,1010.1974024237877,-4511.736698117167,11745.02663384824,2032.1769747520773,4210.864508721689,7438.163162781373,-530.1963867176144,156.09799375685392,3022.1316114038923,-3867.4460817985305,2063.769536310008,-1116.0275617034088,-2277.465192601594,3494.708051364487,330.53285550770204
