V1,V2,V3,V4,V5,V6,V7,V8,V9,V10,V11,V12,V13,V14,V15,V16,V17,V18,V19,V20,V21,V22,V23,V24,V25,V26,V27,V28,V29,V30,V31,V32,V33,V34,V35,V36,V37,V38,V39,V40,V41,V42,V43,V44
1.2283769790581005,0.8179934268847694,0.8528851570613717,-0.5807400566942893,1.3314018435042436,3.291111219395069,2.184158729464196,-0.8341535988840308,-0.8737658848612117,-1.3163104159638859,-0.6244234715886543,-1.845951395768677,-1.5731552222820357,-1.9395474566518511,-0.062274154621260715,-2.1659112768723228,-0.4243356599275588,-0.4776431097177791,-0.035204887078066405,-0.2148656067878218,1.3399005365639474,2.8123375557189156,-0.16536765718442595,1.5718965755012921,0.013639352866472457,-2.3853992660789376,1.2247165526140291,-2.5437504431831903,-0.4964656308958055,0.9517240053791441,0.6116946071603186,1.3119501505523186,-4.136721394646647,0.30408305981302775,1.3930953666334143,-0.48215084191474855,-0.5489294036142678,-1.2230674940003832,-1.3347569307767193,-1.1480374729581564,1.7744246378503727,-2.8424037609468096,1.2880762169388724,0.26391455065647773
0.8179934268847694,1.1499670397429025,0.8329757330357495,0.06259616917751805,1.8520794562752716,3.1327222657857403,2.560193877083726,-1.1827607071179391,0.0018919945275893643,-0.3493710510800375,-0.31864304567202956,-0.24900871382323264,0.0034445226991356398,-1.0542537765288278,0.7241541006052553,-2.0603004408379664,0.1899227815090175,-0.21401937340906202,0.524235606573411,0.14747443105885363,0.913005797717393,1.7301131181811844,-0.253751092189863,1.9775990213098467,0.19955344793972332,-2.747282271099696,1.445062853500458,-1.2983235368703232,-0.3478643723543081,0.7698235100817016,-0.4801626968080552,1.3798967291926456,-3.2271144897769157,-0.8036751872924036,1.9206386781700464,-0.4172944076009083,-0.9175635344027184,0.30678257347255916,-0.6679589890012614,0.24030449131534432,0.46286447982289336,-2.022445918741905,1.431946871073036,0.5002095374599856
0.8528851570613717,0.8329757330357495,0.7411912318699554,-0.20458154147480975,1.386675097626715,2.7673218465789162,2.060072808163831,-0.9005049019463643,-0.3659837921226347,-0.680155754923341,-0.40439240280169375,-0.8531959338433344,-0.6508768824638816,-1.2870453899127132,0.314546661368119,-1.8340094910701383,-0.07328105213799264,-0.27020949847019665,0.24272195192014004,-0.0492772017292128,1.0061232298555611,1.9079656859165108,-0.1930261997296189,1.5712809790556908,0.099902416531251,-2.2126163868647666,1.1473939283658072,-1.6588111095783407,-0.3743709574852479,0.7219500463239338,0.05115512858734421,1.176540636413955,-3.148731306312287,-0.26598511738821423,1.4263467892313915,-0.40569637070209313,-0.6505035110248493,-0.33877233701710835,-0.8279991011095112,-0.3781886419760462,0.9205630257549886,-2.0763920040623125,1.1754606752049286,0.34081916259963935
-0.5807400566942893,0.06259616917751805,-0.20458154147480975,0.6161206570377238,0.09602951620247502,-0.8431549264228424,-0.19326138808052046,-0.08052186078304882,0.8470036936789307,1.0164765564059917,0.35569962984286324,1.5918607774897937,1.5179508152867456,1.0790845767943493,0.5903793502744751,0.556956931379146,0.546031520834898,0.30402919208179835,0.4314326964831002,0.31258452062557607,-0.6030637310183226,-1.4256391880781232,-0.03190247886225344,-0.05421123660018689,0.14631602154204149,0.251441316718621,-0.12095845450227,1.4694000679554249,0.2194658349366176,-0.35489589593865534,-0.9418101338309339,-0.23260732875744725,1.5874765159121125,-0.8933395487799222,0.09160546103788209,0.14152397258622146,-0.15300251864793735,1.4033133499146866,0.7835761231142959,1.2910220417463334,-1.3759761234640262,1.2390040100197113,-0.17553735106408824,0.12156950810802666
1.3314018435042436,1.8520794562752716,1.386675097626715,0.09602951620247502,3.064753416465874,5.159443602173784,4.219799436783919,-1.980022219271555,-0.011692252381247263,-0.5680716105625473,-0.5288198145260918,-0.37038193728795576,-0.0013386282321996524,-1.747227925630813,1.2330125957968403,-3.395999216496849,0.33996955158728925,-0.30962023257069143,0.8830033057111513,0.20302205918609448,1.5505850079596137,2.8056921837390534,-0.4183591385539272,3.3382654002559193,0.32031276434282635,-4.498467357797001,2.4170565689585057,-2.1281798013293285,-0.5989243349405874,1.259426870238054,-0.7902268028486495,2.3039583721395354,-5.279794205319661,-1.3663118310974627,3.133137947136414,-0.7069249682395696,-1.538714505090085,0.5475091145465385,-1.0375930636240411,0.36001867466311016,0.7584609881753906,-3.3007917985131936,2.3483343317295966,0.8274361937626195
3.291111219395069,3.1327222657857403,2.7673218465789162,-0.8431549264228424,5.159443602173784,10.450386891421797,7.723112825064472,-3.3192603184667253,-1.4664384781086366,-2.6980675913909824,-1.5682768034903256,-3.4447777560726447,-2.6365193444859956,-4.946014001679087,1.051586772301676,-6.904968500722495,-0.38516484984779004,-1.085554427390421,0.8238866095895269,-0.18938144520624486,3.7841750797198226,7.371075238233936,-0.7024338118769544,5.803523522123824,0.365722940016322,-8.31660265986652,4.286926796821974,-6.38715860545455,-1.4072668508752195,2.7566972513279326,0.3072900908698332,4.411528906337706,-11.994946431413407,-0.8267464992254402,5.346714396037205,-1.5268046988493515,-2.389222740198796,-1.511186866237939,-3.249046334012413,-1.5582927416699288,3.640803472552085,-7.930902988306627,4.417078928987623,1.248844263688149
2.184158729464196,2.560193877083726,2.060072808163831,-0.19326138808052046,4.219799436783919,7.723112825064472,6.046528383412267,-2.7298187385018533,-0.5096528864171828,-1.3648206260419984,-0.9773250550787858,-1.5029811502472727,-0.917361198119161,-3.117266631040537,1.3164340939125374,-5.101206950222044,0.12470049273865824,-0.6271187861169315,1.0021458434405024,0.09235662984810615,2.56230746059205,4.78766793633271,-0.5870509444514151,4.627145762247342,0.4061032298512805,-6.4733161963281285,3.355381892042345,-3.958817531299226,-0.9592983869311932,1.934622628248273,-0.5004815121827682,3.3610719872037094,-8.369245680837036,-1.3728895011457631,4.361074588446176,-1.1141629477314132,-2.042403455881825,-0.10056985452824198,-1.9801469611280709,-0.2354252881033127,1.8383230951141105,-5.382726024100744,3.4053688678530545,1.097670494573619
-0.8341535988840308,-1.1827607071179391,-0.9005049019463643,-0.08052186078304882,-1.980022219271555,-3.3192603184667253,-2.7298187385018533,1.296042160347986,-0.00099860647985935665,0.33570664596461663,0.3438326503514407,0.21096716606063734,-0.014145501079864174,1.1266428359345302,-0.8035517569002987,2.196177529999827,-0.23285023222535128,0.18258979486253005,-0.5922118977788942,-0.11647585711036183,-1.0244700521559533,-1.7748060882876047,0.2794303827068818,-2.163711708965025,-0.21890859749407562,2.89905006445556,-1.5396956047095918,1.3858923816370394,0.39076039603284296,-0.7917205360774354,0.5061422521605383,-1.4937842764174167,3.3856256028370026,0.9117537975102256,-2.019654712270855,0.47305449827494256,1.0001559075747535,-0.3844964654365888,0.6534359099038282,-0.24472034467152737,-0.45301605417253904,2.1135705775951927,-1.5149653095236244,-0.5411975854111319
-0.8737658848612117,0.0018919945275893643,-0.3659837921226347,0.8470036936789307,-0.011692252381247263,-1.4664384781086366,-0.5096528864171828,-0.00099860647985935665,1.2074579706379784,1.4528169286750066,0.5561420524466063,2.31350748016227,2.1817031663395205,1.657230592892992,0.8156580538207907,0.9825495677167406,0.7756066316695309,0.44960126558017766,0.5488545846581606,0.4515376442416398,-0.9800271828647004,-2.178089766427507,-0.007086741829668624,-0.20570735320666161,0.16040585548970882,0.6032408506650799,-0.22588885829176122,2.2897541236680765,0.34274590966695584,-0.5376798420021801,-1.3423924581815085,-0.45449619048445883,2.556565789701949,-1.2036616200971468,-0.042651700500686715,0.27316902441367763,-0.15005570978177918,1.9918654593721523,1.206424539075974,1.8145964032595616,-1.971973115790795,1.9524817869019984,-0.378391493581116,0.12067291669059728
-1.3163104159638859,-0.3493710510800375,-0.680155754923341,1.0164765564059917,-0.5680716105625473,-2.6980675913909824,-1.3648206260419984,0.33570664596461663,1.4528169286750066,1.8763259766207043,0.7567444719242773,2.8600369741282536,2.620876448877562,2.2937948698824533,0.757195388389763,1.7816555826590892,0.8793412782910938,0.6131249153654412,0.5237062340554668,0.4834059575881759,-1.4178916033824571,-3.1515251873049603,0.05393628321156011,-0.8414143458542421,0.1489803376063461,1.5400940598598503,-0.738218294783659,3.0963316110296897,0.5121822469640427,-0.8976573503261596,-1.4503549314140165,-0.9523442929292808,4.032555103857977,-1.224777741291474,-0.6211248530868196,0.43148635108294614,0.09295603162706903,2.3142667570875055,1.6452371463957525,2.1154254998822144,-2.536879070170304,2.9464710522445783,-0.8770243721017695,0.003559540294927118
-0.6244234715886543,-0.31864304567202956,-0.40439240280169375,0.35569962984286324,-0.5288198145260918,-1.5682768034903256,-0.9773250550787858,0.3438326503514407,0.5561420524466063,0.7567444719242773,0.36634391742794153,1.1574418090648322,1.019949385158609,1.0858422526498743,0.19688953860970923,1.0444237177849673,0.31695207827046257,0.2672564641844068,0.09144619778798448,0.17764342329716395,-0.7373210905900363,-1.5020017519871276,0.07697666515267282,-0.6291507550293979,-0.005539277421959605,1.0687976447715613,-0.4728813708888686,1.4804087759046434,0.257548874318383,-0.44589286384503474,-0.5072630601528305,-0.6097480265154291,2.1105796760858233,-0.3289829443371255,-0.5756440351687856,0.27137542074044807,0.1860507141162247,0.8499308224428089,0.7698920749700187,0.7655570397268494,-1.0264082680306286,1.4829606835551077,-0.5856062506563471,-0.09289844511529134
-1.845951395768677,-0.24900871382323264,-0.8531959338433344,1.5918607774897937,-0.37038193728795576,-3.4447777560726447,-1.5029811502472727,0.21096716606063734,2.31350748016227,2.8600369741282536,1.1574418090648322,4.572875807594914,4.219099878055887,3.4219471510497703,1.5032716053826343,2.301116007579981,1.5024678895563974,0.9461505078747099,0.9556817695946012,0.82016045277578975,-2.061261150876785,-4.587831297410833,0.046259325126797125,-0.6740829340393294,0.23177970121499664,1.7393408286807857,-0.6290884596991915,4.753211602697993,0.7069554448494073,-1.1671917815647035,-2.525580077236832,-1.1309775397003452,5.612796514207153,-2.2055300626841685,-0.5019519433983551,0.6289183042871751,-0.1420429587878127,3.845676871821806,2.5451672851347182,3.4141373363995315,-3.877411568776159,4.197092266651663,-1.025385865338696,0.12870484956393077
-1.5731552222820357,0.0034445226991356398,-0.6508768824638816,1.5179508152867456,-0.0013386282321996524,-2.6365193444859956,-0.917361198119161,-0.014145501079864174,2.1817031663395205,2.620876448877562,1.019949385158609,4.219099878055887,3.9619610192185415,3.009542463350237,1.518762709380742,1.7695877733796874,1.4271304125132618,0.8263768755805705,0.9937574796466521,0.8148912431376258,-1.7747048932377405,-3.9534512420444936,-0.008155284184238313,-0.308837140318553,0.26972926386445467,1.0908040168705553,-0.3515512397836041,4.1888869885160105,0.6103983977980294,-0.9540542291509895,-2.4553791974125123,-0.8105538182976619,4.632621366939617,-2.2016428851671166,-0.08345921754762324,0.50858686536741,-0.29189506786399005,3.640175397841188,2.221140361626533,3.2736167104569747,-3.557572882285253,3.5389767772721994,-0.6826209719608082,0.2181189832850089
-1.9395474566518511,-1.0542537765288278,-1.2870453899127132,1.0790845767943493,-1.747227925630813,-4.946014001679087,-3.117266631040537,1.1266428359345302,1.657230592892992,2.2937948698824533,1.0858422526498743,3.4219471510497703,3.009542463350237,3.293447417994927,0.46814643801593897,3.2903905700838374,0.8956434938716387,0.8051146236523373,0.23617570158485826,0.5081718796413243,-2.251424985288759,-4.599944249426441,0.24303488746308444,-2.1147227631123138,0.0028162504404773245,3.4067550142328047,-1.605220542909709,4.438313019817727,0.8029762697136451,-1.4240775213381893,-1.4306565968485145,-1.9317066892705277,6.5407735205582345,-0.8871013321321205,-1.863489040983379,0.8086008467709254,0.6510541313632277,2.4552373881306364,2.2981007965529665,2.2660878723835345,-3.1099464880140326,4.5781334432328755,-1.8647937762632965,-0.3133366569783604
-0.062274154621260715,0.7241541006052553,0.314546661368119,0.5903793502744751,1.2330125957968403,1.051586772301676,1.3164340939125374,-0.8035517569002987,0.8156580538207907,0.757195388389763,0.19688953860970923,1.5032716053826343,1.518762709380742,0.46814643801593897,1.124857690280442,-0.6749825649937373,0.7102377902588187,0.21467851932872375,0.7244795665574876,0.3813119035513945,-0.06235724820615682,-0.41672663334331544,-0.15922475107463827,1.2935676991903964,0.19762384323861681,-1.3509679371645913,0.9047205216922756,0.8197777085027821,-0.02069696933131825,0.16042147802117218,-1.2789948418069845,0.6187844648504048,-0.3048881128130495,-1.4083938291676732,1.186098435353945,-0.06589479947227223,-0.7476699606277616,1.648750083387038,0.4958894656934311,1.3623378034806721,-1.0329769390557586,0.057178565198400116,0.6646771937125567,0.40665132576308227
-2.1659112768723228,-2.0603004408379664,-1.8340094910701383,0.556956931379146,-3.395999216496849,-6.904968500722495,-5.101206950222044,2.196177529999827,0.9825495677167406,1.7816555826590892,1.0444237177849673,2.301116007579981,1.7695877733796874,3.2903905700838374,-0.6749825649937373,4.575016740129025,0.2624338095365725,0.7174532968816537,-0.5464642612467094,0.14046718347921308,-2.5266272821578637,-4.877029730164065,0.4714603685446912,-3.82141903566497,-0.24836882327406684,5.490372822947495,-2.8031341262907614,4.270053750156612,0.9333575856394525,-1.81061582138884,-0.23648848766273134,-2.9141662760764158,7.943400757318365,0.5380598031039697,-3.5242082280695017,1.0213105009229375,1.5713084221543356,1.0168903349310128,2.1623289275355835,1.0493417232735478,-2.408709968733446,5.258393650450762,-2.9188327215760204,-0.8248729186785564
-0.4243356599275588,0.1899227815090175,-0.07328105213799264,0.546031520834898,0.33996955158728925,-0.38516484984779004,0.12470049273865824,-0.23285023222535128,0.7756066316695309,0.8793412782910938,0.31695207827046257,1.5024678895563974,1.4271304125132618,0.8956434938716387,0.7102377902588187,0.2624338095365725,0.5700018130510899,0.2808963317674091,0.4568966399090387,0.30196811823210007,-0.4578054205342685,-1.137969632252094,-0.04707721258993674,0.30033852095671204,0.11789864118137595,-0.08396282027258133,0.1695871192554363,1.2989529001867213,0.1436019097982648,-0.20046210411379173,-0.9768763628304487,-0.03201870553279553,1.107628212942264,-0.9611426982274551,0.29281524908250006,0.11106232783557844,-0.28691071650104577,1.3974253967779982,0.7212319199907062,1.1983821950943638,-1.1926709487346605,0.9242663869035217,0.005463156777964848,0.16765131138193093
-0.4776431097177791,-0.21401937340906202,-0.27020949847019665,0.30402919208179835,-0.30962023257069143,-1.085554427390421,-0.6271187861169315,0.18258979486253005,0.44960126558017766,0.6131249153654412,0.2672564641844068,0.9461505078747099,0.8263768755805705,0.8051146236523373,0.21467851932872375,0.7174532968816537,0.2808963317674091,0.22999791271716877,0.1280966761059036,0.12637569189399192,-0.5049141414932399,-1.1447735012870726,0.040813731087502816,-0.3617215950431363,0.018169840688904714,0.7089484446269839,-0.3020847518091661,1.103131095921613,0.17494140511881504,-0.33465956453073414,-0.4315275581400722,-0.39076179282993795,1.5358163084731953,-0.3462443954936465,-0.3596366878638489,0.16955336127070816,0.08163471703607608,0.7328053018360576,0.6093714454230421,0.6276836927949355,-0.8269999696339811,1.0985935829076423,-0.39126392361442125,-0.03826010423879733
-0.035204887078066405,0.524235606573411,0.24272195192014004,0.4314326964831002,0.8830033057111513,0.8238866095895269,1.0021458434405024,-0.5922118977788942,0.5488545846581606,0.5237062340554668,0.09144619778798448,0.9556817695946012,0.9937574796466521,0.23617570158485826,0.7244795665574876,-0.5464642612467094,0.4568966399090387,0.1280966761059036,0.5282961696508305,0.2463883209169079,0.037854556455695805,-0.2011013984561577,-0.1369734328949554,0.873615696868109,0.18211193246648075,-1.0305453693077782,0.5644418175982752,0.38648715082173796,-0.02273081949774087,0.09636209760189345,-0.822503019504943,0.46934835059603325,-0.36170975431499114,-0.9647392074786739,0.889507992919525,-0.10449292862624777,-0.5166848629783044,1.080077463534621,0.25014784308256555,0.9358057792743809,-0.7081612598432611,-0.0642827875420021,0.5110797188033139,0.3033232227520276
-0.2148656067878218,0.14747443105885363,-0.0492772017292128,0.31258452062557607,0.20302205918609448,-0.18938144520624486,0.09235662984810615,-0.11647585711036183,0.4515376442416398,0.4834059575881759,0.17764342329716395,0.82016045277578975,0.8148912431376258,0.5081718796413243,0.3813119035513945,0.14046718347921308,0.30196811823210007,0.12637569189399192,0.2463883209169079,0.20456007663822967,-0.2922529567514914,-0.5929593459264296,-0.023913681390047313,0.1313476874049601,0.07331225538836177,-0.09104432081912758,0.09263840059377591,0.7289673757543739,0.09665027332482938,-0.09669698139800725,-0.5663694838438399,-0.024864021358237252,0.5775961855401188,-0.5176074490445284,0.2073844188777931,0.07346917175643979,-0.1524139825102684,0.759355628441242,0.3602988238741658,0.7076072249775975,-0.6625739471957104,0.49052019048808704,0.02158991129318339,0.09618447216830404
1.3399005365639474,0.913005797717393,1.0061232298555611,-0.6030637310183226,1.5505850079596137,3.7841750797198226,2.56230746059205,-1.0244700521559533,-0.9800271828647004,-1.4178916033824571,-0.7373210905900363,-2.061261150876785,-1.7747048932377405,-2.251424985288759,-0.06235724820615682,-2.5266272821578637,-0.4578054205342685,-0.5049141414932399,0.037854556455695805,-0.2922529567514914,1.636913571451628,3.1525009327129134,-0.22882568475818285,1.827857730731777,0.06644329455990199,-2.7656430361182074,1.326383687838702,-3.016938320674055,-0.5851546252603866,1.025731214912302,0.7296561492175124,1.5418319815314903,-4.738606319954821,0.2610769551713809,1.6220882550606546,-0.6233592804679906,-0.6514153188833325,-1.3291705462029322,-1.5163715308722976,-1.2772529902522785,1.928860441146985,-3.249998137791664,1.4978324987404497,0.33482460627913885
2.8123375557189156,1.7301131181811844,1.9079656859165108,-1.4256391880781232,2.8056921837390534,7.371075238233936,4.78766793633271,-1.7748060882876047,-2.178089766427507,-3.1515251873049603,-1.5020017519871276,-4.587831297410833,-3.9534512420444936,-4.599944249426441,-0.41672663334331544,-4.877029730164065,-1.137969632252094,-1.1447735012870726,-0.2011013984561577,-0.5929593459264296,3.1525009327129134,6.564740804829536,-0.3717005041983094,3.3097192970187073,0.029406570064275724,-5.23963029925159,2.5488765516724787,-6.136926426518627,-1.1389977348756837,2.119918578848824,1.7212465909286883,2.901621390810531,-9.500360817613197,0.9830886453236046,2.9850119586143053,-1.1403620788242006,-1.099593674907424,-3.1721904700172026,-3.219620753209667,-2.9116824887916084,4.2595299551977295,-6.585501570257326,2.8445063545923803,0.5377286754847277
-0.16536765718442595,-0.253751092189863,-0.1930261997296189,-0.03190247886225344,-0.4183591385539272,-0.7024338118769544,-0.5870509444514151,0.2794303827068818,-0.007086741829668624,0.05393628321156011,0.07697666515267282,0.046259325126797125,-0.008155284184238313,0.24303488746308444,-0.15922475107463827,0.4714603685446912,-0.04707721258993674,0.040813731087502816,-0.1369734328949554,-0.023913681390047313,-0.22882568475818285,-0.3717005041983094,0.06842037593183393,-0.4386490024326739,-0.05949034198122024,0.6251645995147265,-0.2949805375379101,0.3218680676253355,0.07939941319747235,-0.15384616002434282,0.09779644191450933,-0.3148040111176192,0.7245453198442643,0.19774700639063292,-0.43855915591815947,0.11098761134215576,0.20702289515017347,-0.08262849957965401,0.15362786333552328,-0.06726873375736675,-0.07526545742885495,0.45367392363619263,-0.3267558125960653,-0.12096553612036022
1.5718965755012921,1.9775990213098467,1.5712809790556908,-0.05421123660018689,3.3382654002559193,5.803523522123824,4.627145762247342,-2.163711708965025,-0.20570735320666161,-0.8414143458542421,-0.6291507550293979,-0.6740829340393294,-0.308837140318553,-2.1147227631123138,1.2935676991903964,-3.82141903566497,0.30033852095671204,-0.3617215950431363,0.873615696868109,0.1313476874049601,1.827857730731777,3.3097192970187073,-0.4386490024326739,3.7692392842144997,0.28079935100001896,-4.919744742401196,2.7536843217424423,-2.548044352713088,-0.7236960813429903,1.4688360423839693,-0.6937628254963971,2.5810607910703065,-6.0409867673173965,-1.3488945110911286,3.3547862582183456,-0.7838384098163931,-1.6811824209857433,0.36951402989101684,-1.2038208196935518,0.08175621965928545,1.1308174389721637,-3.8235815263827533,2.583498010179261,0.869750150317041
0.013639352866472457,0.19955344793972332,0.099902416531251,0.14631602154204149,0.32031276434282635,0.365722940016322,0.4061032298512805,-0.21890859749407562,0.16040585548970882,0.1489803376063461,-0.005539277421959605,0.23177970121499664,0.26972926386445467,0.0028162504404773245,0.19762384323861681,-0.24836882327406684,0.11789864118137595,0.018169840688904714,0.18211193246648075,0.07331225538836177,0.06644329455990199,0.029406570064275724,-0.05949034198122024,0.28079935100001896,0.08695360467305963,-0.42388821557378187,0.1631817014464655,-0.008337152355676206,-0.015045004539053388,0.0378154893722375,-0.2259419713971676,0.19061737581654428,-0.2610280524583363,-0.2966418137553333,0.35088678808118723,-0.07131439801790708,-0.17189256091313532,0.2920125780153572,0.0028366195986611847,0.289355849618759,-0.19995324420473234,-0.11881509655004578,0.21234858893843928,0.11322388615271246
-2.3853992660789376,-2.747282271099696,-2.2126163868647666,0.251441316718621,-4.498467357797001,-8.31660265986652,-6.4733161963281285,2.89905006445556,0.6032408506650799,1.5400940598598503,1.0687976447715613,1.7393408286807857,1.0908040168705553,3.4067550142328047,-1.3509679371645913,5.490372822947495,-0.08396282027258133,0.7089484446269839,-1.0305453693077782,-0.09104432081912758,-2.7656430361182074,-5.23963029925159,0.6251645995147265,-4.919744742401196,-0.42388821557378187,6.947724354163189,-3.5842110253918573,4.340871071324357,1.0315723401594137,-2.0982989262297536,0.4669418169866272,-3.5968429510210456,9.076356676135298,1.3828820487420057,-4.663613755793186,1.1906139321480058,2.160787241320934,0.2277938970366753,2.1980592621569683,0.3360328909166486,-2.0720074144272558,5.85672219918353,-3.6557169901173734,-1.1638112043109923
1.2247165526140291,1.445062853500458,1.1473939283658072,-0.12095845450227,2.4170565689585057,4.286926796821974,3.355381892042345,-1.5396956047095918,-0.22588885829176122,-0.738218294783659,-0.4728813708888686,-0.6290884596991915,-0.3515512397836041,-1.605220542909709,0.9047205216922756,-2.8031341262907614,0.1695871192554363,-0.3020847518091661,0.5644418175982752,0.09263840059377591,1.326383687838702,2.5488765516724787,-0.2949805375379101,2.7536843217424423,0.1631817014464655,-3.5842110253918573,2.0704732354162725,-1.902159268829723,-0.5388692295313436,1.1333225979686756,-0.45575883291118263,1.8831030535289612,-4.515720248934601,-0.8777764735178768,2.4197280056635897,-0.5432771454858075,-1.2083005094133263,0.13600870718549593,-0.9303430101238953,-0.06220560152450793,0.9838106191859014,-2.877202249121885,1.882632291179726,0.6077831761094689
-2.5437504431831903,-1.2983235368703232,-1.6588111095783407,1.4694000679554249,-2.1281798013293285,-6.38715860545455,-3.958817531299226,1.3858923816370394,2.2897541236680765,3.0963316110296897,1.4804087759046434,4.753211602697993,4.1888869885160105,4.438313019817727,0.8197777085027821,4.270053750156612,1.2989529001867213,1.103131095921613,0.38648715082173796,0.7289673757543739,-3.016938320674055,-6.136926426518627,0.3218680676253355,-2.548044352713088,-0.008337152355676206,4.340871071324357,-1.902159268829723,6.071151793509948,1.0489345013302662,-1.8208116989824021,-2.1052473823288453,-2.4623989541282247,8.627649473503858,-1.3672829987372845,-2.325518425973533,1.0938785801451198,0.7386753259346895,3.489573766812944,3.1574166127598584,3.150341434612107,-4.205370881760871,6.078562708836889,-2.3859094452936613,-0.37171274816000377
-0.4964656308958055,-0.3478643723543081,-0.3743709574852479,0.2194658349366176,-0.5989243349405874,-1.4072668508752195,-0.9592983869311932,0.39076039603284296,0.34274590966695584,0.5121822469640427,0.257548874318383,0.7069554448494073,0.6103983977980294,0.8029762697136451,-0.02069696933131825,0.9333575856394525,0.1436019097982648,0.17494140511881504,-0.02273081949774087,0.09665027332482938,-0.5851546252603866,-1.1389977348756837,0.07939941319747235,-0.7236960813429903,-0.015045004539053388,1.0315723401594137,-0.5388692295313436,1.0489345013302662,0.21796837923320145,-0.3915895257079257,-0.22269112194913845,-0.5796677058347361,1.7262625676777634,-0.06000724243846485,-0.6105524938703774,0.217845076247986,0.26256479866814675,0.4383009760646783,0.5215590481597763,0.44516893205955427,-0.6947791652437445,1.1766520584421019,-0.5577480807364926,-0.12682783391914118
0.9517240053791441,0.7698235100817016,0.7219500463239338,-0.35489589593865534,1.259426870238054,2.7566972513279326,1.934622628248273,-0.7917205360774354,-0.5376798420021801,-0.8976573503261596,-0.44589286384503474,-1.1671917815647035,-0.9540542291509895,-1.4240775213381893,0.16042147802117218,-1.81061582138884,-0.20046210411379173,-0.33465956453073414,0.09636209760189345,-0.09669698139800725,1.025731214912302,2.119918578848824,-0.15384616002434282,1.4688360423839693,0.0378154893722375,-2.0982989262297536,1.1333225979686756,-1.8208116989824021,-0.3915895257079257,0.7796279770533454,0.24212655138070108,1.1323015351421755,-3.2791794928655107,-0.014711559850774917,1.2946116825426015,-0.3791347255618076,-0.5643746745013367,-0.654957847592808,-0.944445569914213,-0.6563836340243338,1.2072126330579092,-2.2065360126715112,1.122347350838359,0.2751097580469938
0.6116946071603186,-0.4801626968080552,0.05115512858734421,-0.9418101338309339,-0.7902268028486495,0.3072900908698332,-0.5004815121827682,0.5061422521605383,-1.3423924581815085,-1.4503549314140165,-0.5072630601528305,-2.525580077236832,-2.4553791974125123,-1.4306565968485145,-1.2789948418069845,-0.23648848766273134,-0.9768763628304487,-0.4315275581400722,-0.822503019504943,-0.5663694838438399,0.7296561492175124,1.7212465909286883,0.09779644191450933,-0.6937628254963971,-0.2259419713971676,0.4669418169866272,-0.45575883291118263,-2.1052473823288453,-0.22269112194913845,0.24212655138070108,1.7479641996122914,-0.08751817713275344,-1.5258109528403587,1.7062573428476728,-0.7402653051702951,-0.15812547454234427,0.5823903969405407,-2.397394254755435,-1.1314934929605025,-2.104943836242644,1.9774138619212451,-1.3539883035202436,-0.1724746609034254,-0.33853094174731985
1.3119501505523186,1.3798967291926456,1.176540636413955,-0.23260732875744725,2.3039583721395354,4.411528906337706,3.3610719872037094,-1.4937842764174167,-0.45449619048445883,-0.9523442929292808,-0.6097480265154291,-1.1309775397003452,-0.8105538182976619,-1.9317066892705277,0.6187844648504048,-2.9141662760764158,-0.03201870553279553,-0.39076179282993795,0.46934835059603325,-0.024864021358237252,1.5418319815314903,2.901621390810531,-0.3148040111176192,2.5810607910703065,0.19061737581654428,-3.5968429510210456,1.8831030535289612,-2.4623989541282247,-0.5796677058347361,1.1323015351421755,-0.08751817713275344,1.9040830186149567,-4.902724705560643,-0.5894360797946261,2.3669194888542684,-0.6462688271775482,-1.1013771584752994,-0.3224130354885261,-1.2224190052807486,-0.400546011066363,1.285621860532953,-3.1937210693603473,1.901853637056961,0.5789698312445041
-4.136721394646647,-3.2271144897769157,-3.148731306312287,1.5874765159121125,-5.279794205319661,-11.994946431413407,-8.369245680837036,3.3856256028370026,2.556565789701949,4.032555103857977,2.1105796760858233,5.612796514207153,4.632621366939617,6.5407735205582345,-0.3048881128130495,7.943400757318365,1.107628212942264,1.5358163084731953,-0.36170975431499114,0.5775961855401188,-4.738606319954821,-9.500360817613197,0.7245453198442643,-6.0409867673173965,-0.2610280524583363,9.076356676135298,-4.515720248934601,8.627649473503858,1.7262625676777634,-3.2791794928655107,-1.5258109528403587,-4.902724705560643,14.576842985716464,-0.24412025511603644,-5.542149934359307,1.8175350120757623,2.2885403878833195,3.347700475498367,4.457800964047407,3.1679025726721943,-5.4514347686612465,9.873885006811149,-4.868739470096081,-1.1781286066255126
0.30408305981302775,-0.8036751872924036,-0.26598511738821423,-0.8933395487799222,-1.3663118310974627,-0.8267464992254402,-1.3728895011457631,0.9117537975102256,-1.2036616200971468,-1.224777741291474,-0.3289829443371255,-2.2055300626841685,-2.2016428851671166,-0.8871013321321205,-1.4083938291676732,0.5380598031039697,-0.9611426982274551,-0.3462443954936465,-0.9647392074786739,-0.5176074490445284,0.2610769551713809,0.9830886453236046,0.19774700639063292,-1.3488945110911286,-0.2966418137553333,1.3828820487420057,-0.8777764735178768,-1.3672829987372845,-0.06000724243846485,-0.014711559850774917,1.7062573428476728,-0.5894360797946261,-0.24412025511603644,1.8641979213512256,-1.3340475557778269,0.04987429450006984,0.8601951456208995,-2.298026806419262,-0.8023768066009036,-1.9691075833652776,1.6612906543598123,-0.5119481774150197,-0.6628219000471486,-0.4935595626653774
1.3930953666334143,1.9206386781700464,1.4263467892313915,0.09160546103788209,3.133137947136414,5.346714396037205,4.361074588446176,-2.019654712270855,-0.042651700500686715,-0.6211248530868196,-0.5756440351687856,-0.5019519433983551,-0.08345921754762324,-1.863489040983379,1.186098435353945,-3.5242082280695017,0.29281524908250006,-0.3596366878638489,0.889507992919525,0.2073844188777931,1.6220882550606546,2.9850119586143053,-0.43855915591815947,3.3547862582183456,0.35088678808118723,-4.663613755793186,2.4197280056635897,-2.325518425973533,-0.6105524938703774,1.2946116825426015,-0.7402653051702951,2.3669194888542684,-5.542149934359307,-1.3340475557778269,3.247359087579998,-0.7497311699606504,-1.5503287348224426,0.4515267803064918,-1.1684806988124057,0.3359185920714812,0.8298595879837378,-3.481623275249534,2.434734339752698,0.8494760053030992
-0.48215084191474855,-0.4172944076009083,-0.40569637070209313,0.14152397258622146,-0.7069249682395696,-1.5268046988493515,-1.1141629477314132,0.47305449827494256,0.27316902441367763,0.43148635108294614,0.27137542074044807,0.6289183042871751,0.50858686536741,0.8086008467709254,-0.06589479947227223,1.0213105009229375,0.11106232783557844,0.16955336127070816,-0.10449292862624777,0.07346917175643979,-0.6233592804679906,-1.1403620788242006,0.11098761134215576,-0.7838384098163931,-0.07131439801790708,1.1906139321480058,-0.5432771454858075,1.0938785801451198,0.217845076247986,-0.3791347255618076,-0.15812547454234427,-0.6462688271775482,1.8175350120757623,0.04987429450006984,-0.7497311699606504,0.26631473266868666,0.31483258742729675,0.3392541057596748,0.5424189988324521,0.3175940573340106,-0.5891009466505377,1.2160677834868967,-0.6369664235865309,-0.17463608854875934
-0.5489294036142678,-0.9175635344027184,-0.6505035110248493,-0.15300251864793735,-1.538714505090085,-2.389222740198796,-2.042403455881825,1.0001559075747535,-0.15005570978177918,0.09295603162706903,0.1860507141162247,-0.1420429587878127,-0.29189506786399005,0.6510541313632277,-0.7476699606277616,1.5713084221543356,-0.28691071650104577,0.08163471703607608,-0.5166848629783044,-0.1524139825102684,-0.6514153188833325,-1.099593674907424,0.20702289515017347,-1.6811824209857433,-0.17189256091313532,2.160787241320934,-1.2083005094133263,0.7386753259346895,0.26256479866814675,-0.5643746745013367,0.5823903969405407,-1.1013771584752994,2.2885403878833195,0.8601951456208995,-1.5503287348224426,0.31483258742729675,0.8025637338520979,-0.5600297207369411,0.33035240291161083,-0.40875801909722803,-0.12097696202406924,1.3815347793992334,-1.1212183716055306,-0.42837881045162024
-1.2230674940003832,0.30678257347255916,-0.33877233701710835,1.4033133499146866,0.5475091145465385,-1.511186866237939,-0.10056985452824198,-0.3844964654365888,1.9918654593721523,2.3142667570875055,0.8499308224428089,3.845676871821806,3.640175397841188,2.4552373881306364,1.648750083387038,1.0168903349310128,1.3974253967779982,0.7328053018360576,1.080077463534621,0.759355628441242,-1.3291705462029322,-3.1721904700172026,-0.08262849957965401,0.36951402989101684,0.2920125780153572,0.2277938970366753,0.13600870718549593,3.489573766812944,0.4383009760646783,-0.654957847592808,-2.397394254755435,-0.3224130354885261,3.347700475498367,-2.298026806419262,0.4515267803064918,0.3392541057596748,-0.5600297207369411,3.4817861490282107,1.9057968380083998,3.0464388610773256,-3.1382356319820186,2.6848443736954284,-0.2186340079951053,0.3467955060135542
-1.3347569307767193,-0.6679589890012614,-0.8279991011095112,0.7835761231142959,-1.0375930636240411,-3.249046334012413,-1.9801469611280709,0.6534359099038282,1.206424539075974,1.6452371463957525,0.7698920749700187,2.5451672851347182,2.221140361626533,2.2981007965529665,0.4958894656934311,2.1623289275355835,0.7212319199907062,0.6093714454230421,0.25014784308256555,0.3602988238741658,-1.5163715308722976,-3.219620753209667,0.15362786333552328,-1.2038208196935518,0.0028366195986611847,2.1980592621569683,-0.9303430101238953,3.1574166127598584,0.5215590481597763,-0.944445569914213,-1.1314934929605025,-1.2224190052807486,4.457800964047407,-0.8023768066009036,-1.1684806988124057,0.5424189988324521,0.33035240291161083,1.9057968380083998,1.6912900686691674,1.6612018799455264,-2.227340369980219,3.153763433322312,-1.2062512385957649,-0.17052605591717412
-1.1480374729581564,0.24030449131534432,-0.3781886419760462,1.2910220417463334,0.36001867466311016,-1.5582927416699288,-0.2354252881033127,-0.24472034467152737,1.8145964032595616,2.1154254998822144,0.7655570397268494,3.4141373363995315,3.2736167104569747,2.2660878723835345,1.3623378034806721,1.0493417232735478,1.1983821950943638,0.6276836927949355,0.9358057792743809,0.7076072249775975,-1.2772529902522785,-2.9116824887916084,-0.06726873375736675,0.08175621965928545,0.289355849618759,0.3360328909166486,-0.06220560152450793,3.150341434612107,0.44516893205955427,-0.6563836340243338,-2.104943836242644,-0.400546011066363,3.1679025726721943,-1.9691075833652776,0.3359185920714812,0.3175940573340106,-0.40875801909722803,3.0464388610773256,1.6612018799455264,2.7788420235381075,-2.87252310256134,2.509836353047989,-0.2711114312390465,0.28651552076773995
1.7744246378503727,0.46286447982289336,0.9205630257549886,-1.3759761234640262,0.7584609881753906,3.640803472552085,1.8383230951141105,-0.45301605417253904,-1.971973115790795,-2.536879070170304,-1.0264082680306286,-3.877411568776159,-3.557572882285253,-3.1099464880140326,-1.0329769390557586,-2.408709968733446,-1.1926709487346605,-0.8269999696339811,-0.7081612598432611,-0.6625739471957104,1.928860441146985,4.2595299551977295,-0.07526545742885495,1.1308174389721637,-0.19995324420473234,-2.0720074144272558,0.9838106191859014,-4.205370881760871,-0.6947791652437445,1.2072126330579092,1.9774138619212451,1.285621860532953,-5.4514347686612465,1.6612906543598123,0.8298595879837378,-0.5891009466505377,-0.12097696202406924,-3.1382356319820186,-2.227340369980219,-2.87252310256134,3.4321931185012136,-3.9859836423334407,1.1818904889849617,-0.006111223855215343
-2.8424037609468096,-2.022445918741905,-2.0763920040623125,1.2390040100197113,-3.3007917985131936,-7.930902988306627,-5.382726024100744,2.1135705775951927,1.9524817869019984,2.9464710522445783,1.4829606835551077,4.197092266651663,3.5389767772721994,4.5781334432328755,0.057178565198400116,5.258393650450762,0.9242663869035217,1.0985935829076423,-0.0642827875420021,0.49052019048808704,-3.249998137791664,-6.585501570257326,0.45367392363619263,-3.8235815263827533,-0.11881509655004578,5.85672219918353,-2.877202249121885,6.078562708836889,1.1766520584421019,-2.2065360126715112,-1.3539883035202436,-3.1937210693603473,9.873885006811149,-0.5119481774150197,-3.481623275249534,1.2160677834868967,1.3815347793992334,2.6848443736954284,3.153763433322312,2.509836353047989,-3.9859836423334407,6.755599770324422,-3.157853543940277,-0.7016345630410459
1.2880762169388724,1.431946871073036,1.1754606752049286,-0.17553735106408824,2.3483343317295966,4.417078928987623,3.4053688678530545,-1.5149653095236244,-0.378391493581116,-0.8770243721017695,-0.5856062506563471,-1.025385865338696,-0.6826209719608082,-1.8647937762632965,0.6646771937125567,-2.9188327215760204,0.005463156777964848,-0.39126392361442125,0.5110797188033139,0.02158991129318339,1.4978324987404497,2.8445063545923803,-0.3267558125960653,2.583498010179261,0.21234858893843928,-3.6557169901173734,1.882632291179726,-2.3859094452936613,-0.5577480807364926,1.122347350838359,-0.1724746609034254,1.901853637056961,-4.868739470096081,-0.6628219000471486,2.434734339752698,-0.6369664235865309,-1.1212183716055306,-0.2186340079951053,-1.2062512385957649,-0.2711114312390465,1.1818904889849617,-3.157853543940277,1.9278199296679057,0.6010596429882626
0.26391455065647773,0.5002095374599856,0.34081916259963935,0.12156950810802666,0.8274361937626195,1.248844263688149,1.097670494573619,-0.5411975854111319,0.12067291669059728,0.003559540294927118,-0.09289844511529134,0.12870484956393077,0.2181189832850089,-0.3133366569783604,0.40665132576308227,-0.8248729186785564,0.16765131138193093,-0.03826010423879733,0.3033232227520276,0.09618447216830404,0.33482460627913885,0.5377286754847277,-0.12096553612036022,0.869750150317041,0.11322388615271246,-1.1638112043109923,0.6077831761094689,-0.37171274816000377,-0.12682783391914118,0.2751097580469938,-0.33853094174731985,0.5789698312445041,-1.1781286066255126,-0.4935595626653774,0.8494760053030992,-0.17463608854875934,-0.42837881045162024,0.3467955060135542,-0.17052605591717412,0.28651552076773995,-0.006111223855215343,-0.7016345630410459,0.6010596429882626,0.24116168121497913
