V1,V2,V3,V4,V5,V6,V7,V8,V9,V10,V11,V12,V13,V14,V15,V16,V17,V18,V19,V20,V21,V22,V23,V24,V25,V26,V27,V28,V29,V30,V31,V32,V33,V34,V35,V36,V37,V38,V39,V40,V41,V42,V43,V44
0.3871896238063818,0.2155229097329933,-0.3511231369329544,-0.04954067916970501,-1.11965250564025,-0.6862275303655562,0.22785250395122475,-0.6909171104119616,-0.836460664951552,0.8532596030185043,1.6646946657702062,0.3667302913017017,-0.905128375768226,-0.10361059480781652,-0.2841083707415805,1.6470383806914966,-0.7514002137102896,0.4924023928869206,-0.048855578778014844,0.9748173352776596,-0.2982822613804722,-0.5676243354134689,-0.18788620282270868,-0.4374202512006357,0.7269989399838688,1.9944346878483472,1.5068918565775142,0.036645519072996124,0.18174625225584537,-1.258207751934631,0.025479218391551567,0.12176472044717446,-0.408933236315045,-2.049025097541871,1.1411970040722328,-0.20396742478887353,0.5303778155791358,0.3941545720014782,-1.880836747260679,-1.0201418916043647,0.7011659156779559,0.5446612203373752,0.6062068405122363,0.43548813112968937
0.2155229097329933,2.17916303407275,0.8679564977745964,-0.1070548126846962,-1.0513211208382645,-1.3381127540331936,0.12621437139333072,-1.4468223706969616,-2.3490872375055356,1.1656170664845975,2.999151490945229,1.4111563629471762,-0.3587822280900113,-0.3062362799118942,-0.3936108263518816,1.9699842405628216,-0.883330810421403,-0.21713085247087602,-0.2199481480962054,2.499767619145279,-0.008450074141328538,0.21309943358120698,-0.6265277397296146,-0.7328432580182165,2.6766740657411265,3.228669527435911,2.8745558495044925,1.5358968305212501,-0.2863161667448207,-1.3726884339562127,-0.12911583876775928,0.5252023817103436,-0.5100013930551615,-2.8465223199771073,2.143810032458167,-1.4006981329338828,1.2250407273886148,1.5300954693895774,-2.428257496486724,-2.057309052267225,-0.13524646773427842,1.6195543092313223,-0.29539589407389544,-1.1683031619971642
-0.3511231369329544,0.8679564977745964,1.1442053398296155,0.09219863496424106,0.8915223380771553,0.21431556139545085,-0.3812950427932864,0.20000095421321468,-0.2267190077541825,-0.24536500886794904,-0.8018971619208293,0.3463092750499051,0.9762493374767203,-0.1424270043441882,0.28699136905140166,-1.499816621993416,0.6913509417396827,-0.7198702996429481,0.052916112264429924,-0.08494548469701052,0.4967450994121945,0.9664481421574626,-0.12117616104455886,0.3151069328985642,0.21174336937898333,-1.2979156110062158,-0.5861895299885332,0.800919939521678,-0.3919473452086567,1.0892179632725023,-0.21573011006049764,0.04921461895155964,0.2376290920598936,1.2899409816656635,-0.24799717408748528,-0.3839864793138493,-0.08589368918055962,0.384417695882115,1.515453802262446,0.45873522595500077,-1.1782403292024115,0.16582906030204408,-1.2950700777271436,-1.1991837092153272
-0.04954067916970501,-0.1070548126846962,0.09219863496424106,0.2958188300348346,0.3345590829970426,0.21133240782632035,-0.1132968644443156,0.1402908476921089,0.2788999977869471,-0.06532531078561667,-0.46991620331559913,-0.21098323452053855,0.2650904173573124,-0.2184843867733663,0.021514086689811068,-0.5407363501181186,0.26599443698123665,-0.303617183742993,-0.04584119066514256,-0.19201896230837165,0.1463894207698531,0.17792919856730088,-0.10761946752172562,-0.02896635161924369,-0.07519094249631603,-0.5570742438886256,-0.3706084088629651,-0.0023159776977058795,-0.13409302122855218,0.4767179947882236,-0.028477658091778792,-0.12712451974433547,0.15831782140660478,0.6011401057351767,-0.2950578694103878,0.08244990706069855,-0.3517530480075213,0.07538296638495887,0.7036397638330906,0.334434879254976,-0.14687500344221768,-0.11935153410666491,-0.20871524175002099,-0.1239283631096523
-1.11965250564025,-1.0513211208382645,0.8915223380771553,0.3345590829970426,3.6298159167797253,2.2987168865754417,-0.7209144521343993,2.306737722683335,3.174082869677611,-2.7521274956536534,-5.611750145946736,-1.4382218015794193,2.862738854914333,0.2372791456906548,0.8110451432615479,-5.535830603007274,2.4321474630160838,-1.6083764631863011,0.07665486719434526,-3.5281533220264936,1.0278367946546954,1.5982245349397692,0.5246229239943453,1.2637194567962828,-2.673221856414582,-6.779746716736337,-5.150261017661644,-0.3982119090467952,-0.6374871066333972,4.33047779376553,-0.04827227029733989,-0.47273718913584484,1.463424918197757,6.794626078657321,-3.850930844754059,0.8811937874919341,-2.0468919992332055,-1.5161780491825554,6.352618019996052,3.590906236368549,-2.039936531383498,-2.0869975814471076,-1.7579406985936696,-1.0559682604956548
-0.6862275303655562,-1.3381127540331936,0.21431556139545085,0.21133240782632035,2.2987168865754417,1.8523344542979556,-0.527051795755038,1.7667485324126018,2.490487903054218,-1.785874606503627,-3.9530126920782953,-1.2163191777795033,1.626815915392816,0.18921441179600682,0.6159240223556963,-3.59506908854469,1.7752999285894278,-0.7522750771717758,0.11899037001573876,-2.6422429515598562,0.649635501270974,0.7671723001884807,0.42635876722103894,1.0283583674491585,-2.307316654354583,-4.8197525434698925,-3.714239391471802,-0.7524568217123906,-0.23859801228582156,2.8415612600211464,0.07391329151831716,-0.3154905153841995,0.9521664770337473,4.671675896271679,-2.7769730723156085,0.914191639537524,-1.5608929086964427,-1.2641732613264558,4.370727474386196,2.584642368893755,-1.128961362298814,-1.6619094815689925,-0.9414987679180324,-0.24816073988229778
0.22785250395122475,0.12621437139333072,-0.3812950427932864,-0.1132968644443156,-0.7209144521343993,-0.527051795755038,0.35034116241161695,-0.4729097516016483,-0.526353310164176,0.3376364861250732,1.132913788193982,0.1570333382994259,-0.5849304187753428,0.06455491700246421,-0.198389185409533,1.293942612553565,-0.7102190395635419,0.3218752074456989,-0.0404891893949899,0.6499809332403428,-0.36450545977918825,-0.3698713155016341,-0.017962358475146628,-0.35228031649499036,0.5711209374768426,1.6136232704903426,1.033809615941393,-0.011865196419198108,0.19284692811995582,-1.0275617775121204,0.023663509589487614,0.031989141328036326,-0.27802481043786675,-1.4200800284919057,0.6188505331020423,-0.1384135662526376,0.4727880920108884,0.17160243560773333,-1.5644251211054505,-0.7686076405424858,0.5918127447431913,0.3567068763598384,0.6557090984695728,0.33191324419868873
-0.6909171104119616,-1.4468223706969616,0.20000095421321468,0.1402908476921089,2.306737722683335,1.7667485324126018,-0.4729097516016483,1.942327001042263,2.4381316125563726,-1.8417451168959733,-4.219772477542249,-1.224521560018408,1.6047539497319696,0.2863180376942817,0.7429047905495878,-3.7615338306284114,1.7475410115413839,-0.6540669789518376,0.21442996242280127,-2.8796323136458266,0.5632621854189729,0.7497715079253059,0.6157381082762746,1.1343767090548817,-2.59364677928327,-5.000032103501487,-3.9064387641035565,-0.8154973220161167,-0.16268011129113347,2.78446660409019,-0.029856149590936135,-0.4594283262117895,0.904840538273119,4.735357375772577,-2.8140334047018674,1.0623933725118246,-1.4743951604024998,-1.4617889146835616,4.361066785793027,2.793589827216255,-1.0698791242946109,-1.7372017057091913,-0.9478699034869413,-0.0686904693191943
-0.836460664951552,-2.3490872375055356,-0.2267190077541825,0.2788999977869471,3.174082869677611,2.490487903054218,-0.526353310164176,2.4381316125563726,4.5027608472836045,-2.8419918037339422,-5.743326336710274,-2.0765624379125103,2.203313491218139,0.44571764167888706,0.5772104274603732,-5.180205976311976,2.101298649610769,-0.8240351262188365,0.02831782445220768,-4.423638466648926,0.8714188174577634,0.5580845733285514,0.6608689727809722,1.0852861064702624,-4.0091169361060865,-7.1026269683948176,-5.641503852445332,-1.5200141058046726,-0.39749519701053615,4.229170760897535,0.22312865797905113,-0.5260701162653352,1.5147095809469213,6.720710028026703,-4.222268755289643,1.5803404265657612,-2.584979434380406,-2.404240619785276,6.186472200453847,3.9172598482052345,-1.173848028628016,-3.0287289955659005,-0.7401076257232215,0.3200162790218027
0.8532596030185043,1.1656170664845975,-0.24536500886794904,-0.06532531078561667,-2.7521274956536534,-1.785874606503627,0.3376364861250732,-1.8417451168959733,-2.8419918037339422,2.566109184909178,4.3853404524221276,1.359866343750019,-2.1229368900326975,-0.4367959216210417,-0.49494826473619113,3.998846246639776,-1.6456464083208273,1.0926236232662638,-0.007147713785533129,3.0184115134579037,-0.6105192017025439,-0.9698057017629201,-0.5784305514692359,-0.9024001719214484,2.2949001873787394,5.074366216504267,4.1409133633694735,0.6427822511963791,0.36404896724595737,-3.1637068690894297,-0.1127548751665144,0.3602516641377055,-1.175217506861995,-5.259468582563427,3.282683969448164,-0.8084090103649264,1.5931861946083983,1.6026067245934876,-4.5353737660219435,-2.7361818519498216,1.232932837931187,1.8706491676772563,0.802503097535402,0.4416140457210591
1.6646946657702062,2.999151490945229,-0.8018971619208293,-0.46991620331559913,-5.611750145946736,-3.9530126920782953,1.132913788193982,-4.219772477542249,-5.743326336710274,4.3853404524221276,10.299033253704396,2.9106489678114116,-4.039916056888596,-0.6021893312996008,-1.582085575298907,9.320953228525756,-3.9265962527522795,1.8840438050738162,-0.5245043896332039,6.870264608103299,-1.1914869232503218,-2.3219593092108584,-1.3728584589051562,-2.4679265112436495,6.022319740601852,11.806377485474963,9.292861910141875,1.6334010820701994,0.4898823564275782,-6.728610092923764,0.22571596961544446,1.2812888532148814,-2.2371079376814635,-11.241002743601486,6.722320966245329,-2.468953822044917,3.4294269199882517,3.095818543140949,-10.376768273484442,-6.661256065322475,2.852633087510511,3.804500451732325,2.4455161146561246,0.5062909120919303
0.3667302913017017,1.4111563629471762,0.3463092750499051,-0.21098323452053855,-1.4382218015794193,-1.2163191777795033,0.1570333382994259,-1.224521560018408,-2.0765624379125103,1.359866343750019,2.9106489678114116,1.2165086275545167,-0.8949831234676348,-0.18566570801356405,-0.309957271395266,2.259727144525148,-0.9393546158237643,0.377414884635233,-0.07140359298587616,2.1216603135483263,-0.15682488801651956,-0.30543214274315383,-0.4208741668229476,-0.5360362941420918,1.9169473751810342,3.1233220801797454,2.7018800171244344,0.9226520372800723,0.010609724044905509,-1.7146421309709377,-0.07610607730201048,0.445602575800666,-0.665116095372995,-3.0899183899365243,2.150365042117806,-0.944993489010843,1.182946219018064,1.1142050120295726,-2.6604948911159965,-1.8937845056270899,0.332864148166109,1.3222136945442018,0.10205007447922021,-0.36615403158297455
-0.905128375768226,-0.3587822280900113,0.9762493374767203,0.2650904173573124,2.862738854914333,1.626815915392816,-0.5849304187753428,1.6047539497319696,2.203313491218139,-2.1229368900326975,-4.039916056888596,-0.8949831234676348,2.41347266511484,0.13145556478261006,0.5414709936392512,-4.286633644631759,1.860034641886626,-1.4557864221927947,-0.02986237571836036,-2.429974732713774,0.9088005737724794,1.4093873291235002,0.2744707639719567,0.8680114182726331,-1.616209296423777,-5.027770332352451,-3.7166685654943947,0.04124245458741475,-0.644659206286227,3.4248507802769113,-0.04121499880708346,-0.2648967590603944,1.1534912347340767,5.143417497634562,-2.779157126368259,0.3668993620327096,-1.4856521974897487,-0.9447422044406698,4.868208141814364,2.543289704494963,-1.7850148165479485,-1.4210126220681063,-1.5652491426030346,-1.1997397778672403
-0.10361059480781652,-0.3062362799118942,-0.1424270043441882,-0.2184843867733663,0.2372791456906548,0.18921441179600682,0.06455491700246421,0.2863180376942817,0.44571764167888706,-0.4367959216210417,-0.6021893312996008,-0.18566570801356405,0.13145556478261006,0.30630143377953467,0.08439479570416081,-0.3565734772821396,0.045687701869622045,0.12528161047032996,0.06612897605293581,-0.5748795868486022,-0.0810116625442877,-0.004215004580637186,0.2654065202054732,0.2196341227931072,-0.5838849256036203,-0.5983147940772664,-0.6167372982547594,-0.25279883173975903,0.1029189671867191,0.183826314207715,0.024602325438262473,-0.04880086696904141,0.09005669925418844,0.5264528696553689,-0.45881951943653626,0.21966068742889155,-0.04084738751252919,-0.4571264450796166,0.3009762631532795,0.35426842150383037,-0.03028777640163021,-0.3371956954188061,0.11212437629858146,0.1792238810575212
-0.2841083707415805,-0.3936108263518816,0.28699136905140166,0.021514086689811068,0.8110451432615479,0.6159240223556963,-0.198389185409533,0.7429047905495878,0.5772104274603732,-0.49494826473619113,-1.582085575298907,-0.309957271395266,0.5414709936392512,0.08439479570416081,0.5095482062898588,-1.4398424155111547,0.7023281422253235,-0.16418826111609053,0.23087658949240955,-0.9264186849571353,0.16881622675165725,0.46231171625515094,0.2833323772224797,0.5738970123670561,-0.973119995510101,-1.841283640178756,-1.356921129022324,-0.16741590332938006,0.011398849647001476,0.9019331576539394,-0.14838023843228412,-0.21751284097171777,0.21676451763239585,1.7104164660007384,-0.9278198799423597,0.40255555228771095,-0.36410562959477805,-0.34798764923379183,1.5861336777600008,1.0556902399064612,-0.5867005813500482,-0.46988461926362834,-0.6195924373299707,-0.16392411703240903
1.6470383806914966,1.9699842405628216,-1.499816621993416,-0.5407363501181186,-5.535830603007274,-3.59506908854469,1.293942612553565,-3.7615338306284114,-5.180205976311976,3.998846246639776,9.320953228525756,2.259727144525148,-4.286633644631759,-0.3565734772821396,-1.4398424155111547,9.313724644345353,-3.9156070355309103,2.1627095802168923,-0.3581394260621696,6.124487525326254,-1.6686884714936172,-2.454372086430653,-0.9355390806340692,-2.1958526719271183,5.162995949025165,11.429448068183353,8.520603591056453,0.85328050316579,0.8902784907866961,-6.9665599885097915,0.2525205696230093,0.9344540069891388,-2.2183956106215317,-10.816067723987453,5.965189708537655,-1.7777583484253614,3.3070762411367154,2.556448616604088,-10.395057215735338,-6.1204188824376216,3.3004462722289336,3.4836232145855797,3.063507607030678,1.2552515063681142
-0.7514002137102896,-0.883330810421403,0.6913509417396827,0.26599443698123665,2.4321474630160838,1.7752999285894278,-0.7102190395635419,1.7475410115413839,2.101298649610769,-1.6456464083208273,-3.9265962527522795,-0.9393546158237643,1.860034641886626,0.045687701869622045,0.7023281422253235,-3.9156070355309103,2.0146580971936703,-0.9857120062651409,0.11717749914237302,-2.4179068270771147,0.8441955097398165,1.0498253041311536,0.31899516208985956,1.082029826354603,-2.013786847697634,-4.995019575519462,-3.6151706472894727,-0.3515778218346768,-0.41179858390635454,3.0757309376259827,-0.021129270605769326,-0.26778589800762176,0.9603667300462334,4.789004870683824,-2.565235580236226,0.6786252874514985,-1.5109394216257956,-0.9850851131190764,4.6754720012880915,2.5938273162131122,-1.5082248234163287,-1.4469306023082131,-1.4603996687353222,-0.6929056904407477
0.4924023928869206,-0.21713085247087602,-0.7198702996429481,-0.303617183742993,-1.6083764631863011,-0.7522750771717758,0.3218752074456989,-0.6540669789518376,-0.8240351262188365,1.0926236232662638,1.8840438050738162,0.377414884635233,-1.4557864221927947,0.12528161047032996,-0.16418826111609053,2.1627095802168923,-0.9857120062651409,1.1809536111083536,0.13737051583743942,0.8713238482041137,-0.5263722320236606,-0.978410341920077,0.052314204499270225,-0.25915615719956214,0.14126606535567698,2.238623283844623,1.6253645890484691,-0.35579803422408146,0.4940130038544852,-1.828385144518375,0.03138257083713907,0.10690096529594686,-0.6669839783176211,-2.575777141412718,1.3360510040944198,0.08275556727042017,0.7410391087103705,0.1526791677525971,-2.457468593676546,-1.1055069013053203,1.0279739727776835,0.42924060785412244,0.9190792453066267,1.0293127827590085
-0.048855578778014844,-0.2199481480962054,0.052916112264429924,-0.04584119066514256,0.07665486719434526,0.11899037001573876,-0.0404891893949899,0.21442996242280127,0.02831782445220768,-0.007147713785533129,-0.5245043896332039,-0.07140359298587616,-0.02986237571836036,0.06612897605293581,0.23087658949240955,-0.3581394260621696,0.11717749914237302,0.13737051583743942,0.21216499630721253,-0.32387799147352675,-0.07866708203607913,0.14685842654734743,0.19314930147380105,0.27160427433605766,-0.4904231743002188,-0.45072231308531974,-0.3692093808212253,-0.13254330450899365,0.1535333540908266,0.013836396190756441,-0.12530631122983607,-0.15908398750051092,-0.06132917219752695,0.3040993408438439,-0.1832311518664153,0.26257856228676857,0.04912671782009068,-0.09399183986801765,0.2525498912328747,0.3162775259729001,-0.11135156525268144,-0.038919635722768464,-0.1654232225902213,0.116882144083744
0.9748173352776596,2.499767619145279,-0.08494548469701052,-0.19201896230837165,-3.5281533220264936,-2.6422429515598562,0.6499809332403428,-2.8796323136458266,-4.423638466648926,3.0184115134579037,6.870264608103299,2.1216603135483263,-2.429974732713774,-0.5748795868486022,-0.9264186849571353,6.124487525326254,-2.4179068270771147,0.8713238482041137,-0.32387799147352675,5.070014009600971,-0.7914233848299743,-1.0138052375750564,-1.0017865821549092,-1.572748317393998,4.665169355071052,8.07473832308022,6.428319181843596,1.5497915294980882,0.2510836326868573,-4.485763551067084,0.029339761309539185,0.825000897654823,-1.5202839492287934,-7.430088542429828,4.5704528957764445,-1.9106708098858298,2.467901246543831,2.6030092737979733,-6.830843452534219,-4.579732833326087,1.516268903618127,3.029443896845679,1.1900147412033566,-0.29863454828668445
-0.2982822613804722,-0.008450074141328538,0.4967450994121945,0.1463894207698531,1.0278367946546954,0.649635501270974,-0.36450545977918825,0.5632621854189729,0.8714188174577634,-0.6105192017025439,-1.1914869232503218,-0.15682488801651956,0.9088005737724794,-0.0810116625442877,0.16881622675165725,-1.6686884714936172,0.8441955097398165,-0.5263722320236606,-0.07866708203607913,-0.7914233848299743,0.6740578471627705,0.32685741122510714,-0.0960902295322102,0.2745476753028007,-0.5574097024859332,-2.066303748315439,-1.2576224873828612,0.11407436304070105,-0.4046849986043151,1.535855061580144,0.05015839886753452,0.11417796598492384,0.450773662952854,1.9433548489733503,-0.8100050177538006,-0.010029912508113782,-0.7234053394112199,-0.33495719451610517,2.1017539517531634,0.8781381805735512,-0.7462363480195604,-0.656812632692451,-0.7957286124391914,-0.5347111375272956
-0.5676243354134689,0.21309943358120698,0.9664481421574626,0.17792919856730088,1.5982245349397692,0.7671723001884807,-0.3698713155016341,0.7497715079253059,0.5580845733285514,-0.9698057017629201,-2.3219593092108584,-0.30543214274315383,1.4093873291235002,-0.004215004580637186,0.46231171625515094,-2.454372086430653,1.0498253041311536,-0.978410341920077,0.14685842654734743,-1.0138052375750564,0.32685741122510714,1.3659049601995332,0.1801208209247539,0.6243381378391403,-0.5314788351593092,-2.48925984223306,-1.8339957044192412,0.3825549193328379,-0.26892139068253623,1.6500462574921242,-0.23387657567217565,-0.29536472006396147,0.5118319420640169,2.6633424166132116,-1.3722134024325205,0.0944546547819131,-0.44931247563440047,-0.005513194898744544,2.5037091486977343,1.293320538260477,-1.340943714489234,-0.2139695107256632,-1.2547454629817598,-1.0999859390116506
-0.18788620282270868,-0.6265277397296146,-0.12117616104455886,-0.10761946752172562,0.5246229239943453,0.42635876722103894,-0.017962358475146628,0.6157381082762746,0.6608689727809722,-0.5784305514692359,-1.3728584589051562,-0.4208741668229476,0.2744707639719567,0.2654065202054732,0.2833323772224797,-0.9355390806340692,0.31899516208985956,0.052314204499270225,0.19314930147380105,-1.0017865821549092,-0.0960902295322102,0.1801208209247539,0.4130843765038674,0.4362121854729953,-1.0449347203420636,-1.303999743609256,-1.199032318318081,-0.41790996658268387,0.15978101738192074,0.4614555845908089,-0.06824260879115808,-0.27171930656119386,0.14821613157767174,1.181500234281228,-0.8583229170166738,0.5082107786520287,-0.22465859452288464,-0.5791240367019046,0.8981546066251885,0.8470783941437905,-0.14307352182132455,-0.48197357796643747,-0.06317235619423088,0.26259819929165873
-0.4374202512006357,-0.7328432580182165,0.3151069328985642,-0.02896635161924369,1.2637194567962828,1.0283583674491585,-0.35228031649499036,1.1343767090548817,1.0852861064702624,-0.9024001719214484,-2.4679265112436495,-0.5360362941420918,0.8680114182726331,0.2196341227931072,0.5738970123670561,-2.1958526719271183,1.082029826354603,-0.25915615719956214,0.27160427433605766,-1.572748317393998,0.2745476753028007,0.6243381378391403,0.4362121854729953,0.898460184441719,-1.5306751905715275,-2.8824632518294218,-2.199056779865485,-0.3806162457753564,0.019158759447592558,1.4443126934739434,-0.09791457822548018,-0.268031709238723,0.39887990536633267,2.6208819359005444,-1.4818294577424507,0.6061777912583202,-0.6074689485529357,-0.696854091722946,2.4591191247151247,1.5665173823244722,-0.808804535325844,-0.7822573505706297,-0.7820601803970789,-0.16201457625125903
0.7269989399838688,2.6766740657411265,0.21174336937898333,-0.07519094249631603,-2.673221856414582,-2.307316654354583,0.5711209374768426,-2.59364677928327,-4.0091169361060865,2.2949001873787394,6.022319740601852,1.9169473751810342,-1.616209296423777,-0.5838849256036203,-0.973119995510101,5.162995949025165,-2.013786847697634,0.14126606535567698,-0.4904231743002188,4.665169355071052,-0.5574097024859332,-0.5314788351593092,-1.0449347203420636,-1.5306751905715275,4.849947748757438,7.170465564426324,5.675249533991379,1.7574115793723022,-0.03089246469079287,-3.591455582320996,0.0783589229565228,0.811731176421106,-1.1195299393942264,-6.21186500491117,3.862841947152949,-2.0569165323854146,2.1439179568571127,2.454139959638253,-5.764780748444661,-4.140307446510467,1.092161624243185,2.8341279054242214,0.9097625344338519,-0.8548419965482836
1.9944346878483472,3.228669527435911,-1.2979156110062158,-0.5570742438886256,-6.779746716736337,-4.8197525434698925,1.6136232704903426,-5.000032103501487,-7.1026269683948176,5.074366216504267,11.806377485474963,3.1233220801797454,-5.027770332352451,-0.5983147940772664,-1.841283640178756,11.429448068183353,-4.995019575519462,2.238623283844623,-0.45072231308531974,8.07473832308022,-2.066303748315439,-2.48925984223306,-1.303999743609256,-2.8824632518294218,7.170465564426324,14.676140104287112,11.016838545191248,1.6910166414287964,0.9598978388316424,-8.704644572371896,0.12820130266182295,1.089915308953937,-2.7864875672694405,-13.697469246266936,7.73459199256433,-2.5927854931530216,4.42828130638121,3.7216334381754184,-13.11541679294272,-7.899104162224677,3.7462724831514183,4.894250872861792,3.4031081886754824,0.919594402183989
1.5068918565775142,2.8745558495044925,-0.5861895299885332,-0.3706084088629651,-5.150261017661644,-3.714239391471802,1.033809615941393,-3.9064387641035565,-5.641503852445332,4.1409133633694735,9.292861910141875,2.7018800171244344,-3.7166685654943947,-0.6167372982547594,-1.356921129022324,8.520603591056453,-3.6151706472894727,1.6253645890484691,-0.3692093808212253,6.428319181843596,-1.2576224873828612,-1.8339957044192412,-1.199032318318081,-2.199056779865485,5.675249533991379,11.016838545191248,8.608051654264003,1.6282626387945982,0.5305806945341918,-6.371104383312263,0.0628304546682161,1.0095498255023179,-2.1330997910834606,-10.431816027045086,6.222920764368418,-2.2274064501158515,3.3381136667180993,3.085939467477603,-9.673128127369088,-6.10564299683052,2.5342756859659024,3.811104999702038,2.1144900753456173,0.3397913829999632
0.036645519072996124,1.5358968305212501,0.800919939521678,-0.0023159776977058795,-0.3982119090467952,-0.7524568217123906,-0.011865196419198108,-0.8154973220161167,-1.5200141058046726,0.6427822511963791,1.6334010820701994,0.9226520372800723,0.04124245458741475,-0.25279883173975903,-0.16741590332938006,0.85328050316579,-0.3515778218346768,-0.35579803422408146,-0.13254330450899365,1.5497915294980882,0.11407436304070105,0.3825549193328379,-0.41790996658268387,-0.3806162457753564,1.7574115793723022,1.6910166414287964,1.6282626387945982,1.1467660307964982,-0.2726740609766673,-0.5803537877044119,-0.13322600949659352,0.3127980351106297,-0.2545270939023624,-1.4067083973288617,1.234703934748047,-0.9598624539102182,0.7131232954219139,1.059220211339082,-1.1091310266824972,-1.1572586682440869,-0.3507414562335667,1.0569112810831849,-0.4916389573341599,-1.0290789673110878
0.18174625225584537,-0.2863161667448207,-0.3919473452086567,-0.13409302122855218,-0.6374871066333972,-0.23859801228582156,0.19284692811995582,-0.16268011129113347,-0.39749519701053615,0.36404896724595737,0.4898823564275782,0.010609724044905509,-0.644659206286227,0.1029189671867191,0.011398849647001476,0.8902784907866961,-0.41179858390635454,0.4940130038544852,0.1535333540908266,0.2510836326868573,-0.4046849986043151,-0.26892139068253623,0.15978101738192074,0.019158759447592558,-0.03089246469079287,0.9598978388316424,0.5305806945341918,-0.2726740609766673,0.37639978000663404,-0.9326118089328955,-0.036617579962016256,-0.10167859734281713,-0.316700092623595,-1.0126210849755675,0.3787517690943123,0.1868734607819691,0.4059492120582347,0.04639495761061871,-1.1289311355093958,-0.38193802912881364,0.48948377389912573,0.2776402353948505,0.4756504702506321,0.5150513271044042
-1.258207751934631,-1.3726884339562127,1.0892179632725023,0.4767179947882236,4.33047779376553,2.8415612600211464,-1.0275617775121204,2.78446660409019,4.229170760897535,-3.1637068690894297,-6.728610092923764,-1.7146421309709377,3.4248507802769113,0.183826314207715,0.9019331576539394,-6.9665599885097915,3.0757309376259827,-1.828385144518375,0.013836396190756441,-4.485763551067084,1.535855061580144,1.6500462574921242,0.4614555845908089,1.4443126934739434,-3.591455582320996,-8.704644572371896,-6.371104383312263,-0.5803537877044119,-0.9326118089328955,5.6437002094722475,0.013378012996159443,-0.44345709236958764,1.8638323478913499,8.373522476110843,-4.568327729546484,1.1023550557156079,-2.8095754426848565,-1.9786531575729278,8.139822545447842,4.518877573423944,-2.5053022717769364,-2.865958747375605,-2.255112081697532,-1.1224548246574886
0.025479218391551567,-0.12911583876775928,-0.21573011006049764,-0.028477658091778792,-0.04827227029733989,0.07391329151831716,0.023663509589487614,-0.029856149590936135,0.22312865797905113,-0.1127548751665144,0.22571596961544446,-0.07610607730201048,-0.04121499880708346,0.024602325438262473,-0.14838023843228412,0.2525205696230093,-0.021129270605769326,0.03138257083713907,-0.12530631122983607,0.029339761309539185,0.05015839886753452,-0.23387657567217565,-0.06824260879115808,-0.09791457822548018,0.0783589229565228,0.12820130266182295,0.0628304546682161,-0.13322600949659352,-0.036617579962016256,0.013378012996159443,0.16817635816188778,0.13469871838570815,0.05748307613834289,-0.04350858996743719,-0.049028415600074135,-0.055508570275754565,-0.12412020010745982,-0.1288829631129154,-0.08656236331239958,-0.13428298324405855,0.16449903596866816,-0.14582523319212665,0.24986167120682395,0.10894205260445904
0.12176472044717446,0.5252023817103436,0.04921461895155964,-0.12712451974433547,-0.47273718913584484,-0.3154905153841995,0.031989141328036326,-0.4594283262117895,-0.5260701162653352,0.3602516641377055,1.2812888532148814,0.445602575800666,-0.2648967590603944,-0.04880086696904141,-0.21751284097171777,0.9344540069891388,-0.26778589800762176,0.10690096529594686,-0.15908398750051092,0.825000897654823,0.11417796598492384,-0.29536472006396147,-0.27171930656119386,-0.268031709238723,0.811731176421106,1.089915308953937,1.0095498255023179,0.3127980351106297,-0.10167859734281713,-0.44345709236958764,0.13469871838570815,0.38902103115428555,-0.14592364569885594,-1.0123371896850297,0.7254743320323883,-0.4774681722347727,0.2742571466919946,0.2978220281784141,-0.8548421011392846,-0.7955416858430333,0.13495518357983935,0.3051513260021516,0.121709054053778,-0.19615850331080945
-0.408933236315045,-0.5100013930551615,0.2376290920598936,0.15831782140660478,1.463424918197757,0.9521664770337473,-0.27802481043786675,0.904840538273119,1.5147095809469213,-1.175217506861995,-2.2371079376814635,-0.665116095372995,1.1534912347340767,0.09005669925418844,0.21676451763239585,-2.2183956106215317,0.9603667300462334,-0.6669839783176211,-0.06132917219752695,-1.5202839492287934,0.450773662952854,0.5118319420640169,0.14821613157767174,0.39887990536633267,-1.1195299393942264,-2.7864875672694405,-2.1330997910834606,-0.2545270939023624,-0.316700092623595,1.8638323478913499,0.05748307613834289,-0.14592364569885594,0.6783771893540806,2.778139789090929,-1.6219775381841084,0.3687043702806039,-0.9693106206730342,-0.7225190987242628,2.6118753661626783,1.4831123453689075,-0.7347544243530412,-0.9927054638754168,-0.5677420386645596,-0.32640183493239744
-2.049025097541871,-2.8465223199771073,1.2899409816656635,0.6011401057351767,6.794626078657321,4.671675896271679,-1.4200800284919057,4.735357375772577,6.720710028026703,-5.259468582563427,-11.241002743601486,-3.0899183899365243,5.143417497634562,0.5264528696553689,1.7104164660007384,-10.816067723987453,4.789004870683824,-2.575777141412718,0.3040993408438439,-7.430088542429828,1.9433548489733503,2.6633424166132116,1.181500234281228,2.6208819359005444,-6.21186500491117,-13.697469246266936,-10.431816027045086,-1.4067083973288617,-1.0126210849755675,8.373522476110843,-0.04350858996743719,-1.0123371896850297,2.778139789090929,13.373506881496652,-7.692998089548403,2.2236741885384075,-4.23205764188848,-3.375196126047725,12.48663387960127,7.351514720428224,-3.678353236400315,-4.522351014995671,-3.173884480782328,-1.300490223502641
1.1411970040722328,2.143810032458167,-0.24799717408748528,-0.2950578694103878,-3.850930844754059,-2.7769730723156085,0.6188505331020423,-2.8140334047018674,-4.222268755289643,3.282683969448164,6.722320966245329,2.150365042117806,-2.779157126368259,-0.45881951943653626,-0.9278198799423597,5.965189708537655,-2.565235580236226,1.3360510040944198,-0.1832311518664153,4.5704528957764445,-0.8100050177538006,-1.3722134024325205,-0.8583229170166738,-1.4818294577424507,3.862841947152949,7.73459199256433,6.222920764368418,1.234703934748047,0.3787517690943123,-4.568327729546484,-0.049028415600074135,0.7254743320323883,-1.6219775381841084,-7.692998089548403,4.789791981900956,-1.5708866344411865,2.474944361643107,2.227981716527988,-6.8708868572297455,-4.327581304025517,1.7486484284270452,2.7694170948612657,1.2760897409899796,0.307977108280885
-0.20396742478887353,-1.4006981329338828,-0.3839864793138493,0.08244990706069855,0.8811937874919341,0.914191639537524,-0.1384135662526376,1.0623933725118246,1.5803404265657612,-0.8084090103649264,-2.468953822044917,-0.944993489010843,0.3668993620327096,0.21966068742889155,0.40255555228771095,-1.7777583484253614,0.6786252874514985,0.08275556727042017,0.26257856228676857,-1.9106708098858298,-0.010029912508113782,0.0944546547819131,0.5082107786520287,0.6061777912583202,-2.0569165323854146,-2.5927854931530216,-2.2274064501158515,-0.9598624539102182,0.1868734607819691,1.1023550557156079,-0.055508570275754565,-0.4774681722347727,0.3687043702806039,2.2236741885384075,-1.5708866344411865,1.0620075876134358,-0.8140953139776836,-1.0232700272308493,1.961371999111521,1.6805204253547483,-0.12540724868838707,-1.0868471738973253,-0.054599413922170485,0.692611710764074
0.5303778155791358,1.2250407273886148,-0.08589368918055962,-0.3517530480075213,-2.0468919992332055,-1.5608929086964427,0.4727880920108884,-1.4743951604024998,-2.584979434380406,1.5931861946083983,3.4294269199882517,1.182946219018064,-1.4856521974897487,-0.04084738751252919,-0.36410562959477805,3.3070762411367154,-1.5109394216257956,0.7410391087103705,0.04912671782009068,2.467901246543831,-0.7234053394112199,-0.44931247563440047,-0.22465859452288464,-0.6074689485529357,2.1439179568571127,4.42828130638121,3.3381136667180993,0.7131232954219139,0.4059492120582347,-2.8095754426848565,-0.12412020010745982,0.2742571466919946,-0.9693106206730342,-4.23205764188848,2.474944361643107,-0.8140953139776836,1.7169253332969847,1.2214077965631145,-4.077960100975058,-2.3867385614678054,0.8818205239852459,1.7414180482989183,0.7390546985693123,0.08149994887657112
0.3941545720014782,1.5300954693895774,0.384417695882115,0.07538296638495887,-1.5161780491825554,-1.2641732613264558,0.17160243560773333,-1.4617889146835616,-2.404240619785276,1.6026067245934876,3.095818543140949,1.1142050120295726,-0.9447422044406698,-0.4571264450796166,-0.34798764923379183,2.556448616604088,-0.9850851131190764,0.1526791677525971,-0.09399183986801765,2.6030092737979733,-0.33495719451610517,-0.005513194898744544,-0.5791240367019046,-0.696854091722946,2.454139959638253,3.7216334381754184,3.085939467477603,1.059220211339082,0.04639495761061871,-1.9786531575729278,-0.1288829631129154,0.2978220281784141,-0.7225190987242628,-3.375196126047725,2.227981716527988,-1.0232700272308493,1.2214077965631145,1.6840408438759762,-2.953887356391662,-2.1376155878748113,0.31852575031061015,1.7603844103418882,0.09528976429156459,-0.5870935600998098
-1.880836747260679,-2.428257496486724,1.515453802262446,0.7036397638330906,6.352618019996052,4.370727474386196,-1.5644251211054505,4.361066785793027,6.186472200453847,-4.5353737660219435,-10.376768273484442,-2.6604948911159965,4.868208141814364,0.3009762631532795,1.5861336777600008,-10.395057215735338,4.6754720012880915,-2.457468593676546,0.2525498912328747,-6.830843452534219,2.1017539517531634,2.5037091486977343,0.8981546066251885,2.4591191247151247,-5.764780748444661,-13.11541679294272,-9.673128127369088,-1.1091310266824972,-1.1289311355093958,8.139822545447842,-0.08656236331239958,-0.8548421011392846,2.6118753661626783,12.48663387960127,-6.8708868572297455,1.961371999111521,-4.077960100975058,-2.953887356391662,12.117969740232303,6.920657775684619,-3.6677660167328217,-4.1996895769452856,-3.386168932641898,-1.4093817431972602
-1.0201418916043647,-2.057309052267225,0.45873522595500077,0.334434879254976,3.590906236368549,2.584642368893755,-0.7686076405424858,2.793589827216255,3.9172598482052345,-2.7361818519498216,-6.661256065322475,-1.8937845056270899,2.543289704494963,0.35426842150383037,1.0556902399064612,-6.1204188824376216,2.5938273162131122,-1.1055069013053203,0.3162775259729001,-4.579732833326087,0.8781381805735512,1.293320538260477,0.8470783941437905,1.5665173823244722,-4.140307446510467,-7.899104162224677,-6.10564299683052,-1.1572586682440869,-0.38193802912881364,4.518877573423944,-0.13428298324405855,-0.7955416858430333,1.4831123453689075,7.351514720428224,-4.327581304025517,1.6805204253547483,-2.3867385614678054,-2.1376155878748113,6.920657775684619,4.474076454773315,-1.801248505343163,-2.69861839615928,-1.5949866249025904,-0.16233862230629453
0.7011659156779559,-0.13524646773427842,-1.1782403292024115,-0.14687500344221768,-2.039936531383498,-1.128961362298814,0.5918127447431913,-1.0698791242946109,-1.173848028628016,1.232932837931187,2.852633087510511,0.332864148166109,-1.7850148165479485,-0.03028777640163021,-0.5867005813500482,3.3004462722289336,-1.5082248234163287,1.0279739727776835,-0.11135156525268144,1.516268903618127,-0.7462363480195604,-1.340943714489234,-0.14307352182132455,-0.808804535325844,1.092161624243185,3.7462724831514183,2.5342756859659024,-0.3507414562335667,0.48948377389912573,-2.5053022717769364,0.16449903596866816,0.13495518357983935,-0.7347544243530412,-3.678353236400315,1.7486484284270452,-0.12540724868838707,0.8818205239852459,0.31852575031061015,-3.6677660167328217,-1.801248505343163,1.7422030627697385,0.7521276808983596,1.67826325577292,1.2529084384613955
0.5446612203373752,1.6195543092313223,0.16582906030204408,-0.11935153410666491,-2.0869975814471076,-1.6619094815689925,0.3567068763598384,-1.7372017057091913,-3.0287289955659005,1.8706491676772563,3.804500451732325,1.3222136945442018,-1.4210126220681063,-0.3371956954188061,-0.46988461926362834,3.4836232145855797,-1.4469306023082131,0.42924060785412244,-0.038919635722768464,3.029443896845679,-0.656812632692451,-0.2139695107256632,-0.48197357796643747,-0.7822573505706297,2.8341279054242214,4.894250872861792,3.811104999702038,1.0569112810831849,0.2776402353948505,-2.865958747375605,-0.14582523319212665,0.3051513260021516,-0.9927054638754168,-4.522351014995671,2.7694170948612657,-1.0868471738973253,1.7414180482989183,1.7603844103418882,-4.1996895769452856,-2.69861839615928,0.7521276808983596,2.171127101811237,0.5228464560610298,-0.3189503951751109
0.6062068405122363,-0.29539589407389544,-1.2950700777271436,-0.20871524175002099,-1.7579406985936696,-0.9414987679180324,0.6557090984695728,-0.9478699034869413,-0.7401076257232215,0.802503097535402,2.4455161146561246,0.10205007447922021,-1.5652491426030346,0.11212437629858146,-0.6195924373299707,3.063507607030678,-1.4603996687353222,0.9190792453066267,-0.1654232225902213,1.1900147412033566,-0.7957286124391914,-1.2547454629817598,-0.06317235619423088,-0.7820601803970789,0.9097625344338519,3.4031081886754824,2.1144900753456173,-0.4916389573341599,0.4756504702506321,-2.255112081697532,0.24986167120682395,0.121709054053778,-0.5677420386645596,-3.173884480782328,1.2760897409899796,-0.054599413922170485,0.7390546985693123,0.09528976429156459,-3.386168932641898,-1.5949866249025904,1.67826325577292,0.5228464560610298,1.8207201195896725,1.2409080258892562
0.43548813112968937,-1.1683031619971642,-1.1991837092153272,-0.1239283631096523,-1.0559682604956548,-0.24816073988229778,0.33191324419868873,-0.0686904693191943,0.3200162790218027,0.4416140457210591,0.5062909120919303,-0.36615403158297455,-1.1997397778672403,0.1792238810575212,-0.16392411703240903,1.2552515063681142,-0.6929056904407477,1.0293127827590085,0.116882144083744,-0.29863454828668445,-0.5347111375272956,-1.0999859390116506,0.26259819929165873,-0.16201457625125903,-0.8548419965482836,0.919594402183989,0.3397913829999632,-1.0290789673110878,0.5150513271044042,-1.1224548246574886,0.10894205260445904,-0.19615850331080945,-0.32640183493239744,-1.300490223502641,0.307977108280885,0.692611710764074,0.08149994887657112,-0.5870935600998098,-1.4093817431972602,-0.16233862230629453,1.2529084384613955,-0.3189503951751109,1.2409080258892562,1.5944653323652407
