V1,V2,V3,V4,V5,V6,V7,V8,V9,V10,V11,V12,V13,V14,V15,V16,V17,V18,V19,V20,V21,V22,V23,V24,V25,V26,V27,V28,V29,V30,V31,V32,V33,V34,V35,V36,V37,V38,V39,V40,V41,V42,V43,V44
2935.801374885169,27800.785098671822,11670.166639714875,-545.8569412174691,6014.844235009873,-8764.558952927002,14737.700511728406,-15390.624063631582,-20161.800888915648,22710.5962568532,-20190.63058466909,26782.58779700806,51948.039878098425,-23138.44622229452,-6718.253238685808,-8600.84774034476,8016.985990345679,-37981.325152105324,6825.6024931378415,-26145.51787143267,82375.64767044496,14155.860750552632,21843.16452244341,13591.982076516806,6159.45309788355,21528.265888289694,42430.00815396391,6512.548813655652,13578.563183642009,23902.40308242581,19495.05554415874,19110.368721122355,-911.893299838506,8752.0449444312,4329.790151016509,28433.353361628982,-24335.610271034617,-16848.93613550989,-721.8362660496317,-33411.05503399648,6371.56363774215,14014.128907689927,-28639.705293223138,-5462.314287115349
27800.785098671822,263351.7178281298,110557.3933538759,-5173.905029272991,56974.4855120686,-83032.41636169367,139610.87352530332,-145793.69499441332,-190987.41461952074,215136.62024422697,-191262.1205162529,253696.93221596742,492101.8009994598,-219186.56820734864,-63642.783135260455,-81480.7465467373,75942.1477822731,-359787.5297545202,64664.10733620187,-247668.49849846272,780331.9283284841,134099.14407294968,206913.11454072097,128754.63870234462,58350.59409856969,203931.79556043795,401936.1127654773,61691.95652869596,128628.64751690331,226422.0582299223,184668.88854056082,181033.55183072705,-8640.338782890509,82915.45323538795,41017.05478025129,269352.3896501283,-230519.2029309118,-159606.1791331003,-6829.176866860423,-316499.76995943487,60358.17905416813,132744.69052209365,-271305.8930216297,-51745.59554065023
11670.166639714875,110557.3933538759,46413.95367116841,-2172.317358518166,23918.15114930064,-34858.602695899106,58610.387249866486,-61205.77503526532,-80178.23393459598,90316.79360770062,-80293.71258200442,106503.58101457654,206589.92603739945,-92016.69416561487,-26718.043011320726,-34206.939770546785,31881.24015303965,-151041.89161381757,27147.335600532297,-103972.9774812399,327591.19639349735,56296.576303604976,86863.85685332412,54052.417492520435,24496.286213021216,85612.16887898237,168737.22996217306,25898.720848043617,53999.82287339546,95054.01145224966,77525.50337333143,76000.03588306574,-3627.69284950822,34809.60552258696,17219.44493541608,113077.41018913059,-96773.50683315305,-67004.15554822354,-2865.9909857356192,-132869.95027943587,25339.163069828548,55726.68086462084,-113897.6050236291,-21723.59880587769
-545.8569412174691,-5173.905029272991,-2172.317358518166,101.8685814096758,-1119.2262751727992,1631.5606422339263,-2742.9880839500465,2864.369950521107,3752.180108739194,-4226.691565087027,3757.606575211228,-4983.926683871385,-9668.329081536982,4306.24349542288,1250.3491195675563,1600.9745536519602,-1491.9422982490537,7068.431810545894,-1270.6072808485922,4865.611695381632,-15330.839089711233,-2634.7458098916004,-4064.978817101963,-2529.5269295600974,-1146.4546100532443,-4006.475201090208,-7896.75240831692,-1212.0823293490034,-2527.132883220675,-4448.341427546496,-3627.915676008237,-3556.7781481667475,169.76830319710808,-1629.2977680391818,-805.9099896362544,-5291.9692565985015,4528.705208878254,3135.737191321547,133.90724535672234,6218.158559124795,-1185.8578917723219,-2607.6608966433078,5330.413053301146,1016.6761011373912
6014.844235009873,56974.4855120686,23918.15114930064,-1119.2262751727992,12326.258324236393,-17963.299778251014,30203.795297593977,-31541.541424013598,-41319.00859029502,46543.37815635489,-41378.4054643341,54885.98644681022,106462.88351842582,-47419.618620369256,-13768.667490898966,-17627.663428379354,16429.654688001592,-77837.88571108595,13989.45182477597,-53581.68477737882,168819.80369520065,29011.38980702307,44764.481141874356,27855.330196933715,12623.705366027256,44119.42933802378,86956.2833224314,13346.662319492916,27827.928224846517,48985.005281968806,39952.11509918566,39165.32011292867,-1869.1948065502659,17938.00562436245,8873.743901943386,58272.50569645433,-49871.64760162158,-34529.78762800285,-1477.8090774857635,-68472.65624593108,13058.063324551333,28718.78250285117,-58695.18033693566,-11194.845535269893
-8764.558952927002,-83032.41636169367,-34858.602695899106,1631.5606422339263,-17963.299778251014,26180.161762062213,-44018.540525872835,45967.69283914562,60216.60362755562,-67831.0707143301,60303.337687034786,-79987.80734393283,-155156.36256229208,69107.70773211816,20066.171636917567,25690.651144502022,-23943.91417318182,113437.63934591073,-20388.70249323808,78087.15340198978,-246032.42685253776,-42280.78966507041,-65237.73076618964,-40595.16072858559,-18397.564028224973,-64297.63919701819,-126727.56820422523,-19450.861650594932,-40555.78933047593,-71388.8609814989,-58224.28630053203,-57078.711449137314,2724.582359157944,-26143.349802642682,-12932.403241934693,-84925.11470025886,72680.17862063345,50322.46544415577,2152.290395024543,99789.96387533308,-19030.617479549943,-41852.54939805816,85541.1330210096,16315.17498595004
14737.700511728406,139610.87352530332,58610.387249866486,-2742.9880839500465,30203.795297593977,-44018.540525872835,74012.56978966211,-77289.99690580471,-101248.46372368773,114050.86406700015,-101393.99286543929,134492.6383135841,260879.2480239501,-116197.6849780185,-33739.04635251204,-43195.64698896655,40259.419913829144,-190734.46882289308,34280.862605876326,-131296.2129670699,413678.8772937409,71090.58278493938,109691.12485727255,68256.64182879741,30933.378485394063,108110.36063119426,213079.24209250297,32704.82003302285,68190.3581616837,120033.4173260802,97898.74315294121,95971.73013546536,-4580.836305406663,43956.4401153791,21744.391625767836,142792.3270794301,-122205.32545825285,-84612.31012677777,-3619.7920668128363,-167786.5789520372,31997.889565646296,70371.784557455,-143828.13380983067,-27432.05600598307
-15390.624063631582,-145793.69499441332,-61205.77503526532,2864.369950521107,-31541.541424013598,45967.69283914562,-77289.99690580471,80712.80970354791,105732.37294879243,-119101.61443284615,105884.42063563486,-140448.8248300881,-272432.1850759003,121343.5982892799,35233.19740145219,45108.504447484,-42042.32419305735,199181.38994405305,-35798.807432756184,137111.12368386658,-431998.8254276223,-74238.7236471784,-114548.91530904209,-71279.62752297948,-32303.304352909232,-112898.26363587016,-222515.5992926688,-34153.15760635523,-71210.09467905738,-125349.20497796916,-102234.35341924288,-100221.84507934294,4783.535983104978,-45902.9111043933,-22707.37340733508,-149115.89794906604,127617.43136657146,88359.4110612029,3780.455438440191,175217.13108902666,-33414.91980071147,-73488.5016121231,150197.56387223778,28646.932128615335
-20161.800888915648,-190987.41461952074,-80178.23393459598,3752.180108739194,-41319.00859029502,60216.60362755562,-101248.46372368773,105732.37294879243,138507.75116518288,-156021.0249193734,138706.8420907549,-183985.97507290958,-356881.3756229855,158958.12811376332,46154.85319251758,59091.19109966291,-55074.76889206172,260924.51272835955,-46895.549585150104,179613.5827214865,-565911.2579611767,-97251.30723816533,-150057.31220155375,-93375.18226429413,-42316.74875398106,-147895.0249613003,-291491.56285440124,-44740.12363941481,-93283.94892840915,-164205.44053684772,-133925.4365654119,-131288.80559250954,6266.188354869985,-60131.69765112153,-29746.27069653292,-195339.10858461232,167177.0123050752,115749.39909420913,4952.724012990765,229531.44715187408,-43772.89840907263,-96269.03587700005,196756.05209087636,37526.904668477895
22710.5962568532,215136.62024422697,90316.79360770062,-4226.691565087027,46543.37815635489,-67831.0707143301,114050.86406700015,-119101.61443284615,-156021.0249193734,175749.24705297177,-156245.51249394554,207249.28117778874,402007.30052081903,-179057.50190890918,-51991.070072866496,-66563.33261446156,62038.566573909506,-293916.7402363711,52825.662276859,-202324.480260608,637467.4544512402,109548.25690576347,169030.98903288908,105181.9809163227,47667.67596502457,166595.31798825643,328349.206816378,50397.118092918565,105079.26216019281,184968.19695839172,150859.3054659479,147889.77161920306,-7058.747054850506,67735.55962367996,33507.57527238099,220039.18248425587,-188314.97692051268,-130385.10902454767,-5578.367615417907,-258554.54207041906,49307.82086451518,108441.18096798878,-221635.10002171612,-42272.08784067272
-20190.63058466909,-191262.1205162529,-80293.71258200442,3757.606575211228,-41378.4054643341,60303.337687034786,-101393.99286543929,105884.42063563486,138706.8420907549,-156245.51249394554,138906.4286670527,-184250.26876247418,-357394.7341702627,159186.82106289256,46221.33253666377,59176.33728012057,-55153.92110924271,261299.78136303162,-46963.139931654165,179871.9875193471,-566725.172237399,-97391.1659142089,-150273.04058117938,-93509.60911879488,-42377.73898932508,-148107.72876524267,-291910.96135979076,-44804.398363220236,-93418.10978091945,-164441.60554801745,-134117.98122383328,-131477.73737458032,6275.2378066603405,-60218.419185243954,-29789.103166500623,-195620.28837961837,167417.2304488256,115915.83818606347,4959.701322264543,229861.68645569505,-43835.899122691015,-96407.35234114052,197039.19285182268,37580.95560070053
26782.58779700806,253696.93221596742,106503.58101457654,-4983.926683871385,54885.98644681022,-79987.80734393283,134492.6383135841,-140448.8248300881,-183985.97507290958,207249.28117778874,-184250.26876247418,244397.6470465783,474060.6515404363,-211150.994532593,-61309.31669969112,-78492.77432165248,73158.37549513804,-346597.64106923854,62292.959296656976,-238588.5991702016,751724.6279646102,129182.96314584004,199327.98886730662,124034.08699842611,56210.8333566067,196455.42878217812,387200.54446393065,59430.30264509898,123913.14962998786,218121.44054704034,177899.39579388872,174396.27933431213,-8323.60126952859,79874.76237562647,39513.03867274867,259476.66016758556,-222069.16810557895,-153755.10847899,-6579.430435896837,-304896.3937238099,58145.33719367596,127879.08558066684,-261358.92946955192,-49848.30391510817
51948.039878098425,492101.8009994598,206589.92603739945,-9668.329081536982,106462.88351842582,-155156.36256229208,260879.2480239501,-272432.1850759003,-356881.3756229855,402007.30052081903,-357394.7341702627,474060.6515404363,919548.6378665486,-409574.72248738544,-118923.79121309698,-152256.27860916097,141906.59304730032,-672302.8292652456,120832.99372861651,-462795.1188021456,1458138.3947403112,250580.09657633136,386640.194779277,240592.2070418887,109034.5119255739,381068.77715203265,751063.4671601276,115278.14421287956,240357.56886714706,423094.87427769316,345074.4065203809,338281.8563011472,-16146.093214372208,154937.75406356851,76644.95272931595,503315.5664538022,-430750.45808983926,-298242.09420239576,-12759.876488586462,-591415.6045363604,112786.33079351403,248047.53677143969,-506966.350453726,-96692.75305983171
-23138.44622229452,-219186.56820734864,-92016.69416561487,4306.24349542288,-47419.618620369256,69107.70773211816,-116197.6849780185,121343.5982892799,158958.12811376332,-179057.50190890918,159186.82106289256,-211150.994532593,-409574.72248738544,182428.295982801,52969.68772549154,67816.12904832872,-63206.44338168341,299449.7955588496,-53819.83819910443,206133.35243704406,-649467.5789841363,-111610.34739892554,-172213.0480002437,-107162.02653645685,-48564.910362624454,-169731.54480534088,-334530.14978487097,-51345.87737047459,-107057.28090864923,-188450.22469324776,-153699.31343381252,-150673.58780207342,7191.477535421968,-69010.34799518411,-34138.31702880747,-224180.99273833295,191860.2847459544,132839.67725394198,5683.725710263173,263421.67657190363,-50235.94954512411,-110482.85280841777,225807.03670190193,43067.76891462018
-6718.253238685808,-63642.783135260455,-26718.043011320726,1250.3491195675563,-13768.667490898966,20066.171636917567,-33739.04635251204,35233.19740145219,46154.85319251758,-51991.070072866496,46221.33253666377,-61309.31669969112,-118923.79121309698,52969.68772549154,15380.328596246103,19691.197695691702,-18352.51883468739,86947.88928724057,-15627.207063259744,59852.685821041705,-188578.70580815637,-32407.05620484621,-50003.52890822047,-31115.52258237409,-14101.375953896628,-49283.056092063984,-97133.90996279441,-14908.682029493544,-31085.04712290323,-54718.181537668555,-44627.881914356025,-43749.532884376626,2088.1707803070076,-20037.969540661936,-9912.414514227268,-65093.2334205122,55708.10362387893,38571.10963893678,1650.140640598708,76486.91196866459,-14586.489407153524,-32079.50324960889,65565.25829995229,12505.162263850456
-8600.84774034476,-81480.7465467373,-34206.939770546785,1600.9745536519602,-17627.663428379354,25690.651144502022,-43195.64698896655,45108.504447484,59091.19109966291,-66563.33261446156,59176.33728012057,-78492.77432165248,-152256.27860916097,67816.12904832872,19691.197695691702,25210.60317018829,-23496.303693202506,111317.70594832454,-20007.47641216499,76628.24850854429,-241434.00061478085,-41490.33548424053,-64018.45874090474,-39836.66609755242,-18053.893843704984,-63096.21188913742,-124358.97447591418,-19087.366047757263,-39797.64561320437,-70054.64972758933,-57136.05664342362,-56011.95099793605,2673.4661891279484,-25654.6386859761,-12690.778559988557,-83338.06927993786,71321.79749099695,49381.87803386561,2112.345599924319,97924.94882856488,-18674.878755068657,-41070.439437439,83942.35870141731,16010.24758957375
8016.985990345679,75942.1477822731,31881.24015303965,-1491.9422982490537,16429.654688001592,-23943.91417318182,40259.419913829144,-42042.32419305735,-55074.76889206172,62038.566573909506,-55153.92110924271,73158.37549513804,141906.59304730032,-63206.44338168341,-18352.51883468739,-23496.303693202506,21899.424446347723,-103751.23912726727,18647.07908941855,-71419.4792946585,225023.05277375446,38670.03526619592,59667.2585624636,37128.65694374104,16826.283981937773,58807.30953731437,115905.65579257275,17789.94180409404,37092.520211057745,65292.924102075485,53252.783065404416,52204.2546949328,-2491.717904512989,23910.09409603409,11827.93711579576,77672.47253325743,-66474.56760913097,-46025.39259143363,-1969.296964832122,-91268.44575494414,17405.415713041326,38279.453687614485,-78235.9674475974,-14921.798219659478
-37981.325152105324,-359787.5297545202,-151041.89161381757,7068.431810545894,-77837.88571108595,113437.63934591073,-190734.46882289308,199181.38994405305,260924.51272835955,-293916.7402363711,261299.78136303162,-346597.64106923854,-672302.8292652456,299449.7955588496,86947.88928724057,111317.70594832454,-103751.23912726727,491537.0047075586,-88343.10765664118,338361.3311392678,-1066079.076700672,-183204.43063065168,-282682.07442717126,-175902.85373696717,-79717.67051086835,-278608.85693191324,-549119.7289793257,-84282.68651128095,-175730.7649217633,-309334.81306492456,-252292.3443084054,-247325.46475885974,11804.353845341164,-113277.79617747781,-56036.89868730231,-367985.3921016734,314932.4848870627,218051.8597718545,9330.110438746942,432397.6828568713,-82460.50744459331,-181354.2580328326,370654.3659536761,70694.12374096426
6825.6024931378415,64664.10733620187,27147.335600532297,-1270.6072808485922,13989.45182477597,-20388.70249323808,34280.862605876326,-35798.807432756184,-46895.549585150104,52825.662276859,-46963.139931654165,62292.959296656976,120832.99372861651,-53819.83819910443,-15627.207063259744,-20007.47641216499,18647.07908941855,-88343.10765664118,15878.455628459955,-60812.79314529136,191605.57476386076,32927.52799433496,50805.91892780797,31614.776491107492,14327.701815432632,50073.764747757516,98693.1701461958,15147.915665756256,31584.154548757382,55596.33095995614,45343.99923606271,44451.92200387819,-2121.9324127734512,20360.05324894855,10071.49849951368,66138.2255897337,-56601.88811971929,-39190.185518283164,-1676.0281336225119,-77714.65463338315,14820.733124114866,32593.918659295632,-66617.93918555992,-12705.998423225577
-26145.51787143267,-247668.49849846272,-103972.9774812399,4865.611695381632,-53581.68477737882,78087.15340198978,-131296.2129670699,137111.12368386658,179613.5827214865,-202324.480260608,179871.9875193471,-238588.5991702016,-462795.1188021456,206133.35243704406,59852.685821041705,76628.24850854429,-71419.4792946585,338361.3311392678,-60812.79314529136,232919.796577659,-733860.5107354556,-126112.76230656588,-194590.86583884526,-121087.20339207356,-54875.7640666134,-191787.3816775642,-377999.4180140642,-58018.033666838666,-120968.16910322034,-212937.9757929117,-173671.362549254,-170252.36037570806,8125.470068139818,-77977.2657349525,-38574.424206886644,-253311.60474005187,216791.24881028917,150101.0744443851,6423.054701076839,297651.2096675929,-56763.57091384323,-124839.68771316498,255148.57856982277,48663.95567874742
82375.64767044496,780331.9283284841,327591.19639349735,-15330.839089711233,168819.80369520065,-246032.42685253776,413678.8772937409,-431998.8254276223,-565911.2579611767,637467.4544512402,-566725.172237399,751724.6279646102,1458138.3947403112,-649467.5789841363,-188578.70580815637,-241434.00061478085,225023.05277375446,-1066079.076700672,191605.57476386076,-733860.5107354556,2312187.3122413023,397347.37156823196,613100.3191578728,381510.0669007584,172897.1229906219,604265.7068374632,1190969.8530418428,182798.00704423845,381137.6371571547,670906.7825335717,547189.0353304663,536417.1967834696,-25602.66677425951,245685.65905530297,121536.68998668897,798112.7888870859,-683046.9757719364,-472926.1482038928,-20234.54358141971,-937814.5885176446,178846.4552610083,393332.90586138127,-803901.8271474096,-153326.62018820082
14155.860750552632,134099.14407294968,56296.576303604976,-2634.7458098916004,29011.38980702307,-42280.78966507041,71090.58278493938,-74238.7236471784,-97251.30723816533,109548.25690576347,-97391.1659142089,129182.96314584004,250580.09657633136,-111610.34739892554,-32407.05620484621,-41490.33548424053,38670.03526619592,-183204.43063065168,32927.52799433496,-126112.76230656588,397347.37156823196,68284.1076107535,105360.60536245456,65561.99751213138,29712.143884403737,103842.26695673479,204667.27079019387,31413.643766545545,65498.29708611402,115294.62649969883,94033.82485254921,92182.91257238324,-4399.98827873532,42221.16961914819,20885.963023480846,137155.01988420257,-117380.8028076672,-81271.94220281743,-3476.875297306772,-161162.61879048057,30734.708289869075,67593.5831467379,-138150.05843651877,-26349.13455778686
21843.16452244341,206913.11454072097,86863.85685332412,-4064.978817101963,44764.481141874356,-65237.73076618964,109691.12485727255,-114548.91530904209,-150057.31220155375,169030.98903288908,-150273.04058117938,199327.98886730662,386640.194779277,-172213.0480002437,-50003.52890822047,-64018.45874090474,59667.2585624636,-282682.07442717126,50805.91892780797,-194590.86583884526,613100.3191578728,105360.60536245456,162570.078419696,101161.34361862442,45845.33934366,160227.38804176968,315797.7979616314,48470.80209770143,101062.52910721311,177897.92961160452,145093.03566447212,142236.3661032502,-6788.730032259164,65145.7194442413,32226.644387638782,211627.56563785605,-181117.3200162269,-125401.28523320162,-5365.790026047081,-248671.11516982404,47422.9050190741,104296.67101180599,-213162.60615190366,-40656.05858577399
13591.982076516806,128754.63870234462,54052.417492520435,-2529.5269295600974,27855.330196933715,-40595.16072858559,68256.64182879741,-71279.62752297948,-93375.18226429413,105181.9809163227,-93509.60911879488,124034.08699842611,240592.2070418887,-107162.02653645685,-31115.52258237409,-39836.66609755242,37128.65694374104,-175902.85373696717,31614.776491107492,-121087.20339207356,381510.0669007584,65561.99751213138,101161.34361862442,62949.34944870201,28528.14906558915,99703.85300917589,196509.73122888812,30161.57057698787,62887.45593865504,110699.394356588,90286.00443676923,88508.71824548143,-4224.2827913496885,40538.11015029587,20053.608053514094,131688.59964466328,-112702.4832503252,-78032.59084192404,-3338.913177089078,-154739.2026743858,29509.587281398577,64899.84651269261,-132643.64837472644,-25298.957841010473
6159.45309788355,58350.59409856969,24496.286213021216,-1146.4546100532443,12623.705366027256,-18397.564028224973,30933.378485394063,-32303.304352909232,-42316.74875398106,47667.67596502457,-42377.73898932508,56210.8333566067,109034.5119255739,-48564.910362624454,-14101.375953896628,-18053.893843704984,16826.283981937773,-79717.67051086835,14327.701815432632,-54875.7640666134,172897.1229906219,29712.143884403737,45845.33934366,28528.14906558915,12928.917913523503,45184.99043959466,89056.59516461339,13669.01075055974,28500.032990730917,50168.021442443984,40916.653770481484,40111.55107398355,-1914.3976082293607,18371.79716993911,9088.217800006862,59680.506591176265,-51075.50391982321,-35363.6543671757,-1512.9491112021965,-70126.57589621548,13373.499733659704,29411.78496868611,-60113.15717888143,-11465.280445959052
21528.265888289694,203931.79556043795,85612.16887898237,-4006.475201090208,44119.42933802378,-64297.63919701819,108110.36063119426,-112898.26363587016,-147895.0249613003,166595.31798825643,-148107.72876524267,196455.42878217812,381068.77715203265,-169731.54480534088,-49283.056092063984,-63096.21188913742,58807.30953731437,-278608.85693191324,50073.764747757516,-191787.3816775642,604265.7068374632,103842.26695673479,160227.38804176968,99703.85300917589,45184.99043959466,157918.88006536863,311247.26934349036,47772.46239850013,99606.07844820435,175334.51197824161,143002.10875171624,140186.9234248971,-6690.672272065661,64207.08828589152,31762.4296066101,208578.3910394201,-178507.3298935035,-123594.2683436748,-5288.590661608054,-245087.94977628798,46739.52732491368,102793.69680858086,-210091.10436801185,-40070.21612232926
42430.00815396391,401936.1127654773,168737.22996217306,-7896.75240831692,86956.2833224314,-126727.56820422523,213079.24209250297,-222515.5992926688,-291491.56285440124,328349.206816378,-291910.96135979076,387200.54446393065,751063.4671601276,-334530.14978487097,-97133.90996279441,-124358.97447591418,115905.65579257275,-549119.7289793257,98693.1701461958,-377999.4180140642,1190969.8530418428,204667.27079019387,315797.7979616314,196509.73122888812,89056.59516461339,311247.26934349036,613449.39759763,94156.15368796611,196317.80632007192,345573.0068391757,281847.99806123506,276299.8940587184,-13187.626603719045,126549.10289208096,62601.630489017436,411095.1943533271,-351826.0026045415,-243596.44517644017,-10422.192929515682,-483053.0980094405,92120.98366710701,202599.02554872958,-414077.0738239682,-78976.25315497153
6512.548813655652,61691.95652869596,25898.720848043617,-1212.0823293490034,13346.662319492916,-19450.861650594932,32704.82003302285,-34153.15760635523,-44740.12363941481,50397.118092918565,-44804.398363220236,59430.30264509898,115278.14421287956,-51345.87737047459,-14908.682029493544,-19087.366047757263,17789.94180409404,-84282.68651128095,15147.915665756256,-58018.033666838666,182798.00704423845,31413.643766545545,48470.80209770143,30161.57057698787,13669.01075055974,47772.46239850013,94156.15368796611,14451.869193247398,30132.081172275794,53040.914875262286,43259.89663040595,42408.28352691134,-2023.9701092303862,19423.42845068682,9608.540924794022,63097.51769374461,-54000.76696373858,-37388.867368723186,-1599.8756779032524,-74142.14066501656,14139.27159181662,31096.380935092773,-63555.15872602469,-12121.683243470601
13578.563183642009,128628.64751690331,53999.82287339546,-2527.132883220675,27827.928224846517,-40555.78933047593,68190.3581616837,-71210.09467905738,-93283.94892840915,105079.26216019281,-93418.10978091945,123913.14962998786,240357.56886714706,-107057.28090864923,-31085.04712290323,-39797.64561320437,37092.520211057745,-175730.7649217633,31584.154548757382,-120968.16910322034,381137.6371571547,65498.29708611402,101062.52910721311,62887.45593865504,28500.032990730917,99606.07844820435,196317.80632007192,30132.081172275794,62826.295216603554,110591.2522471809,90197.84237316872,88422.26524371775,-4220.477442281041,40498.587893566706,20033.87562952744,131559.74590290312,-112592.36572376832,-77956.4498487314,-3335.1704876030603,-154588.0035032729,29480.845812832395,64836.28336680033,-132514.08818452907,-25274.175773788553
23902.40308242581,226422.0582299223,95054.01145224966,-4448.341427546496,48985.005281968806,-71388.8609814989,120033.4173260802,-125349.20497796916,-164205.44053684772,184968.19695839172,-164441.60554801745,218121.44054704034,423094.87427769316,-188450.22469324776,-54718.181537668555,-70054.64972758933,65292.924102075485,-309334.81306492456,55596.33095995614,-212937.9757929117,670906.7825335717,115294.62649969883,177897.92961160452,110699.394356588,50168.021442443984,175334.51197824161,345573.0068391757,53040.914875262286,110591.2522471809,194671.1256725049,158773.03530414292,155647.33231884518,-7428.808601570881,71288.23042129402,35265.203118940146,231581.17888072174,-198193.79217076083,-137224.7848831763,-5871.484416365893,-272117.2737267935,51894.233764241915,114130.10794455901,-233260.8612712687,-44489.328909864205
19495.05554415874,184668.88854056082,77525.50337333143,-3627.915676008237,39952.11509918566,-58224.28630053203,97898.74315294121,-102234.35341924288,-133925.4365654119,150859.3054659479,-134117.98122383328,177899.39579388872,345074.4065203809,-153699.31343381252,-44627.881914356025,-57136.05664342362,53252.783065404416,-252292.3443084054,45343.99923606271,-173671.362549254,547189.0353304663,94033.82485254921,145093.03566447212,90286.00443676923,40916.653770481484,143002.10875171624,281847.99806123506,43259.89663040595,90197.84237316872,158773.03530414292,129494.92302402906,126945.2202366914,-6058.934192729103,58142.14272109657,28762.064581838906,188876.42991253635,-161646.42012811135,-111920.04377485733,-4789.001195569417,-221937.7487071756,42324.729491402795,93084.38263751002,-190246.51638325703,-36285.34777899558
19110.368721122355,181033.55183072705,76000.03588306574,-3556.7781481667475,39165.32011292867,-57078.711449137314,95971.73013546536,-100221.84507934294,-131288.80559250954,147889.77161920306,-131477.73737458032,174396.27933431213,338281.8563011472,-150673.58780207342,-43749.532884376626,-56011.95099793605,52204.2546949328,-247325.46475885974,44451.92200387819,-170252.36037570806,536417.1967834696,92182.91257238324,142236.3661032502,88508.71824548143,40111.55107398355,140186.9234248971,276299.8940587184,42408.28352691134,88422.26524371775,155647.33231884518,126945.2202366914,124446.64797026616,-5939.767200587106,56998.37756613651,28196.048113892066,185159.06390368004,-158463.4624012056,-109716.68195623414,-4693.969026137546,-217568.97581678815,41491.66328806694,91251.10311634919,-186501.97465139395,-35571.21240347083
-911.893299838506,-8640.338782890509,-3627.69284950822,169.76830319710808,-1869.1948065502659,2724.582359157944,-4580.836305406663,4783.535983104978,6266.188354869985,-7058.747054850506,6275.2378066603405,-8323.60126952859,-16146.093214372208,7191.477535421968,2088.1707803070076,2673.4661891279484,-2491.717904512989,11804.353845341164,-2121.9324127734512,8125.470068139818,-25602.66677425951,-4399.98827873532,-6788.730032259164,-4224.2827913496885,-1914.3976082293607,-6690.672272065661,-13187.626603719045,-2023.9701092303862,-4220.477442281041,-7428.808601570881,-6058.934192729103,-5939.767200587106,283.7986151351795,-2720.704326115543,-1345.7071154292612,-8837.516930135898,7563.061516857364,5236.619083416976,223.59977703723095,10384.354037878262,-1980.442733308761,-4355.069774445715,8901.708068216236,1697.8400155320835
8752.0449444312,82915.45323538795,34809.60552258696,-1629.2977680391818,17938.00562436245,-26143.349802642682,43956.4401153791,-45902.9111043933,-60131.69765112153,67735.55962367996,-60218.419185243954,79874.76237562647,154937.75406356851,-69010.34799518411,-20037.969540661936,-25654.6386859761,23910.09409603409,-113277.79617747781,20360.05324894855,-77977.2657349525,245685.65905530297,42221.16961914819,65145.7194442413,40538.11015029587,18371.79716993911,64207.08828589152,126549.10289208096,19423.42845068682,40498.587893566706,71288.23042129402,58142.14272109657,56998.37756613651,-2720.704326115543,26106.730637428416,12914.250312105765,84805.72073668726,-72577.57599155013,-50251.48483742601,-2149.2143242638836,-99649.43299395095,19003.81113893597,41793.42944636206,-85420.77879321478,-16292.289624451889
4329.790151016509,41017.05478025129,17219.44493541608,-805.9099896362544,8873.743901943386,-12932.403241934693,21744.391625767836,-22707.37340733508,-29746.27069653292,33507.57527238099,-29789.103166500623,39513.03867274867,76644.95272931595,-34138.31702880747,-9912.414514227268,-12690.778559988557,11827.93711579576,-56036.89868730231,10071.49849951368,-38574.424206886644,121536.68998668897,20885.963023480846,32226.644387638782,20053.608053514094,9088.217800006862,31762.4296066101,62601.630489017436,9608.540924794022,20033.87562952744,35265.203118940146,28762.064581838906,28196.048113892066,-1345.7071154292612,12914.250312105765,6388.495775804755,41951.82180766536,-35903.21362249931,-24858.638705748766,-1063.5669812533795,-49294.882642523706,9400.795192093783,20674.827701853766,-42256.04599035273,-8059.42034691687
28433.353361628982,269352.3896501283,113077.41018913059,-5291.9692565985015,58272.50569645433,-84925.11470025886,142792.3270794301,-149115.89794906604,-195339.10858461232,220039.18248425587,-195620.28837961837,259476.66016758556,503315.5664538022,-224180.99273833295,-65093.2334205122,-83338.06927993786,77672.47253325743,-367985.3921016734,66138.2255897337,-253311.60474005187,798112.7888870859,137155.01988420257,211627.56563785605,131688.59964466328,59680.506591176265,208578.3910394201,411095.1943533271,63097.51769374461,131559.74590290312,231581.17888072174,188876.42991253635,185159.06390368004,-8837.516930135898,84805.72073668726,41951.82180766536,275490.86038562714,-235771.00892310645,-163242.7950770467,-6983.938693047128,-323711.8936513323,61733.69157925114,135768.59298931205,-277488.7271050949,-52925.005258724326
-24335.610271034617,-230519.2029309118,-96773.50683315305,4528.705208878254,-49871.64760162158,72680.17862063345,-122205.32545825285,127617.43136657146,167177.0123050752,-188314.97692051268,167417.2304488256,-222069.16810557895,-430750.45808983926,191860.2847459544,55708.10362387893,71321.79749099695,-66474.56760913097,314932.4848870627,-56601.88811971929,216791.24881028917,-683046.9757719364,-117380.8028076672,-181117.3200162269,-112702.4832503252,-51075.50391982321,-178507.3298935035,-351826.0026045415,-54000.76696373858,-112592.36572376832,-198193.79217076083,-161646.42012811135,-158463.4624012056,7563.061516857364,-72577.57599155013,-35903.21362249931,-235771.00892310645,201780.8900610173,139708.03824361178,5978.4004370547955,277041.0928060841,-52833.16965374393,-116195.94442335576,237481.33809024136,45294.29950085149
-16848.93613550989,-159606.1791331003,-67004.15554822354,3135.737191321547,-34529.78762800285,50322.46544415577,-84612.31012677777,88359.4110612029,115749.39909420913,-130385.10902454767,115915.83818606347,-153755.10847899,-298242.09420239576,132839.67725394198,38571.10963893678,49381.87803386561,-46025.39259143363,218051.8597718545,-39190.185518283164,150101.0744443851,-472926.1482038928,-81271.94220281743,-125401.28523320162,-78032.59084192404,-35363.6543671757,-123594.2683436748,-243596.44517644017,-37388.867368723186,-77956.4498487314,-137224.7848831763,-111920.04377485733,-109716.68195623414,5236.619083416976,-50251.48483742601,-24858.638705748766,-163242.7950770467,139708.03824361178,96730.61433814577,4138.822487561654,191817.02840099824,-36580.55573858309,-80450.96098314696,164426.93757539766,31360.801162508727
-721.8362660496317,-6829.176866860423,-2865.9909857356192,133.90724535672234,-1477.8090774857635,2152.290395024543,-3619.7920668128363,3780.455438440191,4952.724012990765,-5578.367615417907,4959.701322264543,-6579.430435896837,-12759.876488586462,5683.725710263173,1650.140640598708,2112.345599924319,-1969.296964832122,9330.110438746942,-1676.0281336225119,6423.054701076839,-20234.54358141971,-3476.875297306772,-5365.790026047081,-3338.913177089078,-1512.9491112021965,-5288.590661608054,-10422.192929515682,-1599.8756779032524,-3335.1704876030603,-5871.484416365893,-4789.001195569417,-4693.969026137546,223.59977703723095,-2149.2143242638836,-1063.5669812533795,-6983.938693047128,5978.4004370547955,4138.822487561654,178.2162242077957,8206.915399575255,-1564.9394240663628,-3443.099634516756,7034.592615950563,1341.6421805677228
-33411.05503399648,-316499.76995943487,-132869.95027943587,6218.158559124795,-68472.65624593108,99789.96387533308,-167786.5789520372,175217.13108902666,229531.44715187408,-258554.54207041906,229861.68645569505,-304896.3937238099,-591415.6045363604,263421.67657190363,76486.91196866459,97924.94882856488,-91268.44575494414,432397.6828568713,-77714.65463338315,297651.2096675929,-937814.5885176446,-161162.61879048057,-248671.11516982404,-154739.2026743858,-70126.57589621548,-245087.94977628798,-483053.0980094405,-74142.14066501656,-154588.0035032729,-272117.2737267935,-221937.7487071756,-217568.97581678815,10384.354037878262,-99649.43299395095,-49294.882642523706,-323711.8936513323,277041.0928060841,191817.02840099824,8206.915399575255,380374.2496322129,-72539.50443178894,-159534.1836543907,326059.8083445014,62188.81717938846
6371.56363774215,60358.17905416813,25339.163069828548,-1185.8578917723219,13058.063324551333,-19030.617479549943,31997.889565646296,-33414.91980071147,-43772.89840907263,49307.82086451518,-43835.899122691015,58145.33719367596,112786.33079351403,-50235.94954512411,-14586.489407153524,-18674.878755068657,17405.415713041326,-82460.50744459331,14820.733124114866,-56763.57091384323,178846.4552610083,30734.708289869075,47422.9050190741,29509.587281398577,13373.499733659704,46739.52732491368,92120.98366710701,14139.27159181662,29480.845812832395,51894.233764241915,42324.729491402795,41491.66328806694,-1980.442733308761,19003.81113893597,9400.795192093783,61733.69157925114,-52833.16965374393,-36580.55573858309,-1564.9394240663628,-72539.50443178894,13833.743448550871,30423.941280651226,-62181.50744608198,-11859.796731590208
14014.128907689927,132744.69052209365,55726.68086462084,-2607.6608966433078,28718.78250285117,-41852.54939805816,70371.784557455,-73488.5016121231,-96269.03587700005,108441.18096798878,-96407.35234114052,127879.08558066684,248047.53677143969,-110482.85280841777,-32079.50324960889,-41070.439437439,38279.453687614485,-181354.2580328326,32593.918659295632,-124839.68771316498,393332.90586138127,67593.5831467379,104296.67101180599,64899.84651269261,29411.78496868611,102793.69680858086,202599.02554872958,31096.380935092773,64836.28336680033,114130.10794455901,93084.38263751002,91251.10311634919,-4355.069774445715,41793.42944636206,20674.827701853766,135768.59298931205,-116195.94442335576,-80450.96098314696,-3443.099634516756,-159534.1836543907,30423.941280651226,66911.93822724218,-136753.439573882,-26082.63090060358
-28639.705293223138,-271305.8930216297,-113897.6050236291,5330.413053301146,-58695.18033693566,85541.1330210096,-143828.13380983067,150197.56387223778,196756.05209087636,-221635.10002171612,197039.19285182268,-261358.92946955192,-506966.350453726,225807.03670190193,65565.25829995229,83942.35870141731,-78235.9674475974,370654.3659536761,-66617.93918555992,255148.57856982277,-803901.8271474096,-138150.05843651877,-213162.60615190366,-132643.64837472644,-60113.15717888143,-210091.10436801185,-414077.0738239682,-63555.15872602469,-132514.08818452907,-233260.8612712687,-190246.51638325703,-186501.97465139395,8901.708068216236,-85420.77879321478,-42256.04599035273,-277488.7271050949,237481.33809024136,164426.93757539766,7034.592615950563,326059.8083445014,-62181.50744608198,-136753.439573882,279501.4263958546,53308.92820477335
-5462.314287115349,-51745.59554065023,-21723.59880587769,1016.6761011373912,-11194.845535269893,16315.17498595004,-27432.05600598307,28646.932128615335,37526.904668477895,-42272.08784067272,37580.95560070053,-49848.30391510817,-96692.75305983171,43067.76891462018,12505.162263850456,16010.24758957375,-14921.798219659478,70694.12374096426,-12705.998423225577,48663.95567874742,-153326.62018820082,-26349.13455778686,-40656.05858577399,-25298.957841010473,-11465.280445959052,-40070.21612232926,-78976.25315497153,-12121.683243470601,-25274.175773788553,-44489.328909864205,-36285.34777899558,-35571.21240347083,1697.8400155320835,-16292.289624451889,-8059.42034691687,-52925.005258724326,45294.29950085149,31360.801162508727,1341.6421805677228,62188.81717938846,-11859.796731590208,-26082.63090060358,53308.92820477335,10167.6521718134
