V1,V2,V3,V4,V5,V6,V7,V8,V9,V10,V11,V12,V13,V14,V15,V16,V17,V18,V19,V20,V21,V22,V23,V24,V25,V26,V27,V28,V29,V30,V31,V32,V33,V34,V35,V36,V37,V38,V39,V40,V41,V42,V43,V44
0.46322857135779033,-0.0970486139984917,-0.10835965923938852,0.7239246760318554,0.4144025052066884,0.01632024792303285,-0.36730123702801865,-0.7808571876481619,0.14443431420071304,0.35348209113320656,-0.27323793396980434,0.3067314831606651,-0.4948536796370152,0.3056455274583054,0.2398414408765212,-0.0808056836542773,-0.5670850107582933,0.032671824940144194,-0.024231346683371954,0.14105332907482274,-0.1851081007110829,0.1527452925200951,0.30876485127142106,-0.3678007260685772,0.03408053830365017,-0.03453429811006703,0.4121290969359416,-0.022712433556377712,0.10349993276068122,-0.022638314714078372,0.2527753916998661,0.09550354003369943,-0.3096023205405562,-0.0929698748279452,-0.25519427604039024,0.42287210114830426,0.4197224574643401,-0.07332913091574493,-0.05965238003581616,-0.21343650522676783,-0.1270470781362942,0.4345658433531978,-0.14185439160469393,-0.15892653123940947
-0.0970486139984917,0.39012630036125506,0.08328922742046663,-0.4280637700190361,-0.4829787374599079,0.0810142815875801,-0.20172506790061093,0.5467116150012649,0.6202268987083704,0.021400596984609284,0.511316282856228,0.11359195905188274,-0.1131924478081861,-0.23602065153575383,0.10738478142547611,0.11128112538297026,0.4437582837898144,-0.229275287597562,-0.10618238728686152,-0.053306365670875384,-0.08013424472614164,-0.4041814081545835,-0.06654908841527998,-0.0012458836414618428,-0.2036210585532068,-0.09900469113088815,-0.14163417899120154,0.5230609953272729,0.12786041936921025,0.11959011084001304,0.1127316033201431,-0.46654492577317563,-0.1388211469904242,0.5489471967230511,-0.1878546378286499,-0.18619324781085744,-0.19334065256244343,0.007743471891386082,0.03594414534798235,-0.3309693001494588,0.21714416294197628,0.21372984583787843,0.13931100924676598,-0.18810965413439315
-0.10835965923938852,0.08328922742046663,1.2321954222351836,-0.6745850365741995,-0.39640890642617854,0.06500024919129732,-0.08047947092627443,0.46266533315325864,-0.04919357436727049,1.0668988867531308,0.05215970993234249,-0.5001567249588307,-0.844456486485986,-1.5574637764948065,-0.7393937794870168,0.13487192571224346,0.1467359465885046,-0.1250382411204334,-0.32486392025312616,-0.28498878433179825,-0.01932885779539918,-1.0931107948827428,0.032306455394761985,0.8807259882588413,0.08353056897784415,0.7576082521678128,-0.4038449123288237,-1.3747897330536547,-0.0841896219505715,-0.8728700509131756,-0.006329548027909346,-0.5871795760833588,-0.09997170584649227,-0.5375301883551369,0.7960122944842362,0.08771976340842129,-0.6598154188637995,-0.43672339497103024,0.40712677384433227,0.22168976422140443,-1.0221538779021981,-0.8363405662898774,0.23723568187697217,-0.3304760275661389
0.7239246760318554,-0.4280637700190361,-0.6745850365741995,2.907151731931106,0.6876542299164156,0.1274567999323587,-0.361957934169543,-1.8759039863312486,-1.137576568863194,-0.28340831784726067,-0.9374340827905862,0.4610484396549415,0.19270089245117003,-0.23724711960996153,0.4969776272239627,-0.7743803038645267,-2.06675776106698,-0.6316230949496637,0.1915502275865824,0.5032430793490414,0.8540449637851987,0.33989663472050297,1.4079832627413431,-0.7569565298494163,0.5300570461097702,-0.5243077543041934,0.5045156676447848,-0.062326480708355524,0.652578919638268,-0.22230877725129602,0.4416893328824185,1.4745454838939318,-0.088160965606486,-1.6948347629231795,-0.8453087232296826,0.7986198213284647,1.7753685955337117,-0.3416516276770029,-0.28316211033354194,-0.21289149769058116,-0.40134503545764516,0.11606042456669777,-0.019788062767897973,0.11468830087365282
0.4144025052066884,-0.4829787374599079,-0.39640890642617854,0.6876542299164156,0.9969508408700113,-0.1685247886999046,0.07963029090079266,-1.2970365957469172,-0.46950537727200653,0.04759164502066993,-0.7427813078285154,0.17398703952217634,-0.14879694382725964,1.071489613053791,0.26721740654032,-0.10020056883351881,-0.8441452900290173,0.470508418314537,0.09323033657723037,0.21992154975390116,-0.22633791766953235,0.9623081724271668,0.0770513177807103,-0.5474931126379298,0.19649648925221835,0.13115341051085058,0.5551322904367435,-0.2362652056371731,-0.24747457795264635,0.07567142064352947,-0.09607575953868616,0.5102872044975929,0.011671180216833249,-0.34963578394717354,0.0404413689308478,0.430509453006664,0.3965906502748311,-0.013859446492282131,-0.18538287657915972,0.27110365412013854,-0.16761350345500042,0.2879474453053387,-0.36304654149040644,0.19427095982335732
0.01632024792303285,0.0810142815875801,0.06500024919129732,0.1274567999323587,-0.1685247886999046,0.09644267308456628,-0.09165262424032396,0.18869128164093282,0.05488268085918596,0.02578460269120693,0.09776880459101338,-0.0049673855351269145,-0.02730583060420452,-0.29904295770155076,-0.0731502394106867,-0.028232931089465816,0.10097023747886658,-0.14434449114219897,0.0023310268702439133,-0.05477026188085812,0.05331653209098655,-0.2688607216223661,0.08260918446441387,0.07762020343228256,3.5899048347967824e-5,-0.09430111484037976,-0.07069077186757677,-0.008739959235945581,0.11657123039193582,-0.03143471033023683,0.08812858799616133,-0.011916477803882731,-0.08106073183022641,-0.057908466990410155,-0.11726927437853282,0.016196020241630704,0.08635673266468542,0.02106140060921071,0.04454906732635616,-0.126750233356464,0.017953773996312018,0.006657878927998037,0.0890018457417564,-0.10131368244366842
-0.36730123702801865,-0.20172506790061093,-0.08047947092627443,-0.361957934169543,0.07963029090079266,-0.09165262424032396,0.7975060118492078,0.2135082555669456,-0.8468025762524681,-0.49248574279229573,-0.22400117175139891,-0.31112032456668853,0.7333804992591998,0.1672991116469091,-0.35205860115409193,-0.016035411007693196,0.19067362562315557,0.2868260394493689,0.17120913455916414,-0.15000956565524806,0.2534522934609459,0.3996891345832191,-0.39179572641113636,0.05252879991138996,0.25236595491335195,0.21289930954380357,-0.35946647307712654,-0.36725413768118215,-0.3320406110865178,0.09406750630306625,-0.5562427460240028,0.4867747400042241,0.4736116902099302,-0.5482312050163203,0.4064777118021597,-0.21943455598606937,-0.17020202750690103,0.09695709024647783,0.13167289426051199,0.58430339805019,-0.08301513911206782,-0.5635205122218249,0.055954908648372666,0.43838176299262877
-0.7808571876481619,0.5467116150012649,0.46266533315325864,-1.8759039863312486,-1.2970365957469172,0.18869128164093282,0.2135082555669456,2.7047993487732542,1.1313545701851961,-0.002911048962605781,1.2210198209433822,-0.2861402301278227,0.42834074281774,-0.44181759102685003,-0.8638033307361398,0.5499945294719609,2.54906253272152,0.13917177404911357,0.19854846093610445,-0.7237840913773709,-0.2715251374194669,-1.0238801852481578,-1.0848769362827948,1.1076410083355914,-0.5328876712457962,-0.30381362938316514,-0.7640347383398297,0.10617329310160267,-0.024980964811486744,0.48170549908915133,-0.0013291519811312426,-0.9542755434687523,-0.19097968801211054,1.4522619865998647,0.13704354120762482,-0.7368704657497969,-1.0798106476458098,0.8134432277943684,0.5334777559939529,-0.2652840041875447,1.0315870023352136,-0.08140215222719747,0.3279976154274101,-0.09213215612400592
0.14443431420071304,0.6202268987083704,-0.04919357436727049,-1.137576568863194,-0.46950537727200653,0.05488268085918596,-0.8468025762524681,1.1313545701851961,2.4855812999920723,0.736247629348272,1.0928042121165107,0.6983949480555681,-0.7969850111111412,1.1311252074675626,0.20364349185716182,0.635914543509668,1.680364108225916,0.3492791498643469,0.02949096522854487,-0.26457984873216817,-1.0895116033260392,-0.3500462685309529,-0.7296743848866056,0.05317537800296982,-0.8901109869316057,-0.47117225104530813,0.3800118454241151,1.0785510597720736,0.10782237909713471,0.8498349691291537,0.6528673745499499,-1.4683722922422233,-0.9810778668215232,2.623184000018303,-0.5602351430113645,-0.07837292005351981,-0.6143938516624496,0.769439948158013,0.19560636154095057,-1.0247714022692056,1.3339951436804762,1.4766546952919863,-0.16676241474392903,-0.4795328018459908
0.35348209113320656,0.021400596984609284,1.0668988867531308,-0.28340831784726067,0.04759164502066993,0.02578460269120693,-0.49248574279229573,-0.002911048962605781,0.736247629348272,1.8065927696055635,-0.05355863351393122,0.07686302249048771,-1.4397000184659272,-0.5523359113937246,-0.6929176758518812,0.2813074964455139,0.20564410636836863,0.2749733715634907,-0.16138934241342315,-0.34291139666123954,-0.4894518364618133,-0.8298076031373826,-0.07299437084958674,0.6305823365508763,-0.12097790752396682,0.6334927608442259,0.158035879887955,-1.468376622972595,-0.05490385440067961,-0.49015349041357,0.40245715371149027,-0.7607617744960413,-0.7715202637113545,0.13931480198202872,0.5161802238085781,0.6360129392290631,-0.44279443366919063,-0.06477044736025364,0.6005962228445174,-0.16609186074723126,-0.6334182038973042,-0.023206340572200165,-0.007486641934662932,-0.3815669722998324
-0.27323793396980434,0.511316282856228,0.05215970993234249,-0.9374340827905862,-0.7427813078285154,0.09776880459101338,-0.22400117175139891,1.2210198209433822,1.0928042121165107,-0.05355863351393122,0.8650600278818893,0.11431532447731906,0.016189622502391175,-0.03871388900279586,0.0197007703357024,0.2913204286411506,1.166457213032445,-0.12194016072433805,-0.025182362102364533,-0.18996159847758662,-0.25991933498428493,-0.5042834926256327,-0.39526817115832885,0.2282064315985807,-0.43469181351184305,-0.29768925573133886,-0.21450405047135565,0.775097241642466,0.12345971401541729,0.37031627546195117,0.173136827913157,-0.7675234791972481,-0.218318215472487,1.215807279376507,-0.2420962934902674,-0.4074722714011697,-0.47572613063764957,0.31168625772195435,0.08519615776641729,-0.46262186201080707,0.6941048691698383,0.3876633878099285,0.13593467015635816,-0.20073461842639234
0.3067314831606651,0.11359195905188274,-0.5001567249588307,0.4610484396549415,0.17398703952217634,-0.0049673855351269145,-0.31112032456668853,-0.2861402301278227,0.6983949480555681,0.07686302249048771,0.11431532447731906,0.6420269833903708,-0.08582704546619659,0.9985054332928109,0.3463912829292851,0.04136798161822851,0.05434636062721681,0.13440713252423706,0.1751604738010218,0.06010594446258527,-0.22492433126303754,0.33606027423308377,-0.013850923240173242,-0.5226843710876526,-0.20459544977830735,-0.4058475516165641,0.3805727356927967,0.6638903397687704,0.16534808818249533,0.577248218066884,0.31430184233560865,-0.011577339769614964,-0.4400844695062309,0.705378003654882,-0.6041371783717309,0.2342070678691263,0.3795030328742315,0.3580269254462527,0.02491538540843344,-0.47781142404452626,0.6429792599698346,0.8534389848481653,-0.14404066879897257,-0.022398275478350205
-0.4948536796370152,-0.1131924478081861,-0.844456486485986,0.19270089245117003,-0.14879694382725964,-0.02730583060420452,0.7333804992591998,0.42834074281774,-0.7969850111111412,-1.4397000184659272,0.016189622502391175,-0.08582704546619659,1.604766112226934,0.49848894942076155,0.11547199744312979,-0.2090735765471858,0.23650149973979706,-0.05829367832310648,0.37825626610751006,0.04396764205197968,0.6320222280756591,0.6556819283254341,-0.1832440654714745,-0.19846144304600866,0.15517908108599954,-0.5786421202586515,-0.35582897294763094,0.7626941894639552,0.025394367148946363,0.5799305127329802,-0.4013052901059009,0.8755407399937382,0.6128530754011665,-0.2405367097251289,-0.3147817697198228,-0.5227989120354685,0.31394017491653986,0.3633693504720894,-0.18568067997381052,0.2712842785850976,0.7305878285424632,-0.24118675058865038,0.09248901119031191,0.5730879457836042
0.3056455274583054,-0.23602065153575383,-1.5574637764948065,-0.23724711960996153,1.071489613053791,-0.29904295770155076,0.1672991116469091,-0.44181759102685003,1.1311252074675626,-0.5523359113937246,-0.03871388900279586,0.9985054332928109,0.49848894942076155,3.9019489956558826,0.6648478858643753,0.42714640656854824,0.8955413382457977,1.3880371128755291,0.6078903726046649,0.015101577423890138,-1.11803896683004,2.051043594813203,-1.1660392681181206,-1.1728664742489676,-0.49703235686966735,-0.7263669889067669,0.9280816933461259,1.4756141134272016,-0.4804585296053116,1.7768177241962344,-0.03817407543722475,0.07736384142914515,-0.41874888215603306,2.164686408401625,-0.7453730838818368,0.06857997986980159,0.13373544213257638,1.316999100663433,-0.15071556650865134,-0.271360128526105,1.951592781025333,1.8858567568106195,-0.7457612695084562,0.3970851257448537
0.2398414408765212,0.10738478142547611,-0.7393937794870168,0.4969776272239627,0.26721740654032,-0.0731502394106867,-0.35205860115409193,-0.8638033307361398,0.20364349185716182,-0.6929176758518812,0.0197007703357024,0.3463912829292851,0.11547199744312979,0.6648478858643753,1.0936911230355861,-0.179967129044868,-0.8214368416163668,-0.3028374941427463,-0.16621745910157598,0.5455623791697424,-0.015344061004541712,0.6432128779094399,0.4402347816846015,-0.8763422818992463,-0.0744110053594883,-0.3515147551528756,0.41557420275606916,1.4553464374945706,0.16712903797086123,0.22875869203342347,0.09310942405291632,0.07490668627828373,0.16198738324451556,0.34521062531619134,-0.594507716742655,-0.12215793933166672,0.4395912267787621,-0.28017285861185276,-0.6468407228880775,-0.2868392237484577,0.2476587010591113,0.6364856316844829,-0.17355972324904492,-0.06686653533256325
-0.0808056836542773,0.11128112538297026,0.13487192571224346,-0.7743803038645267,-0.10020056883351881,-0.028232931089465816,-0.016035411007693196,0.5499945294719609,0.635914543509668,0.2813074964455139,0.2913204286411506,0.04136798161822851,-0.2090735765471858,0.42714640656854824,-0.179967129044868,0.3057190225156894,0.7923748836634922,0.353937579528823,0.032538220579305416,-0.21184733466505415,-0.45109661259870054,-0.04283840995454797,-0.519816656621094,0.18057628754422378,-0.24999061826303995,0.05287206306315942,0.008020088927256456,0.007166852927054404,-0.18102884676993142,0.24285365257016475,0.005734629718050027,-0.5009868161361916,-0.2079403992513345,0.7949273710224002,0.12636539780046416,-0.09687657302385218,-0.4690727728718789,0.30750602013614864,0.16879443827288687,-0.08131883609665555,0.3406477862755828,0.2680992667168342,-0.07130557002707581,-0.06910227708568813
-0.5670850107582933,0.4437582837898144,0.1467359465885046,-2.06675776106698,-0.8441452900290173,0.10097023747886658,0.19067362562315557,2.54906253272152,1.680364108225916,0.20564410636836863,1.166457213032445,0.05434636062721681,0.23650149973979706,0.8955413382457977,-0.8214368416163668,0.7923748836634922,2.9841359235882288,0.7725178010889339,0.38869469981992494,-0.8284371621073724,-0.8785877634829529,-0.4452870125440016,-1.5892800865044332,0.8061369760840783,-0.730565399818581,-0.3941652580816395,-0.3690561958227962,0.2464433482044379,-0.26998342106345413,1.0190377752551933,0.03921534415346203,-1.1005042768082283,-0.5201884300190495,2.2600392331280243,0.015186631322932407,-0.5426139189864819,-1.141376768913426,1.3039238564156286,0.6200372342116224,-0.3717928699798246,1.583017618033441,0.6289675480495556,0.03660015462365607,-0.048994303717974905
0.032671824940144194,-0.229275287597562,-0.1250382411204334,-0.6316230949496637,0.470508418314537,-0.14434449114219897,0.2868260394493689,0.13917177404911357,0.3492791498643469,0.2749733715634907,-0.12194016072433805,0.13440713252423706,-0.05829367832310648,1.3880371128755291,-0.3028374941427463,0.353937579528823,0.7725178010889339,0.9199992665451433,0.2541195797176292,-0.2760804679015878,-0.6615883233792923,0.6252896533097041,-0.8393208115256302,-0.013979414104578895,-0.1605635582294472,0.09945449692891929,0.2152650499595027,-0.30996030014074505,-0.45861091550398914,0.5138002202150221,-0.17042293954014417,-0.1436701004128197,-0.21467842150380112,0.7468501423403379,0.22062843190629947,0.08257216629203998,-0.38450981440954723,0.6167137848487457,0.24946063542966157,0.182762124647027,0.5019005168144172,0.4136389453192378,-0.30095490351823506,0.1472548331073376
-0.024231346683371954,-0.10618238728686152,-0.32486392025312616,0.1915502275865824,0.09323033657723037,0.0023310268702439133,0.17120913455916414,0.19854846093610445,0.02949096522854487,-0.16138934241342315,-0.025182362102364533,0.1751604738010218,0.37825626610751006,0.6078903726046649,-0.16621745910157598,0.032538220579305416,0.38869469981992494,0.2541195797176292,0.3083813388915452,-0.13797307487599667,-0.003872441282687289,0.27566550287359,-0.2467717442600339,-0.028321061833663227,-0.043765760198850354,-0.2973500102486395,0.05787124412512733,0.006979634005831821,6.184652485690275e-4,0.4227486702582375,0.0300467829670599,0.28414157051022193,-0.11351034747691276,0.2082018607591972,-0.18881985827369474,0.06524587085538978,0.1799592975865074,0.45345333678547317,0.14576171928905618,-0.03744303021143178,0.5241742337516345,0.22302467940056597,-0.058400094584495806,0.22846246451943267
0.14105332907482274,-0.053306365670875384,-0.28498878433179825,0.5032430793490414,0.21992154975390116,-0.05477026188085812,-0.15000956565524806,-0.7237840913773709,-0.26457984873216817,-0.34291139666123954,-0.18996159847758662,0.06010594446258527,0.04396764205197968,0.015101577423890138,0.5455623791697424,-0.21184733466505415,-0.8284371621073724,-0.2760804679015878,-0.13797307487599667,0.36341272676604297,0.1840275430125438,0.30377977085402313,0.45537991094471714,-0.4008072158856731,0.09593409141999805,-0.0620699131177361,0.19663177671301155,0.48518667488992195,0.1117590294356149,-0.13807205905500408,0.019188065051064646,0.2181958307909302,0.20753550474989282,-0.2841572496425915,-0.1802831091978051,0.002573716413215872,0.3274842498957928,-0.35652879746497385,-0.378032672230726,-0.0037797957127853163,-0.20105403499829302,0.05106577412343798,-0.06893946898648316,0.004379279833384984
-0.1851081007110829,-0.08013424472614164,-0.01932885779539918,0.8540449637851987,-0.22633791766953235,0.05331653209098655,0.2534522934609459,-0.2715251374194669,-1.0895116033260392,-0.4894518364618133,-0.25991933498428493,-0.22492433126303754,0.6320222280756591,-1.11803896683004,-0.015344061004541712,-0.45109661259870054,-0.8785877634829529,-0.6615883233792923,-0.003872441282687289,0.1840275430125438,0.9836628575491215,-0.21612371355694115,0.6936481155192215,0.07444739836091789,0.3978267857372004,-0.03742769981451322,-0.3528667377147181,-0.20610486509972475,0.30993373231472343,-0.41629953247687745,-0.10229200618252614,0.763774716849676,0.4460631168023511,-1.332454374283148,-0.004375258186890908,-0.03890783807197278,0.5065647777050676,-0.4594551101522347,-0.0834055112338137,0.23003997966068865,-0.526438430933798,-0.814384069994585,0.2929634195344192,0.27277268848625624
0.1527452925200951,-0.4041814081545835,-1.0931107948827428,0.33989663472050297,0.9623081724271668,-0.2688607216223661,0.3996891345832191,-1.0238801852481578,-0.3500462685309529,-0.8298076031373826,-0.5042834926256327,0.33606027423308377,0.6556819283254341,2.051043594813203,0.6432128779094399,-0.04283840995454797,-0.4452870125440016,0.6252896533097041,0.27566550287359,0.30377977085402313,-0.21612371355694115,1.6398821721368275,-0.2889714470165442,-0.9447904405524828,0.06094126548524038,-0.2447550509020381,0.5349883217836346,0.7969379493552694,-0.3426725150977099,0.7210218674877705,-0.32075423621855453,0.6571908935787503,0.27972433882975395,0.2795450112854571,-0.23856309376155654,0.024849709355263008,0.3731460509965987,0.30270128001541763,-0.39072305525921763,0.27678964117069926,0.5992479231934806,0.6192634361567587,-0.44207320581170895,0.5145663298634324
0.30876485127142106,-0.06654908841527998,0.032306455394761985,1.4079832627413431,0.0770513177807103,0.08260918446441387,-0.39179572641113636,-1.0848769362827948,-0.7296743848866056,-0.07299437084958674,-0.39526817115832885,-0.013850923240173242,-0.1832440654714745,-1.1660392681181206,0.4402347816846015,-0.519816656621094,-1.5892800865044332,-0.8393208115256302,-0.2467717442600339,0.45537991094471714,0.6936481155192215,-0.2889714470165442,1.1812738825432456,-0.2414043318507419,0.34135184057886075,-0.00807514605439398,0.10748041342601473,-0.02376887742595339,0.4713799444339218,-0.687353579094793,0.24917156892846665,0.5225163848316446,0.16191633529312002,-1.271536997312973,-0.23764073457119422,0.2916885881849931,0.7878654110294423,-0.7801696914659112,-0.3336091126372158,-0.08221847712405533,-0.8383405591969095,-0.36882545115663873,0.14329334360315754,-0.11902790448729568
-0.3678007260685772,-0.0012458836414618428,0.8807259882588413,-0.7569565298494163,-0.5474931126379298,0.07762020343228256,0.05252879991138996,1.1076410083355914,0.05317537800296982,0.6305823365508763,0.2282064315985807,-0.5226843710876526,-0.19846144304600866,-1.1728664742489676,-0.8763422818992463,0.18057628754422378,0.8061369760840783,-0.013979414104578895,-0.028321061833663227,-0.4008072158856731,0.07444739836091789,-0.9447904405524828,-0.2414043318507419,1.190090142475956,-0.07708156447849701,0.26866045354906254,-0.45422366369353284,-1.151931810987424,-0.014478030724432656,-0.4735032645289064,0.06572358266060964,-0.43498837291894044,-0.06322184544308122,-0.06455322579295013,0.6067505203674985,-0.1410311355898989,-0.6722351867603258,0.07538633496134807,0.39462241590462294,0.1717079897555793,-0.2633489054726543,-0.7590188280176569,0.20270848262684038,-0.1122381118734805
0.03408053830365017,-0.2036210585532068,0.08353056897784415,0.5300570461097702,0.19649648925221835,3.5899048347967824e-5,0.25236595491335195,-0.5328876712457962,-0.8901109869316057,-0.12097790752396682,-0.43469181351184305,-0.20459544977830735,0.15517908108599954,-0.49703235686966735,-0.0744110053594883,-0.24999061826303995,-0.730565399818581,-0.1605635582294472,-0.043765760198850354,0.09593409141999805,0.3978267857372004,0.06094126548524038,0.34135184057886075,-0.07708156447849701,0.3648342493846274,0.23146646204563598,-0.11982184730643142,-0.46513655577887975,-0.013521351423864859,-0.3569828197780627,-0.20843309125020226,0.5340885466072257,0.28223555818297363,-1.064485322673329,0.18992440165606955,0.12894975741382156,0.2855130013555752,-0.349200715696215,-0.030799500616077866,0.3323386121779014,-0.6058125993270707,-0.511847833609955,0.0866729075905622,0.1304642102937772
-0.03453429811006703,-0.09900469113088815,0.7576082521678128,-0.5243077543041934,0.13115341051085058,-0.09430111484037976,0.21289930954380357,-0.30381362938316514,-0.47117225104530813,0.6334927608442259,-0.29768925573133886,-0.4058475516165641,-0.5786421202586515,-0.7263669889067669,-0.3515147551528756,0.05287206306315942,-0.3941652580816395,0.09945449692891929,-0.2973500102486395,-0.0620699131177361,-0.03742769981451322,-0.2447550509020381,-0.00807514605439398,0.26866045354906254,0.23146646204563598,0.8583418790402618,-0.17782295212516588,-1.0346114038934668,-0.3257443457180323,-0.6770183934008944,-0.30521263883623273,-0.2133004057186651,0.1767113368468089,-0.7162972514819675,0.8196454304640003,0.12670387054185647,-0.4739337818714171,-0.5376808752419111,0.1711332446638167,0.48683660589238587,-1.0531630128825746,-0.7001462169114309,0.05653414717232272,-0.036359907422822246
0.4121290969359416,-0.14163417899120154,-0.4038449123288237,0.5045156676447848,0.5551322904367435,-0.07069077186757677,-0.35946647307712654,-0.7640347383398297,0.3800118454241151,0.158035879887955,-0.21450405047135565,0.3805727356927967,-0.35582897294763094,0.9280816933461259,0.41557420275606916,0.008020088927256456,-0.3690561958227962,0.2152650499595027,0.05787124412512733,0.19663177671301155,-0.3528667377147181,0.5349883217836346,0.10748041342601473,-0.45422366369353284,-0.11982184730643142,-0.17782295212516588,0.6074176301062892,0.3127177093429002,0.01382673564866948,0.2441254385096775,0.26320810656615234,0.01788613737183372,-0.288953817435734,0.4264370986867121,-0.2962004453461149,0.35094677730675466,0.3356611064001449,0.1106706380298972,-0.19134181874883033,-0.23025500260714948,0.2615577451312753,0.7007446255862696,-0.29279508293466594,-0.0021619947612683196
-0.022712433556377712,0.5230609953272729,-1.3747897330536547,-0.062326480708355524,-0.2362652056371731,-0.008739959235945581,-0.36725413768118215,0.10617329310160267,1.0785510597720736,-1.468376622972595,0.775097241642466,0.6638903397687704,0.7626941894639552,1.4756141134272016,1.4553464374945706,0.007166852927054404,0.2464433482044379,-0.30996030014074505,0.006979634005831821,0.48518667488992195,-0.20610486509972475,0.7969379493552694,-0.02376887742595339,-1.151931810987424,-0.46513655577887975,-1.0346114038934668,0.3127177093429002,2.9239376411623574,0.27832349506220816,1.0776392215642698,0.13521615286671326,-0.22556128156094332,0.10808917530953001,1.650801349478292,-1.2428266928060456,-0.6435241786111116,0.33389989454403757,0.28355456969479825,-0.7682206025566344,-0.7507186634894052,1.450186041668361,1.3530255106011781,-0.14640080947769935,-0.07941645519366758
0.10349993276068122,0.12786041936921025,-0.0841896219505715,0.652578919638268,-0.24747457795264635,0.11657123039193582,-0.3320406110865178,-0.024980964811486744,0.10782237909713471,-0.05490385440067961,0.12345971401541729,0.16534808818249533,0.025394367148946363,-0.4804585296053116,0.16712903797086123,-0.18102884676993142,-0.26998342106345413,-0.45861091550398914,6.184652485690275e-4,0.1117590294356149,0.30993373231472343,-0.3426725150977099,0.4713799444339218,-0.014478030724432656,-0.013521351423864859,-0.3257443457180323,0.01382673564866948,0.27832349506220816,0.3995905163245069,-0.05960201218473392,0.319767271083693,0.11747579932482988,-0.1316163962810954,-0.13902713447336526,-0.40098508605380345,0.07324599358002024,0.40615458681744776,-0.08908756834315688,-0.06367424919568745,-0.33518515165237617,0.06641088338878025,0.08592203745135835,0.12508859260314067,-0.10484864583350613
-0.022638314714078372,0.11959011084001304,-0.8728700509131756,-0.22230877725129602,0.07567142064352947,-0.03143471033023683,0.09406750630306625,0.48170549908915133,0.8498349691291537,-0.49015349041357,0.37031627546195117,0.577248218066884,0.5799305127329802,1.7768177241962344,0.22875869203342347,0.24285365257016475,1.0190377752551933,0.5138002202150221,0.4227486702582375,-0.13807205905500408,-0.41629953247687745,0.7210218674877705,-0.687353579094793,-0.4735032645289064,-0.3569828197780627,-0.6770183934008944,0.2441254385096775,1.0776392215642698,-0.05960201218473392,1.1550150587001728,0.06497833650294847,-0.012379771467614539,-0.2935951229282434,1.3714865171382702,-0.6386509292164512,-0.13318382669499862,0.09215393858233352,0.895062446564384,0.04357850647000367,-0.38054890973947514,1.4066117895040122,1.0390354488599776,-0.19706970628697787,0.21895044505245434
0.2527753916998661,0.1127316033201431,-0.006329548027909346,0.4416893328824185,-0.09607575953868616,0.08812858799616133,-0.5562427460240028,-0.0013291519811312426,0.6528673745499499,0.40245715371149027,0.173136827913157,0.31430184233560865,-0.4013052901059009,-0.03817407543722475,0.09310942405291632,0.005734629718050027,0.03921534415346203,-0.17042293954014417,0.0300467829670599,0.019188065051064646,-0.10229200618252614,-0.32075423621855453,0.24917156892846665,0.06572358266060964,-0.20843309125020226,-0.30521263883623273,0.26320810656615234,0.13521615286671326,0.319767271083693,0.06497833650294847,0.5040830803460652,-0.2270679667367471,-0.4579681906042637,0.4359978614879975,-0.3809552574893625,0.24427941867589267,0.23745328474899965,0.13066872906728294,0.03594182301848316,-0.48755859679200597,0.2673121091172137,0.4465963259667508,-0.026176265587292767,-0.21321225232039648
0.09550354003369943,-0.46654492577317563,-0.5871795760833588,1.4745454838939318,0.5102872044975929,-0.011916477803882731,0.4867747400042241,-0.9542755434687523,-1.4683722922422233,-0.7607617744960413,-0.7675234791972481,-0.011577339769614964,0.8755407399937382,0.07736384142914515,0.07490668627828373,-0.5009868161361916,-1.1005042768082283,-0.1436701004128197,0.28414157051022193,0.2181958307909302,0.763774716849676,0.6571908935787503,0.5225163848316446,-0.43498837291894044,0.5340885466072257,-0.2133004057186651,0.01788613737183372,-0.22556128156094332,0.11747579932482988,-0.012379771467614539,-0.2270679667367471,1.3787514798172777,0.426733864670384,-1.4763282210597595,-0.19651379034910219,0.23430491639574078,0.9604036261220753,-0.11187177275295598,-0.14076501268067723,0.3938579192883026,-0.2315617255161248,-0.3982398452101842,0.01632567192207051,0.4990454280798796
-0.3096023205405562,-0.1388211469904242,-0.09997170584649227,-0.088160965606486,0.011671180216833249,-0.08106073183022641,0.4736116902099302,-0.19097968801211054,-0.9810778668215232,-0.7715202637113545,-0.218318215472487,-0.4400844695062309,0.6128530754011665,-0.41874888215603306,0.16198738324451556,-0.2079403992513345,-0.5201884300190495,-0.21467842150380112,-0.11351034747691276,0.20753550474989282,0.4460631168023511,0.27972433882975395,0.16191633529312002,-0.06322184544308122,0.28223555818297363,0.1767113368468089,-0.288953817435734,0.10808917530953001,-0.1316163962810954,-0.2935951229282434,-0.4579681906042637,0.426733864670384,0.7102819325403582,-0.7857036008733689,0.2922882085821878,-0.36357360834758845,-0.027861584493050505,-0.40772432270633086,-0.3026589207770978,0.5103124129621063,-0.4216822777056959,-0.675720865327671,0.07631822840615451,0.24182954727167225
-0.0929698748279452,0.5489471967230511,-0.5375301883551369,-1.6948347629231795,-0.34963578394717354,-0.057908466990410155,-0.5482312050163203,1.4522619865998647,2.623184000018303,0.13931480198202872,1.215807279376507,0.705378003654882,-0.2405367097251289,2.164686408401625,0.34521062531619134,0.7949273710224002,2.2600392331280243,0.7468501423403379,0.2082018607591972,-0.2841572496425915,-1.332454374283148,0.2795450112854571,-1.271536997312973,-0.06455322579295013,-1.064485322673329,-0.7162972514819675,0.4264370986867121,1.650801349478292,-0.13902713447336526,1.3714865171382702,0.4359978614879975,-1.4763282210597595,-0.7857036008733689,3.349361622973976,-0.6231857423811068,-0.42489496642239033,-0.85613766754629,1.2039611699287738,0.04218542385003076,-0.9071467660065498,2.0354602735086433,1.7428155228219573,-0.35542385799940135,-0.2797685463223579
-0.25519427604039024,-0.1878546378286499,0.7960122944842362,-0.8453087232296826,0.0404413689308478,-0.11726927437853282,0.4064777118021597,0.13704354120762482,-0.5602351430113645,0.5161802238085781,-0.2420962934902674,-0.6041371783717309,-0.3147817697198228,-0.7453730838818368,-0.594507716742655,0.12636539780046416,0.015186631322932407,0.22062843190629947,-0.18881985827369474,-0.1802831091978051,-0.004375258186890908,-0.23856309376155654,-0.23764073457119422,0.6067505203674985,0.18992440165606955,0.8196454304640003,-0.2962004453461149,-1.2428266928060456,-0.40098508605380345,-0.6386509292164512,-0.3809552574893625,-0.19651379034910219,0.2922882085821878,-0.6231857423811068,1.0156804032209936,-0.01939169931716758,-0.6845068935020632,-0.3714851126547992,0.2264991781556741,0.6471401699188545,-0.8885204901174116,-0.9045978892374715,0.06089922257737125,0.13607129357632775
0.42287210114830426,-0.18619324781085744,0.08771976340842129,0.7986198213284647,0.430509453006664,0.016196020241630704,-0.21943455598606937,-0.7368704657497969,-0.07837292005351981,0.6360129392290631,-0.4074722714011697,0.2342070678691263,-0.5227989120354685,0.06857997986980159,-0.12215793933166672,-0.09687657302385218,-0.5426139189864819,0.08257216629203998,0.06524587085538978,0.002573716413215872,-0.03890783807197278,0.024849709355263008,0.2916885881849931,-0.1410311355898989,0.12894975741382156,0.12670387054185647,0.35094677730675466,-0.6435241786111116,0.07324599358002024,-0.13318382669499862,0.24427941867589267,0.23430491639574078,-0.36357360834758845,-0.42489496642239033,-0.01939169931716758,0.6260954188077328,0.4271672374213814,-0.05759299514410545,0.1718714908380751,-0.08148534955678038,-0.31432750517181285,0.16858257500991652,-0.08087778523438048,0.024495342394906455
0.4197224574643401,-0.19334065256244343,-0.6598154188637995,1.7753685955337117,0.3965906502748311,0.08635673266468542,-0.17020202750690103,-1.0798106476458098,-0.6143938516624496,-0.44279443366919063,-0.47572613063764957,0.3795030328742315,0.31394017491653986,0.13373544213257638,0.4395912267787621,-0.4690727728718789,-1.141376768913426,-0.38450981440954723,0.1799592975865074,0.3274842498957928,0.5065647777050676,0.3731460509965987,0.7878654110294423,-0.6722351867603258,0.2855130013555752,-0.4739337818714171,0.3356611064001449,0.33389989454403757,0.40615458681744776,0.09215393858233352,0.23745328474899965,0.9604036261220753,-0.027861584493050505,-0.85613766754629,-0.6845068935020632,0.4271672374213814,1.1785594188049668,-0.11204636896931824,-0.22698583644714226,-0.2039619850824303,0.0033002646258845345,0.2706184058574254,-0.015766574066235623,0.15099146465731136
-0.07332913091574493,0.007743471891386082,-0.43672339497103024,-0.3416516276770029,-0.013859446492282131,0.02106140060921071,0.09695709024647783,0.8134432277943684,0.769439948158013,-0.06477044736025364,0.31168625772195435,0.3580269254462527,0.3633693504720894,1.316999100663433,-0.28017285861185276,0.30750602013614864,1.3039238564156286,0.6167137848487457,0.45345333678547317,-0.35652879746497385,-0.4594551101522347,0.30270128001541763,-0.7801696914659112,0.07538633496134807,-0.349200715696215,-0.5376808752419111,0.1106706380298972,0.28355456969479825,-0.08908756834315688,0.895062446564384,0.13066872906728294,-0.11187177275295598,-0.40772432270633086,1.2039611699287738,-0.3714851126547992,-0.05759299514410545,-0.11204636896931824,1.0057649221819007,0.2800241734301189,-0.27707097960320226,1.2242115896495147,0.7140761521605864,-0.1635712024043888,0.09449099201588568
-0.05965238003581616,0.03594414534798235,0.40712677384433227,-0.28316211033354194,-0.18538287657915972,0.04454906732635616,0.13167289426051199,0.5334777559939529,0.19560636154095057,0.6005962228445174,0.08519615776641729,0.02491538540843344,-0.18568067997381052,-0.15071556650865134,-0.6468407228880775,0.16879443827288687,0.6200372342116224,0.24946063542966157,0.14576171928905618,-0.378032672230726,-0.0834055112338137,-0.39072305525921763,-0.3336091126372158,0.39462241590462294,-0.030799500616077866,0.1711332446638167,-0.19134181874883033,-0.7682206025566344,-0.06367424919568745,0.04357850647000367,0.03594182301848316,-0.14076501268067723,-0.3026589207770978,0.04218542385003076,0.2264991781556741,0.1718714908380751,-0.22698583644714226,0.2800241734301189,0.5167252289170247,0.005786315748677003,0.0035504602065419685,-0.13387011802817175,0.1023358249401818,0.02502921317864423
-0.21343650522676783,-0.3309693001494588,0.22168976422140443,-0.21289149769058116,0.27110365412013854,-0.126750233356464,0.58430339805019,-0.2652840041875447,-1.0247714022692056,-0.16609186074723126,-0.46262186201080707,-0.47781142404452626,0.2712842785850976,-0.271360128526105,-0.2868392237484577,-0.08131883609665555,-0.3717928699798246,0.182762124647027,-0.03744303021143178,-0.0037797957127853163,0.23003997966068865,0.27678964117069926,-0.08221847712405533,0.1717079897555793,0.3323386121779014,0.48683660589238587,-0.23025500260714948,-0.7507186634894052,-0.33518515165237617,-0.38054890973947514,-0.48755859679200597,0.3938579192883026,0.5103124129621063,-0.9071467660065498,0.6471401699188545,-0.08148534955678038,-0.2039619850824303,-0.27707097960320226,0.005786315748677003,0.6964819160106509,-0.634562008173829,-0.782405972735292,-3.157595239836237e-4,0.2862795527335591
-0.1270470781362942,0.21714416294197628,-1.0221538779021981,-0.40134503545764516,-0.16761350345500042,0.017953773996312018,-0.08301513911206782,1.0315870023352136,1.3339951436804762,-0.6334182038973042,0.6941048691698383,0.6429792599698346,0.7305878285424632,1.951592781025333,0.2476587010591113,0.3406477862755828,1.583017618033441,0.5019005168144172,0.5241742337516345,-0.20105403499829302,-0.526438430933798,0.5992479231934806,-0.8383405591969095,-0.2633489054726543,-0.6058125993270707,-1.0531630128825746,0.2615577451312753,1.450186041668361,0.06641088338878025,1.4066117895040122,0.2673121091172137,-0.2315617255161248,-0.4216822777056959,2.0354602735086433,-0.8885204901174116,-0.31432750517181285,0.0033002646258845345,1.2242115896495147,0.0035504602065419685,-0.634562008173829,1.9789976875294693,1.3000126906989107,-0.22246995579887077,0.13902349598667688
0.4345658433531978,0.21372984583787843,-0.8363405662898774,0.11606042456669777,0.2879474453053387,0.006657878927998037,-0.5635205122218249,-0.08140215222719747,1.4766546952919863,-0.023206340572200165,0.3876633878099285,0.8534389848481653,-0.24118675058865038,1.8858567568106195,0.6364856316844829,0.2680992667168342,0.6289675480495556,0.4136389453192378,0.22302467940056597,0.05106577412343798,-0.814384069994585,0.6192634361567587,-0.36882545115663873,-0.7590188280176569,-0.511847833609955,-0.7001462169114309,0.7007446255862696,1.3530255106011781,0.08592203745135835,1.0390354488599776,0.4465963259667508,-0.3982398452101842,-0.675720865327671,1.7428155228219573,-0.9045978892374715,0.16858257500991652,0.2706184058574254,0.7140761521605864,-0.13387011802817175,-0.782405972735292,1.3000126906989107,1.629022229224368,-0.3419695278424148,-0.1610255724923034
-0.14185439160469393,0.13931100924676598,0.23723568187697217,-0.019788062767897973,-0.36304654149040644,0.0890018457417564,0.055954908648372666,0.3279976154274101,-0.16676241474392903,-0.007486641934662932,0.13593467015635816,-0.14404066879897257,0.09248901119031191,-0.7457612695084562,-0.17355972324904492,-0.07130557002707581,0.03660015462365607,-0.30095490351823506,-0.058400094584495806,-0.06893946898648316,0.2929634195344192,-0.44207320581170895,0.14329334360315754,0.20270848262684038,0.0866729075905622,0.05653414717232272,-0.29279508293466594,-0.14640080947769935,0.12508859260314067,-0.19706970628697787,-0.026176265587292767,0.01632567192207051,0.07631822840615451,-0.35542385799940135,0.06089922257737125,-0.08087778523438048,-0.015766574066235623,-0.1635712024043888,0.1023358249401818,-3.157595239836237e-4,-0.22246995579887077,-0.3419695278424148,0.22252630321596056,-0.018007076583550788
-0.15892653123940947,-0.18810965413439315,-0.3304760275661389,0.11468830087365282,0.19427095982335732,-0.10131368244366842,0.43838176299262877,-0.09213215612400592,-0.4795328018459908,-0.3815669722998324,-0.20073461842639234,-0.022398275478350205,0.5730879457836042,0.3970851257448537,-0.06686653533256325,-0.06910227708568813,-0.048994303717974905,0.1472548331073376,0.22846246451943267,0.004379279833384984,0.27277268848625624,0.5145663298634324,-0.11902790448729568,-0.1122381118734805,0.1304642102937772,-0.036359907422822246,-0.0021619947612683196,-0.07941645519366758,-0.10484864583350613,0.21895044505245434,-0.21321225232039648,0.4990454280798796,0.24182954727167225,-0.2797685463223579,0.13607129357632775,0.024495342394906455,0.15099146465731136,0.09449099201588568,0.02502921317864423,0.2862795527335591,0.13902349598667688,-0.1610255724923034,-0.018007076583550788,0.5513729850993196
