V1,V2,V3,V4,V5,V6,V7,V8,V9,V10,V11,V12,V13,V14,V15,V16,V17,V18,V19,V20,V21,V22,V23,V24,V25,V26,V27,V28,V29,V30,V31,V32,V33,V34,V35,V36,V37,V38,V39,V40,V41,V42,V43,V44
1.1482187440775582,3.936179723079417,-5.015596129384872,-6.947466415144758,2.333731820182865,-3.0127179193532356,2.749284691409531,1.2635874943871799,-1.1271115639338474,2.1638683381420276,-0.5782974855475345,2.273659351260702,5.6956984593376285,-0.07322123241498942,1.7385038192486595,-2.452541422760946,8.926149018257894,2.1475288819045746,1.1402648576327883,6.890552796384636,3.5920649215933174,-3.5741167096475635,-0.653914685090584,1.771359914244028,-3.820873551253213,4.472362901262121,-6.298503770231765,-3.4043106544907964,0.8957540179533442,-0.623056830106069,2.6588295557674537,-7.046426330400244,-1.3453188679866492,-2.733742218360051,-4.549435783692767,0.3937405708221164,-0.2987013846510082,-1.8615142214754579,2.4722938926051787,-1.3930565944067552,0.7616999256027767,1.322053343130317,-2.1956937812955197,-0.06772665840529857
3.936179723079417,17.70461720599513,-22.733507166077185,-29.97754720981037,11.290330464856364,-12.933474356990779,11.873064562916806,4.975889739112518,-5.574249371050592,10.567896341622813,-2.950415729103113,10.632136876289882,24.444731102023606,-1.3309358994521476,8.066596381717794,-10.703391609956418,39.13395354527019,10.814713982017183,6.550520786388646,29.738195286178907,14.995123596967586,-15.367503168721006,-3.6301454339901977,7.50155453348087,-16.522337421108958,19.498155062767836,-27.792034179196587,-14.101496171852608,4.011187579733976,-2.683787557086247,12.188644839638362,-31.432328494522043,-5.556895800886964,-11.01099895982191,-19.864646577329783,1.4194511353299348,-0.2716766307164779,-8.102466241006532,10.390704297309389,-5.441380265275435,3.0347429189904447,6.211573782778349,-9.199738246503161,-0.881786615743124
-5.015596129384872,-22.733507166077185,29.55873408000774,38.75011711088922,-14.385625079203809,16.814880178691613,-15.15565128822148,-6.135597858066362,7.280121476318351,-13.84716360721831,3.8695482401436694,-13.70348915302278,-31.464679167662716,1.612496936854336,-10.32506041164177,13.918246878250711,-50.58524495189129,-14.107637683271255,-8.62247162482866,-38.40226004232054,-18.992481519369033,19.765646501519143,4.798008253401031,-9.531683739024707,21.460529778364304,-24.70930794903225,35.844288864067224,18.298871167543993,-5.511663127217975,3.817511241733028,-15.854955226579596,40.76621679130769,7.080788202512785,14.31465513343066,25.572351951422785,-1.7667685617356075,0.3683797680637851,10.82037734878107,-13.246004011171578,6.859413281045929,-3.6323495880220125,-8.11972946571532,11.609184262550876,1.2266888175260333
-6.947466415144758,-29.97754720981037,38.75011711088922,51.6334366624993,-18.897898606711816,22.347880493469003,-20.325525064680424,-8.693819313736858,9.397543912356086,-17.859598619893436,5.291652069610025,-17.9381291602212,-41.71569236797247,1.9695142912751804,-13.553431341542511,18.667497682490037,-67.24627884783328,-18.19897268152639,-10.721265203217976,-51.14378249323088,-25.42914261614526,26.392856699499415,6.066297029997289,-12.895785803028433,28.399295027696482,-32.96515623700307,47.53680616323778,24.243269776377094,-7.054613736795173,4.764908469079966,-20.591796517120716,53.642328945084394,9.294908509033723,19.41143120579569,33.94307263182052,-2.438282302265073,0.8291692380556214,14.012855729846207,-17.567232057281437,9.41487902169383,-4.945532080044486,-10.385719844266427,15.832263838263533,1.4972242206416293
2.333731820182865,11.290330464856364,-14.385625079203809,-18.897898606711816,7.518404308064737,-8.06618892719342,7.676371999059926,3.3595233791195427,-3.636981407343312,6.742403524955608,-2.1948538717355017,6.852326111564903,15.218524594632273,-1.1671267855737282,5.083837580812563,-6.8450040935571455,24.9120729408764,6.963084086671678,4.228121169778662,18.834480003719932,9.638337681214093,-9.738578310942374,-2.3114922433586367,4.737728574994641,-10.1455017849333,12.60193859858751,-17.72125670304747,-8.689438236154839,2.35428021570029,-1.5040396383067731,7.700357835490745,-19.895944844958272,-3.282348264807805,-6.775406866166075,-12.57710161274287,0.7859297042391924,0.010035832382299712,-4.812648145949129,6.603011101934459,-3.418955508389387,2.0243048873959166,3.873653885718187,-6.083587053276433,-0.6784023669086459
-3.0127179193532356,-12.933474356990779,16.814880178691613,22.347880493469003,-8.06618892719342,9.728771185044742,-8.689145574920737,-3.6169051048508267,4.079472898211624,-7.7730119050582145,2.214572267352356,-7.739836419267777,-18.076880004915687,0.7724951269290687,-5.850418811367193,8.080413039029715,-29.049449197653377,-7.9018092293628674,-4.695549725935481,-22.127412001168185,-10.893433612242953,11.393666785378993,2.6924151186444343,-5.536857580416163,12.405143329901918,-14.13120866250648,20.54642373467136,10.538169981065066,-3.152159485113217,2.1593962533722912,-8.967090663715004,23.274437834245383,4.059402414502031,8.41405327276028,14.686284939310418,-1.0598557142253464,0.3923314598848588,6.188636871939133,-7.54950124555259,4.021171164978348,-2.0666314710112643,-4.537315027725752,6.6854322509239825,0.6328347865193027
2.749284691409531,11.873064562916806,-15.15565128822148,-20.325525064680424,7.676371999059926,-8.689145574920737,8.30305476905337,3.7990768443594267,-3.6492261833398243,6.918721410835521,-2.301736680429557,7.064469111361603,16.38321699789818,-0.9613659756840558,5.382697253683926,-7.363533553215692,26.645111849657845,7.049677303190408,4.039471478867499,20.16470831879377,10.219863806858372,-10.449030035678241,-2.188984666748116,5.193913432671395,-10.896936707656925,13.284203914868506,-18.763185850930782,-9.46797560944941,2.581469944352605,-1.6856107474331556,7.915839502601039,-20.977120156454763,-3.5678414280130117,-7.697837086566418,-13.373906177776394,0.986615994531136,-0.28282932618633794,-5.236576055181406,7.014333225752672,-3.8549293335663437,2.107585071513621,4.009820063508805,-6.660891369771339,-0.619049351053858
1.2635874943871799,4.975889739112518,-6.135597858066362,-8.693819313736858,3.3595233791195427,-3.6169051048508267,3.7990768443594267,2.1142321691183503,-1.4211769542082844,2.6412291834051187,-1.2613786629071084,2.8981009195851466,6.81541085752041,-0.4969994780651747,2.2168371430466287,-3.2570377666387356,11.465512269910612,2.710655937353858,1.2911713559986842,8.645698078078215,4.542723745514651,-4.531344346026518,-0.6936048933394613,2.372540320022102,-4.362451088066815,5.897469493175475,-7.982889199049167,-3.8785529106380325,0.8340642022014907,-0.43087032166258005,3.0264093928570097,-8.586050368001178,-1.3388705883734626,-3.4546916045429694,-5.667148532393813,0.44545927707940264,-0.22091672891306982,-1.834271030568544,2.994145358050497,-1.842298842776253,1.0375779389455713,1.4456389813562316,-3.2959175572646986,-0.252240903930914
-1.1271115639338474,-5.574249371050592,7.280121476318351,9.397543912356086,-3.636981407343312,4.079472898211624,-3.6492261833398243,-1.4211769542082844,1.8886911316944002,-3.4801027500800417,1.039430042175784,-3.4329348427844355,-7.530857154848209,0.5091920695327937,-2.4604121896011697,3.4194198983377824,-12.350633518074149,-3.574688468589009,-2.2617252654038262,-9.373359188125026,-4.6753290637995635,4.800842397560448,1.2785450565974,-2.231925372637884,5.156920203588228,-6.060970045641445,8.8219255135606,4.383019014951699,-1.3328387357809035,0.9256457274433136,-3.9955549979786307,10.056470635062354,1.6224733020944069,3.306116012039987,6.240148450321111,-0.3265572759726662,-0.009521804123099354,2.591791394764004,-3.2416472547838167,1.5747539489914253,-0.890591205193362,-2.0050862523767887,2.7827637198657684,0.3584879736452673
2.1638683381420276,10.567896341622813,-13.84716360721831,-17.859598619893436,6.742403524955608,-7.7730119050582145,6.918721410835521,2.6412291834051187,-3.4801027500800417,6.6176354598501534,-1.7961943427569997,6.43526979943364,14.50760010075898,-0.8399044990399299,4.829907579775662,-6.419210750424634,23.38067006120791,6.7636824909366,4.276315726451142,17.695050587579434,8.617008047932115,-9.079527196101077,-2.3678190375244954,4.325047829810622,-9.961913500431036,11.317199204776053,-16.597359820339225,-8.40807075906662,2.6501909104713324,-1.859033626092801,7.477677593679619,-19.01157441012505,-3.2557493459541567,-6.479770639725663,-11.814845799396814,0.7671276266195121,-0.027636704633052518,-5.114367541226114,6.0548200929524745,-3.033455075857598,1.5850849913201845,3.8693848705462,-5.200493018871149,-0.6493046020678892
-0.5782974855475345,-2.950415729103113,3.8695482401436694,5.291652069610025,-2.1948538717355017,2.214572267352356,-2.301736680429557,-1.2613786629071084,1.039430042175784,-1.7961943427569997,1.1932179790007693,-1.8340276693182413,-3.7527096895381806,0.500251277882287,-1.1871989548116386,2.2007312224007505,-7.194119046998523,-1.8512706130416374,-0.9428578544162284,-5.3214432786141606,-2.5803786299753035,2.717976383839584,0.5375821244865924,-1.294550748236277,2.4627565716580575,-3.4024808340027075,4.9654871747202245,2.192771863887696,-0.619642144504601,0.3745785346840145,-1.9081009407754967,5.36358361694918,0.4449439625330734,2.0363319490248664,3.380863115360495,-0.08078881656293739,0.020769896087569135,1.102912031126001,-1.665807168369339,0.953422325595245,-0.4600234868305646,-0.8577629838587779,2.0271244118290475,0.348608079775166
2.273659351260702,10.632136876289882,-13.70348915302278,-17.9381291602212,6.852326111564903,-7.739836419267777,7.064469111361603,2.8981009195851466,-3.4329348427844355,6.43526979943364,-1.8340276693182413,6.4538631326981175,14.539806767150893,-0.8725882339295231,4.789499797288181,-6.4368440475659625,23.473383859826694,6.6124039108879495,4.072213157095743,17.822445787896104,8.991390147462582,-9.194817684373147,-2.2655846147808245,4.414748804981441,-9.858096310388188,11.657935251042154,-16.71051655019119,-8.400629145354458,2.4273715531801385,-1.6373626091672515,7.420917717262296,-18.93499780464794,-3.2454072638929987,-6.464022854503362,-11.894667120523414,0.7602407432270482,-0.07917765816185367,-4.870518700326882,6.228326268578147,-3.172663985699088,1.7894898508632946,3.74841047426419,-5.457837325501992,-0.5867071898439082
5.6956984593376285,24.444731102023606,-31.464679167662716,-41.71569236797247,15.218524594632273,-18.076880004915687,16.38321699789818,6.81541085752041,-7.530857154848209,14.50760010075898,-3.7527096895381806,14.539806767150893,34.264330819580934,-1.4608436483768295,11.25550871005215,-14.790571238228681,54.17135489917945,14.755693353235552,8.845357977080722,41.26237393543308,20.62163196856066,-21.327997445860145,-4.921710141440509,10.51221754574853,-23.272201610708077,26.809848422117714,-38.38014404484985,-19.83585502084616,5.727397054708942,-3.8861287459239096,16.776703215796292,-43.5067090429511,-7.999394562975961,-15.646013332165932,-27.568380445345177,2.175884025839387,-0.6421118502657598,-11.525198941014539,14.365618349994023,-7.667075381236045,4.1200388222545685,8.630458094393088,-12.59175432996089,-1.057508661042198
-0.07322123241498942,-1.3309358994521476,1.612496936854336,1.9695142912751804,-1.1671267855737282,0.7724951269290687,-0.9613659756840558,-0.4969994780651747,0.5091920695327937,-0.8399044990399299,0.500251277882287,-0.8725882339295231,-1.4608436483768295,0.4376975148715589,-0.5870329551091057,0.786265075812001,-2.8220864867286655,-0.9257765600070779,-0.6143482119251643,-2.029680333977831,-1.109547153796234,1.0504378115159567,0.30147339725905803,-0.506030696182434,0.8623113284137158,-1.5823160151987017,2.0375847075612095,0.7246020564940969,-0.11954094607353158,0.00876623268370674,-0.8483730631850254,2.202264816433017,0.17994848950036285,0.5437045037007141,1.3767934667581143,-0.0010762126014744046,-0.20144038861580432,0.27832730522923266,-0.7115760050920009,0.32298758156065427,-0.2887886265495796,-0.4145933418437798,0.8392508454995188,0.19329421270034317
1.7385038192486595,8.066596381717794,-10.32506041164177,-13.553431341542511,5.083837580812563,-5.850418811367193,5.382697253683926,2.2168371430466287,-2.4604121896011697,4.829907579775662,-1.1871989548116386,4.789499797288181,11.25550871005215,-0.5870329551091057,3.8606408024977266,-4.767206386015716,17.645368412441357,4.949809891862705,3.0362428336645766,13.352740489163518,6.568547626851901,-6.923436575012027,-1.644591116881887,3.500461524084718,-7.62363254432527,8.773480643271471,-12.483397971110808,-6.369905954044819,1.8493404477658961,-1.20786693124267,5.434194859487411,-14.176937333733107,-2.6822725087647186,-5.07971776606996,-8.996834225417674,0.7786409096633715,-0.09063155220376637,-3.7420365936245648,4.602041220295373,-2.488156898459714,1.3240875409968869,2.8758336843638386,-4.094482060815598,-0.38524224757754183
-2.452541422760946,-10.703391609956418,13.918246878250711,18.667497682490037,-6.8450040935571455,8.080413039029715,-7.363533553215692,-3.2570377666387356,3.4194198983377824,-6.419210750424634,2.2007312224007505,-6.4368440475659625,-14.790571238228681,0.786265075812001,-4.767206386015716,6.923897629900197,-24.390298927537714,-6.55617960504494,-3.7798411531405645,-18.509495946159756,-9.065364088165813,9.527324756550605,2.1972816971644358,-4.637467521748555,10.128031676664161,-11.800572753816375,17.183213268180687,8.601115099247185,-2.5432442537556312,1.6920703526449272,-7.328160631156346,19.288022879498346,3.1042962590675796,7.078114483880703,12.19784792030114,-0.8016222473672479,0.31905806653919305,4.947417229533379,-6.196468905790879,3.3689641450874266,-1.6949419182841283,-3.621576969479145,5.807084639704046,0.6231269595648268
8.926149018257894,39.13395354527019,-50.58524495189129,-67.24627884783328,24.9120729408764,-29.049449197653377,26.645111849657845,11.465512269910612,-12.350633518074149,23.38067006120791,-7.194119046998523,23.473383859826694,54.17135489917945,-2.8220864867286655,17.645368412441357,-24.390298927537714,87.82725842142194,23.833817203963918,14.068434136036613,66.67510296101725,33.202894771227896,-34.39475053918862,-7.891301971803581,16.76514670235641,-36.743680135444514,43.09014750454498,-62.057145219752954,-31.47627718319041,9.143009320330918,-6.171766947461338,26.845060774770626,-69.97611985468328,-11.908978733114667,-25.193135972617494,-44.22440292553551,3.083254356209965,-0.9300779090895775,-18.117135867378686,22.91832410099423,-12.234675388402621,6.4769834544221485,13.549452636284146,-20.851240603287287,-2.0766298273478765
2.1475288819045746,10.814713982017183,-14.107637683271255,-18.19897268152639,6.963084086671678,-7.9018092293628674,7.049677303190408,2.710655937353858,-3.574688468589009,6.7636824909366,-1.8512706130416374,6.6124039108879495,14.755693353235552,-0.9257765600070779,4.949809891862705,-6.55617960504494,23.833817203963918,6.964835765391949,4.418120614273869,18.03134948074598,8.804615189559229,-9.267793065327988,-2.467903585054317,4.427188543374573,-10.147162635674345,11.604759856869967,-16.95538909001103,-8.478439529652944,2.635420634093242,-1.8034586018574248,7.639194099575165,-19.374910128998497,-3.29533097281544,-6.528582977149559,-12.059671574695274,0.7603064039816282,0.027434640962379755,-5.134730062716925,6.1556929247941055,-3.07685520854688,1.6357556358733518,3.918344582647374,-5.306387031381537,-0.6821726328817173
1.1402648576327883,6.550520786388646,-8.62247162482866,-10.721265203217976,4.228121169778662,-4.695549725935481,4.039471478867499,1.2911713559986842,-2.2617252654038262,4.276315726451142,-0.9428578544162284,4.072213157095743,8.845357977080722,-0.6143482119251643,3.0362428336645766,-3.7798411531405645,14.068434136036613,4.418120614273869,3.023212716876663,10.638203243161666,5.154832827987815,-5.4388407374268395,-1.6647212501841386,2.5165233510840728,-6.145688884555483,6.85662538624636,-10.113157745428568,-5.061886948722735,1.6726385611278773,-1.1873614128720396,4.80686592705043,-11.776195727310817,-2.0649436968250052,-3.6325338544111934,-7.200909379115444,0.4153249584848043,0.18416874171176575,-3.2199680526377135,3.680478829555527,-1.6663379027617815,0.9352908194295527,2.5283246234630896,-2.8752385539463883,-0.4384019807450728
6.890552796384636,29.738195286178907,-38.40226004232054,-51.14378249323088,18.834480003719932,-22.127412001168185,20.16470831879377,8.645698078078215,-9.373359188125026,17.695050587579434,-5.3214432786141606,17.822445787896104,41.26237393543308,-2.029680333977831,13.352740489163518,-18.509495946159756,66.67510296101725,18.03134948074598,10.638203243161666,50.74868455080713,25.39457336551287,-26.17243023190391,-6.033381754684867,12.726544821089364,-28.040137026955477,32.834258414677606,-47.20635337238736,-24.01095408501059,6.91486036357605,-4.668236032735474,20.48242401344744,-53.23620367091489,-9.147099195171782,-19.105512769591247,-33.67820434887544,2.348768155499008,-0.7951127055513433,-13.767514788584174,17.507363141848387,-9.315616864123868,5.0007152011291485,10.288948386974214,-15.745287392046432,-1.4838558077699033
3.5920649215933174,14.995123596967586,-18.992481519369033,-25.42914261614526,9.638337681214093,-10.893433612242953,10.219863806858372,4.542723745514651,-4.6753290637995635,8.617008047932115,-2.5803786299753035,8.991390147462582,20.62163196856066,-1.109547153796234,6.568547626851901,-9.065364088165813,33.202894771227896,8.804615189559229,5.154832827987815,25.39457336551287,13.436932548594967,-13.15702690299967,-2.876110155304153,6.345863417824461,-13.709028807438157,16.998414557870476,-23.695012857792644,-12.039751788501597,3.090110664042664,-2.0427159200475256,10.319207862439393,-26.53063086539626,-4.623466011667876,-9.21413895292791,-16.89808304624694,1.1030623014111678,-0.37475557028722123,-6.510150848530993,9.185320366942724,-4.7889031144079865,2.9282033158450984,5.083909756142788,-8.161580889159767,-0.6207370024304332
-3.5741167096475635,-15.367503168721006,19.765646501519143,26.392856699499415,-9.738578310942374,11.393666785378993,-10.449030035678241,-4.531344346026518,4.800842397560448,-9.079527196101077,2.717976383839584,-9.194817684373147,-21.327997445860145,1.0504378115159567,-6.923436575012027,9.527324756550605,-34.39475053918862,-9.267793065327988,-5.4388407374268395,-26.17243023190391,-13.15702690299967,13.525494641321227,3.0710676422185252,-6.614904264765924,14.45230120468089,-17.00688797811722,24.3449364729312,12.378271160870984,-3.5101123145514914,2.343180027011746,-10.523049154355926,27.402685868807993,4.7489764680950755,9.871208393572848,17.380207262399445,-1.2366638369162393,0.41377947366240503,7.0563432606627545,-9.060355919690883,4.854382799052067,-2.621974141478629,-5.2815714876419335,8.191271295757181,0.7475857649320621
-0.653914685090584,-3.6301454339901977,4.798008253401031,6.066297029997289,-2.3114922433586367,2.6924151186444343,-2.188984666748116,-0.6936048933394613,1.2785450565974,-2.3678190375244954,0.5375821244865924,-2.2655846147808245,-4.921710141440509,0.30147339725905803,-1.644591116881887,2.1972816971644358,-7.891301971803581,-2.467903585054317,-1.6647212501841386,-6.033381754684867,-2.876110155304153,3.0710676422185252,1.011384490204816,-1.4082662836948756,3.5322030416106003,-3.826480009080281,5.715852862182822,2.7999984886404063,-0.9291113400702442,0.6309856968041371,-2.711331042183897,6.619172579596322,1.1271865762914848,2.0432243143467357,4.069915903902979,-0.21148334651605868,-0.046684716724524226,1.7772359676485254,-2.00553145902938,0.9150444971130721,-0.5026005657918459,-1.3620540549122866,1.527140038123981,0.2291973879629781
1.771359914244028,7.50155453348087,-9.531683739024707,-12.895785803028433,4.737728574994641,-5.536857580416163,5.193913432671395,2.372540320022102,-2.231925372637884,4.325047829810622,-1.294550748236277,4.414748804981441,10.51221754574853,-0.506030696182434,3.500461524084718,-4.637467521748555,16.76514670235641,4.427188543374573,2.5165233510840728,12.726544821089364,6.345863417824461,-6.614904264765924,-1.4082662836948756,3.3773534192370254,-7.083375830223383,8.361021702368651,-11.805959163850341,-5.987131219253202,1.6296164275949594,-1.019525852119462,4.938728724790535,-13.195946055749092,-2.394014979609025,-4.967683544403383,-8.485550631247422,0.7253320913024632,-0.24004997876844028,-3.3468147076031047,4.354221468638908,-2.475711901841816,1.3049218984318376,2.515457812374326,-4.106812934187152,-0.3299428651120367
-3.820873551253213,-16.522337421108958,21.460529778364304,28.399295027696482,-10.1455017849333,12.405143329901918,-10.896936707656925,-4.362451088066815,5.156920203588228,-9.961913500431036,2.4627565716580575,-9.858096310388188,-23.272201610708077,0.8623113284137158,-7.62363254432527,10.128031676664161,-36.743680135444514,-10.147162635674345,-6.145688884555483,-28.040137026955477,-13.709028807438157,14.45230120468089,3.5322030416106003,-7.083375830223383,16.07688474063758,-17.905868368931614,26.05106282029579,13.4707186708069,-4.071321141580895,2.7815158644127043,-11.490384256752058,29.65973001141553,5.44831235028339,10.672118042094054,18.724063546951278,-1.4655064337537902,0.48121741670049767,8.04458003024429,-9.568069435710074,5.082881462582006,-2.5981330287457003,-5.887265513832468,8.21372682154904,0.7285459900354012
4.472362901262121,19.498155062767836,-24.70930794903225,-32.96515623700307,12.60193859858751,-14.13120866250648,13.284203914868506,5.897469493175475,-6.060970045641445,11.317199204776053,-3.4024808340027075,11.657935251042154,26.809848422117714,-1.5823160151987017,8.773480643271471,-11.800572753816375,43.09014750454498,11.604759856869967,6.85662538624636,32.834258414677606,16.998414557870476,-17.00688797811722,-3.826480009080281,8.361021702368651,-17.905868368931614,21.98150322551556,-30.683588549927315,-15.414486948012245,4.032388870819491,-2.5801327796835696,13.240271151496088,-34.38586966204436,-6.03345069417361,-12.056218170589624,-21.933767748351396,1.5582578952915478,-0.3714974774306406,-8.40810456496243,11.630441762029099,-6.174788113660065,3.6711438179330345,6.6323093387105585,-10.519876046673971,-0.8804585049329869
-6.298503770231765,-27.792034179196587,35.844288864067224,47.53680616323778,-17.72125670304747,20.54642373467136,-18.763185850930782,-7.982889199049167,8.8219255135606,-16.597359820339225,4.9654871747202245,-16.71051655019119,-38.38014404484985,2.0375847075612095,-12.483397971110808,17.183213268180687,-62.057145219752954,-16.95538909001103,-10.113157745428568,-47.20635337238736,-23.695012857792644,24.3449364729312,5.715852862182822,-11.805959163850341,26.05106282029579,-30.683588549927315,44.014923037744104,22.271697118354204,-6.389400630635969,4.294458492612113,-19.191331489152805,49.66829878526358,8.507094499770064,17.577447421896164,31.378826894137806,-2.1351834493844164,0.5921982984474131,12.75876077463153,-16.33537283272677,8.600884576673465,-4.7028514460206035,-9.646874178566584,14.625419817436338,1.4292078296705955
-3.4043106544907964,-14.101496171852608,18.298871167543993,24.243269776377094,-8.689438236154839,10.538169981065066,-9.46797560944941,-3.8785529106380325,4.383019014951699,-8.40807075906662,2.192771863887696,-8.400629145354458,-19.83585502084616,0.7246020564940969,-6.369905954044819,8.601115099247185,-31.47627718319041,-8.478439529652944,-5.061886948722735,-24.01095408501059,-12.039751788501597,12.378271160870984,2.7999984886404063,-5.987131219253202,13.4707186708069,-15.414486948012245,22.271697118354204,11.687690786097342,-3.454805593699597,2.4512344936433252,-9.815195899906549,25.322923320085394,4.589756803033913,9.122912573166435,15.959732004934269,-1.1961645844602815,0.45948877668470856,6.853649252964441,-8.425373512612321,4.429862520442804,-2.3479053916392867,-5.03411864948394,7.285321962730661,0.6017347653541364
0.8957540179533442,4.011187579733976,-5.511663127217975,-7.054613736795173,2.35428021570029,-3.152159485113217,2.581469944352605,0.8340642022014907,-1.3328387357809035,2.6501909104713324,-0.619642144504601,2.4273715531801385,5.727397054708942,-0.11954094607353158,1.8493404477658961,-2.5432442537556312,9.143009320330918,2.635420634093242,1.6726385611278773,6.91486036357605,3.090110664042664,-3.5101123145514914,-0.9291113400702442,1.6296164275949594,-4.071321141580895,4.032388870819491,-6.389400630635969,-3.454805593699597,1.3091070580593853,-1.0172544779291952,2.944281625449803,-7.490039175825432,-1.3080193331327148,-2.732939946063489,-4.556884759123689,0.32459055387775015,-0.11807938143606278,-2.34488258324472,2.25932484951919,-1.1338913146020442,0.40554492569740175,1.5784479718900901,-1.832675612636205,-0.2543722874263858
-0.623056830106069,-2.683787557086247,3.817511241733028,4.764908469079966,-1.5040396383067731,2.1593962533722912,-1.6856107474331556,-0.43087032166258005,0.9256457274433136,-1.859033626092801,0.3745785346840145,-1.6373626091672515,-3.8861287459239096,0.00876623268370674,-1.20786693124267,1.6920703526449272,-6.171766947461338,-1.8034586018574248,-1.1873614128720396,-4.668236032735474,-2.0427159200475256,2.343180027011746,0.6309856968041371,-1.019525852119462,2.7815158644127043,-2.5801327796835696,4.294458492612113,2.4512344936433252,-1.0172544779291952,0.8587648880797436,-2.0768696010633114,5.15398760589118,0.9009787220600602,1.854701373643245,3.0513112177386077,-0.19590609699002412,0.09286379856142842,1.7601671583004006,-1.553181371463399,0.718115563657954,-0.2098276745687583,-1.1438571278014695,1.1451972114482951,0.1791337285746335
2.6588295557674537,12.188644839638362,-15.854955226579596,-20.591796517120716,7.700357835490745,-8.967090663715004,7.915839502601039,3.0264093928570097,-3.9955549979786307,7.477677593679619,-1.9081009407754967,7.420917717262296,16.776703215796292,-0.8483730631850254,5.434194859487411,-7.328160631156346,26.845060774770626,7.639194099575165,4.80686592705043,20.48242401344744,10.319207862439393,-10.523049154355926,-2.711331042183897,4.938728724790535,-11.490384256752058,13.240271151496088,-19.191331489152805,-9.815195899906549,2.944281625449803,-2.0768696010633114,8.737444134047722,-21.9346954058177,-3.834202866596517,-7.337588738689897,-13.676694863443794,0.840328800424883,-0.13265808949817828,-5.830656206965337,7.205525740922489,-3.5462923636755996,2.0055822606389393,4.42372082933485,-5.975745878059289,-0.6252246006261912
-7.046426330400244,-31.432328494522043,40.76621679130769,53.642328945084394,-19.895944844958272,23.274437834245383,-20.977120156454763,-8.586050368001178,10.056470635062354,-19.01157441012505,5.36358361694918,-18.93499780464794,-43.5067090429511,2.202264816433017,-14.176937333733107,19.288022879498346,-69.97611985468328,-19.374910128998497,-11.776195727310817,-53.23620367091489,-26.53063086539626,27.402685868807993,6.619172579596322,-13.195946055749092,29.65973001141553,-34.38586966204436,49.66829878526358,25.322923320085394,-7.490039175825432,5.15398760589118,-21.9346954058177,56.380089799314796,9.778225575318379,19.762384098201046,35.440223857079026,-2.418728789020683,0.5945988814021319,14.799029459789637,-18.42878919146086,9.546479572432508,-5.161705533021988,-11.14032726430413,16.127436744689202,1.6222358215594515
-1.3453188679866492,-5.556895800886964,7.080788202512785,9.294908509033723,-3.282348264807805,4.059402414502031,-3.5678414280130117,-1.3388705883734626,1.6224733020944069,-3.2557493459541567,0.4449439625330734,-3.2454072638929987,-7.999394562975961,0.17994848950036285,-2.6822725087647186,3.1042962590675796,-11.908978733114667,-3.29533097281544,-2.0649436968250052,-9.147099195171782,-4.623466011667876,4.7489764680950755,1.1271865762914848,-2.394014979609025,5.44831235028339,-6.03345069417361,8.507094499770064,4.589756803033913,-1.3080193331327148,0.9009787220600602,-3.834202866596517,9.778225575318379,2.1215064586183368,3.47003743204516,6.225636375370789,-0.6196905710456586,0.16512517312113953,2.7279236987813076,-3.2928835133588215,1.741313889014395,-0.9810596077144331,-2.0625258443206045,2.6078098017381284,0.11562432379174944
-2.733742218360051,-11.01099895982191,14.31465513343066,19.41143120579569,-6.775406866166075,8.41405327276028,-7.697837086566418,-3.4546916045429694,3.306116012039987,-6.479770639725663,2.0363319490248664,-6.464022854503362,-15.646013332165932,0.5437045037007141,-5.07971776606996,7.078114483880703,-25.193135972617494,-6.528582977149559,-3.6325338544111934,-19.105512769591247,-9.21413895292791,9.871208393572848,2.0432243143467357,-4.967683544403383,10.672118042094054,-12.056218170589624,17.577447421896164,9.122912573166435,-2.732939946063489,1.854701373643245,-7.337588738689897,19.762384098201046,3.47003743204516,7.734181270522691,12.598690925196117,-1.0650861136744056,0.529830796911255,5.319308520618131,-6.381953409200024,3.668121058042063,-1.7026500824927764,-3.756226613045019,6.056020963309033,0.5256372614412719
-4.549435783692767,-19.864646577329783,25.572351951422785,33.94307263182052,-12.57710161274287,14.686284939310418,-13.373906177776394,-5.667148532393813,6.240148450321111,-11.814845799396814,3.380863115360495,-11.894667120523414,-27.568380445345177,1.3767934667581143,-8.996834225417674,12.19784792030114,-44.22440292553551,-12.059671574695274,-7.200909379115444,-33.67820434887544,-16.89808304624694,17.380207262399445,4.069915903902979,-8.485550631247422,18.724063546951278,-21.933767748351396,31.378826894137806,15.959732004934269,-4.556884759123689,3.0513112177386077,-13.676694863443794,35.440223857079026,6.225636375370789,12.598690925196117,22.438074563695924,-1.6154414775791925,0.46305229340798404,9.145272306162612,-11.671595998131158,6.18126371713891,-3.384818391619774,-6.917155440668734,10.377381308438911,0.9515310611137892
0.3937405708221164,1.4194511353299348,-1.7667685617356075,-2.438282302265073,0.7859297042391924,-1.0598557142253464,0.986615994531136,0.44545927707940264,-0.3265572759726662,0.7671276266195121,-0.08078881656293739,0.7602407432270482,2.175884025839387,-0.0010762126014744046,0.7786409096633715,-0.8016222473672479,3.083254356209965,0.7603064039816282,0.4153249584848043,2.348768155499008,1.1030623014111678,-1.2366638369162393,-0.21148334651605868,0.7253320913024632,-1.4655064337537902,1.5582578952915478,-2.1351834493844164,-1.1961645844602815,0.32459055387775015,-0.19590609699002412,0.840328800424883,-2.418728789020683,-0.6196905710456586,-1.0650861136744056,-1.6154414775791925,0.2677839434628086,-0.10210188072090526,-0.6899801703650056,0.7935254597278563,-0.5319297442957424,0.24600237605815087,0.5040566714644547,-0.7358954591901294,0.005209206948762299
-0.2987013846510082,-0.2716766307164779,0.3683797680637851,0.8291692380556214,0.010035832382299712,0.3923314598848588,-0.28282932618633794,-0.22091672891306982,-0.009521804123099354,-0.027636704633052518,0.020769896087569135,-0.07917765816185367,-0.6421118502657598,-0.20144038861580432,-0.09063155220376637,0.31905806653919305,-0.9300779090895775,0.027434640962379755,0.18416874171176575,-0.7951127055513433,-0.37475557028722123,0.41377947366240503,-0.046684716724524226,-0.24004997876844028,0.48121741670049767,-0.3714974774306406,0.5921982984474131,0.45948877668470856,-0.11807938143606278,0.09286379856142842,-0.13265808949817828,0.5945988814021319,0.16512517312113953,0.529830796911255,0.46305229340798404,-0.10210188072090526,0.25024680076542527,0.2282271073599653,-0.23403136842625075,0.24942282677106978,-0.05824286233587978,-0.03092164725410236,0.259363633528172,-0.08006172638922536
-1.8615142214754579,-8.102466241006532,10.82037734878107,14.012855729846207,-4.812648145949129,6.188636871939133,-5.236576055181406,-1.834271030568544,2.591791394764004,-5.114367541226114,1.102912031126001,-4.870518700326882,-11.525198941014539,0.27832730522923266,-3.7420365936245648,4.947417229533379,-18.117135867378686,-5.134730062716925,-3.2199680526377135,-13.767514788584174,-6.510150848530993,7.0563432606627545,1.7772359676485254,-3.3468147076031047,8.04458003024429,-8.40810456496243,12.75876077463153,6.853649252964441,-2.34488258324472,1.7601671583004006,-5.830656206965337,14.799029459789637,2.7279236987813076,5.319308520618131,9.145272306162612,-0.6899801703650056,0.2282271073599653,4.423127878946636,-4.687745130098702,2.3839086847741737,-1.0560370677657585,-3.081201811625629,3.8121513949781116,0.41000753470505846
2.4722938926051787,10.390704297309389,-13.246004011171578,-17.567232057281437,6.603011101934459,-7.54950124555259,7.014333225752672,2.994145358050497,-3.2416472547838167,6.0548200929524745,-1.665807168369339,6.228326268578147,14.365618349994023,-0.7115760050920009,4.602041220295373,-6.196468905790879,22.91832410099423,6.1556929247941055,3.680478829555527,17.507363141848387,9.185320366942724,-9.060355919690883,-2.00553145902938,4.354221468638908,-9.568069435710074,11.630441762029099,-16.33537283272677,-8.425373512612321,2.25932484951919,-1.553181371463399,7.205525740922489,-18.42878919146086,-3.2928835133588215,-6.381953409200024,-11.671595998131158,0.7935254597278563,-0.23403136842625075,-4.687745130098702,6.3549709674159685,-3.2709836971125696,1.9608047339013381,3.6236775910504906,-5.524699974341662,-0.42778999401732437
-1.3930565944067552,-5.441380265275435,6.859413281045929,9.41487902169383,-3.418955508389387,4.021171164978348,-3.8549293335663437,-1.842298842776253,1.5747539489914253,-3.033455075857598,0.953422325595245,-3.172663985699088,-7.667075381236045,0.32298758156065427,-2.488156898459714,3.3689641450874266,-12.234675388402621,-3.07685520854688,-1.6663379027617815,-9.315616864123868,-4.7889031144079865,4.854382799052067,0.9150444971130721,-2.475711901841816,5.082881462582006,-6.174788113660065,8.600884576673465,4.429862520442804,-1.1338913146020442,0.718115563657954,-3.5462923636755996,9.546479572432508,1.741313889014395,3.668121058042063,6.18126371713891,-0.5319297442957424,0.24942282677106978,2.3839086847741737,-3.2709836971125696,1.883335448885841,-1.0298462377047155,-1.7867167073862633,3.122010693654001,0.1977396306560597
0.7616999256027767,3.0347429189904447,-3.6323495880220125,-4.945532080044486,2.0243048873959166,-2.0666314710112643,2.107585071513621,1.0375779389455713,-0.890591205193362,1.5850849913201845,-0.4600234868305646,1.7894898508632946,4.1200388222545685,-0.2887886265495796,1.3240875409968869,-1.6949419182841283,6.4769834544221485,1.6357556358733518,0.9352908194295527,5.0007152011291485,2.9282033158450984,-2.621974141478629,-0.5026005657918459,1.3049218984318376,-2.5981330287457003,3.6711438179330345,-4.7028514460206035,-2.3479053916392867,0.40554492569740175,-0.2098276745687583,2.0055822606389393,-5.161705533021988,-0.9810596077144331,-1.7026500824927764,-3.384818391619774,0.24600237605815087,-0.05824286233587978,-1.0560370677657585,1.9608047339013381,-1.0298462377047155,0.7881159879147343,0.9740127713237547,-1.7526955997356382,-0.056449791587056306
1.322053343130317,6.211573782778349,-8.11972946571532,-10.385719844266427,3.873653885718187,-4.537315027725752,4.009820063508805,1.4456389813562316,-2.0050862523767887,3.8693848705462,-0.8577629838587779,3.74841047426419,8.630458094393088,-0.4145933418437798,2.8758336843638386,-3.621576969479145,13.549452636284146,3.918344582647374,2.5283246234630896,10.288948386974214,5.083909756142788,-5.2815714876419335,-1.3620540549122866,2.515457812374326,-5.887265513832468,6.6323093387105585,-9.646874178566584,-5.03411864948394,1.5784479718900901,-1.1438571278014695,4.42372082933485,-11.14032726430413,-2.0625258443206045,-3.756226613045019,-6.917155440668734,0.5040566714644547,-0.03092164725410236,-3.081201811625629,3.6236775910504906,-1.7867167073862633,0.9740127713237547,2.35300749572474,-2.957307381553943,-0.3153250095814596
-2.1956937812955197,-9.199738246503161,11.609184262550876,15.832263838263533,-6.083587053276433,6.6854322509239825,-6.660891369771339,-3.2959175572646986,2.7827637198657684,-5.200493018871149,2.0271244118290475,-5.457837325501992,-12.59175432996089,0.8392508454995188,-4.094482060815598,5.807084639704046,-20.851240603287287,-5.306387031381537,-2.8752385539463883,-15.745287392046432,-8.161580889159767,8.191271295757181,1.527140038123981,-4.106812934187152,8.21372682154904,-10.519876046673971,14.625419817436338,7.285321962730661,-1.832675612636205,1.1451972114482951,-5.975745878059289,16.127436744689202,2.6078098017381284,6.056020963309033,10.377381308438911,-0.7358954591901294,0.259363633528172,3.8121513949781116,-5.524699974341662,3.122010693654001,-1.7526955997356382,-2.957307381553943,5.5401967806863235,0.49618350969289554
-0.06772665840529857,-0.881786615743124,1.2266888175260333,1.4972242206416293,-0.6784023669086459,0.6328347865193027,-0.619049351053858,-0.252240903930914,0.3584879736452673,-0.6493046020678892,0.348608079775166,-0.5867071898439082,-1.057508661042198,0.19329421270034317,-0.38524224757754183,0.6231269595648268,-2.0766298273478765,-0.6821726328817173,-0.4384019807450728,-1.4838558077699033,-0.6207370024304332,0.7475857649320621,0.2291973879629781,-0.3299428651120367,0.7285459900354012,-0.8804585049329869,1.4292078296705955,0.6017347653541364,-0.2543722874263858,0.1791337285746335,-0.6252246006261912,1.6222358215594515,0.11562432379174944,0.5256372614412719,0.9515310611137892,0.005209206948762299,-0.08006172638922536,0.41000753470505846,-0.42778999401732437,0.1977396306560597,-0.056449791587056306,-0.3153250095814596,0.49618350969289554,0.16180639969680174
