V1,V2,V3,V4,V5,V6,V7,V8,V9,V10,V11,V12,V13,V14,V15,V16,V17,V18,V19,V20,V21,V22,V23,V24,V25,V26,V27,V28,V29,V30,V31,V32,V33,V34,V35,V36,V37,V38,V39,V40,V41,V42,V43,V44
0.6351802507152904,0.05667525864134734,-0.34466096752390685,0.11295796009476648,0.32370275645438285,0.4764805898598162,-0.04804601619050001,0.2567781323319481,-0.01637143173172117,-0.12916106152267967,0.031441623933879274,-0.06307194973583338,-0.5744161097822379,-0.5668607524525273,0.2982018480642146,0.11034805517261938,0.3414431433985113,-0.37370883403856875,0.019595515717889072,-0.378263008646427,-0.1634735404876555,-0.2872290053409027,0.4826701491054604,-0.2917775638278421,0.16938814323045054,0.16408234935967053,0.621892775248323,0.03127264234256204,0.051721587558633646,-0.09203792567303669,-0.03429216745545976,-0.03712660462617366,0.15119270051554937,-0.7797135992412517,0.1812037871217794,0.28765151682321694,0.291932245293785,-0.5818697539740517,-0.6827700122529949,-0.12990427695749476,-0.3320771238457214,0.9640134054201319,0.1763764692611651,1.069287767550123
0.05667525864134734,1.7426597254788943,-0.775720879817956,0.07213939394150817,0.2803155369375356,0.484041335162874,-0.12495222391133759,-0.2652998538026497,-0.6425781852304479,-1.17720322582066,0.7873967261600556,0.6073155042766243,0.12227380151941016,0.212726955034027,-1.1337391977649558,0.174545178284499,0.4387559923806732,-1.2698822279678288,-1.1963560089398941,0.4865513125596596,-0.20790366599049942,2.264777386800186,-1.9178627584328352,-0.6171422324844544,-0.3343667940495744,0.5158857705129534,-0.5888249879066063,0.10000123422041507,-1.1720907524862705,1.702011781002114,0.9852947069535026,1.1731798255210149,-0.26510738451640126,0.8216828486608136,0.4967826804763883,1.6099788147752205,-0.3656112832900705,0.09215302836556886,0.9125248637319965,0.4755752237355172,-0.11002316906297803,0.45902810645061637,1.0961091027796626,-0.010795979309802006
-0.34466096752390685,-0.775720879817956,1.138084946364866,-0.04934277735105587,-0.3157641871813166,-0.6707853089784751,0.3968316599701853,-0.051790996778743846,0.19434104453529585,0.8152721641997747,-0.40928031232210665,0.15996586401505392,0.5855400876028459,0.43714117232162814,0.5219974156517125,-0.2500575382645352,-0.6626438074861418,1.0297031224471551,0.84658507479399,-0.0071345157129701605,0.3358687923314408,-1.051411623759251,0.7175898147147143,0.8267838069623794,0.06038747531138919,-0.4454789193912514,-0.35107870786020445,-0.047912637130709076,0.6527588857282565,-0.9054402682170848,-0.5379850666990575,-0.6348375530967896,0.10264839468269317,-0.10290929582877317,-0.882437111907991,-1.4653417089933785,-0.20276915184122601,0.5417050445247021,0.06129757010557577,-0.3495924399810314,0.08315713436362271,-0.7652473452627334,-0.8944277625253512,-1.1718553659742303
0.11295796009476648,0.07213939394150817,-0.04934277735105587,0.1106029930494724,0.07483702423230167,0.055784214635376056,0.02467474681233163,-0.041404763859701946,-0.10210866358851392,-0.12065786888026722,-0.05562839321091393,0.1956335193304567,3.819484100703916e-4,-0.024332301317035766,0.003215945336172354,0.08895179146596859,-0.0093077462005166315,-0.14337576842192556,-0.04614087658962955,0.08242970667972176,-0.023139175314771897,0.11723920018720006,-0.08673754987161196,-0.05171266620175645,-0.08142336564051646,0.050413422174989536,-0.048936936763543284,0.07240774250638123,-0.1017040917746595,0.13883051848425587,0.028888634250124872,-0.009276317208586071,0.013287679759941079,-0.12933370697557098,0.0806096723850119,0.07896651258129071,-0.14462849239820963,0.026307590904803318,-0.07296861292981077,-0.04180082213484238,-0.026994490996792207,0.12040613772405886,0.07539025580073079,0.09553058162049316
0.32370275645438285,0.2803155369375356,-0.3157641871813166,0.07483702423230167,0.4191846905642476,0.3158877754417999,-0.02744998628643236,0.12671357200217717,-0.20981253288975907,-0.3263354976360909,0.15496947089631533,-0.1840996360404021,-0.3530594347004703,-0.46226546675462177,0.04843198298139923,0.23816303876440045,0.33816332810787514,-0.37378794549396593,-0.06212998007038926,-0.08910431720463777,-0.17112632806422926,0.31970394463751534,0.09442336318063548,-0.32631247659786494,0.030269333085856748,0.08846184240099528,0.5523338155718587,-0.1013201296880857,-0.17475343115525468,0.08137712629073146,0.18660854203331154,0.18657112806744144,-0.0050837575589960035,-0.42838933413612534,0.2719213598760799,0.7636588714795437,0.2826483700604866,-0.35288279007910484,-0.3496695191502803,-0.08141451381899739,-0.20993859322380476,0.7067810881539616,0.3355731858687088,0.7071258217638048
0.4764805898598162,0.484041335162874,-0.6707853089784751,0.055784214635376056,0.3158877754417999,0.6074374669175295,-0.19960604443158717,0.18043927979619148,-0.11222562916990156,-0.44344349432329433,0.31002573917103254,-0.16493823494827342,-0.5862983863140109,-0.5168088217294935,-0.09504813774042492,0.13129179186936127,0.5305728638124994,-0.6474110554274246,-0.3645805458735789,-0.209943113009346,-0.26984666637739846,0.38473685717747974,-0.11062232619779142,-0.5678660716228999,0.08915160065458051,0.2794261436930475,0.5068991755909525,0.03499202584447903,-0.2776880226210569,0.36929155198521246,0.25674656340244406,0.31965525944101203,0.012400046515036822,-0.34676112465714476,0.4136240949791137,0.8657130920190186,0.32837263454648863,-0.5551280523812301,-0.31850394999538795,0.11297742903205923,-0.2674582738514785,0.9132364873031795,0.5142681372799888,1.0422707638121198
-0.04804601619050001,-0.12495222391133759,0.3968316599701853,0.02467474681233163,-0.02744998628643236,-0.19960604443158717,0.44185381510659427,0.08914904431151541,-0.07808422084957821,0.1260572039316846,-0.0945812358901565,-0.023520441111861433,0.16349952951997235,-0.2140329463031737,0.37841662959939465,-0.06316250951529614,-0.12559445684964574,0.21037544185799004,0.6407387014694264,-0.04355721487493392,0.12592298583590053,-0.47299528911045713,0.4791666164222388,0.05867153398215534,0.04436559842510466,-0.10659337693449131,0.3171542661922418,-0.010694278703278427,0.24283659640006958,-0.42512028177069155,-0.2742341990053347,-0.27241080544307955,0.1248234973307606,-0.479753217499425,-0.2438249266067745,-0.1447607375272687,0.2877549018496854,-0.023126011429332415,-0.1350895906746078,-0.3550063104995442,-0.180767054677538,0.09184084487178248,-0.3094450106480398,0.31246791000516383
0.2567781323319481,-0.2652998538026497,-0.051790996778743846,-0.041404763859701946,0.12671357200217717,0.18043927979619148,0.08914904431151541,0.4182866294384944,0.19513112895714893,0.155541743360574,0.035387761541854884,-0.6287960492259255,-0.34016493752303406,-0.6598582306116006,0.5282477327480956,-0.10971850306861212,0.2865559590370228,0.0809497611017667,0.48937847448303673,-0.43377636236376144,-0.08098718305491191,-0.688394823549146,0.8445606603968179,-0.0579603226425914,0.30966221658929893,-0.10689188290082413,0.9183432201411442,-0.03185909790242104,0.401120317049573,-0.5861792377156536,-0.18685770603327623,-0.17761992147204944,0.18672034919302868,-0.6480474997221292,-0.015452240282620482,0.11850172489731377,0.7529598325642353,-0.6041251618315262,-0.5868840656908002,-0.22439963016933306,-0.26748947524762995,0.6256459538800424,-0.16877535826309709,1.130670106122205
-0.01637143173172117,-0.6425781852304479,0.19434104453529585,-0.10210866358851392,-0.20981253288975907,-0.11222562916990156,-0.07808422084957821,0.19513112895714893,0.468252581695065,0.4597865068650914,-0.16870487288793284,-0.41270574923338915,-0.0998456653143181,-0.07129692231745312,0.3516803273906859,-0.26966367995421303,-0.053051268010895644,0.39013204912562166,0.37047570654719897,-0.20486586655004427,0.004688465327090977,-0.8040358435550911,0.5470306101745632,0.2127904435703735,0.2517583707639958,-0.15934123306883596,0.2668096352012042,0.03597710940019701,0.47055482088512546,-0.521773104702314,-0.38976202971988294,-0.2683361612364011,0.09892001547481435,-0.07060527933416144,-0.09861296996154115,-0.5579596683792385,0.30438800666906873,-0.23846535463824467,-0.24953470859292642,-0.051779913999879794,0.05812461644562692,-0.15374586734842538,-0.43406089078370536,0.2789596761480949
-0.12916106152267967,-1.17720322582066,0.8152721641997747,-0.12065786888026722,-0.3263354976360909,-0.44344349432329433,0.1260572039316846,0.155541743360574,0.4597865068650914,1.119141759169199,-0.5195338572848912,-0.20635876614252996,0.1712231697728489,0.15627989330898281,0.804115587711813,-0.19745718572175378,-0.4907954106988279,1.232279190780735,0.7682784011944358,-0.5366253892972379,0.3388540988918934,-1.7826626750854726,1.4829941185684952,0.7851262031030922,0.2854169290808125,-0.4589206404360796,-0.006964295726723884,-0.07828476561993478,0.9928315044407975,-1.3509666421070567,-0.6118265297056765,-0.8905424571664368,0.2006398855762376,-0.4437330565066128,-0.8702491328152495,-1.7693297969119057,-0.00826614408752686,0.20918244182589085,-0.4635282111538614,-0.2693553392911481,0.09621244075767098,-0.5678195589603335,-0.8504525141401322,-0.8755096484951443
0.031441623933879274,0.7873967261600556,-0.40928031232210665,-0.05562839321091393,0.15496947089631533,0.31002573917103254,-0.0945812358901565,0.035387761541854884,-0.16870487288793284,-0.5195338572848912,0.5439874117237917,-0.0623922690811771,-0.07070291654309867,-0.09903628236861303,-0.4310411804892206,-0.00976339603362182,0.3777000006987057,-0.6023740756320514,-0.4016247418216493,0.14199963141836539,-0.1264627906996316,1.0122398458056696,-0.7746374681126821,-0.36416116790367953,-0.025422806127079162,0.20557164610007836,0.06803573651140657,0.016120318479265594,-0.4381107324411872,0.6939237332747346,0.43126121539151896,0.6290694183650681,-0.12012296744308958,0.3554989399700528,0.25529968173897516,0.9304395604902435,0.21694293407677093,-0.22353058111296753,0.35945456035664425,0.2232288178593785,-0.11625686364139713,0.4007722380455683,0.47786330219048906,0.417427047697265
-0.06307194973583338,0.6073155042766243,0.15996586401505392,0.1956335193304567,-0.1840996360404021,-0.16493823494827342,-0.023520441111861433,-0.6287960492259255,-0.41270574923338915,-0.20635876614252996,-0.0623922690811771,1.972422928316181,0.737517665885594,1.2931681087703057,-0.7136806931505705,0.1823614390739525,-0.6577141529351934,-0.4015601222373082,-0.8277781265626414,0.5677655845966573,0.5259444166700923,1.0408539812593867,-1.2467778733194965,0.5222048407921739,-0.6393565539911241,0.2517432474795742,-1.9087354503490974,0.20934066185753403,-0.5680539022053971,1.1561589034906206,0.41012587085751634,0.17618538678112586,-0.09990999698804652,0.7457339118105506,-0.29710129159188114,-0.9251883024539126,-1.8589558045218926,1.0869698881233407,0.7352536693767137,0.2944339498122757,0.3233576034141805,-0.6866321836141642,0.24027868099898486,-1.8058310969206806
-0.5744161097822379,0.12227380151941016,0.5855400876028459,3.819484100703916e-4,-0.3530594347004703,-0.5862983863140109,0.16349952951997235,-0.34016493752303406,-0.0998456653143181,0.1712231697728489,-0.07070291654309867,0.737517665885594,1.0597201223618276,0.9473011291895159,-0.3095258737169732,-0.10421926938074484,-0.5929322618053171,0.3704877055752366,-0.09839700478445716,0.41215948686917725,0.43385807208530774,0.4107922215207942,-0.6978222384167249,0.8064073566341784,-0.3067195337813453,-0.16299602234377483,-1.1843129262786023,0.12030996609587792,-0.05306845843817108,0.314456729878838,0.2385138725076655,0.016424024223867434,-0.06810116511724634,0.8911434459237906,-0.581503111361021,-0.9078015014868743,-0.877346125894369,0.8890031242838949,0.79712574404243,0.10968008881089222,0.36905761356070255,-1.0792019302939047,-0.23427938504398413,-1.6780078768155466
-0.5668607524525273,0.212726955034027,0.43714117232162814,-0.024332301317035766,-0.46226546675462177,-0.5168088217294935,-0.2140329463031737,-0.6598582306116006,-0.07129692231745312,0.15627989330898281,-0.09903628236861303,1.2931681087703057,0.9473011291895159,1.587282568495215,-0.8515078730240149,-0.09071260412682106,-0.7638731037372213,0.21172369938104335,-0.8183199279149721,0.6138516742671206,0.4065144814419044,0.8788016180473618,-1.3377444123039197,0.8183223858853,-0.48073734409850627,-0.013846005796964826,-2.037906143365734,0.0869763579552654,-0.3694304923059449,0.8370106991883023,0.3359680731635537,0.20989327730498825,-0.23374289442182233,1.5029511776634452,-0.45597952108713,-1.189998005724458,-1.6329140434201204,1.2752849019831667,1.1464619967336,0.4899894984078048,0.6091833279717902,-1.4774702514543683,-0.06499225461991198,-2.6188716432602055
0.2982018480642146,-1.1337391977649558,0.5219974156517125,0.003215945336172354,0.04843198298139923,-0.09504813774042492,0.37841662959939465,0.5282477327480956,0.3516803273906859,0.804115587711813,-0.4310411804892206,-0.7136806931505705,-0.3095258737169732,-0.8515078730240149,1.349363047156472,-0.04748185799663091,-0.031923848280175665,0.8502363697067492,1.3779843722017073,-0.748747494903621,0.1578858116175838,-2.0957464986720473,2.1138993137372832,0.25860916320836114,0.4377384058256974,-0.37108332539659283,1.2647436868340862,-0.051275896743071585,1.0829683583497294,-1.6479804246288143,-0.7553863335394333,-1.0026418060606022,0.3917957843099297,-1.5023976400676393,-0.5278244672408192,-0.8879809892780839,0.8752185673706121,-0.5735369991610727,-1.2198486513326203,-0.6743379389385441,-0.31744357225108366,0.5170934444191518,-0.7643759351309526,1.019210284225698
0.11034805517261938,0.174545178284499,-0.2500575382645352,0.08895179146596859,0.23816303876440045,0.13129179186936127,-0.06316250951529614,-0.10971850306861212,-0.26966367995421303,-0.19745718572175378,-0.00976339603362182,0.1823614390739525,-0.10421926938074484,-0.09071260412682106,-0.04748185799663091,0.4374778690583707,0.0617297447578603,-0.13288539531206037,-0.2198764547223425,-0.007978100187723065,0.044326745324500594,0.2570315038032844,-0.01916613693311263,-0.25518693501703815,-0.13515553240756717,0.10575680345076298,-0.03371068346486458,-0.0365768821171063,-0.21600436181338772,0.14391277388458132,0.1964877812394118,-0.014400487411116596,-0.06807251999179172,-0.2539682893823505,0.11002932214275664,0.3176659641922302,-0.20636865334557694,0.04007251791729903,-0.15269749509078576,-0.019164169034453837,0.01994728499184692,0.1568329711373257,0.3877163450056639,-0.18755988648735475
0.3414431433985113,0.4387559923806732,-0.6626438074861418,-0.0093077462005166315,0.33816332810787514,0.5305728638124994,-0.12559445684964574,0.2865559590370228,-0.053051268010895644,-0.4907954106988279,0.3777000006987057,-0.6577141529351934,-0.5929322618053171,-0.7638731037372213,-0.031923848280175665,0.0617297447578603,0.676830407501007,-0.5989745238897478,-0.13815738346982726,-0.17549649699623704,-0.385709976453139,0.3945581086395584,-0.05701336604011227,-0.6816659210537008,0.18905320922243551,0.2113857052609198,0.9273249831663731,-0.021271075903954467,-0.22693918735431715,0.22613494138196152,0.20615688131923665,0.3974518441456588,-0.008370541108357887,-0.31904834322524245,0.5533469052918137,1.2731927629985758,0.8019779513825975,-0.7495289548613703,-0.2978730231964341,0.044630074387616736,-0.2929701001113912,0.9426057300850995,0.460940241296702,1.4743168988655717
-0.37370883403856875,-1.2698822279678288,1.0297031224471551,-0.14337576842192556,-0.37378794549396593,-0.6474110554274246,0.21037544185799004,0.0809497611017667,0.39013204912562166,1.232279190780735,-0.6023740756320514,-0.4015601222373082,0.3704877055752366,0.21172369938104335,0.8502363697067492,-0.13288539531206037,-0.5989745238897478,1.6122703158701528,0.9064788476163456,-0.5277706164724048,0.332912885248909,-1.92701114291329,1.571927383900584,0.8799480749031887,0.27593382961837487,-0.5897416051855605,-0.047744956147163724,-0.13485870756907667,1.051665931107243,-1.611008998877485,-0.605486231793054,-1.0319010090963203,0.16212237403122096,-0.3747253461101079,-1.0972946413193239,-1.8704741802395737,0.03133903191605865,0.4310876924837844,-0.34072213567287235,-0.3271181517970918,0.17051749297385033,-0.8950785344635988,-0.9359934740194319,-1.4632427330410145
0.019595515717889072,-1.1963560089398941,0.84658507479399,-0.04614087658962955,-0.06212998007038926,-0.3645805458735789,0.6407387014694264,0.48937847448303673,0.37047570654719897,0.7682784011944358,-0.4016247418216493,-0.8277781265626414,-0.09839700478445716,-0.8183199279149721,1.3779843722017073,-0.2198764547223425,-0.13815738346982726,0.9064788476163456,1.8683859972580104,-0.4219047546153888,0.17857976999558706,-2.0332307874642495,1.9315641560827976,0.2754842248461564,0.37962523830943445,-0.4418580541990644,1.424393749068656,-0.0865856184486526,1.0925475127115143,-1.707063805520215,-0.9755592532994538,-1.0082484933550577,0.3898837575833883,-1.3647641712818643,-0.5007706628137111,-0.7410712176225076,1.1115833785526088,-0.513853685950134,-0.9956101126658138,-0.83193153401396,-0.30065986475885115,0.29527952947453584,-1.0763595879566317,1.2623475141329465
-0.378263008646427,0.4865513125596596,-0.0071345157129701605,0.08242970667972176,-0.08910431720463777,-0.209943113009346,-0.04355721487493392,-0.43377636236376144,-0.20486586655004427,-0.5366253892972379,0.14199963141836539,0.5677655845966573,0.41215948686917725,0.6138516742671206,-0.748747494903621,-0.007978100187723065,-0.17549649699623704,-0.5277706164724048,-0.4219047546153888,0.9812963675123734,-0.06591614971787833,1.4584595766517903,-1.5246230405099213,-0.1851181422902457,-0.42868256127685056,0.13967929144073682,-0.7975035788763406,0.11604013642645856,-0.6917803389989846,1.090163474454036,0.16519081161625446,0.553540431251598,-0.2932119201662699,0.943512879248433,0.5071452705875008,0.634761573710119,-0.5801890194983413,0.5100913733540766,0.8794496975641788,0.231685089601007,0.28434931577172906,-0.5656932939400423,0.21708511131488062,-0.3922828321685405
-0.1634735404876555,-0.20790366599049942,0.3358687923314408,-0.023139175314771897,-0.17112632806422926,-0.26984666637739846,0.12592298583590053,-0.08098718305491191,0.004688465327090977,0.3388540988918934,-0.1264627906996316,0.5259444166700923,0.43385807208530774,0.4065144814419044,0.1578858116175838,0.044326745324500594,-0.385709976453139,0.332912885248909,0.17857976999558706,-0.06591614971787833,0.49454572499964383,-0.33376577599274965,0.2833753958854252,0.5346920319689802,-0.1260420588959038,-0.12442178263972985,-0.483532729666155,0.006597137347834494,0.25723815100717223,-0.19498386229617673,-0.008360720682358082,-0.29882806560974323,0.08605064858677676,0.026084339179198127,-0.48534933808896896,-0.9306058566920518,-0.5025803923174273,0.37543628387845396,0.024964567167457652,-0.06318925703552297,0.16023760627886627,-0.42480052062927454,-0.22768391413604241,-0.7399046673510804
-0.2872290053409027,2.264777386800186,-1.051411623759251,0.11723920018720006,0.31970394463751534,0.38473685717747974,-0.47299528911045713,-0.688394823549146,-0.8040358435550911,-1.7826626750854726,1.0122398458056696,1.0408539812593867,0.4107922215207942,0.8788016180473618,-2.0957464986720473,0.2570315038032844,0.3945581086395584,-1.92701114291329,-2.0332307874642495,1.4584595766517903,-0.33376577599274965,4.111940224243594,-3.6192375477664025,-0.7892342913987169,-0.7610518958662592,0.642002483008853,-1.4539680826054435,0.13432971853111486,-1.9775112140631963,2.998500480395599,1.3863493397092028,1.965216174512787,-0.6649776499322666,2.0564695153816914,1.21945249204379,2.474565374913322,-1.0223073039733044,0.5518265124683616,1.810652637225389,0.9188509152656829,0.29263201293655505,-0.09793178180190126,1.5514811126079828,-0.5034442327810134
0.4826701491054604,-1.9178627584328352,0.7175898147147143,-0.08673754987161196,0.09442336318063548,-0.11062232619779142,0.4791666164222388,0.8445606603968179,0.5470306101745632,1.4829941185684952,-0.7746374681126821,-1.2467778733194965,-0.6978222384167249,-1.3377444123039197,2.1138993137372832,-0.01916613693311263,-0.05701336604011227,1.571927383900584,1.9315641560827976,-1.5246230405099213,0.2833753958854252,-3.6192375477664025,3.8568791818647736,0.46239398724607644,0.7675174128887045,-0.6694883983091028,1.9885963071750157,-0.30186469035841557,1.8488367877700114,-2.9403953549355624,-1.1369833218556507,-1.6906716746791064,0.6148253050355186,-2.444672561300968,-0.9138898103354162,-1.599406175243585,1.3136062468896081,-0.8099322023117247,-2.0754012141716154,-0.958203444795217,-0.4708348888783597,0.7530069195359659,-1.1234101956035671,1.228582541288326
-0.2917775638278421,-0.6171422324844544,0.8267838069623794,-0.05171266620175645,-0.32631247659786494,-0.5678660716228999,0.05867153398215534,-0.0579603226425914,0.2127904435703735,0.7851262031030922,-0.36416116790367953,0.5222048407921739,0.8064073566341784,0.8183223858853,0.25860916320836114,-0.25518693501703815,-0.6816659210537008,0.8799480749031887,0.2754842248461564,-0.1851181422902457,0.5346920319689802,-0.7892342913987169,0.46239398724607644,1.4778868860437662,-0.0892083738068139,-0.4250033021007748,-0.8043617565352371,-0.046132488146287086,0.5896956497921193,-0.6019009989132721,0.03091918789488644,-0.5225612832158255,0.2064442576778518,0.4461877114706084,-1.015780095019507,-1.96263534958368,-0.8319182109937875,0.7352500971224345,0.055945501465234734,-0.014034953622385708,0.31876769486278345,-0.8936826305843997,-0.7596784407185143,-1.6520713740962898
0.16938814323045054,-0.3343667940495744,0.06038747531138919,-0.08142336564051646,0.030269333085856748,0.08915160065458051,0.04436559842510466,0.30966221658929893,0.2517583707639958,0.2854169290808125,-0.025422806127079162,-0.6393565539911241,-0.3067195337813453,-0.48073734409850627,0.4377384058256974,-0.13515553240756717,0.18905320922243551,0.27593382961837487,0.37962523830943445,-0.42868256127685056,-0.1260420588959038,-0.7610518958662592,0.7675174128887045,-0.0892083738068139,0.366228289080585,-0.1050443009793423,0.6783300412212593,-0.03848308554233147,0.4072608382712082,-0.6214410904651043,-0.2735287978310853,-0.17600946260010222,0.10914478275990366,-0.49242623666564866,-0.11165397632108313,-0.04427180470806305,0.6739870340754017,-0.4786758967678631,-0.4139180387503446,-0.16153723330219388,-0.20547069284841374,0.3552312222121548,-0.1881942957436941,0.6050295230936643
0.16408234935967053,0.5158857705129534,-0.4454789193912514,0.050413422174989536,0.08846184240099528,0.2794261436930475,-0.10659337693449131,-0.10689188290082413,-0.15934123306883596,-0.4589206404360796,0.20557164610007836,0.2517432474795742,-0.16299602234377483,-0.013846005796964826,-0.37108332539659283,0.10575680345076298,0.2113857052609198,-0.5897416051855605,-0.4418580541990644,0.13967929144073682,-0.12442178263972985,0.642002483008853,-0.6694883983091028,-0.4250033021007748,-0.1050443009793423,0.3404527150440588,-0.11793253638412164,0.08883530568864276,-0.44287081609332585,0.6674052060969258,0.22668159818010628,0.3408832215154035,-0.07239754410187452,0.14265312553815865,0.36299387247264725,0.6032310733663564,-0.10241909231590532,-0.1373700511975659,0.16211333183447557,0.16149574496851335,-0.05110392791516132,0.27320928541146866,0.41462133567864,0.33188844493411446
0.621892775248323,-0.5888249879066063,-0.35107870786020445,-0.048936936763543284,0.5523338155718587,0.5068991755909525,0.3171542661922418,0.9183432201411442,0.2668096352012042,-0.006964295726723884,0.06803573651140657,-1.9087354503490974,-1.1843129262786023,-2.037906143365734,1.2647436868340862,-0.03371068346486458,0.9273249831663731,-0.047744956147163724,1.424393749068656,-0.7975035788763406,-0.483532729666155,-1.4539680826054435,1.9885963071750157,-0.8043617565352371,0.6783300412212593,-0.11793253638412164,2.9002945888136726,-0.22726958957671115,0.7043217673199836,-1.4264599003700107,-0.5923947296399321,-0.39638569660726847,0.37042184512450205,-1.8925140151141504,0.5055087706333441,1.3208015579344516,2.2708685258666703,-1.6845953111036658,-1.6018048032365346,-0.7058551336687924,-0.7140235365802968,1.7780075888112667,-0.24845430570814975,3.5105867804774364
0.03127264234256204,0.10000123422041507,-0.047912637130709076,0.07240774250638123,-0.1013201296880857,0.03499202584447903,-0.010694278703278427,-0.03185909790242104,0.03597710940019701,-0.07828476561993478,0.016120318479265594,0.20934066185753403,0.12030996609587792,0.0869763579552654,-0.051275896743071585,-0.0365768821171063,-0.021271075903954467,-0.13485870756907667,-0.0865856184486526,0.11604013642645856,0.006597137347834494,0.13432971853111486,-0.30186469035841557,-0.046132488146287086,-0.03848308554233147,0.08883530568864276,-0.22726958957671115,0.2173679890793026,-0.08054673787458486,0.28261660828767926,0.002982013212096724,0.0512750503945871,0.003768205898694291,0.08446806541846369,0.03559489778494882,-0.05566774704943981,-0.13932144556990425,0.0037775281940687225,0.1182062735807324,0.03879348966117165,0.02000191573418395,-0.03037717850511078,0.05037473104619229,0.05105036765253225
0.051721587558633646,-1.1720907524862705,0.6527588857282565,-0.1017040917746595,-0.17475343115525468,-0.2776880226210569,0.24283659640006958,0.401120317049573,0.47055482088512546,0.9928315044407975,-0.4381107324411872,-0.5680539022053971,-0.05306845843817108,-0.3694304923059449,1.0829683583497294,-0.21600436181338772,-0.22693918735431715,1.051665931107243,1.0925475127115143,-0.6917803389989846,0.25723815100717223,-1.9775112140631963,1.8488367877700114,0.5896956497921193,0.4072608382712082,-0.44287081609332585,0.7043217673199836,-0.08054673787458486,1.1049610528675262,-1.5419782398386632,-0.6665825174788487,-0.9111935215817815,0.3165814260430932,-0.8987610446393354,-0.7028992392057342,-1.3474799228259413,0.529206065935503,-0.2321895771857965,-0.8330308069446639,-0.4432279461780505,-0.1064948201368431,-0.027905421741341887,-0.8514903239903676,0.1930096845890845
-0.09203792567303669,1.702011781002114,-0.9054402682170848,0.13883051848425587,0.08137712629073146,0.36929155198521246,-0.42512028177069155,-0.5861792377156536,-0.521773104702314,-1.3509666421070567,0.6939237332747346,1.1561589034906206,0.314456729878838,0.8370106991883023,-1.6479804246288143,0.14391277388458132,0.22613494138196152,-1.611008998877485,-1.707063805520215,1.090163474454036,-0.19498386229617673,2.998500480395599,-2.9403953549355624,-0.6019009989132721,-0.6214410904651043,0.6674052060969258,-1.4264599003700107,0.28261660828767926,-1.5419782398386632,2.53014764511377,1.0004559263203465,1.419327311456059,-0.4588511464613132,1.6149097198365827,0.9402438822379042,1.5282305947883434,-1.0438257133349393,0.4218318870296196,1.392373141965329,0.7700055285500048,0.2528839860883388,-0.12928061126856805,1.1617769535799645,-0.38649868254127306
-0.03429216745545976,0.9852947069535026,-0.5379850666990575,0.028888634250124872,0.18660854203331154,0.25674656340244406,-0.2742341990053347,-0.18685770603327623,-0.38976202971988294,-0.6118265297056765,0.43126121539151896,0.41012587085751634,0.2385138725076655,0.3359680731635537,-0.7553863335394333,0.1964877812394118,0.20615688131923665,-0.605486231793054,-0.9755592532994538,0.16519081161625446,-0.008360720682358082,1.3863493397092028,-1.1369833218556507,0.03091918789488644,-0.2735287978310853,0.22668159818010628,-0.5923947296399321,0.002982013212096724,-0.6665825174788487,1.0004559263203465,0.900036034770176,0.660582074596058,-0.14999631366094138,0.776685178859987,0.12322164548358867,0.6179374858360305,-0.5272706023479347,0.25198876196631426,0.5297074865360127,0.4361074480328472,0.11328958339047782,0.05089165416912139,0.7030515041112061,-0.6030097373153092
-0.03712660462617366,1.1731798255210149,-0.6348375530967896,-0.009276317208586071,0.18657112806744144,0.31965525944101203,-0.27241080544307955,-0.17761992147204944,-0.2683361612364011,-0.8905424571664368,0.6290694183650681,0.17618538678112586,0.016424024223867434,0.20989327730498825,-1.0026418060606022,-0.014400487411116596,0.3974518441456588,-1.0319010090963203,-1.0082484933550577,0.553540431251598,-0.29882806560974323,1.965216174512787,-1.6906716746791064,-0.5225612832158255,-0.17600946260010222,0.3408832215154035,-0.39638569660726847,0.0512750503945871,-0.9111935215817815,1.419327311456059,0.660582074596058,1.125188778174217,-0.30883611201604877,0.9686038982358548,0.6804654537689396,1.466791088268833,-0.12315915768743743,-0.04968439890595235,0.8274515764074606,0.48345658192063384,0.02619694024463606,0.21576848481766958,0.798269722116761,0.21445582036265315
0.15119270051554937,-0.26510738451640126,0.10264839468269317,0.013287679759941079,-0.0050837575589960035,0.012400046515036822,0.1248234973307606,0.18672034919302868,0.09892001547481435,0.2006398855762376,-0.12012296744308958,-0.09990999698804652,-0.06810116511724634,-0.23374289442182233,0.3917957843099297,-0.06807251999179172,-0.008370541108357887,0.16212237403122096,0.3898837575833883,-0.2932119201662699,0.08605064858677676,-0.6649776499322666,0.6148253050355186,0.2064442576778518,0.10914478275990366,-0.07239754410187452,0.37042184512450205,0.003768205898694291,0.3165814260430932,-0.4588511464613132,-0.14999631366094138,-0.30883611201604877,0.2117125098981756,-0.4327377049766671,-0.19574070223367138,-0.36530335766775784,0.17927813795574418,-0.19687678479701792,-0.41787629282284744,-0.1846337310287614,-0.1080648393418689,0.23037708652065608,-0.25458028499667884,0.4161307838990186
-0.7797135992412517,0.8216828486608136,-0.10290929582877317,-0.12933370697557098,-0.42838933413612534,-0.34676112465714476,-0.479753217499425,-0.6480474997221292,-0.07060527933416144,-0.4437330565066128,0.3554989399700528,0.7457339118105506,0.8911434459237906,1.5029511776634452,-1.5023976400676393,-0.2539682893823505,-0.31904834322524245,-0.3747253461101079,-1.3647641712818643,0.943512879248433,0.026084339179198127,2.0564695153816914,-2.444672561300968,0.4461877114706084,-0.49242623666564866,0.14265312553815865,-1.8925140151141504,0.08446806541846369,-0.8987610446393354,1.6149097198365827,0.776685178859987,0.9686038982358548,-0.4327377049766671,2.3873542738287212,0.16680034347262027,0.05821658235397946,-1.2107226278643803,1.0304905955486743,1.719060181179239,0.8591964685470963,0.6804763804329311,-1.437014042175258,0.344410408566952,-2.0673869209058213
0.1812037871217794,0.4967826804763883,-0.882437111907991,0.0806096723850119,0.2719213598760799,0.4136240949791137,-0.2438249266067745,-0.015452240282620482,-0.09861296996154115,-0.8702491328152495,0.25529968173897516,-0.29710129159188114,-0.581503111361021,-0.45597952108713,-0.5278244672408192,0.11002932214275664,0.5533469052918137,-1.0972946413193239,-0.5007706628137111,0.5071452705875008,-0.48534933808896896,1.21945249204379,-0.9138898103354162,-1.015780095019507,-0.11165397632108313,0.36299387247264725,0.5055087706333441,0.03559489778494882,-0.7028992392057342,0.9402438822379042,0.12322164548358867,0.6804654537689396,-0.19574070223367138,0.16680034347262027,1.3132252637512039,1.8364227351414384,0.39334915508818147,-0.5367315634618142,0.0774620593151517,0.19385002266023504,-0.039309179210262696,0.5692624866574707,0.6342749289819377,1.6982264388364776
0.28765151682321694,1.6099788147752205,-1.4653417089933785,0.07896651258129071,0.7636588714795437,0.8657130920190186,-0.1447607375272687,0.11850172489731377,-0.5579596683792385,-1.7693297969119057,0.9304395604902435,-0.9251883024539126,-0.9078015014868743,-1.189998005724458,-0.8879809892780839,0.3176659641922302,1.2731927629985758,-1.8704741802395737,-0.7410712176225076,0.634761573710119,-0.9306058566920518,2.474565374913322,-1.599406175243585,-1.96263534958368,-0.04427180470806305,0.6032310733663564,1.3208015579344516,-0.05566774704943981,-1.3474799228259413,1.5282305947883434,0.6179374858360305,1.466791088268833,-0.36530335766775784,0.05821658235397946,1.8364227351414384,3.8995671336921163,1.2793388204362472,-1.0955329617437923,0.29375838280877015,0.2077836930691315,-0.4185738490284921,1.5007622575697133,1.4131709799917105,2.795880076044443
0.291932245293785,-0.3656112832900705,-0.20276915184122601,-0.14462849239820963,0.2826483700604866,0.32837263454648863,0.2877549018496854,0.7529598325642353,0.30438800666906873,-0.00826614408752686,0.21694293407677093,-1.8589558045218926,-0.877346125894369,-1.6329140434201204,0.8752185673706121,-0.20636865334557694,0.8019779513825975,0.03133903191605865,1.1115833785526088,-0.5801890194983413,-0.5025803923174273,-1.0223073039733044,1.3136062468896081,-0.8319182109937875,0.6739870340754017,-0.10241909231590532,2.2708685258666703,-0.13932144556990425,0.529206065935503,-1.0438257133349393,-0.5272706023479347,-0.12315915768743743,0.17927813795574418,-1.2107226278643803,0.39334915508818147,1.2793388204362472,2.195596817676821,-1.4149104112444562,-0.8803062629826612,-0.5044936655493005,-0.6146990400974278,1.2398084300482333,-0.2119118860134621,2.7217853381072703
-0.5818697539740517,0.09215302836556886,0.5417050445247021,0.026307590904803318,-0.35288279007910484,-0.5551280523812301,-0.023126011429332415,-0.6041251618315262,-0.23846535463824467,0.20918244182589085,-0.22353058111296753,1.0869698881233407,0.8890031242838949,1.2752849019831667,-0.5735369991610727,0.04007251791729903,-0.7495289548613703,0.4310876924837844,-0.513853685950134,0.5100913733540766,0.37543628387845396,0.5518265124683616,-0.8099322023117247,0.7352500971224345,-0.4786758967678631,-0.1373700511975659,-1.6845953111036658,0.0037775281940687225,-0.2321895771857965,0.4218318870296196,0.25198876196631426,-0.04968439890595235,-0.19687678479701792,1.0304905955486743,-0.5367315634618142,-1.0955329617437923,-1.4149104112444562,1.3171063112482269,0.904373826151008,0.2773743148460549,0.4899911242726738,-1.3411768295304094,-0.11109222484741986,-2.5012267870621634
-0.6827700122529949,0.9125248637319965,0.06129757010557577,-0.07296861292981077,-0.3496695191502803,-0.31850394999538795,-0.1350895906746078,-0.5868840656908002,-0.24953470859292642,-0.4635282111538614,0.35945456035664425,0.7352536693767137,0.79712574404243,1.1464619967336,-1.2198486513326203,-0.15269749509078576,-0.2978730231964341,-0.34072213567287235,-0.9956101126658138,0.8794496975641788,0.024964567167457652,1.810652637225389,-2.0754012141716154,0.055945501465234734,-0.4139180387503446,0.16211333183447557,-1.6018048032365346,0.1182062735807324,-0.8330308069446639,1.392373141965329,0.5297074865360127,0.8274515764074606,-0.41787629282284744,1.719060181179239,0.0774620593151517,0.29375838280877015,-0.8803062629826612,0.904373826151008,1.5974347876600468,0.561660504770636,0.3917766047817713,-1.1054482903777036,0.3720006755379905,-1.7158209079584263
-0.12990427695749476,0.4755752237355172,-0.3495924399810314,-0.04180082213484238,-0.08141451381899739,0.11297742903205923,-0.3550063104995442,-0.22439963016933306,-0.051779913999879794,-0.2693553392911481,0.2232288178593785,0.2944339498122757,0.10968008881089222,0.4899894984078048,-0.6743379389385441,-0.019164169034453837,0.044630074387616736,-0.3271181517970918,-0.83193153401396,0.231685089601007,-0.06318925703552297,0.9188509152656829,-0.958203444795217,-0.014034953622385708,-0.16153723330219388,0.16149574496851335,-0.7058551336687924,0.03879348966117165,-0.4432279461780505,0.7700055285500048,0.4361074480328472,0.48345658192063384,-0.1846337310287614,0.8591964685470963,0.19385002266023504,0.2077836930691315,-0.5044936655493005,0.2773743148460549,0.561660504770636,0.46720868272937793,0.2265829133408322,-0.3163056745348323,0.3928423455869363,-0.6694527448257253
-0.3320771238457214,-0.11002316906297803,0.08315713436362271,-0.026994490996792207,-0.20993859322380476,-0.2674582738514785,-0.180767054677538,-0.26748947524762995,0.05812461644562692,0.09621244075767098,-0.11625686364139713,0.3233576034141805,0.36905761356070255,0.6091833279717902,-0.31744357225108366,0.01994728499184692,-0.2929701001113912,0.17051749297385033,-0.30065986475885115,0.28434931577172906,0.16023760627886627,0.29263201293655505,-0.4708348888783597,0.31876769486278345,-0.20547069284841374,-0.05110392791516132,-0.7140235365802968,0.02000191573418395,-0.1064948201368431,0.2528839860883388,0.11328958339047782,0.02619694024463606,-0.1080648393418689,0.6804763804329311,-0.039309179210262696,-0.4185738490284921,-0.6146990400974278,0.4899911242726738,0.3917766047817713,0.2265829133408322,0.38819748850950414,-0.7549277437688985,-0.029164639896894128,-0.9774345871590745
0.9640134054201319,0.45902810645061637,-0.7652473452627334,0.12040613772405886,0.7067810881539616,0.9132364873031795,0.09184084487178248,0.6256459538800424,-0.15374586734842538,-0.5678195589603335,0.4007722380455683,-0.6866321836141642,-1.0792019302939047,-1.4774702514543683,0.5170934444191518,0.1568329711373257,0.9426057300850995,-0.8950785344635988,0.29527952947453584,-0.5656932939400423,-0.42480052062927454,-0.09793178180190126,0.7530069195359659,-0.8936826305843997,0.3552312222121548,0.27320928541146866,1.7780075888112667,-0.03037717850511078,-0.027905421741341887,-0.12928061126856805,0.05089165416912139,0.21576848481766958,0.23037708652065608,-1.437014042175258,0.5692624866574707,1.5007622575697133,1.2398084300482333,-1.3411768295304094,-1.1054482903777036,-0.3163056745348323,-0.7549277437688985,2.0509631745307857,0.46549163206477445,2.7902711821130897
0.1763764692611651,1.0961091027796626,-0.8944277625253512,0.07539025580073079,0.3355731858687088,0.5142681372799888,-0.3094450106480398,-0.16877535826309709,-0.43406089078370536,-0.8504525141401322,0.47786330219048906,0.24027868099898486,-0.23427938504398413,-0.06499225461991198,-0.7643759351309526,0.3877163450056639,0.460940241296702,-0.9359934740194319,-1.0763595879566317,0.21708511131488062,-0.22768391413604241,1.5514811126079828,-1.1234101956035671,-0.7596784407185143,-0.1881942957436941,0.41462133567864,-0.24845430570814975,0.05037473104619229,-0.8514903239903676,1.1617769535799645,0.7030515041112061,0.798269722116761,-0.25458028499667884,0.344410408566952,0.6342749289819377,1.4131709799917105,-0.2119118860134621,-0.11109222484741986,0.3720006755379905,0.3928423455869363,-0.029164639896894128,0.46549163206477445,1.0691513200793343,0.16485118659509648
1.069287767550123,-0.010795979309802006,-1.1718553659742303,0.09553058162049316,0.7071258217638048,1.0422707638121198,0.31246791000516383,1.130670106122205,0.2789596761480949,-0.8755096484951443,0.417427047697265,-1.8058310969206806,-1.6780078768155466,-2.6188716432602055,1.019210284225698,-0.18755988648735475,1.4743168988655717,-1.4632427330410145,1.2623475141329465,-0.3922828321685405,-0.7399046673510804,-0.5034442327810134,1.228582541288326,-1.6520713740962898,0.6050295230936643,0.33188844493411446,3.5105867804774364,0.05105036765253225,0.1930096845890845,-0.38649868254127306,-0.6030097373153092,0.21445582036265315,0.4161307838990186,-2.0673869209058213,1.6982264388364776,2.795880076044443,2.7217853381072703,-2.5012267870621634,-1.7158209079584263,-0.6694527448257253,-0.9774345871590745,2.7902711821130897,0.16485118659509648,6.156623649342051
