V1,V2,V3,V4,V5,V6,V7,V8,V9,V10,V11,V12,V13,V14,V15,V16,V17,V18,V19,V20,V21,V22,V23,V24,V25,V26,V27,V28,V29,V30,V31,V32,V33,V34,V35,V36,V37,V38,V39,V40,V41,V42,V43,V44
427.228438126319,137.88227184455963,-352.4856090798159,126.54043112659264,157.25630187591418,324.8826216271971,-119.63136972973288,18.060085887800742,-138.8681880844963,-88.19968951130261,-58.25472351391984,500.3193575768626,-198.91757581850513,-54.48352629574043,66.31133872723734,246.99176085014946,60.13664200245387,-274.8886042292231,-300.1193696964287,-312.5367393312462,135.03426695883059,-139.89208117195048,208.17689655017347,45.85403308002246,-86.15459717743649,195.44637785107662,-99.36076084333362,67.56875568226847,-56.101350892333194,132.80921458337426,221.77755297330373,-139.8816488152545,144.3651266362181,-389.75983026124936,-40.25502271940754,-260.0860136439781,-414.3227345652745,-85.81246992263497,-431.80388428572223,33.91994247272642,-68.48415015376581,430.8700721630861,252.9744264983309,100.94438598187433
137.88227184455963,44.64610824936111,-113.64740253553131,40.166454957832244,50.97751456465633,104.16210188626614,-38.18848932225586,6.023095620652518,-44.99366031313243,-28.53042909315168,-18.83838598494642,161.15072449716328,-64.0546596097052,-17.734367864156905,21.221161824588265,79.76609812972842,19.580715120887934,-88.37429130484804,-97.1027642290096,-100.91779499869845,43.79999924643314,-44.91167728378049,67.22952444776297,14.735557196250108,-27.8192351323615,63.2247183807196,-31.64304629306073,22.553790781562043,-18.023490833473634,42.72224933837425,71.57961100076369,-45.147468761053695,46.85222255813978,-125.91445566795115,-12.697907325843124,-84.2142029257382,-133.7396774236287,-27.931708521880154,-139.41381026135846,11.30072815009399,-22.230187573882688,138.67962802910267,81.8567556597069,32.84290094147062
-352.4856090798159,-113.64740253553131,291.00048551470405,-104.92464057059743,-129.53705145359973,-268.7626918134626,99.10123070175962,-14.684819446286557,114.44636901037913,72.83750070357024,48.00544958795525,-413.1256030118388,164.25104540575052,44.77885724622868,-55.00608931977538,-203.7751695704682,-49.41360818952541,227.1883028976969,247.46332000884343,257.7934933609988,-111.18659409504791,115.59484856156182,-171.70735236251576,-37.84967092785959,71.08374898361144,-161.18913426405902,82.44727208009924,-55.138779784295785,46.44028522210448,-109.71408399503832,-182.91343278758583,115.48462560436164,-118.97868728553179,321.4606723914235,33.45929031524816,214.44794821657774,341.97142612158325,70.6488847061339,356.35169382315553,-27.69637122532974,56.42287902964854,-355.8948470370385,-208.5215479734872,-83.03236805007735
126.54043112659264,40.166454957832244,-104.92464057059743,40.58755572980407,45.5374047116589,99.4178632208096,-37.381313908019564,4.451320669096938,-40.317152477967674,-25.819764575826746,-17.071197588450758,149.68296770343198,-59.58072740390659,-15.440944528785689,20.472702408099323,72.91927192165481,17.02322091215392,-82.99954292622776,-87.75878744551252,-92.33331657786091,38.99014886046575,-42.52742914597816,61.45614767194884,13.869455396463598,-25.45981255799324,57.21256101366262,-31.388709843237784,16.569643590272985,-16.99559061260406,39.99052541338335,65.67344563502087,-41.42586036689336,41.55295031928813,-114.87033794334752,-13.289091206930697,-75.77051762495093,-122.61758597334219,-24.317191108987203,-127.64248676085053,8.414261233735678,-19.689712641402163,129.36838980770384,73.95057061032958,28.6757088634324
157.25630187591418,50.97751456465633,-129.53705145359973,45.5374047116589,58.24444193424673,118.45261979024238,-43.357047808031275,6.968976629939524,-51.385900103356356,-32.525307525455425,-21.513764183638152,183.63102306054583,-72.98858622981834,-20.30835927232026,24.07522042978433,90.98142350210273,22.422472596803818,-100.61016805947268,-110.83524574415401,-115.12806382690489,50.061296148112476,-51.12839886945646,76.70108853225292,16.792191007193722,-31.727115386021175,72.15118507943475,-35.868033266616365,26.034777776886468,-20.49187922419345,48.65495558372201,81.65942890920294,-51.46350934675133,53.51773512422945,-143.6633991701577,-14.35378577935724,-96.1304342692254,-152.4867851784484,-31.943579315678583,-158.97920077100687,13.038064460046671,-25.401610881589743,157.9713271700246,93.45509858154867,37.58206061834389
324.8826216271971,104.16210188626614,-268.7626918134626,99.4178632208096,118.45261979024238,250.6829796833719,-93.1122534225575,12.686820624172645,-104.78369361731738,-66.98831898648397,-44.05714303187717,382.16434332312167,-151.9899566334511,-40.608088560625916,51.581961989201474,187.64657137358972,44.78744026053045,-210.9014364233786,-227.1342682091856,-237.37259393980594,101.54897260120337,-107.48835610231895,158.06715204678392,35.10475264788738,-65.4795363744441,148.02681771090838,-77.84062187514336,47.78894483945212,-43.22448390308369,101.72399768713612,168.51458124649,-106.51399994912063,108.68215755328158,-295.7736378490077,-32.04931083976603,-196.63031865650586,-315.2570673619629,-64.19075419211278,-328.3600534448518,24.088978525811697,-51.50505571050228,329.6628388965228,191.30880617621386,75.41644924514344
-119.63136972973288,-38.18848932225586,99.10123070175962,-37.381313908019564,-43.357047808031275,-93.1122534225575,34.77509548739005,-4.445698172810397,38.381769022615444,24.597403495082393,16.17552774693152,-141.10066428550428,56.13341290077472,14.776577527539331,-19.208887087624902,-69.0402166193332,-16.29332959669247,78.05951814221586,83.35723922264381,87.34753534515261,-37.140390898296836,39.852023898450085,-58.153101695286786,-12.996677210980083,24.09808567648975,-54.3419019505996,29.157745154219413,-16.73959152035641,16.01531271359796,-37.62255646887343,-62.04547895358502,39.22458375760274,-39.723236022262064,108.76886722310924,12.142621763324803,72.0948459185323,116.07005937318083,23.364576373954826,120.855643444406,-8.463177214594332,18.81807678908118,-121.83295756494033,-70.20085979551764,-27.463883204037327
18.060085887800742,6.023095620652518,-14.684819446286557,4.451320669096938,6.968976629939524,12.686820624172645,-4.445698172810397,1.0716515739334016,-6.094914082510815,-3.732482884232438,-2.5326867066285117,20.65973020354321,-8.20185412364562,-2.540990013172277,2.4536373975632437,10.486488791533661,2.822385325519743,-11.075901584222398,-12.98554787951923,-13.299243668655123,6.034553671432631,-5.60415093140847,8.867706395125088,1.8776073760690022,-3.652104018598949,8.42096475314662,-3.5374576565742704,3.8714408298022573,-2.199126862061355,5.406917513351162,9.423536888347389,-5.863048061628091,6.3985548290654854,-16.64784293135347,-1.2964033821273695,-11.30655888677364,-17.43930136342047,-3.91868256805175,-18.232381080511356,1.9135920601269634,-3.049367833170365,17.634535112324656,10.997288206978554,4.652106106550059
-138.8681880844963,-44.99366031313243,114.44636901037913,-40.317152477967674,-51.385900103356356,-104.78369361731738,38.381769022615444,-6.094914082510815,45.356708216589396,28.76241169056795,18.98187530562028,-162.24260455586548,64.48545969970422,17.887941769525565,-21.354299012468235,-80.34840221950353,-19.74187002367234,88.95074448152576,97.85411800127059,101.64578033040378,-44.151709953020514,45.18231129912706,-67.72004770738896,-14.824298630679609,28.019560818354886,-63.71350288127865,31.797931390741173,-22.8625850575459,18.14618603918473,-42.9986293164586,-72.08339288487313,45.47632959962203,-47.25136769014941,126.8420847622552,12.727246646678188,84.87975763046593,134.71563722440698,28.18756092838696,140.43765573785058,-11.45405987344155,22.42188425152491,-139.60279389450088,-82.48103583652345,-33.12737672165422
-88.19968951130261,-28.53042909315168,72.83750070357024,-25.819764575826746,-32.525307525455425,-66.98831898648397,24.597403495082393,-3.732482884232438,28.76241169056795,18.392035196224057,12.013519044639247,-103.24760526944796,41.028827967092916,11.245460044389048,-13.807798813335085,-51.054807835798734,-12.399565512404147,56.75575720498951,62.123525011157106,64.51268580690623,-27.903485006364075,28.763968644336888,-42.97949274103784,-9.3999338847831,17.80442333010879,-40.47825199911903,20.500531169345575,-14.245600022443885,11.660764509060229,-27.389400734728213,-45.70586166609199,28.973539150153297,-30.016440802194754,80.50076620998034,8.195894556085065,53.912902358647834,85.73644732075965,17.868982785982254,89.34021410740455,-7.143535286180308,14.223927153353808,-88.92023708540236,-52.2801205504285,-20.90034833880321
-58.25472351391984,-18.83838598494642,48.00544958795525,-17.071197588450758,-21.513764183638152,-44.05714303187717,16.17552774693152,-2.5326867066285117,18.98187530562028,12.013519044639247,7.968377974688006,-68.10250189872542,27.077137008718616,7.486769568611717,-8.948664278772483,-33.67870581440055,-8.260834473654198,37.35606898564216,40.98560571396984,42.63936585569751,-18.481885286400555,19.013030294544485,-28.40522032272723,-6.247132358954239,11.74317612319308,-26.6749226418136,13.39475774794533,-9.420375591417207,7.604021159790198,-18.05792645037758,-30.256667047308326,19.049123966509544,-19.738497593234552,53.180959755573525,5.398178761311141,35.5133242097341,56.456785678322724,11.760015215470572,58.856684844648534,-4.725074734513751,9.3706862089123,-58.615169414910746,-34.55841186385444,-13.850242739549858
500.3193575768626,161.15072449716328,-413.1256030118388,149.68296770343198,183.63102306054583,382.16434332312167,-141.10066428550428,20.65973020354321,-162.24260455586548,-103.24760526944796,-68.10250189872542,586.7175414520764,-233.28837321698765,-63.41965571974568,78.19582641422366,289.16844723890614,69.98806946130154,-322.78864047985587,-350.9489790632509,-365.8677484238083,157.60990364019597,-164.34395420786728,243.67850332418155,53.807237852033495,-100.88023603092276,228.60471700212466,-117.42602157858263,77.45051723428148,-65.96075859711574,155.87517919202497,259.6591395109015,-163.88195946728635,168.5460648809343,-456.15482571773936,-47.819429098575874,-304.04583621266147,-485.29451603543413,-99.99219115299161,-505.67584007174537,38.92555173932451,-79.93042863626876,505.5257282443646,295.7591054051974,117.58392234558617
-198.91757581850513,-64.0546596097052,164.25104540575052,-59.58072740390659,-72.98858622981834,-151.9899566334511,56.13341290077472,-8.20185412364562,64.48545969970422,41.028827967092916,27.077137008718616,-233.28837321698765,92.76307915645062,25.20548520662177,-31.08926472468436,-114.95728328468934,-27.815242357452107,128.35492802882817,139.50213693659913,145.46010176155974,-62.64490403029566,65.36529230371353,-96.87972798908291,-21.403383477855037,40.10444592885021,-90.86724435155395,46.713697023061904,-30.718191460072543,26.22278978248798,-61.9831135259652,-103.24197529030344,65.14604518858756,-66.9757576688983,181.34683230023788,19.039058268897225,120.84465299571885,192.92310205695122,39.72717631007632,201.02540924853164,-15.441152898508182,31.763661566874962,-201.01301987694038,-117.56895658665923,-46.7274971175341
-54.48352629574043,-17.734367864156905,44.77885724622868,-15.440944528785689,-20.30835927232026,-40.608088560625916,14.776577527539331,-2.540990013172277,17.887941769525565,11.245460044389048,7.486769568611717,-63.41965571974568,25.20548520662177,7.1387237019946,-8.17736712446004,-31.531113216040175,-7.885768184324078,34.62782423561242,38.504529627093795,39.925261052077964,-17.479944190445458,17.59890939718364,-26.604005950060266,-5.801042052065075,10.992605359424658,-25.048251486621478,12.148357621838706,-9.407122796172272,7.016160273562267,-16.771600678862548,-28.32277425959967,17.794575916836482,-18.638586136966158,49.84449427328319,4.816770698381741,33.40640290371773,52.77042362228517,11.171062125782214,55.04500167171909,-4.701596051402468,8.856847206067256,-54.48868181358854,-32.49974173122772,-13.175396704276427
66.31133872723734,21.221161824588265,-55.00608931977538,20.472702408099323,24.07522042978433,51.581961989201474,-19.208887087624902,2.4536373975632437,-21.354299012468235,-13.807798813335085,-8.948664278772483,78.19582641422366,-31.08926472468436,-8.17736712446004,10.776375954695773,38.32896311004213,9.004254333077718,-43.29768996682343,-46.34527589582939,-48.401919463019475,20.598831691116676,-21.99272526113085,32.23227309850261,7.141903980255561,-13.375788238894868,30.237732729312413,-16.180241085953458,9.515465722261027,-8.959331514945262,20.837429475911293,34.31427856432883,-21.835784118569627,22.2068532972637,-60.319265294005895,-6.641635493671373,-40.15765575949481,-64.53232838258226,-13.082715127576096,-67.17702573500792,4.803931276714239,-10.504881008778387,67.52838449721861,38.95042298128392,15.26305960983529
246.99176085014946,79.76609812972842,-203.7751695704682,72.91927192165481,90.98142350210273,187.64657137358972,-69.0402166193332,10.486488791533661,-80.34840221950353,-51.054807835798734,-33.67870581440055,289.16844723890614,-114.95728328468934,-31.531113216040175,38.32896311004213,142.82530339200278,34.80470664698472,-158.84341274672832,-173.60291910650454,-180.6928780993949,78.12765455335355,-80.788928832854765,120.36080382091414,26.47441926174506,-49.819590538826695,113.06290342551279,-57.3429429631725,39.317990296957426,-32.43578830864534,76.74381140255461,128.19550221201567,-80.89898244625131,83.57758492289577,-225.3705619854061,-23.177872348382024,-150.48856551284916,-239.5933703725989,-49.70426723118511,-249.7038500940005,19.729679326198664,-39.64330075089401,249.0042536482595,146.31608660728358,58.434717581801884
60.13664200245387,19.580715120887934,-49.41360818952541,17.02322091215392,22.422472596803818,44.78744026053045,-16.29332959669247,2.822385325519743,-19.74187002367234,-12.399565512404147,-8.260834473654198,69.98806946130154,-27.815242357452107,-7.885768184324078,9.004254333077718,34.80470664698472,8.724924255745188,-38.1966770454342,-42.496994358561146,-44.07245605432531,19.30595006645541,-19.420553289871552,29.36276875628409,6.403931255686431,-12.13710225921818,27.644521384472455,-13.382906409460217,10.409867524947705,-7.731294537808671,18.51076285354671,31.270626839774817,-19.637412844319332,20.568054572411555,-55.01705838231507,-5.311773499001068,-36.87498216417396,-58.23353915120022,-12.327250021390839,-60.742652294100644,5.198223691537874,-9.770648188372057,60.125656140922594,35.88192869736547,14.553232975541178
-274.8886042292231,-88.37429130484804,227.1883028976969,-82.99954292622776,-100.61016805947268,-210.9014364233786,78.05951814221586,-11.075901584222398,88.95074448152576,56.75575720498951,37.35606898564216,-322.78864047985587,128.35492802882817,34.62782423561242,-43.29768996682343,-158.84341274672832,-38.1966770454342,177.84249537096676,192.5836760808665,200.9396742897705,-86.29786118322843,90.55652348796697,-133.82352994238548,-29.610348896388146,55.417457916121194,-125.47661098461445,65.11551014591332,-41.68169162248301,36.4110631186709,-85.8227671311386,-142.60549016323168,90.10048009626132,-92.37279702112201,250.46819582799918,26.616638336734617,166.80217814455276,266.73433940699255,54.701702326279516,277.8830808738622,-20.974457951976625,43.79008827617714,-278.26850473752813,-162.23013576645513,-64.2662425259548
-300.1193696964287,-97.1027642290096,247.46332000884343,-87.75878744551252,-110.83524574415401,-227.1342682091856,83.35723922264381,-12.98554787951923,97.85411800127059,62.123525011157106,40.98560571396984,-350.9489790632509,139.50213693659913,38.504529627093795,-46.34527589582939,-173.60291910650454,-42.496994358561146,192.5836760808665,211.26650119805635,219.62898384436374,-95.19571852525007,97.870679073959,-146.3111793985239,-32.09717006083158,60.542721533780146,-137.56355803917126,69.14634302764077,-48.703158922914255,39.31283980409408,-93.06524327435551,-155.7707151676549,98.29489893507343,-101.88781952352451,273.9968426212216,27.781562832538853,183.19408809016124,291.15253794509675,60.70110156653396,303.48392051320445,-24.41601174506343,48.33724682349725,-302.0852926985035,-178.0500729776702,-71.33829158273454
-312.5367393312462,-100.91779499869845,257.7934933609988,-92.33331657786091,-115.12806382690489,-237.37259393980594,87.34753534515261,-13.299243668655123,101.64578033040378,64.51268580690623,42.63936585569751,-365.8677484238083,145.46010176155974,39.925261052077964,-48.401919463019475,-180.6928780993949,-44.07245605432531,200.9396742897705,219.62898384436374,228.66228737407891,-98.87232972277336,102.25757344830267,-152.3110885283426,-33.53338478906545,63.02550906687513,-143.01414281180598,72.49978846675762,-49.697765561900226,40.987671214111266,-97.097114328906315,-162.25859979382352,102.30847671893429,-105.6810683563712,285.1707043727853,29.338248644137977,190.3373659451653,303.0609588410133,62.84998378014036,315.8658522728623,-24.940702659026428,50.13849164222909,-315.0376355825233,-185.14466912697142,-73.95142070458785
135.03426695883059,43.79999924643314,-111.18659409504791,38.99014886046575,50.061296148112476,101.54897260120337,-37.140390898296836,6.034553671432631,-44.151709953020514,-27.903485006364075,-18.481885286400555,157.60990364019597,-62.64490403029566,-17.479944190445458,20.598831691116676,78.12765455335355,19.30595006645541,-86.29786118322843,-95.19571852525007,-98.87232972277336,43.04584992496842,-43.864720162434224,65.87195502598291,14.414078181666417,-27.246655777204502,61.967911006096166,-30.686566650759623,22.493980128702837,-17.55464077576209,41.750689005559366,70.14019305981029,-44.172529602336006,45.97585164313943,-123.39212498791622,-12.275992765766444,-82.57422672695975,-130.90070966804083,-27.457115438872755,-136.48435122936465,11.260684234785607,-21.82647059105991,135.553645548964,80.295958750342,32.32842969408049
-139.89208117195048,-44.91167728378049,115.59484856156182,-42.52742914597816,-51.12839886945646,-107.48835610231895,39.852023898450085,-5.60415093140847,45.18231129912706,28.763968644336888,19.013030294544485,-164.34395420786728,65.36529230371353,17.59890939718364,-21.99272526113085,-80.788928832854765,-19.420553289871552,90.55652348796697,97.870679073959,102.25757344830267,-43.864720162434224,46.19239762063371,-68.09508401444782,-15.119559891840684,28.188732185218853,-63.75431070901379,33.21349600189681,-20.91491963426116,18.4964607155007,-43.715091235179244,-72.61908431337399,45.795230953690684,-46.84041757228721,127.4205535660134,13.660122929363503,84.71114036070695,135.61910824433832,27.708425630386586,141.29043385384088,-10.532488709578207,22.21279332616425,-141.6921611170208,-82.49253933336294,-32.62669264801019
208.17689655017347,67.22952444776297,-171.70735236251576,61.45614767194884,76.70108853225292,158.06715204678392,-58.153101695286786,8.867706395125088,-67.72004770738896,-42.97949274103784,-28.40522032272723,243.67850332418155,-96.87972798908291,-26.604005950060266,32.23227309850261,120.36080382091414,29.36276875628409,-133.82352994238548,-146.3111793985239,-152.3110885283426,65.87195502598291,-68.09508401444782,101.45655356727936,22.330482632872126,-41.98054864412102,95.27247512728383,-48.265420485697945,33.15338365985263,-27.298392882089587,64.66441700471442,108.07610671821773,-68.14731523291448,70.41436196918013,-189.95948874806504,-19.52057158835536,-126.802135439722,-201.87009182676138,-41.883013171499414,-210.40243284696825,16.638058956666345,-33.40854212867318,209.81757775890432,123.33625042895396,49.275584550194395
45.85403308002246,14.735557196250108,-37.84967092785959,13.869455396463598,16.792191007193722,35.10475264788738,-12.996677210980083,1.8776073760690022,-14.824298630679609,-9.3999338847831,-6.247132358954239,53.807237852033495,-21.403383477855037,-5.801042052065075,7.141903980255561,26.47441926174506,6.403931255686431,-29.610348896388146,-32.09717006083158,-33.53338478906545,14.414078181666417,-15.119559891840684,22.330482632872126,4.961082596766138,-9.235580352249674,20.896455131464943,-10.800972649937133,6.939916971400726,-6.027882776074294,14.3039063604468,23.82196292994638,-14.986836580488616,15.359091189409737,-41.78033345780566,-4.439443598197708,-27.769914188009654,-44.4093717591945,-9.097543737108529,-46.277531766650014,3.4924606296666787,-7.2884872262198295,46.371216900094964,27.070078897892998,10.736347964569003
-86.15459717743649,-27.8192351323615,71.08374898361144,-25.45981255799324,-31.727115386021175,-65.4795363744441,24.09808567648975,-3.652104018598949,28.019560818354886,17.80442333010879,11.74317612319308,-100.88023603092276,40.10444592885021,10.992605359424658,-13.375788238894868,-49.819590538826695,-12.13710225921818,55.417457916121194,60.542721533780146,63.02550906687513,-27.246655777204502,28.188732185218853,-41.98054864412102,-9.235580352249674,17.379740235460172,-39.43279412445719,20.016175174828916,-13.68986406116513,11.315584884240124,-26.776661581478617,-44.7177326360305,28.21991709414647,-29.14189702213553,78.60944786161245,8.097938387118953,52.48440870831445,83.57321690907911,17.326843591904407,87.09740708477402,-6.8694304768574534,13.821665495606617,-86.87080587056674,-51.03050051329287,-20.373107977739092
195.44637785107662,63.2247183807196,-161.18913426405902,57.21256101366262,72.15118507943475,148.02681771090838,-54.3419019505996,8.42096475314662,-63.71350288127865,-40.47825199911903,-26.6749226418136,228.60471700212466,-90.86724435155395,-25.048251486621478,30.237732729312413,113.06290342551279,27.644521384472455,-125.47661098461445,-137.56355803917126,-143.01414281180598,61.967911006096166,-63.75431070901379,95.27247512728383,20.896455131464943,-39.43279412445719,89.58711584271008,-45.10176624511759,31.6465528745778,-25.629708318661418,60.629907352320814,101.42795170601855,-64.03392530910962,66.34523906972422,-178.42580970622396,-18.12796391994129,-119.29967134309106,-189.64393671503674,-39.51536911734392,-197.66600662507042,15.866842598454404,-31.471389546331366,196.78849070204518,115.92702190171543,46.421490335915685
-99.36076084333362,-31.64304629306073,82.44727208009924,-31.388709843237784,-35.868033266616365,-77.84062187514336,29.157745154219413,-3.5374576565742704,31.797931390741173,20.500531169345575,13.39475774794533,-117.42602157858263,46.713697023061904,12.148357621838706,-16.180241085953458,-57.3429429631725,-13.382906409460217,65.11551014591332,69.14634302764077,72.49978846675762,-30.686566650759623,33.21349600189681,-48.265420485697945,-10.800972649937133,20.016175174828916,-45.10176624511759,24.55426886799495,-13.496500921445103,13.422020403779454,-31.343015908763885,-51.47587663058312,32.64141192047961,-32.92425867359122,90.26149269712637,10.247281864044291,59.80385230539301,96.52098773623979,19.316031501166787,100.46544433311524,-6.836634641283527,15.582789147826087,-101.47615219293476,-58.17004539090751,-22.63614584264842
67.56875568226847,22.553790781562043,-55.138779784295785,16.569643590272985,26.034777776886468,47.78894483945212,-16.73959152035641,3.8714408298022573,-22.8625850575459,-14.245600022443885,-9.420375591417207,77.45051723428148,-30.718191460072543,-9.407122796172272,9.515465722261027,39.317990296957426,10.409867524947705,-41.68169162248301,-48.703158922914255,-49.697765561900226,22.493980128702837,-20.91491963426116,33.15338365985263,6.939916971400726,-13.68986406116513,31.6465528745778,-13.496500921445103,14.515989389940929,-8.422004145258049,20.272865414410994,35.113173747358566,-22.106855479452854,24.144027909488056,-62.286285376048774,-4.851104631919639,-42.51364144552027,-65.5910537026251,-14.77737025132093,-68.52943333044576,7.180014987491118,-11.482743866060577,66.17037659650636,41.10518477324652,17.33487810690713
-56.101350892333194,-18.023490833473634,46.44028522210448,-16.99559061260406,-20.49187922419345,-43.22448390308369,16.01531271359796,-2.199126862061355,18.14618603918473,11.660764509060229,7.604021159790198,-65.96075859711574,26.22278978248798,7.016160273562267,-8.959331514945262,-32.43578830864534,-7.731294537808671,36.4110631186709,39.31283980409408,40.987671214111266,-17.55464077576209,18.4964607155007,-27.298392882089587,-6.027882776074294,11.315584884240124,-25.629708318661418,13.422020403779454,-8.422004145258049,7.500654334519508,-17.546408350042054,-29.060135335924983,18.43959395779004,-18.881375106324462,51.09591587664684,5.467149319535565,34.07066875789391,54.538695704799096,11.16857977964036,56.80030854619638,-4.240561266235457,8.940863400739138,-56.89870429701858,-33.06904163541063,-13.061864800249813
132.80921458337426,42.72224933837425,-109.71408399503832,39.99052541338335,48.65495558372201,101.72399768713612,-37.62255646887343,5.406917513351162,-42.9986293164586,-27.389400734728213,-18.05792645037758,155.87517919202497,-61.9831135259652,-16.771600678862548,20.837429475911293,76.74381140255461,18.51076285354671,-85.8227671311386,-93.06524327435551,-97.097114328906315,41.750689005559366,-43.715091235179244,64.66441700471442,14.3039063604468,-26.776661581478617,60.629907352320814,-31.343015908763885,20.272865414410994,-17.546408350042054,41.43553309221984,68.9213453149257,-43.50875519282239,44.64416135621748,-121.03663628880348,-12.810117191748956,-80.61074685095954,-128.82437255288048,-26.451959918321094,-134.2191014146957,10.19577789794168,-21.167249532240895,134.34592424970492,78.42574287483177,31.107244303544594
221.77755297330373,71.57961100076369,-182.91343278758583,65.67344563502087,81.65942890920294,168.51458124649,-62.04547895358502,9.423536888347389,-72.08339288487313,-45.70586166609199,-30.256667047308326,259.6591395109015,-103.24197529030344,-28.32277425959967,34.31427856432883,128.19550221201567,31.270626839774817,-142.60549016323168,-155.7707151676549,-162.25859979382352,70.14019305981029,-72.61908431337399,108.07610671821773,23.82196292994638,-44.7177326360305,101.42795170601855,-51.47587663058312,35.113173747358566,-29.060135335924983,68.9213453149257,115.16917349910405,-72.5646211371011,74.8965844024087,-202.33984034195737,-20.88106547377074,-134.9688462525598,-214.97887876450125,-44.52647654826147,-224.0643380938444,17.62531141883554,-35.53841848261602,223.5871725637457,131.34750879315882,52.43743778918173
-139.8816488152545,-45.147468761053695,115.48462560436164,-41.42586036689336,-51.46350934675133,-106.51399994912063,39.22458375760274,-5.863048061628091,45.47632959962203,28.973539150153297,19.049123966509544,-163.88195946728635,65.14604518858756,17.794575916836482,-21.835784118569627,-80.89898244625131,-19.637412844319332,90.10048009626132,98.29489893507343,102.30847671893429,-44.172529602336006,45.795230953690684,-68.14731523291448,-14.986836580488616,28.21991709414647,-64.03392530910962,32.64141192047961,-22.106855479452854,18.43959395779004,-43.50875519282239,-72.5646211371011,45.86243238945323,-47.32692167662913,127.60361811173694,13.194149820012726,85.22165328950899,135.7785196760748,28.12394978646285,141.4876054451997,-11.096912975080773,22.438419434222105,-141.16106243058223,-82.80571857014864,-33.01515529574189
144.3651266362181,46.85222255813978,-118.97868728553179,41.55295031928813,53.51773512422945,108.68215755328158,-39.723236022262064,6.3985548290654854,-47.25136769014941,-30.016440802194754,-19.738497593234552,168.5460648809343,-66.9757576688983,-18.638586136966158,22.2068532972637,83.57758492289577,20.568054572411555,-92.37279702112201,-101.88781952352451,-105.6810683563712,45.97585164313943,-46.84041757228721,70.41436196918013,15.359091189409737,-29.14189702213553,66.34523906972422,-32.92425867359122,24.144027909488056,-18.881375106324462,44.64416135621748,74.8965844024087,-47.32692167662913,49.310180430558745,-131.91567715728212,-13.082732445393928,-88.43496145985104,-140.15983279205636,-29.453379502140734,-146.11481396594647,12.085073912926807,-23.39085399514653,145.00082452649684,85.8369599930855,34.54927107501458
-389.75983026124936,-125.91445566795115,321.4606723914235,-114.87033794334752,-143.6633991701577,-295.7736378490077,108.76886722310924,-16.64784293135347,126.8420847622552,80.50076620998034,53.180959755573525,-456.15482571773936,181.34683230023788,49.84449427328319,-60.319265294005895,-225.3705619854061,-55.01705838231507,250.46819582799918,273.9968426212216,285.1707043727853,-123.39212498791622,127.4205535660134,-189.95948874806504,-41.78033345780566,78.60944786161245,-178.42580970622396,90.26149269712637,-62.286285376048774,51.09591587664684,-121.03663628880348,-202.33984034195737,127.60361811173694,-131.91567715728212,355.6931106807394,36.47216935353418,237.50050736243463,377.98124119609656,78.48493666944067,393.960591565231,-31.251899013731705,62.5869382569393,-392.7397140222861,-230.97542582367984,-92.32439134620112
-40.25502271940754,-12.697907325843124,33.45929031524816,-13.289091206930697,-14.35378577935724,-32.04931083976603,12.142621763324803,-1.2964033821273695,12.727246646678188,8.195894556085065,5.398178761311141,-47.819429098575874,19.039058268897225,4.816770698381741,-6.641635493671373,-23.177872348382024,-5.311773499001068,26.616638336734617,27.781562832538853,29.338248644137977,-12.275992765766444,13.660122929363503,-19.52057158835536,-4.439443598197708,8.097938387118953,-18.12796391994129,10.247281864044291,-4.851104631919639,5.467149319535565,-12.810117191748956,-20.88106547377074,13.194149820012726,-13.082732445393928,36.47216935353418,4.401011350409968,23.967084846702427,39.02319997255367,7.6050671365373335,40.598057158809915,-2.476055838397414,6.1923838890689735,-41.38848253654892,-23.402888700726958,-8.96481242885344
-260.0860136439781,-84.2142029257382,214.44794821657774,-75.77051762495093,-96.1304342692254,-196.63031865650586,72.0948459185323,-11.30655888677364,84.87975763046593,53.912902358647834,35.5133242097341,-304.04583621266147,120.84465299571885,33.40640290371773,-40.15765575949481,-150.48856551284916,-36.87498216417396,166.80217814455276,183.19408809016124,190.3373659451653,-82.57422672695975,84.71114036070695,-126.802135439722,-27.769914188009654,52.48440870831445,-119.29967134309106,59.80385230539301,-42.51364144552027,34.07066875789391,-80.61074685095954,-134.9688462525598,85.22165328950899,-88.43496145985104,237.50050736243463,23.967084846702427,158.91275512754666,252.39311065188363,52.71427215368475,263.0827367223509,-21.303148115516873,41.949022720077814,-261.6808116909133,-154.37812659607292,-61.911932193718634
-414.3227345652745,-133.7396774236287,341.97142612158325,-122.61758597334219,-152.4867851784484,-315.2570673619629,116.07005937318083,-17.43930136342047,134.71563722440698,85.73644732075965,56.456785678322724,-485.29451603543413,192.92310205695122,52.77042362228517,-64.53232838258226,-239.5933703725989,-58.23353915120022,266.73433940699255,291.15253794509675,303.0609588410133,-130.90070966804083,135.61910824433832,-201.87009182676138,-44.4093717591945,83.57321690907911,-189.64393671503674,96.52098773623979,-65.5910537026251,54.538695704799096,-128.82437255288048,-214.97887876450125,135.7785196760748,-140.15983279205636,377.98124119609656,39.02319997255367,252.39311065188363,402.05220208795686,83.31000841654472,418.98274781133205,-32.92442245854856,66.46633760224302,-417.9755886697168,-245.31414274619073,-97.8597388029448
-85.81246992263497,-27.931708521880154,70.6488847061339,-24.317191108987203,-31.943579315678583,-64.19075419211278,23.364576373954826,-3.91868256805175,28.18756092838696,17.868982785982254,11.760015215470572,-99.99219115299161,39.72717631007632,11.171062125782214,-13.082715127576096,-49.70426723118511,-12.327250021390839,54.701702326279516,60.70110156653396,62.84998378014036,-27.457115438872755,27.708425630386586,-41.883013171499414,-9.097543737108529,17.326843591904407,-39.51536911734392,19.316031501166787,-14.77737025132093,11.16857977964036,-26.451959918321094,-44.52647654826147,28.12394978646285,-29.453379502140734,78.48493666944067,7.6050671365373335,52.71427215368475,83.31000841654472,17.641346125378693,86.87138620429684,-7.386465986827651,13.97696545254255,-85.96304528375222,-51.14566004298885,-20.691961803379822
-431.80388428572223,-139.41381026135846,356.35169382315553,-127.64248676085053,-158.97920077100687,-328.3600534448518,120.855643444406,-18.232381080511356,140.43765573785058,89.34021410740455,58.856684844648534,-505.67584007174537,201.02540924853164,55.04500167171909,-67.17702573500792,-249.7038500940005,-60.742652294100644,277.8830808738622,303.48392051320445,315.8658522728623,-136.48435122936465,141.29043385384088,-210.40243284696825,-46.277531766650014,87.09740708477402,-197.66600662507042,100.46544433311524,-68.52943333044576,56.80030854619638,-134.2191014146957,-224.0643380938444,141.4876054451997,-146.11481396594647,393.960591565231,40.598057158809915,263.0827367223509,418.98274781133205,86.87138620429684,436.64052740482697,-34.395850942541045,69.29636603806212,-435.49859252537794,-255.71858161429157,-102.05909590923547
33.91994247272642,11.30072815009399,-27.69637122532974,8.414261233735678,13.038064460046671,24.088978525811697,-8.463177214594332,1.9135920601269634,-11.45405987344155,-7.143535286180308,-4.725074734513751,38.92555173932451,-15.441152898508182,-4.701596051402468,4.803931276714239,19.729679326198664,5.198223691537874,-20.974457951976625,-24.41601174506343,-24.940702659026428,11.260684234785607,-10.532488709578207,16.638058956666345,3.4924606296666787,-6.8694304768574534,15.866842598454404,-6.836634641283527,7.180014987491118,-4.240561266235457,10.19577789794168,17.62531141883554,-11.096912975080773,12.085073912926807,-31.251899013731705,-2.476055838397414,-21.303148115516873,-32.92442245854856,-7.386465986827651,-34.395850942541045,3.554867620842821,-5.748237199115306,33.27110688464142,20.604358699385347,8.664547945468536
-68.48415015376581,-22.230187573882688,56.42287902964854,-19.689712641402163,-25.401610881589743,-51.50505571050228,18.81807678908118,-3.049367833170365,22.42188425152491,14.223927153353808,9.3706862089123,-79.93042863626876,31.763661566874962,8.856847206067256,-10.504881008778387,-39.64330075089401,-9.770648188372057,43.79008827617714,48.33724682349725,50.13849164222909,-21.82647059105991,22.21279332616425,-33.40854212867318,-7.2884872262198295,13.821665495606617,-31.471389546331366,15.582789147826087,-11.482743866060577,8.940863400739138,-21.167249532240895,-35.53841848261602,22.438419434222105,-23.39085399514653,62.5869382569393,6.1923838890689735,41.949022720077814,66.46633760224302,13.97696545254255,69.29636603806212,-5.748237199115306,11.099929170513008,-68.75428100667962,-40.73158863491907,-16.405982302768102
430.8700721630861,138.67962802910267,-355.8948470370385,129.36838980770384,157.9713271700246,329.6628388965228,-121.83295756494033,17.634535112324656,-139.60279389450088,-88.92023708540236,-58.615169414910746,505.5257282443646,-201.01301987694038,-54.48868181358854,67.52838449721861,249.0042536482595,60.125656140922594,-278.26850473752813,-302.0852926985035,-315.0376355825233,135.553645548964,-141.6921611170208,209.81757775890432,46.371216900094964,-86.87080587056674,196.78849070204518,-101.47615219293476,66.17037659650636,-56.89870429701858,134.34592424970492,223.5871725637457,-141.16106243058223,145.00082452649684,-392.7397140222861,-41.38848253654892,-261.6808116909133,-417.9755886697168,-85.96304528375222,-435.49859252537794,33.27110688464142,-68.75428100667962,435.65973577978997,254.54318495372922,101.06113644393396
252.9744264983309,81.8567556597069,-208.5215479734872,73.95057061032958,93.45509858154867,191.30880617621386,-70.20085979551764,10.997288206978554,-82.48103583652345,-52.2801205504285,-34.55841186385444,295.7591054051974,-117.56895658665923,-32.49974173122772,38.95042298128392,146.31608660728358,35.88192869736547,-162.23013576645513,-178.0500729776702,-185.14466912697142,80.295958750342,-82.49253933336294,123.33625042895396,27.070078897892998,-51.03050051329287,115.92702190171543,-58.17004539090751,41.10518477324652,-33.06904163541063,78.42574287483177,131.34750879315882,-82.80571857014864,85.8369599930855,-230.97542582367984,-23.402888700726958,-154.37812659607292,-245.31414274619073,-51.14566004298885,-255.71858161429157,20.604358699385347,-40.73158863491907,254.54318495372922,150.11361328383873,60.17246888701753
100.94438598187433,32.84290094147062,-83.03236805007735,28.6757088634324,37.58206061834389,75.41644924514344,-27.463883204037327,4.652106106550059,-33.12737672165422,-20.90034833880321,-13.850242739549858,117.58392234558617,-46.7274971175341,-13.175396704276427,15.26305960983529,58.434717581801884,14.553232975541178,-64.2662425259548,-71.33829158273454,-73.95142070458785,32.32842969408049,-32.62669264801019,49.275584550194395,10.736347964569003,-20.373107977739092,46.421490335915685,-22.63614584264842,17.33487810690713,-13.061864800249813,31.107244303544594,52.43743778918173,-33.01515529574189,34.54927107501458,-92.32439134620112,-8.96481242885344,-61.911932193718634,-97.8597388029448,-20.691961803379822,-102.05909590923547,8.664547945468536,-16.405982302768102,101.06113644393396,60.17246888701753,24.355425486965668
