V1,V2,V3,V4,V5,V6,V7,V8,V9,V10,V11,V12,V13,V14,V15,V16,V17,V18,V19,V20,V21,V22,V23,V24,V25,V26,V27,V28,V29,V30,V31,V32,V33,V34,V35,V36,V37,V38,V39,V40,V41,V42,V43,V44
2.9628002008614254,0.7493041658547192,-2.245433961157996,1.1524046989375287,1.2343236786765155,1.9207932979803415,-0.6675116056778747,-0.180931371779047,-1.2645415783265268,-0.5756414644484352,-0.9102608905601056,3.00267909483256,-1.3330886997720104,-0.6390096755127171,0.3044342474846815,1.3495260801572548,-0.12944414352865194,-1.9391250784799545,-2.355947815710534,-2.1846627735080473,0.8448541736327362,-0.9716973828311061,1.7509119878015793,0.4481159035357088,-0.23739849486175466,1.3170440712724585,-0.6043977748656006,0.060503707514966386,-0.37696709323669375,0.5109689785202165,1.4472923904835033,-0.55462167960737,1.096106057053179,-2.903237834166968,0.03514821850443003,-1.4021610160663955,-2.457097529920324,-0.8737135909231184,-2.868783105666442,0.29526152754191937,-0.8391228203235074,2.6007968578280454,1.6462041235400389,0.7801286636606249
0.7493041658547192,0.46181329406424926,-0.8134089933629647,-0.19296207011825625,0.0900738035573918,0.7739818522690004,-0.3242097960326416,0.5698476033777049,0.24216565446610347,-0.20874645369993763,0.32919181363133593,1.21551196147086,-0.35579953318579105,0.23507188352537034,0.15532250755116728,0.7490861109250325,0.8254521805399644,-0.4231981135601848,-0.42430050803662744,-0.7034289615913902,0.11918620754705446,-0.3162320742175953,0.037650620293620006,0.10387870501918738,-0.46653882786632256,0.2544633462796252,-0.25136981275789255,0.5169696868799554,-0.1278336408144541,0.6457844302544568,0.5071704384091067,-0.6536520572727311,0.13627180431299094,-0.1611673536010128,-0.28844932873077267,-0.7708803725379739,-1.1259691246332977,0.17219323344574414,-0.8299865450606189,-0.09786788294397798,0.36489473522333815,1.1995693459742789,0.5219197793968202,0.12902071911006358
-2.245433961157996,-0.8134089933629647,1.9290302112914952,-0.47350068566557973,-0.7436502233552321,-1.7621425428085886,0.664679923463673,-0.3563022926343935,0.49823848112672126,0.48899283335404603,0.1532910933098217,-2.735069538953087,1.0399971348664574,0.14074577069694205,-0.33925566918881717,-1.4115299096041578,-0.6358805877937672,1.4174101043737048,1.57478142416526,1.741262912749445,-0.6166202602681813,0.7797251122932503,-0.9610101636727404,-0.28415331749025363,0.566672699005807,-0.9644163032697788,0.5525425221721302,-0.5069291793847985,0.3107695452710668,-0.8610788760471298,-1.2178318609476975,0.8940226314995934,-0.7075172608718044,1.7722456291805673,0.27673185263259736,1.4707550790595476,2.3309752476742194,0.31416206946706515,2.2865984872963816,-0.09401021381067902,0.14281680178510178,-2.4526995290923383,-1.3529345531370593,-0.5178496404936739
1.1524046989375287,-0.19296207011825625,-0.47350068566557973,1.5480793854371326,0.9291535594528818,0.5329245708899255,-0.10301090888828279,-1.5611632779890015,-1.7906861882945797,-0.08282906431343716,-1.1418788661155719,0.6656311175842242,-0.5680966638387317,-1.045069452562215,0.2216852710926483,-0.06499047520125285,-1.831807035754559,-0.9267511557982849,-0.8597111201087941,-0.25688981120493354,0.8926061340444643,-0.12247765163512302,1.3977384356461182,-0.11076277874223309,0.5003960379388883,0.8903530487981237,-0.09552331342082679,-0.8130022324628958,-0.06099056337243846,-0.6678863701499266,0.27186628826842446,0.6285553599822603,0.7008520350618204,-2.7184509840184505,0.3154175043675422,-0.014388592186005205,-0.1458396789213925,-1.0799143263126416,-1.045804987358841,0.5872466360769597,-1.5270985044749756,0.0028264325135621917,0.5176064464390424,0.3487199780606194
1.2343236786765155,0.0900738035573918,-0.7436502233552321,0.9291535594528818,0.7079370756143715,0.6329421885340637,-0.17844154856711716,-0.6680181871925244,-1.0538529517266804,-0.18206652607861143,-0.7884121304946767,0.949159745215442,-0.5589529082946326,-0.6106981002225712,0.11845948148216513,0.2604637089589077,-0.8124649331530622,-0.874795892017098,-1.0392422544516773,-0.712930448793904,0.5194980035291419,-0.3173944242564873,1.0591336111076002,0.12540181014051666,0.20306055180467303,0.6674751725749185,-0.17945500294608907,-0.37084926957964864,-0.12430004648684743,-0.19681471784836274,0.47851709160647427,0.17200144471045783,0.5774952173984701,-1.807323369694596,0.20566401318872782,-0.2926843373797866,-0.6322715416876904,-0.694440442432625,-1.1366932211309277,0.3018626219445615,-0.8604657082813024,0.6310106643399634,0.6146373052640031,0.3635057225607225
1.9207932979803415,0.7739818522690004,-1.7621425428085886,0.5329245708899255,0.6329421885340637,1.9252206246236756,-0.7475783801638217,0.03741633070335646,-0.6005867609913019,-0.4044489123196484,0.2620927410296042,2.8175631258885985,-0.9879029646355145,-0.10841198019409144,0.5851169395274985,1.4766679248052554,0.5043501551904185,-1.2526667885938718,-0.8920601376917878,-1.1687422471892748,0.9445159655055796,-0.5411995470775106,0.7012653203450452,-0.09838998782156434,-0.7477931098023839,1.0697294372852535,-0.5411420266300183,0.6404958205508395,-0.24404157671689142,0.9434990591475692,1.0372906647351483,-0.9897283305558627,0.5916253738278171,-1.990744856846887,-0.5769381369086833,-1.612928860110689,-2.2374368809891476,-0.20161238759821767,-2.11616408778359,0.2166511674314418,-0.15190906852508834,2.2033531267169426,1.260684381241067,0.3378326677044971
-0.6675116056778747,-0.3242097960326416,0.664679923463673,-0.10301090888828279,-0.17844154856711716,-0.7475783801638217,0.2995383248354668,-0.11160714936317301,0.1144381864318782,0.1513312000469473,-0.21847622535693148,-1.0924491984365783,0.35264531224595735,-0.03680958341580046,-0.23534675558728657,-0.6049064119248042,-0.3324325870528626,0.4252786158209897,0.25091133447301245,0.4151472843270604,-0.33545190285138543,0.19383063307277096,-0.1610913424424541,0.05616316078721861,0.35106109313752243,-0.3716246530904535,0.21044481489530337,-0.32789592138090445,0.08948850851929026,-0.4362838908078465,-0.386537706948142,0.45271075098912095,-0.1784255959911272,0.6135320213825185,0.2761630316567748,0.6589015371666522,0.8857619764705996,-0.007150998152046973,0.7642165129449867,-0.05117564446465913,-0.05281198838637918,-0.8727484750614791,-0.463830576358795,-0.09839968373246022
-0.180931371779047,0.5698476033777049,-0.3563022926343935,-1.5611632779890015,-0.6680181871925244,0.03741633070335646,-0.11160714936317301,2.063055433983207,1.8474591731959753,-0.15443039244501267,0.9753399168058745,0.3332639100693583,0.17699039414631218,1.0876780922723737,-0.24652136605216388,0.6137269933569315,2.3739082120859347,0.35878268013362685,-0.07013670737135835,-0.748756041362051,-0.9252559664331901,-0.3175582382063322,-1.0166874162297979,0.45473780350543713,-0.6875458438448607,-0.6559852765608837,-0.1264005115843078,1.0362504076358752,-0.09639350137819239,1.0502808232621712,0.2980327947143041,-1.0117766843915157,-0.42662811106120707,2.4233228759878,-0.2967104643010466,-0.5054329295421564,-0.8438606117641682,1.0113444114501615,0.13310148172108116,-0.6849131714208907,1.6473084480994016,1.1416889666908943,0.029498262913420222,-0.07539117339209415
-1.2645415783265268,0.24216565446610347,0.49823848112672126,-1.7906861882945797,-1.0538529517266804,-0.6005867609913019,0.1144381864318782,1.8474591731959753,2.078028406255573,0.08013079885459734,1.2822676738341379,-0.7291803016162955,0.6346015171838164,1.2064815951485157,-0.2748019412895555,0.0948506654969544,2.1488626145887837,1.0332118596757505,0.9045468257071007,0.21169293832351624,-1.0550839312053975,0.10445993274259545,-1.5789614561036112,0.17026288944917234,-0.5736006784547647,-1.0255923344653424,0.09948270076269643,0.9379789476292656,0.0591672797665585,0.7829193950115164,-0.27536098779914214,-0.7359324914273206,-0.7901173133218831,3.1411910093707647,-0.3432437737722091,0.004258159844747283,0.11848084366643281,1.2370063624669032,1.155846043149424,-0.6918046674845895,1.7699523288805759,0.06569055858005342,-0.5670203302082686,-0.37825867701555144
-0.5756414644484352,-0.20874645369993763,0.48899283335404603,-0.08282906431343716,-0.18206652607861143,-0.4044489123196484,0.1513312000469473,-0.15443039244501267,0.08013079885459734,0.13041117797836949,0.07201837806964745,-0.652208959107741,0.2534027450594919,0.021449949233945012,-0.048788368045422296,-0.34060157120202506,-0.20372894925339943,0.3550938082155199,0.461518208482765,0.49798757302648655,-0.09508742313618045,0.22041088155065167,-0.24681515156875722,-0.12070442460024512,0.12471524298169644,-0.2096322310286218,0.13611232286857997,-0.12173189270394857,0.08433358581233072,-0.2126002740972565,-0.3184414961578803,0.21862932410836003,-0.1779866898852917,0.36361154919848315,0.034757765104253706,0.3443433125106444,0.5843270108220775,0.07425019523716835,0.5683000602775645,0.0020414619042549895,0.008913334478387953,-0.6361833450425467,-0.33660758263827256,-0.14494720977845296
-0.9102608905601056,0.32919181363133593,0.1532910933098217,-1.1418788661155719,-0.7884121304946767,0.2620927410296042,-0.21847622535693148,0.9753399168058745,1.2822676738341379,0.07201837806964745,1.6095557943587324,0.283935013886818,0.29904321056012245,0.9320787426620392,0.27888853863581564,0.5412517994590097,1.5806963495566226,0.6877300698930601,1.391449022081208,0.644004546563055,-0.10867140140931453,0.2671903252039536,-1.3737219884370155,-0.42020296384120964,-0.8758215419498889,-0.3585870403600822,-0.04782948679314292,1.0608307269550794,0.07329477739431407,0.9497058088875739,-0.18967241628437362,-0.9445262185104996,-0.6054616438520939,1.5727433813137437,-0.8195439023079913,-0.6070863907277199,-0.3581129232643989,1.0406095095008165,0.5657375501263341,-0.3008663875832089,1.2916229820188967,0.27491612791829545,-0.23216131257059888,-0.4464033039983195
3.00267909483256,1.21551196147086,-2.735069538953087,0.6656311175842242,0.949159745215442,2.8175631258885985,-1.0924491984365783,0.3332639100693583,-0.7291803016162955,-0.652208959107741,0.283935013886818,4.209193836756831,-1.4898667212949337,-0.10121988092711863,0.7553066470171288,2.226985391525039,0.9749164835519029,-1.921539225241866,-1.63034742691593,-2.0449785161578764,1.2125856154272279,-0.9336838761391291,1.0906036083815787,0.04596418307013186,-1.0910085643832612,1.5127851763288218,-0.8241177581429657,0.9745209594551357,-0.40036829931296264,1.4509288777838307,1.651089195927048,-1.5119081936122731,0.9059637625494591,-2.723035859131243,-0.7576687149219675,-2.3910867809888705,-3.4496692796176074,-0.27996918733851495,-3.233213856730183,0.2255393479036735,-0.110232082895407,3.48505371295683,1.9298586911817295,0.5771435558563872
-1.3330886997720104,-0.35579953318579105,1.0399971348664574,-0.5680966638387317,-0.5589529082946326,-0.9879029646355145,0.35264531224595735,0.17699039414631218,0.6346015171838164,0.2534027450594919,0.29904321056012245,-1.4898667212949337,0.629948403421896,0.29195528172918356,-0.22684817596676088,-0.6823402356296248,0.08813216645709752,0.8863129391162996,0.9223719218178834,0.8803257068831647,-0.5114318492706279,0.39669287290970223,-0.758683811507106,-0.09585868982823154,0.18007218466902097,-0.6701121342162314,0.2911259622728523,-0.08111848972341147,0.16217580899585993,-0.2834761769356521,-0.6468624741369997,0.30881175605327466,-0.4918719332615486,1.465323032306667,0.08357676651851478,0.732384492920932,1.1706637550085994,0.38038382439400964,1.3383344539279283,-0.17867103821845012,0.3986356308017687,-1.1917314016910068,-0.7705618357745031,-0.31980382108693484
-0.6390096755127171,0.23507188352537034,0.14074577069694205,-1.045069452562215,-0.6106981002225712,-0.10841198019409144,-0.03680958341580046,1.0876780922723737,1.2064815951485157,0.021449949233945012,0.9320787426620392,-0.10121988092711863,0.29195528172918356,0.7507698609966619,-0.04463351758271316,0.25115669949225944,1.3761471336378543,0.5364382365806846,0.6197955623668323,0.12696649182299405,-0.4716850417932769,0.05678626554257091,-0.9665062574621333,0.005378345337481474,-0.49120088390573974,-0.4901635866676431,3.26704119170779e-4,0.6959732367516638,0.02340272493035026,0.6226040925402868,-0.09103348877405397,-0.6019594414547337,-0.4513083969828399,1.6797093380786083,-0.3540898784748542,-0.22354714008843557,-0.1714167456036756,0.7773017987683399,0.5112105832950604,-0.37881598179077247,1.0888812839413637,0.24595206625191288,-0.22629346601578287,-0.23880159002036744
0.3044342474846815,0.15532250755116728,-0.33925566918881717,0.2216852710926483,0.11845948148216513,0.5851169395274985,-0.23534675558728657,-0.24652136605216388,-0.2748019412895555,-0.048788368045422296,0.27888853863581564,0.7553066470171288,-0.22684817596676088,-0.04463351758271316,0.3023784684302494,0.39442575322559387,-0.027734505055054082,-0.23428050210000687,0.17622127320517675,0.06389834578350352,0.46433558959176163,0.013326012520922548,0.05956483763453467,-0.2654624942168289,-0.2743527392324625,0.35674489183217595,-0.1270210021712695,0.20826168506158887,-0.020027177358851806,0.25402402954873515,0.14792007379770317,-0.2752575322076868,0.09740314810284456,-0.7163357519866337,-0.31347789682595656,-0.47854961863776313,-0.4877876315899442,-0.019179835603477087,-0.4440176473567152,0.15046878592911003,-0.09895207738436793,0.37681472378835273,0.2661172148834026,-0.01717307875830807
1.3495260801572548,0.7490861109250325,-1.4115299096041578,-0.06499047520125285,0.2604637089589077,1.4766679248052554,-0.6049064119248042,0.6137269933569315,0.0948506654969544,-0.34060157120202506,0.5412517994590097,2.226985391525039,-0.6823402356296248,0.25115669949225944,0.39442575322559387,1.3026933725377254,1.080837164286994,-0.8127658459797465,-0.6101412069918033,-1.0360622227511707,0.46907100698084964,-0.47386952568154866,0.18858769619281682,0.017794865825416267,-0.7912318143069312,0.6180376771307169,-0.44323519971279696,0.8108769576522918,-0.20457475733634456,1.0360015846281618,0.8476849221781796,-1.0608526722836906,0.30196469956553385,-0.7890722403867751,-0.5586580232848565,-1.3816766579382689,-1.9248991132820499,0.1674583673883338,-1.5293427837267708,-0.02939132531040748,0.3826351382927713,1.9703721980283424,0.9450893782471088,0.2096395768682865
-0.12944414352865194,0.8254521805399644,-0.6358805877937672,-1.831807035754559,-0.8124649331530622,0.5043501551904185,-0.3324325870528626,2.3739082120859347,2.1488626145887837,-0.20372894925339943,1.5806963495566226,0.9749164835519029,0.08813216645709752,1.3761471336378543,-0.027734505055054082,1.080837164286994,2.985428468097702,0.35373446962406074,0.25599294243165455,-0.7289918520796814,-0.7602458794904356,-0.32012621237521044,-1.3494817497116833,0.2752639188133064,-1.131123807367484,-0.5621308767060103,-0.24583208031056747,1.5174522735985854,-0.11540917734448586,1.550276639641689,0.42521525784630737,-1.519714173024336,-0.5190353748872867,2.546057275869046,-0.6954797501593611,-1.0247634612936665,-1.3879573911951,1.322338543874916,-0.07842543463665479,-0.7354192029370088,2.0437543996781007,1.6430015780865814,0.19076229595797903,-0.1678090455334123
-1.9391250784799545,-0.4231981135601848,1.4174101043737048,-0.9267511557982849,-0.874795892017098,-1.2526667885938718,0.4252786158209897,0.35878268013362685,1.0332118596757505,0.3550938082155199,0.6877300698930601,-1.921539225241866,0.8863129391162996,0.5364382365806846,-0.23428050210000687,-0.8127658459797465,0.35373446962406074,1.2977866722840685,1.5038911696095179,1.3201820325810578,-0.6645073056081169,0.5894767225548325,-1.2450730669297703,-0.2282618831452587,0.08399777630058285,-0.9347378197658032,0.37932789703415504,0.07169652128195571,0.232665771549283,-0.21846027473475477,-0.9033247772511638,0.2516857476347685,-0.7578071153462608,2.1688335257188336,-0.045875616121475865,0.8618733245364197,1.503443072029696,0.6782627991705747,1.8779536801014916,-0.2728656524754787,0.7307359751430869,-1.558440829866366,-1.0658686808443374,-0.5105186206595256
-2.355947815710534,-0.42430050803662744,1.57478142416526,-0.8597111201087941,-1.0392422544516773,-0.8920601376917878,0.25091133447301245,-0.07013670737135835,0.9045468257071007,0.461518208482765,1.391449022081208,-1.63034742691593,0.9223719218178834,0.6197955623668323,0.17622127320517675,-0.6101412069918033,0.25599294243165455,1.5038911696095179,2.531548798982718,2.1356021598735757,-0.12925259609870168,0.9262506409685379,-1.6535297010912056,-0.8214046942124714,-0.2655936010884118,-0.7345726673578409,0.36435805687291817,0.35313259295626964,0.321623556175338,-0.0015383548267492882,-1.1229143997801911,0.012606627758694804,-0.9240494846617832,1.8031090985124978,-0.5605706457735455,0.5339978843943185,1.5026540315956332,0.8804349296759587,2.0391734550071683,-0.0916520650077746,0.7659477664038834,-1.79519450019986,-1.1435195535543954,-0.779213825529604
-2.1846627735080473,-0.7034289615913902,1.741262912749445,-0.25688981120493354,-0.712930448793904,-1.1687422471892748,0.4151472843270604,-0.748756041362051,0.21169293832351624,0.49798757302648655,0.644004546563055,-2.0449785161578764,0.8803257068831647,0.12696649182299405,0.06389834578350352,-1.0360622227511707,-0.7289918520796814,1.3201820325810578,2.1356021598735757,2.138008959844127,-0.029712106115848534,0.9337431322997343,-1.0717067932772004,-0.7377360064448957,0.22245584898323673,-0.6017386661717105,0.4516039450536985,-0.24559390174428794,0.3337696491720258,-0.5921833114595155,-1.2005307357592516,0.5991600381867138,-0.6967344769825092,1.0443325501433478,-0.17081380603753207,0.9778191656779207,1.9712612105336627,0.36992739630764676,2.0143480342805793,0.10463883374132518,0.06031630170085532,-2.2798096048304757,-1.1834009901028226,-0.6412689572245986
0.8448541736327362,0.11918620754705446,-0.6166202602681813,0.8926061340444643,0.5194980035291419,0.9445159655055796,-0.33545190285138543,-0.9252559664331901,-1.0550839312053975,-0.09508742313618045,-0.10867140140931453,1.2125856154272279,-0.5114318492706279,-0.4716850417932769,0.46433558959176163,0.46907100698084964,-0.7602458794904356,-0.6645073056081169,-0.12925259609870168,-0.029712106115848534,0.9338014542260329,-0.03525334895088801,0.6335607947232553,-0.37228068619079036,-0.14366574974884708,0.8004350223097484,-0.19745590756094472,-0.06280915896413414,-0.05007678751704623,0.05292166786676198,0.29662455417115774,-0.0949273536390223,0.4021603771591049,-1.9770281491782782,-0.2646576390644523,-0.6051955316574642,-0.6720893631325897,-0.45439191990635275,-0.9755008252902466,0.420684221150112,-0.7306218688251225,0.4780454179321743,0.5414694681950875,0.11948721836644247
-0.9716973828311061,-0.3162320742175953,0.7797251122932503,-0.12247765163512302,-0.3173944242564873,-0.5411995470775106,0.19383063307277096,-0.3175582382063322,0.10445993274259545,0.22041088155065167,0.2671903252039536,-0.9336838761391291,0.39669287290970223,0.05678626554257091,0.013326012520922548,-0.47386952568154866,-0.32012621237521044,0.5894767225548325,0.9262506409685379,0.9337431322997343,-0.03525334895088801,0.40875009573589216,-0.47126054526023414,-0.3104082198699658,0.11172985538467692,-0.28047138302652086,0.20424311676804005,-0.11849032814193451,0.14710150040942768,-0.2730318184509396,-0.533535932570628,0.2769528228927526,-0.30922032824802076,0.49069615395387156,-0.05866681305166449,0.452303249618449,0.888120184626285,0.16174737342869427,0.9038392464243754,0.03916275958588605,0.029667221856416653,-1.0183211994907824,-0.5314451715092523,-0.27979049689571744
1.7509119878015793,0.037650620293620006,-0.9610101636727404,1.3977384356461182,1.0591336111076002,0.7012653203450452,-0.1610913424424541,-1.0166874162297979,-1.5789614561036112,-0.24681515156875722,-1.3737219884370155,1.0906036083815787,-0.758683811507106,-0.9665062574621333,0.05956483763453467,0.18858769619281682,-1.3494817497116833,-1.2450730669297703,-1.6535297010912056,-1.0717067932772004,0.6335607947232553,-0.47126054526023414,1.6378188598996788,0.2836098902922959,0.4667030441100577,0.891626264409884,-0.20997219180882595,-0.7113408048780979,-0.1749542374284953,-0.4676331587834321,0.6457847872558313,0.4372547827852425,0.8573551073839741,-2.5593850003528624,0.46709160340587325,-0.20596051069154472,-0.6999295195192403,-1.1009318347745733,-1.5382258804931053,0.42875999613479526,-1.352006557615844,0.7313187871424343,0.8147477170211581,0.5639416150117618
0.4481159035357088,0.10387870501918738,-0.28415331749025363,-0.11076277874223309,0.12540181014051666,-0.09838998782156434,0.05616316078721861,0.45473780350543713,0.17026288944917234,-0.12070442460024512,-0.42020296384120964,0.04596418307013186,-0.09585868982823154,0.005378345337481474,-0.2654624942168289,0.017794865825416267,0.2752639188133064,-0.2282618831452587,-0.8214046942124714,-0.7377360064448957,-0.37228068619079036,-0.3104082198699658,0.2836098902922959,0.4520870015099391,0.14369064678334684,-0.10134129310348375,-0.04273593370898308,-0.07998610883271909,-0.09097667660640214,-0.006546419971912363,0.26533190219702485,0.021618726551605013,0.13950601851841457,0.26575041585422077,0.30367945640335126,0.06912141351912539,-0.24236899816480162,-0.09318209738839182,-0.2824022409599902,-0.16035258118588247,0.07511864376233579,0.43217348607814465,0.16248394910383812,0.2169384206434077
-0.23739849486175466,-0.46653882786632256,0.566672699005807,0.5003960379388883,0.20306055180467303,-0.7477931098023839,0.35106109313752243,-0.6875458438448607,-0.5736006784547647,0.12471524298169644,-0.8758215419498889,-1.0910085643832612,0.18007218466902097,-0.49120088390573974,-0.2743527392324625,-0.7912318143069312,-1.131123807367484,0.08399777630058285,-0.2655936010884118,0.22245584898323673,-0.14366574974884708,0.11172985538467692,0.4667030441100577,0.14369064678334684,0.6973882094344557,-0.11869650011766415,0.21510529712693627,-0.7844712974952881,0.06346537776467603,-0.840712443579256,-0.3047007306562999,0.8487477047670524,0.1094966458507624,-0.3106166096089057,0.5655690578456024,0.8487063790629654,0.9982056406144274,-0.4946264360069211,0.44933780039163707,0.1431556571886539,-0.6988684292486743,-0.992632219710878,-0.3252030004087714,0.08125396028375736
1.3170440712724585,0.2544633462796252,-0.9644163032697788,0.8903530487981237,0.6674751725749185,1.0697294372852535,-0.3716246530904535,-0.6559852765608837,-1.0255923344653424,-0.2096322310286218,-0.3585870403600822,1.5127851763288218,-0.6701121342162314,-0.4901635866676431,0.35674489183217595,0.6180376771307169,-0.5621308767060103,-0.9347378197658032,-0.7345726673578409,-0.6017386661717105,0.8004350223097484,-0.28047138302652086,0.891626264409884,-0.10134129310348375,-0.11869650011766415,0.8479519131794535,-0.2759643710649494,-0.06113134421516551,-0.1306036658795144,0.12983053378310747,0.5619697556786747,-0.16748132384576567,0.5529272908455453,-2.0287180423633,-0.12581136187972564,-0.7140005774735738,-1.0350570164136466,-0.5438293917251786,-1.362133785835198,0.34793443872885516,-0.7153700439865054,0.9539593913667331,0.7667762564120175,0.29034498716353707
-0.6043977748656006,-0.25136981275789255,0.5525425221721302,-0.09552331342082679,-0.17945500294608907,-0.5411420266300183,0.21044481489530337,-0.1264005115843078,0.09948270076269643,0.13611232286857997,-0.04782948679314292,-0.8241177581429657,0.2911259622728523,3.26704119170779e-4,-0.1270210021712695,-0.44323519971279696,-0.24583208031056747,0.37932789703415504,0.36435805687291817,0.4516039450536985,-0.19745590756094472,0.20424311676804005,-0.20997219180882595,-0.04273593370898308,0.21510529712693627,-0.2759643710649494,0.16456041070498958,-0.20218061294027195,0.08459496042536419,-0.29902535745475567,-0.34025217385323636,0.3093696900844574,-0.17624309737868724,0.4702390550475663,0.13453990633543556,0.4682170111182669,0.6971870527599053,0.042058798665166694,0.6405347744648064,-0.02258145822095493,-0.011542621285760326,-0.7200155461941501,-0.3837379012609285,-0.12286175311066119
0.060503707514966386,0.5169696868799554,-0.5069291793847985,-0.8130022324628958,-0.37084926957964864,0.6404958205508395,-0.32789592138090445,1.0362504076358752,0.9379789476292656,-0.12173189270394857,1.0608307269550794,0.9745209594551357,-0.08111848972341147,0.6959732367516638,0.20826168506158887,0.8108769576522918,1.5174522735985854,0.07169652128195571,0.35313259295626964,-0.24559390174428794,-0.06280915896413414,-0.11849032814193451,-0.7113408048780979,-0.07998610883271909,-0.7844712974952881,-0.06113134421516551,-0.20218061294027195,0.939223971278671,-0.06112318698148627,0.9740633593861323,0.2798013074170815,-0.9734467208428792,-0.2309872945777017,0.8609829885942888,-0.600423059973237,-0.8455359374376767,-1.000695136503361,0.6962027923158778,-0.2789137218191252,-0.2721010989150297,1.0042285808488636,1.040201151157223,0.24364823524620358,-0.12774624980046878
-0.37696709323669375,-0.1278336408144541,0.3107695452710668,-0.06099056337243846,-0.12430004648684743,-0.24404157671689142,0.08948850851929026,-0.09639350137819239,0.0591672797665585,0.08433358581233072,0.07329477739431407,-0.40036829931296264,0.16217580899585993,0.02340272493035026,-0.020027177358851806,-0.20457475733634456,-0.11540917734448586,0.232665771549283,0.321623556175338,0.3337696491720258,-0.05007678751704623,0.14710150040942768,-0.1749542374284953,-0.09097667660640214,0.06346537776467603,-0.1306036658795144,0.08459496042536419,-0.06112318698148627,0.05523602011419625,-0.12049059752911853,-0.20552508838998287,0.12380563553455722,-0.1201135846564083,0.23473035762306724,0.004416918269442964,0.203768051530948,0.3627983295111323,0.05971885651937501,0.3642044913522052,0.002211514198359755,0.017779212192139005,-0.4007624125960481,-0.2144704858692927,-0.10001718596171105
0.5109689785202165,0.6457844302544568,-0.8610788760471298,-0.6678863701499266,-0.19681471784836274,0.9434990591475692,-0.4362838908078465,1.0502808232621712,0.7829193950115164,-0.2126002740972565,0.9497058088875739,1.4509288777838307,-0.2834761769356521,0.6226040925402868,0.25402402954873515,1.0360015846281618,1.550276639641689,-0.21846027473475477,-0.0015383548267492882,-0.5921833114595155,0.05292166786676198,-0.2730318184509396,-0.4676331587834321,-0.006546419971912363,-0.840712443579256,0.12983053378310747,-0.29902535745475567,0.9740633593861323,-0.12049059752911853,1.0796831505504134,0.5087345511932637,-1.0847190852042239,-0.07345996419107755,0.46216591102655113,-0.6079161958965085,-1.077143695117217,-1.39999043096934,0.5866175219076378,-0.7180208082107498,-0.24047513470627696,0.9123436023368123,1.4668085430256543,0.4983645299816336,-0.011804315382813315
1.4472923904835033,0.5071704384091067,-1.2178318609476975,0.27186628826842446,0.47851709160647427,1.0372906647351483,-0.386537706948142,0.2980327947143041,-0.27536098779914214,-0.3184414961578803,-0.18967241628437362,1.651089195927048,-0.6468624741369997,-0.09103348877405397,0.14792007379770317,0.8476849221781796,0.42521525784630737,-0.9033247772511638,-1.1229143997801911,-1.2005307357592516,0.29662455417115774,-0.533535932570628,0.6457847872558313,0.26533190219702485,-0.3047007306562999,0.5619697556786747,-0.34025217385323636,0.2798013074170815,-0.20552508838998287,0.5087345511932637,0.7872516728748401,-0.5252914995950293,0.4578532592912657,-1.024324509475552,-0.09880348078962853,-0.8649557770509302,-1.4467382741669188,-0.215658830022623,-1.4354852596546743,0.02643908229246845,-0.08088127750721484,1.5591301919911238,0.8478715213292113,0.3585250823608307
-0.55462167960737,-0.6536520572727311,0.8940226314995934,0.6285553599822603,0.17200144471045783,-0.9897283305558627,0.45271075098912095,-1.0117766843915157,-0.7359324914273206,0.21862932410836003,-0.9445262185104996,-1.5119081936122731,0.30881175605327466,-0.6019594414547337,-0.2752575322076868,-1.0608526722836906,-1.519714173024336,0.2516857476347685,0.012606627758694804,0.5991600381867138,-0.0949273536390223,0.2769528228927526,0.4372547827852425,0.021618726551605013,0.8487477047670524,-0.16748132384576567,0.3093696900844574,-0.9734467208428792,0.12380563553455722,-1.0847190852042239,-0.5252914995950293,1.091935973501319,0.053526724390752053,-0.3715748070174133,0.6199630702939872,1.108308278262473,1.4368424660988557,-0.5658547936177618,0.7677586348680473,0.22191834236168306,-0.8804050113960242,-1.4954193820211172,-0.5260613676282596,0.004942086237691
1.096106057053179,0.13627180431299094,-0.7075172608718044,0.7008520350618204,0.5774952173984701,0.5916253738278171,-0.1784255959911272,-0.42662811106120707,-0.7901173133218831,-0.1779866898852917,-0.6054616438520939,0.9059637625494591,-0.4918719332615486,-0.4513083969828399,0.09740314810284456,0.30196469956553385,-0.5190353748872867,-0.7578071153462608,-0.9240494846617832,-0.6967344769825092,0.4021603771591049,-0.30922032824802076,0.8573551073839741,0.13950601851841457,0.1094966458507624,0.5529272908455453,-0.17624309737868724,-0.2309872945777017,-0.1201135846564083,-0.07345996419107755,0.4578532592912657,0.053526724390752053,0.48181690487422446,-1.429688349948553,0.14424090548502275,-0.32520928686222866,-0.6572616359437616,-0.5317872727007068,-1.0198098902752277,0.2160876306521946,-0.6277684702191099,0.6766535351834712,0.5611217087115917,0.31638898574204394
-2.903237834166968,-0.1611673536010128,1.7722456291805673,-2.7184509840184505,-1.807323369694596,-1.990744856846887,0.6135320213825185,2.4233228759878,3.1411910093707647,0.36361154919848315,1.5727433813137437,-2.723035859131243,1.465323032306667,1.6797093380786083,-0.7163357519866337,-0.7890722403867751,2.546057275869046,2.1688335257188336,1.8031090985124978,1.0443325501433478,-1.9770281491782782,0.49069615395387156,-2.5593850003528624,0.26575041585422077,-0.3106166096089057,-2.0287180423633,0.4702390550475663,0.8609829885942888,0.23473035762306724,0.46216591102655113,-1.024324509475552,-0.3715748070174133,-1.429688349948553,5.419383003767383,-0.11648982113432446,1.0016803745487703,1.5569498457854756,1.7831024077857063,2.870477851828893,-1.050915942541247,2.4562635987280497,-1.2992662151155758,-1.5473593671925516,-0.725954112726591
0.03514821850443003,-0.28844932873077267,0.27673185263259736,0.3154175043675422,0.20566401318872782,-0.5769381369086833,0.2761630316567748,-0.2967104643010466,-0.3432437737722091,0.034757765104253706,-0.8195439023079913,-0.7576687149219675,0.08357676651851478,-0.3540898784748542,-0.31347789682595656,-0.5586580232848565,-0.6954797501593611,-0.045875616121475865,-0.5605706457735455,-0.17081380603753207,-0.2646576390644523,-0.05866681305166449,0.46709160340587325,0.30367945640335126,0.5655690578456024,-0.12581136187972564,0.13453990633543556,-0.600423059973237,0.004416918269442964,-0.6079161958965085,-0.09880348078962853,0.6199630702939872,0.14424090548502275,-0.11648982113432446,0.5420206690227499,0.6380132960145032,0.6055948537105476,-0.4009378509393393,0.19056963139911384,0.03397870367284919,-0.47402727024608654,-0.5180033270445961,-0.15788835788375122,0.1566328018547502
-1.4021610160663955,-0.7708803725379739,1.4707550790595476,-0.014388592186005205,-0.2926843373797866,-1.612928860110689,0.6589015371666522,-0.5054329295421564,0.004258159844747283,0.3443433125106444,-0.6070863907277199,-2.3910867809888705,0.732384492920932,-0.22354714008843557,-0.47854961863776313,-1.3816766579382689,-1.0247634612936665,0.8618733245364197,0.5339978843943185,0.9778191656779207,-0.6051955316574642,0.452303249618449,-0.20596051069154472,0.06912141351912539,0.8487063790629654,-0.7140005774735738,0.4682170111182669,-0.8455359374376767,0.203768051530948,-1.077143695117217,-0.8649557770509302,1.108308278262473,-0.32520928686222866,1.0016803745487703,0.6380132960145032,1.485689407013549,2.0121615525676892,-0.15078206339695693,1.6203728317904869,-0.022783564546951386,-0.33057500709409654,-2.019021393395805,-0.9980390468833018,-0.197627002534462
-2.457097529920324,-1.1259691246332977,2.3309752476742194,-0.1458396789213925,-0.6322715416876904,-2.2374368809891476,0.8857619764705996,-0.8438606117641682,0.11848084366643281,0.5843270108220775,-0.3581129232643989,-3.4496692796176074,1.1706637550085994,-0.1714167456036756,-0.4877876315899442,-1.9248991132820499,-1.3879573911951,1.503443072029696,1.5026540315956332,1.9712612105336627,-0.6720893631325897,0.888120184626285,-0.6999295195192403,-0.24236899816480162,0.9982056406144274,-1.0350570164136466,0.6971870527599053,-1.000695136503361,0.3627983295111323,-1.39999043096934,-1.4467382741669188,1.4368424660988557,-0.6572616359437616,1.5569498457854756,0.6055948537105476,2.0121615525676892,3.0055886699675143,0.011631999427431471,2.6160762525515495,0.013282903350384002,-0.30857668448263753,-3.144076169340221,-1.5849657514972613,-0.4922657312267934
-0.8737135909231184,0.17219323344574414,0.31416206946706515,-1.0799143263126416,-0.694440442432625,-0.20161238759821767,-0.007150998152046973,1.0113444114501615,1.2370063624669032,0.07425019523716835,1.0406095095008165,-0.27996918733851495,0.38038382439400964,0.7773017987683399,-0.019179835603477087,0.1674583673883338,1.322338543874916,0.6782627991705747,0.8804349296759587,0.36992739630764676,-0.45439191990635275,0.16174737342869427,-1.1009318347745733,-0.09318209738839182,-0.4946264360069211,-0.5438293917251786,0.042058798665166694,0.6962027923158778,0.05971885651937501,0.5866175219076378,-0.215658830022623,-0.5658547936177618,-0.5317872727007068,1.7831024077857063,-0.4009378509393393,-0.15078206339695693,0.011631999427431471,0.8333333909966044,0.7159186045183207,-0.3655294809063849,1.1117621740746666,0.02367206983653876,-0.34441635226637557,-0.3157788827228372
-2.868783105666442,-0.8299865450606189,2.2865984872963816,-1.045804987358841,-1.1366932211309277,-2.11616408778359,0.7642165129449867,0.13310148172108116,1.155846043149424,0.5683000602775645,0.5657375501263341,-3.233213856730183,1.3383344539279283,0.5112105832950604,-0.4440176473567152,-1.5293427837267708,-0.07842543463665479,1.8779536801014916,2.0391734550071683,2.0143480342805793,-0.9755008252902466,0.9038392464243754,-1.5382258804931053,-0.2824022409599902,0.44933780039163707,-1.362133785835198,0.6405347744648064,-0.2789137218191252,0.3642044913522052,-0.7180208082107498,-1.4354852596546743,0.7677586348680473,-1.0198098902752277,2.870477851828893,0.19056963139911384,1.6203728317904869,2.6160762525515495,0.7159186045183207,2.8752260889920653,-0.3012199316717466,0.6770129879286904,-2.703797070758685,-1.6663501957611153,-0.6920915004070873
0.29526152754191937,-0.09786788294397798,-0.09401021381067902,0.5872466360769597,0.3018626219445615,0.2166511674314418,-0.05117564446465913,-0.6849131714208907,-0.6918046674845895,0.0020414619042549895,-0.3008663875832089,0.2255393479036735,-0.17867103821845012,-0.37881598179077247,0.15046878592911003,-0.02939132531040748,-0.7354192029370088,-0.2728656524754787,-0.0916520650077746,0.10463883374132518,0.420684221150112,0.03916275958588605,0.42875999613479526,-0.16035258118588247,0.1431556571886539,0.34793443872885516,-0.02258145822095493,-0.2721010989150297,0.002211514198359755,-0.24047513470627696,0.02643908229246845,0.22191834236168306,0.2160876306521946,-1.050915942541247,0.03397870367284919,-0.022783564546951386,0.013282903350384002,-0.3655294809063849,-0.3012199316717466,0.2550151004842822,-0.5717088773582241,-0.11609063037926184,0.14272683405258402,0.0680950560845644
-0.8391228203235074,0.36489473522333815,0.14281680178510178,-1.5270985044749756,-0.8604657082813024,-0.15190906852508834,-0.05281198838637918,1.6473084480994016,1.7699523288805759,0.008913334478387953,1.2916229820188967,-0.110232082895407,0.3986356308017687,1.0888812839413637,-0.09895207738436793,0.3826351382927713,2.0437543996781007,0.7307359751430869,0.7659477664038834,0.06031630170085532,-0.7306218688251225,0.029667221856416653,-1.352006557615844,0.07511864376233579,-0.6988684292486743,-0.7153700439865054,-0.011542621285760326,1.0042285808488636,0.017779212192139005,0.9123436023368123,-0.08088127750721484,-0.8804050113960242,-0.6277684702191099,2.4562635987280497,-0.47402727024608654,-0.33057500709409654,-0.30857668448263753,1.1117621740746666,0.6770129879286904,-0.5717088773582241,1.5897402622514996,0.4453936304510147,-0.2904514739646252,-0.31007930609455536
2.6007968578280454,1.1995693459742789,-2.4526995290923383,0.0028264325135621917,0.6310106643399634,2.2033531267169426,-0.8727484750614791,1.1416889666908943,0.06569055858005342,-0.6361833450425467,0.27491612791829545,3.48505371295683,-1.1917314016910068,0.24595206625191288,0.37681472378835273,1.9703721980283424,1.6430015780865814,-1.558440829866366,-1.79519450019986,-2.2798096048304757,0.4780454179321743,-1.0183211994907824,0.7313187871424343,0.43217348607814465,-0.992632219710878,0.9539593913667331,-0.7200155461941501,1.040201151157223,-0.4007624125960481,1.4668085430256543,1.5591301919911238,-1.4954193820211172,0.6766535351834712,-1.2992662151155758,-0.5180033270445961,-2.019021393395805,-3.144076169340221,0.02367206983653876,-2.703797070758685,-0.11609063037926184,0.4453936304510147,3.370248971902957,1.6426366193266928,0.5632135530343761
1.6462041235400389,0.5219197793968202,-1.3529345531370593,0.5176064464390424,0.6146373052640031,1.260684381241067,-0.463830576358795,0.029498262913420222,-0.5670203302082686,-0.33660758263827256,-0.23216131257059888,1.9298586911817295,-0.7705618357745031,-0.22629346601578287,0.2661172148834026,0.9450893782471088,0.19076229595797903,-1.0658686808443374,-1.1435195535543954,-1.1834009901028226,0.5414694681950875,-0.5314451715092523,0.8147477170211581,0.16248394910383812,-0.3252030004087714,0.7667762564120175,-0.3837379012609285,0.24364823524620358,-0.2144704858692927,0.4983645299816336,0.8478715213292113,-0.5260613676282596,0.5611217087115917,-1.5473593671925516,-0.15788835788375122,-0.9980390468833018,-1.5849657514972613,-0.34441635226637557,-1.6663501957611153,0.14272683405258402,-0.2904514739646252,1.6426366193266928,0.9735616838771594,0.3862152656769343
0.7801286636606249,0.12902071911006358,-0.5178496404936739,0.3487199780606194,0.3635057225607225,0.3378326677044971,-0.09839968373246022,-0.07539117339209415,-0.37825867701555144,-0.14494720977845296,-0.4464033039983195,0.5771435558563872,-0.31980382108693484,-0.23880159002036744,-0.01717307875830807,0.2096395768682865,-0.1678090455334123,-0.5105186206595256,-0.779213825529604,-0.6412689572245986,0.11948721836644247,-0.27979049689571744,0.5639416150117618,0.2169384206434077,0.08125396028375736,0.29034498716353707,-0.12286175311066119,-0.12774624980046878,-0.10001718596171105,-0.011804315382813315,0.3585250823608307,0.004942086237691,0.31638898574204394,-0.725954112726591,0.1566328018547502,-0.197627002534462,-0.4922657312267934,-0.3157788827228372,-0.6920915004070873,0.0680950560845644,-0.31007930609455536,0.5632135530343761,0.3862152656769343,0.24713511736992982
