V1,V2,V3,V4,V5,V6,V7,V8,V9,V10,V11,V12,V13,V14,V15,V16,V17,V18,V19,V20,V21,V22,V23,V24,V25,V26,V27,V28,V29,V30,V31,V32,V33,V34,V35,V36,V37,V38,V39,V40,V41,V42,V43,V44
141.33181510471061,-30.904374051392256,155.0761376549139,-86.34125671552167,76.45467629543712,73.46842002078559,57.53964037229053,26.395704284568993,157.96555214115236,-291.30894971592295,250.10689129563127,-63.90374576367384,-114.28689538564278,260.52655282827783,-16.30047929145219,45.47373710207543,-212.043517988844,-52.4003137543415,-14.21196126343889,-155.20883773127878,101.36511703332678,-139.26670857497174,-69.39976531739015,205.45666514570985,-7.734965575930024,-281.67345644548396,-3.0340432582285666,120.94927577961359,38.00688090311618,118.96477893615798,100.4680761490571,30.68243666827911,236.65032864050468,25.64259074578582,-80.60735664045836,-209.17672431304914,66.06482515082023,-12.488322263774009,-104.42653287969016,111.49007549638303,-122.91317256918913,39.52411333863404,-402.5391538908266,134.15801509760092
-30.904374051392256,6.879761823100304,-34.280314443184515,18.835598482387727,-16.655319371504838,-15.930278930836089,-12.642424699093727,-5.786053978356,-34.68256618554042,63.831268481439544,-54.95201222344652,14.237541127633525,25.301510772235595,-57.28255439457708,3.490987226890955,-9.996427483474664,46.35375170529146,11.260491923842862,2.990284152882327,33.765175128204675,-22.184163028104425,30.305952735612994,15.179656615075533,-45.1025963128638,1.5713569532531668,61.693127454278006,0.6246611743965383,-26.478129218538914,-8.342528961061022,-26.170796988333546,-21.884785137592182,-6.742636183206037,-51.819859785341706,-5.810350360283442,17.463119357742194,45.5406961952337,-14.686880398224728,2.7183798406322635,22.953661594008782,-24.28501191537968,26.564489201534418,-8.617904385856852,88.56182740949222,-29.554094445671844
155.0761376549139,-34.280314443184515,171.3296194762291,-94.78439506446634,83.77377847998743,80.26137574976181,63.38833387613962,29.019138768009654,173.88998631098005,-320.24835645223635,275.3492063454992,-70.99523565422291,-126.1781967147797,286.9127238477247,-17.76042507759811,49.97716367436325,-232.90365297056408,-56.99328723278351,-15.22475315469144,-169.96059009446736,111.33351825200356,-152.57678463016848,-76.31902101588113,226.06633142051348,-8.184821211389425,-309.7002087550925,-3.2048785648690736,132.89735282537958,41.841437808296575,130.98506447121946,110.07488726513115,33.83232267211497,260.0516593596148,28.78559395432755,-88.14677147468122,-229.20101479381375,73.28190759162673,-13.655411172506854,-114.81423853955302,122.23082525224106,-134.25854123410173,43.19170952687346,-443.5001522356048,147.82774236443768
-86.34125671552167,18.835598482387727,-94.78439506446634,53.479467509525485,-47.02249874099417,-45.16142693531784,-35.40173266052531,-16.173421906527505,-96.98196184171684,178.73865657312476,-153.1795768463518,39.237998804850555,69.03562164011976,-159.41811112096624,10.371737196938165,-27.443232315132928,130.6447685548618,32.473898733595014,8.67318416950781,95.61881019197519,-62.12392335740681,85.98100788527967,43.0171082024963,-125.81790105739034,5.018258313766789,173.3389776511335,1.8415057205910415,-74.24366197644245,-23.375636197326653,-72.51153829704548,-61.773460639403986,-18.988750234620348,-145.20418944807213,-15.71648140054913,50.079065134110905,128.9981606877032,-40.51194118228789,7.596785345748892,63.233741314290945,-68.87561727926088,76.55970928547295,-23.752251226569825,246.39607886302235,-81.71482830414463
76.45467629543712,-16.655319371504838,83.77377847998743,-47.02249874099417,41.51070272937139,39.906281036884415,31.20672887866325,14.293327172894857,85.59721259942556,-157.85458865426412,135.35994673394066,-34.55417431206088,-61.39164020030942,140.92549543521523,-9.013615520981624,24.442624418701303,-115.16288738724576,-28.606891229530166,-7.7275032584945365,-84.35150540906285,54.90881509127634,-75.75887834119672,-37.794087032522874,111.20292671489956,-4.34744931089762,-152.85207265577907,-1.6506468700477634,65.56222193655107,20.612426567461785,64.23017908722161,54.54147727139993,16.685409437392625,128.249779460227,13.81844744648951,-44.005597640956005,-113.72265718693953,35.71264459920821,-6.746796295387465,-56.21796070895475,60.65823729430393,-67.20511323055958,21.229313489878656,-217.7564763283954,72.39502274095113
73.46842002078559,-15.930278930836089,80.26137574976181,-45.16142693531784,39.906281036884415,38.413843064881966,29.931030801322137,13.722688246500873,82.12919537319573,-151.5484142751129,129.87695377144465,-33.02145770925402,-58.84986372572331,135.20143499506742,-8.678679004215937,23.477696903495154,-110.59344506642867,-27.583324023268805,-7.5005543353661714,-81.11069817110078,52.737033905028404,-72.8299971520438,-36.270626050144486,106.7244188481156,-4.233883952931116,-146.72711334087847,-1.6115038961426744,62.95610992917348,19.77630904978434,61.63255133436398,52.43682992246536,15.99526851794797,123.14837820412762,13.145080000011346,-42.331366393143064,-109.32116824602501,34.15314598659544,-6.493829894070692,-53.98528025352116,58.294375166889175,-64.67532434612471,20.443686063813395,-208.87059947540712,69.44453505115958
57.53964037229053,-12.642424699093727,63.38833387613962,-35.40173266052531,31.20672887866325,29.931030801322137,23.55935723548964,10.773542095287949,64.58295737723043,-118.97717572753409,102.1380425876948,-26.25970002729299,-46.429026190694636,106.36482486980972,-6.74679219003478,18.41915271408211,-86.73961444862677,-21.38328765474182,-5.708121484461256,-63.38271597032118,41.35599869093731,-56.94761119724682,-28.49254443174242,83.87323784825236,-3.1840571744757615,-115.21917522733337,-1.2060904931350966,49.39548637181905,15.553090924267226,48.47056824626156,41.000100289938025,12.605562669520742,96.6321936637705,10.588098303773794,-33.03092307578987,-85.49388821580602,27.10721395774088,-5.063990861496993,-42.37714925279452,45.621041935920196,-50.40093770339025,15.926304145714251,-164.4091497236688,54.66515790192513
26.395704284568993,-5.786053978356,29.019138768009654,-16.173421906527505,14.293327172894857,13.722688246500873,10.773542095287949,4.935409553289439,29.557908415952955,-54.48231852839324,46.77705126843959,-11.98737951082376,-21.33067992155868,48.721226204183466,-3.06449870457802,8.475281668872617,-39.68220603165391,-9.792643169627821,-2.6365882910566976,-29.022002480384486,18.94871201840721,-26.056090403191757,-13.008003183335779,38.41942197299373,-1.4493176850352307,-52.714583591860084,-0.5601210964986102,22.61959418724397,7.114612114164466,22.228551224955986,18.781308908264176,5.7534322703319445,44.254968480361896,4.8219377790072215,-15.093315127658698,-39.127941365378746,12.384337965570722,-2.3282495553679774,-19.478270638450216,20.865670196730893,-23.020444852218517,7.348885379230791,-75.29267114121623,25.06887531037919
157.96555214115236,-34.68256618554042,173.88998631098005,-96.98196184171684,85.59721259942556,82.12919537319573,64.58295737723043,29.557908415952955,177.1123424506476,-326.35549305636897,280.202676605498,-71.94786533208247,-127.6021995166165,291.82861065093243,-18.420395744839617,50.65205667750049,-237.79870220770056,-58.62701611227766,-15.7112805380692,-173.81984451347483,113.46980736695897,-156.114104225195,-78.03239280310248,230.11260920158873,-8.690495154263848,-315.9009759660036,-3.3272336706457573,135.49020360188453,42.64083134479361,133.06800583365032,112.46545114341411,34.52165767779434,265.0733981318014,28.988026280549295,-90.47950632427519,-234.40653273908887,74.29569033553224,-13.916208201366475,-116.47193583548989,125.04346107538161,-138.0210246114673,43.849912870344994,-451.04095416457346,150.0788097860178
-291.30894971592295,63.831268481439544,-320.24835645223635,178.73865657312476,-157.85458865426412,-151.5484142751129,-118.97717572753409,-54.48231852839324,-326.35549305636897,601.5254415255623,-516.3508366304451,132.34075462240457,235.1332941664235,-537.7595683994086,33.962728438976306,-93.42204234610905,438.3071122944633,108.23893955395924,29.107247313521473,320.56910347727734,-209.18826224489328,287.8656234286061,143.76295891729208,-424.09328734628474,16.09861832471267,582.1762089489889,6.181907216083653,-249.75015478430652,-78.56580746898429,-245.2531678679592,-207.41021023415274,-63.57218878127162,-488.6112156961152,-53.217575592555804,166.85920248522262,432.2385745765736,-136.70690483141638,25.68437063389481,214.77598378944106,-230.53684702250672,254.5632181710726,-80.97764435871572,831.0651106885161,-276.5711337005446
250.10689129563127,-54.95201222344652,275.3492063454992,-153.1795768463518,135.35994673394066,129.87695377144465,102.1380425876948,46.77705126843959,280.202676605498,-516.3508366304451,443.48925263229984,-113.85315712207277,-202.46785474867542,461.9671745724627,-28.94817547659147,80.3734301304946,-375.9533651686606,-92.56555442289017,-24.8637275826009,-274.7850474251281,179.56041870747666,-246.70444787116836,-123.23981293119135,364.21163024142925,-13.596434435727911,-499.5505316142732,-5.26858476984419,214.34914874302112,67.43927510146035,210.79145066912025,177.8568127160878,54.54071111018056,419.3857346834077,45.89981486960235,-142.8163131476843,-370.5038365725432,117.59033011464196,-22.047880675940632,-184.70747744873162,197.58600354272784,-217.75027114407874,69.62073484589735,-713.9698806284143,237.77252745166166
-63.90374576367384,14.237541127633525,-70.99523565422291,39.237998804850555,-34.55417431206088,-33.02145770925402,-26.25970002729299,-11.98737951082376,-71.94786533208247,132.34075462240457,-113.85315712207277,29.58698752566797,52.074548230726236,-118.63246088038126,7.370376189308298,-20.545698095508463,96.30044826665349,23.424594020667826,6.151266653787732,70.10448079798887,-45.95908381901952,62.99914222581869,31.643948841911314,-93.43082688287288,3.339335521092282,128.11091015126368,1.2774432623967185,-54.90448758352052,-17.322312928723715,-54.086795906746765,-45.39473249104921,-14.050528213728901,-107.43015804008431,-12.08582863382271,36.41233503722806,94.616008800341,-30.49111731612649,5.604343586569529,47.26308766715798,-50.50694366676132,55.45541635403252,-17.65277787633197,183.45843486629468,-61.0661214330414
-114.28689538564278,25.301510772235595,-126.1781967147797,69.03562164011976,-61.39164020030942,-58.84986372572331,-46.429026190694636,-21.33067992155868,-127.6021995166165,235.1332941664235,-202.46785474867542,52.074548230726236,93.84431077523888,-211.12640797982598,12.63180762674488,-37.20678935229544,170.4047803401003,41.50073287940185,11.24375647971025,124.37386878644007,-81.82616922459373,111.4445712549069,55.54852153591946,-166.2506127297125,5.712848657424535,226.8141726640536,2.3799369453573633,-97.54174740447161,-30.65580609548075,-96.70381163244646,-80.68392666325352,-24.654559808408084,-190.9357122987008,-21.138296728103477,64.03821543195133,167.57568286773014,-53.81283414826032,10.100679932978956,85.23688348171305,-89.2304771602608,97.32019463028665,-32.27597361794899,326.2593357059026,-109.20026056932132
260.52655282827783,-57.28255439457708,286.9127238477247,-159.41811112096624,140.92549543521523,135.20143499506742,106.36482486980972,48.721226204183466,291.82861065093243,-537.7595683994086,461.9671745724627,-118.63246088038126,-211.12640797982598,481.2520931984262,-30.0602681673928,83.79616162105005,-391.4147789480052,-96.2860837491793,-25.868812626643233,-286.0429149738021,187.01036951909646,-256.78197661642724,-128.26443901562916,379.37850178260055,-14.078298108954858,-520.1643267334753,-5.479486283331775,223.2239576790305,70.22974269439287,219.645391500525,185.17306290327508,56.778621744847435,436.7643261362827,47.85795745123279,-148.5729111617401,-385.66906411168003,122.5275440829912,-22.969036426396784,-192.5347161413205,205.6554271311922,-226.47493469060146,72.58462857991344,-743.774947638316,247.78077192323443
-16.30047929145219,3.490987226890955,-17.76042507759811,10.371737196938165,-9.013615520981624,-8.678679004215937,-6.74679219003478,-3.06449870457802,-18.420395744839617,33.962728438976306,-28.94817547659147,7.370376189308298,12.63180762674488,-30.0602681673928,2.1331410904287638,-5.041063270010714,25.057888097892675,6.3733053879553765,1.6818232866431084,18.403477426586125,-11.790456872207882,16.60878652347973,8.337267099886551,-23.787786282763065,1.0990220447007595,33.12703788343218,0.35915120630322744,-14.128538286807835,-4.455366383668127,-13.56757527014066,-11.835663403118534,-3.6572575451251446,-27.605683799503936,-2.9026398100995654,9.813956799269796,24.85941757196473,-7.604054304938158,1.4278641493855864,11.692239289696303,-13.310030167817658,15.097221323622499,-4.355947677512969,46.466732668184925,-15.252702443035952
45.47373710207543,-9.996427483474664,49.97716367436325,-27.443232315132928,24.442624418701303,23.477696903495154,18.41915271408211,8.475281668872617,50.65205667750049,-93.42204234610905,80.3734301304946,-20.545698095508463,-37.20678935229544,83.79616162105005,-5.041063270010714,14.796109837199216,-67.73150809833841,-16.599841303233667,-4.545432368151934,-49.53560263905162,32.53202726116416,-44.36780887420737,-22.055441379909713,66.02104971330637,-2.3251214867951333,-90.0963006516476,-0.971249197631871,38.76705812435749,12.167345412713921,38.393951330693476,32.12626657394818,9.772232660849596,75.88250091038024,8.28381487650306,-25.519597566281078,-66.711312027797,21.25482571266321,-4.028854142532179,-33.8825531779911,35.506509835391135,-38.80767809369428,12.885262142539071,-129.4535656482223,43.33461493078043
-212.043517988844,46.35375170529146,-232.90365297056408,130.6447685548618,-115.16288738724576,-110.59344506642867,-86.73961444862677,-39.68220603165391,-237.79870220770056,438.3071122944633,-375.9533651686606,96.30044826665349,170.4047803401003,-391.4147789480052,25.057888097892675,-67.73150809833841,319.824883422953,79.23737320872885,21.255479676577256,234.01328805316965,-152.39446943977393,210.26273301706757,105.07613468575795,-308.7951674271237,12.000413990554708,424.58403846493746,4.516036567863064,-182.02109883305272,-57.27771922880154,-178.3028563612813,-151.3052560866137,-46.42415453035868,-356.0551142787191,-38.642576726315035,122.14584284475983,315.6003067814552,-99.4612210816927,18.68101012642976,155.86511712579463,-168.40341109497956,186.52652024142012,-58.683647659011065,604.9210720210749,-201.00480456910083
-52.4003137543415,11.260491923842862,-56.99328723278351,32.473898733595014,-28.606891229530166,-27.583324023268805,-21.38328765474182,-9.792643169627821,-58.62701611227766,108.23893955395924,-92.56555442289017,23.424594020667826,41.50073287940185,-96.2860837491793,6.3733053879553765,-16.599841303233667,79.23737320872885,19.96239446045734,5.430247415043346,58.22911905190188,-37.66232274708357,52.33656670039204,26.06231369109264,-76.08748090013279,3.199384348955041,104.97738261368683,1.173093416410051,-44.99209597295269,-14.132456636466337,-43.79285089715557,-37.58611124826028,-11.462184934534735,-87.98081038460714,-9.245252954805748,30.573921228914006,78.49720123755432,-24.23427913059225,4.630601749320443,38.23980659157499,-41.88719994275946,46.81959179183387,-14.474157287109785,148.73603023030387,-49.29521723341756
-14.21196126343889,2.990284152882327,-15.22475315469144,8.67318416950781,-7.7275032584945365,-7.5005543353661714,-5.708121484461256,-2.6365882910566976,-15.7112805380692,29.107247313521473,-24.8637275826009,6.151266653787732,11.24375647971025,-25.868812626643233,1.6818232866431084,-4.545432368151934,21.255479676577256,5.430247415043346,1.5467502530068817,15.72075799424741,-10.160325876232974,14.083278693207216,6.929522904572543,-20.46486583957726,0.8744166577068094,28.133158852776102,0.34464989065229307,-12.106728516156783,-3.7787088327478817,-11.819587391983964,-10.156651362994104,-3.03407280601628,-23.67990755911915,-2.374505737337822,8.205543239476711,21.14345283782627,-6.39433938314695,1.2701446140481856,10.42488371435978,-11.248626959350846,12.560639341298051,-4.027513555968693,39.91063397200133,-13.293438956010162
-155.20883773127878,33.765175128204675,-169.96059009446736,95.61881019197519,-84.35150540906285,-81.11069817110078,-63.38271597032118,-29.022002480384486,-173.81984451347483,320.56910347727734,-274.7850474251281,70.10448079798887,124.37386878644007,-286.0429149738021,18.403477426586125,-49.53560263905162,234.01328805316965,58.22911905190188,15.72075799424741,171.45421298336143,-111.50164603148579,154.02360802303303,76.84707666342595,-225.7543939856977,8.922550174950395,310.5218052613671,3.360046521557893,-133.15686108745655,-41.867074769767,-130.30977152943916,-110.82936156894776,-33.911866983429576,-260.4594818420192,-27.998999722977583,89.5527668840605,231.16888500735772,-72.45492264027737,13.694459671007506,113.97581573319222,-123.32299987789423,136.82412382592463,-43.0257027096483,441.98804320290594,-146.84929068220893
101.36511703332678,-22.184163028104425,111.33351825200356,-62.12392335740681,54.90881509127634,52.737033905028404,41.35599869093731,18.94871201840721,113.46980736695897,-209.18826224489328,179.56041870747666,-45.95908381901952,-81.82616922459373,187.01036951909646,-11.790456872207882,32.53202726116416,-152.39446943977393,-37.66232274708357,-10.160325876232974,-111.50164603148579,72.76307021658059,-100.10328046990941,-49.953560594242944,147.48993138073715,-5.599640369768415,-202.40836551212934,-2.1627089897436265,86.85650379789236,27.31194277036303,85.31717453737721,72.14838481384007,22.084381606527085,169.92958921675833,18.459395395449057,-58.009221390321606,-150.31936777258213,47.48935139786038,-8.943963423122288,-74.76713294139441,80.1569613842296,-88.4940987669404,28.228157469643673,-288.9870010094273,96.2080132499362
-139.26670857497174,30.305952735612994,-152.57678463016848,85.98100788527967,-75.75887834119672,-72.8299971520438,-56.94761119724682,-26.056090403191757,-156.114104225195,287.8656234286061,-246.70444787116836,62.99914222581869,111.4445712549069,-256.78197661642724,16.60878652347973,-44.36780887420737,210.26273301706757,52.33656670039204,14.083278693207216,154.02360802303303,-100.10328046990941,138.41494523752013,69.11624838471404,-202.67361322970254,8.063196705404756,278.97293344516913,3.0050067600600547,-119.57701105435109,-37.613416998523846,-116.907878657674,-99.53551119666226,-30.498490378482515,-233.8831094390533,-25.169974992987388,80.54572763030656,207.7070873907193,-65.09262001492802,12.277606154959514,102.1411186231019,-110.84010497061125,123.10333241281211,-38.499255560971825,396.80387032280646,-131.73761536438195
-69.39976531739015,15.179656615075533,-76.31902101588113,43.0171082024963,-37.794087032522874,-36.270626050144486,-28.49254443174242,-13.008003183335779,-78.03239280310248,143.76295891729208,-123.23981293119135,31.643948841911314,55.54852153591946,-128.26443901562916,8.337267099886551,-22.055441379909713,105.07613468575795,26.06231369109264,6.929522904572543,76.84707666342595,-49.953560594242944,69.11624838471404,34.61751237811538,-101.21142829192137,4.010318895294537,139.44293828057224,1.4657719297423026,-59.70919457961796,-18.81012400827933,-58.32819911777575,-49.64842380357211,-15.290224827525062,-116.77852824475173,-12.707036161518253,40.24901398854164,103.69404240381562,-32.65692801237272,6.099780050843787,50.832137788397496,-55.37694192085958,61.52195667068008,-19.057982532394334,198.2691696177168,-65.74196257100414
205.45666514570985,-45.1025963128638,226.06633142051348,-125.81790105739034,111.20292671489956,106.7244188481156,83.87323784825236,38.41942197299373,230.11260920158873,-424.09328734628474,364.21163024142925,-93.43082688287288,-166.2506127297125,379.37850178260055,-23.787786282763065,66.02104971330637,-308.7951674271237,-76.08748090013279,-20.46486583957726,-225.7543939856977,147.48993138073715,-202.67361322970254,-101.21142829192137,299.11935554911355,-11.197217658961709,-410.28251229713845,-4.341576666328603,176.05767813993285,55.382516540450624,173.11406239282738,146.1167896145268,44.7824612013101,344.4646913995366,37.6353096072148,-117.34020095395746,-304.3766785195508,96.51045398718401,-18.11726080339958,-151.71599986419886,162.3120198878172,-178.92043754337993,57.21627547010302,-586.307627469969,195.26119923443832
-7.734965575930024,1.5713569532531668,-8.184821211389425,5.018258313766789,-4.34744931089762,-4.233883952931116,-3.1840571744757615,-1.4493176850352307,-8.690495154263848,16.09861832471267,-13.596434435727911,3.339335521092282,5.712848657424535,-14.078298108954858,1.0990220447007595,-2.3251214867951333,12.000413990554708,3.199384348955041,0.8744166577068094,8.922550174950395,-5.599640369768415,8.063196705404756,4.010318895294537,-11.197217658961709,0.6292342476634273,15.768563828955628,0.19475973962179158,-6.7160492243939265,-2.1080344025112985,-6.317789239441005,-5.709372453135848,-1.7362536875966335,-13.108739411113545,-1.2463096587951148,4.842938260269203,12.04021854618153,-3.4619327892569807,0.6831701447601206,5.415877069201493,-6.449088971880706,7.508884246597375,-2.0468496422901,21.73238848908563,-7.0687444174882215
-281.67345644548396,61.693127454278006,-309.7002087550925,173.3389776511335,-152.85207265577907,-146.72711334087847,-115.21917522733337,-52.714583591860084,-315.9009759660036,582.1762089489889,-499.5505316142732,128.11091015126368,226.8141726640536,-520.1643267334753,33.12703788343218,-90.0963006516476,424.58403846493746,104.97738261368683,28.133158852776102,310.5218052613671,-202.40836551212934,278.97293344516913,139.44293828057224,-410.28251229713845,15.768563828955628,563.8085441906327,5.967295997061648,-241.73851730788425,-76.07881439739666,-237.0298012824114,-200.82575434997005,-61.642740244140846,-472.8947869157978,-51.499521167313354,161.92138425456852,418.7838943018775,-132.2999143071933,24.81198964418557,207.28036306571883,-223.44540715173025,247.16642469887913,-78.02182691006873,803.9298504627213,-267.2580280873179
-3.0340432582285666,0.6246611743965383,-3.2048785648690736,1.8415057205910415,-1.6506468700477634,-1.6115038961426744,-1.2060904931350966,-0.5601210964986102,-3.3272336706457573,6.181907216083653,-5.26858476984419,1.2774432623967185,2.3799369453573633,-5.479486283331775,0.35915120630322744,-0.971249197631871,4.516036567863064,1.173093416410051,0.34464989065229307,3.360046521557893,-2.1627089897436265,3.0050067600600547,1.4657719297423026,-4.341576666328603,0.19475973962179158,5.967295997061648,0.07855102637862439,-2.57352071128351,-0.7994999937888166,-2.5079708562783036,-2.1699286127805215,-0.6384660522189031,-5.033359413177586,-0.4815470418845464,1.7535962803726146,4.512202079374724,-1.3329997039188837,0.273274432669373,2.2233026011860852,-2.3965509388451434,2.68773153856242,-0.8711119609214436,8.44559466486551,-2.817073221953597
120.94927577961359,-26.478129218538914,132.89735282537958,-74.24366197644245,65.56222193655107,62.95610992917348,49.39548637181905,22.61959418724397,135.49020360188453,-249.75015478430652,214.34914874302112,-54.90448758352052,-97.54174740447161,223.2239576790305,-14.128538286807835,38.76705812435749,-182.02109883305272,-44.99209597295269,-12.106728516156783,-133.15686108745655,86.85650379789236,-119.57701105435109,-59.70919457961796,176.05767813993285,-6.7160492243939265,-241.73851730788425,-2.57352071128351,103.70053975610992,32.61924166157032,101.7925047136956,86.14396705911415,26.39659808284486,202.87531997218952,22.059520906409897,-69.33679075634144,-179.53962419950844,56.719993413784934,-10.665174706279146,-89.13253746777603,95.76020820913236,-105.79980580549352,33.61274297844608,-344.96759740646183,114.78157861447895
38.00688090311618,-8.342528961061022,41.841437808296575,-23.375636197326653,20.612426567461785,19.77630904978434,15.553090924267226,7.114612114164466,42.64083134479361,-78.56580746898429,67.43927510146035,-17.322312928723715,-30.65580609548075,70.22974269439287,-4.455366383668127,12.167345412713921,-57.27771922880154,-14.132456636466337,-3.7787088327478817,-41.867074769767,27.31194277036303,-37.613416998523846,-18.81012400827933,55.382516540450624,-2.1080344025112985,-76.07881439739666,-0.7994999937888166,32.61924166157032,10.268901099196922,32.0070965741498,27.082326761917223,8.320427918674895,63.81307941056175,6.977601811492976,-21.81738286750629,-56.4673991695754,17.884881797371385,-3.346642563087777,-27.990667480816168,30.12934137170276,-33.292601172438076,10.527625367496737,-108.54899361374528,36.095015137255544
118.96477893615798,-26.170796988333546,130.98506447121946,-72.51153829704548,64.23017908722161,61.63255133436398,48.47056824626156,22.228551224955986,133.06800583365032,-245.2531678679592,210.79145066912025,-54.086795906746765,-96.70381163244646,219.645391500525,-13.56757527014066,38.393951330693476,-178.3028563612813,-43.79285089715557,-11.819587391983964,-130.30977152943916,85.31717453737721,-116.907878657674,-58.32819911777575,173.11406239282738,-6.317789239441005,-237.0298012824114,-2.5079708562783036,101.7925047136956,32.0070965741498,100.35717045151024,84.40391367247558,25.830690854330335,199.19274327057317,21.827938483625516,-67.52252290944516,-175.64357408511714,55.88397569736868,-10.501310593158667,-88.13309105804483,93.61366307682061,-102.85169689369161,33.29842528242461,-339.42962222157274,113.2336719365959
100.4680761490571,-21.884785137592182,110.07488726513115,-61.773460639403986,54.54147727139993,52.43682992246536,41.000100289938025,18.781308908264176,112.46545114341411,-207.41021023415274,177.8568127160878,-45.39473249104921,-80.68392666325352,185.17306290327508,-11.835663403118534,32.12626657394818,-151.3052560866137,-37.58611124826028,-10.156651362994104,-110.82936156894776,72.14838481384007,-99.53551119666226,-49.64842380357211,146.1167896145268,-5.709372453135848,-200.82575434997005,-2.1699286127805215,86.14396705911415,27.082326761917223,84.40391367247558,71.66477770962486,21.919576391303536,168.5124253366653,18.151652044095293,-57.81039000867922,-149.4150920370432,46.9194543034149,-8.867461238808007,-73.88527212233114,79.69292462208777,-88.28494733564649,27.907553717048316,-286.12304151860025,95.1327709933789
30.68243666827911,-6.742636183206037,33.83232267211497,-18.988750234620348,16.685409437392625,15.99526851794797,12.605562669520742,5.7534322703319445,34.52165767779434,-63.57218878127162,54.54071111018056,-14.050528213728901,-24.654559808408084,56.778621744847435,-3.6572575451251446,9.772232660849596,-46.42415453035868,-11.462184934534735,-3.03407280601628,-33.911866983429576,22.084381606527085,-30.498490378482515,-15.290224827525062,44.7824612013101,-1.7362536875966335,-61.642740244140846,-0.6384660522189031,26.39659808284486,8.320427918674895,25.830690854330335,21.919576391303536,6.7624781991888225,51.63098444237692,5.666931391291224,-17.733357178004116,-45.764322568421875,14.494076352929232,-2.6947058102698813,-22.516550676584334,24.440196504135958,-27.085679073347183,8.429352701996411,-87.77866450842004,29.12511966425664
236.65032864050468,-51.819859785341706,260.0516593596148,-145.20418944807213,128.249779460227,123.14837820412762,96.6321936637705,44.254968480361896,265.0733981318014,-488.6112156961152,419.3857346834077,-107.43015804008431,-190.9357122987008,436.7643261362827,-27.605683799503936,75.88250091038024,-356.0551142787191,-87.98081038460714,-23.67990755911915,-260.4594818420192,169.92958921675833,-233.8831094390533,-116.77852824475173,344.4646913995366,-13.108739411113545,-472.8947869157978,-5.033359413177586,202.87531997218952,63.81307941056175,199.19274327057317,168.5124253366653,51.63098444237692,396.902534590887,43.1726635629131,-135.58668339702453,-351.17780512343325,110.98450315709223,-20.869300296438254,-174.45058414995754,187.29746286967938,-206.8691663201873,65.7963551672773,-674.967846060099,224.61782255242838
25.64259074578582,-5.810350360283442,28.78559395432755,-15.71648140054913,13.81844744648951,13.145080000011346,10.588098303773794,4.8219377790072215,28.988026280549295,-53.217575592555804,45.89981486960235,-12.08582863382271,-21.138296728103477,47.85795745123279,-2.9026398100995654,8.28381487650306,-38.642576726315035,-9.245252954805748,-2.374505737337822,-27.998999722977583,18.459395395449057,-25.169974992987388,-12.707036161518253,37.6353096072148,-1.2463096587951148,-51.499521167313354,-0.4815470418845464,22.059520906409897,6.977601811492976,21.827938483625516,18.151652044095293,5.666931391291224,43.1726635629131,5.01304792282278,-14.48826206341005,-37.81836101450477,12.429445218629251,-2.238495171897261,-19.055860760935293,20.198650970726824,-22.015585758988816,7.060220363388746,-74.05406678339722,24.676959196021112
-80.60735664045836,17.463119357742194,-88.14677147468122,50.079065134110905,-44.005597640956005,-42.331366393143064,-33.03092307578987,-15.093315127658698,-90.47950632427519,166.85920248522262,-142.8163131476843,36.41233503722806,64.03821543195133,-148.5729111617401,9.813956799269796,-25.519597566281078,122.14584284475983,30.573921228914006,8.205543239476711,89.5527668840605,-58.009221390321606,80.54572763030656,40.24901398854164,-117.34020095395746,4.842938260269203,161.92138425456852,1.7535962803726146,-69.33679075634144,-21.81738286750629,-67.52252290944516,-57.81039000867922,-17.733357178004116,-135.58668339702453,-14.48826206341005,47.03271674389242,120.80025155194882,-37.61717156165617,7.099464377852256,58.83651847021454,-64.50498357798678,71.9918431678963,-22.138843090255374,229.59355952041378,-76.044454265696
-209.17672431304914,45.5406961952337,-229.20101479381375,128.9981606877032,-113.72265718693953,-109.32116824602501,-85.49388821580602,-39.127941365378746,-234.40653273908887,432.2385745765736,-370.5038365725432,94.616008800341,167.57568286773014,-385.66906411168003,24.85941757196473,-66.711312027797,315.6003067814552,78.49720123755432,21.14345283782627,231.16888500735772,-150.31936777258213,207.7070873907193,103.69404240381562,-304.3766785195508,12.04021854618153,418.7838943018775,4.512202079374724,-179.53962419950844,-56.4673991695754,-175.64357408511714,-149.4150920370432,-45.764322568421875,-351.17780512343325,-37.81836101450477,120.80025155194882,311.72060864082175,-97.76574140850802,18.44496569204789,153.53718830561374,-166.32375661038543,184.5818680788401,-57.89837312956242,595.9645971765572,-197.94074702630869
66.06482515082023,-14.686880398224728,73.28190759162673,-40.51194118228789,35.71264459920821,34.15314598659544,27.10721395774088,12.384337965570722,74.29569033553224,-136.70690483141638,117.59033011464196,-30.49111731612649,-53.81283414826032,122.5275440829912,-7.604054304938158,21.25482571266321,-99.4612210816927,-24.23427913059225,-6.39433938314695,-72.45492264027737,47.48935139786038,-65.09262001492802,-32.65692801237272,96.51045398718401,-3.4619327892569807,-132.2999143071933,-1.3329997039188837,56.719993413784934,17.884881797371385,55.88397569736868,46.9194543034149,14.494076352929232,110.98450315709223,12.429445218629251,-37.61717156165617,-97.76574140850802,31.437182449612028,-5.800647358792955,-48.87596381851553,52.17401395678689,-57.29180828112739,18.29232786497337,-189.4583725979439,63.087854378811045
-12.488322263774009,2.7183798406322635,-13.655411172506854,7.596785345748892,-6.746796295387465,-6.493829894070692,-5.063990861496993,-2.3282495553679774,-13.916208201366475,25.68437063389481,-22.047880675940632,5.604343586569529,10.100679932978956,-22.969036426396784,1.4278641493855864,-4.028854142532179,18.68101012642976,4.630601749320443,1.2701446140481856,13.694459671007506,-8.943963423122288,12.277606154959514,6.099780050843787,-18.11726080339958,0.6831701447601206,24.81198964418557,0.273274432669373,-10.665174706279146,-3.346642563087777,-10.501310593158667,-8.867461238808007,-2.6947058102698813,-20.869300296438254,-2.238495171897261,7.099464377852256,18.44496569204789,-5.800647358792955,1.1068020733335668,9.241395610089949,-9.823482431150612,10.82332482628869,-3.515528482659559,35.478463671334055,-11.84020838223288
-104.42653287969016,22.953661594008782,-114.81423853955302,63.233741314290945,-56.21796070895475,-53.98528025352116,-42.37714925279452,-19.478270638450216,-116.47193583548989,214.77598378944106,-184.70747744873162,47.26308766715798,85.23688348171305,-192.5347161413205,11.692239289696303,-33.8825531779911,155.86511712579463,38.23980659157499,10.42488371435978,113.97581573319222,-74.76713294139441,102.1411186231019,50.832137788397496,-151.71599986419886,5.415877069201493,207.28036306571883,2.2233026011860852,-89.13253746777603,-27.990667480816168,-88.13309105804483,-73.88527212233114,-22.516550676584334,-174.45058414995754,-19.055860760935293,58.83651847021454,153.53718830561374,-48.87596381851553,9.241395610089949,77.65215797583474,-81.75579669756925,89.52670403682411,-29.471161587113127,297.4677610568725,-99.46074299964948
111.49007549638303,-24.28501191537968,122.23082525224106,-68.87561727926088,60.65823729430393,58.294375166889175,45.621041935920196,20.865670196730893,125.04346107538161,-230.53684702250672,197.58600354272784,-50.50694366676132,-89.2304771602608,205.6554271311922,-13.310030167817658,35.506509835391135,-168.40341109497956,-41.88719994275946,-11.248626959350846,-123.32299987789423,80.1569613842296,-110.84010497061125,-55.37694192085958,162.3120198878172,-6.449088971880706,-223.44540715173025,-2.3965509388451434,95.76020820913236,30.12934137170276,93.61366307682061,79.69292462208777,24.440196504135958,187.29746286967938,20.198650970726824,-64.50498357798678,-166.32375661038543,52.17401395678689,-9.823482431150612,-81.75579669756925,88.76764480419222,-98.58684597791859,30.786994309805465,-317.8166052921651,105.49401651175089
-122.91317256918913,26.564489201534418,-134.25854123410173,76.55970928547295,-67.20511323055958,-64.67532434612471,-50.40093770339025,-23.020444852218517,-138.0210246114673,254.5632181710726,-217.75027114407874,55.45541635403252,97.32019463028665,-226.47493469060146,15.097221323622499,-38.80767809369428,186.52652024142012,46.81959179183387,12.560639341298051,136.82412382592463,-88.4940987669404,123.10333241281211,61.52195667068008,-178.92043754337993,7.508884246597375,247.16642469887913,2.68773153856242,-105.79980580549352,-33.292601172438076,-102.85169689369161,-88.28494733564649,-27.085679073347183,-206.8691663201873,-22.015585758988816,71.9918431678963,184.5818680788401,-57.29180828112739,10.82332482628869,89.52670403682411,-98.58684597791859,110.27089650493063,-33.673021777382665,349.97248040352065,-115.79999653726028
39.52411333863404,-8.617904385856852,43.19170952687346,-23.752251226569825,21.229313489878656,20.443686063813395,15.926304145714251,7.348885379230791,43.849912870344994,-80.97764435871572,69.62073484589735,-17.65277787633197,-32.27597361794899,72.58462857991344,-4.355947677512969,12.885262142539071,-58.683647659011065,-14.474157287109785,-4.027513555968693,-43.0257027096483,28.228157469643673,-38.499255560971825,-19.057982532394334,57.21627547010302,-2.0468496422901,-78.02182691006873,-0.8711119609214436,33.61274297844608,10.527625367496737,33.29842528242461,27.907553717048316,8.429352701996411,65.7963551672773,7.060220363388746,-22.138843090255374,-57.89837312956242,18.29232786497337,-3.515528482659559,-29.471161587113127,30.786994309805465,-33.673021777382665,11.28429290698745,-112.08391556811179,37.56695366671475
-402.5391538908266,88.56182740949222,-443.5001522356048,246.39607886302235,-217.7564763283954,-208.87059947540712,-164.4091497236688,-75.29267114121623,-451.04095416457346,831.0651106885161,-713.9698806284143,183.45843486629468,326.2593357059026,-743.774947638316,46.466732668184925,-129.4535656482223,604.9210720210749,148.73603023030387,39.91063397200133,441.98804320290594,-288.9870010094273,396.80387032280646,198.2691696177168,-586.307627469969,21.73238848908563,803.9298504627213,8.44559466486551,-344.96759740646183,-108.54899361374528,-339.42962222157274,-286.12304151860025,-87.77866450842004,-674.967846060099,-74.05406678339722,229.59355952041378,595.9645971765572,-189.4583725979439,35.478463671334055,297.4677610568725,-317.8166052921651,349.97248040352065,-112.08391556811179,1149.5427291404858,-382.9217197284819
134.15801509760092,-29.554094445671844,147.82774236443768,-81.71482830414463,72.39502274095113,69.44453505115958,54.66515790192513,25.06887531037919,150.0788097860178,-276.5711337005446,237.77252745166166,-61.0661214330414,-109.20026056932132,247.78077192323443,-15.252702443035952,43.33461493078043,-201.00480456910083,-49.29521723341756,-13.293438956010162,-146.84929068220893,96.2080132499362,-131.73761536438195,-65.74196257100414,195.26119923443832,-7.0687444174882215,-267.2580280873179,-2.817073221953597,114.78157861447895,36.095015137255544,113.2336719365959,95.1327709933789,29.12511966425664,224.61782255242838,24.676959196021112,-76.044454265696,-197.94074702630869,63.087854378811045,-11.84020838223288,-99.46074299964948,105.49401651175089,-115.79999653726028,37.56695366671475,-382.9217197284819,127.77919276242771
