V1,V2,V3,V4,V5,V6,V7,V8,V9,V10,V11,V12,V13,V14,V15,V16,V17,V18,V19,V20,V21,V22,V23,V24,V25,V26,V27,V28,V29,V30,V31,V32,V33,V34,V35,V36,V37,V38,V39,V40,V41,V42,V43
2.479556335481593,3.1750038540111336,1.6992908269681368,5.199091374668292,-3.3980382711677533,-3.165452380511449,0.38488911417774235,-1.2614115834421815,-2.0181432099188963,2.7357994713431846,1.390462848581405,0.3044381773531658,-1.5668613652513936,-0.4711585527869102,-1.0490214557953108,-1.6050342636204733,-0.8082843409554081,-0.800409196378277,1.974621502526003,0.06449869450613044,3.235708644200709,0.9155083318816909,1.1901418957858063,-2.2291077324209665,-0.2840488692173609,1.253656296521621,0.34899217110758496,-0.03625379908932053,3.892399547639538,-1.9566098055792565,1.6586098059010075,0.2701762441595508,2.328984760963329,-0.9017083498132535,-0.08711364300130435,1.95580775362259,-1.2844005338559141,-0.7864531414474074,-8.968464576895512e-4,-2.7406915836612504,1.0152276944628968,2.7195384343239417,-0.21743137289777312
3.1750038540111336,4.805831234269671,2.5735599778145546,7.084055294858065,-4.7025380818991405,-4.714532042217356,-0.1013500237161896,-1.2751366687129317,-2.9910575179769947,3.6494317481219016,2.8040662449117266,0.16204784683444792,-1.5684712627112043,-1.546889812661608,-1.3296177517497074,-2.3629941889859003,-1.3590095690292194,-0.931691554982498,2.843883077717706,0.38455403406525956,3.7116195214251158,1.2992778394818858,2.304612284163891,-2.635584265261695,0.5762354286383125,1.3070316786928309,0.15337322189587407,0.11629467580627756,4.657731085167368,-2.8313999317018443,2.011287452146869,-0.15122471953035022,3.2369741733243576,-2.0639549352535185,-0.24785790504057142,3.1662014107344953,-1.628760093069268,-1.50361809257397,-0.32811383967619806,-3.753545532499177,1.456103428912298,3.858825182337695,-1.507143619191801
1.6992908269681368,2.5735599778145546,1.4222218228885815,3.84394117751313,-2.4068936256386424,-2.4212063575824767,-0.0048048572848851485,-0.46142612340216715,-1.6756469571609922,2.0012575880957404,1.381691172758484,0.03638942737362444,-0.7255338167187986,-0.7850441144602802,-0.5388296390669128,-1.29974880987406,-0.7018666960552312,-0.31375872377962943,1.6195888837433132,0.3451029029298902,1.9015651414380035,0.7854995210186146,1.3397987781546632,-1.3641601273195085,0.31861563238513524,0.7889769116292943,0.004624708989273606,-0.053423531601929794,2.5282205865414173,-1.4414975168142434,1.0665504939212878,0.02278921928249113,1.804114944005788,-0.9719465150751501,-0.3298029533582328,1.729134007164282,-1.0127460094684668,-0.6518835014203423,-0.13718428562266527,-2.096146323190593,0.7871394457033648,1.9408587463644476,-0.909148536936128
5.199091374668292,7.084055294858065,3.84394117751313,11.266172363662635,-7.160868882148211,-6.851709176144547,0.5574051138397316,-2.1142347494223723,-4.578969874734435,5.867935162464837,3.288951340818821,0.4236836210529475,-2.903817831318839,-1.456121499504506,-1.9275012091896602,-3.5923461820037046,-1.8072305390756378,-1.328425141145229,4.453919553804713,0.5063804697606893,6.420998486473252,2.1446456828927354,3.0707627905776427,-4.458622237938119,-0.09689451197154468,2.6389176860510353,0.4220659683426885,-0.17296638501777578,8.07267328699959,-4.173786911945775,3.4126380787183823,0.46021712155766614,5.142723758206942,-2.1666078809744422,-0.590876163798079,4.538322588041674,-2.914188056184679,-1.6690697013488935,-0.09562986340860045,-6.046503271955799,2.2314828554032964,5.70592993830774,-1.2840274491948238
-3.3980382711677533,-4.7025380818991405,-2.4068936256386424,-7.160868882148211,5.23187165336158,5.0237572304499185,-0.060214507162360334,2.3402039472338436,2.7075937880833054,-3.6958685213706186,-2.8357641644464993,-0.5004672772981665,2.3101235584170534,1.25396455278587,2.038307761888572,2.248211174771354,1.3924778845730514,1.7091176794111045,-2.5284254502650074,0.24542670745748552,-4.531118746574002,-0.9866764461842303,-1.685468463875517,3.1483600903114777,-0.08569915557872666,-1.243202362241035,-0.6264748326159505,-0.450573866885006,-5.02031963151734,3.122956794274872,-2.2594268597729563,0.2462711397844566,-3.082592446945928,2.1884131046544097,-0.5264772839096483,-2.857421813617524,1.2729241693222912,1.8596053568952278,0.3120215169814971,3.5600311832558167,-1.4591810125861673,-4.374228185400641,0.5489684063623814
-3.165452380511449,-4.714532042217356,-2.4212063575824767,-6.851709176144547,5.0237572304499185,4.974841545117324,0.21304785064594567,2.01665750950904,2.7077260163580954,-3.5115264010634304,-3.104229316052228,-0.36091866727876043,1.9410986351126216,1.593350743859108,1.8851917992638263,2.2319646449589854,1.4461287475098503,1.5449025314740592,-2.5045586237545554,0.08367656620210115,-4.017773542211699,-0.9780384279774521,-1.9288449588325618,2.832269065479078,-0.5113654162867729,-1.0172434355702145,-0.45188899296620727,-0.48961903308862587,-4.5232523054990414,3.0500283679310485,-2.0485498196777665,0.45301249644633507,-2.985472240126373,2.4478068389335257,-0.42582903029194313,-2.9633523704047304,1.1781112303500196,1.9576881255739826,0.44370746391571114,3.423689459427602,-1.4265943700379538,-4.241194370993408,1.076506411674441
0.38488911417774235,-0.1013500237161896,-0.0048048572848851485,0.5574051138397316,-0.060214507162360334,0.21304785064594567,0.6268457685828583,-0.11278489590718917,-0.10356963743856899,0.35997751799659933,-0.819852990402806,0.14111767931528538,-0.4361312801450873,0.7604915650234141,0.1063865521605947,-0.048722592448858494,0.20277555255261126,0.10780781237532261,0.2000508524423918,-0.016359976945327002,0.7152241739738615,0.19536166887725173,-0.30243136883389987,-0.4279591594766535,-0.8250175915617085,0.6017418509104047,0.15093427408827292,-0.3343133062290543,0.9515905504478991,0.08832846995480186,0.3352942224485087,0.6223387735245417,0.2668897069934195,0.8399159107488149,-0.24003068007180167,-0.1649961932594238,-0.4405566309771043,0.53891742130671,0.344398251061861,-0.3819699164459963,0.03798479925705262,-0.10075193887402795,0.8088571764972079
-1.2614115834421815,-1.2751366687129317,-0.46142612340216715,-2.1142347494223723,2.3402039472338436,2.01665750950904,-0.11278489590718917,2.273967076067814,0.3572505361544,-1.0836437476195053,-1.0891520111569206,-0.6221281054101002,1.7016594615769594,0.11364697555439476,1.699568867554128,0.48258289323454345,0.5104628546339072,1.7055012657991766,-0.23514631164168512,1.0159894048326843,-2.4146208505176956,0.2198857068543144,0.36282273674235277,1.6059325186031306,0.5229491401538036,-0.1304198856840197,-0.8629037135929256,-0.7138744693361634,-1.8235231467620965,1.386494373982341,-0.9654856459230149,0.3629499423292273,-0.6211217154719163,1.0335966616975734,-1.3780079951481738,-0.43396922027973733,-0.2647338059757892,1.2223647746300355,0.15199446984081744,0.681032088493748,-0.4262068905484864,-2.1030091009867875,-1.0846993220804027
-2.0181432099188963,-2.9910575179769947,-1.6756469571609922,-4.578969874734435,2.7075937880833054,2.7077260163580954,-0.10356963743856899,0.3572505361544,2.0245541378034364,-2.387325960629696,-1.4150381534241494,-0.00467186779569465,0.8055583148338948,0.8013043701833932,0.46719053056342846,1.5398539497585613,0.7553291478625629,0.18944848589358224,-1.9845850066332953,-0.5157717447275169,-2.211227264186184,-1.0200985877560267,-1.5983579346284205,1.5738874080124423,-0.26840551826821424,-1.0687305209411475,0.0574720909648529,0.2036850130009589,-3.0894938098917617,1.596352512774406,-1.2665134509187606,-0.1853325491677496,-2.1832265317588293,0.9097485452628826,0.5908800015588408,-2.038557039146395,1.3411780796880552,0.5680807550349921,0.08089519433335667,2.562546308925502,-0.919597826836316,-2.129202663944244,1.0577553949989833
2.7357994713431846,3.6494317481219016,2.0012575880957404,5.867935162464837,-3.6958685213706186,-3.5115264010634304,0.35997751799659933,-1.0836437476195053,-2.387325960629696,3.1012869276903645,1.6090993081496445,0.236562697271297,-1.512094256224768,-0.6587084023863875,-0.9661369582430017,-1.8681395473435511,-0.9311626221578249,-0.6653000182049672,2.3490922611613083,0.2844747341851006,3.3898107080838304,1.1314351018023254,1.5847502583406892,-2.367058527080683,-0.11183478841611233,1.414949430147893,0.24640746531668756,-0.13289254981795595,4.263138515373666,-2.1405067549706542,1.793827675143548,0.3110756601930565,2.695441851463469,-1.0325303080035386,-0.33372212353093067,2.325563008420179,-1.5638078560465296,-0.8037265288281215,-0.028629287183909037,-3.1620852431899884,1.1573697187017484,2.9405729395319993,-0.5970938215650945
1.390462848581405,2.8040662449117266,1.381691172758484,3.288951340818821,-2.8357641644464993,-3.104229316052228,-0.819852990402806,-1.0891520111569206,-1.4150381534241494,1.6090993081496445,2.7042338288826278,0.06846363069503796,-0.6568216343981875,-1.7505925822152713,-1.2397531042899945,-1.2147511369419577,-1.061814735415157,-1.0529147350615473,1.1909248525119065,-0.0645518024928153,1.5391519359403503,0.31896455009618946,1.4111400148969615,-1.170837698349363,1.1993273177101313,-0.10589873422900496,0.11995397201714937,0.6777176257003722,1.5312010909078364,-1.8607359987391006,0.8064714323946376,-0.9678619773496319,1.3968536885237541,-2.358000873440938,0.5636716441043309,1.8617133386961018,-0.15427628750396455,-1.7519031979317183,-0.6455557973486934,-1.5125554641006784,0.772616947002336,2.5722495420420075,-1.4738278195784584
0.3044381773531658,0.16204784683444792,0.03638942737362444,0.4236836210529475,-0.5004672772981665,-0.36091866727876043,0.14111767931528538,-0.6221281054101002,-0.00467186779569465,0.236562697271297,0.06846363069503796,0.19823671083334968,-0.4955228572163828,0.15622279454102936,-0.418078232231757,-0.057017961766365206,-0.06548724375800033,-0.4369287469374444,-0.006203088716428915,-0.30709454325171437,0.6699617613262512,-0.0826466552654315,-0.23795777411655525,-0.43610099719046447,-0.3033481918994015,0.08347832866238436,0.27110555196992253,0.14581739452811454,0.497976660325375,-0.2749577058889937,0.255101069017755,0.004872226981135327,0.09908546835957051,-0.08107232951218875,0.3685559119419531,-0.028493038217242684,0.0645126643054842,-0.2041636034811177,0.022947062392168753,-0.11158937372548805,0.07353287936382517,0.44090230545403536,0.5030685639195365
-1.5668613652513936,-1.5684712627112043,-0.7255338167187986,-2.903817831318839,2.3101235584170534,1.9410986351126216,-0.4361312801450873,1.7016594615769594,0.8055583148338948,-1.512094256224768,-0.6568216343981875,-0.4955228572163828,1.6134639323028093,-0.1192881688134667,1.222323179746021,0.7399984357236097,0.4148680863197616,1.1484412687717636,-0.7532674504258958,0.5807594391925645,-2.581555746920222,-0.2147158936621466,0.021287122426469893,1.7033592750955733,0.746603510621901,-0.6933689851133649,-0.6404452497947977,-0.2559282902266307,-2.5367709935801774,1.3005020274764856,-1.1589279979718017,-0.13205192764722629,-1.1127105027640016,0.47638881262582933,-0.652650932628914,-0.7245207946450398,0.3926793810270319,0.6805965993095346,-0.07350316480763848,1.3204219262454637,-0.5427193473505498,-1.9061865878740092,-0.9120605708217818
-0.4711585527869102,-1.546889812661608,-0.7850441144602802,-1.456121499504506,1.25396455278587,1.593350743859108,0.7604915650234141,0.11364697555439476,0.8013043701833932,-0.6587084023863875,-1.7505925822152713,0.15622279454102936,-0.1192881688134667,1.3573078563386192,0.4237001128816971,0.6570439021924196,0.6223045280409663,0.29673000634562435,-0.6490832546908566,-0.20929784381782826,-0.181406017163798,-0.20326719413962305,-1.0979024721282618,0.22403247647079752,-1.1618170222831445,0.2821997167285126,0.19020907525602637,-0.37019815658428434,-0.25413101027070767,0.89986218878597,-0.18413270341122312,0.7368786953401002,-0.6731346298285278,1.5422885131650148,-0.0968126441632127,-1.161439092750764,0.028470432263984782,1.0056157524623122,0.484296711949133,0.70306581759627,-0.38741274445299867,-1.185154768533561,1.4802551729395377
-1.0490214557953108,-1.3296177517497074,-0.5388296390669128,-1.9275012091896602,2.038307761888572,1.8851917992638263,0.1063865521605947,1.699568867554128,0.46719053056342846,-0.9661369582430017,-1.2397531042899945,-0.418078232231757,1.222323179746021,0.4237001128816971,1.3552092901894286,0.5221331106563496,0.5319231240630201,1.3271829353119269,-0.33942188660947886,0.6928811970033844,-1.8244857278704492,0.10830406098220786,-0.011086814688106466,1.2394601907114597,0.0939601292643987,-0.02824509113387159,-0.5862994038317385,-0.6161671484049926,-1.4105803846815934,1.246779611523784,-0.7583285748828156,0.4497518767933486,-0.6295206686225627,1.1458348284415971,-1.0348223057316643,-0.6132314133262262,-0.1839440510345181,1.149824658202281,0.23247459170465365,0.6819533816844944,-0.411963562835026,-1.845458258929135,-0.4252909615405597
-1.6050342636204733,-2.3629941889859003,-1.29974880987406,-3.5923461820037046,2.248211174771354,2.2319646449589854,-0.048722592448858494,0.48258289323454345,1.5398539497585613,-1.8681395473435511,-1.2147511369419577,-0.057017961766365206,0.7399984357236097,0.6570439021924196,0.5221331106563496,1.1955477723871684,0.628833761732674,0.3156021273244443,-1.4914659248879794,-0.2863327489045121,-1.842906522862912,-0.7265052725396408,-1.179778499873555,1.3076281026461751,-0.2044056984893973,-0.7727381091573116,-0.03287090827264859,0.059744029718396555,-2.422541992772656,1.3352919220828523,-1.0199288793481958,-0.06299285482284767,-1.6752998972100344,0.8363062387104127,0.28992032272326945,-1.5718734685747064,0.9493349409968601,0.5766995390704421,0.09705645312235829,1.9551883426076053,-0.7278409531818939,-1.8032141183786587,0.7340885580046619
-0.8082843409554081,-1.3590095690292194,-0.7018666960552312,-1.8072305390756378,1.3924778845730514,1.4461287475098503,0.20277555255261126,0.5104628546339072,0.7553291478625629,-0.9311626221578249,-1.061814735415157,-0.06548724375800033,0.4148680863197616,0.6223045280409663,0.5319231240630201,0.628833761732674,0.4668714981605544,0.43934605763175466,-0.6851816014591101,-0.007457451625512369,-0.9560968508592979,-0.24014349039358285,-0.6476618956795693,0.7056094125541437,-0.35931712653213477,-0.14659833220658272,-0.09068250526774972,-0.2033940731019596,-1.0503892491823794,0.8752298221422085,-0.4967603911281636,0.2633528276489796,-0.7951216700877084,0.8839708908177834,-0.15683641719756866,-0.8797780028230086,0.24973708906275727,0.6664249936164356,0.2125869622579203,0.8855125350549934,-0.3971760265097113,-1.2149594968263013,0.5196208142081792
-0.800409196378277,-0.931691554982498,-0.31375872377962943,-1.328425141145229,1.7091176794111045,1.5449025314740592,0.10780781237532261,1.7055012657991766,0.18944848589358224,-0.6653000182049672,-1.0529147350615473,-0.4369287469374444,1.1484412687717636,0.29673000634562435,1.3271829353119269,0.3156021273244443,0.43934605763175466,1.3420458309957042,-0.07033352915447015,0.7878986622132935,-1.5802195577236469,0.25776871492074577,0.22512139036896237,1.0672266313267624,0.151320755723364,0.11766003039223343,-0.6238348448300947,-0.6578125359917574,-1.0257187873325135,1.0507814821167294,-0.605006634558396,0.47544141152319436,-0.33801033231644545,1.0312514773923198,-1.1532940812557193,-0.32856845770227383,-0.3753977038304542,1.0934597340148329,0.22488380991638574,0.33546875251112823,-0.29127313177588726,-1.59502935466967,-0.6130278049832755
1.974621502526003,2.843883077717706,1.6195888837433132,4.453919553804713,-2.5284254502650074,-2.5045586237545554,0.2000508524423918,-0.23514631164168512,-1.9845850066332953,2.3490922611613083,1.1909248525119065,-0.006203088716428915,-0.7532674504258958,-0.6490832546908566,-0.33942188660947886,-1.4914659248879794,-0.6851816014591101,-0.07033352915447015,1.9748799765814204,0.5683683224554643,2.148491723602142,1.0448660387779403,1.546548530009082,-1.5295295688928785,0.16527541695302894,1.13284484311498,-0.07426926719374441,-0.2974174736662979,3.0795636858702515,-1.4690946881158782,1.239761578676621,0.30647959853546314,2.151162061119579,-0.6962561780473522,-0.6952856338582779,1.9469345765791963,-1.4036955527542267,-0.40141349037689,-0.02099672726484897,-2.5342561785257165,0.8825062098651272,1.9542446339719435,-0.9714190650362327
0.06449869450613044,0.38455403406525956,0.3451029029298902,0.5063804697606893,0.24542670745748552,0.08367656620210115,-0.016359976945327002,1.0159894048326843,-0.5157717447275169,0.2844747341851006,-0.0645518024928153,-0.30709454325171437,0.5807594391925645,-0.20929784381782826,0.6928811970033844,-0.2863327489045121,-0.007457451625512369,0.7878986622132935,0.5683683224554643,0.6889030003479688,-0.4464717651963844,0.45912675195198227,0.7321937420722838,0.2563920537173021,0.3548709708633607,0.2982835881828573,-0.4449908742756518,-0.4291073905214586,0.1475769056821683,0.14916034559260868,-0.04925084912110982,0.2489804133355149,0.4386536811189146,0.20843158042556018,-0.8896222716410834,0.4783350905082376,-0.5937325909757284,0.4174055890606555,0.04493884534770811,-0.5354353374604309,0.10095092523873202,-0.32110904275046864,-0.9027795096608723
3.235708644200709,3.7116195214251158,1.9015651414380035,6.420998486473252,-4.531118746574002,-4.017773542211699,0.7152241739738615,-2.4146208505176956,-2.211227264186184,3.3898107080838304,1.5391519359403503,0.6699617613262512,-2.581555746920222,-0.181406017163798,-1.8244857278704492,-1.842906522862912,-0.9560968508592979,-1.5802195577236469,2.148491723602142,-0.4464717651963844,4.699464701257912,0.881405504400997,0.8585852222205359,-3.178723716362644,-0.907835456141083,1.572826724915397,0.8342708052238393,0.16733424847795136,5.160907819862742,-2.5744857390329337,2.262387488244455,0.3658039847713338,2.7221598459660163,-1.0227144752823714,0.4841569586347142,2.065977848887464,-1.3348164643075284,-1.1332428338166174,0.08140469549009206,-3.209485575867256,1.2297231767466579,3.6708327974815274,0.6840320522499989
0.9155083318816909,1.2992778394818858,0.7854995210186146,2.1446456828927354,-0.9866764461842303,-0.9780384279774521,0.19536166887725173,0.2198857068543144,-1.0200985877560267,1.1314351018023254,0.31896455009618946,-0.0826466552654315,-0.2147158936621466,-0.20326719413962305,0.10830406098220786,-0.7265052725396408,-0.24014349039358285,0.25776871492074577,1.0448660387779403,0.45912675195198227,0.881405504400997,0.6301321674510011,0.8241512257990049,-0.622919886905984,0.020138987499525394,0.6965119796336837,-0.16117909773505706,-0.33197775538756,1.5222616881692046,-0.5475613623270118,0.5667836081057921,0.32935178708103086,1.0944643032909949,-0.056355823929429234,-0.6408161978081784,0.9461972223230505,-0.8686050624845338,0.07866898535931331,0.08031205549403077,-1.3158289742817224,0.40977412553302317,0.6837452625320596,-0.5513567413643138
1.1901418957858063,2.304612284163891,1.3397987781546632,3.0707627905776427,-1.685468463875517,-1.9288449588325618,-0.30243136883389987,0.36282273674235277,-1.5983579346284205,1.5847502583406892,1.4111400148969615,-0.23795777411655525,0.021287122426469893,-1.0979024721282618,-0.011086814688106466,-1.179778499873555,-0.6476618956795693,0.22512139036896237,1.546548530009082,0.7321937420722838,0.8585852222205359,0.8241512257990049,1.6687060274427135,-0.6998032813389724,0.8648890407409777,0.5326437944316201,-0.35703684601266494,-0.1706475087706253,1.6275777096030462,-1.0654553081667046,0.6439900372658094,-0.10422965039998613,1.5728133456000037,-1.0076798015557435,-0.7317127498059401,1.7370995043776452,-0.9785024351679047,-0.48105465997631036,-0.2375794582682767,-1.8092747322825524,0.6627049278929491,1.3480894373340375,-1.6765319870336113
-2.2291077324209665,-2.635584265261695,-1.3641601273195085,-4.458622237938119,3.1483600903114777,2.832269065479078,-0.4279591594766535,1.6059325186031306,1.5738874080124423,-2.367058527080683,-1.170837698349363,-0.43610099719046447,1.7033592750955733,0.22403247647079752,1.2394601907114597,1.3076281026461751,0.7056094125541437,1.0672266313267624,-1.5295295688928785,0.2563920537173021,-3.178723716362644,-0.622919886905984,-0.6998032813389724,2.1711288179674657,0.5007193207385321,-1.0421607256063794,-0.5460705941324665,-0.12763894902928666,-3.5055365444266156,1.8033460480444188,-1.5402689935444187,-0.20052673425990727,-1.9083123180975623,0.8071818240842995,-0.31269395601479055,-1.4938919538400062,0.925886999196688,0.8314853497567096,-0.010607294238339853,2.234414572359475,-0.8647202909918528,-2.566970598907504,-0.3177058435876137
-0.2840488692173609,0.5762354286383125,0.31861563238513524,-0.09689451197154468,-0.08569915557872666,-0.5113654162867729,-0.8250175915617085,0.5229491401538036,-0.26840551826821424,-0.11183478841611233,1.1993273177101313,-0.3033481918994015,0.746603510621901,-1.1618170222831445,0.0939601292643987,-0.2044056984893973,-0.35931712653213477,0.151320755723364,0.16527541695302894,0.3548709708633607,-0.907835456141083,0.020138987499525394,0.8648890407409777,0.5007193207385321,1.278210455278768,-0.5837548229387391,-0.37200664070252176,0.2531524394017819,-0.9103003659135759,-0.21455720275582008,-0.34141251975147136,-0.7069202550687205,0.03879678746436146,-1.1271600545008749,-0.08744788746569668,0.600769551998908,0.21222885685738702,-0.6051642095689637,-0.4561027852150417,0.048394338601685884,0.08205588718763038,0.22029249658490438,-1.5400396812977903
1.253656296521621,1.3070316786928309,0.7889769116292943,2.6389176860510353,-1.243202362241035,-1.0172434355702145,0.6017418509104047,-0.1304198856840197,-1.0687305209411475,1.414949430147893,-0.10589873422900496,0.08347832866238436,-0.6933689851133649,0.2821997167285126,-0.02824509113387159,-0.7727381091573116,-0.14659833220658272,0.11766003039223343,1.13284484311498,0.2982835881828573,1.572826724915397,0.6965119796336837,0.5326437944316201,-1.0421607256063794,-0.5837548229387391,1.0709001226630561,0.03711723965941947,-0.44600082111133826,2.265908520543975,-0.6226626836572964,0.8664047172224615,0.6709787390723913,1.2765801097694018,0.3733685970202024,-0.6054746888020847,0.8358185712676421,-1.0755499920762643,0.2873982038061945,0.2899157301834477,-1.571611399068408,0.4626772522771104,0.8185533630538846,0.13395038763299988
0.34899217110758496,0.15337322189587407,0.004624708989273606,0.4220659683426885,-0.6264748326159505,-0.45188899296620727,0.15093427408827292,-0.8629037135929256,0.0574720909648529,0.24640746531668756,0.11995397201714937,0.27110555196992253,-0.6404452497947977,0.19020907525602637,-0.5862994038317385,-0.03287090827264859,-0.09068250526774972,-0.6238348448300947,-0.07426926719374441,-0.4449908742756518,0.8342708052238393,-0.16117909773505706,-0.35703684601266494,-0.5460705941324665,-0.37200664070252176,0.03711723965941947,0.37978532546009,0.23691491194323566,0.5461899673219814,-0.3489675066949601,0.2985628243647021,-0.04470165766921137,0.058297961861419875,-0.152894997974537,0.5604488588960019,-0.0848443366818146,0.16445147129481058,-0.318032956421335,0.003537106362878639,-0.054345553855844886,0.07329932702711318,0.5750140064307362,0.6797555207740447
-0.03625379908932053,0.11629467580627756,-0.053423531601929794,-0.17296638501777578,-0.450573866885006,-0.48961903308862587,-0.3343133062290543,-0.7138744693361634,0.2036850130009589,-0.13289254981795595,0.6777176257003722,0.14581739452811454,-0.2559282902266307,-0.37019815658428434,-0.6161671484049926,0.059744029718396555,-0.2033940731019596,-0.6578125359917574,-0.2974174736662979,-0.4291073905214586,0.16733424847795136,-0.33197775538756,-0.1706475087706253,-0.12763894902928666,0.2531524394017819,-0.44600082111133826,0.23691491194323566,0.48120333464857995,-0.3063749582073236,-0.3403778525672411,-0.013426171437259672,-0.5164468463159675,-0.22248138629393296,-0.7399053757090358,0.7216367814451545,-0.025491109712063295,0.5310544384912145,-0.6788074734260805,-0.24472455123476838,0.3208631345685891,0.00970044160013457,0.5367392291239782,0.07098401829259093
3.892399547639538,4.657731085167368,2.5282205865414173,8.07267328699959,-5.02031963151734,-4.5232523054990414,0.9515905504478991,-1.8235231467620965,-3.0894938098917617,4.263138515373666,1.5312010909078364,0.497976660325375,-2.5367709935801774,-0.25413101027070767,-1.4105803846815934,-2.422541992772656,-1.0503892491823794,-1.0257187873325135,3.0795636858702515,0.1475769056821683,5.160907819862742,1.5222616881692046,1.6275777096030462,-3.5055365444266156,-0.9103003659135759,2.265908520543975,0.5461899673219814,-0.3063749582073236,6.349377076051077,-2.8136023680131146,2.6494605896567585,0.8098258016581192,3.6403229697341217,-0.7778040817779631,-0.380799365028675,2.8350699169812033,-2.2276006222216376,-0.7739325530928771,0.23058735860730517,-4.339248974766417,1.5303107621951195,3.901669453226673,0.09229311496554676
-1.9566098055792565,-2.8313999317018443,-1.4414975168142434,-4.173786911945775,3.122956794274872,3.0500283679310485,0.08832846995480186,1.386494373982341,1.596352512774406,-2.1405067549706542,-1.8607359987391006,-0.2749577058889937,1.3005020274764856,0.89986218878597,1.246779611523784,1.3352919220828523,0.8752298221422085,1.0507814821167294,-1.4690946881158782,0.14916034559260868,-2.5744857390329337,-0.5475613623270118,-1.0654553081667046,1.8033460480444188,-0.21455720275582008,-0.6226626836572964,-0.3489675066949601,-0.3403778525672411,-2.8136023680131146,1.8897943202334262,-1.287154886109323,0.2732608451052167,-1.7900627839493362,1.4804008900187295,-0.3702996420337107,-1.7375337329282232,0.67133292644016,1.2225201388744362,0.2554690841057465,2.050984061426242,-0.8666280043533842,-2.6419414548106666,0.4819776131016802
1.6586098059010075,2.011287452146869,1.0665504939212878,3.4126380787183823,-2.2594268597729563,-2.0485498196777665,0.3352942224485087,-0.9654856459230149,-1.2665134509187606,1.793827675143548,0.8064714323946376,0.255101069017755,-1.1589279979718017,-0.18413270341122312,-0.7583285748828156,-1.0199288793481958,-0.4967603911281636,-0.605006634558396,1.239761578676621,-0.04925084912110982,2.262387488244455,0.5667836081057921,0.6439900372658094,-1.5402689935444187,-0.34141251975147136,0.8664047172224615,0.2985628243647021,-0.013426171437259672,2.6494605896567585,-1.287154886109323,1.135592921536925,0.2271545556370256,1.5021344518976973,-0.5037610623698326,0.01925294005033032,1.1945313273296416,-0.8251272619427082,-0.4902543367951557,0.04425436761153392,-1.7759414522690982,0.6576637738771547,1.8003477668821501,0.07961701419760603
0.2701762441595508,-0.15122471953035022,0.02278921928249113,0.46021712155766614,0.2462711397844566,0.45301249644633507,0.6223387735245417,0.3629499423292273,-0.1853325491677496,0.3110756601930565,-0.9678619773496319,0.004872226981135327,-0.13205192764722629,0.7368786953401002,0.4497518767933486,-0.06299285482284767,0.2633528276489796,0.47544141152319436,0.30647959853546314,0.2489804133355149,0.3658039847713338,0.32935178708103086,-0.10422965039998613,-0.20052673425990727,-0.7069202550687205,0.6709787390723913,-0.04470165766921137,-0.5164468463159675,0.8098258016581192,0.2732608451052167,0.2271545556370256,0.730477363427711,0.30546488316147646,1.0169353460009607,-0.5997787648697771,-0.10321749023939755,-0.6138502864527059,0.7780351739227686,0.38066903747752795,-0.4411179166877512,0.016065908102329746,-0.4046933106522648,0.5011162883804433
2.328984760963329,3.2369741733243576,1.804114944005788,5.142723758206942,-3.082592446945928,-2.985472240126373,0.2668897069934195,-0.6211217154719163,-2.1832265317588293,2.695441851463469,1.3968536885237541,0.09908546835957051,-1.1127105027640016,-0.6731346298285278,-0.6295206686225627,-1.6752998972100344,-0.7951216700877084,-0.33801033231644545,2.151162061119579,0.4386536811189146,2.7221598459660163,1.0944643032909949,1.5728133456000037,-1.9083123180975623,0.03879678746436146,1.2765801097694018,0.058297961861419875,-0.22248138629393296,3.6403229697341217,-1.7900627839493362,1.5021344518976973,0.30546488316147646,2.414849030752997,-0.858729126191338,-0.5432678092910765,2.140071413949688,-1.487097092608192,-0.5858702832754903,-0.01778889258676502,-2.844733542550813,1.0167701537977685,2.414140182112974,-0.8143320343207432
-0.9017083498132535,-2.0639549352535185,-0.9719465150751501,-2.1666078809744422,2.1884131046544097,2.4478068389335257,0.8399159107488149,1.0335966616975734,0.9097485452628826,-1.0325303080035386,-2.358000873440938,-0.08107232951218875,0.47638881262582933,1.5422885131650148,1.1458348284415971,0.8363062387104127,0.8839708908177834,1.0312514773923198,-0.6962561780473522,0.20843158042556018,-1.0227144752823714,-0.056355823929429234,-1.0076798015557435,0.8071818240842995,-1.1271600545008749,0.3733685970202024,-0.152894997974537,-0.7399053757090358,-0.7778040817779631,1.4804008900187295,-0.5037610623698326,1.0169353460009607,-0.858729126191338,2.144327640067973,-0.7360481742374841,-1.3461075289935305,-0.18308436996923472,1.6229414971711429,0.6283296891850954,0.8748450138339406,-0.5496866893905711,-2.0688680482763857,1.1857745394100443
-0.08711364300130435,-0.24785790504057142,-0.3298029533582328,-0.590876163798079,-0.5264772839096483,-0.42582903029194313,-0.24003068007180167,-1.3780079951481738,0.5908800015588408,-0.33372212353093067,0.5636716441043309,0.3685559119419531,-0.652650932628914,-0.0968126441632127,-1.0348223057316643,0.28992032272326945,-0.15683641719756866,-1.1532940812557193,-0.6952856338582779,-0.8896222716410834,0.4841569586347142,-0.6408161978081784,-0.7317127498059401,-0.31269395601479055,-0.08744788746569668,-0.6054746888020847,0.5604488588960019,0.7216367814451545,-0.380799365028675,-0.3702996420337107,0.01925294005033032,-0.5997787648697771,-0.5432678092910765,-0.7360481742374841,1.2957432220030711,-0.42924379465119655,0.9035751411318913,-0.8651039344936085,-0.23521879965055367,0.7087748697216255,-0.08299438342606617,0.6681258721293879,0.7991416762526676
1.95580775362259,3.1662014107344953,1.729134007164282,4.538322588041674,-2.857421813617524,-2.9633523704047304,-0.1649961932594238,-0.43396922027973733,-2.038557039146395,2.325563008420179,1.8617133386961018,-0.028493038217242684,-0.7245207946450398,-1.161439092750764,-0.6132314133262262,-1.5718734685747064,-0.8797780028230086,-0.32856845770227383,1.9469345765791963,0.4783350905082376,2.065977848887464,0.9461972223230505,1.7370995043776452,-1.4938919538400062,0.600769551998908,0.8358185712676421,-0.0848443366818146,-0.025491109712063295,2.8350699169812033,-1.7375337329282232,1.1945313273296416,-0.10321749023939755,2.140071413949688,-1.3461075289935305,-0.42924379465119655,2.1815847175477754,-1.157950975289824,-0.881119542190495,-0.23869769356039247,-2.4851921806592405,0.9411322293264107,2.323050092355391,-1.3780843867592991
-1.2844005338559141,-1.628760093069268,-1.0127460094684668,-2.914188056184679,1.2729241693222912,1.1781112303500196,-0.4405566309771043,-0.2647338059757892,1.3411780796880552,-1.5638078560465296,-0.15427628750396455,0.0645126643054842,0.3926793810270319,0.028470432263984782,-0.1839440510345181,0.9493349409968601,0.24973708906275727,-0.3753977038304542,-1.4036955527542267,-0.5937325909757284,-1.3348164643075284,-0.8686050624845338,-0.9785024351679047,0.925886999196688,0.21222885685738702,-1.0755499920762643,0.16445147129481058,0.5310544384912145,-2.2276006222216376,0.67133292644016,-0.8251272619427082,-0.6138502864527059,-1.487097092608192,-0.18308436996923472,0.9035751411318913,-1.157950975289824,1.2560007055589066,-0.27442732993946006,-0.2069077903997195,1.8014120711359243,-0.5390703455694676,-0.8374135046469362,0.4720097741433715
-0.7864531414474074,-1.50361809257397,-0.6518835014203423,-1.6690697013488935,1.8596053568952278,1.9576881255739826,0.53891742130671,1.2223647746300355,0.5680807550349921,-0.8037265288281215,-1.7519031979317183,-0.2041636034811177,0.6805965993095346,1.0056157524623122,1.149824658202281,0.5766995390704421,0.6664249936164356,1.0934597340148329,-0.40141349037689,0.4174055890606555,-1.1332428338166174,0.07866898535931331,-0.48105465997631036,0.8314853497567096,-0.6051642095689637,0.2873982038061945,-0.318032956421335,-0.6788074734260805,-0.7739325530928771,1.2225201388744362,-0.4902543367951557,0.7780351739227686,-0.5858702832754903,1.6229414971711429,-0.8651039344936085,-0.881119542190495,-0.27442732993946006,1.3498974191116302,0.4541145725123423,0.5889347952530177,-0.4095658203215378,-1.760623232928641,0.4619513774597279
-8.968464576895512e-4,-0.32811383967619806,-0.13718428562266527,-0.09562986340860045,0.3120215169814971,0.44370746391571114,0.344398251061861,0.15199446984081744,0.08089519433335667,-0.028629287183909037,-0.6455557973486934,0.022947062392168753,-0.07350316480763848,0.484296711949133,0.23247459170465365,0.09705645312235829,0.2125869622579203,0.22488380991638574,-0.02099672726484897,0.04493884534770811,0.08140469549009206,0.08031205549403077,-0.2375794582682767,-0.010607294238339853,-0.4561027852150417,0.2899157301834477,0.003537106362878639,-0.24472455123476838,0.23058735860730517,0.2554690841057465,0.04425436761153392,0.38066903747752795,-0.01778889258676502,0.6283296891850954,-0.23521879965055367,-0.23869769356039247,-0.2069077903997195,0.4541145725123423,0.226737350762223,-0.030525476637814818,-0.06308768051371101,-0.36193812326586805,0.4322784973763333
-2.7406915836612504,-3.753545532499177,-2.096146323190593,-6.046503271955799,3.5600311832558167,3.423689459427602,-0.3819699164459963,0.681032088493748,2.562546308925502,-3.1620852431899884,-1.5125554641006784,-0.11158937372548805,1.3204219262454637,0.70306581759627,0.6819533816844944,1.9551883426076053,0.8855125350549934,0.33546875251112823,-2.5342561785257165,-0.5354353374604309,-3.209485575867256,-1.3158289742817224,-1.8092747322825524,2.234414572359475,0.048394338601685884,-1.571611399068408,-0.054345553855844886,0.3208631345685891,-4.339248974766417,2.050984061426242,-1.7759414522690982,-0.4411179166877512,-2.844733542550813,0.8748450138339406,0.7087748697216255,-2.4851921806592405,1.8014120711359243,0.5889347952530177,-0.030525476637814818,3.368176509022756,-1.1841877967160788,-2.7578200218480258,0.8877186121387919
1.0152276944628968,1.456103428912298,0.7871394457033648,2.2314828554032964,-1.4591810125861673,-1.4265943700379538,0.03798479925705262,-0.4262068905484864,-0.919597826836316,1.1573697187017484,0.772616947002336,0.07353287936382517,-0.5427193473505498,-0.38741274445299867,-0.411963562835026,-0.7278409531818939,-0.3971760265097113,-0.29127313177588726,0.8825062098651272,0.10095092523873202,1.2297231767466579,0.40977412553302317,0.6627049278929491,-0.8647202909918528,0.08205588718763038,0.4626772522771104,0.07329932702711318,0.00970044160013457,1.5303107621951195,-0.8666280043533842,0.6576637738771547,0.016065908102329746,1.0167701537977685,-0.5496866893905711,-0.08299438342606617,0.9411322293264107,-0.5390703455694676,-0.4095658203215378,-0.06308768051371101,-1.1841877967160788,0.452302789538643,1.182866193397217,-0.3541621700584708
2.7195384343239417,3.858825182337695,1.9408587463644476,5.70592993830774,-4.374228185400641,-4.241194370993408,-0.10075193887402795,-2.1030091009867875,-2.129202663944244,2.9405729395319993,2.5722495420420075,0.44090230545403536,-1.9061865878740092,-1.185154768533561,-1.845458258929135,-1.8032141183786587,-1.2149594968263013,-1.59502935466967,1.9542446339719435,-0.32110904275046864,3.6708327974815274,0.6837452625320596,1.3480894373340375,-2.566970598907504,0.22029249658490438,0.8185533630538846,0.5750140064307362,0.5367392291239782,3.901669453226673,-2.6419414548106666,1.8003477668821501,-0.4046933106522648,2.414140182112974,-2.0688680482763857,0.6681258721293879,2.323050092355391,-0.8374135046469362,-1.760623232928641,-0.36193812326586805,-2.7578200218480258,1.182866193397217,3.723317518991357,-0.493177246639996
-0.21743137289777312,-1.507143619191801,-0.909148536936128,-1.2840274491948238,0.5489684063623814,1.076506411674441,0.8088571764972079,-1.0846993220804027,1.0577553949989833,-0.5970938215650945,-1.4738278195784584,0.5030685639195365,-0.9120605708217818,1.4802551729395377,-0.4252909615405597,0.7340885580046619,0.5196208142081792,-0.6130278049832755,-0.9714190650362327,-0.9027795096608723,0.6840320522499989,-0.5513567413643138,-1.6765319870336113,-0.3177058435876137,-1.5400396812977903,0.13395038763299988,0.6797555207740447,0.07098401829259093,0.09229311496554676,0.4819776131016802,0.07961701419760603,0.5011162883804433,-0.8143320343207432,1.1857745394100443,0.7991416762526676,-1.3780843867592991,0.4720097741433715,0.4619513774597279,0.4322784973763333,0.8877186121387919,-0.3541621700584708,-0.493177246639996,2.3450014939144963
