V1,V2,V3,V4,V5,V6,V7,V8,V9,V10,V11,V12,V13,V14,V15,V16,V17,V18,V19,V20,V21,V22,V23,V24,V25,V26,V27,V28,V29,V30,V31,V32,V33,V34,V35,V36,V37,V38,V39,V40,V41,V42,V43
94.34887612929248,122.80626807321211,83.86118883849382,164.54513405597,77.8797109371981,-91.91088482568544,-107.57677204816562,-41.71752697665912,-37.55494695381725,110.00607215931237,-6.62481982747303,18.028963567922297,82.63050872756453,-30.713538735014154,-74.34463897129909,-81.45857393394235,66.34905718179176,-3.387867743464517,-34.357436579950324,-57.07143355501552,86.37649945136431,89.29971754242125,-159.8191467689256,-88.1151994865624,-3.5362164904863356,-90.83101778157663,49.639464661885555,55.09695811695954,-57.91914491048546,29.411367518820292,50.0135466720271,126.30551801158549,59.21767124970264,106.23717260618764,25.647451790914367,175.83790304938393,28.8999101582653,-44.84629278390566,-70.67884629988376,-22.388790474724814,2.942247908746223,34.47152743505149,-18.438075030559734
122.80626807321211,163.8668369610821,110.86577558294047,218.19095568831688,103.93155290373697,-121.79335103903425,-144.4364400402894,-55.869142139959116,-50.37091837361078,146.64854194622936,-10.70627849857427,25.632645852081776,109.17183880688863,-40.859320295928406,-97.84908330635398,-109.39437141676471,89.83736906363828,-3.697669022001004,-45.57846604717005,-75.67927178548692,117.06555874354392,120.11616037681226,-214.90119231131783,-118.47219980542498,-3.11874168545221,-120.93609999816871,67.32037443232555,73.065238670833807,-77.0355800042627,38.61630152178772,67.38682183809962,168.4588484190369,78.90204102078926,142.95984930347518,33.14490598351096,234.74519368218407,38.01717060868873,-60.46201536822567,-94.74767438465508,-30.407981499493992,4.810372620417409,45.57855872682495,-26.69693920316399
83.86118883849382,110.86577558294047,75.56944230770624,147.701418383378,70.1568850643611,-82.50307934943162,-97.81187852002336,-37.452533010644984,-33.814999253621465,98.99151026987755,-7.035384064995153,16.547173276409037,74.41843622155665,-28.028132496517888,-66.21672431333502,-73.60561875886985,60.01762139213938,-2.611368966461237,-31.065707125156564,-51.17870473471515,78.642363354688,81.31246938437305,-144.58811651192144,-80.03770104470684,-2.512225397050831,-81.74297563465471,45.23458569493485,49.56940693379607,-52.3469499116937,26.384121593669693,45.675096150614735,113.96625126587554,53.05796320974284,96.74441372034899,22.76677462786685,158.85477461748388,25.904458762056716,-40.697347844524344,-63.70468208039868,-20.074398438104907,3.0652713081090437,30.889492898384965,-17.352294553053234
164.54513405597,218.19095568831688,147.701418383378,291.2369165787859,138.5304875522303,-162.56329936300097,-191.73889647007277,-74.58875460864691,-67.15785340541849,195.55425803746124,-13.410718360336652,33.96864668851411,145.4789497969811,-54.129777591263085,-131.0292302408592,-145.6471909717419,119.58564305736755,-5.278414119073438,-60.62878636501074,-101.05179151681378,155.3792156405029,159.36329286416327,-285.96961256501396,-157.36285955498423,-4.669850197170188,-161.247921754228,89.31887411038426,97.42018374674537,-102.51086329918516,51.533033552237626,89.29168209928031,224.363732570397,105.42226573359073,189.680821599533,44.421297032984434,312.49291676716683,50.76059196946791,-80.35312604427445,-126.27094429762748,-40.64212254401738,6.080797809577393,60.88000867328801,-35.029134832659444
77.8797109371981,103.93155290373697,70.1568850643611,138.5304875522303,66.00999968314903,-77.30527705616173,-91.45813316074938,-35.59352849355982,-32.06233848246295,93.15165958726224,-6.667242518406076,16.480875913428005,69.09585166328422,-25.73229301897156,-62.228287844557705,-69.52537342804864,57.224596572858474,-2.391483250177074,-28.829695390276896,-48.07218680543969,74.32665350316366,76.04337944792145,-136.52930854230385,-75.10000748488643,-1.965420584517889,-76.78169950905264,42.73200541109394,46.33444616248779,-48.7825306495864,24.439527642095687,42.61210792035436,106.87274726046316,50.23366075711151,90.5242035130256,20.976961608233292,148.86983610684996,24.089423813200593,-38.37771021295536,-60.252701825495635,-19.477338809624435,3.0432990805744202,28.930911014606252,-17.040679024687016
-91.91088482568544,-121.79335103903425,-82.50307934943162,-162.56329936300097,-77.30527705616173,90.75279831766555,107.05098434864671,41.597256287019945,37.46040677689515,-109.13163684799406,7.481290042482099,-18.883111594049044,-81.26215765055541,30.257692832706255,73.12593162052814,81.26076853230235,-66.67433839361526,2.949744594439894,33.8726174997666,56.399915509267295,-86.68617623184797,-88.9736246514987,159.55237320377074,87.83885260344127,2.634569861268984,90.0002672781987,-49.83247515096054,-54.38891744926336,57.24107446732071,-28.792506903497895,-49.860877229209414,-125.24051547680699,-58.80299604965788,-105.89549639370686,-24.825427048386896,-174.43814984124663,-28.351731995705148,44.83628158295615,70.44093335176662,22.63291530934961,-3.3819554400508727,-33.98616250585695,19.49266139287993
-107.57677204816562,-144.4364400402894,-97.81187852002336,-191.73889647007277,-91.45813316074938,107.05098434864671,127.92952197203999,48.99127869230001,44.30971481853385,-128.96176277665947,10.147818390483588,-22.55415658162949,-96.31124616888935,36.37942119525029,85.60738635158015,96.40863757516908,-79.05866368744539,2.978858161073608,40.35609313343993,66.45840372726263,-103.54189080284232,-106.43563273529892,189.4207406463553,104.79800440213512,2.3857255143014986,106.4104690779407,-59.57869444347748,-64.35441986598616,68.06226326126138,-34.04016623886453,-59.8044401960338,-148.50931613125024,-69.13789069973977,-126.68515057282143,-29.052534055144328,-207.0430250119437,-33.46395957385194,53.359804521294095,83.33612192135124,26.517343304780393,-4.512447529530392,-39.999723296324134,23.797086950543527
-41.71752697665912,-55.869142139959116,-37.452533010644984,-74.58875460864691,-35.59352849355982,41.597256287019945,48.99127869230001,19.353539009534114,17.393101196188827,-50.256195115633446,3.493613394682335,-9.223600547961123,-36.891432192473474,13.577221860842352,33.61410767289888,37.57851628192083,-31.140426064270834,1.316329263934346,15.375779604071711,25.920632167379843,-40.12458895406423,-40.72524279623766,73.75979057022073,40.343177320681065,0.9760233367796696,41.36835729757331,-23.055159320286574,-24.87186976658141,26.09406509503487,-13.040182029702734,-22.76486416131395,-57.47273923230717,-27.24589343105266,-48.49809113520247,-11.17409928093669,-79.99238892645971,-12.894290827148042,20.697941977375944,32.61663045611128,10.75687604679478,-1.6590050020197609,-15.567990274622344,9.395106961081902
-37.55494695381725,-50.37091837361078,-33.814999253621465,-67.15785340541849,-32.06233848246295,37.46040677689515,44.30971481853385,17.393101196188827,15.681492291840026,-45.25087817679172,3.2594758465436424,-8.281473561963299,-33.31383184485931,12.331180805913066,30.205087119178522,33.888769094549154,-28.033821294510187,1.1495608765334653,13.932162674846845,23.330556151342194,-36.22803249073591,-36.82910807933994,66.47595970271253,36.44997097514557,0.8403557630397372,37.274394114232706,-20.8259779036701,-22.437219290054273,23.578973945463147,-11.78811023260352,-20.594944264600077,-51.848772701040446,-24.476876544268094,-43.86291998392237,-10.068514236452954,-72.15956406037814,-11.639830136386944,18.653716064993457,29.370291684399874,9.617044488676365,-1.5466543349677897,-13.996586302139333,8.473520493471426
110.00607215931237,146.64854194622936,98.99151026987755,195.55425803746124,93.15165958726224,-109.13163684799406,-128.96176277665947,-50.256195115633446,-45.25087817679172,131.4868661153299,-9.299125773616868,23.252876835700388,97.49083734775839,-36.258183486641414,-87.89937734843538,-98.0982848020718,80.75882414781785,-3.4245835772689697,-40.660156423576694,-67.87103165154691,104.81666729885946,107.21652211329722,-192.64049046867072,-105.9111117972556,-2.8341304512477534,-108.37282864569363,60.25453555328764,65.38812731198482,-68.80459275182133,34.493384698589395,60.06941273861375,150.8001540397495,70.9307105828759,127.63126209566609,29.632365485643003,210.03885832689622,34.005995344092796,-54.13816427114935,-85.0374753881884,-27.526134291354378,4.251664708103013,40.85084256328613,-23.996229485902926
-6.62481982747303,-10.70627849857427,-7.035384064995153,-13.410718360336652,-6.667242518406076,7.481290042482099,10.147818390483588,3.493613394682335,3.2594758465436424,-9.299125773616868,1.7845860205491402,-2.059483169896913,-6.89574001301331,2.924297974222321,5.498722570534301,7.296333479627575,-6.104651134490938,-0.21701147524978504,3.023347818187688,4.609168431325156,-8.408912965637455,-8.550625272102268,14.474150680868913,8.267804638215726,-0.5303585390159943,7.6661992966930415,-4.873681598731252,-4.597962756150574,5.079577198502295,-2.3353463499925917,-4.914498790074144,-10.976924206792512,-4.795352524681696,-10.197619527427253,-1.736152497578771,-15.464365974875932,-2.285762499032061,4.183587512471365,6.151496214746993,1.9084268813219187,-0.7606491014575312,-2.734090862392574,2.539213165895956
18.028963567922297,25.632645852081776,16.547173276409037,33.96864668851411,16.480875913428005,-18.883111594049044,-22.55415658162949,-9.223600547961123,-8.281473561963299,23.252876835700388,-2.059483169896913,5.188147515521064,16.288023730172256,-5.875779267201764,-15.223717610080294,-17.74622106215814,15.188566421508051,-0.39785222073856835,-6.838961041143022,-11.851653121822563,19.19711575688009,18.79639642009418,-34.830710421384474,-18.767110272477293,0.1417510073185895,-19.029723961654106,11.028138718815999,11.243647608707661,-11.746719574269578,5.6806687739565165,10.461112737344497,26.402413012405994,12.77563276249008,22.4373950215679,4.672146902609102,36.71727715655339,5.693720909633792,-9.76594743399691,-15.398952459721178,-5.458685220310384,1.0719231767263804,7.024994228800721,-5.244282013939828
82.63050872756453,109.17183880688863,74.41843622155665,145.4789497969811,69.09585166328422,-81.26215765055541,-96.31124616888935,-36.891432192473474,-33.31383184485931,97.49083734775839,-6.89574001301331,16.288023730172256,73.29612152400422,-27.593010608595627,-65.23843753720763,-72.49450378287051,59.10096843036626,-2.583875343976685,-30.60541774712729,-50.409835162944596,77.43199183553128,80.05553688553329,-142.37697209979115,-78.81254127853073,-2.4934422283046342,-80.5066347710658,44.53778703625598,48.823867306154476,-51.55785775117515,25.993205030794133,44.958957115113286,112.2415199790094,52.260753010178775,95.25200956127951,22.431023235287807,156.43287329533808,25.518519523591,-40.06540959023257,-62.74020356879351,-19.764447265374123,3.012217749543933,30.421601255296594,-17.060574758525437
-30.713538735014154,-40.859320295928406,-28.028132496517888,-54.129777591263085,-25.73229301897156,30.257692832706255,36.37942119525029,13.577221860842352,12.331180805913066,-36.258183486641414,2.924297974222321,-5.875779267201764,-27.593010608595627,10.616457011165858,24.055914549111236,26.9952828978325,-21.849948692431674,0.8303209189654547,11.578467274119792,18.716469006436462,-29.020678845460736,-30.270352621527014,53.0721810686487,29.651581872825055,0.8254538529478781,29.994012788929098,-16.715855202948553,-18.263977545633058,19.42140737390069,-9.773753797301337,-17.075065008679996,-41.98551342657672,-19.256395253679557,-36.00331330274604,-8.381246167913371,-58.605918355911875,-9.55294588261948,14.989320910400508,23.27658614182397,7.126041910403653,-1.220399681915577,-11.307946224110399,6.372868427136033
-74.34463897129909,-97.84908330635398,-66.21672431333502,-131.0292302408592,-62.228287844557705,73.12593162052814,85.60738635158015,33.61410767289888,30.205087119178522,-87.89937734843538,5.498722570534301,-15.223717610080294,-65.23843753720763,24.055914549111236,59.226034781214885,65.34421244857522,-53.69293533085728,2.5846079825624697,27.121625228514457,45.499793138154004,-69.42429881157383,-71.09573557080377,128.21430930269074,70.32938788254599,2.3848843082364737,72.45705777412435,-39.886203377391666,-43.75481279898556,45.901792998522296,-23.15400752352655,-39.75634844609302,-100.64523397883892,-47.540013069032376,-84.62014419652692,-20.066710603257455,-140.07115329325796,-22.82969870268768,35.95812163786644,56.74507133315862,18.38207679673709,-2.5440509697762494,-27.412968976686557,15.457226521659095
-81.45857393394235,-109.39437141676471,-73.60561875886985,-145.6471909717419,-69.52537342804864,81.26076853230235,96.40863757516908,37.57851628192083,33.888769094549154,-98.0982848020718,7.296333479627575,-17.74622106215814,-72.49450378287051,26.9952828978325,65.34421244857522,73.42281311509929,-60.605882116599815,2.400365788543721,30.313196817519277,50.55619977243761,-78.62539036226565,-80.17483132015761,144.13407326330025,79.2273114297039,1.7781106593762632,80.83139613451056,-45.209257475705606,-48.711375181133064,51.288361154568634,-25.62161658245089,-44.90980997896933,-112.5426549364391,-52.93135934357961,-95.47525166424137,-21.87851744278555,-156.7422306058879,-25.275494980060746,40.50725987323179,63.58808383049607,20.67236076766453,-3.3800040540877077,-30.370921754975672,18.349238162367392
66.34905718179176,89.83736906363828,60.01762139213938,119.58564305736755,57.224596572858474,-66.67433839361526,-79.05866368744539,-31.140426064270834,-28.033821294510187,80.75882414781785,-6.104651134490938,15.188566421508051,59.10096843036626,-21.849948692431674,-53.69293533085728,-60.605882116599815,50.371714686424966,-1.9148475822324231,-24.700799147249196,-41.5542751261551,64.97329773204159,65.76639290447977,-118.98884506029691,-65.12307399117641,-1.1813777231660152,-66.4538910546942,37.34636061309121,39.903959042931135,-41.93081130590319,20.842745481542664,36.79060988879177,92.4271904667301,43.74454980846706,78.34480206286112,17.71943702036483,128.68892440729937,20.6241451551846,-33.421047564584114,-52.53596209256607,-17.386841741139424,2.9006367237364414,24.914174616224546,-15.59489283368388
-3.387867743464517,-3.697669022001004,-2.611368966461237,-5.278414119073438,-2.391483250177074,2.949744594439894,2.978858161073608,1.316329263934346,1.1495608765334653,-3.4245835772689697,-0.21701147524978504,-0.39785222073856835,-2.583875343976685,0.8303209189654547,2.5846079825624697,2.400365788543721,-1.9148475822324231,0.2888666376247756,1.0256542054928317,1.851498659737455,-2.314644468835311,-2.4228980875522312,4.65135131013878,2.45366582612345,0.3966241438449669,2.829847857293628,-1.3136413871903163,-1.733093506625104,1.732208704774219,-0.9649283375769098,-1.30909067738469,-3.8255016752322697,-1.9186076907549539,-2.8754680618251216,-0.9424134216357007,-5.25102563600591,-0.9546471846555641,1.2556401338919323,2.1459145296620297,0.7056264389179501,0.07907963512978156,-1.1296024853801996,0.24138260279528237
-34.357436579950324,-45.57846604717005,-31.065707125156564,-60.62878636501074,-28.829695390276896,33.8726174997666,40.35609313343993,15.375779604071711,13.932162674846845,-40.660156423576694,3.023347818187688,-6.838961041143022,-30.60541774712729,11.578467274119792,27.121625228514457,30.313196817519277,-24.700799147249196,1.0256542054928317,12.834300495943832,21.005672434146653,-32.44236064592165,-33.54267076065718,59.49539657888762,33.002906020042346,0.9556305983751533,33.59372106179709,-18.66801824081857,-20.38258031272668,21.560919196163507,-10.860326211161395,-18.841369264739797,-46.896541060506074,-21.7516141585469,-39.917498784641104,-9.32382342696128,-65.34924669515601,-10.651367539023871,16.74118796983815,26.190932944735717,8.211585678720814,-1.3326896508779345,-12.654941503331614,7.196761604186313
-57.07143355501552,-75.67927178548692,-51.17870473471515,-101.05179151681378,-48.07218680543969,56.399915509267295,66.45840372726263,25.920632167379843,23.330556151342194,-67.87103165154691,4.609168431325156,-11.851653121822563,-50.409835162944596,18.716469006436462,45.499793138154004,50.55619977243761,-41.5542751261551,1.851498659737455,21.005672434146653,35.07494630845738,-53.91353114959885,-55.22932169705225,99.25490604544248,54.56326149098105,1.6230130240404597,55.95407320467292,-30.987860893001333,-33.78749016583097,35.52858160727059,-17.860632868340964,-30.929934070138884,-77.82700914892608,-36.62108282625802,-65.73616015444134,-15.397291199473434,-108.37440061626219,-17.60104446077884,27.877057772112856,43.84667934949394,14.159025048862508,-2.106611122997136,-21.122790059987537,12.178323187024978
86.37649945136431,117.06555874354392,78.642363354688,155.3792156405029,74.32665350316366,-86.68617623184797,-103.54189080284232,-40.12458895406423,-36.22803249073591,104.81666729885946,-8.408912965637455,19.19711575688009,77.43199183553128,-29.020678845460736,-69.42429881157383,-78.62539036226565,64.97329773204159,-2.314644468835311,-32.44236064592165,-53.91353114959885,84.54482980832645,86.17447624938583,-154.46696996808043,-85.05602797099209,-1.4992161226120504,-86.35842234253023,48.63114189612271,52.01729530930838,-54.898865530664835,27.30057399356661,48.34375351855731,120.3933208549383,56.44374636670184,102.62118903077533,23.17150256107709,167.78357972331838,26.927139363684933,-43.48159957270381,-68.01686098731878,-22.08659308323906,3.8549341935543993,32.37350169678759,-20.078988698315815
89.29971754242125,120.11616037681226,81.31246938437305,159.36329286416327,76.04337944792145,-88.9736246514987,-106.43563273529892,-40.72524279623766,-36.82910807933994,107.21652211329722,-8.550625272102268,18.79639642009418,80.05553688553329,-30.270352621527014,-71.09573557080377,-80.17483132015761,65.76639290447977,-2.4228980875522312,-33.54267076065718,-55.22932169705225,86.17447624938583,88.5751348483312,-157.56547760520164,-87.19315317638805,-1.9019156816854441,-88.46113873797735,49.588449209998615,53.48882219177984,-56.591370423320605,28.274025950536927,49.78755971716087,123.47880108284072,57.464730123830265,105.42648744363018,24.11012482813396,172.18300954756666,27.797560413399452,-44.40780624534256,-69.2951909074262,-22.05390707127329,3.7901152103205225,33.245065294131884,-19.885880893826755
-159.8191467689256,-214.90119231131783,-144.58811651192144,-285.96961256501396,-136.52930854230385,159.55237320377074,189.4207406463553,73.75979057022073,66.47595970271253,-192.64049046867072,14.474150680868913,-34.830710421384474,-142.37697209979115,53.0721810686487,128.21430930269074,144.13407326330025,-118.98884506029691,4.65135131013878,59.49539657888762,99.25490604544248,-154.46696996808043,-157.56547760520164,283.10080045428407,155.64362526202478,3.418945264409188,158.7160768725866,-88.81709722429409,-95.63355096385709,100.72987892947017,-50.27831022114426,-88.31157586359554,-220.9969724423314,-103.90537920711154,-187.6097141254002,-42.932049800150025,-307.87720094568147,-49.60134776322743,79.61304322125935,124.8464512554865,40.587525450389755,-6.653761483833373,-59.660408380719524,36.124676569675614
-88.1151994865624,-118.47219980542498,-80.03770104470684,-157.36285955498423,-75.10000748488643,87.83885260344127,104.79800440213512,40.343177320681065,36.44997097514557,-105.9111117972556,8.267804638215726,-18.767110272477293,-78.81254127853073,29.651581872825055,70.32938788254599,79.2273114297039,-65.12307399117641,2.45366582612345,33.002906020042346,54.56326149098105,-85.05602797099209,-87.19315317638805,155.64362526202478,85.94312872561595,1.8838463063876356,87.34548702397514,-48.93165263753728,-52.754788364629476,55.729218623254006,-27.83969384754987,-48.95523527147778,-121.82305770890113,-56.88971715630743,-103.80109588238035,-23.747351671439418,-169.80612390960576,-27.40153177186353,43.82565616234659,68.51831291773574,21.960995192407022,-3.7168976823232787,-32.82266833859194,19.706463397802725
-3.5362164904863356,-3.11874168545221,-2.512225397050831,-4.669850197170188,-1.965420584517889,2.634569861268984,2.3857255143014986,0.9760233367796696,0.8403557630397372,-2.8341304512477534,-0.5303585390159943,0.1417510073185895,-2.4934422283046342,0.8254538529478781,2.3848843082364737,1.7781106593762632,-1.1813777231660152,0.3966241438449669,0.9556305983751533,1.6230130240404597,-1.4992161226120504,-1.9019156816854441,3.418945264409188,1.8838463063876356,0.6981405991037759,2.3934134208391016,-0.8435102063382949,-1.5608729816935856,1.5580852043302937,-0.9736752662693687,-1.0284879210834599,-3.2135695048047896,-1.5414789257836101,-2.228848820029699,-1.0554996327431438,-4.40164901996848,-0.9309216789384095,0.9062356098958511,1.6219352807149023,0.3697534288949484,0.26259558164648844,-1.033498895580843,-0.32079351852718324
-90.83101778157663,-120.93609999816871,-81.74297563465471,-161.247921754228,-76.78169950905264,90.0002672781987,106.4104690779407,41.36835729757331,37.274394114232706,-108.37282864569363,7.6661992966930415,-19.029723961654106,-80.5066347710658,29.994012788929098,72.45705777412435,80.83139613451056,-66.4538910546942,2.829847857293628,33.59372106179709,55.95407320467292,-86.35842234253023,-88.46113873797735,158.7160768725866,87.34548702397514,2.3934134208391016,89.35176359422597,-49.64938486546844,-53.94889503343099,56.79379434375468,-28.50045368613449,-49.573175078033984,-124.36728436351845,-58.4093812338864,-105.29727448725869,-24.493074208558408,-173.2259144474291,-28.078530615019595,44.60815668727917,70.04909024748521,22.587671930086888,-3.490954173531103,-33.683046085596736,19.668681073168656
49.639464661885555,67.32037443232555,45.23458569493485,89.31887411038426,42.73200541109394,-49.83247515096054,-59.57869444347748,-23.055159320286574,-20.8259779036701,60.25453555328764,-4.873681598731252,11.028138718815999,44.53778703625598,-16.715855202948553,-39.886203377391666,-45.209257475705606,37.34636061309121,-1.3136413871903163,-18.66801824081857,-30.987860893001333,48.63114189612271,49.588449209998615,-88.81709722429409,-48.93165263753728,-0.8435102063382949,-49.64938486546844,27.977665575434354,29.910970387722312,-31.580021925876867,15.70265812982798,27.825370561693028,69.23281211404344,32.43142848521292,59.05100213830538,13.318494300336358,96.49209471019518,15.482146270860655,-25.00635223657214,-39.09919057398288,-12.67774918944963,2.230025319896849,18.606737192448957,-11.556086509351957
55.09695811695954,73.065238670833807,49.56940693379607,97.42018374674537,46.33444616248779,-54.38891744926336,-64.35441986598616,-24.87186976658141,-22.437219290054273,65.38812731198482,-4.597962756150574,11.243647608707661,48.823867306154476,-18.263977545633058,-43.75481279898556,-48.711375181133064,39.903959042931135,-1.733093506625104,-20.38258031272668,-33.78749016583097,52.01729530930838,53.48882219177984,-95.63355096385709,-52.754788364629476,-1.5608729816935856,-53.94889503343099,29.910970387722312,32.641364177816556,-34.402824767657094,17.303876367272533,29.99385468775185,75.14280556642389,35.168148626804594,63.66161593854718,14.900965006325432,104.67781745388196,17.023129856560107,-26.883032068844738,-42.189386628719426,-13.470913981103909,2.064870721255266,20.354786048330578,-11.664327941963723
-57.91914491048546,-77.0355800042627,-52.3469499116937,-102.51086329918516,-48.7825306495864,57.24107446732071,68.06226326126138,26.09406509503487,23.578973945463147,-68.80459275182133,5.079577198502295,-11.746719574269578,-51.55785775117515,19.42140737390069,45.901792998522296,51.288361154568634,-41.93081130590319,1.732208704774219,21.560919196163507,35.52858160727059,-54.898865530664835,-56.591370423320605,100.72987892947017,55.729218623254006,1.5580852043302937,56.79379434375468,-31.580021925876867,-34.402824767657094,36.34994981621137,-18.258302420644476,-31.778368037029402,-79.21280616508734,-36.90240748638956,-67.3487866591466,-15.683878444793288,-110.40364474354841,-17.939419168421825,28.350256777116815,44.368464103703715,14.04863984038604,-2.2456311267369884,-21.410598736935718,12.319900360126338
29.411367518820292,38.61630152178772,26.384121593669693,51.533033552237626,24.439527642095687,-28.792506903497895,-34.04016623886453,-13.040182029702734,-11.78811023260352,34.493384698589395,-2.3353463499925917,5.6806687739565165,25.993205030794133,-9.773753797301337,-23.15400752352655,-25.62161658245089,20.842745481542664,-0.9649283375769098,-10.860326211161395,-17.860632868340964,27.30057399356661,28.274025950536927,-50.27831022114426,-27.83969384754987,-0.9736752662693687,-28.50045368613449,15.70265812982798,17.303876367272533,-18.258302420644476,9.243190294910354,15.866030341172918,39.72448485830757,18.486920509480125,33.637954347292904,7.998626667665039,55.333802092630656,9.066184383808416,-14.131026325980335,-22.175815222972872,-6.9565493545931245,1.0260032113365913,10.776134285528723,-5.912337223938054
50.0135466720271,67.38682183809962,45.675096150614735,89.29168209928031,42.61210792035436,-49.860877229209414,-59.8044401960338,-22.76486416131395,-20.594944264600077,60.06941273861375,-4.914498790074144,10.461112737344497,44.958957115113286,-17.075065008679996,-39.75634844609302,-44.90980997896933,36.79060988879177,-1.30909067738469,-18.841369264739797,-30.929934070138884,48.34375351855731,49.78755971716087,-88.31157586359554,-48.95523527147778,-1.0284879210834599,-49.573175078033984,27.825370561693028,29.99385468775185,-31.778368037029402,15.866030341172918,28.01929354387217,69.24515375850928,32.13468315222717,59.25050537002858,13.518691096638976,96.60518726854555,15.586673321752553,-24.917579673479842,-38.795473571639754,-12.285628428582527,2.14802242763654,18.632742845752652,-11.157387804049753
126.30551801158549,168.4588484190369,113.96625126587554,224.363732570397,106.87274726046316,-125.24051547680699,-148.50931613125024,-57.47273923230717,-51.848772701040446,150.8001540397495,-10.976924206792512,26.402413012405994,112.2415199790094,-41.98551342657672,-100.64523397883892,-112.5426549364391,92.4271904667301,-3.8255016752322697,-46.896541060506074,-77.82700914892608,120.3933208549383,123.47880108284072,-220.9969724423314,-121.82305770890113,-3.2135695048047896,-124.36728436351845,69.23281211404344,75.14280556642389,-79.21280616508734,39.72448485830757,69.24515375850928,173.24657930897524,81.14718550026986,146.98300306023444,34.080386731469005,241.36227363955174,39.10959372329274,-62.145485063442706,-97.45177083173057,-31.28109528963099,4.963040773423893,46.84758707958013,-27.440812668701867
59.21767124970264,78.90204102078926,53.05796320974284,105.42226573359073,50.23366075711151,-58.80299604965788,-69.13789069973977,-27.24589343105266,-24.476876544268094,70.9307105828759,-4.795352524681696,12.77563276249008,52.260753010178775,-19.256395253679557,-47.540013069032376,-52.93135934357961,43.74454980846706,-1.9186076907549539,-21.7516141585469,-36.62108282625802,56.44374636670184,57.464730123830265,-103.90537920711154,-56.88971715630743,-1.5414789257836101,-58.4093812338864,32.43142848521292,35.168148626804594,-36.90240748638956,18.486920509480125,32.13468315222717,81.14718550026986,38.42227508300279,68.42105769241829,15.901987635566059,112.96192917757274,18.26517831957182,-29.16167482567635,-45.95116532719141,-15.06602853785414,2.2488759368753253,22.023716412988815,-13.02159169676228
106.23717260618764,142.95984930347518,96.74441372034899,189.680821599533,90.5242035130256,-105.89549639370686,-126.68515057282143,-48.49809113520247,-43.86291998392237,127.63126209566609,-10.197619527427253,22.4373950215679,95.25200956127951,-36.00331330274604,-84.62014419652692,-95.47525166424137,78.34480206286112,-2.8754680618251216,-39.917498784641104,-65.73616015444134,102.62118903077533,105.42648744363018,-187.6097141254002,-103.80109588238035,-2.228848820029699,-105.29727448725869,59.05100213830538,63.66161593854718,-67.3487866591466,33.637954347292904,59.25050537002858,146.98300306023444,68.42105769241829,125.49991875479046,28.670716721957707,204.9492243093122,33.079220193680825,-52.86782920269951,-82.50944305637094,-26.283197746956326,4.531620013911859,39.560140946801994,-23.72254090618837
25.647451790914367,33.14490598351096,22.76677462786685,44.421297032984434,20.976961608233292,-24.825427048386896,-29.052534055144328,-11.17409928093669,-10.068514236452954,29.632365485643003,-1.736152497578771,4.672146902609102,22.431023235287807,-8.381246167913371,-20.066710603257455,-21.87851744278555,17.71943702036483,-0.9424134216357007,-9.32382342696128,-15.397291199473434,23.17150256107709,24.11012482813396,-42.932049800150025,-23.747351671439418,-1.0554996327431438,-24.493074208558408,13.318494300336358,14.900965006325432,-15.683878444793288,7.998626667665039,13.518691096638976,34.080386731469005,15.901987635566059,28.670716721957707,7.006003639821324,47.45795370970571,7.842571544337398,-12.052808317747088,-18.977806643235954,-5.923525093302679,0.7467956309119795,9.316162644720713,-4.803185487010982
175.83790304938393,234.74519368218407,158.85477461748388,312.49291676716683,148.86983610684996,-174.43814984124663,-207.0430250119437,-79.99238892645971,-72.15956406037814,210.03885832689622,-15.464365974875932,36.71727715655339,156.43287329533808,-58.605918355911875,-140.07115329325796,-156.7422306058879,128.68892440729937,-5.25102563600591,-65.34924669515601,-108.37440061626219,167.78357972331838,172.18300954756666,-307.87720094568147,-169.80612390960576,-4.40164901996848,-173.2259144474291,96.49209471019518,104.67781745388196,-110.40364474354841,55.333802092630656,96.60518726854555,241.36227363955174,112.96192917757274,204.9492243093122,47.45795370970571,336.3393690509795,54.46916721801084,-86.62143236506834,-135.70618338236176,-43.50345160831702,6.947093016934217,65.25831743146023,-38.285168882413814
28.8999101582653,38.01717060868873,25.904458762056716,50.76059196946791,24.089423813200593,-28.351731995705148,-33.46395957385194,-12.894290827148042,-11.639830136386944,34.005995344092796,-2.285762499032061,5.693720909633792,25.518519523591,-9.55294588261948,-22.82969870268768,-25.275494980060746,20.6241451551846,-0.9546471846555641,-10.651367539023871,-17.60104446077884,26.927139363684933,27.797560413399452,-49.60134776322743,-27.40153177186353,-0.9309216789384095,-28.078530615019595,15.482146270860655,17.023129856560107,-17.939419168421825,9.066184383808416,15.586673321752553,39.10959372329274,18.26517831957182,33.079220193680825,7.842571544337398,54.46916721801084,8.907892081240973,-13.934640345978815,-21.890669895208866,-6.9293139607618315,1.017262504790965,10.613185249225682,-5.8931913675753815
-44.84629278390566,-60.46201536822567,-40.697347844524344,-80.35312604427445,-38.37771021295536,44.83628158295615,53.359804521294095,20.697941977375944,18.653716064993457,-54.13816427114935,4.183587512471365,-9.76594743399691,-40.06540959023257,14.989320910400508,35.95812163786644,40.50725987323179,-33.421047564584114,1.2556401338919323,16.74118796983815,27.877057772112856,-43.48159957270381,-44.40780624534256,79.61304322125935,43.82565616234659,0.9062356098958511,44.60815668727917,-25.00635223657214,-26.883032068844738,28.350256777116815,-14.131026325980335,-24.917579673479842,-62.145485063442706,-29.16167482567635,-52.86782920269951,-12.052808317747088,-86.62143236506834,-13.934640345978815,22.41620839951185,35.07469638508795,11.369885478730374,-1.8979101480443463,-16.76768333169926,10.20401252185516
-70.67884629988376,-94.74767438465508,-63.70468208039868,-126.27094429762748,-60.252701825495635,70.44093335176662,83.33612192135124,32.61663045611128,29.370291684399874,-85.0374753881884,6.151496214746993,-15.398952459721178,-62.74020356879351,23.27658614182397,56.74507133315862,63.58808383049607,-52.53596209256607,2.1459145296620297,26.190932944735717,43.84667934949394,-68.01686098731878,-69.2951909074262,124.8464512554865,68.51831291773574,1.6219352807149023,70.04909024748521,-39.09919057398288,-42.189386628719426,44.368464103703715,-22.175815222972872,-38.795473571639754,-97.45177083173057,-45.95116532719141,-82.50944305637094,-18.977806643235954,-135.70618338236176,-21.890669895208866,35.07469638508795,55.12416250910127,17.992363198847357,-2.8620155570837658,-26.347993807465183,15.847462688050554
-22.388790474724814,-30.407981499493992,-20.074398438104907,-40.64212254401738,-19.477338809624435,22.63291530934961,26.517343304780393,10.75687604679478,9.617044488676365,-27.526134291354378,1.9084268813219187,-5.458685220310384,-19.764447265374123,7.126041910403653,18.38207679673709,20.67236076766453,-17.386841741139424,0.7056264389179501,8.211585678720814,14.159025048862508,-22.08659308323906,-22.05390707127329,40.587525450389755,21.960995192407022,0.3697534288949484,22.587671930086888,-12.67774918944963,-13.470913981103909,14.04863984038604,-6.9565493545931245,-12.285628428582527,-31.28109528963099,-15.06602853785414,-26.283197746956326,-5.923525093302679,-43.50345160831702,-6.9293139607618315,11.369885478730374,17.992363198847357,6.176490659426358,-0.9616564870945904,-8.47392274233148,5.4604861270640885
2.942247908746223,4.810372620417409,3.0652713081090437,6.080797809577393,3.0432990805744202,-3.3819554400508727,-4.512447529530392,-1.6590050020197609,-1.5466543349677897,4.251664708103013,-0.7606491014575312,1.0719231767263804,3.012217749543933,-1.220399681915577,-2.5440509697762494,-3.3800040540877077,2.9006367237364414,0.07907963512978156,-1.3326896508779345,-2.106611122997136,3.8549341935543993,3.7901152103205225,-6.653761483833373,-3.7168976823232787,0.26259558164648844,-3.490954173531103,2.230025319896849,2.064870721255266,-2.2456311267369884,1.0260032113365913,2.14802242763654,4.963040773423893,2.2488759368753253,4.531620013911859,0.7467956309119795,6.947093016934217,1.017262504790965,-1.8979101480443463,-2.8620155570837658,-0.9616564870945904,0.3591460931649588,1.2265480165340013,-1.2202033976670974
34.47152743505149,45.57855872682495,30.889492898384965,60.88000867328801,28.930911014606252,-33.98616250585695,-39.999723296324134,-15.567990274622344,-13.996586302139333,40.85084256328613,-2.734090862392574,7.024994228800721,30.421601255296594,-11.307946224110399,-27.412968976686557,-30.370921754975672,24.914174616224546,-1.1296024853801996,-12.654941503331614,-21.122790059987537,32.37350169678759,33.245065294131884,-59.660408380719524,-32.82266833859194,-1.033498895580843,-33.683046085596736,18.606737192448957,20.354786048330578,-21.410598736935718,10.776134285528723,18.632742845752652,46.84758707958013,22.023716412988815,39.560140946801994,9.316162644720713,65.25831743146023,10.613185249225682,-16.76768333169926,-26.347993807465183,-8.47392274233148,1.2265480165340013,12.742725822760367,-7.243271447638598
-18.438075030559734,-26.69693920316399,-17.352294553053234,-35.029134832659444,-17.040679024687016,19.49266139287993,23.797086950543527,9.395106961081902,8.473520493471426,-23.996229485902926,2.539213165895956,-5.244282013939828,-17.060574758525437,6.372868427136033,15.457226521659095,18.349238162367392,-15.59489283368388,0.24138260279528237,7.196761604186313,12.178323187024978,-20.078988698315815,-19.885880893826755,36.124676569675614,19.706463397802725,-0.32079351852718324,19.668681073168656,-11.556086509351957,-11.664327941963723,12.319900360126338,-5.912337223938054,-11.157387804049753,-27.440812668701867,-13.02159169676228,-23.72254090618837,-4.803185487010982,-38.285168882413814,-5.8931913675753815,10.20401252185516,15.847462688050554,5.4604861270640885,-1.2202033976670974,-7.243271447638598,5.546428577641105
