V1,V2,V3,V4,V5,V6,V7,V8,V9,V10,V11,V12,V13,V14,V15,V16,V17,V18,V19,V20,V21,V22,V23,V24,V25,V26,V27,V28,V29,V30,V31,V32,V33,V34,V35,V36,V37,V38,V39,V40,V41,V42,V43,V44
2.0738115256704126,0.5137498355936593,1.250574104221402,0.3352471789263561,-0.4723986373511573,0.8921571340954199,0.8082409113027135,0.28606504686608525,0.5803732903196008,0.14746649489321823,0.11290644164449404,1.7379176711852424,-0.9853039175268652,0.02424284205667624,0.4608250586111463,-1.7525097284931515,-0.09903366428474379,-1.11412167958313,0.7716999521473553,-0.3243171918613688,-0.9004981905464262,-1.5139195032731172,-0.7717946805311862,-0.32374134575422586,0.7873580278027796,1.00482347193484,-0.3869478622927912,0.9731579787375991,0.10865612256024477,0.6360257387561798,-1.6863352937327558,-8.270330195751585e-4,0.6065353113504949,-1.2681849726608252,-0.9116226091755323,-1.705052608526789,0.334477274386034,-1.130001377437482,-0.09671267509475343,-0.5839870484959958,-1.7247684372389156,2.1536812010233835,-1.4403630070793305,1.7176612389085757
0.5137498355936593,1.349484542663061,-0.2047168769202237,0.22598399850769393,0.036346155506965495,0.8161585779408087,0.13218552617310392,-0.4463777822849866,-0.816410826044252,-0.03976528308195853,-0.015809853363384415,0.12306469619299026,-0.9263837612863757,-0.35398843155747517,-0.3560218703085956,0.4228255403644746,0.2661694948328258,0.6031105904245458,-1.294245714946043,-0.7508232445603904,-1.1135332921062204,-0.32218812592031004,0.2801711797735355,-1.9844213330290725,0.4967517074123243,0.38008206621197804,-0.7537000403844212,0.2689065660043114,-0.5499721786777043,-0.24582933501220153,-0.1611480920636988,0.04097765788395316,-0.335048636067223,-1.292813896033279,-0.6509088202449287,0.7183648465898271,-0.22270765599741907,0.5190149689873198,0.4256880143866615,0.20396345713044373,-0.7769395883614262,0.5738454742646198,1.3515082623083046,-2.419662642914413
1.250574104221402,-0.2047168769202237,2.0249215350776053,0.07054090413552873,-0.9648909110655813,0.04228261412130895,1.1253663161357972,0.6140422574771579,1.3544626111304203,0.33266326971262256,0.29588031155079536,1.2460097116164732,-0.030376887716995076,0.3671185186213162,0.6146311863421405,-2.824428291072014,-0.3429061151989526,-1.1847902528949044,2.12677182361402,0.5960601321278639,-0.48888363332273105,-1.2388729769319469,-1.275197536587722,0.897935861233767,0.6789645698683022,0.5240012054012763,0.13886531313606926,0.9603378472405331,0.6160868609194304,0.6508908808628074,-2.0500097463794247,0.23300887990828062,0.786444578555489,-6.957731838940224e-4,-0.6072119880881741,-2.0027530161645672,0.9410606814281713,-1.2731705036527416,0.3677451753401331,-0.7111355216569915,-1.3262326916188276,1.3912607938043393,-2.779917511665713,3.462128474175593
0.3352471789263561,0.22598399850769393,0.07054090413552873,0.12449426009374825,-0.05718281461466735,0.22649360062900817,0.09702526605319427,-0.0011367353250571837,-0.03570763623488706,-0.021542627568485125,-0.027215529340901087,0.25640630715487567,-0.1813317688487555,-0.03461414087833639,0.03382434102051526,-0.2147289359619628,0.02685495388286914,-0.09480561477019665,-0.0644395347938456,-0.12999271470092694,-0.25025881741029404,-0.23384293980206225,-0.02029200455203018,-0.12435996802560072,0.10549819286400645,0.1282191391721651,-0.09731664354908988,0.1853900641211804,-0.03335322378651667,0.03644511405120037,-0.14224525572592703,-0.022104668782399577,0.11144029494655504,-0.27411593140844687,-0.18116335692194616,-0.18363129009984921,-0.07654185302400952,-0.029149289154814968,-0.052054015124390986,-0.019660086098827627,-0.2578123800053943,0.35992977481524535,-0.05135917039524882,0.023479846721316932
-0.4723986373511573,0.036346155506965495,-0.9648909110655813,-0.05718281461466735,0.7195612558002764,0.0742059342973498,-0.6989379360654652,-0.4751534152623276,-0.8374051343342279,-0.14548398582032795,-0.21449581364995027,-0.8236299092863244,-0.4100303657970006,-0.2763096906653768,-0.3843951948987654,1.7991471305412148,0.21154296721448057,0.7789475227311451,-1.3091197117873115,-0.42728805024560707,-0.027218705460444578,0.5609579791259178,0.6066836439727471,-0.9442238568124,-0.23524687798631352,-0.14339401745157648,-0.1489306491421267,-0.6548312624611139,-0.5045177364539278,-0.4119496922234496,0.9247179841949017,-0.17371400782573657,-0.6394917879501529,-0.2317480260356605,0.241796308164194,1.2390891488478595,-0.30073765063458413,0.5915319207000307,-0.1738767946196285,0.2890791329625395,0.5207900958751618,-0.6418786854675366,1.6054623860871617,-2.560690202248866
0.8921571340954199,0.8161585779408087,0.04228261412130895,0.22649360062900817,0.0742059342973498,0.7988981455190686,0.1069073011339953,-0.23947410512440637,-0.4182002638006037,-0.017684313582161663,0.005640516455381073,0.5310884897586579,-0.928516209628959,-0.22643470785463504,-0.07127000022219139,0.10561689872483283,0.17091275265123249,0.0703976407917476,-0.6624330342654262,-0.5756297903496824,-0.8125735866138837,-0.5354765602753411,0.0260951496175247,-1.2710498106805528,0.3962988370434776,0.5166276922651115,-0.5204246341347126,0.3088848197302147,-0.3519277577472335,0.0272604905832995,-0.3828469589148352,-0.07752148586005697,-0.10074954645893432,-1.1646933454664963,-0.5993450608564987,-0.01837281388640057,-0.14461916630622063,0.01998968014009181,0.03225277283855108,-0.014083554764636247,-0.8250319273872913,0.9262900875691878,0.5599725722190099,-1.2035975788663094
0.8082409113027135,0.13218552617310392,1.1253663161357972,0.09702526605319427,-0.6989379360654652,0.1069073011339953,0.819276464548109,0.39268075621964943,0.7419863730039642,0.1617536526443691,0.19167322792595237,0.9393976207303629,0.05601161660917503,0.19121723882471947,0.35582600018491356,-1.7820912963231053,-0.18566616669663497,-0.7717711224415474,1.1706517133905265,0.24468291177508442,-0.27394770860104994,-0.7955828165131011,-0.693111961565498,0.4234362912101877,0.45030595555877234,0.3716072889189306,-0.03996491138585512,0.7286044908127985,0.3691953963751819,0.45451147325701924,-1.2288539168538959,0.1786364212094614,0.5568192539694395,-0.1569398456845932,-0.40902028592396206,-1.2170328125240832,0.4694096351167807,-0.7318103650042187,0.2715798833527918,-0.388920667923722,-0.874027667151679,0.9331554839790293,-1.527176186485197,2.1973859789024495
0.28606504686608525,-0.4463777822849866,0.6140422574771579,-0.0011367353250571837,-0.4751534152623276,-0.23947410512440637,0.39268075621964943,0.6400984431877939,0.9158225610256346,0.10976759990499477,0.13456570420737135,0.7625477870039498,0.6691242637453704,0.3662697165858059,0.41322166633655827,-1.6155531095336364,-0.22257142137551747,-0.9483086656851176,1.3016829769757676,0.4778211342193857,0.5109593065759344,-0.2557988032272574,-0.30273477275827937,1.8412615221278599,-0.07585657216449454,-0.13401187432235123,0.46328714680060906,0.32602708571662026,0.6639081352761669,0.34351623079505195,-0.39627357543638464,0.15495226664994324,0.7701819759693008,0.639216152739802,0.1118178574376969,-1.3493938021434393,-0.047176850785154066,-0.5457151897725214,-0.2912335710273915,-0.16600640810341002,-0.05128747239070862,0.4688998777027309,-1.6667923927547414,3.1241994227286387
0.5803732903196008,-0.816410826044252,1.3544626111304203,-0.03570763623488706,-0.8374051343342279,-0.4182002638006037,0.7419863730039642,0.9158225610256346,1.5932165133052392,0.22947796300909373,0.2733433129244939,1.1918310953458418,0.8689778472379237,0.5673104044688895,0.7315577811879107,-2.611499831409396,-0.4225959662934903,-1.5038775584342432,2.3631030302491225,0.8787088869319521,0.6372924125552288,-0.6277844188111168,-0.8758178260286322,2.4775154031341473,0.047311233897753914,0.02120711129698883,0.6546805463804805,0.6490104198760492,0.9797260508154413,0.6686859008601518,-1.1003419140039377,0.19578660580971952,1.0817367757814538,0.9081707208578892,0.024178414961638483,-2.180062478056676,0.37118178735133545,-1.1584981794891447,-0.22516212119019463,-0.49921643475239547,-0.33043452625378456,0.7869133284490374,-2.894750769634387,4.814036055849813
0.14746649489321823,-0.03976528308195853,0.33266326971262256,-0.021542627568485125,-0.14548398582032795,-0.017684313582161663,0.1617536526443691,0.10976759990499477,0.22947796300909373,0.11233676140693402,0.07550830528712703,0.17565954507176304,-0.0028453582225636885,0.08487349617060604,0.08407526714213193,-0.4662395676847949,-0.050625465705228113,-0.15638784246233667,0.3317530274293054,0.10941419048344517,-0.03866718096013817,-0.13185119545685783,-0.11556984106769018,0.21102782727552347,0.08963498611469504,0.01840677276243264,0.03999212227167407,0.0896090709549894,0.13535851330483925,0.053088607034259654,-0.29815047902194597,0.06175165514639041,0.11566548048202611,0.05687208828001818,-0.06694426760277968,-0.29591039530978297,0.10833906056573844,-0.14595016917073692,0.0645174240848429,-0.07429667351516629,-0.17052511584435803,0.18910910963604022,-0.4359012541045077,0.5512554740653609
0.11290644164449404,-0.015809853363384415,0.29588031155079536,-0.027215529340901087,-0.21449581364995027,0.005640516455381073,0.19167322792595237,0.13456570420737135,0.2733433129244939,0.07550830528712703,0.18272009536263312,0.3206356910819038,0.1040823909000363,0.10752693248408617,0.1530872112088568,-0.4780101523486646,-0.05888067920574112,-0.2567061013624285,0.47732905468689985,0.1785687026904653,0.14123955138188876,-0.10117357783353635,-0.18289295724197666,0.19894817892936395,0.04622344860118056,0.06239916601448692,0.028108453674538958,0.19653084443482507,0.1787965229611416,0.17941542560628318,-0.3106752265216049,0.058518943352964294,0.14185123966648683,0.04010826679005521,-0.10380840235712695,-0.39565549010508383,0.11096010425485164,-0.20509263562905483,0.06924653381114855,-0.08896165703202108,-0.14421194204172147,0.2052537860728318,-0.45457485720617935,0.7876618472305474
1.7379176711852424,0.12306469619299026,1.2460097116164732,0.25640630715487567,-0.8236299092863244,0.5310884897586579,0.9393976207303629,0.7625477870039498,1.1918310953458418,0.17565954507176304,0.3206356910819038,2.2691944335844,-0.013130799692606143,0.36576694689492784,0.762881651952553,-2.5493082788064436,-0.2687710180816573,-1.7692284794420903,1.6990493492211667,0.16068889225572522,0.11145550317663706,-1.2692090052745035,-0.755754402258624,1.3134936399778412,0.40222202482324043,0.695678660891544,0.007817660051067522,1.1282975452402104,0.6904080585175968,0.9196321097325344,-1.4673772175593867,0.08548249248124255,1.158469776947489,-0.48835022891993507,-0.600810346604053,-2.531115290649521,-0.006371840494996461,-1.288557665345092,-0.38678994940874334,-0.5326742928406207,-1.2260399912575664,2.010394072899686,-2.3093245917552343,4.142213647307819
-0.9853039175268652,-0.9263837612863757,-0.030376887716995076,-0.1813317688487555,-0.4100303657970006,-0.928516209628959,0.05601161660917503,0.6691242637453704,0.8689778472379237,-0.0028453582225636885,0.1040823909000363,-0.013130799692606143,1.6721930700154573,0.4819530060774325,0.2980740026769031,-1.0270958952028504,-0.2587536126124862,-0.6161025540385623,1.3260272399318767,0.8800267064603498,1.3706843927260581,0.6031189176831542,0.01819617062123075,2.6993084819842186,-0.6512110275170888,-0.7804056416403325,0.843461058826993,-0.07060134865982509,0.8232209793226167,0.14372530329578426,0.5716446802994577,0.16383113116099693,0.6948172394459159,1.6943315914459784,0.7374288724339474,-0.7704137729811021,-0.27982256496531144,-0.0463102397072354,-0.32794072121165796,0.12318832563145375,1.0898892797194935,-0.8125211421523082,-1.3238423756440496,3.236060154468089
0.02424284205667624,-0.35398843155747517,0.3671185186213162,-0.03461414087833639,-0.2763096906653768,-0.22643470785463504,0.19121723882471947,0.3662697165858059,0.5673104044688895,0.08487349617060604,0.10752693248408617,0.36576694689492784,0.4819530060774325,0.2656464491792074,0.24359790199433465,-0.9120254102379728,-0.1475626303518957,-0.5035629983818478,0.8478618843216363,0.38134379773880084,0.39394620940771524,-0.045555011032732164,-0.1795537122276318,1.1774278353941456,-0.10689751990863512,-0.1578995102326447,0.31646396346939804,0.1407941074970911,0.4199967263321368,0.17666384677947447,-0.1897605664939005,0.09519386977843762,0.43049725343441336,0.5172138526480751,0.10966431992504258,-0.7625815417161989,-0.030918657750178408,-0.2698435227113075,-0.15682819313393262,-0.0750795668598528,0.09635763494461765,0.12714920756167064,-1.0092079161352911,1.8279570054996999
0.4608250586111463,-0.3560218703085956,0.6146311863421405,0.03382434102051526,-0.3843951948987654,-0.07127000022219139,0.35582600018491356,0.41322166633655827,0.7315577811879107,0.08407526714213193,0.1530872112088568,0.762881651952553,0.2980740026769031,0.24359790199433465,0.4204327939972345,-1.1724085963639597,-0.18953173916307395,-0.8145410283291215,1.1368225144620885,0.3552188529669157,0.321032562923262,-0.4072624136939059,-0.4465421395363031,1.0419588850794907,0.02335738384646131,0.14331402825597067,0.24631144965849122,0.40306571776710953,0.43704804982533413,0.42027045973283605,-0.5854977083214395,0.020490013629666813,0.5311713946559762,0.23703510865968147,-0.07321392261292772,-1.1659675035026764,0.16315888780945903,-0.6464500944453809,-0.19413398191906311,-0.28889253758168654,-0.2505627337713095,0.5567916169557647,-1.3599502676681785,2.301378434376574
-1.7525097284931515,0.4228255403644746,-2.824428291072014,-0.2147289359619628,1.7991471305412148,0.10561689872483283,-1.7820912963231053,-1.6155531095336364,-2.611499831409396,-0.4662395676847949,-0.4780101523486646,-2.5493082788064436,-1.0270958952028504,-0.9120254102379728,-1.1724085963639597,5.603972916790702,0.6058079203811103,2.5694342401037247,-3.8317640397173123,-1.19367234710748,-0.034123815893376826,1.6475619940721893,1.4872961501508755,-3.795157515233171,-0.5870871169505353,-0.1856704441894098,-0.7881949561896965,-1.6093747156749314,-1.653333928754283,-1.0265993611259656,2.478529225095146,-0.5394101370548954,-2.1422717302866574,-0.8659369534797379,0.5717061901273857,4.067304564048537,-0.49330781893399017,1.7536536094905515,0.10118847755928388,0.7568067281971176,1.4728446290423751,-2.300159655653883,5.147607615797468,-8.157916424480858
-0.09903366428474379,0.2661694948328258,-0.3429061151989526,0.02685495388286914,0.21154296721448057,0.17091275265123249,-0.18566616669663497,-0.22257142137551747,-0.4225959662934903,-0.050625465705228113,-0.05888067920574112,-0.2687710180816573,-0.2587536126124862,-0.1475626303518957,-0.18953173916307395,0.6058079203811103,0.14072130006168634,0.3854426351174247,-0.6146296397454728,-0.24286136303698727,-0.21783831899790818,0.14866900579145192,0.2532728097089451,-0.5984165488337586,-0.013151607517346372,-0.013762927997652382,-0.1573154472584608,-0.15513277035817094,-0.245106211049182,-0.19022818225513144,0.29183699206400804,-0.05194525796934318,-0.24242038365855295,-0.2625689990088825,-0.03351851545697283,0.5228387216695212,-0.155724388333171,0.33702691523296135,0.027547291974279343,0.16303566098494437,0.05186628338509311,-0.12297132706325087,0.7298341275348359,-1.2067581035924986
-1.11412167958313,0.6031105904245458,-1.1847902528949044,-0.09480561477019665,0.7789475227311451,0.0703976407917476,-0.7717711224415474,-0.9483086656851176,-1.5038775584342432,-0.15638784246233667,-0.2567061013624285,-1.7692284794420903,-0.6161025540385623,-0.5035629983818478,-0.8145410283291215,2.5694342401037247,0.3854426351174247,1.8406648039305802,-2.1566888379632885,-0.5741221140392818,-0.66706061235873,0.8742305782236867,0.7824112690119103,-2.3427766139870623,-0.09300534876107829,-0.2981713103202256,-0.4793976975736768,-0.8195572813641886,-0.9307862656867257,-0.8737816165921485,1.1267035980070756,-0.1226646593325111,-1.2183579892265683,-0.4194537627333911,0.10522723664448168,2.496426237307094,-0.14389244293635597,1.3480932449729677,0.5048297437172713,0.5427121494143272,0.5945467112406475,-1.339404175926067,2.7664110879082715,-5.02209389596941
0.7716999521473553,-1.294245714946043,2.12677182361402,-0.0644395347938456,-1.3091197117873115,-0.6624330342654262,1.1706517133905265,1.3016829769757676,2.3631030302491225,0.3317530274293054,0.47732905468689985,1.6990493492211667,1.3260272399318767,0.8478618843216363,1.1368225144620885,-3.8317640397173123,-0.6146296397454728,-2.1566888379632885,3.7537881166378844,1.4469816960104656,0.9639579273743867,-0.9251031994598158,-1.4770096198402507,3.51226691584021,0.046584475428713266,0.07403111599408822,0.96214191649803,1.0316933431670445,1.432942632084656,1.0671921092352685,-1.7802663395808496,0.23829177486932407,1.5451030949766362,1.3653477625582047,-0.01112493692901681,-3.2331364684785533,0.74446294582439,-1.7487258851651113,-0.2197326618894761,-0.7941308837724248,-0.48038971371980077,1.0623116766280976,-4.39568962569548,7.099018360819837
-0.3243171918613688,-0.7508232445603904,0.5960601321278639,-0.12999271470092694,-0.42728805024560707,-0.5756297903496824,0.24468291177508442,0.4778211342193857,0.8787088869319521,0.10941419048344517,0.1785687026904653,0.16068889225572522,0.8800267064603498,0.38134379773880084,0.3552188529669157,-1.19367234710748,-0.24286136303698727,-0.5741221140392818,1.4469816960104656,0.7920437233597056,0.6513971768854785,0.08257683564283833,-0.42850641582113974,1.6848543224582673,-0.23193123005567748,-0.32007086769258974,0.5768042982331617,0.14039102411980797,0.6067037817051554,0.24189828165895144,-0.26753571310989216,0.10982531627744589,0.4837723477065963,1.0470500662828048,0.2691709637427003,-0.892970461280384,0.23178867622500463,-0.3826691826593241,-0.05749954495627425,-0.1610070629872468,0.33103706529544485,-0.2123112968941286,-1.545358804622924,2.568740740747857
-0.9004981905464262,-1.1135332921062204,-0.48888363332273105,-0.25025881741029404,-0.027218705460444578,-0.8125735866138837,-0.27394770860104994,0.5109593065759344,0.6372924125552288,-0.03866718096013817,0.14123955138188876,0.11145550317663706,1.3706843927260581,0.39394620940771524,0.321032562923262,-0.034123815893376826,-0.21783831899790818,-0.66706061235873,0.9639579273743867,0.6513971768854785,1.8158091958160396,0.7638726962511064,0.23936510974389288,2.260488742833282,-0.8122916059542573,-0.5823020981081057,0.7171930681820726,-0.3088315965613106,0.6611234561045929,0.2810757682035738,0.8397248351620525,-0.0050074134451637805,0.42487660555260415,1.3784643470188995,0.8546388884212203,-0.5788733989502095,-0.3756824812544057,-0.20335208918300918,-0.6321998812336076,0.08158823789410936,1.2589565921636563,-0.8200686252087367,-0.714642794983724,2.6255878285695036
-1.5139195032731172,-0.32218812592031004,-1.2388729769319469,-0.23384293980206225,0.5609579791259178,-0.5354765602753411,-0.7955828165131011,-0.2557988032272574,-0.6277844188111168,-0.13185119545685783,-0.10117357783353635,-1.2692090052745035,0.6031189176831542,-0.045555011032732164,-0.4072624136939059,1.6475619940721893,0.14866900579145192,0.8742305782236867,-0.9251031994598158,0.08257683564283833,0.7638726962511064,1.2980543542688778,0.8864715519408437,0.23138727813516366,-0.6915952030408855,-0.8213990205922272,0.2732096995117743,-0.8925350950478095,-0.1297977428721059,-0.5521404685131184,1.5637903011716556,-0.011977825313989478,-0.4981713455950657,0.8401417882000325,0.7446648471260903,1.4056335315433852,-0.5274412273074155,0.9993862843418079,-0.14877678010875212,0.5674038484322105,1.4108671319049724,-1.5516020100468184,1.4409699752960061,-1.6199361060106943
-0.7717946805311862,0.2801711797735355,-1.275197536587722,-0.02029200455203018,0.6066836439727471,0.0260951496175247,-0.693111961565498,-0.30273477275827937,-0.8758178260286322,-0.11556984106769018,-0.18289295724197666,-0.755754402258624,0.01819617062123075,-0.1795537122276318,-0.4465421395363031,1.4872961501508755,0.2532728097089451,0.7824112690119103,-1.4770096198402507,-0.42850641582113974,0.23936510974389288,0.8864715519408437,1.1686785839041907,-0.2441528710755272,-0.42966496891545913,-0.5797889161590447,-0.02473281340587057,-0.6989128794380598,-0.2582917173717019,-0.6073450273152918,1.4168026296589418,-0.017593004048324933,-0.38237396596919077,0.07944440921153216,0.40567385475608847,1.2424906732264187,-0.8339229021468888,1.0451733519812283,-0.30878242976909426,0.6140568520203409,0.854995575065633,-0.7565262752763005,1.7413133522065436,-2.0464293334852983
-0.32374134575422586,-1.9844213330290725,0.897935861233767,-0.12435996802560072,-0.9442238568124,-1.2710498106805528,0.4234362912101877,1.8412615221278599,2.4775154031341473,0.21102782727552347,0.19894817892936395,1.3134936399778412,2.6993084819842186,1.1774278353941456,1.0419588850794907,-3.795157515233171,-0.5984165488337586,-2.3427766139870623,3.51226691584021,1.6848543224582673,2.260488742833282,0.23138727813516366,-0.2441528710755272,6.630360342185752,-0.9959112122199213,-1.2127787921088578,1.9165763806186558,0.2281247419026981,2.041762285448021,0.5672530055628776,0.23539128493815856,0.3215534355663519,2.17451260923473,3.00401818554656,1.0718408555660728,-3.3241834200474845,-0.7427030603163366,-0.8875316141900492,-1.3545553555859746,-0.05395981573939191,1.2004570529915721,0.15652589975912606,-4.392250100001946,8.822181563710627
0.7873580278027796,0.4967517074123243,0.6789645698683022,0.10549819286400645,-0.23524687798631352,0.3962988370434776,0.45030595555877234,-0.07585657216449454,0.047311233897753914,0.08963498611469504,0.04622344860118056,0.40222202482324043,-0.6512110275170888,-0.10689751990863512,0.02335738384646131,-0.5870871169505353,-0.013151607517346372,-0.09300534876107829,0.046584475428713266,-0.23193123005567748,-0.8122916059542573,-0.6915952030408855,-0.42966496891545913,-0.9959112122199213,0.5960059287726378,0.511434491868331,-0.39044170193624156,0.4198736194275037,-0.16134949394397918,0.13877280476529194,-0.9638602605644307,0.08865238114603213,-0.027199574767619486,-0.7732374094020086,-0.5498082918029791,-0.2384328804080131,0.4599116318371653,-0.3665617058790705,0.40484501067794226,-0.2728877816536757,-0.9631963915853579,0.7742636173484505,-0.255651800664288,-0.28831364299641904
1.00482347193484,0.38008206621197804,0.5240012054012763,0.1282191391721651,-0.14339401745157648,0.5166276922651115,0.3716072889189306,-0.13401187432235123,0.02120711129698883,0.01840677276243264,0.06239916601448692,0.695678660891544,-0.7804056416403325,-0.1578995102326447,0.14331402825597067,-0.1856704441894098,-0.013762927997652382,-0.2981713103202256,0.07403111599408822,-0.32007086769258974,-0.5823020981081057,-0.8213990205922272,-0.5797889161590447,-1.2127787921088578,0.511434491868331,0.8222759739055534,-0.48928488601648057,0.5062800695442674,-0.261227725916473,0.40229084289748224,-0.9711858626085459,-0.11476840139307772,-0.06552450932070415,-1.0305171824311132,-0.568123718312578,-0.40619603952718314,0.4562659327229404,-0.6389938315635528,0.21792182056280524,-0.4054395364495079,-0.9993837724709164,0.9163387987717739,-0.15483570471153016,-0.2611955084647662
-0.3869478622927912,-0.7537000403844212,0.13886531313606926,-0.09731664354908988,-0.1489306491421267,-0.5204246341347126,-0.03996491138585512,0.46328714680060906,0.6546805463804805,0.03999212227167407,0.028108453674538958,0.007817660051067522,0.843461058826993,0.31646396346939804,0.24631144965849122,-0.7881949561896965,-0.1573154472584608,-0.4793976975736768,0.96214191649803,0.5768042982331617,0.7171930681820726,0.2732096995117743,-0.02473281340587057,1.9165763806186558,-0.39044170193624156,-0.48928488601648057,0.6760875389524599,-0.12060439037559928,0.5482444247213609,0.04516951953644026,0.26301786110264774,0.07026812497246156,0.4880192852042932,1.0763932883240168,0.4502824634891697,-0.6613739973361089,-0.1481908437851664,-0.15250237031411928,-0.38857596313075016,0.021720691876812404,0.5929999619273176,-0.28207208028457215,-1.1206893496059898,2.215561667875547
0.9731579787375991,0.2689065660043114,0.9603378472405331,0.1853900641211804,-0.6548312624611139,0.3088848197302147,0.7286044908127985,0.32602708571662026,0.6490104198760492,0.0896090709549894,0.19653084443482507,1.1282975452402104,-0.07060134865982509,0.1407941074970911,0.40306571776710953,-1.6093747156749314,-0.15513277035817094,-0.8195572813641886,1.0316933431670445,0.14039102411980797,-0.3088315965613106,-0.8925350950478095,-0.6989128794380598,0.2281247419026981,0.4198736194275037,0.5062800695442674,-0.12060439037559928,0.8531818550480345,0.29025488460914406,0.5202801595245397,-1.1520113563848,0.06709111859119407,0.5673765994943324,-0.39437847924163827,-0.5372487760813988,-1.283322553311257,0.3185381113292933,-0.7286547270321508,0.14156600936949035,-0.38866775767302947,-0.9307611328734005,1.1064493432396025,-1.3425126014645086,1.9785631010282851
0.10865612256024477,-0.5499721786777043,0.6160868609194304,-0.03335322378651667,-0.5045177364539278,-0.3519277577472335,0.3691953963751819,0.6639081352761669,0.9797260508154413,0.13535851330483925,0.1787965229611416,0.6904080585175968,0.8232209793226167,0.4199967263321368,0.43704804982533413,-1.653333928754283,-0.245106211049182,-0.9307862656867257,1.432942632084656,0.6067037817051554,0.6611234561045929,-0.1297977428721059,-0.2582917173717019,2.041762285448021,-0.16134949394397918,-0.261227725916473,0.5482444247213609,0.29025488460914406,0.749186769003874,0.32022716545221963,-0.3246691332320256,0.17117540101909592,0.778446037048344,0.8435413616519384,0.17762734704116656,-1.3487431860840047,-0.04533182188581953,-0.48880141109377717,-0.2870057597297026,-0.1388490487586903,0.10363556038527735,0.3149553362549265,-1.7491881733635914,3.2871688572446187
0.6360257387561798,-0.24582933501220153,0.6508908808628074,0.03644511405120037,-0.4119496922234496,0.0272604905832995,0.45451147325701924,0.34351623079505195,0.6686859008601518,0.053088607034259654,0.17941542560628318,0.9196321097325344,0.14372530329578426,0.17666384677947447,0.42027045973283605,-1.0265993611259656,-0.19022818225513144,-0.8737816165921485,1.0671921092352685,0.24189828165895144,0.2810757682035738,-0.5521404685131184,-0.6073450273152918,0.5672530055628776,0.13877280476529194,0.40229084289748224,0.04516951953644026,0.5202801595245397,0.32022716545221963,0.5910839957179204,-0.783655035718709,-0.009132549399991046,0.4365319637241965,-0.053907370799317685,-0.17300390748788447,-1.1555571889209961,0.32227858025833983,-0.8243273492467754,-0.07398263800297439,-0.3975771431951212,-0.4674248820995638,0.6823410596477167,-1.2277880992177688,2.107775925891355
-1.6863352937327558,-0.1611480920636988,-2.0500097463794247,-0.14224525572592703,0.9247179841949017,-0.3828469589148352,-1.2288539168538959,-0.39627357543638464,-1.1003419140039377,-0.29815047902194597,-0.3106752265216049,-1.4673772175593867,0.5716446802994577,-0.1897605664939005,-0.5854977083214395,2.478529225095146,0.29183699206400804,1.1267035980070756,-1.7802663395808496,-0.26753571310989216,0.8397248351620525,1.5637903011716556,1.4168026296589418,0.23539128493815856,-0.9638602605644307,-0.9711858626085459,0.26301786110264774,-1.1520113563848,-0.3246691332320256,-0.783655035718709,2.4259905208310277,-0.1714859671135741,-0.5736038422385661,0.7508343828606413,0.9163537212275652,1.845749032431281,-1.1413084168283425,1.4516653430453734,-0.540281653253551,0.8558090203985902,1.8026843792557623,-1.755126683788921,2.339142761612105,-2.5659936545591546
-8.270330195751585e-4,0.04097765788395316,0.23300887990828062,-0.022104668782399577,-0.17371400782573657,-0.07752148586005697,0.1786364212094614,0.15495226664994324,0.19578660580971952,0.06175165514639041,0.058518943352964294,0.08548249248124255,0.16383113116099693,0.09519386977843762,0.020490013629666813,-0.5394101370548954,-0.05194525796934318,-0.1226646593325111,0.23829177486932407,0.10982531627744589,-0.0050074134451637805,-0.011977825313989478,-0.017593004048324933,0.3215534355663519,0.08865238114603213,-0.11476840139307772,0.07026812497246156,0.06709111859119407,0.17117540101909592,-0.009132549399991046,-0.1714859671135741,0.1737546561782484,0.15491214118126448,0.15928679006568464,-0.00929734577448018,-0.18360853652721654,0.04220019199874954,-0.03085861666763767,0.10145892457730214,0.0073159070422979325,-0.07200865570554378,0.08228623505374481,-0.3460511511151456,0.6109272910231779
0.6065353113504949,-0.335048636067223,0.786444578555489,0.11144029494655504,-0.6394917879501529,-0.10074954645893432,0.5568192539694395,0.7701819759693008,1.0817367757814538,0.11566548048202611,0.14185123966648683,1.158469776947489,0.6948172394459159,0.43049725343441336,0.5311713946559762,-2.1422717302866574,-0.24242038365855295,-1.2183579892265683,1.5451030949766362,0.4837723477065963,0.42487660555260415,-0.4981713455950657,-0.38237396596919077,2.17451260923473,-0.027199574767619486,-0.06552450932070415,0.4880192852042932,0.5673765994943324,0.778446037048344,0.4365319637241965,-0.5736038422385661,0.15491214118126448,1.0608387535743038,0.5656394912936366,-0.014697743815932158,-1.7968948392213926,-0.18039681202196992,-0.6578110981394423,-0.41560584251773225,-0.19617682975054596,-0.23980406025247691,0.8485017257617267,-2.0596040401621276,3.8269852653162753
-1.2681849726608252,-1.292813896033279,-6.957731838940224e-4,-0.27411593140844687,-0.2317480260356605,-1.1646933454664963,-0.1569398456845932,0.639216152739802,0.9081707208578892,0.05687208828001818,0.04010826679005521,-0.48835022891993507,1.6943315914459784,0.5172138526480751,0.23703510865968147,-0.8659369534797379,-0.2625689990088825,-0.4194537627333911,1.3653477625582047,1.0470500662828048,1.3784643470188995,0.8401417882000325,0.07944440921153216,3.00401818554656,-0.7732374094020086,-1.0305171824311132,1.0763932883240168,-0.39437847924163827,0.8435413616519384,-0.053907370799317685,0.7508343828606413,0.15928679006568464,0.5656394912936366,2.1105540377225522,0.9429172225664265,-0.5471961532167195,-0.17975698726221617,0.060480425129418744,-0.37048212977987904,0.15901771337953974,1.3632358169125605,-1.1510071447065688,-1.423828790109982,3.018630509296445
-0.9116226091755323,-0.6509088202449287,-0.6072119880881741,-0.18116335692194616,0.241796308164194,-0.5993450608564987,-0.40902028592396206,0.1118178574376969,0.024178414961638483,-0.06694426760277968,-0.10380840235712695,-0.600810346604053,0.7374288724339474,0.10966431992504258,-0.07321392261292772,0.5717061901273857,-0.03351851545697283,0.10522723664448168,-0.01112493692901681,0.2691709637427003,0.8546388884212203,0.7446648471260903,0.40567385475608847,1.0718408555660728,-0.5498082918029791,-0.568123718312578,0.4502824634891697,-0.5372487760813988,0.17762734704116656,-0.17300390748788447,0.9163537212275652,-0.00929734577448018,-0.014697743815932158,0.9429172225664265,0.7042747740936165,0.3752466958569662,-0.2814911460114182,0.27604994894435003,-0.31224373337561173,0.22361414550710218,1.0189851921371653,-0.9525529738217033,0.17904258625881272,0.40519117156493795
-1.705052608526789,0.7183648465898271,-2.0027530161645672,-0.18363129009984921,1.2390891488478595,-0.01837281388640057,-1.2170328125240832,-1.3493938021434393,-2.180062478056676,-0.29591039530978297,-0.39565549010508383,-2.531115290649521,-0.7704137729811021,-0.7625815417161989,-1.1659675035026764,4.067304564048537,0.5228387216695212,2.496426237307094,-3.2331364684785533,-0.892970461280384,-0.5788733989502095,1.4056335315433852,1.2424906732264187,-3.3241834200474845,-0.2384328804080131,-0.40619603952718314,-0.6613739973361089,-1.283322553311257,-1.3487431860840047,-1.1555571889209961,1.845749032431281,-0.18360853652721654,-1.7968948392213926,-0.5471961532167195,0.3752466958569662,3.7370910249169,-0.21827116310928876,1.7944154571289916,0.5903957559234294,0.7448381277241546,1.0627747176864015,-2.0699896734196788,4.20866645712064,-7.066207101827668
0.334477274386034,-0.22270765599741907,0.9410606814281713,-0.07654185302400952,-0.30073765063458413,-0.14461916630622063,0.4694096351167807,-0.047176850785154066,0.37118178735133545,0.10833906056573844,0.11096010425485164,-0.006371840494996461,-0.27982256496531144,-0.030918657750178408,0.16315888780945903,-0.49330781893399017,-0.155724388333171,-0.14389244293635597,0.74446294582439,0.23178867622500463,-0.3756824812544057,-0.5274412273074155,-0.8339229021468888,-0.7427030603163366,0.4599116318371653,0.4562659327229404,-0.1481908437851664,0.3185381113292933,-0.04533182188581953,0.32227858025833983,-1.1413084168283425,0.04220019199874954,-0.18039681202196992,-0.17975698726221617,-0.2814911460114182,-0.21827116310928876,1.1078443469109374,-0.7148603513027646,0.5907701541656468,-0.5257459084503633,-0.6583717372888735,0.20047760485188687,-0.7833481406810932,0.2649898190885545
-1.130001377437482,0.5190149689873198,-1.2731705036527416,-0.029149289154814968,0.5915319207000307,0.01998968014009181,-0.7318103650042187,-0.5457151897725214,-1.1584981794891447,-0.14595016917073692,-0.20509263562905483,-1.288557665345092,-0.0463102397072354,-0.2698435227113075,-0.6464500944453809,1.7536536094905515,0.33702691523296135,1.3480932449729677,-1.7487258851651113,-0.3826691826593241,-0.20335208918300918,0.9993862843418079,1.0451733519812283,-0.8875316141900492,-0.3665617058790705,-0.6389938315635528,-0.15250237031411928,-0.7286547270321508,-0.48880141109377717,-0.8243273492467754,1.4516653430453734,-0.03085861666763767,-0.6578110981394423,0.060480425129418744,0.27604994894435003,1.7944154571289916,-0.7148603513027646,1.4502933508401126,0.08851194667935289,0.7271966320149099,0.869207725532672,-1.145068400565251,2.151813365692309,-3.268864405800908
-0.09671267509475343,0.4256880143866615,0.3677451753401331,-0.052054015124390986,-0.1738767946196285,0.03225277283855108,0.2715798833527918,-0.2912335710273915,-0.22516212119019463,0.0645174240848429,0.06924653381114855,-0.38678994940874334,-0.32794072121165796,-0.15682819313393262,-0.19413398191906311,0.10118847755928388,0.027547291974279343,0.5048297437172713,-0.2197326618894761,-0.05749954495627425,-0.6321998812336076,-0.14877678010875212,-0.30878242976909426,-1.3545553555859746,0.40484501067794226,0.21792182056280524,-0.38857596313075016,0.14156600936949035,-0.2870057597297026,-0.07398263800297439,-0.540281653253551,0.10145892457730214,-0.41560584251773225,-0.37048212977987904,-0.31224373337561173,0.5903957559234294,0.5907701541656468,0.08851194667935289,0.770296574018724,-0.10296442005197025,-0.44291813081244186,-0.15897078064966108,0.36689981508902075,-1.332965674784155
-0.5839870484959958,0.20396345713044373,-0.7111355216569915,-0.019660086098827627,0.2890791329625395,-0.014083554764636247,-0.388920667923722,-0.16600640810341002,-0.49921643475239547,-0.07429667351516629,-0.08896165703202108,-0.5326742928406207,0.12318832563145375,-0.0750795668598528,-0.28889253758168654,0.7568067281971176,0.16303566098494437,0.5427121494143272,-0.7941308837724248,-0.1610070629872468,0.08158823789410936,0.5674038484322105,0.6140568520203409,-0.05395981573939191,-0.2728877816536757,-0.4054395364495079,0.021720691876812404,-0.38866775767302947,-0.1388490487586903,-0.3975771431951212,0.8558090203985902,0.0073159070422979325,-0.19617682975054596,0.15901771337953974,0.22361414550710218,0.7448381277241546,-0.5257459084503633,0.7271966320149099,-0.10296442005197025,0.41972023932049196,0.5494651816100846,-0.5463966432018691,0.9687206601467787,-1.1880061629166347
-1.7247684372389156,-0.7769395883614262,-1.3262326916188276,-0.2578123800053943,0.5207900958751618,-0.8250319273872913,-0.874027667151679,-0.05128747239070862,-0.33043452625378456,-0.17052511584435803,-0.14421194204172147,-1.2260399912575664,1.0898892797194935,0.09635763494461765,-0.2505627337713095,1.4728446290423751,0.05186628338509311,0.5945467112406475,-0.48038971371980077,0.33103706529544485,1.2589565921636563,1.4108671319049724,0.854995575065633,1.2004570529915721,-0.9631963915853579,-0.9993837724709164,0.5929999619273176,-0.9307611328734005,0.10363556038527735,-0.4674248820995638,1.8026843792557623,-0.07200865570554378,-0.23980406025247691,1.3632358169125605,1.0189851921371653,1.0627747176864015,-0.6583717372888735,0.869207725532672,-0.44291813081244186,0.5494651816100846,1.8137772469501132,-1.7729286053872988,0.9734385044721011,-0.534475064983482
2.1536812010233835,0.5738454742646198,1.3912607938043393,0.35992977481524535,-0.6418786854675366,0.9262900875691878,0.9331554839790293,0.4688998777027309,0.7869133284490374,0.18910910963604022,0.2052537860728318,2.010394072899686,-0.8125211421523082,0.12714920756167064,0.5567916169557647,-2.300159655653883,-0.12297132706325087,-1.339404175926067,1.0623116766280976,-0.2123112968941286,-0.8200686252087367,-1.5516020100468184,-0.7565262752763005,0.15652589975912606,0.7742636173484505,0.9163387987717739,-0.28207208028457215,1.1064493432396025,0.3149553362549265,0.6823410596477167,-1.755126683788921,0.08228623505374481,0.8485017257617267,-1.1510071447065688,-0.9525529738217033,-2.0699896734196788,0.20047760485188687,-1.145068400565251,-0.15897078064966108,-0.5463966432018691,-1.7729286053872988,2.3644667490627613,-1.8183808457061625,2.533848849682738
-1.4403630070793305,1.3515082623083046,-2.779917511665713,-0.05135917039524882,1.6054623860871617,0.5599725722190099,-1.527176186485197,-1.6667923927547414,-2.894750769634387,-0.4359012541045077,-0.45457485720617935,-2.3093245917552343,-1.3238423756440496,-1.0092079161352911,-1.3599502676681785,5.147607615797468,0.7298341275348359,2.7664110879082715,-4.39568962569548,-1.545358804622924,-0.714642794983724,1.4409699752960061,1.7413133522065436,-4.392250100001946,-0.255651800664288,-0.15483570471153016,-1.1206893496059898,-1.3425126014645086,-1.7491881733635914,-1.2277880992177688,2.339142761612105,-0.3460511511151456,-2.0596040401621276,-1.423828790109982,0.17904258625881272,4.20866645712064,-0.7833481406810932,2.151813365692309,0.36689981508902075,0.9687206601467787,0.9734385044721011,-1.8183808457061625,5.567149547594751,-8.777609703247284
1.7176612389085757,-2.419662642914413,3.462128474175593,0.023479846721316932,-2.560690202248866,-1.2035975788663094,2.1973859789024495,3.1241994227286387,4.814036055849813,0.5512554740653609,0.7876618472305474,4.142213647307819,3.236060154468089,1.8279570054996999,2.301378434376574,-8.157916424480858,-1.2067581035924986,-5.02209389596941,7.099018360819837,2.568740740747857,2.6255878285695036,-1.6199361060106943,-2.0464293334852983,8.822181563710627,-0.28831364299641904,-0.2611955084647662,2.215561667875547,1.9785631010282851,3.2871688572446187,2.107775925891355,-2.5659936545591546,0.6109272910231779,3.8269852653162753,3.018630509296445,0.40519117156493795,-7.066207101827668,0.2649898190885545,-3.268864405800908,-1.332965674784155,-1.1880061629166347,-0.534475064983482,2.533848849682738,-8.777609703247284,16.058579601247615
