V1,V2,V3,V4,V5,V6,V7,V8,V9,V10,V11,V12,V13,V14,V15,V16,V17,V18,V19,V20,V21,V22,V23,V24,V25,V26,V27,V28,V29,V30,V31,V32,V33,V34,V35,V36,V37,V38,V39,V40,V41,V42,V43
0.04727577108934817,-0.054814458496050246,0.23564740911183255,0.06865062219102604,0.06826148636421307,0.07378982237657367,0.15556863112664607,0.28078848933705514,0.06749285107666061,-0.23721515115352734,-0.21252216035027846,-0.10022887134722752,-0.17943215517551847,-0.10282112200969003,-0.10589733299662787,-0.05903380765698648,-0.060033246502818334,-0.18051442514421645,-0.306823448450018,0.0062151695156438536,0.11960626810949196,0.016259057430771513,0.15135952862662685,0.05715071233953678,0.22355252121669653,0.16693095056561005,0.04647865175455229,0.14162322460947824,-0.22467783552098025,0.24959929572787057,-0.23049506550066498,0.2809229708859298,0.14609299357564984,-0.035603440338933375,0.07257756261065346,-0.016109255958194697,-0.029834857943775286,0.30159190807333786,0.0014055589361979103,-0.15057081470902497,0.08723498135448024,-0.15159203331150925,-0.23119548599138848
-0.054814458496050246,0.5409713809548243,-1.003115746875293,0.05148671825511306,-0.1590336543806938,-0.7703174166666753,0.25131567707225694,-1.0830991171907498,-0.5137029990255602,-0.25291761075433766,-1.1343420090961847,-0.6521440377904865,-0.21597113368128046,-0.5943438279108056,-0.9062858501584105,-0.6474636734456147,-0.8599030379934075,0.9459713378598061,-0.7503867840603975,0.9607634454293578,-1.103010366221174,1.1787319953898758,-0.027116220989338125,-0.6306531573398547,-0.688106555022662,-0.45031900406545483,0.0421351332652327,-0.19115384896320106,-0.0636715994509271,0.5037457868497689,-0.08293758933739014,-0.13487718932595325,0.4627225063317537,-0.17942925634274481,0.7122712884305235,-0.4752407102961466,0.49233723176078525,-0.7848991017833987,-0.40748216846841395,-0.9065009052460479,-1.2400726084587919,0.9956385526939328,1.6589125592573875
0.23564740911183255,-1.003115746875293,2.360389830365093,0.1525217897658885,0.4965276964744288,1.4594235444485355,0.13002772623849893,2.640200639710564,1.022878709528633,-0.39790711657903954,1.0615222841437144,0.6975307961048332,-0.2596601383279808,0.5714575221882399,1.077902113554825,0.7920741337032754,1.1561609574622531,-2.0762229996467445,0.14400751890276894,-1.5006726265763604,2.150627828570383,-1.7300657249437912,0.5376711365079986,1.1951743290795211,1.808275183693981,1.3074466790874602,0.10139814913692742,0.7713932702662135,-0.6938964091376781,0.05359772112318408,-0.65162877778004,1.1723444219676862,-0.2534918088986298,0.18502967621116398,-0.8556711407035248,0.6895345280815095,-0.8806731402496195,2.2432439026338424,0.6403084324580175,0.9709549383300532,2.2414562404663285,-2.044340656199949,-3.3652494981825356
0.06865062219102604,0.05148671825511306,0.1525217897658885,0.14689177327061145,0.08866766546648326,-0.07792561387740979,0.3582613458671685,0.21244264122333717,-0.023085572606547436,-0.5081322820475302,-0.7138602882373001,-0.36638842553992873,-0.397292195165921,-0.36389127139037464,-0.4532478026491948,-0.2849394314803132,-0.3598925040251765,-0.063082902158133225,-0.7716835024397632,0.28342176112196205,-0.08680004398715435,0.35339596131601075,0.27009402106119046,-0.07690774439910593,0.22743176628776973,0.1848473542570113,0.09267869966068615,0.21470179077995644,-0.4337268859490499,0.6103819630524765,-0.4435720629212592,0.47628629121354493,0.4051634573397098,-0.10735667315621332,0.3312493566371984,-0.16679732308258238,0.09225542182957312,0.3443798633506965,-0.10876475075953652,-0.5418580760436997,-0.184242529905049,-0.0021389047450128137,0.03955710231212763
0.06826148636421307,-0.1590336543806938,0.4965276964744288,0.08866766546648326,0.13270011314340172,0.240479702893568,0.16695716435889385,0.5725241579072281,0.177393028382067,-0.2750433789086233,-0.08883485884593248,-0.013757893066447827,-0.20654180131608796,-0.04386829262710791,0.0209834302373908,0.02974415762992947,0.070912949116969215,-0.405507486629514,-0.27925593017540584,-0.16758311645287033,0.36809569105031686,-0.16865650891613693,0.20379203574251067,0.19221415133623204,0.4227998333654675,0.3246249726819838,0.05669068367177166,0.2291385672320331,-0.30919310712236114,0.2557876901651523,-0.29719762414206174,0.40878902924413263,0.11179347744178993,-0.001470964853801215,-0.023778897055579677,0.06004993783883067,-0.12572765749979536,0.5541610247348944,0.07540240886714183,-0.02686441360081725,0.3432012499690693,-0.3744291320752138,-0.6045268721520627
0.07378982237657367,-0.7703174166666753,1.4594235444485355,-0.07792561387740979,0.240479702893568,1.128055778603656,-0.3723647598480294,1.5775869558198965,0.7453778576264335,0.3795229875359931,1.6675713584931444,0.9661039289582043,0.32755674944034546,0.8661994462402524,1.3413207045861582,0.9304507329212184,1.2716638123883006,-1.3722528857268768,1.105472030540399,-1.4193659496935298,1.6251331897988182,-1.6791215991478563,0.02623229740207262,0.9344658197044451,0.9826586170541269,0.6820718367865352,-0.05307703842654964,0.26987286105676705,0.07312039846752184,-0.7456686101950502,0.12158356658882548,0.2026003749643855,-0.6981535044865036,0.27685828790449785,-1.0323550743178704,0.6970992734205925,-0.7298740195273411,1.1367617171257736,0.5934997584402061,1.3759066415189434,1.815584427091347,-1.4345146958804615,-2.414349014068136
0.15556863112664607,0.25131567707225694,0.13002772623849893,0.3582613458671685,0.16695716435889385,-0.3723647598480294,0.9200900784800634,0.2561334448023382,-0.1733316582669456,-1.282146845504911,-1.980712282719233,-1.036912616899429,-0.9994946283386189,-1.006861573585541,-1.2997695762682924,-0.8456120464205588,-1.059530972980797,0.06702587886245871,-2.0388367072592843,0.9058953050706018,-0.4723296598753486,1.1384604786545314,0.6445090747748312,-0.32762069233202656,0.37350287762550877,0.334304721329445,0.23871260651450218,0.4622623508171006,-1.0566699177629197,1.5764870462885765,-1.0921852873739228,1.11838215497401,1.0764948152785287,-0.31051249590440866,0.9682846370535424,-0.5090369902141649,0.32709005464428176,0.6319651582028938,-0.36184586157122195,-1.5048662332002394,-0.739932254152247,0.23322638399936987,0.48759082634035056
0.28078848933705514,-1.0830991171907498,2.640200639710564,0.21244264122333717,0.5725241579072281,1.5775869558198965,0.2561334448023382,2.967051428447653,1.1162450314319619,-0.5978868161702705,0.9403570646752857,0.6503918372778723,-0.4088810006812971,0.513328437176717,1.0421970490590624,0.775764483377034,1.1588753797346092,-2.3002637895613494,-0.088039252010762,-1.5600761257510987,2.3351240683883634,-1.7803742406217093,0.6753717907264246,1.2909271028738472,2.0534160689206202,1.4965811487073974,0.14317000224263712,0.9125800825278303,-0.9021528404207763,0.2499637644381679,-0.8582345743841291,1.440941844580542,-0.15336144311543992,0.16834646509206516,-0.8324442943099063,0.7053717427575047,-0.941440551373712,2.5698661700925314,0.6675004803370473,0.9021168392958243,2.402489863330164,-2.2429143351732943,-3.682115428173552
0.06749285107666061,-0.5137029990255602,1.022878709528633,-0.023085572606547436,0.177393028382067,0.7453778576264335,-0.1733316582669456,1.1162450314319619,0.5021537292463424,0.14408488140010758,0.9731727538088886,0.5712811478768713,0.13589595740504248,0.5109092062399343,0.8083158539443889,0.5671570293336213,0.783962055063048,-0.9466660699289879,0.5758981490776496,-0.8979596056488088,1.0784298978529672,-1.0623715235924387,0.07961240312484187,0.6166730435697357,0.7145345942663834,0.49716543862488577,-0.014494789067117049,0.22760510486214525,-0.041793804472960175,-0.3741531045718674,-0.017233463388437054,0.24265629272206513,-0.3836908979692357,0.15751416022218695,-0.626563426516968,0.4369818400219542,-0.47699920237001875,0.8425195798700233,0.3768736517811827,0.8103315214296497,1.1871447691719923,-0.9738886224395811,-1.6278519176120667
-0.23721515115352734,-0.25291761075433766,-0.39790711657903954,-0.5081322820475302,-0.2750433789086233,0.3795229875359931,-1.282146845504911,-0.5978868161702705,0.14408488140010758,1.8070825882540782,2.636027062618057,1.3677265164060621,1.4036422224138718,1.3360001345994494,1.6951097255193979,1.0936357766710763,1.3556619342554803,0.10033111556090227,2.8018584665024604,-1.1124560144711493,0.4543173220089132,-1.4097250202915053,-0.9401919029872422,0.3420305424696492,-0.6830167223948365,-0.5803568643102842,-0.33884417181669274,-0.7090949079094808,1.5211903980406472,-2.180535289083225,1.5681882453518774,-1.6519898746788428,-1.4631023252764108,0.41331604193523863,-1.2572182974702475,0.6386782686599043,-0.3697455858953685,-1.0791972483692411,0.44047568955485744,1.9894602860622335,0.8147752618142,-0.13206886483769298,-0.3615307188673738
-0.21252216035027846,-1.1343420090961847,1.0615222841437144,-0.7138602882373001,-0.08883485884593248,1.6675713584931444,-1.980712282719233,0.9403570646752857,0.9731727538088886,2.636027062618057,5.032904315126111,2.7161011691903663,2.0852164582482784,2.5769099619484246,3.5222475457787588,2.33985134016377,3.0309578338792815,-1.3390116851633675,4.6355759182532665,-2.8845401942454596,2.2876718780993355,-3.528711178102132,-1.1321621677956437,1.418338269698745,0.19866769067543788,0.004081408139496982,-0.47356067790337686,-0.5923586762552553,1.960680588910696,-3.4920604121950607,2.064964431058091,-1.824713236653618,-2.5520279383006557,0.7994152408503352,-2.6515308811300975,1.5326966412663456,-1.237406601748647,-0.12829386430385264,1.1742106608588294,3.9229349143876315,2.93644416334888,-1.6900395164258315,-3.016069958124537
-0.10022887134722752,-0.6521440377904865,0.6975307961048332,-0.36638842553992873,-0.013757893066447827,0.9661039289582043,-1.036912616899429,0.6503918372778723,0.5712811478768713,1.3677265164060621,2.7161011691903663,1.4758693232179514,1.0847267805136078,1.3892760010953602,1.922815136395772,1.2774069587991532,1.667179173428789,-0.8251873124760111,2.4541548850737,-1.6117749847426912,1.3363908301075642,-1.9531783374336587,-0.5681679219942446,0.8199111736952078,0.20825157211578305,0.08601814642670653,-0.24259390941799427,-0.26693903780516753,0.9868925578888809,-1.8369470365106442,1.0505338523055265,-0.8915628011506145,-1.3634372289184673,0.43761445660941534,-1.4462657552674847,0.8481276764111038,-0.7044841874188738,0.06482686015272134,0.6568146727330799,2.1342223588860842,1.6814366521345523,-1.007221062869393,-1.7861192527133853
-0.17943215517551847,-0.21597113368128046,-0.2596601383279808,-0.397292195165921,-0.20654180131608796,0.32755674944034546,-0.9994946283386189,-0.4088810006812971,0.13589595740504248,1.4036422224138718,2.0852164582482784,1.0847267805136078,1.0957727482373134,1.059453928870137,1.3524480469033577,0.864679696328955,1.0912565114634918,0.03210273230299385,2.189340230976456,-0.9058400599371644,0.40323857314198197,-1.1256471471086336,-0.723922141480239,0.2989463106309433,-0.502813689616783,-0.42154499736052975,-0.25779754956790735,-0.5427007556454095,1.1691939083171758,-1.7080333785540873,1.207113951037181,-1.2603952288412037,-1.1555049155972832,0.32455837174858154,-0.9971307107467701,0.5164762912213072,-0.31547984200265405,-0.800127694623732,0.35574639447848005,1.5902840543144494,0.6843170534893556,-0.1428639363790133,-0.35446082470781004
-0.10282112200969003,-0.5943438279108056,0.5714575221882399,-0.36389127139037464,-0.04386829262710791,0.8661994462402524,-1.006861573585541,0.513328437176717,0.5109092062399343,1.3360001345994494,2.5769099619484246,1.3892760010953602,1.059453928870137,1.3236362099572403,1.8062676475293407,1.202169914427826,1.559152942338555,-0.7116503878064513,2.359615134575442,-1.486338774653613,1.1886853590873527,-1.8237787163960377,-0.5670313396259584,0.7373755157564619,0.12411312596016287,0.012405117470121801,-0.2394148049451421,-0.29369380116577837,0.9945851898722798,-1.7804706347367987,1.0417179367782081,-0.9142988472603836,-1.3018331258198819,0.40304351481385736,-1.361889196603117,0.7905617359081166,-0.6434687921655812,-0.03945355862938482,0.6051249367934785,2.0055546390916614,1.5218216370916982,-0.8891725005884823,-1.5801536693972715
-0.10589733299662787,-0.9062858501584105,1.077902113554825,-0.4532478026491948,0.0209834302373908,1.3413207045861582,-1.2997695762682924,1.0421970490590624,0.8083158539443889,1.6951097255193979,3.5222475457787588,1.922815136395772,1.3524480469033577,1.8062676475293407,2.5221178431084357,1.6755537335413835,2.207659777809351,-1.217015409953372,3.1104359874940526,-2.1637348086152937,1.8676165375186589,-2.6044874740866155,-0.6731758763722727,1.1392046578791537,0.40804830613503634,0.218084183385289,-0.2948991919543493,-0.27723824526278523,1.1878839706128979,-2.321135589176456,1.2702981096418637,-1.0259029604532797,-1.7481865949540152,0.5650954567542775,-1.8964946383942285,1.131058908056407,-0.9688863883911404,0.2640763271230578,0.8814499994077047,2.7861413102242523,2.3099420085646756,-1.4403397249488255,-2.536486358517008
-0.05903380765698648,-0.6474636734456147,0.7920741337032754,-0.2849394314803132,0.02974415762992947,0.9304507329212184,-0.8456120464205588,0.775764483377034,0.5671570293336213,1.0936357766710763,2.33985134016377,1.2774069587991532,0.864679696328955,1.202169914427826,1.6755537335413835,1.1490355143243847,1.4689092367995258,-0.8740233726052496,2.0480155857645084,-1.4563015596978186,1.2892454263748796,-1.8185964148570992,-0.41424480205703346,0.7714979943605058,0.35745693527758177,0.16709241571226788,-0.2034214171331206,-0.14116990710924154,0.7762368436929253,-1.5082349810512035,0.819062900835407,-0.6459219135228998,-1.1324151421160906,0.3726120981669457,-1.286445870828071,0.7607047620290814,-0.6475320491895995,0.2651855595830041,0.6059758608609873,1.8075088095626317,1.5931209248222644,-1.0358927157248035,-1.7883676147150378
-0.060033246502818334,-0.8599030379934075,1.1561609574622531,-0.3598925040251765,0.070912949116969215,1.2716638123883006,-1.059530972980797,1.1588753797346092,0.783962055063048,1.3556619342554803,3.0309578338792815,1.667179173428789,1.0912565114634918,1.559152942338555,2.207659777809351,1.4689092367995258,1.9586501477398846,-1.2402842321701313,2.5834517377521222,-1.9587451868543992,1.785466865498233,-2.338257480790418,-0.4958869694806319,1.0793393453323499,0.5351037771983264,0.3286794920973562,-0.22900808091481956,-0.14598531169429158,0.9011738071201986,-1.9154726688709782,0.9732870215446193,-0.7124427926376863,-1.4770630817016133,0.4850928899457233,-1.660643776950744,1.0137489410555889,-0.9046411729591098,0.46658797712952466,0.7986524402384241,2.4198836042223055,2.159591660635759,-1.4172228559697007,-2.4736729252982688
-0.18051442514421645,0.9459713378598061,-2.0762229996467445,-0.063082902158133225,-0.405507486629514,-1.3722528857268768,0.06702587886245871,-2.3002637895613494,-0.9466660699289879,0.10033111556090227,-1.3390116851633675,-0.8251873124760111,0.03210273230299385,-0.7116503878064513,-1.217015409953372,-0.8740233726052496,-1.2402842321701313,1.8641537941970365,-0.5316522423325654,1.5147192748894824,-2.005906929002026,1.7706052836897939,-0.35247226552160166,-1.1288359606276466,-1.5359109332768544,-1.0928846903763085,-0.042915890759742316,-0.5938295445013348,0.40401265294529587,0.2674394088303045,0.3639702400353264,-0.8211724522106647,0.4386637480781673,-0.22206456773684094,0.9549365642817855,-0.7158520549582212,0.8502812633238287,-1.8698723134940287,-0.6413918896804254,-1.1596951572654945,-2.141245828145322,1.8684391073710764,3.0940740078233335
-0.306823448450018,-0.7503867840603975,0.14400751890276894,-0.7716835024397632,-0.27925593017540584,1.105472030540399,-2.0388367072592843,-0.088039252010762,0.5758981490776496,2.8018584665024604,4.6355759182532665,2.4541548850737,2.189340230976456,2.359615134575442,3.1104359874940526,2.0480155857645084,2.5834517377521222,-0.5316522423325654,4.602043325593438,-2.305806042153614,1.456039485424469,-2.8819239962023326,-1.3460632344451944,0.9507086769198306,-0.4968796002071396,-0.5092307106197034,-0.5206608217556911,-0.889294790084301,2.243510994037575,-3.5201035208754146,2.332657886724521,-2.295489332225097,-2.4555614234321634,0.7344743588955127,-2.332300812162496,1.2664806437299079,-0.8894245991142515,-0.99768992764253706,0.9317559681430085,3.543365929659361,2.0745791302550067,-0.9035578857705432,-1.715145779119733
0.0062151695156438536,0.9607634454293578,-1.5006726265763604,0.28342176112196205,-0.16758311645287033,-1.4193659496935298,0.9058953050706018,-1.5600761257510987,-0.8979596056488088,-1.1124560144711493,-2.8845401942454596,-1.6117749847426912,-0.9058400599371644,-1.486338774653613,-2.1637348086152937,-1.4563015596978186,-1.9587451868543992,1.5147192748894824,-2.305806042153614,2.031689593691216,-2.013917718428119,2.4125360776611244,0.32771443245639403,-1.1937151383074363,-0.8432805111995276,-0.5601651933808529,0.18211593437650736,-0.03173576694240403,-0.6490344995462807,1.6721843127337654,-0.7249993082948185,0.38797047034525556,1.3511832792523628,-0.46926660912113916,1.6374045327298594,-1.0323036928430427,0.9738228156692629,-0.8729665119541781,-0.8351880819809838,-2.3284944826765934,-2.361466029546592,1.6657141840912038,2.8660238047425493
0.11960626810949196,-1.103010366221174,2.150627828570383,-0.08680004398715435,0.36809569105031686,1.6251331897988182,-0.4723296598753486,2.3351240683883634,1.0784298978529672,0.4543173220089132,2.2876718780993355,1.3363908301075642,0.40323857314198197,1.1886853590873527,1.8676165375186589,1.2892454263748796,1.785466865498233,-2.005906929002026,1.456039485424469,-2.013917718428119,2.3502623336110062,-2.354011250694076,0.08746471014812565,1.349806331623562,1.4635876325520765,1.0362405276801774,-0.0543082827594978,0.42970233486689546,0.013466118278175461,-0.9689573894628867,0.08731206090506553,0.3924862649940752,-0.9442342179424317,0.3839732498155395,-1.4317014011440814,0.9826205028054718,-1.0494942295886016,1.7155141333389616,0.83984321573507,1.914311697216606,2.6041245522767977,-2.0787677739132158,-3.49986416641533
0.016259057430771513,1.1787319953898758,-1.7300657249437912,0.35339596131601075,-0.16865650891613693,-1.6791215991478563,1.1384604786545314,-1.7803742406217093,-1.0623715235924387,-1.4097250202915053,-3.528711178102132,-1.9531783374336587,-1.1256471471086336,-1.8237787163960377,-2.6044874740866155,-1.8185964148570992,-2.338257480790418,1.7706052836897939,-2.8819239962023326,2.4125360776611244,-2.354011250694076,3.0161007021293638,0.4256612096519709,-1.3802517438576485,-0.991446019057363,-0.5634857371006805,0.2623533388247772,-0.014722518803107541,-0.9087113590057235,2.0764234665009393,-0.9675270768114952,0.5925156316254572,1.627360605077243,-0.559234516987632,2.021666860786156,-1.238346839466516,1.1256364859252628,-0.9700249814009725,-1.0139938965371156,-2.73699531568592,-2.807138341244677,1.9949721200500603,3.383873387540091
0.15135952862662685,-0.027116220989338125,0.5376711365079986,0.27009402106119046,0.20379203574251067,0.02623229740207262,0.6445090747748312,0.6753717907264246,0.07961240312484187,-0.9401919029872422,-1.1321621677956437,-0.5681679219942446,-0.723922141480239,-0.5670313396259584,-0.6731758763722727,-0.41424480205703346,-0.4958869694806319,-0.35247226552160166,-1.3460632344451944,0.32771443245639403,0.08746471014812565,0.4256612096519709,0.5391665631232538,0.00389418197026568,0.6002122010895914,0.46654177594990515,0.17791287941176634,0.4592718439597395,-0.8367999611445751,1.071804509401971,-0.8585217933823002,0.973464354236214,0.6808401654565913,-0.17826171753018444,0.4862816060014064,-0.21156749010217424,0.05460101999105975,0.8531753386117596,-0.12124256838185317,-0.8399855760441569,-0.07266269629328163,-0.2369474229424579,-0.31436510742970064
0.05715071233953678,-0.6306531573398547,1.1951743290795211,-0.07690774439910593,0.19221415133623204,0.9344658197044451,-0.32762069233202656,1.2909271028738472,0.6166730435697357,0.3420305424696492,1.418338269698745,0.8199111736952078,0.2989463106309433,0.7373755157564619,1.1392046578791537,0.7714979943605058,1.0793393453323499,-1.1288359606276466,0.9507086769198306,-1.1937151383074363,1.349806331623562,-1.3802517438576485,0.00389418197026568,0.7844088960661819,0.7845558749537038,0.5615397515825994,-0.04136058478679389,0.20316658061289114,0.07445565225472636,-0.6557271097845777,0.11874009586023163,0.14911850300456403,-0.6095186686998225,0.2336936032823458,-0.863198382154726,0.5874711457137773,-0.6180616863886207,0.9112350603591999,0.4922317204755254,1.190757365289753,1.5072777821539367,-1.1743242860970728,-1.991328085797944
0.22355252121669653,-0.688106555022662,1.808275183693981,0.22743176628776973,0.4227998333654675,0.9826586170541269,0.37350287762550877,2.0534160689206202,0.7145345942663834,-0.6830167223948365,0.19866769067543788,0.20825157211578305,-0.502813689616783,0.12411312596016287,0.40804830613503634,0.35745693527758177,0.5351037771983264,-1.5359109332768544,-0.4968796002071396,-0.8432805111995276,1.4635876325520765,-0.991446019057363,0.6002122010895914,0.7845558749537038,1.486059674659304,1.0657972125370891,0.1368402672017053,0.7266828124046792,-0.8211758979622634,0.5207733849675826,-0.8065753340689191,1.2012314614623276,0.14792648462086558,0.045387900830903716,-0.36136075168936793,0.3602364548151699,-0.5470705012976728,1.8801727295201485,0.3763103149112677,0.24031337137730283,1.4589305632033511,-1.47532483762881,-2.37990491282271
0.16693095056561005,-0.45031900406545483,1.3074466790874602,0.1848473542570113,0.3246249726819838,0.6820718367865352,0.334304721329445,1.4965811487073974,0.49716543862488577,-0.5803568643102842,0.004081408139496982,0.08601814642670653,-0.42154499736052975,0.012405117470121801,0.218084183385289,0.16709241571226788,0.3286794920973562,-1.0928846903763085,-0.5092307106197034,-0.5601651933808529,1.0362405276801774,-0.5634857371006805,0.46654177594990515,0.5615397515825994,1.0657972125370891,0.8259195644953583,0.13196058669823313,0.5434916647776714,-0.7015044641871305,0.4809873593615403,-0.6703974651994347,0.9647887974042852,0.15772691275823342,0.02288562547568395,-0.17207301120584118,0.22617412559612834,-0.38936315181907505,1.3877173442771906,0.2386887318338271,0.13115435721493848,0.9982901988174371,-1.0181136112843152,-1.6670086508302249
0.04647865175455229,0.0421351332652327,0.10139814913692742,0.09267869966068615,0.05669068367177166,-0.05307703842654964,0.23871260651450218,0.14317000224263712,-0.014494789067117049,-0.33884417181669274,-0.47356067790337686,-0.24259390941799427,-0.25779754956790735,-0.2394148049451421,-0.2948991919543493,-0.2034214171331206,-0.22900808091481956,-0.042915890759742316,-0.5206608217556911,0.18211593437650736,-0.0543082827594978,0.2623533388247772,0.17791287941176634,-0.04136058478679389,0.1368402672017053,0.13196058669823313,0.07036631126203577,0.13461069884457666,-0.29952950842378195,0.3997252786511221,-0.303385817449483,0.3272729705650782,0.25866864029677245,-0.07389352227458552,0.22880323053613377,-0.1078001514097135,0.04937039387598247,0.2209706941282976,-0.07669564833023526,-0.3348816232363038,-0.12464600874556281,0.008194283887485969,0.029409711875483573
0.14162322460947824,-0.19115384896320106,0.7713932702662135,0.21470179077995644,0.2291385672320331,0.26987286105676705,0.4622623508171006,0.9125800825278303,0.22760510486214525,-0.7090949079094808,-0.5923586762552553,-0.26693903780516753,-0.5427007556454095,-0.29369380116577837,-0.27723824526278523,-0.14116990710924154,-0.14598531169429158,-0.5938295445013348,-0.889294790084301,-0.03173576694240403,0.42970233486689546,-0.014722518803107541,0.4592718439597395,0.20316658061289114,0.7266828124046792,0.5434916647776714,0.13461069884457666,0.45118891605825995,-0.6892877724599279,0.7464098977386531,-0.6932260559622933,0.8611944855113437,0.4258649183265797,-0.08409246473784257,0.1821835847041415,-0.028736680990647204,-0.1065770743415982,0.9731575486193675,0.029690392470365437,-0.41566903238159947,0.3371867445819876,-0.5148858354382885,-0.7921141428343432
-0.22467783552098025,-0.0636715994509271,-0.6938964091376781,-0.4337268859490499,-0.30919310712236114,0.07312039846752184,-1.0566699177629197,-0.9021528404207763,-0.041793804472960175,1.5211903980406472,1.960680588910696,0.9868925578888809,1.1691939083171758,0.9945851898722798,1.1878839706128979,0.7762368436929253,0.9011738071201986,0.40401265294529587,2.243510994037575,-0.6490344995462807,0.013466118278175461,-0.9087113590057235,-0.8367999611445751,0.07445565225472636,-0.8211758979622634,-0.7015044641871305,-0.29952950842378195,-0.6892877724599279,1.3636646289632612,-1.7688229851402724,1.3770299395958996,-1.5334886651612822,-1.1263215828756525,0.293340523407246,-0.891948564140069,0.40555909291209746,-0.14905792839238216,-1.2237991103255919,0.2574181272692634,1.4117566854420602,0.3006647516834234,0.2001564059395058,0.2347365873517638
0.24959929572787057,0.5037457868497689,0.05359772112318408,0.6103819630524765,0.2557876901651523,-0.7456686101950502,1.5764870462885765,0.2499637644381679,-0.3741531045718674,-2.180535289083225,-3.4920604121950607,-1.8369470365106442,-1.7080333785540873,-1.7804706347367987,-2.321135589176456,-1.5082349810512035,-1.9154726688709782,0.2674394088303045,-3.5201035208754146,1.6721843127337654,-0.9689573894628867,2.0764234665009393,1.071804509401971,-0.6557271097845777,0.5207733849675826,0.4809873593615403,0.3997252786511221,0.7464098977386531,-1.7688229851402724,2.718567418341804,-1.8309569668441217,1.8383403854243436,1.8789138411557884,-0.5440935293599664,1.7272019422874378,-0.9295310671052288,0.6344729195432568,0.9332598387731172,-0.667223622324843,-2.6745905406653536,-1.4350370061310695,0.5460020034177696,1.0822921884277468
-0.23049506550066498,-0.08293758933739014,-0.65162877778004,-0.4435720629212592,-0.29719762414206174,0.12158356658882548,-1.0921852873739228,-0.8582345743841291,-0.017233463388437054,1.5681882453518774,2.064964431058091,1.0505338523055265,1.207113951037181,1.0417179367782081,1.2702981096418637,0.819062900835407,0.9732870215446193,0.3639702400353264,2.332657886724521,-0.7249993082948185,0.08731206090506553,-0.9675270768114952,-0.8585217933823002,0.11874009586023163,-0.8065753340689191,-0.6703974651994347,-0.303385817449483,-0.6932260559622933,1.3770299395958996,-1.8309569668441217,1.4072326428882904,-1.5495294705428468,-1.1842869198922235,0.32140071060220343,-0.9439675892719137,0.440379948839459,-0.18349760081828806,-1.202187741527716,0.28540895615427175,1.5177429992670866,0.3812421135883993,0.158004763153603,0.14860450625443036
0.2809229708859298,-0.13487718932595325,1.1723444219676862,0.47628629121354493,0.40878902924413263,0.2026003749643855,1.11838215497401,1.440941844580542,0.24265629272206513,-1.6519898746788428,-1.824713236653618,-0.8915628011506145,-1.2603952288412037,-0.9142988472603836,-1.0259029604532797,-0.6459219135228998,-0.7124427926376863,-0.8211724522106647,-2.295489332225097,0.38797047034525556,0.3924862649940752,0.5925156316254572,0.973464354236214,0.14911850300456403,1.2012314614623276,0.9647887974042852,0.3272729705650782,0.8611944855113437,-1.5334886651612822,1.8383403854243436,-1.5495294705428468,1.8084268988003542,1.1216227376397903,-0.2764890238835407,0.7549034864715836,-0.28641999294611153,-0.014114627574250494,1.695553953404513,-0.14349957898926088,-1.2890263644659543,0.11685046608412127,-0.6062450157487179,-0.891925593407641
0.14609299357564984,0.4627225063317537,-0.2534918088986298,0.4051634573397098,0.11179347744178993,-0.6981535044865036,1.0764948152785287,-0.15336144311543992,-0.3836908979692357,-1.4631023252764108,-2.5520279383006557,-1.3634372289184673,-1.1555049155972832,-1.3018331258198819,-1.7481865949540152,-1.1324151421160906,-1.4770630817016133,0.4386637480781673,-2.4555614234321634,1.3511832792523628,-0.9442342179424317,1.627360605077243,0.6808401654565913,-0.6095186686998225,0.14792648462086558,0.15772691275823342,0.25866864029677245,0.4258649183265797,-1.1263215828756525,1.8789138411557884,-1.1842869198922235,1.1216227376397903,1.3427526813711186,-0.40568039511625836,1.295860144463218,-0.7303170248515258,0.5548922515782605,0.37238608074958884,-0.5395872621819919,-1.9978788734310489,-1.2725518169834862,0.6210752756372385,1.1620938076979788
-0.035603440338933375,-0.17942925634274481,0.18502967621116398,-0.10735667315621332,-0.001470964853801215,0.27685828790449785,-0.31051249590440866,0.16834646509206516,0.15751416022218695,0.41331604193523863,0.7994152408503352,0.43761445660941534,0.32455837174858154,0.40304351481385736,0.5650954567542775,0.3726120981669457,0.4850928899457233,-0.22206456773684094,0.7344743588955127,-0.46926660912113916,0.3839732498155395,-0.559234516987632,-0.17826171753018444,0.2336936032823458,0.045387900830903716,0.02288562547568395,-0.07389352227458552,-0.08409246473784257,0.293340523407246,-0.5440935293599664,0.32140071060220343,-0.2764890238835407,-0.40568039511625836,0.13813069655233798,-0.42224315049803307,0.24473308151337148,-0.19900037040685764,0.0024824661692698434,0.1912685936028312,0.6342326204510538,0.483693644520195,-0.27776237872314086,-0.49942517247416096
0.07257756261065346,0.7122712884305235,-0.8556711407035248,0.3312493566371984,-0.023778897055579677,-1.0323550743178704,0.9682846370535424,-0.8324442943099063,-0.626563426516968,-1.2572182974702475,-2.6515308811300975,-1.4462657552674847,-0.9971307107467701,-1.361889196603117,-1.8964946383942285,-1.286445870828071,-1.660643776950744,0.9549365642817855,-2.332300812162496,1.6374045327298594,-1.4317014011440814,2.021666860786156,0.4862816060014064,-0.863198382154726,-0.36136075168936793,-0.17207301120584118,0.22880323053613377,0.1821835847041415,-0.891948564140069,1.7272019422874378,-0.9439675892719137,0.7549034864715836,1.295860144463218,-0.42224315049803307,1.4459609634305404,-0.8564713122463066,0.7288825268618476,-0.25203936416605127,-0.6763079796756649,-2.0633537933528263,-1.7727310998328656,1.1337492191851202,1.970627809424081
-0.016109255958194697,-0.4752407102961466,0.6895345280815095,-0.16679732308258238,0.06004993783883067,0.6970992734205925,-0.5090369902141649,0.7053717427575047,0.4369818400219542,0.6386782686599043,1.5326966412663456,0.8481276764111038,0.5164762912213072,0.7905617359081166,1.131058908056407,0.7607047620290814,1.0137489410555889,-0.7158520549582212,1.2664806437299079,-1.0323036928430427,0.9826205028054718,-1.238346839466516,-0.21156749010217424,0.5874711457137773,0.3602364548151699,0.22617412559612834,-0.1078001514097135,-0.028736680990647204,0.40555909291209746,-0.9295310671052288,0.440379948839459,-0.28641999294611153,-0.7303170248515258,0.24473308151337148,-0.8564713122463066,0.5303146665764918,-0.4858314887110199,0.3480048913846291,0.42374003057207754,1.2237291865992075,1.1713555236908215,-0.8022474246043326,-1.3856385816273484
-0.029834857943775286,0.49233723176078525,-0.8806731402496195,0.09225542182957312,-0.12572765749979536,-0.7298740195273411,0.32709005464428176,-0.941440551373712,-0.47699920237001875,-0.3697455858953685,-1.237406601748647,-0.7044841874188738,-0.31547984200265405,-0.6434687921655812,-0.9688863883911404,-0.6475320491895995,-0.9046411729591098,0.8502812633238287,-0.8894245991142515,0.9738228156692629,-1.0494942295886016,1.1256364859252628,0.05460101999105975,-0.6180616863886207,-0.5470705012976728,-0.38936315181907505,0.04937039387598247,-0.1065770743415982,-0.14905792839238216,0.6344729195432568,-0.18349760081828806,-0.014114627574250494,0.5548922515782605,-0.19900037040685764,0.7288825268618476,-0.4858314887110199,0.4956394850576672,-0.619485352254804,-0.39805013885098317,-1.0306759590206314,-1.1900271597972225,0.8953421133888656,1.5296385523076
0.30159190807333786,-0.7848991017833987,2.2432439026338424,0.3443798633506965,0.5541610247348944,1.1367617171257736,0.6319651582028938,2.5698661700925314,0.8425195798700233,-1.0791972483692411,-0.12829386430385264,0.06482686015272134,-0.800127694623732,-0.03945355862938482,0.2640763271230578,0.2651855595830041,0.46658797712952466,-1.8698723134940287,-0.99768992764253706,-0.8729665119541781,1.7155141333389616,-0.9700249814009725,0.8531753386117596,0.9112350603591999,1.8801727295201485,1.3877173442771906,0.2209706941282976,0.9731575486193675,-1.2237991103255919,0.9332598387731172,-1.202187741527716,1.695553953404513,0.37238608074958884,0.0024824661692698434,-0.25203936416605127,0.3480048913846291,-0.619485352254804,2.422206799288836,0.39061595200983346,0.04244900913982956,1.6520812480698013,-1.754682907818572,-2.824958762317661
0.0014055589361979103,-0.40748216846841395,0.6403084324580175,-0.10876475075953652,0.07540240886714183,0.5934997584402061,-0.36184586157122195,0.6675004803370473,0.3768736517811827,0.44047568955485744,1.1742106608588294,0.6568146727330799,0.35574639447848005,0.6051249367934785,0.8814499994077047,0.6059758608609873,0.7986524402384241,-0.6413918896804254,0.9317559681430085,-0.8351880819809838,0.83984321573507,-1.0139938965371156,-0.12124256838185317,0.4922317204755254,0.3763103149112677,0.2386887318338271,-0.07669564833023526,0.029690392470365437,0.2574181272692634,-0.667223622324843,0.28540895615427175,-0.14349957898926088,-0.5395872621819919,0.1912685936028312,-0.6763079796756649,0.42374003057207754,-0.39805013885098317,0.39061595200983346,0.34800253830847633,0.9333908437093872,0.9845285913826182,-0.7078065308645735,-1.2065251836361959
-0.15057081470902497,-0.9065009052460479,0.9709549383300532,-0.5418580760436997,-0.02686441360081725,1.3759066415189434,-1.5048662332002394,0.9021168392958243,0.8103315214296497,1.9894602860622335,3.9229349143876315,2.1342223588860842,1.5902840543144494,2.0055546390916614,2.7861413102242523,1.8075088095626317,2.4198836042223055,-1.1596951572654945,3.543365929659361,-2.3284944826765934,1.914311697216606,-2.73699531568592,-0.8399855760441569,1.190757365289753,0.24031337137730283,0.13115435721493848,-0.3348816232363038,-0.41566903238159947,1.4117566854420602,-2.6745905406653536,1.5177429992670866,-1.2890263644659543,-1.9978788734310489,0.6342326204510538,-2.0633537933528263,1.2237291865992075,-1.0306759590206314,0.04244900913982956,0.9333908437093872,3.1407507866280433,2.3988898164180514,-1.4020728845735124,-2.525194162995891
0.08723498135448024,-1.2400726084587919,2.2414562404663285,-0.184242529905049,0.3432012499690693,1.815584427091347,-0.739932254152247,2.402489863330164,1.1871447691719923,0.8147752618142,2.93644416334888,1.6814366521345523,0.6843170534893556,1.5218216370916982,2.3099420085646756,1.5931209248222644,2.159591660635759,-2.141245828145322,2.0745791302550067,-2.361466029546592,2.6041245522767977,-2.807138341244677,-0.07266269629328163,1.5072777821539367,1.4589305632033511,0.9982901988174371,-0.12464600874556281,0.3371867445819876,0.3006647516834234,-1.4350370061310695,0.3812421135883993,0.11685046608412127,-1.2725518169834862,0.483693644520195,-1.7727310998328656,1.1713555236908215,-1.1900271597972225,1.6520812480698013,0.9845285913826182,2.3988898164180514,2.9471529364762534,-2.2672921311120153,-3.831995688415282
-0.15159203331150925,0.9956385526939328,-2.044340656199949,-0.0021389047450128137,-0.3744291320752138,-1.4345146958804615,0.23322638399936987,-2.2429143351732943,-0.9738886224395811,-0.13206886483769298,-1.6900395164258315,-1.007221062869393,-0.1428639363790133,-0.8891725005884823,-1.4403397249488255,-1.0358927157248035,-1.4172228559697007,1.8684391073710764,-0.9035578857705432,1.6657141840912038,-2.0787677739132158,1.9949721200500603,-0.2369474229424579,-1.1743242860970728,-1.47532483762881,-1.0181136112843152,0.008194283887485969,-0.5148858354382885,0.2001564059395058,0.5460020034177696,0.158004763153603,-0.6062450157487179,0.6210752756372385,-0.27776237872314086,1.1337492191851202,-0.8022474246043326,0.8953421133888656,-1.754682907818572,-0.7078065308645735,-1.4020728845735124,-2.2672921311120153,1.9122021690113131,3.1724251751526795
-0.23119548599138848,1.6589125592573875,-3.3652494981825356,0.03955710231212763,-0.6045268721520627,-2.414349014068136,0.48759082634035056,-3.682115428173552,-1.6278519176120667,-0.3615307188673738,-3.016069958124537,-1.7861192527133853,-0.35446082470781004,-1.5801536693972715,-2.536486358517008,-1.7883676147150378,-2.4736729252982688,3.0940740078233335,-1.715145779119733,2.8660238047425493,-3.49986416641533,3.383873387540091,-0.31436510742970064,-1.991328085797944,-2.37990491282271,-1.6670086508302249,0.029409711875483573,-0.7921141428343432,0.2347365873517638,1.0822921884277468,0.14860450625443036,-0.891925593407641,1.1620938076979788,-0.49942517247416096,1.970627809424081,-1.3856385816273484,1.5296385523076,-2.824958762317661,-1.2065251836361959,-2.525194162995891,-3.831995688415282,3.1724251751526795,5.294792156966341
