V1,V2,V3,V4,V5,V6,V7,V8,V9,V10,V11,V12,V13,V14,V15,V16,V17,V18,V19,V20,V21,V22,V23,V24,V25,V26,V27,V28,V29,V30,V31,V32,V33,V34,V35,V36,V37,V38,V39,V40,V41,V42,V43
10.542175085217151,4.098620666211871,-2.404299093679172,-2.738438079374899,1.7571763188135843,-4.910707837271443,-5.903532788144524,-4.182174466079682,-2.1529531980772543,5.247520312257392,-3.672743764395256,6.555028474101794,0.6248147287348508,3.3104354967749883,2.3432576107463396,3.237658662276867,-0.4791273824253913,-4.001556420885829,5.348191330099924,-9.007204483712579,1.8669417274175628,-4.2033172931625264,-5.503337943209493,-7.678252636817669,-1.6837867208830086,-7.163932813114263,-1.1729230928160077,7.98197704324867,-4.885737405765619,-0.3555769839464516,-3.9557806187132676,-6.918796111796548,6.351099292226276,9.742692430534065,-5.300394510939824,11.841246699332734,2.8014872492935003,-2.4045727986096126,-4.935252559611906,-5.602873323477518,-6.615688058271337,-5.098035871478513,7.941961219462739
4.098620666211871,5.3691009445842885,-0.027438531291205034,0.38373686759624726,-0.5283214459087573,-1.0728195096662942,-2.1964190654088354,-1.5631935778640533,-2.73997542623085,3.0660508169096117,-1.5363540173865415,4.278603986000408,1.9575420828957197,4.006383846714661,3.8693452315416104,0.03473628790670691,1.6760959254614938,0.03372279496875995,1.9807818919839209,-3.5079913203950484,0.8298755708537131,-4.580240566380514,-4.156682460833954,-2.084832329617491,0.7422077567387135,-2.9937829173686366,-1.1742479638750165,5.360429231540003,-0.7521921045745295,0.1902352652371373,-0.006350982733897345,-5.117242680496363,3.262225085017344,5.4394868266537255,-3.7281828470741085,6.975818491637293,2.0635332992158517,-0.7507454358544625,-0.5760337363403888,-3.0497362008328768,-4.431389275048102,-3.208859350099662,2.008641053482115
-2.404299093679172,-0.027438531291205034,0.7665534412577638,0.9730938399866849,-0.6915755532926252,1.3210159934962216,1.3711275455512444,0.9686097970971638,0.03387251046573865,-0.9504861907538777,0.8112950149674675,-1.078820490415715,0.2694293340447199,-0.10095358046988723,0.17622371316468483,-1.0325042523250016,0.557529526243944,1.294815199960772,-1.2428629528518784,2.052384352676579,-0.4004779458320195,0.25129748126205,0.7709262047738032,1.9677676339049839,0.7198788922293051,1.5834174824856442,0.0945472858248426,-1.2782244416254258,1.390314346204831,0.15983701225678687,1.270473299053378,0.9949350331369768,-1.257636752184919,-1.8260944518569535,0.8083980681621851,-2.1312820810592505,-0.40425640608384594,0.5927795861403765,1.447958173302793,1.0685434341979376,1.061526022599909,0.8672596854645512,-2.0702693172228934
-2.738438079374899,0.38373686759624726,0.9730938399866849,1.2687181919065424,-0.9197934643818332,1.5966537185904501,1.5753374100041866,1.1093487650045883,-0.17012271706686122,-0.9708117113211959,0.9114563702028206,-1.0373266727428687,0.49500786877528863,0.18550249973481361,0.525163390390437,-1.310214851850938,0.8416522418219232,1.6504299160637226,-1.4248813807095377,2.335597448046719,-0.44374760147644543,-0.035811146931853055,0.657620579812925,2.340863205345373,0.9740458247543258,1.7796017515528675,0.027680817005991395,-1.2082676796966796,1.7104195119158006,0.21779783628267635,1.6160851136894563,0.8674802000094409,-1.3444481769679457,-1.9009145073331728,0.7384549540817849,-2.1685374755179505,-0.3521375047346473,0.6956713760902025,1.7958629819685061,1.1215001571070606,1.0036333934768855,0.8513427111540542,-2.4756052269835758
1.7571763188135843,-0.5283214459087573,-0.6915755532926252,-0.9197934643818332,0.6829068525631552,-1.0867553105382375,-1.0123450859413585,-0.7181515248536771,0.2522898233163949,0.5442427586987681,-0.5781652451381278,0.5389929529724942,-0.44641774819636537,-0.318850614805456,-0.5595008251376998,0.9328175097410211,-0.6751221188035209,-1.1757886526930252,0.9248909404079312,-1.501017213696201,0.2789557760644906,0.24682007913119994,-0.26861057627658985,-1.567926246015025,-0.7281408657300843,-1.1283180539382487,0.03367232556772459,0.6056191833427592,-1.1815818681334311,-0.16506416786248485,-1.1499447758199404,-0.3730628087820961,0.8051282921107465,1.0909052924023002,-0.3472147003909277,1.2104693242812257,0.1557181175008461,-0.45956201966052435,-1.2545578867257325,-0.6540142064025516,-0.5073317887417699,-0.45799463300780263,1.6712006852699328
-4.910707837271443,-1.0728195096662942,1.3210159934962216,1.5966537185904501,-1.0867553105382375,2.472785267663064,2.772253275487215,1.9619095180366828,0.5814006326726221,-2.217229658638556,1.6866883423332222,-2.6700074570691243,0.08873085242425559,-0.9394262830101555,-0.4363039273581049,-1.7792743307233967,0.6360342613630235,2.2161968372482117,-2.512865219420117,4.194170193564113,-0.8464733820558114,1.3056172020771193,2.1169252829080736,3.7762018911266835,1.0938454193533222,3.290739140811321,0.3871106890023069,-3.218207413371404,2.5301393634372706,0.238324712650605,2.182045660369208,2.68531190723747,-2.782659026251078,-4.172831798458663,2.099745075788774,-4.9906568758377094,-1.088928410205898,1.1609244956975864,2.5962402048714837,2.4169154644601005,2.669625487270059,2.1027275331788484,-3.938387001309541
-5.903532788144524,-2.1964190654088354,1.3711275455512444,1.5753374100041866,-1.0123450859413585,2.772253275487215,3.3176358295800394,2.341104564934532,1.1573233362055468,-2.9148495599893156,2.051664507449011,-3.621452280981371,-0.30608624740704266,-1.7774854944748786,-1.2371352070348989,-1.844134700724076,0.32337385372808847,2.2854627965645595,-2.992523538624317,5.039535994065449,-1.039686604842367,2.2825332365049578,3.0332263921228937,4.325508957522475,0.9813609347703297,4.003235193115871,0.6345967589484134,-4.412451755524835,2.7686011031456004,0.20648776631990148,2.2575645737682004,3.814370718874561,-3.5332247381359445,-5.421138016073888,2.9276868094833675,-6.574879062765466,-1.5393056572292825,1.3522871556080667,2.7959367818587384,3.11558908211666,3.6525595034639937,2.817516595505401,-4.472492780211863
-4.182174466079682,-1.5631935778640533,0.9686097970971638,1.1093487650045883,-0.7181515248536771,1.9619095180366828,2.341104564934532,1.6608462775272594,0.8220552140413919,-2.06382482129806,1.4558176533200287,-2.5727936599802765,-0.21907518737736686,-1.269507409627097,-0.8797692292063175,-1.3050155071223495,0.21927956953999034,1.6130389060759363,-2.1246937958391605,3.574311026589591,-0.7397485024400718,1.6169199465429498,2.1485356195756693,3.06039035926869,0.6906663734294725,2.8393712997883056,0.45431943330579305,-3.1285375227580454,1.9565635940979582,0.14686226261181604,1.5941213255044877,2.703458056476184,-2.507069988620297,-3.8351959057092215,2.07413057318019,-4.656448977108023,-1.096289675359568,0.9567178521199233,1.9809768312812988,2.207993663656663,2.5945719520456083,2.0034928963400986,-3.169460143125537
-2.1529531980772543,-2.73997542623085,0.03387251046573865,-0.17012271706686122,0.2522898233163949,0.5814006326726221,1.1573233362055468,0.8220552140413919,1.3990181818197045,-1.589242685069304,0.8043670536952071,-2.210019231346811,-0.9919552851612855,-2.045797021762359,-1.9699374686794255,-0.04413039446104818,-0.8397802992426993,0.01661223639960593,-1.041769036108988,1.841870891340598,-0.43321075076848814,2.3441831943098563,2.1411923164426168,1.1146452596962948,-0.3598377792426226,1.5676612257013027,0.6009760187210431,-2.7679936942323344,0.419944911044566,-0.09312797332181089,0.036298216837130276,2.6369265785362535,-1.6963077511609792,-2.823504338250798,1.9233977826552922,-3.6147727915407333,-1.062576578303381,0.39841989021819113,0.33068226347570917,1.583569937328499,2.2876282429025245,1.6586242739118935,-1.0775606517725655
5.247520312257392,3.0660508169096117,-0.9504861907538777,-0.9708117113211959,0.5442427586987681,-2.217229658638556,-2.9148495599893156,-2.06382482129806,-1.589242685069304,2.8919871629854463,-1.856908238910454,3.7315032773794026,0.7772715344809199,2.3849209608130475,1.9709930017981174,1.278582143371436,0.2653996084155812,-1.5611158384303432,2.633655260043214,-4.4835356253916565,0.9564742526597265,-2.8947437895755863,-3.2887736749336223,-3.5780358489833537,-0.4592576733271522,-3.6215340924979817,-0.7777913145817743,4.586956863211765,-2.121021385238058,-0.08740077790124492,-1.5536786156781535,-4.104732734952747,3.3759028156412585,5.3011277744645815,-3.092599384971705,6.5405951239384255,1.6579623584194665,-1.147153846669188,-2.0906921180359097,-3.025912358062183,-3.79716902560497,-2.8692175586924065,3.658902147598743
-3.672743764395256,-1.5363540173865415,0.8112950149674675,0.9114563702028206,-0.5781652451381278,1.6866883423332222,2.051664507449011,1.4558176533200287,0.8043670536952071,-1.856908238910454,1.2831880103165068,-2.3343358185136758,-0.26667561571968035,-1.2326718172535411,-0.9007672183801549,-1.0930005218600918,0.11188616728698131,1.347724415054301,-1.8616102805125294,3.1391556680896895,-0.6541342449967569,1.547603694144033,1.9741927949260505,2.6485923706276595,0.5460267449817222,2.502530597712297,0.4300855617794463,-2.845225695865501,1.6685153391499996,0.11475833052992981,1.333591920635377,2.4793332432339206,-2.2360289844478034,-3.4395646812521288,1.8937459867144466,-4.191992004065041,-1.0049817529083518,0.8321942557175469,1.681483988238876,1.9767784010746363,2.359099833343753,1.8126011720568718,-2.73662766933595
6.555028474101794,4.278603986000408,-1.078820490415715,-1.0373266727428687,0.5389929529724942,-2.6700074570691243,-3.621452280981371,-2.5727936599802765,-2.210019231346811,3.7315032773794026,-2.3343358185136758,4.870495535917153,1.173731664903835,3.3068040143459134,2.811600676245793,1.4527411395055918,0.5582876690603055,-1.7583655386860582,3.282542214309949,-5.605383711024173,1.2099071263500367,-3.960998011849189,-4.344419493522359,-4.3607465860674965,-0.40602716764287533,-4.5514202557509265,-1.0599754888851305,5.996733844257031,-2.5110590340918924,-0.07107453941300473,-1.7568208333326145,-5.4127679473961825,4.3136199581815555,6.811078309369818,-4.058386977875349,8.447217704244682,2.190148129093121,-1.410389486687398,-2.4547461927653558,-3.882806439722692,-4.96708208292118,-3.734392942712614,4.4452074414911555
0.6248147287348508,1.9575420828957197,0.2694293340447199,0.49500786877528863,-0.44641774819636537,0.08873085242425559,-0.30608624740704266,-0.21907518737736686,-0.9919552851612855,0.7772715344809199,-0.26667561571968035,1.173731664903835,0.8158159653620582,1.4305383153583249,1.482611560991915,-0.36408507898158116,0.8166317453192267,0.4842990944327967,0.2716658411144817,-0.5361286148810319,0.15754196834418596,-1.5876849218633107,-1.2426634424053524,-0.046453523095315544,0.5343286480609262,-0.5189542054383988,-0.3952905832494166,1.4983127485229424,0.23115801582386145,0.12823414459975208,0.46082508646227965,-1.512784668809679,0.7362522442058853,1.3284876402415005,-1.0717625804534452,1.7797449063246182,0.6080686164940706,-0.059007911663452255,0.3175990450065206,-0.727906735211426,-1.2360719957118798,-0.8586878453329888,-0.019696426852293534
3.3104354967749883,4.006383846714661,-0.10095358046988723,0.18550249973481361,-0.318850614805456,-0.9394262830101555,-1.7774854944748786,-1.269507409627097,-2.045797021762359,2.3849209608130475,-1.2326718172535411,3.3068040143459134,1.4305383153583249,3.001060198841744,2.8651985581176773,0.13565726829613073,1.1945008771640304,-0.11003167827877995,1.6113276674341577,-2.835290985130248,0.6629350001139808,-3.4384867876599676,-3.178556058352831,-1.7614063441795145,0.47840088521153407,-2.4015641872929305,-0.8875788112867645,4.131244698937253,-0.7064043865169617,0.12423402496200582,-0.13777675519384083,-3.918934419409227,2.5670054088351697,4.244157930828022,-2.8636070670357947,5.423505560682865,1.58376261738027,-0.6219516306585305,-0.5843444394624517,-2.386580172729251,-3.4185942131942983,-2.4874640671304524,1.7185510540022049
2.3432576107463396,3.8693452315416104,0.17622371316468483,0.525163390390437,-0.5595008251376998,-0.4363039273581049,-1.2371352070348989,-0.8797692292063175,-1.9699374686794255,1.9709930017981174,-0.9007672183801549,2.811600676245793,1.482611560991915,2.8651985581176773,2.839386987013858,-0.23963010679706817,1.3511120952957585,0.3551943808368729,1.1103127235801356,-2.005819477404557,0.49571849546171814,-3.2440977633558323,-2.804774838581471,-1.0017968325948206,0.7197197426025046,-1.7550071742122664,-0.8225994349886129,3.5431901096614595,-0.1877053089271344,0.17866173309578934,0.32019894063467524,-3.440618611872339,2.032393645383922,3.4618996592852302,-2.4854496059338795,4.492190559058344,1.3851058068295437,-0.3904619426786518,-0.044199023729980726,-1.9283916679616844,-2.9264215159622347,-2.093081141647082,0.9190157365880961
3.237658662276867,0.03473628790670691,-1.0325042523250016,-1.310214851850938,0.9328175097410211,-1.7792743307233967,-1.844134700724076,-1.3050155071223495,-0.04413039446104818,1.278582143371436,-1.0930005218600918,1.4527411395055918,-0.36408507898158116,0.13565726829613073,-0.23963010679706817,1.3913149369310416,-0.750261685875541,-1.7438102474418344,1.674970435480454,-2.7648029170689576,0.5399892016320028,-0.3352172043819285,-1.035881016425298,-2.6497846885342975,-0.9697394222534808,-2.132886240618351,-0.12775831054294845,1.7195144361239512,-1.8722084348972234,-0.21576007426111768,-1.7111567713650984,-1.337533428837072,1.693728202804286,2.455888109590214,-1.0868559789944043,2.8670889397130184,0.5448437572161061,-0.7981056530989278,-1.9513358012227742,-1.438179465335161,-1.4292925830470267,-1.168476847484756,2.7892721231307833
-0.4791273824253913,1.6760959254614938,0.557529526243944,0.8416522418219232,-0.6751221188035209,0.6360342613630235,0.32337385372808847,0.21927956953999034,-0.8397802992426993,0.2653996084155812,0.11188616728698131,0.5582876690603055,0.8166317453192267,1.1945008771640304,1.3511120952957585,-0.750261685875541,0.9448301393106553,0.9679792588580859,-0.2881824651746409,0.40339319204896723,-0.03140753799146774,-1.2581242180610677,-0.7419107903106985,0.7946046819753918,0.7668575035691969,0.22059730108090342,-0.30335871842359136,0.7494403139760307,0.7898004210925726,0.17731973414503222,0.9368520067345337,-0.880508668149426,0.10431643174818034,0.3659737255404477,-0.5794461125167631,0.6277662655591512,0.3561018177833902,0.20075462519105824,0.8846095201706438,-0.1746182743575503,-0.6189328676163226,-0.37710537234954494,-0.8910118435634357
-4.001556420885829,0.03372279496875995,1.294815199960772,1.6504299160637226,-1.1757886526930252,2.2161968372482117,2.2854627965645595,1.6130389060759363,0.01661223639960593,-1.5611158384303432,1.347724415054301,-1.7583655386860582,0.4842990944327967,-0.11003167827877995,0.3551943808368729,-1.7438102474418344,0.9679792588580859,2.189158785352486,-2.0698381747461685,3.414778873580318,-0.663783779314154,0.3571823447738272,1.2410890262652632,3.294202969268485,1.227819374556602,2.630395146159651,0.14167739329597304,-2.0800338257648807,2.338296651501375,0.27291705343470085,2.147058655003568,1.6055723006021734,-2.0759751339129062,-3.0054675504366966,1.3110644271064185,-3.497878689697128,-0.651950080856846,0.9904900556641775,2.437521433350185,1.7600747715487128,1.7273487462084276,1.4169106393543565,-3.467744646842
5.348191330099924,1.9807818919839209,-1.2428629528518784,-1.4248813807095377,0.9248909404079312,-2.512865219420117,-2.992523538624317,-2.1246937958391605,-1.041769036108988,2.633655260043214,-1.8616102805125294,3.282542214309949,0.2716658411144817,1.6113276674341577,1.1103127235801356,1.674970435480454,-0.2881824651746409,-2.0698381747461685,2.7185213588387027,-4.571666325601454,0.94609302913025894,-2.0523697780337717,-2.7370152894225535,-3.9175737103601027,-0.8896035021594371,-3.630597098193257,-0.5781886988948483,3.989574379177562,-2.5071087168706,-0.1896253746944235,-2.045525821558698,-3.4448019813550803,3.2027347080994018,4.8948528436168335,-2.6437369605487233,5.94209783512953,1.39800415982589,-1.2241704849937272,-2.540342665373972,-2.819233730887735,-3.3096469024033386,-2.5571684013934086,4.058959308574362
-9.007204483712579,-3.5079913203950484,2.052384352676579,2.335597448046719,-1.501017213696201,4.194170193564113,5.039535994065449,3.574311026589591,1.841870891340598,-4.4835356253916565,3.1391556680896895,-5.605383711024173,-0.5361286148810319,-2.835290985130248,-2.005819477404557,-2.7648029170689576,0.40339319204896723,3.414778873580318,-4.571666325601454,7.697881071923644,-1.5967579684697428,3.5933818742373567,4.70346435207666,6.5578254302425485,1.4354369385364625,6.122656591803153,1.0049487019594086,-6.8227445704450265,4.171352640017898,0.3037602328477723,3.3762376689413967,5.913663456548081,-5.428905706427923,-8.32298307483101,4.529788904972663,-10.11835491191316,-2.396937236763007,2.0537766968292317,4.215911609371374,4.78817822980025,5.656983358937316,4.360154298959375,-6.785358495980536
1.8669417274175628,0.8298755708537131,-0.4004779458320195,-0.44374760147644543,0.2789557760644906,-0.8464733820558114,-1.039686604842367,-0.7397485024400718,-0.43321075076848814,0.9564742526597265,-0.6541342449967569,1.2099071263500367,0.15754196834418596,0.6629350001139808,0.49571849546171814,0.5399892016320028,-0.03140753799146774,-0.663783779314154,0.94609302913025894,-1.5967579684697428,0.33453267411014015,-0.8236125111460781,-1.0288127626193295,-1.3342275098096963,-0.2590472807834055,-1.2754673041432967,-0.22867267706686747,1.475212437317525,-0.8327615438945433,-0.054304037902941395,-0.6575633477531517,-1.2909816267337497,1.1474697741072162,1.7680590352772025,-0.9835250731526367,2.1604161061303175,0.5242859831639598,-0.4204624455252867,-0.8379940072557912,-1.0159854269728343,-1.2239734393062607,-0.9383800546334312,1.3778071467206487
-4.2033172931625264,-4.580240566380514,0.25129748126205,-0.035811146931853055,0.24682007913119994,1.3056172020771193,2.2825332365049578,1.6169199465429498,2.3441831943098563,-2.8947437895755863,1.547603694144033,-3.960998011849189,-1.5876849218633107,-3.4384867876599676,-3.2440977633558323,-0.3352172043819285,-1.2581242180610677,0.3571823447738272,-2.0523697780337717,3.5933818742373567,-0.8236125111460781,3.9783554539265626,3.7707930936814185,2.360295792768679,-0.41736649983492896,3.0171661907628584,1.025906034586343,-4.944812122005825,1.0544456842115844,-0.11530512400452846,0.3836032697178428,4.6547938703415035,-3.1494129842226894,-5.178733584729153,3.4164416043035226,-6.575974574429832,-1.8747337850348043,0.8156641851606222,0.9182239729488192,2.91443000303046,4.086337872647234,2.9866117237434207,-2.3225884558410934
-5.503337943209493,-4.156682460833954,0.7709262047738032,0.657620579812925,-0.26861057627658985,2.1169252829080736,3.0332263921228937,2.1485356195756693,2.1411923164426168,-3.2887736749336223,1.9741927949260505,-4.344419493522359,-1.2426634424053524,-3.178556058352831,-2.804774838581471,-1.035881016425298,-0.7419107903106985,1.2410890262652632,-2.7370152894225535,4.70346435207666,-1.0288127626193295,3.7707930936814185,3.9524804802856264,3.528316472114228,0.1336077242253462,3.849850360944278,0.9944553967250883,-5.373505204668498,1.9388236968141235,0.009520985983478778,1.2478487268389455,4.910084785811337,-3.737973011957106,-5.972374869360467,3.659159915273391,-7.451588026197859,-1.9810939387380022,1.1573596640012138,1.8577585229478037,3.390843615290437,4.445216555327715,3.3143201610732764,-3.5680515767134793
-7.678252636817669,-2.084832329617491,1.9677676339049839,2.340863205345373,-1.567926246015025,3.7762018911266835,4.325508957522475,3.06039035926869,1.1146452596962948,-3.5780358489833537,2.6485923706276595,-4.3607465860674965,-0.046453523095315544,-1.7614063441795145,-1.0017968325948206,-2.6497846885342975,0.7946046819753918,3.294202969268485,-3.9175737103601027,6.5578254302425485,-1.3342275098096963,2.360295792768679,3.528316472114228,5.807589675806453,1.5599105645867197,5.167297447616169,0.6821907223988071,-5.275735573130589,3.8326996876595034,0.33699211481131924,3.246915582459795,4.4611808699517255,-4.4360196121759135,-6.704185455085031,3.4635684639989277,-8.06021577483521,-1.8070826001989349,1.795479348376366,3.9140354135009563,3.873190436277831,4.374189905953786,3.4192603822135452,-6.040984366410459
-1.6837867208830086,0.7422077567387135,0.7198788922293051,0.9740458247543258,-0.7281408657300843,1.0938454193533222,0.9813609347703297,0.6906663734294725,-0.3598377792426226,-0.4592576733271522,0.5460267449817222,-0.40602716764287533,0.5343286480609262,0.47840088521153407,0.7197197426025046,-0.9697394222534808,0.7668575035691969,1.227819374556602,-0.8896035021594371,1.4354369385364625,-0.2590472807834055,-0.41736649983492896,0.1336077242253462,1.5599105645867197,0.7861114927590857,1.0664097745002468,-0.0791059332137429,-0.4401464488595171,1.205338658006484,0.1780711708386559,1.1989242072229647,0.2077712453504205,-0.720454595783516,-0.9467958696800829,0.23034203768382625,-1.0148963969109273,-0.08614858531456213,0.45235818580542453,1.2843881848630887,0.5726527381417552,0.36805135286815993,0.3592810486081112,-1.6670233372641272
-7.163932813114263,-2.9937829173686366,1.5834174824856442,1.7796017515528675,-1.1283180539382487,3.290739140811321,4.003235193115871,2.8393712997883056,1.5676612257013027,-3.6215340924979817,2.502530597712297,-4.5514202557509265,-0.5189542054383988,-2.4015641872929305,-1.7550071742122664,-2.132886240618351,0.22059730108090342,2.630395146159651,-3.630597098193257,6.122656591803153,-1.2754673041432967,3.0171661907628584,3.849850360944278,5.167297447616169,1.0664097745002468,4.880806784504467,0.8378958981597772,-5.548304136677933,3.255875583801573,0.22387143769843845,2.6027752578035295,4.834583979269357,-4.360576238428761,-6.709080208356253,3.6929136538813343,-8.175813022183945,-1.958883464095207,1.6235610808660466,3.280570923007507,3.8553151307768068,4.599543508671423,3.5338824810870255,-5.338425082944371
-1.1729230928160077,-1.1742479638750165,0.0945472858248426,0.027680817005991395,0.03367232556772459,0.3871106890023069,0.6345967589484134,0.45431943330579305,0.6009760187210431,-0.7777913145817743,0.4300855617794463,-1.0599754888851305,-0.3952905832494166,-0.8875788112867645,-0.8225994349886129,-0.12775831054294845,-0.30335871842359136,0.14167739329597304,-0.5781886988948483,1.0049487019594086,-0.22867267706686747,1.025906034586343,0.9944553967250883,0.6821907223988071,-0.0791059332137429,0.8378958981597772,0.26843287026288315,-1.3168436436687367,0.3243677048147665,-0.022478842036182115,0.1479010208074037,1.2302328562767924,-0.8584668081406531,-1.3949895604820828,0.9057237638459638,-1.7664989518762675,-0.4985385366175675,0.2321688864229652,0.29478019253784155,0.7888511179997012,1.0910676390164988,0.8025575183864182,-0.6795586610068531
7.98197704324867,5.360429231540003,-1.2782244416254258,-1.2082676796966796,0.6056191833427592,-3.218207413371404,-4.412451755524835,-3.1285375227580454,-2.7679936942323344,4.586956863211765,-2.845225695865501,5.996733844257031,1.4983127485229424,4.131244698937253,3.5431901096614595,1.7195144361239512,0.7494403139760307,-2.0800338257648807,3.989574379177562,-6.8227445704450265,1.475212437317525,-4.944812122005825,-5.373505204668498,-5.275735573130589,-0.4401464488595171,-5.548304136677933,-1.3168436436687367,7.39326408565364,-3.013849045340029,-0.07258836956246043,-2.079895031994357,-6.690243686101126,5.282356213933589,8.365699939123028,-5.0105627517717934,10.38484434333176,2.702855147949339,-1.7107412374545585,-2.9335158510066672,-4.76334749259849,-6.1199022046559906,-4.592419241982567,5.367584814043585
-4.885737405765619,-0.7521921045745295,1.390314346204831,1.7104195119158006,-1.1815818681334311,2.5301393634372706,2.7686011031456004,1.9565635940979582,0.419944911044566,-2.121021385238058,1.6685153391499996,-2.5110590340918924,0.23115801582386145,-0.7064043865169617,-0.1877053089271344,-1.8722084348972234,0.7898004210925726,2.338296651501375,-2.5071087168706,4.171352640017898,-0.8327615438945433,1.0544456842115844,1.9388236968141235,3.8326996876595034,1.205338658006484,3.255875583801573,0.3243677048147665,-3.013849045340029,2.6137030127326444,0.26420865306090235,2.299350058995193,2.469823126627156,-2.701700631745679,-4.0158437180514674,1.9505949733509684,-4.76874476974809,-1.0010513644103747,1.1706316297658412,2.694451371346981,2.3321036449332437,2.4999518893262076,1.988345819840487,-4.007685723685843
-0.3555769839464516,0.1902352652371373,0.15983701225678687,0.21779783628267635,-0.16506416786248485,0.238324712650605,0.20648776631990148,0.14686226261181604,-0.09312797332181089,-0.08740077790124492,0.11475833052992981,-0.07107453941300473,0.12823414459975208,0.12423402496200582,0.17866173309578934,-0.21576007426111768,0.17731973414503222,0.27291705343470085,-0.1896253746944235,0.3037602328477723,-0.054304037902941395,-0.11530512400452846,0.009520985983478778,0.33699211481131924,0.1780711708386559,0.22387143769843845,-0.022478842036182115,-0.07258836956246043,0.26420865306090235,0.04078256343498525,0.26636916833955526,0.021783454736793054,-0.14554826841652246,-0.18368406411433144,0.03334383399688403,-0.19213878201964263,-0.010322796286432984,0.09696819917628656,0.2836205954729491,0.11301676200678662,0.061920757752560215,0.0659469500411794,-0.36215447211618695
-3.9557806187132676,-0.006350982733897345,1.270473299053378,1.6160851136894563,-1.1499447758199404,2.182045660369208,2.2575645737682004,1.5941213255044877,0.036298216837130276,-1.5536786156781535,1.333591920635377,-1.7568208333326145,0.46082508646227965,-0.13777675519384083,0.32019894063467524,-1.7111567713650984,0.9368520067345337,2.147058655003568,-2.045525821558698,3.3762376689413967,-0.6575633477531517,0.3836032697178428,1.2478487268389455,3.246915582459795,1.1989242072229647,2.6027752578035295,0.1479010208074037,-2.079895031994357,2.299350058995193,0.26636916833955526,2.106211977796812,1.6123753764341617,-2.060801807958044,-2.987907036215233,1.3132643605554257,-3.4824550020075073,-0.6549590201909834,0.9771933089853811,2.395815357882856,1.7490920495703823,1.7273122612558265,1.4139742210929265,-3.417016435252678
-6.918796111796548,-5.117242680496363,0.9949350331369768,0.8674802000094409,-0.3730628087820961,2.68531190723747,3.814370718874561,2.703458056476184,2.6369265785362535,-4.104732734952747,2.4793332432339206,-5.4127679473961825,-1.512784668809679,-3.918934419409227,-3.440618611872339,-1.337533428837072,-0.880508668149426,1.6055723006021734,-3.4448019813550803,5.913663456548081,-1.2909816267337497,4.6547938703415035,4.910084785811337,4.4611808699517255,0.2077712453504205,4.834583979269357,1.2302328562767924,-6.690243686101126,2.469823126627156,0.021783454736793054,1.6123753764341617,6.102633150948569,-4.677043240995446,-7.459043674901393,4.5518796197031595,-9.298531323471721,-2.4635914628238713,1.4600634477575876,2.3746400993749712,4.2376522609207665,5.535960565480504,4.132615714033891,-4.517351739291531
6.351099292226276,3.262225085017344,-1.257636752184919,-1.3444481769679457,0.8051282921107465,-2.782659026251078,-3.5332247381359445,-2.507069988620297,-1.6963077511609792,3.3759028156412585,-2.2360289844478034,4.3136199581815555,0.7362522442058853,2.5670054088351697,2.032393645383922,1.693728202804286,0.10431643174818034,-2.0759751339129062,3.2027347080994018,-5.428905706427923,1.1474697741072162,-3.1494129842226894,-3.737973011957106,-4.4360196121759135,-0.720454595783516,-4.360576238428761,-0.8584668081406531,5.282356213933589,-2.701700631745679,-0.14554826841652246,-2.060801807958044,-4.677043240995446,3.9935138734655564,6.213993014079112,-3.542519655641679,7.6303145128046515,1.893509710580806,-1.409706806697074,-2.692051832884619,-3.5582522765215354,-4.377097491434457,-3.330455313382888,4.558878864100815
9.742692430534065,5.4394868266537255,-1.8260944518569535,-1.9009145073331728,1.0909052924023002,-4.172831798458663,-5.421138016073888,-3.8351959057092215,-2.823504338250798,5.3011277744645815,-3.4395646812521288,6.811078309369818,1.3284876402415005,4.244157930828022,3.4618996592852302,2.455888109590214,0.3659737255404477,-3.0054675504366966,4.8948528436168335,-8.32298307483101,1.7680590352772025,-5.178733584729153,-5.972374869360467,-6.704185455085031,-0.9467958696800829,-6.709080208356253,-1.3949895604820828,8.365699939123028,-4.0158437180514674,-0.18368406411433144,-2.987907036215233,-7.459043674901393,6.213993014079112,9.734506028394287,-5.630709120453023,11.98666041399184,3.011417323064604,-2.142596299962962,-3.9709756348897165,-5.560026898032479,-6.9239405345342195,-5.2431647434539865,6.864704149399145
-5.300394510939824,-3.7281828470741085,0.8083980681621851,0.7384549540817849,-0.3472147003909277,2.099745075788774,2.9276868094833675,2.07413057318019,1.9233977826552922,-3.092599384971705,1.8937459867144466,-4.058386977875349,-1.0717625804534452,-2.8636070670357947,-2.4854496059338795,-1.0868559789944043,-0.5794461125167631,1.3110644271064185,-2.6437369605487233,4.529788904972663,-0.9835250731526367,3.4164416043035226,3.659159915273391,3.4635684639989277,0.23034203768382625,3.6929136538813343,0.9057237638459638,-5.0105627517717934,1.9505949733509684,0.03334383399688403,1.3132643605554257,4.5518796197031595,-3.542519655641679,-5.630709120453023,3.402508438030726,-7.003118724409759,-1.8375481093786457,1.1279436363429647,1.8873007352204578,3.202111396243096,4.146259577017545,3.1032375197244395,-3.5153818865340325
11.841246699332734,6.975818491637293,-2.1312820810592505,-2.1685374755179505,1.2104693242812257,-4.9906568758377094,-6.574879062765466,-4.656448977108023,-3.6147727915407333,6.5405951239384255,-4.191992004065041,8.447217704244682,1.7797449063246182,5.423505560682865,4.492190559058344,2.8670889397130184,0.6277662655591512,-3.497878689697128,5.94209783512953,-10.11835491191316,2.1604161061303175,-6.575974574429832,-7.451588026197859,-8.06021577483521,-1.0148963969109273,-8.175813022183945,-1.7664989518762675,10.38484434333176,-4.76874476974809,-0.19213878201964263,-3.4824550020075073,-9.298531323471721,7.6303145128046515,11.98666041399184,-7.003118724409759,14.794764739858168,3.7561551671467135,-2.585859636891648,-4.698006158831978,-6.841397062482108,-8.596671408122406,-6.493580859201501,8.240647486319268
2.8014872492935003,2.0635332992158517,-0.40425640608384594,-0.3521375047346473,0.1557181175008461,-1.088928410205898,-1.5393056572292825,-1.096289675359568,-1.062576578303381,1.6579623584194665,-1.0049817529083518,2.190148129093121,0.6080686164940706,1.58376261738027,1.3851058068295437,0.5448437572161061,0.3561018177833902,-0.651950080856846,1.39800415982589,-2.396937236763007,0.5242859831639598,-1.8747337850348043,-1.9810939387380022,-1.8070826001989349,-0.08614858531456213,-1.958883464095207,-0.4985385366175675,2.702855147949339,-1.0010513644103747,-0.010322796286432984,-0.6549590201909834,-2.4635914628238713,1.893509710580806,3.011417323064604,-1.8375481093786457,3.7561551671467135,0.9977658706952662,-0.5910345603545993,-0.9662052040768598,-1.7133887550921971,-2.239526290116863,-1.6736993843010597,1.8333995188833512
-2.4045727986096126,-0.7507454358544625,0.5927795861403765,0.6956713760902025,-0.45956201966052435,1.1609244956975864,1.3522871556080667,0.9567178521199233,0.39841989021819113,-1.147153846669188,0.8321942557175469,-1.410389486687398,-0.059007911663452255,-0.6219516306585305,-0.3904619426786518,-0.7981056530989278,0.20075462519105824,0.9904900556641775,-1.2241704849937272,2.0537766968292317,-0.4204624455252867,0.8156641851606222,1.1573596640012138,1.795479348376366,0.45235818580542453,1.6235610808660466,0.2321688864229652,-1.7107412374545585,1.1706316297658412,0.09696819917628656,0.9771933089853811,1.4600634477575876,-1.409706806697074,-2.142596299962962,1.1279436363429647,-2.585859636891648,-0.5910345603545993,0.5575511483646176,1.1908924746401188,1.2355762322054777,1.4179108591219471,1.1024416205647611,-1.8637979832349518
-4.935252559611906,-0.5760337363403888,1.447958173302793,1.7958629819685061,-1.2545578867257325,2.5962402048714837,2.7959367818587384,1.9809768312812988,0.33068226347570917,-2.0906921180359097,1.681483988238876,-2.4547461927653558,0.3175990450065206,-0.5843444394624517,-0.044199023729980726,-1.9513358012227742,0.8846095201706438,2.437521433350185,-2.540342665373972,4.215911609371374,-0.8379940072557912,0.9182239729488192,1.8577585229478037,3.9140354135009563,1.2843881848630887,3.280570923007507,0.29478019253784155,-2.9335158510066672,2.694451371346981,0.2836205954729491,2.395815357882856,2.3746400993749712,-2.692051832884619,-3.9709756348897165,1.8873007352204578,-4.698006158831978,-0.9662052040768598,1.1908924746401188,2.788868041656839,2.312820445889296,2.436927433389209,1.951962902641707,-4.102748044861848
-5.602873323477518,-3.0497362008328768,1.0685434341979376,1.1215001571070606,-0.6540142064025516,2.4169154644601005,3.11558908211666,2.207993663656663,1.583569937328499,-3.025912358062183,1.9767784010746363,-3.882806439722692,-0.727906735211426,-2.386580172729251,-1.9283916679616844,-1.438179465335161,-0.1746182743575503,1.7600747715487128,-2.819233730887735,4.78817822980025,-1.0159854269728343,2.91443000303046,3.390843615290437,3.873190436277831,0.5726527381417552,3.8553151307768068,0.7888511179997012,-4.76334749259849,2.3321036449332437,0.11301676200678662,1.7490920495703823,4.2376522609207665,-3.5582522765215354,-5.560026898032479,3.202111396243096,-6.841397062482108,-1.7133887550921971,1.2355762322054777,2.312820445889296,3.179007607960638,3.944823278955088,2.9921301920837378,-3.971612346987694
-6.615688058271337,-4.431389275048102,1.061526022599909,1.0036333934768855,-0.5073317887417699,2.669625487270059,3.6525595034639937,2.5945719520456083,2.2876282429025245,-3.79716902560497,2.359099833343753,-4.96708208292118,-1.2360719957118798,-3.4185942131942983,-2.9264215159622347,-1.4292925830470267,-0.6189328676163226,1.7273487462084276,-3.3096469024033386,5.656983358937316,-1.2239734393062607,4.086337872647234,4.445216555327715,4.374189905953786,0.36805135286815993,4.599543508671423,1.0910676390164988,-6.1199022046559906,2.4999518893262076,0.061920757752560215,1.7273122612558265,5.535960565480504,-4.377097491434457,-6.9239405345342195,4.146259577017545,-8.596671408122406,-2.239526290116863,1.4179108591219471,2.436927433389209,3.944823278955088,5.068729744394759,3.8054665352070742,-4.453743913714641
-5.098035871478513,-3.208859350099662,0.8672596854645512,0.8513427111540542,-0.45799463300780263,2.1027275331788484,2.817516595505401,2.0034928963400986,1.6586242739118935,-2.8692175586924065,1.8126011720568718,-3.734392942712614,-0.8586878453329888,-2.4874640671304524,-2.093081141647082,-1.168476847484756,-0.37710537234954494,1.4169106393543565,-2.5571684013934086,4.360154298959375,-0.9383800546334312,2.9866117237434207,3.3143201610732764,3.4192603822135452,0.3592810486081112,3.5338824810870255,0.8025575183864182,-4.592419241982567,1.988345819840487,0.0659469500411794,1.4139742210929265,4.132615714033891,-3.330455313382888,-5.2431647434539865,3.1032375197244395,-6.493580859201501,-1.6736993843010597,1.1024416205647611,1.951962902641707,2.9921301920837378,3.8054665352070742,2.8670011710070846,-3.491800837649388
7.941961219462739,2.008641053482115,-2.0702693172228934,-2.4756052269835758,1.6712006852699328,-3.938387001309541,-4.472492780211863,-3.169460143125537,-1.0775606517725655,3.658902147598743,-2.73662766933595,4.4452074414911555,-0.019696426852293534,1.7185510540022049,0.9190157365880961,2.7892721231307833,-0.8910118435634357,-3.467744646842,4.058959308574362,-6.785358495980536,1.3778071467206487,-2.3225884558410934,-3.5680515767134793,-6.040984366410459,-1.6670233372641272,-5.338425082944371,-0.6795586610068531,5.367584814043585,-4.007685723685843,-0.36215447211618695,-3.417016435252678,-4.517351739291531,4.558878864100815,6.864704149399145,-3.5153818865340325,8.240647486319268,1.8333995188833512,-1.8637979832349518,-4.102748044861848,-3.971612346987694,-4.453743913714641,-3.491800837649388,6.292592584284744
