V1,V2,V3,V4,V5,V6,V7,V8,V9,V10,V11,V12,V13,V14,V15,V16,V17,V18,V19,V20,V21,V22,V23,V24,V25,V26,V27,V28,V29,V30,V31,V32,V33,V34,V35,V36,V37,V38,V39,V40,V41,V42,V43,V44
0.8622518257062749,-0.8089003336586248,0.3079611081896235,0.31959993670722286,-0.0813997309413286,0.566585398172986,0.7495637614744635,0.8953531866772397,-0.08789636457790051,-0.007059481669323334,0.2296742199112502,0.04487347202891535,1.0131077464183649,0.29076508611285673,0.19342931690919035,-1.285082235267177,-0.7016428169074933,-0.26591223228247557,0.3461398985513781,-0.8577047763940129,0.24897789437684298,0.5310574848902019,-0.0811251349134567,0.3513303695994569,0.2419692727773066,-0.4053882275764596,0.08164052570600375,-0.8186125864693422,0.5549566656364604,0.27225331113751106,-0.5881222027259091,-0.5151352807995752,0.25772947786210015,-0.4880320433101308,0.015658542708385313,-0.2770994172904124,0.8999736419053205,-0.35847864000660445,0.5486298269638062,0.3568485011030075,-0.17614564334081115,-0.8209842626449392,-0.3284981006475619,0.4612169624670723
-0.8089003336586248,3.162750977936847,-1.3193710032298784,0.8012161979260485,-0.6733186057109767,-2.682357521678483,2.360368177241956,-2.4006784450016196,0.023047970012305196,0.05328981863604164,0.21980098883460666,-1.3263347701226642,-2.0190304680153632,-1.650587711720695,2.2295457100144733,1.0724491235739695,2.6017201306580504,-1.010018116194308,-3.118276725795237,1.8330729410133697,0.9465452112273497,-0.8835788571924831,-1.5215872973613527,-0.9143588640110324,2.767373622497823,1.7396993765843334,-2.7328098103415175,1.649767304955296,0.1420341657963559,0.01725731957702092,1.150588631558488,1.5396115892607432,-0.9466555821232581,2.3952425444304395,-0.17490733256627414,-0.666971512791377,-3.603993314001171,0.5293837733334638,-2.53829918862219,-1.2957177216917564,1.2513151445471768,4.065183580193787,0.3639418353919542,-2.4415802290382533
0.3079611081896235,-1.3193710032298784,0.6685395135519071,-0.19702823601875755,0.38169652184359787,0.790235148438871,-0.7193334120746158,1.0498094143559915,-0.09925699213000631,-0.002541802184524517,-0.056679379861342076,0.3452658314187013,0.4447472483263719,0.42634604896537603,-0.862153713626266,-0.4464991096089511,-0.6843078164753472,0.2697264472042454,0.9530034065732141,-0.8246526878844317,-0.2546433603333499,0.42114772260613625,0.4099529588629104,0.5255809466426027,-0.8420390632699717,-0.43553585236214354,0.8530558290745613,-0.17715775001461456,0.12198516519987611,0.033894219191914286,-0.28609072492540544,-0.6855065156393912,0.3751651155671701,-0.8007504177148054,0.22825743483822195,0.17968132556342734,1.4256293128011672,-0.292105668702176,0.6280324202761084,0.21296115142249464,-0.26466355954379406,-1.3158354152131078,-0.024383312254939025,0.7690851352668817
0.31959993670722286,0.8012161979260485,-0.19702823601875755,0.9008804816541727,-0.257975930162085,-1.2774087621567372,2.188000329875054,-0.3069253617234586,-0.21127823266626908,0.04685829624375745,0.355318020031307,-0.9135075420582704,-0.6965177680021557,-0.9281812534599301,1.3485115989794416,-0.6128795661876291,1.2349861797610873,-0.9448984541882107,-1.7223075639888126,0.01651073286221544,0.8884902476621418,0.1053558595394756,-1.1334751959593987,0.06247012657899534,2.0057797681983334,0.9130645768472171,-1.6576430703727192,0.8504955373677082,0.8154138251457027,0.2960589698215064,0.3283237902283459,0.23351654049648568,-0.24780401269986466,1.0312846337587926,0.17845272617939545,-0.7186166352337326,-1.0737420732941405,-0.17942124766119397,-1.385439628679568,-0.8016152094463219,0.840242628843912,1.8175475825477236,0.08922540255833956,-1.1251481003813846
-0.0813997309413286,-0.6733186057109767,0.38169652184359787,-0.257975930162085,0.3607461482580255,0.4046854531461428,-0.8828233520740585,0.4205296328804989,-0.05032778314324743,0.003170256621854063,-0.017920219727367064,0.33945633272601006,0.07069270003575927,0.23270444531023313,-0.7791440179896987,0.1451364733529715,-0.35366062487935224,0.3648671725220527,0.6877631654934921,-0.2817513809401669,-0.2892284061364831,0.16517252629163443,0.35521566921665565,0.2185550032636866,-0.8002961989211885,-0.2731785428078272,0.6037937523659785,0.09749600819139252,-0.14036571188597982,-0.11141550575181321,0.010337702371003102,-0.3575639458913064,0.18833181242106103,-0.4760729568002338,0.1005554458634452,0.35452149219256107,0.7729688344979333,-0.11519017116782088,0.3917759442857712,0.15356313142296713,-0.14962945790248644,-0.7943991885406808,0.055007844573731444,0.3875996891746607
0.566585398172986,-2.682357521678483,0.790235148438871,-1.2774087621567372,0.4046854531461428,3.489118513776548,-3.463903578582574,1.717219725071489,0.3287252821860314,-0.1364230527583461,-0.23791031186565526,2.041089377984809,2.9452805655600525,2.374416428884584,-2.489609830325299,-0.5156644554965086,-3.707092099154711,1.6365142126038537,4.077386202338837,-1.2334599154552761,-1.4838941509221064,0.587817904691858,2.2302648636535385,0.21504350349728152,-3.8148361729380547,-2.592983118044761,3.510883343590844,-3.0232896182004483,-0.9669026534438692,-0.3068822552467775,-1.4958146825709824,-1.1326605148846163,0.8718754358218639,-2.792824113109907,-0.4216388941590558,1.2338798489139742,3.3845276553106967,-0.15113157568046504,3.7576777303572286,2.3476172280667873,-1.990157544737972,-4.992018756089844,-0.7153776903865026,2.9102605256503677
0.7495637614744635,2.360368177241956,-0.7193334120746158,2.188000329875054,-0.8828233520740585,-3.463903578582574,5.955642026385691,-0.894676506545023,-0.44491790384790225,0.140148200597412,0.5328230164417973,-2.6400829149050313,-2.0443486473639854,-2.459293363219714,3.883485069251768,-1.4985889551990945,3.617193312202486,-2.633501599117972,-4.8653486438471045,0.2950471011987338,2.3558593059114052,-0.015988939402239433,-2.9914848254907804,0.20506571564913112,5.49921740312354,2.718574524195892,-4.414629239366482,2.224260233108647,2.1081001530690258,0.8720640791366375,0.8335332856959484,0.8123903390212188,-0.7701630871408933,2.928367274905847,0.5149367093081962,-2.2294696251515305,-3.1842444467823654,-0.2527540070449688,-3.945676451543646,-2.41733537668689,2.187355204910239,5.20950875868164,0.29975770137072344,-2.9452234706557605
0.8953531866772397,-2.4006784450016196,1.0498094143559915,-0.3069253617234586,0.4205296328804989,1.717219725071489,-0.894676506545023,2.060970795197959,-0.12548347108778016,-0.007524126790228836,-0.14848737754691782,0.6415500106739103,1.4036396256978851,0.9864123372765117,-1.1882903516811767,-1.2979756960199031,-1.5687845678788461,0.34192624797776205,1.8037383837287864,-1.5908659440302333,-0.3627303009797644,0.7643355077002354,0.7744654098073062,0.9213850560846922,-1.3407964015969631,-0.9760788810237078,1.588240123859716,-1.0425135833771038,0.3142181505053387,0.1851663093593207,-0.8956958720845807,-1.2415136133106524,0.686509247792901,-1.5749140612493808,0.29878561735037623,0.10142437129557047,2.623506485641026,-0.5216571356937336,1.461856229663644,0.6400791017488331,-0.6740058068689289,-2.5969106173946943,-0.2644784547041961,1.6414202908882145
-0.08789636457790051,0.023047970012305196,-0.09925699213000631,-0.21127823266626908,-0.05032778314324743,0.3287252821860314,-0.44491790384790225,-0.12548347108778016,0.16194696784116466,-0.03295786389318044,-0.09522582764616921,0.22898365419786412,0.23758113557023738,0.29013995016400923,-0.1546497517839126,0.20768735350759138,-0.3294003718920201,0.2326074480011227,0.3322944016602457,0.13621698903175236,-0.21962263945076188,-0.07477795149033878,0.28182565924306185,-0.12325859677020312,-0.4240987751162178,-0.24165702115646134,0.3519065864147631,-0.39677922408870014,-0.2706025890958092,-0.08079379389903421,-0.11267150902525594,0.09279175747236729,-0.004536535938321542,-0.16537699458178062,-0.1449245971915293,0.18274372277130144,0.033145391069653196,0.1526408333833972,0.36910682912417886,0.270924593723419,-0.2703240764539398,-0.3715085672711978,-0.0765934836441967,0.22261562100559404
-0.007059481669323334,0.05328981863604164,-0.002541802184524517,0.04685829624375745,0.003170256621854063,-0.1364230527583461,0.140148200597412,-0.007524126790228836,-0.03295786389318044,0.017638330287918946,-0.010514550967133234,-0.08379979858274778,-0.11538311942994936,-0.10029454119737286,0.08922355274409303,-0.004137675479034421,0.16031154335471398,-0.07512502125004186,-0.15368199251761744,0.021741317503745996,0.07219405847848796,-0.019337573933716205,-0.0843362741291561,0.031070124708732827,0.15394084709536113,0.11628665176134802,-0.12542825963830412,0.13450009536171068,0.05793172392681956,0.027333141264460844,0.04631967928532731,0.006268883700096308,-0.030743427236045912,0.09338415998081723,0.03921661146880578,-0.06945338663515474,-0.08564053098269615,-0.007149300754733439,-0.15307897690520916,-0.11228039841924368,0.09126126204454611,0.1834786190253473,0.029415346488560163,-0.09040993673666321
0.2296742199112502,0.21980098883460666,-0.056679379861342076,0.355318020031307,-0.017920219727367064,-0.23791031186565526,0.5328230164417973,-0.14848737754691782,-0.09522582764616921,-0.010514550967133234,0.5603410656744571,0.02869416068180455,0.35487261629828104,-0.19399424884750865,0.19468316401229793,-0.3750534461204724,-0.17925925447804114,-0.13371259503885666,-0.081431601271855,-0.06863498705856873,0.22904138927169806,0.27370866681672656,-0.32357113486994626,-0.18042515014225644,0.3748088575783751,-0.1941319277227262,-0.4952704548927782,-0.1344428830238024,0.23814978344762985,0.018592141585092217,0.012264460019032959,-0.03977708428642029,0.004853494218984985,0.046222426347988135,-0.19542618932799802,0.12923362311805398,-0.07903763438384749,-0.20367738610049793,0.10376042118233247,0.2783977886032105,0.11340466230413496,0.06986876370545808,-0.15768827285707157,-0.3517483221254341
0.04487347202891535,-1.3263347701226642,0.3452658314187013,-0.9135075420582704,0.33945633272601006,2.041089377984809,-2.6400829149050313,0.6415500106739103,0.22898365419786412,-0.08379979858274778,0.02869416068180455,1.5068482868353499,1.8022722837761724,1.435467682908292,-1.7832096616148725,0.17019168846262495,-2.3796500473377655,1.2676772028580967,2.71760483237289,-0.3894239004826453,-1.0723485178784704,0.2682146304893873,1.4866172523685912,-0.1475961255772161,-2.6819131200503876,-1.7666400219410319,2.2001273062830977,-1.8339054390245306,-0.8989994830634104,-0.36141730762970414,-0.752825320282748,-0.5585308739789527,0.4559419946005136,-1.724744832666099,-0.4525179411342907,1.158994168762515,1.8776410843666704,-0.005643187407978579,2.4994266886609915,1.6904477195907615,-1.2695194640900676,-3.1096875150209904,-0.44197073590134284,1.634860856182837
1.0131077464183649,-2.0190304680153632,0.4447472483263719,-0.6965177680021557,0.07069270003575927,2.9452805655600525,-2.0443486473639854,1.4036396256978851,0.23758113557023738,-0.11538311942994936,0.35487261629828104,1.8022722837761724,3.498340307085595,1.9934488800969703,-1.5878207452610176,-1.2546678246333922,-3.6889006750806668,1.1239245805266016,3.4933390855260336,-1.1565961631407013,-0.9383088317571167,0.784287170031072,1.5869949593042758,-0.0742537244539886,-2.698463645837553,-2.629103986161236,2.4916736302974307,-3.4249195020582426,-0.5000115515836936,-0.10416708957570937,-1.6295024094071326,-0.9911161642104114,0.7335709329807824,-2.4504640653788212,-0.7256526620015376,0.9858045196421895,2.821343736703441,-0.30744795453563545,3.65307510313797,2.566547080085918,-1.7864107871831356,-4.358160553361419,-0.9972709550648018,2.3114462488697014
0.29076508611285673,-1.650587711720695,0.42634604896537603,-0.9281812534599301,0.23270444531023313,2.374416428884584,-2.459293363219714,0.9864123372765117,0.29013995016400923,-0.10029454119737286,-0.19399424884750865,1.435467682908292,1.9934488800969703,1.6594898243788543,-1.6610984405917923,-0.17886098341325202,-2.520751884111111,1.17863352517844,2.765776042739267,-0.6698206329796278,-1.0611814376091377,0.31318898860126276,1.5762914720450496,0.04608763891190761,-2.6591366711394504,-1.7774043891368425,2.4084500552196655,-2.1305860720365515,-0.7847600507294857,-0.25471285578441427,-0.9963120075060976,-0.6553392155754065,0.5359753580759864,-1.8525878523066828,-0.3557949907619865,0.9030414206639844,2.12825362621674,-0.008000606498997658,2.5912124916863633,1.6496546213394694,-1.399673090813248,-3.354182456761113,-0.5001053651556603,1.9528106784538726
0.19342931690919035,2.2295457100144733,-0.862153713626266,1.3485115989794416,-0.7791440179896987,-2.489609830325299,3.883485069251768,-1.1882903516811767,-0.1546497517839126,0.08922355274409303,0.19468316401229793,-1.7832096616148725,-1.5878207452610176,-1.6610984405917923,2.876609245957958,-0.47655920596566725,2.6361413202220354,-1.7038242091190068,-3.5142890890540546,0.7592634341235553,1.512230371443908,-0.36427343598014755,-1.938542441289565,-0.16643184296706034,3.742512863031274,1.955732640336866,-3.033575810443221,1.4245942843227184,1.0869763331860411,0.4912096228143042,0.6526603986414606,0.9592752194594377,-0.7347928056348989,2.2638221639880283,0.2017163886689472,-1.4605746724250286,-2.839453153676169,0.12556025977204877,-2.7718788888720645,-1.6237284759945132,1.4435312927108819,3.9184272917382854,0.21236568605152303,-2.1522250269163097
-1.285082235267177,1.0724491235739695,-0.4464991096089511,-0.6128795661876291,0.1451364733529715,-0.5156644554965086,-1.4985889551990945,-1.2979756960199031,0.20768735350759138,-0.004137675479034421,-0.3750534461204724,0.17019168846262495,-1.2546678246333922,-0.17886098341325202,-0.47655920596566725,2.0133565205137827,0.706059260069697,0.5956939150164681,-0.1518144945142636,1.2897297330844488,-0.5385558688162778,-0.7832735341763004,0.37199577514664084,-0.5569545273139552,-0.7439153114010995,0.3616995843085764,0.2204583065376435,0.886805022215369,-1.009636249267338,-0.46224209569598357,0.7444588629002383,0.7332966258921921,-0.3613514984660262,0.510021271717642,-0.11597700782474607,0.5959079327842624,-1.1455418517018208,0.5976424029354767,-0.44489383557098117,-0.26509926824671354,0.06608607559030595,0.7650644030943211,0.4032858796634712,-0.4381607758785906
-0.7016428169074933,2.6017201306580504,-0.6843078164753472,1.2349861797610873,-0.35366062487935224,-3.707092099154711,3.617193312202486,-1.5687845678788461,-0.3294003718920201,0.16031154335471398,-0.17925925447804114,-2.3796500473377655,-3.6889006750806668,-2.520751884111111,2.6361413202220354,0.706059260069697,4.425042330419568,-1.7929959859074742,-4.598461376278113,1.224242630718941,1.5541775211398292,-0.7552601008558989,-2.307252277953578,0.10965347779495593,4.073808684939626,3.1749726350773004,-3.5835958526647103,3.663259502009735,1.0463463220701625,0.3620507782351828,1.6980955125920658,1.1522520105470904,-0.9284082452744102,3.0768405980624585,0.7579447285559796,-1.538793468800585,-3.549578106933849,0.2387947210044892,-4.426037757821093,-2.9995015759318036,2.238874468469277,5.508006834883346,0.9633625020669838,-2.963867877808328
-0.26591223228247557,-1.010018116194308,0.2697264472042454,-0.9448984541882107,0.3648671725220527,1.6365142126038537,-2.633501599117972,0.34192624797776205,0.2326074480011227,-0.07512502125004186,-0.13371259503885666,1.2676772028580967,1.1239245805266016,1.17863352517844,-1.7038242091190068,0.5956939150164681,-1.7929959859074742,1.2232072999269765,2.2682428006255098,-0.12899304677920428,-1.050529106501295,0.05967951395210047,1.3580247475632983,-0.16941849739121562,-2.501429614889716,-1.3479322837356955,1.9680904491481668,-1.2105662052844322,-0.9601632247979873,-0.4085892560531701,-0.43220156014473793,-0.3609647344119592,0.34681959572192556,-1.3619769924469158,-0.33323036080012264,1.0704189118733143,1.4257576944101338,0.10268131348261676,1.938340202982168,1.2539811900262345,-1.0455507164079956,-2.4683933083711675,-0.22239930265461708,1.3285504272114956
0.3461398985513781,-3.118276725795237,0.9530034065732141,-1.7223075639888126,0.6877631654934921,4.077386202338837,-4.8653486438471045,1.8037383837287864,0.3322944016602457,-0.15368199251761744,-0.081431601271855,2.71760483237289,3.4933390855260336,2.765776042739267,-3.5142890890540546,-0.1518144945142636,-4.598461376278113,2.2682428006255098,5.290564683732155,-1.240979706580668,-1.9986769990543112,0.6681977984039932,2.8025996013229704,0.033321922185992475,-5.089326651931751,-3.331458233076064,4.349089031968062,-3.4255909642787605,-1.4194145520240171,-0.5381824047106608,-1.5912712404079081,-1.360427629719521,1.0573684766813034,-3.4841848080175395,-0.6442892904084148,1.9102514874822962,4.128516205735126,-0.1943757751109706,4.724203919089076,3.02577485914515,-2.4316962212703737,-6.148328855840039,-0.788971971954007,3.3968237004687416
-0.8577047763940129,1.8330729410133697,-0.8246526878844317,0.01651073286221544,-0.2817513809401669,-1.2334599154552761,0.2950471011987338,-1.5908659440302333,0.13621698903175236,0.021741317503745996,-0.06863498705856873,-0.3894239004826453,-1.1565961631407013,-0.6698206329796278,0.7592634341235553,1.2897297330844488,1.224242630718941,-0.12899304677920428,-1.240979706580668,1.388931792659616,0.1301365913932775,-0.7354644701856465,-0.4000051145829868,-0.6907588436246755,0.7611874673410571,0.7561381145723277,-0.9702626665390326,0.7954489605063675,-0.4405844245974721,-0.19032374276577088,0.6941158146840518,0.9835512396234911,-0.5685234726035693,1.144851036297968,-0.21747396783959497,0.010522271379062996,-1.9991497096460693,0.520972645691573,-1.056069399709551,-0.491058252905499,0.44380441562150214,1.8902541146925251,0.24350347885950704,-1.122907891391201
0.24897789437684298,0.9465452112273497,-0.2546433603333499,0.8884902476621418,-0.2892284061364831,-1.4838941509221064,2.3558593059114052,-0.3627303009797644,-0.21962263945076188,0.07219405847848796,0.22904138927169806,-1.0723485178784704,-0.9383088317571167,-1.0611814376091377,1.512230371443908,-0.5385558688162778,1.5541775211398292,-1.050529106501295,-1.9986769990543112,0.1301365913932775,0.9695026257887233,-0.009566480637185782,-1.2283845074472053,0.10717219384989765,2.218316307551048,1.1537689325879241,-1.8173755763092068,1.058109606423674,0.8543994999401248,0.3351294355303112,0.41107339391848713,0.2990709552854138,-0.3180376391901147,1.2076735426094274,0.24320012364821297,-0.8695147131746134,-1.2894430851477157,-0.12720857686435932,-1.6689775868420154,-1.0366585653450113,0.9514586510271731,2.1705152364232054,0.15889792330076305,-1.247189138560527
0.5310574848902019,-0.8835788571924831,0.42114772260613625,0.1053558595394756,0.16517252629163443,0.587817904691858,-0.015988939402239433,0.7643355077002354,-0.07477795149033878,-0.019337573933716205,0.27370866681672656,0.2682146304893873,0.784287170031072,0.31318898860126276,-0.36427343598014755,-0.7832735341763004,-0.7552601008558989,0.05967951395210047,0.6681977984039932,-0.7354644701856465,-0.009566480637185782,0.522133914453743,0.11494037640448891,0.29968561918043113,-0.31545092096373006,-0.5122594695621773,0.3449253280773843,-0.5079795413987518,0.2948816277953671,0.09856086507205705,-0.36023562202952275,-0.5370155678427819,0.2924142065484794,-0.6141179538160869,0.0054368878190278296,0.11436691820658275,1.0462028253030031,-0.32854362820425836,0.6499348446567068,0.41370688881513296,-0.21947630516501115,-1.038717030794637,-0.2049527928676678,0.45474648139530355
-0.0811251349134567,-1.5215872973613527,0.4099529588629104,-1.1334751959593987,0.35521566921665565,2.2302648636535385,-2.9914848254907804,0.7744654098073062,0.28182565924306185,-0.0843362741291561,-0.32357113486994626,1.4866172523685912,1.5869949593042758,1.5762914720450496,-1.938542441289565,0.37199577514664084,-2.307252277953578,1.3580247475632983,2.8025996013229704,-0.4000051145829868,-1.2283845074472053,0.11494037640448891,1.7025822693003945,-0.023356793214243186,-2.94652660386912,-1.6632420602585491,2.5470140841276896,-1.7478376201968269,-1.0360793283028982,-0.3760811281728452,-0.7722629867613375,-0.5526972783166212,0.4781479492824914,-1.781330818393755,-0.31148237170502563,1.0688078741213478,1.9809686458020916,0.09952286185505745,2.4500801062363573,1.5167559105044863,-1.3512260032435017,-3.203918057190486,-0.33937940114404863,1.8885933903874117
0.3513303695994569,-0.9143588640110324,0.5255809466426027,0.06247012657899534,0.2185550032636866,0.21504350349728152,0.20506571564913112,0.9213850560846922,-0.12325859677020312,0.031070124708732827,-0.18042515014225644,-0.1475961255772161,-0.0742537244539886,0.04608763891190761,-0.16643184296706034,-0.5569545273139552,0.10965347779495593,-0.16941849739121562,0.033321922185992475,-0.6907588436246755,0.10717219384989765,0.29968561918043113,-0.023356793214243186,0.6500307504983988,0.06764636200473452,0.175386767537817,0.1918252846404812,0.27621455977527026,0.40958878792797265,0.1886866546551112,-0.12582130552512238,-0.5042938764958061,0.19872945698850772,-0.25533197961196985,0.3867938862226423,-0.2613425538798868,0.8116762299881379,-0.23510262425101225,-0.163940636092859,-0.348748887343606,0.10770077364369884,-0.3395804862098206,0.08687651998803528,0.33073637074661905
0.2419692727773066,2.767373622497823,-0.8420390632699717,2.0057797681983334,-0.8002961989211885,-3.8148361729380547,5.49921740312354,-1.3407964015969631,-0.4240987751162178,0.15394084709536113,0.3748088575783751,-2.6819131200503876,-2.698463645837553,-2.6591366711394504,3.742512863031274,-0.7439153114010995,4.073808684939626,-2.501429614889716,-5.089326651931751,0.7611874673410571,2.218316307551048,-0.31545092096373006,-2.94652660386912,0.06764636200473452,5.3872729926481115,2.9928082563773803,-4.445599747716189,2.7891186922153586,1.8060063213860167,0.7280848372019674,1.1856871591386253,1.0832330048826089,-0.9205994248588936,3.207414577743997,0.5636314127240812,-2.0767160865775387,-3.6602569844472157,-0.0567278932425634,-4.318213531026978,-2.6766067910514493,2.330955211215473,5.700143931762376,0.5174285817576363,-3.209901506719578
-0.4053882275764596,1.7396993765843334,-0.43553585236214354,0.9130645768472171,-0.2731785428078272,-2.592983118044761,2.718574524195892,-0.9760788810237078,-0.24165702115646134,0.11628665176134802,-0.1941319277227262,-1.7666400219410319,-2.629103986161236,-1.7774043891368425,1.955732640336866,0.3616995843085764,3.1749726350773004,-1.3479322837356955,-3.331458233076064,0.7561381145723277,1.1537689325879241,-0.5122594695621773,-1.6632420602585491,0.175386767537817,2.9928082563773803,2.3203619764674266,-2.542340461950246,2.6005737795599315,0.8322174559515381,0.3110442561489943,1.1495626927652582,0.7708772711049374,-0.6412107226157795,2.1891392669679917,0.604250430470514,-1.2184859147710523,-2.4557100006497055,0.14763570776822982,-3.2076596190856694,-2.2128549748555355,1.6084015716686373,3.9147051571665927,0.6845068755637722,-2.04902243144565
0.08164052570600375,-2.7328098103415175,0.8530558290745613,-1.6576430703727192,0.6037937523659785,3.510883343590844,-4.414629239366482,1.588240123859716,0.3519065864147631,-0.12542825963830412,-0.4952704548927782,2.2001273062830977,2.4916736302974307,2.4084500552196655,-3.033575810443221,0.2204583065376435,-3.5835958526647103,1.9680904491481668,4.349089031968062,-0.9702626665390326,-1.8173755763092068,0.3449253280773843,2.5470140841276896,0.1918252846404812,-4.445599747716189,-2.542340461950246,3.9548316534923345,-2.620905003389643,-1.3593043569506116,-0.4759841742693114,-1.276382418347314,-1.0717239996936574,0.855021108142912,-2.858726694922503,-0.3394455120852982,1.500424963996398,3.4246710274503376,0.004073103284508844,3.730631778597838,2.2324805230312608,-2.0431797623511585,-5.076283077881899,-0.5016396706066921,3.0302933816800044
-0.8186125864693422,1.649767304955296,-0.17715775001461456,0.8504955373677082,0.09749600819139252,-3.0232896182004483,2.224260233108647,-1.0425135833771038,-0.39677922408870014,0.13450009536171068,-0.1344428830238024,-1.8339054390245306,-3.4249195020582426,-2.1305860720365515,1.4245942843227184,0.886805022215369,3.663259502009735,-1.2105662052844322,-3.4255909642787605,0.7954489605063675,1.058109606423674,-0.5079795413987518,-1.7478376201968269,0.27621455977527026,2.7891186922153586,2.6005737795599315,-2.620905003389643,3.655071315426447,0.7915197319492082,0.17670208098669454,1.6507436580230146,0.6907179167034572,-0.6072193255081462,2.3105158972688598,0.8241701448173333,-0.9863744803803983,-2.402711291897808,0.05078423850876642,-3.6840124612645972,-2.621029159037206,1.911891835473697,4.233254331468456,1.0199411746795406,-2.3520765576835734
0.5549566656364604,0.1420341657963559,0.12198516519987611,0.8154138251457027,-0.14036571188597982,-0.9669026534438692,2.1081001530690258,0.3142181505053387,-0.2706025890958092,0.05793172392681956,0.23814978344762985,-0.8989994830634104,-0.5000115515836936,-0.7847600507294857,1.0869763331860411,-1.009636249267338,1.0463463220701625,-0.9601632247979873,-1.4194145520240171,-0.4405844245974721,0.8543994999401248,0.2948816277953671,-1.0360793283028982,0.40958878792797265,1.8060063213860167,0.8322174559515381,-1.3593043569506116,0.7915197319492082,1.014834344349578,0.40636669078239296,0.15113152929279705,-0.12179207091055536,-0.06376424065285832,0.6967004396977065,0.34112408759682716,-0.840062641929446,-0.39610784534773474,-0.3351531406270928,-1.231175418912277,-0.8560804475282656,0.7448529960758064,1.349470437419979,0.09654702936834166,-0.763111959882571
0.27225331113751106,0.01725731957702092,0.033894219191914286,0.2960589698215064,-0.11141550575181321,-0.3068822552467775,0.8720640791366375,0.1851663093593207,-0.08079379389903421,0.027333141264460844,0.018592141585092217,-0.36141730762970414,-0.10416708957570937,-0.25471285578441427,0.4912096228143042,-0.46224209569598357,0.3620507782351828,-0.4085892560531701,-0.5381824047106608,-0.19032374276577088,0.3351294355303112,0.09856086507205705,-0.3760811281728452,0.1886866546551112,0.7280848372019674,0.3110442561489943,-0.4759841742693114,0.17670208098669454,0.40636669078239296,0.20789089774601918,-0.036230098888847415,-0.047499444934868455,-0.02985301397160716,0.24544847841395126,0.1257411084170644,-0.4024221005121417,-0.12401726802124514,-0.09675742644313623,-0.43494162292395294,-0.32045930018118174,0.23782674882211388,0.4854828229747661,0.010801474236740742,-0.21398663744472887
-0.5881222027259091,1.150588631558488,-0.28609072492540544,0.3283237902283459,0.010337702371003102,-1.4958146825709824,0.8335332856959484,-0.8956958720845807,-0.11267150902525594,0.04631967928532731,0.012264460019032959,-0.752825320282748,-1.6295024094071326,-0.9963120075060976,0.6526603986414606,0.7444588629002383,1.6980955125920658,-0.43220156014473793,-1.5912712404079081,0.6941158146840518,0.41107339391848713,-0.36023562202952275,-0.7722629867613375,-0.12582130552512238,1.1856871591386253,1.1495626927652582,-1.276382418347314,1.6507436580230146,0.15113152929279705,-0.036230098888847415,0.8860705300145129,0.5280010627851955,-0.3685889351399651,1.1759597783456992,0.227772724266264,-0.2698142013823907,-1.4526434688797942,0.137020265136654,-1.6535922369277685,-1.0848798990865587,0.8494950252759379,2.088232684831751,0.45840584650903266,-1.2501715015257717
-0.5151352807995752,1.5396115892607432,-0.6855065156393912,0.23351654049648568,-0.3575639458913064,-1.1326605148846163,0.8123903390212188,-1.2415136133106524,0.09279175747236729,0.006268883700096308,-0.03977708428642029,-0.5585308739789527,-0.9911161642104114,-0.6553392155754065,0.9592752194594377,0.7332966258921921,1.1522520105470904,-0.3609647344119592,-1.360427629719521,0.9835512396234911,0.2990709552854138,-0.5370155678427819,-0.5526972783166212,-0.5042938764958061,1.0832330048826089,0.7708772711049374,-1.0717239996936574,0.6907179167034572,-0.12179207091055536,-0.047499444934868455,0.5280010627851955,0.840446182878251,-0.4617921563369013,1.1056245110662537,-0.10180425216452502,-0.26305050762184334,-1.7629225158406336,0.3691640976653133,-1.1105273622574707,-0.5674000687925567,0.4734770418958542,1.8348777785965367,0.19317679455992873,-1.037942624294121
0.25772947786210015,-0.9466555821232581,0.3751651155671701,-0.24780401269986466,0.18833181242106103,0.8718754358218639,-0.7701630871408933,0.686509247792901,-0.004536535938321542,-0.030743427236045912,0.004853494218984985,0.4559419946005136,0.7335709329807824,0.5359753580759864,-0.7347928056348989,-0.3613514984660262,-0.9284082452744102,0.34681959572192556,1.0573684766813034,-0.5685234726035693,-0.3180376391901147,0.2924142065484794,0.4781479492824914,0.19872945698850772,-0.9205994248588936,-0.6412107226157795,0.855021108142912,-0.6072193255081462,-0.06376424065285832,-0.02985301397160716,-0.3685889351399651,-0.4617921563369013,0.32138392917076775,-0.7830304284498909,-0.004630563282385479,0.25176899624171245,1.1278857650554166,-0.18743167690914303,0.8938065679872769,0.5041825436763602,-0.43996145378665186,-1.328600754398301,-0.14193658398755424,0.7591227715951642
-0.4880320433101308,2.3952425444304395,-0.8007504177148054,1.0312846337587926,-0.4760729568002338,-2.792824113109907,2.928367274905847,-1.5749140612493808,-0.16537699458178062,0.09338415998081723,0.046222426347988135,-1.724744832666099,-2.4504640653788212,-1.8525878523066828,2.2638221639880283,0.510021271717642,3.0768405980624585,-1.3619769924469158,-3.4841848080175395,1.144851036297968,1.2076735426094274,-0.6141179538160869,-1.781330818393755,-0.25533197961196985,3.207414577743997,2.1891392669679917,-2.858726694922503,2.3105158972688598,0.6967004396977065,0.24544847841395126,1.1759597783456992,1.1056245110662537,-0.7830304284498909,2.4147045484458594,0.31657700369949654,-1.112966710893833,-3.0398223408363703,0.2618499386085542,-3.1178054056058246,-1.9387880378606372,1.577393105078115,4.207437787333968,0.5549479123589814,-2.359406022272837
0.015658542708385313,-0.17490733256627414,0.22825743483822195,0.17845272617939545,0.1005554458634452,-0.4216388941590558,0.5149367093081962,0.29878561735037623,-0.1449245971915293,0.03921661146880578,-0.19542618932799802,-0.4525179411342907,-0.7256526620015376,-0.3557949907619865,0.2017163886689472,-0.11597700782474607,0.7579447285559796,-0.33323036080012264,-0.6442892904084148,-0.21747396783959497,0.24320012364821297,0.0054368878190278296,-0.31148237170502563,0.3867938862226423,0.5636314127240812,0.604250430470514,-0.3394455120852982,0.8241701448173333,0.34112408759682716,0.1257411084170644,0.227772724266264,-0.10180425216452502,-0.004630563282385479,0.31657700369949654,0.4029789942528976,-0.3863313348416986,-0.05377684110976632,-0.09944612848616965,-0.8015346582287299,-0.7091736573611948,0.40987548099469767,0.6397850189485174,0.24879676463530512,-0.21623780061949588
-0.2770994172904124,-0.666971512791377,0.17968132556342734,-0.7186166352337326,0.35452149219256107,1.2338798489139742,-2.2294696251515305,0.10142437129557047,0.18274372277130144,-0.06945338663515474,0.12923362311805398,1.158994168762515,0.9858045196421895,0.9030414206639844,-1.4605746724250286,0.5959079327842624,-1.538793468800585,1.0704189118733143,1.9102514874822962,0.010522271379062996,-0.8695147131746134,0.11436691820658275,1.0688078741213478,-0.2613425538798868,-2.0767160865775387,-1.2184859147710523,1.500424963996398,-0.9863744803803983,-0.840062641929446,-0.4024221005121417,-0.2698142013823907,-0.26305050762184334,0.25176899624171245,-1.112966710893833,-0.3863313348416986,1.1148027732160732,1.0923005731135367,0.06533768847314958,1.6750165961257584,1.1970017166855613,-0.829352677112132,-2.0412021784203946,-0.2155392417026638,0.9222393924045583
0.8999736419053205,-3.603993314001171,1.4256293128011672,-1.0737420732941405,0.7729688344979333,3.3845276553106967,-3.1842444467823654,2.623506485641026,0.033145391069653196,-0.08564053098269615,-0.07903763438384749,1.8776410843666704,2.821343736703441,2.12825362621674,-2.839453153676169,-1.1455418517018208,-3.549578106933849,1.4257576944101338,4.128516205735126,-1.9991497096460693,-1.2894430851477157,1.0462028253030031,1.9809686458020916,0.8116762299881379,-3.6602569844472157,-2.4557100006497055,3.4246710274503376,-2.402711291897808,-0.39610784534773474,-0.12401726802124514,-1.4526434688797942,-1.7629225158406336,1.1278857650554166,-3.0398223408363703,-0.05377684110976632,1.0923005731135367,4.306622935410738,-0.5851964078919474,3.5075238258405124,1.9949918720414617,-1.7173361867722663,-5.203247426001441,-0.5712461362559265,2.97761638032811
-0.35847864000660445,0.5293837733334638,-0.292105668702176,-0.17942124766119397,-0.11519017116782088,-0.15113157568046504,-0.2527540070449688,-0.5216571356937336,0.1526408333833972,-0.007149300754733439,-0.20367738610049793,-0.005643187407978579,-0.30744795453563545,-0.008000606498997658,0.12556025977204877,0.5976424029354767,0.2387947210044892,0.10268131348261676,-0.1943757751109706,0.520972645691573,-0.12720857686435932,-0.32854362820425836,0.09952286185505745,-0.23510262425101225,-0.0567278932425634,0.14763570776822982,0.004073103284508844,0.05078423850876642,-0.3351531406270928,-0.09675742644313623,0.137020265136654,0.3691640976653133,-0.18743167690914303,0.2618499386085542,-0.09944612848616965,0.06533768847314958,-0.5851964078919474,0.3022808050459478,-0.1532150732065025,-0.06528530091217925,-0.03244084358699241,0.36924867836821273,0.0646568845401693,-0.1447280881488433
0.5486298269638062,-2.53829918862219,0.6280324202761084,-1.385439628679568,0.3917759442857712,3.7576777303572286,-3.945676451543646,1.461856229663644,0.36910682912417886,-0.15307897690520916,0.10376042118233247,2.4994266886609915,3.65307510313797,2.5912124916863633,-2.7718788888720645,-0.44489383557098117,-4.426037757821093,1.938340202982168,4.724203919089076,-1.056069399709551,-1.6689775868420154,0.6499348446567068,2.4500801062363573,-0.163940636092859,-4.318213531026978,-3.2076596190856694,3.730631778597838,-3.6840124612645972,-1.231175418912277,-0.43494162292395294,-1.6535922369277685,-1.1105273622574707,0.8938065679872769,-3.1178054056058246,-0.8015346582287299,1.6750165961257584,3.5075238258405124,-0.1532150732065025,4.521391911844755,3.054234496728224,-2.299741676168591,-5.580532998699116,-0.9461692082314203,3.0211546362568424
0.3568485011030075,-1.2957177216917564,0.21296115142249464,-0.8016152094463219,0.15356313142296713,2.3476172280667873,-2.41733537668689,0.6400791017488331,0.270924593723419,-0.11228039841924368,0.2783977886032105,1.6904477195907615,2.566547080085918,1.6496546213394694,-1.6237284759945132,-0.26509926824671354,-2.9995015759318036,1.2539811900262345,3.02577485914515,-0.491058252905499,-1.0366585653450113,0.41370688881513296,1.5167559105044863,-0.348748887343606,-2.6766067910514493,-2.2128549748555355,2.2324805230312608,-2.621029159037206,-0.8560804475282656,-0.32045930018118174,-1.0848798990865587,-0.5674000687925567,0.5041825436763602,-1.9387880378606372,-0.7091736573611948,1.1970017166855613,1.9949918720414617,-0.06528530091217925,3.054234496728224,2.2149028423145745,-1.5133858271558143,-3.5369011986866528,-0.7251443458589782,1.78400888319864
-0.17614564334081115,1.2513151445471768,-0.26466355954379406,0.840242628843912,-0.14962945790248644,-1.990157544737972,2.187355204910239,-0.6740058068689289,-0.2703240764539398,0.09126126204454611,0.11340466230413496,-1.2695194640900676,-1.7864107871831356,-1.399673090813248,1.4435312927108819,0.06608607559030595,2.238874468469277,-1.0455507164079956,-2.4316962212703737,0.44380441562150214,0.9514586510271731,-0.21947630516501115,-1.3512260032435017,0.10770077364369884,2.330955211215473,1.6084015716686373,-2.0431797623511585,1.911891835473697,0.7448529960758064,0.23782674882211388,0.8494950252759379,0.4734770418958542,-0.43996145378665186,1.577393105078115,0.40987548099469767,-0.829352677112132,-1.7173361867722663,-0.03244084358699241,-2.299741676168591,-1.5133858271558143,1.2619175273569836,2.8345389805563674,0.44369106901634553,-1.6187040578074356
-0.8209842626449392,4.065183580193787,-1.3158354152131078,1.8175475825477236,-0.7943991885406808,-4.992018756089844,5.20950875868164,-2.5969106173946943,-0.3715085672711978,0.1834786190253473,0.06986876370545808,-3.1096875150209904,-4.358160553361419,-3.354182456761113,3.9184272917382854,0.7650644030943211,5.508006834883346,-2.4683933083711675,-6.148328855840039,1.8902541146925251,2.1705152364232054,-1.038717030794637,-3.203918057190486,-0.3395804862098206,5.700143931762376,3.9147051571665927,-5.076283077881899,4.233254331468456,1.349470437419979,0.4854828229747661,2.088232684831751,1.8348777785965367,-1.328600754398301,4.207437787333968,0.6397850189485174,-2.0412021784203946,-5.203247426001441,0.36924867836821273,-5.580532998699116,-3.5369011986866528,2.8345389805563674,7.464322464010833,1.0365199254642308,-4.152640818233523
-0.3284981006475619,0.3639418353919542,-0.024383312254939025,0.08922540255833956,0.055007844573731444,-0.7153776903865026,0.29975770137072344,-0.2644784547041961,-0.0765934836441967,0.029415346488560163,-0.15768827285707157,-0.44197073590134284,-0.9972709550648018,-0.5001053651556603,0.21236568605152303,0.4032858796634712,0.9633625020669838,-0.22239930265461708,-0.788971971954007,0.24350347885950704,0.15889792330076305,-0.2049527928676678,-0.33937940114404863,0.08687651998803528,0.5174285817576363,0.6845068755637722,-0.5016396706066921,1.0199411746795406,0.09654702936834166,0.010801474236740742,0.45840584650903266,0.19317679455992873,-0.14193658398755424,0.5549479123589814,0.24879676463530512,-0.2155392417026638,-0.5712461362559265,0.0646568845401693,-0.9461692082314203,-0.7251443458589782,0.44369106901634553,1.0365199254642308,0.3325288925203156,-0.5145933984406847
0.4612169624670723,-2.4415802290382533,0.7690851352668817,-1.1251481003813846,0.3875996891746607,2.9102605256503677,-2.9452234706557605,1.6414202908882145,0.22261562100559404,-0.09040993673666321,-0.3517483221254341,1.634860856182837,2.3114462488697014,1.9528106784538726,-2.1522250269163097,-0.4381607758785906,-2.963867877808328,1.3285504272114956,3.3968237004687416,-1.122907891391201,-1.247189138560527,0.45474648139530355,1.8885933903874117,0.33073637074661905,-3.209901506719578,-2.04902243144565,3.0302933816800044,-2.3520765576835734,-0.763111959882571,-0.21398663744472887,-1.2501715015257717,-1.037942624294121,0.7591227715951642,-2.359406022272837,-0.21623780061949588,0.9222393924045583,2.97761638032811,-0.1447280881488433,3.0211546362568424,1.78400888319864,-1.6187040578074356,-4.152640818233523,-0.5145933984406847,2.5378218657406233
