V1,V2,V3,V4,V5,V6,V7,V8,V9,V10,V11,V12,V13,V14,V15,V16,V17,V18,V19,V20,V21,V22,V23,V24,V25,V26,V27,V28,V29,V30,V31,V32,V33,V34,V35,V36,V37,V38,V39,V40,V41,V42,V43,V44
1.392758307444066,0.7160293526906447,-0.38785137247347967,-1.0742415981035114,-0.7269973640496642,1.7448868549655032,-1.7967974586634385,-0.5101072670323593,0.5887828105604359,1.4435984046589196,0.33826018419575216,0.14725974545528364,-1.0521546058765574,0.9705923318815934,-0.747860893179771,-0.6315800076117397,-1.8046748295701902,0.41851343328542073,-0.24547363148887408,0.3302996212154723,-1.0767130501893483,-0.6211257891728955,-1.6607430814011055,-1.299801742714981,-0.08106492932498947,-1.2751705216694686,-0.10160870021731253,-0.7592446305714664,-0.06940208801568731,-0.622064897805734,0.014605384993051673,0.9627557357803496,0.05359139096174099,-1.3370715006426144,0.45764435680583765,-0.8303004127218777,-0.5217177118925941,0.6939768052465288,-1.5313796811852143,0.05169940528658794,-0.6901189610671659,0.5730431775320708,-1.4986121448803438,1.0523557229678806
0.7160293526906447,0.6104567262972985,-0.13113105186772253,-0.3987046081728398,-0.3023906592779246,0.8233433368765009,-0.9330364016029213,-0.10908879716239998,0.47273686198518855,0.7716330679165245,0.03391103811876827,0.18192953443478616,-0.49902359615270186,0.43017312140552555,-0.42221671962980395,-0.46464839828538845,-0.757766098966414,0.3047917279727661,-0.15639734615570478,7.758831338495108e-4,-0.6002741992905507,-0.25334157636902765,-0.9341555616813311,-0.5888733536023806,-0.2096566029239492,-0.5563905806114737,0.08500401708470348,-0.4875264260084996,0.004329853006567885,-0.20512777276973404,-0.1418109158045862,0.3986921301998248,0.0060081756808659575,-0.6156097720139269,0.1921980627336644,-0.32054412165622637,-0.2540479445656,0.2902491704842394,-0.8399780716395032,-0.005586734132208288,-0.24199002152937538,0.28975352316892744,-0.8513923177244449,0.5740653214428014
-0.38785137247347967,-0.13113105186772253,0.8922853193162127,0.6458443868654721,0.19483257313228727,-0.1936788765245713,-0.15224193008795572,0.1252977322942471,0.4292350613637066,-0.5622448380011227,-0.10947038891808342,-0.30848498218809434,0.0425240823641925,-0.21344149702344276,0.6513148502549113,-0.4456211834035788,0.8918909411046492,0.3046237942265994,-0.06534188107668885,-0.7852508677086657,-0.040893120633554096,0.032030980750983554,0.3466692212708823,0.8381306487430655,-0.5243626309420619,-0.17032066795358936,-0.2819677231593451,-0.04285881981383855,0.3020196604546341,0.6512468715446592,-0.34572877080131925,-0.1652663154571045,-0.05007540321406971,0.6920934344655092,0.24835448140734975,0.16608737662088216,0.36403014293815744,0.280637915168189,0.1433677928054263,0.16424209420893315,0.4401851488544628,0.10972624681660098,0.348750366668117,-0.0513142389418461
-1.0742415981035114,-0.3987046081728398,0.6458443868654721,2.982403031596843,1.797735456848161,-1.661757033512157,1.4021928893153746,0.733180118484595,0.24278959714685885,-2.346029551427686,-1.2718745288568871,-0.633377720256271,1.7496635538222893,-0.7386328061847478,2.1554118327553358,0.2501342746736534,4.13113187313465,0.5283912136952615,-0.25763226726367344,-1.5242559951748433,1.5498357686565527,0.7797448021336001,1.9772454391595726,2.754203155818712,-0.6907188801974594,1.814278322043648,0.2781253954215447,0.17703299497684175,0.06288391750715576,1.3379694886177527,-0.9320849291720645,-2.0807219577690934,-0.26684694348376997,2.390124583258241,-0.9445149284423429,1.670967509032044,1.1168552655596038,-0.3678767013375052,2.4559249025622956,0.6027637324028399,1.7129311207530975,-0.19114381692286694,1.5465569797250946,-1.509971763902129
-0.7269973640496642,-0.3023906592779246,0.19483257313228727,1.797735456848161,1.7139480840264425,-1.3403566354168228,1.3032016351479832,0.634568986498533,-0.1639550497198509,-1.5943185160181748,-0.6176191415418403,-0.4799136921383952,1.4147024482061636,-0.5217966805254716,1.401662338154333,0.6203604603134123,2.3519875114352473,0.25241399017256333,-0.14618293543608996,-0.7543202570743704,1.221644992255344,0.48986727427107873,1.1590032516186388,1.6781151478956045,-0.36001490485904425,1.2838362042788476,0.4375744622347473,0.03963755176667389,-0.18002636820521217,0.5649997433400296,-0.2958966265225398,-1.5381852532623712,0.07375233826890971,1.0455166275673857,-0.9344825273709692,1.2009324213032555,0.4983496706428067,-0.6484043460608045,1.6564771208441968,0.1025511540164795,0.8968920437127127,-0.053496956641182355,0.9709173931285581,-0.9677863232164808
1.7448868549655032,0.8233433368765009,-0.1936788765245713,-1.661757033512157,-1.3403566354168228,2.875390122023708,-2.8793349005747264,-0.9075527733053903,0.8812733071306716,2.199446588841373,0.6462289275611361,0.044832443922959736,-1.8704121323094252,1.459344373378435,-1.067220699079954,-1.2191656994765658,-2.632482302988764,0.6942880042503768,-0.2762740187378162,0.21908786191670948,-1.7305520862857715,-0.8948332224802545,-2.3744959584973957,-1.8305792019200287,-0.10703125138150418,-2.230687054287324,-0.37567594417488825,-1.145788161766405,-0.015619641534270689,-0.6405851308352252,0.0032371921693200583,1.5892035555998039,0.10243286230535512,-1.6708593754177954,1.0553790446435851,-1.444127355840407,-0.6394405969929459,1.3029624662913677,-2.2864396303663916,0.11641296343083303,-0.9294277886218203,0.8184845460299226,-1.916172408678785,1.6182255238681913
-1.7967974586634385,-0.9330364016029213,-0.15224193008795572,1.4021928893153746,1.3032016351479832,-2.8793349005747264,3.208401534440138,0.8775132943411541,-1.2767129622198174,-2.056374491435805,-0.56529410418516,0.024513595297632276,1.941326162856542,-1.5069193563804777,0.8140996440637998,1.5969035267183376,2.3269775941778668,-0.9356130771779569,0.37172577662326123,0.12778671534641856,1.9435916448840018,0.9581773423347175,2.3731687353369204,1.5777973874399418,0.44371894652532096,2.409127519242037,0.4818165749915187,1.2245406488679664,-0.16153000259199293,0.4406746278406671,0.21128559292477403,-1.5876449534577617,-0.07811209899021257,1.4807316482942614,-1.256569301546608,1.4500232178495716,0.5653958039202305,-1.521293676677605,2.3762151267210463,-0.24101446116699324,0.7159058689717014,-1.054416810358275,2.031318772872282,-1.7243558575711588
-0.5101072670323593,-0.10908879716239998,0.1252977322942471,0.733180118484595,0.634568986498533,-0.9075527733053903,0.8775132943411541,0.5270600348488814,-0.07523960640291588,-0.7042712955561431,-0.3436191277853119,0.03317623675203138,0.5857732322714411,-0.5669260927194651,0.4029613329381668,0.2769479801844986,0.9593475503806367,-0.06112912302824272,-0.06870348734677623,-0.3482605238818068,0.5303145004228257,0.28813600011552815,0.508095084262192,0.7074807162468765,-0.2763968470659748,0.6365853608965176,0.22438275238051789,0.2086277051354258,0.0309228849496094,0.4558483377307777,-0.1949079587254078,-0.6734217427507025,0.023036302744624985,0.46585773983611306,-0.5265787512291988,0.5815988739395647,0.24631095511886447,-0.4865670029834237,0.6405290328105636,-0.18651113981662232,0.47579117183992575,-0.22066272800134604,0.5657614324420116,-0.33348177908488064
0.5887828105604359,0.47273686198518855,0.4292350613637066,0.24278959714685885,-0.1639550497198509,0.8812733071306716,-1.2767129622198174,-0.07523960640291588,1.2265273505951255,0.4501202648537312,-0.08585672109863747,-0.04710092996638574,-0.7884251528454939,0.47197620954248876,0.2968600520340511,-1.3217999863040193,0.19935487880750483,0.8932288787366197,-0.3604582152297599,-1.0236957863149603,-0.9392068539557823,-0.144533430770391,-0.7801771318141667,0.08206024796730185,-0.8073720057309854,-0.8257011048391637,-0.19599161201873805,-0.6330160025567086,0.3692437091429327,0.6148961918966733,-0.6928249297454653,0.23487335533046297,-0.07197026871987953,-0.07092780329136608,0.4854388052427659,-0.1155501609439399,0.006734921462287537,0.7742835276751665,-0.6909037700667147,0.24571007282174448,0.48788638401509604,0.6075735314601031,-0.613780777529502,0.7910722087992994
1.4435984046589196,0.7716330679165245,-0.5622448380011227,-2.346029551427686,-1.5943185160181748,2.199446588841373,-2.056374491435805,-0.7042712955561431,0.4501202648537312,2.488926406612007,0.9256154902726137,0.50345341173907,-1.8995209772609047,1.0064258449990182,-1.8319939312829254,-0.8835953202550147,-3.484936502873988,0.07922155946922772,-0.05440790165113354,0.81510489078818,-1.7480929767680076,-0.7268296729846917,-2.3719890887887853,-2.4275768665536055,0.23115907349418313,-1.9998353199372654,-0.23386615375108058,-0.646720137653055,0.01946974672019274,-0.9816503521629519,0.46069305251732134,1.8429275501781799,0.18696643702690427,-2.2129120172765484,0.9307859859951049,-1.5529730483401962,-0.9865597508331541,0.7277316379627277,-2.535191733461167,-0.403497521035178,-1.218530653176974,0.5214536349023783,-1.8645486531922184,1.6942220598748072
0.33826018419575216,0.03391103811876827,-0.10947038891808342,-1.2718745288568871,-0.6176191415418403,0.6462289275611361,-0.56529410418516,-0.3436191277853119,-0.08585672109863747,0.9256154902726137,0.8300538016106795,0.08362843721537355,-0.7727697713070626,0.34658709139653393,-0.7225520838962803,-0.24279214184950962,-1.8214156297342916,-0.17299778356658665,0.1915218302945468,0.5623114596170128,-0.7211070594510345,-0.31781525866021887,-0.8057688489830571,-1.0975875189387068,0.26707443928123825,-0.9344321642537727,-0.12111685392921018,-0.06270707060195449,0.04825214806981732,-0.5704694775269318,0.49357377565227634,0.9360271224144882,0.17906617077787548,-1.086246117730496,0.591163332107215,-0.7064415951104832,-0.4740153972544782,0.19376797157606604,-1.0836680075780718,-0.2680319956319436,-0.7298207333837152,0.16576911026493665,-0.643403326848719,0.7066253098445794
0.14725974545528364,0.18192953443478616,-0.30848498218809434,-0.633377720256271,-0.4799136921383952,0.044832443922959736,0.024513595297632276,0.03317623675203138,-0.04710092996638574,0.50345341173907,0.08362843721537355,0.48227589275060667,-0.3407682198478497,-0.058439782522746606,-0.6385530181057955,-0.031088089194952182,-0.7864278978128296,-0.23836257369829297,0.06629141935649913,0.3677837443848429,-0.3257867560816932,-0.04147926733909599,-0.3151343006100806,-0.6551132247748008,0.12326746053848003,-0.05620636760731789,0.07605317233208231,0.09461042488231085,0.00946024506822531,-0.1412243377012042,0.04954837084668962,0.3593137117917307,-0.007839413533598434,-0.435824392295824,0.04273897846889449,-0.20698160187712572,-0.2684505549096007,-0.11712972623725618,-0.4247366193692203,-0.21369489705433053,-0.24853759054668537,-0.13021862072306,-0.20901404432872453,0.3059200700732719
-1.0521546058765574,-0.49902359615270186,0.0425240823641925,1.7496635538222893,1.4147024482061636,-1.8704121323094252,1.941326162856542,0.5857732322714411,-0.7884251528454939,-1.8995209772609047,-0.7727697713070626,-0.3407682198478497,1.9070607958149357,-0.8685837622598691,1.1305184532759067,1.3104390714961855,2.4607331796096976,-0.37572339269715677,0.10206385142766623,-0.08415431985860998,1.7633498522944544,0.5824980231434325,1.8250524471556884,1.705154300438848,0.15461425171627244,1.9079293967215967,0.3835245885279069,0.5628698808571553,-0.29641868690633305,0.23969642364678787,-0.012174902265268475,-1.569411867721903,-0.09355487148229752,1.4440522524192163,-1.103718754680055,1.2058166918243547,0.6437282408483421,-0.9567174435840617,2.048762578244999,0.15469340383127517,0.6458273662845182,-0.535794435178449,1.329341866597766,-1.6249154991126964
0.9705923318815934,0.43017312140552555,-0.21344149702344276,-0.7386328061847478,-0.5217966805254716,1.459344373378435,-1.5069193563804777,-0.5669260927194651,0.47197620954248876,1.0064258449990182,0.34658709139653393,-0.058439782522746606,-0.8685837622598691,1.068119702712491,-0.24211855004939442,-0.7211792906786626,-1.066513825603672,0.5448584324711949,-0.0799010656557767,0.07414345066470877,-0.9303001465591199,-0.4098119816617083,-1.0162889944736182,-0.886461560533048,-0.031103859552317932,-0.9793513249211615,-0.020595556035055574,-0.7052969353998119,-0.06985380056446888,-0.38640192767658865,-0.12661078914215598,0.6855477627371253,-0.005913745888494698,-0.6958111972028411,0.6777083149389274,-0.5433804316490012,-0.31994259224096505,0.7881173522409878,-0.8693997432235288,0.33916456696988695,-0.4379365361357692,0.5194118091094235,-1.0242040631497968,0.7491137155846074
-0.747860893179771,-0.42221671962980395,0.6513148502549113,2.1554118327553358,1.401662338154333,-1.067220699079954,0.8140996440637998,0.4029613329381668,0.2968600520340511,-1.8319939312829254,-0.7225520838962803,-0.6385530181057955,1.1305184532759067,-0.24211855004939442,2.0034922927671683,-0.06717085131018048,3.114770138756526,0.646737772446675,-0.14432549980129986,-1.3269426198696028,0.9072273294175037,0.49753018162819823,1.5371809079796634,2.105076404003198,-0.6297171976731646,1.1372917880996685,0.18589854979685927,-0.03937798748786521,0.08895823041666387,1.129775502798278,-0.8572762876242629,-1.4709523533874158,-0.20593350409133668,1.8437045484063077,-0.4045474366478354,1.326940536456472,0.8564061010260778,0.010321360756033255,1.8912738112195069,0.6880055508271683,1.257440101029974,-0.014960370810453498,1.163984141493281,-0.9604736899070276
-0.6315800076117397,-0.46464839828538845,-0.4456211834035788,0.2501342746736534,0.6203604603134123,-1.2191656994765658,1.5969035267183376,0.2769479801844986,-1.3217999863040193,-0.8835953202550147,-0.24279214184950962,-0.031088089194952182,1.3104390714961855,-0.7211792906786626,-0.06717085131018048,1.7704332060235597,0.3388275376974271,-0.9387136167168687,0.22693999476778262,0.9932345156038672,1.4139564566312164,0.17959733541721193,0.9749660828578716,0.3509400803056372,0.7316521899306132,1.2234213789925583,0.23324242922344976,0.6445644019685551,-0.49484565954299853,-0.6071825822097657,0.6937789491292511,-0.6618583251607826,0.09454061102298304,0.20919615893379434,-1.0019916535673181,0.3670530207558706,0.09530640406540708,-1.050195374091457,1.0273214280838208,-0.29644278685598174,-0.3658307339677655,-0.6293905066084698,0.7673543117493388,-1.1370943638934032
-1.8046748295701902,-0.757766098966414,0.8918909411046492,4.13113187313465,2.3519875114352473,-2.632482302988764,2.3269775941778668,0.9593475503806367,0.19935487880750483,-3.484936502873988,-1.8214156297342916,-0.7864278978128296,2.4607331796096976,-1.066513825603672,3.114770138756526,0.3388275376974271,6.204635612928864,0.6664996578390155,-0.19250747954801928,-2.1855239781929945,2.183190969217521,1.240594723360691,3.356655173611086,3.9665967246368297,-0.7638280231804631,2.9440676242987665,0.3473294915472205,0.4759296800394076,0.1341972842599773,2.0707650518922964,-1.3942901663996072,-2.97658718785894,-0.48302450326793406,3.8525465064383533,-1.169382257076157,2.53052189752006,1.6421059065528145,-0.5176061497138534,3.900805902880679,1.0526656871130113,2.5384918931916376,-0.4878690088800992,2.6256148147478595,-2.323682796678717
0.41851343328542073,0.3047917279727661,0.3046237942265994,0.5283912136952615,0.25241399017256333,0.6942880042503768,-0.9356130771779569,-0.06112912302824272,0.8932288787366197,0.07922155946922772,-0.17299778356658665,-0.23836257369829297,-0.37572339269715677,0.5448584324711949,0.646737772446675,-0.9387136167168687,0.6664996578390155,0.9209338249067913,-0.3060114526800593,-0.9851427839272889,-0.5260620786149607,-0.04109407630714994,-0.41226440954046056,0.3603950665240749,-0.6652916383126035,-0.45037129065512727,-0.0048018447420010895,-0.6968297923691322,0.14527309745720723,0.576527333203383,-0.6905158370189892,-0.16064351668939325,-0.043109914204468344,0.1965009540870803,0.26630955656817895,0.17409887402451088,0.11802577149870004,0.6298253703055133,-0.09163912443622399,0.37347975189969784,0.5193958551272498,0.5225330453469423,-0.3088673639699041,0.4349621928155155
-0.24547363148887408,-0.15639734615570478,-0.06534188107668885,-0.25763226726367344,-0.14618293543608996,-0.2762740187378162,0.37172577662326123,-0.06870348734677623,-0.3604582152297599,-0.05440790165113354,0.1915218302945468,0.06629141935649913,0.10206385142766623,-0.0799010656557767,-0.14432549980129986,0.22693999476778262,-0.19250747954801928,-0.3060114526800593,0.26954219669859397,0.36387081746476274,0.12228905872505316,0.07423901615372838,0.32821994151639206,-0.15075269669680266,0.33885458224253906,0.2370462048863954,0.07629064056235968,0.24525432098214325,-0.028652563548610482,-0.19318105653227066,0.21311413173437693,0.11491957497286158,-0.037970201168904115,0.06815117921308536,0.12609481868468075,0.0071105294514876545,-0.014811455889134673,-0.1484361853510432,0.1364853972974424,0.02245371889523263,-0.2392936220415564,-0.24100491063555946,0.1730905679899935,-0.20267186445075747
0.3302996212154723,7.758831338495108e-4,-0.7852508677086657,-1.5242559951748433,-0.7543202570743704,0.21908786191670948,0.12778671534641856,-0.3482605238818068,-1.0236957863149603,0.81510489078818,0.5623114596170128,0.3677837443848429,-0.08415431985860998,0.07414345066470877,-1.3269426198696028,0.9932345156038672,-2.1855239781929945,-0.9851427839272889,0.36387081746476274,1.752225468492117,0.05875015190098933,-0.3447455756840769,-0.4454277045969925,-1.4525179040131935,0.9998510677784846,-0.16388095991368323,0.06927055241349715,0.37924886539007846,-0.38168979357899424,-1.37558866028481,1.0139549687325549,0.8278924828156905,0.12478827697040865,-1.1815318877921193,0.0040139746499249914,-0.7756268983763166,-0.549248568972003,-0.4084484470256159,-0.7364720735607475,-0.39593114235939636,-1.3045501461529863,-0.308121045334254,-0.5667639043991721,0.005373018679551417
-1.0767130501893483,-0.6002741992905507,-0.040893120633554096,1.5498357686565527,1.221644992255344,-1.7305520862857715,1.9435916448840018,0.5303145004228257,-0.9392068539557823,-1.7480929767680076,-0.7211070594510345,-0.3257867560816932,1.7633498522944544,-0.9303001465591199,0.9072273294175037,1.4139564566312164,2.183190969217521,-0.5260620786149607,0.12228905872505316,0.05875015190098933,1.8389685540913,0.562802478061272,1.7333659055223303,1.5370419956113057,0.3240358088281756,1.8026611017850545,0.3348141189140883,0.6716921397816641,-0.2870210182366879,0.21042190824695098,0.11423353596392699,-1.422895648328922,-0.08357259667680142,1.364923609216924,-1.1288027943570589,1.069183504209571,0.6549556327319486,-0.9795339859457861,1.9577002414799154,0.07328327406248714,0.5285945243015422,-0.6843275154772602,1.3781799855099996,-1.6009081026811793
-0.6211257891728955,-0.25334157636902765,0.032030980750983554,0.7797448021336001,0.48986727427107873,-0.8948332224802545,0.9581773423347175,0.28813600011552815,-0.144533430770391,-0.7268296729846917,-0.31781525866021887,-0.04147926733909599,0.5824980231434325,-0.4098119816617083,0.49753018162819823,0.17959733541721193,1.240594723360691,-0.04109407630714994,0.07423901615372838,-0.3447455756840769,0.562802478061272,0.48416238217872687,0.8251496153776536,0.748672188698205,-0.033835940867745044,0.8354540889212058,0.20579693885254038,0.257182206072803,0.0368015500328504,0.4321965701099586,-0.2192644210593933,-0.6505003096158327,-0.1225410963500108,0.7467740587020968,-0.34605684728036,0.6485995759342456,0.29082403783415856,-0.32771115988275346,0.9213506538626578,0.08277677734659773,0.5265569129988168,-0.27558015679670117,0.7050950420702514,-0.5738322977818894
-1.6607430814011055,-0.9341555616813311,0.3466692212708823,1.9772454391595726,1.1590032516186388,-2.3744959584973957,2.3731687353369204,0.508095084262192,-0.7801771318141667,-2.3719890887887853,-0.8057688489830571,-0.3151343006100806,1.8250524471556884,-1.0162889944736182,1.5371809079796634,0.9749660828578716,3.356655173611086,-0.41226440954046056,0.32821994151639206,-0.4454277045969925,1.7333659055223303,0.8251496153776536,2.8348476987083857,2.147475279108844,0.2725045032937977,2.3218693933390995,0.18785971899354587,1.0213376287589886,-0.016394653145394584,0.7703277549263178,-0.23413341112174074,-1.6519646967549209,-0.2834088338583376,2.4479711407536695,-0.6642105230313948,1.4455009533648,0.9154383162431827,-0.7768891236859883,2.756089548925229,0.5214973006390695,1.0982430154866154,-0.7771387404679054,2.116660930917617,-1.9111103879660982
-1.299801742714981,-0.5888733536023806,0.8381306487430655,2.754203155818712,1.6781151478956045,-1.8305792019200287,1.5777973874399418,0.7074807162468765,0.08206024796730185,-2.4275768665536055,-1.0975875189387068,-0.6551132247748008,1.705154300438848,-0.886461560533048,2.105076404003198,0.3509400803056372,3.9665967246368297,0.3603950665240749,-0.15075269669680266,-1.4525179040131935,1.5370419956113057,0.748672188698205,2.147475279108844,2.7562930906386955,-0.6059773476172776,1.7618179125274007,0.12294936443089863,0.3460334711035221,0.12188546863872189,1.3619924755750246,-0.7902408567478518,-1.933033027924523,-0.23508616928211595,2.4247636262962144,-0.8360116475193544,1.6040136725006822,1.1117460186334944,-0.4155487215763673,2.4228740108220115,0.5353172388471675,1.593328768568537,-0.30780330404681144,1.7556072471812438,-1.5198277723368678
-0.08106492932498947,-0.2096566029239492,-0.5243626309420619,-0.6907188801974594,-0.36001490485904425,-0.10703125138150418,0.44371894652532096,-0.2763968470659748,-0.8073720057309854,0.23115907349418313,0.26707443928123825,0.12326746053848003,0.15461425171627244,-0.031103859552317932,-0.6297171976731646,0.7316521899306132,-0.7638280231804631,-0.6652916383126035,0.33885458224253906,0.9998510677784846,0.3240358088281756,-0.033835940867745044,0.2725045032937977,-0.6059773476172776,0.8941776287752208,0.3359911883973622,0.01550139761156064,0.4298999750074213,-0.2391940488489422,-0.775627200585188,0.6978662662287609,0.28070997532760444,0.027885302619866072,-0.2616575031151449,-0.01228036151614621,-0.30071100053800714,-0.21758591127120827,-0.32755079156801314,0.08078647627373771,-0.07401869607823672,-0.6101026859707844,-0.333235024244984,0.07358666800547513,-0.37182675595774284
-1.2751705216694686,-0.5563905806114737,-0.17032066795358936,1.814278322043648,1.2838362042788476,-2.230687054287324,2.409127519242037,0.6365853608965176,-0.8257011048391637,-1.9998353199372654,-0.9344321642537727,-0.05620636760731789,1.9079293967215967,-0.9793513249211615,1.1372917880996685,1.2234213789925583,2.9440676242987665,-0.45037129065512727,0.2370462048863954,-0.16388095991368323,1.8026611017850545,0.8354540889212058,2.3218693933390995,1.7618179125274007,0.3359911883973622,2.497041458442007,0.5211793959206016,0.7942591252140931,-0.22600283873904947,0.5068656492648789,-0.20756877598753107,-1.70684420738409,-0.24944282164934867,1.8951228270052594,-1.0965507623080883,1.5195758922044094,0.6986555632285588,-1.064843521610323,2.513941978359128,0.3238175243320934,0.8914929675379805,-0.8209176239102391,1.7176281676499578,-1.8051342422193188
-0.10160870021731253,0.08500401708470348,-0.2819677231593451,0.2781253954215447,0.4375744622347473,-0.37567594417488825,0.4818165749915187,0.22438275238051789,-0.19599161201873805,-0.23386615375108058,-0.12111685392921018,0.07605317233208231,0.3835245885279069,-0.020595556035055574,0.18589854979685927,0.23324242922344976,0.3473294915472205,-0.0048018447420010895,0.07629064056235968,0.06927055241349715,0.3348141189140883,0.20579693885254038,0.18785971899354587,0.12294936443089863,0.01550139761156064,0.5211793959206016,0.5250854717408836,-0.04545329478453079,-0.15070802867986186,0.02169853617718926,-0.14110116702941722,-0.38911268029636986,-0.02163605113363414,0.12342451055343011,-0.29051106755934847,0.4595545597497795,0.07070254799463654,-0.3222184803600674,0.4517923777029629,0.028338145398926776,0.052286899160911275,-0.1950661758626504,0.09616725608146186,-0.21819319689748615
-0.7592446305714664,-0.4875264260084996,-0.04285881981383855,0.17703299497684175,0.03963755176667389,-1.145788161766405,1.2245406488679664,0.2086277051354258,-0.6330160025567086,-0.646720137653055,-0.06270707060195449,0.09461042488231085,0.5628698808571553,-0.7052969353998119,-0.03937798748786521,0.6445644019685551,0.4759296800394076,-0.6968297923691322,0.24525432098214325,0.37924886539007846,0.6716921397816641,0.257182206072803,1.0213376287589886,0.3460334711035221,0.4298999750074213,0.7942591252140931,-0.04545329478453079,0.8802262786938566,0.06789192079448719,-0.03958597703176215,0.37927012124664344,-0.26455268942486854,-0.04189659225988206,0.5624750459556684,-0.24078955177439168,0.21407778308358208,0.1818494368867755,-0.5770182220604617,0.7116389958664092,-0.15777064713890102,0.12329314369754896,-0.5157304649205552,0.7917244443421919,-0.6661526739913399
-0.06940208801568731,0.004329853006567885,0.3020196604546341,0.06288391750715576,-0.18002636820521217,-0.015619641534270689,-0.16153000259199293,0.0309228849496094,0.3692437091429327,0.01946974672019274,0.04825214806981732,0.00946024506822531,-0.29641868690633305,-0.06985380056446888,0.08895823041666387,-0.49484565954299853,0.1341972842599773,0.14527309745720723,-0.028652563548610482,-0.38168979357899424,-0.2870210182366879,0.0368015500328504,-0.016394653145394584,0.12188546863872189,-0.2391940488489422,-0.22600283873904947,-0.15070802867986186,0.06789192079448719,0.308750068511741,0.34407542823706133,-0.19024035946351436,0.15075161500117973,-0.07083552052120425,0.15310912554903094,0.26071394550683336,-0.005595697901494933,0.0856265294395895,0.20483327573558935,-0.1833654502960575,0.048651372438441025,0.22520937968879998,0.04422444345620646,0.0070973042847974985,0.21730997769385785
-0.622064897805734,-0.20512777276973404,0.6512468715446592,1.3379694886177527,0.5649997433400296,-0.6405851308352252,0.4406746278406671,0.4558483377307777,0.6148961918966733,-0.9816503521629519,-0.5704694775269318,-0.1412243377012042,0.23969642364678787,-0.38640192767658865,1.129775502798278,-0.6071825822097657,2.0707650518922964,0.576527333203383,-0.19318105653227066,-1.37558866028481,0.21042190824695098,0.4321965701099586,0.7703277549263178,1.3619924755750246,-0.775627200585188,0.5068656492648789,0.02169853617718926,-0.03958597703176215,0.34407542823706133,1.4198576817312802,-0.9660247296433835,-0.8178438080360142,-0.19128601203310638,1.318116632066508,-0.1579677640660858,0.8910885000299845,0.6446484256932745,0.1279511106981619,0.9461950857540051,0.2969617302065107,1.1565377934027152,-0.12384711635218242,0.9152876944902911,-0.20829842641550697
0.014605384993051673,-0.1418109158045862,-0.34572877080131925,-0.9320849291720645,-0.2958966265225398,0.0032371921693200583,0.21128559292477403,-0.1949079587254078,-0.6928249297454653,0.46069305251732134,0.49357377565227634,0.04954837084668962,-0.012174902265268475,-0.12661078914215598,-0.8572762876242629,0.6937789491292511,-1.3942901663996072,-0.6905158370189892,0.21311413173437693,1.0139549687325549,0.11423353596392699,-0.2192644210593933,-0.23413341112174074,-0.7902408567478518,0.6978662662287609,-0.20756877598753107,-0.14110116702941722,0.37927012124664344,-0.19024035946351436,-0.9660247296433835,0.9805496776424814,0.492484776596149,0.2455503440959269,-0.8442616511310979,-0.0031455956456120687,-0.6418383143237057,-0.43088287265555736,-0.3850968181673011,-0.5019879472880829,-0.4543401840702722,-0.7475197146205111,-0.06019044557979641,-0.24321247667295684,-0.024679537356898516
0.9627557357803496,0.3986921301998248,-0.1652663154571045,-2.0807219577690934,-1.5381852532623712,1.5892035555998039,-1.5876449534577617,-0.6734217427507025,0.23487335533046297,1.8429275501781799,0.9360271224144882,0.3593137117917307,-1.569411867721903,0.6855477627371253,-1.4709523533874158,-0.6618583251607826,-2.97658718785894,-0.16064351668939325,0.11491957497286158,0.8278924828156905,-1.422895648328922,-0.6505003096158327,-1.6519646967549209,-1.933033027924523,0.28070997532760444,-1.70684420738409,-0.38911268029636986,-0.26455268942486854,0.15075161500117973,-0.8178438080360142,0.492484776596149,1.750908502069899,0.09141238484205283,-1.6598977042572869,0.9930226337356222,-1.367287697200354,-0.7236401830557652,0.6614931280791672,-2.1171057770857105,-0.2643031316578473,-1.1751535777172655,0.3016730185349545,-1.377013673242849,1.2839655412512838
0.05359139096174099,0.0060081756808659575,-0.05007540321406971,-0.26684694348376997,0.07375233826890971,0.10243286230535512,-0.07811209899021257,0.023036302744624985,-0.07197026871987953,0.18696643702690427,0.17906617077787548,-0.007839413533598434,-0.09355487148229752,-0.005913745888494698,-0.20593350409133668,0.09454061102298304,-0.48302450326793406,-0.043109914204468344,-0.037970201168904115,0.12478827697040865,-0.08357259667680142,-0.1225410963500108,-0.2834088338583376,-0.23508616928211595,0.027885302619866072,-0.24944282164934867,-0.02163605113363414,-0.04189659225988206,-0.07083552052120425,-0.19128601203310638,0.2455503440959269,0.09141238484205283,0.21133080134497456,-0.41305018019057654,-0.02601814063387239,-0.23372129473294584,-0.20308492227639116,-0.12033055690150583,-0.24767998718953474,-0.25656521288770323,-0.12269183614360209,0.15815250978597267,-0.11565823881049295,0.1910016483857188
-1.3370715006426144,-0.6156097720139269,0.6920934344655092,2.390124583258241,1.0455166275673857,-1.6708593754177954,1.4807316482942614,0.46585773983611306,-0.07092780329136608,-2.2129120172765484,-1.086246117730496,-0.435824392295824,1.4440522524192163,-0.6958111972028411,1.8437045484063077,0.20919615893379434,3.8525465064383533,0.1965009540870803,0.06815117921308536,-1.1815318877921193,1.364923609216924,0.7467740587020968,2.4479711407536695,2.4247636262962144,-0.2616575031151449,1.8951228270052594,0.12342451055343011,0.5624750459556684,0.15310912554903094,1.318116632066508,-0.8442616511310979,-1.6598977042572869,-0.41305018019057654,2.8164681993492735,-0.4197872034300262,1.4698562973800589,1.1724412543604832,-0.22332797841331992,2.54831069093917,0.8165258801486299,1.48351026558747,-0.5759785519422593,1.870313293545759,-1.595037151912503
0.45764435680583765,0.1921980627336644,0.24835448140734975,-0.9445149284423429,-0.9344825273709692,1.0553790446435851,-1.256569301546608,-0.5265787512291988,0.4854388052427659,0.9307859859951049,0.591163332107215,0.04273897846889449,-1.103718754680055,0.6777083149389274,-0.4045474366478354,-1.0019916535673181,-1.169382257076157,0.26630955656817895,0.12609481868468075,0.0040139746499249914,-1.1288027943570589,-0.34605684728036,-0.6642105230313948,-0.8360116475193544,-0.01228036151614621,-1.0965507623080883,-0.29051106755934847,-0.24078955177439168,0.26071394550683336,-0.1579677640660858,-0.0031455956456120687,0.9930226337356222,-0.02601814063387239,-0.4197872034300262,1.1175136630952012,-0.7260555911626715,-0.25040403260398975,0.7942052597846426,-1.0204033700388047,0.21144187626740832,-0.35213264192525817,0.35104138551981445,-0.6863450147203857,0.8012139728098211
-0.8303004127218777,-0.32054412165622637,0.16608737662088216,1.670967509032044,1.2009324213032555,-1.444127355840407,1.4500232178495716,0.5815988739395647,-0.1155501609439399,-1.5529730483401962,-0.7064415951104832,-0.20698160187712572,1.2058166918243547,-0.5433804316490012,1.326940536456472,0.3670530207558706,2.53052189752006,0.17409887402451088,0.0071105294514876545,-0.7756268983763166,1.069183504209571,0.6485995759342456,1.4455009533648,1.6040136725006822,-0.30071100053800714,1.5195758922044094,0.4595545597497795,0.21407778308358208,-0.005595697901494933,0.8910885000299845,-0.6418383143237057,-1.367287697200354,-0.23372129473294584,1.4698562973800589,-0.7260555911626715,1.4030419003025292,0.6810097492123868,-0.48772306435698887,1.76758702556055,0.36070142694442253,0.9384866850578909,-0.4413233262795443,1.1543984578251256,-0.9898228662318211
-0.5217177118925941,-0.2540479445656,0.36403014293815744,1.1168552655596038,0.4983496706428067,-0.6394405969929459,0.5653958039202305,0.24631095511886447,0.006734921462287537,-0.9865597508331541,-0.4740153972544782,-0.2684505549096007,0.6437282408483421,-0.31994259224096505,0.8564061010260778,0.09530640406540708,1.6421059065528145,0.11802577149870004,-0.014811455889134673,-0.549248568972003,0.6549556327319486,0.29082403783415856,0.9154383162431827,1.1117460186334944,-0.21758591127120827,0.6986555632285588,0.07070254799463654,0.1818494368867755,0.0856265294395895,0.6446484256932745,-0.43088287265555736,-0.7236401830557652,-0.20308492227639116,1.1724412543604832,-0.25040403260398975,0.6810097492123868,0.6215728828496032,-0.06597094974814278,0.9989879338626527,0.33211219875905423,0.6067119347504752,-0.2960966174829453,0.7335116144234977,-0.6423048240621099
0.6939768052465288,0.2902491704842394,0.280637915168189,-0.3678767013375052,-0.6484043460608045,1.3029624662913677,-1.521293676677605,-0.4865670029834237,0.7742835276751665,0.7277316379627277,0.19376797157606604,-0.11712972623725618,-0.9567174435840617,0.7881173522409878,0.010321360756033255,-1.050195374091457,-0.5176061497138534,0.6298253703055133,-0.1484361853510432,-0.4084484470256159,-0.9795339859457861,-0.32771115988275346,-0.7768891236859883,-0.4155487215763673,-0.32755079156801314,-1.064843521610323,-0.3222184803600674,-0.5770182220604617,0.20483327573558935,0.1279511106981619,-0.3850968181673011,0.6614931280791672,-0.12033055690150583,-0.22332797841331992,0.7942052597846426,-0.48772306435698887,-0.06597094974814278,0.9877466133235608,-0.8264678861422751,0.39924296369448253,-0.07949292257163502,0.4879455403363858,-0.7231028071101443,0.7251308697928115
-1.5313796811852143,-0.8399780716395032,0.1433677928054263,2.4559249025622956,1.6564771208441968,-2.2864396303663916,2.3762151267210463,0.6405290328105636,-0.6909037700667147,-2.535191733461167,-1.0836680075780718,-0.4247366193692203,2.048762578244999,-0.8693997432235288,1.8912738112195069,1.0273214280838208,3.900805902880679,-0.09163912443622399,0.1364853972974424,-0.7364720735607475,1.9577002414799154,0.9213506538626578,2.756089548925229,2.4228740108220115,0.08078647627373771,2.513941978359128,0.4517923777029629,0.7116389958664092,-0.1833654502960575,0.9461950857540051,-0.5019879472880829,-2.1171057770857105,-0.24767998718953474,2.54831069093917,-1.0204033700388047,1.76758702556055,0.9989879338626527,-0.8264678861422751,3.132579257799996,0.5907722270352889,1.3736163351808954,-0.677163071655025,2.1469449040462427,-1.98271724285048
0.05169940528658794,-0.005586734132208288,0.16424209420893315,0.6027637324028399,0.1025511540164795,0.11641296343083303,-0.24101446116699324,-0.18651113981662232,0.24571007282174448,-0.403497521035178,-0.2680319956319436,-0.21369489705433053,0.15469340383127517,0.33916456696988695,0.6880055508271683,-0.29644278685598174,1.0526656871130113,0.37347975189969784,0.02245371889523263,-0.39593114235939636,0.07328327406248714,0.08277677734659773,0.5214973006390695,0.5353172388471675,-0.07401869607823672,0.3238175243320934,0.028338145398926776,-0.15777064713890102,0.048651372438441025,0.2969617302065107,-0.4543401840702722,-0.2643031316578473,-0.25656521288770323,0.8165258801486299,0.21144187626740832,0.36070142694442253,0.33211219875905423,0.39924296369448253,0.5907722270352889,0.6557971784458305,0.2998297648848316,0.01593240376736557,0.16051933927763126,-0.32221397926751644
-0.6901189610671659,-0.24199002152937538,0.4401851488544628,1.7129311207530975,0.8968920437127127,-0.9294277886218203,0.7159058689717014,0.47579117183992575,0.48788638401509604,-1.218530653176974,-0.7298207333837152,-0.24853759054668537,0.6458273662845182,-0.4379365361357692,1.257440101029974,-0.3658307339677655,2.5384918931916376,0.5193958551272498,-0.2392936220415564,-1.3045501461529863,0.5285945243015422,0.5265569129988168,1.0982430154866154,1.593328768568537,-0.6101026859707844,0.8914929675379805,0.052286899160911275,0.12329314369754896,0.22520937968879998,1.1565377934027152,-0.7475197146205111,-1.1751535777172655,-0.12269183614360209,1.48351026558747,-0.35213264192525817,0.9384866850578909,0.6067119347504752,-0.07949292257163502,1.3736163351808954,0.2998297648848316,1.3869156974850931,0.015042666008296414,1.0242645068544767,-0.5785592996218251
0.5730431775320708,0.28975352316892744,0.10972624681660098,-0.19114381692286694,-0.053496956641182355,0.8184845460299226,-1.054416810358275,-0.22066272800134604,0.6075735314601031,0.5214536349023783,0.16576911026493665,-0.13021862072306,-0.535794435178449,0.5194118091094235,-0.014960370810453498,-0.6293905066084698,-0.4878690088800992,0.5225330453469423,-0.24100491063555946,-0.308121045334254,-0.6843275154772602,-0.27558015679670117,-0.7771387404679054,-0.30780330404681144,-0.333235024244984,-0.8209176239102391,-0.1950661758626504,-0.5157304649205552,0.04422444345620646,-0.12384711635218242,-0.06019044557979641,0.3016730185349545,0.15815250978597267,-0.5759785519422593,0.35104138551981445,-0.4413233262795443,-0.2960966174829453,0.4879455403363858,-0.677163071655025,0.01593240376736557,0.015042666008296414,0.7022945003849212,-0.6723506882891102,0.5954896179064836
-1.4986121448803438,-0.8513923177244449,0.348750366668117,1.5465569797250946,0.9709173931285581,-1.916172408678785,2.031318772872282,0.5657614324420116,-0.613780777529502,-1.8645486531922184,-0.643403326848719,-0.20901404432872453,1.329341866597766,-1.0242040631497968,1.163984141493281,0.7673543117493388,2.6256148147478595,-0.3088673639699041,0.1730905679899935,-0.5667639043991721,1.3781799855099996,0.7050950420702514,2.116660930917617,1.7556072471812438,0.07358666800547513,1.7176281676499578,0.09616725608146186,0.7917244443421919,0.0070973042847974985,0.9152876944902911,-0.24321247667295684,-1.377013673242849,-0.11565823881049295,1.870313293545759,-0.6863450147203857,1.1543984578251256,0.7335116144234977,-0.7231028071101443,2.1469449040462427,0.16051933927763126,1.0242645068544767,-0.6723506882891102,1.9216626677582547,-1.3563856214337822
1.0523557229678806,0.5740653214428014,-0.0513142389418461,-1.509971763902129,-0.9677863232164808,1.6182255238681913,-1.7243558575711588,-0.33348177908488064,0.7910722087992994,1.6942220598748072,0.7066253098445794,0.3059200700732719,-1.6249154991126964,0.7491137155846074,-0.9604736899070276,-1.1370943638934032,-2.323682796678717,0.4349621928155155,-0.20267186445075747,0.005373018679551417,-1.6009081026811793,-0.5738322977818894,-1.9111103879660982,-1.5198277723368678,-0.37182675595774284,-1.8051342422193188,-0.21819319689748615,-0.6661526739913399,0.21730997769385785,-0.20829842641550697,-0.024679537356898516,1.2839655412512838,0.1910016483857188,-1.595037151912503,0.8012139728098211,-0.9898228662318211,-0.6423048240621099,0.7251308697928115,-1.98271724285048,-0.32221397926751644,-0.5785592996218251,0.5954896179064836,-1.3563856214337822,1.6397272526533206
