V1,V2,V3,V4,V5,V6,V7,V8,V9,V10,V11,V12,V13,V14,V15,V16,V17,V18,V19,V20,V21,V22,V23,V24,V25,V26,V27,V28,V29,V30,V31,V32,V33,V34,V35,V36,V37,V38,V39,V40,V41,V42,V43,V44
0.7777886544693337,0.6361176527665667,-0.1119446276311442,0.9114303692677932,0.10834944513398953,0.7086603261674944,1.323694199134692,0.4497833214974552,-0.8915678743115045,-0.7766106805807772,-0.436475090357331,0.6876295969653418,1.0220855356986998,0.43300694667672074,0.8413276546657523,1.5214653844433947,-0.5434005212096932,-0.4973091701164312,0.4307484800244897,-0.00903132719828815,-0.3468246310707348,-0.24117119063269735,-0.07739911402489502,-0.21531134305889227,-0.042455757400306694,0.755792073973049,0.12678286140451592,0.20824520965024482,-0.21216964724479123,0.26345626593998034,-0.15068060041965947,0.08498308805027194,-0.9180860200577745,0.8410694789059594,-1.1416771898498628,-0.04897765486835666,-0.04334256319692772,0.30778835249774533,5.194553657174754e-6,0.21532137835700899,1.0664502269394949,-0.35191586138424796,0.7585902231265637,-0.01579574830697982
0.6361176527665667,1.6137936448872456,-0.5716304552371307,1.1469234415371838,0.04634990336611295,1.0735424064802515,1.9666457949159666,0.5562725849746287,-1.798698313490439,-1.4314420542135755,-0.48171809843533114,0.8909790096369926,1.7516990429284989,0.20660596465137865,0.9356188838861459,2.062642412942211,-0.5823538464730659,-0.5343643341352821,-0.12326615326284182,-0.28409197618201537,-0.9805472809301093,-0.2578955760439762,0.17417880253181797,-0.5247124613216999,-0.3388894156773205,0.8427295889995701,-0.2449196790947044,0.2619854370730831,-0.3590099569375496,0.6648348013327694,0.6559242078487022,-0.24367606561197105,-1.8263350674470231,1.1071858002876136,-1.3149095137893259,-0.2758473736957108,0.053354223137796926,0.9232309865671584,0.45688920670157396,0.4905778753478541,0.8712908599203248,-0.5797596209190783,1.3314795177381449,-0.27307400860580516
-0.1119446276311442,-0.5716304552371307,0.5801651484406721,-0.23249571172287517,-0.0816729857296681,-0.27836322916289014,-0.34643561344710266,-0.16285166614881996,0.6673339029280393,0.5721138550325208,0.1461367357779293,-0.18708260436782378,-0.4785926367274384,0.23039764482213868,-0.23067627996950701,-0.6758356970101039,0.030609804364515252,0.30316392764593947,0.21801555060250882,0.05039134553361968,0.2030600002296576,0.202691988717576,-0.11501365631736274,0.16573251387127075,0.09681775557131227,-0.01525263377719064,0.10175754197099626,0.16944506496906947,0.27807026603111507,-0.15539184728299166,-0.4761338493735384,0.1382444165807778,0.6039448103445092,-0.31744130694343814,0.3652856064963275,0.11253413274232144,-0.03787768305638995,-0.2556536901044148,-0.23234829328673096,-0.11262641228964886,0.06288959591683362,0.17563992988224497,-0.5772111655617559,0.27405876455785155
0.9114303692677932,1.1469234415371838,-0.23249571172287517,2.104696069773928,-0.26495160617541025,1.3103895968665256,2.6917625795132065,0.6487389056105547,-2.077490920864756,-1.305781266971818,-1.0034398623157224,0.7096431861492332,1.7757583750145578,0.5926146029610504,1.15048349791917,2.321924038886484,-0.5806525122295085,-0.7023799484028971,0.007019529400073758,-0.09692667075253932,-1.033438419378646,-0.06164948344373935,0.1470541461348526,-0.6148515782393743,-0.5251103815460076,1.673890781314194,-0.1889895926432055,0.5212039581073062,-0.4957641880783714,0.4679106908642065,-0.1856880178323297,-0.18303390547762996,-2.26564732907464,1.1123606659171799,-1.6400253354742456,-0.15715181812632847,0.4609967887813849,1.2947429375455148,0.5594139037935181,1.0328618526485849,1.863850861119822,-0.7470382963588091,1.504362746868481,0.06921388532674945
0.10834944513398953,0.04634990336611295,-0.0816729857296681,-0.26495160617541025,0.49741679856119086,-0.10166217081657729,-0.27651963409352165,-0.13699063275471157,0.2022792932510055,-0.16700032647336124,0.07597351476840611,0.06650401538257174,-0.06680799748209333,0.16336837329244885,0.06421797105825633,0.7428341179636938,-0.2331493243579136,0.14781217729038185,0.38977385986531354,0.07898529521322595,-0.003638452039826194,-0.05788973995541248,-0.2325412531280807,-0.14127349774249667,0.13889546634622277,-0.14168020035472956,0.2433081589456059,-0.26131924788381183,-0.21237314103538826,-0.1557421573313802,0.05819195807013943,-0.062118821322587316,-0.06540229098765518,0.0191565432490715,0.10357145454189016,0.1592968604830234,-0.4222777359164966,-0.5992693227952409,-0.4683193397004098,-0.2333985633377633,0.21174679821966838,-0.1603184875717949,0.18566633198106497,-0.5166358435961095
0.7086603261674944,1.0735424064802515,-0.27836322916289014,1.3103895968665256,-0.10166217081657729,1.1807322342360125,1.8872893184565926,0.6819578132338038,-1.5329085178240731,-1.0413288195978943,-0.5620753227657738,0.6802186055644448,1.3768915073840993,0.3304198739501851,0.8689922819189814,1.641295549371994,-0.5748450292484001,-0.5271639694704006,-0.04073441014562612,-0.2834367175421284,-0.6431427108314993,-0.13004252024728882,0.1294657670984931,-0.4619525589089934,-0.2883409363380128,0.9987226581140405,-0.2446702174205144,0.4574737688790852,-0.20627837710329014,0.6048739742601672,0.17742268179381718,-0.14666138692674244,-1.4982358448678186,0.956287442045738,-1.4587055809741298,-0.2018790383108732,0.21154389624596076,1.08110712293383,0.46122133020232114,0.5201949120305431,1.124381794320576,-0.5060495558491626,1.0897995517914973,-0.11875524773582696
1.323694199134692,1.9666457949159666,-0.34643561344710266,2.6917625795132065,-0.27651963409352165,1.8872893184565926,3.9612938376889653,0.9510348798591051,-3.036119381289579,-2.0516469766758165,-1.2279094619993758,1.3811580190971078,2.839844720229502,0.8246526360495399,1.7610476024463888,3.482328917611485,-1.0209553565689449,-0.9977806546008421,0.11083881271346872,-0.2731253961877655,-1.4834493586406416,-0.21406986445589893,0.2097681645722193,-0.9542005783021876,-0.7042312396305338,2.2750045681375783,-0.30102423974098563,0.7799026799849138,-0.5249916489884606,1.0150093175624886,0.04984924572615753,-0.24386742788816582,-3.1719136559718053,1.8759151877594809,-2.442398692798828,-0.2652379268869966,0.5562617439289327,1.8201384757409995,0.8037670470885789,1.1481633394969613,2.4485646649817454,-1.0906924248614747,2.080202161274243,0.05815673081660882
0.4497833214974552,0.5562725849746287,-0.16285166614881996,0.6487389056105547,-0.13699063275471157,0.6819578132338038,0.9510348798591051,0.5534035243878825,-0.7334737306188379,-0.5497250436481858,-0.25496704356941136,0.48428261984327786,0.8061683958982373,0.09502058304252436,0.5627086656778982,0.6445787274205821,-0.3439565216531011,-0.45743074394256916,-0.019226271109995773,-0.17576337896686167,-0.2067136464323309,-0.1862338362614086,0.03314288585995865,-0.06543324916499951,-0.07012028970265291,0.44333010505410686,-0.15323957458165693,0.3338092801744706,0.010123687105910835,0.4168447877050825,0.11604638233398308,0.030790305484663535,-0.5842769316987294,0.6061418607598522,-0.9725773705896746,-0.2276478047893471,0.12595302385163412,0.5828532109416493,0.315882863730534,0.15776271966280597,0.42823466048084285,-0.14070716266434438,0.4587330899221795,0.16527995522252711
-0.8915678743115045,-1.798698313490439,0.6673339029280393,-2.077490920864756,0.2022792932510055,-1.5329085178240731,-3.036119381289579,-0.7334737306188379,2.75949918163842,1.7835282797533785,0.9555742966562377,-0.9636793210682407,-2.2811673518663294,-0.3202691286274967,-1.3026076471541024,-2.8674827533755467,0.6433876713690698,0.7878516860942588,0.3151239502802405,0.3122940278297756,1.2299761971632808,0.18040593692675452,-0.4113514030868287,0.9054783837678707,0.6462781466608031,-1.5490658277810752,0.43303179694616045,-0.45626393372460233,0.5430461470130511,-0.8648295793783184,-0.4801449505105404,0.33340573478806845,2.740262104802919,-1.458780580291924,1.8816988464498754,0.19862189355446888,-0.5573203817003335,-1.6895872748263034,-0.8743169461777364,-0.9649200514061166,-1.5773339391755161,0.9179298953216319,-1.9369963203345042,0.3103571376310319
-0.7766106805807772,-1.4314420542135755,0.5721138550325208,-1.305781266971818,-0.16700032647336124,-1.0413288195978943,-2.0516469766758165,-0.5497250436481858,1.7835282797533785,1.5797726231448646,0.6440490206416589,-0.9274190065135227,-1.7683232839479872,-0.34878158250736774,-1.0873679012023576,-2.536684827203119,0.7328571191423439,0.6863443841825319,-0.20139240621663979,0.10295072709272668,0.9460359660839175,0.3441352048769201,0.0588117137037804,0.5860427951034733,0.3569507943762474,-1.0450547100765302,0.10108289066301081,-0.16731473220632712,0.5812462419577757,-0.5719464174364193,-0.39873192775509675,0.32224655900706517,2.032931805985564,-1.1426066509484283,1.3447282277596357,0.2715027897299672,-0.045243205765673075,-0.6255997123688841,-0.29559947720087903,-0.4750580130858242,-1.1913960554968164,0.7309741112441743,-1.4046307678162808,0.2345574793095125
-0.436475090357331,-0.48171809843533114,0.1461367357779293,-1.0034398623157224,0.07597351476840611,-0.5620753227657738,-1.2279094619993758,-0.25496704356941136,0.9555742966562377,0.6440490206416589,0.5472108990616849,-0.35131705843441347,-0.8488973580500474,-0.32259292780906834,-0.5571541642016821,-1.2185630046393752,0.30174307338023953,0.3523320273725396,-0.03179141979441157,-0.01802827417196994,0.4738636741832102,0.05851819963807229,-0.0076426300780842666,0.31320875992326247,0.2303577996676803,-0.8617339623301546,0.014833297604002585,-0.18979196432754003,0.2869783214567618,-0.1527126564245953,0.15024820779262354,0.05293093975603358,1.0741454393842702,-0.5099318143139596,0.7536176521188767,0.005737988732440565,-0.1363400019136563,-0.5557592514590569,-0.1947123129087731,-0.4799423318019557,-0.9781938616154,0.40832360363641923,-0.7744628430999011,0.015951288369523007
0.6876295969653418,0.8909790096369926,-0.18708260436782378,0.7096431861492332,0.06650401538257174,0.6802186055644448,1.3811580190971078,0.48428261984327786,-0.9636793210682407,-0.9274190065135227,-0.35131705843441347,0.998767305695627,1.3287588115486038,0.34615017979641677,0.9119305580642003,1.4591858409170995,-0.6510601317505837,-0.5561559870895855,0.29053944255635156,-0.0817053898400845,-0.4060260506673916,-0.34269949362000846,-0.06159780429404707,-0.21196133877606912,-0.047364250045998584,0.6942350369880745,0.03912980352034752,0.2825203208720438,-0.039160247106228854,0.5208753928642996,0.12684605414110178,0.13669391612156964,-0.8505709960671674,0.9893621688268286,-1.168549854330555,-0.11565219842500389,-0.15305111470233498,0.43443576515686333,0.10974083191447122,0.023404223302465117,0.8020124056410944,-0.33326338460860416,0.7174160216107641,0.10556325584707375
1.0220855356986998,1.7516990429284989,-0.4785926367274384,1.7757583750145578,-0.06680799748209333,1.3768915073840993,2.839844720229502,0.8061683958982373,-2.2811673518663294,-1.7683232839479872,-0.8488973580500474,1.3287588115486038,2.5678979664587525,0.5291406425225069,1.5074763184970748,2.8431811650733407,-0.8984024584255473,-0.8425712115288468,-0.05761335363242933,-0.29182227982515624,-1.1364153707660352,-0.3411011258413803,0.06383358465585746,-0.6350723291640035,-0.3690575773547865,1.620782302042202,-0.1894089580777783,0.5965183703195682,-0.2703121071445783,0.950515365577486,0.4196970053139217,0.01465875440010999,-2.297948524717112,1.641209686793269,-2.022656048488526,-0.2044730162561374,0.18626199822456743,1.2732256608898436,0.5790688768558006,0.6203104560048517,1.6439277663953433,-0.8132165624561782,1.731518926790823,-0.06957792447248963
0.43300694667672074,0.20660596465137865,0.23039764482213868,0.5926146029610504,0.16336837329244885,0.3304198739501851,0.8246526360495399,0.09502058304252436,-0.3202691286274967,-0.34878158250736774,-0.32259292780906834,0.34615017979641677,0.5291406425225069,0.6603785767099433,0.4528054672267967,1.1809921333006481,-0.4852193471225271,-0.038034575564103654,0.4305129767161195,0.023137656764140466,-0.29905703387016846,0.032814304009577626,-0.243988930890291,-0.24647076494958445,-0.01354174246029619,0.784280762903599,0.26542730749404464,0.17277653001634113,-0.1430698766612154,-0.04641325002251655,-0.41326424204936363,0.13673397368216927,-0.5308005868252118,0.43331881620596585,-0.5760343435513472,0.25704974762765964,-0.23022566801315283,0.02020634416437582,-0.27019187574891984,0.2077464586062043,1.2049958954987543,-0.36020216877717753,0.4800222638757127,-0.16613156228747308
0.8413276546657523,0.9356188838861459,-0.23067627996950701,1.15048349791917,0.06421797105825633,0.8689922819189814,1.7610476024463888,0.5627086656778982,-1.3026076471541024,-1.0873679012023576,-0.5571541642016821,0.9119305580642003,1.5074763184970748,0.4528054672267967,1.0991644685431157,2.018974218215516,-0.6845423556184683,-0.6109311113349792,0.29772071345006074,-0.06694087757654446,-0.5425047076020727,-0.27681267945604593,-0.04758426986708903,-0.35605451147752704,-0.1372270941707432,0.987863380338905,0.037202300478092795,0.32424341340303925,-0.22790903177810493,0.4629934153294557,0.010999878363007334,0.0983297075338164,-1.3027649107782797,1.1255071242100718,-1.4213235259251793,-0.031553058273682495,0.011458006454169693,0.5482429272057803,0.16190144443298768,0.2757190282084538,1.2577498000852594,-0.503732521595102,1.0736286895889604,-0.05663452843047797
1.5214653844433947,2.062642412942211,-0.6758356970101039,2.321924038886484,0.7428341179636938,1.641295549371994,3.482328917611485,0.6445787274205821,-2.8674827533755467,-2.536684827203119,-1.2185630046393752,1.4591858409170995,2.8431811650733407,1.1809921333006481,2.018974218215516,5.587573625932493,-1.5380223155894592,-0.7227856831320634,0.7782807994869155,-0.06451839580067154,-1.4926662451476111,-0.3126297613552153,-0.2594658306034282,-1.3929415000650127,-0.46030044475622844,2.1332521962255737,0.23622482873362755,0.1604150654643513,-1.1358353198500708,0.5364329623565423,0.14981159471219185,-0.27250190461939017,-3.469598701799531,2.066298466298228,-2.37342817505667,0.397440732006677,-0.28191181789215825,0.6285217031421315,-0.12143074786868209,0.7667181437604134,3.211186501165435,-1.628734185150408,2.8692311805876,-1.3087952630879518
-0.5434005212096932,-0.5823538464730659,0.030609804364515252,-0.5806525122295085,-0.2331493243579136,-0.5748450292484001,-1.0209553565689449,-0.3439565216531011,0.6433876713690698,0.7328571191423439,0.30174307338023953,-0.6510601317505837,-0.8984024584255473,-0.4852193471225271,-0.6845423556184683,-1.5380223155894592,0.7010390704463328,0.25344438956155585,-0.4150562209978009,0.07221876148478575,0.34199474494723286,0.1635805685209958,0.23076489804551403,0.3250313710008386,0.03807618560375928,-0.6396891124208309,-0.09848599602979795,-0.22123999207920625,0.16354348997253457,-0.2874053040802394,0.04284952252541847,0.004638356512708559,0.7565682859330549,-0.6937267805402706,0.8804542590137285,-0.06361476017888731,0.2635639566333196,-0.1489163294083737,0.12583993653987158,-0.0229511823920762,-0.9973588909246683,0.4394626905241187,-0.6552008344438226,0.22321652016674948
-0.4973091701164312,-0.5343643341352821,0.30316392764593947,-0.7023799484028971,0.14781217729038185,-0.5271639694704006,-0.9977806546008421,-0.45743074394256916,0.7878516860942588,0.6863443841825319,0.3523320273725396,-0.5561559870895855,-0.8425712115288468,-0.038034575564103654,-0.6109311113349792,-0.7227856831320634,0.25344438956155585,0.6982856731610493,-0.12570447675299626,-0.03021742144616304,0.21747665854247195,0.34498493439682065,0.02430557324322215,-0.00635186385941287,0.10786878896594054,-0.503666534693488,0.03273137442602052,-0.11590287620412411,0.17698632535669664,-0.31527872723608463,-0.03286565298948892,0.001019197965833428,0.7176935881567884,-0.6254345473409693,0.8580201391171774,0.33832189449274835,-0.1978648834873597,-0.3719693952429297,-0.29976317940349284,-0.19709704758428867,-0.3593756470091408,0.1403449049170134,-0.4458797167761895,-0.41129149180048413
0.4307484800244897,-0.12326615326284182,0.21801555060250882,0.007019529400073758,0.38977385986531354,-0.04073441014562612,0.11083881271346872,-0.019226271109995773,0.3151239502802405,-0.20139240621663979,-0.03179141979441157,0.29053944255635156,-0.05761335363242933,0.4305129767161195,0.29772071345006074,0.7782807994869155,-0.4150562209978009,-0.12570447675299626,1.0427883235594952,0.3010113667979648,0.06580286491029774,-0.21018318149272172,-0.4482329075116689,0.024074603322360312,0.13558399558924317,0.08636428682601438,0.4285157383756184,-0.16766615027613455,-0.27993266960069524,-0.21238885952199343,-0.4820931844858462,-0.07433848763301579,-0.007788510940739597,0.19051377445494158,-0.09070185402438827,-0.003321405639263563,-0.36200453023532175,-0.8593880424380492,-0.6138515103178215,-0.2508905140939473,0.5689310448141346,-0.13763283505041307,-0.11254097845970545,0.06960667668493582
-0.00903132719828815,-0.28409197618201537,0.05039134553361968,-0.09692667075253932,0.07898529521322595,-0.2834367175421284,-0.2731253961877655,-0.17576337896686167,0.3122940278297756,0.10295072709272668,-0.01802827417196994,-0.0817053898400845,-0.29182227982515624,0.023137656764140466,-0.06694087757654446,-0.06451839580067154,0.07221876148478575,-0.03021742144616304,0.3010113667979648,0.27282190977321785,0.08270783152903381,-0.05075836911130865,-0.13851570462648227,0.12054491059064197,0.02867705097489851,-0.11890632700162564,0.1803085474321189,-0.2039058248410453,-0.16713035295308898,-0.28732976893806517,-0.26266950434772035,-0.04098609839204482,0.14602455430013783,-0.19352576583560815,0.3350317477968703,-0.007397298384683321,-0.0987917457445862,-0.46760106290612324,-0.24445928326576716,-0.04718522370641183,-0.02177576337276718,0.05031858924287205,-0.18879878194502778,0.16549742471105397
-0.3468246310707348,-0.9805472809301093,0.2030600002296576,-1.033438419378646,-0.003638452039826194,-0.6431427108314993,-1.4834493586406416,-0.2067136464323309,1.2299761971632808,0.9460359660839175,0.4738636741832102,-0.4060260506673916,-1.1364153707660352,-0.29905703387016846,-0.5425047076020727,-1.4926662451476111,0.34199474494723286,0.21747665854247195,0.06580286491029774,0.08270783152903381,0.9786760182291951,-0.0014335899522733917,-0.04870149176333951,0.4333462385807674,0.40013681124588785,-0.8219604770433774,0.18424297022835098,-0.21294782174468588,0.40822124924499104,-0.31133728089591506,-0.23988575412342547,0.36896461382812823,1.6350020382923922,-0.485302721336805,0.545233032947357,0.2633578815101769,-0.12090351560632544,-0.5463071699825306,-0.25470625689266957,-0.6275209707454219,-0.834561250432867,0.4827683220196191,-0.899669620534858,0.0680193010362409
-0.24117119063269735,-0.2578955760439762,0.202691988717576,-0.06164948344373935,-0.05788973995541248,-0.13004252024728882,-0.21406986445589893,-0.1862338362614086,0.18040593692675452,0.3441352048769201,0.05851819963807229,-0.34269949362000846,-0.3411011258413803,0.032814304009577626,-0.27681267945604593,-0.3126297613552153,0.1635805685209958,0.34498493439682065,-0.21018318149272172,-0.05075836911130865,-0.0014335899522733917,0.29174566340576435,0.0975660650796504,-0.08201865247261696,-0.05827282130950287,-0.02010384786347708,-0.0803647552627035,0.05486559871655019,0.0832284900051394,-0.12454053416414608,-0.09952023802583143,-0.025910549990535978,0.10885467951614464,-0.3061508979537641,0.3378636305332896,0.1705869661129496,0.08087068570258904,0.08768048550333724,-0.001169926114409193,0.12362147735424407,0.024795302604996367,0.022154572738026353,-0.10633313250148882,-0.15158505692782498
-0.07739911402489502,0.17417880253181797,-0.11501365631736274,0.1470541461348526,-0.2325412531280807,0.1294657670984931,0.2097681645722193,0.03314288585995865,-0.4113514030868287,0.0588117137037804,-0.0076426300780842666,-0.06159780429404707,0.06383358465585746,-0.243988930890291,-0.04758426986708903,-0.2594658306034282,0.23076489804551403,0.02430557324322215,-0.4482329075116689,-0.13851570462648227,-0.04870149176333951,0.0975660650796504,0.44046585193085486,-0.08632916024376508,-0.12106797329334935,-0.1080824548672974,-0.2638457242302525,0.0804869067133977,0.11915875633534186,0.14286145253732793,0.21891034940099918,0.009010432143886806,-0.10334156709766029,0.03009142761461684,-0.07831609911734203,0.020673540475704445,0.28188365140536487,0.5925765088847543,0.37200222678147843,0.1600528830353746,-0.2544719509391822,0.07078850085028644,0.12725114501840837,-0.05988476489037481
-0.21531134305889227,-0.5247124613216999,0.16573251387127075,-0.6148515782393743,-0.14127349774249667,-0.4619525589089934,-0.9542005783021876,-0.06543324916499951,0.9054783837678707,0.5860427951034733,0.31320875992326247,-0.21196133877606912,-0.6350723291640035,-0.24647076494958445,-0.35605451147752704,-1.3929415000650127,0.3250313710008386,-0.00635186385941287,0.024074603322360312,0.12054491059064197,0.4333462385807674,-0.08201865247261696,-0.08632916024376508,0.5912697035954886,0.2561239133837878,-0.5701580449587831,0.11120233255934114,-0.08176706306414726,0.2688950294635021,-0.24380146659763874,-0.13533493347711012,0.22576722986092912,1.0436294635598924,-0.4130523852545904,0.4619941856217492,-0.17920010455508942,-0.07866360544868489,-0.4668797905526102,-0.12205208089181901,-0.2729517471756674,-0.7895520182354586,0.5171093266147841,-0.7818164951347546,0.5480854894984215
-0.042455757400306694,-0.3388894156773205,0.09681775557131227,-0.5251103815460076,0.13889546634622277,-0.2883409363380128,-0.7042312396305338,-0.07012028970265291,0.6462781466608031,0.3569507943762474,0.2303577996676803,-0.047364250045998584,-0.3690575773547865,-0.01354174246029619,-0.1372270941707432,-0.46030044475622844,0.03807618560375928,0.10786878896594054,0.13558399558924317,0.02867705097489851,0.40013681124588785,-0.05827282130950287,-0.12106797329334935,0.2561239133837878,0.3045430734616149,-0.34533455026807547,0.21983122243855818,-0.10248298569651211,0.20492363289185614,-0.18673564770332707,-0.08621822092274811,0.3061570347544286,0.8005165849357068,-0.11209496347837354,0.12265389594289017,0.1744004671387933,-0.28575020119398775,-0.41521621137890574,-0.2896752855728222,-0.3510584944526595,-0.24044974868226426,0.2173209916792942,-0.3156660535347392,-0.06425746777889817
0.755792073973049,0.8427295889995701,-0.01525263377719064,1.673890781314194,-0.14168020035472956,0.9987226581140405,2.2750045681375783,0.44333010505410686,-1.5490658277810752,-1.0450547100765302,-0.8617339623301546,0.6942350369880745,1.620782302042202,0.784280762903599,0.987863380338905,2.1332521962255737,-0.6396891124208309,-0.503666534693488,0.08636428682601438,-0.11890632700162564,-0.8219604770433774,-0.02010384786347708,-0.1080824548672974,-0.5701580449587831,-0.34533455026807547,1.7989926650496744,0.040605712218340154,0.4779880393192005,-0.28316821634104294,0.40659112336533243,-0.31909484213189676,0.07216241542280447,-1.7901911629746337,1.0307047547706192,-1.429153111880129,0.08223951082419564,0.24919254336128888,0.9755011419504399,0.3054633466379838,0.7917041426033146,1.9413576344946746,-0.7418469681222691,1.268946696738899,-0.0022556944481671127
0.12678286140451592,-0.2449196790947044,0.10175754197099626,-0.1889895926432055,0.2433081589456059,-0.2446702174205144,-0.30102423974098563,-0.15323957458165693,0.43303179694616045,0.10108289066301081,0.014833297604002585,0.03912980352034752,-0.1894089580777783,0.26542730749404464,0.037202300478092795,0.23622482873362755,-0.09848599602979795,0.03273137442602052,0.4285157383756184,0.1803085474321189,0.18424297022835098,-0.0803647552627035,-0.2638457242302525,0.11120233255934114,0.21983122243855818,0.040605712218340154,0.4143496872340649,-0.21135039090196903,-0.08039581022587508,-0.3579851883076558,-0.3237603614732723,0.2524280790421003,0.3579586446185661,0.030685848070254304,0.034284398137152734,0.26519967306654146,-0.3516329641888183,-0.5751868018896773,-0.4529383150270503,-0.15752635205052826,0.3309236667244273,-0.003694894072119348,-0.04490107381762555,-0.12054004989019435
0.20824520965024482,0.2619854370730831,0.16944506496906947,0.5212039581073062,-0.26131924788381183,0.4574737688790852,0.7799026799849138,0.3338092801744706,-0.45626393372460233,-0.16731473220632712,-0.18979196432754003,0.2825203208720438,0.5965183703195682,0.17277653001634113,0.32424341340303925,0.1604150654643513,-0.22123999207920625,-0.11590287620412411,-0.16766615027613455,-0.2039058248410453,-0.21294782174468588,0.05486559871655019,0.0804869067133977,-0.08176706306414726,-0.10248298569651211,0.4779880393192005,-0.21135039090196903,0.5054290439184185,0.23891849802405754,0.4044758001789176,-0.031120841139961646,0.07751513924981553,-0.3268498748832292,0.3373967231921958,-0.5950283911726498,-0.0939686101428522,0.18831856972556713,0.6710909557862234,0.3099816674265823,0.17578431468904007,0.4004915694501494,-0.08765069382031604,0.17758591622261793,0.23359720721511767
-0.21216964724479123,-0.3590099569375496,0.27807026603111507,-0.4957641880783714,-0.21237314103538826,-0.20627837710329014,-0.5249916489884606,0.010123687105910835,0.5430461470130511,0.5812462419577757,0.2869783214567618,-0.039160247106228854,-0.2703121071445783,-0.1430698766612154,-0.22790903177810493,-1.1358353198500708,0.16354348997253457,0.17698632535669664,-0.27993266960069524,-0.16713035295308898,0.40822124924499104,0.0832284900051394,0.11915875633534186,0.2688950294635021,0.20492363289185614,-0.28316821634104294,-0.08039581022587508,0.23891849802405754,0.5946956185654879,0.15898994910595207,0.005468980458486298,0.3616038122740907,0.9276521683081108,-0.14477801556030712,0.10773704020048261,0.07637220784462942,0.01792303529012512,0.17907279431285036,0.09778972495952717,-0.3156963016090622,-0.5149787991656981,0.3505564764379417,-0.5483632358878229,0.23691362733733007
0.26345626593998034,0.6648348013327694,-0.15539184728299166,0.4679106908642065,-0.1557421573313802,0.6048739742601672,1.0150093175624886,0.4168447877050825,-0.8648295793783184,-0.5719464174364193,-0.1527126564245953,0.5208753928642996,0.950515365577486,-0.04641325002251655,0.4629934153294557,0.5364329623565423,-0.2874053040802394,-0.31527872723608463,-0.21238885952199343,-0.28732976893806517,-0.31133728089591506,-0.12454053416414608,0.14286145253732793,-0.24380146659763874,-0.18673564770332707,0.40659112336533243,-0.3579851883076558,0.4044758001789176,0.15898994910595207,0.779856228728859,0.4126153193375975,-0.13948727819137333,-0.7515106873710268,0.5649983854720023,-0.7153454383046676,-0.3387652085846838,0.31845317416296404,0.7628991919259667,0.4944362370895918,0.05259934830537394,0.0992471393362329,-0.1888569624533459,0.3508247001774772,0.1571768398814
-0.15068060041965947,0.6559242078487022,-0.4761338493735384,-0.1856880178323297,0.05819195807013943,0.17742268179381718,0.04984924572615753,0.11604638233398308,-0.4801449505105404,-0.39873192775509675,0.15024820779262354,0.12684605414110178,0.4196970053139217,-0.41326424204936363,0.010999878363007334,0.14981159471219185,0.04284952252541847,-0.03286565298948892,-0.4820931844858462,-0.26266950434772035,-0.23988575412342547,-0.09952023802583143,0.21891034940099918,-0.13533493347711012,-0.08621822092274811,-0.31909484213189676,-0.3237603614732723,-0.031120841139961646,0.005468980458486298,0.4126153193375975,0.8459838141645987,-0.21317041108318438,-0.3780197373106962,0.15089357392119018,-0.06695571525639851,-0.23840620269592797,0.06043429874092027,0.31867078146012734,0.33940652773835106,-0.06981245974849105,-0.6173389747025704,-0.03187671132878022,0.2897584597398049,-0.2896572120784641
0.08498308805027194,-0.24367606561197105,0.1382444165807778,-0.18303390547762996,-0.062118821322587316,-0.14666138692674244,-0.24386742788816582,0.030790305484663535,0.33340573478806845,0.32224655900706517,0.05293093975603358,0.13669391612156964,0.01465875440010999,0.13673397368216927,0.0983297075338164,-0.27250190461939017,0.004638356512708559,0.001019197965833428,-0.07433848763301579,-0.04098609839204482,0.36896461382812823,-0.025910549990535978,0.009010432143886806,0.22576722986092912,0.3061570347544286,0.07216241542280447,0.2524280790421003,0.07751513924981553,0.3616038122740907,-0.13948727819137333,-0.21317041108318438,0.655588673556087,0.7435170882825144,0.2093424074513999,-0.32679905243527413,0.41258219602040047,-0.1987954705291091,0.023260788826525196,-0.11812035504331785,-0.1888237708396588,0.17289260979970236,0.17024702902321615,-0.04220678290327877,-0.020959830886431195
-0.9180860200577745,-1.8263350674470231,0.6039448103445092,-2.26564732907464,-0.06540229098765518,-1.4982358448678186,-3.1719136559718053,-0.5842769316987294,2.740262104802919,2.032931805985564,1.0741454393842702,-0.8505709960671674,-2.297948524717112,-0.5308005868252118,-1.3027649107782797,-3.469598701799531,0.7565682859330549,0.7176935881567884,-0.007788510940739597,0.14602455430013783,1.6350020382923922,0.10885467951614464,-0.10334156709766029,1.0436294635598924,0.8005165849357068,-1.7901911629746337,0.3579586446185661,-0.3268498748832292,0.9276521683081108,-0.7515106873710268,-0.3780197373106962,0.7435170882825144,3.4509845639678045,-1.2352457006245252,1.5115792442069533,0.4491440678618554,-0.49744477358741257,-1.1897314184305214,-0.6070726887060244,-1.1703231401789664,-1.8872366668909797,1.1134603497307063,-2.0266101012410327,0.31194355800712786
0.8410694789059594,1.1071858002876136,-0.31744130694343814,1.1123606659171799,0.0191565432490715,0.956287442045738,1.8759151877594809,0.6061418607598522,-1.458780580291924,-1.1426066509484283,-0.5099318143139596,0.9893621688268286,1.641209686793269,0.43331881620596585,1.1255071242100718,2.066298466298228,-0.6937267805402706,-0.6254345473409693,0.19051377445494158,-0.19352576583560815,-0.485302721336805,-0.3061508979537641,0.03009142761461684,-0.4130523852545904,-0.11209496347837354,1.0307047547706192,0.030685848070254304,0.3373967231921958,-0.14477801556030712,0.5649983854720023,0.15089357392119018,0.2093424074513999,-1.2352457006245252,1.3359469310755778,-1.6446584570266571,0.08802664751553745,0.046407605961522574,0.7564134124608123,0.27544396954173456,0.2416162684343401,1.273244105429513,-0.5399735679668299,1.1809851107893063,-0.1906920774691137
-1.1416771898498628,-1.3149095137893259,0.3652856064963275,-1.6400253354742456,0.10357145454189016,-1.4587055809741298,-2.442398692798828,-0.9725773705896746,1.8816988464498754,1.3447282277596357,0.7536176521188767,-1.168549854330555,-2.022656048488526,-0.5760343435513472,-1.4213235259251793,-2.37342817505667,0.8804542590137285,0.8580201391171774,-0.09070185402438827,0.3350317477968703,0.545233032947357,0.3378636305332896,-0.07831609911734203,0.4619941856217492,0.12265389594289017,-1.429153111880129,0.034284398137152734,-0.5950283911726498,0.10773704020048261,-0.7153454383046676,-0.06695571525639851,-0.32679905243527413,1.5115792442069533,-1.6446584570266571,2.353912648452558,-0.0718439009408819,-0.10587628821622294,-1.2872894359868576,-0.4649230175089501,-0.45278939312597705,-1.743753611659842,0.6312772118690452,-1.530169068118382,0.18696825230272907
-0.04897765486835666,-0.2758473736957108,0.11253413274232144,-0.15715181812632847,0.1592968604830234,-0.2018790383108732,-0.2652379268869966,-0.2276478047893471,0.19862189355446888,0.2715027897299672,0.005737988732440565,-0.11565219842500389,-0.2044730162561374,0.25704974762765964,-0.031553058273682495,0.397440732006677,-0.06361476017888731,0.33832189449274835,-0.003321405639263563,-0.007397298384683321,0.2633578815101769,0.1705869661129496,0.020673540475704445,-0.17920010455508942,0.1744004671387933,0.08223951082419564,0.26519967306654146,-0.0939686101428522,0.07637220784462942,-0.3387652085846838,-0.23840620269592797,0.41258219602040047,0.4491440678618554,0.08802664751553745,-0.0718439009408819,0.7691427764038803,-0.28400260464435695,-0.07037601497666729,-0.28776960532179774,-0.10950751061774602,0.5416784294668305,-0.1533229021560122,0.25912293983218004,-0.6618828212928974
-0.04334256319692772,0.053354223137796926,-0.03787768305638995,0.4609967887813849,-0.4222777359164966,0.21154389624596076,0.5562617439289327,0.12595302385163412,-0.5573203817003335,-0.045243205765673075,-0.1363400019136563,-0.15305111470233498,0.18626199822456743,-0.23022566801315283,0.011458006454169693,-0.28191181789215825,0.2635639566333196,-0.1978648834873597,-0.36200453023532175,-0.0987917457445862,-0.12090351560632544,0.08087068570258904,0.28188365140536487,-0.07866360544868489,-0.28575020119398775,0.24919254336128888,-0.3516329641888183,0.18831856972556713,0.01792303529012512,0.31845317416296404,0.06043429874092027,-0.1987954705291091,-0.49744477358741257,0.046407605961522574,-0.10587628821622294,-0.28400260464435695,0.7482093708113232,0.6101959291738257,0.5883999543961714,0.34369488893223793,-0.16542906922042078,0.0071000280942202934,0.0018764102348299589,0.3826940227711239
0.30778835249774533,0.9232309865671584,-0.2556536901044148,1.2947429375455148,-0.5992693227952409,1.08110712293383,1.8201384757409995,0.5828532109416493,-1.6895872748263034,-0.6255997123688841,-0.5557592514590569,0.43443576515686333,1.2732256608898436,0.02020634416437582,0.5482429272057803,0.6285217031421315,-0.1489163294083737,-0.3719693952429297,-0.8593880424380492,-0.46760106290612324,-0.5463071699825306,0.08768048550333724,0.5925765088847543,-0.4668797905526102,-0.41521621137890574,0.9755011419504399,-0.5751868018896773,0.6710909557862234,0.17907279431285036,0.7628991919259667,0.31867078146012734,0.023260788826525196,-1.1897314184305214,0.7564134124608123,-1.2872894359868576,-0.07037601497666729,0.6101959291738257,1.9398088447565431,1.0081980116897669,0.687291294379776,0.6695051284142657,-0.3409729979440238,0.9431121146068169,0.019668661464979566
5.194553657174754e-6,0.45688920670157396,-0.23234829328673096,0.5594139037935181,-0.4683193397004098,0.46122133020232114,0.8037670470885789,0.315882863730534,-0.8743169461777364,-0.29559947720087903,-0.1947123129087731,0.10974083191447122,0.5790688768558006,-0.27019187574891984,0.16190144443298768,-0.12143074786868209,0.12583993653987158,-0.29976317940349284,-0.6138515103178215,-0.24445928326576716,-0.25470625689266957,-0.001169926114409193,0.37200222678147843,-0.12205208089181901,-0.2896752855728222,0.3054633466379838,-0.4529383150270503,0.3099816674265823,0.09778972495952717,0.4944362370895918,0.33940652773835106,-0.11812035504331785,-0.6070726887060244,0.27544396954173456,-0.4649230175089501,-0.28776960532179774,0.5883999543961714,1.0081980116897669,0.7502115644950024,0.3565864677597896,-0.15567106002377284,-0.04038532483706161,0.2764494629718289,0.28622464693456207
0.21532137835700899,0.4905778753478541,-0.11262641228964886,1.0328618526485849,-0.2333985633377633,0.5201949120305431,1.1481633394969613,0.15776271966280597,-0.9649200514061166,-0.4750580130858242,-0.4799423318019557,0.023404223302465117,0.6203104560048517,0.2077464586062043,0.2757190282084538,0.7667181437604134,-0.0229511823920762,-0.19709704758428867,-0.2508905140939473,-0.04718522370641183,-0.6275209707454219,0.12362147735424407,0.1600528830353746,-0.2729517471756674,-0.3510584944526595,0.7917041426033146,-0.15752635205052826,0.17578431468904007,-0.3156963016090622,0.05259934830537394,-0.06981245974849105,-0.1888237708396588,-1.1703231401789664,0.2416162684343401,-0.45278939312597705,-0.10950751061774602,0.34369488893223793,0.687291294379776,0.3565864677597896,0.7548674343854902,0.7621529987195524,-0.3075630556303143,0.6815129046385805,0.05007765180007796
1.0664502269394949,0.8712908599203248,0.06288959591683362,1.863850861119822,0.21174679821966838,1.124381794320576,2.4485646649817454,0.42823466048084285,-1.5773339391755161,-1.1913960554968164,-0.9781938616154,0.8020124056410944,1.6439277663953433,1.2049958954987543,1.2577498000852594,3.211186501165435,-0.9973588909246683,-0.3593756470091408,0.5689310448141346,-0.02177576337276718,-0.834561250432867,0.024795302604996367,-0.2544719509391822,-0.7895520182354586,-0.24044974868226426,1.9413576344946746,0.3309236667244273,0.4004915694501494,-0.5149787991656981,0.0992471393362329,-0.6173389747025704,0.17289260979970236,-1.8872366668909797,1.273244105429513,-1.743753611659842,0.5416784294668305,-0.16542906922042078,0.6695051284142657,-0.15567106002377284,0.7621529987195524,2.803315713629855,-1.016944169763623,1.6982066637943318,-0.5828433442258402
-0.35191586138424796,-0.5797596209190783,0.17563992988224497,-0.7470382963588091,-0.1603184875717949,-0.5060495558491626,-1.0906924248614747,-0.14070716266434438,0.9179298953216319,0.7309741112441743,0.40832360363641923,-0.33326338460860416,-0.8132165624561782,-0.36020216877717753,-0.503732521595102,-1.628734185150408,0.4394626905241187,0.1403449049170134,-0.13763283505041307,0.05031858924287205,0.4827683220196191,0.022154572738026353,0.07078850085028644,0.5171093266147841,0.2173209916792942,-0.7418469681222691,-0.003694894072119348,-0.08765069382031604,0.3505564764379417,-0.1888569624533459,-0.03187671132878022,0.17024702902321615,1.1134603497307063,-0.5399735679668299,0.6312772118690452,-0.1533229021560122,0.0071000280942202934,-0.3409729979440238,-0.04038532483706161,-0.3075630556303143,-1.016944169763623,0.575324653527071,-0.8691221914779625,0.4355609364738123
0.7585902231265637,1.3314795177381449,-0.5772111655617559,1.504362746868481,0.18566633198106497,1.0897995517914973,2.080202161274243,0.4587330899221795,-1.9369963203345042,-1.4046307678162808,-0.7744628430999011,0.7174160216107641,1.731518926790823,0.4800222638757127,1.0736286895889604,2.8692311805876,-0.6552008344438226,-0.4458797167761895,-0.11254097845970545,-0.18879878194502778,-0.899669620534858,-0.10633313250148882,0.12725114501840837,-0.7818164951347546,-0.3156660535347392,1.268946696738899,-0.04490107381762555,0.17758591622261793,-0.5483632358878229,0.3508247001774772,0.2897584597398049,-0.04220678290327877,-2.0266101012410327,1.1809851107893063,-1.530169068118382,0.25912293983218004,0.0018764102348299589,0.9431121146068169,0.2764494629718289,0.6815129046385805,1.6982066637943318,-0.8691221914779625,1.8508519120868594,-0.8021029203517586
-0.01579574830697982,-0.27307400860580516,0.27405876455785155,0.06921388532674945,-0.5166358435961095,-0.11875524773582696,0.05815673081660882,0.16527995522252711,0.3103571376310319,0.2345574793095125,0.015951288369523007,0.10556325584707375,-0.06957792447248963,-0.16613156228747308,-0.05663452843047797,-1.3087952630879518,0.22321652016674948,-0.41129149180048413,0.06960667668493582,0.16549742471105397,0.0680193010362409,-0.15158505692782498,-0.05988476489037481,0.5480854894984215,-0.06425746777889817,-0.0022556944481671127,-0.12054004989019435,0.23359720721511767,0.23691362733733007,0.1571768398814,-0.2896572120784641,-0.020959830886431195,0.31194355800712786,-0.1906920774691137,0.18696825230272907,-0.6618828212928974,0.3826940227711239,0.019668661464979566,0.28622464693456207,0.05007765180007796,-0.5828433442258402,0.4355609364738123,-0.8021029203517586,1.3298968141796004
