V1,V2,V3,V4,V5,V6,V7,V8,V9,V10,V11,V12,V13,V14,V15,V16,V17,V18,V19,V20,V21,V22,V23,V24,V25,V26,V27,V28,V29,V30,V31,V32,V33,V34,V35,V36,V37,V38,V39,V40,V41,V42,V43,V44
0.08499258496935386,-0.11744816142170235,0.16160047118896298,0.03563212592957451,0.05447089420176753,0.044227139446642055,0.08762824007047083,-0.08110893300765631,0.013853983622468325,0.154457215757442,0.004156932732108483,-0.07047836877397556,-0.12561753068939324,0.11133024410200679,-0.0350918714117904,0.01754027891596181,0.023587721900543143,0.15403477924239878,0.13388855549313156,-0.036637819142380686,0.0711659970634472,0.08720158353914009,0.07629069111533496,-0.11098861446275639,0.021040523105586465,0.07490928422571572,0.05254475424944399,0.03261553385006039,0.07419617646209849,0.018982475114344723,-0.14752463260690926,0.017877623004701537,0.040905561841952424,0.006907937131652617,-0.023673884496349898,0.11520613428274494,0.053094992915511716,0.07559571319744368,-0.07737275794978593,-0.010210594291327207,0.18382680244354843,-0.03153946510556637,-0.04761149853129574,-0.16368785304924585
-0.11744816142170235,1.9679926094724944,-1.2346868293360125,-0.9353991807811812,0.5893741492412903,0.1206189968530463,-0.6744260956351771,0.31443983988274216,-0.13803674667181562,-0.872486254104301,1.2848994123218467,-0.8019996905248049,0.5877818135064496,-0.6731994920231219,-0.22158921677849291,0.44999349536471006,0.821563718343435,-0.09207545813280267,-0.4856236596229467,-0.9547582981462408,-0.6194847884285853,-0.2693520232797226,-0.31736665334717,0.7623418503861883,0.4818462461037183,-0.7073912784535833,0.3060418955095394,-0.9347550135149216,-0.5728617533500706,-0.11605186016846708,2.26214921096857,0.07982056379108102,-0.7838445436798259,0.8139282578588969,-0.44229450560419414,-0.7650474472494225,0.5855162100374671,-1.6412106488868892,0.19412675132362497,0.4450571692964136,-1.2684335535119522,0.4822048653521666,0.6712214162878378,-0.8772265054701461
0.16160047118896298,-1.2346868293360125,1.160323932677566,0.6674291360580149,-0.5161994867871575,0.33826748094768505,0.646275622525874,-0.01339899533199085,0.049647051247357535,1.0176047306309632,-0.41225041048517896,-0.05326012813105973,-0.7747693836023569,0.5388893004116113,-0.045641754501895275,-0.6121412535644509,-0.2990720700027484,0.48057770155684265,0.3188963381578,0.08431295530647168,0.6223608773190988,0.5601485246250703,0.47797383174057484,-0.5511001469046629,-0.236330988285094,0.4186433038374272,-0.296795569297562,0.8439322296288674,0.6162922567538097,0.15163139668938422,-1.4531771778872964,0.03727357365079818,0.7053987805722621,-0.28614946660290996,-0.18311599880643134,0.6972357741144057,0.22547906762979897,1.3134968674344656,0.0714940857941952,-0.08340768079636578,1.050788590484236,-0.18060016822449668,-0.5451673820711977,0.12100682432080695
0.03563212592957451,-0.9353991807811812,0.6674291360580149,0.5687616852123077,-0.5099702028607762,-0.0935660971809272,0.5234588531708172,-0.16574293478243077,-0.11463592727806109,0.5599511131453282,-0.575537952652552,0.3190548401137092,-0.22133144262861046,0.2640070980529186,0.151477431137722,-0.3469348220907667,-0.2043902028916238,0.07868330068725374,0.04493366188956732,0.40167235354772673,0.32521566992729545,0.23518645042207847,0.4078025480912208,-0.3436925803911585,-0.2691166777723307,0.36161198569843,-0.21265407532794922,0.5299002890582538,0.4009820694949993,0.05389964071333408,-1.1076952082979625,0.14835102441640313,0.4379464137577265,-0.2397933214768067,0.11246062940591119,0.5288281932827832,0.014704440651466272,1.0108731657551837,0.11302871073517196,-0.09625460613216812,0.6131734304984803,-0.15113897508344334,-0.2901800490143437,0.4792730089499654
0.05447089420176753,0.5893741492412903,-0.5161994867871575,-0.5099702028607762,0.9194327218152519,0.04697983972371569,-0.4571108521074618,-0.1869828093800247,0.12256421805329909,-0.7029436564730766,0.23286367171611538,-0.09026540922773266,-0.16787793250910854,-0.1591171089132036,-0.2365250509220817,0.7854342527239246,-0.1571658078047436,0.06568533837717933,0.6710328356172948,0.06837094338488728,-0.4694657980074174,-0.29871767786861325,-0.47220997963947625,-0.18286390518137305,-0.023776000308034808,-0.5301891161586516,0.12036443478660713,-0.6505230153220144,-0.727576590285116,0.06440897910816352,0.7211823241849562,-0.9918893775557126,-0.8924678476095338,-0.34273949072896975,0.6499046612691599,-0.7892679990880014,-0.44142679670714385,-1.1072389605679933,-0.547718836944375,-0.19614353527608538,-0.5534726290783236,-0.19783063127495915,0.03336850231806917,-0.53751389293665
0.044227139446642055,0.1206189968530463,0.33826748094768505,-0.0935660971809272,0.04697983972371569,1.188394045540971,-0.23351472003557538,0.8457709514142799,0.40858561449974423,0.41532144514514857,0.6257656024409299,-0.9339677767969043,-0.7202589112050127,0.1709544162459708,-0.5264153086774973,-0.8697671089684506,-0.13241127151157106,0.45197545847866955,-0.06545134528507025,-1.0858754414903584,0.3254717280057463,0.4227144667764692,-0.30499353279123664,0.06635667244738379,0.21674830688030305,-0.029092128692125987,-0.3195307402399186,0.5618653148132534,0.2965990302195012,0.38813522352887636,0.31810569868953237,-0.3369068136491134,0.2529926316815334,-0.0471127782806057,-0.9160222106843402,-0.3979481989659463,0.42937118722028805,0.35151553838526206,0.228075106683152,0.20426949543450698,0.14280971172963475,0.15557776770687748,-0.3288476667281174,-0.6208150458065573
0.08762824007047083,-0.6744260956351771,0.646275622525874,0.5234588531708172,-0.4571108521074618,-0.23351472003557538,0.8144754615390571,-0.4626624310688872,-0.4599133169234144,0.5689281261778898,-0.3732590242202953,0.20572490188612988,-0.2267633516719946,0.15164668914137375,0.13849952186582953,-0.07510520880699594,0.125028129687099,0.27065482586765593,0.17899265564060185,0.37306654274722023,0.23244468144778285,0.3104864478196174,0.7947811943586397,-0.5282176999565271,-0.34276327089240893,0.18441617237486616,-0.1788992353066968,0.29606022286893213,0.32370487756220956,0.0666573677107453,-0.9259147181233909,0.10225379071414388,0.17883759444432976,-0.02561735498042454,0.27422770251556,0.6547194093663344,0.39690470081365714,0.9013929743491399,0.16605508896238547,-0.03327098193114601,0.48190642273275586,-0.14509957147541194,-0.21259699745125232,0.19930917488734703
-0.08110893300765631,0.31443983988274216,-0.01339899533199085,-0.16574293478243077,-0.1869828093800247,0.8457709514142799,-0.4626624310688872,0.9777647139929917,0.4556300405100207,0.19872720732186636,0.5838627951589661,-0.6708081420099152,-0.15580244640210814,0.00810631792756867,-0.25376169547194827,-0.8808105549360182,-0.047074315284620964,0.025648697214686177,-0.5636577705866171,-0.9703167781613856,0.27094826710882286,0.19834452832253965,-0.43848584617467795,0.5534464081875812,0.3744311747960034,0.02178877956724662,-0.17819990513414702,0.47485437786781104,0.3241522620596208,0.1434720400595636,0.5432329287641173,0.26242148995067205,0.502059960919085,0.23196321695622882,-1.1153248465380914,-0.28709492805967934,0.2865777059785402,0.12506462785525885,0.3748825264066255,0.2604293858662808,-0.05351281899146388,0.34550111235507114,-0.046042989029551326,-0.20158719507216344
0.013853983622468325,-0.13803674667181562,0.049647051247357535,-0.11463592727806109,0.12256421805329909,0.40858561449974423,-0.4599133169234144,0.4556300405100207,0.5847217857823249,0.08128433662972173,0.03895679851244657,-0.16620386774991622,-0.12370928195420501,0.2623061137004451,-0.1557471185319165,-0.38369684521911135,-0.32092921359988186,-0.044276031263813874,-0.08534357176918089,-0.33170822556426954,0.2008766664957149,-0.009284211570814589,-0.6057475537406678,0.2496641862764844,0.28795722984758076,0.3096397655133197,0.10392541738731348,0.24759002315889173,0.14778249691909887,0.018225365530152127,-0.02880584226570625,0.12696345695140335,0.35795907014263206,-0.13345435988286244,-0.48663655265968586,-0.1725725713980817,-0.3607730378230795,-0.037533365963431806,-0.139117929502426,-0.005566143017694672,0.2780469867422589,0.03608608104606864,-0.07300954638126088,-0.06601535579223218
0.154457215757442,-0.872486254104301,1.0176047306309632,0.5599511131453282,-0.7029436564730766,0.41532144514514857,0.5689281261778898,0.19872720732186636,0.08128433662972173,1.1780652090188757,-0.0679221050510846,-0.37621063239030494,-0.424188190917799,0.5289654993999435,-0.05624712381226539,-0.9484170830958797,0.12724426528410024,0.4685786034374095,-0.27704457861184584,-0.4451001760328412,0.7154757315134145,0.6350452408662469,0.4929428194853489,-0.12178921057563687,0.1191126048595374,0.7335890303111428,-0.06327893871895976,0.8578475656414478,0.9267430388752833,0.07196373359008176,-1.032264106380943,0.8341290419724264,1.0040568422190814,0.2546397897281814,-0.888971816358425,0.9171534158349693,0.6216821056088183,1.33196243369508,0.35122749714302187,0.2298680538124519,1.0923931374278548,0.11387832352851131,-0.2651674028527324,-0.07800191286633065
0.004156932732108483,1.2848994123218467,-0.41225041048517896,-0.575537952652552,0.23286367171611538,0.6257656024409299,-0.3732590242202953,0.5838627951589661,0.03895679851244657,-0.0679221050510846,1.3133473761066996,-1.1722754059782703,-0.07168086657178757,-0.2814906362625358,-0.35439488524730384,-0.15751191454692234,0.676635146456641,0.34865633636506654,-0.3601584489370487,-1.27262581118113,-0.09863504108333988,0.23171754993533383,-0.08179463747014329,0.5551186329350388,0.473666587016869,-0.4851473659176866,0.09991843213217973,-0.2682449326471032,-0.07551568071303864,-0.026565616982611732,1.4825756220858055,0.20865283875126797,-0.1411096700188639,0.7775682514963224,-0.9548776119505225,-0.3081953910156354,0.9241257058546929,-0.8366723955248219,0.3186703516343861,0.49788601887620587,-0.527135104500941,0.490242741160423,0.301761835051348,-1.0259288316744322
-0.07047836877397556,-0.8019996905248049,-0.05326012813105973,0.3190548401137092,-0.09026540922773266,-0.9339677767969043,0.20572490188612988,-0.6708081420099152,-0.16620386774991622,-0.37621063239030494,-1.1722754059782703,1.3583084639596517,0.42390966363194815,-0.0021762333242778247,0.4986335812015033,0.570464045289625,-0.5668198149406131,-0.5881801395255987,0.32238139867938176,1.4197488359942125,-0.1384320687182087,-0.48949223335707887,0.0354489389591452,-0.3808981442303419,-0.4505771946634858,0.14429137254519211,-0.017653080112894244,-0.11354434842864107,-0.2182486848056503,-0.08736072819802199,-0.9768901447795064,-0.21832728676584404,-0.11474565969313442,-0.6133698283151907,1.1601978837419724,0.14139328576405036,-1.0185502378149458,0.24720802998874122,-0.3443027506794024,-0.5551401677227586,0.04097543587321428,-0.4279987597606817,-0.0720149746330428,1.0884796432987276
-0.12561753068939324,0.5877818135064496,-0.7747693836023569,-0.22133144262861046,-0.16787793250910854,-0.7202589112050127,-0.2267633516719946,-0.15580244640210814,-0.12370928195420501,-0.424188190917799,-0.07168086657178757,0.42390966363194815,1.2538989734913322,-0.25918463324846414,0.36685525512293776,0.12276061646679905,0.5071261306217095,-0.6313754650880365,-0.9310706683773722,0.08976427330981777,-0.2423273532448478,-0.4490401822644797,-0.11018655083113998,0.6996889456174995,0.37593596563153914,0.46521153583823566,0.5262775082409528,-0.4436909439819888,0.10087154396271343,-0.28280818930260854,0.6490748871531313,1.2046894186998134,0.08254481244919962,0.6246824041704451,-0.26386591857963393,0.19178408995439664,-0.0988917969023719,-0.3727160408269873,0.20513554599485623,0.20681404965823286,-0.3526850447444429,0.2838416299440661,0.6765338269681467,0.38393366143816093
0.11133024410200679,-0.6731994920231219,0.5388893004116113,0.2640070980529186,-0.1591171089132036,0.1709544162459708,0.15164668914137375,0.00810631792756867,0.2623061137004451,0.5289654993999435,-0.2814906362625358,-0.0021762333242778247,-0.25918463324846414,0.4482394035619221,-0.061273870987573434,-0.381477389541878,-0.1896614793885537,0.1838074119338321,0.06955436879012898,-0.03659892221683068,0.37325700542267154,0.20905032275306606,-0.029947866772832687,-0.16071727711244688,0.07765968081282511,0.5825511639316002,0.09280358196434388,0.40298298580977543,0.40672772760916154,0.02943140762112489,-0.7667206391523139,0.303597724882837,0.49817122547152265,-0.12379957383528405,-0.27450637204032935,0.3966210284894016,-0.10578114826243087,0.6148776184679146,-0.09054780498181447,-0.020343872522600667,0.7454902105488892,-0.09746238046462889,-0.19360190901193103,0.007991876430079266
-0.0350918714117904,-0.22158921677849291,-0.045641754501895275,0.151477431137722,-0.2365250509220817,-0.5264153086774973,0.13849952186582953,-0.25376169547194827,-0.1557471185319165,-0.05624712381226539,-0.35439488524730384,0.4986335812015033,0.36685525512293776,-0.061273870987573434,0.3357856694662902,0.20421669938109385,0.004747011711884243,-0.27160671262357916,-0.12239260815139645,0.5060648178978842,-0.020378500117856656,-0.15162929718439924,0.19016644150539003,0.05722487910448914,-0.08795256684768656,0.05997409009497761,0.07397479343817988,-0.0551132045215321,0.030518727873471152,-0.18794215057625951,-0.316576786851919,0.3556826630732007,0.14797154103734192,0.06853827751808057,0.24402556210772788,0.32047140018904074,-0.18260174142961008,0.07276004366601878,0.009167771396179527,-0.10476176391286755,0.027320999404982754,-0.013614987380644051,0.12089870749589893,0.47251920807085734
0.01754027891596181,0.44999349536471006,-0.6121412535644509,-0.3469348220907667,0.7854342527239246,-0.8697671089684506,-0.07510520880699594,-0.8808105549360182,-0.38369684521911135,-0.9484170830958797,-0.15751191454692234,0.570464045289625,0.12276061646679905,-0.381477389541878,0.20421669938109385,1.5906473444363292,-0.058058670966768304,-0.1415201343283612,0.9488378524942783,1.0050741224891655,-0.7056619894215698,-0.48892999312077745,0.05446173624453826,-0.4112921671352137,-0.39003073326514,-0.8976143169728544,0.1472763590590642,-1.0408222945549226,-1.0558919290555482,-0.25513602524827744,0.35621878750770636,-1.015554126348424,-1.1429877234741836,-0.32699999248922523,1.5362772895476677,-0.4018010668484602,-0.5578702646628,-1.3647134889999641,-0.6637578493880663,-0.39703471984497357,-0.7292697184157146,-0.3402907727190819,0.1720591492784247,-0.07115003543401394
0.023587721900543143,0.821563718343435,-0.2990720700027484,-0.2043902028916238,-0.1571658078047436,-0.13241127151157106,0.125028129687099,-0.047074315284620964,-0.32092921359988186,0.12724426528410024,0.676635146456641,-0.5668198149406131,0.5071261306217095,-0.1896614793885537,0.004747011711884243,-0.058058670966768304,0.9498731719383153,0.14072788891377616,-0.6698292537115919,-0.6670786345924378,-0.08880851848777335,0.1426709368610321,0.3888348248005145,0.4674753639617165,0.3832171981239977,0.1448402352016651,0.37008242493419136,-0.31968263766591976,0.2202803913189112,-0.19081471816100065,0.8396494611540936,0.9844866907471657,0.03165543670421473,0.938089154090163,-0.6755601118060139,0.366567412984971,0.9029420759871915,-0.2793288052591708,0.3916974670496646,0.5221581245747792,-0.16850399624842802,0.4253598068334064,0.5014471887934461,-0.5219982427685134
0.15403477924239878,-0.09207545813280267,0.48057770155684265,0.07868330068725374,0.06568533837717933,0.45197545847866955,0.27065482586765593,0.025648697214686177,-0.044276031263813874,0.4685786034374095,0.34865633636506654,-0.5881801395255987,-0.6313754650880365,0.1838074119338321,-0.27160671262357916,-0.1415201343283612,0.14072788891377616,0.5832714118451177,0.33705904172908696,-0.4283155160480338,0.18659707440039805,0.42301827693753014,0.29147601403689577,-0.3120631295778575,-0.021991796217562636,-0.09419885646107364,-0.11048542618486723,0.18499436451350884,0.13766921078918823,0.1300797978792448,-0.14115117375052078,-0.24816845970942036,0.013056021529963146,0.043777502722249506,-0.20841701409506624,0.14365700015572144,0.518748670391865,0.22223811898946746,0.007503020995455805,0.11640506218861792,0.3184840746726302,-0.007855848981321002,-0.222306834036744,-0.6161720851559607
0.13388855549313156,-0.4856236596229467,0.3188963381578,0.04493366188956732,0.6710328356172948,-0.06545134528507025,0.17899265564060185,-0.5636577705866171,-0.08534357176918089,-0.27704457861184584,-0.3601584489370487,0.32238139867938176,-0.9310706683773722,0.06955436879012898,-0.12239260815139645,0.9488378524942783,-0.6698292537115919,0.33705904172908696,1.5119107547595467,0.8462758995462821,-0.21684246639621915,-0.03815228911206256,0.049197535075230024,-0.9946387125654238,-0.6343661978031864,-0.789001563435357,-0.3333826574721872,-0.24564991817353854,-0.7417004070001035,0.1344957042628981,-0.6347095388695497,-1.7367317803327191,-0.7910755867128565,-0.956411431224006,1.423474286243353,-0.42265900857338373,-0.5829660843208739,-0.4003871567743928,-0.7245694847933422,-0.5829744799140456,-0.05110256658557102,-0.5948523816063768,-0.5329160248113294,-0.14767797542833078
-0.036637819142380686,-0.9547582981462408,0.08431295530647168,0.40167235354772673,0.06837094338488728,-1.0858754414903584,0.37306654274722023,-0.9703167781613856,-0.33170822556426954,-0.4451001760328412,-1.27262581118113,1.4197488359942125,0.08976427330981777,-0.03659892221683068,0.5060648178978842,1.0050741224891655,-0.6670786345924378,-0.4283155160480338,0.8462758995462821,1.7938767953900068,-0.2832264757538018,-0.44587682614711066,0.22851916879592826,-0.7267625607268774,-0.7440539046785977,-0.23902546068272598,-0.14777739276777058,-0.26158615271232627,-0.5337783640102296,-0.1484351857854637,-1.2169293113512545,-0.8022137042969562,-0.45169932811065794,-0.8804092602886938,1.7614962405098455,0.10016166411440947,-1.063721873098246,0.05480060481372747,-0.5565263652497097,-0.6865431468449228,9.410827056002696e-4,-0.6058169006358616,-0.22437563718608408,1.04951551801915
0.0711659970634472,-0.6194847884285853,0.6223608773190988,0.32521566992729545,-0.4694657980074174,0.3254717280057463,0.23244468144778285,0.27094826710882286,0.2008766664957149,0.7154757315134145,-0.09863504108333988,-0.1384320687182087,-0.2423273532448478,0.37325700542267154,-0.020378500117856656,-0.7056619894215698,-0.08880851848777335,0.18659707440039805,-0.21684246639621915,-0.2832264757538018,0.5378679662814762,0.3401942576055125,0.13727856177907166,-0.010125629824039915,0.1247044747957522,0.5177864762181025,-0.05601338448552844,0.6369935504707509,0.6279736303054637,0.06613928228693246,-0.7034052269738679,0.5646154321942567,0.7878220096669247,0.10350360267658519,-0.6668204503372581,0.536663651418365,0.20809798692352327,0.8757866563923802,0.21233519360485967,0.07304594450576929,0.7176418714708063,0.0646368395538262,-0.192973020161518,0.0726593319743125
0.08720158353914009,-0.2693520232797226,0.5601485246250703,0.23518645042207847,-0.29871767786861325,0.4227144667764692,0.3104864478196174,0.19834452832253965,-0.009284211570814589,0.6350452408662469,0.23171754993533383,-0.48949223335707887,-0.4490401822644797,0.20905032275306606,-0.15162929718439924,-0.48892999312077745,0.1426709368610321,0.42301827693753014,-0.03815228911206256,-0.44587682614711066,0.3401942576055125,0.4552021562528907,0.32621826560474204,-0.1127216209754132,0.029963890514029073,0.12922652215863117,-0.1499210556478416,0.43714379848672663,0.3964301761085925,0.08492675183447394,-0.33048775651971957,0.184556413629401,0.38443331590238505,0.15706604528368145,-0.5035768387562958,0.35492734909938717,0.5665128649470963,0.5765560840125578,0.23230277338791885,0.18905279732074146,0.4518272447112137,0.09762049142683563,-0.19183549391276508,-0.28578122935479333
0.07629069111533496,-0.31736665334717,0.47797383174057484,0.4078025480912208,-0.47220997963947625,-0.30499353279123664,0.7947811943586397,-0.43848584617467795,-0.6057475537406678,0.4929428194853489,-0.08179463747014329,0.0354489389591452,-0.11018655083113998,-0.029947866772832687,0.19016644150539003,0.05446173624453826,0.3888348248005145,0.29147601403689577,0.049197535075230024,0.22851916879592826,0.13727856177907166,0.32621826560474204,0.9453423307763117,-0.3562088512738429,-0.2825035573513155,-0.07323496698209468,-0.15033004208564812,0.13334802051900804,0.25495793527210864,-0.03488694342451855,-0.5413277911484422,0.2442499206825167,0.11620130559957664,0.26665776148978854,0.16574605782608087,0.6905873054300536,0.6752564109542724,0.621120616325137,0.2774904608221681,0.07613353379327266,0.24433970494816243,0.006589056843838562,-0.060398756654231264,0.04623396361402258
-0.11098861446275639,0.7623418503861883,-0.5511001469046629,-0.3436925803911585,-0.18286390518137305,0.06635667244738379,-0.5282176999565271,0.5534464081875812,0.2496641862764844,-0.12178921057563687,0.5551186329350388,-0.3808981442303419,0.6996889456174995,-0.16071727711244688,0.05722487910448914,-0.4112921671352137,0.4674753639617165,-0.3120631295778575,-0.9946387125654238,-0.7267625607268774,-0.010125629824039915,-0.1127216209754132,-0.3562088512738429,0.9670267641517195,0.59960810235602,0.25062178902104826,0.3594891721560575,-0.10133252671782142,0.23735935985332263,-0.24836584965508543,0.9532310691758651,1.122589480267261,0.41848461541135507,0.7636343027343981,-1.0445894525991788,0.0286631727252062,0.2722016037844768,-0.434239237626619,0.35276289778221454,0.41713392915242326,-0.24691136988636814,0.5101830510627812,0.5003007155615737,-0.0875343560760433
0.021040523105586465,0.4818462461037183,-0.236330988285094,-0.2691166777723307,-0.023776000308034808,0.21674830688030305,-0.34276327089240893,0.3744311747960034,0.28795722984758076,0.1191126048595374,0.473666587016869,-0.4505771946634858,0.37593596563153914,0.07765968081282511,-0.08795256684768656,-0.39003073326514,0.3832171981239977,-0.021991796217562636,-0.6343661978031864,-0.7440539046785977,0.1247044747957522,0.029963890514029073,-0.2825035573513155,0.59960810235602,0.5608302245607186,0.42807002100253383,0.38546774965985725,-0.01678967263299265,0.323806315826203,-0.10752929943327334,0.602725261026227,0.9172765733453637,0.38581348056747916,0.5889038467735287,-0.9486016919230805,0.1225773710457465,0.2620004165758491,-0.20697301560883857,0.17449555807203743,0.3378818843423548,0.094375891939863,0.34407627519529754,0.336746215792849,-0.36567816856953145
0.07490928422571572,-0.7073912784535833,0.4186433038374272,0.36161198569843,-0.5301891161586516,-0.029092128692125987,0.18441617237486616,0.02178877956724662,0.3096397655133197,0.7335890303111428,-0.4851473659176866,0.14429137254519211,0.46521153583823566,0.5825511639316002,0.05997409009497761,-0.8976143169728544,0.1448402352016651,-0.09419885646107364,-0.789001563435357,-0.23902546068272598,0.5177864762181025,0.12922652215863117,-0.07323496698209468,0.25062178902104826,0.42807002100253383,1.511889857452843,0.46514399670135864,0.5234649784618621,0.947539326031705,-0.014326662370154205,-0.7806550116055204,1.4788817395379097,0.9561221680001051,0.2873765924760326,-0.8909326206094587,0.7903802358074509,-0.032170872623270126,1.118558993074843,0.19491064352051413,0.24387413481807618,1.0425669291221296,0.09402272337442247,0.1317235711042441,0.26332042308859704
0.05254475424944399,0.3060418955095394,-0.296795569297562,-0.21265407532794922,0.12036443478660713,-0.3195307402399186,-0.1788992353066968,-0.17819990513414702,0.10392541738731348,-0.06327893871895976,0.09991843213217973,-0.017653080112894244,0.5262775082409528,0.09280358196434388,0.07397479343817988,0.1472763590590642,0.37008242493419136,-0.11048542618486723,-0.3333826574721872,-0.14777739276777058,-0.05601338448552844,-0.1499210556478416,-0.15033004208564812,0.3594891721560575,0.38546774965985725,0.46514399670135864,0.5619118082986188,-0.3406179660333187,0.10130568166186343,-0.25267821001578156,0.3069550689802498,0.8218770557150425,0.12257032512930727,0.45097050345951994,-0.30826894385367487,0.2706519745694537,-0.027032645176622315,-0.37928915807492286,-0.09767185964459534,0.17935378869602867,0.13404207903849896,0.14529310656971442,0.3954783685681268,-0.20682705760663714
0.03261553385006039,-0.9347550135149216,0.8439322296288674,0.5299002890582538,-0.6505230153220144,0.5618653148132534,0.29606022286893213,0.47485437786781104,0.24759002315889173,0.8578475656414478,-0.2682449326471032,-0.11354434842864107,-0.4436909439819888,0.40298298580977543,-0.0551132045215321,-1.0408222945549226,-0.31968263766591976,0.18499436451350884,-0.24564991817353854,-0.26158615271232627,0.6369935504707509,0.43714379848672663,0.13334802051900804,-0.10133252671782142,-0.01678967263299265,0.5234649784618621,-0.3406179660333187,0.9845758864354669,0.7458614737065024,0.2275874747924647,-0.9847345582337761,0.3294625651298661,0.8895832576356567,-0.15756761642741876,-0.6832924491966966,0.4267094131131717,0.1754148167211983,1.3212140621250603,0.3278597518668586,0.029330060128139317,0.7860104852220555,0.021189138370751925,-0.4122295402653654,0.310657870662844
0.07419617646209849,-0.5728617533500706,0.6162922567538097,0.4009820694949993,-0.727576590285116,0.2965990302195012,0.32370487756220956,0.3241522620596208,0.14778249691909887,0.9267430388752833,-0.07551568071303864,-0.2182486848056503,0.10087154396271343,0.40672772760916154,0.030518727873471152,-1.0558919290555482,0.2202803913189112,0.13766921078918823,-0.7417004070001035,-0.5337783640102296,0.6279736303054637,0.3964301761085925,0.25495793527210864,0.23735935985332263,0.323806315826203,0.947539326031705,0.10130568166186343,0.7458614737065024,0.9862899106793159,0.061594877363077186,-0.62809822625798,1.2484129041435208,1.0533275660590005,0.4425963313343436,-1.1216181423670282,0.7960179223330929,0.4744682609623291,1.2111826150387948,0.46145165483456346,0.2899910664841639,0.8581826729452995,0.24183501048006822,-0.020113443682117243,0.0989748687679956
0.018982475114344723,-0.11605186016846708,0.15163139668938422,0.05389964071333408,0.06440897910816352,0.38813522352887636,0.0666573677107453,0.1434720400595636,0.018225365530152127,0.07196373359008176,-0.026565616982611732,-0.08736072819802199,-0.28280818930260854,0.02943140762112489,-0.18794215057625951,-0.25513602524827744,-0.19081471816100065,0.1300797978792448,0.1344957042628981,-0.1484351857854637,0.06613928228693246,0.08492675183447394,-0.03488694342451855,-0.24836584965508543,-0.10752929943327334,-0.014326662370154205,-0.25267821001578156,0.2275874747924647,0.061594877363077186,0.3317073656458944,-0.054348949377643486,-0.45885807512860244,-0.11962894817234707,-0.27912979640253854,0.011986227942728451,-0.2845802783951376,0.011777678798615441,0.35762956576883564,0.04459893707923179,-0.0752920839069686,-0.026102693789062062,-0.10140838848522438,-0.23307655019732487,-0.07672123898297822
-0.14752463260690926,2.26214921096857,-1.4531771778872964,-1.1076952082979625,0.7211823241849562,0.31810569868953237,-0.9259147181233909,0.5432329287641173,-0.02880584226570625,-1.032264106380943,1.4825756220858055,-0.9768901447795064,0.6490748871531313,-0.7667206391523139,-0.316576786851919,0.35621878750770636,0.8396494611540936,-0.14115117375052078,-0.6347095388695497,-1.2169293113512545,-0.7034052269738679,-0.33048775651971957,-0.5413277911484422,0.9532310691758651,0.602725261026227,-0.7806550116055204,0.3069550689802498,-0.9847345582337761,-0.62809822625798,-0.054348949377643486,2.688180867639984,0.02257492580005171,-0.8725314105330247,0.8560876173992096,-0.6319622386065709,-1.0489550073026277,0.5799774693443838,-1.8384219121967151,0.22862953587785823,0.5054708539824774,-1.4935830885052654,0.570309433071355,0.7282857422175446,-1.010019659753052
0.017877623004701537,0.07982056379108102,0.03727357365079818,0.14835102441640313,-0.9918893775557126,-0.3369068136491134,0.10225379071414388,0.26242148995067205,0.12696345695140335,0.8341290419724264,0.20865283875126797,-0.21832728676584404,1.2046894186998134,0.303597724882837,0.3556826630732007,-1.015554126348424,0.9844866907471657,-0.24816845970942036,-1.7367317803327191,-0.8022137042969562,0.5646154321942567,0.184556413629401,0.2442499206825167,1.122589480267261,0.9172765733453637,1.4788817395379097,0.8218770557150425,0.3294625651298661,1.2484129041435208,-0.45885807512860244,0.02257492580005171,2.9270430775172085,1.484716677988094,1.4565818010853624,-1.857344753570151,1.386251242549572,0.7360627709685709,0.7060036270980691,0.7035220598710439,0.7057053338115604,0.8295180800939718,0.6975468237075021,0.7382185444563922,0.12717183833475484
0.040905561841952424,-0.7838445436798259,0.7053987805722621,0.4379464137577265,-0.8924678476095338,0.2529926316815334,0.17883759444432976,0.502059960919085,0.35795907014263206,1.0040568422190814,-0.1411096700188639,-0.11474565969313442,0.08254481244919962,0.49817122547152265,0.14797154103734192,-1.1429877234741836,0.03165543670421473,0.013056021529963146,-0.7910755867128565,-0.45169932811065794,0.7878220096669247,0.38443331590238505,0.11620130559957664,0.41848461541135507,0.38581348056747916,0.9561221680001051,0.12257032512930727,0.8895832576356567,1.0533275660590005,-0.11962894817234707,-0.8725314105330247,1.484716677988094,1.449696550539139,0.4756640331775758,-1.2994881373916183,0.9854482031088294,0.2883846840451009,1.1946076817349067,0.43974731217575863,0.23105991858743138,1.0385659981229478,0.28441220423745095,-0.04346636636698068,0.32048952343928044
0.006907937131652617,0.8139282578588969,-0.28614946660290996,-0.2397933214768067,-0.34273949072896975,-0.0471127782806057,-0.02561735498042454,0.23196321695622882,-0.13345435988286244,0.2546397897281814,0.7775682514963224,-0.6133698283151907,0.6246824041704451,-0.12379957383528405,0.06853827751808057,-0.32699999248922523,0.938089154090163,0.043777502722249506,-0.956411431224006,-0.8804092602886938,0.10350360267658519,0.15706604528368145,0.26665776148978854,0.7636343027343981,0.5889038467735287,0.2873765924760326,0.45097050345951994,-0.15756761642741876,0.4425963313343436,-0.27912979640253854,0.8560876173992096,1.4565818010853624,0.4756640331775758,1.1762250766340818,-1.161637860273652,0.550551253117661,0.908657537442904,-0.2070566998050558,0.506096311426091,0.5699352522061647,-0.034101951228260236,0.5745278387113919,0.5659948537452335,-0.4595641071747992
-0.023673884496349898,-0.44229450560419414,-0.18311599880643134,0.11246062940591119,0.6499046612691599,-0.9160222106843402,0.27422770251556,-1.1153248465380914,-0.48663655265968586,-0.888971816358425,-0.9548776119505225,1.1601978837419724,-0.26386591857963393,-0.27450637204032935,0.24402556210772788,1.5362772895476677,-0.6755601118060139,-0.20841701409506624,1.423474286243353,1.7614962405098455,-0.6668204503372581,-0.5035768387562958,0.16574605782608087,-1.0445894525991788,-0.9486016919230805,-0.8909326206094587,-0.30826894385367487,-0.6832924491966966,-1.1216181423670282,0.011986227942728451,-0.6319622386065709,-1.857344753570151,-1.2994881373916183,-1.161637860273652,2.3494820541923374,-0.5481567456055533,-1.027985627437588,-0.6103508518068318,-0.7865953959672192,-0.7619257260715273,-0.5524692292595595,-0.7533892790644433,-0.3108422650458783,0.574894424898894
0.11520613428274494,-0.7650474472494225,0.6972357741144057,0.5288281932827832,-0.7892679990880014,-0.3979481989659463,0.6547194093663344,-0.28709492805967934,-0.1725725713980817,0.9171534158349693,-0.3081953910156354,0.14139328576405036,0.19178408995439664,0.3966210284894016,0.32047140018904074,-0.4018010668484602,0.366567412984971,0.14365700015572144,-0.42265900857338373,0.10016166411440947,0.536663651418365,0.35492734909938717,0.6905873054300536,0.0286631727252062,0.1225773710457465,0.7903802358074509,0.2706519745694537,0.4267094131131717,0.7960179223330929,-0.2845802783951376,-1.0489550073026277,1.386251242549572,0.9854482031088294,0.550551253117661,-0.5481567456055533,1.3115713811789496,0.4578744189908439,0.9815409383611922,0.27726083720018324,0.18582877441678794,0.9917074806321452,0.12877491509472958,0.08833245105352627,0.23891841986552947
0.053094992915511716,0.5855162100374671,0.22547906762979897,0.014704440651466272,-0.44142679670714385,0.42937118722028805,0.39690470081365714,0.2865777059785402,-0.3607730378230795,0.6216821056088183,0.9241257058546929,-1.0185502378149458,-0.0988917969023719,-0.10578114826243087,-0.18260174142961008,-0.5578702646628,0.9029420759871915,0.518748670391865,-0.5829660843208739,-1.063721873098246,0.20809798692352327,0.5665128649470963,0.6752564109542724,0.2722016037844768,0.2620004165758491,-0.032170872623270126,-0.027032645176622315,0.1754148167211983,0.4744682609623291,0.011777678798615441,0.5799774693443838,0.7360627709685709,0.2883846840451009,0.908657537442904,-1.027985627437588,0.4578744189908439,1.4129834518949744,0.2947332414989656,0.664860760345288,0.6070055276375337,0.044363637379933533,0.4740750284858639,0.17171266891026743,-0.6992172495512724
0.07559571319744368,-1.6412106488868892,1.3134968674344656,1.0108731657551837,-1.1072389605679933,0.35151553838526206,0.9013929743491399,0.12506462785525885,-0.037533365963431806,1.33196243369508,-0.8366723955248219,0.24720802998874122,-0.3727160408269873,0.6148776184679146,0.07276004366601878,-1.3647134889999641,-0.2793288052591708,0.22223811898946746,-0.4003871567743928,0.05480060481372747,0.8757866563923802,0.5765560840125578,0.621120616325137,-0.434239237626619,-0.20697301560883857,1.118558993074843,-0.37928915807492286,1.3212140621250603,1.2111826150387948,0.35762956576883564,-1.8384219121967151,0.7060036270980691,1.1946076817349067,-0.2070566998050558,-0.6103508518068318,0.9815409383611922,0.2947332414989656,2.3951015325238085,0.5089968910798387,0.00477072577274388,1.3010847726116663,-0.11409012821246424,-0.5444232266235131,0.6683801214904441
-0.07737275794978593,0.19412675132362497,0.0714940857941952,0.11302871073517196,-0.547718836944375,0.228075106683152,0.16605508896238547,0.3748825264066255,-0.139117929502426,0.35122749714302187,0.3186703516343861,-0.3443027506794024,0.20513554599485623,-0.09054780498181447,0.009167771396179527,-0.6637578493880663,0.3916974670496646,0.007503020995455805,-0.7245694847933422,-0.5565263652497097,0.21233519360485967,0.23230277338791885,0.2774904608221681,0.35276289778221454,0.17449555807203743,0.19491064352051413,-0.09767185964459534,0.3278597518668586,0.46145165483456346,0.04459893707923179,0.22862953587785823,0.7035220598710439,0.43974731217575863,0.506096311426091,-0.7865953959672192,0.27726083720018324,0.664860760345288,0.5089968910798387,0.582632242017213,0.34086483782477445,0.013607439562245114,0.32826375819547365,0.11851235315407993,0.040948768126545125
-0.010210594291327207,0.4450571692964136,-0.08340768079636578,-0.09625460613216812,-0.19614353527608538,0.20426949543450698,-0.03327098193114601,0.2604293858662808,-0.005566143017694672,0.2298680538124519,0.49788601887620587,-0.5551401677227586,0.20681404965823286,-0.020343872522600667,-0.10476176391286755,-0.39703471984497357,0.5221581245747792,0.11640506218861792,-0.5829744799140456,-0.6865431468449228,0.07304594450576929,0.18905279732074146,0.07613353379327266,0.41713392915242326,0.3378818843423548,0.24387413481807618,0.17935378869602867,0.029330060128139317,0.2899910664841639,-0.0752920839069686,0.5054708539824774,0.7057053338115604,0.23105991858743138,0.5699352522061647,-0.7619257260715273,0.18582877441678794,0.6070055276375337,0.00477072577274388,0.34086483782477445,0.4210394590523643,0.03293853760185287,0.33089960317431577,0.24861500192820818,-0.33710791156127956
0.18382680244354843,-1.2684335535119522,1.050788590484236,0.6131734304984803,-0.5534726290783236,0.14280971172963475,0.48190642273275586,-0.05351281899146388,0.2780469867422589,1.0923931374278548,-0.527135104500941,0.04097543587321428,-0.3526850447444429,0.7454902105488892,0.027320999404982754,-0.7292697184157146,-0.16850399624842802,0.3184840746726302,-0.05110256658557102,9.410827056002696e-4,0.7176418714708063,0.4518272447112137,0.24433970494816243,-0.24691136988636814,0.094375891939863,1.0425669291221296,0.13404207903849896,0.7860104852220555,0.8581826729452995,-0.026102693789062062,-1.4935830885052654,0.8295180800939718,1.0385659981229478,-0.034101951228260236,-0.5524692292595595,0.9917074806321452,0.044363637379933533,1.3010847726116663,0.013607439562245114,0.03293853760185287,1.3776946597416897,-0.09642375603831782,-0.28994800013300265,0.14839477658358674
-0.03153946510556637,0.4822048653521666,-0.18060016822449668,-0.15113897508344334,-0.19783063127495915,0.15557776770687748,-0.14509957147541194,0.34550111235507114,0.03608608104606864,0.11387832352851131,0.490242741160423,-0.4279987597606817,0.2838416299440661,-0.09746238046462889,-0.013614987380644051,-0.3402907727190819,0.4253598068334064,-0.007855848981321002,-0.5948523816063768,-0.6058169006358616,0.0646368395538262,0.09762049142683563,0.006589056843838562,0.5101830510627812,0.34407627519529754,0.09402272337442247,0.14529310656971442,0.021189138370751925,0.24183501048006822,-0.10140838848522438,0.570309433071355,0.6975468237075021,0.28441220423745095,0.5745278387113919,-0.7533892790644433,0.12877491509472958,0.4740750284858639,-0.11409012821246424,0.32826375819547365,0.33089960317431577,-0.09642375603831782,0.35698028304758933,0.2620677890556955,-0.21480012817968774
-0.04761149853129574,0.6712214162878378,-0.5451673820711977,-0.2901800490143437,0.03336850231806917,-0.3288476667281174,-0.21259699745125232,-0.046042989029551326,-0.07300954638126088,-0.2651674028527324,0.301761835051348,-0.0720149746330428,0.6765338269681467,-0.19360190901193103,0.12089870749589893,0.1720591492784247,0.5014471887934461,-0.222306834036744,-0.5329160248113294,-0.22437563718608408,-0.192973020161518,-0.19183549391276508,-0.060398756654231264,0.5003007155615737,0.336746215792849,0.1317235711042441,0.3954783685681268,-0.4122295402653654,-0.020113443682117243,-0.23307655019732487,0.7282857422175446,0.7382185444563922,-0.04346636636698068,0.5659948537452335,-0.3108422650458783,0.08833245105352627,0.17171266891026743,-0.5444232266235131,0.11851235315407993,0.24861500192820818,-0.28994800013300265,0.2620677890556955,0.4965454256424025,-0.12738198120409583
-0.16368785304924585,-0.8772265054701461,0.12100682432080695,0.4792730089499654,-0.53751389293665,-0.6208150458065573,0.19930917488734703,-0.20158719507216344,-0.06601535579223218,-0.07800191286633065,-1.0259288316744322,1.0884796432987276,0.38393366143816093,0.007991876430079266,0.47251920807085734,-0.07115003543401394,-0.5219982427685134,-0.6161720851559607,-0.14767797542833078,1.04951551801915,0.0726593319743125,-0.28578122935479333,0.04623396361402258,-0.0875343560760433,-0.36567816856953145,0.26332042308859704,-0.20682705760663714,0.310657870662844,0.0989748687679956,-0.07672123898297822,-1.010019659753052,0.12717183833475484,0.32048952343928044,-0.4595641071747992,0.574894424898894,0.23891841986552947,-0.6992172495512724,0.6683801214904441,0.040948768126545125,-0.33710791156127956,0.14839477658358674,-0.21480012817968774,-0.12738198120409583,1.2838793691009718
