V1,V2,V3,V4,V5,V6,V7,V8,V9,V10,V11,V12,V13,V14,V15,V16,V17,V18,V19,V20,V21,V22,V23,V24,V25,V26,V27,V28,V29,V30,V31,V32,V33,V34,V35,V36,V37,V38,V39,V40,V41,V42,V43,V44
0.12028177348515609,0.07672302376716023,0.06144435066516516,0.22639787046693302,0.1477646039934097,0.008182521395708332,0.027491616438023576,0.03659572149792086,-0.06967946698004022,-0.11416151907341421,0.03881309865057417,0.10944216581055798,0.26030956978352904,-0.05247874200009043,0.23564001957441677,0.051084001618083665,-0.059925975499295264,-0.05210652893882837,0.07402958553203615,0.1014157453296845,0.07435885420019192,0.20224275442244738,0.07235572794511105,0.05898106014363828,0.025907987623368024,-0.18650112267856475,-0.0022771691607111192,0.2671174226943146,0.09535582144363786,0.07596760309495271,0.09617878655568614,0.12742177288603332,0.0019350440467876698,-0.17476238773110084,-0.2256987747500426,-0.008246248117485718,0.0437571768456495,-0.018333784015582655,-0.12049125514270359,-0.15097243753082,-0.005901222989063118,0.22451216304970173,0.06823323971436183,-0.054034795438976026
0.07672302376716023,34.522434925929716,22.310206263284716,8.732368934209363,20.116270144222664,-7.308984294090878,32.459121678889815,-2.1559940876972132,-34.93210506873873,-19.183681511420296,9.932304463550096,25.618612856923097,26.3066151942516,-6.811647827002343,7.306767092832906,14.030850785774366,-5.423812161136132,-8.552444249316686,23.879389698620408,10.370253785800553,12.477419111515948,28.320245259049067,-4.167030891464424,9.144950982963223,-12.85390300831054,-3.8702470740307917,6.07356929126986,-4.352813791911207,-10.386906478772204,3.074067996203405,15.796787312307496,3.272273378223501,3.503260996445595,-24.393667607593642,-21.93597906580402,19.419628466039157,-3.654417487792566,13.504989683931852,3.229062711146483,-22.349886555150658,-15.439869256679513,21.921629552844234,4.09730963584409,-6.080447207384542
0.06144435066516516,22.310206263284716,16.166663904665455,4.000887480376033,13.645059666737678,-4.992644001268766,21.69856786925239,-0.8838570800431533,-22.663190533260536,-10.664242817510369,6.224475026344647,16.305177267642033,16.147907312778802,-4.51648815448095,3.571959717623123,9.893886783500307,-2.5777865271020755,-4.393232520523484,15.555287521458103,6.140573244247925,7.30473886782852,18.3727499376049,-3.8214742919226987,7.122986374199084,-8.386025257089027,-1.2413909962573624,3.810065550917495,-5.135475714445119,-7.615737329509593,1.5481658469148851,10.011999830948504,1.3379658389301454,1.9549655524454905,-15.980648797866646,-12.852211651111256,13.059545875850883,-3.859672531677353,8.911001260309398,2.9104068002077983,-13.96222236368906,-11.02739450423061,13.848555083701656,2.5984702114251323,-3.996885607974686
0.22639787046693302,8.732368934209363,4.000887480376033,4.173861210463906,4.645819606507518,-1.542073448501331,7.443382525271352,-0.9493631167677475,-8.743040094992772,-6.644478822669511,2.732283683550847,6.817544801789766,7.850486051988094,-1.6936370448104998,3.3567810877727426,2.7815379026182177,-2.351334701774109,-3.3211301749611644,5.956379082912274,3.3045586339474617,3.985475047281671,7.351361321467362,0.18604203752508366,1.2267482151397513,-3.0743569800820936,-2.5074294061209184,1.6141153543196043,1.6466746307949958,-1.5304177166096606,1.3217152031141914,4.290481376639468,1.8063567970573486,1.1869369584141172,-6.190803126179122,-7.159646871159511,4.337308340334597,0.6124205788063368,3.1634104338909133,-0.20479202779463299,-6.304558396223415,-2.8409443753926382,6.172899729793208,1.1957649245926767,-1.5479611957258494
0.1477646039934097,20.116270144222664,13.645059666737678,4.645819606507518,12.053356123241482,-4.341647590485113,19.142722819273835,-1.0445353435796563,-20.37833445708175,-10.598440814995959,5.726334260588566,14.881105083428798,15.172753020696746,-4.025025009142075,4.009903569493594,8.50234540095363,-2.857222874209536,-4.584159130441679,13.980918713411942,5.899535986374178,7.018347114936678,16.647113964239445,-2.784690679393644,5.800139405018475,-7.477147550162788,-1.936352425409102,3.489626008830904,-3.1750352098950407,-6.299006698480744,1.6901626752461383,9.184112903707248,1.711954012040921,1.9150775090473993,-14.384470769159412,-12.430326379339936,11.461934104535054,-2.6407043987355254,7.896360555267669,2.0816036578305077,-12.926148246849346,-9.3609555396266,12.802479390931271,2.4125235669906457,-3.5990474247944033
0.008182521395708332,-7.308984294090878,-4.992644001268766,-1.542073448501331,-4.341647590485113,1.5969963751443494,-6.996325750077942,0.39007959315363727,7.410875079057966,3.7730752464350314,-2.0670244625245724,-5.37483304031343,-5.3885221095160585,1.444198407725307,-1.3161535610736963,-3.0985396590518755,0.9915533632604185,1.6212622155797918,-5.072266194575096,-2.0902365583428386,-2.5082858304879787,-5.979409460817423,1.080911388216075,-2.1150056284049903,2.7475228127710416,0.5816550200695897,-1.2741890730744454,1.3518859400388552,2.371465452567737,-0.568461792130863,-3.3008439119889594,-0.5415841395296465,-0.6915640861810513,5.168714380255664,4.394166047480505,-4.20367985369229,1.0215554778943692,-2.8989663153333463,-0.8424804910738265,4.632863196487004,3.4401731322964775,-4.553809081252986,-0.8443270893601319,1.2881456498870199
0.027491616438023576,32.459121678889815,21.69856786925239,7.443382525271352,19.142722819273835,-6.996325750077942,30.845414474794143,-1.8395470140044763,-32.887560746801356,-17.286233044294164,9.248845022356981,23.968634794067572,24.296443791503194,-6.421841368122994,6.300886320437853,13.526254811169547,-4.695120738417782,-7.552081312528328,22.497517461607387,9.485725191231856,11.397951429305202,26.610390183866567,-4.423840289143253,9.08100517636596,-12.144916929610348,-3.036978439398378,5.675591575647333,-5.172902819771621,-10.192306880800482,2.683254235751234,14.743733283702461,2.7076809217111943,3.1706456060453174,-22.971387660234893,-20.006905855290967,18.500429426936353,-4.078652678999613,12.804529635960378,3.435333980194395,-20.772714939481258,-14.959741868624926,20.412412926558357,3.8032281835222177,-5.725655658513741
0.03659572149792086,-2.1559940876972132,-0.8838570800431533,-0.9493631167677475,-1.0445353435796563,0.39007959315363727,-1.8395470140044763,0.30331022070299013,2.1601621343064634,1.6724130038370333,-0.6676612532238481,-1.6614715428488753,-1.82099674335318,0.3630489252566297,-0.7149944063416397,-0.6337975311616654,0.590221266854388,0.8426562029002006,-1.4527850313409034,-0.784186137009722,-0.9787993427237981,-1.7141450217559404,-0.03261365868503266,-0.2035626014546044,0.8011237061039859,0.5432165474296925,-0.4243171068861977,-0.303073906305124,0.4324989321627963,-0.30027179738335713,-1.022903847271836,-0.3891604355719789,-0.30864739884409925,1.4167261961733535,1.694611239241272,-1.089340343043171,-0.1860233940103651,-0.8133165452290106,-0.009356785767726028,1.501325474289261,0.6683973965708652,-1.4099463851330176,-0.24614767201647486,0.3449378940955165
-0.06967946698004022,-34.93210506873873,-22.663190533260536,-8.743040094992772,-20.37833445708175,7.410875079057966,-32.887560746801356,2.1601621343064634,35.354204199602336,19.320254748046782,-10.039286673548025,-25.909701538864777,-26.564766433638553,6.892780321455851,-7.32211012455422,-14.234337364949278,5.4396178419208905,8.596043612216464,-24.167721734440224,-10.460913093664416,-12.588697093596444,-28.65444727613919,4.277210903189163,-9.309775105485903,13.015543281128814,3.839051368916901,-6.1426825911193035,4.535986574257327,10.560739143005808,-3.084847068602159,-15.968725732033803,-3.2682766179507556,-3.533797594711777,24.685515212631216,22.124141636890975,-19.683154547608474,3.7741027373158462,-13.6835790114204,-3.3189951001481033,22.585371861287168,15.673867518975376,-22.156225397196657,-4.1386725740752555,6.152305722090625
-0.11416151907341421,-19.183681511420296,-10.664242817510369,-6.644478822669511,-10.598440814995959,3.7730752464350314,-17.286233044294164,1.6724130038370333,19.320254748046782,12.442963827676794,-5.72739476978999,-14.522757376317498,-15.617250535680663,3.7070805879906126,-5.365853234715231,-6.979594044987547,3.9753623972632566,5.915262690325501,-13.158465025652772,-6.379150138153928,-7.733387833525035,-15.761878820495523,1.1249440983870784,-3.900174967289229,7.024416564533679,3.5337531300179212,-3.475620669838546,-0.10365629380420929,4.778265088599149,-2.1925143069432766,-9.015638629793537,-2.684744053635057,-2.258075302111161,13.428590237958403,13.644602040189499,-10.247009375617,0.49495637502181516,-7.290078450052163,-0.8818161985275034,12.973743211065365,7.509160080646501,-12.621846440065076,-2.3707081757794284,3.3408230770990888
0.03881309865057417,9.932304463550096,6.224475026344647,2.732283683550847,5.726334260588566,-2.0670244625245724,9.248845022356981,-0.6676612532238481,-10.039286673548025,-5.72739476978999,2.883833891073448,7.405395523026673,7.698323689652792,-1.9603442269368374,2.267453557491731,3.944566703955215,-1.6730247276158101,-2.5979029816780264,6.857883743163993,3.059737559432992,3.6864793328932475,8.157542123381571,-1.0552351988953423,2.502018270653817,-3.679674371611132,-1.2848359979169959,1.7551940873231957,-0.9435243486453272,-2.864101943586071,0.9428236148869394,4.576423723866607,1.0492754144589194,1.0436701553356087,-7.015160327770588,-6.490070285921475,5.5194358312649445,-0.873256183932697,3.8556950994433663,0.8149580947321534,-6.500932051396252,-4.3192714129602425,6.367998473057007,1.1957634262583159,-1.748840922225232
0.10944216581055798,25.618612856923097,16.305177267642033,6.817544801789766,14.881105083428798,-5.37483304031343,23.968634794067572,-1.6614715428488753,-25.909701538864777,-14.522757376317498,7.405395523026673,19.07855869835903,19.739807331242307,-5.043759644805207,5.690792845974014,10.297561039928562,-4.183746225815734,-6.525949640472116,17.714044229664612,7.815092998373231,9.394993882284185,21.078106593401365,-2.890808067608281,6.6208032558098155,-9.505951945223762,-3.1337506430402278,4.52197801453055,-2.762369610406187,-7.521464466491331,2.37987691558389,11.777332438727745,2.601078985641941,2.646094696379378,-18.12205828177615,-16.559680917331818,14.32022531188556,-2.4664977421566783,9.982751631804865,2.2211690539464017,-16.70316642385388,-11.285412565162158,16.39919975618867,3.071419018459509,-4.518446625045914
0.26030956978352904,26.3066151942516,16.147907312778802,7.850486051988094,15.172753020696746,-5.3885221095160585,24.296443791503194,-1.82099674335318,-26.564766433638553,-15.617250535680663,7.698323689652792,19.739807331242307,20.834645077390547,-5.209445283305378,6.532809301849937,10.301955186947737,-4.685636008284781,-7.154832381693247,18.16759701877534,8.322691650425924,9.984371111943515,21.785825432895237,-2.456924716536575,6.428256334840448,-9.659332255352869,-3.8922430098981398,4.655299038223751,-1.6538321817458619,-7.242571725566546,2.681271624490471,12.23991613338854,3.103195813059251,2.8250390475608977,-18.695094495403154,-17.70305716876327,14.454683709062463,-1.9354750038412414,10.119957552756981,1.823990546628246,-17.45297726130995,-11.183091935611436,17.17048645600763,3.2534899393052004,-4.67079784757305
-0.05247874200009043,-6.811647827002343,-4.51648815448095,-1.6936370448104998,-4.025025009142075,1.444198407725307,-6.421841368122994,0.3630489252566297,6.892780321455851,3.7070805879906126,-1.9603442269368374,-5.043759644805207,-5.209445283305378,1.401795695019329,-1.4455217924828583,-2.8215577769661886,1.0290449910428576,1.6454392339180939,-4.718032237592342,-2.0381812938880794,-2.4404860887540347,-5.613105021882881,0.8514625333112498,-1.9021631558561516,2.5168153735502594,0.7535394264100335,-1.1716569378070782,0.9021093243552607,2.053591583400699,-0.5924258200572752,-3.1268120077033625,-0.6362753287110118,-0.6719663233708477,4.877481167574229,4.303279859650482,-3.83015259043215,0.7952094708211388,-2.643278514983287,-0.6389498407961245,4.414006702124876,3.1076961556132976,-4.348959938141437,-0.835251567296114,1.2222658545348324
0.23564001957441677,7.306767092832906,3.571959717623123,3.3567810877727426,4.009903569493594,-1.3161535610736963,6.300886320437853,-0.7149944063416397,-7.32211012455422,-5.365853234715231,2.267453557491731,5.690792845974014,6.532809301849937,-1.4455217924828583,2.7424607907326357,2.4431541022893857,-1.8661829210803833,-2.645186105817903,5.007929492256146,2.7227567092294582,3.2516363382277462,6.209629712848003,0.04071095648124841,1.1947435095307375,-2.5622753937377203,-2.0055418097950395,1.3298452301509167,1.1809670854853256,-1.3547477069582177,1.0755626941140848,3.589356126722598,1.4528918471779533,0.9474654367446917,-5.2513956284934284,-5.8824528266391365,3.6715417225705567,0.33904498240635417,2.647738829069606,-0.11470352160887663,-5.250309013037398,-2.5027836552809006,5.188215210608521,1.0160118262183342,-1.3191761390962964
0.051084001618083665,14.030850785774366,9.893886783500307,2.7815379026182177,8.50234540095363,-3.0985396590518755,13.526254811169547,-0.6337975311616654,-14.234337364949278,-6.979594044987547,3.944566703955215,10.297561039928562,10.301955186947737,-2.8215577769661886,2.4431541022893857,6.106756066054724,-1.7656487420381195,-2.93328399079356,9.768791374975375,3.9567658775480896,4.70432936270402,11.557404640845578,-2.2273758804713135,4.295608269947969,-5.256822702055059,-0.996717220367836,2.4134836007280387,-2.8548481223657225,-4.647684802800457,1.0493243119221731,6.3376644072192825,0.9631029941408731,1.2651073302454978,-10.026714806913446,-8.291705922679547,8.122933192123584,-2.197643755952025,5.5614554617858145,1.6892246855121298,-8.862537367715161,-6.777094829964551,8.775798705919673,1.6464335113571549,-2.5079522744900284
-0.059925975499295264,-5.423812161136132,-2.5777865271020755,-2.351334701774109,-2.857222874209536,0.9915533632604185,-4.695120738417782,0.590221266854388,5.4396178419208905,3.9753623972632566,-1.6730247276158101,-4.183746225815734,-4.685636008284781,1.0290449910428576,-1.8661829210803833,-1.7656487420381195,1.3724734064354296,1.970104584998751,-3.693713448935952,-1.9653961467202965,-2.3943160196225945,-4.476080877653353,0.00956732577206334,-0.8060623260063349,1.9516094691130892,1.362155665264481,-1.0077327817105102,-0.6931023092828098,1.0885679275866693,-0.7488868154732573,-2.6126401780832174,-0.9910530776311257,-0.719673867165626,3.773862096570688,4.244009642345257,-2.758309030130429,-0.25521024856214736,-2.0066168427040223,-0.008426734885446473,3.817370286079684,1.8474013082439786,-3.6958630800250534,-0.6982627981398845,0.9376882714186395
-0.05210652893882837,-8.552444249316686,-4.393232520523484,-3.3211301749611644,-4.584159130441679,1.6212622155797918,-7.552081312528328,0.8426562029002006,8.596043612216464,5.915262690325501,-2.5979029816780264,-6.525949640472116,-7.154832381693247,1.6454392339180939,-2.645186105817903,-2.93328399079356,1.970104584998751,2.885106947977794,-5.8374426422163,-2.9650497904322815,-3.6178918263972406,-7.011237546608185,0.2541864975718032,-1.4909242729212129,3.110273953005111,1.8478707683297895,-1.5676121858469825,-0.5533626961631715,1.9268033970352,-1.068658305263512,-4.061533904609979,-1.3701199703168259,-1.0776396313287806,5.952222220003663,6.374667783529194,-4.457797264943854,-0.09848287963992593,-3.209292482494387,-0.2135493651053839,5.8910097817056295,3.125432722635321,-5.6975781887908585,-1.0740564126518752,1.4785214673469689
0.07402958553203615,23.879389698620408,15.555287521458103,5.956379082912274,13.980918713411942,-5.072266194575096,22.497517461607387,-1.4527850313409034,-24.167721734440224,-13.158465025652772,6.857883743163993,17.714044229664612,18.16759701877534,-4.718032237592342,5.007929492256146,9.768791374975375,-3.693713448935952,-5.8374426422163,16.53157178903229,7.146802773315092,8.581858615592393,19.62122801815926,-2.9515775680351393,6.414564081051999,-8.889483935009372,-2.616501672289352,4.193434061173157,-3.1325600752540113,-7.232520941846142,2.1086664200196505,10.923306436913066,2.2268612621235535,2.3984341215928016,-16.905415126204396,-15.10733013906874,13.461849927626393,-2.625775695743797,9.348138609442318,2.271999666718135,-15.441608982678986,-10.748719117154753,15.171846683171488,2.838086179267588,-4.216262984432291
0.1014157453296845,10.370253785800553,6.140573244247925,3.3045586339474617,5.899535986374178,-2.0902365583428386,9.485725191231856,-0.784186137009722,-10.460913093664416,-6.379150138153928,3.059737559432992,7.815092998373231,8.322691650425924,-2.0381812938880794,2.7227567092294582,3.9567658775480896,-1.9653961467202965,-2.9650497904322815,7.146802773315092,3.354368510684646,4.032960959842069,8.579800042024997,-0.8240958474084509,2.377391925225239,-3.7986898968511196,-1.697062461170756,1.850469005000951,-0.35538912687027885,-2.7399129600805443,1.113461434321211,4.85144475120616,1.3215955667239123,1.1515010052773893,-7.3418923919421495,-7.147587204203993,5.631444854338152,-0.5719945874721611,3.9647482660116813,0.6136309946969355,-6.941654565931414,-4.2743703463672755,6.809807407144827,1.2886973210134514,-1.8325655949006838
0.07435885420019192,12.477419111515948,7.30473886782852,3.985475047281671,7.018347114936678,-2.5082858304879787,11.397951429305202,-0.9787993427237981,-12.588697093596444,-7.733387833525035,3.6864793328932475,9.394993882284185,9.984371111943515,-2.4404860887540347,3.2516363382277462,4.70432936270402,-2.3943160196225945,-3.6178918263972406,8.581858615592393,4.032960959842069,4.882426008129954,10.26591251617236,-0.961231063476422,2.7895920172678035,-4.586026183799297,-2.0328901552018235,2.2356780665467184,-0.4090454854826887,-3.288176584021729,1.3331027649386815,5.819747309879485,1.5916262796486695,1.4129717507328552,-8.781232628619236,-8.608779729102878,6.775146073325042,-0.6298732077750528,4.78686476985277,0.7471760844121994,-8.339866747983683,-5.097696200804732,8.142153995083953,1.5327980280256295,-2.186421343168699
0.20224275442244738,28.320245259049067,18.3727499376049,7.351361321467362,16.647113964239445,-5.979409460817423,26.610390183866567,-1.7141450217559404,-28.65444727613919,-15.761878820495523,8.157542123381571,21.078106593401365,21.785825432895237,-5.613105021882881,6.209629712848003,11.557404640845578,-4.476080877653353,-7.011237546608185,19.62122801815926,8.579800042024997,10.26591251617236,23.411463910176995,-3.3653957993800567,7.5786726721316,-10.489069934463165,-3.332084853261004,4.969334933042341,-3.326490539069059,-8.415981763348865,2.592928721758525,13.019599207063607,2.803678066901763,2.861962575897852,-20.151209296004904,-18.164673413281328,15.900967712585297,-2.983864290899821,11.044458619445185,2.5339933340709497,-18.436997845897928,-12.659578850394784,18.184945629278126,3.421833144875356,-5.033345737934225
0.07235572794511105,-4.167030891464424,-3.8214742919226987,0.18604203752508366,-2.784690679393644,1.080911388216075,-4.423840289143253,-0.03261365868503266,4.277210903189163,1.1249440983870784,-1.0552351988953423,-2.890808067608281,-2.456924716536575,0.8514625333112498,0.04071095648124841,-2.2273758804713135,0.00956732577206334,0.2541864975718032,-2.9515775680351393,-0.8240958474084509,-0.961231063476422,-3.3653957993800567,1.31274894291973,-1.8632538771819684,1.6468236418080073,-0.492610465320826,-0.6755621252562715,2.2667613716701873,1.9467078940111164,-0.035745075088397464,-1.7340583701033438,0.2123723406214418,-0.215959528008556,2.9874619148890673,1.6367377034199755,-2.7169600219734216,1.4648384030911157,-1.784957701748055,-1.0266518508560383,2.303096565577591,2.5745677345701896,-2.307787229255939,-0.41242457443986763,0.7457753970434768
0.05898106014363828,9.144950982963223,7.122986374199084,1.2267482151397513,5.800139405018475,-2.1150056284049903,9.08100517636596,-0.2035626014546044,-9.309775105485903,-3.900174967289229,2.502018270653817,6.6208032558098155,6.428256334840448,-1.9021631558561516,1.1947435095307375,4.295608269947969,-0.8060623260063349,-1.4909242729212129,6.414564081051999,2.377391925225239,2.7895920172678035,7.5786726721316,-1.8632538771819684,3.2757693782386266,-3.443330923561077,-0.20130567899625082,1.5212065265040087,-2.6918119530822353,-3.3467560918522317,0.5258560379404935,4.065292961780523,0.35611948649660563,0.7096732636344918,-6.64437781447663,-4.933796515860113,5.4780368928880865,-1.9935297069297446,3.684548296834,1.3903020756948636,-5.611966273612364,-4.813364416480504,5.626927900398395,1.068655633085038,-1.669269427770518
0.025907987623368024,-12.85390300831054,-8.386025257089027,-3.0743569800820936,-7.477147550162788,2.7475228127710416,-12.144916929610348,0.8011237061039859,13.015543281128814,7.024416564533679,-3.679674371611132,-9.505951945223762,-9.659332255352869,2.5168153735502594,-2.5622753937377203,-5.256822702055059,1.9516094691130892,3.110273953005111,-8.889483935009372,-3.7986898968511196,-4.586026183799297,-10.489069934463165,1.6468236418080073,-3.443330923561077,4.8173363493098575,1.2959776588984826,-2.266369647629938,1.8645341865410119,3.968655236896178,-1.093159533907539,-5.844106338826209,-1.1245521943181196,-1.2910407635213565,9.035191832205482,8.021459657808535,-7.281764969426558,1.4586003626332902,-5.062724986855899,-1.303547525317713,8.251147497550058,5.811987828892632,-8.068215138070018,-1.493645145659196,2.2474420834467606
-0.18650112267856475,-3.8702470740307917,-1.2413909962573624,-2.5074294061209184,-1.936352425409102,0.5816550200695897,-3.036978439398378,0.5432165474296925,3.839051368916901,3.5337531300179212,-1.2848359979169959,-3.1337506430402278,-3.8922430098981398,0.7535394264100335,-2.0055418097950395,-0.996717220367836,1.362155665264481,1.8478707683297895,-2.616501672289352,-1.697062461170756,-2.0328901552018235,-3.332084853261004,-0.492610465320826,-0.20130567899625082,1.2959776588984826,1.6378444621198591,-0.7349226777222075,-1.6495714194669142,0.31199795352767834,-0.76991187735452,-2.0111425110083827,-1.1239496259641875,-0.611520450298518,2.769904862353553,3.706404866272011,-1.7179090673402988,-0.7689558164868419,-1.2985415459656167,0.44271430579822385,3.0170930563920897,0.9199053525182085,-2.960300726139617,-0.5921570863450641,0.6976573958308241
-0.0022771691607111192,6.07356929126986,3.810065550917495,1.6141153543196043,3.489626008830904,-1.2741890730744454,5.675591575647333,-0.4243171068861977,-6.1426825911193035,-3.475620669838546,1.7551940873231957,4.52197801453055,4.655299038223751,-1.1716569378070782,1.3298452301509167,2.4134836007280387,-1.0077327817105102,-1.5676121858469825,4.193434061173157,1.850469005000951,2.2356780665467184,4.969334933042341,-0.6755621252562715,1.5212065265040087,-2.266369647629938,-0.7349226777222075,1.0837410738841122,-0.6552078655716084,-1.7886147457832708,0.5636777011127728,2.7828217447746817,0.6111278953249712,0.6372564263608624,-4.257555875155485,-3.923172594311233,3.3970337967176554,-0.5532193101325945,2.377838489412858,0.534956875186098,-3.9497813555856873,-2.6494323368280503,3.8596566149398193,0.7122591217173199,-1.0580090465914445
0.2671174226943146,-4.352813791911207,-5.135475714445119,1.6466746307949958,-3.1750352098950407,1.3518859400388552,-5.172902819771621,-0.303073906305124,4.535986574257327,-0.10365629380420929,-0.9435243486453272,-2.762369610406187,-1.6538321817458619,0.9021093243552607,1.1809670854853256,-2.8548481223657225,-0.6931023092828098,-0.5533626961631715,-3.1325600752540113,-0.35538912687027885,-0.4090454854826887,-3.326490539069059,2.2667613716701873,-2.6918119530822353,1.8645341865410119,-1.6495714194669142,-0.6552078655716084,4.393470084001004,2.8433000225129157,0.3712754000222927,-1.5825094692069546,0.9523305534198429,-0.017696431673537544,3.061816038936077,0.515733634837965,-3.256648580378616,2.6241998538690923,-2.057048334022766,-1.8347610810826165,1.9117453918803171,3.4450217465495725,-1.9015966782266303,-0.2983663116508988,0.7572004496949682
0.09535582144363786,-10.386906478772204,-7.615737329509593,-1.5304177166096606,-6.299006698480744,2.371465452567737,-10.192306880800482,0.4324989321627963,10.560739143005808,4.778265088599149,-2.864101943586071,-7.521464466491331,-7.242571725566546,2.053591583400699,-1.3547477069582177,-4.647684802800457,1.0885679275866693,1.9268033970352,-7.232520941846142,-2.7399129600805443,-3.288176584021729,-8.415981763348865,1.9467078940111164,-3.3467560918522317,3.968655236896178,0.31199795352767834,-1.7886147457832708,2.8433000225129157,3.7416236223871264,-0.6241185683705813,-4.588082797933223,-0.43641010243892253,-0.884734172770954,7.3191026048793155,5.699290029531734,-6.164297098026114,1.9515258114193998,-4.205930193128438,-1.5418144186713747,6.359608991528581,5.234679187233231,-6.244306302904656,-1.1393664225240763,1.8211151441139304
0.07596760309495271,3.074067996203405,1.5481658469148851,1.3217152031141914,1.6901626752461383,-0.568461792130863,2.683254235751234,-0.30027179738335713,-3.084847068602159,-2.1925143069432766,0.9428236148869394,2.37987691558389,2.681271624490471,-0.5924258200572752,1.0755626941140848,1.0493243119221731,-0.7488868154732573,-1.068658305263512,2.1086664200196505,1.113461434321211,1.3331027649386815,2.592928721758525,-0.035745075088397464,0.5258560379404935,-1.093159533907539,-0.76991187735452,0.5636777011127728,0.3712754000222927,-0.6241185683705813,0.4289654667452156,1.4920823589156706,0.5640015382206187,0.38938932869550014,-2.187339349104556,-2.4004336419833785,1.5732886646970696,0.08897462695407149,1.132484434388635,0.0028288524067798804,-2.1742360978834814,-1.0873632047002102,2.1419436906572797,0.4109062934322449,-0.547337060187099
0.09617878655568614,15.796787312307496,10.011999830948504,4.290481376639468,9.184112903707248,-3.3008439119889594,14.743733283702461,-1.022903847271836,-15.968725732033803,-9.015638629793537,4.576423723866607,11.777332438727745,12.23991613338854,-3.1268120077033625,3.589356126722598,6.3376644072192825,-2.6126401780832174,-4.061533904609979,10.923306436913066,4.85144475120616,5.819747309879485,13.019599207063607,-1.7340583701033438,4.065292961780523,-5.844106338826209,-2.0111425110083827,2.7828217447746817,-1.5825094692069546,-4.588082797933223,1.4920823589156706,7.2845808133783505,1.645971704265993,1.6324075435272682,-11.20055025755316,-10.278210109023654,8.796287348205846,-1.4743009380391827,6.128165664563259,1.3153809589337766,-10.334255498797102,-6.931850624799045,10.156715264644514,1.9121977452200323,-2.7964255277547614
0.12742177288603332,3.272273378223501,1.3379658389301454,1.8063567970573486,1.711954012040921,-0.5415841395296465,2.7076809217111943,-0.3891604355719789,-3.2682766179507556,-2.684744053635057,1.0492754144589194,2.601078985641941,3.103195813059251,-0.6362753287110118,1.4528918471779533,0.9631029941408731,-0.9910530776311257,-1.3701199703168259,2.2268612621235535,1.3215955667239123,1.5916262796486695,2.803678066901763,0.2123723406214418,0.35611948649660563,-1.1245521943181196,-1.1239496259641875,0.6111278953249712,0.9523305534198429,-0.43641010243892253,0.5640015382206187,1.645971704265993,0.8047408862937743,0.48073617786926287,-2.3443595301587923,-2.887154622848736,1.563672993742401,0.3983250520859862,1.1589687543396994,-0.20224334770120128,-2.4489469371425256,-0.9467191898394345,2.411920462034086,0.47462588319790217,-0.5875702752211732
0.0019350440467876698,3.503260996445595,1.9549655524454905,1.1869369584141172,1.9150775090473993,-0.6915640861810513,3.1706456060453174,-0.30864739884409925,-3.533797594711777,-2.258075302111161,1.0436701553356087,2.646094696379378,2.8250390475608977,-0.6719663233708477,0.9474654367446917,1.2651073302454978,-0.719673867165626,-1.0776396313287806,2.3984341215928016,1.1515010052773893,1.4129717507328552,2.861962575897852,-0.215959528008556,0.7096732636344918,-1.2910407635213565,-0.611520450298518,0.6372564263608624,-0.017696431673537544,-0.884734172770954,0.38938932869550014,1.6324075435272682,0.48073617786926287,0.42305626184185813,-2.4363996989616012,-2.475236013311308,1.8881794616172087,-0.09593910928814879,1.3498467843301267,0.18370099474381246,-2.3558804260457378,-1.371261595293088,2.2809646049992827,0.42429899795670784,-0.6032613154236955
-0.17476238773110084,-24.393667607593642,-15.980648797866646,-6.190803126179122,-14.384470769159412,5.168714380255664,-22.971387660234893,1.4167261961733535,24.685515212631216,13.428590237958403,-7.015160327770588,-18.12205828177615,-18.695094495403154,4.877481167574229,-5.2513956284934284,-10.026714806913446,3.773862096570688,5.952222220003663,-16.905415126204396,-7.3418923919421495,-8.781232628619236,-20.151209296004904,2.9874619148890673,-6.64437781447663,9.035191832205482,2.769904862353553,-4.257555875155485,3.061816038936077,7.3191026048793155,-2.187339349104556,-11.20055025755316,-2.3443595301587923,-2.4363996989616012,17.386957955366455,15.526485965529952,-13.72511612735801,2.702035200794164,-9.511494277503044,-2.2470248462586953,15.839150764073775,11.003517952187675,-15.624787479388281,-2.9524925824537984,4.346526199742212
-0.2256987747500426,-21.93597906580402,-12.852211651111256,-7.159646871159511,-12.430326379339936,4.394166047480505,-20.006905855290967,1.694611239241272,22.124141636890975,13.644602040189499,-6.490070285921475,-16.559680917331818,-17.70305716876327,4.303279859650482,-5.8824528266391365,-8.291705922679547,4.244009642345257,6.374667783529194,-15.10733013906874,-7.147587204203993,-8.608779729102878,-18.164673413281328,1.6367377034199755,-4.933796515860113,8.021459657808535,3.706404866272011,-3.923172594311233,0.515733634837965,5.699290029531734,-2.4004336419833785,-10.278210109023654,-2.887154622848736,-2.475236013311308,15.526485965529952,15.264906837090306,-11.877128528195174,1.0718019747722627,-8.381907614190034,-1.2176526142606834,14.738291399282673,8.942315828847027,-14.455323174798265,-2.736201812539167,3.8737990707443597
-0.008246248117485718,19.419628466039157,13.059545875850883,4.337308340334597,11.461934104535054,-4.20367985369229,18.500429426936353,-1.089340343043171,-19.683154547608474,-10.247009375617,5.5194358312649445,14.32022531188556,14.454683709062463,-3.83015259043215,3.6715417225705567,8.122933192123584,-2.758309030130429,-4.457797264943854,13.461849927626393,5.631444854338152,6.775146073325042,15.900967712585297,-2.7169600219734216,5.4780368928880865,-7.281764969426558,-1.7179090673402988,3.3970337967176554,-3.256648580378616,-6.164297098026114,1.5732886646970696,8.796287348205846,1.563672993742401,1.8881794616172087,-13.72511612735801,-11.877128528195174,11.109832864040493,-2.5165058540742793,7.68755547503081,2.1214288240636683,-12.385510334139347,-8.999689622083029,12.165056946646029,2.2582239110819198,-3.4184373765730336
0.0437571768456495,-3.654417487792566,-3.859672531677353,0.6124205788063368,-2.6407043987355254,1.0215554778943692,-4.078652678999613,-0.1860233940103651,3.7741027373158462,0.49495637502181516,-0.873256183932697,-2.4664977421566783,-1.9354750038412414,0.7952094708211388,0.33904498240635417,-2.197643755952025,-0.25521024856214736,-0.09848287963992593,-2.625775695743797,-0.5719945874721611,-0.6298732077750528,-2.983864290899821,1.4648384030911157,-1.9935297069297446,1.4586003626332902,-0.7689558164868419,-0.5532193101325945,2.6241998538690923,1.9515258114193998,0.08897462695407149,-1.4743009380391827,0.3983250520859862,-0.09593910928814879,2.702035200794164,1.0718019747722627,-2.5165058540742793,1.7139947191793439,-1.6043502636521927,-1.1195304585192198,1.8934553695065595,2.5618055720658264,-1.9512713524852554,-0.35817573240755957,0.6806827673779321
-0.018333784015582655,13.504989683931852,8.911001260309398,3.1634104338909133,7.896360555267669,-2.8989663153333463,12.804529635960378,-0.8133165452290106,-13.6835790114204,-7.290078450052163,3.8556950994433663,9.982751631804865,10.119957552756981,-2.643278514983287,2.647738829069606,5.5614554617858145,-2.0066168427040223,-3.209292482494387,9.348138609442318,3.9647482660116813,4.78686476985277,11.044458619445185,-1.784957701748055,3.684548296834,-5.062724986855899,-1.2985415459656167,2.377838489412858,-2.057048334022766,-4.205930193128438,1.132484434388635,6.128165664563259,1.1589687543396994,1.3498467843301267,-9.511494277503044,-8.381907614190034,7.68755547503081,-1.6043502636521927,5.341985950222174,1.4081906763569225,-8.652881129940226,-6.152706020099791,8.478806703042707,1.56838482747353,-2.3652698278625364
-0.12049125514270359,3.229062711146483,2.9104068002077983,-0.20479202779463299,2.0816036578305077,-0.8424804910738265,3.435333980194395,-0.009356785767726028,-3.3189951001481033,-0.8818161985275034,0.8149580947321534,2.2211690539464017,1.823990546628246,-0.6389498407961245,-0.11470352160887663,1.6892246855121298,-0.008426734885446473,-0.2135493651053839,2.271999666718135,0.6136309946969355,0.7471760844121994,2.5339933340709497,-1.0266518508560383,1.3903020756948636,-1.303547525317713,0.44271430579822385,0.534956875186098,-1.8347610810826165,-1.5418144186713747,0.0028288524067798804,1.3153809589337766,-0.20224334770120128,0.18370099474381246,-2.2470248462586953,-1.2176526142606834,2.1214288240636683,-1.1195304585192198,1.4081906763569225,0.8419003935316469,-1.7458025875150913,-1.9784276334505764,1.7050565845675594,0.29029057621668575,-0.5544475455646087
-0.15097243753082,-22.349886555150658,-13.96222236368906,-6.304558396223415,-12.926148246849346,4.632863196487004,-20.772714939481258,1.501325474289261,22.585371861287168,12.973743211065365,-6.500932051396252,-16.70316642385388,-17.45297726130995,4.414006702124876,-5.250309013037398,-8.862537367715161,3.817370286079684,5.8910097817056295,-15.441608982678986,-6.941654565931414,-8.339866747983683,-18.436997845897928,2.303096565577591,-5.611966273612364,8.251147497550058,3.0170930563920897,-3.9497813555856873,1.9117453918803171,6.359608991528581,-2.1742360978834814,-10.334255498797102,-2.4489469371425256,-2.3558804260457378,15.839150764073775,14.738291399282673,-12.385510334139347,1.8934553695065595,-8.652881129940226,-1.7458025875150913,14.696164731707494,9.670880591332574,-14.43681970250993,-2.719621640369938,3.9529945646413602
-0.005901222989063118,-15.439869256679513,-11.02739450423061,-2.8409443753926382,-9.3609555396266,3.4401731322964775,-14.959741868624926,0.6683973965708652,15.673867518975376,7.509160080646501,-4.3192714129602425,-11.285412565162158,-11.183091935611436,3.1076961556132976,-2.5027836552809006,-6.777094829964551,1.8474013082439786,3.125432722635321,-10.748719117154753,-4.2743703463672755,-5.097696200804732,-12.659578850394784,2.5745677345701896,-4.813364416480504,5.811987828892632,0.9199053525182085,-2.6494323368280503,3.4450217465495725,5.234679187233231,-1.0873632047002102,-6.931850624799045,-0.9467191898394345,-1.371261595293088,11.003517952187675,8.942315828847027,-8.999689622083029,2.5618055720658264,-6.152706020099791,-1.9784276334505764,9.670880591332574,7.556455892109418,-9.553953575277166,-1.7853808107806886,2.7494678882167154
0.22451216304970173,21.921629552844234,13.848555083701656,6.172899729793208,12.802479390931271,-4.553809081252986,20.412412926558357,-1.4099463851330176,-22.156225397196657,-12.621846440065076,6.367998473057007,16.39919975618867,17.17048645600763,-4.348959938141437,5.188215210608521,8.775798705919673,-3.6958630800250534,-5.6975781887908585,15.171846683171488,6.809807407144827,8.142153995083953,18.184945629278126,-2.307787229255939,5.626927900398395,-8.068215138070018,-2.960300726139617,3.8596566149398193,-1.9015966782266303,-6.244306302904656,2.1419436906572797,10.156715264644514,2.411920462034086,2.2809646049992827,-15.624787479388281,-14.455323174798265,12.165056946646029,-1.9512713524852554,8.478806703042707,1.7050565845675594,-14.43681970250993,-9.553953575277166,14.24761025945076,2.6964384297773463,-3.9062619066053657
0.06823323971436183,4.09730963584409,2.5984702114251323,1.1957649245926767,2.4125235669906457,-0.8443270893601319,3.8032281835222177,-0.24614767201647486,-4.1386725740752555,-2.3707081757794284,1.1957634262583159,3.071419018459509,3.2534899393052004,-0.835251567296114,1.0160118262183342,1.6464335113571549,-0.6982627981398845,-1.0740564126518752,2.838086179267588,1.2886973210134514,1.5327980280256295,3.421833144875356,-0.41242457443986763,1.068655633085038,-1.493645145659196,-0.5921570863450641,0.7122591217173199,-0.2983663116508988,-1.1393664225240763,0.4109062934322449,1.9121977452200323,0.47462588319790217,0.42429899795670784,-2.9524925824537984,-2.736201812539167,2.2582239110819198,-0.35817573240755957,1.56838482747353,0.29029057621668575,-2.719621640369938,-1.7853808107806886,2.6964384297773463,0.5208859001037418,-0.7413536056061287
-0.054034795438976026,-6.080447207384542,-3.996885607974686,-1.5479611957258494,-3.5990474247944033,1.2881456498870199,-5.725655658513741,0.3449378940955165,6.152305722090625,3.3408230770990888,-1.748840922225232,-4.518446625045914,-4.67079784757305,1.2222658545348324,-1.3191761390962964,-2.5079522744900284,0.9376882714186395,1.4785214673469689,-4.216262984432291,-1.8325655949006838,-2.186421343168699,-5.033345737934225,0.7457753970434768,-1.669269427770518,2.2474420834467606,0.6976573958308241,-1.0580090465914445,0.7572004496949682,1.8211151441139304,-0.547337060187099,-2.7964255277547614,-0.5875702752211732,-0.6032613154236955,4.346526199742212,3.8737990707443597,-3.4184373765730336,0.6806827673779321,-2.3652698278625364,-0.5544475455646087,3.9529945646413602,2.7494678882167154,-3.9062619066053657,-0.7413536056061287,1.088033171944403
