V1,V2,V3,V4,V5,V6,V7,V8,V9,V10,V11,V12,V13,V14,V15,V16,V17,V18,V19,V20,V21,V22,V23,V24,V25,V26,V27,V28,V29,V30,V31,V32,V33,V34,V35,V36,V37,V38,V39,V40,V41,V42,V43,V44
6.003417397140475,-0.13620902383666958,-7.9849675163872815,5.895975077066763,8.865140750677632,-26.838898507491507,-6.880563324659272,6.684592676636951,6.337667672090621,0.42713369959799546,-2.604113681344688,-6.516548694150844,7.350289104177828,-1.6682222282117856,-9.18092279737567,-3.3926008985322276,24.39958984248036,-9.153850085479405,-1.4172452254096917,19.733281165340514,-3.1996549799226712,-0.13599732631913888,-18.96111439604241,-8.71345027354399,-13.160001467520425,2.898559529500757,-3.7871944307930963,-5.72961706096035,9.93730587325905,-1.111588952113902,-13.492554102223504,10.653095631433317,6.115404275360204,-10.849337759929169,-24.31624191064659,14.520587255577336,-23.066769154949185,-3.844333794692157,-9.709932150065413,-0.13513180274527883,1.6515313948091341,20.415653920625292,2.3365192184257033,9.524639752159091
-0.13620902383666958,0.34284467270533975,0.03449620787177746,-0.09036092304722229,-0.5028128520765287,1.2318334190005238,0.5093994599094993,-0.5815474938721722,-0.013994234980834405,-0.13133176230991842,0.40011080585527914,0.27916192924512195,0.14918059113421053,0.07768349250796588,0.510038412493897,0.10730176746467956,-1.2536581480827322,0.20249660818171908,-0.07874469088237333,-0.5996570378138903,0.29037109448111387,-0.13172663927247896,0.6305516630559928,-0.045495938437027914,0.8893430491132399,-0.24164148969932428,0.12832973731307584,-0.2084005438225988,-0.6019611159613726,0.23362625519753874,0.5153275958091845,-0.19757649405970604,-0.21432631380274364,0.5502137974317509,0.7554361227668965,-0.7307136631886517,0.5526803946956009,0.21583214887241453,0.7244359601595745,0.2010854212583473,-0.12954057061979776,-0.9813935228287612,-0.15907753008441589,-0.4900081812181379
-7.9849675163872815,0.03449620787177746,10.77363564459856,-7.956714520709241,-11.831224332509654,35.553546364206156,9.055769752444556,-8.734603534596987,-8.713300673021056,-0.4327555123813241,3.1769257498542127,8.686580180309829,-10.034506417316196,2.268332013779041,12.325709380039385,4.47891151397143,-32.32423416609964,12.366318446170533,2.1348833129047544,-26.33916682686427,4.040042893610382,0.3464730972873467,25.350728407790157,11.872368790249268,17.108279026133815,-3.8534524784008757,4.982346583352652,7.734581887260545,-12.969667447967641,1.2624845091871566,17.757794399306693,-14.343999342804226,-8.259028583026426,14.287809179021632,32.33944927515986,-19.087897309046944,30.96384040677283,5.101946562456872,12.68298203904856,0.2133130377531861,-2.231540799319911,-26.952945315423236,-3.1703701793512162,-12.528763981147785
5.895975077066763,-0.09036092304722229,-7.956714520709241,5.947128567492063,8.878937691967462,-26.3185092384732,-6.775680330191354,6.480642332737337,6.57619507183405,0.2421997694283526,-2.2372389972871134,-6.509894727808404,7.381059568505835,-1.781952937429297,-9.34166383461316,-3.207604244343985,24.024572609882313,-9.275808880206855,-1.7024308705239133,19.529064344937648,-2.91532053475251,-0.33771880350316497,-18.902489425300665,-8.877754601859555,-12.533702951464884,2.9671064159038867,-3.597168350491153,-5.542126927192943,9.508577834981775,-0.7795710989712838,-13.018844685087513,10.649950915352916,6.22683779834699,-10.53418141725845,-23.94058525971101,14.0327950040104,-22.999735695887477,-3.8083522262177425,-9.398319617435916,-0.326805834002282,1.7440674519944968,19.87647635449227,2.5014095388029904,9.239122286672393
8.865140750677632,-0.5028128520765287,-11.831224332509654,8.878937691967462,13.706104186848906,-40.37131846310987,-10.582893256518394,10.27731281147746,9.74158712704563,0.5379412637478926,-3.8038001414450804,-9.906938020203608,10.807354675629474,-2.6724516113245222,-14.351729371738275,-4.932804960437489,36.96643038595777,-13.926045130154083,-2.4338831932137346,29.58474296995863,-4.642761550681519,-0.32827939943578865,-28.637862924294776,-13.043439337720569,-19.582915614124687,4.617698531266723,-5.512517984295385,-8.046743721428456,14.775353386930265,-1.4884116506423792,-19.864090978901952,15.997706917508971,9.431815339314348,-16.227734480168998,-36.24906427928611,21.6308506990858,-34.67415403423896,-5.868897893759789,-14.72087702008035,-0.6567083910034598,2.695780107291451,30.56646344174109,3.8132938413101236,14.230535532319855
-26.838898507491507,1.2318334190005238,35.553546364206156,-26.3185092384732,-40.37131846310987,121.50161289691567,31.48207010344225,-30.83915161130591,-28.235251096387987,-2.1640816143800934,12.326938571922776,29.386917886062612,-32.46877593977838,7.4708100339300225,41.73952889547527,15.388562650962877,-110.68230208164564,41.012400185673876,6.2573140097406075,-88.72894368507578,14.674686333893971,0.3653680398174599,85.29999490775762,38.560355204326115,60.05051623551201,-13.257327281424999,17.110328420285164,25.13410061970443,-45.21676670191503,5.47128875639011,60.76969273819209,-47.727824481300736,-27.578266697244562,49.18744645742731,109.21427045547065,-65.8232937699812,103.52991192619584,17.47693823402305,44.42581599919205,0.9512712404765181,-7.55129092353749,-92.5138507550603,-10.586236523133593,-43.167395029102344
-6.880563324659272,0.5093994599094993,9.055769752444556,-6.775680330191354,-10.582893256518394,31.48207010344225,8.289301445290969,-8.123250462611855,-7.27674355288348,-0.5599485456321558,3.244384856055714,7.655939717706879,-8.171349923323156,1.9996824773168598,10.99634893516228,3.901875007793799,-28.800050075577484,10.609159967913618,1.6403419916108783,-22.87390382425446,3.8136610234576342,0.08734940450100387,22.08147887038909,9.851936450867427,15.600515498143583,-3.555007245179807,4.357296688893341,6.188687755715575,-11.721141698312273,1.4034183838617655,15.61431099706348,-12.262432479956354,-7.190995860817518,12.740043969034323,28.13438321462836,-17.01960771563064,26.656214395347053,4.568371450747179,11.64080726557507,0.44104342472521163,-2.038673155526339,-23.94475228004633,-2.8625518229770694,-11.18477306984745
6.684592676636951,-0.5815474938721722,-8.734603534596987,6.480642332737337,10.27731281147746,-30.83915161130591,-8.123250462611855,8.07820657158805,6.858285687537679,0.6958011322390292,-3.4453242879326864,-7.3864406553272,7.839397528883327,-1.8323734913492395,-10.557161752356894,-3.930336228264342,28.15987347840373,-10.145307431745396,-1.4073108178901945,22.22571877977464,-3.885390588100684,0.07594600697817061,-21.348517332542357,-9.325085043525833,-15.559470393060911,3.3947116165255298,-4.35549079981683,-6.061074577373902,11.651345928889032,-1.6451338715720065,-15.384709312959025,11.836713989671054,6.878179775438194,-12.551260461821546,-27.37007312804941,16.815145501402938,-25.78075742046011,-4.450337835377312,-11.51551847492585,-0.32392123127428624,1.9130259744276215,23.559193750877757,2.640192184173052,11.016046233555587
6.337667672090621,-0.013994234980834405,-8.713300673021056,6.57619507183405,9.74158712704563,-28.235251096387987,-7.27674355288348,6.858285687537679,7.514190707781112,0.0526563856442438,-2.0126718825039855,-7.10248253886983,8.188134935852554,-2.065437651791394,-10.394563037655551,-3.317937534604077,25.87267204801285,-10.315146150618304,-2.220390141421828,21.190011338415452,-2.8440946608922144,-0.6072766091380789,-20.637165472647133,-9.924265570422158,-12.973119701922354,3.307711319242313,-3.737330034710904,-5.92482390110528,9.907519417114424,-0.4693385523166345,-13.720410680861841,11.691686682036819,6.940406532009935,-11.171826203396032,-25.80095722670456,14.816002845325196,-25.160515899200664,-4.112212237001733,-9.904722071647111,-0.546569845372482,2.0034117614179054,21.148360987221192,2.901341087957835,9.780246935344222
0.42713369959799546,-0.13133176230991842,-0.4327555123813241,0.2421997694283526,0.5379412637478926,-2.1640816143800934,-0.5599485456321558,0.6958011322390292,0.0526563856442438,0.2639399069456219,-0.6311671807065637,-0.3719554761229719,0.3080915014094697,0.04722586054938154,-0.3805002488992944,-0.42138396708235687,1.88017618273771,-0.34614537176169274,0.24898794958221085,1.3143858684326595,-0.5267941712920079,0.24816439602751472,-1.1091527187052086,-0.21889980711000334,-1.5334630977311958,0.10340870304135842,-0.43691835778645427,-0.45647884136463923,1.0915065979350012,-0.500966873203583,-1.2806739657876298,0.5731617873737098,0.22413175672277288,-1.0003579272098442,-1.7338179311318105,1.4094904451145394,-1.3285385679017037,-0.27706513709078906,-0.9734572966792017,0.17015570132396807,-9.264326464322599e-4,1.8191313786460686,-0.054010110387868945,0.884060403436949
-2.604113681344688,0.40011080585527914,3.1769257498542127,-2.2372389972871134,-3.8038001414450804,12.326938571922776,3.244384856055714,-3.4453242879326864,-2.0126718825039855,-0.6311671807065637,2.032978517934122,2.7213939026199636,-2.6976528988311177,0.45360941880704936,3.6346753796513296,1.8020508323711855,-11.107952608365595,3.4459530113968624,-0.03093109989556371,-8.463682183201195,1.9847784625994467,-0.4368077100041863,7.893631518765163,3.0002532860564877,6.970022500562389,-1.1465035611446701,1.9494603590303907,2.4411129183822644,-5.121458430981697,1.2944865556085872,6.484543416151369,-4.2905827206183496,-2.3227249491027253,5.217369899336183,10.633691797368469,-7.104367549930527,9.487541788545748,1.7276481964041104,4.895908703911601,-0.17237131119921256,-0.5492743509402325,-9.697579829299867,-0.6745878713829038,-4.5949651916845395
-6.516548694150844,0.27916192924512195,8.686580180309829,-6.509894727808404,-9.906938020203608,29.386917886062612,7.655939717706879,-7.3864406553272,-7.10248253886983,-0.3719554761229719,2.7213939026199636,7.233711321386512,-7.947348615389624,1.9549835310256962,10.384271830775411,3.5862609604597764,-26.8660996512645,10.169377633858902,1.7379478495781397,-21.60608107942079,3.3911848278290333,0.25457812190481,20.910128935852335,9.60997203714513,14.243278723558262,-3.3361581424919717,4.0239264565082244,5.970472891735567,-10.757349599895452,1.0426550983657545,14.54883729414969,-11.692155282224913,-6.859809577795462,11.81865075904457,26.539031322834386,-15.756169457704646,25.3278475823472,4.265725338221799,10.669819520371236,0.4102668247499457,-1.9412404452036636,-22.257505893797376,-2.7671714157560867,-10.373933120871389
7.350289104177828,0.14918059113421053,-10.034506417316196,7.381059568505835,10.807354675629474,-32.46877593977838,-8.171349923323156,7.839397528883327,8.188134935852554,0.3080915014094697,-2.6976528988311177,-7.947348615389624,9.469451062958177,-2.085050332764564,-11.276998705578826,-4.1062527027410605,29.46911668180881,-11.462569464226121,-2.1096122736000966,24.245130192152555,-3.555142238293887,-0.4267741528755497,-23.315451894772533,-11.114647174074516,-15.385303674444664,3.4788585782773005,-4.5580774066542675,-7.306339546899546,11.71279264276343,-1.009335302059235,-16.207342712407367,13.295007905614835,7.617901237857526,-12.995055108189595,-29.70071644446486,17.35708376215332,-28.615682380561456,-4.637929507638569,-11.405315268512242,-0.12893781996367834,2.030754482713673,24.55870047771781,2.8929389614949854,11.382809874520747
-1.6682222282117856,0.07768349250796588,2.268332013779041,-1.781952937429297,-2.6724516113245222,7.4708100339300225,1.9996824773168598,-1.8323734913492395,-2.065437651791394,0.04722586054938154,0.45360941880704936,1.9549835310256962,-2.085050332764564,0.6427147054251752,2.9320399927366676,0.7713564775821984,-6.935809510806063,2.8192912034056117,0.6622062366556777,-5.618626787649038,0.7103758612970691,0.21822326316990254,5.5717577965725535,2.6826297766897484,3.351962465026979,-0.9841441469602663,0.9050434383543473,1.3800195960103971,-2.561377034595082,-0.004671930200951015,3.5379373986915446,-3.0970232287866852,-1.9232760382210217,2.927955036798958,6.835126112111109,-3.848928294836957,6.686302754720686,1.1175210225454004,2.652674466464434,0.29750545904737763,-0.6122376211491827,-5.5370827784255985,-0.9094500628676425,-2.569671035361941
-9.18092279737567,0.510038412493897,12.325709380039385,-9.34166383461316,-14.351729371738275,41.73952889547527,10.99634893516228,-10.557161752356894,-10.394563037655551,-0.3805002488992944,3.6346753796513296,10.384271830775411,-11.276998705578826,2.9320399927366676,15.190715964039606,4.950266736867505,-38.336878812152726,14.686570061420289,2.791518838829192,-30.74438999108707,4.606905916960193,0.5334354301908575,29.923750009686945,13.801875907558596,19.915184406914925,-4.925791397910415,5.565393179378598,8.177757907060625,-15.062134834511047,1.2212700333372597,20.339417519971107,-16.710358030636424,-9.978942417583877,16.682335233329965,37.58813656850174,-22.165561594120962,36.17938989292572,6.116141966138736,15.134643950299246,0.9016762299675853,-2.925342940705452,-31.463480068896185,-4.18281877021789,-14.629077439166426
-3.3926008985322276,0.10730176746467956,4.47891151397143,-3.207604244343985,-4.932804960437489,15.388562650962877,3.901875007793799,-3.930336228264342,-3.317937534604077,-0.42138396708235687,1.8020508323711855,3.5862609604597764,-4.1062527027410605,0.7713564775821984,4.950266736867505,2.1359706910870755,-13.879242817749542,4.952546201527782,0.5705960637981913,-11.121872606070385,2.002543213266791,-0.10979555838801543,10.53233538122987,4.664071557467029,7.874415553967101,-1.5018182039654837,2.3134159480811003,3.4034297809508676,-5.903344050930243,0.9949062998986635,7.873806133415924,-5.946002601040868,-3.303761944767428,6.306136076747872,13.749247789959982,-8.500694229086244,12.901703803526834,2.1770672355375202,5.657192381112131,-0.12206615960291335,-0.8134638869329393,-11.856656630433495,-1.0903976626211085,-5.5330489250902986
24.39958984248036,-1.2536581480827322,-32.32423416609964,24.024572609882313,36.96643038595777,-110.68230208164564,-28.800050075577484,28.15987347840373,25.87267204801285,1.88017618273771,-11.107952608365595,-26.8660996512645,29.46911668180881,-6.935809510806063,-38.336878812152726,-13.879242817749542,100.976227337312,-37.50125434822044,-5.869482542526001,80.8305441162806,-13.26730545122127,-0.42938992583282537,-77.84890838367699,-35.18263575865756,-54.546958066664224,12.24111974636382,-15.463505286760087,-22.596818962279105,41.076405012818476,-4.806350390260867,-55.1535342710513,43.49505287522183,25.27063103884314,-44.75160748664528,-99.41893752042607,59.83335993970395,-94.36417363838555,-15.96798197607194,-40.51380733247505,-1.1213631256311423,7.009062794812561,84.17915592628557,9.849877987538795,39.27395116166529
-9.153850085479405,0.20249660818171908,12.366318446170533,-9.275808880206855,-13.926045130154083,41.012400185673876,10.609159967913618,-10.145307431745396,-10.315146150618304,-0.34614537176169274,3.4459530113968624,10.169377633858902,-11.462569464226121,2.8192912034056117,14.686570061420289,4.952546201527782,-37.50125434822044,14.506324118222919,2.73554984212054,-30.425338549726852,4.492545223100956,0.5617859613180899,29.49497520564188,13.831283898929637,19.461441772830277,-4.686112167026389,5.560565274395862,8.516524285021108,-14.768113026967582,1.156103682039067,20.186737437863748,-16.601562352444475,-9.758952607079038,16.389921118227896,37.24415086063382,-21.816318385944644,35.85410202356155,5.9490094211151145,14.663734697670732,0.6142893164777964,-2.768903063833455,-30.933566746837865,-3.9699528131031325,-14.370393323684867
-1.4172452254096917,-0.07874469088237333,2.1348833129047544,-1.7024308705239133,-2.4338831932137346,6.2573140097406075,1.6403419916108783,-1.4073108178901945,-2.220390141421828,0.24898794958221085,-0.03093109989556371,1.7379478495781397,-2.1096122736000966,0.6622062366556777,2.791518838829192,0.5705960637981913,-5.869482542526001,2.73554984212054,0.971967359836028,-4.975494353230059,0.2872469880058774,0.44025366798882914,5.0261983343900285,2.69638330881597,2.3042822300016472,-0.9044796772390304,0.6654249567067522,1.23934601220695,-1.8370513288843038,-0.354291111109267,2.72587470533913,-2.908807543800197,-1.8735036525666735,2.316962901950868,5.858644867901984,-2.9793341605027885,6.161560825985653,0.9586942633536848,1.994001778338155,0.3903580775752947,-0.6198636525545955,-4.4713645294753,-0.9362375192625934,-2.010184104159081
19.733281165340514,-0.5996570378138903,-26.33916682686427,19.529064344937648,29.58474296995863,-88.72894368507578,-22.87390382425446,22.22571877977464,21.190011338415452,1.3143858684326595,-8.463682183201195,-21.60608107942079,24.245130192152555,-5.618626787649038,-30.74438999108707,-11.121872606070385,80.8305441162806,-30.425338549726852,-4.975494353230059,65.22623330808857,-10.397355778439861,-0.5748231315538828,-62.80314410118325,-28.838085912912703,-43.26356475677523,9.739214165333067,-12.40190038505793,-18.631793908282678,32.677222377510574,-3.5148275899999253,-44.273648335099125,35.27230624018632,20.409595976096572,-35.77988046852674,-80.17303990811845,47.824452574840954,-76.36212709401315,-12.761219536639524,-32.112890488714356,-0.7415138913253598,5.60252746031348,67.37310503773848,7.9179123100074325,31.389665536422243
-3.1996549799226712,0.29037109448111387,4.040042893610382,-2.91532053475251,-4.642761550681519,14.674686333893971,3.8136610234576342,-3.885390588100684,-2.8440946608922144,-0.5267941712920079,1.9847784625994467,3.3911848278290333,-3.555142238293887,0.7103758612970691,4.606905916960193,2.002543213266791,-13.26730545122127,4.492545223100956,0.2872469880058774,-10.397355778439861,2.117457222888237,-0.2655834369430256,9.833020535743604,4.107057570139818,7.8350136134034996,-1.462597146491426,2.209093890061241,3.0112880416002334,-5.819399979634127,1.122362327302286,7.60731042194594,-5.412697309388319,-3.0079295243615003,6.098080605874787,12.98334411657546,-8.242377637887003,11.862255486727083,2.0740793550717322,5.604189513844156,-0.09707125419908663,-0.7587012288242878,-11.379518993499657,-1.0156809992310758,-5.367788432824424
-0.13599732631913888,-0.13172663927247896,0.3464730972873467,-0.33771880350316497,-0.32827939943578865,0.3653680398174599,0.08734940450100387,0.07594600697817061,-0.6072766091380789,0.24816439602751472,-0.4368077100041863,0.25457812190481,-0.4267741528755497,0.21822326316990254,0.5334354301908575,-0.10979555838801543,-0.42938992583282537,0.5617859613180899,0.44025366798882914,-0.5748231315538828,-0.2655834369430256,0.294501059059364,0.7191530825797142,0.6540736511311057,-0.3565425911858239,-0.18144256247743934,-0.09164133972792776,0.08584009462299136,0.19483672584083964,-0.4365479106119763,-0.04696553744387187,-0.4697620315589871,-0.38848619402443024,0.005044521097903817,0.5634456033476477,0.07541008529627707,0.9133132528834778,0.09086024716447151,-0.08438279682931937,0.20513533204286288,-0.17084512461308682,-0.08353312914733581,-0.29710513591544024,0.0056323689265170935
-18.96111439604241,0.6305516630559928,25.350728407790157,-18.902489425300665,-28.637862924294776,85.29999490775762,22.08147887038909,-21.348517332542357,-20.637165472647133,-1.1091527187052086,7.893631518765163,20.910128935852335,-23.315451894772533,5.5717577965725535,29.923750009686945,10.53233538122987,-77.84890838367699,29.49497520564188,5.0261983343900285,-62.80314410118325,9.833020535743604,0.7191530825797142,60.64675233302449,27.956431924458965,41.31851301832399,-9.535096406783069,11.77932123353538,17.678929364388548,-31.229969743553387,3.0960730663515177,42.3483789119647,-34.02166969523051,-19.8350807784927,34.31259745727036,77.11979860131211,-45.79133899627443,73.64244498493804,12.32430934578382,30.84042615849914,0.9721160166315007,-5.53445706679722,-64.63995731303976,-7.863107976386664,-30.104515467775947
-8.71345027354399,-0.045495938437027914,11.872368790249268,-8.877754601859555,-13.043439337720569,38.560355204326115,9.851936450867427,-9.325085043525833,-9.924265570422158,-0.21889980711000334,3.0002532860564877,9.60997203714513,-11.114647174074516,2.6826297766897484,13.801875907558596,4.664071557467029,-35.18263575865756,13.831283898929637,2.69638330881597,-28.838085912912703,4.107057570139818,0.6540736511311057,27.956431924458965,13.378108814618694,18.06697200203311,-4.356605815146333,5.236223377848868,8.301099292983263,-13.759386267492578,0.9114872419195434,19.03313303757777,-15.83340139540575,-9.2618945587651,15.363353988741869,35.30308332247352,-20.4354299292559,34.10996874261752,5.5834970263554435,13.587237778857679,0.47835726100780623,-2.5887203303132043,-29.038910205976745,-3.7428220512539876,-13.470304342967543
-13.160001467520425,0.8893430491132399,17.108279026133815,-12.533702951464884,-19.582915614124687,60.05051623551201,15.600515498143583,-15.559470393060911,-12.973119701922354,-1.5334630977311958,6.970022500562389,14.243278723558262,-15.385303674444664,3.351962465026979,19.915184406914925,7.874415553967101,-54.546958066664224,19.461441772830277,2.3042822300016472,-43.26356475677523,7.8350136134034996,-0.3565425911858239,41.31851301832399,18.06697200203311,30.691688675947407,-6.31786413290553,8.703789066720407,12.33524730175232,-22.96671326919633,3.533432012817019,30.446284305019248,-22.97222965844492,-13.084542003734702,24.576745999110436,53.541726727967834,-33.02558026578311,50.0352425025122,8.58796493095989,22.389594921557116,0.13515487492347827,-3.4756292122097894,-46.086866463246515,-4.777011886022398,-21.593941427718605
2.898559529500757,-0.24164148969932428,-3.8534524784008757,2.9671064159038867,4.617698531266723,-13.257327281424999,-3.555007245179807,3.3947116165255298,3.307711319242313,0.10340870304135842,-1.1465035611446701,-3.3361581424919717,3.4788585782773005,-0.9841441469602663,-4.925791397910415,-1.5018182039654837,12.24111974636382,-4.686112167026389,-0.9044796772390304,9.739214165333067,-1.462597146491426,-0.18144256247743934,-9.535096406783069,-4.356605815146333,-6.31786413290553,1.6384547166350485,-1.716500505904955,-2.4422601406744833,4.772063879093832,-0.3359272452087776,-6.407484172046892,5.271418384181526,3.201718690093537,-5.292389381724855,-11.909634212903729,7.0153140755407,-11.440293877153419,-1.9585349011415751,-4.859335795923199,-0.3880514587637955,0.9780819067912078,9.965406328644436,1.4111861267134582,4.645020282677686
-3.7871944307930963,0.12832973731307584,4.982346583352652,-3.597168350491153,-5.512517984295385,17.110328420285164,4.357296688893341,-4.35549079981683,-3.737330034710904,-0.43691835778645427,1.9494603590303907,4.0239264565082244,-4.5580774066542675,0.9050434383543473,5.565393179378598,2.3134159480811003,-15.463505286760087,5.560565274395862,0.6654249567067522,-12.40190038505793,2.209093890061241,-0.09164133972792776,11.77932123353538,5.236223377848868,8.703789066720407,-1.716500505904955,2.5349546680608492,3.734383657395465,-6.532227924017974,1.0244862065534428,8.740844090026402,-6.625126414116377,-3.7048514834737007,7.0006534765686554,15.338830167468434,-9.42583328076287,14.38084764084983,2.4223990493914065,6.288593518666144,-0.0870771591080549,-0.9357036492775509,-13.148862502245223,-1.2750405878950641,-6.144954280686688
-5.72961706096035,-0.2084005438225988,7.734581887260545,-5.542126927192943,-8.046743721428456,25.13410061970443,6.188687755715575,-6.061074577373902,-5.92482390110528,-0.45647884136463923,2.4411129183822644,5.970472891735567,-7.306339546899546,1.3800195960103971,8.177757907060625,3.4034297809508676,-22.596818962279105,8.516524285021108,1.23934601220695,-18.631793908282678,3.0112880416002334,0.08584009462299136,17.678929364388548,8.301099292983263,12.33524730175232,-2.4422601406744833,3.734383657395465,6.000940486265681,-9.352612884499086,1.1850854270197264,12.898186426305912,-10.125863886918806,-5.583835422842725,10.190195307405823,22.984918672378612,-13.713263328453019,21.81879855603915,3.5168237946406133,8.879892885577283,-0.288120578835689,-1.3547388084828507,-19.212353960718097,-1.883769412969241,-8.933742261968236
9.93730587325905,-0.6019611159613726,-12.969667447967641,9.508577834981775,14.775353386930265,-45.21676670191503,-11.721141698312273,11.651345928889032,9.907519417114424,1.0915065979350012,-5.121458430981697,-10.757349599895452,11.71279264276343,-2.561377034595082,-15.062134834511047,-5.903344050930243,41.076405012818476,-14.768113026967582,-1.8370513288843038,32.677222377510574,-5.819399979634127,0.19483672584083964,-31.229969743553387,-13.759386267492578,-22.96671326919633,4.772063879093832,-6.532227924017974,-9.352612884499086,17.211038213506388,-2.5483096049391705,-22.89440911031813,17.398497152540628,9.916480821361635,-18.471214218375295,-40.406747367040744,24.809216918917198,-37.85483786678895,-6.465732379411245,-16.78229686038804,-0.11578546149990773,2.6385888499857155,34.65819406132022,3.6402610490341565,16.22600620342006
-1.111588952113902,0.23362625519753874,1.2624845091871566,-0.7795710989712838,-1.4884116506423792,5.47128875639011,1.4034183838617655,-1.6451338715720065,-0.4693385523166345,-0.500966873203583,1.2944865556085872,1.0426550983657545,-1.009335302059235,-0.004671930200951015,1.2212700333372597,0.9949062998986635,-4.806350390260867,1.156103682039067,-0.354291111109267,-3.5148275899999253,1.122362327302286,-0.4365479106119763,3.0960730663515177,0.9114872419195434,3.533432012817019,-0.3359272452087776,1.0244862065534428,1.1850854270197264,-2.5483096049391705,0.9968895241046963,3.0822122424072966,-1.6739413125697653,-0.7687990812938384,2.4337514249859256,4.5224948405682905,-3.3842563632951435,3.7663799841931005,0.7332148013766671,2.3135317573224716,-0.30998500629774783,-0.08695388235092227,-4.488944582247958,-0.018181397786814362,-2.1464995827430142
-13.492554102223504,0.5153275958091845,17.757794399306693,-13.018844685087513,-19.864090978901952,60.76969273819209,15.61431099706348,-15.384709312959025,-13.720410680861841,-1.2806739657876298,6.484543416151369,14.54883729414969,-16.207342712407367,3.5379373986915446,20.339417519971107,7.873806133415924,-55.1535342710513,20.186737437863748,2.72587470533913,-44.273648335099125,7.60731042194594,-0.04696553744387187,42.3483789119647,19.03313303757777,30.446284305019248,-6.407484172046892,8.740844090026402,12.898186426305912,-22.89440911031813,3.0822122424072966,30.77379663330334,-23.710864492518926,-13.490996079465853,24.73309450154446,54.695438225469175,-33.19385644654231,51.46901719471603,8.668225066681808,22.271075820707345,0.10203550288194571,-3.5736154002858544,-46.457276829153336,-4.980183108869555,-21.720317868989973
10.653095631433317,-0.19757649405970604,-14.343999342804226,10.649950915352916,15.997706917508971,-47.727824481300736,-12.262432479956354,11.836713989671054,11.691686682036819,0.5731617873737098,-4.2905827206183496,-11.692155282224913,13.295007905614835,-3.0970232287866852,-16.710358030636424,-5.946002601040868,43.49505287522183,-16.601562352444475,-2.908807543800197,35.27230624018632,-5.412697309388319,-0.4697620315589871,-34.02166969523051,-15.83340139540575,-22.97222965844492,5.271418384181526,-6.625126414116377,-10.125863886918806,17.398497152540628,-1.6739413125697653,-23.710864492518926,19.185974534269313,11.13440459368938,-19.168238578792195,-43.26840412685906,25.583667722910878,-41.45254879994893,-6.88028699030851,-17.11999261022494,-0.45142171556508354,3.066232117304428,36.15279743087913,4.354919527910173,16.80817820310489
6.115404275360204,-0.21432631380274364,-8.259028583026426,6.22683779834699,9.431815339314348,-27.578266697244562,-7.190995860817518,6.878179775438194,6.940406532009935,0.22413175672277288,-2.3227249491027253,-6.859809577795462,7.617901237857526,-1.9232760382210217,-9.978942417583877,-3.303761944767428,25.27063103884314,-9.758952607079038,-1.8735036525666735,20.409595976096572,-3.0079295243615003,-0.38848619402443024,-19.8350807784927,-9.2618945587651,-13.084542003734702,3.201718690093537,-3.7048514834737007,-5.583835422842725,9.916480821361635,-0.7687990812938384,-13.490996079465853,11.13440459368938,6.603519651095852,-11.011174300010062,-24.957384477924727,14.634648781382516,-24.065111346517593,-4.027418643906484,-9.905277877092471,-0.5078217225752728,1.902433376611366,20.786122154394636,2.7267148295360153,9.654247094612831
-10.849337759929169,0.5502137974317509,14.287809179021632,-10.53418141725845,-16.227734480168998,49.18744645742731,12.740043969034323,-12.551260461821546,-11.171826203396032,-1.0003579272098442,5.217369899336183,11.81865075904457,-12.995055108189595,2.927955036798958,16.682335233329965,6.306136076747872,-44.75160748664528,16.389921118227896,2.316962901950868,-35.77988046852674,6.098080605874787,0.005044521097903817,34.31259745727036,15.363353988741869,24.576745999110436,-5.292389381724855,7.0006534765686554,10.190195307405823,-18.471214218375295,2.4337514249859256,24.73309450154446,-19.168238578792195,-11.011174300010062,19.985875541662594,44.124949476828164,-26.785299102245748,41.627750939338625,7.05565882784412,18.086161646936947,0.27114095919519066,-2.9784313862661222,-37.55119678046442,-4.151972216621147,-17.546307417983588
-24.31624191064659,0.7554361227668965,32.33944927515986,-23.94058525971101,-36.24906427928611,109.21427045547065,28.13438321462836,-27.37007312804941,-25.80095722670456,-1.7338179311318105,10.633691797368469,26.539031322834386,-29.70071644446486,6.835126112111109,37.58813656850174,13.749247789959982,-99.41893752042607,37.24415086063382,5.858644867901984,-80.17303990811845,12.98334411657546,0.5634456033476477,77.11979860131211,35.30308332247352,53.541726727967834,-11.909634212903729,15.338830167468434,22.984918672378612,-40.406747367040744,4.5224948405682905,54.695438225469175,-43.26840412685906,-24.957384477924727,44.124949476828164,98.69553310498821,-59.02081848870973,93.72578099605045,15.687772557008357,39.623652202417226,0.7681716567443282,-6.8093505499675,-83.03759209081814,-9.618790214254657,-38.72877816621949
14.520587255577336,-0.7307136631886517,-19.087897309046944,14.0327950040104,21.6308506990858,-65.8232937699812,-17.01960771563064,16.815145501402938,14.816002845325196,1.4094904451145394,-7.104367549930527,-15.756169457704646,17.35708376215332,-3.848928294836957,-22.165561594120962,-8.500694229086244,59.83335993970395,-21.816318385944644,-2.9793341605027885,47.824452574840954,-8.242377637887003,0.07541008529627707,-45.79133899627443,-20.4354299292559,-33.02558026578311,7.0153140755407,-9.42583328076287,-13.713263328453019,24.809216918917198,-3.3842563632951435,-33.19385644654231,25.583667722910878,14.634648781382516,-26.785299102245748,-59.02081848870973,35.933289458603426,-55.57590331392151,-9.416916812287832,-24.233329173546036,-0.26036574839624793,3.9254123096787756,50.31063857254664,5.4523360149413165,23.51731795699295
-23.066769154949185,0.5526803946956009,30.96384040677283,-22.999735695887477,-34.67415403423896,103.52991192619584,26.656214395347053,-25.78075742046011,-25.160515899200664,-1.3285385679017037,9.487541788545748,25.3278475823472,-28.615682380561456,6.686302754720686,36.17938989292572,12.901703803526834,-94.36417363838555,35.85410202356155,6.161560825985653,-76.36212709401315,11.862255486727083,0.9133132528834778,73.64244498493804,34.10996874261752,50.0352425025122,-11.440293877153419,14.38084764084983,21.81879855603915,-37.85483786678895,3.7663799841931005,51.46901719471603,-41.45254879994893,-24.065111346517593,41.627750939338625,93.72578099605045,-55.57590331392151,89.6350222394267,14.924550816399035,37.26265686836651,0.9920740580375352,-6.638044399193768,-78.47035015972612,-9.414887109998535,-36.5090677434354
-3.844333794692157,0.21583214887241453,5.101946562456872,-3.8083522262177425,-5.868897893759789,17.47693823402305,4.568371450747179,-4.450337835377312,-4.112212237001733,-0.27706513709078906,1.7276481964041104,4.265725338221799,-4.637929507638569,1.1175210225454004,6.116141966138736,2.1770672355375202,-15.96798197607194,5.9490094211151145,0.9586942633536848,-12.761219536639524,2.0740793550717322,0.09086024716447151,12.32430934578382,5.5834970263554435,8.58796493095989,-1.9585349011415751,2.4223990493914065,3.5168237946406133,-6.465732379411245,0.7332148013766671,8.668225066681808,-6.88028699030851,-4.027418643906484,7.05565882784412,15.687772557008357,-9.416916812287832,14.924550816399035,2.5404316579431345,6.403378597092529,0.22260268011942744,-1.129486764107563,-13.28185756563032,-1.5930004667241149,-6.19386855562707
-9.709932150065413,0.7244359601595745,12.68298203904856,-9.398319617435916,-14.72087702008035,44.42581599919205,11.64080726557507,-11.51551847492585,-9.904722071647111,-0.9734572966792017,4.895908703911601,10.669819520371236,-11.405315268512242,2.652674466464434,15.134643950299246,5.657192381112131,-40.51380733247505,14.663734697670732,1.994001778338155,-32.112890488714356,5.604189513844156,-0.08438279682931937,30.84042615849914,13.587237778857679,22.389594921557116,-4.859335795923199,6.288593518666144,8.879892885577283,-16.78229686038804,2.3135317573224716,22.271075820707345,-17.11999261022494,-9.905277877092471,18.086161646936947,39.623652202417226,-24.233329173546036,37.26265686836651,6.403378597092529,16.527085107835205,0.3820395478780695,-2.7299464969975684,-33.947192189817336,-3.7936938854754096,-15.885842030117335
-0.13513180274527883,0.2010854212583473,0.2133130377531861,-0.326805834002282,-0.6567083910034598,0.9512712404765181,0.44104342472521163,-0.32392123127428624,-0.546569845372482,0.17015570132396807,-0.17237131119921256,0.4102668247499457,-0.12893781996367834,0.29750545904737763,0.9016762299675853,-0.12206615960291335,-1.1213631256311423,0.6142893164777964,0.3903580775752947,-0.7415138913253598,-0.09707125419908663,0.20513533204286288,0.9721160166315007,0.47835726100780623,0.13515487492347827,-0.3880514587637955,-0.0870771591080549,-0.288120578835689,-0.11578546149990773,-0.30998500629774783,0.10203550288194571,-0.45142171556508354,-0.5078217225752728,0.27114095919519066,0.7681716567443282,-0.26036574839624793,0.9920740580375352,0.22260268011942744,0.3820395478780695,0.4525675086290906,-0.2932710254969342,-0.5384716880385724,-0.45691136089836987,-0.23529807198928407
1.6515313948091341,-0.12954057061979776,-2.231540799319911,1.7440674519944968,2.695780107291451,-7.55129092353749,-2.038673155526339,1.9130259744276215,2.0034117614179054,-9.264326464322599e-4,-0.5492743509402325,-1.9412404452036636,2.030754482713673,-0.6122376211491827,-2.925342940705452,-0.8134638869329393,7.009062794812561,-2.768903063833455,-0.6198636525545955,5.60252746031348,-0.7587012288242878,-0.17084512461308682,-5.53445706679722,-2.5887203303132043,-3.4756292122097894,0.9780819067912078,-0.9357036492775509,-1.3547388084828507,2.6385888499857155,-0.08695388235092227,-3.5736154002858544,3.066232117304428,1.902433376611366,-2.9784313862661222,-6.8093505499675,3.9254123096787756,-6.638044399193768,-1.129486764107563,-2.7299464969975684,-0.2932710254969342,0.6024828050964118,5.6269237058439305,0.8779671272132387,2.6116822324416655
20.415653920625292,-0.9813935228287612,-26.952945315423236,19.87647635449227,30.56646344174109,-92.5138507550603,-23.94475228004633,23.559193750877757,21.148360987221192,1.8191313786460686,-9.697579829299867,-22.257505893797376,24.55870047771781,-5.5370827784255985,-31.463480068896185,-11.856656630433495,84.17915592628557,-30.933566746837865,-4.4713645294753,67.37310503773848,-11.379518993499657,-0.08353312914733581,-64.63995731303976,-29.038910205976745,-46.086866463246515,9.965406328644436,-13.148862502245223,-19.212353960718097,34.65819406132022,-4.488944582247958,-46.457276829153336,36.15279743087913,20.786122154394636,-37.55119678046442,-83.03759209081814,50.31063857254664,-78.47035015972612,-13.28185756563032,-33.947192189817336,-0.5384716880385724,5.6269237058439305,70.59258758880739,7.848809791551093,32.96375671610351
2.3365192184257033,-0.15907753008441589,-3.1703701793512162,2.5014095388029904,3.8132938413101236,-10.586236523133593,-2.8625518229770694,2.640192184173052,2.901341087957835,-0.054010110387868945,-0.6745878713829038,-2.7671714157560867,2.8929389614949854,-0.9094500628676425,-4.18281877021789,-1.0903976626211085,9.849877987538795,-3.9699528131031325,-0.9362375192625934,7.9179123100074325,-1.0156809992310758,-0.29710513591544024,-7.863107976386664,-3.7428220512539876,-4.777011886022398,1.4111861267134582,-1.2750405878950641,-1.883769412969241,3.6402610490341565,-0.018181397786814362,-4.980183108869555,4.354919527910173,2.7267148295360153,-4.151972216621147,-9.618790214254657,5.4523360149413165,-9.414887109998535,-1.5930004667241149,-3.7936938854754096,-0.45691136089836987,0.8779671272132387,7.848809791551093,1.2988667794112085,3.642366474133854
9.524639752159091,-0.4900081812181379,-12.528763981147785,9.239122286672393,14.230535532319855,-43.167395029102344,-11.18477306984745,11.016046233555587,9.780246935344222,0.884060403436949,-4.5949651916845395,-10.373933120871389,11.382809874520747,-2.569671035361941,-14.629077439166426,-5.5330489250902986,39.27395116166529,-14.370393323684867,-2.010184104159081,31.389665536422243,-5.367788432824424,0.0056323689265170935,-30.104515467775947,-13.470304342967543,-21.593941427718605,4.645020282677686,-6.144954280686688,-8.933742261968236,16.22600620342006,-2.1464995827430142,-21.720317868989973,16.80817820310489,9.654247094612831,-17.546307417983588,-38.72877816621949,23.51731795699295,-36.5090677434354,-6.19386855562707,-15.885842030117335,-0.23529807198928407,2.6116822324416655,32.96375671610351,3.642366474133854,15.407824261210848
