V1,V2,V3,V4,V5,V6,V7,V8,V9,V10,V11,V12,V13,V14,V15,V16,V17,V18,V19,V20,V21,V22,V23,V24,V25,V26,V27,V28,V29,V30,V31,V32,V33,V34,V35,V36,V37,V38,V39,V40,V41,V42,V43,V44
0.38375605657665773,0.27685774067139074,-0.3950403850199943,0.24444171587568936,-0.09861684256786164,-0.4497018555765579,0.020995096930173204,-0.144945917174315,0.17757301393511038,-0.08528449184120133,0.0992353049522271,-0.12492663385438361,0.41119096545818973,-0.09845402088230304,0.005501151000828295,0.008754861490475125,0.3229295936796921,-0.23307189422082503,0.04498481880382433,0.6397357668558564,-0.040407044051659485,-0.014700465015627329,-0.5430253026926011,-0.4575490252263686,-0.16491418191339488,-0.023354216877704254,-0.07771284693313783,-0.4307787617483763,0.18214308121172157,0.1998721360400425,-0.4655061286744309,0.45464077961770344,0.16504096641500823,-0.13890567120491015,-1.0561482616116884,0.3527805761076413,-0.6437620133308741,-0.08630650187969634,-0.09406822478158737,0.1975049113604703,-8.408890421497689e-4,0.4488308265092325,0.0910827535713202,0.21377316024466464
0.27685774067139074,0.8580342766855912,-0.6063406105434285,0.29836114511268014,-0.46608773976810014,0.1311566412227837,0.6295576762761013,-0.6234681239610871,0.35261208356367024,-0.10603748556816252,0.43954087577504514,0.209138785983968,0.9610340329955284,0.1271017661812067,0.5649516615074534,-0.17477887427549157,-0.6632361073697683,-0.081286521344716,-0.09482857428294977,0.4862957936449294,0.10785070965914775,-0.10215310591586567,-0.24738043251073333,-0.7633354142629826,0.5008544896476087,-0.49746445690558644,-0.09263575424310286,-1.0786848079469238,-0.40631456867067955,0.3014046203219904,-0.24541496782989566,0.30694750863221854,0.05406412800170959,0.16859587059894013,-0.5366520752910404,-0.11682917484724352,-0.7148570651887313,0.20797750866836265,0.8605064000091182,0.6311975562880198,-0.18385656492410704,-0.2635753907586522,-0.2525007918629504,-0.174828208579689
-0.3950403850199943,-0.6063406105434285,0.792164907135791,-0.41891964567011614,-0.010871283153273088,0.5953580594175604,-0.1942381276256786,0.3075999083826694,-0.6052070098715513,0.13761301168152698,-0.41050333138546197,0.1540593412606271,-1.0639639364553022,-0.018319126888838723,-0.00661330873870417,0.1740753636072721,-0.3015321161967025,0.5289277175326209,0.2853627286081057,-0.999506463723255,-0.16602659773654907,0.2340162545700853,0.7708304450820921,0.9136933129202309,-0.15875284596644304,0.14090470514279038,0.21361836978995752,1.0012025728654235,-0.023562097874135875,-0.24303760086497533,0.512488244644851,-0.8097525123483269,-0.24301534915690545,0.17304853847321588,1.2234565072136006,-0.2584519524907249,1.367229422022544,0.04306526000498934,-0.2160382175825277,-0.408658983647308,0.10799081812924413,-0.44295572016904844,0.07183578952440837,-0.14320582643256097
0.24444171587568936,0.29836114511268014,-0.41891964567011614,0.39349788524523976,0.15510702169870377,-0.5530162000489954,0.038263502632630494,-0.1551668399162719,0.4962614389629231,-0.21552889304830158,0.30790512995345337,-0.16987210088248778,0.5153884674205823,-0.17968506328883144,-0.3034028792956531,-0.01622174403281398,0.3779131088196673,-0.45384317755052817,-0.23814344505366536,0.691384371806467,0.10920939083285769,-0.1637512923356032,-0.8139016667236688,-0.7500206595041806,0.15481569630760061,-0.003568997086576902,0.05094144941876371,-0.33479243566297945,-0.14863475311177438,0.39355375071571114,-0.20303753242974176,0.38704214808195364,0.353673659415535,-0.06669707127565513,-0.7773973984997652,0.11262711440386926,-1.0070742990326615,-0.024411695837051887,0.2287355731447882,-0.010765013712039622,0.13609171136957576,0.21111998464883225,0.19836310295230827,0.061319985741528825
-0.09861684256786164,-0.46608773976810014,-0.010871283153273088,0.15510702169870377,0.9228065050061273,-1.0062664433069965,-0.5961544058612104,0.6371944458876857,0.47266018675952837,-0.015435827149989305,-0.010935801992869266,-0.3943252408811627,-0.06802079808308105,-0.1700169384272893,-0.9961039525172084,0.0696141403620665,1.2841079930439716,-0.5012555375921626,-0.4560170723789081,0.5313814645460553,0.05563832700176546,-0.1967264851388647,-0.69175620689152,-0.07902425731511521,-0.28166968603393167,0.4910363513929369,0.024646985570380277,0.5389147773985526,0.23231527673325791,0.04765083775108197,0.030485501213065716,0.283685909085622,0.41041847111829133,-0.38746527834283034,-0.29399541278985425,0.29280029393613355,-0.7228923663577609,-0.22423141397921395,-0.5819553778490091,-0.5583269921094586,0.2449391207234754,0.578741331708529,0.37840563870571414,0.24889569951685928
-0.4497018555765579,0.1311566412227837,0.5953580594175604,-0.5530162000489954,-1.0062664433069965,3.0550236957853683,0.7136502466112622,-0.9140944476259825,-0.5130628557836091,-0.14124294305009805,0.5466776793908048,0.5077846866770291,-0.5114339635137183,0.11714967356244024,0.967294472103682,0.5275021134406888,-2.589406911416576,0.7323629216821623,0.049568461020742666,-1.8895855982500411,0.5092797303359761,-0.1924525146735278,1.9406421215194551,0.7105427523194204,1.593068072880284,-0.1407425643970083,0.33391925116428234,0.4029940510856855,-0.9387637102597388,0.27991412494184803,1.3230544884297162,-0.682284566929202,-0.6489445638276261,1.1736882071623493,2.0466818306215258,-1.5647608178895223,2.2552598009840263,0.2946689966891178,0.8315881655989064,0.09380404044551902,-0.2632356545169897,-2.0865545705225896,-0.17010438998237698,-0.9585297870141406
0.020995096930173204,0.6295576762761013,-0.1942381276256786,0.038263502632630494,-0.5961544058612104,0.7136502466112622,0.6690495395578495,-0.5949330711125724,0.010806252253855638,-0.03961879695812951,0.27863379296642743,0.39306522381955195,0.4778985936789161,0.18936864515331833,0.7328711169049782,-0.11088218228697862,-1.1375248279210042,0.27414016672794417,0.03465151487257885,-0.1894896880039839,0.08292038918977064,0.013852714343307652,0.3544721035697377,-0.26409860178948596,0.6017712523531878,-0.509240786177422,0.01657961562614713,-0.6635220459854231,-0.5401959999086784,0.16867895947297804,0.12278016938571464,-0.1502731694035468,-0.15905719574371902,0.3705436708684741,0.32512262673820996,-0.4024559655808856,0.12574832063090868,0.28603731397698456,0.9255912077522672,0.5198712151052188,-0.19476577327055405,-0.685840666208312,-0.30773916060075535,-0.3661645149509628
-0.144945917174315,-0.6234681239610871,0.3075999083826694,-0.1551668399162719,0.6371944458876857,-0.9140944476259825,-0.5949330711125724,0.8676794575380296,-0.11294828957309089,0.26623880780829495,-0.5151075300742926,-0.13633167846903824,-0.5159979884893812,0.005252154507819172,-0.5820028321091513,-0.050450093671866564,1.11286376733411,0.07672322705425985,-0.010796123379432287,0.14891458257049242,-0.2630026042269436,0.1748081870386369,-0.13978565760741768,0.5903858359560898,-0.8275260872776193,0.28704649504744434,-0.07667000786414169,0.6815015343860309,0.5101322948502627,-0.3903130196288108,-0.07833216622493973,-0.10682137039352109,0.17185632971183024,-0.44059974540737673,0.013530292260551347,0.5357647799372393,0.07927169945503103,-0.20590039260659534,-0.8019296791567525,-0.3954230823731151,0.15271652262973195,0.7000329445157771,0.15046960813381868,0.3527202789791053
0.17757301393511038,0.35261208356367024,-0.6052070098715513,0.4962614389629231,0.47266018675952837,-0.5130628557836091,0.010806252253855638,-0.11294828957309089,1.003259787883591,-0.3089719669428662,0.6972524077518161,-0.24981658782175029,0.8665399585009245,-0.20945324465443269,-0.6521721011793037,0.09389018715109873,0.49174433405408363,-0.7560052736805457,-0.7507687383105949,0.9228088067517942,0.42120375379246033,-0.45126927230304287,-0.9719640008246218,-0.9577918841097328,0.6419853813936979,0.13734747660636107,0.0796247662640357,-0.3378536536609453,-0.390441530504408,0.6372150062370342,0.10824239410520947,0.7193542092268165,0.5781983637488647,0.018466206368084,-0.7618262487870078,-0.11912081736794802,-1.4076087202149155,-0.06313486876453389,0.315640586369209,-0.14817129786563066,0.17647911797729476,0.04314953415202787,0.3308026922173881,-0.07654543373566987
-0.08528449184120133,-0.10603748556816252,0.13761301168152698,-0.21552889304830158,-0.015435827149989305,-0.14124294305009805,-0.03961879695812951,0.26623880780829495,-0.3089719669428662,0.3924275395216965,-0.2725733378829765,0.0997064183150417,-0.16375937071495705,0.2719686141383591,0.31210015912500416,-0.043619791022548524,0.03563676363903527,0.38054447577176886,0.18665510961282195,-0.07917744260464604,-0.3246527722581681,0.17451376480817266,0.39840514173137104,0.4854114655159366,-0.4714795764770757,-0.07015365584987913,-0.19388795134564668,0.030394549257274427,0.2897607705935799,-0.4134120827706508,-0.2561216448249373,-0.2194593133255329,-0.2195574394993465,-0.27196881140877865,0.1436421543111552,0.20464589740510164,0.41355061430166834,0.010246807770758554,-0.22937117437406312,0.2430375377750792,-0.19820123245734297,0.1252094589877619,-0.24449918806369117,0.14518895699860074
0.0992353049522271,0.43954087577504514,-0.41050333138546197,0.30790512995345337,-0.010935801992869266,0.5466776793908048,0.27863379296642743,-0.5151075300742926,0.6972524077518161,-0.2725733378829765,0.8981943487723931,-0.12558828729554375,0.6339115313630057,-0.15161909806486554,-0.15907650909223622,0.35154837273662287,-0.4602989938905489,-0.4426143628647444,-0.5837781729624263,0.3035029367361771,0.4513387270617529,-0.48123517404211974,-0.29201819448100613,-0.7405160430819251,1.0560084582695894,0.0810539309460936,0.16310902030231084,-0.23560540344410646,-0.6241480241601641,0.7052939574467603,0.3450953390188585,0.4351271346624547,0.26941375565674014,0.3354783962278894,-0.2471941326446805,-0.638087517860894,-0.5557890255930181,0.0353181842605731,0.5593322692038104,0.0011437799374524554,0.027277117946790073,-0.6904045231720144,0.23875355619297833,-0.3345541072374804
-0.12492663385438361,0.209138785983968,0.1540593412606271,-0.16987210088248778,-0.3943252408811627,0.5077846866770291,0.39306522381955195,-0.13633167846903824,-0.24981658782175029,0.0997064183150417,-0.12558828729554375,0.4727364710672046,-0.021815497031682736,0.2077789017592428,0.5240586454610134,-0.13225328736762254,-0.7969455970023764,0.5305296685491971,0.11989904170410982,-0.4243096494573059,-0.05515265690539179,0.22681727638147556,0.5608098213784125,0.2999030658164743,0.18805910658684796,-0.4052806609974464,0.04279944153475855,-0.1223321447171535,-0.3296431293115343,-0.07996882007817405,0.2704919362773889,-0.3683447309555012,-0.1323149104796872,0.28574437569227684,0.6742221538071745,-0.20382706665127331,0.5860482356251001,0.18770701150580457,0.5225521357604248,0.2748170862327588,-0.09825596879400507,-0.43755373351499666,-0.23110709169526641,-0.27011064312626515
0.41119096545818973,0.9610340329955284,-1.0639639364553022,0.5153884674205823,-0.06802079808308105,-0.5114339635137183,0.4778985936789161,-0.5159979884893812,0.8665399585009245,-0.16375937071495705,0.6339115313630057,-0.021815497031682736,1.5900728036045648,0.14878347875855302,0.21881910974778931,-0.30074100648748386,0.0026458914628961134,-0.5928750298893463,-0.4813649199157673,1.1812084569789252,0.30650206914542166,-0.3340237643016362,-0.7831303581208509,-1.1819698577153743,0.5031676744981172,-0.3484028640974487,-0.28803985878894517,-1.510709610375814,-0.21034970905640482,0.3279817724887829,-0.5015349262402989,0.973561010499063,0.24285612533728435,-0.09126673519694473,-1.2390192142897667,0.14785870545188085,-1.7190414865451646,0.07632444133458795,0.6383533660603469,0.6827422466297928,-0.22511594899987622,0.2769891529054678,-0.24583896480876766,8.899118202233998e-4
-0.09845402088230304,0.1271017661812067,-0.018319126888838723,-0.17968506328883144,-0.1700169384272893,0.11714967356244024,0.18936864515331833,0.005252154507819172,-0.20945324465443269,0.2719686141383591,-0.15161909806486554,0.2077789017592428,0.14878347875855302,0.34213569736901234,0.49406430961031167,-0.19557631407239504,-0.3290288110994093,0.3188541688756925,0.10596456935905493,-0.14145772337332507,-0.14520189056383973,0.11083763135688202,0.47908607621605187,0.28651305987956766,-0.14974599071894945,-0.22843665265330038,-0.22287113528619243,-0.348459291791457,0.10802060614735201,-0.38429126893524634,-0.15779533797761602,-0.09804319060717094,-0.2812767459864968,-0.10672622358776056,0.28430284140355117,0.04609452920023678,0.2518880156706547,0.0876889331835846,0.08849831443848331,0.4079080803431663,-0.2786444414897276,-0.018945791963370304,-0.3921762650618521,-0.006720265682679696
0.005501151000828295,0.5649516615074534,-0.00661330873870417,-0.3034028792956531,-0.9961039525172084,0.967294472103682,0.7328711169049782,-0.5820028321091513,-0.6521721011793037,0.31210015912500416,-0.15907650909223622,0.5240586454610134,0.21881910974778931,0.49406430961031167,1.4659237269334633,-0.23607251242567107,-1.455391306369855,0.7526903733195249,0.5922822555809697,-0.5775521561455063,-0.26468576892689744,0.2789283114565155,1.072983864750632,0.3462044553861647,0.04744167226150254,-0.6547440156830543,-0.26199942180758806,-0.894680868071037,-0.05411006206183216,-0.4238445415008193,-0.32017591742522944,-0.43655140521555164,-0.7321556906505892,0.16986942401817462,0.47353055296517804,-0.1467513220220231,0.8970260314875342,0.35238172668062673,0.6278254535103974,0.9523124524432316,-0.5285071656235188,-0.5442867996073957,-0.7639444640228101,-0.19181542923662928
0.008754861490475125,-0.17477887427549157,0.1740753636072721,-0.01622174403281398,0.0696141403620665,0.5275021134406888,-0.11088218228697862,-0.050450093671866564,0.09389018715109873,-0.043619791022548524,0.35154837273662287,-0.13225328736762254,-0.30074100648748386,-0.19557631407239504,-0.23607251242567107,0.6278447200316482,-0.15482847630182,0.007168749730423713,-0.19788266745929664,-0.11960802980871782,0.06480407845819981,-0.18516741226053451,0.11206911225384929,0.1200948163145405,0.3933155163782341,0.38717358330594365,0.2597290396546946,0.6694056456254275,-0.19962789525899521,0.48514177682244447,0.32046112148249084,0.0023097405171203576,0.12118385134763437,0.175427506196939,-0.00614371714291875,-0.34930420348701585,0.4897332373509651,-0.08222050468336575,-0.1481636884842294,-0.2777017913572216,0.08319202375617414,-0.46327872209487214,0.45295739320277073,-0.129125387320694
0.3229295936796921,-0.6632361073697683,-0.3015321161967025,0.3779131088196673,1.2841079930439716,-2.589406911416576,-1.1375248279210042,1.11286376733411,0.49174433405408363,0.03563676363903527,-0.4602989938905489,-0.7969455970023764,0.0026458914628961134,-0.3290288110994093,-1.455391306369855,-0.15482847630182,2.8280126849454468,-0.9123104660968817,-0.1990692235100231,1.509241774400537,-0.2617009255566397,-0.02059516802368434,-1.6931979356599005,-0.33001876847739386,-1.4291641305666083,0.6812323780211924,-0.22248543975496285,0.3425341921908883,1.1059924115082593,-0.2074740889889464,-0.9141335898508179,0.7898708178785506,0.637754527135413,-1.0648693135694811,-1.810933592858235,1.3520413687463528,-1.7339116113247681,-0.5079156015360377,-1.4818863195559935,-0.6214975871684967,0.3766907650654876,2.0052065927408016,0.4915892291259043,0.958003323365272
-0.23307189422082503,-0.081286521344716,0.5289277175326209,-0.45384317755052817,-0.5012555375921626,0.7323629216821623,0.27414016672794417,0.07672322705425985,-0.7560052736805457,0.38054447577176886,-0.4426143628647444,0.5305296685491971,-0.5928750298893463,0.3188541688756925,0.7526903733195249,0.007168749730423713,-0.9123104660968817,0.9953127596723056,0.44357224390713595,-0.8509396138857257,-0.3652268463033559,0.4147878471852224,1.1027940075583194,0.9366820344574284,-0.2284683773417375,-0.3338607851377442,0.016507615541915207,0.33015577399610585,-0.07129938094880849,-0.3708995833093035,0.22728347712327987,-0.765192066833818,-0.3619371677415906,0.1842796525575029,1.0105834511227387,-0.1348853770682835,1.4687695489815291,0.15515637298847007,0.1819819850624299,0.28352675673962685,-0.19480139132789895,-0.47872834496663297,-0.27541734274916124,-0.17897246057830185
0.04498481880382433,-0.09482857428294977,0.2853627286081057,-0.23814344505366536,-0.4560170723789081,0.049568461020742666,0.03465151487257885,-0.010796123379432287,-0.7507687383105949,0.18665510961282195,-0.5837781729624263,0.11989904170410982,-0.4813649199157673,0.10596456935905493,0.5922822555809697,-0.19788266745929664,-0.1990692235100231,0.44357224390713595,0.7527668254359503,-0.40768259373745447,-0.4179429978768598,0.38591478727837486,0.40389850030055224,0.44265424768822936,-0.6928459955744098,-0.21275262783859508,-0.12544678007250257,-0.0935685534233828,0.42161503715008863,-0.4817661227069191,-0.44626271169946813,-0.4895731415556437,-0.44489862353662607,-0.13763694833145299,0.089874156536454,0.34546784878274683,0.6861196124097532,0.09337366928149816,-0.18855967678884764,0.24301127315408935,-0.1273131853294966,0.2124881275710529,-0.3191198902812928,0.20246124744067703
0.6397357668558564,0.4862957936449294,-0.999506463723255,0.691384371806467,0.5313814645460553,-1.8895855982500411,-0.1894896880039839,0.14891458257049242,0.9228088067517942,-0.07917744260464604,0.3035029367361771,-0.4243096494573059,1.1812084569789252,-0.14145772337332507,-0.5775521561455063,-0.11960802980871782,1.509241774400537,-0.8509396138857257,-0.40768259373745447,1.9245546522633386,-0.07690539216228082,-0.19686961261788907,-1.703343533487416,-1.1940709123894102,-0.4405899897220773,0.07652647765994018,-0.2340461403805123,-0.8757902857671497,0.3529100859288225,0.3783185707116804,-1.0032427731242184,1.1231414839912621,0.6619104037379723,-0.6545458307781342,-2.2649935848244573,0.8918901600536728,-2.2413580212490354,-0.2065658857460638,-0.22105056717683244,0.235874404180168,0.08460093848307568,1.2330828316971383,0.24748345003945538,0.5476102578980383
-0.040407044051659485,0.10785070965914775,-0.16602659773654907,0.10920939083285769,0.05563832700176546,0.5092797303359761,0.08292038918977064,-0.2630026042269436,0.42120375379246033,-0.3246527722581681,0.4513387270617529,-0.05515265690539179,0.30650206914542166,-0.14520189056383973,-0.26468576892689744,0.06480407845819981,-0.2617009255566397,-0.3652268463033559,-0.4179429978768598,-0.07690539216228082,0.5267143869948191,-0.3121824755998544,-0.05615831849269181,-0.33467344967094237,0.766675456529327,0.0900706617463394,0.10900274153287215,-0.0766628454783944,-0.37089591719310533,0.33531681753049,0.49951865996349343,0.336724580986509,0.14900358744493283,0.36746812724059136,0.17049711195574083,-0.4485910003573322,-0.27273044508539673,-0.02780443540999492,0.235586361487905,-0.19762308774126966,0.09116491600584778,-0.3516406544094018,0.12778776035616898,-0.27512242447680413
-0.014700465015627329,-0.10215310591586567,0.2340162545700853,-0.1637512923356032,-0.1967264851388647,-0.1924525146735278,0.013852714343307652,0.1748081870386369,-0.45126927230304287,0.17451376480817266,-0.48123517404211974,0.22681727638147556,-0.3340237643016362,0.11083763135688202,0.2789283114565155,-0.18516741226053451,-0.02059516802368434,0.4147878471852224,0.38591478727837486,-0.19686961261788907,-0.3121824755998544,0.37045088923479375,0.21852921067710654,0.39010039715051553,-0.5230190533822328,-0.21381778315139577,-0.03962178555619853,0.06771553018676747,0.18840387041419632,-0.3170075811470986,-0.17595229400725823,-0.34870583100564767,-0.1356431546362233,-0.08765279975037063,0.1798172217425596,0.2846312300625265,0.41765615751258456,0.04352023033193578,-0.070865289525202907,0.12151363073337167,-0.014214454479674635,0.2132002204336774,-0.15963484527438018,0.10546211539766402
-0.5430253026926011,-0.24738043251073333,0.7708304450820921,-0.8139016667236688,-0.69175620689152,1.9406421215194551,0.3544721035697377,-0.13978565760741768,-0.9719640008246218,0.39840514173137104,-0.29201819448100613,0.5608098213784125,-0.7831303581208509,0.47908607621605187,1.072983864750632,0.11206911225384929,-1.6931979356599005,1.1027940075583194,0.40389850030055224,-1.703343533487416,-0.05615831849269181,0.21852921067710654,2.07920833299663,1.4200076633671501,0.3044051182664522,-0.20314250933303518,-0.05549917802664041,0.406226736801282,-0.1255051924538666,-0.6061166402265475,0.678834446161227,-0.8724186322078524,-0.8556668387185163,0.4762343897190537,1.962283188051233,-0.7047872182002433,2.343563704785423,0.20787309071761334,0.11617319282136804,0.2961565042598028,-0.43401776124487035,-1.0981721115300476,-0.5386698914254714,-0.4564886378731293
-0.4575490252263686,-0.7633354142629826,0.9136933129202309,-0.7500206595041806,-0.07902425731511521,0.7105427523194204,-0.26409860178948596,0.5903858359560898,-0.9577918841097328,0.4854114655159366,-0.7405160430819251,0.2999030658164743,-1.1819698577153743,0.28651305987956766,0.3462044553861647,0.1200948163145405,-0.33001876847739386,0.9366820344574284,0.44265424768822936,-1.1940709123894102,-0.33467344967094237,0.39010039715051553,1.4200076633671501,1.6086697898889906,-0.5643835353502753,0.13049635734692172,-0.045089388926749595,0.9820245497248697,0.3960350446063602,-0.7213198943363791,0.3714212053529246,-0.8015856939178561,-0.5277732877520269,0.004170175697177762,1.3642033164189904,-0.0026211380907054387,1.9765473660249238,-0.02360405682000444,-0.6693977264180633,-0.14457233078765722,-0.15929983939960574,-0.18599762207376516,-0.19611895054765047,-0.004724681192058991
-0.16491418191339488,0.5008544896476087,-0.15875284596644304,0.15481569630760061,-0.28166968603393167,1.593068072880284,0.6017712523531878,-0.8275260872776193,0.6419853813936979,-0.4714795764770757,1.0560084582695894,0.18805910658684796,0.5031676744981172,-0.14974599071894945,0.04744167226150254,0.3933155163782341,-1.4291641305666083,-0.2284683773417375,-0.6928459955744098,-0.4405899897220773,0.766675456529327,-0.5230190533822328,0.3044051182664522,-0.5643835353502753,1.822508184232271,-0.06420849813846805,0.3892860036546642,-0.08504248009165787,-1.202899830367189,0.8920325651622055,1.0799887053687818,0.11503735123599425,0.14573769482134605,0.9064237981279946,0.8149540696951537,-1.2700704118654897,0.10680443334134014,0.21843751025650854,1.1319145585554868,-0.08996019624157202,0.04901393277865421,-1.5122049280335945,0.20545121376774833,-0.8225250337588561
-0.023354216877704254,-0.49746445690558644,0.14090470514279038,-0.003568997086576902,0.4910363513929369,-0.1407425643970083,-0.509240786177422,0.28704649504744434,0.13734747660636107,-0.07015365584987913,0.0810539309460936,-0.4052806609974464,-0.3484028640974487,-0.22843665265330038,-0.6547440156830543,0.38717358330594365,0.6812323780211924,-0.3338607851377442,-0.21275262783859508,0.07652647765994018,0.0900706617463394,-0.21381778315139577,-0.20314250933303518,0.13049635734692172,-0.06420849813846805,0.6179623515513318,0.09977143197912636,0.6884065028828329,0.2640887568266254,0.16168676665506473,0.0940729659266699,0.23895055483181493,0.12816449773385655,-0.15037152366417558,-0.23636061214302853,0.03646410882931883,0.02424886546471671,-0.24241305697289708,-0.7065261149940458,-0.4939932451846403,0.1337237359182811,0.23398025826164706,0.4296598094300371,0.15736084992420366
-0.07771284693313783,-0.09263575424310286,0.21361836978995752,0.05094144941876371,0.024646985570380277,0.33391925116428234,0.01657961562614713,-0.07667000786414169,0.0796247662640357,-0.19388795134564668,0.16310902030231084,0.04279944153475855,-0.28803985878894517,-0.22287113528619243,-0.26199942180758806,0.2597290396546946,-0.22248543975496285,0.016507615541915207,-0.12544678007250257,-0.2340461403805123,0.10900274153287215,-0.03962178555619853,-0.05549917802664041,-0.045089388926749595,0.3892860036546642,0.09977143197912636,0.32679047522840754,0.5181619276119384,-0.40673357181028474,0.4111088636801596,0.46154391849453147,-0.2175057298637766,0.20315163563849006,0.30024207730180597,0.3498026065986961,-0.3412111527486139,0.26052091040541303,0.029185638697391606,0.24191832161391447,-0.33925540625399353,0.22453412720950688,-0.4471304472140427,0.34402551885989513,-0.22820024088387553
-0.4307787617483763,-1.0786848079469238,1.0012025728654235,-0.33479243566297945,0.5389147773985526,0.4029940510856855,-0.6635220459854231,0.6815015343860309,-0.3378536536609453,0.030394549257274427,-0.23560540344410646,-0.1223321447171535,-1.510709610375814,-0.348459291791457,-0.894680868071037,0.6694056456254275,0.3425341921908883,0.33015577399610585,-0.0935685534233828,-0.8757902857671497,-0.0766628454783944,0.06771553018676747,0.406226736801282,0.9820245497248697,-0.08504248009165787,0.6884065028828329,0.5181619276119384,2.04352574432767,-0.09066458313429963,0.19330149933786178,0.9284468382985996,-0.6838008718395393,0.2397718112274401,0.1835676363963602,1.1068958750796696,-0.3671098766494387,1.4099193937714125,-0.22868968200651113,-0.6859301575646922,-1.0809987679430402,0.435757709493952,-0.40819733977700334,0.7608600715206949,-0.11298341196710032
0.18214308121172157,-0.40631456867067955,-0.023562097874135875,-0.14863475311177438,0.23231527673325791,-0.9387637102597388,-0.5401959999086784,0.5101322948502627,-0.390441530504408,0.2897607705935799,-0.6241480241601641,-0.3296431293115343,-0.21034970905640482,0.10802060614735201,-0.05411006206183216,-0.19962789525899521,1.1059924115082593,-0.07129938094880849,0.42161503715008863,0.3529100859288225,-0.37089591719310533,0.18840387041419632,-0.1255051924538666,0.3960350446063602,-1.202899830367189,0.2640887568266254,-0.40673357181028474,-0.09066458313429963,1.0957436007912904,-0.6822475440460982,-0.8611145778666361,0.2869703587262928,-0.24378778186089756,-0.6870730420061368,-0.8510430955710097,0.9132754389273983,-0.14075427962991505,-0.25998295045709335,-1.151264688983494,0.0928575898281002,-0.15678148948088008,1.2241452139294542,-0.17686631267575237,0.6618280409344007
0.1998721360400425,0.3014046203219904,-0.24303760086497533,0.39355375071571114,0.04765083775108197,0.27991412494184803,0.16867895947297804,-0.3903130196288108,0.6372150062370342,-0.4134120827706508,0.7052939574467603,-0.07996882007817405,0.3279817724887829,-0.38429126893524634,-0.4238445415008193,0.48514177682244447,-0.2074740889889464,-0.3708995833093035,-0.4817661227069191,0.3783185707116804,0.33531681753049,-0.3170075811470986,-0.6061166402265475,-0.7213198943363791,0.8920325651622055,0.16168676665506473,0.4111088636801596,0.19330149933786178,-0.6822475440460982,0.9996902069827621,0.41583241235486357,0.2940413250819948,0.5146597857660757,0.40211863686091903,-0.426580770720681,-0.4369441361466629,-0.46986263936607103,0.007569188271074806,0.516469523804092,-0.2641396714175084,0.26895162538092265,-0.5307855370961436,0.6039628907167904,-0.2960391783638748
-0.4655061286744309,-0.24541496782989566,0.512488244644851,-0.20303753242974176,0.030485501213065716,1.3230544884297162,0.12278016938571464,-0.07833216622493973,0.10824239410520947,-0.2561216448249373,0.3450953390188585,0.2704919362773889,-0.5015349262402989,-0.15779533797761602,-0.32017591742522944,0.32046112148249084,-0.9141335898508179,0.22728347712327987,-0.44626271169946813,-1.0032427731242184,0.49951865996349343,-0.17595229400725823,0.678834446161227,0.3714212053529246,1.0799887053687818,0.0940729659266699,0.46154391849453147,0.9284468382985996,-0.8611145778666361,0.41583241235486357,1.3796696901532934,-0.42410614802011837,0.17861165609888952,0.7837189189450051,1.5687741002903541,-1.0102902992771206,0.9875410562307574,0.059137669459703786,0.48732665466720887,-0.5843568140022805,0.24657866420401262,-1.1814809478108066,0.32908687345594123,-0.6658136656389237
0.45464077961770344,0.30694750863221854,-0.8097525123483269,0.38704214808195364,0.283685909085622,-0.682284566929202,-0.1502731694035468,-0.10682137039352109,0.7193542092268165,-0.2194593133255329,0.4351271346624547,-0.3683447309555012,0.973561010499063,-0.09804319060717094,-0.43655140521555164,0.0023097405171203576,0.7898708178785506,-0.765192066833818,-0.4895731415556437,1.1231414839912621,0.336724580986509,-0.34870583100564767,-0.8724186322078524,-0.8015856939178561,0.11503735123599425,0.23895055483181493,-0.2175057298637766,-0.6838008718395393,0.2869703587262928,0.2940413250819948,-0.42410614802011837,1.259906016324638,0.37816186410230823,-0.22348801227606685,-1.5394653767702393,0.3610240149518765,-1.4377537660196562,-0.3039285938388025,-0.3924028285448902,0.14415373220771455,-0.046958159845232404,0.8120009584042912,0.18704784407581695,0.2719189171513881
0.16504096641500823,0.05406412800170959,-0.24301534915690545,0.353673659415535,0.41041847111829133,-0.6489445638276261,-0.15905719574371902,0.17185632971183024,0.5781983637488647,-0.2195574394993465,0.26941375565674014,-0.1323149104796872,0.24285612533728435,-0.2812767459864968,-0.7321556906505892,0.12118385134763437,0.637754527135413,-0.3619371677415906,-0.44489862353662607,0.6619104037379723,0.14900358744493283,-0.1356431546362233,-0.8556668387185163,-0.5277732877520269,0.14573769482134605,0.12816449773385655,0.20315163563849006,0.2397718112274401,-0.24378778186089756,0.5146597857660757,0.17861165609888952,0.37816186410230823,0.6725250729288371,0.015314014581229888,-0.5968340619938444,0.0795750802815517,-0.833947011605401,-0.16184875737319032,0.04884125324093823,-0.34673537734434867,0.32823201435480676,0.23278815472472597,0.4980577670375639,0.02786922345855635
-0.13890567120491015,0.16859587059894013,0.17304853847321588,-0.06669707127565513,-0.38746527834283034,1.1736882071623493,0.3705436708684741,-0.44059974540737673,0.018466206368084,-0.27196881140877865,0.3354783962278894,0.28574437569227684,-0.09126673519694473,-0.10672622358776056,0.16986942401817462,0.175427506196939,-1.0648693135694811,0.1842796525575029,-0.13763694833145299,-0.6545458307781342,0.36746812724059136,-0.08765279975037063,0.4762343897190537,0.004170175697177762,0.9064237981279946,-0.15037152366417558,0.30024207730180597,0.1835676363963602,-0.6870730420061368,0.40211863686091903,0.7837189189450051,-0.22348801227606685,0.015314014581229888,0.6837397861201466,0.8153801307955817,-0.7277777208726565,0.6212563983501416,0.13549478594050887,0.635093835068552,-0.11523876228106815,0.08651905953492628,-0.9318161347537677,0.10489609305344236,-0.5185609594109635
-1.0561482616116884,-0.5366520752910404,1.2234565072136006,-0.7773973984997652,-0.29399541278985425,2.0466818306215258,0.32512262673820996,0.013530292260551347,-0.7618262487870078,0.1436421543111552,-0.2471941326446805,0.6742221538071745,-1.2390192142897667,0.28430284140355117,0.47353055296517804,-0.00614371714291875,-1.810933592858235,1.0105834511227387,0.089874156536454,-2.2649935848244573,0.17049711195574083,0.1798172217425596,1.962283188051233,1.3642033164189904,0.8149540696951537,-0.23636061214302853,0.3498026065986961,1.1068958750796696,-0.8510430955710097,-0.426580770720681,1.5687741002903541,-1.5394653767702393,-0.5968340619938444,0.8153801307955817,3.3596413817824886,-1.3031674930895747,2.3980605665769326,0.3849288152791655,0.7395415556212338,-0.37744689437108625,-0.025132068458976146,-1.7847549035725436,-0.34441096616783007,-0.875647154537741
0.3527805761076413,-0.11682917484724352,-0.2584519524907249,0.11262711440386926,0.29280029393613355,-1.5647608178895223,-0.4024559655808856,0.5357647799372393,-0.11912081736794802,0.20464589740510164,-0.638087517860894,-0.20382706665127331,0.14785870545188085,0.04609452920023678,-0.1467513220220231,-0.34930420348701585,1.3520413687463528,-0.1348853770682835,0.34546784878274683,0.8918901600536728,-0.4485910003573322,0.2846312300625265,-0.7047872182002433,-0.0026211380907054387,-1.2700704118654897,0.03646410882931883,-0.3412111527486139,-0.3671098766494387,0.9132754389273983,-0.4369441361466629,-1.0102902992771206,0.3610240149518765,0.0795750802815517,-0.7277777208726565,-1.3031674930895747,1.1885345376698004,-0.7838310972868396,-0.18288084737739432,-0.7898006914438447,0.17723675053910776,-0.02483379190402626,1.448683820018892,-0.08055148555584271,0.6935437136117664
-0.6437620133308741,-0.7148570651887313,1.367229422022544,-1.0070742990326615,-0.7228923663577609,2.2552598009840263,0.12574832063090868,0.07927169945503103,-1.4076087202149155,0.41355061430166834,-0.5557890255930181,0.5860482356251001,-1.7190414865451646,0.2518880156706547,0.8970260314875342,0.4897332373509651,-1.7339116113247681,1.4687695489815291,0.6861196124097532,-2.2413580212490354,-0.27273044508539673,0.41765615751258456,2.343563704785423,1.9765473660249238,0.10680443334134014,0.02424886546471671,0.26052091040541303,1.4099193937714125,-0.14075427962991505,-0.46986263936607103,0.9875410562307574,-1.4377537660196562,-0.833947011605401,0.6212563983501416,2.3980605665769326,-0.7838310972868396,3.352545021786296,0.17026171424871403,-0.15151825742857394,-0.14686358248106,-0.20942780826693136,-1.350021018514711,-0.16403847771435662,-0.4817929597917308
-0.08630650187969634,0.20797750866836265,0.04306526000498934,-0.024411695837051887,-0.22423141397921395,0.2946689966891178,0.28603731397698456,-0.20590039260659534,-0.06313486876453389,0.010246807770758554,0.0353181842605731,0.18770701150580457,0.07632444133458795,0.0876889331835846,0.35238172668062673,-0.08222050468336575,-0.5079156015360377,0.15515637298847007,0.09337366928149816,-0.2065658857460638,-0.02780443540999492,0.04352023033193578,0.20787309071761334,-0.02360405682000444,0.21843751025650854,-0.24241305697289708,0.029185638697391606,-0.22868968200651113,-0.25998295045709335,0.007569188271074806,0.059137669459703786,-0.3039285938388025,-0.16184875737319032,0.13549478594050887,0.3849288152791655,-0.18288084737739432,0.17026171424871403,0.21973272317468096,0.4755301576130315,0.1793554085728674,-0.06685333869491404,-0.40052688610948833,-0.1937325627080677,-0.17839643234347038
-0.09406822478158737,0.8605064000091182,-0.2160382175825277,0.2287355731447882,-0.5819553778490091,0.8315881655989064,0.9255912077522672,-0.8019296791567525,0.315640586369209,-0.22937117437406312,0.5593322692038104,0.5225521357604248,0.6383533660603469,0.08849831443848331,0.6278254535103974,-0.1481636884842294,-1.4818863195559935,0.1819819850624299,-0.18855967678884764,-0.22105056717683244,0.235586361487905,-0.070865289525202907,0.11617319282136804,-0.6693977264180633,1.1319145585554868,-0.7065261149940458,0.24191832161391447,-0.6859301575646922,-1.151264688983494,0.516469523804092,0.48732665466720887,-0.3924028285448902,0.04884125324093823,0.635093835068552,0.7395415556212338,-0.7898006914438447,-0.15151825742857394,0.4755301576130315,1.6578886075640078,0.4044711786452364,-0.023579563039802635,-1.2295766551733394,-0.22842179594016357,-0.6713518387128611
0.1975049113604703,0.6311975562880198,-0.408658983647308,-0.010765013712039622,-0.5583269921094586,0.09380404044551902,0.5198712151052188,-0.3954230823731151,-0.14817129786563066,0.2430375377750792,0.0011437799374524554,0.2748170862327588,0.6827422466297928,0.4079080803431663,0.9523124524432316,-0.2777017913572216,-0.6214975871684967,0.28352675673962685,0.24301127315408935,0.235874404180168,-0.19762308774126966,0.12151363073337167,0.2961565042598028,-0.14457233078765722,-0.08996019624157202,-0.4939932451846403,-0.33925540625399353,-1.0809987679430402,0.0928575898281002,-0.2641396714175084,-0.5843568140022805,0.14415373220771455,-0.34673537734434867,-0.11523876228106815,-0.37744689437108625,0.17723675053910776,-0.14686358248106,0.1793554085728674,0.4044711786452364,0.8821219778423367,-0.4376631376112571,0.04314980034094153,-0.5650395175006491,0.031598792257157796
-8.408890421497689e-4,-0.18385656492410704,0.10799081812924413,0.13609171136957576,0.2449391207234754,-0.2632356545169897,-0.19476577327055405,0.15271652262973195,0.17647911797729476,-0.19820123245734297,0.027277117946790073,-0.09825596879400507,-0.22511594899987622,-0.2786444414897276,-0.5285071656235188,0.08319202375617414,0.3766907650654876,-0.19480139132789895,-0.1273131853294966,0.08460093848307568,0.09116491600584778,-0.014214454479674635,-0.43401776124487035,-0.15929983939960574,0.04901393277865421,0.1337237359182811,0.22453412720950688,0.435757709493952,-0.15678148948088008,0.26895162538092265,0.24657866420401262,-0.046958159845232404,0.32823201435480676,0.08651905953492628,-0.025132068458976146,-0.02483379190402626,-0.20942780826693136,-0.06685333869491404,-0.023579563039802635,-0.4376631376112571,0.31576890951212766,0.028742848674514737,0.34126340508373765,-0.015397680602482177
0.4488308265092325,-0.2635753907586522,-0.44295572016904844,0.21111998464883225,0.578741331708529,-2.0865545705225896,-0.685840666208312,0.7000329445157771,0.04314953415202787,0.1252094589877619,-0.6904045231720144,-0.43755373351499666,0.2769891529054678,-0.018945791963370304,-0.5442867996073957,-0.46327872209487214,2.0052065927408016,-0.47872834496663297,0.2124881275710529,1.2330828316971383,-0.3516406544094018,0.2132002204336774,-1.0981721115300476,-0.18599762207376516,-1.5122049280335945,0.23398025826164706,-0.4471304472140427,-0.40819733977700334,1.2241452139294542,-0.5307855370961436,-1.1814809478108066,0.8120009584042912,0.23278815472472597,-0.9318161347537677,-1.7847549035725436,1.448683820018892,-1.350021018514711,-0.40052688610948833,-1.2295766551733394,0.04314980034094153,0.028742848674514737,2.043996482141223,0.010366079622926943,0.9115522972888073
0.0910827535713202,-0.2525007918629504,0.07183578952440837,0.19836310295230827,0.37840563870571414,-0.17010438998237698,-0.30773916060075535,0.15046960813381868,0.3308026922173881,-0.24449918806369117,0.23875355619297833,-0.23110709169526641,-0.24583896480876766,-0.3921762650618521,-0.7639444640228101,0.45295739320277073,0.4915892291259043,-0.27541734274916124,-0.3191198902812928,0.24748345003945538,0.12778776035616898,-0.15963484527438018,-0.5386698914254714,-0.19611895054765047,0.20545121376774833,0.4296598094300371,0.34402551885989513,0.7608600715206949,-0.17686631267575237,0.6039628907167904,0.32908687345594123,0.18704784407581695,0.4980577670375639,0.10489609305344236,-0.34441096616783007,-0.08055148555584271,-0.16403847771435662,-0.1937325627080677,-0.22842179594016357,-0.5650395175006491,0.34126340508373765,0.010366079622926943,0.686090716199234,-0.008567128848032877
0.21377316024466464,-0.174828208579689,-0.14320582643256097,0.061319985741528825,0.24889569951685928,-0.9585297870141406,-0.3661645149509628,0.3527202789791053,-0.07654543373566987,0.14518895699860074,-0.3345541072374804,-0.27011064312626515,8.899118202233998e-4,-0.006720265682679696,-0.19181542923662928,-0.129125387320694,0.958003323365272,-0.17897246057830185,0.20246124744067703,0.5476102578980383,-0.27512242447680413,0.10546211539766402,-0.4564886378731293,-0.004724681192058991,-0.8225250337588561,0.15736084992420366,-0.22820024088387553,-0.11298341196710032,0.6618280409344007,-0.2960391783638748,-0.6658136656389237,0.2719189171513881,0.02786922345855635,-0.5185609594109635,-0.875647154537741,0.6935437136117664,-0.4817929597917308,-0.17839643234347038,-0.6713518387128611,0.031598792257157796,-0.015397680602482177,0.9115522972888073,-0.008567128848032877,0.4861596351023398
