V1,V2,V3,V4,V5,V6,V7,V8,V9,V10,V11,V12,V13,V14,V15,V16,V17,V18,V19,V20,V21,V22,V23,V24,V25,V26,V27,V28,V29,V30,V31,V32,V33,V34,V35,V36,V37,V38,V39,V40,V41,V42,V43,V44
2.232547355775483,0.09881939993379166,-2.4689980794133266,2.0117709515554636,2.318284805971621,-8.10791746070049,-2.0704504223470237,1.5911331104039468,1.7246369510611135,0.01759148472423158,-0.6294098409916153,-2.2793652330513345,2.019793317882271,-0.8265136257543222,-2.5900108256514014,-0.5550353441416388,7.365699518478546,-2.896983411847568,0.03539244107498212,6.243549428837892,-1.287865209981109,-0.041176698140328497,-6.1906136251532535,-3.0602754567334443,-4.149991401776629,1.06650829329022,-0.9728151365468584,-1.6827385713495957,3.1394581608771355,0.1311251005780413,-4.691994735982166,3.1344000058902717,1.7717268729158775,-3.382852974909123,-8.36583045063402,4.52574820920321,-6.954652595036642,-1.1314286716789512,-3.0041220321577713,0.01849480034902451,0.5490546328062357,6.1259889681004545,1.0161353954500707,3.0815503223929746
0.09881939993379166,0.2005710569242335,-0.027166059433053297,0.05570616461138206,-0.3173392075805647,0.4600026068359479,0.20953872033547122,-0.3799172032232692,-0.051155045353278646,-0.09187203925662764,0.22116351333054193,0.0021096027979597707,0.02096304972202216,-0.07840483001304614,0.26220519066768216,0.19643935705202767,-0.4838621336223642,0.021209153819132458,0.11772271979228846,-0.10778553748777017,0.006534974291724866,-0.0563785476602998,0.06502127156056897,-0.1896234193607798,0.2935825997706349,-0.0365708050513908,0.10413428278526911,-0.09318794471940352,-0.19261478610561297,0.25895541826695667,-0.021846887179247633,-0.0878229838058899,-0.1010933113822387,0.17405826907123023,-0.08247664071645437,-0.23127043175544543,0.18060216549940938,0.09649162621036493,0.2719540656780908,0.11080162731903985,-0.035544590899664955,-0.388693978971924,0.041238668896424635,-0.11968635911344272
-2.4689980794133266,-0.027166059433053297,3.379659670191639,-2.48181522786022,-3.676881606917726,11.000517660226185,2.7798315692171514,-2.6860070244382976,-2.7613532244009567,-0.11603467092646494,0.9373338944844468,2.6806924862020787,-3.186555179477642,0.6942266208447072,3.830293510837114,1.4058822379460558,-9.990962674002612,3.863362836577584,0.7199409951231325,-8.18634193410388,1.2036511470214641,0.13578854923589323,7.86785843636327,3.7249353263430223,5.227340338181454,-1.1771827881895094,1.5489377473504948,2.4500667760479002,-3.9747703225281916,0.37107784231013724,5.46557587291528,-4.491878377874122,-2.5804630005482534,4.403011228910045,10.009400116834506,-5.88077910527868,9.664537198254319,1.5770319211048929,3.8800770474352007,0.05476283393954853,-0.687896116649877,-8.328221449898031,-0.9721502294578764,-3.854154031326173
2.0117709515554636,0.05570616461138206,-2.48181522786022,1.9581488105433633,2.5577088333638973,-8.040726593280372,-2.0635174323034935,1.7509165394262147,1.9702149053072984,-0.008023236361773382,-0.5573825558558232,-2.1578105758589405,2.18955124645688,-0.7236284183964732,-2.8049616154322115,-0.7325137034868013,7.34534111832486,-2.943845285500091,-0.33533760616033753,6.1358484969204605,-1.0175673137557932,-0.13305023173450115,-6.051318263945875,-2.9792097403849738,-3.8575166163001122,1.0144276470972078,-0.998008563290258,-1.6701676862056731,2.9351085360134594,0.04033852368902386,-4.2560493095633385,3.241257941526005,1.8957536643477735,-3.254729200407987,-7.835987462929143,4.326624751630876,-7.081982341630094,-1.1497433682061338,-2.8784903339618806,-0.09215526691352506,0.5736499681934755,6.028065694832243,0.9443333903910442,2.907461166479908
2.318284805971621,-0.3173392075805647,-3.676881606917726,2.5577088333638973,4.7572804195036555,-12.719030208074072,-3.3516961130547744,3.71826411525497,3.334380499035474,0.2708278279264644,-1.335235874883973,-2.786079856978062,3.6507506829962524,-0.497539388342063,-4.782650210498962,-2.066717650589797,11.671390477216208,-4.2783607163463016,-1.3381763822006958,9.023489732729942,-1.067202091231442,-0.13154458015295278,-8.539430706366982,-3.6641434551396324,-5.921839182557064,1.2614722102014055,-1.9126453816416182,-2.568876122933027,4.4682541736875105,-0.9537973134589087,-5.525958452825564,5.164148999124757,3.0916426023879056,-4.9784440067872335,-10.275285394315024,6.630510317905761,-10.987029798212626,-1.8908650958804134,-4.547392180784221,-0.3064080323664425,0.8114751378341117,9.659968967030704,0.8841918421495839,4.238476100979494
-8.10791746070049,0.4600026068359479,11.000517660226185,-8.040726593280372,-12.719030208074072,37.73355119642662,9.77835488644239,-9.811603883568672,-8.84877254424626,-0.7418445079534777,3.9311950543113845,8.950332435942128,-10.176754136796962,2.14023340079702,13.043054361052075,5.038248297254698,-34.36722627559894,12.64550793443598,2.173159237321825,-27.39082771722364,4.3994324838199965,0.09981762883239069,26.225877409750435,11.727333428979415,18.57625180902829,-4.004621614505887,5.40891616847894,7.83030493077458,-13.97646059550324,1.9652787227808186,18.549981944492938,-14.848474887694694,-8.595252582752574,15.222769612877816,33.357771357611696,-20.375559262759936,32.1348537247806,5.440248208063159,13.759519760437879,0.3188047794331402,-2.3140529792303126,-28.756206861081832,-3.111104526656058,-13.29974973556469
-2.0704504223470237,0.20953872033547122,2.7798315692171514,-2.0635174323034935,-3.3516961130547744,9.77835488644239,2.599242733076428,-2.6021753839015687,-2.273077133259315,-0.19056568535049084,1.041920850895302,2.3444077457628674,-2.52415815012554,0.5866802259736065,3.46485080012229,1.2637407761001163,-8.96736298969419,3.2737254656470993,0.5685683716649971,-7.045949466659524,1.1449813435486775,0.024301925811699238,6.788935419590805,2.9760424711444884,4.836374485050438,-1.0981330012202244,1.368154707755169,1.8802113225035733,-3.631634999146122,0.503246493890079,4.752348307248201,-3.804830182710563,-2.2456072003486085,3.945147639209229,8.579290469219911,-5.266737007378312,8.250425220313293,1.4308379351084148,3.6349608546975665,0.1734150559221416,-0.6368817210473076,-7.445774102852373,-0.8625972089482143,-3.4504707809969544
1.5911331104039468,-0.3799172032232692,-2.6860070244382976,1.7509165394262147,3.71826411525497,-9.811603883568672,-2.6021753839015687,3.133577778018326,2.3893307994787554,0.37960895388790195,-1.3271217865906266,-1.9447103774613026,2.716851050890964,-0.16431062762518492,-3.577700028662051,-1.8512995776550363,8.967110025859686,-3.028426533284116,-1.0136755278100973,6.690971995034511,-0.8470879686607639,0.044800559038447006,-6.1749186859151,-2.381126089117607,-4.765758827934293,0.8336013474495031,-1.6082756072032118,-1.9695613310253304,3.553424419002107,-1.1425224918911285,-4.116995727755856,3.8530885719996233,2.274415312042981,-3.8659388305921776,-7.396272446881976,5.189561406475298,-8.17282475082688,-1.4582063161205208,-3.597627025700539,-0.1753664281974528,0.5413631093952748,7.5623590485753205,0.43879074656690914,3.25463006585301
1.7246369510611135,-0.051155045353278646,-2.7613532244009567,1.9702149053072984,3.334380499035474,-8.84877254424626,-2.273077133259315,2.3893307994787554,2.6102296869152726,0.03194583951666332,-0.6212440224991639,-2.049405712792444,2.7984537469119948,-0.4709044294528386,-3.463413112248855,-1.3238677645546126,8.125082704548166,-3.245278262650589,-1.107930196193938,6.534797250726242,-0.6012643677124668,-0.25844775289681077,-6.266291870262076,-2.9572331202988065,-3.81790907434535,0.9319404681579514,-1.2575193439493924,-1.9145764349436503,2.932522463739709,-0.35253671416492743,-3.839089680515247,3.8075526338999595,2.2978679167708154,-3.3953268139753487,-7.469910322337282,4.489877776770132,-8.047408287320557,-1.3156200526889779,-2.9950389124205263,-0.24321149816206544,0.6232625233793405,6.6126736545415765,0.7564908148194123,2.895038820852462
0.01759148472423158,-0.09187203925662764,-0.11603467092646494,-0.008023236361773382,0.2708278279264644,-0.7418445079534777,-0.19056568535049084,0.37960895388790195,0.03194583951666332,0.152746714797124,-0.29820243655114914,-0.01851231463512201,0.14506461029622303,0.1351178436396649,-0.142953077830472,-0.2978870070189491,0.6324862694439903,-0.03781495899879887,-0.01965578431172185,0.3453720123865581,-0.11380158698101715,0.10972215919187371,-0.1991357439567414,0.09735277802331908,-0.5193316165618238,-0.03869351095439658,-0.21758584866332265,-0.17752367799673857,0.3601367351914894,-0.3528625541196121,-0.2791142066316231,0.19590628895859222,0.07314527966677828,-0.3266066661741847,-0.2731754927330461,0.4621051501608966,-0.4106725748536915,-0.10067355958129733,-0.3272979726253276,0.06702420741508248,-0.03247878112313135,0.6484845951759539,-0.13934191118398193,0.2536098981053838
-0.6294098409916153,0.22116351333054193,0.9373338944844468,-0.5573825558558232,-1.335235874883973,3.9311950543113845,1.041920850895302,-1.3271217865906266,-0.6212440224991639,-0.29820243655114914,0.8188725254882282,0.693895351551477,-0.8810727289328616,-0.03768236188176916,1.165210050376978,0.8216169615809548,-3.5277509027167993,0.9522435087647185,0.11393120858707671,-2.505485748134723,0.5472480442562904,-0.19917505023588747,2.216790939598775,0.6549669575704704,2.2528070414473427,-0.251741548794333,0.7258640706017697,0.794233135208838,-1.6380828037963349,0.7149408715056434,1.8307823277537172,-1.340965055275358,-0.7160513345326573,1.6419551569152353,2.8796310301994574,-2.2590724552344574,2.910369022180305,0.5585881232399524,1.5750815057797578,-0.06355808903262244,-0.1257579040576036,-3.155028081698313,-0.024404666267297568,-1.400067287366033
-2.2793652330513345,0.0021096027979597707,2.6806924862020787,-2.1578105758589405,-2.786079856978062,8.950332435942128,2.3444077457628674,-1.9447103774613026,-2.049405712792444,-0.01851231463512201,0.693895351551477,2.448970361321685,-2.2637949067387373,0.8474651282769259,3.0741304189389553,0.733708103567373,-8.201804648446291,3.222147039325767,0.21751133547119225,-6.785776925064065,1.2493505886252807,0.09695047569768997,6.726352554695101,3.2513215039063317,4.439843638228174,-1.1808792225686,1.0871121069849732,1.748437763371692,-3.3628853274232533,-0.0428336435198625,4.853912959749488,-3.5044223763511066,-2.049115765974945,3.671967258154118,8.812417837905878,-4.878785305226869,7.719703889085982,1.2826650056372375,3.3080114313996254,0.11737577313844157,-0.6430930060244932,-6.734468659468872,-1.0923450370697938,-3.3017277937894582
2.019793317882271,0.02096304972202216,-3.186555179477642,2.18955124645688,3.6507506829962524,-10.176754136796962,-2.52415815012554,2.716851050890964,2.7984537469119948,0.14506461029622303,-0.8810727289328616,-2.2637949067387373,3.2450171100729612,-0.4172662740528615,-3.6749838173513396,-1.6442928359953046,9.216106021420183,-3.5582732222740154,-1.0684418411884062,7.469374140010007,-0.8233453516556544,-0.17712958764408065,-7.029783195759414,-3.278157208878875,-4.599725520261814,0.9289743858601063,-1.56070873204871,-2.427925731956629,3.517522435628547,-0.6053763042555027,-4.62074178867865,4.313282325884908,2.4775140327861083,-3.973039499566581,-8.626707268071643,5.309412277406506,-9.116516911039506,-1.470330413478842,-3.4501403250424683,-0.05205763982931951,0.5937859121530078,7.711356415780374,0.6757046909656521,3.3934954450744588
-0.8265136257543222,-0.07840483001304614,0.6942266208447072,-0.7236284183964732,-0.497539388342063,2.14023340079702,0.5866802259736065,-0.16431062762518492,-0.4709044294528386,0.1351178436396649,-0.03768236188176916,0.8474651282769259,-0.4172662740528615,0.48919665847713817,0.7513658144920488,-0.2043580975199507,-2.0103708458334437,0.9603173277133393,-0.16538419994376746,-1.8568732913834693,0.44891139634967747,0.08885048400775106,2.0309424471911592,1.1623309963134922,1.0648692793724512,-0.47621732541972245,0.08723311769025902,0.30487895040975893,-0.8207311952201416,-0.44270989647090653,1.4951482362310828,-0.827030518316828,-0.5202340876018459,0.9133872456070146,2.8185885612226604,-1.1897025867755586,1.9333870443666867,0.3030600173123653,0.8189040146987605,0.08666029206837572,-0.24581475271706815,-1.5292192657872457,-0.5676083991004118,-0.896839176314465
-2.5900108256514014,0.26220519066768216,3.830293510837114,-2.8049616154322115,-4.782650210498962,13.043054361052075,3.46485080012229,-3.577700028662051,-3.463413112248855,-0.142953077830472,1.165210050376978,3.0741304189389553,-3.6749838173513396,0.7513658144920488,4.978403974595217,1.8159347646170099,-12.024869971574468,4.579063401939995,1.2612117571239756,-9.456409728708074,1.1682882390934242,0.2174131769770785,9.125339405947793,4.100137000831618,6.0159713990951085,-1.459941703354365,1.8121649403384756,2.53125548377993,-4.556818748347727,0.6041043183213844,5.878152773418011,-5.323483910931105,-3.235260906614017,5.112718893264389,11.085984364218072,-6.781430119332826,11.394065823803931,1.9468793954891315,4.668839212372129,0.39477191476597723,-0.9244298646111316,-9.824647407368277,-1.1735928094031691,-4.411059316421563
-0.5550353441416388,0.19643935705202767,1.4058822379460558,-0.7325137034868013,-2.066717650589797,5.038248297254698,1.2637407761001163,-1.8512995776550363,-1.3238677645546126,-0.2978870070189491,0.8216169615809548,0.733708103567373,-1.6442928359953046,-0.2043580975199507,1.8159347646170099,1.365566260854191,-4.524159216031924,1.424901375921467,0.7883766775941714,-3.2626676964109196,0.2296516567590311,-0.05273359143700977,2.8030613507542075,0.9454014180156227,2.3610033961974732,-0.1998299415424208,1.0105175944783342,1.2423603188120593,-1.7617418139164964,0.9853052182713851,1.7760090661939953,-2.063944988972765,-1.1613595446307603,1.9257014890749269,3.136211817201953,-2.617330116145342,4.245160916717171,0.7437244797980801,1.7420879886646665,-0.0038106135979853817,-0.178920196044834,-3.955940013162327,0.1005805089265751,-1.5409264295888352
7.365699518478546,-0.4838621336223642,-9.990962674002612,7.34534111832486,11.671390477216208,-34.36722627559894,-8.96736298969419,8.967110025859686,8.125082704548166,0.6324862694439903,-3.5277509027167993,-8.201804648446291,9.216106021420183,-2.0103708458334437,-12.024869971574468,-4.524159216031924,31.377679096723618,-11.585813568737313,-2.0529734398560806,24.948496369793272,-3.9601597300937574,-0.13598565161445592,-23.952611859937914,-10.704917725642904,-16.854261018288344,3.7288409510296514,-4.872816700366657,-6.994558536009127,12.688546789379167,-1.7123245412928825,-16.8071207255663,13.538938966597335,7.893337315573817,-13.84207111328487,-30.36064335999994,18.50492852736828,-29.29200254178769,-4.981163739252607,-12.566453318846083,-0.40835176623984365,2.1661969064243833,26.156964897961572,2.928844546066434,12.096252451836708
-2.896983411847568,0.021209153819132458,3.863362836577584,-2.943845285500091,-4.2783607163463016,12.64550793443598,3.2737254656470993,-3.028426533284116,-3.245278262650589,-0.03781495899879887,0.9522435087647185,3.222147039325767,-3.5582732222740154,0.9603173277133393,4.579063401939995,1.424901375921467,-11.585813568737313,4.583175825994115,0.8445295697453996,-9.478241897612104,1.3765702235272772,0.23001951263963347,9.255394855543937,4.4329609377016155,5.929936452388449,-1.5069481928964523,1.6608536390985833,2.6188927828246027,-4.519109293554453,0.20120248931828302,6.281265202478314,-5.164314335816601,-3.048103362435826,5.045509688942252,11.686270257608797,-6.698635161439342,11.165417274198587,1.8359961131564484,4.498085505434331,0.22338194530479766,-0.8901985329464499,-9.49787643506555,-1.3218346300021602,-4.440115528525329
0.03539244107498212,0.11772271979228846,0.7199409951231325,-0.33533760616033753,-1.3381763822006958,2.173159237321825,0.5685683716649971,-1.0136755278100973,-1.107930196193938,-0.01965578431172185,0.11393120858707671,0.21751133547119225,-1.0684418411884062,-0.16538419994376746,1.2612117571239756,0.7883766775941714,-2.0529734398560806,0.8445295697453996,1.012842350072249,-1.4239003070742264,-0.3702701449482009,0.19831844474828217,1.2167910573651204,0.4705553683859177,0.4836196146632781,-0.07913537914303202,0.43691095796464746,0.5167154734908773,-0.4053479041296731,0.4102230534579048,0.11373884618173645,-1.1874940014299538,-0.8012461803643456,0.6426860712738919,0.7632898436297942,-0.816106530542742,2.264613268834223,0.3787616580789783,0.5593813584864238,0.22864989568876778,-0.16762063313668182,-1.5817181378199219,0.041377871537502595,-0.41048155290143873
6.243549428837892,-0.10778553748777017,-8.18634193410388,6.1358484969204605,9.023489732729942,-27.39082771722364,-7.045949466659524,6.690971995034511,6.534797250726242,0.3453720123865581,-2.505485748134723,-6.785776925064065,7.469374140010007,-1.8568732913834693,-9.456409728708074,-3.2626676964109196,24.948496369793272,-9.478241897612104,-1.4239003070742264,20.272814116684465,-3.2878335462191686,-0.20754746469652977,-19.590625858630023,-9.110702059249649,-13.355248496325189,3.074766206289547,-3.7607711731462654,-5.757762233771418,10.09597761509706,-0.8800617129394118,-13.859284341572504,10.900312775437111,6.305951857658293,-11.066422627328743,-25.128523711574164,14.78299553473272,-23.639993486575097,-3.930254273756792,-9.90196437829527,-0.21318644175612844,1.7547490475901093,20.762571277046842,2.5687265441114087,9.743624694631759
-1.287865209981109,0.006534974291724866,1.2036511470214641,-1.0175673137557932,-1.067202091231442,4.3994324838199965,1.1449813435486775,-0.8470879686607639,-0.6012643677124668,-0.11380158698101715,0.5472480442562904,1.2493505886252807,-0.8233453516556544,0.44891139634967747,1.1682882390934242,0.2296516567590311,-3.9601597300937574,1.3765702235272772,-0.3702701449482009,-3.2878335462191686,0.960978238503381,-0.12963660997713067,3.2486769007068723,1.4848266148479667,2.588823756287483,-0.5795466785670168,0.538838802437656,0.8358814152575474,-1.911942418570474,0.027171784099902462,2.823388107605073,-1.480337210917023,-0.7873423861381783,1.9429480133835548,4.6780385743880375,-2.625448539650776,3.426714542619928,0.5899671307973409,1.778619576072783,-0.1013082928691626,-0.24749189006028663,-3.3996777211659333,-0.5225864791774582,-1.8003830249913795
-0.041176698140328497,-0.0563785476602998,0.13578854923589323,-0.13305023173450115,-0.13154458015295278,0.09981762883239069,0.024301925811699238,0.044800559038447006,-0.25844775289681077,0.10972215919187371,-0.19917505023588747,0.09695047569768997,-0.17712958764408065,0.08885048400775106,0.2174131769770785,-0.05273359143700977,-0.13598565161445592,0.23001951263963347,0.19831844474828217,-0.20754746469652977,-0.12963660997713067,0.13314606012012903,0.2693416269948832,0.26516365197088576,-0.1918360413256361,-0.07511075703570708,-0.04610750093826177,0.027462842955328814,0.10844735920263716,-0.1910153137423946,-0.056351858667972314,-0.18719407326371218,-0.15583439298916313,-0.02180973501305375,0.18404495986928773,0.06791887431313132,0.3533481726184723,0.03117723458968888,-0.05793456721597188,0.09060708746386537,-0.06906535058242569,0.008416276579492506,-0.122283911472117,0.026093282129369014
-6.1906136251532535,0.06502127156056897,7.86785843636327,-6.051318263945875,-8.539430706366982,26.225877409750435,6.788935419590805,-6.1749186859151,-6.266291870262076,-0.1991357439567414,2.216790939598775,6.726352554695101,-7.029783195759414,2.0309424471911592,9.125339405947793,2.8030613507542075,-23.952611859937914,9.255394855543937,1.2167910573651204,-19.590625858630023,3.2486769007068723,0.2693416269948832,19.123180856433066,9.046559915862547,12.763015603243709,-3.1265377223386803,3.4407157356542517,5.369944143274698,-9.658737613641552,0.4704398659849551,13.498777847227489,-10.425833493305769,-6.087067880930787,10.613449894358398,24.605941798206896,-14.146572637286877,22.718487261791935,3.76826233690874,9.507075552163636,0.3000396049832499,-1.7787348253265478,-19.797107834517313,-2.7381433557849904,-9.405468390603193
-3.0602754567334443,-0.1896234193607798,3.7249353263430223,-2.9792097403849738,-3.6641434551396324,11.727333428979415,2.9760424711444884,-2.381126089117607,-2.9572331202988065,0.09735277802331908,0.6549669575704704,3.2513215039063317,-3.278157208878875,1.1623309963134922,4.100137000831618,0.9454014180156227,-10.704917725642904,4.4329609377016155,0.4705553683859177,-9.110702059249649,1.4848266148479667,0.26516365197088576,9.046559915862547,4.605918164976339,5.533857173201653,-1.5278641318679578,1.4011910640701946,2.504960679714607,-4.236069578891577,-0.2665336087814896,6.33081712511143,-4.805370169326869,-2.8047458370852003,4.740699846824587,11.756944532646008,-6.285381393701037,10.506601412102267,1.6687457987759529,4.133013945175803,0.12263477065717444,-0.8631316186904937,-8.74303536981431,-1.4806078457517478,-4.25719214986625
-4.149991401776629,0.2935825997706349,5.227340338181454,-3.8575166163001122,-5.921839182557064,18.57625180902829,4.836374485050438,-4.765758827934293,-3.81790907434535,-0.5193316165618238,2.2528070414473427,4.439843638228174,-4.599725520261814,1.0648692793724512,6.0159713990951085,2.3610033961974732,-16.854261018288344,5.929936452388449,0.4836196146632781,-13.355248496325189,2.588823756287483,-0.1918360413256361,12.763015603243709,5.533857173201653,9.690034764599133,-1.9691274327180979,2.6863441380833346,3.777842520746069,-7.230569761288385,1.1083525372079208,9.622539888142494,-6.985168001437281,-3.9461354458430495,7.66880979916024,16.728988780290003,-10.320613264882175,15.2957391919533,2.641596620893872,7.013003067096321,-0.014057500678387885,-1.052095511747817,-14.296872928191487,-1.4852643675413406,-6.767276659506956
1.06650829329022,-0.0365708050513908,-1.1771827881895094,1.0144276470972078,1.2614722102014055,-4.004621614505887,-1.0981330012202244,0.8336013474495031,0.9319404681579514,-0.03869351095439658,-0.251741548794333,-1.1808792225686,0.9289743858601063,-0.47621732541972245,-1.459941703354365,-0.1998299415424208,3.7288409510296514,-1.5069481928964523,-0.07913537914303202,3.074766206289547,-0.5795466785670168,-0.07511075703570708,-3.1265377223386803,-1.5278641318679578,-1.9691274327180979,0.6253090048943535,-0.4147948856682282,-0.6541591513001664,1.4951799604811973,0.1522359278924735,-2.197565496371487,1.5561011844681272,0.9534927951291853,-1.6438467268715782,-4.07586142744853,2.1655758116478574,-3.454536272841679,-0.5882708593360726,-1.521106559605051,-0.13802207508108186,0.34094527824901855,2.978646480137895,0.61503430810936,1.496019245008357
-0.9728151365468584,0.10413428278526911,1.5489377473504948,-0.998008563290258,-1.9126453816416182,5.40891616847894,1.368154707755169,-1.6082756072032118,-1.2575193439493924,-0.21758584866332265,0.7258640706017697,1.0871121069849732,-1.56070873204871,0.08723311769025902,1.8121649403384756,1.0105175944783342,-4.872816700366657,1.6608536390985833,0.43691095796464746,-3.7607711731462654,0.538838802437656,-0.04610750093826177,3.4407157356542517,1.4011910640701946,2.6863441380833346,-0.4147948856682282,0.9168722168872748,1.2476153512951547,-2.013433428619217,0.6148309731146377,2.4568365915095454,-2.136065004348502,-1.1866859581260931,2.1664413657602006,4.29556198679375,-2.92523925220447,4.536913731715915,0.7768466461223857,1.9520508261848055,-0.03237012143015339,-0.2476693516235499,-4.197229619798573,-0.19868563613760895,-1.8405806767725117
-1.6827385713495957,-0.09318794471940352,2.4500667760479002,-1.6701676862056731,-2.568876122933027,7.83030493077458,1.8802113225035733,-1.9695613310253304,-1.9145764349436503,-0.17752367799673857,0.794233135208838,1.748437763371692,-2.427925731956629,0.30487895040975893,2.53125548377993,1.2423603188120593,-6.994558536009127,2.6188927828246027,0.5167154734908773,-5.757762233771418,0.8358814152575474,0.027462842955328814,5.369944143274698,2.504960679714607,3.777842520746069,-0.6541591513001664,1.2476153512951547,2.011883244256777,-2.873115097989387,0.5251239257264195,3.8817240842200116,-3.216775626315825,-1.740625399322447,3.1452473207785014,6.90501239021338,-4.244823675252391,6.864078901554808,1.0883486972661789,2.696166086117124,-0.14703911218757765,-0.3741621101392381,-6.010034997553687,-0.4402932475132465,-2.7217761898693644
3.1394581608771355,-0.19261478610561297,-3.9747703225281916,2.9351085360134594,4.4682541736875105,-13.97646059550324,-3.631634999146122,3.553424419002107,2.932522463739709,0.3601367351914894,-1.6380828037963349,-3.3628853274232533,3.517522435628547,-0.8207311952201416,-4.556818748347727,-1.7617418139164964,12.688546789379167,-4.519109293554453,-0.4053479041296731,10.09597761509706,-1.911942418570474,0.10844735920263716,-9.658737613641552,-4.236069578891577,-7.230569761288385,1.4951799604811973,-2.013433428619217,-2.873115097989387,5.412933373532775,-0.7836290176073003,-7.234361424634438,5.307758264786374,2.9941656959696528,-5.757986978666956,-12.641754825561252,7.743501599781157,-11.590727261983195,-1.9902864179991118,-5.253308361369614,0.00418255785716785,0.799281749135599,10.745093461682186,1.138831909858452,5.081885566762903
0.1311251005780413,0.25895541826695667,0.37107784231013724,0.04033852368902386,-0.9537973134589087,1.9652787227808186,0.503246493890079,-1.1425224918911285,-0.35253671416492743,-0.3528625541196121,0.7149408715056434,-0.0428336435198625,-0.6053763042555027,-0.44270989647090653,0.6041043183213844,0.9853052182713851,-1.7123245412928825,0.20120248931828302,0.4102230534579048,-0.8800617129394118,0.027171784099902462,-0.1910153137423946,0.4704398659849551,-0.2665336087814896,1.1083525372079208,0.1522359278924735,0.6148309731146377,0.5251239257264195,-0.7836290176073003,1.0130911143127397,0.3673234099721611,-0.6844909637304587,-0.32909225191282315,0.7588236249138489,0.319622151646414,-1.0752990159653595,1.3203814861084895,0.29422728424278416,0.758446665253529,-0.08106511737942729,0.05885053717800487,-1.6932012101211666,0.4370911060130888,-0.5295668573492516
-4.691994735982166,-0.021846887179247633,5.46557587291528,-4.2560493095633385,-5.525958452825564,18.549981944492938,4.752348307248201,-4.116995727755856,-3.839089680515247,-0.2791142066316231,1.8307823277537172,4.853912959749488,-4.62074178867865,1.4951482362310828,5.878152773418011,1.7760090661939953,-16.8071207255663,6.281265202478314,0.11373884618173645,-13.859284341572504,2.823388107605073,-0.056351858667972314,13.498777847227489,6.33081712511143,9.622539888142494,-2.197565496371487,2.4568365915095454,3.8817240842200116,-7.234361424634438,0.3673234099721611,10.301725413578323,-7.063828268224722,-3.9536590894853942,7.726320226085201,18.080257964891086,-10.365569795067337,15.603648804235194,2.593204405810556,6.924644477257469,-0.091663276676127,-1.1309420475743637,-14.148306987704187,-1.9009733538403704,-6.937555494295694
3.1344000058902717,-0.0878229838058899,-4.491878377874122,3.241257941526005,5.164148999124757,-14.848474887694694,-3.804830182710563,3.8530885719996233,3.8075526338999595,0.19590628895859222,-1.340965055275358,-3.5044223763511066,4.313282325884908,-0.827030518316828,-5.323483910931105,-2.063944988972765,13.538938966597335,-5.164314335816601,-1.1874940014299538,10.900312775437111,-1.480337210917023,-0.18719407326371218,-10.425833493305769,-4.805370169326869,-6.985168001437281,1.5561011844681272,-2.136065004348502,-3.216775626315825,5.307758264786374,-0.6844909637304587,-7.063828268224722,6.082637528690989,3.5400099286567825,-5.892302216705753,-13.03590069826459,7.866829708568564,-13.006591749538666,-2.1609560623160347,-5.258825756841054,-0.17166017058482752,0.9387246273847185,11.256587173504245,1.2301062908589377,5.11517056728989
1.7717268729158775,-0.1010933113822387,-2.5804630005482534,1.8957536643477735,3.0916426023879056,-8.595252582752574,-2.2456072003486085,2.274415312042981,2.2978679167708154,0.07314527966677828,-0.7160513345326573,-2.049115765974945,2.4775140327861083,-0.5202340876018459,-3.235260906614017,-1.1613595446307603,7.893337315573817,-3.048103362435826,-0.8012461803643456,6.305951857658293,-0.7873423861381783,-0.15583439298916313,-6.087067880930787,-2.8047458370852003,-3.9461354458430495,0.9534927951291853,-1.1866859581260931,-1.740625399322447,2.9941656959696528,-0.32909225191282315,-3.9536590894853942,3.5400099286567825,2.13452115204026,-3.371277026409509,-7.461225791486967,4.4777231207415165,-7.5747921988777005,-1.2728871091979446,-3.035858388119202,-0.21342463245031484,0.6023285704496794,6.464587957414893,0.79076472572031975,2.9191062277093076
-3.382852974909123,0.17405826907123023,4.403011228910045,-3.254729200407987,-4.9784440067872335,15.222769612877816,3.945147639209229,-3.8659388305921776,-3.3953268139753487,-0.3266066661741847,1.6419551569152353,3.671967258154118,-3.973039499566581,0.9133872456070146,5.112718893264389,1.9257014890749269,-13.84207111328487,5.045509688942252,0.6426860712738919,-11.066422627328743,1.9429480133835548,-0.02180973501305375,10.613449894358398,4.740699846824587,7.66880979916024,-1.6438467268715782,2.1664413657602006,3.1452473207785014,-5.757986978666956,0.7588236249138489,7.726320226085201,-5.892302216705753,-3.371277026409509,6.210808870860879,13.711851624258136,-8.321178292682662,12.827159769951399,2.1771904440026213,5.623933322595948,0.06216929276592099,-0.9110422923270377,-11.631196842983696,-1.2849095314971322,-5.459323153422525
-8.36583045063402,-0.08247664071645437,10.009400116834506,-7.835987462929143,-10.275285394315024,33.357771357611696,8.579290469219911,-7.396272446881976,-7.469910322337282,-0.2731754927330461,2.8796310301994574,8.812417837905878,-8.626707268071643,2.8185885612226604,11.085984364218072,3.136211817201953,-30.36064335999994,11.686270257608797,0.7632898436297942,-25.128523711574164,4.6780385743880375,0.18404495986928773,24.605941798206896,11.756944532646008,16.728988780290003,-4.07586142744853,4.29556198679375,6.90501239021338,-12.641754825561252,0.319622151646414,18.080257964891086,-13.03590069826459,-7.461225791486967,13.711851624258136,32.43803792322426,-18.328549131364554,28.610970743467778,4.7265849545327105,12.259682914207355,0.11163178200066758,-2.1964196808205587,-25.262477624666843,-3.6449126940027856,-12.28390964458937
4.52574820920321,-0.23127043175544543,-5.88077910527868,4.326624751630876,6.630510317905761,-20.375559262759936,-5.266737007378312,5.189561406475298,4.489877776770132,0.4621051501608966,-2.2590724552344574,-4.878785305226869,5.309412277406506,-1.1897025867755586,-6.781430119332826,-2.617330116145342,18.50492852736828,-6.698635161439342,-0.816106530542742,14.78299553473272,-2.625448539650776,0.06791887431313132,-14.146572637286877,-6.285381393701037,-10.320613264882175,2.1655758116478574,-2.92523925220447,-4.244823675252391,7.743501599781157,-1.0752990159653595,-10.365569795067337,7.866829708568564,4.4777231207415165,-8.321178292682662,-18.328549131364554,11.180252286607729,-17.114788627802696,-2.9075410769233208,-7.539997889606924,-0.04211028128349158,1.1959361731570544,15.605100905436952,1.6745576167250744,7.318980210905536
-6.954652595036642,0.18060216549940938,9.664537198254319,-7.081982341630094,-10.987029798212626,32.1348537247806,8.250425220313293,-8.17282475082688,-8.047408287320557,-0.4106725748536915,2.910369022180305,7.719703889085982,-9.116516911039506,1.9333870443666867,11.394065823803931,4.245160916717171,-29.29200254178769,11.165417274198587,2.264613268834223,-23.639993486575097,3.426714542619928,0.3533481726184723,22.718487261791935,10.506601412102267,15.2957391919533,-3.454536272841679,4.536913731715915,6.864078901554808,-11.590727261983195,1.3203814861084895,15.603648804235194,-13.006591749538666,-7.5747921988777005,12.827159769951399,28.610970743467778,-17.114788627802696,28.006487021262572,4.647439963032222,11.445672940521908,0.3541184754437449,-2.055094577319282,-24.33535941916754,-2.790481977699999,-11.185050848740149
-1.1314286716789512,0.09649162621036493,1.5770319211048929,-1.1497433682061338,-1.8908650958804134,5.440248208063159,1.4308379351084148,-1.4582063161205208,-1.3156200526889779,-0.10067355958129733,0.5585881232399524,1.2826650056372375,-1.470330413478842,0.3030600173123653,1.9468793954891315,0.7437244797980801,-4.981163739252607,1.8359961131564484,0.3787616580789783,-3.930254273756792,0.5899671307973409,0.03117723458968888,3.76826233690874,1.6687457987759529,2.641596620893872,-0.5882708593360726,0.7768466461223857,1.0883486972661789,-1.9902864179991118,0.29422728424278416,2.593204405810556,-2.1609560623160347,-1.2728871091979446,2.1771904440026213,4.7265849545327105,-2.9075410769233208,4.647439963032222,0.800307269985243,1.9912444163598455,0.08941784032742096,-0.3491965278651604,-4.141849714088259,-0.45736412772827056,-1.8958151549347988
-3.0041220321577713,0.2719540656780908,3.8800770474352007,-2.8784903339618806,-4.547392180784221,13.759519760437879,3.6349608546975665,-3.597627025700539,-2.9950389124205263,-0.3272979726253276,1.5750815057797578,3.3080114313996254,-3.4501403250424683,0.8189040146987605,4.668839212372129,1.7420879886646665,-12.566453318846083,4.498085505434331,0.5593813584864238,-9.90196437829527,1.778619576072783,-0.05793456721597188,9.507075552163636,4.133013945175803,7.013003067096321,-1.521106559605051,1.9520508261848055,2.696166086117124,-5.253308361369614,0.758446665253529,6.924644477257469,-5.258825756841054,-3.035858388119202,5.623933322595948,12.259682914207355,-7.539997889606924,11.445672940521908,1.9912444163598455,5.185171178223145,0.12599875824690185,-0.8407947362352682,-10.543466564585941,-1.1727845702695396,-4.947483585545739
0.01849480034902451,0.11080162731903985,0.05476283393954853,-0.09215526691352506,-0.3064080323664425,0.3188047794331402,0.1734150559221416,-0.1753664281974528,-0.24321149816206544,0.06702420741508248,-0.06355808903262244,0.11737577313844157,-0.05205763982931951,0.08666029206837572,0.39477191476597723,-0.0038106135979853817,-0.40835176623984365,0.22338194530479766,0.22864989568876778,-0.21318644175612844,-0.1013082928691626,0.09060708746386537,0.3000396049832499,0.12263477065717444,-0.014057500678387885,-0.13802207508108186,-0.03237012143015339,-0.14703911218757765,0.00418255785716785,-0.08106511737942729,-0.091663276676127,-0.17166017058482752,-0.21342463245031484,0.06216929276592099,0.11163178200066758,-0.04211028128349158,0.3541184754437449,0.08941784032742096,0.12599875824690185,0.21400295032805494,-0.12050764111795655,-0.16926764111683967,-0.15556609616321357,-0.040862619051946325
0.5490546328062357,-0.035544590899664955,-0.687896116649877,0.5736499681934755,0.8114751378341117,-2.3140529792303126,-0.6368817210473076,0.5413631093952748,0.6232625233793405,-0.03247878112313135,-0.1257579040576036,-0.6430930060244932,0.5937859121530078,-0.24581475271706815,-0.9244298646111316,-0.178920196044834,2.1661969064243833,-0.8901985329464499,-0.16762063313668182,1.7547490475901093,-0.24749189006028663,-0.06906535058242569,-1.7787348253265478,-0.8631316186904937,-1.052095511747817,0.34094527824901855,-0.2476693516235499,-0.3741621101392381,0.799281749135599,0.05885053717800487,-1.1309420475743637,0.9387246273847185,0.6023285704496794,-0.9110422923270377,-2.1964196808205587,1.1959361731570544,-2.055094577319282,-0.3491965278651604,-0.8407947362352682,-0.12050764111795655,0.21251185611114076,1.7028357761401651,0.33540037644394444,0.81263480265997
6.1259889681004545,-0.388693978971924,-8.328221449898031,6.028065694832243,9.659968967030704,-28.756206861081832,-7.445774102852373,7.5623590485753205,6.6126736545415765,0.6484845951759539,-3.155028081698313,-6.734468659468872,7.711356415780374,-1.5292192657872457,-9.824647407368277,-3.955940013162327,26.156964897961572,-9.49787643506555,-1.5817181378199219,20.762571277046842,-3.3996777211659333,0.008416276579492506,-19.797107834517313,-8.74303536981431,-14.296872928191487,2.978646480137895,-4.197229619798573,-6.010034997553687,10.745093461682186,-1.6932012101211666,-14.148306987704187,11.256587173504245,6.464587957414893,-11.631196842983696,-25.262477624666843,15.605100905436952,-24.33535941916754,-4.141849714088259,-10.543466564585941,-0.16926764111683967,1.7028357761401651,22.00020867025853,2.244076855737395,10.156975420351758
1.0161353954500707,0.041238668896424635,-0.9721502294578764,0.9443333903910442,0.8841918421495839,-3.111104526656058,-0.8625972089482143,0.43879074656690914,0.7564908148194123,-0.13934191118398193,-0.024404666267297568,-1.0923450370697938,0.6757046909656521,-0.5676083991004118,-1.1735928094031691,0.1005805089265751,2.928844546066434,-1.3218346300021602,0.041377871537502595,2.5687265441114087,-0.5225864791774582,-0.122283911472117,-2.7381433557849904,-1.4806078457517478,-1.4852643675413406,0.61503430810936,-0.19868563613760895,-0.4402932475132465,1.138831909858452,0.4370911060130888,-1.9009733538403704,1.2301062908589377,0.79076472572031975,-1.2849095314971322,-3.6449126940027856,1.6745576167250744,-2.790481977699999,-0.45736412772827056,-1.1727845702695396,-0.15556609616321357,0.33540037644394444,2.244076855737395,0.6969877914392432,1.2173735349551165
3.0815503223929746,-0.11968635911344272,-3.854154031326173,2.907461166479908,4.238476100979494,-13.29974973556469,-3.4504707809969544,3.25463006585301,2.895038820852462,0.2536098981053838,-1.400067287366033,-3.3017277937894582,3.3934954450744588,-0.896839176314465,-4.411059316421563,-1.5409264295888352,12.096252451836708,-4.440115528525329,-0.41048155290143873,9.743624694631759,-1.8003830249913795,0.026093282129369014,-9.405468390603193,-4.25719214986625,-6.767276659506956,1.496019245008357,-1.8405806767725117,-2.7217761898693644,5.081885566762903,-0.5295668573492516,-6.937555494295694,5.11517056728989,2.9191062277093076,-5.459323153422525,-12.28390964458937,7.318980210905536,-11.185050848740149,-1.8958151549347988,-4.947483585545739,-0.040862619051946325,0.81263480265997,10.156975420351758,1.2173735349551165,4.8360422625739865
