V1,V2,V3,V4,V5,V6,V7,V8,V9,V10,V11,V12,V13,V14,V15,V16,V17,V18,V19,V20,V21,V22,V23,V24,V25,V26,V27,V28,V29,V30,V31,V32,V33,V34,V35,V36,V37,V38,V39,V40,V41,V42,V43,V44,V45,V46,V47,V48,V49
5.560217249195601,2.4378201839198286,-1.5880696754994394,0.7723163810948727,-3.7649037548602395,2.5816066970650913,1.5054859291463385,0.7957172749324701,1.273048244119662,-0.822878609794492,0.8417080060625844,4.4218758703495205,0.747295686624723,-1.9065648971103897,-1.1589004248652957,5.30208197941347,-2.2134922419235235,5.711745228138256,-2.3582086949056227,4.495533133908395,0.3648084676224974,2.4060445309322267,-0.6593970425133207,2.009436061590275,1.8459185263891453,-0.7945502272660491,3.1862649952450384,4.7073683225243785,-2.6723992279692164,8.143365020844588,4.4333073050562115,5.860341045282348,7.789951120512103,5.060324363265829,-9.200504393226888,1.7077988363978465,4.226320115448387,-3.2934384823563847,-1.134679396143478,0.41809235448463467,2.0619426980517948,1.7048114044191425,7.535979284242261,-0.6260021223614164,2.445213794022323,-9.729435780461891,5.032215237866735,-1.525857851484963,-1.7888278819278542
2.4378201839198286,1.5902483893811195,-0.693819895822864,0.6410502896356085,-1.3785643243602477,0.6369424893708838,0.6531185325015105,-0.13820264048729974,0.20475929953578567,-0.46495225301550025,1.6182991255044763,2.5713332384626404,0.8539391518344087,-1.3542168033697914,-1.0944400889259518,2.540058280307702,-1.2648165711845458,2.937789626916568,-0.8530428816133284,2.223375949198173,0.28605703694424334,1.6017597870776183,-0.5995594511545824,0.43139575802054525,0.7191950058643912,-0.793615153906114,0.9943315622870865,2.408420786557329,-1.354797950033782,3.669551658647247,2.5123845503610136,2.792009092711846,4.025642683423386,2.3814653970703112,-4.9083797567868,1.6773109417455945,2.2763627807012092,-1.9695629102057646,-0.16402214623440337,0.6533690127490345,1.2044078536020528,0.7296544250499765,3.394284794539766,-1.071857305651694,1.5540125013316883,-4.989509667193785,2.2139225124981157,-0.8900991636932358,-0.7739957329703446
-1.5880696754994394,-0.693819895822864,0.48946811777153026,-0.1406208082359135,1.1400629268131692,-0.7870676518569192,-0.4899681783277072,-0.2553672450443744,-0.3680632783872647,0.20756994585646493,-0.06837702485580414,-1.1880323460544073,-0.2268207427648697,0.5107411786417061,0.3041623385209155,-1.51212682585137,0.5393227591258143,-1.6297791427341053,0.8093644720667639,-1.3012540392025476,-0.0932923305673118,-0.5938118507848996,0.12194377628200487,-0.6436662265797319,-0.5484886934772499,0.12373220208795918,-0.9700977792779422,-1.1714162313508294,0.8140934350251819,-2.375337242009195,-1.2395032854056667,-1.752225322800114,-2.3160001031338466,-1.571491401356994,2.6160665009117703,-0.35937634753445796,-1.3164026375344937,0.9369273199977174,0.36338311915052907,2.827011525061163e-4,-0.551261562132748,-0.5584501339876767,-2.1436179323450304,0.0722850650924804,-0.7630846853680762,2.788454063423709,-1.4405953271131915,0.535236706887518,0.499073838108081
0.7723163810948727,0.6410502896356085,-0.1406208082359135,0.5352385696977967,-0.18437522112676918,-0.12313100696472139,0.016940049913109493,-0.33896754874918694,-0.008549841801273711,-0.13700698838680037,1.4075866620129227,1.1055364073803358,0.42909785120827004,-0.7349992595104201,-0.7246784509106132,0.8178987972970584,-0.7997449231766757,1.0733477152513415,0.06824722880262525,0.7320827345248229,0.13941188179651343,0.909785903086534,-0.511977358749686,-0.1269027018673204,0.15950474348418456,-0.7094679290255346,-0.11368152462916671,1.0640371641581816,-0.2288989760494608,0.9580739907769606,1.030366887610699,0.6308867355692386,1.1186187845041746,0.5955118524986349,-1.7868465804893103,1.1779287124107705,0.6743274380022748,-0.8849963084480837,0.22134894177582795,0.7498222609571615,0.4710095006680784,0.03860050769077614,1.0573051929833697,-0.7677729888643963,0.514225801953284,-1.738763997892031,0.43850315861857025,-0.16063036346093343,-0.23479027325800245
-3.7649037548602395,-1.3785643243602477,1.1400629268131692,-0.18437522112676918,2.993109658866354,-2.1689362045494307,-1.0913798716785947,-0.9888113876922895,-1.100488006646112,0.5711260797451349,0.5013914201067959,-2.7523664858313435,-0.2163820193784846,1.0068648063609795,0.36522303710017984,-3.58404251207352,1.0418839015069659,-3.6731254375126667,1.9836889160318878,-3.0352705797237314,-0.27623205328958117,-1.138264730599455,0.18558001043870095,-1.857518969997557,-1.3700340682783443,-0.021025289101405026,-2.8740422428319063,-2.990916131913978,1.8118148039888111,-5.816336185998795,-2.559772253359882,-4.12632215176076,-5.252753420278135,-3.6386940084363593,6.107433724268624,-0.46536458031110284,-2.8340841416594045,1.892877338131767,1.0539228304892192,0.43153199324641583,-1.057869447132443,-1.398770551065418,-5.360216672534206,-0.3582525777420815,-1.5046962598872589,6.418785317317058,-3.4226920146527933,0.9260737823805267,1.3022722142857166
2.5816066970650913,0.6369424893708838,-0.7870676518569192,-0.12313100696472139,-2.1689362045494307,1.8454371312330753,0.8389584849501991,1.0098831351500166,0.9156781939991272,-0.37733069500551397,-1.2490292806937877,1.4367301605812575,-0.19450449793037314,-0.251161861422818,0.2467502755669915,2.329413590677872,-0.47470390128901474,2.2185801657674316,-1.4485067836166816,1.8872959585293765,0.06903073390066922,0.40854853607802927,0.174246937563914,1.4709387134619132,0.976472315336689,0.34100645787720674,2.223343450513401,1.8673399591581668,-1.2840619591956606,3.937873023617311,1.439010363993857,2.790671224723582,3.309749954242811,2.2951387188908616,-3.5168224372013386,-0.38786289669712276,1.611473510832547,-0.8901208468668138,-1.0089935904558767,-0.6334222584093424,0.679737789684858,0.955007744122687,3.5290627533253653,0.6203791695542005,0.7180134452117052,-3.8946398970102343,2.6188585049514286,-0.5536118492185599,-0.875982545597022
1.5054859291463385,0.6531185325015105,-0.4899681783277072,0.016940049913109493,-1.0913798716785947,0.8389584849501991,0.58291947142753,0.30616117564587825,0.3079515951092235,-0.22517575441933171,-0.20392925867875478,1.0156068577084831,0.19116397571867427,-0.3455722053336515,-0.13222465948000478,1.4346474768979522,-0.38652102868632116,1.5057166580051669,-0.8373522476010364,1.2078148706066767,0.04216270919119894,0.4557729075876318,0.036177444574689265,0.5972443831361935,0.5163439794018615,0.014603487357319353,0.9910103610663777,1.0287734158733073,-0.9412921452057532,2.2989081669758535,1.1700655680926428,1.7991525692143941,2.3190096049099296,1.4817006637746233,-2.34453911237593,0.10998420425550394,1.2474707057228247,-0.7903453578509861,-0.45384484641311806,-0.14449722694534342,0.6145192747123619,0.567852573119363,1.9532149069096982,-0.07214514163274728,0.7391411218785657,-2.5821374844357203,1.6221185439755594,-0.604311180544176,-0.4509580669046252
0.7957172749324701,-0.13820264048729974,-0.2553672450443744,-0.33896754874918694,-0.9888113876922895,1.0098831351500166,0.30616117564587825,0.8155807997025228,0.49635691421126976,-0.1756351291059592,-1.4460430060309266,0.13622308665698327,-0.4746684559083058,0.2999324545442737,0.6252960933506553,0.6609425493142999,0.2402413418556851,0.36172171054143604,-0.62027782433051,0.4736660628462702,-0.03183376398151516,-0.3341197660017066,0.34776013277442896,0.8034840449854235,0.3926089570184837,0.6125269847022164,1.3590258801709414,0.6206922392024058,-0.4186295177123434,1.3599891052892992,-0.01993421119154755,0.9012442182469061,0.7698576495279015,0.6036986989676875,-0.6755537960443498,-0.8793178241253428,0.16712167370403472,0.23627588010922068,-0.6537192233585635,-0.7832205057179651,0.021000251863087727,0.3855324270544084,1.2309029936455238,0.8805678296063166,-0.11592631394787592,-0.7951024288028145,0.9979759306834702,0.09395867016059753,-0.3929760739338879
1.273048244119662,0.20475929953578567,-0.3680632783872647,-0.008549841801273711,-1.100488006646112,0.9156781939991272,0.3079515951092235,0.49635691421126976,0.5835321319212942,-0.11252367062787022,-0.6180758998441733,0.6539550348219698,-0.15910794598773714,-0.12937788457713126,0.07582954259921935,1.0914867392445997,-0.31340037766571777,1.0689599133384988,-0.7000962256087541,0.8909739610752834,0.0654946318525778,0.19730903501292593,4.269630191126668e-4,0.8475869788064618,0.49356010728240973,0.10207522653532644,1.0233439784096123,0.821944697026494,-0.4113539757829636,1.8686331464943007,0.6184781531300949,1.1891163830899807,1.4002797860887062,1.1303177057663736,-1.661304378644607,-0.14870942090266054,0.7419162273023222,-0.47697554208980647,-0.44069968992514663,-0.2529165132727708,0.16909476680762395,0.44727690942403064,1.7586819976672425,0.42340092582194006,0.2542409333114634,-1.8405120619593562,1.031065109832417,-0.19400659225171413,-0.40334274283739135
-0.822878609794492,-0.46495225301550025,0.20756994585646493,-0.13700698838680037,0.5711260797451349,-0.37733069500551397,-0.22517575441933171,-0.1756351291059592,-0.11252367062787022,0.3246580318679573,-0.24505368624628768,-0.9629273786695195,-0.13173056063206337,0.31781384863145506,0.09563146182765342,-0.9253192970634889,0.27537451521096556,-0.9167894741942146,0.21819536831422912,-0.7376495019827641,-0.14496448120885708,-0.45661352464115007,0.10892739007018036,-0.1989190402053434,-0.24879066414395387,0.09437880152847665,-0.7245140330085137,-1.2064527805633858,0.5525145667267933,-1.4297797181997152,-0.7236651166215841,-1.059815200310712,-1.380726243260336,-0.6254316488379432,1.700617528027017,-0.39526491027770755,-0.520938412107245,0.43332060487563046,0.200602482191524,0.04341254202096078,-0.43335992262950823,-0.2669844251420271,-1.3352728510289706,0.2768093372119092,-0.3545986566091101,1.6620667448327113,-1.0491494206806402,0.07279717789622459,0.34559234304333925
0.8417080060625844,1.6182991255044763,-0.06837702485580414,1.4075866620129227,0.5013914201067959,-1.2490292806937877,-0.20392925867875478,-1.4460430060309266,-0.6180758998441733,-0.24505368624628768,4.408451704848794,2.403935631576933,1.4319684921038738,-1.928644086943689,-2.123024601162601,1.1904748430053211,-1.7793571978675178,1.9557431463401742,0.7004152337118821,1.194044097447184,0.3577918200112929,2.2430895058825087,-1.3798454791303374,-1.105988762316802,-0.032616277713171216,-1.9574122310402928,-1.2650946421955878,1.908957423002471,-0.27370273270073653,0.8888434553266051,2.2287933156111577,0.6860811313451473,1.8934708449919047,0.7391772445141273,-3.4279780819184733,3.3666283654087814,1.3410338248980556,-2.045154684326464,1.0535497333156207,2.1693758598955744,1.0511857176808546,-0.21516654418917583,1.2054390936554076,-2.4588181477264244,1.3168657772386139,-3.0916873024160747,0.12010719000629766,-0.4006651156393764,-0.22464741171061536
4.4218758703495205,2.5713332384626404,-1.1880323460544073,1.1055364073803358,-2.7523664858313435,1.4367301605812575,1.0156068577084831,0.13622308665698327,0.6539550348219698,-0.9629273786695195,2.403935631576933,4.689647799923468,1.1698851915908697,-2.261932372474722,-1.6244882746277105,4.6077346548245055,-2.158774120959111,5.13055759000908,-1.4480381620202185,3.9506036992618534,0.6176385115702815,2.724823785938983,-1.0699581264372895,1.0951063994127708,1.3527574893415273,-1.2313252984496807,2.3560565192054272,4.806359973110099,-2.2267030056070505,6.813009323278211,4.161026234705095,4.918617209414925,6.90674865292118,4.068038458939259,-8.821511689097475,2.786766340303919,3.6652351149567393,-3.229525333421764,-0.4504550497948021,0.8465129570776937,1.92248919123618,1.3228892987402021,6.493096130308758,-1.4916732142592721,2.382697725139667,-8.836026796151518,3.996994351255982,-1.09981084672212,-1.5310658443015848
0.747295686624723,0.8539391518344087,-0.2268207427648697,0.42909785120827004,-0.2163820193784846,-0.19450449793037314,0.19116397571867427,-0.4746684559083058,-0.15910794598773714,-0.13173056063206337,1.4319684921038738,1.1698851915908697,0.6926317547909069,-0.8088279611609298,-0.8492309011799382,0.8985203349077614,-0.647974969987307,1.250306929074884,-0.19785765580881517,0.8566198820652027,0.1807675546268422,0.8868375910236498,-0.43865458335725194,-0.14413178737113816,0.15622962811398738,-0.6188463613229854,-0.14583219504024522,0.738046256646521,-0.4702966528362597,1.1417270586517327,1.2023322451725817,0.9605740681874539,1.6541315109460557,0.9560835557860914,-2.0982644238129735,1.2156337831038546,1.1180812765968442,-1.0914887261101023,0.2485104477540241,0.5984442112757159,0.5176660225576938,0.22888017035297117,1.034929230464366,-0.902306186573493,0.8795139038146613,-2.0578571231661664,0.5334932358056474,-0.541677232192669,-0.1620816752221237
-1.9065648971103897,-1.3542168033697914,0.5107411786417061,-0.7349992595104201,1.0068648063609795,-0.251161861422818,-0.3455722053336515,0.2999324545442737,-0.12937788457713126,0.31781384863145506,-1.928644086943689,-2.261932372474722,-0.8088279611609298,1.4004703185376486,1.232438708995551,-2.0112463382368997,1.2359561213952275,-2.4166836958451166,0.5447590953633893,-1.8328621420313507,-0.27820427567200545,-1.5028060863207267,0.7472898042546863,-0.2448764763312498,-0.5568224248583805,0.8855163409059705,-0.6000843561691592,-2.0436848734809114,0.8551727402934234,-2.770127529397471,-2.080298317241363,-2.0018794960660613,-3.052931416588466,-1.935798596769139,4.170481066168377,-1.7997100869516134,-1.889570082147461,1.7619395888792708,-0.09706489769662806,-0.8311898188900338,-0.8778561367583221,-0.49855253847302533,-2.759868183245115,0.9190376942807214,-1.3092833966690864,4.0975388902803775,-1.3126405072162266,0.5918873341071055,0.662067553934089
-1.1589004248652957,-1.0944400889259518,0.3041623385209155,-0.7246784509106132,0.36522303710017984,0.2467502755669915,-0.13222465948000478,0.6252960933506553,0.07582954259921935,0.09563146182765342,-2.123024601162601,-1.6244882746277105,-0.8492309011799382,1.232438708995551,1.2918124442822398,-1.2507260140439023,1.1050584456162524,-1.7404864744734603,0.21751470920323368,-1.2211048877922535,-0.21407291534697415,-1.3017141809388317,0.7496852111462611,0.10644439468920165,-0.27744193834938347,0.9833210388149168,0.2219413830346164,-1.1375262772533792,0.4206327854244878,-1.5234717823188533,-1.6314788641025637,-1.1176529448616879,-2.002597443244717,-1.3307275720119733,2.9021862071114284,-1.7745691073489949,-1.4772022207726923,1.5385966467156869,-0.3858820591771923,-1.0359300660915411,-0.6187377884501377,-0.22988317978764197,-1.5737215236617226,1.0469960661180082,-1.097447050375713,2.8311301170414045,-0.46609197331232183,0.5752783988085313,0.31281554273316164
5.30208197941347,2.540058280307702,-1.51212682585137,0.8178987972970584,-3.58404251207352,2.329413590677872,1.4346474768979522,0.6609425493142999,1.0914867392445997,-0.9253192970634889,1.1904748430053211,4.6077346548245055,0.8985203349077614,-2.0112463382368997,-1.2507260140439023,5.224114814856363,-2.1250014756327658,5.645370814243081,-2.1958637145000828,4.434381025471899,0.4745416234074395,2.485268218378573,-0.7364190800898762,1.8040252747654781,1.7375093493311515,-0.8376465308635097,3.128800907190019,4.828672314095319,-2.6730551847929287,7.998986971455733,4.410974942728399,5.803364558119735,7.8021471642410924,4.904774148097709,-9.329745386247055,1.9860073384090298,4.174367216268921,-3.3015450775416224,-0.9943807272965677,0.40110708868965966,2.055181341295937,1.6874936217117442,7.408969978027744,-0.8677015622557855,2.5076558453173985,-9.693932145495824,4.912581587973248,-1.4527980820290818,-1.749314551796314
-2.2134922419235235,-1.2648165711845458,0.5393227591258143,-0.7997449231766757,1.0418839015069659,-0.47470390128901474,-0.38652102868632116,0.2402413418556851,-0.31340037766571777,0.27537451521096556,-1.7793571978675178,-2.158774120959111,-0.647974969987307,1.2359561213952275,1.1050584456162524,-2.1250014756327658,1.5050921374620685,-2.550062849654627,0.47394680777562176,-1.8431069365606993,-0.18465861552960403,-1.5994103040786607,0.7212861404078081,-0.3185853191464618,-0.6112554592711473,1.0529338295105497,-0.44266565827921345,-2.1485390193177247,0.8542515135318011,-2.8933911107915113,-2.239705442339821,-2.017359316300242,-3.0069509684741607,-1.8486578897216561,3.9970501931975244,-1.6891997080582626,-1.7550016567126532,1.8031576781157455,0.01217597798766128,-1.0613030682436835,-1.0449961112002903,-0.39945557156308253,-2.8439656701692337,1.0505574993596822,-1.1386195275941418,4.161506468656771,-1.6650242753803393,0.6159865108843564,0.6361621834629142
5.711745228138256,2.937789626916568,-1.6297791427341053,1.0733477152513415,-3.6731254375126667,2.2185801657674316,1.5057166580051669,0.36172171054143604,1.0689599133384988,-0.9167894741942146,1.9557431463401742,5.13055759000908,1.250306929074884,-2.4166836958451166,-1.7404864744734603,5.645370814243081,-2.550062849654627,6.311579308464965,-2.2974270768551777,4.847674728946185,0.5551771759205385,2.9647441584179175,-0.995570546689606,1.7711514820889485,1.812575333193367,-1.2401823629934106,2.8862233414019793,5.049912867702013,-2.812731368911603,8.510244586749351,5.043079369150312,6.1985996169090685,8.55264303756255,5.414372626647983,-10.312212899144729,2.64053595949437,4.771081815877918,-3.936049256688133,-0.8276968004516473,0.8145413719156736,2.2758998584245638,1.7821339013761592,7.877401024867456,-1.34648174703578,2.9418528289619004,-10.710108548517931,5.080821514380539,-1.7807351626572958,-1.7781517791239878
-2.3582086949056227,-0.8530428816133284,0.8093644720667639,0.06824722880262525,1.9836889160318878,-1.4485067836166816,-0.8373522476010364,-0.62027782433051,-0.7000962256087541,0.21819536831422912,0.7004152337118821,-1.4480381620202185,-0.19785765580881517,0.5447590953633893,0.21751470920323368,-2.1958637145000828,0.47394680777562176,-2.2974270768551777,1.5995391413909907,-1.9167643590316559,-0.11574754578455473,-0.48953441636538464,-0.0364184021840097,-1.3247082757160178,-0.908225146933145,-0.20727368918803474,-1.7762799654199497,-1.2583435468653172,1.2200802131719182,-3.6725212345324962,-1.56508458892186,-2.7171147277665852,-3.46992385885123,-2.6216505468207063,3.688887176951,0.01693960628568342,-2.0971415062242755,1.240711546087627,0.7212249722958491,0.46827789797554004,-0.5628339959993373,-1.0336491911049135,-3.223758660405444,-0.44989543185226666,-1.1284696644283503,3.9945492269472287,-2.0689087771034655,0.9196243676561018,0.733598688572409
4.495533133908395,2.223375949198173,-1.3012540392025476,0.7320827345248229,-3.0352705797237314,1.8872959585293765,1.2078148706066767,0.4736660628462702,0.8909739610752834,-0.7376495019827641,1.194044097447184,3.9506036992618534,0.8566198820652027,-1.8328621420313507,-1.2211048877922535,4.434381025471899,-1.8431069365606993,4.847674728946185,-1.9167643590316559,3.8173133871348393,0.4053602022674355,2.154513436229537,-0.6861559971897349,1.5138643769528661,1.480500088637488,-0.7562185938939667,2.5816551999610327,4.002091899272972,-2.2434431584329118,6.761604843666014,3.798879076743516,4.916942032067036,6.673790394934592,4.293846539990873,-8.038222218987555,1.8062415643771155,3.697612371918506,-2.9093954533295374,-0.7722943010690945,0.4106946140263979,1.7143132585297953,1.4526883123074994,6.288438577496437,-0.7272762725058329,2.2459400553440467,-8.316656531603305,4.005715069638357,-1.3046492136308925,-1.4902491585402138
0.3648084676224974,0.28605703694424334,-0.0932923305673118,0.13941188179651343,-0.27623205328958117,0.06903073390066922,0.04216270919119894,-0.03183376398151516,0.0654946318525778,-0.14496448120885708,0.3577918200112929,0.6176385115702815,0.1807675546268422,-0.27820427567200545,-0.21407291534697415,0.4745416234074395,-0.18465861552960403,0.5551771759205385,-0.11574754578455473,0.4053602022674355,0.17828562380649396,0.31770970727795245,-0.18162435960915502,0.13162226909221805,0.10543291476772328,-0.1521133907101412,0.2575900803407671,0.536793759999056,-0.15956745496415098,0.7410353286043777,0.39881013836148743,0.49492693300742435,0.7483753282969863,0.41519087671639204,-1.086071936356477,0.45307188259277464,0.38756374630401974,-0.39761018851285085,0.032185642047243786,0.02890488263036414,0.10072619307843494,0.17710184071121343,0.7227190083422119,-0.23012103313265908,0.26166326371923426,-0.9917349836883455,0.30340487078852935,-0.07063566754665312,-0.12200596417220416
2.4060445309322267,1.6017597870776183,-0.5938118507848996,0.909785903086534,-1.138264730599455,0.40854853607802927,0.4557729075876318,-0.3341197660017066,0.19730903501292593,-0.45661352464115007,2.2430895058825087,2.724823785938983,0.8868375910236498,-1.5028060863207267,-1.3017141809388317,2.485268218378573,-1.5994103040786607,2.9647441584179175,-0.48953441636538464,2.154513436229537,0.31770970727795245,1.8984672709857506,-0.8447116580522533,0.2315522700385375,0.64182266234057606,-1.1751795733549504,0.6155188432601222,2.6703845326693094,-1.114677523513559,3.409842154791416,2.6164768444512663,2.467886623977319,3.7034850284453245,2.0924194936046314,-4.893001158789994,2.1344814382498427,2.062624207123868,-2.0935191892728353,0.03718722688998355,1.102472087413896,1.251624379974176,0.5173580355463242,3.3088553698818775,-1.4109932705004788,1.4287541311302734,-4.938789271498006,2.005644549331433,-0.6993192688124137,-0.7396522275167874
-0.6593970425133207,-0.5995594511545824,0.12194377628200487,-0.511977358749686,0.18558001043870095,0.174246937563914,0.036177444574689265,0.34776013277442896,4.269630191126668e-4,0.10892739007018036,-1.3798454791303374,-1.0699581264372895,-0.43865458335725194,0.7472898042546863,0.7496852111462611,-0.7364190800898762,0.7212861404078081,-0.995570546689606,-0.0364184021840097,-0.6861559971897349,-0.18162435960915502,-0.8447116580522533,0.5359162065411619,0.07660773173072309,-0.14642210684667284,0.6665398609885832,0.10793507870782872,-0.9252645848263726,0.12538682638292503,-0.8731641821415386,-0.9116625844062415,-0.536571033780248,-1.0149464347734514,-0.6125714668827551,1.7499827994736046,-1.1867886535757628,-0.681910213411252,0.8764577722469418,-0.2697672660824891,-0.6780986481056092,-0.3265548683394461,-0.06682340024217907,-1.0040005594866497,0.6660089013569933,-0.5083233577248208,1.638477576855355,-0.21287504043358121,0.13863456437134292,0.20943715061041154
2.009436061590275,0.43139575802054525,-0.6436662265797319,-0.1269027018673204,-1.857518969997557,1.4709387134619132,0.5972443831361935,0.8034840449854235,0.8475869788064618,-0.1989190402053434,-1.105988762316802,1.0951063994127708,-0.14413178737113816,-0.2448764763312498,0.10644439468920165,1.8040252747654781,-0.3185853191464618,1.7711514820889485,-1.3247082757160178,1.5138643769528661,0.13162226909221805,0.2315522700385375,0.07660773173072309,1.4041316502701875,0.8089729681961582,0.32244007963350757,1.7969989732550138,1.1772604926564034,-0.8137832845867202,3.149992271582157,1.0065250150554008,2.130561119136609,2.559609925931996,2.04822920649638,-2.8779484298158593,-0.29943765210470147,1.441987318983693,-0.8069863582307858,-0.7359415456544169,-0.6153496673828751,0.24922325677620474,0.8672279780535364,2.8746837596393306,0.7529106089832506,0.6069361725914022,-3.1156708841017453,1.692910773383638,-0.474830594434895,-0.6620348440773194
1.8459185263891453,0.7191950058643912,-0.5484886934772499,0.15950474348418456,-1.3700340682783443,0.976472315336689,0.5163439794018615,0.3926089570184837,0.49356010728240973,-0.24879066414395387,-0.032616277713171216,1.3527574893415273,0.15622962811398738,-0.5568224248583805,-0.27744193834938347,1.7375093493311515,-0.6112554592711473,1.812575333193367,-0.908225146933145,1.480500088637488,0.10543291476772328,0.64182266234057606,-0.14642210684667284,0.8089729681961582,0.6597854526499508,-0.10456045254552077,1.237862217634468,1.4559142307901696,-0.8690138577851906,2.7456897591393563,1.3306246050747192,1.9555740335262795,2.5313585291758214,1.7490044447163642,-2.9608919069679147,0.34396080434359416,1.3959964933392262,-0.9901394457755461,-0.45577134768053396,-0.03866831447509684,0.5773786032556624,0.6217386969076295,2.5435942752162624,0.05753938279207047,0.763811745874239,-3.1361869521834276,1.6199609870751095,-0.4838050615852406,-0.6236211186922933
-0.7945502272660491,-0.793615153906114,0.12373220208795918,-0.7094679290255346,-0.021025289101405026,0.34100645787720674,0.014603487357319353,0.6125269847022164,0.10207522653532644,0.09437880152847665,-1.9574122310402928,-1.2313252984496807,-0.6188463613229854,0.8855163409059705,0.9833210388149168,-0.8376465308635097,1.0529338295105497,-1.2401823629934106,-0.20727368918803474,-0.7562185938939667,-0.1521133907101412,-1.1751795733549504,0.6665398609885832,0.32244007963350757,-0.10456045254552077,1.0313278599426168,0.5554430790433399,-1.0369725916600285,0.19551538766906476,-0.8490039357628131,-1.2899577658825976,-0.5720968543420613,-1.1986228867021385,-0.5807574902676674,1.9137181134796815,-1.577578050587751,-0.7883996477107912,1.160437645386123,-0.39720067846605234,-1.1303259712315215,-0.5981210719946886,0.04580364689918836,-0.9393580990482628,1.2019810470369685,-0.6401519228734952,1.9087903592443123,-0.3830257686060441,0.3058498491557087,0.14318094287960687
3.1862649952450384,0.9943315622870865,-0.9700977792779422,-0.11368152462916671,-2.8740422428319063,2.223343450513401,0.9910103610663777,1.3590258801709414,1.0233439784096123,-0.7245140330085137,-1.2650946421955878,2.3560565192054272,-0.14583219504024522,-0.6000843561691592,0.2219413830346164,3.128800907190019,-0.44266565827921345,2.8862233414019793,-1.7762799654199497,2.5816551999610327,0.2575900803407671,0.6155188432601222,0.10793507870782872,1.7969989732550138,1.237862217634468,0.5554430790433399,3.3608773777073795,3.0425843847596883,-1.7429560894914438,5.28961630316572,1.8094921891991527,3.7558217809595655,4.490971157490991,2.9565339911151938,-5.1860294379938905,-0.18283803559086437,2.0800112337187433,-1.0791662783375382,-1.2402639542698615,-1.0428820766449973,0.8412432028006313,1.3101224958566224,4.906442595526403,0.8441519207456482,1.026276189917696,-5.313598289016968,3.3198165389499734,-0.4138515943935069,-1.3315180277291008
4.7073683225243785,2.408420786557329,-1.1714162313508294,1.0640371641581816,-2.990916131913978,1.8673399591581668,1.0287734158733073,0.6206922392024058,0.821944697026494,-1.2064527805633858,1.908957423002471,4.806359973110099,0.738046256646521,-2.0436848734809114,-1.1375262772533792,4.828672314095319,-2.1485390193177247,5.049912867702013,-1.2583435468653172,4.002091899272972,0.536793759999056,2.6703845326693094,-0.9252645848263726,1.1772604926564034,1.4559142307901696,-1.0369725916600285,3.0425843847596883,5.763357309521408,-2.4031824632562424,7.176498139062272,4.057960248495701,5.085781177334597,6.809818913451512,3.7104271520701206,-8.795660083619707,2.40493043445906,3.123314279925501,-2.7732457718686088,-0.8030096888041685,0.6545309225644005,2.1438586326569187,1.2225085966298994,6.960884341723682,-1.2418031861275531,1.9660493214971295,-8.817680237937331,4.681376402989619,-0.5984920066862817,-1.8187457769945552
-2.6723992279692164,-1.354797950033782,0.8140934350251819,-0.2288989760494608,1.8118148039888111,-1.2840619591956606,-0.9412921452057532,-0.4186295177123434,-0.4113539757829636,0.5525145667267933,-0.27370273270073653,-2.2267030056070505,-0.4702966528362597,0.8551727402934234,0.4206327854244878,-2.6730551847929287,0.8542515135318011,-2.812731368911603,1.2200802131719182,-2.2434431584329118,-0.15956745496415098,-1.114677523513559,0.12538682638292503,-0.8137832845867202,-0.8690138577851906,0.19551538766906476,-1.7429560894914438,-2.4031824632562424,1.7138599166221546,-4.145169675677068,-2.276175303349816,-3.2305503590397033,-4.248820285070004,-2.4828139967749703,4.602771805631793,-0.6813940078012145,-2.152508757292374,1.5114885719280182,0.6772831370950456,0.03279179843227031,-1.255928526853501,-0.920338627414454,-3.6394873605289204,0.4898996072857268,-1.3644524359359478,4.872599185347958,-2.952449574343032,0.9037317375437293,0.8863883606398998
8.143365020844588,3.669551658647247,-2.375337242009195,0.9580739907769606,-5.816336185998795,3.937873023617311,2.2989081669758535,1.3599891052892992,1.8686331464943007,-1.4297797181997152,0.8888434553266051,6.813009323278211,1.1417270586517327,-2.770127529397471,-1.5234717823188533,7.998986971455733,-2.8933911107915113,8.510244586749351,-3.6725212345324962,6.761604843666014,0.7410353286043777,3.409842154791416,-0.8731641821415386,3.149992271582157,2.7456897591393563,-0.8490039357628131,5.28961630316572,7.176498139062272,-4.145169675677068,12.510836177699314,6.443377416835311,9.058492538365481,11.984855322308857,7.650849450812338,-14.11573028115672,2.437986403350496,6.3595689922969365,-4.800488505565326,-1.7795699351015402,0.04951636008525763,2.9315543496042333,2.779592729485428,11.49751542942412,-0.8077968303293686,3.7117421833497004,-14.705466418759075,7.672891764175244,-2.2172883473796126,-2.698406210200823
4.4333073050562115,2.5123845503610136,-1.2395032854056667,1.030366887610699,-2.559772253359882,1.439010363993857,1.1700655680926428,-0.01993421119154755,0.6184781531300949,-0.7236651166215841,2.2287933156111577,4.161026234705095,1.2023322451725817,-2.080298317241363,-1.6314788641025637,4.410974942728399,-2.239705442339821,5.043079369150312,-1.56508458892186,3.798879076743516,0.39881013836148743,2.6164768444512663,-0.9116625844062415,1.0065250150554008,1.3306246050747192,-1.2899577658825976,1.8094921891991527,4.057960248495701,-2.276175303349816,6.443377416835311,4.245366208596603,4.793800282835082,6.766182569396441,4.1062504478964135,-8.136336462451482,2.4826204815949597,3.779902746596366,-3.2719898899832716,-0.4723806563018991,1.0643818357209338,2.0450159047765064,1.2450391222645112,5.944709600719192,-1.5785259846873176,2.450290030179969,-8.475202275176454,4.010598901623979,-1.5012518106856274,-1.335180180676245
5.860341045282348,2.792009092711846,-1.752225322800114,0.6308867355692386,-4.12632215176076,2.790671224723582,1.7991525692143941,0.9012442182469061,1.1891163830899807,-1.059815200310712,0.6860811313451473,4.918617209414925,0.9605740681874539,-2.0018794960660613,-1.1176529448616879,5.803364558119735,-2.017359316300242,6.1985996169090685,-2.7171147277665852,4.916942032067036,0.49492693300742435,2.467886623977319,-0.536571033780248,2.130561119136609,1.9555740335262795,-0.5720968543420613,3.7558217809595655,5.085781177334597,-3.2305503590397033,9.058492538365481,4.793800282835082,6.736315651013557,8.940703362004658,5.596168222569284,-10.232195207398291,1.7341991511720416,4.750683856326845,-3.5045901408985802,-1.3073782782022354,0.01033351490180624,2.2883555886488085,2.048329598167486,8.183188737899894,-0.7661927763013423,2.8632348673253647,-10.706381497055501,5.7631734189044455,-1.8122994453465302,-1.916541401861176
7.789951120512103,4.025642683423386,-2.3160001031338466,1.1186187845041746,-5.252753420278135,3.309749954242811,2.3190096049099296,0.7698576495279015,1.4002797860887062,-1.380726243260336,1.8934708449919047,6.90674865292118,1.6541315109460557,-3.052931416588466,-2.002597443244717,7.8021471642410924,-3.0069509684741607,8.55264303756255,-3.46992385885123,6.673790394934592,0.7483753282969863,3.7034850284453245,-1.0149464347734514,2.559609925931996,2.5313585291758214,-1.1986228867021385,4.490971157490991,6.809818913451512,-4.248820285070004,11.984855322308857,6.766182569396441,8.940703362004658,12.145611768450294,7.575289908266809,-14.119190583233761,3.0467117351901862,6.634781366683388,-5.131262435343867,-1.4171646993910851,0.49564269427311636,3.157973055280691,2.6731154041680814,10.86157076787151,-1.5824443078229542,4.1194006892738075,-14.679423932189097,7.433061423063471,-2.592295990223511,-2.4758857060530066
5.060324363265829,2.3814653970703112,-1.571491401356994,0.5955118524986349,-3.6386940084363593,2.2951387188908616,1.4817006637746233,0.6036986989676875,1.1303177057663736,-0.6254316488379432,0.7391772445141273,4.068038458939259,0.9560835557860914,-1.935798596769139,-1.3307275720119733,4.904774148097709,-1.8486578897216561,5.414372626647983,-2.6216505468207063,4.293846539990873,0.41519087671639204,2.0924194936046314,-0.6125714668827551,2.04822920649638,1.7490044447163642,-0.5807574902676674,2.9565339911151938,3.7104271520701206,-2.4828139967749703,7.650849450812338,4.1062504478964135,5.596168222569284,7.575289908266809,5.275109564471328,-8.845288162117852,1.6032509942450688,4.509546870636496,-3.3107644062240964,-0.9449195322657991,0.1545267144511926,1.6545975311305852,1.8449009465143764,6.986014250906049,-0.3509100997654778,2.6643820133450324,-9.26652543649487,4.255385345821783,-1.7842245355145718,-1.5859402392889046
-9.200504393226888,-4.9083797567868,2.6160665009117703,-1.7868465804893103,6.107433724268624,-3.5168224372013386,-2.34453911237593,-0.6755537960443498,-1.661304378644607,1.700617528027017,-3.4279780819184733,-8.821511689097475,-2.0982644238129735,4.170481066168377,2.9021862071114284,-9.329745386247055,3.9970501931975244,-10.312212899144729,3.688887176951,-8.038222218987555,-1.086071936356477,-4.893001158789994,1.7499827994736046,-2.8779484298158593,-2.9608919069679147,1.9137181134796815,-5.1860294379938905,-8.795660083619707,4.602771805631793,-14.11573028115672,-8.136336462451482,-10.232195207398291,-14.119190583233761,-8.845288162117852,17.426068614665517,-4.583504159384779,-7.766157798172559,6.370012662988433,1.2955670085278628,-1.0984279643179955,-3.606481394098436,-2.9946196118653634,-13.227240115807005,2.1000293107239294,-4.845445222207414,17.74152521450516,-8.175175568963686,2.6088281043586155,3.078157240381241
1.7077988363978465,1.6773109417455945,-0.35937634753445796,1.1779287124107705,-0.46536458031110284,-0.38786289669712276,0.10998420425550394,-0.8793178241253428,-0.14870942090266054,-0.39526491027770755,3.3666283654087814,2.786766340303919,1.2156337831038546,-1.7997100869516134,-1.7745691073489949,1.9860073384090298,-1.6891997080582626,2.64053595949437,0.01693960628568342,1.8062415643771155,0.45307188259277464,2.1344814382498427,-1.1867886535757628,-0.29943765210470147,0.34396080434359416,-1.577578050587751,-0.18283803559086437,2.40493043445906,-0.6813940078012145,2.437986403350496,2.4826204815949597,1.7341991511720416,3.0467117351901862,1.6032509942450688,-4.583504159384779,2.9092791109218537,1.8591551681900573,-2.221993328770426,0.5705606656164331,1.5563052717819659,1.0686930673017951,0.26409941998615794,2.5458957862134253,-1.9398775840069231,1.4550179932618268,-4.360292040806672,1.0590303811119048,-0.5658792629440956,-0.5081594639871609
4.226320115448387,2.2763627807012092,-1.3164026375344937,0.6743274380022748,-2.8340841416594045,1.611473510832547,1.2474707057228247,0.16712167370403472,0.7419162273023222,-0.520938412107245,1.3410338248980556,3.6652351149567393,1.1180812765968442,-1.889570082147461,-1.4772022207726923,4.174367216268921,-1.7550016567126532,4.771081815877918,-2.0971415062242755,3.697612371918506,0.38756374630401974,2.062624207123868,-0.681910213411252,1.441987318983693,1.3959964933392262,-0.7883996477107912,2.0800112337187433,3.123314279925501,-2.152508757292374,6.3595689922969365,3.779902746596366,4.750683856326845,6.634781366683388,4.509546870636496,-7.766157798172559,1.8591551681900573,4.0452771627902155,-3.1115902607567603,-0.5779623192792581,0.47621585537983,1.5589007736798548,1.5139510651442512,5.771176891292362,-0.7942695920188546,2.5174366701813615,-8.092557050450484,3.520402610431313,-1.7053179457853178,-1.2641500483611012
-3.2934384823563847,-1.9695629102057646,0.9369273199977174,-0.8849963084480837,1.892877338131767,-0.8901208468668138,-0.7903453578509861,0.23627588010922068,-0.47697554208980647,0.43332060487563046,-2.045154684326464,-3.229525333421764,-1.0914887261101023,1.7619395888792708,1.5385966467156869,-3.3015450775416224,1.8031576781157455,-3.936049256688133,1.240711546087627,-2.9093954533295374,-0.39761018851285085,-2.0935191892728353,0.8764577722469418,-0.8069863582307858,-0.9901394457755461,1.160437645386123,-1.0791662783375382,-2.7732457718686088,1.5114885719280182,-4.800488505565326,-3.2719898899832716,-3.5045901408985802,-5.131262435343867,-3.3107644062240964,6.370012662988433,-2.221993328770426,-3.1115902607567603,2.777833116997603,0.14293104300334608,-0.9720312148608652,-1.3624998423710344,-0.9864113892248977,-4.4683856464892555,1.2842831446090042,-2.0089876769837733,6.567088339288394,-2.5907659879073557,1.2726897420769014,0.9145136291761146
-1.134679396143478,-0.16402214623440337,0.36338311915052907,0.22134894177582795,1.0539228304892192,-1.0089935904558767,-0.45384484641311806,-0.6537192233585635,-0.44069968992514663,0.200602482191524,1.0535497333156207,-0.4504550497948021,0.2485104477540241,-0.09706489769662806,-0.3858820591771923,-0.9943807272965677,0.01217597798766128,-0.8276968004516473,0.7212249722958491,-0.7722943010690945,0.032185642047243786,0.03718722688998355,-0.2697672660824891,-0.7359415456544169,-0.45577134768053396,-0.39720067846605234,-1.2402639542698615,-0.8030096888041685,0.6772831370950456,-1.7795699351015402,-0.4723806563018991,-1.3073782782022354,-1.4171646993910851,-0.9449195322657991,1.2955670085278628,0.5705606656164331,-0.5779623192792581,0.14293104300334608,0.6294492809721868,0.5416228220693718,-0.3065951913083829,-0.4568475445173579,-1.534610740125976,-0.5067478013220461,-0.20278733084714556,1.5087663650968126,-1.3703894340971865,0.20214181623160066,0.4238814132349575
0.41809235448463467,0.6533690127490345,2.827011525061163e-4,0.7498222609571615,0.43153199324641583,-0.6334222584093424,-0.14449722694534342,-0.7832205057179651,-0.2529165132727708,0.04341254202096078,2.1693758598955744,0.8465129570776937,0.5984442112757159,-0.8311898188900338,-1.0359300660915411,0.40110708868965966,-1.0613030682436835,0.8145413719156736,0.46827789797554004,0.4106946140263979,0.02890488263036414,1.102472087413896,-0.6780986481056092,-0.6153496673828751,-0.03866831447509684,-1.1303259712315215,-1.0428820766449973,0.6545309225644005,0.03279179843227031,0.04951636008525763,1.0643818357209338,0.01033351490180624,0.49564269427311636,0.1545267144511926,-1.0984279643179955,1.5563052717819659,0.47621585537983,-0.9720312148608652,0.5416228220693718,1.3851244170085832,0.5487522021362182,-0.28708686694490865,0.23823259459741697,-1.2548031359741445,0.479942761631874,-1.1136602376586726,-0.0769916988843964,-0.23055046567582604,-0.015885624502047394
2.0619426980517948,1.2044078536020528,-0.551261562132748,0.4710095006680784,-1.057869447132443,0.679737789684858,0.6145192747123619,0.021000251863087727,0.16909476680762395,-0.43335992262950823,1.0511857176808546,1.92248919123618,0.5176660225576938,-0.8778561367583221,-0.6187377884501377,2.055181341295937,-1.0449961112002903,2.2758998584245638,-0.5628339959993373,1.7143132585297953,0.10072619307843494,1.251624379974176,-0.3265548683394461,0.24922325677620474,0.5773786032556624,-0.5981210719946886,0.8412432028006313,2.1438586326569187,-1.255928526853501,2.9315543496042333,2.0450159047765064,2.2883555886488085,3.157973055280691,1.6545975311305852,-3.606481394098436,1.0686930673017951,1.5589007736798548,-1.3624998423710344,-0.3065951913083829,0.5487522021362182,1.2117620772652926,0.4748897894635975,2.6464280315161823,-0.9333301407202332,1.0725704061427006,-3.8232670671374613,2.2356896980996077,-0.6473913867556536,-0.6498887116546542
