V1,V2,V3,V4,V5,V6,V7,V8,V9,V10,V11,V12,V13,V14,V15,V16,V17,V18,V19,V20,V21,V22,V23,V24,V25,V26,V27,V28,V29,V30,V31,V32,V33,V34,V35,V36,V37,V38,V39,V40,V41,V42,V43,V44
1.0518429253852428,-1.18849237725546,-1.2611026068144775,0.9323969781753371,2.2422016687984554,-0.140320559947694,-0.6885051436305742,-1.7398539100317199,0.35134203281914556,-0.27154198002233315,-1.1167995939424664,0.18639382810321106,-0.5885968052841131,3.3886911635734247,0.7984726843459767,0.20738655584207744,-0.22873105701472995,1.529402019619572,0.3011564128717528,0.35775966653444363,-1.8468325843025029,2.0309786528283835,-0.489433912221618,-0.6084896918256372,-0.3173729120746411,-0.7726590759622143,1.7379533443592758,0.40091791815060934,-0.556031904506651,0.664502383385056,0.3322100118798263,0.2088235806818823,-0.3908656201815174,1.409189759774734,-0.6319975405334745,0.43608319008632596,0.4709531626662566,1.064153207240122,-0.990618143602561,-0.02606846191959733,1.1970231379487353,1.840854602412059,-1.3040728959341734,-0.5595221359482425
-1.18849237725546,1.738940269768503,0.6656290729613745,-0.8902794819848434,-2.459296273550817,-0.12541720015363558,1.3742128961197209,1.3731577614258943,-0.08707972887162198,0.22196822702300628,1.39190223897923,0.9001348796912895,1.3093740558778517,-2.3210885926554323,-0.48082597171843644,-0.24906666193831306,-0.05202203937857504,-1.5609451738736995,-0.03128167053691724,-0.3396573740577764,2.5832630089989252,-1.283622867318709,0.3544225796306479,-0.642426394029825,0.4551185268843634,0.9791670082888243,-1.9574892942043327,0.4767243629416605,0.6205476029147045,0.2994061037283972,-0.6422157087509555,0.2553247770976737,0.28855977105173075,-1.422921817643518,0.4227427606836408,-0.19146829549711325,-0.11464171716487746,-1.1713531218255706,1.5987655787836559,-0.10707917645979777,-0.9575359093870881,-1.528627957915575,1.6207068436435628,1.6292582378689489
-1.2611026068144775,0.6656290729613745,3.112699809872685,-1.4578024555929292,-2.9195759616432904,0.7505375787502875,-0.35970043986577066,3.391151326683162,-1.0053865821211971,0.5495086948568348,1.1327242860467992,-2.4483471347022707,-0.5096667894804182,-7.248857136302724,-1.7814273603670774,-0.21489148908472822,0.9119398937425726,-2.22605414806228,-1.0064495753236744,-0.5672637613956721,1.3118308990911212,-4.525652557039404,1.0170855479182308,3.431703549803362,0.2448468884346925,0.719198116212034,-2.2075948963344016,-2.2828000112264966,0.7510956871579701,-2.897951961222783,0.11490601599465398,-1.2138679821748533,0.7733084158043102,-2.130598445544003,1.3534274941757687,-1.1765812347706006,-1.4295663261094353,-1.430592948014486,0.2567911895274417,0.29832303498460555,-2.285313708986215,-3.353690071340288,1.3631246525300327,-1.2875370754487387
0.9323969781753371,-0.8902794819848434,-1.4578024555929292,0.8997900299212336,2.0351935150165805,-0.24805070638787347,-0.35577997940093986,-1.818833111634579,0.4363412639402443,-0.2862559048529533,-0.9439529702105056,0.6419537265246412,-0.2585983449496251,3.6820936860697664,0.8867860549424006,0.1759161008690457,-0.3386692395052303,1.4403782865015904,0.4039151958800619,0.34485243865441095,-1.4406513046482181,2.247879773292866,-0.525310341924457,-1.1155136938744188,-0.24994365706879354,-0.6399590410666385,1.5627912491028835,0.7452448721269888,-0.5082307223081515,1.0387672227577227,0.1834140572342195,0.3946441988081236,-0.4105803564408841,1.3391379360905602,-0.6874976470057967,0.5255446863904542,0.6008388427605772,0.973361282573346,-0.6792510061020672,-0.08103624486790972,1.2422234252516458,1.8758950998904222,-1.1104990525495901,-0.07612348896367067
2.2422016687984554,-2.459296273550817,-2.9195759616432904,2.0351935150165805,4.849673980478272,-0.3747206249427251,-1.3300104834463384,-3.926334024574945,0.7987899789447973,-0.6322159025419393,-2.3829347860209538,0.6639808033159217,-1.1487529930740736,7.689495093294621,1.7917348025982245,0.435068060919188,-0.5719868740258603,3.338138683526733,0.731794316860068,0.7819490881990308,-3.8760506909425487,4.61299301391017,-1.1114136115989077,-1.639715634792649,-0.689355835758792,-1.6237282910724122,3.7753847419104103,1.041068632602929,-1.2303863014909906,1.6657827992172467,0.6570584049517906,0.5513584792162747,-0.8677706995655106,3.1073400432721487,-1.4249207171757803,1.0346387814908673,1.121355105149536,2.333927892232899,-2.016086421130079,-0.08520738272814968,2.6831619433085843,4.082584723899279,-2.8044134454679788,-0.9800272217789656
-0.140320559947694,-0.12541720015363558,0.7505375787502875,-0.24805070638787347,-0.3747206249427251,0.23377235346089584,-0.3460936320727025,0.6976752400564533,-0.27091472185512455,0.11246351278411891,0.06662237765212237,-0.8465537275979275,-0.38167625969437924,-1.6077299224474284,-0.4115658720380294,-0.0177907020269791,0.2640787345004745,-0.3382773811310553,-0.2764628453074245,-0.10138279238176648,-0.09853205176319553,-1.0339443597392206,0.218966221929602,1.075696490985654,-0.014777150065450904,0.028118823068555263,-0.26498685763572544,-0.7251068541922948,0.096697892955102685,-0.8670629777395015,0.14682701178889943,-0.38303751450777146,0.1674696794235285,-0.34100612762151034,0.30263723513085355,-0.29208277293471796,-0.3804093892427506,-0.18801045504574723,-0.21717410849655644,0.101283834545603,-0.46574557568515373,-0.6647892345907223,0.08676673112174725,-0.6566825336788527
-0.6885051436305742,1.3742128961197209,-0.35970043986577066,-0.35577997940093986,-1.3300104834463384,-0.3460936320727025,1.3630245269114087,0.19740595156946808,0.2317331734245817,0.03245543052053612,0.9149552965807022,1.5793129878623546,1.3524690917591256,0.1398759254733015,0.11888722216108492,-0.16118057928365437,-0.3297821312011528,-0.7259863041118676,0.28365588763092214,-0.13495816483402298,1.9439722725648414,0.24014174179946343,0.005952843635601837,-1.6476376218506064,0.34023048387942845,0.6672974412347535,-1.0979430597933586,1.14670091378973,0.3331344678773768,1.1728041860915093,-0.6214435177745695,0.6137226524356215,0.02408890003086326,-0.6365296556570389,-0.035985868087827375,0.19034524911630857,0.33815416853845837,-0.622975122647484,1.3727991930000125,-0.1905416553766143,-0.16073245188626853,-0.3490319847520677,1.0512154903911846,1.882427894737543
-1.7398539100317199,1.3731577614258943,3.391151326683162,-1.818833111634579,-3.926334024574945,0.6976752400564533,0.19740595156946808,3.972157954249177,-1.0231521107513157,0.6488543827552394,1.704122420489429,-2.0807815524450946,0.04423725582344826,-8.212812225591188,-1.9727994768593937,-0.30913067984264614,0.8934750508371958,-2.8738047024770403,-1.0202824069483354,-0.6974514417165284,2.3761520046321127,-5.052631242590473,1.1682536633914478,3.171518383389751,0.44155571863894233,1.109433942350605,-3.0181884292352072,-2.076003621866494,1.016403678290611,-2.7658623050233855,-0.1477224348046354,-1.1100307760820443,0.8826575461902634,-2.7199081260778524,1.5254040081191762,-1.2666008350509292,-1.476006856786878,-1.921380202472488,0.9139018444203181,0.257420431897862,-2.682378811767917,-3.973897745368578,2.041492044646013,-0.6097644880708951
0.35134203281914556,-0.08707972887162198,-1.0053865821211971,0.4363412639402443,0.7987899789447973,-0.27091472185512455,0.2317331734245817,-1.0231521107513157,0.3749316722147222,-0.15026153399625947,-0.26702587364385194,0.9269777490755085,0.31992877040069273,2.2840896220945215,0.5924676343389723,0.06527283475855507,-0.3160969472657305,0.6243184865310709,0.3413611161403806,0.17965005970548864,-0.21864317941484232,1.4550383785614434,-0.31015979235540725,-1.2374109996711415,-0.024379456140555984,-0.18166552371923952,0.5755141069698153,0.861384295377696,-0.18255661487941838,1.0461158058313935,-0.09602866112022729,0.4451776223226225,-0.25785931384410865,0.5985792111005444,-0.435986769131508,0.36987252970388196,0.4840331291353691,0.36961706214743484,0.05141362798929954,-0.11128450665564489,0.6983260825272161,1.0421121795819608,-0.3043356287993166,0.6034392450703646
-0.27154198002233315,0.22196822702300628,0.5495086948568348,-0.2862559048529533,-0.6322159025419393,0.11246351278411891,0.03245543052053612,0.6488543827552394,-0.15026153399625947,0.11614352644465235,0.2794959988764829,-0.32460415245371727,0.026225620741070006,-1.322541405792735,-0.30122802179879093,-0.047126421695069885,0.14350826697711008,-0.46139833207999686,-0.16622851380723788,-0.11150259842737026,0.39398753166458667,-0.8034111013234762,0.1910072762742059,0.5060496598839826,0.08349782822315444,0.17424206347087298,-0.49902660342838917,-0.3073281994300135,0.17676138449962692,-0.43124138302198234,-0.028009782715218607,-0.16699778443314245,0.13742008885652496,-0.44982542324783586,0.2411506153635114,-0.2098504209561572,-0.23817204814287996,-0.3230235802753829,0.1488416857124206,0.038136584530232435,-0.43265432854230507,-0.6305722957860501,0.3423752672665619,-0.08578054406586541
-1.1167995939424664,1.39190223897923,1.1327242860467992,-0.9439529702105056,-2.3829347860209538,0.06662237765212237,0.9149552965807022,1.704122420489429,-0.26702587364385194,0.2794959988764829,1.2419503649581667,0.13953759713223507,0.8454746976658587,-3.1903950618769805,-0.7129411230093906,-0.2231484389759048,0.1535461010140097,-1.5905769349080936,-0.2338089802788528,-0.362690893326121,2.1407735915036024,-1.8682044437434682,0.46962760632759165,0.2547078285213688,0.38440071465478404,0.8534388815235575,-1.8778781694221418,-0.12376380733061645,0.6099621260608854,-0.38508258090040376,-0.44014431903028245,-0.06545819420744844,0.3678831590925642,-1.4760213364296895,0.5863827227127523,-0.38732072921539856,-0.38219623382654083,-1.1490559184506737,1.2061208370844534,-0.015494253644934614,-1.1685354568490247,-1.79991110069257,1.4586659826933395,0.9100923042948097
0.18639382810321106,0.9001348796912895,-2.4483471347022707,0.6419537265246412,0.6639808033159217,-0.8465537275979275,1.5793129878623546,-2.0807815524450946,0.9269777490755085,-0.32460415245371727,0.13953759713223507,3.2143145262455497,1.6949680328306687,5.025392852421607,1.3376681470632559,-0.00818600844078527,-0.9394156752152296,0.7883855548678018,0.9555984619721682,0.25384677683912127,1.036676248427734,3.29959621278525,-0.6761010142560101,-3.9382049576083857,0.18387348238881693,0.162693522055482,0.39659703394195245,2.697429974354999,-0.16322143378499113,3.124483452695711,-0.6919246899100687,1.4329681336693745,-0.5056508076967733,0.7995481660006565,-0.9539855649152025,0.970958065083519,1.2967908117634699,0.33631701386092067,1.1774808622298398,-0.39162177934868486,1.3819498936790546,1.9324234369539706,0.13035700278901327,2.7330870066523936
-0.5885968052841131,1.3093740558778517,-0.5096667894804182,-0.2585983449496251,-1.1487529930740736,-0.38167625969437924,1.3524690917591256,0.04423725582344826,0.31992877040069273,0.026225620741070006,0.8454746976658587,1.6949680328306687,1.4004545670197577,0.5122949881954544,0.24024795941360694,-0.13450564749275357,-0.37014243265596136,-0.6001691750791294,0.3292375086417972,-0.0913425881067556,1.8607878502801178,0.49154367416709405,-0.03885939878596974,-1.8048128075175267,0.34842697895440955,0.5988855263789138,-0.9863855938160061,1.2967588477605492,0.3162185421959986,1.336552577053066,-0.6217679346464006,0.6831720390680406,-0.03322815201013097,-0.5334449497762411,-0.11512313158985996,0.22889119907810085,0.4087749667132649,-0.5648333199071535,1.3391005033931214,-0.20407652775834154,-0.041024339635695045,-0.14418513051950402,0.9931972324170749,1.9460499002124265
3.3886911635734247,-2.3210885926554323,-7.248857136302724,3.6820936860697664,7.689495093294621,-1.6077299224474284,0.1398759254733015,-8.212812225591188,2.2840896220945215,-1.322541405792735,-3.1903950618769805,5.025392852421607,0.5122949881954544,17.266748342075843,4.214993486132165,0.5957941220893477,-2.0062574493001017,5.719501603069841,2.2535871738408,1.420897575089466,-4.161914628498093,10.708364064377843,-2.436987617089343,-7.331589279254065,-0.7562296629525479,-2.0736948716897694,5.850904059686103,4.8756654014453105,-1.9634222926563776,6.315229737460408,0.04903462879378329,2.5949213744245956,-1.859110952125478,5.419245206455821,-3.2218148670350426,2.7106128486916035,3.235331466350329,3.741687415387882,-1.3473172962741047,-0.617812176062207,5.552914529513727,8.21215069649205,-3.813486863511723,2.084042014547352
0.7984726843459767,-0.48082597171843644,-1.7814273603670774,0.8867860549424006,1.7917348025982245,-0.4115658720380294,0.11888722216108492,-1.9727994768593937,0.5924676343389723,-0.30122802179879093,-0.7129411230093906,1.3376681470632559,0.24024795941360694,4.214993486132165,1.0637062242683648,0.1385155018805479,-0.5091442524530542,1.3543771773988635,0.5625807416781949,0.3368296239324361,-0.8754113560198367,2.642500497382704,-0.589962340404829,-1.8921446651317562,-0.14182417092425445,-0.47147500360128275,1.3351701802755067,1.3047913214904965,-0.4353739660911862,1.633145697478919,-0.03413945419051302,0.6930892078139976,-0.4569426660689629,1.2585006574444257,-0.7946125716721227,0.661102978768096,0.8063452282216167,0.8495156395043628,-0.2434654707533278,-0.1682669565884162,1.3429585830789896,1.9943557431521752,-0.8424923417580549,0.6425605065027966
0.20738655584207744,-0.24906666193831306,-0.21489148908472822,0.1759161008690457,0.435068060919188,-0.0177907020269791,-0.16118057928365437,-0.30913067984264614,0.06527283475855507,-0.047126421695069885,-0.2231484389759048,-0.00818600844078527,-0.13450564749275357,0.5957941220893477,0.1385155018805479,0.04642823837880016,-0.03141566910974599,0.2859370950616089,0.046658409199187775,0.07334224435036542,-0.37843407444596994,0.35386038453228325,-0.08425864082077981,-0.06743494687626231,-0.06301840837062933,-0.15987917606994342,0.3372082067664169,0.042909225729609916,-0.10505990498207356,0.09237138913548755,0.07668425182562721,0.017083171580234282,-0.07587833727572776,0.26885049286589896,-0.11204184056936146,0.06875595143635432,0.07745256100085636,0.2036919767443815,-0.20912342824277794,0.002573137084428874,0.21501725901450452,0.33977289452042003,-0.2532876738748738,-0.1441281113542156
-0.22873105701472995,-0.05202203937857504,0.9119398937425726,-0.3386692395052303,-0.5719868740258603,0.2640787345004745,-0.3297821312011528,0.8934750508371958,-0.3160969472657305,0.14350826697711008,0.1535461010140097,-0.9394156752152296,-0.37014243265596136,-2.0062574493001017,-0.5091442524530542,-0.03141566910974599,0.3059418959334707,-0.4853765733643054,-0.3232145527059038,-0.13221677441277735,0.027288513014256152,-1.279181063527686,0.27687894841640454,1.2191260854259005,0.008325961296315373,0.08339942597255177,-0.41621266930748013,-0.8218332415982865,0.14756462218290275,-0.9930162400342072,0.13725896462337148,-0.43701258118685526,0.20778554434688998,-0.47378617735079104,0.3767875882000884,-0.3536453505578418,-0.44833790572005344,-0.283859231472125,-0.1632673177899448,0.11466374839316523,-0.5975309211055941,-0.8588869522326008,0.1931703294002482,-0.6731300349232165
1.529402019619572,-1.5609451738736995,-2.22605414806228,1.4403782865015904,3.338138683526733,-0.3382773811310553,-0.7259863041118676,-2.8738047024770403,0.6243184865310709,-0.46139833207999686,-1.5905769349080936,0.7883855548678018,-0.6001691750791294,5.719501603069841,1.3543771773988635,0.2859370950616089,-0.4853765733643054,2.3450394350356145,0.5919994989481238,0.5431886053435285,-2.502802780121408,3.4639686789577415,-0.8250690355786897,-1.5178263009789217,-0.44618810557827693,-1.0707621384213855,2.5848520560618162,0.990501273214392,-0.8478003625572472,1.4477582914754419,0.36690307854706616,0.5336336809484893,-0.6298393976861203,2.1729989721882914,-1.0614097476444682,0.8044001443214995,0.888088850602182,1.609183510143199,-1.2400224846283014,-0.10310482162945703,1.9588752562399896,2.9528126574051416,-1.8821157049385067,-0.37920471433889624
0.3011564128717528,-0.03128167053691724,-1.0064495753236744,0.4039151958800619,0.731794316860068,-0.2764628453074245,0.28365588763092214,-1.0202824069483354,0.3413611161403806,-0.16622851380723788,-0.2338089802788528,0.9555984619721682,0.3292375086417972,2.2535871738408,0.5625807416781949,0.046658409199187775,-0.3232145527059038,0.5919994989481238,0.3478067127368802,0.16018595566442892,-0.15814575268706804,1.4251349380566785,-0.3125847402045807,-1.2682870934800352,-0.03308353221109437,-0.13814344131111683,0.5430386358315825,0.8475206401984362,-0.18992912762517164,1.0436524426590383,-0.11381073425803649,0.44974067462459366,-0.23666527393467446,0.5787901064918493,-0.42177779192536147,0.38614274255441466,0.48525182528924465,0.363062506461616,0.09643921992048143,-0.1151364530018834,0.6839812413168199,0.990449432560644,-0.2870573996346638,0.6384352599276271
0.35775966653444363,-0.3396573740577764,-0.5672637613956721,0.34485243865441095,0.7819490881990308,-0.10138279238176648,-0.13495816483402298,-0.6974514417165284,0.17965005970548864,-0.11150259842737026,-0.362690893326121,0.25384677683912127,-0.0913425881067556,1.420897575089466,0.3368296239324361,0.07334224435036542,-0.13221677441277735,0.5431886053435285,0.16018595566442892,0.14292926963714173,-0.5496981823292483,0.8647768353524368,-0.19964868929002313,-0.4425282012183397,-0.096102904940627,-0.2500469467396473,0.6032803343287122,0.28692733950854926,-0.19566459227345376,0.41095335269209016,0.07130126505664824,0.14432435428907223,-0.16616034702105978,0.5226655318367306,-0.265502664518562,0.2005399940311108,0.23876260942779184,0.3750286169116448,-0.2511356812240303,-0.027864781864130383,0.4764942648598005,0.7261721104871207,-0.42087829602821747,-0.014720417977001129
-1.8468325843025029,2.5832630089989252,1.3118308990911212,-1.4406513046482181,-3.8760506909425487,-0.09853205176319553,1.9439722725648414,2.3761520046321127,-0.21864317941484232,0.39398753166458667,2.1407735915036024,1.036676248427734,1.8607878502801178,-4.161914628498093,-0.8754113560198367,-0.37843407444596994,0.027288513014256152,-2.502802780121408,-0.15814575268706804,-0.5496981823292483,3.8909559476245468,-2.3462852940903915,0.6290571317669307,-0.5476969652271615,0.699452438748446,1.4852933656303189,-3.087569118325808,0.4633594074648323,0.9960114963620411,0.12734407693372327,-0.9186496973664614,0.24595779883800534,0.49641581823295805,-2.3051341551121522,0.7570963656019821,-0.41822839095869235,-0.32501510360984504,-1.86679514989645,2.339669828874544,-0.12270230262641012,-1.637911541795104,-2.570863188058028,2.5097919220867784,2.227472005362341
2.0309786528283835,-1.283622867318709,-4.525652557039404,2.247879773292866,4.61299301391017,-1.0339443597392206,0.24014174179946343,-5.052631242590473,1.4550383785614434,-0.8034111013234762,-1.8682044437434682,3.29959621278525,0.49154367416709405,10.708364064377843,2.642500497382704,0.35386038453228325,-1.279181063527686,3.4639686789577415,1.4251349380566785,0.8647768353524368,-2.3462852940903915,6.671357981499278,-1.506190698329886,-4.7283440243867,-0.41594352946657354,-1.2148829021715737,3.4852304921715618,3.1781224091274143,-1.1637358166726437,4.057878201661969,-0.044354409645965515,1.6910030310674908,-1.1526252344727332,3.2698813544110967,-2.0038974061322983,1.692265495279924,2.0400003818254064,2.23187889834583,-0.6796919979023264,-0.40726044785143595,3.4211803267876473,5.056159610076103,-2.228326904266584,1.5151318544099597
-0.489433912221618,0.3544225796306479,1.0170855479182308,-0.525310341924457,-1.1114136115989077,0.218966221929602,0.005952843635601837,1.1682536633914478,-0.31015979235540725,0.1910072762742059,0.46962760632759165,-0.6761010142560101,-0.03885939878596974,-2.436987617089343,-0.589962340404829,-0.08425864082077981,0.27687894841640454,-0.8250690355786897,-0.3125847402045807,-0.19964868929002313,0.6290571317669307,-1.506190698329886,0.34669649251363766,1.0005448343850212,0.11703709275447033,0.3025610351637182,-0.8506720398960569,-0.6597015790488241,0.28780547817181634,-0.8632033194071955,-0.019125407874209445,-0.35448392496244074,0.25892157789753995,-0.7788116177469937,0.45315849470410663,-0.38173895378939054,-0.4488672141956982,-0.5442687517180763,0.21938575777052904,0.08400069762299896,-0.7886139392774006,-1.1630447992624098,0.5648606499413948,-0.25163546804464754
-0.6084896918256372,-0.642426394029825,3.431703549803362,-1.1155136938744188,-1.639715634792649,1.075696490985654,-1.6476376218506064,3.171518383389751,-1.2374109996711415,0.5060496598839826,0.2547078285213688,-3.9382049576083857,-1.8048128075175267,-7.331589279254065,-1.8921446651317562,-0.06743494687626231,1.2191260854259005,-1.5178263009789217,-1.2682870934800352,-0.4425282012183397,-0.5476969652271615,-4.7283440243867,1.0005448343850212,4.980516188052657,-0.0894387048131952,0.08848915159842667,-1.1434620310228705,-3.3741200066047163,0.42020627517403375,-4.0058272316418515,0.7053990543119725,-1.7902150351909798,0.7549047399368145,-1.5072554399190587,1.3829913609251894,-1.342188414844431,-1.7442031036504153,-0.8195922081553761,-1.0521756897353598,0.4775427743130989,-2.1145310741527004,-3.0112801090241033,0.3426340450998004,-3.076685875424695
-0.3173729120746411,0.4551185268843634,0.2448468884346925,-0.24994365706879354,-0.689355835758792,-0.014777150065450904,0.34023048387942845,0.44155571863894233,-0.024379456140555984,0.08349782822315444,0.38440071465478404,0.18387348238881693,0.34842697895440955,-0.7562296629525479,-0.14182417092425445,-0.06301840837062933,0.008325961296315373,-0.44618810557827693,-0.03308353221109437,-0.096102904940627,0.699452438748446,-0.41594352946657354,0.11703709275447033,-0.0894387048131952,0.13883948477758112,0.2561651153713078,-0.5644471042751178,0.1035668537211168,0.19234171394900762,0.029484639169952802,-0.16583112140975287,0.051911622153446337,0.08352236579628149,-0.4259388448702485,0.13225565399911418,-0.08593748689585984,-0.06201406226675677,-0.3482137254125811,0.41341111215942666,-0.022832910875515935,-0.2965404034206698,-0.4512264241171551,0.46145859082984414,0.4010440791222527
-0.7726590759622143,0.9791670082888243,0.719198116212034,-0.6399590410666385,-1.6237282910724122,0.028118823068555263,0.6672974412347535,1.109433942350605,-0.18166552371923952,0.17424206347087298,0.8534388815235575,0.162693522055482,0.5988855263789138,-2.0736948716897694,-0.47147500360128275,-0.15987917606994342,0.08339942597255177,-1.0707621384213855,-0.13814344131111683,-0.2500469467396473,1.4852933656303189,-1.2148829021715737,0.3025610351637182,0.08848915159842667,0.2561651153713078,0.5993627006864851,-1.2706904353701918,-0.04518110005340953,0.40259398518486744,-0.2083366193616925,-0.31637306752175465,-0.017781933586208037,0.24966181648395053,-0.9878642145400994,0.38487398379520704,-0.23470187619915373,-0.23436815610705636,-0.7691994858505099,0.8527581861665788,-0.019786473537276077,-0.7690573555344812,-1.2027770114165233,0.9902001027112491,0.6733997221693069
1.7379533443592758,-1.9574892942043327,-2.2075948963344016,1.5627912491028835,3.7753847419104103,-0.26498685763572544,-1.0979430597933586,-3.0181884292352072,0.5755141069698153,-0.49902660342838917,-1.8778781694221418,0.39659703394195245,-0.9863855938160061,5.850904059686103,1.3351701802755067,0.3372082067664169,-0.41621266930748013,2.5848520560618162,0.5430386358315825,0.6032803343287122,-3.087569118325808,3.4852304921715618,-0.8506720398960569,-1.1434620310228705,-0.5644471042751178,-1.2706904353701918,2.9627991058136884,0.6856557722584121,-0.9761398601582356,1.1777181561779284,0.5451199826033886,0.36481355596287746,-0.6566255443405431,2.42477953427337,-1.0773382871142339,0.7860652769255059,0.8347759756401695,1.835228796687492,-1.6215632135423752,-0.049722072537201706,2.0550448290558965,3.1192957953688945,-2.220421710751701,-0.87836943774768
0.40091791815060934,0.4767243629416605,-2.2828000112264966,0.7452448721269888,1.041068632602929,-0.7251068541922948,1.14670091378973,-2.076003621866494,0.861384295377696,-0.3073281994300135,-0.12376380733061645,2.697429974354999,1.2967588477605492,4.8756654014453105,1.3047913214904965,0.042909225729609916,-0.8218332415982865,0.990501273214392,0.8475206401984362,0.28692733950854926,0.4633594074648323,3.1781224091274143,-0.6597015790488241,-3.3741200066047163,0.1035668537211168,-0.04518110005340953,0.6856557722584121,2.351788545312164,-0.2337840393699334,2.7367559808449706,-0.5031429385895544,1.2467988395933016,-0.5076697402042496,0.9443977227631264,-0.9306834701845779,0.8824587292950564,1.1666495717602197,0.48706365703913373,0.7489948740712924,-0.3327588785928315,1.3992895946145898,2.009112676870461,-0.15785639983873967,2.1413340140203205
-0.556031904506651,0.6205476029147045,0.7510956871579701,-0.5082307223081515,-1.2303863014909906,0.096697892955102685,0.3331344678773768,1.016403678290611,-0.18255661487941838,0.17676138449962692,0.6099621260608854,-0.16322143378499113,0.3162185421959986,-1.9634222926563776,-0.4353739660911862,-0.10505990498207356,0.14756462218290275,-0.8478003625572472,-0.18992912762517164,-0.19566459227345376,0.9960114963620411,-1.1637358166726437,0.28780547817181634,0.42020627517403375,0.19234171394900762,0.40259398518486744,-0.9761398601582356,-0.2337840393699334,0.33128630000132003,-0.40913499214764815,-0.17032601592438618,-0.1278612713757093,0.21360807241906832,-0.8060286418625238,0.3575665472966307,-0.27544155232116385,-0.2877123471816645,-0.6119043676176208,0.5107537109371214,0.01940127011734437,-0.6848820016369921,-1.026274652413182,0.7308398553126079,0.26086637585763905
0.664502383385056,0.2994061037283972,-2.897951961222783,1.0387672227577227,1.6657827992172467,-0.8670629777395015,1.1728041860915093,-2.7658623050233855,1.0461158058313935,-0.43124138302198234,-0.38508258090040376,3.124483452695711,1.336552577053066,6.315229737460408,1.633145697478919,0.09237138913548755,-0.9930162400342072,1.4477582914754419,1.0436524426590383,0.41095335269209016,0.12734407693372327,4.057878201661969,-0.8632033194071955,-4.0058272316418515,0.029484639169952802,-0.2083366193616925,1.1777181561779284,2.7367559808449706,-0.40913499214764815,3.2657451290010973,-0.4996393998296353,1.4482775122250762,-0.6634017166256169,1.4084689982091205,-1.194373179654731,1.1157940370236943,1.445856814581899,0.8084023729970002,0.6575402663475713,-0.3797255862194404,1.8584752257629666,2.6806005456823345,-0.4748108314530412,2.3303045727224694
0.3322100118798263,-0.6422157087509555,0.11490601599465398,0.1834140572342195,0.6570584049517906,0.14682701178889943,-0.6214435177745695,-0.1477224348046354,-0.09602866112022729,-0.028009782715218607,-0.44014431903028245,-0.6919246899100687,-0.6217679346464006,0.04903462879378329,-0.03413945419051302,0.07668425182562721,0.13725896462337148,0.36690307854706616,-0.11381073425803649,0.07130126505664824,-0.9186496973664614,-0.044354409645965515,-0.019125407874209445,0.7053990543119725,-0.16583112140975287,-0.31637306752175465,0.5451199826033886,-0.5031429385895544,-0.17032601592438618,-0.4996393998296353,0.28640268736862357,-0.2691749048798215,-0.02188392544515045,0.33205243119039624,-0.0025572006127160996,-0.06601926917634729,-0.13265358202981262,0.3147105168369854,-0.6353960221644713,0.08440124612906372,0.10985112796801859,0.20886482831257486,-0.5101508653462674,-0.8499260087467913
0.2088235806818823,0.2553247770976737,-1.2138679821748533,0.3946441988081236,0.5513584792162747,-0.38303751450777146,0.6137226524356215,-1.1100307760820443,0.4451776223226225,-0.16699778443314245,-0.06545819420744844,1.4329681336693745,0.6831720390680406,2.5949213744245956,0.6930892078139976,0.017083171580234282,-0.43701258118685526,0.5336336809484893,0.44974067462459366,0.14432435428907223,0.24595779883800534,1.6910030310674908,-0.35448392496244074,-1.7902150351909798,0.051911622153446337,-0.017781933586208037,0.36481355596287746,1.2467988395933016,-0.1278612713757093,1.4482775122250762,-0.2691749048798215,0.6684698869692535,-0.2621270297042082,0.49949796056537593,-0.49337326155294886,0.47372167082086464,0.6168302281261756,0.26203650804274253,0.39484085949755665,-0.178968264191656,0.7468070035522433,1.062265425996852,-0.09035606731459057,1.1319624302159323
-0.3908656201815174,0.28855977105173075,0.7733084158043102,-0.4105803564408841,-0.8677706995655106,0.1674696794235285,0.02408890003086326,0.8826575461902634,-0.25785931384410865,0.13742008885652496,0.3678831590925642,-0.5056508076967733,-0.03322815201013097,-1.859110952125478,-0.4569426660689629,-0.07587833727572776,0.20778554434688998,-0.6298393976861203,-0.23666527393467446,-0.16616034702105978,0.49641581823295805,-1.1526252344727332,0.25892157789753995,0.7549047399368145,0.08352236579628149,0.24966181648395053,-0.6566255443405431,-0.5076697402042496,0.21360807241906832,-0.6634017166256169,-0.02188392544515045,-0.2621270297042082,0.21120643045630214,-0.6011186953441424,0.3498401321479433,-0.2811887216976656,-0.3445184250486223,-0.413724729256209,0.17682517161534256,0.05996598948267287,-0.601218208331539,-0.9049988584547999,0.42809008814309957,-0.18684602704583053
1.409189759774734,-1.422921817643518,-2.130598445544003,1.3391379360905602,3.1073400432721487,-0.34100612762151034,-0.6365296556570389,-2.7199081260778524,0.5985792111005444,-0.44982542324783586,-1.4760213364296895,0.7995481660006565,-0.5334449497762411,5.419245206455821,1.2585006574444257,0.26885049286589896,-0.47378617735079104,2.1729989721882914,0.5787901064918493,0.5226655318367306,-2.3051341551121522,3.2698813544110967,-0.7788116177469937,-1.5072554399190587,-0.4259388448702485,-0.9878642145400994,2.42477953427337,0.9443977227631264,-0.8060286418625238,1.4084689982091205,0.33205243119039624,0.49949796056537593,-0.6011186953441424,2.0591863545009494,-1.000769838208491,0.7740542904862662,0.863247348917932,1.5171647051100141,-1.1111499260621225,-0.09639419083786785,1.844739394741295,2.774561017803699,-1.7509229054883417,-0.28642233853822047
-0.6319975405334745,0.4227427606836408,1.3534274941757687,-0.6874976470057967,-1.4249207171757803,0.30263723513085355,-0.035985868087827375,1.5254040081191762,-0.435986769131508,0.2411506153635114,0.5863827227127523,-0.9539855649152025,-0.11512313158985996,-3.2218148670350426,-0.7946125716721227,-0.11204184056936146,0.3767875882000884,-1.0614097476444682,-0.42177779192536147,-0.265502664518562,0.7570963656019821,-2.0038974061322983,0.45315849470410663,1.3829913609251894,0.13225565399911418,0.38487398379520704,-1.0773382871142339,-0.9306834701845779,0.3575665472966307,-1.194373179654731,-0.0025572006127160996,-0.49337326155294886,0.3498401321479433,-1.000769838208491,0.6037833740767752,-0.5033904915266427,-0.6064666773259755,-0.6867193487197294,0.23983822470101243,0.11780033787870953,-1.0338961464678624,-1.534750250195772,0.6964703190407867,-0.4089817619462337
0.43608319008632596,-0.19146829549711325,-1.1765812347706006,0.5255446863904542,1.0346387814908673,-0.29208277293471796,0.19034524911630857,-1.2666008350509292,0.36987252970388196,-0.2098504209561572,-0.38732072921539856,0.970958065083519,0.22889119907810085,2.7106128486916035,0.661102978768096,0.06875595143635432,-0.3536453505578418,0.8044001443214995,0.38614274255441466,0.2005399940311108,-0.41822839095869235,1.692265495279924,-0.38173895378939054,-1.342188414844431,-0.08593748689585984,-0.23470187619915373,0.7860652769255059,0.8824587292950564,-0.27544155232116385,1.1157940370236943,-0.06601926917634729,0.47372167082086464,-0.2811887216976656,0.7740542904862662,-0.5033904915266427,0.45415033223133755,0.5447571074466769,0.5172029880232575,-0.04395298464032238,-0.11932516262663366,0.8472060665213369,1.2290480198329847,-0.47717312656322775,0.5435016681221779
0.4709531626662566,-0.11464171716487746,-1.4295663261094353,0.6008388427605772,1.121355105149536,-0.3804093892427506,0.33815416853845837,-1.476006856786878,0.4840331291353691,-0.23817204814287996,-0.38219623382654083,1.2967908117634699,0.4087749667132649,3.235331466350329,0.8063452282216167,0.07745256100085636,-0.44833790572005344,0.888088850602182,0.48525182528924465,0.23876260942779184,-0.32501510360984504,2.0400003818254064,-0.4488672141956982,-1.7442031036504153,-0.06201406226675677,-0.23436815610705636,0.8347759756401695,1.1666495717602197,-0.2877123471816645,1.445856814581899,-0.13265358202981262,0.6168302281261756,-0.3445184250486223,0.863247348917932,-0.6064666773259755,0.5447571074466769,0.6819180724875208,0.5513672999895328,0.07017387752119895,-0.15628717589897576,0.9914451256270361,1.446021805264585,-0.46235286665173775,0.8248692215780586
1.064153207240122,-1.1713531218255706,-1.430592948014486,0.973361282573346,2.333927892232899,-0.18801045504574723,-0.622975122647484,-1.921380202472488,0.36961706214743484,-0.3230235802753829,-1.1490559184506737,0.33631701386092067,-0.5648333199071535,3.741687415387882,0.8495156395043628,0.2036919767443815,-0.283859231472125,1.609183510143199,0.363062506461616,0.3750286169116448,-1.86679514989645,2.23187889834583,-0.5442687517180763,-0.8195922081553761,-0.3482137254125811,-0.7691994858505099,1.835228796687492,0.48706365703913373,-0.6119043676176208,0.8084023729970002,0.3147105168369854,0.26203650804274253,-0.413724729256209,1.5171647051100141,-0.6867193487197294,0.5172029880232575,0.5513672999895328,1.14430764430962,-0.9586792185952004,-0.04109752859627739,1.302804950886344,1.9641135246697623,-1.3658156970025934,-0.46304135603256535
-0.990618143602561,1.5987655787836559,0.2567911895274417,-0.6792510061020672,-2.016086421130079,-0.21717410849655644,1.3727991930000125,0.9139018444203181,0.05141362798929954,0.1488416857124206,1.2061208370844534,1.1774808622298398,1.3391005033931214,-1.3473172962741047,-0.2434654707533278,-0.20912342824277794,-0.1632673177899448,-1.2400224846283014,0.09643921992048143,-0.2511356812240303,2.339669828874544,-0.6796919979023264,0.21938575777052904,-1.0521756897353598,0.41341111215942666,0.8527581861665788,-1.6215632135423752,0.7489948740712924,0.5107537109371214,0.6575402663475713,-0.6353960221644713,0.39484085949755665,0.17682517161534256,-1.1111499260621225,0.23983822470101243,-0.04395298464032238,0.07017387752119895,-0.9586792185952004,1.519655252974965,-0.13846666649810535,-0.6447106050332506,-1.058106783227896,1.406136622167921,1.7453282655260807
-0.02606846191959733,-0.10707917645979777,0.29832303498460555,-0.08103624486790972,-0.08520738272814968,0.101283834545603,-0.1905416553766143,0.257420431897862,-0.11128450665564489,0.038136584530232435,-0.015494253644934614,-0.39162177934868486,-0.20407652775834154,-0.617812176062207,-0.1682669565884162,0.002573137084428874,0.11466374839316523,-0.10310482162945703,-0.1151364530018834,-0.027864781864130383,-0.12270230262641012,-0.40726044785143595,0.08400069762299896,0.4775427743130989,-0.022832910875515935,-0.019786473537276077,-0.049722072537201706,-0.3327588785928315,0.01940127011734437,-0.3797255862194404,0.08440124612906372,-0.178968264191656,0.05996598948267287,-0.09639419083786785,0.11780033787870953,-0.11932516262663366,-0.15628717589897576,-0.04109752859627739,-0.13846666649810535,0.05003594457544672,-0.1712127382801645,-0.23869854138453533,-0.012500860918202707,-0.3284756794863396
1.1970231379487353,-0.9575359093870881,-2.285313708986215,1.2422234252516458,2.6831619433085843,-0.46574557568515373,-0.16073245188626853,-2.682378811767917,0.6983260825272161,-0.43265432854230507,-1.1685354568490247,1.3819498936790546,-0.041024339635695045,5.552914529513727,1.3429585830789896,0.21501725901450452,-0.5975309211055941,1.9588752562399896,0.6839812413168199,0.4764942648598005,-1.637911541795104,3.4211803267876473,-0.7886139392774006,-2.1145310741527004,-0.2965404034206698,-0.7690573555344812,2.0550448290558965,1.3992895946145898,-0.6848820016369921,1.8584752257629666,0.10985112796801859,0.7468070035522433,-0.601218208331539,1.844739394741295,-1.0338961464678624,0.8472060665213369,0.9914451256270361,1.302804950886344,-0.6447106050332506,-0.1712127382801645,1.818267191463625,2.7017562612633794,-1.3921638183989542,0.38531246375910305
1.840854602412059,-1.528627957915575,-3.353690071340288,1.8758950998904222,4.082584723899279,-0.6647892345907223,-0.3490319847520677,-3.973897745368578,1.0421121795819608,-0.6305722957860501,-1.79991110069257,1.9324234369539706,-0.14418513051950402,8.21215069649205,1.9943557431521752,0.33977289452042003,-0.8588869522326008,2.9528126574051416,0.990449432560644,0.7261721104871207,-2.570863188058028,5.056159610076103,-1.1630447992624098,-3.0112801090241033,-0.4512264241171551,-1.2027770114165233,3.1192957953688945,2.009112676870461,-1.026274652413182,2.6806005456823345,0.20886482831257486,1.062265425996852,-0.9049988584547999,2.774561017803699,-1.534750250195772,1.2290480198329847,1.446021805264585,1.9641135246697623,-1.058106783227896,-0.23869854138453533,2.7017562612633794,4.045333516803543,-2.1267811257479,0.439711125263965
-1.3040728959341734,1.6207068436435628,1.3631246525300327,-1.1104990525495901,-2.8044134454679788,0.08676673112174725,1.0512154903911846,2.041492044646013,-0.3043356287993166,0.3423752672665619,1.4586659826933395,0.13035700278901327,0.9931972324170749,-3.813486863511723,-0.8424923417580549,-0.2532876738748738,0.1931703294002482,-1.8821157049385067,-0.2870573996346638,-0.42087829602821747,2.5097919220867784,-2.228326904266584,0.5648606499413948,0.3426340450998004,0.46145859082984414,0.9902001027112491,-2.220421710751701,-0.15785639983873967,0.7308398553126079,-0.4748108314530412,-0.5101508653462674,-0.09035606731459057,0.42809008814309957,-1.7509229054883417,0.6964703190407867,-0.47717312656322775,-0.46235286665173775,-1.3658156970025934,1.406136622167921,-0.012500860918202707,-1.3921638183989542,-2.1267811257479,1.7289815092854335,1.0490711896415097
-0.5595221359482425,1.6292582378689489,-1.2875370754487387,-0.07612348896367067,-0.9800272217789656,-0.6566825336788527,1.882427894737543,-0.6097644880708951,0.6034392450703646,-0.08578054406586541,0.9100923042948097,2.7330870066523936,1.9460499002124265,2.084042014547352,0.6425605065027966,-0.1441281113542156,-0.6731300349232165,-0.37920471433889624,0.6384352599276271,-0.014720417977001129,2.227472005362341,1.5151318544099597,-0.25163546804464754,-3.076685875424695,0.4010440791222527,0.6733997221693069,-0.87836943774768,2.1413340140203205,0.26086637585763905,2.3303045727224694,-0.8499260087467913,1.1319624302159323,-0.18684602704583053,-0.28642233853822047,-0.4089817619462337,0.5435016681221779,0.8248692215780586,-0.46304135603256535,1.7453282655260807,-0.3284756794863396,0.38531246375910305,0.439711125263965,1.0490711896415097,2.8415841686936956
