V1,V2,V3,V4,V5,V6,V7,V8,V9,V10,V11,V12,V13,V14,V15,V16,V17,V18,V19,V20,V21,V22,V23,V24,V25,V26,V27,V28,V29,V30,V31,V32,V33,V34,V35,V36,V37,V38,V39,V40,V41,V42,V43,V44,V45,V46,V47,V48,V49
6.282993162649657,2.8298198181985303,-1.793230619073818,0.8970987698700021,-4.295353855695767,2.8829083160246625,1.6847291664407118,0.8926213680497795,1.411906702514732,-0.9989460449950659,1.0703354750076015,5.184994359528288,0.9026451855033103,-2.2381463435721183,-1.3560865382199012,6.072927227601069,-2.4807464122303418,6.534370918666616,-2.6603023905476237,5.153039845745889,0.48644495319513925,2.780021339579106,-0.7966491615499902,2.270149646380597,2.0876838328552134,-0.9020244136105482,3.711471080657176,5.492476651534273,-3.0498671897462875,9.34114106801757,5.0496727830960255,6.7182721925719076,8.956765465848234,5.768633397555897,-10.677071483839843,2.072707216225587,4.831664139994173,-3.7772257485144247,-1.2531576082824747,0.42447366757105565,2.322460097740089,1.9733026948627121,8.668340424732168,-0.7601501766099574,2.8215868278464575,-11.18626309267832,5.705064827153137,-1.6878976661981704,-2.0579970963390743
2.8298198181985303,1.708360224432748,-0.8210910178536168,0.6243379753562227,-1.7115917148544588,0.8988836005286412,0.7836183394753763,-0.027696916054437543,0.35091925129378565,-0.5066113602405243,1.4502139436314176,2.8095183934120618,0.8691090477949585,-1.40002536362213,-1.092863762569241,2.9065753306281166,-1.3404860998402182,3.3246259083031755,-1.108521933849962,2.5226908673085475,0.32962832837684897,1.680344270724669,-0.5931559287079291,0.6836079034982278,0.865639409376125,-0.7716003704494457,1.2721962764170651,2.606076846165836,-1.5326239830803534,4.303775374746231,2.758373631402491,3.2397795823463005,4.597307029603124,2.79130154011737,-5.509929619603657,1.6738468110941362,2.5954332739664743,-2.1875344796855476,-0.28615959953099196,0.5633585772905277,1.2755102498585238,0.9080154526268753,3.9358164365271295,-1.0316106884356768,1.706721069542427,-5.652481389888857,2.579157224121572,-1.0438790023526319,-0.8669935002972524
-1.793230619073818,-0.8210910178536168,0.5555594084076131,-0.1852160551384248,1.2901701585739125,-0.847878214102153,-0.5399266794270972,-0.24124778958705917,-0.4105734264006346,0.23149076733751633,-0.1743955687075269,-1.4072505252886838,-0.3094838491538323,0.6294935189646423,0.41113085836734947,-1.7308246596032653,0.6313339622126956,-1.8978241120598973,0.9256452106022522,-1.4995819545226439,-0.14100023373532905,-0.714168472001837,0.18216699724306332,-0.7342109540903742,-0.6165053261132317,0.18112006922087373,-1.061225901179922,-1.3103668813297518,0.8986970905610291,-2.716790094325282,-1.4371095962205742,-1.9946343191613107,-2.6774478078247,-1.8320569976193006,3.0732398048993383,-0.5071103573308551,-1.5571842804967542,1.138067286712197,0.3657116280219472,-0.023121685958758163,-0.5984995619148902,-0.6530986447738765,-2.4569456046982263,0.1292176711315423,-0.912245657651788,3.2438389818517748,-1.5734867793177578,0.6337349393724937,0.5507552973401194
0.8970987698700021,0.6243379753562227,-0.1852160551384248,0.47709226847871583,-0.3474153761255578,0.03499330188507762,0.07099628473076244,-0.2153163077164536,0.06917093685404452,-0.16281769608707192,1.1768338415660489,1.1288852048850029,0.36450108237490414,-0.6915735472162975,-0.6332896050585999,0.924303137397833,-0.7563897442922696,1.1409247088762517,-0.04378395825393003,0.8129372165853825,0.13814886423784453,0.8544791127779272,-0.45423520401157425,0.007049510458538118,0.22004663451283316,-0.6064510594047052,0.1030939932702644,1.1430455373612185,-0.29977506468539994,1.1815859462063847,1.0318803202119833,0.7845152162377623,1.259195349289214,0.711786836085619,-1.9088222171205647,1.0395443265091862,0.7230139510205845,-0.8568390237385067,0.11988544027003108,0.6138277998034222,0.4694700687989838,0.11047324707376445,1.254323839378897,-0.6255576617183767,0.5117191423147646,-1.8786181046908932,0.5941803924948457,-0.15951175776959503,-0.2931066385699667
-4.295353855695767,-1.7115917148544588,1.2901701585739125,-0.3474153761255578,3.291734796939123,-2.2875710075381637,-1.2080443396960154,-0.9318995006393328,-1.168675896639154,0.6381469274481136,0.10559274723668054,-3.2974546183102147,-0.4102336156349008,1.3278143547180599,0.6518765436234175,-4.120229421824824,1.3525746547200892,-4.31925790090264,2.176300351279526,-3.516841434294309,-0.34279320144850284,-1.497885306552091,0.3501040594629956,-1.9733242658884367,-1.5295741179245923,0.1855278877239596,-3.0372757534951424,-3.4541606089047536,2.0458988429509084,-6.581730118584419,-3.101959224458398,-4.681118961191048,-6.079523065200865,-4.18534261030606,7.169612758633228,-0.8660209390867133,-3.352416619932609,2.3589492132077052,1.057034955817008,0.24883416448133694,-1.2774658464861486,-1.552270879894641,-6.089931740857234,-0.14644431220964707,-1.8453689687438835,7.499482556982328,-3.805316113479344,1.1240869275431167,1.458138389256417
2.8829083160246625,0.8988836005286412,-0.847878214102153,0.03499330188507762,-2.2875710075381637,1.8472194953658032,0.8803110473470638,0.9547127925051987,0.887653463476544,-0.49232951469983055,-0.8081025396298289,1.9067021844415952,-0.05402331751051592,-0.510504914793897,0.04689621156297913,2.6842481264214393,-0.6991652895687586,2.6186352934319173,-1.4385909773534986,2.19401009264873,0.12521609244886275,0.7200062201651489,0.030356627615777735,1.4215135877430796,1.046620997145023,0.16110192087189873,2.3481142497060645,2.4043949646332177,-1.4647832956031437,4.396909103879795,1.8152854324855134,3.13308879077874,3.827171052663543,2.5136747820136676,-4.26539178209311,-0.008144900906613045,1.84738062271841,-1.1528891111391242,-0.9864573439314569,-0.45964276706968427,0.8977436566234634,0.9994820680958089,4.007844698888631,0.36789937075235124,0.9148163945034651,-4.594306874705718,2.919299773967027,-0.5774710685904374,-1.0156420631515817
1.6847291664407118,0.7836183394753763,-0.5399266794270972,0.07099628473076244,-1.2080443396960154,0.8803110473470638,0.6216256964037151,0.28591343174641615,0.33376493349627934,-0.27570274634302705,-0.06449445362050686,1.2588074001696716,0.27343523716380225,-0.4544281414768448,-0.2229973202113955,1.645210042800596,-0.4772647061503689,1.7590218977185936,-0.9030611667817059,1.3870778112693003,0.10160246272511468,0.5934587579674937,-0.027922214352928583,0.6510254646189683,0.5662517920717445,-0.05642685645356872,1.0742100994059318,1.2266241345480415,-1.0312278869975513,2.622287332501463,1.3665073064312614,2.030649420647633,2.6655926580383884,1.6769633506580848,-2.7928739351489167,0.28567287604319347,1.4362782841283352,-0.9740548446583699,-0.45001908321839557,-0.11475115885875525,0.68158764016848306,0.6443486749727759,2.249227589941158,-0.18652138903444845,0.8658531340089045,-3.017210338631633,1.7856981751394416,-0.6732742210950146,-0.49650319085284966
0.8926213680497795,-0.027696916054437543,-0.24124778958705917,-0.2153163077164536,-0.9318995006393328,0.9547127925051987,0.28591343174641615,0.7600194762781928,0.4482640730898389,-0.2527556773750605,-1.1213199566535026,0.3563618649984488,-0.43009724509320113,0.1947983843675194,0.5474001337089321,0.7808207870458169,0.0798117932725617,0.4892318818336214,-0.4692804061010848,0.5520109774492271,-0.02045673408798855,-0.13395535298104735,0.2572787150349823,0.6692986542205098,0.38768356233628287,0.4513848315470666,1.3200760176183028,0.9807596576326124,-0.4801101219457325,1.4503342412631381,0.15794959536846928,0.9633262138109016,0.8818965513221054,0.5234524153497173,-0.9050594132620593,-0.6414432290736676,0.12784655483603685,0.15859211613731128,-0.6195417779121672,-0.5945279823330043,0.18556407792920077,0.3172730279816796,1.3593267233241209,0.6379570803364757,-0.10314862271310424,-1.0059740897376555,1.1637689937451077,0.15908804918805447,-0.446657981484913
1.411906702514732,0.35091925129378565,-0.4105734264006346,0.06917093685404452,-1.168675896639154,0.887653463476544,0.33376493349627934,0.4482640730898389,0.5493065796438379,-0.13791769102611412,-0.3589046947799004,0.86863616211437,-0.05849656076140944,-0.31212442311613153,-0.08481217201369914,1.2522849597327184,-0.4208251223540646,1.266364065794227,-0.7399668076833191,1.0617850070968247,0.07441400225495545,0.3396606772565727,-0.0771765468809769,0.8220490437456411,0.5342178696374098,0.029462393251281246,1.0832919315558833,1.0165077492193983,-0.4968489940520661,2.060713231994073,0.8051507014379562,1.3472071735107498,1.6552814041612973,1.312315539359535,-2.0442306663538257,0.04024454336273124,0.9333002529337342,-0.6200730520570242,-0.41184049038967574,-0.16418979661017194,0.25774452315665947,0.48117976415342856,1.978748750511828,0.36737645472436914,0.40721653268831415,-2.186626268577427,1.091463184117702,-0.23062668299481698,-0.48836596271807203
-0.9989460449950659,-0.5066113602405243,0.23149076733751633,-0.16281769608707192,0.6381469274481136,-0.49232951469983055,-0.27570274634302705,-0.2527556773750605,-0.13791769102611412,0.39786636347294413,-0.22840043666274953,-1.0757762369742228,-0.07917084499499613,0.3049969455792016,0.025408643456782534,-1.077328601206748,0.35634263183119835,-1.0295506970531256,0.18061662248555324,-0.8279829919677731,-0.117150027924948,-0.534948405108765,0.08706756835165987,-0.18785927783062187,-0.288015670440473,0.11631493786544851,-0.8502601999034872,-1.5164525547913832,0.6804571834345193,-1.6362451625247474,-0.847992868617685,-1.2176984126161594,-1.5355084877389924,-0.6071667910753014,1.846749952717883,-0.3796609491618442,-0.4802621481793217,0.4180293443111006,0.29017547747154926,0.009983589947454566,-0.5932586914221071,-0.2505085834801198,-1.5284500969965515,0.3456068808484358,-0.32731816079843673,1.85068555977524,-1.3664872003890483,0.02789162626304796,0.4231417803548382
1.0703354750076015,1.4502139436314176,-0.1743955687075269,1.1768338415660489,0.10559274723668054,-0.8081025396298289,-0.06449445362050686,-1.1213199566535026,-0.3589046947799004,-0.22840043666274953,3.5523839161179445,2.2277287857292056,1.2142379622513086,-1.6664255037488727,-1.7985895552052014,1.3279915977858616,-1.5840536328828525,2.007985526564247,0.34976314828445204,1.2753965658914033,0.3471077395794467,1.958445339571434,-1.1655812143068742,-0.6713359595481605,0.10444121697719888,-1.635304454734808,-0.8250309266670859,1.752540023943192,-0.3573442877006493,1.3199431661716285,2.0922438091846707,0.9603865947798754,2.0856617829117168,1.0133433033377557,-3.426704593361865,2.8329261204110288,1.4278794072924408,-1.932443682922272,0.7849021820762092,1.7441765002690564,0.9202349824884771,-0.015180777552314595,1.5128855892433464,-2.0086178250751927,1.241275305790412,-3.2036724344585252,0.39587657672023235,-0.4727564621588791,-0.26379393941424606
5.184994359528288,2.8095183934120618,-1.4072505252886838,1.1288852048850029,-3.2974546183102147,1.9067021844415952,1.2588074001696716,0.3563618649984488,0.86863616211437,-1.0757762369742228,2.2277287857292056,5.144559618269402,1.157992929694801,-2.3788348520839104,-1.615257782951854,5.291964419610454,-2.3835630628767768,5.807800509612908,-1.7914887490831792,4.502335737809798,0.6168965600177869,2.933578656260828,-1.0534858346844707,1.4153144315607533,1.6164853323985382,-1.229855648325383,2.8787566236450313,5.409185386813262,-2.6246867251064994,7.903807792376556,4.670893795174921,5.713617396768268,7.879019100832772,4.682479481008579,-9.848566248588133,2.7792971546535257,4.126137374801865,-3.532791845050249,-0.7070699791527646,0.7989240186467923,2.2119343704722447,1.5468136475391951,7.468071793850923,-1.4600565025063001,2.614902118102761,-9.992970499138615,4.798535590667955,-1.2791624616573365,-1.7778283833560002
0.9026451855033103,0.8691090477949585,-0.3094838491538323,0.36450108237490414,-0.4102336156349008,-0.05402331751051592,0.27343523716380225,-0.43009724509320113,-0.05849656076140944,-0.07917084499499613,1.2142379622513086,1.157992929694801,0.7097209687550886,-0.7997087220813864,-0.8589218844240598,1.0156580388236442,-0.6261925101324024,1.4079417794462559,-0.43722423583347,0.9773975695793148,0.19383030333351092,0.8324782459886123,-0.40122147342150316,0.06192855301196278,0.2335002034056907,-0.5481841473661299,-0.0497955823097154,0.5579974022298514,-0.5129551365481483,1.4012931409870557,1.2604847334879503,1.1483997658420002,1.9024614364880923,1.2624225317398332,-2.291842600048327,1.11461429381418,1.3665934501878263,-1.2146635212589063,0.19284377133582728,0.4866409089232827,0.4543179229294297,0.36489735941629103,1.2196542987255559,-0.763600869190303,0.9916634510841668,-2.3075917731392286,0.5810518820323621,-0.7096809119820601,-0.16044299191223055
-2.2381463435721183,-1.40002536362213,0.6294935189646423,-0.6915735472162975,1.3278143547180599,-0.510504914793897,-0.4544281414768448,0.1947983843675194,-0.31212442311613153,0.3049969455792016,-1.6664255037488727,-2.3788348520839104,-0.7997087220813864,1.3980634569914503,1.2176396953953175,-2.2902286196641333,1.2828367912532626,-2.7327466045769095,0.8262158985894813,-2.0661556461086317,-0.3179923797702071,-1.5123755472949074,0.7268655337192755,-0.5467483579115452,-0.6904324754043344,0.8399402180364594,-0.8148397582083956,-2.0503583995138936,0.947709578879394,-3.29622793223158,-2.239910087999821,-2.347193758883716,-3.489748435517564,-2.3391739951756216,4.6086813151566055,-1.7264224678806261,-2.1907471480310012,1.958249857273028,0.01050922510736847,-0.713546704118677,-0.8582550077337104,-0.6771242763110789,-3.196643874457956,0.7992863858930351,-1.4265249541638756,4.614748475532093,-1.5443483636916773,0.759161672706257,0.7063249147116698
-1.3560865382199012,-1.092863762569241,0.41113085836734947,-0.6332896050585999,0.6518765436234175,0.04689621156297913,-0.2229973202113955,0.5474001337089321,-0.08481217201369914,0.025408643456782534,-1.7985895552052014,-1.615257782951854,-0.8589218844240598,1.2176396953953175,1.2962928889371779,-1.4050875799670812,1.0591340155436677,-1.9440847535186934,0.5497323642923344,-1.379795769642422,-0.25249567019763064,-1.2121913321967088,0.7095877415937438,-0.21168042862065395,-0.3857916165217574,0.8733567509133229,0.05799146610325861,-0.8918495548416844,0.44159173538292196,-1.8862589452847411,-1.6731848052680576,-1.3541041968590206,-2.312413914902699,-1.752580630596438,3.1794725139382187,-1.6373833696331994,-1.8034301453053658,1.6999940093253045,-0.31564296960332416,-0.8507664194575572,-0.48468682796827633,-0.42608390284563874,-1.8504391955501038,0.8168275516795487,-1.230531206990926,3.164372845150363,-0.48327866419689686,0.7735917775065769,0.31141439383427094
6.072927227601069,2.9065753306281166,-1.7308246596032653,0.924303137397833,-4.120229421824824,2.6842481264214393,1.645210042800596,0.7808207870458169,1.2522849597327184,-1.077328601206748,1.3279915977858616,5.291964419610454,1.0156580388236442,-2.2902286196641333,-1.4050875799670812,5.992687347884766,-2.4115192587012415,6.461618101349172,-2.514924615240499,5.081564029249877,0.5508320991591816,2.8363653275127194,-0.8328504299524915,2.0760181154354944,1.9918598367168063,-0.9381200067325131,3.6278484197085343,5.56741708866368,-3.0739161948586213,9.189162426663042,5.038884254469939,6.667108607956032,8.950852322154333,5.606421065759715,-10.702234765076051,2.2597522318563805,4.765078993694732,-3.7627043876926933,-1.1550121776177962,0.42795349024922713,2.3529444951038925,1.9414858467814375,8.510540658056463,-0.9842376279076933,2.860604828445437,-11.108438713878195,5.656651536583345,-1.648211342703592,-2.013570154161347
-2.4807464122303418,-1.3404860998402182,0.6313339622126956,-0.7563897442922696,1.3525746547200892,-0.6991652895687586,-0.4772647061503689,0.0798117932725617,-0.4208251223540646,0.35634263183119835,-1.5840536328828525,-2.3835630628767768,-0.6261925101324024,1.2828367912532626,1.0591340155436677,-2.4115192587012415,1.4814554119694583,-2.8006521032686504,0.6764822880035756,-2.0852808258976947,-0.23364790454878673,-1.6096366286508683,0.6952359409316853,-0.5316571320842954,-0.7281268792997985,0.9368836948500651,-0.844249617206739,-2.4187736119722993,1.012507694012535,-3.4180373864419393,-2.355528684731445,-2.385163607304637,-3.436572208567799,-2.152782291424071,4.5099733688922985,-1.6334756820197298,-1.9583564787160759,1.8750495056405319,0.13933796840807225,-0.8662226983362414,-1.070745310341628,-0.5584988689225293,-3.3330029825713416,0.8970971034932786,-1.2357213134704839,4.653617423738518,-1.9481671965608116,0.6339531235703135,0.7671015287280396
6.534370918666616,3.3246259083031755,-1.8978241120598973,1.1409247088762517,-4.31925790090264,2.6186352934319173,1.7590218977185936,0.4892318818336214,1.266364065794227,-1.0295506970531256,2.007985526564247,5.807800509612908,1.4079417794462559,-2.7327466045769095,-1.9440847535186934,6.461618101349172,-2.8006521032686504,7.202407594799835,-2.778184460377818,5.569549271123382,0.6426986962122911,3.2695717298837033,-1.080025956831178,2.1520456803647092,2.1086155432920255,-1.2775975165725164,3.4540112410625237,5.643028499992441,-3.232218449807671,9.818153465452601,5.6888891021096635,7.156767104983065,9.838909499496,6.332343359961323,-11.814130410855743,2.866785648816593,5.54440727513787,-4.467480686042628,-0.9971524484782022,0.7535793048592616,2.510584609085529,2.125436173389595,9.068064389978778,-1.3384688165995793,3.3974840186863657,-12.259863223258456,5.772186681809543,-2.0737050479193946,-2.047088102444015
-2.6603023905476237,-1.108521933849962,0.9256452106022522,-0.04378395825393003,2.176300351279526,-1.4385909773534986,-0.9030611667817059,-0.4692804061010848,-0.7399668076833191,0.18061662248555324,0.34976314828445204,-1.7914887490831792,-0.43722423583347,0.8262158985894813,0.5497323642923344,-2.514924615240499,0.6764822880035756,-2.778184460377818,1.8313567500126238,-2.249035444119942,-0.20141464433529965,-0.7301316359270076,0.1260183022729605,-1.4541438341034445,-1.0080164541846515,-0.028729621690969053,-1.7348616425876033,-1.2734701556796444,1.2936736592084705,-4.143005569998383,-1.9377667416191688,-3.0560527813701195,-4.070474497835983,-3.153224022541581,4.4681416822211935,-0.35389008395824467,-2.6374238302160613,1.7087398006120618,0.62789226280057,0.32270967407600154,-0.5907367291717562,-1.198278889715094,-3.6491786280499707,-0.303206992164892,-1.476668587594399,4.772854724222826,-2.087301446777057,1.197971053938111,0.7648421787497299
5.153039845745889,2.5226908673085475,-1.4995819545226439,0.8129372165853825,-3.516841434294309,2.19401009264873,1.3870778112693003,0.5520109774492271,1.0617850070968247,-0.8279829919677731,1.2753965658914033,4.502335737809798,0.9773975695793148,-2.0661556461086317,-1.379795769642422,5.081564029249877,-2.0852808258976947,5.569549271123382,-2.249035444119942,4.37036098317521,0.48966565733113293,2.435714744083014,-0.7778221781008697,1.8090181420415377,1.7034626861401712,-0.8470449929337086,2.9602621049101336,4.4909252483238316,-2.5412305048765123,7.7881869407514515,4.327572178910583,5.64609268838431,7.667679840744997,4.971280476049577,-9.218040534370754,2.0407710275860316,4.272745435174083,-3.362204477061615,-0.8873360574776523,0.4195139294646773,1.904433951803193,1.7034770610860024,7.2210956967244915,-0.8037938230102939,2.5745630918644693,-9.547026259581493,4.5633915875587165,-1.5315241706101952,-1.6768264062156284
0.48644495319513925,0.32962832837684897,-0.14100023373532905,0.13814886423784453,-0.34279320144850284,0.12521609244886275,0.10160246272511468,-0.02045673408798855,0.07441400225495545,-0.117150027924948,0.3471077395794467,0.6168965600177869,0.19383030333351092,-0.3179923797702071,-0.25249567019763064,0.5508320991591816,-0.23364790454878673,0.6426986962122911,-0.20141464433529965,0.48966565733113293,0.1267029013241246,0.3339398863368148,-0.16328374831778988,0.15626844195980133,0.15115197302023411,-0.14706283912453136,0.2868026856023049,0.5306448559442252,-0.23365542753702978,0.8374797411185672,0.4906174130925748,0.5942346995675958,0.8712688884982572,0.5505443905189247,-1.166822933635837,0.4117934064366341,0.5078485949737298,-0.4419983264822199,-0.006534504604474245,0.061497862899376164,0.16454655625430337,0.19904786636922253,0.8034575078361146,-0.18015294122093017,0.33588805444235453,-1.1206829202374984,0.3827296777243737,-0.145939197653929,-0.16527081176455855
2.780021339579106,1.680344270724669,-0.714168472001837,0.8544791127779272,-1.497885306552091,0.7200062201651489,0.5934587579674937,-0.13395535298104735,0.3396606772565727,-0.534948405108765,1.958445339571434,2.933578656260828,0.8324782459886123,-1.5123755472949074,-1.2121913321967088,2.8363653275127194,-1.6096366286508683,3.2695717298837033,-0.7301316359270076,2.435714744083014,0.3339398863368148,1.9119514504659096,-0.7855131368295235,0.4774406935980865,0.7936103210094121,-1.0571594906450943,1.0428334910588897,2.9713385258404994,-1.3317540762954507,4.033269234147178,2.789229320290708,2.916782379802982,4.212153236218769,2.435691252714372,-5.417659289313082,2.00847078116326,2.285107171239069,-2.174437082275707,-0.14744385726548853,0.9210872984112543,1.3389200843452802,0.6824975773847899,3.8629038568044844,-1.2568657436187876,1.5221500699407742,-5.504914712993193,2.4308621868283633,-0.7580363429237128,-0.8866440938037008
-0.7966491615499902,-0.5931559287079291,0.18216699724306332,-0.45423520401157425,0.3501040594629956,0.030356627615777735,-0.027922214352928583,0.2572787150349823,-0.0771765468809769,0.08706756835165987,-1.1655812143068742,-1.0534858346844707,-0.40122147342150316,0.7268655337192755,0.7095877415937438,-0.8328504299524915,0.6952359409316853,-1.080025956831178,0.1260183022729605,-0.7778221781008697,-0.16328374831778988,-0.7855131368295235,0.48600244720733093,-0.07248498749988741,-0.21810956819351063,0.5793715913956837,-0.04415029583618034,-0.8843574278336485,0.17992420574390558,-1.0732632473891655,-0.9309086704905224,-0.6800672911528038,-1.1648024476626746,-0.8013706721444539,1.86068378999994,-1.0514902228878888,-0.8083360217983103,0.8983109378020084,-0.18662875435456114,-0.578991044174659,-0.30615976803390854,-0.1495187252501445,-1.1708422560365646,0.5022511916716557,-0.5506169609219046,1.78795510303813,-0.29782637407806917,0.2053682488608854,0.2539031252858531
2.270149646380597,0.6836079034982278,-0.7342109540903742,0.007049510458538118,-1.9733242658884367,1.4215135877430796,0.6510254646189683,0.6692986542205098,0.8220490437456411,-0.18785927783062187,-0.6713359595481605,1.4153144315607533,0.06192855301196278,-0.5467483579115452,-0.21168042862065395,2.0760181154354944,-0.5316571320842954,2.1520456803647092,-1.4541438341034445,1.8090181420415377,0.15626844195980133,0.4774406935980865,-0.07248498749988741,1.4047025268606765,0.891066901420586,0.15346645128926886,1.77840417712335,1.3336256688007178,-0.9238618161530774,3.48662705745253,1.3585145527281868,2.3991075331306657,3.0310424858295204,2.439337444006775,-3.5256321025643964,0.04167323354581533,1.8536855031861998,-1.150559892823313,-0.657411147331522,-0.41966561084613657,0.36350353819398556,0.9472300769931588,3.2200636690546007,0.6193286922586555,0.9056401307677963,-3.748134797886029,1.7366924137655757,-0.648099578761971,-0.7477252895649414
2.0876838328552134,0.865639409376125,-0.6165053261132317,0.22004663451283316,-1.5295741179245923,1.046620997145023,0.5662517920717445,0.38768356233628287,0.5342178696374098,-0.288015670440473,0.10444121697719888,1.6164853323985382,0.2335002034056907,-0.6904324754043344,-0.3857916165217574,1.9918598367168063,-0.7281268792997985,2.1086155432920255,-1.0080164541846515,1.7034626861401712,0.15115197302023411,0.7936103210094121,-0.21810956819351063,0.891066901420586,0.7373328028895487,-0.1820593818910245,1.3484445295526575,1.6786910122593854,-0.97037003942737,3.1290222814569986,1.5576041238822484,2.2250049662458102,2.9253745079108144,2.003563051083265,-3.4738961407989697,0.5212526376402961,1.631703727445749,-1.2015238216966735,-0.4665274115185037,0.013214248157762828,0.6544813148354407,0.7100531494980944,2.9071942825279873,-0.02350569274826769,0.9103712901434192,-3.6433211351787733,1.7976232138477122,-0.5682542342892216,-0.6988342022028166
-0.9020244136105482,-0.7716003704494457,0.18112006922087373,-0.6064510594047052,0.1855278877239596,0.16110192087189873,-0.05642685645356872,0.4513848315470666,0.029462393251281246,0.11631493786544851,-1.635304454734808,-1.229855648325383,-0.5481841473661299,0.8399402180364594,0.8733567509133229,-0.9381200067325131,0.9368836948500651,-1.2775975165725164,-0.028729621690969053,-0.8470449929337086,-0.14706283912453136,-1.0571594906450943,0.5793715913956837,0.15346645128926886,-0.1820593818910245,0.8506160607711539,0.2535260983280206,-1.0689158386045101,0.28586486518536974,-1.0924018615298812,-1.2444127768273006,-0.7553944284598942,-1.3617941742303743,-0.7511444233120557,2.0407636210436433,-1.3679504879576652,-0.87281936303717,1.0993850789829258,-0.2722674652286071,-0.9107011717903484,-0.560244766365844,-0.06193058776658679,-1.1505772667578076,0.9570402677651534,-0.6592590904340101,2.0342789711059823,-0.5072721980458187,0.31520935155986174,0.22171705516948942
3.711471080657176,1.2721962764170651,-1.061225901179922,0.1030939932702644,-3.0372757534951424,2.3481142497060645,1.0742100994059318,1.3200760176183028,1.0832919315558833,-0.8502601999034872,-0.8250309266670859,2.8787566236450313,-0.0497955823097154,-0.8148397582083956,0.05799146610325861,3.6278484197085343,-0.844249617206739,3.4540112410625237,-1.7348616425876033,2.9602621049101336,0.2868026856023049,1.0428334910588897,-0.04415029583618034,1.77840417712335,1.3484445295526575,0.2535260983280206,3.4286311368619415,3.7397595538323922,-1.978621077391344,5.934636241295425,2.359366074289045,4.205421445388495,5.131876991020981,3.1824612394818272,-6.018686950459321,0.21797426210749715,2.306145383175362,-1.4293932787444905,-1.2730444257480698,-0.729565044775603,1.1991440533324134,1.3239989581456324,5.532758689976648,0.44144178734658535,1.184901449454725,-6.216987998995914,3.9014729794869885,-0.47507346469042966,-1.474248902291288
5.492476651534273,2.606076846165836,-1.3103668813297518,1.1430455373612185,-3.4541606089047536,2.4043949646332177,1.2266241345480415,0.9807596576326124,1.0165077492193983,-1.5164525547913832,1.752540023943192,5.409185386813262,0.5579974022298514,-2.0503583995138936,-0.8918495548416844,5.56741708866368,-2.4187736119722993,5.643028499992441,-1.2734701556796444,4.4909252483238316,0.5306448559442252,2.9713385258404994,-0.8843574278336485,1.3336256688007178,1.6786910122593854,-1.0689158386045101,3.7397595538323922,7.016819084252601,-2.8899921421303234,8.297660142149889,4.557982117419976,5.87419919731544,7.656358660514018,3.882038018554408,-9.751425721580677,2.3995499871632164,3.1405726323627974,-2.8366711530951387,-1.1603427809199045,0.6385894506158214,2.6450193862860645,1.2971405960876343,8.021653663756988,-1.3999131679744357,1.9354037861774929,-9.875305545449038,5.8929039315553435,-0.4526281838273317,-2.1563531224158803
-3.0498671897462875,-1.5326239830803534,0.8986970905610291,-0.29977506468539994,2.0458988429509084,-1.4647832956031437,-1.0312278869975513,-0.4801101219457325,-0.4968489940520661,0.6804571834345193,-0.3573442877006493,-2.6246867251064994,-0.5129551365481483,0.947709578879394,0.44159173538292196,-3.0739161948586213,1.012507694012535,-3.232218449807671,1.2936736592084705,-2.5412305048765123,-0.23365542753702978,-1.3317540762954507,0.17992420574390558,-0.9238618161530774,-0.97037003942737,0.28586486518536974,-1.978621077391344,-2.8899921421303234,1.918283901190095,-4.7695214414635005,-2.603540088288743,-3.669315011920905,-4.828985947526075,-2.72592898077823,5.302111586779799,-0.8665862903960766,-2.354504155589845,1.7353580849521415,0.7585953026717733,0.011855337242212808,-1.438069388685084,-1.0270398896202266,-4.202837216577259,0.6760028910929252,-1.4832770608504235,5.591979753844497,-3.432027848083897,0.9570231404889156,0.9944314003621312
9.34114106801757,4.303775374746231,-2.716790094325282,1.1815859462063847,-6.581730118584419,4.396909103879795,2.622287332501463,1.4503342412631381,2.060713231994073,-1.6362451625247474,1.3199431661716285,7.903807792376556,1.4012931409870557,-3.29622793223158,-1.8862589452847411,9.189162426663042,-3.4180373864419393,9.818153465452601,-4.143005569998383,7.7881869407514515,0.8374797411185672,4.033269234147178,-1.0732632473891655,3.48662705745253,3.1290222814569986,-1.0924018615298812,5.934636241295425,8.297660142149889,-4.7695214414635005,14.288105397026452,7.50390764389611,10.37236173778153,13.784900788906834,8.771377673731266,-16.284992526594817,2.9839232857557096,7.349713460636885,-5.59363018286837,-1.9667037885791863,0.2230714802491983,3.4423516646339265,3.142707744620458,13.154511420778094,-1.0750582785640195,4.335387353463532,-16.943739917537158,8.762346925273903,-2.569328192082742,-3.1053194505483144
5.0496727830960255,2.758373631402491,-1.4371095962205742,1.0318803202119833,-3.101959224458398,1.8152854324855134,1.3665073064312614,0.15794959536846928,0.8051507014379562,-0.847992868617685,2.0922438091846707,4.670893795174921,1.2604847334879503,-2.239910087999821,-1.6731848052680576,5.038884254469939,-2.355528684731445,5.6888891021096635,-1.9377667416191688,4.327572178910583,0.4906174130925748,2.789229320290708,-0.9309086704905224,1.3585145527281868,1.5576041238822484,-1.2444127768273006,2.359366074289045,4.557982117419976,-2.603540088288743,7.50390764389611,4.666031735743976,5.555195336126886,7.743708729556956,4.763065109575835,-9.261253290043987,2.564839418360289,4.298628351573419,-3.606829208879285,-0.6542840649848389,0.8992071651711124,2.1913416281167977,1.533827268135206,6.89766555099351,-1.521482712936946,2.732824803130859,-9.624533580571285,4.6139824147376896,-1.6752369051390947,-1.5435735722035773
6.7182721925719076,3.2397795823463005,-1.9946343191613107,0.7845152162377623,-4.681118961191048,3.13308879077874,2.030649420647633,0.9633262138109016,1.3472071735107498,-1.2176984126161594,0.9603865947798754,5.713617396768268,1.1483997658420002,-2.347193758883716,-1.3541041968590206,6.667108607956032,-2.385163607304637,7.156767104983065,-3.0560527813701195,5.64609268838431,0.5942346995675958,2.916782379802982,-0.6800672911528038,2.3991075331306657,2.2250049662458102,-0.7553944284598942,4.205421445388495,5.87419919731544,-3.669315011920905,10.37236173778153,5.555195336126886,7.6966024760166505,10.262507838533121,6.396278025888016,-11.809780516496083,2.1369700541921803,5.457980134743016,-4.0984396469303475,-1.4392110288817161,0.11306390743396154,2.6374146668805585,2.325971382565089,9.384494911179646,-1.002829703869903,3.3002209461506595,-12.339775412448176,6.572250312525851,-2.081429280324304,-2.178127007471575
8.956765465848234,4.597307029603124,-2.6774478078247,1.259195349289214,-6.079523065200865,3.827171052663543,2.6655926580383884,0.8818965513221054,1.6552814041612973,-1.5355084877389924,2.0856617829117168,7.879019100832772,1.9024614364880923,-3.489748435517564,-2.312413914902699,8.950852322154333,-3.436572208567799,9.838909499496,-4.070474497835983,7.667679840744997,0.8712688884982572,4.212153236218769,-1.1648024476626746,3.0310424858295204,2.9253745079108144,-1.3617941742303743,5.131876991020981,7.656358660514018,-4.828985947526075,13.784900788906834,7.743708729556956,10.262507838533121,13.955520279641295,8.79531649508988,-16.2102695853504,3.4662543903964336,7.696978689950035,-5.944194507222395,-1.6205621628640892,0.5400245795687283,3.544641475956779,3.113391465141522,12.477625720036084,-1.749260742509711,4.751404777328766,-16.87103505389067,8.44705758750797,-3.0430860825104644,-2.8125366406613868
5.768633397555897,2.79130154011737,-1.8320569976193006,0.711786836085619,-4.18534261030606,2.5136747820136676,1.6769633506580848,0.5234524153497173,1.312315539359535,-0.6071667910753014,1.0133433033377557,4.682479481008579,1.2624225317398332,-2.3391739951756216,-1.752580630596438,5.606421065759715,-2.152782291424071,6.332343359961323,-3.153224022541581,4.971280476049577,0.5505443905189247,2.435691252714372,-0.8013706721444539,2.439337444006775,2.003563051083265,-0.7511444233120557,3.1824612394818272,3.882038018554408,-2.72592898077823,8.771377673731266,4.763065109575835,6.396278025888016,8.79531649508988,6.315880965140722,-10.323509525662448,2.029606402384626,5.469298908460784,-4.057682129647559,-0.9399219781124339,0.2276120210870299,1.734348009893371,2.209698613902469,7.986208625877962,-0.43071699856147716,3.237891732282062,-10.788531012787205,4.56057132114945,-2.2501037286562866,-1.7195847962133795
-10.677071483839843,-5.509929619603657,3.0732398048993383,-1.9088222171205647,7.169612758633228,-4.26539178209311,-2.7928739351489167,-0.9050594132620593,-2.0442306663538257,1.846749952717883,-3.426704593361865,-9.848566248588133,-2.291842600048327,4.6086813151566055,3.1794725139382187,-10.702234765076051,4.5099733688922985,-11.814130410855743,4.4681416822211935,-9.218040534370754,-1.166822933635837,-5.417659289313082,1.86068378999994,-3.5256321025643964,-3.4738961407989697,2.0407636210436433,-6.018686950459321,-9.751425721580677,5.302111586779799,-16.284992526594817,-9.261253290043987,-11.809780516496083,-16.2102695853504,-10.323509525662448,19.768628214344876,-4.880762801989774,-8.997749758176502,7.260826630829608,1.6264613008804352,-1.1122228001045509,-4.069710784938093,-3.5154500742642796,-15.172557689934258,2.137820084455126,-5.533857214792436,20.279292209983467,-9.450389051892913,3.1409329126610204,3.5042396546887837
2.072707216225587,1.6738468110941362,-0.5071103573308551,1.0395443265091862,-0.8660209390867133,-0.008144900906613045,0.28567287604319347,-0.6414432290736676,0.04024454336273124,-0.3796609491618442,2.8329261204110288,2.7792971546535257,1.11461429381418,-1.7264224678806261,-1.6373833696331994,2.2597522318563805,-1.6334756820197298,2.866785648816593,-0.35389008395824467,2.0407710275860316,0.4117934064366341,2.00847078116326,-1.0514902228878888,0.04167323354581533,0.5212526376402961,-1.3679504879576652,0.21797426210749715,2.3995499871632164,-0.8665862903960766,2.9839232857557096,2.564839418360289,2.1369700541921803,3.4662543903964336,2.029606402384626,-4.880762801989774,2.5698524458167706,2.1311255274832797,-2.2610462823759527,0.34300960029654703,1.307480510477579,1.076553962724935,0.458201680797435,2.987790064082432,-1.5998637694482338,1.5425447782916517,-4.768547285082542,1.388988575993603,-0.7158680631071704,-0.6208427828893933
4.831664139994173,2.5954332739664743,-1.5571842804967542,0.7230139510205845,-3.352416619932609,1.84738062271841,1.4362782841283352,0.12784655483603685,0.9333002529337342,-0.4802621481793217,1.4278794072924408,4.126137374801865,1.3665934501878263,-2.1907471480310012,-1.8034301453053658,4.765078993694732,-1.9583564787160759,5.54440727513787,-2.6374238302160613,4.272745435174083,0.5078485949737298,2.285107171239069,-0.8083360217983103,1.8536855031861998,1.631703727445749,-0.87281936303717,2.306145383175362,3.1405726323627974,-2.354504155589845,7.349713460636885,4.298628351573419,5.457980134743016,7.696978689950035,5.469298908460784,-8.997749758176502,2.1311255274832797,4.910014293466929,-3.7477534573158873,-0.5969950278055974,0.45651150587598405,1.569615864612347,1.870367252913254,6.62621651707103,-0.7784404578466075,3.0161024625152733,-9.38062464554958,3.756668227800108,-2.152274750853591,-1.3577002820472166
-3.7772257485144247,-2.1875344796855476,1.138067286712197,-0.8568390237385067,2.3589492132077052,-1.1528891111391242,-0.9740548446583699,0.15859211613731128,-0.6200730520570242,0.4180293443111006,-1.932443682922272,-3.532791845050249,-1.2146635212589063,1.958249857273028,1.6999940093253045,-3.7627043876926933,1.8750495056405319,-4.467480686042628,1.7087398006120618,-3.362204477061615,-0.4419983264822199,-2.174437082275707,0.8983109378020084,-1.150559892823313,-1.2015238216966735,1.0993850789829258,-1.4293932787444905,-2.8366711530951387,1.7353580849521415,-5.59363018286837,-3.606829208879285,-4.0984396469303475,-5.944194507222395,-4.057682129647559,7.260826630829608,-2.2610462823759527,-3.7477534573158873,3.1440303445433044,0.24451747714387584,-0.8480071099691099,-1.3867213016304432,-1.2760984271688491,-5.162024335383884,1.105053344466619,-2.369245751517527,7.496201677129201,-2.8435658304273868,1.5737585998510493,1.0558390224358167
-1.2531576082824747,-0.28615959953099196,0.3657116280219472,0.11988544027003108,1.057034955817008,-0.9864573439314569,-0.45001908321839557,-0.6195417779121672,-0.41184049038967574,0.29017547747154926,0.7849021820762092,-0.7070699791527646,0.19284377133582728,0.01050922510736847,-0.31564296960332416,-1.1550121776177962,0.13933796840807225,-0.9971524484782022,0.62789226280057,-0.8873360574776523,-0.006534504604474245,-0.14744385726548853,-0.18662875435456114,-0.657411147331522,-0.4665274115185037,-0.2722674652286071,-1.2730444257480698,-1.1603427809199045,0.7585953026717733,-1.9667037885791863,-0.6542840649848389,-1.4392110288817161,-1.6205621628640892,-0.9399219781124339,1.6264613008804352,0.34300960029654703,-0.5969950278055974,0.24451747714387584,0.6081656055774022,0.42312984340017895,-0.44488190352597323,-0.437921685501182,-1.7399479840837488,-0.2957489044547854,-0.24687731229060095,1.8081612985155082,-1.5587747183223557,0.15853171393715637,0.48272346185936466
0.42447366757105565,0.5633585772905277,-0.023121685958758163,0.6138277998034222,0.24883416448133694,-0.45964276706968427,-0.11475115885875525,-0.5945279823330043,-0.16418979661017194,0.009983589947454566,1.7441765002690564,0.7989240186467923,0.4866409089232827,-0.713546704118677,-0.8507664194575572,0.42795349024922713,-0.8662226983362414,0.7535793048592616,0.32270967407600154,0.4195139294646773,0.061497862899376164,0.9210872984112543,-0.578991044174659,-0.41966561084613657,0.013214248157762828,-0.9107011717903484,-0.729565044775603,0.6385894506158214,0.011855337242212808,0.2230714802491983,0.8992071651711124,0.11306390743396154,0.5400245795687283,0.2276120210870299,-1.1122228001045509,1.307480510477579,0.45651150587598405,-0.8480071099691099,0.42312984340017895,1.0885961768884833,0.42487966087823414,-0.18010558683968722,0.38169028256217735,-0.9853117889912073,0.41777643808938403,-1.095410305477049,-0.025181061194308522,-0.18368836032428937,-0.0564554194230826
2.322460097740089,1.2755102498585238,-0.5984995619148902,0.4694700687989838,-1.2774658464861486,0.8977436566234634,0.68158764016848306,0.18556407792920077,0.25774452315665947,-0.5932586914221071,0.9202349824884771,2.2119343704722447,0.4543179229294297,-0.8582550077337104,-0.48468682796827633,2.3529444951038925,-1.070745310341628,2.510584609085529,-0.5907367291717562,1.904433951803193,0.16454655625430337,1.3389200843452802,-0.30615976803390854,0.36350353819398556,0.6544813148354407,-0.560244766365844,1.1991440533324134,2.6450193862860645,-1.438069388685084,3.4423516646339265,2.1913416281167977,2.6374146668805585,3.544641475956779,1.734348009893371,-4.069710784938093,1.076553962724935,1.569615864612347,-1.3867213016304432,-0.44488190352597323,0.42487966087823414,1.3415314168740495,0.5579287288440652,3.114596974492954,-0.9875619658166511,1.0598856652356354,-4.276516361820278,2.7057172676295385,-0.5736376645887278,-0.7664301431976025
1.9733026948627121,0.9080154526268753,-0.6530986447738765,0.11047324707376445,-1.552270879894641,0.9994820680958089,0.6443486749727759,0.3172730279816796,0.48117976415342856,-0.2505085834801198,-0.015180777552314595,1.5468136475391951,0.36489735941629103,-0.6771242763110789,-0.42608390284563874,1.9414858467814375,-0.5584988689225293,2.125436173389595,-1.198278889715094,1.7034770610860024,0.19904786636922253,0.6824975773847899,-0.1495187252501445,0.9472300769931588,0.7100531494980944,-0.06193058776658679,1.3239989581456324,1.2971405960876343,-1.0270398896202266,3.142707744620458,1.533827268135206,2.325971382565089,3.113391465141522,2.209698613902469,-3.5154500742642796,0.458201680797435,1.870367252913254,-1.2760984271688491,-0.437921685501182,-0.18010558683968722,0.5579287288440652,0.8470970160986977,2.7993128032847587,0.005900695601006833,1.0893558978430768,-3.6765136667595573,1.7116315254732648,-0.7828917472933384,-0.6039346605362483
