V1,V2,V3,V4,V5,V6,V7,V8,V9,V10,V11,V12,V13,V14,V15,V16,V17,V18,V19,V20,V21,V22,V23,V24,V25,V26,V27,V28,V29,V30,V31,V32,V33,V34,V35,V36,V37,V38,V39,V40,V41,V42,V43,V44,V45,V46,V47,V48,V49
7.588869372729471,3.548089882827516,-2.1809755908596573,1.0865989082827663,-5.1532074382447925,3.4216304260452204,2.095333622105228,1.004712180360838,1.6077383352267898,-1.2659557234641752,1.4329296679914172,6.394848711292476,1.2103929007457945,-2.7530605956662666,-1.6871069286032339,7.4084641479127775,-2.979597814539971,7.9971068614167935,-3.2197979060268853,6.285665042846216,0.6216992270820785,3.4319741756588056,-0.9588550678645414,2.651724032113408,2.4992488404758264,-1.1127315021715118,4.464746999711408,6.697884255012194,-3.822886655590375,11.386052244582519,6.231014046601241,8.275892194689664,11.077881870329112,7.020406478481227,-13.102181489447654,2.6195643299349687,5.950535468718293,-4.64917635346421,-1.4931304108600656,0.5080725141766522,2.908605999202672,2.424547937658987,10.495870722039358,-1.1170473077261223,3.5395000287334324,-13.701939167721507,7.044525209458654,-2.1412313458691963,-2.4707018961919207
3.548089882827516,1.9378588317774281,-1.060308606214776,0.6123886332948028,-2.3376233260020545,1.349569016771975,1.0059886878394404,0.1896777349870917,0.5912081534931058,-0.5648741039932943,1.225308339730948,3.2472708056111532,0.8941771009499229,-1.577188815686439,-1.158479691106461,3.564266383336893,-1.4898664584072387,3.9972023275598914,-1.5875220522002356,3.102237527834159,0.3641440008686781,1.8181178614106577,-0.600680474219773,1.11612114585932,1.1533806646879405,-0.7022512355401224,1.850444232384955,3.018517332059552,-1.8535789270617382,5.406071428367779,3.1904608602182694,4.019394586320784,5.57852157853244,3.5775535794457602,-6.62111842263174,1.6638625361747317,3.1997867448519455,-2.5408452791581615,-0.5055373159639165,0.4215872089204194,1.4053181137650226,1.2126359949987024,4.94599592201687,-0.8198195171171615,2.01210657839406,-6.834767747290783,3.139910039487288,-1.266682032235451,-1.115074685491395
-2.1809755908596573,-1.060308606214776,0.6858246467091742,-0.2675997552050592,1.5509457346548963,-0.9535017541490132,-0.6459679852984312,-0.2039896136150399,-0.47486694963454323,0.2503848243333433,-0.3832046285196682,-1.7659076547456456,-0.4650632467974979,0.8585064882388925,0.6286845867210491,-2.1180272385064858,0.8168307681891928,-2.3783966226157545,1.1522472838417872,-1.8644060222184191,-0.19203147410250462,-0.9297433678148205,0.2830068721699232,-0.8769970831577942,-0.7476042716811967,0.28835624503335167,-1.1951369827985847,-1.5219493116585008,1.0679480462523634,-3.300885422799857,-1.8146031480470317,-2.4270137857341982,-3.3225197347635085,-2.3239882991300123,3.85876183969804,-0.7516502714699046,-2.0172414912335865,1.502122456876758,0.3739449554154435,-0.10204240706860196,-0.7097187437797887,-0.8110882899889112,-2.9916370641250283,0.21427396567879403,-1.2029439819877337,4.049185469704646,-1.804909813143598,0.8410012514647034,0.6521316561128427
1.0865989082827663,0.6123886332948028,-0.2675997552050592,0.34038876517018224,-0.5950763164718532,0.3054547085829088,0.2103034296966043,-0.016648214986382942,0.16261778363181897,-0.2134926519364111,0.7289075320253029,1.127434189921372,0.27640786223965236,-0.5731676342436137,-0.44147045922247935,1.0944821056634035,-0.6367657649449707,1.2422957246910977,-0.25451036270224703,0.9320423907247848,0.12440434690230326,0.7322903226328826,-0.30659278190594447,0.20067472297714123,0.310970439110679,-0.4022874599042625,0.445111991139484,1.2095582878428868,-0.48842676313354433,1.5544793294057087,1.0491172061456424,1.0937169523201125,1.5599188256839498,0.904101945393273,-2.0623291833713595,0.7489072114859934,0.82209177256774435,-0.7971403293817196,-0.07156473151538735,0.34967962092368593,0.509163595719351,0.24448849150685284,1.5194037465761796,-0.43761869174009815,0.5353544141587826,-2.093559200186657,0.9416125198293135,-0.22486203664115006,-0.3615765134764188
-5.1532074382447925,-2.3376233260020545,1.5509457346548963,-0.5950763164718532,3.7438738250038415,-2.444475543675252,-1.458699715682233,-0.774340402585247,-1.2130107803829149,0.7693933265619862,-0.5899901900470598,-4.2297609686551825,-0.8167932275597075,1.85241859056654,1.1411401765393923,-5.027185943081222,1.8361185731339758,-5.443386051267407,2.5181028507903678,-4.327334014106527,-0.4685147799629708,-2.116250161912323,0.5938552317059268,-2.108771333703284,-1.7681413025848773,0.5347108458949918,-3.24203244547653,-4.15942724345105,2.528851962533171,-7.884608701976632,-4.07837042287665,-5.700281135118107,-7.616461876474579,-5.1249815648640835,8.99091781723088,-1.5678029263750828,-4.298444537664233,3.192188855622472,1.0514732872356638,-0.04064513409084943,-1.7038228070720298,-1.8407278679001888,-7.247827245329078,0.35427065265205904,-2.5022055039648103,9.368881684150681,-4.544787773183711,1.5719087852179043,1.6697353974669076
3.4216304260452204,1.349569016771975,-0.9535017541490132,0.3054547085829088,-2.444475543675252,1.867452646943791,0.9825073217958145,0.8231197616096867,0.8460719334747523,-0.6868012447925783,-0.0745416278248002,2.676042677567704,0.19923560619034486,-0.8847729203054377,-0.2597223440545282,3.2983849874118327,-1.1205965846214374,3.33956877457301,-1.4007369689493525,2.6921526885394904,0.2190748492852832,1.2794253707073633,-0.19343820687949992,1.3172522176545287,1.1505571918486739,-0.19946624908637559,2.441854234861864,3.2649812642074365,-1.8035156977845814,5.189030989804294,2.5207310348483074,3.743870655076225,4.756544834000426,2.8522098405253504,-5.482888653982811,0.6375535442040495,2.239801512155385,-1.6444311654145918,-0.952033744287412,-0.11775115476935807,1.3281371279578762,1.0627341169159863,4.764958939076162,-0.2109341878273698,1.2444485629904394,-5.801743332472176,3.553199003742276,-0.6944500444230405,-1.1886039168116185
2.095333622105228,1.0059886878394404,-0.6459679852984312,0.2103034296966043,-1.458699715682233,0.9825073217958145,0.6760499342633697,0.2724509183017592,0.4159671583194057,-0.321075563161144,0.23290363656480778,1.6776412886433172,0.382990630152649,-0.7129241513729464,-0.44110828534742696,2.048230133122706,-0.7276883604524453,2.2285265398960483,-1.0347750489001262,1.7521920610868769,0.1518689825387352,0.8626940644807763,-0.1757520809224907,0.7672763525351717,0.6995524466396628,-0.2132927098558775,1.2386217062455382,1.6256778928828717,-1.1577024800319582,3.1940663553471227,1.7393663804244095,2.404561503984074,3.217928030945665,2.078126012891234,-3.59589978790053,0.5906494320269672,1.791444238502507,-1.304174623555038,-0.45202175945610973,0.03068865238479881,0.8117237871221717,0.7475162056545966,2.8421980690244224,-0.27537640213977754,1.0826419250748218,-3.8129871746291895,2.0145459634453653,-0.7575032397319502,-0.6429006740104487
1.004712180360838,0.1896777349870917,-0.2039896136150399,-0.016648214986382942,-0.774340402585247,0.8231197616096867,0.2724509183017592,0.6350091276489335,0.3095207146780361,-0.42147686293713627,-0.5377914467343345,0.7485316735664276,-0.31893241451876253,0.04133319536868755,0.4390741792938934,0.9700344179282272,-0.16170017668877296,0.6970065100058475,-0.16961756535658168,0.6583172312290999,0.011005286643094454,0.21886176551365996,0.12847963653898548,0.3702594256668969,0.34186067913239715,0.17738004746338054,1.2210496631869927,1.6102095031467192,-0.6420428841874137,1.5801510374973287,0.482281169711914,1.09770080065149,1.1194973275084512,0.3242982275755638,-1.2790094218398929,-0.21718068961563147,0.0379523550228977,0.0393882651131878,-0.5564836865617642,-0.29146937281608704,0.517773626686629,0.196519630588943,1.5104754934795992,0.10853515146150378,-0.0650237655877485,-1.3468910083911836,1.5330336529941813,0.2485231795965481,-0.5077346758736823
1.6077383352267898,0.5912081534931058,-0.47486694963454323,0.16261778363181897,-1.2130107803829149,0.8460719334747523,0.4159671583194057,0.3095207146780361,0.4976059144783245,-0.19154982356744585,-0.01622480192133239,1.1793742035080352,0.14369905432168315,-0.48360805129123474,-0.27744610087477467,1.501205302356202,-0.5737190428878584,1.6224843650749836,-0.7965267052874283,1.2826609425402813,0.13605382631527768,0.5749418823609481,-0.16401802227679488,0.7748280485894512,0.5603488234260819,-0.13025454767616415,1.0217921807658152,1.1882334036947666,-0.6681267806584644,2.3982335910634784,1.153221231640352,1.6555950898224936,2.1682125947887263,1.5585255084495868,-2.6033711875439205,0.3500832120262707,1.2400399744720954,-0.9239144653083391,-0.35787268678560635,-0.034161852492854576,0.4260405968489785,0.5589065055911324,2.232927848701944,0.04716743248147098,0.6559399635942413,-2.759462057823177,1.32983210954659,-0.42437072062886766,-0.4958202783550937
-1.2659557234641752,-0.5648741039932943,0.2503848243333433,-0.2134926519364111,0.7693933265619862,-0.6868012447925783,-0.321075563161144,-0.42147686293713627,-0.19154982356744585,0.5726660952574166,-0.20542932392626634,-1.3427067532810686,0.033966536090501855,0.2887959724085478,-0.12396591070006104,-1.3453179573300664,0.46212371109158834,-1.1992151577137025,0.07274558413602439,-0.9782483472932989,-0.11460496086369094,-0.6707799601188741,0.07246530682026722,-0.17989766477055869,-0.3497563155125403,0.13437938482431272,-1.1610957611259656,-2.178182699766443,0.8730620527621288,-2.021629413841734,-1.010796703492872,-1.478000287403749,-1.7746339642294893,-0.5199063071450516,2.163593037872711,-0.3902377718438182,-0.33879739452907537,0.3540102705593807,0.4396354281752191,0.007333353481717562,-0.8306172395343339,-0.22439937002872623,-1.9254480465257773,0.44860340377147445,-0.23407188065543358,2.178541881787672,-1.8955764156163835,-0.14581783546970395,0.5790103699034674
1.4329296679914172,1.225308339730948,-0.3832046285196682,0.7289075320253029,-0.5899901900470598,-0.0745416278248002,0.23290363656480778,-0.5377914467343345,-0.01622480192133239,-0.20542932392626634,2.0826988362470282,1.908315863872021,0.8788467827278843,-1.287557414567865,-1.2716251671317202,1.5595497072643085,-1.1523884979359522,2.044616442325811,-0.333830060946156,1.4589656779999156,0.2681281895491996,1.4066590030590902,-0.7443253210101635,0.007533269891288937,0.36152467404319577,-0.9632395542535451,0.05937748241687275,1.4810661428651344,-0.6232034300403562,2.036278915370396,1.8494009203648076,1.5055761347952925,2.491073017851124,1.5661493244782254,-3.4435042341456357,1.8288927192656375,1.6629852339273,-1.6634347155715,0.2894260638177499,0.9419505405822598,0.7449434185759138,0.3501516548851305,2.0199786395797696,-1.1039901493433841,1.213402284596053,-3.3776605554907535,0.8604165097656855,-0.6229028668550248,-0.4103101301182282
6.394848711292476,3.2472708056111532,-1.7659076547456456,1.127434189921372,-4.2297609686551825,2.676042677567704,1.6776412886433172,0.7485316735664276,1.1793742035080352,-1.3427067532810686,1.908315863872021,6.006272128703408,1.1717501892610893,-2.576041085627012,-1.5603344022666032,6.459931623463352,-2.6471939274351617,6.940156421057739,-2.3717785303737595,5.440214723092539,0.6767597982066634,3.262208443826054,-1.0040482123561594,1.9412633361173222,2.036902331296375,-1.1503686569313767,3.8892110420069526,6.511530240578985,-3.356183905110015,9.811593808403165,5.4968554332093325,7.136881560564677,9.625784676674957,5.70616047057365,-11.7041412836441,2.7880374960783865,4.904649966867953,-4.010460835890823,-1.145018301215505,0.5774132143713835,2.6861045845544065,1.976609189790585,9.153919645413511,-1.4321313173541599,3.0373066128674537,-11.99003367025565,6.203861673525958,-1.5546340915640864,-2.2020477502544216
1.2103929007457945,0.8941771009499229,-0.4650632467974979,0.27640786223965236,-0.8167932275597075,0.19923560619034486,0.382990630152649,-0.31893241451876253,0.14369905432168315,0.033966536090501855,0.8788467827278843,1.1717501892610893,0.72423067992836,-0.8726839639475182,-0.939062292250545,1.2447786632747884,-0.6098004088094916,1.686684585560347,-0.8947258101414247,1.2406472727013842,0.20577338583074262,0.7370000537818207,-0.3822739917807313,0.4676341543360099,0.4112925430378486,-0.41013649300499144,0.21130665032021156,0.29849998407882133,-0.539815116997226,1.877133508595149,1.3380898722512544,1.4515418357880137,2.296820827577809,1.8783958739426958,-2.7178205555895922,0.9573547009306729,1.8388128923824756,-1.4291968438836786,0.10469674236826573,0.3008681017910979,0.2917287508708385,0.6064650463986668,1.644593154518479,-0.36596818110002033,1.198184423690193,-2.7865419753441785,0.531901597721868,-0.9403266296770063,-0.23002841702414728
-2.7530605956662666,-1.577188815686439,0.8585064882388925,-0.5731676342436137,1.85241859056654,-0.8847729203054377,-0.7129241513729464,0.04133319536868755,-0.48360805129123474,0.2887959724085478,-1.287557414567865,-2.576041085627012,-0.8726839639475182,1.4804944135456983,1.2563887387511863,-2.7572422904107747,1.2726891815550185,-3.242968418385021,1.3803336150467738,-2.507650214742033,-0.3320378773255232,-1.4919511655326976,0.641870886918516,-0.952660696033612,-0.9188668789966167,0.6699792532052063,-1.2445963278960173,-2.020113859236315,1.2516322539636566,-4.152644562658023,-2.544617511111377,-3.026679183834185,-4.3608614247812225,-3.1183513180016926,5.395912292164812,-1.5611820343614708,-2.8325362378288688,2.2568374910933473,0.20307365081217568,-0.463960614103293,-0.8999708922331391,-1.0084082199791318,-3.87673169473922,0.544735964934105,-1.7744162462572257,5.503499993826592,-1.9443947627839295,1.1202406344657674,0.8342446639160359
-1.6871069286032339,-1.158479691106461,0.6286845867210491,-0.44147045922247935,1.1411401765393923,-0.2597223440545282,-0.44110828534742696,0.4390741792938934,-0.27744610087477467,-0.12396591070006104,-1.2716251671317202,-1.5603344022666032,-0.939062292250545,1.2563887387511863,1.3707001503822036,-1.6628235747429534,0.9325625103300216,-2.2850529380227806,1.2120256725240144,-1.6945599121261208,-0.26239384526210563,-1.0232161152331996,0.6032488093719045,-0.7019494165987252,-0.5877209813136907,0.6237901176031723,-0.23741916665854704,-0.36882609178555875,0.5741490224764059,-2.4787932634123844,-1.7797369737211226,-1.8238341956566007,-2.937159914550529,-2.587844280927928,3.664736324780934,-1.3515555932554015,-2.4956778486224565,1.9765272237857086,-0.1857153547588962,-0.5214416800113449,-0.3000210409897583,-0.78746572556285,-2.273355067612868,0.35709176566918865,-1.581061212469707,3.747282542193579,-0.4894096082674687,1.2116971529242144,0.34182396312816954
7.4084641479127775,3.564266383336893,-2.1180272385064858,1.0944821056634035,-5.027185943081222,3.2983849874118327,2.048230133122706,0.9700344179282272,1.501205302356202,-1.3453179573300664,1.5595497072643085,6.459931623463352,1.2447786632747884,-2.7572422904107747,-1.6628235747429534,7.330548318968834,-2.898356391673935,7.886533638548304,-3.0791356149257343,6.201656650117466,0.6699888936567867,3.4430218513446342,-0.9714939142382413,2.5137956229970357,2.425629532041646,-1.1063625263664585,4.464559852055429,6.81377953553497,-3.825865084432245,11.254253209232527,6.163277980567243,8.206081225595698,11.000172901261035,6.831295004151857,-13.061647784277442,2.709913443148572,5.813516821589001,-4.565885776303442,-1.4421659020338018,0.46939228485390044,2.917487324739015,2.385063612449598,10.378905044652345,-1.2387588453183023,3.5044571887341385,-13.570004308920543,7.018173504931692,-2.0374896654974024,-2.4528346832370747
-2.979597814539971,-1.4898664584072387,0.8168307681891928,-0.6367657649449707,1.8361185731339758,-1.1205965846214374,-0.7276883604524453,-0.16170017668877296,-0.5737190428878584,0.46212371109158834,-1.1523884979359522,-2.6471939274351617,-0.6098004088094916,1.2726891815550185,0.9325625103300216,-2.898356391673935,1.4468379526384636,-3.249596690629352,1.0676471482087464,-2.47854818942082,-0.2553588177051366,-1.6071758806506267,0.5664500861669113,-0.8551011973346131,-0.924615632408785,0.7441345837678881,-1.3972482996522873,-2.7152794194716803,1.3896575032088188,-4.300431259269247,-2.6342745432658,-3.0862487314474736,-4.2637884240183235,-2.687091602275852,5.24163125812252,-1.4289174153872064,-2.3559430308049003,2.0199754677784125,0.40088805967707136,-0.570032042217522,-1.2220547058386702,-0.8280357118038262,-4.041258253508857,0.7452168993192355,-1.444123121434473,5.470342662488605,-2.6049114188721627,0.8303288092715223,0.9295641438975821
7.9971068614167935,3.9972023275598914,-2.3783966226157545,1.2422957246910977,-5.443386051267407,3.33956877457301,2.2285265398960483,0.6970065100058475,1.6224843650749836,-1.1992151577137025,2.044616442325811,6.940156421057739,1.686684585560347,-3.242968418385021,-2.2850529380227806,7.886533638548304,-3.249596690629352,8.781080556674798,-3.6477239734128077,6.8224718122142525,0.7814992863013595,3.7956477198895953,-1.2045460437334843,2.836573588710542,2.6277078521046575,-1.3581213310405869,4.374858306175766,6.58042455276785,-3.9746092785247304,12.10784572198231,6.841979215905884,8.848102404527683,12.115335986564077,7.958640093600523,-14.389412058721147,3.2314995114258416,6.928747266583121,-5.430834317290658,-1.3040477030227933,0.6684179706802914,2.931706886849056,2.7339964031759636,11.1100781036048,-1.3617947192285764,4.204469031679396,-14.968239498392592,7.0175501521160095,-2.662629912896912,-2.4818951977871864
-3.2197979060268853,-1.5875220522002356,1.1522472838417872,-0.25451036270224703,2.5181028507903678,-1.4007369689493525,-1.0347750489001262,-0.16961756535658168,-0.7965267052874283,0.07274558413602439,-0.333830060946156,-2.3717785303737595,-0.8947258101414247,1.3803336150467738,1.2120256725240144,-3.0791356149257343,1.0676471482087464,-3.6477239734128077,2.2879796183273546,-2.866873136520075,-0.31795948930469464,-1.163027367447723,0.4240995724675053,-1.6694351852652447,-1.201936581436047,0.2979823067038626,-1.6219021077025817,-1.227181672989133,1.4330754764888585,-4.947209711929853,-2.635939844526085,-3.6537058664915296,-5.1462464615171,-4.174340097994597,5.851320184378997,-1.0140639507697469,-3.6749018645920963,2.571064750188412,0.4473295499858792,0.01631796014528222,-0.652730034006824,-1.4870245244700608,-4.384415676438641,-0.08320302888678369,-2.153365308485172,6.172000155452113,-2.05868156518943,1.7408855816305795,0.8328993947744141
6.285665042846216,3.102237527834159,-1.8644060222184191,0.9320423907247848,-4.327334014106527,2.6921526885394904,1.7521920610868769,0.6583172312290999,1.2826609425402813,-0.9782483472932989,1.4589656779999156,5.440214723092539,1.2406472727013842,-2.507650214742033,-1.6945599121261208,6.201656650117466,-2.47854818942082,6.8224718122142525,-2.866873136520075,5.354775183567205,0.5940904803834745,2.9141752005323416,-0.9021264605935035,2.2506457985651034,2.08926299353279,-0.9723278582500259,3.608565119559277,5.290963636065953,-3.1518049065457245,9.543687287244891,5.291922523078845,6.968969505713787,9.4752631832506,6.197857693379257,-11.264794498168254,2.4211125887411855,5.350891435376826,-4.144478540546841,-1.0954511892458625,0.43669237222608676,2.301184765432498,2.146426596061088,8.784119455894894,-0.9429499936019723,3.2333218945273625,-11.691227486881601,5.566204008106948,-1.9998982156460134,-2.0158192238645345
0.6216992270820785,0.3641440008686781,-0.19203147410250462,0.12440434690230326,-0.4685147799629708,0.2190748492852832,0.1518689825387352,0.011005286643094454,0.13605382631527768,-0.11460496086369094,0.2681281895491996,0.6767597982066634,0.20577338583074262,-0.3320378773255232,-0.26239384526210563,0.6699888936567867,-0.2553588177051366,0.7814992863013595,-0.31795948930469464,0.5940904803834745,0.14235635026834825,0.34693784004095507,-0.15733318990312978,0.26474853153549777,0.20387833180957687,-0.13161335269614696,0.370879840913258,0.5379829116316995,-0.2855608998762023,1.0548638861300004,0.5718269381305332,0.7472538604755691,1.071677225455403,0.725920916505671,-1.3665504066981276,0.3959202337259274,0.6479341105272228,-0.5307799535908216,-0.04532393045139928,0.018700811143636527,0.16884232049822306,0.2735848260361871,0.981752862465229,-0.1442202479964574,0.4027999613721556,-1.3499625932195591,0.48256932832488253,-0.22372429802455177,-0.18551191262949923
3.4319741756588056,1.8181178614106577,-0.9297433678148205,0.7322903226328826,-2.116250161912323,1.2794253707073633,0.8626940644807763,0.21886176551365996,0.5749418823609481,-0.6707799601188741,1.4066590030590902,3.262208443826054,0.7370000537818207,-1.4919511655326976,-1.0232161152331996,3.4430218513446342,-1.6071758806506267,3.7956477198895953,-1.163027367447723,2.9141752005323416,0.34693784004095507,1.9165509555415552,-0.6461535654842426,0.8987156588168491,1.053470079833707,-0.8330364937361998,1.7745338653258897,3.4556821235541593,-1.747140737632353,5.117815961647737,3.0971685339049286,3.725597342940075,5.125073356786076,3.0290331909517842,-6.284999502153224,1.7413673613751401,2.6775910534012026,-2.3032341773450136,-0.4909341752065264,0.5883966661510981,1.517232113843736,0.9756706033818374,4.791465730299224,-1.0080527796870722,1.6916029335461797,-6.470879250410957,3.23233857977484,-0.898992886709823,-1.128608218944141
-0.9588550678645414,-0.600680474219773,0.2830068721699232,-0.30659278190594447,0.5938552317059268,-0.19343820687949992,-0.1757520809224907,0.12847963653898548,-0.16401802227679488,0.07246530682026722,-0.7443253210101635,-1.0040482123561594,-0.3822739917807313,0.641870886918516,0.6032488093719045,-0.9714939142382413,0.5664500861669113,-1.2045460437334843,0.4240995724675053,-0.9021264605935035,-0.15733318990312978,-0.6461535654842426,0.35447189541427343,-0.29821226422825825,-0.31054043445375845,0.38728455070839124,-0.2824030320890739,-0.7217493015928655,0.3316077253552129,-1.4090984063166825,-0.9571185277585956,-0.9752753585898102,-1.4987058904840878,-1.1149026079994622,2.022328658830782,-0.7891840455073099,-1.0446208321619757,0.9313224087868947,-0.045018471314285026,-0.32773550949666524,-0.2798224892788804,-0.3236580950441297,-1.3739072469192863,0.30020582339978596,-0.6606077574455737,2.0212430912127943,-0.5012840520177374,0.38881469366577526,0.27399398063874963
2.651724032113408,1.11612114585932,-0.8769970831577942,0.20067472297714123,-2.108771333703284,1.3172522176545287,0.7672763525351717,0.3702594256668969,0.7748280485894512,-0.17989766477055869,0.007533269891288937,1.9412633361173222,0.4676341543360099,-0.952660696033612,-0.7019494165987252,2.5137956229970357,-0.8551011973346131,2.836573588710542,-1.6694351852652447,2.2506457985651034,0.26474853153549777,0.8987156588168491,-0.29821226422825825,1.4154665823937818,0.9781096980446228,-0.17026174666573932,1.5949206633146378,1.4346345082975773,-1.1168445151994861,4.0730742676864065,1.9805890707225897,2.892177218011449,3.9252223843188907,3.0712676577393694,-4.595398843203575,0.6569112887669207,2.5721903748727715,-1.817006560265309,-0.4965594225110468,-0.12330289351418282,0.5433862461294511,1.1227207241128445,3.703865912476789,0.17782143483521354,1.4283566032416621,-4.8347452345251245,1.895006449301854,-1.0687009355138082,-0.760043416141521
2.4992488404758264,1.1533806646879405,-0.7476042716811967,0.310970439110679,-1.7681413025848773,1.1505571918486739,0.6995524466396628,0.34186067913239715,0.5603488234260819,-0.3497563155125403,0.36152467404319577,2.036902331296375,0.4112925430378486,-0.9188668789966167,-0.5877209813136907,2.425629532041646,-0.924615632408785,2.6277078521046575,-1.201936581436047,2.08926299353279,0.20387833180957687,1.053470079833707,-0.31054043445375845,0.9781096980446228,0.8630575298291546,-0.3101802181187539,1.4868011038943054,1.9950408665186452,-1.2156550918260884,3.767566739308797,2.000455413500207,2.730427485364087,3.6677999817649134,2.4666341015587028,-4.323798092862632,0.8009500479527152,2.0851325042192808,-1.5756274258431007,-0.48719103801258334,0.11089550894627594,0.8490209777381216,0.8614688813754274,3.465156366531248,-0.2179038255392569,1.2196929778103125,-4.520759735868493,2.163401714369861,-0.7886841414920666,-0.80673302328143
-1.1127315021715118,-0.7022512355401224,0.28835624503335167,-0.4022874599042625,0.5347108458949918,-0.19946624908637559,-0.2132927098558775,0.17738004746338054,-0.13025454767616415,0.13437938482431272,-0.9632395542535451,-1.1503686569313767,-0.41013649300499144,0.6699792532052063,0.6237901176031723,-1.1063625263664585,0.7441345837678881,-1.3581213310405869,0.2979823067038626,-0.9723278582500259,-0.13161335269614696,-0.8330364937361998,0.38728455070839124,-0.17026174666573932,-0.3101802181187539,0.5495679303634101,-0.18871909498616782,-1.0122452953731542,0.4519531149181489,-1.5253273822259341,-1.1826037592374123,-1.0886582744020634,-1.6609539078502062,-1.0383502291214648,2.163165056669154,-0.9364942815116846,-1.0146463170968014,1.0124476505120654,-0.032546761835871116,-0.5284811232547074,-0.5094704852167831,-0.2547320023124387,-1.4616219425859556,0.5933216768738784,-0.6711787610788167,2.229228150968743,-0.8113278697594093,0.40421151025698376,0.2956247394968637
4.464746999711408,1.850444232384955,-1.1951369827985847,0.445111991139484,-3.24203244547653,2.441854234861864,1.2386217062455382,1.2210496631869927,1.0217921807658152,-1.1610957611259656,0.05937748241687275,3.8892110420069526,0.21130665032021156,-1.2445963278960173,-0.23741916665854704,4.464559852055429,-1.3972482996522873,4.374858306175766,-1.6219021077025817,3.608565119559277,0.370879840913258,1.7745338653258897,-0.2824030320890739,1.5949206633146378,1.4868011038943054,-0.18871909498616782,3.640189330737202,5.053525008889695,-2.509594849056306,7.009135282076728,3.296039962082785,5.0537919861836125,6.3499998307289705,3.514874886973832,-7.554971237674852,0.9751413388723665,2.7011302461270983,-1.9694320614270258,-1.3063756625048697,-0.2947423887969749,1.8712807334956454,1.3682620128890008,6.552876313990301,-0.3376481630621285,1.5468355409897097,-7.76684726089347,4.943043537005772,-0.5601067047046017,-1.744670544144077
6.697884255012194,3.018517332059552,-1.5219493116585008,1.2095582878428868,-4.15942724345105,3.2649812642074365,1.6256778928828717,1.6102095031467192,1.1882334036947666,-2.178182699766443,1.4810661428651344,6.511530240578985,0.29849998407882133,-2.020113859236315,-0.36882609178555875,6.81377953553497,-2.7152794194716803,6.58042455276785,-1.227181672989133,5.290963636065953,0.5379829116316995,3.4556821235541593,-0.7217493015928655,1.4346345082975773,1.9950408665186452,-1.0122452953731542,5.053525008889695,9.322109701350481,-3.9161754216900415,10.20436173673857,5.402928879195318,7.34246328155609,9.235336893447924,4.0319847209223685,-11.393903250551485,2.356926659528758,3.090508465310654,-2.8133104152713497,-1.8113296427150625,0.46057411293577155,3.6256795457904394,1.433733288078694,9.750460770743075,-1.809516285326164,1.9175639645573643,-11.630389451798479,8.19240463729495,-0.17927793841384612,-2.7429545385642955
-3.822886655590375,-1.8535789270617382,1.0679480462523634,-0.48842676313354433,2.528851962533171,-1.8035156977845814,-1.1577024800319582,-0.6420428841874137,-0.6681267806584644,0.8730620527621288,-0.6232034300403562,-3.356183905110015,-0.539815116997226,1.2516322539636566,0.5741490224764059,-3.825865084432245,1.3896575032088188,-3.9746092785247304,1.4330754764888585,-3.1518049065457245,-0.2855608998762023,-1.747140737632353,0.3316077253552129,-1.1168445151994861,-1.2156550918260884,0.4519531149181489,-2.509594849056306,-3.9161754216900415,2.2538377277632353,-5.8653070344300735,-3.196302623172733,-4.39818644333144,-5.760260260442353,-3.2226893916177,6.598524474800919,-1.1970143938802822,-2.723949324646827,2.090827465355131,0.9164607940625602,-0.12521080831221348,-1.781183892801801,-1.165402819212581,-5.327567468328869,0.7920346618916048,-1.6913639915974366,6.895019435600407,-4.169301016394742,0.9371713330147192,1.3278708124434477
11.386052244582519,5.406071428367779,-3.300885422799857,1.5544793294057087,-7.884608701976632,5.189030989804294,3.1940663553471227,1.5801510374973287,2.3982335910634784,-2.021629413841734,2.036278915370396,9.811593808403165,1.877133508595149,-4.152644562658023,-2.4787932634123844,11.254253209232527,-4.300431259269247,12.10784572198231,-4.947209711929853,9.543687287244891,1.0548638861300004,5.117815961647737,-1.4090984063166825,4.0730742676864065,3.767566739308797,-1.5253273822259341,7.009135282076728,10.20436173673857,-5.8653070344300735,17.407166985588663,9.355270982398583,12.686010443283893,16.970338428381098,10.687367987630836,-20.06167070258507,3.951588587944156,9.05762623095613,-7.001638374419492,-2.2800784392003997,0.4814183433964932,4.324557307055169,3.7951979266262454,16.00361721410735,-1.65645787600316,5.4157728728009475,-20.8530687843961,10.720706076622946,-3.2214459041309667,-3.745062324085423
6.231014046601241,3.1904608602182694,-1.8146031480470317,1.0491172061456424,-4.07837042287665,2.5207310348483074,1.7393663804244095,0.482281169711914,1.153221231640352,-1.010796703492872,1.8494009203648076,5.4968554332093325,1.3380898722512544,-2.544617511111377,-1.7797369737211226,6.163277980567243,-2.6342745432658,6.841979215905884,-2.635939844526085,5.291922523078845,0.5718269381305332,3.0971685339049286,-0.9571185277585956,1.9805890707225897,2.000455413500207,-1.1826037592374123,3.296039962082785,5.402928879195318,-3.196302623172733,9.355270982398583,5.455011762926154,6.890128753997327,9.439780968650927,5.979839190740098,-11.177735253511393,2.645595149263993,5.251795872106145,-4.200860142716891,-1.0029759753411112,0.6997813626286074,2.499656955059671,2.0117859629020503,8.578520771363369,-1.3449974104475186,3.243188358289198,-11.64775274552732,5.679654599658731,-2.016867388436146,-1.9482110739035887
8.275892194689664,4.019394586320784,-2.4270137857341982,1.0937169523201125,-5.700281135118107,3.743870655076225,2.404561503984074,1.09770080065149,1.6555950898224936,-1.478000287403749,1.5055761347952925,7.136881560564677,1.4515418357880137,-3.026679183834185,-1.8238341956566007,8.206081225595698,-3.0862487314474736,8.848102404527683,-3.6537058664915296,6.968969505713787,0.7472538604755691,3.725597342940075,-0.9752753585898102,2.892177218011449,2.730427485364087,-1.0886582744020634,5.0537919861836125,7.34246328155609,-4.39818644333144,12.686010443283893,6.890128753997327,9.346600441332162,12.524337625430976,7.838738588289122,-14.631512697573841,2.866231766451727,6.703118351109972,-5.134103804841022,-1.66699397315098,0.3380744872988345,3.2334682720392687,2.7935236768892424,11.578657046416648,-1.3071042323891144,4.057080729499712,-15.235886105652934,7.909693421113163,-2.483816663696227,-2.70239232965521
11.077881870329112,5.57852157853244,-3.3225197347635085,1.5599188256839498,-7.616461876474579,4.756544834000426,3.217928030945665,1.1194973275084512,2.1682125947887263,-1.7746339642294893,2.491073017851124,9.625784676674957,2.296820827577809,-4.3608614247812225,-2.937159914550529,11.000172901261035,-4.2637884240183235,12.115335986564077,-5.1462464615171,9.4752631832506,1.071677225455403,5.125073356786076,-1.4987058904840878,3.9252223843188907,3.6677999817649134,-1.6609539078502062,6.3499998307289705,9.235336893447924,-5.760260260442353,16.970338428381098,9.439780968650927,12.524337625430976,17.044150972033638,11.01528680653087,-19.973433100418333,4.236264920933378,9.58055472572635,-7.374964330732323,-1.9661233041168864,0.6643415926699034,4.161893692599286,3.8732632250478796,15.455399597777284,-1.8562511920944404,5.843152081277042,-20.76957855382977,10.071617407677802,-3.7328121325365125,-3.4903708787396637
7.020406478481227,3.5775535794457602,-2.3239882991300123,0.904101945393273,-5.1249815648640835,2.8522098405253504,2.078126012891234,0.3242982275755638,1.5585255084495868,-0.5199063071450516,1.5661493244782254,5.70616047057365,1.8783958739426958,-3.1183513180016926,-2.587844280927928,6.831295004151857,-2.687091602275852,7.958640093600523,-4.174340097994597,6.197857693379257,0.725920916505671,3.0290331909517842,-1.1149026079994622,3.0712676577393694,2.4666341015587028,-1.0383502291214648,3.514874886973832,4.0319847209223685,-3.2226893916177,10.687367987630836,5.979839190740098,7.838738588289122,11.01528680653087,8.2709097032042,-12.910399262095595,2.757162731699336,7.306961204287589,-5.411097288831868,-0.9171438970606671,0.4011797181265727,1.921858037782652,2.861786031437466,9.666024932753414,-0.5410076738250046,4.373139176193344,-13.481577539051768,5.047936511257876,-3.1912109650550815,-1.9641849642588394
-13.102181489447654,-6.62111842263174,3.85876183969804,-2.0623291833713595,8.99091781723088,-5.482888653982811,-3.59589978790053,-1.2790094218398929,-2.6033711875439205,2.163593037872711,-3.4435042341456357,-11.7041412836441,-2.7178205555895922,5.395912292164812,3.664736324780934,-13.061647784277442,5.24163125812252,-14.389412058721147,5.851320184378997,-11.264794498168254,-1.3665504066981276,-6.284999502153224,2.022328658830782,-4.595398843203575,-4.323798092862632,2.163165056669154,-7.554971237674852,-11.393903250551485,6.598524474800919,-20.06167070258507,-11.177735253511393,-14.631512697573841,-19.973433100418333,-12.910399262095595,23.945907162759074,-5.426408273486719,-11.197110395393699,8.785470449675888,2.179388967458709,-0.9777861537964407,-4.852832793032708,-4.487145053967472,-18.513875861511757,2.23739097824304,-6.823581898672406,24.70387023554928,-11.658116212080682,4.0937049418617795,4.232411560590775
2.6195643299349687,1.6638625361747317,-0.7516502714699046,0.7489072114859934,-1.5678029263750828,0.6375535442040495,0.5906494320269672,-0.21718068961563147,0.3500832120262707,-0.3902377718438182,1.8288927192656375,2.7880374960783865,0.9573547009306729,-1.5611820343614708,-1.3515555932554015,2.709913443148572,-1.4289174153872064,3.2314995114258416,-1.0140639507697469,2.4211125887411855,0.3959202337259274,1.7413673613751401,-0.7891840455073099,0.6569112887669207,0.8009500479527152,-0.9364942815116846,0.9751413388723665,2.356926659528758,-1.1970143938802822,3.951588587944156,2.645595149263993,2.866231766451727,4.236264920933378,2.757162731699336,-5.426408273486719,1.9702863290039774,2.600671069199122,-2.306306171186524,-0.05076706765887068,0.7457385091161902,1.0340639533358844,0.8447604791487795,3.740987907722968,-1.0173497405301553,1.7026270475936716,-5.459066788299738,1.9599182977099374,-0.9782969683068676,-0.7872023637550639
5.950535468718293,3.1997867448519455,-2.0172414912335865,0.82209177256774435,-4.298444537664233,2.239801512155385,1.791444238502507,0.0379523550228977,1.2400399744720954,-0.33879739452907537,1.6629852339273,4.904649966867953,1.8388128923824756,-2.8325362378288688,-2.4956778486224565,5.813516821589001,-2.3559430308049003,6.928747266583121,-3.6749018645920963,5.350891435376826,0.6479341105272228,2.6775910534012026,-1.0446208321619757,2.5721903748727715,2.0851325042192808,-1.0146463170968014,2.7011302461270983,3.090508465310654,-2.723949324646827,9.05762623095613,5.251795872106145,6.703118351109972,9.58055472572635,7.306961204287589,-11.197110395393699,2.600671069199122,6.575747161470853,-4.899660433904018,-0.6224226735377487,0.49017453895950863,1.5986545906317255,2.501961251912146,8.13968563589887,-0.6137493806391494,3.9919314567878086,-11.682187618883685,4.055697145473341,-2.9924785597954733,-1.5854210915935631
-4.64917635346421,-2.5408452791581615,1.502122456876758,-0.7971403293817196,3.192188855622472,-1.6444311654145918,-1.304174623555038,0.0393882651131878,-0.9239144653083391,0.3540102705593807,-1.6634347155715,-4.010460835890823,-1.4291968438836786,2.2568374910933473,1.9765272237857086,-4.565885776303442,2.0199754677784125,-5.430834317290658,2.571064750188412,-4.144478540546841,-0.5307799535908216,-2.3032341773450136,0.9313224087868947,-1.817006560265309,-1.5756274258431007,1.0124476505120654,-1.9694320614270258,-2.8133104152713497,2.090827465355131,-7.001638374419492,-4.200860142716891,-5.134103804841022,-7.374964330732323,-5.411097288831868,8.785470449675888,-2.306306171186524,-4.899660433904018,3.8398620063882802,0.4184449229497288,-0.6331695684782896,-1.3909736703313957,-1.8043576857314771,-6.360448828137149,0.8046559056177602,-2.99871646778082,9.135959304647058,-3.274900725487744,2.16843832427422,1.2494992018917275
-1.4931304108600656,-0.5055373159639165,0.3739449554154435,-0.07156473151538735,1.0514732872356638,-0.952033744287412,-0.45202175945610973,-0.5564836865617642,-0.35787268678560635,0.4396354281752191,0.2894260638177499,-1.145018301215505,0.10469674236826573,0.20307365081217568,-0.1857153547588962,-1.4421659020338018,0.40088805967707136,-1.3040477030227933,0.4473295499858792,-1.0954511892458625,-0.04532393045139928,-0.4909341752065264,-0.045018471314285026,-0.4965594225110468,-0.48719103801258334,-0.032546761835871116,-1.3063756625048697,-1.8113296427150625,0.9164607940625602,-2.2800784392003997,-1.0029759753411112,-1.66699397315098,-1.9661233041168864,-0.9171438970606671,2.179388967458709,-0.05076706765887068,-0.6224226735377487,0.4184449229497288,0.5818983507040808,0.16704600343043396,-0.7292758138358979,-0.382110697373796,-2.0919360852244013,0.08646544599994106,-0.32069014411078967,2.3280318442103782,-1.9252445852387734,0.08468459541589096,0.5982860625925719
0.5080725141766522,0.4215872089204194,-0.10204240706860196,0.34967962092368593,-0.04064513409084943,-0.11775115476935807,0.03068865238479881,-0.29146937281608704,-0.034161852492854576,0.007333353481717562,0.9419505405822598,0.5774132143713835,0.3008681017910979,-0.463960614103293,-0.5214416800113449,0.46939228485390044,-0.570032042217522,0.6684179706802914,0.01631796014528222,0.43669237222608676,0.018700811143636527,0.5883966661510981,-0.32773550949666524,-0.12330289351418282,0.11089550894627594,-0.5284811232547074,-0.2947423887969749,0.46057411293577155,-0.12521080831221348,0.4814183433964932,0.6997813626286074,0.3380744872988345,0.6643415926699034,0.4011797181265727,-0.9777861537964407,0.7457385091161902,0.49017453895950863,-0.6331695684782896,0.16704600343043396,0.6376358114886688,0.32721492434423666,-0.01293971195419,0.5180714230470123,-0.541095353104472,0.3623173597157259,-1.0271227888244836,0.19952017804539998,-0.23972147932968668,-0.10584716799618467
2.908605999202672,1.4053181137650226,-0.7097187437797887,0.509163595719351,-1.7038228070720298,1.3281371279578762,0.8117237871221717,0.517773626686629,0.4260405968489785,-0.8306172395343339,0.7449434185759138,2.6861045845544065,0.2917287508708385,-0.8999708922331391,-0.3000210409897583,2.917487324739015,-1.2220547058386702,2.931706886849056,-0.652730034006824,2.301184765432498,0.16884232049822306,1.517232113843736,-0.2798224892788804,0.5433862461294511,0.8490209777381216,-0.5094704852167831,1.8712807334956454,3.6256795457904394,-1.781183892801801,4.324557307055169,2.499656955059671,3.2334682720392687,4.161893692599286,1.921858037782652,-4.852832793032708,1.0340639533358844,1.5986545906317255,-1.3909736703313957,-0.7292758138358979,0.32721492434423666,1.6496891047953839,0.6452514556420776,3.999487869302063,-0.9414097697860371,1.0352274878904235,-5.0801677773307325,3.5322721384166984,-0.39951342608460544,-1.0770685131295648
2.424547937658987,1.2126359949987024,-0.8110882899889112,0.24448849150685284,-1.8407278679001888,1.0627341169159863,0.7475162056545966,0.196519630588943,0.5589065055911324,-0.22439937002872623,0.3501516548851305,1.976609189790585,0.6064650463986668,-1.0084082199791318,-0.78746572556285,2.385063612449598,-0.8280357118038262,2.7339964031759636,-1.4870245244700608,2.146426596061088,0.2735848260361871,0.9756706033818374,-0.3236580950441297,1.1227207241128445,0.8614688813754274,-0.2547320023124387,1.3682620128890008,1.433733288078694,-1.165402819212581,3.7951979266262454,2.0117859629020503,2.7935236768892424,3.8732632250478796,2.861786031437466,-4.487145053967472,0.8447604791487795,2.501961251912146,-1.8043576857314771,-0.382110697373796,-0.01293971195419,0.6452514556420776,1.040244176410609,3.4059809721975545,-0.12197734877496602,1.4871533648190087,-4.669379281776938,1.849594483362965,-1.0845850778231094,-0.6927771465282665
