V1,V2,V3,V4,V5,V6,V7,V8,V9,V10,V11,V12,V13,V14,V15,V16,V17,V18,V19,V20,V21,V22,V23,V24,V25,V26,V27,V28,V29,V30,V31,V32,V33,V34,V35,V36,V37,V38,V39,V40,V41,V42,V43,V44
2.8914302109097063,-0.6228278719526029,-0.8019605737048744,1.7057564475668545,2.448727098231027,-0.4630657876913209,1.838577626193421,-4.258428677995259,-3.071506585280694,1.7215095670265324,-0.6532181877451542,-2.163942711500146,-0.5212598977461746,2.7393804313586667,1.8197498616734156,3.8009171166274256,-0.08530783768957265,0.8390904168747121,-0.18955678641289428,-2.154683893194643,1.375731271524846,-1.0067770492183694,2.3852757581953705,-0.25456125914694383,-2.517180131011905,1.394607573912526,-0.9461630113235788,1.0061006318063737,-0.8095989010797009,-1.8258389755334798,-3.220986404297885,0.6274866010460061,-3.031542492291955,-0.2508349718233029,2.479859583949193,0.8773583862347409,-2.1914128926330605,0.5012356007469827,-0.08263627806993244,1.8691990674384273,1.1696984552654335,-1.2249510730685618,1.204333084720943,-2.5465937202455238
-0.6228278719526029,1.112469119546909,0.9890378383868369,-1.1722071837372996,-1.1626007937836738,1.0275806019685756,-1.1558146946743635,2.3191046661842862,2.0231989989900696,-1.7161088014560835,-0.2724258384491127,1.4225861137551108,0.1857745846009873,-1.5323428955178395,-1.69203670769491,-3.3038007272262915,-0.5549618097501191,-0.34649007100844786,0.2335355976044211,1.2429218240196702,0.1283881680214513,0.6480312612951199,-2.1932908646316336,-0.2992466156698715,1.209207909509656,-0.7024936676959084,0.5641671319196463,-0.7966216519630754,-0.14058128232950895,1.930005315489719,1.391788169145229,0.12509938723919406,1.3860353374862802,0.1571791431278825,-1.030381570501648,-0.35998424916303295,1.3258527793753287,-0.08166666484396783,1.0108445373942674,-1.4133371360198899,-1.2024955148376557,1.7731070007674552,-0.2142500762002991,1.2909925500219426
-0.8019605737048744,0.9890378383868369,1.7131399526471245,-1.8091395318402694,-2.086662130224819,0.07318151595201279,-1.8618570916211472,3.1942879486558677,2.621696019082741,-2.229837614120738,-0.2560773267233056,1.791854339225376,0.06858800143433756,-1.9800483954528119,-2.5832796779828757,-3.7887925847146087,0.16083581462423363,-1.2498211779707946,0.1800041153549601,1.679602469416784,-0.41649487427727294,0.9482536433782228,-2.4059386366891355,-0.09051634944672936,1.8216188332149819,-1.037639056378912,1.2731193351142778,-0.6718767169992906,-0.3095078561511801,2.1315780000692914,2.5445925940586225,-0.10743457032587544,2.8681712405784054,0.3713374150189365,-1.6030114032911609,-0.64208264016471694,1.788114916359877,-0.3141438253207864,0.3989706492159349,-1.5351549001494436,-1.6972180973383122,1.8183762224647053,-0.9479803439123665,1.9624081745821673
1.7057564475668545,-1.1722071837372996,-1.8091395318402694,2.3784618201177796,2.922445135813775,-0.3500042016532905,2.4583098217955888,-4.442348824252964,-3.368802350981985,2.7554479719209555,0.06666127425594162,-2.358365394505624,-0.34846779490017266,2.7785578431870035,3.0233325847073766,4.833309067349496,-0.23315132278491296,1.2570637128822921,-0.045068570027279875,-2.312692961124456,0.8872508443188547,-1.325045585883932,3.107544331002327,0.09367608604463507,-2.506941231083967,1.3995523068253286,-1.4109038016505488,1.1121312428989238,0.07858006935170249,-2.6522205159931858,-3.485899103811285,0.32519132782715265,-3.463708338663583,-0.4154774329525305,2.3280343947390896,0.9508182536536659,-2.3307438929542448,0.34927660925357723,-0.3323281387554255,2.075020916323302,2.085282924125396,-2.30160340973604,1.2070317540629538,-2.6421395075938143
2.448727098231027,-1.1626007937836738,-2.086662130224819,2.922445135813775,4.209237854310456,0.13777653053267805,3.0452101389942143,-5.750375362088463,-3.7838761983221154,3.5614810118867473,-0.4491113536291517,-2.8781382737953827,-0.5168838032592141,3.736883483655634,3.279553044607346,5.824012598792404,-0.863434965040855,1.3544886898024382,0.09156008425021371,-2.903164861705477,1.6652583618121606,-1.5722079367647956,3.599071906728807,0.04130601743312436,-3.225076753227151,1.659466301977993,-1.7197942031443014,1.6765262187447514,-0.2521598381507165,-3.055764093177982,-4.541185753571954,0.7222502637880909,-4.42486798768499,-0.42559492098644985,3.0654239327665493,1.439805945497075,-2.6875493803167108,0.6014136738444031,0.10968557797350928,2.43439419060007,2.754679972880464,-2.4937574661869353,1.6972219750811397,-3.843686640459626
-0.4630657876913209,1.0275806019685756,0.07318151595201279,-0.3500042016532905,0.13777653053267805,2.378025399456563,-0.2956170665738933,1.2248492239736444,1.1922017930214588,-1.0127015054523227,-0.33373388256763015,0.7989450962780575,0.210196011590143,-0.903371238523763,-0.6114128458068544,-2.5777103599917424,-1.4471381492628814,1.0172353620714112,0.22104247469873797,0.5384361489885974,0.8129491102483458,0.27525784321665653,-1.844720132325469,-0.4423694652269222,0.20040912658762136,-0.16676425040297208,-0.39634074474109743,-0.7962520401068202,0.20543917201344528,1.585602371688384,-0.15730883782287883,0.3490600313549016,-0.7878048645891921,-0.23695563453000806,-0.08173147755166228,0.029169149311325263,0.7688830181431723,0.21544550534669693,1.70682101515449,-1.5122503368029563,-0.47355560526386037,1.7493826634147374,0.9275310839190408,0.37273948005873075
1.838577626193421,-1.1558146946743635,-1.8618570916211472,2.4583098217955888,3.0452101389942143,-0.2956170665738933,2.6075381239253255,-4.617757765672011,-3.397854721794755,2.8385832536067648,0.03164636653303551,-2.4394807920298343,-0.34234407411837053,2.934133872521987,3.120771387252039,4.912689494907385,-0.33112585349474555,1.2261225146984274,-0.04190775473546251,-2.3678407954140224,0.9690197346573756,-1.3979367048066398,3.1971508538797244,0.08243209588426248,-2.588761457244075,1.366586514421847,-1.4443767145859268,1.1096142872840093,0.08237071046182007,-2.7219711480643634,-3.7101074075295766,0.42555282136040407,-3.571855000140507,-0.49587914567727154,2.4138837395125434,1.0415128616274705,-2.429257033425077,0.3248639263014873,-0.2378166577538004,2.150185670139058,2.143456810318569,-2.3742548775305683,1.248624740604664,-2.765951241735085
-4.258428677995259,2.3191046661842862,3.1942879486558677,-4.442348824252964,-5.750375362088463,1.2248492239736444,-4.617757765672011,9.45068353287951,6.850679811680795,-5.514564989480656,0.4076101140309264,4.971713811076776,0.7480737578346077,-6.110654580756453,-5.416295509835929,-10.202879923534185,0.1484753308525753,-1.9895512108957922,0.3017263332640672,4.773632170582536,-1.9364970194008466,2.442706187090709,-6.438176237580504,-0.10463117602038072,5.175809626998865,-2.8461510844498594,2.5289266531878316,-2.498525566266715,0.5521491191706537,5.4009846113439455,6.802610053509296,-0.811444787160747,6.702965125493017,0.5625377553879806,-4.808109700281057,-1.96484017047245,4.81414355913251,-0.9039338638578028,1.0349233411075007,-4.557115832666264,-3.9853207441349308,4.418755717662927,-2.201602027670911,5.811015396152522
-3.071506585280694,2.0231989989900696,2.621696019082741,-3.368802350981985,-3.7838761983221154,1.1922017930214588,-3.397854721794755,6.850679811680795,6.362225222671666,-3.710912387104949,-0.15440645104540143,3.928563884715864,0.5743691464895329,-4.0920016348275094,-4.8141966185729705,-7.785401767165119,-0.6629452930854779,-2.481773695709471,0.7102905814320526,3.7376574958125626,-1.0301729221839033,1.8621403482431358,-4.976842997444848,0.07373371740225215,4.153070058201245,-2.6474226187995225,2.2624588547094953,-1.5173999641063873,0.22368215739265979,4.154481664506354,5.182072265107919,-0.14270720297525735,5.787537412055848,0.6139285040013489,-3.836517252629474,-1.0317983071795505,4.053903332765027,-0.7667616520785374,1.3285736558247339,-3.453522887221451,-2.6376915469325466,3.282525061551003,-1.9601348627502422,3.793896302210824
1.7215095670265324,-1.7161088014560835,-2.229837614120738,2.7554479719209555,3.5614810118867473,-1.0127015054523227,2.8385832536067648,-5.514564989480656,-3.710912387104949,4.04745698808832,-0.023926096186714763,-2.9092463391912053,-0.3474477378186861,3.744610211078911,3.394375721294866,6.748882628309276,-0.07040534247652877,0.6403057921899213,-0.05643179918990517,-2.707976075876217,0.688969289294755,-1.4633863902845365,4.277471032451343,0.42714494023103883,-2.701765587049332,1.3513021389084807,-1.4048391257328312,1.8453034219092845,0.004064653233403113,-3.7524543817363467,-3.660392557502805,0.33870986075421883,-3.3876623330231297,-0.24628632308996484,2.4168321267423476,1.2514741188597238,-2.646809425117324,0.3834716469996914,-0.9943364188089064,2.950534624798975,2.971354068487175,-3.382366687170346,0.8395373773538523,-3.626257981171119
-0.6532181877451542,-0.2724258384491127,-0.2560773267233056,0.06666127425594162,-0.4491113536291517,-0.33373388256763015,0.03164636653303551,0.4076101140309264,-0.15440645104540143,-0.023926096186714763,0.5961414946597954,0.054870746422752734,0.09484363452550047,-0.38886843383459896,0.4912973938317742,0.06797168304528353,0.37839777847624934,0.2313174898340192,-0.017968789613952797,0.10400198149781024,-0.5771004620893864,-0.09371220547955177,0.15800063418042612,0.15807095839941962,0.2427709968587654,0.006126223446875977,-0.0705344232254692,-0.27483040729094665,0.5442535822106662,-0.1787578615255692,0.2591277320385928,-0.31898160675641984,0.1809315977074684,-0.1048060384752096,-0.2847099354268248,-0.21547637843700332,-0.029653673863086462,-0.23461652226175525,-0.39160712311269685,-4.0720626500951294e-4,-0.007649658466020291,-0.3968341087316742,-0.17501081570293764,0.5939158588236523
-2.163942711500146,1.4225861137551108,1.791854339225376,-2.358365394505624,-2.8781382737953827,0.7989450962780575,-2.4394807920298343,4.971713811076776,3.928563884715864,-2.9092463391912053,0.054870746422752734,2.7812476716361108,0.39987300257778396,-3.212294028464638,-3.098524109033923,-5.62298786185521,-0.19580487304708624,-1.2872742615981334,0.30314207583620967,2.6135807923905787,-0.7927321176983093,1.3266765023872724,-3.57474535908358,-0.10843459792969883,2.8192964540779513,-1.6253669455147355,1.4370637446638543,-1.238956621665511,0.10602926446423568,2.999329268578664,3.6233851621500985,-0.2996347156403227,3.721415785925188,0.4058240287389551,-2.6073080343616355,-0.9588570323620013,2.694577035112382,-0.42108065417246665,0.8310198025634772,-2.444808057628952,-2.0918251465270217,2.450205372579984,-1.2210333436852965,2.9485329370167066
-0.5212598977461746,0.1857745846009873,0.06858800143433756,-0.34846779490017266,-0.5168838032592141,0.210196011590143,-0.34234407411837053,0.7480737578346077,0.5743691464895329,-0.3474477378186861,0.09484363452550047,0.39987300257778396,0.2339384349947251,-0.49180410359431365,-0.3240454189431794,-0.7581585674144464,-0.06368703520547479,-0.08852136664474385,-0.06666947375503032,0.4523410961844433,-0.2152381409971906,0.2484506065667096,-0.4815545379199822,-0.04992579139461641,0.446746302315804,-0.2981063160909161,0.11851662115990409,-0.31189150050097475,0.07049858228210053,0.3500153567467814,0.5757075528491826,-0.0870658374369053,0.4028491009444425,0.04923900966533535,-0.494631356016918,-0.17997107442091917,0.33752274156680107,0.014205315604680647,0.073781973315312,-0.33963746331874817,-0.26849748877367435,0.329525378902412,-0.21143231243116362,0.3933598037057283
2.7393804313586667,-1.5323428955178395,-1.9800483954528119,2.7785578431870035,3.736883483655634,-0.903371238523763,2.934133872521987,-6.110654580756453,-4.0920016348275094,3.744610211078911,-0.38886843383459896,-3.212294028464638,-0.49180410359431365,4.171813420980367,3.277435628712003,6.734039289893515,-0.1310276303880538,0.8864516149428571,-0.126873167638853,-3.048809996905895,1.1698769081910985,-1.5537528186091176,4.245484194346209,0.20325921383132467,-3.2138216776044377,1.6502700861520019,-1.4880882193940672,1.751851888478208,-0.32637200089538665,-3.570636357124972,-4.272271396716695,0.6204759799680678,-3.9616437126599835,-0.35068222523822706,3.001170800514522,1.3922790766070803,-3.0056302698562103,0.4789879186768088,-0.7478673759733133,3.006079860525355,2.695703961140752,-2.9771664992306324,1.2382215937634478,-3.9046592804658777
1.8197498616734156,-1.69203670769491,-2.5832796779828757,3.0233325847073766,3.279553044607346,-0.6114128458068544,3.120771387252039,-5.416295509835929,-4.8141966185729705,3.394375721294866,0.4912973938317742,-3.098524109033923,-0.3240454189431794,3.277435628712003,4.40443557358472,6.311793494183411,0.13564996835409004,2.1149275663331264,-0.30829224177347114,-2.953994663484646,0.6604905063515786,-1.7172287401331783,4.1124059801490045,0.12497356369524784,-3.1730914200664304,1.9405288056278907,-2.0312446641269246,1.0679596360195502,0.4597394227810144,-3.5196063413987777,-4.393324252107976,0.1380371306591496,-4.702112649990685,-0.6886138936420491,2.9030285225448713,0.9780378944006857,-3.198625754557263,0.37877154003836455,-0.8369492826230589,2.7104528480645116,2.5374604728717185,-3.073352529341681,1.5846302527408034,-2.975251198611608
3.8009171166274256,-3.3038007272262915,-3.7887925847146087,4.833309067349496,5.824012598792404,-2.5777103599917424,4.912689494907385,-10.202879923534185,-7.785401767165119,6.748882628309276,0.06797168304528353,-5.62298786185521,-0.7581585674144464,6.734039289893515,6.311793494183411,12.5360666651244,0.8054989602474144,1.6548859070425088,-0.5172486623031971,-5.198515496432574,1.027052226733557,-2.6446135048138384,7.9583721992720875,0.5948480352117884,-5.251198222653055,2.9900022902057555,-2.5826946400939628,3.08730982994541,-0.21591085734951246,-6.817179228906206,-6.649351679635003,0.37658135575890894,-6.500627909432206,-0.4608519904387149,4.7463733450347885,1.9452373598133519,-5.309267160808184,0.7549414728182939,-2.466656390296291,5.597538614899459,4.793667004245346,-5.946662503540087,1.6618525446359018,-6.210475087836825
-0.08530783768957265,-0.5549618097501191,0.16083581462423363,-0.23315132278491296,-0.863434965040855,-1.4471381492628814,-0.33112585349474555,0.1484753308525753,-0.6629452930854779,-0.07040534247652877,0.37839777847624934,-0.19580487304708624,-0.06368703520547479,-0.1310276303880538,0.13564996835409004,0.8054989602474144,1.2927813065244156,-0.3285452065344048,-0.36680518745309704,-0.017137243763768923,-0.8632685247767725,0.07819771113567882,0.6123860079108153,0.1935151041501428,0.19077804268165038,0.11532883921708897,0.2976906795761034,0.09816816081928786,-0.019438089763721484,-0.5100435943059304,0.6953868021294153,-0.46760377854316837,0.7021765552174977,0.1239844390588431,-0.2503699778282184,-0.3689373751497477,-0.24095769834188313,-0.15465921783763178,-1.2668706701075814,0.5398455971969176,-0.24478342650810725,-0.5767174775770586,-0.5783027257778883,0.4730332911564939
0.8390904168747121,-0.34649007100844786,-1.2498211779707946,1.2570637128822921,1.3544886898024382,1.0172353620714112,1.2261225146984274,-1.9895512108957922,-2.481773695709471,0.6403057921899213,0.2313174898340192,-1.2872742615981334,-0.08852136664474385,0.8864516149428571,2.1149275663331264,1.6548859070425088,-0.3285452065344048,2.537716396202306,-0.2552586917322385,-1.3961912905336022,0.6957954875676303,-0.6953847168274299,0.9177649830762967,-0.3436413681311331,-1.7916838811478546,1.405974573160738,-1.5235017065575451,-0.30318830181013395,0.4513195775174531,-0.6790135359057269,-2.382976434535854,0.02900340785891908,-3.5019910715851696,-0.54137521286747,1.7217618606125655,0.23868412822885804,-1.433811429997464,0.40377119924976196,0.2872968699438456,0.35898838124869265,0.6166797722613395,-0.16694833562778633,1.7159883391591253,-0.9081028321274756
-0.18955678641289428,0.2335355976044211,0.1800041153549601,-0.045068570027279875,0.09156008425021371,0.22104247469873797,-0.04190775473546251,0.3017263332640672,0.7102905814320526,-0.05643179918990517,-0.017968789613952797,0.30314207583620967,-0.06666947375503032,-0.126873167638853,-0.30829224177347114,-0.5172486623031971,-0.36680518745309704,-0.2552586917322385,0.45428424107387094,0.15397134767499035,0.09623711452744584,-0.04743874584872103,-0.37014468019123514,0.12158156994120078,0.3252359010804135,-0.17982463589442688,0.14536871419866093,-0.04721106883377129,0.22917751550572446,0.3583016464652599,0.16142727632591594,0.13539644380157684,0.5389928357988878,0.0666433395574547,-0.21430994230526096,0.116398332485509,0.4086506124878997,-0.23094458739881568,0.371627486597941,-0.24313596910668353,0.03737514600127125,0.10881921135058083,-0.09380584124489823,0.20498586561583781
-2.154683893194643,1.2429218240196702,1.679602469416784,-2.312692961124456,-2.903164861705477,0.5384361489885974,-2.3678407954140224,4.773632170582536,3.7376574958125626,-2.707976075876217,0.10400198149781024,2.6135807923905787,0.4523410961844433,-3.048809996905895,-2.953994663484646,-5.198515496432574,-0.017137243763768923,-1.3961912905336022,0.15397134767499035,2.5690115449635003,-0.9272109741768073,1.3105402506989543,-3.259402813494364,-0.07008547028929828,2.7531141945943087,-1.6539633504706999,1.445637638644783,-1.1583534803148359,0.074512175415879775,2.692633051559239,3.5976615054246257,-0.34078507754200665,3.69043497140013,0.381451649944073,-2.610344630899759,-0.9586063262794013,2.5182740175817218,-0.4023399593784978,0.5740424775686105,-2.2264938751962333,-1.9898870690270047,2.18576788130495,-1.3410903267370247,2.808354889581809
1.375731271524846,0.1283881680214513,-0.41649487427727294,0.8872508443188547,1.6652583618121606,0.8129491102483458,0.9690197346573756,-1.9364970194008466,-1.0301729221839033,0.688969289294755,-0.5771004620893864,-0.7927321176983093,-0.2152381409971906,1.1698769081910985,0.6604905063515786,1.027052226733557,-0.8632685247767725,0.6957954875676303,0.09623711452744584,-0.9272109741768073,1.277960757464152,-0.4480707769444381,0.5467817029939028,-0.3205766624811665,-1.2945010356706739,0.616338755805986,-0.6224282707545057,0.41237190592917905,-0.4855550458246508,-0.3855693149849998,-1.8593180733842578,0.5464987835037093,-1.9201590110235882,-0.15510370974449944,1.3006431489075605,0.5701049567070292,-0.7924655882590937,0.42965807321436406,0.8439362374276516,0.4015781674791602,0.5981652214099121,-0.01709028519600981,0.9954274179862574,-1.4215503899951898
-1.0067770492183694,0.6480312612951199,0.9482536433782228,-1.325045585883932,-1.5722079367647956,0.27525784321665653,-1.3979367048066398,2.442706187090709,1.8621403482431358,-1.4633863902845365,-0.09371220547955177,1.3266765023872724,0.2484506065667096,-1.5537528186091176,-1.7172287401331783,-2.6446135048138384,0.07819771113567882,-0.6953847168274299,-0.04743874584872103,1.3105402506989543,-0.4480707769444381,0.8265760667199581,-1.7263581480334842,-0.09225603597162639,1.3616293139232305,-0.7928921965930229,0.7674616664791741,-0.5378853645290289,-0.18173647815741184,1.4231390696725537,2.0010215992827463,-0.21151669185411867,1.838602642375751,0.299391180574367,-1.3189222297246495,-0.5464717588282084,1.3148524518336002,-0.05066778103716244,0.1898600996216752,-1.1549258221889593,-1.1154008622970792,1.316662487513569,-0.6739148129626409,1.3345937680924091
2.3852757581953705,-2.1932908646316336,-2.4059386366891355,3.107544331002327,3.599071906728807,-1.844720132325469,3.1971508538797244,-6.438176237580504,-4.976842997444848,4.277471032451343,0.15800063418042612,-3.57474535908358,-0.4815545379199822,4.245484194346209,4.1124059801490045,7.9583721992720875,0.6123860079108153,0.9177649830762967,-0.37014468019123514,-3.259402813494364,0.5467817029939028,-1.7263581480334842,5.187655292233772,0.4207890628795781,-3.323061758924099,1.8092998894857395,-1.5644125158387179,1.9700191310497697,-0.0980916951330814,-4.470459870360182,-4.23436315685845,0.20110586463919278,-4.000796257868037,-0.3742360808494638,2.976219306339467,1.2159997488874823,-3.4400655021194133,0.40836205546232646,-1.6365929345976615,3.6036478065563453,3.019519297858001,-3.9745195138787484,0.9278113748330887,-3.832819708577713
-0.25456125914694383,-0.2992466156698715,-0.09051634944672936,0.09367608604463507,0.04130601743312436,-0.4423694652269222,0.08243209588426248,-0.10463117602038072,0.07373371740225215,0.42714494023103883,0.15807095839941962,-0.10843459792969883,-0.04992579139461641,0.20325921383132467,0.12497356369524784,0.5948480352117884,0.1935151041501428,-0.3436413681311331,0.12158156994120078,-0.07008547028929828,-0.3205766624811665,-0.09225603597162639,0.4207890628795781,0.2900158876371232,0.1277976711377934,-0.09348883118380945,0.11030886583128971,0.22985638827921478,0.2496042072889852,-0.39151960619621207,0.1462057891308644,-0.08261690872580073,0.414343175181677,0.02266838448922469,-0.13036921809072102,0.07469379364213882,0.024381980952135503,-0.20690244573722724,-0.3748367844145484,0.23736045630821914,0.3114618570536767,-0.5535289430439349,-0.2887972966893427,-0.0441104546090862
-2.517180131011905,1.209207909509656,1.8216188332149819,-2.506941231083967,-3.225076753227151,0.20040912658762136,-2.588761457244075,5.175809626998865,4.153070058201245,-2.701765587049332,0.2427709968587654,2.8192964540779513,0.446746302315804,-3.2138216776044377,-3.1730914200664304,-5.251198222653055,0.19077804268165038,-1.7916838811478546,0.3252359010804135,2.7531141945943087,-1.2945010356706739,1.3616293139232305,-3.323061758924099,0.1277976711377934,3.2204156862638302,-1.8356804887077491,1.6720371873373021,-1.1642772908224623,0.2829127483924076,2.7666322182398155,4.1383242190048115,-0.43004316096835926,4.4825793868377755,0.5089116416161386,-3.000433767317317,-1.0229738479639572,2.8156179661646696,-0.6433622491234404,0.3058783417164614,-2.1940695804130943,-1.9993037721035785,2.025028705390361,-1.7048059630675598,3.121025722143895
1.394607573912526,-0.7024936676959084,-1.037639056378912,1.3995523068253286,1.659466301977993,-0.16676425040297208,1.366586514421847,-2.8461510844498594,-2.6474226187995225,1.3513021389084807,0.006126223446875977,-1.6253669455147355,-0.2981063160909161,1.6502700861520019,1.9405288056278907,2.9900022902057555,0.11532883921708897,1.405974573160738,-0.17982463589442688,-1.6539633504706999,0.616338755805986,-0.7928921965930229,1.8092998894857395,-0.09348883118380945,-1.8356804887077491,1.3035900760145667,-1.0737270415545659,0.4853548799849267,-0.01693533898940765,-1.4351728021104595,-2.2871420636262227,0.10546430802498995,-2.6979231426023125,-0.2565594270462603,1.7642152899994914,0.44256589507975985,-1.6359674647332862,0.3324396932268475,-0.33477373283037426,1.2166495837467346,1.00591664697441,-1.0312352166551972,1.1060842303865663,-1.517915715525208
-0.9461630113235788,0.5641671319196463,1.2731193351142778,-1.4109038016505488,-1.7197942031443014,-0.39634074474109743,-1.4443767145859268,2.5289266531878316,2.2624588547094953,-1.4048391257328312,-0.0705344232254692,1.4370637446638543,0.11851662115990409,-1.4880882193940672,-2.0312446641269246,-2.5826946400939628,0.2976906795761034,-1.5235017065575451,0.14536871419866093,1.445637638644783,-0.6224282707545057,0.7674616664791741,-1.5644125158387179,0.11030886583128971,1.6720371873373021,-1.0737270415545659,1.2157578812554701,-0.2940243133626864,-0.22616252614973303,1.3050834178441078,2.321799401967224,-0.16798999303883888,2.815661276653817,0.3824146259673815,-1.5745303489889224,-0.4917055482201282,1.4725502075852717,-0.32621405349372623,-0.0081250034688708,-0.960986489958671,-1.1175772935149815,0.9299185237534637,-1.1796659696098668,1.4908815790994465
1.0061006318063737,-0.7966216519630754,-0.6718767169992906,1.1121312428989238,1.6765262187447514,-0.7962520401068202,1.1096142872840093,-2.498525566266715,-1.5173999641063873,1.8453034219092845,-0.27483040729094665,-1.238956621665511,-0.31189150050097475,1.751851888478208,1.0679596360195502,3.08730982994541,0.09816816081928786,-0.30318830181013395,-0.04721106883377129,-1.1583534803148359,0.41237190592917905,-0.5378853645290289,1.9700191310497697,0.22985638827921478,-1.1642772908224623,0.4853548799849267,-0.2940243133626864,1.2814361646709118,-0.4433822924567161,-1.7478461436662434,-1.3835551498018381,0.17872157137611386,-1.0238689464880928,0.060376307876489635,1.0458836295606397,0.5877687137268317,-1.0453056763122173,0.24805216242324293,-0.547121132548796,1.4231913065395576,1.3210011820366578,-1.5668287120568298,0.13401116967364662,-1.8104097879835983
-0.8095989010797009,-0.14058128232950895,-0.3095078561511801,0.07858006935170249,-0.2521598381507165,0.20543917201344528,0.08237071046182007,0.5521491191706537,0.22368215739265979,0.004064653233403113,0.5442535822106662,0.10602926446423568,0.07049858228210053,-0.32637200089538665,0.4597394227810144,-0.21591085734951246,-0.019438089763721484,0.4513195775174531,0.22917751550572446,0.074512175415879775,-0.4855550458246508,-0.18173647815741184,-0.0980916951330814,0.2496042072889852,0.2829127483924076,-0.01693533898940765,-0.22616252614973303,-0.4433822924567161,0.9528360186935976,0.08249323738693545,0.0613357110113803,-0.16733889522675288,0.04372471404791237,-0.25326574078480896,-0.23114808825622932,-0.05173969802585421,0.1501846591545773,-0.4093668796251803,-0.05552424106226287,-0.3063815331437047,0.11707418350067965,-0.19698585134263719,0.0698972681555491,0.6097862714179785
-1.8258389755334798,1.930005315489719,2.1315780000692914,-2.6522205159931858,-3.055764093177982,1.585602371688384,-2.7219711480643634,5.4009846113439455,4.154481664506354,-3.7524543817363467,-0.1787578615255692,2.999329268578664,0.3500153567467814,-3.570636357124972,-3.5196063413987777,-6.817179228906206,-0.5100435943059304,-0.6790135359057269,0.3583016464652599,2.692633051559239,-0.3855693149849998,1.4231390696725537,-4.470459870360182,-0.39151960619621207,2.7666322182398155,-1.4351728021104595,1.3050834178441078,-1.7478461436662434,0.08249323738693545,3.9198993667738002,3.494244994888275,-0.12129472973969764,3.3241978367167158,0.30564884643951423,-2.412766863968468,-1.0237185794489003,2.884344317011515,-0.3835613426157374,1.4415908990677646,-3.0697027760395823,-2.654774436282082,3.4942481450150993,-0.6893608027303849,3.2950154515497783
-3.220986404297885,1.391788169145229,2.5445925940586225,-3.485899103811285,-4.541185753571954,-0.15730883782287883,-3.7101074075295766,6.802610053509296,5.182072265107919,-3.660392557502805,0.2591277320385928,3.6233851621500985,0.5757075528491826,-4.272271396716695,-4.393324252107976,-6.649351679635003,0.6953868021294153,-2.382976434535854,0.16142727632591594,3.5976615054246257,-1.8593180733842578,2.0010215992827463,-4.23436315685845,0.1462057891308644,4.1383242190048115,-2.2871420636262227,2.321799401967224,-1.3835551498018381,0.0613357110113803,3.494244994888275,5.821674488616928,-0.7821687345878056,5.941582306159119,0.8430334954431833,-3.9496460753138467,-1.5314170965879421,3.6515552399686286,-0.644457361680351,-0.06404531408301106,-2.812649895106339,-2.799426942753478,2.727257360873781,-2.375350055443426,4.09464524003007
0.6274866010460061,0.12509938723919406,-0.10743457032587544,0.32519132782715265,0.7222502637880909,0.3490600313549016,0.42555282136040407,-0.811444787160747,-0.14270720297525735,0.33870986075421883,-0.31898160675641984,-0.2996347156403227,-0.0870658374369053,0.6204759799680678,0.1380371306591496,0.37658135575890894,-0.46760377854316837,0.02900340785891908,0.13539644380157684,-0.34078507754200665,0.5464987835037093,-0.21151669185411867,0.20110586463919278,-0.08261690872580073,-0.43004316096835926,0.10546430802498995,-0.16798999303883888,0.17872157137611386,-0.16733889522675288,-0.12129472973969764,-0.7821687345878056,0.3672778226835959,-0.5517054370482826,-0.09017513539598754,0.4705783949806394,0.3521969690733288,-0.26192035071888164,0.06824852779870516,0.4364125537614693,0.19541693236032864,0.28329027776786175,-0.037082535180562134,0.328260128888057,-0.648728388826591
-3.031542492291955,1.3860353374862802,2.8681712405784054,-3.463708338663583,-4.42486798768499,-0.7878048645891921,-3.571855000140507,6.702965125493017,5.787537412055848,-3.3876623330231297,0.1809315977074684,3.721415785925188,0.4028491009444425,-3.9616437126599835,-4.702112649990685,-6.500627909432206,0.7021765552174977,-3.5019910715851696,0.5389928357988878,3.69043497140013,-1.9201590110235882,1.838602642375751,-4.000796257868037,0.414343175181677,4.4825793868377755,-2.6979231426023125,2.815661276653817,-1.0238689464880928,0.04372471404791237,3.3241978367167158,5.941582306159119,-0.5517054370482826,7.102984174330609,0.8919567803465264,-4.186307593589587,-1.2857576054365882,3.8270941180408755,-1.0330451504485054,-0.07796151763878786,-2.487730777372248,-2.6275773248634233,2.17951470103473,-2.93105757610413,4.060445717359027
-0.2508349718233029,0.1571791431278825,0.3713374150189365,-0.4154774329525305,-0.42559492098644985,-0.23695563453000806,-0.49587914567727154,0.5625377553879806,0.6139285040013489,-0.24628632308996484,-0.1048060384752096,0.4058240287389551,0.04923900966533535,-0.35068222523822706,-0.6886138936420491,-0.4608519904387149,0.1239844390588431,-0.54137521286747,0.0666433395574547,0.381451649944073,-0.15510370974449944,0.299391180574367,-0.3742360808494638,0.02266838448922469,0.5089116416161386,-0.2565594270462603,0.3824146259673815,0.060376307876489635,-0.25326574078480896,0.30564884643951423,0.8430334954431833,-0.09017513539598754,0.8919567803465264,0.3282888069588829,-0.4989335127417142,-0.16337067994276283,0.46579569381861663,0.029596420254641296,-0.1299805997497966,-0.118374676986747,-0.2354219213548895,0.23949021379393962,-0.4381257305171548,0.250185756115423
2.479859583949193,-1.030381570501648,-1.6030114032911609,2.3280343947390896,3.0654239327665493,-0.08173147755166228,2.4138837395125434,-4.808109700281057,-3.836517252629474,2.4168321267423476,-0.2847099354268248,-2.6073080343616355,-0.494631356016918,3.001170800514522,2.9030285225448713,4.7463733450347885,-0.2503699778282184,1.7217618606125655,-0.21430994230526096,-2.610344630899759,1.3006431489075605,-1.3189222297246495,2.976219306339467,-0.13036921809072102,-3.000433767317317,1.7642152899994914,-1.5745303489889224,1.0458836295606397,-0.23114808825622932,-2.412766863968468,-3.9496460753138467,0.4705783949806394,-4.186307593589587,-0.4989335127417142,2.8914861251214963,0.983005441881598,-2.5903792809748363,0.5328155577766772,-0.15507032018030195,1.98313903145881,1.8158723310641407,-1.7695970709167117,1.691092301115351,-2.865199296208845
0.8773583862347409,-0.35998424916303295,-0.64208264016471694,0.9508182536536659,1.439805945497075,0.029169149311325263,1.0415128616274705,-1.96484017047245,-1.0317983071795505,1.2514741188597238,-0.21547637843700332,-0.9588570323620013,-0.17997107442091917,1.3922790766070803,0.9780378944006857,1.9452373598133519,-0.3689373751497477,0.23868412822885804,0.116398332485509,-0.9586063262794013,0.5701049567070292,-0.5464717588282084,1.2159997488874823,0.07469379364213882,-1.0229738479639572,0.44256589507975985,-0.4917055482201282,0.5877687137268317,-0.05173969802585421,-1.0237185794489003,-1.5314170965879421,0.3521969690733288,-1.2857576054365882,-0.16337067994276283,0.983005441881598,0.5954209345378663,-0.8461252179335768,0.1117344600659106,0.085756609134154,0.8369294554448693,0.9586232754710767,-0.876581353966283,0.49811843921356136,-1.3486628056741305
-2.1914128926330605,1.3258527793753287,1.788114916359877,-2.3307438929542448,-2.6875493803167108,0.7688830181431723,-2.429257033425077,4.81414355913251,4.053903332765027,-2.646809425117324,-0.029653673863086462,2.694577035112382,0.33752274156680107,-3.0056302698562103,-3.198625754557263,-5.309267160808184,-0.24095769834188313,-1.433811429997464,0.4086506124878997,2.5182740175817218,-0.7924655882590937,1.3148524518336002,-3.4400655021194133,0.024381980952135503,2.8156179661646696,-1.6359674647332862,1.4725502075852717,-1.0453056763122173,0.1501846591545773,2.884344317011515,3.6515552399686286,-0.26192035071888164,3.8270941180408755,0.46579569381861663,-2.5903792809748363,-0.8461252179335768,2.7867095216742466,-0.46617568728271114,0.7486882579587706,-2.382459349620016,-1.8818475365223053,2.3229874951077405,-1.2538902468093098,2.7480566764758065
0.5012356007469827,-0.08166666484396783,-0.3141438253207864,0.34927660925357723,0.6014136738444031,0.21544550534669693,0.3248639263014873,-0.9039338638578028,-0.7667616520785374,0.3834716469996914,-0.23461652226175525,-0.42108065417246665,0.014205315604680647,0.4789879186768088,0.37877154003836455,0.7549414728182939,-0.15465921783763178,0.40377119924976196,-0.23094458739881568,-0.4023399593784978,0.42965807321436406,-0.05066778103716244,0.40836205546232646,-0.20690244573722724,-0.6433622491234404,0.3324396932268475,-0.32621405349372623,0.24805216242324293,-0.4093668796251803,-0.3835613426157374,-0.644457361680351,0.06824852779870516,-1.0330451504485054,0.029596420254641296,0.5328155577766772,0.1117344600659106,-0.46617568728271114,0.4192454151078069,0.07336781243124532,0.3039884378744561,0.26422504887380394,-0.04888572190170761,0.3787026369495181,-0.7453722122851509
-0.08263627806993244,1.0108445373942674,0.3989706492159349,-0.3323281387554255,0.10968557797350928,1.70682101515449,-0.2378166577538004,1.0349233411075007,1.3285736558247339,-0.9943364188089064,-0.39160712311269685,0.8310198025634772,0.073781973315312,-0.7478673759733133,-0.8369492826230589,-2.466656390296291,-1.2668706701075814,0.2872968699438456,0.371627486597941,0.5740424775686105,0.8439362374276516,0.1898600996216752,-1.6365929345976615,-0.3748367844145484,0.3058783417164614,-0.33477373283037426,-0.0081250034688708,-0.547121132548796,-0.05552424106226287,1.4415908990677646,-0.06404531408301106,0.4364125537614693,-0.07796151763878786,-0.1299805997497966,-0.15507032018030195,0.085756609134154,0.7486882579587706,0.07336781243124532,1.6192758947426036,-1.2110710486556406,-0.5327522775629185,1.4237481358249013,0.5158293906686316,0.39586395796801394
1.8691990674384273,-1.4133371360198899,-1.5351549001494436,2.075020916323302,2.43439419060007,-1.5122503368029563,2.150185670139058,-4.557115832666264,-3.453522887221451,2.950534624798975,-4.0720626500951294e-4,-2.444808057628952,-0.33963746331874817,3.006079860525355,2.7104528480645116,5.597538614899459,0.5398455971969176,0.35898838124869265,-0.24313596910668353,-2.2264938751962333,0.4015781674791602,-1.1549258221889593,3.6036478065563453,0.23736045630821914,-2.1940695804130943,1.2166495837467346,-0.960986489958671,1.4231913065395576,-0.3063815331437047,-3.0697027760395823,-2.812649895106339,0.19541693236032864,-2.487730777372248,-0.118374676986747,1.98313903145881,0.8369294554448693,-2.382459349620016,0.3039884378744561,-1.2110710486556406,2.7367712988880135,2.0169202270877293,-2.7547744213537695,0.4805555023258291,-2.7195326400490427
1.1696984552654335,-1.2024955148376557,-1.6972180973383122,2.085282924125396,2.754679972880464,-0.47355560526386037,2.143456810318569,-3.9853207441349308,-2.6376915469325466,2.971354068487175,-0.007649658466020291,-2.0918251465270217,-0.26849748877367435,2.695703961140752,2.5374604728717185,4.793667004245346,-0.24478342650810725,0.6166797722613395,0.03737514600127125,-1.9898870690270047,0.5981652214099121,-1.1154008622970792,3.019519297858001,0.3114618570536767,-1.9993037721035785,1.00591664697441,-1.1175772935149815,1.3210011820366578,0.11707418350067965,-2.654774436282082,-2.799426942753478,0.28329027776786175,-2.6275773248634233,-0.2354219213548895,1.8158723310641407,0.9586232754710767,-1.8818475365223053,0.26422504887380394,-0.5327522775629185,2.0169202270877293,2.2427319282884475,-2.4089032814148386,0.75501914034869,-2.653054304891423
-1.2249510730685618,1.7731070007674552,1.8183762224647053,-2.30160340973604,-2.4937574661869353,1.7493826634147374,-2.3742548775305683,4.418755717662927,3.282525061551003,-3.382366687170346,-0.3968341087316742,2.450205372579984,0.329525378902412,-2.9771664992306324,-3.073352529341681,-5.946662503540087,-0.5767174775770586,-0.16694833562778633,0.10881921135058083,2.18576788130495,-0.01709028519600981,1.316662487513569,-3.9745195138787484,-0.5535289430439349,2.025028705390361,-1.0312352166551972,0.9299185237534637,-1.5668287120568298,-0.19698585134263719,3.4942481450150993,2.727257360873781,-0.037082535180562134,2.17951470103473,0.23949021379393962,-1.7695970709167117,-0.876581353966283,2.3229874951077405,-0.04888572190170761,1.4237481358249013,-2.7547744213537695,-2.4089032814148386,3.433140147983845,-0.23688211670025006,2.573862015770897
1.204333084720943,-0.2142500762002991,-0.9479803439123665,1.2070317540629538,1.6972219750811397,0.9275310839190408,1.248624740604664,-2.201602027670911,-1.9601348627502422,0.8395373773538523,-0.17501081570293764,-1.2210333436852965,-0.21143231243116362,1.2382215937634478,1.5846302527408034,1.6618525446359018,-0.5783027257778883,1.7159883391591253,-0.09380584124489823,-1.3410903267370247,0.9954274179862574,-0.6739148129626409,0.9278113748330887,-0.2887972966893427,-1.7048059630675598,1.1060842303865663,-1.1796659696098668,0.13401116967364662,0.0698972681555491,-0.6893608027303849,-2.375350055443426,0.328260128888057,-2.93105757610413,-0.4381257305171548,1.691092301115351,0.49811843921356136,-1.2538902468093098,0.3787026369495181,0.5158293906686316,0.4805555023258291,0.75501914034869,-0.23688211670025006,1.4930261212630718,-1.321061907874055
-2.5465937202455238,1.2909925500219426,1.9624081745821673,-2.6421395075938143,-3.843686640459626,0.37273948005873075,-2.765951241735085,5.811015396152522,3.793896302210824,-3.626257981171119,0.5939158588236523,2.9485329370167066,0.3933598037057283,-3.9046592804658777,-2.975251198611608,-6.210475087836825,0.4730332911564939,-0.9081028321274756,0.20498586561583781,2.808354889581809,-1.4215503899951898,1.3345937680924091,-3.832819708577713,-0.0441104546090862,3.121025722143895,-1.517915715525208,1.4908815790994465,-1.8104097879835983,0.6097862714179785,3.2950154515497783,4.09464524003007,-0.648728388826591,4.060445717359027,0.250185756115423,-2.865199296208845,-1.3486628056741305,2.7480566764758065,-0.7453722122851509,0.39586395796801394,-2.7195326400490427,-2.653054304891423,2.573862015770897,-1.321061907874055,4.032234675849451
