V1,V2,V3,V4,V5,V6,V7,V8,V9,V10,V11,V12,V13,V14,V15,V16,V17,V18,V19,V20,V21,V22,V23,V24,V25,V26,V27,V28,V29,V30,V31,V32,V33,V34,V35,V36,V37,V38,V39,V40,V41,V42,V43,V44
15.852043402441266,-10.456581005823258,-14.053577614845386,18.203695301406924,22.261051778010483,-5.1489355106923735,18.689882901192426,-37.876463603284776,-29.383428555068765,22.46311289855685,-0.07180274172378465,-21.07300615447347,-3.060570637220331,24.630829833229097,24.041250684547617,42.931312316307626,0.7940359793433529,10.924947081846895,-1.1463062276696547,-20.322804531194908,5.9098252723663105,-10.520824963943353,26.73272164364091,1.1443345168902261,-21.081221978882898,12.915714226860748,-11.636755325726815,8.61307278060169,0.715776211584923,-22.10536173069971,-27.813778612011948,2.420601427602125,-28.587455397582804,-2.9667706205295254,19.862305163100718,7.57278745759776,-20.098493405549483,2.5908038988184066,-5.946914672179131,18.34462002075482,16.382416119403217,-18.38982646997127,9.88391879612566,-22.085335244366473
-10.456581005823258,7.196229932810194,9.803998024878918,-12.815315015784432,-15.45368943535788,3.5673966531635264,-13.218414588437025,25.377283160055942,20.432223114429807,-15.237641550308574,-0.1401789148204227,13.897213609347812,1.9921684638601014,-15.938734780871847,-16.853513321334628,-28.451913124914817,-0.39473480664133725,-6.828608530127115,1.4234046683567854,13.225109905363635,-4.365022480999082,7.054056905971752,-18.357349339174338,-0.39684220621754124,14.5048842960011,-8.196207657275943,7.650322150088526,-6.565926908725191,0.509661957831036,15.638130030357416,19.103517603258375,-1.4118600854239,19.533330337165523,2.2142188426906673,-13.327927262144822,-4.898906970818411,13.866470482448225,-2.3555709598028702,3.511873828450077,-12.49116591184845,-11.14654323493288,13.078919440415433,-6.391094873626409,15.07578902868642
-14.053577614845386,9.803998024878918,13.422755508363316,-17.596806658444887,-21.126589777848253,4.871443210847283,-18.179060784154533,34.28100138802876,27.94817604399666,-20.669651511945414,-0.27320249678628644,18.669188609847417,2.663557042510235,-21.2698141801778,-23.11192008399327,-38.28780013881258,-0.4685338948572759,-8.994458534438285,2.2280966057883695,17.6818589702377,-6.087301682040559,9.53149765964987,-25.00274408038162,-0.36130504745509534,19.767947162951366,-10.858852819860214,10.267207697756056,-9.236918644533759,1.1507979594087692,21.505518348281193,26.02528427680272,-1.8126814765252395,26.56251690491159,3.0959414762028445,-18.013067056849422,-6.5366615489859266,18.918269520897304,-3.4697985917446728,4.521949684666699,-16.970100856322784,-15.135431338550823,18.01601329342396,-8.526193097452133,20.496490500979846
18.203695301406924,-12.815315015784432,-17.596806658444887,23.120607478252115,27.681045233564042,-6.380348545655278,23.909466716264703,-44.552131950326036,-36.62567233460509,26.937210062780178,0.4255831294925289,-24.168812710470753,-3.4389532286647104,27.40999500900332,30.3344528683417,49.625457609705144,0.5491950736159193,11.479168067174479,-3.1655098223720834,-22.815167995543522,8.085244844874685,-12.387824149036256,32.67460081149493,0.3150407457235639,-25.84645946513703,13.921758347703117,-13.278562538300474,12.335560483839107,-1.9119438692121948,-28.286122337856646,-34.01439496607456,2.2713080084313884,-34.67338945989465,-4.114171537306869,23.418757540882257,8.42219533525783,-24.74983747540304,4.767025412322477,-5.677549873128871,22.13648935540794,19.738359221906432,-23.721399411407933,10.981845077508952,-26.755731527541045
22.261051778010483,-15.45368943535788,-21.126589777848253,27.681045233564042,33.291915519282206,-7.67934058149359,28.584573360140304,-54.19894256029737,-44.02487541915519,32.639443356902284,0.38108623015182636,-29.56246927298918,-4.22621106822152,33.74877560505061,36.36791875333489,60.60024459390567,0.7660262287248679,14.318832380471898,-3.379314174437932,-28.034998562375492,9.544913368144716,-15.068392347797678,39.431117522167234,0.6508096042894975,-31.168580301102246,17.266082484022206,-16.25959815338446,14.436712642953491,-1.6133083130884711,-33.8164793439565,-41.044132150959456,2.911841601990027,-41.91140485247853,-4.841921071457033,28.47576204310555,10.368421406240072,-29.82212826309691,5.353311239003692,-7.248949518606029,26.786535311568745,23.8935531765502,-28.314874568296702,13.522656292049431,-32.350650058070585
-5.1489355106923735,3.5673966531635264,4.871443210847283,-6.380348545655278,-7.67934058149359,1.7750739088549825,-6.586728463172064,12.52698597390802,10.15347704243928,-7.540091234521363,-0.08327633836097754,6.839063782110719,0.9784876687522328,-7.81645992859862,-8.384106657884708,-14.017208511760634,-0.18205709706355813,-3.3207600944932203,0.7617852644483106,6.490078115189907,-2.1932195042007905,3.4828441143167224,-9.102419449250336,-0.16197328631354982,7.192426069312143,-4.002906885810725,3.7608239144706594,-3.3154512836526457,0.3444823389030329,7.793981452878106,9.47196675795881,-0.6785007023253161,9.673208428008865,1.1121736610653883,-6.579605021945254,-2.4013181123029685,6.881398133980485,-1.2190397562402011,1.6908087327248131,-6.186439698996633,-5.518557596858252,6.525093203116614,-3.1295541356490455,7.469005639222237
18.689882901192426,-13.218414588437025,-18.179060784154533,23.909466716264703,28.584573360140304,-6.586728463172064,24.738219907835383,-45.82121449045203,-37.82730702109565,27.74377849207964,0.4755117689693085,-24.80937371389771,-3.5247607744884593,28.071236965172343,31.3555578585816,50.971661008366596,0.535181873538387,11.69922741093676,-3.39550442067035,-23.38094503858896,8.403255424382994,-12.741535795180994,33.69921384561536,0.24412770065797976,-26.66222211627302,14.220179634037601,-13.624909877002938,12.856446162977115,-2.1794518258628073,-29.26631373386303,-35.08302276848177,2.292797525629673,-35.74023917793004,-4.278977887969957,24.089923445523247,8.625075081663,-25.539655195258554,5.0348193589940795,-5.737625316907656,22.81131477649671,20.336170975037234,-24.556967441699996,11.244905220191308,-27.578439816096648
-37.876463603284776,25.377283160055942,34.28100138802876,-44.552131950326036,-54.19894256029737,12.52698597390802,-45.82121449045203,91.02522370957914,71.5873368652688,-54.230567552037996,-0.07555862764157362,50.35607923927552,7.277251399613109,-58.45791375447775,-58.75204751838107,-102.7718182575736,-1.728889395811325,-25.62258186081562,3.605680538733078,48.3309010231291,-14.72629720113783,25.292788155256748,-64.82681736922821,-2.2708576868849746,51.15616604076532,-30.446173412449355,27.77840459451939,-21.729291867326072,-0.4403543888755278,54.20009939237032,67.45299263534967,-5.5421274004027925,69.20053165734024,7.424968540451659,-47.758763994911874,-17.969112857337738,48.82335733602388,-7.030520300182673,13.680402802860371,-44.347014867297446,-39.59442135471514,45.18225213732684,-23.451315318818622,53.4365625995877
-29.383428555068765,20.432223114429807,27.94817604399666,-36.62567233460509,-44.02487541915519,10.15347704243928,-37.82730702109565,71.5873368652688,58.2273184725916,-43.130972895660165,-0.5263921589712538,39.026415662391194,5.575854027439152,-44.520679086734596,-48.11731165297108,-80.0149297109129,-1.0004816547105975,-18.86908455821117,4.529042982053172,36.99293835142273,-12.643332565040776,19.90497111831097,-52.12819434098387,-0.823428551902197,41.20587927748557,-22.761823192279078,21.465350744135158,-19.14438144908815,2.223494549452505,44.749823922064934,54.26084385410993,-3.8244185088389786,55.39826180694035,6.419983769121564,-37.614034153778185,-13.678020342343341,39.43126588620349,-7.1302239103327105,9.529667500422219,-35.40210794192556,-31.57751118409679,37.477355927027666,-17.841154766762916,42.75497565273678
22.46311289855685,-15.237641550308574,-20.669651511945414,26.937210062780178,32.639443356902284,-7.540091234521363,27.74377849207964,-54.230567552037996,-43.130972895660165,32.431906925450534,0.1613736747005608,-29.85848298768689,-4.298906922236912,34.46649597683253,35.48003477444975,61.0317565268952,0.9414736853367001,14.94704197305541,-2.5685588082112054,-28.54120772175557,9.035544130892912,-15.073231612455428,38.908752144261875,1.1151125061302845,-30.718318481498706,17.845525809468803,-16.45574516882869,13.456822898475293,-0.37398374503662385,-32.819906653067015,-40.48814698602916,3.167997519253617,-41.470630017516655,-4.567894158865223,28.4664256414775,10.591626859393877,-29.345384582405455,4.5854055857594656,-7.847716775274255,26.553082114757995,23.700637116735646,-27.403668717130532,13.820228874338392,-32.01799482212686
-0.07180274172378465,-0.1401789148204227,-0.27320249678628644,0.4255831294925289,0.38108623015182636,-0.08327633836097754,0.4755117689693085,-0.07555862764157362,-0.5263921589712538,0.1613736747005608,0.11997473259205986,0.09714517074887075,0.03123975867327369,-0.30509623271193176,0.5175920830695092,-0.11119045220581394,-0.08446120395854056,-0.2849576130235645,-0.413701001778116,0.204724269857538,0.265762758056275,-0.02443822479948798,0.33328216646972275,-0.23061974782798386,-0.2808130613032625,-0.26092518644617885,0.0678336164984349,0.5141413474505113,-0.6182894646628592,-0.5636461603123988,-0.34971641714964724,-0.12678782633090685,-0.29586344451727475,-0.14842167610861748,0.051971219060316806,-0.09434280888040797,-0.2917657930670286,0.3937714777556756,0.28550523583414117,0.16220886610057555,0.13902508549685783,-0.5123595759402246,-0.12431630415765486,-0.2172865201188392
-21.07300615447347,13.897213609347812,18.669188609847417,-24.168812710470753,-29.56246927298918,6.839063782110719,-24.80937371389771,50.35607923927552,39.026415662391194,-29.85848298768689,0.09714517074887075,28.033470783635387,4.07077015527657,-32.77805792968901,-31.93103800644119,-57.10404235688855,-1.0664881535817932,-14.566050398876929,1.483672890329534,27.045426237583186,-7.8236358472204754,13.990410828716602,-35.519610969841374,-1.5479649851483883,28.006203955111737,-17.2022741906424,15.485502367180134,-11.399593557585979,-1.0239910826610334,29.344284255462803,36.95251882979606,-3.225963360003563,37.99196522054522,3.93396820455739,-26.405416945527534,-10.076906157823919,26.699421276797374,-3.404306302809737,7.941898253268791,-24.376289879395035,-21.774460152722437,24.41113589303031,-13.156546917148965,29.340860726373393
-3.060570637220331,1.9921684638601014,2.663557042510235,-3.4389532286647104,-4.22621106822152,0.9784876687522328,-3.5247607744884593,7.277251399613109,5.575854027439152,-4.298906922236912,0.03123975867327369,4.07077015527657,0.5946296098410689,-4.786507362502543,-4.549285021632743,-8.280347896213751,-0.1668084939296465,-2.1468401779042634,0.1576410183140764,3.9431245235228967,-1.0957774403819271,2.0215038851672746,-5.094765726746455,-0.2561195848644228,4.014374766966715,-2.5260421418071792,2.2503240692186472,-1.5798249726389262,-0.23337992021175377,4.169005233486648,5.299621822421075,-0.48450388838619685,5.456787162355555,0.548877070289372,-3.815085016892941,-1.4717207083573511,3.8234551433378856,-0.4378374401596164,1.1890433482374714,-3.5056982726681927,-3.132296649175992,3.462245799323247,-1.9217650963227826,4.216598069400917
24.630829833229097,-15.938734780871847,-21.2698141801778,27.40999500900332,33.74877560505061,-7.81645992859862,28.071236965172343,-58.45791375447775,-44.520679086734596,34.46649597683253,-0.30509623271193176,-32.77805792968901,-4.786507362502543,38.645816260070575,36.288921484680586,66.62213666345252,1.3852054545336547,17.429031136085168,-1.0332115232872094,-31.81143244419888,8.650630732078353,-16.235585327367936,40.767954164830144,2.1883888839307875,-32.11419459659581,20.451248287687,-18.13201989897295,12.39729332174951,2.2338437385553003,-33.19995535599642,-42.404016799497136,3.9636965787977365,-43.705085787828494,-4.330237273965346,30.63215584807289,11.883850570164814,-30.573938080661804,3.2996176042130587,-9.719912397414308,28.086332145312394,25.099111978339902,-27.546501055214986,15.518806096581033,-33.765886416701214
24.041250684547617,-16.853513321334628,-23.11192008399327,30.3344528683417,36.36791875333489,-8.384106657884708,31.3555578585816,-58.75204751838107,-48.11731165297108,35.48003477444975,0.5175920830695092,-31.93103800644119,-4.549285021632743,36.288921484680586,39.824686638297,65.52914281293481,0.7610067344753342,15.270099037713281,-4.007678351789874,-30.188282773038416,10.552830103681591,-16.3382111496636,42.97917722912978,0.5118198802509875,-33.98751971159712,18.477342868751787,-17.552841681528108,16.06323927689002,-2.2619571734898023,-37.09337701562148,-44.74107429748498,3.046659736486099,-45.634032471343005,-5.370888811514713,30.878422952256813,11.149951743034455,-32.539505038329416,6.126286695378444,-7.612598711993835,29.144304246186813,25.98961568787548,-31.094744195812904,14.542332738269797,-35.21159730083768
42.931312316307626,-28.451913124914817,-38.28780013881258,49.625457609705144,60.60024459390567,-14.017208511760634,50.971661008366596,-102.7718182575736,-80.0149297109129,61.0317565268952,-0.11119045220581394,-57.10404235688855,-8.280347896213751,66.62213666345252,65.52914281293481,116.39382459132854,2.1088839479396526,29.48187793552487,-3.3485727432555974,-55.00302997953564,16.16908129167743,-28.556183153028208,72.71072875807378,2.9773129222834394,-57.33925547623462,34.88377916717946,-31.531623359416407,23.65515869583553,1.603033691941085,-60.29168233940333,-75.64455691662823,6.48202224867739,-77.72025261938681,-8.137429908395305,53.900109886027636,20.478608236722767,-54.686805070652134,7.250195873284066,-15.976652020283694,49.85145231053488,44.524668332084055,-50.190258254286015,26.73367890826666,-60.02138769278675
0.7940359793433529,-0.39473480664133725,-0.4685338948572759,0.5491950736159193,0.7660262287248679,-0.18205709706355813,0.535181873538387,-1.728889395811325,-1.0004816547105975,0.9414736853367001,-0.08446120395854056,-1.0664881535817932,-0.1668084939296465,1.3852054545336547,0.7610067344753342,2.1088839479396526,0.10435678641195327,0.7289371877910719,0.24920134681297004,-1.1114548973114695,0.07631124903926945,-0.47902692959220106,1.0180614100820335,0.2251366123445824,-0.7882878727783216,0.8016924180079009,-0.6012544404483774,0.026576398246653192,0.49490780015849034,-0.63211755742323406,-1.0546604607349959,0.2059034380865682,-1.1306948556479057,-0.03365929914364795,0.8970941124644344,0.42823717724410776,-0.7339566577247791,-0.16964902824199524,-0.49417286075110295,0.746342819288824,0.6711909832498326,-0.49551559101372583,0.5609741848038436,-0.8771470100657651
10.924947081846895,-6.828608530127115,-8.994458534438285,11.479168067174479,14.318832380471898,-3.3207600944932203,11.69922741093676,-25.62258186081562,-18.86908455821117,14.94704197305541,-0.2849576130235645,-14.566050398876929,-2.1468401779042634,17.429031136085168,15.270099037713281,29.48187793552487,0.7289371877910719,8.089224636450862,0.12246817227241061,-14.290919384165866,3.4267850215686653,-7.115928587074438,17.483826738007703,1.287879334528894,-13.74798514126128,9.370612750674534,-8.084209825516806,4.7309885679474535,1.8627869366405552,-13.833034049738032,-18.180638880988454,1.9144797759435948,-18.838351119227404,-1.7045558554573894,13.410674443739785,5.36000945827092,-13.053904938543146,0.9007975573330204,-4.680576994331104,12.130680247791725,10.856241566117655,-11.417947369348335,7.010341534052391,-14.548451413258631
-1.1463062276696547,1.4234046683567854,2.2280966057883695,-3.1655098223720834,-3.379314174437932,0.7617852644483106,-3.39550442067035,3.605680538733078,4.529042982053172,-2.5685588082112054,-0.413701001778116,1.483672890329534,0.1576410183140764,-1.0332115232872094,-4.007678351789874,-3.3485727432555974,0.24920134681297004,0.12246817227241061,1.6385080780832044,1.0160618709528535,-1.5226069389932297,1.009930660882932,-3.5753527569426793,0.7613218219784279,2.887075505019713,-0.15875354082476173,0.759865710942732,-2.676905194985205,2.2574918471453813,4.021269270747083,3.7380133777197244,0.24982099323685167,3.5961492107562365,0.8051520459413689,-1.937707437918584,-0.31390711376091607,2.843743658125784,-1.6943942554305484,-0.5462785076850519,-2.218140319847352,-1.9511135069623964,3.502612871419756,-0.3977046242283319,2.7611114055826502
-20.322804531194908,13.225109905363635,17.6818589702377,-22.815167995543522,-28.034998562375492,6.490078115189907,-23.38094503858896,48.3309010231291,36.99293835142273,-28.54120772175557,0.204724269857538,27.045426237583186,3.9431245235228967,-31.81143244419888,-30.188282773038416,-55.00302997953564,-1.1114548973114695,-14.290919384165866,1.0160618709528535,26.205305045067092,-7.251071102738986,13.42443827243469,-33.815390775511375,-1.7181922292235927,26.646139285752632,-16.796096893427144,14.955559420920068,-10.445864940614964,-1.6035228597038844,27.652633327919034,35.17492488871966,-3.2252970744973593,36.229250705075316,3.6369587776320746,-25.331584844811605,-9.782476700647393,25.37628867487978,-2.8810093866661477,7.919561260738173,-23.269449753907704,-20.79250256574301,22.961565528334404,-12.775449395337514,27.984457544092727
5.9098252723663105,-4.365022480999082,-6.087301682040559,8.085244844874685,9.544913368144716,-2.1932195042007905,8.403255424382994,-14.72629720113783,-12.643332565040776,9.035544130892912,0.265762758056275,-7.8236358472204754,-1.0957774403819271,8.650630732078353,10.552830103681591,16.16908129167743,0.07631124903926945,3.4267850215686653,-1.5226069389932297,-7.251071102738986,2.9810941052878794,-4.096410022425394,11.118827918932418,-0.16963532878651952,-8.815228515703728,4.2675306457148965,-4.27783261342202,4.655916560656896,-1.362790404062317,-9.943525933558737,-11.580608286793474,0.6014203433778286,-11.732141612077267,-1.5193041474451028,7.755701440165506,2.654334002861627,-8.469672165623368,2.0285482727605717,-1.5238645154635968,7.462132870190215,6.645715544135795,-8.381290744711757,3.4562761582149824,-9.051571774346938
-10.520824963943353,7.054056905971752,9.53149765964987,-12.387824149036256,-15.068392347797678,3.4828441143167224,-12.741535795180994,25.292788155256748,19.90497111831097,-15.073231612455428,-0.02443822479948798,13.990410828716602,2.0215038851672746,-16.235585327367936,-16.3382111496636,-28.556183153028208,-0.47902692959220106,-7.115928587074438,1.009930660882932,13.42443827243469,-4.096410022425394,7.030032477828195,-18.02051776361758,-0.626865402621942,14.218545570514594,-8.455582133922944,7.718758021846538,-6.046694933716403,-0.11292591227039646,15.071371138683185,18.75063989054038,-1.536128480829951,19.235944025799554,2.0666832696426876,-13.271277776772148,-4.989272906915139,13.573033230176101,-1.9600448694198158,3.7964763256730367,-12.326281230910038,-11.006219117393137,12.56586993191766,-6.512836950885273,14.851306526651616
26.73272164364091,-18.357349339174338,-25.00274408038162,32.67460081149493,39.431117522167234,-9.102419449250336,33.69921384561536,-64.82681736922821,-52.12819434098387,38.908752144261875,0.33328216646972275,-35.519610969841374,-5.094765726746455,40.767954164830144,42.97917722912978,72.71072875807378,1.0180614100820335,17.483826738007703,-3.5753527569426793,-33.815390775511375,11.118827918932418,-18.02051776361758,46.851239329885246,1.045285842964323,-37.01192825809473,20.978853694784966,-19.5555904147174,16.69855203797905,-1.2151712541845512,-39.86629516216773,-48.75797019036949,3.6281392458032284,-49.861714562608405,-5.632780562451647,34.04421141414647,12.527351015914329,-35.38574204240467,5.959689740153201,-9.012036743610384,31.895218666052493,28.4595756886441,-33.33649093167689,16.342121720216088,-38.489983724912214
1.1443345168902261,-0.39684220621754124,-0.36130504745509534,0.3150407457235639,0.6508096042894975,-0.16197328631354982,0.24412770065797976,-2.2708576868849746,-0.823428551902197,1.1151125061302845,-0.23061974782798386,-1.5479649851483883,-0.2561195848644228,2.1883888839307875,0.5118198802509875,2.9773129222834394,0.2251366123445824,1.287879334528894,0.7613218219784279,-1.7181922292235927,-0.16963532878651952,-0.626865402621942,1.045285842964323,0.5425755623383087,-0.7868828311940603,1.3558693820190102,-0.8874846362658474,-0.4907317739249532,1.3076367553900807,-0.28667544119153054,-1.0764710207353057,0.40474365106616295,-1.2403428568479975,0.10477051223037147,1.165566227616566,0.6749775197925384,-0.7004672235710812,-0.6310588071244583,-0.9628596649765854,0.8441548673528081,0.7708513871112208,-0.1543646704334793,0.8879748372551506,-0.9661605383902517
-21.081221978882898,14.5048842960011,19.767947162951366,-25.84645946513703,-31.168580301102246,7.192426069312143,-26.66222211627302,51.15616604076532,41.20587927748557,-30.718318481498706,-0.2808130613032625,28.006203955111737,4.014374766966715,-32.11419459659581,-33.98751971159712,-57.33925547623462,-0.7882878727783216,-13.74798514126128,2.887075505019713,26.646139285752632,-8.815228515703728,14.218545570514594,-37.01192825809473,-0.7868828311940603,29.249162580285798,-16.508029798307845,15.415327828789895,-13.258445252196994,1.0616383737478203,31.54015429449816,38.52339362213106,-2.8440434635126772,39.38497213300198,4.468301707222476,-26.867653152198486,-9.870634744151983,27.96246481551765,-4.767528928351877,7.062349305957742,-25.18568638460389,-22.47085932813196,26.378730190251574,-12.87619218344211,30.401017936882624
12.915714226860748,-8.196207657275943,-10.858852819860214,13.921758347703117,17.266082484022206,-4.002906885810725,14.220179634037601,-30.446173412449355,-22.761823192279078,17.845525809468803,-0.26092518644617885,-17.2022741906424,-2.5260421418071792,20.451248287687,18.477342868751787,34.88377916717946,0.8016924180079009,9.370612750674534,-0.15875354082476173,-16.796096893427144,4.2675306457148965,-8.455582133922944,20.978853694784966,1.3558693820190102,-16.508029798307845,10.919492962820549,-9.532380729430388,5.994362676005622,1.7439640833380325,-16.816839696687204,-21.816415998704663,2.181407366744709,-22.55069204124179,-2.1263582677391613,15.943461803290973,6.288434408739956,-15.694418404365594,1.3588015757422698,-5.338381218751087,14.509967198035355,12.977247988097583,-13.913350007611786,8.21786705217686,-17.42135686837707
-11.636755325726815,7.650322150088526,10.267207697756056,-13.278562538300474,-16.25959815338446,3.7608239144706594,-13.624909877002938,27.77840459451939,21.465350744135158,-16.45574516882869,0.0678336164984349,15.485502367180134,2.2503240692186472,-18.13201989897295,-17.552841681528108,-31.531623359416407,-0.6012544404483774,-8.084209825516806,0.759865710942732,14.955559420920068,-4.27783261342202,7.718758021846538,-19.5555904147174,-0.8874846362658474,15.415327828789895,-9.532380729430388,8.558969033850293,-6.214395008112871,-0.6582212912228601,16.11439626531415,20.34447379844463,-1.7970061766958085,20.928028037625733,2.1512352184666645,-14.565303811575692,-5.573741993447949,14.694406057246598,-1.8211923092708988,4.424303974162112,-13.429369952645702,-11.998042635894294,13.399677871636499,-7.280073511839633,16.159334826836215
8.61307278060169,-6.565926908725191,-9.236918644533759,12.335560483839107,14.436712642953491,-3.3154512836526457,12.856446162977115,-21.729291867326072,-19.14438144908815,13.456822898475293,0.5141413474505113,-11.399593557585979,-1.5798249726389262,12.39729332174951,16.06323927689002,23.65515869583553,0.026576398246653192,4.7309885679474535,-2.676905194985205,-10.445864940614964,4.655916560656896,-6.046694933716403,16.69855203797905,-0.4907317739249532,-13.258445252196994,5.994362676005622,-6.214395008112871,7.398400612737683,-2.661894827724067,-15.214678411419001,-17.396586243596044,0.7535985196983803,-17.554809387053897,-2.392681639337266,11.456801872792003,3.80677802759531,-12.758700496380861,3.399256990416368,-1.9455330168582847,11.14683731911294,9.916032181662361,-12.866685292884544,4.951387118279982,-13.540962430598784
0.715776211584923,0.509661957831036,1.1507979594087692,-1.9119438692121948,-1.6133083130884711,0.3444823389030329,-2.1794518258628073,-0.4403543888755278,2.223494549452505,-0.37398374503662385,-0.6182894646628592,-1.0239910826610334,-0.23337992021175377,2.2338437385553003,-2.2619571734898023,1.603033691941085,0.49490780015849034,1.8627869366405552,2.2574918471453813,-1.6035228597038844,-1.362790404062317,-0.11292591227039646,-1.2151712541845512,1.3076367553900807,1.0616383737478203,1.7439640833380325,-0.6582212912228601,-2.661894827724067,3.4724294582065647,2.58573788581574,1.292673620617124,0.7383794922961715,0.9600462080857435,0.7386857585760807,0.16197910423013767,0.6919742907258523,1.1449355549552305,-2.122987542843732,-1.7252550439323635,-0.4861532989696615,-0.3872287501887216,2.3828607945212448,0.9251682978224389,0.7247592111810636
-22.10536173069971,15.638130030357416,21.505518348281193,-28.286122337856646,-33.8164793439565,7.793981452878106,-29.26631373386303,54.20009939237032,44.749823922064934,-32.819906653067015,-0.5636461603123988,29.344284255462803,4.169005233486648,-33.19995535599642,-37.09337701562148,-60.29168233940333,-0.63211755742323406,-13.833034049738032,4.021269270747083,27.652633327919034,-9.943525933558737,15.071371138683185,-39.86629516216773,-0.28667544119153054,31.54015429449816,-16.816839696687204,16.11439626531415,-15.214678411419001,2.58573788581574,34.62578765264398,41.50030284454908,-2.709213773391297,42.27761507332218,5.062246106891983,-28.49473452641881,-10.199995777976104,30.212709015120538,-5.96040448140714,6.783811091075535,-26.983801617470412,-24.057621281660975,29.054333491284012,-13.297134015615924,32.62407839301591
-27.813778612011948,19.103517603258375,26.02528427680272,-34.01439496607456,-41.044132150959456,9.47196675795881,-35.08302276848177,67.45299263534967,54.26084385410993,-40.48814698602916,-0.34971641714964724,36.95251882979606,5.299621822421075,-42.404016799497136,-44.74107429748498,-75.64455691662823,-1.0546604607349959,-18.180638880988454,3.7380133777197244,35.17492488871966,-11.580608286793474,18.75063989054038,-48.75797019036949,-1.0764710207353057,38.52339362213106,-21.816415998704663,20.34447379844463,-17.396586243596044,1.292673620617124,41.50030284454908,50.74943011253011,-3.771771711196076,51.8942627434991,5.868560335995765,-35.42490632493408,-13.031307108343103,36.83084197569609,-6.2186492137308615,9.363369229677836,-33.19270005583049,-29.61481816300676,34.70415920625595,-17.000710334009135,40.05764063516787
2.420601427602125,-1.4118600854239,-1.8126814765252395,2.2713080084313884,2.911841601990027,-0.6785007023253161,2.292797525629673,-5.5421274004027925,-3.8244185088389786,3.167997519253617,-0.12678782633090685,-3.225963360003563,-0.48450388838619685,3.9636965787977365,3.046659736486099,6.48202224867739,0.2059034380865682,1.9144797759435948,0.24982099323685167,-3.2252970744973593,0.6014203433778286,-1.536128480829951,3.6281392458032284,0.40474365106616295,-2.8440434635126772,2.181407366744709,-1.7970061766958085,0.7535985196983803,0.7383794922961715,-2.709213773391297,-3.771771711196076,0.4877314112696172,-3.941471156014293,-0.29153174946944194,2.892933233469104,1.221374869726112,-2.685689921369514,-0.016494140409120974,-1.1744188143066239,2.5564317477305716,2.2883256775524194,-2.2105996692137193,1.5962035701278572,-3.0522285867489467
-28.587455397582804,19.533330337165523,26.56251690491159,-34.67338945989465,-41.91140485247853,9.673208428008865,-35.74023917793004,69.20053165734024,55.39826180694035,-41.470630017516655,-0.29586344451727475,37.99196522054522,5.456787162355555,-43.705085787828494,-45.634032471343005,-77.72025261938681,-1.1306948556479057,-18.838351119227404,3.5961492107562365,36.229250705075316,-11.732141612077267,19.235944025799554,-49.861714562608405,-1.2403428568479975,39.38497213300198,-22.55069204124179,20.928028037625733,-17.554809387053897,0.9600462080857435,42.27761507332218,51.8942627434991,-3.941471156014293,53.10796352088684,5.9389225590255945,-36.33628312005369,-13.429877718717545,37.640689220985166,-6.154390309591221,9.778381834483719,-33.975988222429265,-30.322684974358257,35.33025145765684,-17.525869914424806,40.991210205991386
-2.9667706205295254,2.2142188426906673,3.0959414762028445,-4.114171537306869,-4.841921071457033,1.1121736610653883,-4.278977887969957,7.424968540451659,6.419983769121564,-4.567894158865223,-0.14842167610861748,3.93396820455739,0.548877070289372,-4.330237273965346,-5.370888811514713,-8.137429908395305,-0.03365929914364795,-1.7045558554573894,0.8051520459413689,3.6369587776320746,-1.5193041474451028,2.0666832696426876,-5.632780562451647,0.10477051223037147,4.468301707222476,-2.1263582677391613,2.1512352184666645,-2.392681639337266,0.7386857585760807,5.062246106891983,5.868560335995765,-0.29153174946944194,5.9389225590255945,0.7821190706975889,-3.911931202770895,-1.3305599829488726,4.294448917391804,-1.0565868797050377,0.7458774488172291,-3.7754690585959065,-3.3605958191557477,4.2722747765552,-1.7335945397763541,4.578071487644195
19.862305163100718,-13.327927262144822,-18.013067056849422,23.418757540882257,28.47576204310555,-6.579605021945254,24.089923445523247,-47.758763994911874,-37.614034153778185,28.4664256414775,0.051971219060316806,-26.405416945527534,-3.815085016892941,30.63215584807289,30.878422952256813,53.900109886027636,0.8970941124644344,13.410674443739785,-1.937707437918584,-25.331584844811605,7.755701440165506,-13.271277776772148,34.04421141414647,1.165566227616566,-26.867653152198486,15.943461803290973,-14.565303811575692,11.456801872792003,0.16197910423013767,-28.49473452641881,-35.42490632493408,2.892933233469104,-36.33628312005369,-3.911931202770895,25.061206729466527,9.415340015115152,-25.64468357296472,3.732106266196766,-7.144145307455237,23.281397239801485,20.78641299192771,-23.758377724134583,12.289400128898711,-28.056828177278213
7.57278745759776,-4.898906970818411,-6.5366615489859266,8.42219533525783,10.368421406240072,-2.4013181123029685,8.625075081663,-17.969112857337738,-13.678020342343341,10.591626859393877,-0.09434280888040797,-10.076906157823919,-1.4717207083573511,11.883850570164814,11.149951743034455,20.478608236722767,0.42823717724410776,5.36000945827092,-0.31390711376091607,-9.782476700647393,2.654334002861627,-4.989272906915139,12.527351015914329,0.6749775197925384,-9.870634744151983,6.288434408739956,-5.573741993447949,3.80677802759531,0.6919742907258523,-10.199995777976104,-13.031307108343103,1.221374869726112,-13.429877718717545,-1.3305599829488726,9.415340015115152,3.6569003776194955,-9.394535374853124,1.0106312484150906,-2.9914635228871305,8.631968127948458,7.711860390921206,-8.462263892713517,4.774545945916015,-10.376858706386221
-20.098493405549483,13.866470482448225,18.918269520897304,-24.74983747540304,-29.82212826309691,6.881398133980485,-25.539655195258554,48.82335733602388,39.43126588620349,-29.345384582405455,-0.2917657930670286,26.699421276797374,3.8234551433378856,-30.573938080661804,-32.539505038329416,-54.686805070652134,-0.7339566577247791,-13.053904938543146,2.843743658125784,25.37628867487978,-8.469672165623368,13.573033230176101,-35.38574204240467,-0.7004672235710812,27.96246481551765,-15.694418404365594,14.694406057246598,-12.758700496380861,1.1449355549552305,30.212709015120538,36.83084197569609,-2.685689921369514,37.640689220985166,4.294448917391804,-25.64468357296472,-9.394535374853124,26.743363898334692,-4.631709923594796,6.676452576053504,-24.067883292485966,-21.471978912098454,25.278346126220736,-12.254764538045894,29.053423532026894
2.5908038988184066,-2.3555709598028702,-3.4697985917446728,4.767025412322477,5.353311239003692,-1.2190397562402011,5.0348193589940795,-7.030520300182673,-7.1302239103327105,4.5854055857594656,0.3937714777556756,-3.404306302809737,-0.4378374401596164,3.2996176042130587,6.126286695378444,7.250195873284066,-0.16964902824199524,0.9007975573330204,-1.6943942554305484,-2.8810093866661477,2.0285482727605717,-1.9600448694198158,5.959689740153201,-0.6310588071244583,-4.767528928351877,1.3588015757422698,-1.8211923092708988,3.399256990416368,-2.122987542843732,-5.96040448140714,-6.2186492137308615,-0.016494140409120974,-6.154390309591221,-1.0565868797050377,3.732106266196766,1.0106312484150906,-4.631709923594796,1.8857808770099507,-0.02463130037904409,3.8599082157549653,3.4191498299744305,-5.110398451267347,1.3070568183821702,-4.737897982747253
-5.946914672179131,3.511873828450077,4.521949684666699,-5.677549873128871,-7.248949518606029,1.6908087327248131,-5.737625316907656,13.680402802860371,9.529667500422219,-7.847716775274255,0.28550523583414117,7.941898253268791,1.1890433482374714,-9.719912397414308,-7.612598711993835,-15.976652020283694,-0.49417286075110295,-4.680576994331104,-0.5462785076850519,7.919561260738173,-1.5238645154635968,3.7964763256730367,-9.012036743610384,-0.9628596649765854,7.062349305957742,-5.338381218751087,4.424303974162112,-1.9455330168582847,-1.7252550439323635,6.783811091075535,9.363369229677836,-1.1744188143066239,9.778381834483719,0.7458774488172291,-7.144145307455237,-2.9914635228871305,6.676452576053504,-0.02463130037904409,2.8532368905405585,-6.331984262820099,-5.673969977089964,5.5477515387150715,-3.91278710673051,7.562129289704915
18.34462002075482,-12.49116591184845,-16.970100856322784,22.13648935540794,26.786535311568745,-6.186439698996633,22.81131477649671,-44.347014867297446,-35.40210794192556,26.553082114757995,0.16220886610057555,-24.376289879395035,-3.5056982726681927,28.086332145312394,29.144304246186813,49.85145231053488,0.746342819288824,12.130680247791725,-2.218140319847352,-23.269449753907704,7.462132870190215,-12.326281230910038,31.895218666052493,0.8441548673528081,-25.18568638460389,14.509967198035355,-13.429369952645702,11.14683731911294,-0.4861532989696615,-26.983801617470412,-33.19270005583049,2.5564317477305716,-33.975988222429265,-3.7754690585959065,23.281397239801485,8.631968127948458,-24.067883292485966,3.8599082157549653,-6.331984262820099,21.752828291511822,19.409821819074928,-22.542467684028935,11.260606296086188,-26.234114323166914
16.382416119403217,-11.14654323493288,-15.135431338550823,19.738359221906432,23.8935531765502,-5.518557596858252,20.336170975037234,-39.59442135471514,-31.57751118409679,23.700637116735646,0.13902508549685783,-21.774460152722437,-3.132296649175992,25.099111978339902,25.98961568787548,44.524668332084055,0.6711909832498326,10.856241566117655,-1.9511135069623964,-20.79250256574301,6.645715544135795,-11.006219117393137,28.4595756886441,0.7708513871112208,-22.47085932813196,12.977247988097583,-11.998042635894294,9.916032181662361,-0.3872287501887216,-24.057621281660975,-29.61481816300676,2.2883256775524194,-30.322684974358257,-3.3605958191557477,20.78641299192771,7.711860390921206,-21.471978912098454,3.4191498299744305,-5.673969977089964,19.409821819074928,17.324749681334275,-20.09463174872054,10.062900119206061,-23.4090150164169
-18.38982646997127,13.078919440415433,18.01601329342396,-23.721399411407933,-28.314874568296702,6.525093203116614,-24.556967441699996,45.18225213732684,37.477355927027666,-27.403668717130532,-0.5123595759402246,24.41113589303031,3.462245799323247,-27.546501055214986,-31.094744195812904,-50.190258254286015,-0.49551559101372583,-11.417947369348335,3.502612871419756,22.961565528334404,-8.381290744711757,12.56586993191766,-33.33649093167689,-0.1543646704334793,26.378730190251574,-13.913350007611786,13.399677871636499,-12.866685292884544,2.3828607945212448,29.054333491284012,34.70415920625595,-2.2105996692137193,35.33025145765684,4.2722747765552,-23.758377724134583,-8.462263892713517,25.278346126220736,-5.110398451267347,5.5477515387150715,-22.542467684028935,-20.09463174872054,24.395600210689697,-11.030619952860967,27.26091738787498
9.88391879612566,-6.391094873626409,-8.526193097452133,10.981845077508952,13.522656292049431,-3.1295541356490455,11.244905220191308,-23.451315318818622,-17.841154766762916,13.820228874338392,-0.12431630415765486,-13.156546917148965,-1.9217650963227826,15.518806096581033,14.542332738269797,26.73367890826666,0.5609741848038436,7.010341534052391,-0.3977046242283319,-12.775449395337514,3.4562761582149824,-6.512836950885273,16.342121720216088,0.8879748372551506,-12.87619218344211,8.21786705217686,-7.280073511839633,4.951387118279982,0.9251682978224389,-13.297134015615924,-17.000710334009135,1.5962035701278572,-17.525869914424806,-1.7335945397763541,12.289400128898711,4.774545945916015,-12.254764538045894,1.3070568183821702,-3.91278710673051,11.260606296086188,10.062900119206061,-11.030619952860967,6.2377081089135595,-13.53636698538795
-22.085335244366473,15.07578902868642,20.496490500979846,-26.755731527541045,-32.350650058070585,7.469005639222237,-27.578439816096648,53.4365625995877,42.75497565273678,-32.01799482212686,-0.2172865201188392,29.340860726373393,4.216598069400917,-33.765886416701214,-35.21159730083768,-60.02138769278675,-0.8771470100657651,-14.548451413258631,2.7611114055826502,27.984457544092727,-9.051571774346938,14.851306526651616,-38.489983724912214,-0.9661605383902517,30.401017936882624,-17.42135686837707,16.159334826836215,-13.540962430598784,0.7247592111810636,32.62407839301591,40.05764063516787,-3.0522285867489467,40.991210205991386,4.578071487644195,-28.056828177278213,-10.376858706386221,29.053423532026894,-4.737897982747253,7.562129289704915,-26.234114323166914,-23.4090150164169,27.26091738787498,-13.53636698538795,31.650537340890015
