V1,V2,V3,V4,V5,V6,V7,V8,V9,V10,V11,V12,V13,V14,V15,V16,V17,V18,V19,V20,V21,V22,V23,V24,V25,V26,V27,V28,V29,V30,V31,V32,V33,V34,V35,V36,V37,V38,V39,V40,V41,V42,V43,V44
131.62671169216196,-89.54846781768069,-121.04659507790036,157.80228750863864,190.65249394763092,-45.00417491646176,162.47733314666263,-317.380096890811,-253.63925272900437,189.55396551975574,1.212425687903164,-174.80367763517935,-25.13179421348085,201.22728346961676,208.16592800268197,357.3564130866125,6.336469782455271,87.35716118442114,-15.858228739098674,-166.89129234978944,52.72379600717448,-88.0756942704772,228.2303261137224,6.207355738742219,-180.11249120417168,104.46203006929535,-96.14742067173184,79.11913993010275,-3.0357962255326334,-192.74110983296555,-236.8853385376311,18.08859327833487,-242.93334765588284,-26.76622357388703,166.6500819201867,61.53193616911603,-172.30238795378222,27.32202054217362,-46.42067668679054,155.80936373050056,138.37094223968407,-160.83151389641995,80.60279227969951,-187.24045438774644
-89.54846781768069,60.96504715729622,82.16515666052067,-107.10765841685357,-129.20421864712804,30.97307044754701,-110.23993790575757,215.62800289106704,172.70662830952264,-128.61684199880034,-0.8979983890543615,118.85399991076831,17.07773059618132,-136.63714422839465,-141.470704651004,-242.97011349325365,-4.743778136894777,-59.42894409054625,10.987478094111884,113.42317277485789,-35.62886125803423,59.77222565013007,-155.19008376091608,-4.170617699330851,122.4189827045516,-71.11148508855537,65.28697013130889,-53.70738826664415,2.1908116025918036,131.0380275427532,160.77353642614628,-12.126882208615031,165.0527364397742,18.13510533277812,-113.24012078755955,-41.62927738832339,117.22161805291486,-18.621308394011137,31.916238706027904,-106.00298474491517,-93.80520706215671,109.27873957251414,-54.683209084208315,127.06671737201404
-121.04659507790036,82.16515666052067,112.11524837498554,-146.1883746272194,-177.48382476208465,39.85624451385346,-150.69524354916788,293.12861651095307,232.60577418878407,-175.78484800572505,-0.7999855067294617,161.0494472268152,23.198392950791206,-186.18112756294875,-192.07556437393586,-329.26705577714245,-3.96467682025945,-80.34477378485003,13.728091123892142,153.97915747970612,-49.51965054868772,81.63132826010094,-210.22990373971615,-5.934489897572068,166.1328644469447,-95.87792037115197,88.9538327926584,-73.27292816834692,2.251606890517951,177.62784363887195,219.50067401557408,-17.405290067945266,224.35445537704578,24.93580455882563,-153.83889759675378,-57.58572081912413,158.4502097817976,-24.98148905136257,41.24774533898972,-143.2748413444753,-128.6761199698155,148.49963462739447,-74.78102761409289,173.5546011395484
157.80228750863864,-107.10765841685357,-146.1883746272194,190.61817867090005,231.45681450955433,-51.90150314315621,196.50111314949245,-382.1834383635997,-303.21213336693455,229.21619897917137,1.0311351389568948,-209.96285731109214,-30.245832825559226,242.75679033471886,250.42281482380045,429.2720994569494,5.09921429870558,104.7417038579936,-17.86477547137968,-200.75343761736897,64.5947654678438,-106.44216122680123,274.07877063065763,7.744953907448243,-216.59741177474078,124.9842376831979,-115.98437703276385,95.54141677770406,-2.9150704426463836,-231.57839538495887,-286.2132748849444,22.719039391596617,-292.5145669883683,-32.519477553327704,200.5736337034008,75.10876560293255,-206.56323136389838,32.561739659694545,-53.718836657918985,186.77956992862488,167.80153454609592,-193.61355068418192,97.51272412045248,-226.30506317576675
190.65249394763092,-129.20421864712804,-177.48382476208465,231.45681450955433,281.9710793136986,-61.0511037607407,238.7888606976881,-463.10539685967376,-365.63429106156804,278.5193024910973,0.9049701467833987,-253.991932908858,-36.63614348452208,294.5123690377472,303.2480961783804,519.3213094655632,4.146904027500692,126.55626629344911,-20.65867295079272,-243.08835445047762,79.15941737775348,-129.28719396403767,331.5074004075445,9.601879492272266,-262.2255429512011,150.7999146781895,-140.70733298655247,115.9858759797093,-2.9377081656525474,-280.1968678334794,-347.5858291351534,28.28169120118862,-354.433227592932,-39.63632248318239,242.95934617959438,91.82545599119851,-249.56112793346495,39.18402588353371,-63.34287100850623,225.65045303019227,204.2766841940442,-234.56277693228628,118.5227572907543,-274.89103352739016
-45.00417491646176,30.97307044754701,39.85624451385346,-51.90150314315621,-61.0511037607407,18.322837133774556,-53.10193774344386,106.09995304967687,87.96058652372179,-61.996367104251206,-1.0188607051083873,59.198658002150665,8.426481033753733,-66.63718765473571,-69.94278461579093,-120.96624604987166,-5.738674076695572,-29.850321453953747,7.062842372884674,56.09787997049038,-16.043999139684768,28.895882393479088,-77.37287146219573,-1.6887073829289583,60.62743218827531,-36.076104699312666,31.848244104304435,-26.066897234711902,2.07418447227259,65.17272524147877,77.81721643709545,-4.706641694431275,81.24318312075957,8.535919788969997,-55.858959478564685,-19.120977631016174,58.916848665733895,-9.618564675301977,18.63687410034571,-53.29310543391238,-44.57289122911679,53.84715156252949,-26.298602307447446,61.402246835900094
162.47733314666263,-110.23993790575757,-150.69524354916788,196.50111314949245,238.7888606976881,-53.10193774344386,202.60421954174825,-393.7834565436834,-312.0528473372892,236.33034836356498,0.9921413301667459,-216.2484694384233,-31.161039286711922,250.19733765705246,257.9833961781034,442.1294315706867,4.839868905974196,107.84688467811363,-18.20541340148295,-206.8116821877972,66.73611715287808,-109.73550062551416,282.27465386658304,8.024295508272981,-223.12409487345312,128.64556781577693,-119.53839691702001,98.48492054741398,-2.8823772823954483,-238.52273417676025,-295.05758207914084,23.561882117071253,-301.38949468475425,-33.55365558273057,206.64450882147875,77.5542487366922,-212.68217809144636,33.494571246915186,-54.9926678656245,192.31080630243096,173.08725241643947,-199.48074394753039,100.54629639851856,-233.31012021746807
-317.380096890811,215.62800289106704,293.12861651095307,-382.1834383635997,-463.10539685967376,106.09995304967687,-393.7834565436834,767.2582160968605,610.5591684335859,-459.36983056137177,-2.426356374449944,421.95665704224575,60.73496930248953,-486.9823256478667,-502.945235780332,-862.6642231181128,-12.34011762065694,-210.6515928243752,36.88791353073965,403.2034602411694,-128.75936091209,213.37128643250318,-550.8559183618763,-15.324048012791858,435.07510836411086,-251.58457656061165,232.67557339237675,-191.58324257812532,6.467598011863081,465.33833486986464,573.794020094132,-44.83123124432352,587.2598992441339,65.04562977184386,-402.75055147029155,-149.9440261461774,415.45372046066416,-65.6513683888557,109.65568068203905,-375.6728539606446,-335.89394874554415,388.73896462708495,-195.38726384076742,453.62950473954254
-253.63925272900437,172.70662830952264,232.60577418878407,-303.21213336693455,-365.63429106156804,87.96058652372179,-312.0528473372892,610.5591684335859,489.276135100359,-364.0752680207095,-2.591201644086603,336.59984469896716,48.358008133897314,-386.84341769325295,-400.6080064766168,-688.0978552461032,-13.71823478318326,-168.32649001125958,31.25061953515691,321.1862251875755,-100.75942369193442,169.2040696135824,-439.511851941348,-11.778580513967341,346.66695646747644,-201.44595789697007,184.83947346074487,-152.0438481678067,6.28712991398826,371.097750351954,455.12804990999086,-34.23187331007968,467.35569472293605,51.31765369938649,-320.65532408334764,-117.7603347423752,332.0217286665722,-52.76534867372835,90.6184190390935,-300.2471688516756,-265.47972998102733,309.43342608439406,-154.7862686178166,359.70004857941296
189.55396551975574,-128.61684199880034,-175.78484800572505,229.21619897917137,278.5193024910973,-61.996367104251206,236.33034836356498,-459.36983056137177,-364.0752680207095,275.67156758198115,1.1665521086853456,-252.2772799654983,-36.35166182772988,291.8592427145638,300.9571901487383,515.7910190510024,5.701252821708776,125.81922948762445,-21.264320875237704,-241.26191848678135,77.8270799454602,-128.00406810233565,329.3053800217541,9.355053134574952,-260.29300048026175,150.08963403131474,-139.4436302300426,114.88229512417456,-3.3785411045305285,-278.26118873069277,-344.1798846368772,27.465692409354965,-351.5878262056297,-39.13592097327434,241.0644822780701,90.44919371847456,-248.12526803351656,39.08061563022328,-64.19960817222909,224.35942715253026,201.8900346610553,-232.70642993380238,117.28285242633292,-272.1507548874555
1.212425687903164,-0.8979983890543615,-0.7999855067294617,1.0311351389568948,0.9049701467833987,-1.0188607051083873,0.9921413301667459,-2.426356374449944,-2.591201644086603,1.1665521086853456,0.1358622147856115,-1.493235551642301,-0.19706331282895698,1.4079205972451647,1.6638985857610775,3.041254021428341,0.7938134833722678,0.8008317867378352,-0.48409575135245525,-1.3387546773151717,0.07760620303326082,-0.5606642298645662,1.9659841947265422,-0.032349934347669036,-1.4622396798681614,1.0363508859200272,-0.6744612250159129,0.5260407485559553,-0.24145895087025393,-1.6254898816799135,-1.5280300076813105,-0.13753871983875152,-1.8633644188668652,-0.1197145199673384,1.3043487257122055,0.1718972594372255,-1.5884612102097806,0.30870299207981083,-0.9967917446620317,1.4393768349173253,0.7110624845927672,-1.246344396389026,0.48311049081427093,-1.1860427457508276
-174.80367763517935,118.85399991076831,161.0494472268152,-209.96285731109214,-253.991932908858,59.198658002150665,-216.2484694384233,421.95665704224575,336.59984469896716,-252.2772799654983,-1.493235551642301,232.25401991397297,33.40795917650773,-267.6540021057677,-276.68809578117924,-474.81456913800923,-7.723762151337673,-116.0161262478478,20.742634671188668,221.82265230626206,-70.40231546344525,117.20262511810438,-303.2238167693061,-8.32751775049529,239.3789584035772,-138.65882680922005,127.88478895604895,-105.26301724401199,3.8311283093620174,256.10607949530277,315.20474277174276,-24.30815057854371,322.9738629573743,35.665444369164355,-221.53260614713636,-82.08713014923393,228.82114784882597,-36.23075080631219,61.11288902091702,-206.91495978066496,-184.29020719805487,213.80959548144614,-107.286594247867,249.166766756239
-25.13179421348085,17.07773059618132,23.198392950791206,-30.245832825559226,-36.63614348452208,8.426481033753733,-31.161039286711922,60.73496930248953,48.358008133897314,-36.35166182772988,-0.19706331282895698,33.40795917650773,4.808173295989969,-38.543534611618185,-39.81547643279258,-68.3000201042711,-1.0075150029117665,-16.680467251483627,2.934726438511172,31.919764348080665,-10.178930979848321,16.88549386522785,-43.61420844626519,-1.20999230225541,34.44369142889619,-19.924835388431955,18.4158193133846,-15.162407630580429,0.520821992921127,36.84192172866909,45.40918052776513,-3.537342267686549,46.4870121164803,5.145497163356421,-31.882567278148812,-11.85717387419897,32.897628657799416,-5.200954948477642,8.706698150151059,-29.747883009130533,-26.57468982893474,30.772665911969874,-15.461108192528368,35.89855771987596
201.22728346961676,-136.63714422839465,-186.18112756294875,242.75679033471886,294.5123690377472,-66.63718765473571,250.19733765705246,-486.9823256478667,-386.84341769325295,291.8592427145638,1.4079205972451647,-267.6540021057677,-38.543534611618185,309.22622369364865,319.14594197130384,547.213991648868,7.053732017481934,133.56259533409283,-23.033947130549855,-255.84940244112954,82.06421626822264,-135.54549033068363,349.3996533700067,9.809540908897628,-276.0549994290624,159.43360170832153,-147.74351836729332,121.68110655921895,-3.8770490567584153,-295.19358442801143,-364.485251796779,28.742784008270597,-372.73015171251006,-41.373450673509865,255.595933117341,95.4819241878599,-263.4071829974139,41.56501941554683,-68.92839846515257,238.1820245363711,213.5556975548569,-246.71688947732397,124.15226482156869,-288.17715983139567
208.16592800268197,-141.470704651004,-192.07556437393586,250.42281482380045,303.2480961783804,-69.94278461579093,257.9833961781034,-502.945235780332,-400.6080064766168,300.9571901487383,1.6638985857610775,-276.68809578117924,-39.81547643279258,319.14594197130384,329.72825836292054,565.6650401435102,8.523305039414142,138.16200111211336,-24.391398457436004,-264.34070410573884,84.21314905099128,-139.80119574532966,361.2207111811932,9.998941146465285,-285.2462101476438,165.0545051990146,-152.48602252073343,125.53869611556301,-4.366458224218424,-305.1228112782523,-375.96309636034715,29.226476014354258,-384.9585298889476,-42.588723774164265,264.0247538648796,98.11605681488874,-272.49168459809994,43.09334207120785,-72.25451503108884,246.4021149504461,219.97965968823212,-254.8318812071082,128.00052094455887,-297.2155578584269
357.3564130866125,-242.97011349325365,-329.26705577714245,429.2720994569494,519.3213094655632,-120.96624604987166,442.1294315706867,-862.6642231181128,-688.0978552461032,515.7910190510024,3.041254021428341,-474.81456913800923,-68.3000201042711,547.213991648868,565.6650401435102,970.7006905020568,15.722564891145444,237.17567720990598,-42.37385088964698,-453.49692933270126,143.96295801590472,-239.623757719952,619.9020604788733,17.032425741253252,-489.38767889205246,283.45768996266906,-261.45806512586165,215.21093612106557,-7.8124712715741165,-523.5791716439094,-644.4424718002385,49.721701657091046,-660.2995342627144,-72.92358757280253,452.90689997093654,167.84942769280931,-467.7858353522031,74.06242770910067,-124.88282233472559,423.00215402745846,376.80161540910575,-437.11886800579646,219.35295283362754,-509.4284775456651
6.336469782455271,-4.743778136894777,-3.96467682025945,5.09921429870558,4.146904027500692,-5.738674076695572,4.839868905974196,-12.34011762065694,-13.71823478318326,5.701252821708776,0.7938134833722678,-7.723762151337673,-1.0075150029117665,7.053732017481934,8.523305039414142,15.722564891145444,4.651971031210034,4.183685141981093,-2.760098740217621,-6.8615984150773635,0.12549948284273543,-2.75798012376227,10.182735371678126,-0.22889676608358425,-7.509099350594868,5.466575008446484,-3.380810543490864,2.6107850967735082,-1.407120638674017,-8.393848994337462,-7.539094488253587,-0.9277119019877907,-9.482910921689621,-0.5393185223143072,6.659617280352293,0.6289992296815548,-8.301122439525502,1.652313763594538,-5.59966269265952,7.525731091566232,3.330339764835654,-6.35229532897507,2.346863432130772,-5.829548387753587
87.35716118442114,-59.42894409054625,-80.34477378485003,104.7417038579936,126.55626629344911,-29.850321453953747,107.84688467811363,-210.6515928243752,-168.32649001125958,125.81922948762445,0.8008317867378352,-116.0161262478478,-16.680467251483627,133.56259533409283,138.16200111211336,237.17567720990598,4.183685141981093,57.9770361359784,-10.514574441852513,-110.76743579547535,35.003334077215634,-58.46084091190013,151.47471844493538,4.122552817843022,-119.54209127308519,69.32658130214622,-63.81686912902405,52.51536794608171,-2.0083056219695803,-127.92196813677596,-157.23415439330657,12.01376518970093,-161.23984467108954,-17.76790776375866,110.608249699907,40.84898872862631,-114.3524021325503,18.131255054392046,-30.79160389731929,103.4066261594308,91.84986532597647,-106.74649477061782,53.50156135884542,-124.28249787016739
-15.858228739098674,10.987478094111884,13.728091123892142,-17.86477547137968,-20.65867295079272,7.062842372884674,-18.20541340148295,36.88791353073965,31.25061953515691,-21.264320875237704,-0.48409575135245525,20.742634671188668,2.934726438511172,-23.033947130549855,-24.391398457436004,-42.37385088964698,-2.760098740217621,-10.514574441852513,2.8279692788652677,19.56814743701888,-5.244050440139051,9.930601227980613,-27.12734335705434,-0.5052244271799419,21.16595470614234,-12.78666109695505,11.010527592127522,-8.981887559445958,0.9450837798833632,22.814668678453266,26.764405912789716,-1.3532541737774926,28.25219700098129,2.880549473918554,-19.45168752803377,-6.341519624198357,20.762016322522726,-3.4465108428596043,7.138255702253166,-18.78317819262466,-15.140836367380587,18.738354116930637,-9.006716535201049,21.09596127080773
-166.89129234978944,113.42317277485789,153.97915747970612,-200.75343761736897,-243.08835445047762,56.09787997049038,-206.8116821877972,403.2034602411694,321.1862251875755,-241.26191848678135,-1.3387546773151717,221.82265230626206,31.919764348080665,-255.84940244112954,-264.34070410573884,-453.49692933270126,-6.8615984150773635,-110.76743579547535,19.56814743701888,211.92035844554155,-67.49998414422303,112.07216791358611,-289.59355079087493,-8.012994488910993,228.68080323236555,-132.33088848034558,122.24333421130572,-100.63966478273953,3.5088755846504465,244.61809375270036,301.3929750432125,-23.419819711293947,308.6155714154032,34.139481831821485,-211.6658494759123,-78.64673797847281,218.46274589750269,-34.55106857388441,57.94996621763872,-197.54617965252677,-176.34114173410336,204.29546404648838,-102.61107089428243,238.26381185650524
52.72379600717448,-35.62886125803423,-49.51965054868772,64.5947654678438,79.15941737775348,-16.043999139684768,66.73611715287808,-128.75936091209,-100.75942369193442,77.8270799454602,0.07760620303326082,-70.40231546344525,-10.178930979848321,82.06421626822264,84.21314905099128,143.96295801590472,0.12549948284273543,35.003334077215634,-5.244050440139051,-67.49998414422303,22.457993542569323,-36.10181329482545,91.86515725360032,2.779179785596744,-72.78956587899003,41.59999017328725,-39.20482835071638,32.35664688116094,-0.5162203300159447,-77.69443918004636,-97.0305655529251,8.243743415931453,-98.53589105660723,-11.137148868148769,67.50905451935562,25.941851251166504,-69.01320239953823,10.756923614311805,-16.72640417251302,62.39629093652291,57.274027721888096,-65.19354594032718,33.1370570274577,-76.76758180507487
-88.0756942704772,59.77222565013007,81.63132826010094,-106.44216122680123,-129.28719396403767,28.895882393479088,-109.73550062551416,213.37128643250318,169.2040696135824,-128.00406810233565,-0.5606642298645662,117.20262511810438,16.88549386522785,-135.54549033068363,-139.80119574532966,-239.623757719952,-2.75798012376227,-58.46084091190013,9.930601227980613,112.07216791358611,-36.10181329482545,59.439693623110685,-152.9904566087864,-4.333382553616962,120.91503839344446,-69.74974085778803,64.76074548827862,-53.34971040153743,1.6015549510819294,129.27090112731264,159.82523615824758,-12.716900780431144,163.3087265813314,18.165552944515376,-111.97569248803548,-41.968377961219495,115.29104173324855,-18.167135973750145,29.914369125689174,-104.24850131978884,-93.72421419944281,108.09162152492951,-54.45681516939408,126.37433995644527
228.2303261137224,-155.19008376091608,-210.22990373971615,274.07877063065763,331.5074004075445,-77.37287146219573,282.27465386658304,-550.8559183618763,-439.511851941348,329.3053800217541,1.9659841947265422,-303.2238167693061,-43.61420844626519,349.3996533700067,361.2207111811932,619.9020604788733,10.182735371678126,151.47471844493538,-27.12734335705434,-289.59355079087493,91.86515725360032,-152.9904566087864,395.8825217310414,10.860976889617808,-312.51618125408584,181.0479985501096,-166.94304753009584,137.40815654569724,-5.030368608618971,-334.36193850344483,-411.4558375915342,31.69678985447043,-421.6368624766731,-46.54926357405648,289.2105061266969,107.12341776533685,-298.7574312594624,47.31185026025719,-79.86745766564404,270.1566512428314,240.54070695882456,-279.12634758797384,140.04257908005894,-325.2493580817139
6.207355738742219,-4.170617699330851,-5.934489897572068,7.744953907448243,9.601879492272266,-1.6887073829289583,8.024295508272981,-15.324048012791858,-11.778580513967341,9.355053134574952,-0.032349934347669036,-8.32751775049529,-1.20999230225541,9.809540908897628,9.998941146465285,17.032425741253252,-0.22889676608358425,4.122552817843022,-0.5052244271799419,-8.012994488910993,2.779179785596744,-4.333382553616962,10.860976889617808,0.35712350554524347,-8.635317475411092,4.873181407020057,-4.6857932209147055,3.8767745031808354,0.010120803811293627,-9.197181697186284,-11.640683179677799,1.0712501048507632,-11.725271905916802,-1.3533527461129489,8.024694349664195,3.1852388176799367,-8.124556528439953,1.2475765471761266,-1.7808156877965318,7.344856433327855,6.9298733240058805,-7.753303707238006,3.9872544944076247,-9.216653676897792
-180.11249120417168,122.4189827045516,166.1328644469447,-216.59741177474078,-262.2255429512011,60.62743218827531,-223.12409487345312,435.07510836411086,346.66695646747644,-260.29300048026175,-1.4622396798681614,239.3789584035772,34.44369142889619,-276.0549994290624,-285.2462101476438,-489.38767889205246,-7.509099350594868,-119.54209127308519,21.16595470614234,228.68080323236555,-72.78956587899003,120.91503839344446,-312.51618125408584,-8.635317475411092,246.76940908464675,-142.82460892097492,131.89772648473078,-108.58369421618315,3.816888202681692,263.9758387311189,325.1771518495542,-25.232055126179606,333.0114319956388,36.82617088656126,-228.40155089400346,-84.82149044523987,235.76946328808046,-37.29628013797706,62.621320952878,-213.19656045575047,-190.2312594198174,220.4465103887911,-110.70320206350168,257.062973552623
104.46203006929535,-71.11148508855537,-95.87792037115197,124.9842376831979,150.7999146781895,-36.076104699312666,128.64556781577693,-251.58457656061165,-201.44595789697007,150.08963403131474,1.0363508859200272,-138.65882680922005,-19.924835388431955,159.43360170832153,165.0545051990146,283.45768996266906,5.466575008446484,69.32658130214622,-12.78666109695505,-132.33088848034558,41.59999017328725,-69.74974085778803,181.0479985501096,4.873181407020057,-142.82460892097492,82.94784098313443,-76.17921043719947,62.67039400191473,-2.5362407434423444,-152.87489712781192,-187.6087082924489,14.174379248287911,-192.57503062007748,-21.166892864878136,132.1203038454032,48.59833552317621,-136.74400007368138,21.717336112049974,-37.17950797174263,123.6565058684545,109.4791947075055,-127.49972728323304,63.81400664507462,-148.27792098704342
-96.14742067173184,65.28697013130889,88.9538327926584,-115.98437703276385,-140.70733298655247,31.848244104304435,-119.53839691702001,232.67557339237675,184.83947346074487,-139.4436302300426,-0.6744612250159129,127.88478895604895,18.4158193133846,-147.74351836729332,-152.48602252073343,-261.45806512586165,-3.380810543490864,-63.81686912902405,11.010527592127522,122.24333421130572,-39.20482835071638,64.76074548827862,-166.94304753009584,-4.6857932209147055,131.89772648473078,-76.17921043719947,70.58963148492964,-58.13691348955036,1.855513744692429,141.04290307933522,174.1436274016602,-13.729091963627482,178.08706918618432,19.766645177183328,-122.12175897494112,-45.616124652403705,125.8573045790354,-19.860782401364933,32.94249424581653,-113.80468467534357,-102.02995239575202,117.87923269642619,-59.31684990437165,137.68480210066534
79.11913993010275,-53.70738826664415,-73.27292816834692,95.54141677770406,115.9858759797093,-26.066897234711902,98.48492054741398,-191.58324257812532,-152.0438481678067,114.88229512417456,0.5260407485559553,-105.26301724401199,-15.162407630580429,121.68110655921895,125.53869611556301,215.21093612106557,2.6107850967735082,52.51536794608171,-8.981887559445958,-100.63966478273953,32.35664688116094,-53.34971040153743,137.40815654569724,3.8767745031808354,-108.58369421618315,62.67039400191473,-58.13691348955036,47.888139769904555,-1.477187259044425,-116.09826402121111,-143.45408577534565,11.368457439417428,-146.63402001383122,-16.295399539954,100.54718049903552,37.62924281130371,-103.56699177015095,16.33001108558658,-26.975617688743494,93.64806495229814,84.09134655819247,-97.05700330801469,48.87215006029334,-113.42568702548132
-3.0357962255326334,2.1908116025918036,2.251606890517951,-2.9150704426463836,-2.9377081656525474,2.07418447227259,-2.8823772823954483,6.467598011863081,6.28712991398826,-3.3785411045305285,-0.24145895087025393,3.8311283093620174,0.520821992921127,-3.8770490567584153,-4.366458224218424,-7.8124712715741165,-1.407120638674017,-2.0083056219695803,0.9450837798833632,3.5088755846504465,-0.5162203300159447,1.6015549510819294,-5.030368608618971,0.010120803811293627,3.816888202681692,-2.5362407434423444,1.855513744692429,-1.477187259044425,0.4360086498272043,4.18847910659798,4.342291911182322,0.10440788518343506,4.961173484485832,0.3999101366336261,-3.4481253863518684,-0.7421963858103379,3.9759803240552554,-0.7278940200340281,2.046667425202981,-3.6007460722610243,-2.22514176504461,3.3061893256610193,-1.4142356163926804,3.394780574634881
-192.74110983296555,131.0380275427532,177.62784363887195,-231.57839538495887,-280.1968678334794,65.17272524147877,-238.52273417676025,465.33833486986464,371.097750351954,-278.26118873069277,-1.6254898816799135,256.10607949530277,36.84192172866909,-295.19358442801143,-305.1228112782523,-523.5791716439094,-8.393848994337462,-127.92196813677596,22.814668678453266,244.61809375270036,-77.69443918004636,129.27090112731264,-334.36193850344483,-9.197181697186284,263.9758387311189,-152.87489712781192,141.04290307933522,-116.09826402121111,4.18847910659798,282.4115735257392,347.6584576844601,-26.85302015806304,356.1782551403922,39.346468915556876,-244.30357161521857,-90.57643950808519,252.30113633011456,-39.93910780944829,67.28930877399945,-228.14695448577754,-203.29483296581284,235.7886007438596,-118.33881709931032,274.82458135400043
-236.8853385376311,160.77353642614628,219.50067401557408,-286.2132748849444,-347.5858291351534,77.81721643709545,-295.05758207914084,573.794020094132,455.12804990999086,-344.1798846368772,-1.5280300076813105,315.20474277174276,45.40918052776513,-364.485251796779,-375.96309636034715,-644.4424718002385,-7.539094488253587,-157.23415439330657,26.764405912789716,301.3929750432125,-97.0305655529251,159.82523615824758,-411.4558375915342,-11.640683179677799,325.1771518495542,-187.6087082924489,174.1436274016602,-143.45408577534565,4.342291911182322,347.6584576844601,429.75298730594943,-34.15241276810294,439.16821197947036,48.83675612577303,-301.1280734877292,-112.81203648336374,310.08258598628925,-48.87116183189408,80.55092101895393,-280.384230147454,-251.98433791194984,290.680362776453,-146.42211094226946,339.80309277763297
18.08859327833487,-12.126882208615031,-17.405290067945266,22.719039391596617,28.28169120118862,-4.706641694431275,23.561882117071253,-44.83123124432352,-34.23187331007968,27.465692409354965,-0.13753871983875152,-24.30815057854371,-3.537342267686549,28.742784008270597,29.226476014354258,49.721701657091046,-0.9277119019877907,12.01376518970093,-1.3532541737774926,-23.419819711293947,8.243743415931453,-12.716900780431144,31.69678985447043,1.0712501048507632,-25.232055126179606,14.174379248287911,-13.729091963627482,11.368457439417428,0.10440788518343506,-26.85302015806304,-34.15241276810294,3.2300055536140246,-34.29977564888403,-3.9882282985260438,23.465450685910817,9.421114485420695,-23.675788010854937,3.6152508217785404,-4.986992980149445,21.401411750780603,20.3935199216269,-22.677204305245656,11.711154004864103,-27.04866632328991
-242.93334765588284,165.0527364397742,224.35445537704578,-292.5145669883683,-354.433227592932,81.24318312075957,-301.38949468475425,587.2598992441339,467.35569472293605,-351.5878262056297,-1.8633644188668652,322.9738629573743,46.4870121164803,-372.73015171251006,-384.9585298889476,-660.2995342627144,-9.482910921689621,-161.23984467108954,28.25219700098129,308.6155714154032,-98.53589105660723,163.3087265813314,-421.6368624766731,-11.725271905916802,333.0114319956388,-192.57503062007748,178.08706918618432,-146.63402001383122,4.961173484485832,356.1782551403922,439.16821197947036,-34.29977564888403,449.48967499313414,49.78178505586457,-308.26720259128973,-114.75229856044497,318.0020708102057,-50.254714676649385,83.96321270117777,-287.552953244942,-257.07590687952865,297.54178114395864,-149.54271577047788,347.19589231669795
-26.76622357388703,18.13510533277812,24.93580455882563,-32.519477553327704,-39.63632248318239,8.535919788969997,-33.55365558273057,65.04562977184386,51.31765369938649,-39.13592097327434,-0.1197145199673384,35.665444369164355,5.145497163356421,-41.373450673509865,-42.588723774164265,-72.92358757280253,-0.5393185223143072,-17.76790776375866,2.880549473918554,34.139481831821485,-11.137148868148769,18.165552944515376,-46.54926357405648,-1.3533527461129489,36.82617088656126,-21.166892864878136,19.766645177183328,-16.295399539954,0.3999101366336261,39.346468915556876,48.83675612577303,-3.9882282985260438,49.78178505586457,5.572096498990273,-34.12322211729196,-12.914728668717515,35.03642873732366,-5.4978455069064385,8.859761346365888,-31.679517845663526,-28.711818921145195,32.94457043650984,-16.654815821804114,38.624110306300075
166.6500819201867,-113.24012078755955,-153.83889759675378,200.5736337034008,242.95934617959438,-55.858959478564685,206.64450882147875,-402.75055147029155,-320.65532408334764,241.0644822780701,1.3043487257122055,-221.53260614713636,-31.882567278148812,255.595933117341,264.0247538648796,452.90689997093654,6.659617280352293,110.608249699907,-19.45168752803377,-211.6658494759123,67.50905451935562,-111.97569248803548,289.2105061266969,8.024694349664195,-228.40155089400346,132.1203038454032,-122.12175897494112,100.54718049903552,-3.4481253863518684,-244.30357161521857,-301.1280734877292,23.465450685910817,-308.26720259128973,-34.12322211729196,211.42014695787327,78.63612982601006,-218.14673906568007,34.48621089729072,-57.717509543467344,197.25949809389772,176.23346908480616,-204.06165090633166,102.53056101999135,-238.06014678513688
61.53193616911603,-41.62927738832339,-57.58572081912413,75.10876560293255,91.82545599119851,-19.120977631016174,77.5542487366922,-149.9440261461774,-117.7603347423752,90.44919371847456,0.1718972594372255,-82.08713014923393,-11.85717387419897,95.4819241878599,98.11605681488874,167.84942769280931,0.6289992296815548,40.84898872862631,-6.341519624198357,-78.64673797847281,25.941851251166504,-41.968377961219495,107.12341776533685,3.1852388176799367,-84.82149044523987,48.59833552317621,-45.616124652403705,37.62924281130371,-0.7421963858103379,-90.57643950808519,-112.81203648336374,9.421114485420695,-114.75229856044497,-12.914728668717515,78.63612982601006,30.01704439973325,-80.54315315324828,12.591414784846389,-19.89451474843682,72.82335150879396,66.47259457628608,-75.93045750935914,38.50264593815892,-89.23901840045237
-172.30238795378222,117.22161805291486,158.4502097817976,-206.56323136389838,-249.56112793346495,58.916848665733895,-212.68217809144636,415.45372046066416,332.0217286665722,-248.12526803351656,-1.5884612102097806,228.82114784882597,32.897628657799416,-263.4071829974139,-272.49168459809994,-467.7858353522031,-8.301122439525502,-114.3524021325503,20.762016322522726,218.46274589750269,-69.01320239953823,115.29104173324855,-298.7574312594624,-8.124556528439953,235.76946328808046,-136.74400007368138,125.8573045790354,-103.56699177015095,3.9759803240552554,252.30113633011456,310.08258598628925,-23.675788010854937,318.0020708102057,35.03642873732366,-218.14673906568007,-80.54315315324828,225.5481353652463,-35.76565091310453,60.77075171854538,-203.9580857960023,-181.12590989769296,210.53020205205215,-105.50874265698785,245.0974232074172
27.32202054217362,-18.621308394011137,-24.98148905136257,32.561739659694545,39.18402588353371,-9.618564675301977,33.494571246915186,-65.6513683888557,-52.76534867372835,39.08061563022328,0.30870299207981083,-36.23075080631219,-5.200954948477642,41.56501941554683,43.09334207120785,74.06242770910067,1.652313763594538,18.131255054392046,-3.4465108428596043,-34.55106857388441,10.756923614311805,-18.167135973750145,47.31185026025719,1.2475765471761266,-37.29628013797706,21.717336112049974,-19.860782401364933,16.33001108558658,-0.7278940200340281,-39.93910780944829,-48.87116183189408,3.6152508217785404,-50.254714676649385,-5.4978455069064385,34.48621089729072,12.591414784846389,-35.76565091310453,5.697470886811932,-9.896548826360219,32.34365976023658,28.463666961848617,-33.276295587548475,16.61196639885363,-38.61901135047101
-46.42067668679054,31.916238706027904,41.24774533898972,-53.718836657918985,-63.34287100850623,18.63687410034571,-54.9926678656245,109.65568068203905,90.6184190390935,-64.19960817222909,-0.9967917446620317,61.11288902091702,8.706698150151059,-68.92839846515257,-72.25451503108884,-124.88282233472559,-5.59966269265952,-30.79160389731929,7.138255702253166,57.94996621763872,-16.72640417251302,29.914369125689174,-79.86745766564404,-1.7808156877965318,62.621320952878,-37.17950797174263,32.94249424581653,-26.975617688743494,2.046667425202981,67.28930877399945,80.55092101895393,-4.986992980149445,83.96321270117777,8.859761346365888,-57.717509543467344,-19.89451474843682,60.77075171854538,-9.896548826360219,18.97615362066121,-54.96874642136118,-46.2209144661975,55.64420513552301,-27.239158955273133,63.569155413397745
155.80936373050056,-106.00298474491517,-143.2748413444753,186.77956992862488,225.65045303019227,-53.29310543391238,192.31080630243096,-375.6728539606446,-300.2471688516756,224.35942715253026,1.4393768349173253,-206.91495978066496,-29.747883009130533,238.1820245363711,246.4021149504461,423.00215402745846,7.525731091566232,103.4066261594308,-18.78317819262466,-197.54617965252677,62.39629093652291,-104.24850131978884,270.1566512428314,7.344856433327855,-213.19656045575047,123.6565058684545,-113.80468467534357,93.64806495229814,-3.6007460722610243,-228.14695448577754,-280.384230147454,21.401411750780603,-287.552953244942,-31.679517845663526,197.25949809389772,72.82335150879396,-203.9580857960023,32.34365976023658,-54.96874642136118,184.43526551829783,163.77348239778777,-190.3716169301236,95.4023262182631,-221.62220772645915
138.37094223968407,-93.80520706215671,-128.6761199698155,167.80153454609592,204.2766841940442,-44.57289122911679,173.08725241643947,-335.89394874554415,-265.47972998102733,201.8900346610553,0.7110624845927672,-184.29020719805487,-26.57468982893474,213.5556975548569,219.97965968823212,376.80161540910575,3.330339764835654,91.84986532597647,-15.140836367380587,-176.34114173410336,57.274027721888096,-93.72421419944281,240.54070695882456,6.9298733240058805,-190.2312594198174,109.4791947075055,-102.02995239575202,84.09134655819247,-2.22514176504461,-203.29483296581284,-251.98433791194984,20.3935199216269,-257.07590687952865,-28.711818921145195,176.23346908480616,66.47259457628608,-181.12590989769296,28.463666961848617,-46.2209144661975,163.77348239778777,148.01339689505332,-170.1374460623799,85.90783797047938,-199.27437713160526
-160.83151389641995,109.27873957251414,148.49963462739447,-193.61355068418192,-234.56277693228628,53.84715156252949,-199.48074394753039,388.73896462708495,309.43342608439406,-232.70642993380238,-1.246344396389026,213.80959548144614,30.772665911969874,-246.71688947732397,-254.8318812071082,-437.11886800579646,-6.35229532897507,-106.74649477061782,18.738354116930637,204.29546404648838,-65.19354594032718,108.09162152492951,-279.12634758797384,-7.753303707238006,220.4465103887911,-127.49972728323304,117.87923269642619,-97.05700330801469,3.3061893256610193,235.7886007438596,290.680362776453,-22.677204305245656,297.54178114395864,32.94457043650984,-204.06165090633166,-75.93045750935914,210.53020205205215,-33.276295587548475,55.64420513552301,-190.3716169301236,-170.1374460623799,196.96086559833944,-98.97710383514482,229.80297151300584
80.60279227969951,-54.683209084208315,-74.78102761409289,97.51272412045248,118.5227572907543,-26.298602307447446,100.54629639851856,-195.38726384076742,-154.7862686178166,117.28285242633292,0.48311049081427093,-107.286594247867,-15.461108192528368,124.15226482156869,128.00052094455887,219.35295283362754,2.346863432130772,53.50156135884542,-9.006716535201049,-102.61107089428243,33.1370570274577,-54.45681516939408,140.04257908005894,3.9872544944076247,-110.70320206350168,63.81400664507462,-59.31684990437165,48.87215006029334,-1.4142356163926804,-118.33881709931032,-146.42211094226946,11.711154004864103,-149.54271577047788,-16.654815821804114,102.53056101999135,38.50264593815892,-105.50874265698785,16.61196639885363,-27.239158955273133,95.4023262182631,85.90783797047938,-98.97710383514482,49.89891787606112,-115.7817395997489
-187.24045438774644,127.06671737201404,173.5546011395484,-226.30506317576675,-274.89103352739016,61.402246835900094,-233.31012021746807,453.62950473954254,359.70004857941296,-272.1507548874555,-1.1860427457508276,249.166766756239,35.89855771987596,-288.17715983139567,-297.2155578584269,-509.4284775456651,-5.829548387753587,-124.28249787016739,21.09596127080773,238.26381185650524,-76.76758180507487,126.37433995644527,-325.2493580817139,-9.216653676897792,257.062973552623,-148.27792098704342,137.68480210066534,-113.42568702548132,3.394780574634881,274.82458135400043,339.80309277763297,-27.04866632328991,347.19589231669795,38.624110306300075,-238.06014678513688,-89.23901840045237,245.0974232074172,-38.61901135047101,63.569155413397745,-221.62220772645915,-199.27437713160526,229.80297151300584,-115.7817395997489,268.6843197008998
