V1,V2,V3,V4,V5,V6,V7,V8,V9,V10,V11,V12,V13,V14,V15,V16,V17,V18,V19,V20,V21,V22,V23,V24,V25,V26,V27,V28,V29
1.1616979393831137,-0.6255826900667629,-0.43886113112145664,-0.1925385595075387,-0.2428179855172177,0.08395473112698927,1.1490507766989102,1.034063415576064,-1.5028398318960179,-0.08235205739495326,0.21691388665591796,0.6250482097989716,-0.6231268860410041,-0.5665967399015478,0.9563573917359247,-0.8548300901566361,0.03650596989551525,0.6064357490697411,-0.4017284962473773,0.17671475644100373,0.1589844578053792,-0.28219296019755225,0.19025404045119307,1.0957213701855755,-0.5662607691811004,0.12827982954338069,-0.4916235275165381,0.6247234351182058,0.42960998758711816
-0.6255826900667629,0.5085266435832242,0.3564753014431817,0.15452824400061752,-0.022576807818007347,-0.004350780491366054,-0.2706948908598575,-0.37738290366365895,0.8099423111407391,0.054674626929135745,-0.18211164895135337,-0.450997008655733,0.24453049226207957,0.44118766856686553,-0.44629051207924203,0.17489229890845734,-0.49348065022255433,-0.14437180854947834,0.24541291417433808,0.001121848784250023,-0.00589943623234433,0.05811885978517023,-0.5088705478616714,-0.9034845930393715,0.4773106611516481,-0.17438869848917063,0.2268708326928831,-0.5130108986374499,0.14921539871720485
-0.43886113112145664,0.3564753014431817,1.0800008780190602,-0.38387506926343445,0.466359867095003,0.3370160073847435,-0.27479909435321687,-0.44476206163876764,0.5408901304539364,-0.28249978223733774,-0.31209306669686016,-0.32570743748044906,0.8064093266469605,0.41464366113277146,0.23802417176820811,-0.1975383360098565,-0.5313442271907727,-0.3327110121466671,0.09857230601841276,0.24465473685955305,-0.4394982451343723,-0.4089034164519165,-0.1969489067379131,-0.6657405755960466,0.466913616579681,0.4878000724543886,0.20308888260497457,-0.29085845554488476,0.1191139920457506
-0.1925385595075387,0.15452824400061752,-0.38387506926343445,0.4583605470526918,-0.3041122255082372,-0.13135425475828777,-0.18666561794967895,-0.23814945768363488,0.4254962094769269,0.22118351764091052,0.15424410036243352,-0.2696626955526671,-0.4294529541306271,0.17760801778572963,-0.5141369137283809,0.27834191017995197,-0.27038690227114354,-0.08181936903243638,0.15161575300536725,-0.1834658541691824,0.33771610157336496,0.1702020431367574,-0.3170516658438085,-0.3696461525359981,0.10294278653623602,-0.715704163940096,-0.05056590737328611,-0.20910889778834146,0.12883774004993767
-0.2428179855172177,-0.022576807818007347,0.466359867095003,-0.3041122255082372,1.1860433664030094,-0.29986043836632337,-0.9191229886122064,-0.8312529006876709,0.205487179656931,-0.4035443011452017,-0.4182394051447066,-0.3786346103233874,0.5773386080008267,0.701203075462659,0.1489700988723599,0.3084292682740967,0.13047025606425788,-0.40655504389988295,-0.18456112239930497,-0.23063084384905305,-0.7043655942413986,0.12871034262872433,0.20388798944445086,0.2999695916241969,0.24602483011177562,-0.1154313782380474,0.028144543491275594,-0.21527698503821383,-0.5902777346047234
0.08395473112698927,-0.004350780491366054,0.3370160073847435,-0.13135425475828777,-0.29986043836632337,0.5717243818560391,0.15887585917918637,0.012690310603167573,0.09769468488439208,-0.05222028432091334,0.23046976787084938,0.15249805644338846,0.08348970262357178,-0.2199395976451523,0.22509727358100187,-0.24032678562143397,-0.2153764614021688,-0.1862814879696922,0.059701960847374114,0.27516101072010385,0.12055276889766704,-0.4539170971169488,0.10269186762002105,-0.21590602333682632,-0.0724203361496788,0.30204756777093866,-0.07022569666551567,0.2267832670010199,0.22148959017215566
1.1490507766989102,-0.2706948908598575,-0.27479909435321687,-0.18666561794967895,-0.9191229886122064,0.15887585917918637,2.57335178302956,2.302994189054357,-1.9656421215662296,-0.015590070923410275,-0.10632558569851841,0.8991175735405493,-0.8603336297669625,-0.7169430383436899,1.202730365689331,-1.8171673439523397,-0.652746957389518,1.6366300517502426,-0.4371290746794361,0.6321429921315774,0.3162373696465129,-0.46919370063992344,-0.514144665768935,0.7521053343971982,-0.4284174427148604,0.5125152922745426,-0.44752586175948406,0.1720680366575548,1.3862336631954169
1.034063415576064,-0.37738290366365895,-0.44476206163876764,-0.23814945768363488,-0.8312529006876709,0.012690310603167573,2.302994189054357,2.4816146273443573,-2.0845653951193968,0.059767343526045326,-0.2122891605384315,1.1976307045529868,-0.9083517319259331,-0.8830159038242584,0.9866094818693871,-1.59453512949845,0.10785963788992192,1.7524608700411293,-0.543961312804515,0.6384084225126446,0.16881261478897264,-0.16124087702081147,0.08719116539825943,1.2756117439545103,-0.5628107621415853,0.8290386962476375,-0.4285759794286847,-0.009554727127447628,0.9743989143512344
-1.5028398318960179,0.8099423111407391,0.5408901304539364,0.4254962094769269,0.205487179656931,0.09769468488439208,-1.9656421215662296,-2.0845653951193968,2.5327341717896563,0.25789877918426185,0.1313558467385492,-1.2234073086609234,0.9601832294198609,0.6897840084958202,-1.4572717817549765,1.525296282811792,-0.2884075807820318,-1.5224276840719422,0.8625077508321839,-0.4264693094639634,0.10798065678964659,0.22339437405045132,-0.4314228402058536,-2.0575575168725937,0.792353825804958,-0.48540469623968685,0.7770066992780478,-0.38468994674309914,-0.6240439049269487
-0.08235205739495326,0.054674626929135745,-0.28249978223733774,0.22118351764091052,-0.4035443011452017,-0.05222028432091334,-0.015590070923410275,0.059767343526045326,0.25789877918426185,0.4674715302289757,0.16411770645382626,-0.15721187375284346,0.08084393665909231,-0.4337616501527565,-0.43915149473701337,0.22634267766535357,0.08647638517847452,-0.19099986339335898,0.4190072519104615,-0.057119259668620075,0.4084125765897771,0.14141454525695826,-0.13204764537138589,-0.5039338976998661,-0.011708547693102506,0.18516113922072114,0.450002547029209,0.14829775435360543,0.06352611253968463
0.21691388665591796,-0.18211164895135337,-0.31209306669686016,0.15424410036243352,-0.4182394051447066,0.23046976787084938,-0.10632558569851841,-0.2122891605384315,0.1313558467385492,0.16411770645382626,0.5146053724520084,0.06787776588756421,-0.16539104071606442,-0.38886544157391084,-0.11160763068907725,0.29414031357339615,0.18087903128459537,-0.35962398065487666,0.15106420780627658,-0.1033997568866698,0.37984393134517747,-0.09552517109312768,0.15717665561400357,-0.11452913123190357,-0.23517752114696136,-0.12962142443300545,-0.052916046962924804,0.5298096963755099,-0.09157278831128932
0.6250482097989716,-0.450997008655733,-0.32570743748044906,-0.2696626955526671,-0.3786346103233874,0.15249805644338846,0.8991175735405493,1.1976307045529868,-1.2234073086609234,-0.15721187375284346,0.06787776588756421,1.0653468069734429,-0.5684509656471801,-0.6117026309101475,0.5979650168646263,-0.5744957845413574,0.7600289192677342,0.8378683219951151,-0.536866071253542,0.3288331502297515,-0.068789011411584,-0.060350467408771036,0.7732188082744996,1.3289649600331654,-0.5986199814789807,0.5721383758213032,-0.5081111515890638,0.21026951244651096,0.02272660553283468
-0.6231268860410041,0.24453049226207957,0.8064093266469605,-0.4294529541306271,0.5773386080008267,0.08348970262357178,-0.8603336297669625,-0.9083517319259331,0.9601832294198609,0.08084393665909231,-0.16539104071606442,-0.5684509656471801,1.717833455057456,-0.22198408512050993,-0.21696994207694353,0.6502966838210167,0.3358192493277811,-1.013348293197905,0.6835500834549711,-0.13259545024538333,-0.284406488352528,-0.007177421744117032,-0.023461492223616702,-1.12115745414495,0.3097027373778217,1.1788768258876443,1.154083588100113,0.45903773028169914,-0.628213825583998
-0.5665967399015478,0.44118766856686553,0.41464366113277146,0.17760801778572963,0.701203075462659,-0.2199395976451523,-0.7169430383436899,-0.8830159038242584,0.6897840084958202,-0.4337616501527565,-0.38886544157391084,-0.6117026309101475,-0.22198408512050993,1.4208684757376442,-0.21331259400542882,0.12031873574682994,-0.8753907316252836,-0.06128176748148093,-0.28990534065680507,-0.16331832364860557,-0.44065139046778296,0.07961048986991759,-0.4952517299666145,-0.24012372778171132,0.6121264669987176,-1.2262939208840793,-0.48535822389593236,-0.9737293069854671,0.05363683635663675
0.9563573917359247,-0.44629051207924203,0.23802417176820811,-0.5141369137283809,0.1489700988723599,0.22509727358100187,1.202730365689331,0.9866094818693871,-1.4572717817549765,-0.43915149473701337,-0.11160763068907725,0.5979650168646263,-0.21696994207694353,-0.21331259400542882,1.320217760252476,-1.166644669049367,-0.26837158497290353,0.6981363272915643,-0.55546060827632,0.3655287837036121,-0.2768180400208461,-0.5412897260124386,0.09847145178276705,1.021074584219465,-0.34583472881082594,0.4135823292876583,-0.5229516833425802,0.3680797261679241,0.5244493428980193
-0.8548300901566361,0.17489229890845734,-0.1975383360098565,0.27834191017995197,0.3084292682740967,-0.24032678562143397,-1.8171673439523397,-1.59453512949845,1.525296282811792,0.22634267766535357,0.29414031357339615,-0.5744957845413574,0.6502966838210167,0.12031873574682994,-1.166644669049367,1.7034550421868073,0.9432007442290418,-1.232648218067059,0.5071399691219398,-0.6269163961895806,0.027276522768403328,0.608293232073857,0.3931249127395189,-0.7138284285779227,0.17486417978302465,-0.23268837053729244,0.5452996294491631,0.18715523363645503,-1.236559650278805
0.03650596989551525,-0.49348065022255433,-0.5313442271907727,-0.27038690227114354,0.13047025606425788,-0.2153764614021688,-0.652746957389518,0.10785963788992192,-0.2884075807820318,0.08647638517847452,0.18087903128459537,0.7600289192677342,0.3358192493277811,-0.8753907316252836,-0.26837158497290353,0.9432007442290418,2.3672888825190594,-0.21504009110728273,-0.06749360024981578,-0.2637371847950392,-0.22602867520399997,0.7431281497258114,1.5166377075282615,1.0864114953418373,-0.5607998959178513,1.1085648598840494,0.2239068596991301,0.582922140681422,-1.4319358574298682
0.6064357490697411,-0.14437180854947834,-0.3327110121466671,-0.08181936903243638,-0.40655504389988295,-0.1862814879696922,1.6366300517502426,1.7524608700411293,-1.5224276840719422,-0.19099986339335898,-0.35962398065487666,0.8378683219951151,-1.013348293197905,-0.06128176748148093,0.6981363272915643,-1.232648218067059,-0.21504009110728273,1.605929255571503,-0.7108212285714455,0.43212610601516993,-0.08356246641381496,-0.025664131918644296,-0.09074609944412829,1.1662757787949334,-0.27295024509980087,-0.007020999331367544,-0.6916929756693133,-0.4943451678721551,0.7811884288643978
-0.4017284962473773,0.24541291417433808,0.09857230601841276,0.15161575300536725,-0.18456112239930497,0.059701960847374114,-0.4371290746794361,-0.543961312804515,0.8625077508321839,0.4190072519104615,0.15106420780627658,-0.536866071253542,0.6835500834549711,-0.28990534065680507,-0.55546060827632,0.5071399691219398,-0.06749360024981578,-0.7108212285714455,0.7176264438845561,-0.16497087490403836,0.3395317694978179,0.06910782729097467,-0.3500104418459888,-1.1736480864713166,0.21481080567532843,0.33556544055601445,0.8051844250316706,0.2887188107799641,-0.09023791924897301
0.17671475644100373,0.001121848784250023,0.24465473685955305,-0.1834658541691824,-0.23063084384905305,0.27516101072010385,0.6321429921315774,0.6384084225126446,-0.4264693094639634,-0.057119259668620075,-0.1033997568866698,0.3288331502297515,-0.13259545024538333,-0.16331832364860557,0.3655287837036121,-0.6269163961895806,-0.2637371847950392,0.43212610601516993,-0.16497087490403836,0.4002387551094228,-0.028513655993761686,-0.32325715690959533,0.0259208494856992,0.1912058670831048,-0.06663262379980317,0.36989154738019814,-0.149922372246873,-0.14107309712331315,0.43635419181786084
0.1589844578053792,-0.00589943623234433,-0.4394982451343723,0.33771610157336496,-0.7043655942413986,0.12055276889766704,0.3162373696465129,0.16881261478897264,0.10798065678964659,0.4084125765897771,0.37984393134517747,-0.068789011411584,-0.284406488352528,-0.44065139046778296,-0.2768180400208461,0.027276522768403328,-0.22602867520399997,-0.08356246641381496,0.3395317694978179,-0.028513655993761686,0.6200765691106215,-0.03913596260023903,-0.3103621206905146,-0.4817550254534233,-0.12731342382202934,-0.16263676623686907,0.17691348351244537,0.31532699469540043,0.3368608365960425
-0.28219296019755225,0.05811885978517023,-0.4089034164519165,0.1702020431367574,0.12871034262872433,-0.4539170971169488,-0.46919370063992344,-0.16124087702081147,0.22339437405045132,0.14141454525695826,-0.09552517109312768,-0.060350467408771036,-0.007177421744117032,0.07961048986991759,-0.5412897260124386,0.608293232073857,0.7431281497258114,-0.025664131918644296,0.06910782729097467,-0.32325715690959533,-0.03913596260023903,0.6830564788768183,0.19306553837850735,0.10226510775865616,0.0591839043539756,-0.07271111080560674,0.16286791827297484,-0.1821446079651154,-0.5689871860399416
0.19025404045119307,-0.5088705478616714,-0.1969489067379131,-0.3170516658438085,0.20388798944445086,0.10269186762002105,-0.514144665768935,0.08719116539825943,-0.4314228402058536,-0.13204764537138589,0.15717665561400357,0.7732188082744996,-0.023461492223616702,-0.4952517299666145,0.09847145178276705,0.3931249127395189,1.5166377075282615,-0.09074609944412829,-0.3500104418459888,0.0259208494856992,-0.3103621206905146,0.19306553837850735,1.4280949628911268,1.275841173551934,-0.5283746467109266,0.6485608922244207,-0.24996981098135787,0.30511517379552927,-0.9073367979241413
1.0957213701855755,-0.9034845930393715,-0.6657405755960466,-0.3696461525359981,0.2999695916241969,-0.21590602333682632,0.7521053343971982,1.2756117439545103,-2.0575575168725937,-0.5039338976998661,-0.11452913123190357,1.3289649600331654,-1.12115745414495,-0.24012372778171132,1.021074584219465,-0.7138284285779227,1.0864114953418373,1.1662757787949334,-1.1736480864713166,0.1912058670831048,-0.4817550254534233,0.10226510775865616,1.275841173551934,2.7334933803691386,-0.8713144533796287,0.008692289971041708,-1.1401464139713695,0.08300154667596944,-0.2791220080777762
-0.5662607691811004,0.4773106611516481,0.466913616579681,0.10294278653623602,0.24602483011177562,-0.0724203361496788,-0.4284174427148604,-0.5628107621415853,0.792353825804958,-0.011708547693102506,-0.23517752114696136,-0.5986199814789807,0.3097027373778217,0.6121264669987176,-0.34583472881082594,0.17486417978302465,-0.5607998959178513,-0.27295024509980087,0.21481080567532843,-0.06663262379980317,-0.12731342382202934,0.0591839043539756,-0.5283746467109266,-0.8713144533796287,0.5818036675416047,-0.2614392364320947,0.17065366347565405,-0.5417544039133624,0.10967735890387297
0.12827982954338069,-0.17438869848917063,0.4878000724543886,-0.715704163940096,-0.1154313782380474,0.30204756777093866,0.5125152922745426,0.8290386962476375,-0.48540469623968685,0.18516113922072114,-0.12962142443300545,0.5721383758213032,1.1788768258876443,-1.2262939208840793,0.4135823292876583,-0.23268837053729244,1.1085648598840494,-0.007020999331367544,0.33556544055601445,0.36989154738019814,-0.16263676623686907,-0.07271111080560674,0.6485608922244207,0.008692289971041708,-0.2614392364320947,2.2576655105606798,0.8726189669242866,0.6709091574916144,-0.31045526152526465
-0.4916235275165381,0.2268708326928831,0.20308888260497457,-0.05056590737328611,0.028144543491275594,-0.07022569666551567,-0.44752586175948406,-0.4285759794286847,0.7770066992780478,0.450002547029209,-0.052916046962924804,-0.5081111515890638,1.154083588100113,-0.48535822389593236,-0.5229516833425802,0.5452996294491631,0.2239068596991301,-0.6916929756693133,0.8051844250316706,-0.149922372246873,0.17691348351244537,0.16286791827297484,-0.24996981098135787,-1.1401464139713695,0.17065366347565405,0.8726189669242866,1.1925473748453452,0.3859563646003022,-0.2950049139596388
0.6247234351182058,-0.5130108986374499,-0.29085845554488476,-0.20910889778834146,-0.21527698503821383,0.2267832670010199,0.1720680366575548,-0.009554727127447628,-0.38468994674309914,0.14829775435360543,0.5298096963755099,0.21026951244651096,0.45903773028169914,-0.9737293069854671,0.3680797261679241,0.18715523363645503,0.582922140681422,-0.4943451678721551,0.2887188107799641,-0.14107309712331315,0.31532699469540043,-0.1821446079651154,0.30511517379552927,0.08300154667596944,-0.5417544039133624,0.6709091574916144,0.3859563646003022,1.3270865560715208,-0.2979075863459178
0.42960998758711816,0.14921539871720485,0.1191139920457506,0.12883774004993767,-0.5902777346047234,0.22148959017215566,1.3862336631954169,0.9743989143512344,-0.6240439049269487,0.06352611253968463,-0.09157278831128932,0.02272660553283468,-0.628213825583998,0.05363683635663675,0.5244493428980193,-1.236559650278805,-1.4319358574298682,0.7811884288643978,-0.09023791924897301,0.43635419181786084,0.3368608365960425,-0.5689871860399416,-0.9073367979241413,-0.2791220080777762,0.10967735890387297,-0.31045526152526465,-0.2950049139596388,-0.2979075863459178,1.3665583022451888
