V1,V2,V3,V4,V5,V6,V7,V8,V9,V10,V11,V12,V13,V14,V15,V16,V17,V18,V19,V20,V21,V22,V23,V24,V25,V26,V27,V28,V29,V30,V31,V32,V33,V34,V35,V36,V37,V38,V39,V40,V41,V42,V43
375818392.7773955,343541926.7179999,-318244519.9273275,66913704.26561162,-263638940.98117027,-223237552.38831976,-176131129.2120809,-3152447.411185632,-367666385.9294372,-77533359.39591548,98688740.45862123,-323243295.99574095,434847810.0063548,115004820.44172627,-212854374.66534802,350969902.99375975,-105278839.00562936,-276464937.3030019,44661131.855589114,-209501542.8645524,-136120883.1646508,-66421590.946914636,58467734.98892588,182002835.88442194,-225660607.00872776,-288572964.2869445,-911001.7477336343,-200906889.33230692,31300212.5653445,259519479.26349348,36454321.48551579,356163373.24349946,112186843.44768892,-133890036.3977191,-25229748.927948926,-176327248.7067618,-516787804.3482203,-21514434.2277278,219554609.47399843,299735395.8865349,-120893601.77016003,335746565.25554436,321550437.5634918
343541926.7179999,314037466.09910315,-290912678.82657284,61166945.11864125,-240996799.62865576,-204065210.42389086,-161004433.12906894,-2881705.2235971373,-336090041.6341974,-70874551.17932282,90213041.1340519,-295482144.05216336,397501713.0397423,105127846.00583608,-194573772.12156317,320827504.9378023,-96237161.5749082,-252721259.39094305,40825493.70334934,-191508891.01820168,-124430393.31052238,-60717095.314266294,53446341.80372168,166371860.0308699,-206280165.60406405,-263789411.99809942,-832761.5297948738,-183652373.43194458,28612052.053957824,237231130.00107166,33323509.209594462,325574942.59665644,102551886.3384564,-122391139.67956105,-23062938.710345816,-161183710.34898302,-472404442.0131993,-19666706.619266056,200698569.30783638,273993178.53842705,-110510879.11762145,306911595.5331789,293934674.5279809
-318244519.9273275,-290912678.82657284,269490734.0118314,-56662792.59342039,223250510.76996973,189038452.7155388,149148545.7287894,2669505.1231635385,311341367.1709342,65655558.95186172,-83570020.51966427,273723717.6940241,-368230866.33834505,-97386541.91235842,180245936.46445176,-297202718.6653098,89150542.2393474,234111615.66700682,-37819225.14390597,177406745.49234536,115267708.99230742,56246069.35732153,-49510712.17255271,-154120730.09205997,191090305.02168435,244364740.96872258,771440.1372271469,170128758.43816185,-26505145.245125096,-219762134.18561292,-30869665.592753895,-301600570.48228675,-95000267.46621177,113378618.61411043,21364652.4207602,149314620.06238547,437617982.0081753,18218509.180275243,-185919722.28099293,-253817132.86953595,102373185.98462816,-284311535.2328568,-272290198.03064847
66913704.26561162,61166945.11864125,-56662792.59342039,11913849.728701437,-46940380.033224344,-39746994.88322323,-31359790.940839622,-561286.855022961,-65462256.51122958,-13804657.936860973,17571330.587342903,-57552814.48489786,77423772.91913565,20476375.985474877,-37898290.92544307,62489481.43418822,-18744684.39052884,-49224022.83755256,7951824.26363154,-37301325.672380894,-24236047.734307997,-11826229.714471346,10410061.84493248,32405236.711664442,-40178414.89138988,-51379832.88349434,-162201.85111410383,-35771065.02425514,5572939.57607267,46206918.13332886,6490618.022828428,63414167.97235929,19974641.07560009,-23838850.3020196,-4492105.739432915,-31394709.967873402,-92013022.81655805,-3830601.3763038814,39091254.053149715,53367281.14032712,-21524861.215320714,59778997.018645294,57251404.755664244
-263638940.98117027,-240996799.62865576,223250510.76996973,-46940380.033224344,184944357.7210851,156602532.66602015,123557082.86358401,2211461.435853177,257920258.20711967,54390134.32526927,-69230765.59621538,226757183.19154745,-305048444.9676874,-80676597.73197469,149318668.6494606,-246207571.43535167,73853760.85748132,193941874.0986477,-31330062.051298786,146966635.83034378,95489646.47803858,46595159.168147236,-41015479.83765106,-127676121.99379307,158302320.60180548,202435730.82722893,639073.1721390934,140937432.92305353,-21957293.970408067,-182054529.58396733,-25572933.164541442,-249850822.6888774,-78699769.5870316,93924694.01448663,17698825.864157073,123694662.36958113,362529860.5046039,15092509.351290474,-154018924.89667982,-210266245.91575956,84807613.98516022,-235528305.3696114,-225569632.85127512
-223237552.38831976,-204065210.42389086,189038452.7155388,-39746994.88322323,156602532.66602015,132603955.9178172,104622558.8014428,1872565.6073757445,218395231.9576061,46055110.837619156,-58621486.90735734,192007744.3482268,-258301252.0990757,-68313302.09871277,126436308.11250146,-208477457.32640216,62536030.897908255,164221223.71383318,-26528882.46182386,124444711.75475806,80856321.3206645,39454676.63886643,-34730056.39562752,-108110376.14231765,134043259.73174909,171413439.3025039,541137.7304980746,119339455.00412303,-18592445.452944525,-154155556.40466863,-21654004.733854614,-211562396.87216052,-66639413.938378856,79531191.33243354,14986566.671973012,104739056.11809634,306973918.6577969,12779655.182785599,-130416272.48052634,-178043965.60077724,71811258.88427897,-199434737.1819295,-191002181.33136716
-176131129.2120809,-161004433.12906894,149148545.7287894,-31359790.940839622,123557082.86358401,104622558.8014428,82545653.38760538,1477426.7283434805,172310606.9691548,36336800.63259085,-46251486.31961815,151491273.3289812,-203795868.01982507,-53898183.26322004,99756376.78047659,-164485629.80841544,49340003.17172037,129568116.87398304,-20930895.51019445,98185038.4650416,63794442.59956545,31129157.39577924,-27401501.39545352,-85297488.22290547,105758148.0320564,135242666.83664194,426950.5587017055,94157066.25093587,-14669164.26494129,-121626455.1672929,-17084690.43542738,-166919603.24299097,-52577509.22900297,62748932.93348244,11824179.590624653,82637566.20375977,242197883.94879115,10082959.560875986,-102896510.47407553,-140474054.60987422,56658021.411191665,-157351056.9506055,-150697897.44496876
-3152447.411185632,-2881705.2235971373,2669505.1231635385,-561286.855022961,2211461.435853177,1872565.6073757445,1477426.7283434805,26443.432068013524,3084066.43130636,650366.8308060142,-827822.8598140178,2711435.9780694055,-3647599.05648795,-964685.6284191586,1785469.2742244282,-2944012.6769329133,883102.0329788406,2319048.687270006,-374627.3740372444,1757345.0729223343,1141811.9423160837,557158.96272045,-490440.2441535891,-1526679.8252765443,1892890.7144461318,2420613.388660279,7641.729534347443,1685251.2248537685,-262553.0549559964,-2176906.5078001833,-305786.9116404746,-2987576.7370083756,-941047.7671106614,1123099.0227818375,211632.6879396834,1479071.7292860947,4334929.837696282,180467.83544115306,-1841672.3519187665,-2514246.3509150073,1014082.1221732706,-2816315.951625761,-2697235.8318968625
-367666385.9294372,-336090041.6341974,311341367.1709342,-65462256.51122958,257920258.20711967,218395231.9576061,172310606.9691548,3084066.43130636,359691210.278572,75851557.61913681,-96548049.23241296,316231712.6434418,-425415377.7641059,-112510213.59958105,208237278.3394186,-343356896.0758964,102995200.20029658,270468042.0589771,-43692372.46233842,204957172.08186838,133168237.76195772,64980816.48182242,-57199490.85853486,-178054950.00888464,220765727.4767097,282313431.5884858,891239.9481286147,196548948.25965816,-30621269.232532702,-253890152.72498998,-35663577.36750277,-348437711.11685157,-109753363.40210798,130985782.8677734,24682481.71344995,172502474.33327952,505577981.80115867,21047756.638898976,-214792175.35900286,-293233734.45785457,118271257.2583439,-328463773.3694935,-314575576.2168255
-77533359.39591548,-70874551.17932282,65655558.95186172,-13804657.936860973,54390134.32526927,46055110.837619156,36336800.63259085,650366.8308060142,75851557.61913681,15995550.226768283,-20360019.0540066,66686833.23795641,-89711447.00227685,-23726115.039190706,43913004.96515722,-72406983.06104578,21719592.08430824,57036206.71233698,-9213832.388356173,43221297.012236774,28082471.561542656,13703131.831386317,-12062208.66968311,-37548165.93260705,46555000.13922331,59534158.62848631,187944.22509985475,41448173.71565795,-6457402.651688532,-53540267.01760418,-7520722.649292929,-73478423.28581765,-23144751.59455497,27622236.508373078,5205033.146203394,36377261.85471141,106616108.78718813,4438543.505256687,-45295299.261840336,-61837028.20672811,24941001.602770872,-69266326.5848686,-66337588.01304753
98688740.45862123,90213041.1340519,-83570020.51966427,17571330.587342903,-69230765.59621538,-58621486.90735734,-46251486.31961815,-827822.8598140178,-96548049.23241296,-20360019.0540066,25915356.19427472,-84882683.50566982,114189682.00210823,30199908.29364988,-55894896.622418165,92163604.71274108,-27645895.630794972,-72598832.39999494,11727874.332005886,-55014453.186386734,-35744920.30671069,-17442102.99458085,15353445.234367406,47793378.419812664,-59257773.53837759,-75778362.85692398,-239226.1029528501,-52757523.92422242,8219338.469269172,68149007.71204688,9572791.27905209,93527393.60653204,29459916.44087423,-35159107.11637857,-6625253.55684143,-46302986.93745781,-135706869.33843508,-5649623.410089974,57654357.34702046,78709582.58626296,-31746283.681986433,88166003.63897176,84438144.35500701
-323243295.99574095,-295482144.05216336,273723717.6940241,-57552814.48489786,226757183.19154745,192007744.3482268,151491273.3289812,2711435.9780694055,316231712.6434418,66686833.23795641,-84882683.50566982,278023190.36439216,-374014794.8642078,-98916225.48230414,183077121.14646906,-301870983.58610564,90550860.3324154,237788887.11359724,-38413264.62917402,180193334.2625143,117078258.54763767,57129545.79775447,-50288393.97908041,-156541557.29845336,194091825.77234176,248203061.52954772,783557.5355881462,172801029.3548803,-26921470.62155025,-223214013.53059036,-31354546.147666004,-306337914.2017509,-96492468.86471702,115159495.34922321,21700234.36383005,151659955.99941993,444491798.010927,18504673.634398017,-188840027.15215555,-257803925.47216895,103981196.74999711,-288777313.8594197,-276567153.7096507
434847810.0063548,397501713.0397423,-368230866.33834505,77423772.91913565,-305048444.9676874,-258301252.0990757,-203795868.01982507,-3647599.05648795,-425415377.7641059,-89711447.00227685,114189682.00210823,-374014794.8642078,503148919.8883852,133068513.68362585,-246287198.42244592,406096394.72998405,-121814881.05774052,-319889008.07757205,51676011.39995778,-242407739.44002092,-157501253.33420512,-76854362.9831232,67651203.19146828,210589838.8158603,-261104893.61623558,-333898831.98904634,-1054091.2469787144,-232463132.38623777,36216505.769148566,300281943.2487306,42180164.581461355,412105596.90065,129807920.59595564,-154920010.90874827,-29192560.23638595,-204022793.11526603,-597959145.7715404,-24893684.42293694,254039831.92759836,346814535.1264953,-139882238.59419245,388481942.8626844,372056041.9433778
115004820.44172627,105127846.00583608,-97386541.91235842,20476375.985474877,-80676597.73197469,-68313302.09871277,-53898183.26322004,-964685.6284191586,-112510213.59958105,-23726115.039190706,30199908.29364988,-98916225.48230414,133068513.68362585,35192821.1381449,-65135927.576710574,107400894.3269486,-32216555.88609671,-84601503.02234569,13666828.84486197,-64109920.36405407,-41654580.953062624,-20325782.52065819,17891810.029252965,55694995.37982475,-69054785.29916109,-88306702.332982,-278776.4322918126,-61479856.01557002,9578231.180444274,79415993.95380045,11155447.780997057,108990155.45781882,34330488.09754241,-40971917.196504116,-7720598.038531051,-53958199.674060926,-158143108.3958407,-6583667.883845643,67186277.1984586,91722536.4120369,-36994855.40450669,102742375.33384271,98398192.30409111
-212854374.66534802,-194573772.12156317,180245936.46445176,-37898290.92544307,149318668.6494606,126436308.11250146,99756376.78047659,1785469.2742244282,208237278.3394186,43913004.96515722,-55894896.622418165,183077121.14646906,-246287198.42244592,-65135927.576710574,120555528.90888852,-198780797.26489478,59627368.02654796,156583000.57404098,-25294976.517043952,118656565.77864093,77095549.29658815,37619569.28497354,-33114699.44261411,-103081969.0650185,127808667.27469298,163440692.82124853,515968.7058772756,113788763.6180837,-17727677.456774678,-146985505.74904796,-20646838.47707455,-201722251.26473042,-63539894.65117469,75832052.9789155,14289514.657505646,99867455.05968449,292696012.6462249,12185250.720251748,-124350378.20352224,-169762821.63956478,68471188.70698182,-190158670.10910648,-182118328.21683428
350969902.99375975,320827504.9378023,-297202718.6653098,62489481.43418822,-246207571.43535167,-208477457.32640216,-164485629.80841544,-2944012.6769329133,-343356896.0758964,-72406983.06104578,92163604.71274108,-301870983.58610564,406096394.72998405,107400894.3269486,-198780797.26489478,327764356.55529696,-98317977.30983841,-258185534.6792056,41708212.3555724,-195649647.52869967,-127120795.60787797,-62029904.70900834,54601944.956627935,169969110.31355718,-210740303.76681808,-269493000.640683,-850767.0115308701,-187623258.344203,29230694.69575784,242360481.32753903,34044021.424688414,332614441.56572396,104769238.2294915,-125037450.27910405,-23561599.713640053,-164668783.88821575,-482618651.0394591,-20091934.994427714,205038023.06223577,279917390.26401377,-112900317.4072072,313547560.99277186,300290055.54393053
-105278839.00562936,-96237161.5749082,89150542.2393474,-18744684.39052884,73853760.85748132,62536030.897908255,49340003.17172037,883102.0329788406,102995200.20029658,21719592.08430824,-27645895.630794972,90550860.3324154,-121814881.05774052,-32216555.88609671,59627368.02654796,-98317977.30983841,29491994.692478836,77446735.8152217,-12511022.012787,58688131.27279927,38131844.52029313,18606827.2134171,-16378696.065783314,-50984857.83519384,63214806.6201927,80838584.8104286,255200.6608531517,56280491.967396036,-8768198.013199002,-72699766.79259422,-10212029.605568824,-99772835.09715506,-31427150.063875787,37506913.00015365,7067665.4648483,49394943.135037355,144768912.76715127,6026885.965994545,-61504319.45024282,-83965541.34039198,33866192.63932612,-94053430.08229293,-90076636.62500207
-276464937.3030019,-252721259.39094305,234111615.66700682,-49224022.83755256,193941874.0986477,164221223.71383318,129568116.87398304,2319048.687270006,270468042.0589771,57036206.71233698,-72598832.39999494,237788887.11359724,-319889008.07757205,-84601503.02234569,156583000.57404098,-258185534.6792056,77446735.8152217,203377118.47554812,-32854265.167203594,154116541.33245525,100135203.91666539,48862006.77394175,-43010876.94673671,-133887546.97603147,166003706.13188124,212284200.48149356,670163.806738827,147794018.59894228,-23025513.225283965,-190911456.1608975,-26817052.502290186,-262006029.22268492,-82528502.68663828,98494117.09213933,18559871.180318926,129712389.98585619,380166885.8607181,15826757.639399998,-161511923.47756594,-220495668.8885259,88933492.21693742,-246986723.93102238,-236543562.937222
44661131.855589114,40825493.70334934,-37819225.14390597,7951824.26363154,-31330062.051298786,-26528882.46182386,-20930895.51019445,-374627.3740372444,-43692372.46233842,-9213832.388356173,11727874.332005886,-38413264.62917402,51676011.39995778,13666828.84486197,-25294976.517043952,41708212.3555724,-12511022.012787,-32854265.167203594,5307395.250355604,-24896535.629081946,-16176197.897144312,-7893342.713591166,6948130.404802741,21628671.876821022,-26816831.05827877,-34293147.23088726,-108260.51879928721,-23875172.776563123,3719623.5749479053,30840517.470641803,4332122.177655716,42325388.40766457,13331949.13085109,-15911091.133002585,-2998227.7763529257,-20954202.179814048,-61413514.51584403,-2556710.7902456434,26091212.204634167,35619657.0414455,-14366633.535740826,39899116.58010631,38212090.750002034
-209501542.8645524,-191508891.01820168,177406745.49234536,-37301325.672380894,146966635.83034378,124444711.75475806,98185038.4650416,1757345.0729223343,204957172.08186838,43221297.012236774,-55014453.186386734,180193334.2625143,-242407739.44002092,-64109920.36405407,118656565.77864093,-195649647.52869967,58688131.27279927,154116541.33245525,-24896535.629081946,116787515.77328694,75881158.5459213,37026995.15519404,-32593084.671181172,-101458245.87899987,125795453.71616153,160866211.69404817,507841.84025969537,111996390.01892632,-17448435.029702693,-144670224.61537254,-20321614.83048833,-198544769.52213883,-62539027.14062318,74637563.47029231,14064429.59681744,98294365.91791359,288085533.8782041,11993311.851677855,-122391639.8996629,-167088756.1615134,67392646.46175154,-187163333.8814266,-179249643.06158832
-136120883.1646508,-124430393.31052238,115267708.99230742,-24236047.734307997,95489646.47803858,80856321.3206645,63794442.59956545,1141811.9423160837,133168237.76195772,28082471.561542656,-35744920.30671069,117078258.54763767,-157501253.33420512,-41654580.953062624,77095549.29658815,-127120795.60787797,38131844.52029313,100135203.91666539,-16176197.897144312,75881158.5459213,49302788.782070756,24057805.08086743,-21176929.82124936,-65921166.23123607,81733948.21285875,104520713.80736838,329963.5889241363,72768187.34934117,-11336892.098810008,-93997583.37364945,-13203703.043342791,-129001863.2048748,-40633913.652468555,48494779.162979096,9138178.899305101,63865476.67010481,187179801.93673468,7792497.274614061,-79522364.78312577,-108563730.5684497,43787489.24374507,-121606924.47833487,-116465107.54411742
-66421590.946914636,-60717095.314266294,56246069.35732153,-11826229.714471346,46595159.168147236,39454676.63886643,31129157.39577924,557158.96272045,64980816.48182242,13703131.831386317,-17442102.99458085,57129545.79775447,-76854362.9831232,-20325782.52065819,37619569.28497354,-62029904.70900834,18606827.2134171,48862006.77394175,-7893342.713591166,37026995.15519404,24057805.08086743,11739254.634793825,-10333501.695716878,-32166913.841991663,39882923.70385543,51001961.23023291,161009.33228098298,35507988.68595101,-5531953.517223617,-45867091.65389339,-6442883.445129955,-62947791.44492407,-19827737.152114578,23663528.07856741,4459068.78242633,31163818.809470322,91336317.63159697,3802429.6444322183,-38803759.10512552,-52974793.13379064,21366557.57028969,-59339354.26860165,-56830352.10516611
58467734.98892588,53446341.80372168,-49510712.17255271,10410061.84493248,-41015479.83765106,-34730056.39562752,-27401501.39545352,-490440.2441535891,-57199490.85853486,-12062208.66968311,15353445.234367406,-50288393.97908041,67651203.19146828,17891810.029252965,-33114699.44261411,54601944.956627935,-16378696.065783314,-43010876.94673671,6948130.404802741,-32593084.671181172,-21176929.82124936,-10333501.695716878,9096084.991954146,28314988.732150972,-35107021.73816347,-44894576.278065376,-141728.65878521325,-31255976.275532134,4869512.9250454325,40374596.933357224,5671360.616716427,55409916.314542584,17453404.7589499,-20829866.948594254,-3925103.9925126787,-27432012.42058078,-80398971.8244884,-3347096.0423976015,34157084.756250225,46631165.3375801,-18807954.03465921,52233582.726840414,50025028.352650896
182002835.88442194,166371860.0308699,-154120730.09205997,32405236.711664442,-127676121.99379307,-108110376.14231765,-85297488.22290547,-1526679.8252765443,-178054950.00888464,-37548165.93260705,47793378.419812664,-156541557.29845336,210589838.8158603,55694995.37982475,-103081969.0650185,169969110.31355718,-50984857.83519384,-133887546.97603147,21628671.876821022,-101458245.87899987,-65921166.23123607,-32166913.841991663,28314988.732150972,88141062.16078515,-109283822.77936666,-139751271.1471452,-441183.38663613016,-97295992.68094073,15158192.338848362,125681132.49684298,17654244.59528917,172484224.50991145,54330294.417305365,-64840803.1878493,-12218363.821715822,-85392466.15061153,-250272067.02551338,-10419096.23208179,106326785.46909216,145157058.10195252,-58546837.56477303,162596691.43295738,155721733.36508158
-225660607.00872776,-206280165.60406405,191090305.02168435,-40178414.89138988,158302320.60180548,134043259.73174909,105758148.0320564,1892890.7144461318,220765727.4767097,46555000.13922331,-59257773.53837759,194091825.77234176,-261104893.61623558,-69054785.29916109,127808667.27469298,-210740303.76681808,63214806.6201927,166003706.13188124,-26816831.05827877,125795453.71616153,81733948.21285875,39882923.70385543,-35107021.73816347,-109283822.77936666,135498185.9902869,173273987.2467384,547011.2654842535,120634783.73172654,-18794250.730410855,-155828784.4654784,-21889040.568683542,-213858727.61708352,-67362728.56766528,80394435.16735789,15149233.160224387,105875909.94683929,310305860.6593333,12918367.486852638,-131831830.74833925,-179976482.26188207,72590709.32253358,-201599432.57162437,-193075348.31603602
-288572964.2869445,-263789411.99809942,244364740.96872258,-51379832.88349434,202435730.82722893,171413439.3025039,135242666.83664194,2420613.388660279,282313431.5884858,59534158.62848631,-75778362.85692398,248203061.52954772,-333898831.98904634,-88306702.332982,163440692.82124853,-269493000.640683,80838584.8104286,212284200.48149356,-34293147.23088726,160866211.69404817,104520713.80736838,51001961.23023291,-44894576.278065376,-139751271.1471452,173273987.2467384,221581377.19569144,699513.6631360305,154266788.5304722,-24033936.228442848,-199272592.79164615,-27991528.605852667,-273480816.0393443,-86142913.75030826,102807755.19718225,19372717.189036604,135393259.6796772,396816631.9554691,16519904.195602736,-168585481.87169865,-230152473.8044981,92828413.60593215,-257803728.25304282,-246903198.23885563
-911001.7477336343,-832761.5297948738,771440.1372271469,-162201.85111410383,639073.1721390934,541137.7304980746,426950.5587017055,7641.729534347443,891239.9481286147,187944.22509985475,-239226.1029528501,783557.5355881462,-1054091.2469787144,-278776.4322918126,515968.7058772756,-850767.0115308701,255200.6608531517,670163.806738827,-108260.51879928721,507841.84025969537,329963.5889241363,161009.33228098298,-141728.65878521325,-441183.38663613016,547011.2654842535,699513.6631360305,2208.5942765701484,487007.96161843603,-75873.09027746746,-629087.5291893823,-88367.2597858381,-863356.7764220997,-271945.2006587041,324555.375700039,61158.11864915771,427425.3793323843,1252718.1640269218,52152.17816260449,-532210.5958140538,-726572.0994037286,293051.73507521563,-813864.81044461,-779453.4843079075
-200906889.33230692,-183652373.43194458,170128758.43816185,-35771065.02425514,140937432.92305353,119339455.00412303,94157066.25093587,1685251.2248537685,196548948.25965816,41448173.71565795,-52757523.92422242,172801029.3548803,-232463132.38623777,-61479856.01557002,113788763.6180837,-187623258.344203,56280491.967396036,147794018.59894228,-23875172.776563123,111996390.01892632,72768187.34934117,35507988.68595101,-31255976.275532134,-97295992.68094073,120634783.73172654,154266788.5304722,487007.96161843603,107401816.84020457,-16732625.262011377,-138735230.35412294,-19487934.843793705,-190399609.93693107,-59973407.614061184,71575609.9394491,13487446.26130157,94261908.67883813,276267027.37310517,11501294.645768868,-117370608.93023081,-160234057.4728853,64627910.52403822,-179485089.75796694,-171896052.46973637
31300212.5653445,28612052.053957824,-26505145.245125096,5572939.57607267,-21957293.970408067,-18592445.452944525,-14669164.26494129,-262553.0549559964,-30621269.232532702,-6457402.651688532,8219338.469269172,-26921470.62155025,36216505.769148566,9578231.180444274,-17727677.456774678,29230694.69575784,-8768198.013199002,-23025513.225283965,3719623.5749479053,-17448435.029702693,-11336892.098810008,-5531953.517223617,4869512.9250454325,15158192.338848362,-18794250.730410855,-24033936.228442848,-75873.09027746746,-16732625.262011377,2606853.0600836542,21614202.59841456,3036115.299232636,29663235.081936017,9343534.774273805,-11151095.203435682,-2101271.5717023714,-14685498.423914542,-43040916.75078252,-1791839.7572062593,18285709.594442226,24963604.551749613,-10068680.850963177,27962811.857321266,26780480.317046348
259519479.26349348,237231130.00107166,-219762134.18561292,46206918.13332886,-182054529.58396733,-154155556.40466863,-121626455.1672929,-2176906.5078001833,-253890152.72498998,-53540267.01760418,68149007.71204688,-223214013.53059036,300281943.2487306,79415993.95380045,-146985505.74904796,242360481.32753903,-72699766.79259422,-190911456.1608975,30840517.470641803,-144670224.61537254,-93997583.37364945,-45867091.65389339,40374596.933357224,125681132.49684298,-155828784.4654784,-199272592.79164615,-629087.5291893823,-138735230.35412294,21614202.59841456,179209856.20734313,25173346.171164043,245946805.60122493,77470054.38358933,-92457083.66728075,-17422274.775064968,-121761884.68229966,-356865189.3464077,-14856683.052231586,151612318.74288175,206980753.09186012,-83482461.73577195,231848082.93092316,222045018.91488346
36454321.48551579,33323509.209594462,-30869665.592753895,6490618.022828428,-25572933.164541442,-21654004.733854614,-17084690.43542738,-305786.9116404746,-35663577.36750277,-7520722.649292929,9572791.27905209,-31354546.147666004,42180164.581461355,11155447.780997057,-20646838.47707455,34044021.424688414,-10212029.605568824,-26817052.502290186,4332122.177655716,-20321614.83048833,-13203703.043342791,-6442883.445129955,5671360.616716427,17654244.59528917,-21889040.568683542,-27991528.605852667,-88367.2597858381,-19487934.843793705,3036115.299232636,25173346.171164043,3536063.320815448,34547787.63935865,10882104.204607412,-12987310.819513457,-2447281.4447055687,-17103713.49203141,-50128330.77606848,-2086896.6750081806,21296760.308032334,29074282.75397912,-11726659.116424682,32567360.11251652,31190338.747928623
356163373.24349946,325574942.59665644,-301600570.48228675,63414167.97235929,-249850822.6888774,-211562396.87216052,-166919603.24299097,-2987576.7370083756,-348437711.11685157,-73478423.28581765,93527393.60653204,-306337914.2017509,412105596.90065,108990155.45781882,-201722251.26473042,332614441.56572396,-99772835.09715506,-262006029.22268492,42325388.40766457,-198544769.52213883,-129001863.2048748,-62947791.44492407,55409916.314542584,172484224.50991145,-213858727.61708352,-273480816.0393443,-863356.7764220997,-190399609.93693107,29663235.081936017,245946805.60122493,34547787.63935865,337536296.7112238,106319556.8444376,-126887688.54970518,-23910252.01735583,-167105466.38257533,-489760190.68715453,-20389245.332449056,208072068.6388679,284059460.6953919,-114570957.36957474,318187273.0473244,304733591.44623715
112186843.44768892,102551886.3384564,-95000267.46621177,19974641.07560009,-78699769.5870316,-66639413.938378856,-52577509.22900297,-941047.7671106614,-109753363.40210798,-23144751.59455497,29459916.44087423,-96492468.86471702,129807920.59595564,34330488.09754241,-63539894.65117469,104769238.2294915,-31427150.063875787,-82528502.68663828,13331949.13085109,-62539027.14062318,-40633913.652468555,-19827737.152114578,17453404.7589499,54330294.417305365,-67362728.56766528,-86142913.75030826,-271945.2006587041,-59973407.614061184,9343534.774273805,77470054.38358933,10882104.204607412,106319556.8444376,33489285.29863603,-39967977.934771456,-7531419.291760216,-52636055.75667615,-154268108.9361821,-6422347.277796334,65540004.06739843,89475049.03364864,-36088366.158232145,100224867.61211838,95987129.69957006
-133890036.3977191,-122391139.67956105,113378618.61411043,-23838850.3020196,93924694.01448663,79531191.33243354,62748932.93348244,1123099.0227818375,130985782.8677734,27622236.508373078,-35159107.11637857,115159495.34922321,-154920010.90874827,-40971917.196504116,75832052.9789155,-125037450.27910405,37506913.00015365,98494117.09213933,-15911091.133002585,74637563.47029231,48494779.162979096,23663528.07856741,-20829866.948594254,-64840803.1878493,80394435.16735789,102807755.19718225,324555.375700039,71575609.9394491,-11151095.203435682,-92457083.66728075,-12987310.819513457,-126887688.54970518,-39967977.934771456,47700012.80200281,8988415.86318124,62818803.954370834,184112165.28752685,7664787.925188403,-78219095.68980141,-106784511.77961278,43069868.685376935,-119613944.62204441,-114556394.02149752
-25229748.927948926,-23062938.710345816,21364652.4207602,-4492105.739432915,17698825.864157073,14986566.671973012,11824179.590624653,211632.6879396834,24682481.71344995,5205033.146203394,-6625253.55684143,21700234.36383005,-29192560.23638595,-7720598.038531051,14289514.657505646,-23561599.713640053,7067665.4648483,18559871.180318926,-2998227.7763529257,14064429.59681744,9138178.899305101,4459068.78242633,-3925103.9925126787,-12218363.821715822,15149233.160224387,19372717.189036604,61158.11864915771,13487446.26130157,-2101271.5717023714,-17422274.775064968,-2447281.4447055687,-23910252.01735583,-7531419.291760216,8988415.86318124,1693744.224513712,11837345.645434711,34693423.222916394,1444324.6632048388,-14739320.321133949,-20122082.71314379,8115928.540745158,-22539614.104482125,-21586588.002861645
-176327248.7067618,-161183710.34898302,149314620.06238547,-31394709.967873402,123694662.36958113,104739056.11809634,82637566.20375977,1479071.7292860947,172502474.33327952,36377261.85471141,-46302986.93745781,151659955.99941993,-204022793.11526603,-53958199.674060926,99867455.05968449,-164668783.88821575,49394943.135037355,129712389.98585619,-20954202.179814048,98294365.91791359,63865476.67010481,31163818.809470322,-27432012.42058078,-85392466.15061153,105875909.94683929,135393259.6796772,427425.3793323843,94261908.67883813,-14685498.423914542,-121761884.68229966,-17103713.49203141,-167105466.38257533,-52636055.75667615,62818803.954370834,11837345.645434711,82729582.57501455,242467568.1970733,10094186.454080058,-103011084.83160707,-140630472.18234158,56721109.58511624,-157526266.99685615,-150865697.7048755
-516787804.3482203,-472404442.0131993,437617982.0081753,-92013022.81655805,362529860.5046039,306973918.6577969,242197883.94879115,4334929.837696282,505577981.80115867,106616108.78718813,-135706869.33843508,444491798.010927,-597959145.7715404,-158143108.3958407,292696012.6462249,-482618651.0394591,144768912.76715127,380166885.8607181,-61413514.51584403,288085533.8782041,187179801.93673468,91336317.63159697,-80398971.8244884,-250272067.02551338,310305860.6593333,396816631.9554691,1252718.1640269218,276267027.37310517,-43040916.75078252,-356865189.3464077,-50128330.77606848,-489760190.68715453,-154268108.9361821,184112165.28752685,34693423.222916394,242467568.1970733,710634816.9913665,29584494.53561018,-301909504.1966681,-412166089.5347952,166240770.14977333,-461685042.116826,-442163948.9921898
-21514434.2277278,-19666706.619266056,18218509.180275243,-3830601.3763038814,15092509.351290474,12779655.182785599,10082959.560875986,180467.83544115306,21047756.638898976,4438543.505256687,-5649623.410089974,18504673.634398017,-24893684.42293694,-6583667.883845643,12185250.720251748,-20091934.994427714,6026885.965994545,15826757.639399998,-2556710.7902456434,11993311.851677855,7792497.274614061,3802429.6444322183,-3347096.0423976015,-10419096.23208179,12918367.486852638,16519904.195602736,52152.17816260449,11501294.645768868,-1791839.7572062593,-14856683.052231586,-2086896.6750081806,-20389245.332449056,-6422347.277796334,7664787.925188403,1444324.6632048388,10094186.454080058,29584494.53561018,1231634.5468369885,-12568818.441722082,-17158918.78614921,6920782.657056493,-19220446.193742137,-18407762.47393645
219554609.47399843,200698569.30783638,-185919722.28099293,39091254.053149715,-154018924.89667982,-130416272.48052634,-102896510.47407553,-1841672.3519187665,-214792175.35900286,-45295299.261840336,57654357.34702046,-188840027.15215555,254039831.92759836,67186277.1984586,-124350378.20352224,205038023.06223577,-61504319.45024282,-161511923.47756594,26091212.204634167,-122391639.8996629,-79522364.78312577,-38803759.10512552,34157084.756250225,106326785.46909216,-131831830.74833925,-168585481.87169865,-532210.5958140538,-117370608.93023081,18285709.594442226,151612318.74288175,21296760.308032334,208072068.6388679,65540004.06739843,-78219095.68980141,-14739320.321133949,-103011084.83160707,-301909504.1966681,-12568818.441722082,128264682.00453903,175106618.93271795,-70626526.22639842,196144488.31498882,187851052.9470172
299735395.8865349,273993178.53842705,-253817132.86953595,53367281.14032712,-210266245.91575956,-178043965.60077724,-140474054.60987422,-2514246.3509150073,-293233734.45785457,-61837028.20672811,78709582.58626296,-257803925.47216895,346814535.1264953,91722536.4120369,-169762821.63956478,279917390.26401377,-83965541.34039198,-220495668.8885259,35619657.0414455,-167088756.1615134,-108563730.5684497,-52974793.13379064,46631165.3375801,145157058.10195252,-179976482.26188207,-230152473.8044981,-726572.0994037286,-160234057.4728853,24963604.551749613,206980753.09186012,29074282.75397912,284059460.6953919,89475049.03364864,-106784511.77961278,-20122082.71314379,-140630472.18234158,-412166089.5347952,-17158918.78614921,175106618.93271795,239055113.30734918,-96419154.65559025,267775959.3539093,256453781.18279618
-120893601.77016003,-110510879.11762145,102373185.98462816,-21524861.215320714,84807613.98516022,71811258.88427897,56658021.411191665,1014082.1221732706,118271257.2583439,24941001.602770872,-31746283.681986433,103981196.74999711,-139882238.59419245,-36994855.40450669,68471188.70698182,-112900317.4072072,33866192.63932612,88933492.21693742,-14366633.535740826,67392646.46175154,43787489.24374507,21366557.57028969,-18807954.03465921,-58546837.56477303,72590709.32253358,92828413.60593215,293051.73507521563,64627910.52403822,-10068680.850963177,-83482461.73577195,-11726659.116424682,-114570957.36957474,-36088366.158232145,43069868.685376935,8115928.540745158,56721109.58511624,166240770.14977333,6920782.657056493,-70626526.22639842,-96419154.65559025,38889163.63424299,-108003260.35212447,-103436636.74248844
335746565.25554436,306911595.5331789,-284311535.2328568,59778997.018645294,-235528305.3696114,-199434737.1819295,-157351056.9506055,-2816315.951625761,-328463773.3694935,-69266326.5848686,88166003.63897176,-288777313.8594197,388481942.8626844,102742375.33384271,-190158670.10910648,313547560.99277186,-94053430.08229293,-246986723.93102238,39899116.58010631,-187163333.8814266,-121606924.47833487,-59339354.26860165,52233582.726840414,162596691.43295738,-201599432.57162437,-257803728.25304282,-813864.81044461,-179485089.75796694,27962811.857321266,231848082.93092316,32567360.11251652,318187273.0473244,100224867.61211838,-119613944.62204441,-22539614.104482125,-157526266.99685615,-461685042.116826,-19220446.193742137,196144488.31498882,267775959.3539093,-108003260.35212447,299947419.7252868,287264958.88824785
321550437.5634918,293934674.5279809,-272290198.03064847,57251404.755664244,-225569632.85127512,-191002181.33136716,-150697897.44496876,-2697235.8318968625,-314575576.2168255,-66337588.01304753,84438144.35500701,-276567153.7096507,372056041.9433778,98398192.30409111,-182118328.21683428,300290055.54393053,-90076636.62500207,-236543562.937222,38212090.750002034,-179249643.06158832,-116465107.54411742,-56830352.10516611,50025028.352650896,155721733.36508158,-193075348.31603602,-246903198.23885563,-779453.4843079075,-171896052.46973637,26780480.317046348,222045018.91488346,31190338.747928623,304733591.44623715,95987129.69957006,-114556394.02149752,-21586588.002861645,-150865697.7048755,-442163948.9921898,-18407762.47393645,187851052.9470172,256453781.18279618,-103436636.74248844,287264958.88824785,275118743.2951593
