V1,V2,V3,V4,V5,V6,V7,V8,V9,V10,V11,V12,V13,V14,V15,V16,V17,V18,V19,V20,V21,V22,V23,V24,V25,V26,V27,V28,V29,V30,V31,V32,V33,V34,V35,V36,V37,V38,V39,V40,V41,V42,V43
68981.32954287699,36285.91436171114,91129.20742763949,-32944.63713321973,-138579.6999304641,-17983.133726783497,155902.66826131687,-39911.1658278884,60357.48972281763,118459.49338682069,-102788.34161004465,-39021.22352257855,-77767.33043969297,100275.9548033973,13459.803737684559,108985.43369076934,32838.62174380578,57645.11437984599,21868.973851187668,-63807.84439100059,-97205.1556626697,-9675.761574647766,15642.48340964917,-20739.212388135133,-72907.29751962089,107021.9561107086,-114.09518501876573,-50040.86755359744,88077.67151226944,28766.608224555137,63340.434061821674,20670.63416591658,43948.1687314306,57566.54019821679,23996.692439333332,17013.627835242787,-24205.639407396735,74375.28647719095,-29573.0694173646,-45851.974695907884,6301.190415893847,1654.7553388708154,39707.418830594674
36285.91436171114,19087.350452739818,47936.25205262525,-17329.910309826657,-72896.43731054416,-9459.751385409372,82008.81032745945,-20994.45498863166,31749.608143591602,62312.87439555173,-54069.43086401157,-20526.057367612244,-40907.73106933642,52747.566687302264,7080.1927809731815,57329.14184165446,17273.78562544222,30322.875238675606,11503.802131797533,-33564.440268682076,-51132.58969737011,-5089.719981034396,8228.593146422021,-10909.17045182087,-38350.8626050559,56296.436157419026,-60.11887681197908,-26322.590339202237,46331.22005811531,15131.973541149157,33318.78291729105,10873.223235313568,23117.901023154285,30281.585772048184,12623.063628324051,8949.698805005164,-12732.943186195216,39123.4782873436,-15556.309592055897,-24119.333381614415,3314.5866941508266,870.5185112896706,20887.12610429796
91129.20742763949,47936.25205262525,120388.12137543997,-43522.17385078564,-183073.56992628137,-23756.975459540587,205958.43033846962,-52725.45461265567,79736.50363931792,156493.34038890543,-135790.6456478015,-51549.801647225206,-102736.12251293985,132471.62711993651,17781.352857654823,143977.45073021014,43382.1526105378,76153.25956384752,28890.444817097807,-84294.67657478186,-128414.85721703051,-12782.362420020967,20664.80366258311,-27397.978989763662,-96315.70691436721,141383.5476919067,-150.71901255695474,-66107.5346028967,116356.81308237396,38002.72089686566,83677.17599002898,27307.37120366224,58058.63015359597,76049.45468871585,31701.30568969961,22476.195554817128,-31977.34549837006,98254.98997881307,-39068.0998646694,-60573.693903463914,8324.317708187193,2186.041706416852,52456.303521810405
-32944.63713321973,-17329.910309826657,-43522.17385078564,15734.842551805094,66184.08798806246,8589.269820767708,-74457.5711583778,19061.86037977724,-28826.214761729723,-56575.67850072509,49091.2245878529,18635.66989259127,37141.41848002993,-47890.09392639624,-6428.224140466445,-52050.377375321914,-15682.63988331391,-27531.012971853215,-10445.102913953007,30473.444843504614,46425.004455333445,4621.138481585528,-7471.766751914776,9904.019290393522,34818.71326997563,-51113.22440120354,54.938141818066384,23898.18174215118,-42065.4669458148,-13738.638659323435,-30251.14518874623,-9871.822505004717,-20989.363475867016,-27493.67250341115,-11461.403651417146,-8125.948810470482,11561.049422899117,-35521.625412200716,14124.311546760988,21898.5194606238,-3009.3785200099264,-790.6215682584739,-18963.881880827863
-138579.6999304641,-72896.43731054416,-183073.56992628137,66184.08798806246,278399.02360561123,36127.2322868174,-313199.9484846468,80179.44799076088,-121254.91220666896,-237978.73721316046,206496.24122191448,78391.4429442572,156230.39061968494,-201448.81814066131,-27040.005765526595,-218945.7863479646,-65970.89462409791,-115805.92637448783,-43933.67217240567,128186.39948022588,195279.95981823376,19438.08896226434,-31425.04353982314,41663.8307812079,146466.6274527195,-215001.3503184478,229.27174155873305,100529.25453498622,-176943.2944340756,-57790.54490048181,-127247.52527152412,-41526.13752247452,-88289.49245913261,-115648.10152292243,-48208.15622361432,-34179.50564591428,48627.90257927115,-149415.99113052877,59410.749466689005,92114.1240965518,-12658.747957996638,-3324.3584038453073,-79770.03987840004
-17983.133726783497,-9459.751385409372,-23756.975459540587,8589.269820767708,36127.2322868174,4688.752378392935,-40643.461854688845,10405.321561341443,-15735.119833237111,-30882.61485564535,26797.12647080204,10172.338913520545,20274.190937528,-26141.110303088968,-3508.9020953942972,-28412.258525994566,-8560.313096652042,-15028.179795234517,-5701.777141739292,16634.09363250304,25341.81690732138,2522.52478785459,-4078.8594976342474,5405.971856468272,19005.84482338676,-27900.876705862076,30.11987238566704,13044.830077763047,-22962.015585682107,-7499.380371829504,-16513.02277081192,-5388.560441763909,-11457.313513648094,-15007.851995965162,-6256.570567448603,-4435.7563640571925,6310.922157970323,-19390.073140668617,7710.054598705415,11953.56209441937,-1642.699703955899,-431.665437426645,-10351.641821388337
155902.66826131687,82008.81032745945,205958.43033846962,-74457.5711583778,-313199.9484846468,-40643.461854688845,352351.1817673372,-90202.37428008046,136412.27557885664,267727.17524977704,-232309.22594419264,-88190.55821007463,-175759.94087743587,226630.5324743109,30420.10203984944,246314.87973140934,74217.3182093577,130282.1966793655,49425.73605071855,-144210.062284942,-219690.93139309503,-21867.951117662444,35353.57713927378,-46871.75942336703,-164775.2512179226,241877.52544724877,-258.0489368174007,-113095.58886453848,199062.02191178303,65014.58909456567,143154.06790938874,46716.9988525885,99326.06844182682,130104.69180129803,54234.57913507974,38452.18588799686,-54706.758459845776,168093.7695186518,-66837.4590542504,-103628.77181693098,14241.138799732724,3740.0009296440585,89741.6124935913
-39911.1658278884,-20994.45498863166,-52725.45461265567,19061.86037977724,80179.44799076088,10405.321561341443,-90202.37428008046,23092.454029296572,-34921.78311986924,-68538.97400334987,59471.88074016891,22576.531918777742,44995.173345075265,-58017.17309657135,-7787.552684537809,-63056.948925695484,-18999.147163520687,-33352.62953123892,-12653.591214949443,36917.545204282884,56241.77598655609,5598.294640277235,-9051.387475972824,11998.599364320182,42181.845428051005,-61921.43015703247,66.40533356318454,28951.974582808176,-50960.48493618361,-16643.815303944888,-36647.925567925515,-11959.407759353799,-25427.724206366864,-33307.33131445359,-13884.755223766515,-9844.125600194602,14005.52337774073,-43032.78778159764,17110.867545143723,26529.158216163632,-3645.7445139525694,-957.6963474008952,-22973.98187621545
60357.48972281763,31749.608143591602,79736.50363931792,-28826.214761729723,-121254.91220666896,-15735.119833237111,136412.27557885664,-34921.78311986924,52811.83152896155,103650.25840274706,-89938.24261392695,-34142.813075573904,-68045.26265298876,87739.63877064866,11777.097057840576,95360.46828138603,28733.068354608793,50438.59667895835,19135.164792245174,-55830.680743263154,-85053.10837476679,-8466.154769278559,13687.179489543574,-18146.267640496444,-63792.41976956195,93642.60206928338,-99.94126857270686,-43784.7308390169,77066.62567169192,25170.308345774003,55421.93283422883,18086.39917136408,38453.96376071406,50369.89180663859,20996.911765639383,14886.745548376319,-21179.703490922355,65077.333260550295,-25876.07298217713,-40119.74246599718,5513.436579230152,1447.96376068652,34743.3430345699
118459.49338682069,62312.87439555173,156493.34038890543,-56575.67850072509,-237978.73721316046,-30882.61485564535,267727.17524977704,-68538.97400334987,103650.25840274706,203427.6761197775,-176515.9923501934,-67009.55347381512,-133548.10786152267,172200.31475376443,23114.09103443059,187157.56754726413,56392.07134589901,98992.57362635649,37555.65099768092,-109574.83500044633,-166928.39817722724,-16615.99688281999,26863.446623855976,-35614.03962518217,-125200.52932251521,183786.3232245707,-196.37378155539486,-85932.91340700882,151253.69371786868,49400.06223853615,108773.08387404741,35496.8209999291,75471.07924549375,98857.82462040086,41209.639993739605,29217.418153504474,-41568.31804696283,127723.26083619364,-50785.48119905539,-78740.34927041015,10820.846792886401,2841.98673307216,68188.42291944324
-102788.34161004465,-54069.43086401157,-135790.6456478015,49091.2245878529,206496.24122191448,26797.12647080204,-232309.22594419264,59471.88074016891,-89938.24261392695,-176515.9923501934,153164.4877800564,58144.773282074624,115880.87495320571,-149419.71764689952,-20056.300197960743,-162398.26822898394,-48931.88611946292,-85896.73057835412,-32587.378361214385,95079.0404669961,144845.25060091473,14417.847891985364,-23309.66371510744,30902.603818839154,108637.58546881187,-159473.01854661712,170.4015941537659,74564.73326749171,-131244.1672311142,-42864.86893017613,-94383.36655813393,-30800.89987720458,-65486.92179932992,-85779.81084859822,-35757.97701830593,-25352.216585236885,36069.204712471466,-110826.60734199252,44067.01437577136,68323.69475643334,-9389.343962657382,-2466.0210459641903,-59167.694823614955
-39021.22352257855,-20526.057367612244,-51549.801647225206,18635.66989259127,78391.4429442572,10172.338913520545,-88190.55821007463,22576.531918777742,-34142.813075573904,-67009.55347381512,58144.773282074624,22073.620797276606,43990.96846553584,-56724.11300210084,-7613.922168346665,-61650.55019952433,-18576.38720234706,-32608.396073020685,-12370.471837539375,36094.87208019315,54986.38115663342,5473.316208434725,-8848.125432709367,11732.055514030784,41242.459198355886,-60539.60171849721,64.34521849307954,28307.33715372938,-49823.322153766254,-16272.613948220936,-35830.06156491524,-11693.019519761794,-24860.402593888764,-32563.867880448503,-13574.017436036422,-9624.03989231259,13692.2793713675,-42072.07494056416,16728.583312755425,25937.378352071362,-3564.442603958276,-935.914158483531,-22461.570455965095
-77767.33043969297,-40907.73106933642,-102736.12251293985,37141.41848002993,156230.39061968494,20274.190937528,-175759.94087743587,44995.173345075265,-68045.26265298876,-133548.10786152267,115880.87495320571,43990.96846553584,87672.9306442769,-113047.51352429856,-15174.139963949483,-122866.8829194677,-37020.670023783736,-64987.57101119124,-24654.96508510015,71934.59702300884,109586.76013118477,10908.231621982202,-17635.70133442876,23380.113144353218,82192.62051497791,-120653.77665681802,128.97798773766394,56413.89674586112,-99296.44323838862,-32430.59509425685,-71408.38230940876,-23303.23536534834,-49545.95251995422,-64899.13479217824,-27053.785035302422,-19180.968474662935,27289.234025207923,-83849.0111863612,33340.177023638746,51692.18101517026,-7103.765133901901,-1865.7768324712326,-44764.949429972556
100275.9548033973,52747.566687302264,132471.62711993651,-47890.09392639624,-201448.81814066131,-26141.110303088968,226630.5324743109,-58017.17309657135,87739.63877064866,172200.31475376443,-149419.71764689952,-56724.11300210084,-113047.51352429856,145768.20393538426,19566.09386722038,158428.49904490457,47736.82011810127,83796.6414112742,31789.829735970692,-92755.63823495747,-141303.48945077512,-14065.284714784637,22738.387946099814,-30148.34303296522,-105983.49854991659,155573.94627135806,-165.61766369722133,-72743.19587301681,128035.35070249731,41817.06799218026,92075.68289253683,30048.35744228465,63885.91236899338,83682.32190844795,34882.75793554687,24731.92802084544,-35186.574420098324,108116.49837655721,-42989.11914531377,-66653.45594371804,9159.835994240128,2405.28901604929,57721.350469443525
13459.803737684559,7080.1927809731815,17781.352857654823,-6428.224140466445,-27040.005765526595,-3508.9020953942972,30420.10203984944,-7787.552684537809,11777.097057840576,23114.09103443059,-20056.300197960743,-7613.922168346665,-15174.139963949483,19566.09386722038,2626.3103310488696,21265.498392203543,6407.561728950457,11247.84857238182,4267.1165674498225,-12450.34696623572,-18966.89139720638,-1887.9564307493536,3052.183256637153,-4046.69633907896,-14225.861750259906,20882.37205408941,-22.256018418091728,-9764.105847582501,17185.919852430485,5613.009892886132,12359.131049409176,4033.3071303167717,8575.269739707071,11232.514727228487,4682.278919812622,3319.7339496064983,-4723.052700498322,14512.273711055006,-5770.359569399813,-8946.746057458631,1229.503672342692,322.87490019387224,7747.806705076263
108985.43369076934,57329.14184165446,143977.45073021014,-52050.377375321914,-218945.7863479646,-28412.258525994566,246314.87973140934,-63056.948925695484,95360.46828138603,187157.56754726413,-162398.26822898394,-61650.55019952433,-122866.8829194677,158428.49904490457,21265.498392203543,172189.06424097627,51882.402298704474,91075.17334736884,34551.60169311771,-100811.58561251724,-153577.3173386711,-15287.027431654167,24714.31351898164,-32766.195484936583,-115187.89486547995,169087.09165830936,-180.3988307782693,-79060.67471682634,139156.4519521122,45449.14710056321,100073.39540263354,32658.016430631087,69434.9577117255,90951.08930370983,37913.27754162728,26880.419814351088,-38243.35676109241,117507.7662562896,-46723.45189915186,-72442.80728019256,9955.420478008407,2614.492525257286,62734.83833531222
32838.62174380578,17273.78562544222,43382.1526105378,-15682.63988331391,-65970.89462409791,-8560.313096652042,74217.3182093577,-18999.147163520687,28733.068354608793,56392.07134589901,-48931.88611946292,-18576.38720234706,-37020.670023783736,47736.82011810127,6407.561728950457,51882.402298704474,15633.382584371497,27441.68962075644,10410.167630924343,-30376.088880466137,-46273.818768706355,-4606.06670677741,7445.764154870957,-9873.516953467217,-34708.290188988736,50947.241692605916,-53.96934362204333,-23822.556548311684,41928.951273847866,13694.3238540852,30152.860549649035,9840.442530846522,20921.366545662877,27404.14148638653,11422.970779637948,8099.006323616121,-11522.551648666653,35405.727055357675,-14077.841592675675,-21827.735745177077,2999.6828691489336,787.493421129513,18902.671396327183
57645.11437984599,30322.875238675606,76153.25956384752,-27531.012971853215,-115805.92637448783,-15028.179795234517,130282.1966793655,-33352.62953123892,50438.59667895835,98992.57362635649,-85896.73057835412,-32608.396073020685,-64987.57101119124,83796.6414112742,11247.84857238182,91075.17334736884,27441.68962075644,48172.05775873679,18275.43291047274,-53321.64134835141,-81231.18380617756,-8085.724827561463,13072.3545265622,-17330.62237905997,-60925.47090986771,89434.639873008,-95.55288368890885,-41816.94320889306,73603.51691046258,24039.205654459638,52931.476747783345,17273.572656974877,36725.95919934876,48106.48279810986,20053.54562510741,14217.860956287313,-20228.08918976065,62153.063645583126,-24713.3747968931,-38316.862850234334,5265.673127384911,1382.9713103269578,33182.053968319306
21868.973851187668,11503.802131797533,28890.444817097807,-10445.102913953007,-43933.67217240567,-5701.777141739292,49425.73605071855,-12653.591214949443,19135.164792245174,37555.65099768092,-32587.378361214385,-12370.471837539375,-24654.96508510015,31789.829735970692,4267.1165674498225,34551.60169311771,10410.167630924343,18275.43291047274,6933.698629951988,-20228.500251198497,-30817.559687488698,-3067.5782190908,4960.033037813113,-6574.244906442108,-23112.837445491437,33929.61597282861,-36.5489038481399,-15863.717479827792,27923.5891353848,9119.854531210241,20081.103565032172,6552.972497066983,13932.992284208567,18250.679551269954,7608.350079430477,5394.166045390554,-7674.471942026016,23579.768618616672,-9375.960371312678,-14536.485654647728,1997.6568495414592,524.882189101383,12588.431555302286
-63807.84439100059,-33564.440268682076,-84294.67657478186,30473.444843504614,128186.39948022588,16634.09363250304,-144210.062284942,36917.545204282884,-55830.680743263154,-109574.83500044633,95079.0404669961,36094.87208019315,71934.59702300884,-92755.63823495747,-12450.34696623572,-100811.58561251724,-30376.088880466137,-53321.64134835141,-20228.500251198497,59022.5432807369,89914.47463165385,8950.04391406326,-14468.824128694583,19184.155062803886,67439.78535685895,-98995.10551329619,105.33590415385562,46288.21229746005,-81471.6998751571,-26609.134255919085,-58589.76835483376,-19120.47005932048,-40652.01384991987,-53248.876629425125,-22196.58570392227,-15737.431661339111,22389.927025318208,-68796.85871488646,27354.87895403086,42413.073110180776,-5828.609337756852,-1530.5028123850495,-36729.38201175781
-97205.1556626697,-51132.58969737011,-128414.85721703051,46425.004455333445,195279.95981823376,25341.81690732138,-219690.93139309503,56241.77598655609,-85053.10837476679,-166928.39817722724,144845.25060091473,54986.38115663342,109586.76013118477,-141303.48945077512,-18966.89139720638,-153577.3173386711,-46273.818768706355,-81231.18380617756,-30817.559687488698,89914.47463165385,136977.97118691163,13634.7462668857,-22043.899994033767,29223.809502819317,102736.3895099645,-150811.14452672558,161.28868458302833,70514.34583176841,-124115.5450284041,-40536.582916006766,-89256.88546985912,-29127.807171451543,-61929.929946836346,-81120.67362551416,-33815.98057512414,-23975.29588120996,34110.25743551918,-104807.09235482247,41673.59728297237,64612.592733606645,-8879.342206154928,-2332.17922929958,-55953.898580555724
-9675.761574647766,-5089.719981034396,-12782.362420020967,4621.138481585528,19438.08896226434,2522.52478785459,-21867.951117662444,5598.294640277235,-8466.154769278559,-16615.99688281999,14417.847891985364,5473.316208434725,10908.231621982202,-14065.284714784637,-1887.9564307493536,-15287.027431654167,-4606.06670677741,-8085.724827561463,-3067.5782190908,8950.04391406326,13634.7462668857,1357.199116626973,-2194.2569009498475,2908.9145325898976,10226.324557160962,-15011.692020503771,16.061224559145675,7018.958318377502,-12354.420176227171,-4034.995568989812,-8884.60145977621,-2899.366528793981,-6164.483557319776,-8074.727328798707,-3366.04132528584,-2386.4978022500773,3395.3318889040283,-10432.468293336144,4148.181029342185,6431.513656446982,-883.8459692311008,-232.1488335464958,-5569.629566637767
15642.48340964917,8228.593146422021,20664.80366258311,-7471.766751914776,-31425.04353982314,-4078.8594976342474,35353.57713927378,-9051.387475972824,13687.179489543574,26863.446623855976,-23309.66371510744,-8848.125432709367,-17635.70133442876,22738.387946099814,3052.183256637153,24714.31351898164,7445.764154870957,13072.3545265622,4960.033037813113,-14468.824128694583,-22043.899994033767,-2194.2569009498475,3548.537639490483,-4701.939280343155,-16531.604030172944,24269.79227204979,-26.431991263318473,-11346.564818194942,19973.660865015587,6523.305987136737,14363.99417850453,4687.081836409998,9966.184371352585,13054.768749981338,5442.681789768598,3858.639643454897,-5489.884507364975,16866.765057553486,-6706.827252834025,-10397.801612863355,1428.892265453433,375.6519244109907,9004.34626901683
-20739.212388135133,-10909.17045182087,-27397.978989763662,9904.019290393522,41663.8307812079,5405.971856468272,-46871.75942336703,11998.599364320182,-18146.267640496444,-35614.03962518217,30902.603818839154,11732.055514030784,23380.113144353218,-30148.34303296522,-4046.69633907896,-32766.195484936583,-9873.516953467217,-17330.62237905997,-6574.244906442108,19184.155062803886,29223.809502819317,2908.9145325898976,-4701.939280343155,6235.913534687763,21920.35545713606,-32175.370274992998,33.91168962836127,15045.401077443992,-26479.95193607026,-8648.618975353304,-19042.816315892076,-6214.810716652567,-13212.77704487848,-17306.83696191431,-7213.831992397338,-5114.7490771656685,7276.776613030153,-22360.116812451706,8890.630624722098,13785.223944793497,-1894.4445776190614,-497.21315674284074,-11937.929327162155
-72907.29751962089,-38350.8626050559,-96315.70691436721,34818.71326997563,146466.6274527195,19005.84482338676,-164775.2512179226,42181.845428051005,-63792.41976956195,-125200.52932251521,108637.58546881187,41242.459198355886,82192.62051497791,-105983.49854991659,-14225.861750259906,-115187.89486547995,-34708.290188988736,-60925.47090986771,-23112.837445491437,67439.78535685895,102736.3895099645,10226.324557160962,-16531.604030172944,21920.35545713606,77057.65770646407,-113112.06872760177,120.12533381962696,52889.616928937256,-93089.80500965507,-30403.75529167029,-66944.8101412799,-21847.299549709176,-46449.14676240769,-60842.23294790119,-25361.51997917189,-17981.4679575607,25582.507432255974,-78607.31080259303,31255.579695495173,48461.385466709275,-6659.805985574354,-1748.591086949879,-41967.197298662286
107021.9561107086,56296.436157419026,141383.5476919067,-51113.22440120354,-215001.3503184478,-27900.876705862076,241877.52544724877,-61921.43015703247,93642.60206928338,183786.3232245707,-159473.01854661712,-60539.60171849721,-120653.77665681802,155573.94627135806,20882.37205408941,169087.09165830936,50947.241692605916,89434.639873008,33929.61597282861,-98995.10551329619,-150811.14452672558,-15011.692020503771,24269.79227204979,-32175.370274992998,-113112.06872760177,166041.38765340202,-177.44324584204253,-77635.8443609826,136649.8449472945,44630.376504318505,98270.82666738199,32069.506216112182,68184.19005917187,89312.9139184343,37230.81099342807,26396.43910656507,-37554.84998602704,115391.34578017244,-45882.0627385068,-71137.79910925159,9776.069556320044,2567.6078365358358,61604.68062346756
-114.09518501876573,-60.11887681197908,-150.71901255695474,54.938141818066384,229.27174155873305,30.11987238566704,-258.0489368174007,66.40533356318454,-99.94126857270686,-196.37378155539486,170.4015941537659,64.34521849307954,128.97798773766394,-165.61766369722133,-22.256018418091728,-180.3988307782693,-53.96934362204333,-95.55288368890885,-36.5489038481399,105.33590415385562,161.28868458302833,16.061224559145675,-26.431991263318473,33.91168962836127,120.12533381962696,-177.44324584204253,0.4153591596265635,82.40229563211506,-146.00910144255514,-47.60986231288363,-105.0325908267133,-34.07849110510346,-72.81992794963581,-95.51680624632266,-40.13263315708553,-28.367348815679154,40.40568537644175,-123.47093222417453,49.20419433826784,75.92884810295027,-10.425072617711491,-2.9034455450207832,-65.72863957720858
-50040.86755359744,-26322.590339202237,-66107.5346028967,23898.18174215118,100529.25453498622,13044.830077763047,-113095.58886453848,28951.974582808176,-43784.7308390169,-85932.91340700882,74564.73326749171,28307.33715372938,56413.89674586112,-72743.19587301681,-9764.105847582501,-79060.67471682634,-23822.556548311684,-41816.94320889306,-15863.717479827792,46288.21229746005,70514.34583176841,7018.958318377502,-11346.564818194942,15045.401077443992,52889.616928937256,-77635.8443609826,82.40229563211506,36301.55008646007,-63893.32508631457,-20868.005369082995,-45948.3821674434,-14995.199754595498,-31880.946191236235,-41759.792303948496,-17407.115790723892,-12341.766324035134,17558.809141271002,-53953.052058386784,21452.61166065953,33262.08127813122,-4571.043691437188,-1200.1335961855166,-28804.719225622535
88077.67151226944,46331.22005811531,116356.81308237396,-42065.4669458148,-176943.2944340756,-22962.015585682107,199062.02191178303,-50960.48493618361,77066.62567169192,151253.69371786868,-131244.1672311142,-49823.322153766254,-99296.44323838862,128035.35070249731,17185.919852430485,139156.4519521122,41928.951273847866,73603.51691046258,27923.5891353848,-81471.6998751571,-124115.5450284041,-12354.420176227171,19973.660865015587,-26479.95193607026,-93089.80500965507,136649.8449472945,-146.00910144255514,-63893.32508631457,112461.00065350742,36730.213270754684,80875.57702493925,26392.79658504737,56114.68309859269,73503.32774594141,30640.4227488876,21723.89980892194,-30907.110243619336,94965.5198571854,-37760.30662927796,-58545.468988565604,8045.576731102271,2113.08944118025,50699.84096029752
28766.608224555137,15131.973541149157,38002.72089686566,-13738.638659323435,-57790.54490048181,-7499.380371829504,65014.58909456567,-16643.815303944888,25170.308345774003,49400.06223853615,-42864.86893017613,-16272.613948220936,-32430.59509425685,41817.06799218026,5613.009892886132,45449.14710056321,13694.3238540852,24039.205654459638,9119.854531210241,-26609.134255919085,-40536.582916006766,-4034.995568989812,6523.305987136737,-8648.618975353304,-30403.75529167029,44630.376504318505,-47.60986231288363,-20868.005369082995,36730.213270754684,11996.261679213041,26414.276691788607,8620.057435340854,18327.29196984847,24006.45145164334,10007.163430401399,7095.056804362926,-10094.29017590691,31016.058650202223,-12332.60540463904,-19121.21243030148,2627.724507924162,690.0884001231874,16558.803963592894
63340.434061821674,33318.78291729105,83677.17599002898,-30251.14518874623,-127247.52527152412,-16513.02277081192,143154.06790938874,-36647.925567925515,55421.93283422883,108773.08387404741,-94383.36655813393,-35830.06156491524,-71408.38230940876,92075.68289253683,12359.131049409176,100073.39540263354,30152.860549649035,52931.476747783345,20081.103565032172,-58589.76835483376,-89256.88546985912,-8884.60145977621,14363.99417850453,-19042.816315892076,-66944.8101412799,98270.82666738199,-105.0325908267133,-45948.3821674434,80875.57702493925,26414.276691788607,58161.13593468761,18980.17782452339,40354.49453237921,52859.43897684595,22034.905473845294,15622.619823300329,-22226.680356880086,68293.84348582549,-27155.098500884385,-42102.57174276277,5785.919912953173,1519.6366431802708,36460.438796971204
20670.63416591658,10873.223235313568,27307.37120366224,-9871.822505004717,-41526.13752247452,-5388.560441763909,46716.9988525885,-11959.407759353799,18086.39917136408,35496.8209999291,-30800.89987720458,-11693.019519761794,-23303.23536534834,30048.35744228465,4033.3071303167717,32658.016430631087,9840.442530846522,17273.572656974877,6552.972497066983,-19120.47005932048,-29127.807171451543,-2899.366528793981,4687.081836409998,-6214.810716652567,-21847.299549709176,32069.506216112182,-34.07849110510346,-14995.199754595498,26392.79658504737,8620.057435340854,18980.17782452339,6194.123717715273,13169.246663108837,17249.981567307368,7190.524414632343,5098.115811218419,-7253.171115185251,22286.739759132623,-8861.59058346045,-13739.751669520734,1888.184684494124,495.77491179527794,11898.519814411962
43948.1687314306,23117.901023154285,58058.63015359597,-20989.363475867016,-88289.49245913261,-11457.313513648094,99326.06844182682,-25427.724206366864,38453.96376071406,75471.07924549375,-65486.92179932992,-24860.402593888764,-49545.95251995422,63885.91236899338,8575.269739707071,69434.9577117255,20921.366545662877,36725.95919934876,13932.992284208567,-40652.01384991987,-61929.929946836346,-6164.483557319776,9966.184371352585,-13212.77704487848,-46449.14676240769,68184.19005917187,-72.81992794963581,-31880.946191236235,56114.68309859269,18327.29196984847,40354.49453237921,13169.246663108837,27999.557670886443,36675.95355845476,15288.603092005747,10839.552834914075,-15421.682858060754,47384.93310324077,-18841.238710719826,-29212.45403066545,4014.505776439511,1054.3441700113299,25297.72178377975
57566.54019821679,30281.585772048184,76049.45468871585,-27493.67250341115,-115648.10152292243,-15007.851995965162,130104.69180129803,-33307.33131445359,50369.89180663859,98857.82462040086,-85779.81084859822,-32563.867880448503,-64899.13479217824,83682.32190844795,11232.514727228487,90951.08930370983,27404.14148638653,48106.48279810986,18250.679551269954,-53248.876629425125,-81120.67362551416,-8074.727328798707,13054.768749981338,-17306.83696191431,-60842.23294790119,89312.9139184343,-95.51680624632266,-41759.792303948496,73503.32774594141,24006.45145164334,52859.43897684595,17249.981567307368,36675.95355845476,48041.03655148989,20026.394667987995,14198.575497339587,-20200.67093301466,62068.534396252806,-24679.809035533763,-38264.672062152604,5258.497149551138,1381.15538703527,33136.84697484219
23996.692439333332,12623.063628324051,31701.30568969961,-11461.403651417146,-48208.15622361432,-6256.570567448603,54234.57913507974,-13884.755223766515,20996.911765639383,41209.639993739605,-35757.97701830593,-13574.017436036422,-27053.785035302422,34882.75793554687,4682.278919812622,37913.27754162728,11422.970779637948,20053.54562510741,7608.350079430477,-22196.58570392227,-33815.98057512414,-3366.04132528584,5442.681789768598,-7213.831992397338,-25361.51997917189,37230.81099342807,-40.13263315708553,-17407.115790723892,30640.4227488876,10007.163430401399,22034.905473845294,7190.524414632343,15288.603092005747,20026.394667987995,8348.65277465509,5919.0126492260715,-8421.195092349653,25873.98963350499,-10288.221567615052,-15950.807249788233,2192.0166846482225,575.9706759505344,13813.214205965116
17013.627835242787,8949.698805005164,22476.195554817128,-8125.948810470482,-34179.50564591428,-4435.7563640571925,38452.18588799686,-9844.125600194602,14886.745548376319,29217.418153504474,-25352.216585236885,-9624.03989231259,-19180.968474662935,24731.92802084544,3319.7339496064983,26880.419814351088,8099.006323616121,14217.860956287313,5394.166045390554,-15737.431661339111,-23975.29588120996,-2386.4978022500773,3858.639643454897,-5114.7490771656685,-17981.4679575607,26396.43910656507,-28.367348815679154,-12341.766324035134,21723.89980892194,7095.056804362926,15622.619823300329,5098.115811218419,10839.552834914075,14198.575497339587,5919.0126492260715,4196.4865185297,-5970.475589785909,18344.455367341754,-7294.223922388756,-11309.069885016837,1554.1356907620925,408.29767028378217,9793.533166167717
-24205.639407396735,-12732.943186195216,-31977.34549837006,11561.049422899117,48627.90257927115,6310.922157970323,-54706.758459845776,14005.52337774073,-21179.703490922355,-41568.31804696283,36069.204712471466,13692.2793713675,27289.234025207923,-35186.574420098324,-4723.052700498322,-38243.35676109241,-11522.551648666653,-20228.08918976065,-7674.471942026016,22389.927025318208,34110.25743551918,3395.3318889040283,-5489.884507364975,7276.776613030153,25582.507432255974,-37554.84998602704,40.40568537644175,17558.809141271002,-30907.110243619336,-10094.29017590691,-22226.680356880086,-7253.171115185251,-15421.682858060754,-20200.67093301466,-8421.195092349653,-5970.475589785909,8494.397659736564,-26099.131981356288,10377.704330356692,16089.666890126964,-2211.1024253068217,-580.9289930052527,-13933.474032720089
74375.28647719095,39123.4782873436,98254.98997881307,-35521.625412200716,-149415.99113052877,-19390.073140668617,168093.7695186518,-43032.78778159764,65077.333260550295,127723.26083619364,-110826.60734199252,-42072.07494056416,-83849.0111863612,108116.49837655721,14512.273711055006,117507.7662562896,35405.727055357675,62153.063645583126,23579.768618616672,-68796.85871488646,-104807.09235482247,-10432.468293336144,16866.765057553486,-22360.116812451706,-78607.31080259303,115391.34578017244,-123.47093222417453,-53953.052058386784,94965.5198571854,31016.058650202223,68293.84348582549,22286.739759132623,47384.93310324077,62068.534396252806,25873.98963350499,18344.455367341754,-26099.131981356288,80191.9384810869,-31886.102850981544,-49437.52739461685,6793.916581154966,1784.4836600193123,42812.42776412193
-29573.0694173646,-15556.309592055897,-39068.0998646694,14124.311546760988,59410.749466689005,7710.054598705415,-66837.4590542504,17110.867545143723,-25876.07298217713,-50785.48119905539,44067.01437577136,16728.583312755425,33340.177023638746,-42989.11914531377,-5770.359569399813,-46723.45189915186,-14077.841592675675,-24713.3747968931,-9375.960371312678,27354.87895403086,41673.59728297237,4148.181029342185,-6706.827252834025,8890.630624722098,31255.579695495173,-45882.0627385068,49.20419433826784,21452.61166065953,-37760.30662927796,-12332.60540463904,-27155.098500884385,-8861.59058346045,-18841.238710719826,-24679.809035533763,-10288.221567615052,-7294.223922388756,10377.704330356692,-31886.102850981544,12678.681388454002,19657.371193119507,-2701.395528412033,-709.6270570562432,-17023.083783430942
-45851.974695907884,-24119.333381614415,-60573.693903463914,21898.5194606238,92114.1240965518,11953.56209441937,-103628.77181693098,26529.158216163632,-40119.74246599718,-78740.34927041015,68323.69475643334,25937.378352071362,51692.18101517026,-66653.45594371804,-8946.746057458631,-72442.80728019256,-21827.735745177077,-38316.862850234334,-14536.485654647728,42413.073110180776,64612.592733606645,6431.513656446982,-10397.801612863355,13785.223944793497,48461.385466709275,-71137.79910925159,75.92884810295027,33262.08127813122,-58545.468988565604,-19121.21243030148,-42102.57174276277,-13739.751669520734,-29212.45403066545,-38264.672062152604,-15950.807249788233,-11309.069885016837,16089.666890126964,-49437.52739461685,19657.371193119507,30477.900963414744,-4188.411171217676,-1099.9845761549693,-26393.59272722881
6301.190415893847,3314.5866941508266,8324.317708187193,-3009.3785200099264,-12658.747957996638,-1642.699703955899,14241.138799732724,-3645.7445139525694,5513.436579230152,10820.846792886401,-9389.343962657382,-3564.442603958276,-7103.765133901901,9159.835994240128,1229.503672342692,9955.420478008407,2999.6828691489336,5265.673127384911,1997.6568495414592,-5828.609337756852,-8879.342206154928,-883.8459692311008,1428.892265453433,-1894.4445776190614,-6659.805985574354,9776.069556320044,-10.425072617711491,-4571.043691437188,8045.576731102271,2627.724507924162,5785.919912953173,1888.184684494124,4014.505776439511,5258.497149551138,2192.0166846482225,1554.1356907620925,-2211.1024253068217,6793.916581154966,-2701.395528412033,-4188.411171217676,575.5914341193335,151.15872869144664,3627.1283216619436
1654.7553388708154,870.5185112896706,2186.041706416852,-790.6215682584739,-3324.3584038453073,-431.665437426645,3740.0009296440585,-957.6963474008952,1447.96376068652,2841.98673307216,-2466.0210459641903,-935.914158483531,-1865.7768324712326,2405.28901604929,322.87490019387224,2614.492525257286,787.493421129513,1382.9713103269578,524.882189101383,-1530.5028123850495,-2332.17922929958,-232.1488335464958,375.6519244109907,-497.21315674284074,-1748.591086949879,2567.6078365358358,-2.9034455450207832,-1200.1335961855166,2113.08944118025,690.0884001231874,1519.6366431802708,495.77491179527794,1054.3441700113299,1381.15538703527,575.9706759505344,408.29767028378217,-580.9289930052527,1784.4836600193123,-709.6270570562432,-1099.9845761549693,151.15872869144664,39.81841303369089,952.5590622980127
39707.418830594674,20887.12610429796,52456.303521810405,-18963.881880827863,-79770.03987840004,-10351.641821388337,89741.6124935913,-22973.98187621545,34743.3430345699,68188.42291944324,-59167.694823614955,-22461.570455965095,-44764.949429972556,57721.350469443525,7747.806705076263,62734.83833531222,18902.671396327183,33182.053968319306,12588.431555302286,-36729.38201175781,-55953.898580555724,-5569.629566637767,9004.34626901683,-11937.929327162155,-41967.197298662286,61604.68062346756,-65.72863957720858,-28804.719225622535,50699.84096029752,16558.803963592894,36460.438796971204,11898.519814411962,25297.72178377975,33136.84697484219,13813.214205965116,9793.533166167717,-13933.474032720089,42812.42776412193,-17023.083783430942,-26393.59272722881,3627.1283216619436,952.5590622980127,22856.621041620503
