V1,V2,V3,V4,V5,V6,V7,V8,V9,V10,V11,V12,V13,V14,V15,V16,V17,V18,V19,V20,V21,V22,V23,V24,V25,V26,V27,V28,V29,V30,V31,V32,V33,V34,V35,V36,V37,V38,V39,V40,V41,V42,V43
0.93744164737946,1.840987884190247,0.08793049908414911,0.23208924022349944,-1.6543989497523017,0.9228549553252077,-4.136672599383975,-2.0387441216875355,3.0892000445741763,2.9646714368346214,6.951671646693019,2.959505110176014,4.182254088792478,0.39789073630420807,1.5139293758369585,-1.1775830777294287,-1.9214497140991689,-2.559915935460433,-2.912371793409307,6.507483406907308,2.554361856243462,-1.5599533220513595,-0.559607635232429,-1.7993704170200993,1.2383395453797936,6.2545556334084145,-4.693228589794959,-3.9754586142345256,-0.6904571452507874,-1.3678214320548936,-3.3568774086420228,1.071086925436327,-1.1786758738351348,-0.8246680136292334,-1.0400472834268408,-1.9054713781605979,1.242514356999145,-0.5543053111655941,1.5468059000365795,0.5017316446749435,-2.1306189231913133,-1.1510530478782688,-6.105378115178912
1.840987884190247,3.6284037394649715,0.18477172707667522,0.44703409349535256,-3.224160580936472,1.7489136307765871,-8.139810162677483,-4.021219221361858,6.063202204404395,5.847936818090572,13.685446817054853,5.783089595306869,8.26027209075518,0.8113206235998778,2.98913408889499,-2.330144296505674,-3.7785804772205007,-4.9988331084561635,-5.699645594901167,12.817910369317179,5.002172682686325,-3.1019952896859064,-1.1008072660602612,-3.511781749908105,2.490640827132643,12.315653844927763,-9.279267459200197,-7.8063134884642436,-1.3656330955084572,-2.6984834561399276,-6.620544438329132,2.1184439162910853,-2.2868638468806473,-1.6466545209346086,-2.011457805407527,-3.746558571034578,2.447837696579299,-1.1071249160148717,3.056138488820676,1.0295830246934792,-4.198546463634066,-2.269921669839915,-11.996294881067339
0.08793049908414911,0.18477172707667522,0.46961020628813005,-0.1895064217098404,0.7970798023726295,-1.2287576043914779,-0.26801132179279835,-0.4020402194616386,-0.4920301451563419,0.3163151984100973,0.1642656683168154,-0.7333019535342941,0.5501174100596197,0.6747914279155811,0.3028162350949629,-0.5728558951678977,-0.11843809009521364,0.8230949234741459,0.7758353455236537,0.1633714904093837,-0.3470953269255743,-0.6698346088712794,0.03224025276670502,0.2421193424099403,1.2241136940645951,0.3265785521575255,-0.8083626774382385,0.2575041544796964,-0.16541508091538099,-0.2193826644567351,-0.4656593630540282,0.1798099469204856,0.7131684585346793,-0.6668242329515944,0.7022103889050442,0.12285956019822154,-0.047932507133737576,-0.7584141955358885,0.2396117953579725,1.0247381318754742,-0.06704070780731224,-0.019421421590676863,0.1532091264282776
0.23208924022349944,0.44703409349535256,-0.1895064217098404,0.15776171543971662,-0.8518672414805732,0.8579149918160488,-1.0759856778027224,-0.406367043234753,1.1180765583514733,0.7073556327721013,1.9304568479167978,1.2086756429938819,0.9402441256329103,-0.20275189324898435,0.2950568023698732,-0.0798443685406858,-0.5046427532186486,-1.1291580346469954,-1.207802624895493,1.7966596513664879,0.9066436243644141,-0.13047727251253005,-0.17549559449880398,-0.6508226727782328,-0.22291036895812966,1.6562143696496923,-0.9671658242528367,-1.275895675855598,-0.12362686943414916,-0.2925738563758619,-0.7552741557672138,0.22168920197631295,-0.6797155495047259,0.07528551150822287,-0.635866956399608,-0.6064099246530403,0.37801306872316864,0.1852475691888741,0.33193226084553906,-0.3383961752188607,-0.5807834557804096,-0.32153339038630474,-1.8445439936814938
-1.6543989497523017,-3.224160580936472,0.7970798023726295,-0.8518672414805732,4.899423974077878,-4.3884842568814175,7.552463809550037,3.165717458718135,-7.064660424122083,-5.147023595720318,-13.270469090846852,-7.337982157314051,-7.028011359950446,0.6271161946646436,-2.33286608988112,1.1272947999923386,3.5240557956645713,6.731340428378815,7.32401512002669,-12.392818950829303,-5.732386102958092,1.650559634093314,1.1606137952689575,4.056461511753665,0.13449969565993428,-11.572259757551166,7.494137380561546,8.333244294693914,1.0121979260027956,2.2218550882457873,5.611909889787697,-1.717685498120019,3.801063309214188,0.2237457552498198,3.5079707614928735,3.984698182243474,-2.528062230229149,-0.4773629399047009,-2.526527185306262,1.1555298320760004,4.027580618239154,2.2119899082417,12.289397490412483
0.9228549553252077,1.7489136307765871,-1.2287576043914779,0.8579149918160488,-4.3884842568814175,4.86882637334117,-4.3842708364896374,-1.3874822371454232,5.228149298139563,2.732857279285692,8.11220509509188,5.89211694938974,3.481817478449131,-1.4995226008439093,0.9823278404730095,0.16010583634827907,-2.0698114930372378,-5.613382834251904,-5.9003456953406355,7.519590854964954,4.227579375434832,0.08381521496075232,-0.7770762892547787,-3.073294005573857,-2.113779860935728,6.7989340589243135,-3.3571701645364485,-5.726361202754503,-0.38109090921846317,-1.0509813728070225,-2.815352076601064,0.7700621193177832,-3.5893035941054943,0.9436022436403567,-3.396406051320704,-2.7050056321494655,1.6506004982149725,1.4602728931174036,1.1903900050581413,-2.4098294887806664,-2.4136757260836754,-1.3515589664256176,-8.073421555307656
-4.136672599383975,-8.139810162677483,-0.26801132179279835,-1.0759856778027224,7.552463809550037,-4.3842708364896374,18.316020331348767,8.960487580084902,-13.860670965456087,-13.108284285640234,-30.871239456190114,-13.327590852040483,-18.470862015061396,-1.6058857354938811,-6.654539022334123,5.085863922226781,8.507015860476185,11.577558935679367,13.141324223677136,-28.903346144256385,-11.430251043887756,6.778577106955756,2.4969111886778865,8.040245989957214,-5.211268092680125,-27.7263445051094,20.68567995397924,17.735430111580964,3.0318626224624015,6.025988134397417,14.810244001119768,-4.722419134258044,5.412087840733664,3.4986302266396856,4.788532780876323,8.505297844600454,-5.542381646915088,2.263427911257079,-6.82301199763407,-1.981127981610325,9.461438009893095,5.119520708846999,27.17349129883923
-2.0387441216875355,-4.021219221361858,-0.4020402194616386,-0.406367043234753,3.165717458718135,-1.3874822371454232,8.960487580084902,4.541918802000224,-6.376958398834857,-6.487152619660685,-14.938095759928581,-5.977646809311889,-9.202700287924602,-1.1664137526311444,-3.375708211902591,2.778123061385747,4.157974320466647,5.08460410031572,5.865334177746988,-13.99235389103546,-5.290856052986069,3.650861023924644,1.1817473659667015,3.72139276935637,-3.22092612183525,-13.520134038625907,10.419171841966422,8.375610930570295,1.5545005693999965,3.024881290084211,7.391967921131568,-2.3760579667269566,2.185073131663815,2.0709021982336395,1.8911519001759418,4.017744219334107,-2.6375322237116308,1.5288418581868586,-3.4206362007637168,-1.5509826023399813,4.5884443020646515,2.4734773026754935,12.973197889666482
3.0892000445741763,6.063202204404395,-0.4920301451563419,1.1180765583514733,-7.064660424122083,5.228149298139563,-13.860670965456087,-6.376958398834857,11.52762418584436,9.738566085437887,23.79711214415765,11.46050225918982,13.573859441087427,0.24961902156814547,4.732740547554874,-3.1041672947705097,-6.445316690522868,-10.235397172540617,-11.383828948081002,22.26990481753803,9.412387135123453,-4.288227755696943,-1.9932178619493075,-6.608751980419414,2.24535425012976,21.104873155929695,-14.914854792100348,-14.188736885522504,-2.1141317733418385,-4.366696405331106,-10.839163765929495,3.413023634684462,-5.270146515624009,-1.7353179188969943,-4.767527254206099,-6.806926580708545,4.389625885564354,-0.6295508002745022,4.95913003372015,0.023260553070582494,-7.270561524513124,-3.959094739703368,-21.382281224170747
2.9646714368346214,5.847936818090572,0.3163151984100973,0.7073556327721013,-5.147023595720318,2.732857279285692,-13.108284285640234,-6.487152619660685,9.738566085437887,9.43049315470119,22.037103551175615,9.258447759550789,13.335629724330364,1.3431113972260504,4.827439760421608,-3.7718564143813724,-6.0824352908821915,-7.998010943168393,-9.129887977683591,20.647312482626155,8.025967857962273,-5.035195228825235,-1.77146537744795,-5.620216874299313,4.081030252093813,19.83727484597304,-14.98938007747286,-12.543893430784852,-2.2052050842929907,-4.35460912018475,-10.676749370272637,3.4230113470655823,-3.637749441172219,-2.686278705729717,-3.193335820906529,-6.025653305010343,3.941202577519331,-1.8107429846337126,4.934748452327832,1.7146347973765632,-6.765075262629554,-3.6569428936183797,-19.290645245154963
6.951671646693019,13.685446817054853,0.1642656683168154,1.9304568479167978,-13.270469090846852,8.11220509509188,-30.871239456190114,-14.938095759928581,23.79711214415765,22.037103551175615,52.236946258241716,22.996156205793817,31.01321958886793,2.3297777433268445,11.102269199530374,-8.26225630803021,-14.336766379231348,-20.098359465000968,-22.727183459544243,48.91695262204395,19.561830718821444,-11.112860568380128,-4.254837120433333,-13.725354583180366,8.131981395347676,46.801370718669595,-34.617151598199406,-30.198217512327666,-5.038967705008326,-10.084566415966455,-24.82260859406152,7.90915633658405,-9.581032919548077,-5.540189809197634,-8.513456531031485,-14.4945741243218,9.433335411915003,-3.3629403913662244,11.431863996651368,2.7633623144047057,-16.0077016411876,-8.673058516564689,-46.12893582787022
2.959505110176014,5.783089595306869,-0.7333019535342941,1.2086756429938819,-7.337982157314051,5.89211694938974,-13.327590852040483,-5.977646809311889,11.46050225918982,9.258447759550789,22.996156205793817,11.616252429185417,12.79420826893502,-0.17068808646476305,4.4106232155522616,-2.7107896157546607,-6.211300481685166,-10.449765012590147,-11.529257759005443,21.484507922931673,9.376623889608988,-3.728631641262176,-1.9476586905034485,-6.649469590029632,1.4090439676984157,20.302035131134836,-13.941365836619507,-13.96133880184963,-1.9607563998570514,-4.108435987381523,-10.260168326407245,3.1869383349045797,-5.568936513477725,-1.2791281887460573,-5.08147429809643,-6.672576250391656,4.271804069397111,-0.20735394742637123,4.656579581063644,-0.6083513512924104,-7.000316883224335,-3.82116358990483,-20.89289139229104
4.182254088792478,8.26027209075518,0.5501174100596197,0.9402441256329103,-7.028011359950446,3.481817478449131,-18.470862015061396,-9.202700287924602,13.573859441087427,13.335629724330364,31.01321958886793,12.79420826893502,18.910512939342652,2.064375451833812,6.862836363199762,-5.423535335534117,-8.5634530461729,-11.01807243336491,-12.623560887373408,29.076653196099866,11.173122392889848,-7.2651621803766115,-2.484991787139841,-7.785775928524683,6.068608038320703,27.95419600162615,-21.299125904048722,-17.542197522832023,-3.1360149769186125,-6.175076967031141,-15.112219099156015,4.866585432232258,-4.915238222476704,-3.949423396595087,-4.290114919120802,-8.441125882672182,5.536131181687163,-2.7100008589364317,7.003317818006514,2.6807778632459596,-9.533481805116834,-5.149090437076136,-27.044349304037322
0.39789073630420807,0.8113206235998778,0.6747914279155811,-0.20275189324898435,0.6271161946646436,-1.4995226008439093,-1.6058857354938811,-1.1664137526311444,0.24961902156814547,1.3431113972260504,2.3297777433268445,-0.17068808646476305,2.064375451833812,1.0766675500702587,0.8839294342358064,-1.1410092529319376,-0.7319373056681964,0.4015155674852966,0.2235055663077649,2.210719511713573,0.2617674402963451,-1.4326068930207796,-0.12652062652639634,-0.1526273429972631,2.119610028209764,2.339443269530552,-2.5838731151421697,-0.8171701814035973,-0.4381565740005099,-0.7207650889120605,-1.659660150271416,0.5863652022160117,0.6644565477937635,-1.1912475569821201,0.6951339384593861,-0.40568727244269986,0.31688917400256095,-1.2089628352445196,0.8117989306202752,1.6056231947398345,-0.745988087769146,-0.38065011548438876,-1.599289736620394
1.5139293758369585,2.98913408889499,0.3028162350949629,0.2950568023698732,-2.33286608988112,0.9823278404730095,-6.654539022334123,-3.375708211902591,4.732740547554874,4.827439760421608,11.102269199530374,4.4106232155522616,6.862836363199762,0.8839294342358064,2.5155382810932445,-2.0663078542969653,-3.0851159296855593,-3.7534753485318584,-4.33536626909295,10.407409080691158,3.9150612856617353,-2.7358935100336255,-0.8789264904754311,-2.7358836570353584,2.43039408024672,10.048505050818962,-7.77149788800886,-6.20706364728341,-1.156042559706509,-2.2520498182073,-5.497006681685292,1.773895580088541,-1.6001433025397447,-1.5556638402949232,-1.3805466714203045,-2.9840419768961444,1.962647183350167,-1.1402479498075728,2.5500427940522967,1.1800335563111501,-3.414594461676024,-1.8401283646319355,-9.62245514066373
-1.1775830777294287,-2.330144296505674,-0.5728558951678977,-0.0798443685406858,1.1272947999923386,0.16010583634827907,5.085863922226781,2.778123061385747,-3.1041672947705097,-3.7718564143813724,-8.26225630803021,-2.7107896157546607,-5.423535335534117,-1.1410092529319376,-2.0663078542969653,1.946399663320299,2.356218259437676,2.154525509592365,2.614711722126457,-7.74441861905365,-2.62466590421481,2.489641786229197,0.6192303173427974,1.8521112721085424,-2.670537641730883,-7.612485441581794,6.280164179778276,4.373073495551354,0.9717467621227933,1.8128333685921458,4.378233609457964,-1.4280933662262083,0.6574405872298342,1.6277411332648655,0.505769491346063,2.096436197442965,-1.3998456612103143,1.4053073876735145,-2.042862290274327,-1.6125510841453916,2.5493873929287747,1.3617587157904638,6.956916208709418
-1.9214497140991689,-3.7785804772205007,-0.11843809009521364,-0.5046427532186486,3.5240557956645713,-2.0698114930372378,8.507015860476185,4.157974320466647,-6.445316690522868,-6.0824352908821915,-14.336766379231348,-6.211300481685166,-8.5634530461729,-0.7319373056681964,-3.0851159296855593,2.356218259437676,3.9524639120401557,5.396457355045744,6.121202422241352,-13.41915144086982,-5.320094902870404,3.1320624827894212,1.1597501904683174,3.750059343516751,-2.3927829465440404,-12.874661974033566,9.587365229543964,8.247564643761836,1.4061044604985422,2.795121206329043,6.872848914014856,-2.1880914670484364,2.5308899564555096,1.6116461618713964,2.2418369777156637,3.9523315165669333,-2.573439902138176,1.0426840719518575,-3.1632351296525107,-0.8984978147337253,4.391801924171767,2.3765943039783544,12.631109938901652
-2.559915935460433,-4.9988331084561635,0.8230949234741459,-1.1291580346469954,6.731340428378815,-5.613382834251904,11.577558935679367,5.08460410031572,-10.235397172540617,-7.998010943168393,-20.098359465000968,-10.449765012590147,-11.01807243336491,0.4015155674852966,-3.7534753485318584,2.154525509592365,5.396457355045744,9.466340429980647,10.395491891224461,-18.778340124180197,-8.345425412630837,3.0225433159723907,1.7206449325300586,5.905308885508912,-0.7821195094563292,-17.673126018381215,11.926075981194815,12.329589300918364,1.6550283367434055,3.5192170449818003,8.816423654962131,-2.7293858578851293,5.145163359010552,0.8727100062065445,4.712949959725844,5.896857190261509,-3.765621212430149,-0.11091939681344946,-3.994211231176769,0.9149868046139369,6.114256554317148,3.343710970131235,18.36554330659276
-2.912371793409307,-5.699645594901167,0.7758353455236537,-1.207802624895493,7.32401512002669,-5.9003456953406355,13.141324223677136,5.865334177746988,-11.383828948081002,-9.129887977683591,-22.727183459544243,-11.529257759005443,-12.623560887373408,0.2235055663077649,-4.33536626909295,2.614711722126457,6.121202422241352,10.395491891224461,11.463174197515666,-21.243919670584244,-9.288282379003906,3.64146193027723,1.9311426483079013,6.561381517770103,-1.3015758636637922,-20.04239822919154,13.736658811863158,13.814682397967609,1.9222026844984799,4.042742360741333,10.098850324207694,-3.143200657323541,5.558638374542115,1.2088687409526975,5.07265624532033,6.612123672094616,-4.235743181277815,0.1190206228792047,-4.589050163569649,0.6839003672124832,6.922874130375827,3.781394744240421,20.65488616217171
6.507483406907308,12.817910369317179,0.1633714904093837,1.7966596513664879,-12.392818950829303,7.519590854964954,-28.903346144256385,-13.99235389103546,22.26990481753803,20.647312482626155,48.91695262204395,21.484507922931673,29.076653196099866,2.210719511713573,10.407409080691158,-7.74441861905365,-13.41915144086982,-18.778340124180197,-21.243919670584244,45.8186418206159,18.29087099272952,-10.442220957144363,-3.984668557729918,-12.810916595090019,7.674409115374674,43.828417756780084,-32.46110665927167,-28.252556907975322,-4.721856904426062,-9.450235767191186,-23.2533402705339,7.4184874174391,-8.933835610914183,-5.215141201943035,-7.932234419913262,-13.569165945093212,8.836520759686042,-3.1610685939787295,10.71762210750049,2.6332051067631697,-14.996260712105435,-8.124815024637229,-43.168398761495794
2.554361856243462,5.002172682686325,-0.3470953269255743,0.9066436243644141,-5.732386102958092,4.227579375434832,-11.430251043887756,-5.290856052986069,9.412387135123453,8.025967857962273,19.561830718821444,9.376623889608988,11.173122392889848,0.2617674402963451,3.9150612856617353,-2.62466590421481,-5.320094902870404,-8.345425412630837,-9.288282379003906,18.29087099272952,7.7192138179026415,-3.56622697453054,-1.6311126715095532,-5.4558057884978215,1.9364075199369437,17.37416103150122,-12.297382864861326,-11.650881383127112,-1.7553852943392472,-3.608237533297035,-8.956224359309617,2.810250144082788,-4.27832224170672,-1.4841543928262162,-3.870696958717604,-5.576059856674978,3.5917118330630524,-0.6145489320858329,4.088243684960999,0.10360501855212985,-5.969657356892822,-3.2479875642103986,-17.57686787437489
-1.5599533220513595,-3.1019952896859064,-0.6698346088712794,-0.13047727251253005,1.650559634093314,0.08381521496075232,6.778577106955756,3.650861023924644,-4.288227755696943,-5.035195228825235,-11.112860568380128,-3.728631641262176,-7.2651621803766115,-1.4326068930207796,-2.7358935100336255,2.489641786229197,3.1320624827894212,3.0225433159723907,3.64146193027723,-10.442220957144363,-3.56622697453054,3.2728180000578493,0.8459396229039673,2.455076067750107,-3.4278529496428662,-10.19477029395455,8.376250923092865,5.905799101966779,1.2748786337842881,2.4053837657583967,5.8065801992967305,-1.9114908148775807,0.9820403325768285,2.0874029519480084,0.7694588717871451,2.8539401671578957,-1.911229420304946,1.720305258752611,-2.7254901106890888,-2.016893652415316,3.440270430288613,1.8414754028273863,9.360483198750805
-0.559607635232429,-1.1008072660602612,0.03224025276670502,-0.17549559449880398,1.1606137952689575,-0.7770762892547787,2.4969111886778865,1.1817473659667015,-1.9932178619493075,-1.77146537744795,-4.254837120433333,-1.9476586905034485,-2.484991787139841,-0.12652062652639634,-0.8789264904754311,0.6192303173427974,1.1597501904683174,1.7206449325300586,1.9311426483079013,-3.984668557729918,-1.6311126715095532,0.8459396229039673,0.35118174670868285,1.1415572850562563,-0.5497379855123729,-3.7944284365756604,2.7547997995391786,2.491706667751202,0.39572449360223166,0.8035077254320669,1.984073989585749,-0.6301840402208335,0.8500811890346167,0.38983800646835326,0.7616012040544734,1.196928042707405,-0.7763916850081066,0.20078236333205496,-0.9121943023025624,-0.12902379010610643,1.302862807205203,0.7074290554188248,3.7837999059590075
-1.7993704170200993,-3.511781749908105,0.2421193424099403,-0.6508226727782328,4.056461511753665,-3.073294005573857,8.040245989957214,3.72139276935637,-6.608751980419414,-5.620216874299313,-13.725354583180366,-6.649469590029632,-7.785775928524683,-0.1526273429972631,-2.7358836570353584,1.8521112721085424,3.750059343516751,5.905308885508912,6.561381517770103,-12.810916595090019,-5.4558057884978215,2.455076067750107,1.1415572850562563,3.906057418420174,-1.28674494823591,-12.195351007848426,8.566702163217398,8.21582155830752,1.2327395164385708,2.526032916401044,6.284891265550173,-1.952981423255707,3.0497343658460454,1.0125076112566085,2.767930972664352,3.9134923467592833,-2.5106192797779094,0.44077801391283405,-2.8516880129707323,-0.022225295371684068,4.176482144609285,2.2727382993131675,12.380699433000613
1.2383395453797936,2.490640827132643,1.2241136940645951,-0.22291036895812966,0.13449969565993428,-2.113779860935728,-5.211268092680125,-3.22092612183525,2.24535425012976,4.081030252093813,8.131981395347676,1.4090439676984157,6.068608038320703,2.119610028209764,2.43039408024672,-2.670537641730883,-2.3927829465440404,-0.7821195094563292,-1.3015758636637922,7.674409115374674,1.9364075199369437,-3.4278529496428662,-0.5497379855123729,-1.28674494823591,4.444480362023789,7.737178527619308,-7.275977784152097,-3.7365725914835615,-1.1670874063825927,-2.058606090793006,-4.856285570044234,1.6567443725057616,0.48469026702581514,-2.567804276825709,0.6215780905515745,-1.8235741340005645,1.2848128140198316,-2.42290623304959,2.3272304208343875,3.1088074961495753,-2.553346652317612,-1.3407270222232521,-6.343344032144102
6.2545556334084145,12.315653844927763,0.3265785521575255,1.6562143696496923,-11.572259757551166,6.7989340589243135,-27.7263445051094,-13.520134038625907,21.104873155929695,19.83727484597304,46.801370718669595,20.302035131134836,27.95419600162615,2.339443269530552,10.048505050818962,-7.612485441581794,-12.874661974033566,-17.673126018381215,-20.04239822919154,43.828417756780084,17.37416103150122,-10.19477029395455,-3.7944284365756604,-12.195351007848426,7.737178527619308,42.00048184469895,-31.276398743800744,-26.924924358530376,-4.571681628782892,-9.106487623941128,-22.38770934771173,7.143585720436848,-8.304420216077718,-5.209364491633804,-7.353899001618909,-12.922043946183607,8.42109960440891,-3.2997882139559604,10.318567156081745,2.859438512678999,-14.347277532138753,-7.766827082176414,-41.219488540868184
-4.693228589794959,-9.279267459200197,-0.8083626774382385,-0.9671658242528367,7.494137380561546,-3.3571701645364485,20.68567995397924,10.419171841966422,-14.914854792100348,-14.98938007747286,-34.617151598199406,-13.941365836619507,-21.299125904048722,-2.5838731151421697,-7.77149788800886,6.280164179778276,9.587365229543964,11.926075981194815,13.736658811863158,-32.46110665927167,-12.297382864861326,8.376250923092865,2.7547997995391786,8.566702163217398,-7.275977784152097,-31.276398743800744,24.07024021680689,19.432305616377118,3.5636809633741393,6.970485714284151,17.03001106001798,-5.497779875897083,5.174833644297503,4.678577602545707,4.481931318155802,9.35214623393616,-6.148398603596373,3.3339660789130345,-7.903147810251138,-3.417363609352805,10.649165676763063,5.745694683457309,30.059490424983856
-3.9754586142345256,-7.8063134884642436,0.2575041544796964,-1.275895675855598,8.333244294693914,-5.726361202754503,17.735430111580964,8.375610930570295,-14.188736885522504,-12.543893430784852,-30.198217512327666,-13.96133880184963,-17.542197522832023,-0.8171701814035973,-6.20706364728341,4.373073495551354,8.247564643761836,12.329589300918364,13.814682397967609,-28.252556907975322,-11.650881383127112,5.905799101966779,2.491706667751202,8.21582155830752,-3.7365725914835615,-26.924924358530376,19.432305616377118,17.75807323689686,2.800909408386439,5.6837433333057925,14.058255853240285,-4.439455686771142,6.13971863722533,2.6889499247396462,5.515455001726976,8.507224313608942,-5.503733737790179,1.388583316104307,-6.441005067570763,-0.78872998539719,9.231284510341073,5.014351660584951,26.932886213168295
-0.6904571452507874,-1.3656330955084572,-0.16541508091538099,-0.12362686943414916,1.0121979260027956,-0.38109090921846317,3.0318626224624015,1.5545005693999965,-2.1141317733418385,-2.2052050842929907,-5.038967705008326,-1.9607563998570514,-3.1360149769186125,-0.4381565740005099,-1.156042559706509,0.9717467621227933,1.4061044604985422,1.6550283367434055,1.9222026844984799,-4.721856904426062,-1.7553852943392472,1.2748786337842881,0.39572449360223166,1.2327395164385708,-1.1670874063825927,-4.571681628782892,3.5636809633741393,2.800909408386439,0.5346131672466361,1.0324612302899987,2.5187643339383907,-0.8124407456926044,0.6869332145857345,0.7409441899997141,0.5879896351991776,1.3444687875088994,-0.88547554693173,0.5627677120070432,-1.1680695718433136,-0.591005062418337,1.5495886694650944,0.8348233242082651,4.354158261984043
-1.3678214320548936,-2.6984834561399276,-0.2193826644567351,-0.2925738563758619,2.2218550882457873,-1.0509813728070225,6.025988134397417,3.024881290084211,-4.366696405331106,-4.35460912018475,-10.084566415966455,-4.108435987381523,-6.175076967031141,-0.7207650889120605,-2.2520498182073,1.8128333685921458,2.795121206329043,3.5192170449818003,4.042742360741333,-9.450235767191186,-3.608237533297035,2.4053837657583967,0.8035077254320669,2.526032916401044,-2.058606090793006,-9.106487623941128,6.970485714284151,5.6837433333057925,1.0324612302899987,2.022764664092401,4.947154246690085,-1.5911710500280727,1.5461689697087506,1.3331584425659486,1.3453240332140366,2.730640192029762,-1.7911370157281339,0.9476236717867533,-2.290591002746721,-0.9465014019581813,3.0985295279145495,1.6718961961063452,8.780163518462066
-3.3568774086420228,-6.620544438329132,-0.4656593630540282,-0.7552741557672138,5.611909889787697,-2.815352076601064,14.810244001119768,7.391967921131568,-10.839163765929495,-10.676749370272637,-24.82260859406152,-10.260168326407245,-15.112219099156015,-1.659660150271416,-5.497006681685292,4.378233609457964,6.872848914014856,8.816423654962131,10.098850324207694,-23.2533402705339,-8.956224359309617,5.8065801992967305,1.984073989585749,6.284891265550173,-4.856285570044234,-22.38770934771173,17.03001106001798,14.058255853240285,2.5187643339383907,4.947154246690085,12.116382900119968,-3.8867752863304683,3.937562595385175,3.1692991035495384,3.4415670769663205,6.7484801109592825,-4.418869114118482,2.2158111200356196,-5.6012476055294735,-2.153989567416632,7.620841936107807,4.1155651165657545,21.672432908865876
1.071086925436327,2.1184439162910853,0.1798099469204856,0.22168920197631295,-1.717685498120019,0.7700621193177832,-4.722419134258044,-2.3760579667269566,3.413023634684462,3.4230113470655823,7.90915633658405,3.1869383349045797,4.866585432232258,0.5863652022160117,1.773895580088541,-1.4280933662262083,-2.1880914670484364,-2.7293858578851293,-3.143200657323541,7.4184874174391,2.810250144082788,-1.9114908148775807,-0.6301840402208335,-1.952981423255707,1.6567443725057616,7.143585720436848,-5.497779875897083,-4.439455686771142,-0.8124407456926044,-1.5911710500280727,-3.8867752863304683,1.2563569206950647,-1.1855413649326112,-1.0651675675662764,-1.0268313338059019,-2.1383763489916006,1.4064844859313346,-0.7531214334277129,1.804986323869183,0.7749785171858199,-2.4339467552214566,-1.3132877058755799,-6.866480136071043
-1.1786758738351348,-2.2868638468806473,0.7131684585346793,-0.6797155495047259,3.801063309214188,-3.5893035941054943,5.412087840733664,2.185073131663815,-5.270146515624009,-3.637749441172219,-9.581032919548077,-5.568936513477725,-4.915238222476704,0.6644565477937635,-1.6001433025397447,0.6574405872298342,2.5308899564555096,5.145163359010552,5.558638374542115,-8.933835610914183,-4.27832224170672,0.9820403325768285,0.8500811890346167,3.0497343658460454,0.48469026702581514,-8.304420216077718,5.174833644297503,6.13971863722533,0.6869332145857345,1.5461689697087506,3.937562595385175,-1.1855413649326112,2.986212068297553,-0.04343830630077132,2.7725246075205363,2.9270884902748797,-1.8435659513451546,-0.5606806347365876,-1.7560028581129334,1.1579081173636403,2.8971910489801602,1.5962089948780513,8.983518001225567
-0.8246680136292334,-1.6466545209346086,-0.6668242329515944,0.07528551150822287,0.2237457552498198,0.9436022436403567,3.4986302266396856,2.0709021982336395,-1.7353179188969943,-2.686278705729717,-5.540189809197634,-1.2791281887460573,-3.949423396595087,-1.1912475569821201,-1.5556638402949232,1.6277411332648655,1.6116461618713964,0.8727100062065445,1.2088687409526975,-5.215141201943035,-1.4841543928262162,2.0874029519480084,0.38983800646835326,1.0125076112566085,-2.567804276825709,-5.209364491633804,4.678577602545707,2.6889499247396462,0.7409441899997141,1.3331584425659486,3.1692991035495384,-1.0651675675662764,-0.04343830630077132,1.5055721390985248,-0.13927561935185706,1.3031319713708753,-0.8987426908171288,1.387387492515322,-1.5049107781624373,-1.732292325941185,1.7282460740402008,0.9126377497437472,4.449565710042089
-1.0400472834268408,-2.011457805407527,0.7022103889050442,-0.635866956399608,3.5079707614928735,-3.396406051320704,4.788532780876323,1.8911519001759418,-4.767527254206099,-3.193335820906529,-8.513456531031485,-5.08147429809643,-4.290114919120802,0.6951339384593861,-1.3805466714203045,0.505769491346063,2.2418369777156637,4.712949959725844,5.07265624532033,-7.932234419913262,-3.870696958717604,0.7694588717871451,0.7616012040544734,2.767930972664352,0.6215780905515745,-7.353899001618909,4.481931318155802,5.515455001726976,0.5879896351991776,1.3453240332140366,3.4415670769663205,-1.0268313338059019,2.7725246075205363,-0.13927561935185706,2.581849668274344,2.6258939440266325,-1.6474316149520019,-0.605912663538583,-1.526700473032216,1.1886332544670883,2.5693561030524257,1.4176796466705113,8.036486829730805
-1.9054713781605979,-3.746558571034578,0.12285956019822154,-0.6064099246530403,3.984698182243474,-2.7050056321494655,8.505297844600454,4.017744219334107,-6.806926580708545,-6.025653305010343,-14.4945741243218,-6.672576250391656,-8.441125882672182,-0.40568727244269986,-2.9840419768961444,2.096436197442965,3.9523315165669333,5.896857190261509,6.612123672094616,-13.569165945093212,-5.576059856674978,2.8539401671578957,1.196928042707405,3.9134923467592833,-1.8235741340005645,-12.922043946183607,9.35214623393616,8.507224313608942,1.3444687875088994,2.730640192029762,6.7484801109592825,-2.1383763489916006,2.9270884902748797,1.3031319713708753,2.6258939440266325,4.082465598095495,-2.6451198704974037,0.6648047141244989,-3.0983365300502355,-0.40013862635812986,4.435363076405769,2.409165593209086,12.908451287240482
1.242514356999145,2.447837696579299,-0.047932507133737576,0.37801306872316864,-2.528062230229149,1.6506004982149725,-5.542381646915088,-2.6375322237116308,4.389625885564354,3.941202577519331,9.433335411915003,4.271804069397111,5.536131181687163,0.31688917400256095,1.962647183350167,-1.3998456612103143,-2.573439902138176,-3.765621212430149,-4.235743181277815,8.836520759686042,3.5917118330630524,-1.911229420304946,-0.7763916850081066,-2.5106192797779094,1.2848128140198316,8.42109960440891,-6.148398603596373,-5.503733737790179,-0.88547554693173,-1.7911370157281339,-4.418869114118482,1.4064844859313346,-1.8435659513451546,-0.8987426908171288,-1.6474316149520019,-2.6451198704974037,1.7183715928311993,-0.48198168718747436,2.0341153458233636,0.3412524919495015,-2.890325773820508,-1.5690329226468809,-8.370054197213406
-0.5543053111655941,-1.1071249160148717,-0.7584141955358885,0.1852475691888741,-0.4773629399047009,1.4602728931174036,2.263427911257079,1.5288418581868586,-0.6295508002745022,-1.8107429846337126,-3.3629403913662244,-0.20735394742637123,-2.7100008589364317,-1.2089628352445196,-1.1402479498075728,1.4053073876735145,1.0426840719518575,-0.11091939681344946,0.1190206228792047,-3.1610685939787295,-0.6145489320858329,1.720305258752611,0.20078236333205496,0.44077801391283405,-2.42290623304959,-3.2997882139559604,3.3339660789130345,1.388583316104307,0.5627677120070432,0.9476236717867533,2.2158111200356196,-0.7531214334277129,-0.5606806347365876,1.387387492515322,-0.605912663538583,0.6648047141244989,-0.48198168718747436,1.410097111359857,-1.0581283113354483,-1.7897160265417478,1.0554138945460807,0.5447468482695289,2.5017283757021977
1.5468059000365795,3.056138488820676,0.2396117953579725,0.33193226084553906,-2.526527185306262,1.1903900050581413,-6.82301199763407,-3.4206362007637168,4.95913003372015,4.934748452327832,11.431863996651368,4.656579581063644,7.003317818006514,0.8117989306202752,2.5500427940522967,-2.042862290274327,-3.1632351296525107,-3.994211231176769,-4.589050163569649,10.71762210750049,4.088243684960999,-2.7254901106890888,-0.9121943023025624,-2.8516880129707323,2.3272304208343875,10.318567156081745,-7.903147810251138,-6.441005067570763,-1.1680695718433136,-2.290591002746721,-5.6012476055294735,1.804986323869183,-1.7560028581129334,-1.5049107781624373,-1.526700473032216,-3.0983365300502355,2.0341153458233636,-1.0581283113354483,2.5967758952784585,1.0653063304860446,-3.514889788214646,-1.8973211456169659,-9.947936920254003
0.5017316446749435,1.0295830246934792,1.0247381318754742,-0.3383961752188607,1.1555298320760004,-2.4098294887806664,-1.981127981610325,-1.5509826023399813,0.023260553070582494,1.7146347973765632,2.7633623144047057,-0.6083513512924104,2.6807778632459596,1.6056231947398345,1.1800335563111501,-1.6125510841453916,-0.8984978147337253,0.9149868046139369,0.6839003672124832,2.6332051067631697,0.10360501855212985,-2.016893652415316,-0.12902379010610643,-0.022225295371684068,3.1088074961495753,2.859438512678999,-3.417363609352805,-0.78872998539719,-0.591005062418337,-0.9465014019581813,-2.153989567416632,0.7749785171858199,1.1579081173636403,-1.732292325941185,1.1886332544670883,-0.40013862635812986,0.3412524919495015,-1.7897160265417478,1.0653063304860446,2.405669641576164,-0.8962845955751415,-0.44942815707303263,-1.7404243780343265
-2.1306189231913133,-4.198546463634066,-0.06704070780731224,-0.5807834557804096,4.027580618239154,-2.4136757260836754,9.461438009893095,4.5884443020646515,-7.270561524513124,-6.765075262629554,-16.0077016411876,-7.000316883224335,-9.533481805116834,-0.745988087769146,-3.414594461676024,2.5493873929287747,4.391801924171767,6.114256554317148,6.922874130375827,-14.996260712105435,-5.969657356892822,3.440270430288613,1.302862807205203,4.176482144609285,-2.553346652317612,-14.347277532138753,10.649165676763063,9.231284510341073,1.5495886694650944,3.0985295279145495,7.620841936107807,-2.4339467552214566,2.8971910489801602,1.7282460740402008,2.5693561030524257,4.435363076405769,-2.890325773820508,1.0554138945460807,-3.514889788214646,-0.8962845955751415,4.909075695711382,2.6592414359999634,14.113176740263032
-1.1510530478782688,-2.269921669839915,-0.019421421590676863,-0.32153339038630474,2.2119899082417,-1.3515589664256176,5.119520708846999,2.4734773026754935,-3.959094739703368,-3.6569428936183797,-8.673058516564689,-3.82116358990483,-5.149090437076136,-0.38065011548438876,-1.8401283646319355,1.3617587157904638,2.3765943039783544,3.343710970131235,3.781394744240421,-8.124815024637229,-3.2479875642103986,1.8414754028273863,0.7074290554188248,2.2727382993131675,-1.3407270222232521,-7.766827082176414,5.745694683457309,5.014351660584951,0.8348233242082651,1.6718961961063452,4.1155651165657545,-1.3132877058755799,1.5962089948780513,0.9126377497437472,1.4176796466705113,2.409165593209086,-1.5690329226468809,0.5447468482695289,-1.8973211456169659,-0.44942815707303263,2.6592414359999634,1.4416145259496174,7.656854931382938
-6.105378115178912,-11.996294881067339,0.1532091264282776,-1.8445439936814938,12.289397490412483,-8.073421555307656,27.17349129883923,12.973197889666482,-21.382281224170747,-19.290645245154963,-46.12893582787022,-20.89289139229104,-27.044349304037322,-1.599289736620394,-9.62245514066373,6.956916208709418,12.631109938901652,18.36554330659276,20.65488616217171,-43.168398761495794,-17.57686787437489,9.360483198750805,3.7837999059590075,12.380699433000613,-6.343344032144102,-41.219488540868184,30.059490424983856,26.932886213168295,4.354158261984043,8.780163518462066,21.672432908865876,-6.866480136071043,8.983518001225567,4.449565710042089,8.036486829730805,12.908451287240482,-8.370054197213406,2.5017283757021977,-9.947936920254003,-1.7404243780343265,14.113176740263032,7.656854931382938,40.97416080299407
