V1,V2,V3,V4,V5,V6,V7,V8,V9,V10,V11,V12,V13,V14,V15,V16,V17,V18,V19,V20,V21,V22,V23,V24,V25,V26,V27,V28,V29,V30,V31,V32,V33,V34,V35,V36,V37,V38,V39,V40,V41,V42,V43
0.3459310736470612,0.011683283294723885,-0.24746858284571094,0.28519153091756805,-0.0713453421677238,0.2662623024525638,0.06900378040642302,-0.10315761002613372,0.5468588702034359,0.058886628921499776,-0.344203659456785,-0.2245829671935431,0.28366349933115,-0.35136490986010344,0.23176610131465591,0.5752271229503885,0.23121402025612597,0.2033950628581117,-0.3255183546752839,0.5408483354613169,-0.004735955576827438,-0.03467367600948083,0.17335640882544623,0.15881172746630517,0.02473334100784786,0.020030239646749232,0.14002008670538138,0.43666432566428476,1.1429091946564518,-0.20761516859101173,0.13852192584099612,-0.1630712057660636,-0.09169903024503148,-0.4904489221437783,-0.8836919261387244,0.26947987787751,0.042698581034968416,-0.747833892310371,0.7873576281660255,-0.32749222923451976,-0.07227262072511982,0.45273704103484397,-0.3415747075495099
0.011683283294723885,0.34805271020733625,-0.5060288333815953,0.12441809221345797,-0.03662168626853528,-0.5037558019469301,0.3820987156607919,-0.5162093364364032,-0.30912979344146196,-0.4685865444894831,-1.1342772280256468,-0.6189986103977854,-0.36942971935870716,-0.5959795684490705,-0.8035047392147974,-0.5244739603516884,-0.7396239551107626,0.5160105712286758,-0.9281418086684979,0.7842025448024416,-0.7283198688548851,0.8975931633510731,0.15150254747594022,-0.4213458053214017,-0.2946144865303583,-0.17127444519439097,0.0767895861866223,0.04115293103921087,-0.22779017786843733,0.6615655322922891,-0.322214162988097,0.2032555454443391,0.5316214339674039,-0.1845534620218986,0.5740786806135075,-0.36767814818191347,0.3364215138441638,-0.309404115914866,-0.2839496920771713,-0.8975393308510331,-0.8518055287872226,0.6069714478896701,0.9966075112900885
-0.24746858284571094,-0.5060288333815953,0.890287132956899,-0.3688052745715586,0.09597643447247599,0.5433143378550747,-0.604832455056196,0.8076906985809318,0.07176469288588519,0.6388396065777247,1.8715972655232602,1.0399640527689287,0.3373530622507158,1.1030268419974778,0.9832950844139623,0.34701385204060387,0.9087570082579681,-0.8666644072438555,1.5560884882361208,-1.5110498783536082,1.0595645260243969,-1.2588082031505312,-0.3327315769149642,0.4930349703370221,0.43192114094832057,0.2399733562151034,-0.2022202283556595,-0.3651857335748607,-0.48752577628390925,-0.7988537977060555,0.3749256290144319,-0.181825616138951,-0.703191217529178,0.5986371482432892,-0.19687287883864374,0.33264032201603116,-0.4943506239724086,0.9851526911392942,-0.1340976875800516,1.5127788612624298,1.268957537582642,-1.1868240416285754,-1.1899217022476882
0.28519153091756805,0.12441809221345797,-0.3688052745715586,0.2810059301337042,-0.051251912651119294,0.06635790377415343,0.21067408403721155,-0.2526946444843659,0.36686454664986656,-0.11846215142478816,-0.6939962990764272,-0.3885708816231016,0.1221728909836036,-0.5312463354692234,-0.029170422752037493,0.36705858875376157,-0.06132547345011756,0.3160371548697928,-0.5866716906597039,0.7717480317812448,-0.27081944173307404,0.25161295841999054,0.18789173433193643,0.007982610124418572,-0.14385982703975825,-0.053012003462875885,0.1345981254501109,0.4207495036933703,1.0083375320529686,0.01670510415593609,-6.224742558036824e-4,-0.07479530976050287,0.10085659636941728,-0.4723492781382464,-0.6463305694171356,0.1419042740697432,0.10347597339374927,-0.8338336161057569,0.6067410511727127,-0.5803277915219759,-0.33122723131712845,0.6157201350095981,0.01152214081700151
-0.0713453421677238,-0.03662168626853528,0.09597643447247599,-0.051251912651119294,0.07479613515429531,0.03353344718866372,0.05413708611520551,0.07509649583996764,-0.005271582436973258,-0.017383010282926468,0.028909611417058074,0.08943050225150048,0.017295523508039114,-0.03497109530088322,0.18113899062059236,0.16623244919998378,-0.003571452390885837,-0.16258992662636385,0.08455833572294602,0.07310390012324443,-0.037675711518885276,-0.12717838453696387,-0.05527153037594117,0.06415038332374569,-0.2175511891833603,-0.04461615502428009,-0.04991689737186465,0.07700943560846692,0.311937726092347,-0.12973874190218015,-0.03430196853741662,-0.00838009843716095,-0.022796283435476843,0.06583452840471336,-0.26162048307519487,0.12831473407849464,-0.1907025127089522,-0.24645439094164823,0.057011773920011444,0.08114845755273102,0.11192320081959933,0.01059339252476379,-0.14831254047644174
0.2662623024525638,-0.5037558019469301,0.5433143378550747,0.06635790377415343,0.03353344718866372,1.0074786846770243,-0.4554981223229313,0.6752983815254422,0.9529458065016374,0.721362205147743,1.3280752090290064,0.7322719913991682,0.807857506123872,0.49114713792262954,1.4601654762243332,1.376279265832509,1.2568717303146446,-0.6252273777166167,1.0689238406233534,-0.586445980145774,1.0150607944761203,-1.3741361055290338,-0.08288985501144219,0.7883037268447691,0.3498866070782222,0.250321699206616,-0.005249911016630249,0.3984726167567686,1.5337975480904058,-1.2011979082188071,0.5745275930621229,-0.45228865970733284,-0.8692306988022783,-0.13998558290327182,-1.774880758723174,0.8391090333731923,-0.5309928885071166,-0.37831099465113244,1.1825545953935983,1.0221936118403485,1.2108564946180995,-0.4315486098656209,-1.8241806318621536
0.06900378040642302,0.3820987156607919,-0.604832455056196,0.21067408403721155,0.05413708611520551,-0.4554981223229313,0.6646490986582964,-0.5772735524003036,-0.1025531288361083,-0.6333169240546258,-1.645590790960134,-0.7706851204050541,-0.28962563908016675,-1.0515445081578634,-0.5479881109136647,-0.015382734770518177,-0.8452842080071593,0.4408432683013076,-1.2503173742516294,1.513095717077828,-1.0561065815612014,0.8946483821483876,0.1888960399837506,-0.3288694299311512,-0.8532126495951903,-0.3264849198365857,0.0801235143073228,0.4596722207339517,1.0359641941794007,0.47158404913181284,-0.43076721519580896,0.16545870908558702,0.6081603321130001,-0.4106584434684574,-0.30562708914201303,-0.052867285260666856,0.049233621926197596,-1.3770739160291556,0.1883569443473142,-1.2101170390422247,-0.9387944720858342,1.0816429016582603,0.806908579930105
-0.10315761002613372,-0.5162093364364032,0.8076906985809318,-0.2526946444843659,0.07509649583996764,0.6752983815254422,-0.5772735524003036,0.7897746436733171,0.32352067200859874,0.6763298652993378,1.7511286790185554,0.9687511081403535,0.4756741159081783,0.9624881914269137,1.138931276460197,0.645532154272687,1.0396565477584885,-0.8159408596971562,1.4527801204970006,-1.2789296662166336,1.0767262334352685,-1.3237146412896144,-0.26925126200219623,0.5843027925625555,0.4134594285180739,0.24593287334974384,-0.1499142364639687,-0.16165540742507667,0.08560892636358824,-0.9324813350883709,0.4427822917519026,-0.2615559487148909,-0.7592793524218086,0.38940210924978896,-0.6530672947753343,0.48498883338251375,-0.5151182828070068,0.6222110609896322,0.23259007510559193,1.4051450166728152,1.279478377111122,-1.0035040124800836,-1.3937864531902646
0.5468588702034359,-0.30912979344146196,0.07176469288588519,0.36686454664986656,-0.005271582436973258,0.9529458065016374,-0.1025531288361083,0.32352067200859874,1.2743094462859144,0.46268621611171024,0.3019814320507888,0.19463154776082037,0.8564542697136981,-0.2302705455182216,1.3302734280873636,1.733416240149694,1.0264118678003893,-0.25509188047923215,0.24497998340537452,0.49063968433136906,0.5233105960698964,-0.9606909357165799,0.13113105045522536,0.7267979644816126,-0.01436850097694682,0.11235933002916638,0.13510768604018386,0.8950473786437267,2.766864476676085,-1.102014512629899,0.47171389710509976,-0.4815948353804818,-0.6317958449709673,-0.6900385598192006,-2.4858124438068168,0.9800518179534229,-0.45239616293858415,-1.5008242702396244,1.7911640424149526,0.21359746701643428,0.7001792397499881,0.3805765255365709,-1.648872548055035
0.058886628921499776,-0.4685865444894831,0.6388396065777247,-0.11846215142478816,-0.017383010282926468,0.721362205147743,-0.6333169240546258,0.6763298652993378,0.46268621611171024,0.7260564659258988,1.659082257948954,0.8288147139994937,0.5298211923310224,0.9135542704475735,0.9896148664907408,0.5938723024108715,1.095483253726394,-0.5680931855088253,1.2952447426729217,-1.2570507279011862,1.1333369269797113,-1.18604136784362,-0.16686097533314723,0.551521256730011,0.7006684431843574,0.32001973081685686,-0.06061698136539732,-0.14063771141303238,-0.0339294853888557,-0.8267676805255192,0.5279299161415468,-0.2994238933153048,-0.7688400666969791,0.22097417838492478,-0.5527486449863964,0.39402575783674126,-0.2671469026053167,0.7545115960147901,0.36565609497169405,1.2464728101810727,1.1444350275100514,-0.9105578934938336,-1.3108613291004456
-0.344203659456785,-1.1342772280256468,1.8715972655232602,-0.6939962990764272,0.028909611417058074,1.3280752090290064,-1.645590790960134,1.7511286790185554,0.3019814320507888,1.659082257948954,4.494822684921444,2.2897131980321674,0.8465303061392422,2.7363414107950015,1.9594538301353686,0.500881632594872,2.287860653693553,-1.6122941770414823,3.557560409234129,-3.8575908038143307,2.7393481956776586,-2.7464169123774607,-0.6341064167485961,1.0674904810891637,1.7335445087472023,0.7514435806393039,-0.33216784873717986,-1.0222607626805646,-1.912212458514474,-1.6295073473822586,1.0691876642662466,-0.47051330276206477,-1.7061237765522381,1.231180211665863,0.09804803621485739,0.49588643296703094,-0.6380873180483626,3.0210860951747307,-0.31965889206386344,3.451186625802016,2.8113782537852283,-2.8673507992841385,-2.5856103780796524
-0.2245829671935431,-0.6189986103977854,1.0399640527689287,-0.3885708816231016,0.08943050225150048,0.7322719913991682,-0.7706851204050541,0.9687511081403535,0.19463154776082037,0.8288147139994937,2.2897131980321674,1.2445700808505746,0.4740116571948788,1.3280644548586473,1.2204139945673225,0.48931131320648896,1.183482948494115,-0.988602375330896,1.8766778007991665,-1.8346668485672948,1.3512552908293867,-1.5457419209713255,-0.36917665056586796,0.6287330990658777,0.6370642504718651,0.3308908685798357,-0.21262347477990626,-0.39949671062020553,-0.5222522716067461,-0.9949647126179451,0.5160362633179001,-0.26112710418114415,-0.9001475109271275,0.6537117921511139,-0.31952338307256484,0.4206978416473627,-0.5379833528369898,1.1963097909426965,-0.034478153536049556,1.8196128304948869,1.5497535407358356,-1.4116631322638076,-1.5119352261551267
0.28366349933115,-0.36942971935870716,0.3373530622507158,0.1221728909836036,0.017295523508039114,0.807857506123872,-0.28962563908016675,0.4756741159081783,0.8564542697136981,0.5298211923310224,0.8465303061392422,0.4740116571948788,0.673087716313032,0.23855640857624666,1.1724072793801374,1.2164039954985089,0.9828893321826943,-0.43246495509533084,0.6862998696804381,-0.22510871256548606,0.7183862904419076,-1.0371005295763063,-0.01940620099372767,0.6327459016272601,0.19101736294402466,0.1689989793894524,0.027435386918276117,0.4419518782818849,1.562011049284117,-0.9678785933190087,0.44628303110648315,-0.37674584495883584,-0.6546132396086983,-0.24867481330082858,-1.632014647706495,0.7264104983871429,-0.42457829494411303,-0.5804558042125573,1.1107866069736296,0.6510490083845697,0.8764729965595404,-0.1668794563412582,-1.4589122781541146
-0.35136490986010344,-0.5959795684490705,1.1030268419974778,-0.5312463354692234,-0.03497109530088322,0.49114713792262954,-1.0515445081578634,0.9624881914269137,-0.2302705455182216,0.9135542704475735,2.7363414107950015,1.3280644548586473,0.23855640857624666,1.8557912541731238,0.6861699003205922,-0.3686241436459182,1.133957576914281,-0.8371377937764443,2.1327421898079866,-2.6661154221035894,1.6042950269467882,-1.3537836439861746,-0.41305561876168806,0.3919679540983694,1.2427902190836937,0.46709115580519506,-0.22376431952204706,-1.0074173471216017,-2.3305483066253467,-0.5897055422808867,0.5497102457474092,-0.1321774799328319,-0.8531639354162891,0.9560517715807083,1.0562640790258764,-0.09205052695693554,-0.13329691511028388,2.5885791348721594,-0.8449559869483445,2.0745237085595356,1.485231123283118,-1.9683435750202904,-0.9987936246742667
0.23176610131465591,-0.8035047392147974,0.9832950844139623,-0.029170422752037493,0.18113899062059236,1.4601654762243332,-0.5479881109136647,1.138931276460197,1.3302734280873636,0.9896148664907408,1.9594538301353686,1.2204139945673225,1.1724072793801374,0.6861699003205922,2.451829452844033,2.281252784660683,1.8254204150706554,-1.2496423050761114,1.7197912555448982,-0.7061851237666422,1.3932134778314311,-2.2479780680805783,-0.23917160933573295,1.2469500531851132,0.029025126409520503,0.24960475639231985,-0.11293818412722305,0.6864401498054907,2.8246224897382075,-1.9922693913751002,0.7482558742728953,-0.6500981033622648,-1.2681393199003943,-0.09146116946178587,-3.052801056712846,1.4627197621173118,-1.1672804641566294,-1.0137180660842904,1.755258663118352,1.6440322357259758,1.9661170910674515,-0.6387488924677439,-2.900575072046564
0.5752271229503885,-0.5244739603516884,0.34701385204060387,0.36705858875376157,0.16623244919998378,1.376279265832509,-0.015382734770518177,0.645532154272687,1.733416240149694,0.5938723024108715,0.500881632594872,0.48931131320648896,1.2164039954985089,-0.3686241436459182,2.281252784660683,2.7864176844159676,1.4289283523096727,-0.7706274132237471,0.5629922664130568,0.8384032630567753,0.6433478685505885,-1.655265330593379,0.03918015198018106,1.1578552438331688,-0.5659742565113243,0.03712589200849722,0.06097380674013821,1.3999379548362105,4.574287336749633,-1.8482492995433721,0.5650890733289127,-0.6782653079771399,-0.921454161832435,-0.7995611189979622,-4.059821157626902,1.6691210749261054,-1.1071963490537973,-2.654858925393027,2.5814894319002244,0.5114121583622756,1.2507177009126291,0.522337907879685,-2.6397721867144845
0.23121402025612597,-0.7396239551107626,0.9087570082579681,-0.06132547345011756,-0.003571452390885837,1.2568717303146446,-0.8452842080071593,1.0396565477584885,1.0264118678003893,1.095483253726394,2.287860653693553,1.183482948494115,0.9828893321826943,1.133957576914281,1.8254204150706554,1.4289283523096727,1.8070930806731835,-0.9161330955815248,1.8279089979276602,-1.4537358586132327,1.6597387815775253,-1.9496558283440009,-0.20392622138490046,0.9920156360873187,0.7998054788910808,0.42906864371881304,-0.056951296160737463,0.1322007277491419,1.0385558637994263,-1.5215916947162509,0.8369255738167792,-0.5533934430104812,-1.219629776525111,0.064392028755961,-1.6789116030691893,0.9082193321491234,-0.6003954460210591,0.38268220941961784,1.0862265978257586,1.749657173015119,1.790806730565557,-1.0806572149404805,-2.338397395933416
0.2033950628581117,0.5160105712286758,-0.8666644072438555,0.3160371548697928,-0.16258992662636385,-0.6252273777166167,0.4408432683013076,-0.8159408596971562,-0.25509188047923215,-0.5680931855088253,-1.6122941770414823,-0.988602375330896,-0.43246495509533084,-0.8371377937764443,-1.2496423050761114,-0.7706274132237471,-0.9161330955815248,0.9705997840051589,-1.4176435911377807,1.060394657622933,-0.9021727171135889,1.3543599220084226,0.3210425754569486,-0.6014591763110066,-0.057177608702490036,-0.1457042861408021,0.20653973599701772,0.06735167548770704,-0.4589625449793291,1.0046794832954737,-0.3329310632431525,0.2308980777376934,0.699133716917899,-0.4450485887483127,0.897260782193858,-0.5990223580382492,0.7345390160263163,-0.24418099033392007,-0.23830828594433878,-1.3759947584217498,-1.2924550253592817,0.9055697599169765,1.4284931009297712
-0.3255183546752839,-0.9281418086684979,1.5560884882361208,-0.5866716906597039,0.08455833572294602,1.0689238406233534,-1.2503173742516294,1.4527801204970006,0.24497998340537452,1.2952447426729217,3.557560409234129,1.8766778007991665,0.6862998696804381,2.1327421898079866,1.7197912555448982,0.5629922664130568,1.8279089979276602,-1.4176435911377807,2.884457645342362,-2.96110921752015,2.1403293814162345,-2.294946950488919,-0.5503983075407618,0.9009146321403806,1.158981981200084,0.5508616128044536,-0.3051130210081853,-0.7326250557398793,-1.1768324673303827,-1.4146877950214307,0.8217457860192883,-0.38272048662859237,-1.3605709116604672,1.0043613876723374,-0.19414179438690407,0.519291304535773,-0.6799004236605874,2.1428021131185284,-0.187076939077043,2.7919306128140886,2.3229983420395337,-2.2508233138565754,-2.1841348835292886
0.5408483354613169,0.7842025448024416,-1.5110498783536082,0.7717480317812448,0.07310390012324443,-0.586445980145774,1.513095717077828,-1.2789296662166336,0.49063968433136906,-1.2570507279011862,-3.8575908038143307,-1.8346668485672948,-0.22510871256548606,-2.6661154221035894,-0.7061851237666422,0.8384032630567753,-1.4537358586132327,1.060394657622933,-2.96110921752015,3.9107778882530395,-2.22788030997391,1.7202530493680306,0.5751573022513643,-0.4334725566265981,-1.9131039206084925,-0.6881894779296136,0.31120305141111315,1.577860683981277,3.8826070619184194,0.6146466766730985,-0.74046634219309,0.12691609240167676,1.1356914615226694,-1.4514054687736806,-1.9826298341556063,0.3367726344583058,0.013950267587147288,-4.0219770376993145,1.4528781000390973,-2.885179460153191,-1.964915037575707,2.845338578482493,1.1285170630677794
-0.004735955576827438,-0.7283198688548851,1.0595645260243969,-0.27081944173307404,-0.037675711518885276,1.0150607944761203,-1.0561065815612014,1.0767262334352685,0.5233105960698964,1.1333369269797113,2.7393481956776586,1.3512552908293867,0.7183862904419076,1.6042950269467882,1.3932134778314311,0.6433478685505885,1.6597387815775253,-0.9021727171135889,2.1403293814162345,-2.22788030997391,1.8225045037627168,-1.8094154359856909,-0.30835675972793064,0.7795157256514246,1.193628909159939,0.5198049171276341,-0.12688966450188963,-0.4297385146044297,-0.6248761971791089,-1.170711235654544,0.8028589710613508,-0.4081441931202002,-1.1655113262750816,0.49700697842784636,-0.4209529532757842,0.4628506039672858,-0.35298737338344727,1.5962372959715505,0.2467002487076297,2.0614702788470685,1.7893550549515387,-1.6231233973773298,-1.8736995813959325
-0.03467367600948083,0.8975931633510731,-1.2588082031505312,0.25161295841999054,-0.12717838453696387,-1.3741361055290338,0.8946483821483876,-1.3237146412896144,-0.9606909357165799,-1.18604136784362,-2.7464169123774607,-1.5457419209713255,-1.0371005295763063,-1.3537836439861746,-2.2479780680805783,-1.655265330593379,-1.9496558283440009,1.3543599220084226,-2.294946950488919,1.7202530493680306,-1.8094154359856909,2.3772340728530743,0.3689353699366869,-1.1616963098211859,-0.5665784776629659,-0.40297795513405504,0.1859637068704412,-0.10808638928161612,-1.2361834752197467,1.841010339317766,-0.8371268561371061,0.5756850539133389,1.3790837758246517,-0.3382884755876581,1.9710798441706312,-1.1233333606045093,0.9830249472330437,-0.32103470986274035,-1.0314158835095935,-2.2082186046829344,-2.2091592463600223,1.3637731888848263,2.741556099422794
0.17335640882544623,0.15150254747594022,-0.3327315769149642,0.18789173433193643,-0.05527153037594117,-0.08288985501144219,0.1888960399837506,-0.26925126200219623,0.13113105045522536,-0.16686097533314723,-0.6341064167485961,-0.36917665056586796,-0.01940620099372767,-0.41305561876168806,-0.23917160933573295,0.03918015198018106,-0.20392622138490046,0.3210425754569486,-0.5503983075407618,0.5751573022513643,-0.30835675972793064,0.3689353699366869,0.15148148081769916,-0.103403912489198,-0.09255969703184742,-0.06059788281852601,0.10260515460963195,0.21795981932730346,0.41625129669980776,0.18698943666199283,-0.06997217856578147,0.009558915570223496,0.1770675892245293,-0.3110224249076468,-0.15460539444734556,-0.03589094385908881,0.17332203332550097,-0.4650093697752146,0.24950751330629803,-0.5350502150684388,-0.39898211263005107,0.46662452828997286,0.2638793618499406
0.15881172746630517,-0.4213458053214017,0.4930349703370221,0.007982610124418572,0.06415038332374569,0.7883037268447691,-0.3288694299311512,0.5843027925625555,0.7267979644816126,0.551521256730011,1.0674904810891637,0.6287330990658777,0.6327459016272601,0.3919679540983694,1.2469500531851132,1.1578552438331688,0.9920156360873187,-0.6014591763110066,0.9009146321403806,-0.4334725566265981,0.7795157256514246,-1.1616963098211859,-0.103403912489198,0.650389749543575,0.13463672157060952,0.16204145290112662,-0.03743592721012398,0.33491749383555175,1.364732762650347,-1.0200705464166058,0.42520556131348397,-0.35117502351049856,-0.6868467600434671,-0.07115920263318344,-1.5235859842824182,0.730291825791319,-0.5391892833798484,-0.4190390203645409,0.9273977645329903,0.8627553833083318,1.019992087414976,-0.3569293187467102,-1.5099190569163177
0.02473334100784786,-0.2946144865303583,0.43192114094832057,-0.14385982703975825,-0.2175511891833603,0.3498866070782222,-0.8532126495951903,0.4134594285180739,-0.01436850097694682,0.7006684431843574,1.7335445087472023,0.6370642504718651,0.19101736294402466,1.2427902190836937,0.029025126409520503,-0.5659742565113243,0.7998054788910808,-0.057177608702490036,1.158981981200084,-1.9131039206084925,1.193628909159939,-0.5665784776629659,-0.09255969703184742,0.13463672157060952,1.4904041199552167,0.4722661515920849,0.012622354931974698,-0.7728931972852143,-2.2301567200018275,-0.07754339145357575,0.5098398337177147,-0.1178632369809652,-0.5644384316323101,0.4135494550209604,1.2470936735612523,-0.36508179427626075,0.4680887307321322,2.2851604994909707,-0.5240004173987309,1.124733122333211,0.697460274183444,-1.2492197616076686,-0.35811521458911566
0.020030239646749232,-0.17127444519439097,0.2399733562151034,-0.053012003462875885,-0.04461615502428009,0.250321699206616,-0.3264849198365857,0.24593287334974384,0.11235933002916638,0.32001973081685686,0.7514435806393039,0.3308908685798357,0.1689989793894524,0.46709115580519506,0.24960475639231985,0.03712589200849722,0.42906864371881304,-0.1457042861408021,0.5508616128044536,-0.6881894779296136,0.5198049171276341,-0.40297795513405504,-0.06059788281852601,0.16204145290112662,0.4722661515920849,0.1773665322630698,-0.012538573666452665,-0.18430629024707978,-0.44987002259045555,-0.21676285572886292,0.23551646660978534,-0.10009343281254865,-0.3020704730833484,0.13833454999737338,0.10821730551904941,0.02368639136672098,0.03190288513084664,0.6402949586601774,-0.00856314388049095,0.5293231579853951,0.42117563166852384,-0.4685658252483766,-0.39375365963368636
0.14002008670538138,0.0767895861866223,-0.2022202283556595,0.1345981254501109,-0.04991689737186465,-0.005249911016630249,0.0801235143073228,-0.1499142364639687,0.13510768604018386,-0.06061698136539732,-0.33216784873717986,-0.21262347477990626,0.027435386918276117,-0.22376431952204706,-0.11293818412722305,0.06097380674013821,-0.056951296160737463,0.20653973599701772,-0.3051130210081853,0.31120305141111315,-0.12688966450188963,0.1859637068704412,0.10260515460963195,-0.03743592721012398,0.012622354931974698,-0.012538573666452665,0.07555942220512067,0.14032227235767195,0.27163304693868745,0.08265133719845405,-0.0028933572906759343,-0.017405274423696503,0.06937214288243856,-0.21820821725348546,-0.1328990859251331,-0.007135140948206575,0.12552967825463274,-0.25290745681863436,0.20777760459799083,-0.29837575104860536,-0.20969001037102314,0.26640285949616066,0.10111250409582646
0.43666432566428476,0.04115293103921087,-0.3651857335748607,0.4207495036933703,0.07700943560846692,0.3984726167567686,0.4596722207339517,-0.16165540742507667,0.8950473786437267,-0.14063771141303238,-1.0222607626805646,-0.39949671062020553,0.4419518782818849,-1.0074173471216017,0.6864401498054907,1.3999379548362105,0.1322007277491419,0.06735167548770704,-0.7326250557398793,1.577860683981277,-0.4297385146044297,-0.10808638928161612,0.21795981932730346,0.33491749383555175,-0.7728931972852143,-0.18430629024707978,0.14032227235767195,1.0804800029882844,3.0708639325252314,-0.5431862430504784,0.014878014919892515,-0.2474301885282153,-0.027621132948625293,-0.8097279177017769,-2.2700893342336066,0.7725391440472561,-0.39965920417331235,-2.3315443102677222,1.5487688302248226,-0.7289090026404276,-0.13101016355120632,1.1325715595802706,-0.7145473342564252
1.1429091946564518,-0.22779017786843733,-0.48752577628390925,1.0083375320529686,0.311937726092347,1.5337975480904058,1.0359641941794007,0.08560892636358824,2.766864476676085,-0.0339294853888557,-1.912212458514474,-0.5222522716067461,1.562011049284117,-2.3305483066253467,2.8246224897382075,4.574287336749633,1.0385558637994263,-0.4589625449793291,-1.1768324673303827,3.8826070619184194,-0.6248761971791089,-1.2361834752197467,0.41625129669980776,1.364732762650347,-2.2301567200018275,-0.44987002259045555,0.27163304693868745,3.0708639325252314,9.260510158378272,-2.2588841836717632,0.2712614983032865,-0.8669878141572491,-0.5253557329660142,-2.0993207222497614,-7.203918510874697,2.650603533126222,-1.6604149235218977,-6.603382675559768,4.636073455845827,-1.1995383874199677,0.48200169830412304,2.6639875405548006,-3.0234201963278178
-0.20761516859101173,0.6615655322922891,-0.7988537977060555,0.01670510415593609,-0.12973874190218015,-1.2011979082188071,0.47158404913181284,-0.9324813350883709,-1.102014512629899,-0.8267676805255192,-1.6295073473822586,-0.9949647126179451,-0.9678785933190087,-0.5897055422808867,-1.9922693913751002,-1.8482492995433721,-1.5215916947162509,1.0046794832954737,-1.4146877950214307,0.6146466766730985,-1.170711235654544,1.841010339317766,0.18698943666199283,-1.0200705464166058,-0.07754339145357575,-0.21676285572886292,0.08265133719845405,-0.5431862430504784,-2.2588841836717632,1.6252121599636444,-0.6291569469287208,0.5358718290831501,1.0482132661976717,0.09072548405299241,2.463159851379937,-1.182685470044462,0.9266188424250408,0.7709189951627304,-1.433827480242248,-1.3534520939927894,-1.6097455692254379,0.5434626343992623,2.3736860783827427
0.13852192584099612,-0.322214162988097,0.3749256290144319,-6.224742558036824e-4,-0.03430196853741662,0.5745275930621229,-0.43076721519580896,0.4427822917519026,0.47171389710509976,0.5279299161415468,1.0691876642662466,0.5160362633179001,0.44628303110648315,0.5497102457474092,0.7482558742728953,0.5650890733289127,0.8369255738167792,-0.3329310632431525,0.8217457860192883,-0.74046634219309,0.8028589710613508,-0.8371268561371061,-0.06997217856578147,0.42520556131348397,0.5098398337177147,0.23551646660978534,-0.0028933572906759343,0.014878014919892515,0.2712614983032865,-0.6291569469287208,0.4141915197354535,-0.2556171346420394,-0.561668327461222,0.018120503605421126,-0.6159461935745726,0.3425978669463191,-0.16408493685704623,0.34381451406528074,0.4665622388973112,0.7837715301816451,0.7804704567009859,-0.5185131354289046,-1.0041834102774307
-0.1630712057660636,0.2032555454443391,-0.181825616138951,-0.07479530976050287,-0.00838009843716095,-0.45228865970733284,0.16545870908558702,-0.2615559487148909,-0.4815948353804818,-0.2994238933153048,-0.47051330276206477,-0.26112710418114415,-0.37674584495883584,-0.1321774799328319,-0.6500981033622648,-0.6782653079771399,-0.5533934430104812,0.2308980777376934,-0.38272048662859237,0.12691609240167676,-0.4081441931202002,0.5756850539133389,0.009558915570223496,-0.35117502351049856,-0.1178632369809652,-0.10009343281254865,-0.017405274423696503,-0.2474301885282153,-0.8669878141572491,0.5358718290831501,-0.2556171346420394,0.21326811945813157,0.36543567753964656,0.14273748347775606,0.9086312198959378,-0.4017821967590529,0.22630646089549034,0.3153040564481068,-0.6248073795284842,-0.36030429156014393,-0.4873474821184769,0.09123637147752321,0.811455105460238
-0.09169903024503148,0.5316214339674039,-0.703191217529178,0.10085659636941728,-0.022796283435476843,-0.8692306988022783,0.6081603321130001,-0.7592793524218086,-0.6317958449709673,-0.7688400666969791,-1.7061237765522381,-0.9001475109271275,-0.6546132396086983,-0.8531639354162891,-1.2681393199003943,-0.921454161832435,-1.219629776525111,0.699133716917899,-1.3605709116604672,1.1356914615226694,-1.1655113262750816,1.3790837758246517,0.1770675892245293,-0.6868467600434671,-0.5644384316323101,-0.3020704730833484,0.06937214288243856,-0.027621132948625293,-0.5253557329660142,1.0482132661976717,-0.561668327461222,0.36543567753964656,0.8650030816617782,-0.16190673872382086,1.0375649590447176,-0.6008650384351413,0.4442764865743636,-0.3925226908105257,-0.6401238192173502,-1.311050769849248,-1.2932646492535518,0.842621614870979,1.6137709076526219
-0.4904489221437783,-0.1845534620218986,0.5986371482432892,-0.4723492781382464,0.06583452840471336,-0.13998558290327182,-0.4106584434684574,0.38940210924978896,-0.6900385598192006,0.22097417838492478,1.231180211665863,0.6537117921511139,-0.24867481330082858,0.9560517715807083,-0.09146116946178587,-0.7995611189979622,0.064392028755961,-0.4450485887483127,1.0043613876723374,-1.4514054687736806,0.49700697842784636,-0.3382884755876581,-0.3110224249076468,-0.07115920263318344,0.4135494550209604,0.13833454999737338,-0.21820821725348546,-0.8097279177017769,-2.0993207222497614,0.09072548405299241,0.018120503605421126,0.14273748347775606,-0.16190673872382086,0.8596517213237901,1.3904034683562663,-0.36714467402602274,-0.039268330194469896,1.6969013452717938,-1.154540345347162,0.9903045251717013,0.5131256717494058,-1.1091785886372016,0.113363099532717
-0.8836919261387244,0.5740786806135075,-0.19687287883864374,-0.6463305694171356,-0.26162048307519487,-1.774880758723174,-0.30562708914201303,-0.6530672947753343,-2.4858124438068168,-0.5527486449863964,0.09804803621485739,-0.31952338307256484,-1.632014647706495,1.0562640790258764,-3.052801056712846,-4.059821157626902,-1.6789116030691893,0.897260782193858,-0.19414179438690407,-1.9826298341556063,-0.4209529532757842,1.9710798441706312,-0.15460539444734556,-1.5235859842824182,1.2470936735612523,0.10821730551904941,-0.1328990859251331,-2.2700893342336066,-7.203918510874697,2.463159851379937,-0.6159461935745726,0.9086312198959378,1.0375649590447176,1.3904034683562663,6.083030106078393,-2.410184916822515,1.5850553647171,4.558851887399755,-3.865565971924998,-0.13694916710832258,-1.3536616916566964,-1.301287398428584,3.4491978145526763
0.26947987787751,-0.36767814818191347,0.33264032201603116,0.1419042740697432,0.12831473407849464,0.8391090333731923,-0.052867285260666856,0.48498883338251375,0.9800518179534229,0.39402575783674126,0.49588643296703094,0.4206978416473627,0.7264104983871429,-0.09205052695693554,1.4627197621173118,1.6691210749261054,0.9082193321491234,-0.5990223580382492,0.519291304535773,0.3367726344583058,0.4628506039672858,-1.1233333606045093,-0.03589094385908881,0.730291825791319,-0.36508179427626075,0.02368639136672098,-0.007135140948206575,0.7725391440472561,2.650603533126222,-1.182685470044462,0.3425978669463191,-0.4017821967590529,-0.6008650384351413,-0.36714467402602274,-2.410184916822515,1.028851634273407,-0.7590985045338232,-1.485720373305133,1.4537045086069345,0.4856955894887259,0.8862518822769936,0.16319906549212745,-1.6742253313535929
0.042698581034968416,0.3364215138441638,-0.4943506239724086,0.10347597339374927,-0.1907025127089522,-0.5309928885071166,0.049233621926197596,-0.5151182828070068,-0.45239616293858415,-0.2671469026053167,-0.6380873180483626,-0.5379833528369898,-0.42457829494411303,-0.13329691511028388,-1.1672804641566294,-1.1071963490537973,-0.6003954460210591,0.7345390160263163,-0.6799004236605874,0.013950267587147288,-0.35298737338344727,0.9830249472330437,0.17332203332550097,-0.5391892833798484,0.4680887307321322,0.03190288513084664,0.12552967825463274,-0.39965920417331235,-1.6604149235218977,0.9266188424250408,-0.16408493685704623,0.22630646089549034,0.4442764865743636,-0.039268330194469896,1.5850553647171,-0.7590985045338232,0.7835366810724015,0.911437442463127,-0.7207678149656819,-0.6553785155708692,-0.8408277616708957,0.1496419151979825,1.2506891983149993
-0.747833892310371,-0.309404115914866,0.9851526911392942,-0.8338336161057569,-0.24645439094164823,-0.37831099465113244,-1.3770739160291556,0.6222110609896322,-1.5008242702396244,0.7545115960147901,3.0210860951747307,1.1963097909426965,-0.5804558042125573,2.5885791348721594,-1.0137180660842904,-2.654858925393027,0.38268220941961784,-0.24418099033392007,2.1428021131185284,-4.0219770376993145,1.5962372959715505,-0.32103470986274035,-0.4650093697752146,-0.4190390203645409,2.2851604994909707,0.6402949586601774,-0.25290745681863436,-2.3315443102677222,-6.603382675559768,0.7709189951627304,0.34381451406528074,0.3153040564481068,-0.3925226908105257,1.6969013452717938,4.558851887399755,-1.485720373305133,0.911437442463127,5.457372213368014,-2.9325032584161677,2.106046397628143,0.8093658384701796,-2.8165032607269556,0.8321831433050323
0.7873576281660255,-0.2839496920771713,-0.1340976875800516,0.6067410511727127,0.057011773920011444,1.1825545953935983,0.1883569443473142,0.23259007510559193,1.7911640424149526,0.36565609497169405,-0.31965889206386344,-0.034478153536049556,1.1107866069736296,-0.8449559869483445,1.755258663118352,2.5814894319002244,1.0862265978257586,-0.23830828594433878,-0.187076939077043,1.4528781000390973,0.2467002487076297,-1.0314158835095935,0.24950751330629803,0.9273977645329903,-0.5240004173987309,-0.00856314388049095,0.20777760459799083,1.5487688302248226,4.636073455845827,-1.433827480242248,0.4665622388973112,-0.6248073795284842,-0.6401238192173502,-1.154540345347162,-3.865565971924998,1.4537045086069345,-0.7207678149656819,-2.9325032584161677,2.7078163940390465,-0.21756661631020124,0.6287422038264967,1.0632046535377773,-2.077853385448703
-0.32749222923451976,-0.8975393308510331,1.5127788612624298,-0.5803277915219759,0.08114845755273102,1.0221936118403485,-1.2101170390422247,1.4051450166728152,0.21359746701643428,1.2464728101810727,3.451186625802016,1.8196128304948869,0.6510490083845697,2.0745237085595356,1.6440322357259758,0.5114121583622756,1.749657173015119,-1.3759947584217498,2.7919306128140886,-2.885179460153191,2.0614702788470685,-2.2082186046829344,-0.5350502150684388,0.8627553833083318,1.124733122333211,0.5293231579853951,-0.29837575104860536,-0.7289090026404276,-1.1995383874199677,-1.3534520939927894,0.7837715301816451,-0.36030429156014393,-1.311050769849248,0.9903045251717013,-0.13694916710832258,0.4856955894887259,-0.6553785155708692,2.106046397628143,-0.21756661631020124,2.7065092046931443,2.2404046284373416,-2.192289113242276,-2.090022814061619
-0.07227262072511982,-0.8518055287872226,1.268957537582642,-0.33122723131712845,0.11192320081959933,1.2108564946180995,-0.9387944720858342,1.279478377111122,0.7001792397499881,1.1444350275100514,2.8113782537852283,1.5497535407358356,0.8764729965595404,1.485231123283118,1.9661170910674515,1.2507177009126291,1.790806730565557,-1.2924550253592817,2.3229983420395337,-1.964915037575707,1.7893550549515387,-2.2091592463600223,-0.39898211263005107,1.019992087414976,0.697460274183444,0.42117563166852384,-0.20969001037102314,-0.13101016355120632,0.48200169830412304,-1.6097455692254379,0.7804704567009859,-0.4873474821184769,-1.2932646492535518,0.5131256717494058,-1.3536616916566964,0.8862518822769936,-0.8408277616708957,0.8093658384701796,0.6287422038264967,2.2404046284373416,2.109370480533407,-1.5275687946425869,-2.4210383727509748
0.45273704103484397,0.6069714478896701,-1.1868240416285754,0.6157201350095981,0.01059339252476379,-0.4315486098656209,1.0816429016582603,-1.0035040124800836,0.3805765255365709,-0.9105578934938336,-2.8673507992841385,-1.4116631322638076,-0.1668794563412582,-1.9683435750202904,-0.6387488924677439,0.522337907879685,-1.0806572149404805,0.9055697599169765,-2.2508233138565754,2.845338578482493,-1.6231233973773298,1.3637731888848263,0.46662452828997286,-0.3569293187467102,-1.2492197616076686,-0.4685658252483766,0.26640285949616066,1.1325715595802706,2.6639875405548006,0.5434626343992623,-0.5185131354289046,0.09123637147752321,0.842621614870979,-1.1091785886372016,-1.301287398428584,0.16319906549212745,0.1496419151979825,-2.8165032607269556,1.0632046535377773,-2.192289113242276,-1.5275687946425869,2.1130207585573193,0.9245310100146689
-0.3415747075495099,0.9966075112900885,-1.1899217022476882,0.01152214081700151,-0.14831254047644174,-1.8241806318621536,0.806908579930105,-1.3937864531902646,-1.648872548055035,-1.3108613291004456,-2.5856103780796524,-1.5119352261551267,-1.4589122781541146,-0.9987936246742667,-2.900575072046564,-2.6397721867144845,-2.338397395933416,1.4284931009297712,-2.1841348835292886,1.1285170630677794,-1.8736995813959325,2.741556099422794,0.2638793618499406,-1.5099190569163177,-0.35811521458911566,-0.39375365963368636,0.10111250409582646,-0.7145473342564252,-3.0234201963278178,2.3736860783827427,-1.0041834102774307,0.811455105460238,1.6137709076526219,0.113363099532717,3.4491978145526763,-1.6742253313535929,1.2506891983149993,0.8321831433050323,-2.077853385448703,-2.090022814061619,-2.4210383727509748,0.9245310100146689,3.5151924764281763
