V1,V2,V3,V4,V5,V6,V7,V8,V9,V10,V11,V12,V13,V14,V15,V16,V17,V18,V19,V20,V21,V22,V23,V24,V25,V26,V27,V28,V29,V30,V31,V32,V33,V34,V35,V36,V37,V38,V39,V40,V41,V42,V43,V44
0.1276025981768544,-0.09830809186795982,0.32651670213342093,0.15433649755540818,-0.05272497511333125,-0.06329230840391359,0.044863558656767645,0.032661187183884964,0.06453148542385063,-0.0942623857237823,0.22618079329604404,-0.11018014132902958,-0.42375514321220653,0.3150319371988823,0.13376194475394382,0.1272586996859264,0.11326171374009804,0.15810192542686755,0.028130330740841883,0.14360246309720434,0.07548109779247067,0.2044683015388326,0.10348627971825886,0.18885965012380448,0.12149412548867916,0.0662070446097347,0.020239574221275182,0.05214166105228805,0.03440794102981979,0.21721785727572504,-0.07353238940080117,0.018549240887806486,0.11483305660148181,0.08885634796381699,0.17627864487020525,0.2544335070405231,0.13135869433734348,0.03818508404106811,-0.27267152929272925,-0.14849227432144935,0.43933577208517166,0.1484887308512991,-0.4684812354089394,0.2865236529942745
-0.09830809186795982,4.940742156003902,2.403173886044953,0.7741527789002663,3.0314283723222575,-1.0164789520782105,4.074932467491543,-0.39347260059652217,-4.687911213740875,-2.8152248397341864,1.2255874499915533,3.454284351871705,3.7538352855676473,-1.3246908868170328,0.8155054153454427,2.210412602587169,-0.768792626142153,-1.2595410472169462,3.352814791877368,1.3776098209906493,1.266324918202932,3.374683467267585,-0.745188509605211,1.0284026696669173,-1.8638086299599588,-0.9429538980803894,0.763048708407586,-1.0046343953598706,-1.8027822002167326,0.22175895298327375,2.519420184313454,-0.08156681468422185,-0.11719103615143975,-3.38983020587649,-2.5473076608067693,1.9792819757946865,-0.747062787900047,1.179229480000103,0.47907739902528906,-2.8853375229699343,-2.7892497727237444,2.699157495767018,0.9338812041916774,-1.1123830010162912
0.32651670213342093,2.403173886044953,2.9182383793583107,1.2420814152677737,1.333981929082081,-0.6845078747710205,2.9625721177599265,-0.0057659596880866495,-2.724499834727449,-1.4857600349444853,1.271241544570068,1.8657352891742092,1.2186158228546984,0.3161957149027862,0.93199884826921775,1.1524179841632285,-0.16795682593161881,-0.29462993006306043,1.8758227446516522,1.093183830000155,1.4317050968441007,2.998379098380055,-0.05241898778545863,1.2752038767423115,-0.728069008223228,0.15885766047150687,0.569655607119739,-0.0025253388302450383,-0.4947324874048602,0.7633030503146054,0.8507402167607373,0.6766785876102168,0.91953546347374,-1.77010481216296,-1.7357758779936103,2.5103546363512526,0.07577390845137898,1.6520544704540265,-0.22470338625086983,-2.1509742854647365,0.02580491756107081,2.2410827922788714,-0.7783454133043788,0.23128919957570274
0.15433649755540818,0.7741527789002663,1.2420814152677737,0.5623121505283556,0.3893720171592212,-0.2375317227940016,1.1517598558841518,0.02917747639380974,-0.9822603511092054,-0.4556656220529133,0.5041405434921534,0.6649031762599685,0.3499946477555085,0.23651804172198793,0.3836431749490918,0.333232364021043,-0.04260923749390277,-0.057273056077030086,0.6399495201751344,0.40234419958688994,0.628097980320629,1.2140217572658356,0.03187768015990439,0.5347189655064317,-0.21621400184929632,0.18814739341575237,0.2154747246084393,0.10775766356607122,-0.0689583978510324,0.3364057583527155,0.18782138935959733,0.38729937168735734,0.4961326127238757,-0.6001484719499708,-0.7236050455524594,1.0991486651216256,0.09331672796618797,0.7803248979515969,-0.107633398661518,-0.8112496959193487,0.2217960421429855,0.8778863662176868,-0.40573362997073087,0.17695374000992106
-0.05272497511333125,3.0314283723222575,1.333981929082081,0.3893720171592212,1.9071872113179893,-0.641463213720924,2.351921317506347,-0.26039620614125875,-2.778264367167859,-1.8243690686270173,0.7757069791254189,2.0305441494876235,2.175998201733754,-0.8151380560469424,0.4853457172421551,1.47928380346026,-0.43431109290178427,-0.748017674986931,2.064029117164629,0.8766003388322174,0.6459257598215653,1.9361667013228396,-0.46506096649589135,0.5997673410479796,-1.1227045074518298,-0.6984678443020812,0.4504075750683673,-0.7146134240398806,-1.204240186981661,0.145171444138151,1.6239167002560277,-0.22228504782544847,-0.233594061751348,-2.0372664402439904,-1.3240571641246155,1.046863991089083,-0.47612676582149566,0.4953602927166208,0.20076874625090732,-1.7408824727357093,-1.7510236877747187,1.5862432345249675,0.5209277541372602,-0.6603282911002027
-0.06329230840391359,-1.0164789520782105,-0.6845078747710205,-0.2375317227940016,-0.641463213720924,0.2783815599155869,-0.8605618468905222,0.08835951386939445,0.9533852368368063,0.7122358360870263,-0.4332474247970716,-0.6532659816161879,-0.48989486549176514,0.09240973646994823,-0.25679417933771564,-0.6148018857961598,0.0932719114009405,0.15729043206849197,-0.7633137498826075,-0.40939893367402147,-0.2762758688470643,-0.8319970069458922,0.09873325158695287,-0.33990776492168445,0.318741928385696,0.21168696700316708,-0.1672093613589058,0.22807321276152798,0.41630906419495617,-0.20016887351217535,-0.5355845334189001,0.07751753694712284,0.013919208552663091,0.6620951902158497,0.3533197301181449,-0.545187877677307,0.08121891468738816,-0.1853948068531891,0.11473778577133596,0.7238805081474337,0.3417968743808298,-0.6571711104390289,0.12429564557393681,0.05523098033886586
0.044863558656767645,4.074932467491543,2.9625721177599265,1.1517598558841518,2.351921317506347,-0.8605618468905222,4.07564409363982,-0.17765238878017633,-4.240116521400379,-2.1517000702367173,1.1797475565349864,3.1082462644609845,3.178456020781596,-0.7093080158764167,0.9098203872982892,1.5699314485344558,-0.6101694905826662,-0.9891295245774705,2.820531617972172,1.2165319564673724,1.6460169582367796,3.5753955004532276,-0.48352238366376765,1.2011565485742455,-1.5256590601981366,-0.27003181394811027,0.7600549378130553,-0.41614177466747915,-1.1056926332768346,0.391945676884004,1.7564338867091176,0.6028720803529455,0.640265672304965,-2.9593452334073227,-2.8244485350952275,2.566153191132553,-0.4139151538366058,1.9082081734154634,0.45899185710281276,-2.709358871425089,-1.6870261597931977,2.745524071359973,0.43285471779956036,-0.6646156473012734
0.032661187183884964,-0.39347260059652217,-0.0057659596880866495,0.02917747639380974,-0.26039620614125875,0.08835951386939445,-0.17765238878017633,0.09409896427024148,0.31461757243250443,0.25508195408587786,-0.09842385212794318,-0.2320163897536373,-0.25399595198246083,0.18825630091527434,-0.01790328350271684,-0.233618308732949,0.09327117308286197,0.09348597262141994,-0.27636552709105716,-0.10665457079097865,0.015304923612137571,-0.14229397105220878,0.08032047491258577,-0.024506403382617385,0.14267592787272182,0.1765567544297268,-0.020514583014051898,0.16768357125368105,0.2350548403645051,0.0034377032470192218,-0.267865495833487,0.15077353671816,0.15694468911736995,0.2194740059228085,0.059514346869283544,-0.006784768899331962,0.09256542226760338,0.10330866373740825,0.00286118755140782,0.1854779785919406,0.3387106522388238,-0.10665415921633717,-0.12300422978305374,0.14539339106629992
0.06453148542385063,-4.687911213740875,-2.724499834727449,-0.9822603511092054,-2.778264367167859,0.9533852368368063,-4.240116521400379,0.31461757243250443,4.670111026366254,2.513426044733582,-1.1928832308667503,-3.45460331632714,-3.721536652584074,1.1438922499439323,-0.860700701824478,-1.8877184271644472,0.7687454671577207,1.2049683574249928,-3.194801602834351,-1.2982839571306601,-1.5239121885602132,-3.589727516449898,0.6590372575829925,-1.1168508583771597,1.7867163178302896,0.6132959669548618,-0.7791986547431878,0.7244150253434697,1.4924915592830033,-0.26505548008434365,-2.2097194969238316,-0.3089036312295466,-0.2844535991650168,3.3084960540807944,2.8951515954627025,-2.344336962085007,0.6285222295948162,-1.6455262468635625,-0.571208438165053,2.8711685445458492,2.421215635163695,-2.7900709703237676,-0.841468797648758,1.006231146682718
-0.0942623857237823,-2.8152248397341864,-1.4857600349444853,-0.4556656220529133,-1.8243690686270173,0.7122358360870263,-2.1517000702367173,0.25508195408587786,2.513426044733582,1.9648567631608231,-1.0371277676207906,-1.7479958152530608,-1.4843862225918845,0.45645051132220354,-0.5967884298485072,-1.6987738344866663,0.27205559486072634,0.5134714938899899,-2.0429495565674745,-1.0392335365799372,-0.5629041804644057,-1.9573928634123607,0.34355594120154587,-0.7569881057004679,0.9231739369913023,0.7335445778820887,-0.42749669019012787,0.7430334858960125,1.2384336307573598,-0.3955353418298696,-1.5694366520965621,0.3858170545514193,0.2773525543121036,1.8107291799330703,0.8298601159718226,-1.1197303409638593,0.33152633815085114,-0.2658817391110732,0.21758038300624358,1.8169147871572722,1.2536302986841141,-1.6081571706547848,0.06839123390207279,0.3063034348427087
0.22618079329604404,1.2255874499915533,1.271241544570068,0.5041405434921534,0.7757069791254189,-0.4332474247970716,1.1797475565349864,-0.09842385212794318,-1.1928832308667503,-1.0371277676207906,0.8614579995081981,0.746673020047009,0.13930846793911256,0.2272471544024003,0.49429080532023234,0.9534964680675247,-0.01559624184961337,-0.016043179784111992,1.0506731363636208,0.7117708322451707,0.45205744121459335,1.3435951855784878,-0.005864963013031085,0.6692193148674315,-0.2736987223426733,-0.19786420245190867,0.22903534212063636,-0.23852894332335625,-0.518216150424585,0.5212265149121449,0.6174658379120612,-0.08246098958942981,0.11082518113718087,-0.7493191614111713,-0.2700265691509768,1.0340282985838072,0.041625031272550246,0.2985894091906402,-0.4881655583886777,-1.133104114430378,0.052936636162598964,1.0224559045803363,-0.701178769731156,0.2501689985503722
-0.11018014132902958,3.454284351871705,1.8657352891742092,0.6649031762599685,2.0305441494876235,-0.6532659816161879,3.1082462644609845,-0.2320163897536373,-3.45460331632714,-1.7479958152530608,0.746673020047009,2.5948087299950955,2.956150199958692,-0.9826703955048073,0.5671269485180476,1.2684141287089254,-0.6229422674653158,-0.9634271496957784,2.3031078403412995,0.8614998684150659,1.1160819481303315,2.549294194165648,-0.5260155374777865,0.728908420788467,-1.3637982551169061,-0.4384259369317116,0.5641935920224076,-0.5174405065541348,-1.0648566455373283,0.0821696522046821,1.615856281377558,0.27613844228657,0.207045162939882,-2.4608667321898987,-2.2703308901860306,1.6327789172488885,-0.5176908073589198,1.2566382630219852,0.5802741635009312,-2.0237716483748316,-1.95956683418442,1.9791910550002434,0.8577430912382288,-0.8765263350477727
-0.42375514321220653,3.7538352855676473,1.2186158228546984,0.3499946477555085,2.175998201733754,-0.48989486549176514,3.178456020781596,-0.25399595198246083,-3.721536652584074,-1.4843862225918845,0.13930846793911256,2.956150199958692,4.173557490683437,-1.7392718300489005,0.2626789681298628,0.8840640877698287,-0.8930650004478226,-1.4050671523716698,2.2364873348762133,0.48947285337364255,1.0503023616400131,2.164895834077008,-0.7870833785717952,0.2914442434281219,-1.7111236989172367,-0.5138905439400707,0.5640727502002625,-0.5710478490001192,-1.0697939253494526,-0.47428743396411205,1.7628784175209515,0.379921231928819,0.060918461151207096,-2.7851947940224813,-2.9130441081217966,1.1269587512993389,-0.836352037235286,1.3667473732463578,1.3661336862057025,-1.6961171832362292,-3.030017677656113,1.7257107339786895,2.0625701989604126,-1.5916755074051205
0.3150319371988823,-1.3246908868170328,0.3161957149027862,0.23651804172198793,-0.8151380560469424,0.09240973646994823,-0.7093080158764167,0.18825630091527434,1.1438922499439323,0.45645051132220354,0.2272471544024003,-0.9826703955048073,-1.7392718300489005,1.043017376657927,0.13866466559864138,-0.26332765776441674,0.4288541025860278,0.6290554615655973,-0.6961989714306739,0.01050513812528996,-0.03420371905563602,-0.20638478956080988,0.4093822012402619,0.22412986019116357,0.6792665805776618,0.43590698242017806,-0.10484090910986227,0.4039599411315164,0.5400419544645603,0.4440830108056823,-0.7758534066232955,0.1602113066268042,0.3840984388964021,0.9226318631728738,0.8473494429728926,0.23523406534992913,0.4819214864674983,-0.037948967680010944,-0.6774285955530627,0.28813888699815304,1.6672730736211958,-0.20672557848152717,-1.2665726476494585,0.9070694843228949
0.13376194475394382,0.8155054153454427,0.93199884826921775,0.3836431749490918,0.4853457172421551,-0.25679417933771564,0.9098203872982892,-0.01790328350271684,-0.860700701824478,-0.5967884298485072,0.49429080532023234,0.5671269485180476,0.2626789681298628,0.13866466559864138,0.3283643220772618,0.5065260598309048,-0.02261308934997109,-0.06000060540141705,0.6634460212954427,0.41918803403347604,0.4035955218153975,0.9592308454663531,-0.010068943007066998,0.44249548042623826,-0.2162010330821899,-0.030558802347480117,0.1806370579751623,-0.07059408498857994,-0.2432746080746449,0.30064292983449414,0.3423854412917359,0.10411221686210229,0.20741129909055517,-0.5582565853067594,-0.39696226638611626,0.7747496476574041,0.02803869069261863,0.4005550933349209,-0.19087492009072102,-0.7416016651400904,0.03327341078028826,0.7321691184320105,-0.36723120663375103,0.1314172186448982
0.1272586996859264,2.210412602587169,1.1524179841632285,0.333232364021043,1.47928380346026,-0.6148018857961598,1.5699314485344558,-0.233618308732949,-1.8877184271644472,-1.6987738344866663,0.9534964680675247,1.2684141287089254,0.8840640877698287,-0.26332765776441674,0.5065260598309048,1.53269831291679,-0.1565557023959001,-0.31816341369656564,1.6591486058438478,0.9194096703855781,0.33887914982033707,1.5080226323012607,-0.2426171367070612,0.6436441107862442,-0.6662679309937873,-0.6891667988015271,0.3192310440227331,-0.6816198655726076,-1.089206430095493,0.4128467232666883,1.3106348457198842,-0.4900573053398789,-0.35357538116468973,-1.3544104371018029,-0.34878545813500994,0.8258550005219343,-0.2345870208252262,-0.02215157827349185,-0.3856748072579458,-1.4825622698332488,-0.8867767744701263,1.2547956269289113,-0.2824541269427219,-0.1262967387082923
0.11326171374009804,-0.768792626142153,-0.16795682593161881,-0.04260923749390277,-0.43431109290178427,0.0932719114009405,-0.6101694905826662,0.09327117308286197,0.7687454671577207,0.27205559486072634,-0.01559624184961337,-0.6229422674653158,-0.8930650004478226,0.4288541025860278,-0.02261308934997109,-0.1565557023959001,0.2341855045710712,0.29752685885156366,-0.46161285228688154,-0.07776727181360443,-0.19185955036131058,-0.40988604919364874,0.1749975115750721,-0.026963241329377424,0.3572811309206178,0.12271837337386701,-0.09026726319621774,0.1338241021134225,0.23891973648698694,0.12240653763307291,-0.3726497739928493,-0.05675616248545083,0.018561631627349265,0.5497731286452893,0.6170974430785309,-0.19791357879626004,0.19166133749007494,-0.2472451590775056,-0.3000212415203628,0.3257903393077864,0.700869340024594,-0.2987897503694009,-0.49964868082307656,0.39006193907033937
0.15810192542686755,-1.2595410472169462,-0.29462993006306043,-0.057273056077030086,-0.748017674986931,0.15729043206849197,-0.9891295245774705,0.09348597262141994,1.2049683574249928,0.5134714938899899,-0.016043179784111992,-0.9634271496957784,-1.4050671523716698,0.6290554615655973,-0.06000060540141705,-0.31816341369656564,0.29752685885156366,0.4835865709431065,-0.7381225663088155,-0.14916956030261863,-0.2861830679763438,-0.6297861494454675,0.28057481592397177,-0.05320357742220031,0.5787973035034997,0.22677825882819594,-0.17825782836338194,0.23456405734510247,0.3957060312023821,0.19053298885651843,-0.6251820002875957,-0.05875511529044,0.06016215661406722,0.9214836176140546,0.9025915984129448,-0.2654140795992493,0.3063072484348437,-0.36090191651411746,-0.4628902238118525,0.5250705678941675,1.0903863236537887,-0.5208879277791544,-0.7408972309689195,0.5640404535836943
0.028130330740841883,3.352814791877368,1.8758227446516522,0.6399495201751344,2.064029117164629,-0.7633137498826075,2.820531617972172,-0.27636552709105716,-3.194801602834351,-2.0429495565674745,1.0506731363636208,2.3031078403412995,2.2364873348762133,-0.6961989714306739,0.6634460212954427,1.6591486058438478,-0.46161285228688154,-0.7381225663088155,2.3679252756418565,1.076776684142062,0.9065703036690174,2.4827052440477613,-0.43846758824158005,0.8575596505329426,-1.190158434689999,-0.6348503292210952,0.5280886983851368,-0.6853909714399898,-1.2577221600745017,0.33177520695276347,1.7104434755155402,-0.08806233262512145,-0.033844464313236455,-2.2592512870092123,-1.5844789290239547,1.5476216058673207,-0.4202061875768328,0.788122240876711,0.08588974824783026,-2.120026818668416,-1.6131618311489895,1.9592822350492618,0.2759918037717823,-0.5569841945228188
0.14360246309720434,1.3776098209906493,1.093183830000155,0.40234419958688994,0.8766003388322174,-0.40939893367402147,1.2165319564673724,-0.10665457079097865,-1.2982839571306601,-1.0392335365799372,0.7117708322451707,0.8614998684150659,0.48947285337364255,0.01050513812528996,0.41918803403347604,0.9194096703855781,-0.07776727181360443,-0.14916956030261863,1.076776684142062,0.6393329699145773,0.41169308802448945,1.2433818909453052,-0.09079201375702652,0.5546563740112435,-0.3912345931830599,-0.2673868307039343,0.23995872529259396,-0.29622362767850924,-0.5716630111303909,0.37283611744170103,0.7167588915200206,-0.10645768031839456,0.02122725305138731,-0.8816505877012427,-0.40434080246101556,0.8669945945133288,-0.059559379669796124,0.27697581832208334,-0.289248852374261,-1.0722190729672505,-0.2855206690169457,0.977442027758939,-0.37873039761742666,0.05239873860106469
0.07548109779247067,1.266324918202932,1.4317050968441007,0.628097980320629,0.6459257598215653,-0.2762758688470643,1.6460169582367796,0.015304923612137571,-1.5239121885602132,-0.5629041804644057,0.45205744121459335,1.1160819481303315,1.0503023616400131,-0.03420371905563602,0.4035955218153975,0.33887914982033707,-0.19185955036131058,-0.2861830679763438,0.9065703036690174,0.41169308802448945,0.839206400122454,1.5329411527445158,-0.08201777395796458,0.556350291112358,-0.4689151924743213,0.1896766342492221,0.30242466764368564,0.09338989440134575,-0.1364225304314727,0.22843401555308346,0.3731718285147213,0.5529046912463411,0.5973172081975227,-1.0015249344294386,-1.2850489616659306,1.2994590851591785,-0.02635064896117365,1.0980180403523994,0.18678816697420242,-1.0172949216385192,-0.2131002437209508,1.1216593464277238,-0.02519633722901472,-0.08880196123129111
0.2044683015388326,3.374683467267585,2.998379098380055,1.2140217572658356,1.9361667013228396,-0.8319970069458922,3.5753955004532276,-0.14229397105220878,-3.589727516449898,-1.9573928634123607,1.3435951855784878,2.549294194165648,2.164895834077008,-0.20638478956080988,0.9592308454663531,1.5080226323012607,-0.40988604919364874,-0.6297861494454675,2.4827052440477613,1.2433818909453052,1.5329411527445158,3.390188926302774,-0.2739366002030996,1.296229528566501,-1.1473079734127296,-0.13166784855683347,0.6664175276756295,-0.2834616991197153,-0.9101316286004476,0.6398088362492755,1.407744333909589,0.5523574794287743,0.7185860954206985,-2.41420452610743,-2.228194658604755,2.5954542366414977,-0.17556071966498152,1.7082251065028284,0.019506944957959956,-2.548838547930528,-0.8663776252073714,2.556891912119127,-0.25191083208988724,-0.20607950905602204
0.10348627971825886,-0.745188509605211,-0.05241898778545863,0.03187768015990439,-0.46506096649589135,0.09873325158695287,-0.48352238366376765,0.08032047491258577,0.6590372575829925,0.34355594120154587,-0.005864963013031085,-0.5260155374777865,-0.7870833785717952,0.4093822012402619,-0.010068943007066998,-0.2426171367070612,0.1749975115750721,0.28057481592397177,-0.43846758824158005,-0.09079201375702652,-0.08201777395796458,-0.2739366002030996,0.18010724372236103,0.005268476746057167,0.3371656603763702,0.21074683190922514,-0.08589990825830254,0.20218296316783335,0.2960858168030119,0.1255213041035157,-0.4182640724131166,0.07064089166509105,0.1419767683528216,0.517536621647469,0.4112374842404293,-0.03702905866363951,0.20129540878067678,-0.0696240326121016,-0.24117652098420886,0.27711689157217206,0.7101931258103082,-0.24289155776331406,-0.4536339272184046,0.35331082237247113
0.18885965012380448,1.0284026696669173,1.2752038767423115,0.5347189655064317,0.5997673410479796,-0.33990776492168445,1.2011565485742455,-0.024506403382617385,-1.1168508583771597,-0.7569881057004679,0.6692193148674315,0.728908420788467,0.2914442434281219,0.22412986019116357,0.44249548042623826,0.6436441107862442,-0.026963241329377424,-0.05320357742220031,0.8575596505329426,0.5546563740112435,0.556350291112358,1.296229528566501,0.005268476746057167,0.6053977111849481,-0.2609389404163571,-0.004448308196373817,0.23443181790684886,-0.06435908297145757,-0.29008476787242743,0.42171946728229526,0.4117946697319628,0.16825440279995663,0.31613324067428283,-0.7064090827412274,-0.53104316493558,1.0741167363977022,0.06273806331712097,0.560461465094211,-0.27214973336510445,-0.9833405310385905,0.1191410845117164,0.9733856586709264,-0.5359059279974793,0.2044992062858684
0.12149412548867916,-1.8638086299599588,-0.728069008223228,-0.21621400184929632,-1.1227045074518298,0.318741928385696,-1.5256590601981366,0.14267592787272182,1.7867163178302896,0.9231739369913023,-0.2736987223426733,-1.3637982551169061,-1.7111236989172367,0.6792665805776618,-0.2162010330821899,-0.6662679309937873,0.3572811309206178,0.5787973035034997,-1.190158434689999,-0.3912345931830599,-0.4689151924743213,-1.1473079734127296,0.3371656603763702,-0.2609389404163571,0.7719349821962327,0.3317723598303691,-0.27948055502285457,0.3538210470033402,0.6296694143565092,0.07251671281548325,-0.9302466861406327,-0.03816452767443931,0.04469858164532966,1.3224314373657151,1.1466588599862475,-0.6175413412934978,0.3506209285643334,-0.5100360422264293,-0.405712430410829,0.9593101761073232,1.2839498843620625,-0.9233667008135119,-0.6722926474905977,0.5972692689650085
0.0662070446097347,-0.9429538980803894,0.15885766047150687,0.18814739341575237,-0.6984678443020812,0.21168696700316708,-0.27003181394811027,0.1765567544297268,0.6132959669548618,0.7335445778820887,-0.19786420245190867,-0.4384259369317116,-0.5138905439400707,0.43590698242017806,-0.030558802347480117,-0.6891667988015271,0.12271837337386701,0.22677825882819594,-0.6348503292210952,-0.2673868307039343,0.1896766342492221,-0.13166784855683347,0.21074683190922514,-0.004448308196373817,0.3317723598303691,0.5602872358331716,-0.05917315326349221,0.5025940423102534,0.6414089216569517,0.03352166162530285,-0.7228793651847509,0.5325556271285797,0.5530263985503194,0.5139586095073129,-0.13030774765737604,0.2391376424240553,0.2531022449087883,0.4837399554795793,0.06042540368482742,0.37412749280901636,0.857768405527702,-0.1919325168175763,-0.26156992254204314,0.30249636376818423
0.020239574221275182,0.763048708407586,0.569655607119739,0.2154747246084393,0.4504075750683673,-0.1672093613589058,0.7600549378130553,-0.020514583014051898,-0.7791986547431878,-0.42749669019012787,0.22903534212063636,0.5641935920224076,0.5640727502002625,-0.10484090910986227,0.1806370579751623,0.3192310440227331,-0.09026726319621774,-0.17825782836338194,0.5280886983851368,0.23995872529259396,0.30242466764368564,0.6664175276756295,-0.08589990825830254,0.23443181790684886,-0.27948055502285457,-0.05917315326349221,0.15061320449077628,-0.0839005369282276,-0.2111683280681822,0.086068295485408,0.3347335121701619,0.09982138888564973,0.11295196931761359,-0.5559389483593299,-0.4912558960542759,0.47384397381849314,-0.07137895727848403,0.33948572899453905,0.06607913216576439,-0.5137806094522995,-0.2890954347735341,0.5273047133553824,0.04293767192727801,-0.09700507974235502
0.05214166105228805,-1.0046343953598706,-0.0025253388302450383,0.10775766356607122,-0.7146134240398806,0.22807321276152798,-0.41614177466747915,0.16768357125368105,0.7244150253434697,0.7430334858960125,-0.23852894332335625,-0.5174405065541348,-0.5710478490001192,0.4039599411315164,-0.07059408498857994,-0.6816198655726076,0.1338241021134225,0.23456405734510247,-0.6853909714399898,-0.29622362767850924,0.09338989440134575,-0.2834616991197153,0.20218296316783335,-0.06435908297145757,0.3538210470033402,0.5025940423102534,-0.0839005369282276,0.4602538958957448,0.6154884470804801,0.002107911374429876,-0.71135941605426245,0.44551071491177,0.4574399958548219,0.5766920022252734,-5.534716883474363e-4,0.08556993749751125,0.23486175119283606,0.3444075311865344,0.047459542395111506,0.45484514543066773,0.8125377761955697,-0.29303269555504624,-0.2294797218601779,0.28566261655659253
0.03440794102981979,-1.8027822002167326,-0.4947324874048602,-0.0689583978510324,-1.204240186981661,0.41630906419495617,-1.1056926332768346,0.2350548403645051,1.4924915592830033,1.2384336307573598,-0.518216150424585,-1.0648566455373283,-1.0697939253494526,0.5400419544645603,-0.2432746080746449,-1.089206430095493,0.23891973648698694,0.3957060312023821,-1.2577221600745017,-0.5716630111303909,-0.1364225304314727,-0.9101316286004476,0.2960858168030119,-0.29008476787242743,0.6296694143565092,0.6414089216569517,-0.2111683280681822,0.6154884470804801,0.9146902288048198,-0.09948605559246745,-1.1130681842627368,0.46063730598218855,0.4503133737342758,1.1119110723262529,0.37165669498548587,-0.3232402577408996,0.32240683012916105,0.14021188304059737,0.0540550740841642,0.9814520798221015,1.157005579574155,-0.7805258618746967,-0.2520143573421417,0.3940682265351017
0.21721785727572504,0.22175895298327375,0.7633030503146054,0.3364057583527155,0.145171444138151,-0.20016887351217535,0.391945676884004,0.0034377032470192218,-0.26505548008434365,-0.3955353418298696,0.5212265149121449,0.0821696522046821,-0.47428743396411205,0.4440830108056823,0.30064292983449414,0.4128467232666883,0.12240653763307291,0.19053298885651843,0.33177520695276347,0.37283611744170103,0.22843401555308346,0.6398088362492755,0.1255213041035157,0.42171946728229526,0.07251671281548325,0.03352166162530285,0.086068295485408,0.002107911374429876,-0.09948605559246745,0.41486788248489354,0.07776065781049381,0.008890757726004679,0.18213680323517845,-0.09850721129509002,0.1212274883748219,0.6180433466382075,0.1749864684111386,0.14091914359747104,-0.4672019190328427,-0.503825547362153,0.5523008386534896,0.46839303156304624,-0.7654242783866043,0.4130223898791779
-0.07353238940080117,2.519420184313454,0.8507402167607373,0.18782138935959733,1.6239167002560277,-0.5355845334189001,1.7564338867091176,-0.267865495833487,-2.2097194969238316,-1.5694366520965621,0.6174658379120612,1.615856281377558,1.7628784175209515,-0.7758534066232955,0.3423854412917359,1.3106348457198842,-0.3726497739928493,-0.6251820002875957,1.7104434755155402,0.7167588915200206,0.3731718285147213,1.407744333909589,-0.4182640724131166,0.4117946697319628,-0.9302466861406327,-0.7228793651847509,0.3347335121701619,-0.71135941605426245,-1.1130681842627368,0.07776065781049381,1.441574592041598,-0.3766650335924996,-0.3968656285344521,-1.6406594995599348,-0.8917968655725769,0.6302300366172501,-0.4457049141729849,0.14496224404108404,0.12971022555106082,-1.3703870150719262,-1.6109943029032017,1.1794132862451414,0.5028812609705073,-0.6118900327916629
0.018549240887806486,-0.08156681468422185,0.6766785876102168,0.38729937168735734,-0.22228504782544847,0.07751753694712284,0.6028720803529455,0.15077353671816,-0.3089036312295466,0.3858170545514193,-0.08246098958942981,0.27613844228657,0.379921231928819,0.1602113066268042,0.10411221686210229,-0.4900573053398789,-0.05675616248545083,-0.05875511529044,-0.08806233262512145,-0.10645768031839456,0.5529046912463411,0.5523574794287743,0.07064089166509105,0.16825440279995663,-0.03816452767443931,0.5325556271285797,0.09982138888564973,0.44551071491177,0.46063730598218855,0.008890757726004679,-0.3766650335924996,0.7362330888101707,0.7154435486511523,-0.14482462536500668,-0.8929722587286124,0.7144131591420535,0.11909744951106156,0.9644865778181195,0.32597220660941917,-0.11665026510160492,0.34801838708704497,0.3332628461012015,0.05712017605618351,0.03799096575997468
0.11483305660148181,-0.11719103615143975,0.91953546347374,0.4961326127238757,-0.233594061751348,0.013919208552663091,0.640265672304965,0.15694468911736995,-0.2844535991650168,0.2773525543121036,0.11082518113718087,0.207045162939882,0.060918461151207096,0.3840984388964021,0.20741129909055517,-0.35357538116468973,0.018561631627349265,0.06016215661406722,-0.033844464313236455,0.02122725305138731,0.5973172081975227,0.7185860954206985,0.1419767683528216,0.31613324067428283,0.04469858164532966,0.5530263985503194,0.11295196931761359,0.4574399958548219,0.4503133737342758,0.18213680323517845,-0.3968656285344521,0.7154435486511523,0.7733294094249749,-0.09143773201744018,-0.7401555413163069,0.9024264400224157,0.2115864843215009,0.9566936963476695,0.10137480686956264,-0.2525416435066737,0.6493691940765322,0.4520209790328137,-0.3013690451978884,0.24389822587385865
0.08885634796381699,-3.38983020587649,-1.77010481216296,-0.6001484719499708,-2.0372664402439904,0.6620951902158497,-2.9593452334073227,0.2194740059228085,3.3084960540807944,1.8107291799330703,-0.7493191614111713,-2.4608667321898987,-2.7851947940224813,0.9226318631728738,-0.5582565853067594,-1.3544104371018029,0.5497731286452893,0.9214836176140546,-2.2592512870092123,-0.8816505877012427,-1.0015249344294386,-2.41420452610743,0.517536621647469,-0.7064090827412274,1.3224314373657151,0.5139586095073129,-0.5559389483593299,0.5766920022252734,1.1119110723262529,-0.09850721129509002,-1.6406594995599348,-0.14482462536500668,-0.09143773201744018,2.401780960889796,2.026759733498783,-1.483324560307844,0.507121835066722,-1.06776797998064,-0.4935804388490074,1.9694687212550925,1.9117730589538982,-1.9207458419611143,-0.7607909971183574,0.8082828040685309
0.17627864487020525,-2.5473076608067693,-1.7357758779936103,-0.7236050455524594,-1.3240571641246155,0.3533197301181449,-2.8244485350952275,0.059514346869283544,2.8951515954627025,0.8298601159718226,-0.2700265691509768,-2.2703308901860306,-2.9130441081217966,0.8473494429728926,-0.39696226638611626,-0.34878545813500994,0.6170974430785309,0.9025915984129448,-1.5844789290239547,-0.40434080246101556,-1.2850489616659306,-2.228194658604755,0.4112374842404293,-0.53104316493558,1.1466588599862475,-0.13030774765737604,-0.4912558960542759,-5.534716883474363e-4,0.37165669498548587,0.1212274883748219,-0.8917968655725769,-0.8929722587286124,-0.7401555413163069,2.026759733498783,2.685803078870044,-1.6653089750704675,0.3800372422168719,-1.8132291368552014,-0.9821307931601995,1.4706058872080843,1.4961012595281935,-1.644412778845576,-1.099641109217616,0.8649843816921503
0.2544335070405231,1.9792819757946865,2.5103546363512526,1.0991486651216256,1.046863991089083,-0.545187877677307,2.566153191132553,-0.006784768899331962,-2.344336962085007,-1.1197303409638593,1.0340282985838072,1.6327789172488885,1.1269587512993389,0.23523406534992913,0.7747496476574041,0.8258550005219343,-0.19791357879626004,-0.2654140795992493,1.5476216058673207,0.8669945945133288,1.2994590851591785,2.5954542366414977,-0.03702905866363951,1.0741167363977022,-0.6175413412934978,0.2391376424240553,0.47384397381849314,0.08556993749751125,-0.3232402577408996,0.6180433466382075,0.6302300366172501,0.7144131591420535,0.9024264400224157,-1.483324560307844,-1.6653089750704675,2.2290346615508914,0.07274992411028806,1.5687620215746259,-0.10180234844223764,-1.8008245059971306,0.03659866268933897,1.8927201772668076,-0.5728437970298599,0.15006934266053865
0.13135869433734348,-0.747062787900047,0.07577390845137898,0.09331672796618797,-0.47612676582149566,0.08121891468738816,-0.4139151538366058,0.09256542226760338,0.6285222295948162,0.33152633815085114,0.041625031272550246,-0.5176908073589198,-0.836352037235286,0.4819214864674983,0.02803869069261863,-0.2345870208252262,0.19166133749007494,0.3063072484348437,-0.4202061875768328,-0.059559379669796124,-0.02635064896117365,-0.17556071966498152,0.20129540878067678,0.06273806331712097,0.3506209285643334,0.2531022449087883,-0.07137895727848403,0.23486175119283606,0.32240683012916105,0.1749864684111386,-0.4457049141729849,0.11909744951106156,0.2115864843215009,0.507121835066722,0.3800372422168719,0.07274992411028806,0.23724866562962568,0.0013626562225913892,-0.274325207345793,0.2238046110059643,0.8131100258881829,-0.17451935848224767,-0.5471437188693288,0.41131324317063195
0.03818508404106811,1.179229480000103,1.6520544704540265,0.7803248979515969,0.4953602927166208,-0.1853948068531891,1.9082081734154634,0.10330866373740825,-1.6455262468635625,-0.2658817391110732,0.2985894091906402,1.2566382630219852,1.3667473732463578,-0.037948967680010944,0.4005550933349209,-0.02215157827349185,-0.2472451590775056,-0.36090191651411746,0.788122240876711,0.27697581832208334,1.0980180403523994,1.7082251065028284,-0.0696240326121016,0.560461465094211,-0.5100360422264293,0.4837399554795793,0.33948572899453905,0.3444075311865344,0.14021188304059737,0.14091914359747104,0.14496224404108404,0.9644865778181195,0.9566936963476695,-1.06776797998064,-1.8132291368552014,1.5687620215746259,0.0013626562225913892,1.6206008116900972,0.46823116517721447,-0.9735489374932511,-0.13760948898369968,1.2108090877287705,0.17425932116964318,-0.15307530108453524
-0.27267152929272925,0.47907739902528906,-0.22470338625086983,-0.107633398661518,0.20076874625090732,0.11473778577133596,0.45899185710281276,0.00286118755140782,-0.571208438165053,0.21758038300624358,-0.4881655583886777,0.5802741635009312,1.3661336862057025,-0.6774285955530627,-0.19087492009072102,-0.3856748072579458,-0.3000212415203628,-0.4628902238118525,0.08588974824783026,-0.289248852374261,0.18678816697420242,0.019506944957959956,-0.24117652098420886,-0.27214973336510445,-0.405712430410829,0.06042540368482742,0.06607913216576439,0.047459542395111506,0.0540550740841642,-0.4672019190328427,0.12971022555106082,0.32597220660941917,0.10137480686956264,-0.4935804388490074,-0.9821307931601995,-0.10180234844223764,-0.274325207345793,0.46823116517721447,0.8102268367054535,0.09984473433139084,-0.9579041520798934,0.019332374615226817,1.1136068111314255,-0.6689481063548326
-0.14849227432144935,-2.8853375229699343,-2.1509742854647365,-0.8112496959193487,-1.7408824727357093,0.7238805081474337,-2.709358871425089,0.1854779785919406,2.8711685445458492,1.8169147871572722,-1.133104114430378,-2.0237716483748316,-1.6961171832362292,0.28813888699815304,-0.7416016651400904,-1.4825622698332488,0.3257903393077864,0.5250705678941675,-2.120026818668416,-1.0722190729672505,-1.0172949216385192,-2.548838547930528,0.27711689157217206,-0.9833405310385905,0.9593101761073232,0.37412749280901636,-0.5137806094522995,0.45484514543066773,0.9814520798221015,-0.503825547362153,-1.3703870150719262,-0.11665026510160492,-0.2525416435066737,1.9694687212550925,1.4706058872080843,-1.8008245059971306,0.2238046110059643,-0.9735489374932511,0.09984473433139084,2.0650287901337667,0.9484570366719447,-1.9710975044650938,0.17739560183914996,0.22541412174414507
0.43933577208517166,-2.7892497727237444,0.02580491756107081,0.2217960421429855,-1.7510236877747187,0.3417968743808298,-1.6870261597931977,0.3387106522388238,2.421215635163695,1.2536302986841141,0.052936636162598964,-1.95956683418442,-3.030017677656113,1.6672730736211958,0.03327341078028826,-0.8867767744701263,0.700869340024594,1.0903863236537887,-1.6131618311489895,-0.2855206690169457,-0.2131002437209508,-0.8663776252073714,0.7101931258103082,0.1191410845117164,1.2839498843620625,0.857768405527702,-0.2890954347735341,0.8125377761955697,1.157005579574155,0.5523008386534896,-1.6109943029032017,0.34801838708704497,0.6493691940765322,1.9117730589538982,1.4961012595281935,0.03659866268933897,0.8131100258881829,-0.13760948898369968,-0.9579041520798934,0.9484570366719447,2.8417841617124338,-0.7846683591112108,-1.8651720261674227,1.4337521492983643
0.1484887308512991,2.699157495767018,2.2410827922788714,0.8778863662176868,1.5862432345249675,-0.6571711104390289,2.745524071359973,-0.10665415921633717,-2.7900709703237676,-1.6081571706547848,1.0224559045803363,1.9791910550002434,1.7257107339786895,-0.20672557848152717,0.7321691184320105,1.2547956269289113,-0.2987897503694009,-0.5208879277791544,1.9592822350492618,0.977442027758939,1.1216593464277238,2.556891912119127,-0.24289155776331406,0.9733856586709264,-0.9233667008135119,-0.1919325168175763,0.5273047133553824,-0.29303269555504624,-0.7805258618746967,0.46839303156304624,1.1794132862451414,0.3332628461012015,0.4520209790328137,-1.9207458419611143,-1.644412778845576,1.8927201772668076,-0.17451935848224767,1.2108090877287705,0.019332374615226817,-1.9710975044650938,-0.7846683591112108,1.9718129365952646,-0.15099340134430697,-0.18889785223182617
-0.4684812354089394,0.9338812041916774,-0.7783454133043788,-0.40573362997073087,0.5209277541372602,0.12429564557393681,0.43285471779956036,-0.12300422978305374,-0.841468797648758,0.06839123390207279,-0.701178769731156,0.8577430912382288,2.0625701989604126,-1.2665726476494585,-0.36723120663375103,-0.2824541269427219,-0.49964868082307656,-0.7408972309689195,0.2759918037717823,-0.37873039761742666,-0.02519633722901472,-0.25191083208988724,-0.4536339272184046,-0.5359059279974793,-0.6722926474905977,-0.26156992254204314,0.04293767192727801,-0.2294797218601779,-0.2520143573421417,-0.7654242783866043,0.5028812609705073,0.05712017605618351,-0.3013690451978884,-0.7607909971183574,-1.099641109217616,-0.5728437970298599,-0.5471437188693288,0.17425932116964318,1.1136068111314255,0.17739560183914996,-1.8651720261674227,-0.15099340134430697,1.8230525830728468,-1.1601818383462192
0.2865236529942745,-1.1123830010162912,0.23128919957570274,0.17695374000992106,-0.6603282911002027,0.05523098033886586,-0.6646156473012734,0.14539339106629992,1.006231146682718,0.3063034348427087,0.2501689985503722,-0.8765263350477727,-1.5916755074051205,0.9070694843228949,0.1314172186448982,-0.1262967387082923,0.39006193907033937,0.5640404535836943,-0.5569841945228188,0.05239873860106469,-0.08880196123129111,-0.20607950905602204,0.35331082237247113,0.2044992062858684,0.5972692689650085,0.30249636376818423,-0.09700507974235502,0.28566261655659253,0.3940682265351017,0.4130223898791779,-0.6118900327916629,0.03799096575997468,0.24389822587385865,0.8082828040685309,0.8649843816921503,0.15006934266053865,0.41131324317063195,-0.15307530108453524,-0.6689481063548326,0.22541412174414507,1.4337521492983643,-0.18889785223182617,-1.1601818383462192,0.8143536457379096
