V1,V2,V3,V4,V5,V6,V7,V8,V9,V10,V11,V12,V13,V14,V15,V16,V17,V18,V19,V20,V21,V22,V23,V24,V25,V26,V27,V28,V29
0.4345507775001888,-0.4431915494285902,-0.6745804564595569,-0.15465168162792234,0.14422610878923955,0.30782977620295243,0.6806038101414588,-0.1075609899311656,-0.1866117510473249,0.24592639675639755,-0.5098815973900018,0.3768678367101547,0.18378848642091936,-0.026618322095022073,-0.15944963098812304,-0.5335448127366728,0.3833517442384503,1.0382286737428577,-0.5630909136662342,-0.03550651772465639,-0.20108021195505418,0.33361341870406735,0.3618386585771834,0.04575199276738398,-0.4161196083431516,0.2624461060763599,-0.46347733049140455,0.2415429004702354,0.7365649498881472
-0.4431915494285902,2.35203313075752,0.6727060763727661,-0.2370910746170949,-0.26078383398676186,1.5828450133021181,-1.1866565868047056,-1.5805008083400978,0.9968110811426014,-0.8029143747124055,0.09422681559999939,0.5355271227346043,-0.2461649046011454,-0.5209344786687796,-0.4974185701340307,-0.7273752371572879,0.8730712557581329,-1.161046221435684,-0.4184218873269892,0.10740785248916954,-0.39332300292301886,0.6423559858383867,-0.9869208552467299,1.4644712097766592,0.5705627272689129,0.501865314913401,-0.016983434037792768,-3.932214046985483,-1.4710202995836257
-0.6745804564595569,0.6727060763727661,1.2078183109672962,0.17520828547949402,-0.15123235202320903,-0.4172822965024018,-1.1307835480806199,-0.061054163566635435,0.31886554635377007,-0.5831081403019599,0.8841628838680995,-0.40093648562257056,-0.2791138741300469,-0.07080204944946279,0.34069967575459864,0.8790299610045009,-0.6127873410748286,-1.6641208088211443,0.8810980183730479,0.15236666189171727,0.45427272300280097,-0.5696478749167517,-0.53764280333074,-0.1495634538872339,0.8312778930282587,-0.4877867298529977,0.8480137012538774,-0.3642647917774947,-1.3520099187647843
-0.15465168162792234,-0.2370910746170949,0.17520828547949402,0.23674687255804042,-0.09380527256647103,-0.7346906215763161,-0.10817769513022381,0.5769666392872149,-0.17086473326933016,0.23897900605858755,0.275474592201096,-0.5240064589311024,-0.06528101628476296,0.24465406847398788,0.18100167105970813,0.46723186516387766,-0.5255184207597904,-0.4052700130169332,0.3777711814872939,-0.07429529006418042,0.14613662358578808,-0.2946175053996057,-0.049016828762890444,-0.3575573613891518,-0.02572902821613976,-0.2219703421207334,0.21040087687895703,0.8957905933749915,0.059010125247625556
0.14422610878923955,-0.26078383398676186,-0.15123235202320903,-0.09380527256647103,0.16002470023424223,-0.01009978240683118,0.2811181582703475,-0.13672608405220862,-0.15754095797661175,0.08267425506166882,-0.0572095071229185,0.26790814639482347,-0.001010804882190636,0.012652166550973879,0.06621786463283723,-0.10303773285516594,-0.0026266158806564337,0.3247521294428683,-0.2047645071304564,-0.012797674670049332,0.03259449342907897,0.10519190855799997,0.1454632765454649,-0.09981031872103122,-0.07051976742548101,-0.01017150473963809,-0.18586172879667953,0.2748224980275284,0.20141357563921963
0.30782977620295243,1.5828450133021181,-0.4172822965024018,-0.7346906215763161,-0.01009978240683118,4.612582202530969,-0.16496685626489976,-2.0212720802162294,1.651067822431529,-1.7216251544625292,-1.8350524363337632,1.5679367043217107,0.8258415625465534,-1.7201660336840991,-1.46365403919296,-1.905976188171551,3.782226557627383,1.781251481084872,-0.49067974212848386,0.9120163509143553,-1.1544268773975215,1.1659873108604135,0.6059243471790992,2.4095828763119433,0.3974444626830244,1.205153054371338,-0.3836325540632668,-6.126673334978843,-0.7277682232234659
0.6806038101414588,-1.1866565868047056,-1.1307835480806199,-0.10817769513022381,0.2811181582703475,-0.16496685626489976,1.306013853755841,0.35367490874997953,-0.6176589836682888,0.7773403537721384,-0.6764582471962226,0.29919809582100987,0.24900060344519537,0.24091880629475373,-0.08724702232575456,-0.5439616195959097,0.1890732803606007,1.6513292919817035,-0.7204996205670835,-0.1758219603597194,-0.2421470632162091,0.39909474969672776,0.682124973574615,-0.2948288230985299,-0.8402262433302183,0.25321819926425626,-0.7981724934969266,1.3945644315560792,1.541945132672761
-0.1075609899311656,-1.5805008083400978,-0.061054163566635435,0.5769666392872149,-0.13672608405220862,-2.0212720802162294,0.35367490874997953,2.322215976251627,-0.7140714116678727,0.9221949263936132,0.2517781820037862,-1.5081845797043938,0.08939709938696784,0.7027060883229325,0.47753986315706126,1.3800375585430418,-1.279336400304123,-0.16531172109917486,1.1682150159320812,-0.18136298480789595,0.4007410923595758,-0.9748313205774624,0.4143944332169834,-1.2669639507113588,-0.42708155857479657,-0.5791305535588442,0.4797138105447626,3.3969361850549915,0.9374637905672762
-0.1866117510473249,0.9968110811426014,0.31886554635377007,-0.17086473326933016,-0.15754095797661175,1.651067822431529,-0.6176589836682888,-0.7140714116678727,0.8594793664522682,-0.9310713033511006,-0.38941024059395013,0.3295711219781901,0.20221483288213857,-0.7210307942680267,-0.4716587996669081,-0.3474952827756262,1.2393669238344978,-0.05605299829977426,0.2440838703037692,0.4180297481728972,-0.2878442857891987,0.1599448898228815,-0.03160442728110781,0.9399876162774067,0.48403496189780004,0.2809852832634072,0.2670516898217325,-2.636244068093312,-0.911978679994442
0.24592639675639755,-0.8029143747124055,-0.5831081403019599,0.23897900605858755,0.08267425506166882,-1.7216251544625292,0.7773403537721384,0.9221949263936132,-0.9310713033511006,1.3953895147521347,0.19923459234847163,-0.5104455735284975,-0.20307240338902474,0.906100067858022,0.30041932162199286,0.12429727861199436,-1.1962112957403985,0.1265928502967137,-0.5107184905414373,-0.5819149193684116,0.03488823523156199,0.13813852730542614,-0.09081878714950344,-0.70517340667829,-0.8622206132693012,-0.023042676513306513,-0.6088274459374353,2.4273016909038434,1.3538273674222019
-0.5098815973900018,0.09422681559999939,0.8841628838680995,0.275474592201096,-0.0572095071229185,-1.8350524363337632,-0.6764582471962226,0.2517781820037862,-0.38941024059395013,0.19923459234847163,1.324544737311277,-0.5490841073464292,-0.5785131378422956,0.579050276325007,0.7347116022511334,0.9895909475270435,-1.7654094899196338,-1.7339502138720149,0.3966976135952515,-0.3107552049195787,0.6672915087788746,-0.5960394445144709,-0.7309276237304176,-0.8608698946274237,0.3985920229023513,-0.6804378472129307,0.5294278660632014,1.7052762152412209,-0.6995700621272226
0.3768678367101547,0.5355271227346043,-0.40093648562257056,-0.5240064589311024,0.26790814639482347,1.5679367043217107,0.29919809582100987,-1.5081845797043938,0.3295711219781901,-0.5104455735284975,-0.5490841073464292,1.3445975913931605,0.04662645732613585,-0.5455286456234252,-0.33490464330981007,-1.0884530103259147,1.0945133461732102,0.9201329047835375,-0.9762602219659025,0.15625362573104778,-0.2939872121146675,0.728708301307831,0.11194657208156723,0.7801782958833786,0.0771836094671737,0.42640383363934814,-0.5823831701718535,-1.9190338831184095,-0.20464028987129973
0.18378848642091936,-0.2461649046011454,-0.2791138741300469,-0.06528101628476296,-0.001010804882190636,0.8258415625465534,0.24900060344519537,0.08939709938696784,0.20221483288213857,-0.20307240338902474,-0.5785131378422956,0.04662645732613585,0.4598928218815153,-0.32132018062995715,-0.3656561393246091,-0.32133987026834926,0.910689800725621,0.8250484754272456,0.06859517016516854,0.26589009268196606,-0.2889629383877191,0.17275528159284534,0.4833179749917403,0.26195997294180345,-0.12038707270023578,0.2926254384541176,-0.017068856229813245,-0.6017346686671492,0.3939887077972282
-0.026618322095022073,-0.5209344786687796,-0.07080204944946279,0.24465406847398788,0.012652166550973879,-1.7201660336840991,0.24091880629475373,0.7027060883229325,-0.7210307942680267,0.906100067858022,0.579050276325007,-0.5455286456234252,-0.32132018062995715,0.8060587938363,0.4294600068975171,0.4042067542622929,-1.3753468264316622,-0.5426901143681213,-0.15035572371586123,-0.4998866900019707,0.25668932701594227,-0.19462897855470407,-0.3026542464519672,-0.7783251398581944,-0.37735097434157794,-0.251630887498368,-0.1645335012919257,2.1863604001186747,0.6193089991681454
-0.15944963098812304,-0.4974185701340307,0.34069967575459864,0.18100167105970813,0.06621786463283723,-1.46365403919296,-0.08724702232575456,0.47753986315706126,-0.4716587996669081,0.30041932162199286,0.7347116022511334,-0.33490464330981007,-0.3656561393246091,0.4294600068975171,0.6362161355307792,0.8213539117913046,-1.3314029485740433,-0.7304718580135837,0.31173102625299504,-0.2062479593724809,0.5740788835167254,-0.5536634000095803,-0.20392690018111775,-0.8648175736154418,0.12846967397595915,-0.5866907195054751,0.30311610723448845,1.9857317149540605,-0.17375596045600208
-0.5335448127366728,-0.7273752371572879,0.8790299610045009,0.46723186516387766,-0.10303773285516594,-1.905976188171551,-0.5439616195959097,1.3800375585430418,-0.3474952827756262,0.12429727861199436,0.9895909475270435,-1.0884530103259147,-0.32133987026834926,0.4042067542622929,0.8213539117913046,1.7697077303015174,-1.6339112946422771,-1.3509622493002236,1.4225264521721528,-0.01827362964116774,0.8397002156273392,-1.2296944686310176,-0.114597901868259,-1.1867537770703884,0.439135151427515,-0.9964144644271481,0.9894607508974033,2.502479755247012,-0.6037933185180946
0.3833517442384503,0.8730712557581329,-0.6127873410748286,-0.5255184207597904,-0.0026266158806564337,3.782226557627383,0.1890732803606007,-1.279336400304123,1.2393669238344978,-1.1962112957403985,-1.7654094899196338,1.0945133461732102,0.910689800725621,-1.3753468264316622,-1.3314029485740433,-1.6339112946422771,3.33992262447301,1.9651798607514788,-0.35412433053255193,0.7888237992593591,-1.1090731094475763,1.036494524828885,0.8179575124742339,1.9058513442718823,0.05999104001924402,1.0977164898455039,-0.42622024030537503,-4.672478702759762,-0.04038923214598793
1.0382286737428577,-1.161046221435684,-1.6641208088211443,-0.4052700130169332,0.3247521294428683,1.781251481084872,1.6513292919817035,-0.16531172109917486,-0.05605299829977426,0.1265928502967137,-1.7339502138720149,0.9201329047835375,0.8250484754272456,-0.5426901143681213,-0.7304718580135837,-1.3509622493002236,1.9651798607514788,3.124057525868156,-0.8772194486453666,0.29742799799816005,-0.7549512051598546,0.8254457040819143,1.3694498902131915,0.4951599501058106,-0.8847237527863641,0.7538609866580597,-0.9760981735288795,-0.4938895859905141,1.7070142343272834
-0.5630909136662342,-0.4184218873269892,0.8810980183730479,0.3777711814872939,-0.2047645071304564,-0.49067974212848386,-0.7204996205670835,1.1682150159320812,0.2440838703037692,-0.5107184905414373,0.3966976135952515,-0.9762602219659025,0.06859517016516854,-0.15035572371586123,0.31173102625299504,1.4225264521721528,-0.35412433053255193,-0.8772194486453666,1.7484475410497435,0.3647838748843812,0.4616554935827724,-1.1080658167343926,0.23201520447576718,-0.520860559289426,0.6432473353322313,-0.6957840371343682,1.123657215083459,0.7146351803729581,-0.8382951241094235
-0.03550651772465639,0.10740785248916954,0.15236666189171727,-0.07429529006418042,-0.012797674670049332,0.9120163509143553,-0.1758219603597194,-0.18136298480789595,0.4180297481728972,-0.5819149193684116,-0.3107552049195787,0.15625362573104778,0.26589009268196606,-0.4998866900019707,-0.2062479593724809,-0.01827362964116774,0.7888237992593591,0.29742799799816005,0.3647838748843812,0.3823301048607943,-0.08157085662991911,-0.041280342528827285,0.30568226309361296,0.3189522386372236,0.2895801667640001,0.04738007448773378,0.2672852150776451,-1.0283560130675635,-0.37268747203591507
-0.20108021195505418,-0.39332300292301886,0.45427272300280097,0.14613662358578808,0.03259449342907897,-1.1544268773975215,-0.2421470632162091,0.4007410923595758,-0.2878442857891987,0.03488823523156199,0.6672915087788746,-0.2939872121146675,-0.2889629383877191,0.25668932701594227,0.5740788835167254,0.8397002156273392,-1.1090731094475763,-0.7549512051598546,0.4616554935827724,-0.08157085662991911,0.5889300329749785,-0.6347983915333132,-0.16261716416329747,-0.761848904576173,0.29047434519626386,-0.5791901025754276,0.47518000950376577,1.6033463468158864,-0.4007910344262324
0.33361341870406735,0.6423559858383867,-0.5696478749167517,-0.2946175053996057,0.10519190855799997,1.1659873108604135,0.39909474969672776,-0.9748313205774624,0.1599448898228815,0.13813852730542614,-0.5960394445144709,0.728708301307831,0.17275528159284534,-0.19462897855470407,-0.5536634000095803,-1.2296944686310176,1.036494524828885,0.8254457040819143,-1.1080658167343926,-0.041280342528827285,-0.6347983915333132,1.0550573585011487,-0.03396841925899014,0.8844800748934657,-0.4133921565697788,0.7352456403808193,-0.8434475638250822,-1.821981180133032,0.5194237389798528
0.3618386585771834,-0.9869208552467299,-0.53764280333074,-0.049016828762890444,0.1454632765454649,0.6059243471790992,0.682124973574615,0.4143944332169834,-0.03160442728110781,-0.09081878714950344,-0.7309276237304176,0.11194657208156723,0.4833179749917403,-0.3026542464519672,-0.20392690018111775,-0.114597901868259,0.8179575124742339,1.3694498902131915,0.23201520447576718,0.30568226309361296,-0.16261716416329747,-0.03396841925899014,0.9123378421449363,-0.08950842709156166,-0.21645410616020733,0.07433438379089895,-0.07645614578111767,0.36430611591229217,0.678512428850603
0.04575199276738398,1.4644712097766592,-0.1495634538872339,-0.3575573613891518,-0.09981031872103122,2.4095828763119433,-0.2948288230985299,-1.2669639507113588,0.9399876162774067,-0.70517340667829,-0.8608698946274237,0.7801782958833786,0.26195997294180345,-0.7783251398581944,-0.8648175736154418,-1.1867537770703884,1.9058513442718823,0.4951599501058106,-0.520860559289426,0.3189522386372236,-0.761848904576173,0.8844800748934657,-0.08950842709156166,1.5983750593302735,0.12142385825043156,0.8020371535282239,-0.41105379798593583,-3.9012397922231052,-0.487387392000441
-0.4161196083431516,0.5705627272689129,0.8312778930282587,-0.02572902821613976,-0.07051976742548101,0.3974444626830244,-0.8402262433302183,-0.42708155857479657,0.48403496189780004,-0.8622206132693012,0.3985920229023513,0.0771836094671737,-0.12038707270023578,-0.37735097434157794,0.12846967397595915,0.439135151427515,0.05999104001924402,-0.8847237527863641,0.6432473353322313,0.2895801667640001,0.29047434519626386,-0.4133921565697788,-0.21645410616020733,0.12142385825043156,0.8001833401327971,-0.31331367370042945,0.666944078181005,-0.954785362251146,-1.2680077399757996
0.2624461060763599,0.501865314913401,-0.4877867298529977,-0.2219703421207334,-0.01017150473963809,1.205153054371338,0.25321819926425626,-0.5791305535588442,0.2809852832634072,-0.023042676513306513,-0.6804378472129307,0.42640383363934814,0.2926254384541176,-0.251630887498368,-0.5866907195054751,-0.9964144644271481,1.0977164898455039,0.7538609866580597,-0.6957840371343682,0.04738007448773378,-0.5791901025754276,0.7352456403808193,0.07433438379089895,0.8020371535282239,-0.31331367370042945,0.6813836703357342,-0.5256969824450796,-1.6965911823231703,0.4439416534539387
-0.46347733049140455,-0.016983434037792768,0.8480137012538774,0.21040087687895703,-0.18586172879667953,-0.3836325540632668,-0.7981724934969266,0.4797138105447626,0.2670516898217325,-0.6088274459374353,0.5294278660632014,-0.5823831701718535,-0.017068856229813245,-0.1645335012919257,0.30311610723448845,0.9894607508974033,-0.42622024030537503,-0.9760981735288795,1.123657215083459,0.2672852150776451,0.47518000950376577,-0.8434475638250822,-0.07645614578111767,-0.41105379798593583,0.666944078181005,-0.5256969824450796,1.0108303551670876,0.4073656309838049,-0.9583697509734018
0.2415429004702354,-3.932214046985483,-0.3642647917774947,0.8957905933749915,0.2748224980275284,-6.126673334978843,1.3945644315560792,3.3969361850549915,-2.636244068093312,2.4273016909038434,1.7052762152412209,-1.9190338831184095,-0.6017346686671492,2.1863604001186747,1.9857317149540605,2.502479755247012,-4.672478702759762,-0.4938895859905141,0.7146351803729581,-1.0283560130675635,1.6033463468158864,-1.821981180133032,0.36430611591229217,-3.9012397922231052,-0.954785362251146,-1.6965911823231703,0.4073656309838049,10.142494611320734,2.144416088100296
0.7365649498881472,-1.4710202995836257,-1.3520099187647843,0.059010125247625556,0.20141357563921963,-0.7277682232234659,1.541945132672761,0.9374637905672762,-0.911978679994442,1.3538273674222019,-0.6995700621272226,-0.20464028987129973,0.3939887077972282,0.6193089991681454,-0.17375596045600208,-0.6037933185180946,-0.04038923214598793,1.7070142343272834,-0.8382951241094235,-0.37268747203591507,-0.4007910344262324,0.5194237389798528,0.678512428850603,-0.487387392000441,-1.2680077399757996,0.4439416534539387,-0.9583697509734018,2.144416088100296,2.331828436162062
