V1,V2,V3,V4,V5,V6,V7,V8,V9,V10,V11,V12,V13,V14,V15,V16,V17,V18,V19,V20,V21,V22,V23,V24,V25,V26,V27,V28,V29
0.1253011678918481,0.02293910236145072,-0.050406136651087986,-0.28627493383826114,-0.08726507539755456,-0.18894434688071252,0.07579741988282206,-0.0259496485570757,-0.04171997604959662,-0.005384304267288972,-0.294586262264226,0.00669690789239056,0.10101531414120453,-0.10607792106196567,0.050198001660355956,0.2694641583961152,-0.0252719453826877,-0.1051461548909422,0.1508036088770631,0.2683767011847823,-0.2615663565741345,-0.042707482920796534,-0.05147299342463473,-0.20531445392825814,0.1280146039400111,-5.901357864830665e-4,0.015651496726292388,0.0354498564854576,0.10558245439572489
0.02293910236145072,0.3419916384245987,-0.5068936018556552,0.061875592000323755,-0.18102904126941813,0.25121077708160466,0.15296150673882522,0.14949639559649147,0.07718269945621307,-6.668011404613669e-4,0.11186357096064094,0.10786932431628292,0.23025348054033418,-0.3356988650088609,0.037126797105352556,0.3034169195968173,-0.18293815676497951,-0.12402305075721881,0.015052935874507099,0.07597053931014039,-0.1159020978191357,-0.09342628304055248,-0.0451626122869948,0.0896144446919385,-0.07536877048663906,0.18905379570280054,0.17259370491087278,0.030881484914551522,0.12339548934556224
-0.050406136651087986,-0.5068936018556552,1.6091600150321594,-0.29210141197234085,-0.1947810646674185,-1.432530905538952,-0.4701968430193452,-0.343539515200045,-0.09594732829793264,-0.35026817722540504,-1.8686174493711998,-0.5310400948117485,-1.057812088664054,1.3312732490070853,0.6449419083847382,-0.463930277259191,0.41866833861453556,0.3875133512270761,0.4367805836313025,-0.29381204252570764,-0.07468465055911587,0.21397072835385714,-0.01363360166275077,-0.8722814213204174,1.0396268353913338,-1.1640965299502768,-1.2276937447363896,0.6449445241648252,-0.4971103943500456
-0.28627493383826114,0.061875592000323755,-0.29210141197234085,2.298484740623689,0.609073051597103,1.9784510049410156,-0.594764927802136,0.022861810076452358,0.6179885552780364,0.6406953746908327,3.0344087601351615,0.2763583443479994,0.2038415622326701,1.2839796091728233,-0.8920844945111776,-1.3474891701663483,-0.13845489902021013,0.535825998434235,-1.0980549775029738,-1.544965933905591,0.8809030429372573,-0.719566691808196,0.6578052731164155,0.7685783255673188,-0.6079429483950505,-0.02423781687906864,0.05696601152693231,-0.20238427209948115,0.07338741660318396
-0.08726507539755456,-0.18102904126941813,-0.1947810646674185,0.609073051597103,1.3574872324135014,1.0024891263979,-0.3360076236902162,-0.08895967379650425,0.350807906911084,0.18199172287861945,1.865350300655673,0.35116533929840893,0.5091208382711775,-0.271022424266603,-1.324642421312043,-0.5683700565183489,0.2702973560265377,0.08085341370456929,-0.5296308805548888,-0.12466413226111825,0.7543600081604916,0.029116982377705682,0.47438115565705363,0.5749897017591827,-0.9053087109093721,0.651306856474119,0.36439477620731714,-0.7820970185052775,0.019560197189095366
-0.18894434688071252,0.25121077708160466,-1.432530905538952,1.9784510049410156,1.0024891263979,3.540957852707553,-0.2564273173867291,0.15336880476551865,0.5811138522498477,1.0055373913306187,5.048898483002938,0.6727429862297478,1.1876164768294528,-0.7163778450079132,-1.8483798400987321,-1.0494468420554888,-0.22559406111843464,0.23072403084028598,-1.631986409519194,-0.903465726885771,0.9093374281087754,-0.7603963483581114,0.7016862585759251,1.795072618122841,-1.5734442514150715,1.7936624091437081,1.3714069641520215,-1.2045963648503444,0.8678066021920019
0.07579741988282206,0.15296150673882522,-0.4701968430193452,-0.594764927802136,-0.3360076236902162,-0.2564273173867291,0.6346844467481042,-0.003128284568272167,-0.17780728989581135,-0.12290380853832927,-0.5019224224684302,0.14746052959134232,0.5185595217569551,-0.6072824286587041,0.241614242301258,0.6046551154943381,-0.2809733242498902,-0.24701053321551897,0.17602472900802676,0.401260593685905,-0.3398809528887559,-0.0039471813571556585,-0.2592092871203551,0.07667844178670279,-0.06733719195222809,0.05168726452811732,0.4444056533822284,-0.12422307955601115,0.03694089552393184
-0.0259496485570757,0.14949639559649147,-0.343539515200045,0.022861810076452358,-0.08895967379650425,0.15336880476551865,-0.003128284568272167,0.3671970765348481,-0.06517779328307041,0.0141951899112176,0.23132839407847985,-0.05604037178882671,-0.0710105897950867,-0.5498334232887234,0.1223399255461526,0.18594048440700034,-0.01876075173087652,-0.19543063262946267,0.03462665959600118,0.18428580982450823,0.07824100358332181,0.22185350240045285,-0.12398672028670421,0.07287397980759179,-0.24696352414648706,0.35676835067485635,0.15364136306360388,0.0597925028202291,0.0701329154567633
-0.04171997604959662,0.07718269945621307,-0.09594732829793264,0.6179885552780364,0.350807906911084,0.5811138522498477,-0.17780728989581135,-0.06517779328307041,0.32967774542436495,0.11543006441248001,0.8939534372651676,0.11913354599349942,0.29679559937700084,0.2647937337798141,-0.4838523548408865,-0.3009264368705086,-0.01046956437793271,0.1664196322296409,-0.29888823144577886,-0.36980572355781044,0.20996006331600686,-0.25442293885793915,0.2842936349133086,0.12369949877933552,-0.11366191963743334,0.009515276972999693,-0.06458686116610998,-0.13764813076358914,0.03868665425742649
-0.005384304267288972,-6.668011404613669e-4,-0.35026817722540504,0.6406953746908327,0.18199172287861945,1.0055373913306187,-0.12290380853832927,0.0141951899112176,0.11543006441248001,0.4454072018138357,1.4922110117443694,0.17951726419211858,0.26615275570856706,0.0977751897060949,-0.4517491313210801,-0.3470776129526781,-0.10393174028652287,0.07939304560685062,-0.48125843130859525,-0.33004275268813515,0.1468014163245146,-0.3253097309288688,0.19982326289543745,0.449122972468844,-0.39744307468921836,0.38844236995654907,0.38534553783510084,-0.2574851854967895,0.3083482550208107
-0.294586262264226,0.11186357096064094,-1.8686174493711998,3.0344087601351615,1.865350300655673,5.048898483002938,-0.5019224224684302,0.23132839407847985,0.8939534372651676,1.4922110117443694,7.759827141981553,0.9569636515175992,1.8203781675916115,-0.983463068737322,-2.9302465127239645,-1.706405495697372,-0.1899382708260606,0.3657724812372,-2.4501544895454455,-1.3401400581461886,1.5557645679238574,-0.9578066280713823,1.1167210758371142,2.520370432376257,-2.49670586101059,2.510744100240243,1.9336228388855838,-1.8585792857664214,1.0968429174952492
0.00669690789239056,0.10786932431628292,-0.5310400948117485,0.2763583443479994,0.35116533929840893,0.6727429862297478,0.14746052959134232,-0.05604037178882671,0.11913354599349942,0.17951726419211858,0.9569636515175992,0.3590180521071473,0.5296262372643477,-0.2658717266608387,-0.5310764114797173,0.014281742687424062,-0.12042838587549806,-0.06186378474460593,-0.2817116605450671,-0.01736517991566714,0.13202258489343605,-0.1970398540113138,0.1297715943340442,0.44445255857925003,-0.5019597779640735,0.36662805054394665,0.5046557310410574,-0.40514115549729235,0.13963765511431367
0.10101531414120453,0.23025348054033418,-1.057812088664054,0.2038415622326701,0.5091208382711775,1.1876164768294528,0.5185595217569551,-0.0710105897950867,0.29679559937700084,0.26615275570856706,1.8203781675916115,0.5296262372643477,1.5422208550736185,-0.9790326858566436,-0.9895458836329105,0.2924681268729983,-0.3150735781081656,-0.16302392601050147,-0.48798952866165796,0.18077406460901863,-0.01896314231103305,-0.40280740412755617,0.20321945558514312,0.5988579806944649,-0.7304730363852822,0.722120364721152,0.9404461098635614,-0.8053939844325435,0.40652693242286353
-0.10607792106196567,-0.3356988650088609,1.3312732490070853,1.2839796091728233,-0.271022424266603,-0.7163778450079132,-0.6072824286587041,-0.5498334232887234,0.2647937337798141,0.0977751897060949,-0.983463068737322,-0.2658717266608387,-0.9790326858566436,3.7693117151194273,0.6576397746427101,-1.2366303103797567,-0.14005138107718493,0.7947728375193697,-0.01251254644066114,-1.6861515811737486,0.09394219342030265,-0.8424921157779366,0.39174228938636313,-0.7560861549980558,1.0957931929266536,-2.3296693238429333,-1.399665044245126,0.9315832040461424,-0.6207414512084485
0.050198001660355956,0.037126797105352556,0.6449419083847382,-0.8920844945111776,-1.324642421312043,-1.8483798400987321,0.241614242301258,0.1223399255461526,-0.4838523548408865,-0.4517491313210801,-2.9302465127239645,-0.5310764114797173,-0.9895458836329105,0.6576397746427101,1.7324059590761411,0.547125029865868,-0.12663207837822513,-0.08859255170126465,0.8821035746590101,0.19147177850283945,-0.6554121765488921,0.26046152358910624,-0.5896558475007896,-0.9359307659741193,1.0853152040059093,-1.145988737605759,-0.7567540757162893,1.0563442900711424,-0.3760532752386411
0.2694641583961152,0.3034169195968173,-0.463930277259191,-1.3474891701663483,-0.5683700565183489,-1.0494468420554888,0.6046551154943381,0.18594048440700034,-0.3009264368705086,-0.3470776129526781,-1.706405495697372,0.014281742687424062,0.2924681268729983,-1.2366303103797567,0.547125029865868,1.390017921429175,-0.13949228588027357,-0.5864196740205727,0.7548421964578615,1.1947211247827536,-0.8060841472517337,0.34860375276393646,-0.49508068904945324,-0.5244474828348754,0.24898813055379085,0.1575322774462244,0.2013280776999725,0.18464472960147374,0.07747282523055343
-0.0252719453826877,-0.18293815676497951,0.41866833861453556,-0.13845489902021013,0.2702973560265377,-0.22559406111843464,-0.2809733242498902,-0.01876075173087652,-0.01046956437793271,-0.10393174028652287,-0.1899382708260606,-0.12042838587549806,-0.3150735781081656,-0.14005138107718493,-0.12663207837822513,-0.13949228588027357,0.3259438357549908,0.030286102656035555,0.0850556490450153,0.15534732029662413,0.15550759173807543,0.28580031242969045,0.03327211662673059,-0.1347662509836121,0.04027849250190317,0.10804411095582443,-0.23714749488159506,-0.005571803737538572,-0.08278140287141325
-0.1051461548909422,-0.12402305075721881,0.3875133512270761,0.535825998434235,0.08085341370456929,0.23072403084028598,-0.24701053321551897,-0.19543063262946267,0.1664196322296409,0.07939304560685062,0.3657724812372,-0.06186378474460593,-0.16302392601050147,0.7947728375193697,-0.08859255170126465,-0.5864196740205727,0.030286102656035555,0.35728424150397475,-0.25828105157685155,-0.6206701333927295,0.2239705248130511,-0.24351050936375926,0.21911052347736507,0.06635998750720437,0.17839407981709426,-0.34406849608888856,-0.29843575704027764,0.04823308483719155,-0.09169748098907865
0.1508036088770631,0.015052935874507099,0.4367805836313025,-1.0980549775029738,-0.5296308805548888,-1.631986409519194,0.17602472900802676,0.03462665959600118,-0.29888823144577886,-0.48125843130859525,-2.4501544895454455,-0.2817116605450671,-0.48798952866165796,-0.01251254644066114,0.8821035746590101,0.7548421964578615,0.0850556490450153,-0.25828105157685155,0.8673041239656154,0.6800751167494369,-0.5531279097065686,0.39721396666352055,-0.4001816071176999,-0.8788814105824023,0.6956628353924531,-0.629608229457764,-0.534107205049724,0.5729418049828202,-0.2890366589792978
0.2683767011847823,0.07597053931014039,-0.29381204252570764,-1.544965933905591,-0.12466413226111825,-0.903465726885771,0.401260593685905,0.18428580982450823,-0.36980572355781044,-0.33004275268813515,-1.3401400581461886,-0.01736517991566714,0.18077406460901863,-1.6861515811737486,0.19147177850283945,1.1947211247827536,0.15534732029662413,-0.6206701333927295,0.6800751167494369,1.4655861320371795,-0.5720851439666136,0.6082143458118457,-0.438489687215197,-0.3845615656618977,-0.010710640356154245,0.6449647016138466,0.33704524652831314,-0.10336996917109204,0.16559984880658205
-0.2615663565741345,-0.1159020978191357,-0.07468465055911587,0.8809030429372573,0.7543600081604916,0.9093374281087754,-0.3398809528887559,0.07824100358332181,0.20996006331600686,0.1468014163245146,1.5557645679238574,0.13202258489343605,-0.01896314231103305,0.09394219342030265,-0.6554121765488921,-0.8060841472517337,0.15550759173807543,0.2239705248130511,-0.5531279097065686,-0.5720851439666136,0.8764854535249947,0.07545439836478406,0.31365986413010083,0.6659296012929687,-0.7086779198159515,0.35923701657358786,0.19255158435277883,-0.41259115918748585,-0.1304207398670379
-0.042707482920796534,-0.09342628304055248,0.21397072835385714,-0.719566691808196,0.029116982377705682,-0.7603963483581114,-0.0039471813571556585,0.22185350240045285,-0.25442293885793915,-0.3253097309288688,-0.9578066280713823,-0.1970398540113138,-0.40280740412755617,-0.8424921157779366,0.26046152358910624,0.34860375276393646,0.28580031242969045,-0.24351050936375926,0.39721396666352055,0.6082143458118457,0.07545439836478406,0.7116869830082502,-0.2699660826333923,-0.16728259966789685,-0.059631806409655604,0.2464314555597691,-0.0859329040717715,0.06507483850082187,-0.2228815098196554
-0.05147299342463473,-0.0451626122869948,-0.01363360166275077,0.6578052731164155,0.47438115565705363,0.7016862585759251,-0.2592092871203551,-0.12398672028670421,0.2842936349133086,0.19982326289543745,1.1167210758371142,0.1297715943340442,0.20321945558514312,0.39174228938636313,-0.5896558475007896,-0.49508068904945324,0.03327211662673059,0.21911052347736507,-0.4001816071176999,-0.438489687215197,0.31365986413010083,-0.2699660826333923,0.34295581177907336,0.25008155790748193,-0.21577333301573196,0.09040435750739537,0.008927788266709685,-0.24886173883532778,0.06901292942837002
-0.20531445392825814,0.0896144446919385,-0.8722814213204174,0.7685783255673188,0.5749897017591827,1.795072618122841,0.07667844178670279,0.07287397980759179,0.12369949877933552,0.449122972468844,2.520370432376257,0.44445255857925003,0.5988579806944649,-0.7560861549980558,-0.9359307659741193,-0.5244474828348754,-0.1347662509836121,0.06635998750720437,-0.8788814105824023,-0.3845615656618977,0.6659296012929687,-0.16728259966789685,0.25008155790748193,1.3556541724320992,-1.1507992498833008,1.1597814732985878,1.0540769512090031,-0.8702683363820483,0.3292986501674608
0.1280146039400111,-0.07536877048663906,1.0396268353913338,-0.6079429483950505,-0.9053087109093721,-1.5734442514150715,-0.06733719195222809,-0.24696352414648706,-0.11366191963743334,-0.39744307468921836,-2.49670586101059,-0.5019597779640735,-0.7304730363852822,1.0957931929266536,1.0853152040059093,0.24898813055379085,0.04027849250190317,0.17839407981709426,0.6956628353924531,-0.010710640356154245,-0.7086779198159515,-0.059631806409655604,-0.21577333301573196,-1.1507992498833008,1.4247598554179297,-1.2609185074535816,-1.1269236248172234,0.9168107712007106,-0.2685400630463382
-5.901357864830665e-4,0.18905379570280054,-1.1640965299502768,-0.02423781687906864,0.651306856474119,1.7936624091437081,0.05168726452811732,0.35676835067485635,0.009515276972999693,0.38844236995654907,2.510744100240243,0.36662805054394665,0.722120364721152,-2.3296693238429333,-1.145988737605759,0.1575322774462244,0.10804411095582443,-0.34406849608888856,-0.629608229457764,0.6449647016138466,0.35923701657358786,0.2464314555597691,0.09040435750739537,1.1597814732985878,-1.2609185074535816,2.1646687483163194,1.2947177209246883,-1.0237866554451944,0.7373045557982183
0.015651496726292388,0.17259370491087278,-1.2276937447363896,0.05696601152693231,0.36439477620731714,1.3714069641520215,0.4444056533822284,0.15364136306360388,-0.06458686116610998,0.38534553783510084,1.9336228388855838,0.5046557310410574,0.9404461098635614,-1.399665044245126,-0.7567540757162893,0.2013280776999725,-0.23714749488159506,-0.29843575704027764,-0.534107205049724,0.33704524652831314,0.19255158435277883,-0.0859329040717715,0.008927788266709685,1.0540769512090031,-1.1269236248172234,1.2947177209246883,1.3394331011813807,-0.8694411902359915,0.488519288016272
0.0354498564854576,0.030881484914551522,0.6449445241648252,-0.20238427209948115,-0.7820970185052775,-1.2045963648503444,-0.12422307955601115,0.0597925028202291,-0.13764813076358914,-0.2574851854967895,-1.8585792857664214,-0.40514115549729235,-0.8053939844325435,0.9315832040461424,1.0563442900711424,0.18464472960147374,-0.005571803737538572,0.04823308483719155,0.5729418049828202,-0.10336996917109204,-0.41259115918748585,0.06507483850082187,-0.24886173883532778,-0.8702683363820483,0.9168107712007106,-1.0237866554451944,-0.8694411902359915,0.9075903532193895,-0.3029609474426352
0.10558245439572489,0.12339548934556224,-0.4971103943500456,0.07338741660318396,0.019560197189095366,0.8678066021920019,0.03694089552393184,0.0701329154567633,0.03868665425742649,0.3083482550208107,1.0968429174952492,0.13963765511431367,0.40652693242286353,-0.6207414512084485,-0.3760532752386411,0.07747282523055343,-0.08278140287141325,-0.09169748098907865,-0.2890366589792978,0.16559984880658205,-0.1304207398670379,-0.2228815098196554,0.06901292942837002,0.3292986501674608,-0.2685400630463382,0.7373045557982183,0.488519288016272,-0.3029609474426352,0.5147071293859848
