V1,V2,V3,V4,V5,V6,V7,V8,V9,V10,V11,V12,V13,V14,V15,V16,V17,V18,V19,V20,V21,V22,V23,V24,V25,V26,V27,V28,V29
6.854855527855575,-27.309532278302935,8.970699380928533,-0.9989514980776284,1.8246485447958234,-16.147957531148844,-5.340465385449613,1.3720706587514413,-13.020402121866143,-1.1186760590294162,-13.691063959550847,8.616334230580415,-1.5132550227910606,6.638353547843722,10.33948794505341,23.190763724209365,-7.607464147864098,-17.715597757358537,-16.74742106245236,15.547802679584866,3.362951349266942,4.275093492153554,8.35015503247757,22.46408769591835,10.998630359437692,-5.290518977212793,1.88731967760267,8.552075449873353,3.1327992472388733
-27.309532278302935,115.49189663339631,-36.50194157035122,4.256390190736626,-7.913047934494366,65.41636881338701,24.037432111840516,-3.17476832460507,53.13559112136917,3.629525332313654,57.58585025514828,-36.10434858840621,5.630396174522297,-27.897219907564505,-41.95607189490473,-97.42216281592704,31.899624018724623,73.50989172880493,68.1267749467026,-66.6795963441359,-15.229269915778115,-14.699123693620884,-35.062182766769,-95.40880270404188,-45.944219362779236,24.155222799215846,-9.652663739866066,-33.73909614194267,-11.57198305252409
8.970699380928533,-36.50194157035122,12.577394720926062,-1.4346872546679714,2.2663494789558145,-21.043801183537436,-7.452094837434894,1.2534986011964941,-16.770689103188978,-1.6925322640523879,-18.080460644495588,11.199898562951242,-1.6229281824158333,9.043713654403426,13.77218929422564,31.03402868388665,-10.424705359356627,-23.53120613782593,-22.355212550193688,21.093521258269437,4.635277793405038,5.0710700207308195,11.5990620671902,30.69585944830036,14.223567259662998,-7.219022247677357,2.452942174856103,11.176109964665496,3.7141840134113435
-0.9989514980776284,4.256390190736626,-1.4346872546679714,0.2060343446404808,-0.315927627402563,2.4393972106081647,0.8854250898711894,-0.1450147554400492,1.8841334768563927,0.20371816304881568,2.082509107822908,-1.3310293948255565,0.19464765726862493,-1.0519256866589661,-1.6387000347551173,-3.564499237308542,1.2149672927994728,2.6631130789290314,2.572640601595188,-2.4603564472489174,-0.5977209918748972,-0.667988437158905,-1.3385583966103012,-3.531055519263801,-1.6778584005924162,0.847711697220523,-0.30581795390369826,-1.2255730971868568,-0.4346296351885971
1.8246485447958234,-7.913047934494366,2.2663494789558145,-0.315927627402563,0.7679369300448186,-4.52360770110249,-1.5197135110816842,0.4144512930355839,-3.5765674684497735,-0.16567034459145674,-3.865987572712403,2.5283331721321747,-0.5287507890410709,1.813354018820175,2.939236922772723,6.493352604408487,-2.2151069015065032,-4.786942529160494,-4.664068667869553,4.493307362615681,1.1243388179679414,1.3660234617894769,2.2842372964835147,6.195733710475408,3.2852631070717733,-1.5879106669379268,0.6498821140472862,2.2376327325322105,0.9326613157035352
-16.147957531148844,65.41636881338701,-21.043801183537436,2.4393972106081647,-4.52360770110249,38.47874294004934,12.945740756686964,-3.0876556028434483,31.027348395253647,2.472991244030331,32.77712863342351,-20.78916779202313,3.659368516825477,-15.830118910142088,-24.585425511475666,-55.390468270232915,18.108768792237253,42.21426316728195,39.662263538965135,-37.30634636329272,-8.261567295067557,-10.119118939559456,-19.80201285511478,-53.58488853168472,-26.462282516871095,12.89802508648242,-4.8076424806232945,-20.0964928328081,-7.446395718375497
-5.340465385449613,24.037432111840516,-7.452094837434894,0.8854250898711894,-1.5197135110816842,12.945740756686964,5.463429319757444,0.08986299916492826,10.689929028923817,0.5928592562269728,12.019754001736988,-7.393812956675672,0.879689790030152,-5.862768553383141,-8.320788361614756,-20.273723683009234,6.494844972231456,15.159614778796254,13.572415977002672,-14.108052893563709,-3.3458106301502486,-2.022042754064234,-7.293214441455555,-20.22863734879277,-9.351850137692058,5.491291138861727,-2.443298376234982,-6.507258374408235,-1.8851859475618646
1.3720706587514413,-3.17476832460507,1.2534986011964941,-0.1450147554400492,0.4144512930355839,-3.0876556028434483,0.08986299916492826,1.4517794195540066,-2.210280993829196,-0.41970198145990895,-1.6160535375160572,1.2712847630479127,-0.6617706771978584,0.7004359477306326,1.9386177829965747,2.712263479160479,-1.0236549327920665,-2.321110039750137,-2.9391201262851165,1.3709134528358797,0.11039330357541659,2.3115483875770058,0.9149828161185429,1.9730674555359178,1.711401827161752,0.1440228423573085,-0.44158694876407695,1.8178967699714839,1.2553425667977087
-13.020402121866143,53.13559112136917,-16.770689103188978,1.8841334768563927,-3.5765674684497735,31.027348395253647,10.689929028923817,-2.210280993829196,25.33343576419937,1.7889826441201353,26.800285122394996,-16.912372914263297,2.925605404705123,-12.833674314448666,-19.636755927154873,-45.063731269474104,14.469943230131383,34.38054325480604,31.819621100920795,-30.326076804877175,-6.691642117506047,-7.612446994084361,-15.89661694958311,-43.57487432761316,-21.540272639756015,10.749193503490277,-4.24354381308146,-16.17390237490319,-5.86093141408
-1.1186760590294162,3.629525332313654,-1.6925322640523879,0.20371816304881568,-0.16567034459145674,2.472991244030331,0.5928592562269728,-0.41970198145990895,1.7889826441201353,0.5184941068073301,1.800435892391572,-1.1048041322749103,0.19842168990223075,-1.0211206414836034,-1.7888716028530085,-3.1843591545738854,1.1091511911281657,2.5321975872981004,2.707988940014434,-1.9977846673131172,-0.3648183406178033,-1.010626559291085,-1.3096355146780965,-3.203717654709872,-1.3772006046151204,0.406598601821843,0.04377900020027934,-1.417451113768945,-0.5020319450605987
-13.691063959550847,57.58585025514828,-18.080460644495588,2.082509107822908,-3.865987572712403,32.77712863342351,12.019754001736988,-1.6160535375160572,26.800285122394996,1.800435892391572,28.931162455948012,-18.10418965240076,2.8548759158794126,-13.94731610340969,-20.9202148038452,-48.693323504587674,15.664069594984863,36.858833037208456,33.90632850757652,-33.13514872111699,-7.518435600265768,-7.263748510944311,-17.30825329936723,-47.573049745941,-23.05384692119989,12.07832933984429,-4.974132528305639,-16.894832559994757,-5.766266920949882
8.616334230580415,-36.10434858840621,11.199898562951242,-1.3310293948255565,2.5283331721321747,-20.78916779202313,-7.393812956675672,1.2712847630479127,-16.912372914263297,-1.1048041322749103,-18.10418965240076,11.531338207363703,-1.936569263083635,8.686538303476327,13.196061052909299,30.46409424512137,-9.851939151732648,-23.130658333619316,-21.296060240798294,20.734735801382183,4.723817735799211,4.988382790035846,10.794144206640635,29.55772538281083,14.606603160615725,-7.459464058802325,3.0353078633938537,10.652555392148916,3.8769023081244196
-1.5132550227910606,5.630396174522297,-1.6229281824158333,0.19464765726862493,-0.5287507890410709,3.659368516825477,0.879689790030152,-0.6617706771978584,2.925605404705123,0.19842168990223075,2.8548759158794126,-1.936569263083635,0.5499498002373415,-1.2830070959015505,-2.272319939690135,-4.712814566934746,1.523573591031611,3.6632701790165254,3.5728381905710846,-3.0479289426244596,-0.6571677411174807,-1.422752036172902,-1.546104287042636,-4.2493812324003235,-2.4984843499352922,0.9277907563166082,-0.32401238912476166,-1.909365715818717,-0.9403403076700988
6.638353547843722,-27.897219907564505,9.043713654403426,-1.0519256866589661,1.813354018820175,-15.830118910142088,-5.862768553383141,0.7004359477306326,-12.833674314448666,-1.0211206414836034,-13.94731610340969,8.686538303476327,-1.2830070959015505,6.853506968538828,10.234044599210103,23.640600697638554,-7.689146929773413,-17.86916180349478,-16.537280224966914,16.1259262637637,3.656150303820034,3.4698070026387002,8.547707909957564,23.274099229591453,11.032064551738836,-5.805191589760992,2.315335295324712,8.204154423165782,2.6929805295334655
10.33948794505341,-41.95607189490473,13.77218929422564,-1.6387000347551173,2.939236922772723,-24.585425511475666,-8.320788361614756,1.9386177829965747,-19.636755927154873,-1.7888716028530085,-20.9202148038452,13.196061052909299,-2.272319939690135,10.234044599210103,15.983031710581573,35.46447934848825,-11.70748976847851,-26.91808353280326,-25.611347515676403,23.94056321367518,5.368757903544166,6.575736555264711,12.850384028707238,34.548105353386255,16.832065454665702,-8.172901999468918,2.9862843416089215,12.830980411979425,4.645925202688886
23.190763724209365,-97.42216281592704,31.03402868388665,-3.564499237308542,6.493352604408487,-55.390468270232915,-20.273723683009234,2.712263479160479,-45.063731269474104,-3.1843591545738854,-48.693323504587674,30.46409424512137,-4.712814566934746,23.640600697638554,35.46447934848825,82.41190524281205,-26.868922973817007,-62.32894154211655,-57.62843497504338,56.22605850676386,12.712751045378978,12.347366895597062,29.624004851753547,80.69418755607835,38.739156742468865,-20.320646196814746,8.077267516548131,28.70815587521284,9.761453509614537
-7.607464147864098,31.899624018724623,-10.424705359356627,1.2149672927994728,-2.2151069015065032,18.108768792237253,6.494844972231456,-1.0236549327920665,14.469943230131383,1.1091511911281657,15.664069594984863,-9.851939151732648,1.523573591031611,-7.689146929773413,-11.70748976847851,-26.868922973817007,9.161456945674042,20.220555143985163,19.137758105887773,-18.505437139755415,-4.191464910507737,-4.349691479931982,-9.96263574367118,-26.383547043792177,-12.52303463926122,6.49669506595982,-2.2999128198327825,-9.472443308512783,-3.3252819128670423
-17.715597757358537,73.50989172880493,-23.53120613782593,2.6631130789290314,-4.786942529160494,42.21426316728195,15.159614778796254,-2.321110039750137,34.38054325480604,2.5321975872981004,36.858833037208456,-23.130658333619316,3.6632701790165254,-17.86916180349478,-26.91808353280326,-62.32894154211655,20.220555143985163,47.39988280536957,43.72186463297132,-42.33151075734617,-9.434748388573526,-9.643445855629277,-22.35428880852124,-60.887521921037944,-29.32037123857961,15.151534870149115,-5.952092960398808,-21.97671899635344,-7.6014017749236675
-16.74742106245236,68.1267749467026,-22.355212550193688,2.572640601595188,-4.664068667869553,39.662263538965135,13.572415977002672,-2.9391201262851165,31.819621100920795,2.707988940014434,33.90632850757652,-21.296060240798294,3.5728381905710846,-16.537280224966914,-25.611347515676403,-57.62843497504338,19.137758105887773,43.72186463297132,41.46671730423676,-39.01518452294898,-8.656586134208629,-10.210556548080714,-20.96971202166852,-56.188062500001,-27.17968188831516,13.43784901857616,-4.829709994865748,-20.834417700647354,-7.46942171131082
15.547802679584866,-66.6795963441359,21.093521258269437,-2.4603564472489174,4.493307362615681,-37.30634636329272,-14.108052893563709,1.3709134528358797,-30.326076804877175,-1.9977846673131172,-33.13514872111699,20.734735801382183,-3.0479289426244596,16.1259262637637,23.94056321367518,56.22605850676386,-18.505437139755415,-42.33151075734617,-39.01518452294898,38.739246776613314,8.902288822490469,7.869593658475192,20.380258380849593,55.33815786801061,26.30412022638561,-14.19044729918723,5.698470951073436,19.19725842892489,6.401578505603205
3.362951349266942,-15.229269915778115,4.635277793405038,-0.5977209918748972,1.1243388179679414,-8.261567295067557,-3.3458106301502486,0.11039330357541659,-6.691642117506047,-0.3648183406178033,-7.518435600265768,4.723817735799211,-0.6571677411174807,3.656150303820034,5.368757903544166,12.712751045378978,-4.191464910507737,-9.434748388573526,-8.656586134208629,8.902288822490469,2.182652971693734,1.6149740199263636,4.593447944680238,12.596076174065663,5.995468450719327,-3.385589863564859,1.4726992137889854,4.0962621277034765,1.3203402288466792
4.275093492153554,-14.699123693620884,5.0710700207308195,-0.667988437158905,1.3660234617894769,-10.119118939559456,-2.022042754064234,2.3115483875770058,-7.612446994084361,-1.010626559291085,-7.263748510944311,4.988382790035846,-1.422752036172902,3.4698070026387002,6.575736555264711,12.347366895597062,-4.349691479931982,-9.643445855629277,-10.210556548080714,7.869593658475192,1.6149740199263636,4.751659815393091,4.460210302646387,11.22409989228862,6.417654270220609,-1.8956751553524263,0.17529878012443975,5.435828427956642,2.7942942517761375
8.35015503247757,-35.062182766769,11.5990620671902,-1.3385583966103012,2.2842372964835147,-19.80201285511478,-7.293214441455555,0.9149828161185429,-15.89661694958311,-1.3096355146780965,-17.30825329936723,10.794144206640635,-1.546104287042636,8.547707909957564,12.850384028707238,29.624004851753547,-9.96263574367118,-22.35428880852124,-20.96971202166852,20.380258380849593,4.593447944680238,4.460210302646387,11.01427001008164,29.301808801343366,13.673983658510931,-7.211776021798677,2.628991016482741,10.35060880765184,3.4673707169013217
22.46408769591835,-95.40880270404188,30.69585944830036,-3.531055519263801,6.195733710475408,-53.58488853168472,-20.22863734879277,1.9730674555359178,-43.57487432761316,-3.203717654709872,-47.573049745941,29.55772538281083,-4.2493812324003235,23.274099229591453,34.548105353386255,80.69418755607835,-26.383547043792177,-60.887521921037944,-56.188062500001,55.33815786801061,12.596076174065663,11.22409989228862,29.301808801343366,79.64903504744726,37.523572422420976,-20.152115617772143,8.055543936039907,27.727495252347868,9.01686971770063
10.998630359437692,-45.944219362779236,14.223567259662998,-1.6778584005924162,3.2852631070717733,-26.462282516871095,-9.351850137692058,1.711401827161752,-21.540272639756015,-1.3772006046151204,-23.05384692119989,14.606603160615725,-2.4984843499352922,11.032064551738836,16.832065454665702,38.739156742468865,-12.52303463926122,-29.32037123857961,-27.17968188831516,26.30412022638561,5.995468450719327,6.417654270220609,13.673983658510931,37.523572422420976,18.6448150174018,-9.459839791453296,3.85785389858993,13.592770210324993,4.922889635095632
-5.290518977212793,24.155222799215846,-7.219022247677357,0.847711697220523,-1.5879106669379268,12.89802508648242,5.491291138861727,0.1440228423573085,10.749193503490277,0.406598601821843,12.07832933984429,-7.459464058802325,0.9277907563166082,-5.805191589760992,-8.172901999468918,-20.320646196814746,6.49669506595982,15.151534870149115,13.43784901857616,-14.19044729918723,-3.385589863564859,-1.8956751553524263,-7.211776021798677,-20.152115617772143,-9.459839791453296,5.6335901915648385,-2.567972379332638,-6.45288620021004,-1.9063559262289216
1.88731967760267,-9.652663739866066,2.452942174856103,-0.30581795390369826,0.6498821140472862,-4.8076424806232945,-2.443298376234982,-0.44158694876407695,-4.24354381308146,0.04377900020027934,-4.974132528305639,3.0353078633938537,-0.32401238912476166,2.315335295324712,2.9862843416089215,8.077267516548131,-2.2999128198327825,-5.952092960398808,-4.829709994865748,5.698470951073436,1.4726992137889854,0.17529878012443975,2.628991016482741,8.055543936039907,3.85785389858993,-2.567972379332638,1.4930846100058535,2.2068802417924993,0.4808637127351414
8.552075449873353,-33.73909614194267,11.176109964665496,-1.2255730971868568,2.2376327325322105,-20.0964928328081,-6.507258374408235,1.8178967699714839,-16.17390237490319,-1.417451113768945,-16.894832559994757,10.652555392148916,-1.909365715818717,8.204154423165782,12.830980411979425,28.70815587521284,-9.472443308512783,-21.97671899635344,-20.834417700647354,19.19725842892489,4.0962621277034765,5.435828427956642,10.35060880765184,27.727495252347868,13.592770210324993,-6.45288620021004,2.2068802417924993,10.727035013679748,3.970778555071083
3.1327992472388733,-11.57198305252409,3.7141840134113435,-0.4346296351885971,0.9326613157035352,-7.446395718375497,-1.8851859475618646,1.2553425667977087,-5.86093141408,-0.5020319450605987,-5.766266920949882,3.8769023081244196,-0.9403403076700988,2.6929805295334655,4.645925202688886,9.761453509614537,-3.3252819128670423,-7.6014017749236675,-7.46942171131082,6.401578505603205,1.3203402288466792,2.7942942517761375,3.4673707169013217,9.01686971770063,4.922889635095632,-1.9063559262289216,0.4808637127351414,3.970778555071083,1.895392214856447
