V1,V2,V3,V4,V5,V6,V7,V8,V9,V10,V11,V12,V13,V14,V15,V16,V17,V18,V19,V20,V21,V22,V23,V24,V25,V26,V27,V28,V29
0.12638592550883285,0.022891066030729663,-0.04131898281842464,-0.27867481829890417,-0.09904950392305194,-0.19947238777189844,0.06672516155577007,-0.01958421416136342,-0.042960456582455404,-0.003495353930091314,-0.3088903345038693,-0.003091588909775924,0.08318320716191964,-0.07943578632844128,0.06875504561921679,0.26406078616852763,-0.026582266655108006,-0.10276987414347893,0.15636658729456673,0.25953970827040934,-0.26461847778121333,-0.045532062099114215,-0.05276679628629792,-0.22040876675388277,0.1405982809805036,-0.017462296760321124,-2.2478846526585583e-4,0.05336706181860106,0.10442221552612799
0.022891066030729663,0.34912357703827884,-0.4954576918116623,0.08501386718804291,-0.1689947175099374,0.2540837844647407,0.14035634539948674,0.1326046002142831,0.0993507571066318,-0.006244570299640257,0.10359965801197824,0.11231604269322157,0.2338782302190012,-0.28896772982377616,0.017967283934961813,0.29291764112814134,-0.18423085271201148,-0.10842185038934433,0.012227046960717278,0.05205430050311403,-0.11594203539405659,-0.11376729390575023,-0.026779232036095092,0.07885143766958533,-0.05296782481567098,0.1630626005349122,0.14475980200791969,0.03426831917036034,0.11624823412597826
-0.04131898281842464,-0.4954576918116623,1.5538283520863714,-0.3574997928843823,-0.22523657694445132,-1.4289304528894413,-0.4359723356205896,-0.3087523655510597,-0.12708132811973968,-0.34905519546790026,-1.865196945459322,-0.5302884266785619,-1.0381547124591435,1.1862421127792273,0.6631129866401275,-0.3974380245030381,0.41586561915973264,0.34462612507393375,0.45197265276249543,-0.21604557607243077,-0.09935578685043715,0.2503121352263401,-0.048997652486158304,-0.8586928014637626,1.0076441814551276,-1.0844245361111045,-1.169302868266826,0.6318081879132557,-0.4685454182324693
-0.27867481829890417,0.08501386718804291,-0.3574997928843823,2.3304438612191367,0.6345414910866601,2.059083441766709,-0.581570419623203,0.028399751718887416,0.6421243223306669,0.6627934151126824,3.1492630956385486,0.3077210734010853,0.27849655083087593,1.2302648093981696,-0.9531093196798509,-1.3234778850371844,-0.1530720463551411,0.5220190915486779,-1.1244849847805063,-1.5351402323305385,0.8736669305043493,-0.7442498111648497,0.6722817032797709,0.7945459403217675,-0.6462729342211929,0.02466245936254469,0.09882055089600157,-0.23476282957804037,0.10251186324096172
-0.09904950392305194,-0.1689947175099374,-0.22523657694445132,0.6345414910866601,1.3755588766764137,1.0245746654137042,-0.3532207832471885,-0.05245860326472685,0.34967356667343524,0.18027230429509913,1.9051175826271884,0.3479777466859764,0.48299631367223217,-0.30292792318868633,-1.325073791842483,-0.576932127140821,0.27519252319553655,0.0712463189788268,-0.534348511329487,-0.12663132974066166,0.7955430463413107,0.058220840967764885,0.47308923900248806,0.5964967471454965,-0.9479348113455235,0.6839527178004156,0.37523594022667006,-0.7830952967597935,0.010567248970673486
-0.19947238777189844,0.2540837844647407,-1.4289304528894413,2.059083441766709,1.0245746654137042,3.613117654657511,-0.28907130069576153,0.14480743632522375,0.6077664271661869,1.0255205181294915,5.146200629261912,0.678558471661813,1.1823797994720764,-0.6571642596027018,-1.8840353332743003,-1.1076136169669168,-0.22595903669512427,0.26004359803283583,-1.672376089775591,-0.9659449964547148,0.9403497806845289,-0.7910456840312473,0.7318387723320665,1.8219267399378383,-1.5795351823989987,1.7927073509173026,1.360122000858672,-1.211116376567282,0.872754898827824
0.06672516155577007,0.14035634539948674,-0.4359723356205896,-0.581570419623203,-0.3532207832471885,-0.28907130069576153,0.6406645221429789,-0.023685288573557912,-0.18341283092026212,-0.12853426529858014,-0.5501431947926236,0.14354024558871928,0.4970358467270819,-0.5255491402182807,0.27185827757769715,0.5748918335836253,-0.2893108551287142,-0.22638785323995245,0.17605407934100553,0.3591264846982459,-0.33334710481845053,-0.016673204002356754,-0.25949275090359436,0.07561118609011819,-0.045781774972565,-0.010185976904486867,0.4248287998481069,-0.10940879354628207,0.011393067163643482
-0.01958421416136342,0.1326046002142831,-0.3087523655510597,0.028399751718887416,-0.05245860326472685,0.14480743632522375,-0.023685288573557912,0.3472956143389293,-0.04897706244618224,0.013259228401218463,0.2430663014510628,-0.05601120181932533,-0.06073212723520085,-0.5289540370116425,0.08792641034397261,0.17205188977288258,5.614888217220942e-4,-0.18484856289885992,0.03345320414587452,0.1861338331561605,0.07915681340218059,0.21671652110580525,-0.1061640320488694,0.04730959514979532,-0.23331615587766474,0.3431799752592612,0.1289269274776481,0.053959272000449844,0.06742377107646855
-0.042960456582455404,0.0993507571066318,-0.12708132811973968,0.6421243223306669,0.34967356667343524,0.6077664271661869,-0.18341283092026212,-0.04897706244618224,0.34157928132340504,0.11677285129958677,0.9212598298429789,0.12375063189205075,0.3017989572664863,0.2505965473421723,-0.4906141223480192,-0.29091706347026103,-0.017627964637246724,0.1617392817881999,-0.30251389794034006,-0.3738467851280686,0.21469089403549454,-0.25768845826106296,0.28805305046564955,0.1283110374736235,-0.1217470226935196,0.02412350020076105,-0.06329365296331002,-0.13330488739931098,0.04346186951823182
-0.003495353930091314,-0.006244570299640257,-0.34905519546790026,0.6627934151126824,0.18027230429509913,1.0255205181294915,-0.12853426529858014,0.013259228401218463,0.11677285129958677,0.4587225677534504,1.5271654059599178,0.18072346314238133,0.26754975427880795,0.11944732156707359,-0.45408672117416105,-0.3612546802040416,-0.10630880892099129,0.08428669800763358,-0.4924690511906647,-0.3435052644193231,0.14712753014663613,-0.3394871272862969,0.20421973636940766,0.4495858799385608,-0.398235678789825,0.3842852101636627,0.38771601198105726,-0.25565750114016217,0.31633261000515994
-0.3088903345038693,0.10359965801197824,-1.865196945459322,3.1492630956385486,1.9051175826271884,5.146200629261912,-0.5501431947926236,0.2430663014510628,0.9212598298429789,1.5271654059599178,7.924691439622197,0.9575304202891974,1.8125381858621272,-0.9230162924519902,-2.972957258042668,-1.787145691035098,-0.183914274913778,0.3932344085861918,-2.5044585935932737,-1.4140966227385454,1.6089843399900243,-0.9819937613017726,1.15033303757275,2.5494447641541003,-2.529442591973917,2.518312890927503,1.925715069103283,-1.8644270612076321,1.1040721227196266
-0.003091588909775924,0.11231604269322157,-0.5302884266785619,0.3077210734010853,0.3479777466859764,0.678558471661813,0.14354024558871928,-0.05601120181932533,0.12375063189205075,0.18072346314238133,0.9575304202891974,0.36039636065643027,0.5146183161527823,-0.22171009584761422,-0.5234385402583547,-0.006321423882478592,-0.12803157174580385,-0.05223516569148102,-0.2891398006394795,-0.05161345313522783,0.1475621343545785,-0.2037812737982934,0.1346604682252349,0.45617528462396223,-0.50466382638334,0.34372535182842817,0.4962992329613157,-0.39688256275315636,0.12520087945420805
0.08318320716191964,0.2338782302190012,-1.0381547124591435,0.27849655083087593,0.48299631367223217,1.1823797994720764,0.4970358467270819,-0.06073212723520085,0.3017989572664863,0.26754975427880795,1.8125381858621272,0.5146183161527823,1.4872693653566322,-0.8645203152480258,-0.9418037565255317,0.24068604735987126,-0.3283918928390882,-0.13718834904511784,-0.4965441280934611,0.10293241585621275,0.011355804941205873,-0.4177282291132326,0.20820623733129864,0.594255860892498,-0.7139907236272859,0.6525882402656582,0.9007189943390954,-0.7619838360955108,0.37582771683680355
-0.07943578632844128,-0.28896772982377616,1.1862421127792273,1.2302648093981696,-0.30292792318868633,-0.6571642596027018,-0.5255491402182807,-0.5289540370116425,0.2505965473421723,0.11944732156707359,-0.9230162924519902,-0.22171009584761422,-0.8645203152480258,3.629653026044769,0.6459315919768308,-1.1315768417077299,-0.1915891885698909,0.7392344565463866,-0.011957941231542474,-1.6065370248838202,0.035835684380513023,-0.8675824962031294,0.3656904383665741,-0.7208637258709722,1.042170742321727,-2.2481966674025933,-1.2841929631565672,0.8911563720658459,-0.5644629710976883
0.06875504561921679,0.017967283934961813,0.6631129866401275,-0.9531093196798509,-1.325073791842483,-1.8840353332743003,0.27185827757769715,0.08792641034397261,-0.4906141223480192,-0.45408672117416105,-2.972957258042668,-0.5234385402583547,-0.9418037565255317,0.6459315919768308,1.7205124709720179,0.5772994222988692,-0.12737433991291774,-0.0938052242052262,0.8953629089675547,0.22927293949464786,-0.6991512572184951,0.24612747243100808,-0.5936368169306765,-0.9589371433828567,1.1091540000168558,-1.15885948502248,-0.7462890847555943,1.038302140637457,-0.3647657095279941
0.26406078616852763,0.29291764112814134,-0.3974380245030381,-1.3234778850371844,-0.576932127140821,-1.1076136169669168,0.5748918335836253,0.17205188977288258,-0.29091706347026103,-0.3612546802040416,-1.787145691035098,-0.006321423882478592,0.24068604735987126,-1.1315768417077299,0.5772994222988692,1.3597899461488794,-0.12818702254655595,-0.5626663805600279,0.7723324948258092,1.1545910275265234,-0.8036822289170986,0.3443068799606736,-0.48708350003660955,-0.5702120621623855,0.30123632845946385,0.0778842969555695,0.12943915489469382,0.2288989270492092,0.04531816933279246
-0.026582266655108006,-0.18423085271201148,0.41586561915973264,-0.1530720463551411,0.27519252319553655,-0.22595903669512427,-0.2893108551287142,5.614888217220942e-4,-0.017627964637246724,-0.10630880892099129,-0.183914274913778,-0.12803157174580385,-0.3283918928390882,-0.1915891885698909,-0.12737433991291774,-0.12818702254655595,0.3388803073907122,0.017909724937550102,0.09075623611307884,0.17991669518283213,0.1617024481010717,0.31310725311433957,0.02521888996758335,-0.13324548285277202,0.026374525241391063,0.1419315085372382,-0.23307501012430254,-0.006793909500079481,-0.07903321490508085
-0.10276987414347893,-0.10842185038934433,0.34462612507393375,0.5220190915486779,0.0712463189788268,0.26004359803283583,-0.22638785323995245,-0.18484856289885992,0.1617392817881999,0.08428669800763358,0.3932344085861918,-0.05223516569148102,-0.13718834904511784,0.7392344565463866,-0.0938052242052262,-0.5626663805600279,0.017909724937550102,0.3429887686994107,-0.26378811053516277,-0.6011714611128391,0.2161349818953756,-0.24369873808619782,0.21150253602273053,0.0900432652099766,0.15787744644533103,-0.3047465149368377,-0.26252284412785354,0.03240512121885688,-0.07408564361352714
0.15636658729456673,0.012227046960717278,0.45197265276249543,-1.1244849847805063,-0.534348511329487,-1.672376089775591,0.17605407934100553,0.03345320414587452,-0.30251389794034006,-0.4924690511906647,-2.5044585935932737,-0.2891398006394795,-0.4965441280934611,-0.011957941231542474,0.8953629089675547,0.7723324948258092,0.09075623611307884,-0.26378811053516277,0.887998616457242,0.6989931567390683,-0.5668930012754886,0.4066812706973469,-0.4060452384513373,-0.9054284814802924,0.713477579112104,-0.6447257428306519,-0.5509545715492595,0.58476866611786,-0.29571649513259946
0.25953970827040934,0.05205430050311403,-0.21604557607243077,-1.5351402323305385,-0.12663132974066166,-0.9659449964547148,0.3591264846982459,0.1861338331561605,-0.3738467851280686,-0.3435052644193231,-1.4140966227385454,-0.05161345313522783,0.10293241585621275,-1.6065370248838202,0.22927293949464786,1.1545910275265234,0.17991669518283213,-0.6011714611128391,0.6989931567390683,1.4371453222140356,-0.5541928923533882,0.6289107001236686,-0.4369404008165397,-0.4248777912034664,0.026678638225297317,0.5891249498323425,0.2683333962219443,-0.061923105815377105,0.13473082155963723
-0.26461847778121333,-0.11594203539405659,-0.09935578685043715,0.8736669305043493,0.7955430463413107,0.9403497806845289,-0.33334710481845053,0.07915681340218059,0.21469089403549454,0.14712753014663613,1.6089843399900243,0.1475621343545785,0.011355804941205873,0.035835684380513023,-0.6991512572184951,-0.8036822289170986,0.1617024481010717,0.2161349818953756,-0.5668930012754886,-0.5541928923533882,0.896977119595201,0.08900793874817274,0.32019296946891723,0.6985357231616839,-0.7507833398386576,0.40509271816692827,0.22534745494215405,-0.4504424041386004,-0.1270644605325054
-0.045532062099114215,-0.11376729390575023,0.2503121352263401,-0.7442498111648497,0.058220840967764885,-0.7910456840312473,-0.016673204002356754,0.21671652110580525,-0.25768845826106296,-0.3394871272862969,-0.9819937613017726,-0.2037812737982934,-0.4177282291132326,-0.8675824962031294,0.24612747243100808,0.3443068799606736,0.31310725311433957,-0.24369873808619782,0.4066812706973469,0.6289107001236686,0.08900793874817274,0.7421929884652335,-0.26998635606414395,-0.17638396826153607,-0.06186087528703228,0.2544458696944223,-0.10015058164628524,0.05664822081063536,-0.2366765817155668
-0.05276679628629792,-0.026779232036095092,-0.048997652486158304,0.6722817032797709,0.47308923900248806,0.7318387723320665,-0.25949275090359436,-0.1061640320488694,0.28805305046564955,0.20421973636940766,1.15033303757275,0.1346604682252349,0.20820623733129864,0.3656904383665741,-0.5936368169306765,-0.48708350003660955,0.02521888996758335,0.21150253602273053,-0.4060452384513373,-0.4369404008165397,0.32019296946891723,-0.26998635606414395,0.3425067280736237,0.26415411667309646,-0.23336097651661367,0.11593718919945215,0.02390792170461855,-0.25089112553970083,0.07816737505809944
-0.22040876675388277,0.07885143766958533,-0.8586928014637626,0.7945459403217675,0.5964967471454965,1.8219267399378383,0.07561118609011819,0.04730959514979532,0.1283110374736235,0.4495858799385608,2.5494447641541003,0.45617528462396223,0.594255860892498,-0.7208637258709722,-0.9589371433828567,-0.5702120621623855,-0.13324548285277202,0.0900432652099766,-0.9054284814802924,-0.4248777912034664,0.6985357231616839,-0.17638396826153607,0.26415411667309646,1.3978652028503997,-1.1642241031947715,1.154321543678859,1.0632760748219092,-0.8941441792130544,0.3145108874890304
0.1405982809805036,-0.05296782481567098,1.0076441814551276,-0.6462729342211929,-0.9479348113455235,-1.5795351823989987,-0.045781774972565,-0.23331615587766474,-0.1217470226935196,-0.398235678789825,-2.529442591973917,-0.50466382638334,-0.7139907236272859,1.042170742321727,1.1091540000168558,0.30123632845946385,0.026374525241391063,0.15787744644533103,0.713477579112104,0.026678638225297317,-0.7507833398386576,-0.06186087528703228,-0.23336097651661367,-1.1642241031947715,1.4412006028062487,-1.2383124886242955,-1.114148117623368,0.9275930775466645,-0.24411036777349795
-0.017462296760321124,0.1630626005349122,-1.0844245361111045,0.02466245936254469,0.6839527178004156,1.7927073509173026,-0.010185976904486867,0.3431799752592612,0.02412350020076105,0.3842852101636627,2.518312890927503,0.34372535182842817,0.6525882402656582,-2.2481966674025933,-1.15885948502248,0.0778842969555695,0.1419315085372382,-0.3047465149368377,-0.6447257428306519,0.5891249498323425,0.40509271816692827,0.2544458696944223,0.11593718919945215,1.154321543678859,-1.2383124886242955,2.1374240187745395,1.23292144653358,-1.010508457862932,0.7147262583639793
-2.2478846526585583e-4,0.14475980200791969,-1.169302868266826,0.09882055089600157,0.37523594022667006,1.360122000858672,0.4248287998481069,0.1289269274776481,-0.06329365296331002,0.38771601198105726,1.925715069103283,0.4962992329613157,0.9007189943390954,-1.2841929631565672,-0.7462890847555943,0.12943915489469382,-0.23307501012430254,-0.26252284412785354,-0.5509545715492595,0.2683333962219443,0.22534745494215405,-0.10015058164628524,0.02390792170461855,1.0632760748219092,-1.114148117623368,1.23292144653358,1.307854758827656,-0.8612113163668518,0.4591184539569827
0.05336706181860106,0.03426831917036034,0.6318081879132557,-0.23476282957804037,-0.7830952967597935,-1.211116376567282,-0.10940879354628207,0.053959272000449844,-0.13330488739931098,-0.25565750114016217,-1.8644270612076321,-0.39688256275315636,-0.7619838360955108,0.8911563720658459,1.038302140637457,0.2288989270492092,-0.006793909500079481,0.03240512121885688,0.58476866611786,-0.061923105815377105,-0.4504424041386004,0.05664822081063536,-0.25089112553970083,-0.8941441792130544,0.9275930775466645,-1.010508457862932,-0.8612113163668518,0.8991675758275057,-0.28281857243257147
0.10442221552612799,0.11624823412597826,-0.4685454182324693,0.10251186324096172,0.010567248970673486,0.872754898827824,0.011393067163643482,0.06742377107646855,0.04346186951823182,0.31633261000515994,1.1040721227196266,0.12520087945420805,0.37582771683680355,-0.5644629710976883,-0.3647657095279941,0.04531816933279246,-0.07903321490508085,-0.07408564361352714,-0.29571649513259946,0.13473082155963723,-0.1270644605325054,-0.2366765817155668,0.07816737505809944,0.3145108874890304,-0.24411036777349795,0.7147262583639793,0.4591184539569827,-0.28281857243257147,0.5162858816786143
