V1,V2,V3,V4,V5,V6,V7,V8,V9,V10,V11,V12,V13,V14,V15,V16,V17,V18,V19,V20,V21,V22,V23,V24,V25,V26,V27,V28,V29
10.52720398752407,-43.82917901398905,14.165653428587204,-1.6216694712361035,2.9264346156800096,-25.016114509500543,-9.019216998616407,1.3943003126866942,-20.24498157896654,-1.5453833161960235,-21.842283087650113,13.66360117479221,-2.1221331423611476,10.632186185683345,16.102879962195853,37.03300617204934,-12.195047955183513,-28.0292384338018,-26.1735934011921,25.27162019096742,5.677893657613093,5.80911583625001,13.473930023469007,36.34007888790905,17.39070161854252,-8.974182310625297,3.4351141414544677,13.01829127083116,4.4850598348342565
-43.82917901398905,185.06028156030368,-58.438668360835834,6.733886768723259,-12.534548008845771,104.83560371980153,38.53159908433384,-5.070653999482561,85.35162955816173,5.777808654867524,92.4000990420761,-57.923269975331294,9.00953470056075,-44.688727531110146,-67.10634320361955,-156.16476516900613,50.98782443006081,118.03072961187625,109.09572198907236,-106.85348370909679,-24.288890107104155,-23.338368559152077,-56.207383231584195,-153.00863744913124,-73.64878954102447,38.70841598886004,-15.520600928175462,-54.10559290039162,-18.556915042909125
14.165653428587204,-58.438668360835834,20.345456207447228,-2.3626046692571405,3.5451736939424072,-33.300353090612305,-12.201423877592598,1.5458541971412523,-26.466939391036032,-2.7151559448979725,-28.852858434223666,17.752226957236235,-2.3497174113961283,14.582674526427981,21.906380413605785,49.74181948071218,-16.791133217618516,-37.52629897322874,-35.59537732278602,33.96824012014392,7.55256907071567,7.571586196464894,18.70020725451502,49.45758075757018,22.540240615364198,-11.79601106221364,4.025831770948172,17.66570876617848,5.590223464916413
-1.6216694712361035,6.733886768723259,-2.3626046692571405,0.32504403658913594,-0.41748320999776933,3.9393169300867577,1.4451430254806716,-0.1736371066331747,3.084794883695801,0.3604601269889888,3.3684827917261786,-2.087549505450747,0.2859680312416933,-1.7374818911905452,-2.6063515643682216,-5.790993440329999,1.8881204963076406,4.3425192923525,4.094657875723693,-3.882623252980465,-0.9076346970526975,-0.9529358443088687,-2.0694075433569026,-5.665399092407094,-2.6503679456513036,1.3865026675925887,-0.5121838368135178,-2.04922465572079,-0.6255589342735358
2.9264346156800096,-12.534548008845771,3.5451736939424072,-0.41748320999776933,0.9866935825090919,-7.168262312723254,-2.538164699871119,0.45327251330239465,-5.929546011611118,-0.22210714996596595,-6.315784637704003,4.078489007274812,-0.7701044185168715,2.9407371745319093,4.467292726057307,10.505143569823884,-3.3221358433374846,-7.9467677453909085,-7.198058913571554,7.159298398262782,1.6710114443895592,1.7090899740704566,3.565485667039717,10.042760220730596,5.192557512783542,-2.6575041743491603,1.207653479136675,3.6033634299109587,1.381751762697076
-25.016114509500543,104.83560371980153,-33.300353090612305,3.9393169300867577,-7.168262312723254,60.07272236871697,21.66028238640159,-3.269886604218416,48.67024932785172,3.5088246668866816,52.401239440887906,-32.97472768523328,5.292440394157332,-25.45354580974898,-38.46133183481854,-88.69661424388015,28.91137350573495,67.06825074288221,62.17650739240398,-60.351885122852885,-13.734743619128734,-14.019669627526405,-31.659760634419463,-86.43886988664039,-41.910273646599954,21.73090295752654,-8.6187803171679,-31.053329512444687,-10.78583442743256
-9.019216998616407,38.53159908433384,-12.201423877592598,1.4451430254806716,-2.538164699871119,21.66028238640159,8.268646547997898,-0.7851206507976829,17.68165049732634,1.2068925791587273,19.331595850947814,-11.990357772780486,1.7307794090895532,-9.36567554004441,-13.91831166958451,-32.55488818351013,10.485797259190782,24.5194193050367,22.563757922370755,-22.25453231794102,-5.1342521642654795,-4.529883723219527,-11.658300126988344,-32.04188476686623,-15.282294582970165,8.250685819024177,-3.4234983424465657,-11.078254509183592,-3.6203204495053765
1.3943003126866942,-5.070653999482561,1.5458541971412523,-0.1736371066331747,0.45327251330239465,-3.269886604218416,-0.7851206507976829,0.713048299639453,-2.6273358871576686,-0.11686759387346214,-2.5748816657402878,1.7693791427544179,-0.4070495260164861,1.1399056584245366,1.9953651848830838,4.199737808556395,-1.3936882785005509,-3.2467801770133695,-3.241178732089486,2.7602236480181825,0.5594167479448283,1.3012108794521453,1.5219304927875674,3.8703371943795992,2.331603986215603,-0.7861763808668375,0.23145432000747237,1.6807070580954362,0.8923799794440597
-20.24498157896654,85.35162955816173,-26.466939391036032,3.084794883695801,-5.929546011611118,48.67024932785172,17.68165049732634,-2.6273358871576686,39.75053889038891,2.4926473592979264,42.8044305485847,-26.969488365357037,4.385974853001403,-20.517178521810738,-30.962233388124478,-71.99438892422192,23.25292862900875,54.46168067465808,50.18991700247609,-49.0649223637798,-11.196258235925578,-11.13713548760218,-25.538819894808046,-70.10915696595013,-34.34080738133385,17.862918598934186,-7.3487054105585505,-24.972016345092047,-8.79673350036525
-1.5453833161960235,5.777808654867524,-2.7151559448979725,0.3604601269889888,-0.22210714996596595,3.5088246668866816,1.2068925791587273,-0.11686759387346214,2.4926473592979264,0.827092656620186,2.80007241551834,-1.5974048778964827,0.1594345330602404,-1.7197222166665094,-2.6938009882850786,-5.114973942179227,1.7807996859526767,3.9076268829739984,4.0055846989069,-3.356216192759452,-0.7359004116749611,-0.9829665175415726,-2.0757919466275925,-5.352267041839658,-1.951391386197431,0.9265977722814033,-0.15173997144377213,-2.0005383578806852,-0.3975081466019676
-21.842283087650113,92.4000990420761,-28.852858434223666,3.3684827917261786,-6.315784637704003,52.401239440887906,19.331595850947814,-2.5748816657402878,42.8044305485847,2.80007241551834,46.36216348475063,-29.060744178147736,4.564219979210855,-22.28933481440026,-33.51056636118033,-77.90490363577823,25.118388329561565,58.88340557373044,54.27307063593826,-53.18427612594637,-12.170280071061937,-11.672986972805733,-27.79338070851928,-76.24234651373484,-37.030214572101386,19.408829450860527,-8.038684817185846,-26.838431163106222,-9.233030467137395
13.66360117479221,-57.923269975331294,17.752226957236235,-2.087549505450747,4.078489007274812,-32.97472768523328,-11.990357772780486,1.7693791427544179,-26.969488365357037,-1.5974048778964827,-29.060744178147736,18.457516577151964,-3.0220863690212156,13.93088948422625,20.922907940835188,48.81394164776473,-15.712020023117764,-36.94555336542595,-33.81787309449229,33.35199645295269,7.646609981185225,7.502200585447461,17.262248123560777,47.48065577587362,23.4393941780038,-12.152507988090917,5.1180989351490025,16.827748762043058,5.984958353716741
-2.1221331423611476,9.00953470056075,-2.3497174113961283,0.2859680312416933,-0.7701044185168715,5.292440394157332,1.7307794090895532,-0.4070495260164861,4.385974853001403,0.1594345330602404,4.564219979210855,-3.0220863690212156,0.7225747374950218,-2.0765828299636793,-3.2544289272676252,-7.535546444223937,2.337318950722306,5.778830945294814,5.148971672262705,-5.090500887812361,-1.1951591010258449,-1.401438320935589,-2.4034280453617876,-7.004278534329881,-3.801259026215356,1.8829737944753793,-0.8987184824022276,-2.6642550830874074,-1.106065530827268
10.632186185683345,-44.688727531110146,14.582674526427981,-1.7374818911905452,2.9407371745319093,-25.45354580974898,-9.36567554004441,1.1399056584245366,-20.517178521810738,-1.7197222166665094,-22.28933481440026,13.93088948422625,-2.0765828299636793,11.039433216178585,16.511206991555927,37.923621276416675,-12.386565280114143,-28.631888276104657,-26.556351317334794,25.84506612468995,5.897116095723443,5.710288836368038,13.689833342799167,37.27328624635298,17.656347568736855,-9.262392070429845,3.658101897682089,13.200935109146927,4.329646742662572
16.102879962195853,-67.10634320361955,21.906380413605785,-2.6063515643682216,4.467292726057307,-38.46133183481854,-13.91831166958451,1.9953651848830838,-30.962233388124478,-2.6938009882850786,-33.51056636118033,20.922907940835188,-3.2544289272676252,16.511206991555927,25.01019340073137,56.86228305378407,-18.56071573476176,-43.013709826648956,-40.15617835384777,38.64147882618632,8.79073193504102,8.999775242642919,20.524604316947634,55.83392802200245,26.569140307902003,-13.721007806406991,5.35987754221086,19.961752529921572,6.6749561861730795
37.03300617204934,-156.16476516900613,49.74181948071218,-5.790993440329999,10.505143569823884,-88.69661424388015,-32.55488818351013,4.199737808556395,-71.99438892422192,-5.114973942179227,-77.90490363577823,48.81394164776473,-7.535546444223937,37.923621276416675,56.86228305378407,132.08319990183546,-43.20000888716387,-99.76349841407934,-92.28591300574705,90.22288002014741,20.51932653001534,19.822515516037768,47.477418444044304,129.30360157747754,62.00113642105256,-32.65458865267004,12.96008409047991,45.90647176116197,15.596441501142422
-12.195047955183513,50.98782443006081,-16.791133217618516,1.8881204963076406,-3.3221358433374846,28.91137350573495,10.485797259190782,-1.3936882785005509,23.25292862900875,1.7807996859526767,25.118388329561565,-15.712020023117764,2.337318950722306,-12.386565280114143,-18.56071573476176,-43.20000888716387,14.623560654157874,32.62102978850226,30.505882701070014,-29.676469080378116,-6.606306855740641,-6.505217852804695,-15.949215612912193,-42.42936585646352,-19.894075779476815,10.516713800402178,-3.737470303504048,-15.276605865787014,-5.182980125702146
-28.0292384338018,118.03072961187625,-37.52629897322874,4.3425192923525,-7.9467677453909085,67.06825074288221,24.5194193050367,-3.2467801770133695,54.46168067465808,3.9076268829739984,58.88340557373044,-36.94555336542595,5.778830945294814,-28.631888276104657,-43.013709826648956,-99.76349841407934,32.62102978850226,75.46935495530312,69.7709416201524,-68.17891505291257,-15.47359957616542,-15.062200822782346,-35.897498377001455,-97.7029681020513,-46.86804691503805,24.58525107909215,-9.76898236231868,-34.71970501794241,-11.859004321396105
-26.1735934011921,109.09572198907236,-35.59537732278602,4.094657875723693,-7.198058913571554,62.17650739240398,22.563757922370755,-3.241178732089486,50.18991700247609,4.0055846989069,54.27307063593826,-33.81787309449229,5.148971672262705,-26.556351317334794,-40.15617835384777,-92.28591300574705,30.505882701070014,69.7709416201524,65.2840666205914,-62.98932678623232,-14.170038913413713,-14.300594716657026,-33.67512509277078,-90.71782629874001,-43.02193259543198,22.39439289046837,-8.454761306634188,-32.44354333495124,-10.987424610534445
25.27162019096742,-106.85348370909679,33.96824012014392,-3.882623252980465,7.159298398262782,-60.351885122852885,-22.25453231794102,2.7602236480181825,-49.0649223637798,-3.356216192759452,-53.18427612594637,33.35199645295269,-5.090500887812361,25.84506612468995,38.64147882618632,90.22288002014741,-29.676469080378116,-68.17891505291257,-62.98932678623232,61.89975635259517,14.021325191709812,13.236790657735547,32.68347879036068,88.54372880473599,42.32006953187592,-22.36629534600306,8.824683865974485,31.271628307623207,10.64415561904401
5.677893657613093,-24.288890107104155,7.55256907071567,-0.9076346970526975,1.6710114443895592,-13.734743619128734,-5.1342521642654795,0.5594167479448283,-11.196258235925578,-0.7359004116749611,-12.170280071061937,7.646609981185225,-1.1951591010258449,5.897116095723443,8.79073193504102,20.51932653001534,-6.606306855740641,-15.47359957616542,-14.170038913413713,14.021325191709812,3.251766636490891,2.9834526614937302,7.253870333389587,20.04491209514378,9.706091588525403,-5.176831312066532,2.181383154718403,7.0163521579534285,2.364015365803719
5.80911583625001,-23.338368559152077,7.571586196464894,-0.9529358443088687,1.7090899740704566,-14.019669627526405,-4.529883723219527,1.3012108794521453,-11.13713548760218,-0.9829665175415726,-11.672986972805733,7.502200585447461,-1.401438320935589,5.710288836368038,8.999775242642919,19.822515516037768,-6.505217852804695,-15.062200822782346,-14.300594716657026,13.236790657735547,2.9834526614937302,4.052864962141208,6.97624895064063,18.949216214253983,9.545504539568407,-4.502941144981954,1.6351859222272713,7.303780449617939,2.7910055347682143
13.473930023469007,-56.207383231584195,18.70020725451502,-2.0694075433569026,3.565485667039717,-31.659760634419463,-11.658300126988344,1.5219304927875674,-25.538819894808046,-2.0757919466275925,-27.79338070851928,17.262248123560777,-2.4034280453617876,13.689833342799167,20.524604316947634,47.477418444044304,-15.949215612912193,-35.897498377001455,-33.67512509277078,32.68347879036068,7.253870333389587,6.97624895064063,17.809556896913712,47.15031930848826,21.92732395555327,-11.48253474317702,4.161162005648061,16.624391243707066,5.531011984025302
36.34007888790905,-153.00863744913124,49.45758075757018,-5.665399092407094,10.042760220730596,-86.43886988664039,-32.04188476686623,3.8703371943795992,-70.10915696595013,-5.352267041839658,-76.24234651373484,47.48065577587362,-7.004278534329881,37.27328624635298,55.83392802200245,129.30360157747754,-42.42936585646352,-97.7029681020513,-90.71782629874001,88.54372880473599,20.04491209514378,18.949216214253983,47.15031930848826,127.55542375820374,60.328071143532235,-31.80916764577207,12.485364335956756,44.81868467751387,14.899249155290077
17.39070161854252,-73.64878954102447,22.540240615364198,-2.6503679456513036,5.192557512783542,-41.910273646599954,-15.282294582970165,2.331603986215603,-34.34080738133385,-1.951391386197431,-37.030214572101386,23.4393941780038,-3.801259026215356,17.656347568736855,26.569140307902003,62.00113642105256,-19.894075779476815,-46.86804691503805,-43.02193259543198,42.32006953187592,9.706091588525403,9.545504539568407,21.92732395555327,60.328071143532235,29.901303478014125,-15.471216028368177,6.538022568040707,21.333818402382924,7.603446088323836
-8.974182310625297,38.70841598886004,-11.79601106221364,1.3865026675925887,-2.6575041743491603,21.73090295752654,8.250685819024177,-0.7861763808668375,17.862918598934186,0.9265977722814033,19.408829450860527,-12.152507988090917,1.8829737944753793,-9.262392070429845,-13.721007806406991,-32.65458865267004,10.516713800402178,24.58525107909215,22.39439289046837,-22.36629534600306,-5.176831312066532,-4.502941144981954,-11.48253474317702,-31.80916764577207,-15.471216028368177,8.438255938785751,-3.5673096882093778,-11.089906484426862,-3.7723884923129214
3.4351141414544677,-15.520600928175462,4.025831770948172,-0.5121838368135178,1.207653479136675,-8.6187803171679,-3.4234983424465657,0.23145432000747237,-7.3487054105585505,-0.15173997144377213,-8.038684817185846,5.1180989351490025,-0.8987184824022276,3.658101897682089,5.35987754221086,12.96008409047991,-3.737470303504048,-9.76898236231868,-8.454761306634188,8.824683865974485,2.181383154718403,1.6351859222272713,4.161162005648061,12.485364335956756,6.538022568040707,-3.5673096882093778,1.9614001459966706,4.089102090230404,1.4301423183189224
13.01829127083116,-54.10559290039162,17.66570876617848,-2.04922465572079,3.6033634299109587,-31.053329512444687,-11.078254509183592,1.6807070580954362,-24.972016345092047,-2.0005383578806852,-26.838431163106222,16.827748762043058,-2.6642550830874074,13.200935109146927,19.961752529921572,45.90647176116197,-15.276605865787014,-34.71970501794241,-32.44354333495124,31.271628307623207,7.0163521579534285,7.303780449617939,16.624391243707066,44.81868467751387,21.333818402382924,-11.089906484426862,4.089102090230404,16.316647573198527,5.593658887956476
4.4850598348342565,-18.556915042909125,5.590223464916413,-0.6255589342735358,1.381751762697076,-10.78583442743256,-3.6203204495053765,0.8923799794440597,-8.79673350036525,-0.3975081466019676,-9.233030467137395,5.984958353716741,-1.106065530827268,4.329646742662572,6.6749561861730795,15.596441501142422,-5.182980125702146,-11.859004321396105,-10.987424610534445,10.64415561904401,2.364015365803719,2.7910055347682143,5.531011984025302,14.899249155290077,7.603446088323836,-3.7723884923129214,1.4301423183189224,5.593658887956476,2.2484281394506778
