V1,V2,V3,V4,V5,V6,V7,V8,V9,V10,V11,V12,V13,V14,V15,V16,V17,V18,V19,V20,V21,V22,V23,V24,V25,V26,V27,V28,V29,V30,V31,V32,V33,V34,V35,V36,V37,V38,V39,V40,V41,V42,V43,V44
9.08522116986762,2.6230782912829995,-6.425636031603846,2.5636702772384683,3.146054613821056,6.515624950318622,-2.3481575751835475,0.2960076007427911,-2.817924029795635,-2.0506475544384832,-1.1251732959459015,10.07952094887224,-4.344943417473005,-0.6301310178413828,1.6912390678448774,4.829018463174222,1.3532025009831927,-5.342364926874615,-6.290603510354841,-6.490894391045475,3.0038749961113758,-2.6843494159728998,4.9126962037010315,0.5731428945827012,-1.6947133014494296,3.832682746412551,-1.8837281637676369,1.0882768023148033,-1.0836281275436528,2.65082654417178,4.90542386434076,-2.644672802858581,3.3058622770817276,-7.848438042055491,-0.2007433961522954,-4.826536611278311,-7.910582940034898,-1.9661671869068182,-8.95613640649304,0.8114599202473635,-0.7299986554824823,8.93533167887412,4.424831509381478,2.602570282575051
2.6230782912829995,0.9946835830132691,-2.592532379520602,0.7292667545523408,1.0679243056867844,2.17540218697396,-0.7910547139634329,0.12876439752408594,-0.9514646208851597,-0.46671865043340177,-0.5651067220656734,3.3422690321883266,-0.920927829314898,-0.6264350421285636,0.2966095397847448,1.5288215342423859,0.3094313006559103,-1.9434756374761868,-1.9463238528785927,-2.108113366234437,0.8015103850076313,-1.0627645795009826,1.1757818944125251,0.2204208905595014,-0.6589172820415463,1.2585446004808538,-0.6680253109080175,0.4506160652737515,-0.37767554057164743,0.7086464328864737,1.4190476544160708,-0.9210589578933976,0.8235774743690834,-2.621744069824054,-0.5035926707639263,-1.918515318815937,-2.851743566516143,-0.5089953077253276,-2.5569668145295434,0.3013314436804616,-0.8318412423231889,2.6938656565879033,2.074705957844203,0.3803493479940199
-6.425636031603846,-2.592532379520602,7.0568603238826135,-1.9305598679356801,-2.6898140511215205,-5.592946868577442,2.1107538921073825,-0.32842409410244694,2.402061620520413,0.9997400963330216,1.3608854755653514,-8.547832037652341,2.3114862525134785,1.8579683178735693,-0.5469865103872957,-4.051665087007828,-0.6702920933694645,5.057243423309988,4.781336758598422,5.220284555419004,-1.8644433028212237,2.751672950715982,-2.5438512509500666,-0.8833545375324237,1.6607849400836492,-3.3174201698674257,1.833563687120632,-1.3513203622549415,1.0036219524562542,-1.9343458142662433,-3.295937327406016,2.4936679272052995,-1.8569718756493026,6.637205124744635,1.6790530744750922,5.097196680950618,7.576153129942493,1.146729795941802,6.505263741321754,-0.6184183512351255,2.4594770319745596,-6.739881738689305,-5.631930386436566,-0.6343307204573626
2.5636702772384683,0.7292667545523408,-1.9305598679356801,1.038311468529744,0.8669150944145098,1.8601614743409431,-0.7423147144954367,0.1747746328173059,-0.6793677647028818,-0.5985543928549665,0.07970007640070777,2.791356105549525,-1.8796745682034164,0.010246396598940478,0.46482176859012425,1.8632520390149412,0.4987945886075779,-1.45949140634424,-1.593179322388572,-1.4846776704663742,0.7407923813566984,-0.5756950617990862,1.0623877658912826,0.8136138398851147,-0.30522278967317823,1.3083898821160715,-0.6488441826501767,0.5908995804086454,-0.3507345163897713,1.244192713046539,0.9996341546186307,-0.9792641216448877,0.7952474130270081,-2.1578988004875597,-0.15023456250802736,-1.35145160756251,-2.4912466050985933,-0.41554278141581724,-3.0336959861687824,-0.15605151211445545,0.0456808258922401,2.718969056394554,0.9735132935463139,0.8358458321348852
3.146054613821056,1.0679243056867844,-2.6898140511215205,0.8669150944145098,1.2083136084928696,2.4475525908200724,-0.8734442000867554,0.14688713764516356,-1.0513658615809864,-0.653430859013964,-0.5463293589040825,3.7568915219649828,-1.275498566939315,-0.48850931462581904,0.4585902944686594,1.7630954124671196,0.41679062976552544,-2.1166942114768177,-2.2668626652938997,-2.4053176237744824,0.9998200963201611,-1.1305402941040712,1.5319332017725493,0.24103612763380902,-0.7021555101480667,1.4048018181118922,-0.7233622055965422,0.4701276893600016,-0.4131327970988022,0.8762288654571221,1.7062301079611026,-1.0144999031969975,1.0676069113657336,-2.9570307001273393,-0.35952457737011956,-2.0374394597497494,-3.1027865411703726,-0.6394959897859127,-3.068360451730646,0.3363467227915098,-0.6665655811645027,3.1712050153905293,2.031335495852303,0.6694437115448829
6.515624950318622,2.17540218697396,-5.592946868577442,1.8601614743409431,2.4475525908200724,5.064586223423904,-1.8526608901204809,0.26050673207924535,-2.1810702091038094,-1.304192213099648,-1.0475178364721789,7.787625198337298,-2.7698120164511493,-1.0128069746155015,0.9524369190051798,3.688131017334507,0.8422899001911134,-4.347402740277726,-4.650635128872721,-4.930228430911838,2.0574868445340444,-2.2855181057945275,3.1612624662575732,0.5727092633816171,-1.4119107605815364,2.9604702484496297,-1.5402801156715153,1.0012264426775985,-0.8655082092060468,1.8978141252962037,3.4735865069473824,-2.128029974034021,2.194248325267875,-6.063722506395946,-0.75665081737888,-4.145952254922853,-6.441848293189002,-1.319441137711866,-6.4557102613560335,0.6280761062476733,-1.323426764979047,6.561972642655183,4.169120236806136,1.3828359390387925
-2.3481575751835475,-0.7910547139634329,2.1107538921073825,-0.7423147144954367,-0.8734442000867554,-1.8526608901204809,0.7080605593942865,-0.09494355563976395,0.7833605652871033,0.44063434181172484,0.31144664903903374,-2.841196383056314,1.1205605626988748,0.3799110811806343,-0.3259254199786698,-1.4322844284124245,-0.3108764154558249,1.5789606355548131,1.649663650359879,1.7246120405312773,-0.7152148922882628,0.7965292967327361,-1.0682210921442128,-0.3349608743465832,0.4795573474425758,-1.1413068092612937,0.6008659014549085,-0.424574766292354,0.3305922800950378,-0.7834019596608024,-1.1695631201205376,0.8289616543560339,-0.7500067599919719,2.18744084427166,0.3255311272271038,1.5092583851182055,2.4201404678551044,0.44708170942896197,2.4419413796733256,-0.14730142755134304,0.46474505718284104,-2.405269142784526,-1.522920363620612,-0.4816894193379891
0.2960076007427911,0.12876439752408594,-0.32842409410244694,0.1747746328173059,0.14688713764516356,0.26050673207924535,-0.09494355563976395,0.09002449987402217,-0.04957173313342357,-0.09631231719304559,0.051331341958164356,0.3446858166261612,-0.2921925372756977,0.018008692360394138,0.02521703374879215,0.3638839392843527,0.10065481842109689,-0.23031224565212852,-0.1630543624855186,-0.12464681407663462,0.046652834696233984,-0.09238214333073928,-0.007477414037836257,0.2609795896294035,-0.032017977342079895,0.19833197444869388,-0.09433563418592969,0.1583013453712806,-0.049655896393091266,0.24127403827127714,0.03435029156067449,-0.183522597615216,0.04341315204884671,-0.3124813755413133,-0.09478652796960722,-0.2704196933168276,-0.4220849775960082,-0.0016649446499130958,-0.4327259194545843,-0.08387378531429257,-0.035098840120446555,0.39077395591991315,0.1372785961025691,0.08560889896507634
-2.817924029795635,-0.9514646208851597,2.402061620520413,-0.6793677647028818,-1.0513658615809864,-2.1810702091038094,0.7833605652871033,-0.04957173313342357,1.0425360937436934,0.49852985579913145,0.6829357081399166,-3.436750316491593,0.8785803708304102,0.5818830849263446,-0.4277574334323706,-1.3484967065472653,-0.33708265594142894,1.9011890842186678,2.1052294225981396,2.289424736885579,-0.9339047935640815,1.0494522262992032,-1.5587386776556569,0.10716105932163844,0.6947497978503903,-1.2317419365135258,0.6189800510837158,-0.2728860698627206,0.3628350396942339,-0.5704158724349074,-1.6857875349137108,0.8163375382319638,-0.9853131834589919,2.6630124200840655,0.2697361679898846,1.752955546493033,2.685515672351531,0.6443378898287841,2.5581413919554037,-0.4360114701946773,0.6708628517417636,-2.751409992648303,-2.015706919222745,-0.5278343127914671
-2.0506475544384832,-0.46671865043340177,0.9997400963330216,-0.5985543928549665,-0.653430859013964,-1.304192213099648,0.44063434181172484,-0.09631231719304559,0.49852985579913145,0.6098093531256469,0.04064443696103602,-1.9769787263282153,1.2482766350558026,-0.19861820308176545,-0.48245289875541797,-1.101375343128553,-0.36205236020547227,0.9826157744871473,1.3193558747255316,1.290155537399966,-0.7070159710156637,0.44764961366650236,-1.1606737673118608,-0.2293124974515436,0.2694034371464521,-0.7488381954441226,0.3486144093796841,-0.22918917004510972,0.20334265845336655,-0.7033680838481858,-1.0591504223103227,0.5319638902637174,-0.8267918979399299,1.5726741831664761,-0.18854391939040957,0.8504695730384113,1.4806556242302125,0.44563544150765966,2.0847864457337164,-0.11364268902379865,-0.20082899177076802,-1.9877359118571651,-0.43185236494723955,-0.8420573835985726
-1.1251732959459015,-0.5651067220656734,1.3608854755653514,0.07970007640070777,-0.5463293589040825,-1.0475178364721789,0.31144664903903374,0.051331341958164356,0.6829357081399166,0.04064443696103602,0.9647828744488393,-1.7624184027537542,-0.6620036398782786,0.7976213952076173,-0.06904028642580416,-0.04633872495891625,-0.004301387475430215,1.0956577900132605,1.1534295456471253,1.4658275329601471,-0.4361096491409399,0.8157888304493796,-0.8687766393699052,0.8165032677563828,0.603268358830416,-0.39376882932640983,0.18923092269452596,0.15681800594216352,0.14027748998402365,0.4114495197003325,-1.1241824695801446,0.16804285179739345,-0.42466149507541007,1.404139334812111,0.27586169235040614,1.0407132379644222,1.1832587185487098,0.38703933843379673,0.40234884463799425,-0.6529984310915421,0.958445175232148,-0.9645970715546134,-1.7573871365676872,0.17499333882783202
10.07952094887224,3.3422690321883266,-8.547832037652341,2.791356105549525,3.7568915219649828,7.787625198337298,-2.841196383056314,0.3446858166261612,-3.436750316491593,-1.9769787263282153,-1.7624184027537542,12.049702568985596,-4.098623966993335,-1.6235155132027965,1.512164768237537,5.5058320782226575,1.2964990187880965,-6.683328003436086,-7.250553661732648,-7.709334193230146,3.225905960792914,-3.5326154148311586,5.072593342742888,0.6106686491088702,-2.2218240482821123,4.535541746550432,-2.335000512350901,1.4080583443966084,-1.325171978412368,2.7577012498570124,5.508341828408536,-3.1967495317379844,3.4346525391409752,-9.364130167790318,-1.0648307815764753,-6.304338842043929,-9.821093574566586,-2.103782639481363,-9.823564421679674,1.080530566788212,-2.0280528844451067,10.07390223708806,6.5127750466719085,2.135386507824752
-4.344943417473005,-0.920927829314898,2.3114862525134785,-1.8796745682034164,-1.275498566939315,-2.7698120164511493,1.1205605626988748,-0.2921925372756977,0.8785803708304102,1.2482766350558026,-0.6620036398782786,-4.098623966993335,3.929368452118931,-0.7309893410236036,-1.0249295465943982,-3.2066420131219906,-0.9728966314101241,1.915148284016467,2.463461551384837,2.0664307213759705,-1.3151806128691719,0.5250675973222626,-1.953669560090083,-1.6277734756652418,0.2098416604631122,-2.0648819325188263,0.9825331790032579,-0.9655322151202953,0.5290953614844545,-2.4039241236233684,-1.5243082570188258,1.5516072228022073,-1.4957326582479502,3.152554654551227,-0.29134322234965077,1.633875248865753,3.5650902358871908,0.7110187181649716,5.400872295852895,0.4985635874617583,-1.0025509901419696,-4.541562182596227,-0.40160063258135625,-1.981911252393408
-0.6301310178413828,-0.6264350421285636,1.8579683178735693,0.010246396598940478,-0.48850931462581904,-1.0128069746155015,0.3799110811806343,0.018008692360394138,0.5818830849263446,-0.19861820308176545,0.7976213952076173,-1.6235155132027965,-0.7309893410236036,1.09781546988463,0.24515705787236694,-0.25036215880714136,0.16089424515203168,1.1597134280814443,0.8010233241745884,1.123855327496063,-0.14629731803954277,0.8223834157444316,-0.1204951986331657,0.3033450611132495,0.5421287133370336,-0.477226428854988,0.33388281281729243,-0.14095730470386011,0.1855419475370893,0.23582928318518256,-0.5803274251050543,0.3490129950267003,-0.04408346415183644,1.2388015923681592,0.8236517248312102,1.2856208213181717,1.502353923707631,0.12563088798017696,0.282141853296778,-0.40779275010538946,1.3969550792633691,-0.6928104499526181,-2.100340924171757,0.6423035474430855
1.6912390678448774,0.2966095397847448,-0.5469865103872957,0.46482176859012425,0.4585902944686594,0.9524369190051798,-0.3259254199786698,0.02521703374879215,-0.4277574334323706,-0.48245289875541797,-0.06904028642580416,1.512164768237537,-1.0249295465943982,0.24515705787236694,0.49199036845054256,0.7451776035939828,0.35169963837718327,-0.6546278423369776,-1.0821340873525187,-1.0252658776196784,0.6206652067656985,-0.26003184025965476,1.16502722442385,-0.018729572066031454,-0.18942673355257642,0.5836584059518918,-0.2208236103277549,0.04702987053198173,-0.1431691696685074,0.48506296444088987,0.9468716907624607,-0.3373966154666135,0.7251669924718626,-1.180993554186385,0.37682410071510614,-0.43804622077015715,-0.9642228600385689,-0.4290787199923533,-1.6370490337044015,0.12037838591117246,0.3982920116497382,1.5646711546878433,0.18378183556675023,0.8021628237826501
4.829018463174222,1.5288215342423859,-4.051665087007828,1.8632520390149412,1.7630954124671196,3.688131017334507,-1.4322844284124245,0.3638839392843527,-1.3484967065472653,-1.101375343128553,-0.04633872495891625,5.5058320782226575,-3.2066420131219906,-0.25036215880714136,0.7451776035939828,3.5141588516179034,0.8443271596238628,-3.019662529774863,-3.1176203487996075,-3.0193640445470313,1.3817100201141501,-1.3273865067094819,1.8700860858157398,1.4862164294774527,-0.7169629757573267,2.4638896542343156,-1.269050036958716,1.1704426466405666,-0.6854451182054296,2.223354941054296,1.9584958819362268,-1.8970635930454454,1.4662471033806395,-4.299368674283817,-0.562143039668381,-2.934983716517141,-4.991493724953693,-0.7622694729360647,-5.590486722519576,-0.15879336044077214,-0.37986681006604517,5.156015806499052,2.3245827519092805,1.340471631077641
1.3532025009831927,0.3094313006559103,-0.6702920933694645,0.4987945886075779,0.41679062976552544,0.8422899001911134,-0.3108764154558249,0.10065481842109689,-0.33708265594142894,-0.36205236020547227,-0.004301387475430215,1.2964990187880965,-0.9728966314101241,0.16089424515203168,0.35169963837718327,0.8443271596238628,0.3679159527042071,-0.6156157863683421,-0.8381992410231803,-0.7268848382361602,0.42673666584182823,-0.2117596315531643,0.7486235239541839,0.23734682628655976,-0.13519310215337216,0.6188160308721945,-0.2340563995312197,0.17303265643016102,-0.14624377588432264,0.5538903961740014,0.6061418559072778,-0.405937117048052,0.46945040592711923,-1.0477424355185452,0.17866507452964173,-0.4868651499783275,-1.0285668912807195,-0.27200787222347983,-1.4843996058643103,-0.04475271427031989,0.2826238508018849,1.3847367480422552,0.2679383762619067,0.5990725220667449
-5.342364926874615,-1.9434756374761868,5.057243423309988,-1.45949140634424,-2.1166942114768177,-4.347402740277726,1.5789606355548131,-0.23031224565212852,1.9011890842186678,0.9826157744871473,1.0956577900132605,-6.683328003436086,1.915148284016467,1.1597134280814443,-0.6546278423369776,-3.019662529774863,-0.6156157863683421,3.848798096346821,3.9267293326485437,4.265700757509865,-1.6580250630997972,2.11044318476251,-2.485028527243572,-0.3853636768931883,1.3084775651221736,-2.4810806720996523,1.3207792534304064,-0.8602427242874222,0.7399882810878042,-1.426547558854889,-2.9239005303430337,1.8035147342690347,-1.735279354777796,5.222960403005336,0.9069574852658655,3.7583771800382775,5.613270495858047,1.0694020871419767,5.171788810091321,-0.6331321987368473,1.5589652160126186,-5.418281594895547,-4.003928061851974,-0.8618915236868413
-6.290603510354841,-1.9463238528785927,4.781336758598422,-1.593179322388572,-2.2668626652938997,-4.650635128872721,1.649663650359879,-0.1630543624855186,2.1052294225981396,1.3193558747255316,1.1534295456471253,-7.250553661732648,2.463461551384837,0.8010233241745884,-1.0821340873525187,-3.1176203487996075,-0.8381992410231803,3.9267293326485437,4.54509028778601,4.815898165792691,-2.109494096080877,2.097047737217385,-3.4864998097501645,-0.024193908572765647,1.3570339660582702,-2.6305151546885193,1.3073005691881951,-0.6469133854970679,0.7654263393548977,-1.5080210468413793,-3.620279952257029,1.7829652067724826,-2.291373412261711,5.654691231362874,0.3006898632506646,3.600050757434199,5.630863940740833,1.4153071155319825,5.900375125129773,-0.8165519145115788,0.9519905984219041,-6.133666024207315,-3.6710836016116732,-1.5479440522522316
-6.490894391045475,-2.108113366234437,5.220284555419004,-1.4846776704663742,-2.4053176237744824,-4.930228430911838,1.7246120405312773,-0.12464681407663462,2.289424736885579,1.290155537399966,1.4658275329601471,-7.709334193230146,2.0664307213759705,1.123855327496063,-1.0252658776196784,-3.0193640445470313,-0.7268848382361602,4.265700757509865,4.815898165792691,5.262557271451209,-2.196222168798049,2.400525864244369,-3.6326528801162565,0.2541517530379677,1.5647276449910872,-2.6504121877335614,1.359996683181134,-0.6006530295305288,0.7917917343357066,-1.3019700483097794,-3.928293525978503,1.7899521806398173,-2.383289697256457,6.004118246291989,0.5009246359728659,3.961871665571359,5.938426903543241,1.5043750590714215,5.829412884780774,-1.0666721889185806,1.4278172024695435,-6.26215616748387,-4.276274154183925,-1.357086712963165
3.0038749961113758,0.8015103850076313,-1.8644433028212237,0.7407923813566984,0.9998200963201611,2.0574868445340444,-0.7152148922882628,0.046652834696233984,-0.9339047935640815,-0.7070159710156637,-0.4361096491409399,3.225905960792914,-1.3151806128691719,-0.14629731803954277,0.6206652067656985,1.3817100201141501,0.42673666584182823,-1.6580250630997972,-2.109494096080877,-2.196222168798049,1.0553989962537147,-0.8556896115385614,1.814268497821899,-0.055504251008426604,-0.5667662393219096,1.1465014077207696,-0.5485560512598279,0.21911691206523465,-0.327450441146392,0.7194437152458188,1.7546843942460042,-0.7484526261498576,1.1822697963601916,-2.506174773564017,0.10129398987709086,-1.4373339442010775,-2.3565097085055746,-0.7155989032307993,-2.7993968824321183,0.38144614248014297,-0.13716290802622919,2.8518895739907255,1.3221390597338205,0.9376437466322601
-2.6843494159728998,-1.0627645795009826,2.751672950715982,-0.5756950617990862,-1.1305402941040712,-2.2855181057945275,0.7965292967327361,-0.09238214333073928,1.0494522262992032,0.44764961366650236,0.8157888304493796,-3.5326154148311586,0.5250675973222626,0.8223834157444316,-0.26003184025965476,-1.3273865067094819,-0.2117596315531643,2.11044318476251,2.097047737217385,2.400525864244369,-0.8556896115385614,1.2691695893146664,-1.2999184803364845,0.08321140714213918,0.8047439855016264,-1.1761513123029208,0.652254925588722,-0.35549892876478817,0.3674883393531606,-0.4673542392245529,-1.6535580403421515,0.8487873924391179,-0.8949608132359004,2.776224274432368,0.5868575897472533,2.10025742812093,2.9011819219959545,0.5819569806243415,2.342108032084869,-0.5316362753189353,1.1494192154832346,-2.6630835638988186,-2.4181915614375433,-0.2457318341166825
4.9126962037010315,1.1757818944125251,-2.5438512509500666,1.0623877658912826,1.5319332017725493,3.1612624662575732,-1.0682210921442128,-0.007477414037836257,-1.5587386776556569,-1.1606737673118608,-0.8687766393699052,5.072593342742888,-1.953669560090083,-0.1204951986331657,1.16502722442385,1.8700860858157398,0.7486235239541839,-2.485028527243572,-3.4864998097501645,-3.6326528801162565,1.814268497821899,-1.2999184803364845,3.3642446237949173,-0.5784741920399133,-0.9279552565085808,1.7210449670136296,-0.7435228168713559,0.06427666443466526,-0.4739614195699745,0.8922799384355238,3.09901747559714,-0.9899030214892585,2.0538790159701805,-3.9363532174909253,0.5419133996036053,-1.9684093320647504,-3.360441440231035,-1.3004350334006545,-4.289215230854472,0.7874132015951865,0.06302194775742948,4.492641445368828,1.9175244957435829,1.6939389840024002
0.5731428945827012,0.2204208905595014,-0.8833545375324237,0.8136138398851147,0.24103612763380902,0.5727092633816171,-0.3349608743465832,0.2609795896294035,0.10716105932163844,-0.2293124974515436,0.8165032677563828,0.6106686491088702,-1.6277734756652418,0.3033450611132495,-0.018729572066031454,1.4862164294774527,0.23734682628655976,-0.3853636768931883,-0.024193908572765647,0.2541517530379677,-0.055504251008426604,0.08321140714213918,-0.5784741920399133,1.6041369769342628,0.22004109802003738,0.6907538169748806,-0.422281306153007,0.8056169911424853,-0.17874834267997947,1.285995803866407,-0.5481237663689397,-0.7354245028849973,-0.08686467716333235,-0.47069337521702725,-0.4312454093674593,-0.5641667305948396,-1.2551744758131618,0.22472358947412588,-1.6805231835966237,-0.7475016293056049,0.22697079143777454,1.0277607589500917,-0.18382437021278455,0.28215256958307366
-1.6947133014494296,-0.6589172820415463,1.6607849400836492,-0.30522278967317823,-0.7021555101480667,-1.4119107605815364,0.4795573474425758,-0.032017977342079895,0.6947497978503903,0.2694034371464521,0.603268358830416,-2.2218240482821123,0.2098416604631122,0.5421287133370336,-0.18942673355257642,-0.7169629757573267,-0.13519310215337216,1.3084775651221736,1.3570339660582702,1.5647276449910872,-0.5667662393219096,0.8047439855016264,-0.9279552565085808,0.22004109802003738,0.5339373263911658,-0.7050790146423648,0.37502070963746903,-0.13898660531889057,0.22045111191116926,-0.18298562653997794,-1.1290186422472845,0.4745012265123111,-0.5922978464075032,1.745943873412032,0.3026861247197161,1.2668336854721785,1.7362070004126695,0.4050553843864387,1.3698382046330073,-0.40576204119853426,0.7152980423162456,-1.6361461678189169,-1.5527393412890915,-0.1590379839627926
3.832682746412551,1.2585446004808538,-3.3174201698674257,1.3083898821160715,1.4048018181118922,2.9604702484496297,-1.1413068092612937,0.19833197444869388,-1.2317419365135258,-0.7488381954441226,-0.39376882932640983,4.535541746550432,-2.0648819325188263,-0.477226428854988,0.5836584059518918,2.4638896542343156,0.6188160308721945,-2.4810806720996523,-2.6305151546885193,-2.6504121877335614,1.1465014077207696,-1.1761513123029208,1.7210449670136296,0.6907538169748806,-0.7050790146423648,1.9254945761177469,-0.9683646771219141,0.725635210456717,-0.5413698549000601,1.4093698916996433,1.8035987731729388,-1.389348806784751,1.1910112586801924,-3.5155297329425395,-0.42935653210357727,-2.342921016986962,-3.9121542215171674,-0.7010024563907159,-4.118968298751246,0.10947780051135227,-0.5227290021859673,3.9858209061729166,2.272448154419692,0.9072969324830593
-1.8837281637676369,-0.6680253109080175,1.833563687120632,-0.6488441826501767,-0.7233622055965422,-1.5402801156715153,0.6008659014549085,-0.09433563418592969,0.6189800510837158,0.3486144093796841,0.18923092269452596,-2.335000512350901,0.9825331790032579,0.33388281281729243,-0.2208236103277549,-1.269050036958716,-0.2340563995312197,1.3207792534304064,1.3073005691881951,1.359996683181134,-0.5485560512598279,0.652254925588722,-0.7435228168713559,-0.422281306153007,0.37502070963746903,-0.9683646771219141,0.5316520786690635,-0.42807195425957584,0.28547639488671867,-0.7244536377586334,-0.862503961292198,0.7365057557127851,-0.5657334555270187,1.7910446621206104,0.36488364529114853,1.3038081892736142,2.082240447314359,0.31912585884782585,2.060463130865001,-0.05841686741767216,0.43595856134018834,-1.9799267356538468,-1.2773225643472823,-0.34636956595966556
1.0882768023148033,0.4506160652737515,-1.3513203622549415,0.5908995804086454,0.4701276893600016,1.0012264426775985,-0.424574766292354,0.1583013453712806,-0.2728860698627206,-0.22918917004510972,0.15681800594216352,1.4080583443966084,-0.9655322151202953,-0.14095730470386011,0.04702987053198173,1.1704426466405666,0.17303265643016102,-0.8602427242874222,-0.6469133854970679,-0.6006530295305288,0.21911691206523465,-0.35549892876478817,0.06427666443466526,0.8056169911424853,-0.13898660531889057,0.725635210456717,-0.42807195425957584,0.5342337620827082,-0.21037629998914825,0.7954514402606206,0.2031738026385202,-0.6489063467003657,0.20517542974863504,-1.0949217167113372,-0.44241490783303133,-0.9590244416506126,-1.5648227510827488,-0.051239403137602786,-1.5618430298593529,-0.2242988699137133,-0.28375387859641804,1.3266963174235422,0.7083035239079433,0.17666150187406668
-1.0836281275436528,-0.37767554057164743,1.0036219524562542,-0.3507345163897713,-0.4131327970988022,-0.8655082092060468,0.3305922800950378,-0.049655896393091266,0.3628350396942339,0.20334265845336655,0.14027748998402365,-1.325171978412368,0.5290953614844545,0.1855419475370893,-0.1431691696685074,-0.6854451182054296,-0.14624377588432264,0.7399882810878042,0.7654263393548977,0.7917917343357066,-0.327450441146392,0.3674883393531606,-0.4739614195699745,-0.17874834267997947,0.22045111191116926,-0.5413698549000601,0.28547639488671867,-0.21037629998914825,0.15936358239371806,-0.37379832911812877,-0.5267668886318381,0.398147283487387,-0.33812994776137933,1.0235465945016315,0.16656604664218033,0.7166107187951307,1.1474080888159557,0.1977936834080908,1.144601080135379,-0.05752625796084401,0.2241326040430704,-1.1246691483622506,-0.7223075053131468,-0.21614186402719274
2.65082654417178,0.7086464328864737,-1.9343458142662433,1.244192713046539,0.8762288654571221,1.8978141252962037,-0.7834019596608024,0.24127403827127714,-0.5704158724349074,-0.7033680838481858,0.4114495197003325,2.7577012498570124,-2.4039241236233684,0.23582928318518256,0.48506296444088987,2.223354941054296,0.5538903961740014,-1.426547558854889,-1.5080210468413793,-1.3019700483097794,0.7194437152458188,-0.4673542392245529,0.8922799384355238,1.285995803866407,-0.18298562653997794,1.4093698916996433,-0.7244536377586334,0.7954514402606206,-0.37379832911812877,1.6187013587184687,0.7964357692375379,-1.1284498621740326,0.7889746318809269,-2.129122053145131,-0.17599153491812122,-1.3639563184320649,-2.6383865892579994,-0.3433522814365567,-3.451596262458746,-0.3887863798345887,0.25702728093514554,2.9056893241370108,0.6467807240317923,0.9936399029438925
4.90542386434076,1.4190476544160708,-3.295937327406016,0.9996341546186307,1.7062301079611026,3.4735865069473824,-1.1695631201205376,0.03435029156067449,-1.6857875349137108,-1.0591504223103227,-1.1241824695801446,5.508341828408536,-1.5243082570188258,-0.5803274251050543,0.9468716907624607,1.9584958819362268,0.6061418559072778,-2.9239005303430337,-3.620279952257029,-3.928293525978503,1.7546843942460042,-1.6535580403421515,3.09901747559714,-0.5481237663689397,-1.1290186422472845,1.8035987731729388,-0.862503961292198,0.2031738026385202,-0.5267668886318381,0.7964357692375379,3.1403850928132546,-1.1235026141879634,1.9493676575915821,-4.299760951961846,0.043742637142554656,-2.563937041237967,-3.921031723223337,-1.2462879837205898,-4.192503789280038,0.9138477453818368,-0.6683144811841045,4.5710399739824545,2.7382929357836785,1.2848424679979984
-2.644672802858581,-0.9210589578933976,2.4936679272052995,-0.9792641216448877,-1.0144999031969975,-2.128029974034021,0.8289616543560339,-0.183522597615216,0.8163375382319638,0.5319638902637174,0.16804285179739345,-3.1967495317379844,1.5516072228022073,0.3490129950267003,-0.3373966154666135,-1.8970635930454454,-0.405937117048052,1.8035147342690347,1.7829652067724826,1.7899521806398173,-0.7484526261498576,0.8487873924391179,-0.9899030214892585,-0.7354245028849973,0.4745012265123111,-1.389348806784751,0.7365057557127851,-0.6489063467003657,0.398147283487387,-1.1284498621740326,-1.1235026141879634,1.0686073326781613,-0.7706982672209458,2.4843864175686194,0.4628522283430464,1.7865003711498904,2.9132999647972504,0.4187881413056209,2.992897784422809,0.013429472792348124,0.46996542079066383,-2.831720920899104,-1.6257778159621736,-0.5720846382940515
3.3058622770817276,0.8235774743690834,-1.8569718756493026,0.7952474130270081,1.0676069113657336,2.194248325267875,-0.7500067599919719,0.04341315204884671,-0.9853131834589919,-0.8267918979399299,-0.42466149507541007,3.4346525391409752,-1.4957326582479502,-0.04408346415183644,0.7251669924718626,1.4662471033806395,0.46945040592711923,-1.735279354777796,-2.291373412261711,-2.383289697256457,1.1822697963601916,-0.8949608132359004,2.0538790159701805,-0.08686467716333235,-0.5922978464075032,1.1910112586801924,-0.5657334555270187,0.20517542974863504,-0.33812994776137933,0.7889746318809269,1.9493676575915821,-0.7706982672209458,1.3501417618594056,-2.6704549356773875,0.21261698179200136,-1.4731397444758851,-2.4369082890974103,-0.8055219379898305,-3.0599670434236654,0.4286583085667825,-0.02954092934096986,3.0975606643463203,1.2486578538981732,1.1197572914671092
-7.848438042055491,-2.621744069824054,6.637205124744635,-2.1578988004875597,-2.9570307001273393,-6.063722506395946,2.18744084427166,-0.3124813755413133,2.6630124200840655,1.5726741831664761,1.404139334812111,-9.364130167790318,3.152554654551227,1.2388015923681592,-1.180993554186385,-4.299368674283817,-1.0477424355185452,5.222960403005336,5.654691231362874,6.004118246291989,-2.506174773564017,2.776224274432368,-3.9363532174909253,-0.47069337521702725,1.745943873412032,-3.5155297329425395,1.7910446621206104,-1.0949217167113372,1.0235465945016315,-2.129122053145131,-4.299760951961846,2.4843864175686194,-2.6704549356773875,7.327162728038636,0.8171281055263362,4.9489481130487745,7.646795010243696,1.6332844525331556,7.613512648014069,-0.8550137151069463,1.58792462511766,-7.863618153931563,-5.06760034437713,-1.677908625551179
-0.2007433961522954,-0.5035926707639263,1.6790530744750922,-0.15023456250802736,-0.35952457737011956,-0.75665081737888,0.3255311272271038,-0.09478652796960722,0.2697361679898846,-0.18854391939040957,0.27586169235040614,-1.0648307815764753,-0.29134322234965077,0.8236517248312102,0.37682410071510614,-0.562143039668381,0.17866507452964173,0.9069574852658655,0.3006898632506646,0.5009246359728659,0.10129398987709086,0.5868575897472533,0.5419133996036053,-0.4312454093674593,0.3026861247197161,-0.42935653210357727,0.36488364529114853,-0.44241490783303133,0.16656604664218033,-0.17599153491812122,0.043742637142554656,0.4628522283430464,0.21261698179200136,0.8171281055263362,0.995543784072117,1.1777873336257956,1.4106948132401314,-0.1297797731807051,0.3619919587681537,-0.011481184900415987,1.2229104672868119,-0.46601692703398745,-1.5405532707530605,0.6701583410158339
-4.826536611278311,-1.918515318815937,5.097196680950618,-1.35145160756251,-2.0374394597497494,-4.145952254922853,1.5092583851182055,-0.2704196933168276,1.752955546493033,0.8504695730384113,1.0407132379644222,-6.304338842043929,1.633875248865753,1.2856208213181717,-0.43804622077015715,-2.934983716517141,-0.4868651499783275,3.7583771800382775,3.600050757434199,3.961871665571359,-1.4373339442010775,2.10025742812093,-1.9684093320647504,-0.5641667305948396,1.2668336854721785,-2.342921016986962,1.3038081892736142,-0.9590244416506126,0.7166107187951307,-1.3639563184320649,-2.563937041237967,1.7865003711498904,-1.4731397444758851,4.9489481130487745,1.1777873336257956,3.817350030961866,5.518252085667072,0.8884800833599275,4.752533474030868,-0.5607957436371944,1.8292604194895514,-5.008347459010985,-4.0655368189032774,-0.548150219345627
-7.910582940034898,-2.851743566516143,7.576153129942493,-2.4912466050985933,-3.1027865411703726,-6.441848293189002,2.4201404678551044,-0.4220849775960082,2.685515672351531,1.4806556242302125,1.1832587185487098,-9.821093574566586,3.5650902358871908,1.502353923707631,-0.9642228600385689,-4.991493724953693,-1.0285668912807195,5.613270495858047,5.630863940740833,5.938426903543241,-2.3565097085055746,2.9011819219959545,-3.360441440231035,-1.2551744758131618,1.7362070004126695,-3.9121542215171674,2.082240447314359,-1.5648227510827488,1.1474080888159557,-2.6383865892579994,-3.921031723223337,2.9132999647972504,-2.4369082890974103,7.646795010243696,1.4106948132401314,5.518252085667072,8.556650017920921,1.438778844388043,8.208713185618494,-0.5290820950537382,1.9922300763175858,-8.223415693324178,-5.5939733017081785,-1.4096979981274804
-1.9661671869068182,-0.5089953077253276,1.146729795941802,-0.41554278141581724,-0.6394959897859127,-1.319441137711866,0.44708170942896197,-0.0016649446499130958,0.6443378898287841,0.44563544150765966,0.38703933843379673,-2.103782639481363,0.7110187181649716,0.12563088798017696,-0.4290787199923533,-0.7622694729360647,-0.27200787222347983,1.0694020871419767,1.4153071155319825,1.5043750590714215,-0.7155989032307993,0.5819569806243415,-1.3004350334006545,0.22472358947412588,0.4050553843864387,-0.7010024563907159,0.31912585884782585,-0.051239403137602786,0.1977936834080908,-0.3433522814365567,-1.2462879837205898,0.4187881413056209,-0.8055219379898305,1.6332844525331556,-0.1297797731807051,0.8884800833599275,1.438778844388043,0.5127711170400575,1.7026785604329708,-0.3360627140192179,0.10144464965191217,-1.8095260589908795,-0.9037885169506894,-0.6070889305208671
-8.95613640649304,-2.5569668145295434,6.505263741321754,-3.0336959861687824,-3.068360451730646,-6.4557102613560335,2.4419413796733256,-0.4327259194545843,2.5581413919554037,2.0847864457337164,0.40234884463799425,-9.823564421679674,5.400872295852895,0.282141853296778,-1.6370490337044015,-5.590486722519576,-1.4843996058643103,5.171788810091321,5.900375125129773,5.829412884780774,-2.7993968824321183,2.342108032084869,-4.289215230854472,-1.6805231835966237,1.3698382046330073,-4.118968298751246,2.060463130865001,-1.5618430298593529,1.144601080135379,-3.451596262458746,-4.192503789280038,2.992897784422809,-3.0599670434236654,7.613512648014069,0.3619919587681537,4.752533474030868,8.208713185618494,1.7026785604329708,9.685913680663694,-0.171072788455889,0.30365246554411823,-9.122392807098056,-3.8416694207116624,-2.750084685720605
0.8114599202473635,0.3013314436804616,-0.6184183512351255,-0.15605151211445545,0.3363467227915098,0.6280761062476733,-0.14730142755134304,-0.08387378531429257,-0.4360114701946773,-0.11364268902379865,-0.6529984310915421,1.080530566788212,0.4985635874617583,-0.40779275010538946,0.12037838591117246,-0.15879336044077214,-0.04475271427031989,-0.6331321987368473,-0.8165519145115788,-1.0666721889185806,0.38144614248014297,-0.5316362753189353,0.7874132015951865,-0.7475016293056049,-0.40576204119853426,0.10947780051135227,-0.05841686741767216,-0.2242988699137133,-0.05752625796084401,-0.3887863798345887,0.9138477453818368,0.013429472792348124,0.4286583085667825,-0.8550137151069463,-0.011481184900415987,-0.5607957436371944,-0.5290820950537382,-0.3360627140192179,-0.171072788455889,0.5620159179181429,-0.5257681394339918,0.5781589192703286,0.9440055495806217,0.009338315596855846
-0.7299986554824823,-0.8318412423231889,2.4594770319745596,0.0456808258922401,-0.6665655811645027,-1.323426764979047,0.46474505718284104,-0.035098840120446555,0.6708628517417636,-0.20082899177076802,0.958445175232148,-2.0280528844451067,-1.0025509901419696,1.3969550792633691,0.3982920116497382,-0.37986681006604517,0.2826238508018849,1.5589652160126186,0.9519905984219041,1.4278172024695435,-0.13716290802622919,1.1494192154832346,0.06302194775742948,0.22697079143777454,0.7152980423162456,-0.5227290021859673,0.43595856134018834,-0.28375387859641804,0.2241326040430704,0.25702728093514554,-0.6683144811841045,0.46996542079066383,-0.02954092934096986,1.58792462511766,1.2229104672868119,1.8292604194895514,1.9922300763175858,0.10144464965191217,0.30365246554411823,-0.5257681394339918,1.9875241379302788,-0.8452918888458496,-2.689229473937845,0.9066549501354794
8.93533167887412,2.6938656565879033,-6.739881738689305,2.718969056394554,3.1712050153905293,6.561972642655183,-2.405269142784526,0.39077395591991315,-2.751409992648303,-1.9877359118571651,-0.9645970715546134,10.07390223708806,-4.541562182596227,-0.6928104499526181,1.5646711546878433,5.156015806499052,1.3847367480422552,-5.418281594895547,-6.133666024207315,-6.26215616748387,2.8518895739907255,-2.6630835638988186,4.492641445368828,1.0277607589500917,-1.6361461678189169,3.9858209061729166,-1.9799267356538468,1.3266963174235422,-1.1246691483622506,2.9056893241370108,4.5710399739824545,-2.831720920899104,3.0975606643463203,-7.863618153931563,-0.46601692703398745,-5.008347459010985,-8.223415693324178,-1.8095260589908795,-9.122392807098056,0.5781589192703286,-0.8452918888458496,8.983650145608177,4.540277564755559,2.4608134393874823
4.424831509381478,2.074705957844203,-5.631930386436566,0.9735132935463139,2.031335495852303,4.169120236806136,-1.522920363620612,0.1372785961025691,-2.015706919222745,-0.43185236494723955,-1.7573871365676872,6.5127750466719085,-0.40160063258135625,-2.100340924171757,0.18378183556675023,2.3245827519092805,0.2679383762619067,-4.003928061851974,-3.6710836016116732,-4.276274154183925,1.3221390597338205,-2.4181915614375433,1.9175244957435829,-0.18382437021278455,-1.5527393412890915,2.272448154419692,-1.2773225643472823,0.7083035239079433,-0.7223075053131468,0.6467807240317923,2.7382929357836785,-1.6257778159621736,1.2486578538981732,-5.06760034437713,-1.5405532707530605,-4.0655368189032774,-5.5939733017081785,-0.9037885169506894,-3.8416694207116624,0.9440055495806217,-2.689229473937845,4.540277564755559,5.255575380827016,-0.1510618310191644
2.602570282575051,0.3803493479940199,-0.6343307204573626,0.8358458321348852,0.6694437115448829,1.3828359390387925,-0.4816894193379891,0.08560889896507634,-0.5278343127914671,-0.8420573835985726,0.17499333882783202,2.135386507824752,-1.981911252393408,0.6423035474430855,0.8021628237826501,1.340471631077641,0.5990725220667449,-0.8618915236868413,-1.5479440522522316,-1.357086712963165,0.9376437466322601,-0.2457318341166825,1.6939389840024002,0.28215256958307366,-0.1590379839627926,0.9072969324830593,-0.34636956595966556,0.17666150187406668,-0.21614186402719274,0.9936399029438925,1.2848424679979984,-0.5720846382940515,1.1197572914671092,-1.677908625551179,0.6701583410158339,-0.548150219345627,-1.4096979981274804,-0.6070889305208671,-2.750084685720605,0.009338315596855846,0.9066549501354794,2.4608134393874823,-0.1510618310191644,1.4183033417257966
