V1,V2,V3,V4,V5,V6,V7,V8,V9,V10,V11,V12,V13,V14,V15,V16,V17,V18,V19,V20,V21,V22,V23,V24,V25,V26,V27,V28,V29,V30,V31,V32,V33,V34,V35,V36,V37,V38,V39,V40,V41,V42,V43,V44
8.244847506628513,13.582114179665137,18.15197852333566,-4.532881593909713,23.828218964056838,0.6429877235569961,17.310946227764667,34.29030039201048,9.005865010876748,-26.784021741765415,-20.419205754798863,-11.172716946336099,13.117519610145138,26.13079425021568,8.669593437729896,17.506499804407166,37.5066141133027,-11.40386977647814,-9.593407497124431,3.0903666850891036,-1.8934393179579287,-12.974514031128207,-2.878298068692351,-0.03911728090843275,-8.980997324773723,-4.907801518054772,20.26111838225643,-0.7632701112440928,5.436879881431851,-6.4803602013101305,7.737754320284031,0.47545396154116465,-1.5837523768188244,-29.141724010784465,18.075516113294132,-23.891869611811398,-1.2158368690074495,1.91361054026982,12.75291415029513,4.470297325235034,9.2646013964841,24.910139839851826,-11.003208571041414,21.503139716948457
13.582114179665137,24.044504111860107,31.5103113890931,-7.479844861982556,40.8033117698244,0.6504440641815651,30.37167628007613,57.76540577366485,14.063649712715398,-45.721192860177815,-34.15831739219171,-18.273630610976,23.290048260789046,43.76855511808271,14.776492826847827,29.798128997284998,63.01105151648829,-19.403996496815594,-15.188947322167337,5.694722090110358,-2.8987818595095804,-20.896447993430737,-5.183532420402981,0.17821122455737823,-15.558664633446195,-8.518881921841555,34.437532475342984,-1.4993834700555941,8.832559272318921,-10.990445503003043,13.449214566236702,1.0079788194983834,-2.672409164433785,-49.776986380411365,29.705381666154164,-39.52582454854372,-1.956745443030751,3.760135539329809,21.998137917617157,6.800301078832956,14.994860407371567,42.44332843111264,-18.407471787955348,35.89758404015161
18.15197852333566,31.5103113890931,42.357848225180526,-10.31741838711112,54.49816404825859,0.8271349778910768,40.32134284895014,78.03770338368193,19.937860231668644,-61.29398888153217,-46.207770121307085,-25.618684623628447,30.741416983488033,59.44128207778386,19.80503243208079,39.82844327453604,85.22255032752749,-25.7602264606598,-20.883728223511387,7.711116807138512,-4.248148566238841,-28.71959230384502,-6.962214541034107,0.06419409030463946,-20.60652677292241,-11.5303852286867,46.424254321363364,-1.9405981167245057,12.223605563930926,-14.88595065357618,17.64336095766807,1.3579924451862921,-3.7408410298708694,-66.35448400682681,40.74980393916722,-53.59383607275159,-2.25196874658501,4.791935654307467,29.74660728757835,9.632999221138197,20.855327570532513,56.59506867514758,-25.3308322372166,48.6925070071743
-4.532881593909713,-7.479844861982556,-10.31741838711112,2.762994711749615,-13.471454388171852,-0.3159125880404822,-9.71713224577701,-19.720651370942754,-5.516771194477011,15.17530012067357,11.854932442102003,6.822647464108592,-7.498847829011667,-15.032990020056003,-4.863947185319583,-9.804029574304424,-21.554321489170906,6.410703322845372,5.607193278493068,-1.7752665456781664,1.2633234580026946,7.68923617128404,1.7273806696706389,0.16074274011079445,5.043908565884627,2.876437452152487,-11.633007497023472,0.43225937353517324,-3.2347834719722472,3.856843193626045,-4.233362085677557,-0.30956761245172726,1.0142481567132513,16.407068918201702,-10.543777804550622,13.845082843100032,0.5231143238958633,-1.0247107529048682,-7.547078236797554,-2.7815076250862405,-5.3900443416126125,-13.924978170812459,6.354752536899716,-12.307938125922295
23.828218964056838,40.8033117698244,54.49816404825859,-13.471454388171852,70.81460250146478,1.3953071823909522,52.04745281656548,101.51365235540429,26.120782202873908,-79.54159946775006,-60.337322125688885,-33.164100913252426,39.8104177473019,77.1830963928894,25.67319406294409,51.76048168683242,110.87065737694127,-33.68847906933381,-27.59731936900972,9.650740350400604,-5.57734267567844,-37.79087505046212,-8.92746801401705,-0.0519665771332313,-26.791981624496774,-14.838200904567469,60.244625920555926,-2.4472418453283966,15.947698298417794,-19.400509487929902,22.965742991379763,1.6515012518397556,-4.837670721364444,-86.37766017955045,53.06414038003204,-70.15136039081425,-3.2303831649838943,6.0607116563845675,38.50016896203951,12.818175392768246,27.022998762962004,73.62963286857867,-32.58224636171599,63.31328956006781
0.6429877235569961,0.6504440641815651,0.8271349778910768,-0.3159125880404822,1.3953071823909522,0.20922010946128458,0.7978706699505138,2.1629827182247157,0.7699422185371894,-1.5561388109589807,-1.3855499698743694,-0.7185455590709504,0.5943470787654133,1.6409499327212025,0.4984515387249893,1.0538868576222438,2.3871886344165536,-0.7575178656605822,-0.8771859743315892,-0.006611278991028566,-0.17318042120343516,-1.0855472984223897,-0.09092751182514974,-0.06666686394663221,-0.5010604358445795,-0.21700189049604718,1.1857843237964005,0.008165893110311967,0.39434908949790415,-0.40162013492256526,0.44189170861780713,-0.03656691504550475,-0.07785820525007289,-1.7747613106998774,1.2578778183939994,-1.7362326465297224,-0.18846964905520758,-0.005044703154260756,0.6518388035996151,0.46638444222507675,0.6330995151093279,1.5245229225867765,-0.5983024867173378,1.3981239760766218
17.310946227764667,30.37167628007613,40.32134284895014,-9.71713224577701,52.04745281656548,0.7978706699505138,38.64112289595418,74.11324051418984,18.497991977713703,-58.4232180387844,-43.87498154116005,-23.89067372522363,29.587829739835026,56.29139964489647,18.8751696851438,38.01687205474884,80.89856646271586,-24.674810124517315,-19.6551946617495,7.340696775647825,-3.873636169206321,-27.04837340937719,-6.641088688009525,0.11523561076691216,-19.78360326886688,-10.964126863670018,44.14796779196342,-1.8884086311242005,11.48867412470626,-14.141363014730553,17.005894407111498,1.2952808544225896,-3.515483781201745,-63.4332572194365,38.39531198065976,-50.83739095597842,-2.327741721626746,4.682621200610441,28.287716993058076,8.954752437010166,19.505073715104558,54.07590480296577,-23.81660004103208,46.13184989396947
34.29030039201048,57.76540577366485,78.03770338368193,-19.720651370942754,101.51365235540429,2.1629827182247157,74.11324051418984,146.5508346267852,38.823194783809214,-114.17962482403881,-87.34669544606638,-48.78677136490351,56.63203022384162,111.62901920074428,36.81772677052056,74.20313821684171,160.15080357449068,-48.27727378276765,-40.49899528241874,13.685700583080063,-8.46685350993954,-55.375398929754994,-12.787584432323195,-0.3614410707441368,-38.22634883449613,-21.331402013671784,86.76912204005941,-3.398036467011667,23.35177101920736,-28.10170595422154,32.587542560633565,2.314155396207525,-7.115175480222545,-123.78238852369972,77.283808049307,-101.7553718150717,-4.430739924860424,8.344190840315592,55.52491176753087,19.171058404570704,39.53656372918533,105.47578898092821,-47.241301762872396,91.55434081819843
9.005865010876748,14.063649712715398,19.937860231668644,-5.516771194477011,26.120782202873908,0.7699422185371894,18.497991977713703,38.823194783809214,11.49747519020318,-29.54740381246035,-23.403571266682537,-13.874019231304096,14.064720855230247,29.79130671709899,9.48706479991533,19.106578382628893,42.52170314487277,-12.42624138166499,-11.48032444267835,3.3184510166896226,-2.682399102265025,-15.587045110276343,-3.260984010734887,-0.40299307235676024,-9.64064670959346,-5.543744148155198,22.75227501206786,-0.7424925009121668,6.5426196094564,-7.535285973918252,8.035187017610122,0.5240898931183667,-2.009174065327768,-31.8207010865734,21.20602578887408,-27.518431254653034,-0.957436715091781,1.7570887241672595,14.608353619136674,5.818984815424635,11.0321513997424,27.08009370824831,-12.718882547863945,24.42856335725439
-26.784021741765415,-45.721192860177815,-61.29398888153217,15.17530012067357,-79.54159946775006,-1.5561388109589807,-58.4232180387844,-114.17962482403881,-29.54740381246035,89.40359814244592,67.84469979538281,37.47107160493574,-44.60629395422648,-86.90032293684061,-28.861839857619607,-58.16217230851282,-124.7230780389536,37.800244452710885,31.098077911940052,-10.866806727925033,6.3224910936305445,42.572688017944756,10.025457794517525,0.06383207454405757,30.052043160804597,16.69426125824209,-67.74378112264934,2.7329524691327927,-17.98650587542965,21.80167414503811,-25.739801641600803,-1.8556476384995177,5.448904512428593,96.99368826607994,-59.80833923151104,78.91633451375925,3.553529925424584,-6.767379165989006,-43.27421825282785,-14.479749164640568,-30.533711678807297,-82.70447445827288,36.781017820081146,-71.27619609160898
-20.419205754798863,-34.15831739219171,-46.207770121307085,11.854932442102003,-60.337322125688885,-1.3855499698743694,-43.87498154116005,-87.34669544606638,-23.403571266682537,67.84469979538281,52.217467017313595,29.23018706888556,-33.641769822673915,-66.48852817884568,-21.849727997907454,-44.06563763021046,-95.46744546675636,28.755060634124273,24.368766362371552,-8.015080046231601,5.158194474054213,33.297282499805725,7.59234894150011,0.3570805300382708,22.710248111606827,12.673072770823179,-51.64990776871373,1.9947738072198602,-14.002890171596396,16.832523345001697,-19.31043329063958,-1.3502827212945365,4.290957222258268,73.60429932921937,-46.185935521014194,60.8773032143539,2.6644073220318676,-4.853035347659269,-33.12433964342435,-11.657734698410438,-23.583740307385305,-62.65390946954338,28.032021838138238,-54.53843940686386
-11.172716946336099,-18.273630610976,-25.618684623628447,6.822647464108592,-33.164100913252426,-0.7185455590709504,-23.89067372522363,-48.78677136490351,-13.874019231304096,37.47107160493574,29.23018706888556,17.179839926983092,-18.216748579954576,-37.364618963276534,-12.038931902560178,-24.19448529264996,-53.35802708578287,15.67982481644012,13.89548495677681,-4.458876139116364,3.210908462762621,19.036538770842657,4.256728190087803,0.3394771488415905,12.312348565837237,7.0927399054060984,-28.755922963695067,1.043288834365053,-8.04575204068481,9.466361066996166,-10.302825405732296,-0.7686666114554731,2.5079844225552295,40.321356131196644,-26.299797243610865,34.13479915997405,1.1141233280395508,-2.4924078996302015,-18.573780035183674,-6.8912948912548595,-13.623916256478894,-34.30323970604866,16.01780738971802,-30.57994569156703
13.117519610145138,23.290048260789046,30.741416983488033,-7.498847829011667,39.8104177473019,0.5943470787654133,29.587829739835026,56.63203022384162,14.064720855230247,-44.60629395422648,-33.641769822673915,-18.216748579954576,22.907269967039262,42.86391440084981,14.366269930107823,28.970044530936075,61.77119605590705,-18.920055817196577,-14.97484601305875,5.591960593798941,-2.981220571544622,-20.70639207207235,-5.15206954431055,-0.00628574940573318,-15.194942250794078,-8.424971443419256,33.75978679691246,-1.475224335504239,8.772725713481963,-10.93515011455135,13.02211098289765,1.021449419849274,-2.7440509245660847,-48.523865826127476,29.21155888603234,-38.9124443627383,-1.802848574610803,3.612031537345009,21.830326101697384,6.883507104819009,14.686339312969888,41.24632518804734,-17.98012068811169,35.09536730854788
26.13079425021568,43.76855511808271,59.44128207778386,-15.032990020056003,77.1830963928894,1.6409499327212025,56.29139964489647,111.62901920074428,29.79130671709899,-86.90032293684061,-66.48852817884568,-37.364618963276534,42.86391440084981,85.16484981601954,28.040412061838197,56.473341859702906,122.02765478448023,-36.6515784859114,-30.93705752951737,10.441272199129457,-6.500578074254594,-42.25763732736742,-9.697674972855548,-0.26838194419572,-29.00373143840449,-16.241365360203236,66.06530592877193,-2.5568748192926174,17.85127497987273,-21.35430008217116,24.709359699528772,1.7496431526987308,-5.418059547691762,-94.08419515536512,59.046875203684245,-77.5204843337902,-3.282775097118711,6.282672638600642,42.2070928597281,14.674280178928838,30.3323030714131,80.22758419140752,-36.18517905396472,69.84950805491859
8.669593437729896,14.776492826847827,19.80503243208079,-4.863947185319583,25.67319406294409,0.4984515387249893,18.8751696851438,36.81772677052056,9.48706479991533,-28.861839857619607,-21.849727997907454,-12.038931902560178,14.366269930107823,28.040412061838197,9.333949072099157,18.799128296661713,40.23498655545251,-12.192062439963061,-10.009992521090497,3.5272480331555145,-2.010310728856188,-13.679166668182788,-3.2137203459313004,0.0010469699538631846,-9.700863127697954,-5.375275417969318,21.85169344993735,-0.8835992415099009,5.789743122702474,-7.001753110116635,8.324482801349507,0.5925256592364259,-1.7450991999650705,-31.313126662491275,19.283944114201947,-25.41627087719128,-1.1581830059350722,2.189055007686618,13.913835309228086,4.630181551974258,9.871874600894682,26.72756539196094,-11.88808773295833,23.009773999880046
17.506499804407166,29.798128997284998,39.82844327453604,-9.804029574304424,51.76048168683242,1.0538868576222438,38.01687205474884,74.20313821684171,19.106578382628893,-58.16217230851282,-44.06563763021046,-24.19448529264996,28.970044530936075,56.473341859702906,18.799128296661713,37.9026461142865,81.08096710671492,-24.62191387877692,-20.21732634253489,7.055048109343607,-4.044466346346242,-27.613273955692907,-6.471118034836195,-0.0048105232267780015,-19.571966694006978,-10.814912460074256,44.0221224441071,-1.769516319106561,11.664420106973957,-14.114595961210767,16.801267847337567,1.1762478276557737,-3.5120527549938276,-63.159189771755834,38.832126848867425,-51.29227915237505,-2.404518265679656,4.403042296008933,28.02039800031255,9.35607951228135,19.839554592243474,53.896723736578046,-23.876923757238316,46.352406085442674
37.5066141133027,63.01105151648829,85.22255032752749,-21.554321489170906,110.87065737694127,2.3871886344165536,80.89856646271586,160.15080357449068,42.52170314487277,-124.7230780389536,-95.46744546675636,-53.35802708578287,61.77119605590705,122.02765478448023,40.23498655545251,81.08096710671492,175.05942972095838,-52.72184121063452,-44.3348326535499,14.955742432246186,-9.264426233439313,-60.57036502869779,-13.930701728307232,-0.42385238696488536,-41.740577980335466,-23.290389000939648,94.80531489752548,-3.698875866223737,25.558299676670835,-30.693843760344933,35.57532589705159,2.5065773212167954,-7.788803802449136,-135.20673346316855,84.5385519889075,-111.25370843938,-4.84858062803623,9.064785914353658,60.62809339575351,21.001127530463286,43.29953522072591,115.23420438671464,-51.66111082912763,100.09866355240726
-11.40386977647814,-19.403996496815594,-25.7602264606598,6.410703322845372,-33.68847906933381,-0.7575178656605822,-24.674810124517315,-48.27727378276765,-12.42624138166499,37.800244452710885,28.755060634124273,15.67982481644012,-18.920055817196577,-36.6515784859114,-12.192062439963061,-24.62191387877692,-52.72184121063452,16.09687419739697,13.227015287197435,-4.477009690130809,2.6503745115431774,18.071309770835757,4.211810931637719,0.05268562457656991,12.758529419299139,7.011626903441885,-28.614590356446612,1.1460649021749194,-7.581513032257903,9.234970554026551,-10.954278657795303,-0.7544263862653926,2.2824805111725994,41.14221162861628,-25.218803577994436,33.47376950944743,1.6387992057777205,-2.8485932931507087,-18.252690806418723,-6.154791926879346,-12.787386557353932,-35.0570847900542,15.36925396614078,-30.092188501470808
-9.593407497124431,-15.188947322167337,-20.883728223511387,5.607193278493068,-27.59731936900972,-0.8771859743315892,-19.6551946617495,-40.49899528241874,-11.48032444267835,31.098077911940052,24.368766362371552,13.89548495677681,-14.97484601305875,-30.93705752951737,-10.009992521090497,-20.21732634253489,-44.3348326535499,13.227015287197435,11.835633121541834,-3.4236336373638525,2.583409050541388,16.000310440635136,3.362454448703339,0.31461687229863655,10.283151992302274,5.739194080969922,-23.773815300823646,0.8099498273923024,-6.6696116296984185,7.795653729828836,-8.702136025296523,-0.522189180101246,1.9970752951489814,33.72270733250906,-21.81590959150352,28.628939110165014,1.2671586772729773,-1.960898433997391,-15.120591407936592,-5.829946048982302,-11.235027227848192,-28.73216187455954,13.03128457683025,-25.431401873470204
3.0903666850891036,5.694722090110358,7.711116807138512,-1.7752665456781664,9.650740350400604,-0.006611278991028566,7.340696775647825,13.685700583080063,3.3184510166896226,-10.866806727925033,-8.015080046231601,-4.458876139116364,5.591960593798941,10.441272199129457,3.5272480331555145,7.055048109343607,14.955742432246186,-4.477009690130809,-3.4236336373638525,1.5672347571629517,-0.6788026783758513,-4.7848103484895494,-1.2897367472404533,0.05980262622751391,-3.68408350638719,-2.108558544850188,8.230533265851268,-0.38775696239476065,2.112894446047565,-2.6064953722084914,3.1401076505873418,0.2865272260107212,-0.6905132527016788,-11.699932841599908,7.047274939156046,-9.21678491436035,-0.31560674400200056,0.9409708519327479,5.344486143740697,1.5218112070019312,3.637707720289397,9.98410751081144,-4.535205556855117,8.515681942346644
-1.8934393179579287,-2.8987818595095804,-4.248148566238841,1.2633234580026946,-5.57734267567844,-0.17318042120343516,-3.873636169206321,-8.46685350993954,-2.682399102265025,6.3224910936305445,5.158194474054213,3.210908462762621,-2.981220571544622,-6.500578074254594,-2.010310728856188,-4.044466346346242,-9.264426233439313,2.6503745115431774,2.583409050541388,-0.6788026783758513,0.6806914869713077,3.535429964230875,0.7283073877669615,0.13961239096726483,2.023223007553495,1.1975082535462833,-4.931207095008709,0.1486228623970985,-1.468801896785267,1.6880192273849428,-1.6404355996405062,-0.11870251931530082,0.4706212548480379,6.772364921943539,-4.716346824985649,6.052486075643953,0.1412107260178268,-0.33694265288063197,-3.2299203774061325,-1.3750155411331029,-2.452926776101926,-5.729381967678486,2.778435065287167,-5.313848723608989
-12.974514031128207,-20.896447993430737,-28.71959230384502,7.68923617128404,-37.79087505046212,-1.0855472984223897,-27.04837340937719,-55.375398929754994,-15.587045110276343,42.572688017944756,33.297282499805725,19.036538770842657,-20.70639207207235,-42.25763732736742,-13.679166668182788,-27.613273955692907,-60.57036502869779,18.071309770835757,16.000310440635136,-4.7848103484895494,3.535429964230875,21.75441186677826,4.701543367149757,0.4168133073066936,14.104054318361971,7.926004840208871,-32.56437457101037,1.1467074317505805,-9.087766065130989,10.716031588445963,-11.904697966467822,-0.7732836349031278,2.76341077222201,46.121330061244024,-29.722309448055118,39.02268348518825,1.6401485870282393,-2.770795193529252,-20.85782093458045,-7.887895193362502,-15.253045541360505,-39.24102589981218,17.817379853425507,-34.68462996567238
-2.878298068692351,-5.183532420402981,-6.962214541034107,1.7273806696706389,-8.92746801401705,-0.09092751182514974,-6.641088688009525,-12.787584432323195,-3.260984010734887,10.025457794517525,7.59234894150011,4.256728190087803,-5.15206954431055,-9.697674972855548,-3.2137203459313004,-6.471118034836195,-13.930701728307232,4.211810931637719,3.362454448703339,-1.2897367472404533,0.7283073877669615,4.701543367149757,1.2066647149460792,0.006109759398849062,3.383876832916302,1.9249807303636954,-7.623278573154778,0.3308439877571639,-1.9994379799269915,2.491843079893694,-2.8633527768025364,-0.2499896741099574,0.644761460004923,10.839927738907063,-6.632796536098871,8.762267939452629,0.3220531366077164,-0.8163324000919912,-4.991474488470021,-1.579134590830402,-3.345916097328014,-9.19497023303293,4.114676722219323,-7.911443967661912
-0.03911728090843275,0.17821122455737823,0.06419409030463946,0.16074274011079445,-0.0519665771332313,-0.06666686394663221,0.11523561076691216,-0.3614410707441368,-0.40299307235676024,0.06383207454405757,0.3570805300382708,0.3394771488415905,-0.00628574940573318,-0.26838194419572,0.0010469699538631846,-0.0048105232267780015,-0.42385238696488536,0.05268562457656991,0.31461687229863655,0.05980262622751391,0.13961239096726483,0.4168133073066936,0.006109759398849062,0.15032757217507764,0.003996016969854479,0.037068155357822166,-0.1609108920772733,-0.019077369975372203,-0.16412826769612274,0.15300077991999247,0.059681837810670574,0.013569906138793001,0.08246389360037046,0.07392070395672037,-0.3494365664171342,0.46358101747770863,-0.014588633000170236,0.10718070573806204,-0.19288656384680994,-0.28394155890215567,-0.16860580418969653,-0.0045442846349081885,0.05951658491833695,-0.2157907118499488
-8.980997324773723,-15.558664633446195,-20.60652677292241,5.043908565884627,-26.791981624496774,-0.5010604358445795,-19.78360326886688,-38.22634883449613,-9.64064670959346,30.052043160804597,22.710248111606827,12.312348565837237,-15.194942250794078,-29.00373143840449,-9.700863127697954,-19.571966694006978,-41.740577980335466,12.758529419299139,10.283151992302274,-3.68408350638719,2.023223007553495,14.104054318361971,3.383876832916302,0.003996016969854479,10.191136786199854,5.6188077005415655,-22.72876143243017,0.9500789869720019,-5.96169470535813,7.315123171643199,-8.756669624606,-0.6348497897390734,1.8194692473249383,32.69651724957047,-19.845601494786447,26.37536531540249,1.2759333493174794,-2.3460819983019148,-14.551849844869887,-4.7330691874991295,-10.050983895280035,-27.854744604251888,12.18802471293244,-23.790638134725683
-4.907801518054772,-8.518881921841555,-11.5303852286867,2.876437452152487,-14.838200904567469,-0.21700189049604718,-10.964126863670018,-21.331402013671784,-5.543744148155198,16.69426125824209,12.673072770823179,7.0927399054060984,-8.424971443419256,-16.241365360203236,-5.375275417969318,-10.814912460074256,-23.290389000939648,7.011626903441885,5.739194080969922,-2.108558544850188,1.1975082535462833,7.926004840208871,1.9249807303636954,0.037068155357822166,5.6188077005415655,3.186729623202988,-12.689549435529353,0.5273836495310645,-3.3823580516429272,4.115589692818496,-4.777612784089278,-0.3805387695238183,1.0566798223240488,18.052158043509085,-11.162731372486547,14.718461467202644,0.5841936877391819,-1.2825438353685295,-8.211554585961451,-2.709001575231707,-5.691556349431655,-15.35816413328228,6.912823357097377,-13.28368394623987
20.26111838225643,34.437532475342984,46.424254321363364,-11.633007497023472,60.244625920555926,1.1857843237964005,44.14796779196342,86.76912204005941,22.75227501206786,-67.74378112264934,-51.64990776871373,-28.755922963695067,33.75978679691246,66.06530592877193,21.85169344993735,44.0221224441071,94.80531489752548,-28.614590356446612,-23.773815300823646,8.230533265851268,-4.931207095008709,-32.56437457101037,-7.623278573154778,-0.1609108920772733,-22.72876143243017,-12.689549435529353,51.44544340615406,-2.0563547562346955,13.766478077416588,-16.63683216073855,19.39277445801937,1.4090624744183216,-4.211676877562629,-73.43830151051353,45.61468484071505,-60.09589415543508,-2.6080249343164135,5.044839242686793,32.96313444294469,11.189045226684724,23.312793101770374,62.574221372182805,-27.97747615133973,54.16491194172421
-0.7632701112440928,-1.4993834700555941,-1.9405981167245057,0.43225937353517324,-2.4472418453283966,0.008165893110311967,-1.8884086311242005,-3.398036467011667,-0.7424925009121668,2.7329524691327927,1.9947738072198602,1.043288834365053,-1.475224335504239,-2.5568748192926174,-0.8835992415099009,-1.769516319106561,-3.698875866223737,1.1460649021749194,0.8099498273923024,-0.38775696239476065,0.1486228623970985,1.1467074317505805,0.3308439877571639,-0.019077369975372203,0.9500789869720019,0.5273836495310645,-2.0563547562346955,0.11154880101625383,-0.4989317234633116,0.659793699929572,-0.8215414274078097,-0.08083625076300696,0.1656388604663656,2.9730424510213926,-1.694866105882777,2.2612532615368774,0.09618208024996643,-0.2633356056926756,-1.3529309695032183,-0.3437369407578261,-0.8417878633749225,-2.5226300007493823,1.0778246417389554,-2.085144631624386
5.436879881431851,8.832559272318921,12.223605563930926,-3.2347834719722472,15.947698298417794,0.39434908949790415,11.48867412470626,23.35177101920736,6.5426196094564,-17.98650587542965,-14.002890171596396,-8.04575204068481,8.772725713481963,17.85127497987273,5.789743122702474,11.664420106973957,25.558299676670835,-7.581513032257903,-6.6696116296984185,2.112894446047565,-1.468801896785267,-9.087766065130989,-1.9994379799269915,-0.16412826769612274,-5.96169470535813,-3.3823580516429272,13.766478077416588,-0.4989317234633116,3.8377210798569754,-4.511716682847895,5.023176504236867,0.3435235886478569,-1.1836037789623086,-19.43997864214384,12.525980551814113,-16.39587833068657,-0.6472345796747591,1.192035081357504,8.840235408332752,3.278067931639079,6.462840120918698,16.549259248627667,-7.584000010341613,14.63675744530436
-6.4803602013101305,-10.990445503003043,-14.88595065357618,3.856843193626045,-19.400509487929902,-0.40162013492256526,-14.141363014730553,-28.10170595422154,-7.535285973918252,21.80167414503811,16.832523345001697,9.466361066996166,-10.93515011455135,-21.35430008217116,-7.001753110116635,-14.114595961210767,-30.693843760344933,9.234970554026551,7.795653729828836,-2.6064953722084914,1.6880192273849428,10.716031588445963,2.491843079893694,0.15300077991999247,7.315123171643199,4.115589692818496,-16.63683216073855,0.659793699929572,-4.511716682847895,5.475660483083095,-6.189031277618603,-0.4626006729112148,1.415280370542761,23.64116906746705,-14.832945504432397,19.576547605341517,0.8071399403627383,-1.5796789790956351,-10.7788376402117,-3.7658934651410516,-7.532372308882607,-20.073539116548336,8.985193078197987,-17.48834118703823
7.737754320284031,13.449214566236702,17.64336095766807,-4.233362085677557,22.965742991379763,0.44189170861780713,17.005894407111498,32.587542560633565,8.035187017610122,-25.739801641600803,-19.31043329063958,-10.302825405732296,13.02211098289765,24.709359699528772,8.324482801349507,16.801267847337567,35.57532589705159,-10.954278657795303,-8.702136025296523,3.1401076505873418,-1.6404355996405062,-11.904697966467822,-2.8633527768025364,0.059681837810670574,-8.756669624606,-4.777612784089278,19.39277445801937,-0.8215414274078097,5.023176504236867,-6.189031277618603,7.579627203768163,0.5354840214053505,-1.5003454155836415,-28.053545353972336,16.82533046603165,-22.42233048539838,-1.1623168066174354,2.050185103921306,12.335282866069932,3.92930336777858,8.507231499260907,23.932696011427847,-10.364006963308615,20.29101323381116
0.47545396154116465,1.0079788194983834,1.3579924451862921,-0.30956761245172726,1.6515012518397556,-0.03656691504550475,1.2952808544225896,2.314155396207525,0.5240898931183667,-1.8556476384995177,-1.3502827212945365,-0.7686666114554731,1.021449419849274,1.7496431526987308,0.5925256592364259,1.1762478276557737,2.5065773212167954,-0.7544263862653926,-0.522189180101246,0.2865272260107212,-0.11870251931530082,-0.7732836349031278,-0.2499896741099574,0.013569906138793001,-0.6348497897390734,-0.3805387695238183,1.4090624744183216,-0.08083625076300696,0.3435235886478569,-0.4626006729112148,0.5354840214053505,0.07108033156980371,-0.1219458233543037,-1.9828379146086401,1.1583189012531527,-1.5133423677828988,-0.018803080952773735,0.18953017760991644,0.9640098254135934,0.2332719587516546,0.5760615371292414,1.67137330679436,-0.7643244297812362,1.4103551302567767
-1.5837523768188244,-2.672409164433785,-3.7408410298708694,1.0142481567132513,-4.837670721364444,-0.07785820525007289,-3.515483781201745,-7.115175480222545,-2.009174065327768,5.448904512428593,4.290957222258268,2.5079844225552295,-2.7440509245660847,-5.418059547691762,-1.7450991999650705,-3.5120527549938276,-7.788803802449136,2.2824805111725994,1.9970752951489814,-0.6905132527016788,0.4706212548480379,2.76341077222201,0.644761460004923,0.08246389360037046,1.8194692473249383,1.0566798223240488,-4.211676877562629,0.1656388604663656,-1.1836037789623086,1.415280370542761,-1.5003454155836415,-0.1219458233543037,0.40254799749019554,5.879647216126804,-3.8088927661282246,4.98890391021236,0.1594397241074986,-0.3726697005070676,-2.7868967138681224,-1.00771042854119,-1.952422658499116,-4.971257504844916,2.294399549666259,-4.421387984000109
-29.141724010784465,-49.776986380411365,-66.35448400682681,16.407068918201702,-86.37766017955045,-1.7747613106998774,-63.4332572194365,-123.78238852369972,-31.8207010865734,96.99368826607994,73.60429932921937,40.321356131196644,-48.523865826127476,-94.08419515536512,-31.313126662491275,-63.159189771755834,-135.20673346316855,41.14221162861628,33.72270733250906,-11.699932841599908,6.772364921943539,46.121330061244024,10.839927738907063,0.07392070395672037,32.69651724957047,18.052158043509085,-73.43830151051353,2.9730424510213926,-19.43997864214384,23.64116906746705,-28.053545353972336,-1.9828379146086401,5.879647216126804,105.41119368432996,-64.68873921217984,85.61472668345137,4.0397072219679435,-7.366302472137661,-46.87122658545374,-15.649779796411712,-32.9212809916422,-89.86339472513691,39.64454185829593,-77.20873804466912
18.075516113294132,29.705381666154164,40.74980393916722,-10.543777804550622,53.06414038003204,1.2578778183939994,38.39531198065976,77.283808049307,21.20602578887408,-59.80833923151104,-46.185935521014194,-26.299797243610865,29.21155888603234,59.046875203684245,19.283944114201947,38.832126848867425,84.5385519889075,-25.218803577994436,-21.81590959150352,7.047274939156046,-4.716346824985649,-29.722309448055118,-6.632796536098871,-0.3494365664171342,-19.845601494786447,-11.162731372486547,45.61468484071505,-1.694866105882777,12.525980551814113,-14.832945504432397,16.82533046603165,1.1583189012531527,-3.8088927661282246,-64.68873921217984,41.241107679696654,-53.957206199471244,-2.1966416278374563,4.119811160223982,29.149522988985535,10.52844303240101,21.26545298543014,55.14383901386798,-25.104670061736055,48.440830477675064
-23.891869611811398,-39.52582454854372,-53.59383607275159,13.845082843100032,-70.15136039081425,-1.7362326465297224,-50.83739095597842,-101.7553718150717,-27.518431254653034,78.91633451375925,60.8773032143539,34.13479915997405,-38.9124443627383,-77.5204843337902,-25.41627087719128,-51.29227915237505,-111.25370843938,33.47376950944743,28.628939110165014,-9.21678491436035,6.052486075643953,39.02268348518825,8.762267939452629,0.46358101747770863,26.37536531540249,14.718461467202644,-60.09589415543508,2.2612532615368774,-16.39587833068657,19.576547605341517,-22.42233048539838,-1.5133423677828988,4.98890391021236,85.61472668345137,-53.957206199471244,71.13584729103968,3.1638700704437968,-5.5213129630588185,-38.44711627134948,-13.759276121042616,-27.598283817772653,-72.90793552173731,32.68319302174227,-63.61773235625101
-1.2158368690074495,-1.956745443030751,-2.25196874658501,0.5231143238958633,-3.2303831649838943,-0.18846964905520758,-2.327741721626746,-4.430739924860424,-0.957436715091781,3.553529925424584,2.6644073220318676,1.1141233280395508,-1.802848574610803,-3.282775097118711,-1.1581830059350722,-2.404518265679656,-4.84858062803623,1.6387992057777205,1.2671586772729773,-0.31560674400200056,0.1412107260178268,1.6401485870282393,0.3220531366077164,-0.014588633000170236,1.2759333493174794,0.5841936877391819,-2.6080249343164135,0.09618208024996643,-0.6472345796747591,0.8071399403627383,-1.1623168066174354,-0.018803080952773735,0.1594397241074986,4.0397072219679435,-2.1966416278374563,3.1638700704437968,0.3685582358443614,-0.2668611898472206,-1.5470100728100156,-0.5253323416880411,-1.0476120952787005,-3.4613630623845366,1.2283918383641586,-2.7512260148556003
1.91361054026982,3.760135539329809,4.791935654307467,-1.0247107529048682,6.0607116563845675,-0.005044703154260756,4.682621200610441,8.344190840315592,1.7570887241672595,-6.767379165989006,-4.853035347659269,-2.4924078996302015,3.612031537345009,6.282672638600642,2.189055007686618,4.403042296008933,9.064785914353658,-2.8485932931507087,-1.960898433997391,0.9409708519327479,-0.33694265288063197,-2.770795193529252,-0.8163324000919912,0.10718070573806204,-2.3460819983019148,-1.2825438353685295,5.044839242686793,-0.2633356056926756,1.192035081357504,-1.5796789790956351,2.050185103921306,0.18953017760991644,-0.3726697005070676,-7.366302472137661,4.119811160223982,-5.5213129630588185,-0.2668611898472206,0.6726996217930146,3.2604391632252216,0.7900655729904986,2.04363835757684,6.277047164043351,-2.6575691975911333,5.130571849628637
12.75291415029513,21.998137917617157,29.74660728757835,-7.547078236797554,38.50016896203951,0.6518388035996151,28.287716993058076,55.52491176753087,14.608353619136674,-43.27421825282785,-33.12433964342435,-18.573780035183674,21.830326101697384,42.2070928597281,13.913835309228086,28.02039800031255,60.62809339575351,-18.252690806418723,-15.120591407936592,5.344486143740697,-3.2299203774061325,-20.85782093458045,-4.991474488470021,-0.19288656384680994,-14.551849844869887,-8.211554585961451,32.96313444294469,-1.3529309695032183,8.840235408332752,-10.7788376402117,12.335282866069932,0.9640098254135934,-2.7868967138681224,-46.87122658545374,29.149522988985535,-38.44711627134948,-1.5470100728100156,3.2604391632252216,21.37457049856419,7.208961644105473,14.81970478903774,39.822907969511036,-17.84738958007339,34.535895530989364
4.470297325235034,6.800301078832956,9.632999221138197,-2.7815076250862405,12.818175392768246,0.46638444222507675,8.954752437010166,19.171058404570704,5.818984815424635,-14.479749164640568,-11.657734698410438,-6.8912948912548595,6.883507104819009,14.674280178928838,4.630181551974258,9.35607951228135,21.001127530463286,-6.154791926879346,-5.829946048982302,1.5218112070019312,-1.3750155411331029,-7.887895193362502,-1.579134590830402,-0.28394155890215567,-4.7330691874991295,-2.709001575231707,11.189045226684724,-0.3437369407578261,3.278067931639079,-3.7658934651410516,3.92930336777858,0.2332719587516546,-1.00771042854119,-15.649779796411712,10.52844303240101,-13.759276121042616,-0.5253323416880411,0.7900655729904986,7.208961644105473,3.021709706183965,5.4330604521374015,13.279777344937553,-6.17675423207104,12.045541918788542
9.2646013964841,14.994860407371567,20.855327570532513,-5.3900443416126125,27.022998762962004,0.6330995151093279,19.505073715104558,39.53656372918533,11.0321513997424,-30.533711678807297,-23.583740307385305,-13.623916256478894,14.686339312969888,30.3323030714131,9.871874600894682,19.839554592243474,43.29953522072591,-12.787386557353932,-11.235027227848192,3.637707720289397,-2.452926776101926,-15.253045541360505,-3.345916097328014,-0.16860580418969653,-10.050983895280035,-5.691556349431655,23.312793101770374,-0.8417878633749225,6.462840120918698,-7.532372308882607,8.507231499260907,0.5760615371292414,-1.952422658499116,-32.9212809916422,21.26545298543014,-27.598283817772653,-1.0476120952787005,2.04363835757684,14.81970478903774,5.4330604521374015,11.095338149092653,28.125919832566478,-13.026895171610056,24.890760307118626
24.910139839851826,42.44332843111264,56.59506867514758,-13.924978170812459,73.62963286857867,1.5245229225867765,54.07590480296577,105.47578898092821,27.08009370824831,-82.70447445827288,-62.65390946954338,-34.30323970604866,41.24632518804734,80.22758419140752,26.72756539196094,53.896723736578046,115.23420438671464,-35.0570847900542,-28.73216187455954,9.98410751081144,-5.729381967678486,-39.24102589981218,-9.19497023303293,-0.0045442846349081885,-27.854744604251888,-15.35816413328228,62.574221372182805,-2.5226300007493823,16.549259248627667,-20.073539116548336,23.932696011427847,1.67137330679436,-4.971257504844916,-89.86339472513691,55.14383901386798,-72.90793552173731,-3.4613630623845366,6.277047164043351,39.822907969511036,13.279777344937553,28.125919832566478,76.67378219062225,-33.86383315362182,65.8605054897268
-11.003208571041414,-18.407471787955348,-25.3308322372166,6.354752536899716,-32.58224636171599,-0.5983024867173378,-23.81660004103208,-47.241301762872396,-12.718882547863945,36.781017820081146,28.032021838138238,16.01780738971802,-17.98012068811169,-36.18517905396472,-11.88808773295833,-23.876923757238316,-51.66111082912763,15.36925396614078,13.03128457683025,-4.535205556855117,2.778435065287167,17.817379853425507,4.114676722219323,0.05951658491833695,12.18802471293244,6.912823357097377,-27.97747615133973,1.0778246417389554,-7.584000010341613,8.985193078197987,-10.364006963308615,-0.7643244297812362,2.294399549666259,39.64454185829593,-25.104670061736055,32.68319302174227,1.2283918383641586,-2.6575691975911333,-17.84738958007339,-6.17675423207104,-13.026895171610056,-33.86383315362182,15.576295061139625,-29.651915856855275
21.503139716948457,35.89758404015161,48.6925070071743,-12.307938125922295,63.31328956006781,1.3981239760766218,46.13184989396947,91.55434081819843,24.42856335725439,-71.27619609160898,-54.53843940686386,-30.57994569156703,35.09536730854788,69.84950805491859,23.009773999880046,46.352406085442674,100.09866355240726,-30.092188501470808,-25.431401873470204,8.515681942346644,-5.313848723608989,-34.68462996567238,-7.911443967661912,-0.2157907118499488,-23.790638134725683,-13.28368394623987,54.16491194172421,-2.085144631624386,14.63675744530436,-17.48834118703823,20.29101323381116,1.4103551302567767,-4.421387984000109,-77.20873804466912,48.440830477675064,-63.61773235625101,-2.7512260148556003,5.130571849628637,34.535895530989364,12.045541918788542,24.890760307118626,65.8605054897268,-29.651915856855275,57.315480800446785
