V1,V2,V3,V4,V5,V6,V7,V8,V9,V10,V11,V12,V13,V14,V15,V16,V17,V18,V19,V20,V21,V22,V23,V24,V25,V26,V27,V28,V29,V30,V31,V32,V33,V34,V35,V36,V37,V38,V39,V40,V41,V42,V43,V44
2.293254349355697,-13.566945080711502,-11.01372368538031,-0.7000694311652634,-4.028685434581043,2.196002613952223,2.149416714869433,3.1033604756207405,9.493118136543933,-0.9502102838660949,-3.7624673805847673,-6.532947767311761,-6.798626338719772,2.28460039625011,-0.6725441398547433,4.0566866285867675,-2.51448848025268,7.2382757647077165,0.6982416453408721,-8.35229124770145,-3.403492643714209,-8.526390383660484,3.0781092621011537,0.21488224914904264,-12.138562416581403,-1.9621967891516785,-5.2051885284067705,-11.096427487781643,3.890516449586651,-3.501010596819248,1.65592862573074,-2.0617460564613013,-0.3898210523598154,-1.0204294924825086,-4.1463322190261485,7.87589216202217,-3.250453747821043,-8.340810497977921,-3.1734608732597134,3.855723974734045,9.073084977356332,-7.0337150233542856,9.995084517886498,13.553955085375188
-13.566945080711502,80.77996853258588,65.5716649016477,4.741207466118107,24.07854585744789,-13.186954510476795,-12.732794062938298,-18.700428165502117,-56.80732691697108,5.854589564556145,22.010492798349635,38.58281052743429,40.5506854491688,-13.993001474752187,3.975026760361744,-24.17845123985371,14.86050142863889,-43.574753342843586,-4.074595548209901,49.994603999562386,19.86281095104824,51.36883072096522,-18.423524822163746,-1.5781077067940135,72.81167784962535,12.124276680311281,31.09990861296307,66.24540052530082,-23.098006611565257,20.655229566262488,-10.180763215193881,11.713591831368168,2.2893632599786815,5.926453027655905,24.508144556047757,-46.73014606921678,19.29612077600887,50.34623062302403,18.734314596405703,-22.853982185069544,-54.001783844583564,42.425173481748644,-59.47929571461266,-80.91110334677755
-11.01372368538031,65.5716649016477,53.27375809650299,3.9461977675943403,19.57046208000725,-10.73092034817317,-10.349814919053516,-15.206516433456038,-46.242106677560436,4.822275774685058,17.727404658151038,31.25939424025082,32.919624479937426,-11.431694863239501,3.2333740407570084,-19.67544046585949,12.060089105771956,-35.465098208603955,-3.28409693518761,40.60856891837722,16.03444610056993,41.85072170335866,-14.957712005524344,-1.280562965591745,59.17835739523839,9.923804012654543,25.25112721554115,53.7988596377531,-18.706871357947737,16.69901273619948,-8.319876524908324,9.382212851944345,1.849027898741842,4.773512295753053,19.883526304439375,-37.89504725508934,15.705708253803476,41.00599570222509,15.183615175969846,-18.52264373864849,-43.8459767926503,34.60479911819963,-48.307542409554294,-65.70428374302323
-0.7000694311652634,4.741207466118107,3.9461977675943403,1.898742917886911,1.7283301249701295,-1.115577568765023,-0.553413377555536,-1.6260020357098874,-4.299786724198944,0.9342868136260277,0.004276247314889111,1.2377177094710778,2.570198720443294,-1.9964267573759602,0.11940325813666704,-1.663120923594319,0.5970973576043028,-4.03889306544052,-0.1286502819033557,3.598728877588868,0.005742087043610185,4.7926423513029714,-1.2915256863179263,-0.779276503770326,5.603151200320784,2.047181711871723,2.0846620070402486,4.207872511571926,-1.174968641452358,0.6133278518132254,-1.2950099971820248,-0.8886118719029423,0.1489652136579641,0.10324981545987405,0.980307475758088,-2.2689249021836466,1.078509401662514,4.857011040554551,0.6660053871606935,-1.04867025746302,-3.039424419889828,4.133641729075958,-3.458541014761169,-5.162098447386849
-4.028685434581043,24.07854585744789,19.57046208000725,1.7283301249701295,7.255995548493957,-3.9893589059808905,-3.7785575023623217,-5.683655100663464,-17.123483151016003,1.8618470664261322,6.30128636997396,11.287986508127679,12.132262869547963,-4.402133075909476,1.1469742749686203,-7.265503462624609,4.390027165182042,-13.292908509216094,-1.2126786775566996,15.023216603150253,5.707157204471481,15.65123025586041,-5.5497559261228835,-0.607159519691865,21.98452725489536,3.880421071945185,9.318235262945286,19.803248906331422,-6.853175563159251,6.045530599756868,-3.1526881036212857,3.1909912505517735,0.7014781794647102,1.7065285139817705,7.2211119748620645,-13.847142840750088,5.735044405981665,15.374405212658772,5.518535951468012,-6.763826754949161,-16.06701947848469,12.981350239429828,-17.717696320077827,-24.208322797977495
2.196002613952223,-13.186954510476795,-10.73092034817317,-1.115577568765023,-3.9893589059808905,2.257210338757735,2.0024459798860357,3.1685207030339715,9.48552955666748,-1.0892130241823972,-3.31146883952133,-6.0658595906796515,-6.641385444243802,2.5332526581286348,-0.6699018412153712,4.005352687405591,-2.3353038631796417,7.39932756746437,0.6218728536684495,-8.289514197222935,-2.984868930138706,-8.762195424048773,3.0366219551711398,0.41455624827220733,-12.116968189006377,-2.2785219916949324,-5.139234203521151,-10.875698389745018,3.7187496148712516,-3.213723026903894,1.8298360680842223,-1.5563953628566827,-0.3645553691190109,-0.9273834523000856,-3.889861872159573,7.510423851880501,-3.1551090400351427,-8.622709652079266,-2.9407000551774893,3.653456763043345,8.788748562964162,-7.266012393961239,9.706842490784556,13.276198802476106
2.149416714869433,-12.732794062938298,-10.349814919053516,-0.553413377555536,-3.7785575023623217,2.0024459798860357,2.1142084561144685,2.8831094319362016,8.890031141267826,-0.8732244814691026,-3.564469764264902,-6.213111111136034,-6.387202661014606,2.0633982094802463,-0.5872196358253048,3.8174531788606316,-2.4238039841706387,6.731590238012914,0.67647857915132,-7.790141837574973,-3.264171990173396,-7.927191013692707,2.8956607976643642,0.11664555709319326,-11.388650595807729,-1.7458027878182172,-4.850815144094151,-10.4168907669007,3.645214623851568,-3.330104269854358,1.5057467977258758,-2.0258026533784457,-0.3695438289354536,-0.9017899800950998,-3.9510813575502746,7.425135519216082,-3.061927504443756,-7.7250726205923845,-3.0378440773990625,3.646403613623414,8.536928553841125,-6.575548251632615,9.385319867317483,12.736640901958694
3.1033604756207405,-18.700428165502117,-15.206516433456038,-1.6260020357098874,-5.683655100663464,3.1685207030339715,2.8831094319362016,4.517699951674162,13.456592289349434,-1.5502303302782676,-4.677350868168266,-8.585854248838741,-9.448421988585293,3.6210273838754348,-0.8892084872262114,5.6713582184562865,-3.3467889929625603,10.56864447598226,0.9036157245618842,-11.78849095588112,-4.220761398865094,-12.462087170166127,4.345105720402006,0.6153745360043994,-17.30159410107723,-3.25011984552609,-7.28792865623081,-15.442026605916125,5.290109656236945,-4.579906294727877,2.5943174701053455,-2.1925873743859268,-0.5376588294139869,-1.2738697828571774,-5.51823799721996,10.664489165182763,-4.441464071523184,-12.281131408324597,-4.1961328227372015,5.1961970309303265,12.45986560623925,-10.356612698097583,13.751877135160607,18.880269870974807
9.493118136543933,-56.80732691697108,-46.242106677560436,-4.299786724198944,-17.123483151016003,9.48552955666748,8.890031141267826,13.456592289349434,40.68848614642447,-4.539078759864151,-14.570009936596064,-26.533158535703826,-28.612023656737673,10.537973763781284,-2.756612718860299,17.21122576036858,-10.318188238462756,31.534095401520318,2.7425488713679185,-35.53504499311218,-13.20293877639648,-37.30092486213374,13.041068893464802,1.4306353418372117,-51.99517991490335,-9.32465444167667,-21.995307018983173,-46.78983401989962,16.066468679709434,-14.08739980204188,7.6280800924783,-7.2221066247485135,-1.5894891404924685,-3.951268299829325,-17.0064036253963,32.542710912423765,-13.638332093914029,-36.60948644188962,-12.898666371781347,15.8685271135642,37.93423844953907,-30.967528344706395,41.88058888641293,57.16823242464888
-0.9502102838660949,5.854589564556145,4.822275774685058,0.9342868136260277,1.8618470664261322,-1.0892130241823972,-0.8732244814691026,-1.5502303302782676,-4.539078759864151,0.6867796776473731,1.0487212651886149,2.41146999147137,2.9956774891373628,-1.4440859219783595,0.2756018173465307,-1.8770556350789303,0.985959654485198,-3.699572443858667,-0.22353000799767964,3.8538144804674457,0.9791266281137735,4.437043110916348,-1.3951190428588407,-0.33206016671239746,5.753356820026825,1.3792141199823111,2.3400253660120356,4.926873632023442,-1.5752488919410048,1.2224954025696455,-1.026620389237815,0.22313745589332895,0.15012050119859674,0.29928971072499316,1.6150912453148085,-3.1834988590416464,1.423413213604664,4.384420614795675,1.1895158159160466,-1.5298017279498062,-3.8946769936084134,3.748247444248205,-4.325693797105091,-6.029652080845457
-3.7624673805847673,22.010492798349635,17.727404658151038,0.004276247314889111,6.30128636997396,-3.31146883952133,-3.564469764264902,-4.677350868168266,-14.570009936596064,1.0487212651886149,7.199772862930339,11.376977552660895,10.923468326685175,-2.8710943269205864,1.1478460644367892,-6.30242639930567,4.255930469134096,-10.671307454133478,-1.232756415526441,13.133493248541534,6.4307320530240695,12.449868586213187,-4.883729243701394,0.038147658475261095,18.787337184476794,2.1950680044109676,8.291390200015632,17.797863586643317,-6.5103107607663135,6.221087808915829,-2.178958996559075,4.544683022064025,0.6332600352183494,1.899321229314536,7.020073480009939,-13.185231134519643,5.216709513140076,12.127750957259533,5.479670204473239,-6.49955843350837,-14.787785623549414,10.090419739671308,-16.19848389970429,-21.701747174399042
-6.532947767311761,38.58281052743429,31.25939424025082,1.2377177094710778,11.287986508127679,-6.0658595906796515,-6.213111111136034,-8.585854248838741,-26.533158535703826,2.41146999147137,11.376977552660895,19.17453872321428,19.27347105554756,-5.918053811187138,1.9400318646925416,-11.357497378401881,7.31058610884531,-19.86744414994617,-1.9949978792028908,23.483911157956072,10.254407400847507,23.401585017589337,-8.651460311758491,-0.29519132249167424,33.95628239039515,4.870635543210004,14.67002481185977,31.467581378243267,-11.166668815477985,10.310191804579599,-4.433652663547672,6.627619523412342,1.0712082577257438,2.9965493235478733,12.028799975649648,-22.668774175885012,9.261740124581328,22.824821561901683,9.249390681434614,-11.11825814905819,-25.88722733776097,19.208262526105326,-28.469972532936676,-38.39899976933558
-6.798626338719772,40.5506854491688,32.919624479937426,2.570198720443294,12.132262869547963,-6.641385444243802,-6.387202661014606,-9.448421988585293,-28.612023656737673,2.9956774891373628,10.923468326685175,19.27347105554756,20.4125355428972,-7.154559448526981,1.9295838202845172,-12.16015747822396,7.461997588041983,-22.069154695521956,-2.0590786002469974,25.174166571305992,9.870893692460337,25.981357019755073,-9.279937393751494,-0.8701112172931322,36.73702625010027,6.211572433249762,15.627846809326021,33.29498161725363,-11.605622422071118,10.347420596070387,-5.1681963321675495,5.729854405379431,1.167007564487817,2.951441926483617,12.261006671370113,-23.437608553107403,9.663540432361891,25.473792236756786,9.387139360600997,-11.458018706369527,-27.08717808916805,21.47990964139798,-29.855610593409754,-40.6810455935174
2.28460039625011,-13.993001474752187,-11.431694863239501,-1.9964267573759602,-4.402133075909476,2.5332526581286348,2.0633982094802463,3.6210273838754348,10.537973763781284,-1.4440859219783595,-2.8710943269205864,-5.918053811187138,-7.154559448526981,3.2841840492219645,-0.6107686999445711,4.371711331528526,-2.3674045554905225,8.627506050482692,0.6322074405110121,-9.139891115892944,-2.5941711532017617,-10.186937632444062,3.349824900116529,0.7729655721243023,-13.571554685098528,-3.0832787164003714,-5.582101421569293,-11.699520549146518,3.8657497902171682,-3.1328532904632955,2.2608257307269457,-0.8826196301531828,-0.411389930182049,-0.8548309287504582,-3.906727524566967,7.744499358218669,-3.3017752884352807,-10.103189645878391,-2.927813370931139,3.743903504376485,9.258633188788595,-8.541579453049359,10.270171674242086,14.305693177676682
-0.6725441398547433,3.975026760361744,3.2333740407570084,0.11940325813666704,1.1469742749686203,-0.6699018412153712,-0.5872196358253048,-0.8892084872262114,-2.756612718860299,0.2756018173465307,1.1478460644367892,1.9400318646925416,1.9295838202845172,-0.6107686999445711,0.334610775570829,-1.1787059752906761,0.6896298583866225,-1.9708302200751926,-0.1473098897252483,2.414970239699634,1.0166532363818186,2.4226477918394163,-0.8655784869870015,-0.0417103973946107,3.410847677871045,0.5515911900094627,1.5370095709198448,3.240442673076353,-1.0994072250374918,0.971651962694463,-0.5140458241195685,0.6241042228108034,0.06894193439851608,0.3108932565199619,1.2046186031706996,-2.271254448219913,0.981451553529784,2.3782174214392744,0.8951992639227438,-1.108919581483118,-2.685256968288852,1.9752095543677846,-2.9462099819591585,-3.9402163236570424
4.0566866285867675,-24.17845123985371,-19.67544046585949,-1.663120923594319,-7.265503462624609,4.005352687405591,3.8174531788606316,5.6713582184562865,17.21122576036858,-1.8770556350789303,-6.30242639930567,-11.357497378401881,-12.16015747822396,4.371711331528526,-1.1787059752906761,7.3384260543312125,-4.409906881033502,13.279086603120776,1.2116372125284773,-15.028221427543993,-5.739685389114545,-15.70367923888248,5.534059250220223,0.5273981361259574,-21.98118362221407,-3.86349123074881,-9.336117261588639,-19.868008415187145,6.851397547968691,-6.038766097039239,3.149287046648623,-3.2236404823659477,-0.6853347043951009,-1.7035910906091871,-7.272899373996523,13.877007829575678,-5.8027854022358305,-15.376558992472745,-5.535515346776413,6.7794404408742475,16.149627481228325,-13.027143512326127,17.80420627901916,24.27634759760225
-2.51448848025268,14.86050142863889,12.060089105771956,0.5970973576043028,4.390027165182042,-2.3353038631796417,-2.4238039841706387,-3.3467889929625603,-10.318188238462756,0.985959654485198,4.255930469134096,7.31058610884531,7.461997588041983,-2.3674045554905225,0.6896298583866225,-4.409906881033502,2.8454333923070525,-7.804195156348437,-0.7789851935105719,9.090602285277233,3.869635992177507,9.169912815094648,-3.358749352440626,-0.14413971214869173,13.226099746420086,1.9608321353682046,5.651921927472083,12.143460700182137,-4.299047661029719,3.939418550726688,-1.7416056616491709,2.4450333692641295,0.43073837422593636,1.1100775459890337,4.618971166068584,-8.714906972259753,3.5680012680749442,8.944520638077215,3.56410896174499,-4.273011565566927,-9.967918009052822,7.565576512822459,-10.974274485197324,-14.850748243530443
7.2382757647077165,-43.574753342843586,-35.465098208603955,-4.03889306544052,-13.292908509216094,7.39932756746437,6.731590238012914,10.56864447598226,31.534095401520318,-3.699572443858667,-10.671307454133478,-19.86744414994617,-22.069154695521956,8.627506050482692,-1.9708302200751926,13.279086603120776,-7.804195156348437,24.915726632226882,2.126878377288572,-27.571495579416244,-9.655242414188479,-29.349369493321035,10.146019962956196,1.4653642857220261,-40.53835936098691,-7.75021419917193,-16.997264210766023,-36.017400964823395,12.313427967889353,-10.615721926016256,6.095904794022481,-4.894436699502637,-1.2749995833724013,-2.9563000343598063,-12.822094525971385,24.79505409881349,-10.35698306889692,-28.89936348613613,-9.738727871174785,12.07426831391109,29.007465810358504,-24.416935677300547,32.04863149258898,44.03255408260351
0.6982416453408721,-4.074595548209901,-3.28409693518761,-0.1286502819033557,-1.2126786775566996,0.6218728536684495,0.67647857915132,0.9036157245618842,2.7425488713679185,-0.22353000799767964,-1.232756415526441,-1.9949978792028908,-2.0590786002469974,0.6322074405110121,-0.1473098897252483,1.2116372125284773,-0.7789851935105719,2.126878377288572,0.28723568632382207,-2.460801941534942,-1.1311095694812128,-2.4227794348435006,0.9471316405797354,0.04054759042573218,-3.60732974057122,-0.5275343680982347,-1.553173656191543,-3.3003233781983146,1.2088593671469727,-1.1324759939312654,0.39455851508116696,-0.7452814401164599,-0.15446774322043458,-0.3401691684689872,-1.2642595611888354,2.4165964847814028,-0.931401044613721,-2.3620521442740436,-1.0097123741863256,1.1980703194473892,2.7016102507665454,-1.9964321301597023,2.9605527282400286,4.038997766005897
-8.35229124770145,49.994603999562386,40.60856891837722,3.598728877588868,15.023216603150253,-8.289514197222935,-7.790141837574973,-11.78849095588112,-35.53504499311218,3.8538144804674457,13.133493248541534,23.483911157956072,25.174166571305992,-9.139891115892944,2.414970239699634,-15.028221427543993,9.090602285277233,-27.571495579416244,-2.460801941534942,31.243921428684565,11.822221335009438,32.50478604950329,-11.491067318231085,-1.2711369347114918,45.62176767178718,8.030734045355327,19.358465722873927,41.13942846514471,-14.234089160974579,12.560086775801311,-6.595462332592709,6.621406064001108,1.41740753787,3.5785381244000525,14.981908571958375,-28.741796317554115,11.908417817213339,31.94130997262547,11.419506275528562,-14.031199734862765,-33.37401201559609,26.90009369055272,-36.8044152350574,-50.25325297810844
-3.403492643714209,19.86281095104824,16.03444610056993,0.005742087043610185,5.707157204471481,-2.984868930138706,-3.264171990173396,-4.220761398865094,-13.20293877639648,0.9791266281137735,6.4307320530240695,10.254407400847507,9.870893692460337,-2.5941711532017617,1.0166532363818186,-5.739685389114545,3.869635992177507,-9.655242414188479,-1.1311095694812128,11.822221335009438,5.806354369010014,11.278271276915184,-4.410151243470774,0.07481358937179806,16.968637153868368,1.9889593839283581,7.4668979912875235,16.06205211730139,-5.859331716384907,5.59693449619699,-1.9538293206341526,4.07941758756989,0.578135889321878,1.683818467980686,6.349192782847688,-11.89612553178701,4.7343168478491995,10.95434011182538,4.969522905025385,-5.864211763128912,-13.355007249628372,9.180848045110103,-14.629946319618337,-19.595375288034145
-8.526390383660484,51.36883072096522,41.85072170335866,4.7926423513029714,15.65123025586041,-8.762195424048773,-7.927191013692707,-12.462087170166127,-37.30092486213374,4.437043110916348,12.449868586213187,23.401585017589337,25.981357019755073,-10.186937632444062,2.4226477918394163,-15.70367923888248,9.169912815094648,-29.349369493321035,-2.4227794348435006,32.50478604950329,11.278271276915184,34.74117721745703,-11.903837097249253,-1.6809736742974557,47.754035489566846,9.188781511166194,20.035375555521806,42.48843232944043,-14.439060056702587,12.393298861350278,-7.288886842757261,5.640707109080353,1.4385301146523988,3.4321353371566663,15.103557581347191,-29.13696136753082,12.284709491064538,34.17130506509408,11.412274519658132,-14.178619626773822,-34.23480783483806,28.907229875464072,-37.8325866206812,-51.92708069684067
3.0781092621011537,-18.423524822163746,-14.957712005524344,-1.2915256863179263,-5.5497559261228835,3.0366219551711398,2.8956607976643642,4.345105720402006,13.041068893464802,-1.3951190428588407,-4.883729243701394,-8.651460311758491,-9.279937393751494,3.349824900116529,-0.8655784869870015,5.534059250220223,-3.358749352440626,10.146019962956196,0.9471316405797354,-11.491067318231085,-4.410151243470774,-11.903837097249253,4.2699664511392665,0.47797046913113095,-16.818753997874968,-2.943091450040602,-7.1387835292517625,-15.148625309005938,5.2581412821674895,-4.6616793585822345,2.3833123190757477,-2.493369486473157,-0.5472499351227941,-1.317934715750312,-5.52522489632523,10.621139250742859,-4.359957378187277,-11.713078984377763,-4.2429218551884915,5.1916346565149585,12.290209116889242,-9.868470145470532,13.530709762254366,18.513184965008374
0.21488224914904264,-1.5781077067940135,-1.280562965591745,-0.779276503770326,-0.607159519691865,0.41455624827220733,0.11664555709319326,0.6153745360043994,1.4306353418372117,-0.33206016671239746,0.038147658475261095,-0.29519132249167424,-0.8701112172931322,0.7729655721243023,-0.0417103973946107,0.5273981361259574,-0.14413971214869173,1.4653642857220261,0.04054759042573218,-1.2711369347114918,0.07481358937179806,-1.6809736742974557,0.47797046913113095,0.4115780450591496,-1.9848978618263788,-0.8122748589696761,-0.7412367623030959,-1.4198880057661165,0.41027458692407887,-0.17281530297641204,0.49135976112023466,0.4097741569842312,-0.06679599545695117,-0.03666041469694522,-0.25240970827475473,0.7329556386117689,-0.30155931205151637,-1.768640257664502,-0.18054605851620656,0.3337345778536237,0.9832719694836677,-1.437509519460492,1.1122404468669609,1.7568364134383505
-12.138562416581403,72.81167784962535,59.17835739523839,5.603151200320784,21.98452725489536,-12.116968189006377,-11.388650595807729,-17.30159410107723,-51.99517991490335,5.753356820026825,18.787337184476794,33.95628239039515,36.73702625010027,-13.571554685098528,3.410847677871045,-21.98118362221407,13.226099746420086,-40.53835936098691,-3.60732974057122,45.62176767178718,16.968637153868368,47.754035489566846,-16.818753997874968,-1.9848978618263788,66.8308745825511,11.996318853023778,28.232028788580365,59.99030364594977,-20.686062099330822,18.17192394533704,-9.730110690665915,9.294799353411166,2.100106352364574,5.086643294944706,21.74488291437441,-41.76977327618738,17.32581809758966,46.94757405755729,16.57699994389088,-20.386622006317772,-48.56969415574136,39.621790664641544,-53.57790712567647,-73.3219054029005
-1.9621967891516785,12.124276680311281,9.923804012654543,2.047181711871723,3.880421071945185,-2.2785219916949324,-1.7458027878182172,-3.25011984552609,-9.32465444167667,1.3792141199823111,2.1950680044109676,4.870635543210004,6.211572433249762,-3.0832787164003714,0.5515911900094627,-3.86349123074881,1.9608321353682046,-7.75021419917193,-0.5275343680982347,8.030734045355327,1.9889593839283581,9.188781511166194,-2.943091450040602,-0.8122748589696761,11.996318853023778,2.992430454264911,4.899059660505156,10.186295744473686,-3.2857341466518526,2.53749928295342,-2.102584150897187,0.4163676189229498,0.35568431400858747,0.6690017812848943,3.275645874518197,-6.566052468113052,2.849413726987461,9.141756489750898,2.4202717747209506,-3.1696025077674057,-7.9884362841463865,7.743101970961348,-8.87226869530474,-12.469581265610412
-5.2051885284067705,31.09990861296307,25.25112721554115,2.0846620070402486,9.318235262945286,-5.139234203521151,-4.850815144094151,-7.28792865623081,-21.995307018983173,2.3400253660120356,8.291390200015632,14.67002481185977,15.627846809326021,-5.582101421569293,1.5370095709198448,-9.336117261588639,5.651921927472083,-16.997264210766023,-1.553173656191543,19.358465722873927,7.4668979912875235,20.035375555521806,-7.1387835292517625,-0.7412367623030959,28.232028788580365,4.899059660505156,12.034440071045132,25.552472660196837,-8.860707889962528,7.8500408323157,-4.02983200016631,4.259140863055378,0.8826247668351136,2.2584454427551464,9.342526021286229,-17.909375795929883,7.403819710934016,19.681972147277513,7.133945271056681,-8.749389219382104,-20.766564751702017,16.56587494055962,-22.874455096154897,-31.204331466428183
-11.096427487781643,66.24540052530082,53.7988596377531,4.207872511571926,19.803248906331422,-10.875698389745018,-10.4168907669007,-15.442026605916125,-46.78983401989962,4.926873632023442,17.797863586643317,31.467581378243267,33.29498161725363,-11.699520549146518,3.240442673076353,-19.868008415187145,12.143460700182137,-36.017400964823395,-3.3003233781983146,41.13942846514471,16.06205211730139,42.48843232944043,-15.148625309005938,-1.4198880057661165,59.99030364594977,10.186295744473686,25.552472660196837,54.41196183019947,-18.898958497319743,16.826557128720257,-8.509563709606084,9.289320355894606,1.8643551059931482,4.793533626950804,20.01442813107895,-38.2336972047998,15.821473862694999,41.671650368484514,15.283789736998981,-18.683419649769935,-44.27698632009657,35.12896992277578,-48.78361663094748,-66.4525285648646
3.890516449586651,-23.098006611565257,-18.706871357947737,-1.174968641452358,-6.853175563159251,3.7187496148712516,3.645214623851568,5.290109656236945,16.066468679709434,-1.5752488919410048,-6.5103107607663135,-11.166668815477985,-11.605622422071118,3.8657497902171682,-1.0994072250374918,6.851397547968691,-4.299047661029719,12.313427967889353,1.2088593671469727,-14.234089160974579,-5.859331716384907,-14.439060056702587,5.2581412821674895,0.41027458692407887,-20.686062099330822,-3.2857341466518526,-8.860707889962528,-18.898958497319743,6.683419573911705,-6.040719300615926,2.798695932399269,-3.5818093126483244,-0.6766284294441115,-1.7603196052599595,-7.054910746099686,13.461701278292447,-5.480736804231827,-14.145245630696808,-5.436268715902275,6.593399469136192,15.44031641107378,-11.878184854165724,16.996091796220043,23.09080049812203
-3.501010596819248,20.655229566262488,16.69901273619948,0.6133278518132254,6.045530599756868,-3.213723026903894,-3.330104269854358,-4.579906294727877,-14.08739980204188,1.2224954025696455,6.221087808915829,10.310191804579599,10.347420596070387,-3.1328532904632955,0.971651962694463,-6.038766097039239,3.939418550726688,-10.615721926016256,-1.1324759939312654,12.560086775801311,5.59693449619699,12.393298861350278,-4.6616793585822345,-0.17281530297641204,18.17192394533704,2.53749928295342,7.8500408323157,16.826557128720257,-6.040719300615926,5.628655135235087,-2.2886761322676916,3.6733878349933002,0.6126157324078326,1.6592669206507942,6.451212151365635,-12.21229780815654,4.9004495517627475,12.102211985289635,5.010445102816854,-5.997355043766697,-13.83436285474751,10.154078565176055,-15.20682508052292,-20.535496456006744
1.65592862573074,-10.180763215193881,-8.319876524908324,-1.2950099971820248,-3.1526881036212857,1.8298360680842223,1.5057467977258758,2.5943174701053455,7.6280800924783,-1.026620389237815,-2.178958996559075,-4.433652663547672,-5.1681963321675495,2.2608257307269457,-0.5140458241195685,3.149287046648623,-1.7416056616491709,6.095904794022481,0.39455851508116696,-6.595462332592709,-1.9538293206341526,-7.288886842757261,2.3833123190757477,0.49135976112023466,-9.730110690665915,-2.102584150897187,-4.02983200016631,-8.509563709606084,2.798695932399269,-2.2886761322676916,1.6600873260428681,-0.7441186878150634,-0.25321854578901126,-0.6032027207705882,-2.8891440603471583,5.651171298400374,-2.449351887780724,-7.213557382799501,-2.138103778228308,2.7270425441570283,6.781998601370625,-6.092074783813145,7.517348506629337,10.399058075472832
-2.0617460564613013,11.713591831368168,9.382212851944345,-0.8886118719029423,3.1909912505517735,-1.5563953628566827,-2.0258026533784457,-2.1925873743859268,-7.2221066247485135,0.22313745589332895,4.544683022064025,6.627619523412342,5.729854405379431,-0.8826196301531828,0.6241042228108034,-3.2236404823659477,2.4450333692641295,-4.894436699502637,-0.7452814401164599,6.621406064001108,4.07941758756989,5.640707109080353,-2.493369486473157,0.4097741569842312,9.294799353411166,0.4163676189229498,4.259140863055378,9.289320355894606,-3.5818093126483244,3.6733878349933002,-0.7441186878150634,3.3129700086600025,0.3502881904794523,1.1518605275633458,4.003998436569554,-7.304973008231678,2.7998348668838937,5.394471597464286,3.1808746013124405,-3.635476546290231,-7.932087848490651,4.471434730709907,-8.637870111574829,-11.324703189774484
-0.3898210523598154,2.2893632599786815,1.849027898741842,0.1489652136579641,0.7014781794647102,-0.3645553691190109,-0.3695438289354536,-0.5376588294139869,-1.5894891404924685,0.15012050119859674,0.6332600352183494,1.0712082577257438,1.167007564487817,-0.411389930182049,0.06894193439851608,-0.6853347043951009,0.43073837422593636,-1.2749995833724013,-0.15446774322043458,1.41740753787,0.578135889321878,1.4385301146523988,-0.5472499351227941,-0.06679599545695117,2.100106352364574,0.35568431400858747,0.8826247668351136,1.8643551059931482,-0.6766284294441115,0.6126157324078326,-0.25321854578901126,0.3502881904794523,0.096528593528284,0.17682064097401282,0.6951420249365051,-1.3462268830429829,0.5215307917938283,1.420947055668106,0.5501909402322419,-0.6633246561565876,-1.5082700314682054,1.199454543380819,-1.6653643282131088,-2.29346028407944
-1.0204294924825086,5.926453027655905,4.773512295753053,0.10324981545987405,1.7065285139817705,-0.9273834523000856,-0.9017899800950998,-1.2738697828571774,-3.951268299829325,0.29928971072499316,1.899321229314536,2.9965493235478733,2.951441926483617,-0.8548309287504582,0.3108932565199619,-1.7035910906091871,1.1100775459890337,-2.9563000343598063,-0.3401691684689872,3.5785381244000525,1.683818467980686,3.4321353371566663,-1.317934715750312,-0.03666041469694522,5.086643294944706,0.6690017812848943,2.2584454427551464,4.793533626950804,-1.7603196052599595,1.6592669206507942,-0.6032027207705882,1.1518605275633458,0.17682064097401282,0.5714252799567058,1.8457346508075985,-3.53475271704875,1.3935497719911665,3.3529245803589607,1.446006457724548,-1.7331754024959456,-3.961167286179484,2.761999970303776,-4.355085341591012,-5.824307754343605
-4.1463322190261485,24.508144556047757,19.883526304439375,0.980307475758088,7.2211119748620645,-3.889861872159573,-3.9510813575502746,-5.51823799721996,-17.0064036253963,1.6150912453148085,7.020073480009939,12.028799975649648,12.261006671370113,-3.906727524566967,1.2046186031706996,-7.272899373996523,4.618971166068584,-12.822094525971385,-1.2642595611888354,14.981908571958375,6.349192782847688,15.103557581347191,-5.52522489632523,-0.25240970827475473,21.74488291437441,3.275645874518197,9.342526021286229,20.01442813107895,-7.054910746099686,6.451212151365635,-2.8891440603471583,4.003998436569554,0.6951420249365051,1.8457346508075985,7.599422615303552,-14.3290384235101,5.892804285326217,14.743596208058927,5.821532596843746,-7.024060679438424,-16.422724991893748,12.447971754898205,-18.079782272950865,-24.44309107218667
7.87589216202217,-46.73014606921678,-37.89504725508934,-2.2689249021836466,-13.847142840750088,7.510423851880501,7.425135519216082,10.664489165182763,32.542710912423765,-3.1834988590416464,-13.185231134519643,-22.668774175885012,-23.437608553107403,7.744499358218669,-2.271254448219913,13.877007829575678,-8.714906972259753,24.79505409881349,2.4165964847814028,-28.741796317554115,-11.89612553178701,-29.13696136753082,10.621139250742859,0.7329556386117689,-41.76977327618738,-6.566052468113052,-17.909375795929883,-38.2336972047998,13.461701278292447,-12.21229780815654,5.651171298400374,-7.304973008231678,-1.3462268830429829,-3.53475271704875,-14.3290384235101,27.25032845584987,-11.15439518693657,-28.528253702048968,-11.015415883315738,13.340462038339682,31.268963486847724,-24.014518247212838,34.42061123749604,46.691097564627526
-3.250453747821043,19.29612077600887,15.705708253803476,1.078509401662514,5.735044405981665,-3.1551090400351427,-3.061927504443756,-4.441464071523184,-13.638332093914029,1.423413213604664,5.216709513140076,9.261740124581328,9.663540432361891,-3.3017752884352807,0.981451553529784,-5.8027854022358305,3.5680012680749442,-10.35698306889692,-0.931401044613721,11.908417817213339,4.7343168478491995,12.284709491064538,-4.359957378187277,-0.30155931205151637,17.32581809758966,2.849413726987461,7.403819710934016,15.821473862694999,-5.480736804231827,4.9004495517627475,-2.449351887780724,2.7998348668838937,0.5215307917938283,1.3935497719911665,5.892804285326217,-11.15439518693657,4.681343268184673,12.005151629086917,4.469762712891869,-5.445570798522586,-12.929130382297718,10.163469354792703,-14.256783488462176,-19.314593007582708
-8.340810497977921,50.34623062302403,41.00599570222509,4.857011040554551,15.374405212658772,-8.622709652079266,-7.7250726205923845,-12.281131408324597,-36.60948644188962,4.384420614795675,12.127750957259533,22.824821561901683,25.473792236756786,-10.103189645878391,2.3782174214392744,-15.376558992472745,8.944520638077215,-28.89936348613613,-2.3620521442740436,31.94130997262547,10.95434011182538,34.17130506509408,-11.713078984377763,-1.768640257664502,46.94757405755729,9.141756489750898,19.681972147277513,41.671650368484514,-14.145245630696808,12.102211985289635,-7.213557382799501,5.394471597464286,1.420947055668106,3.3529245803589607,14.743596208058927,-28.528253702048968,12.005151629086917,33.673100130093516,11.142108924730275,-13.876384925669829,-33.532093031936824,28.44443581165453,-37.059231378410644,-50.93908746874797
-3.1734608732597134,18.734314596405703,15.183615175969846,0.6660053871606935,5.518535951468012,-2.9407000551774893,-3.0378440773990625,-4.1961328227372015,-12.898666371781347,1.1895158159160466,5.479670204473239,9.249390681434614,9.387139360600997,-2.927813370931139,0.8951992639227438,-5.535515346776413,3.56410896174499,-9.738727871174785,-1.0097123741863256,11.419506275528562,4.969522905025385,11.412274519658132,-4.2429218551884915,-0.18054605851620656,16.57699994389088,2.4202717747209506,7.133945271056681,15.283789736998981,-5.436268715902275,5.010445102816854,-2.138103778228308,3.1808746013124405,0.5501909402322419,1.446006457724548,5.821532596843746,-11.015415883315738,4.469762712891869,11.142108924730275,4.514577455727853,-5.405749014186736,-12.557865351033668,9.39346069060699,-13.801640679768925,-18.6708135200003
3.855723974734045,-22.853982185069544,-18.52264373864849,-1.04867025746302,-6.763826754949161,3.653456763043345,3.646403613623414,5.1961970309303265,15.8685271135642,-1.5298017279498062,-6.49955843350837,-11.11825814905819,-11.458018706369527,3.743903504376485,-1.108919581483118,6.7794404408742475,-4.273011565566927,12.07426831391109,1.1980703194473892,-14.031199734862765,-5.864211763128912,-14.178619626773822,5.1916346565149585,0.3337345778536237,-20.386622006317772,-3.1696025077674057,-8.749389219382104,-18.683419649769935,6.593399469136192,-5.997355043766697,2.7270425441570283,-3.635476546290231,-0.6633246561565876,-1.7331754024959456,-7.024060679438424,13.340462038339682,-5.445570798522586,-13.876384925669829,-5.405749014186736,6.539217433330928,15.290643585790866,-11.68064333574415,16.8260242533121,22.822041048710798
9.073084977356332,-54.001783844583564,-43.8459767926503,-3.039424419889828,-16.06701947848469,8.788748562964162,8.536928553841125,12.45986560623925,37.93423844953907,-3.8946769936084134,-14.787785623549414,-25.88722733776097,-27.08717808916805,9.258633188788595,-2.685256968288852,16.149627481228325,-9.967918009052822,29.007465810358504,2.7016102507665454,-33.37401201559609,-13.355007249628372,-34.23480783483806,12.290209116889242,0.9832719694836677,-48.56969415574136,-7.9884362841463865,-20.766564751702017,-44.27698632009657,15.44031641107378,-13.83436285474751,6.781998601370625,-7.932087848490651,-1.5082700314682054,-3.961167286179484,-16.422724991893748,31.268963486847724,-12.929130382297718,-33.532093031936824,-12.557865351033668,15.290643585790866,36.13940205583693,-28.263028088949575,39.7864843211592,54.07223704399378
-7.0337150233542856,42.425173481748644,34.60479911819963,4.133641729075958,12.981350239429828,-7.266012393961239,-6.575548251632615,-10.356612698097583,-30.967528344706395,3.748247444248205,10.090419739671308,19.208262526105326,21.47990964139798,-8.541579453049359,1.9752095543677846,-13.027143512326127,7.565576512822459,-24.416935677300547,-1.9964321301597023,26.90009369055272,9.180848045110103,28.907229875464072,-9.868470145470532,-1.437509519460492,39.621790664641544,7.743101970961348,16.56587494055962,35.12896992277578,-11.878184854165724,10.154078565176055,-6.092074783813145,4.471434730709907,1.199454543380819,2.761999970303776,12.447971754898205,-24.014518247212838,10.163469354792703,28.44443581165453,9.39346069060699,-11.68064333574415,-28.263028088949575,24.12404008346468,-31.252663784742317,-42.95037887099732
9.995084517886498,-59.47929571461266,-48.307542409554294,-3.458541014761169,-17.717696320077827,9.706842490784556,9.385319867317483,13.751877135160607,41.88058888641293,-4.325693797105091,-16.19848389970429,-28.469972532936676,-29.855610593409754,10.270171674242086,-2.9462099819591585,17.80420627901916,-10.974274485197324,32.04863149258898,2.9605527282400286,-36.8044152350574,-14.629946319618337,-37.8325866206812,13.530709762254366,1.1122404468669609,-53.57790712567647,-8.87226869530474,-22.874455096154897,-48.78361663094748,16.996091796220043,-15.20682508052292,7.517348506629337,-8.637870111574829,-1.6653643282131088,-4.355085341591012,-18.079782272950865,34.42061123749604,-14.256783488462176,-37.059231378410644,-13.801640679768925,16.8260242533121,39.7864843211592,-31.252663784742317,43.85142473226188,59.585695669649816
13.553955085375188,-80.91110334677755,-65.70428374302323,-5.162098447386849,-24.208322797977495,13.276198802476106,12.736640901958694,18.880269870974807,57.16823242464888,-6.029652080845457,-21.701747174399042,-38.39899976933558,-40.6810455935174,14.305693177676682,-3.9402163236570424,24.27634759760225,-14.850748243530443,44.03255408260351,4.038997766005897,-50.25325297810844,-19.595375288034145,-51.92708069684067,18.513184965008374,1.7568364134383505,-73.3219054029005,-12.469581265610412,-31.204331466428183,-66.4525285648646,23.09080049812203,-20.535496456006744,10.399058075472832,-11.324703189774484,-2.29346028407944,-5.824307754343605,-24.44309107218667,46.691097564627526,-19.314593007582708,-50.93908746874797,-18.6708135200003,22.822041048710798,54.07223704399378,-42.95037887099732,59.585695669649816,81.2031671228735
