V1,V2,V3,V4,V5,V6,V7,V8,V9,V10,V11,V12,V13,V14,V15,V16,V17,V18,V19,V20,V21,V22,V23,V24,V25,V26,V27,V28,V29,V30,V31,V32,V33,V34,V35,V36,V37,V38,V39,V40,V41,V42,V43,V44
18.65784887665328,-109.84572579007667,-89.54840923697301,-7.4809445348929415,-33.22686456858789,17.91134952713386,17.66769525686173,25.77057370242947,78.12875987836573,-8.766989526492754,-28.808479066440192,-52.035612641297575,-55.105380549416594,19.882080104686917,-5.646641272152142,33.08100507337546,-20.320509356148378,60.58589160215403,5.30842117208223,-68.7990560613217,-26.168881101085756,-71.32991061451094,25.364023298605794,2.3760617679298197,-99.8954601777818,-17.51932206781001,-42.33837939597647,-90.32763108625525,31.422985078368292,-27.66806357028657,14.11026672802172,-14.705859332504348,-3.142899824568701,-7.5358659285674845,-33.31223718158235,63.14181834752625,-26.295460526677864,-69.87188569119155,-25.5105760013208,31.02973403015698,73.62892542844389,-59.06429342562419,81.07067240913966,110.24111325291805
-109.84572579007667,658.9231851093477,534.7098061139263,44.72837428161219,197.02017856188206,-109.6405971850162,-102.08633199452144,-154.54891993511472,-466.9590241468822,49.22265685786135,174.59250155651725,309.9186866507628,331.8567955170365,-118.34029653540519,31.36134728891574,-198.57948504440276,119.50240141041628,-360.15433052632153,-33.163125121169195,408.942872347862,157.32626480861273,425.3453682144366,-150.4980426154827,-15.678427203052893,598.5339667394293,103.68744096099844,254.7910863965193,541.353970547939,-187.22556680405134,165.8604871820848,-86.22778138060099,89.83456990372164,18.745532510405347,47.952049740978254,197.6243395775942,-379.314295769419,157.37879515724023,417.5892729986217,150.1249292809856,-184.82451361392614,-439.33711934272037,352.08718247420467,-484.6518355050845,-661.69285789691
-89.54840923697301,534.7098061139263,434.55926328604403,36.42139601007265,160.41767246987226,-88.38242990788429,-83.86103382627198,-125.4264413702789,-379.38662044782075,40.806659211484764,141.28159325256834,252.15391938884778,268.9627924030737,-96.29975015100847,26.009135573730145,-161.0322167076434,97.57295313637267,-293.1225556635139,-26.553187538364043,332.9018007522927,127.71481926201578,345.8516215151526,-122.57449984092553,-12.374465891404869,486.0792350020042,84.46883541769925,206.60588619049298,439.52179836808176,-152.17765420297647,134.65551308489202,-69.624507750636,72.41757429897902,15.15941910210531,38.2641151258558,160.8881845024528,-307.7463804531085,127.7881054465062,339.3192057889197,122.66476668127694,-150.30034032725965,-357.1588796384229,286.33693176660984,-393.71149807634015,-536.8673820325366
-7.4809445348929415,44.72837428161219,36.42139601007265,3.1904484128734216,13.451982318202763,-7.291049359641512,-7.092209383609539,-10.482772995219596,-31.86990255471894,3.4990290310248136,11.856459334941055,21.25543100530587,22.52530717512932,-8.15214092095559,2.2049587555871257,-13.361242806101231,8.302091755337031,-24.64589685184779,-2.1348863261742106,28.098797976787647,10.726805077003336,29.076437655356138,-10.310415480802728,-1.0035467123219803,40.90006023559311,7.025494971614662,17.307652243785586,36.88927200509108,-12.743230408483901,11.357870498717796,-5.881448532862144,6.000030029721325,1.2138295471262943,3.233926326978588,13.48756549460668,-25.83320315928144,10.681139370010872,28.571167487827715,10.400766603237168,-12.614513526869011,-29.97753659763751,24.07808007993646,-33.06827304143369,-45.01716124633797
-33.22686456858789,197.02017856188206,160.41767246987226,13.451982318202763,59.419373384303825,-32.28770149847067,-31.404651936589055,-46.265979220645804,-140.01752811879845,15.4696132879685,51.82075891347082,93.25176409427672,98.94271458790183,-35.56639565669735,9.867197195594313,-59.277671048688156,36.26937587107087,-108.4663916172993,-9.583515000177204,123.1692770168079,47.06591258354462,127.76603714124944,-45.349637592002836,-4.453904386878495,179.25293699678838,31.30712314064669,75.97108516813417,161.99042212388756,-56.262446700488006,49.62602527220562,-25.46763987398925,26.42933693510279,5.6050636773993565,13.69024119498975,59.59437258694634,-113.34676123400745,47.12626935942307,125.22647127814386,45.62515872183397,-55.557018789724346,-131.87737450298627,105.81025734356396,-145.322436895696,-197.79282960818375
17.91134952713386,-109.6405971850162,-88.38242990788429,-7.291049359641512,-32.28770149847067,19.039607534323164,15.963468238375665,25.79752568154591,77.1634158547623,-7.370954489373039,-29.309827991191284,-50.87781244935784,-55.477611564517325,19.39414538234697,-4.64669082303513,33.291636826515216,-19.05679758564306,59.11281425029555,5.91654835884052,-66.80805829016357,-26.08435229500419,-70.03991499488605,24.628469481808622,3.051243914056703,-98.95321214781796,-17.046170792188992,-42.49855497445407,-89.80742129151581,30.93784328515798,-27.51087298714206,14.621709209570836,-15.288040601489714,-3.232733303953629,-8.477637605445583,-32.42548011546241,63.11063173640021,-26.170217374092655,-68.85101172134618,-24.08020128081112,30.417755095302613,72.38407933190038,-57.94350608622651,80.06084892915909,109.89342095320357
17.66769525686173,-102.08633199452144,-83.86103382627198,-7.092209383609539,-31.404651936589055,15.963468238375665,17.634843074664982,24.021844564745106,73.01011889363645,-9.091265509181365,-26.367206129519477,-49.272480939308416,-50.80365244697225,18.696936209813135,-5.74916517964135,30.503509154915946,-19.473345666013753,57.281031871965446,4.450436049159506,-65.17521885869213,-24.367528585566703,-67.0870015435142,24.055942974745612,1.8866102007138232,-93.3992432103088,-16.619561889022904,-39.13791981626927,-84.28071538796151,29.46815745058747,-25.808933397389247,12.815689428045463,-13.029708536789737,-2.7819800549084484,-6.072100203038369,-31.5844562054868,58.57074094274265,-24.481695562613865,-65.41412284670592,-24.639188561364236,29.18185488695014,69.15001897584663,-55.567035919301226,75.73752231706808,102.33988904355988
25.77057370242947,-154.54891993511472,-125.4264413702789,-10.482772995219596,-46.265979220645804,25.79752568154591,24.021844564745106,36.39420968504986,109.47941890210602,-11.637464404165403,-40.86104823657462,-72.8516816041567,-77.77196880440941,27.686650228781957,-7.331925594529063,46.53429045235017,-27.944185180315902,84.60797334627892,7.6681122627035885,-95.94846799643754,-36.83738584906244,-99.80474254041337,35.31636622685482,3.835690982847273,-140.341534359471,-24.382714720878162,-59.6430691937546,-126.97962187238049,44.023454285889514,-38.91005229640686,20.248116637079125,-20.90212761595586,-4.415855569798038,-10.931252430080757,-46.49818327169948,88.93063844878839,-36.94498599422903,-97.89349556500427,-35.22769940777962,43.38360294462336,103.03872883040097,-82.60486297122887,113.64472837825012,155.08162734093852
78.12875987836573,-466.9590241468822,-379.38662044782075,-31.86990255471894,-140.01752811879845,77.1634158547623,73.01011889363645,109.47941890210602,331.46210496117607,-35.46497607362884,-123.55331449353068,-220.09364417312565,-235.0454664756122,84.11539999439233,-22.65185791422971,140.54107537540895,-85.35155213918074,255.82325357741863,23.22711138705767,-290.7000781792169,-111.59487625926282,-301.9437227665349,106.93362225337059,10.826480070897036,-424.682556423529,-73.63612489611597,-180.49700270187148,-383.79880978924166,132.83187924065396,-117.60116670557412,60.92457098504802,-63.451629103876606,-13.247536617208782,-33.70634011479762,-140.3952827205391,268.90701407425667,-111.58374146382471,-296.4570134701476,-107.04684799433952,131.2461469088449,311.8053443130039,-250.05952390948525,343.99353829823184,469.161582922949
-8.766989526492754,49.22265685786135,40.806659211484764,3.4990290310248136,15.4696132879685,-7.370954489373039,-9.091265509181365,-11.637464404165403,-35.46497607362884,4.941961162896823,12.479723576995992,24.194000409701555,24.299624105076155,-9.159454826061483,3.1167268160284625,-14.599101411000664,9.757750241875316,-28.16358005166658,-1.8795035863665788,32.08366585416423,11.75603514859664,32.78077287984409,-11.85680345204454,-0.771265086603414,45.24816140562705,8.21015549516789,18.753183100449903,40.77447239746188,-14.42163463474314,12.479590665661316,-6.0107732602995245,5.963112763381623,1.3052583436442913,2.466533710034117,15.563342257507172,-28.208486599365038,11.854439460591967,31.829222566762013,12.37638444865124,-14.276398615473706,-33.73782084502385,27.15611085540991,-36.78973503668367,-49.31068769996957
-28.808479066440192,174.59250155651725,141.28159325256834,11.856459334941055,51.82075891347082,-29.309827991191284,-26.367206129519477,-40.86104823657462,-123.55331449353068,12.479723576995992,46.66589630996235,81.71224440726704,88.21636708398168,-31.27602613465893,7.990400465029727,-52.586360452975406,31.439310076347603,-94.82716813209657,-9.00112143046819,107.83934910229245,41.72499683552509,112.29411081450216,-39.6102888615563,-4.281279627532885,158.56441940037456,27.17008467121842,67.72582439036712,143.40726546697886,-49.381720543717165,43.9660610497845,-23.151681941233345,24.228788752498076,4.929597261870611,13.330411135968136,51.9452632739486,-100.66270273466746,41.63481330865154,110.53109684416063,39.27423512474307,-48.78260718776229,-116.08989055737948,92.93895093125968,-128.26541041735553,-175.58569393443122
-52.035612641297575,309.9186866507628,252.15391938884778,21.25543100530587,93.25176409427672,-50.87781244935784,-49.272480939308416,-72.8516816041567,-220.09364417312565,24.194000409701555,81.71224440726704,146.9313871269347,155.688044609104,-55.88161477632357,15.273518644215212,-93.02320827071604,56.8828950329787,-170.53956776534432,-14.936429214735703,193.78779146084784,73.95843038518223,200.96834690368462,-71.28717063738007,-7.1618622640556,282.1589937895122,49.049891702612385,119.53364205473781,255.0233905238031,-88.49042533697879,78.21884726747415,-40.34357304968988,41.52285314924018,8.68093701332852,21.44574741501194,93.72794285930033,-178.35026808543088,74.08623407591267,196.9961534858793,71.60872897120234,-87.34204698112907,-207.41194009781543,166.31591028499105,-228.47623954723304,-311.15265905149437
-55.105380549416594,331.8567955170365,268.9627924030737,22.52530717512932,98.94271458790183,-55.477611564517325,-50.80365244697225,-77.77196880440941,-235.0454664756122,24.299624105076155,88.21636708398168,155.688044609104,167.4407982812861,-59.516480657596645,15.525526959367927,-100.06874253898705,60.01801931278408,-180.87087548389596,-16.91349059586582,205.42510332724206,79.25639349333996,213.87569169706467,-75.53837041569169,-8.014586527103518,301.3499787346248,51.94163408036786,128.4541624028021,272.5793837380905,-94.13770785156888,83.55732712664148,-43.683446259907434,45.62170059747515,9.455293015801766,24.701767972284696,99.1644982207886,-191.1674638596043,79.21641186612773,210.19107062183923,75.1782224404111,-92.91264555782837,-220.9653756380874,177.0335016276415,-243.99199781898548,-333.5115120910923
19.882080104686917,-118.34029653540519,-96.29975015100847,-8.15214092095559,-35.56639565669735,19.39414538234697,18.696936209813135,27.686650228781957,84.11539999439233,-9.159454826061483,-31.27602613465893,-55.88161477632357,-59.516480657596645,21.446924555251094,-5.880699228533291,35.58898558847656,-21.78511004741618,64.98667028846938,5.830849751977281,-73.93412390767227,-28.28667682023319,-76.6910629516013,27.22746923394269,2.593901921728154,-107.75472437488844,-18.693163516013286,-45.790112460001346,-97.37580258070595,33.666404115121026,-29.85173076564135,15.388079798242249,-16.022202694350565,-3.3101049026529816,-8.542045106745844,-35.61869560104997,68.15749039129548,-28.277929283967854,-75.29142040420874,-27.29553205025141,33.313719682928436,79.20180227556766,-63.50585761092746,87.26082265014816,118.91283811779948
-5.646641272152142,31.36134728891574,26.009135573730145,2.2049587555871257,9.867197195594313,-4.64669082303513,-5.74916517964135,-7.331925594529063,-22.65185791422971,3.1167268160284625,7.990400465029727,15.273518644215212,15.525526959367927,-5.880699228533291,2.1396212073996677,-9.362769631532478,6.302501891932046,-17.801614195070332,-1.2435894875585083,20.405140368450613,7.449832712936393,20.84557839043102,-7.566473555061084,-0.372340358922068,28.787123353092323,5.201273035458692,12.021954032155465,25.983277099801196,-9.127494386793567,7.9296921524753285,-3.840364137613762,3.9367511064977503,0.8366233135816825,1.7278665545495036,9.828968987549112,-17.95599174937628,7.53861575943798,20.33576898485379,7.824799852450249,-9.085353311471348,-21.52394607814966,17.289755116096913,-23.490658683088288,-31.55739003691722
33.08100507337546,-198.57948504440276,-161.0322167076434,-13.361242806101231,-59.277671048688156,33.291636826515216,30.503509154915946,46.53429045235017,140.54107537540895,-14.599101411000664,-52.586360452975406,-93.02320827071604,-100.06874253898705,35.58898558847656,-9.362769631532478,60.11924895820372,-35.73316397891917,108.24555438440603,10.247221464770297,-122.71586525818898,-47.397359374996505,-127.9380402918701,45.25139066677427,4.72936640010798,-179.98891279474552,-31.2649968707744,-76.82662024401283,-162.98619653897543,56.317329658754,-49.89432241390166,25.922131038445723,-27.200591894956453,-5.733493775933616,-14.673061799461099,-59.37399005505087,114.21963243940492,-47.4267288239859,-125.55200183238641,-44.97933391328778,55.57585886168595,132.17506329817806,-105.91203481602005,145.81458378553322,199.25109689453797
-20.320509356148378,119.50240141041628,97.57295313637267,8.302091755337031,36.26937587107087,-19.05679758564306,-19.473345666013753,-27.944185180315902,-85.35155213918074,9.757750241875316,31.439310076347603,56.8828950329787,60.01801931278408,-21.78511004741618,6.302501891932046,-35.73316397891917,22.67339500950653,-66.13471225420044,-5.592799218326028,75.45571031115747,28.66292581707743,77.89490355943241,-27.683089957937096,-2.419625001972995,109.27033731105053,18.94315038837782,46.0963564073942,98.43194563435574,-34.22270195466189,30.186590996252217,-15.407788280644217,16.031101186421814,3.313863995520701,8.297090866723693,36.29055273650991,-68.89562849280797,28.56812854944929,76.47964261392764,28.181881760849468,-33.888013787591966,-80.40823255796785,64.54741255877008,-88.6471184629374,-120.41353786277192
60.58589160215403,-360.15433052632153,-293.1225556635139,-24.64589685184779,-108.4663916172993,59.11281425029555,57.281031871965446,84.60797334627892,255.82325357741863,-28.16358005166658,-94.82716813209657,-170.53956776534432,-180.87087548389596,64.98667028846938,-17.801614195070332,108.24555438440603,-66.13471225420044,198.2732893517705,17.49490815294165,-225.12865306700888,-86.03230679336659,-233.52543673884327,82.84659202478429,8.263860992778232,-327.7484776893589,-57.158939995168055,-138.89766781400925,-296.1712222418957,102.83154890989387,-90.77518171051805,46.65527893231385,-48.27229770779152,-10.188512931535856,-25.046905328417147,-108.90628301407554,207.23913592287994,-86.12742975804517,-228.86994802232084,-83.3039280130453,101.50991514892266,240.99824539635833,-193.32150454313833,265.5231224458978,361.4660427245366
5.30842117208223,-33.163125121169195,-26.553187538364043,-2.1348863261742106,-9.583515000177204,5.91654835884052,4.450436049159506,7.6681122627035885,23.22711138705767,-1.8795035863665788,-9.00112143046819,-14.936429214735703,-16.91349059586582,5.830849751977281,-1.2435894875585083,10.247221464770297,-5.592799218326028,17.49490815294165,2.110386637893036,-19.736909165784073,-8.018007950045295,-20.886815733202347,7.279032163332454,0.8772039836573732,-29.7405667987908,-5.110707737497843,-12.99083116641247,-26.98458223828414,9.157441089835203,-8.221348297368726,4.380577300788849,-4.906964058733397,-1.0267159665215861,-3.073766579962827,-9.507032152154567,19.112435175567075,-7.876202525176004,-20.621332773584776,-7.030923386096181,9.069148173340967,21.633822506291988,-17.32861802653748,24.062946844324138,33.25731051786369
-68.7990560613217,408.942872347862,332.9018007522927,28.098797976787647,123.1692770168079,-66.80805829016357,-65.17521885869213,-95.94846799643754,-290.7000781792169,32.08366585416423,107.83934910229245,193.78779146084784,205.42510332724206,-73.93412390767227,20.405140368450613,-122.71586525818898,75.45571031115747,-225.12865306700888,-19.736909165784073,256.0442920900721,97.71979148823554,265.3287395697813,-94.16393397297011,-9.178193935954303,372.5517487440486,64.77584924375736,157.8516415048641,336.5008212748213,-116.70543942057046,103.1504838206947,-53.0945125192939,54.91664077181893,11.438917514497241,28.574665465914286,123.62274117422156,-235.41582928744293,97.74427370894914,260.23892690415164,94.7471525384885,-115.32919807098266,-273.8889802275277,219.65542955356355,-301.7476857159212,-410.82142696620997
-26.168881101085756,157.32626480861273,127.71481926201578,10.726805077003336,47.06591258354462,-26.08435229500419,-24.367528585566703,-36.83738584906244,-111.59487625926282,11.75603514859664,41.72499683552509,73.95843038518223,79.25639349333996,-28.28667682023319,7.449832712936393,-47.397359374996505,28.66292581707743,-86.03230679336659,-8.018007950045295,97.71979148823554,37.913196859817525,101.56250567367039,-35.883470108687234,-3.7238307384916816,143.0650827819961,24.808797312203936,60.85704211650253,129.13985953003862,-44.65792845138164,39.531200288265595,-20.45432703763485,21.455222059341825,4.474925816644685,11.699517023727807,47.1153178682463,-90.68261900380743,37.54448040721515,99.73218264456186,36.110964145210374,-44.14789659696338,-104.87604702840669,84.14682078299903,-115.85630744733129,-158.05845441749062
-71.32991061451094,425.3453682144366,345.8516215151526,29.076437655356138,127.76603714124944,-70.03991499488605,-67.0870015435142,-99.80474254041337,-301.9437227665349,32.78077287984409,112.29411081450216,200.96834690368462,213.87569169706467,-76.6910629516013,20.84557839043102,-127.9380402918701,77.89490355943241,-233.52543673884327,-20.886815733202347,265.3287395697813,101.56250567367039,275.4571524765246,-97.64592863671716,-9.759678989503966,386.94461507880754,67.22425772060434,164.26380999030445,349.79894889470506,-121.20302658104482,107.2090845427598,-55.37732112024879,57.398111607234135,11.984167576285007,30.13027679022965,128.19256700418867,-244.79402639868022,101.64245717364136,270.1816398911082,97.89169552164421,-119.6860865685333,-284.3857790460962,228.00035263110522,-313.39230186101287,-427.147852196777
25.364023298605794,-150.4980426154827,-122.57449984092553,-10.310415480802728,-45.349637592002836,24.628469481808622,24.055942974745612,35.31636622685482,106.93362225337059,-11.85680345204454,-39.6102888615563,-71.28717063738007,-75.53837041569169,27.22746923394269,-7.566473555061084,45.25139066677427,-27.683089957937096,82.84659202478429,7.279032163332454,-94.16393397297011,-35.883470108687234,-97.64592863671716,34.738125078718085,3.331352659258668,-136.9870467624828,-23.877158781546523,-58.11429504501644,-123.87511032605526,42.926052239903754,-37.958821606225385,19.505071714957808,-20.160241700447916,-4.214412055061172,-10.432478727756333,-45.50775406840177,86.56666459254704,-35.98761888202821,-95.71746876230323,-34.8366798153421,42.430390895866054,100.8325775079891,-80.83572478439959,110.93487162903469,151.06006223304763
2.3760617679298197,-15.678427203052893,-12.374465891404869,-1.0035467123219803,-4.453904386878495,3.051243914056703,1.8866102007138232,3.835690982847273,10.826480070897036,-0.771265086603414,-4.281279627532885,-7.1618622640556,-8.014586527103518,2.593901921728154,-0.372340358922068,4.72936640010798,-2.419625001972995,8.263860992778232,0.8772039836573732,-9.178193935954303,-3.7238307384916816,-9.759678989503966,3.331352659258668,0.8063845815963584,-13.998449161742448,-2.353570601513314,-6.0147351135028,-12.702684972700968,4.453749001525887,-3.903552948921886,2.246316015317996,-2.210787565597263,-0.522318708846537,-1.2342466787002464,-4.564247026804548,9.071999386127827,-3.7390197990607668,-9.62880497536331,-3.1859256949357047,4.254128398255608,10.0490418779737,-8.048526333427032,11.298661114691285,15.65692214095903
-99.8954601777818,598.5339667394293,486.0792350020042,40.90006023559311,179.25293699678838,-98.95321214781796,-93.3992432103088,-140.341534359471,-424.682556423529,45.24816140562705,158.56441940037456,282.1589937895122,301.3499787346248,-107.75472437488844,28.787123353092323,-179.98891279474552,109.27033731105053,-327.7484776893589,-29.7405667987908,372.5517487440486,143.0650827819961,386.94461507880754,-136.9870467624828,-13.998449161742448,544.530559579126,94.19501158034377,231.41898533677238,492.0626628261018,-170.17788156931914,150.81684734986027,-78.31629101697473,81.3727403037579,16.867820056497344,43.30052449213082,179.81489953581251,-344.73652976734206,142.94538960732694,379.9837579684079,137.0784081891991,-168.13932518172163,-399.60845224636813,320.36889879283,-440.8026372113703,-601.4495626007118
-17.51932206781001,103.68744096099844,84.46883541769925,7.025494971614662,31.30712314064669,-17.046170792188992,-16.619561889022904,-24.382714720878162,-73.63612489611597,8.21015549516789,27.17008467121842,49.049891702612385,51.94163408036786,-18.693163516013286,5.201273035458692,-31.2649968707744,18.94315038837782,-57.158939995168055,-5.110707737497843,64.77584924375736,24.808797312203936,67.22425772060434,-23.877158781546523,-2.353570601513314,94.19501158034377,16.695663364504362,39.95007627197416,85.15045523840908,-29.602208401861795,26.00607266470368,-13.236176374386478,13.785158076970626,2.9800873032469974,7.057469647677747,31.434396411249157,-59.548091628126606,24.821573664329726,65.76195902291562,24.021464434864885,-29.256111195694913,-69.34280931575289,55.70920718416981,-76.36411921719923,-103.83873418940445
-42.33837939597647,254.7910863965193,206.60588619049298,17.307652243785586,75.97108516813417,-42.49855497445407,-39.13791981626927,-59.6430691937546,-180.49700270187148,18.753183100449903,67.72582439036712,119.53364205473781,128.4541624028021,-45.790112460001346,12.021954032155465,-76.82662024401283,46.0963564073942,-138.89766781400925,-12.99083116641247,157.8516415048641,60.85704211650253,164.26380999030445,-58.11429504501644,-6.0147351135028,231.41898533677238,39.95007627197416,98.73440838591397,209.34651842590836,-72.19380926545307,64.1250896670591,-33.47035424606885,34.993896363468934,7.2069505442476185,18.9818136775886,76.128329677234575,-146.74208941842434,60.818996102725734,161.44529991912216,57.7835889883481,-71.35089659748132,-169.76328907535068,135.9814486579709,-187.28517033431814,-255.98599961132956
-90.32763108625525,541.353970547939,439.52179836808176,36.88927200509108,161.99042212388756,-89.80742129151581,-84.28071538796151,-126.97962187238049,-383.79880978924166,40.77447239746188,143.40726546697886,255.0233905238031,272.5793837380905,-97.37580258070595,25.983277099801196,-162.98619653897543,98.43194563435574,-296.1712222418957,-26.98458223828414,336.5008212748213,129.13985953003862,349.79894889470506,-123.87511032605526,-12.702684972700968,492.0626628261018,85.15045523840908,209.34651842590836,445.12469275168456,-153.87241920803905,136.4427185605647,-70.9511265208388,73.63817687184518,15.248637291752068,39.104434373024276,162.51291434233488,-311.6388806581457,129.30675642416406,343.39547340572494,123.55031290041688,-151.94796161809563,-361.3343861293905,289.5060991563128,-398.318050457565,-543.7348920949972
31.422985078368292,-187.22556680405134,-152.17765420297647,-12.743230408483901,-56.262446700488006,30.93784328515798,29.46815745058747,44.023454285889514,132.83187924065396,-14.42163463474314,-49.381720543717165,-88.49042533697879,-94.13770785156888,33.666404115121026,-9.127494386793567,56.317329658754,-34.22270195466189,102.83154890989387,9.157441089835203,-116.70543942057046,-44.65792845138164,-121.20302658104482,42.926052239903754,4.453749001525887,-170.17788156931914,-29.602208401861795,-72.19380926545307,-153.87241920803905,53.48446953934447,-47.17656336700464,24.365177780552084,-25.22121455627716,-5.343698427366602,-13.118558496714101,-56.509935354465505,107.72795878120489,-44.75394907834114,-118.82605268807791,-43.05972400928256,52.696131535145526,125.09172158026415,-100.28185054941075,137.9323479994723,187.94857133227592
-27.66806357028657,165.8604871820848,134.65551308489202,11.357870498717796,49.62602527220562,-27.51087298714206,-25.808933397389247,-38.91005229640686,-117.60116670557412,12.479590665661316,43.9660610497845,78.21884726747415,83.55732712664148,-29.85173076564135,7.9296921524753285,-49.89432241390166,30.186590996252217,-90.77518171051805,-8.221348297368726,103.1504838206947,39.531200288265595,107.2090845427598,-37.958821606225385,-3.903552948921886,150.81684734986027,26.00607266470368,64.1250896670591,136.4427185605647,-47.17656336700464,41.89726667692229,-21.799608373421997,22.56374314805662,4.661746286256906,11.997547964977034,49.805307884062245,-95.52421460231663,39.614276594073104,105.25604698317736,37.8586334340662,-46.557445022798326,-110.72581120780744,88.69762421719143,-122.07279019276014,-166.62800890310513
14.11026672802172,-86.22778138060099,-69.624507750636,-5.881448532862144,-25.46763987398925,14.621709209570836,12.815689428045463,20.248116637079125,60.92457098504802,-6.0107732602995245,-23.151681941233345,-40.34357304968988,-43.683446259907434,15.388079798242249,-3.840364137613762,25.922131038445723,-15.407788280644217,46.65527893231385,4.380577300788849,-53.0945125192939,-20.45432703763485,-55.37732112024879,19.505071714957808,2.246316015317996,-78.31629101697473,-13.236176374386478,-33.47035424606885,-70.9511265208388,24.365177780552084,-21.799608373421997,11.709367115876937,-12.032393780961213,-2.3896922396129674,-6.578073698517041,-25.563917687209027,49.74564584146989,-20.560168222447533,-54.589579462425625,-19.141265525895545,24.015935232088555,57.285888603572076,-45.783453118496816,63.26942239464086,86.83874526044939
-14.705859332504348,89.83456990372164,72.41757429897902,6.000030029721325,26.42933693510279,-15.288040601489714,-13.029708536789737,-20.90212761595586,-63.451629103876606,5.963112763381623,24.228788752498076,41.52285314924018,45.62170059747515,-16.022202694350565,3.9367511064977503,-27.200591894956453,16.031101186421814,-48.27229770779152,-4.906964058733397,54.91664077181893,21.455222059341825,57.398111607234135,-20.160241700447916,-2.210787565597263,81.3727403037579,13.785158076970626,34.993896363468934,73.63817687184518,-25.22121455627716,22.56374314805662,-12.032393780961213,12.90260776746236,2.597566330363619,7.416664261780298,26.376894983386226,-51.86000599830211,21.398856160213608,56.705987732287866,19.76977997440645,-24.941063547000827,-59.45076020187199,47.533042556391734,-65.87347144469165,-90.53167571811872
-3.142899824568701,18.745532510405347,15.15941910210531,1.2138295471262943,5.6050636773993565,-3.232733303953629,-2.7819800549084484,-4.415855569798038,-13.247536617208782,1.3052583436442913,4.929597261870611,8.68093701332852,9.455293015801766,-3.3101049026529816,0.8366233135816825,-5.733493775933616,3.313863995520701,-10.188512931535856,-1.0267159665215861,11.438917514497241,4.474925816644685,11.984167576285007,-4.214412055061172,-0.522318708846537,16.867820056497344,2.9800873032469974,7.2069505442476185,15.248637291752068,-5.343698427366602,4.661746286256906,-2.3896922396129674,2.597566330363619,0.6255252810583024,1.4128634523198857,5.617229151237893,-10.779544401436711,4.4928081782443785,11.758352741354122,4.201401631599239,-5.237059694750554,-12.351811312908595,9.947223137921055,-13.750061663204649,-18.759696305441203
-7.5358659285674845,47.952049740978254,38.2641151258558,3.233926326978588,13.69024119498975,-8.477637605445583,-6.072100203038369,-10.931252430080757,-33.70634011479762,2.466533710034117,13.330411135968136,21.44574741501194,24.701767972284696,-8.542045106745844,1.7278665545495036,-14.673061799461099,8.297090866723693,-25.046905328417147,-3.073766579962827,28.574665465914286,11.699517023727807,30.13027679022965,-10.432478727756333,-1.2342466787002464,43.30052449213082,7.057469647677747,18.9818136775886,39.104434373024276,-13.118558496714101,11.997547964977034,-6.578073698517041,7.416664261780298,1.4128634523198857,5.077891078212033,13.451246305365478,-27.8942445093904,11.329443960529325,30.077138758485336,10.112766751305333,-13.041203408311816,-31.286605303488454,24.9736849903023,-34.99262739546781,-48.54177678169291
-33.31223718158235,197.6243395775942,160.8881845024528,13.48756549460668,59.59437258694634,-32.42548011546241,-31.5844562054868,-46.49818327169948,-140.3952827205391,15.563342257507172,51.9452632739486,93.72794285930033,99.1644982207886,-35.61869560104997,9.828968987549112,-59.37399005505087,36.29055273650991,-108.90628301407554,-9.507032152154567,123.62274117422156,47.1153178682463,128.19256700418867,-45.50775406840177,-4.564247026804548,179.81489953581251,31.434396411249157,76.128329677234575,162.51291434233488,-56.509935354465505,49.805307884062245,-25.563917687209027,26.376894983386226,5.617229151237893,13.451246305365478,59.93442325969282,-113.65055553266642,47.28628773827207,125.57125566996592,45.75122088088556,-55.76057981032606,-132.25864520482662,106.13335211989015,-145.71040313083375,-198.2704713702872
63.14181834752625,-379.314295769419,-307.7463804531085,-25.83320315928144,-113.34676123400745,63.11063173640021,58.57074094274265,88.93063844878839,268.90701407425667,-28.208486599365038,-100.66270273466746,-178.35026808543088,-191.1674638596043,68.15749039129548,-17.95599174937628,114.21963243940492,-68.89562849280797,207.23913592287994,19.112435175567075,-235.41582928744293,-90.68261900380743,-244.79402639868022,86.56666459254704,9.071999386127827,-344.73652976734206,-59.548091628126606,-146.74208941842434,-311.6388806581457,107.72795878120489,-95.52421460231663,49.74564584146989,-51.86000599830211,-10.779544401436711,-27.8942445093904,-113.65055553266642,218.53920099480283,-90.59093578338856,-240.4981032328315,-86.418948543536,106.37791825118552,252.8635444562705,-202.67659972215512,279.11984569505904,381.1270441032411
-26.295460526677864,157.37879515724023,127.7881054465062,10.681139370010872,47.12626935942307,-26.170217374092655,-24.481695562613865,-36.94498599422903,-111.58374146382471,11.854439460591967,41.63481330865154,74.08623407591267,79.21641186612773,-28.277929283967854,7.53861575943798,-47.4267288239859,28.56812854944929,-86.12742975804517,-7.876202525176004,97.74427370894914,37.54448040721515,101.64245717364136,-35.98761888202821,-3.7390197990607668,142.94538960732694,24.821573664329726,60.818996102725734,129.30675642416406,-44.75394907834114,39.614276594073104,-20.560168222447533,21.398856160213608,4.4928081782443785,11.329443960529325,47.28628773827207,-90.59093578338856,37.632468148346646,99.7559137015125,35.89800474396302,-44.18018659464534,-104.98134132204318,84.16133378777764,-115.78480517806443,-157.98427887095525
-69.87188569119155,417.5892729986217,339.3192057889197,28.571167487827715,125.22647127814386,-68.85101172134618,-65.41412284670592,-97.89349556500427,-296.4570134701476,31.829222566762013,110.53109684416063,196.9961534858793,210.19107062183923,-75.29142040420874,20.33576898485379,-125.55200183238641,76.47964261392764,-228.86994802232084,-20.621332773584776,260.23892690415164,99.73218264456186,270.1816398911082,-95.71746876230323,-9.62880497536331,379.9837579684079,65.76195902291562,161.44529991912216,343.39547340572494,-118.82605268807791,105.25604698317736,-54.589579462425625,56.705987732287866,11.758352741354122,30.077138758485336,125.57125566996592,-240.4981032328315,99.7559137015125,265.31728889491404,95.82339807098396,-117.40211963836325,-279.0332726244069,223.67902525078037,-307.70815325452907,-419.69747585292504
-25.5105760013208,150.1249292809856,122.66476668127694,10.400766603237168,45.62515872183397,-24.08020128081112,-24.639188561364236,-35.22769940777962,-107.04684799433952,12.37638444865124,39.27423512474307,71.60872897120234,75.1782224404111,-27.29553205025141,7.824799852450249,-44.97933391328778,28.181881760849468,-83.3039280130453,-7.030923386096181,94.7471525384885,36.110964145210374,97.89169552164421,-34.8366798153421,-3.1859256949357047,137.0784081891991,24.021464434864885,57.7835889883481,123.55031290041688,-43.05972400928256,37.8586334340662,-19.141265525895545,19.76977997440645,4.201401631599239,10.112766751305333,45.75122088088556,-86.418948543536,35.89800474396302,95.82339807098396,35.59530325831633,-42.570468855622835,-100.94173892288785,81.08679463890213,-111.14923277777848,-150.77095956711926
31.02973403015698,-184.82451361392614,-150.30034032725965,-12.614513526869011,-55.557018789724346,30.417755095302613,29.18185488695014,43.38360294462336,131.2461469088449,-14.276398615473706,-48.78260718776229,-87.34204698112907,-92.91264555782837,33.313719682928436,-9.085353311471348,55.57585886168595,-33.888013787591966,101.50991514892266,9.069148173340967,-115.32919807098266,-44.14789659696338,-119.6860865685333,42.430390895866054,4.254128398255608,-168.13932518172163,-29.256111195694913,-71.35089659748132,-151.94796161809563,52.696131535145526,-46.557445022798326,24.015935232088555,-24.941063547000827,-5.237059694750554,-13.041203408311816,-55.76057981032606,106.37791825118552,-44.18018659464534,-117.40211963836325,-42.570468855622835,52.044082360747325,123.55918424400468,-99.1012926961336,136.22382070714877,185.6108629773443
73.62892542844389,-439.33711934272037,-357.1588796384229,-29.97753659763751,-131.87737450298627,72.38407933190038,69.15001897584663,103.03872883040097,311.8053443130039,-33.73782084502385,-116.08989055737948,-207.41194009781543,-220.9653756380874,79.20180227556766,-21.52394607814966,132.17506329817806,-80.40823255796785,240.99824539635833,21.633822506291988,-273.8889802275277,-104.87604702840669,-284.3857790460962,100.8325775079891,10.0490418779737,-399.60845224636813,-69.34280931575289,-169.76328907535068,-361.3343861293905,125.09172158026415,-110.72581120780744,57.285888603572076,-59.45076020187199,-12.351811312908595,-31.286605303488454,-132.25864520482662,252.8635444562705,-104.98134132204318,-279.0332726244069,-100.94173892288785,123.55918424400468,293.73614746530444,-235.38636330858856,323.62456384114375,441.27045843089127
-59.06429342562419,352.08718247420467,286.33693176660984,24.07808007993646,105.81025734356396,-57.94350608622651,-55.567035919301226,-82.60486297122887,-250.05952390948525,27.15611085540991,92.93895093125968,166.31591028499105,177.0335016276415,-63.50585761092746,17.289755116096913,-105.91203481602005,64.54741255877008,-193.32150454313833,-17.32861802653748,219.65542955356355,84.14682078299903,228.00035263110522,-80.83572478439959,-8.048526333427032,320.36889879283,55.70920718416981,135.9814486579709,289.5060991563128,-100.28185054941075,88.69762421719143,-45.783453118496816,47.533042556391734,9.947223137921055,24.9736849903023,106.13335211989015,-202.67659972215512,84.16133378777764,223.67902525078037,81.08679463890213,-99.1012926961336,-235.38636330858856,188.82911943605652,-259.4909428639416,-353.6242602246554
81.07067240913966,-484.6518355050845,-393.71149807634015,-33.06827304143369,-145.322436895696,80.06084892915909,75.73752231706808,113.64472837825012,343.99353829823184,-36.78973503668367,-128.26541041735553,-228.47623954723304,-243.99199781898548,87.26082265014816,-23.490658683088288,145.81458378553322,-88.6471184629374,265.5231224458978,24.062946844324138,-301.7476857159212,-115.85630744733129,-313.39230186101287,110.93487162903469,11.298661114691285,-440.8026372113703,-76.36411921719923,-187.28517033431814,-398.318050457565,137.9323479994723,-122.07279019276014,63.26942239464086,-65.87347144469165,-13.750061663204649,-34.99262739546781,-145.71040313083375,279.11984569505904,-115.78480517806443,-307.70815325452907,-111.14923277777848,136.22382070714877,323.62456384114375,-259.4909428639416,357.09739241166335,487.02969443388207
110.24111325291805,-661.69285789691,-536.8673820325366,-45.01716124633797,-197.79282960818375,109.89342095320357,102.33988904355988,155.08162734093852,469.161582922949,-49.31068769996957,-175.58569393443122,-311.15265905149437,-333.5115120910923,118.91283811779948,-31.55739003691722,199.25109689453797,-120.41353786277192,361.4660427245366,33.25731051786369,-410.82142696620997,-158.05845441749062,-427.147852196777,151.06006223304763,15.65692214095903,-601.4495626007118,-103.83873418940445,-255.98599961132956,-543.7348920949972,187.94857133227592,-166.62800890310513,86.83874526044939,-90.53167571811872,-18.759696305441203,-48.54177678169291,-198.2704713702872,381.1270441032411,-157.98427887095525,-419.69747585292504,-150.77095956711926,185.6108629773443,441.27045843089127,-353.6242602246554,487.02969443388207,665.1283234397611
