V1,V2,V3,V4,V5,V6,V7,V8,V9,V10,V11,V12,V13,V14,V15,V16,V17,V18,V19,V20,V21,V22,V23,V24,V25,V26,V27,V28,V29,V30,V31,V32,V33,V34,V35,V36,V37,V38,V39,V40,V41,V42,V43,V44
0.36341959987804245,0.7934300192833337,-0.0786582476376338,0.01783731081780721,-0.5459352961206687,-0.8156399959103016,1.0451108515977308,-0.213112104953298,-0.4002323367253354,-0.6850685226026123,0.9481619485456537,-0.44509000221821443,0.6192393514428213,-0.019223498421869285,-0.5432682157001709,-0.048167679840120256,-0.5358028057935383,0.6028720439422258,-0.4982417866483299,-0.3854139319739335,0.09013106306127582,-0.26639351524061733,0.230849528423109,-0.34886862813423514,0.5902123154100465,0.21595366382584075,0.8904208484105515,0.4358888741316152,0.20663001440139042,-0.17495699559576527,-0.473685354386225,0.6884952222415266,-0.025639205213088087,0.5872987234701947,-0.24088742368669527,-0.6008680275215358,0.21919076804053644,0.2719293901998386,-1.088590915792203,-0.07019446028692476,0.26636070452293814,0.003090833806283499,-0.05154190669621498,-0.9163557816330374
0.7934300192833337,2.1452904329574682,-0.0065041841847403884,-0.36767288244322516,-1.1847127719159094,-1.8682100985128143,2.5253145086889144,-0.29188083771352297,-0.6695844005999917,-2.0635745687904636,2.4657671366554164,-0.8316170360285096,1.8058898798445675,0.25866318982891806,-1.2900378292533046,-0.4779342908638765,-1.09381189906704,1.739367837631145,-1.3030037849653529,-1.2760217227901416,0.6767996029782182,-0.9525632295570107,0.6327311658524768,-0.6217290052395869,1.116614994926362,-0.2519093075986433,1.9273537638380196,1.1550682301996065,0.3674959305048087,0.07271836405721116,-1.0371817553605818,2.18744901502665,0.03307986558743355,2.021993179863698,-0.6660678113002753,-1.7199552016635449,0.4802962029084463,0.17786707363441626,-2.1742323140323463,-0.07699387967910382,0.3760214417869223,-0.49706973041002367,-0.40600133481581574,-2.4672667219829845
-0.0786582476376338,-0.0065041841847403884,0.08636390116421057,-0.15345276634408883,0.143814924318261,0.1444984068806256,-0.1088771388906651,0.1335861060129741,0.19006533618363397,-0.12173762787777519,-0.09538481112791687,0.11554344923499507,0.08936572934031925,0.11973520912075818,0.0708232283791645,-0.20151542908342648,0.15665531996284404,0.0335964052168082,0.01305503332289128,-0.14147662367333724,0.17758694320329863,-0.07415024259235956,0.013833708798038568,0.1335572661473868,-0.21289141443760887,-0.3986068263860733,-0.23415250815658978,-0.011246522822771625,-0.07442384111780423,0.25508829668671,0.08444201866800212,0.12622796006677728,0.054916046148400385,0.25485057211336704,-0.055841755737432955,-0.029748178850634816,-0.064848553891839,-0.22788995324697056,0.3522763745121444,0.08741663321830843,-0.1493068522706177,-0.21712150465028587,-0.12263462540194234,-0.01659577087881198
0.01783731081780721,-0.36767288244322516,-0.15345276634408883,0.5151301717296205,0.1322171810863001,0.0568325833804836,-0.03536464271103327,-0.058455236807192466,-0.06332579299818433,0.2351146743129343,-0.6908481540142827,-0.4352868132232661,-0.11578778153554282,-0.3370934628252192,0.03514026297785415,-0.07169887112186847,-0.042913360731167915,-0.43228278103199314,0.11531783433598126,0.058446383105990596,-0.4551494529561464,0.4810390967413152,-0.02844032444402298,-0.15345063679032822,0.09639834765306135,0.2998528766010337,-0.18096280056777478,-0.16737466370572646,0.11252915330760097,-0.21029068447880128,-0.14545985526193828,-0.6520470130678334,0.013376708080902452,-0.09918543260222437,-0.2451003420194671,0.4014481803133443,-0.12326470692159167,0.4235568227159862,-0.0021615461441976975,0.22625151568354684,0.15529418035996642,0.39324137568375167,0.18263951355088257,0.21702660190940157
-0.5459352961206687,-1.1847127719159094,0.143814924318261,0.1322171810863001,1.105028076581333,1.2523061605832084,-1.304343216089817,0.5465136944796078,0.8983089709403049,0.49582452735166715,-2.0024462848399307,0.2109443090362561,-0.3981296650937262,-0.013943192011554657,0.7442257648360009,-0.6959210769394102,0.9187464973228806,-0.9523894066008548,0.6212009090513251,-0.05679163850023641,-0.07647631018393326,0.5867524762412394,-0.18845150640536193,0.5413205124922433,-1.092312842700633,-1.1082803515894761,-1.7673622544713006,-0.6343867278514024,-0.2794736783034695,0.7153186448800326,0.5026775456002208,-1.0092302363239412,0.21697927901437414,0.18877202180310682,-0.28417932749728275,0.9362445371634329,-0.5600625488066925,-0.4518456602272092,2.0853069875218155,0.6326491193915708,-0.5152418955914567,-0.22306891622806233,-0.11410895626134376,1.0260352920548708
-0.8156399959103016,-1.8682100985128143,0.1444984068806256,0.0568325833804836,1.2523061605832084,1.8662316285275444,-2.3664460560238827,0.4783772854174775,0.8847600490343729,1.5903366795020597,-2.2598944307781528,0.9185274782849356,-1.4212255278345682,-0.02487896297972485,1.2379374198870792,0.10520451168610111,1.2177897427090651,-1.4339110765857275,1.147222604192148,0.8884726375476879,-0.2820894156560112,0.6867917279785307,-0.5267948870286987,0.7687839910447781,-1.3064122865966283,-0.43487281568014374,-2.037355028691638,-1.018887140437258,-0.4379385873406164,0.3523322240643366,1.0427826618313323,-1.663507895081034,0.056100721682361666,-1.3320628730737285,0.4919036063014198,1.4284645370628584,-0.5205154105154431,-0.5276552392012599,2.4569277203820823,0.19676499801530808,-0.572708050135705,0.06890995501157963,0.1449464261622317,2.099908583068487
1.0451108515977308,2.5253145086889144,-0.1088771388906651,-0.03536464271103327,-1.304343216089817,-2.3664460560238827,3.3977416745732216,-0.29567878136557946,-0.7606748978047791,-2.7944322715506207,2.424591838663399,-1.6284824898170425,2.5396637986841064,0.07703751471668266,-1.6857701667284606,-1.063935966858793,-1.3845621951285398,1.9433501079925615,-1.677794837951742,-1.9477972434646973,0.5931591563254816,-0.809778801042172,0.8873166476284163,-0.8997158590215005,1.4094954039116188,-0.5292567704409971,2.1565754737316634,1.3886313513522979,0.5779559865037457,0.17845138983378014,-1.5583144999880765,2.4058699285161893,0.14187566847118968,3.1225564644629147,-1.3781690072151829,-1.93573572444586,0.41644906819018773,0.5058736430345468,-2.5945207802221573,0.33294095310399185,0.5398137121727078,-0.48682160338376074,-0.4995234945862386,-3.2376914646616104
-0.213112104953298,-0.29188083771352297,0.1335861060129741,-0.058455236807192466,0.5465136944796078,0.4783772854174775,-0.29567878136557946,0.3931536680028975,0.5537692278340304,-0.2692907564567315,-0.8399134859144127,-0.04956580720459228,0.25639147709488747,0.1022847568444435,0.2242106726439824,-0.7378657630142712,0.4563394895011103,-0.19714762818568773,0.0985793969858793,-0.4632480251572787,0.20725635941370757,0.1403064709255275,0.04789739148116657,0.2928045104162371,-0.5806656754334244,-1.0732599589336544,-0.8685371717453556,-0.15704988631099545,-0.12441023425062592,0.6577799734494144,0.11117023917338897,-0.07600350894935139,0.1917644521826345,0.847235156458997,-0.44255962067301124,0.20097909321777177,-0.3150347373173826,-0.36752469802797977,1.0896153647728832,0.49427229421767505,-0.33778660418938694,-0.3936572896490054,-0.25639738200254625,0.047473704496073695
-0.4002323367253354,-0.6695844005999917,0.19006533618363397,-0.06332579299818433,0.8983089709403049,0.8847600490343729,-0.7606748978047791,0.5537692278340304,0.8621343478864936,-0.0773738409834171,-1.4479586849519064,0.09260142877351628,0.08585640553672465,0.13240393035516976,0.4714333555575913,-0.922911443816065,0.7434597248384585,-0.5015207844300514,0.3149074230798334,-0.4532163278032999,0.20078200461062046,0.2947381731210436,-0.02689437897561856,0.46901019149481554,-0.9615439335484703,-1.410966816400305,-1.4418332172710788,-0.3644079378794187,-0.2407570155241996,0.8875880224788658,0.30886369557673354,-0.394902043031794,0.25702897684024867,0.8168591794651427,-0.46843498663877625,0.49930525563562855,-0.48130161226661233,-0.564309890791837,1.7673865938108826,0.6594907288849305,-0.5115764246730122,-0.4881665759362194,-0.278998909012885,0.4300250498128129
-0.6850685226026123,-2.0635745687904636,-0.12173762787777519,0.2351146743129343,0.49582452735166715,1.5903366795020597,-2.7944322715506207,-0.2692907564567315,-0.0773738409834171,3.0670501539994595,-1.2642126521993304,1.4970352202893642,-2.7744065006804255,-0.29614725497307137,1.2946149354781178,2.0233059742087645,0.6760968203165942,-1.6425109669554083,1.4677011900460974,2.5038944674175934,-0.9495599658924777,0.6760772117297918,-0.9065502672813506,0.41962971947181427,-0.48977818655985733,2.055964314111331,-0.8569808319245624,-1.130898655415056,-0.339364396946606,-1.1358053296128496,1.2792355440950953,-2.300584980823622,-0.40183475237938976,-4.128220610859749,1.8512954564294695,1.6320952960249455,0.016935429723610538,0.14400451127210265,0.9328739510633483,-0.9481980131831789,-0.007013956925848946,1.0967629053933285,0.8608640964792615,3.0210432211794935
0.9481619485456537,2.4657671366554164,-0.09538481112791687,-0.6908481540142827,-2.0024462848399307,-2.2598944307781528,2.424591838663399,-0.8399134859144127,-1.4479586849519064,-1.2642126521993304,4.069701349647729,-0.08050874158365523,0.9803414641477114,0.3399230509051735,-1.3709761644492688,1.0850095609798405,-1.5433666233085999,2.101354215576261,-1.2571197627054826,-0.13142661621830243,0.6045131202801981,-1.4589423833193185,0.40603268529578096,-0.797733756332382,1.794156033719116,1.4393370337089335,3.1913023197948807,1.297732135915084,0.3934070631042326,-0.9248498142153354,-0.8073666300045044,2.444795485232265,-0.3449928661355711,0.08631558802732782,0.5537007376696931,-2.051640320489294,1.0438721828533992,0.3806466890885045,-3.5556085468532035,-1.1914891055307733,0.7226595271409015,-0.05493421525919095,-0.04004007061900327,-2.146420011074754
-0.44509000221821443,-0.8316170360285096,0.11554344923499507,-0.4352868132232661,0.2109443090362561,0.9185274782849356,-1.6284824898170425,-0.04956580720459228,0.09260142877351628,1.4970352202893642,-0.08050874158365523,1.3519044375220606,-1.460493750260149,0.2111058989263135,0.7403412996898814,1.1688441539127372,0.4914217534802979,-0.5118997339994665,0.7424518567575918,1.3408996963825501,-0.029836572674017358,-0.11620972840493424,-0.4936811120738455,0.44402156215015914,-0.4612142926428782,0.7417940988746726,-0.40754628284900535,-0.49231949788615015,-0.34017060518851455,-0.34883337679220483,0.920201683431829,-0.6384129337183138,-0.22418538720992723,-2.2033508721203945,1.3012325615415834,0.5346716699609819,0.10763143988727689,-0.42824294452724904,0.6780965086779281,-0.743806934513657,-0.213946935067368,0.16037906619270528,0.2719191334007705,1.532953294602771
0.6192393514428213,1.8058898798445675,0.08936572934031925,-0.11578778153554282,-0.3981296650937262,-1.4212255278345682,2.5396637986841064,0.25639147709488747,0.08585640553672465,-2.7744065006804255,0.9803414641477114,-1.460493750260149,2.5357968369891752,0.21045627057114555,-1.1657414415897498,-1.9052428422594492,-0.6031978403823517,1.41039788907686,-1.3189648503297395,-2.3033035174931773,0.7899320383182137,-0.5151000145804556,0.8283036176259722,-0.3985041246120384,0.44110297101553336,-1.8801180426331885,0.7060621167598684,0.9974642516709723,0.3249987717300839,1.0336744514402012,-1.1966696710892017,1.9749955348753336,0.38059954705704485,3.807799459196413,-1.7682622524986515,-1.4079364246830153,-0.055485361336542006,-0.06329908830623347,-0.7961470764414703,0.9407372112138962,0.015892011358983535,-0.9480227974659967,-0.7683572474918288,-2.727700041966024
-0.019223498421869285,0.25866318982891806,0.11973520912075818,-0.3370934628252192,-0.013943192011554657,-0.02487896297972485,0.07703751471668266,0.1022847568444435,0.13240393035516976,-0.29614725497307137,0.3399230509051735,0.2111058989263135,0.21045627057114555,0.23902981429651962,-0.03615114173315316,-0.14405162534022514,0.06444559820374665,0.29397700502072005,-0.1086468110838935,-0.20104065007027558,0.34369880530118613,-0.29989070255980677,0.05843907592223245,0.11994324377962655,-0.1363025950506649,-0.42332268282741814,0.005003772831244582,0.12073023907387198,-0.08012480550764273,0.27348563097584955,0.06024793630201679,0.46815288905481045,0.03725194937492074,0.33167540074616625,0.020240166985015583,-0.2738399552551094,0.02838310780324687,-0.32836182433079564,0.1348647244034982,-0.027666480337107387,-0.1470384562729646,-0.34607048643342664,-0.17925436907872694,-0.22933502940101355
-0.5432682157001709,-1.2900378292533046,0.0708232283791645,0.03514026297785415,0.7442257648360009,1.2379374198870792,-1.6857701667284606,0.2242106726439824,0.4714333555575913,1.2946149354781178,-1.3709761644492688,0.7403412996898814,-1.1657414415897498,-0.03615114173315316,0.8588455250013591,0.3527045179981057,0.7598528552163024,-0.9896550902563439,0.828321136898606,0.8407536982451747,-0.2659057324768584,0.44418663682436077,-0.414601215412301,0.4874588374673598,-0.7864531047321651,0.04424435593922679,-1.2192627335820783,-0.7063282000973813,-0.2931557900937972,0.03807873743512585,0.758346487221454,-1.200112440181809,-0.028573928266686918,-1.3151001228436734,0.5493779911572862,0.9887719915431591,-0.2716290235930656,-0.28903515648288897,1.4689731511531179,-0.04189213066747829,-0.3217137508305759,0.17373220628672872,0.19191502148633244,1.5638693160951598
-0.048167679840120256,-0.4779342908638765,-0.20151542908342648,-0.07169887112186847,-0.6959210769394102,0.10520451168610111,-1.063935966858793,-0.7378657630142712,-0.922911443816065,2.0233059742087645,1.0850095609798405,1.1688441539127372,-1.9052428422594492,-0.14405162534022514,0.3527045179981057,2.398338725245514,-0.30904272203393973,-0.3291068782374371,0.5923688422190747,2.1436193979186804,-0.59339636589743,-0.13953284503867433,-0.5698539723957942,-0.12938453187654056,0.6320175496258508,2.7175345546802276,1.0537277621432353,-0.28501067029072946,-0.04233072658969098,-1.5881197611568676,0.624634828706713,-0.7613596861475664,-0.5519201869758984,-3.611104201419711,1.8942009895460936,0.34319668361212186,0.5905693415647937,0.44692944959365427,-1.2438904880210422,-1.4742644134829492,0.45255877221296875,1.02736072376624,0.7799147774746614,1.4695954293353524
-0.5358028057935383,-1.09381189906704,0.15665531996284404,-0.042913360731167915,0.9187464973228806,1.2177897427090651,-1.3845621951285398,0.4563394895011103,0.7434597248384585,0.6760968203165942,-1.5433666233085999,0.4914217534802979,-0.6031978403823517,0.06444559820374665,0.7598528552163024,-0.30904272203393973,0.8782322965891769,-0.8114429956707949,0.6400670515488879,0.23032157041055307,-8.854717062730895e-4,0.38968470181792875,-0.2500264326144595,0.5665578139362344,-0.9794931430991544,-0.7960862495287645,-1.4850836345852578,-0.5974162889358073,-0.2999582839836303,0.5337332625793009,0.614151984291401,-0.8482204731433783,0.12369809232156141,-0.2548886876156362,0.052781942421064355,0.8119337110152447,-0.42173284961158686,-0.49286368294418165,1.83693172962449,0.3309930983255221,-0.4854106749654086,-0.19395112463348554,-0.07328480299432046,1.0974135493057038
0.6028720439422258,1.739367837631145,0.0335964052168082,-0.43228278103199314,-0.9523894066008548,-1.4339110765857275,1.9433501079925615,-0.19714762818568773,-0.5015207844300514,-1.6425109669554083,2.101354215576261,-0.5118997339994665,1.41039788907686,0.29397700502072005,-0.9896550902563439,-0.3291068782374371,-0.8114429956707949,1.471306980090084,-1.0302585002770421,-0.9835266428528494,0.653354361306934,-0.8766621837979165,0.49369655970802895,-0.41907756400161555,0.831479773049986,-0.2802618146435411,1.5361996081659195,0.9272192071574751,0.2560710282381574,0.10966690315995353,-0.7498556176554486,1.8743858880455564,0.015948513796106623,1.5814022713214757,-0.43986289774807696,-1.435273385956159,0.4033708588627428,0.018837046520961465,-1.665017033298592,-0.12863489485045768,0.24372137484493528,-0.4946954242724053,-0.3671329462985025,-1.9562400836305258
-0.4982417866483299,-1.3030037849653529,0.01305503332289128,0.11531783433598126,0.6212009090513251,1.147222604192148,-1.677794837951742,0.0985793969858793,0.3149074230798334,1.4677011900460974,-1.2571197627054826,0.7424518567575918,-1.3189648503297395,-0.1086468110838935,0.828321136898606,0.5923688422190747,0.6400670515488879,-1.0302585002770421,0.8537523301137294,1.0296089839529652,-0.40011079885065726,0.47845819368972264,-0.4530856271735488,0.393638073704926,-0.6337485531060789,0.42327839494858466,-1.0277217511090544,-0.7105030930598517,-0.25619591787036694,-0.19350212810267925,0.7415970933049082,-1.3152714747906333,-0.08872419837739667,-1.665898904881046,0.6895643447464902,1.0230035834227211,-0.1989229177073922,-0.14169606391683168,1.1898276955100087,-0.17427778132455052,-0.20846375978674284,0.35331399263883484,0.30844526999266036,1.6564344341469162
-0.3854139319739335,-1.2760217227901416,-0.14147662367333724,0.058446383105990596,-0.05679163850023641,0.8884726375476879,-1.9477972434646973,-0.4632480251572787,-0.4532163278032999,2.5038944674175934,-0.13142661621830243,1.3408996963825501,-2.3033035174931773,-0.20104065007027558,0.8407536982451747,2.1436193979186804,0.23032157041055307,-0.9835266428528494,1.0296089839529652,2.2795072524739086,-0.7303919022444453,0.262523102070959,-0.7324920194835064,0.1791396480167242,0.024230951274645772,2.273637173905137,0.03373593300235868,-0.710881734388578,-0.20453813853839908,-1.2910247768911212,0.9648466588100317,-1.503121217740032,-0.45934765776452907,-3.77318892765231,1.836806237196172,0.98267093021508,0.2791996601074487,0.25197301916154785,-0.057699653072675675,-1.175477451596769,0.18458653826495397,1.012105415290428,0.7834215507330309,2.2264452003104798
0.09013106306127582,0.6767996029782182,0.17758694320329863,-0.4551494529561464,-0.07647631018393326,-0.2820894156560112,0.5931591563254816,0.20725635941370757,0.20078200461062046,-0.9495599658924777,0.6045131202801981,-0.029836572674017358,0.7899320383182137,0.34369880530118613,-0.2659057324768584,-0.59339636589743,-8.854717062730895e-4,0.653354361306934,-0.40011079885065726,-0.7303919022444453,0.6177278897093231,-0.4827086371577339,0.23953814508956534,0.09594353279042055,-0.09953400122252232,-0.9680568785158051,0.11893774693859144,0.3467739527431661,-0.036707977348672725,0.5849507315122705,-0.15479226460612905,1.0061270713319692,0.12958784478465865,1.2422947594089575,-0.35393201664834384,-0.6299740403476514,0.007786390988680706,-0.44007621329107915,0.06310080725687546,0.16840997015349074,-0.2013904354811649,-0.6447486146623339,-0.4033889717742675,-0.8517014727681189
-0.26639351524061733,-0.9525632295570107,-0.07415024259235956,0.4810390967413152,0.5867524762412394,0.6867917279785307,-0.809778801042172,0.1403064709255275,0.2947381731210436,0.6760772117297918,-1.4589423833193185,-0.11620972840493424,-0.5151000145804556,-0.29989070255980677,0.44418663682436077,-0.13953284503867433,0.38968470181792875,-0.8766621837979165,0.47845819368972264,0.262523102070959,-0.4827086371577339,0.6797293776567273,-0.18327287175003,0.13008752493462675,-0.40266890125874766,-3.719592582246072e-5,-0.9214282959181291,-0.4890903288781428,-0.054299178937615024,0.004515639178054728,0.20414195860598416,-1.1367577828731386,0.05702516964472678,-0.4041009836200836,-0.12638113110143084,0.8439996636340198,-0.31401951044056664,0.17087074387174667,0.9063164504001864,0.3367130504813016,-0.08174971363199399,0.33080307427031286,0.18205720751039017,0.866480225680374
0.230849528423109,0.6327311658524768,0.013833708798038568,-0.02844032444402298,-0.18845150640536193,-0.5267948870286987,0.8873166476284163,0.04789739148116657,-0.02689437897561856,-0.9065502672813506,0.40603268529578096,-0.4936811120738455,0.8283036176259722,0.05843907592223245,-0.414601215412301,-0.5698539723957942,-0.2500264326144595,0.49369655970802895,-0.4530856271735488,-0.7324920194835064,0.23953814508956534,-0.18327287175003,0.27699170860048106,-0.16369748258284625,0.20478901071748465,-0.52521165749553,0.3217154886196274,0.3492361013579657,0.12509340710660855,0.27951666450119317,-0.41791432629000674,0.6668009447376214,0.10840797849843216,1.1997911998005124,-0.5563049292310085,-0.489369607711298,0.012587326398163772,0.018897496001945714,-0.37922413551052536,0.27249891048402153,0.04110812873467963,-0.277162665807754,-0.23147836630841326,-0.9213642917136046
-0.34886862813423514,-0.6217290052395869,0.1335572661473868,-0.15345063679032822,0.5413205124922433,0.7687839910447781,-0.8997158590215005,0.2928045104162371,0.46901019149481554,0.41962971947181427,-0.797733756332382,0.44402156215015914,-0.3985041246120384,0.11994324377962655,0.4874588374673598,-0.12938453187654056,0.5665578139362344,-0.41907756400161555,0.393638073704926,0.1791396480167242,0.09594353279042055,0.13008752493462675,-0.16369748258284625,0.4006326987507239,-0.6371702646508391,-0.524686315200713,-0.8840501623461152,-0.3483776767945996,-0.21786134839645765,0.3578851066706599,0.44124955678010075,-0.4008780710816358,0.06374163196716796,-0.21381512712401313,0.13308148413515034,0.4299904909141907,-0.22609245075899564,-0.4073783362908955,1.149745830620353,0.12715422000902002,-0.3389109247127937,-0.19680306214476595,-0.07607614602963916,0.6807285539304633
0.5902123154100465,1.116614994926362,-0.21289141443760887,0.09639834765306135,-1.092312842700633,-1.3064122865966283,1.4094954039116188,-0.5806656754334244,-0.9615439335484703,-0.48977818655985733,1.794156033719116,-0.4612142926428782,0.44110297101553336,-0.1363025950506649,-0.7864531047321651,0.6320175496258508,-0.9794931430991544,0.831479773049986,-0.6337485531060789,0.024230951274645772,-0.09953400122252232,-0.40266890125874766,0.20478901071748465,-0.6371702646508391,1.1993313771852248,1.2246479500690253,1.7729208061365598,0.6141880487967427,0.35058689519360714,-0.801155871402887,-0.6219371785588292,0.8141969622420132,-0.20664567707729212,-0.11582680501194441,0.12692301565833003,-0.8352148043739235,0.5201173462109973,0.666395351004728,-2.177110205529697,-0.5250497020751035,0.5993586364820287,0.38329760606097246,0.17050406148664515,-1.0577194590963872
0.21595366382584075,-0.2519093075986433,-0.3986068263860733,0.2998528766010337,-1.1082803515894761,-0.43487281568014374,-0.5292567704409971,-1.0732599589336544,-1.410966816400305,2.055964314111331,1.4393370337089335,0.7417940988746726,-1.8801180426331885,-0.42332268282741814,0.04424435593922679,2.7175345546802276,-0.7960862495287645,-0.2802618146435411,0.42327839494858466,2.273637173905137,-0.9680568785158051,-3.719592582246072e-5,-0.52521165749553,-0.524686315200713,1.2246479500690253,3.5728148725515063,1.7374871228483793,-0.14122222115891375,0.17464660723002343,-2.143390578476092,0.28908818059708796,-0.8877726944111751,-0.6531140222391869,-3.9092415322342693,1.8810743492132618,0.27004505068887813,0.765396229669546,1.017702539621046,-2.2477286782497057,-1.616450252046304,0.836451341266778,1.4962462312325993,1.0192802462204171,1.2407992397168415
0.8904208484105515,1.9273537638380196,-0.23415250815658978,-0.18096280056777478,-1.7673622544713006,-2.037355028691638,2.1565754737316634,-0.8685371717453556,-1.4418332172710788,-0.8569808319245624,3.1913023197948807,-0.40754628284900535,0.7060621167598684,0.005003772831244582,-1.2192627335820783,1.0537277621432353,-1.4850836345852578,1.5361996081659195,-1.0277217511090544,0.03373593300235868,0.11893774693859144,-0.9214282959181291,0.3217154886196274,-0.8840501623461152,1.7729208061365598,1.7374871228483793,2.839353837843299,1.0354738554902359,0.46278382948447677,-1.1254191332557841,-0.846751499029509,1.6330765265502227,-0.3343537324183357,-0.19289116258478844,0.38715528934018917,-1.5165977707552472,0.8856845036936131,0.7528847250405502,-3.3538704530239167,-0.9713670835873593,0.8305099001864543,0.3555328848751049,0.16729512855990586,-1.7133791984890827
0.4358888741316152,1.1550682301996065,-0.011246522822771625,-0.16737466370572646,-0.6343867278514024,-1.018887140437258,1.3886313513522979,-0.15704988631099545,-0.3644079378794187,-1.130898655415056,1.297732135915084,-0.49231949788615015,0.9974642516709723,0.12073023907387198,-0.7063282000973813,-0.28501067029072946,-0.5974162889358073,0.9272192071574751,-0.7105030930598517,-0.710881734388578,0.3467739527431661,-0.4890903288781428,0.3492361013579657,-0.3483776767945996,0.6141880487967427,-0.14122222115891375,1.0354738554902359,0.624983324018769,0.20906924195632412,0.03946894207947172,-0.582774162430735,1.1629992011289483,0.022923421908002863,1.130788850614676,-0.395990350939376,-0.9196967753257561,0.2503794922157584,0.12222120300443694,-1.180012182187678,-0.015958879448995194,0.21109578524490186,-0.25447349983859124,-0.21837274766783937,-1.3509770888576813
0.20663001440139042,0.3674959305048087,-0.07442384111780423,0.11252915330760097,-0.2794736783034695,-0.4379385873406164,0.5779559865037457,-0.12441023425062592,-0.2407570155241996,-0.339364396946606,0.3934070631042326,-0.34017060518851455,0.3249987717300839,-0.08012480550764273,-0.2931557900937972,-0.04233072658969098,-0.2999582839836303,0.2560710282381574,-0.25619591787036694,-0.20453813853839908,-0.036707977348672725,-0.054299178937615024,0.12509340710660855,-0.21786134839645765,0.35058689519360714,0.17464660723002343,0.46278382948447677,0.20906924195632412,0.14374123852307305,-0.1397099961448347,-0.29428591026801254,0.2620969795530787,-0.013082562531254208,0.32139531956657075,-0.18919806656355254,-0.25731828607703117,0.09746805848107637,0.23902687461428299,-0.6073670683413929,0.007154696165169332,0.1783878876784497,0.08118894145943797,0.0021658771769328365,-0.4754594109190546
-0.17495699559576527,0.07271836405721116,0.25508829668671,-0.21029068447880128,0.7153186448800326,0.3523322240643366,0.17845138983378014,0.6577799734494144,0.8875880224788658,-1.1358053296128496,-0.9248498142153354,-0.34883337679220483,1.0336744514402012,0.27348563097584955,0.03807873743512585,-1.5881197611568676,0.5337332625793009,0.10966690315995353,-0.19350212810267925,-1.2910247768911212,0.5849507315122705,0.004515639178054728,0.27951666450119317,0.3578851066706599,-0.801155871402887,-2.143390578476092,-1.1254191332557841,0.03946894207947172,-0.1397099961448347,1.298254519442996,-0.09910348796441527,0.4712116312947705,0.38852571711886924,2.223324290774412,-1.0563059774337609,-0.10717747141381152,-0.4703709286243795,-0.6620849036520189,1.4604591057512353,0.9442777271636723,-0.5346684699428116,-0.9052284379683262,-0.6013271338021924,-0.6220879358548241
-0.473685354386225,-1.0371817553605818,0.08444201866800212,-0.14545985526193828,0.5026775456002208,1.0427826618313323,-1.5583144999880765,0.11117023917338897,0.30886369557673354,1.2792355440950953,-0.8073666300045044,0.920201683431829,-1.1966696710892017,0.06024793630201679,0.758346487221454,0.624634828706713,0.614151984291401,-0.7498556176554486,0.7415970933049082,0.9648466588100317,-0.15479226460612905,0.20414195860598416,-0.41791432629000674,0.44124955678010075,-0.6219371785588292,0.28908818059708796,-0.846751499029509,-0.582774162430735,-0.29428591026801254,-0.09910348796441527,0.773749909492657,-0.9098677254270462,-0.09603662051258927,-1.5502660900360432,0.7897234844630201,0.7557836668052528,-0.11727923670551707,-0.33103191010049926,1.090291081154586,-0.297411256858904,-0.2628131638158982,0.15035527417280672,0.2082568723894444,1.4528542894570584
0.6884952222415266,2.18744901502665,0.12622796006677728,-0.6520470130678334,-1.0092302363239412,-1.663507895081034,2.4058699285161893,-0.07600350894935139,-0.394902043031794,-2.300584980823622,2.444795485232265,-0.6384129337183138,1.9749955348753336,0.46815288905481045,-1.200112440181809,-0.7613596861475664,-0.8482204731433783,1.8743858880455564,-1.3152714747906333,-1.503121217740032,1.0061270713319692,-1.1367577828731386,0.6668009447376214,-0.4008780710816358,0.8141969622420132,-0.8877726944111751,1.6330765265502227,1.1629992011289483,0.2620969795530787,0.4712116312947705,-0.9098677254270462,2.4934745422890754,0.1083949026978418,2.4635608540073277,-0.7463965627017993,-1.8335595541052931,0.39689385226460366,-0.19430945876996547,-1.6802799977452545,0.026177888898959254,0.14575206344955385,-0.8694955572631812,-0.6181321385639922,-2.560865441459389
-0.025639205213088087,0.03307986558743355,0.054916046148400385,0.013376708080902452,0.21697927901437414,0.056100721682361666,0.14187566847118968,0.1917644521826345,0.25702897684024867,-0.40183475237938976,-0.3449928661355711,-0.22418538720992723,0.38059954705704485,0.03725194937492074,-0.028573928266686918,-0.5519201869758984,0.12369809232156141,0.015948513796106623,-0.08872419837739667,-0.45934765776452907,0.12958784478465865,0.05702516964472678,0.10840797849843216,0.06374163196716796,-0.20664567707729212,-0.6531140222391869,-0.3343537324183357,0.022923421908002863,-0.013082562531254208,0.38852571711886924,-0.09603662051258927,0.1083949026978418,0.13199388691762548,0.7777923628959624,-0.4136291120163456,-0.020563982446032834,-0.15940930159984149,-0.1338273416527075,0.3991359943822453,0.34868401870444654,-0.13172006030576974,-0.2415880832824664,-0.17484861673439783,-0.24799033329576525
0.5872987234701947,2.021993179863698,0.25485057211336704,-0.09918543260222437,0.18877202180310682,-1.3320628730737285,3.1225564644629147,0.847235156458997,0.8168591794651427,-4.128220610859749,0.08631558802732782,-2.2033508721203945,3.807799459196413,0.33167540074616625,-1.3151001228436734,-3.611104201419711,-0.2548886876156362,1.5814022713214757,-1.665898904881046,-3.77318892765231,1.2422947594089575,-0.4041009836200836,1.1997911998005124,-0.21381512712401313,-0.11582680501194441,-3.9092415322342693,-0.19289116258478844,1.130788850614676,0.32139531956657075,2.223324290774412,-1.5502660900360432,2.4635608540073277,0.7777923628959624,6.341502248444531,-3.0862853317104175,-1.5803870555203192,-0.5177035973319183,-0.45080718490503613,0.3032301144149703,1.9989626640456146,-0.3711749211736429,-1.7144092869022745,-1.3457354413808238,-3.6546646648451686
-0.24088742368669527,-0.6660678113002753,-0.055841755737432955,-0.2451003420194671,-0.28417932749728275,0.4919036063014198,-1.3781690072151829,-0.44255962067301124,-0.46843498663877625,1.8512954564294695,0.5537007376696931,1.3012325615415834,-1.7682622524986515,0.020240166985015583,0.5493779911572862,1.8942009895460936,0.052781942421064355,-0.43986289774807696,0.6895643447464902,1.836806237196172,-0.35393201664834384,-0.12638113110143084,-0.5563049292310085,0.13308148413515034,0.12692301565833003,1.8810743492132618,0.38715528934018917,-0.395990350939376,-0.18919806656355254,-1.0563059774337609,0.7897234844630201,-0.7463965627017993,-0.4136291120163456,-3.0862853317104175,1.6854860679713652,0.45567233665712237,0.382438492967483,0.04283593312876879,-0.3711871984630988,-1.177801357119905,0.15318933546557764,0.6553171193003429,0.5724216001841798,1.5672308996682918
-0.6008680275215358,-1.7199552016635449,-0.029748178850634816,0.4014481803133443,0.9362445371634329,1.4284645370628584,-1.93573572444586,0.20097909321777177,0.49930525563562855,1.6320952960249455,-2.051640320489294,0.5346716699609819,-1.4079364246830153,-0.2738399552551094,0.9887719915431591,0.34319668361212186,0.8119337110152447,-1.435273385956159,1.0230035834227211,0.98267093021508,-0.6299740403476514,0.8439996636340198,-0.489369607711298,0.4299904909141907,-0.8352148043739235,0.27004505068887813,-1.5165977707552472,-0.9196967753257561,-0.25731828607703117,-0.10717747141381152,0.7557836668052528,-1.8335595541052931,-0.020563982446032834,-1.5803870555203192,0.45567233665712237,1.4118710246581825,-0.39247863354099405,-0.04004120759428331,1.6533875015460753,0.11299829033867255,-0.24828868066924345,0.47336565390970137,0.3590777615392364,1.9433781660128084
0.21919076804053644,0.4802962029084463,-0.064848553891839,-0.12326470692159167,-0.5600625488066925,-0.5205154105154431,0.41644906819018773,-0.3150347373173826,-0.48130161226661233,0.016935429723610538,1.0438721828533992,0.10763143988727689,-0.055485361336542006,0.02838310780324687,-0.2716290235930656,0.5905693415647937,-0.42173284961158686,0.4033708588627428,-0.1989229177073922,0.2791996601074487,0.007786390988680706,-0.31401951044056664,0.012587326398163772,-0.22609245075899564,0.5201173462109973,0.765396229669546,0.8856845036936131,0.2503794922157584,0.09746805848107637,-0.4703709286243795,-0.11727923670551707,0.39689385226460366,-0.15940930159984149,-0.5177035973319183,0.382438492967483,-0.39247863354099405,0.32316898732232957,0.19389859096426254,-1.0243896476539354,-0.47000296823866583,0.2521253608789645,0.17607535060549617,0.1236193511281498,-0.2686987873571404
0.2719293901998386,0.17786707363441626,-0.22788995324697056,0.4235568227159862,-0.4518456602272092,-0.5276552392012599,0.5058736430345468,-0.36752469802797977,-0.564309890791837,0.14400451127210265,0.3806466890885045,-0.42824294452724904,-0.06329908830623347,-0.32836182433079564,-0.28903515648288897,0.44692944959365427,-0.49286368294418165,0.018837046520961465,-0.14169606391683168,0.25197301916154785,-0.44007621329107915,0.17087074387174667,0.018897496001945714,-0.4073783362908955,0.666395351004728,1.017702539621046,0.7528847250405502,0.12222120300443694,0.23902687461428299,-0.6620849036520189,-0.33103191010049926,-0.19430945876996547,-0.1338273416527075,-0.45080718490503613,0.04283593312876879,-0.04004120759428331,0.19389859096426254,0.6603915950329879,-1.0850750407602794,-0.1980173008910562,0.42271006549404877,0.561681560608787,0.2808872704561737,-0.17934788234738464
-1.088590915792203,-2.1742323140323463,0.3522763745121444,-0.0021615461441976975,2.0853069875218155,2.4569277203820823,-2.5945207802221573,1.0896153647728832,1.7673865938108826,0.9328739510633483,-3.5556085468532035,0.6780965086779281,-0.7961470764414703,0.1348647244034982,1.4689731511531179,-1.2438904880210422,1.83693172962449,-1.665017033298592,1.1898276955100087,-0.057699653072675675,0.06310080725687546,0.9063164504001864,-0.37922413551052536,1.149745830620353,-2.177110205529697,-2.2477286782497057,-3.3538704530239167,-1.180012182187678,-0.6073670683413929,1.4604591057512353,1.090291081154586,-1.6802799977452545,0.3991359943822453,0.3032301144149703,-0.3711871984630988,1.6533875015460753,-1.0243896476539354,-1.0850750407602794,4.07769640273736,1.0785718552517334,-1.080445278840477,-0.6031696002775058,-0.29500883207763695,1.9600813091375529
-0.07019446028692476,-0.07699387967910382,0.08741663321830843,0.22625151568354684,0.6326491193915708,0.19676499801530808,0.33294095310399185,0.49427229421767505,0.6594907288849305,-0.9481980131831789,-1.1914891055307733,-0.743806934513657,0.9407372112138962,-0.027666480337107387,-0.04189213066747829,-1.4742644134829492,0.3309930983255221,-0.12863489485045768,-0.17427778132455052,-1.175477451596769,0.16840997015349074,0.3367130504813016,0.27249891048402153,0.12715422000902002,-0.5250497020751035,-1.616450252046304,-0.9713670835873593,-0.015958879448995194,0.007154696165169332,0.9442777271636723,-0.297411256858904,0.026177888898959254,0.34868401870444654,1.9989626640456146,-1.177801357119905,0.11299829033867255,-0.47000296823866583,-0.1980173008910562,1.0785718552517334,1.006536624256674,-0.298102068155534,-0.48810133810349965,-0.39444705478532666,-0.5506240185123057
0.26636070452293814,0.3760214417869223,-0.1493068522706177,0.15529418035996642,-0.5152418955914567,-0.572708050135705,0.5398137121727078,-0.33778660418938694,-0.5115764246730122,-0.007013956925848946,0.7226595271409015,-0.213946935067368,0.015892011358983535,-0.1470384562729646,-0.3217137508305759,0.45255877221296875,-0.4854106749654086,0.24372137484493528,-0.20846375978674284,0.18458653826495397,-0.2013904354811649,-0.08174971363199399,0.04110812873467963,-0.3389109247127937,0.5993586364820287,0.836451341266778,0.8305099001864543,0.21109578524490186,0.1783878876784497,-0.5346684699428116,-0.2628131638158982,0.14575206344955385,-0.13172006030576974,-0.3711749211736429,0.15318933546557764,-0.24828868066924345,0.2521253608789645,0.42271006549404877,-1.080445278840477,-0.298102068155534,0.3469043663652862,0.3418364117199083,0.1891880019551574,-0.29415841529102177
0.003090833806283499,-0.49706973041002367,-0.21712150465028587,0.39324137568375167,-0.22306891622806233,0.06890995501157963,-0.48682160338376074,-0.3936572896490054,-0.4881665759362194,1.0967629053933285,-0.05493421525919095,0.16037906619270528,-0.9480227974659967,-0.34607048643342664,0.17373220628672872,1.02736072376624,-0.19395112463348554,-0.4946954242724053,0.35331399263883484,1.012105415290428,-0.6447486146623339,0.33080307427031286,-0.277162665807754,-0.19680306214476595,0.38329760606097246,1.4962462312325993,0.3555328848751049,-0.25447349983859124,0.08118894145943797,-0.9052284379683262,0.15035527417280672,-0.8694955572631812,-0.2415880832824664,-1.7144092869022745,0.6553171193003429,0.47336565390970137,0.17607535060549617,0.561681560608787,-0.6031696002775058,-0.48810133810349965,0.3418364117199083,0.7992412067062523,0.5043824893476088,0.8247622584105962
-0.05154190669621498,-0.40600133481581574,-0.12263462540194234,0.18263951355088257,-0.11410895626134376,0.1449464261622317,-0.4995234945862386,-0.25639738200254625,-0.278998909012885,0.8608640964792615,-0.04004007061900327,0.2719191334007705,-0.7683572474918288,-0.17925436907872694,0.19191502148633244,0.7799147774746614,-0.07328480299432046,-0.3671329462985025,0.30844526999266036,0.7834215507330309,-0.4033889717742675,0.18205720751039017,-0.23147836630841326,-0.07607614602963916,0.17050406148664515,1.0192802462204171,0.16729512855990586,-0.21837274766783937,0.0021658771769328365,-0.6013271338021924,0.2082568723894444,-0.6181321385639922,-0.17484861673439783,-1.3457354413808238,0.5724216001841798,0.3590777615392364,0.1236193511281498,0.2808872704561737,-0.29500883207763695,-0.39444705478532666,0.1891880019551574,0.5043824893476088,0.35511796215729186,0.7101719773204563
-0.9163557816330374,-2.4672667219829845,-0.01659577087881198,0.21702660190940157,1.0260352920548708,2.099908583068487,-3.2376914646616104,0.047473704496073695,0.4300250498128129,3.0210432211794935,-2.146420011074754,1.532953294602771,-2.727700041966024,-0.22933502940101355,1.5638693160951598,1.4695954293353524,1.0974135493057038,-1.9562400836305258,1.6564344341469162,2.2264452003104798,-0.8517014727681189,0.866480225680374,-0.9213642917136046,0.6807285539304633,-1.0577194590963872,1.2407992397168415,-1.7133791984890827,-1.3509770888576813,-0.4754594109190546,-0.6220879358548241,1.4528542894570584,-2.560865441459389,-0.24799033329576525,-3.6546646648451686,1.5672308996682918,1.9433781660128084,-0.2686987873571404,-0.17934788234738464,1.9600813091375529,-0.5506240185123057,-0.29415841529102177,0.8247622584105962,0.7101719773204563,3.2894106482903998
