V1,V2,V3,V4,V5,V6,V7,V8,V9,V10,V11,V12,V13,V14,V15,V16,V17,V18,V19,V20,V21,V22,V23,V24,V25,V26,V27,V28,V29,V30,V31,V32,V33,V34,V35,V36,V37,V38,V39,V40,V41,V42,V43,V44
8.643498696140508,69.89841900881682,28.125109164416124,-1.0267335298638445,15.515547257758174,-20.954088138732992,36.50262060903945,-38.4145374548081,-50.81553051350551,56.50637703361286,-50.61198331650017,68.54271948391921,129.33963133473793,-58.01379817003898,-16.552568725482065,-20.720656419082843,20.221192120103105,-95.75213590307094,16.210852484354316,-66.21151430942346,206.41129669431427,34.98446404805047,55.239009207228115,34.083823451722346,15.133376994594364,54.30774851276152,105.79515272316993,16.468029142307003,33.84979393826014,60.17747382924151,49.4553095774808,47.3879339160658,-1.835703556872059,20.770178564028587,10.621257316025533,70.28473910192463,-62.12224417220966,-42.385188344036564,-3.057790283610112,-83.48591399686518,15.71453138783199,36.32630225649687,-70.84436430438231,-13.386711676399232
69.89841900881682,658.5092601183836,275.9902679240062,-12.857095473651196,142.59848025218128,-207.21312252955255,348.8004153750809,-364.3774653918471,-477.5233430839028,537.6815985918266,-478.1340208441424,634.6111148477461,1229.8980180280498,-547.9705155486758,-159.01328127634525,-203.47781770097984,189.8243531546968,-899.673768967841,161.3596446108537,-619.5249696882461,1950.720990001617,334.9896037727002,517.3969663581206,321.9557065371097,145.8765518126966,509.98190217355074,1004.6246158713359,154.28510136258518,321.46367179952705,566.1422791402839,461.82327214031415,452.4516178096059,-21.356281188163102,206.97632279131068,102.46982780893684,673.1506402834412,-576.6125573946174,-399.0143528277491,-17.530148773634576,-791.2025663053636,150.77710270425632,332.2178642337291,-677.960199969731,-129.27954213846917
28.125109164416124,275.9902679240062,116.90867267665746,-5.701607258774652,59.38422650696525,-87.95481485513122,146.8387248723175,-153.07957079314687,-200.09988366210712,226.00084082322172,-200.60355159810058,264.9999567264237,516.9100277458973,-229.87574205782542,-66.9764138951733,-86.10796856652556,79.58650242674112,-376.8745931030244,68.5783713300144,-259.0981861214271,818.5564506052276,141.11825005604382,216.63986153882993,134.98114432206506,61.39078014086137,213.54529534098043,422.0444025368546,64.57176919568869,135.11524006588402,237.26684864651628,193.24475027899288,190.2832041905572,-9.486431500648347,87.90190273675165,43.178054347750724,283.25467259588265,-240.88628434931357,-167.3106175016493,-6.084622871637312,-332.16459962560873,63.53234112458625,138.2612160905746,-285.3270711979716,-54.530180351760315
-1.0267335298638445,-12.857095473651196,-5.701607258774652,0.5111974881147092,-2.701728152553538,4.365111556959098,-6.920893735119544,7.139518115903932,9.243802969471659,-10.601372721758064,9.305527999692433,-12.112118437442101,-24.413536896933838,10.73725956147302,3.121812999627181,4.175475724759201,-3.599485050729468,17.45737544590867,-3.4564797852223657,11.922950583476647,-38.29479228229366,-6.658183266140763,-9.973159895394547,-6.282960725420914,-3.007747187127171,-9.759984308561837,-19.845351785183915,-2.9854443069107743,-6.42289963218612,-11.070061135449203,-8.940139163027482,-9.073128623810483,0.39652893433865255,-4.518957221160891,-1.9361229809718086,-13.478084719827274,11.035783273866782,7.81371291597944,-0.029503600234050773,15.703671981231805,-2.9535917714764928,-6.153085841620052,13.537778616011355,2.7085629642010027
15.515547257758174,142.59848025218128,59.38422650696525,-2.701728152553538,31.008360699142944,-44.530851931506746,75.34209693234735,-78.79001750964999,-103.42400215451677,116.23752462237667,-103.4691694379433,137.7781740032202,265.9273594887498,-118.60869362752449,-34.314517152433524,-43.78455097615681,41.10224245612858,-194.88929280183507,34.65957632402928,-134.3091573941717,422.1790408083491,72.32842691555436,112.12345821879329,69.696980901887855,31.507161069866434,110.46753085621978,217.2631370575647,33.44245436231227,69.52371364916978,122.62081994351952,100.13273487397379,97.79043246135414,-4.453418120309996,44.47157287309274,22.091304985398853,145.4121368757201,-125.14272559747725,-86.39917844885149,-4.184243070829564,-171.19040978507448,32.541767501606046,72.25812824096617,-146.44522672880493,-27.899134940333024
-20.954088138732992,-207.21312252955255,-87.95481485513122,4.365111556959098,-44.530851931506746,66.21717667184144,-110.34491642325737,114.99611610667532,150.23178446232183,-169.76576737013949,150.64186702654555,-198.84670598331027,-388.33592882698593,172.62206163574996,50.32449976554923,64.75423441036264,-59.74696216435633,282.9257932437682,-51.6338871817368,194.42817685563347,-614.7414045082724,-106.06400240602251,-162.62036445957494,-101.33394479212646,-46.12517240095657,-160.26963389827782,-317.02281196539434,-48.46118641775882,-101.5194164055481,-178.15098107651698,-145.0661039640777,-142.96050789619935,7.180285633100823,-66.18352662743949,-32.42313061913122,-212.8189751100758,180.76071412455278,125.65667501007553,4.365543334732355,249.49249455206711,-47.73474556642203,-103.66750514693675,214.39665428780597,41.0149345387108
36.50262060903945,348.8004153750809,146.8387248723175,-6.920893735119544,75.34209693234735,-110.34491642325737,185.23160422180135,-193.28424537945799,-253.03311045956673,285.17813523029844,-253.4152122343469,335.8924738832868,652.3670139352112,-290.4102250219651,-84.38150627842869,-108.11819628058664,100.68637497021258,-476.51387399483775,85.95682732361031,-327.74807299046967,1034.0646401815857,177.94976911107378,274.07758586693984,170.49031440671064,77.25889360431778,270.0392829758165,532.7575656317235,81.69047741937815,170.55372536397323,299.92292770261184,244.57395508455048,239.96538395309662,-11.70115158567294,110.1258219615581,54.395388366313654,357.0289785606951,-305.2068971487553,-211.47445474437055,-8.635358512754461,-419.38220136463815,80.09269897549441,175.5792166007026,-359.74015732487,-68.62052644375737
-38.4145374548081,-364.3774653918471,-153.07957079314687,7.139518115903932,-78.79001750964999,114.99611610667532,-193.28424537945799,201.83343408346988,264.3164986633563,-297.74905140203066,264.7151396987674,-351.0306867591766,-681.0613563163889,303.3049734755327,88.11044988809577,112.77710939568335,-105.14413929524177,497.83489424549714,-89.51566454154737,342.6053190941743,-1079.8796136473127,-185.681691084108,-286.3307101795236,-178.12330234134515,-80.67149186037939,-282.19365048626634,-556.2540451851077,-85.34998848885077,-178.01578348955778,-313.2989463467613,-255.53585165770022,-250.48725612794618,12.07177368809213,-114.72025580625419,-56.80302042105311,-372.7091034226052,318.9553110673177,220.9106761649245,9.341598586737032,437.9282267745564,-83.56976757913135,-183.66089956447595,375.4909660131079,71.60439710886253
-50.81553051350551,-477.5233430839028,-200.09988366210712,9.243802969471659,-103.42400215451677,150.23178446232183,-253.03311045956673,264.3164986633563,346.3925646791643,-389.92690271123973,346.78404894450625,-460.4477505551285,-891.9525646832758,397.40139142422174,115.3021235569146,147.4489642208719,-137.7714780271561,652.4881247891254,-116.94926476676694,449.1967921992421,-1414.8007589596984,-243.02372001876296,-375.3239224995275,-233.41496805343814,-105.6395568638561,-369.8654719789396,-728.5721259961617,-111.89818262826545,-233.1540476028258,-410.58977175845087,-335.00860568297475,-328.03155682234194,15.579506265305547,-149.91569076263102,-74.31886870796936,-487.99338478252287,418.3281626280208,289.4368210262761,12.769782482891639,573.7111451200608,-109.37662030155363,-241.06879506613353,491.60039038551713,93.6965260247726
56.50637703361286,537.6815985918266,226.00084082322172,-10.601372721758064,116.23752462237667,-169.76576737013949,285.17813523029844,-297.74905140203066,-389.92690271123973,439.4036840501848,-390.5592517844007,517.7433549450197,1005.0236238106697,-447.55972634359773,-130.03109512777854,-166.55180304561657,155.06387911964137,-734.537235693196,132.2276845195461,-505.5623718324101,1593.4031381897528,273.94225417128905,422.4096825605024,262.90007117921704,119.18935550153604,416.339288755543,820.8469525917608,125.92698103712631,262.69837009320923,462.27919873151,376.9661214150874,369.7568838476199,-17.77713384540421,169.52255113178626,83.80677343204052,550.1949360801125,-470.4585313992813,-325.877082223685,-13.663272662523376,-646.3097936364753,123.31664862448571,270.8165736084103,-554.1831215127521,-105.71865989174412
-50.61198331650017,-478.1340208441424,-200.60355159810058,9.305527999692433,-103.4691694379433,150.64186702654555,-253.4152122343469,264.7151396987674,346.78404894450625,-390.5592517844007,347.305411503325,-460.69197926781084,-893.2874224879147,397.93232055624924,115.5685508344816,147.86002649129074,-137.90689743554006,653.2769015491425,-117.24881772168645,449.7734260594862,-1416.6582910808359,-243.42301437834124,-375.7120787381479,-233.77042180605287,-105.87489742111501,-370.35538597678516,-729.6499220861858,-112.01689532256478,-233.45650658737068,-411.08678631512305,-335.3109486457799,-328.5628815535435,15.678313085616402,-150.3142308771008,-74.51024472324077,-488.8905384728401,418.60237353605214,289.82233190978076,12.542981267408958,574.5147997592252,-109.56691313035499,-241.16017660126064,492.44824166802493,93.89127384165991
68.54271948391921,634.6111148477461,264.9999567264237,-12.112118437442101,137.7781740032202,-198.84670598331027,335.8924738832868,-351.0306867591766,-460.4477505551285,517.7433549450197,-460.69197926781084,613.038069558557,1184.554983167997,-528.0439188069429,-152.90025645637584,-195.18234197323804,183.13876392383466,-867.333073474349,154.7723610488601,-597.221123122297,1879.886081908752,322.52267986189133,499.0786989805106,310.08332970369895,140.11684995493187,491.52352285335706,967.6421090281341,148.77006843048972,309.7637558246584,545.7918676815087,445.66384887810335,435.5124715632721,-20.30889522002346,198.38814085198646,98.42255773001152,647.5931250354434,-556.7777244359152,-384.70134253161496,-17.874564135695966,-762.1868442012825,145.1012472797139,321.22402719628934,-652.4409267065006,-124.31378333480832
129.33963133473793,1229.8980180280498,516.9100277458973,-24.413536896933838,265.9273594887498,-388.33592882698593,652.3670139352112,-681.0613563163889,-891.9525646832758,1005.0236238106697,-893.2874224879147,1184.554983167997,2299.0493360964897,-1023.7719341668161,-297.30408909064937,-380.83186995040813,354.6797502426708,-1680.1853461813876,302.5027210612897,-1156.2706819817765,3644.9631042734663,626.6498459093478,966.2663002779246,601.2677327321655,272.60320073393257,952.1618701936641,1877.6528811094317,288.06476464477765,601.0294473504587,1057.4963212161715,862.4097107516473,845.8198479743237,-40.561643385365684,387.85699738833284,191.53035931600897,1258.4128467112475,-1076.3309340667581,-745.4885071916242,-31.249832785971268,-1478.4995061339528,282.01871881664624,619.5124768390364,-1267.6183844924346,-241.8878795639803
-58.01379817003898,-547.9705155486758,-229.87574205782542,10.73725956147302,-118.60869362752449,172.62206163574996,-290.4102250219651,303.3049734755327,397.40139142422174,-447.55972634359773,397.93232055624924,-528.0439188069429,-1023.7719341668161,456.05182547212434,132.36877891015462,169.41603663406846,-158.01071331779835,748.6566623206862,-134.43463521149647,515.3989690601273,-1623.577440567034,-278.92874134647303,-430.57021025464377,-267.8960707307956,-121.38213975620704,-424.33151621436264,-836.2073383642207,-128.37564142680694,-267.61435805487804,-471.1432885009069,-384.3124553918962,-376.61174937223393,17.89748033001872,-172.38707718714915,-85.29081758876121,-560.3041790601721,479.7769619064722,332.0963479871888,14.374191756986857,658.5082653395935,-125.53922355458069,-276.3450791744596,564.3610100257338,107.63406504994813
-16.552568725482065,-159.01328127634525,-66.9764138951733,3.121812999627181,-34.314517152433524,50.32449976554923,-84.38150627842869,88.11044988809577,115.3021235569146,-130.03109512777854,115.5685508344816,-152.90025645637584,-297.30408909064937,132.36877891015462,38.55136676188429,49.393985011405945,-45.85645070103968,217.21309004262952,-39.17172948230835,149.5290506589119,-471.2357139839343,-81.07440788033612,-124.87629053272674,-77.78347215145637,-35.28152413247629,-123.18300267252489,-242.83397752263568,-37.220436866603194,-77.66191865350082,-136.68119820166027,-111.39621907592993,-109.38610766081591,5.340408688559342,-50.20650913793288,-24.88286375832918,-162.86122699961658,138.96896894261218,96.37665287066534,3.9097790466930054,191.13576228734175,-36.514969348323795,-79.9745079976645,164.01731263151945,31.28140989734773
-20.720656419082843,-203.47781770097984,-86.10796856652556,4.175475724759201,-43.78455097615681,64.75423441036264,-108.11819628058664,112.77710939568335,147.4489642208719,-166.55180304561657,147.86002649129074,-195.18234197323804,-380.83186995040813,169.41603663406846,49.393985011405945,63.529648368631875,-58.59800721784063,277.8131320533817,-50.484289386196245,191.1642804071324,-603.149831114748,-103.89756478289267,-159.6293274962962,-99.57435798892593,-45.33880723587618,-157.50605230225742,-310.9937142892172,-47.60682962326772,-99.48414249845713,-174.8560276513667,-142.35766217969302,-140.24317145544862,6.912362044990315,-64.77773171508518,-31.881001116879137,-208.84825802422566,177.46844055597975,123.252528060454,4.580864907104584,244.79356639202604,-46.801604549455305,-101.89632752877189,210.2742728529388,40.17074523013182
20.221192120103105,189.8243531546968,79.58650242674112,-3.599485050729468,41.10224245612858,-59.74696216435633,100.68637497021258,-105.14413929524177,-137.7714780271561,155.06387911964137,-137.90689743554006,183.13876392383466,354.6797502426708,-158.01071331779835,-45.85645070103968,-58.59800721784063,54.86373276370266,-259.4230898478372,46.49729537100132,-178.50110261479387,562.5917192217851,96.71357243568218,149.27790440608112,92.76301629702868,41.90708286032041,147.07147176138423,289.71050670823075,44.48684275737392,92.72039538737863,163.23703414173062,133.21933323000766,130.38308405237967,-6.314142658486671,59.523072685802305,29.58629182284585,193.95297468746446,-166.36647108088317,-115.09546296354178,-5.056014946398252,-228.04698223170763,43.53885371208564,95.88267641162093,-195.46682212742041,-37.209146926103564
-95.75213590307094,-899.673768967841,-376.8745931030244,17.45737544590867,-194.88929280183507,282.9257932437682,-476.51387399483775,497.83489424549714,652.4881247891254,-734.537235693196,653.2769015491425,-867.333073474349,-1680.1853461813876,748.6566623206862,217.21309004262952,277.8131320533817,-259.4230898478372,1229.259711434451,-220.2674514705678,846.479008700183,-2665.160546016958,-457.64320020138933,-707.010409240058,-439.83194306243723,-199.16750162727604,-696.8275456484891,-1372.45933464218,-210.81585947212625,-439.16490319274624,-773.5231928417147,-631.0806947988784,-618.0136422261945,29.170017097248717,-282.4732655234036,-139.98359763955406,-919.4260299087779,788.0256892625163,545.2148446911807,24.168677380010905,1080.8607975563118,-205.9763621788365,-454.14645952522073,926.061613928536,176.54241202980938
16.210852484354316,161.3596446108537,68.5783713300144,-3.4564797852223657,34.65957632402928,-51.6338871817368,85.95682732361031,-89.51566454154737,-116.94926476676694,132.2276845195461,-117.24881772168645,154.7723610488601,302.5027210612897,-134.43463521149647,-39.17172948230835,-50.484289386196245,46.49729537100132,-220.2674514705678,40.335666456934334,-151.32489179151284,478.75402597855424,82.60258064552495,126.5929705934287,78.91335191513843,35.981852176208,124.71406082498854,246.9322108042562,37.71979570845721,79.11537321441494,138.7245785172886,112.9384218994387,111.42656216967528,-5.595071939869489,51.722961458462365,25.207345433080356,165.84689758814648,-140.68623131191268,-97.78873570274081,-3.2912954835978945,-194.3786288145357,37.18422413154524,80.60150783505492,-167.04470337287236,-31.980967787405874
-66.21151430942346,-619.5249696882461,-259.0981861214271,11.922950583476647,-134.3091573941717,194.42817685563347,-327.74807299046967,342.6053190941743,449.1967921992421,-505.5623718324101,449.7734260594862,-597.221123122297,-1156.2706819817765,515.3989690601273,149.5290506589119,191.1642804071324,-178.50110261479387,846.479008700183,-151.32489179151284,583.2791171549707,-1834.5412279653622,-314.739114878124,-486.77586934271903,-302.95829313605714,-137.21532332954476,-479.9780157673353,-944.6169505187688,-145.1903488046073,-302.1355441558379,-532.577401956104,-434.49740532291366,-425.35456521742253,19.808900911606298,-194.1772275107437,-96.3910943048749,-632.8856911165518,542.6497453678603,375.322203900013,17.085114254815313,744.0381491382977,-141.68058026798744,-312.9333613070183,637.2695430296542,121.46492722465302
206.41129669431427,1950.720990001617,818.5564506052276,-38.29479228229366,422.1790408083491,-614.7414045082724,1034.0646401815857,-1079.8796136473127,-1414.8007589596984,1593.4031381897528,-1416.6582910808359,1879.886081908752,3644.9631042734663,-1623.577440567034,-471.2357139839343,-603.149831114748,562.5917192217851,-2665.160546016958,478.75402597855424,-1834.5412279653622,5780.243621116408,993.2038465527303,1532.8568078588776,953.613652632231,432.04027850385523,1510.493991953058,2977.093665087393,456.99406324344835,952.8618661825541,1677.2906122015531,1368.1980891759586,1340.813000647666,-63.8530684869026,613.8425032342456,303.59776849833844,1994.7237683966937,-1708.0130333393095,-1182.3363993731982,-50.92576025038003,-2344.3795169799346,446.9908930867763,983.6912144576996,-2009.2970151040438,-383.23645215319885
34.98446404805047,334.9896037727002,141.11825005604382,-6.658183266140763,72.32842691555436,-106.06400240602251,177.94976911107378,-185.681691084108,-243.02372001876296,273.94225417128905,-243.42301437834124,322.52267986189133,626.6498459093478,-278.92874134647303,-81.07440788033612,-103.89756478289267,96.71357243568218,-457.64320020138933,82.60258064552495,-314.739114878124,993.2038465527303,170.9769304915647,263.2190419976431,163.74407087958323,74.20379020253804,259.35572972370966,511.73917345382546,78.45522306250832,163.822046731021,288.04907433253175,234.8720404306222,230.49365755960673,-11.290560144189623,105.81672312166769,52.27530662095655,342.95779605359695,-293.07286273717983,-203.13379484487342,-8.205368990031149,-402.8005736245317,76.9505282022844,168.5775027092314,-345.58350305317856,-65.92602776346017
55.239009207228115,517.3969663581206,216.63986153882993,-9.973159895394547,112.12345821879329,-162.62036445957494,274.07758586693984,-286.3307101795236,-375.3239224995275,422.4096825605024,-375.7120787381479,499.0786989805106,966.2663002779246,-430.57021025464377,-124.87629053272674,-159.6293274962962,149.27790440608112,-707.010409240058,126.5929705934287,-486.77586934271903,1532.8568078588776,263.2190419976431,406.7125843851968,252.89836259298366,114.42471952685636,400.75498714159875,789.2918486928112,121.25424397562261,252.5978754858098,444.89713243927645,363.0535498718885,355.3490288057783,-16.805878179889998,162.27684733612338,80.46887289711339,528.5861492408316,-453.3951639862044,-313.60546978259663,-14.008508418656898,-621.5685174740975,118.46222031965628,261.3516851494494,-532.484503324267,-101.47991435572493
34.083823451722346,321.9557065371097,134.98114432206506,-6.282960725420914,69.696980901887855,-101.33394479212646,170.49031440671064,-178.12330234134515,-233.41496805343814,262.90007117921704,-233.77042180605287,310.08332970369895,601.2677327321655,-267.8960707307956,-77.78347215145637,-99.57435798892593,92.76301629702868,-439.83194306243723,78.91335191513843,-302.95829313605714,953.613652632231,163.74407087958323,252.89836259298366,157.45844012168334,71.39384800123268,249.36672624737474,491.15641563970763,75.42711660340167,157.1209688252836,276.7588207090757,225.70467218181994,221.23858349568098,-10.433417805190789,101.25356196418562,50.1455908872606,329.2161220329469,-281.77823918501724,-195.0374467216948,-8.537101113696703,-386.8206030565832,73.71953308329643,162.34011107459276,-331.4994126688918,-63.21611538698337
15.133376994594364,145.8765518126966,61.39078014086137,-3.007747187127171,31.507161069866434,-46.12517240095657,77.25889360431778,-80.67149186037939,-105.6395568638561,119.18935550153604,-105.87489742111501,140.11684995493187,272.60320073393257,-121.38213975620704,-35.28152413247629,-45.33880723587618,41.90708286032041,-199.16750162727604,35.981852176208,-137.21532332954476,432.04027850385523,74.20379020253804,114.42471952685636,71.39384800123268,32.53739659341811,112.87622377576336,222.64457686542528,34.14802109208408,71.23231797385036,125.35948458606538,102.11659983114566,100.42896079534682,-4.696395250735597,46.26508527344814,22.715321686396198,149.48882096236264,-127.37731465292033,-88.29917285080835,-3.6042702424435697,-175.41790371869743,33.40722842852381,73.23795252667468,-150.41822119366947,-28.76438923166624
54.30774851276152,509.98190217355074,213.54529534098043,-9.759984308561837,110.46753085621978,-160.26963389827782,270.0392829758165,-282.19365048626634,-369.8654719789396,416.339288755543,-370.35538597678516,491.52352285335706,952.1618701936641,-424.33151621436264,-123.18300267252489,-157.50605230225742,147.07147176138423,-696.8275456484891,124.71406082498854,-479.9780157673353,1510.493991953058,259.35572972370966,400.75498714159875,249.36672624737474,112.87622377576336,395.1835745948583,777.8490164003673,119.52372769767393,248.77837048617118,438.39999855927465,357.6303608551199,350.2023298012343,-16.562221847550322,159.9259605413195,79.49309549688911,521.1152826166127,-446.63547118138746,-309.00656084619925,-13.84330371457308,-612.4978920462285,116.77108279534065,257.4863152380907,-524.8502948092147,-99.9728847187687
105.79515272316993,1004.6246158713359,422.0444025368546,-19.845351785183915,217.2631370575647,-317.02281196539434,532.7575656317235,-556.2540451851077,-728.5721259961617,820.8469525917608,-729.6499220861858,967.6421090281341,1877.6528811094317,-836.2073383642207,-242.83397752263568,-310.9937142892172,289.71050670823075,-1372.45933464218,246.9322108042562,-944.6169505187688,2977.093665087393,511.73917345382546,789.2918486928112,491.15641563970763,222.64457686542528,777.8490164003673,1533.5544823031885,235.31184621977962,490.8288953140304,863.7690335790173,704.439770045772,690.7782283667101,-33.07517071184513,316.6118059891598,156.47255278987825,1027.7722836010007,-879.2385558594016,-608.8919667805127,-25.73218619812669,-1207.5540253252655,230.32571622762936,506.16637249461036,-1035.2545197462757,-197.50098728638207
16.468029142307003,154.28510136258518,64.57176919568869,-2.9854443069107743,33.44245436231227,-48.46118641775882,81.69047741937815,-85.34998848885077,-111.89818262826545,125.92698103712631,-112.01689532256478,148.77006843048972,288.06476464477765,-128.37564142680694,-37.220436866603194,-47.60682962326772,44.48684275737392,-210.81585947212625,37.71979570845721,-145.1903488046073,456.99406324344835,78.45522306250832,121.25424397562261,75.42711660340167,34.14802109208408,119.52372769767393,235.31184621977962,36.181348052161404,75.28457782974287,132.64633689569303,108.21923072459633,105.95128504954283,-4.968628153643926,48.385693032154705,24.00984248533226,157.6120763968333,-135.18445903172,-93.49379697637492,-4.22496473931487,-185.31811647993243,35.307848217359954,77.9229070261645,-158.75544950883142,-30.250379022590973
33.84979393826014,321.46367179952705,135.11524006588402,-6.42289963218612,69.52371364916978,-101.5194164055481,170.55372536397323,-178.01578348955778,-233.1540476028258,262.69837009320923,-233.45650658737068,309.7637558246584,601.0294473504587,-267.61435805487804,-77.66191865350082,-99.48414249845713,92.72039538737863,-439.16490319274624,79.11537321441494,-302.1355441558379,952.8618661825541,163.822046731021,252.5978754858098,157.1209688252836,71.23231797385036,248.77837048617118,490.8288953140304,75.28457782974287,157.19056274232503,276.4522181317004,225.49886402287896,221.1206095582823,-10.593013998088885,101.42683020869555,49.96933211158105,328.89931334926126,-281.41486483695644,-194.8773831273294,-8.132419950617741,-386.5307311042215,73.7095322999197,161.95138279984562,-331.3377112263596,-63.25720732998057
60.17747382924151,566.1422791402839,237.26684864651628,-11.070061135449203,122.62081994351952,-178.15098107651698,299.92292770261184,-313.2989463467613,-410.58977175845087,462.27919873151,-411.08678631512305,545.7918676815087,1057.4963212161715,-471.1432885009069,-136.68119820166027,-174.8560276513667,163.23703414173062,-773.5231928417147,138.7245785172886,-532.577401956104,1677.2906122015531,288.04907433253175,444.89713243927645,276.7588207090757,125.35948458606538,438.39999855927465,863.7690335790173,132.64633689569303,276.4522181317004,486.79441926133507,397.1525897355059,388.9936540897645,-18.365052624743694,177.9063598558037,88.03181303343936,578.6660576258922,-495.8664080232339,-343.12401846275736,-15.071814410719552,-680.2806056037407,129.6254348986228,285.707241656278,-582.8532210946488,-111.16514196142293
49.4553095774808,461.82327214031415,193.24475027899288,-8.940139163027482,100.13273487397379,-145.0661039640777,244.57395508455048,-255.53585165770022,-335.00860568297475,376.9661214150874,-335.3109486457799,445.66384887810335,862.4097107516473,-384.3124553918962,-111.39621907592993,-142.35766217969302,133.21933323000766,-631.0806947988784,112.9384218994387,-434.49740532291366,1368.1980891759586,234.8720404306222,363.0535498718885,225.70467218181994,102.11659983114566,357.6303608551199,704.439770045772,108.21923072459633,225.49886402287896,397.1525897355059,324.15970399580044,317.15087968984255,-14.902045867869917,144.79314852598736,71.70770186376147,471.69174650564463,-404.8197243170927,-279.94766233679616,-12.589118149011586,-554.8338031529955,105.6759168423622,233.3876639680387,-475.1714948590409,-90.59954617751166
47.3879339160658,452.4516178096059,190.2832041905572,-9.073128623810483,97.79043246135414,-142.96050789619935,239.96538395309662,-250.48725612794618,-328.03155682234194,369.7568838476199,-328.5628815535435,435.5124715632721,845.8198479743237,-376.61174937223393,-109.38610766081591,-140.24317145544862,130.38308405237967,-618.0136422261945,111.42656216967528,-425.35456521742253,1340.813000647666,230.49365755960673,355.3490288057783,221.23858349568098,100.42896079534682,350.2023298012343,690.7782283667101,105.95128504954283,221.1206095582823,388.9936540897645,317.15087968984255,311.28699044304415,-14.879063880578572,142.94141685763628,70.44411287451983,463.15934256817013,-395.75115404870843,-274.1580803770622,-11.35127658443068,-544.0017413756483,103.74509543016454,227.69213726421697,-466.44464348829297,-89.0557680460843
-1.835703556872059,-21.356281188163102,-9.486431500648347,0.39652893433865255,-4.453418120309996,7.180285633100823,-11.70115158567294,12.07177368809213,15.579506265305547,-17.77713384540421,15.678313085616402,-20.30889522002346,-40.561643385365684,17.89748033001872,5.340408688559342,6.912362044990315,-6.314142658486671,29.170017097248717,-5.595071939869489,19.808900911606298,-63.8530684869026,-11.290560144189623,-16.805878179889998,-10.433417805190789,-4.696395250735597,-16.562221847550322,-33.07517071184513,-4.968628153643926,-10.593013998088885,-18.365052624743694,-14.902045867869917,-14.879063880578572,1.0990964294141063,-7.024516477823928,-3.513243861368013,-22.217955878830697,18.473106763328136,13.014847087517387,0.060381119842386304,25.81703962771669,-5.114963475527731,-10.471079687746723,22.507035805819502,4.254288803413857
20.770178564028587,206.97632279131068,87.90190273675165,-4.518957221160891,44.47157287309274,-66.18352662743949,110.1258219615581,-114.72025580625419,-149.91569076263102,169.52255113178626,-150.3142308771008,198.38814085198646,387.85699738833284,-172.38707718714915,-50.20650913793288,-64.77773171508518,59.523072685802305,-282.4732655234036,51.722961458462365,-194.1772275107437,613.8425032342456,105.81672312166769,162.27684733612338,101.25356196418562,46.26508527344814,159.9259605413195,316.6118059891598,48.385693032154705,101.42683020869555,177.9063598558037,144.79314852598736,142.94141685763628,-7.024516477823928,66.43598189859729,32.28440525965244,212.76526233534346,-180.3650578201507,-125.36116874052071,-4.263368120655581,-249.33078736893648,47.625262196674264,103.31673238935204,-214.20522651294985,-41.05471550185337
10.621257316025533,102.46982780893684,43.178054347750724,-1.9361229809718086,22.091304985398853,-32.42313061913122,54.395388366313654,-56.80302042105311,-74.31886870796936,83.80677343204052,-74.51024472324077,98.42255773001152,191.53035931600897,-85.29081758876121,-24.88286375832918,-31.881001116879137,29.58629182284585,-139.98359763955406,25.207345433080356,-96.3910943048749,303.59776849833844,52.27530662095655,80.46887289711339,50.1455908872606,22.715321686396198,79.49309549688911,156.47255278987825,24.00984248533226,49.96933211158105,88.03181303343936,71.70770186376147,70.44411287451983,-3.513243861368013,32.28440525965244,16.153625152645763,104.95033884263492,-89.50495120253878,-62.08333885455722,-2.5515678522707796,-123.07201167568313,23.568643779780505,51.52072901958811,-105.71188499092669,-20.097883012852094
70.28473910192463,673.1506402834412,283.25467259588265,-13.478084719827274,145.4121368757201,-212.8189751100758,357.0289785606951,-372.7091034226052,-487.99338478252287,550.1949360801125,-488.8905384728401,647.5931250354434,1258.4128467112475,-560.3041790601721,-162.86122699961658,-208.84825802422566,193.95297468746446,-919.4260299087779,165.84689758814648,-632.8856911165518,1994.7237683966937,342.95779605359695,528.5861492408316,329.2161220329469,149.48882096236264,521.1152826166127,1027.7722836010007,157.6120763968333,328.89931334926126,578.6660576258922,471.69174650564463,463.15934256817013,-22.217955878830697,212.76526233534346,104.95033884263492,689.2753899600408,-588.5354639275024,-407.8472787066215,-16.75121981470516,-809.3175644620554,154.39728853594053,338.5803952938091,-694.1061822851142,-132.50309108895163
-62.12224417220966,-576.6125573946174,-240.88628434931357,11.035783273866782,-125.14272559747725,180.76071412455278,-305.2068971487553,318.9553110673177,418.3281626280208,-470.4585313992813,418.60237353605214,-556.7777244359152,-1076.3309340667581,479.7769619064722,138.96896894261218,177.46844055597975,-166.36647108088317,788.0256892625163,-140.68623131191268,542.6497453678603,-1708.0130333393095,-293.07286273717983,-453.3951639862044,-281.77823918501724,-127.37731465292033,-446.63547118138746,-879.2385558594016,-135.18445903172,-281.41486483695644,-495.8664080232339,-404.8197243170927,-395.75115404870843,18.473106763328136,-180.3650578201507,-89.50495120253878,-588.5354639275024,505.7423624653146,349.51617198661285,16.15696485242378,692.5239816164291,-131.8599018421392,-291.73035575481657,592.9099350285294,112.96925438467814
-42.385188344036564,-399.0143528277491,-167.3106175016493,7.81371291597944,-86.39917844885149,125.65667501007553,-211.47445474437055,220.9106761649245,289.4368210262761,-325.877082223685,289.82233190978076,-384.70134253161496,-745.4885071916242,332.0963479871888,96.37665287066534,123.252528060454,-115.09546296354178,545.2148446911807,-97.78873570274081,375.322203900013,-1182.3363993731982,-203.13379484487342,-313.60546978259663,-195.0374467216948,-88.29917285080835,-309.00656084619925,-608.8919667805127,-93.49379697637492,-194.8773831273294,-343.12401846275736,-279.94766233679616,-274.1580803770622,13.014847087517387,-125.36116874052071,-62.08333885455722,-407.8472787066215,349.51617198661285,241.94960171970718,10.546016298315777,479.4787192383145,-91.38812749679508,-201.38568601107698,410.8670861118129,78.37191208723546
-3.057790283610112,-17.530148773634576,-6.084622871637312,-0.029503600234050773,-4.184243070829564,4.365543334732355,-8.635358512754461,9.341598586737032,12.769782482891639,-13.663272662523376,12.542981267408958,-17.874564135695966,-31.249832785971268,14.374191756986857,3.9097790466930054,4.580864907104584,-5.056014946398252,24.168677380010905,-3.2912954835978945,17.085114254815313,-50.92576025038003,-8.205368990031149,-14.008508418656898,-8.537101113696703,-3.6042702424435697,-13.84330371457308,-25.73218619812669,-4.22496473931487,-8.132419950617741,-15.071814410719552,-12.589118149011586,-11.35127658443068,0.060381119842386304,-4.263368120655581,-2.5515678522707796,-16.75121981470516,16.15696485242378,10.546016298315777,1.7947861295349585,20.44073960673266,-3.6896269885194624,-9.86420253547098,16.836203686077564,3.049353502224667
-83.48591399686518,-791.2025663053636,-332.16459962560873,15.703671981231805,-171.19040978507448,249.49249455206711,-419.38220136463815,437.9282267745564,573.7111451200608,-646.3097936364753,574.5147997592252,-762.1868442012825,-1478.4995061339528,658.5082653395935,191.13576228734175,244.79356639202604,-228.04698223170763,1080.8607975563118,-194.3786288145357,744.0381491382977,-2344.3795169799346,-402.8005736245317,-621.5685174740975,-386.8206030565832,-175.41790371869743,-612.4978920462285,-1207.5540253252655,-185.31811647993243,-386.5307311042215,-680.2806056037407,-554.8338031529955,-544.0017413756483,25.81703962771669,-249.33078736893648,-123.07201167568313,-809.3175644620554,692.5239816164291,479.4787192383145,20.44073960673266,951.0337773221813,-181.27142138877886,-398.71564204997026,815.112447058365,155.5663627827159
15.71453138783199,150.77710270425632,63.53234112458625,-2.9535917714764928,32.541767501606046,-47.73474556642203,80.09269897549441,-83.56976757913135,-109.37662030155363,123.31664862448571,-109.56691313035499,145.1012472797139,282.01871881664624,-125.53922355458069,-36.514969348323795,-46.801604549455305,43.53885371208564,-205.9763621788365,37.18422413154524,-141.68058026798744,446.9908930867763,76.9505282022844,118.46222031965628,73.71953308329643,33.40722842852381,116.77108279534065,230.32571622762936,35.307848217359954,73.7095322999197,129.6254348986228,105.6759168423622,103.74509543016454,-5.114963475527731,47.625262196674264,23.568643779780505,154.39728853594053,-131.8599018421392,-91.38812749679508,-3.6896269885194624,-181.27142138877886,34.656482230005544,75.84946964086099,-155.56070932799705,-29.650238272255393
36.32630225649687,332.2178642337291,138.2612160905746,-6.153085841620052,72.25812824096617,-103.66750514693675,175.5792166007026,-183.66089956447595,-241.06879506613353,270.8165736084103,-241.16017660126064,321.22402719628934,619.5124768390364,-276.3450791744596,-79.9745079976645,-101.89632752877189,95.88267641162093,-454.14645952522073,80.60150783505492,-312.9333613070183,983.6912144576996,168.5775027092314,261.3516851494494,162.34011107459276,73.23795252667468,257.4863152380907,506.16637249461036,77.9229070261645,161.95138279984562,285.707241656278,233.3876639680387,227.69213726421697,-10.471079687746723,103.31673238935204,51.52072901958811,338.5803952938091,-291.73035575481657,-201.38568601107698,-9.86420253547098,-398.71564204997026,75.84946964086099,168.56273880579246,-341.0936215244941,-64.91478504851071
-70.84436430438231,-677.960199969731,-285.3270711979716,13.537778616011355,-146.44522672880493,214.39665428780597,-359.74015732487,375.4909660131079,491.60039038551713,-554.1831215127521,492.44824166802493,-652.4409267065006,-1267.6183844924346,564.3610100257338,164.01731263151945,210.2742728529388,-195.46682212742041,926.061613928536,-167.04470337287236,637.2695430296542,-2009.2970151040438,-345.58350305317856,-532.484503324267,-331.4994126688918,-150.41822119366947,-524.8502948092147,-1035.2545197462757,-158.75544950883142,-331.3377112263596,-582.8532210946488,-475.1714948590409,-466.44464348829297,22.507035805819502,-214.20522651294985,-105.71188499092669,-694.1061822851142,592.9099350285294,410.8670861118129,16.836203686077564,815.112447058365,-155.56070932799705,-341.0936215244941,699.1253114449767,133.42725084103213
-13.386711676399232,-129.27954213846917,-54.530180351760315,2.7085629642010027,-27.899134940333024,41.0149345387108,-68.62052644375737,71.60439710886253,93.6965260247726,-105.71865989174412,93.89127384165991,-124.31378333480832,-241.8878795639803,107.63406504994813,31.28140989734773,40.17074523013182,-37.209146926103564,176.54241202980938,-31.980967787405874,121.46492722465302,-383.23645215319885,-65.92602776346017,-101.47991435572493,-63.21611538698337,-28.76438923166624,-99.9728847187687,-197.50098728638207,-30.250379022590973,-63.25720732998057,-111.16514196142293,-90.59954617751166,-89.0557680460843,4.254288803413857,-41.05471550185337,-20.097883012852094,-132.50309108895163,112.96925438467814,78.37191208723546,3.049353502224667,155.5663627827159,-29.650238272255393,-64.91478504851071,133.42725084103213,25.54361849833246
