V1,V2,V3,V4,V5,V6,V7,V8,V9,V10,V11,V12,V13,V14,V15,V16,V17,V18,V19,V20,V21,V22,V23,V24,V25,V26,V27,V28,V29,V30,V31,V32,V33,V34,V35,V36,V37,V38,V39,V40,V41,V42,V43,V44
0.18106986921039198,0.03407965569720303,-0.15222515363606617,0.14926506689652383,0.2083346534189801,-0.03437864031143289,0.02728538440495563,-0.28342220402489926,-0.02008691719827701,0.09704395278361837,-0.2359427441393148,0.32699241574533783,0.2252536622927148,0.3630793489014345,0.09171674436739752,-0.026399721112057597,-0.0071976914568195735,-0.020499370873381068,0.05668414487103951,-0.140043863320433,0.33964148381260867,0.3787712789352631,0.04653636062370744,-0.1128325343508621,-0.005375575620002267,0.09116897744213229,0.3940871245368813,0.17337224352627664,0.06039889180115842,0.3165265085031045,0.09663172976575798,0.2162820817307725,-0.010265109759133362,0.15727505595326302,-0.12719198105585316,0.18222748514963286,-0.044963444470921925,0.06316832534550393,-0.05088436899579149,-0.19913550340960606,0.24902777088338313,0.36503552837818204,-0.20828172049269608,0.05427291794845119
0.03407965569720303,1.8429834193985886,0.26358325524880616,-0.3534296862750365,0.5888647419752124,-0.4946905131100461,0.5417486082992936,-0.7122561745512423,-1.1295900298235007,0.5759549272983079,-0.703900680755851,1.2401932785565755,2.4550805246704916,-1.6846533830164356,-0.4231668728979745,0.14540246217116015,0.4088600812041033,-2.00386067510075,0.6027602281256611,-1.080685573431999,3.600021327329467,0.21616988495834272,0.9877503482086356,0.7032542437772386,0.19521444398729146,0.5510349060965598,1.8378540513113486,-0.2141278420363912,0.14398492076196767,0.9895903308171318,1.4307602226926899,0.2236529739091376,-0.626085199410222,0.16151031117246528,0.8090549775735376,0.8609173261876013,-1.410383200860843,-1.544181527424108,-0.26034221140829694,-1.6587938607870634,-0.3674258146448053,0.4145904939021976,-1.2196392464032626,-0.42312861062010154
-0.15222515363606617,0.26358325524880616,1.077263433518178,-0.0019343084497292033,-0.7416217213570366,-0.012317195849465352,0.47242200703092757,0.3003688292116721,-0.4221704698522948,1.0325489770988348,-0.3546365597757176,0.13759062508463926,1.0250040890724392,-1.2377278151104318,-0.3889992178283012,-0.7472794284181421,0.2812244587973217,-1.0204201921934797,-0.28178010196156944,-0.7547893732858884,2.2041494101028927,-0.14935774514136219,0.6746601741111746,0.7638472632435386,0.286800175075838,0.9993591839159552,0.5163369142087021,0.22921616429061925,0.8661529860869874,0.10466815807649424,-0.08396176476276639,0.7831431451743763,0.6377776335553312,0.0016135668248675997,-0.20220849432076715,0.8619465772950129,-0.4665668850650576,0.05393916229332084,0.32446845707478006,-0.528651763960894,0.2743631592937769,-0.16676278162300512,-0.42233813236142825,-0.13472720604184482
0.14926506689652383,-0.3534296862750365,-0.0019343084497292033,0.4308260932186216,0.014660547637805832,0.11316170476795444,0.13397405745242838,-0.09612082575523724,0.1477845089172422,0.33364731020427013,-0.10339484271994237,0.17136497846050283,-0.07686764207096339,0.7122237224979258,0.13110728335059094,-0.33347801985542097,-0.00893339915764265,0.20898103193569095,-0.10478545771128722,-0.059169256891485174,0.026410041386998418,0.3729173729579718,0.04870208819933748,-0.16315573154147855,0.06390216349390575,0.22955221966663766,0.140878225376463,0.38512872698305145,0.27263221577416125,0.1759946643176945,-0.2913451733556321,0.4720623297606594,0.24085807832387574,0.24514441373755272,-0.4443684593517744,0.448451961681387,0.23534283823198557,0.7062368582949428,0.05844284721807326,0.06569542900699196,0.5183851702967764,0.30303049399033566,-0.1411963459436952,0.19292290482440397
0.2083346534189801,0.5888647419752124,-0.7416217213570366,0.014660547637805832,1.004587602761848,-0.29542003617898244,0.04402774246804898,-0.8240469335682049,-0.19266752934861558,-0.30833797415860087,-0.22283897976732792,0.668465133716442,0.5832163902692997,0.6511542323713949,0.17119426367943985,0.4622540653209048,-0.04605919028194778,-0.13094305596246267,0.5147577598563318,-0.009471229189699113,0.22321675160436816,0.5913244907635645,0.00529991719314187,-0.40213724455340466,-0.07785928159981997,-0.3815761253312933,0.7534557282971475,-0.012003916654088327,-0.48660237002452256,0.6317985265078906,0.6792182508090193,-0.22513589301500878,-0.7128011950117125,0.3103761619549629,0.33976328971444186,0.1151895175503409,-0.2254831966940732,-0.5367165252500486,-0.3370398252857481,-0.45509809627697567,-0.10658947248097898,0.5899389081884743,-0.5023808957202023,-0.04385589098850851
-0.03437864031143289,-0.4946905131100461,-0.012317195849465352,0.11316170476795444,-0.29542003617898244,0.2887032867688825,-0.17531253566469351,0.4443583472252723,0.2891967433576223,-0.18188817699279827,0.3510108900651604,-0.3988232853599556,-0.8438198844056567,0.17428712648478864,0.10088264900977034,-0.016512178270194137,-0.04937300227285185,0.4900113117309158,-0.22143175542601917,0.31038544222712083,-1.0429897860005404,-0.31780021253971313,-0.22652288098629872,-0.06236068852901926,-0.05144172472682195,-0.11180214226474607,-0.7040763220498,-0.015258019276331587,-0.017391056827821758,-0.4376039154737574,-0.4411004999969864,-0.11073042985368922,0.20150732629791338,-0.17024921127584183,-0.17826989740631555,-0.3457646746085788,0.31132380426048406,0.513308406256576,0.00602610889013192,0.5337173540002189,0.02738784718462902,-0.26905853009109937,0.4828530086761009,0.16293297941140386
0.02728538440495563,0.5417486082992936,0.47242200703092757,0.13397405745242838,0.04402774246804898,-0.17531253566469351,0.5848159148934321,-0.33301165633846225,-0.49995169510370446,0.849210482964452,-0.47432126677650627,0.6439147584010313,1.3465270037468395,-0.3951079506402333,-0.15922030284664995,-0.513761438847532,0.220860995588068,-0.9908306221664513,0.02809098405162986,-0.7076915590408256,2.189812276271662,0.42094003292902443,0.672473103903079,0.34155052266479324,0.2523110059109454,0.7813470338973052,1.0185912994857547,0.423151466053487,0.5414983639139124,0.5852100452886065,0.24785882550702362,0.7236848912733241,0.22396928955264456,0.3300276758555089,-0.09208041545464826,1.0725549268745056,-0.5430466540494586,-0.0413112384134794,0.03208090832558165,-0.7368429584759592,0.3459861267939498,0.346732935245295,-0.8173452583004296,-0.07288397407352624
-0.28342220402489926,-0.7122561745512423,0.3003688292116721,-0.09612082575523724,-0.8240469335682049,0.4443583472252723,-0.33301165633846225,1.0650925927058494,0.41008586961781207,-0.33920072395480516,0.739175526918428,-1.0180840804366629,-1.432938358114881,-0.4941621635815737,-0.06295447459109423,0.004143030696750254,-0.04159402477960559,0.6255700073578037,-0.42254837124250344,0.5388397422072003,-1.7306728903744355,-1.035402555801913,-0.35304667262607065,0.17734979133517834,-0.0687993587200676,-0.23013749002774417,-1.495027163615294,-0.3372582887407243,-0.03475771170723634,-1.0555665504592895,-0.7010342606015072,-0.4357103694185952,0.33998686288143953,-0.5366245748700653,-0.07203672344783527,-0.7840080831011735,0.44889457856269815,0.5127902025720977,0.13978590018797046,0.9457740302086574,-0.3247908326076761,-0.9004490594899804,0.9979343643762797,0.10581656383458694
-0.02008691719827701,-1.1295900298235007,-0.4221704698522948,0.1477845089172422,-0.19266752934861558,0.2891967433576223,-0.49995169510370446,0.41008586961781207,0.7857650489939888,-0.6814480509889748,0.5605851537294757,-0.8526663238352509,-1.7805354441297363,1.1632232089770862,0.306666769785698,0.1761857566891773,-0.31454641313788334,1.4564385986770543,-0.2579584323070866,0.8808504343190355,-2.808124334387434,-0.2169016590708874,-0.7938877388242632,-0.5765903681995701,-0.2072483757566948,-0.670729506531957,-1.310743623110095,-0.05573766164810346,-0.3616745301941993,-0.692993577547039,-0.7826029516111601,-0.4461911151061648,0.13653473870925892,-0.16399587682510763,-0.3482924134026484,-0.8473130255069604,0.9625581208628127,0.7956525120161545,0.08838866268125017,1.1361719601300206,0.0359118156837442,-0.30263132954284094,0.9056118080792799,0.2499831758340178
0.09704395278361837,0.5759549272983079,1.0325489770988348,0.33364731020427013,-0.30833797415860087,-0.18188817699279827,0.849210482964452,-0.33920072395480516,-0.6814480509889748,1.6048045724141708,-0.883333185146696,0.9306917797791587,2.0150868708673833,-0.7399325455046833,-0.3275103190443102,-1.039241661422973,0.37146776776804896,-1.4906701630306158,-0.1267356735745199,-1.2488967136947275,3.6440664936032325,0.6366486323124811,1.0642881531759323,0.6968121013361293,0.41565196957329753,1.443469071744473,1.5779582160422072,0.6971322392016042,1.167252050726164,0.8679527076441238,0.17977103065385572,1.4321438053996245,0.6485577623843751,0.4590169241866374,-0.42756436872301407,1.7559794888821698,-0.7255284136037238,0.18217940243920522,0.2729091807257361,-1.1447987076749002,0.7978004290093568,0.5400543508375177,-1.1801540006189954,-0.08722783479126822
-0.2359427441393148,-0.703900680755851,-0.3546365597757176,-0.10339484271994237,-0.22283897976732792,0.3510108900651604,-0.47432126677650627,0.739175526918428,0.5605851537294757,-0.883333185146696,0.9340770284603199,-1.0060373013389665,-1.7892901897582838,0.2773735749310125,0.13866142652672328,0.4278044494293948,-0.19415158815398265,1.076607128863428,-0.17334072187944613,0.944648192636137,-2.836144298130784,-0.8779023842826763,-0.6582158499613986,-0.3026386829721933,-0.19612767977894674,-0.8172647060435299,-1.6580604487656345,-0.43696321434835655,-0.5871310807571261,-1.014459169965988,-0.5376108822119094,-0.9064404227692067,-0.1388190260342943,-0.4468611215781867,0.12721038288350947,-1.0885937666051746,0.6600167578376686,0.38927023111408016,-0.08000530417255725,1.1597329462885984,-0.541920279738604,-0.7627138803283702,1.063410640322559,0.13936686423370692
0.32699241574533783,1.2401932785565755,0.13759062508463926,0.17136497846050283,0.668465133716442,-0.3988232853599556,0.6439147584010313,-1.0180840804366629,-0.8526663238352509,0.9306917797791587,-1.0060373013389665,1.514951075234508,2.3354922370375104,-0.38678656957701185,-0.12058698848425956,-0.27530176328525285,0.3130836788625105,-1.534766345259718,0.4287632887972064,-1.142454748977473,3.5528118045651356,1.0154364390344375,0.9222211895203908,0.3339376715980534,0.23020315489845647,0.8582833863894065,2.156693371114378,0.442789780556083,0.48312529519901937,1.3525074290378856,0.970708556547717,0.9153776769880263,-0.2010303149180564,0.5698049929492208,0.1129832883087408,1.3520966531808178,-1.0432532656262425,-0.6243603004397205,-0.18111167996482616,-1.5580915547122036,0.4730758506293627,1.0106973720092385,-1.4254896799563792,-0.13947423737762946
0.2252536622927148,2.4550805246704916,1.0250040890724392,-0.07686764207096339,0.5832163902692997,-0.8438198844056567,1.3465270037468395,-1.432938358114881,-1.7805354441297363,2.0150868708673833,-1.7892901897582838,2.3354922370375104,4.639633525883777,-1.9492284156101274,-0.6058437333853324,-0.775764120007941,0.6820760504273153,-3.3446985721466813,0.6119958306519981,-2.2862220314534762,7.222695632518291,1.2905780888019522,1.9218205340997383,1.1489101975521352,0.5555316096714286,1.8696238015906714,3.7454190221871566,0.5976756657889719,1.16583746260727,2.1280081306105876,1.7222807619511658,1.6573123558249414,-0.09410430719830008,0.809531024210706,0.39108473101133406,2.5730677747474435,-2.108360583230494,-1.5295121621992847,-0.03687315453449651,-2.927759994080648,0.5314620288149918,1.2391507458632014,-2.57560507625029,-0.5155033796861647
0.3630793489014345,-1.6846533830164356,-1.2377278151104318,0.7122237224979258,0.6511542323713949,0.17428712648478864,-0.3951079506402333,-0.4941621635815737,1.1632232089770862,-0.7399325455046833,0.2773735749310125,-0.38678656957701185,-1.9492284156101274,3.5579749668246334,0.870890703275666,0.06304080914377194,-0.5876998224358903,2.3176999846774917,-0.14994898146093094,1.1307587488232935,-3.6392776350871823,1.0874161505539246,-1.1014749720149681,-1.5385819741269524,-0.2587492101081795,-0.8339515887129626,-0.8366262496083552,0.7243534842529316,-0.5179478533976641,-0.04595776599752242,-1.0609339836041654,-0.03830211771557123,0.12854019349004975,0.53530867454498,-0.929231618329092,-0.3835355227407057,1.5177771117517598,1.62620733353023,-0.05388678125381685,1.3149900951577351,0.8313703822255155,0.6545902430202354,0.5016788819623232,0.5698234240820057
0.09171674436739752,-0.4231668728979745,-0.3889992178283012,0.13110728335059094,0.17119426367943985,0.10088264900977034,-0.15922030284664995,-0.06295447459109423,0.306666769785698,-0.3275103190443102,0.13866142652672328,-0.12058698848425956,-0.6058437333853324,0.870890703275666,0.29707176717410816,0.1058710119678102,-0.14915208505104,0.6477715857813241,-0.025738232509815988,0.35937437794134025,-1.0551096185151456,0.24588807858950404,-0.3368501637817382,-0.39997041836412606,-0.09743864983346923,-0.2531421159717814,-0.27204866055567506,0.173078313265391,-0.2012274478301597,-0.06607716403059369,-0.2975975571076901,-0.07613645104751723,0.015480580324814017,0.11522543196688029,-0.18025381238825297,-0.2677333294351591,0.3420872938338507,0.4076538718030194,-0.09336838450944959,0.3809236504439055,0.18092957666724815,0.12296883418155523,0.20118523780396672,0.18730682060267578
-0.026399721112057597,0.14540246217116015,-0.7472794284181421,-0.33347801985542097,0.4622540653209048,-0.016512178270194137,-0.513761438847532,0.004143030696750254,0.1761857566891773,-1.039241661422973,0.4278044494293948,-0.27530176328525285,-0.775764120007941,0.06304080914377194,0.1058710119678102,0.8805856450141593,-0.15020059442296846,0.5249272263797915,0.31633223907925556,0.6013399087777315,-1.6641517650164035,-0.415059979381159,-0.513718074587014,-0.3145761276258158,-0.27119416432848564,-0.9697135024584698,-0.6005084209320974,-0.6455217053040313,-0.8633476884300634,-0.3189886935354793,0.3568628458654735,-1.0332876813850702,-0.7449628697490306,-0.31073296279176654,0.5750771237170473,-1.076939073266122,0.12716962025405842,-0.6488863717979549,-0.2783694213976304,0.3335750955962481,-0.7211756181878686,-0.23663827422134695,0.5247260671926831,-0.0688807759131271
-0.0071976914568195735,0.4088600812041033,0.2812244587973217,-0.00893339915764265,-0.04605919028194778,-0.04937300227285185,0.220860995588068,-0.04159402477960559,-0.31454641313788334,0.37146776776804896,-0.19415158815398265,0.3130836788625105,0.6820760504273153,-0.5876998224358903,-0.14915208505104,-0.15020059442296846,0.16532422949622913,-0.6217646486261668,0.055230315013797,-0.3871563309137011,1.2134382292401151,0.003375684029261962,0.364948324560881,0.3193708800716907,0.10741305269651838,0.35819380336864126,0.476157848480389,0.03052114522432955,0.24440820031434818,0.21965688886954665,0.23915922031088885,0.2611299398667464,0.024264402110825933,0.04221540726495166,0.08701622394338929,0.39160445927984167,-0.38855685350472574,-0.19758732934522052,-0.0026593496718997594,-0.4370958527356758,0.032888216754799034,0.05925721665439186,-0.3317933048743133,-0.0732266920744974
-0.020499370873381068,-2.00386067510075,-1.0204201921934797,0.20898103193569095,-0.13094305596246267,0.4900113117309158,-0.9908306221664513,0.6255700073578037,1.4564385986770543,-1.4906701630306158,1.076607128863428,-1.534766345259718,-3.3446985721466813,2.3176999846774917,0.6477715857813241,0.5249272263797915,-0.6217646486261668,2.8008676578871157,-0.3552317691265127,1.7415956151592125,-5.457956711647653,-0.33652726595945653,-1.5747111750871887,-1.1974571653125687,-0.4402597937996358,-1.4403097060625032,-2.4086199433983095,-0.1653574518995285,-0.8866911907626527,-1.2416600252903822,-1.337254617916584,-1.0040061140468355,0.059502867487717076,-0.2804916091604797,-0.5133529993579327,-1.7295263513645938,1.7735996369473714,1.317196215498358,0.06017193185089338,2.1109025828204993,-0.03794403452206079,-0.5122175101190519,1.6760694861657757,0.45771279401276455
0.05668414487103951,0.6027602281256611,-0.28178010196156944,-0.10478545771128722,0.5147577598563318,-0.22143175542601917,0.02809098405162986,-0.42254837124250344,-0.2579584323070866,-0.1267356735745199,-0.17334072187944613,0.4287632887972064,0.6119958306519981,-0.14994898146093094,-0.025738232509815988,0.31633223907925556,0.055230315013797,-0.3552317691265127,0.4045726126758941,-0.12532700546081307,0.607684330763758,0.19371961885111758,0.10613458982723287,-0.01791909706252136,-0.028042412536367183,-0.189047727864169,0.5977128589207624,-0.18953121412398863,-0.24746600059243817,0.3778078093252998,0.5889619996380875,-0.15066143135388238,-0.5286623804166115,0.1231997272979647,0.3700594407467777,0.06501674696599606,-0.31435772190994404,-0.5959360277893777,-0.15943021066316787,-0.4922364912784181,-0.19265631264363112,0.2274453151671464,-0.36467969325049937,-0.11625583592514817
-0.140043863320433,-1.080685573431999,-0.7547893732858884,-0.059169256891485174,-0.009471229189699113,0.31038544222712083,-0.7076915590408256,0.5388397422072003,0.8808504343190355,-1.2488967136947275,0.944648192636137,-1.142454748977473,-2.2862220314534762,1.1307587488232935,0.35937437794134025,0.6013399087777315,-0.3871563309137011,1.7415956151592125,-0.12532700546081307,1.2889092467046461,-3.863942896800838,-0.5745041130762116,-1.0579730692211764,-0.7278501059689448,-0.322450863044124,-1.1883153414936007,-1.8214639607502205,-0.38706707426255726,-0.8387604195973967,-1.0080587423188845,-0.6956108609763273,-1.05541261055944,-0.2278436226162027,-0.3411438634116117,-0.004480041104025276,-1.4092412121183235,1.0531346855282893,0.5390497329818764,-0.07209432126000474,1.4406320671604198,-0.4261399515776839,-0.5983810168147011,1.2321650639898052,0.22376209347079606
0.33964148381260867,3.600021327329467,2.2041494101028927,0.026410041386998418,0.22321675160436816,-1.0429897860005404,2.189812276271662,-1.7306728903744355,-2.808124334387434,3.6440664936032325,-2.836144298130784,3.5528118045651356,7.222695632518291,-3.6392776350871823,-1.0551096185151456,-1.6641517650164035,1.2134382292401151,-5.457956711647653,0.607684330763758,-3.863942896800838,11.975353904560466,1.7776845930581344,3.2372102994710867,2.227809182309086,0.9777094460241692,3.507115633150327,5.753570679663646,1.0951041029204782,2.3937560406318097,3.1370772474460855,2.3163623757810243,3.0858795532841374,0.4333057939261011,1.136074523110763,0.28473533900321324,4.231016665108014,-3.3879285841759605,-1.9159469756861132,0.11239010391777148,-4.567163438351502,1.1449293515625523,1.7546909781268554,-3.9067902793327116,-0.7120739967416446
0.3787712789352631,0.21616988495834272,-0.14935774514136219,0.3729173729579718,0.5913244907635645,-0.31780021253971313,0.42094003292902443,-1.035402555801913,-0.2169016590708874,0.6366486323124811,-0.8779023842826763,1.0154364390344375,1.2905780888019522,1.0874161505539246,0.24588807858950404,-0.415059979381159,0.003375684029261962,-0.33652726595945653,0.19371961885111758,-0.5745041130762116,1.7776845930581344,1.4371317445556513,0.32316137670690986,-0.28639425480611896,0.1244188315959261,0.5797959917095671,1.571923489461695,0.8097406266348014,0.3967023733532761,1.1305622303450817,0.2069767137377882,0.976845491277636,0.14539442236126518,0.7672550819991175,-0.4283401034431226,1.0703303513150204,-0.21825597782477824,0.20518960880425074,-0.022087483371181767,-0.8055860406740064,0.9091979762488728,1.0945806261109707,-1.0518190132951333,0.09840193285227171
0.04653636062370744,0.9877503482086356,0.6746601741111746,0.04870208819933748,0.00529991719314187,-0.22652288098629872,0.672473103903079,-0.35304667262607065,-0.7938877388242632,1.0642881531759323,-0.6582158499613986,0.9222211895203908,1.9218205340997383,-1.1014749720149681,-0.3368501637817382,-0.513718074587014,0.364948324560881,-1.5747111750871887,0.10613458982723287,-1.0579730692211764,3.2372102994710867,0.32316137670690986,0.9676668025266362,0.6635431247951293,0.30477242004105687,1.0055098652480496,1.4195980647707391,0.2986974963929745,0.6849242493770414,0.7591475027081924,0.5941245879612523,0.8196741964261154,0.15181971343156286,0.2578488751724473,0.08403499805812352,1.237602403389679,-0.9399662512657254,-0.4252390441094507,0.00937619880183759,-1.1717017977755655,0.25114288230765924,0.38232661246240357,-1.0302017637782295,-0.18626552097478338
-0.1128325343508621,0.7032542437772386,0.7638472632435386,-0.16315573154147855,-0.40213724455340466,-0.06236068852901926,0.34155052266479324,0.17734979133517834,-0.5765903681995701,0.6968121013361293,-0.3026386829721933,0.3339376715980534,1.1489101975521352,-1.5385819741269524,-0.39997041836412606,-0.3145761276258158,0.3193708800716907,-1.1974571653125687,-0.01791909706252136,-0.7278501059689448,2.227809182309086,-0.28639425480611896,0.6635431247951293,0.7788509212931304,0.20031611208939343,0.7050485544900364,0.642431081346113,-0.08733806586238023,0.5273320695756162,0.1826659005427959,0.3647408635540084,0.4068162649180339,0.17870587706392552,-0.1077989155240396,0.19436265090568935,0.5568394128556656,-0.7236034184757307,-0.4804918132203568,0.10858733355821631,-0.7280942066110169,-0.07519581707354955,-0.1461739556354687,-0.4266871571602532,-0.210688659496584
-0.005375575620002267,0.19521444398729146,0.286800175075838,0.06390216349390575,-0.07785928159981997,-0.05144172472682195,0.2523110059109454,-0.0687993587200676,-0.2072483757566948,0.41565196957329753,-0.19612767977894674,0.23020315489845647,0.5555316096714286,-0.2587492101081795,-0.09743864983346923,-0.27119416432848564,0.10741305269651838,-0.4402597937996358,-0.028042412536367183,-0.322450863044124,0.9777094460241692,0.1244188315959261,0.30477242004105687,0.20031611208939343,0.12039269012998735,0.3821831737990676,0.3942361924464293,0.1753477434961681,0.293076397183355,0.20545573916757703,0.06078601004586447,0.34696149404994414,0.15562020542839447,0.11474899294508206,-0.07034146447992505,0.4718314571545877,-0.2224104187106961,0.02467622607843471,0.052547090482305686,-0.30086996574091834,0.1632344388492321,0.09931374112398972,-0.3198348790385348,-0.03189571191863394
0.09116897744213229,0.5510349060965598,0.9993591839159552,0.22955221966663766,-0.3815761253312933,-0.11180214226474607,0.7813470338973052,-0.23013749002774417,-0.670729506531957,1.443469071744473,-0.8172647060435299,0.8582833863894065,1.8696238015906714,-0.8339515887129626,-0.2531421159717814,-0.9697135024584698,0.35819380336864126,-1.4403097060625032,-0.189047727864169,-1.1883153414936007,3.507115633150327,0.5797959917095671,1.0055098652480496,0.7050485544900364,0.3821831737990676,1.4500507944742915,1.4594410253064916,0.711030737765223,1.1185734119246948,0.7710999673973755,0.11200495255246457,1.3532236381625002,0.7224202574907795,0.39128216866797716,-0.3795967096930569,1.5228658456600601,-0.7943239006201849,0.15778753029663303,0.18476624569938488,-1.063332271883281,0.7512881420816049,0.46930407788857204,-1.0570745196079994,-0.05255564533944234
0.3940871245368813,1.8378540513113486,0.5163369142087021,0.140878225376463,0.7534557282971475,-0.7040763220498,1.0185912994857547,-1.495027163615294,-1.310743623110095,1.5779582160422072,-1.6580604487656345,2.156693371114378,3.7454190221871566,-0.8366262496083552,-0.27204866055567506,-0.6005084209320974,0.476157848480389,-2.4086199433983095,0.5977128589207624,-1.8214639607502205,5.753570679663646,1.571923489461695,1.4195980647707391,0.642431081346113,0.3942361924464293,1.4594410253064916,3.375671462567135,0.6972280904955346,0.9203092822206105,2.032435437922067,1.3793466200637357,1.5500896596518603,-0.1240897981536168,0.8985128033420955,0.11556590385403528,2.139697855843386,-1.5701432532828468,-1.0193947286602574,-0.07788000698344696,-2.4536161880452254,0.7855210786301603,1.4191582130495686,-2.2313196040211776,-0.2902054401039522
0.17337224352627664,-0.2141278420363912,0.22921616429061925,0.38512872698305145,-0.012003916654088327,-0.015258019276331587,0.423151466053487,-0.3372582887407243,-0.05573766164810346,0.6971322392016042,-0.43696321434835655,0.442789780556083,0.5976756657889719,0.7243534842529316,0.173078313265391,-0.6455217053040313,0.03052114522432955,-0.1653574518995285,-0.18953121412398863,-0.38706707426255726,1.0951041029204782,0.8097406266348014,0.2986974963929745,-0.08733806586238023,0.1753477434961681,0.711030737765223,0.6972280904955346,0.7964788198663814,0.5648429972285729,0.5072545782342057,-0.3292421092710716,0.9070650977029403,0.5601067242060193,0.48503918415077063,-0.5755977766736177,0.9033019381711671,-0.026998408512184293,0.700391389380832,0.07103727747043402,-0.24014865363118568,0.8075834477181808,0.5442979070605869,-0.561726711120603,0.18112759228933628
0.06039889180115842,0.14398492076196767,0.8661529860869874,0.27263221577416125,-0.48660237002452256,-0.017391056827821758,0.5414983639139124,-0.03475771170723634,-0.3616745301941993,1.167252050726164,-0.5871310807571261,0.48312529519901937,1.16583746260727,-0.5179478533976641,-0.2012274478301597,-0.8633476884300634,0.24440820031434818,-0.8866911907626527,-0.24746600059243817,-0.8387604195973967,2.3937560406318097,0.3967023733532761,0.6849242493770414,0.5273320695756162,0.293076397183355,1.1185734119246948,0.9203092822206105,0.5648429972285729,0.9633686215942737,0.463172811775074,-0.12699663803895395,1.122794598417756,0.6966059567455347,0.27765593137099553,-0.4688366061146278,1.1523596087381922,-0.39539480482180595,0.3827278401864762,0.26871261506244276,-0.6493470152880233,0.6953158990581467,0.2892501927910735,-0.6695875412445911,0.0033888937047749598
0.3165265085031045,0.9895903308171318,0.10466815807649424,0.1759946643176945,0.6317985265078906,-0.4376039154737574,0.5852100452886065,-1.0555665504592895,-0.692993577547039,0.8679527076441238,-1.014459169965988,1.3525074290378856,2.1280081306105876,-0.04595776599752242,-0.06607716403059369,-0.3189886935354793,0.21965688886954665,-1.2416600252903822,0.3778078093252998,-1.0080587423188845,3.1370772474460855,1.1305622303450817,0.7591475027081924,0.1826659005427959,0.20545573916757703,0.7710999673973755,2.032435437922067,0.5072545782342057,0.463172811775074,1.305553707935509,0.7999441437454955,0.916825281024766,-0.1180816925665544,0.6199369811336392,-0.012253019527999657,1.2873391985614202,-0.8138281281279433,-0.5004480036444224,-0.08646048832347666,-1.3912635256288004,0.5567313184730371,1.0174685851451046,-1.3488058999154109,-0.12447344647930118
0.09663172976575798,1.4307602226926899,-0.08396176476276639,-0.2913451733556321,0.6792182508090193,-0.4411004999969864,0.24785882550702362,-0.7010342606015072,-0.7826029516111601,0.17977103065385572,-0.5376108822119094,0.970708556547717,1.7222807619511658,-1.0609339836041654,-0.2975975571076901,0.3568628458654735,0.23915922031088885,-1.337254617916584,0.5889619996380875,-0.6956108609763273,2.3163623757810243,0.2069767137377882,0.5941245879612523,0.3647408635540084,0.06078601004586447,0.11200495255246457,1.3793466200637357,-0.3292421092710716,-0.12699663803895395,0.7999441437454955,1.2704050078702753,-0.06622772381058227,-0.7379651308510715,0.08941082258387198,0.7168123131102101,0.42840973703523627,-0.9787529425653355,-1.3730537049111178,-0.24462589369029103,-1.2528603181406524,-0.4011209764165752,0.41333733595588895,-0.8571524735451188,-0.3547667662902355
0.2162820817307725,0.2236529739091376,0.7831431451743763,0.4720623297606594,-0.22513589301500878,-0.11073042985368922,0.7236848912733241,-0.4357103694185952,-0.4461911151061648,1.4321438053996245,-0.9064404227692067,0.9153776769880263,1.6573123558249414,-0.03830211771557123,-0.07613645104751723,-1.0332876813850702,0.2611299398667464,-1.0040061140468355,-0.15066143135388238,-1.05541261055944,3.0858795532841374,0.976845491277636,0.8196741964261154,0.4068162649180339,0.34696149404994414,1.3532236381625002,1.5500896596518603,0.9070650977029403,1.122794598417756,0.916825281024766,-0.06622772381058227,1.5425303656202787,0.7390767879876162,0.6106171251948669,-0.6528571840200408,1.611546127442832,-0.4765727210780421,0.5469179296152438,0.23833387469161246,-0.9604261959178165,1.091764375169716,0.7322942960106896,-1.0999689633619127,0.07677472869927489
-0.010265109759133362,-0.626085199410222,0.6377776335553312,0.24085807832387574,-0.7128011950117125,0.20150732629791338,0.22396928955264456,0.33998686288143953,0.13653473870925892,0.6485577623843751,-0.1388190260342943,-0.2010303149180564,-0.09410430719830008,0.12854019349004975,0.015480580324814017,-0.7449628697490306,0.024264402110825933,0.059502867487717076,-0.5286623804166115,-0.2278436226162027,0.4333057939261011,0.14539442236126518,0.15181971343156286,0.17870587706392552,0.15562020542839447,0.7224202574907795,-0.1240897981536168,0.5601067242060193,0.6966059567455347,-0.1180816925665544,-0.7379651308510715,0.7390767879876162,0.9133329999789509,0.08758068292093303,-0.657577038060164,0.4737658646771047,0.18409421346682836,0.8585786783379852,0.28584647887272585,0.22618216443105713,0.6204368112346775,-0.026858576237788513,0.025460357756195616,0.15607998174236548
0.15727505595326302,0.16151031117246528,0.0016135668248675997,0.24514441373755272,0.3103761619549629,-0.17024921127584183,0.3300276758555089,-0.5366245748700653,-0.16399587682510763,0.4590169241866374,-0.4468611215781867,0.5698049929492208,0.809531024210706,0.53530867454498,0.11522543196688029,-0.31073296279176654,0.04221540726495166,-0.2804916091604797,0.1231997272979647,-0.3411438634116117,1.136074523110763,0.7672550819991175,0.2578488751724473,-0.1077989155240396,0.11474899294508206,0.39128216866797716,0.8985128033420955,0.48503918415077063,0.27765593137099553,0.6199369811336392,0.08941082258387198,0.6106171251948669,0.08758068292093303,0.4757778919161446,-0.2356527314061524,0.7449489798272831,-0.1465177033960753,0.19707740739043111,-0.0018336619420313543,-0.471071716581441,0.5218581249074123,0.5540759885707626,-0.6579187778313947,0.0653923921986219
-0.12719198105585316,0.8090549775735376,-0.20220849432076715,-0.4443684593517744,0.33976328971444186,-0.17826989740631555,-0.09208041545464826,-0.07203672344783527,-0.3482924134026484,-0.42756436872301407,0.12721038288350947,0.1129832883087408,0.39108473101133406,-0.929231618329092,-0.18025381238825297,0.5750771237170473,0.08701622394338929,-0.5133529993579327,0.3700594407467777,-0.004480041104025276,0.28473533900321324,-0.4283401034431226,0.08403499805812352,0.19436265090568935,-0.07034146447992505,-0.3795967096930569,0.11556590385403528,-0.5755977766736177,-0.4688366061146278,-0.012253019527999657,0.7168123131102101,-0.6528571840200408,-0.657577038060164,-0.2356527314061524,0.748191340236969,-0.4011128573052693,-0.4819394115255411,-1.0419772325786436,-0.23641564394790102,-0.3430582522639801,-0.7410830682264877,-0.2290302338784717,-0.04081164248674499,-0.24925670966526836
0.18222748514963286,0.8609173261876013,0.8619465772950129,0.448451961681387,0.1151895175503409,-0.3457646746085788,1.0725549268745056,-0.7840080831011735,-0.8473130255069604,1.7559794888821698,-1.0885937666051746,1.3520966531808178,2.5730677747474435,-0.3835355227407057,-0.2677333294351591,-1.076939073266122,0.39160445927984167,-1.7295263513645938,0.06501674696599606,-1.4092412121183235,4.231016665108014,1.0703303513150204,1.237602403389679,0.5568394128556656,0.4718314571545877,1.5228658456600601,2.139697855843386,0.9033019381711671,1.1523596087381922,1.2873391985614202,0.42840973703523627,1.611546127442832,0.4737658646771047,0.7449489798272831,-0.4011128573052693,2.193008452137134,-0.8742178450082404,0.12127097237031675,0.16411949079677082,-1.4716291933165835,0.9384054785501038,0.8984989272427172,-1.634827600092574,-0.08921218720375144
-0.044963444470921925,-1.410383200860843,-0.4665668850650576,0.23534283823198557,-0.2254831966940732,0.31132380426048406,-0.5430466540494586,0.44889457856269815,0.9625581208628127,-0.7255284136037238,0.6600167578376686,-1.0432532656262425,-2.108360583230494,1.5177771117517598,0.3420872938338507,0.12716962025405842,-0.38855685350472574,1.7735996369473714,-0.31435772190994404,1.0531346855282893,-3.3879285841759605,-0.21825597782477824,-0.9399662512657254,-0.7236034184757307,-0.2224104187106961,-0.7943239006201849,-1.5701432532828468,-0.026998408512184293,-0.39539480482180595,-0.8138281281279433,-0.9787529425653355,-0.4765727210780421,0.18409421346682836,-0.1465177033960753,-0.4819394115255411,-0.8742178450082404,1.242166612321887,1.0368575242038525,0.16948143805096152,1.3836212687069587,0.08901528053339751,-0.3493424402708113,1.0349114160851711,0.28922844170381456
0.06316832534550393,-1.544181527424108,0.05393916229332084,0.7062368582949428,-0.5367165252500486,0.513308406256576,-0.0413112384134794,0.5127902025720977,0.7956525120161545,0.18217940243920522,0.38927023111408016,-0.6243603004397205,-1.5295121621992847,1.62620733353023,0.4076538718030194,-0.6488863717979549,-0.19758732934522052,1.317196215498358,-0.5959360277893777,0.5390497329818764,-1.9159469756861132,0.20518960880425074,-0.4252390441094507,-0.4804918132203568,0.02467622607843471,0.15778753029663303,-1.0193947286602574,0.700391389380832,0.3827278401864762,-0.5004480036444224,-1.3730537049111178,0.5469179296152438,0.8585786783379852,0.19707740739043111,-1.0419772325786436,0.12127097237031675,1.0368575242038525,1.93699419705516,0.2185773615381779,1.122908570865029,0.8734649254008979,-0.0468854349561293,0.5591036467847378,0.5245212636444134
-0.05088436899579149,-0.26034221140829694,0.32446845707478006,0.05844284721807326,-0.3370398252857481,0.00602610889013192,0.03208090832558165,0.13978590018797046,0.08838866268125017,0.2729091807257361,-0.08000530417255725,-0.18111167996482616,-0.03687315453449651,-0.05388678125381685,-0.09336838450944959,-0.2783694213976304,-0.0026593496718997594,0.06017193185089338,-0.15943021066316787,-0.07209432126000474,0.11239010391777148,-0.022087483371181767,0.00937619880183759,0.10858733355821631,0.052547090482305686,0.18476624569938488,-0.07788000698344696,0.07103727747043402,0.26871261506244276,-0.08646048832347666,-0.24462589369029103,0.23833387469161246,0.28584647887272585,-0.0018336619420313543,-0.23641564394790102,0.16411949079677082,0.16948143805096152,0.2185773615381779,0.2473823913534796,0.07136530426477536,0.17771627726406516,-0.08958374257639487,0.04016943038588416,-0.015363883814105151
-0.19913550340960606,-1.6587938607870634,-0.528651763960894,0.06569542900699196,-0.45509809627697567,0.5337173540002189,-0.7368429584759592,0.9457740302086574,1.1361719601300206,-1.1447987076749002,1.1597329462885984,-1.5580915547122036,-2.927759994080648,1.3149900951577351,0.3809236504439055,0.3335750955962481,-0.4370958527356758,2.1109025828204993,-0.4922364912784181,1.4406320671604198,-4.567163438351502,-0.8055860406740064,-1.1717017977755655,-0.7280942066110169,-0.30086996574091834,-1.063332271883281,-2.4536161880452254,-0.24014865363118568,-0.6493470152880233,-1.3912635256288004,-1.2528603181406524,-0.9604261959178165,0.22618216443105713,-0.471071716581441,-0.3430582522639801,-1.4716291933165835,1.3836212687069587,1.122908570865029,0.07136530426477536,1.957669859040448,-0.27954729854951965,-0.8298099993128915,1.6046509208645263,0.3382710772402946
0.24902777088338313,-0.3674258146448053,0.2743631592937769,0.5183851702967764,-0.10658947248097898,0.02738784718462902,0.3459861267939498,-0.3247908326076761,0.0359118156837442,0.7978004290093568,-0.541920279738604,0.4730758506293627,0.5314620288149918,0.8313703822255155,0.18092957666724815,-0.7211756181878686,0.032888216754799034,-0.03794403452206079,-0.19265631264363112,-0.4261399515776839,1.1449293515625523,0.9091979762488728,0.25114288230765924,-0.07519581707354955,0.1632344388492321,0.7512881420816049,0.7855210786301603,0.8075834477181808,0.6953158990581467,0.5567313184730371,-0.4011209764165752,1.091764375169716,0.6204368112346775,0.5218581249074123,-0.7410830682264877,0.9384054785501038,0.08901528053339751,0.8734649254008979,0.17771627726406516,-0.27954729854951965,1.0131895125978956,0.6302121696479459,-0.5462166439481174,0.2278677166421372
0.36503552837818204,0.4145904939021976,-0.16676278162300512,0.30303049399033566,0.5899389081884743,-0.26905853009109937,0.346732935245295,-0.9004490594899804,-0.30263132954284094,0.5400543508375177,-0.7627138803283702,1.0106973720092385,1.2391507458632014,0.6545902430202354,0.12296883418155523,-0.23663827422134695,0.05925721665439186,-0.5122175101190519,0.2274453151671464,-0.5983810168147011,1.7546909781268554,1.0945806261109707,0.38232661246240357,-0.1461739556354687,0.09931374112398972,0.46930407788857204,1.4191582130495686,0.5442979070605869,0.2892501927910735,1.0174685851451046,0.41333733595588895,0.7322942960106896,-0.026858576237788513,0.5540759885707626,-0.2290302338784717,0.8984989272427172,-0.3493424402708113,-0.0468854349561293,-0.08958374257639487,-0.8298099993128915,0.6302121696479459,0.9639649856880552,-0.9179978535988421,0.03025348163934461
-0.20828172049269608,-1.2196392464032626,-0.42233813236142825,-0.1411963459436952,-0.5023808957202023,0.4828530086761009,-0.8173452583004296,0.9979343643762797,0.9056118080792799,-1.1801540006189954,1.063410640322559,-1.4254896799563792,-2.57560507625029,0.5016788819623232,0.20118523780396672,0.5247260671926831,-0.3317933048743133,1.6760694861657757,-0.36467969325049937,1.2321650639898052,-3.9067902793327116,-1.0518190132951333,-1.0302017637782295,-0.4266871571602532,-0.3198348790385348,-1.0570745196079994,-2.2313196040211776,-0.561726711120603,-0.6695875412445911,-1.3488058999154109,-0.8571524735451188,-1.0999689633619127,0.025460357756195616,-0.6579187778313947,-0.04081164248674499,-1.634827600092574,1.0349114160851711,0.5591036467847378,0.04016943038588416,1.6046509208645263,-0.5462166439481174,-0.9179978535988421,1.572321554650959,0.18980182804044615
0.05427291794845119,-0.42312861062010154,-0.13472720604184482,0.19292290482440397,-0.04385589098850851,0.16293297941140386,-0.07288397407352624,0.10581656383458694,0.2499831758340178,-0.08722783479126822,0.13936686423370692,-0.13947423737762946,-0.5155033796861647,0.5698234240820057,0.18730682060267578,-0.0688807759131271,-0.0732266920744974,0.45771279401276455,-0.11625583592514817,0.22376209347079606,-0.7120739967416446,0.09840193285227171,-0.18626552097478338,-0.210688659496584,-0.03189571191863394,-0.05255564533944234,-0.2902054401039522,0.18112759228933628,0.0033888937047749598,-0.12447344647930118,-0.3547667662902355,0.07677472869927489,0.15607998174236548,0.0653923921986219,-0.24925670966526836,-0.08921218720375144,0.28922844170381456,0.5245212636444134,-0.015363883814105151,0.3382710772402946,0.2278677166421372,0.03025348163934461,0.18980182804044615,0.18200120122046645
