V1,V2,V3,V4,V5,V6,V7,V8,V9,V10,V11,V12,V13,V14,V15,V16,V17,V18,V19,V20,V21,V22,V23,V24,V25,V26,V27,V28,V29,V30,V31,V32,V33,V34,V35,V36,V37,V38,V39,V40,V41,V42,V43,V44
0.15953819555655233,0.1696329970647996,0.13803026383690378,-0.011368031680769981,-0.061713021172832935,-0.08521312422335504,-0.07000375018494231,-0.052711181887276526,-0.1128914373616896,0.2025532546913118,-0.2533122483866591,0.21233809878776916,0.4246134006725427,-0.24460208163095432,-0.01027187093906473,-0.010994596265089918,0.012878348965529031,-0.33338517948501856,0.015452239353660472,-0.2555658628452658,0.7335121602647114,0.07158426221314922,0.17760748465631673,0.13493864836265215,0.08485436118040764,0.14140179588618534,0.4569483535370644,0.07655751849598692,0.13112975030394203,0.12273363966456928,0.09505207424738094,0.22728737582424233,0.08503308344208123,0.0759602717758735,0.009330494718018804,0.1306611102178979,-0.1582651229455002,-0.16660900786865027,0.019175584979769872,-0.39985857748390524,0.062277162921669765,0.22880727604280252,-0.19972312813569795,0.017005329455007025
0.1696329970647996,3.0169403578654213,0.41251199814886574,-0.2617845298351317,0.9535808670109728,-0.7356857399167006,1.2959432079317683,-1.5796064773110574,-1.814757974753296,1.5442020876440437,-1.4376927867797804,2.4612486443777897,4.430780089696779,-2.213339887581327,-0.6556405949163688,-0.1538206824718353,0.7570525268470495,-3.2889119869815233,0.8736224548702366,-1.8895955239705893,6.6152408109015,1.1004452751301308,1.7207356632412922,0.9783459860626269,0.4187041436642118,1.5105241211729918,3.4609643391148768,0.11322449131817482,0.701644740097393,2.0077378708616,2.133114745231605,0.9712291917598233,-0.6483276046227641,0.7254007656418974,0.9362551081071763,2.1490652498218474,-2.3535484216243416,-1.9228069775977947,-0.4100964865601725,-2.87466268743943,0.32215576691469183,0.9616620021900151,-2.209313251659123,-0.4941300195486736
0.13803026383690378,0.41251199814886574,0.9348660701798521,0.21162461707417327,-0.14881464404828226,-0.31834030061532465,0.5677111520643776,-0.31464820011235056,-0.6660253599433584,1.2012564040206823,-0.867159563311242,0.7524954563007273,1.7990686729169,-0.5129066917294768,-0.1667693604285909,-0.870124828159576,0.20632189950127894,-1.2937181724780193,-0.0462602578843097,-1.2182032033723136,3.1460471435704296,0.5330591787171979,0.9311902600711766,0.6121362542465031,0.35433902561686226,1.0480879489092387,1.5350967157402806,0.6661339932683165,0.8493224405550246,0.7854051807607298,0.21650402758326065,1.2524808326175,0.49994444460064885,0.3355636233358611,-0.33960659573378,1.3855390837627393,-0.5768106669558634,-0.08114066353216288,0.25487571683175514,-1.1057942263881186,0.37889379646952326,0.6562209402619259,-1.2503419519761878,-0.17534752554716385
-0.011368031680769981,-0.2617845298351317,0.21162461707417327,0.2058710055985057,-0.20579227584642346,0.09655369037904388,0.19725327913363383,0.08681885001060952,0.06252173738666839,0.35264708241171133,0.015780977241516343,-0.0479265010899752,-0.05059579922168381,0.24548274227213768,0.008910778168547753,-0.35675283213663084,0.014305025237931217,0.038852212827032925,-0.21979364805954213,-0.056446569843901215,0.0709669938715782,0.08253392325033196,0.10028304995570693,-0.0027387161936439346,0.10191299389872766,0.3049510690044522,-0.10022282320410932,0.2962174390416028,0.28019073497687647,-0.050949706989701346,-0.34244760021682474,0.32162293361256483,0.3617973595769054,0.10557053325308752,-0.30295790287677204,0.3817010508886516,0.12888341139502613,0.513127077469288,0.08820739070657634,0.14771461484048293,0.3049412829607751,0.004249177239183052,-0.02826620217192415,0.09988177632441962
-0.061713021172832935,0.9535808670109728,-0.14881464404828226,-0.20579227584642346,0.6058289891010467,-0.3013779014391044,0.28225971253991616,-0.4477433176495514,-0.49619154534508614,0.018529348941002045,-0.15262381924835502,0.5412004852507659,1.0267762724381468,-0.5816857641736698,-0.20889204313756862,0.2742196126991721,0.1616826930453149,-0.8454065702022378,0.4248911922468089,-0.28848483923592094,1.1526941165794014,0.031601842578859,0.3835360600778527,0.1488867830123065,0.034408286427799674,-0.05450096652456502,0.6665598429819599,-0.24604164528960834,-0.2255822064570767,0.47752515260907136,0.846425773897402,-0.26345867369315684,-0.6349464272911118,0.05617421452603138,0.5564015998119003,0.29923225464744646,-0.5996664666121799,-0.8764147787105179,-0.2123129579017777,-0.6034604937965977,-0.4353343193633168,0.14009567771015194,-0.5328644013536693,-0.24883541113117413
-0.08521312422335504,-0.7356857399167006,-0.31834030061532465,0.09655369037904388,-0.3013779014391044,0.38926344054320844,-0.2313823724396695,0.3516540215517987,0.5584827017354701,-0.4215862195593855,0.512384113874501,-0.6006289826235889,-1.3935409259803857,0.6473462289278858,0.17561218504198295,0.09289299824661701,-0.13225667939512528,1.087504259313418,-0.28160259396796355,0.7023933398755006,-2.003595670579108,-0.1562442306167479,-0.6116548798976225,-0.3703878855772253,-0.1709846561613391,-0.2568616445802395,-1.1324273794736812,-0.0715141424719473,-0.14298932614418847,-0.5866616928084053,-0.651743056246323,-0.31640496401860746,0.23703605170916037,-0.13963825298989097,-0.24870774209830518,-0.6043863462910959,0.5679171305659592,0.7329642210516814,-0.010259178325138498,0.9245787651788029,0.2603380958233599,-0.43391868629722796,0.8607578838334665,0.23690266715088526
-0.07000375018494231,1.2959432079317683,0.5677111520643776,0.19725327913363383,0.28225971253991616,-0.2313823724396695,1.2607077916713685,-0.8232801131829119,-0.9681626612925399,1.438154129904119,-0.7424216294160253,1.3286306785458866,2.4265159915758296,-0.8004979401487234,-0.40012442499689543,-0.7731937779334973,0.5202643296960676,-1.7472911513696496,0.16859458311848988,-1.1385217622235897,3.873114568675879,0.8612790181959338,1.124778490419068,0.5468087032742036,0.3439905385556377,1.4381318052245675,1.708393109968101,0.5366105899706699,0.8907832946677042,1.1797001592000584,0.7057340025974159,1.0516495012213676,0.15665140487699167,0.5716629188597286,0.010699251721808621,1.924260402099568,-1.1737135123424445,-0.20047492701241656,-0.08195153733496821,-1.2448561781843142,0.7277657702534567,0.4375619896552068,-1.3343124456546105,-0.18789562998768797
-0.052711181887276526,-1.5796064773110574,-0.31464820011235056,0.08681885001060952,-0.4477433176495514,0.3516540215517987,-0.8232801131829119,0.9411112931577964,1.1093575277792016,-0.9269210621099943,0.8237427075978924,-1.3693571963413453,-2.3899994460477156,1.0786446691885478,0.30950192560420886,0.2947430225334513,-0.4191269111212128,1.6729373769261586,-0.4121147756554868,1.1937271707933863,-3.7453738724943304,-0.74287854975418,-0.9213398521544776,-0.5841698035465496,-0.21813976782064773,-1.01628208291777,-1.9092320263482927,-0.1843946168036391,-0.48164969909311206,-1.1045452942418157,-1.064945915367518,-0.7655939729527484,0.1679333961406315,-0.3725107099286047,-0.3922136926917196,-1.330900744277345,1.3114823618942903,0.9131989288216698,0.2175247872072165,1.5869448849061836,-0.329302259903186,-0.5104391151582951,1.3235566183662884,0.3346359583306975
-0.1128914373616896,-1.814757974753296,-0.6660253599433584,0.06252173738666839,-0.49619154534508614,0.5584827017354701,-0.9681626612925399,1.1093575277792016,1.5188781107753022,-1.2687152856760542,1.1331068728688618,-1.63893331165051,-3.0935352208672224,1.2795485522485552,0.3382177592651554,0.5713468868422582,-0.4372488567705314,2.1953017081341812,-0.4511398529853657,1.787138924475084,-4.892880662474643,-0.8251207967597876,-1.2969855494996776,-0.8552831735641794,-0.36027793891487103,-1.2673647670850738,-2.52682220445481,-0.39483438602489146,-0.6270847521846419,-1.327686724189234,-1.2477904042056156,-1.194922204106805,0.054795231322528004,-0.3969104651176835,-0.38560007322220324,-1.830636896140325,1.5498776198055202,1.166611910312149,0.17075485027051535,2.1222783267938103,-0.1936505381798919,-0.8021881255552544,1.9471274067401123,0.5185810275822523
0.2025532546913118,1.5442020876440437,1.2012564040206823,0.35264708241171133,0.018529348941002045,-0.4215862195593855,1.438154129904119,-0.9269210621099943,-1.2687152856760542,2.3409447171268964,-1.4030401707330091,1.854136505074605,3.657726734106624,-1.2498369872523145,-0.4903730886502812,-1.2441256060105457,0.6260323333066932,-2.6889578094506557,0.07174849830106729,-1.8997403328298075,6.056529547100377,1.1797656388389048,1.7586502927468786,0.941274822939706,0.6499132980048102,2.1446730669657867,2.8523620966643892,1.0103853556136007,1.5365771821567356,1.6134762679776071,0.7386411023263645,1.9469046351001476,0.6141140773437961,0.8893126090565556,-0.24580040878951573,2.767027543787511,-1.51246398653192,-0.19471100427101298,0.10399997018652583,-2.113063620734409,1.121395501032753,0.9902911410941903,-2.025954659673371,-0.1352905114510789
-0.2533122483866591,-1.4376927867797804,-0.867159563311242,0.015780977241516343,-0.15262381924835502,0.512384113874501,-0.7424216294160253,0.8237427075978924,1.1331068728688618,-1.4030401707330091,1.3979503119727847,-1.5642839265704471,-3.084807386864968,1.3973410737012204,0.3504188185510743,0.631974034570242,-0.4533754224701826,2.1973224830865834,-0.33509730353724265,1.6787551149586344,-5.135528672964131,-0.9459049217614794,-1.2729710634587588,-0.8998085603032456,-0.35002092784547356,-1.3873371961282284,-2.6799012475154806,-0.47600190555604344,-0.9834745801692868,-1.4831531462379666,-1.0425708855451727,-1.3738841125281351,-0.13287527116999803,-0.5075983170712176,-0.06806928515219893,-1.5994681087460687,1.3942783599089938,0.9362568680342117,-0.09061731414226744,2.055331388563345,-0.5188390137925458,-0.9468121294076396,1.7237734819624624,0.3072925775480366
0.21233809878776916,2.4612486443777897,0.7524954563007273,-0.0479265010899752,0.5412004852507659,-0.6006289826235889,1.3286306785458866,-1.3693571963413453,-1.63893331165051,1.854136505074605,-1.5642839265704471,2.316534427845842,4.218578104931454,-1.9267481748007582,-0.579368934410075,-0.6038285006411098,0.7350934376242273,-3.062914239422959,0.5754992594936514,-1.9955374062545008,6.688743495133815,1.2658639490610484,1.720311664056581,1.0313704046896395,0.4626991856357604,1.8599983685196564,3.3893219947430353,0.46287492891438076,1.1142870301199823,1.9781368258353982,1.644887291423121,1.4626323296548958,-0.11872756123242795,0.7743376051129027,0.433147793086291,2.3309753100338244,-2.118648507585531,-1.316576432512276,-0.18802492698693354,-2.6822307256645592,0.7431036690865658,1.0307532827511232,-2.176794615660946,-0.3792633343458965
0.4246134006725427,4.430780089696779,1.7990686729169,-0.05059579922168381,1.0267762724381468,-1.3935409259803857,2.4265159915758296,-2.3899994460477156,-3.0935352208672224,3.657726734106624,-3.084807386864968,4.218578104931454,8.2519462477263,-3.6491599435226645,-1.1335519305198578,-1.31882831481019,1.3007344055057748,-6.118186575940432,1.0859958511110877,-3.9685553164788905,12.901209458464445,2.1600532299921595,3.5255336153919203,2.072076856420542,1.0164225347127411,3.3589213133393385,6.598098666103701,1.0185832994499195,2.1396662825650776,3.7857689390469846,3.090799274663658,2.8726245068775635,-0.24500655398921092,1.4644344218137288,0.7163430184509204,4.589160536809339,-3.8090440640386305,-2.579569599418799,-0.11908766955017248,-5.15494727496254,0.9773755778548375,2.1675071180953935,-4.45673370588349,-0.7907510003258834
-0.24460208163095432,-2.213339887581327,-0.5129066917294768,0.24548274227213768,-0.5816857641736698,0.6473462289278858,-0.8004979401487234,1.0786446691885478,1.2795485522485552,-1.2498369872523145,1.3973410737012204,-1.9267481748007582,-3.6491599435226645,1.962160067632415,0.5317495218765834,0.11736871249372667,-0.5927002743406906,2.7281714355920266,-0.6881395853451086,1.5518713741880361,-5.598752799464721,-0.902447919667456,-1.3999631048249852,-0.8835096459297627,-0.320828756867889,-1.193719262904557,-2.999165012043034,-0.092558596884128,-0.7268275030703755,-1.7450666213567037,-1.691475581879758,-0.880475490127578,0.4768453196520416,-0.5902849580066799,-0.6093186611793158,-1.4942890000717994,1.814909755455048,1.607804810900489,0.1356106982621941,2.3815636748382176,-0.2779300962303335,-0.9347522301490921,1.73986566499174,0.3379483970085414
-0.01027187093906473,-0.6556405949163688,-0.1667693604285909,0.008910778168547753,-0.20889204313756862,0.17561218504198295,-0.40012442499689543,0.30950192560420886,0.3382177592651554,-0.4903730886502812,0.3504188185510743,-0.579368934410075,-1.1335519305198578,0.5317495218765834,0.2165295392102568,0.11228059784607958,-0.2231901339015379,0.886418200757746,-0.17948010952032692,0.3882925554547981,-1.6657812763400437,-0.2749220609124356,-0.49129477696391,-0.22545145850018397,-0.12831049644041626,-0.42638780466271614,-0.8117485254956321,-0.07874127959086341,-0.283383138357411,-0.5680210514843941,-0.47528151389960804,-0.2384942268753418,0.15362225409622,-0.2446553880912041,-0.13913193832980558,-0.6162080411340596,0.5260566418075989,0.32890646126745515,0.02860260210478857,0.5876910521236295,-0.13923656275242333,-0.23077556169410823,0.5097068012196901,0.06152595682661
-0.010994596265089918,-0.1538206824718353,-0.870124828159576,-0.35675283213663084,0.2742196126991721,0.09289299824661701,-0.7731937779334973,0.2947430225334513,0.5713468868422582,-1.2441256060105457,0.631974034570242,-0.6038285006411098,-1.31882831481019,0.11736871249372667,0.11228059784607958,1.0857663397820134,-0.21787161450609857,0.8566205618202857,0.22918797696639603,1.0491622676170993,-2.5514147003062937,-0.6282968707853339,-0.7567676573008361,-0.47985038046118633,-0.3161799383423799,-1.227791816091198,-1.0627869346301024,-0.79364670058411535,-0.9343184589911049,-0.6078028320624705,0.1240502659742826,-1.3284290974066202,-0.7517308995377585,-0.3348620914636103,0.5420310671279597,-1.5045445001743483,0.4258798884975039,-0.4483435275309224,-0.21833837839933093,0.6992822793330444,-0.7030316455261483,-0.419630006759225,1.031414208584404,0.11106203210546058
0.012878348965529031,0.7570525268470495,0.20632189950127894,0.014305025237931217,0.1616826930453149,-0.13225667939512528,0.5202643296960676,-0.4191269111212128,-0.4372488567705314,0.6260323333066932,-0.4533754224701826,0.7350934376242273,1.3007344055057748,-0.5927002743406906,-0.2231901339015379,-0.21787161450609857,0.2855901680472454,-0.9436882570528713,0.165591847169642,-0.518208333714973,2.069349139768975,0.4588820390159748,0.5291679963246936,0.28627631656183516,0.12639932150292915,0.6596042947613467,0.9816143779756917,0.1452564438624995,0.42576782762492693,0.682249702431896,0.4934988455549753,0.42599590825389744,-0.0465058770771501,0.2932282888720515,0.09161899731055173,0.7656523219084284,-0.6683327447303294,-0.28677923522816406,-0.04917083717135564,-0.7147536614439738,0.3657077015812781,0.2524538017948747,-0.5918935902699229,-0.07000350245873593
-0.33338517948501856,-3.2889119869815233,-1.2937181724780193,0.038852212827032925,-0.8454065702022378,1.087504259313418,-1.7472911513696496,1.6729373769261586,2.1953017081341812,-2.6889578094506557,2.1973224830865834,-3.062914239422959,-6.118186575940432,2.7281714355920266,0.886418200757746,0.8566205618202857,-0.9436882570528713,4.665017994792977,-0.8230953454686168,2.808878501864722,-9.357673785201937,-1.4128110289027467,-2.6836406805613544,-1.4773306484217315,-0.8004792591182047,-2.3126886384596337,-4.7977250685165584,-0.7065622789127157,-1.4905883008006386,-2.757385113443706,-2.326566146572652,-1.9276135402648003,0.3182004609641076,-1.1035634858143517,-0.6040292861295327,-3.369013800864757,2.744773409170287,1.951839404445444,0.0880571825635376,3.741428433678381,-0.5251719236861809,-1.6239185870834254,3.2403014504168692,0.5316054127859073
0.015452239353660472,0.8736224548702366,-0.0462602578843097,-0.21979364805954213,0.4248911922468089,-0.28160259396796355,0.16859458311848988,-0.4121147756554868,-0.4511398529853657,0.07174849830106729,-0.33509730353724265,0.5754992594936514,1.0859958511110877,-0.6881395853451086,-0.17948010952032692,0.22918797696639603,0.165591847169642,-0.8230953454686168,0.39475617198867524,-0.37321002311790796,1.4500133458971725,0.16184471029387468,0.3470354280305705,0.22554486925684628,0.01718480917416596,0.06602972522533286,0.8608646159266161,-0.21043932976290555,-0.06842058568936296,0.5417103537914865,0.7874575829834015,-0.069510124026453,-0.49337640416547224,0.08299514095586842,0.4490040507604098,0.21035119715172837,-0.6160594143539567,-0.8616539455785557,-0.13015193415303755,-0.7322426667298275,-0.24188376879717732,0.21873163640731053,-0.5203198544493037,-0.21156096700599925
-0.2555658628452658,-1.8895955239705893,-1.2182032033723136,-0.056446569843901215,-0.28848483923592094,0.7023933398755006,-1.1385217622235897,1.1937271707933863,1.787138924475084,-1.8997403328298075,1.6787551149586344,-1.9955374062545008,-3.9685553164788905,1.5518713741880361,0.3882925554547981,1.0491622676170993,-0.518208333714973,2.808878501864722,-0.37321002311790796,2.4525899516662966,-6.569118779028672,-1.1324340906361778,-1.743493852840445,-1.2045265600477528,-0.5366128323944871,-1.842393654165212,-3.3774709620063974,-0.7786097212119404,-1.1489954413928196,-1.7332928916883905,-1.2712710270129448,-1.9478865328296737,-0.31644830720101613,-0.5623822664376572,-0.10710086428436587,-2.446755351293705,1.7949109626719955,1.1575519678754072,-0.02536673301003644,2.7163856532955215,-0.47190064890164757,-1.2105453761140046,2.548467173581121,0.5687626188630316
0.7335121602647114,6.6152408109015,3.1460471435704296,0.0709669938715782,1.1526941165794014,-2.003595670579108,3.873114568675879,-3.7453738724943304,-4.892880662474643,6.056529547100377,-5.135528672964131,6.688743495133815,12.901209458464445,-5.598752799464721,-1.6657812763400437,-2.5514147003062937,2.069349139768975,-9.357673785201937,1.4500133458971725,-6.569118779028672,20.821692450827822,3.7983377126027196,5.4783519518297785,3.420882453195543,1.5801455460404563,5.8490733599159395,10.55967324352981,1.9311859432693608,3.843455293620845,6.022456923221517,4.4749599464716985,5.212473598016246,0.23836128660357395,2.3220492085791653,0.6634008563854253,7.393544517471865,-5.992730192265177,-3.5947890332232886,-0.043875151485998486,-8.182568629227305,2.17822335470959,3.4895596682588947,-7.073678431500452,-1.2115174500175299
0.07158426221314922,1.1004452751301308,0.5330591787171979,0.08253392325033196,0.031601842578859,-0.1562442306167479,0.8612790181959338,-0.74287854975418,-0.8251207967597876,1.1797656388389048,-0.9459049217614794,1.2658639490610484,2.1600532299921595,-0.902447919667456,-0.2749220609124356,-0.6282968707853339,0.4588820390159748,-1.4128110289027467,0.16184471029387468,-1.1324340906361778,3.7983377126027196,0.9948734109437893,0.835887667088521,0.5923524902615173,0.20291793479637618,1.3853413229558058,1.8156593186394,0.42555108841344863,0.9263014167824462,1.1538514161617417,0.6362384289819928,1.1419342881056962,0.2713991149512714,0.47538432265398517,-0.06915221145294331,1.375805507018781,-1.1314803600733845,-0.31247856259306545,-0.01340434031167716,-1.3362541658744953,0.9070376283458099,0.497294178464325,-1.1137163942755375,-0.15252191144050328
0.17760748465631673,1.7207356632412922,0.9311902600711766,0.10028304995570693,0.3835360600778527,-0.6116548798976225,1.124778490419068,-0.9213398521544776,-1.2969855494996776,1.7586502927468786,-1.2729710634587588,1.720311664056581,3.5255336153919203,-1.3999631048249852,-0.49129477696391,-0.7567676573008361,0.5291679963246936,-2.6836406805613544,0.3470354280305705,-1.743493852840445,5.4783519518297785,0.835887667088521,1.6396002812123731,0.8847839875906411,0.5338984717605972,1.4953704630132356,2.73711983616574,0.6116421642703553,1.0011374100046577,1.5510374585623714,1.146790455427114,1.34730144542325,0.04193307733834835,0.6617210474924767,0.16421259321688453,2.2127380839356836,-1.4963974332205527,-0.8649188367660587,0.016641014748011156,-2.107136328232102,0.38747502593567307,0.9699281603487137,-1.9898105143396156,-0.3051568092033686
0.13493864836265215,0.9783459860626269,0.6121362542465031,-0.0027387161936439346,0.1488867830123065,-0.3703878855772253,0.5468087032742036,-0.5841698035465496,-0.8552831735641794,0.941274822939706,-0.8998085603032456,1.0313704046896395,2.072076856420542,-0.8835096459297627,-0.22545145850018397,-0.47985038046118633,0.28627631656183516,-1.4773306484217315,0.22554486925684628,-1.2045265600477528,3.420882453195543,0.5923524902615173,0.8847839875906411,0.6229131586138129,0.2510428943108387,0.9181048227925681,1.7704171603349048,0.34511134023367684,0.6077700063900314,0.9574815437799021,0.7063194253864913,0.9416644420343623,0.09348203560860402,0.30003753929175386,0.06643501696256651,1.1610013610700098,-0.935150214660611,-0.6510132577293887,0.042220348399307675,-1.3879232418310827,0.2461096401129954,0.6253523670827942,-1.2578583074260383,-0.27260985407847355
0.08485436118040764,0.4187041436642118,0.35433902561686226,0.10191299389872766,0.034408286427799674,-0.1709846561613391,0.3439905385556377,-0.21813976782064773,-0.36027793891487103,0.6499132980048102,-0.35002092784547356,0.4626991856357604,1.0164225347127411,-0.320828756867889,-0.12831049644041626,-0.3161799383423799,0.12639932150292915,-0.8004792591182047,0.01718480917416596,-0.5366128323944871,1.5801455460404563,0.20291793479637618,0.5338984717605972,0.2510428943108387,0.2308737001617514,0.4912437675829426,0.7726528656863829,0.2916025627717643,0.3497479064623389,0.3596957823296216,0.19038125057088817,0.5003511038232027,0.1516934190686651,0.23812726910112617,-0.028798071485008864,0.7937481374069042,-0.3589436999376419,-0.09041221504055533,0.026802755030855,-0.6105950000560587,0.15937744442334445,0.31134005288173944,-0.6032775204355909,-0.03935190620197819
0.14140179588618534,1.5105241211729918,1.0480879489092387,0.3049510690044522,-0.05450096652456502,-0.2568616445802395,1.4381318052245675,-1.01628208291777,-1.2673647670850738,2.1446730669657867,-1.3873371961282284,1.8599983685196564,3.3589213133393385,-1.193719262904557,-0.42638780466271614,-1.227791816091198,0.6596042947613467,-2.3126886384596337,0.06602972522533286,-1.842393654165212,5.8490733599159395,1.3853413229558058,1.4953704630132356,0.9181048227925681,0.4912437675829426,2.2459140992923587,2.7121089826391223,0.9225751115574031,1.545603916927209,1.6214347124667208,0.7101213751830061,1.9616790997514026,0.6750352726684407,0.8038107679233965,-0.2779918376711407,2.5277800642614774,-1.57867415270047,-0.1411845789540135,0.04026061681695565,-1.9994929609254355,1.3800025157664249,0.8375057425641277,-1.8408622518995779,-0.16679695200853167
0.4569483535370644,3.4609643391148768,1.5350967157402806,-0.10022282320410932,0.6665598429819599,-1.1324273794736812,1.708393109968101,-1.9092320263482927,-2.52682220445481,2.8523620966643892,-2.6799012475154806,3.3893219947430353,6.598098666103701,-2.999165012043034,-0.8117485254956321,-1.0627869346301024,0.9816143779756917,-4.7977250685165584,0.8608646159266161,-3.3774709620063974,10.55967324352981,1.8156593186394,2.73711983616574,1.7704171603349048,0.7726528656863829,2.7121089826391223,5.512939991615129,0.8251388785755366,1.7548880459153815,3.0309231880105596,2.451014122577158,2.507194832045309,-0.05729392970317712,1.094621781886672,0.512932753846722,3.473945312978206,-3.0679642964429963,-2.205125878186564,-0.04057995881373923,-4.349966268008969,0.8264971513144086,1.864763735700274,-3.6316480898424466,-0.681011568781226
0.07655751849598692,0.11322449131817482,0.6661339932683165,0.2962174390416028,-0.24604164528960834,-0.0715141424719473,0.5366105899706699,-0.1843946168036391,-0.39483438602489146,1.0103853556136007,-0.47600190555604344,0.46287492891438076,1.0185832994499195,-0.092558596884128,-0.07874127959086341,-0.79364670058411535,0.1452564438624995,-0.7065622789127157,-0.21043932976290555,-0.7786097212119404,1.9311859432693608,0.42555108841344863,0.6116421642703553,0.34511134023367684,0.2916025627717643,0.9225751115574031,0.8251388785755366,0.6373295521606984,0.719257245064552,0.3962413420358889,-0.14955320905941633,1.021984224490297,0.6203685011566852,0.2954085051767201,-0.41475459573164736,1.17259601689422,-0.29210460982801933,0.3855057971799271,0.15743736668869238,-0.5708860557774643,0.5496964148708896,0.36643814192798246,-0.7516632601036123,-0.017997581028712864
0.13112975030394203,0.701644740097393,0.8493224405550246,0.28019073497687647,-0.2255822064570767,-0.14298932614418847,0.8907832946677042,-0.48164969909311206,-0.6270847521846419,1.5365771821567356,-0.9834745801692868,1.1142870301199823,2.1396662825650776,-0.7268275030703755,-0.283383138357411,-0.9343184589911049,0.42576782762492693,-1.4905883008006386,-0.06842058568936296,-1.1489954413928196,3.843455293620845,0.9263014167824462,1.0011374100046577,0.6077700063900314,0.3497479064623389,1.545603916927209,1.7548880459153815,0.719257245064552,1.2125608066180593,1.08643380802808,0.26688190087430824,1.4120353072963145,0.5979632698942176,0.5860909622430464,-0.4069049959074667,1.6513472393419477,-0.878053217447812,0.1545635308973683,0.1855003584053528,-1.1849644441991893,1.0473835568923133,0.6014229495560154,-1.121205949564992,-0.0017838937077653183
0.12273363966456928,2.0077378708616,0.7854051807607298,-0.050949706989701346,0.47752515260907136,-0.5866616928084053,1.1797001592000584,-1.1045452942418157,-1.327686724189234,1.6134762679776071,-1.4831531462379666,1.9781368258353982,3.7857689390469846,-1.7450666213567037,-0.5680210514843941,-0.6078028320624705,0.682249702431896,-2.757385113443706,0.5417103537914865,-1.7332928916883905,6.022456923221517,1.1538514161617417,1.5510374585623714,0.9574815437799021,0.3596957823296216,1.6214347124667208,3.0309231880105596,0.3962413420358889,1.08643380802808,1.9579733622162714,1.5056833457590992,1.268873791432091,-0.20151034238702867,0.6746959564151385,0.26937373311337154,1.973004298870421,-1.8130992302700955,-1.18048480604918,-0.004983546651433806,-2.2426695292635106,0.596905485319655,0.9392508910594146,-1.9489306909151962,-0.36229360961386636
0.09505207424738094,2.133114745231605,0.21650402758326065,-0.34244760021682474,0.846425773897402,-0.651743056246323,0.7057340025974159,-1.064945915367518,-1.2477904042056156,0.7386411023263645,-1.0425708855451727,1.644887291423121,3.090799274663658,-1.691475581879758,-0.47528151389960804,0.1240502659742826,0.4934988455549753,-2.326566146572652,0.7874575829834015,-1.2712710270129448,4.4749599464716985,0.6362384289819928,1.146790455427114,0.7063194253864913,0.19038125057088817,0.7101213751830061,2.451014122577158,-0.14955320905941633,0.26688190087430824,1.5056833457590992,1.7652426162166535,0.3828910489668416,-0.8009771379141859,0.36472781732227505,0.8170231965331742,1.120912319716811,-1.6405018416221155,-1.7694705630607404,-0.2468641267760761,-2.00634419834754,-0.18751897680494792,0.7076144605326391,-1.5622339485092025,-0.46727015661880056
0.22728737582424233,0.9712291917598233,1.2524808326175,0.32162293361256483,-0.26345867369315684,-0.31640496401860746,1.0516495012213676,-0.7655939729527484,-1.194922204106805,1.9469046351001476,-1.3738841125281351,1.4626323296548958,2.8726245068775635,-0.880475490127578,-0.2384942268753418,-1.3284290974066202,0.42599590825389744,-1.9276135402648003,-0.069510124026453,-1.9478865328296737,5.212473598016246,1.1419342881056962,1.34730144542325,0.9416644420343623,0.5003511038232027,1.9616790997514026,2.507194832045309,1.021984224490297,1.4120353072963145,1.268873791432091,0.3828910489668416,2.0926918262883447,0.905444404327922,0.5988823230899882,-0.4559554492297351,2.261968658717032,-1.1880993292480322,-0.06950132130410722,0.19339413489220053,-1.8983683756292993,1.0658174388846215,0.9283770865189092,-1.867826387063892,-0.2359581736238914
0.08503308344208123,-0.6483276046227641,0.49994444460064885,0.3617973595769054,-0.6349464272911118,0.23703605170916037,0.15665140487699167,0.1679333961406315,0.054795231322528004,0.6141140773437961,-0.13287527116999803,-0.11872756123242795,-0.24500655398921092,0.4768453196520416,0.15362225409622,-0.7517308995377585,-0.0465058770771501,0.3182004609641076,-0.49337640416547224,-0.31644830720101613,0.23836128660357395,0.2713991149512714,0.04193307733834835,0.09348203560860402,0.1516934190686651,0.6750352726684407,-0.05729392970317712,0.6203685011566852,0.5979632698942176,-0.20151034238702867,-0.8009771379141859,0.905444404327922,0.9646653477446582,0.11259560583872606,-0.6877261619296917,0.5567612098846926,0.26197713231990866,0.9740698822901067,0.20040708687142889,0.10231785414173337,0.7357620102566413,0.08162763948143174,-0.07151240946923243,0.15473572921317244
0.0759602717758735,0.7254007656418974,0.3355636233358611,0.10557053325308752,0.05617421452603138,-0.13963825298989097,0.5716629188597286,-0.3725107099286047,-0.3969104651176835,0.8893126090565556,-0.5075983170712176,0.7743376051129027,1.4644344218137288,-0.5902849580066799,-0.2446553880912041,-0.3348620914636103,0.2932282888720515,-1.1035634858143517,0.08299514095586842,-0.5623822664376572,2.3220492085791653,0.47538432265398517,0.6617210474924767,0.30003753929175386,0.23812726910112617,0.8038107679233965,1.094621781886672,0.2954085051767201,0.5860909622430464,0.6746959564151385,0.36472781732227505,0.5988823230899882,0.11259560583872606,0.42401057715149115,-0.009789313598853166,1.0067420181715152,-0.6342492389397945,-0.10129136281369293,7.581607643494271e-4,-0.790353225679028,0.512631799505869,0.33323222604006786,-0.6424555864081418,0.029886613908090155
0.009330494718018804,0.9362551081071763,-0.33960659573378,-0.30295790287677204,0.5564015998119003,-0.24870774209830518,0.010699251721808621,-0.3922136926917196,-0.38560007322220324,-0.24580040878951573,-0.06806928515219893,0.433147793086291,0.7163430184509204,-0.6093186611793158,-0.13913193832980558,0.5420310671279597,0.09161899731055173,-0.6040292861295327,0.4490040507604098,-0.10710086428436587,0.6634008563854253,-0.06915221145294331,0.16421259321688453,0.06643501696256651,-0.028798071485008864,-0.2779918376711407,0.512932753846722,-0.41475459573164736,-0.4069049959074667,0.26937373311337154,0.8170231965331742,-0.4559554492297351,-0.6877261619296917,-0.009789313598853166,0.676163474748815,-0.08803004296150921,-0.5249730944494526,-0.9792951608088761,-0.280821565709343,-0.5737816683610605,-0.4793607840334623,0.0736360891583787,-0.27001642747925225,-0.1927510366528408
0.1306611102178979,2.1490652498218474,1.3855390837627393,0.3817010508886516,0.29923225464744646,-0.6043863462910959,1.924260402099568,-1.330900744277345,-1.830636896140325,2.767027543787511,-1.5994681087460687,2.3309753100338244,4.589160536809339,-1.4942890000717994,-0.6162080411340596,-1.5045445001743483,0.7656523219084284,-3.369013800864757,0.21035119715172837,-2.446755351293705,7.393544517471865,1.375805507018781,2.2127380839356836,1.1610013610700098,0.7937481374069042,2.5277800642614774,3.473945312978206,1.17259601689422,1.6513472393419477,1.973004298870421,1.120912319716811,2.261968658717032,0.5567612098846926,1.0067420181715152,-0.08803004296150921,3.5475588558197786,-1.973773430391829,-0.4798200730108806,-0.003215540160474648,-2.6588380978684722,1.0774468828142507,1.1524303118920212,-2.7173365477060556,-0.3534618042246907
-0.1582651229455002,-2.3535484216243416,-0.5768106669558634,0.12888341139502613,-0.5996664666121799,0.5679171305659592,-1.1737135123424445,1.3114823618942903,1.5498776198055202,-1.51246398653192,1.3942783599089938,-2.118648507585531,-3.8090440640386305,1.814909755455048,0.5260566418075989,0.4258798884975039,-0.6683327447303294,2.744773409170287,-0.6160594143539567,1.7949109626719955,-5.992730192265177,-1.1314803600733845,-1.4963974332205527,-0.935150214660611,-0.3589436999376419,-1.57867415270047,-3.0679642964429963,-0.29210460982801933,-0.878053217447812,-1.8130992302700955,-1.6405018416221155,-1.1880993292480322,0.26197713231990866,-0.6342492389397945,-0.5249730944494526,-1.973773430391829,1.993575061940146,1.3993532850103336,0.2273094332254663,2.4618976811332116,-0.5502011736451019,-0.8889964309895554,1.9735186902189212,0.4188131832045876
-0.16660900786865027,-1.9228069775977947,-0.08114066353216288,0.513127077469288,-0.8764147787105179,0.7329642210516814,-0.20047492701241656,0.9131989288216698,1.166611910312149,-0.19471100427101298,0.9362568680342117,-1.316576432512276,-2.579569599418799,1.607804810900489,0.32890646126745515,-0.4483435275309224,-0.28677923522816406,1.951839404445444,-0.8616539455785557,1.1575519678754072,-3.5947890332232886,-0.31247856259306545,-0.8649188367660587,-0.6510132577293887,-0.09041221504055533,-0.1411845789540135,-2.205125878186564,0.3855057971799271,0.1545635308973683,-1.18048480604918,-1.7694705630607404,-0.06950132130410722,0.9740698822901067,-0.10129136281369293,-0.9792951608088761,-0.4798200730108806,1.3993532850103336,2.113364668953096,0.24828527277891274,1.9372036507629136,0.7012997637352685,-0.6983836642142743,1.4061079228611884,0.5624393123602919
0.019175584979769872,-0.4100964865601725,0.25487571683175514,0.08820739070657634,-0.2123129579017777,-0.010259178325138498,-0.08195153733496821,0.2175247872072165,0.17075485027051535,0.10399997018652583,-0.09061731414226744,-0.18802492698693354,-0.11908766955017248,0.1356106982621941,0.02860260210478857,-0.21833837839933093,-0.04917083717135564,0.0880571825635376,-0.13015193415303755,-0.02536673301003644,-0.043875151485998486,-0.01340434031167716,0.016641014748011156,0.042220348399307675,0.026802755030855,0.04026061681695565,-0.04057995881373923,0.15743736668869238,0.1855003584053528,-0.004983546651433806,-0.2468641267760761,0.19339413489220053,0.20040708687142889,7.581607643494271e-4,-0.280821565709343,-0.003215540160474648,0.2273094332254663,0.24828527277891274,0.2135471736026569,0.14422505888353698,0.04400265494647088,0.07313050783177123,-0.003202206465103725,0.043529052489956144
-0.39985857748390524,-2.87466268743943,-1.1057942263881186,0.14771461484048293,-0.6034604937965977,0.9245787651788029,-1.2448561781843142,1.5869448849061836,2.1222783267938103,-2.113063620734409,2.055331388563345,-2.6822307256645592,-5.15494727496254,2.3815636748382176,0.5876910521236295,0.6992822793330444,-0.7147536614439738,3.741428433678381,-0.7322426667298275,2.7163856532955215,-8.182568629227305,-1.3362541658744953,-2.107136328232102,-1.3879232418310827,-0.6105950000560587,-1.9994929609254355,-4.349966268008969,-0.5708860557774643,-1.1849644441991893,-2.2426695292635106,-2.00634419834754,-1.8983683756292993,0.10231785414173337,-0.790353225679028,-0.5737816683610605,-2.6588380978684722,2.4618976811332116,1.9372036507629136,0.14422505888353698,3.5676765065936795,-0.48523578694094843,-1.4678776455586067,2.900029091211629,0.5996853610399435
0.062277162921669765,0.32215576691469183,0.37889379646952326,0.3049412829607751,-0.4353343193633168,0.2603380958233599,0.7277657702534567,-0.329302259903186,-0.1936505381798919,1.121395501032753,-0.5188390137925458,0.7431036690865658,0.9773755778548375,-0.2779300962303335,-0.13923656275242333,-0.7030316455261483,0.3657077015812781,-0.5251719236861809,-0.24188376879717732,-0.47190064890164757,2.17822335470959,0.9070376283458099,0.38747502593567307,0.2461096401129954,0.15937744442334445,1.3800025157664249,0.8264971513144086,0.5496964148708896,1.0473835568923133,0.596905485319655,-0.18751897680494792,1.0658174388846215,0.7357620102566413,0.512631799505869,-0.4793607840334623,1.0774468828142507,-0.5502011736451019,0.7012997637352685,0.04400265494647088,-0.48523578694094843,1.4448455695593694,0.14983354841258287,-0.27720305212888907,0.2318894202230197
0.22880727604280252,0.9616620021900151,0.6562209402619259,0.004249177239183052,0.14009567771015194,-0.43391868629722796,0.4375619896552068,-0.5104391151582951,-0.8021881255552544,0.9902911410941903,-0.9468121294076396,1.0307532827511232,2.1675071180953935,-0.9347522301490921,-0.23077556169410823,-0.419630006759225,0.2524538017948747,-1.6239185870834254,0.21873163640731053,-1.2105453761140046,3.4895596682588947,0.497294178464325,0.9699281603487137,0.6253523670827942,0.31134005288173944,0.8375057425641277,1.864763735700274,0.36643814192798246,0.6014229495560154,0.9392508910594146,0.7076144605326391,0.9283770865189092,0.08162763948143174,0.33323222604006786,0.0736360891583787,1.1524303118920212,-0.8889964309895554,-0.6983836642142743,0.07313050783177123,-1.4678776455586067,0.14983354841258287,0.7436599825932463,-1.276177709264449,-0.21854706543826327
-0.19972312813569795,-2.209313251659123,-1.2503419519761878,-0.02826620217192415,-0.5328644013536693,0.8607578838334665,-1.3343124456546105,1.3235566183662884,1.9471274067401123,-2.025954659673371,1.7237734819624624,-2.176794615660946,-4.45673370588349,1.73986566499174,0.5097068012196901,1.031414208584404,-0.5918935902699229,3.2403014504168692,-0.5203198544493037,2.548467173581121,-7.073678431500452,-1.1137163942755375,-1.9898105143396156,-1.2578583074260383,-0.6032775204355909,-1.8408622518995779,-3.6316480898424466,-0.7516632601036123,-1.121205949564992,-1.9489306909151962,-1.5622339485092025,-1.867826387063892,-0.07151240946923243,-0.6424555864081418,-0.27001642747925225,-2.7173365477060556,1.9735186902189212,1.4061079228611884,-0.003202206465103725,2.900029091211629,-0.27720305212888907,-1.276177709264449,2.8175821439599487,0.6470646919656275
0.017005329455007025,-0.4941300195486736,-0.17534752554716385,0.09988177632441962,-0.24883541113117413,0.23690266715088526,-0.18789562998768797,0.3346359583306975,0.5185810275822523,-0.1352905114510789,0.3072925775480366,-0.3792633343458965,-0.7907510003258834,0.3379483970085414,0.06152595682661,0.11106203210546058,-0.07000350245873593,0.5316054127859073,-0.21156096700599925,0.5687626188630316,-1.2115174500175299,-0.15252191144050328,-0.3051568092033686,-0.27260985407847355,-0.03935190620197819,-0.16679695200853167,-0.681011568781226,-0.017997581028712864,-0.0017838937077653183,-0.36229360961386636,-0.46727015661880056,-0.2359581736238914,0.15473572921317244,0.029886613908090155,-0.1927510366528408,-0.3534618042246907,0.4188131832045876,0.5624393123602919,0.043529052489956144,0.5996853610399435,0.2318894202230197,-0.21854706543826327,0.6470646919656275,0.29409226912606956
