V1,V2,V3,V4,V5,V6,V7,V8,V9,V10,V11,V12,V13,V14,V15,V16,V17,V18,V19,V20,V21,V22,V23,V24,V25,V26,V27,V28,V29,V30,V31,V32,V33,V34,V35,V36,V37,V38,V39,V40,V41,V42,V43,V44
1.0276997725089658,1.5897210019097932,-0.10142838512902629,0.20885557256091483,0.5792722091270386,0.16538281048449122,0.4896915627196184,-0.7810210433521444,-1.2595123052374604,0.9317572880891782,-1.1811064739085013,2.394137034160771,2.2508658557810604,-1.2274498188310219,-0.1563598270481213,0.10572738438897496,0.5359134749111896,-2.341391552809541,-0.2039714185905604,-1.8093518430307591,4.460830832059188,0.5646189733084823,1.462250871367667,0.71057765441185194,0.06409436880240564,1.39592984965414,2.021682000791327,0.44657916483935406,0.6284401503996838,1.4896912426446995,1.4317121502098353,0.7119736434152678,0.19856506471563923,-0.31241254567563626,0.0838068264291979,0.7877561873631812,-2.049541815510587,-1.0466746679029992,-0.8157963350973362,-1.6436850898065298,0.26519281088175856,1.5886810286195567,-0.9323210378746598,-0.06747125481919378
1.5897210019097932,13.491910761103442,5.252818290933172,-0.2337789015485491,3.079427275685856,-3.982439765998699,6.89266905624983,-7.308170837730926,-9.703123215816444,10.674375290701649,-9.574692921806651,12.94485017753934,24.561634159265434,-11.120437991217099,-3.2168144418336984,-3.899432047317887,3.809643841183367,-18.337911088093957,3.110036829544639,-12.724653355431803,39.116970481966085,6.481848764989463,10.505887486285307,6.550356443412564,2.9501956195646093,10.321407084579375,20.055606241980637,3.054199877582056,6.247928685846469,11.424916132977005,9.481260525542929,8.864058988218753,-0.4382449779997805,3.914479627535158,2.2094520697868587,13.424998914530887,-11.819259266601629,-8.184662347770056,-0.7023442967336433,-15.887114548208215,2.8072315825569256,6.855080891529754,-13.485679986751235,-2.583401895226917
-0.10142838512902629,5.252818290933172,3.037907527842716,-0.2743213070116734,0.8126136983649803,-2.2334217628945296,3.216562921806033,-3.0184368259577066,-3.824372364569792,4.810691656935466,-3.931870686643758,4.555943435227307,10.720549632230425,-4.6139140777576655,-1.4696131562100228,-2.217964017571811,1.548690414944845,-7.1943816340372075,1.7536118165740684,-4.737237051731213,16.38915481655621,3.0258449882901353,4.110957949235579,2.6921295723215843,1.3774444998601292,4.100163035867505,8.594013875904858,1.2554462509191022,2.945566191853937,4.519854406750537,3.4588069330562483,4.1389314539643784,-0.2875641099085295,2.343243940421196,0.834156389570066,6.164550039312852,-4.224121658343345,-3.1158680161672123,0.5999398804763163,-6.690853582108214,1.4466699500804885,2.0800640828259302,-6.111656794299909,-1.236343669478579
0.20885557256091483,-0.2337789015485491,-0.2743213070116734,0.1600996688883555,0.04619655836078327,0.26980333404976137,-0.10734284782091057,0.1302100276687272,0.11341349438470576,-0.1451629686219869,0.16449341981283047,0.050517413876621724,-0.5688537354714129,0.3305889157662449,0.10387628685238318,0.1098377512614602,-0.03899066459044769,0.18801080855145236,-0.2754398446508371,0.04909299191069865,-0.6703198247503065,-0.1632947034094716,-0.03281773336710561,-0.1309260564774111,-0.06605402381222218,-0.01720184545226904,-0.4575671913124365,0.08543308790650757,-0.09910255311538865,-0.12594977837294025,-0.12910065279435196,-0.17241306322580788,0.15563305746921416,-0.2444473422078687,-0.14568723372228398,-0.23497431875796762,0.03171349347479839,0.2603763257241842,-0.22461015285787503,0.3691175501469748,-0.0268305344097853,0.14525865837865223,0.3496264158657201,0.13041375925683682
0.5792722091270386,3.079427275685856,0.8126136983649803,0.04619655836078327,0.9567624559163591,-0.730855806669859,1.4965524259019853,-1.692324748248294,-2.2055025743086594,2.2248628122532152,-2.051739861522319,3.146928916960607,5.252001731543683,-2.267320452885772,-0.6482117884091563,-0.6478267834700308,0.8470641881656561,-4.139750750177308,0.5723007771606994,-2.876694510382675,8.428878054893145,1.3526717952391716,2.412593160583576,1.3433331105499058,0.5954027590401112,2.24691482087262,4.289327698168101,0.7045640564666663,1.2090590439173756,2.5967955383253165,2.263146211768946,1.7390929831417454,-0.1538819206298842,0.6712016654346219,0.5200754129142704,2.840350270944704,-2.7931752745843172,-1.859565701833571,-0.4572467725632109,-3.4077319194694855,0.4902753457826649,1.7695484543535427,-2.849463613545365,-0.5162294703778614
0.16538281048449122,-3.982439765998699,-2.2334217628945296,0.26980333404976137,-0.730855806669859,1.8212259296678779,-2.441668125519009,2.3859378955361112,2.8534006455269836,-3.5150513225165088,2.921244711285255,-3.373896780971036,-8.140725537506121,3.366641003776401,1.09043426441815,1.5848418458931934,-1.143296597326026,5.295311609325827,-1.497438923076976,3.3731133229402226,-12.18468935250698,-2.3637944449513393,-3.001195006597357,-1.9115998922634487,-1.0029825767055203,-2.8710695233293753,-6.5273329478214555,-0.8630120091083512,-2.113033841382136,-3.40814192490259,-2.6711885628688026,-3.0157366042490095,0.4321138144058873,-1.8689803595794903,-0.7198220740245139,-4.603442200392217,3.0985882121947594,2.45736960167503,-0.5218739684171912,5.060896852440235,-1.026947635097681,-1.4952798904540217,4.677863223924454,0.9736953270457858
0.4896915627196184,6.89266905624983,3.216562921806033,-0.10734284782091057,1.4965524259019853,-2.441668125519009,4.117559303808131,-3.965371079054277,-5.117288485498284,5.9622457369176365,-4.942078375692433,6.676539572270388,13.415873502155945,-5.685493793171978,-1.736711033685032,-2.355813237394743,2.095360568422774,-9.517287862685466,1.8702362857534554,-6.23029034806232,20.866749066633524,3.712009612381636,5.603572208259058,3.274671280177145,1.561279783647399,5.300896462653924,10.71668926689053,1.7117768939134839,3.5830231853608012,5.959789799040326,4.8339087298640155,4.89696414717264,-0.36944486792396214,2.4386336070030605,1.024383387148783,7.513815444847304,-6.006869097915898,-4.091406024314869,0.09968979162801261,-8.356442142078574,1.644694582211735,3.3158027629457814,-7.4650027529882985,-1.4304772865467639
-0.7810210433521444,-7.308170837730926,-3.0184368259577066,0.1302100276687272,-1.692324748248294,2.3859378955361112,-3.965371079054277,4.177012864123871,5.322283914922857,-5.9594017062696665,5.308324550149489,-7.155188794614358,-13.77784617722537,5.937847568128982,1.7277267829912653,2.205313925546481,-2.1290624412825365,9.938533423323587,-1.8833508842157412,6.733039538140908,-21.69209143513851,-3.8641841027367763,-5.7550968954893005,-3.4501577481115255,-1.566072222162734,-5.550474698326593,-11.248141742861764,-1.7242852362544814,-3.5654346954930722,-6.348483153755091,-5.2014588811435205,-5.000788822439012,0.36805202751548666,-2.363902230781833,-1.1317295088836412,-7.483587859826427,6.417074003026225,4.467194722022537,0.15958752539630316,8.807540063830764,-1.6931314597044937,-3.7390431547024368,7.609986389961922,1.4423791374733814
-1.2595123052374604,-9.703123215816444,-3.824372364569792,0.11341349438470576,-2.2055025743086594,2.8534006455269836,-5.117288485498284,5.322283914922857,7.1050745463004015,-7.801340347954773,6.940901590920712,-9.62686399909159,-17.88899736364952,8.053403249820468,2.289343614189701,2.775114525155917,-2.8527338183278648,13.325505723606605,-2.1937834799424643,9.119450049755491,-28.563187485552618,-4.7884652153382765,-7.739566089112994,-4.67722407509191,-2.036482745784918,-7.49123812065965,-14.556532216474924,-2.268725992782057,-4.661918352078492,-8.315593246345005,-6.932227699676017,-6.450982391175812,0.30071544257931976,-2.7580154276157844,-1.4900341891820734,-9.659795402272039,8.716171664514471,5.905805399541877,0.5085820986982162,11.486565808892975,-2.0971278360227052,-5.085622238995569,9.748503646729995,1.8388599112679325
0.9317572880891782,10.674375290701649,4.810691656935466,-0.1451629686219869,2.2248628122532152,-3.5150513225165088,5.9622457369176365,-5.9594017062696665,-7.801340347954773,9.09554222878156,-7.782686050375824,10.207226453078993,20.33104420553707,-8.865905188650103,-2.6677480273131846,-3.6517994962340654,3.1182729861390848,-14.73186349423211,2.6713983109602863,-10.086600156387423,32.06714064327031,5.559117744464497,8.535488120634154,5.27425288302433,2.5071376147870743,8.45171588473693,16.477157239609454,2.666618585328418,5.4361460072569425,9.22506160451507,7.355107675030038,7.626905312542452,-0.26637684679099705,3.6153788639386324,1.5728710798778147,11.46020922858783,-9.256833676458564,-6.2679758484155705,-0.07187378754543629,-12.92581743115508,2.5912749823960155,5.266126440862921,-11.313238421054866,-2.1374755981788756
-1.1811064739085013,-9.574692921806651,-3.931870686643758,0.16449341981283047,-2.051739861522319,2.921244711285255,-4.942078375692433,5.308324550149489,6.940901590920712,-7.782686050375824,7.0930100581548645,-9.37383265481191,-17.839347893356848,7.9862252045125395,2.2614541389495995,2.9050989947282853,-2.7572391771190414,13.100973563173467,-2.2707042409870453,9.153259677056603,-28.52023783654585,-4.939478707679593,-7.51659497205648,-4.7227110469795495,-2.0847610374998014,-7.518577238890804,-14.715216139299942,-2.2765136146631435,-4.711263811566292,-8.328189132494321,-6.7503172981817325,-6.645031016381974,0.21283022302953733,-2.9320334165226987,-1.4302318977946331,-9.64858870806912,8.486987316013076,5.836038705431749,0.33671535762320104,11.581826454021229,-2.2909611661115714,-5.008113817474576,9.792138965670288,1.836800302699548
2.394137034160771,12.94485017753934,4.555943435227307,0.050517413876621724,3.146928916960607,-3.373896780971036,6.676539572270388,-7.155188794614358,-9.62686399909159,10.207226453078993,-9.37383265481191,13.725631051371636,23.572042998042793,-10.642293025410988,-2.844587141275937,-3.2239345307406753,3.933154397671272,-17.939531208583983,2.53804246257922,-12.320320018738931,38.278746000271305,6.415807758938378,10.566453136274417,6.121947480824625,2.4247351831642177,10.110335899342225,19.337180580463237,3.1284067413976344,6.234140674868257,11.31221745939267,9.587922085870598,8.40509205551073,-0.2740923742394232,3.111878494531998,1.7939792565980208,12.25985985500382,-12.247939173214288,-7.996573521095951,-1.2013548507138223,-15.238337039436807,2.8313581936050887,7.497456368086224,-12.58107430684804,-2.2686128128296255
2.2508658557810604,24.561634159265434,10.720549632230425,-0.5688537354714129,5.252001731543683,-8.140725537506121,13.415873502155945,-13.77784617722537,-17.88899736364952,20.33104420553707,-17.839347893356848,23.572042998042793,46.5389029396767,-20.48746611968836,-6.01127588986191,-7.805202524423957,7.170868676177388,-33.54862858447441,6.369559115933476,-22.750883059288668,73.28107788339908,12.80685509890685,19.360087763092302,11.921167070358859,5.455343884581317,18.871698907489346,37.83707685489669,5.74924009088017,12.212954293597916,21.15095829410232,17.23442718102398,17.07765742067953,-1.0498642551263515,8.112885374064673,3.837277558409917,25.50432332685833,-21.38528515364435,-14.924592430953554,-0.20869675551184108,-29.70642805026714,5.721440574909078,12.112213113580076,-25.735081286203304,-4.9494435989066625
-1.2274498188310219,-11.120437991217099,-4.6139140777576655,0.3305889157662449,-2.267320452885772,3.366641003776401,-5.685493793171978,5.937847568128982,8.053403249820468,-8.865905188650103,7.9862252045125395,-10.642293025410988,-20.48746611968836,9.60396010085551,2.707019366152593,3.234467774424747,-3.2208086836708354,15.174259667581918,-2.641531567361579,10.434898146876373,-32.71579227357039,-5.377291376021064,-8.674209088929434,-5.538313583731003,-2.377937707278448,-8.531086757093622,-16.710950474177068,-2.404704106074509,-5.3434225362776395,-9.386299416205183,-7.848404396047999,-7.424738062920246,0.3556769974919846,-3.228997726027781,-1.8293884391553468,-10.948718018655121,9.824573198004904,6.906786852261718,0.3756037969240987,13.262512373485679,-2.366897960454357,-5.508841505090801,11.151750914061063,2.1871383674306775
-0.1563598270481213,-3.2168144418336984,-1.4696131562100228,0.10387628685238318,-0.6482117884091563,1.09043426441815,-1.736711033685032,1.7277267829912653,2.289343614189701,-2.6677480273131846,2.2614541389495995,-2.844587141275937,-6.01127588986191,2.707019366152593,0.842329405176205,1.1137879309922105,-0.8893065225515626,4.3623253644649,-0.853586705251874,2.9970298107077276,-9.386984141134027,-1.5556259843796414,-2.47166148409025,-1.6125728877874796,-0.7993718637875992,-2.464238841572115,-4.841145610986498,-0.7211856577898133,-1.538263008895362,-2.6714814791825945,-2.153403986907065,-2.2190791162022587,0.12391554150999082,-1.1194344860070236,-0.5611985262896225,-3.447620555534912,2.6510246038817438,1.8962714897167983,-0.016041765680192274,3.835102359342356,-0.686183319497707,-1.419220437435607,3.378008537822269,0.6745610743839661
0.10572738438897496,-3.899432047317887,-2.217964017571811,0.1098377512614602,-0.6478267834700308,1.5848418458931934,-2.355813237394743,2.205313925546481,2.775114525155917,-3.6517994962340654,2.9050989947282853,-3.2239345307406753,-7.805202524423957,3.234467774424747,1.1137879309922105,1.8276852894769047,-1.0621435342651042,5.366440794611097,-1.200947376160263,3.742942778938064,-11.951856494639223,-2.1649448637669684,-3.0363221323737255,-2.050685944545799,-1.1766358776551422,-3.208917740883386,-6.279332252369407,-1.0586219506262708,-2.122610771494275,-3.3523575323530204,-2.405092311127891,-3.152864892313852,0.04972773406022427,-1.8074317346922966,-0.5917819013258824,-4.847373550679952,2.9855612869395043,2.09240117383974,-0.35964610020302246,4.894186614376493,-1.1040649556011737,-1.554581695886343,4.565358969348871,0.8850463196722813
0.5359134749111896,3.809643841183367,1.548690414944845,-0.03899066459044769,0.8470641881656561,-1.143296597326026,2.095360568422774,-2.1290624412825365,-2.8527338183278648,3.1182729861390848,-2.7572391771190414,3.933154397671272,7.170868676177388,-3.2208086836708354,-0.8893065225515626,-1.0621435342651042,1.1845599383676735,-5.28475699515169,0.8721694125730999,-3.5209749751285093,11.46106871477684,1.961016403114482,3.11929762878075,1.8157664366885224,0.7417696617310098,2.94360259299756,5.808146489041671,0.9021334922205382,1.927020633319868,3.3108204996811765,2.792700444775627,2.566201625088933,-0.14427273475229754,1.0651605411663136,0.544216916009246,3.768035804961997,-3.5336316520575193,-2.3623641386759946,-0.16564034404814418,-4.560320914545263,0.8627392841590504,2.0488503891867462,-3.861558453060771,-0.7242362773611343
-2.341391552809541,-18.337911088093957,-7.1943816340372075,0.18801080855145236,-4.139750750177308,5.295311609325827,-9.517287862685466,9.938533423323587,13.325505723606605,-14.73186349423211,13.100973563173467,-17.939531208583983,-33.54862858447441,15.174259667581918,4.3623253644649,5.366440794611097,-5.28475699515169,25.171569731762354,-4.046301055546933,17.462538319961787,-53.67618058469667,-8.873462344630717,-14.534894975518627,-8.95245060305831,-3.989593608495595,-14.289026622254246,-27.352929411211594,-4.3212056158380845,-8.708607795539049,-15.649663708429854,-12.932620213389956,-12.210410641188439,0.4081061790751862,-5.217349877032758,-2.838896581788797,-18.365994764438277,16.31122005633839,11.023534684818143,1.0416824090313188,21.63667601949716,-3.9431701786957905,-9.548686858495152,18.354525680222974,3.4545452336691524
-0.2039714185905604,3.110036829544639,1.7536118165740684,-0.2754398446508371,0.5723007771606994,-1.497438923076976,1.8702362857534554,-1.8833508842157412,-2.1937834799424643,2.6713983109602863,-2.2707042409870453,2.53804246257922,6.369559115933476,-2.641531567361579,-0.853586705251874,-1.200947376160263,0.8721694125730999,-4.046301055546933,1.2721355146455535,-2.5378070928769545,9.422891368845637,1.8712754677197982,2.2553224187820966,1.4672976236153759,0.768551926147082,2.1278457442873053,5.123994165376937,0.5978353948260722,1.6004344801083574,2.6365519104124187,2.0957878040437907,2.3162443187779815,-0.434378058581471,1.5169675160295415,0.6207245152254173,3.5371921099296886,-2.3451431675463645,-1.9895996729245213,0.47641011370018277,-3.974496841645427,0.7733562653234934,1.0838518768321008,-3.6732378931441465,-0.7899430067001428
-1.8093518430307591,-12.724653355431803,-4.737237051731213,0.04909299191069865,-2.876694510382675,3.3731133229402226,-6.23029034806232,6.733039538140908,9.119450049755491,-10.086600156387423,9.153259677056603,-12.320320018738931,-22.750883059288668,10.434898146876373,2.9970298107077276,3.742942778938064,-3.5209749751285093,17.462538319961787,-2.5378070928769545,12.572184621618593,-36.81820812953405,-5.9273515580525125,-9.968991146638741,-6.364385532785535,-2.886588538419922,-10.161158915665052,-18.7561826479746,-3.0674868202882157,-5.8656558741645135,-10.846793431798893,-8.822158537870273,-8.46831311751744,-0.0315603501683707,-3.4529514705867506,-1.9526058844573324,-12.655466774160901,11.243440346681783,7.495188925714388,1.0264905741270591,14.907077409998903,-2.7428044341008544,-6.7891843130522345,12.481669351359635,2.2996838156962873
4.460830832059188,39.116970481966085,16.38915481655621,-0.6703198247503065,8.428878054893145,-12.18468935250698,20.866749066633524,-21.69209143513851,-28.563187485552618,32.06714064327031,-28.52023783654585,38.278746000271305,73.28107788339908,-32.71579227357039,-9.386984141134027,-11.951856494639223,11.46106871477684,-53.67618058469667,9.422891368845637,-36.81820812953405,116.54504914850621,20.031717668603555,31.025133694955603,19.113376644269387,8.487427844838217,30.444122082584226,59.83203335894872,9.255939240974266,19.353842493760062,33.78244695803252,27.644517425565397,26.942139311515913,-1.1925909206128251,12.05702079989486,5.918040646948254,39.806613468185084,-34.69613814175054,-23.78319166253402,-1.1395710923588311,-47.078925468869436,9.071204818995074,20.058893760707473,-40.21106175995364,-7.619842681543799
0.5646189733084823,6.481848764989463,3.0258449882901353,-0.1632947034094716,1.3526717952391716,-2.3637944449513393,3.712009612381636,-3.8641841027367763,-4.7884652153382765,5.559117744464497,-4.939478707679593,6.415807758938378,12.80685509890685,-5.377291376021064,-1.5556259843796414,-2.1649448637669684,1.961016403114482,-8.873462344630717,1.8712754677197982,-5.9273515580525125,20.031717668603555,3.813247401751979,5.163652134132556,3.0945367727151,1.3986358164687962,5.013529661921606,10.498810711880632,1.6048895135512178,3.4659204574771567,5.805831246954325,4.618602719353633,4.8042069882204395,-0.3457321572165999,2.3927230715125223,0.9101920451096532,6.904077972263722,-5.696357855091161,-3.99421831788619,0.1777408356353336,-8.132004511176143,1.772783254168757,3.2911075046440943,-7.109269322468353,-1.3384088125363085
1.462250871367667,10.505887486285307,4.110957949235579,-0.03281773336710561,2.412593160583576,-3.001195006597357,5.603572208259058,-5.7550968954893005,-7.739566089112994,8.535488120634154,-7.51659497205648,10.566453136274417,19.360087763092302,-8.674209088929434,-2.47166148409025,-3.0363221323737255,3.11929762878075,-14.534894975518627,2.2553224187820966,-9.968991146638741,31.025133694955603,5.163652134132556,8.49861854204636,5.071522036782384,2.2146268959781596,8.231347197866908,15.723899962123305,2.5514138247201537,5.102133616841357,9.040598601236882,7.5088160203326995,7.017513239190708,-0.22877354117480772,2.9165496695436497,1.540229339356095,10.533706758852501,-9.533618323232306,-6.305912068739184,-0.6411975475077833,-12.399357397553613,2.2998232648162475,5.622870095734562,-10.534170364093992,-1.9525690755353293
0.71057765441185194,6.550356443412564,2.6921295723215843,-0.1309260564774111,1.3433331105499058,-1.9115998922634487,3.274671280177145,-3.4501577481115255,-4.67722407509191,5.27425288302433,-4.7227110469795495,6.121947480824625,11.921167070358859,-5.538313583731003,-1.6125728877874796,-2.050685944545799,1.8157664366885224,-8.95245060305831,1.4672976236153759,-6.364385532785535,19.113376644269387,3.0945367727151,5.071522036782384,3.336665433835592,1.5291362611254646,5.179277915900859,9.778538990765002,1.509309062352408,3.0998880119523737,5.529316964960112,4.480873929080616,4.452234568992948,-0.05484944610348304,1.945791209580334,1.0540748351140918,6.632369760914377,-5.667113891898621,-3.9063643258915755,-0.2898801426963239,-7.7772962885608,1.4319933277699242,3.253721543344172,-6.5732314596132175,-1.2621518293043303
0.06409436880240564,2.9501956195646093,1.3774444998601292,-0.06605402381222218,0.5954027590401112,-1.0029825767055203,1.561279783647399,-1.566072222162734,-2.036482745784918,2.5071376147870743,-2.0847610374998014,2.4247351831642177,5.455343884581317,-2.377937707278448,-0.7993718637875992,-1.1766358776551422,0.7417696617310098,-3.989593608495595,0.768551926147082,-2.886588538419922,8.487427844838217,1.3986358164687962,2.2146268959781596,1.5291362611254646,0.855451501864477,2.3556735678115883,4.424211961752806,0.7281081117615414,1.3738841508506368,2.4434268004314132,1.8414490982642915,2.1223273441510253,-0.021521060683903078,1.1342865983831485,0.5148824500341133,3.3723844009185355,-2.2760241368887044,-1.6078476055383273,0.019852356259227332,-3.5092083780156536,0.6654323373725676,1.2500128134937356,-3.162470458618784,-0.6162464608085001
1.39592984965414,10.321407084579375,4.100163035867505,-0.01720184545226904,2.24691482087262,-2.8710695233293753,5.300896462653924,-5.550474698326593,-7.49123812065965,8.45171588473693,-7.518577238890804,10.110335899342225,18.871698907489346,-8.531086757093622,-2.464238841572115,-3.208917740883386,2.94360259299756,-14.289026622254246,2.1278457442873053,-10.161158915665052,30.444122082584226,5.013529661921606,8.231347197866908,5.179277915900859,2.3556735678115883,8.352735355242798,15.48736107001097,2.591130112588672,5.005927671058271,8.898192011813942,7.158492849605559,7.102001442989715,0.0407200533988127,2.956018626278177,1.4865767650426904,10.532986694077831,-9.186610788938486,-6.038498313609809,-0.648702112028493,-12.248769151136921,2.3834107375803333,5.4975605097291576,-10.365335761205118,-1.89665361363184
2.021682000791327,20.055606241980637,8.594013875904858,-0.4575671913124365,4.289327698168101,-6.5273329478214555,10.71668926689053,-11.248141742861764,-14.556532216474924,16.477157239609454,-14.715216139299942,19.337180580463237,37.83707685489669,-16.710950474177068,-4.841145610986498,-6.279332252369407,5.808146489041671,-27.352929411211594,5.123994165376937,-18.7561826479746,59.83203335894872,10.498810711880632,15.723899962123305,9.778538990765002,4.424211961752806,15.48736107001097,30.96936122494867,4.699239698113248,9.933200086101419,17.358549042071317,14.094141266306893,13.972144897303812,-0.7574617444144274,6.53274941825007,3.1004243187284866,20.608334245380586,-17.52000720295488,-12.236965606021858,-0.29409559694055415,-24.321484186850306,4.752974265100221,10.077238106723414,-20.893514017439294,-3.9903380572836404
0.44657916483935406,3.054199877582056,1.2554462509191022,0.08543308790650757,0.7045640564666663,-0.8630120091083512,1.7117768939134839,-1.7242852362544814,-2.268725992782057,2.666618585328418,-2.2765136146631435,3.1284067413976344,5.74924009088017,-2.404704106074509,-0.7211856577898133,-1.0586219506262708,0.9021334922205382,-4.3212056158380845,0.5978353948260722,-3.0674868202882157,9.255939240974266,1.6048895135512178,2.5514138247201537,1.509309062352408,0.7281081117615414,2.591130112588672,4.699239698113248,0.907397626563879,1.5869386263634286,2.7328960869852805,2.107724481005934,2.235753841913602,0.07400378972129013,0.9446587744737849,0.3466730930694254,3.33348565125276,-2.765431542891322,-1.6778043345106997,-0.18933850807984623,-3.6666820145793753,0.8113096994100198,1.7334991228780419,-3.1928768666334246,-0.5417865256942844
0.6284401503996838,6.247928685846469,2.945566191853937,-0.09910255311538865,1.2090590439173756,-2.113033841382136,3.5830231853608012,-3.5654346954930722,-4.661918352078492,5.4361460072569425,-4.711263811566292,6.234140674868257,12.212954293597916,-5.3434225362776395,-1.538263008895362,-2.122610771494275,1.927020633319868,-8.708607795539049,1.6004344801083574,-5.8656558741645135,19.353842493760062,3.4659204574771567,5.102133616841357,3.0998880119523737,1.3738841508506368,5.005927671058271,9.933200086101419,1.5869386263634286,3.4008042066095086,5.526308550821379,4.414373062274482,4.616470043437474,-0.15828904822842615,2.122351240448667,0.8289457141933279,6.651535280909929,-5.611896290438141,-3.7707656284506705,0.05969915837945007,-7.7478031664818285,1.6653514380719872,3.1930816112510523,-6.713952115556852,-1.2579854255974119
1.4896912426446995,11.424916132977005,4.519854406750537,-0.12594977837294025,2.5967955383253165,-3.40814192490259,5.959789799040326,-6.348483153755091,-8.315593246345005,9.22506160451507,-8.328189132494321,11.31221745939267,21.15095829410232,-9.386299416205183,-2.6714814791825945,-3.3523575323530204,3.3108204996811765,-15.649663708429854,2.6365519104124187,-10.846793431798893,33.78244695803252,5.805831246954325,9.040598601236882,5.529316964960112,2.4434268004314132,8.898192011813942,17.358549042071317,2.7328960869852805,5.526308550821379,9.908714288577729,8.11751630899274,7.756479982575242,-0.309089964204456,3.3817924086765467,1.7127551829439631,11.463596121569559,-10.194723897984513,-6.930939877096836,-0.5479511587118783,-13.661972437387126,2.618920341533466,6.055010265130718,-11.588737926051044,-2.1602118742069814
1.4317121502098353,9.481260525542929,3.4588069330562483,-0.12910065279435196,2.263146211768946,-2.6711885628688026,4.8339087298640155,-5.2014588811435205,-6.932227699676017,7.355107675030038,-6.7503172981817325,9.587922085870598,17.23442718102398,-7.848404396047999,-2.153403986907065,-2.405092311127891,2.792700444775627,-12.932620213389956,2.0957878040437907,-8.822158537870273,27.644517425565397,4.618602719353633,7.5088160203326995,4.480873929080616,1.8414490982642915,7.158492849605559,14.094141266306893,2.107724481005934,4.414373062274482,8.11751630899274,6.928614408487606,6.05942547550233,-0.3934280484070891,2.4689593862954093,1.4974593146622293,9.008459229726764,-8.658912073269116,-5.936397749475333,-0.6705061698102314,-11.142930378685993,1.9409407401632268,5.115202620900274,-9.28573878535573,-1.7582103210147828
0.7119736434152678,8.864058988218753,4.1389314539643784,-0.17241306322580788,1.7390929831417454,-3.0157366042490095,4.89696414717264,-5.000788822439012,-6.450982391175812,7.626905312542452,-6.645031016381974,8.40509205551073,17.07765742067953,-7.424738062920246,-2.2190791162022587,-3.152864892313852,2.566201625088933,-12.210410641188439,2.3162443187779815,-8.46831311751744,26.942139311515913,4.8042069882204395,7.017513239190708,4.452234568992948,2.1223273441510253,7.102001442989715,13.972144897303812,2.235753841913602,4.616470043437474,7.756479982575242,6.05942547550233,6.559426535355008,-0.16873490538526859,3.1715413753777355,1.278262566024958,9.607744847233576,-7.6114044851690394,-5.222027663447201,0.08328732048307493,-10.929315013081823,2.320552001112928,4.365290888960401,-9.54628082829321,-1.7959330869011474
0.19856506471563923,-0.4382449779997805,-0.2875641099085295,0.15563305746921416,-0.1538819206298842,0.4321138144058873,-0.36944486792396214,0.36805202751548666,0.30071544257931976,-0.26637684679099705,0.21283022302953733,-0.2740923742394232,-1.0498642551263515,0.3556769974919846,0.12391554150999082,0.04972773406022427,-0.14427273475229754,0.4081061790751862,-0.434378058581471,-0.0315603501683707,-1.1925909206128251,-0.3457321572165999,-0.22877354117480772,-0.05484944610348304,-0.021521060683903078,0.0407200533988127,-0.7574617444144274,0.07400378972129013,-0.15828904822842615,-0.309089964204456,-0.3934280484070891,-0.16873490538526859,0.3888666074135602,-0.3256080337725929,-0.20438159332495115,-0.4035656506164146,0.2532913124615042,0.4573382649953203,-0.2483612661118556,0.5676883800674176,0.0029936800457674015,0.04041448291548409,0.6051010905002291,0.19235652640169332
-0.31241254567563626,3.914479627535158,2.343243940421196,-0.2444473422078687,0.6712016654346219,-1.8689803595794903,2.4386336070030605,-2.363902230781833,-2.7580154276157844,3.6153788639386324,-2.9320334165226987,3.111878494531998,8.112885374064673,-3.228997726027781,-1.1194344860070236,-1.8074317346922966,1.0651605411663136,-5.217349877032758,1.5169675160295415,-3.4529514705867506,12.05702079989486,2.3927230715125223,2.9165496695436497,1.945791209580334,1.1342865983831485,2.956018626278177,6.53274941825007,0.9446587744737849,2.122351240448667,3.3817924086765467,2.4689593862954093,3.1715413753777355,-0.3256080337725929,2.05523947799165,0.6852249196711996,4.870192727167243,-2.8558217379628648,-2.2582121107969213,0.6175727392851457,-5.044492515391554,1.1205125123100588,1.386340399726097,-4.7833097523606956,-0.9730135105595001
0.0838068264291979,2.2094520697868587,0.834156389570066,-0.14568723372228398,0.5200754129142704,-0.7198220740245139,1.024383387148783,-1.1317295088836412,-1.4900341891820734,1.5728710798778147,-1.4302318977946331,1.7939792565980208,3.837277558409917,-1.8293884391553468,-0.5611985262896225,-0.5917819013258824,0.544216916009246,-2.838896581788797,0.6207245152254173,-1.9526058844573324,5.918040646948254,0.9101920451096532,1.540229339356095,1.0540748351140918,0.5148824500341133,1.4865767650426904,3.1004243187284866,0.3466730930694254,0.8289457141933279,1.7127551829439631,1.4974593146622293,1.278262566024958,-0.20438159332495115,0.6852249196711996,0.5174699085126956,2.1194136483119106,-1.7256368054990354,-1.3997612828452355,-0.06570757903149889,-2.5047067607120024,0.29426099235951514,0.8833195190047375,-2.1514100554892717,-0.47051504719926457
0.7877561873631812,13.424998914530887,6.164550039312852,-0.23497431875796762,2.840350270944704,-4.603442200392217,7.513815444847304,-7.483587859826427,-9.659795402272039,11.46020922858783,-9.64858870806912,12.25985985500382,25.50432332685833,-10.948718018655121,-3.447620555534912,-4.847373550679952,3.768035804961997,-18.365994764438277,3.5371921099296886,-12.655466774160901,39.806613468185084,6.904077972263722,10.533706758852501,6.632369760914377,3.3723844009185355,10.532986694077831,20.608334245380586,3.33348565125276,6.651535280909929,11.463596121569559,9.008459229726764,9.607744847233576,-0.4035656506164146,4.870192727167243,2.1194136483119106,14.818710000027913,-11.17578547636148,-7.716823992514303,0.06915371464198806,-16.17865518841009,3.1768169682010274,6.265660507018742,-14.41581105797251,-2.7586857852689177
-2.049541815510587,-11.819259266601629,-4.224121658343345,0.03171349347479839,-2.7931752745843172,3.0985882121947594,-6.006869097915898,6.417074003026225,8.716171664514471,-9.256833676458564,8.486987316013076,-12.247939173214288,-21.38528515364435,9.824573198004904,2.6510246038817438,2.9855612869395043,-3.5336316520575193,16.31122005633839,-2.3451431675463645,11.243440346681783,-34.69613814175054,-5.696357855091161,-9.533618323232306,-5.667113891898621,-2.2760241368887044,-9.186610788938486,-17.52000720295488,-2.765431542891322,-5.611896290438141,-10.194723897984513,-8.658912073269116,-7.6114044851690394,0.2532913124615042,-2.8558217379628648,-1.7256368054990354,-11.17578547636148,11.044636459394889,7.312528494595324,1.044126572152707,13.86464003250829,-2.4933902954689433,-6.637001695004944,11.435167719750192,2.1087120374089823
-1.0466746679029992,-8.184662347770056,-3.1158680161672123,0.2603763257241842,-1.859565701833571,2.45736960167503,-4.091406024314869,4.467194722022537,5.905805399541877,-6.2679758484155705,5.836038705431749,-7.996573521095951,-14.924592430953554,6.906786852261718,1.8962714897167983,2.09240117383974,-2.3623641386759946,11.023534684818143,-1.9895996729245213,7.495188925714388,-23.78319166253402,-3.99421831788619,-6.305912068739184,-3.9063643258915755,-1.6078476055383273,-6.038498313609809,-12.236965606021858,-1.6778043345106997,-3.7707656284506705,-6.930939877096836,-5.936397749475333,-5.222027663447201,0.4573382649953203,-2.2582121107969213,-1.3997612828452355,-7.716823992514303,7.312528494595324,5.248950313635008,0.392709568633668,9.700254866428565,-1.6451495233712758,-4.177798284952081,8.071082405492307,1.5908802449139168
-0.8157963350973362,-0.7023442967336433,0.5999398804763163,-0.22461015285787503,-0.4572467725632109,-0.5218739684171912,0.09968979162801261,0.15958752539630316,0.5085820986982162,-0.07187378754543629,0.33671535762320104,-1.2013548507138223,-0.20869675551184108,0.3756037969240987,-0.016041765680192274,-0.35964610020302246,-0.16564034404814418,1.0416824090313188,0.47641011370018277,1.0264905741270591,-1.1395710923588311,0.1777408356353336,-0.6411975475077833,-0.2898801426963239,0.019852356259227332,-0.648702112028493,-0.29409559694055415,-0.18933850807984623,0.05969915837945007,-0.5479511587118783,-0.6705061698102314,0.08328732048307493,-0.2483612661118556,0.6175727392851457,-0.06570757903149889,0.06915371464198806,1.044126572152707,0.392709568633668,0.9089756946169907,0.349978331604823,0.13291717246261592,-0.9764516537285302,-0.1118182123341949,-0.11066276907435157
-1.6436850898065298,-15.887114548208215,-6.690853582108214,0.3691175501469748,-3.4077319194694855,5.060896852440235,-8.356442142078574,8.807540063830764,11.486565808892975,-12.92581743115508,11.581826454021229,-15.238337039436807,-29.70642805026714,13.262512373485679,3.835102359342356,4.894186614376493,-4.560320914545263,21.63667601949716,-3.974496841645427,14.907077409998903,-47.078925468869436,-8.132004511176143,-12.399357397553613,-7.7772962885608,-3.5092083780156536,-12.248769151136921,-24.321484186850306,-3.6666820145793753,-7.7478031664818285,-13.661972437387126,-11.142930378685993,-10.929315013081823,0.5676883800674176,-5.044492515391554,-2.5047067607120024,-16.17865518841009,13.86464003250829,9.700254866428565,0.349978331604823,19.155790388277918,-3.657373972660729,-7.962419947713043,16.38103156033242,3.1425868761355265
0.26519281088175856,2.8072315825569256,1.4466699500804885,-0.0268305344097853,0.4902753457826649,-1.026947635097681,1.644694582211735,-1.6931314597044937,-2.0971278360227052,2.5912749823960155,-2.2909611661115714,2.8313581936050887,5.721440574909078,-2.366897960454357,-0.686183319497707,-1.1040649556011737,0.8627392841590504,-3.9431701786957905,0.7733562653234934,-2.7428044341008544,9.071204818995074,1.772783254168757,2.2998232648162475,1.4319933277699242,0.6654323373725676,2.3834107375803333,4.752974265100221,0.8113096994100198,1.6653514380719872,2.618920341533466,1.9409407401632268,2.320552001112928,0.0029936800457674015,1.1205125123100588,0.29426099235951514,3.1768169682010274,-2.4933902954689433,-1.6451495233712758,0.13291717246261592,-3.657373972660729,0.9447574951044174,1.4968853113205947,-3.1989763112145653,-0.5673385111227486
1.5886810286195567,6.855080891529754,2.0800640828259302,0.14525865837865223,1.7695484543535427,-1.4952798904540217,3.3158027629457814,-3.7390431547024368,-5.085622238995569,5.266126440862921,-5.008113817474576,7.497456368086224,12.112213113580076,-5.508841505090801,-1.419220437435607,-1.554581695886343,2.0488503891867462,-9.548686858495152,1.0838518768321008,-6.7891843130522345,20.058893760707473,3.2911075046440943,5.622870095734562,3.253721543344172,1.2500128134937356,5.4975605097291576,10.077238106723414,1.7334991228780419,3.1930816112510523,6.055010265130718,5.115202620900274,4.365290888960401,0.04041448291548409,1.386340399726097,0.8833195190047375,6.265660507018742,-6.637001695004944,-4.177798284952081,-0.9764516537285302,-7.962419947713043,1.4968853113205947,4.295007462287744,-6.402469068246308,-1.0881589763215722
-0.9323210378746598,-13.485679986751235,-6.111656794299909,0.3496264158657201,-2.849463613545365,4.677863223924454,-7.4650027529882985,7.609986389961922,9.748503646729995,-11.313238421054866,9.792138965670288,-12.58107430684804,-25.735081286203304,11.151750914061063,3.378008537822269,4.565358969348871,-3.861558453060771,18.354525680222974,-3.6732378931441465,12.481669351359635,-40.21106175995364,-7.109269322468353,-10.534170364093992,-6.5732314596132175,-3.162470458618784,-10.365335761205118,-20.893514017439294,-3.1928768666334246,-6.713952115556852,-11.588737926051044,-9.28573878535573,-9.54628082829321,0.6051010905002291,-4.7833097523606956,-2.1514100554892717,-14.41581105797251,11.435167719750192,8.071082405492307,-0.1118182123341949,16.38103156033242,-3.1989763112145653,-6.402469068246308,14.400692280313756,2.786092047757473
-0.06747125481919378,-2.583401895226917,-1.236343669478579,0.13041375925683682,-0.5162294703778614,0.9736953270457858,-1.4304772865467639,1.4423791374733814,1.8388599112679325,-2.1374755981788756,1.836800302699548,-2.2686128128296255,-4.9494435989066625,2.1871383674306775,0.6745610743839661,0.8850463196722813,-0.7242362773611343,3.4545452336691524,-0.7899430067001428,2.2996838156962873,-7.619842681543799,-1.3384088125363085,-1.9525690755353293,-1.2621518293043303,-0.6162464608085001,-1.89665361363184,-3.9903380572836404,-0.5417865256942844,-1.2579854255974119,-2.1602118742069814,-1.7582103210147828,-1.7959330869011474,0.19235652640169332,-0.9730135105595001,-0.47051504719926457,-2.7586857852689177,2.1087120374089823,1.5908802449139168,-0.11066276907435157,3.1425868761355265,-0.5673385111227486,-1.0881589763215722,2.786092047757473,0.5736363730525955
