V1,V2,V3,V4,V5,V6,V7,V8,V9,V10,V11,V12,V13,V14,V15,V16,V17,V18,V19,V20,V21,V22,V23,V24,V25,V26,V27,V28,V29,V30,V31,V32,V33,V34,V35,V36,V37,V38,V39,V40,V41,V42,V43,V44
10.32844350742552,-8.144452459541156,-3.0782019982257625,-9.222602584583342,-14.861735999684397,3.5723196652694935,-26.978072652784128,4.02983290452732,8.855081901260835,-17.03716593585961,-16.120288981459336,-0.7391631333156226,-11.362491646481258,-12.300610758103588,6.939669767378883,12.494719028625916,-2.9125226577878207,16.88970312765086,1.916288863000193,-0.2025106003704957,3.6053832723251356,9.72519626770919,-17.48159043329062,4.084601979240704,-9.473172942432825,-3.5942392753461827,12.554982960854614,-9.39226807021072,2.553018048366027,2.0027838760079733,0.16173733282850136,4.53161878621558,4.169995918554456,-5.417852116817115,-2.7667037912049577,-37.372243138680716,-0.6653853637192864,-12.681594768502109,4.224453266850441,-10.16212871182529,11.330300241446722,5.603514038556216,13.63719508661732,2.3581886304144115
-8.144452459541156,7.226079887871203,2.2884537270839465,7.858173280533903,12.29082768092265,-2.876120146552773,22.334614281696787,-3.4486055943359855,-7.4117070294049325,14.662512153287766,13.644159516961391,0.8879106575263589,9.595792435496513,10.317456003852078,-5.687159667147135,-10.0964383444899,2.312268179825144,-14.376208019742151,-1.8083128096771044,0.24190807666861436,-3.105752337996258,-8.34413032900939,14.754502621130476,-3.6349969412955696,8.271275060230916,3.0567813748499106,-10.364944373677346,8.042314513517569,-2.2426382786938013,-2.2926693176542225,-0.44394835007094957,-3.687509235447285,-3.101641586703697,4.842737703730825,2.53833193926208,31.59970587654853,0.5316994373503666,10.860334696097999,-3.916427363380737,7.999112517426139,-9.148588987557998,-4.464500840168184,-11.171750529342454,-1.5319886102058056
-3.0782019982257625,2.2884537270839465,1.4620115629818822,2.103363548521129,3.2916888619283595,-0.8409439836773182,7.1372164977092005,-0.3670950278496828,-2.509484852812157,4.557014357387645,4.493343542724893,-0.2627893012814174,2.9676888472331076,1.8054313072117865,-2.1989050104979397,-3.3919208148474347,0.9473624904471147,-4.902940460617814,-0.6519446296228063,-0.05805142069996662,-0.57873856004649,-3.4180497302056647,4.794107609442119,-0.4505205120623419,2.522804051255089,1.1050908566044237,-3.8023360286955983,2.051687333561658,-0.4894362014257583,-0.9639196879006989,-0.012888548569092089,-1.4190260199393978,-1.0050167549218045,0.9563387965017467,0.9667458122037959,9.594803551610738,-0.07216001264288019,3.000140309377429,-0.9286596457064421,2.7891185651451504,-3.489122481263453,-2.1919172974844523,-3.3123580225883553,-0.8402339157079448
-9.222602584583342,7.858173280533903,2.103363548521129,9.259669622475144,14.809450102482648,-3.470066674547495,25.643806239468482,-4.6066304549467665,-8.24803477258637,16.472030807567137,15.251947991531662,1.3352515036770576,10.971793621852193,13.29281668544588,-6.194820642403404,-11.637393362356491,2.529718473878044,-15.858711439831108,-1.7875137450754606,0.38544045300711677,-3.896550915500449,-8.535129850682035,16.62145833689335,-4.699132398264914,9.239233572748118,3.276477672453798,-11.415605024533846,9.532775314471118,-2.6873770286855176,-1.780170104747172,-0.3529859756218084,-4.067562830315475,-3.901417355642682,5.872967642260841,2.5133750866471,36.21112409627575,0.9023299094961097,12.6414535092394,-4.433415851339097,9.34232661841971,-10.140263024753855,-4.4643152350276765,-13.200519628007404,-1.7608118734785556
-14.861735999684397,12.29082768092265,3.2916888619283595,14.809450102482648,23.95236330230869,-5.646006522831838,41.069075196683265,-7.531602433293594,-13.103848944781836,26.05881323536238,24.17967496433678,2.153915454043194,17.50138909127719,21.665488894909213,-9.846046619442157,-18.721806495310823,4.056166829418648,-25.075298741294244,-2.69866720530272,0.6155400573439234,-6.270294125400604,-13.239927525354789,26.43135666691786,-7.593190679477723,14.556428851044553,5.149271119292494,-18.125448382812785,15.267568918938457,-4.291874760523009,-2.3421426885569017,-0.3818788344207371,-6.499810702216258,-6.485252061134779,9.358743738679935,3.819167234189018,57.710871200474045,1.5231014035675408,20.14565715916991,-6.939208333097752,15.160890836803283,-16.22282745012707,-6.994114838608774,-21.286536360522618,-2.9646481990401785
3.5723196652694935,-2.876120146552773,-0.8409439836773182,-3.470066674547495,-5.646006522831838,1.3735924734163953,-9.721946090115157,1.727696613194724,3.0611405255705164,-6.153080247956415,-5.715088238156057,-0.44207832621440907,-4.167583611600747,-5.05135619297585,2.368424721425472,4.443321896183198,-0.9727393129937706,5.951075440843401,0.6091961236623241,-0.18643756022466998,1.4669797515355354,3.1575022701967366,-6.253327969972444,1.7714626253027421,-3.4350637160709896,-1.1880230492767203,4.2955052927413,-3.5758187606121767,0.9928600855467146,0.5269615068106567,0.07503803734257541,1.572162389035103,1.5854109049339096,-2.217612127594968,-0.903994443294471,-13.619857275134862,-0.39018417883166484,-4.73584017595964,1.5715304670398458,-3.6267961459578757,3.883449358523868,1.7072008221631678,5.033312825277628,0.7180621284346405
-26.978072652784128,22.334614281696787,7.1372164977092005,25.643806239468482,41.069075196683265,-9.721946090115157,72.91287703596517,-11.955513865226802,-23.75096573834444,46.58928970694498,43.56457600909734,2.9421571775024433,30.99125169420335,35.396149745657425,-18.203587613018765,-33.363802938393846,7.527930576834981,-45.517677282355976,-5.221423179675077,0.8053766900497786,-10.386286918801337,-25.43880463175362,47.34959856214312,-12.196042937874246,26.047180927916777,9.57058859434826,-33.22980790021248,26.282463210595747,-7.286439612300142,-5.455472412961316,-0.7928316659732136,-11.906262225678402,-11.057856757499248,15.69454966116368,7.406815722916046,102.1139611344618,2.127729261465651,35.157810426827716,-12.124886174386635,26.907812423636397,-29.713383895037285,-13.93707022597288,-37.1226419821721,-5.597534789153106
4.02983290452732,-3.4486055943359855,-0.3670950278496828,-4.6066304549467665,-7.531602433293594,1.727696613194724,-11.955513865226802,2.9221359037771184,3.7425540388777745,-7.499146124105822,-6.797206355335946,-1.0516306372691402,-5.084791997971373,-7.707494870282734,2.477527111411166,5.427030876011106,-0.998412291989246,6.755054978351377,0.6382054551981924,-0.20326890870264389,2.15403295760767,2.973048368641843,-7.453921181976533,2.772598579489693,-4.189779005619548,-1.4015399105961184,4.7942936857278875,-4.855615131051506,1.4275579853485731,0.3024533050172711,0.16608891668523773,1.5786155400995194,1.9121951824651326,-3.142114059886955,-0.8806344663100996,-17.06913531522691,-0.6582804925208706,-6.183235991179257,2.2009149473319214,-4.257200515926394,4.19830448280582,1.4049138636589702,6.531221907430038,0.7251186675065175
8.855081901260835,-7.4117070294049325,-2.509484852812157,-8.24803477258637,-13.103848944781836,3.0611405255705164,-23.75096573834444,3.7425540388777745,7.945628932618111,-15.216251253830231,-14.29712507625455,-0.8681771011771849,-10.015709057640443,-11.061396642160293,5.988748795232424,10.916891386994905,-2.4895752709949655,14.89570088831298,1.810510619999957,-0.09311709423075412,3.237761468030238,8.559370470360289,-15.447815647630353,3.734031121519719,-8.506172740547207,-3.2706655113671497,10.989662082546277,-8.455857463898177,2.342003691524031,2.0713444088448676,0.3089364979648591,3.8330020692662896,3.406889505541543,-4.901112235345026,-2.526281745887942,-33.22801261041016,-0.5292787921092127,-11.35293619239358,4.000804862635972,-8.676040311432995,9.763396418431302,4.792385364358799,12.011558557558491,1.9176538851013787
-17.03716593585961,14.662512153287766,4.557014357387645,16.472030807567137,26.05881323536238,-6.153080247956415,46.58928970694498,-7.499146124105822,-15.216251253830231,30.25178947597775,28.145904410834543,1.9248493717733666,19.979219477844165,22.31611243826966,-11.714377749079066,-21.143745220308595,4.782003527430523,-29.555813456774427,-3.528969669753634,0.6144085901429238,-6.656133649122405,-16.747468153743196,30.54374217425314,-7.840250516578249,17.00957188355583,6.175844406637061,-21.348647658029115,16.87314116102344,-4.694629042701317,-4.093822345448315,-0.7518528707115305,-7.657958890335462,-6.814583213525309,10.235351784373487,4.994911756641688,65.70778879573282,1.329830692247694,22.667882834219473,-7.97734822684798,16.926791661138136,-18.959632500413377,-8.979001839600068,-23.541930654949763,-3.282050460214086
-16.120288981459336,13.644159516961391,4.493343542724893,15.251947991531662,24.17967496433678,-5.715088238156057,43.56457600909734,-6.797206355335946,-14.29712507625455,28.145904410834543,26.324484477908268,1.6168919939457347,18.580244192289957,20.42486011073811,-11.055563392820606,-19.85689137455316,4.543529184622418,-27.63550277978548,-3.3065591471785094,0.4899694368440067,-6.106748300575754,-15.834963887001027,28.526709227692233,-7.078679380315277,15.794012142893695,5.821009702856504,-20.13283607068061,15.589734912118411,-4.320781466418271,-3.8266783933321356,-0.6234994417103253,-7.226992826860554,-6.395882224933849,9.307856270945418,4.6814556931726345,61.18536562099551,1.150431829185887,21.006237542773356,-7.337400044251538,15.95194733112387,-17.923015820245535,-8.647002810796243,-21.949371983144303,-3.246521717793639
-0.7391631333156226,0.8879106575263589,-0.2627893012814174,1.3352515036770576,2.153915454043194,-0.44207832621440907,2.9421571775024433,-1.0516306372691402,-0.8681771011771849,1.9248493717733666,1.6168919939457347,0.5499051083038865,1.3076765687426362,2.563467317125815,-0.43648050749159983,-1.239131475950633,0.15501612261383171,-1.5699156827765657,-0.14518332924830846,0.09586988755744388,-0.6938596943277431,-0.41032120128335986,1.83058403786963,-1.0063320057055465,1.0973348398220906,0.30294966105716187,-0.9563324391961693,1.441983753912514,-0.4566402695296418,0.026134286703286876,-0.0899899792400072,-0.2869449689761452,-0.4501475991597357,1.0328143052034648,0.1509113251672926,4.44447149457509,0.24318753095830692,1.7405640147992605,-0.7234131846895824,0.9276433214358278,-0.7775079839865966,0.03581906944317774,-1.7098146644114156,6.771241162649051e-4
-11.362491646481258,9.595792435496513,2.9676888472331076,10.971793621852193,17.50138909127719,-4.167583611600747,30.99125169420335,-5.084791997971373,-10.015709057640443,19.979219477844165,18.580244192289957,1.3076765687426362,13.307781274406933,15.099735433668123,-7.754205850379178,-14.087472747905824,3.17700936618516,-19.526713552900326,-2.236127995927112,0.4585187847604818,-4.447398985901758,-10.887415625898468,20.236928950448103,-5.296687505887114,11.20663177312859,4.022581435630021,-14.076981516266326,11.240776537289664,-3.1170822376601555,-2.4141171124756227,-0.39782342785825425,-5.103627785905878,-4.699314431195444,6.849634315298404,3.2042075893964097,43.59664022241943,0.96069235853243,15.050479065422131,-5.207337909256089,11.35995390635845,-12.589487582678867,-5.841589102031889,-15.748508381954624,-2.2229488782567275
-12.300610758103588,10.317456003852078,1.8054313072117865,13.29281668544588,21.665488894909213,-5.05135619297585,35.396149745657425,-7.707494870282734,-11.061396642160293,22.31611243826966,20.42486011073811,2.563467317125815,15.099735433668123,21.132227333153082,-7.844126569098573,-16.068007719143388,3.1851392485305983,-20.725862104536056,-2.0469477193650896,0.6730164712291988,-6.0334380396103535,-9.904873199067529,22.398084813441645,-7.565605641791312,12.473797863305983,4.196556865060016,-14.797333683498456,13.868695719065071,-4.002016019124819,-1.2948164183964264,-0.40700745338828426,-5.142003669066053,-5.7230477202213095,8.84306956000288,2.8728693832719316,50.19697960757849,1.7498527240618618,17.938291496165135,-6.24597055015745,12.876515964195697,-13.116981941358729,-4.905758927357453,-18.902352963670648,-2.2729172041637917
6.939669767378883,-5.687159667147135,-2.1989050104979397,-6.194820642403404,-9.846046619442157,2.368424721425472,-18.203587613018765,2.477527111411166,5.988748795232424,-11.714377749079066,-11.055563392820606,-0.43648050749159983,-7.754205850379178,-7.844126569098573,4.819353479756092,8.344346847347696,-2.003568618203874,11.756353160554871,1.4113572390826377,-0.183230034630089,2.3563121036388157,6.981978706918388,-11.994591517808212,2.6523480389702954,-6.552102020619524,-2.4648375157577362,8.630460128076578,-6.275117260853401,1.6958709379216237,1.6595032359261654,0.17451725544229124,3.1831464724705323,2.7268266835473707,-3.640299791183559,-2.0250911752437504,-25.331117405690915,-0.3805167467305339,-8.561043784367742,2.9066858341234036,-6.804212571552227,7.775048456281989,3.93188438955499,9.0345176004941,1.4861968640234422
12.494719028625916,-10.0964383444899,-3.3919208148474347,-11.637393362356491,-18.721806495310823,4.443321896183198,-33.363802938393846,5.427030876011106,10.916891386994905,-21.143745220308595,-19.85689137455316,-1.239131475950633,-14.087472747905824,-16.068007719143388,8.344346847347696,15.376749955088139,-3.4784977645064097,20.676502274490502,2.343452408559276,-0.27862711009594293,4.675862479806947,11.582535229385627,-21.55915580343147,5.439561479678276,-11.781159410685154,-4.405683019088656,15.243247016666961,-11.923409322713749,3.287413442104713,2.3736739237719653,0.28825556594857343,5.421096074599462,5.10189041732503,-7.014328508688017,-3.333265545085755,-46.514114850519256,-0.936719337328666,-15.950764079124331,5.432240715336266,-12.402623198383873,13.665175131858275,6.498555971695116,17.026348200595262,2.734766748684992
-2.9125226577878207,2.312268179825144,0.9473624904471147,2.529718473878044,4.056166829418648,-0.9727393129937706,7.527930576834981,-0.998412291989246,-2.4895752709949655,4.782003527430523,4.543529184622418,0.15501612261383171,3.17700936618516,3.1851392485305983,-2.003568618203874,-3.4784977645064097,0.8467963259679079,-4.830275304707518,-0.5741324435882246,0.04362263824444935,-0.9380246302997735,-2.8772657859689454,4.936532709778271,-1.044511913719805,2.659277791065113,1.029782998235659,-3.58597812719016,2.558827838259128,-0.682887727254102,-0.6304500798506627,-0.0324508096684331,-1.3222563362153648,-1.1494977442916094,1.4360410420173408,0.8174714541956657,10.390239044980701,0.1325962362029073,3.4865872372531523,-1.1690175549598603,2.855164933749857,-3.2504022919227875,-1.656900562718086,-3.738204479439304,-0.6692486756579136
16.88970312765086,-14.376208019742151,-4.902940460617814,-15.858711439831108,-25.075298741294244,5.951075440843401,-45.517677282355976,6.755054978351377,14.89570088831298,-29.555813456774427,-27.63550277978548,-1.5699156827765657,-19.526713552900326,-20.725862104536056,11.756353160554871,20.676502274490502,-4.830275304707518,29.302665412481524,3.538165002483743,-0.5765909776611461,6.216288508621843,17.00520046413795,-30.0254866382257,7.214080562226767,-16.60061483649004,-6.093532926973277,21.21890754404646,-16.141922690833223,4.438529039143487,4.164357810830827,0.6195785427949914,7.763775792467723,6.708767479239532,-9.635455846882062,-5.01913175795804,-63.90660857328723,-1.119312294593959,-21.854615111268156,7.622284743009696,-16.718733453518865,18.96904511281514,9.220888574094593,22.749021704711744,3.3428688608173838
1.916288863000193,-1.8083128096771044,-0.6519446296228063,-1.7875137450754606,-2.69866720530272,0.6091961236623241,-5.221423179675077,0.6382054551981924,1.810510619999957,-3.528969669753634,-3.3065591471785094,-0.14518332924830846,-2.236127995927112,-2.0469477193650896,1.4113572390826377,2.343452408559276,-0.5741324435882246,3.538165002483743,0.5221579713834211,-0.01190167426468637,0.6518900295028516,2.2377356914170883,-3.5460613587503675,0.7155553996075666,-2.0045607988593668,-0.7881365770818447,2.5679195509892807,-1.815616374963181,0.4999750975061878,0.7679284969572904,0.14669447524481044,0.908485640014337,0.6190195497739573,-1.0342781606022045,-0.6976626861619395,-7.409588990665963,-0.032215972191750916,-2.5034294853343027,0.9608336301038414,-1.8359558458990317,2.2347260762508743,1.2004266676357633,2.502963297736987,0.35037465111118393
-0.2025106003704957,0.24190807666861436,-0.05805142069996662,0.38544045300711677,0.6155400573439234,-0.18643756022466998,0.8053766900497786,-0.20326890870264389,-0.09311709423075412,0.6144085901429238,0.4899694368440067,0.09586988755744388,0.4585187847604818,0.6730164712291988,-0.183230034630089,-0.27862711009594293,0.04362263824444935,-0.5765909776611461,-0.01190167426468637,0.1961084345964675,-0.25326584902639465,-0.2062707026286864,0.5777181832760538,-0.3416137174273614,0.3743453675589987,-0.015409573720240774,-0.2725408242162344,0.38658599437574054,-0.11742945853656048,-0.001633717122218682,-0.042216851596978515,-0.19177261222594613,-0.2200835560645432,0.41107936546411483,0.06681264527384623,1.2823312365180126,0.1640162279334487,0.527261029331923,-0.1396475269842127,0.30026182229531007,-0.2597826177037258,0.010909446431061016,-0.4204838135064631,0.09771677601434307
3.6053832723251356,-3.105752337996258,-0.57873856004649,-3.896550915500449,-6.270294125400604,1.4669797515355354,-10.386286918801337,2.15403295760767,3.237761468030238,-6.656133649122405,-6.106748300575754,-0.6938596943277431,-4.447398985901758,-6.0334380396103535,2.3563121036388157,4.675862479806947,-0.9380246302997735,6.216288508621843,0.6518900295028516,-0.25326584902639465,1.8151008576541579,3.1092877245009687,-6.647550969781955,2.1980670155125694,-3.749318996654309,-1.2264159628867415,4.443790023364848,-4.0453886153432865,1.1790196840212377,0.5658886190756274,0.18529785773021662,1.5697792645512791,1.6353086546127718,-2.614681244681503,-0.9222281449994066,-14.807490715167324,-0.5195067907489236,-5.299072168138959,1.8571458034651902,-3.762857994468355,3.901857781669317,1.5298494948914132,5.4654633295278465,0.6084000287384843
9.72519626770919,-8.34413032900939,-3.4180497302056647,-8.535129850682035,-13.239927525354789,3.1575022701967366,-25.43880463175362,2.973048368641843,8.559370470360289,-16.747468153743196,-15.834963887001027,-0.41032120128335986,-10.887415625898468,-9.904873199067529,6.981978706918388,11.582535229385627,-2.8772657859689454,17.00520046413795,2.2377356914170883,-0.2062707026286864,3.1092877245009687,10.630907141137016,-17.068028708926068,3.3613077887373843,-9.432970947431231,-3.6189940543172945,12.462875097505226,-8.587241311837916,2.3124692232256248,3.0748240916124603,0.420525115224365,4.590212556354876,3.507610549188079,-4.91166942967076,-3.1708188473723498,-35.57312695684655,-0.3198323207792637,-11.914145203787937,4.185356347077465,-9.350441805595336,11.122857838034138,5.960918848117158,12.312107504606908,1.9966200443789697
-17.48159043329062,14.754502621130476,4.794107609442119,16.62145833689335,26.43135666691786,-6.253327969972444,47.34959856214312,-7.453921181976533,-15.447815647630353,30.54374217425314,28.526709227692233,1.83058403786963,20.236928950448103,22.398084813441645,-11.994591517808212,-21.55915580343147,4.936532709778271,-30.0254866382257,-3.5460613587503675,0.5777181832760538,-6.647550969781955,-17.068028708926068,31.007802281497597,-7.783288219332054,17.126800794457633,6.269162747324707,-21.79021611392595,16.987605377587695,-4.698522496487835,-3.950863697953081,-0.6048981667399933,-7.8878363795940745,-7.063094418549479,10.17231241885193,5.016505724347314,66.47053021769135,1.2909375099705418,22.84027471474981,-7.951706049053025,17.399387918071998,-19.46282591133875,-9.24768164886433,-23.89658119966476,-3.5025136036878184
4.084601979240704,-3.6349969412955696,-0.4505205120623419,-4.699132398264914,-7.593190679477723,1.7714626253027421,-12.196042937874246,2.772598579489693,3.734031121519719,-7.840250516578249,-7.078679380315277,-1.0063320057055465,-5.296687505887114,-7.565605641791312,2.6523480389702954,5.439561479678276,-1.044511913719805,7.214080562226767,0.7155553996075666,-0.3416137174273614,2.1980670155125694,3.3613077887373843,-7.783288219332054,2.8079946664392668,-4.4201652880068965,-1.3931716250803938,5.005408343745203,-4.913897963760428,1.4372844342159394,0.5043481739650882,0.2189003973645396,1.7676303051780085,1.9568964285575252,-3.2693664633411306,-1.0114437463524129,-17.521484439148665,-0.6860545118873347,-6.345921921834367,2.2527116582682356,-4.349050688217661,4.399196161026438,1.5182617604332156,6.521321357609112,0.6079461471591479
-9.473172942432825,8.271275060230916,2.522804051255089,9.239233572748118,14.556428851044553,-3.4350637160709896,26.047180927916777,-4.189779005619548,-8.506172740547207,17.00957188355583,15.794012142893695,1.0973348398220906,11.20663177312859,12.473797863305983,-6.552102020619524,-11.781159410685154,2.659277791065113,-16.60061483649004,-2.0045607988593668,0.3743453675589987,-3.749318996654309,-9.432970947431231,17.126800794457633,-4.4201652880068965,9.585689085952932,3.45412063476289,-11.9430949073273,9.466233153066351,-2.6422216282066815,-2.4011159295660818,-0.474963721159711,-4.285227276723103,-3.764186671728247,5.786828088105381,2.838699158972734,36.84295280683182,0.7528285733175207,12.730715016326792,-4.512128896157442,9.406501691516672,-10.577251225484842,-5.0112991914346665,-13.136297496547439,-1.765096454228058
-3.5942392753461827,3.0567813748499106,1.1050908566044237,3.276477672453798,5.149271119292494,-1.1880230492767203,9.57058859434826,-1.4015399105961184,-3.2706655113671497,6.175844406637061,5.821009702856504,0.30294966105716187,4.022581435630021,4.196556865060016,-2.4648375157577362,-4.405683019088656,1.029782998235659,-6.093532926973277,-0.7881365770818447,-0.015409573720240774,-1.2264159628867415,-3.6189940543172945,6.269162747324707,-1.3931716250803938,3.45412063476289,1.3815188248295918,-4.51626763864687,3.352311082376517,-0.9187379721162482,-0.9721328361669662,-0.14353673301635683,-1.5569811481091995,-1.29818228280966,1.8884474674450216,1.0795076464352888,13.3787085374143,0.13923605821195184,4.53133360389274,-1.62998280498744,3.469865571052612,-3.9929022475652767,-2.049906091829827,-4.779334747610175,-0.793301320266246
12.554982960854614,-10.364944373677346,-3.8023360286955983,-11.415605024533846,-18.125448382812785,4.2955052927413,-33.22980790021248,4.7942936857278875,10.989662082546277,-21.348647658029115,-20.13283607068061,-0.9563324391961693,-14.076981516266326,-14.797333683498456,8.630460128076578,15.243247016666961,-3.58597812719016,21.21890754404646,2.5679195509892807,-0.2725408242162344,4.443790023364848,12.462875097505226,-21.79021611392595,5.005408343745203,-11.9430949073273,-4.51626763864687,15.641773057680597,-11.603871492072237,3.1764125338842892,2.987657129728789,0.3722287605249966,5.654841021213295,4.9009586276463315,-6.728556064053649,-3.629843235121213,-46.344124257369494,-0.7237551926073681,-15.74885287743676,5.430282647532336,-12.33526687560248,13.99391959354882,6.988586637668396,16.601814562810656,2.6933485097128558
-9.39226807021072,8.042314513517569,2.051687333561658,9.532775314471118,15.267568918938457,-3.5758187606121767,26.282463210595747,-4.855615131051506,-8.455857463898177,16.87314116102344,15.589734912118411,1.441983753912514,11.240776537289664,13.868695719065071,-6.275117260853401,-11.923409322713749,2.558827838259128,-16.141922690833223,-1.815616374963181,0.38658599437574054,-4.0453886153432865,-8.587241311837916,16.987605377587695,-4.913897963760428,9.466233153066351,3.352311082376517,-11.603871492072237,9.858763939253844,-2.785875377458704,-1.7815892931070327,-0.38335338259356433,-4.095991656189127,-3.9784890330182514,6.091970676529172,2.5447392998188163,37.163879326880924,0.9579154034175303,13.011743112207881,-4.586527098072145,9.532370727555602,-10.28754527904605,-4.472266547181896,-13.586563061709285,-1.775726840391707
2.553018048366027,-2.2426382786938013,-0.4894362014257583,-2.6873770286855176,-4.291874760523009,0.9928600855467146,-7.286439612300142,1.4275579853485731,2.342003691524031,-4.694629042701317,-4.320781466418271,-0.4566402695296418,-3.1170822376601555,-4.002016019124819,1.6958709379216237,3.287413442104713,-0.682887727254102,4.438529039143487,0.4999750975061878,-0.11742945853656048,1.1790196840212377,2.3124692232256248,-4.698522496487835,1.4372844342159394,-2.6422216282066815,-0.9187379721162482,3.1764125338842892,-2.785875377458704,0.8048862159076398,0.49518839724688607,0.12997030797953044,1.106472766666432,1.0885366086805832,-1.7491497795587998,-0.6966867361333412,-10.367238124461238,-0.28944584857749106,-3.6624143671138385,1.315401873302897,-2.6085438614607526,2.7915799315443137,1.1672115603115198,3.7926265836766495,0.45616834453157706
2.0027838760079733,-2.2926693176542225,-0.9639196879006989,-1.780170104747172,-2.3421426885569017,0.5269615068106567,-5.455472412961316,0.3024533050172711,2.0713444088448676,-4.093822345448315,-3.8266783933321356,0.026134286703286876,-2.4141171124756227,-1.2948164183964264,1.6595032359261654,2.3736739237719653,-0.6304500798506627,4.164357810830827,0.7679284969572904,-0.001633717122218682,0.5658886190756274,3.0748240916124603,-3.950863697953081,0.5043481739650882,-2.4011159295660818,-0.9721328361669662,2.987657129728789,-1.7815892931070327,0.49518839724688607,1.583360305491586,0.39668520524309697,1.0054555245472516,0.31981051127715543,-1.0366965761826785,-1.061997807532715,-8.020537119401451,0.10075039518343877,-2.6445042752346972,1.133695818232724,-1.6791293000506708,2.4715691826633868,1.6728624101724352,2.3675367929033695,0.2482371906091988
0.16173733282850136,-0.44394835007094957,-0.012888548569092089,-0.3529859756218084,-0.3818788344207371,0.07503803734257541,-0.7928316659732136,0.16608891668523773,0.3089364979648591,-0.7518528707115305,-0.6234994417103253,-0.0899899792400072,-0.39782342785825425,-0.40700745338828426,0.17451725544229124,0.28825556594857343,-0.0324508096684331,0.6195785427949914,0.14669447524481044,-0.042216851596978515,0.18529785773021662,0.420525115224365,-0.6048981667399933,0.2189003973645396,-0.474963721159711,-0.14353673301635683,0.3722287605249966,-0.38335338259356433,0.12997030797953044,0.39668520524309697,0.18350280416181822,0.0728794052293581,-0.058412005711070254,-0.32779027291695567,-0.20084089791398452,-1.4046217684529205,-0.03561921157327635,-0.5423851569143585,0.28633757121663933,-0.10119926482299041,0.2154798266157938,0.1496043649988864,0.36071280628747443,-0.09723375699479236
4.53161878621558,-3.687509235447285,-1.4190260199393978,-4.067562830315475,-6.499810702216258,1.572162389035103,-11.906262225678402,1.5786155400995194,3.8330020692662896,-7.657958890335462,-7.226992826860554,-0.2869449689761452,-5.103627785905878,-5.142003669066053,3.1831464724705323,5.421096074599462,-1.3222563362153648,7.763775792467723,0.908485640014337,-0.19177261222594613,1.5697792645512791,4.590212556354876,-7.8878363795940745,1.7676303051780085,-4.285227276723103,-1.5569811481091995,5.654841021213295,-4.095991656189127,1.106472766666432,1.0054555245472516,0.0728794052293581,2.169430133237784,1.8702835812982532,-2.4045358761555646,-1.3091354853247377,-16.5441347724511,-0.2784208884318101,-5.600922906214542,1.874426173414681,-4.522815798517453,5.136516315352638,2.528171864148069,5.8817595816041965,0.9376893595459189
4.169995918554456,-3.101641586703697,-1.0050167549218045,-3.901417355642682,-6.485252061134779,1.5854109049339096,-11.057856757499248,1.9121951824651326,3.406889505541543,-6.814583213525309,-6.395882224933849,-0.4501475991597357,-4.699314431195444,-5.7230477202213095,2.7268266835473707,5.10189041732503,-1.1494977442916094,6.708767479239532,0.6190195497739573,-0.2200835560645432,1.6353086546127718,3.507610549188079,-7.063094418549479,1.9568964285575252,-3.764186671728247,-1.29818228280966,4.9009586276463315,-3.9784890330182514,1.0885366086805832,0.31981051127715543,-0.058412005711070254,1.8702835812982532,1.976398083851926,-2.4114078603322344,-0.9313382965951208,-15.262835929491432,-0.4478312646529026,-5.271343839593278,1.6565597264690946,-4.305410672912699,4.5241228119107,1.9381517757636522,5.745316664888822,0.9279031729669858
-5.417852116817115,4.842737703730825,0.9563387965017467,5.872967642260841,9.358743738679935,-2.217612127594968,15.69454966116368,-3.142114059886955,-4.901112235345026,10.235351784373487,9.307856270945418,1.0328143052034648,6.849634315298404,8.84306956000288,-3.640299791183559,-7.014328508688017,1.4360410420173408,-9.635455846882062,-1.0342781606022045,0.41107936546411483,-2.614681244681503,-4.91166942967076,10.17231241885193,-3.2693664633411306,5.786828088105381,1.8884474674450216,-6.728556064053649,6.091970676529172,-1.7491497795587998,-1.0366965761826785,-0.32779027291695567,-2.4045358761555646,-2.4114078603322344,4.0051848599602735,1.4980287567524242,22.49825507758981,0.7478709347098143,8.013719065038329,-2.829553396399017,5.582946554441687,-5.925347058234174,-2.384315216076726,-8.19365306309067,-0.8373106071361089
-2.7667037912049577,2.53833193926208,0.9667458122037959,2.5133750866471,3.819167234189018,-0.903994443294471,7.406815722916046,-0.8806344663100996,-2.526281745887942,4.994911756641688,4.6814556931726345,0.1509113251672926,3.2042075893964097,2.8728693832719316,-2.0250911752437504,-3.333265545085755,0.8174714541956657,-5.01913175795804,-0.6976626861619395,0.06681264527384623,-0.9222281449994066,-3.1708188473723498,5.016505724347314,-1.0114437463524129,2.838699158972734,1.0795076464352888,-3.629843235121213,2.5447392998188163,-0.6966867361333412,-1.061997807532715,-0.20084089791398452,-1.3091354853247377,-0.9313382965951208,1.4980287567524242,0.9892703844403419,10.49465528516733,0.08691312329380631,3.5342079593021247,-1.2979566353317293,2.6226602312593776,-3.1899857216989287,-1.739500069162492,-3.561878525214799,-0.5071290570806102
-37.372243138680716,31.59970587654853,9.594803551610738,36.21112409627575,57.710871200474045,-13.619857275134862,102.1139611344618,-17.06913531522691,-33.22801261041016,65.70778879573282,61.18536562099551,4.44447149457509,43.59664022241943,50.19697960757849,-25.331117405690915,-46.514114850519256,10.390239044980701,-63.90660857328723,-7.409588990665963,1.2823312365180126,-14.807490715167324,-35.57312695684655,66.47053021769135,-17.521484439148665,36.84295280683182,13.3787085374143,-46.344124257369494,37.163879326880924,-10.367238124461238,-8.020537119401451,-1.4046217684529205,-16.5441347724511,-15.262835929491432,22.49825507758981,10.49465528516733,143.6839732885722,3.1124215438962297,49.67651190599731,-17.33330278859319,37.31414849600535,-41.249881522029796,-19.166677497106644,-52.018495216125,-7.42035845844116
-0.6653853637192864,0.5316994373503666,-0.07216001264288019,0.9023299094961097,1.5231014035675408,-0.39018417883166484,2.127729261465651,-0.6582804925208706,-0.5292787921092127,1.329830692247694,1.150431829185887,0.24318753095830692,0.96069235853243,1.7498527240618618,-0.3805167467305339,-0.936719337328666,0.1325962362029073,-1.119312294593959,-0.032215972191750916,0.1640162279334487,-0.5195067907489236,-0.3198323207792637,1.2909375099705418,-0.6860545118873347,0.7528285733175207,0.13923605821195184,-0.7237551926073681,0.9579154034175303,-0.28944584857749106,0.10075039518343877,-0.03561921157327635,-0.2784208884318101,-0.4478312646529026,0.7478709347098143,0.08691312329380631,3.1124215438962297,0.25822602392735594,1.2029497372432312,-0.3636249330541761,0.7827892877613146,-0.6508114704950296,-0.08046925746734072,-1.2354612158330278,-0.05076431592374458
-12.681594768502109,10.860334696097999,3.000140309377429,12.6414535092394,20.14565715916991,-4.73584017595964,35.157810426827716,-6.183235991179257,-11.35293619239358,22.667882834219473,21.006237542773356,1.7405640147992605,15.050479065422131,17.938291496165135,-8.561043784367742,-15.950764079124331,3.4865872372531523,-21.854615111268156,-2.5034294853343027,0.527261029331923,-5.299072168138959,-11.914145203787937,22.84027471474981,-6.345921921834367,12.730715016326792,4.53133360389274,-15.74885287743676,13.011743112207881,-3.6624143671138385,-2.6445042752346972,-0.5423851569143585,-5.600922906214542,-5.271343839593278,8.013719065038329,3.5342079593021247,49.67651190599731,1.2029497372432312,17.313815863148136,-6.078553188006519,12.77007451572019,-13.962538824866366,-6.27858307322246,-18.02235821995146,-2.4054167314249573
4.224453266850441,-3.916427363380737,-0.9286596457064421,-4.433415851339097,-6.939208333097752,1.5715304670398458,-12.124886174386635,2.2009149473319214,4.000804862635972,-7.97734822684798,-7.337400044251538,-0.7234131846895824,-5.207337909256089,-6.24597055015745,2.9066858341234036,5.432240715336266,-1.1690175549598603,7.622284743009696,0.9608336301038414,-0.1396475269842127,1.8571458034651902,4.185356347077465,-7.951706049053025,2.2527116582682356,-4.512128896157442,-1.62998280498744,5.430282647532336,-4.586527098072145,1.315401873302897,1.133695818232724,0.28633757121663933,1.874426173414681,1.6565597264690946,-2.829553396399017,-1.2979566353317293,-17.33330278859319,-0.3636249330541761,-6.078553188006519,2.2779549749335084,-4.250395483155385,4.722758703301825,2.1009795653733385,6.183932252519553,0.7175859791236141
-10.16212871182529,7.999112517426139,2.7891185651451504,9.34232661841971,15.160890836803283,-3.6267961459578757,26.907812423636397,-4.257200515926394,-8.676040311432995,16.926791661138136,15.95194733112387,0.9276433214358278,11.35995390635845,12.876515964195697,-6.804212571552227,-12.402623198383873,2.855164933749857,-16.718733453518865,-1.8359558458990317,0.30026182229531007,-3.762857994468355,-9.350441805595336,17.399387918071998,-4.349050688217661,9.406501691516672,3.469865571052612,-12.33526687560248,9.532370727555602,-2.6085438614607526,-1.6791293000506708,-0.10119926482299041,-4.522815798517453,-4.305410672912699,5.582946554441687,2.6226602312593776,37.31414849600535,0.7827892877613146,12.77007451572019,-4.250395483155385,10.205618541509113,-11.16659078677159,-5.243798563318707,-13.696555001792476,-2.253009888577817
11.330300241446722,-9.148588987557998,-3.489122481263453,-10.140263024753855,-16.22282745012707,3.883449358523868,-29.713383895037285,4.19830448280582,9.763396418431302,-18.959632500413377,-17.923015820245535,-0.7775079839865966,-12.589487582678867,-13.116981941358729,7.775048456281989,13.665175131858275,-3.2504022919227875,18.96904511281514,2.2347260762508743,-0.2597826177037258,3.901857781669317,11.122857838034138,-19.46282591133875,4.399196161026438,-10.577251225484842,-3.9929022475652767,13.99391959354882,-10.28754527904605,2.7915799315443137,2.4715691826633868,0.2154798266157938,5.136516315352638,4.5241228119107,-5.925347058234174,-3.1899857216989287,-41.249881522029796,-0.6508114704950296,-13.962538824866366,4.722758703301825,-11.16659078677159,12.62951746133633,6.2858597580471844,14.848273721064393,2.495517355446585
5.603514038556216,-4.464500840168184,-2.1919172974844523,-4.4643152350276765,-6.994114838608774,1.7072008221631678,-13.93707022597288,1.4049138636589702,4.792385364358799,-8.979001839600068,-8.647002810796243,0.03581906944317774,-5.841589102031889,-4.905758927357453,3.93188438955499,6.498555971695116,-1.656900562718086,9.220888574094593,1.2004266676357633,0.010909446431061016,1.5298494948914132,5.960918848117158,-9.24768164886433,1.5182617604332156,-5.0112991914346665,-2.049906091829827,6.988586637668396,-4.472266547181896,1.1672115603115198,1.6728624101724352,0.1496043649988864,2.528171864148069,1.9381517757636522,-2.384315216076726,-1.739500069162492,-19.166677497106644,-0.08046925746734072,-6.27858307322246,2.1009795653733385,-5.243798563318707,6.2858597580471844,3.612144646180071,6.716413536266418,1.3527129469243602
13.63719508661732,-11.171750529342454,-3.3123580225883553,-13.200519628007404,-21.286536360522618,5.033312825277628,-37.1226419821721,6.531221907430038,12.011558557558491,-23.541930654949763,-21.949371983144303,-1.7098146644114156,-15.748508381954624,-18.902352963670648,9.0345176004941,17.026348200595262,-3.738204479439304,22.749021704711744,2.502963297736987,-0.4204838135064631,5.4654633295278465,12.312107504606908,-23.89658119966476,6.521321357609112,-13.136297496547439,-4.779334747610175,16.601814562810656,-13.586563061709285,3.7926265836766495,2.3675367929033695,0.36071280628747443,5.8817595816041965,5.745316664888822,-8.19365306309067,-3.561878525214799,-52.018495216125,-1.2354612158330278,-18.02235821995146,6.183932252519553,-13.696555001792476,14.848273721064393,6.716413536266418,19.15154889068073,2.8524062581003644
2.3581886304144115,-1.5319886102058056,-0.8402339157079448,-1.7608118734785556,-2.9646481990401785,0.7180621284346405,-5.597534789153106,0.7251186675065175,1.9176538851013787,-3.282050460214086,-3.246521717793639,6.771241162649051e-4,-2.2229488782567275,-2.2729172041637917,1.4861968640234422,2.734766748684992,-0.6692486756579136,3.3428688608173838,0.35037465111118393,0.09771677601434307,0.6084000287384843,1.9966200443789697,-3.5025136036878184,0.6079461471591479,-1.765096454228058,-0.793301320266246,2.6933485097128558,-1.775726840391707,0.45616834453157706,0.2482371906091988,-0.09723375699479236,0.9376893595459189,0.9279031729669858,-0.8373106071361089,-0.5071290570806102,-7.42035845844116,-0.05076431592374458,-2.4054167314249573,0.7175859791236141,-2.253009888577817,2.495517355446585,1.3527129469243602,2.8524062581003644,0.7424653104749367
