V1,V2,V3,V4,V5,V6,V7,V8,V9,V10,V11,V12,V13,V14,V15,V16,V17,V18,V19,V20,V21,V22,V23,V24,V25,V26,V27,V28,V29,V30,V31,V32,V33,V34,V35,V36,V37,V38,V39,V40,V41,V42,V43,V44,V45
1.8338564673112687,-1.1376331135711382,-0.9705877550014894,0.8981252115567904,-0.3366459071392263,0.054804105760325676,0.1327294445769836,1.3176327869077202,1.1251400325277725,0.7998016875307911,-0.3311951960186558,-1.1154307904840484,0.034919580624636015,-0.4937411830659696,-0.1828363794778917,1.0785307243578568,-0.9208951805866581,-0.20705771912674514,0.13340549455798761,1.954407231068591,0.9817351865105128,0.48690960520404325,0.5764066375642404,1.1706030441527437,1.7988829071355505,0.3475127470923977,-0.9821731102919133,-1.206108639058849,-0.06644337456112621,-0.5765636961965336,1.0758198345171346,-0.793063059777156,0.594467859187472,-0.5840544201902818,0.996420460192874,-1.1419825455398287,1.0214348016819546,-0.08874135707962587,2.5845965465809306,0.8204707185289954,0.7387925613067446,0.22407741776465057,0.18216068651210132,0.22690495097095068,-0.5747000766730589
-1.1376331135711382,1.2024105301679762,0.19415535963106031,-0.14334832788231977,-0.5189085600207383,0.6587957532443647,0.13891749725612593,-0.8987343644361662,-0.36463592782385046,-0.2908984774437989,0.01817457575767694,0.9169692885437203,-0.14754671834225236,-0.38039489028891793,-0.08809973274423352,-0.4405248825223814,1.1799730764981546,0.26289381052436267,0.6873385448224618,-1.5648492560721592,-0.5921171847287995,0.37204446268032465,-0.37853327013015386,-0.6238814566938392,-1.096446330547944,-0.9049628332844071,0.2007140777940893,1.3609527456442068,0.03612997301323304,0.2152616417754689,-0.8604059622006631,0.6952617704583443,-0.4674803484776406,-0.23742520368670067,-1.1261364133192902,0.8837085413647902,-0.34354133437785556,-0.001317234709664049,-1.9250191316575913,-0.2975023884875565,-1.278842599831891,0.571600380880021,0.1183379600159185,0.04452241797264225,0.9620577862936095
-0.9705877550014894,0.19415535963106031,1.5215599437424019,-1.5636075131530593,0.9182460070951176,-1.1031931282332266,-0.6998803519130853,-0.20554558478637222,-0.5718199035599205,-0.23757887993801644,0.44935853464222253,-0.4863867581767119,0.6893929727831039,-0.04299009167568716,-1.6044037519661352,0.2401551546035507,1.23148224404031,0.36506170948820593,-0.6000740860741544,-1.774407853409915,0.9307611297453486,0.15193939365240677,-0.17202355706235595,-1.3371509602197906,-0.6406338505862014,0.4816980380917016,1.2536221316500842,0.39556560802559537,0.4252944565400602,1.2046824850549867,-0.11413284732472993,0.49936322848828996,0.1357387039627612,0.18144369437893734,-0.0861764430737067,0.19025211544934273,0.3224396459881518,-0.027564085644010534,-1.5843770948741562,0.364059321055163,0.12502656651568067,-0.3518293430326133,0.30258487782281124,-0.22580755342556547,0.27815777756744203
0.8981252115567904,-0.14334832788231977,-1.5636075131530593,1.617082454855238,-0.9295179996725665,1.1659522724551727,0.7475683772411811,0.10477405229870063,0.49787311081232505,0.1685872223198731,-0.45198798807713003,0.6333227864340353,-0.7601697061784061,0.15195654840362247,1.8189720554522963,-0.3922771908702677,-1.327684451962787,-0.39640038644849007,0.5923046097928694,1.8086895676803185,-1.1338596880913878,-0.2714579047063949,0.13598615490445926,1.3632830858194285,0.5329971407861426,-0.5147237074069775,-1.2643714586675503,-0.36994975922580065,-0.4660917081412936,-1.2715007112641477,0.03601252702410044,-0.4933335713747579,-0.20188274527826405,-0.09575255562076772,0.03812412122953525,-0.11270676709015326,-0.483110317166317,0.04398238684107463,1.5324625308006,-0.5031886601458321,-0.14615401991910457,0.3119825729333246,-0.373229362646141,0.21380578447388637,-0.30126479407583673
-0.3366459071392263,-0.5189085600207383,0.9182460070951176,-0.9295179996725665,1.158243894016776,-1.1320245651448297,-0.4433091650679187,-0.03280695750246809,-0.6320615782880107,-0.37262821696177295,0.3606496989191309,-0.31360379921189935,0.3059120721213292,0.9131246366825289,-0.06602669400785792,-0.32160258082099275,-0.4596671917025855,-0.08159058394483647,-1.1310613518140724,-0.06016871207451535,0.10475295147788323,-0.8733330081351676,-0.050596673869089996,-0.49881959328780473,-0.28952800976252013,0.9673390984297281,0.8632136518486605,-0.6212988994582037,0.10129104797370786,0.48005361442454897,0.14809238255642745,-0.10009946415232128,0.1136131309090239,0.8547943316315267,0.5664989917047082,-0.10433420113246183,-0.3796251786173317,0.07331859416107682,-0.10484327606392853,-0.2548690516009963,1.0332507049436075,-1.0082258314463814,-0.24781955469376718,-0.3033066057988582,-0.6820669824531528
0.054804105760325676,0.6587957532443647,-1.1031931282332266,1.1659522724551727,-1.1320245651448297,1.3472878466786713,0.6488938767559276,-0.3932074067933356,0.27523438574686404,0.044164099123452205,-0.36141059855597096,0.9502222230023181,-0.6284128761419066,-0.32060587213920533,1.1150384749145177,-0.3988516603840285,-0.1125611419393168,-0.09338883923385016,1.0007846353493093,0.33979315321489273,-1.046501876611636,0.23151379185372786,-0.09898061037706889,0.6533869132787201,-0.16491841757121914,-1.0258323970595493,-0.8982452759355346,0.6230476649061364,-0.29887493748141003,-0.8034513723970063,-0.4598745789711722,0.07470736901800407,-0.3971966134596107,-0.3882677823269971,-0.696787597339247,0.4132351735269147,-0.3917443776740995,0.00944968232472053,-0.01054588043833519,-0.4103198771844236,-1.0038794702439011,0.7347631436901078,-0.11412625275827769,0.23033230789124706,0.4735465169851114
0.1327294445769836,0.13891749725612593,-0.6998803519130853,0.7475683772411811,-0.4433091650679187,0.6488938767559276,0.40635764876520614,-0.22382169955324402,0.03189028103800327,-0.0865624947007963,-0.18744855046572004,0.6132968741403914,-0.4559737292348805,0.23644315023887136,1.1397251872960088,-0.48499906682556687,-0.623702051311915,-0.19868845301818172,0.284104947134474,0.6698213677365987,-0.8962157372387733,-0.30578903660918233,-0.044730944377860266,0.552085862686794,-0.07911804920559302,-0.3481181968814713,-0.5181964871693854,0.012240205034462092,-0.2640214903775159,-0.6261486040687819,-0.20565714307656852,-0.1310032739435903,-0.24679945599037836,0.10350807230685717,-0.17011950348334037,0.1753065946316457,-0.5300353714364872,0.04890803889633093,0.3637589905335163,-0.4935081081210655,-0.2069264631952809,0.09947243691640477,-0.2758885765833701,0.06802610234604126,-0.08564856330868982
1.3176327869077202,-0.8987343644361662,-0.20554558478637222,0.10477405229870063,-0.03280695750246809,-0.3932074067933356,-0.22382169955324402,1.2285638333483426,0.9417676941636016,0.7648905827833639,-0.131336352846353,-1.4017613545799068,0.4275758285240299,-0.7908724036159078,-1.2776442398600376,1.3684267765487963,0.024566308628818583,0.06037546331956571,0.03484367934657191,0.811609339465153,1.6276362165123703,0.848040923542479,0.4907541795188523,0.42408725993789215,1.4961911003442,0.4253748618302759,-0.3872398911523071,-0.8023672492782002,0.19691966421159274,0.10342556275165897,0.9920432072574841,-0.4473406145371406,0.67659262062968,-0.7133158071037256,0.8142415190078804,-1.019923329122309,1.382168143646682,-0.13085846118364206,1.6060926088524126,1.16893750476755,0.5654346345485142,0.2660294230797584,0.4651105794383303,0.16204565079621627,-0.21429429459723012
1.1251400325277725,-0.36463592782385046,-0.5718199035599205,0.49787311081232505,-0.6320615782880107,0.27523438574686404,0.03189028103800327,0.9417676941636016,1.0455900790740884,0.7851452630151692,-0.2757332277987002,-0.9277209541884496,0.20420781294475954,-1.1477566256185707,-1.072815064442979,1.2566974997147111,0.39358838041641603,0.12499121888819463,0.6442716638442876,0.5073836073445878,1.261103582630282,1.177122110224614,0.3907930131330741,0.5067417869642145,1.2615655051249404,-0.20552548293704925,-0.7007660300511158,-0.213562949916365,0.1264805625841805,-0.103318124164359,0.6617101395081189,-0.24111991180734324,0.461771969850359,-1.035154409917896,0.28097047263227204,-0.7024890057981867,1.308377173179902,-0.14569959741858787,1.1573587297111123,1.075107896147147,-0.16725492909264386,0.7693750956309114,0.5274739645478033,0.2841125883159238,0.26224649751920437
0.7998016875307911,-0.2908984774437989,-0.23757887993801644,0.1685872223198731,-0.37262821696177295,0.044164099123452205,-0.0865624947007963,0.7648905827833639,0.7851452630151692,0.6202595756902958,-0.15852058229944557,-0.8632209396520605,0.2815480178039003,-0.9564315580570799,-1.1461160129684664,1.0907936776807874,0.5050894991961338,0.15796041142425707,0.4307109937353989,0.1645669416305958,1.2062862554333205,0.9982821698464355,0.30372807996917656,0.21915699311160505,0.9650657348357256,-0.08099644832983105,-0.38750421344994745,-0.1356034802883534,0.1721911107841059,0.10181252811748277,0.5456976602825758,-0.13201537525134985,0.412964877242467,-0.8292696250357805,0.23723266278374147,-0.5679229218882734,1.1453954869565506,-0.12563143938007104,0.741171479556839,0.957133166989831,-0.10005397225938273,0.5759703277400958,0.48525827747020384,0.2000003378825536,0.24785814554192034
-0.3311951960186558,0.01817457575767694,0.44935853464222253,-0.45198798807713003,0.3606496989191309,-0.36141059855597096,-0.18744855046572004,-0.131336352846353,-0.2757332277987002,-0.15852058229944557,0.15192681783029252,-0.0428014474467151,0.14919539789653047,0.19291099303936662,-0.22461202966980834,-0.10246803316073143,0.15913262911855558,0.05209612194844384,-0.2960544873838286,-0.4040730994513444,0.07801762670709465,-0.169956463967293,-0.07549388264096699,-0.36322290430953336,-0.27370640309178124,0.21495046017794966,0.40261353725351057,0.033335098618680586,0.08289225754655072,0.2976891327969723,-0.06848083716587852,0.11065337748693856,-0.0041408194607705,0.22077285027094257,0.015876072129307035,0.09186501124395192,-0.09703314500003524,0.01568492978135667,-0.43139247980311146,-0.0542020118548966,0.147748704039397,-0.24579442846637495,-0.014863971580507788,-0.1025379790729559,-0.040301095974497575
-1.1154307904840484,0.9169692885437203,-0.4863867581767119,0.6333227864340353,-0.31360379921189935,0.9502222230023181,0.6132968741403914,-1.4017613545799068,-0.9277209541884496,-0.8632209396520605,-0.0428014474467151,1.9628453569499769,-0.8796368399207579,1.1403970054531203,2.494642332432828,-1.8764703404172214,-0.8133739405742999,-0.2982418131745028,0.1311081956430888,0.01638626506938487,-2.530654107394364,-1.267885800959471,-0.5136469607919268,0.1742625004833973,-1.5194528320989773,-0.655448580724325,-0.11559527533130018,0.665844836500676,-0.47356312919164506,-0.7512746152391905,-1.135172764106231,0.24756901959065733,-0.895882303887445,0.9058915330561229,-0.8679375856407983,1.1322159960631022,-1.949926729331116,0.18862192244366618,-1.0805912035906493,-1.6918504569490274,-0.6117420191554009,-0.27896177035577596,-0.7868682011234255,-0.11567714655697225,-0.001022876910853932
0.034919580624636015,-0.14754671834225236,0.6893929727831039,-0.7601697061784061,0.3059120721213292,-0.6284128761419066,-0.4559737292348805,0.4275758285240299,0.20420781294475954,0.2815480178039003,0.14919539789653047,-0.8796368399207579,0.5756745149577106,-0.6155253430431665,-1.629573073774403,0.8599096311559462,0.945924441194163,0.29073740849021107,-0.10004901924704108,-0.7984188186112039,1.3299822424429817,0.7039354681736745,0.12035656114367896,-0.5728776339440318,0.323524340845291,0.2706449695765156,0.4426230421846006,0.05578517460025401,0.3467881675436351,0.7282185745007177,0.335999186371591,0.15492987778607684,0.36813867162253905,-0.4164242708945537,0.16923167884575588,-0.3089275154186818,0.9354337896466588,-0.09596280048369503,-0.30110178153346806,0.8353368922853651,0.08015452401835615,0.13901570346490985,0.474044326189336,-8.892749301159953e-4,0.2590878423042354
-0.4937411830659696,-0.38039489028891793,-0.04299009167568716,0.15195654840362247,0.9131246366825289,-0.32060587213920533,0.23644315023887136,-0.7908724036159078,-1.1477566256185707,-0.9564315580570799,0.19291099303936662,1.1403970054531203,-0.6155253430431665,2.2030553350075324,2.7371160172187503,-1.89533743995653,-2.1992535723823203,-0.6024010996016105,-1.233639814504164,1.2897567306017514,-2.1775166142541846,-2.3064193294005184,-0.27570433688232787,0.3610960132935076,-0.9339241658242238,0.7312739306569302,0.31540201412940455,-0.8586495556218118,-0.47321378599531483,-0.6578761313092122,-0.40575236644130014,-0.3857820474366158,-0.5002260564506493,1.78704558362059,0.40319444425881357,0.41386360144849466,-2.09755987569483,0.2577667366943188,0.3691754987757637,-1.7678065265987823,1.1393478562259591,-1.4951026222036639,-1.1291112777150834,-0.3772299804874849,-1.2908614402441898
-0.1828363794778917,-0.08809973274423352,-1.6044037519661352,1.8189720554522963,-0.06602669400785792,1.1150384749145177,1.1397251872960088,-1.2776442398600376,-1.072815064442979,-1.1461160129684664,-0.22461202966980834,2.494642332432828,-1.629573073774403,2.7371160172187503,5.279313944123595,-2.9712385580988507,-3.606868353787433,-1.0491535787161987,-0.6117042466146049,2.8045194770832342,-4.1673952978461974,-2.9949006691649043,-0.37033859268276775,1.599654955207578,-1.095830675134203,-0.030707467270920222,-0.8411216431536838,-0.8511547940217588,-1.0621700270999175,-2.0559953948590466,-0.8522181346770104,-0.6875853272013832,-1.0438692375899472,2.022647523114228,0.04037793374928523,0.7924155820951215,-3.275304472572053,0.3669612548285849,1.206393804158578,-2.8645128708833743,0.6974166462985004,-1.2829964152413595,-1.746302908480141,-0.22673021309160238,-1.4962596578544127
1.0785307243578568,-0.4405248825223814,0.2401551546035507,-0.3922771908702677,-0.32160258082099275,-0.3988516603840285,-0.48499906682556687,1.3684267765487963,1.2566974997147111,1.0907936776807874,-0.10246803316073143,-1.8764703404172214,0.8599096311559462,-1.89533743995653,-2.9712385580988507,2.221970442890417,1.5851794756914377,0.4832573556609996,0.5857944322148345,-0.5409238765520257,2.758712528481964,2.026539296146517,0.5012910365564359,-0.20494485676414403,1.5530272292741873,0.034706015516738804,-0.17455645026517314,-0.040690275718383635,0.5315001835024714,0.7570216851824376,0.9843560645415779,-0.0068394707080633756,0.8523981300110096,-1.54025778469405,0.38778192671889067,-0.9920560178957897,2.369076379411778,-0.25748641095421065,0.6585839537744905,2.0227125008413647,-0.17747856857032487,0.9789722824124186,1.0879337910598579,0.28768345932412337,0.6403625796146585
-0.9208951805866581,1.1799730764981546,1.23148224404031,-1.327684451962787,-0.4596671917025855,-0.1125611419393168,-0.623702051311915,0.024566308628818583,0.39358838041641603,0.5050894991961338,0.15913262911855558,-0.8133739405742999,0.945924441194163,-2.1992535723823203,-3.606868353787433,1.5851794756914377,3.508776867620071,0.9453464713352447,1.0673503125814596,-3.316958268886467,2.235245540291034,2.36291242656861,-0.10095954529265291,-1.633979566220657,-0.27393712780846274,-0.8355817458921723,0.7287875175082568,1.8382948666762722,0.7407911276123096,1.5620208859427525,-0.22812660782482466,1.1033423643650766,0.26338512849795487,-1.5887049096654893,-1.0786930257874332,0.2886584213095737,1.879087498161709,-0.247936849183557,-2.58084527539045,1.644490386694554,-1.6685825770971883,1.4063457505699601,1.2811901201907128,0.19905215209141472,1.9023162941828966
-0.20705771912674514,0.26289381052436267,0.36506170948820593,-0.39640038644849007,-0.08159058394483647,-0.09338883923385016,-0.19868845301818172,0.06037546331956571,0.12499121888819463,0.15796041142425707,0.05209612194844384,-0.2982418131745028,0.29073740849021107,-0.6024010996016105,-1.0491535787161987,0.4832573556609996,0.9453464713352447,0.2587854113674633,0.24944902029004906,-0.8759717635762527,0.6900867913068186,0.6514285329127869,-0.007760627677629179,-0.44905331356439593,-0.019730327883159305,-0.17179068380202095,0.2168560367780643,0.4437264987438743,0.21603102483435982,0.45215480820381493,-0.012339421336188325,0.2786822801343633,0.10701204637151215,-0.4337719290812849,-0.23700509887663082,0.029434770770145165,0.5621922667342679,-0.07095056411597561,-0.6402910538122792,0.4932529614877604,-0.3914170591440295,0.3576521709698075,0.3624052857148157,0.04980871459409353,0.48517470816796987
0.13340549455798761,0.6873385448224618,-0.6000740860741544,0.5923046097928694,-1.1310613518140724,1.0007846353493093,0.284104947134474,0.03484367934657191,0.6442716638442876,0.4307109937353989,-0.2960544873838286,0.1311081956430888,-0.10004901924704108,-1.233639814504164,-0.6117042466146049,0.5857944322148345,1.0673503125814596,0.24944902029004906,1.2195263077022287,-0.56196351611887,0.3219156076611603,1.2281752917718893,0.02717555812424242,0.14672871316966493,0.21124951096697367,-1.028381460949907,-0.6439551539929277,0.9022201336036151,0.04640016710347403,-0.14288084669743087,-0.17556349298773835,0.29527181131327646,-0.053223473517126293,-1.067411318069563,-0.7115106766994723,0.14730499025398627,0.6928242904959535,-0.11235970146508227,-0.38433870270376996,0.5364747988051191,-1.2426799082534479,1.1717782021615715,0.4621723273535928,0.3109027981188047,0.9692928561382249
1.954407231068591,-1.5648492560721592,-1.774407853409915,1.8086895676803185,-0.06016871207451535,0.33979315321489273,0.6698213677365987,0.811609339465153,0.5073836073445878,0.1645669416305958,-0.4040730994513444,0.01638626506938487,-0.7984188186112039,1.2897567306017514,2.8045194770832342,-0.5409238765520257,-3.316958268886467,-0.8759717635762527,-0.56196351611887,3.9082623598036172,-1.2062696361549359,-1.433459784857083,0.4519298439795882,2.1444361330219457,1.402237250406743,0.7074346878143698,-1.3661422215802765,-2.1187969029747,-0.6577693515714155,-1.710868042211054,0.8294707929735868,-1.3667771483010118,0.13849091216859424,0.7522609416716342,1.3857703265092567,-0.927991303668897,-0.802502528783925,0.13031097813367332,3.718216068452855,-0.7629881900936185,1.6112228405555815,-0.8016417845995533,-0.8713103237802369,0.03924279752162774,-1.763426865296116
0.9817351865105128,-0.5921171847287995,0.9307611297453486,-1.1338596880913878,0.10475295147788323,-1.046501876611636,-0.8962157372387733,1.6276362165123703,1.261103582630282,1.2062862554333205,0.07801762670709465,-2.530654107394364,1.3299822424429817,-2.1775166142541846,-4.1673952978461974,2.758712528481964,2.235245540291034,0.6900867913068186,0.3219156076611603,-1.2062696361549359,3.712888534028653,2.3801779454352086,0.5599469899925994,-0.748727136191098,1.6763552118615475,0.37889471839073013,0.32692679189159124,-0.05787010320835146,0.8042363240351391,1.3896387411436106,1.215136079128066,0.11902769692376951,1.1186188434790982,-1.683082042172676,0.5682182177205116,-1.1934274702636538,2.9536185222570808,-0.3123914096575339,0.3266346016666702,2.5618791747655085,0.023899021157403316,0.9068327669594768,1.3873160625548668,0.22891126005628992,0.7388324171705701
0.48690960520404325,0.37204446268032465,0.15193939365240677,-0.2714579047063949,-0.8733330081351676,0.23151379185372786,-0.30578903660918233,0.848040923542479,1.177122110224614,0.9982821698464355,-0.169956463967293,-1.267885800959471,0.7039354681736745,-2.3064193294005184,-2.9949006691649043,2.026539296146517,2.36291242656861,0.6514285329127869,1.2281752917718893,-1.433459784857083,2.3801779454352086,2.423544574364542,0.29044225499598525,-0.45750409637032735,0.9729664604045879,-0.7010636886609057,-0.24516543469257984,0.8843938652645947,0.5280892420430836,0.7741266620250821,0.4485328278355419,0.4183950982489567,0.5526564392471265,-1.8572586110839922,-0.3906503739976272,-0.45220630355406916,2.2419109295074575,-0.27306677297344156,-0.4385160567006522,1.8966355942102169,-1.1435995735106517,1.5257454263452799,1.2057399253534304,0.37824925230905587,1.3442139803723254
0.5764066375642404,-0.37853327013015386,-0.17202355706235595,0.13598615490445926,-0.050596673869089996,-0.09898061037706889,-0.044730944377860266,0.4907541795188523,0.3907930131330741,0.30372807996917656,-0.07549388264096699,-0.5136469607919268,0.12035656114367896,-0.27570433688232787,-0.37033859268276775,0.5012910365564359,-0.10095954529265291,-0.007760627677629179,0.02717555812424242,0.4519298439795882,0.5599469899925994,0.29044225499598525,0.20199946018231502,0.2545425573706191,0.6209659599134196,0.1554316938666627,-0.2229114574634609,-0.36010579329204684,0.0457774808710938,-0.04048435612518229,0.39737421289630576,-0.21539431477569806,0.25459460084185404,-0.2650552903532236,0.3387471597824662,-0.41285376033194726,0.4984153610026539,-0.04631747046373548,0.7431985182051981,0.4163028337750238,0.23965286274108424,0.10077375134333597,0.14889781978937877,0.07150033829911959,-0.12504008145480902
1.1706030441527437,-0.6238814566938392,-1.3371509602197906,1.3632830858194285,-0.49881959328780473,0.6533869132787201,0.552085862686794,0.42408725993789215,0.5067417869642145,0.21915699311160505,-0.36322290430953336,0.1742625004833973,-0.5728776339440318,0.3610960132935076,1.599654955207578,-0.20494485676414403,-1.633979566220657,-0.44905331356439593,0.14672871316966493,2.1444361330219457,-0.748727136191098,-0.45750409637032735,0.2545425573706191,1.3649364239366009,0.8439277891500881,-0.013769070720174416,-1.0860968299131408,-0.8889996717964799,-0.4069075318321103,-1.134309074409254,0.36754882235054975,-0.6965841381481939,0.01136700668982469,0.08776938330538077,0.5088699840867196,-0.438421433078275,-0.3253569934926557,0.045527985696515456,2.036194661425543,-0.3480464442307571,0.45128921721972093,-0.040595616897335526,-0.3907433513602209,0.13924336075342106,-0.6860027234241299
1.7988829071355505,-1.096446330547944,-0.6406338505862014,0.5329971407861426,-0.28952800976252013,-0.16491841757121914,-0.07911804920559302,1.4961911003442,1.2615655051249404,0.9650657348357256,-0.27370640309178124,-1.5194528320989773,0.323524340845291,-0.9339241658242238,-1.095830675134203,1.5530272292741873,-0.27393712780846274,-0.019730327883159305,0.21124951096697367,1.402237250406743,1.6763552118615475,0.9729664604045879,0.6209659599134196,0.8439277891500881,1.9247351996766202,0.36220218601555193,-0.7856762044387215,-1.0322638410314733,0.12248148057174782,-0.19027670029591548,1.192149993994677,-0.6499462547490428,0.7590014321119649,-0.8983844598520774,0.9691261230663352,-1.2448408838678793,1.5494010371817748,-0.1480670230301431,2.288753411944113,1.2862253119315676,0.6156334712528991,0.4182726837347451,0.4744591088318643,0.2524647296667761,-0.3105374074016747
0.3475127470923977,-0.9049628332844071,0.4816980380917016,-0.5147237074069775,0.9673390984297281,-1.0258323970595493,-0.3481181968814713,0.4253748618302759,-0.20552548293704925,-0.08099644832983105,0.21495046017794966,-0.655448580724325,0.2706449695765156,0.7312739306569302,-0.030707467270920222,0.034706015516738804,-0.8355817458921723,-0.17179068380202095,-1.028381460949907,0.7074346878143698,0.37889471839073013,-0.7010636886609057,0.1554316938666627,-0.013769070720174416,0.36220218601555193,1.0373948752801223,0.43981117980593704,-1.0405502930494646,0.051482978341609094,0.2040193925992207,0.5156107720183184,-0.39600685839033783,0.3042064962919462,0.6301308191127228,0.8974618124646245,-0.4996005108411402,-0.04640836440320503,0.04356975327165721,0.8652311669941981,0.0055440704453945415,1.255561590231309,-0.8920887539654431,-0.19956585508833521,-0.20730470157515463,-0.8797584062727585
-0.9821731102919133,0.2007140777940893,1.2536221316500842,-1.2643714586675503,0.8632136518486605,-0.8982452759355346,-0.5181964871693854,-0.3872398911523071,-0.7007660300511158,-0.38750421344994745,0.40261353725351057,-0.11559527533130018,0.4426230421846006,0.31540201412940455,-0.8411216431536838,-0.17455645026517314,0.7287875175082568,0.2168560367780643,-0.6439551539929277,-1.3661422215802765,0.32692679189159124,-0.24516543469257984,-0.2229114574634609,-1.0860968299131408,-0.7856762044387215,0.43981117980593704,1.0978303538525367,0.2960875797185048,0.2681977007238815,0.8891180101327275,-0.24178818984105643,0.4034769179845436,-0.01861579523649821,0.4390662864060272,-0.10159430584525148,0.30752316793023177,-0.13388273445611337,0.022380520786162532,-1.4041355260424457,-0.03810436346704633,0.18585145459041263,-0.4971769786057649,0.060739649354722654,-0.24644066427787759,0.08863355332059522
-1.206108639058849,1.3609527456442068,0.39556560802559537,-0.36994975922580065,-0.6212988994582037,0.6230476649061364,0.012240205034462092,-0.8023672492782002,-0.213562949916365,-0.1356034802883534,0.033335098618680586,0.665844836500676,0.05578517460025401,-0.8586495556218118,-0.8511547940217588,-0.040690275718383635,1.8382948666762722,0.4437264987438743,0.9022201336036151,-2.1187969029747,-0.05787010320835146,0.8843938652645947,-0.36010579329204684,-0.8889996717964799,-1.0322638410314733,-1.0405502930494646,0.2960875797185048,1.6500436998602896,0.18686362198311865,0.5065144825334125,-0.830790893587053,0.867855871437516,-0.3697499561827384,-0.5959525975764256,-1.2727897224782703,0.862688738826564,0.1125545018916259,-0.05795885684783726,-2.282791186625362,0.09764171912039461,-1.5593197454816052,0.8649834665980534,0.393665220903217,0.09733977266075848,1.3075405735602197
-0.06644337456112621,0.03612997301323304,0.4252944565400602,-0.4660917081412936,0.10129104797370786,-0.29887493748141003,-0.2640214903775159,0.19691966421159274,0.1264805625841805,0.1721911107841059,0.08289225754655072,-0.47356312919164506,0.3467881675436351,-0.47321378599531483,-1.0621700270999175,0.5315001835024714,0.7407911276123096,0.21603102483435982,0.04640016710347403,-0.6577693515714155,0.8042363240351391,0.5280892420430836,0.0457774808710938,-0.4069075318321103,0.12248148057174782,0.051482978341609094,0.2681977007238815,0.18686362198311865,0.22387676458443537,0.4712659478809626,0.13321628712345684,0.16810114874794826,0.1913243041432278,-0.32854820173409954,-0.01716814508190759,-0.11542714094998129,0.5918257829133813,-0.06552134534070976,-0.36607084938000817,0.5257129342481112,-0.10895415704985995,0.18565142816410923,0.3289306996576569,0.016534857099249272,0.2850333247306651
-0.5765636961965336,0.2152616417754689,1.2046824850549867,-1.2715007112641477,0.48005361442454897,-0.8034513723970063,-0.6261486040687819,0.10342556275165897,-0.103318124164359,0.10181252811748277,0.2976891327969723,-0.7512746152391905,0.7282185745007177,-0.6578761313092122,-2.0559953948590466,0.7570216851824376,1.5620208859427525,0.45215480820381493,-0.14288084669743087,-1.710868042211054,1.3896387411436106,0.7741266620250821,-0.04048435612518229,-1.134309074409254,-0.19027670029591548,0.2040193925992207,0.8891180101327275,0.5065144825334125,0.4712659478809626,1.1323456625159527,0.06223667971500724,0.47787750422260333,0.2709533080012014,-0.3658976395708072,-0.1397777009967861,-0.0054892970905427935,0.8766966441768707,-0.09648078721528626,-1.2794343027499173,0.8119970161089547,-0.18068216121350883,0.13340503480486426,0.5615103372077246,-0.07041237556329305,0.5553295190505405
1.0758198345171346,-0.8604059622006631,-0.11413284732472993,0.03601252702410044,0.14809238255642745,-0.4598745789711722,-0.20565714307656852,0.9920432072574841,0.6617101395081189,0.5456976602825758,-0.06848083716587852,-1.135172764106231,0.335999186371591,-0.40575236644130014,-0.8522181346770104,0.9843560645415779,-0.22812660782482466,-0.012339421336188325,-0.17556349298773835,0.8294707929735868,1.215136079128066,0.4485328278355419,0.39737421289630576,0.36754882235054975,1.192149993994677,0.5156107720183184,-0.24178818984105643,-0.830790893587053,0.13321628712345684,0.06223667971500724,0.8369982037699695,-0.4354945588984854,0.5499706348013566,-0.3831315534507954,0.7925200594475066,-0.8572188896765721,0.9722024469161831,-0.08344218098723277,1.4292678161722576,0.8278232082190106,0.6826386273719285,0.009852734633357363,0.27673398577825403,0.08160129933546768,-0.3645803655097911
-0.793063059777156,0.6952617704583443,0.49936322848828996,-0.4933335713747579,-0.10009946415232128,0.07470736901800407,-0.1310032739435903,-0.4473406145371406,-0.24111991180734324,-0.13201537525134985,0.11065337748693856,0.24756901959065733,0.15492987778607684,-0.3857820474366158,-0.6875853272013832,-0.0068394707080633756,1.1033423643650766,0.2786822801343633,0.29527181131327646,-1.3667771483010118,0.11902769692376951,0.4183950982489567,-0.21539431477569806,-0.6965841381481939,-0.6499462547490428,-0.39600685839033783,0.4034769179845436,0.867855871437516,0.16810114874794826,0.47787750422260333,-0.4354945588984854,0.5165606826853955,-0.16212428037161114,-0.22021920078145762,-0.6300578094216283,0.4665766673892639,0.08065870345087578,-0.02898123588964172,-1.4255483398128934,0.0879894489385176,-0.7132059476530165,0.32236222346037274,0.23178449874306206,-0.005260483246018965,0.6691276433171134
0.594467859187472,-0.4674803484776406,0.1357387039627612,-0.20188274527826405,0.1136131309090239,-0.3971966134596107,-0.24679945599037836,0.67659262062968,0.461771969850359,0.412964877242467,-0.0041408194607705,-0.895882303887445,0.36813867162253905,-0.5002260564506493,-1.0438692375899472,0.8523981300110096,0.26338512849795487,0.10701204637151215,-0.053223473517126293,0.13849091216859424,1.1186188434790982,0.5526564392471265,0.25459460084185404,0.01136700668982469,0.7590014321119649,0.3042064962919462,-0.01861579523649821,-0.3697499561827384,0.1913243041432278,0.2709533080012014,0.5499706348013566,-0.16212428037161114,0.4150318121165015,-0.4106294575835184,0.4370913594810453,-0.5533305222986256,0.8779916895494625,-0.08388978367350564,0.6379252729059514,0.7574807077996648,0.3158684900802645,0.12378057532892778,0.336391805449371,0.0622417957601284,-0.047893275654352786
-0.5840544201902818,-0.23742520368670067,0.18144369437893734,-0.09575255562076772,0.8547943316315267,-0.3882677823269971,0.10350807230685717,-0.7133158071037256,-1.035154409917896,-0.8292696250357805,0.22077285027094257,0.9058915330561229,-0.4164242708945537,1.78704558362059,2.022647523114228,-1.54025778469405,-1.5887049096654893,-0.4337719290812849,-1.067411318069563,0.7522609416716342,-1.683082042172676,-1.8572586110839922,-0.2650552903532236,0.08776938330538077,-0.8983844598520774,0.6301308191127228,0.4390662864060272,-0.5959525975764256,-0.32854820173409954,-0.3658976395708072,-0.3831315534507954,-0.22021920078145762,-0.4106294575835184,1.4821583021926332,0.274021993365976,0.4011817262786111,-1.6910593983960742,0.20772219142732504,0.008374066032746324,-1.4128461751718555,0.9011159679793895,-1.2525652286756843,-0.8804395056812142,-0.3388389959170689,-0.9827895514967271
0.996420460192874,-1.1261364133192902,-0.0861764430737067,0.03812412122953525,0.5664989917047082,-0.696787597339247,-0.17011950348334037,0.8142415190078804,0.28097047263227204,0.23723266278374147,0.015876072129307035,-0.8679375856407983,0.16923167884575588,0.40319444425881357,0.04037793374928523,0.38778192671889067,-1.0786930257874332,-0.23700509887663082,-0.7115106766994723,1.3857703265092567,0.5682182177205116,-0.3906503739976272,0.3387471597824662,0.5088699840867196,0.9691261230663352,0.8974618124646245,-0.10159430584525148,-1.2727897224782703,-0.01716814508190759,-0.1397777009967861,0.7925200594475066,-0.6300578094216283,0.4370913594810453,0.274021993365976,1.0618498690424034,-0.8093797675111306,0.2974418290544323,0.005137534906765527,1.716228802536073,0.2640742353818629,1.2350543396362348,-0.592599856149712,-0.11669127069005876,-0.06456871574770254,-0.9148533065462032
-1.1419825455398287,0.8837085413647902,0.19025211544934273,-0.11270676709015326,-0.10433420113246183,0.4132351735269147,0.1753065946316457,-1.019923329122309,-0.7024890057981867,-0.5679229218882734,0.09186501124395192,1.1322159960631022,-0.3089275154186818,0.41386360144849466,0.7924155820951215,-0.9920560178957897,0.2886584213095737,0.029434770770145165,0.14730499025398627,-0.927991303668897,-1.1934274702636538,-0.45220630355406916,-0.41285376033194726,-0.438421433078275,-1.2448408838678793,-0.4996005108411402,0.30752316793023177,0.862688738826564,-0.11542714094998129,-0.0054892970905427935,-0.8572188896765721,0.4665766673892639,-0.5533305222986256,0.4011817262786111,-0.8093797675111306,0.8815125994222683,-0.9760017359500794,0.08389190115159094,-1.5299804412782398,-0.826657708788647,-0.6862079864118269,-0.029515885091281568,-0.268351049504678,-0.09457229731494729,0.38226295932481175
1.0214348016819546,-0.34354133437785556,0.3224396459881518,-0.483110317166317,-0.3796251786173317,-0.3917443776740995,-0.5300353714364872,1.382168143646682,1.308377173179902,1.1453954869565506,-0.09703314500003524,-1.949926729331116,0.9354337896466588,-2.09755987569483,-3.275304472572053,2.369076379411778,1.879087498161709,0.5621922667342679,0.6928242904959535,-0.802502528783925,2.9536185222570808,2.2419109295074575,0.4984153610026539,-0.3253569934926557,1.5494010371817748,-0.04640836440320503,-0.13388273445611337,0.1125545018916259,0.5918257829133813,0.8766966441768707,0.9722024469161831,0.08065870345087578,0.8779916895494625,-1.6910593983960742,0.2974418290544323,-0.9760017359500794,2.5412631649640915,-0.2801392370410456,0.4649225585832242,2.17167195049722,-0.3262824536005066,1.1135560089440173,1.2008025136158886,0.31067155640576255,0.8052346720559597
-0.08874135707962587,-0.001317234709664049,-0.027564085644010534,0.04398238684107463,0.07331859416107682,0.00944968232472053,0.04890803889633093,-0.13085846118364206,-0.14569959741858787,-0.12563143938007104,0.01568492978135667,0.18862192244366618,-0.09596280048369503,0.2577667366943188,0.3669612548285849,-0.25748641095421065,-0.247936849183557,-0.07095056411597561,-0.11235970146508227,0.13031097813367332,-0.3123914096575339,-0.27306677297344156,-0.04631747046373548,0.045527985696515456,-0.1480670230301431,0.04356975327165721,0.022380520786162532,-0.05795885684783726,-0.06552134534070976,-0.09648078721528626,-0.08344218098723277,-0.02898123588964172,-0.08388978367350564,0.20772219142732504,0.005137534906765527,0.08389190115159094,-0.2801392370410456,0.032394083476660784,-0.0022442643080235734,-0.2382653554096865,0.08572963739901489,-0.1544220211516216,-0.14084948065404979,-0.04035295220073081,-0.1255635256100655
2.5845965465809306,-1.9250191316575913,-1.5843770948741562,1.5324625308006,-0.10484327606392853,-0.01054588043833519,0.3637589905335163,1.6060926088524126,1.1573587297111123,0.741171479556839,-0.43139247980311146,-1.0805912035906493,-0.30110178153346806,0.3691754987757637,1.206393804158578,0.6585839537744905,-2.58084527539045,-0.6402910538122792,-0.38433870270376996,3.718216068452855,0.3266346016666702,-0.4385160567006522,0.7431985182051981,2.036194661425543,2.288753411944113,0.8652311669941981,-1.4041355260424457,-2.282791186625362,-0.36607084938000817,-1.2794343027499173,1.4292678161722576,-1.4255483398128934,0.6379252729059514,0.008374066032746324,1.716228802536073,-1.5299804412782398,0.4649225585832242,-0.0022442643080235734,4.194378765884659,0.3249965149139551,1.6854428032663444,-0.39473960986630324,-0.3138775978366003,0.1666045256720702,-1.538868973104984
0.8204707185289954,-0.2975023884875565,0.364059321055163,-0.5031886601458321,-0.2548690516009963,-0.4103198771844236,-0.4935081081210655,1.16893750476755,1.075107896147147,0.957133166989831,-0.0542020118548966,-1.6918504569490274,0.8353368922853651,-1.7678065265987823,-2.8645128708833743,2.0227125008413647,1.644490386694554,0.4932529614877604,0.5364747988051191,-0.7629881900936185,2.5618791747655085,1.8966355942102169,0.4163028337750238,-0.3480464442307571,1.2862253119315676,0.0055440704453945415,-0.03810436346704633,0.09764171912039461,0.5257129342481112,0.8119970161089547,0.8278232082190106,0.0879894489385176,0.7574807077996648,-1.4128461751718555,0.2640742353818629,-0.826657708788647,2.17167195049722,-0.2382653554096865,0.3249965149139551,1.8614236116888565,-0.2469803436822878,0.9091212442500765,1.0309807848311494,0.24754185292389594,0.6817232046570779
0.7387925613067446,-1.278842599831891,0.12502656651568067,-0.14615401991910457,1.0332507049436075,-1.0038794702439011,-0.2069264631952809,0.5654346345485142,-0.16725492909264386,-0.10005397225938273,0.147748704039397,-0.6117420191554009,0.08015452401835615,1.1393478562259591,0.6974166462985004,-0.17747856857032487,-1.6685825770971883,-0.3914170591440295,-1.2426799082534479,1.6112228405555815,0.023899021157403316,-1.1435995735106517,0.23965286274108424,0.45128921721972093,0.6156334712528991,1.255561590231309,0.18585145459041263,-1.5593197454816052,-0.10895415704985995,-0.18068216121350883,0.6826386273719285,-0.7132059476530165,0.3158684900802645,0.9011159679793895,1.2350543396362348,-0.6862079864118269,-0.3262824536005066,0.08572963739901489,1.6854428032663444,-0.2469803436822878,1.6902562804504717,-1.165941556182237,-0.4470549177174442,-0.22558942190233217,-1.3425537126091975
0.22407741776465057,0.571600380880021,-0.3518293430326133,0.3119825729333246,-1.0082258314463814,0.7347631436901078,0.09947243691640477,0.2660294230797584,0.7693750956309114,0.5759703277400958,-0.24579442846637495,-0.27896177035577596,0.13901570346490985,-1.4951026222036639,-1.2829964152413595,0.9789722824124186,1.4063457505699601,0.3576521709698075,1.1717782021615715,-0.8016417845995533,0.9068327669594768,1.5257454263452799,0.10077375134333597,-0.040595616897335526,0.4182726837347451,-0.8920887539654431,-0.4971769786057649,0.8649834665980534,0.18565142816410923,0.13340503480486426,0.009852734633357363,0.32236222346037274,0.12378057532892778,-1.2525652286756843,-0.592599856149712,-0.029515885091281568,1.1135560089440173,-0.1544220211516216,-0.39473960986630324,0.9091212442500765,-1.165941556182237,1.2266279811488263,0.6600613030669383,0.31701475523880407,1.0416875894313264
0.18216068651210132,0.1183379600159185,0.30258487782281124,-0.373229362646141,-0.24781955469376718,-0.11412625275827769,-0.2758885765833701,0.4651105794383303,0.5274739645478033,0.48525827747020384,-0.014863971580507788,-0.7868682011234255,0.474044326189336,-1.1291112777150834,-1.746302908480141,1.0879337910598579,1.2811901201907128,0.3624052857148157,0.4621723273535928,-0.8713103237802369,1.3873160625548668,1.2057399253534304,0.14889781978937877,-0.3907433513602209,0.4744591088318643,-0.19956585508833521,0.060739649354722654,0.393665220903217,0.3289306996576569,0.5615103372077246,0.27673398577825403,0.23178449874306206,0.336391805449371,-0.8804395056812142,-0.11669127069005876,-0.268351049504678,1.2008025136158886,-0.14084948065404979,-0.3138775978366003,1.0309807848311494,-0.4470549177174442,0.6600613030669383,0.6415303358755365,0.14952211876231586,0.6376505120744032
0.22690495097095068,0.04452241797264225,-0.22580755342556547,0.21380578447388637,-0.3033066057988582,0.23033230789124706,0.06802610234604126,0.16204565079621627,0.2841125883159238,0.2000003378825536,-0.1025379790729559,-0.11567714655697225,-8.892749301159953e-4,-0.3772299804874849,-0.22673021309160238,0.28768345932412337,0.19905215209141472,0.04980871459409353,0.3109027981188047,0.03924279752162774,0.22891126005628992,0.37824925230905587,0.07150033829911959,0.13924336075342106,0.2524647296667761,-0.20730470157515463,-0.24644066427787759,0.09733977266075848,0.016534857099249272,-0.07041237556329305,0.08160129933546768,-0.005260483246018965,0.0622417957601284,-0.3388389959170689,-0.06456871574770254,-0.09457229731494729,0.31067155640576255,-0.04035295220073081,0.1666045256720702,0.24754185292389594,-0.22558942190233217,0.31701475523880407,0.14952211876231586,0.10040510979627187,0.18734289891410633
