V1,V2,V3,V4,V5,V6,V7,V8,V9,V10,V11,V12,V13,V14,V15,V16,V17,V18,V19,V20,V21,V22,V23,V24,V25,V26,V27,V28,V29,V30,V31,V32,V33,V34,V35,V36,V37,V38,V39,V40,V41,V42,V43,V44,V45
0.37905615474698,0.1280973380034891,-0.3860538021369391,0.2863085689371895,-0.6844256896710372,-1.6693700746002265,-0.22400684384111533,0.3582314497090921,-0.026408504466953614,0.04993561105412627,-0.8936956407156698,-0.7969108902041361,-0.4465558566846881,1.3400512491278571,0.2054267284669558,0.1227364832132593,2.028000909978461,-0.20592333992050185,0.6358239484504113,0.5296961494396409,1.2616917549674143,-0.9559202946266816,-0.2977593083131582,-0.3626553716213522,-1.132850865736042,-0.20567012137815666,-0.03979971231654685,-0.6275245474367563,2.049094416282375,-0.424158397869632,0.5799143826294876,0.012786977006329671,0.9250863035186264,-1.664476993531019,-1.0673668967470047,0.2958237273428398,-0.2445115186577255,0.154689366694949,-0.6256899912540791,0.06058923901462761,0.15403323609385824,-0.7867012586889522,0.0947175269294646,-1.3843927555295155,-0.08954665717392754
0.1280973380034891,1.150444847415347,-0.4299881311873206,1.9098551011898708,-2.1292703558999966,-0.7017908682108062,0.4854436915124808,-0.4080043847485015,1.3849187814942052,0.8112602209589916,0.14848562880295976,-0.2949991812190024,-0.15667975400496095,0.6960096924805901,1.246213980824589,-0.38578350677752965,0.9158662956272117,-2.112200385915123,0.7645733884307662,1.2863140584036699,0.328448288144944,-0.6126426278778095,0.22712955410682906,0.8807140651183492,-1.3723294963296904,-0.24349351440478426,-0.16136923357033447,0.3853282612036555,1.3119578749156497,0.29689414046363366,0.03302336436318533,-0.2231676745074636,0.072005684092195,-0.008300458966049102,-0.0524503413780103,-1.2811502991027788,-0.02145056960446452,0.26678485870882035,-1.153809889451704,-0.043464939272640495,-1.42750951014947,-0.6670283138535545,-0.12099364434218345,-0.011586391755904877,-1.3984540808400192
-0.3860538021369391,-0.4299881311873206,0.47539059819319346,-0.78096185684184,1.2094388825305065,1.7467868462827663,0.07785424356280873,-0.22448047161250562,-0.34692596198131237,-0.2640542213348898,0.7930996512206373,0.8216155326167325,0.4585837617053659,-1.4346931261662919,-0.5251928307303628,-0.011109786591622043,-2.138599802370248,0.76119410937221,-0.7977791181224106,-0.8421361381862645,-1.2639533880775877,1.0563125325143714,0.2173246864121128,0.10234321598023449,1.4264064579551956,0.25722463940790585,0.0801571173861826,0.4806078267594733,-2.262817173013965,0.3151113098716423,-0.5498260542199771,0.0491299125305239,-0.8809652180293497,1.5538414176322146,1.0099086141998392,0.0708471066164232,0.23474085045518395,-0.21629823337208656,0.8936955066432932,-0.044707328164589014,0.24033787919114097,0.9110828142070091,-0.05521772325751669,1.291356368323672,0.4597452000242218
0.2863085689371895,1.9098551011898708,-0.78096185684184,3.187980617130761,-3.623547592392108,-1.4736367336230316,0.751389567281942,-0.5996137929582721,2.2689888467205903,1.341227448512635,0.07168819811988236,-0.6386552520489737,-0.3409144746716855,1.4003666785876463,2.08362606736342,-0.6105274790595291,1.8931211188814672,-3.504074160378772,1.3763885892646233,2.2118414532004165,0.780575311999586,-1.1874437291163842,0.31295176110991635,1.3749582688159114,-2.4687884125990553,-0.4381977789544392,-0.27351429333985644,0.5096746880619086,2.546719096295057,0.40485978593479793,0.1621822296564593,-0.36010896334672293,0.2976063533299429,-0.3346861611556201,-0.2941609833480341,-2.039006324590742,-0.08508395587355619,0.4659916653734028,-2.0141273568772493,-0.059607858195613095,-2.3115611490707924,-1.243117127284978,-0.17910712885163793,-0.2855562198802838,-2.312376258715677
-0.6844256896710372,-2.1292703558999966,1.2094388825305065,-3.623547592392108,4.495293544124381,3.2480641413643436,-0.5585967011977917,0.2607024249321243,-2.3389869268806645,-1.4518301137412286,0.8448226378316737,1.484481727053621,0.8208254571087211,-2.843542621545364,-2.3923091051387675,0.5089549430249571,-4.057342396240569,3.8700735731921307,-2.0937573455476675,-2.8492382622483983,-2.117455870012193,2.226716871923929,-0.029569011853490416,-1.0662150431868866,3.7417079773628603,0.6715598758537177,0.3242858278472512,0.11031811197389167,-4.767686829433113,0.0130223420885957,-0.7752498650035253,0.37030191116235794,-1.2602718099555967,2.0595390505391156,1.395200958355465,1.8362925039822233,0.32943110189348324,-0.6489811969312965,2.7442633316482756,-1.919636175405863e-4,2.257512602539074,2.119303319515,0.09149245534796671,1.7280387331916467,2.5038911871732954
-1.6693700746002265,-0.7017908682108062,1.7467868462827663,-1.4736367336230316,3.2480641413643436,7.452450544950739,0.9292881348965252,-1.53662707698916,-0.023110936502483224,-0.3026987773109843,3.9286439406192417,3.5429468508708766,1.9941770052842764,-5.979544709851397,-1.034472952050688,-0.5056277504301775,-9.060065983103083,1.1458228010400182,-2.8869694833799,-2.4915708607938694,-5.604556632281183,4.292244532728763,1.2885317570168726,1.5115461125178684,5.157667259635195,0.9363841434152533,0.18845257238879723,2.719934470613519,-9.185790874283116,1.8362747567581186,-2.574281822561816,-0.017756041822039915,-4.083410268976263,7.346186720691374,4.714900485475369,-1.1412080117739916,1.0803111301567963,-0.7172240931299105,2.885318478230541,-0.2621835878899126,-0.5236705726656888,3.541939090323245,-0.3991375977844632,6.099163728587089,0.545248800643147
-0.22400684384111533,0.4854436915124808,0.07785424356280873,0.751389567281942,-0.5585967011977917,0.9292881348965252,0.4187731768446654,-0.48355402248832813,0.7266444058948367,0.375437047732056,0.7631544889488598,0.46213253402960297,0.2642740549288549,-0.6747053822677194,0.4780147674655277,-0.2914981120697246,-1.096249724860487,-0.9153173548104145,-0.09938480077133678,0.24435699070125153,-0.8030900422273163,0.4243502406660139,0.3454402543589711,0.7287012857560813,0.1746466703708169,0.03441207528939173,-0.052058567003192266,0.6779202353039606,-0.9085527022545454,0.4769085747170533,-0.43022630397519,-0.12181333850257425,-0.6740653871581378,1.2763727386466779,0.7951991760560699,-0.8766824309270526,0.17810871712062903,0.016206338943364523,-0.10588433417519143,-0.06864148300300284,-0.8451081109432963,0.26408792636236905,-0.1337016218505163,1.0565838079133867,-0.6429019434340214
0.3582314497090921,-0.4080043847485015,-0.22448047161250562,-0.5996137929582721,0.2607024249321243,-1.53662707698916,-0.48355402248832813,0.5987118320980279,-0.7011126639196312,-0.33715983376383407,-1.0744080481718201,-0.7498233339388707,-0.42728582072056404,1.164490627475552,-0.3730626985559331,0.32559597950242125,1.8361472089951745,0.7859697028520433,0.34373088660538714,-0.022336608155620875,1.2571425087747827,-0.7788322645373689,-0.4432860325571812,-0.8337631800651734,-0.6113030420187043,-0.11391802845959867,0.03463449693187879,-0.8876163715870097,1.665665394798576,-0.6180802443859595,0.638067398771744,0.11769934289241801,1.0009241293622706,-1.863064453077987,-1.1715851508161477,0.9425195442354131,-0.2635195137381543,0.04647129081494915,-0.14473106875463818,0.08879906603707942,0.8612907262079152,-0.5600535223223556,0.1629282354516997,-1.5440092894325652,0.5749229185729262
-0.026408504466953614,1.3849187814942052,-0.34692596198131237,2.2689888467205903,-2.3389869268806645,-0.023110936502483224,0.7266444058948367,-0.7011126639196312,1.7726530773788551,1.0034363626961897,0.6521882340297394,0.03686513520642899,0.038083140050468256,0.18814406638224243,1.471640161604794,-0.5553189832725467,0.10644567282236223,-2.5656311839151043,0.6378418067962097,1.351635272298118,-0.2411487832625303,-0.27574931289205795,0.4375783352646294,1.3041276287521582,-1.1475897078330297,-0.1997057718018276,-0.18637703563186253,0.8095644438669992,0.5977729863467833,0.5946529066494444,-0.2674078156118171,-0.2807996821050862,-0.3854548775711931,0.8520533478920346,0.48233796875862817,-1.7618579982248361,0.09421297432469733,0.25412677169976705,-1.138075455115093,-0.08636439872701313,-1.8862383314560864,-0.4316711754988257,-0.199508801474825,0.7023767540461676,-1.7264036144780524
0.04993561105412627,0.8112602209589916,-0.2640542213348898,1.341227448512635,-1.4518301137412286,-0.3026987773109843,0.375437047732056,-0.33715983376383407,1.0034363626961897,0.5796631265899296,0.21529143945442034,-0.11742576231332638,-0.0573318705317784,0.341077492090888,0.8742411685649871,-0.29410053918004164,0.41311970219031935,-1.4959302430667027,0.47428057921477224,0.8606887629685267,0.0835911338303679,-0.32432867262740855,0.19891749709487117,0.6795568951173433,-0.8503697201596129,-0.15000905792285052,-0.11249541710276298,0.35202055227871365,0.6974801150148834,0.26462657244027155,-0.04909930093105523,-0.15922559564768396,-0.0586111379248221,0.19518322144561578,0.09041131169429673,-0.9536810304610214,0.013161675257375997,0.17230238251067892,-0.7562188309149055,-0.03857285936095461,-1.0470414976955624,-0.3851179612234102,-0.09747852488593536,0.15741789076623114,-0.9975102430748553
-0.8936956407156698,0.14848562880295976,0.7930996512206373,0.07168819811988236,0.8448226378316737,3.9286439406192417,0.7631544889488598,-1.0744080481718201,0.6521882340297394,0.21529143945442034,2.3227248318587126,1.8879169849144222,1.0704985853874487,-3.0951528894950973,0.0012411641826167888,-0.4757849835128261,-4.748517017740939,-0.35745295176380937,-1.2893078586078885,-0.8066792963633479,-3.056859806203544,2.1674516771897183,0.8419148430090714,1.2860388898528201,2.2958411908017107,0.42111961094825495,0.029550758381370144,1.7422096202768065,-4.635012779398791,1.1945982691614117,-1.4642430878218322,-0.1137163997565871,-2.304697715419954,4.20453034970644,2.6708312396980705,-1.2632770459276321,0.6022551349650325,-0.2846393658416077,1.0985885495160503,-0.17119282338499373,-0.9835266898688808,1.7171953645249354,-0.2860061228508415,3.493899966833053,-0.35988527734585746
-0.7969108902041361,-0.2949991812190024,0.8216155326167325,-0.6386552520489737,1.484481727053621,3.5429468508708766,0.46213253402960297,-0.7498233339388707,0.03686513520642899,-0.11742576231332638,1.8879169849144222,1.68779648418013,0.9507624872896588,-2.8434625851121162,-0.4546528796465836,-0.25563608882569094,-4.306258856069985,0.4734097249451324,-1.357678774604515,-1.1449897233107749,-2.6755006288734964,2.035318581300148,0.622928281684095,0.7532359472520324,2.4215244857331117,0.440535665547301,0.0847084695651476,1.3173180640039879,-4.356038609368514,0.8907986154980568,-1.233473831841753,-0.01642679768297662,-1.9548150335413441,3.5196028062412896,2.2549089307078702,-0.5925130072912939,0.5138874014346426,-0.3344202222484494,1.3415918523487216,-0.12728212349662,-0.3006668780234625,1.6778493853261576,-0.1958690569756706,2.9260103088348033,0.21156877784941966
-0.4465558566846881,-0.15667975400496095,0.4585837617053659,-0.3409144746716855,0.8208254571087211,1.9941770052842764,0.2642740549288549,-0.42728582072056404,0.038083140050468256,-0.0573318705317784,1.0704985853874487,0.9507624872896588,0.5396194364921502,-1.6029435171409199,-0.24615226294226877,-0.15037733975269899,-2.4252098340066657,0.24497265196946486,-0.7613727475651247,-0.6320839643255989,-1.5132693953788938,1.1475534602356774,0.35034603818496307,0.4344571692397651,1.3554114701765037,0.24807893502112952,0.044797499585357316,0.7479534265321633,-2.451760312026786,0.5070297065538174,-0.7032393071888476,-0.007193325888347339,-1.1043230766982013,1.991065880524518,1.2706282994436104,-0.3422067467068347,0.2849462449985196,-0.18835187789026217,0.7454823210720384,-0.07255420660981411,-0.18453522110524512,0.9485698370836166,-0.11093121287049308,1.65857531750546,0.10299049958253287
1.3400512491278571,0.6960096924805901,-1.4346931261662919,1.4003666785876463,-2.843542621545364,-5.979544709851397,-0.6747053822677194,1.164490627475552,0.18814406638224243,0.341077492090888,-3.0951528894950973,-2.8434625851121162,-1.6029435171409199,4.830071633807016,0.9804330714620044,0.35385899386464165,7.281540120327829,-1.1626135507892765,2.384588510124956,2.1208194886550777,4.485917131861905,-3.4773361907771947,-0.9838859844965833,-1.0839089505772137,-4.249863837632461,-0.7735558478165149,-0.16835101933132446,-2.1078111811276727,7.439961385794514,-1.4194755647266013,2.049861354147908,-0.015928003140224262,3.2449105462764773,-5.820195897621401,-3.732457893425847,0.744588622227122,-0.8473616899989248,0.6024372713529466,-2.4252059138266295,0.20274289164304118,0.2384902756280567,-2.901982953534371,0.30154214511706484,-4.845021467121411,-0.6006511455958455
0.2054267284669558,1.246213980824589,-0.5251928307303628,2.08362606736342,-2.3923091051387675,-1.034472952050688,0.4780147674655277,-0.3730626985559331,1.471640161604794,0.8742411685649871,0.0012411641826167888,-0.4546528796465836,-0.24615226294226877,0.9804330714620044,1.367681036945374,-0.38976254916816955,1.3260891473388619,-2.2833202498075287,0.9276026624135896,1.4567742353702853,0.5732195571927051,-0.8200797629516162,0.1936174501186902,0.8776827506339497,-1.6573384362000685,-0.295969130764032,-0.17902133624779631,0.2996089235797139,1.7572029867338916,0.2410919398144189,0.13837800153203744,-0.23513045772065547,0.23995549538705058,-0.30018799783142963,-0.238975083094597,-1.311267304512735,-0.060964650197288445,0.311356398774021,-1.337822137102497,-0.03547435120697139,-1.4940072881243909,-0.8547130597249644,-0.11162195035086697,-0.26114588517782056,-1.5042365240916074
0.1227364832132593,-0.38578350677752965,-0.011109786591622043,-0.6105274790595291,0.5089549430249571,-0.5056277504301775,-0.2914981120697246,0.32559597950242125,-0.5553189832725467,-0.29410053918004164,-0.4757849835128261,-0.25563608882569094,-0.15037733975269899,0.35385899386464165,-0.38976254916816955,0.20955251447541315,0.5907340322465185,0.7263793034960976,-6.753992773174741e-4,-0.253179394834534,0.4630185939662355,-0.21008640494619915,-0.22483188531029247,-0.5130844445661099,0.004644516295864524,-0.002288781785199421,0.04585706386210979,-0.44127177607594226,0.4461254837459484,-0.313240230358677,0.26298393493110195,0.08819621300342295,0.4023463887610886,-0.7738877993481267,-0.4751139854694584,0.6299453101472811,-0.10240208854274784,-0.029777455261073386,0.15857964860758372,0.045211407675385534,0.6278472851640958,-0.11069298139380652,0.08985602460489958,-0.6420926990898449,0.5047219735493083
2.028000909978461,0.9158662956272117,-2.138599802370248,1.8931211188814672,-4.057342396240569,-9.060065983103083,-1.096249724860487,1.8361472089951745,0.10644567282236223,0.41311970219031935,-4.748517017740939,-4.306258856069985,-2.4252098340066657,7.281540120327829,1.3260891473388619,0.5907340322465185,11.019595617916343,-1.5071090931825142,3.5402792599873214,3.087348470131003,6.806516816647096,-5.23296318694462,-1.5438489900251346,-1.778235192172061,-6.322144911166788,-1.1484598717352008,-0.2368218525855917,-3.2707194017027756,11.19738517728739,-2.2064746774164234,3.1217198630942047,0.006851007246382648,4.948031402945286,-8.894619969632858,-5.708224473767702,1.3059499790525648,-1.3052195923520784,0.8845392028620548,-3.5585390580898095,0.3150500931270119,0.5518836965695225,-4.3313820584889635,0.47601819783120286,-7.388574716860899,-0.7390044800733755
-0.20592333992050185,-2.112200385915123,0.76119410937221,-3.504074160378772,3.8700735731921307,1.1458228010400182,-0.9153173548104145,0.7859697028520433,-2.5656311839151043,-1.4959302430667027,-0.35745295176380937,0.4734097249451324,0.24497265196946486,-1.1626135507892765,-2.2833202498075287,0.7263793034960976,-1.5071090931825142,3.885440430947752,-1.353769439988316,-2.3300172582064533,-0.4882490611845288,1.0417376257194684,-0.4429864956980494,-1.6608879880333607,2.432042027197806,0.42971108059628216,0.29629191169598973,-0.7681229624191988,-2.235686329136666,-0.5874845114268706,-0.0015742305165589979,0.4085234652396175,-0.049365226573392616,-0.1375608670859548,0.0031627354295009217,2.3875155645215926,0.022433737516620922,-0.47670099382579606,2.0766419462849295,0.08595864758965852,2.6522296817021074,1.1549241362166176,0.23087552909342995,-0.10807898174781885,2.578739610287591
0.6358239484504113,0.7645733884307662,-0.7977791181224106,1.3763885892646233,-2.0937573455476675,-2.8869694833799,-0.09938480077133678,0.34373088660538714,0.6378418067962097,0.47428057921477224,-1.2893078586078885,-1.357678774604515,-0.7613727475651247,2.384588510124956,0.9276026624135896,-6.753992773174741e-4,3.5402792599873214,-1.353769439988316,1.3460778132966664,1.439710456465297,2.086853676441643,-1.7610917923031124,-0.337451122873095,-0.11874983744516021,-2.4023301307193696,-0.434796576668222,-0.13819428278809395,-0.7641765730092593,3.768714514261328,-0.4996040765006797,0.9064805828758239,-0.09621171327414307,1.4432066464735263,-2.5397665066142334,-1.6474481554499447,-0.18897404712174462,-0.3776337813247713,0.3694838329386944,-1.5197709791458953,0.07093818890587004,-0.4687665877977652,-1.5326928173347456,0.0830054355136941,-2.1166667391199394,-0.8227709000224769
0.5296961494396409,1.2863140584036699,-0.8421361381862645,2.2118414532004165,-2.8492382622483983,-2.4915708607938694,0.24435699070125153,-0.022336608155620875,1.351635272298118,0.8606887629685267,-0.8066792963633479,-1.1449897233107749,-0.6320839643255989,2.1208194886550777,1.4567742353702853,-0.253179394834534,3.087348470131003,-2.3300172582064533,1.439710456465297,1.857148568027007,1.6729971069724359,-1.6325896874900987,-0.0969717953019973,0.48660142668849427,-2.583278239147674,-0.46186054189958825,-0.20332453235580206,-0.2853643565752479,3.497617315423317,-0.15619357882657672,0.6504501237070834,-0.2091428638200199,1.0591122116638079,-1.7877538842493004,-1.1984696847142007,-0.9632112148851654,-0.2891442540107496,0.43121085755473654,-1.8205784889718124,0.02114037313806481,-1.2583849708544548,-1.4975101313354031,-0.02023646184986143,-1.4829998315075463,-1.4918298148100146
1.2616917549674143,0.328448288144944,-1.2639533880775877,0.780575311999586,-2.117455870012193,-5.604556632281183,-0.8030900422273163,1.2571425087747827,-0.2411487832625303,0.0835911338303679,-3.056859806203544,-2.6755006288734964,-1.5132693953788938,4.485917131861905,0.5732195571927051,0.4630185939662355,6.806516816647096,-0.4882490611845288,2.086853676441643,1.6729971069724359,4.264947014150818,-3.1978645468631237,-1.025633708745086,-1.323877792219766,-3.717761336521402,-0.6789453387633868,-0.11367628642208825,-2.166871656528171,6.83879514597243,-1.4710464732726056,1.986901733259464,0.04969743560507547,3.1339392038737004,-5.660017657537674,-3.614484548003203,1.110243403919618,-0.8168153419389514,0.5059325256939635,-2.007391707286632,0.2104465363230185,0.6669561752532716,-2.620752806133,0.32923573031956166,-4.709135179146772,-0.15748031671977605
-0.9559202946266816,-0.6126426278778095,1.0563125325143714,-1.1874437291163842,2.226716871923929,4.292244532728763,0.4243502406660139,-0.7788322645373689,-0.27574931289205795,-0.32432867262740855,2.1674516771897183,2.035318581300148,1.1475534602356774,-3.4773361907771947,-0.8200797629516162,-0.21008640494619915,-5.23296318694462,1.0417376257194684,-1.7610917923031124,-1.6325896874900987,-3.1978645468631237,2.5172942407438197,0.6705481051715236,0.6737475709992835,3.142058330531657,0.5712015359905263,0.13495263174980418,1.445257854165317,-5.384036983953908,0.9695789938352091,-1.4504109311559557,0.03642188945454174,-2.2949965787881332,4.105629757332483,2.6381546505786666,-0.3879785902591175,0.600288246305217,-0.4534315166104051,1.830789675349526,-0.1383622760796878,-0.019101057867190088,2.1152146753729637,-0.19922166502889588,3.415971193765213,0.5694945120130205
-0.2977593083131582,0.22712955410682906,0.2173246864121128,0.31295176110991635,-0.029569011853490416,1.2885317570168726,0.3454402543589711,-0.4432860325571812,0.4375783352646294,0.19891749709487117,0.8419148430090714,0.622928281684095,0.35034603818496307,-0.9838859844965833,0.1936174501186902,-0.22483188531029247,-1.5438489900251346,-0.4429864956980494,-0.337451122873095,-0.0969717953019973,-1.025633708745086,0.6705481051715236,0.3389206403735707,0.5904176144689514,0.6058217415029725,0.11015375930505968,-0.012558991394567497,0.6745557575503005,-1.437639498544512,0.46640324333746597,-0.5052843782645564,-0.07828729632195978,-0.803459431747796,1.4843995966789563,0.9429213810117258,-0.6455637058533723,0.21840837061465068,-0.05816549486403674,0.21578494889293137,-0.06681943042709089,-0.5640205116039464,0.4951158784007917,-0.12008596702367538,1.2250585286904363,-0.3356443342766287
-0.3626553716213522,0.8807140651183492,0.10234321598023449,1.3749582688159114,-1.0662150431868866,1.5115461125178684,0.7287012857560813,-0.8337631800651734,1.3041276287521582,0.6795568951173433,1.2860388898528201,0.7532359472520324,0.4344571692397651,-1.0839089505772137,0.8776827506339497,-0.5130844445661099,-1.778235192172061,-1.6608879880333607,-0.11874983744516021,0.48660142668849427,-1.323877792219766,0.6737475709992835,0.5904176144689514,1.2744635738263195,0.20853363464478228,0.043266325831645386,-0.09837781120815335,1.1560059789437767,-1.438536077249444,0.8154664429853431,-0.7213176104952115,-0.21364664502554276,-1.1214216860376398,2.134235816944604,1.32521679391019,-1.539355695646368,0.29474433631098357,0.04207535562681223,-0.24939065267660485,-0.11744330437969777,-1.501790997108261,0.4017041013154855,-0.22974966255780266,1.7653195841490306,-1.163064515738993
-1.132850865736042,-1.3723294963296904,1.4264064579551956,-2.4687884125990553,3.7417079773628603,5.157667259635195,0.1746466703708169,-0.6113030420187043,-1.1475897078330297,-0.8503697201596129,2.2958411908017107,2.4215244857331117,1.3554114701765037,-4.249863837632461,-1.6573384362000685,0.004644516295864524,-6.322144911166788,2.432042027197806,-2.4023301307193696,-2.583278239147674,-3.717761336521402,3.142058330531657,0.6058217415029725,0.20853363464478228,4.295083812852031,0.7754876176622453,0.24804880967684065,1.3586310258568786,-6.7253080916692545,0.8872286821128315,-1.6113161667616114,0.17141795382325117,-2.571760489672076,4.526662150802541,2.942696657165003,0.34521707471053376,0.6807959023619365,-0.6595192981088424,2.7189241186800275,-0.12582698229160977,0.8457160913110231,2.726932564989209,-0.14685092884753423,3.764184180373142,1.4791929867103968
-0.20567012137815666,-0.24349351440478426,0.25722463940790585,-0.4381977789544392,0.6715598758537177,0.9363841434152533,0.03441207528939173,-0.11391802845959867,-0.1997057718018276,-0.15000905792285052,0.42111961094825495,0.440535665547301,0.24807893502112952,-0.7735558478165149,-0.295969130764032,-0.002288781785199421,-1.1484598717352008,0.42971108059628216,-0.434796576668222,-0.46186054189958825,-0.6789453387633868,0.5712015359905263,0.11015375930505968,0.043266325831645386,0.7754876176622453,0.14071275624482876,0.04379712656386057,0.25069646238161275,-1.2212586935475156,0.16434632547258007,-0.29661181287641014,0.031294161043901564,-0.4696274080658658,0.8275249941145668,0.5354978437773185,0.05640066101229917,0.12166147664596831,-0.11946070855701632,0.4886986074897714,-0.023364158720040086,0.14522727941567276,0.49727301972082594,-0.027383067684434204,0.690306087627523,0.2601234659888478
-0.03979971231654685,-0.16136923357033447,0.0801571173861826,-0.27351429333985644,0.3242858278472512,0.18845257238879723,-0.052058567003192266,0.03463449693187879,-0.18637703563186253,-0.11249541710276298,0.029550758381370144,0.0847084695651476,0.044797499585357316,-0.16835101933132446,-0.17902133624779631,0.04585706386210979,-0.2368218525855917,0.29629191169598973,-0.13819428278809395,-0.20332453235580206,-0.11367628642208825,0.13495263174980418,-0.012558991394567497,-0.09837781120815335,0.24804880967684065,0.04379712656386057,0.02455389903038358,-0.016313309373990247,-0.29084524903595044,-0.01626141663909682,-0.03467896545659676,0.02758992704030734,-0.061770015483725516,0.09401233238078595,0.06810756270553377,0.15352595032563104,0.018342982910144173,-0.043833568398013945,0.1909534241962803,0.0024957456795741267,0.18366444443948743,0.1318537998817384,0.010515909345890136,0.07803250323427678,0.19423480826154066
-0.6275245474367563,0.3853282612036555,0.4806078267594733,0.5096746880619086,0.11031811197389167,2.719934470613519,0.6779202353039606,-0.8876163715870097,0.8095644438669992,0.35202055227871365,1.7422096202768065,1.3173180640039879,0.7479534265321633,-2.1078111811276727,0.2996089235797139,-0.44127177607594226,-3.2707194017027756,-0.7681229624191988,-0.7641765730092593,-0.2853643565752479,-2.166871656528171,1.445257854165317,0.6745557575503005,1.1560059789437767,1.3586310258568786,0.25069646238161275,-0.016313309373990247,1.373199248079209,-3.091947747383923,0.9490628805125602,-1.066005939660365,-0.1387898263178171,-1.6769485831093094,3.0879556168225846,1.951757929118375,-1.2377121410446306,0.43930801620127524,-0.14455994678234083,0.5317329660846708,-0.13619465364805391,-1.0646134314352302,1.1003367977915883,-0.23966088753560685,2.5641108331689586,-0.5984315749404414
2.049094416282375,1.3119578749156497,-2.262817173013965,2.546719096295057,-4.767686829433113,-9.185790874283116,-0.9085527022545454,1.665665394798576,0.5977729863467833,0.6974801150148834,-4.635012779398791,-4.356038609368514,-2.451760312026786,7.439961385794514,1.7572029867338916,0.4461254837459484,11.19738517728739,-2.235686329136666,3.768714514261328,3.497617315423317,6.83879514597243,-5.384036983953908,-1.437639498544512,-1.438536077249444,-6.7253080916692545,-1.2212586935475156,-0.29084524903595044,-3.091947747383923,11.520344021762904,-2.073267862956701,3.0966831895523477,-0.07367152015306909,4.910673532809338,-8.782352616894302,-5.647551483934244,0.8330811742842431,-1.2892066076397473,0.9686925905705523,-3.9215127165325567,0.2957728375234152,0.03652805748548774,-4.521369241085889,0.427170698570241,-7.304900232322021,-1.2249386884690516
-0.424158397869632,0.29689414046363366,0.3151113098716423,0.40485978593479793,0.0130223420885957,1.8362747567581186,0.4769085747170533,-0.6180802443859595,0.5946529066494444,0.26462657244027155,1.1945982691614117,0.8907986154980568,0.5070297065538174,-1.4194755647266013,0.2410919398144189,-0.313240230358677,-2.2064746774164234,-0.5874845114268706,-0.4996040765006797,-0.15619357882657672,-1.4710464732726056,0.9695789938352091,0.46640324333746597,0.8154664429853431,0.8872286821128315,0.16434632547258007,-0.01626141663909682,0.9490628805125602,-2.073267862956701,0.6570446071664536,-0.7284994696435018,-0.10038272356595324,-1.143092369171533,2.1089225065053894,1.330468855407752,-0.8819053462032942,0.2980827199161242,-0.09128470390104979,0.32863614785643863,-0.09433755245779342,-0.7693729735650494,0.7333273940313364,-0.16702285367749922,1.751870077076066,-0.4507084248228511
0.5799143826294876,0.03302336436318533,-0.5498260542199771,0.1621822296564593,-0.7752498650035253,-2.574281822561816,-0.43022630397519,0.638067398771744,-0.2674078156118171,-0.04909930093105523,-1.4642430878218322,-1.233473831841753,-0.7032393071888476,2.049861354147908,0.13837800153203744,0.26298393493110195,3.1217198630942047,-0.0015742305165589979,0.9064805828758239,0.6504501237070834,1.986901733259464,-1.4504109311559557,-0.5052843782645564,-0.7213176104952115,-1.6113161667616114,-0.29661181287641014,-0.03467896545659676,-1.066005939660365,3.0966831895523477,-0.7284994696435018,0.9435612994700837,0.04261297313872449,1.474835424350229,-2.678638830572009,-1.7005246319169542,0.6570021728813742,-0.37826993719871765,0.21283749751303221,-0.8237221049761285,0.10443113030486022,0.469868089782774,-1.1753288492134726,0.16762811885003503,-2.231610468002058,0.0792770724244038
0.012786977006329671,-0.2231676745074636,0.0491299125305239,-0.36010896334672293,0.37030191116235794,-0.017756041822039915,-0.12181333850257425,0.11769934289241801,-0.2807996821050862,-0.15922559564768396,-0.1137163997565871,-0.01642679768297662,-0.007193325888347339,-0.015928003140224262,-0.23513045772065547,0.08819621300342295,0.006851007246382648,0.4085234652396175,-0.09621171327414307,-0.2091428638200199,0.04969743560507547,0.03642188945454174,-0.07828729632195978,-0.21364664502554276,0.17141795382325117,0.031294161043901564,0.02758992704030734,-0.1387898263178171,-0.07367152015306909,-0.10038272356595324,0.04261297313872449,0.0507769407872714,0.0736399083140198,-0.15554446097387614,-0.09431780898976591,0.2941359480682279,-0.023844533882528027,-0.04139109048690329,0.1736655080571147,0.014465336409638044,0.3046465374117996,0.06678444111272383,0.03463405624363961,-0.12552797276884511,0.27334760359367427
0.9250863035186264,0.072005684092195,-0.8809652180293497,0.2976063533299429,-1.2602718099555967,-4.083410268976263,-0.6740653871581378,1.0009241293622706,-0.3854548775711931,-0.0586111379248221,-2.304697715419954,-1.9548150335413441,-1.1043230766982013,3.2449105462764773,0.23995549538705058,0.4023463887610886,4.948031402945286,-0.049365226573392616,1.4432066464735263,1.0591122116638079,3.1339392038737004,-2.2949965787881332,-0.803459431747796,-1.1214216860376398,-2.571760489672076,-0.4696274080658658,-0.061770015483725516,-1.6769485831093094,4.910673532809338,-1.143092369171533,1.474835424350229,0.0736399083140198,2.330437242460523,-4.226190881270525,-2.695260062033929,1.0253586352337616,-0.6111561986047386,0.3365655201296396,-1.3277426599540847,0.16360325706810852,0.7121141516603118,-1.8526422012439987,0.2647721542706952,-3.512629944016943,0.09006798959770546
-1.664476993531019,-0.008300458966049102,1.5538414176322146,-0.3346861611556201,2.0595390505391156,7.346186720691374,1.2763727386466779,-1.863064453077987,0.8520533478920346,0.19518322144561578,4.20453034970644,3.5196028062412896,1.991065880524518,-5.820195897621401,-0.30018799783142963,-0.7738877993481267,-8.894619969632858,-0.1375608670859548,-2.5397665066142334,-1.7877538842493004,-5.660017657537674,4.105629757332483,1.4843995966789563,2.134235816944604,4.526662150802541,0.8275249941145668,0.09401233238078595,3.0879556168225846,-8.782352616894302,2.1089225065053894,-2.678638830572009,-0.15554446097387614,-4.226190881270525,7.6793003532029225,4.892062870985558,-1.9977764886222644,1.1079675850067277,-0.5837286270179952,2.2878659055639834,-0.30194390861353676,-1.4483311302278066,3.2945158824689313,-0.4933186732559384,6.3805359296796995,-0.31528716594598866
-1.0673668967470047,-0.0524503413780103,1.0099086141998392,-0.2941609833480341,1.395200958355465,4.714900485475369,0.7951991760560699,-1.1715851508161477,0.48233796875862817,0.09041131169429673,2.6708312396980705,2.2549089307078702,1.2706282994436104,-3.732457893425847,-0.238975083094597,-0.4751139854694584,-5.708224473767702,0.0031627354295009217,-1.6474481554499447,-1.1984696847142007,-3.614484548003203,2.6381546505786666,0.9429213810117258,1.32521679391019,2.942696657165003,0.5354978437773185,0.06810756270553377,1.951757929118375,-5.647551483934244,1.330468855407752,-1.7005246319169542,-0.09431780898976591,-2.695260062033929,4.892062870985558,3.1253414729711086,-1.224891348493268,0.715237585836871,-0.38085780892477505,1.5076730652761872,-0.1902970075505259,-0.8635057694861288,2.116160496146026,-0.3100317384171218,4.057699570994317,-0.13940571910699714
0.2958237273428398,-1.2811502991027788,0.0708471066164232,-2.039006324590742,1.8362925039822233,-1.1412080117739916,-0.8766824309270526,0.9425195442354131,-1.7618579982248361,-0.9536810304610214,-1.2632770459276321,-0.5925130072912939,-0.3422067467068347,0.744588622227122,-1.311267304512735,0.6299453101472811,1.3059499790525648,2.3875155645215926,-0.18897404712174462,-0.9632112148851654,1.110243403919618,-0.3879785902591175,-0.6455637058533723,-1.539355695646368,0.34521707471053376,0.05640066101229917,0.15352595032563104,-1.2377121410446306,0.8330811742842431,-0.8819053462032942,0.6570021728813742,0.2941359480682279,1.0253586352337616,-1.9977764886222644,-1.224891348493268,1.9560920838189844,-0.27152800997623666,-0.1467024795315617,0.6854387863018326,0.12723167669558694,1.9687727700225701,-0.11162639151447408,0.26499413090848817,-1.6514028509013028,1.6375380887541244
-0.2445115186577255,-0.02145056960446452,0.23474085045518395,-0.08508395587355619,0.32943110189348324,1.0803111301567963,0.17810871712062903,-0.2635195137381543,0.09421297432469733,0.013161675257375997,0.6022551349650325,0.5138874014346426,0.2849462449985196,-0.8473616899989248,-0.060964650197288445,-0.10240208854274784,-1.3052195923520784,0.022433737516620922,-0.3776337813247713,-0.2891442540107496,-0.8168153419389514,0.600288246305217,0.21840837061465068,0.29474433631098357,0.6807959023619365,0.12166147664596831,0.018342982910144173,0.43930801620127524,-1.2892066076397473,0.2980827199161242,-0.37826993719871765,-0.023844533882528027,-0.6111561986047386,1.1079675850067277,0.715237585836871,-0.27152800997623666,0.17082749669114014,-0.0865578242893879,0.35397682484698895,-0.04247168525572313,-0.18321359465051099,0.47481935778713724,-0.06992730431103754,0.9116846239027363,-0.015907411694135416
0.154689366694949,0.26678485870882035,-0.21629823337208656,0.4659916653734028,-0.6489811969312965,-0.7172240931299105,0.016206338943364523,0.04647129081494915,0.25412677169976705,0.17230238251067892,-0.2846393658416077,-0.3344202222484494,-0.18835187789026217,0.6024372713529466,0.311356398774021,-0.029777455261073386,0.8845392028620548,-0.47670099382579606,0.3694838329386944,0.43121085755473654,0.5059325256939635,-0.4534315166104051,-0.05816549486403674,0.04207535562681223,-0.6595192981088424,-0.11946070855701632,-0.043833568398013945,-0.14455994678234083,0.9686925905705523,-0.09128470390104979,0.21283749751303221,-0.04139109048690329,0.3365655201296396,-0.5837286270179952,-0.38085780892477505,-0.1467024795315617,-0.0865578242893879,0.10654952263316024,-0.43908242955941507,0.012889498465825067,-0.2199749040759966,-0.4062925263197921,0.009047891919678995,-0.4876825101756666,-0.29806671377911226
-0.6256899912540791,-1.153809889451704,0.8936955066432932,-2.0141273568772493,2.7442633316482756,2.885318478230541,-0.10588433417519143,-0.14473106875463818,-1.138075455115093,-0.7562188309149055,1.0985885495160503,1.3415918523487216,0.7454823210720384,-2.4252059138266295,-1.337822137102497,0.15857964860758372,-3.5585390580898095,2.0766419462849295,-1.5197709791458953,-1.8205784889718124,-2.007391707286632,1.830789675349526,0.21578494889293137,-0.24939065267660485,2.7189241186800275,0.4886986074897714,0.1909534241962803,0.5317329660846708,-3.9215127165325567,0.32863614785643863,-0.8237221049761285,0.1736655080571147,-1.3277426599540847,2.2878659055639834,1.5076730652761872,0.6854387863018326,0.35397682484698895,-0.43908242955941507,1.8368778617255244,-0.04603236180820492,1.0008330455140664,1.642857471991884,-0.026293285244878364,1.904384456569576,1.3098739946466362
0.06058923901462761,-0.043464939272640495,-0.044707328164589014,-0.059607858195613095,-1.919636175405863e-4,-0.2621835878899126,-0.06864148300300284,0.08879906603707942,-0.08636439872701313,-0.03857285936095461,-0.17119282338499373,-0.12728212349662,-0.07255420660981411,0.20274289164304118,-0.03547435120697139,0.045211407675385534,0.3150500931270119,0.08595864758965852,0.07093818890587004,0.02114037313806481,0.2104465363230185,-0.1383622760796878,-0.06681943042709089,-0.11744330437969777,-0.12582698229160977,-0.023364158720040086,0.0024957456795741267,-0.13619465364805391,0.2957728375234152,-0.09433755245779342,0.10443113030486022,0.014465336409638044,0.16360325706810852,-0.30194390861353676,-0.1902970075505259,0.12723167669558694,-0.04247168525572313,0.012889498465825067,-0.04603236180820492,0.013548925701721757,0.11135154210971245,-0.10466130410055292,0.02399954959750524,-0.25098195701397913,0.06577912856654172
0.15403323609385824,-1.42750951014947,0.24033787919114097,-2.3115611490707924,2.257512602539074,-0.5236705726656888,-0.8451081109432963,0.8612907262079152,-1.8862383314560864,-1.0470414976955624,-0.9835266898688808,-0.3006668780234625,-0.18453522110524512,0.2384902756280567,-1.4940072881243909,0.6278472851640958,0.5518836965695225,2.6522296817021074,-0.4687665877977652,-1.2583849708544548,0.6669561752532716,-0.019101057867190088,-0.5640205116039464,-1.501790997108261,0.8457160913110231,0.14522727941567276,0.18366444443948743,-1.0646134314352302,0.03652805748548774,-0.7693729735650494,0.469868089782774,0.3046465374117996,0.7121141516603118,-1.4483311302278066,-0.8635057694861288,1.9687727700225701,-0.18321359465051099,-0.2199749040759966,1.0008330455140664,0.11135154210971245,2.0504770340541736,0.2037461229040916,0.24326267533908016,-1.1960947058874416,1.799730275431885
-0.7867012586889522,-0.6670283138535545,0.9110828142070091,-1.243117127284978,2.119303319515,3.541939090323245,0.26408792636236905,-0.5600535223223556,-0.4316711754988257,-0.3851179612234102,1.7171953645249354,1.6778493853261576,0.9485698370836166,-2.901982953534371,-0.8547130597249644,-0.11069298139380652,-4.3313820584889635,1.1549241362166176,-1.5326928173347456,-1.4975101313354031,-2.620752806133,2.1152146753729637,0.4951158784007917,0.4017041013154855,2.726932564989209,0.49727301972082594,0.1318537998817384,1.1003367977915883,-4.521369241085889,0.7333273940313364,-1.1753288492134726,0.06678444111272383,-1.8526422012439987,3.2945158824689313,2.116160496146026,-0.11162639151447408,0.47481935778713724,-0.4062925263197921,1.642857471991884,-0.10466130410055292,0.2037461229040916,1.8112794870840183,-0.14106612040046287,2.751874452492226,0.6676068904778382
0.0947175269294646,-0.12099364434218345,-0.05521772325751669,-0.17910712885163793,0.09149245534796671,-0.3991375977844632,-0.1337016218505163,0.1629282354516997,-0.199508801474825,-0.09747852488593536,-0.2860061228508415,-0.1958690569756706,-0.11093121287049308,0.30154214511706484,-0.11162195035086697,0.08985602460489958,0.47601819783120286,0.23087552909342995,0.0830054355136941,-0.02023646184986143,0.32923573031956166,-0.19922166502889588,-0.12008596702367538,-0.22974966255780266,-0.14685092884753423,-0.027383067684434204,0.010515909345890136,-0.23966088753560685,0.427170698570241,-0.16702285367749922,0.16762811885003503,0.03463405624363961,0.2647721542706952,-0.4933186732559384,-0.3100317384171218,0.26499413090848817,-0.06992730431103754,0.009047891919678995,-0.026293285244878364,0.02399954959750524,0.24326267533908016,-0.14106612040046287,0.04483122392332023,-0.40928615367785565,0.16680579971667361
-1.3843927555295155,-0.011586391755904877,1.291356368323672,-0.2855562198802838,1.7280387331916467,6.099163728587089,1.0565838079133867,-1.5440092894325652,0.7023767540461676,0.15741789076623114,3.493899966833053,2.9260103088348033,1.65857531750546,-4.845021467121411,-0.26114588517782056,-0.6420926990898449,-7.388574716860899,-0.10807898174781885,-2.1166667391199394,-1.4829998315075463,-4.709135179146772,3.415971193765213,1.2250585286904363,1.7653195841490306,3.764184180373142,0.690306087627523,0.07803250323427678,2.5641108331689586,-7.304900232322021,1.751870077076066,-2.231610468002058,-0.12552797276884511,-3.512629944016943,6.3805359296796995,4.057699570994317,-1.6514028509013028,0.9116846239027363,-0.4876825101756666,1.904384456569576,-0.25098195701397913,-1.1960947058874416,2.751874452492226,-0.40928615367785565,5.310891192785294,-0.25819362941274326
-0.08954665717392754,-1.3984540808400192,0.4597452000242218,-2.312376258715677,2.5038911871732954,0.545248800643147,-0.6429019434340214,0.5749229185729262,-1.7264036144780524,-0.9975102430748553,-0.35988527734585746,0.21156877784941966,0.10299049958253287,-0.6006511455958455,-1.5042365240916074,0.5047219735493083,-0.7390044800733755,2.578739610287591,-0.8227709000224769,-1.4918298148100146,-0.15748031671977605,0.5694945120130205,-0.3356443342766287,-1.163064515738993,1.4791929867103968,0.2601234659888478,0.19423480826154066,-0.5984315749404414,-1.2249386884690516,-0.4507084248228511,0.0792770724244038,0.27334760359367427,0.09006798959770546,-0.31528716594598866,-0.13940571910699714,1.6375380887541244,-0.015907411694135416,-0.29806671377911226,1.3098739946466362,0.06577912856654172,1.799730275431885,0.6676068904778382,0.16680579971667361,-0.25819362941274326,1.7187984707901458
