V1,V2,V3,V4,V5,V6,V7,V8,V9,V10,V11,V12,V13,V14,V15,V16,V17,V18,V19,V20,V21,V22,V23,V24,V25,V26,V27,V28,V29,V30,V31,V32,V33,V34,V35,V36,V37,V38,V39,V40,V41,V42,V43,V44
357.6777813686519,115.15257877888664,-295.1224005860286,106.56568888809942,131.46045963381542,272.32395816107356,-100.40649393234617,15.01682734463923,-116.04262213505102,-73.87933669175474,-49.23816749971686,418.6592387925991,-166.5868145261997,-45.517904339797866,55.50486774572176,206.3946625654056,49.972615986078466,-230.54996662771165,-251.5641302086102,-261.87965707425445,112.38220931733095,-117.45448091491308,174.44350293939718,38.776180647916725,-71.76694205866069,163.2936684897275,-83.6250491980471,55.496662941595474,-47.14050672122637,111.02557078642683,185.58916980099994,-116.82879494340932,120.71841129320758,-325.8121465692126,-33.58673519436417,-217.08677931962097,-346.6191879293099,-71.79599175019052,-361.3799016899012,27.938630566452307,-57.32226992842256,360.96041856037937,211.4254272769922,84.33722163999401
115.15257877888664,37.172684993552814,-95.13324202747206,34.32475721429472,42.28710483292959,88.01446830125288,-32.47605047616206,4.739313992628942,-37.39532221617166,-23.787318929426043,-15.488782505437811,135.19440077164316,-53.70445220744742,-14.586920635625166,18.091314726873648,66.70205533003434,16.192451617299525,-74.24406562023265,-80.644033269124,-84.10989896018945,36.46157789889794,-37.73731505881398,56.01542249094479,12.24120988053312,-23.35118797743094,52.733566233020184,-26.98899696181629,18.089879310888193,-15.167685040230642,35.96785300667946,59.766921063899304,-37.850976506108225,38.834498731722576,-105.1398418375013,-11.098331036523799,-70.20778402330085,-111.84329019303236,-23.007191605103213,-116.4759714204228,9.064824607993158,-18.389257321501518,116.3675123696546,68.15937562691359,27.068653572001754
-295.1224005860286,-95.13324202747206,243.65274155581577,-87.94792835567989,-108.42630140788341,-225.10767880097933,83.02767966258807,-12.274825973722471,95.79111996771178,60.96092604243358,40.18948659968602,-345.9316285824843,137.53944868093868,37.476650587391966,-46.06508760583489,-170.60420546844998,-41.357449029789926,190.25264004139774,207.15084724161753,215.83585879005142,-93.06643726850432,96.82008791014775,-143.75895941315662,-31.702043808624232,59.51187910048264,-134.93072622761096,69.0800243376328,-46.0593951579489,38.88519672438298,-91.87817869158333,-153.15205034766242,96.6837240937268,-99.56987297437063,269.1284042897713,28.056724771116787,179.50322179535718,286.3008758523811,59.110538630700646,298.33521461871817,-23.13707889931023,47.21909849105451,-298.0210310054274,-174.55879508433458,-69.48697896781506
106.56568888809942,34.32475721429472,-87.94792835567989,31.760289200262324,39.16137036276708,81.19755886096729,-29.942473675142228,4.451131502509093,-34.584246923750804,-22.00955881771608,-14.606331945974958,124.80822624282649,-49.64667039812129,-13.55239729019254,16.576907964752156,61.53715401872358,14.901574602411921,-68.69294062958865,-74.88500722926,-77.98516514896193,33.536789866158145,-34.97999795181589,51.94961573522166,11.507805550075766,-21.425014158153093,48.68122082063785,-24.92656934654768,16.570242577137382,-14.042153872317762,33.11675450497848,55.29690961391108,-34.84720512007486,35.96008506989651,-97.12264417686691,-10.0589113056992,-64.73313834809947,-103.31193937088098,-21.372307455634243,-107.69090344127548,8.338211478677534,-17.07012108986761,107.56920631299728,63.00838495772186,25.111785743692206
131.46045963381542,42.28710483292959,-108.42630140788341,39.16137036276708,48.33177855491488,99.96590488541581,-36.84825154945215,5.551797859492635,-42.63772184899974,-27.153770271929584,-18.230762086363164,153.7256266789338,-61.200345248349,-16.756118150778118,20.318936759702492,75.76497254828236,18.32781264338605,-84.73124611083054,-92.58774352446842,-96.32578996857352,41.20339050307611,-43.197952183660966,64.16960799500939,14.341086791361873,-26.28537920818728,59.95894491326772,-30.712192497723017,20.314785619654987,-17.329969946666928,40.72309974055584,68.20487601478699,-42.85211377100668,44.38017125590017,-119.65948118077029,-12.239950737451268,-79.67175265922843,-127.30439196775082,-26.42831615850594,-132.77411937947605,10.243030983813611,-21.094527488448502,132.60829471000736,77.67486359630986,31.028266743158042
272.32395816107356,88.01446830125288,-225.10767880097933,81.19755886096729,99.96590488541581,208.53354389991443,-76.97506457272475,11.091265777922114,-88.48860603658905,-56.251193794119686,-36.21278602823246,320.1884837632438,-127.08852410853457,-34.417956180157475,43.03608283584487,158.02891608160937,38.402577652897314,-175.59999331349871,-190.31027644805505,-198.67030399484298,86.55448322039449,-89.15102115707927,132.30164193770204,28.667686070826537,-55.50963923650994,124.89634421880756,-63.893166465049866,43.03448488270616,-35.85525937411367,85.3176552271766,141.3647402988179,-89.7827126490005,91.80305535401152,-248.94194928485678,-26.576155054738408,-166.38949367629723,-264.7793066648876,-54.2898768487803,-275.6004476560716,21.52070706229905,-43.415108990873755,275.37230386386057,161.2896180512114,63.91457163031304
-100.40649393234617,-32.47605047616206,83.02767966258807,-29.942473675142228,-36.84825154945215,-76.97506457272475,28.4215795466525,-4.064692138308517,32.63606945551407,20.740235881650243,13.257192027042343,-118.1615359301258,46.87687796566619,12.67167704237331,-15.924322104812315,-58.330245646296206,-14.184761975151654,64.74913078696592,70.07742334926381,73.19762694807984,-31.985983022359324,32.84997289597712,-48.74078302070991,-10.507357070363284,20.531043325317803,-46.09149446669373,23.57273182137351,-15.924788507516187,13.216967090779933,-31.514723144251125,-52.12698852145838,33.16411507895154,-33.84003783784905,91.85091933079018,9.87306155362282,61.42985390607053,97.69002341001192,19.989755835688438,101.64931341507265,-7.953554762239619,15.990133848328217,-101.57180937534295,-59.49204388843959,-23.54350884074058
15.01682734463923,4.739313992628942,-12.274825973722471,4.451131502509093,5.551797859492635,11.091265777922114,-4.064692138308517,0.7374976741819295,-4.825273748093145,-3.102356772544196,-2.4295433468945022,17.16548811480641,-6.920488733333604,-1.9751023973322752,2.1075825040799816,8.41336426810563,2.004881794186882,-9.658318558917838,-10.912414165571088,-11.203003541258786,4.4302607567816965,-5.011656254133044,7.466966348861075,1.8744625200313536,-2.7667493442997606,6.689883698198509,-3.4477779731159357,2.1093790919246134,-1.989540302090264,4.439811682602156,7.774820435303403,-4.669617069820418,5.0975607654976365,-13.418459087493103,-1.12321472362939,-8.800636686266285,-14.305560015188625,-3.1174512718089886,-15.040691108437276,1.0988272435401119,-2.466110752031407,15.002239192181209,8.785365306482595,3.6261211956896897
-116.04262213505102,-37.39532221617166,95.79111996771178,-34.584246923750804,-42.63772184899974,-88.48860603658905,32.63606945551407,-4.825273748093145,37.672746308050094,23.969054462162944,15.82825493754095,-135.9931824808147,54.076245852710116,14.74116353871985,-18.098399064206323,-67.06102939625148,-16.245033003703732,74.80599683752163,81.47208659066354,84.8752862327443,-36.57843527240261,38.07090751437725,-56.53741180334759,-12.478790882571259,23.384345588512858,-53.046138445979196,27.153258958455066,-18.094221602134297,15.289045041765682,-36.10844844012128,-60.21784707733787,37.99660804708338,-39.15368330377215,105.81498122914986,11.012364373890078,70.55561412170923,112.55346787548747,23.2542202139436,117.29836678117204,-9.097000138833444,18.575124670875685,-117.1672532617041,-68.63008863640106,-27.32601491586642
-73.87933669175474,-23.787318929426043,60.96092604243358,-22.00955881771608,-27.153770271929584,-56.251193794119686,20.740235881650243,-3.102356772544196,23.969054462162944,15.26453357817616,10.169609459982354,-86.47747628415749,34.4092979398439,9.401573802940145,-11.46673453182462,-42.63213981642842,-10.322122509467842,47.62195599539259,51.96337406885068,54.094572032376156,-23.212552869882835,24.260813621142265,-36.03157056568689,-8.009246426662338,14.823589186132953,-33.73022155045698,17.274265033410757,-11.464918852551897,9.738494488894768,-22.931579053126036,-38.33343909035918,24.13302215414221,-24.935965727401914,67.29636277819392,6.9366572227524745,44.84462696190819,71.59888121489092,14.831761812726075,74.64874438521319,-5.772451338140708,11.841801920431907,-74.55934341479505,-43.67368972954269,-17.42071561043267
-49.23816749971686,-15.488782505437811,40.18948659968602,-14.606331945974958,-18.230762086363164,-36.21278602823246,13.257192027042343,-2.4295433468945022,15.82825493754095,10.169609459982354,8.14308072789007,-56.10073903034917,22.6604307706357,6.52334500985654,-6.811682337704075,-27.46496957810911,-6.497622692943025,31.668498018281245,35.938247920681334,36.81746762176203,-14.414007814135788,16.464036142278093,-24.565599722816287,-6.252244626009939,8.94856175857459,-21.871709427049172,11.274943747853774,-6.8027948583301505,6.528712249135282,-14.441476846864186,-25.480301694970372,15.191828032595854,-16.734059643671223,43.91370390695903,3.5501308387420956,28.702834772337333,46.780779413942426,10.283670327891686,49.259753816380176,-3.5805489760848017,8.138562183621813,-49.10236960882998,-28.767991368839354,-11.928364420145948
418.6592387925991,135.19440077164316,-345.9316285824843,124.80822624282649,153.7256266789338,320.1884837632438,-118.1615359301258,17.16548811480641,-135.9931824808147,-86.47747628415749,-56.10073903034917,491.7674662005375,-195.29513788393032,-52.99145939257698,65.8990282197654,242.64876408511117,58.91876044466291,-269.93945784792214,-292.98718604055205,-305.66941479752506,132.73338794800597,-137.1489288726952,203.56719986476946,44.36232379118805,-85.04691073107713,191.81921687754914,-98.14893465760996,65.89877124210086,-55.13511955031308,130.900417834598,217.30879878289733,-137.74802469402508,141.17118979973756,-382.4175615777983,-40.520096289218216,-255.42549959658996,-406.7678262385894,-83.58942050121124,-423.54464178897126,33.003155353198345,-66.82010050303545,423.1623806736363,247.85540319180632,98.35884453527188
-166.5868145261997,-53.70445220744742,137.53944868093868,-49.64667039812129,-61.200345248349,-127.08852410853457,46.87687796566619,-6.920488733333604,54.076245852710116,34.4092979398439,22.6604307706357,-195.29513788393032,77.64235521638558,21.149080775000243,-26.017104956789275,-96.31658317716165,-23.349778671167783,107.39130053122156,116.90373091480404,121.8164571220062,-52.55322666082869,54.64479112031375,-81.13727523837275,-17.877164068140736,33.61076459462312,-76.17462789089006,38.99581906289779,-26.013883539593095,21.947833398566072,-51.87748110002639,-86.45072719008913,54.58983528638723,-56.20144247325989,151.93405203404393,15.856849254988092,101.34357349757235,161.622998451282,33.359291006104435,168.4093061916021,-13.066405496541762,26.649243665801013,-168.23327707657185,-98.5384187556401,-39.21611820077418
-45.517904339797866,-14.586920635625166,37.476650587391966,-13.55239729019254,-16.756118150778118,-34.417956180157475,12.67167704237331,-1.9751023973322752,14.74116353871985,9.401573802940145,6.52334500985654,-52.99145939257698,21.149080775000243,5.844200187147804,-6.908675420221124,-26.088365050076092,-6.285864370163999,29.32839218022652,32.25953047016114,33.470603264673855,-14.105682484172553,15.003518554934518,-22.305784894699045,-5.10553199856068,8.955972207756867,-20.668127450143242,10.599838242009923,-6.903135869123552,6.006874331153303,-13.969160125848903,-23.60432331325413,14.69989116075819,-15.384751823760462,41.28922397661797,4.072805254887946,27.405110228491193,43.933983251784504,9.212411047715193,45.897394284857846,-3.505618143688817,7.344605355688978,-45.82368663152697,-26.84354958358644,-10.793278377342897
55.50486774572176,18.091314726873648,-46.06508760583489,16.576907964752156,20.318936759702492,43.03608283584487,-15.924322104812315,2.1075825040799816,-18.098399064206323,-11.46673453182462,-6.811682337704075,65.8990282197654,-26.017104956789275,-6.908675420221124,9.1205984907979,32.60587210852265,7.984014545011667,-35.81931357974387,-38.24312420377313,-40.171133708954095,18.08348436217023,-18.04636274241717,26.73628752833332,5.459553328123063,-11.702195336865238,25.711323222831655,-13.123147309754218,9.121319447084016,-7.2923538628546565,17.740537725076315,28.839628983840967,-18.67110011462593,18.665083486757883,-51.133317473406144,-5.864196757933581,-34.4095079726079,-54.358857638705096,-10.899404223630883,-56.377810294875225,4.499031923105789,-8.747452445688827,56.37100642941264,33.01454440932201,12.894579655012276
206.3946625654056,66.70205533003434,-170.60420546844998,61.53715401872358,75.76497254828236,158.02891608160937,-58.330245646296206,8.41336426810563,-67.06102939625148,-42.63213981642842,-27.46496957810911,242.64876408511117,-96.31658317716165,-26.088365050076092,32.60587210852265,119.75909992000553,29.10276401915197,-133.085832359832,-144.2558516290728,-150.58340297310306,65.5836947637406,-67.57179387534872,100.27931558158274,21.740583169804296,-42.05802227363806,94.64981897897266,-48.422717687687715,32.60581557531416,-27.17601821079304,64.6525721503615,107.13915095843949,-68.0347120112073,69.5803501076524,-188.65736584909823,-20.126795950247896,-126.09049213528908,-200.66453846805487,-41.150077927288656,-208.86989155876665,16.306285411995475,-32.905395946886806,208.69771539000007,122.23578190083062,48.445805928405406
49.972615986078466,16.192451617299525,-41.357449029789926,14.901574602411921,18.32781264338605,38.402577652897314,-14.184761975151654,2.004881794186882,-16.245033003703732,-10.322122509467842,-6.497622692943025,58.91876044466291,-23.349778671167783,-6.285864370163999,7.984014545011667,29.10276401915197,7.098294532075297,-32.22969157160427,-34.7852964072547,-36.37953465012835,15.991510900590804,-16.33079545366948,24.217310721952856,5.165740276586403,-10.286531935155239,22.98060489195384,-11.752346813471748,7.988332137643611,-6.575875584706311,15.74981881784677,25.949373959047527,-16.574183910272964,16.832150468595746,-45.77138269554945,-4.991593135361816,-30.660499322645027,-48.68992338881554,-9.914972983262242,-50.623816964109615,3.973175866522615,-7.934616650624161,50.598827736895224,29.632642599834593,11.695196867655241
-230.54996662771165,-74.24406562023265,190.25264004139774,-68.69294062958865,-84.73124611083054,-175.59999331349871,64.74913078696592,-9.658318558917838,74.80599683752163,47.62195599539259,31.668498018281245,-269.93945784792214,107.39130053122156,29.32839218022652,-35.81931357974387,-133.085832359832,-32.22969157160427,148.61360324455026,162.08702339081884,168.763383130325,-72.4947208618986,75.69414551135117,-112.41482578587937,-24.948455617611007,46.30503899948652,-105.28807374941675,53.915655517185975,-35.814538897001974,30.384706095949568,-71.60650919117793,-119.62996162133356,75.35107559530762,-77.80698706183205,210.05929588777602,21.704513156802005,139.98936345694574,223.47103523167365,46.25869672469988,232.96307745149767,-18.022583882933336,36.9380468697102,-232.69564805646053,-136.29907111383255,-54.34612025863921
-251.5641302086102,-80.644033269124,207.15084724161753,-74.88500722926,-92.58774352446842,-190.31027644805505,70.07742334926381,-10.912414165571088,81.47208659066354,51.96337406885068,35.938247920681334,-292.98718604055205,116.90373091480404,32.25953047016114,-38.24312420377313,-144.2558516290728,-34.7852964072547,162.08702339081884,178.18908790212848,184.92593793076006,-78.02652964012938,82.89310751068233,-123.21872892812671,-28.150746961599445,49.58282584227357,-114.26636750868516,58.58989096097915,-38.232667552155384,33.19451111422267,-77.28016861686109,-130.46470637876885,81.3172124012772,-85.016656562589,228.24786875602948,22.592451976557825,151.55265129352568,242.89360847114543,50.879619259921284,253.70271692129938,-19.394736084742945,40.55236598218281,-253.31225057617172,-148.3799963112742,-59.62287757266686
-261.87965707425445,-84.10989896018945,215.83585879005142,-77.98516514896193,-96.32578996857352,-198.67030399484298,73.19762694807984,-11.203003541258786,84.8752862327443,54.094572032376156,36.81746762176203,-305.66941479752506,121.8164571220062,33.470603264673855,-40.171133708954095,-150.58340297310306,-36.37953465012835,168.763383130325,184.92593793076006,192.17755116404317,-81.68557661348885,86.16528639066593,-128.03179887729004,-28.907909778905772,52.0208941519781,-119.2151915368317,61.09604571496743,-40.16284574421843,34.538169645132925,-80.8152049616571,-135.84483357362572,85.03951315491351,-88.45010296912052,238.01350691812732,23.98654434313129,158.28144850070302,253.25948580157424,52.79091137470934,264.3183217392655,-20.304806789080555,42.10734942266446,-263.9562924565783,-154.6127645594665,-61.92903882107589
112.38220931733095,36.46157789889794,-93.06643726850432,33.536789866158145,41.20339050307611,86.55448322039449,-31.985983022359324,4.4302607567816965,-36.57843527240261,-23.212552869882835,-14.414007814135788,132.73338794800597,-52.55322666082869,-14.105682484172553,18.08348436217023,65.5836947637406,15.991510900590804,-72.4947208618986,-78.02652964012938,-81.68557661348885,36.13446071473212,-36.674496308125214,54.38517139733797,11.473431297510606,-23.26942733542259,51.780673406981904,-26.459164229492036,18.084072597025393,-14.78129767383105,35.53614302798078,58.36457265710833,-37.39665239492244,37.84124382720378,-103.10492530275343,-11.386180267608715,-69.12378681465175,-109.63162033032877,-22.250108646293487,-113.92438431526398,8.986676646251713,-17.823156756279786,113.86663201769208,66.6919353187347,26.251806642580224
-117.45448091491308,-37.73731505881398,96.82008791014775,-34.97999795181589,-43.197952183660966,-89.15102115707927,32.84997289597712,-5.011656254133044,38.07090751437725,24.260813621142265,16.464036142278093,-137.1489288726952,54.64479112031375,15.003518554934518,-18.04636274241717,-67.57179387534872,-16.33079545366948,75.69414551135117,82.89310751068233,86.16528639066593,-36.674496308125214,38.636223592668664,-57.40338542103673,-12.932702147814982,23.364104085597333,-53.490317010512946,27.41142116074607,-18.041930848688068,15.488904612886861,-36.27613782975571,-60.92959553307897,38.17257145374385,-39.66542063517241,106.78350813363244,10.79713985243868,71.03231824544179,113.62097513912073,23.661533834053753,118.56419788178032,-9.114908979026467,18.876579221394785,-118.40648563137094,-69.35642937284389,-27.764591618169984
174.44350293939718,56.01542249094479,-143.75895941315662,51.94961573522166,64.16960799500939,132.30164193770204,-48.74078302070991,7.466966348861075,-56.53741180334759,-36.03157056568689,-24.565599722816287,203.56719986476946,-81.13727523837275,-22.305784894699045,26.73628752833332,100.27931558158274,24.217310721952856,-112.41482578587937,-123.21872892812671,-128.03179887729004,54.38517139733797,-57.40338542103673,85.30360083636259,19.27994672187364,-34.62430778323464,79.39569191481252,-40.69112983328408,26.72717546896838,-23.00742149740753,53.80694346865668,90.48546904722892,-56.61911240877544,58.92288430661892,-158.52477584407598,-15.9468750360568,-105.39895886001496,-168.6715938359573,-35.17768113507495,-176.05261958761787,13.519188280898613,-28.058968181400044,175.80637394977612,102.97969550114492,41.26106182498514
38.776180647916725,12.24120988053312,-31.702043808624232,11.507805550075766,14.341086791361873,28.667686070826537,-10.507357070363284,1.8744625200313536,-12.478790882571259,-8.009246426662338,-6.252244626009939,44.36232379118805,-17.877164068140736,-5.10553199856068,5.459553328123063,21.740583169804296,5.165740276586403,-24.948455617611007,-28.150746961599445,-28.907909778905772,11.473431297510606,-12.932702147814982,19.27994672187364,4.819259094045505,-7.156629504348375,17.294422444167825,-8.906594036433754,5.456536444602657,-5.137216067862867,11.473003561332641,20.075888966377157,-12.069548515115653,13.164021428680048,-34.68838234376923,-2.9218432315305543,-22.742092230890403,-36.951925208243516,-8.050607630878151,-38.85071289328908,2.849578073046724,-6.377762731405665,38.74043199414471,22.696077632243878,9.356760657801754
-71.76694205866069,-23.35118797743094,59.51187910048264,-21.425014158153093,-26.28537920818728,-55.50963923650994,20.531043325317803,-2.7667493442997606,23.384345588512858,14.823589186132953,8.94856175857459,-85.04691073107713,33.61076459462312,8.955972207756867,-11.702195336865238,-42.05802227363806,-10.286531935155239,46.30503899948652,49.58282584227357,52.0208941519781,-23.26942733542259,23.364104085597333,-34.62430778323464,-7.156629504348375,15.03643186347741,-33.1781854095663,16.939049047878353,-11.706961718551318,9.431265309298817,-22.852927615259205,-37.28488251886498,24.04842491032399,-24.142815747499707,66.01400871094918,7.471390309973787,44.36271463280884,70.1858934891005,14.132865055817964,72.84213438800893,-5.787927393889584,11.33147646511049,-72.82653932592463,-42.65038802067837,-16.703909988042867
163.2936684897275,52.733566233020184,-134.93072622761096,48.68122082063785,59.95894491326772,124.89634421880756,-46.09149446669373,6.689883698198509,-53.046138445979196,-33.73022155045698,-21.871709427049172,191.81921687754914,-76.17462789089006,-20.668127450143242,25.711323222831655,94.64981897897266,22.98060489195384,-105.28807374941675,-114.26636750868516,-119.2151915368317,51.780673406981904,-53.490317010512946,79.39569191481252,17.294422444167825,-33.1781854095663,74.82346700265578,-38.2844033883452,25.709391840057595,-21.50474628257454,51.06195983181205,84.75845791404593,-53.73361006875699,55.062765268554166,-149.16860498674862,-15.81248430268068,-99.63626282945387,-158.66284808195448,-32.60147996580451,-165.20320728462806,12.875481928863067,-26.06291897098757,165.0528143834274,96.6752443476522,38.36162125168842
-83.6250491980471,-26.98899696181629,69.0800243376328,-24.92656934654768,-30.712192497723017,-63.893166465049866,23.57273182137351,-3.4477779731159357,27.153258958455066,17.274265033410757,11.274943747853774,-98.14893465760996,38.99581906289779,10.599838242009923,-13.123147309754218,-48.422717687687715,-11.752346813471748,53.915655517185975,58.58989096097915,61.09604571496743,-26.459164229492036,27.41142116074607,-40.69112983328408,-8.906594036433754,16.939049047878353,-38.2844033883452,19.59769900704481,-13.120105611372773,11.016013719644432,-26.104390123382252,-43.40128680260915,27.47105245005128,-28.204711299085655,76.33617598922129,8.039075413185515,50.96424786453485,81.20367200185957,16.71503757039852,84.57561701532761,-6.577351328154853,13.360368390564112,-84.49553763758672,-49.490808468186444,-19.664178664102458
55.496662941595474,18.089879310888193,-46.0593951579489,16.570242577137382,20.314785619654987,43.03448488270616,-15.924788507516187,2.1093790919246134,-18.094221602134297,-11.464918852551897,-6.8027948583301505,65.89877124210086,-26.013883539593095,-6.903135869123552,9.121319447084016,32.60581557531416,7.988332137643611,-35.814538897001974,-38.232667552155384,-40.16284574421843,18.084072597025393,-18.041930848688068,26.72717546896838,5.456536444602657,-11.706961718551318,25.709391840057595,-13.120105611372773,9.127378654301031,-7.291341483371794,17.74459955822239,28.83741740276863,-18.674180109061176,18.661822908771917,-51.12646767901095,-5.868804124987966,-34.408434638114464,-54.35740533314011,-10.895080205726575,-56.37222690100528,4.49913310943799,-8.7409680707189,56.36768580995842,33.011148636068356,12.890545085208489
-47.14050672122637,-15.167685040230642,38.88519672438298,-14.042153872317762,-17.329969946666928,-35.85525937411367,13.216967090779933,-1.989540302090264,15.289045041765682,9.738494488894768,6.528712249135282,-55.13511955031308,21.947833398566072,6.006874331153303,-7.2923538628546565,-27.17601821079304,-6.575875584706311,30.384706095949568,33.19451111422267,34.538169645132925,-14.78129767383105,15.488904612886861,-23.00742149740753,-5.137216067862867,9.431265309298817,-21.50474628257454,11.016013719644432,-7.291341483371794,6.215261614633606,-14.608434020954837,-24.457548079538256,15.372903748441978,-15.914800954350854,42.91275142047195,4.395318800968893,28.578943711955784,45.65804142129679,9.474330513192774,47.61616862018564,-3.67513883817325,7.5624625393024205,-47.55715358252103,-27.856786636269184,-11.125119762928959
111.02557078642683,35.96785300667946,-91.87817869158333,33.11675450497848,40.72309974055584,85.3176552271766,-31.514723144251125,4.439811682602156,-36.10844844012128,-22.931579053126036,-14.441476846864186,130.900417834598,-51.87748110002639,-13.969160125848903,17.740537725076315,64.6525721503615,15.74981881784677,-71.60650919117793,-77.28016861686109,-80.8152049616571,35.53614302798078,-36.27613782975571,53.80694346865668,11.473003561332641,-22.852927615259205,51.06195983181205,-26.104390123382252,17.74459955822239,-14.608434020954837,34.987059664049696,57.651376679578,-36.81494164085383,37.400657986950314,-101.7128026170883,-11.089385985810045,-68.11417831673354,-108.17151509624442,-22.03703265157369,-112.47384336294493,8.83611103259676,-17.637800334339932,112.40832062607086,65.83391564041568,25.981969534466632
185.58916980099994,59.766921063899304,-153.15205034766242,55.29690961391108,68.20487601478699,141.3647402988179,-52.12698852145838,7.774820435303403,-60.21784707733787,-38.33343909035918,-25.480301694970372,217.30879878289733,-86.45072719008913,-23.60432331325413,28.839628983840967,107.13915095843949,25.949373959047527,-119.62996162133356,-130.46470637876885,-135.84483357362572,58.36457265710833,-60.92959553307897,90.48546904722892,20.075888966377157,-37.28488251886498,84.75845791404593,-43.40128680260915,28.83741740276863,-24.457548079538256,57.651376679578,96.30223635906128,-60.663601067112744,62.63076444817844,-169.1013962347796,-17.481615321285126,-112.69783791260082,-179.89795609099778,-37.232726998115226,-187.5339441086322,14.509640632588411,-29.72948592202705,187.3224216475128,109.71980119055075,43.74399629156705
-116.82879494340932,-37.850976506108225,96.6837240937268,-34.84720512007486,-42.85211377100668,-89.7827126490005,33.16411507895154,-4.669617069820418,37.99660804708338,24.13302215414221,15.191828032595854,-137.74802469402508,54.58983528638723,14.69989116075819,-18.67110011462593,-68.0347120112073,-16.574183910272964,75.35107559530762,81.3172124012772,85.03951315491351,-37.39665239492244,38.17257145374385,-56.61911240877544,-12.069548515115653,24.04842491032399,-53.73361006875699,27.47105245005128,-18.674180109061176,15.372903748441978,-36.81494164085383,-60.663601067112744,38.74307101228734,-39.3553284152152,107.03017547546273,11.670879001002307,71.6801362829014,113.82872522016838,23.189279630536653,118.35723270768652,-9.298324383459864,18.561580220866258,-118.28558657481392,-69.27879318992589,-27.339946699807115
120.71841129320758,38.834498731722576,-99.56987297437063,35.96008506989651,44.38017125590017,91.80305535401152,-33.84003783784905,5.0975607654976365,-39.15368330377215,-24.935965727401914,-16.734059643671223,141.17118979973756,-56.20144247325989,-15.384751823760462,18.665083486757883,69.5803501076524,16.832150468595746,-77.80698706183205,-85.016656562589,-88.45010296912052,37.84124382720378,-39.66542063517241,58.92288430661892,13.164021428680048,-24.142815747499707,55.062765268554166,-28.204711299085655,18.661822908771917,-15.914800954350854,37.400657986950314,62.63076444817844,-39.3553284152152,40.75623584106542,-109.8861139168561,-11.244109965054196,-73.17015378095708,-116.90961579877391,-24.266864321076422,-121.92889216357845,9.40893069617234,-19.368721250860347,121.77691004800862,71.32925446165181,28.491876871063038
-325.8121465692126,-105.1398418375013,269.1284042897713,-97.12264417686691,-119.65948118077029,-248.94194928485678,91.85091933079018,-13.418459087493103,105.81498122914986,67.29636277819392,43.91370390695903,-382.4175615777983,151.93405203404393,41.28922397661797,-51.133317473406144,-188.65736584909823,-45.77138269554945,210.05929588777602,228.24786875602948,238.01350691812732,-103.10492530275343,106.78350813363244,-158.52477584407598,-34.68838234376923,66.01400871094918,-149.16860498674862,76.33617598922129,-51.12646767901095,42.91275142047195,-101.7128026170883,-169.1013962347796,107.03017547546273,-109.8861139168561,297.4469418444375,31.335201830583607,198.55872168381114,316.380822284546,65.12859565915029,329.5212314147864,-25.63768689924265,52.05178458922491,-329.20207840293483,-192.82067865859563,-76.6031463771926
-33.58673519436417,-11.098331036523799,28.056724771116787,-10.0589113056992,-12.239950737451268,-26.576155054738408,9.87306155362282,-1.12321472362939,11.012364373890078,6.9366572227524745,3.5501308387420956,-40.520096289218216,15.856849254988092,4.072805254887946,-5.864196757933581,-20.126795950247896,-4.991593135361816,21.704513156802005,22.592451976557825,23.98654434313129,-11.386180267608715,10.79713985243868,-15.9468750360568,-2.9218432315305543,7.471390309973787,-15.81248430268068,8.039075413185515,-5.868804124987966,4.395318800968893,-11.089385985810045,-17.481615321285126,11.670879001002307,-11.244109965054196,31.335201830583607,4.000105857444723,21.31366371054356,33.28356337360048,6.426515219093454,34.31705074003529,-2.832719628954789,5.188412482598253,-34.356528264283234,-20.11821511372914,-7.668711791371876
-217.08677931962097,-70.20778402330085,179.50322179535718,-64.73313834809947,-79.67175265922843,-166.38949367629723,61.42985390607053,-8.800636686266285,70.55561412170923,44.84462696190819,28.702834772337333,-255.42549959658996,101.34357349757235,27.405110228491193,-34.4095079726079,-126.09049213528908,-30.660499322645027,139.98936345694574,151.55265129352568,158.28144850070302,-69.12378681465175,71.03231824544179,-105.39895886001496,-22.742092230890403,44.36271463280884,-99.63626282945387,50.96424786453485,-34.408434638114464,28.578943711955784,-68.11417831673354,-112.69783791260082,71.6801362829014,-73.17015378095708,198.55872168381114,21.31366371054356,132.78747602254614,211.18884370914782,43.230056649579765,219.75979058194787,-17.188380627701523,34.579300940824886,-219.58977486562236,-128.6151880970728,-50.91297485853776
-346.6191879293099,-111.84329019303236,286.3008758523811,-103.31193937088098,-127.30439196775082,-264.7793066648876,97.69002341001192,-14.305560015188625,112.55346787548747,71.59888121489092,46.780779413942426,-406.7678262385894,161.622998451282,43.933983251784504,-54.358857638705096,-200.66453846805487,-48.68992338881554,223.47103523167365,242.89360847114543,253.25948580157424,-109.63162033032877,113.62097513912073,-168.6715938359573,-36.951925208243516,70.1858934891005,-158.66284808195448,81.20367200185957,-54.35740533314011,45.65804142129679,-108.17151509624442,-179.89795609099778,113.82872522016838,-116.90961579877391,316.380822284546,33.28356337360048,211.18884370914782,336.54850110244934,69.30313386161907,350.54480449710024,-27.2586263662651,55.380811257637276,-350.2055031215936,-205.12150488360143,-81.51261013629043
-71.79599175019052,-23.007191605103213,59.110538630700646,-21.372307455634243,-26.42831615850594,-54.2898768487803,19.989755835688438,-3.1174512718089886,23.2542202139436,14.831761812726075,10.283670327891686,-83.58942050121124,33.359291006104435,9.212411047715193,-10.899404223630883,-41.150077927288656,-9.914972983262242,46.25869672469988,50.879619259921284,52.79091137470934,-22.250108646293487,23.661533834053753,-35.17768113507495,-8.050607630878151,14.132865055817964,-32.60147996580451,16.71503757039852,-10.895080205726575,9.474330513192774,-22.03703265157369,-37.232726998115226,23.189279630536653,-24.266864321076422,65.12859565915029,6.426515219093454,43.230056649579765,69.30313386161907,14.532266373545482,72.39965215441815,-5.5328542370540434,11.581747945291536,-72.28203118125947,-42.34199864240703,-17.021859714385528
-361.3799016899012,-116.4759714204228,298.33521461871817,-107.69090344127548,-132.77411937947605,-275.6004476560716,101.64931341507265,-15.040691108437276,117.29836678117204,74.64874438521319,49.259753816380176,-423.54464178897126,168.4093061916021,45.897394284857846,-56.377810294875225,-208.86989155876665,-50.623816964109615,232.96307745149767,253.70271692129938,264.3183217392655,-113.92438431526398,118.56419788178032,-176.05261958761787,-38.85071289328908,72.84213438800893,-165.20320728462806,84.57561701532761,-56.37222690100528,47.61616862018564,-112.47384336294493,-187.5339441086322,118.35723270768652,-121.92889216357845,329.5212314147864,34.31705074003529,219.75979058194787,350.54480449710024,72.39965215441815,365.3011165986344,-28.326103695252648,57.83015466622654,-364.90817297281785,-213.7386149731655,-85.09684890186507
27.938630566452307,9.064824607993158,-23.13707889931023,8.338211478677534,10.243030983813611,21.52070706229905,-7.953554762239619,1.0988272435401119,-9.097000138833444,-5.772451338140708,-3.5805489760848017,33.003155353198345,-13.066405496541762,-3.505618143688817,4.499031923105789,16.306285411995475,3.973175866522615,-18.022583882933336,-19.394736084742945,-20.304806789080555,8.986676646251713,-9.114908979026467,13.519188280898613,2.849578073046724,-5.787927393889584,12.875481928863067,-6.577351328154853,4.49913310943799,-3.67513883817325,8.83611103259676,14.509640632588411,-9.298324383459864,9.40893069617234,-25.63768689924265,-2.832719628954789,-17.188380627701523,-27.2586263662651,-5.5328542370540434,-28.326103695252648,2.2381117037878324,-4.431640640928618,28.30938965814644,16.581884485587768,6.525099565848302
-57.32226992842256,-18.389257321501518,47.21909849105451,-17.07012108986761,-21.094527488448502,-43.415108990873755,15.990133848328217,-2.466110752031407,18.575124670875685,11.841801920431907,8.138562183621813,-66.82010050303545,26.649243665801013,7.344605355688978,-8.747452445688827,-32.905395946886806,-7.934616650624161,36.9380468697102,40.55236598218281,42.10734942266446,-17.823156756279786,18.876579221394785,-28.058968181400044,-6.377762731405665,11.33147646511049,-26.06291897098757,13.360368390564112,-8.7409680707189,7.5624625393024205,-17.637800334339932,-29.72948592202705,18.561580220866258,-19.368721250860347,52.05178458922491,5.188412482598253,34.579300940824886,55.380811257637276,11.581747945291536,57.83015466622654,-4.431640640928618,9.237075580872709,-57.74021664511673,-33.82469143423795,-13.573998536832732
360.96041856037937,116.3675123696546,-298.0210310054274,107.56920631299728,132.60829471000736,275.37230386386057,-101.57180937534295,15.002239192181209,-117.1672532617041,-74.55934341479505,-49.10236960882998,423.1623806736363,-168.23327707657185,-45.82368663152697,56.37100642941264,208.69771539000007,50.598827736895224,-232.69564805646053,-253.31225057617172,-263.9562924565783,113.86663201769208,-118.40648563137094,175.80637394977612,38.74043199414471,-72.82653932592463,165.0528143834274,-84.49553763758672,56.36768580995842,-47.55715358252103,112.40832062607086,187.3224216475128,-118.28558657481392,121.77691004800862,-329.20207840293483,-34.356528264283234,-219.58977486562236,-350.2055031215936,-72.28203118125947,-364.90817297281785,28.30938965814644,-57.74021664511673,364.529154386142,213.51238107430527,84.97478436659958
211.4254272769922,68.15937562691359,-174.55879508433458,63.00838495772186,77.67486359630986,161.2896180512114,-59.49204388843959,8.785365306482595,-68.63008863640106,-43.67368972954269,-28.767991368839354,247.85540319180632,-98.5384187556401,-26.84354958358644,33.01454440932201,122.23578190083062,29.632642599834593,-136.29907111383255,-148.3799963112742,-154.6127645594665,66.6919353187347,-69.35642937284389,102.97969550114492,22.696077632243878,-42.65038802067837,96.6752443476522,-49.490808468186444,33.011148636068356,-27.856786636269184,65.83391564041568,109.71980119055075,-69.27879318992589,71.32925446165181,-192.82067865859563,-20.11821511372914,-128.6151880970728,-205.12150488360143,-42.34199864240703,-213.7386149731655,16.581884485587768,-33.82469143423795,213.51238107430527,125.06282319223227,49.7743561114491
84.33722163999401,27.068653572001754,-69.48697896781506,25.111785743692206,31.028266743158042,63.91457163031304,-23.54350884074058,3.6261211956896897,-27.32601491586642,-17.42071561043267,-11.928364420145948,98.35884453527188,-39.21611820077418,-10.793278377342897,12.894579655012276,48.445805928405406,11.695196867655241,-54.34612025863921,-59.62287757266686,-61.92903882107589,26.251806642580224,-27.764591618169984,41.26106182498514,9.356760657801754,-16.703909988042867,38.36162125168842,-19.664178664102458,12.890545085208489,-11.125119762928959,25.981969534466632,43.74399629156705,-27.339946699807115,28.491876871063038,-76.6031463771926,-7.668711791371876,-50.91297485853776,-81.51261013629043,-17.021859714385528,-85.09684890186507,6.525099565848302,-13.573998536832732,84.97478436659958,49.7743561114491,19.961138967382738
