V1,V2,V3,V4,V5,V6,V7,V8,V9,V10,V11,V12,V13,V14,V15,V16,V17,V18,V19,V20,V21,V22,V23,V24,V25,V26,V27,V28,V29,V30,V31,V32,V33,V34,V35,V36,V37,V38,V39,V40,V41,V42,V43,V44
2.0548858325051067,-0.0026305520181299676,0.0033733498328362716,3.3818277999796367,0.9924829775114706,0.12809939109454238,-0.6158318858784994,-0.15791384394799826,1.579466400766607,2.0548988809149895,-0.9277980283189671,1.041334519567606,-1.1776310662671985,0.8907792919786993,-1.4470242501627129,-0.21647373374146564,0.25427542657436875,0.9473088859995059,1.1195670704875298,-0.010874202873691174,0.23449015251543998,-1.5383622539658575,-0.15725821328484751,0.6778305589603374,0.1581654910772762,-1.315813780258746,1.1104104122319336,-2.242547408819887,1.4399790600816735,0.5973044887421358,1.4598004831934417,-0.09839182664244679,-3.138630661562855,-1.2573673393175664,-1.3549323872527879,1.1851547800375744,0.6847913849609001,0.015293975789715485,2.0023531233572034,-1.9945369311924535,0.9200799317072992,0.29496357670567264,0.5426688415209707,-0.17239982548790486
-0.0026305520181299676,0.19211696759758692,-0.2306644751865536,-0.875499165745982,0.2721654414531052,-0.22370147954066813,0.29407983083233336,-0.14448203637400958,0.05533452081846109,-0.6945414165966414,0.03567087232761301,-0.41023139632407185,0.020167169927171557,0.33913320694357857,0.5965675419086426,0.07637495156014945,-0.17622284020199921,0.11060826094894169,-0.28735308916029084,0.45276825113805846,-0.17876317546632892,0.4241643164307734,-0.3079110398518638,-0.38854476305064417,0.02973141892788121,0.24731307044042472,0.17611506641561603,0.7829807472091905,-0.25422996496931927,-0.056449080470860176,-0.4805327509754488,-0.502048415582122,0.35180900973832796,0.004987913762243569,0.32510771865338506,-0.5473211050943464,-0.6439589682365616,-0.8077781951559143,-0.395339793838338,0.1325068762404972,-0.1946882521361847,-0.17486268632305116,0.042794344825551944,0.21888423290883832
0.0033733498328362716,-0.2306644751865536,0.33889588117407654,0.9618809418272138,-0.30523151547650995,0.12612003561648125,-0.3105427074645754,0.10237655858006842,0.01876144154749509,0.8502823266968136,-0.10437148915014509,0.5548316068353225,0.06470596809137837,-0.12795045787142742,-0.6632966061996143,-0.08944430579643972,0.08959042005510214,0.04566742899230729,0.30406924928657647,-0.4439824899782322,0.255393329975365,-0.508664145448536,0.26250139890863605,0.5460386936252278,-0.06619357893749209,-0.32025722018352376,-0.33909370751667023,-0.8270731416114576,0.32716801678436147,0.07390499764618723,0.5280748224271344,0.4343064309947294,-0.46034852106872354,0.07279981068463275,-0.49378015378707285,0.3282988460588663,0.4805454399828753,0.9583553964902061,0.543938339906134,-0.18380269401957544,0.3041453699114397,-0.005286419441085161,-0.08179748725458992,-0.5653714529387504
3.3818277999796367,-0.875499165745982,0.9618809418272138,10.051973141946993,0.18841957039988655,1.679468654973862,-2.5960920799563154,0.8462504401652386,2.2113156901721522,6.778668047652836,-1.409146595024102,3.481932245448936,-2.2886941317901672,-0.9396018399399414,-5.477426728061856,-0.6875878629575766,1.8516635053726638,0.5495332452932741,3.4450528277890506,-2.62500896080333,1.1195766003373437,-4.604149163482639,1.4622168236982598,2.7524857880095945,0.134698157020079,-3.317588158177261,1.3939433231841962,-7.756609717247973,3.5382574541039893,1.3648447062863744,4.931571588207057,2.7318810114139738,-6.826078965170146,-2.194025830511744,-3.5546766857042793,5.610069439455806,5.102666354097626,4.090231781629961,5.071575975480409,-3.9366035094402188,2.4223607047415334,2.01631999168179,0.8046317705658663,-0.4362489187104129
0.9924829775114706,0.2721654414531052,-0.30523151547650995,0.18841957039988655,0.9672482842737518,-0.41904527592394764,0.22843946301306,-0.4866531309662387,0.8531950528663171,-0.12554226723280998,-0.5096772458956083,-0.08592217814002057,-0.4543412797532072,1.2027947350846067,0.3274751516425972,-0.007976730984055835,-0.39587751414760036,0.7860406615400511,0.01319323631033969,0.8702819799951056,-0.11203184569699347,-0.05629277005491352,-0.624916888989299,-0.21948622328643405,0.13213226739655604,-0.24684301247954174,0.6788298785842904,0.23104585243708448,0.3122211592173267,0.13922660006558724,-0.13170232809372093,-0.9781885662342128,-0.966017702091112,-0.6075749059964818,-0.21320363868375863,-0.6198161158453699,-0.9609409055875259,-1.3526324120324091,0.3854837634414068,-0.7374997792370316,0.1119868699906529,-0.38622960012569535,0.2914296093771934,-0.03171322513202817
0.12809939109454238,-0.22370147954066813,0.12612003561648125,1.679468654973862,-0.41904527592394764,0.7588713935722841,-0.598481273419905,0.5401175966337027,-0.15122325707237363,1.077047422231341,0.16264200366407736,0.42690077197211007,-0.3809511359740624,-1.2474017989993305,-1.1087813523918122,-0.08781168348684355,0.8001875080826623,-0.6196422828433998,0.6542367757785604,-1.0065604077883012,0.11978920655995459,-0.6974729334778622,0.6885406547399606,0.31946576600309035,0.014231906344221692,-0.3722630820430085,0.2597230788387195,-1.532363529512505,0.37522123868118346,0.1817918791487909,0.9497285831677993,1.1839296269985886,-0.6173119371247732,-0.24134448075300055,-0.24648301986636978,1.886283427963192,1.843964486681255,1.2231201145358586,0.49424662680948117,-0.28906252467605487,0.21811947252969738,0.9859042984743756,0.09466446408092319,0.6597631739130121
-0.6158318858784994,0.29407983083233336,-0.3105427074645754,-2.5960920799563154,0.22843946301306,-0.598481273419905,0.7646805680517121,-0.40571160966883263,-0.34900171389374657,-1.8047533649904626,0.1915975019079835,-0.9110169429185324,0.5075330953991688,0.6460289474202996,1.5389943575297829,0.174450534992964,-0.6548079963049613,0.12769994417033123,-0.921642230758937,0.961385699873147,-0.29739214919269286,1.1890557789135394,-0.5714856435431265,-0.7525835689446673,-0.0011443464096901716,0.7975324756405799,-0.22386575370147815,2.1187782474566648,-0.8315015204668825,-0.336486396892867,-1.3373508962910687,-1.017557095935067,1.5153660819266406,0.4130757653636292,0.844251983191297,-1.7386321273239438,-1.6805149884087072,-1.4526682463908738,-1.1979543117042728,0.8338461603779905,-0.604834184443434,-0.7168729699246653,-0.13590622980103154,0.01077307677495653
-0.15791384394799826,-0.14448203637400958,0.10237655858006842,0.8462504401652386,-0.4866531309662387,0.5401175966337027,-0.40571160966883263,0.578779628485086,-0.23636055900464792,0.6230165156865586,0.29438522059033867,0.18770697709321377,-0.14720231514349827,-1.0708711284021653,-0.7383554856537091,-0.026678484030338793,0.7135638207036926,-0.5953353792814849,0.3833652138401199,-0.8660388861972548,0.036161665303059934,-0.36580841481160825,0.5355444251874081,0.1884187927834855,-0.03702901651110615,-0.14540490013629145,0.08523054707044735,-0.8788343099259273,0.11684125807050985,0.12395779603854724,0.5832799388495404,0.9216798666786811,-0.09612173563517029,0.053976741685272486,-0.028131917791939614,1.340602828135998,1.3606902274101556,1.0302661781758682,0.1441900627808995,-0.0019076913962099845,0.1423067503365691,0.7798517420528737,0.006138702040919331,0.5458471914879569
1.579466400766607,0.05533452081846109,0.01876144154749509,2.2113156901721522,0.8531950528663171,-0.15122325707237363,-0.34900171389374657,-0.23636055900464792,1.4523233132929623,1.4140662309489775,-0.7721381755243732,0.8151112140306404,-0.7736060594320344,1.2703728925064341,-0.8658079544376414,-0.13665564234691874,0.004164707723463285,1.045298596176388,0.7447671213391064,0.2971025226512337,0.1455816009892699,-1.0886313343288616,-0.4187219327358999,0.5553440642220272,0.06892598921738932,-1.0276066152531325,0.6923112832753716,-1.3505458726621917,1.081597265857655,0.485132578753084,0.9108691208497781,-0.5213543805794358,-2.4306935823318576,-0.7675129086758802,-1.1442983231100599,0.24456015443115595,-0.12303275552529855,-0.20170955584615313,1.564545358593849,-1.5839304515456045,0.817026282459277,-0.10932196834353872,0.35972636042577105,-0.5665256601210742
2.0548988809149895,-0.6945414165966414,0.8502823266968136,6.778668047652836,-0.12554226723280998,1.077047422231341,-1.8047533649904626,0.6230165156865586,1.4140662309489775,4.771499657126659,-0.9262618346359691,2.56798280900171,-1.3164431629884297,-0.5848145703417748,-3.832961691684686,-0.4705495424288881,1.2149094242281142,0.4188678354755664,2.3128972958771445,-1.924847406124324,0.872401306651978,-3.190058138792477,1.0469450885863985,2.1196685319486988,0.007018315238741494,-2.2765203006311454,0.5578526987752852,-5.28486152468473,2.407067445153973,0.9083298630460138,3.393958864807375,1.9284701659931647,-4.509584563460972,-1.2155262225602157,-2.5667968931944167,3.5602767095297847,3.3794502458885303,3.240079762271034,3.5099813151318315,-2.541830963070606,1.7530021299286487,1.193489307828693,0.4199038984198945,-0.772289574648255
-0.9277980283189671,0.03567087232761301,-0.10437148915014509,-1.409146595024102,-0.5096772458956083,0.16264200366407736,0.1915975019079835,0.29438522059033867,-0.7721381755243732,-0.9262618346359691,0.5821923563941278,-0.5853130576914521,0.38226406164187465,-0.8259048577223559,0.5442755796480707,0.1198318318222561,0.20280870166547849,-0.6983336295001318,-0.39549783938644173,-0.20605325569254823,-0.18981230454301082,0.688234873077797,0.1983922197547686,-0.4441942144642612,-0.05782536633392507,0.6172481569316289,-0.2622072936576177,0.8690283025205151,-0.6839888572820564,-0.2132178416362127,-0.5579409079576545,0.28822574399884865,1.4467290800177648,0.5073296006084252,0.7588188991555208,0.016101114146025223,0.16258641500437745,0.06253282436806637,-0.9962377785101845,0.8998541118856838,-0.44402798944497185,0.2605198208246017,-0.18343647366440632,0.5909395153719748
1.041334519567606,-0.41023139632407185,0.5548316068353225,3.481932245448936,-0.08592217814002057,0.42690077197211007,-0.9110169429185324,0.18770697709321377,0.8151112140306404,2.56798280900171,-0.5853130576914521,1.559850862916665,-0.5367610572095222,0.052435779123728175,-1.980287994282559,-0.24194766931448783,0.4397388803848647,0.4495476673160836,1.1495187864026433,-0.8794728951375184,0.5463170127089614,-1.7238111046064473,0.44738037831494315,1.301986380756239,-0.04891853258696731,-1.2565093636910714,0.013009852248950895,-2.690625497082925,1.318313559234948,0.45688120754181605,1.7540837104624356,0.8220156143342431,-2.422689750306945,-0.5014669988904327,-1.5405102195374494,1.3839195370458581,1.390114259068348,1.799026517934706,1.9566816157598543,-1.3331668608843557,1.0053551873521138,0.3342833147405327,0.15274520349345222,-0.9232239232971591
-1.1776310662671985,0.020167169927171557,0.06470596809137837,-2.2886941317901672,-0.4543412797532072,-0.3809511359740624,0.5075330953991688,-0.14720231514349827,-0.7736060594320344,-1.3164431629884297,0.38226406164187465,-0.5367610572095222,0.8553460211846577,0.09034485639567788,1.0754107082522757,0.1336650799813177,-0.4920778046034849,-0.1864188326931821,-0.8138465454286701,0.33235213497676674,-0.08436581248203466,0.9722952956990185,-0.15568296866604295,-0.3048717955591817,-0.12418830761880424,0.7666178670284576,-0.8758329035421819,1.6486885397955358,-0.8366024529281969,-0.38331575332939816,-1.0462979387004447,-0.36649772138045356,1.8194371778470724,0.8395369884967615,0.6535257330349667,-1.4573985002415655,-1.1046117024530173,-0.23019251380329014,-1.1139083745123166,1.150921873700906,-0.484855986328671,-0.6432915176485767,-0.36999022314607255,-0.4628304841536314
0.8907792919786993,0.33913320694357857,-0.12795045787142742,-0.9396018399399414,1.2027947350846067,-1.2474017989993305,0.6460289474202996,-1.0708711284021653,1.2703728925064341,-0.5848145703417748,-0.8259048577223559,0.052435779123728175,0.09034485639567788,2.916494541276877,1.080075866220414,0.03921165358932244,-1.291650049328506,1.7519440580858037,-0.4541498814448224,1.7877371314876562,-0.035473645995924896,0.24324096416568805,-1.3747939634248778,-0.010792879367265331,0.0015456330421112763,-0.2014903690098165,-0.049797335792509216,1.3298369274011288,0.2210754877584468,0.06295565471720412,-0.7839090498316595,-2.2092539452545137,-0.8375885493219496,-0.11808360250712295,-0.5462099877517681,-2.837034491734727,-2.998323074709407,-1.9147332372404793,0.4297276455049901,-0.6988967580473805,0.28401567866806215,-1.6676790876398517,0.07729561627705991,-1.62222970192413
-1.4470242501627129,0.5965675419086426,-0.6632966061996143,-5.477426728061856,0.3274751516425972,-1.1087813523918122,1.5389943575297829,-0.7383554856537091,-0.8658079544376414,-3.832961691684686,0.5442755796480707,-1.980287994282559,1.0754107082522757,1.080075866220414,3.2273061317686804,0.368836243988141,-1.2619302635061453,0.04545045846901598,-1.898561524224031,1.878719745247232,-0.6656362810141395,2.543963461599593,-1.0998144381853647,-1.6422012361901488,-0.00894497263870981,1.7452803536012529,-0.4983199721632436,4.395525526347571,-1.838969168132459,-0.7055417348722333,-2.822592708088197,-1.9604412178040478,3.364986847533831,0.9308054730477737,1.8696981720709271,-3.4097665432284168,-3.28740559128563,-2.8979346380780977,-2.643941252229661,1.854380827328671,-1.3116576850468664,-1.325082920907643,-0.3292437117352617,0.1967396909576269
-0.21647373374146564,0.07637495156014945,-0.08944430579643972,-0.6875878629575766,-0.007976730984055835,-0.08781168348684355,0.174450534992964,-0.026678484030338793,-0.13665564234691874,-0.4705495424288881,0.1198318318222561,-0.24194766931448783,0.1336650799813177,0.03921165358932244,0.368836243988141,0.06469593157178999,-0.06462360028132648,-0.049051410345499556,-0.22095114130999885,0.16325158723253025,-0.08669078290178829,0.3112866487687069,-0.10621868536059009,-0.21089872083013048,-0.0171179461315307,0.223377404097994,-0.053474612462726,0.5361562596828875,-0.24132941830260926,-0.07340489134219463,-0.3166823881469196,-0.1828565130279081,0.4478385770775108,0.14904831254491901,0.2515262496942041,-0.33559784952805233,-0.3185266717633126,-0.2878613207389695,-0.34955355977406305,0.2541956494828568,-0.15534352961219394,-0.08528685155086152,-0.031679195043581646,0.09890462833704024
0.25427542657436875,-0.17622284020199921,0.08959042005510214,1.8516635053726638,-0.39587751414760036,0.8001875080826623,-0.6548079963049613,0.7135638207036926,0.004164707723463285,1.2149094242281142,0.20280870166547849,0.4397388803848647,-0.4920778046034849,-1.291650049328506,-1.2619302635061453,-0.06462360028132648,1.044707596031449,-0.6112693839325015,0.7620268906557112,-1.1273253532259653,0.08441032305595286,-0.799974894842963,0.6749357159720477,0.32574811047752905,-0.004764214869083917,-0.46630226500207855,0.435846218797629,-1.6450264527052723,0.45591687569388517,0.2882867431747357,1.0970734217557179,1.2206272688920012,-0.8221321638029331,-0.24783470839040814,-0.28770564200233784,2.1260256526164376,2.014671651013868,1.284646473164999,0.6062263213025436,-0.43989713562741656,0.34468811257836096,1.1612932998023102,0.1677447667408004,0.8350575875817975
0.9473088859995059,0.11060826094894169,0.04566742899230729,0.5495332452932741,0.7860406615400511,-0.6196422828433998,0.12769994417033123,-0.5953353792814849,1.045298596176388,0.4188678354755664,-0.6983336295001318,0.4495476673160836,-0.1864188326931821,1.7519440580858037,0.04545045846901598,-0.049051410345499556,-0.6112693839325015,1.203910611979777,0.09868398518076246,0.8328052473164723,0.1300218860779011,-0.3788258983292556,-0.7036598614957413,0.3250776788750263,0.010579733165429333,-0.5115836506485714,0.11686914095664526,-0.03139395360578213,0.5569177292715924,0.187444984331964,0.08294660675885793,-1.086018787565938,-1.3200504064710958,-0.32334791306316196,-0.7661599670261847,-1.1870419847035905,-1.3308221648337035,-0.7341885053238905,0.8730182703720644,-0.8840279522022219,0.4574028505033227,-0.860122138813986,0.15038604242044123,-1.10667980263046
1.1195670704875298,-0.28735308916029084,0.30406924928657647,3.4450528277890506,0.01319323631033969,0.6542367757785604,-0.921642230758937,0.3833652138401199,0.7447671213391064,2.3128972958771445,-0.39549783938644173,1.1495187864026433,-0.8138465454286701,-0.4541498814448224,-1.898561524224031,-0.22095114130999885,0.7620268906557112,0.09868398518076246,1.2313411749387544,-0.9680817706620722,0.3498207141692661,-1.5661373041748399,0.5237936816637903,0.890807757709665,0.035375921588328696,-1.1258364607794802,0.5350802189499477,-2.680828191852358,1.1872294881248184,0.497525455371354,1.7094038679093635,1.0090413691414737,-2.311759749431892,-0.7247865922752472,-1.1745575581958447,2.0908745527848858,1.896675916190888,1.454379466833625,1.7038800415057864,-1.3404541797294038,0.8387759166006874,0.8214032122320535,0.28278543971972153,0.004808548996781281
-0.010874202873691174,0.45276825113805846,-0.4439824899782322,-2.62500896080333,0.8702819799951056,-1.0065604077883012,0.961385699873147,-0.8660388861972548,0.2971025226512337,-1.924847406124324,-0.20605325569254823,-0.8794728951375184,0.33235213497676674,1.7877371314876562,1.878719745247232,0.16325158723253025,-1.1273253532259653,0.8328052473164723,-0.9680817706620722,1.7248275519806684,-0.34241768964737157,1.1789714194853531,-1.1217819940623222,-0.8111161360535074,0.054624454333301334,0.6163667005940877,0.010432997577970267,2.410882539247883,-0.6247351286842064,-0.2623583283660861,-1.5418651805877628,-1.8852685506077294,0.877560801999326,0.1316616990974754,0.5841691018711188,-2.5902286148516915,-2.696194336231386,-2.368432010740625,-0.8969065944864901,0.3498670381583259,-0.48000458436984605,-1.237842776147363,-0.024023555144032933,-0.4178927783030606
0.23449015251543998,-0.17876317546632892,0.255393329975365,1.1195766003373437,-0.11203184569699347,0.11978920655995459,-0.29739214919269286,0.036161665303059934,0.1455816009892699,0.872401306651978,-0.18981230454301082,0.5463170127089614,-0.08436581248203466,-0.035473645995924896,-0.6656362810141395,-0.08669078290178829,0.08441032305595286,0.1300218860779011,0.3498207141692661,-0.34241768964737157,0.24564935317770575,-0.5537359611582555,0.20571032711922113,0.4802053001241272,-0.030208291363013524,-0.37281853137210963,-0.12666093656675004,-0.8782426344536103,0.4096372194221311,0.10827693862712383,0.575036672040112,0.3423358256924943,-0.6848293163339374,-0.1260720844334045,-0.5175561355777261,0.3913152092848008,0.4591837771933694,0.7201360288262926,0.6243197013003292,-0.3389739732535746,0.30370723432494573,0.027353301124158926,0.014014831749358614,-0.42592915993089697
-1.5383622539658575,0.4241643164307734,-0.508664145448536,-4.604149163482639,-0.05629277005491352,-0.6974729334778622,1.1890557789135394,-0.36580841481160825,-1.0886313343288616,-3.190058138792477,0.688234873077797,-1.7238111046064473,0.9722952956990185,0.24324096416568805,2.543963461599593,0.3112866487687069,-0.799974894842963,-0.3788258983292556,-1.5661373041748399,1.1789714194853531,-0.5537359611582555,2.1689997924074236,-0.6170350256910331,-1.390309051480175,-0.02437709209955737,1.5825020455204515,-0.4971048876138468,3.5448736426021257,-1.6699562838794264,-0.6390707067976283,-2.2835822013023526,-1.1674652978279296,3.197364843582172,0.9011838514537646,1.7531673952600033,-2.354906433576123,-2.171671529061161,-1.9853682594990811,-2.42055569820866,1.832777410204288,-1.1994963705528192,-0.7965958983389597,-0.3350387705549633,0.47648225850773535
-0.15725821328484751,-0.3079110398518638,0.26250139890863605,1.4622168236982598,-0.624916888989299,0.6885406547399606,-0.5714856435431265,0.5355444251874081,-0.4187219327358999,1.0469450885863985,0.1983922197547686,0.44738037831494315,-0.15568296866604295,-1.3747939634248778,-1.0998144381853647,-0.10621868536059009,0.6749357159720477,-0.7036598614957413,0.5237936816637903,-1.1217819940623222,0.20571032711922113,-0.6170350256910331,0.8168592312419212,0.42575724876489224,-0.010826359864199287,-0.25528916579999644,-0.04578977862139888,-1.4258611314515806,0.27335526343105637,0.07365588169365904,0.8737599667064384,1.315145769281175,-0.2563817183809531,-0.08348095968180386,-0.19746409485983152,1.6995371869905045,1.811724178092768,1.4850357996392896,0.3595154821514184,-0.01302963411220362,0.14036720719781137,0.8281423279008289,-0.019756764266845167,0.41162124383124993
0.6778305589603374,-0.38854476305064417,0.5460386936252278,2.7524857880095945,-0.21948622328643405,0.31946576600309035,-0.7525835689446673,0.1884187927834855,0.5553440642220272,2.1196685319486988,-0.4441942144642612,1.301986380756239,-0.3048717955591817,-0.010792879367265331,-1.6422012361901488,-0.21089872083013048,0.32574811047752905,0.3250776788750263,0.890807757709665,-0.8111161360535074,0.4802053001241272,-1.390309051480175,0.42575724876489224,1.152917546729229,-0.06466288587023286,-0.9908682071384115,-0.1836571818394337,-2.176067850595572,1.028851161764021,0.3351341488227566,1.4106052111413283,0.7513547708790006,-1.8099874179066182,-0.2656646121737021,-1.260752415759844,1.0475250808702716,1.1345411375002912,1.6811324741367373,1.5587053938943183,-0.9645054178449765,0.824652070108769,0.1997959230793928,0.04551632914599889,-0.926563345174147
0.1581654910772762,0.02973141892788121,-0.06619357893749209,0.134698157020079,0.13213226739655604,0.014231906344221692,-0.0011443464096901716,-0.03702901651110615,0.06892598921738932,0.007018315238741494,-0.05782536633392507,-0.04891853258696731,-0.12418830761880424,0.0015456330421112763,-0.00894497263870981,-0.0171179461315307,-0.004764214869083917,0.010579733165429333,0.035375921588328696,0.054624454333301334,-0.030208291363013524,-0.02437709209955737,-0.010826359864199287,-0.06466288587023286,0.047308557273093285,-0.029676746373986963,0.17688286142894682,-0.07496717700340738,0.046306163018889596,0.01171946468090277,0.024103693843453226,-0.02073903135113532,-0.13677583945069544,-0.15897678449980318,0.020817600032370324,0.12929186044235805,0.059041916283215756,-0.17795831965409095,0.0368245761766816,-0.10350046993461608,-0.025749277410986256,0.05786716587522482,0.058405092484451804,0.1623234654583787
-1.315813780258746,0.24731307044042472,-0.32025722018352376,-3.317588158177261,-0.24684301247954174,-0.3722630820430085,0.7975324756405799,-0.14540490013629145,-1.0276066152531325,-2.2765203006311454,0.6172481569316289,-1.2565093636910714,0.7666178670284576,-0.2014903690098165,1.7452803536012529,0.223377404097994,-0.46630226500207855,-0.5115836506485714,-1.1258364607794802,0.6163667005940877,-0.37281853137210963,1.5825020455204515,-0.25528916579999644,-0.9908682071384115,-0.029676746373986963,1.2204462307423283,-0.45277271718468154,2.4685174772259715,-1.282322012527805,-0.5011702242397141,-1.5991016624249303,-0.5574916883147417,2.543915271706145,0.7190824382872657,1.3565256910990047,-1.4442343497022085,-1.2510916818241211,-1.148686375888456,-1.863767645790508,1.5018740723464656,-0.9316486008559537,-0.4275044552293478,-0.28484215291134163,0.46750840195358295
1.1104104122319336,0.17611506641561603,-0.33909370751667023,1.3939433231841962,0.6788298785842904,0.2597230788387195,-0.22386575370147815,0.08523054707044735,0.6923112832753716,0.5578526987752852,-0.2622072936576177,0.013009852248950895,-0.8758329035421819,-0.049797335792509216,-0.4983199721632436,-0.053474612462726,0.435846218797629,0.11686914095664526,0.5350802189499477,0.010432997577970267,-0.12666093656675004,-0.4971048876138468,-0.04578977862139888,-0.1836571818394337,0.17688286142894682,-0.45277271718468154,1.1573502325545038,-0.8914072334052341,0.521314480210384,0.30335981428030484,0.5772933490192583,0.03907660531900851,-1.3378485014121733,-0.874922248928137,-0.1850185691336031,1.1952984590184443,0.7289999086361495,-0.5664467263573061,0.6064982165169933,-0.9325805945699343,0.1999938642346467,0.6415955003296202,0.4363695603237244,0.983881819833874
-2.242547408819887,0.7829807472091905,-0.8270731416114576,-7.756609717247973,0.23104585243708448,-1.532363529512505,2.1187782474566648,-0.8788343099259273,-1.3505458726621917,-5.28486152468473,0.8690283025205151,-2.690625497082925,1.6486885397955358,1.3298369274011288,4.395525526347571,0.5361562596828875,-1.6450264527052723,-0.03139395360578213,-2.680828191852358,2.410882539247883,-0.8782426344536103,3.5448736426021257,-1.4258611314515806,-2.176067850595572,-0.07496717700340738,2.4685174772259715,-0.8914072334052341,6.158718232936092,-2.6105519429782778,-0.9972854870545521,-3.889730640095755,-2.5748649908976726,4.9005503431148965,1.5045732713765751,2.6124078461404983,-4.757070816646583,-4.47435405107675,-3.6825217540812907,-3.744662532967941,2.757819404408631,-1.7948977402549953,-1.8233318064513915,-0.5231830981178932,0.16483827123324657
1.4399790600816735,-0.25422996496931927,0.32716801678436147,3.5382574541039893,0.3122211592173267,0.37522123868118346,-0.8315015204668825,0.11684125807050985,1.081597265857655,2.407067445153973,-0.6839888572820564,1.318313559234948,-0.8366024529281969,0.2210754877584468,-1.838969168132459,-0.24132941830260926,0.45591687569388517,0.5569177292715924,1.1872294881248184,-0.6247351286842064,0.4096372194221311,-1.6699562838794264,0.27335526343105637,1.028851161764021,0.046306163018889596,-1.282322012527805,0.521314480210384,-2.6105519429782778,1.3698970129669934,0.5208188795841973,1.690528892390571,0.5771543466291842,-2.7117279263661636,-0.8345464959833732,-1.4286585540265926,1.5236661538923548,1.3114621472099675,1.1476281307654819,1.9730004262611296,-1.5983450905475018,0.9601070480596666,0.432617399528151,0.3218392960851415,-0.4712802118547185
0.5973044887421358,-0.056449080470860176,0.07390499764618723,1.3648447062863744,0.13922660006558724,0.1817918791487909,-0.336486396892867,0.12395779603854724,0.485132578753084,0.9083298630460138,-0.2132178416362127,0.45688120754181605,-0.38331575332939816,0.06295565471720412,-0.7055417348722333,-0.07340489134219463,0.2882867431747357,0.187444984331964,0.497525455371354,-0.2623583283660861,0.10827693862712383,-0.6390707067976283,0.07365588169365904,0.3351341488227566,0.01171946468090277,-0.5011702242397141,0.30335981428030484,-0.9972854870545521,0.5208188795841973,0.2538723017360946,0.6629323419971549,0.20716076164449182,-1.086644659986852,-0.3222784154188454,-0.5246583469795385,0.6932571686968224,0.555481816180791,0.39802274526389914,0.7504707714977146,-0.671765039747502,0.4053701833559899,0.2722119322810531,0.15500624351732123,-0.03888368399855125
1.4598004831934417,-0.4805327509754488,0.5280748224271344,4.931571588207057,-0.13170232809372093,0.9497285831677993,-1.3373508962910687,0.5832799388495404,0.9108691208497781,3.393958864807375,-0.5579409079576545,1.7540837104624356,-1.0462979387004447,-0.7839090498316595,-2.822592708088197,-0.3166823881469196,1.0970734217557179,0.08294660675885793,1.7094038679093635,-1.5418651805877628,0.575036672040112,-2.2835822013023526,0.8737599667064384,1.4106052111413283,0.024103693843453226,-1.5991016624249303,0.5772933490192583,-3.889730640095755,1.690528892390571,0.6629323419971549,2.5158399579336663,1.5977782443312702,-3.180214439510505,-0.9338082494407345,-1.7031572880628691,2.9777100847131877,2.79669169570026,2.3562069258880243,2.42800443299673,-1.7886934068729192,1.191027430338286,1.1489014352500015,0.36157418368487065,-0.13558769985579047
-0.09839182664244679,-0.502048415582122,0.4343064309947294,2.7318810114139738,-0.9781885662342128,1.1839296269985886,-1.017557095935067,0.9216798666786811,-0.5213543805794358,1.9284701659931647,0.28822574399884865,0.8220156143342431,-0.36649772138045356,-2.2092539452545137,-1.9604412178040478,-0.1828565130279081,1.2206272688920012,-1.086018787565938,1.0090413691414737,-1.8852685506077294,0.3423358256924943,-1.1674652978279296,1.315145769281175,0.7513547708790006,-0.02073903135113532,-0.5574916883147417,0.03907660531900851,-2.5748649908976726,0.5771543466291842,0.20716076164449182,1.5977782443312702,2.1821649445945024,-0.7354695598395075,-0.19806420852667905,-0.4583947027261809,2.983443168941678,3.1053181839676975,2.4996958040620907,0.799473962402594,-0.22923771886628583,0.35541937924929845,1.4429092665208012,0.020725359329298292,0.7056473635904764
-3.138630661562855,0.35180900973832796,-0.46034852106872354,-6.826078965170146,-0.966017702091112,-0.6173119371247732,1.5153660819266406,-0.09612173563517029,-2.4306935823318576,-4.509584563460972,1.4467290800177648,-2.422689750306945,1.8194371778470724,-0.8375885493219496,3.364986847533831,0.4478385770775108,-0.8221321638029331,-1.3200504064710958,-2.311759749431892,0.877560801999326,-0.6848293163339374,3.197364843582172,-0.2563817183809531,-1.8099874179066182,-0.13677583945069544,2.543915271706145,-1.3378485014121733,4.9005503431148965,-2.7117279263661636,-1.086644659986852,-3.180214439510505,-0.7354695598395075,5.5713023946872235,1.8104311417021888,2.774031211737881,-2.799225964857896,-2.206675758069546,-1.6341515015985146,-3.900210297511516,3.3777428851185234,-1.8939326155321163,-0.7836115165255877,-0.7492028834072957,0.7614591951107937
-1.2573673393175664,0.004987913762243569,0.07279981068463275,-2.194025830511744,-0.6075749059964818,-0.24134448075300055,0.4130757653636292,0.053976741685272486,-0.7675129086758802,-1.2155262225602157,0.5073296006084252,-0.5014669988904327,0.8395369884967615,-0.11808360250712295,0.9308054730477737,0.14904831254491901,-0.24783470839040814,-0.32334791306316196,-0.7247865922752472,0.1316616990974754,-0.1260720844334045,0.9011838514537646,-0.08348095968180386,-0.2656646121737021,-0.15897678449980318,0.7190824382872657,-0.874922248928137,1.5045732713765751,-0.8345464959833732,-0.3222784154188454,-0.9338082494407345,-0.19806420852667905,1.8104311417021888,0.967771038101286,0.6499218446699127,-1.1739987914175782,-0.8265060440148704,0.03604152065026628,-1.0950632682289387,1.1410974107317788,-0.40190333716401316,-0.4214894736901375,-0.384615088129359,-0.33601640210625683
-1.3549323872527879,0.32510771865338506,-0.49378015378707285,-3.5546766857042793,-0.21320363868375863,-0.24648301986636978,0.844251983191297,-0.028131917791939614,-1.1442983231100599,-2.5667968931944167,0.7588188991555208,-1.5405102195374494,0.6535257330349667,-0.5462099877517681,1.8696981720709271,0.2515262496942041,-0.28770564200233784,-0.7661599670261847,-1.1745575581958447,0.5841691018711188,-0.5175561355777261,1.7531673952600033,-0.19746409485983152,-1.260752415759844,0.020817600032370324,1.3565256910990047,-0.1850185691336031,2.6124078461404983,-1.4286585540265926,-0.5246583469795385,-1.7031572880628691,-0.4583947027261809,2.774031211737881,0.6499218446699127,1.6647601509737615,-1.1069547016121315,-1.0018851096739,-1.3923874118804254,-2.134950463675954,1.6100239111004797,-1.0986681692576894,-0.13809446049342639,-0.22673743634406732,1.0496317204339258
1.1851547800375744,-0.5473211050943464,0.3282988460588663,5.610069439455806,-0.6198161158453699,1.886283427963192,-1.7386321273239438,1.340602828135998,0.24456015443115595,3.5602767095297847,0.016101114146025223,1.3839195370458581,-1.4573985002415655,-2.837034491734727,-3.4097665432284168,-0.33559784952805233,2.1260256526164376,-1.1870419847035905,2.0908745527848858,-2.5902286148516915,0.3913152092848008,-2.354906433576123,1.6995371869905045,1.0475250808702716,0.12929186044235805,-1.4442343497022085,1.1952984590184443,-4.757070816646583,1.5236661538923548,0.6932571686968224,2.9777100847131877,2.983443168941678,-2.799225964857896,-1.1739987914175782,-1.1069547016121315,5.315443236710682,4.987536822307827,3.0356323099369034,2.0460784765508278,-1.5347712426624496,0.9063571146685561,2.587547111883941,0.4760398027137252,1.6844095899738543
0.6847913849609001,-0.6439589682365616,0.4805454399828753,5.102666354097626,-0.9609409055875259,1.843964486681255,-1.6805149884087072,1.3606902274101556,-0.12303275552529855,3.3794502458885303,0.16258641500437745,1.390114259068348,-1.1046117024530173,-2.998323074709407,-3.28740559128563,-0.3185266717633126,2.014671651013868,-1.3308221648337035,1.896675916190888,-2.696194336231386,0.4591837771933694,-2.171671529061161,1.811724178092768,1.1345411375002912,0.059041916283215756,-1.2510916818241211,0.7289999086361495,-4.47435405107675,1.3114621472099675,0.555481816180791,2.79669169570026,3.1053181839676975,-2.206675758069546,-0.8265060440148704,-1.0018851096739,4.987536822307827,4.876317959879745,3.3855843408388413,1.778405891865666,-1.1012540880558224,0.7985573648835748,2.4139217411564133,0.29557003146698607,1.3707453303942367
0.015293975789715485,-0.8077781951559143,0.9583553964902061,4.090231781629961,-1.3526324120324091,1.2231201145358586,-1.4526682463908738,1.0302661781758682,-0.20170955584615313,3.240079762271034,0.06253282436806637,1.799026517934706,-0.23019251380329014,-1.9147332372404793,-2.8979346380780977,-0.2878613207389695,1.284646473164999,-0.7341885053238905,1.454379466833625,-2.368432010740625,0.7201360288262926,-1.9853682594990811,1.4850357996392896,1.6811324741367373,-0.17795831965409095,-1.148686375888456,-0.5664467263573061,-3.6825217540812907,1.1476281307654819,0.39802274526389914,2.3562069258880243,2.4996958040620907,-1.6341515015985146,0.03604152065026628,-1.3923874118804254,3.0356323099369034,3.3855843408388413,3.8770583137724066,1.7599395012838261,-0.6592677068625242,0.990758449030776,1.2438555157813789,-0.11883128578096966,-0.5178393246611204
2.0023531233572034,-0.395339793838338,0.543938339906134,5.071575975480409,0.3854837634414068,0.49424662680948117,-1.1979543117042728,0.1441900627808995,1.564545358593849,3.5099813151318315,-0.9962377785101845,1.9566816157598543,-1.1139083745123166,0.4297276455049901,-2.643941252229661,-0.34955355977406305,0.6062263213025436,0.8730182703720644,1.7038800415057864,-0.8969065944864901,0.6243197013003292,-2.42055569820866,0.3595154821514184,1.5587053938943183,0.0368245761766816,-1.863767645790508,0.6064982165169933,-3.744662532967941,1.9730004262611296,0.7504707714977146,2.42800443299673,0.799473962402594,-3.900210297511516,-1.0950632682289387,-2.134950463675954,2.0460784765508278,1.778405891865666,1.7599395012838261,2.896138884923127,-2.2938841683859508,1.4368078052530495,0.506094164971026,0.4207165198467931,-0.8924085880280674
-1.9945369311924535,0.1325068762404972,-0.18380269401957544,-3.9366035094402188,-0.7374997792370316,-0.28906252467605487,0.8338461603779905,-0.0019076913962099845,-1.5839304515456045,-2.541830963070606,0.8998541118856838,-1.3331668608843557,1.150921873700906,-0.6988967580473805,1.854380827328671,0.2541956494828568,-0.43989713562741656,-0.8840279522022219,-1.3404541797294038,0.3498670381583259,-0.3389739732535746,1.832777410204288,-0.01302963411220362,-0.9645054178449765,-0.10350046993461608,1.5018740723464656,-0.9325805945699343,2.757819404408631,-1.5983450905475018,-0.671765039747502,-1.7886934068729192,-0.22923771886628583,3.3777428851185234,1.1410974107317788,1.6100239111004797,-1.5347712426624496,-1.1012540880558224,-0.6592677068625242,-2.2938841683859508,2.097593250238929,-1.1217171256718963,-0.42116005808728973,-0.4891582674339528,0.3810244391937514
0.9200799317072992,-0.1946882521361847,0.3041453699114397,2.4223607047415334,0.1119868699906529,0.21811947252969738,-0.604834184443434,0.1423067503365691,0.817026282459277,1.7530021299286487,-0.44402798944497185,1.0053551873521138,-0.484855986328671,0.28401567866806215,-1.3116576850468664,-0.15534352961219394,0.34468811257836096,0.4574028505033227,0.8387759166006874,-0.48000458436984605,0.30370723432494573,-1.1994963705528192,0.14036720719781137,0.824652070108769,-0.025749277410986256,-0.9316486008559537,0.1999938642346467,-1.7948977402549953,0.9601070480596666,0.4053701833559899,1.191027430338286,0.35541937924929845,-1.8939326155321163,-0.40190333716401316,-1.0986681692576894,0.9063571146685561,0.7985573648835748,0.990758449030776,1.4368078052530495,-1.1217171256718963,0.7891223230593316,0.22618842602988157,0.17002556130461777,-0.5700760707879029
0.29496357670567264,-0.17486268632305116,-0.005286419441085161,2.01631999168179,-0.38622960012569535,0.9859042984743756,-0.7168729699246653,0.7798517420528737,-0.10932196834353872,1.193489307828693,0.2605198208246017,0.3342833147405327,-0.6432915176485767,-1.6676790876398517,-1.325082920907643,-0.08528685155086152,1.1612932998023102,-0.860122138813986,0.8214032122320535,-1.237842776147363,0.027353301124158926,-0.7965958983389597,0.8281423279008289,0.1997959230793928,0.05786716587522482,-0.4275044552293478,0.6415955003296202,-1.8233318064513915,0.432617399528151,0.2722119322810531,1.1489014352500015,1.4429092665208012,-0.7836115165255877,-0.4214894736901375,-0.13809446049342639,2.587547111883941,2.4139217411564133,1.2438555157813789,0.506094164971026,-0.42116005808728973,0.22618842602988157,1.4461143979743574,0.2103619317522227,1.2634596911556575
0.5426688415209707,0.042794344825551944,-0.08179748725458992,0.8046317705658663,0.2914296093771934,0.09466446408092319,-0.13590622980103154,0.006138702040919331,0.35972636042577105,0.4199038984198945,-0.18343647366440632,0.15274520349345222,-0.36999022314607255,0.07729561627705991,-0.3292437117352617,-0.031679195043581646,0.1677447667408004,0.15038604242044123,0.28278543971972153,-0.024023555144032933,0.014014831749358614,-0.3350387705549633,-0.019756764266845167,0.04551632914599889,0.058405092484451804,-0.28484215291134163,0.4363695603237244,-0.5231830981178932,0.3218392960851415,0.15500624351732123,0.36157418368487065,0.020725359329298292,-0.7492028834072957,-0.384615088129359,-0.22673743634406732,0.4760398027137252,0.29557003146698607,-0.11883128578096966,0.4207165198467931,-0.4891582674339528,0.17002556130461777,0.2103619317522227,0.19584531743401082,0.24089493356044833
-0.17239982548790486,0.21888423290883832,-0.5653714529387504,-0.4362489187104129,-0.03171322513202817,0.6597631739130121,0.01077307677495653,0.5458471914879569,-0.5665256601210742,-0.772289574648255,0.5909395153719748,-0.9232239232971591,-0.4628304841536314,-1.62222970192413,0.1967396909576269,0.09890462833704024,0.8350575875817975,-1.10667980263046,0.004808548996781281,-0.4178927783030606,-0.42592915993089697,0.47648225850773535,0.41162124383124993,-0.926563345174147,0.1623234654583787,0.46750840195358295,0.983881819833874,0.16483827123324657,-0.4712802118547185,-0.03888368399855125,-0.13558769985579047,0.7056473635904764,0.7614591951107937,-0.33601640210625683,1.0496317204339258,1.6844095899738543,1.3707453303942367,-0.5178393246611204,-0.8924085880280674,0.3810244391937514,-0.5700760707879029,1.2634596911556575,0.24089493356044833,2.2555371318962467
