V1,V2,V3,V4,V5,V6,V7,V8,V9,V10,V11,V12,V13,V14,V15,V16,V17,V18,V19,V20,V21,V22,V23,V24,V25,V26,V27,V28,V29,V30,V31,V32,V33,V34,V35,V36,V37,V38,V39,V40,V41,V42,V43,V44
3.33889224541802,-1.7979218421752692,-0.9886671565463505,-2.726462126731658,-0.8517474514040677,2.520322363200819,3.2836692844226167,-0.22840106903029742,-2.421288603619752,0.5048816336092317,-1.7240606168843469,3.41270498581238,0.4369272660679642,-0.8241592398005825,-2.7242797902625018,-0.02882170472209521,-3.140298727967712,-1.84194568617838,-0.9974375216852025,-1.4017550563755121,0.9733962310912347,-2.437444354474029,-1.5720931052142768,1.923396097157434,-1.9740011943493967,0.5599079307302759,-0.5703099837968248,-0.5418682619562796,0.6487317763427161,1.328057368729775,0.9716486036739068,-1.1784293969939772,-1.702193549482307,-2.5478812451598274,0.8871420904788025,-2.549881532847102,-4.711095782660795,-1.9118217037089875,-0.6298667731010849,2.040237599219653,1.662260893774157,-1.1565544932640923,0.16868509070962515,2.562003743485026
-1.7979218421752692,4.207715637804685,-1.2077864257991004,5.644952768279879,2.8191715798964228,-1.8356149283842196,-6.452921198914867,0.7392398101615448,3.129125327109868,-1.2450868166789981,2.295486743908291,-1.9068702856834927,-2.5642779447647457,0.9682103131599794,5.064815711324078,2.109405510754066,5.778338858037308,0.6896923498240499,-1.014429842506018,-0.28190187609691747,-0.7329240206376941,2.978626944075343,4.431120927148377,-3.0102699332776455,2.7447983743228983,0.8405522379709462,0.11582426967258486,1.5688513622289475,-1.672777453984279,-0.7826440162442222,0.01701466201636926,0.796255850576508,4.3131556911773234,0.7358904134771793,-1.8552227868444091,2.4175826553137068,4.469207019224304,2.5826870906968065,-2.3495281983107588,-3.318542187238514,-3.2431548575020033,5.5859227026203495,1.4918080968706873,-3.6729877189236015
-0.9886671565463505,-1.2077864257991004,1.3986788604054539,-1.5458117180188853,-1.0756220554831801,-0.5746386085724694,1.615681220676763,-0.19512164207406768,-0.20777684585870324,0.40636589423576724,-0.19045236856223247,-1.1832246989053112,1.101132970204655,-0.007404690416317839,-1.2232013173486043,-1.2393413396483932,-1.3661184830237891,0.7635284734231639,1.2174670880917264,1.0032694661483583,-0.3226482311118951,-0.15316361659640032,-1.6214495985911488,0.3739233850483373,-0.27570989937156676,-0.7630104054473166,0.3133364124442645,-0.5261167488933667,0.4998616002240577,-0.3258598898141033,-0.7447112220839885,0.23989168021607707,-1.393217127512639,1.0991185103015615,0.480283363474435,0.22239516898318232,0.4036404017065738,-0.31917790224053905,1.723918347470329,0.5807260360049047,0.7875197824432676,-2.43443502852981,-1.002573074898483,0.37277261024165337
-2.726462126731658,5.644952768279879,-1.5458117180188853,7.7626924169707285,3.850618262810334,-2.691804201726177,-8.774825641380174,0.9128871303648054,4.337762521318386,-1.6006917080775482,3.081623294876256,-2.787357037189086,-3.366058851417871,1.3044146562485734,6.9521604012723275,2.8880894961140755,8.023514094443415,1.0924859353191811,-1.345191480133434,-0.14405521268230723,-0.9747141919286169,4.1658798179206835,6.117489638068766,-4.037519580531087,3.8109037079180608,0.9997481040610506,0.18145222015110954,2.1128523971279893,-2.2400392659890955,-1.1199130151658343,0.0806049993760258,1.2596222669852242,5.916096660764682,1.2229896536496059,-2.5530610083606864,3.5826000802200357,6.417996301163512,3.6968380072733193,-2.895938445604377,-4.599823704592961,-4.419813295422916,7.484750203977002,1.8894880298337697,-5.026701205694909
-0.8517474514040677,2.8191715798964228,-1.0756220554831801,3.850618262810334,2.0536815641975905,-1.028468363117966,-4.317282785104977,0.4827660077460055,1.9853476736398799,-0.785510230183484,1.37443740932354,-0.8987469304169723,-1.8188878730608142,0.5713811110880613,3.3721856964503925,1.6654038653421634,3.9444469440526246,0.23728246639948078,-1.0008693174750094,-0.3369172913151626,-0.3323003799055162,1.9084873514150238,3.188384048557389,-1.8445988925988783,1.7580189463062732,0.6668183922854941,0.014767073371167833,1.076231739694506,-1.1299382521341819,-0.3229689980882162,0.3092781400631646,0.49609087843569133,3.0376194754007453,0.1689991238929861,-1.2740792192508834,1.5466942950916884,2.6770027046831597,1.7278038533229165,-1.7680864068724675,-2.2055629579086893,-2.1558566306848563,4.0422547654193846,1.069660597839666,-2.2965989716049418
2.520322363200819,-1.8356149283842196,-0.5746386085724694,-2.691804201726177,-1.028468363117966,2.520634857305248,3.2316273796367256,-0.5446361980472736,-2.4604958607035856,0.2045055213696803,-1.459054207719336,3.167533176506838,0.6946571008117548,-0.8262015088204903,-2.6015548461976885,-0.23699325226508092,-2.976322987878928,-1.2790654607253311,-0.5011311922903192,-0.9502098481992608,0.932232290873076,-2.2912492825594413,-1.773773323677228,1.7854948858785675,-1.8638008372553179,0.19849994026854878,-0.49510481410892315,-0.6765788734390181,0.7709775645041864,0.7466445106170566,0.8883401678146787,-0.890035170589851,-2.1098924898749285,-1.7963509171324814,0.8071167376475602,-2.4059155561634373,-3.951422511040341,-1.782753108211534,-0.2572416864001756,2.062158751241167,1.3679145475693442,-1.4935950434544876,0.29639520842701494,2.407866834835478
3.2836692844226167,-6.452921198914867,1.615681220676763,-8.774825641380174,-4.317282785104977,3.2316273796367256,10.095046132646486,-1.1568416123666447,-5.080105604949169,1.8842324193707782,-3.6597481210770755,3.4679756979238987,3.7874380874033835,-1.5923985916223724,-7.928879123535784,-3.111382631755732,-9.062988597946994,-1.3260552208438492,1.3098184154029364,0.1224346611290573,1.1895828902828385,-4.883653542248058,-6.840507392454441,4.647964328153013,-4.360675170877136,-1.0890918160089158,-0.31969033133371866,-2.376538285924087,2.5487362267810663,1.3597414078872145,0.0860492488631055,-1.3954346779435194,-6.696013633187392,-1.596089858991173,2.8484153386131346,-4.0411454156800515,-7.401686214840819,-4.159556308856664,3.3365636055305252,5.247035590628885,4.989401068566064,-8.382011847222795,-2.100257852208949,5.7748101824603095
-0.22840106903029742,0.7392398101615448,-0.19512164207406768,0.9128871303648054,0.4827660077460055,-0.5446361980472736,-1.1568416123666447,0.3889557876681723,0.7276689482095506,-0.11323754457288125,0.4418387670860424,-0.6099788791515998,-0.4682132981157202,0.2702814694905232,0.8456118283712579,0.256112098394609,0.8835494830646778,0.009289300071160887,-0.12320118218062721,-0.1086162483314953,-0.20631093774706305,0.6123151984367445,0.716581003087058,-0.4972293797563039,0.4728453148369521,0.21745524841533,0.11424156442515092,0.30785371004656287,-0.33119024616268405,0.0197937020859174,-0.16073997387575806,0.026305097777885887,0.8737242151504533,0.09100691271458566,-0.2210085239296888,0.41628203367371647,0.6287398417514484,0.42687074923836565,-0.5098552505575852,-0.614529506065843,-0.359375647172178,0.8784276066943105,0.07600607643607112,-0.6092323420735829
-2.421288603619752,3.129125327109868,-0.20777684585870324,4.337762521318386,1.9853476736398799,-2.4604958607035856,-5.080105604949169,0.7276689482095506,3.0397077346738586,-0.7169162503222946,2.008156466437477,-2.9115946287375603,-1.6401026217280774,0.9888073576424411,4.009771598316295,1.1372260363891311,4.5825734815675565,1.1141889934374718,-0.15291562006679002,0.46880310771379474,-0.9226631258492259,2.8691425588113564,3.1987349965360585,-2.5052003491078274,2.451280924476673,0.2703732328299627,0.3942527482526011,1.1598333477555327,-1.2683360322004138,-0.8160338094077009,-0.5384037800838984,0.9237374253430858,3.366085975107208,1.4835779454093467,-1.366150569087898,2.637544586532046,4.55364752049251,2.336268236729577,-0.9803258674832631,-2.8559291125478996,-2.355913507437805,3.565129166475465,0.49483321628817795,-3.207986260461817
0.5048816336092317,-1.2450868166789981,0.40636589423576724,-1.6006917080775482,-0.785510230183484,0.2045055213696803,1.8842324193707782,-0.11323754457288125,-0.7169162503222946,0.6200221612969289,-0.7370719386108866,0.2373405510717113,0.7237554862179609,-0.2408162870079666,-1.4516281933086106,-0.6320286482503649,-1.6267186092893318,-0.21463528868981166,0.22643736796030903,0.149188628513383,0.11939848278653023,-0.7693927715599594,-1.1936049185991058,0.8301089935947888,-0.6888603914289178,-0.23247624549241822,-0.02911729016886913,-0.41412685226005524,0.441809871546834,0.3776833931597212,-0.13225991033100315,-0.17697866871019377,-1.0563408051411083,-0.2518018925844094,0.54738382513835,-0.40859810487082726,-1.1512892342800303,-0.6216632606575903,0.9129294721693652,0.8297399459894799,1.0499797681313916,-1.686618052275782,-0.6914303458894547,0.9450658376802056
-1.7240606168843469,2.295486743908291,-0.19045236856223247,3.081623294876256,1.37443740932354,-1.459054207719336,-3.6597481210770755,0.4418387670860424,2.008156466437477,-0.7370719386108866,1.5535255606618026,-1.8052278300367968,-1.204827585482862,0.6840519402599838,2.888375120051444,0.7967712366195469,3.223053648286158,0.8168556651327493,-0.024471488238584006,0.24336584310794754,-0.6102247146303899,1.9500174784473494,2.2107607429437595,-1.8360507144491671,1.6866149947052063,0.19758775679798177,0.2459431918235286,0.7942727518977564,-0.8792016055136884,-0.7654104834544571,-0.3698397692677067,0.6137934753862998,2.2123033885538455,1.0900095929862557,-0.9862326904572727,1.615878042865712,3.147526281755086,1.568598208272677,-0.9157183271923994,-1.9255347292060883,-1.8069799157078428,2.6070013898309883,0.6147637361803893,-2.252936552055579
3.41270498581238,-1.9068702856834927,-1.1832246989053112,-2.787357037189086,-0.8987469304169723,3.167533176506838,3.4679756979238987,-0.6099788791515998,-2.9115946287375603,0.2373405510717113,-1.8052278300367968,4.219108294841217,0.5193189556818011,-1.0144883767524415,-2.792238833079091,0.13652727638984946,-3.187813660400167,-1.8419154877266428,-1.074374601073361,-1.4682875719418944,1.26654832141085,-2.7479510603546826,-1.5794882063463032,2.111076334322577,-2.1820863232395347,0.47787070011565685,-0.7278575509723144,-0.6556382392594029,0.784041369008158,1.0825821905888577,1.343541355373639,-1.138564958648551,-2.0505250606142273,-2.5861461497736227,0.8442349597147646,-2.910553380206702,-4.944463590873393,-2.036242472975872,-0.7641757540951882,2.305902777226636,1.4777648440120639,-1.068195619854457,0.6009105060711375,2.8295652380729397
0.4369272660679642,-2.5642779447647457,1.101132970204655,-3.366058851417871,-1.8188878730608142,0.6946571008117548,3.7874380874033835,-0.4682132981157202,-1.6401026217280774,0.7237554862179609,-1.204827585482862,0.5193189556818011,1.7569209057166577,-0.4826382707933054,-2.9462032548165533,-1.5095379883390143,-3.3662211748517725,-0.035123495783326276,1.0040789472787288,0.5489588935159123,0.29588285977253115,-1.5219711536372296,-2.8087666134084457,1.701337635622199,-1.4963121631343224,-0.743265108736543,0.07766706179347362,-0.9834928324942445,1.038579150016382,0.21987933600947107,-0.23460950630790678,-0.30014028038781526,-2.6694572330078317,0.1377227067896849,1.1187789289277095,-1.135328093055582,-2.045952472649437,-1.3948395700148566,1.7992228778502777,1.8789397003657682,1.9172862252939094,-3.724469245190496,-1.093278681352676,2.0243938937592727
-0.8241592398005825,0.9682103131599794,-0.007404690416317839,1.3044146562485734,0.5713811110880613,-0.8262015088204903,-1.5923985916223724,0.2702814694905232,0.9888073576424411,-0.2408162870079666,0.6840519402599838,-1.0144883767524415,-0.4826382707933054,0.3530093559764125,1.2422477298085366,0.2644045588370955,1.3653959817030543,0.378234423111402,0.05605984587869056,0.1587896054148439,-0.32085935071618765,0.9301821544622872,0.9233712585514032,-0.7999755550858425,0.7616692529074269,0.06243316771893758,0.1606828690293174,0.3468698508586125,-0.3886948724996573,-0.29463713767410393,-0.26069389639086654,0.2676666887489356,1.008312949364737,0.5469244425724701,-0.3894992008693631,0.793942330475589,1.4382606030411063,0.7025969341729534,-0.31075408367264307,-0.8768592211559186,-0.6974469638887847,1.018374819209409,0.13037631838799962,-1.0081927566970663
-2.7242797902625018,5.064815711324078,-1.2232013173486043,6.9521604012723275,3.3721856964503925,-2.6015548461976885,-7.928879123535784,0.8456118283712579,4.009771598316295,-1.4516281933086106,2.888375120051444,-2.792238833079091,-2.9462032548165533,1.2422477298085366,6.291016566623368,2.4326895899807455,7.191565324760925,1.1311133936516673,-0.9916297188802274,-0.00954841097328815,-0.9548924601654646,3.8497967329319027,5.4014659685779485,-3.705424750889202,3.4830742282850595,0.8045847292769998,0.2229588342159555,1.870772704019601,-1.9985118473874244,-1.1439299526354996,-0.11157047934183761,1.1770014745978374,5.254621070504455,1.3551467872331853,-2.262012812662987,3.2996371808983085,6.0029036132780185,3.357366311703055,-2.4754212866845173,-4.160885437575617,-3.961666805781837,6.527628219145442,1.6289974535811271,-4.609464299279688
-0.02882170472209521,2.109405510754066,-1.2393413396483932,2.8880894961140755,1.6654038653421634,-0.23699325226508092,-3.111382631755732,0.256112098394609,1.1372260363891311,-0.6320286482503649,0.7967712366195469,0.13652727638984946,-1.5095379883390143,0.2644045588370955,2.4326895899807455,1.5744116236279162,2.90088519467336,-0.17910546388417126,-1.1793825075493884,-0.5955404013337213,-0.00802600081919892,1.1042901943445855,2.5575241589490805,-1.1884681834526347,1.115253967786168,0.698559874943268,-0.1664779939119662,0.8370353213591869,-0.8468108784469699,-0.03809550523857417,0.6226674875514242,0.22628150079093906,2.312601542159255,-0.42656668142737586,-0.986497247213044,0.8136791753321515,1.3731123903500584,1.1407997250084985,-1.6956029686714886,-1.5002870810123519,-1.636155579827453,3.422567275319957,1.0835313066475978,-1.455202948049751
-3.140298727967712,5.778338858037308,-1.3661184830237891,8.023514094443415,3.9444469440526246,-2.976322987878928,-9.062988597946994,0.8835494830646778,4.5825734815675565,-1.6267186092893318,3.223053648286158,-3.187813660400167,-3.3662211748517725,1.3653959817030543,7.191565324760925,2.90088519467336,8.384340125276236,1.3514024711544388,-1.2392080624208863,0.10659628587856035,-1.072673225326332,4.447723300070726,6.272247501769373,-4.203179367767592,4.0304935589765,0.8821030736296599,0.25990544397642046,2.1408751416098117,-2.2807439364692943,-1.2594736471152157,0.03588967170756952,1.4519247760050384,6.0581671046895265,1.5426699808155604,-2.6694622283086025,3.937613167164526,7.0068037168084585,3.9306322564380745,-2.6986562353836687,-4.818795921511203,-4.607906653629386,7.562092289805953,1.8150027706515979,-5.288950830412805
-1.84194568617838,0.6896923498240499,0.7635284734231639,1.0924859353191811,0.23728246639948078,-1.2790654607253311,-1.3260552208438492,0.009289300071160887,1.1141889934374718,-0.21463528868981166,0.8168556651327493,-1.8419154877266428,-0.035123495783326276,0.378234423111402,1.1311133936516673,-0.17910546388417126,1.3514024711544388,1.094634529738546,0.6981392764123086,0.8955646622521759,-0.5489792627800247,1.1569035596310584,0.48514339041990345,-0.9298553539750948,0.9458732287616988,-0.42276214230919246,0.3168906282710696,0.1713813475958863,-0.23023476616208302,-0.7522571369263845,-0.5827851847215745,0.6597473303087893,0.5476860581724508,1.4563114690233516,-0.3990041147171292,1.3112328839924154,2.463605544994111,0.8941627207406879,0.6537447981024167,-0.9046730976415714,-0.7616586468185939,0.18007127370628206,-0.21498715362957294,-1.2396410956422448
-0.9974375216852025,-1.014429842506018,1.2174670880917264,-1.345191480133434,-1.0008693174750094,-0.5011311922903192,1.3098184154029364,-0.12320118218062721,-0.15291562006679002,0.22643736796030903,-0.024471488238584006,-1.074374601073361,1.0040789472787288,0.05605984587869056,-0.9916297188802274,-1.1793825075493884,-1.2392080624208863,0.6981392764123086,1.236247350503696,0.8528991085343234,-0.2704510487247864,-0.0971415392769771,-1.4830591935552193,0.3151360939386454,-0.2704783040125849,-0.6903817873759235,0.3154228413492806,-0.46656124115861447,0.44546761254610157,-0.4181504221016977,-0.7411845159088398,0.15666828481807077,-1.2707494036918177,1.1229029882490147,0.4742326173070861,0.062202361831840546,0.35026154936317183,-0.3118950048354451,1.3602255931094884,0.5411920265810078,0.7013955754105078,-2.200781459203375,-0.7913921459003779,0.35346161468363024
-1.4017550563755121,-0.28190187609691747,1.0032694661483583,-0.14405521268230723,-0.3369172913151626,-0.9502098481992608,0.1224346611290573,-0.1086162483314953,0.46880310771379474,0.149188628513383,0.24336584310794754,-1.4682875719418944,0.5489588935159123,0.1587896054148439,-0.00954841097328815,-0.5955404013337213,0.10659628587856035,0.8955646622521759,0.8528991085343234,0.9969211551238893,-0.3587972670903639,0.5360933744052405,-0.43391492788262614,-0.169802702680379,0.3338135574626665,-0.6054948096450642,0.31636043664701113,-0.16261130625199458,0.13990523089708287,-0.4678503365335292,-0.5142085221851994,0.5001147048394738,-0.3137736570327874,1.2552912970361332,0.02205741717656608,0.8661774345876151,1.4440514104090185,0.38040607100706003,1.2101706698212715,-0.20380281103524178,0.0342132437510738,-1.0519841279327895,-0.6532003329109421,-0.36487533446008885
0.9733962310912347,-0.7329240206376941,-0.3226482311118951,-0.9747141919286169,-0.3323003799055162,0.932232290873076,1.1895828902828385,-0.20631093774706305,-0.9226631258492259,0.11939848278653023,-0.6102247146303899,1.26654832141085,0.29588285977253115,-0.32085935071618765,-0.9548924601654646,-0.00802600081919892,-1.072673225326332,-0.5489792627800247,-0.2704510487247864,-0.3587972670903639,0.4603541048198743,-0.8392887501799545,-0.5478721523138479,0.8170271914937158,-0.7418582972021623,0.05617344191660686,-0.18318103722193999,-0.26453470236024945,0.3105552068106209,0.3312057544984403,0.467298026771367,-0.3218838176026618,-0.7021425277339759,-0.6939444128615905,0.32519550666694036,-0.8855417963784646,-1.5521560560279781,-0.632791317276515,-0.13106674846848046,0.7725763903933246,0.5720703882730267,-0.5171565303105927,0.09603936589809141,1.0136699625625702
-2.437444354474029,2.978626944075343,-0.15316361659640032,4.1658798179206835,1.9084873514150238,-2.2912492825594413,-4.883653542248058,0.6123151984367445,2.8691425588113564,-0.7693927715599594,1.9500174784473494,-2.7479510603546826,-1.5219711536372296,0.9301821544622872,3.8497967329319027,1.1042901943445855,4.447723300070726,1.1569035596310584,-0.0971415392769771,0.5360933744052405,-0.8392887501799545,2.7818483848040474,3.0630191254731045,-2.3630880429848293,2.342148936947991,0.18082387174054332,0.40185874390329124,1.0688884886832486,-1.1760688458573771,-0.8761488310025752,-0.42785947604686037,0.9490180977328259,3.1454727295712512,1.541243586007956,-1.3366873005175295,2.5258114162933403,4.460917947209649,2.255464403020401,-0.912454812305668,-2.715064689582668,-2.3273624883356896,3.414587541601773,0.5276172096737054,-3.0454610144329055
-1.5720931052142768,4.431120927148377,-1.6214495985911488,6.117489638068766,3.188384048557389,-1.773773323677228,-6.840507392454441,0.716581003087058,3.1987349965360585,-1.1936049185991058,2.2107607429437595,-1.5794882063463032,-2.8087666134084457,0.9233712585514032,5.4014659685779485,2.5575241589490805,6.272247501769373,0.48514339041990345,-1.4830591935552193,-0.43391492788262614,-0.5478721523138479,3.0630191254731045,5.053206573193691,-2.964794387106638,2.840039863013217,0.9664788333549998,0.009576885124454195,1.6797133623477627,-1.7696047225144453,-0.6297971492937666,0.37952396091772483,0.8661424022411245,4.792765075976474,0.4432274438511034,-2.003706453458912,2.5787187217025154,4.46404670299319,2.808855476318506,-2.6142445133179146,-3.5236476208278296,-3.4192145332628088,6.2525636764847885,1.6462574460222736,-3.718667512226279
1.923396097157434,-3.0102699332776455,0.3739233850483373,-4.037519580531087,-1.8445988925988783,1.7854948858785675,4.647964328153013,-0.4972293797563039,-2.5052003491078274,0.8301089935947888,-1.8360507144491671,2.111076334322577,1.701337635622199,-0.7999755550858425,-3.705424750889202,-1.1884681834526347,-4.203179367767592,-0.9298553539750948,0.3151360939386454,-0.169802702680379,0.8170271914937158,-2.3630880429848293,-2.964794387106638,2.475733952395755,-2.211534180228266,-0.3941903189954913,-0.17283174531706103,-1.096556177844273,1.2001701043454291,0.8249247422757854,0.42256658983274176,-0.7711807717380941,-2.96618111482465,-1.0516532161962806,1.3598890723526424,-2.1372009122965587,-3.9602145515385234,-2.0081385918678385,1.135702947163088,2.5252518720813137,2.4061604048578453,-3.585923770352793,-0.8262723495568949,3.0147211136204852
-1.9740011943493967,2.7447983743228983,-0.27570989937156676,3.8109037079180608,1.7580189463062732,-1.8638008372553179,-4.360675170877136,0.4728453148369521,2.451280924476673,-0.6888603914289178,1.6866149947052063,-2.1820863232395347,-1.4963121631343224,0.7616692529074269,3.4830742282850595,1.115253967786168,4.0304935589765,0.9458732287616988,-0.2704783040125849,0.3338135574626665,-0.7418582972021623,2.342148936947991,2.840039863013217,-2.211534180228266,2.1091290613765454,0.2683927497786277,0.22872754890611516,1.0037897545485863,-1.0950598201841202,-0.75325482078150785,-0.33732690247706004,0.827474714634723,2.848525463500045,1.1414303753051172,-1.2640914035735975,2.208599703148228,3.891116724167564,2.004215938802854,-0.889096943425823,-2.4293735643877117,-2.194003582472461,3.263246704162816,0.6130739602858132,-2.791302188167474
0.5599079307302759,0.8405522379709462,-0.7630104054473166,0.9997481040610506,0.6668183922854941,0.19849994026854878,-1.0890918160089158,0.21745524841533,0.2703732328299627,-0.23247624549241822,0.19758775679798177,0.47787070011565685,-0.743265108736543,0.06243316771893758,0.8045847292769998,0.698559874943268,0.8821030736296599,-0.42276214230919246,-0.6903817873759235,-0.6054948096450642,0.05617344191660686,0.18082387174054332,0.9664788333549998,-0.3941903189954913,0.2683927497786277,0.5124991677468805,-0.15617280673148906,0.37537815689516335,-0.3702006209402771,0.22134352349944597,0.2942929515185522,-0.1624402061647762,0.9270711598860983,-0.6526300103381819,-0.31968049224036194,-0.046610000155323864,-0.11251862094780858,0.22334074339659757,-1.0381124689366088,-0.4507079360189303,-0.5124374318085892,1.510072471769937,0.54465304860859165,-0.39488066026616797
-0.5703099837968248,0.11582426967258486,0.3133364124442645,0.18145222015110954,0.014767073371167833,-0.49510481410892315,-0.31969033133371866,0.11424156442515092,0.3942527482526011,-0.02911729016886913,0.2459431918235286,-0.7278575509723144,0.07766706179347362,0.1606828690293174,0.2229588342159555,-0.1664779939119662,0.25990544397642046,0.3168906282710696,0.3154228413492806,0.31636043664701113,-0.18318103722193999,0.40185874390329124,0.009576885124454195,-0.17283174531706103,0.22872754890611516,-0.15617280673148906,0.1937487087639684,0.02136228841777636,-0.040343895931605395,-0.16123679136722693,-0.2230265701041488,0.1507656016969013,0.12491668851939476,0.5075833385295798,-0.03412472387675162,0.3648258913885449,0.6500774068095856,0.21719608056687126,0.20793804136834462,-0.2323677661286383,-0.06855248643197916,-0.13184031632910095,-0.2055945731550286,-0.26501373131213407
-0.5418682619562796,1.5688513622289475,-0.5261167488933667,2.1128523971279893,1.076231739694506,-0.6765788734390181,-2.376538285924087,0.30785371004656287,1.1598333477555327,-0.41412685226005524,0.7942727518977564,-0.6556382392594029,-0.9834928324942445,0.3468698508586125,1.870772704019601,0.8370353213591869,2.1408751416098117,0.1713813475958863,-0.46656124115861447,-0.16261130625199458,-0.26453470236024945,1.0688884886832486,1.6797133623477627,-1.096556177844273,1.0037897545485863,0.37537815689516335,0.02136228841777636,0.6224336294644548,-0.6460408141660213,-0.18891313215479266,0.03865372849163082,0.25571324585662814,1.6774750058694416,0.150692585634568,-0.6870605514986146,0.8968270979645,1.5542975268035697,0.9586023114677708,-0.9119162675826515,-1.2450459177362942,-1.1618777490610346,2.12976291290688,0.5299623252776637,-1.3367692015774548
0.6487317763427161,-1.672777453984279,0.4998616002240577,-2.2400392659890955,-1.1299382521341819,0.7709775645041864,2.5487362267810663,-0.33119024616268405,-1.2683360322004138,0.441809871546834,-0.8792016055136884,0.784041369008158,1.038579150016382,-0.3886948724996573,-1.9985118473874244,-0.8468108784469699,-2.2807439364692943,-0.23023476616208302,0.44546761254610157,0.13990523089708287,0.3105552068106209,-1.1760688458573771,-1.7696047225144453,1.2001701043454291,-1.0950598201841202,-0.3702006209402771,-0.040343895931605395,-0.6460408141660213,0.6837461859031339,0.24159603036793373,0.010550132451833262,-0.293342518010229,-1.7658700952790805,-0.22494546157734363,0.7305590692042871,-0.9838679414591908,-1.7335371301476883,-1.0254918801292172,0.928683693726161,1.3367991834979223,1.250784807535664,-2.2291060137408003,-0.5470426233190809,1.4667093441535812
1.328057368729775,-0.7826440162442222,-0.3258598898141033,-1.1199130151658343,-0.3229689980882162,0.7466445106170566,1.3597414078872145,0.0197937020859174,-0.8160338094077009,0.3776833931597212,-0.7654104834544571,1.0825821905888577,0.21987933600947107,-0.29463713767410393,-1.1439299526354996,-0.03809550523857417,-1.2594736471152157,-0.7522571369263845,-0.4181504221016977,-0.4678503365335292,0.3312057544984403,-0.8761488310025752,-0.6297971492937666,0.8249247422757854,-0.75325482078150785,0.22134352349944597,-0.16123679136722693,-0.18891313215479266,0.24159603036793373,0.7003701099141697,0.352063102992412,-0.4561640244936758,-0.5481226905139334,-1.0197912787356966,0.3851714012675278,-0.8226578468902699,-1.8322274505545264,-0.6957597235529337,-0.09329665051672799,0.7353108274211403,0.8113743127184823,-0.5670706979916803,-0.18562499885433786,1.024992225247936
0.9716486036739068,0.01701466201636926,-0.7447112220839885,0.0806049993760258,0.3092781400631646,0.8883401678146787,0.0860492488631055,-0.16073997387575806,-0.5384037800838984,-0.13225991033100315,-0.3698397692677067,1.343541355373639,-0.23460950630790678,-0.26069389639086654,-0.11157047934183761,0.6226674875514242,0.03588967170756952,-0.5827851847215745,-0.7411845159088398,-0.5142085221851994,0.467298026771367,-0.42785947604686037,0.37952396091772483,0.42256658983274176,-0.33732690247706004,0.2942929515185522,-0.2230265701041488,0.03865372849163082,0.010550132451833262,0.352063102992412,0.8089924932199027,-0.20494061090172924,0.12754889328955923,-0.8559538035150338,-0.07522251049480669,-0.5501583125870869,-1.0200417403365565,-0.207554302418984,-0.705307290003718,0.2194810186945325,-0.061585244105438364,0.7701547329093431,0.47605330820044034,0.5103119162094015
-1.1784293969939772,0.796255850576508,0.23989168021607707,1.2596222669852242,0.49609087843569133,-0.890035170589851,-1.3954346779435194,0.026305097777885887,0.9237374253430858,-0.17697866871019377,0.6137934753862998,-1.138564958648551,-0.30014028038781526,0.2676666887489356,1.1770014745978374,0.22628150079093906,1.4519247760050384,0.6597473303087893,0.15666828481807077,0.5001147048394738,-0.3218838176026618,0.9490180977328259,0.8661424022411245,-0.7711807717380941,0.827474714634723,-0.1624402061647762,0.1507656016969013,0.25571324585662814,-0.293342518010229,-0.4561640244936758,-0.20494061090172924,0.5207987173829667,0.8207398873354954,0.830627232243405,-0.44897926574187436,1.084212019052118,1.8642444449638829,0.8472294189571908,0.18696407652289943,-0.8778145718679434,-0.7789458052212227,0.7622255566623959,0.016517859691757127,-1.051139674677651
-1.702193549482307,4.3131556911773234,-1.393217127512639,5.916096660764682,3.0376194754007453,-2.1098924898749285,-6.696013633187392,0.8737242151504533,3.366085975107208,-1.0563408051411083,2.2123033885538455,-2.0505250606142273,-2.6694572330078317,1.008312949364737,5.254621070504455,2.312601542159255,6.0581671046895265,0.5476860581724508,-1.2707494036918177,-0.3137736570327874,-0.7021425277339759,3.1454727295712512,4.792765075976474,-2.96618111482465,2.848525463500045,0.9270711598860983,0.12491668851939476,1.6774750058694416,-1.7658700952790805,-0.5481226905139334,0.12754889328955923,0.8207398873354954,4.7593940422604994,0.5893868302999702,-1.8949847948216356,2.6880438188294997,4.53023709334425,2.771827691895663,-2.3926386004212836,-3.5359046564839245,-3.1953285547472356,5.868415249829092,1.3450996647398332,-3.7337071026815076
-2.5478812451598274,0.7358904134771793,1.0991185103015615,1.2229896536496059,0.1689991238929861,-1.7963509171324814,-1.596089858991173,0.09100691271458566,1.4835779454093467,-0.2518018925844094,1.0900095929862557,-2.5861461497736227,0.1377227067896849,0.5469244425724701,1.3551467872331853,-0.42656668142737586,1.5426699808155604,1.4563114690233516,1.1229029882490147,1.2552912970361332,-0.6939444128615905,1.541243586007956,0.4432274438511034,-1.0516532161962806,1.1414303753051172,-0.6526300103381819,0.5075833385295798,0.150692585634568,-0.22494546157734363,-1.0197912787356966,-0.8559538035150338,0.830627232243405,0.5893868302999702,2.103737347940615,-0.37674667810638335,1.653898699490357,3.1479553373646145,1.1141536009957735,0.9200923031184182,-1.0861198413499549,-0.7814237296014283,-0.11885553136320079,-0.4159871315201763,-1.4519830332741548
0.8871420904788025,-1.8552227868444091,0.480283363474435,-2.5530610083606864,-1.2740792192508834,0.8071167376475602,2.8484153386131346,-0.2210085239296888,-1.366150569087898,0.54738382513835,-0.9862326904572727,0.8442349597147646,1.1187789289277095,-0.3894992008693631,-2.262012812662987,-0.986497247213044,-2.6694622283086025,-0.3990041147171292,0.4742326173070861,0.02205741717656608,0.32519550666694036,-1.3366873005175295,-2.003706453458912,1.3598890723526424,-1.2640914035735975,-0.31968049224036194,-0.03412472387675162,-0.6870605514986146,0.7305590692042871,0.3851714012675278,-0.07522251049480669,-0.44897926574187436,-1.8949847948216356,-0.37674667810638335,0.8885850744174799,-1.191521567264856,-2.155325719626164,-1.2110209234653724,0.896671382311098,1.5048456649648798,1.5280108255801623,-2.501802278926745,-0.657865563953169,1.6839928652868592
-2.549881532847102,2.4175826553137068,0.22239516898318232,3.5826000802200357,1.5466942950916884,-2.4059155561634373,-4.0411454156800515,0.41628203367371647,2.637544586532046,-0.40859810487082726,1.615878042865712,-2.910553380206702,-1.135328093055582,0.793942330475589,3.2996371808983085,0.8136791753321515,3.937613167164526,1.3112328839924154,0.062202361831840546,0.8661774345876151,-0.8855417963784646,2.5258114162933403,2.5787187217025154,-2.1372009122965587,2.208599703148228,-0.046610000155323864,0.3648258913885449,0.8968270979645,-0.9838679414591908,-0.8226578468902699,-0.5501583125870869,1.084212019052118,2.6880438188294997,1.653898699490357,-1.191521567264856,2.7220198200579055,4.470115544158608,2.185819734407633,-0.0867531487876608,-2.481801229814629,-1.991521665797488,2.562476711085303,0.09980543581091655,-2.8442346569624077
-4.711095782660795,4.469207019224304,0.4036404017065738,6.417996301163512,2.6770027046831597,-3.951422511040341,-7.401686214840819,0.6287398417514484,4.55364752049251,-1.1512892342800303,3.147526281755086,-4.944463590873393,-2.045952472649437,1.4382606030411063,6.0029036132780185,1.3731123903500584,7.0068037168084585,2.463605544994111,0.35026154936317183,1.4440514104090185,-1.5521560560279781,4.460917947209649,4.46404670299319,-3.9602145515385234,3.891116724167564,-0.11251862094780858,0.6500774068095856,1.5542975268035697,-1.7335371301476883,-1.8322274505545264,-1.0200417403365565,1.8642444449638829,4.53023709334425,3.1479553373646145,-2.155325719626164,4.470115544158608,7.991577638022937,3.7333285440716653,-0.4858089180193418,-4.30637196052925,-3.804723415427075,4.661958537311488,0.5963544171140728,-5.113292754759427
-1.9118217037089875,2.5826870906968065,-0.31917790224053905,3.6968380072733193,1.7278038533229165,-1.782753108211534,-4.159556308856664,0.42687074923836565,2.336268236729577,-0.6216632606575903,1.568598208272677,-2.036242472975872,-1.3948395700148566,0.7025969341729534,3.357366311703055,1.1407997250084985,3.9306322564380745,0.8941627207406879,-0.3118950048354451,0.38040607100706003,-0.632791317276515,2.255464403020401,2.808855476318506,-2.0081385918678385,2.004215938802854,0.22334074339659757,0.21719608056687126,0.9586023114677708,-1.0254918801292172,-0.6957597235529337,-0.207554302418984,0.8472294189571908,2.771827691895663,1.1141536009957735,-1.2110209234653724,2.185819734407633,3.7333285440716653,2.0067003747994683,-0.8172413716401095,-2.3360521355153265,-2.0681489419951773,3.1325430338542644,0.5535351686775878,-2.586293472896034
-0.6298667731010849,-2.3495281983107588,1.723918347470329,-2.895938445604377,-1.7680864068724675,-0.2572416864001756,3.3365636055305252,-0.5098552505575852,-0.9803258674832631,0.9129294721693652,-0.9157183271923994,-0.7641757540951882,1.7992228778502777,-0.31075408367264307,-2.4754212866845173,-1.6956029686714886,-2.6986562353836687,0.6537447981024167,1.3602255931094884,1.2101706698212715,-0.13106674846848046,-0.912454812305668,-2.6142445133179146,1.135702947163088,-0.889096943425823,-1.0381124689366088,0.20793804136834462,-0.9119162675826515,0.928683693726161,-0.09329665051672799,-0.705307290003718,0.18696407652289943,-2.3926386004212836,0.9200923031184182,0.896671382311098,-0.0867531487876608,-0.4858089180193418,-0.8172413716401095,2.6620979849720325,1.3349545246286616,1.5943968217185145,-3.891648612897009,-1.5103136308670977,1.2192266064473465
2.040237599219653,-3.318542187238514,0.5807260360049047,-4.599823704592961,-2.2055629579086893,2.062158751241167,5.247035590628885,-0.614529506065843,-2.8559291125478996,0.8297399459894799,-1.9255347292060883,2.305902777226636,1.8789397003657682,-0.8768592211559186,-4.160885437575617,-1.5002870810123519,-4.818795921511203,-0.9046730976415714,0.5411920265810078,-0.20380281103524178,0.7725763903933246,-2.715064689582668,-3.5236476208278296,2.5252518720813137,-2.4293735643877117,-0.4507079360189303,-0.2323677661286383,-1.2450459177362942,1.3367991834979223,0.7353108274211403,0.2194810186945325,-0.8778145718679434,-3.5359046564839245,-1.0861198413499549,1.5048456649648798,-2.481801229814629,-4.30637196052925,-2.3360521355153265,1.3349545246286616,2.8752741491635696,2.5792215752838388,-4.13837301386544,-0.8246172260111347,3.194724818258268
1.662260893774157,-3.2431548575020033,0.7875197824432676,-4.419813295422916,-2.1558566306848563,1.3679145475693442,4.989401068566064,-0.359375647172178,-2.355913507437805,1.0499797681313916,-1.8069799157078428,1.4777648440120639,1.9172862252939094,-0.6974469638887847,-3.961666805781837,-1.636155579827453,-4.607906653629386,-0.7616586468185939,0.7013955754105078,0.0342132437510738,0.5720703882730267,-2.3273624883356896,-3.4192145332628088,2.4061604048578453,-2.194003582472461,-0.5124374318085892,-0.06855248643197916,-1.1618777490610346,1.250784807535664,0.8113743127184823,-0.061585244105438364,-0.7789458052212227,-3.1953285547472356,-0.7814237296014283,1.5280108255801623,-1.991521665797488,-3.804723415427075,-2.0681489419951773,1.5943968217185145,2.5792215752838388,2.7032899428197226,-4.287049614109829,-1.2279601450688413,2.9489301041232943
-1.1565544932640923,5.5859227026203495,-2.43443502852981,7.484750203977002,4.0422547654193846,-1.4935950434544876,-8.382011847222795,0.8784276066943105,3.565129166475465,-1.686618052275782,2.6070013898309883,-1.068195619854457,-3.724469245190496,1.018374819209409,6.527628219145442,3.422567275319957,7.562092289805953,0.18007127370628206,-2.200781459203375,-1.0519841279327895,-0.5171565303105927,3.414587541601773,6.2525636764847885,-3.585923770352793,3.263246704162816,1.510072471769937,-0.13184031632910095,2.12976291290688,-2.2291060137408003,-0.5670706979916803,0.7701547329093431,0.7622255566623959,5.868415249829092,-0.11885553136320079,-2.501802278926745,2.562476711085303,4.661958537311488,3.1325430338542644,-3.891648612897009,-4.13837301386544,-4.287049614109829,8.21581114724202,2.450533523056509,-4.349448952378403
0.16868509070962515,1.4918080968706873,-1.002573074898483,1.8894880298337697,1.069660597839666,0.29639520842701494,-2.100257852208949,0.07600607643607112,0.49483321628817795,-0.6914303458894547,0.6147637361803893,0.6009105060711375,-1.093278681352676,0.13037631838799962,1.6289974535811271,1.0835313066475978,1.8150027706515979,-0.21498715362957294,-0.7913921459003779,-0.6532003329109421,0.09603936589809141,0.5276172096737054,1.6462574460222736,-0.8262723495568949,0.6130739602858132,0.54465304860859165,-0.2055945731550286,0.5299623252776637,-0.5470426233190809,-0.18562499885433786,0.47605330820044034,0.016517859691757127,1.3450996647398332,-0.4159871315201763,-0.657865563953169,0.09980543581091655,0.5963544171140728,0.5535351686775878,-1.5103136308670977,-0.8246172260111347,-1.2279601450688413,2.450533523056509,1.1141972409080176,-0.8846100438177549
2.562003743485026,-3.6729877189236015,0.37277261024165337,-5.026701205694909,-2.2965989716049418,2.407866834835478,5.7748101824603095,-0.6092323420735829,-3.207986260461817,0.9450658376802056,-2.252936552055579,2.8295652380729397,2.0243938937592727,-1.0081927566970663,-4.609464299279688,-1.455202948049751,-5.288950830412805,-1.2396410956422448,0.35346161468363024,-0.36487533446008885,1.0136699625625702,-3.0454610144329055,-3.718667512226279,3.0147211136204852,-2.791302188167474,-0.39488066026616797,-0.26501373131213407,-1.3367692015774548,1.4667093441535812,1.024992225247936,0.5103119162094015,-1.051139674677651,-3.7337071026815076,-1.4519830332741548,1.6839928652868592,-2.8442346569624077,-5.113292754759427,-2.586293472896034,1.2192266064473465,3.194724818258268,2.9489301041232943,-4.349448952378403,-0.8846100438177549,3.7555811806072055
