V1,V2,V3,V4,V5,V6,V7,V8,V9,V10,V11,V12,V13,V14,V15,V16,V17,V18,V19,V20,V21,V22,V23,V24,V25,V26,V27,V28,V29,V30,V31,V32,V33,V34,V35,V36,V37,V38,V39,V40,V41,V42,V43,V44,V45
0.13655326662321504,4.748563187364017,-4.177724790732693,7.152420668718279,4.967529169992769,-5.725043704623527,-2.556176843869359,-3.8338715854795007,8.720057331032603,-2.292597066596608,-0.12159043549155751,6.932648467680203,-1.5823429041940456,3.7972520565329186,1.9303481858135927,-1.464448214770957,3.392131347449909,0.6727102075176211,-0.8717861129018333,-7.5453654520161235,4.7931630683163675,-2.9785873630683968,3.0187779208062597,2.1279696228500615,0.46603451644963173,-4.654460169391879,-0.5695244623982072,5.83633818661195,4.036898395605362,1.0102814091728365,3.7943665934719166,1.4357712818797648,-6.942543090786046,4.920117106017674,2.592117087728865,1.2393786580434134,-10.734943554938338,3.855124306632155,10.282316782537643,5.319384789582262,9.389173372860354,1.4599608221371778,-3.497757377006771,-3.441141649682658,2.3930716103053133
4.748563187364017,863.1576281569046,-731.3706455218273,1278.5682520663233,885.7057561269578,-1000.7654588642265,-448.9964870883793,-657.0925350377374,1573.205158171051,-424.4193516621605,7.1529517856155564,1247.5998978259172,-289.2183130307211,690.8306753650637,339.1264972309974,-261.5746862757289,632.2544235007229,117.83721057928199,-174.32672820152132,-1348.439599397665,860.6518187504684,-536.6919805404566,521.4156540819033,406.89649048534136,92.22717049450598,-802.0405675339375,-122.52136689016898,1038.1282665350984,696.5397927509956,197.8887929861322,669.6831100182718,265.5680663643731,-1244.5152355347145,876.690593789227,474.5431543765833,198.99802410406537,-1934.7341213476707,671.3975673329039,1832.7195663494667,936.6031900667633,1659.5436444681081,248.18570126209855,-609.5983111880165,-610.242094101168,413.8288330744484
-4.177724790732693,-731.3706455218273,620.1098695101031,-1083.6438758853308,-750.5730241605689,848.3915278724078,380.6432704896612,557.0861826608592,-1333.1731675393482,359.7592883254456,-5.815621015394243,-1057.278042915172,245.00995630228164,-585.346567380939,-287.4764335045273,221.61034100120992,-535.5783421117062,-99.82836425366786,147.58353426756378,1142.6989755646157,-729.4672019403126,454.88546965059743,-442.1263600155772,-344.58907215727544,-77.90964681246483,680.0165220190635,103.66644423731358,-879.9572708871879,-590.9176958717734,-167.69934434426156,-567.7734248402849,-225.00697143262818,1054.7124339437526,-743.0214022426528,-402.04351116073434,-169.08792175272168,1639.6034811300667,-569.1891648307176,-1553.4191198400208,-793.8927761371075,-1406.739784432567,-210.54043182039828,516.8506125808981,517.3921984571122,-350.89954168847527
7.152420668718279,1278.5682520663233,-1083.6438758853308,1894.3341779801526,1312.5375050049827,-1482.7447723194239,-665.1472054415009,-973.3077991139655,2330.5825451774476,-628.6969612823831,10.330008931800041,1848.2970046014104,-428.82980638367684,1023.5675711568331,502.17463213908144,-387.61606557941946,936.4227522067431,174.42948552232113,-257.92891421530885,-1998.0778205037443,1275.1231052306014,-795.0115390324348,772.7954470637654,602.6881655308151,136.41270661964987,-1188.4138750566565,-181.0915288580758,1538.102673420287,1031.8596524306013,292.96514417594375,992.180367879616,393.5561290139793,-1843.7114119337414,1298.8792782283183,702.9883487720094,295.01062604396185,-2866.280889592499,994.6668833552314,2715.0805155509315,1387.7191886783962,2458.288057317647,367.9427114913304,-903.3075323202875,-904.0789723952105,613.3702375937808
4.967529169992769,885.7057561269578,-750.5730241605689,1312.5375050049827,910.3578051472133,-1027.257468949117,-460.7061025516607,-674.1957815974113,1614.8021381762762,-435.23265609432366,6.878681884697155,1280.8171850524243,-297.8573593442351,709.4098446730059,347.4139425367605,-268.9202388546393,648.8295716804796,120.79715768094037,-178.22955148053194,-1385.428895881479,883.4486173226832,-550.6503768355052,535.7715824383425,417.6172999326696,94.67743263922634,-823.4480698950982,-124.91331401623172,1065.6593027318488,713.6283448714432,202.50763868024245,687.3135100093095,272.85450099079594,-1277.5838915827462,900.0554907923099,487.13071379639734,204.07456965887445,-1986.0632301535131,689.030146570997,1880.9025529979856,961.6778680846085,1702.483514354812,255.03098797314604,-626.0316693988295,-625.9801110885671,425.4379744342216
-5.725043704623527,-1000.7654588642265,848.3915278724078,-1482.7447723194239,-1027.257468949117,1160.909376221535,520.8724011064212,762.3785568353076,-1824.302725887113,492.1050793751342,-7.870936139668902,-1446.7441557406908,335.4122647645975,-800.9921251883248,-393.26461302947274,303.31101046406604,-732.8787886959581,-136.6318532469509,201.82976800221996,1563.810172612727,-998.1271257274192,622.35256056608,-605.0165333005665,-471.5441169731593,-106.70727859909115,930.474353449319,141.75880668657118,-1204.0165529064004,-808.1077657263771,-229.3505166702312,-776.8698129514237,-307.84316009980665,1443.240469522406,-1016.7253794494559,-550.1172279534672,-231.30015761698633,2243.5737096868575,-778.8511488575691,-2125.466813183458,-1086.3242682933387,-1924.7883904723517,-288.04390117628236,707.223353012913,707.9038534995552,-480.2765676899114
-2.556176843869359,-448.9964870883793,380.6432704896612,-665.1472054415009,-460.7061025516607,520.8724011064212,233.77703138684956,342.18873368761336,-818.4783988635496,220.84591458575878,-3.541286865894509,-649.0299857611772,150.32223326263374,-359.25586468827055,-176.5221235904203,135.9863863701519,-328.81262727705825,-61.33321374371999,90.59711783169453,701.3730940718693,-447.80655727245266,279.24475579700925,-271.3927208926097,-211.527004749727,-47.842016870788655,417.42478082475435,63.709463799643,-540.152436460072,-362.73194233968013,-103.00862555346558,-348.6258955631679,-138.00634879785673,647.4928040586595,-456.10700740093876,-246.74112586804443,-103.93156639796582,1006.5410487146372,-349.4865130336011,-953.6150096426353,-487.3089840536343,-863.7495908272065,-129.18784925353327,317.2841700183907,317.7257816408288,-215.4774297864969
-3.8338715854795007,-657.0925350377374,557.0861826608592,-973.3077991139655,-674.1957815974113,762.3785568353076,342.18873368761336,501.2866971765591,-1197.7965524062936,323.0519069642768,-5.066954515023796,-949.9286845895973,219.71730022553854,-525.541284353712,-258.5328705566515,199.06477019695816,-481.26902816426946,-89.9596146207905,132.61782509554197,1026.469574679441,-655.2226301208079,408.75158559991263,-397.1693374497189,-309.37884530971974,-70.26053156716696,611.1073153900498,93.29612753683523,-790.4708675198093,-530.8749539382135,-150.60912120420903,-510.24208174570896,-201.8341712109612,947.7292360858434,-667.5320316175122,-361.0806957267351,-151.9617528458032,1472.9753828043447,-511.6539322656539,-1395.854306590588,-713.3083132596481,-1264.4799266275854,-188.97586819056133,464.434335341424,464.8072262393784,-315.3350551846574
8.720057331032603,1573.205158171051,-1333.1731675393482,2330.5825451774476,1614.8021381762762,-1824.302725887113,-818.4783988635496,-1197.7965524062936,2867.6383762732407,-773.5507467850391,12.765326550287746,2274.231840710465,-527.444544315732,1259.2686857204867,617.9554605430716,-476.90621392637706,1152.3848415494356,214.75128311037372,-317.49596494256417,-2458.271983706059,1568.856298988221,-978.2853445624003,950.7025175844282,741.6207987948047,168.0018202892755,-1462.0950088673835,-223.00566857992322,1892.3643341082625,1269.4273694797696,360.6044295508877,1220.817447006548,484.0991264238857,-2268.5858612689944,1598.0889952674484,864.91706448421,362.8556760550309,-3526.7005592347205,1223.8794419785597,3340.728767885416,1707.3399466155258,3024.877018361207,452.5459182774577,-1111.3822466766283,-1112.3449720551146,754.6720029827253
-2.292597066596608,-424.4193516621605,359.7592883254456,-628.6969612823831,-435.23265609432366,492.1050793751342,220.84591458575878,323.0519069642768,-773.5507467850391,208.9477080100933,-3.597643875094881,-613.4029765450265,142.03554744718843,-339.61761482948435,-166.84248428961843,128.4663126437375,-310.8623590391924,-57.888480785185216,85.81687600411361,662.7046306294043,-423.28044638588767,263.9889927944333,-256.359741080809,-200.06753612085396,-45.14925720394568,394.3282219580779,60.37665102621284,-510.5239251601007,-343.04580197308957,-97.5489514925568,-329.4354836373531,-130.55591341598057,611.9002292424549,-431.030801295516,-233.28395404856963,-98.13758077865985,951.332127836697,-330.1514465348829,-901.289790293547,-460.45240175627157,-816.2089194391272,-122.08312134985862,299.75869235067705,300.305128454915,-203.446799375284
-0.12159043549155751,7.1529517856155564,-5.815621015394243,10.330008931800041,6.878681884697155,-7.870936139668902,-3.541286865894509,-5.066954515023796,12.765326550287746,-3.597643875094881,0.4269249860183104,10.018487513915296,-2.1912595135665947,5.633276524251746,2.844279926697886,-2.0139574299527565,5.289973069328379,0.9442716026650703,-1.6970090208801736,-10.616277810653534,6.939174406405085,-4.347351194480237,3.9232782247602307,3.4796441204199824,0.8326962665447433,-6.201650290668696,-1.3370678497145012,8.316578772858524,5.705794947187779,1.7869641326972552,5.280407469420706,2.189098618304971,-9.984863111636528,7.013118718822206,3.9478333857018244,1.439271884968539,-15.64876861316589,5.266945705142739,14.714994090102714,7.399709726485348,13.370590736949136,1.8408239501046548,-4.6840614089422266,-4.931586329908739,3.01281780944963
6.932648467680203,1247.5998978259172,-1057.278042915172,1848.2970046014104,1280.8171850524243,-1446.7441557406908,-649.0299857611772,-949.9286845895973,2274.231840710465,-613.4029765450265,10.018487513915296,1803.902896632772,-418.37208105258446,998.7141115653376,490.01785237113523,-378.42971274026837,914.0514148467023,170.38007599064125,-251.82129417206914,-1949.8814341252928,1244.1954894890991,-776.0343927150835,754.0452171763434,588.1891646509087,133.35789209207752,-1159.6517365208708,-176.7071877446739,1500.80982645878,1006.5468058801185,285.92574722896705,968.1654590443376,384.04175641797553,-1799.3141696584817,1267.4677013910812,685.9975948037165,287.3609066356883,-2797.00498748159,970.6351854634663,2649.7379935116855,1354.162133648231,2398.8637596055023,358.9428779102473,-881.5383203048207,-881.870423645893,598.5564024851856
-1.5823429041940456,-289.2183130307211,245.00995630228164,-428.82980638367684,-297.8573593442351,335.4122647645975,150.32223326263374,219.71730022553854,-527.444544315732,142.03554744718843,-2.1912595135665947,-418.37208105258446,97.87783865288758,-232.01355628794218,-113.07057979919027,88.00281448185385,-211.86649577480145,-39.278728574568106,57.958215256416835,453.043379840924,-288.61399104333583,179.68370327103725,-175.1555361313571,-136.55946182729545,-30.851193230494342,268.840421804407,40.45611578211717,-348.07032011753967,-232.3844114049088,-65.96028848062711,-224.34479315634604,-89.33366287023404,417.2405720073378,-294.02289392874604,-159.1755282168681,-66.51437266271304,648.789589168107,-224.8347460902467,-613.9918465221315,-314.1125829924323,-555.3434104481828,-83.41446772406088,204.46779963509098,204.32688313739075,-139.14810337096145
3.7972520565329186,690.8306753650637,-585.346567380939,1023.5675711568331,709.4098446730059,-800.9921251883248,-359.25586468827055,-525.541284353712,1259.2686857204867,-339.61761482948435,5.633276524251746,998.7141115653376,-232.01355628794218,553.2491409730147,271.11518377420174,-209.5566811934388,506.023170422185,94.17240567312965,-139.32439881417068,-1079.8496006404703,688.9733063782351,-429.495185740772,417.54131206381464,325.8191727001246,73.74183866023431,-641.960841789755,-97.72574605911363,831.0084876452726,557.0229337777586,158.23585608718687,535.9296614724003,212.78983851832896,-996.1544412616704,701.8104348976694,379.9128802636015,159.1223128707101,-1548.7532557295212,537.2567346490703,1466.792414230477,749.7557213733461,1327.7785807692621,198.803523798203,-487.9918952161095,-488.3269230262029,331.41675032179495
1.9303481858135927,339.1264972309974,-287.4764335045273,502.17463213908144,347.4139425367605,-393.26461302947274,-176.5221235904203,-258.5328705566515,617.9554605430716,-166.84248428961843,2.844279926697886,490.01785237113523,-113.07057979919027,271.11518377420174,133.59849249400116,-102.57700735605488,248.34785568913395,46.42174837469077,-68.70576194869355,-529.1590634830318,338.04813631223976,-210.96537165657713,204.6925474267988,159.67789942173934,36.22961482032159,-315.1947601664522,-48.421917589320515,407.8222156219899,274.38577058683893,77.91068385504624,263.2050198917417,104.13351270712512,-488.87521697958834,344.345647434809,186.33930586042587,78.36741206431198,-759.8984947708467,263.9482934490518,720.2389382197672,367.9160887615829,652.5779755996774,97.4250447819952,-239.4706047944633,-239.89593520381231,162.37326651938952
-1.464448214770957,-261.5746862757289,221.61034100120992,-387.61606557941946,-268.9202388546393,303.31101046406604,135.9863863701519,199.06477019695816,-476.90621392637706,128.4663126437375,-2.0139574299527565,-378.42971274026837,88.00281448185385,-209.5566811934388,-102.57700735605488,79.55825479147686,-191.72771093448495,-35.72641769228425,52.70676214702796,409.3139206734851,-260.88015461180464,162.73090561392658,-158.2110075557953,-123.40231519630998,-28.07886389725471,243.21134948605604,36.83979197372762,-314.7121482878253,-210.5743218834803,-59.77881494637198,-202.90890067145372,-80.66417780841245,377.39268016599794,-265.85071413671,-143.92551425182273,-59.92012889426844,586.5933448050947,-203.47290809365722,-555.6376032263696,-284.06115683438577,-502.7166983520149,-75.30528798282029,184.91049955554337,184.65487719838487,-125.60117800230196
3.392131347449909,632.2544235007229,-535.5783421117062,936.4227522067431,648.8295716804796,-732.8787886959581,-328.81262727705825,-481.26902816426946,1152.3848415494356,-310.8623590391924,5.289973069328379,914.0514148467023,-211.86649577480145,506.023170422185,248.34785568913395,-191.72771093448495,463.34473347474767,86.38852453581315,-127.79555578145713,-987.8518156973803,630.371716156785,-393.25912063257226,381.8593698256005,298.16679311325527,67.72599481768837,-587.3853679663273,-89.7699129933341,760.349736704844,509.8731639137589,144.99046092955805,490.4752368695387,194.58388943864122,-911.7085232684904,642.1619339311296,347.65161870264495,145.37312990500155,-1417.2337644368542,491.7256939640016,1342.5858031825883,686.0249868591119,1215.4788719934197,181.71094311068174,-446.52482444015226,-446.74371296734824,303.1006879871345
0.6727102075176211,117.83721057928199,-99.82836425366786,174.42948552232113,120.79715768094037,-136.6318532469509,-61.33321374371999,-89.9596146207905,214.75128311037372,-57.888480785185216,0.9442716026650703,170.38007599064125,-39.278728574568106,94.17240567312965,46.42174837469077,-35.72641769228425,86.38852453581315,16.209159942950635,-23.883403749000866,-183.99493369373502,117.41754437526305,-73.35951431180777,71.12309100241909,55.48770776859799,12.72339431744659,-109.55276358448403,-16.808908483970555,141.6762473620001,95.13081206423942,27.01905667464022,91.44146351738156,36.170382548196805,-169.9630750586211,119.67292134045024,64.76166841067041,27.043336118149043,-264.0740083495008,91.7470182352804,250.36343631994512,127.88382696412648,226.78842024342083,33.80536355761924,-83.24574315317592,-83.21395118816764,56.449460092113405
-0.8717861129018333,-174.32672820152132,147.58353426756378,-257.92891421530885,-178.22955148053194,201.82976800221996,90.59711783169453,132.61782509554197,-317.49596494256417,85.81687600411361,-1.6970090208801736,-251.82129417206914,57.958215256416835,-139.32439881417068,-68.70576194869355,52.70676214702796,-127.79555578145713,-23.883403749000866,35.591039095133354,271.6454123419647,-173.64679993823137,108.51598978347626,-104.92074755574389,-82.23077016012323,-18.714169515389596,161.7232982703213,25.101458988679315,-209.44545120447273,-140.98126711613764,-40.224290739699974,-135.10303309240408,-53.56657300675291,251.14950850196442,-176.8571235687252,-95.81870499905116,-39.90914074682752,390.41980678232926,-135.48691376164658,-370.09655486055635,-188.88242893488794,-335.21075389589146,-49.92850823420732,122.87446678705396,123.13020057845517,-83.14940333789323
-7.5453654520161235,-1348.439599397665,1142.6989755646157,-1998.0778205037443,-1385.428895881479,1563.810172612727,701.3730940718693,1026.469574679441,-2458.271983706059,662.7046306294043,-10.616277810653534,-1949.8814341252928,453.043379840924,-1079.8496006404703,-529.1590634830318,409.3139206734851,-987.8518156973803,-183.99493369373502,271.6454123419647,2108.684470623277,-1344.8842594572288,838.4700306529224,-815.4245108998526,-635.7747886023378,-144.18965251018832,1253.5675529959135,190.44442354410924,-1622.29502240898,-1086.900788977386,-308.5006457345077,-1046.3371714681773,-415.33415561843105,1944.934423303455,-1370.1600546032416,-741.603114893761,-310.5376329148069,3023.4341383601745,-1049.0058229926153,-2863.6668583186356,-1463.9549010643025,-2592.1450713944787,-388.15463974538676,952.9711301363095,952.9697032921277,-647.3813524529154
4.7931630683163675,860.6518187504684,-729.4672019403126,1275.1231052306014,883.4486173226832,-998.1271257274192,-447.80655727245266,-655.2226301208079,1568.856298988221,-423.28044638588767,6.939174406405085,1244.1954894890991,-288.61399104333583,688.9733063782351,338.04813631223976,-260.88015461180464,630.371716156785,117.41754437526305,-173.64679993823137,-1344.8842594572288,858.3861150803739,-535.2168456381834,520.2074584129895,405.71577877098935,91.7563769092471,-799.9465364888713,-121.9313713030211,1035.3746034850092,694.7048649127204,197.32854325547294,667.9696864799191,264.87838898243393,-1241.102657412055,874.3183821878099,473.1634238689601,198.6926147762781,-1929.4594164861637,669.5869882647883,1827.7133641658663,934.0880798745816,1654.8824667410445,247.68472423131828,-608.0835376858964,-608.6819603260352,412.93984595393636
-2.9785873630683968,-536.6919805404566,454.88546965059743,-795.0115390324348,-550.6503768355052,622.35256056608,279.24475579700925,408.75158559991263,-978.2853445624003,263.9889927944333,-4.347351194480237,-776.0343927150835,179.68370327103725,-429.495185740772,-210.96537165657713,162.73090561392658,-393.25912063257226,-73.35951431180777,108.51598978347626,838.4700306529224,-535.2168456381834,334.00163257630896,-324.27597657916857,-253.0062151175555,-57.34885959834217,498.86932689316075,76.1685565953867,-645.6150719013696,-433.41125100466434,-123.18659300177022,-416.5529791402204,-165.15252566775706,774.0375527101297,-545.197419961883,-295.0651703899659,-123.59898293823201,1203.1628954548955,-417.6145490776017,-1140.0999830147641,-582.4821792134529,-1032.222505168878,-154.37999649325008,379.2265407066723,379.4034355062914,-257.3642879006209
3.0187779208062597,521.4156540819033,-442.1263600155772,772.7954470637654,535.7715824383425,-605.0165333005665,-271.3927208926097,-397.1693374497189,950.7025175844282,-256.359741080809,3.9232782247602307,754.0452171763434,-175.1555361313571,417.54131206381464,204.6925474267988,-158.2110075557953,381.8593698256005,71.12309100241909,-104.92074755574389,-815.4245108998526,520.2074584129895,-324.27597657916857,315.5342744493887,245.7174056694443,55.550060511245576,-484.9949851636505,-73.54865886377652,627.5227068393065,420.7730562231197,119.33807091785178,404.8661074992233,160.54344399073088,-752.1870242152204,529.9234481880435,286.6918917940656,120.52906782371244,-1169.2850431736215,405.8486189508215,1107.6098754620728,566.2416030990702,1002.7487370014458,150.2552119188783,-368.7067426794599,-368.8103618662765,250.55177965442692
2.1279696228500615,406.89649048534136,-344.58907215727544,602.6881655308151,417.6172999326696,-471.5441169731593,-211.527004749727,-309.37884530971974,741.6207987948047,-200.06753612085396,3.4796441204199824,588.1891646509087,-136.55946182729545,325.8191727001246,159.67789942173934,-123.40231519630998,298.16679311325527,55.48770776859799,-82.23077016012323,-635.7747886023378,405.71577877098935,-253.0062151175555,245.7174056694443,192.02913219511322,43.50556268561615,-377.85524505053644,-57.716652271694194,489.2981159149742,327.9313044728026,93.33994203283099,315.54364931586935,125.32563259591896,-586.632012045876,413.2436643876999,223.76761034027294,93.4947844817828,-912.083305633906,316.30239551446584,863.7960734473238,441.3994197150256,781.8745113812208,116.96211363848843,-287.2622411062881,-287.5144637643476,195.03029861359133
0.46603451644963173,92.22717049450598,-77.90964681246483,136.41270661964987,94.67743263922634,-106.70727859909115,-47.842016870788655,-70.26053156716696,168.0018202892755,-45.14925720394568,0.8326962665447433,133.35789209207752,-30.851193230494342,73.74183866023431,36.22961482032159,-28.07886389725471,67.72599481768837,12.72339431744659,-18.714169515389596,-144.18965251018832,91.7563769092471,-57.34885959834217,55.550060511245576,43.50556268561615,10.191305148690791,-85.59783410239899,-13.154777207935073,110.73571798848468,73.88505961475398,20.995062153146577,71.34344242308542,28.376011979867968,-132.99555068639722,93.62281648709698,50.77147718097693,20.745095044636123,-206.58478884714518,71.65071092444444,195.74379941033203,100.0467815362382,177.13697309471948,26.33816686920861,-65.03309939978296,-64.79447788242085,44.07111383512903
-4.654460169391879,-802.0405675339375,680.0165220190635,-1188.4138750566565,-823.4480698950982,930.474353449319,417.42478082475435,611.1073153900498,-1462.0950088673835,394.3282219580779,-6.201650290668696,-1159.6517365208708,268.840421804407,-641.960841789755,-315.1947601664522,243.21134948605604,-587.3853679663273,-109.55276358448403,161.7232982703213,1253.5675529959135,-799.9465364888713,498.86932689316075,-484.9949851636505,-377.85524505053644,-85.59783410239899,745.9198015628456,113.49620039916518,-965.0402561891086,-647.6554417368761,-183.6922152578599,-622.6338387289461,-246.78313323317238,1156.8157691220642,-814.9426154634764,-440.93843717358067,-185.21238363622575,1798.1783768941148,-624.2843739360544,-1703.6963265999264,-870.8063051403352,-1542.6983859259194,-230.91392252366023,566.9353295384396,567.1948822166847,-384.9654228536262
-0.5695244623982072,-122.52136689016898,103.66644423731358,-181.0915288580758,-124.91331401623172,141.75880668657118,63.709463799643,93.29612753683523,-223.00566857992322,60.37665102621284,-1.3370678497145012,-176.7071877446739,40.45611578211717,-97.72574605911363,-48.421917589320515,36.83979197372762,-89.7699129933341,-16.808908483970555,25.101458988679315,190.44442354410924,-121.9313713030211,76.1685565953867,-73.54865886377652,-57.716652271694194,-13.154777207935073,113.49620039916518,17.892180815681144,-147.05275584248162,-99.27345569952176,-28.359381071605387,-94.93344584530328,-37.48416291692675,176.3276401036677,-124.14245453964514,-67.26311419881338,-28.25399937793861,274.135967362314,-95.18733443014686,-259.85865140339916,-132.55910574424934,-235.68975000287546,-34.95467283714681,86.19267305318766,86.65203960541774,-58.27944971557537
5.83633818661195,1038.1282665350984,-879.9572708871879,1538.102673420287,1065.6593027318488,-1204.0165529064004,-540.152436460072,-790.4708675198093,1892.3643341082625,-510.5239251601007,8.316578772858524,1500.80982645878,-348.07032011753967,831.0084876452726,407.8222156219899,-314.7121482878253,760.349736704844,141.6762473620001,-209.44545120447273,-1622.29502240898,1035.3746034850092,-645.6150719013696,627.5227068393065,489.2981159149742,110.73571798848468,-965.0402561891086,-147.05275584248162,1248.9251473660618,838.0469803637565,237.9377887562662,805.7278238073005,319.4974999699678,-1497.094254177044,1054.6560859503472,570.7537088931764,239.62660922995545,-2327.3397530692846,807.7357878479231,2204.7432305959496,1126.813818279302,1996.2739369667572,298.7787487727759,-733.5422291498445,-734.1370657160631,498.09033557607927
4.036898395605362,696.5397927509956,-590.9176958717734,1031.8596524306013,713.6283448714432,-808.1077657263771,-362.73194233968013,-530.8749539382135,1269.4273694797696,-343.04580197308957,5.705794947187779,1006.5468058801185,-232.3844114049088,557.0229337777586,274.38577058683893,-210.5743218834803,509.8731639137589,95.13081206423942,-140.98126711613764,-1086.900788977386,694.7048649127204,-433.41125100466434,420.7730562231197,327.9313044728026,73.88505961475398,-647.6554417368761,-99.27345569952176,838.0469803637565,564.4955317866059,160.23762220672924,540.9725775884067,213.99450591443377,-1004.2091287334292,707.4222806660057,382.6876440730097,161.6618336033508,-1561.128996718648,542.2869464276521,1479.6923329334477,755.8438684235076,1340.6527660801048,200.47079538683514,-492.1292101461644,-493.2867730864871,333.7690889218019
1.0102814091728365,197.8887929861322,-167.69934434426156,292.96514417594375,202.50763868024245,-229.3505166702312,-103.00862555346558,-150.60912120420903,360.6044295508877,-97.5489514925568,1.7869641326972552,285.92574722896705,-65.96028848062711,158.23585608718687,77.91068385504624,-59.77881494637198,144.99046092955805,27.01905667464022,-40.224290739699974,-308.5006457345077,197.32854325547294,-123.18659300177022,119.33807091785178,93.33994203283099,20.995062153146577,-183.6922152578599,-28.359381071605387,237.9377887562662,160.23762220672924,45.74713982902176,153.61631722618975,60.78943753054076,-285.1977388243905,200.8535619735123,108.7013199824695,45.76844164176173,-443.4437576959941,153.91421502451533,420.2426975968248,214.48791351223875,380.6836468514725,56.83651463841741,-139.65335665682048,-140.1166707729689,94.69461239260256
3.7943665934719166,669.6831100182718,-567.7734248402849,992.180367879616,687.3135100093095,-776.8698129514237,-348.6258955631679,-510.24208174570896,1220.817447006548,-329.4354836373531,5.280407469420706,968.1654590443376,-224.34479315634604,535.9296614724003,263.2050198917417,-202.90890067145372,490.4752368695387,91.44146351738156,-135.10303309240408,-1046.3371714681773,667.9696864799191,-416.5529791402204,404.8661074992233,315.54364931586935,71.34344242308542,-622.6338387289461,-94.93344584530328,805.7278238073005,540.9725775884067,153.61631722618975,519.9846250662026,205.95728922535773,-965.8290313148738,680.3520917260912,368.0823433613294,154.91592803326793,-1501.3926948999926,521.2304168014839,1422.4515858893333,726.9076312114247,1288.1880621182256,192.7558506885935,-473.3043058292346,-473.8201908571816,321.4345021549977
1.4357712818797648,265.5680663643731,-225.00697143262818,393.5561290139793,272.85450099079594,-307.84316009980665,-138.00634879785673,-201.8341712109612,484.0991264238857,-130.55591341598057,2.189098618304971,384.04175641797553,-89.33366287023404,212.78983851832896,104.13351270712512,-80.66417780841245,194.58388943864122,36.170382548196805,-53.56657300675291,-415.33415561843105,264.87838898243393,-165.15252566775706,160.54344399073088,125.32563259591896,28.376011979867968,-246.78313323317238,-37.48416291692675,319.4974999699678,213.99450591443377,60.78943753054076,205.95728922535773,81.93769795824288,-382.9943949079365,269.8353739279169,146.12801867976415,60.952752012664476,-595.451249880324,206.45953084436144,563.9315981148609,288.27563262747196,510.2325724128246,76.46711183617539,-187.61839842018398,-187.57761611366197,127.38973930048634
-6.942543090786046,-1244.5152355347145,1054.7124339437526,-1843.7114119337414,-1277.5838915827462,1443.240469522406,647.4928040586595,947.7292360858434,-2268.5858612689944,611.9002292424549,-9.984863111636528,-1799.3141696584817,417.2405720073378,-996.1544412616704,-488.87521697958834,377.39268016599794,-911.7085232684904,-169.9630750586211,251.14950850196442,1944.934423303455,-1241.102657412055,774.0375527101297,-752.1870242152204,-586.632012045876,-132.99555068639722,1156.8157691220642,176.3276401036677,-1497.094254177044,-1004.2091287334292,-285.1977388243905,-965.8290313148738,-382.9943949079365,1794.8187949004766,-1264.307115796637,-684.249544975208,-286.89501638395564,2790.0174475717904,-968.289760129254,-2643.106949071336,-1350.8065294567666,-2393.080131375287,-358.04242684462173,879.3515828713173,879.816256652455,-597.0952955303771
4.920117106017674,876.690593789227,-743.0214022426528,1298.8792782283183,900.0554907923099,-1016.7253794494559,-456.10700740093876,-667.5320316175122,1598.0889952674484,-431.030801295516,7.013118718822206,1267.4677013910812,-294.02289392874604,701.8104348976694,344.345647434809,-265.85071413671,642.1619339311296,119.67292134045024,-176.8571235687252,-1370.1600546032416,874.3183821878099,-545.197419961883,529.9234481880435,413.2436643876999,93.62281648709698,-814.9426154634764,-124.14245453964514,1054.6560859503472,707.4222806660057,200.8535619735123,680.3520917260912,269.8353739279169,-1264.307115796637,890.6564863140596,482.02692687538416,202.17370578621504,-1965.4192222128775,682.0905426318878,1861.8352421965726,951.5955959649048,1685.7073413733142,252.27563774074608,-619.4511078075075,-619.8297915027241,420.63767079475656
2.592117087728865,474.5431543765833,-402.04351116073434,702.9883487720094,487.13071379639734,-550.1172279534672,-246.74112586804443,-361.0806957267351,864.91706448421,-233.28395404856963,3.9478333857018244,685.9975948037165,-159.1755282168681,379.9128802636015,186.33930586042587,-143.92551425182273,347.65161870264495,64.76166841067041,-95.81870499905116,-741.603114893761,473.1634238689601,-295.0651703899659,286.6918917940656,223.76761034027294,50.77147718097693,-440.93843717358067,-67.26311419881338,570.7537088931764,382.6876440730097,108.7013199824695,368.0823433613294,146.12801867976415,-684.249544975208,482.02692687538416,260.97676547412465,109.16527330173771,-1063.7303046946604,369.0388680640267,1007.5885025064697,514.9802302993035,912.1464125932689,136.4696451276827,-335.15192899144836,-335.31931514452833,227.50820480208415
1.2393786580434134,198.99802410406537,-169.08792175272168,295.01062604396185,204.07456965887445,-231.30015761698633,-103.93156639796582,-151.9617528458032,362.8556760550309,-98.13758077865985,1.439271884968539,287.3609066356883,-66.51437266271304,159.1223128707101,78.36741206431198,-59.92012889426844,145.37312990500155,27.043336118149043,-39.90914074682752,-310.5376329148069,198.6926147762781,-123.59898293823201,120.52906782371244,93.4947844817828,20.745095044636123,-185.21238363622575,-28.25399937793861,239.62660922995545,161.6618336033508,45.76844164176173,154.91592803326793,60.952752012664476,-286.89501638395564,202.17370578621504,109.16527330173771,47.21141778645979,-446.1654977791624,155.13427098820756,422.60966554362716,216.02420985839586,383.36878022444137,57.45059910345001,-140.7653940763745,-141.5716727059701,95.77747306060407
-10.734943554938338,-1934.7341213476707,1639.6034811300667,-2866.280889592499,-1986.0632301535131,2243.5737096868575,1006.5410487146372,1472.9753828043447,-3526.7005592347205,951.332127836697,-15.64876861316589,-2797.00498748159,648.789589168107,-1548.7532557295212,-759.8984947708467,586.5933448050947,-1417.2337644368542,-264.0740083495008,390.41980678232926,3023.4341383601745,-1929.4594164861637,1203.1628954548955,-1169.2850431736215,-912.083305633906,-206.58478884714518,1798.1783768941148,274.135967362314,-2327.3397530692846,-1561.128996718648,-443.4437576959941,-1501.3926948999926,-595.451249880324,2790.0174475717904,-1965.4192222128775,-1063.7303046946604,-446.1654977791624,4337.295735524279,-1505.1410308228872,-4108.601928481206,-2099.7998507404764,-3719.9619794445,-556.6300244431545,1366.8788966382947,1367.921473958604,-928.173537377619
3.855124306632155,671.3975673329039,-569.1891648307176,994.6668833552314,689.030146570997,-778.8511488575691,-349.4865130336011,-511.6539322656539,1223.8794419785597,-330.1514465348829,5.266945705142739,970.6351854634663,-224.8347460902467,537.2567346490703,263.9482934490518,-203.47290809365722,491.7256939640016,91.7470182352804,-135.48691376164658,-1049.0058229926153,669.5869882647883,-417.6145490776017,405.8486189508215,316.30239551446584,71.65071092444444,-624.2843739360544,-95.18733443014686,807.7357878479231,542.2869464276521,153.91421502451533,521.2304168014839,206.45953084436144,-968.289760129254,682.0905426318878,369.0388680640267,155.13427098820756,-1505.1410308228872,522.5933790685144,1426.0949461085143,728.8019270221042,1291.5256939202532,193.19821319989674,-474.4885012085748,-474.8947430646319,322.16791980534913
10.282316782537643,1832.7195663494667,-1553.4191198400208,2715.0805155509315,1880.9025529979856,-2125.466813183458,-953.6150096426353,-1395.854306590588,3340.728767885416,-901.289790293547,14.714994090102714,2649.7379935116855,-613.9918465221315,1466.792414230477,720.2389382197672,-555.6376032263696,1342.5858031825883,250.36343631994512,-370.09655486055635,-2863.6668583186356,1827.7133641658663,-1140.0999830147641,1107.6098754620728,863.7960734473238,195.74379941033203,-1703.6963265999264,-259.85865140339916,2204.7432305959496,1479.6923329334477,420.2426975968248,1422.4515858893333,563.9315981148609,-2643.106949071336,1861.8352421965726,1007.5885025064697,422.60966554362716,-4108.601928481206,1426.0949461085143,3892.7199707963014,1989.2349082228334,3524.6560772015573,527.2902306839687,-1295.011736782562,-1295.8064707103952,879.1246342662918
5.319384789582262,936.6031900667633,-793.8927761371075,1387.7191886783962,961.6778680846085,-1086.3242682933387,-487.3089840536343,-713.3083132596481,1707.3399466155258,-460.45240175627157,7.399709726485348,1354.162133648231,-314.1125829924323,749.7557213733461,367.9160887615829,-284.06115683438577,686.0249868591119,127.88382696412648,-188.88242893488794,-1463.9549010643025,934.0880798745816,-582.4821792134529,566.2416030990702,441.3994197150256,100.0467815362382,-870.8063051403352,-132.55910574424934,1126.813818279302,755.8438684235076,214.48791351223875,726.9076312114247,288.27563262747196,-1350.8065294567666,951.5955959649048,514.9802302993035,216.02420985839586,-2099.7998507404764,728.8019270221042,1989.2349082228334,1016.766549430442,1801.0653242442802,269.567201602385,-661.8935848570883,-662.1730789623252,449.45846276910487
9.389173372860354,1659.5436444681081,-1406.739784432567,2458.288057317647,1702.483514354812,-1924.7883904723517,-863.7495908272065,-1264.4799266275854,3024.877018361207,-816.2089194391272,13.370590736949136,2398.8637596055023,-555.3434104481828,1327.7785807692621,652.5779755996774,-502.7166983520149,1215.4788719934197,226.78842024342083,-335.21075389589146,-2592.1450713944787,1654.8824667410445,-1032.222505168878,1002.7487370014458,781.8745113812208,177.13697309471948,-1542.6983859259194,-235.68975000287546,1996.2739369667572,1340.6527660801048,380.6836468514725,1288.1880621182256,510.2325724128246,-2393.080131375287,1685.7073413733142,912.1464125932689,383.36878022444137,-3719.9619794445,1291.5256939202532,3524.6560772015573,1801.0653242442802,3192.241117344939,477.32105086972416,-1172.4940776723524,-1173.8056565125123,795.8903556869091
1.4599608221371778,248.18570126209855,-210.54043182039828,367.9427114913304,255.03098797314604,-288.04390117628236,-129.18784925353327,-188.97586819056133,452.5459182774577,-122.08312134985862,1.8408239501046548,358.9428779102473,-83.41446772406088,198.803523798203,97.4250447819952,-75.30528798282029,181.71094311068174,33.80536355761924,-49.92850823420732,-388.15463974538676,247.68472423131828,-154.37999649325008,150.2552119188783,116.96211363848843,26.33816686920861,-230.91392252366023,-34.95467283714681,298.7787487727759,200.47079538683514,56.83651463841741,192.7558506885935,76.46711183617539,-358.04242684462173,252.27563774074608,136.4696451276827,57.45059910345001,-556.6300244431545,193.19821319989674,527.2902306839687,269.567201602385,477.32105086972416,71.60322365396942,-175.54875804984576,-175.6283248707222,119.28390672468693
-3.497757377006771,-609.5983111880165,516.8506125808981,-903.3075323202875,-626.0316693988295,707.223353012913,317.2841700183907,464.434335341424,-1111.3822466766283,299.75869235067705,-4.6840614089422266,-881.5383203048207,204.46779963509098,-487.9918952161095,-239.4706047944633,184.91049955554337,-446.52482444015226,-83.24574315317592,122.87446678705396,952.9711301363095,-608.0835376858964,379.2265407066723,-368.7067426794599,-287.2622411062881,-65.03309939978296,566.9353295384396,86.19267305318766,-733.5422291498445,-492.1292101461644,-139.65335665682048,-473.3043058292346,-187.61839842018398,879.3515828713173,-619.4511078075075,-335.15192899144836,-140.7653940763745,1366.8788966382947,-474.4885012085748,-1295.011736782562,-661.8935848570883,-1172.4940776723524,-175.54875804984576,430.9800310531698,431.11006716934224,-292.72721592302867
-3.441141649682658,-610.242094101168,517.3921984571122,-904.0789723952105,-625.9801110885671,707.9038534995552,317.7257816408288,464.8072262393784,-1112.3449720551146,300.305128454915,-4.931586329908739,-881.870423645893,204.32688313739075,-488.3269230262029,-239.89593520381231,184.65487719838487,-446.74371296734824,-83.21395118816764,123.13020057845517,952.9697032921277,-608.6819603260352,379.4034355062914,-368.8103618662765,-287.5144637643476,-64.79447788242085,567.1948822166847,86.65203960541774,-734.1370657160631,-493.2867730864871,-140.1166707729689,-473.8201908571816,-187.57761611366197,879.816256652455,-619.8297915027241,-335.31931514452833,-141.5716727059701,1367.921473958604,-474.8947430646319,-1295.8064707103952,-662.1730789623252,-1173.8056565125123,-175.6283248707222,431.11006716934224,432.0780589170209,-292.7828797499155
2.3930716103053133,413.8288330744484,-350.89954168847527,613.3702375937808,425.4379744342216,-480.2765676899114,-215.4774297864969,-315.3350551846574,754.6720029827253,-203.446799375284,3.01281780944963,598.5564024851856,-139.14810337096145,331.41675032179495,162.37326651938952,-125.60117800230196,303.1006879871345,56.449460092113405,-83.14940333789323,-647.3813524529154,412.93984595393636,-257.3642879006209,250.55177965442692,195.03029861359133,44.07111383512903,-384.9654228536262,-58.27944971557537,498.09033557607927,333.7690889218019,94.69461239260256,321.4345021549977,127.38973930048634,-597.0952955303771,420.63767079475656,227.50820480208415,95.77747306060407,-928.173537377619,322.16791980534913,879.1246342662918,449.45846276910487,795.8903556869091,119.28390672468693,-292.72721592302867,-292.7828797499155,199.0662333232971
