V1,V2,V3,V4,V5,V6,V7,V8,V9,V10,V11,V12,V13,V14,V15,V16,V17,V18,V19,V20,V21,V22,V23,V24,V25,V26,V27,V28,V29,V30,V31,V32,V33,V34,V35,V36,V37,V38,V39,V40,V41,V42,V43,V44
0.30147096203380597,-0.20263799251239686,0.240627310408652,0.221324498074778,-0.09627320193764435,-0.011346330315233834,0.4258990935021121,-0.1999644250226155,-0.044247939818738966,0.0038270367778821123,-0.06127256678873457,-0.12861354521850082,-0.5519176459804207,-0.007482038713588091,-0.4177057388777363,-0.37606895512795874,-0.30766991609619115,-0.034030004682680574,-0.25514531825491576,0.19890596232380173,-0.2897589381115566,0.129962912354485,0.8019979121852944,-0.33555355691689037,0.10175612244532455,-0.2571050320123362,-0.23292006956261732,-0.02484432663806172,0.35319548329902417,-0.23780367344456596,0.036171066389113916,-0.28909006393199005,0.043760633711085885,-0.19933070207362352,0.21618293135579086,0.2267931337153319,0.5034542014517612,0.2612626075495316,-0.30177229646402615,-0.0800229462978721,-0.15385577872134631,0.22660240714495142,-0.2658949479162324,-0.32550322508548235
-0.20263799251239686,0.21049870458352476,-0.37673568222142095,-0.2298501752484803,0.0788585378702252,-0.155904664093467,-0.36351290798163816,0.11584224512407383,0.06850400033386661,-0.10527842156481029,-0.061751770323032106,0.3044558144783408,0.6197981190743664,-0.05009151658666492,0.377919038896137,0.33169210225683765,0.26424727996026626,-0.14654131155192363,-0.01683213773221974,-0.013499965244635207,0.10679952525850955,-0.23574743854402824,-0.5956675502689828,0.4895174118682485,0.007945706384350605,0.20189032867652607,0.28991436546201665,-0.1197415045486783,-0.23609047742898653,0.054673582106823423,-0.012592112570051203,0.4242415456088359,-0.016394847281290405,0.26509345171628673,-0.14389852445357137,-0.14464800774013561,-0.4239021213567442,-0.3054901596303642,0.22618183339445702,0.11480376069364377,0.036234928365042274,-0.06706212459772201,0.2781025197136774,0.36648074578951084
0.240627310408652,-0.37673568222142095,1.403181072512017,0.8180249373004802,-0.727664563785615,-0.0031754165364789493,1.4060201026458383,-0.4173259815619016,-0.7273287551561429,0.4943848795400328,0.49103469262291644,-1.3168049539697049,-1.2840373067617656,0.2208898607346763,-0.6489679126625396,-0.4923778931830955,0.06723236781112808,0.7418954827292963,0.3329214775328834,-0.3511109336154542,-0.04918052692161614,0.9114821621982242,1.7790951770751193,-1.896723594629228,-0.39198156774834714,-0.3185494894888058,-0.8253173157059053,0.5678636614873085,0.38677321490058525,0.07225513211970101,0.19691116969450617,-0.8202787361391762,0.0223417950325269,-0.18349528914635083,0.3360606867764576,0.9624548724102007,1.315530378295899,1.1112141897484014,-0.2734644523486346,-0.5240318407137053,0.33462390871466413,-0.13392773735709654,-0.33378188939621645,-0.9240730653902455
0.221324498074778,-0.2298501752484803,0.8180249373004802,0.7894582377187997,-0.8198600724924822,-0.3254465276130806,0.944003523136672,-0.3117332274391805,-0.37787946467431505,-0.12846765405911545,0.16082964664013438,-0.9236264678877258,-0.6559383358097014,0.09426047829948961,-0.6997682774774665,-0.9463064545829656,-0.40130575343430075,-0.14700887781994093,-0.6403169191805379,-0.10008796876269915,-0.3709513856755317,0.43432376215092183,1.5037756196448542,-1.45052842628484,0.09995624554751617,0.12060184335793481,-0.6427879047953656,0.39109649794269796,0.6360841432732418,-0.28899604917374777,0.7715414177054952,-0.2673135515078133,0.2934557505607882,-0.35366487143195807,0.1564393958896724,0.830041423947037,0.8698082480146871,0.9068342351396605,-0.5178721383387564,-0.5878563933204289,-0.10593903440990612,0.11858383283834362,-0.07125714320487014,-0.5191621243811418
-0.09627320193764435,0.0788585378702252,-0.727664563785615,-0.8198600724924822,1.3505875289606286,0.668385354362426,-0.9062672366677472,0.06550216102262899,0.08781199327912777,0.564706655838581,-0.2787574194032314,1.0223895252211062,0.3100998676387159,-0.23168668983587695,0.8772747557518367,1.4202616416727771,0.3939290676760991,0.6674043150907144,1.3384488519886308,0.11768933809646376,0.6809292254534025,-0.2915373871187046,-1.5266287735367068,1.7336371561636552,-0.2385183940421037,-0.47447953911820323,0.7380730220991468,-0.6551133696520743,-0.9220806909505134,0.37220947873981136,-1.4995138890028803,0.06402055447908821,-0.5166634390130598,0.2272931379685528,0.06120148670235999,-0.9729970939282201,-0.6710773519700027,-1.2716604863373775,0.7397226964514345,0.9746689520752965,0.11403012412686106,-0.3544800496520731,-0.19068550856136346,0.39640292797901694
-0.011346330315233834,-0.155904664093467,-0.0031754165364789493,-0.3254465276130806,0.668385354362426,1.1437050289259452,-0.6091327327671322,0.4753354115320924,0.5473521421937401,0.19974267530473636,0.1794253383455777,0.09967482375143605,-0.6476267973422215,0.18058156402454548,-0.1371424125042134,0.03185806662200822,-0.4362308067739447,0.40732988790382774,0.8890332669979143,-0.15951730106374987,0.37608639206565375,0.07860050146909692,-0.999341797295854,0.17787225973600887,-0.14080763915002167,-0.18575289772895154,-0.11940269945817962,0.25735998950442507,-0.22360207926613754,0.5246864724943144,-0.4759040442250701,-0.9481572687897611,-0.24397406539091337,-0.5538876480732926,-0.24507789022228288,-1.008164682883035,-0.4800626853871436,-0.12233339649752226,6.996959441125617e-4,0.18398880187060485,0.13914724432056164,-0.17311535670111464,-0.5075367405689927,-0.2538043385244345
0.4258990935021121,-0.36351290798163816,1.4060201026458383,0.944003523136672,-0.9062672366677472,-0.6091327327671322,2.0188823302828416,-1.0150848015912235,-1.2373397789597185,0.6458934422100471,0.394163258059769,-1.052683770133085,-1.1716306036894326,0.04147589069514007,-0.4562086747935798,-0.1158534367580817,0.49240704271883073,0.7891538167059869,0.19190914883559826,0.10723831603710646,-0.25138615034383827,0.9606934932572421,2.723304149954708,-1.837117352987296,-0.46495955430259994,-0.6195989370158514,-0.680649395420812,0.18203119594858805,0.5041503620416201,-0.3065794354767415,-0.06775894710715157,-0.40204352261773635,-0.03058977500236889,0.26012621568470373,0.6690642828019265,1.5843464716572029,1.9380941188519438,1.0704548951300747,-0.20053581615957317,-0.3507836111002378,0.2695295724899893,0.06861135636045265,-0.23008526877894397,-0.9468864928239485
-0.1999644250226155,0.11584224512407383,-0.4173259815619016,-0.3117332274391805,0.06550216102262899,0.4753354115320924,-1.0150848015912235,1.1167185240691444,1.1485869839625373,-0.7189351677257334,-0.13413694815670668,-0.1677596984333933,0.24717780733995678,0.25883259904001443,-0.4901180023682475,-0.9531371641918225,-0.7667560074359305,-0.7497646208501606,-0.769689912430857,-0.558284446368457,-0.2243254849074206,-0.46760312188223446,-1.3426265080916637,0.2629747803811797,0.4520827920281364,0.5863594996241847,-0.11021182857337293,0.45083271127144575,0.09436311540507279,0.24598623027091437,0.877344632646482,-0.23627687615587664,0.2599954022442006,-0.4495748369896777,-0.5162010726292002,-0.8497433313993891,-1.1258866474650027,0.0809810987573061,-0.33703794847552154,-0.4390105180012968,-0.10109945600095437,0.06715596183867643,0.038441472710762606,0.3079374671192683
-0.044247939818738966,0.06850400033386661,-0.7273287551561429,-0.37787946467431505,0.08781199327912777,0.5473521421937401,-1.2373397789597185,1.1485869839625373,1.5729467099076322,-1.072612932235053,-0.2345633342846668,0.22478981048051525,0.14978346778258342,0.24458431186653287,-0.77626829958019,-1.4141893086435746,-1.27445572940724,-1.2608338900731788,-1.2730789444401722,-0.11605286700787071,-0.5329492279922419,-0.6876624846834235,-1.2890191928127432,0.42716692079655094,0.7346762332276441,0.5995907733587221,-0.13311869249691075,0.3900230996882924,0.4703246695851153,8.48689820622521e-5,1.0985462804321489,-0.3345443589636282,0.37504155102100656,-0.7672463244763592,-0.6027986781322824,-1.115803400839977,-1.2463392461997678,0.10724057965934536,-0.6993768490398662,-0.4551107099363839,-0.43381368270585347,0.4442224536744666,-0.10765337108434705,0.28224054015833583
0.0038270367778821123,-0.10527842156481029,0.4943848795400328,-0.12846765405911545,0.564706655838581,0.19974267530473636,0.6458934422100471,-0.7189351677257334,-1.072612932235053,1.2796011669302487,0.28694757078016175,0.09217475719339523,-0.40796146038030007,-0.14332596511133197,0.8538131279584583,1.7393028999296811,1.2498957351409705,1.6157580197031731,1.984741021916426,0.014201242116124417,0.7997730791475466,0.6017128437952042,0.30736015359530866,0.17279666730445775,-0.8684047523899547,-0.8711322185059917,0.2501891740725174,-0.3699548746969727,-0.797959002443086,0.40353107289362133,-1.674023053735766,-0.19934976451765815,-0.6289941509231737,0.6726489040193055,0.487212302823254,0.2981223472002668,0.7525645407262515,-0.43389443253696425,0.8680594881914229,0.7266102437497475,0.6009650610617866,-0.5269415886856994,-0.2230410062533829,-0.30069352863997806
-0.06127256678873457,-0.061751770323032106,0.49103469262291644,0.16082964664013438,-0.2787574194032314,0.1794253383455777,0.394163258059769,-0.13413694815670668,-0.2345633342846668,0.28694757078016175,0.49502174130053733,-0.2868787023283552,-0.4072231048871227,0.17235876029162786,0.007339293881660323,0.14207196763345872,0.3130617421535659,0.4620309332894057,0.6010844660503624,-6.191210661794756e-4,0.20393216804453948,0.41656497762391526,0.3309674686092141,-0.7546232251556563,-0.38008414612850155,-0.1068014464277668,-0.2697457651226274,0.358365786287203,0.03656819245587336,0.2606949965061715,-0.08656257989189009,-0.4409315932788114,-0.11311156695686658,0.04059044594274251,-0.062097882283035394,0.15028935007498537,0.3380823060083929,0.44906046401378125,0.03495164119751495,-0.10686509550797954,0.31471305849480863,-0.0696878334981883,-0.10007293467110583,-0.3854170032435374
-0.12861354521850082,0.3044558144783408,-1.3168049539697049,-0.9236264678877258,1.0223895252211062,0.09967482375143605,-1.052683770133085,-0.1677596984333933,0.22478981048051525,0.09217475719339523,-0.2868787023283552,1.8089457370574682,1.022942874870767,-0.3274758484438327,1.108044069387469,1.43014343722199,0.5070226262466768,-0.057265241392119096,0.6602943578288507,0.866221870206599,0.3496778842536243,-0.6454895343438946,-1.4186604327330732,2.0747642696295494,-0.03469227867881937,-0.24150211610304137,1.0055647934136913,-0.8646769528629074,-0.5930719122638827,-0.017038069880169652,-1.1598088281009782,0.6777713939322939,-0.3838745716535384,0.4815287151125699,-0.10531358847729917,-0.8797112084772776,-0.8263739299196323,-1.3431668397514682,0.5951443423260889,1.040674274578069,-0.16025134914412995,0.12460950663838867,0.13012066480666157,0.6798352634655243
-0.5519176459804207,0.6197981190743664,-1.2840373067617656,-0.6559383358097014,0.3100998676387159,-0.6476267973422215,-1.1716306036894326,0.24717780733995678,0.14978346778258342,-0.40796146038030007,-0.4072231048871227,1.022942874870767,2.0397245743487953,-0.28141458358540855,1.158953325276286,0.9458054439380518,0.6589871970168936,-0.6344620530899778,-0.3280884717536036,0.026236235753953587,0.2524188035126808,-0.8449319264591912,-1.7404332958391533,1.7243332815143646,0.21348567435635107,0.6600166094091887,0.9890695367826683,-0.5613961277625381,-0.6833252494147511,-0.028573033629337517,0.0033111226024827513,1.5531664642969083,0.0363230706780441,0.7549570215211994,-0.34072918316217216,-0.3580071805514948,-1.277384213000267,-1.1305711013025876,0.66407090481973,0.4339894646755273,-0.09263042442015382,-0.17107526962374284,0.8989773155961596,1.2421079833490642
-0.007482038713588091,-0.05009151658666492,0.2208898607346763,0.09426047829948961,-0.23168668983587695,0.18058156402454548,0.04147589069514007,0.25883259904001443,0.24458431186653287,-0.14332596511133197,0.17235876029162786,-0.3274758484438327,-0.28141458358540855,0.18508199400547534,-0.34853592526903415,-0.46986288647072827,-0.22861307544003226,-0.08889734231821379,-0.15689520148248862,-0.1698481147902069,-0.11411231197442766,0.09800628504497112,0.04194731264655281,-0.48369436859753834,0.011888053491381287,0.10959250675599888,-0.27631498797331244,0.35535433690423224,0.2010668583593409,0.1117720066822105,0.3771729154162117,-0.3597152390152642,0.08265782832591154,-0.20232500328911135,-0.14090324874201218,-0.06361809835643342,-0.032000576239069815,0.40244588599313946,-0.23188746006732155,-0.3049116336204487,0.0714462638500012,0.059889192360250795,-0.0880872236504113,-0.18737582049717977
-0.4177057388777363,0.377919038896137,-0.6489679126625396,-0.6997682774774665,0.8772747557518367,-0.1371424125042134,-0.4562086747935798,-0.4901180023682475,-0.77626829958019,0.8538131279584583,0.007339293881660323,1.108044069387469,1.158953325276286,-0.34853592526903415,1.736000780146912,2.4029574615144016,1.5768016968038032,0.9857052628291859,1.7322215266392833,0.2221884002211337,0.9923664485827003,-0.12344804000415083,-1.227619306815646,1.589282717857188,-0.6504338948684972,-0.3152905465157777,1.0251907540420988,-0.7844106304465585,-1.2495375855152562,0.38454850664047957,-1.6564690049455257,0.9031699045086773,-0.604593969093211,1.0934469311325419,0.1014801149965939,-0.22294747442185062,-0.38890364300132463,-1.3354876938408702,1.2939746794864666,1.1130760016792742,0.44314401033403555,-0.5678284109547963,0.414475534286616,0.6504065195953419
-0.37606895512795874,0.33169210225683765,-0.4923778931830955,-0.9463064545829656,1.4202616416727771,0.03185806662200822,-0.1158534367580817,-0.9531371641918225,-1.4141893086435746,1.7393028999296811,0.14207196763345872,1.43014343722199,0.9458054439380518,-0.46986288647072827,2.4029574615144016,3.7759147561786754,2.512461087559011,2.0962288919682837,3.140656125208344,0.3468332227085159,1.5022126448031978,0.18673777847797426,-1.1532061249197112,2.029636784843325,-1.2317687416424652,-1.0241158510988078,1.3109628592565254,-1.160811870425567,-1.8461428466383532,0.6494760276886822,-2.9864963370442488,0.7822634853409814,-1.1123739599347626,1.6778291552051723,0.4610225877421311,-0.146641947492961,0.05442394824730204,-1.7889797497190933,1.9424172305655338,1.7484745633063943,0.8548777736063703,-0.8480086998992232,0.221723100536168,0.4966492582555464
-0.30766991609619115,0.26424727996026626,0.06723236781112808,-0.40130575343430075,0.3939290676760991,-0.4362308067739447,0.49240704271883073,-0.7667560074359305,-1.27445572940724,1.2498957351409705,0.3130617421535659,0.5070226262466768,0.6589871970168936,-0.22861307544003226,1.5768016968038032,2.512461087559011,2.166386767412626,1.5464336198161737,1.9718857422648515,0.0591045866124988,0.8934080211310114,0.3567342197912746,-0.11723809762965101,0.7432464785838911,-0.9950709896354087,-0.6651606747761462,0.7026414126333183,-0.5839519176337433,-1.1402877757568828,0.41499410105972673,-1.7236251534469662,0.6495215617691444,-0.6785423896382394,1.520858077054993,0.4155129822724026,0.5293063555084163,0.45410632356726005,-0.7677339646168873,1.3320863585739968,0.8862656472281761,0.8051823757532737,-0.5583592659433156,0.33315592535940736,0.2163913546473021
-0.034030004682680574,-0.14654131155192363,0.7418954827292963,-0.14700887781994093,0.6674043150907144,0.40732988790382774,0.7891538167059869,-0.7497646208501606,-1.2608338900731788,1.6157580197031731,0.4620309332894057,-0.057265241392119096,-0.6344620530899778,-0.08889734231821379,0.9857052628291859,2.0962288919682837,1.5464336198161737,2.1108569221466693,2.587672692000556,-0.1456562599253872,1.0395073210584052,0.825926090779739,0.276072727456682,0.03530350777035729,-1.132646458677645,-1.0530162277404531,0.19938879428521136,-0.2890412161936402,-1.0121671623586566,0.6437117571396802,-2.023540112930241,-0.4535755131080036,-0.8003372458538386,0.7928896915890165,0.5428720004553103,0.2950411487034983,0.8916764546283361,-0.41006726445001335,1.0685810262807758,0.814252246114799,0.8565000627011382,-0.7129898132284009,-0.3311657754427205,-0.4600811234973415
-0.25514531825491576,-0.01683213773221974,0.3329214775328834,-0.6403169191805379,1.3384488519886308,0.8890332669979143,0.19190914883559826,-0.769689912430857,-1.2730789444401722,1.984741021916426,0.6010844660503624,0.6602943578288507,-0.3280884717536036,-0.15689520148248862,1.7322215266392833,3.140656125208344,1.9718857422648515,2.587672692000556,3.722762842922294,0.058931524004785345,1.6556387254728808,0.7532089339588306,-0.8285219886016746,0.8458427732650636,-1.4699307711176148,-1.2002611556097913,0.6362627262629912,-0.5047260395691203,-1.6005740283903416,1.0328228542508864,-2.9119075099508356,-0.4543952666950079,-1.158955180462765,0.9466808581768179,0.3658099043453997,-0.3720831532486307,0.39025180461919334,-1.060247248438833,1.589519874982455,1.4116079028875204,1.0531325881212816,-0.970430891702181,-0.3438959306875496,-0.25633541032120855
0.19890596232380173,-0.013499965244635207,-0.3511109336154542,-0.10008796876269915,0.11768933809646376,-0.15951730106374987,0.10723831603710646,-0.558284446368457,-0.11605286700787071,0.014201242116124417,-6.191210661794756e-4,0.866221870206599,0.026236235753953587,-0.1698481147902069,0.2221884002211337,0.3468332227085159,0.0591045866124988,-0.1456562599253872,0.058931524004785345,0.937481480796325,-0.115819422485,-0.09097595339153702,0.4357354683172139,0.3671435522490809,-0.01210093510238204,-0.30219659436316854,0.23071883935233667,-0.39751400501349826,0.2244151510721043,-0.3352077836064352,-0.41788107038374245,0.15111836541420667,-0.10823778503224105,0.06078016268686956,0.0931489635363703,-0.0035247429048537184,0.27164586951137326,-0.21238216859415904,-0.06619137027900653,0.3947019091176751,-0.2548274509823216,0.3894511195842673,-0.09412478828949122,-0.05962497282454913
-0.2897589381115566,0.10679952525850955,-0.04918052692161614,-0.3709513856755317,0.6809292254534025,0.37608639206565375,-0.25138615034383827,-0.2243254849074206,-0.5329492279922419,0.7997730791475466,0.20393216804453948,0.3496778842536243,0.2524188035126808,-0.11411231197442766,0.9923664485827003,1.5022126448031978,0.8934080211310114,1.0395073210584052,1.6556387254728808,-0.115819422485,0.9052636760401086,0.19550521782391825,-0.8919987276558868,0.6243763501026555,-0.6090200450127218,-0.2859814181607152,0.4415793646575667,-0.25136246204590584,-0.9048448113242119,0.5361945602570662,-1.222821371294072,0.07416694445175535,-0.47322356346830724,0.41800067656460094,0.025124175079355607,-0.3134883093417736,-0.18903547522189218,-0.695401991806988,0.8497088460134161,0.6702782680134914,0.4480352045718178,-0.5939458833966493,0.04746270936805895,0.15277337460872106
0.129962912354485,-0.23574743854402824,0.9114821621982242,0.43432376215092183,-0.2915373871187046,0.07860050146909692,0.9606934932572421,-0.46760312188223446,-0.6876624846834235,0.6017128437952042,0.41656497762391526,-0.6454895343438946,-0.8449319264591912,0.09800628504497112,-0.12344804000415083,0.18673777847797426,0.3567342197912746,0.825926090779739,0.7532089339588306,-0.09097595339153702,0.19550521782391825,0.6903443476138652,1.0976106976129383,-1.0774263779884692,-0.47485853017693935,-0.3982274023308226,-0.4103149827296035,0.24818246048599812,0.049433148658420176,0.14952149514662863,-0.3277029425751944,-0.5513676658476016,-0.16220076433803293,0.039001676848349286,0.27274623092840317,0.5900968841059424,0.9432823723078622,0.5491284812904488,0.04842121943702614,-0.09394352005043785,0.3401444021355859,-0.1797588043724109,-0.2565149395230949,-0.6339159791358553
0.8019979121852944,-0.5956675502689828,1.7790951770751193,1.5037756196448542,-1.5266287735367068,-0.999341797295854,2.723304149954708,-1.3426265080916637,-1.2890191928127432,0.30736015359530866,0.3309674686092141,-1.4186604327330732,-1.7404332958391533,0.04194731264655281,-1.227619306815646,-1.1532061249197112,-0.11723809762965101,0.276072727456682,-0.8285219886016746,0.4357354683172139,-0.8919987276558868,1.0976106976129383,4.189991991557787,-2.712979257114101,-0.13167287980848685,-0.6416099836942989,-1.1407618050411066,0.28723276683588295,1.31611754806669,-0.856773547032709,0.6282947764055101,-0.5548864445065844,0.28963590181428467,-0.11508996370266866,0.8776566807187125,2.2008340404364746,2.6853984205985455,1.7339582109526672,-0.8718759453139182,-0.7757650894181203,-0.11263289806919605,0.5271264357557093,-0.39859765314253987,-1.3498390480320799
-0.33555355691689037,0.4895174118682485,-1.896723594629228,-1.45052842628484,1.7336371561636552,0.17787225973600887,-1.837117352987296,0.2629747803811797,0.42716692079655094,0.17279666730445775,-0.7546232251556563,2.0747642696295494,1.7243332815143646,-0.48369436859753834,1.589282717857188,2.029636784843325,0.7432464785838911,0.03530350777035729,0.8458427732650636,0.3671435522490809,0.6243763501026555,-1.0774263779884692,-2.712979257114101,3.366974832961399,0.0747781237656066,-0.1872710645616332,1.5370944608861707,-1.2603196449694083,-1.292666293477533,0.17578063765736315,-1.5967513850878567,1.1730595493580653,-0.4980859826017639,0.7977567355148498,-0.07730594297156944,-1.3437394956142916,-1.594386351493729,-2.226712578730176,1.1045663556959562,1.3858000787319549,-0.10635851792882466,-0.23356588643736917,0.3175972748095376,1.3142427689683038
0.10175612244532455,0.007945706384350605,-0.39198156774834714,0.09995624554751617,-0.2385183940421037,-0.14080763915002167,-0.46495955430259994,0.4520827920281364,0.7346762332276441,-0.8684047523899547,-0.38008414612850155,-0.03469227867881937,0.21348567435635107,0.011888053491381287,-0.6504338948684972,-1.2317687416424652,-0.9950709896354087,-1.132646458677645,-1.4699307711176148,-0.01210093510238204,-0.6090200450127218,-0.47485853017693935,-0.13167287980848685,0.0747781237656066,0.7301845831088749,0.5161707670000695,-0.14459205865008343,0.10142397561144066,0.5532362564275483,-0.38653049546966806,1.059956129301654,0.16665628867876195,0.448144040774235,-0.523610962250978,-0.20290829195305113,-0.20443404977931712,-0.4529075247238728,0.1474806671549508,-0.6164567392130377,-0.41541407002592334,-0.5385531497988238,0.37827436259216446,0.06926843178599368,0.22256438190184233
-0.2571050320123362,0.20189032867652607,-0.3185494894888058,0.12060184335793481,-0.47447953911820323,-0.18575289772895154,-0.6195989370158514,0.5863594996241847,0.5995907733587221,-0.8711322185059917,-0.1068014464277668,-0.24150211610304137,0.6600166094091887,0.10959250675599888,-0.3152905465157777,-1.0241158510988078,-0.6651606747761462,-1.0530162277404531,-1.2002611556097913,-0.30219659436316854,-0.2859814181607152,-0.3982274023308226,-0.6416099836942989,-0.1872710645616332,0.5161707670000695,0.9134051306760047,-0.11037040366818857,0.3783889295824949,0.30793300815253094,-0.09124845299278916,1.2846559416659076,0.3687587085548634,0.46054539347680445,-0.3886312530462664,-0.4975538266772495,-0.1975328292025538,-0.7778629707583273,0.23665454654029464,-0.38725232665014736,-0.5474328026959623,-0.2827023069985377,0.08596059939054747,0.4097403144124428,0.3969994945772975
-0.23292006956261732,0.28991436546201665,-0.8253173157059053,-0.6427879047953656,0.7380730220991468,-0.11940269945817962,-0.680649395420812,-0.11021182857337293,-0.13311869249691075,0.2501891740725174,-0.2697457651226274,1.0055647934136913,0.9890695367826683,-0.27631498797331244,1.0251907540420988,1.3109628592565254,0.7026414126333183,0.19938879428521136,0.6362627262629912,0.23071883935233667,0.4415793646575667,-0.4103149827296035,-1.1407618050411066,1.5370944608861707,-0.14459205865008343,-0.11037040366818857,0.8270991796769721,-0.6664705705852395,-0.7383964495598178,0.09460326986437144,-0.9127234033909389,0.7749930281379939,-0.2945826874546027,0.6018096215104127,0.008355205812889014,-0.3981723625838054,-0.6056340435007197,-1.0961240460040413,0.7104841950684179,0.7424916277594522,0.05571962900710982,-0.21136488897559422,0.29911585588090583,0.6614604010112536
-0.02484432663806172,-0.1197415045486783,0.5678636614873085,0.39109649794269796,-0.6551133696520743,0.25735998950442507,0.18203119594858805,0.45083271127144575,0.3900230996882924,-0.3699548746969727,0.358365786287203,-0.8646769528629074,-0.5613961277625381,0.35535433690423224,-0.7844106304465585,-1.160811870425567,-0.5839519176337433,-0.2890412161936402,-0.5047260395691203,-0.39751400501349826,-0.25136246204590584,0.24818246048599812,0.28723276683588295,-1.2603196449694083,0.10142397561144066,0.3783889295824949,-0.6664705705852395,0.7945701100955181,0.5118459567641255,0.1544678949311929,1.0069213534287722,-0.6570605161273791,0.2799274906565932,-0.5285262738129316,-0.2956256997784399,0.035858120837490216,0.02895540212472848,0.9423124144079499,-0.5517878917492399,-0.7351259624637247,0.06757284480347173,0.0924330006648378,-0.10890006952219299,-0.40229972369568257
0.35319548329902417,-0.23609047742898653,0.38677321490058525,0.6360841432732418,-0.9220806909505134,-0.22360207926613754,0.5041503620416201,0.09436311540507279,0.4703246695851153,-0.797959002443086,0.03656819245587336,-0.5930719122638827,-0.6833252494147511,0.2010668583593409,-1.2495375855152562,-1.8461428466383532,-1.1402877757568828,-1.0121671623586566,-1.6005740283903416,0.2244151510721043,-0.9048448113242119,0.049433148658420176,1.31611754806669,-1.292666293477533,0.5532362564275483,0.30793300815253094,-0.7383964495598178,0.5118459567641255,1.1743166979682578,-0.5276713325592705,1.416732290983004,-0.4285512769529492,0.5343584440717266,-0.7460316375609762,-0.08455686979744123,0.3976248179842311,0.4615686241340746,1.091241397558496,-1.0817096081400095,-0.8352747696003313,-0.475429064037667,0.6475230877881697,-0.18505711733373914,-0.4759553576050368
-0.23780367344456596,0.054673582106823423,0.07225513211970101,-0.28899604917374777,0.37220947873981136,0.5246864724943144,-0.3065794354767415,0.24598623027091437,8.48689820622521e-5,0.40353107289362133,0.2606949965061715,-0.017038069880169652,-0.028573033629337517,0.1117720066822105,0.38454850664047957,0.6494760276886822,0.41499410105972673,0.6437117571396802,1.0328228542508864,-0.3352077836064352,0.5361945602570662,0.14952149514662863,-0.856773547032709,0.17578063765736315,-0.38653049546966806,-0.09124845299278916,0.09460326986437144,0.1544678949311929,-0.5276713325592705,0.5496743916740722,-0.5377866118452607,-0.311863825393995,-0.27918611863303244,0.13738908953373652,-0.1463539140424402,-0.4358890975243515,-0.33368437640085713,-0.20083056368155608,0.42006119124641816,0.2070165698730036,0.41151757915132053,-0.37798327070375654,-0.06366895809838116,-6.891275362542918e-4
0.036171066389113916,-0.012592112570051203,0.19691116969450617,0.7715414177054952,-1.4995138890028803,-0.4759040442250701,-0.06775894710715157,0.877344632646482,1.0985462804321489,-1.674023053735766,-0.08656257989189009,-1.1598088281009782,0.0033111226024827513,0.3771729154162117,-1.6564690049455257,-2.9864963370442488,-1.7236251534469662,-2.023540112930241,-2.9119075099508356,-0.41788107038374245,-1.222821371294072,-0.3277029425751944,0.6282947764055101,-1.5967513850878567,1.059956129301654,1.2846559416659076,-0.9127234033909389,1.0069213534287722,1.416732290983004,-0.5377866118452607,2.870606026592521,-0.04660127301851277,1.0405261362339058,-1.0317431885903876,-0.5674125243272219,0.3075224492923753,-0.3585822195943429,1.433924356255835,-1.4398523653927326,-1.5579169044860632,-0.6388309325877521,0.6373840656603387,0.29231944093526263,-0.03803750470406635
-0.28909006393199005,0.4242415456088359,-0.8202787361391762,-0.2673135515078133,0.06402055447908821,-0.9481572687897611,-0.40204352261773635,-0.23627687615587664,-0.3345443589636282,-0.19934976451765815,-0.4409315932788114,0.6777713939322939,1.5531664642969083,-0.3597152390152642,0.9031699045086773,0.7822634853409814,0.6495215617691444,-0.4535755131080036,-0.4543952666950079,0.15111836541420667,0.07416694445175535,-0.5513676658476016,-0.5548864445065844,1.1730595493580653,0.16665628867876195,0.3687587085548634,0.7749930281379939,-0.6570605161273791,-0.4285512769529492,-0.311863825393995,-0.04660127301851277,1.4985460706795442,0.07919260577719052,0.7358802604939627,0.02073414788794957,0.2833345710113273,-0.4722745225689362,-0.8421603813380012,0.5160026905294485,0.3515723862972378,-0.1677273865674977,-0.09918338428191366,0.7701981991897174,0.9187256894533461
0.043760633711085885,-0.016394847281290405,0.0223417950325269,0.2934557505607882,-0.5166634390130598,-0.24397406539091337,-0.03058977500236889,0.2599954022442006,0.37504155102100656,-0.6289941509231737,-0.11311156695686658,-0.3838745716535384,0.0363230706780441,0.08265782832591154,-0.604593969093211,-1.1123739599347626,-0.6785423896382394,-0.8003372458538386,-1.158955180462765,-0.10823778503224105,-0.47322356346830724,-0.16220076433803293,0.28963590181428467,-0.4980859826017639,0.448144040774235,0.46054539347680445,-0.2945826874546027,0.2799274906565932,0.5343584440717266,-0.27918611863303244,1.0405261362339058,0.07919260577719052,0.41174824490397977,-0.3975755006086639,-0.1575374659793071,0.14996427493188033,-0.1054744452034346,0.45093415992912095,-0.5361246375468285,-0.5352814732237665,-0.3162263178244602,0.2510870588549529,0.11870748743041418,0.028505772707497448
-0.19933070207362352,0.26509345171628673,-0.18349528914635083,-0.35366487143195807,0.2272931379685528,-0.5538876480732926,0.26012621568470373,-0.4495748369896777,-0.7672463244763592,0.6726489040193055,0.04059044594274251,0.4815287151125699,0.7549570215211994,-0.20232500328911135,1.0934469311325419,1.6778291552051723,1.520858077054993,0.7928896915890165,0.9466808581768179,0.06078016268686956,0.41800067656460094,0.039001676848349286,-0.11508996370266866,0.7977567355148498,-0.523610962250978,-0.3886312530462664,0.6018096215104127,-0.5285262738129316,-0.7460316375609762,0.13738908953373652,-1.0317431885903876,0.7358802604939627,-0.3975755006086639,1.2248983584338415,0.3116841021068929,0.42877382292838717,0.20251457818319218,-0.6301101277074826,0.8985728939907159,0.589877880524739,0.4704699630493599,-0.26434661182839037,0.36210738762411887,0.3430926315998121
0.21618293135579086,-0.14389852445357137,0.3360606867764576,0.1564393958896724,0.06120148670235999,-0.24507789022228288,0.6690642828019265,-0.5162010726292002,-0.6027986781322824,0.487212302823254,-0.062097882283035394,-0.10531358847729917,-0.34072918316217216,-0.14090324874201218,0.1014801149965939,0.4610225877421311,0.4155129822724026,0.5428720004553103,0.3658099043453997,0.0931489635363703,0.025124175079355607,0.27274623092840317,0.8776566807187125,-0.07730594297156944,-0.20290829195305113,-0.4975538266772495,0.008355205812889014,-0.2956256997784399,-0.08455686979744123,-0.1463539140424402,-0.5674125243272219,0.02073414788794957,-0.1575374659793071,0.3116841021068929,0.46384766777314823,0.5396550193091149,0.7470016305498612,-0.05698891731938505,0.18524930850450413,0.21335967101792064,0.08894737789682519,-0.051198563268236796,-0.14314062479609688,-0.22327547396698685
0.2267931337153319,-0.14464800774013561,0.9624548724102007,0.830041423947037,-0.9729970939282201,-1.008164682883035,1.5843464716572029,-0.8497433313993891,-1.115803400839977,0.2981223472002668,0.15028935007498537,-0.8797112084772776,-0.3580071805514948,-0.06361809835643342,-0.22294747442185062,-0.146641947492961,0.5293063555084163,0.2950411487034983,-0.3720831532486307,-0.0035247429048537184,-0.3134883093417736,0.5900968841059424,2.2008340404364746,-1.3437394956142916,-0.20443404977931712,-0.1975328292025538,-0.3981723625838054,0.035858120837490216,0.3976248179842311,-0.4358890975243515,0.3075224492923753,0.2833345710113273,0.14996427493188033,0.42877382292838717,0.5396550193091149,1.5828206987871059,1.449196583004676,0.7603850959888904,-0.10646117041989697,-0.38006228798059044,0.11493999052392098,0.04479346532470557,0.17005243397537337,-0.43867068324789843
0.5034542014517612,-0.4239021213567442,1.315530378295899,0.8698082480146871,-0.6710773519700027,-0.4800626853871436,1.9380941188519438,-1.1258866474650027,-1.2463392461997678,0.7525645407262515,0.3380823060083929,-0.8263739299196323,-1.277384213000267,-0.032000576239069815,-0.38890364300132463,0.05442394824730204,0.45410632356726005,0.8916764546283361,0.39025180461919334,0.27164586951137326,-0.18903547522189218,0.9432823723078622,2.6853984205985455,-1.594386351493729,-0.4529075247238728,-0.7778629707583273,-0.6056340435007197,0.02895540212472848,0.4615686241340746,-0.33368437640085713,-0.3585822195943429,-0.4722745225689362,-0.1054744452034346,0.20251457818319218,0.7470016305498612,1.449196583004676,1.976003341127481,0.8736351554490975,-0.15951548801106585,-0.14412033824470588,0.19467508861163782,0.09470147592201035,-0.36711324652150057,-0.9827089220157833
0.2612626075495316,-0.3054901596303642,1.1112141897484014,0.9068342351396605,-1.2716604863373775,-0.12233339649752226,1.0704548951300747,0.0809810987573061,0.10724057965934536,-0.43389443253696425,0.44906046401378125,-1.3431668397514682,-1.1305711013025876,0.40244588599313946,-1.3354876938408702,-1.7889797497190933,-0.7677339646168873,-0.41006726445001335,-1.060247248438833,-0.21238216859415904,-0.695401991806988,0.5491284812904488,1.7339582109526672,-2.226712578730176,0.1474806671549508,0.23665454654029464,-1.0961240460040413,0.9423124144079499,1.091241397558496,-0.20083056368155608,1.433924356255835,-0.8421603813380012,0.45093415992912095,-0.6301101277074826,-0.05698891731938505,0.7603850959888904,0.8736351554490975,1.6309502032499583,-0.9823239628461774,-1.1118053522275961,-0.035870587109258736,0.37647365933335847,-0.22620021651091407,-0.8425289552951719
-0.30177229646402615,0.22618183339445702,-0.2734644523486346,-0.5178721383387564,0.7397226964514345,6.996959441125617e-4,-0.20053581615957317,-0.33703794847552154,-0.6993768490398662,0.8680594881914229,0.03495164119751495,0.5951443423260889,0.66407090481973,-0.23188746006732155,1.2939746794864666,1.9424172305655338,1.3320863585739968,1.0685810262807758,1.589519874982455,-0.06619137027900653,0.8497088460134161,0.04842121943702614,-0.8718759453139182,1.1045663556959562,-0.6164567392130377,-0.38725232665014736,0.7104841950684179,-0.5517878917492399,-1.0817096081400095,0.42006119124641816,-1.4398523653927326,0.5160026905294485,-0.5361246375468285,0.8985728939907159,0.18524930850450413,-0.10646117041989697,-0.15951548801106585,-0.9823239628461774,1.0861386701523599,0.8433932523419306,0.4893500236175666,-0.5701984049329198,0.22437953902447288,0.39024121191747907
-0.0800229462978721,0.11480376069364377,-0.5240318407137053,-0.5878563933204289,0.9746689520752965,0.18398880187060485,-0.3507836111002378,-0.4390105180012968,-0.4551107099363839,0.7266102437497475,-0.10686509550797954,1.040674274578069,0.4339894646755273,-0.3049116336204487,1.1130760016792742,1.7484745633063943,0.8862656472281761,0.814252246114799,1.4116079028875204,0.3947019091176751,0.6702782680134914,-0.09394352005043785,-0.7757650894181203,1.3858000787319549,-0.41541407002592334,-0.5474328026959623,0.7424916277594522,-0.7351259624637247,-0.8352747696003313,0.2070165698730036,-1.5579169044860632,0.3515723862972378,-0.5352814732237665,0.589877880524739,0.21335967101792064,-0.38006228798059044,-0.14412033824470588,-1.1118053522275961,0.8433932523419306,1.017001196207608,0.18836695287975688,-0.28848288976426234,-0.018704004041907116,0.30027774356115405
-0.15385577872134631,0.036234928365042274,0.33462390871466413,-0.10593903440990612,0.11403012412686106,0.13914724432056164,0.2695295724899893,-0.10109945600095437,-0.43381368270585347,0.6009650610617866,0.31471305849480863,-0.16025134914412995,-0.09263042442015382,0.0714462638500012,0.44314401033403555,0.8548777736063703,0.8051823757532737,0.8565000627011382,1.0531325881212816,-0.2548274509823216,0.4480352045718178,0.3401444021355859,-0.11263289806919605,-0.10635851792882466,-0.5385531497988238,-0.2827023069985377,0.05571962900710982,0.06757284480347173,-0.475429064037667,0.41151757915132053,-0.6388309325877521,-0.1677273865674977,-0.3162263178244602,0.4704699630493599,0.08894737789682519,0.11493999052392098,0.19467508861163782,-0.035870587109258736,0.4893500236175666,0.18836695287975688,0.5183561444284546,-0.3434787076314431,-0.004319542081318218,-0.12664636198654122
0.22660240714495142,-0.06706212459772201,-0.13392773735709654,0.11858383283834362,-0.3544800496520731,-0.17311535670111464,0.06861135636045265,0.06715596183867643,0.4442224536744666,-0.5269415886856994,-0.0696878334981883,0.12460950663838867,-0.17107526962374284,0.059889192360250795,-0.5678284109547963,-0.8480086998992232,-0.5583592659433156,-0.7129898132284009,-0.970430891702181,0.3894511195842673,-0.5939458833966493,-0.1797588043724109,0.5271264357557093,-0.23356588643736917,0.37827436259216446,0.08596059939054747,-0.21136488897559422,0.0924330006648378,0.6475230877881697,-0.37798327070375654,0.6373840656603387,-0.09918338428191366,0.2510870588549529,-0.26434661182839037,-0.051198563268236796,0.04479346532470557,0.09470147592201035,0.37647365933335847,-0.5701984049329198,-0.28848288976426234,-0.3434787076314431,0.5399013101010819,-0.09695813057524408,-0.12695126161118422
-0.2658949479162324,0.2781025197136774,-0.33378188939621645,-0.07125714320487014,-0.19068550856136346,-0.5075367405689927,-0.23008526877894397,0.038441472710762606,-0.10765337108434705,-0.2230410062533829,-0.10007293467110583,0.13012066480666157,0.8989773155961596,-0.0880872236504113,0.414475534286616,0.221723100536168,0.33315592535940736,-0.3311657754427205,-0.3438959306875496,-0.09412478828949122,0.04746270936805895,-0.2565149395230949,-0.39859765314253987,0.3175972748095376,0.06926843178599368,0.4097403144124428,0.29911585588090583,-0.10890006952219299,-0.18505711733373914,-0.06366895809838116,0.29231944093526263,0.7701981991897174,0.11870748743041418,0.36210738762411887,-0.14314062479609688,0.17005243397537337,-0.36711324652150057,-0.22620021651091407,0.22437953902447288,-0.018704004041907116,-0.004319542081318218,-0.09695813057524408,0.5252950640971967,0.49259387629862966
-0.32550322508548235,0.36648074578951084,-0.9240730653902455,-0.5191621243811418,0.39640292797901694,-0.2538043385244345,-0.9468864928239485,0.3079374671192683,0.28224054015833583,-0.30069352863997806,-0.3854170032435374,0.6798352634655243,1.2421079833490642,-0.18737582049717977,0.6504065195953419,0.4966492582555464,0.2163913546473021,-0.4600811234973415,-0.25633541032120855,-0.05962497282454913,0.15277337460872106,-0.6339159791358553,-1.3498390480320799,1.3142427689683038,0.22256438190184233,0.3969994945772975,0.6614604010112536,-0.40229972369568257,-0.4759553576050368,-6.891275362542918e-4,-0.03803750470406635,0.9187256894533461,0.028505772707497448,0.3430926315998121,-0.22327547396698685,-0.43867068324789843,-0.9827089220157833,-0.8425289552951719,0.39024121191747907,0.30027774356115405,-0.12664636198654122,-0.12695126161118422,0.49259387629862966,0.8458485038309196
