V1,V2,V3,V4,V5,V6,V7,V8,V9,V10,V11,V12,V13,V14,V15,V16,V17,V18,V19,V20,V21,V22,V23,V24,V25,V26,V27,V28,V29,V30,V31,V32,V33,V34,V35,V36,V37,V38,V39,V40,V41,V42,V43,V44
2.6718256039943284,-2.452883274365118,8.943974984907419,4.673030644124337,-2.9749065449374217,-2.7818886208769924,13.224123430311623,-8.534018429302945,-10.296437902170862,7.7313659439137945,3.1092250668847337,-4.440280379842455,-7.915096054695385,-0.4466061755984363,0.4140245635824259,5.3615538909037594,6.799712771945003,9.47553199168251,7.568699579147895,1.7372774418516195,1.0028919243474244,7.135052269926434,16.51923228221053,-9.05527445823002,-5.232352457252505,-6.648505867939025,-2.76534524036561,-0.6454328704818895,0.5300314124791565,-0.7809277536096481,-6.316259307954002,-2.901732061699209,-2.3249702836636543,3.6582865147849883,5.466141706708242,9.596978898799485,13.4939123874505,4.196104752327809,1.5769212471069833,0.9524378138721482,3.075901961183218,-0.7589855693831662,-2.318028724972084,-6.391830062648582
-2.452883274365118,2.294002466811961,-8.325254250150548,-4.360852614898827,2.7512957995309866,2.513570766214215,-12.252630265343656,7.996922347338249,9.599591971715638,-7.208877019597692,-2.949834129439117,4.085620570520109,7.384124083851165,0.4235105303632001,-0.4231114656935936,-4.999833809606441,-6.281983535255264,-8.833112209519566,-7.1485503456956785,-1.6861769415379657,-1.0193961154554503,-6.666999007026234,-15.313373130158766,8.470887404987515,4.897273826958432,6.158829669681358,2.577932577716047,0.5801967450111053,-0.49531825624837056,0.7041394144827807,5.896931352727378,2.73104908989907,2.168076704875887,-3.3060904003518155,-5.035024493726229,-8.865608658213565,-12.530340566480934,-3.8977382079425054,-1.4692667818930518,-0.9157612736690818,-2.835656506407658,0.7324045150918913,2.1683760531810923,5.965870084064728
8.943974984907419,-8.325254250150548,30.78638635944914,15.83487637683134,-10.380590805475615,-9.25096335196027,45.38939670455298,-29.364856830961912,-35.30695646404731,26.7581578834789,11.356420413317885,-14.898876591906944,-27.252727875641142,-1.317050230780426,1.7486043081588467,18.901664566685536,23.903417816670014,32.91631535364116,26.847917701145434,6.343833043784483,3.749829051676443,24.74515726649177,56.447260778043216,-31.420371871375004,-18.469203428956877,-22.922379748812556,-9.534417735195094,-1.8860752698997651,1.7764089783949386,-2.3005713513018717,-21.945338409261154,-10.360169303415834,-8.221225316776586,12.76869202614211,18.455847484241612,32.69070207487174,46.26374976216718,14.68611663638028,5.563804677192219,3.3454763712366207,10.937270419457366,-2.5331685064092393,-8.005438108046002,-22.18298225788173
4.673030644124337,-4.360852614898827,15.83487637683134,8.467366604364063,-5.360529463886459,-4.820216589142419,23.304384453240264,-15.277877154640965,-18.280800234767124,13.53564443376587,5.588843754118638,-7.809390846371417,-14.008575644615583,-0.8238988920728011,0.7209031089798783,9.247216037198946,11.660902163483831,16.55380358791867,13.35596131480181,3.2903695939045696,1.8868179091107733,12.668381102388844,29.232890544805283,-16.311981893453837,-9.205365875871763,-11.514577430139578,-4.9693411945497115,-1.0557791156200302,1.0910708348776688,-1.4409715433489068,-10.961686530217982,-5.1346154454417166,-4.019034834622376,6.045908788320757,9.483477855051719,16.89597227165717,23.82112944965457,7.506761770806928,2.6392372149737877,1.651224945462037,5.250673552598259,-1.3768317214235837,-4.067297608608036,-11.347625098029102
-2.9749065449374217,2.7512957995309866,-10.380590805475615,-5.360529463886459,3.928076786558573,3.170719080317365,-15.258235801513562,9.571962797657594,11.474345880299818,-8.626221041283818,-4.002898371538536,5.1529462978376115,9.182302800063752,0.24092432522796545,-0.23648208212392016,-5.783085651052713,-7.883234307591307,-10.67390505138969,-8.498503028972957,-2.130746352219662,-0.9449063751005417,-8.271188334391768,-19.054568654006292,10.978213931442063,6.10153078878305,7.490891556112585,3.4356099497362056,0.2772846253340711,-0.9507200818897847,0.78202782909079,6.750170463584185,3.6493612674503835,2.6019137074972143,-4.252212429012143,-5.993468866335315,-10.983507410857325,-15.435478900265041,-5.409862795878896,-1.5530275644119145,-0.738733695539853,-3.69496960821283,0.5805125181936893,2.6483056499372566,7.540281114098983
-2.7818886208769924,2.513570766214215,-9.25096335196027,-4.820216589142419,3.170719080317365,3.093067382965947,-13.793225831939457,8.834559452420363,10.674753836151591,-7.990496911373144,-3.1644375001883147,4.634298491964639,8.113121125967178,0.4694031031787515,-0.41038723809303645,-5.546628206324969,-7.179036103444587,-9.774771463306278,-7.660572390217589,-1.7694102141043127,-0.9136814008428689,-7.355203609555155,-17.25866373715583,9.322715402382505,5.393343754790577,6.925383992225005,2.833098125954097,0.723896776417357,-0.5677555639652972,0.8839112405966347,6.49463436589417,2.8785337141292073,2.379398270050027,-3.973642234130906,-5.74874816142926,-10.10498348429486,-14.046108120455406,-4.359528140503866,-1.6412434668826954,-0.9356767554512924,-3.2057032024952754,0.7280053280692325,2.3552874723942114,6.571621354127418
13.224123430311623,-12.252630265343656,45.38939670455298,23.304384453240264,-15.258235801513562,-13.793225831939457,67.08554320046954,-43.381383259355374,-52.22160513167234,39.58173200956578,16.664355563133302,-21.92616661942092,-40.10578704256581,-1.9901682746091238,2.6983070917649288,28.14295662070151,35.515235995918715,48.68445590504951,39.651601055203884,9.324819478435138,5.507140633656871,36.483887052548965,83.36867065620271,-46.155555204518514,-27.29341494091335,-33.9472083485026,-13.965453563301882,-2.9285572760458276,2.508919724491009,-3.4273658183747395,-32.552761404492635,-15.140277899973034,-12.20116917787148,19.105222528281374,27.357742380030704,48.369035627827294,68.35335986182406,21.551609530315247,8.345079058179284,5.025114275086728,16.207671405388123,-3.752144197106618,-11.766013059831552,-32.663954322415606
-8.534018429302945,7.996922347338249,-29.364856830961912,-15.277877154640965,9.571962797657594,8.834559452420363,-43.381383259355374,28.676361224814244,34.35576380993911,-25.876363549205074,-10.717599733035923,13.954169808510109,25.911960376998213,1.5566315352399052,-2.149838895249109,-18.61377387953856,-22.831662662561538,-31.70608698494905,-26.189192213134163,-6.340853210499911,-4.025269548087644,-23.730717095585344,-53.986966116237966,29.7814764119188,17.746851202716883,21.945086509554223,8.865653020481483,2.1997966928740005,-1.4354530212132808,2.3063948685320064,21.513830361682057,9.56615792700589,7.961479328227884,-11.999277434857401,-17.74804942504676,-31.300631303652096,-44.37477690583546,-13.54869005635021,-5.588005803540461,-3.6396650688778864,-10.257506259881906,2.7240874802628037,7.593385306372909,21.10138048847246
-10.296437902170862,9.599591971715638,-35.30695646404731,-18.280800234767124,11.474345880299818,10.674753836151591,-52.22160513167234,34.35576380993911,41.26037051515584,-31.158308760251444,-12.825765002509575,16.828310950144154,31.152724685618264,1.8418657547257509,-2.5617627320322502,-22.466677780348558,-27.613537420218414,-38.20464126589327,-31.46037983970527,-7.486207385400311,-4.7494462055214335,-28.50362893407897,-64.91625606271525,35.67541861115361,21.35014311470138,26.496681611962888,10.63518068670665,2.6747561197143592,-1.659327761327753,2.7448042662976464,25.938726102998345,11.510840855128697,9.618309281236622,-14.64539842454555,-21.428145189121516,-37.68334443344938,-53.376747461294364,-16.27317638204102,-6.777159355319356,-4.366994676137323,-12.439432103245819,3.256012191298041,9.144401799568794,25.352633410431654
7.7313659439137945,-7.208877019597692,26.7581578834789,13.53564443376587,-8.626221041283818,-7.990496911373144,39.58173200956578,-25.876363549205074,-31.158308760251444,23.867060822593913,9.968101263214495,-12.608781897437927,-23.641964545754156,-1.262841125227992,2.136094782500799,17.51212695049694,21.52157111573564,29.35069601476027,24.353027766806207,5.647429098390872,3.684563829531509,21.672176968467582,48.96142745838985,-26.87249109978564,-16.47371740150548,-20.35411727471933,-7.98563957021476,-1.9538503564747869,1.0571962897628329,-1.810133499435189,-20.030337424373283,-8.933685128772794,-7.4980068699215385,11.564230773592907,16.251268572747247,28.441876558566825,40.41320535649078,12.340307389953601,5.364993215367613,3.4078793547197135,9.785354600212141,-2.4238355738834723,-7.000861934342413,-19.27936449955116
3.1092250668847337,-2.949834129439117,11.356420413317885,5.588843754118638,-4.002898371538536,-3.1644375001883147,16.664355563133302,-10.717599733035923,-12.825765002509575,9.968101263214495,4.779910423142983,-5.1915095062287815,-10.062263596591546,-0.24603688387821093,0.8805851458956792,7.345610954708499,9.32310068295269,12.381991740773401,10.522144476170542,2.6076210767108328,1.5562101837825473,9.271824868427167,20.484899862799406,-11.819710087694391,-7.203687177059896,-8.507459081829937,-3.5520431882353938,-0.3539686898459779,0.6395929307440898,-0.4892519299742751,-8.229231063976304,-4.182058545082518,-3.2180477356473784,4.974228144734114,6.503804726593931,11.777385355592779,16.905936856658297,5.692903861915616,2.148875847536957,1.249931407699627,4.3989608357490475,-0.7947377564326747,-2.9684230625863153,-8.356714166442048
-4.440280379842455,4.085620570520109,-14.898876591906944,-7.809390846371417,5.1529462978376115,4.634298491964639,-21.92616661942092,13.954169808510109,16.828310950144154,-12.608781897437927,-5.1915095062287815,7.569682656672076,13.22724308772057,0.6363062439927676,-0.38345898347065743,-8.425997893029836,-11.057228919929742,-15.476708117091707,-12.17522453603952,-2.796658606782382,-1.4575780055971648,-11.81362089344015,-27.479568741327665,15.275113890462654,8.55776945699139,10.90637695380637,4.752534766704138,0.8754624161839764,-1.0949635276460483,1.3264249149907803,10.085789057316653,4.94104680232645,3.7231055277427365,-5.942446074426235,-8.991252070687352,-15.923892494522827,-22.330527649439386,-7.224540222347405,-2.387561484857772,-1.3163646125081045,-5.063423067202896,1.1390740718163175,3.873279389410887,10.660395828828689
-7.915096054695385,7.384124083851165,-27.252727875641142,-14.008575644615583,9.182302800063752,8.113121125967178,-40.10578704256581,25.911960376998213,31.152724685618264,-23.641964545754156,-10.062263596591546,13.22724308772057,24.17920055595321,1.1383733193784589,-1.471699944477718,-16.612795645658295,-21.05691962706269,-29.092164083333547,-23.72628961361253,-5.577783249082011,-3.308348757229448,-21.89357978519206,-49.89149087297353,27.846263278509088,16.316135059544983,20.257923715970687,8.48001860004911,1.611945568120174,-1.6027135733622002,2.010674096735142,19.358137823425412,9.248986272753529,7.249054652430388,-11.2109869012263,-16.299062041738026,-28.856958366855476,-40.88541260894153,-13.033535998091002,-4.869662332204726,-2.9165493937135225,-9.66366917384192,2.2315237753970703,7.119941056279816,19.651668138871866
-0.4466061755984363,0.4235105303632001,-1.317050230780426,-0.8238988920728011,0.24092432522796545,0.4694031031787515,-1.9901682746091238,1.5566315352399052,1.8418657547257509,-1.262841125227992,-0.24603688387821093,0.6363062439927676,1.1383733193784589,0.2575169770091675,-0.1912733343711437,-0.9235160320829997,-0.8667985899633626,-1.4629530420038275,-1.1931476161716976,-0.2943286794131036,-0.29345245553947724,-1.063088779183023,-2.5690209343877526,1.1848868920434845,0.7126212807138251,1.001319938616352,0.30360855704607204,0.35432949340341297,0.029021529671204957,0.25529244667528994,1.1401084651037046,0.20585973216883538,0.33860157226687476,-0.38076509775105377,-0.9505417568699398,-1.5268127577422994,-2.1259928371354784,-0.3435156448232655,-0.32351783261270567,-0.3253654579736005,-0.2761663027365583,0.28160108409939855,0.3269394622465235,0.8699585161623606
0.4140245635824259,-0.4231114656935936,1.7486043081588467,0.7209031089798783,-0.23648208212392016,-0.41038723809303645,2.6983070917649288,-2.149838895249109,-2.5617627320322502,2.136094782500799,0.8805851458956792,-0.38345898347065743,-1.471699944477718,-0.1912733343711437,0.8367092540722241,2.248998613968227,2.1022315589452427,2.6178459960561327,2.7224837546437843,0.6696351876550958,0.756046169934371,1.6289350759185683,3.076960640135196,-1.4769199136960258,-1.5517997977507811,-1.6612465718150893,-0.2408398650128239,-0.3740975873942932,-0.3668167901259718,0.09346413947195648,-2.226492183748946,-0.5341906265955136,-0.846504826208135,1.104785153148887,1.1457965593386485,1.8333657086289148,2.8228952604572566,0.4451970536950915,0.8529307747871518,0.7426738286698673,0.8987451124705005,-0.381473015859691,-0.46540819476176976,-1.2984635810548868
5.3615538909037594,-4.999833809606441,18.901664566685536,9.247216037198946,-5.783085651052713,-5.546628206324969,28.14295662070151,-18.61377387953856,-22.466677780348558,17.51212695049694,7.345610954708499,-8.425997893029836,-16.612795645658295,-0.9235160320829997,2.248998613968227,13.679469011734977,16.220334829024008,21.586666776572255,18.446579372365473,4.227073058725808,3.065980078112263,15.523069275445296,34.42081758983515,-18.6140595225238,-12.2245358434297,-14.851879737759496,-5.3395460108120165,-1.5903360068563486,0.24188510714490782,-0.9682987589694959,-15.17380764722907,-6.332081161378342,-5.75385496027802,8.837057631868516,11.593031396530312,20.07593535181107,28.740327375597484,8.403098814781332,4.389662570143045,2.9304016667503516,7.3645346275212535,-1.874338706224322,-4.958758116842363,-13.67587187448284
6.799712771945003,-6.281983535255264,23.903417816670014,11.660902163483831,-7.883234307591307,-7.179036103444587,35.515235995918715,-22.831662662561538,-27.613537420218414,21.52157111573564,9.32310068295269,-11.057228919929742,-21.05691962706269,-0.8667985899633626,2.1022315589452427,16.220334829024008,20.195293218716206,26.623174109329597,22.188651369579198,5.048607981433287,3.209976531104005,19.423040102641398,43.59020676624093,-23.922687698080665,-15.119286005710643,-18.516049576903878,-7.092774781906847,-1.5408199978114132,0.8153243843690999,-1.293452972374598,-18.148286452187225,-8.219954363347648,-6.959386894863609,11.186034605949752,14.48476106592205,25.395223366513576,36.095644565022674,11.25927916439101,5.035422118122216,3.0290982930424337,9.305099696591057,-1.939643812579782,-6.250728446480674,-17.320300028780686
9.47553199168251,-8.833112209519566,32.91631535364116,16.55380358791867,-10.67390505138969,-9.774771463306278,48.68445590504951,-31.70608698494905,-38.20464126589327,29.35069601476027,12.381991740773401,-15.476708117091707,-29.092164083333547,-1.4629530420038275,2.6178459960561327,21.586666776572255,26.623174109329597,36.15130567708468,30.021346131795152,6.936470512357355,4.500015202511834,26.665368934964484,60.13771745214167,-33.08870780790403,-20.340414475073455,-25.07362372779502,-9.85401453990255,-2.2939866454959996,1.3082320784743973,-2.1308286610962925,-24.617933674896626,-11.10586502638573,-9.27210317216768,14.361820584203459,19.928167333923973,34.92268180442625,49.659283406558146,15.287994558865602,6.610484237085628,4.14584076387657,12.162157122880071,-2.9154125041511185,-8.621740994093354,-23.75441477346177
7.568699579147895,-7.1485503456956785,26.847917701145434,13.35596131480181,-8.498503028972957,-7.660572390217589,39.651601055203884,-26.189192213134163,-31.46037983970527,24.353027766806207,10.522144476170542,-12.17522453603952,-23.72628961361253,-1.1931476161716976,2.7224837546437843,18.446579372365473,22.188651369579198,30.021346131795152,25.600597671119523,6.041249160479137,4.204529405680994,21.980242264429553,48.736408102485925,-26.96864653958613,-17.058341441038692,-20.604966176960033,-7.878751998329019,-1.875311239589507,0.7775444276160661,-1.4325967815329288,-20.752943492185302,-9.219146623682697,-7.860172173430858,11.812512861150589,16.104792183233286,28.235786458322313,40.50254728736343,12.308590114347423,5.731909481897172,3.776526414341878,10.160249736484971,-2.5367177633698175,-7.0665682286718985,-19.493155486834144
1.7372774418516195,-1.6861769415379657,6.343833043784483,3.2903695939045696,-2.130746352219662,-1.7694102141043127,9.324819478435138,-6.340853210499911,-7.486207385400311,5.647429098390872,2.6076210767108328,-2.796658606782382,-5.577783249082011,-0.2943286794131036,0.6696351876550958,4.227073058725808,5.048607981433287,6.936470512357355,6.041249160479137,1.6444107299377455,1.073306086164772,5.233495873879366,11.545552819305108,-6.6149589614572175,-4.022597061784107,-4.687919921835802,-1.9127457827405854,-0.3610862040304077,0.3156780806000447,-0.37795742882234157,-4.741792997444929,-2.1654912749381516,-1.7937207344023276,2.536034831549325,3.6495472390855697,6.6301525805219,9.54580405391918,3.0015386849081476,1.251234848979299,0.8710280806980104,2.2828697904508064,-0.5857817422529319,-1.619014662431162,-4.643065019792235
1.0028919243474244,-1.0193961154554503,3.749829051676443,1.8868179091107733,-0.9449063751005417,-0.9136814008428689,5.507140633656871,-4.025269548087644,-4.7494462055214335,3.684563829531509,1.5562101837825473,-1.4575780055971648,-3.308348757229448,-0.29345245553947724,0.756046169934371,3.065980078112263,3.209976531104005,4.500015202511834,4.204529405680994,1.073306086164772,0.9791289224099478,3.1977571809789045,6.708624389774686,-3.6767905210891834,-2.5784881658247913,-2.95334021134439,-0.9617466303185008,-0.41927936290175943,-0.10001881360200039,-0.13105001266560531,-3.363620296620625,-1.2421565155344583,-1.2408911095666857,1.5443778014788805,2.2474080611637746,3.8589583971826706,5.726721346561255,1.458997823885617,1.0215569969389826,0.8492749562443354,1.405384651561493,-0.5536406509175319,-1.0008888456986367,-2.740822703536368
7.135052269926434,-6.666999007026234,24.74515726649177,12.668381102388844,-8.271188334391768,-7.355203609555155,36.483887052548965,-23.730717095585344,-28.50362893407897,21.672176968467582,9.271824868427167,-11.81362089344015,-21.89357978519206,-1.063088779183023,1.6289350759185683,15.523069275445296,19.423040102641398,26.665368934964484,21.980242264429553,5.233495873879366,3.1977571809789045,19.973962302663466,45.283821076612746,-25.22853325567302,-15.021528830166822,-18.49862112506462,-7.5941733078053835,-1.5356549743006442,1.3126473861601053,-1.7460816350845105,-17.902408290618375,-8.366098210772188,-6.721078117758055,10.338039553477234,14.802224568974236,26.21481340127021,37.20353828218999,11.737170394955045,4.60806212645702,2.8357558570979093,8.889003138485027,-2.091752449947594,-6.442920023997005,-17.86666289911064
16.51923228221053,-15.313373130158766,56.447260778043216,29.232890544805283,-19.054568654006292,-17.25866373715583,83.36867065620271,-53.986966116237966,-64.91625606271525,48.96142745838985,20.484899862799406,-27.479568741327665,-49.89149087297353,-2.5690209343877526,3.076960640135196,34.42081758983515,43.59020676624093,60.13771745214167,48.736408102485925,11.545552819305108,6.708624389774686,45.283821076612746,103.8681257090283,-57.540620645436874,-33.6239539304775,-41.97296321924389,-17.46159927967181,-3.6730766426579335,3.33425355928346,-4.50524805717389,-40.07367078415729,-18.68032030587234,-14.931536021079975,23.326289502207747,34.033622949606276,60.23854286571788,84.9982135934878,26.82152562297664,10.117825827269115,6.091793026440175,19.820446920474424,-4.666434361006367,-14.603938000597298,-40.560248131711
-9.05527445823002,8.470887404987515,-31.420371871375004,-16.311981893453837,10.978213931442063,9.322715402382505,-46.155555204518514,29.7814764119188,35.67541861115361,-26.87249109978564,-11.819710087694391,15.275113890462654,27.846263278509088,1.1848868920434845,-1.4769199136960258,-18.6140595225238,-23.922687698080665,-33.08870780790403,-26.96864653958613,-6.6149589614572175,-3.6767905210891834,-25.22853325567302,-57.540620645436874,32.60459953822901,18.705946739243405,22.996780021477303,9.98056386734829,1.5300930484425437,-2.2070566159054974,2.3531095961589727,21.716594618649417,10.768145522719903,8.183874235899735,-12.611057894030996,-18.471708110735598,-33.18347604154961,-46.98659983207278,-15.423059132216832,-5.2882983937859365,-3.077998057047285,-11.029943770259697,2.393468327011698,8.124993953702656,22.73410688402046
-5.232352457252505,4.897273826958432,-18.469203428956877,-9.205365875871763,6.10153078878305,5.393343754790577,-27.29341494091335,17.746851202716883,21.35014311470138,-16.47371740150548,-7.203687177059896,8.55776945699139,16.316135059544983,0.7126212807138251,-1.5517997977507811,-12.2245358434297,-15.119286005710643,-20.340414475073455,-17.058341441038692,-4.022597061784107,-2.5784881658247913,-15.021528830166822,-33.6239539304775,18.705946739243405,11.570706291417855,14.057472072832727,5.5574478565052665,1.1255674002408609,-0.7578519755904225,1.057800152480694,13.81461372814619,6.37673804704064,5.267127603202206,-8.145341125937518,-11.02961734763556,-19.48689053506091,-27.791793675597585,-8.728737988005191,-3.719986854714163,-2.3042553156777434,-6.9672656445034296,1.5656700258339187,4.830325907978217,13.402785495219993
-6.648505867939025,6.158829669681358,-22.922379748812556,-11.514577430139578,7.490891556112585,6.925383992225005,-33.9472083485026,21.945086509554223,26.496681611962888,-20.35411727471933,-8.507459081829937,10.90637695380637,20.257923715970687,1.001319938616352,-1.6612465718150893,-14.851879737759496,-18.516049576903878,-25.07362372779502,-20.604966176960033,-4.687919921835802,-2.95334021134439,-18.49862112506462,-41.97296321924389,22.996780021477303,14.057472072832727,17.479339463881104,6.893368518419444,1.6028626510519435,-0.9681523850917131,1.551714114413505,16.993376658537407,7.694316372040016,6.394517354382635,-10.089458847293661,-13.955761079370742,-24.41254051229644,-34.59762047121875,-10.693306148343545,-4.540354448530014,-2.7754972520117684,-8.456929428131202,1.9625862803263574,6.000237971790112,16.50551510817313
-2.76534524036561,2.577932577716047,-9.534417735195094,-4.9693411945497115,3.4356099497362056,2.833098125954097,-13.965453563301882,8.865653020481483,10.63518068670665,-7.98563957021476,-3.5520431882353938,4.752534766704138,8.48001860004911,0.30360855704607204,-0.2408398650128239,-5.3395460108120165,-7.092774781906847,-9.85401453990255,-7.878751998329019,-1.9127457827405854,-0.9617466303185008,-7.5941733078053835,-17.46159927967181,9.98056386734829,5.5574478565052665,6.893368518419444,3.121572216946413,0.3611200626266048,-0.7965489832622996,0.7455068604990541,6.318781696530004,3.321254328929573,2.3944031436204187,-3.75654527111232,-5.562509810604962,-10.049558201585938,-14.186449302261424,-4.811985955361753,-1.4627186346467635,-0.773609734663303,-3.304792380457352,0.6447264283330411,2.4693400377889354,6.899061188222424
-0.6454328704818895,0.5801967450111053,-1.8860752698997651,-1.0557791156200302,0.2772846253340711,0.723896776417357,-2.9285572760458276,2.1997966928740005,2.6747561197143592,-1.9538503564747869,-0.3539686898459779,0.8754624161839764,1.611945568120174,0.35432949340341297,-0.3740975873942932,-1.5903360068563486,-1.5408199978114132,-2.2939866454959996,-1.875311239589507,-0.3610862040304077,-0.41927936290175943,-1.5356549743006442,-3.6730766426579335,1.5300930484425437,1.1255674002408609,1.6028626510519435,0.3611200626266048,0.5748410336473999,0.17162767120863623,0.30477183437360333,1.8531476035788597,0.2904463359465611,0.5843527981621972,-0.8262895156930834,-1.4598960588049674,-2.2388380717578262,-3.099710593652091,-0.4250820681257168,-0.6031147632965219,-0.5359835610365765,-0.5444219894041747,0.410503080492653,0.48521694296987933,1.2350357350233232
0.5300314124791565,-0.49531825624837056,1.7764089783949386,1.0910708348776688,-0.9507200818897847,-0.5677555639652972,2.508919724491009,-1.4354530212132808,-1.659327761327753,1.0571962897628329,0.6395929307440898,-1.0949635276460483,-1.6027135733622002,0.029021529671204957,-0.3668167901259718,0.24188510714490782,0.8153243843690999,1.3082320784743973,0.7775444276160661,0.3156780806000447,-0.10001881360200039,1.3126473861601053,3.33425355928346,-2.2070566159054974,-0.7578519755904225,-0.9681523850917131,-0.7965489832622996,0.17162767120863623,0.5109944670108963,-0.2704731100451379,-0.49457580641622667,-0.6675398814675575,-0.19404714086279054,0.3646071870979964,0.8654716813443702,1.8517117093248923,2.5049478585837655,1.2159951268533442,-0.10398775819936933,-0.20441446020028506,0.41591025118609404,0.0518429954421654,-0.4188892241365979,-1.297197491865065
-0.7809277536096481,0.7041394144827807,-2.3005713513018717,-1.4409715433489068,0.78202782909079,0.8839112405966347,-3.4273658183747395,2.3063948685320064,2.7448042662976464,-1.810133499435189,-0.4892519299742751,1.3264249149907803,2.010674096735142,0.25529244667528994,0.09346413947195648,-0.9682987589694959,-1.293452972374598,-2.1308286610962925,-1.4325967815329288,-0.37795742882234157,-0.13105001266560531,-1.7460816350845105,-4.50524805717389,2.3531095961589727,1.057800152480694,1.551714114413505,0.7455068604990541,0.30477183437360333,-0.2704731100451379,0.4711084905284397,1.3496453852485994,0.5101620945004589,0.4100694655381109,-0.6332655404963965,-1.50407194954933,-2.6420057199863254,-3.547178965167106,-1.0095324424937548,-0.24068310151142727,-0.16210730854709052,-0.4824070538935535,0.23613438394475744,0.5504678068529132,1.5514879220789906
-6.316259307954002,5.896931352727378,-21.945338409261154,-10.961686530217982,6.750170463584185,6.49463436589417,-32.552761404492635,21.513830361682057,25.938726102998345,-20.030337424373283,-8.229231063976304,10.085789057316653,19.358137823425412,1.1401084651037046,-2.226492183748946,-15.17380764722907,-18.148286452187225,-24.617933674896626,-20.752943492185302,-4.741792997444929,-3.363620296620625,-17.902408290618375,-40.07367078415729,21.716594618649417,13.81461372814619,16.993376658537407,6.318781696530004,1.8531476035788597,-0.49457580641622667,1.3496453852485994,17.160401476196714,7.266772326215402,6.413042285792683,-9.775598344370751,-13.478236276647058,-23.335131364137382,-33.29590962154971,-9.778082889071955,-4.793228722096293,-3.189893580708825,-8.209809473682515,2.1838315580668097,5.775601388929801,15.810570342194282
-2.901732061699209,2.73104908989907,-10.360169303415834,-5.1346154454417166,3.6493612674503835,2.8785337141292073,-15.140277899973034,9.56615792700589,11.510840855128697,-8.933685128772794,-4.182058545082518,4.94104680232645,9.248986272753529,0.20585973216883538,-0.5341906265955136,-6.332081161378342,-8.219954363347648,-11.10586502638573,-9.219146623682697,-2.1654912749381516,-1.2421565155344583,-8.366098210772188,-18.68032030587234,10.768145522719903,6.37673804704064,7.694316372040016,3.321254328929573,0.2904463359465611,-0.6675398814675575,0.5101620945004589,7.266772326215402,3.852607736319154,2.831419788819906,-4.406625372604806,-5.963833673532291,-10.724399070728504,-15.34789776172569,-5.236221441420716,-1.8133563996938917,-0.9882299776205958,-3.923119931565039,0.701527701230892,2.7479371553411447,7.592105811560571
-2.3249702836636543,2.168076704875887,-8.221225316776586,-4.019034834622376,2.6019137074972143,2.379398270050027,-12.20116917787148,7.961479328227884,9.618309281236622,-7.4980068699215385,-3.2180477356473784,3.7231055277427365,7.249054652430388,0.33860157226687476,-0.846504826208135,-5.75385496027802,-6.959386894863609,-9.27210317216768,-7.860172173430858,-1.7937207344023276,-1.2408911095666857,-6.721078117758055,-14.931536021079975,8.183874235899735,5.267127603202206,6.394517354382635,2.3944031436204187,0.5843527981621972,-0.19404714086279054,0.4100694655381109,6.413042285792683,2.831419788819906,2.461181746713545,-3.7995380725872683,-4.973546371612226,-8.6828122527616909,-12.42644963547723,-3.7764497053223636,-1.8121405037685514,-1.156533894532747,-3.2034529365877744,0.7542876306487245,2.162337348374862,5.965172132168571
3.6582865147849883,-3.3060904003518155,12.76869202614211,6.045908788320757,-4.252212429012143,-3.973642234130906,19.105222528281374,-11.999277434857401,-14.64539842454555,11.564230773592907,4.974228144734114,-5.942446074426235,-11.2109869012263,-0.38076509775105377,1.104785153148887,8.837057631868516,11.186034605949752,14.361820584203459,11.812512861150589,2.536034831549325,1.5443778014788805,10.338039553477234,23.326289502207747,-12.611057894030996,-8.145341125937518,-10.089458847293661,-3.75654527111232,-0.8262895156930834,0.3646071870979964,-0.6332655404963965,-9.775598344370751,-4.406625372604806,-3.7995380725872683,6.4387213940701,7.857997006868803,13.677217293723194,19.33468965327594,6.061862153051534,2.7912372272408708,1.5756530714270438,5.191328944240044,-0.9386538350063764,-3.3386254142579124,-9.237384198631979
5.466141706708242,-5.035024493726229,18.455847484241612,9.483477855051719,-5.993468866335315,-5.74874816142926,27.357742380030704,-17.74804942504676,-21.428145189121516,16.251268572747247,6.503804726593931,-8.991252070687352,-16.299062041738026,-0.9505417568699398,1.1457965593386485,11.593031396530312,14.48476106592205,19.928167333923973,16.104792183233286,3.6495472390855697,2.2474080611637746,14.802224568974236,34.033622949606276,-18.471708110735598,-11.02961734763556,-13.955761079370742,-5.562509810604962,-1.4598960588049674,0.8654716813443702,-1.50407194954933,-13.478236276647058,-5.963833673532291,-4.973546371612226,7.857997006868803,11.380419526483255,19.83102011890233,27.936545837507484,8.492794153722372,3.5194676346206477,2.1747915853373434,6.525531006038281,-1.6399740439910158,-4.805317246679085,-13.188591680615488
9.596978898799485,-8.865608658213565,32.69070207487174,16.89597227165717,-10.983507410857325,-10.10498348429486,48.369035627827294,-31.300631303652096,-37.68334443344938,28.441876558566825,11.777385355592779,-15.923892494522827,-28.856958366855476,-1.5268127577422994,1.8333657086289148,20.07593535181107,25.395223366513576,34.92268180442625,28.235786458322313,6.6301525805219,3.8589583971826706,26.21481340127021,60.23854286571788,-33.18347604154961,-19.48689053506091,-24.41254051229644,-10.049558201585938,-2.2388380717578262,1.8517117093248923,-2.6420057199863254,-23.335131364137382,-10.724399070728504,-8.6828122527616909,13.677217293723194,19.83102011890233,34.99958467701898,49.312038131161586,15.444217160328432,5.947904770947656,3.5798985089561035,11.515645622921667,-2.7235801974237566,-8.448493788917903,-23.450969488576092
13.4939123874505,-12.530340566480934,46.26374976216718,23.82112944965457,-15.435478900265041,-14.046108120455406,68.35335986182406,-44.37477690583546,-53.376747461294364,40.41320535649078,16.905936856658297,-22.330527649439386,-40.88541260894153,-2.1259928371354784,2.8228952604572566,28.740327375597484,36.095644565022674,49.659283406558146,40.50254728736343,9.54580405391918,5.726721346561255,37.20353828218999,84.9982135934878,-46.98659983207278,-27.791793675597585,-34.59762047121875,-14.186449302261424,-3.099710593652091,2.5049478585837655,-3.547178965167106,-33.29590962154971,-15.34789776172569,-12.42644963547723,19.33468965327594,27.936545837507484,49.312038131161586,69.71630229532835,21.819631766192636,8.545806806651326,5.228300449991289,16.41354165410682,-3.919588510067496,-12.001140742986676,-33.268353321179816
4.196104752327809,-3.8977382079425054,14.68611663638028,7.506761770806928,-5.409862795878896,-4.359528140503866,21.551609530315247,-13.54869005635021,-16.27317638204102,12.340307389953601,5.692903861915616,-7.224540222347405,-13.033535998091002,-0.3435156448232655,0.4451970536950915,8.403098814781332,11.25927916439101,15.287994558865602,12.308590114347423,3.0015386849081476,1.458997823885617,11.737170394955045,26.82152562297664,-15.423059132216832,-8.728737988005191,-10.693306148343545,-4.811985955361753,-0.4250820681257168,1.2159951268533442,-1.0095324424937548,-9.778082889071955,-5.236221441420716,-3.7764497053223636,6.061862153051534,8.492794153722372,15.444217160328432,21.819631766192636,7.556694394990228,2.3091337129694414,1.159130333107103,5.305498960610007,-0.8923921344889133,-3.7946212965169024,-10.683344335884724
1.5769212471069833,-1.4692667818930518,5.563804677192219,2.6392372149737877,-1.5530275644119145,-1.6412434668826954,8.345079058179284,-5.588005803540461,-6.777159355319356,5.364993215367613,2.148875847536957,-2.387561484857772,-4.869662332204726,-0.32351783261270567,0.8529307747871518,4.389662570143045,5.035422118122216,6.610484237085628,5.731909481897172,1.251234848979299,1.0215569969389826,4.60806212645702,10.117825827269115,-5.2882983937859365,-3.719986854714163,-4.540354448530014,-1.4627186346467635,-0.6031147632965219,-0.10398775819936933,-0.24068310151142727,-4.793228722096293,-1.8133563996938917,-1.8121405037685514,2.7912372272408708,3.5194676346206477,5.947904770947656,8.545806806651326,2.3091337129694414,1.4834930775597797,1.0310107563888409,2.257161602820099,-0.6305905037173216,-1.4735754761427746,-4.008855673532094
0.9524378138721482,-0.9157612736690818,3.3454763712366207,1.651224945462037,-0.738733695539853,-0.9356767554512924,5.025114275086728,-3.6396650688778864,-4.366994676137323,3.4078793547197135,1.249931407699627,-1.3163646125081045,-2.9165493937135225,-0.3253654579736005,0.7426738286698673,2.9304016667503516,3.0290982930424337,4.14584076387657,3.776526414341878,0.8710280806980104,0.8492749562443354,2.8357558570979093,6.091793026440175,-3.077998057047285,-2.3042553156777434,-2.7754972520117684,-0.773609734663303,-0.5359835610365765,-0.20441446020028506,-0.16210730854709052,-3.189893580708825,-0.9882299776205958,-1.156533894532747,1.5756530714270438,2.1747915853373434,3.5798985089561035,5.228300449991289,1.159130333107103,1.0310107563888409,0.8494138565733761,1.2899970631623436,-0.5358147678417892,-0.8873201552571359,-2.394662420821166
3.075901961183218,-2.835656506407658,10.937270419457366,5.250673552598259,-3.69496960821283,-3.2057032024952754,16.207671405388123,-10.257506259881906,-12.439432103245819,9.785354600212141,4.3989608357490475,-5.063423067202896,-9.66366917384192,-0.2761663027365583,0.8987451124705005,7.3645346275212535,9.305099696591057,12.162157122880071,10.160249736484971,2.2828697904508064,1.405384651561493,8.889003138485027,19.820446920474424,-11.029943770259697,-6.9672656445034296,-8.456929428131202,-3.304792380457352,-0.5444219894041747,0.41591025118609404,-0.4824070538935535,-8.209809473682515,-3.923119931565039,-3.2034529365877744,5.191328944240044,6.525531006038281,11.515645622921667,16.41354165410682,5.305498960610007,2.257161602820099,1.2899970631623436,4.377985054057891,-0.8082426190395142,-2.881395004645998,-7.9742468259805
-0.7589855693831662,0.7324045150918913,-2.5331685064092393,-1.3768317214235837,0.5805125181936893,0.7280053280692325,-3.752144197106618,2.7240874802628037,3.256012191298041,-2.4238355738834723,-0.7947377564326747,1.1390740718163175,2.2315237753970703,0.28160108409939855,-0.381473015859691,-1.874338706224322,-1.939643812579782,-2.9154125041511185,-2.5367177633698175,-0.5857817422529319,-0.5536406509175319,-2.091752449947594,-4.666434361006367,2.393468327011698,1.5656700258339187,1.9625862803263574,0.6447264283330411,0.410503080492653,0.0518429954421654,0.23613438394475744,2.1838315580668097,0.701527701230892,0.7542876306487245,-0.9386538350063764,-1.6399740439910158,-2.7235801974237566,-3.919588510067496,-0.8923921344889133,-0.6305905037173216,-0.5358147678417892,-0.8082426190395142,0.4259466617356323,0.6740635785128457,1.7775163976662323
-2.318028724972084,2.1683760531810923,-8.005438108046002,-4.067297608608036,2.6483056499372566,2.3552874723942114,-11.766013059831552,7.593385306372909,9.144401799568794,-7.000861934342413,-2.9684230625863153,3.873279389410887,7.119941056279816,0.3269394622465235,-0.46540819476176976,-4.958758116842363,-6.250728446480674,-8.621740994093354,-7.0665682286718985,-1.619014662431162,-1.0008888456986367,-6.442920023997005,-14.603938000597298,8.124993953702656,4.830325907978217,6.000237971790112,2.4693400377889354,0.48521694296987933,-0.4188892241365979,0.5504678068529132,5.775601388929801,2.7479371553411447,2.162337348374862,-3.3386254142579124,-4.805317246679085,-8.448493788917903,-12.001140742986676,-3.7946212965169024,-1.4735754761427746,-0.8873201552571359,-2.881395004645998,0.6740635785128457,2.1190022207768626,5.776360964879002
-6.391830062648582,5.965870084064728,-22.18298225788173,-11.347625098029102,7.540281114098983,6.571621354127418,-32.663954322415606,21.10138048847246,25.352633410431654,-19.27936449955116,-8.356714166442048,10.660395828828689,19.651668138871866,0.8699585161623606,-1.2984635810548868,-13.67587187448284,-17.320300028780686,-23.75441477346177,-19.493155486834144,-4.643065019792235,-2.740822703536368,-17.86666289911064,-40.560248131711,22.73410688402046,13.402785495219993,16.50551510817313,6.899061188222424,1.2350357350233232,-1.297197491865065,1.5514879220789906,15.810570342194282,7.592105811560571,5.965172132168571,-9.237384198631979,-13.188591680615488,-23.450969488576092,-33.268353321179816,-10.683344335884724,-4.008855673532094,-2.394662420821166,-7.9742468259805,1.7775163976662323,5.776360964879002,16.04210737458175
