V1,V2,V3,V4,V5,V6,V7,V8,V9,V10,V11,V12,V13,V14,V15,V16,V17,V18,V19,V20,V21,V22,V23,V24,V25,V26,V27,V28,V29,V30,V31,V32,V33,V34,V35,V36,V37,V38,V39,V40,V41,V42,V43,V44
0.3273934975950466,-0.31928036148462846,0.3911513041145563,0.05771712165418305,0.4152507683746018,0.36592167821945526,0.12648477890609172,0.5086412509780094,0.2535188650807215,0.15250167711866092,-0.5139336893457935,-0.8497393545114719,-0.8082585106195935,0.04056312630250257,-0.7521451309935747,-0.5906085307689346,-0.5414880944900513,0.2797207445188901,-0.27507737860670844,-0.8917453809662917,-0.258863772779761,0.03796923096571318,0.16416339349896042,0.0790842922550459,0.27888253417437087,-0.35351218196415485,-0.29135268274140724,-0.008959968299806312,-0.0775431562895056,0.035481158954530446,-0.05538040378776832,-0.5459636758990865,0.029742788999529996,-0.2592080793144253,0.4312495769008973,-0.02109639916316532,0.1870557447692673,-0.004831120876958607,-0.15415161767822955,-0.206010080173022,-0.0020642990178822195,-0.1857612104205763,-0.4685763012251796,-0.19376631311928316
-0.31928036148462846,0.6923950181472778,-1.1203215618125781,-0.07281417156186537,-0.8000404870753137,-2.072753113453765,0.1399764683601981,-1.0063318403632582,-0.7528983280420835,-0.5611055575999363,-0.2084598526333263,1.3668445205896655,2.3386605815588792,-0.4890799685985799,1.2757300140184509,0.9348723073450922,1.190638526256022,-1.1236195904905883,-1.1760765710925343,1.214836626125386,-0.30188496399520615,-0.6578295172357634,0.4826332156318748,0.9081374274317452,0.14069379146983751,0.566072986641088,0.9807498008136962,-0.8614015268989408,0.0929290837437874,-0.8973674282257759,0.39056934247922853,2.410917496632945,0.25514765234787945,1.278905614630442,-0.04305457248989563,1.0680536131926321,-0.04444522918302591,-0.5679178846357245,0.38248744568164667,0.32008007018024515,-0.37636856420770576,0.4695010284868135,1.327649031653067,1.078713587790986
0.3911513041145563,-1.1203215618125781,1.9458311510340254,0.032146807804813375,1.3089572013093538,3.803340473185117,-0.26618926362249273,1.6267699848839825,1.2986304948399074,1.0346476552641366,0.7676580125517605,-2.1348479164052616,-4.075398938367403,0.9611194406705058,-2.010395903937162,-1.4661925244715448,-1.9853179167832444,2.0029240029423194,2.5207953054440417,-1.7458691721889172,0.805104406154492,1.2797542576563077,-1.0284365669090076,-1.8872959669078049,-0.6065414751032953,-0.9485351841110053,-1.6735202963284985,1.688703930318742,-0.1506867356033106,1.75095668157225,-0.7790534217623096,-4.3117521930588305,-0.528890460601097,-2.361132828459901,-0.23979307329949212,-2.0681977021769393,-0.055365419101429024,1.173296836612694,-0.6474539939734293,-0.5382933744870048,0.7730237680675038,-0.8266806326960022,-2.207344782190482,-1.9400525317439548
0.05771712165418305,-0.07281417156186537,0.032146807804813375,0.13619943414046573,0.007993728904324739,0.08733554618269976,-0.14866972116299693,0.07332344399980181,0.04458800667606846,-0.04374163554947738,-0.06665671350420715,-0.05192888926685353,-0.04009544407569571,-0.04118849031840068,-0.06045041702186951,-0.013067358499915813,-0.040143168672388346,0.06255419137193813,-0.06174304651147616,-0.1745044800720929,-0.08114018887669021,-0.013220953445550968,-0.04291641428643312,0.08089984333977765,0.2816012343763167,0.10137388032465501,-0.14279782848288192,0.029212279158934366,0.02663856457934033,-0.004488863919381381,0.07932617917756182,-0.1673140935456182,0.013983836222926564,0.007826439600504578,0.1019720921234287,-0.0342067105647678,0.04947154198971891,-0.09528632166809449,-0.009526065355371639,0.06175833042564075,-0.052539834755790674,0.025509858605609396,-0.19934422535897525,-0.10430714423906029
0.4152507683746018,-0.8000404870753137,1.3089572013093538,0.007993728904324739,0.991125961908866,2.279983665401325,-0.006730081894538526,1.2008716568314521,0.8606168548014221,0.6799527970074837,0.0892642645653572,-1.71700377306468,-2.7464182950763614,0.5631373559189663,-1.57993520099629,-1.1916062973129913,-1.4303009184273483,1.2539367153359915,1.2010314044392778,-1.4888840217787658,0.28681371790421,0.7237374492952079,-0.43021391817238785,-0.995673000131342,-0.24018280726742078,-0.7921820210182305,-1.0527019575837175,0.8970490242352129,-0.14387299780449236,0.9731307015095999,-0.4882041931367294,-2.6496585994528963,-0.2716614430636847,-1.4585703253346731,0.12682932823780518,-1.1240079509960332,0.07919309910427463,0.6673477787889395,-0.4543629427304317,-0.45333267403190064,0.43616428947494146,-0.5824484879249073,-1.4455185928949732,-1.1483728821733004
0.36592167821945526,-2.072753113453765,3.803340473185117,0.08733554618269976,2.279983665401325,8.190487698259018,-0.9751363667095506,2.893515891416794,2.580338619487491,2.0695639833829262,2.639193816047198,-3.4225471588505534,-7.9784149709253684,2.1062636047110703,-3.3322566679943235,-2.326310652561179,-3.6411699547756182,4.164567475521476,6.254796564832754,-2.5554130021422132,2.248126596482987,2.868591520273476,-2.7031057921570354,-4.418291603964729,-1.6540726278903937,-1.4644984930274447,-3.456529313506352,3.932077575038008,-0.17896027097578576,3.9653671738088287,-1.6304922623275626,-9.108334264361906,-1.2627372156864671,-4.973380965022366,-1.2433172744763474,-4.767344099899759,-0.42152803788524734,2.630250949621816,-1.2284128383561286,-0.8107779362411381,1.736012307161109,-1.5411942245076173,-4.42396068777194,-4.219393099570951
0.12648477890609172,0.1399764683601981,-0.26618926362249273,-0.14866972116299693,-0.006730081894538526,-0.9751363667095506,0.43921469733417756,-0.10131614514179556,-0.22306161547727268,-0.11048696526898845,-0.6814390176911003,-0.12014888289243277,0.5381839556214683,-0.20648906176052387,-0.04280713333190411,-0.1201923669912515,0.1381259712105883,-0.4463869725157285,-1.0061646494030188,-0.11357737977950019,-0.4043095431545599,-0.3521908902692208,0.563422922036912,0.5659647793594685,0.07232954508749798,-0.2058337283532818,0.4431283847840209,-0.5922404023966484,-0.07283533050372072,-0.5165725410731846,0.0779694317833421,1.0704084275077035,0.1805852418542807,0.48130874770410315,0.37496860844651997,0.6974194527891358,0.13988102391750673,-0.24373206728151664,0.06738356201430776,-0.13279589748393372,-0.1718103177895021,0.03200540975139189,0.5214711525988909,0.5813428207238277
0.5086412509780094,-1.0063318403632582,1.6267699848839825,0.07332344399980181,1.2008716568314521,2.893515891416794,-0.10131614514179556,1.4950136166293375,1.0818753137878578,0.8208821516714868,0.15578325175135802,-2.0880960420551986,-3.394955845791143,0.689582367011591,-1.933093988443656,-1.438210545834926,-1.7627812918742043,1.5874101728498227,1.537088119862629,-1.8612207031172325,0.3660449092059632,0.9098456505756868,-0.5947551077572429,-1.2418643618159242,-0.19686793187605678,-0.9005654430984101,-1.3765549935866788,1.1626346741348765,-0.15801371300023787,1.2353037520198058,-0.5722341884931068,-3.3793169365287703,-0.3423421275269022,-1.815792324308459,0.15264587339785424,-1.4440285980180876,0.10042426687411378,0.7984177146471114,-0.5561868160674518,-0.516048941229807,0.5283131727590695,-0.7035696972849574,-1.8732216760714424,-1.4829291486433833
0.2535188650807215,-0.7528983280420835,1.2986304948399074,0.04458800667606846,0.8606168548014221,2.580338619487491,-0.22306161547727268,1.0818753137878578,0.8762311930344454,0.6826963052271477,0.5499505006377019,-1.3923399328251322,-2.720976937339855,0.6421548957940912,-1.3232950476838032,-0.9556742248228363,-1.3198785324929798,1.3530752042836696,1.7249767302357646,-1.1506162660258057,0.5517663438977309,0.8649864527601002,-0.7213232449330476,-1.273484691637794,-0.3745437139701712,-0.5980484045365946,-1.1472475518488987,1.1563193139676933,-0.08846867499982557,1.1878365088873912,-0.5111638713657042,-2.929555004505845,-0.3595407215259163,-1.5879680338774576,-0.17566038243420726,-1.4160555123136098,-0.04156224348476671,0.7782007376109842,-0.4316322965026122,-0.3360276935269382,0.5132017252349944,-0.5403138444812717,-1.509584938971346,-1.3275343376465047
0.15250167711866092,-0.5611055575999363,1.0346476552641366,-0.04374163554947738,0.6799527970074837,2.0695639833829262,-0.11048696526898845,0.8208821516714868,0.6826963052271477,0.5821228270818727,0.5344423482005878,-1.0687706354754696,-2.1796585628194403,0.5551999399598607,-1.0089363541008223,-0.7420779090241748,-1.0326202257221033,1.070993528546752,1.4923537278607026,-0.7940001951000946,0.5250979299449974,0.7252030313713375,-0.5893747325690883,-1.1127016869545179,-0.49427954178325423,-0.5275345774612125,-0.8509652228321126,0.9468755787811054,-0.08483164547852236,0.9891664372883967,-0.46514285618148005,-2.300710352631169,-0.30948149490921506,-1.304732213518456,-0.23725554445062344,-1.1560088986107973,-0.07742987591596182,0.7031678364827707,-0.3413924314350233,-0.30009723504984664,0.4590151057964171,-0.45210400774183773,-1.1063493359710368,-1.0311516799520886
-0.5139336893457935,-0.2084598526333263,0.7676580125517605,-0.06665671350420715,0.0892642645653572,2.639193816047198,-0.6814390176911003,0.15578325175135802,0.5499505006377019,0.5344423482005878,2.137769978373802,0.3316850172624666,-1.6368380366394892,0.7806743028067294,0.16389540063400992,0.25283856384917536,-0.39537536968413906,1.1499582497961784,3.139179763774983,0.7620751001584183,1.448561326338643,1.1035022721674175,-1.4575173362088967,-1.9744643629433698,-1.2219057061797294,0.1335596539485835,-0.8437469652917696,1.6433943033470828,0.09026455050032758,1.561450975919914,-0.5501696223556626,-2.6575892615453953,-0.580986635888475,-1.519319579441236,-1.387966907228041,-1.9297428515296058,-0.5525308490272405,1.083927348733754,-0.19290892420241573,0.09771865728845239,0.7131674458554831,-0.2487298643071245,-0.8877685953728826,-1.3569726747541515
-0.8497393545114719,1.3668445205896655,-2.1348479164052616,-0.05192888926685353,-1.71700377306468,-3.4225471588505534,-0.12014888289243277,-2.0880960420551986,-1.3923399328251322,-1.0687706354754696,0.3316850172624666,3.103840783742685,4.457035913318919,-0.8077001434076323,2.819383051328393,2.150992724412608,2.425612456652586,-1.9558428306425637,-1.395989831762256,2.8222424760793956,-0.17106887620522676,-1.0230883170322307,0.43724247658846455,1.2984119937260603,0.10313062277735068,1.4007879882929386,1.684647629991337,-1.215295586677314,0.2716667228462985,-1.3620614087227623,0.7191797690437272,4.079843542975102,0.3433388307593197,2.217399907173085,-0.5507131276507616,1.5422073131798788,-0.2707491402753053,-0.9134455537577714,0.7510767113649744,0.8112446520675562,-0.6002514514785987,0.9681934456853698,2.366393396694018,1.7243024460063947
-0.8082585106195935,2.3386605815588792,-4.075398938367403,-0.04009544407569571,-2.7464182950763614,-7.9784149709253684,0.5381839556214683,-3.394955845791143,-2.720976937339855,-2.1796585628194403,-1.6368380366394892,4.457035913318919,8.551844826811438,-2.0275818723624477,4.202936668592836,3.069824090829023,4.160150521402638,-4.193630213220511,-5.3183855774762225,3.6131249866531214,-1.709776059585033,-2.6918128145618216,2.1570529519194,3.9815221947245285,1.3325246743463819,2.0096864642688312,3.4859992295884177,-3.5435654968625223,0.31709546276213674,-3.6793719049247526,1.6537231590875898,9.03008389624765,1.1161823844580177,4.964257365205489,0.5323325088165383,4.347258844556534,0.1293065786889131,-2.485315114407694,1.3610986587680383,1.136567265120822,-1.6326763229046377,1.7346533793380148,4.600518687076667,4.06095426598976
0.04056312630250257,-0.4890799685985799,0.9611194406705058,-0.04118849031840068,0.5631373559189663,2.1062636047110703,-0.20648906176052387,0.689582367011591,0.6421548957940912,0.5551999399598607,0.7806743028067294,-0.8077001434076323,-2.0275818723624477,0.5747898388514461,-0.787869785361228,-0.5562718074829899,-0.899010827104949,1.0544610415473807,1.7179256070421076,-0.5194676577084862,0.6584935254043042,0.7657012502537178,-0.7166669116897527,-1.2190794975498462,-0.5899834760919971,-0.39940566316298876,-0.8295609165306272,1.0347981280568785,-0.05234542798018134,1.0541162199780825,-0.46270149569448227,-2.2981839668048627,-0.3450875242484413,-1.3014640332531413,-0.416932777965718,-1.2511861248077318,-0.15180926690137828,0.7422708050196656,-0.3076280451152966,-0.22323135135118147,0.4857610229735885,-0.40408633262317567,-1.0449126683421792,-1.0587642707931395
-0.7521451309935747,1.2757300140184509,-2.010395903937162,-0.06045041702186951,-1.57993520099629,-3.3322566679943235,-0.04280713333190411,-1.933093988443656,-1.3232950476838032,-1.0089363541008223,0.16389540063400992,2.819383051328393,4.202936668592836,-0.787869785361228,2.581607374244889,1.9564865329142123,2.2592935673162513,-1.8770240754889704,-1.4873520294767253,2.551606093715568,-0.24703547662723238,-1.0111329453944244,0.5060922165526928,1.3150671888920409,0.1371037951229826,1.2609041859866261,1.6239081771458483,-1.2317931424660213,0.23521646282832492,-1.355411213819809,0.6886611776724559,3.947199976416955,0.35319257366807655,2.1393195987691014,-0.42297792309368565,1.5541878183346374,-0.2179915218113897,-0.896482699459213,0.7030001408399177,0.7259699399990944,-0.588848363826705,0.8974492120770029,2.2589815625889726,1.6869355285807603
-0.5906085307689346,0.9348723073450922,-1.4661925244715448,-0.013067358499915813,-1.1916062973129913,-2.326310652561179,-0.1201923669912515,-1.438210545834926,-0.9556742248228363,-0.7420779090241748,0.25283856384917536,2.150992724412608,3.069824090829023,-0.5562718074829899,1.9564865329142123,1.5009337821846256,1.6784409515804852,-1.3299835872963508,-0.9312144695519792,1.9438850371726921,-0.11104227666430144,-0.6962320901151571,0.27264759953750844,0.8862783148588254,0.09708584088805469,0.9947969901614266,1.1372273206579286,-0.815436137414038,0.19215194721173773,-0.9241468454848724,0.5071045393584216,2.770480781983645,0.23188459984654813,1.5235511235722765,-0.3891104129544784,1.0386552297686362,-0.19014218120594603,-0.6325503381476416,0.5178755915865266,0.5755898931486318,-0.4126218869102099,0.6719712591911615,1.6006890387375814,1.1593790884724242
-0.5414880944900513,1.190638526256022,-1.9853179167832444,-0.040143168672388346,-1.4303009184273483,-3.6411699547756182,0.1381259712105883,-1.7627812918742043,-1.3198785324929798,-1.0326202257221033,-0.39537536968413906,2.425612456652586,4.160150521402638,-0.899010827104949,2.2592935673162513,1.6784409515804852,2.114966923954077,-1.9643701646351024,-2.1204465840541125,2.0813861110894343,-0.5856973760748735,-1.18018586608819,0.8215726609646269,1.670528739007753,0.42513380065442896,1.0868308962388682,1.6643550281735988,-1.5151018511825534,0.18500339069431077,-1.603496919499456,0.7519008482930013,4.195326053820387,0.4623781476491132,2.2917789316261756,-0.026321382060033115,1.8761566662431561,-0.05530234958695138,-1.0711928789322258,0.6757084325967955,0.6195081762460339,-0.7038153557255524,0.8609572867852039,2.242645044793732,1.8497300851883296
0.2797207445188901,-1.1236195904905883,2.0029240029423194,0.06255419137193813,1.2539367153359915,4.164567475521476,-0.4463869725157285,1.5874101728498227,1.3530752042836696,1.070993528546752,1.1499582497961784,-1.9558428306425637,-4.193630213220511,1.0544610415473807,-1.8770240754889704,-1.3299835872963508,-1.9643701646351024,2.148455116384338,3.0125421225589046,-1.5397513731544006,1.0340112307052964,1.4318118655653613,-1.2896188787454956,-2.1626837445054314,-0.7324449847748109,-0.8302398817366633,-1.800049458482741,1.944147665229628,-0.11352477513712095,1.9739149904129465,-0.8217236512481004,-4.674309798119391,-0.6153739134562745,-2.53859840961733,-0.48363413041288095,-2.3649342005992895,-0.1520796930873533,1.3000449131196632,-0.6541372278454172,-0.464037150729267,0.8594004758019889,-0.8206562294234689,-2.3326562814663587,-2.148206682938506
-0.27507737860670844,-1.1760765710925343,2.5207953054440417,-0.06174304651147616,1.2010314044392778,6.254796564832754,-1.0061646494030188,1.537088119862629,1.7249767302357646,1.4923537278607026,3.139179763774983,-1.395989831762256,-5.3183855774762225,1.7179256070421076,-1.4873520294767253,-0.9312144695519792,-2.1204465840541125,3.0125421225589046,5.77487757643076,-0.5574849358020805,2.367341570031825,2.3584194030823014,-2.556383905794848,-3.886426756229574,-1.9552543267720848,-0.6477369656908509,-2.3721476749301047,3.325915439376697,-0.02285483877317088,3.2853165019662858,-1.3002431554720886,-6.69558192117325,-1.1218266789230793,-3.748370989710427,-1.8272609934890969,-3.9794088400232805,-0.6946242034113574,2.2540134344175895,-0.7677431038408299,-0.3408522871980966,1.4826689793198224,-0.9832223786776083,-2.8679761029099846,-3.1994628493984267
-0.8917453809662917,1.214836626125386,-1.7458691721889172,-0.1745044800720929,-1.4888840217787658,-2.5554130021422132,-0.11357737977950019,-1.8612207031172325,-1.1506162660258057,-0.7940001951000946,0.7620751001584183,2.8222424760793956,3.6131249866531214,-0.5194676577084862,2.551606093715568,1.9438850371726921,2.0813861110894343,-1.5397513731544006,-0.5574849358020805,2.7697483543579353,0.19715174366523402,-0.6695397908835558,0.1355483155592609,0.6860925964702268,-0.3912525716293173,1.163304275506844,1.4359488643287495,-0.7715029002236564,0.23165678297491415,-0.8870702764206791,0.4557478334518995,3.1952706801339796,0.17504262540345306,1.639769932735406,-0.8405391971382594,1.00260910552809,-0.388116613620607,-0.504298939893034,0.6242286967191848,0.6765620978737449,-0.3406091208818842,0.778098441809179,2.0669772141678253,1.329359054350714
-0.258863772779761,-0.30188496399520615,0.805104406154492,-0.08114018887669021,0.28681371790421,2.248126596482987,-0.4043095431545599,0.3660449092059632,0.5517663438977309,0.5250979299449974,1.448561326338643,-0.17106887620522676,-1.709776059585033,0.6584935254043042,-0.24703547662723238,-0.11104227666430144,-0.5856973760748735,1.0340112307052964,2.367341570031825,0.19715174366523402,1.0488588920317745,0.9014424647659828,-1.048776325135094,-1.5614438452551511,-0.9406514037787285,-0.12578257169829218,-0.765375093878176,1.287672192576212,0.017495734706601804,1.2614601568103345,-0.5003879032039605,-2.324021704664831,-0.45018114890221583,-1.3465726178039028,-0.9123902747208645,-1.5237446373695436,-0.35849846010221886,0.8966973408510973,-0.22763284528660196,-0.06135576333259609,0.5877125634551078,-0.31066265001815707,-0.8649572587098376,-1.1294832030492923
0.03796923096571318,-0.6578295172357634,1.2797542576563077,-0.013220953445550968,0.7237374492952079,2.868591520273476,-0.3521908902692208,0.9098456505756868,0.8649864527601002,0.7252030313713375,1.1035022721674175,-1.0230883170322307,-2.6918128145618216,0.7657012502537178,-1.0111329453944244,-0.6962320901151571,-1.18018586608819,1.4318118655653613,2.3584194030823014,-0.6695397908835558,0.9014424647659828,1.0375671028020104,-1.0149266588506185,-1.6463634138492644,-0.7353666667447482,-0.4672217035329775,-1.1528625794178469,1.426765592785899,-0.05241385361031054,1.435486107451636,-0.5970120682480596,-3.139506689093874,-0.4698728774651411,-1.7463155091701499,-0.5828625720408569,-1.7207997073015746,-0.21122743259528717,0.9799131537705315,-0.4057539848379482,-0.25817271591950564,0.644614990203293,-0.5211412760526366,-1.4470114659021243,-1.4627830675524578
0.16416339349896042,0.4826332156318748,-1.0284365669090076,-0.04291641428643312,-0.43021391817238785,-2.7031057921570354,0.563422922036912,-0.5947551077572429,-0.7213232449330476,-0.5893747325690883,-1.4575173362088967,0.43724247658846455,2.1570529519194,-0.7166669116897527,0.5060922165526928,0.27264759953750844,0.8215726609646269,-1.2896188787454956,-2.556383905794848,0.1355483155592609,-1.048776325135094,-1.0149266588506185,1.1855157332833786,1.6700219258197926,0.7495487239330284,0.1353825120616822,1.0556981752793915,-1.4758800426668053,-0.025203835191039886,-1.4265592916417984,0.5067247632999307,2.9018485563001217,0.4894673457592573,1.5731402960679173,0.8413035999656311,1.7580153886586483,0.31900891583511,-0.9288344003385008,0.3047080641215328,0.061086206829709826,-0.6169139931223456,0.3694546710569515,1.2651915521901245,1.4181098317245715
0.0790842922550459,0.9081374274317452,-1.8872959669078049,0.08089984333977765,-0.995673000131342,-4.418291603964729,0.5659647793594685,-1.2418643618159242,-1.273484691637794,-1.1127016869545179,-1.9744643629433698,1.2984119937260603,3.9815221947245285,-1.2190794975498462,1.3150671888920409,0.8862783148588254,1.670528739007753,-2.1626837445054314,-3.886426756229574,0.6860925964702268,-1.5614438452551511,-1.6463634138492644,1.6700219258197926,2.6835496182890006,1.3571810536586197,0.6405115336455763,1.6931214943439161,-2.2749697982790966,0.061698027293413955,-2.281570223816271,0.9552288266420839,4.7604615473148435,0.7656156243358843,2.6938990416705733,1.1213876633664654,2.7298147777166126,0.4208387521774652,-1.5926425212704072,0.5855937705742009,0.35251154750927627,-1.0448296279701423,0.7702503413572195,2.0770734164366047,2.2314510068610565
0.27888253417437087,0.14069379146983751,-0.6065414751032953,0.2816012343763167,-0.24018280726742078,-1.6540726278903937,0.07232954508749798,-0.19686793187605678,-0.3745437139701712,-0.49427954178325423,-1.2219057061797294,0.10313062277735068,1.3325246743463819,-0.5899834760919971,0.1371037951229826,0.09708584088805469,0.42513380065442896,-0.7324449847748109,-1.9552543267720848,-0.3912525716293173,-0.9406514037787285,-0.7353666667447482,0.7495487239330284,1.3571810536586197,1.1902258168339994,0.2856700513990833,0.3832486380986102,-0.9656702248182546,0.03603211090511249,-1.0025862412839508,0.5254732975746554,1.5933806142580478,0.3775332859177787,1.0874960259362434,0.8645294984011158,1.1485618249119829,0.35499236831627673,-0.8667979595827465,0.17655463928364779,0.16057080546686847,-0.552029088462641,0.29727743793124567,0.3850478332516337,0.7381282857839532
-0.35351218196415485,0.566072986641088,-0.9485351841110053,0.10137388032465501,-0.7921820210182305,-1.4644984930274447,-0.2058337283532818,-0.9005654430984101,-0.5980484045365946,-0.5275345774612125,0.1335596539485835,1.4007879882929386,2.0096864642688312,-0.39940566316298876,1.2609041859866261,0.9947969901614266,1.0868308962388682,-0.8302398817366633,-0.6477369656908509,1.163304275506844,-0.12578257169829218,-0.4672217035329775,0.1353825120616822,0.6405115336455763,0.2856700513990833,0.7505210014915596,0.6356628041706419,-0.5065477073579684,0.151432734864176,-0.6075461814458547,0.39907521067893637,1.6964098625623059,0.162363634529979,1.0123492928713669,-0.18805874504844,0.6518670820743849,-0.0909157893516529,-0.4932371922915246,0.3392130766654242,0.4356776479387143,-0.3135534707539146,0.4677090310080404,0.9023480081990578,0.6822608793953745
-0.29135268274140724,0.9807498008136962,-1.6735202963284985,-0.14279782848288192,-1.0527019575837175,-3.456529313506352,0.4431283847840209,-1.3765549935866788,-1.1472475518488987,-0.8509652228321126,-0.8437469652917696,1.684647629991337,3.4859992295884177,-0.8295609165306272,1.6239081771458483,1.1372273206579286,1.6643550281735988,-1.800049458482741,-2.3721476749301047,1.4359488643287495,-0.765375093878176,-1.1528625794178469,1.0556981752793915,1.6931214943439161,0.3832486380986102,0.6356628041706419,1.5773496695951832,-1.5930712099634339,0.07944036359073584,-1.5990374334181532,0.6200477152968891,3.9360888312228406,0.4858399725742414,2.0733732824764592,0.2867255445439246,1.937018268081778,0.07324733854051718,-0.9870508946136604,0.5458295797858633,0.3534169139821225,-0.6592616206335301,0.6633208958947696,2.055314789368663,1.817426915703331
-0.008959968299806312,-0.8614015268989408,1.688703930318742,0.029212279158934366,0.8970490242352129,3.932077575038008,-0.5922404023966484,1.1626346741348765,1.1563193139676933,0.9468755787811054,1.6433943033470828,-1.215295586677314,-3.5435654968625223,1.0347981280568785,-1.2317931424660213,-0.815436137414038,-1.5151018511825534,1.944147665229628,3.325915439376697,-0.7715029002236564,1.287672192576212,1.426765592785899,-1.4758800426668053,-2.2749697982790966,-0.9656702248182546,-0.5065477073579684,-1.5930712099634339,2.001746707193015,-0.03864542589659594,1.9860261170732936,-0.779260941058188,-4.297535050915557,-0.6551435105976428,-2.356503734935275,-0.8794777291610912,-2.4041545234884723,-0.3207113271027221,1.3188786795107201,-0.526060285160405,-0.27448176612926806,0.8719793834356757,-0.6626687193779497,-1.9786528170528734,-2.0292584045268236
-0.0775431562895056,0.0929290837437874,-0.1506867356033106,0.02663856457934033,-0.14387299780449236,-0.17896027097578576,-0.07283533050372072,-0.15801371300023787,-0.08846867499982557,-0.08483164547852236,0.09026455050032758,0.2716667228462985,0.31709546276213674,-0.05234542798018134,0.23521646282832492,0.19215194721173773,0.18500339069431077,-0.11352477513712095,-0.02285483877317088,0.23165678297491415,0.017495734706601804,-0.05241385361031054,-0.025203835191039886,0.061698027293413955,0.03603211090511249,0.151432734864176,0.07944036359073584,-0.03864542589659594,0.03501258185217377,-0.06309542090002647,0.061605187358463695,0.21506095090096763,0.012236449091063722,0.13810120116556418,-0.07263241566365651,0.05411710777711492,-0.030853801193120485,-0.06446121092184809,0.05531951440881117,0.09026699098843283,-0.040686291665564006,0.08296575332550188,0.12238984677767802,0.07431856247464233
0.035481158954530446,-0.8973674282257759,1.75095668157225,-0.004488863919381381,0.9731307015095999,3.9653671738088287,-0.5165725410731846,1.2353037520198058,1.1878365088873912,0.9891664372883967,1.561450975919914,-1.3620614087227623,-3.6793719049247526,1.0541162199780825,-1.355411213819809,-0.9241468454848724,-1.603496919499456,1.9739149904129465,3.2853165019662858,-0.8870702764206791,1.2614601568103345,1.435486107451636,-1.4265592916417984,-2.281570223816271,-1.0025862412839508,-0.6075461814458547,-1.5990374334181532,1.9860261170732936,-0.06309542090002647,1.9903367208352107,-0.8144153686686167,-4.338409312709693,-0.6525118578317054,-2.4038491058645493,-0.8271519013203145,-2.390983668184795,-0.299954552570384,1.3465831300941413,-0.5512378100865681,-0.3348310152611165,0.8875339231814772,-0.7065646967611002,-1.9990037290887503,-2.027542456714871
-0.05538040378776832,0.39056934247922853,-0.7790534217623096,0.07932617917756182,-0.4882041931367294,-1.6304922623275626,0.0779694317833421,-0.5722341884931068,-0.5111638713657042,-0.46514285618148005,-0.5501696223556626,0.7191797690437272,1.6537231590875898,-0.46270149569448227,0.6886611776724559,0.5071045393584216,0.7519008482930013,-0.8217236512481004,-1.3002431554720886,0.4557478334518995,-0.5003879032039605,-0.5970120682480596,0.5067247632999307,0.9552288266420839,0.5254732975746554,0.39907521067893637,0.6200477152968891,-0.779260941058188,0.061605187358463695,-0.8144153686686167,0.39584291209692196,1.770880689171982,0.2656853604727707,1.0383341400733512,0.2976756879956581,0.9474515979881073,0.1086719892104327,-0.6057822154937909,0.2535853667289191,0.2259746450046177,-0.3923984769633735,0.34651120349289716,0.7868484144804084,0.7951841768237312
-0.5459636758990865,2.410917496632945,-4.3117521930588305,-0.1673140935456182,-2.6496585994528963,-9.108334264361906,1.0704084275077035,-3.3793169365287703,-2.929555004505845,-2.300710352631169,-2.6575892615453953,4.079843542975102,9.03008389624765,-2.2981839668048627,3.947199976416955,2.770480781983645,4.195326053820387,-4.674309798119391,-6.69558192117325,3.1952706801339796,-2.324021704664831,-3.139506689093874,2.9018485563001217,4.7604615473148435,1.5933806142580478,1.6964098625623059,3.9360888312228406,-4.297535050915557,0.21506095090096763,-4.338409312709693,1.770880689171982,10.208789984865943,1.3606286489617592,5.523106129332837,1.1527082295051228,5.221860543141629,0.3697168343421802,-2.8323328264153638,1.4027793548999967,0.94113408000403,-1.8734733274089581,1.7435067994206546,5.080213460003543,4.715895100702888
0.029742788999529996,0.25514765234787945,-0.528890460601097,0.013983836222926564,-0.2716614430636847,-1.2627372156864671,0.1805852418542807,-0.3423421275269022,-0.3595407215259163,-0.30948149490921506,-0.580986635888475,0.3433388307593197,1.1161823844580177,-0.3450875242484413,0.35319257366807655,0.23188459984654813,0.4623781476491132,-0.6153739134562745,-1.1218266789230793,0.17504262540345306,-0.45018114890221583,-0.4698728774651411,0.4894673457592573,0.7656156243358843,0.3775332859177787,0.162363634529979,0.4858399725742414,-0.6551435105976428,0.012236449091063722,-0.6525118578317054,0.2656853604727707,1.3606286489617592,0.22046839972353097,0.7626698468792367,0.33088201324938865,0.7868657151253484,0.12423177884914631,-0.4501024118604607,0.1642208084191314,0.08726807119027191,-0.2957588568985042,0.21098616062071865,0.5956560288813132,0.643504816946606
-0.2592080793144253,1.278905614630442,-2.361132828459901,0.007826439600504578,-1.4585703253346731,-4.973380965022366,0.48130874770410315,-1.815792324308459,-1.5879680338774576,-1.304732213518456,-1.519319579441236,2.217399907173085,4.964257365205489,-1.3014640332531413,2.1393195987691014,1.5235511235722765,2.2917789316261756,-2.53859840961733,-3.748370989710427,1.639769932735406,-1.3465726178039028,-1.7463155091701499,1.5731402960679173,2.6938990416705733,1.0874960259362434,1.0123492928713669,2.0733732824764592,-2.356503734935275,0.13810120116556418,-2.4038491058645493,1.0383341400733512,5.523106129332837,0.7626698468792367,3.061495216123663,0.7121085832783042,2.8627439966789257,0.2402966768210171,-1.6358450745640882,0.7677009783595683,0.566312441419794,-1.0744606355235413,0.9833995064684519,2.6626942928662065,2.5299594077755696
0.4312495769008973,-0.04305457248989563,-0.23979307329949212,0.1019720921234287,0.12682932823780518,-1.2433172744763474,0.37496860844651997,0.15264587339785424,-0.17566038243420726,-0.23725554445062344,-1.387966907228041,-0.5507131276507616,0.5323325088165383,-0.416932777965718,-0.42297792309368565,-0.3891104129544784,-0.026321382060033115,-0.48363413041288095,-1.8272609934890969,-0.8405391971382594,-0.9123902747208645,-0.5828625720408569,0.8413035999656311,1.1213876633664654,0.8645294984011158,-0.18805874504844,0.2867255445439246,-0.8794777291610912,-0.07263241566365651,-0.8271519013203145,0.2976756879956581,1.1527082295051228,0.33088201324938865,0.7121085832783042,0.9618865565679,1.0216184739752763,0.39223171563890247,-0.6174080243310832,0.03817976234547737,-0.1204174085628905,-0.4023834636486144,0.06360767235235519,0.22075946038626817,0.6202698370088426
-0.02109639916316532,1.0680536131926321,-2.0681977021769393,-0.0342067105647678,-1.1240079509960332,-4.767344099899759,0.6974194527891358,-1.4440285980180876,-1.4160555123136098,-1.1560088986107973,-1.9297428515296058,1.5422073131798788,4.347258844556534,-1.2511861248077318,1.5541878183346374,1.0386552297686362,1.8761566662431561,-2.3649342005992895,-3.9794088400232805,1.00260910552809,-1.5237446373695436,-1.7207997073015746,1.7580153886586483,2.7298147777166126,1.1485618249119829,0.6518670820743849,1.937018268081778,-2.4041545234884723,0.05411710777711492,-2.390983668184795,0.9474515979881073,5.221860543141629,0.7868657151253484,2.8627439966789257,1.0216184739752763,2.897332700501811,0.370593707202329,-1.5925243161268368,0.6522110500178463,0.35153450243219403,-1.050628255262151,0.8137248266693705,2.422450351411079,2.4617618320350276
0.1870557447692673,-0.04444522918302591,-0.055365419101429024,0.04947154198971891,0.07919309910427463,-0.42152803788524734,0.13988102391750673,0.10042426687411378,-0.04156224348476671,-0.07742987591596182,-0.5525308490272405,-0.2707491402753053,0.1293065786889131,-0.15180926690137828,-0.2179915218113897,-0.19014218120594603,-0.05530234958695138,-0.1520796930873533,-0.6946242034113574,-0.388116613620607,-0.35849846010221886,-0.21122743259528717,0.31900891583511,0.4208387521774652,0.35499236831627673,-0.0909157893516529,0.07324733854051718,-0.3207113271027221,-0.030853801193120485,-0.299954552570384,0.1086719892104327,0.3697168343421802,0.12423177884914631,0.2402966768210171,0.39223171563890247,0.370593707202329,0.1616092882486674,-0.2322654310196847,0.0018158912809580975,-0.05690812061570011,-0.1507345633484226,0.01005396677880588,0.032940829827172266,0.2068581433977593
-0.004831120876958607,-0.5679178846357245,1.173296836612694,-0.09528632166809449,0.6673477787889395,2.630250949621816,-0.24373206728151664,0.7984177146471114,0.7782007376109842,0.7031678364827707,1.083927348733754,-0.9134455537577714,-2.485315114407694,0.7422708050196656,-0.896482699459213,-0.6325503381476416,-1.0711928789322258,1.3000449131196632,2.2540134344175895,-0.504298939893034,0.8966973408510973,0.9799131537705315,-0.9288344003385008,-1.5926425212704072,-0.8667979595827465,-0.4932371922915246,-0.9870508946136604,1.3188786795107201,-0.06446121092184809,1.3465831300941413,-0.6057822154937909,-2.8323328264153638,-0.4501024118604607,-1.6358450745640882,-0.6174080243310832,-1.5925243161268368,-0.2322654310196847,0.978225004435579,-0.3735486003218141,-0.2753321577236698,0.6371522444897764,-0.5002896862334619,-1.227534612963087,-1.3071707852373893
-0.15415161767822955,0.38248744568164667,-0.6474539939734293,-0.009526065355371639,-0.4543629427304317,-1.2284128383561286,0.06738356201430776,-0.5561868160674518,-0.4316322965026122,-0.3413924314350233,-0.19290892420241573,0.7510767113649744,1.3610986587680383,-0.3076280451152966,0.7030001408399177,0.5178755915865266,0.6757084325967955,-0.6541372278454172,-0.7677431038408299,0.6242286967191848,-0.22763284528660196,-0.4057539848379482,0.3047080641215328,0.5855937705742009,0.17655463928364779,0.3392130766654242,0.5458295797858633,-0.526060285160405,0.05531951440881117,-0.5512378100865681,0.2535853667289191,1.4027793548999967,0.1642208084191314,0.7677009783595683,0.03817976234547737,0.6522110500178463,0.0018158912809580975,-0.3735486003218141,0.22149861789529793,0.19083148794688742,-0.24433305795309732,0.2767696699518086,0.733182606658096,0.6276487780649156
-0.206010080173022,0.32008007018024515,-0.5382933744870048,0.06175833042564075,-0.45333267403190064,-0.8107779362411381,-0.13279589748393372,-0.516048941229807,-0.3360276935269382,-0.30009723504984664,0.09771865728845239,0.8112446520675562,1.136567265120822,-0.22323135135118147,0.7259699399990944,0.5755898931486318,0.6195081762460339,-0.464037150729267,-0.3408522871980966,0.6765620978737449,-0.06135576333259609,-0.25817271591950564,0.061086206829709826,0.35251154750927627,0.16057080546686847,0.4356776479387143,0.3534169139821225,-0.27448176612926806,0.09026699098843283,-0.3348310152611165,0.2259746450046177,0.94113408000403,0.08726807119027191,0.566312441419794,-0.1204174085628905,0.35153450243219403,-0.05690812061570011,-0.2753321577236698,0.19083148794688742,0.255539474712513,-0.17563455680683357,0.26971310867467074,0.5015547109072985,0.3725864734746866
-0.0020642990178822195,-0.37636856420770576,0.7730237680675038,-0.052539834755790674,0.43616428947494146,1.736012307161109,-0.1718103177895021,0.5283131727590695,0.5132017252349944,0.4590151057964171,0.7131674458554831,-0.6002514514785987,-1.6326763229046377,0.4857610229735885,-0.588848363826705,-0.4126218869102099,-0.7038153557255524,0.8594004758019889,1.4826689793198224,-0.3406091208818842,0.5877125634551078,0.644614990203293,-0.6169139931223456,-1.0448296279701423,-0.552029088462641,-0.3135534707539146,-0.6592616206335301,0.8719793834356757,-0.040686291665564006,0.8875339231814772,-0.3923984769633735,-1.8734733274089581,-0.2957588568985042,-1.0744606355235413,-0.4023834636486144,-1.050628255262151,-0.1507345633484226,0.6371522444897764,-0.24433305795309732,-0.17563455680683357,0.4166457162566198,-0.3275485088604478,-0.8189238196640126,-0.8664339652497052
-0.1857612104205763,0.4695010284868135,-0.8266806326960022,0.025509858605609396,-0.5824484879249073,-1.5411942245076173,0.03200540975139189,-0.7035696972849574,-0.5403138444812717,-0.45210400774183773,-0.2487298643071245,0.9681934456853698,1.7346533793380148,-0.40408633262317567,0.8974492120770029,0.6719712591911615,0.8609572867852039,-0.8206562294234689,-0.9832223786776083,0.778098441809179,-0.31066265001815707,-0.5211412760526366,0.3694546710569515,0.7702503413572195,0.29727743793124567,0.4677090310080404,0.6633208958947696,-0.6626687193779497,0.08296575332550188,-0.7065646967611002,0.34651120349289716,1.7435067994206546,0.21098616062071865,0.9833995064684519,0.06360767235235519,0.8137248266693705,0.01005396677880588,-0.5002896862334619,0.2767696699518086,0.26971310867467074,-0.3275485088604478,0.36995384171772194,0.8807642758305284,0.7647386747277028
-0.4685763012251796,1.327649031653067,-2.207344782190482,-0.19934422535897525,-1.4455185928949732,-4.42396068777194,0.5214711525988909,-1.8732216760714424,-1.509584938971346,-1.1063493359710368,-0.8877685953728826,2.366393396694018,4.600518687076667,-1.0449126683421792,2.2589815625889726,1.6006890387375814,2.242645044793732,-2.3326562814663587,-2.8679761029099846,2.0669772141678253,-0.8649572587098376,-1.4470114659021243,1.2651915521901245,2.0770734164366047,0.3850478332516337,0.9023480081990578,2.055314789368663,-1.9786528170528734,0.12238984677767802,-1.9990037290887503,0.7868484144804084,5.080213460003543,0.5956560288813132,2.6626942928662065,0.22075946038626817,2.422450351411079,0.032940829827172266,-1.227534612963087,0.733182606658096,0.5015547109072985,-0.8189238196640126,0.8807642758305284,2.7157098096718095,2.3333501515508615
-0.19376631311928316,1.078713587790986,-1.9400525317439548,-0.10430714423906029,-1.1483728821733004,-4.219393099570951,0.5813428207238277,-1.4829291486433833,-1.3275343376465047,-1.0311516799520886,-1.3569726747541515,1.7243024460063947,4.06095426598976,-1.0587642707931395,1.6869355285807603,1.1593790884724242,1.8497300851883296,-2.148206682938506,-3.1994628493984267,1.329359054350714,-1.1294832030492923,-1.4627830675524578,1.4181098317245715,2.2314510068610565,0.7381282857839532,0.6822608793953745,1.817426915703331,-2.0292584045268236,0.07431856247464233,-2.027542456714871,0.7951841768237312,4.715895100702888,0.643504816946606,2.5299594077755696,0.6202698370088426,2.4617618320350276,0.2068581433977593,-1.3071707852373893,0.6276487780649156,0.3725864734746866,-0.8664339652497052,0.7647386747277028,2.3333501515508615,2.204624998353081
