V1,V2,V3,V4,V5,V6,V7,V8,V9,V10,V11,V12,V13,V14,V15,V16,V17,V18,V19,V20,V21,V22,V23,V24,V25,V26,V27,V28,V29,V30,V31,V32,V33,V34,V35,V36,V37,V38,V39,V40,V41,V42,V43
2.1615436324262154,1.5601755853955364,0.28821001367949023,-1.740019435438613,-0.19202975187417287,-0.23457968354683734,-0.30202535495117877,-0.8965884085618142,-0.8350542759789972,0.9578435264623146,-0.09041972853642977,-0.08418542825758281,-0.10997834885544536,0.7714319274225172,-0.557465854340917,-0.9597104082682657,-0.581285309425797,-0.24803947770279502,-1.3270655326964222,-0.4013785668392957,-0.2321488539495456,0.7910398078982375,-0.1880144339118654,-0.027339607910661624,-1.6504485426251434,0.14232321692578703,-0.7809043850768196,0.3512047572871884,0.07741628898514726,-0.4212650916342769,-0.09652121933557137,-1.6014066959051967,-0.5661187947449109,-0.1213048031477063,0.5741327599132837,-1.1519932111328626,0.8642588034281653,-0.31868089476211287,0.03262257074948244,-1.2926846159458965,-0.9174403579589485,0.16201817952271136,-0.1956893336099725
1.5601755853955364,1.354707187272509,0.08605319380803655,-1.5588199519803487,0.08896863128599398,-0.30983497616370953,0.12703236323907124,-0.6504463771479444,-0.6115331073695334,0.6112639744212202,0.07209232421925117,-0.0739974797889292,0.057292517949705954,0.3557968998384786,-0.7314510589123804,-0.706419032557436,-0.6608576468888058,-0.19008455651554412,-0.7576934295470195,-0.6466302197710828,-0.36989297950462857,0.5717176248615096,0.09687018856594154,0.41978577465065187,-0.7424522854897446,-0.20946945415955848,-0.6348058475520236,-0.0872160461016046,0.13172668673950777,-0.23944134617515697,-0.1690975170629833,-0.8434443156195376,-0.894657744866394,0.28678266914487616,0.285010663943037,-0.7649966366535453,0.7525108617736386,-0.29392797342464644,0.014918740444636511,-0.9098478162516709,-0.5814456285699481,0.11489353349021626,-0.24415941979307265
0.28821001367949023,0.08605319380803655,2.266066518051531,-1.0475951005249546,-1.4226166332826229,0.17476755198917746,-0.21624395984658248,-0.6461537314195751,0.8694960978002504,-0.31083279593041907,1.0014297361880349,-0.6471439033179873,0.15653926576580637,0.35477123719203485,-0.05383457819057683,-1.5884294876384415,-0.43333654082911155,-0.05258117080724644,-1.3437270075657957,-0.21745757058026446,1.3579774688181478,0.29911848856988676,-1.8273868988359594,1.3653483999320581,0.020019041356021335,0.10091885476876412,-0.4022147982981204,0.44430737089146316,-0.23244754861253417,-1.255717386538191,0.17404515130544165,-0.7437095832790037,0.28281542896372447,-0.45519888060515834,0.2133603574580928,0.21516454365751866,0.26379446804337314,-0.6812749004871291,-0.769815862247413,-0.13539239931607835,-1.2355074056351225,-0.7837647233000568,1.5714908873365572
-1.740019435438613,-1.5588199519803487,-1.0475951005249546,3.185313847823228,0.6742057047454444,1.1050520331639173,-0.6277197817542814,0.9479902558035191,-0.04032061959434169,-1.0601952357616948,-0.42967063627613467,-0.6972444008967351,-0.28031352014051947,-0.9169448674699474,0.7994420100241721,2.3729921118564214,0.8986706264976232,-0.07280533197567589,0.6667108692061242,1.6291308236808628,0.08380122552276673,-0.6675524674090095,0.32545333022746675,-0.7378425237152599,0.9184882260493742,1.1100521986036616,0.7528458044330001,0.2352978611523589,-0.5145415099642611,0.4607822274602074,-0.19546379464774735,1.5671778468923676,1.2281655912959657,-0.8914871519853411,0.34074973468967057,0.9588463233838708,-0.6153032952556257,0.5832539194252231,-0.232330480224268,1.2883329225513567,1.305672952407303,0.7603996032575954,-0.05050164671873772
-0.19202975187417287,0.08896863128599398,-1.4226166332826229,0.6742057047454444,1.5082746420668978,0.35763461236746774,0.2065304610907843,0.43532444412500354,-0.42395756590075384,0.1557699091008295,-0.6436714045541666,0.09258685746408468,0.29432314417114497,-0.1632523109818994,-0.33379737259715936,1.4101225832644433,0.3927250883862698,-0.6675752233152911,1.1725266712604274,0.011905951389177103,-1.2240509782808435,0.37405245053959374,1.1433738062324104,-0.2844949952167491,0.15468098104623051,0.004302346920552161,0.29050802332965875,-0.6467962645663669,-0.0031892049768274507,0.9825919965895644,0.17271998999382954,0.8683704895772358,-0.6902112546138649,0.17633510742121716,-0.029134362032534812,0.1325544089787858,0.07641606543669563,0.4522917014815659,0.39243178583559096,-0.02757244944784303,1.1278897293953372,0.3834930297680208,-1.2631926495061452
-0.23457968354683734,-0.30983497616370953,0.17476755198917746,1.1050520331639173,0.35763461236746774,1.0557134008932094,-0.5708770551939953,0.09738180237093924,0.04639534186256393,-0.4247581961647306,-0.027713803796510263,-0.9090485133642863,0.12229176638319783,-0.09582310471174285,0.04795405900775487,0.9765430007840415,0.3616644813469561,-0.7113933331679643,-0.2481508039011879,0.7678770028365215,0.13018367767964925,0.41510899034055954,-0.4822855760955554,0.3299359387981477,0.041638943461255164,0.8890899847141213,0.1107372338584842,0.17420114805602546,-0.5028872468680401,-0.10807417967298809,0.14043193286694594,0.43474237781407415,0.33146863846933483,-0.8904610963187702,0.5947107449944267,0.450912117735947,0.17884061746000463,0.07135984261487781,-0.44111638734255315,0.20607071643674996,0.3668923261509281,0.19537024690339114,0.18494754707881714
-0.30202535495117877,0.12703236323907124,-0.21624395984658248,-0.6277197817542814,0.2065304610907843,-0.5708770551939953,0.7690589596531442,0.1065994501535068,0.19593557946848064,-0.07270153433770138,0.21144498571914572,0.4114302544497871,0.2116162657392761,-0.3028710499156813,-0.3628883690534508,-0.3145124800168247,-0.32705964037184193,0.26101415117006543,0.6845201334581328,-0.7804059156470246,-0.3040151815529156,-0.24852886141505487,0.5185751758618123,0.48438525369782903,0.840385680660723,-0.8631603642326757,0.015859631260405686,-0.6174884809145903,0.3172558249304958,0.23287116073645603,-0.0798025037574945,0.5079224177027535,-0.7294625268710893,0.8752373021026417,-0.5741499281087825,0.1390664512115228,-0.07643342193976935,-0.06151637608227069,0.18729780407149652,0.13550780407512966,0.1287762247572072,-0.19156074597822578,-0.20603967813163343
-0.8965884085618142,-0.6504463771479444,-0.6461537314195751,0.9479902558035191,0.43532444412500354,0.09738180237093924,0.1065994501535068,0.5161760609775289,0.14337433870212576,-0.2067524926888084,-0.2808495341035151,0.24263695791422676,0.028635291129759717,-0.2601428631266737,0.27949719973806514,0.7603424930966436,0.43322360509727736,0.018022170728096178,0.8755471165722538,0.24637815879920158,-0.26545448479700035,-0.2837230977316127,0.47179686930397235,-0.42427747524065046,0.4752193035528424,-0.02405727258440942,0.4391535191882364,-0.2139322532966444,0.008870096736941734,0.5120095752897046,0.09338347889666798,0.7129205034689722,0.20497514843669412,0.08949028071631898,-0.25885149288486775,0.37252535898985256,-0.4183857497549793,0.32486149818586485,0.21683923854299308,0.47664706244634064,0.6709956840413994,0.07016149073381617,-0.36039099075289316
-0.8350542759789972,-0.6115331073695334,0.8694960978002504,-0.04032061959434169,-0.42395756590075384,0.04639534186256393,0.19593557946848064,0.14337433870212576,0.9228599513681864,-0.28185874552024914,0.36734835413404576,0.10729171822600021,0.29371637338388457,0.09848169404258299,0.18590042712531304,-0.49747431316493584,0.2000344499813195,-0.07668252026005336,0.3664137419470224,-0.2040308926869043,0.4814005285362963,-0.006398709017936473,-0.6374860133894059,0.5353625789157241,0.5610356200956668,-0.2697748229204771,0.2545331671838666,-0.13623993565283724,-0.0246235568202039,-0.15144329291702488,0.39664127775685226,0.2632554626518955,0.16704261294610404,0.03791620272502873,-0.3759824360731429,0.559794901593178,-0.3314264749488179,-0.10364908716353657,-0.13496834735305058,0.33148714935164736,-0.08626696754968737,-0.6923330388142288,0.517518836103445
0.9578435264623146,0.6112639744212202,-0.31083279593041907,-1.0601952357616948,0.1557699091008295,-0.4247581961647306,-0.07270153433770138,-0.2067524926888084,-0.28185874552024914,1.2155056878987864,-0.6382984642746172,0.9421228025129017,0.06301998050502097,1.0486690063644881,0.025056377253149714,-0.611124410035309,0.29017131155251635,-0.29156427392297735,0.20851996292403355,-0.4070191937544229,-0.641873805342926,0.6485105524186371,0.3088331711675805,-1.0108905292632409,-1.585688193996087,-0.2064192874397129,-0.04502992301570433,0.054994227198262274,0.2746744135083197,0.4513276164910459,0.5006646174738597,-1.2017434915495724,-0.23969233073990387,0.15412856158826704,-0.1170396263286678,-0.8304455824016829,0.0644280526038262,0.1798957375265811,0.6862701552733004,-0.9557581713953286,-0.19318687752579916,-0.2970763835798534,-0.861071751608661
-0.09041972853642977,0.07209232421925117,1.0014297361880349,-0.42967063627613467,-0.6436714045541666,-0.027713803796510263,0.21144498571914572,-0.2808495341035151,0.36734835413404576,-0.6382984642746172,0.8208254759882768,-0.6116410212966908,0.04250270220353262,-0.4438230143527712,-0.2797231717620442,-0.6223980991174936,-0.615943149304861,0.2767334546106842,-0.674411696721124,-0.2498411976377209,0.7418149178166465,-0.24902111256466133,-0.6903991906671901,1.2461089699625336,0.9067626185260163,-0.17489831257984514,-0.29965845420731935,-0.01205487783345947,-0.0861681667621859,-0.7529499297684422,-0.31925510846717453,0.2389067912405929,-0.1376279716480414,0.09454454136896516,0.03154647970304683,0.33568168626891165,0.20390791872551906,-0.46122134072257626,-0.596841713390887,0.2887375673516815,-0.5402621181812113,-0.15118213205781755,0.9929768779681187
-0.08418542825758281,-0.0739974797889292,-0.6471439033179873,-0.6972444008967351,0.09258685746408468,-0.9090485133642863,0.4114302544497871,0.24263695791422676,0.10729171822600021,0.9421228025129017,-0.6116410212966908,1.5298685821911595,0.03709307022084411,0.66729045123759,0.3178712798189344,-0.6004694478724039,0.41030698742019567,0.2713938918797652,1.1003203018307044,-0.6028126430279882,-0.6250135011316492,-0.05205162543872168,0.7546571227083648,-1.2540067903215897,-0.7315716653674859,-0.7925224470909278,0.3274634409842835,-0.22759597229601986,0.5356584932446025,0.777423864313997,0.46184401822476795,-0.5674832609738911,-0.11030654131756565,0.733071560119488,-0.7775915123187886,-0.4749616046318961,-0.5247558004591448,0.33531617717540707,0.9466122223947261,-0.36755906046304404,0.13324676382044573,-0.4531883563562163,-0.9102619165486376
-0.10997834885544536,0.057292517949705954,0.15653926576580637,-0.28031352014051947,0.29432314417114497,0.12229176638319783,0.2116162657392761,0.028635291129759717,0.29371637338388457,0.06301998050502097,0.04250270220353262,0.03709307022084411,0.3476764123799961,0.1554501992735191,-0.2366472978160566,-0.049110272028603005,0.0838906471663597,-0.41856995675395997,0.39825713123698414,-0.3200679005479674,-0.2245681037165258,0.3730854931304334,-0.04388037991602654,0.43022599860227767,0.15627647716665355,-0.20637263003851228,0.06892681145719254,-0.33982699838332847,-1.727981696946558e-4,0.15804113774952522,0.31199774243851486,0.20291809989829876,-0.42063974176525454,0.12318859673723946,-0.14070984940217005,0.19491650634591098,0.06739912508125803,-0.008295705656521095,0.03086905698701478,-0.10231930065266708,0.15792338711460394,-0.3097081842206402,-0.1714104624168611
0.7714319274225172,0.3557968998384786,0.35477123719203485,-0.9169448674699474,-0.1632523109818994,-0.09582310471174285,-0.3028710499156813,-0.2601428631266737,0.09848169404258299,1.0486690063644881,-0.4438230143527712,0.66729045123759,0.1554501992735191,1.1996477948349196,0.16719399653346154,-0.7770419923124645,0.4301518943754344,-0.5008942358785997,-0.046469999007937364,-0.21223717010777535,-0.2200589305142674,0.8185245214222332,-0.33714436331214703,-0.7200822896385085,-1.608130137119912,0.050062855853876306,-0.0033797494348112023,0.2391004510667766,0.08897553270955315,0.16725714067054304,0.7034463385821247,-1.2819717485477509,0.06559113602408027,-0.22940661997023484,0.010268783564713386,-0.5908353660086525,0.03932158943373688,0.08079455206255495,0.43539056176873914,-0.8801622974753484,-0.36357994488123485,-0.5606103758399588,-0.4160209444310362
-0.557465854340917,-0.7314510589123804,-0.05383457819057683,0.7994420100241721,-0.33379737259715936,0.04795405900775487,-0.3628883690534508,0.27949719973806514,0.18590042712531304,0.025056377253149714,-0.2797231717620442,0.3178712798189344,-0.2366472978160566,0.16719399653346154,0.7065949170398144,0.15628901982383153,0.5295094703037411,0.2317197697906481,0.16262865307328317,0.5551175528409201,0.29043310375670256,-0.3020777804919017,-0.14227486234025694,-0.9155731393422278,-0.3444850425228286,0.3008774395706108,0.344793668699784,0.4104487896828106,-0.036523718304220264,0.11482376447252837,0.16241908960011148,-0.17145754822044917,0.9003338447414104,-0.35376808842508933,-0.0723194960173237,0.0676947677099442,-0.5062688618911128,0.23171681553220888,0.1652894012082762,0.26849540455136034,0.09888320195834781,-0.06274523870430798,0.08355500890057488
-0.9597104082682657,-0.706419032557436,-1.5884294876384415,2.3729921118564214,1.4101225832644433,0.9765430007840415,-0.3145124800168247,0.7603424930966436,-0.49747431316493584,-0.611124410035309,-0.6223980991174936,-0.6004694478724039,-0.049110272028603005,-0.7770419923124645,0.15628901982383153,2.459592154786305,0.6535956061147905,-0.4723286673283804,0.8940698549442818,1.0654130153643957,-0.7273541234911367,-0.151921290067921,0.9335685149248251,-0.508568206671937,0.6669139929364521,0.8062138901282905,0.5140062568369043,-0.22715407192422044,-0.37507104566411525,0.7992659091685289,-0.17361347827765247,1.5091315891763222,0.24368986539499457,-0.5050653068290972,0.36671886378095614,0.6015849774077497,-0.16072561935607665,0.588759165052847,-0.005215246848072658,0.7329356247887668,1.4627590484891548,0.8911334804244416,-0.7844002673136026
-0.581285309425797,-0.6608576468888058,-0.43333654082911155,0.8986706264976232,0.3927250883862698,0.3616644813469561,-0.32705964037184193,0.43322360509727736,0.2000344499813195,0.29017131155251635,-0.615943149304861,0.41030698742019567,0.0838906471663597,0.4301518943754344,0.5295094703037411,0.6535956061147905,0.8889541100816857,-0.4245710487023771,0.7862707114685046,0.472070762029864,-0.31636717665435954,0.25106617831307254,0.13692493072170292,-0.9620245769789675,-0.550091705617239,0.3406673995902364,0.51973499099618,0.07387637602927555,-0.089976503088814,0.6040783117239886,0.5549182093400485,0.04524510837913772,0.5157168810050294,-0.40327684569746797,-0.07489186916200183,0.15037472493815127,-0.43228353943367653,0.4396853493889769,0.3769072409571489,0.06187741406625244,0.587383820962055,-0.1703377283962182,-0.5504232681713455
-0.24803947770279502,-0.19008455651554412,-0.05258117080724644,-0.07280533197567589,-0.6675752233152911,-0.7113933331679643,0.26101415117006543,0.018022170728096178,-0.07668252026005336,-0.29156427392297735,0.2767334546106842,0.2713938918797652,-0.41856995675395997,-0.5008942358785997,0.2317197697906481,-0.4723286673283804,-0.4245710487023771,1.0491271358479295,-0.22643051788742982,-0.09263181676198033,0.45249465200137434,-0.954794884788226,0.19669535914749423,-0.2058257645303009,0.5376969940304839,-0.4007600529964855,-0.08169373616547303,0.1729438452344631,0.2580546203600306,-0.26933805958559454,-0.5536203026861969,0.018157167942206075,0.31117548085311025,0.4698085629996002,-0.31121292523452976,-0.09834223672504765,-0.28754069198997734,-0.12138646406147413,0.002238438355616993,0.395906805652429,-0.3400806209708547,0.19434494733642851,0.4456215278752858
-1.3270655326964222,-0.7576934295470195,-1.3437270075657957,0.6667108692061242,1.1725266712604274,-0.2481508039011879,0.6845201334581328,0.8755471165722538,0.3664137419470224,0.20851996292403355,-0.674411696721124,1.1003203018307044,0.39825713123698414,-0.046469999007937364,0.16262865307328317,0.8940698549442818,0.7862707114685046,-0.22643051788742982,2.272229988239706,-0.36802677291970814,-1.1097583392555077,-0.09500263657214927,1.2774529720942154,-0.7315915953496567,0.6077406848648298,-0.7311998692510486,0.7936031032141311,-0.8875212660818398,0.32897912405829727,1.3611236795494281,0.5503400806629768,1.093939251530008,-0.4226969568182658,0.7357182958122999,-0.9072957984904426,0.45528738046399175,-0.7067872995676473,0.624450572994553,0.8360444836348747,0.3811406219977754,1.2828916974912734,-0.2728133480078164,-1.297214008469591
-0.4013785668392957,-0.6466302197710828,-0.21745757058026446,1.6291308236808628,0.011905951389177103,0.7678770028365215,-0.7804059156470246,0.24637815879920158,-0.2040308926869043,-0.4070191937544229,-0.2498411976377209,-0.6028126430279882,-0.3200679005479674,-0.21223717010777535,0.5551175528409201,1.0654130153643957,0.472070762029864,-0.09263181676198033,-0.36802677291970814,1.181441863056441,0.33100779339718134,-0.17945521725311123,-0.25887934840116966,-0.5889686089749863,-0.19071582009322416,1.029209995880499,0.2203531915446479,0.5741680924005648,-0.4125993437866634,-0.08043703333377188,-0.12475389991424565,0.21486338341648853,1.0132280469781443,-0.9328515089130451,0.5583297943213854,0.2350337821738262,-0.15897588524190084,0.22243772005809212,-0.26895029857939967,0.42361545778893206,0.3230120385954964,0.48557803147268197,0.22516330268139334
-0.2321488539495456,-0.36989297950462857,1.3579774688181478,0.08380122552276673,-1.2240509782808435,0.13018367767964925,-0.3040151815529156,-0.26545448479700035,0.4814005285362963,-0.641873805342926,0.7418149178166465,-0.6250135011316492,-0.2245681037165258,-0.2200589305142674,0.29043310375670256,-0.7273541234911367,-0.31636717665435954,0.45249465200137434,-1.1097583392555077,0.33100779339718134,1.2788014942418542,-0.4065837473969055,-1.2063013861460383,0.6637408024549315,0.40084432004160986,0.30435119528479676,-0.1898942551008152,0.570053184490433,-0.22631346056935397,-1.000562703307177,-0.2557197249147982,-0.21759612132417402,0.7540613718859732,-0.4386583335702296,0.2186750846358555,0.2916071809751394,-0.04300994194834216,-0.41729668172872053,-0.6728083911597174,0.394275067733773,-0.7826206149228504,-0.18924442674321537,1.3961136054940106
0.7910398078982375,0.5717176248615096,0.29911848856988676,-0.6675524674090095,0.37405245053959374,0.41510899034055954,-0.24852886141505487,-0.2837230977316127,-0.006398709017936473,0.6485105524186371,-0.24902111256466133,-0.05205162543872168,0.3730854931304334,0.8185245214222332,-0.3020777804919017,-0.151921290067921,0.25106617831307254,-0.954794884788226,-0.09500263657214927,-0.17945521725311123,-0.4065837473969055,1.090837318432626,-0.32234862997710373,0.1258096398767625,-1.0257580223279046,0.24825670370349512,-0.11813854851932866,-0.06191199998663632,-0.13958489277771333,0.11792366782657512,0.5785927662702606,-0.6284788923479938,-0.4170072011732635,-0.3607716894907396,0.30052186280827636,-0.2691252586816516,0.4134560961028823,-8.704224987764328e-4,0.08782587913274356,-0.7695816732185117,-0.07233876684312128,-0.33281247715232787,-0.41204537405301417
-0.1880144339118654,0.09687018856594154,-1.8273868988359594,0.32545333022746675,1.1433738062324104,-0.4822855760955554,0.5185751758618123,0.47179686930397235,-0.6374860133894059,0.3088331711675805,-0.6903991906671901,0.7546571227083648,-0.04388037991602654,-0.33714436331214703,-0.14227486234025694,0.9335685149248251,0.13692493072170292,0.19669535914749423,1.2774529720942154,-0.25887934840116966,-1.2063013861460383,-0.32234862997710373,1.6659419458862712,-0.8915831629299679,0.21042031164731362,-0.5249802534293911,0.2588696067106566,-0.5898350026689047,0.3755055927354661,1.0561560586217453,-0.16798077255150182,0.6405734361070669,-0.5931992936073311,0.7741395533471663,-0.4387747117299381,-0.21498842984573174,-0.20838680913267668,0.47258770765609626,0.7209868036263719,0.05026920328197263,0.9207532600393453,0.5138270539605796,-1.3377012044892127
-0.027339607910661624,0.41978577465065187,1.3653483999320581,-0.7378425237152599,-0.2844949952167491,0.3299359387981477,0.48438525369782903,-0.42427747524065046,0.5353625789157241,-1.0108905292632409,1.2461089699625336,-1.2540067903215897,0.43022599860227767,-0.7200822896385085,-0.9155731393422278,-0.508568206671937,-0.9620245769789675,-0.2058257645303009,-0.7315915953496567,-0.5889686089749863,0.6637408024549315,0.1258096398767625,-0.8915831629299679,2.52807970429357,1.6353799377293357,-0.27270720612033256,-0.48959501697034113,-0.4557033898845791,-0.2429658712106821,-0.9419151531503586,-0.3360634431099229,0.8123056677379517,-0.8754926312928822,0.1836330812434134,0.16088976731849383,0.7017431646239287,0.6357131686058857,-0.6949894088823251,-0.9907393239104542,0.30619650052068204,-0.46830467715413443,-0.22481138594132233,1.1675411189769673
-1.6504485426251434,-0.7424522854897446,0.020019041356021335,0.9184882260493742,0.15468098104623051,0.041638943461255164,0.840385680660723,0.4752193035528424,0.5610356200956668,-1.585688193996087,0.9067626185260163,-0.7315716653674859,0.15627647716665355,-1.608130137119912,-0.3444850425228286,0.6669139929364521,-0.550091705617239,0.5376969940304839,0.6077406848648298,-0.19071582009322416,0.40084432004160986,-1.0257580223279046,0.21042031164731362,1.6353799377293357,2.841426160405681,-0.5435840201992496,0.17223343493220025,-0.7321446842027375,-0.05929583676032681,-0.19741926254150266,-0.6480971073126017,2.130274932933274,-0.3884313498044145,0.6533702892779347,-0.4307478001213002,1.2375006659584924,-0.21437529042321965,-0.19771227095500582,-0.6175455852621434,1.3902180199387333,0.5338138950416316,0.1850210794925041,0.7501927033751702
0.14232321692578703,-0.20946945415955848,0.10091885476876412,1.1100521986036616,0.004302346920552161,0.8890899847141213,-0.8631603642326757,-0.02405727258440942,-0.2697748229204771,-0.2064192874397129,-0.17489831257984514,-0.7925224470909278,-0.20637263003851228,0.050062855853876306,0.3008774395706108,0.8062138901282905,0.3406673995902364,-0.4007600529964855,-0.7311998692510486,1.029209995880499,0.30435119528479676,0.24825670370349512,-0.5249802534293911,-0.27270720612033256,-0.5435840201992496,1.120366887524347,0.006786550746071968,0.5877358724522294,-0.4839212183713675,-0.25359219428794266,-0.03454562552750163,-0.133647445171153,0.7561781980493835,-1.0528682732591077,0.7706886198253403,0.060513431454117216,0.1602168497261369,0.08555081910417268,-0.37270808340731376,0.061747157465745196,0.07755883163960947,0.39039027895181616,0.2630356169289241
-0.7809043850768196,-0.6348058475520236,-0.4022147982981204,0.7528458044330001,0.29050802332965875,0.1107372338584842,0.015859631260405686,0.4391535191882364,0.2545331671838666,-0.04502992301570433,-0.29965845420731935,0.3274634409842835,0.06892681145719254,-0.0033797494348112023,0.344793668699784,0.5140062568369043,0.51973499099618,-0.08169373616547303,0.7936031032141311,0.2203531915446479,-0.1898942551008152,-0.11813854851932866,0.2588696067106566,-0.48959501697034113,0.17223343493220025,0.006786550746071968,0.4343494170931952,-0.1213547787130099,0.004158478730946132,0.45993216022643457,0.2604796458844799,0.4285761741836833,0.2823249197449755,-0.016677359884747923,-0.2513174297628867,0.30287165198832006,-0.4240688416694129,0.301913634966658,0.24497358262626848,0.3234349733820563,0.5289174892228853,-0.10508941718937816,-0.3153496370095889
0.3512047572871884,-0.0872160461016046,0.44430737089146316,0.2352978611523589,-0.6467962645663669,0.17420114805602546,-0.6174884809145903,-0.2139322532966444,-0.13623993565283724,0.054994227198262274,-0.01205487783345947,-0.22759597229601986,-0.33982699838332847,0.2391004510667766,0.4104487896828106,-0.22715407192422044,0.07387637602927555,0.1729438452344631,-0.8875212660818398,0.5741680924005648,0.570053184490433,-0.06191199998663632,-0.5898350026689047,-0.4557033898845791,-0.7321446842027375,0.5877358724522294,-0.1213547787130099,0.6995984421045325,-0.16785684853529875,-0.4472797465299818,-0.0841149874327207,-0.7139859049305148,0.7856419708376794,-0.6235544641938768,0.40116168833432564,-0.25335452040899437,0.0012926287623986372,-0.07330834796448851,-0.1887681889238173,-0.1041367050453374,-0.46453353756990834,0.1181771687690403,0.4814669507986121
0.07741628898514726,0.13172668673950777,-0.23244754861253417,-0.5145415099642611,-0.0031892049768274507,-0.5028872468680401,0.3172558249304958,0.008870096736941734,-0.0246235568202039,0.2746744135083197,-0.0861681667621859,0.5356584932446025,-1.727981696946558e-4,0.08897553270955315,-0.036523718304220264,-0.37507104566411525,-0.089976503088814,0.2580546203600306,0.32897912405829727,-0.4125993437866634,-0.22631346056935397,-0.13958489277771333,0.3755055927354661,-0.2429658712106821,-0.05929583676032681,-0.4839212183713675,0.004158478730946132,-0.16785684853529875,0.2768924353056105,0.20385631830962944,0.01731180791590119,-0.15141454665883597,-0.24641302557123337,0.46748145739663155,-0.34986547292186937,-0.20819355947261983,-0.11727618511138448,0.02971425775350045,0.3076794218296863,-0.13516548374262702,-0.04435074823189384,-0.10775279579885136,-0.2759715084101244
-0.4212650916342769,-0.23944134617515697,-1.255717386538191,0.4607822274602074,0.9825919965895644,-0.10807417967298809,0.23287116073645603,0.5120095752897046,-0.15144329291702488,0.4513276164910459,-0.7529499297684422,0.777423864313997,0.15804113774952522,0.16725714067054304,0.11482376447252837,0.7992659091685289,0.6040783117239886,-0.26933805958559454,1.3611236795494281,-0.08043703333377188,-1.000562703307177,0.11792366782657512,1.0561560586217453,-0.9419151531503586,-0.19741926254150266,-0.25359219428794266,0.45993216022643457,-0.4472797465299818,0.20385631830962944,1.0379185121878216,0.3543004141313923,0.39409259830706656,-0.25444688831398465,0.3328413103939386,-0.3882846408998028,-0.02765035134675817,-0.33942687619307893,0.5196416053989154,0.6965246021353143,-0.03352019054571835,0.8905755171026081,0.04509700128895388,-1.197268001199783
-0.09652121933557137,-0.1690975170629833,0.17404515130544165,-0.19546379464774735,0.17271998999382954,0.14043193286694594,-0.0798025037574945,0.09338347889666798,0.39664127775685226,0.5006646174738597,-0.31925510846717453,0.46184401822476795,0.31199774243851486,0.7034463385821247,0.16241908960011148,-0.17361347827765247,0.5549182093400485,-0.5536203026861969,0.5503400806629768,-0.12475389991424565,-0.2557197249147982,0.5785927662702606,-0.16798077255150182,-0.3360634431099229,-0.6480971073126017,-0.03454562552750163,0.2604796458844799,-0.0841149874327207,0.01731180791590119,0.3543004141313923,0.6907587097117117,-0.32833244306639225,0.005942618544768931,-0.14825721811724868,-0.17623085839151492,0.008948419723820144,-0.16778419683573834,0.17142530936406813,0.3139456880706223,-0.32112131272839095,0.14656910293744752,-0.5366401041913795,-0.38607276440917054
-1.6014066959051967,-0.8434443156195376,-0.7437095832790037,1.5671778468923676,0.8683704895772358,0.43474237781407415,0.5079224177027535,0.7129205034689722,0.2632554626518955,-1.2017434915495724,0.2389067912405929,-0.5674832609738911,0.20291809989829876,-1.2819717485477509,-0.17145754822044917,1.5091315891763222,0.04524510837913772,0.018157167942206075,1.093939251530008,0.21486338341648853,-0.21759612132417402,-0.6284788923479938,0.6405734361070669,0.8123056677379517,2.130274932933274,-0.133647445171153,0.4285761741836833,-0.7139859049305148,-0.15141454665883597,0.39409259830706656,-0.32833244306639225,2.1075601199214544,-0.26976758871075013,0.29275218068575803,-0.25640066734767913,1.1187988102243318,-0.27422379903043287,0.1886635112437829,-0.28438031717530193,1.184074666269718,1.1145213473096032,0.3761358768110425,-0.0382378361538299
-0.5661187947449109,-0.894657744866394,0.28281542896372447,1.2281655912959657,-0.6902112546138649,0.33146863846933483,-0.7294625268710893,0.20497514843669412,0.16704261294610404,-0.23969233073990387,-0.1376279716480414,-0.11030654131756565,-0.42063974176525454,0.06559113602408027,0.9003338447414104,0.24368986539499457,0.5157168810050294,0.31117548085311025,-0.4226969568182658,1.0132280469781443,0.7540613718859732,-0.4170072011732635,-0.5931992936073311,-0.8754926312928822,-0.3884313498044145,0.7561781980493835,0.2823249197449755,0.7856419708376794,-0.24641302557123337,-0.25444688831398465,0.005942618544768931,-0.26976758871075013,1.3891838080245298,-0.7903864935927803,0.24879280941944656,0.13657908940844452,-0.47194284029832667,0.14881933102015038,-0.14019986660579056,0.4274096148128528,-0.09860506842033218,0.0809631562390519,0.5619765595691384
-0.1213048031477063,0.28678266914487616,-0.45519888060515834,-0.8914871519853411,0.17633510742121716,-0.8904610963187702,0.8752373021026417,0.08949028071631898,0.03791620272502873,0.15412856158826704,0.09454454136896516,0.733071560119488,0.12318859673723946,-0.22940661997023484,-0.35376808842508933,-0.5050653068290972,-0.40327684569746797,0.4698085629996002,0.7357182958122999,-0.9328515089130451,-0.4386583335702296,-0.3607716894907396,0.7741395533471663,0.1836330812434134,0.6533702892779347,-1.0528682732591077,-0.016677359884747923,-0.6235544641938768,0.46748145739663155,0.3328413103939386,-0.14825721811724868,0.29275218068575803,-0.7903864935927803,1.1297565632289464,-0.6913890758892226,-0.11004219483670633,-0.10998184330921815,-0.025491245959518672,0.385252198633701,0.011255703144676568,0.05841650398740271,-0.1528782861507156,-0.3921771145469426
0.5741327599132837,0.285010663943037,0.2133603574580928,0.34074973468967057,-0.029134362032534812,0.5947107449944267,-0.5741499281087825,-0.25885149288486775,-0.3759824360731429,-0.1170396263286678,0.03154647970304683,-0.7775915123187886,-0.14070984940217005,0.010268783564713386,-0.0723194960173237,0.36671886378095614,-0.07489186916200183,-0.31121292523452976,-0.9072957984904426,0.5583297943213854,0.2186750846358555,0.30052186280827636,-0.4387747117299381,0.16088976731849383,-0.4307478001213002,0.7706886198253403,-0.2513174297628867,0.40116168833432564,-0.34986547292186937,-0.3882846408998028,-0.17623085839151492,-0.25640066734767913,0.24879280941944656,-0.6913890758892226,0.6997506462484978,-0.1208065610885623,0.409243360116239,-0.10143017709722263,-0.39785180173186496,-0.16022278635933004,-0.176911635149715,0.36437585244893395,0.279188915481808
-1.1519932111328626,-0.7649966366535453,0.21516454365751866,0.9588463233838708,0.1325544089787858,0.450912117735947,0.1390664512115228,0.37252535898985256,0.559794901593178,-0.8304455824016829,0.33568168626891165,-0.4749616046318961,0.19491650634591098,-0.5908353660086525,0.0676947677099442,0.6015849774077497,0.15037472493815127,-0.09834223672504765,0.45528738046399175,0.2350337821738262,0.2916071809751394,-0.2691252586816516,-0.21498842984573174,0.7017431646239287,1.2375006659584924,0.060513431454117216,0.30287165198832006,-0.25335452040899437,-0.20819355947261983,-0.02765035134675817,0.008948419723820144,1.1187988102243318,0.13657908940844452,-0.11004219483670633,-0.1208065610885623,0.8641527572674567,-0.24371819231533962,0.011847259370465263,-0.35437001092153236,0.7702049528007097,0.4512426722597316,-0.08480327120050013,0.4067696208952358
0.8642588034281653,0.7525108617736386,0.26379446804337314,-0.6153032952556257,0.07641606543669563,0.17884061746000463,-0.07643342193976935,-0.4183857497549793,-0.3314264749488179,0.0644280526038262,0.20390791872551906,-0.5247558004591448,0.06739912508125803,0.03932158943373688,-0.5062688618911128,-0.16072561935607665,-0.43228353943367653,-0.28754069198997734,-0.7067872995676473,-0.15897588524190084,-0.04300994194834216,0.4134560961028823,-0.20838680913267668,0.6357131686058857,-0.21437529042321965,0.1602168497261369,-0.4240688416694129,0.0012926287623986372,-0.11727618511138448,-0.33942687619307893,-0.16778419683573834,-0.27422379903043287,-0.47194284029832667,-0.10998184330921815,0.409243360116239,-0.24371819231533962,0.581909507990513,-0.24831908547639592,-0.2808959930942933,-0.4059294172681308,-0.3189569792261181,0.1643860440445338,0.11160729000981738
-0.31868089476211287,-0.29392797342464644,-0.6812749004871291,0.5832539194252231,0.4522917014815659,0.07135984261487781,-0.06151637608227069,0.32486149818586485,-0.10364908716353657,0.1798957375265811,-0.46122134072257626,0.33531617717540707,-0.008295705656521095,0.08079455206255495,0.23171681553220888,0.588759165052847,0.4396853493889769,-0.12138646406147413,0.624450572994553,0.22243772005809212,-0.41729668172872053,-8.704224987764328e-4,0.47258770765609626,-0.6949894088823251,-0.19771227095500582,0.08555081910417268,0.301913634966658,-0.07330834796448851,0.02971425775350045,0.5196416053989154,0.17142530936406813,0.1886635112437829,0.14881933102015038,-0.025491245959518672,-0.10143017709722263,0.011847259370465263,-0.24831908547639592,0.3261604928734161,0.33005197355512095,0.07082454999940835,0.5020935290141857,0.10083041712997241,-0.5604488628508171
0.03262257074948244,0.014918740444636511,-0.769815862247413,-0.232330480224268,0.39243178583559096,-0.44111638734255315,0.18729780407149652,0.21683923854299308,-0.13496834735305058,0.6862701552733004,-0.596841713390887,0.9466122223947261,0.03086905698701478,0.43539056176873914,0.1652894012082762,-0.005215246848072658,0.3769072409571489,0.002238438355616993,0.8360444836348747,-0.26895029857939967,-0.6728083911597174,0.08782587913274356,0.7209868036263719,-0.9907393239104542,-0.6175455852621434,-0.37270808340731376,0.24497358262626848,-0.1887681889238173,0.3076794218296863,0.6965246021353143,0.3139456880706223,-0.28438031717530193,-0.14019986660579056,0.385252198633701,-0.39785180173186496,-0.35437001092153236,-0.2808959930942933,0.33005197355512095,0.6865410203614077,-0.3012613709687137,0.31354242593010234,-0.12451887296014036,-0.8820914463290821
-1.2926846159458965,-0.9098478162516709,-0.13539239931607835,1.2883329225513567,-0.02757244944784303,0.20607071643674996,0.13550780407512966,0.47664706244634064,0.33148714935164736,-0.9557581713953286,0.2887375673516815,-0.36755906046304404,-0.10231930065266708,-0.8801622974753484,0.26849540455136034,0.7329356247887668,0.06187741406625244,0.395906805652429,0.3811406219977754,0.42361545778893206,0.394275067733773,-0.7695816732185117,0.05026920328197263,0.30619650052068204,1.3902180199387333,0.061747157465745196,0.3234349733820563,-0.1041367050453374,-0.13516548374262702,-0.03352019054571835,-0.32112131272839095,1.184074666269718,0.4274096148128528,0.011255703144676568,-0.16022278635933004,0.7702049528007097,-0.4059294172681308,0.07082454999940835,-0.3012613709687137,1.0081086191645805,0.4555284572862579,0.20339776873734058,0.4619467411672462
-0.9174403579589485,-0.5814456285699481,-1.2355074056351225,1.305672952407303,1.1278897293953372,0.3668923261509281,0.1287762247572072,0.6709956840413994,-0.08626696754968737,-0.19318687752579916,-0.5402621181812113,0.13324676382044573,0.15792338711460394,-0.36357994488123485,0.09888320195834781,1.4627590484891548,0.587383820962055,-0.3400806209708547,1.2828916974912734,0.3230120385954964,-0.7826206149228504,-0.07233876684312128,0.9207532600393453,-0.46830467715413443,0.5338138950416316,0.07755883163960947,0.5289174892228853,-0.46453353756990834,-0.04435074823189384,0.8905755171026081,0.14656910293744752,1.1145213473096032,-0.09860506842033218,0.05841650398740271,-0.176911635149715,0.4512426722597316,-0.3189569792261181,0.5020935290141857,0.31354242593010234,0.4555284572862579,1.1674552872345212,0.2988524303581575,-0.8755087445242878
0.16201817952271136,0.11489353349021626,-0.7837647233000568,0.7603996032575954,0.3834930297680208,0.19537024690339114,-0.19156074597822578,0.07016149073381617,-0.6923330388142288,-0.2970763835798534,-0.15118213205781755,-0.4531883563562163,-0.3097081842206402,-0.5606103758399588,-0.06274523870430798,0.8911334804244416,-0.1703377283962182,0.19434494733642851,-0.2728133480078164,0.48557803147268197,-0.18924442674321537,-0.33281247715232787,0.5138270539605796,-0.22481138594132233,0.1850210794925041,0.39039027895181616,-0.10508941718937816,0.1181771687690403,-0.10775279579885136,0.04509700128895388,-0.5366401041913795,0.3761358768110425,0.0809631562390519,-0.1528782861507156,0.36437585244893395,-0.08480327120050013,0.1643860440445338,0.10083041712997241,-0.12451887296014036,0.20339776873734058,0.2988524303581575,0.782380417177168,-0.16860316754132623
-0.1956893336099725,-0.24415941979307265,1.5714908873365572,-0.05050164671873772,-1.2631926495061452,0.18494754707881714,-0.20603967813163343,-0.36039099075289316,0.517518836103445,-0.861071751608661,0.9929768779681187,-0.9102619165486376,-0.1714104624168611,-0.4160209444310362,0.08355500890057488,-0.7844002673136026,-0.5504232681713455,0.4456215278752858,-1.297214008469591,0.22516330268139334,1.3961136054940106,-0.41204537405301417,-1.3377012044892127,1.1675411189769673,0.7501927033751702,0.2630356169289241,-0.3153496370095889,0.4814669507986121,-0.2759715084101244,-1.197268001199783,-0.38607276440917054,-0.0382378361538299,0.5619765595691384,-0.3921771145469426,0.279188915481808,0.4067696208952358,0.11160729000981738,-0.5604488628508171,-0.8820914463290821,0.4619467411672462,-0.8755087445242878,-0.16860316754132623,1.6235135670931764
