V1,V2,V3,V4,V5,V6,V7,V8,V9,V10,V11,V12,V13,V14,V15,V16,V17,V18,V19,V20,V21,V22,V23,V24,V25,V26,V27,V28,V29,V30,V31,V32,V33,V34,V35,V36,V37,V38,V39,V40,V41,V42,V43
42.82197034715973,82.995445418751,-82.18319878965916,110.97660054582887,48.533315562515064,100.28977660824833,222.87628469431277,-173.00594986011657,141.5302935556024,-15.503756040318622,167.7110455102103,270.9804492274202,15.202172072674792,8.092203270823456,175.22554256350787,109.09310467960623,195.43442936685662,197.4873747865122,-249.79640939333635,12.49170218474194,-49.902759385911764,14.36159472223896,74.52574977238686,105.66867897574512,55.2672767516028,-356.2225822627288,182.60641465229384,133.24279059069,84.86818179734784,-190.59606073423495,242.0729378331542,-127.96092666534196,102.38683405979971,-187.85110825122888,-31.814044944978168,294.86368042577294,-84.29076464924148,136.73372613959478,-69.28638715527828,106.89377253756605,-28.818868968675698,-58.37375621634087,-36.30929825466936
82.995445418751,164.78795819550422,-161.6609205159259,216.88635022472712,95.56831909733857,197.80933658516057,436.97913191177093,-338.5932941380718,275.34076179887455,-31.58387031108574,327.0612136438266,532.5553014675025,31.750087312329374,14.226191671785498,345.02475724282783,213.18131134442763,383.428428398629,388.15149583625924,-488.43824162408816,25.974082549851712,-99.58421313139563,27.55210214648561,147.1598557957176,206.55581935115373,106.80847390088746,-700.7215508164662,358.4490198266106,262.2840006378137,167.41026628568994,-373.91547911763337,474.9839538008015,-252.8653461691474,197.0535658555419,-369.48741734118215,-61.57375461786332,580.131593405484,-167.3130594965044,268.65502866461503,-135.73699584278765,211.68265081723104,-57.26121940237017,-114.6524879771063,-72.44027343569186
-82.18319878965916,-161.6609205159259,159.1631428898738,-214.0611983779222,-94.06496645463962,-194.55139377535738,-430.75253612320597,334.00394030283894,-272.2291986121674,30.687968969138804,-323.07365967551476,-524.4872485145576,-30.563273422693413,-14.644255334098032,-339.55784916735445,-210.41318935442015,-377.87721014484015,-382.25801494854204,481.9828711175396,-25.04727968163388,97.5096545067575,-27.383290706849333,-144.67115559325026,-203.8350538809381,-105.87861523462105,689.8802214515695,-353.1889364345014,-258.1615713923562,-164.65236974746708,368.5012731000981,-468.0877523104918,248.51465996169307,-195.6449051902064,363.77930380948396,60.991233735585396,-571.1088540681969,164.15153653005763,-264.611424767858,133.84724610856932,-207.8644991648367,56.16498955203642,112.9370786085622,70.94401049227967
110.97660054582887,216.88635022472712,-214.0611983779222,288.705199287097,126.1592915973682,261.46425005231663,580.4181008730901,-450.16674654880825,367.7686284245769,-40.75205245915865,435.8720830556087,706.2459221889052,40.31454193428702,20.424376307683183,456.73144386992675,283.8056962363982,508.8345790875258,514.7497819231105,-649.8863018244241,32.994164945299616,-130.52870899809318,37.31241107017267,194.41965186145333,275.29221826748096,143.17567173387755,-928.2155460822208,475.49057131163437,347.1343545875175,221.09667591140274,-496.4597912908664,630.2567611316525,-333.95969141111084,265.11360670405736,-489.5771631716988,-82.77271912633343,768.5439892008276,-220.36348407793025,356.30102936323783,-180.30174879465912,279.3626201206779,-75.16928454441027,-152.2324117277981,-94.79138892824271
48.533315562515064,95.56831909733857,-94.06496645463962,126.1592915973682,55.91759103426332,114.99452950022668,253.9427177200989,-196.99822726730167,160.24352732331138,-18.30059098503704,190.50256445787753,309.25938355232256,18.245048582444387,8.482938343207078,200.50546541686955,123.99640563027427,223.0300039629782,225.36187583266786,-284.1464568644649,15.03569747156675,-57.77338115350322,15.924580247193685,85.46387810484936,119.72889427189918,62.42543232267736,-407.3222459504321,208.4966548344577,152.58318209443607,97.50583192999774,-217.24617913422927,276.3085762482616,-146.75670313276143,115.0679514517617,-214.6703968066759,-35.62476360825324,337.0241923743931,-96.9173084012595,156.0590390485977,-78.99652033122013,122.56876163028011,-33.375956199343634,-66.45428390653844,-42.21987316049793
100.28977660824833,197.80933658516057,-194.55139377535738,261.46425005231663,114.99452950022668,237.8790432449827,526.3299310051458,-408.0332750166121,332.3431562794481,-37.657505295355975,394.52312867100994,641.0324234577355,37.60682309139818,17.672845003185902,415.0997404567456,257.00509704751863,461.7577923869021,467.2027540713706,-588.7503105862233,30.805246083317876,-119.38097907835034,33.37671542911829,176.91222815840544,248.97696479814394,129.16358915420525,-843.2659604078432,431.6147103593906,315.58587146630714,201.32484183409335,-450.296398384993,572.000581151604,-303.92330407782373,238.5591711515709,-444.65581170182105,-74.41477081888091,698.1008574612847,-200.84993096546472,323.40145157786736,-163.53189529559606,254.2685865220751,-68.73032579203851,-138.0225483328673,-86.85546836942385
222.87628469431277,436.97913191177093,-430.75253612320597,580.4181008730901,253.9427177200989,526.3299310051458,1167.3864469427767,-905.2103941665192,738.9014587571872,-82.40704486610584,876.0480792088111,1420.9133997658842,81.79616060829044,40.48356502435355,919.1744439799032,570.5580465038977,1023.5314552815244,1035.6447321749147,-1306.6413825424213,66.9151352046075,-263.17903178012557,74.80641411925873,391.42148887679923,553.4198633970142,287.4215404621764,-1867.7897089989576,956.5301496317643,698.6001950701859,445.098194868893,-998.6023098906398,1267.7979200982827,-672.4158450831858,531.8866699520869,-985.1202334640327,-166.15749081042162,1546.5101809314026,-443.95331375222895,716.8313027217156,-362.61070825631333,562.6220727549643,-151.4854873096343,-306.23932685137794,-191.1404983156344
-173.00594986011657,-338.5932941380718,334.00394030283894,-450.16674654880825,-196.99822726730167,-408.0332750166121,-905.2103941665192,702.044112537631,-573.2237450155487,63.77655445870905,-679.6007293442334,-1101.613470121131,-63.1858703282678,-31.607846574541057,-712.6118738081055,-442.51900595790227,-793.7078880186688,-802.9041451959062,1013.4060226450958,-51.735952969798305,203.88607151494196,-58.03178410710013,-303.4037088760524,-429.08606045352116,-223.1251761228529,1448.1456047145527,-741.7331644462388,-541.6655613659136,-345.1170661833853,774.2966041561606,-983.1295449870892,521.1634059186905,-412.94243915098895,763.7566272036785,128.86128587253685,-1198.9744472895513,343.9639272896672,-555.7706634565404,281.2214333429255,-435.93350898859023,117.42923293019582,237.3882344997207,148.14190856196282
141.5302935556024,275.34076179887455,-272.2291986121674,367.7686284245769,160.24352732331138,332.3431562794481,738.9014587571872,-573.2237450155487,468.97029780288597,-51.40938196870653,555.4043717200316,898.671691923112,50.61158024451371,26.57969513112223,580.8255586633061,361.5413322880868,647.5618995021138,655.0074459946495,-827.7410973241999,41.41175562026436,-165.48882090499228,47.79798857281522,247.09738824507411,350.8759295528976,182.7405638049254,-1180.6466365934646,605.0499449622409,441.40121409263287,280.93237115492775,-631.9478316600562,802.0539705201812,-424.41411561811634,338.77015531707593,-622.787609040848,-105.78910262575114,977.6074282881272,-279.8329685766537,453.38308176543995,-229.52058657314774,354.98644591705215,-95.32670414507896,-193.80203628496778,-120.08858753574667
-15.503756040318622,-31.58387031108574,30.687968969138804,-40.75205245915865,-18.30059098503704,-37.657505295355975,-82.40704486610584,63.77655445870905,-51.40938196870653,6.272657737943665,-61.35980104409807,-100.69645065618141,-6.456338968917351,-2.3051426683950273,-65.486675215156,-40.04573915831979,-72.46796522762911,-73.38400964905,91.85989474741572,-5.297221957793441,19.236703487331262,-4.986112018614939,-28.02634279311577,-38.645606548010996,-19.849139261098035,132.8480894024571,-67.79914778705385,-49.8287697464427,-31.952908062531588,70.55856873165794,-89.79718799760447,48.171525776253056,-36.34005866220354,69.9950624495831,11.316040555726728,-109.932125886251,32.00595223616655,-50.79936933657132,25.615446970719656,-40.33240342156814,11.05715901803382,21.606149778499162,14.070248822888566
167.7110455102103,327.0612136438266,-323.07365967551476,435.8720830556087,190.50256445787753,394.52312867100994,876.0480792088111,-679.6007293442334,555.4043717200316,-61.35980104409807,658.2225129797826,1065.7487618884363,60.5638904852289,31.081645166482993,689.2013827375833,428.4750479804885,768.0477743178083,776.7571247986639,-981.1472903032364,49.61634639082851,-196.78686111863513,56.35378605862158,293.3117280506591,415.47207315176246,216.3933852852528,-1400.777916245337,717.6956310836956,523.8845540012805,333.6735971172639,-749.285046127301,951.3275274929505,-503.7751257615466,400.74234803828415,-738.7911733140409,-124.96600614291933,1159.7354444193224,-332.27025123420947,537.6942658041498,-272.18817079069595,421.2683283509481,-113.40697533503128,-229.68828883657036,-142.97709417727518
270.9804492274202,532.5553014675025,-524.4872485145576,706.2459221889052,309.25938355232256,641.0324234577355,1420.9133997658842,-1101.613470121131,898.671691923112,-100.69645065618141,1065.7487618884363,1729.904622854499,100.19460282553798,48.743749362539226,1119.2879820909343,694.2396934387092,1245.917009612384,1260.862958143292,-1589.9919309693107,81.93860345572384,-320.9102318819768,90.84334489523829,476.7725710726136,673.377402865712,349.35089316153125,-2274.2036701028915,1164.4208049733309,850.6797419345611,542.1181945407551,-1215.5455258775314,1543.2757866489314,-819.0953024867794,646.2075274302302,-1199.4541941826255,-201.96257033533354,1883.0374982545616,-541.0302287691261,872.6946641806184,-441.33317601622514,685.4785594003756,-184.6453131852859,-372.8013853161542,-233.07898900440952
15.202172072674792,31.750087312329374,-30.563273422693413,40.31454193428702,18.245048582444387,37.60682309139818,81.79616060829044,-63.1858703282678,50.61158024451371,-6.456338968917351,60.5638904852289,100.19460282553798,6.785546885509631,1.9700611422280547,65.28665478144364,39.6110956130679,71.97988196752273,73.02436742612406,-90.9227121883323,5.545505816393004,-19.43220884027878,4.831602492350779,28.020707054433775,38.23834664774409,19.40135979812135,-132.30931117581943,67.37896653016696,49.66188212885864,31.912978212741574,-70.07935826494464,89.20286927896129,-48.198576366097285,35.355129314040276,-69.7050566632052,-11.076508393570844,109.50735444459963,-32.16616842495946,50.53335064513767,-25.404589218760737,40.44118609604561,-11.122266128210525,-21.485258754191616,-14.208678278648877
8.092203270823456,14.226191671785498,-14.644255334098032,20.424376307683183,8.482938343207078,17.672845003185902,40.48356502435355,-31.607846574541057,26.57969513112223,-2.3051426683950273,31.081645166482993,48.743749362539226,1.9700611422280547,2.1208889148276926,31.168483403496445,20.09152558507867,35.304899343397665,35.52575717624936,-45.849180107713046,1.627346209223722,-8.321291428550156,2.914035091012594,13.091460218969317,19.59236117762565,10.595348339011402,-63.631252135281514,32.90447969381883,23.671743326222867,14.875656971274285,-34.53756793304597,43.696773429618695,-22.42976150280204,20.035942893451146,-33.612382536076865,-6.199714703871011,52.700273624866796,-14.514136169572257,24.606331898419704,-12.588902487174515,18.647747230115648,-4.856134031042553,-10.579952074815107,-5.986769317449708
175.22554256350787,345.02475724282783,-339.55784916735445,456.73144386992675,200.50546541686955,415.0997404567456,919.1744439799032,-712.6118738081055,580.8255586633061,-65.486675215156,689.2013827375833,1119.2879820909343,65.28665478144364,31.168483403496445,724.5417725857457,448.9526707318268,806.2251905774029,815.7838479116855,-1028.3600635559735,53.44597851392012,-208.08773265347077,58.494284045299715,308.717418169953,435.1426898503775,225.7728444630955,-1472.0084985011872,753.5487470749885,550.7732952561261,351.20529060605804,-786.358942206766,998.6811731901523,-530.3601165824653,417.2638604273511,-776.2622306356375,-130.2530541296258,1218.6916003004426,-350.40477384100865,564.6717677897087,-285.55320456864507,443.7548726003021,-119.77725031333821,-241.08506268077858,-151.29000425204748
109.09310467960623,213.18131134442763,-210.41318935442015,283.8056962363982,123.99640563027427,257.00509704751863,570.5580465038977,-442.51900595790227,361.5413322880868,-40.04573915831979,428.4750479804885,694.2396934387092,39.6110956130679,20.09152558507867,448.9526707318268,278.9899536763112,500.1794384027379,506.0001038674631,-638.8528376481552,32.415827876058785,-128.2914216674766,36.68996962792866,191.10487184948138,270.63544477709377,140.75112448294547,-912.4120027128599,467.4001883988803,341.21718121937147,217.31888267405748,-488.02474957320067,619.5346660199076,-328.2668165745163,260.6391092157585,-481.2462523718174,-81.38329622562046,755.4649743136887,-216.60398368397685,350.24296649765387,-177.23597711865463,274.6050902298987,-73.8783729219753,-149.65005120051165,-93.15962830294251
195.43442936685662,383.428428398629,-377.87721014484015,508.8345790875258,223.0300039629782,461.7577923869021,1023.5314552815244,-793.7078880186688,647.5618995021138,-72.46796522762911,768.0477743178083,1245.917009612384,71.97988196752273,35.304899343397665,806.2251905774029,500.1794384027379,897.617051001074,908.0725226795104,-1145.569234937424,58.94542875583633,-231.05023614819163,65.39041987953138,343.3705024450945,484.8527085731762,251.93965529917577,-1638.207672948825,838.896349380216,612.8626212453128,390.63655043558043,-875.5583315683087,1111.8634585932518,-589.837478706959,465.9682567475223,-863.9423059868604,-145.38764156935136,1356.2885563485468,-389.44931478940964,628.5710355033419,-317.9917337859443,493.4042731783062,-133.05866982751866,-268.4126306289911,-167.9513837461427
197.4873747865122,388.15149583625924,-382.25801494854204,514.7497819231105,225.36187583266786,467.2027540713706,1035.6447321749147,-802.9041451959062,655.0074459946495,-73.38400964905,776.7571247986639,1260.862958143292,73.02436742612406,35.52575717624936,815.7838479116855,506.0001038674631,908.0725226795104,918.9998205049944,-1158.8648569046663,59.708956078069825,-233.8862332788108,66.22856987030805,347.49226614054163,490.8364228289655,254.61023105394415,-1657.5320867414873,848.6729110125552,619.9952398112988,395.09204183007824,-885.9627428532488,1124.7960231144107,-596.9992637995032,470.98328148587507,-874.222633849036,-147.22856131766406,1372.4536095141864,-394.3409353149793,636.0703905338605,-321.6588678994504,499.6363998419096,-134.56042133870994,-271.7348444782105,-169.85311638027392
-249.79640939333635,-488.43824162408816,481.9828711175396,-649.8863018244241,-284.1464568644649,-588.7503105862233,-1306.6413825424213,1013.4060226450958,-827.7410973241999,91.85989474741572,-981.1472903032364,-1589.9919309693107,-90.9227121883323,-45.849180107713046,-1028.3600635559735,-638.8528376481552,-1145.569234937424,-1158.8648569046663,1462.9534272390968,-74.42686682462329,294.01680171208767,-83.91030354520363,-437.7810927451398,-619.5980131846202,-322.23085717445366,2089.8861332356237,-1070.5199311614647,-781.6251714195115,-497.89855555634955,1117.6474207754052,-1418.945638431979,751.9862314003911,-596.5486485127207,1102.2581879271565,186.21232374352022,-1730.3484993078907,496.2362707519478,-802.1550789414666,405.9119724049479,-629.0298496079856,169.3291711869802,342.6878527531103,213.56260058814038
12.49170218474194,25.974082549851712,-25.04727968163388,32.994164945299616,15.03569747156675,30.805246083317876,66.9151352046075,-51.735952969798305,41.41175562026436,-5.297221957793441,49.61634639082851,81.93860345572384,5.545505816393004,1.627346209223722,53.44597851392012,32.415827876058785,58.94542875583633,59.708956078069825,-74.42686682462329,4.558194890546126,-15.914639431224181,3.9147010817088637,22.934381860991024,31.185537723449258,15.926347087618263,-108.32479765385479,55.181367713847216,40.6953840632412,26.18970675982423,-57.32293692629049,73.05699998102186,-39.42903232129025,28.976330101037636,-57.03986591666935,-8.999981984355703,89.60643042330994,-26.283024646711958,41.337045914872526,-20.810349947032158,33.018970731126224,-9.143856253801465,-17.53588446329376,-11.687063979209027
-49.902759385911764,-99.58421313139563,97.5096545067575,-130.52870899809318,-57.77338115350322,-119.38097907835034,-263.17903178012557,203.88607151494196,-165.48882090499228,19.236703487331262,-196.78686111863513,-320.9102318819768,-19.43220884027878,-8.321291428550156,-208.08773265347077,-128.2914216674766,-231.05023614819163,-233.8862332788108,294.01680171208767,-15.914639431224181,60.28510878147794,-16.443736584485283,-88.815473802261,-124.17093825712992,-64.14780720675962,422.51481066383064,-216.0337066270182,-158.22821726333046,-101.10314255768571,225.22522492553574,-286.23955495268143,152.61538058744298,-118.14835993131152,222.7453405274853,36.87018870864561,-349.75297735229447,101.0602418500837,-161.89188676031404,81.76966615319375,-127.74607752704483,34.671201011730595,69.03005631606973,43.91829330973315
14.36159472223896,27.55210214648561,-27.383290706849333,37.31241107017267,15.924580247193685,33.37671542911829,74.80641411925873,-58.03178410710013,47.79798857281522,-4.986112018614939,56.35378605862158,90.84334489523829,4.831602492350779,2.914035091012594,58.494284045299715,36.68996962792866,65.39041987953138,66.22856987030805,-83.91030354520363,3.9147010817088637,-16.443736584485283,5.014497003222343,24.82880392966932,35.824699150515734,18.62692267619413,-118.98542619708121,61.06004180609842,44.378654399862704,28.10705532471734,-63.95797918778516,80.96662591187253,-42.65969323503568,34.76088585741513,-62.832145512722185,-10.966240095362181,98.6124825060211,-28.076092364925206,45.81744163965465,-23.194938498355967,35.7478344454441,-9.43643496104903,-19.67521183805464,-11.827241925402229
74.52574977238686,147.1598557957176,-144.67115559325026,194.41965186145333,85.46387810484936,176.91222815840544,391.42148887679923,-303.4037088760524,247.09738824507411,-28.02634279311577,293.3117280506591,476.7725710726136,28.020707054433775,13.091460218969317,308.717418169953,191.10487184948138,343.3705024450945,347.49226614054163,-437.7810927451398,22.934381860991024,-88.815473802261,24.82880392966932,131.58612640798296,185.20111516840143,95.98392351816742,-627.1280079176862,320.95818479467994,234.6809321549548,149.6979381014441,-334.8868152737345,425.3457377181133,-226.07329356098185,177.28522504543054,-330.7026260541278,-55.35707623527714,519.2029401374887,-149.43956953465144,240.52381475936082,-121.59622219270263,189.18752776706148,-51.10586731420644,-102.67428016234787,-64.58686790119758
105.66867897574512,206.55581935115373,-203.8350538809381,275.29221826748096,119.72889427189918,248.97696479814394,553.4198633970142,-429.08606045352116,350.8759295528976,-38.645606548010996,415.47207315176246,673.377402865712,38.23834664774409,19.59236117762565,435.1426898503775,270.63544477709377,484.8527085731762,490.8364228289655,-619.5980131846202,31.185537723449258,-124.17093825712992,35.824699150515734,185.20111516840143,263.00919008972,136.44137605672037,-884.3677468124176,453.04051532784115,330.5457799576558,210.3077299843801,-473.373277747466,600.5110370776056,-318.1983484832811,252.96335394090485,-466.59130371024366,-79.30318849651657,732.4595112499233,-210.01990534009602,339.6744837970709,-171.7987354273438,266.4256043733585,-71.37371819499272,-145.3174308402975,-89.93998409416105
55.2672767516028,106.80847390088746,-105.87861523462105,143.17567173387755,62.42543232267736,129.16358915420525,287.4215404621764,-223.1251761228529,182.7405638049254,-19.849139261098035,216.3933852852528,349.35089316153125,19.40135979812135,10.595348339011402,225.7728444630955,140.75112448294547,251.93965529917577,254.61023105394415,-322.23085717445366,15.926347087618263,-64.14780720675962,18.62692267619413,95.98392351816742,136.44137605672037,71.38069403128007,-459.04426518832565,235.37834148475454,171.64377926213683,109.24757407780596,-245.77614951226624,312.04871403738713,-164.80619444920757,132.3779795157385,-242.10853353457688,-41.18015469929358,380.0166614617225,-108.51446204617332,176.27368964928053,-89.3336868706098,137.69390934206163,-37.03454668337033,-75.30089900518648,-46.621334844158746
-356.2225822627288,-700.7215508164662,689.8802214515695,-928.2155460822208,-407.3222459504321,-843.2659604078432,-1867.7897089989576,1448.1456047145527,-1180.6466365934646,132.8480894024571,-1400.777916245337,-2274.2036701028915,-132.30931117581943,-63.631252135281514,-1472.0084985011872,-912.4120027128599,-1638.207672948825,-1657.5320867414873,2089.8861332356237,-108.32479765385479,422.51481066383064,-118.98542619708121,-627.1280079176862,-884.3677468124176,-459.04426518832565,2990.715306282664,-1531.1361279490955,-1118.9742511970655,-713.4468927987621,1597.8654112924378,-2029.2559205839125,1077.3441753349355,-848.5527939271835,1577.166117559614,264.84490747273713,-2476.041330893891,711.6666235679722,-1147.3260408088522,580.263649492598,-901.3577442519719,243.2373963274662,489.8677351611037,307.17588881156206
182.60641465229384,358.4490198266106,-353.1889364345014,475.49057131163437,208.4966548344577,431.6147103593906,956.5301496317643,-741.7331644462388,605.0499449622409,-67.79914778705385,717.6956310836956,1164.4208049733309,67.37896653016696,32.90447969381883,753.5487470749885,467.4001883988803,838.896349380216,848.6729110125552,-1070.5199311614647,55.181367713847216,-216.0337066270182,61.06004180609842,320.95818479467994,453.04051532784115,235.37834148475454,-1531.1361279490955,784.0294744048932,572.8311675501305,365.1560251181811,-818.2539289281061,1039.1331092004712,-551.3410624054522,435.27147199189096,-807.462711542427,-135.80008792326552,1267.6299921670882,-364.0627942069662,587.4562564625219,-297.1800391810811,461.20289879016684,-124.40999953107004,-250.83822742866155,-157.05434836773955
133.24279059069,262.2840006378137,-258.1615713923562,347.1343545875175,152.58318209443607,315.58587146630714,698.6001950701859,-541.6655613659136,441.40121409263287,-49.8287697464427,523.8845540012805,850.6797419345611,49.66188212885864,23.671743326222867,550.7732952561261,341.21718121937147,612.8626212453128,619.9952398112988,-781.6251714195115,40.6953840632412,-158.22821726333046,44.378654399862704,234.6809321549548,330.5457799576558,171.64377926213683,-1118.9742511970655,572.8311675501305,418.7450859974156,267.0901746399153,-597.650768537245,759.1743002650343,-403.1404235943358,317.1240585164788,-590.0404459198337,-98.8733663876545,926.330978348338,-266.3205003600454,429.17779697024304,-217.07183460379014,337.21510041743966,-91.12892172484952,-183.1699772733251,-115.12288358487572
84.86818179734784,167.41026628568994,-164.65236974746708,221.09667591140274,97.50583192999774,201.32484183409335,445.098194868893,-345.1170661833853,280.93237115492775,-31.952908062531588,333.6735971172639,542.1181945407551,31.912978212741574,14.875656971274285,351.20529060605804,217.31888267405748,390.63655043558043,395.09204183007824,-497.89855555634955,26.18970675982423,-101.10314255768571,28.10705532471734,149.6979381014441,210.3077299843801,109.24757407780596,-713.4468927987621,365.1560251181811,267.0901746399153,170.4920759425589,-380.798700640967,483.9186009253563,-257.13944444398834,201.6223237139818,-376.1376145085604,-62.74927778480654,590.5306367367158,-169.91396662424492,273.51862113292776,-138.34470525020396,215.0202276247688,-58.265893015697614,-116.64727405322964,-73.66344831322837
-190.59606073423495,-373.91547911763337,368.5012731000981,-496.4597912908664,-217.24617913422927,-450.296398384993,-998.6023098906398,774.2966041561606,-631.9478316600562,70.55856873165794,-749.285046127301,-1215.5455258775314,-70.07935826494464,-34.53756793304597,-786.358942206766,-488.02474957320067,-875.5583315683087,-885.9627428532488,1117.6474207754052,-57.32293692629049,225.22522492553574,-63.95797918778516,-334.8868152737345,-473.373277747466,-245.77614951226624,1597.8654112924378,-818.2539289281061,-597.650768537245,-380.798700640967,854.2344408452601,-1084.5136868156999,575.3074081241211,-454.77555405376165,842.7544476714733,142.09105758711812,-1323.0235647700483,379.8816217243436,-613.2219002170781,310.17631437655945,-481.3971085695866,129.62428039953826,261.9752121862634,163.57292447252144
242.0729378331542,474.9839538008015,-468.0877523104918,630.2567611316525,276.3085762482616,572.000581151604,1267.7979200982827,-983.1295449870892,802.0539705201812,-89.79718799760447,951.3275274929505,1543.2757866489314,89.20286927896129,43.696773429618695,998.6811731901523,619.5346660199076,1111.8634585932518,1124.7960231144107,-1418.945638431979,73.05699998102186,-286.23955495268143,80.96662591187253,425.3457377181133,600.5110370776056,312.04871403738713,-2029.2559205839125,1039.1331092004712,759.1743002650343,483.9186009253563,-1084.5136868156999,1377.2511294291498,-730.6502170431194,577.1030622315476,-1070.157494428308,-180.04143674196365,1680.0247320797669,-482.42926963062706,778.5926339293355,-393.8886657161301,611.1814971150727,-164.8489085087881,-332.4587627175332,-208.08777867582808
-127.96092666534196,-252.8653461691474,248.51465996169307,-333.95969141111084,-146.75670313276143,-303.92330407782373,-672.4158450831858,521.1634059186905,-424.41411561811634,48.171525776253056,-503.7751257615466,-819.0953024867794,-48.198576366097285,-22.42976150280204,-530.3601165824653,-328.2668165745163,-589.837478706959,-596.9992637995032,751.9862314003911,-39.42903232129025,152.61538058744298,-42.65969323503568,-226.07329356098185,-318.1983484832811,-164.80619444920757,1077.3441753349355,-551.3410624054522,-403.1404235943358,-257.13944444398834,575.3074081241211,-730.6502170431194,388.42750996956465,-304.40858323862824,568.1329616792997,95.11325062918459,-891.9757210304471,256.80194351917595,-413.21056477662495,208.86646976244998,-325.1080318404323,87.78696613477327,176.41519412193736,110.9485249090733
102.38683405979971,197.0535658555419,-195.6449051902064,265.11360670405736,115.0679514517617,238.5591711515709,531.8866699520869,-412.94243915098895,338.77015531707593,-36.34005866220354,400.74234803828415,646.2075274302302,35.355129314040276,20.035942893451146,417.2638604273511,260.6391092157585,465.9682567475223,470.98328148587507,-596.5486485127207,28.976330101037636,-118.14835993131152,34.76088585741513,177.28522504543054,252.96335394090485,132.3779795157385,-848.5527939271835,435.27147199189096,317.1240585164788,201.6223237139818,-454.77555405376165,577.1030622315476,-304.40858323862824,245.8818080181971,-447.6412022418812,-76.62495415692798,702.5884453334091,-200.3101567915922,326.0455783387012,-165.26392471420735,254.39449809635548,-68.1773165112281,-139.41194954735414,-85.71935950539233
-187.85110825122888,-369.48741734118215,363.77930380948396,-489.5771631716988,-214.6703968066759,-444.65581170182105,-985.1202334640327,763.7566272036785,-622.787609040848,69.9950624495831,-738.7911733140409,-1199.4541941826255,-69.7050566632052,-33.612382536076865,-776.2622306356375,-481.2462523718174,-863.9423059868604,-874.222633849036,1102.2581879271565,-57.03986591666935,222.7453405274853,-62.832145512722185,-330.7026260541278,-466.59130371024366,-242.10853353457688,1577.166117559614,-807.462711542427,-590.0404459198337,-376.1376145085604,842.7544476714733,-1070.157494428308,568.1329616792997,-447.6412022418812,831.7649137587956,139.80152571913004,-1305.8110965104006,375.3018597741329,-605.1078679239536,306.0146753041815,-475.39140853802036,128.19743420530241,258.4129539854609,161.874626046065
-31.814044944978168,-61.57375461786332,60.991233735585396,-82.77271912633343,-35.62476360825324,-74.41477081888091,-166.15749081042162,128.86128587253685,-105.78910262575114,11.316040555726728,-124.96600614291933,-201.96257033533354,-11.076508393570844,-6.199714703871011,-130.2530541296258,-81.38329622562046,-145.38764156935136,-147.22856131766406,186.21232374352022,-8.999981984355703,36.87018870864561,-10.966240095362181,-55.35707623527714,-79.30318849651657,-41.18015469929358,264.84490747273713,-135.80008792326552,-98.8733663876545,-62.74927778480654,142.09105758711812,-180.04143674196365,95.11325062918459,-76.62495415692798,139.80152571913004,24.1121623256971,-219.4357243766216,62.68389158814957,-101.86722632304316,51.54490110932628,-79.67919721669301,21.170983978368202,43.672858122437255,26.60081189575444
294.86368042577294,580.131593405484,-571.1088540681969,768.5439892008276,337.0241923743931,698.1008574612847,1546.5101809314026,-1198.9744472895513,977.6074282881272,-109.932125886251,1159.7354444193224,1883.0374982545616,109.50735444459963,52.700273624866796,1218.6916003004426,755.4649743136887,1356.2885563485468,1372.4536095141864,-1730.3484993078907,89.60643042330994,-349.75297735229447,98.6124825060211,519.2029401374887,732.4595112499233,380.0166614617225,-2476.041330893891,1267.6299921670882,926.330978348338,590.5306367367158,-1323.0235647700483,1680.0247320797669,-891.9757210304471,702.5884453334091,-1305.8110965104006,-219.4357243766216,2050.035936585697,-589.2581133733543,949.9636510572268,-480.39936219279474,746.3869678290247,-201.28543882159525,-405.68188321758225,-254.17490260554717
-84.29076464924148,-167.3130594965044,164.15153653005763,-220.36348407793025,-96.9173084012595,-200.84993096546472,-443.95331375222895,343.9639272896672,-279.8329685766537,32.00595223616655,-332.27025123420947,-541.0302287691261,-32.16616842495946,-14.514136169572257,-350.40477384100865,-216.60398368397685,-389.44931478940964,-394.3409353149793,496.2362707519478,-26.283024646711958,101.0602418500837,-28.076092364925206,-149.43956953465144,-210.01990534009602,-108.51446204617332,711.6666235679722,-364.0627942069662,-266.3205003600454,-169.91396662424492,379.8816217243436,-482.42926963062706,256.80194351917595,-200.3101567915922,375.3018597741329,62.68389158814957,-589.2581133733543,169.92364255866718,-272.91792589880987,137.86987578875957,-215.04618070012086,58.07303587022663,116.5294516869234,73.44349753700281
136.73372613959478,268.65502866461503,-264.611424767858,356.30102936323783,156.0590390485977,323.40145157786736,716.8313027217156,-555.7706634565404,453.38308176543995,-50.79936933657132,537.6942658041498,872.6946641806184,50.53335064513767,24.606331898419704,564.6717677897087,350.24296649765387,628.5710355033419,636.0703905338605,-802.1550789414666,41.337045914872526,-161.89188676031404,45.81744163965465,240.52381475936082,339.6744837970709,176.27368964928053,-1147.3260408088522,587.4562564625219,429.17779697024304,273.51862113292776,-613.2219002170781,778.5926339293355,-413.21056477662495,326.0455783387012,-605.1078679239536,-101.86722632304316,949.9636510572268,-272.91792589880987,440.25803564052353,-222.65826314670616,345.77627304878024,-93.16480710055721,-188.05564990124205,-117.6034631654041
-69.28638715527828,-135.73699584278765,133.84724610856932,-180.30174879465912,-78.99652033122013,-163.53189529559606,-362.61070825631333,281.2214333429255,-229.52058657314774,25.615446970719656,-272.18817079069595,-441.33317601622514,-25.404589218760737,-12.588902487174515,-285.55320456864507,-177.23597711865463,-317.9917337859443,-321.6588678994504,405.9119724049479,-20.810349947032158,81.76966615319375,-23.194938498355967,-121.59622219270263,-171.7987354273438,-89.3336868706098,580.263649492598,-297.1800391810811,-217.07183460379014,-138.34470525020396,310.17631437655945,-393.8886657161301,208.86646976244998,-165.26392471420735,306.0146753041815,51.54490110932628,-480.39936219279474,137.86987578875957,-222.65826314670616,112.66235960796806,-174.69485371429624,47.1031350354202,95.08050812171267,59.440922923953295
106.89377253756605,211.68265081723104,-207.8644991648367,279.3626201206779,122.56876163028011,254.2685865220751,562.6220727549643,-435.93350898859023,354.98644591705215,-40.33240342156814,421.2683283509481,685.4785594003756,40.44118609604561,18.647747230115648,443.7548726003021,274.6050902298987,493.4042731783062,499.6363998419096,-629.0298496079856,33.018970731126224,-127.74607752704483,35.7478344454441,189.18752776706148,266.4256043733585,137.69390934206163,-901.3577442519719,461.20289879016684,337.21510041743966,215.0202276247688,-481.3971085695866,611.1814971150727,-325.1080318404323,254.39449809635548,-475.39140853802036,-79.67919721669301,746.3869678290247,-215.04618070012086,345.77627304878024,-174.69485371429624,272.2771490728106,-73.39098521924679,-147.71110315696833,-92.75504973386184
-28.818868968675698,-57.26121940237017,56.16498955203642,-75.16928454441027,-33.375956199343634,-68.73032579203851,-151.4854873096343,117.42923293019582,-95.32670414507896,11.05715901803382,-113.40697533503128,-184.6453131852859,-11.122266128210525,-4.856134031042553,-119.77725031333821,-73.8783729219753,-133.05866982751866,-134.56042133870994,169.3291711869802,-9.143856253801465,34.671201011730595,-9.43643496104903,-51.10586731420644,-71.37371819499272,-37.03454668337033,243.2373963274662,-124.40999953107004,-91.12892172484952,-58.265893015697614,129.62428039953826,-164.8489085087881,87.78696613477327,-68.1773165112281,128.19743420530241,21.170983978368202,-201.28543882159525,58.07303587022663,-93.16480710055721,47.1031350354202,-73.39098521924679,19.989542589583397,39.678417375001416,25.32015703920067
-58.37375621634087,-114.6524879771063,112.9370786085622,-152.2324117277981,-66.45428390653844,-138.0225483328673,-306.23932685137794,237.3882344997207,-193.80203628496778,21.606149778499162,-229.68828883657036,-372.8013853161542,-21.485258754191616,-10.579952074815107,-241.08506268077858,-149.65005120051165,-268.4126306289911,-271.7348444782105,342.6878527531103,-17.53588446329376,69.03005631606973,-19.67521183805464,-102.67428016234787,-145.3174308402975,-75.30089900518648,489.8677351611037,-250.83822742866155,-183.1699772733251,-116.64727405322964,261.9752121862634,-332.4587627175332,176.41519412193736,-139.41194954735414,258.4129539854609,43.672858122437255,-405.68188321758225,116.5294516869234,-188.05564990124205,95.08050812171267,-147.71110315696833,39.678417375001416,80.39891333331435,50.058289005602404
-36.30929825466936,-72.44027343569186,70.94401049227967,-94.79138892824271,-42.21987316049793,-86.85546836942385,-191.1404983156344,148.14190856196282,-120.08858753574667,14.070248822888566,-142.97709417727518,-233.07898900440952,-14.208678278648877,-5.986769317449708,-151.29000425204748,-93.15962830294251,-167.9513837461427,-169.85311638027392,213.56260058814038,-11.687063979209027,43.91829330973315,-11.827241925402229,-64.58686790119758,-89.93998409416105,-46.621334844158746,307.17588881156206,-157.05434836773955,-115.12288358487572,-73.66344831322837,163.57292447252144,-208.08777867582808,110.9485249090733,-85.71935950539233,161.874626046065,26.60081189575444,-254.17490260554717,73.44349753700281,-117.6034631654041,59.440922923953295,-92.75504973386184,25.32015703920067,50.058289005602404,32.10293687146285
