V1,V2,V3,V4,V5,V6,V7,V8,V9,V10,V11,V12,V13,V14,V15,V16,V17,V18,V19,V20,V21,V22,V23,V24,V25,V26,V27,V28,V29,V30,V31,V32,V33,V34,V35,V36,V37,V38,V39,V40,V41,V42,V43
46.51577467565281,-20.53567555006093,-28.39344361747239,-40.242481510464565,47.65124825314986,-0.5607088508607726,-12.238002870924321,-26.168019003402414,23.246248148089133,-130.86814775216703,13.786699275637273,25.591781244680156,-28.18046683569719,37.23476231831867,9.175885944976644,-18.057471658250538,-108.22527474175529,-9.613412506056985,-33.32482541010465,-34.274695623656385,-60.92714821498624,-17.48591854627174,-23.790603055858597,-120.00789822249321,31.547392289872704,-23.15814927696016,-32.754647018708596,4.729553163800998,-64.43738358658855,-56.45725697293718,75.77095269772137,44.18109017419785,-0.6209609159101578,10.848708040778662,17.21954631813963,-20.799555162503204,46.26831721450574,-12.6805950483667,67.95898299193979,-24.837225804948844,-5.32731484978342,-52.19968454633267,70.45747486946716
-20.53567555006093,9.316990043916233,12.456821651502938,17.731994560330055,-21.03470332455198,0.22270830492740765,5.549592083341222,11.836356108547943,-10.448370968795253,57.25624115201593,-6.3827412394677685,-11.054742885247236,11.984250374108809,-16.259990089984555,-4.011065489238466,7.310824206613469,47.491758671719325,4.07344378834241,14.925073823669987,15.218049916269553,26.507618407641726,7.882273686752221,9.956947845635174,52.29984042458493,-14.063193868036375,10.418853282552101,14.236623353336133,-1.8826696020173528,28.639988240944465,24.807822649396314,-33.05410597506481,-19.25285786313759,0.33947219621861197,-4.779163698035532,-7.72748938713663,9.19869771388276,-20.46504436631461,5.8515777140041685,-29.3600621087892,10.687770046064868,2.6782934580976,22.472580831825745,-31.423997729578268
-28.39344361747239,12.456821651502938,17.505018307079496,24.613468258434285,-29.067281324969525,0.31543100716204275,7.413179372307386,15.76087192709514,-14.177338843345444,79.93024895399637,-8.335943374782973,-15.611877350515805,17.297837915315654,-22.67425671328577,-5.612130524333223,11.322560003920467,66.12405641531338,5.983824409035298,20.231331498504904,20.803942187575824,37.36508833904352,10.458949513799993,14.752366649933705,73.34552983698778,-19.24193116536215,13.926661159965986,20.048137723947647,-3.0843068578094655,39.184622455908816,34.58816871383315,-46.412105661518076,-27.036691956584484,0.29296398230360626,-6.725831621452963,-10.350751750728435,12.80853027422196,-28.251906948815634,7.81081248387548,-41.63513388635292,15.228127923425397,3.0460165615016,31.96456372690993,-42.922226029676736
-40.242481510464565,17.731994560330055,24.613468258434285,34.963809865284446,-41.42374638966386,0.5333801937151912,10.58640037358586,22.532040992299585,-20.04959907469892,113.59858087522171,-11.580893740331184,-22.35139815109701,24.745379999254695,-32.169672549263375,-7.782467568314176,16.141919181328404,93.92702327987115,8.32412065196063,28.696176416025544,29.698522654085334,53.1258630816149,15.038063247514115,20.919148321130194,104.4149307806712,-27.469244148119692,19.96431019203433,28.39030459132143,-4.114100278365214,55.64702575609269,48.97309319391124,-65.86318830762995,-38.42987064151962,0.5357136100136252,-9.43706605490741,-14.782097300226704,18.162824763001694,-40.20742354252225,10.878140470539181,-59.24447005256333,21.56133365756993,4.450884067796744,45.514919954624496,-60.82511355499105
47.65124825314986,-21.03470332455198,-29.067281324969525,-41.42374638966386,49.13097125642962,-0.6655012023634105,-12.572858263163207,-26.778493233877455,23.732483439060438,-134.59250099898117,13.649298190520847,26.529392818797085,-29.338969456729274,38.085635879262156,9.155155310036724,-19.07825055458499,-111.25695827649662,-9.785315817061095,-34.0085521272773,-35.263798323137,-62.926084544673735,-17.907389337368645,-24.722654046968312,-123.74533410202166,32.598866168123735,-23.75052156139193,-33.59257536989332,4.755401397176378,-65.95245693842604,-57.95294431302025,77.97326129078591,45.52350392180118,-0.6827777568750812,11.130581826986642,17.559080809562545,-21.499152079420078,47.65623970958423,-12.82611253634302,70.17463838031765,-25.502674565951036,-5.356408410844559,-53.920685735900555,72.03868442440725
-0.5607088508607726,0.22270830492740765,0.31543100716204275,0.5333801937151912,-0.6655012023634105,0.044713714129800214,0.1479153116261824,0.3174192290582657,-0.2319364676292837,1.7848285989904618,-0.011094490366238337,-0.42624616077408645,0.49831435509917854,-0.45775703511312255,-0.04952606418103083,0.38751248116957177,1.4219463741932057,0.0964568021174765,0.3642871123863435,0.47957804918269403,0.8823553981765628,0.23731418980402805,0.39978337820502885,1.7292219187619389,-0.43674884381464313,0.3131368930298658,0.42395134713436505,-0.014614342815289425,0.7693685561032846,0.6966692471925984,-1.0170357861764008,-0.6225082425074847,0.02783192403754597,-0.11095835144103641,-0.2027261398469801,0.2718203080772899,-0.6090091620249409,0.06061689987045289,-1.0123300971467868,0.3380524146026249,0.04569892793411597,0.7974583767571856,-0.7826828272368695
-12.238002870924321,5.549592083341222,7.413179372307386,10.58640037358586,-12.572858263163207,0.1479153116261824,3.312277974828265,7.064283237666119,-6.213240350717538,34.18597547628622,-3.750414705814781,-6.625320580815895,7.185956850421571,-9.682036694596732,-2.3644721369088164,4.398747022293471,28.334657747408688,2.4138630204679017,8.887516998913544,9.101798065724886,15.841644668772172,4.713445433836434,5.958115629940476,31.253206325885884,-8.408202304879214,6.230918918031122,8.487259962908434,-1.0976108611448918,17.07155637467888,14.785848008752334,-19.72251273721165,-11.50020247623216,0.2115499694483106,-2.8397998703178873,-4.606289015537763,5.491322750727242,-12.214982194046193,3.4616730408728955,-17.547030174897408,6.373941750222846,1.6021210542851105,13.435905029309605,-18.710507789937225
-26.168019003402414,11.836356108547943,15.76087192709514,22.532040992299585,-26.778493233877455,0.3174192290582657,7.064283237666119,15.200042878530965,-13.262228029524506,73.01782524774649,-8.168850337476062,-14.119952486994015,15.220703628563461,-20.794760206483954,-5.160261897051583,9.116316658972725,60.439193266931404,5.147000876309184,19.08269678895439,19.49354851196359,33.641505121298,10.206526099024698,12.572987409837568,66.62354211820818,-17.829349989517045,13.4347217836767,18.157557783243174,-2.2838068859504395,36.58863908565249,31.496833883871478,-42.001692779795306,-24.50683158656173,0.47594106476140285,-5.980356287194622,-9.966576380379802,11.5648688430329,-25.971230459046208,7.340618199150631,-37.34794470310484,13.635068612099111,3.546267776115757,28.627828551816563,-40.022982799519156
23.246248148089133,-10.448370968795253,-14.177338843345444,-20.04959907469892,23.732483439060438,-0.2319364676292837,-6.213240350717538,-13.262228029524506,11.786032227224887,-64.86082576536062,7.224149628991049,12.51142386881572,-13.618390065315872,18.457026201345858,4.613504537639187,-8.41926108557917,-53.77035783504211,-4.708844300927693,-16.83158327058851,-17.135324169945015,-30.05105485463458,-8.817271784931972,-11.415670410304134,-59.24350187801535,15.807210476174138,-11.673516008646361,-16.18959015859386,2.2672273361929838,-32.335813255016184,-28.123528156488256,37.496296323473146,21.82709697772364,-0.3298056493103513,5.436462571628665,8.684855417410665,-10.392389802841123,23.09413248745543,-6.604852872680892,33.338794091547506,-12.18704856961596,-2.902503335816015,-25.53360594470663,35.483498947437106
-130.86814775216703,57.25624115201593,79.93024895399637,113.59858087522171,-134.59250099898117,1.7848285989904618,34.18597547628622,73.01782524774649,-64.86082576536062,370.2133310571839,-37.37983675323588,-73.08320359769729,81.09117517033344,-105.13272219572228,-25.492299834332275,53.171300051945465,305.79893355935724,27.28095170087733,93.09749392119215,96.4987074332855,173.08583046599358,48.901946947248696,68.67493211728481,340.50663362170525,-88.92795469804953,64.82229373283305,92.70379590262613,-13.546948125337808,180.81484662471797,159.25413035115324,-214.62737018655667,-125.2837755726365,1.7219567003264649,-30.53628387307681,-48.10156701815118,58.75738593078393,-130.54308784461796,34.784695528705775,-193.55385335185562,70.5820279509972,14.142530891433555,148.88614392833708,-197.3216032505094
13.786699275637273,-6.3827412394677685,-8.335943374782973,-11.580893740331184,13.649298190520847,-0.011094490366238337,-3.750414705814781,-8.168850337476062,7.224149628991049,-37.37983675323588,5.152957388196595,6.826047117207297,-7.072849120759011,10.901132244745305,3.0444182839851144,-3.6306583678238615,-31.114332618581653,-2.7249766847968,-10.345564691341353,-10.071416146932014,-16.789916088038318,-5.423133653616421,-5.832143580629838,-33.52081131954718,9.079170948069267,-7.101160609146898,-9.378667280150555,1.258620642988885,-19.439564237679168,-16.38989149871178,21.411908831731264,12.38774312330882,-0.19953584973979593,3.1540883916665474,5.397689450223828,-5.8678635379735145,13.343829786128769,-4.295666503706463,18.50105085200372,-6.9344861391425585,-2.1632727443928292,-14.094103933479467,21.470617522137623
25.591781244680156,-11.054742885247236,-15.611877350515805,-22.35139815109701,26.529392818797085,-0.42624616077408645,-6.625320580815895,-14.119952486994015,12.51142386881572,-73.08320359769729,6.826047117207297,14.671323261782591,-16.472559715143273,20.683827078726683,4.847901675221121,-11.171008498971823,-60.26104157358537,-5.380898549985032,-17.999413715531993,-18.921898053129212,-34.41140718642326,-9.501622144485825,-13.984300589730202,-67.57686816009075,17.488616015425798,-12.603495024762609,-18.294914234382823,2.6832508652784424,-35.225810893087754,-31.271583698790256,42.45143212121788,24.82948840173248,-0.35034902347538427,5.96542769953017,9.314079067336134,-11.5774328085661,25.68666889388247,-6.4934103805347245,38.63895179335439,-14.017456100449136,-2.5159460532985527,-29.791972255936308,38.30631691186198
-28.18046683569719,11.984250374108809,17.297837915315654,24.745379999254695,-29.338969456729274,0.49831435509917854,7.185956850421571,15.220703628563461,-13.618390065315872,81.09117517033344,-7.072849120759011,-16.472559715143273,18.765072769805286,-22.902545824053373,-5.254868749488555,13.230752029058971,66.82733968950836,6.077336282248859,19.543934599506343,20.734316874848453,38.50819680803919,10.223867336160817,16.086105048535682,75.34223871502294,-19.295326318746003,13.613857349557824,20.350799552730614,-3.171445142201504,38.543288869604496,34.651072093794056,-47.31472343421327,-27.677584818002078,0.3278488287999264,-6.648738890155556,-10.054874615743694,12.89414620648605,-28.427497947321104,6.919402185444428,-43.38353166960992,15.697693223544446,2.3546576065615707,33.50117713993223,-41.86769588976751
37.23476231831867,-16.259990089984555,-22.67425671328577,-32.169672549263375,38.085635879262156,-0.45775703511312255,-9.682036694596732,-20.794760206483954,18.457026201345858,-105.13272219572228,10.901132244745305,20.683827078726683,-22.902545824053373,30.083879455518375,7.423179151397211,-14.858016057092424,-86.85715369018514,-7.808649443084108,-26.546919743976815,-27.347639050075298,-48.96820436204242,-13.960380531721816,-19.402205198851025,-96.56524237061745,25.078571539246255,-18.43953483704211,-26.406051237515864,3.896777321539786,-51.485026134935985,-45.21997048803224,60.92287715976643,35.52803248109826,-0.4862456002315563,8.63454420481698,13.78153485104467,-16.532281142948005,36.98065967010922,-9.867857047893379,54.88869912649063,-20.113205272294326,-4.053924067374049,-42.244981607766405,56.174366439718945
9.175885944976644,-4.011065489238466,-5.612130524333223,-7.782467568314176,9.155155310036724,-0.04952606418103083,-2.3644721369088164,-5.160261897051583,4.613504537639187,-25.492299834332275,3.0444182839851144,4.847901675221121,-5.254868749488555,7.423179151397211,2.010113498595516,-3.181546061691413,-21.077571111396946,-1.9624435897487131,-6.652551589741131,-6.648649576487965,-11.662416609625108,-3.454072822435644,-4.48412405917964,-23.14697907535946,5.975515710030521,-4.543925036854815,-6.465547350372789,1.0138451611303398,-12.741925774291886,-11.046415210635365,14.714121080570413,8.54490440123133,-0.0831592385222141,2.1123847732536976,3.45783505225013,-3.9312769150476745,8.906571445623928,-2.575468065444872,13.059016957033267,-4.895095854330553,-1.1022035254596385,-10.033551213511968,13.956397682943535
-18.057471658250538,7.310824206613469,11.322560003920467,16.141919181328404,-19.07825055458499,0.38751248116957177,4.398747022293471,9.116316658972725,-8.41926108557917,53.171300051945465,-3.6306583678238615,-11.171008498971823,13.230752029058971,-14.858016057092424,-3.181546061691413,10.290560244128697,43.72125901837231,4.181769567147895,11.986073777358532,13.12384871915294,25.896983101888367,6.07892583853468,11.640354629643756,50.08672386039525,-12.469982121795214,8.220072876048924,13.426496296177971,-2.4449900530304096,24.21748581274366,22.633128847916822,-31.415494516657883,-18.39686368458435,0.09035285529242258,-4.424837811825846,-6.030011766390171,8.57557190701581,-18.497575746084383,4.013457504069254,-29.40516810231881,10.552273908770182,0.7145949071297483,22.796811612018473,-26.216138352350594
-108.22527474175529,47.491758671719325,66.12405641531338,93.92702327987115,-111.25695827649662,1.4219463741932057,28.334657747408688,60.439193266931404,-53.77035783504211,305.79893355935724,-31.114332618581653,-60.26104157358537,66.82733968950836,-86.85715369018514,-21.077571111396946,43.72125901837231,252.7680552681976,22.525297574299504,77.06195309307893,79.72960377611233,142.96672463223595,40.41035145538148,56.573714149109534,281.18114792518196,-73.60764876658074,53.57737303836832,76.55290844789842,-11.204552028419737,149.56426976500424,131.70350739809854,-177.34898763157256,-103.46858896986654,1.4228872805404702,-25.31526798023127,-39.77933591292576,48.66087986865581,-108.01018490940828,28.966503416721444,-159.75045149280072,58.23374150283598,11.759741443274404,122.8208003102494,-163.3621286437075
-9.613412506056985,4.07344378834241,5.983824409035298,8.32412065196063,-9.785315817061095,0.0964568021174765,2.4138630204679017,5.147000876309184,-4.708844300927693,27.28095170087733,-2.7249766847968,-5.380898549985032,6.077336282248859,-7.808649443084108,-1.9624435897487131,4.181769567147895,22.525297574299504,2.1505984606713175,6.728768650996007,6.933787086124289,12.825165763829242,3.4171252001216006,5.295733552249667,25.1279994098301,-6.392806937251118,4.559015915012007,6.920413369692582,-1.2072414263214482,13.143149300047414,11.781065362519437,-15.927850937347982,-9.268677663146942,0.04778368428381643,-2.2969718841837534,-3.428404822533027,4.3135461613185155,-9.521007509201562,2.524270247048958,-14.423227845683526,5.319351857761069,0.8176705205363428,11.114131253319059,-14.365225463458302
-33.32482541010465,14.925073823669987,20.231331498504904,28.696176416025544,-34.0085521272773,0.3642871123863435,8.887516998913544,19.08269678895439,-16.83158327058851,93.09749392119215,-10.345564691341353,-17.999413715531993,19.543934599506343,-26.546919743976815,-6.652551589741131,11.986073777358532,77.06195309307893,6.728768650996007,24.157923980598774,24.641924878027144,43.01868031854375,12.762240402089683,16.3342773156074,85.00741450230103,-22.5779580810338,16.84876286206144,23.24645304039584,-3.170698648034887,46.4138708764104,40.2340637518243,-53.706158287533626,-31.300723363178577,0.5058777810970612,-7.701625578013039,-12.539420715086486,14.768022434930604,-33.02288570020697,9.336757825744796,-47.82371382736739,17.514598719941116,4.235836591425112,36.67195698237864,-50.81637661851479
-34.274695623656385,15.218049916269553,20.803942187575824,29.698522654085334,-35.263798323137,0.47957804918269403,9.101798065724886,19.49354851196359,-17.135324169945015,96.4987074332855,-10.071416146932014,-18.921898053129212,20.734316874848453,-27.347639050075298,-6.648649576487965,13.12384871915294,79.72960377611233,6.933787086124289,24.641924878027144,25.470867958515363,44.86642391463117,13.082218563723409,17.352987688221795,88.48723032030972,-23.392508632507433,17.300294407288234,24.05456945745478,-3.248767931174986,47.61455237216128,41.51643288640932,-55.7182248491462,-32.54860646756885,0.5412106790868775,-7.9153863697469715,-12.789989729724285,15.31983374143097,-34.15420837649995,9.306143145010628,-49.98371882791786,18.203595762132572,4.142733937178374,38.393901572061,-51.97986808093971
-60.92714821498624,26.507618407641726,37.36508833904352,53.1258630816149,-62.926084544673735,0.8823553981765628,15.841644668772172,33.641505121298,-30.05105485463458,173.08583046599358,-16.789916088038318,-34.41140718642326,38.50819680803919,-48.96820436204242,-11.662416609625108,25.896983101888367,142.96672463223595,12.825165763829242,43.01868031854375,44.86642391463117,81.40187607834811,22.475405936980255,32.76668294138805,159.67432562889363,-41.60638877781331,29.88840230416113,43.340075990794176,-6.510624867886157,83.89704658037448,74.43764597878864,-100.61332585448667,-58.7433141516935,0.746263003490937,-14.349545954543622,-22.119266034159168,27.64821107393791,-61.0580418175896,15.994985055082124,-91.08727277073115,33.09774414145064,6.1237044033949495,70.09644712229647,-91.54452343733537
-17.48591854627174,7.882273686752221,10.458949513799993,15.038063247514115,-17.907389337368645,0.23731418980402805,4.713445433836434,10.206526099024698,-8.817271784931972,48.901946947248696,-5.423133653616421,-9.501622144485825,10.223867336160817,-13.960380531721816,-3.454072822435644,6.07892583853468,40.41035145538148,3.4171252001216006,12.762240402089683,13.082218563723409,22.475405936980255,6.904288064044172,8.404481791332529,44.63337984947002,-11.883559113242285,9.054615737198892,12.159287521060385,-1.463468808730985,24.486514508715285,21.000234234810385,-28.06489776566929,-16.400537779811224,0.3478642568073447,-3.936271956628326,-6.718433169811798,7.65569134967122,-17.327076973719585,4.802276166367694,-25.022235328212957,9.142899177366463,2.4113317646729517,19.21062914568049,-26.70642202663533
-23.790603055858597,9.956947845635174,14.752366649933705,20.919148321130194,-24.722654046968312,0.39978337820502885,5.958115629940476,12.572987409837568,-11.415670410304134,68.67493211728481,-5.832143580629838,-13.984300589730202,16.086105048535682,-19.402205198851025,-4.48412405917964,11.640354629643756,56.573714149109534,5.295733552249667,16.3342773156074,17.352987688221795,32.76668294138805,8.404481791332529,13.964999338471772,63.915825768614255,-16.19369782849146,11.245709859462238,17.31843741036543,-2.920901930479545,32.3509679552247,29.38818569449813,-40.21914773047213,-23.505192830519125,0.18598316191999562,-5.691661141873733,-8.329405600125313,10.941214261244196,-23.977827824064928,5.785237480536414,-36.989345126087144,13.42275817845653,1.6941138774434286,28.5846940698101,-35.15887053517103
-120.00789822249321,52.29984042458493,73.34552983698778,104.4149307806712,-123.74533410202166,1.7292219187619389,31.253206325885884,66.62354211820818,-59.24350187801535,340.50663362170525,-33.52081131954718,-67.57686816009075,75.34223871502294,-96.56524237061745,-23.14697907535946,50.08672386039525,281.18114792518196,25.1279994098301,85.00741450230103,88.48723032030972,159.67432562889363,44.63337984947002,63.915825768614255,313.7802261666111,-81.73970265060791,59.21311494330721,85.26518883367369,-12.56654170225951,165.5357701952902,146.31363925410835,-197.6384102660385,-115.41141756172783,1.5666402927805727,-28.065919502970864,-43.88653189571712,54.109606805648085,-120.01280537095019,31.49430277137532,-178.75504159084292,65.05597201329715,12.483542826051577,137.58509598681493,-180.52027587809962
31.547392289872704,-14.063193868036375,-19.24193116536215,-27.469244148119692,32.598866168123735,-0.43674884381464313,-8.408202304879214,-17.829349989517045,15.807210476174138,-88.92795469804953,9.079170948069267,17.488616015425798,-19.295326318746003,25.078571539246255,5.975515710030521,-12.469982121795214,-73.60764876658074,-6.392806937251118,-22.5779580810338,-23.392508632507433,-41.60638877781331,-11.883559113242285,-16.19369782849146,-81.73970265060791,21.73762530748939,-15.778976026417547,-22.12684771039672,3.062933305753656,-43.71965650206186,-38.3689197238715,51.523803463914554,30.07078874826745,-0.4787663019632972,7.403433564582734,11.631175392267862,-14.332560592621725,31.653415761202925,-8.63030234334922,46.25638683169869,-16.747401714443722,-3.6521900934157236,-35.491509078463594,47.83355038667971
-23.15814927696016,10.418853282552101,13.926661159965986,19.96431019203433,-23.75052156139193,0.3131368930298658,6.230918918031122,13.4347217836767,-11.673516008646361,64.82229373283305,-7.101160609146898,-12.603495024762609,13.613857349557824,-18.43953483704211,-4.543925036854815,8.220072876048924,53.57737303836832,4.559015915012007,16.84876286206144,17.300294407288234,29.88840230416113,9.054615737198892,11.245709859462238,59.21311494330721,-15.778976026417547,11.912881958776467,16.11801403434106,-2.003345617609682,32.36641737407928,27.87864878280263,-37.26113060356825,-21.770053241507295,0.4306703332526542,-5.263017111174606,-8.820171207629214,10.218704687971488,-22.98772892907621,6.390399305214479,-33.236804717540835,12.127937128321548,3.1086547229743746,25.5068303401283,-35.33306129926597
-32.754647018708596,14.236623353336133,20.048137723947647,28.39030459132143,-33.59257536989332,0.42395134713436505,8.487259962908434,18.157557783243174,-16.18959015859386,92.70379590262613,-9.378667280150555,-18.294914234382823,20.350799552730614,-26.406051237515864,-6.465547350372789,13.426496296177971,76.55290844789842,6.920413369692582,23.24645304039584,24.05456945745478,43.340075990794176,12.159287521060385,17.31843741036543,85.26518883367369,-22.12684771039672,16.11801403434106,23.281261439516836,-3.5129377946453726,45.185641098914665,39.88362985755914,-53.79120491685279,-31.382823598908253,0.38839317424505965,-7.653007744175869,-12.00332226769842,14.656795435450476,-32.59604075045444,8.65997379962919,-48.55146316945524,17.760555675903888,3.420465185263849,37.369180686108635,-49.303686427189746
4.729553163800998,-1.8826696020173528,-3.0843068578094655,-4.114100278365214,4.755401397176378,-0.014614342815289425,-1.0976108611448918,-2.2838068859504395,2.2672273361929838,-13.546948125337808,1.258620642988885,2.6832508652784424,-3.171445142201504,3.896777321539786,1.0138451611303398,-2.4449900530304096,-11.204552028419737,-1.2072414263214482,-3.170698648034887,-3.248767931174986,-6.510624867886157,-1.463468808730985,-2.920901930479545,-12.56654170225951,3.062933305753656,-2.003345617609682,-3.5129377946453726,0.8243127451043859,-6.297156292510461,-5.9214351115846,8.064597540769135,4.660129644704691,0.061120023275927395,1.2150644428043207,1.5409875021170347,-2.1835114781668543,4.673149157384825,-1.2264634656790108,7.373786485842262,-2.7510980098986457,-0.13807470909980046,-5.690945971523577,6.929822107661749
-64.43738358658855,28.639988240944465,39.184622455908816,55.64702575609269,-65.95245693842604,0.7693685561032846,17.07155637467888,36.58863908565249,-32.335813255016184,180.81484662471797,-19.439564237679168,-35.225810893087754,38.543288869604496,-51.485026134935985,-12.741925774291886,24.21748581274366,149.56426976500424,13.143149300047414,46.4138708764104,47.61455237216128,83.89704658037448,24.486514508715285,32.3509679552247,165.5357701952902,-43.71965650206186,32.36641737407928,45.185641098914665,-6.297156292510461,89.50860663455141,78.00706292244239,-104.48500513069513,-60.931161896755114,0.9434426819184056,-14.935912689702201,-24.061797449394707,28.688145804214606,-64.01671383757767,17.722458017484996,-93.4636398637308,34.16807201611862,7.777389540744643,71.74946991357764,-97.88357743393412
-56.45725697293718,24.807822649396314,34.58816871383315,48.97309319391124,-57.95294431302025,0.6966692471925984,14.785848008752334,31.496833883871478,-28.123528156488256,159.25413035115324,-16.38989149871178,-31.271583698790256,34.651072093794056,-45.21997048803224,-11.046415210635365,22.633128847916822,131.70350739809854,11.781065362519437,40.2340637518243,41.51643288640932,74.43764597878864,21.000234234810385,29.38818569449813,146.31363925410835,-38.3689197238715,27.87864878280263,39.88362985755914,-5.9214351115846,78.00706292244239,68.71750830954238,-92.39612707571833,-53.87110290236456,0.696826294595574,-13.264581971284308,-20.708824788974113,25.417215156001436,-56.29885213361017,15.284303867273323,-83.07682300430707,30.311754847266027,6.14181996241501,63.83025569099799,-85.30524118155114
75.77095269772137,-33.05410597506481,-46.412105661518076,-65.86318830762995,77.97326129078591,-1.0170357861764008,-19.72251273721165,-42.001692779795306,37.496296323473146,-214.62737018655667,21.411908831731264,42.45143212121788,-47.31472343421327,60.92287715976643,14.714121080570413,-31.415494516657883,-177.34898763157256,-15.927850937347982,-53.706158287533626,-55.7182248491462,-100.61332585448667,-28.06489776566929,-40.21914773047213,-197.6384102660385,51.523803463914554,-37.26113060356825,-53.79120491685279,8.064597540769135,-104.48500513069513,-92.39612707571833,124.65278552585352,72.72956296294964,-0.9287932722971771,17.79415954959013,27.663862543164637,-34.17676787571887,75.70293592120431,-20.08249328882733,112.5610733945028,-41.017128273509144,-7.855334629027119,-86.59045592729812,114.08014141577526
44.18109017419785,-19.25285786313759,-27.036691956584484,-38.42987064151962,45.52350392180118,-0.6225082425074847,-11.50020247623216,-24.50683158656173,21.82709697772364,-125.2837755726365,12.38774312330882,24.82948840173248,-27.677584818002078,35.52803248109826,8.54490440123133,-18.39686368458435,-103.46858896986654,-9.268677663146942,-31.300723363178577,-32.54860646756885,-58.7433141516935,-16.400537779811224,-23.505192830519125,-115.41141756172783,30.07078874826745,-21.770053241507295,-31.382823598908253,4.660129644704691,-60.931161896755114,-53.87110290236456,72.72956296294964,42.460538695308735,-0.5583035148308416,10.350411182540263,16.139650117455023,-19.925289732821206,44.158939372967716,-11.642915786335418,65.73935656753375,-23.939574272174394,-4.588670116739289,-50.588313627626334,66.47451159360696
-0.6209609159101578,0.33947219621861197,0.29296398230360626,0.5357136100136252,-0.6827777568750812,0.02783192403754597,0.2115499694483106,0.47594106476140285,-0.3298056493103513,1.7219567003264649,-0.19953584973979593,-0.35034902347538427,0.3278488287999264,-0.4862456002315563,-0.0831592385222141,0.09035285529242258,1.4228872805404702,0.04778368428381643,0.5058777810970612,0.5412106790868775,0.746263003490937,0.3478642568073447,0.18598316191999562,1.5666402927805727,-0.4787663019632972,0.4306703332526542,0.38839317424505965,0.061120023275927395,0.9434426819184056,0.696826294595574,-0.9287932722971771,-0.5583035148308416,0.059279215611691596,-0.10006143364613473,-0.30563029097479016,0.25372091833086846,-0.6472673124334885,0.15363377230893588,-0.819681280005714,0.27234812827916427,0.19353192049708032,0.6281159444291313,-1.0022017446919376
10.848708040778662,-4.779163698035532,-6.725831621452963,-9.43706605490741,11.130581826986642,-0.11095835144103641,-2.8397998703178873,-5.980356287194622,5.436462571628665,-30.53628387307681,3.1540883916665474,5.96542769953017,-6.648738890155556,8.63454420481698,2.1123847732536976,-4.424837811825846,-25.31526798023127,-2.2969718841837534,-7.701625578013039,-7.9153863697469715,-14.349545954543622,-3.936271956628326,-5.691661141873733,-28.065919502970864,7.403433564582734,-5.263017111174606,-7.653007744175869,1.2150644428043207,-14.935912689702201,-13.264581971284308,17.79415954959013,10.350411182540263,-0.10006143364613473,2.612783915250413,3.908073979135336,-4.963758775144535,10.852770220355557,-3.021915093309649,15.956062601340017,-5.812104816073356,-1.1105298854139334,-12.233709245372008,16.406538366500843
17.21954631813963,-7.72748938713663,-10.350751750728435,-14.782097300226704,17.559080809562545,-0.2027261398469801,-4.606289015537763,-9.966576380379802,8.684855417410665,-48.10156701815118,5.397689450223828,9.314079067336134,-10.054874615743694,13.78153485104467,3.45783505225013,-6.030011766390171,-39.77933591292576,-3.428404822533027,-12.539420715086486,-12.789989729724285,-22.119266034159168,-6.718433169811798,-8.329405600125313,-43.88653189571712,11.631175392267862,-8.820171207629214,-12.00332226769842,1.5409875021170347,-24.061797449394707,-20.708824788974113,27.663862543164637,16.139650117455023,-0.30563029097479016,3.908073979135336,6.577301671820763,-7.534228824397073,17.025187249162812,-4.75549387892767,24.64707724959478,-9.038388169296294,-2.2927777822387654,-18.920573319248525,26.281054409539745
-20.799555162503204,9.19869771388276,12.80853027422196,18.162824763001694,-21.499152079420078,0.2718203080772899,5.491322750727242,11.5648688430329,-10.392389802841123,58.75738593078393,-5.8678635379735145,-11.5774328085661,12.89414620648605,-16.532281142948005,-3.9312769150476745,8.57557190701581,48.66087986865581,4.3135461613185155,14.768022434930604,15.31983374143097,27.64821107393791,7.65569134967122,10.941214261244196,54.109606805648085,-14.332560592621725,10.218704687971488,14.656795435450476,-2.1835114781668543,28.688145804214606,25.417215156001436,-34.17676787571887,-19.925289732821206,0.25372091833086846,-4.963758775144535,-7.534228824397073,9.549009099259221,-20.910599936343587,5.695328066026858,-30.74257492186537,11.128257460941077,2.2008318960125264,23.585793667952302,-31.43638322016626
46.26831721450574,-20.46504436631461,-28.251906948815634,-40.20742354252225,47.65623970958423,-0.6090091620249409,-12.214982194046193,-25.971230459046208,23.09413248745543,-130.54308784461796,13.343829786128769,25.68666889388247,-28.427497947321104,36.98065967010922,8.906571445623928,-18.497575746084383,-108.01018490940828,-9.521007509201562,-33.02288570020697,-34.15420837649995,-61.0580418175896,-17.327076973719585,-23.977827824064928,-120.01280537095019,31.653415761202925,-22.98772892907621,-32.59604075045444,4.673149157384825,-64.01671383757767,-56.29885213361017,75.70293592120431,44.158939372967716,-0.6472673124334885,10.852770220355557,17.025187249162812,-20.910599936343587,46.29770571417548,-12.530528663441041,68.06718236213713,-24.73694943186217,-5.164061645805443,-52.276309147652626,70.00273839938696
-12.6805950483667,5.8515777140041685,7.81081248387548,10.878140470539181,-12.82611253634302,0.06061689987045289,3.4616730408728955,7.340618199150631,-6.604852872680892,34.784695528705775,-4.295666503706463,-6.4934103805347245,6.919402185444428,-9.867857047893379,-2.575468065444872,4.013457504069254,28.966503416721444,2.524270247048958,9.336757825744796,9.306143145010628,15.994985055082124,4.802276166367694,5.785237480536414,31.49430277137532,-8.63030234334922,6.390399305214479,8.65997379962919,-1.2264634656790108,17.722458017484996,15.284303867273323,-20.08249328882733,-11.642915786335418,0.15363377230893588,-3.021915093309649,-4.75549387892767,5.695328066026858,-12.530528663441041,3.939821415282459,-17.520318149959607,6.4303887026709825,1.76858481078399,13.33077118122811,-19.613670406618674
67.95898299193979,-29.3600621087892,-41.63513388635292,-59.24447005256333,70.17463838031765,-1.0123300971467868,-17.547030174897408,-37.34794470310484,33.338794091547506,-193.55385335185562,18.50105085200372,38.63895179335439,-43.38353166960992,54.88869912649063,13.059016957033267,-29.40516810231881,-159.75045149280072,-14.423227845683526,-47.82371382736739,-49.98371882791786,-91.08727277073115,-25.022235328212957,-36.989345126087144,-178.75504159084292,46.25638683169869,-33.236804717540835,-48.55146316945524,7.373786485842262,-93.4636398637308,-83.07682300430707,112.5610733945028,65.73935656753375,-0.819681280005714,15.956062601340017,24.64707724959478,-30.74257492186537,68.06718236213713,-17.520318149959607,102.19930839513661,-37.17810834441401,-6.590815689658441,-78.7404098640624,101.83618277870842
-24.837225804948844,10.687770046064868,15.228127923425397,21.56133365756993,-25.502674565951036,0.3380524146026249,6.373941750222846,13.635068612099111,-12.18704856961596,70.5820279509972,-6.9344861391425585,-14.017456100449136,15.697693223544446,-20.113205272294326,-4.895095854330553,10.552273908770182,58.23374150283598,5.319351857761069,17.514598719941116,18.203595762132572,33.09774414145064,9.142899177366463,13.42275817845653,65.05597201329715,-16.747401714443722,12.127937128321548,17.760555675903888,-2.7510980098986457,34.16807201611862,30.311754847266027,-41.017128273509144,-23.939574272174394,0.27234812827916427,-5.812104816073356,-9.038388169296294,11.128257460941077,-24.73694943186217,6.4303887026709825,-37.17810834441401,13.601724903874446,2.4262074104995666,28.652065638708567,-37.23104480911447
-5.32731484978342,2.6782934580976,3.0460165615016,4.450884067796744,-5.356408410844559,0.04569892793411597,1.6021210542851105,3.546267776115757,-2.902503335816015,14.142530891433555,-2.1632727443928292,-2.5159460532985527,2.3546576065615707,-4.053924067374049,-1.1022035254596385,0.7145949071297483,11.759741443274404,0.8176705205363428,4.235836591425112,4.142733937178374,6.1237044033949495,2.4113317646729517,1.6941138774434286,12.483542826051577,-3.6521900934157236,3.1086547229743746,3.420465185263849,-0.13807470909980046,7.777389540744643,6.14181996241501,-7.855334629027119,-4.588670116739289,0.19353192049708032,-1.1105298854139334,-2.2927777822387654,2.2008318960125264,-5.164061645805443,1.76858481078399,-6.590815689658441,2.4262074104995666,1.2724054915953757,4.980765915883906,-8.5528475774321
-52.19968454633267,22.472580831825745,31.96456372690993,45.514919954624496,-53.920685735900555,0.7974583767571856,13.435905029309605,28.627828551816563,-25.53360594470663,148.88614392833708,-14.094103933479467,-29.791972255936308,33.50117713993223,-42.244981607766405,-10.033551213511968,22.796811612018473,122.8208003102494,11.114131253319059,36.67195698237864,38.393901572061,70.09644712229647,19.21062914568049,28.5846940698101,137.58509598681493,-35.491509078463594,25.5068303401283,37.369180686108635,-5.690945971523577,71.74946991357764,63.83025569099799,-86.59045592729812,-50.588313627626334,0.6281159444291313,-12.233709245372008,-18.920573319248525,23.585793667952302,-52.276309147652626,13.33077118122811,-78.7404098640624,28.652065638708567,4.980765915883906,60.70262074993717,-78.11079138959256
70.45747486946716,-31.423997729578268,-42.922226029676736,-60.82511355499105,72.03868442440725,-0.7826828272368695,-18.710507789937225,-40.022982799519156,35.483498947437106,-197.3216032505094,21.470617522137623,38.30631691186198,-41.86769588976751,56.174366439718945,13.956397682943535,-26.216138352350594,-163.3621286437075,-14.365225463458302,-50.81637661851479,-51.97986808093971,-91.54452343733537,-26.70642202663533,-35.15887053517103,-180.52027587809962,47.83355038667971,-35.33306129926597,-49.303686427189746,6.929822107661749,-97.88357743393412,-85.30524118155114,114.08014141577526,66.47451159360696,-1.0022017446919376,16.406538366500843,26.281054409539745,-31.43638322016626,70.00273839938696,-19.613670406618674,101.83618277870842,-37.23104480911447,-8.5528475774321,-78.11079138959256,107.19275299687496
