V1,V2,V3,V4,V5,V6,V7,V8,V9,V10,V11,V12,V13,V14,V15,V16,V17,V18,V19,V20,V21,V22,V23,V24,V25,V26,V27,V28,V29,V30,V31,V32,V33,V34,V35,V36,V37,V38,V39,V40,V41,V42,V43
0.7631114014360877,-0.15812515038282196,0.06655381015095507,0.6831863855854309,0.26982173906961454,-0.45747457773634165,-0.0929098630902431,0.7652807531606567,0.9107502692862972,-0.02399422168378248,-0.07473064942504337,-0.3689087241209689,0.5127880663592915,0.012388198659242285,0.35163218652937955,0.34155038687132055,-0.2148251439321207,0.5926203397813399,0.6331296589693883,0.14445697618494102,0.08403537274716509,-1.1140252431595876,-1.4993517696660683,-0.04245934947031215,-1.0225143003644412,0.6541102842846841,0.044413405493695025,-0.6018271596721616,-1.764992834001161e-4,0.5100745479107744,-0.27075556154543706,0.15250624131377427,0.3098783486787851,1.132384021810026,-0.4876360768960524,0.3600120788552334,-1.0526227652305857,-1.49431515156374,-0.8591492932454982,0.27285526830945167,-0.19111803877822203,0.06270979350441547,0.8253207533480724
-0.15812515038282196,0.2631383483345156,-0.006941520364603697,-0.31870126305888974,-0.2531741226386674,0.06289343298801967,0.06725067553091506,0.02759260849348364,-0.5291770586395713,0.03311633304260273,-0.29463708625984014,-0.06101907687329405,-0.05007027087013312,0.008977776147552463,-0.5301034575647228,-0.2782081711741647,-0.4518926195633993,-0.33503304766936903,-0.2517556365195329,-0.3711118079430304,-0.0059219496818317605,0.0675393388470931,0.6682070479746489,0.008875585883842374,0.21578676560571544,0.21313030628030513,0.10334915804156476,0.41616590674431053,0.27965990087387055,-0.2667941876851954,-0.3106461728181639,0.34411309932692513,-0.20276380771854363,-0.721028953738857,-0.03256850101289508,0.5038626646809105,0.5793786423060736,0.16882879631150405,0.6753416962868193,-0.35069474837307285,-0.10405696096701449,-0.26924613452964546,0.06955643716774199
0.06655381015095507,-0.006941520364603697,1.5962365221141321,0.7523005965415882,0.5457564019530485,0.5156675188738534,0.5051887751505116,0.8039223002088961,-0.5067341532758187,1.5506333982443945,-0.3738435460262055,-0.63121033947354,-0.08459874499555686,0.5702739047194604,0.8916677629072439,-0.08958813182794453,-0.12006257030129072,-0.1872963998623213,-0.3884811603287945,0.5151291792782287,-1.4802085971992271,-0.6735420355547233,0.17011331717566935,-0.05602107293928983,-0.07541826536260123,0.25798837335312735,1.3388056898829888,0.014644813626266023,0.8252281822477472,0.5971667115528205,-0.3589227809785695,2.2528085204091055,0.6838168467528981,-1.570925475425693,-0.12175972233261768,0.8202815418069307,0.1176707116994028,-0.5207835865215912,0.7994075559353726,0.6624614734651378,-1.5088229490952285,0.1904111144747871,1.196715872075887
0.6831863855854309,-0.31870126305888974,0.7523005965415882,1.1025844785779644,0.6487511687595581,-0.13118592378657107,0.20812087434707538,0.9174358348275026,0.8135034363107194,0.6988734876556573,0.03765965468799558,-0.4999966991086326,0.38425257522888884,0.2817833327908116,1.0878989724456978,0.42945309059072967,0.17903458767786273,0.6176403441128658,0.4663694771762705,0.6618949558016839,-0.5862653404744266,-1.1497560788876755,-1.4807230628930517,-0.0794928427395899,-0.9326869974854849,0.41994948527234593,0.5653277375931594,-0.7240918602530022,0.18937401265811038,0.816440437630669,-0.11595082799996659,0.874898324822397,0.6993454228772661,0.6507878968641204,-0.3332417099605343,0.21168034166470567,-1.1687663477020145,-1.3744332277733526,-0.7644717823530517,0.7599318130752613,-0.752039296022966,0.34952838032510825,1.0721455682288015
0.26982173906961454,-0.2531741226386674,0.5457564019530485,0.6487511687595581,0.45237892688988907,0.055570838797243234,0.1466603136120789,0.3787340545064508,0.4179015004798954,0.5127626198123443,0.13205290739472947,-0.21562066452833292,0.10240657333119718,0.19840006987563852,0.8257025375423257,0.26788783570720254,0.33468074100292367,0.3272639999499864,0.1786732747324623,0.5357765734131826,-0.4745555589943368,-0.456403555446132,-0.7347948180027221,-0.040388284612951963,-0.3701496683250042,0.003323158516676749,0.3764445424149803,-0.43535913716427327,0.054487587410127374,0.4989711156134745,0.10518055992104303,0.4964633878349807,0.46049613010556273,0.2603807562870524,-0.06823137990265365,-0.11143972012471152,-0.6325972702090413,-0.5244252308137693,-0.4393690552164363,0.5667701725245148,-0.4578253612764179,0.31102723497528545,0.47016555438248164
-0.45747457773634165,0.06289343298801967,0.5156675188738534,-0.13118592378657107,0.055570838797243234,0.4856980117321574,0.2402681062242509,-0.22926243006192887,-0.6979071833376185,0.5603367520287791,-0.02512171118192881,0.03597728851019817,-0.3623590114475983,0.19270134653589546,0.1698343552725675,-0.2115201199380677,0.18323787715664458,-0.3982488847073075,-0.5199853096005529,0.14859741837948334,-0.5790113603379407,0.4912099723800034,0.9525073462377288,0.009402163265247792,0.6212373120329919,-0.38648421714597325,0.42726036325168704,0.34255943276581646,0.2488859847968649,-0.09030830361296642,0.10616990330773211,0.6339935162982934,0.07124351579230442,-1.1950832402187965,0.2899903611408104,-0.031614450229768484,0.6487086309874222,0.7953592834159712,0.7455403110340861,0.10799915647832066,-0.38959223209682325,0.06895537283323377,-0.14013187048618259
-0.0929098630902431,0.06725067553091506,0.5051887751505116,0.20812087434707538,0.1466603136120789,0.2402681062242509,0.4297650718822206,0.3141522671993262,-0.4078502654443018,0.6521978353490331,-0.1361493649394409,-0.21842767852285871,-0.025178959695935754,0.25634460299438777,0.2187070268802797,-0.09740692206734891,-0.06268931710988927,-0.14717753177551066,-0.24752472002380746,0.17110362413019004,-0.47853155490029375,-0.15179972937244987,0.3836178777626968,-0.06159544925128759,0.07632763224818678,0.12196409333042374,0.5138319170750367,0.1951516527590286,0.4384016464961724,0.06265778275046029,-0.19772672551268758,0.9120478162458838,0.1975650369200441,-0.807213374915382,0.08052440648154412,0.33216170714194276,0.19203525845904396,0.07346415125063696,0.5219541914125747,0.11737817996974255,-0.5811803309270132,0.01704834133074398,0.38461035813192107
0.7652807531606567,0.02759260849348364,0.8039223002088961,0.9174358348275026,0.3787340545064508,-0.22926243006192887,0.3141522671993262,1.3439565643964813,0.3465966230869897,0.7932367039302743,-0.4780818088369851,-0.7931209629385049,0.5417648668649829,0.3244317209072627,0.41711736011740996,0.13235736180227448,-0.6441222837755433,0.33557024530732793,0.3456639891181985,0.15513309556608695,-0.5773118468960547,-1.5577024151203867,-1.067127055132091,-0.10080570495775466,-1.0527754133133664,1.0843415376854195,0.7782044451905252,-0.3212564837893291,0.6673575442698277,0.6307893538490509,-0.7596603427798032,1.563672612661851,0.5276143494425384,-0.02625943295469564,-0.5886982860013734,1.1805963175935459,-0.7148574003699425,-1.7750490246767407,-0.03979030918459138,0.3302154934630272,-1.0433895084046438,-0.04454621986897483,1.583870502884574
0.9107502692862972,-0.5291770586395713,-0.5067341532758187,0.8135034363107194,0.4179015004798954,-0.6979071833376185,-0.4078502654443018,0.3465966230869897,1.8234438459005469,-0.6598729516174214,0.5094554271358549,-0.007627954382659818,0.5614941689769863,-0.22175248957418445,0.7805213751292478,0.7623483509315088,0.5226071944961794,1.1142490779105994,1.0978239990721097,0.48429854979984666,0.6201374891479072,-0.8661899462682398,-2.4425513867073576,-0.02098061544690788,-1.2183678751303153,0.16513391430872953,-0.6086756155683118,-1.1885466390966655,-0.738911004823512,0.6476762180869586,0.36359226348186346,-1.2234666920564303,0.3350799953242309,2.6945295270980565,-0.3623406014703325,-0.721905722631949,-1.8630554174590175,-1.434998672263657,-2.0955500130405613,0.5393338649111679,0.5480775910605249,0.393231426109641,0.20311207436072984
-0.02399422168378248,0.03311633304260273,1.5506333982443945,0.6988734876556573,0.5127626198123443,0.5603367520287791,0.6521978353490331,0.7932367039302743,-0.6598729516174214,1.6058821454522778,-0.36712476435808994,-0.612749807306213,-0.09696301106612962,0.5995581161471965,0.8272239675268749,-0.13504998179204775,-0.11777663389096743,-0.24819571757111797,-0.4663686229985075,0.5095395065320075,-1.4493271102163823,-0.5842076434581948,0.3959011137069905,-0.07895425655166532,0.013005045616075466,0.2526015343180619,1.3514719518369673,0.13811884706003003,0.9029111266007794,0.49679143442207907,-0.3867944056520301,2.3006350133174536,0.6469707550386944,-1.7353761427669614,-0.03345801821079979,0.8191262072385581,0.23004672578864882,-0.3225349598006448,0.9527796708774336,0.5849429079527254,-1.5227629244413128,0.1622641298854962,1.1406945040997192
-0.07473064942504337,-0.29463708625984014,-0.3738435460262055,0.03765965468799558,0.13205290739472947,-0.02512171118192881,-0.1361493649394409,-0.4780818088369851,0.5094554271358549,-0.36712476435808994,0.5305341620699165,0.357572132020258,-0.0927559186682844,-0.136568872794408,0.410485917951064,0.2852526420874914,0.7398951559264944,0.30371697984278645,0.20193364731640406,0.3536629595049613,0.30708438658063625,0.452989426571444,-0.40729918697257045,0.013770532710289225,0.09124936066407405,-0.5916489006733462,-0.44826687197962195,-0.3511814627782095,-0.5542987092306537,0.03804435913844785,0.6067057700033295,-1.0253468917897661,0.02383950751782609,0.9254579962334756,0.2627543004660262,-1.005284713042178,-0.44862746515139473,0.44376364432004717,-0.7896405794709234,0.23680507772792053,0.5413229995161116,0.30992557513379027,-0.6570530746476353
-0.3689087241209689,-0.06101907687329405,-0.63121033947354,-0.4999966991086326,-0.21562066452833292,0.03597728851019817,-0.21842767852285871,-0.7931209629385049,-0.007627954382659818,-0.612749807306213,0.357572132020258,0.5060160073520082,-0.2506104623879738,-0.2401090555704699,-0.22806578172294972,0.001163143315144821,0.43633192513715596,-0.07392214211043173,-0.07887018650149594,-0.07080048587857835,0.49855120283327703,0.869735547061932,0.39801170249439916,0.05596724633038528,0.5027726816935151,-0.6300819255245963,-0.592752578451691,0.0874636953681042,-0.49566008565084774,-0.35933724931681665,0.49671049005944296,-1.1650893655523447,-0.3197380077893118,0.35940405430757666,0.3284544668146563,-0.8053103040756514,0.23099984998965348,0.9516511945303261,-0.21584683667338148,-0.19395306930011258,0.7510538224736157,0.047308560211417876,-0.9803869408946688
0.5127880663592915,-0.05007027087013312,-0.08459874499555686,0.38425257522888884,0.10240657333119718,-0.3623590114475983,-0.025178959695935754,0.5417648668649829,0.5614941689769863,-0.09696301106612962,-0.0927559186682844,-0.2506104623879738,0.39415167253513617,-0.014540160916407384,0.06971023550253241,0.19101974870124408,-0.25456102213390974,0.37253966599070265,0.4321620632577537,-0.006671743187793909,0.19086861801811242,-0.7641719681903386,-0.9327586923064904,-0.040343158190726175,-0.7069787246725909,0.5403760737103737,-0.03426982710820563,-0.32232183829111605,0.036972987015319696,0.25417178023334136,-0.26898445021178263,0.05640929110984014,0.13183009161012205,0.7694704436807872,-0.3365265887629449,0.32742276145866517,-0.6559557998037729,-1.0038241358611515,-0.5113732407362178,0.05761366509339239,-0.06814393873944703,-0.032397194413612114,0.5463308346869659
0.012388198659242285,0.008977776147552463,0.5702739047194604,0.2817833327908116,0.19840006987563852,0.19270134653589546,0.25634460299438777,0.3244317209072627,-0.22175248957418445,0.5995581161471965,-0.136568872794408,-0.2401090555704699,-0.014540160916407384,0.22641365432215763,0.31609526771686547,-0.039561622535313756,-0.0494357375721315,-0.07272801693204178,-0.1543980825134858,0.1958204309137708,-0.5266230390906661,-0.25228835129977367,0.10845704067895179,-0.03484389374097734,-0.02871424542569038,0.11977759663154966,0.5027498861647025,0.03975695055611378,0.3421568401560631,0.19379306717092307,-0.1568346743661132,0.8615582646672377,0.24881363547317825,-0.6095039397233383,-0.021141459856087,0.31510364814632785,0.0510794534731486,-0.15817894725211767,0.33158159368048157,0.22093701872601107,-0.5716931256620872,0.060816537482942336,0.44904801964076974
0.35163218652937955,-0.5301034575647228,0.8916677629072439,1.0878989724456978,0.8257025375423257,0.1698343552725675,0.2187070268802797,0.41711736011740996,0.7805213751292478,0.8272239675268749,0.410485917951064,-0.22806578172294972,0.06971023550253241,0.31609526771686547,1.589424451146144,0.5234273771593958,0.8728905286953408,0.5933106965023907,0.286104664365956,1.0617388602015716,-0.8033655551148393,-0.5194125731569151,-1.2390555161107044,-0.059379083106903714,-0.481564324997147,-0.28812429427737646,0.5507273923058259,-0.8168611054176216,-0.07786882527378904,0.8532787705124052,0.42858831785614193,0.5731331944651442,0.8051019075688567,0.5755057698197031,0.026904129733648814,-0.5659474359303714,-1.1254389718336582,-0.5971615251916914,-0.9129679880163651,1.0804031050774012,-0.6439743846645278,0.6574745049634252,0.5306674548814448
0.34155038687132055,-0.2782081711741647,-0.08958813182794453,0.42945309059072967,0.26788783570720254,-0.2115201199380677,-0.09740692206734891,0.13235736180227448,0.7623483509315088,-0.13504998179204775,0.2852526420874914,0.001163143315144821,0.19101974870124408,-0.039561622535313756,0.5234273771593958,0.35909630609064586,0.3754979820903955,0.4884304791126784,0.42659969907443673,0.3516377029981117,0.13181237343168425,-0.3156984718975458,-1.0210349904630873,-0.019215028521297556,-0.46334089623937713,-0.042493493759214546,-0.17083861298073108,-0.5411549672700389,-0.30615675200572456,0.33061124313206003,0.24214595367213004,-0.43132000114323366,0.22753149200237277,1.0726371972987105,-0.078601684538286,-0.4270233990689441,-0.8266905481973923,-0.5022078668453906,-0.9029754771873356,0.35059542889355944,0.1467203889750044,0.254199247032027,0.07398155705805876
-0.2148251439321207,-0.4518926195633993,-0.12006257030129072,0.17903458767786273,0.33468074100292367,0.18323787715664458,-0.06268931710988927,-0.6441222837755433,0.5226071944961794,-0.11777663389096743,0.7398951559264944,0.43633192513715596,-0.25456102213390974,-0.0494357375721315,0.8728905286953408,0.3754979820903955,1.1756610252108923,0.3325904168665357,0.10712633696466424,0.6954601174279723,0.0269735532886638,0.691800016012173,-0.37320569409576215,0.011923373674154872,0.27979956204133244,-0.9678088055477041,-0.3181580269694987,-0.4670345187820811,-0.6407403886854354,0.16774602987922543,0.9034185497125661,-0.9800281075409969,0.19635962672354737,0.8311994269002232,0.45255575617060106,-1.4118011257808074,-0.5185942796750043,0.7730234232711842,-0.8916909098196754,0.5405302583160719,0.43841200187995755,0.5415825888877644,-0.8138405547366627
0.5926203397813399,-0.33503304766936903,-0.1872963998623213,0.6176403441128658,0.3272639999499864,-0.3982488847073075,-0.14717753177551066,0.33557024530732793,1.1142490779105994,-0.24819571757111797,0.30371697984278645,-0.07392214211043173,0.37253966599070265,-0.07272801693204178,0.5933106965023907,0.4884304791126784,0.3325904168665357,0.714656789362735,0.6716407608014117,0.3790884096959852,0.2703521977488447,-0.6402107544264499,-1.5443029921456233,-0.031334370807682525,-0.8041340435438722,0.1501915782986883,-0.2541881718598076,-0.7491173579930273,-0.3664804879121105,0.45869834534911774,0.1853731661792432,-0.5504766731790063,0.28943189124886676,1.5806231605907068,-0.2232653310077646,-0.3835461769009328,-1.2043354207453545,-0.9546552388714088,-1.2613290507411117,0.4009028853494932,0.19253199941513732,0.271249243857983,0.2598624061861723
0.6331296589693883,-0.2517556365195329,-0.3884811603287945,0.4663694771762705,0.1786732747324623,-0.5199853096005529,-0.24752472002380746,0.3456639891181985,1.0978239990721097,-0.4663686229985075,0.20193364731640406,-0.07887018650149594,0.4321620632577537,-0.1543980825134858,0.286104664365956,0.42659969907443673,0.10712633696466424,0.6716407608014117,0.7257598029912192,0.15944474891849172,0.48050080487324115,-0.6846175302224323,-1.5240777186475187,-0.025217689307562612,-0.8561697247442692,0.3147195429415917,-0.39977261929909214,-0.6797469524454152,-0.3791571434268673,0.3569093892091769,0.0558850793071165,-0.6947551402903848,0.14757445531081487,1.6739988331950983,-0.3060035481630941,-0.23654905277459537,-1.1238218097256523,-1.0603702685677727,-1.2179748214152857,0.20220409770040454,0.33562726288035777,0.14089001015780478,0.2486760081184779
0.14445697618494102,-0.3711118079430304,0.5151291792782287,0.6618949558016839,0.5357765734131826,0.14859741837948334,0.17110362413019004,0.15513309556608695,0.48429854979984666,0.5095395065320075,0.3536629595049613,-0.07080048587857835,-0.006671743187793909,0.1958204309137708,1.0617388602015716,0.3516377029981117,0.6954601174279723,0.3790884096959852,0.15944474891849172,0.742654046709525,-0.48140383731773667,-0.1781357221106391,-0.716215619145514,-0.04254744792238,-0.21252397346974375,-0.31719283598966647,0.2955442311824583,-0.5192972816633319,-0.11162158358911095,0.5066218198600688,0.3802154384161377,0.230657327480585,0.5019011006926437,0.3974551197638245,0.11521046968842444,-0.5499597740216783,-0.7059613350202875,-0.1735713535026215,-0.6177623869703291,0.7030295613343421,-0.336121308693963,0.46651341774319643,0.1840251630028497
0.08403537274716509,-0.0059219496818317605,-1.4802085971992271,-0.5862653404744266,-0.4745555589943368,-0.5790113603379407,-0.47853155490029375,-0.5773118468960547,0.6201374891479072,-1.4493271102163823,0.30708438658063625,0.49855120283327703,0.19086861801811242,-0.5266230390906661,-0.8033655551148393,0.13181237343168425,0.0269735532886638,0.2703521977488447,0.48050080487324115,-0.48140383731773667,1.4126965323703828,0.396202996849061,-0.41915227048737413,0.03740333990586677,-0.13310471019172546,-0.07231680951649334,-1.2356262367971356,-0.10403310824598534,-0.7449493303616733,-0.47185637119111135,0.2432889442132501,-2.0391018673181587,-0.5913454931347498,1.6567852303405302,0.012934604152015979,-0.6524516172078405,-0.2895238288760171,0.18134035484701003,-0.8707997740721399,-0.5895431072966152,1.3630617284357422,-0.18403224880125094,-0.9358874621892935
-1.1140252431595876,0.0675393388470931,-0.6735420355547233,-1.1497560788876755,-0.456403555446132,0.4912099723800034,-0.15179972937244987,-1.5577024151203867,-0.8661899462682398,-0.5842076434581948,0.452989426571444,0.869735547061932,-0.7641719681903386,-0.25228835129977367,-0.5194125731569151,-0.3156984718975458,0.691800016012173,-0.6402107544264499,-0.6846175302224323,-0.1781357221106391,0.396202996849061,1.9720823940664889,1.8221757890106582,0.09895088842742192,1.5041021891399706,-1.3018474913492715,-0.6403520559100968,0.638862943008848,-0.526560507473534,-0.8266907227560467,0.7948522447227402,-1.3336234772463682,-0.6042074604401463,-0.7077363223669758,0.8121278133719705,-1.214531956770452,1.2300921025672613,2.4125971549110545,0.5789360805978485,-0.42072435540357045,0.942522175250165,0.01693703148317945,-1.8024097517913982
-1.4993517696660683,0.6682070479746489,0.17011331717566935,-1.4807230628930517,-0.7347948180027221,0.9525073462377288,0.3836178777626968,-1.067127055132091,-2.4425513867073576,0.3959011137069905,-0.40729918697257045,0.39801170249439916,-0.9327586923064904,0.10845704067895179,-1.2390555161107044,-1.0210349904630873,-0.37320569409576215,-1.5443029921456233,-1.5240777186475187,-0.716215619145514,-0.41915227048737413,1.8221757890106582,3.5762136143775045,0.06836554024750852,2.0092195495385456,-0.6918393163671683,0.34538534144337313,1.6666447461658018,0.6089032074624208,-1.1550306404482786,-0.11620951908289853,0.7264776395230125,-0.7031855222553421,-3.3123711178387567,0.7365950940543018,0.3543418991429853,2.6690101232112156,2.6487443684172143,2.638430451453277,-0.8838759394331054,-0.14119047189790784,-0.4967329319912012,-1.0281678562751364
-0.04245934947031215,0.008875585883842374,-0.05602107293928983,-0.0794928427395899,-0.040388284612951963,0.009402163265247792,-0.06159544925128759,-0.10080570495775466,-0.02098061544690788,-0.07895425655166532,0.013770532710289225,0.05596724633038528,-0.040343158190726175,-0.03484389374097734,-0.059379083106903714,-0.019215028521297556,0.011923373674154872,-0.031334370807682525,-0.025217689307562612,-0.04254744792238,0.03740333990586677,0.09895088842742192,0.06836554024750852,0.019275240519055315,0.0703423849217419,-0.06628896957885891,-0.057584871830929196,0.024012956378065126,-0.05119231775032419,-0.04297429548282613,0.04211592382134264,-0.11247853796622082,-0.04767219293137838,-0.007452941249537774,0.012118595893979758,-0.04432243554147683,0.0683501266316574,0.09006599746052261,0.010804500569618241,-0.03566537219995968,0.07784395656573205,-0.01254138670008204,-0.10120071693811955
-1.0225143003644412,0.21578676560571544,-0.07541826536260123,-0.9326869974854849,-0.3701496683250042,0.6212373120329919,0.07632763224818678,-1.0527754133133664,-1.2183678751303153,0.013005045616075466,0.09124936066407405,0.5027726816935151,-0.7069787246725909,-0.02871424542569038,-0.481564324997147,-0.46334089623937713,0.27979956204133244,-0.8041340435438722,-0.8561697247442692,-0.21252397346974375,-0.13310471019172546,1.5041021891399706,2.0092195495385456,0.0703423849217419,1.3881426559874879,-0.8981360589821632,-0.05987373435269021,0.800735725236557,-0.017574731870149584,-0.6790036441499661,0.37553242314357616,-0.21781016002355155,-0.4198882098882463,-1.5332877811118582,0.6372161160363884,-0.472266283504365,1.4345537135188935,1.9973318428225033,1.1537764325000046,-0.361644396073989,0.2633649105464879,-0.08902431807561226,-1.1143311226880699
0.6541102842846841,0.21313030628030513,0.25798837335312735,0.41994948527234593,0.003323158516676749,-0.38648421714597325,0.12196409333042374,1.0843415376854195,0.16513391430872953,0.2526015343180619,-0.5916489006733462,-0.6300819255245963,0.5403760737103737,0.11977759663154966,-0.28812429427737646,-0.042493493759214546,-0.9678088055477041,0.1501915782986883,0.3147195429415917,-0.31719283598966647,-0.07231680951649334,-1.3018474913492715,-0.6918393163671683,-0.06628896957885891,-0.8981360589821632,1.176151671897191,0.3819898924686259,-0.04721265332287534,0.5660501959083781,0.26060670673702957,-0.875835588040798,1.0340586698535257,0.13769322154842187,0.02369627215491229,-0.6153365406655626,1.2914102292488059,-0.34404657959690815,-1.5528610677126395,0.15008045297454037,-0.15001553542645552,-0.5929085102672057,-0.3146272206013341,1.2433081979453031
0.044413405493695025,0.10334915804156476,1.3388056898829888,0.5653277375931594,0.3764445424149803,0.42726036325168704,0.5138319170750367,0.7782044451905252,-0.6086756155683118,1.3514719518369673,-0.44826687197962195,-0.592752578451691,-0.03426982710820563,0.5027498861647025,0.5507273923058259,-0.17083861298073108,-0.3181580269694987,-0.2541881718598076,-0.39977261929909214,0.2955442311824583,-1.2356262367971356,-0.6403520559100968,0.34538534144337313,-0.057584871830929196,-0.05987373435269021,0.3819898924686259,1.1968404487682296,0.17303196174351493,0.8555887569594696,0.4099985608983376,-0.478380023545015,2.0985591904595866,0.5171303954579818,-1.5787779938271438,-0.1411960697965561,0.9625651201113581,0.2642224726347697,-0.4670816120074056,0.9258392032877333,0.41490580275781447,-1.3566155200351209,0.03905798772077233,1.1224010084677205
-0.6018271596721616,0.41616590674431053,0.014644813626266023,-0.7240918602530022,-0.43535913716427327,0.34255943276581646,0.1951516527590286,-0.3212564837893291,-1.1885466390966655,0.13811884706003003,-0.3511814627782095,0.0874636953681042,-0.32232183829111605,0.03975695055611378,-0.8168611054176216,-0.5411549672700389,-0.4670345187820811,-0.7491173579930273,-0.6797469524454152,-0.5192972816633319,-0.10403310824598534,0.638862943008848,1.6666447461658018,0.024012956378065126,0.800735725236557,-0.04721265332287534,0.17303196174351493,0.8677062373192258,0.4127511014771006,-0.5897528783725836,-0.2838333462315525,0.4767533531160937,-0.3921335768967373,-1.5962298191272477,0.21555477203582768,0.49819380330366675,1.2929695584819054,0.9877572459643343,1.3593647524422239,-0.5697382861039009,-0.10960017522409886,-0.3741158530035,-0.2872103029763318
-1.764992834001161e-4,0.27965990087387055,0.8252281822477472,0.18937401265811038,0.054487587410127374,0.2488859847968649,0.4384016464961724,0.6673575442698277,-0.738911004823512,0.9029111266007794,-0.5542987092306537,-0.49566008565084774,0.036972987015319696,0.3421568401560631,-0.07786882527378904,-0.30615675200572456,-0.6407403886854354,-0.3664804879121105,-0.3791571434268673,-0.11162158358911095,-0.7449493303616733,-0.526560507473534,0.6089032074624208,-0.05119231775032419,-0.017574731870149584,0.5660501959083781,0.8555887569594696,0.4127511014771006,0.8230853388022774,0.0811996911856994,-0.648013072838914,1.680322680721577,0.19062556154097368,-1.4713548005839319,-0.17275101931601602,1.1163689386479818,0.5120697794907227,-0.35615285018530557,1.0747325133359054,-0.03106286997224917,-0.99097708479412006,-0.21188956922790153,0.9084425470393699
0.5100745479107744,-0.2667941876851954,0.5971667115528205,0.816440437630669,0.4989711156134745,-0.09030830361296642,0.06265778275046029,0.6307893538490509,0.6476762180869586,0.49679143442207907,0.03804435913844785,-0.35933724931681665,0.25417178023334136,0.19379306717092307,0.8532787705124052,0.33061124313206003,0.16774602987922543,0.45869834534911774,0.3569093892091769,0.5066218198600688,-0.47185637119111135,-0.8266907227560467,-1.1550306404482786,-0.04297429548282613,-0.6790036441499661,0.26060670673702957,0.4099985608983376,-0.5897528783725836,0.0811996911856994,0.653678395153157,-0.03849796019547565,0.6110219821895877,0.5310125087132544,0.5231146034235149,-0.265236419772142,0.1042146576143197,-0.8805198552452684,-1.043301014820234,-0.6224712770861096,0.6138078742439177,-0.5404542643401876,0.28946844147156725,0.7699375369330989
-0.27075556154543706,-0.3106461728181639,-0.3589227809785695,-0.11595082799996659,0.10518055992104303,0.10616990330773211,-0.19772672551268758,-0.7596603427798032,0.36359226348186346,-0.3867944056520301,0.6067057700033295,0.49671049005944296,-0.26898445021178263,-0.1568346743661132,0.42858831785614193,0.24214595367213004,0.9034185497125661,0.1853731661792432,0.0558850793071165,0.3802154384161377,0.2432889442132501,0.7948522447227402,-0.11620951908289853,0.04211592382134264,0.37553242314357616,-0.875835588040798,-0.478380023545015,-0.2838333462315525,-0.648013072838914,-0.03849796019547565,0.7886816663624929,-1.1629346359164856,-0.02406878278875669,0.7285226211972534,0.39469171200285846,-1.2238008005979655,-0.23898946093495224,0.8425100980900868,-0.6917018017755397,0.25442235162112103,0.6274925862106409,0.3527709009179246,-0.9330584981306427
0.15250624131377427,0.34411309932692513,2.2528085204091055,0.874898324822397,0.4964633878349807,0.6339935162982934,0.9120478162458838,1.563672612661851,-1.2234666920564303,2.3006350133174536,-1.0253468917897661,-1.1650893655523447,0.05640929110984014,0.8615582646672377,0.5731331944651442,-0.43132000114323366,-0.9800281075409969,-0.5504766731790063,-0.6947551402903848,0.230657327480585,-2.0391018673181587,-1.3336234772463682,0.7264776395230125,-0.11247853796622082,-0.21781016002355155,1.0340586698535257,2.0985591904595866,0.4767533531160937,1.680322680721577,0.6110219821895877,-1.1629346359164856,3.8713152920359626,0.779146783080954,-2.9285084059249558,-0.3933316427490163,2.126238409608779,0.6306143007223388,-1.0628927725824713,1.8881966154740601,0.4666304186240175,-2.422055093802294,-0.1408589905489634,2.178847002716854
0.3098783486787851,-0.20276380771854363,0.6838168467528981,0.6993454228772661,0.46049613010556273,0.07124351579230442,0.1975650369200441,0.5276143494425384,0.3350799953242309,0.6469707550386944,0.02383950751782609,-0.3197380077893118,0.13183009161012205,0.24881363547317825,0.8051019075688567,0.22753149200237277,0.19635962672354737,0.28943189124886676,0.14757445531081487,0.5019011006926437,-0.5913454931347498,-0.6042074604401463,-0.7031855222553421,-0.04767219293137838,-0.4198882098882463,0.13769322154842187,0.5171303954579818,-0.3921335768967373,0.19062556154097368,0.5310125087132544,-0.02406878278875669,0.779146783080954,0.4995435388690191,0.06551359593739714,-0.12923331997467374,0.11150603734908142,-0.58388440787867,-0.666978292317915,-0.2917899627315959,0.5648663291947541,-0.6253324354822453,0.26922635527704575,0.6652780957709317
1.132384021810026,-0.721028953738857,-1.570925475425693,0.6507878968641204,0.2603807562870524,-1.1950832402187965,-0.807213374915382,-0.02625943295469564,2.6945295270980565,-1.7353761427669614,0.9254579962334756,0.35940405430757666,0.7694704436807872,-0.6095039397233383,0.5755057698197031,1.0726371972987105,0.8311994269002232,1.5806231605907068,1.6739988331950983,0.3974551197638245,1.6567852303405302,-0.7077363223669758,-3.3123711178387567,-0.007452941249537774,-1.5332877811118582,0.02369627215491229,-1.5787779938271438,-1.5962298191272477,-1.4713548005839319,0.5231146034235149,0.7285226211972534,-2.9285084059249558,0.06551359593739714,4.478512190969578,-0.3572673081912357,-1.5246469016414483,-2.541616087834568,-1.521999027389961,-3.2471360558859392,0.36611429678367285,1.597565621825951,0.450794329027839,-0.4634462492221719
-0.4876360768960524,-0.03256850101289508,-0.12175972233261768,-0.3332417099605343,-0.06823137990265365,0.2899903611408104,0.08052440648154412,-0.5886982860013734,-0.3623406014703325,-0.03345801821079979,0.2627543004660262,0.3284544668146563,-0.3365265887629449,-0.021141459856087,0.026904129733648814,-0.078601684538286,0.45255575617060106,-0.2232653310077646,-0.3060035481630941,0.11521046968842444,0.012934604152015979,0.8121278133719705,0.7365950940543018,0.012118595893979758,0.6372161160363884,-0.6153365406655626,-0.1411960697965561,0.21555477203582768,-0.17275101931601602,-0.265236419772142,0.39469171200285846,-0.3933316427490163,-0.12923331997467374,-0.3572673081912357,0.42458460083174127,-0.6176294224907918,0.4234111349688181,1.0762469838790478,0.22070404985510525,-0.026952225439350656,0.2538821339233227,0.11160195327120209,-0.7019075641805722
0.3600120788552334,0.5038626646809105,0.8202815418069307,0.21168034166470567,-0.11143972012471152,-0.031614450229768484,0.33216170714194276,1.1805963175935459,-0.721905722631949,0.8191262072385581,-1.005284713042178,-0.8053103040756514,0.32742276145866517,0.31510364814632785,-0.5659474359303714,-0.4270233990689441,-1.4118011257808074,-0.3835461769009328,-0.23654905277459537,-0.5499597740216783,-0.6524516172078405,-1.214531956770452,0.3543418991429853,-0.04432243554147683,-0.472266283504365,1.2914102292488059,0.9625651201113581,0.49819380330366675,1.1163689386479818,0.1042146576143197,-1.2238008005979655,2.126238409608779,0.11150603734908142,-1.5246469016414483,-0.6176294224907918,2.0340655476612812,0.5195714514363323,-1.2595375953350398,1.2819366387469902,-0.30678820058774836,-1.1881632980485775,-0.5370493950291799,1.547514775611348
-1.0526227652305857,0.5793786423060736,0.1176707116994028,-1.1687663477020145,-0.6325972702090413,0.6487086309874222,0.19203525845904396,-0.7148574003699425,-1.8630554174590175,0.23004672578864882,-0.44862746515139473,0.23099984998965348,-0.6559557998037729,0.0510794534731486,-1.1254389718336582,-0.8266905481973923,-0.5185942796750043,-1.2043354207453545,-1.1238218097256523,-0.7059613350202875,-0.2895238288760171,1.2300921025672613,2.6690101232112156,0.0683501266316574,1.4345537135188935,-0.34404657959690815,0.2642224726347697,1.2929695584819054,0.5120697794907227,-0.8805198552452684,-0.23898946093495224,0.6306143007223388,-0.58388440787867,-2.541616087834568,0.4234111349688181,0.5195714514363323,2.080957981924019,1.777161898137928,2.0759211572114844,-0.768643334523657,-0.12628037469191059,-0.4802661332685815,-0.6397692569448212
-1.49431515156374,0.16882879631150405,-0.5207835865215912,-1.3744332277733526,-0.5244252308137693,0.7953592834159712,0.07346415125063696,-1.7750490246767407,-1.434998672263657,-0.3225349598006448,0.44376364432004717,0.9516511945303261,-1.0038241358611515,-0.15817894725211767,-0.5971615251916914,-0.5022078668453906,0.7730234232711842,-0.9546552388714088,-1.0603702685677727,-0.1735713535026215,0.18134035484701003,2.4125971549110545,2.6487443684172143,0.09006599746052261,1.9973318428225033,-1.5528610677126395,-0.4670816120074056,0.9877572459643343,-0.35615285018530557,-1.043301014820234,0.8425100980900868,-1.0628927725824713,-0.666978292317915,-1.521999027389961,1.0762469838790478,-1.2595375953350398,1.777161898137928,3.1362247860774173,1.1663663071753625,-0.5040033437736742,0.8100473662945624,-0.006330566297232541,-2.0309538719339217
-0.8591492932454982,0.6753416962868193,0.7994075559353726,-0.7644717823530517,-0.4393690552164363,0.7455403110340861,0.5219541914125747,-0.03979030918459138,-2.0955500130405613,0.9527796708774336,-0.7896405794709234,-0.21584683667338148,-0.5113732407362178,0.33158159368048157,-0.9129679880163651,-0.9029754771873356,-0.8916909098196754,-1.2613290507411117,-1.2179748214152857,-0.6177623869703291,-0.8707997740721399,0.5789360805978485,2.638430451453277,0.010804500569618241,1.1537764325000046,0.15008045297454037,0.9258392032877333,1.3593647524422239,1.0747325133359054,-0.6224712770861096,-0.6917018017755397,1.8881966154740601,-0.2917899627315959,-3.2471360558859392,0.22070404985510525,1.2819366387469902,2.0759211572114844,1.1663663071753625,2.5315831111436418,-0.6059474032290584,-0.9237667952617321,-0.5296976119469768,0.2152690158375998
0.27285526830945167,-0.35069474837307285,0.6624614734651378,0.7599318130752613,0.5667701725245148,0.10799915647832066,0.11737817996974255,0.3302154934630272,0.5393338649111679,0.5849429079527254,0.23680507772792053,-0.19395306930011258,0.05761366509339239,0.22093701872601107,1.0804031050774012,0.35059542889355944,0.5405302583160719,0.4009028853494932,0.20220409770040454,0.7030295613343421,-0.5895431072966152,-0.42072435540357045,-0.8838759394331054,-0.03566537219995968,-0.361644396073989,-0.15001553542645552,0.41490580275781447,-0.5697382861039009,-0.03106286997224917,0.6138078742439177,0.25442235162112103,0.4666304186240175,0.5648663291947541,0.36611429678367285,-0.026952225439350656,-0.30678820058774836,-0.768643334523657,-0.5040033437736742,-0.6059474032290584,0.7511565963889362,-0.48375886461502,0.4375402983914346,0.43574022832680614
-0.19111803877822203,-0.10405696096701449,-1.5088229490952285,-0.752039296022966,-0.4578253612764179,-0.38959223209682325,-0.5811803309270132,-1.0433895084046438,0.5480775910605249,-1.5227629244413128,0.5413229995161116,0.7510538224736157,-0.06814393873944703,-0.5716931256620872,-0.6439743846645278,0.1467203889750044,0.43841200187995755,0.19253199941513732,0.33562726288035777,-0.336121308693963,1.3630617284357422,0.942522175250165,-0.14119047189790784,0.07784395656573205,0.2633649105464879,-0.5929085102672057,-1.3566155200351209,-0.10960017522409886,-0.99097708479412006,-0.5404542643401876,0.6274925862106409,-2.422055093802294,-0.6253324354822453,1.597565621825951,0.2538821339233227,-1.1881632980485775,-0.12628037469191059,0.8100473662945624,-0.9237667952617321,-0.48375886461502,1.5738239037802169,-0.034895802469696605,-1.436325337509059
0.06270979350441547,-0.26924613452964546,0.1904111144747871,0.34952838032510825,0.31102723497528545,0.06895537283323377,0.01704834133074398,-0.04454621986897483,0.393231426109641,0.1622641298854962,0.30992557513379027,0.047308560211417876,-0.032397194413612114,0.060816537482942336,0.6574745049634252,0.254199247032027,0.5415825888877644,0.271249243857983,0.14089001015780478,0.46651341774319643,-0.18403224880125094,0.01693703148317945,-0.4967329319912012,-0.01254138670008204,-0.08902431807561226,-0.3146272206013341,0.03905798772077233,-0.3741158530035,-0.21188956922790153,0.28946844147156725,0.3527709009179246,-0.1408589905489634,0.26922635527704575,0.450794329027839,0.11160195327120209,-0.5370493950291799,-0.4802661332685815,-0.006330566297232541,-0.5296976119469768,0.4375402983914346,-0.034895802469696605,0.3268118343556455,-0.06537906384179909
0.8253207533480724,0.06955643716774199,1.196715872075887,1.0721455682288015,0.47016555438248164,-0.14013187048618259,0.38461035813192107,1.583870502884574,0.20311207436072984,1.1406945040997192,-0.6570530746476353,-0.9803869408946688,0.5463308346869659,0.44904801964076974,0.5306674548814448,0.07398155705805876,-0.8138405547366627,0.2598624061861723,0.2486760081184779,0.1840251630028497,-0.9358874621892935,-1.8024097517913982,-1.0281678562751364,-0.10120071693811955,-1.1143311226880699,1.2433081979453031,1.1224010084677205,-0.2872103029763318,0.9084425470393699,0.7699375369330989,-0.9330584981306427,2.178847002716854,0.6652780957709317,-0.4634462492221719,-0.7019075641805722,1.547514775611348,-0.6397692569448212,-2.0309538719339217,0.2152690158375998,0.43574022832680614,-1.436325337509059,-0.06537906384179909,1.9599359741284812
