V1,V2,V3,V4,V5,V6,V7,V8,V9,V10,V11,V12,V13,V14,V15,V16,V17,V18,V19,V20,V21,V22,V23,V24,V25,V26,V27,V28,V29,V30,V31,V32,V33,V34,V35,V36,V37,V38,V39,V40,V41,V42,V43,V44
8.17915929344302,-0.12040491801163476,-10.074087858415547,7.757667332218423,10.791969966298202,-34.08839112059253,-8.812001228278183,7.981041204276588,7.669749649871262,0.4046441570313844,-3.1728283648730793,-8.739797929180515,8.82397768965259,-2.6071783053348847,-11.474247335079708,-3.5849462632955973,31.049267608746984,-11.73545594769348,-1.0892359417513091,25.336762034464844,-4.581209084035451,-0.12707634251524727,-24.670690679535262,-11.516398048289277,-17.066621194286768,4.026820249819916,-4.515706388626478,-6.959481465176455,12.868403137131892,-0.7802246405942052,-17.96999119690601,13.290117528380886,7.651203223402689,-13.9357889109044,-32.21846625823253,18.651187879525676,-29.06647221862939,-4.86504299030325,-12.565135376800653,-0.20033304364890286,2.2144206156560102,25.86632215790549,3.472182332392625,12.402345771332861
-0.12040491801163476,0.11218103247178815,0.41540589883337264,-0.20949349421717064,-0.7094607063967203,1.5343065147909993,0.42805104789607795,-0.6257468427959794,-0.4614665853109153,-0.11141542472053523,0.26801372463064904,0.19064466712662784,-0.4994414414028317,-0.07711912098588722,0.5969074923854182,0.4292749256080303,-1.4290860414870241,0.4670242931733168,0.30308324792436,-1.0033753153595195,0.027511091947534077,-0.01356454088095752,0.8430437408358241,0.23935457993193196,0.6871761952874604,-0.07556215400478124,0.32562124910103063,0.37044017648573535,-0.5086865889511243,0.3200325790631543,0.4565460760708002,-0.6257743334514667,-0.36929529560440255,0.6012272529691356,0.8519729919211523,-0.8013523041072605,1.3195031259709344,0.22715454493652523,0.5168390322742157,0.038652089095177596,-0.06531359395932303,-1.204727533669006,0.03483193233057388,-0.47066651964893474
-10.074087858415547,0.41540589883337264,13.424315603858972,-9.92827980794973,-15.199402384091382,45.63383685887523,11.808343164456621,-11.548018832674817,-10.708212088799238,-0.7690855112399461,4.542483141987771,11.054390945403647,-12.296694298644013,2.8175383036233352,15.752578871732267,5.803095869377016,-41.565029519057155,15.475960595657005,2.449592969925254,-33.37145277080824,5.434054513471665,0.200314976238851,32.102743526979374,14.598187848422395,22.449164519440338,-4.973570773969033,6.421599631998128,9.4787465684857,-16.914821611445426,2.008948884209234,22.75449795212029,-18.01428993660289,-10.431450957959607,18.43979577736131,41.02421585500144,-24.654015743579983,39.027128559653136,6.587441234362912,16.626019496648528,0.3760398591535203,-2.848863485866393,-34.72997180989791,-3.997829793762886,-16.178348488992775
7.757667332218423,-0.20949349421717064,-9.92827980794973,7.518429861000316,10.930947586575908,-33.62567797686935,-8.702501035166742,8.18821278327754,7.748495449417538,0.47347018432010346,-3.2149641260386272,-8.402240712577635,8.880508206053879,-2.332427921018681,-11.469886486783226,-3.8870048862301143,30.64921967721857,-11.515697200508408,-1.434273693174913,24.81363110800264,-4.2611887702445115,-0.1484620299023586,-24.04873333113879,-11.092853620466476,-16.683937636533546,3.831199485750569,-4.588512591055332,-6.926282405826539,12.575823033519589,-1.104352040654175,-17.254818715866023,13.206340585448883,7.627404199203837,-13.677993966913046,-31.046179892273813,18.277116223529237,-28.748076039213725,-4.821728413761602,-12.318302542166327,-0.24304947503855387,2.1485738066620623,25.560893133022855,3.2002872838575414,12.087418353498064
10.791969966298202,-0.7094607063967203,-15.199402384091382,10.930947586575908,17.93309967923504,-51.9923032785864,-13.466050905190846,13.880917457160523,12.552242695167209,1.0739928109499846,-5.439199664211493,-12.051093815352768,14.36591277399429,-2.668316478284678,-18.217550099886036,-7.362666316378337,47.38631695346018,-17.435003508893715,-3.572829460019228,37.60075265481282,-5.652878964631634,-0.21292709331667792,-35.81359557252104,-15.891014398596647,-25.262017181553833,5.360142037403101,-7.608295492946613,-10.9233351704573,19.033371620731174,-3.038566922405259,-24.919944643344984,20.655024685843628,11.980092165504924,-20.84759056981555,-45.06811254052994,27.90026945616037,-44.49984878739184,-7.5184043105566785,-18.805404684867415,-0.5105619695210888,3.1615558500695964,39.61781464906531,4.028595392481943,18.10034325759188
-34.08839112059253,1.5343065147909993,45.63383685887523,-33.62567797686935,-51.9923032785864,155.55879501765375,40.23135790223394,-39.68285339701476,-36.53183476095411,-2.733078003235971,15.665443047012007,37.4380948088522,-41.98636037360893,9.376076696638023,53.688671942671824,20.035641702366142,-141.67371395160436,52.585451079261276,8.560403723093069,-113.5399208169835,18.391873957082236,0.603242365832214,109.0260910846287,49.31444761857304,76.4723632197975,-16.830705284797286,21.993093989090497,32.34331503611136,-57.6330271690286,7.166935619752261,77.2819390772587,-61.35777831383671,-35.470242272949335,62.80258191226381,139.19050668635617,-84.04133767359484,132.8612431915841,22.390017821825793,56.682498929480936,1.268686850626136,-9.657698034213778,-118.37789434404888,-13.372634163076834,-55.01880976537604
-8.812001228278183,0.42805104789607795,11.808343164456621,-8.702501035166742,-13.466050905190846,40.23135790223394,10.455046000467432,-10.267178503182805,-9.458826661517918,-0.7373029648820838,4.081534756143379,9.674376016753884,-10.831179836404658,2.4359049049994312,13.878138405630223,5.167376629023167,-36.68081155245606,13.637873757631262,2.1897627124854195,-29.408256022315133,4.767368645483984,0.14772179651197376,28.230602745541454,12.757634698794147,19.805155109990892,-4.369301579662436,5.712168605190506,8.384399292034498,-14.9105004945629,1.8548648920167894,19.985683727396406,-15.848947327759808,-9.174988548272996,16.292366348462853,36.01050990615837,-21.772531380727997,34.38823566426457,5.798204597701312,14.644975100045409,0.3382416290191958,-2.4969292700357255,-30.644572187309073,-3.471467093788267,-14.278136078171594
7.981041204276588,-0.6257468427959794,-11.548018832674817,8.18821278327754,13.880917457160523,-39.68285339701476,-10.267178503182805,10.905626598398158,9.665592379439554,0.9053609866858405,-4.273421109080171,-8.982520256382447,11.079055700541183,-1.8138472225224986,-13.964149430888883,-5.908466672198701,36.164976943055876,-13.179818576804097,-2.969867173230915,28.50862053292416,-4.1402138372086705,-0.13609296280131009,-27.026112887155044,-11.798096074887463,-19.20543868853284,3.9477582010204304,-5.917950675069408,-8.377495735702238,14.471333319905227,-2.6314292733130222,-18.66959724285782,15.811192763390173,9.153479883316859,-15.854055300483617,-33.77371301672178,21.227017922855637,-33.90584412206771,-5.721061615725173,-14.331469370472977,-0.393285233706294,2.364770362837516,30.289421401762162,2.8506985302909125,13.686083602561903
7.669749649871262,-0.4614665853109153,-10.708212088799238,7.748495449417538,12.552242695167209,-36.53183476095411,-9.458826661517918,9.665592379439554,8.836632013386525,0.7079481808120377,-3.7439267171687134,-8.540121808467909,10.084225385416056,-1.9556152579391408,-12.807522941821745,-5.0601587498107,33.30693691069114,-12.311958329193878,-2.4661878661297445,26.503607046435974,-4.004191066817752,-0.17586593364387149,-25.296481860428088,-11.28770539635846,-17.72873129814146,3.8172714512075485,-5.293579019615882,-7.656602746267262,13.366218607794691,-1.9948443794771051,-17.602232496016192,14.529834343270332,8.434520575011023,-14.651164449254487,-31.88609952906974,19.603917614038433,-31.31129100189333,-5.277224333668956,-13.210574696946344,-0.3698327549907387,2.2473873974829135,27.807890031729624,2.9201808191245227,12.7395922429101
0.4046441570313844,-0.11141542472053523,-0.7690855112399461,0.47347018432010346,1.0739928109499846,-2.733078003235971,-0.7373029648820838,0.9053609866858405,0.7079481808120377,0.15145670602605563,-0.39156231376186695,-0.4900510743117198,0.8005100330265263,-0.0053427805126438676,-0.9765193744531497,-0.5543913528235134,2.50494279998222,-0.8547330574414329,-0.3202948637610981,1.8940961450167118,-0.21306886752166515,0.01733730475369849,-1.6950059059474776,-0.6334184706209172,-1.3129355077739213,0.20716786503186077,-0.49446404767766555,-0.6187387608976993,0.968984396212842,-0.36255538937203535,-1.1017645820887143,1.0762001950407938,0.6330276679868645,-1.1059109422701774,-1.982834156898368,1.4606282216649833,-2.315974113978567,-0.40054415840565716,-0.954240346218563,-0.026619447647778308,0.12873804962853921,2.119631729147259,0.08000763816470939,0.917411762859164
-3.1728283648730793,0.26801372463064904,4.542483141987771,-3.2149641260386272,-5.439199664211493,15.665443047012007,4.081534756143379,-4.273421109080171,-3.7439267171687134,-0.39156231376186695,1.7533710161471363,3.5471533010844625,-4.311380013857964,0.7274036037343458,5.454636915597064,2.3211297603107743,-14.279027939067158,5.188954058122664,1.0839965604819095,-11.260634204219482,1.6947714145921466,0.016418975704663344,10.655438993930009,4.642163868597649,7.670460711265756,-1.5655186239569971,2.3572725883932373,3.31971965027745,-5.762118243860643,1.0607161773233436,7.438295023827425,-6.18404472470132,-3.5775804841409755,6.304994081522888,13.380702506814357,-8.445655938061053,13.341813051111973,2.2712004659209972,5.674699316019947,0.13534460404845292,-0.9201691025917869,-11.98725394352424,-1.126053599204885,-5.4624293753000215
-8.739797929180515,0.19064466712662784,11.054390945403647,-8.402240712577635,-12.051093815352768,37.4380948088522,9.674376016753884,-8.982520256382447,-8.540121808467909,-0.4900510743117198,3.5471533010844625,9.447790200804583,-9.83027740884567,2.6873685277393626,12.722019784831838,4.2223313344398345,-34.08863388625087,12.837541697511075,1.463859334512294,-27.660883561411584,4.836053576290538,0.16682391434264346,26.854313023831942,12.459264644796129,18.62735839862899,-4.306091529620357,5.057468552122183,7.686769083938923,-14.047462895382326,1.121300539693654,19.385970272628246,-14.662841591944643,-8.455489154134305,15.238824626723398,34.80831371279944,-20.369231776459333,31.969954619339134,5.366516025547807,13.7435699784834,0.2540103064791716,-2.3991190872184815,-28.43116434404024,-3.6336631131746335,-13.495802973089503
8.82397768965259,-0.4994414414028317,-12.296694298644013,8.880508206053879,14.36591277399429,-41.98636037360893,-10.831179836404658,11.079055700541183,10.084225385416056,0.8005100330265263,-4.311380013857964,-9.83027740884567,11.587695411984365,-2.2444767125807337,-14.696050750053647,-5.842004774250712,38.218921691718805,-14.092276263594318,-2.7964015699722022,30.400302033730316,-4.627314134484782,-0.1964152321136267,-29.021680187713358,-12.971398871684844,-20.40578236750554,4.359605042276899,-6.073586807015871,-8.78633542666674,15.390099588413472,-2.317543479124569,-20.269335016885904,16.691451639605546,9.675399340876632,-16.80714427371777,-36.650933436513355,22.510364510540814,-35.92449398057477,-6.07265232798445,-15.208575091077943,-0.39870302996872603,2.568329984209761,31.95914960976183,3.336949057181338,14.619382875939136
-2.6071783053348847,-0.07711912098588722,2.8175383036233352,-2.332427921018681,-2.668316478284678,9.376076696638023,2.4359049049994312,-1.8138472225224986,-1.9556152579391408,-0.0053427805126438676,0.7274036037343458,2.6873685277393626,-2.2444767125807337,1.0250936446820216,3.0297732813427856,0.5619917630567184,-8.544430647327713,3.369038806973838,-0.09551075328086976,-7.220896237285361,1.529206703796707,0.049269241340732205,7.205470291830053,3.5579445532464935,4.826891358934988,-1.2917917172470914,1.0823713726607869,1.8505047377278114,-3.6460851670836156,-0.21827789870697697,5.462000633746827,-3.5782946262809445,-2.0504979767192775,3.9203197220093995,9.746819615021511,-5.237293617483172,7.990373116132795,1.3187187014124395,3.513601789674438,0.03140746651431274,-0.663463883042387,-7.069144503656825,-1.2505994449019404,-3.5884591389820293
-11.474247335079708,0.5969074923854182,15.752578871732267,-11.469886486783226,-18.217550099886036,53.688671942671824,13.878138405630223,-13.964149430888883,-12.807522941821745,-0.9765193744531497,5.454636915597064,12.722019784831838,-14.696050750053647,3.0297732813427856,18.7277232934928,7.257907487163115,-48.8951102907262,18.104551594457256,3.3539142022195563,-39.01095371704391,6.063286986486784,0.25164592915005246,37.3454572023589,16.80126895815866,26.19379239516418,-5.677642532113977,7.695851962100716,11.205635884862609,-19.748801912166574,2.7587196543779346,26.189212227869085,-21.299999393534893,-12.352506379887377,21.55995285441257,47.33514174341176,-28.859380573218477,45.95439153164642,7.773582997879973,19.485333737762797,0.504889163597395,-3.316167530263446,-40.868703202353,-4.425030914503087,-18.815187358417667
-3.5849462632955973,0.4292749256080303,5.803095869377016,-3.8870048862301143,-7.362666316378337,20.035641702366142,5.167376629023167,-5.908466672198701,-5.0601587498107,-0.5543913528235134,2.3211297603107743,4.2223313344398345,-5.842004774250712,0.5619917630567184,7.257907487163115,3.55604737875681,-18.221911311919612,6.507048073533046,2.001726750286234,-14.057662737671327,1.731367426105384,0.08377816417434916,13.130116366679909,5.563829291294319,9.521143859549303,-1.7579466033430708,3.1861443268814855,4.3115583792748415,-7.167308583984059,1.8696811329789689,8.764883836632203,-8.102913531828195,-4.726432068798206,7.86800861397667,15.952970756981161,-10.542328875496002,17.17930528619412,2.9658986720685103,7.154449213798374,0.24686403208433338,-1.1313706674839434,-15.353626428949642,-1.0878476002173458,-6.683925150979015
31.049267608746984,-1.4290860414870241,-41.565029519057155,30.64921967721857,47.38631695346018,-141.67371395160436,-36.68081155245606,36.164976943055876,33.30693691069114,2.50494279998222,-14.279027939067158,-34.08863388625087,38.218921691718805,-8.544430647327713,-48.8951102907262,-18.221911311919612,129.08717626016775,-47.935580032814194,-7.790805686715143,103.45477945168722,-16.747871369920073,-0.5418506735187663,-99.34727481700799,-44.90867517813711,-69.65447532427653,15.351157669547765,-20.044657606770528,-29.47329291764811,52.48830619761867,-6.515330434361078,-70.37761109513103,55.878231495140504,32.30677774942526,-57.236287166931646,-126.79064463870556,76.57756177496887,-121.03944916663153,-20.38366209982668,-51.61446657903008,-1.170018199206066,8.804837018599835,107.83438671597338,12.1921434346733,50.1455720780438
-11.73545594769348,0.4670242931733168,15.475960595657005,-11.515697200508408,-17.435003508893715,52.585451079261276,13.637873757631262,-13.179818576804097,-12.311958329193878,-0.8547330574414329,5.188954058122664,12.837541697511075,-14.092276263594318,3.369038806973838,18.104551594457256,6.507048073533046,-47.935580032814194,17.928031197392,2.6826568873312566,-38.577894073590336,6.35462638712843,0.2323669094596533,37.16660468998787,16.951024225275507,25.90340508914349,-5.822638530989453,7.345105343950823,10.911493255338838,-19.524463826263315,2.1397307236939165,26.41253708446356,-20.710052812037013,-11.980808973949053,21.30585565451333,47.5951310136319,-28.474367524536653,44.989349870164446,7.564065721577484,19.170238274437583,0.44115933541275215,-3.3107383511430712,-39.99086173738311,-4.718977990758274,-18.724331167080827
-1.0892359417513091,0.30308324792436,2.449592969925254,-1.434273693174913,-3.572829460019228,8.560403723093069,2.1897627124854195,-2.969867173230915,-2.4661878661297445,-0.3202948637610981,1.0839965604819095,1.463859334512294,-2.7964015699722022,-0.09551075328086976,3.3539142022195563,2.001726750286234,-7.790805686715143,2.6826568873312566,1.4649045994599168,-5.754019750019595,0.33157621031449075,0.06963692615943809,5.140209690558043,1.9604407334760172,3.764921697690751,-0.55952368537185,1.5203651366332442,1.9078530815470713,-2.8459823020835113,1.2261199194975463,3.0311105398400153,-3.6083581884946265,-2.1443272216367206,3.200490821763673,5.730674660593251,-4.3229633605045965,7.433432020196089,1.2963946564032875,2.939819254879265,0.1876916979217196,-0.45144685149854613,-6.5443026980880195,-0.15889577139107428,-2.5903332728205832
25.336762034464844,-1.0033753153595195,-33.37145277080824,24.81363110800264,37.60075265481282,-113.5399208169835,-29.408256022315133,28.50862053292416,26.503607046435974,1.8940961450167118,-11.260634204219482,-27.660883561411584,30.400302033730316,-7.220896237285361,-39.01095371704391,-14.057662737671327,103.45477945168722,-38.577894073590336,-5.754019750019595,83.24502343747919,-13.77461616871777,-0.44374473947617676,-80.1386008613797,-36.46990000977284,-55.994978528999184,12.533163400917363,-15.866433069100038,-23.541065358802296,42.19306296813089,-4.676471260133837,-57.056594262074086,44.67877787754731,25.828285569887335,-45.99345358910095,-102.7285130644854,61.516360386325026,-96.99317891561962,-16.312043580805653,-41.42891045855703,-0.8946000970064296,7.119344711817343,86.35540210287776,10.144750339398112,40.41651872743125
-4.581209084035451,0.027511091947534077,5.434054513471665,-4.2611887702445115,-5.652878964631634,18.391873957082236,4.767368645483984,-4.1402138372086705,-4.004191066817752,-0.21306886752166515,1.6947714145921466,4.836053576290538,-4.627314134484782,1.529206703796707,6.063286986486784,1.731367426105384,-16.747871369920073,6.35462638712843,0.33157621031449075,-13.77461616871777,2.656763259507184,0.04143777245601954,13.476150014410152,6.346490041479714,9.34662396239557,-2.248099919861772,2.3817931084118875,3.7318057757316248,-7.034643830634827,0.2616039705303522,9.991813253892987,-7.083041998259742,-4.058979254848486,7.60360111910512,17.79943716227612,-10.152176519638356,15.615515675257598,2.6030404192332623,6.821365935957481,0.06273792184147098,-1.1959636808965375,-13.955983883815499,-1.985479134062075,-6.807871437214968
-0.12707634251524727,-0.01356454088095752,0.200314976238851,-0.1484620299023586,-0.21292709331667792,0.603242365832214,0.14772179651197376,-0.13609296280131009,-0.17586593364387149,0.01733730475369849,0.016418975704663344,0.16682391434264346,-0.1964152321136267,0.049269241340732205,0.25164592915005246,0.08377816417434916,-0.5418506735187663,0.2323669094596533,0.06963692615943809,-0.44374473947617676,0.04143777245601954,0.03686579982335491,0.45233642215346204,0.24702965787372258,0.251343199356505,-0.06694862698100908,0.07243895156451936,0.12063931506665805,-0.19634617199071544,0.0035867798151974755,0.2725152680007511,-0.2720756440012002,-0.1684420624513167,0.22246204160928035,0.5393327823994886,-0.28037102533020364,0.5639096244500873,0.09652707632312256,0.20265507168824212,0.021774170495837887,-0.0453031690595159,-0.44695750142655744,-0.0676735451302832,-0.1907164905960694
-24.670690679535262,0.8430437408358241,32.102743526979374,-24.04873333113879,-35.81359557252104,109.0260910846287,28.230602745541454,-27.026112887155044,-25.296481860428088,-1.6950059059474776,10.655438993930009,26.854313023831942,-29.021680187713358,7.205470291830053,37.3454572023589,13.130116366679909,-99.34727481700799,37.16660468998787,5.140209690558043,-80.1386008613797,13.476150014410152,0.45233642215346204,77.37705978406382,35.417843628484256,53.9112212411297,-12.191216306526563,15.08457309668344,22.54244786642056,-40.633133436431734,4.11328910197705,55.28153623449963,-42.86485977924129,-24.762360550047674,44.23860051740471,99.48813955287534,-59.14174409504124,93.15376457556977,15.648053351976701,39.85384264216184,0.8299563488747871,-6.88697806688725,-82.91119158297343,-10.003042672077056,-38.96659863504076
-11.516398048289277,0.23935457993193196,14.598187848422395,-11.092853620466476,-15.891014398596647,49.31444761857304,12.757634698794147,-11.798096074887463,-11.28770539635846,-0.6334184706209172,4.642163868597649,12.459264644796129,-12.971398871684844,3.5579445532464935,16.80126895815866,5.563829291294319,-44.90867517813711,16.951024225275507,1.9604407334760172,-36.46990000977284,6.346490041479714,0.24702965787372258,35.417843628484256,16.487246496647327,24.510407563225105,-5.682318447578033,6.661892436206999,10.126818829425744,-18.47458288305329,1.4510691187463856,25.50343569031721,-19.346231569505207,-11.189610915360033,20.074503689781242,45.87097433902101,-26.810042682442813,42.19000524186916,7.1029477456478896,18.07717413849171,0.3538563806280958,-3.1721725533184393,-37.45374487979033,-4.82017449636946,-17.78449679715312
-17.066621194286768,0.6871761952874604,22.449164519440338,-16.683937636533546,-25.262017181553833,76.4723632197975,19.805155109990892,-19.20543868853284,-17.72873129814146,-1.3129355077739213,7.670460711265756,18.62735839862899,-20.40578236750554,4.826891358934988,26.19379239516418,9.521143859549303,-69.65447532427653,25.90340508914349,3.764921697690751,-55.994978528999184,9.34662396239557,0.251343199356505,53.9112212411297,24.510407563225105,37.84800411517068,-8.40405859671304,10.721164256427722,15.862825429784847,-28.500367094074296,3.2565632243515266,38.495693714629844,-30.042482831435784,-17.346532617397774,31.01148621314812,69.176422006129215,-41.47384003072951,65.23949497800113,10.998797313871563,27.951029079873393,0.5559207965473298,-4.763032320011706,-58.22530839982398,-6.777985482496457,-27.260480024576747
4.026820249819916,-0.07556215400478124,-4.973570773969033,3.831199485750569,5.360142037403101,-16.830705284797286,-4.369301579662436,3.9477582010204304,3.8172714512075485,0.20716786503186077,-1.5655186239569971,-4.306091529620357,4.359605042276899,-1.2917917172470914,-5.677642532113977,-1.7579466033430708,15.351157669547765,-5.822638530989453,-0.55952368537185,12.533163400917363,-2.248099919861772,-0.06694862698100908,-12.191216306526563,-5.682318447578033,-8.40405859671304,2.0063940228192467,-2.2328997527090326,-3.442371371183678,6.337118958136867,-0.37355492200077256,-8.852471522359231,6.554656436541547,3.77769992919794,-6.892755744691685,-15.88815184166352,9.217376423565794,-14.373093996134,-2.395569815834395,-6.1889343220103985,-0.11396981403578973,1.0991500698626426,12.760870384894076,1.7214744581982864,6.12956113984951
-4.515706388626478,0.32562124910103063,6.421599631998128,-4.588512591055332,-7.608295492946613,21.993093989090497,5.712168605190506,-5.917950675069408,-5.293579019615882,-0.49446404767766555,2.3572725883932373,5.057468552122183,-6.073586807015871,1.0823713726607869,7.695851962100716,3.1861443268814855,-20.044657606770528,7.345105343950823,1.5203651366332442,-15.866433069100038,2.3817931084118875,0.07243895156451936,15.08457309668344,6.661892436206999,10.721164256427722,-2.2328997527090326,3.263037163409358,4.644444147631589,-8.063798265004108,1.3778572793770136,10.492393582535952,-8.724747228427931,-5.063954327347881,8.834652319232896,18.947448484885967,-11.810197650219765,18.80801870047816,3.195769559386439,7.951234292091174,0.20566810667671617,-1.316498690516068,-16.795276448876674,-1.6521374524245978,-7.664818996450148
-6.959481465176455,0.37044017648573535,9.4787465684857,-6.926282405826539,-10.9233351704573,32.34331503611136,8.384399292034498,-8.377495735702238,-7.656602746267262,-0.6187387608976993,3.31971965027745,7.686769083938923,-8.78633542666674,1.8505047377278114,11.205635884862609,4.3115583792748415,-29.47329291764811,10.911493255338838,1.9078530815470713,-23.541065358802296,3.7318057757316248,0.12063931506665805,22.54244786642056,10.126818829425744,15.862825429784847,-3.442371371183678,4.644444147631589,6.771623385085073,-11.94935573788251,1.6435842061712422,15.888675131114649,-12.774735890840534,-7.392063391420578,13.048758187570485,28.637484246475157,-17.452201200164374,27.644372961054856,4.6675253395461525,11.752344110778385,0.27685929965020584,-1.985576793891897,-24.642429026184413,-2.679128609827011,-11.403303052407185
12.868403137131892,-0.5086865889511243,-16.914821611445426,12.575823033519589,19.033371620731174,-57.6330271690286,-14.9105004945629,14.471333319905227,13.366218607794691,0.968984396212842,-5.762118243860643,-14.047462895382326,15.390099588413472,-3.6460851670836156,-19.748801912166574,-7.167308583984059,52.48830619761867,-19.524463826263315,-2.8459823020835113,42.19306296813089,-7.034643830634827,-0.19634617199071544,-40.633133436431734,-18.47458288305329,-28.500367094074296,6.337118958136867,-8.063798265004108,-11.94935573788251,21.475438776686037,-2.4358673683229837,-29.017355460863858,22.65045167728167,13.067066111718871,-23.350787694395912,-52.14458516470526,31.243939767074544,-49.16054317060702,-8.277163126787396,-21.071462562701186,-0.4234531866212563,3.5951448224596008,43.866239404429436,5.110465522482895,20.52549511560812
-0.7802246405942052,0.3200325790631543,2.008948884209234,-1.104352040654175,-3.038566922405259,7.166935619752261,1.8548648920167894,-2.6314292733130222,-1.9948443794771051,-0.36255538937203535,1.0607161773233436,1.121300539693654,-2.317543479124569,-0.21827789870697697,2.7587196543779346,1.8696811329789689,-6.515330434361078,2.1397307236939165,1.2261199194975463,-4.676471260133837,0.2616039705303522,0.0035867798151974755,4.11328910197705,1.4510691187463856,3.2565632243515266,-0.37355492200077256,1.3778572793770136,1.6435842061712422,-2.4358673683229837,1.2936782584120199,2.4289054378515718,-2.982931006424781,-1.7524344253818895,2.7179725992919272,4.474507230502289,-3.6362406597355617,6.1436696595316125,1.0967237460707053,2.482099141447353,0.12148177921569825,-0.32170893572070514,-5.5780958233272715,0.027296514339787005,-2.1727592208021402
-17.96999119690601,0.4565460760708002,22.75449795212029,-17.254818715866023,-24.919944643344984,77.2819390772587,19.985683727396406,-18.66959724285782,-17.602232496016192,-1.1017645820887143,7.438295023827425,19.385970272628246,-20.269335016885904,5.462000633746827,26.189212227869085,8.764883836632203,-70.37761109513103,26.41253708446356,3.0311105398400153,-57.056594262074086,9.991813253892987,0.2725152680007511,55.28153623449963,25.50343569031721,38.495693714629844,-8.852471522359231,10.492393582535952,15.888675131114649,-29.017355460863858,2.4289054378515718,39.967932212185985,-30.20187477389251,-17.38750097944128,31.48705549331562,71.66560236965725,-42.11706486075821,65.8743602021458,11.037039178441548,28.381110351351893,0.49119238962884015,-4.9200282129270825,-58.70631409646037,-7.41120636793014,-27.859825936933355
13.290117528380886,-0.6257743334514667,-18.01428993660289,13.206340585448883,20.655024685843628,-61.35777831383671,-15.848947327759808,15.811192763390173,14.529834343270332,1.0762001950407938,-6.18404472470132,-14.662841591944643,16.691451639605546,-3.5782946262809445,-21.299999393534893,-8.102913531828195,55.878231495140504,-20.710052812037013,-3.6083581884946265,44.67877787754731,-7.083041998259742,-0.2720756440012002,-42.86485977924129,-19.346231569505207,-30.042482831435784,6.554656436541547,-8.724747228427931,-12.774735890840534,22.65045167728167,-2.982931006424781,-30.20187477389251,24.306613439938427,14.072453449136864,-24.68975410849942,-54.52392365403288,33.046377108980835,-52.47442936042937,-8.858734159735878,-22.32141106511977,-0.5366906920745973,3.803861480340361,46.714044278173546,5.170824583366575,21.588743946469513
7.651203223402689,-0.36929529560440255,-10.431450957959607,7.627404199203837,11.980092165504924,-35.470242272949335,-9.174988548272996,9.153479883316859,8.434520575011023,0.6330276679868645,-3.5775804841409755,-8.455489154134305,9.675399340876632,-2.0504979767192775,-12.352506379887377,-4.726432068798206,32.30677774942526,-11.980808973949053,-2.1443272216367206,25.828285569887335,-4.058979254848486,-0.1684420624513167,-24.762360550047674,-11.189610915360033,-17.346532617397774,3.77769992919794,-5.063954327347881,-7.392063391420578,13.067066111718871,-1.7524344253818895,-17.38750097944128,14.072453449136864,8.17739043750352,-14.268021806013799,-31.446814832061865,19.087076540369342,-30.379756752069937,-5.1534572969449535,-12.88008220868407,-0.32438727499931974,2.199713364812222,27.012318950687398,2.984735327096804,12.475441348943962
-13.9357889109044,0.6012272529691356,18.43979577736131,-13.677993966913046,-20.84759056981555,62.80258191226381,16.292366348462853,-15.854055300483617,-14.651164449254487,-1.1059109422701774,6.304994081522888,15.238824626723398,-16.80714427371777,3.9203197220093995,21.55995285441257,7.86800861397667,-57.236287166931646,21.30585565451333,3.200490821763673,-45.99345358910095,7.60360111910512,0.22246204160928035,44.23860051740471,20.074503689781242,31.01148621314812,-6.892755744691685,8.834652319232896,13.048758187570485,-23.350787694395912,2.7179725992919272,31.48705549331562,-24.68975410849942,-14.268021806013799,25.478669757607232,56.637324943019095,-34.03772981210861,53.63232381519633,9.024242732815049,22.91046998076797,0.48533500380786243,-3.910378497738579,-47.809574091503784,-5.533410863322162,-22.3631187547292
-32.21846625823253,0.8519729919211523,41.02421585500144,-31.046179892273813,-45.06811254052994,139.19050668635617,36.01050990615837,-33.77371301672178,-31.88609952906974,-1.982834156898368,13.380702506814357,34.80831371279944,-36.650933436513355,9.746819615021511,47.33514174341176,15.952970756981161,-126.79064463870556,47.5951310136319,5.730674660593251,-102.7285130644854,17.79943716227612,0.5393327823994886,99.48813955287534,45.87097433902101,69.176422006129215,-15.88815184166352,18.947448484885967,28.637484246475157,-52.14458516470526,4.474507230502289,71.66560236965725,-54.52392365403288,-31.446814832061865,56.637324943019095,128.7365134423789,-75.7637267942005,118.78114251899635,19.926561579077255,51.05052859798086,0.9497710427863586,-8.875026089130541,-105.75648625754894,-13.294301049201747,-50.08615111511761
18.651187879525676,-0.8013523041072605,-24.654015743579983,18.277116223529237,27.90026945616037,-84.04133767359484,-21.772531380727997,21.227017922855637,19.603917614038433,1.4606282216649833,-8.445655938061053,-20.369231776459333,22.510364510540814,-5.237293617483172,-28.859380573218477,-10.542328875496002,76.57756177496887,-28.474367524536653,-4.3229633605045965,61.516360386325026,-10.152176519638356,-0.28037102533020364,-59.14174409504124,-26.810042682442813,-41.47384003072951,9.217376423565794,-11.810197650219765,-17.452201200164374,31.243939767074544,-3.6362406597355617,-42.11706486075821,33.046377108980835,19.087076540369342,-34.03772981210861,-75.7637267942005,45.56031305153057,-71.72881019304414,-12.073635597433546,-30.67732096408014,-0.6492867968218238,5.24179049663531,63.95398235048823,7.392863487898328,29.890130092666798
-29.06647221862939,1.3195031259709344,39.027128559653136,-28.748076039213725,-44.49984878739184,132.8612431915841,34.38823566426457,-33.90584412206771,-31.31129100189333,-2.315974113978567,13.341813051111973,31.969954619339134,-35.92449398057477,7.990373116132795,45.95439153164642,17.17930528619412,-121.03944916663153,44.989349870164446,7.433432020196089,-96.99317891561962,15.615515675257598,0.5639096244500873,93.15376457556977,42.19000524186916,65.23949497800113,-14.373093996134,18.80801870047816,27.644372961054856,-49.16054317060702,6.1436696595316125,65.8743602021458,-52.47442936042937,-30.379756752069937,53.63232381519633,118.78114251899635,-71.72881019304414,113.63347208082752,19.17022938196842,48.361544547007334,1.131526007867427,-8.268372889607988,-101.11328057955578,-11.425690189800656,-46.97659451645666
-4.86504299030325,0.22715454493652523,6.587441234362912,-4.821728413761602,-7.5184043105566785,22.390017821825793,5.798204597701312,-5.721061615725173,-5.277224333668956,-0.40054415840565716,2.2712004659209972,5.366516025547807,-6.07265232798445,1.3187187014124395,7.773582997879973,2.9658986720685103,-20.38366209982668,7.564065721577484,1.2963946564032875,-16.312043580805653,2.6030404192332623,0.09652707632312256,15.648053351976701,7.1029477456478896,10.998797313871563,-2.395569815834395,3.195769559386439,4.6675253395461525,-8.277163126787396,1.0967237460707053,11.037039178441548,-8.858734159735878,-5.1534572969449535,9.024242732815049,19.926561579077255,-12.073635597433546,19.17022938196842,3.274246908402471,8.142051213928408,0.19580293652170994,-1.3871252661865405,-17.058706388931746,-1.903047011244217,-7.909805417042698
-12.565135376800653,0.5168390322742157,16.626019496648528,-12.318302542166327,-18.805404684867415,56.682498929480936,14.644975100045409,-14.331469370472977,-13.210574696946344,-0.954240346218563,5.674699316019947,13.7435699784834,-15.208575091077943,3.513601789674438,19.485333737762797,7.154449213798374,-51.61446657903008,19.170238274437583,2.939819254879265,-41.42891045855703,6.821365935957481,0.20265507168824212,39.85384264216184,18.07717413849171,27.951029079873393,-6.1889343220103985,7.951234292091174,11.752344110778385,-21.071462562701186,2.482099141447353,28.381110351351893,-22.32141106511977,-12.88008220868407,22.91046998076797,51.05052859798086,-30.67732096408014,48.361544547007334,8.142051213928408,20.710514791048432,0.4365426643022747,-3.5353842275402805,-43.13169370563232,-4.960584520999351,-20.109875046072744
-0.20033304364890286,0.038652089095177596,0.3760398591535203,-0.24304947503855387,-0.5105619695210888,1.268686850626136,0.3382416290191958,-0.393285233706294,-0.3698327549907387,-0.026619447647778308,0.13534460404845292,0.2540103064791716,-0.39870302996872603,0.03140746651431274,0.504889163597395,0.24686403208433338,-1.170018199206066,0.44115933541275215,0.1876916979217196,-0.8946000970064296,0.06273792184147098,0.021774170495837887,0.8299563488747871,0.3538563806280958,0.5559207965473298,-0.11396981403578973,0.20566810667671617,0.27685929965020584,-0.4234531866212563,0.12148177921569825,0.49119238962884015,-0.5366906920745973,-0.32438727499931974,0.48533500380786243,0.9497710427863586,-0.6492867968218238,1.131526007867427,0.19580293652170994,0.4365426643022747,0.04256670937013105,-0.08239746066757861,-0.9659768080939732,-0.06864327020705602,-0.40647553228243466
2.2144206156560102,-0.06531359395932303,-2.848863485866393,2.1485738066620623,3.1615558500695964,-9.657698034213778,-2.4969292700357255,2.364770362837516,2.2473873974829135,0.12873804962853921,-0.9201691025917869,-2.3991190872184815,2.568329984209761,-0.663463883042387,-3.316167530263446,-1.1313706674839434,8.804837018599835,-3.3107383511430712,-0.45144685149854613,7.119344711817343,-1.1959636808965375,-0.0453031690595159,-6.88697806688725,-3.1721725533184393,-4.763032320011706,1.0991500698626426,-1.316498690516068,-1.985576793891897,3.5951448224596008,-0.32170893572070514,-4.9200282129270825,3.803861480340361,2.199713364812222,-3.910378497738579,-8.875026089130541,5.24179049663531,-8.268372889607988,-1.3871252661865405,-3.5353842275402805,-0.08239746066757861,0.6255056635419275,7.3287304216712394,0.913940816813429,3.453115508209595
25.86632215790549,-1.204727533669006,-34.72997180989791,25.560893133022855,39.61781464906531,-118.37789434404888,-30.644572187309073,30.289421401762162,27.807890031729624,2.119631729147259,-11.98725394352424,-28.43116434404024,31.95914960976183,-7.069144503656825,-40.868703202353,-15.353626428949642,107.83438671597338,-39.99086173738311,-6.5443026980880195,86.35540210287776,-13.955983883815499,-0.44695750142655744,-82.91119158297343,-37.45374487979033,-58.22530839982398,12.760870384894076,-16.795276448876674,-24.642429026184413,43.866239404429436,-5.5780958233272715,-58.70631409646037,46.714044278173546,27.012318950687398,-47.809574091503784,-105.75648625754894,63.95398235048823,-101.11328057955578,-17.058706388931746,-43.13169370563232,-0.9659768080939732,7.3287304216712394,90.16540693705123,10.113161436938313,41.873767962883036
3.472182332392625,0.03483193233057388,-3.997829793762886,3.2002872838575414,4.028595392481943,-13.372634163076834,-3.471467093788267,2.8506985302909125,2.9201808191245227,0.08000763816470939,-1.126053599204885,-3.6336631131746335,3.336949057181338,-1.2505994449019404,-4.425030914503087,-1.0878476002173458,12.1921434346733,-4.718977990758274,-0.15889577139107428,10.144750339398112,-1.985479134062075,-0.0676735451302832,-10.003042672077056,-4.82017449636946,-6.777985482496457,1.7214744581982864,-1.6521374524245978,-2.679128609827011,5.110465522482895,0.027296514339787005,-7.41120636793014,5.170824583366575,2.984735327096804,-5.533410863322162,-13.294301049201747,7.392863487898328,-11.425690189800656,-1.903047011244217,-4.960584520999351,-0.06864327020705602,0.913940816813429,10.113161436938313,1.5957173434504122,4.996829336247784
12.402345771332861,-0.47066651964893474,-16.178348488992775,12.087418353498064,18.10034325759188,-55.01880976537604,-14.278136078171594,13.686083602561903,12.7395922429101,0.917411762859164,-5.4624293753000215,-13.495802973089503,14.619382875939136,-3.5884591389820293,-18.815187358417667,-6.683925150979015,50.1455720780438,-18.724331167080827,-2.5903332728205832,40.41651872743125,-6.807871437214968,-0.1907164905960694,-38.96659863504076,-17.78449679715312,-27.260480024576747,6.12956113984951,-7.664818996450148,-11.403303052407185,20.52549511560812,-2.1727592208021402,-27.859825936933355,21.588743946469513,12.475441348943962,-22.3631187547292,-50.08615111511761,29.890130092666798,-46.97659451645666,-7.909805417042698,-20.109875046072744,-0.40647553228243466,3.453115508209595,41.873767962883036,4.996829336247784,19.69428001259974
