V1,V2,V3,V4,V5,V6,V7,V8,V9,V10,V11,V12,V13,V14,V15,V16,V17,V18,V19,V20,V21,V22,V23,V24,V25,V26,V27,V28,V29,V30,V31,V32,V33,V34,V35,V36,V37,V38,V39,V40,V41,V42,V43,V44
1.1782849512567262,0.30484294898115616,-0.13367058204079083,0.632772919351354,-0.9907255706855879,-0.029928871340308104,-0.062236873902272866,-1.1681790286665528,-0.5639811191940558,-0.39251291476861255,0.36121144616451634,-0.9166081325746265,-0.631454547980741,-0.9642161127146728,0.4187158867819744,1.2362349634181145,0.10709382364009606,-0.46001735601325033,1.3437847537810972,0.7340424096712334,-0.82599643334458694,0.011677819543854233,-1.3387037852955928,-1.1909696946000006,-0.5429633208201219,0.5641588040048923,0.47040203222773636,0.14659212569772198,0.47181829371918227,1.2425335078152793,-1.7025137340788457,-0.18910274747396094,-0.2208532025850872,-0.2757280282453618,-2.8604126856772405,0.4415966861981633,-0.0029705896592285928,0.04555265570254124,-0.32247314041926894,0.06414758692381126,0.19626345582646704,0.013103453829835774,0.8655400473242503,0.6085579283201449
0.30484294898115616,0.25029575728922165,-0.03498131690014471,0.2216856371127761,-0.35841351977377545,0.1405350795099616,0.16612843020153265,-0.4621344740848939,-0.11568298957438364,0.006517637137783112,0.28640149731397857,-0.1865936350621387,-0.1218445014171711,-0.2146289262367375,0.28428088118119993,0.537879010750399,-0.2879917553374961,0.0352225730215407,0.31558816223525826,0.23418390313620682,-0.36753677892675185,-0.030648012373653208,-0.3055384999550071,-0.3790272018747881,0.01844643598361647,0.1077708234738255,0.20493179143799606,0.06624524556614077,-0.10116414401220052,0.5407836057836775,-0.4686354445371979,-0.24182917638231247,-0.048157157394615124,-0.03760872448127835,-0.7176665636185595,-0.060772289835106706,0.16507731760200003,0.10479238762287789,0.2278971982649219,0.1552477190428561,-0.026074017760875024,-0.3642220449158716,0.286158803615711,0.06445019904413839
-0.13367058204079083,-0.03498131690014471,0.30462670630221966,-0.19559461980951642,-0.35061593711667893,0.8199455719372507,0.18518509681022507,-0.21423485430905131,-0.3289382431557478,-0.030383819034763827,-0.016587731892629867,0.18458531464460542,-0.36104616585344196,0.018688037371516975,0.3590450793056474,0.12088443544202576,-0.7325638936426195,0.3099229675762963,0.22036217700362754,-0.6519207276559322,0.018452151806900022,0.07203030898510224,0.5790769303321891,0.29337472837152595,0.2704062201060792,-0.08216360842792392,0.1389176018109718,0.23941093920071657,-0.2235238426911297,0.011645868676886849,0.3037633699064232,-0.40163084703029,-0.2561740923778791,0.2834758693367022,0.6653175987654082,-0.36772428054975614,0.7828754673071409,0.14094995560423118,0.21935548363784305,0.001858874680035081,-0.02308009965929012,-0.5778525977152076,-0.06384707024554409,-0.24269859490278844
0.632772919351354,0.2216856371127761,-0.19559461980951642,0.45334258114131304,-0.3408634211257396,-0.34292029518492934,-0.052943274024485405,-0.5257377957544808,-0.073629407476817,-0.19189877913351747,0.26832444153370166,-0.5126636706368335,-0.148510192141334,-0.4935158232777321,0.06293850134736549,0.6222461338358517,0.2926541685314347,-0.36238569071986826,0.5381577032107253,0.6714348559032548,-0.4357350713809008,-0.0456780156046284,-0.9589623755355703,-0.7947134859536674,-0.2939261588970462,0.30027581545867865,0.24203195798994684,0.03882701305955624,0.19910802920031942,0.7246536723691714,-0.9318146733517654,0.012912054887807478,0.04571624924496621,-0.24497062322447027,-1.6606120258255814,0.28608618294620397,-0.3757976029253865,0.012651735929069093,-0.1181141374662076,0.024757693865471653,0.13219377091599036,0.10442671780346467,0.5099978021678248,0.34654965955131445
-0.9907255706855879,-0.35841351977377545,-0.35061593711667893,-0.3408634211257396,1.7480463528398638,-1.5426467174859797,-0.3525776324469233,1.7378294041093667,1.1246963343838852,0.4436159082084738,-0.45977903652724716,0.62621608580809,1.2012147818067513,0.9915871533377032,-1.0933660245300552,-1.5294977302349744,1.3518535052039102,-0.08407900116303456,-1.7152877125209574,0.3921847213180179,0.792007423099571,-0.08823874946624466,0.34776059249853253,0.7628704244401717,-0.04988661382420802,-0.40537149475460243,-0.721536688877754,-0.4267966499481187,-0.020861501233260756,-1.3915100721067983,1.1846281953809348,0.9119904326207036,0.6602238495677919,-0.3568465331914798,1.7940187396774714,0.29601966863944634,-1.4760543357762481,-0.27345153608998224,-0.1971301372691911,-0.11599491614858255,-0.09465637128177112,1.128277732337864,-0.7799966756623806,-0.16354616758088988
-0.029928871340308104,0.1405350795099616,0.8199455719372507,-0.34292029518492934,-1.5426467174859797,3.1618493219169315,0.7060996699069612,-1.4181797057858743,-1.0135016291691668,-0.331377775321327,0.5302034617245259,0.1946096937577196,-1.1819832521585054,-0.3529406836055357,1.247785215052293,1.075239524507222,-2.7144862329212662,0.7002995652495507,0.8837556873406173,-1.8964355789525498,0.012801278744695667,-0.030592972695540194,1.4678065343388624,0.32695698216353325,1.2712698556928825,0.043639356546165825,0.6841556576693737,0.7625878219717942,-0.8378539321977942,0.7976353217462969,0.6492272344972203,-1.2000362647225096,-0.8502183465750534,1.092941494997322,1.1924271920717542,-1.4532275082833686,2.590246428289484,0.43833862225445247,0.8195363660509896,0.008624630122156376,-0.06805538391910398,-2.3035024901102314,0.21526794512789382,-0.7625668459327184
-0.062236873902272866,0.16612843020153265,0.18518509681022507,-0.052943274024485405,-0.3525776324469233,0.7060996699069612,0.3123641764793472,-0.340062722028841,-0.18131324601315374,0.07546755899229607,0.21243804276311318,0.15155644346490355,-0.18734766099839026,0.02752209543613085,0.41871740247234834,0.3292852663895942,-0.8118216660310293,0.3423453046423371,0.12001984196775019,-0.3653806655445594,-0.1449337690889011,0.0018768798202245828,0.3934871620265929,0.08308107404571034,0.3556163618102703,-0.07908867781163259,0.18326765552792157,0.17125401209363084,-0.3746925084166837,0.26476556176573074,0.14642551670014714,-0.44664392164380456,-0.15986693964420806,0.22713365897999824,0.3980605415506173,-0.4220303691069972,0.6719634357427103,0.18459633373805162,0.46471364564689893,0.14619199253383244,-0.09165130032092161,-0.7633769767952183,0.038464857384882804,-0.24850891818064683
-1.1681790286665528,-0.4621344740848939,-0.21423485430905131,-0.5257377957544808,1.7378294041093667,-1.4181797057858743,-0.340062722028841,1.9141781203114279,0.9773173122773113,0.5039828958182212,-0.7006790864628663,0.8224536375495625,1.1076087646207071,1.1598915179329496,-0.9743104681805714,-1.787097823737772,1.236891089476287,0.09202500838338121,-1.6741527454083354,0.0766822454201335,0.8580286937450488,0.02495590494962246,0.7306925345965786,1.1044360323833085,-0.12557562774811995,-0.5490733613893685,-0.801823934836672,-0.4048545416152573,0.015836296553695995,-1.723047604532004,1.3913347879941913,0.8091933659221587,0.5429085649237442,-0.32204709907613266,2.3403876516258646,0.28386338432592145,-1.2442538327150543,-0.23948025557027902,-0.23696425309031963,-0.09912614178191423,-0.13192948404068894,1.1572711820943469,-0.9996026987031257,-0.23427277987381998
-0.5639811191940558,-0.11568298957438364,-0.3289382431557478,-0.073629407476817,1.1246963343838852,-1.0135016291691668,-0.18131324601315374,0.9773173122773113,0.9041263957721472,0.2287614821530585,-0.07943282886141771,0.3178761135030678,0.8932109617914143,0.5401822151759762,-0.7929769445159813,-0.8455025726634773,0.8665248376915248,-0.1952305312669774,-1.211131475339874,0.4398869688473518,0.5370084509966331,-0.16121007725574865,-0.005332401711159018,0.24839741304483953,0.1382333454096315,-0.20900953698815863,-0.39467944743669375,-0.3103634794842216,-0.13921370684826048,-0.6417394345591533,0.7445434993107894,0.6478619103845429,0.5362222214730243,-0.17683478039489625,0.9300879013658837,0.09671562495922946,-1.1256518273769163,-0.17609022619944237,0.008340067992882267,-0.09966265667289151,-0.039014466127016555,0.6036545661589509,-0.369374405005573,-0.1297808991598056
-0.39251291476861255,0.006517637137783112,-0.030383819034763827,-0.19189877913351747,0.4436159082084738,-0.331377775321327,0.07546755899229607,0.5039828958182212,0.2287614821530585,0.4963865587359704,-0.07064925595831315,0.319511149325149,0.3630653567217588,0.5102807153353279,-0.013298987810842737,-0.2514507511237556,0.050753147333421546,0.3913138083977921,-0.5558123000487846,0.08838838424882337,-0.06536917390380452,0.0067834088576252845,0.4487351800194475,0.5072640267967193,-0.040764968839452895,-0.1810961653530799,-0.2624719924159162,-0.12391496035743814,-0.09367482499669359,-0.42014103534775404,0.2758215317024376,-0.020424146549898676,0.10541522235792261,-0.14564000116232978,0.7363520717473068,-0.00664637143421782,0.06756870793646276,-0.02021120543329468,0.157620856433634,0.2506350615260451,-0.27541097293874683,0.016281588029597116,-0.30598134529501175,-0.09003306539146988
0.36121144616451634,0.28640149731397857,-0.016587731892629867,0.26832444153370166,-0.45977903652724716,0.5302034617245259,0.21243804276311318,-0.7006790864628663,-0.07943282886141771,-0.07064925595831315,0.5606560066782581,-0.2945518972939479,-0.18949993220379543,-0.3364469728735392,0.30194732100627364,0.8623047754258796,-0.5434097902538424,-0.02404156434013134,0.29061638052798555,0.16690242934919336,-0.3305639637052507,-0.16528629937051142,-0.29159404467238487,-0.5057801058762081,0.31716037587452245,0.2626446618391561,0.3362388798896123,0.22011304606316784,-0.2502615948358285,0.8435066656090504,-0.4122113963283044,-0.2566810591455376,-0.0712060407810495,0.0807251355473785,-0.810991043600571,-0.30793550343563886,0.3415846940436897,0.11858800971810171,0.30117626893972793,0.10514181196350203,-0.0183410703641783,-0.7111678235542896,0.46333184101020447,-0.02388787081126452
-0.9166081325746265,-0.1865936350621387,0.18458531464460542,-0.5126636706368335,0.62621608580809,0.1946096937577196,0.15155644346490355,0.8224536375495625,0.3178761135030678,0.319511149325149,-0.2945518972939479,0.7891378550277957,0.3864833125363103,0.7703432456025947,-0.1266481492772022,-0.9007866079731247,-0.3232260499820019,0.49008994161522007,-0.9045251036252087,-0.6959862086481479,0.548750064022011,0.05042604922954518,1.156753272061989,0.9547348930188511,0.4433660503494659,-0.5040060364549217,-0.30044092512589754,-0.04688984000963029,-0.45762604813012364,-0.9236465438743183,1.3061183441654405,-0.04177183737367642,0.087179004826961,0.23292758677565653,2.3370752517415228,-0.414193577921305,0.1892614924885504,0.061560051934820344,0.3890695079668558,0.017118099620661024,-0.15748198602788843,-0.2078782420791205,-0.6875252842942422,-0.5334245469563876
-0.631454547980741,-0.1218445014171711,-0.36104616585344196,-0.148510192141334,1.2012147818067513,-1.1819832521585054,-0.18734766099839026,1.1076087646207071,0.8932109617914143,0.3630653567217588,-0.18949993220379543,0.3864833125363103,1.0072860706869882,0.6591021795873764,-0.7955197590908283,-1.0017666086193746,0.947455949562705,-0.0842003163943287,-1.2988497858854047,0.474152553951237,0.5128035623748987,-0.11705731034628845,0.0894825714346578,0.40376769375083443,0.013628548465953351,-0.28810345743384735,-0.5329688006836023,-0.4918281937791858,-0.04433625383728709,-0.847277880151726,0.7333202694428026,0.6828173159666079,0.5408130500301628,-0.20573085692498538,1.0202665383925007,0.216190752345332,-1.1022056517472818,-0.22871560893168077,-0.0176269901269594,-0.00614227302644233,-0.13245067719985845,0.7781869076384215,-0.5095332566962371,-0.08072134103515304
-0.9642161127146728,-0.2146289262367375,0.018688037371516975,-0.4935158232777321,0.9915871533377032,-0.3529406836055357,0.02752209543613085,1.1598915179329496,0.5401822151759762,0.5102807153353279,-0.3364469728735392,0.7703432456025947,0.6591021795873764,0.9694450406063055,-0.2842415840357128,-1.0228129567134487,0.14757231044479274,0.43443503975389,-1.1575528742656536,-0.31680065225584403,0.4967224168035554,0.010060223326899506,1.0429556098811266,1.0020954548390053,0.21512938163603956,-0.46471812085115194,-0.4720426621811755,-0.1222735239771392,-0.2906124095943998,-1.1177300057464992,1.1777623123790002,0.215527809753769,0.20802486343716112,-0.07585439300697434,2.18407598022106,-0.18867406181672075,-0.23592784876857895,-0.01576286822934573,0.18377968774201997,0.11024774211034029,-0.2421107033089991,0.1574874240650329,-0.7555489330630393,-0.4046265496774579
0.4187158867819744,0.28428088118119993,0.3590450793056474,0.06293850134736549,-1.0933660245300552,1.247785215052293,0.41871740247234834,-0.9743104681805714,-0.7929769445159813,-0.013298987810842737,0.30194732100627364,-0.1266481492772022,-0.7955197590908283,-0.2842415840357128,1.095824698501473,1.0620064627621837,-1.2917018978967143,0.4505878469552734,1.0579186101872713,-0.4539298856825048,-0.6920898758327477,0.10510277366212964,0.3062882778619971,-0.17351353001756553,0.10953195266680513,0.14178127752698402,0.4766992399044532,0.5141012007079944,-0.20676065796833432,0.7745701701414475,-0.6346914650377575,-0.865076363468494,-0.5711994610210764,0.07767073461556989,-0.5422444976831482,-0.40160251328923974,1.276144538796795,0.37127510027724714,0.35161928842391427,0.32413192322935114,-0.08893988510625628,-1.150610979387844,0.35382315852243934,-0.08528067787284889
1.2362349634181145,0.537879010750399,0.12088443544202576,0.6222461338358517,-1.5294977302349744,1.075239524507222,0.3292852663895942,-1.787097823737772,-0.8455025726634773,-0.2514507511237556,0.8623047754258796,-0.9007866079731247,-1.0017666086193746,-1.0228129567134487,1.0620064627621837,2.118690706127289,-1.0449329170639885,-0.022263479424540447,1.5997149193230045,0.3621171226147959,-1.1962788062654865,-0.08481959493744748,-0.8804957565177994,-1.183480042372184,-0.03134749901075583,0.6962383988303731,0.8183911281095666,0.5996243916887395,-0.004688537117871774,1.8910736248637607,-1.7436306953949885,-0.8091465237526815,-0.4978017438007647,-0.08046896535654745,-2.7400292704367284,-0.18805373714700663,1.0527195772832199,0.3007404891124839,0.1963163175478288,0.2949219534051306,0.03498601687930899,-1.203706279089421,1.1382454897967396,0.32999416340790017
0.10709382364009606,-0.2879917553374961,-0.7325638936426195,0.2926541685314347,1.3518535052039102,-2.7144862329212662,-0.8118216660310293,1.236891089476287,0.8665248376915248,0.050753147333421546,-0.5434097902538424,-0.3232260499820019,0.947455949562705,0.14757231044479274,-1.2917018978967143,-1.0449329170639885,2.6244467134329117,-0.9079744014869453,-0.6919683266037705,1.5784543982153054,0.23082707071143158,-0.010566792446791004,-1.390018376347018,-0.34278394203354257,-1.138521413696244,0.09043453058341701,-0.6178426499016174,-0.6636738267628135,0.9458241745865164,-0.7685877484105544,-0.533001419714654,1.3112746793087193,0.7138058250701643,-0.9020864603893871,-1.2166905367904368,1.3559038800570773,-2.4257353714521455,-0.49192959349796256,-1.0702465533383831,-0.2221548892621461,0.17760317979285692,2.300933579743506,-0.1569610843224292,0.7456831456683267
-0.46001735601325033,0.0352225730215407,0.3099229675762963,-0.36238569071986826,-0.08407900116303456,0.7002995652495507,0.3423453046423371,0.09202500838338121,-0.1952305312669774,0.3913138083977921,-0.02404156434013134,0.49008994161522007,-0.0842003163943287,0.43443503975389,0.4505878469552734,-0.022263479424540447,-0.9079744014869453,0.7367074238898458,-0.20534670774403613,-0.6583720521580995,-0.08195710717919344,0.08883950836424012,1.0129263242536155,0.6941514241134085,0.3251858445321708,-0.2773178312800307,-0.03656768962607912,0.12279558421913139,-0.40701070982168414,-0.2651155696860071,0.549310121713543,-0.5356302795289337,-0.1951333323273646,0.23566582490905422,1.3408084355857068,-0.4578004825620615,0.9888064893528694,0.16555168413180119,0.5117535764633234,0.2616380259528879,-0.26764797803407714,-0.7396832310774247,-0.3132706086536259,-0.37363127328233703
1.3437847537810972,0.31558816223525826,0.22036217700362754,0.5381577032107253,-1.7152877125209574,0.8837556873406173,0.12001984196775019,-1.6741527454083354,-1.211131475339874,-0.5558123000487846,0.29061638052798555,-0.9045251036252087,-1.2988497858854047,-1.1575528742656536,1.0579186101872713,1.5997149193230045,-0.6919683266037705,-0.20534670774403613,2.1271452193901066,0.10337105594246324,-1.0575649919350196,0.17582518425345825,-0.9653052622736028,-1.1261876677216918,-0.5226304401565791,0.562925521793945,0.7472300715953394,0.507108439451268,0.4197465195868431,1.4619255771693371,-1.8677541843351284,-0.7344356225361528,-0.6561154813285891,-0.1126765586324993,-2.809995435732498,0.20649337555211741,0.8732256299018737,0.2667457054604623,-0.23863081652439816,0.10668845997010507,0.24524797094221729,-0.5560080369761113,0.9531456216452021,0.512682363724605
0.7340424096712334,0.23418390313620682,-0.6519207276559322,0.6714348559032548,0.3921847213180179,-1.8964355789525498,-0.3653806655445594,0.0766822454201335,0.4398869688473518,0.08838838424882337,0.16690242934919336,-0.6959862086481479,0.474152553951237,-0.31680065225584403,-0.4539298856825048,0.3621171226147959,1.5784543982153054,-0.6583720521580995,0.10337105594246324,1.7841460524542962,-0.6147096391626733,-0.09121789809923377,-1.7302661404533863,-1.0197702561848807,-0.9203510552134513,0.38269465934392705,-0.07999044041831992,-0.3177417405182811,0.6189426699059886,0.5040840825605468,-1.4643347769229436,0.5901718801399377,0.44329839375520935,-0.8821793377465418,-2.553135123593616,0.9969336142090505,-1.5784468339974518,-0.19559886141447283,-0.5093738936561515,0.14687739546548792,0.0722463322901068,1.1255405164694203,0.5002947890906674,0.7718046045459681
-0.82599643334458694,-0.36753677892675185,0.018452151806900022,-0.4357350713809008,0.792007423099571,0.012801278744695667,-0.1449337690889011,0.8580286937450488,0.5370084509966331,-0.06536917390380452,-0.3305639637052507,0.548750064022011,0.5128035623748987,0.4967224168035554,-0.6920898758327477,-1.1962788062654865,0.23082707071143158,-0.08195710717919344,-1.0575649919350196,-0.6147096391626733,1.0449204443174502,-0.07549291084715144,0.7654418385244659,0.7182340248112443,0.5088962054444219,-0.36048367267523823,-0.38009967552725704,-0.2572956755537836,-0.21823337491579864,-0.9986981624802137,1.472469723478378,0.5057165697285618,0.24841394796285352,0.40154477761328317,2.040583336517279,-0.27272022230775345,-0.363380408832988,-0.18021060837809524,-0.013732292393214466,-0.3609710698984105,0.0414310326072654,0.3440025357710679,-0.6357397275847595,-0.42081267009960066
0.011677819543854233,-0.030648012373653208,0.07203030898510224,-0.0456780156046284,-0.08823874946624466,-0.030592972695540194,0.0018768798202245828,0.02495590494962246,-0.16121007725574865,0.0067834088576252845,-0.16528629937051142,0.05042604922954518,-0.11705731034628845,0.010060223326899506,0.10510277366212964,-0.08481959493744748,-0.010566792446791004,0.08883950836424012,0.17582518425345825,-0.09121789809923377,-0.07549291084715144,0.11189026379414352,0.05286256418041914,0.0851545077352934,-0.16412089089767404,-0.07082309972259568,-0.010371775992359557,-0.005617019416471566,0.07703622652844014,-0.10935878386125522,-0.07382663189467814,-0.11169897118912965,-0.07404535361840812,-0.024580031138142857,0.037695902663899494,0.10105284463809666,0.10165537720724417,0.030394043824750847,-0.030395766076568447,0.02445223769131723,0.014356516187207806,0.07738217407211319,-0.0653282922760505,0.03822778432501472
-1.3387037852955928,-0.3055384999550071,0.5790769303321891,-0.9589623755355703,0.34776059249853253,1.4678065343388624,0.3934871620265929,0.7306925345965786,-0.005332401711159018,0.4487351800194475,-0.29159404467238487,1.156753272061989,0.0894825714346578,1.0429556098811266,0.3062882778619971,-0.8804957565177994,-1.390018376347018,1.0129263242536155,-0.9653052622736028,-1.7302661404533863,0.7654418385244659,0.05286256418041914,2.3721121924619073,1.695333133669304,0.9709490126022229,-0.6246445364136259,-0.2922002716318458,0.19254611902752153,-0.7564213833715181,-1.1866709403401061,2.041513135262912,-0.4198923067421868,-0.27825176196460083,0.677769205947543,3.751568283994776,-1.0500571721690564,1.4056269671343027,0.16446892444314243,0.6128605096924715,0.07768577510978994,-0.36362939108592934,-1.0047046627837575,-0.9679181876358678,-0.9584917965881741
-1.1909696946000006,-0.3790272018747881,0.29337472837152595,-0.7947134859536674,0.7628704244401717,0.32695698216353325,0.08308107404571034,1.1044360323833085,0.24839741304483953,0.5072640267967193,-0.5057801058762081,0.9547348930188511,0.40376769375083443,1.0020954548390053,-0.17351353001756553,-1.183480042372184,-0.34278394203354257,0.6941514241134085,-1.1261876677216918,-1.0197702561848807,0.7182340248112443,0.0851545077352934,1.695333133669304,1.520586247032848,0.4110014356393447,-0.5658810285994458,-0.5279545435406484,-0.15152456692520855,-0.310595881649481,-1.390884802748692,1.641020467001302,0.008267386602713887,-0.0015133985135299384,0.3516658680473528,2.9890202267703097,-0.42040204426909417,0.5802681685602226,-0.05813908728792952,0.20294496880225457,0.023013442538993848,-0.3211255939342313,-0.06814598688209925,-0.9683124984670746,-0.5704284041521963
-0.5429633208201219,0.01844643598361647,0.2704062201060792,-0.2939261588970462,-0.04988661382420802,1.2712698556928825,0.3556163618102703,-0.12557562774811995,0.1382333454096315,-0.040764968839452895,0.31716037587452245,0.4433660503494659,0.013628548465953351,0.21512938163603956,0.10953195266680513,-0.03134749901075583,-1.138521413696244,0.3251858445321708,-0.5226304401565791,-0.9203510552134513,0.5088962054444219,-0.16412089089767404,0.9709490126022229,0.4110014356393447,1.0675168997943438,-0.19339906861045392,0.1367977155235164,0.20781391656593012,-0.7800548470563015,0.012857864698855545,1.1714453268210758,-0.2807047758950904,-0.0627182577252438,0.6597473562044739,1.7067535759426875,-0.9434783775109038,0.7749324168879185,0.14906990073692056,0.6821423377678617,-0.09963120086617648,-0.05986089615366468,-1.0932415034903507,-0.17481782534311216,-0.6745898607749539
0.5641588040048923,0.1077708234738255,-0.08216360842792392,0.30027581545867865,-0.40537149475460243,0.043639356546165825,-0.07908867781163259,-0.5490733613893685,-0.20900953698815863,-0.1810961653530799,0.2626446618391561,-0.5040060364549217,-0.28810345743384735,-0.46471812085115194,0.14178127752698402,0.6962383988303731,0.09043453058341701,-0.2773178312800307,0.562925521793945,0.38269465934392705,-0.36048367267523823,-0.07082309972259568,-0.6246445364136259,-0.5658810285994458,-0.19339906861045392,0.37917735571155614,0.2264553268793698,0.14546311750847485,0.24323864549180446,0.6431324430554578,-0.7980916674021393,4.767630324596724e-4,-0.10267398221169353,-0.1586254338252291,-1.423540864578644,0.16539955182479218,-0.004755447730255986,-0.01158260656476133,-0.24975734559284107,0.0038783587831043367,0.07614427914769839,-0.019150751318791813,0.47040623738486737,0.29281293945827014
0.47040203222773636,0.20493179143799606,0.1389176018109718,0.24203195798994684,-0.721536688877754,0.6841556576693737,0.18326765552792157,-0.801823934836672,-0.39467944743669375,-0.2624719924159162,0.3362388798896123,-0.30044092512589754,-0.5329688006836023,-0.4720426621811755,0.4766992399044532,0.8183911281095666,-0.6178426499016174,-0.03656768962607912,0.7472300715953394,-0.07999044041831992,-0.38009967552725704,-0.010371775992359557,-0.2922002716318458,-0.5279545435406484,0.1367977155235164,0.2264553268793698,0.4454479569866962,0.37357295242241056,-0.14839588756299163,0.8136022525731836,-0.5326084176750809,-0.4255484861164839,-0.2380492712277363,0.07698488113897264,-0.8653437956305928,-0.2249483125389167,0.4677423443469438,0.2059532691360137,0.18978432380640473,0.020541203327164723,0.12651416794568462,-0.667062246340207,0.4733563894100658,0.010714806781802998
0.14659212569772198,0.06624524556614077,0.23941093920071657,0.03882701305955624,-0.4267966499481187,0.7625878219717942,0.17125401209363084,-0.4048545416152573,-0.3103634794842216,-0.12391496035743814,0.22011304606316784,-0.04688984000963029,-0.4918281937791858,-0.1222735239771392,0.5141012007079944,0.5996243916887395,-0.6636738267628135,0.12279558421913139,0.507108439451268,-0.3177417405182811,-0.2572956755537836,-0.005617019416471566,0.19254611902752153,-0.15152456692520855,0.20781391656593012,0.14546311750847485,0.37357295242241056,0.6234948141570292,-0.2544331494869662,0.4654724994603417,-0.1487925228752979,-0.41664932790644926,-0.27873363860671735,-0.05891739565276771,-0.05793894667413456,-0.37313799130279185,0.4772478800338496,0.2802091207352142,0.14899717517489974,0.0398796708292255,0.08150695538431504,-0.7519907578024612,0.2695560292342952,-0.16669508123510768
0.47181829371918227,-0.10116414401220052,-0.2235238426911297,0.19910802920031942,-0.020861501233260756,-0.8378539321977942,-0.3746925084166837,0.015836296553695995,-0.13921370684826048,-0.09367482499669359,-0.2502615948358285,-0.45762604813012364,-0.04433625383728709,-0.2906124095943998,-0.20676065796833432,-0.004688537117871774,0.9458241745865164,-0.40701070982168414,0.4197465195868431,0.6189426699059886,-0.21823337491579864,0.07703622652844014,-0.7564213833715181,-0.310595881649481,-0.7800548470563015,0.24323864549180446,-0.14839588756299163,-0.2544331494869662,0.7491423207920929,-0.039101097306041374,-0.861437056643368,0.38703352412287706,0.011508215509214582,-0.37406061910538657,-1.4350971904170946,0.7457655937330485,-0.5446804092631159,-0.22754012577358168,-0.7316608022770023,-0.03880996905590994,0.06245190222004658,0.9851189699703864,0.14399252897115697,0.5706753902104226
1.2425335078152793,0.5407836057836775,0.011645868676886849,0.7246536723691714,-1.3915100721067983,0.7976353217462969,0.26476556176573074,-1.723047604532004,-0.6417394345591533,-0.42014103534775404,0.8435066656090504,-0.9236465438743183,-0.847277880151726,-1.1177300057464992,0.7745701701414475,1.8910736248637607,-0.7685877484105544,-0.2651155696860071,1.4619255771693371,0.5040840825605468,-0.9986981624802137,-0.10935878386125522,-1.1866709403401061,-1.390884802748692,0.012857864698855545,0.6431324430554578,0.8136022525731836,0.4654724994603417,-0.039101097306041374,1.8910957885051871,-1.629320530657034,-0.630842540519052,-0.3172501728947527,-0.01881081290905947,-2.792442807860938,-0.12140488656558283,0.6065838259126387,0.25190633094223575,0.22511892818207851,0.13849383088301678,0.17031545942354803,-0.9825101408575238,1.1522055286840054,0.3352672510084529
-1.7025137340788457,-0.4686354445371979,0.3037633699064232,-0.9318146733517654,1.1846281953809348,0.6492272344972203,0.14642551670014714,1.3913347879941913,0.7445434993107894,0.2758215317024376,-0.4122113963283044,1.3061183441654405,0.7333202694428026,1.1777623123790002,-0.6346914650377575,-1.7436306953949885,-0.533001419714654,0.549310121713543,-1.8677541843351284,-1.4643347769229436,1.472469723478378,-0.07382663189467814,2.041513135262912,1.641020467001302,1.1714453268210758,-0.7980916674021393,-0.5326084176750809,-0.1487925228752979,-0.861437056643368,-1.629320530657034,2.7827232581016643,0.22150631051232347,0.26091919798714985,0.7802551542259898,4.382026011182195,-0.9421359616655283,0.264377230651998,-0.05593585637379001,0.5853202279770612,-0.30384174728845,-0.16098342518698222,-0.3306343891559313,-1.1807230119900491,-1.0518672002695062
-0.18910274747396094,-0.24182917638231247,-0.40163084703029,0.012912054887807478,0.9119904326207036,-1.2000362647225096,-0.44664392164380456,0.8091933659221587,0.6478619103845429,-0.020424146549898676,-0.2566810591455376,-0.04177183737367642,0.6828173159666079,0.215527809753769,-0.865076363468494,-0.8091465237526815,1.3112746793087193,-0.5356302795289337,-0.7344356225361528,0.5901718801399377,0.5057165697285618,-0.11169897118912965,-0.4198923067421868,0.008267386602713887,-0.2807047758950904,4.767630324596724e-4,-0.4255484861164839,-0.41664932790644926,0.38703352412287706,-0.630842540519052,0.22150631051232347,0.9077884774134897,0.41835066886600286,-0.2939612753295766,-0.02028369741764922,0.5041852057382415,-1.3161249836729043,-0.32461323932863057,-0.564015766411335,-0.21879599129370117,0.07315250327882505,1.1831274207991216,-0.24598816771611004,0.21532556652293317
-0.2208532025850872,-0.048157157394615124,-0.2561740923778791,0.04571624924496621,0.6602238495677919,-0.8502183465750534,-0.15986693964420806,0.5429085649237442,0.5362222214730243,0.10541522235792261,-0.0712060407810495,0.087179004826961,0.5408130500301628,0.20802486343716112,-0.5711994610210764,-0.4978017438007647,0.7138058250701643,-0.1951333323273646,-0.6561154813285891,0.44329839375520935,0.24841394796285352,-0.07404535361840812,-0.27825176196460083,-0.0015133985135299384,-0.0627182577252438,-0.10267398221169353,-0.2380492712277363,-0.27873363860671735,0.011508215509214582,-0.3172501728947527,0.26091919798714985,0.41835066886600286,0.3925205537390769,-0.13525381558692748,0.20501312315928338,0.21431775255877217,-0.8159740071550782,-0.15880071357465672,-0.03611173907879957,-0.08502528066151138,0.017017878927045565,0.5446841086577856,-0.14918614172808473,0.04170609498931332
-0.2757280282453618,-0.03760872448127835,0.2834758693367022,-0.24497062322447027,-0.3568465331914798,1.092941494997322,0.22713365897999824,-0.32204709907613266,-0.17683478039489625,-0.14564000116232978,0.0807251355473785,0.23292758677565653,-0.20573085692498538,-0.07585439300697434,0.07767073461556989,-0.08046896535654745,-0.9020864603893871,0.23566582490905422,-0.1126765586324993,-0.8821793377465418,0.40154477761328317,-0.024580031138142857,0.677769205947543,0.3516658680473528,0.6597473562044739,-0.1586254338252291,0.07698488113897264,-0.05891739565276771,-0.37406061910538657,-0.01881081290905947,0.7802551542259898,-0.2939612753295766,-0.13525381558692748,0.758559951037861,1.0689136721643802,-0.5820406950104082,0.9325775030773132,-2.1613095936075827e-4,0.40482560946795443,-0.16659067376187175,-0.028672219583986115,-0.6557519553759564,-0.1402837050802822,-0.38329416864214944
-2.8604126856772405,-0.7176665636185595,0.6653175987654082,-1.6606120258255814,1.7940187396774714,1.1924271920717542,0.3980605415506173,2.3403876516258646,0.9300879013658837,0.7363520717473068,-0.810991043600571,2.3370752517415228,1.0202665383925007,2.18407598022106,-0.5422444976831482,-2.7400292704367284,-1.2166905367904368,1.3408084355857068,-2.809995435732498,-2.553135123593616,2.040583336517279,0.037695902663899494,3.751568283994776,2.9890202267703097,1.7067535759426875,-1.423540864578644,-0.8653437956305928,-0.05793894667413456,-1.4350971904170946,-2.792442807860938,4.382026011182195,-0.02028369741764922,0.20501312315928338,1.0689136721643802,7.440341652519302,-1.5487988874398502,0.8770638097848765,0.08850628649226344,1.0717357246899195,-0.20604968837978382,-0.41542426890767065,-0.7971487070520309,-2.0586383610910777,-1.7572217486339656
0.4415966861981633,-0.060772289835106706,-0.36772428054975614,0.28608618294620397,0.29601966863944634,-1.4532275082833686,-0.4220303691069972,0.28386338432592145,0.09671562495922946,-0.00664637143421782,-0.30793550343563886,-0.414193577921305,0.216190752345332,-0.18867406181672075,-0.40160251328923974,-0.18805373714700663,1.3559038800570773,-0.4578004825620615,0.20649337555211741,0.9969336142090505,-0.27272022230775345,0.10105284463809666,-1.0500571721690564,-0.42040204426909417,-0.9434783775109038,0.16539955182479218,-0.2249483125389167,-0.37313799130279185,0.7457655937330485,-0.12140488656558283,-0.9421359616655283,0.5041852057382415,0.21431775255877217,-0.5820406950104082,-1.5487988874398502,0.9649822984629851,-1.0629210238959923,-0.23635383600289273,-0.6806951160306004,-0.0011426442683030577,0.09684677802959761,1.2724285914880291,0.11152553805615274,0.6436452989241063
-0.0029705896592285928,0.16507731760200003,0.7828754673071409,-0.3757976029253865,-1.4760543357762481,2.590246428289484,0.6719634357427103,-1.2442538327150543,-1.1256518273769163,0.06756870793646276,0.3415846940436897,0.1892614924885504,-1.1022056517472818,-0.23592784876857895,1.276144538796795,1.0527195772832199,-2.4257353714521455,0.9888064893528694,0.8732256299018737,-1.5784468339974518,-0.363380408832988,0.10165537720724417,1.4056269671343027,0.5802681685602226,0.7749324168879185,-0.004755447730255986,0.4677423443469438,0.4772478800338496,-0.5446804092631159,0.6065838259126387,0.264377230651998,-1.3161249836729043,-0.8159740071550782,0.9325775030773132,0.8770638097848765,-1.0629210238959923,2.790629612297804,0.31981452793535914,0.7379522256039991,0.24072786670420326,-0.2911020049399678,-1.949456284214326,0.11749651649097431,-0.49813513638192547
0.04555265570254124,0.10479238762287789,0.14094995560423118,0.012651735929069093,-0.27345153608998224,0.43833862225445247,0.18459633373805162,-0.23948025557027902,-0.17609022619944237,-0.02021120543329468,0.11858800971810171,0.061560051934820344,-0.22871560893168077,-0.01576286822934573,0.37127510027724714,0.3007404891124839,-0.49192959349796256,0.16555168413180119,0.2667457054604623,-0.19559886141447283,-0.18021060837809524,0.030394043824750847,0.16446892444314243,-0.05813908728792952,0.14906990073692056,-0.01158260656476133,0.2059532691360137,0.2802091207352142,-0.22754012577358168,0.25190633094223575,-0.05593585637379001,-0.32461323932863057,-0.15880071357465672,-2.1613095936075827e-4,0.08850628649226344,-0.23635383600289273,0.31981452793535914,0.20511937187014964,0.24019327024772333,0.09326763095872706,0.015605801083747569,-0.5103657605396267,0.09594739116970753,-0.13955304675731564
-0.32247314041926894,0.2278971982649219,0.21935548363784305,-0.1181141374662076,-0.1971301372691911,0.8195363660509896,0.46471364564689893,-0.23696425309031963,0.008340067992882267,0.157620856433634,0.30117626893972793,0.3890695079668558,-0.0176269901269594,0.18377968774201997,0.35161928842391427,0.1963163175478288,-1.0702465533383831,0.5117535764633234,-0.23863081652439816,-0.5093738936561515,-0.013732292393214466,-0.030395766076568447,0.6128605096924715,0.20294496880225457,0.6821423377678617,-0.24975734559284107,0.18978432380640473,0.14899717517489974,-0.7316608022770023,0.22511892818207851,0.5853202279770612,-0.564015766411335,-0.03611173907879957,0.40482560946795443,1.0717357246899195,-0.6806951160306004,0.7379522256039991,0.24019327024772333,0.8624584676298681,0.15056890230854325,-0.11542282552860174,-1.0678914151773344,-0.06169896342059941,-0.4861658104279901
0.06414758692381126,0.1552477190428561,0.001858874680035081,0.024757693865471653,-0.11599491614858255,0.008624630122156376,0.14619199253383244,-0.09912614178191423,-0.09966265667289151,0.2506350615260451,0.10514181196350203,0.017118099620661024,-0.00614227302644233,0.11024774211034029,0.32413192322935114,0.2949219534051306,-0.2221548892621461,0.2616380259528879,0.10668845997010507,0.14687739546548792,-0.3609710698984105,0.02445223769131723,0.07768577510978994,0.023013442538993848,-0.09963120086617648,0.0038783587831043367,0.020541203327164723,0.0398796708292255,-0.03880996905590994,0.13849383088301678,-0.30384174728845,-0.21879599129370117,-0.08502528066151138,-0.16659067376187175,-0.20604968837978382,-0.0011426442683030577,0.24072786670420326,0.09326763095872706,0.15056890230854325,0.277074569311441,-0.16210497851947656,-0.2364808616956125,0.036052058375465476,0.03330047659577316
0.19626345582646704,-0.026074017760875024,-0.02308009965929012,0.13219377091599036,-0.09465637128177112,-0.06805538391910398,-0.09165130032092161,-0.13192948404068894,-0.039014466127016555,-0.27541097293874683,-0.0183410703641783,-0.15748198602788843,-0.13245067719985845,-0.2421107033089991,-0.08893988510625628,0.03498601687930899,0.17760317979285692,-0.26764797803407714,0.24524797094221729,0.0722463322901068,0.0414310326072654,0.014356516187207806,-0.36362939108592934,-0.3211255939342313,-0.05986089615366468,0.07614427914769839,0.12651416794568462,0.08150695538431504,0.06245190222004658,0.17031545942354803,-0.16098342518698222,0.07315250327882505,0.017017878927045565,-0.028672219583986115,-0.41542426890767065,0.09684677802959761,-0.2911020049399678,0.015605801083747569,-0.11542282552860174,-0.16210497851947656,0.20283884434307695,0.13574680493027838,0.1564179382954504,0.07477031250710234
0.013103453829835774,-0.3642220449158716,-0.5778525977152076,0.10442671780346467,1.128277732337864,-2.3035024901102314,-0.7633769767952183,1.1572711820943469,0.6036545661589509,0.016281588029597116,-0.7111678235542896,-0.2078782420791205,0.7781869076384215,0.1574874240650329,-1.150610979387844,-1.203706279089421,2.300933579743506,-0.7396832310774247,-0.5560080369761113,1.1255405164694203,0.3440025357710679,0.07738217407211319,-1.0047046627837575,-0.06814598688209925,-1.0932415034903507,-0.019150751318791813,-0.667062246340207,-0.7519907578024612,0.9851189699703864,-0.9825101408575238,-0.3306343891559313,1.1831274207991216,0.5446841086577856,-0.6557519553759564,-0.7971487070520309,1.2724285914880291,-1.949456284214326,-0.5103657605396267,-1.0678914151773344,-0.2364808616956125,0.13574680493027838,2.2352568152111463,-0.32681292675694606,0.674191924277001
0.8655400473242503,0.286158803615711,-0.06384707024554409,0.5099978021678248,-0.7799966756623806,0.21526794512789382,0.038464857384882804,-0.9996026987031257,-0.369374405005573,-0.30598134529501175,0.46333184101020447,-0.6875252842942422,-0.5095332566962371,-0.7555489330630393,0.35382315852243934,1.1382454897967396,-0.1569610843224292,-0.3132706086536259,0.9531456216452021,0.5002947890906674,-0.6357397275847595,-0.0653282922760505,-0.9679181876358678,-0.9683124984670746,-0.17481782534311216,0.47040623738486737,0.4733563894100658,0.2695560292342952,0.14399252897115697,1.1522055286840054,-1.1807230119900491,-0.24598816771611004,-0.14918614172808473,-0.1402837050802822,-2.0586383610910777,0.11152553805615274,0.11749651649097431,0.09594739116970753,-0.06169896342059941,0.036052058375465476,0.1564179382954504,-0.32681292675694606,0.763636682596175,0.3407588267632357
0.6085579283201449,0.06445019904413839,-0.24269859490278844,0.34654965955131445,-0.16354616758088988,-0.7625668459327184,-0.24850891818064683,-0.23427277987381998,-0.1297808991598056,-0.09003306539146988,-0.02388787081126452,-0.5334245469563876,-0.08072134103515304,-0.4046265496774579,-0.08528067787284889,0.32999416340790017,0.7456831456683267,-0.37363127328233703,0.512682363724605,0.7718046045459681,-0.42081267009960066,0.03822778432501472,-0.9584917965881741,-0.5704284041521963,-0.6745898607749539,0.29281293945827014,0.010714806781802998,-0.16669508123510768,0.5706753902104226,0.3352672510084529,-1.0518672002695062,0.21532556652293317,0.04170609498931332,-0.38329416864214944,-1.7572217486339656,0.6436452989241063,-0.49813513638192547,-0.13955304675731564,-0.4861658104279901,0.03330047659577316,0.07477031250710234,0.674191924277001,0.3407588267632357,0.5503852907541952
