V1,V2,V3,V4,V5,V6,V7,V8,V9,V10,V11,V12,V13,V14,V15,V16,V17,V18,V19,V20,V21,V22,V23,V24,V25,V26,V27,V28,V29,V30,V31,V32,V33,V34,V35,V36,V37,V38,V39,V40,V41,V42,V43,V44
0.3333397896292707,0.05589122546750427,0.06384499023893327,0.11565985590868205,-0.4228115931699446,0.19802119147084798,-0.00949078094726022,-0.24030090968777146,-0.2728842358821417,-0.07196115612798688,0.16662524224301123,-0.18517704059521697,-0.4115685546322419,-0.17549724370585051,0.37742241543363253,0.3883603643990533,-0.1256435258674329,-0.09503546426780497,0.5991526541500934,0.06025609744296091,-0.2701975984551523,0.08958269008489164,-0.20089798492707714,-0.3472355488688917,-0.18724099943237218,0.035937144451799324,0.1961637788784021,0.38860244183491005,0.030792109606878868,0.2232390634214951,-0.4916632787396158,-0.17641932849423578,-0.1776667462442355,-0.280331754439795,-0.6282466875178293,-0.11704612523793716,-0.07541373160112906,0.15426530119808896,-0.1428873255764005,0.03997564921058459,0.1979787814239869,-0.32184913663695064,0.13587358081133308,0.0846989268263415
0.05589122546750427,0.5657534575808041,-0.5578123976075237,-0.11790930944999024,-0.7584554981870556,-0.688498111642325,0.236791849097711,-1.3087363053525571,0.13710648546905094,1.6280407604061737,0.7005562307629954,-0.6658979320553767,1.3136558626896184,-1.0607734170443976,-1.8955426852133441,-0.023139987547857215,-0.10444670911433966,1.0994245899719421,-2.150988909175534,0.7465383297760203,0.010812792870385328,-0.21737189106345858,-0.5560182887008913,1.1396789173744897,0.1915836173010353,-0.28181252921031186,-1.5590338803484787,-4.467884024491369,0.7874071278177429,0.015326962389208124,0.1422168874195332,-0.11628220116093514,1.135060111302639,3.2495056686028465,-1.3672252008582042,0.5414036874298018,3.484973624214049,-2.1838063296173535,1.0587852716857311,0.2422412948533425,-1.5824636227061704,0.8127707525037668,-0.36850890648845397,0.998944720014892
0.06384499023893327,-0.5578123976075237,0.6928335339770427,0.16467496494502187,0.6401731383885796,0.8195565095216434,-0.22458288449483133,1.533125155221143,-0.2785525244976169,-1.713524559443604,-0.6148547009597394,0.7596556289788914,-1.7667528122972966,1.2834941417065195,2.5285220696333077,0.25736304503880275,-8.306800863394308e-4,-1.1982037625879793,2.7916471598506867,-0.7435074484441156,-0.29855771948278753,0.36351862195830537,0.6011059803094229,-1.4863520571699627,-0.3814362897639424,0.17853267214982999,1.8851672203143208,5.486254842970786,-1.0220299867210385,-0.01647622402449781,-0.46006884674805426,-0.08129907477836369,-1.3726028376860004,-4.07663325070658,1.3765326207209285,-0.8404313324266715,-4.155894383381692,2.6850620324145593,-1.2021044862990626,-0.14753734607642197,1.9585500382381749,-1.3652710643524133,0.3792342079822271,-1.1473443874041316
0.11565985590868205,-0.11790930944999024,0.16467496494502187,0.21848167545686553,0.23954591318384755,0.30859543344810547,-1.8110537130213824e-4,0.052470640522817816,-0.07184090419532153,-0.8356583238652239,-0.31346976710831315,0.10109882170249727,-0.3753157887126746,0.10885218256232354,0.5763206685351667,0.22450656309042671,-0.05566840383621916,-0.43851698648013115,0.8067548013299604,-0.2247362034915027,-0.055208237800238265,-0.03675566089869143,-0.05838126378642335,-0.5677353701325237,0.0713851588711917,0.38632652327784184,0.7116760856604041,1.4010174327806493,-0.24160638612655164,0.5061007156121307,-0.1632072505133667,0.010564699104557,-0.404899693293934,-0.8885889487116014,0.09086390828577424,0.06755839239513159,-0.9775440298695475,0.7506697083081343,-0.20731968680361365,-0.12505288954964824,0.44173682675725845,-0.0888232816612973,0.4912449005193052,-0.3100867521046974
-0.4228115931699446,-0.7584554981870556,0.6401731383885796,0.23954591318384755,1.7568134615787154,0.7862916478498646,-0.18623642682863892,1.6478392219148492,0.2275871989850563,-2.586826311160709,-1.3447715274978724,1.0432970110214466,-1.0685314458443742,1.4349085635456464,1.9896193558800623,-0.1986091058285808,0.19030268026463587,-1.4826284133840697,2.1640110638117243,-1.0723450477401024,0.29337453633999716,-0.03550155953702932,0.7646090080285091,-1.3099161278770606,0.2584885446619697,0.8219716425620042,2.172823476147559,5.539663472344985,-1.1303002823868378,0.42530885274914276,0.4025278236091462,0.4207320027763993,-1.3529661601388108,-3.8539161966933078,2.371731167656682,-0.19990115776549877,-4.46276859637841,2.8669851052121724,-1.0422334998287892,-0.433575202091643,1.7279856369305182,-0.3789402575437219,0.8855236822328897,-1.5065722309586924
0.19802119147084798,-0.688498111642325,0.8195565095216434,0.30859543344810547,0.7862916478498646,1.1568751654370883,-0.2797829330133668,1.5373731798482078,-0.3776927318785959,-2.410371959187845,-0.8493194773278129,0.7580745348432123,-2.11550538372663,1.3270258634114158,2.976431860198805,0.4920944477379328,-0.020541843545048764,-1.6124420762333567,3.4835547661678397,-0.9405946127203831,-0.3251024616157276,0.3036263178566998,0.5701701263735038,-1.9261197417491285,-0.3349867028264525,0.559172359271104,2.4357622188665897,6.59775800756606,-1.116294908209513,0.37726840058872296,-0.6322500215358068,0.014775746532266586,-1.739715399641534,-4.777807289696624,1.3326941128734817,-0.7771870650326571,-4.876384612526869,3.240037648214222,-1.51764577479028,-0.26880749790527836,2.295265782062957,-1.3941649518138979,0.7870928526495621,-1.3478700003165485
-0.00949078094726022,0.236791849097711,-0.22458288449483133,-1.8110537130213824e-4,-0.18623642682863892,-0.2797829330133668,0.13374757924084235,-0.5500346521846203,0.10711487089131398,0.5365111704466171,0.20985662686675524,-0.23143146457707664,0.5940652450812419,-0.4132653867086382,-0.7655506393759612,0.0037842088040145687,-0.06037781302393985,0.4219766789852337,-0.8871423791547797,0.28839200475767013,0.01227873189038926,-0.13235874498681932,-0.24096199621597392,0.4207770165845882,0.1558613187076116,-0.022033611953913516,-0.5377428358916788,-1.7234062686283744,0.26060139411318445,0.14524496404505263,0.10479996496890892,-0.04112832812800633,0.44796519475477425,1.2876328041915555,-0.48219461278176995,0.29314267636036245,1.3456929572446719,-0.8041550860161454,0.49938063062057014,0.08779603029752774,-0.6538156310130095,0.3885399181125621,-0.036334776558215744,0.3455369967516064
-0.24030090968777146,-1.3087363053525571,1.533125155221143,0.052470640522817816,1.6478392219148492,1.5373731798482078,-0.5500346521846203,4.1531813582155115,-0.41894347621628364,-3.1500685742746843,-1.2271360144348025,2.0179517025761724,-3.7909426242402824,3.4015893567889117,5.623143398012053,0.12861358275726528,0.1285683767613776,-2.3730630671740816,5.727259586471909,-1.6290796980364524,-0.5718671296655018,0.9550295766651329,1.8397199477037343,-2.836808090577916,-0.9865598271692532,-0.1401480394227811,3.7870169135109264,12.18672046554466,-2.4130782102119395,-0.9188839651905155,-0.6673255343191035,-0.1667363612048788,-2.898971690502548,-9.309650866661796,3.93764500789877,-2.2701183785107317,-9.470942896823665,5.89215645978303,-2.7006416688877204,-0.1720179181767955,4.360405762717847,-3.325975091501104,0.17749799971108143,-2.646278955338
-0.2728842358821417,0.13710648546905094,-0.2785525244976169,-0.07184090419532153,0.2275871989850563,-0.3776927318785959,0.10711487089131398,-0.41894347621628364,0.33667777953490613,0.4045358677764098,-0.030015686896011872,-0.11310876940608716,0.9553931277237145,-0.3352032203621835,-1.1483773499142413,-0.3364065466233144,0.08160398381503794,0.39482199524124434,-1.3599393425247477,0.16663775834009006,0.3348873534828262,-0.26305309653130676,-0.09906043690715358,0.6826372773205635,0.3722015885782591,0.08877953154117327,-0.6425473591458793,-2.031213732679369,0.29491893353509147,0.05997797888372169,0.5588788711337511,0.20448153018076942,0.5553412257088269,1.5719212759532906,0.012313111324793768,0.5008996748932266,1.3948152546506116,-0.9309779931602905,0.5448672437314943,-0.023924461802317328,-0.820241468199033,0.8291481930579246,-0.03963315636552954,0.2679860524388386
-0.07196115612798688,1.6280407604061737,-1.713524559443604,-0.8356583238652239,-2.586826311160709,-2.410371959187845,0.5365111704466171,-3.1500685742746843,0.4045358677764098,6.21859345960283,2.6241240011555576,-1.8302824357689194,3.9088261384285703,-2.711977904030538,-5.716283621604597,-0.5417851481057838,-0.13811460621466867,3.8062686845831615,-6.983931914524221,2.371154103743293,0.07638871993983432,-0.31204104802642896,-1.0998822147222693,4.114380884033905,0.09689153739118557,-1.8038783145769275,-5.56121158647804,-13.943195160394119,2.471011326383773,-1.4077593933111752,0.5470715340979052,-0.43750505699088504,3.6491588309943426,9.72805861951608,-3.5977895216683877,0.9056245492838291,10.649801056286424,-7.058228009616513,2.9604154668795086,0.981515635056483,-4.762401910106116,1.8788466559933263,-2.282461629540705,3.1785492321967066
0.16662524224301123,0.7005562307629954,-0.6148547009597394,-0.31346976710831315,-1.3447715274978724,-0.8493194773278129,0.20985662686675524,-1.2271360144348025,-0.030015686896011872,2.6241240011555576,1.2716932964717653,-0.7881530459837122,1.1862296564128714,-1.0282245467259585,-1.8387054569456585,0.07828939217211024,-0.16482800743073733,1.5277243410342003,-2.3226991640252193,1.0351881502120108,-0.2637326239257087,0.003688986087006528,-0.45651201811455605,1.4250269789118588,-0.18343096897398625,-0.8432782348702663,-2.110352806948679,-5.071733226549853,0.9243870941762311,-0.5926998048517029,-0.17606636838661083,-0.36462605738840953,1.3109276316284197,3.427218846291643,-1.7447663540881808,0.09357941342552753,4.044023139680244,-2.6205757720542517,1.0481879460979915,0.5148824947334709,-1.6990190133766556,0.2691730481134628,-0.9667126124837203,1.2920694713868306
-0.18517704059521697,-0.6658979320553767,0.7596556289788914,0.10109882170249727,1.0432970110214466,0.7580745348432123,-0.23143146457707664,2.0179517025761724,-0.11310876940608716,-1.8302824357689194,-0.7881530459837122,1.0660742240451173,-1.750710072832539,1.6812586468598933,2.71617801214957,0.01155042241097289,0.06878671837717995,-1.2517163861169798,2.7846801265790804,-0.8732315376727363,-0.19286291430631958,0.39131876562521545,0.8766664715764565,-1.4590727689459981,-0.33846376166496805,0.10082077835322605,2.023755934200146,6.1242439861202085,-1.2640879910337246,-0.2360398557865846,-0.18984235739417568,-0.028717002512329795,-1.446746523724217,-4.591114675784053,2.106968546476155,-0.9558644400714602,-4.8024082897496925,3.023410374621018,-1.2387407768713916,-0.15204064272846704,2.1439617285901154,-1.4495994797957825,0.28117223268121705,-1.409102150709995
-0.4115685546322419,1.3136558626896184,-1.7667528122972966,-0.3753157887126746,-1.0685314458443742,-2.11550538372663,0.5940652450812419,-3.7909426242402824,0.9553931277237145,3.9088261384285703,1.1862296564128714,-1.750710072832539,4.809165873849172,-3.1548972237213055,-6.650747475434299,-0.9147361470046854,0.09638897045141744,2.9001862764558926,-7.364393378569244,1.7104015128456496,1.052341177791209,-1.0893909472287029,-1.4425435999076544,3.8375752661091718,1.2682727418861104,-0.1809671664189768,-4.624142831077368,-13.834490664745896,2.50413556286322,0.2287910032691019,1.6064042576052193,0.422600323629849,3.4939923953334664,10.408585084199414,-2.9393568480341017,2.4246951662437835,10.31300765962291,-6.683046846579124,3.154022645623838,0.22953580903185775,-5.038831199214845,3.915431950052143,-0.7365349547110114,2.7073423034694817
-0.17549724370585051,-1.0607734170443976,1.2834941417065195,0.10885218256232354,1.4349085635456464,1.3270258634114158,-0.4132653867086382,3.4015893567889117,-0.3352032203621835,-2.711977904030538,-1.0282245467259585,1.6812586468598933,-3.1548972237213055,2.8532326503556313,4.787862788332752,0.2510895384645984,0.04533802374081924,-1.9888740290042888,4.842487544590599,-1.3297641481045568,-0.5583724796672429,0.747716784838281,1.5132108701389695,-2.4514231309418837,-0.7727520615668257,0.008048483428039554,3.2812015044768517,10.336358372557038,-2.067589504846814,-0.5679190122507081,-0.6271481256928196,-0.16725518617305263,-2.47005482868586,-7.877346478916673,3.221144303806676,-1.8540503775404982,-7.944164017368247,5.024699171205383,-2.2073219570281815,-0.10557961500814737,3.6196340344161935,-2.8114157696708104,0.29574035275771265,-2.2487539512976986
0.37742241543363253,-1.8955426852133441,2.5285220696333077,0.5763206685351667,1.9896193558800623,2.976431860198805,-0.7655506393759612,5.623143398012053,-1.1483773499142413,-5.716283621604597,-1.8387054569456585,2.71617801214957,-6.650747475434299,4.787862788332752,9.589899836101706,1.2798801093905419,-0.16241607986707338,-4.118007423627259,10.345049727109464,-2.4737794877983856,-1.474622107895608,1.4490028597018338,2.2394893451918976,-5.451210334633501,-1.6274591189206944,0.41476705617468235,6.771464723638504,20.14710437614214,-3.788425076580068,-0.18187731545912342,-2.0877386065685055,-0.5653875683573609,-5.031276395795586,-15.149283373831993,4.674919283767228,-3.400436141156645,-15.03950017830788,9.798954037925075,-4.366441997914738,-0.27224597003718365,7.155216675411197,-5.55663238833383,1.1918980913702615,-4.088194740876312
0.3883603643990533,-0.023139987547857215,0.25736304503880275,0.22450656309042671,-0.1986091058285808,0.4920944477379328,0.0037842088040145687,0.12861358275726528,-0.3364065466233144,-0.5417851481057838,0.07828939217211024,0.01155042241097289,-0.9147361470046854,0.2510895384645984,1.2798801093905419,0.7417577316657156,-0.24365615537854213,-0.3853885287266291,1.4602980990363554,-0.04519182227570472,-0.5579396361152452,0.12898174080007518,-0.027818641506999992,-0.8546415166004622,-0.253500082764227,0.22215400453893372,0.8602868893301883,2.171722155779404,-0.3425396511079427,0.4579166244484177,-0.7783788567885745,-0.2649569362360499,-0.6290968891382784,-1.630898950838544,-0.3686686803786296,-0.3665260147816683,-1.2513664052778675,1.0531027441486485,-0.42115716135069003,0.11823977456909954,0.6912656622406932,-0.874124405528054,0.4047920547822409,-0.2749654178316636
-0.1256435258674329,-0.10444670911433966,-8.306800863394308e-4,-0.05566840383621916,0.19030268026463587,-0.020541843545048764,-0.06037781302393985,0.1285683767613776,0.08160398381503794,-0.13811460621466867,-0.16482800743073733,0.06878671837717995,0.09638897045141744,0.04533802374081924,-0.16241607986707338,-0.24365615537854213,0.1184087794569613,-0.08969898395921065,-0.13711956188247293,-0.12907698046853486,0.22341385965507876,-0.030985802751120523,0.08673631346686096,0.10448053483562407,0.07074950221023214,0.024359188782698434,-0.035303976609777896,-0.03806987601022784,0.03449702101106847,-0.12996605126679414,0.24543180570558354,0.15519413178433591,0.015159098227035084,0.06764938832431819,0.30156740246457725,0.07591883542522816,-0.11219340613162147,-0.026268321123467796,-0.07829469573355632,-0.11023527538917184,0.011469277259620143,0.23423435620092622,-0.043954856673342556,-0.0540829465335378
-0.09503546426780497,1.0994245899719421,-1.1982037625879793,-0.43851698648013115,-1.4826284133840697,-1.6124420762333567,0.4219766789852337,-2.3730630671740816,0.39482199524124434,3.8062686845831615,1.5277243410342003,-1.2517163861169798,2.9001862764558926,-1.9888740290042888,-4.118007423627259,-0.3853885287266291,-0.08969898395921065,2.4683760457088346,-4.888087189754469,1.5356136882669118,0.1999584369811821,-0.3850910766249406,-0.8788601253645668,2.7399146983619276,0.32599743586793906,-0.8830860816430468,-3.604482948228597,-9.605220015233321,1.6792608001508962,-0.5254518387132808,0.5530046681552281,-0.17355976484369,2.494715312865164,6.868786723895266,-2.4163933278802334,0.9634621391031172,7.317472759908041,-4.774198691137867,2.162952430389562,0.5456073580484573,-3.364348597068619,1.6937803063014525,-1.192322360957365,2.0940649224451584
0.5991526541500934,-2.150988909175534,2.7916471598506867,0.8067548013299604,2.1640110638117243,3.4835547661678397,-0.8871423791547797,5.727259586471909,-1.3599393425247477,-6.983931914524221,-2.3226991640252193,2.7846801265790804,-7.364393378569244,4.842487544590599,10.345049727109464,1.4602980990363554,-0.13711956188247293,-4.888087189754469,11.65300504880534,-2.894821275088564,-1.4384245500316748,1.4645432367140658,2.1289341271836144,-6.267013818386333,-1.6269154133164545,0.8753212560455877,7.724430540986251,22.09363988662681,-3.9981802049472845,0.32085234611948915,-2.3103944875877525,-0.4543169882862543,-5.63139676898568,-16.364345211980986,4.7526959912071,-3.3430216260429084,-16.480328583673497,10.79333381947672,-4.8950698314256895,-0.5729667191791139,7.908962006215699,-5.615834064633832,1.7683227461367612,-4.457974725983926
0.06025609744296091,0.7465383297760203,-0.7435074484441156,-0.2247362034915027,-1.0723450477401024,-0.9405946127203831,0.28839200475767013,-1.6290796980364524,0.16663775834009006,2.371154103743293,1.0351881502120108,-0.8732315376727363,1.7104015128456496,-1.3297641481045568,-2.4737794877983856,-0.04519182227570472,-0.12907698046853486,1.5356136882669118,-2.894821275088564,1.0265366710070898,-0.015977686092776205,-0.2412678197899947,-0.6470815750877742,1.597951407182269,0.17130096220306915,-0.4991921721109846,-2.1842406998124755,-5.953998985539959,1.0617720934211172,-0.1758589740167497,0.15935670970373558,-0.1742810574969385,1.5205955168231442,4.257910983705713,-1.7877124224655625,0.593493117291582,4.65036919264343,-2.9538545462392185,1.350476746388748,0.37984759213858865,-2.1003901554233506,0.9519580887021319,-0.6494996792922736,1.3568019503131512
-0.2701975984551523,0.010812792870385328,-0.29855771948278753,-0.055208237800238265,0.29337453633999716,-0.3251024616157276,0.01227873189038926,-0.5718671296655018,0.3348873534828262,0.07638871993983432,-0.2637326239257087,-0.19286291430631958,1.052341177791209,-0.5583724796672429,-1.474622107895608,-0.5579396361152452,0.22341385965507876,0.1999584369811821,-1.4384245500316748,-0.015977686092776205,0.6594655732707951,-0.33331729122289444,-0.1897570122373085,0.7209950640260289,0.4771558985748539,0.25687333335752466,-0.668388207118892,-2.3326011278105896,0.48653909394373934,0.1146745240396487,0.757215303140258,0.41561182184188356,0.5662103196083302,1.9400050623141643,-0.005502329377884889,0.7499810635585293,1.4982826708935044,-1.0968814785318273,0.4291702779328444,-0.25038432517588205,-0.840165603563342,1.3095809024317513,0.05884640851226828,0.30958953930567107
0.08958269008489164,-0.21737189106345858,0.36351862195830537,-0.03675566089869143,-0.03550155953702932,0.3036263178566998,-0.13235874498681932,0.9550295766651329,-0.26305309653130676,-0.31204104802642896,0.003688986087006528,0.39131876562521545,-1.0893909472287029,0.747716784838281,1.4490028597018338,0.12898174080007518,-0.030985802751120523,-0.3850910766249406,1.4645432367140658,-0.2412678197899947,-0.33331729122289444,0.3929588478896582,0.3796697695878297,-0.6618765461057649,-0.477160540549429,-0.35261761975419814,0.6978209934165713,2.679738913301454,-0.5279821157033284,-0.45860569888907904,-0.42705569176849334,-0.2485736112493201,-0.6242745809036073,-2.1646712568813187,0.6062907570801042,-0.7838014623885333,-2.0305936016299198,1.2391580335289094,-0.6290234661192253,0.07747835065628936,1.073078674403931,-1.1386279207449612,-0.22353482490323395,-0.47013935566335513
-0.20089798492707714,-0.5560182887008913,0.6011059803094229,-0.05838126378642335,0.7646090080285091,0.5701701263735038,-0.24096199621597392,1.8397199477037343,-0.09906043690715358,-1.0998822147222693,-0.45651201811455605,0.8766664715764565,-1.4425435999076544,1.5132108701389695,2.2394893451918976,-0.027818641506999992,0.08673631346686096,-0.8788601253645668,2.1289341271836144,-0.6470815750877742,-0.1897570122373085,0.3796697695878297,0.8994301163946496,-0.9881835361633953,-0.401790857908198,-0.12139687027724959,1.4093056990507766,4.876895309006394,-0.9736710750360497,-0.5595632592705269,-0.1719171875682964,-0.021441590793453855,-1.1401607307714303,-3.7897123750395822,1.7867111726130978,-0.9844874492809913,-3.8149699926554486,2.3256837606714518,-1.1191585054826678,-0.02001707158658509,1.7017649860486006,-1.3661544776836196,-0.06457953672696447,-1.0835053070608631
-0.3472355488688917,1.1396789173744897,-1.4863520571699627,-0.5677353701325237,-1.3099161278770606,-1.9261197417491285,0.4207770165845882,-2.836808090577916,0.6826372773205635,4.114380884033905,1.4250269789118588,-1.4590727689459981,3.8375752661091718,-2.4514231309418837,-5.451210334633501,-0.8546415166004622,0.10448053483562407,2.7399146983619276,-6.267013818386333,1.597951407182269,0.7209950640260289,-0.6618765461057649,-0.9881835361633953,3.494562099604867,0.6917408039997667,-0.7585558422822791,-4.344913137555843,-11.851577787164635,2.1582605520532194,-0.5855701349312382,1.192672653503645,0.19090283367925642,3.047676872692754,8.645886698748402,-2.4608931518313653,1.5344743366795044,8.813022184626286,-5.864353619198069,2.5141860222838583,0.3940118516751641,-4.184918287527765,2.7516501973378933,-1.2805856529854922,2.439434108443144
-0.18724099943237218,0.1915836173010353,-0.3814362897639424,0.0713851588711917,0.2584885446619697,-0.3349867028264525,0.1558613187076116,-0.9865598271692532,0.3722015885782591,0.09689153739118557,-0.18343096897398625,-0.33846376166496805,1.2682727418861104,-0.7727520615668257,-1.6274591189206944,-0.253500082764227,0.07074950221023214,0.32599743586793906,-1.6269154133164545,0.17130096220306915,0.4771558985748539,-0.477160540549429,-0.401790857908198,0.6917408039997667,0.6340032014308641,0.4867290735122914,-0.6406143725180462,-2.7783140078454847,0.5088386871117799,0.5919429533676205,0.6350615451878169,0.3435245602829553,0.6637984818182401,2.319725310932891,-0.4177159623533872,0.9646885594395984,2.0219580333584464,-1.2347385955026977,0.7207175946582697,-0.16224844897150137,-1.1364967393246876,1.4035719662668795,0.3536525401359021,0.4055559654542368
0.035937144451799324,-0.28181252921031186,0.17853267214982999,0.38632652327784184,0.8219716425620042,0.559172359271104,-0.022033611953913516,-0.1401480394227811,0.08877953154117327,-1.8038783145769275,-0.8432782348702663,0.10082077835322605,-0.1809671664189768,0.008048483428039554,0.41476705617468235,0.22215400453893372,0.024359188782698434,-0.8830860816430468,0.8753212560455877,-0.4991921721109846,0.25687333335752466,-0.35261761975419814,-0.12139687027724959,-0.7585558422822791,0.4867290735122914,1.1067397256672953,1.181302002009938,1.8183557929772496,-0.22000370876638434,1.1599840772309176,0.12667646169938687,0.3887671700551446,-0.601555406574815,-0.9264147759151029,0.28606955457895217,0.586204167767895,-1.2902699138121903,1.0412906719245922,-0.32808006461296463,-0.39485574127844214,0.4151253779932449,0.5841185263316767,1.14135241845905,-0.5207611363441912
0.1961637788784021,-1.5590338803484787,1.8851672203143208,0.7116760856604041,2.172823476147559,2.4357622188665897,-0.5377428358916788,3.7870169135109264,-0.6425473591458793,-5.56121158647804,-2.110352806948679,2.023755934200146,-4.624142831077368,3.2812015044768517,6.771464723638504,0.8602868893301883,-0.035303976609777896,-3.604482948228597,7.724430540986251,-2.1842406998124755,-0.668388207118892,0.6978209934165713,1.4093056990507766,-4.344913137555843,-0.6406143725180462,1.181302002009938,5.643419317420372,15.236941948170529,-2.821715523275456,0.8158332446178606,-1.1282802978570912,-0.017891859152678005,-3.8878569314960654,-11.041406055716738,3.6766221302484454,-1.7559597162833007,-11.461994474518951,7.5891778990718635,-3.1869421450920217,-0.6044547833723267,5.271015801890755,-3.1593265466287415,1.769551183105333,-3.2877922860021287
0.38860244183491005,-4.467884024491369,5.486254842970786,1.4010174327806493,5.539663472344985,6.59775800756606,-1.7234062686283744,12.18672046554466,-2.031213732679369,-13.943195160394119,-5.071733226549853,6.1242439861202085,-13.834490664745896,10.336358372557038,20.14710437614214,2.171722155779404,-0.03806987601022784,-9.605220015233321,22.09363988662681,-5.953998985539959,-2.3326011278105896,2.679738913301454,4.876895309006394,-11.851577787164635,-2.7783140078454847,1.8183557929772496,15.236941948170529,43.986264229137184,-8.233338618556788,0.26403213891882094,-3.5309847563984453,-0.50451201953778535,-11.021222690576382,-32.6118011071634,11.150739789441237,-6.476596668066962,-33.215405945665374,21.57113597529682,-9.520882206913061,-1.1651913692245075,15.467082688542758,-10.65220165660592,3.3641691116407233,-9.29214678058875
0.030792109606878868,0.7874071278177429,-1.0220299867210385,-0.24160638612655164,-1.1303002823868378,-1.116294908209513,0.26060139411318445,-2.4130782102119395,0.29491893353509147,2.471011326383773,0.9243870941762311,-1.2640879910337246,2.50413556286322,-2.067589504846814,-3.788425076580068,-0.3425396511079427,0.03449702101106847,1.6792608001508962,-3.9981802049472845,1.0617720934211172,0.48653909394373934,-0.5279821157033284,-0.9736710750360497,2.1582605520532194,0.5088386871117799,-0.22000370876638434,-2.821715523275456,-8.233338618556788,1.6686705895647955,0.028149895025426006,0.5796559558812088,0.17127693722725867,1.9934248670760863,6.153840740754413,-2.312577189898986,1.2746198356632419,6.269851671356326,-4.077066410086506,1.6252580837562796,0.14827182929797103,-2.873610381997596,2.0985455364647603,-0.5464613970739728,1.7966926309272442
0.2232390634214951,0.015326962389208124,-0.01647622402449781,0.5061007156121307,0.42530885274914276,0.37726840058872296,0.14524496404505263,-0.9188839651905155,0.05997797888372169,-1.4077593933111752,-0.5926998048517029,-0.2360398557865846,0.2287910032691019,-0.5679190122507081,-0.18187731545912342,0.4579166244484177,-0.12996605126679414,-0.5254518387132808,0.32085234611948915,-0.1758589740167497,0.1146745240396487,-0.45860569888907904,-0.5595632592705269,-0.5855701349312382,0.5919429533676205,1.1599840772309176,0.8158332446178606,0.26403213891882094,0.028149895025426006,1.5792472028743219,-0.03145809343220401,0.22569797730854002,-0.23265554556528031,0.2864899359191311,-0.5849019430688591,0.8991551494665292,0.044397650157467494,0.3400358761967953,0.19028721810887517,-0.30737491244146675,-0.1469720867722951,0.861678991318327,1.2837265732309557,-0.1397707277228873
-0.4916632787396158,0.1422168874195332,-0.46006884674805426,-0.1632072505133667,0.4025278236091462,-0.6322500215358068,0.10479996496890892,-0.6673255343191035,0.5588788711337511,0.5470715340979052,-0.17606636838661083,-0.18984235739417568,1.6064042576052193,-0.6271481256928196,-2.0877386065685055,-0.7783788567885745,0.24543180570558354,0.5530046681552281,-2.3103944875877525,0.15935670970373558,0.757215303140258,-0.42705569176849334,-0.1719171875682964,1.192672653503645,0.6350615451878169,0.12667646169938687,-1.1282802978570912,-3.5309847563984453,0.5796559558812088,-0.03145809343220401,1.0917760451864345,0.45743892346820386,0.9509943339057316,2.780316958878009,0.13786243737906514,0.900718958272269,2.300157791821578,-1.6384961787663481,0.8146328422679346,-0.17298880881636808,-1.3231649731090815,1.5957740410279972,-0.12601593109467396,0.45901806328092754
-0.17641932849423578,-0.11628220116093514,-0.08129907477836369,0.010564699104557,0.4207320027763993,0.014775746532266586,-0.04112832812800633,-0.1667363612048788,0.20448153018076942,-0.43750505699088504,-0.36462605738840953,-0.028717002512329795,0.422600323629849,-0.16725518617305263,-0.5653875683573609,-0.2649569362360499,0.15519413178433591,-0.17355976484369,-0.4543169882862543,-0.1742810574969385,0.41561182184188356,-0.2485736112493201,-0.021441590793453855,0.19090283367925642,0.3435245602829553,0.3887671700551446,-0.017891859152678005,-0.50451201953778535,0.17127693722725867,0.22569797730854002,0.45743892346820386,0.3719611741240166,0.08531364992926907,0.5581175634228901,0.2295111572640816,0.4568097488579383,0.25092566266198757,-0.20738289995700152,0.01042829446451778,-0.23013565065096753,-0.2538818342236425,0.7552989099469883,0.25913893637663854,-0.021371888456490212
-0.1776667462442355,1.135060111302639,-1.3726028376860004,-0.404899693293934,-1.3529661601388108,-1.739715399641534,0.44796519475477425,-2.898971690502548,0.5553412257088269,3.6491588309943426,1.3109276316284197,-1.446746523724217,3.4939923953334664,-2.47005482868586,-5.031276395795586,-0.6290968891382784,0.015159098227035084,2.494715312865164,-5.63139676898568,1.5205955168231442,0.5662103196083302,-0.6242745809036073,-1.1401607307714303,3.047676872692754,0.6637984818182401,-0.601555406574815,-3.8878569314960654,-11.021222690576382,1.9934248670760863,-0.23265554556528031,0.9509943339057316,0.08531364992926907,2.815250488122779,8.115721720465938,-2.603454620904312,1.5281247272255025,8.266826450740073,-5.400502578794322,2.4401251818945715,0.3409324417746707,-3.868467163675594,2.5649622651890516,-0.9798308643612632,2.299028334547739
-0.280331754439795,3.2495056686028465,-4.07663325070658,-0.8885889487116014,-3.8539161966933078,-4.777807289696624,1.2876328041915555,-9.309650866661796,1.5719212759532906,9.72805861951608,3.427218846291643,-4.591114675784053,10.408585084199414,-7.877346478916673,-15.149283373831993,-1.630898950838544,0.06764938832431819,6.868786723895266,-16.364345211980986,4.257910983705713,1.9400050623141643,-2.1646712568813187,-3.7897123750395822,8.645886698748402,2.319725310932891,-0.9264147759151029,-11.041406055716738,-32.6118011071634,6.153840740754413,0.2864899359191311,2.780316958878009,0.5581175634228901,8.115721720465938,24.394464795034914,-8.302275368003038,5.193842460709864,24.602095164717717,-15.92099450804274,7.088148335084135,0.6598602126634454,-11.511829759756832,8.396712848500094,-2.0646313042797724,6.817521249802819
-0.6282466875178293,-1.3672252008582042,1.3765326207209285,0.09086390828577424,2.371731167656682,1.3326941128734817,-0.48219461278176995,3.93764500789877,0.012313111324793768,-3.5977895216683877,-1.7447663540881808,2.106968546476155,-2.9393568480341017,3.221144303806676,4.674919283767228,-0.3686686803786296,0.30156740246457725,-2.4163933278802334,4.7526959912071,-1.7877124224655625,-0.005502329377884889,0.6062907570801042,1.7867111726130978,-2.4608931518313653,-0.4177159623533872,0.28606955457895217,3.6766221302484454,11.150739789441237,-2.312577189898986,-0.5849019430688591,0.13786243737906514,0.2295111572640816,-2.603454620904312,-8.302275368003038,4.491274980137762,-1.582961352604464,-8.974722828119988,5.532506191599736,-2.319888785508864,-0.43077204867727253,3.8688870189087625,-2.244151341877587,0.4953668413478589,-2.7155434070344824
-0.11704612523793716,0.5414036874298018,-0.8404313324266715,0.06755839239513159,-0.19990115776549877,-0.7771870650326571,0.29314267636036245,-2.2701183785107317,0.5008996748932266,0.9056245492838291,0.09357941342552753,-0.9558644400714602,2.4246951662437835,-1.8540503775404982,-3.400436141156645,-0.3665260147816683,0.07591883542522816,0.9634621391031172,-3.3430216260429084,0.593493117291582,0.7499810635585293,-0.7838014623885333,-0.9844874492809913,1.5344743366795044,0.9646885594395984,0.586204167767895,-1.7559597162833007,-6.476596668066962,1.2746198356632419,0.8991551494665292,0.900718958272269,0.4568097488579383,1.5281247272255025,5.193842460709864,-1.582961352604464,1.7273493174963974,4.850368354843724,-3.022054050036,1.497576287660112,-0.1871855224092236,-2.432567113829562,2.5481580521275267,0.3462699701886939,1.1967791221637587
-0.07541373160112906,3.484973624214049,-4.155894383381692,-0.9775440298695475,-4.46276859637841,-4.876384612526869,1.3456929572446719,-9.470942896823665,1.3948152546506116,10.649801056286424,4.044023139680244,-4.8024082897496925,10.31300765962291,-7.944164017368247,-15.03950017830788,-1.2513664052778675,-0.11219340613162147,7.317472759908041,-16.480328583673497,4.65036919264343,1.4982826708935044,-2.0305936016299198,-3.8149699926554486,8.813022184626286,2.0219580333584464,-1.2902699138121903,-11.461994474518951,-33.215405945665374,6.269851671356326,0.044397650157467494,2.300157791821578,0.25092566266198757,8.266826450740073,24.602095164717717,-8.974722828119988,4.850368354843724,25.330863346471133,-16.311325185232374,7.192452627718096,0.9974453879453574,-11.737170997143654,7.829131851844008,-2.4125058536334647,7.133837115673275
0.15426530119808896,-2.1838063296173535,2.6850620324145593,0.7506697083081343,2.8669851052121724,3.240037648214222,-0.8041550860161454,5.89215645978303,-0.9309779931602905,-7.058228009616513,-2.6205757720542517,3.023410374621018,-6.683046846579124,5.024699171205383,9.798954037925075,1.0531027441486485,-0.026268321123467796,-4.774198691137867,10.79333381947672,-2.9538545462392185,-1.0968814785318273,1.2391580335289094,2.3256837606714518,-5.864353619198069,-1.2347385955026977,1.0412906719245922,7.5891778990718635,21.57113597529682,-4.077066410086506,0.3400358761967953,-1.6384961787663481,-0.20738289995700152,-5.400502578794322,-15.92099450804274,5.532506191599736,-3.022054050036,-16.311325185232374,10.640123689895923,-4.574361209643273,-0.6249599280325758,7.546310502239571,-5.058762194578228,1.8266699598633078,-4.612083534033831
-0.1428873255764005,1.0587852716857311,-1.2021044862990626,-0.20731968680361365,-1.0422334998287892,-1.51764577479028,0.49938063062057014,-2.7006416688877204,0.5448672437314943,2.9604154668795086,1.0481879460979915,-1.2387407768713916,3.154022645623838,-2.2073219570281815,-4.366441997914738,-0.42115716135069003,-0.07829469573355632,2.162952430389562,-4.8950698314256895,1.350476746388748,0.4291702779328444,-0.6290234661192253,-1.1191585054826678,2.5141860222838583,0.7207175946582697,-0.32808006461296463,-3.1869421450920217,-9.520882206913061,1.6252580837562796,0.19028721810887517,0.8146328422679346,0.01042829446451778,2.4401251818945715,7.088148335084135,-2.319888785508864,1.497576287660112,7.192452627718096,-4.574361209643273,2.3452053057501647,0.30288781202459547,-3.4223345139382046,2.312027919723236,-0.5742797498756522,1.9297365171216674
0.03997564921058459,0.2422412948533425,-0.14753734607642197,-0.12505288954964824,-0.433575202091643,-0.26880749790527836,0.08779603029752774,-0.1720179181767955,-0.023924461802317328,0.981515635056483,0.5148824947334709,-0.15204064272846704,0.22953580903185775,-0.10557961500814737,-0.27224597003718365,0.11823977456909954,-0.11023527538917184,0.5456073580484573,-0.5729667191791139,0.37984759213858865,-0.25038432517588205,0.07747835065628936,-0.02001707158658509,0.3940118516751641,-0.16224844897150137,-0.39485574127844214,-0.6044547833723267,-1.1651913692245075,0.14827182929797103,-0.30737491244146675,-0.17298880881636808,-0.23013565065096753,0.3409324417746707,0.6598602126634454,-0.43077204867727253,-0.1871855224092236,0.9974453879453574,-0.6249599280325758,0.30288781202459547,0.28471147929835094,-0.41679936423564795,-0.2629889670376144,-0.4068867453761843,0.33119924812971746
0.1979787814239869,-1.5824636227061704,1.9585500382381749,0.44173682675725845,1.7279856369305182,2.295265782062957,-0.6538156310130095,4.360405762717847,-0.820241468199033,-4.762401910106116,-1.6990190133766556,2.1439617285901154,-5.038831199214845,3.6196340344161935,7.155216675411197,0.6912656622406932,0.011469277259620143,-3.364348597068619,7.908962006215699,-2.1003901554233506,-0.840165603563342,1.073078674403931,1.7017649860486006,-4.184918287527765,-1.1364967393246876,0.4151253779932449,5.271015801890755,15.467082688542758,-2.873610381997596,-0.1469720867722951,-1.3231649731090815,-0.2538818342236425,-3.868467163675594,-11.511829759756832,3.8688870189087625,-2.432567113829562,-11.737170997143654,7.546310502239571,-3.4223345139382046,-0.41679936423564795,5.572436384902888,-3.901470566565878,0.9833754200158157,-3.2142072278501557
-0.32184913663695064,0.8127707525037668,-1.3652710643524133,-0.0888232816612973,-0.3789402575437219,-1.3941649518138979,0.3885399181125621,-3.325975091501104,0.8291481930579246,1.8788466559933263,0.2691730481134628,-1.4495994797957825,3.915431950052143,-2.8114157696708104,-5.55663238833383,-0.874124405528054,0.23423435620092622,1.6937803063014525,-5.615834064633832,0.9519580887021319,1.3095809024317513,-1.1386279207449612,-1.3661544776836196,2.7516501973378933,1.4035719662668795,0.5841185263316767,-3.1593265466287415,-10.65220165660592,2.0985455364647603,0.861678991318327,1.5957740410279972,0.7552989099469883,2.5649622651890516,8.396712848500094,-2.244151341877587,2.5481580521275267,7.829131851844008,-5.058762194578228,2.312027919723236,-0.2629889670376144,-3.901470566565878,3.990964428056842,0.10670106900028292,1.9735789964565105
0.13587358081133308,-0.36850890648845397,0.3792342079822271,0.4912449005193052,0.8855236822328897,0.7870928526495621,-0.036334776558215744,0.17749799971108143,-0.03963315636552954,-2.282461629540705,-0.9667126124837203,0.28117223268121705,-0.7365349547110114,0.29574035275771265,1.1918980913702615,0.4047920547822409,-0.043954856673342556,-1.192322360957365,1.7683227461367612,-0.6494996792922736,0.05884640851226828,-0.22353482490323395,-0.06457953672696447,-1.2805856529854922,0.3536525401359021,1.14135241845905,1.769551183105333,3.3641691116407233,-0.5464613970739728,1.2837265732309557,-0.12601593109467396,0.25913893637663854,-0.9798308643612632,-2.0646313042797724,0.4953668413478589,0.3462699701886939,-2.4125058536334647,1.8266699598633078,-0.5742797498756522,-0.4068867453761843,0.9833754200158157,0.10670106900028292,1.3121718622877696,-0.8205094428973456
0.0846989268263415,0.998944720014892,-1.1473443874041316,-0.3100867521046974,-1.5065722309586924,-1.3478700003165485,0.3455369967516064,-2.646278955338,0.2679860524388386,3.1785492321967066,1.2920694713868306,-1.409102150709995,2.7073423034694817,-2.2487539512976986,-4.088194740876312,-0.2749654178316636,-0.0540829465335378,2.0940649224451584,-4.457974725983926,1.3568019503131512,0.30958953930567107,-0.47013935566335513,-1.0835053070608631,2.439434108443144,0.4055559654542368,-0.5207611363441912,-3.2877922860021287,-9.29214678058875,1.7966926309272442,-0.1397707277228873,0.45901806328092754,-0.021371888456490212,2.299028334547739,6.817521249802819,-2.7155434070344824,1.1967791221637587,7.133837115673275,-4.612083534033831,1.9297365171216674,0.33119924812971746,-3.2142072278501557,1.9735789964565105,-0.8205094428973456,2.0814196998952186
