V1,V2,V3,V4,V5,V6,V7,V8,V9,V10,V11,V12,V13,V14,V15,V16,V17,V18,V19,V20,V21,V22,V23,V24,V25,V26,V27,V28,V29,V30,V31,V32,V33,V34,V35,V36,V37,V38,V39,V40,V41,V42,V43,V44
1.8874277084452922,-1.661469036750374,0.2531749823080805,-0.1146269151664469,-2.3187754221798773,1.5441756951130665,-1.8529718302939477,-1.148378646162621,-1.5254966891101556,-4.182854207039574,-2.143512492361689,-0.8471868483197362,-2.041022171618142,-3.2480448999977023,-2.2110066251860485,-2.1959961687999603,1.7924620172704797,-2.735336208010557,2.5699201899382165,-2.1991459365492196,3.4152883394534728,0.7786299471620055,-1.678840229736642,-0.8785877635677662,-0.5116331565402487,0.2174365028148743,0.37131558160836176,-0.505091277369079,2.144051442222921,-0.25766454665124316,1.1314996779301543,2.55769281291832,0.18541836931033254,2.7874080329418223,-2.4654262866884653,1.532108114878091,-0.5976406572506755,-1.5032496055179188,-3.396463583625623,-3.1692279752190493,2.429240256674977,4.024566775332887,0.7038231377528043,0.701532153452095
-1.661469036750374,3.1608466276262264,-0.6720289385566908,0.37727130546615173,2.667484023029593,-1.732938700214094,3.201198291612799,1.8248883643776361,2.3518360521055843,5.76754546456857,3.341148970197585,2.061992922524785,3.0484891145111526,4.240468610614366,2.8411856776506177,4.202042424931111,-3.1419005118108734,4.938410987963497,-4.224091091774042,4.310111471285774,-4.847554587982713,-0.5586868132776011,2.33680963259829,1.7590906460062294,1.2088742717841057,-0.39974068227013615,0.2365625559266118,1.5908630033576814,-3.544452787601318,1.9254287837222752,-0.5763338449883559,-2.396624699730091,1.371188784304109,-3.069035831751478,1.5654225238345147,-1.8698985189077608,1.9390335755745027,1.5100219200315816,4.61537817280155,4.760391565987096,-3.258891357060319,-5.690325588914111,0.5818574452239693,-0.9818631872115232
0.2531749823080805,-0.6720289385566908,0.25016572787585767,-0.0812857796221188,-0.5319225515577751,0.45806078689811935,-0.6183812070045424,-0.3802069494096641,-0.7630525223517101,-1.4221878791964389,-0.9014091450895365,-0.6584810207551827,-0.804162225613668,-0.9902342777854708,-0.6105920019597553,-1.1116350817171823,0.6623715407318669,-1.391684419540986,1.07578582811823,-1.0602248930414746,1.0944278717478586,0.20263740555690435,-0.4666380040880697,-0.27071345459776663,-0.26894239747749876,0.10708297153123306,-0.05500566661488783,-0.5943156562196431,1.0552413927047595,-0.7791418028523521,0.1830141736962173,0.4984743474805254,-0.5184207929702261,0.6614515861898566,-0.1764676096245937,0.40870619976421874,-0.3183132727339739,-0.28473308594890007,-1.1538494769402283,-1.0484142589857735,0.6364430005223778,1.1826247946283202,-0.30844727709905106,0.40213766043229654
-0.1146269151664469,0.37727130546615173,-0.0812857796221188,0.10615963628434584,0.26606937780964723,-0.05203798800107047,0.38058028047059356,0.15887124374209244,0.23490151455442249,0.4166823600765076,0.36012487761806217,0.16664809853766333,0.33124019720626,0.31171854794667125,0.20368407936488575,0.4862750602409381,-0.35797840954304616,0.373516594200495,-0.4744815159356435,0.475280157512562,-0.3929990616952856,-0.036680921556056956,0.14964357194010883,0.15800004887045002,0.2785531300696978,-0.012843837756938264,0.11700551478682797,0.14697720950359475,-0.3535175407332451,0.2922582387166722,0.11194601513835543,-0.0884256148969304,0.23827389930697063,-0.1541253591113178,0.039771746232688004,-0.20539276354286995,0.2147746354122881,0.10634500406071679,0.4365448418294635,0.4176271455647641,-0.27624585514977845,-0.5994066584019606,0.1690572513921134,-0.08286927953828563
-2.3187754221798773,2.667484023029593,-0.5319225515577751,0.26606937780964723,3.1439771924565103,-2.0781117842979135,2.8383767221322995,1.6990767543107386,2.4188808862304976,5.9905197339033744,3.285547527796397,1.6137383238150713,3.099512570558222,4.566446575161697,3.052467064746219,3.6602718947753017,-2.783854409795739,4.421475746776716,-4.014091589632232,3.6396899307448414,-4.90833992328007,-0.9979362942944802,2.351229932206906,1.3561138350758997,0.9754335325108824,-0.3217574564701723,-0.2350989076735222,1.1661303646165326,-3.4284091663540206,1.1478744971555055,-1.2553463475922437,-3.2123436688146314,0.425649570274891,-3.6763825782235213,2.8075274283641853,-2.1030057001639655,1.1508790069750978,1.9365003399025809,4.919513302450438,4.638093358294471,-3.385977903169819,-5.761164565531002,-0.3337471861216534,-1.1232168244371157
1.5441756951130665,-1.732938700214094,0.45806078689811935,-0.05203798800107047,-2.0781117842979135,1.7766255562887356,-1.7607637475542106,-1.1824150672275393,-1.9339900898100966,-4.5925657338954435,-2.3966312164156864,-1.4080001258200858,-2.173802634694261,-3.4043091228392437,-2.1980144177054366,-2.565490414777883,1.8034767505126,-3.5985140057340157,2.807834735528351,-2.6021493900965496,3.5789427992613185,0.8004584902835339,-1.738589507011239,-0.8487308503015033,-0.34955394567861175,0.2721834295941801,0.313200208024181,-1.0961598924417841,2.639531461562477,-0.9848211968004842,1.2576811568773594,2.454258709910954,-0.3472488814338765,2.8465783735738848,-1.9099212901614548,1.4005988486535006,-0.6719853899099962,-1.3605730570092665,-3.540027111104177,-3.3289309336406,2.3719391341646485,3.8420382507083537,0.2056772264858385,0.9569693376401961
-1.8529718302939477,3.201198291612799,-0.6183812070045424,0.38058028047059356,2.8383767221322995,-1.7607637475542106,3.30338085150683,1.8821758819926628,2.2959709470751983,5.8964455617668134,3.3501014234793423,1.9727043181451422,3.109815389756776,4.385890447786117,2.993800815290248,4.2072844872225,-3.2223797348883765,4.888427878400909,-4.261021724979822,4.283346303275694,-5.002808415345559,-0.5820398528442204,2.4299036331192623,1.8324219412522427,1.231104329605812,-0.40786283124328393,0.18075561391534778,1.465570881478466,-3.5084010755035924,1.7233832180363975,-0.6361961853394948,-2.5845349397592194,1.1945396038570506,-3.2096855287762596,1.8594833545839897,-1.9571989137481418,1.9632496336444174,1.6301928733731903,4.746506920709674,4.8871518896503305,-3.3987988135902314,-5.91009048951913,0.38872045425006163,-0.9561457478710359
-1.148378646162621,1.8248883643776361,-0.3802069494096641,0.15887124374209244,1.6990767543107386,-1.1824150672275393,1.8821758819926628,1.1671962167811893,1.4559088962205955,3.777455467265951,2.050318255826236,1.29833734492673,1.9138114780418656,2.7908091809929143,1.9283987884826188,2.55356857530764,-1.8829068267565592,3.1706907715095043,-2.5586505247435274,2.522661177661541,-3.1205884144747347,-0.3953442881555792,1.5272578490003057,1.076074896253086,0.5866381414494513,-0.3096966436928799,-0.002939050454139575,0.987253756435248,-2.219616136925664,1.037650966711199,-0.5767395088022484,-1.720243789887326,0.6769745886720304,-2.0668899840919472,1.2311850158039168,-1.1792194395583973,1.084122557449878,1.0196334269039486,2.9535982490942017,2.9883007034769142,-2.03379198977303,-3.5154498978021924,0.13654220712007703,-0.6909583048859097
-1.5254966891101556,2.3518360521055843,-0.7630525223517101,0.23490151455442249,2.4188808862304976,-1.9339900898100966,2.2959709470751983,1.4559088962205955,2.7193418337198905,5.577703287188605,3.2933779472997315,2.0827747405510038,3.0040070165284956,4.042160965310074,2.580817906889715,3.8025376595550955,-2.4119489849008935,4.824195228945118,-3.886972384062718,3.6078144788339284,-4.329530904728225,-0.9509920636504089,1.9242791262112333,0.9747045092710901,0.8548303235289316,-0.37080527903143923,-0.0954784336913919,1.7977534253677496,-3.7312389009669644,2.125888660779516,-1.1074854430811636,-2.522163918835429,1.1801648745248208,-3.0158842429331263,1.6576639738067525,-1.7437346748988154,0.9099523583733392,1.4399873660879856,4.538385128529188,4.057990050103996,-2.673669149349971,-4.765474409096729,0.4081018593310864,-1.4403326191650856
-4.182854207039574,5.76754546456857,-1.4221878791964389,0.4166823600765076,5.9905197339033744,-4.5925657338954435,5.8964455617668134,3.777455467265951,5.577703287188605,13.553993699696878,7.3598626567720125,4.520610630670122,6.8207259404885985,9.949070408379454,6.7466237453596065,8.677345350248993,-6.048550040956315,11.176588781131771,-8.835198060360192,8.345090651595218,-10.847566944524813,-1.9085298522802914,5.1367251572717585,3.058201740556475,1.6870872229677438,-1.0357887453920742,-0.45127472483837494,3.5434649035227053,-8.088700063590126,3.688063038134435,-2.831075513667566,-6.5912736255076805,1.9710650359816884,-7.615129557063005,4.7837347881596495,-4.198810062375041,2.8563349715709605,3.724405347291163,10.653739560031783,10.157238849853433,-6.925881774550115,-11.90052698230067,0.08834258173390451,-2.8605571741008036
-2.143512492361689,3.341148970197585,-0.9014091450895365,0.36012487761806217,3.285547527796397,-2.3966312164156864,3.3501014234793423,2.050318255826236,3.2933779472997315,7.3598626567720125,4.302890453148972,2.5735729949581385,3.918324874532623,5.359251791814358,3.5560102549687715,5.071483758893515,-3.4336365077533717,6.187104356209912,-5.135085380021524,4.857633063492107,-5.875314455451022,-1.0789147590965102,2.6656299752148547,1.577057894117703,1.2497047849088774,-0.5429361505889958,-0.06718865970775464,2.1200621599341942,-4.700187090433205,2.474320417742584,-1.2819805780547715,-3.346219864152755,1.4590481716023478,-3.965345413620235,2.298463448589652,-2.4078371663893563,1.548802519243684,1.9491119635903453,5.965671773903826,5.55276525919108,-3.7123969401103807,-6.6849397715888434,0.39160755810152664,-1.6675447635376368
-0.8471868483197362,2.061992922524785,-0.6584810207551827,0.16664809853766333,1.6137383238150713,-1.4080001258200858,1.9727043181451422,1.29833734492673,2.0827747405510038,4.520610630670122,2.5735729949581385,2.070202311410076,2.3928480043028593,3.1854543308965098,2.1425501034286625,3.3985689413779423,-2.1199448614053695,4.448827272505252,-3.1549881425514257,3.169886278441213,-3.5749753577560437,-0.4684504205486325,1.6449428334233038,1.105318122288585,0.6192794017618831,-0.41966214186620315,0.10400563774947225,1.7824326885685609,-3.0778426316696743,2.133457936168947,-0.6560160667532227,-1.6862743725432516,1.442782779033794,-2.1279125403011037,0.6838232704788672,-1.158188333814123,1.2334975448447394,0.9258186240350125,3.4971910327444062,3.3853283795124893,-2.057260259576093,-3.6431479968482225,0.7754644011588487,-1.1578726362409308
-2.041022171618142,3.0484891145111526,-0.804162225613668,0.33124019720626,3.099512570558222,-2.173802634694261,3.109815389756776,1.9138114780418656,3.0040070165284956,6.8207259404885985,3.918324874532623,2.3928480043028593,3.715163317927739,5.007575039918787,3.392766904777138,4.745636209020396,-3.202141915192738,5.768382981947924,-4.759690550855523,4.401664204574249,-5.491171033505809,-0.9970341135973777,2.491057601379047,1.5086081528465052,1.1700576337584092,-0.5154973402452265,-0.09203064732278943,1.9355792112032961,-4.34450393564504,2.28480568863911,-1.1828753458069907,-3.1432177095049667,1.303341833456187,-3.6172501267570354,2.2418785396764696,-2.190419802564325,1.4562632888872438,1.8289267355092171,5.594126387579351,5.1429696937833524,-3.4371998059790005,-6.150643763555538,0.3100521103051403,-1.5977197586526064
-3.2480448999977023,4.240468610614366,-0.9902342777854708,0.31171854794667125,4.566446575161697,-3.4043091228392437,4.385890447786117,2.7908091809929143,4.042160965310074,9.949070408379454,5.359251791814358,3.1854543308965098,5.007575039918787,7.382716620066555,5.007252708809393,6.262586184193148,-4.457685202943217,8.026316679148925,-6.465786729734663,6.060696303504075,-8.01461735399136,-1.4459794624699747,3.8278019833098433,2.260317106571005,1.260582796598352,-0.7135394864142358,-0.36488128034553047,2.466163332253035,-5.8510445228647106,2.4851873702607152,-2.121257617548989,-4.976367606467386,1.234614888870385,-5.738709170526501,3.7989807151164383,-3.1404471369967615,2.050056401146294,2.855800205255041,7.868128678576342,7.505228956844321,-5.199732233209052,-8.868123027573827,-0.10329092476154429,-2.0454669466209037
-2.2110066251860485,2.8411856776506177,-0.6105920019597553,0.20368407936488575,3.052467064746219,-2.1980144177054366,2.993800815290248,1.9283987884826188,2.580817906889715,6.7466237453596065,3.5560102549687715,2.1425501034286625,3.392766904777138,5.007252708809393,3.5523396734170603,4.313246585864612,-3.069830126694997,5.461104049120442,-4.296381370194088,3.998409139003118,-5.4979052753609325,-0.8952390039149729,2.6166989059850083,1.6215123953015764,0.8226350897705975,-0.5601191360214264,-0.272718365739103,1.6347375743833867,-3.890832516882936,1.5975755830626739,-1.4366295994893634,-3.4065452817376207,0.7869966452607282,-3.8048781400360583,2.606688958012638,-2.1107681841626103,1.4753607051954194,1.9336697190842294,5.3241259931638245,5.094387757869206,-3.4800130640847913,-6.0179874792244785,-0.16620609690741103,-1.3876553949477948
-2.1959961687999603,4.202042424931111,-1.1116350817171823,0.4862750602409381,3.6602718947753017,-2.565490414777883,4.2072844872225,2.55356857530764,3.8025376595550955,8.677345350248993,5.071483758893515,3.3985689413779423,4.745636209020396,6.262586184193148,4.313246585864612,6.504583993036878,-4.350506443508502,7.823789181127239,-6.220764653151961,6.0527429175124805,-7.071288025657795,-0.9916834891809668,3.2040374719933387,2.1965577895761634,1.6110780819906745,-0.7402847376572225,0.17313836101932162,2.8194614431799345,-5.687597440941662,3.455180601464449,-1.1436033943206523,-3.5662808525335183,2.2706580441457858,-4.281517184868735,2.091295671911372,-2.6578693923211927,2.3647470264809987,2.0936836593214716,7.020378822113469,6.706728373374202,-4.308271633969716,-7.8568749386211385,0.9654758130032299,-2.005980802443768
1.7924620172704797,-3.1419005118108734,0.6623715407318669,-0.35797840954304616,-2.783854409795739,1.8034767505126,-3.2223797348883765,-1.8829068267565592,-2.4119489849008935,-6.048550040956315,-3.4336365077533717,-2.1199448614053695,-3.202141915192738,-4.457685202943217,-3.069830126694997,-4.350506443508502,3.201640625945085,-5.143285783495084,4.315221668152762,-4.293649200725844,5.068922208173806,0.6172976801427397,-2.4203687343651836,-1.7767679836607408,-1.1779334372535892,0.4593599697480274,-0.141773295484263,-1.6293425864664064,3.6793561878461927,-1.9168705471613887,0.7291648431491056,2.624391892237676,-1.2964579551631747,3.204895642285788,-1.7923641138014061,1.9454391513772595,-1.8965115561534922,-1.609221066249274,-4.854839625374765,-4.8968994131444905,3.327712424291582,5.849545389012059,-0.44206389077518954,1.103926119278026
-2.735336208010557,4.938410987963497,-1.391684419540986,0.373516594200495,4.421475746776716,-3.5985140057340157,4.888427878400909,3.1706907715095043,4.824195228945118,11.176588781131771,6.187104356209912,4.448827272505252,5.768382981947924,8.026316679148925,5.461104049120442,7.823789181127239,-5.143285783495084,10.16535301901531,-7.525920512606384,7.362904594438429,-8.917611768163725,-1.3205922383990774,4.162773463664054,2.679321680978285,1.4467285966429322,-0.9657627580357789,-0.048920726820206636,3.6708790748546782,-7.120968647315278,4.182456236566049,-1.9597755821408243,-4.77773283050445,2.628507581480317,-5.714986784921144,2.7523803150343626,-3.126616352100925,2.7869926405121435,2.6525349193488625,8.699811057013989,8.385039202849619,-5.389773473148218,-9.385211229954614,1.0217783978987203,-2.6016321511000253
2.5699201899382165,-4.224091091774042,1.07578582811823,-0.4744815159356435,-4.014091589632232,2.807834735528351,-4.261021724979822,-2.5586505247435274,-3.886972384062718,-8.835198060360192,-5.135085380021524,-3.1549881425514257,-4.759690550855523,-6.465786729734663,-4.296381370194088,-6.220764653151961,4.315221668152762,-7.525920512606384,6.299188884841141,-6.029087515997659,7.1541212645461,1.186525930732852,-3.3073110685464893,-2.1315977127355823,-1.622753992499546,0.6341700025811685,-0.04449416934334143,-2.5320920759312115,5.620002004259066,-3.0332707778679597,1.3265764203778472,3.904546001676711,-1.8853607121732485,4.693528969319784,-2.675276941300393,2.844024250644614,-2.175643686249437,-2.3213424943386882,-7.177804238255327,-6.833897808349738,4.599868468571147,8.158950549177895,-0.6206450623629799,1.9120405115555708
-2.1991459365492196,4.310111471285774,-1.0602248930414746,0.475280157512562,3.6396899307448414,-2.6021493900965496,4.283346303275694,2.522661177661541,3.6078144788339284,8.345090651595218,4.857633063492107,3.169886278441213,4.401664204574249,6.060696303504075,3.998409139003118,6.0527429175124805,-4.293649200725844,7.362904594438429,-6.029087515997659,6.103618433019724,-6.847482324447279,-0.906412353808234,3.242049299899384,2.2870973941383776,1.569160059526509,-0.5988851770153957,0.263599551083541,2.5619504603622314,-5.308416584707803,3.0880002377581333,-1.0132635423807543,-3.415498316306463,2.1167405571068203,-4.3708350453112,2.0453358041560503,-2.589514212193615,2.5131945745485336,2.0771487158456012,6.631063761107784,6.659492450739082,-4.45262502145925,-7.802513078929245,0.9668680813692769,-1.6384891147983192
3.4152883394534728,-4.847554587982713,1.0944278717478586,-0.3929990616952856,-4.90833992328007,3.5789427992613185,-5.002808415345559,-3.1205884144747347,-4.329530904728225,-10.847566944524813,-5.875314455451022,-3.5749753577560437,-5.491171033505809,-8.01461735399136,-5.4979052753609325,-7.071288025657795,5.068922208173806,-8.917611768163725,7.1541212645461,-6.847482324447279,8.83666812596501,1.4198560739193522,-4.221155606847245,-2.6705692923076496,-1.4918460363022021,0.8136397759103355,0.24969137629524632,-2.758609603630987,6.398646951344335,-2.8872354161081843,2.093080270275671,5.243130308656907,-1.59058052676255,6.099186695541312,-3.848168401851876,3.394478638788797,-2.5748120527038076,-3.030020704737293,-8.563970910222189,-8.319613132682791,5.715002202685295,9.804078099231925,-0.11299068689711667,2.157854122290775
0.7786299471620055,-0.5586868132776011,0.20263740555690435,-0.036680921556056956,-0.9979362942944802,0.8004584902835339,-0.5820398528442204,-0.3953442881555792,-0.9509920636504089,-1.9085298522802914,-1.0789147590965102,-0.4684504205486325,-0.9970341135973777,-1.4459794624699747,-0.8952390039149729,-0.9916834891809668,0.6172976801427397,-1.3205922383990774,1.186525930732852,-0.906412353808234,1.4198560739193522,0.5276074898314146,-0.6118225287627723,-0.10210535653481152,-0.18894972013528336,0.06675236529465597,0.2316884518216891,-0.39860759419599245,1.1798850482019472,-0.37545624182932374,0.6686912317291652,1.175309024189407,0.024058326284344924,1.26390674149001,-1.0637795267774306,0.6851864139480012,0.07662801676114107,-0.6563357107328284,-1.6154749317074146,-1.2601448089360423,0.9326457642176753,1.5932375554411808,0.24878727221710323,0.5274620109327454
-1.678840229736642,2.33680963259829,-0.4666380040880697,0.14964357194010883,2.351229932206906,-1.738589507011239,2.4299036331192623,1.5272578490003057,1.9242791262112333,5.1367251572717585,2.6656299752148547,1.6449428334233038,2.491057601379047,3.8278019833098433,2.6166989059850083,3.2040374719933387,-2.4203687343651836,4.162773463664054,-3.3073110685464893,3.242049299899384,-4.221155606847245,-0.6118225287627723,2.108831200654379,1.3945600410116465,0.6210417834769171,-0.3706607881142258,-0.12673779692907094,1.207613478282287,-2.8767252068638456,1.1483624119608609,-1.0036763817120316,-2.529227626420173,0.6357339485651612,-2.9951402893662906,1.9148450012308593,-1.5684114675013254,1.3456101497528692,1.4706813658422984,3.9576603626528537,4.015490942215877,-2.82141783365431,-4.664945026910837,-0.028619909692347106,-0.8903714850939269
-0.8785877635677662,1.7590906460062294,-0.27071345459776663,0.15800004887045002,1.3561138350758997,-0.8487308503015033,1.8324219412522427,1.076074896253086,0.9747045092710901,3.058201740556475,1.577057894117703,1.105318122288585,1.5086081528465052,2.260317106571005,1.6215123953015764,2.1965577895761634,-1.7767679836607408,2.679321680978285,-2.1315977127355823,2.2870973941383776,-2.6705692923076496,-0.10210535653481152,1.3945600410116465,1.2305828807151338,0.5423749068298793,-0.2705343569526361,0.14371853007454435,0.7469442950857139,-1.66734780105732,0.8151360988446765,-0.22739839093686118,-1.24880375928805,0.6902463737116749,-1.5857403684172617,0.8069066133978086,-0.8837584725935607,1.374581768211468,0.7730861833500884,2.30703139706358,2.643246132514831,-1.8218939908130265,-3.0173796883476243,0.26074547013102994,-0.36124259195224556
-0.5116331565402487,1.2088742717841057,-0.26894239747749876,0.2785531300696978,0.9754335325108824,-0.34955394567861175,1.231104329605812,0.5866381414494513,0.8548303235289316,1.6870872229677438,1.2497047849088774,0.6192794017618831,1.1700576337584092,1.260582796598352,0.8226350897705975,1.6110780819906745,-1.1779334372535892,1.4467285966429322,-1.622753992499546,1.569160059526509,-1.4918460363022021,-0.18894972013528336,0.6210417834769171,0.5423749068298793,0.7909924561548204,-0.08760551881466981,0.25452605297452957,0.5109010582555945,-1.2673439903541281,0.8756160982780609,0.15897135529627343,-0.5382390470703772,0.6761815265484379,-0.7439043745797264,0.373697377727564,-0.7267463832934943,0.6575080329350671,0.44590862318426816,1.6101516410715284,1.5185652681923767,-1.0204859840700042,-2.0715772864175817,0.39779792976874745,-0.34582066394075806
0.2174365028148743,-0.39974068227013615,0.10708297153123306,-0.012843837756938264,-0.3217574564701723,0.2721834295941801,-0.40786283124328393,-0.3096966436928799,-0.37080527903143923,-1.0357887453920742,-0.5429361505889958,-0.41966214186620315,-0.5154973402452265,-0.7135394864142358,-0.5601191360214264,-0.7402847376572225,0.4593599697480274,-0.9657627580357789,0.6341700025811685,-0.5988851770153957,0.8136397759103355,0.06675236529465597,-0.3706607881142258,-0.2705343569526361,-0.08760551881466981,0.1675115444651726,0.04502561416581822,-0.33302887450838337,0.6265683582579845,-0.3420029117466009,0.18209192495342974,0.43005225253084417,-0.25197564643774484,0.4395883015379276,-0.22476113312197146,0.2847538963537797,-0.2684852843996488,-0.2018269059870564,-0.7664167084965312,-0.7299646404034918,0.41295463298750895,0.8193755831071113,-0.03371380243861687,0.2574790244829104
0.37131558160836176,0.2365625559266118,-0.05500566661488783,0.11700551478682797,-0.2350989076735222,0.313200208024181,0.18075561391534778,-0.002939050454139575,-0.0954784336913919,-0.45127472483837494,-0.06718865970775464,0.10400563774947225,-0.09203064732278943,-0.36488128034553047,-0.272718365739103,0.17313836101932162,-0.141773295484263,-0.048920726820206636,-0.04449416934334143,0.263599551083541,0.24969137629524632,0.2316884518216891,-0.12673779692907094,0.14371853007454435,0.25452605297452957,0.04502561416581822,0.34183394360624053,0.1390956930867343,0.06039351049117007,0.39296718994776025,0.5241257927758554,0.597965165770445,0.47959533625028783,0.46732266779735343,-0.6970151176647494,0.15728260414756573,0.35173295448677394,-0.25219662460174824,-0.3008455182732024,-0.10116497072086672,0.14658959213911013,0.14030883708215994,0.5434917127164927,0.13578827664884485
-0.505091277369079,1.5908630033576814,-0.5943156562196431,0.14697720950359475,1.1661303646165326,-1.0961598924417841,1.465570881478466,0.987253756435248,1.7977534253677496,3.5434649035227053,2.1200621599341942,1.7824326885685609,1.9355792112032961,2.466163332253035,1.6347375743833867,2.8194614431799345,-1.6293425864664064,3.6708790748546782,-2.5320920759312115,2.5619504603622314,-2.758609603630987,-0.39860759419599245,1.207613478282287,0.7469442950857139,0.5109010582555945,-0.33302887450838337,0.1390956930867343,1.6519632709330938,-2.6117755410476655,2.0069693247553473,-0.5000220656678316,-1.2060652222529544,1.342021002866873,-1.5997171363534017,0.30020411159586396,-0.8853755595760476,0.8617518847919801,0.666160595877938,2.7733822358587794,2.589749904168264,-1.4736141845266075,-2.7515887410057767,0.8231670756650151,-1.0491300385073696
2.144051442222921,-3.544452787601318,1.0552413927047595,-0.3535175407332451,-3.4284091663540206,2.639531461562477,-3.5084010755035924,-2.219616136925664,-3.7312389009669644,-8.088700063590126,-4.700187090433205,-3.0778426316696743,-4.34450393564504,-5.8510445228647106,-3.890832516882936,-5.687597440941662,3.6793561878461927,-7.120968647315278,5.620002004259066,-5.308416584707803,6.398646951344335,1.1798850482019472,-2.8767252068638456,-1.66734780105732,-1.2673439903541281,0.6265683582579845,0.06039351049117007,-2.6117755410476655,5.326253407242596,-3.0731403901730063,1.445250810181533,3.557939069853362,-1.819510187118519,4.224470903948214,-2.2513853948154976,2.4804104907863445,-1.6508241777455346,-2.032704429777476,-6.527697447853399,-5.99921474035141,3.8937307753436534,7.003323906805513,-0.6510845590837522,2.0077290462433286
-0.25766454665124316,1.9254287837222752,-0.7791418028523521,0.2922582387166722,1.1478744971555055,-0.9848211968004842,1.7233832180363975,1.037650966711199,2.125888660779516,3.688063038134435,2.474320417742584,2.133457936168947,2.28480568863911,2.4851873702607152,1.5975755830626739,3.455180601464449,-1.9168705471613887,4.182456236566049,-3.0332707778679597,3.0880002377581333,-2.8872354161081843,-0.37545624182932374,1.1483624119608609,0.8151360988446765,0.8756160982780609,-0.3420029117466009,0.39296718994776025,2.0069693247553473,-3.0731403901730063,2.8012315982173943,-0.16241682265721608,-0.8839300437413066,1.9959299044718612,-1.3156310586256905,-0.243020828534674,-0.9122391861392755,1.1177322949009108,0.5143533160772423,3.057285664546189,2.770765550720816,-1.470464287121946,-2.9559358996696545,1.4119546953172986,-1.230401160907682
1.1314996779301543,-0.5763338449883559,0.1830141736962173,0.11194601513835543,-1.2553463475922437,1.2576811568773594,-0.6361961853394948,-0.5767395088022484,-1.1074854430811636,-2.831075513667566,-1.2819805780547715,-0.6560160667532227,-1.1828753458069907,-2.121257617548989,-1.4366295994893634,-1.1436033943206523,0.7291648431491056,-1.9597755821408243,1.3265764203778472,-1.0132635423807543,2.093080270275671,0.6686912317291652,-1.0036763817120316,-0.22739839093686118,0.15897135529627343,0.18209192495342974,0.5241257927758554,-0.5000220656678316,1.445250810181533,-0.16241682265721608,1.2799457693066199,1.9064431828927877,0.3281253036310884,1.9707929551395578,-1.6548735596915585,0.8364697147706631,0.08004881365510425,-0.9623522118976637,-2.1136829219110025,-1.7820464652428374,1.3167750729125254,2.018425162772599,0.6473265698598514,0.6797520069041416
2.55769281291832,-2.396624699730091,0.4984743474805254,-0.0884256148969304,-3.2123436688146314,2.454258709910954,-2.5845349397592194,-1.720243789887326,-2.522163918835429,-6.5912736255076805,-3.346219864152755,-1.6862743725432516,-3.1432177095049667,-4.976367606467386,-3.4065452817376207,-3.5662808525335183,2.624391892237676,-4.77773283050445,3.904546001676711,-3.415498316306463,5.243130308656907,1.175309024189407,-2.529227626420173,-1.24880375928805,-0.5382390470703772,0.43005225253084417,0.597965165770445,-1.2060652222529544,3.557939069853362,-0.8839300437413066,1.9064431828927877,3.830912091574902,-0.04377641276559113,4.175261932111374,-3.3153474459804313,2.1688410943442085,-0.8730173964761919,-2.1383960037985448,-5.188594366163355,-4.789326212952241,3.487237007412348,5.775247223610931,0.7963501148548334,1.31068975215702
0.18541836931033254,1.371188784304109,-0.5184207929702261,0.23827389930697063,0.425649570274891,-0.3472488814338765,1.1945396038570506,0.6769745886720304,1.1801648745248208,1.9710650359816884,1.4590481716023478,1.442782779033794,1.303341833456187,1.234614888870385,0.7869966452607282,2.2706580441457858,-1.2964579551631747,2.628507581480317,-1.8853607121732485,2.1167405571068203,-1.59058052676255,0.024058326284344924,0.6357339485651612,0.6902463737116749,0.6761815265484379,-0.25197564643774484,0.47959533625028783,1.342021002866873,-1.819510187118519,1.9959299044718612,0.3281253036310884,-0.04377641276559113,1.6652962977667463,-0.38188568013059637,-0.7747752615410743,-0.4243216876953534,1.052963929438519,0.05423751320053305,1.595345819063973,1.636568806445039,-0.7599413455708607,-1.6822282518864367,1.2782361322523723,-0.6312506504896148
2.7874080329418223,-3.069035831751478,0.6614515861898566,-0.1541253591113178,-3.6763825782235213,2.8465783735738848,-3.2096855287762596,-2.0668899840919472,-3.0158842429331263,-7.615129557063005,-3.965345413620235,-2.1279125403011037,-3.6172501267570354,-5.738709170526501,-3.8048781400360583,-4.281517184868735,3.204895642285788,-5.714986784921144,4.693528969319784,-4.3708350453112,6.099186695541312,1.26390674149001,-2.9951402893662906,-1.5857403684172617,-0.7439043745797264,0.4395883015379276,0.46732266779735343,-1.5997171363534017,4.224470903948214,-1.3156310586256905,1.9707929551395578,4.175261932111374,-0.38188568013059637,4.834142562162576,-3.456826966033263,2.4736000460143406,-1.27680855591481,-2.4044778130930013,-5.941707404508837,-5.706453198257121,4.139394844268806,6.80499399420283,0.5251339328768234,1.4232837741764732
-2.4654262866884653,1.5654225238345147,-0.1764676096245937,0.039771746232688004,2.8075274283641853,-1.9099212901614548,1.8594833545839897,1.2311850158039168,1.6576639738067525,4.7837347881596495,2.298463448589652,0.6838232704788672,2.2418785396764696,3.7989807151164383,2.606688958012638,2.091295671911372,-1.7923641138014061,2.7523803150343626,-2.675276941300393,2.0453358041560503,-3.848168401851876,-1.0637795267774306,1.9148450012308593,0.8069066133978086,0.373697377727564,-0.22476113312197146,-0.6970151176647494,0.30020411159586396,-2.2513853948154976,-0.243020828534674,-1.6548735596915585,-3.3153474459804313,-0.7747752615410743,-3.456826966033263,3.4459973030512363,-1.8166044392778862,0.27479330383664874,1.9077964697429453,3.8899596135987204,3.4686911390695405,-2.780569490753729,-4.502569843837747,-1.3435738736980523,-0.8157547951536592
1.532108114878091,-1.8698985189077608,0.40870619976421874,-0.20539276354286995,-2.1030057001639655,1.4005988486535006,-1.9571989137481418,-1.1792194395583973,-1.7437346748988154,-4.198810062375041,-2.4078371663893563,-1.158188333814123,-2.190419802564325,-3.1404471369967615,-2.1107681841626103,-2.6578693923211927,1.9454391513772595,-3.126616352100925,2.844024250644614,-2.589514212193615,3.394478638788797,0.6851864139480012,-1.5684114675013254,-0.8837584725935607,-0.7267463832934943,0.2847538963537797,0.15728260414756573,-0.8853755595760476,2.4804104907863445,-0.9122391861392755,0.8364697147706631,2.1688410943442085,-0.4243216876953534,2.4736000460143406,-1.8166044392778862,1.5372405918519694,-0.7549272279704694,-1.2904007527421864,-3.4486843366333906,-3.1916511349061416,2.2607826635643957,4.062414799938001,0.1815845104186092,0.8338310708330804
-0.5976406572506755,1.9390335755745027,-0.3183132727339739,0.2147746354122881,1.1508790069750978,-0.6719853899099962,1.9632496336444174,1.084122557449878,0.9099523583733392,2.8563349715709605,1.548802519243684,1.2334975448447394,1.4562632888872438,2.050056401146294,1.4753607051954194,2.3647470264809987,-1.8965115561534922,2.7869926405121435,-2.175643686249437,2.5131945745485336,-2.5748120527038076,0.07662801676114107,1.3456101497528692,1.374581768211468,0.6575080329350671,-0.2684852843996488,0.35173295448677394,0.8617518847919801,-1.6508241777455346,1.1177322949009108,0.08004881365510425,-0.8730173964761919,1.052963929438519,-1.27680855591481,0.27479330383664874,-0.7549272279704694,1.6980305621590408,0.5799530780805109,2.127860612577116,2.6315243743768506,-1.7510816402005134,-2.9202808828513493,0.6461397707381755,-0.271350582863007
-1.5032496055179188,1.5100219200315816,-0.28473308594890007,0.10634500406071679,1.9365003399025809,-1.3605730570092665,1.6301928733731903,1.0196334269039486,1.4399873660879856,3.724405347291163,1.9491119635903453,0.9258186240350125,1.8289267355092171,2.855800205255041,1.9336697190842294,2.0936836593214716,-1.609221066249274,2.6525349193488625,-2.3213424943386882,2.0771487158456012,-3.030020704737293,-0.6563357107328284,1.4706813658422984,0.7730861833500884,0.44590862318426816,-0.2018269059870564,-0.25219662460174824,0.666160595877938,-2.032704429777476,0.5143533160772423,-0.9623522118976637,-2.1383960037985448,0.05423751320053305,-2.4044778130930013,1.9077964697429453,-1.2904007527421864,0.5799530780805109,1.2590266255444686,2.9974403903453823,2.815987837833103,-2.0813586249958664,-3.476023759705458,-0.39177943676585963,-0.6897993861876532
-3.396463583625623,4.61537817280155,-1.1538494769402283,0.4365448418294635,4.919513302450438,-3.540027111104177,4.746506920709674,2.9535982490942017,4.538385128529188,10.653739560031783,5.965671773903826,3.4971910327444062,5.594126387579351,7.868128678576342,5.3241259931638245,7.020378822113469,-4.854839625374765,8.699811057013989,-7.177804238255327,6.631063761107784,-8.563970910222189,-1.6154749317074146,3.9576603626528537,2.30703139706358,1.6101516410715284,-0.7664167084965312,-0.3008455182732024,2.7733822358587794,-6.527697447853399,3.057285664546189,-2.1136829219110025,-5.188594366163355,1.595345819063973,-5.941707404508837,3.8899596135987204,-3.4486843366333906,2.127860612577116,2.9974403903453823,8.625500162265224,8.007032083417293,-5.471714475644359,-9.597458959533828,0.10516812183947476,-2.3557722174261433
-3.1692279752190493,4.760391565987096,-1.0484142589857735,0.4176271455647641,4.638093358294471,-3.3289309336406,4.8871518896503305,2.9883007034769142,4.057990050103996,10.157238849853433,5.55276525919108,3.3853283795124893,5.1429696937833524,7.505228956844321,5.094387757869206,6.706728373374202,-4.8968994131444905,8.385039202849619,-6.833897808349738,6.659492450739082,-8.319613132682791,-1.2601448089360423,4.015490942215877,2.643246132514831,1.5185652681923767,-0.7299646404034918,-0.10116497072086672,2.589749904168264,-5.99921474035141,2.770765550720816,-1.7820464652428374,-4.789326212952241,1.636568806445039,-5.706453198257121,3.4686911390695405,-3.1916511349061416,2.6315243743768506,2.815987837833103,8.007032083417293,7.935256946464661,-5.478178559438309,-9.354822103559508,0.26901640155502854,-1.9162232998428939
2.429240256674977,-3.258891357060319,0.6364430005223778,-0.27624585514977845,-3.385977903169819,2.3719391341646485,-3.3987988135902314,-2.03379198977303,-2.673669149349971,-6.925881774550115,-3.7123969401103807,-2.057260259576093,-3.4371998059790005,-5.199732233209052,-3.4800130640847913,-4.308271633969716,3.327712424291582,-5.389773473148218,4.599868468571147,-4.45262502145925,5.715002202685295,0.9326457642176753,-2.82141783365431,-1.8218939908130265,-1.0204859840700042,0.41295463298750895,0.14658959213911013,-1.4736141845266075,3.8937307753436534,-1.470464287121946,1.3167750729125254,3.487237007412348,-0.7599413455708607,4.139394844268806,-2.780569490753729,2.2607826635643957,-1.7510816402005134,-2.0813586249958664,-5.471714475644359,-5.478178559438309,3.949293290337984,6.557607291372639,0.10320163902530397,1.1528044870848313
4.024566775332887,-5.690325588914111,1.1826247946283202,-0.5994066584019606,-5.761164565531002,3.8420382507083537,-5.91009048951913,-3.5154498978021924,-4.765474409096729,-11.90052698230067,-6.6849397715888434,-3.6431479968482225,-6.150643763555538,-8.868123027573827,-6.0179874792244785,-7.8568749386211385,5.849545389012059,-9.385211229954614,8.158950549177895,-7.802513078929245,9.804078099231925,1.5932375554411808,-4.664945026910837,-3.0173796883476243,-2.0715772864175817,0.8193755831071113,0.14030883708215994,-2.7515887410057767,7.003323906805513,-2.9559358996696545,2.018425162772599,5.775247223610931,-1.6822282518864367,6.80499399420283,-4.502569843837747,4.062414799938001,-2.9202808828513493,-3.476023759705458,-9.597458959533828,-9.354822103559508,6.557607291372639,11.477062095959576,-0.03690033833852559,2.1878545791341604
0.7038231377528043,0.5818574452239693,-0.30844727709905106,0.1690572513921134,-0.3337471861216534,0.2056772264858385,0.38872045425006163,0.13654220712007703,0.4081018593310864,0.08834258173390451,0.39160755810152664,0.7754644011588487,0.3100521103051403,-0.10329092476154429,-0.16620609690741103,0.9654758130032299,-0.44206389077518954,1.0217783978987203,-0.6206450623629799,0.9668680813692769,-0.11299068689711667,0.24878727221710323,-0.028619909692347106,0.26074547013102994,0.39779792976874745,-0.03371380243861687,0.5434917127164927,0.8231670756650151,-0.6510845590837522,1.4119546953172986,0.6473265698598514,0.7963501148548334,1.2782361322523723,0.5251339328768234,-1.3435738736980523,0.1815845104186092,0.6461397707381755,-0.39177943676585963,0.10516812183947476,0.26901640155502854,0.10320163902530397,-0.03690033833852559,1.24476314196724,-0.18353970976001646
0.701532153452095,-0.9818631872115232,0.40213766043229654,-0.08286927953828563,-1.1232168244371157,0.9569693376401961,-0.9561457478710359,-0.6909583048859097,-1.4403326191650856,-2.8605571741008036,-1.6675447635376368,-1.1578726362409308,-1.5977197586526064,-2.0454669466209037,-1.3876553949477948,-2.005980802443768,1.103926119278026,-2.6016321511000253,1.9120405115555708,-1.6384891147983192,2.157854122290775,0.5274620109327454,-0.8903714850939269,-0.36124259195224556,-0.34582066394075806,0.2574790244829104,0.13578827664884485,-1.0491300385073696,2.0077290462433286,-1.230401160907682,0.6797520069041416,1.31068975215702,-0.6312506504896148,1.4232837741764732,-0.8157547951536592,0.8338310708330804,-0.271350582863007,-0.6897993861876532,-2.3557722174261433,-1.9162232998428939,1.1528044870848313,2.1878545791341604,-0.18353970976001646,0.9300400830522266
