V1,V2,V3,V4,V5,V6,V7,V8,V9,V10,V11,V12,V13,V14,V15,V16,V17,V18,V19,V20,V21,V22,V23,V24,V25,V26,V27,V28,V29,V30,V31,V32,V33,V34,V35,V36,V37,V38,V39,V40,V41,V42,V43,V44
1.2213285982885955,0.5598373970484571,-0.25440134643504303,0.3576291068502957,-1.095479764471622,0.6598707688523904,0.28507340297610534,-0.6566311615530134,-0.19158120486585284,-0.29046610852257754,0.4273597233614786,0.1610936695854046,-0.1546832316381129,-0.6626844654081944,0.28044777518477493,1.3266045100079662,-0.5491215121961659,0.5545881250985517,0.4029565854497613,0.7491975218881834,-0.3033257677903988,0.2573183568005681,-0.4947761298625797,-0.31473234602985206,0.13669650778672923,0.14972164965203147,0.6087130347367318,0.5676051294678002,-0.18244610988104418,1.6261594124291496,-0.24150953369096,0.5921614166128922,0.7386535382716816,0.5783829429210429,-2.4405156501395875,0.2964901666112204,0.7480240431151198,-0.3316863004000901,-0.170843476855465,0.18519380887081952,0.2571041679525601,-0.03518612305740761,1.259560333755422,0.10018923330007987
0.5598373970484571,0.8609560020946879,-0.32150324984853007,0.3930669377290792,-0.5564934431734172,0.055444692315056554,0.5538772316866198,-0.25249102752750757,0.2876341951179426,-0.13173741573007208,0.32012486553612873,0.34600478583113253,0.4195848816640181,-0.32238670200269326,0.30561145725878336,0.2697090556134102,-0.48817609903666886,0.40414641033524457,0.16685328921955597,0.6387113336207699,-0.15610048873498422,0.07225797132238815,-0.5138875284523066,-0.4929487350228852,0.25386383364179604,-0.5606913712472396,0.29023131894646276,-0.2548724572899685,-0.6013115712305055,0.9209625301059775,0.0560501094874308,-0.1895472509745854,0.6666064390061285,0.42816374118056244,-1.0189261137669323,0.1970552629238041,-0.0477488145937325,0.1976374281818413,0.8802080027000674,0.21977891186782184,0.24668600161794915,-0.4074749285613468,0.4038251641511386,-0.11682085735265592
-0.25440134643504303,-0.32150324984853007,0.29868190631070457,-0.04259895469072991,0.18567876175733183,-0.2539791084848887,-0.16144773588325706,0.07894396075032788,-0.20942367022321684,-0.005133987694223277,-0.24476787476495382,-0.12164852272547254,-0.4234794597490415,-0.009335775132846481,-0.12674270304477775,-0.16710549040512845,0.20241358753255692,-0.11855553155647414,0.17465751422596199,-0.3105447117107867,-0.1440723148275342,0.09776110390099783,-0.0747607966573531,0.031169995403945768,-0.2367454927092868,0.07951530377256008,0.05021348603733524,0.22945938079403333,0.05780617794955157,-0.27620755010282855,-0.0876081813954175,-0.4367043441403745,-0.22568177662565328,-0.18054317969578182,0.5627555150892095,-0.058682311958212,-0.011851381062960555,0.09967400348917371,-0.004348080877290648,-0.21721713492066863,0.0834124430537799,-0.02215044434429246,-0.1178390805482141,0.03130654806181838
0.3576291068502957,0.3930669377290792,-0.04259895469072991,0.33594725004015086,-0.4258502786149389,-0.05578650384367142,0.3026571105630033,-0.38397372116075434,-0.023582309952386034,-0.20119159437080936,0.12312874699521313,0.08732339514530056,-0.06051458669802142,-0.3189667836133506,0.18701703306366457,0.23150117428993555,-0.28637049297776335,0.11209498406679026,0.33349491799458325,0.26456180554394704,-0.24563012070528006,0.15506974968977935,-0.5539917129340642,-0.5159942396734336,0.05242703636509691,-0.23121256073970456,0.33055109871865396,-0.0014843552866544035,-0.37354522782909094,0.6361222468493041,-0.19480575805435557,-0.3446696708832902,0.2498283094836387,0.19504895256871807,-0.6080554315187569,0.05531788268873529,-0.0836818891950256,0.17768464421235403,0.5911553435672721,0.036305245380962935,0.24023132784956985,-0.3022569204591978,0.32057180866226265,-0.044172720299315585
-1.095479764471622,-0.5564934431734172,0.18567876175733183,-0.4258502786149389,1.3768709864072168,-0.27399999608880143,-0.46994824184264666,1.1517820579142872,0.5612572876722801,0.409479026471565,-0.1441357801966545,-0.25722653779194815,0.25341567025763984,0.5428698315727216,-0.5518813214001123,-0.9400787151018248,0.7920085884634542,-0.3949988072081931,-0.6969378417057541,-0.5677928110912744,0.539866812283297,-0.6154615218966906,0.7730259919011319,0.7759422047863157,0.026703653467654593,0.04922548337356629,-0.6806275381694388,-0.21179829542546358,0.27672397391931586,-1.3845522191553714,0.7053891207213183,-0.3923958867700278,-0.34982244611674307,-0.42970971343287867,2.0374247703190287,-0.13313670801013305,-0.28761819676406947,0.17935902692783115,-0.2616351037908498,-0.423300032588525,-0.1974711291966019,-0.0727440353488195,-0.9572623156949265,-0.04289653921108061
0.6598707688523904,0.055444692315056554,-0.2539791084848887,-0.05578650384367142,-0.27399999608880143,1.0076067192773606,-0.25509880430439724,-0.1016845054246001,0.05531835825352573,0.06202452177175054,0.5826580734568619,-0.4878612519575643,0.008731524981261712,-0.30171647319772754,0.10401626167426958,1.1086534047607783,0.017000537809515895,0.015689560763999594,0.07201673457091268,0.34927081782100383,0.1095792199934324,-0.4783746169780611,0.3432306771682142,0.3213344720931895,0.1401649543903631,0.6804620703700806,-0.0777918525997418,0.32503931920556406,0.5780141597146148,0.6114404505158313,-0.19285826268661374,0.7619987107320406,0.06629669971423502,0.08691285178976575,-1.7123427539362956,0.20782290906207587,0.8447129331898067,-0.37386829863301346,-1.1091024822825002,0.03647246446512779,-0.18570135466234997,0.009172202371367646,0.583991822130266,0.30572053087847834
0.28507340297610534,0.5538772316866198,-0.16144773588325706,0.3026571105630033,-0.46994824184264666,-0.25509880430439724,0.5172768100486975,-0.3446401194062659,0.04231906164794499,-0.16468888816829444,-0.007194490516326215,0.49091049373579027,0.2553895749094768,-0.07723730889130793,0.26416366326861573,-0.08023686844898442,-0.46781053217475493,0.3251888697433275,0.09179784865498111,0.3473940678163657,-0.1909469627412236,0.3738144607101014,-0.48547020659488244,-0.5008693976062409,0.1278252637118466,-0.5468286905512166,0.3005324799422276,-0.25010170785033187,-0.5950899558724061,0.5237262209927783,-0.010318021913776471,-0.13487283022362978,0.4076123965047465,0.29598228861120746,-0.3146484683879942,0.04688621949814603,-0.3159386820401371,0.1564935149239123,0.8953201616053147,0.2699097022851323,0.19302154454247314,-0.146157138713238,0.18092636180204305,-0.19360728545943603
-0.6566311615530134,-0.25249102752750757,0.07894396075032788,-0.38397372116075434,1.1517820579142872,-0.1016845054246001,-0.3446401194062659,1.5236529698981889,0.7772283156775944,0.4041760073122648,-0.07665029757608419,0.21936010843831866,0.35205089375414933,0.32334740692729536,-0.7224339828674151,-0.5629231357075265,0.711291592573457,0.25677459005018105,-0.8944419369987213,-0.14148505510804724,0.6131251306619723,-0.4551931819363337,0.7748544818228134,1.1256407019375367,0.12156136351876995,-0.1930619721490539,-0.44159990260605414,0.2575157499679387,-0.0170667985205844,-0.7025035058283523,1.321417894266206,-0.08859314918589598,0.5481888879816041,0.07388051131676644,1.2846698325613517,0.1615972528196228,0.22501832686537293,-0.05041102406807056,-0.27953591107578574,-0.5096784821789647,0.08252729293489607,-0.007587317067073837,-0.3207445062462107,-0.11540254906515675
-0.19158120486585284,0.2876341951179426,-0.20942367022321684,-0.023582309952386034,0.5612572876722801,0.05531835825352573,0.04231906164794499,0.7772283156775944,0.7885154386723375,0.17286943261035728,0.26919109989905765,0.174515822861921,0.6059160641307683,0.08161674185227555,-0.3273125298826005,-0.24620753553605568,0.2300791251615,0.15383502563960746,-0.6074229340547914,0.2403011027420577,0.44684454715953575,-0.4366398779410253,0.2566612863395848,0.36895387839253074,0.3637560437100574,-0.3142252362772902,-0.22905776171522393,-0.14398692833514606,-0.27634877770565114,-0.04192854908610605,0.8513952994789027,-0.040931818182686465,0.5772399162530949,0.22149852548015367,0.33782506408650814,0.11014572946509905,-0.057035397365489286,0.08229622726739222,0.24206813647380626,-0.20184728707633234,0.09619262063487123,-0.2721338349829063,-0.10515642498590616,-0.140116928121227
-0.29046610852257754,-0.13173741573007208,-0.005133987694223277,-0.20119159437080936,0.409479026471565,0.06202452177175054,-0.16468888816829444,0.4041760073122648,0.17286943261035728,0.3260231952092851,0.07741351902426398,-0.15340899629582505,0.15403470549241455,0.2528100367552455,-0.027142007344057684,-0.10226675870252025,0.21065654966223354,-0.021661399447064168,-0.2340434067586139,-0.08893398901539375,0.09708935641406934,-0.2985001657785679,0.45677817190339254,0.41336484218274894,-0.03531787481930585,0.10062315870345136,-0.33434036315171295,-0.09244411629223957,0.23951287525700515,-0.45867080724428144,0.09807898082384006,-0.04517683793713447,-0.17935907978605756,-0.22762089074526623,0.4096831241743772,-0.015126332648859151,0.1372686736596927,0.010996291557051957,-0.2722987868243556,0.014700880275171925,-0.22331399693909926,-0.06955083762886148,-0.32634559719262435,0.06324922150005369
0.4273597233614786,0.32012486553612873,-0.24476787476495382,0.12312874699521313,-0.1441357801966545,0.5826580734568619,-0.007194490516326215,-0.07665029757608419,0.26919109989905765,0.07741351902426398,0.5932664122284736,-0.36356636289861866,0.18230935760903033,-0.28104989906167216,0.12725204952209407,0.7236470286044974,-0.06496528093612636,-0.011857607294695162,0.06820407268281763,0.40048110388346086,0.00793048347893321,-0.4701831383921311,0.016859935753124285,-0.03954227085950012,0.21932954514138026,0.2517522093652362,-0.029727667169867286,0.04068777679247118,0.12817267900834145,0.5738560738580335,-0.13448100521914869,0.13216271056755624,0.15531421895481237,0.06307488475156886,-1.1561786470511546,0.09304649806450024,0.3887178717945547,-0.027288266439651647,-0.25688817565923716,0.02676666887396037,-0.058730926670930717,-0.37085035934272703,0.3440909735047207,0.1523223131265157
0.1610936695854046,0.34600478583113253,-0.12164852272547254,0.08732339514530056,-0.25722653779194815,-0.4878612519575643,0.49091049373579027,0.21936010843831866,0.174515822861921,-0.15340899629582505,-0.36356636289861866,1.2472467246524042,0.37220542698197184,0.18493641650774034,-0.20978269663055146,-0.3403763074463942,-0.3709947827139697,0.8532244015069727,-0.6129065573213083,0.3601617148421277,0.11949094317282824,0.8055966837325177,-0.1968502460577963,0.09408448229171107,0.21612592756599935,-0.7454207008135764,0.4128614560956187,0.22494979929661524,-0.8740987966587881,0.4780948575342834,0.9074531156337313,0.5368119192029654,1.0848276127813357,0.6652726281910759,0.23370545446101415,0.09686800900802302,-0.22969742729826373,-0.24229573814951058,0.7392382479798322,0.17688993872151443,0.3454718828027177,0.4078343308703166,0.43803226295909503,-0.4440440441311028
-0.1546832316381129,0.4195848816640181,-0.4234794597490415,-0.06051458669802142,0.25341567025763984,0.008731524981261712,0.2553895749094768,0.35205089375414933,0.6059160641307683,0.15403470549241455,0.18230935760903033,0.37220542698197184,0.9425385096457031,0.35328381811639303,0.01608674910322121,-0.46704393616240275,-0.11279567695558598,0.13240587674616344,-0.6417409353079906,0.2711261469553228,0.44623844020247605,-0.22098154733973527,0.3329195611486452,0.15083906463213273,0.4082952441190174,-0.4320065339758747,-0.33251057540887685,-0.6649959945913525,-0.23664060333125347,-0.2178228990525785,0.5412146099774363,0.4179145438147088,0.3173831488819075,0.18018720554987125,0.3140266502157199,0.021969461703393228,-0.3789475158174925,0.011741405576076048,0.3452436758890009,0.2679273779952881,-0.16391214281191516,0.026938677089211188,-0.3555781182644732,-0.19680359906514658
-0.6626844654081944,-0.32238670200269326,-0.009335775132846481,-0.3189667836133506,0.5428698315727216,-0.30171647319772754,-0.07723730889130793,0.32334740692729536,0.08161674185227555,0.2528100367552455,-0.28104989906167216,0.18493641650774034,0.35328381811639303,0.6968047873730044,-0.030677512127786476,-0.7840422339396319,0.14692896382433746,-0.14735429123371804,-0.5379270365166431,-0.35727912144803226,0.26705384633316115,0.02175587234086748,0.5762219443117962,0.35797859678045196,-7.46481388944885e-4,-0.07189783671538043,-0.438760656313359,-0.4406394900024053,0.15383776947094188,-1.046671271670962,0.18764870593245814,0.2787718541586009,-0.4218972564655589,-0.3068110596495934,1.383999175017662,-0.20225360828286984,-0.46934019490600976,-0.02591105810421511,-0.10205116859843322,0.21561031698018351,-0.35036652688229675,0.32055725219946696,-0.7717378017029718,-0.12368813776442883
0.28044777518477493,0.30561145725878336,-0.12674270304477775,0.18701703306366457,-0.5518813214001123,0.10401626167426958,0.26416366326861573,-0.7224339828674151,-0.3273125298826005,-0.027142007344057684,0.12725204952209407,-0.20978269663055146,0.01608674910322121,-0.030677512127786476,0.6654644255984893,0.18764657239802834,-0.41542453361606035,-0.13509308585303878,0.5676947608190918,0.1033372997123097,-0.3795617858706804,0.05846299103988244,-0.22937081423125044,-0.551060390804114,-0.1200632576904578,-0.01788068501112552,0.014245456710770453,-0.47342793591029814,0.10450989856317157,0.13961202775563922,-0.871359669849662,-0.1905764464708029,-0.4886438539617456,-0.21790738886357386,-0.6274710114785746,-0.019979774418273106,-0.14164887825688974,0.2133062227468047,0.2565819058799967,0.4442455765904918,-0.19109198273090883,-0.19241160978848512,-0.14772823439341093,0.11797623507149994
1.3266045100079662,0.2697090556134102,-0.16710549040512845,0.23150117428993555,-0.9400787151018248,1.1086534047607783,-0.08023686844898442,-0.5629231357075265,-0.24620753553605568,-0.10226675870252025,0.7236470286044974,-0.3403763074463942,-0.46704393616240275,-0.7840422339396319,0.18764657239802834,2.048779924194278,-0.32860898285469936,0.46497871949923464,0.4398783570348836,0.7575613496481538,-0.3982658002618021,-0.10475611125068354,-0.21902571605210405,0.013700493420172403,0.07888146874661355,0.7937592409053015,0.5555653852570531,1.0890237634415287,0.25639520478696964,1.7785848522277612,-0.433107921051881,0.7317708920289392,0.56374388298754885,0.36147774509472147,-2.985237468111735,0.2788948453765901,1.357730758356274,-0.5066728175747846,-0.9733924461102286,0.04407722356544779,0.09777877248669706,-0.1462004135381852,1.5541342983001505,0.32274172696374365
-0.5491215121961659,-0.48817609903666886,0.20241358753255692,-0.28637049297776335,0.7920085884634542,0.017000537809515895,-0.46781053217475493,0.711291592573457,0.2300791251615,0.21065654966223354,-0.06496528093612636,-0.3709947827139697,-0.11279567695558598,0.14692896382433746,-0.41542453361606035,-0.32860898285469936,0.6180722184807116,-0.3060854560659119,-0.25335783394290573,-0.40580225526047264,0.31718622982794803,-0.4507062565674495,0.48240115530755223,0.5783852291925644,-0.08457551648410093,0.25535311961383583,-0.3838337203739475,0.11681301580035584,0.3833021576410592,-0.7530121143381738,0.36162389342671253,-0.23899905739261698,-0.253763417840304,-0.26012975047485226,0.9308397690266637,-0.016713149338568514,0.11009439478353077,0.02655801771345279,-0.5229770558837222,-0.42726173692362696,-0.07296542382620148,-0.01597088847507319,-0.4154609066035022,0.09647805176763806
0.5545881250985517,0.40414641033524457,-0.11855553155647414,0.11209498406679026,-0.3949988072081931,0.015689560763999594,0.3251888697433275,0.25677459005018105,0.15383502563960746,-0.021661399447064168,-0.011857607294695162,0.8532244015069727,0.13240587674616344,-0.14735429123371804,-0.13509308585303878,0.46497871949923464,-0.3060854560659119,0.9808729820020372,-0.34214010265243183,0.5757181722273733,-0.060171857075783076,0.4898142196452137,-0.11911088839896453,0.29567839401429824,0.1372804690920742,-0.375205672544323,0.4504371752522831,0.6199104012403797,-0.587453008311307,0.9654495917547394,0.7002649397388594,0.4577484307341824,1.1653982682433692,0.6528039632024332,-0.8280746558612179,0.2872784003392986,0.5037187776852126,-0.31801117168184023,0.2450867725341107,0.07573586934513468,0.3363818762285394,0.1502399020740561,0.8724421147718221,-0.20077996375530782
0.4029565854497613,0.16685328921955597,0.17465751422596199,0.33349491799458325,-0.6969378417057541,0.07201673457091268,0.09179784865498111,-0.8944419369987213,-0.6074229340547914,-0.2340434067586139,0.06820407268281763,-0.6129065573213083,-0.6417409353079906,-0.5379270365166431,0.5676947608190918,0.4398783570348836,-0.25335783394290573,-0.34214010265243183,1.2051433922543107,-0.054986486051498626,-0.6548716820301148,0.031111734643339942,-0.688057121122281,-0.8261611057901717,-0.3753422319974805,0.13787565868216564,0.2740412549561084,-0.09504390568251882,0.17340056135871787,0.41846729300279834,-1.1800682840174384,-0.883274777462635,-0.5998308602003893,-0.26608312420249197,-0.917026050625623,0.038401113674179845,0.08037448418616025,0.38797747362472146,0.27457921131801677,0.04237339873507155,0.0919832995074317,-0.4306189094921115,0.10881839501933731,0.27658129175113594
0.7491975218881834,0.6387113336207699,-0.3105447117107867,0.26456180554394704,-0.5677928110912744,0.34927081782100383,0.3473940678163657,-0.14148505510804724,0.2403011027420577,-0.08893398901539375,0.40048110388346086,0.3601617148421277,0.2711261469553228,-0.35727912144803226,0.1033372997123097,0.7575613496481538,-0.40580225526047264,0.5757181722273733,-0.054986486051498626,0.721362449932204,-0.08515969432872643,0.08795625523121613,-0.28499169700774435,-0.12572270255334417,0.28813221109476816,-0.18898310298300672,0.36846426706759056,0.2747618065562478,-0.42108427072689764,1.1730655789472395,0.23634880392226468,0.38250299420525746,0.8706211535057465,0.5285172217624061,-1.4728668240241023,0.21704780213511263,0.40543499472971795,-0.16451104660827473,0.23249493996796797,0.153857729905167,0.2124172568536067,-0.16847175406263326,0.8312557896421413,-0.06664676983869312
-0.3033257677903988,-0.15610048873498422,-0.1440723148275342,-0.24563012070528006,0.539866812283297,0.1095792199934324,-0.1909469627412236,0.6131251306619723,0.44684454715953575,0.09708935641406934,0.00793048347893321,0.11949094317282824,0.44623844020247605,0.26705384633316115,-0.3795617858706804,-0.3982658002618021,0.31718622982794803,-0.060171857075783076,-0.6548716820301148,-0.08515969432872643,0.595459272814699,-0.26973132904502817,0.5138732791352397,0.5264467897236638,0.2434692564604417,-0.006809865788905574,-0.3462406675782592,-0.14154091155810797,0.12010830133276587,-0.4705953477557629,0.7021016379020705,0.5129542035497296,0.1812026234533914,0.1086485892514651,0.580964298135477,0.01654452218486574,-0.09926670528232609,-0.1912549618691586,-0.3661552747642455,-0.14596949827211453,-0.08496461317129561,0.2667431052927011,-0.26006681352026034,-0.08472754281606448
0.2573183568005681,0.07225797132238815,0.09776110390099783,0.15506974968977935,-0.6154615218966906,-0.4783746169780611,0.3738144607101014,-0.4551931819363337,-0.4366398779410253,-0.2985001657785679,-0.4701831383921311,0.8055966837325177,-0.22098154733973527,0.02175587234086748,0.05846299103988244,-0.10475611125068354,-0.4507062565674495,0.4898142196452137,0.031111734643339942,0.08795625523121613,-0.26973132904502817,0.9561286309483678,-0.4796470049189314,-0.3218938478248295,-0.09354105435486267,-0.37731658770834814,0.5454558588047634,0.28280968469656065,-0.5517539541199467,0.44623263670171026,0.05038828911914974,0.288811256544229,0.4166060639375274,0.3593701489942754,-0.021384244574910585,-0.033456510551402405,-0.21849037567349958,-0.18093088782581498,0.5343421384701422,0.22592600864617238,0.26623104914125045,0.4192711966194978,0.42217216996430906,-0.2535111567720348
-0.4947761298625797,-0.5138875284523066,-0.0747607966573531,-0.5539917129340642,0.7730259919011319,0.3432306771682142,-0.48547020659488244,0.7748544818228134,0.2566612863395848,0.45677817190339254,0.016859935753124285,-0.1968502460577963,0.3329195611486452,0.5762219443117962,-0.22937081423125044,-0.21902571605210405,0.48240115530755223,-0.11911088839896453,-0.688057121122281,-0.28499169700774435,0.5138732791352397,-0.4796470049189314,1.1249205179638513,1.024953702499328,0.020971555643589053,0.4331400628871325,-0.6808575149283377,-0.07397544110273886,0.6987808399469329,-0.9890871278396015,0.40224525071325207,0.7049858518349745,-0.3400162001230519,-0.30713855974700677,0.7161464027180316,-0.008685186011358152,0.28301415760349985,-0.3169520679093444,-1.121999318139561,0.011301677104256957,-0.4878603373510217,0.39217045984024673,-0.5248111129633013,0.11086352598322245
-0.31473234602985206,-0.4929487350228852,0.031169995403945768,-0.5159942396734336,0.7759422047863157,0.3213344720931895,-0.5008693976062409,1.1256407019375367,0.36895387839253074,0.41336484218274894,-0.03954227085950012,0.09408448229171107,0.15083906463213273,0.35797859678045196,-0.551060390804114,0.013700493420172403,0.5783852291925644,0.29567839401429824,-0.8261611057901717,-0.12572270255334417,0.5264467897236638,-0.3218938478248295,1.024953702499328,1.3016874292159077,0.024294411431120353,0.33611820819808635,-0.42080679789878445,0.49649547108005326,0.44638393149432604,-0.5406022306840522,0.923433859049506,0.6923813506580898,0.30285750761622154,0.03355995702153828,0.4855677436681542,0.16437340605719908,0.6664642927480842,-0.4599265151629563,-1.1159651572698652,-0.2631221658053485,-0.1798622025798953,0.40729312640701903,-0.01903637513279975,0.04923126957407848
0.13669650778672923,0.25386383364179604,-0.2367454927092868,0.05242703636509691,0.026703653467654593,0.1401649543903631,0.1278252637118466,0.12156136351876995,0.3637560437100574,-0.03531787481930585,0.21932954514138026,0.21612592756599935,0.4082952441190174,-7.46481388944885e-4,-0.1200632576904578,0.07888146874661355,-0.08457551648410093,0.1372804690920742,-0.3753422319974805,0.28813221109476816,0.2434692564604417,-0.09354105435486267,0.020971555643589053,0.024294411431120353,0.32767732277613176,-0.11783590925657524,0.01787746214384609,-0.05672888064606525,-0.22843900430270245,0.29798795969475367,0.39590363398602735,0.38653734240488796,0.4267502583413431,0.2619712549096119,-0.263277372483845,0.022637126179922713,-0.06647603708388103,-0.10324689245740103,0.10616499735745752,0.038176525218618626,0.04456097313394685,-0.01042904472060301,0.18799544595189063,-0.11916068932561787
0.14972164965203147,-0.5606913712472396,0.07951530377256008,-0.23121256073970456,0.04922548337356629,0.6804620703700806,-0.5468286905512166,-0.1930619721490539,-0.3142252362772902,0.10062315870345136,0.2517522093652362,-0.7454207008135764,-0.4320065339758747,-0.07189783671538043,-0.01788068501112552,0.7937592409053015,0.25535311961383583,-0.375205672544323,0.13787565868216564,-0.18898310298300672,-0.006809865788905574,-0.37731658770834814,0.4331400628871325,0.33611820819808635,-0.11783590925657524,1.005039619619227,-0.1618208196876929,0.44231654699961126,0.8518031096696571,-0.05932174723714997,-0.5064504416703084,0.5542070049791669,-0.5965875110733445,-0.3411048925022139,-0.7089036494120814,-0.06804500204027705,0.6270422417142432,-0.3491562866243682,-1.3532655583544855,-0.0695412534299353,-0.34395103032462787,0.19220842931709706,0.20905293597732952,0.342566194548944
0.6087130347367318,0.29023131894646276,0.05021348603733524,0.33055109871865396,-0.6806275381694388,-0.0777918525997418,0.3005324799422276,-0.44159990260605414,-0.22905776171522393,-0.33434036315171295,-0.029727667169867286,0.4128614560956187,-0.33251057540887685,-0.438760656313359,0.014245456710770453,0.5555653852570531,-0.3838337203739475,0.4504371752522831,0.2740412549561084,0.36846426706759056,-0.3462406675782592,0.5454558588047634,-0.6808575149283377,-0.42080679789878445,0.01787746214384609,-0.1618208196876929,0.676400789472703,0.5810049135256226,-0.5306303019106241,1.0881694799164445,-0.0036716085126612444,0.02724537950919214,0.6448560393344217,0.4379563389649694,-0.9600114788961449,0.0901465388124172,0.18647262092096029,-0.0983275016795386,0.42767530682498806,-0.012578684761945494,0.41271181089262926,-0.02291417789938777,0.8723634532306417,-0.11202175254458425
0.5676051294678002,-0.2548724572899685,0.22945938079403333,-0.0014843552866544035,-0.21179829542546358,0.32503931920556406,-0.25010170785033187,0.2575157499679387,-0.14398692833514606,-0.09244411629223957,0.04068777679247118,0.22494979929661524,-0.6649959945913525,-0.4406394900024053,-0.47342793591029814,1.0890237634415287,0.11681301580035584,0.6199104012403797,-0.09504390568251882,0.2747618065562478,-0.14154091155810797,0.28280968469656065,-0.07397544110273886,0.49649547108005326,-0.05672888064606525,0.44231654699961126,0.5810049135256226,1.4915190702497672,-0.08911884483937796,1.04729643479314,0.48103731518335624,0.470139361432245,0.8478355333565812,0.40050228684198425,-1.080276681241685,0.1792288402515575,0.995858539141716,-0.5105585801272932,-0.719419145580572,-0.39376648898768596,0.3790168243800829,0.1868008142610958,1.2574860413305464,0.030434382609243964
-0.18244610988104418,-0.6013115712305055,0.05780617794955157,-0.37354522782909094,0.27672397391931586,0.5780141597146148,-0.5950899558724061,-0.0170667985205844,-0.27634877770565114,0.23951287525700515,0.12817267900834145,-0.8740987966587881,-0.23664060333125347,0.15383776947094188,0.10450989856317157,0.25639520478696964,0.3833021576410592,-0.587453008311307,0.17340056135871787,-0.42108427072689764,0.12010830133276587,-0.5517539541199467,0.6987808399469329,0.44638393149432604,-0.22843900430270245,0.8518031096696571,-0.5306303019106241,-0.08911884483937796,1.0768000915677831,-0.7362146089309815,-0.5849812616023363,0.3358993105494961,-0.97801810205583,-0.553663484678938,-0.09427335407389438,-0.05483730909244167,0.41109771211148244,-0.18248082196076595,-1.327389774675832,-0.004428859155329835,-0.521054615536297,0.2144448032023462,-0.40821606810095395,0.39359050793801914
1.6261594124291496,0.9209625301059775,-0.27620755010282855,0.6361222468493041,-1.3845522191553714,0.6114404505158313,0.5237262209927783,-0.7025035058283523,-0.04192854908610605,-0.45867080724428144,0.5738560738580335,0.4780948575342834,-0.2178228990525785,-1.046671271670962,0.13961202775563922,1.7785848522277612,-0.7530121143381738,0.9654495917547394,0.41846729300279834,1.1730655789472395,-0.4705953477557629,0.44623263670171026,-0.9890871278396015,-0.5406022306840522,0.29798795969475367,-0.05932174723714997,1.0881694799164445,1.04729643479314,-0.7362146089309815,2.5738473352751994,0.05169467433650784,0.46875341206781235,1.490529321960283,0.9823453582902406,-3.1299922104005797,0.3923035637790276,0.935938849483982,-0.3386104866273947,0.3089157014605627,0.05513172716332709,0.6270560153519233,-0.26289044785190446,1.9783537663482595,-0.02951908256470943
-0.24150953369096,0.0560501094874308,-0.0876081813954175,-0.19480575805435557,0.7053891207213183,-0.19285826268661374,-0.010318021913776471,1.321417894266206,0.8513952994789027,0.09807898082384006,-0.13448100521914869,0.9074531156337313,0.5412146099774363,0.18764870593245814,-0.871359669849662,-0.433107921051881,0.36162389342671253,0.7002649397388594,-1.1800682840174384,0.23634880392226468,0.7021016379020705,0.05038828911914974,0.40224525071325207,0.923433859049506,0.39590363398602735,-0.5064504416703084,-0.0036716085126612444,0.48103731518335624,-0.5849812616023363,0.05169467433650784,1.7787014279561688,0.5026514606758891,1.3351195161675662,0.6620923774360835,0.7711230811407788,0.21025799127195832,0.12357765968152176,-0.3109814521584095,0.10098729240691473,-0.42130830501916366,0.3707657362944031,0.26538564127135406,0.2946360670485545,-0.36838904897654695
0.5921614166128922,-0.1895472509745854,-0.4367043441403745,-0.3446696708832902,-0.3923958867700278,0.7619987107320406,-0.13487283022362978,-0.08859314918589598,-0.040931818182686465,-0.04517683793713447,0.13216271056755624,0.5368119192029654,0.4179145438147088,0.2787718541586009,-0.1905764464708029,0.7317708920289392,-0.23899905739261698,0.4577484307341824,-0.883274777462635,0.38250299420525746,0.5129542035497296,0.288811256544229,0.7049858518349745,0.6923813506580898,0.38653734240488796,0.5542070049791669,0.02724537950919214,0.470139361432245,0.3358993105494961,0.46875341206781235,0.5026514606758891,2.3511548338993005,0.529644520870882,0.4828664811457317,-1.1926477362963572,0.028645322106914308,0.5436411917565829,-1.0576302413892673,-1.392666184199076,0.40834211946951304,-0.31584612302427073,1.0813646331350806,0.7637150596356147,-0.05988290339206191
0.7386535382716816,0.6666064390061285,-0.22568177662565328,0.2498283094836387,-0.34982244611674307,0.06629669971423502,0.4076123965047465,0.5481888879816041,0.5772399162530949,-0.17935907978605756,0.15531421895481237,1.0848276127813357,0.3173831488819075,-0.4218972564655589,-0.4886438539617456,0.56374388298754885,-0.253763417840304,1.1653982682433692,-0.5998308602003893,0.8706211535057465,0.1812026234533914,0.4166060639375274,-0.3400162001230519,0.30285750761622154,0.4267502583413431,-0.5965875110733445,0.6448560393344217,0.8478355333565812,-0.97801810205583,1.490529321960283,1.3351195161675662,0.529644520870882,1.8866595910745123,1.0803767972657006,-1.1169005817456528,0.3877387702425354,0.53856796957862,-0.3642394335548953,0.4919031412638346,-0.20319277192448792,0.6612494260112937,0.027553143061592515,1.2838335828017708,-0.33277417959441635
0.5783829429210429,0.42816374118056244,-0.18054317969578182,0.19504895256871807,-0.42970971343287867,0.08691285178976575,0.29598228861120746,0.07388051131676644,0.22149852548015367,-0.22762089074526623,0.06307488475156886,0.6652726281910759,0.18018720554987125,-0.3068110596495934,-0.21790738886357386,0.36147774509472147,-0.26012975047485226,0.6528039632024332,-0.26608312420249197,0.5285172217624061,0.1086485892514651,0.3593701489942754,-0.30713855974700677,0.03355995702153828,0.2619712549096119,-0.3411048925022139,0.4379563389649694,0.40050228684198425,-0.553663484678938,0.9823453582902406,0.6620923774360835,0.4828664811457317,1.0803767972657006,0.7262861142652816,-0.9004892494988165,0.2408187190871321,0.27544015391099486,-0.2806836541988863,0.2775966221559901,-0.04584658406996385,0.3897795287239601,0.14234379905965244,0.8196726937616812,-0.18625992793959759
-2.4405156501395875,-1.0189261137669323,0.5627555150892095,-0.6080554315187569,2.0374247703190287,-1.7123427539362956,-0.3146484683879942,1.2846698325613517,0.33782506408650814,0.4096831241743772,-1.1561786470511546,0.23370545446101415,0.3140266502157199,1.383999175017662,-0.6274710114785746,-2.985237468111735,0.9308397690266637,-0.8280746558612179,-0.917026050625623,-1.4728668240241023,0.580964298135477,-0.021384244574910585,0.7161464027180316,0.4855677436681542,-0.263277372483845,-0.7089036494120814,-0.9600114788961449,-1.080276681241685,-0.09427335407389438,-3.1299922104005797,0.7711230811407788,-1.1926477362963572,-1.1169005817456528,-0.9004892494988165,5.23085335816968,-0.5850803498957647,-1.7869715823962404,0.6655065765308891,0.8750191613253198,-0.3396712896676478,-0.2738346419599122,0.2232104555528879,-2.4215582360681163,-0.418190430042907
0.2964901666112204,0.1970552629238041,-0.058682311958212,0.05531788268873529,-0.13313670801013305,0.20782290906207587,0.04688621949814603,0.1615972528196228,0.11014572946509905,-0.015126332648859151,0.09304649806450024,0.09686800900802302,0.021969461703393228,-0.20225360828286984,-0.019979774418273106,0.2788948453765901,-0.016713149338568514,0.2872784003392986,0.038401113674179845,0.21704780213511263,0.01654452218486574,-0.033456510551402405,-0.008685186011358152,0.16437340605719908,0.022637126179922713,-0.06804500204027705,0.0901465388124172,0.1792288402515575,-0.05483730909244167,0.3923035637790276,0.21025799127195832,0.028645322106914308,0.3877387702425354,0.2408187190871321,-0.5850803498957647,0.2418023022445332,0.36330040658370444,-0.05963696925304479,-0.052141659825964706,-0.07317963887849739,0.14099414184703937,-0.050230874572737144,0.3249971488339156,0.03684416648521001
0.7480240431151198,-0.0477488145937325,-0.011851381062960555,-0.0836818891950256,-0.28761819676406947,0.8447129331898067,-0.3159386820401371,0.22501832686537293,-0.057035397365489286,0.1372686736596927,0.3887178717945547,-0.22969742729826373,-0.3789475158174925,-0.46934019490600976,-0.14164887825688974,1.357730758356274,0.11009439478353077,0.5037187776852126,0.08037448418616025,0.40543499472971795,-0.09926670528232609,-0.21849037567349958,0.28301415760349985,0.6664642927480842,-0.06647603708388103,0.6270422417142432,0.18647262092096029,0.995858539141716,0.41109771211148244,0.935938849483982,0.12357765968152176,0.5436411917565829,0.53856796957862,0.27544015391099486,-1.7869715823962404,0.36330040658370444,1.3719678261117845,-0.4937434107274165,-1.129467390496506,-0.18997553513686982,0.04996888248304482,0.047332072590086774,1.036862286124822,0.2944839686859019
-0.3316863004000901,0.1976374281818413,0.09967400348917371,0.17768464421235403,0.17935902692783115,-0.37386829863301346,0.1564935149239123,-0.05041102406807056,0.08229622726739222,0.010996291557051957,-0.027288266439651647,-0.24229573814951058,0.011741405576076048,-0.02591105810421511,0.2133062227468047,-0.5066728175747846,0.02655801771345279,-0.31801117168184023,0.38797747362472146,-0.16451104660827473,-0.1912549618691586,-0.18093088782581498,-0.3169520679093444,-0.4599265151629563,-0.10324689245740103,-0.3491562866243682,-0.0983275016795386,-0.5105585801272932,-0.18248082196076595,-0.3386104866273947,-0.3109814521584095,-1.0576302413892673,-0.3642394335548953,-0.2806836541988863,0.6655065765308891,-0.05963696925304479,-0.4937434107274165,0.5756843189243698,0.7973624169521933,-0.05739823178988607,0.06540916098846783,-0.5277601445218278,-0.5483749647353326,-0.007049579081294516
-0.170843476855465,0.8802080027000674,-0.004348080877290648,0.5911553435672721,-0.2616351037908498,-1.1091024822825002,0.8953201616053147,-0.27953591107578574,0.24206813647380626,-0.2722987868243556,-0.25688817565923716,0.7392382479798322,0.3452436758890009,-0.10205116859843322,0.2565819058799967,-0.9733924461102286,-0.5229770558837222,0.2450867725341107,0.27457921131801677,0.23249493996796797,-0.3661552747642455,0.5343421384701422,-1.121999318139561,-1.1159651572698652,0.10616499735745752,-1.3532655583544855,0.42767530682498806,-0.719419145580572,-1.327389774675832,0.3089157014605627,0.10098729240691473,-1.392666184199076,0.4919031412638346,0.2775966221559901,0.8750191613253198,-0.052141659825964706,-1.129467390496506,0.7973624169521933,2.37893332673078,0.1233152347902076,0.5291262586272119,-0.6572979181694552,-0.2969891665230208,-0.442229882619679
0.18519380887081952,0.21977891186782184,-0.21721713492066863,0.036305245380962935,-0.423300032588525,0.03647246446512779,0.2699097022851323,-0.5096784821789647,-0.20184728707633234,0.014700880275171925,0.02676666887396037,0.17688993872151443,0.2679273779952881,0.21561031698018351,0.4442455765904918,0.04407722356544779,-0.42726173692362696,0.07573586934513468,0.04237339873507155,0.153857729905167,-0.14596949827211453,0.22592600864617238,0.011301677104256957,-0.2631221658053485,0.038176525218618626,-0.0695412534299353,-0.012578684761945494,-0.39376648898768596,-0.004428859155329835,0.05513172716332709,-0.42130830501916366,0.40834211946951304,-0.20319277192448792,-0.04584658406996385,-0.3396712896676478,-0.07317963887849739,-0.18997553513686982,-0.05739823178988607,0.1233152347902076,0.5240832490062985,-0.24807731604427355,0.15620077504931063,-0.08835435783901226,-0.03151156836814969
0.2571041679525601,0.24668600161794915,0.0834124430537799,0.24023132784956985,-0.1974711291966019,-0.18570135466234997,0.19302154454247314,0.08252729293489607,0.09619262063487123,-0.22331399693909926,-0.058730926670930717,0.3454718828027177,-0.16391214281191516,-0.35036652688229675,-0.19109198273090883,0.09777877248669706,-0.07296542382620148,0.3363818762285394,0.0919832995074317,0.2124172568536067,-0.08496461317129561,0.26623104914125045,-0.4878603373510217,-0.1798622025798953,0.04456097313394685,-0.34395103032462787,0.41271181089262926,0.3790168243800829,-0.521054615536297,0.6270560153519233,0.3707657362944031,-0.31584612302427073,0.6612494260112937,0.3897795287239601,-0.2738346419599122,0.14099414184703937,0.04996888248304482,0.06540916098846783,0.5291262586272119,-0.24807731604427355,0.4642058510151491,-0.16316786518690943,0.485499787300805,-0.13194449769156827
-0.03518612305740761,-0.4074749285613468,-0.02215044434429246,-0.3022569204591978,-0.0727440353488195,0.009172202371367646,-0.146157138713238,-0.007587317067073837,-0.2721338349829063,-0.06955083762886148,-0.37085035934272703,0.4078343308703166,0.026938677089211188,0.32055725219946696,-0.19241160978848512,-0.1462004135381852,-0.01597088847507319,0.1502399020740561,-0.4306189094921115,-0.16847175406263326,0.2667431052927011,0.4192711966194978,0.39217045984024673,0.40729312640701903,-0.01042904472060301,0.19220842931709706,-0.02291417789938777,0.1868008142610958,0.2144448032023462,-0.26289044785190446,0.26538564127135406,1.0813646331350806,0.027553143061592515,0.14234379905965244,0.2232104555528879,-0.050230874572737144,0.047332072590086774,-0.5277601445218278,-0.6572979181694552,0.15620077504931063,-0.16316786518690943,0.85405323700043,0.08799948610711342,-0.08442729833954386
1.259560333755422,0.4038251641511386,-0.1178390805482141,0.32057180866226265,-0.9572623156949265,0.583991822130266,0.18092636180204305,-0.3207445062462107,-0.10515642498590616,-0.32634559719262435,0.3440909735047207,0.43803226295909503,-0.3555781182644732,-0.7717378017029718,-0.14772823439341093,1.5541342983001505,-0.4154609066035022,0.8724421147718221,0.10881839501933731,0.8312557896421413,-0.26006681352026034,0.42217216996430906,-0.5248111129633013,-0.01903637513279975,0.18799544595189063,0.20905293597732952,0.8723634532306417,1.2574860413305464,-0.40821606810095395,1.9783537663482595,0.2946360670485545,0.7637150596356147,1.2838335828017708,0.8196726937616812,-2.4215582360681163,0.3249971488339156,1.036862286124822,-0.5483749647353326,-0.2969891665230208,-0.08835435783901226,0.485499787300805,0.08799948610711342,1.7612662162971073,-0.004076380863933744
0.10018923330007987,-0.11682085735265592,0.03130654806181838,-0.044172720299315585,-0.04289653921108061,0.30572053087847834,-0.19360728545943603,-0.11540254906515675,-0.140116928121227,0.06324922150005369,0.1523223131265157,-0.4440440441311028,-0.19680359906514658,-0.12368813776442883,0.11797623507149994,0.32274172696374365,0.09647805176763806,-0.20077996375530782,0.27658129175113594,-0.06664676983869312,-0.08472754281606448,-0.2535111567720348,0.11086352598322245,0.04923126957407848,-0.11916068932561787,0.342566194548944,-0.11202175254458425,0.030434382609243964,0.39359050793801914,-0.02951908256470943,-0.36838904897654695,-0.05988290339206191,-0.33277417959441635,-0.18625992793959759,-0.418190430042907,0.03684416648521001,0.2944839686859019,-0.007049579081294516,-0.442229882619679,-0.03151156836814969,-0.13194449769156827,-0.08442729833954386,-0.004076380863933744,0.21069720748293103
