V1,V2,V3,V4,V5,V6,V7,V8,V9,V10,V11,V12,V13,V14,V15,V16,V17,V18,V19,V20,V21,V22,V23,V24,V25,V26,V27,V28,V29,V30,V31,V32,V33,V34,V35,V36,V37,V38,V39,V40,V41,V42,V43,V44
2.2713450317352146,-1.1739996875617515,-1.428722354604931,1.7462532895402227,2.367194110211704,-0.5841215237389357,1.7427494693068322,-4.980550168550693,-3.093408362460165,2.739154590734657,-0.21001984849323624,-2.9808558035649235,-0.4710580319713803,3.7922267949940327,2.3830212955882026,5.9140810824578285,0.2395020183775944,1.9069434165681642,0.5116436309931366,-3.0568882168034235,0.35739674646827724,-1.3782493380284886,3.066924531619912,0.5179133466627351,-2.3719567746889445,2.161942661372142,-1.6688146027327142,0.3227030060924022,1.0964834277324975,-2.047213740657241,-3.1724529082645954,0.5199557459147549,-3.323425725599598,-0.1590722968064313,2.5989660543984825,1.1779839058266215,-2.2454694962659003,-0.32597022616184596,-1.2504803835916458,2.196791392256701,1.9698831238927015,-1.666169400316944,1.529346003074194,-2.5887609904659294
-1.1739996875617515,0.9028008695959064,1.2630752372351293,-1.6749207849263261,-1.962844051176001,0.44990671071553484,-1.7462032003233376,2.985142181029955,2.601044190330696,-1.8404001044660494,-0.07157450803738494,1.569730678253115,0.21134977309272798,-1.7034403939992102,-2.179329810259505,-3.2460584159469934,-0.0026819448685382764,-0.6652764651917453,0.3584516770238112,1.4352958556646935,-0.6293055875249288,0.8260877040025636,-2.2834755058049265,0.06142103219470766,1.8089257489672996,-0.831788644500635,0.855587078402379,-0.9892124198447731,0.3403995803400533,2.0690419669210516,2.3681088776204735,-0.10189412106865266,2.404091661626904,0.32115720667179387,-1.5649064256212053,-0.5275193606126828,1.7383653363389557,-0.45039243597483397,0.2775654463941927,-1.5155010417466155,-1.3562313760129443,1.7485908613130658,-0.6854373035330599,1.8442987613690593
-1.428722354604931,1.2630752372351293,1.8528412335509286,-2.4876685547334576,-2.8325164324465515,0.6258540740263421,-2.6259499104202884,3.873315693220086,3.766248792019212,-2.4951656775824396,-0.18421256282066212,1.9233433672405316,0.23531702217561867,-1.9145957546076688,-3.21586700507152,-4.058980700914544,0.06852828889977301,-0.6097194276987626,0.819981539009912,1.6513518112642036,-1.0308094312256175,1.0665933320243235,-3.1913916747421993,0.2789273350465148,2.5380821871408603,-0.8354486120062936,1.0394395369071447,-1.6990007645760306,0.9694790669760117,3.1144055984961083,3.313258578913418,-0.028356560898248385,3.3275599915481435,0.5318264224794902,-2.0305525187577427,-0.5946806127239195,2.4588810376489807,-0.9166880747968961,0.11602226564928128,-2.081904813278497,-1.85365171379199,2.6552453563752136,-0.7723047047372728,2.5553425293639753
1.7462532895402227,-1.6749207849263261,-2.4876685547334576,3.513845744650781,3.8213850514275007,-0.8443666944525505,3.6646420101620967,-4.751562189777234,-5.1018125154733625,3.215856635316682,0.35099560211961306,-2.308770963100514,-0.314598553033184,2.1907249308063346,4.464585078438571,4.977311900471358,-0.12330609363666242,0.5370670869936673,-1.2480482353904765,-1.9348409660923573,1.491177949498199,-1.3726833328026475,4.148343556011173,-0.47121044038523213,-3.399946103191753,0.8093053971090466,-1.2212092643185086,2.5372453200674503,-1.6732271959971534,-4.332660486130093,-4.416166267962518,-0.017363852475835894,-4.376768128716169,-0.8032431742173384,2.5791620935567545,0.6097438184254688,-3.2417105608713035,1.5350902093945218,0.07660453940840507,2.7438021666627552,2.388023506874543,-3.6459795647932602,0.8188395843766538,-3.356776467723631
2.367194110211704,-1.962844051176001,-2.8325164324465515,3.8213850514275007,4.398802919365019,-1.0034279205318277,4.019754237386882,-6.199952061737471,-5.840447889725415,3.928835250786281,0.23078375325843264,-3.1218323223655444,-0.41213686783861747,3.2194231478267765,4.947818195961067,6.554802117318917,-0.07430322093562326,1.0741027069969733,-1.1271284886710988,-2.75306331575694,1.5481554556166885,-1.7144983541254986,4.9960428214179275,-0.34965624105407644,-3.9688878914811463,1.4633679617501538,-1.6898542763445663,2.5309186380124173,-1.2997485147856445,-4.762077736144155,-5.193182794696478,0.09746489786925186,-5.190789423607167,-0.79337422335571,3.268648458877071,0.9977185860728016,-3.8488086321515755,1.2888666236354256,-0.2951097047231721,3.2746514235853774,2.9149733869373247,-4.066050725234223,1.2895870287220341,-4.006814106059082
-0.5841215237389357,0.44990671071553484,0.6258540740263421,-0.8443666944525505,-1.0034279205318277,0.27898691067310627,-0.9111110339465082,1.4970877029781446,1.3395164558238586,-0.8895972343588096,-0.039464298844524695,0.7258975034820045,0.10323454248590386,-0.7501686454280961,-1.1050174383156957,-1.505593298129377,0.0151417251907617,-0.2385231062802382,0.2559111922008804,0.6451930457655898,-0.34871250477239607,0.4109779133255218,-1.1882785879637028,0.08970810470354204,0.9053251745892941,-0.3757487964932388,0.3878399917330163,-0.5594187406064502,0.26617739690291375,1.0671383517285464,1.2038907535398187,-0.009494175734667716,1.1533878990797133,0.17381681059244034,-0.7735360257485976,-0.26399373963555967,0.9181987789532039,-0.2158932158543012,0.07258470867869501,-0.7401160673592542,-0.6693433377974289,0.9648147318232848,-0.317540280162249,0.8866575298685248
1.7427494693068322,-1.7462032003233376,-2.6259499104202884,3.6646420101620967,4.019754237386882,-0.9111110339465082,3.8885193435468004,-4.922192749984479,-5.36940571026118,3.3082565484271775,0.3829805508942456,-2.28925993651283,-0.28491470752997694,2.0431129023259897,4.676684085384826,4.945710824251611,-0.17650874323015164,0.3967665974349061,-1.4954371420492003,-1.834202045372135,1.6271414456625384,-1.3882276099601756,4.388178560456345,-0.6160341190086289,-3.530868502677999,0.7222063464036879,-1.2022266174291631,2.7675634520044974,-1.9717267014064002,-4.590252173573462,-4.600103832734816,-0.09861959253149347,-4.511224541578081,-0.8578838329675369,2.6231480957387774,0.6178087918260731,-3.43209392044466,1.6368445616344982,0.21097640445260724,2.8243430247749646,2.476536112990259,-3.9481434428391906,0.79762597915107325,-3.4588317211036377
-4.980550168550693,2.985142181029955,3.873315693220086,-4.751562189777234,-6.199952061737471,1.4970877029781446,-4.922192749984479,11.713546628372395,8.13754775044618,-6.612359402473862,0.2610993390901676,6.618050535649917,0.9353908587763108,-7.9555860038258235,-6.414223952358236,-13.26891738349277,-0.3334670367931995,-3.7740616243838603,-0.18486249580064454,6.496359969685566,-1.389580275343821,3.1598650509224817,-7.798905274363097,-0.628932895545674,5.972271694043845,-4.435458743030077,3.6814011367068433,-1.7721955291916494,-1.196127549921495,5.819390720795962,7.936694459829095,-0.8643696393775049,8.222045098927394,0.6272535885350008,-6.002000952130945,-2.5749513261915915,5.778005548785328,0.024725315348286214,2.26081894065691,-5.300852569211561,-4.819001194698573,4.923505675186292,-3.2960443789816494,6.359296755690706
-3.093408362460165,2.601044190330696,3.766248792019212,-5.1018125154733625,-5.840447889725415,1.3395164558238586,-5.36940571026118,8.13754775044618,7.772172341532087,-5.181887551475675,-0.33291718557139477,4.076140051457767,0.5415260474825282,-4.168021056204835,-6.604591308189668,-8.581811110035101,0.10299718238474578,-1.3559262275998396,1.5489470965985344,3.5785380025576594,-2.07513440464953,2.263411073486672,-6.61537740510303,0.4976531553147202,5.257863899375673,-1.8719008287945729,2.203808075180461,-3.416285878467928,1.8105727160116802,6.354729477149255,6.888474810374772,-0.10720695486474918,6.862427350751565,1.0767885449612187,-4.299162129730467,-1.2891327977347136,5.106131786158355,-1.761705511441889,0.3364342270372542,-4.3329227110038895,-3.8477599168427754,5.434099814164496,-1.667890713110131,5.289127253314129
2.739154590734657,-1.8404001044660494,-2.4951656775824396,3.215856635316682,3.928835250786281,-0.8895972343588096,3.3082565484271775,-6.612359402473862,-5.181887551475675,3.9472451853949257,-0.00615186679690028,-3.663997834422445,-0.5188102715400759,4.252995199789126,4.2470164258376,7.4766348400607345,0.12063050399550662,1.8744622790418344,-0.2654179700435879,-3.5095987366041625,1.0597670749056902,-1.8240868715632874,4.700960845827668,0.16681810291218624,-3.7042181336916835,2.2149277652808896,-2.028224919101583,1.5639227687083554,0.04127817754791403,-3.924204316060808,-4.878456163656129,0.402499324578385,-5.030821231329982,-0.5294771354656101,3.461174426422827,1.307884198867541,-3.5341568616654677,0.5091248947890861,-1.0065092913044231,3.2182588164165074,2.881592294209771,-3.2622586927849633,1.7096230539417723,-3.8913048212876684
-0.21001984849323624,-0.07157450803738494,-0.18421256282066212,0.35099560211961306,0.23078375325843264,-0.039464298844524695,0.3829805508942456,0.2610993390901676,-0.33291718557139477,-0.00615186679690028,0.16388024940780746,0.2626995798500047,0.047781320399011,-0.5109676041851596,0.3953698907048772,-0.436335376937333,-0.07689350913555734,-0.3724484118872122,-0.3971927109481305,0.3669519365876808,0.24707045762297836,0.03923056544800526,0.11206862592661167,-0.23106716509763173,-0.14298699645244994,-0.3965562768639137,0.17452853864972162,0.47892593595222405,-0.6579167981074124,-0.4399851479779512,-0.165335504436633,-0.12663395818108422,-0.11444888193580463,-0.14773822108572,-0.11382694803612453,-0.18184797817802711,-0.12264359983168388,0.43937127464547443,0.34661031831195477,0.04752542304910205,0.006427736371963618,-0.37874209481539906,-0.2273326552896943,-0.05844751002411779
-2.9808558035649235,1.569730678253115,1.9233433672405316,-2.308770963100514,-3.1218323223655444,0.7258975034820045,-2.28925993651283,6.618050535649917,4.076140051457767,-3.663997834422445,0.2626995798500047,4.004348734112602,0.6092631702312994,-5.082327558548264,-3.153545177490004,-7.940042023917895,-0.3338372153300385,-2.613520049002331,-0.7165494492636035,4.095219988970586,-0.45157671843698616,1.8269251056145839,-4.044234766655871,-0.7234173088585442,3.1426962804555365,-2.8964795021823098,2.242967452572247,-0.3718238824322893,-1.5265468593354572,2.7006049448787848,4.190761064073362,-0.7136858943449986,4.4656241509261,0.20153988015325586,-3.429845769258773,-1.5700642531388542,2.9386889909604026,0.4241527104572719,1.7128233508859179,-2.923851627729696,-2.6237485997760035,2.1501546111153895,-2.0544281416604644,3.455649507355159
-0.4710580319713803,0.21134977309272798,0.23531702217561867,-0.314598553033184,-0.41213686783861747,0.10323454248590386,-0.28491470752997694,0.9353908587763108,0.5415260474825282,-0.5188102715400759,0.047781320399011,0.6092631702312994,0.1171126606541337,-0.8235152617305069,-0.42389801444910324,-1.209126131778986,-0.07448899039485223,-0.4303928762003446,-0.20158354612714316,0.6598425251693376,-0.02449112896871615,0.2831407382875135,-0.5321330934548304,-0.16135843459376809,0.43639658248551055,-0.46491462332298095,0.3413158256442997,0.009955102542500512,-0.32784127139851293,0.3278165811502096,0.5876744107049343,-0.14009057413169562,0.620340497715062,0.01967020152819268,-0.5165264349268363,-0.22957324571247192,0.3873102212802165,0.0985425696340499,0.2993186580832544,-0.42653382866230655,-0.36422495637429636,0.23483447860177667,-0.3111324818565904,0.484400663383677
3.7922267949940327,-1.7034403939992102,-1.9145957546076688,2.1907249308063346,3.2194231478267765,-0.7501686454280961,2.0431129023259897,-7.9555860038258235,-4.168021056204835,4.252995199789126,-0.5109676041851596,-5.082327558548264,-0.8235152617305069,6.812640684732854,3.0804917571063566,9.99303417526453,0.5626601392748556,3.704861536837878,1.6128391351363907,-5.4194072852369395,0.10391438112723257,-2.221988748901924,4.39686352168011,1.305389302732639,-3.4321443069236675,3.992963230828106,-2.8822701874870944,-0.3692479733237094,2.9226765623961706,-2.417417069693519,-4.598109818657783,1.1060662744052494,-5.031742612070239,-0.01705642336395187,4.160982704304348,2.0565910061994863,-3.1292392787880687,-1.1181303035976409,-2.5897272295938056,3.3395329703539436,3.001697654925848,-1.778960258139369,2.720274851372558,-3.9201388609316297
2.3830212955882026,-2.179329810259505,-3.21586700507152,4.464585078438571,4.947818195961067,-1.1050174383156957,4.676684085384826,-6.414223952358236,-6.604591308189668,4.2470164258376,0.3953698907048772,-3.153545177490004,-0.42389801444910324,3.0804917571063566,5.724779954869843,6.739730765230613,-0.13152160265277574,0.8591970420520206,-1.514321746175515,-2.6904667778527136,1.8645371586996258,-1.8274883340344181,5.458163520593169,-0.544066200531059,-4.417638797050613,1.2379211664420393,-1.687301944585016,3.1465762504052956,-1.9398249628587128,-5.5299478676121865,-5.76162641396758,0.016638467130747295,-5.718859733858988,-0.9971285044279696,3.446078948639288,0.8967482570451561,-4.247090125158034,1.8057169967551765,-0.039220460213285985,3.5988029913484434,3.154094221900407,-4.687205578859711,1.1875640332822999,-4.394532972755827
5.9140810824578285,-3.2460584159469934,-4.058980700914544,4.977311900471358,6.554802117318917,-1.505593298129377,4.945710824251611,-13.26891738349277,-8.581811110035101,7.4766348400607345,-0.436335376937333,-7.940042023917895,-1.209126131778986,9.99303417526453,6.739730765230613,15.864741089806564,0.6167553043104241,5.031073280003409,1.1526886782241565,-8.075444547306015,1.106321098028997,-3.687238062152911,8.327084082484737,1.2964396730699919,-6.523307111197871,5.602412663551349,-4.4459372210315795,1.157055198528998,2.5977011673245456,-5.849930046491631,-8.671443736689962,1.354021259269621,-9.19664489886682,-0.5208170205312216,6.918712943664853,3.0531954904698786,-6.09683735084102,-0.5020130593571414,-3.225795106843402,5.990570119811758,5.365469592312144,-4.6672697305237145,4.012362077248159,-7.122225228770969
0.2395020183775944,-0.0026819448685382764,0.06852828889977301,-0.12330609363666242,-0.07430322093562326,0.0151417251907617,-0.17650874323015164,-0.3334670367931995,0.10299718238474578,0.12063050399550662,-0.07689350913555734,-0.3338372153300385,-0.07448899039485223,0.5626601392748556,-0.13152160265277574,0.6167553043104241,0.11011300226835063,0.3855600907541736,0.37504465148990046,-0.4295693601618997,-0.16513676956582166,-0.11734621707968663,-0.003919526810588615,0.2353070037253823,-0.006061388599906663,0.3672229118067111,-0.18871536065555655,-0.34411903670497884,0.5602009288300421,0.22082140293650865,-0.03531380055419737,0.1609311412139638,-0.08645289999151713,0.07714623372089784,0.1762550478149853,0.15660797165987236,0.03818524067776271,-0.2855322507532438,-0.3261768900359918,0.0934002267387791,0.060253493598243675,0.24535174409088584,0.21480193762224067,-0.06594159390519225
1.9069434165681642,-0.6652764651917453,-0.6097194276987626,0.5370670869936673,1.0741027069969733,-0.2385231062802382,0.3967665974349061,-3.7740616243838603,-1.3559262275998396,1.8744622790418344,-0.3724484118872122,-2.613520049002331,-0.4303928762003446,3.704861536837878,0.8591970420520206,5.031073280003409,0.3855600907541736,2.2090284229636326,1.3198619865354957,-2.907409262128101,-0.29577195656264704,-1.0533029562817526,1.7116488799056937,0.9403888965465033,-1.3186808433134392,2.2804754509159486,-1.502139961712183,-0.8562599266028402,2.2358834853527543,-0.4671769980275588,-1.789244018329423,0.7013788124818952,-2.1075492931149333,0.17892074801307392,1.9490355389995233,1.1168603627238425,-1.1378727315799484,-1.0357382290742574,-1.6380112557314244,1.4181948487700153,1.2881370074393288,-0.20591314403164968,1.4906593524439344,-1.6277229125493113
0.5116436309931366,0.3584516770238112,0.819981539009912,-1.2480482353904765,-1.1271284886710988,0.2559111922008804,-1.4954371420492003,-0.18486249580064454,1.5489470965985344,-0.2654179700435879,-0.3971927109481305,-0.7165494492636035,-0.20158354612714316,1.6128391351363907,-1.514321746175515,1.1526886782241565,0.37504465148990046,1.3198619865354957,1.672082295745148,-1.1652628679396067,-0.953427727619093,-0.10124085183703689,-0.9323464710000252,0.9736746126299992,0.7158811016747709,1.1933951784745067,-0.44792225634287514,-1.842768328797406,2.4465023008877953,1.7839956565708268,0.8842985750707961,0.5653631300597257,0.6481287120068036,0.4916215513964772,0.11951786144508214,0.42758062220931975,0.8512784433410864,-1.3879922631272892,-1.2148131111025695,-0.30799013388863766,-0.2923967556592962,1.7274258030515806,0.606733899030622,0.4881853710901468
-3.0568882168034235,1.4352958556646935,1.6513518112642036,-1.9348409660923573,-2.75306331575694,0.6451930457655898,-1.834202045372135,6.496359969685566,3.5785380025576594,-3.5095987366041625,0.3669519365876808,4.095219988970586,0.6598425251693376,-5.4194072852369395,-2.6904667778527136,-8.075444547306015,-0.4295693601618997,-2.907409262128101,-1.1652628679396067,4.330491430258028,-0.1826032333483147,1.8175316165038342,-3.6945874192394985,-0.9780050329853224,2.889781671778696,-3.154397399805508,2.313380563013807,0.11589298865011884,-2.1544905264013288,2.165557192971115,3.866397452893868,-0.8515517457899167,4.191170966865544,0.06851744840679198,-3.398635367588728,-1.639353510992067,2.648656292156479,0.7727389455670357,1.9988744806724281,-2.770772385713525,-2.485959466544331,1.6336549407000212,-2.1667456822059976,3.2548234002445535
0.35739674646827724,-0.6293055875249288,-1.0308094312256175,1.491177949498199,1.5481554556166885,-0.34871250477239607,1.6271414456625384,-1.389580275343821,-2.07513440464953,1.0597670749056902,0.24707045762297836,-0.45157671843698616,-0.02449112896871615,0.10391438112723257,1.8645371586996258,1.106321098028997,-0.16513676956582166,-0.29577195656264704,-0.953427727619093,-0.1826032333483147,0.7953798391507239,-0.38419924382980025,1.5793426654877822,-0.48090892628797965,-1.2797962157830431,-0.16587298192227193,-0.20525672531805403,1.4051936698915353,-1.3584364170797194,-1.9236320114393055,-1.6456421549857896,-0.19513956073316957,-1.5474962319485732,-0.4101685689235822,0.7355293132834461,0.042937993305487046,-1.2736680604757962,0.9396333828459292,0.4487939181716694,0.9345407556916546,0.8174148554762727,-1.7006900295271572,0.039401204116828605,-1.1828713962410955
-1.3782493380284886,0.8260877040025636,1.0665933320243235,-1.3726833328026475,-1.7144983541254986,0.4109779133255218,-1.3882276099601756,3.1598650509224817,2.263411073486672,-1.8240868715632874,0.03923056544800526,1.8269251056145839,0.2831407382875135,-2.221988748901924,-1.8274883340344181,-3.687238062152911,-0.11734621707968663,-1.0533029562817526,-0.10124085183703689,1.8175316165038342,-0.38419924382980025,0.8975525591414428,-2.110447617456645,-0.20672054105886,1.6638430542946916,-1.2045640893548195,1.0098928914853558,-0.49989908339190975,-0.3430403292070747,1.6272588434172095,2.212212195890951,-0.2710200342593024,2.289585360408771,0.19481889527545762,-1.6594551981793955,-0.6767950797958174,1.5686535943171143,-0.04665219009163561,0.6300926272326465,-1.4908531611742009,-1.3181312621681605,1.3351353262080206,-0.8858240575151716,1.7606033817785367
3.066924531619912,-2.2834755058049265,-3.1913916747421993,4.148343556011173,4.9960428214179275,-1.1882785879637028,4.388178560456345,-7.798905274363097,-6.61537740510303,4.700960845827668,0.11206862592661167,-4.044234766655871,-0.5321330934548304,4.39686352168011,5.458163520593169,8.327084082484737,-0.003919526810588615,1.7116488799056937,-0.9323464710000252,-3.6945874192394985,1.5793426654877822,-2.110447617456645,5.909120373722116,-0.1805253990683585,-4.582897611845425,2.2186870522211435,-2.216239407679687,2.460410575886332,-0.7998601604223124,-5.196158643972982,-6.035796153292155,0.23887782465772925,-6.074434130789466,-0.7782910914832206,4.035892086674316,1.433251590206875,-4.495364259419503,0.9748966187130166,-0.7412004645190129,3.851524185997809,3.482547464622967,-4.4920828944327456,1.8206962238198077,-4.687152513277282
0.5179133466627351,0.06142103219470766,0.2789273350465148,-0.47121044038523213,-0.34965624105407644,0.08970810470354204,-0.6160341190086289,-0.628932895545674,0.4976531553147202,0.16681810291218624,-0.23106716509763173,-0.7234173088585442,-0.16135843459376809,1.305389302732639,-0.544066200531059,1.2964396730699919,0.2353070037253823,0.9403888965465033,0.9736746126299992,-0.9780050329853224,-0.48090892628797965,-0.20672054105886,-0.1805253990683585,0.5984500189291309,0.12188607138146168,0.879821013412227,-0.43207231071777913,-0.9636674152230345,1.4541317957198177,0.7338787231474396,0.13004312543671043,0.3732672745219983,-0.03288241697827522,0.24483968071408266,0.34924865699133895,0.35128565988464194,0.22612739946608004,-0.7667964012589311,-0.8048606255019781,0.0824875632536288,0.06058381769191958,0.7670728498211401,0.4940041677936245,-0.033474815214213284
-2.3719567746889445,1.8089257489672996,2.5380821871408603,-3.399946103191753,-3.9688878914811463,0.9053251745892941,-3.530868502677999,5.972271694043845,5.257863899375673,-3.7042181336916835,-0.14298699645244994,3.1426962804555365,0.43639658248551055,-3.4321443069236675,-4.417638797050613,-6.523307111197871,-0.006061388599906663,-1.3186808433134392,0.7158811016747709,2.889781671778696,-1.2797962157830431,1.6638430542946916,-4.582897611845425,0.12188607138146168,3.6583295936687805,-1.656632189931284,1.7130570033466512,-2.02944530089903,0.7166535057905081,4.18516346443954,4.784470643482762,-0.21309041645052398,4.8417478712313224,0.6559665822459128,-3.1580654526599474,-1.04258455353155,3.5036678387453004,-0.9463371015406654,0.5413440447416583,-3.0601240427284373,-2.7271250353790317,3.5220894787567865,-1.3628874182687634,3.732624651933073
2.161942661372142,-0.831788644500635,-0.8354486120062936,0.8093053971090466,1.4633679617501538,-0.3757487964932388,0.7222063464036879,-4.435458743030077,-1.8719008287945729,2.2149277652808896,-0.3965562768639137,-2.8964795021823098,-0.46491462332298095,3.992963230828106,1.2379211664420393,5.602412663551349,0.3672229118067111,2.2804754509159486,1.1933951784745067,-3.154397399805508,-0.16587298192227193,-1.2045640893548195,2.2186870522211435,0.879821013412227,-1.656632189931284,2.4631849260792076,-1.656028245270004,-0.6468022568522905,2.1380837110737088,-0.8528811883252766,-2.254854013865264,0.6789855460475683,-2.5152086268817513,0.12843692123645695,2.2647935883963255,1.2601592619599982,-1.533432600398413,-1.0246891219474321,-1.6642705950003944,1.6859425214954225,1.5567488898949164,-0.6088463783794915,1.6413233037464312,-1.9585648413146308
-1.6688146027327142,0.855587078402379,1.0394395369071447,-1.2212092643185086,-1.6898542763445663,0.3878399917330163,-1.2022266174291631,3.6814011367068433,2.203808075180461,-2.028224919101583,0.17452853864972162,2.242967452572247,0.3413158256442997,-2.8822701874870944,-1.687301944585016,-4.4459372210315795,-0.18871536065555655,-1.502139961712183,-0.44792225634287514,2.313380563013807,-0.20525672531805403,1.0098928914853558,-2.216239407679687,-0.43207231071777913,1.7130570033466512,-1.656028245270004,1.2744741390348038,-0.13662972645241658,-0.9411995522994913,1.4276786772439736,2.2824819143410653,-0.4058661478880208,2.453195585991599,0.08780420081579245,-1.916201208861878,-0.8866803104610061,1.6078041209503473,0.2946425391978736,0.997320161646826,-1.6022676981809234,-1.4542834308967678,1.132097535959115,-1.1673004132043516,1.904437846782607
0.3227030060924022,-0.9892124198447731,-1.6990007645760306,2.5372453200674503,2.5309186380124173,-0.5594187406064502,2.7675634520044974,-1.7721955291916494,-3.416285878467928,1.5639227687083554,0.47892593595222405,-0.3718238824322893,0.009955102542500512,-0.3692479733237094,3.1465762504052956,1.157055198528998,-0.34411903670497884,-0.8562599266028402,-1.842768328797406,0.11589298865011884,1.4051936698915353,-0.49989908339190975,2.460410575886332,-0.9636674152230345,-2.02944530089903,-0.6468022568522905,-0.13662972645241658,2.5993790551575273,-2.7000662861277607,-3.28982403282713,-2.5883528334073036,-0.44839027997473657,-2.368947557159218,-0.7510137333491973,0.9932259214754352,-0.12400252834154127,-2.0384408274525034,1.832793592767517,1.025718508390207,1.412920978899984,1.2311907069398291,-2.9130513551793635,-0.17412744587081547,-1.8255485510432952
1.0964834277324975,0.3403995803400533,0.9694790669760117,-1.6732271959971534,-1.2997485147856445,0.26617739690291375,-1.9717267014064002,-1.196127549921495,1.8105727160116802,0.04127817754791403,-0.6579167981074124,-1.5265468593354572,-0.32784127139851293,2.9226765623961706,-1.9398249628587128,2.5977011673245456,0.5602009288300421,2.2358834853527543,2.4465023008877953,-2.1544905264013288,-1.3584364170797194,-0.3430403292070747,-0.7998601604223124,1.4541317957198177,0.7166535057905081,2.1380837110737088,-0.9411995522994913,-2.7000662861277607,3.779277982439625,2.3444272101765358,0.8315408159217267,0.8577313290652737,0.46192299666365555,0.7288879052270383,0.5787854113081597,0.8825933364528392,0.8448697361416477,-2.2191400053988306,-1.986017387104978,-0.1522199969344656,-0.09749260268978245,2.2206424265243707,1.1857959877663513,0.3424155651295585
-2.047213740657241,2.0690419669210516,3.1144055984961083,-4.332660486130093,-4.762077736144155,1.0671383517285464,-4.590252173573462,5.819390720795962,6.354729477149255,-3.924204316060808,-0.4399851479779512,2.7006049448787848,0.3278165811502096,-2.417417069693519,-5.5299478676121865,-5.849930046491631,0.22082140293650865,-0.4671769980275588,1.7839956565708268,2.165557192971115,-1.9236320114393055,1.6272588434172095,-5.196158643972982,0.7338787231474396,4.18516346443954,-0.8528811883252766,1.4276786772439736,-3.28982403282713,2.3444272101765358,5.442008685033846,5.435062200380911,0.12920263267048188,5.34902208242383,1.0109231343746186,-3.1050969981469208,-0.727372790665371,4.068037766310999,-1.954958116600998,-0.2523613333410456,-3.327877432296204,-2.940125528669556,4.670485751554251,-0.9437867327945751,4.110975185503852
-3.1724529082645954,2.3681088776204735,3.313258578913418,-4.416166267962518,-5.193182794696478,1.2038907535398187,-4.600103832734816,7.936694459829095,6.888474810374772,-4.878456163656129,-0.165335504436633,4.190761064073362,0.5876744107049343,-4.598109818657783,-5.76162641396758,-8.671443736689962,-0.03531380055419737,-1.789244018329423,0.8842985750707961,3.866397452893868,-1.6456421549857896,2.212212195890951,-6.035796153292155,0.13004312543671043,4.784470643482762,-2.254854013865264,2.2824819143410653,-2.5883528334073036,0.8315408159217267,5.435062200380911,6.2938990246632125,-0.30527826268359975,6.346065108207554,0.8461776458169242,-4.176556959377674,-1.419693142116421,4.606170530467196,-1.1437587748571083,0.7724205068219389,-4.042139545781163,-3.5901039626275515,4.596442810663144,-1.8414884132158693,4.892911715108149
0.5199557459147549,-0.10189412106865266,-0.028356560898248385,-0.017363852475835894,0.09746489786925186,-0.009494175734667716,-0.09861959253149347,-0.8643696393775049,-0.10720695486474918,0.402499324578385,-0.12663395818108422,-0.7136858943449986,-0.14009057413169562,1.1060662744052494,0.016638467130747295,1.354021259269621,0.1609311412139638,0.7013788124818952,0.5653631300597257,-0.8515517457899167,-0.19513956073316957,-0.2710200342593024,0.23887782465772925,0.3732672745219983,-0.21309041645052398,0.6789855460475683,-0.4058661478880208,-0.44839027997473657,0.8577313290652737,0.12920263267048188,-0.30527826268359975,0.2723170076993638,-0.41420554994923003,0.09809576336360087,0.46459082144181124,0.30295698323088793,-0.12329598142609387,-0.39791541927627044,-0.5557153012171672,0.31494582946763705,0.25074495733427316,0.21492549579099215,0.41795752949591064,-0.3254312780741798
-3.323425725599598,2.404091661626904,3.3275599915481435,-4.376768128716169,-5.190789423607167,1.1533878990797133,-4.511224541578081,8.222045098927394,6.862427350751565,-5.030821231329982,-0.11444888193580463,4.4656241509261,0.620340497715062,-5.031742612070239,-5.718859733858988,-9.19664489886682,-0.08645289999151713,-2.1075492931149333,0.6481287120068036,4.191170966865544,-1.5474962319485732,2.289585360408771,-6.074434130789466,-0.03288241697827522,4.8417478712313224,-2.5152086268817513,2.453195585991599,-2.368947557159218,0.46192299666365555,5.34902208242383,6.346065108207554,-0.41420554994923003,6.520929840790099,0.7878322809352863,-4.325862662875723,-1.522520446219195,4.598812298278889,-1.0093488985743817,1.012483720359089,-4.131054852038349,-3.680600656171392,4.440390906558993,-2.004296861808892,5.019170256289054
-0.1590722968064313,0.32115720667179387,0.5318264224794902,-0.8032431742173384,-0.79337422335571,0.17381681059244034,-0.8578838329675369,0.6272535885350008,1.0767885449612187,-0.5294771354656101,-0.14773822108572,0.20153988015325586,0.01967020152819268,-0.01705642336395187,-0.9971285044279696,-0.5208170205312216,0.07714623372089784,0.17892074801307392,0.4916215513964772,0.06851744840679198,-0.4101685689235822,0.19481889527545762,-0.7782910914832206,0.24483968071408266,0.6559665822459128,0.12843692123645695,0.08780420081579245,-0.7510137333491973,0.7288879052270383,1.0109231343746186,0.8461776458169242,0.09809576336360087,0.7878322809352863,0.23229373975622447,-0.3593323344910493,0.011949257471058704,0.6380601635126243,-0.5337546013359257,-0.2505216720865568,-0.4844961993954326,-0.40541102072685525,0.872031990558765,0.011578778917887854,0.5989709850698356
2.5989660543984825,-1.5649064256212053,-2.0305525187577427,2.5791620935567545,3.268648458877071,-0.7735360257485976,2.6231480957387774,-6.002000952130945,-4.299162129730467,3.461174426422827,-0.11382694803612453,-3.429845769258773,-0.5165264349268363,4.160982704304348,3.446078948639288,6.918712943664853,0.1762550478149853,1.9490355389995233,0.11951786144508214,-3.398635367588728,0.7355293132834461,-1.6594551981793955,4.035892086674316,0.34924865699133895,-3.1580654526599474,2.2647935883963255,-1.916201208861878,0.9932259214754352,0.5787854113081597,-3.1050969981469208,-4.176556959377674,0.46459082144181124,-4.325862662875723,-0.3593323344910493,3.1551862412011773,1.2801554803501871,-3.0108581763850766,0.09756478617628288,-1.156352553409817,2.794734385086008,2.516942341775003,-2.57312133143969,1.6725849806612036,-3.355161297124283
1.1779839058266215,-0.5275193606126828,-0.5946806127239195,0.6097438184254688,0.9977185860728016,-0.26399373963555967,0.6178087918260731,-2.5749513261915915,-1.2891327977347136,1.307884198867541,-0.18184797817802711,-1.5700642531388542,-0.22957324571247192,2.0565910061994863,0.8967482570451561,3.0531954904698786,0.15660797165987236,1.1168603627238425,0.42758062220931975,-1.639353510992067,0.042937993305487046,-0.6767950797958174,1.433251590206875,0.35128565988464194,-1.04258455353155,1.2601592619599982,-0.8866803104610061,-0.12400252834154127,0.8825933364528392,-0.727372790665371,-1.419693142116421,0.30295698323088793,-1.522520446219195,0.011949257471058704,1.2801554803501871,0.6909204342237029,-1.0152078786669188,-0.43497047931200417,-0.7850831144619979,1.0084909845362102,0.9372745980610253,-0.6106335186963676,0.8739558523559354,-1.1835052016003016
-2.2454694962659003,1.7383653363389557,2.4588810376489807,-3.2417105608713035,-3.8488086321515755,0.9181987789532039,-3.43209392044466,5.778005548785328,5.106131786158355,-3.5341568616654677,-0.12264359983168388,2.9386889909604026,0.3873102212802165,-3.1292392787880687,-4.247090125158034,-6.09683735084102,0.03818524067776271,-1.1378727315799484,0.8512784433410864,2.648656292156479,-1.2736680604757962,1.5686535943171143,-4.495364259419503,0.22612739946608004,3.5036678387453004,-1.533432600398413,1.6078041209503473,-2.0384408274525034,0.8448697361416477,4.068037766310999,4.606170530467196,-0.12329598142609387,4.598812298278889,0.6380601635126243,-3.0108581763850766,-1.0152078786669188,3.4475018388290395,-0.8857713941845872,0.4260767728400345,-2.9071638673630242,-2.627660763119459,3.5253964004062306,-1.290187073497184,3.553567116403891
-0.32597022616184596,-0.45039243597483397,-0.9166880747968961,1.5350902093945218,1.2888666236354256,-0.2158932158543012,1.6368445616344982,0.024725315348286214,-1.761705511441889,0.5091248947890861,0.43937127464547443,0.4241527104572719,0.0985425696340499,-1.1181303035976409,1.8057169967551765,-0.5020130593571414,-0.2855322507532438,-1.0357382290742574,-1.3879922631272892,0.7727389455670357,0.9396333828459292,-0.04665219009163561,0.9748966187130166,-0.7667964012589311,-0.9463371015406654,-1.0246891219474321,0.2946425391978736,1.832793592767517,-2.2191400053988306,-1.954958116600998,-1.1437587748571083,-0.39791541927627044,-1.0093488985743817,-0.5337546013359257,0.09756478617628288,-0.43497047931200417,-0.8857713941845872,1.5510253924203046,1.026033896335685,0.5481657043816257,0.42105595787380073,-1.6479129736722493,-0.5291555499973654,-0.7639161644361417
-1.2504803835916458,0.2775654463941927,0.11602226564928128,0.07660453940840507,-0.2951097047231721,0.07258470867869501,0.21097640445260724,2.26081894065691,0.3364342270372542,-1.0065092913044231,0.34661031831195477,1.7128233508859179,0.2993186580832544,-2.5897272295938056,-0.039220460213285985,-3.225795106843402,-0.3261768900359918,-1.6380112557314244,-1.2148131111025695,1.9988744806724281,0.4487939181716694,0.6300926272326465,-0.7412004645190129,-0.8048606255019781,0.5413440447416583,-1.6642705950003944,0.997320161646826,1.025718508390207,-1.986017387104978,-0.2523613333410456,0.7724205068219389,-0.5557153012171672,1.012483720359089,-0.2505216720865568,-1.156352553409817,-0.7850831144619979,0.4260767728400345,1.026033896335685,1.29519162893765,-0.7275209436958644,-0.6654005941459068,-0.36181566583319413,-1.0440949915543445,0.7951682327485088
2.196791392256701,-1.5155010417466155,-2.081904813278497,2.7438021666627552,3.2746514235853774,-0.7401160673592542,2.8243430247749646,-5.300852569211561,-4.3329227110038895,3.2182588164165074,0.04752542304910205,-2.923851627729696,-0.42653382866230655,3.3395329703539436,3.5988029913484434,5.990570119811758,0.0934002267387791,1.4181948487700153,-0.30799013388863766,-2.770772385713525,0.9345407556916546,-1.4908531611742009,3.851524185997809,0.0824875632536288,-3.0601240427284373,1.6859425214954225,-1.6022676981809234,1.412920978899984,-0.1522199969344656,-3.327877432296204,-4.042139545781163,0.31494582946763705,-4.131054852038349,-0.4844961993954326,2.794734385086008,1.0084909845362102,-2.9071638673630242,0.5481657043816257,-0.7275209436958644,2.6716364073054573,2.3464050993945778,-2.761335853608414,1.322135321454188,-3.193479035936073
1.9698831238927015,-1.3562313760129443,-1.85365171379199,2.388023506874543,2.9149733869373247,-0.6693433377974289,2.476536112990259,-4.819001194698573,-3.8477599168427754,2.881592294209771,0.006427736371963618,-2.6237485997760035,-0.36422495637429636,3.001697654925848,3.154094221900407,5.365469592312144,0.060253493598243675,1.2881370074393288,-0.2923967556592962,-2.485959466544331,0.8174148554762727,-1.3181312621681605,3.482547464622967,0.06058381769191958,-2.7271250353790317,1.5567488898949164,-1.4542834308967678,1.2311907069398291,-0.09749260268978245,-2.940125528669556,-3.5901039626275515,0.25074495733427316,-3.680600656171392,-0.40541102072685525,2.516942341775003,0.9372745980610253,-2.627660763119459,0.42105595787380073,-0.6654005941459068,2.3464050993945778,2.114586016435835,-2.475512760544102,1.2175222398291394,-2.8477492301173086
-1.666169400316944,1.7485908613130658,2.6552453563752136,-3.6459795647932602,-4.066050725234223,0.9648147318232848,-3.9481434428391906,4.923505675186292,5.434099814164496,-3.2622586927849633,-0.37874209481539906,2.1501546111153895,0.23483447860177667,-1.778960258139369,-4.687205578859711,-4.6672697305237145,0.24535174409088584,-0.20591314403164968,1.7274258030515806,1.6336549407000212,-1.7006900295271572,1.3351353262080206,-4.4920828944327456,0.7670728498211401,3.5220894787567865,-0.6088463783794915,1.132097535959115,-2.9130513551793635,2.2206424265243707,4.670485751554251,4.596442810663144,0.21492549579099215,4.440390906558993,0.872031990558765,-2.57312133143969,-0.6106335186963676,3.5253964004062306,-1.6479129736722493,-0.36181566583319413,-2.761335853608414,-2.475512760544102,4.139200484754436,-0.746806605899531,3.4126107230770457
1.529346003074194,-0.6854373035330599,-0.7723047047372728,0.8188395843766538,1.2895870287220341,-0.317540280162249,0.79762597915107325,-3.2960443789816494,-1.667890713110131,1.7096230539417723,-0.2273326552896943,-2.0544281416604644,-0.3111324818565904,2.720274851372558,1.1875640332822999,4.012362077248159,0.21480193762224067,1.4906593524439344,0.606733899030622,-2.1667456822059976,0.039401204116828605,-0.8858240575151716,1.8206962238198077,0.4940041677936245,-1.3628874182687634,1.6413233037464312,-1.1673004132043516,-0.17412744587081547,1.1857959877663513,-0.9437867327945751,-1.8414884132158693,0.41795752949591064,-2.004296861808892,0.011578778917887854,1.6725849806612036,0.8739558523559354,-1.290187073497184,-0.5291555499973654,-1.0440949915543445,1.322135321454188,1.2175222398291394,-0.746806605899531,1.1307944427143342,-1.556181629460493
-2.5887609904659294,1.8442987613690593,2.5553425293639753,-3.356776467723631,-4.006814106059082,0.8866575298685248,-3.4588317211036377,6.359296755690706,5.289127253314129,-3.8913048212876684,-0.05844751002411779,3.455649507355159,0.484400663383677,-3.9201388609316297,-4.394532972755827,-7.122225228770969,-0.06594159390519225,-1.6277229125493113,0.4881853710901468,3.2548234002445535,-1.1828713962410955,1.7606033817785367,-4.687152513277282,-0.033474815214213284,3.732624651933073,-1.9585648413146308,1.904437846782607,-1.8255485510432952,0.3424155651295585,4.110975185503852,4.892911715108149,-0.3254312780741798,5.019170256289054,0.5989709850698356,-3.355161297124283,-1.1835052016003016,3.553567116403891,-0.7639161644361417,0.7951682327485088,-3.193479035936073,-2.8477492301173086,3.4126107230770457,-1.556181629460493,3.8932717074668552
