V1,V2,V3,V4,V5,V6,V7,V8,V9,V10,V11,V12,V13,V14,V15,V16,V17,V18,V19,V20,V21,V22,V23,V24,V25,V26,V27,V28,V29,V30,V31,V32,V33,V34,V35,V36,V37,V38,V39,V40,V41,V42,V43,V44
3.2925792753353074,-1.0453883360132485,-0.674891230707195,2.640370481039146,2.461654882376953,-2.0249989578545264,2.9083082192790353,-4.6020693673871556,-3.8202826768636964,1.6375912550706935,0.5863010734074507,-2.4381740769032993,-1.2437952114412794,2.689225628778646,3.236905303544028,4.162564391449951,0.6322012367576497,0.7698693510572726,0.8136366522793537,-2.709192160590114,0.8752507215911439,-2.2455682963522947,3.188564406541086,0.27989322185043214,-2.5035535042780195,1.7855906017794196,-0.8029275586737225,0.7555512955182471,0.5340134490225599,-2.1942199714694315,-4.191825306401729,0.5719102725506677,-2.162452050517889,-0.8017136960566589,2.8730435077154293,0.9967080623043416,-2.6825123230377734,-0.8863256511286369,-0.2659830333051251,2.4432767852656445,1.2208203356442922,-2.7867516161495147,1.028755052082917,-1.1019879561064068
-1.0453883360132485,1.0688116776741017,1.3660757338361271,-1.5433215377776186,-1.9350906355145645,0.35582693568914575,-1.5224769616799196,3.2156890441676813,2.40639326032814,-2.1417414728556636,0.1189352483772767,1.7874995666496243,0.14222447319386786,-2.174202628758579,-2.098605621281423,-3.8710848314474813,-0.030591628241243153,-0.8388783501630134,0.2749090610214678,1.6680417230420777,-0.5032102625771537,0.7403709342915645,-2.401097370926181,-0.16567244909390247,1.812118763219151,-0.9315290772576013,1.0271619590231418,-0.8913617792429516,0.03295032513857581,2.09518165581129,2.2260580816545787,-0.09147532023724447,2.5446581324876845,0.22801759815382996,-1.5574238807135763,-0.6332132059388748,1.756097885146333,-0.41327058908535425,0.6101156030896473,-1.5572338411762425,-1.4990525089620579,1.6637999147941744,-0.7339463142641443,2.2031640845696456
-0.674891230707195,1.3660757338361271,2.6483995763380923,-1.887124483922833,-2.960595103776551,-0.7254570060766066,-1.805544955201157,4.401013468045779,3.4654135535536135,-3.5481782898916685,0.47005334621877,2.5077339718632232,-0.43891106613246234,-2.9314909292717632,-2.682847795844209,-5.7357095242112015,0.46623417202374945,-1.7684644740268645,1.1622266219661024,2.051208325610888,-0.6868010881290931,0.38069381153349013,-3.1910066685686385,0.1773940775697292,2.6349948015401,-1.2682065740832493,1.8997428315230622,-1.3968836052556948,0.5916021126181499,3.1339037785039277,2.705516230431795,-0.02632268922301813,4.70388307479371,0.021200536091226376,-1.9749843531521094,-0.7568875374114382,2.2101921577238794,-1.5461050672864534,0.8920200203237046,-1.95290206066852,-2.6134382273488455,1.7228743024925364,-1.3530160953092054,3.9854929433910056
2.640370481039146,-1.5433215377776186,-1.887124483922833,2.9082415127287455,3.3276362807383424,-1.1391898018864521,3.0229516623066477,-5.6428961521841225,-4.483011325209925,3.091957538376668,0.16805492833310287,-3.0795776202183753,-0.6619871700068526,3.5080682667541625,3.7262111799327307,6.102871328160243,0.226680428587847,1.4061721528047428,0.0011647944277329108,-3.033544766247546,0.9730873359192785,-1.8053957846443904,4.018026906042948,0.1773662452059334,-3.1619641551869226,1.9110090852030974,-1.540312849883239,1.3249638269671284,0.09327504087692311,-3.2760982879799325,-4.366279691275493,0.4043245218432055,-3.949847461027014,-0.5543370693643996,3.0477173714652146,1.1281869182928483,-3.087554421300981,0.1673798993267367,-0.7088398627731921,2.78828732817636,2.278290074446009,-2.9839921440824884,1.3741484975026348,-2.9330457034751487
2.461654882376953,-1.9350906355145645,-2.960595103776551,3.3276362807383424,4.292348247290715,-0.40729119317664264,3.3757644542823355,-6.866947279187198,-5.460514462820459,4.379659703910156,-0.1670145615589556,-3.7933384769610585,-0.27038071157771193,4.378838272343621,4.432126830051091,7.93061837279101,-0.1176577349285304,2.1329133188759037,-0.6506074436366185,-3.5273885224509884,1.186035239392553,-1.627988186202642,4.884263096665522,0.015010109794888534,-3.946525397799385,2.228796582366314,-2.299494144158811,1.7985584612532517,-0.25718500114242326,-4.2587136780133505,-4.965031341141863,0.3411706226604247,-5.7791291113110494,-0.45858821851189413,3.5182078995660064,1.3179813573641168,-3.654501873858095,1.0083789767596225,-1.0078584379060578,3.259136895139298,3.2292914545840965,-3.232835667822915,1.8960045208838059,-4.538369067272646
-2.0249989578545264,0.35582693568914575,-0.7254570060766066,-1.1391898018864521,-0.40729119317664264,2.4672306521903162,-1.3850991085141626,1.5088455158848897,1.2041002254706803,0.0936538566172702,-0.8175608678657353,0.7141260388290581,1.1457822136225568,-0.7622350838330416,-1.1496786463078605,-0.9643966249202909,-0.9507582686141098,0.7642853679062073,-1.207429153146936,1.041896314985455,-0.02000497814524399,1.5461488053567176,-1.2976515342372046,-0.4622725553703048,0.4710675244885785,-0.6148024203460992,-0.5210791784680865,-0.17039225371849948,-0.674806074660046,0.5755568389959417,1.608919869989984,-0.35611305623827166,-1.1498132149144509,0.459419014332173,-1.0262637288855538,-0.40614498097446294,0.9343307284353533,1.508091498721205,0.17310319595666054,-1.2472606516502203,0.07295677552579444,1.812911171162742,0.2807934952184796,-1.0363254615241895
2.9083082192790353,-1.5224769616799196,-1.805544955201157,3.0229516623066477,3.3757644542823355,-1.3850991085141626,3.199961568884443,-5.792500869084582,-4.6742243517151145,3.0623108383067943,0.28777429578550695,-3.1506707345456,-0.780303635134799,3.546942171246166,3.8374366138912834,6.150279637644369,0.3156997772595354,1.3465020313439913,0.11424612045194607,-3.1253796265091296,0.9594021121540948,-1.9815437640983065,4.139421291583816,0.1711996119005843,-3.2147670754214874,1.9995700564598797,-1.485221043383056,1.3284230789613103,0.1352222825219089,-3.3263748207326636,-4.571336835077061,0.4678696697170151,-3.842431605422953,-0.6095662600929217,3.1837554544697793,1.163361397923512,-3.1642318627123323,0.00890473004887172,-0.7000476662073479,2.9336222235322453,2.2803127925430173,-3.1521821682460702,1.3729359324451285,-2.7686614292103777
-4.6020693673871556,3.2156890441676813,4.401013468045779,-5.6428961521841225,-6.866947279187198,1.5088455158848897,-5.792500869084582,11.36740016746859,9.012243219201215,-6.84304835200474,-0.02270683601525155,6.260013251663095,0.8391329362062061,-7.197808727433026,-7.398113359742274,-12.835751150111617,-0.15642690204449708,-3.14205929381386,0.6024361282248517,5.950327557193702,-1.8935239233671257,3.101555936859488,-8.160145736454476,-0.2170607278505939,6.444513570964785,-3.7187231203712976,3.454735009106205,-2.864387571073404,0.14038559669128997,6.924637786486369,8.417624979652022,-0.6494426856013052,8.756740093721636,0.9130164348085675,-5.920599859300429,-2.210733161397245,6.125618882250556,-1.0516825601644304,1.6513649018019918,-5.532132815087178,-5.021252767632763,5.728762951860163,-2.885524374886858,6.7915973860035805
-3.8202826768636964,2.40639326032814,3.4654135535536135,-4.483011325209925,-5.460514462820459,1.2041002254706803,-4.6742243517151145,9.012243219201215,7.3740388870756375,-5.362733162220874,-0.10457107406231632,4.958224609374069,0.6895105114837603,-5.600822237935304,-5.882228123237321,-10.067199145736538,-0.13543457378028137,-2.572680983338675,0.49482743011643876,4.70177858760433,-1.4739104852217855,2.508318793228079,-6.4389050324453505,-0.03181671397673655,5.133388832565012,-3.047120356497898,2.7508463913575785,-2.235002330996291,0.1882285388775076,5.459554259463801,6.778111052433121,-0.5628981480967281,6.986350133251893,0.7290969747582179,-4.787245293902876,-1.7217040186236008,4.826284655653485,-0.8334773753204889,1.2569052532774694,-4.4531000354786014,-3.985918028017756,4.494026606262679,-2.3675635715287897,5.233322639182713
1.6375912550706935,-2.1417414728556636,-3.5481782898916685,3.091957538376668,4.379659703910156,0.0936538566172702,3.0623108383067943,-6.84304835200474,-5.362733162220874,5.214569422363122,-0.4109380114625835,-3.8188918274061554,0.2205806714260784,4.575088096425841,4.318066068871768,8.67045812405766,-0.31763620164289597,2.1742452190020933,-1.218287080924284,-3.305606815168258,0.9511537289870409,-1.0696038482967118,5.12610673339102,-0.025757000667587383,-3.912303978967862,1.971364576675039,-2.5551140090430593,2.1045241333882583,-0.5634707836193302,-4.785432684474662,-4.4179254171507685,0.09550758025345724,-6.25846167488293,-0.20598996193155308,3.16563351047716,1.2279206868206227,-3.512183003745576,1.6665157083746518,-1.4280453588634872,3.322712539137042,3.762343046166736,-3.2170171781123127,1.7687639810729838,-5.41862116764652
0.5863010734074507,0.1189352483772767,0.47005334621877,0.16805492833310287,-0.1670145615589556,-0.8175608678657353,0.28777429578550695,-0.02270683601525155,-0.10457107406231632,-0.4109380114625835,0.42327584311096433,0.02678621038102192,-0.35960283339301236,-0.19369809544880148,-0.008088433943619001,-0.34233330779155446,0.3011201583579961,-0.36489939293568896,0.4584084658009766,-0.05943852127349421,-0.11017452152283533,-0.4344524936495953,0.04983147471103344,0.04746175642109064,0.10914871134958179,0.1134276230305089,0.3822695810363399,-0.08787662671059003,0.1650687281616048,0.1187248073456838,-0.20241579213855954,0.14551813804900557,0.8092297554557568,-0.07577340537897931,0.12291522279297029,0.0023176663283055875,0.016796543859257055,-0.5712115944636361,0.07783699076188308,0.17278164405655075,-0.2227604486432755,-0.3638212014849511,-0.21604570838914644,0.8317613602918518
-2.4381740769032993,1.7874995666496243,2.5077339718632232,-3.0795776202183753,-3.7933384769610585,0.7141260388290581,-3.1506707345456,6.260013251663095,4.958224609374069,-3.8188918274061554,0.02678621038102192,3.488303654477112,0.4049505645555407,-3.9715332681881157,-4.045155695728603,-7.149439651039243,-0.06033363919452143,-1.7861704495878818,0.4258900809571967,3.2609630464437083,-1.0279401526632115,1.6356317571106846,-4.489965804148586,-0.10749390661496679,3.577188955304534,-2.0191662646192494,1.9433542139893734,-1.6022045967836407,0.13060724250076144,3.8575138582563566,4.597214760103777,-0.36581928888717047,4.93890949063825,0.48104414175207993,-3.221642507626324,-1.2120900385466191,3.3645963606897453,-0.6675266721434189,0.9313061636747973,-3.021943620902625,-2.8157518000374973,3.1155122669836444,-1.5966407890276295,3.858764842477023
-1.2437952114412794,0.14222447319386786,-0.43891106613246234,-0.6619871700068526,-0.27038071157771193,1.1457822136225568,-0.780303635134799,0.8391329362062061,0.6895105114837603,0.2205806714260784,-0.35960283339301236,0.4049505645555407,0.7084994588741832,-0.4421176904774597,-0.7306194252698889,-0.33871042222616393,-0.4428377652316079,0.19271866186451853,-0.7164133947465664,0.6646973980310824,-0.2000390841764137,0.8960222361472152,-0.5665846187576865,-0.24915136772561808,0.38034803764289493,-0.3983700767515423,-0.17277373685963912,0.024381505200528078,-0.44072450488239573,0.1348858577271666,1.1108348645633461,-0.2380337137227927,-0.393757239889613,0.35978052404558014,-0.7002118143499055,-0.2510130300013942,0.6048445058651608,0.8593789996201813,-0.09651216867639063,-0.569322423143233,0.18659057171376064,0.8252949277472147,-0.02988884308918372,-0.5663156243901202
2.689225628778646,-2.174202628758579,-2.9314909292717632,3.5080682667541625,4.378838272343621,-0.7622350838330416,3.546942171246166,-7.197808727433026,-5.600822237935304,4.575088096425841,-0.19369809544880148,-3.9715332681881157,-0.4421176904774597,4.7702629733148285,4.7761008926134165,8.350442048919179,0.04306713799272653,2.0192992631414763,-0.5077074654299726,-3.7788911357183057,1.2312180930499295,-1.8186829256442267,5.235087591390733,0.23069498116055967,-4.103355627112804,2.2377005866955515,-2.332449705200346,1.8625561902550787,-0.050409830292132654,-4.48325540017043,-5.2693459530562965,0.30830502346813626,-5.744946402399785,-0.6114467821081861,3.6888566214363507,1.421102990668382,-3.9550547723766196,0.8000551777081791,-1.1520311918414774,3.5003536668637922,3.2395815514212187,-3.6095876336197854,1.8373843781348005,-4.672580865777754
3.236905303544028,-2.098605621281423,-2.682847795844209,3.7262111799327307,4.432126830051091,-1.1496786463078605,3.8374366138912834,-7.398113359742274,-5.882228123237321,4.318066068871768,-0.008088433943619001,-4.045155695728603,-0.7306194252698889,4.7761008926134165,4.989558522829172,8.202830881093998,0.18605221134508632,2.0045657570409845,-0.20665539557760385,-3.974995699193809,1.324323256297494,-2.1724908637024605,5.298636071069378,0.2384397427929311,-4.21203231005643,2.4335623081252837,-2.2419264132879957,1.7749617712117327,0.08657664286450606,-4.383667363659934,-5.696134692806093,0.4252611528156883,-5.561705876764162,-0.7489682922965525,3.974902727211681,1.477843748189737,-4.112115035765487,0.4551541997275908,-1.007106715005251,3.6467627944143364,3.076021349525919,-3.7910157529998036,1.905161136318289,-4.268303973840259
4.162564391449951,-3.8710848314474813,-5.7357095242112015,6.102871328160243,7.93061837279101,-0.9643966249202909,6.150279637644369,-12.835751150111617,-10.067199145736538,8.67045812405766,-0.34233330779155446,-7.149439651039243,-0.33871042222616393,8.350442048919179,8.202830881093998,15.435901218390695,-0.07469507521576775,3.661484050223645,-1.4212807599557664,-6.484447907242232,1.9065174986165796,-2.820965156696458,9.44820267512237,0.17967866948344385,-7.243091730057473,3.919206077783749,-4.2389061596291295,3.6198085579721013,-0.571238760779903,-8.39324756789999,-8.859516401902079,0.5016122834102197,-10.582411122009367,-0.7046160975103465,6.257069738507226,2.4258953713379183,-6.764791897921589,2.0282959247694254,-2.3300810278308677,6.292389189208477,6.3201246705026914,-6.362233711796006,3.179184393467971,-8.83098674547463
0.6322012367576497,-0.030591628241243153,0.46623417202374945,0.226680428587847,-0.1176577349285304,-0.9507582686141098,0.3156997772595354,-0.15642690204449708,-0.13543457378028137,-0.31763620164289597,0.3011201583579961,-0.06033363919452143,-0.4428377652316079,0.04306713799272653,0.18605221134508632,-0.07469507521576775,0.42424285430302383,-0.45250000079590275,0.49486702224378426,-0.19796500319534893,-0.07499654553125681,-0.5023524060006508,0.2063874532144731,0.19889577810679634,0.07587849829863992,0.08716091050941543,0.34670448675741045,-0.03404721026263597,0.28058222540344363,0.04456257031466803,-0.3158099191775481,0.12987536207937328,0.828975437153674,-0.16045354337084772,0.163945826777696,0.08551604926126863,-0.15676822791828274,-0.6669863778166999,-0.03269950951608286,0.31106721259492687,-0.24112486436366196,-0.5162610872594019,-0.23737974229250208,0.6584521386306238
0.7698693510572726,-0.8388783501630134,-1.7684644740268645,1.4061721528047428,2.1329133188759037,0.7642853679062073,1.3465020313439913,-3.14205929381386,-2.572680983338675,2.1742452190020933,-0.36489939293568896,-1.7861704495878818,0.19271866186451853,2.0192992631414763,2.0045657570409845,3.661484050223645,-0.45250000079590275,1.6466082143359542,-0.7169192176071295,-1.5782741335230062,0.7547236412465638,-0.3723696703127498,2.0251545014805594,-0.20232871468547736,-2.082735315873932,1.0672604026626276,-1.4785724227525927,0.7637470020100585,-0.33652250851686555,-1.9301376688132132,-2.2702597466406496,0.0813121163079077,-3.6897483340282524,-0.15839319595934062,1.6573761879683444,0.5437069621617442,-1.6723970747613333,1.0463683590933013,-0.31427114876257023,1.1780713768025184,1.604878622266719,-0.9347204715274736,1.2561097817704194,-2.6669936034006874
0.8136366522793537,0.2749090610214678,1.1622266219661024,0.0011647944277329108,-0.6506074436366185,-1.207429153146936,0.11424612045194607,0.6024361282248517,0.49482743011643876,-1.218287080924284,0.4584084658009766,0.4258900809571967,-0.7164133947465664,-0.5077074654299726,-0.20665539557760385,-1.4212807599557664,0.49486702224378426,-0.7169192176071295,0.9832978456952479,0.06077073175356071,-0.042945956087921566,-0.6359813376186277,-0.4629581164827021,0.2775472505089896,0.4811661377013415,-0.0435661987049206,0.7329465871906711,-0.42421946623367446,0.5576359796625073,0.8076957102245471,-0.08423402463625848,0.17261833808678534,1.7771435295456932,-0.26902577442690156,-0.01944486167957381,-0.014076597057038303,0.1786982729308767,-1.1807271566865682,0.3389843007542577,-0.11152003505404584,-0.9169204793570639,-0.19987365030043525,-0.40507939264438286,1.6747639424561245
-2.709192160590114,1.6680417230420777,2.051208325610888,-3.033544766247546,-3.5273885224509884,1.041896314985455,-3.1253796265091296,5.950327557193702,4.70177858760433,-3.305606815168258,-0.05943852127349421,3.2609630464437083,0.6646973980310824,-3.7788911357183057,-3.974995699193809,-6.484447907242232,-0.19796500319534893,-1.5782741335230062,0.06077073175356071,3.226587866664489,-1.0795175142964493,1.8359232580290517,-4.219003887447933,-0.21579140915156003,3.3805604127368407,-1.9916908225732615,1.7182379959035847,-1.386571462299967,-0.11379988384128921,3.44454471074878,4.620076263234526,-0.3959616242206225,4.339801344029552,0.6135761395746856,-3.21789304606381,-1.2033393466806797,3.301767361503132,-0.24745852534562962,0.7524310217480507,-2.900119984698721,-2.389192013104262,3.064080058924791,-1.5100770846687408,3.2576714160378413
0.8752507215911439,-0.5032102625771537,-0.6868010881290931,0.9730873359192785,1.186035239392553,-0.02000497814524399,0.9594021121540948,-1.8935239233671257,-1.4739104852217855,0.9511537289870409,-0.11017452152283533,-1.0279401526632115,-0.2000390841764137,1.2312180930499295,1.324323256297494,1.9065174986165796,-0.07499654553125681,0.7547236412465638,-0.042945956087921566,-1.0795175142964493,0.5488583969791112,-0.5572793803341123,1.1931461332346474,0.03687355892489977,-1.1878783292780828,0.6852441711002817,-0.6938932516880595,0.3388337908631374,0.07129940002893578,-0.9385375442701508,-1.6028343625703283,0.1192656056305298,-1.7158752303123532,-0.2651836997937185,1.1232079366421235,0.3947695704970852,-1.1275670057449232,0.15928698780974915,-0.06876893202849348,0.7563683282432947,0.6617610452405875,-0.7497296898769197,0.6869229850516068,-1.151624770416572
-2.2455682963522947,0.7403709342915645,0.38069381153349013,-1.8053957846443904,-1.627988186202642,1.5461488053567176,-1.9815437640983065,3.101555936859488,2.508318793228079,-1.0696038482967118,-0.4344524936495953,1.6356317571106846,0.8960222361472152,-1.8186829256442267,-2.1724908637024605,-2.820965156696458,-0.5023524060006508,-0.3723696703127498,-0.6359813376186277,1.8359232580290517,-0.5572793803341123,1.579756500333842,-2.1866646153108658,-0.25609220950327505,1.6244949469843573,-1.1777757439943124,0.4497139130321211,-0.530915070465325,-0.41397246163076373,1.480107981728558,2.7960314879060006,-0.39832735399869296,1.2417483644138112,0.5399541719661715,-1.901034646331913,-0.6927417655940437,1.8071953658013917,0.7096711945257201,0.21292294921473917,-1.687294686236247,-0.7981822181326724,1.9890195288643806,-0.6011909158119778,0.6556518494824678
3.188564406541086,-2.401097370926181,-3.1910066685686385,4.018026906042948,4.884263096665522,-1.2976515342372046,4.139421291583816,-8.160145736454476,-6.4389050324453505,5.12610673339102,0.04983147471103344,-4.489965804148586,-0.5665846187576865,5.235087591390733,5.298636071069378,9.44820267512237,0.2063874532144731,2.0251545014805594,-0.4629581164827021,-4.219003887447933,1.1931461332346474,-2.1866646153108658,6.037428145275595,0.222648251831206,-4.530829066201134,2.5695776266300863,-2.4064702350387632,2.1730477985744603,-0.11407545643780445,-5.1706870098010285,-5.883310457379961,0.40675145293440035,-6.061530860112661,-0.6043677295631986,4.132660453650932,1.5788340372343561,-4.359653704402142,0.7469015821564092,-1.3893046002618727,4.120926493782391,3.725917362376115,-4.321233638057191,1.880115152747764,-4.930371258119259
0.27989322185043214,-0.16567244909390247,0.1773940775697292,0.1773662452059334,0.015010109794888534,-0.4622725553703048,0.1711996119005843,-0.2170607278505939,-0.03181671397673655,-0.025757000667587383,0.04746175642109064,-0.10749390661496679,-0.24915136772561808,0.23069498116055967,0.2384397427929311,0.17967866948344385,0.19889577810679634,-0.20232871468547736,0.2775472505089896,-0.21579140915156003,0.03687355892489977,-0.25609220950327505,0.222648251831206,0.23350990889189108,-0.061748573497594446,0.010165797559508711,0.09733501935816481,0.022742061914539605,0.2327272630994424,-0.07103260316634415,-0.25513197275305055,0.02409087353091985,0.29176711606281597,-0.13144258032882258,0.12277967023960376,0.10161099221046394,-0.2072205288836811,-0.3394407842928816,-0.05708934089774625,0.17993593168753858,-0.10141161510439967,-0.3502338304394979,-0.11804616211907853,0.11846591839418957
-2.5035535042780195,1.812118763219151,2.6349948015401,-3.1619641551869226,-3.946525397799385,0.4710675244885785,-3.2147670754214874,6.444513570964785,5.133388832565012,-3.912303978967862,0.10914871134958179,3.577188955304534,0.38034803764289493,-4.103355627112804,-4.21203231005643,-7.243091730057473,0.07587849829863992,-2.082735315873932,0.4811661377013415,3.3805604127368407,-1.1878783292780828,1.6244949469843573,-4.530829066201134,-0.061748573497594446,3.8086145191787617,-2.1190893406655826,2.139743929160242,-1.572665892898506,0.13325467253883774,3.904010496037781,4.830067093058514,-0.34103000315493454,5.406996831025686,0.5380034016612406,-3.401988881651083,-1.2350326133899967,3.496827057273178,-0.8021893393377614,0.8449917863979619,-2.9846684527819596,-2.854153493911659,3.0249240879566983,-1.800222518281605,4.06659485856381
1.7855906017794196,-0.9315290772576013,-1.2682065740832493,1.9110090852030974,2.228796582366314,-0.6148024203460992,1.9995700564598797,-3.7187231203712976,-3.047120356497898,1.971364576675039,0.1134276230305089,-2.0191662646192494,-0.3983700767515423,2.2377005866955515,2.4335623081252837,3.919206077783749,0.08716091050941543,1.0672604026626276,-0.0435661987049206,-1.9916908225732615,0.6852441711002817,-1.1777757439943124,2.5695776266300863,0.010165797559508711,-2.1190893406655826,1.349772571220285,-1.0638257907412894,0.8246827715451616,0.006290132199496651,-2.085859650737479,-2.914125971661923,0.28269180170685443,-2.7648442755208795,-0.34981426375237135,2.0728407449699127,0.7274401754723191,-2.0159674922289037,0.1863222593283907,-0.39326177239307075,1.787092103458201,1.4943585763126488,-1.8233560989482909,1.0286923910054728,-1.9085429856742693
-0.8029275586737225,1.0271619590231418,1.8997428315230622,-1.540312849883239,-2.299494144158811,-0.5210791784680865,-1.485221043383056,3.454735009106205,2.7508463913575785,-2.5551140090430593,0.3822695810363399,1.9433542139893734,-0.17277373685963912,-2.332449705200346,-2.2419264132879957,-4.2389061596291295,0.34670448675741045,-1.4785724227525927,0.7329465871906711,1.7182379959035847,-0.6938932516880595,0.4497139130321211,-2.4064702350387632,0.09733501935816481,2.139743929160242,-1.0638257907412894,1.5152756219531403,-0.9504153825858269,0.3060882201863757,2.260788583989245,2.3824714850263424,-0.047436857537564936,3.686182640737987,0.16818473465727335,-1.7166524329744755,-0.6215914823452835,1.8490323304762197,-1.0215455602781276,0.5386626459230782,-1.4846852465943767,-1.8262232419772546,1.29876675078143,-1.1739990792532704,2.941113465383676
0.7555512955182471,-0.8913617792429516,-1.3968836052556948,1.3249638269671284,1.7985584612532517,-0.17039225371849948,1.3284230789613103,-2.864387571073404,-2.235002330996291,2.1045241333882583,-0.08787662671059003,-1.6022045967836407,0.024381505200528078,1.8625561902550787,1.7749617712117327,3.6198085579721013,-0.03404721026263597,0.7637470020100585,-0.42421946623367446,-1.386571462299967,0.3388337908631374,-0.530915070465325,2.1730477985744603,0.022742061914539605,-1.572665892898506,0.8246827715451616,-0.9504153825858269,0.9080230694831175,-0.22225385184505203,-1.99772977516514,-1.8307730721846882,0.08576741496266677,-2.3757874682287636,-0.07020580225315921,1.2961674975956656,0.526402218385492,-1.4461587957160404,0.5740391877583245,-0.621411059488012,1.4511246923807155,1.5529553741585393,-1.4576229773587819,0.6454766266673079,-2.1136732728816665
0.5340134490225599,0.03295032513857581,0.5916021126181499,0.09327504087692311,-0.25718500114242326,-0.674806074660046,0.1352222825219089,0.14038559669128997,0.1882285388775076,-0.5634707836193302,0.1650687281616048,0.13060724250076144,-0.44072450488239573,-0.050409830292132654,0.08657664286450606,-0.571238760779903,0.28058222540344363,-0.33652250851686555,0.5576359796625073,-0.11379988384128921,0.07129940002893578,-0.41397246163076373,-0.11407545643780445,0.2327272630994424,0.13325467253883774,0.006290132199496651,0.3060882201863757,-0.22225385184505203,0.40288042272232794,0.3615821905025675,-0.2444298032508934,0.07682189899397228,0.798292623798039,-0.24096238070604506,0.11594776746939005,0.05965506112266693,-0.08653053847119935,-0.6752194835897098,0.16141932367547535,0.0048528568846470475,-0.4942578746272577,-0.19865723419722858,-0.15011737977039352,0.7408159725472288
-2.1942199714694315,2.09518165581129,3.1339037785039277,-3.2760982879799325,-4.2587136780133505,0.5755568389959417,-3.3263748207326636,6.924637786486369,5.459554259463801,-4.785432684474662,0.1187248073456838,3.8575138582563566,0.1348858577271666,-4.48325540017043,-4.383667363659934,-8.39324756789999,0.04456257031466803,-1.9301376688132132,0.8076957102245471,3.44454471074878,-0.9385375442701508,1.480107981728558,-5.1706870098010285,-0.07103260316634415,3.904010496037781,-2.085859650737479,2.260788583989245,-1.99772977516514,0.3615821905025675,4.650816900677808,4.707485551109881,-0.24430231590541776,5.672831135123712,0.3367604424623948,-3.3341607043837724,-1.2783889655605085,3.593078434790612,-1.143295474698066,1.3229531840064983,-3.434337736672373,-3.498951698512489,3.5014122856415035,-1.63912915822847,4.757374992152326
-4.191825306401729,2.2260580816545787,2.705516230431795,-4.366279691275493,-4.965031341141863,1.608919869989984,-4.571336835077061,8.417624979652022,6.778111052433121,-4.4179254171507685,-0.20241579213855954,4.597214760103777,1.1108348645633461,-5.2693459530562965,-5.696134692806093,-8.859516401902079,-0.3158099191775481,-2.2702597466406496,-0.08423402463625848,4.620076263234526,-1.6028343625703283,2.7960314879060006,-5.883310457379961,-0.25513197275305055,4.830067093058514,-2.914125971661923,2.3824714850263424,-1.8307730721846882,-0.2444298032508934,4.707485551109881,6.807761536200599,-0.6518674582154083,6.03833852225591,0.9947632139669507,-4.726862426445946,-1.7099583164771717,4.720687146314646,-0.13235918224269816,0.8850821076558293,-4.104816587662431,-3.2113507951632596,4.33164287712296,-2.2212899610832544,4.271016516018869
0.5719102725506677,-0.09147532023724447,-0.02632268922301813,0.4043245218432055,0.3411706226604247,-0.35611305623827166,0.4678696697170151,-0.6494426856013052,-0.5628981480967281,0.09550758025345724,0.14551813804900557,-0.36581928888717047,-0.2380337137227927,0.30830502346813626,0.4252611528156883,0.5016122834102197,0.12987536207937328,0.0813121163079077,0.17261833808678534,-0.3959616242206225,0.1192656056305298,-0.39832735399869296,0.40675145293440035,0.02409087353091985,-0.34103000315493454,0.28269180170685443,-0.047436857537564936,0.08576741496266677,0.07682189899397228,-0.24430231590541776,-0.6518674582154083,0.16533163094951017,-0.20597658008717593,-0.1247604389885977,0.42722857185246454,0.15764475680776127,-0.36452661646061907,-0.21902425781761214,0.023049425413683017,0.34709665857313365,0.13034388187092544,-0.4041549791881536,0.1438295893336294,-0.012590188486843883
-2.162452050517889,2.5446581324876845,4.70388307479371,-3.949847461027014,-5.7791291113110494,-1.1498132149144509,-3.842431605422953,8.756740093721636,6.986350133251893,-6.25846167488293,0.8092297554557568,4.93890949063825,-0.393757239889613,-5.744946402399785,-5.561705876764162,-10.582411122009367,0.828975437153674,-3.6897483340282524,1.7771435295456932,4.339801344029552,-1.7158752303123532,1.2417483644138112,-6.061530860112661,0.29176711606281597,5.406996831025686,-2.7648442755208795,3.686182640737987,-2.3757874682287636,0.798292623798039,5.672831135123712,6.03833852225591,-0.20597658008717593,9.169317689587027,0.394555089317833,-4.367855948603956,-1.574497507870331,4.624434275463177,-2.490591164606677,1.3023035653775237,-3.7192623711656565,-4.575516029222544,3.3085807376491734,-2.9350026476635604,7.171114697583299
-0.8017136960566589,0.22801759815382996,0.021200536091226376,-0.5543370693643996,-0.45858821851189413,0.459419014332173,-0.6095662600929217,0.9130164348085675,0.7290969747582179,-0.20598996193155308,-0.07577340537897931,0.48104414175207993,0.35978052404558014,-0.6114467821081861,-0.7489682922965525,-0.7046160975103465,-0.16045354337084772,-0.15839319595934062,-0.26902577442690156,0.6135761395746856,-0.2651836997937185,0.5399541719661715,-0.6043677295631986,-0.13144258032882258,0.5380034016612406,-0.34981426375237135,0.16818473465727335,-0.07020580225315921,-0.24096238070604506,0.3367604424623948,0.9947632139669507,-0.1247604389885977,0.394555089317833,0.2877295973960112,-0.6547991762498674,-0.23394103887777576,0.6354188252673997,0.32106451633636324,-0.01699084600402268,-0.46360255562373875,-0.09304743729690612,0.5615588984229957,-0.24396169126018977,0.14787715277529498
2.8730435077154293,-1.5574238807135763,-1.9749843531521094,3.0477173714652146,3.5182078995660064,-1.0262637288855538,3.1837554544697793,-5.920599859300429,-4.787245293902876,3.16563351047716,0.12291522279297029,-3.221642507626324,-0.7002118143499055,3.6888566214363507,3.974902727211681,6.257069738507226,0.163945826777696,1.6573761879683444,-0.01944486167957381,-3.21789304606381,1.1232079366421235,-1.901034646331913,4.132660453650932,0.12277967023960376,-3.401988881651083,2.0728407449699127,-1.7166524329744755,1.2961674975956656,0.11594776746939005,-3.3341607043837724,-4.726862426445946,0.42722857185246454,-4.367855948603956,-0.6547991762498674,3.318954422007522,1.183981332252875,-3.294317006870937,0.2070591356388734,-0.6365460838659096,2.8594797792037556,2.3135026601736803,-2.9762258002280464,1.605549891606691,-3.080456296910445
0.9967080623043416,-0.6332132059388748,-0.7568875374114382,1.1281869182928483,1.3179813573641168,-0.40614498097446294,1.163361397923512,-2.210733161397245,-1.7217040186236008,1.2279206868206227,0.0023176663283055875,-1.2120900385466191,-0.2510130300013942,1.421102990668382,1.477843748189737,2.4258953713379183,0.08551604926126863,0.5437069621617442,-0.014076597057038303,-1.2033393466806797,0.3947695704970852,-0.6927417655940437,1.5788340372343561,0.10161099221046394,-1.2350326133899967,0.7274401754723191,-0.6215914823452835,0.526402218385492,0.05965506112266693,-1.2783889655605085,-1.7099583164771717,0.15764475680776127,-1.574497507870331,-0.23394103887777576,1.183981332252875,0.4711481272523967,-1.2275463061464231,0.07287847780639488,-0.2903423018144679,1.088846909823152,0.8890353700662048,-1.1512221730166552,0.5499416741228046,-1.2218938058756532
-2.6825123230377734,1.756097885146333,2.2101921577238794,-3.087554421300981,-3.654501873858095,0.9343307284353533,-3.1642318627123323,6.125618882250556,4.826284655653485,-3.512183003745576,0.016796543859257055,3.3645963606897453,0.6048445058651608,-3.9550547723766196,-4.112115035765487,-6.764791897921589,-0.15676822791828274,-1.6723970747613333,0.1786982729308767,3.301767361503132,-1.1275670057449232,1.8071953658013917,-4.359653704402142,-0.2072205288836811,3.496827057273178,-2.0159674922289037,1.8490323304762197,-1.4461587957160404,-0.08653053847119935,3.593078434790612,4.720687146314646,-0.36452661646061907,4.624434275463177,0.6354188252673997,-3.294317006870937,-1.2275463061464231,3.4338523394573026,-0.3663491153704008,0.8114254489223848,-2.9675337740558576,-2.507908245415048,3.1128289880987507,-1.5935055688342632,3.534519000029402
-0.8863256511286369,-0.41327058908535425,-1.5461050672864534,0.1673798993267367,1.0083789767596225,1.508091498721205,0.00890473004887172,-1.0516825601644304,-0.8334773753204889,1.6665157083746518,-0.5712115944636361,-0.6675266721434189,0.8593789996201813,0.8000551777081791,0.4551541997275908,2.0282959247694254,-0.6669863778166999,1.0463683590933013,-1.1807271566865682,-0.24745852534562962,0.15928698780974915,0.7096711945257201,0.7469015821564092,-0.3394407842928816,-0.8021893393377614,0.1863222593283907,-1.0215455602781276,0.5740391877583245,-0.6752194835897098,-1.143295474698066,-0.13235918224269816,-0.21902425781761214,-2.490591164606677,0.32106451633636324,0.2070591356388734,0.07287847780639488,-0.3663491153704008,1.5118958183452502,-0.4059590456552959,0.22774987631781743,1.2466752976558377,0.1494391525493303,0.6148726707334516,-2.2372028780813493
-0.2659830333051251,0.6101156030896473,0.8920200203237046,-0.7088398627731921,-1.0078584379060578,0.17310319595666054,-0.7000476662073479,1.6513649018019918,1.2569052532774694,-1.4280453588634872,0.07783699076188308,0.9313061636747973,-0.09651216867639063,-1.1520311918414774,-1.007106715005251,-2.3300810278308677,-0.03269950951608286,-0.31427114876257023,0.3389843007542577,0.7524310217480507,-0.06876893202849348,0.21292294921473917,-1.3893046002618727,-0.05708934089774625,0.8449917863979619,-0.39326177239307075,0.5386626459230782,-0.621411059488012,0.16141932367547535,1.3229531840064983,0.8850821076558293,0.023049425413683017,1.3023035653775237,-0.01699084600402268,-0.6365460838659096,-0.2903423018144679,0.8114254489223848,-0.4059590456552959,0.551479672465558,-0.93101268195193565,-1.013323215778057,0.9498313313218789,-0.25142380707645257,1.3700685966018056
2.4432767852656445,-1.5572338411762425,-1.95290206066852,2.78828732817636,3.259136895139298,-1.2472606516502203,2.9336222235322453,-5.532132815087178,-4.4531000354786014,3.322712539137042,0.17278164405655075,-3.021943620902625,-0.569322423143233,3.5003536668637922,3.6467627944143364,6.292389189208477,0.31106721259492687,1.1780713768025184,-0.11152003505404584,-2.900119984698721,0.7563683282432947,-1.687294686236247,4.120926493782391,0.17993593168753858,-2.9846684527819596,1.787092103458201,-1.4846852465943767,1.4511246923807155,0.0048528568846470475,-3.434337736672373,-4.104816587662431,0.34709665857313365,-3.7192623711656565,-0.46360255562373875,2.8594797792037556,1.088846909823152,-2.9675337740558576,0.22774987631781743,-0.93101268195193565,2.9464883388736864,2.4266122182616883,-3.1023691562173368,1.193762221691294,-3.011668922510289
1.2208203356442922,-1.4990525089620579,-2.6134382273488455,2.278290074446009,3.2292914545840965,0.07295677552579444,2.2803127925430173,-5.021252767632763,-3.985918028017756,3.762343046166736,-0.2227604486432755,-2.8157518000374973,0.18659057171376064,3.2395815514212187,3.076021349525919,6.3201246705026914,-0.24112486436366196,1.604878622266719,-0.9169204793570639,-2.389192013104262,0.6617610452405875,-0.7981822181326724,3.725917362376115,-0.10141161510439967,-2.854153493911659,1.4943585763126488,-1.8262232419772546,1.5529553741585393,-0.4942578746272577,-3.498951698512489,-3.2113507951632596,0.13034388187092544,-4.575516029222544,-0.09304743729690612,2.3135026601736803,0.8890353700662048,-2.507908245415048,1.2466752976558377,-1.013323215778057,2.4266122182616883,2.8039608028403453,-2.3305978123303457,1.305206201354467,-3.887662954411874
-2.7867516161495147,1.6637999147941744,1.7228743024925364,-2.9839921440824884,-3.232835667822915,1.812911171162742,-3.1521821682460702,5.728762951860163,4.494026606262679,-3.2170171781123127,-0.3638212014849511,3.1155122669836444,0.8252949277472147,-3.6095876336197854,-3.7910157529998036,-6.362233711796006,-0.5162610872594019,-0.9347204715274736,-0.19987365030043525,3.064080058924791,-0.7497296898769197,1.9890195288643806,-4.321233638057191,-0.3502338304394979,3.0249240879566983,-1.8233560989482909,1.29876675078143,-1.4576229773587819,-0.19865723419722858,3.5014122856415035,4.33164287712296,-0.4041549791881536,3.3085807376491734,0.5615588984229957,-2.9762258002280464,-1.1512221730166552,3.1128289880987507,0.1494391525493303,0.9498313313218789,-3.1023691562173368,-2.3305978123303457,3.4891958808377286,-1.0313366484458015,2.707555219173298
1.028755052082917,-0.7339463142641443,-1.3530160953092054,1.3741484975026348,1.8960045208838059,0.2807934952184796,1.3729359324451285,-2.885524374886858,-2.3675635715287897,1.7687639810729838,-0.21604570838914644,-1.5966407890276295,-0.02988884308918372,1.8373843781348005,1.905161136318289,3.179184393467971,-0.23737974229250208,1.2561097817704194,-0.40507939264438286,-1.5100770846687408,0.6869229850516068,-0.6011909158119778,1.880115152747764,-0.11804616211907853,-1.800222518281605,1.0286923910054728,-1.1739990792532704,0.6454766266673079,-0.15011737977039352,-1.63912915822847,-2.2212899610832544,0.1438295893336294,-2.9350026476635604,-0.24396169126018977,1.605549891606691,0.5499416741228046,-1.5935055688342632,0.6148726707334516,-0.25142380707645257,1.193762221691294,1.305206201354467,-1.0313366484458015,1.0880452199738782,-2.080036338116403
-1.1019879561064068,2.2031640845696456,3.9854929433910056,-2.9330457034751487,-4.538369067272646,-1.0363254615241895,-2.7686614292103777,6.7915973860035805,5.233322639182713,-5.41862116764652,0.8317613602918518,3.858764842477023,-0.5663156243901202,-4.672580865777754,-4.268303973840259,-8.83098674547463,0.6584521386306238,-2.6669936034006874,1.6747639424561245,3.2576714160378413,-1.151624770416572,0.6556518494824678,-4.930371258119259,0.11846591839418957,4.06659485856381,-1.9085429856742693,2.941113465383676,-2.1136732728816665,0.7408159725472288,4.757374992152326,4.271016516018869,-0.012590188486843883,7.171114697583299,0.14787715277529498,-3.080456296910445,-1.2218938058756532,3.534519000029402,-2.2372028780813493,1.3700685966018056,-3.011668922510289,-3.887662954411874,2.707555219173298,-2.080036338116403,6.176302910635951
