V1,V2,V3,V4,V5,V6,V7,V8,V9,V10,V11,V12,V13,V14,V15,V16,V17,V18,V19,V20,V21,V22,V23,V24,V25,V26,V27,V28,V29,V30,V31,V32,V33,V34,V35,V36,V37,V38,V39,V40,V41,V42,V43,V44
1.370481616761223,-1.494888398587703,1.4823289664787673,-0.30003834312373645,-0.47847578588182993,-1.256676382986637,-0.6562796844300832,0.129005670961907,1.2511829633406666,0.6683194952423789,1.1058722407475419,-0.34016694701046524,-1.9646647427622042,1.8583802190768781,0.3971761574728961,0.9343425731290976,0.8233378626009182,0.5867061304658265,-0.4721869785192625,1.3544072316386284,0.5318682248910318,2.674802135155924,1.3073414055033679,0.5535496699234731,0.46509526572875126,0.1197685023717795,-0.10811093859924692,0.11315947237831205,0.2860167465631715,0.5565105767684694,0.6453347963654434,-0.38444316880049473,0.5895526770439894,0.6302496229094953,1.7878015957756177,2.0485115729438843,0.1226649100598572,-0.4521162152215851,-1.8954310530701688,-1.432351467464068,2.878390935530544,1.2318970399424218,-3.736479409950543,2.1084368353079657
-1.494888398587703,1.84389216892841,-0.9936092145666667,1.074125630372579,0.5487950875497586,1.6412184654700273,1.0407462861249308,-0.06039494018097646,-1.5408219582039115,-1.4892792657000946,-0.5606369202713072,0.027300478502591694,0.9738041131507086,-1.4765615890693635,0.0027809413014585715,-0.7231774069324948,-0.7278124076748596,-0.18294272793506736,0.8831260211152452,-1.343565841637746,-0.5854571845220818,-3.222441642672988,-1.4902871175363208,-0.0376080691069184,-0.1513862963144305,-4.84626537185999e-4,0.2043761949228611,-0.02658610218853898,-0.39532752090625956,0.09639496158745506,-1.2011738774729528,0.5018670068463994,-0.5695084279399961,-0.48172268684578395,-1.7007119253207696,-2.083061485305439,0.3125365714698465,0.7187601055593591,1.4901814359296162,1.5039218455958596,-2.4601593125134267,-1.29607129903479,3.5334409111556697,-1.8750789981594194
1.4823289664787673,-0.9936092145666667,3.9874941080700377,2.0870503660636417,-0.5364613009059095,-0.7488698090370428,0.35612421363446667,0.14879169147361673,0.8001829620285027,-1.8850394009162865,3.1688191327341433,-1.79084437164949,-6.131701918053288,4.0329191695997615,1.7487302935787712,2.0268607195553,1.3692733105391,2.314869869968231,0.6690648796186491,1.8542931692402471,0.536809001081646,1.9599702454100076,1.0982764441871287,2.563045480274507,1.730839385775656,0.5233696369219426,0.20836201584418632,0.352629679914685,0.008526387114677398,3.1668717638173693,-0.9714361843133664,-0.25948171626719235,0.9939866750722812,1.2935376589127607,2.8072094659730187,2.7491727630418987,1.909484546860688,-0.20896957933695545,-3.8039150163598023,-1.771291077779979,5.444001205239205,1.58840024472665,-6.01280820672529,3.5494866116958548
-0.30003834312373645,1.074125630372579,2.0870503660636417,2.816453196787858,0.16123396488285602,1.1776953994603703,1.341207238970539,0.18286709336135334,-0.909458291671588,-2.973876068486777,2.089137258696532,-1.2997395415029311,-3.9469311609516384,1.6998529745449347,1.4779996858573625,0.8976089116600695,0.4342295860259458,1.6179332815540373,1.4430343133476273,0.1911562396553213,-0.1526864736208119,-1.66843986188793,-0.5493754941575415,1.997703473911541,1.2215094133337439,0.4549200307244685,0.3515854429463413,0.30545227176604733,-0.38497657899061066,2.5421888083533504,-1.991930483191407,0.34125604286038586,0.16275888875057162,0.5908535230337493,0.5691908620699101,0.12425549861445995,1.7238586104833682,0.786377826989213,-1.674631921594186,0.10134838591227233,1.9251259254278337,-0.06109569901396465,-1.257022261780667,1.0826223425556278
-0.47847578588182993,0.5487950875497586,-0.5364613009059095,0.16123396488285602,0.18758136800288835,0.5054305672571987,0.25052477803725887,0.005270345959535214,-0.45247893291065133,-0.26236273106494296,-0.3179892802193647,0.1480479069277188,0.6391413341559181,-0.6507170214694113,-0.09066463564660691,-0.31496260781045826,-0.26141308825437704,-0.2069140482674443,0.19337951471475306,-0.45461456298062,-0.18285609536897732,-0.9645884743563464,-0.44154618261322587,-0.175325953821075,-0.15029559521366662,-0.026675229809938982,0.03581252450191416,-0.017483850675163826,-0.10092510406933225,-0.19466382328056137,-0.2513255234308288,0.1593593736025862,-0.22241823413408487,-0.19604013993402783,-0.6163477480882747,-0.7115925649734616,-0.06889161184073697,0.25474710918425225,0.5986431751149514,0.502317822789919,-0.9776133623914603,-0.4444851592618154,1.3024116285622305,-0.6851714796570871
-1.256676382986637,1.6412184654700273,-0.7488698090370428,1.1776953994603703,0.5054305672571987,1.5729001408736998,0.9845915248853466,0.07049903287711236,-1.3600790077515101,-1.4592222366483825,-0.19840155376455149,0.009479066582513544,0.4779694294890993,-1.1310300875367632,0.1880573064203402,-0.5269756619479509,-0.5156969212909605,-0.06460920968407702,0.8719399005374533,-1.0585629545325952,-0.4926647162420321,-2.825560145361319,-1.229944251140274,0.11834193113600942,-0.03422202286617767,0.06430622797183631,0.18256506295412475,0.044662028671956656,-0.35432718196198904,0.21491387289127234,-1.167868912584087,0.48632024621388537,-0.5079696736596598,-0.3169244038440165,-1.350236816882842,-1.7119928313441328,0.2993500058834598,0.8570750658224996,0.9993059690321665,1.264662688720695,-1.8640347099777028,-1.110734624942791,2.8495965955411893,-1.3729279530734444
-0.6562796844300832,1.0407462861249308,0.35612421363446667,1.341207238970539,0.25052477803725887,0.9845915248853466,0.8373543417497186,0.0201386189271448,-0.8765146717716333,-1.5601019689277522,0.48182207607303223,-0.4472227080363318,-0.9743031380212522,0.037293867832340094,0.4888013328775155,0.035949984284963064,-0.13081793790073684,0.48800062004348715,0.8107786170083322,-0.43888011876663136,-0.2700752662150016,-1.752301683198054,-0.7461887959222371,0.6643014010857939,0.35785408172655536,0.14979848700698373,0.1971599303412252,0.08598907805576261,-0.2781056842445451,0.9079395851894146,-1.1172537314750888,0.29270777624759164,-0.14833522336877722,0.014232583407632806,-0.4376152965312689,-0.7296997435647408,0.7174895213414949,0.4970708932335009,0.002588109902842572,0.5903698499383347,-0.26128847956958096,-0.4945708087418988,0.8776005447895239,-0.3431065980906193
0.129005670961907,-0.06039494018097646,0.14879169147361673,0.18286709336135334,0.005270345959535214,0.07049903287711236,0.0201386189271448,0.14401758965089595,0.06528418566234348,-0.07304139914971768,0.3308510168663794,0.0059280927885390225,-0.4107456599397142,0.2217602934774679,0.1938373254366862,0.14089546516190815,0.16242516729741888,0.09211449631779768,0.056665853439572804,0.18849041385410456,0.05294964487475175,0.15437777626225965,0.15722214157619754,0.1464738057712757,0.10301940963559082,0.06492467515086868,-0.008891233304707338,0.07477431106306473,0.014809722935530997,0.10988138273665723,-0.05085941144970934,0.030334079381644674,0.01470200402774693,0.13462562201352957,0.21870238360493516,0.21593135716801423,-0.011957016304195442,0.22082793476602788,-0.38989823889947545,-0.1294843238977949,0.4065109288075154,0.08420002039497042,-0.41054452612306847,0.37053187777429314
1.2511829633406666,-1.5408219582039115,0.8001829620285027,-0.909458291671588,-0.45247893291065133,-1.3600790077515101,-0.8765146717716333,0.06528418566234348,1.2909260074660718,1.2647400919188023,0.46821343804359206,0.0017425568801712624,-0.7851063527633679,1.213242249971041,-0.0018410937949394572,0.598057369190017,0.6102977918914417,0.1344613301772712,-0.7429280390581369,1.1245452384813552,0.492261527564242,2.695697774470495,1.2542155791367795,0.01594404351678986,0.11824558922773615,-5.419447568425235e-4,-0.17469857456542714,0.026115488058212,0.33462823748557685,-0.10657997903405528,1.0160231995185225,-0.413406384911465,0.4699066340520923,0.40510739220536557,1.4141858106890408,1.7384284951102051,-0.28852998493739795,-0.5770841197354512,-1.246317807627461,-1.2569330538001409,2.0406811114960126,1.0775003893019328,-2.93556609819213,1.5686834540378156
0.6683194952423789,-1.4892792657000946,-1.8850394009162865,-2.973876068486777,-0.26236273106494296,-1.4592222366483825,-1.5601019689277522,-0.07304139914971768,1.2647400919188023,3.3039452956124773,-1.8281666783987567,1.347316049997468,3.6242478061486523,-1.3426372785192526,-1.3958217200959249,-0.7041439567572649,-0.19714414467288904,-1.5813278813663125,-1.6159976183903413,0.18184880387484578,0.2955522826870664,2.4217644234558704,0.9523329554808425,-1.9636977155825506,-1.1720020906972901,-0.4179114492514063,-0.41018474872655786,-0.2562068324981054,0.4768007805342862,-2.585793733731299,2.2406718091650193,-0.4244946853583744,-0.06818137345653165,-0.43509942134705043,-0.12143093748807643,0.39645010808689546,-1.8554315649984088,-0.773506257320828,1.1872707075784446,-0.45741497267640446,-1.262297178446324,0.3522804455239984,0.380059436427798,-0.5133896785818269
1.1058722407475419,-0.5606369202713072,3.1688191327341433,2.089137258696532,-0.3179892802193647,-0.19840155376455149,0.48182207607303223,0.3308510168663794,0.46821343804359206,-1.8281666783987567,2.8899722909991694,-1.3792413150436809,-5.251123573686434,3.2382112954739646,1.6640624523912173,1.6765246821263267,1.198255368135995,1.9146014423900717,0.7561118273870094,1.5140649919260523,0.4027751979943798,1.229903567435808,0.8524524382001468,2.216615893378168,1.482401030747398,0.5092512976291095,0.1818324527516632,0.3870766685592173,-0.036107754289480855,2.6513714293548105,-1.0356515300138223,-0.07096607210546135,0.7008866477693515,1.1371405664279037,2.2432223303543277,2.1298279575989443,1.5185350856199529,0.3034295326197637,-3.3217518957354257,-1.329588292367465,4.462013533123081,1.1509771211663804,-4.7313449861147685,3.029233097847201
-0.34016694701046524,0.027300478502591694,-1.79084437164949,-1.2997395415029311,0.1480479069277188,0.009479066582513544,-0.4472227080363318,0.0059280927885390225,0.0017425568801712624,1.347316049997468,-1.3792413150436809,0.9499971053737666,2.811755692186084,-1.6566915697416513,-0.8351411909866115,-0.8215323706729293,-0.46483029713169777,-1.1388948246178412,-0.553736706116942,-0.5502035487281667,-0.10637028371669684,-0.1400073882843234,-0.1255380305477517,-1.2806619259132115,-0.8292563015989185,-0.24931273743290835,-0.1666916632271622,-0.14497562248900692,0.1056682857684097,-1.6513140507427537,0.8026700982888078,0.025205520624793736,-0.37035095695682463,-0.49649009247168313,-0.9532948768398061,-0.8197977715533141,-1.1015583678088097,0.030819541506396805,1.4507735806377118,0.4877412422003541,-2.0664868185046528,-0.4691049297863104,2.0891419659102564,-1.2286878906418115
-1.9646647427622042,0.9738041131507086,-6.131701918053288,-3.9469311609516384,0.6391413341559181,0.4779694294890993,-0.9743031380212522,-0.4107456599397142,-0.7851063527633679,3.6242478061486523,-5.251123573686434,2.811755692186084,9.889817378858455,-6.127183346950306,-3.0275289056904424,-3.1249835771899304,-2.119621055023488,-3.7146436599112724,-1.4590975166667666,-2.6923529375938178,-0.7011585215326135,-2.1183035826076373,-1.4011434014841586,-4.233388980998747,-2.8169557708906034,-0.9187684002270871,-0.3909209348529394,-0.6504698713706841,0.1134594789754125,-5.1835572617851176,2.0502657512023776,0.18433658033714798,-1.3743924728778136,-2.048377862468182,-4.109926555533482,-3.867068755362349,-3.114365447364249,-0.2422086435982358,5.993594506052026,2.414340174077811,-8.24950040375933,-2.143064949289509,8.753786570720361,-5.425680711424008
1.8583802190768781,-1.4765615890693635,4.0329191695997615,1.6998529745449347,-0.6507170214694113,-1.1310300875367632,0.037293867832340094,0.2217602934774679,1.213242249971041,-1.3426372785192526,3.2382112954739646,-1.6566915697416513,-6.127183346950306,4.248492855224408,1.702175324998877,2.1433841180141973,1.5483848744224327,2.2305428460717467,0.3884648958755287,2.185382821730772,0.6886479258249213,2.8087155869813643,1.516017001821519,2.442658802519859,1.6880576914883023,0.5130639475983845,0.1289769690833296,0.3677470187048276,0.1290345354521594,2.9440237098498043,-0.5731068619690739,-0.36991204964340463,1.0879173236461697,1.3950525739489354,3.1814053237568327,3.236683149640397,1.665084377976417,-0.297227396735655,-4.119655179466924,-2.1275633527744153,5.9198303027341055,1.8776601766391439,-6.755597044716189,3.9869147825468314
0.3971761574728961,0.0027809413014585715,1.7487302935787712,1.4779996858573625,-0.09066463564660691,0.1880573064203402,0.4888013328775155,0.1938373254366862,-0.0018410937949394572,-1.3958217200959249,1.6640624523912173,-0.8351411909866115,-3.0275289056904424,1.702175324998877,1.0197202284953393,0.889939742063872,0.5970760747792925,1.1349064700718396,0.6280836301443564,0.6747439481534133,0.13762894823327407,0.14832231533013446,0.24358920853112678,1.3478059495911527,0.8783502469511563,0.310874303080206,0.1492495861813918,0.23251382034598425,-0.09521915301465501,1.6377001822945538,-0.8572529600818891,0.05206433068430811,0.3221155948477704,0.6066717004391924,1.0525485433752624,0.9127804652793952,0.9839541880188226,0.32381117160957534,-1.754117535365709,-0.5326263348871378,2.267531140808302,0.4607999358097646,-2.2311775257918978,1.5026759515149206
0.9343425731290976,-0.7231774069324948,2.0268607195553,0.8976089116600695,-0.31496260781045826,-0.5269756619479509,0.035949984284963064,0.14089546516190815,0.598057369190017,-0.7041439567572649,1.6765246821263267,-0.8215323706729293,-3.1249835771899304,2.1433841180141973,0.889939742063872,1.0888786572008189,0.7950974378493139,1.1275768703105258,0.2177304618087015,1.1105363500864964,0.348284835907526,1.389207560428606,0.7690228079823286,1.2474610268857476,0.8616681192563131,0.2678465118802978,0.06538699298046197,0.19857382330542908,0.06330471698778319,1.4920868693467206,-0.31043191324436187,-0.17010692057848004,0.5398365482932417,0.7186158803025908,1.6066475559034759,1.6317058360564092,0.829677784251781,-0.0921516799853721,-2.1153884876095166,-1.0701347035103053,3.0017711150877955,0.9367363410518028,-3.405760460768403,2.038817270824076
0.8233378626009182,-0.7278124076748596,1.3692733105391,0.4342295860259458,-0.26141308825437704,-0.5156969212909605,-0.13081793790073684,0.16242516729741888,0.6102977918914417,-0.19714414467288904,1.198255368135995,-0.46483029713169777,-2.119621055023488,1.5483848744224327,0.5970760747792925,0.7950974378493139,0.6476213306524412,0.7090427651445113,0.011674463743973082,0.9331231491141116,0.3108331602934494,1.3670721014542577,0.7470772367130898,0.7801715672046955,0.5570773158871842,0.1879075481504309,-0.0010377924331390455,0.15464958265014853,0.10265924021497849,0.8743099060782002,-0.014876067337856005,-0.16092921579280806,0.3934035687488504,0.5443109144484143,1.2861464974309416,1.351967023296714,0.4112693210525063,-0.04692021296652241,-1.6222352176977775,-0.8970760201692932,2.2821691184469373,0.7709691893560728,-2.676277488861845,1.6332297236880342
0.5867061304658265,-0.18294272793506736,2.314869869968231,1.6179332815540373,-0.2069140482674443,-0.06460920968407702,0.48800062004348715,0.09211449631779768,0.1344613301772712,-1.5813278813663125,1.9146014423900717,-1.1388948246178412,-3.7146436599112724,2.2305428460717467,1.1349064700718396,1.1275768703105258,0.7090427651445113,1.4429334422490578,0.6518151244587502,0.8677503004209837,0.20128540351932786,0.46509933340841547,0.34516051206079057,1.641818694949236,1.077630388532385,0.3408240086688149,0.18297065776076307,0.22530207310225375,-0.09185212369250612,2.057741568402802,-0.9251531424817389,-0.03906127924498588,0.49408892233624585,0.7185944797502835,1.3919777619256737,1.2576920899169677,1.29818598812827,0.06402623305983393,-2.0950846623094197,-0.7682059539411205,2.9048066714556913,0.6998685018341504,-3.001144582567352,1.8357046911937982
-0.4721869785192625,0.8831260211152452,0.6690648796186491,1.4430343133476273,0.19337951471475306,0.8719399005374533,0.8107786170083322,0.056665853439572804,-0.7429280390581369,-1.6159976183903413,0.7561118273870094,-0.553736706116942,-1.4590975166667666,0.3884648958755287,0.6280836301443564,0.2177304618087015,0.011674463743973082,0.6518151244587502,0.8193463193497627,-0.2325039957714547,-0.1982587443107033,-1.4555935774777868,-0.5825455122767078,0.8462314533622669,0.48925585412035366,0.1894497729630218,0.19912772414555857,0.12072935561306582,-0.2542803320356065,1.115785093231482,-1.1251462636670357,0.2598888854087355,-0.054270857313497955,0.14089311540160662,-0.1534353330181906,-0.426735810459736,0.8150378312062575,0.48468058701069267,-0.3636406163404567,0.3856445961074445,0.2520111559334442,-0.3217979932908479,0.27605890883312656,0.020673090948997372
1.3544072316386284,-1.343565841637746,1.8542931692402471,0.1911562396553213,-0.45461456298062,-1.0585629545325952,-0.43888011876663136,0.18849041385410456,1.1245452384813552,0.18184880387484578,1.5140649919260523,-0.5502035487281667,-2.6923529375938178,2.185382821730772,0.6747439481534133,1.1105363500864964,0.9331231491141116,0.8677503004209837,-0.2325039957714547,1.432571124368857,0.5184068897799299,2.4548871547383095,1.259012460518113,0.9055109176386713,0.6817584555639531,0.20988540019555815,-0.05507231703474382,0.17860408033546243,0.22687311449644407,0.9857211551812304,0.31708290021146573,-0.32715642575933407,0.6167218931231515,0.7530283081652432,1.936647841232148,2.122313628534901,0.3971204440510755,-0.27932678239704406,-2.2543049391149177,-1.4457015933090123,3.286653640482143,1.2445884703836578,-4.040436193490802,2.3718451150833575
0.5318682248910318,-0.5854571845220818,0.536809001081646,-0.1526864736208119,-0.18285609536897732,-0.4926647162420321,-0.2700752662150016,0.05294964487475175,0.492261527564242,0.2955522826870664,0.4027751979943798,-0.10637028371669684,-0.7011585215326135,0.6886479258249213,0.13762894823327407,0.348284835907526,0.3108331602934494,0.20128540351932786,-0.1982587443107033,0.5184068897799299,0.20920151833242687,1.0467910670999816,0.5113901362411089,0.1862037937177132,0.16408637667709736,0.03874814725966296,-0.04624667790918069,0.041200882516032114,0.11692626611644494,0.17925717137667943,0.27575435160517453,-0.14824715639485886,0.22596587118868872,0.23856820646134233,0.6760330186704981,0.7864620073730023,0.01815111056292573,-0.17585883784812775,-0.7105853884024267,-0.5550399921876237,1.079261099316475,0.47313174011144865,-1.4171331265271585,0.7974853974766529
2.674802135155924,-3.222441642672988,1.9599702454100076,-1.66843986188793,-0.9645884743563464,-2.825560145361319,-1.752301683198054,0.15437777626225965,2.695697774470495,2.4217644234558704,1.229903567435808,-0.1400073882843234,-2.1183035826076373,2.8087155869813643,0.14832231533013446,1.389207560428606,1.3670721014542577,0.46509933340841547,-1.4555935774777868,2.4548871547383095,1.0467910670999816,5.6637435457291065,2.654467837495851,0.24712169239276188,0.3826754587343496,0.04869763386673192,-0.34059680325121544,0.08668618821561326,0.6805075064218725,0.039699336394566104,1.9869861710180567,-0.8628694356296108,1.0320997531942415,0.933054885903046,3.1241375453041362,3.7762964460376973,-0.43532498222911964,-1.1729505391994692,-2.870650981019163,-2.7072464791516024,4.62233260404791,2.3281254472843984,-6.489228993533819,3.508906251178824
1.3073414055033679,-1.4902871175363208,1.0982764441871287,-0.5493754941575415,-0.44154618261322587,-1.229944251140274,-0.7461887959222371,0.15722214157619754,1.2542155791367795,0.9523329554808425,0.8524524382001468,-0.1255380305477517,-1.4011434014841586,1.516017001821519,0.24358920853112678,0.7690228079823286,0.7470772367130898,0.34516051206079057,-0.5825455122767078,1.259012460518113,0.5113901362411089,2.654467837495851,1.3004565530897405,0.2899861837909971,0.29344972667575736,0.07882356077080364,-0.14726736671510088,0.09495019537346525,0.3083934543414746,0.20030446561729853,0.8079570192409798,-0.3716534047481658,0.49998114493808765,0.5377213532153345,1.6069534674495454,1.8899144667721623,-0.126801490314144,-0.39553377495012954,-1.6324422641568779,-1.3326651384061907,2.4741100186937466,1.132513939654033,-3.3190880991519296,1.892145526060628
0.5535496699234731,-0.0376080691069184,2.563045480274507,1.997703473911541,-0.175325953821075,0.11834193113600942,0.6643014010857939,0.1464738057712757,0.01594404351678986,-1.9636977155825506,2.216615893378168,-1.2806619259132115,-4.233388980998747,2.442658802519859,1.3478059495911527,1.2474610268857476,0.7801715672046955,1.641818694949236,0.8462314533622669,0.9055109176386713,0.1862037937177132,0.24712169239276188,0.2899861837909971,1.9002117619440713,1.2369164727913988,0.40564181840557073,0.22489178023391274,0.27670904510404204,-0.13868054480943703,2.3719234068086283,-1.1841778160967837,0.01808132012006382,0.5062263329739686,0.8082252276022421,1.4702868093092518,1.2803828695360564,1.4939561370830026,0.21943050796518457,-2.344766387048345,-0.7588400236542914,3.165146461437794,0.6866601741420794,-3.166320392019915,2.0052221099709264
0.46509526572875126,-0.1513862963144305,1.730839385775656,1.2215094133337439,-0.15029559521366662,-0.03422202286617767,0.35785408172655536,0.10301940963559082,0.11824558922773615,-1.1720020906972901,1.482401030747398,-0.8292563015989185,-2.8169557708906034,1.6880576914883023,0.8783502469511563,0.8616681192563131,0.5570773158871842,1.077630388532385,0.48925585412035366,0.6817584555639531,0.16408637667709736,0.3826754587343496,0.29344972667575736,1.2369164727913988,0.8158289776038953,0.2620562226940975,0.13192604325139115,0.1826556818523774,-0.06066489262977808,1.534225403501695,-0.6841172456707546,-0.020407477392102653,0.3707617846800785,0.562365700365976,1.071020368417583,0.977847667222189,0.9446766750758872,0.09650221024563858,-1.6297967440385748,-0.6008576715111265,2.226640650535772,0.5358373526632221,-2.3023052205615597,1.4336959431086354
0.1197685023717795,-4.84626537185999e-4,0.5233696369219426,0.4549200307244685,-0.026675229809938982,0.06430622797183631,0.14979848700698373,0.06492467515086868,-5.419447568425235e-4,-0.4179114492514063,0.5092512976291095,-0.24931273743290835,-0.9187684002270871,0.5130639475983845,0.310874303080206,0.2678465118802978,0.1879075481504309,0.3408240086688149,0.1894497729630218,0.20988540019555815,0.03874814725966296,0.04869763386673192,0.07882356077080364,0.40564181840557073,0.2620562226940975,0.10003306921678987,0.04285943040845922,0.07363102131017006,-0.03079119136028813,0.4864161020539544,-0.26184143594573267,0.015641761400114022,0.08836280311615104,0.1823587422237459,0.32562383080191254,0.27658847515011886,0.29185212816621775,0.11382439942675726,-0.5388018218324578,-0.15571971682801514,0.6913093618950836,0.13699101203849073,-0.6754743478060665,0.4658410042987396
-0.10811093859924692,0.2043761949228611,0.20836201584418632,0.3515854429463413,0.03581252450191416,0.18256506295412475,0.1971599303412252,-0.008891233304707338,-0.17469857456542714,-0.41018474872655786,0.1818324527516632,-0.1666916632271622,-0.3909209348529394,0.1289769690833296,0.1492495861813918,0.06538699298046197,-0.0010377924331390455,0.18297065776076307,0.19912772414555857,-0.05507231703474382,-0.04624667790918069,-0.34059680325121544,-0.14726736671510088,0.22489178023391274,0.13192604325139115,0.04285943040845922,0.053518913285648985,0.022186943642204728,-0.06293493081435238,0.3078571777775899,-0.27835867766469596,0.05264675240691486,0.0040999736980919955,0.034688241467735866,-0.024238994935023468,-0.08920210491508253,0.23292098450132306,0.07257017238379995,-0.08880897296905556,0.08132310418172843,0.08924578324397037,-0.06220504497983674,0.026956879087743545,0.0047041290496223406
0.11315947237831205,-0.02658610218853898,0.352629679914685,0.30545227176604733,-0.017483850675163826,0.044662028671956656,0.08598907805576261,0.07477431106306473,0.026115488058212,-0.2562068324981054,0.3870766685592173,-0.14497562248900692,-0.6504698713706841,0.3677470187048276,0.23251382034598425,0.19857382330542908,0.15464958265014853,0.22530207310225375,0.12072935561306582,0.17860408033546243,0.041200882516032114,0.08668618821561326,0.09495019537346525,0.27670904510404204,0.1826556818523774,0.07363102131017006,0.022186943642204728,0.06213641389046183,-0.01099509678597099,0.31564639828453106,-0.15853071144754072,0.014518671971522987,0.061955882830882957,0.14584329549724703,0.2556785849536498,0.2309672481932699,0.16702444610529546,0.11620146942020233,-0.4246052552323259,-0.13607460005886796,0.5242079920892704,0.11061064279044241,-0.5239962202873668,0.37779195750919986
0.2860167465631715,-0.39532752090625956,0.008526387114677398,-0.38497657899061066,-0.10092510406933225,-0.35432718196198904,-0.2781056842445451,0.014809722935530997,0.33462823748557685,0.4768007805342862,-0.036107754289480855,0.1056682857684097,0.1134594789754125,0.1290345354521594,-0.09521915301465501,0.06330471698778319,0.10265924021497849,-0.09185212369250612,-0.2542803320356065,0.22687311449644407,0.11692626611644494,0.6805075064218725,0.3083934543414746,-0.13868054480943703,-0.06066489262977808,-0.03079119136028813,-0.06293493081435238,-0.01099509678597099,0.0995842265276487,-0.208730479213883,0.35430078506388035,-0.10410794484721039,0.0843053857726812,0.04999319560536605,0.25595514955437454,0.3579550330879394,-0.19585318391531595,-0.1530638444441809,-0.15636591512383677,-0.2732158631885907,0.2943463499578633,0.22732208911158824,-0.5254149374313208,0.2633139642986323
0.5565105767684694,0.09639496158745506,3.1668717638173693,2.5421888083533504,-0.19466382328056137,0.21491387289127234,0.9079395851894146,0.10988138273665723,-0.10657997903405528,-2.585793733731299,2.6513714293548105,-1.6513140507427537,-5.1835572617851176,2.9440237098498043,1.6377001822945538,1.4920868693467206,0.8743099060782002,2.057741568402802,1.115785093231482,0.9857211551812304,0.17925717137667943,0.039699336394566104,0.20030446561729853,2.3719234068086283,1.534225403501695,0.4864161020539544,0.3078571777775899,0.31564639828453106,-0.208730479213883,3.01018026950818,-1.571540901283364,0.03952021931008735,0.6148725708943181,0.9453353325760272,1.674546648930797,1.412222289053795,1.951163605267867,0.20818982207567824,-2.7282317488507903,-0.8231501095428851,3.717458142695602,0.7631833264122294,-3.6531037452798474,2.2746785623896
0.6453347963654434,-1.2011738774729528,-0.9714361843133664,-1.991930483191407,-0.2513255234308288,-1.167868912584087,-1.1172537314750888,-0.05085941144970934,1.0160231995185225,2.2406718091650193,-1.0356515300138223,0.8026700982888078,2.0502657512023776,-0.5731068619690739,-0.8572529600818891,-0.31043191324436187,-0.014876067337856005,-0.9251531424817389,-1.1251462636670357,0.31708290021146573,0.27575435160517453,1.9869861710180567,0.8079570192409798,-1.1841778160967837,-0.6841172456707546,-0.26184143594573267,-0.27835867766469596,-0.15853071144754072,0.35430078506388035,-1.571540901283364,1.5577685653411655,-0.3425380179846,0.06286375672833312,-0.18981006369964978,0.19075613810334033,0.5742569910672322,-1.16275632127669,-0.6186174265407562,0.4998154090158546,-0.5250915146916348,-0.37958711031524,0.42731796240182124,-0.3368959378195546,-0.030893090564071513
-0.38444316880049473,0.5018670068463994,-0.25948171626719235,0.34125604286038586,0.1593593736025862,0.48632024621388537,0.29270777624759164,0.030334079381644674,-0.413406384911465,-0.4244946853583744,-0.07096607210546135,0.025205520624793736,0.18433658033714798,-0.36991204964340463,0.05206433068430811,-0.17010692057848004,-0.16092921579280806,-0.03906127924498588,0.2598888854087355,-0.32715642575933407,-0.14824715639485886,-0.8628694356296108,-0.3716534047481658,0.01808132012006382,-0.020407477392102653,0.015641761400114022,0.05264675240691486,0.014518671971522987,-0.10410794484721039,0.03952021931008735,-0.3425380179846,0.15303360118207285,-0.15920486960263316,-0.09796344864561751,-0.42537057949811613,-0.5297041934405947,0.06709228094887493,0.2741913436704266,0.3157718360666068,0.3875898050671624,-0.5944013813797034,-0.345295812919448,0.895451589143145,-0.42875418072954213
0.5895526770439894,-0.5695084279399961,0.9939866750722812,0.16275888875057162,-0.22241823413408487,-0.5079696736596598,-0.14833522336877722,0.01470200402774693,0.4699066340520923,-0.06818137345653165,0.7008866477693515,-0.37035095695682463,-1.3743924728778136,1.0879173236461697,0.3221155948477704,0.5398365482932417,0.3934035687488504,0.49408892233624585,-0.054270857313497955,0.6167218931231515,0.22596587118868872,1.0320997531942415,0.49998114493808765,0.5062263329739686,0.3707617846800785,0.08836280311615104,0.0040999736980919955,0.061955882830882957,0.0843053857726812,0.6148725708943181,0.06286375672833312,-0.15920486960263316,0.3282300672840745,0.3437291614458647,0.8753206986080186,0.9529208049130737,0.3284474887142839,-0.24108689888946308,-1.0089779513947743,-0.6567790000118345,1.5399336862143849,0.5783816570241181,-1.8812706960473389,1.0349199984644388
0.6302496229094953,-0.48172268684578395,1.2935376589127607,0.5908535230337493,-0.19604013993402783,-0.3169244038440165,0.014232583407632806,0.13462562201352957,0.40510739220536557,-0.43509942134705043,1.1371405664279037,-0.49649009247168313,-2.048377862468182,1.3950525739489354,0.6066717004391924,0.7186158803025908,0.5443109144484143,0.7185944797502835,0.14089311540160662,0.7530283081652432,0.23856820646134233,0.933054885903046,0.5377213532153345,0.8082252276022421,0.562365700365976,0.1823587422237459,0.034688241467735866,0.14584329549724703,0.04999319560536605,0.9453353325760272,-0.18981006369964978,-0.09796344864561751,0.3437291614458647,0.4908301367835754,1.067647505829241,1.0900581698240903,0.4959492276143103,0.00685393414485952,-1.4342637461866132,-0.7151831285713766,1.9895028711629326,0.6133611158895512,-2.2505705479014897,1.3835669465017233
1.7878015957756177,-1.7007119253207696,2.8072094659730187,0.5691908620699101,-0.6163477480882747,-1.350236816882842,-0.4376152965312689,0.21870238360493516,1.4141858106890408,-0.12143093748807643,2.2432223303543277,-0.9532948768398061,-4.109926555533482,3.1814053237568327,1.0525485433752624,1.6066475559034759,1.2861464974309416,1.3919777619256737,-0.1534353330181906,1.936647841232148,0.6760330186704981,3.1241375453041362,1.6069534674495454,1.4702868093092518,1.071020368417583,0.32562383080191254,-0.024238994935023468,0.2556785849536498,0.25595514955437454,1.674546648930797,0.19075613810334033,-0.42537057949811613,0.8753206986080186,1.067647505829241,2.680535084888634,2.876629232738048,0.8001139788639544,-0.38849384683730004,-3.1921907087420807,-1.9408888539108309,4.662157213197898,1.6890885471660033,-5.620410263078972,3.2852615881709095
2.0485115729438843,-2.083061485305439,2.7491727630418987,0.12425549861445995,-0.7115925649734616,-1.7119928313441328,-0.7296997435647408,0.21593135716801423,1.7384284951102051,0.39645010808689546,2.1298279575989443,-0.8197977715533141,-3.867068755362349,3.236683149640397,0.9127804652793952,1.6317058360564092,1.351967023296714,1.2576920899169677,-0.426735810459736,2.122313628534901,0.7864620073730023,3.7762964460376973,1.8899144667721623,1.2803828695360564,0.977847667222189,0.27658847515011886,-0.08920210491508253,0.2309672481932699,0.3579550330879394,1.412222289053795,0.5742569910672322,-0.5297041934405947,0.9529208049130737,1.0900581698240903,2.876629232738048,3.1855337351191393,0.5756757896856978,-0.5699470452180653,-3.2592012577342513,-2.1891534447552496,4.845307055093194,1.8934729943172801,-6.034913543837001,3.463649354735074
0.1226649100598572,0.3125365714698465,1.909484546860688,1.7238586104833682,-0.06889161184073697,0.2993500058834598,0.7174895213414949,-0.011957016304195442,-0.28852998493739795,-1.8554315649984088,1.5185350856199529,-1.1015583678088097,-3.114365447364249,1.665084377976417,0.9839541880188226,0.829677784251781,0.4112693210525063,1.29818598812827,0.8150378312062575,0.3971204440510755,0.01815111056292573,-0.43532498222911964,-0.126801490314144,1.4939561370830026,0.9446766750758872,0.29185212816621775,0.23292098450132306,0.16702444610529546,-0.19585318391531595,1.951163605267867,-1.16275632127669,0.06709228094887493,0.3284474887142839,0.4959492276143103,0.8001139788639544,0.5756757896856978,1.3428897885217836,0.10700598065378313,-1.429415199947185,-0.2950331127759413,1.965730620957617,0.30842534376556724,-1.7921129937013323,1.0959153630728973
-0.4521162152215851,0.7187601055593591,-0.20896957933695545,0.786377826989213,0.25474710918425225,0.8570750658224996,0.4970708932335009,0.22082793476602788,-0.5770841197354512,-0.773506257320828,0.3034295326197637,0.030819541506396805,-0.2422086435982358,-0.297227396735655,0.32381117160957534,-0.0921516799853721,-0.04692021296652241,0.06402623305983393,0.48468058701069267,-0.27932678239704406,-0.17585883784812775,-1.1729505391994692,-0.39553377495012954,0.21943050796518457,0.09650221024563858,0.11382439942675726,0.07257017238379995,0.11620146942020233,-0.1530638444441809,0.20818982207567824,-0.6186174265407562,0.2741913436704266,-0.24108689888946308,0.00685393414485952,-0.38849384683730004,-0.5699470452180653,0.10700598065378313,0.7074727767124693,0.009643929196143368,0.461618069683772,-0.42028988202050294,-0.4414702972505159,0.8968665481297404,-0.20906724486227715
-1.8954310530701688,1.4901814359296162,-3.8039150163598023,-1.674631921594186,0.5986431751149514,0.9993059690321665,0.002588109902842572,-0.38989823889947545,-1.246317807627461,1.1872707075784446,-3.3217518957354257,1.4507735806377118,5.993594506052026,-4.119655179466924,-1.754117535365709,-2.1153884876095166,-1.6222352176977775,-2.0950846623094197,-0.3636406163404567,-2.2543049391149177,-0.7105853884024267,-2.870650981019163,-1.6324422641568779,-2.344766387048345,-1.6297967440385748,-0.5388018218324578,-0.08880897296905556,-0.4246052552323259,-0.15636591512383677,-2.7282317488507903,0.4998154090158546,0.3157718360666068,-1.0089779513947743,-1.4342637461866132,-3.1921907087420807,-3.2592012577342513,-1.429415199947185,0.009643929196143368,4.231745260825487,2.132554920864817,-5.895567929649706,-1.8407982534379541,6.699505971568227,-4.112953528889032
-1.432351467464068,1.5039218455958596,-1.771291077779979,0.10134838591227233,0.502317822789919,1.264662688720695,0.5903698499383347,-0.1294843238977949,-1.2569330538001409,-0.45741497267640446,-1.329588292367465,0.4877412422003541,2.414340174077811,-2.1275633527744153,-0.5326263348871378,-1.0701347035103053,-0.8970760201692932,-0.7682059539411205,0.3856445961074445,-1.4457015933090123,-0.5550399921876237,-2.7072464791516024,-1.3326651384061907,-0.7588400236542914,-0.6008576715111265,-0.15571971682801514,0.08132310418172843,-0.13607460005886796,-0.2732158631885907,-0.8231501095428851,-0.5250915146916348,0.3875898050671624,-0.6567790000118345,-0.7151831285713766,-1.9408888539108309,-2.1891534447552496,-0.2950331127759413,0.461618069683772,2.132554920864817,1.5221369897254737,-3.2148258911786662,-1.3128776561846498,4.083044957093882,-2.307994113914429
2.878390935530544,-2.4601593125134267,5.444001205239205,1.9251259254278337,-0.9776133623914603,-1.8640347099777028,-0.26128847956958096,0.4065109288075154,2.0406811114960126,-1.262297178446324,4.462013533123081,-2.0664868185046528,-8.24950040375933,5.9198303027341055,2.267531140808302,3.0017711150877955,2.2821691184469373,2.9048066714556913,0.2520111559334442,3.286653640482143,1.079261099316475,4.62233260404791,2.4741100186937466,3.165146461437794,2.226640650535772,0.6913093618950836,0.08924578324397037,0.5242079920892704,0.2943463499578633,3.717458142695602,-0.37958711031524,-0.5944013813797034,1.5399336862143849,1.9895028711629326,4.662157213197898,4.845307055093194,1.965730620957617,-0.42028988202050294,-5.895567929649706,-3.2148258911786662,8.45258889848816,2.8056945414908165,-9.828374737337873,5.837023357812616
1.2318970399424218,-1.29607129903479,1.58840024472665,-0.06109569901396465,-0.4444851592618154,-1.110734624942791,-0.4945708087418988,0.08420002039497042,1.0775003893019328,0.3522804455239984,1.1509771211663804,-0.4691049297863104,-2.143064949289509,1.8776601766391439,0.4607999358097646,0.9367363410518028,0.7709691893560728,0.6998685018341504,-0.3217979932908479,1.2445884703836578,0.47313174011144865,2.3281254472843984,1.132513939654033,0.6866601741420794,0.5358373526632221,0.13699101203849073,-0.06220504497983674,0.11061064279044241,0.22732208911158824,0.7631833264122294,0.42731796240182124,-0.345295812919448,0.5783816570241181,0.6133611158895512,1.6890885471660033,1.8934729943172801,0.30842534376556724,-0.4414702972505159,-1.8407982534379541,-1.3128776561846498,2.8056945414908165,1.1432895975262176,-3.557396871631083,1.9899418176556611
-3.736479409950543,3.5334409111556697,-6.01280820672529,-1.257022261780667,1.3024116285622305,2.8495965955411893,0.8776005447895239,-0.41054452612306847,-2.93556609819213,0.380059436427798,-4.7313449861147685,2.0891419659102564,8.753786570720361,-6.755597044716189,-2.2311775257918978,-3.405760460768403,-2.676277488861845,-3.001144582567352,0.27605890883312656,-4.040436193490802,-1.4171331265271585,-6.489228993533819,-3.3190880991519296,-3.166320392019915,-2.3023052205615597,-0.6754743478060665,0.026956879087743545,-0.5239962202873668,-0.5254149374313208,-3.6531037452798474,-0.3368959378195546,0.895451589143145,-1.8812706960473389,-2.2505705479014897,-5.620410263078972,-6.034913543837001,-1.7921129937013323,0.8968665481297404,6.699505971568227,4.083044957093882,-9.828374737337873,-3.557396871631083,11.840146986214325,-6.867778641864401
2.1084368353079657,-1.8750789981594194,3.5494866116958548,1.0826223425556278,-0.6851714796570871,-1.3729279530734444,-0.3431065980906193,0.37053187777429314,1.5686834540378156,-0.5133896785818269,3.029233097847201,-1.2286878906418115,-5.425680711424008,3.9869147825468314,1.5026759515149206,2.038817270824076,1.6332297236880342,1.8357046911937982,0.020673090948997372,2.3718451150833575,0.7974853974766529,3.508906251178824,1.892145526060628,2.0052221099709264,1.4336959431086354,0.4658410042987396,0.0047041290496223406,0.37779195750919986,0.2633139642986323,2.2746785623896,-0.030893090564071513,-0.42875418072954213,1.0349199984644388,1.3835669465017233,3.2852615881709095,3.463649354735074,1.0959153630728973,-0.20906724486227715,-4.112953528889032,-2.307994113914429,5.837023357812616,1.9899418176556611,-6.867778641864401,4.140623387451613
