V1,V2,V3,V4,V5,V6,V7,V8,V9,V10,V11,V12,V13,V14,V15,V16,V17,V18,V19,V20,V21,V22,V23,V24,V25,V26,V27,V28,V29,V30,V31,V32,V33,V34,V35,V36,V37,V38,V39,V40,V41,V42,V43,V44
3.479530868369422,-2.642222602818124,7.7082630614859715,3.525829744605906,-1.166219404128251,-1.921687955811859,0.2200215654316025,0.5128228356535071,2.1722719534923396,-2.8419615567437333,6.372818700694484,-3.1669517202522064,-11.938745231358151,8.144005684597508,3.4186755614342315,4.126506291963752,2.9906065135660977,4.3355681300413496,0.9203811775322985,4.145916970383583,1.2856083039389974,5.09336458273494,2.8207466370668337,4.7946804740649185,3.305791985075909,1.011690364709715,0.28142604775555913,0.7527847755849345,0.2146052005351508,5.769183280805156,-1.2942906402393108,-0.6127397460338767,2.03888002173503,2.7212191159905075,6.027269281515587,6.09980386214069,3.2446491166352533,-0.3343489177482419,-7.9919635739727015,-3.999226731550839,11.349968266855845,3.5151502100855945,-12.823639159166186,7.67876351846842
-2.642222602818124,2.3151632710382097,-5.949223321839712,-2.0771603410345345,1.1032980371163854,2.081572614636126,0.10831837935118294,0.07674618518045992,-1.8587588539585407,1.8102535740376862,-4.149200454519174,2.679862301776109,8.573712932285627,-6.168509896240653,-2.112959804179373,-2.9888616692994856,-2.0115550881477477,-3.287647778190495,-0.37235041149542913,-2.946995960442889,-0.9407090902989789,-4.1159211939449545,-2.011129276073305,-3.4191252766555187,-2.39910682858665,-0.6150220428946813,-0.21889623971320044,-0.36938870485215763,-0.19909887978198332,-4.335400669160462,0.7227582814236496,0.7011281179249778,-1.7067484465535216,-1.875846226100818,-4.502048076452301,-4.557507520734022,-2.6730901720983256,1.1917732123246443,5.442727972980366,3.0307368663952374,-8.32149388923055,-2.764525602873101,9.675395630476173,-5.319807200519557
7.7082630614859715,-5.949223321839712,18.542840817552083,7.999390245585503,-2.889450458180993,-4.968756913457061,0.6315230256158734,0.4171367143086852,4.835778478999789,-6.9089731991055086,14.045556520266981,-8.050849410919685,-27.430685776392774,18.918678938483183,7.397452855043207,9.454684540758503,6.424463429564324,10.31071571306006,2.024811180964976,9.163466681401383,2.8468522562368124,11.379780434984458,5.962745516191187,11.190192394657453,7.650029177785497,2.246436882174548,0.7456826246180592,1.4523734251209564,0.34186117508957115,13.835817797003658,-3.1058925514184628,-1.7056117490415956,4.9377886858387905,5.919985474460686,13.65797904631981,13.792252657556137,8.253984413697887,-2.0285794113736264,-17.572622413794342,-9.047791577717806,25.69032682598959,8.110031582835155,-29.233921826763417,16.765641973785577
3.525829744605906,-2.0771603410345345,7.999390245585503,5.292045890137941,-0.7990995638032998,-0.4930622448485627,0.8836277000380667,1.5050226975999783,1.8162976990530795,-3.91714587658164,8.264313508631927,-2.970740818420127,-13.931003080498693,8.711325718928439,4.667210383231044,4.614892432102845,3.7142836780311157,4.718995160223857,1.672218722627661,4.749415932624395,1.3028518397559758,4.493464198401166,3.1557536844858483,5.591433148556694,3.7912627684150246,1.5099329003356396,0.28278627541985835,1.2841134546403983,0.08068988113102131,6.300115583588959,-2.184744470032249,-0.15308914984566566,1.708858378544331,3.324160182723988,6.595598442167724,6.425335903020251,3.1356854613593677,1.7283692483322974,-9.80158385030368,-3.9936109231620645,12.634535364072235,3.340881477777362,-13.53265708912832,9.170516441825226
-1.166219404128251,1.1032980371163854,-2.889450458180993,-0.7990995638032998,0.6208548499663632,1.187241359361651,0.08228702654079613,0.22214953966331605,-0.8527459915402369,0.8533066992172013,-1.6732638508245419,1.4265757588264496,3.8693061784010685,-2.81195895527003,-0.8034586148088555,-1.340071075374928,-0.8134216341415177,-1.560700932426509,-0.12272152734680161,-1.2346010624986195,-0.4241791111489283,-1.858598883214951,-0.8095147069684713,-1.6025763714109824,-1.1077197933518017,-0.22032469028764354,-0.1094458676050278,-0.06039570324000519,-0.09452039478690517,-2.085946556084738,0.3158977065239532,0.41127815009252766,-0.881374075355661,-0.7592192888629115,-2.0207557472577617,-2.027142514750595,-1.412451420216731,0.9705689848059867,2.2439173424910863,1.377689961688298,-3.7161770325008474,-1.2801463907181645,4.4114944728681005,-2.215180628903422
-1.921687955811859,2.081572614636126,-4.968756913457061,-0.4930622448485627,1.187241359361651,2.889566837636792,0.38242175914054977,1.119271172323403,-1.5479828654425491,1.0459915910000532,-1.758567778655705,2.6271331846314996,5.535460280751218,-4.669377525373648,-0.6793213795701237,-2.0682049950899124,-0.8917683912502226,-2.573498952971467,0.13168092765209616,-1.7457582374292202,-0.6826852474428672,-3.515901648492343,-1.0628841566929497,-2.334395431473638,-1.6251865622654424,-0.08574736684765832,-0.2647968563032352,0.2032292376638551,-0.15538219287690877,-3.4746884103738376,0.09011559512659806,0.9776518868653608,-1.7182433012271334,-0.9063878035094378,-3.0465879625346393,-3.29533906322209,-2.6605548398974137,2.93366293138088,2.730958250619899,2.3652655999127723,-5.597653156954147,-2.3777040017581075,7.119759222587702,-2.813964580849874
0.2200215654316025,0.10831837935118294,0.6315230256158734,0.8836277000380667,0.08228702654079613,0.38242175914054977,0.31995932384277276,0.3746198855866201,-0.0687203339928271,-0.6447108533828709,1.0821502153045346,-0.11808643980100904,-1.4535273221603067,0.70197524216024,0.6768757627943447,0.4534943573601145,0.43403389992958336,0.4169398027452857,0.39265261633785253,0.4642385899977153,0.09895068605760735,0.09745184363593659,0.25804491062971996,0.6289329289020541,0.37864371933493546,0.2270790131274177,0.03674321378982261,0.2185535888064298,-0.04856426436962415,0.597675101045909,-0.40993601698163207,0.13593463284286814,0.02410442850068025,0.3449861099828121,0.531784046383409,0.49880787608580723,0.1995702762191826,0.710594081500121,-1.1241548400301218,-0.2700966809817784,1.1487071205474186,0.18068037778787602,-1.0381799827197857,0.990940642592147
0.5128228356535071,0.07674618518045992,0.4171367143086852,1.5050226975999783,0.22214953966331605,1.119271172323403,0.3746198855866201,1.2487978711557044,0.04505500368821959,-0.7096987951778131,2.228417782467022,0.3178378032534903,-2.3782360308001547,0.8559098835118004,1.3971924682121728,0.7168044238735984,1.0424909426575288,0.37317248885449705,0.6212477125232879,0.9985376308161699,0.23824347807053894,0.21486981262897556,0.8300429431862989,0.8991367779076114,0.5873713464284066,0.47494174188265054,-0.07649416686123277,0.5595706206072174,0.04375369337037125,0.45424804359472826,-0.6004555934544773,0.42261706615010414,-0.16844551923951268,0.8151460364359457,1.0556709179910677,0.9046863402698753,-0.3224824051736932,2.1030429208743002,-2.409577688332021,-0.4648718319441862,2.074475916283624,0.13865484694228725,-1.756224884452667,2.220508795762293
2.1722719534923396,-1.8587588539585407,4.835778478999789,1.8162976990530795,-0.8527459915402369,-1.5479828654425491,-0.0687203339928271,0.04505500368821959,1.538227483353905,-1.4874145802622067,3.5605439913115005,-2.1259376393795493,-7.113068964029632,5.070182667197568,1.8228555547761776,2.4732913394553804,1.70446868841832,2.6777086083080563,0.31264647717206495,2.4835208294027207,0.7760259610049149,3.33170310546073,1.711663386914051,2.7994247532613863,1.9808442692571488,0.5615151332493533,0.1615057719969892,0.369794548467594,0.15874002116574093,3.5210498749871353,-0.6187568501295143,-0.533616452908288,1.3512658758614426,1.610813741402549,3.733503188650867,3.769533813477242,2.0940741926974034,-0.7425594400554165,-4.620694492650787,-2.478284877700133,6.880361445172312,2.231002504829683,-7.932875477133232,4.471196760650571
-2.8419615567437333,1.8102535740376862,-6.9089731991055086,-3.91714587658164,0.8533066992172013,1.0459915910000532,-0.6447108533828709,-0.7096987951778131,-1.4874145802622067,3.2815275427882096,-6.167205207617711,2.838389618069387,11.201311690965808,-7.220680753607577,-3.4567115685535827,-3.7418104192327206,-2.7467922924374366,-4.024054662941904,-1.2994044434968888,-3.609954078556422,-1.0591559081688522,-3.7506637155774882,-2.2896186586327363,-4.627114906282847,-3.119488823079867,-1.0197073062431625,-0.31775900104633875,-0.792965755725888,-0.07427758057932832,-5.467102779814318,1.6986552477320116,0.314707913143658,-1.676896171701119,-2.50130349636382,-5.226036480184491,-5.1682814575812195,-3.043940659042329,-0.34869519202356475,7.398078025469761,3.3277901145568,-10.132481246481877,-2.885421493836482,11.09292357694622,-6.960286453680959
6.372818700694484,-4.149200454519174,14.045556520266981,8.264313508631927,-1.6732638508245419,-1.758567778655705,1.0821502153045346,2.228417782467022,3.5605439913115005,-6.167205207617711,13.711238215546931,-5.3018785324273665,-23.641446428213175,15.148251302249006,7.604854725021762,7.977223941982692,6.277247008814975,8.100013306393443,2.4692192352040094,8.218272814611307,2.3974921529718554,8.559457874758543,5.5939846124932195,9.481214992987292,6.467238800577315,2.396897738776379,0.45100964711609515,1.9834531673856202,0.2850902436852388,10.787258025619652,-3.239434724986033,-0.543353465640694,3.2711951644980313,5.6211779000677335,11.526190073564791,11.40484621949036,5.48491303387778,1.9404617919340206,-16.55362976182929,-7.24736734933639,21.88378047045263,6.096862766977113,-23.892793773789446,15.636638968977762
-3.1669517202522064,2.679862301776109,-8.050849410919685,-2.970740818420127,1.4265757588264496,2.6271331846314996,-0.11808643980100904,0.3178378032534903,-2.1259376393795493,2.838389618069387,-5.3018785324273665,3.8037926882358652,11.298815526692643,-8.016037959458075,-2.7033329618211703,-3.8699680239423477,-2.432060616985969,-4.457099488086929,-0.6560895775922703,-3.594747215360205,-1.129734134870849,-4.800480652746003,-2.2632524909112495,-4.642728685743897,-3.1955169371332652,-0.8073233564416648,-0.3553969947178083,-0.4026417532280176,-0.1431843205373282,-5.99207202942474,1.227689011205942,0.931245799489462,-2.252774412690489,-2.3033102788715634,-5.645228525258764,-5.656156071260322,-3.863663493724488,1.808063303658806,6.78542425626507,3.7486848563136936,-10.555397394853669,-3.467821668632453,12.213600765487309,-6.515568202032147
-11.938745231358151,8.573712932285627,-27.430685776392774,-13.931003080498693,3.8693061784010685,5.535460280751218,-1.4535273221603067,-2.3782360308001547,-7.113068964029632,11.201311690965808,-23.641446428213175,11.298815526692643,43.52961908054197,-28.8925047562875,-12.866619055302657,-14.760933736867791,-10.873434276320626,-15.654101213569788,-3.934331444647017,-14.708144249344299,-4.398958146641897,-16.746360316647717,-9.797122165453555,-17.589403410816633,-12.046148981684238,-3.932999388577795,-1.0295646792352984,-2.9647634964047223,-0.565923905394919,-20.913145340252722,5.55099752152057,1.8100600177613022,-6.904798598913379,-9.900767493938758,-21.384391336234167,-21.267542091954876,-11.649022353986377,-0.13231523573624498,29.08282064200959,13.73177306092559,-40.493791560746224,-11.970339985651787,45.06803235333048,-27.663958490518723
8.144005684597508,-6.168509896240653,18.918678938483183,8.711325718928439,-2.81195895527003,-4.669377525373648,0.70197524216024,0.8559098835118004,5.070182667197568,-7.220680753607577,15.148251302249006,-8.016037959458075,-28.8925047562875,19.814893730372656,8.120277514431562,9.912241132860942,6.973098702515224,10.699175443180158,2.2661137192862135,9.776436456016288,2.9543299224169735,11.874178679081217,6.443153678906484,11.638663979263407,8.021431689773522,2.4549685770534424,0.7720528754030337,1.7622891644347827,0.37930573545626756,14.286307580391094,-3.3632093979525233,-1.5552025467260906,4.944403172615766,6.459514883592062,14.37048828662078,14.470773274687236,8.267099823674704,-1.2040558762889937,-18.917328357560425,-9.42210692043975,27.13130126297605,8.40871678497528,-30.60996025615154,18.054394932684946
3.4186755614342315,-2.112959804179373,7.397452855043207,4.667210383231044,-0.8034586148088555,-0.6793213795701237,0.6768757627943447,1.3971924682121728,1.8228555547761776,-3.4567115685535827,7.604854725021762,-2.7033329618211703,-12.866619055302657,8.120277514431562,4.296673996054529,4.318649853219504,3.480100193439601,4.34623345644396,1.4904788208722042,4.46059558664006,1.2848686737292336,4.470016567006907,3.03538751530211,5.163571256109784,3.516540016454504,1.3202176681907454,0.25508023472164704,1.152458283351715,0.14933147751690595,5.7970572345265206,-1.8674027055866644,-0.16644709781521969,1.680821527502874,3.1126463435270284,6.185833678403459,6.105037602410675,2.8524100358081306,1.440963191754655,-9.11976322240576,-3.865835889732454,11.859940453331184,3.2233273133776175,-12.817568600973596,8.610157774478692
4.126506291963752,-2.9888616692994856,9.454684540758503,4.614892432102845,-1.340071075374928,-2.0682049950899124,0.4534943573601145,0.7168044238735984,2.4732913394553804,-3.7418104192327206,7.977223941982692,-3.8699680239423477,-14.760933736867791,9.912241132860942,4.318649853219504,5.067524366632101,3.671531856436796,5.344534744930476,1.2885040748769,5.040933599938211,1.5391747857003228,5.900415717881499,3.3551970881450512,5.979586304526502,4.084960899130202,1.3032543060192834,0.36090271974928334,0.9694903983269345,0.19781744451123498,7.150181145822072,-1.7828130937704842,-0.6705618441156909,2.4220565171896165,3.339719504025309,7.3018460415910695,7.346308548547352,4.000128390423198,-0.14579507148211174,-9.852917213285659,-4.776225026186835,13.823466802959489,4.180196874526502,-15.482065163958506,9.387947532658883
2.9906065135660977,-2.0115550881477477,6.424463429564324,3.7142836780311157,-0.8134216341415177,-0.8917683912502226,0.43403389992958336,1.0424909426575288,1.70446868841832,-2.7467922924374366,6.277247008814975,-2.432060616985969,-10.873434276320626,6.973098702515224,3.480100193439601,3.671531856436796,2.935549748140105,3.710720216005046,1.105111396725577,3.80972015411616,1.1165547287436461,4.066049232698075,2.628636877250905,4.350399860166921,2.965774629375887,1.0856112259160118,0.1958947975251547,0.8970317337744355,0.16223857669584038,4.913711663793091,-1.4448614550694643,-0.2683097326571431,1.5125180071653603,2.588838300044934,5.367166932859002,5.288578343044585,2.4986756480558756,0.8459293771920566,-7.637183932952478,-3.367507350567384,10.155353589489437,2.839850998364696,-11.110539282902186,7.278601748340629
4.3355681300413496,-3.287647778190495,10.31071571306006,4.718995160223857,-1.560700932426509,-2.573498952971467,0.4169398027452857,0.37317248885449705,2.6777086083080563,-4.024054662941904,8.100013306393443,-4.457099488086929,-15.654101213569788,10.699175443180158,4.34623345644396,5.344534744930476,3.710720216005046,5.845979475405478,1.269833096919158,5.188634469125121,1.5739702903686124,6.280559807612303,3.3691025938153345,6.358897071610465,4.3658449917230255,1.2983052740985725,0.4393259431063455,0.9007437849244992,0.1900181505417715,7.8348377847608255,-1.896074933910231,-0.8590570866526096,2.7106883226319938,3.4460596951975084,7.711279750921676,7.731119771717869,4.61256625271498,-0.8315768795468721,-10.09524868854661,-5.041884916004398,14.602905131980616,4.5150169705530505,-16.47270441455221,9.629862383820857
0.9203811775322985,-0.37235041149542913,2.024811180964976,1.672218722627661,-0.12272152734680161,0.13168092765209616,0.39265261633785253,0.6212477125232879,0.31264647717206495,-1.2994044434968888,2.4692192352040094,-0.6560895775922703,-3.934331444647017,2.2661137192862135,1.4904788208722042,1.2885040748769,1.105111396725577,1.269833096919158,0.7061410151442975,1.2857682648840136,0.3648856116893373,1.0187887300055507,0.8318726797298028,1.651358606421259,1.078529994956351,0.4095253082044251,0.10109348134073529,0.3989577181657733,0.01854659936369909,1.7444235736660563,-0.7540094562647175,0.10593481369527408,0.40781612825644925,0.9509737744538573,1.7152318756373273,1.6754183388434118,0.7894884142592646,0.8420069372713126,-2.8362222853603867,-1.0564431204932676,3.4840191573504304,0.8398623219300374,-3.594950737352879,2.6614316216400336
4.145916970383583,-2.946995960442889,9.163466681401383,4.749415932624395,-1.2346010624986195,-1.7457582374292202,0.4642385899977153,0.9985376308161699,2.4835208294027207,-3.609954078556422,8.218272814611307,-3.594747215360205,-14.708144249344299,9.776436456016288,4.46059558664006,5.040933599938211,3.80972015411616,5.188634469125121,1.2857682648840136,5.171885940741537,1.541890502716072,5.894597431076247,3.521339435245881,5.876177871809248,4.026699995938394,1.4042581722758785,0.30159490705302777,1.098575323189098,0.20631736939298068,6.88255520201927,-1.7665822281554353,-0.5742942659583498,2.2570382582063964,3.425553267874539,7.354589341466893,7.3684727426620515,3.6784095994734844,0.4223347829375813,-10.11644056524934,-4.733738456069548,13.840504595776961,4.087699951593329,-15.388574889809327,9.631158209624624
1.2856083039389974,-0.9407090902989789,2.8468522562368124,1.3028518397559758,-0.4241791111489283,-0.6826852474428672,0.09895068605760735,0.23824347807053894,0.7760259610049149,-1.0591559081688522,2.3974921529718554,-1.129734134870849,-4.398958146641897,2.9543299224169735,1.2848686737292336,1.5391747857003228,1.1165547287436461,1.5739702903686124,0.3648856116893373,1.541890502716072,0.5047091041270723,1.8683594218318684,1.056237165626968,1.7969472554934256,1.2224081461030751,0.37202877849943977,0.09408561247297985,0.273923484295712,0.08639073498381629,2.1128897078878413,-0.4686295765114172,-0.20978716987566715,0.7626097935201247,1.0013810343155989,2.213669017627998,2.2645347119776598,1.1586344414529373,-0.07811983644143328,-2.97698672126122,-1.5000908971136229,4.181548435110124,1.2881720324000738,-4.7267037460720704,2.852599021664777
5.09336458273494,-4.1159211939449545,11.379780434984458,4.493464198401166,-1.858598883214951,-3.515901648492343,0.09745184363593659,0.21486981262897556,3.33170310546073,-3.7506637155774882,8.559457874758543,-4.800480652746003,-16.746360316647717,11.874178679081217,4.470016567006907,5.900415717881499,4.066049232698075,6.280559807612303,1.0187887300055507,5.894597431076247,1.8683594218318684,7.877001053622965,3.98668492408325,6.718877664099543,4.631262198906932,1.3103491768853717,0.43312022365151087,0.8837520876670842,0.3155578403783149,8.333695460203014,-1.512998452839358,-1.1497539172482758,3.1365271147412663,3.7000993914078095,8.659991923132797,8.908842965776538,4.90577414444695,-1.4387162876188577,-10.977403828534399,-5.89501231003255,16.19646341608683,5.321466085231263,-18.632914856350023,10.640731306043357
2.8207466370668337,-2.011129276073305,5.962745516191187,3.1557536844858483,-0.8095147069684713,-1.0628841566929497,0.25804491062971996,0.8300429431862989,1.711663386914051,-2.2896186586327363,5.5939846124932195,-2.2632524909112495,-9.797122165453555,6.443153678906484,3.03538751530211,3.3551970881450512,2.628636877250905,3.3691025938153345,0.8318726797298028,3.521339435245881,1.056237165626968,3.98668492408325,2.4752462198804404,3.877145208239474,2.6712962883474174,0.9614973882254191,0.1582792022965817,0.7786561431381206,0.17642413590069272,4.438166524702684,-1.1322635377357049,-0.3409418039173284,1.4580828907671894,2.34040722337458,4.96485874981348,4.9593121250043195,2.275621195544485,0.5090352437744027,-6.89679816817473,-3.1832166749143944,9.286816638573418,2.701555610889826,-10.304506410132607,6.584233078799976
4.7946804740649185,-3.4191252766555187,11.190192394657453,5.591433148556694,-1.6025763714109824,-2.334395431473638,0.6289329289020541,0.8991367779076114,2.7994247532613863,-4.627114906282847,9.481214992987292,-4.642728685743897,-17.589403410816633,11.638663979263407,5.163571256109784,5.979586304526502,4.350399860166921,6.358897071610465,1.651358606421259,5.876177871809248,1.7969472554934256,6.718877664099543,3.877145208239474,7.195475556355731,4.886734748757456,1.53939385323624,0.4349252615429175,1.1290563620430356,0.22567688422292492,8.542101457307842,-2.266374134678382,-0.7484774283252875,2.855919379408364,3.9320444054291666,8.583636138986835,8.559014310161352,4.818517705865536,-0.13296737964625172,-11.638621377528494,-5.566667092332036,16.31787399123254,4.850426902235481,-18.20121014763131,11.083222605537062
3.305791985075909,-2.39910682858665,7.650029177785497,3.7912627684150246,-1.1077197933518017,-1.6251865622654424,0.37864371933493546,0.5873713464284066,1.9808442692571488,-3.119488823079867,6.467238800577315,-3.1955169371332652,-12.046148981684238,8.021431689773522,3.516540016454504,4.084960899130202,2.965774629375887,4.3658449917230255,1.078529994956351,4.026699995938394,1.2224081461030751,4.631262198906932,2.6712962883474174,4.886734748757456,3.355775372562993,1.0509355539422636,0.29811183843572747,0.7839303542382157,0.16828679146296813,5.853090360266322,-1.5289211916005456,-0.5237375490321902,1.9679445169621284,2.728607591636405,5.89792091516513,5.875921035591177,3.300767505171594,-0.12975134030394264,-7.971582089431312,-3.819640719893435,11.194877705973877,3.332892733564127,-12.497010288673119,7.583067294657271
1.011690364709715,-0.6150220428946813,2.246436882174548,1.5099329003356396,-0.22032469028764354,-0.08574736684765832,0.2270790131274177,0.47494174188265054,0.5615151332493533,-1.0197073062431625,2.396897738776379,-0.8073233564416648,-3.932999388577795,2.4549685770534424,1.3202176681907454,1.3032543060192834,1.0856112259160118,1.2983052740985725,0.4095253082044251,1.4042581722758785,0.37202877849943977,1.3103491768853717,0.9614973882254191,1.53939385323624,1.0509355539422636,0.47918693553800557,0.0479610487272957,0.39422161377944126,0.02156278132060605,1.7005205117340199,-0.5864460948447399,-0.055344329375992,0.4425770792791966,0.9597941923847609,1.9287704504271221,1.857561674054815,0.8034614170127793,0.5929943440429795,-2.8456169147093764,-1.1252136396383736,3.59546497176733,0.9248794676779775,-3.842237158869799,2.6521711868319944
0.28142604775555913,-0.21889623971320044,0.7456826246180592,0.28278627541985835,-0.1094458676050278,-0.2647968563032352,0.03674321378982261,-0.07649416686123277,0.1615057719969892,-0.31775900104633875,0.45100964711609515,-0.3553969947178083,-1.0295646792352984,0.7720528754030337,0.25508023472164704,0.36090271974928334,0.1958947975251547,0.4393259431063455,0.10109348134073529,0.30159490705302777,0.09408561247297985,0.43312022365151087,0.1582792022965817,0.4349252615429175,0.29811183843572747,0.0479610487272957,0.06364092582622441,0.029375253452066846,0.002044539295361096,0.6077089688926628,-0.13085744208343175,-0.07553900410309763,0.22136699426852846,0.20330210146688707,0.471209684669852,0.5017551748327129,0.40637649716654306,-0.20953718091431522,-0.5795093255411133,-0.3441662740193407,0.9533016117894215,0.3431523897345105,-1.1039124396419788,0.5582515470379403
0.7527847755849345,-0.36938870485215763,1.4523734251209564,1.2841134546403983,-0.06039570324000519,0.2032292376638551,0.2185535888064298,0.5595706206072174,0.369794548467594,-0.792965755725888,1.9834531673856202,-0.4026417532280176,-2.9647634964047223,1.7622891644347827,1.152458283351715,0.9694903983269345,0.8970317337744355,0.9007437849244992,0.3989577181657733,1.098575323189098,0.273923484295712,0.8837520876670842,0.7786561431381206,1.1290563620430356,0.7839303542382157,0.39422161377944126,0.029375253452066846,0.39303322863987994,0.019959000360548557,1.1703645937914473,-0.4943882229512668,0.07598381857779246,0.23486941030235245,0.8060412074549961,1.4165505605492201,1.3627311332717356,0.42282397663595417,0.8655442348646277,-2.3162588120075727,-0.8066614541336371,2.7042687493635276,0.625455781061224,-2.780958665286134,2.147714944544895
0.2146052005351508,-0.19909887978198332,0.34186117508957115,0.08068988113102131,-0.09452039478690517,-0.15538219287690877,-0.04856426436962415,0.04375369337037125,0.15874002116574093,-0.07427758057932832,0.2850902436852388,-0.1431843205373282,-0.565923905394919,0.37930573545626756,0.14933147751690595,0.19781744451123498,0.16223857669584038,0.1900181505417715,0.01854659936369909,0.20631736939298068,0.08639073498381629,0.3155578403783149,0.17642413590069272,0.22567688422292492,0.16828679146296813,0.02156278132060605,0.002044539295361096,0.019959000360548557,0.0500115994117835,0.2523247306948898,-0.016822759923792965,-0.03506589597016115,0.13122297003371935,0.14696817392685785,0.31719400218377647,0.32341763009441565,0.13241129826978504,-0.06869210967080813,-0.39551477379912786,-0.23723760000200333,0.5943334887358083,0.18950592437437525,-0.6970250443331074,0.40941984803517784
5.769183280805156,-4.335400669160462,13.835817797003658,6.300115583588959,-2.085946556084738,-3.4746884103738376,0.597675101045909,0.45424804359472826,3.5210498749871353,-5.467102779814318,10.787258025619652,-5.99207202942474,-20.913145340252722,14.286307580391094,5.7970572345265206,7.150181145822072,4.913711663793091,7.8348377847608255,1.7444235736660563,6.88255520201927,2.1128897078878413,8.333695460203014,4.438166524702684,8.542101457307842,5.853090360266322,1.7005205117340199,0.6077089688926628,1.1703645937914473,0.2523247306948898,10.549764286866136,-2.5490009139741527,-1.1461709054830878,3.668284685199996,4.575582044317022,10.237344609429961,10.303868185143687,6.234902618615538,-1.2062339926150132,-13.418367929713327,-6.753929913541911,19.464401833981196,6.042488117819322,-21.974613590343186,12.785486261420335
-1.2942906402393108,0.7227582814236496,-3.1058925514184628,-2.184744470032249,0.3158977065239532,0.09011559512659806,-0.40993601698163207,-0.6004555934544773,-0.6187568501295143,1.6986552477320116,-3.239434724986033,1.227689011205942,5.55099752152057,-3.3632093979525233,-1.8674027055866644,-1.7828130937704842,-1.4448614550694643,-1.896074933910231,-0.7540094562647175,-1.7665822281554353,-0.4686295765114172,-1.512998452839358,-1.1322635377357049,-2.266374134678382,-1.5289211916005456,-0.5864460948447399,-0.13085744208343175,-0.4943882229512668,-0.016822759923792965,-2.5490009139741527,1.007916518701543,0.020016602681015634,-0.64985817702145,-1.3028462793245152,-2.5237306200694762,-2.374695317487636,-1.3150849120934214,-0.6923153952352764,3.7940930374526647,1.4592466094800456,-4.900660423229285,-1.2183464083640887,5.165960058707498,-3.541300638899544
-0.6127397460338767,0.7011281179249778,-1.7056117490415956,-0.15308914984566566,0.41127815009252766,0.9776518868653608,0.13593463284286814,0.42261706615010414,-0.533616452908288,0.314707913143658,-0.543353465640694,0.931245799489462,1.8100600177613022,-1.5552025467260906,-0.16644709781521969,-0.6705618441156909,-0.2683097326571431,-0.8590570866526096,0.10593481369527408,-0.5742942659583498,-0.20978716987566715,-1.1497539172482758,-0.3409418039173284,-0.7484774283252875,-0.5237375490321902,-0.055344329375992,-0.07553900410309763,0.07598381857779246,-0.03506589597016115,-1.1461709054830878,0.020016602681015634,0.3670084481992497,-0.5603606561999158,-0.2763586813889438,-1.0280322918803382,-1.082798435960221,-0.9068536627845086,1.0384125825651147,0.8557078427041144,0.7558691277192998,-1.8120640352473543,-0.7707858110465408,2.3264299591758806,-0.8674849113592934
2.03888002173503,-1.7067484465535216,4.9377886858387905,1.708858378544331,-0.881374075355661,-1.7182433012271334,0.02410442850068025,-0.16844551923951268,1.3512658758614426,-1.676896171701119,3.2711951644980313,-2.252774412690489,-6.904798598913379,4.944403172615766,1.680821527502874,2.4220565171896165,1.5125180071653603,2.7106883226319938,0.40781612825644925,2.2570382582063964,0.7626097935201247,3.1365271147412663,1.4580828907671894,2.855919379408364,1.9679445169621284,0.4425770792791966,0.22136699426852846,0.23486941030235245,0.13122297003371935,3.668284685199996,-0.64985817702145,-0.5603606561999158,1.4545984770398315,1.4387861333803857,3.4770537116467066,3.58747632522989,2.3166392853813544,-1.1444315650897865,-4.220452775015475,-2.434322884878282,6.567016439457153,2.2207179122507936,-7.659135075927718,4.078052265084414
2.7212191159905075,-1.875846226100818,5.919985474460686,3.324160182723988,-0.7592192888629115,-0.9063878035094378,0.3449861099828121,0.8151460364359457,1.610813741402549,-2.50130349636382,5.6211779000677335,-2.3033102788715634,-9.900767493938758,6.459514883592062,3.1126463435270284,3.339719504025309,2.588838300044934,3.4460596951975084,0.9509737744538573,3.425553267874539,1.0013810343155989,3.7000993914078095,2.34040722337458,3.9320444054291666,2.728607591636405,0.9597941923847609,0.20330210146688707,0.8060412074549961,0.14696817392685785,4.575582044317022,-1.3028462793245152,-0.2763586813889438,1.4387861333803857,2.3897880655183408,4.862572296038924,4.815048556410913,2.3695883636531234,0.5781118739244121,-6.867234178688661,-3.0742987026001933,9.227372617282276,2.6138272519188406,-10.129197746371029,6.506015398726468
6.027269281515587,-4.502048076452301,13.65797904631981,6.595598442167724,-2.0207557472577617,-3.0465879625346393,0.531784046383409,1.0556709179910677,3.733503188650867,-5.226036480184491,11.526190073564791,-5.645228525258764,-21.384391336234167,14.37048828662078,6.185833678403459,7.3018460415910695,5.367166932859002,7.711279750921676,1.7152318756373273,7.354589341466893,2.213669017627998,8.659991923132797,4.96485874981348,8.583636138986835,5.89792091516513,1.9287704504271221,0.471209684669852,1.4165505605492201,0.31719400218377647,10.237344609429961,-2.5237306200694762,-1.0280322918803382,3.4770537116467066,4.862572296038924,10.718440929714548,10.680434298572358,5.735349834587749,-0.2368704672111061,-14.316590756717371,-6.901715522738128,20.102920999190992,6.041568486927586,-22.53185062655968,13.68072935505607
6.09980386214069,-4.557507520734022,13.792252657556137,6.425335903020251,-2.027142514750595,-3.29533906322209,0.49880787608580723,0.9046863402698753,3.769533813477242,-5.1682814575812195,11.40484621949036,-5.656156071260322,-21.267542091954876,14.470773274687236,6.105037602410675,7.346308548547352,5.288578343044585,7.731119771717869,1.6754183388434118,7.3684727426620515,2.2645347119776598,8.908842965776538,4.9593121250043195,8.559014310161352,5.875921035591177,1.857561674054815,0.5017551748327129,1.3627311332717356,0.32341763009441565,10.303868185143687,-2.374695317487636,-1.082798435960221,3.58747632522989,4.815048556410913,10.680434298572358,10.808398437120806,5.796541762360908,-0.49815898599133007,-14.215228663516186,-7.0481440521017635,20.103676557879663,6.195601125469169,-22.66671314693601,13.587452593822396
3.2446491166352533,-2.6730901720983256,8.253984413697887,3.1356854613593677,-1.412451420216731,-2.6605548398974137,0.1995702762191826,-0.3224824051736932,2.0940741926974034,-3.043940659042329,5.48491303387778,-3.863663493724488,-11.649022353986377,8.267099823674704,2.8524100358081306,4.000128390423198,2.4986756480558756,4.61256625271498,0.7894884142592646,3.6784095994734844,1.1586344414529373,4.90577414444695,2.275621195544485,4.818517705865536,3.300767505171594,0.8034614170127793,0.40637649716654306,0.42282397663595417,0.13241129826978504,6.234902618615538,-1.3150849120934214,-0.9068536627845086,2.3166392853813544,2.3695883636531234,5.735349834587749,5.796541762360908,4.010416934524061,-1.7909223996975845,-6.990062919309354,-3.8602308278148127,10.862048052099187,3.5901002346133963,-12.536955302299313,6.715419217347817
-0.3343489177482419,1.1917732123246443,-2.0285794113736264,1.7283692483322974,0.9705689848059867,2.93366293138088,0.710594081500121,2.1030429208743002,-0.7425594400554165,-0.34869519202356475,1.9404617919340206,1.808063303658806,-0.13231523573624498,-1.2040558762889937,1.440963191754655,-0.14579507148211174,0.8459293771920566,-0.8315768795468721,0.8420069372713126,0.4223347829375813,-0.07811983644143328,-1.4387162876188577,0.5090352437744027,-0.13296737964625172,-0.12975134030394264,0.5929943440429795,-0.20953718091431522,0.8655442348646277,-0.06869210967080813,-1.2062339926150132,-0.6923153952352764,1.0384125825651147,-1.1444315650897865,0.5781118739244121,-0.2368704672111061,-0.49815898599133007,-1.7909223996975845,4.274885116605694,-1.6824891839107556,0.6310180011002798,-0.24358306230712343,-0.9960344090570519,1.444984305207855,1.3724363296669173
-7.9919635739727015,5.442727972980366,-17.572622413794342,-9.80158385030368,2.2439173424910863,2.730958250619899,-1.1241548400301218,-2.409577688332021,-4.620694492650787,7.398078025469761,-16.55362976182929,6.78542425626507,29.08282064200959,-18.917328357560425,-9.11976322240576,-9.852917213285659,-7.637183932952478,-10.09524868854661,-2.8362222853603867,-10.11644056524934,-2.97698672126122,-10.977403828534399,-6.89679816817473,-11.638621377528494,-7.971582089431312,-2.8456169147093764,-0.5795093255411133,-2.3162588120075727,-0.39551477379912786,-13.418367929713327,3.7940930374526647,0.8557078427041144,-4.220452775015475,-6.867234178688661,-14.316590756717371,-14.215228663516186,-6.990062919309354,-1.6824891839107556,20.176781749617742,9.084990724029879,-27.109307855238953,-7.735840262805658,29.820215964378768,-19.143905734037954
-3.999226731550839,3.0307368663952374,-9.047791577717806,-3.9936109231620645,1.377689961688298,2.3652655999127723,-0.2700966809817784,-0.4648718319441862,-2.478284877700133,3.3277901145568,-7.24736734933639,3.7486848563136936,13.73177306092559,-9.42210692043975,-3.865835889732454,-4.776225026186835,-3.367507350567384,-5.041884916004398,-1.0564431204932676,-4.733738456069548,-1.5000908971136229,-5.89501231003255,-3.1832166749143944,-5.566667092332036,-3.819640719893435,-1.1252136396383736,-0.3441662740193407,-0.8066614541336371,-0.23723760000200333,-6.753929913541911,1.4592466094800456,0.7558691277192998,-2.434322884878282,-3.0742987026001933,-6.901715522738128,-7.0481440521017635,-3.8602308278148127,0.6310180011002798,9.084990724029879,4.659139305216076,-13.032927655593951,-4.103597718075688,14.802596269580098,-8.712917675327239
11.349968266855845,-8.32149388923055,25.69032682598959,12.634535364072235,-3.7161770325008474,-5.597653156954147,1.1487071205474186,2.074475916283624,6.880361445172312,-10.132481246481877,21.88378047045263,-10.555397394853669,-40.493791560746224,27.13130126297605,11.859940453331184,13.823466802959489,10.155353589489437,14.602905131980616,3.4840191573504304,13.840504595776961,4.181548435110124,16.19646341608683,9.286816638573418,16.31787399123254,11.194877705973877,3.59546497176733,0.9533016117894215,2.7042687493635276,0.5943334887358083,19.464401833981196,-4.900660423229285,-1.8120640352473543,6.567016439457153,9.227372617282276,20.102920999190992,20.103676557879663,10.862048052099187,-0.24358306230712343,-27.109307855238953,-13.032927655593951,37.99165604418658,11.402072423886928,-42.47511309838704,25.895968052084214
3.5151502100855945,-2.764525602873101,8.110031582835155,3.340881477777362,-1.2801463907181645,-2.3777040017581075,0.18068037778787602,0.13865484694228725,2.231002504829683,-2.885421493836482,6.096862766977113,-3.467821668632453,-11.970339985651787,8.40871678497528,3.2233273133776175,4.180196874526502,2.839850998364696,4.5150169705530505,0.8398623219300374,4.087699951593329,1.2881720324000738,5.321466085231263,2.701555610889826,4.850426902235481,3.332892733564127,0.9248794676779775,0.3431523897345105,0.625455781061224,0.18950592437437525,6.042488117819322,-1.2183464083640887,-0.7707858110465408,2.2207179122507936,2.6138272519188406,6.041568486927586,6.195601125469169,3.5901002346133963,-0.9960344090570519,-7.735840262805658,-4.103597718075688,11.402072423886928,3.70971359007947,-13.058205522053157,7.449573058951421
-12.823639159166186,9.675395630476173,-29.233921826763417,-13.53265708912832,4.4114944728681005,7.119759222587702,-1.0381799827197857,-1.756224884452667,-7.932875477133232,11.09292357694622,-23.892793773789446,12.213600765487309,45.06803235333048,-30.60996025615154,-12.817568600973596,-15.482065163958506,-11.110539282902186,-16.47270441455221,-3.594950737352879,-15.388574889809327,-4.7267037460720704,-18.632914856350023,-10.304506410132607,-18.20121014763131,-12.497010288673119,-3.842237158869799,-1.1039124396419788,-2.780958665286134,-0.6970250443331074,-21.974613590343186,5.165960058707498,2.3264299591758806,-7.659135075927718,-10.129197746371029,-22.53185062655968,-22.66671314693601,-12.536955302299313,1.444984305207855,29.820215964378768,14.802596269580098,-42.47511309838704,-13.058205522053157,47.889374245732085,-28.56038523324755
7.67876351846842,-5.319807200519557,16.765641973785577,9.170516441825226,-2.215180628903422,-2.813964580849874,0.990940642592147,2.220508795762293,4.471196760650571,-6.960286453680959,15.636638968977762,-6.515568202032147,-27.663958490518723,18.054394932684946,8.610157774478692,9.387947532658883,7.278601748340629,9.629862383820857,2.6614316216400336,9.631158209624624,2.852599021664777,10.640731306043357,6.584233078799976,11.083222605537062,7.583067294657271,2.6521711868319944,0.5582515470379403,2.147714944544895,0.40941984803517784,12.785486261420335,-3.541300638899544,-0.8674849113592934,4.078052265084414,6.506015398726468,13.68072935505607,13.587452593822396,6.715419217347817,1.3724363296669173,-19.143905734037954,-8.712917675327239,25.895968052084214,7.449573058951421,-28.56038523324755,18.248206581996826
