V1,V2,V3,V4,V5,V6,V7,V8,V9,V10,V11,V12,V13,V14,V15,V16,V17,V18,V19,V20,V21,V22,V23,V24,V25,V26,V27,V28,V29,V30,V31,V32,V33,V34,V35,V36,V37,V38,V39,V40,V41,V42,V43,V44
0.516549792283086,-0.4961061465429658,0.15723958406105862,0.06729715050832097,-0.520440887331879,0.31605704827307524,-0.45151267590017746,-0.2903782338578585,-0.40610618212745647,-0.9744217910254939,-0.48184393789790925,-0.29950655514018915,-0.629467814563753,-0.6198340349382342,-0.5480361101034887,-0.7015546962386785,0.5707900419188381,-0.8226036227954745,0.5831277412776801,-0.608700733097765,1.0263920377466715,0.23611990113373613,-0.2691353048795412,-0.2579604111166493,-0.21185618695831474,0.12354901751312646,-0.05236751840839933,-0.30608231049656454,0.6906434169565916,-0.4846537493494816,0.17419914546025292,0.40604182042128556,-0.1471715705922955,0.5813636666290882,-0.4324810882070706,0.3195141981928771,-0.3529463597025602,-0.35395252857724513,-0.7967867635103089,-0.7603695726507251,0.6385626362233165,0.8023172707959669,-0.13471331773068282,0.24148216749849402
-0.4961061465429658,1.032324409708112,-0.2841600622577803,0.22194513220250783,0.24342907470952588,-0.6986985003503023,0.8428386157479953,0.3538580566718007,0.7228173667183971,1.6965680218266437,0.9805916110854134,0.3967967642547855,0.7787973539279489,1.1122698560143076,0.8042870967836535,0.8440714419062985,-0.7454256849139089,1.0190567876770162,-0.8856116318520376,1.209260898405669,-1.29733685797997,-0.29751303768293724,0.5729846072675434,0.380467049885633,0.014708282923759568,-0.3335705587977701,-0.06608122789217329,0.3515038584788826,-0.7809256264928268,0.379598802348588,-0.30768633575609633,-0.722411705365075,0.36126527392664465,-0.7621483576761238,0.4792145955452384,-0.8608552463961656,0.44137058925826483,0.3808426030658794,1.0971474269752173,1.2197859868586083,-1.0532101957559308,-1.5108617076994615,-0.040806077788285315,-0.2532408480049151
0.15723958406105862,-0.2841600622577803,0.22981403100320727,-0.028877042301548986,-0.017834983438043267,0.30082735900000734,-0.13644185059633343,0.01993651142954729,-0.19891635848476422,-0.43683422769985997,-0.20248363981448966,-0.00969122845268096,-0.26292557344173734,-0.15419619150664268,-0.05760863625611314,-0.12299285625598284,0.12356766977364997,-0.15991920678611884,0.1744210236729573,-0.35714862144447207,0.2817250968892437,0.1977263613792498,-0.040532052020116484,0.03491626183934885,0.04815858494303062,0.077911974403074,0.07306190382794783,0.00868972726056677,0.1542148547174411,-0.16602608982611053,0.11270012324757488,0.09033288352679433,-0.15088795959845291,0.170513753836917,0.011412083380174706,0.2213695737634834,-0.08889227736235397,0.03550507544825185,-0.22816647190253758,-0.2580760244448547,0.3248824034856057,0.08521527316822833,-0.04945057345664845,-0.023554622931997393
0.06729715050832097,0.22194513220250783,-0.028877042301548986,0.8195032482317594,-0.11638192983955448,0.03888830790920791,0.30229215595947667,-0.0585821108012758,0.45643922615520344,-0.03584419058395679,0.02756038798149324,0.0688707847296754,0.09993454221784047,0.3406151399709583,0.37310303332151823,-5.561499036021175e-4,0.14634246980836768,-0.35273952661015007,-0.033562045740057764,0.15089014550291732,0.1432678505221497,-0.10489744686449153,-0.02168203339643577,0.22294031415856153,-0.10464004940389075,0.19588461606664645,0.0954478952768673,0.18186827564446198,0.16634611272486005,0.2363170668858579,0.14608690028725263,-0.06291287538541016,-0.021777145721567782,0.09965311487168443,0.1289862808257429,-0.1087781071037323,-0.09847483644353147,0.21883269540819728,-0.0026929068406185788,0.04103755781270714,-0.3188117777643086,-0.050664911657234094,0.10244946668333507,-0.09189748248888595
-0.520440887331879,0.24342907470952588,-0.017834983438043267,-0.11638192983955448,1.8344932010024113,-0.2225285053714254,0.6269703465795682,0.3863882098911022,0.5566790227928355,0.5748953030912406,0.3155542491842676,0.617283162457322,1.0441524492334902,0.9442033138440348,0.3225249996878113,1.1797096988904956,-0.677222880785489,1.4284934560477942,-1.3610899335507025,0.5526036220608319,-0.9928079095026455,-0.2636855656592251,0.40137115718151195,0.15759758285365952,0.9291523441566272,0.6265347340584334,0.35974017663476626,0.40992933476267485,-1.1583851708572444,0.9559503068223236,0.015675379597858488,-0.4530451381520213,0.11535404132374656,-0.7650956340111548,0.6353104688213598,0.5001811376835387,0.1703730556955324,0.588034125831503,1.4908232135395039,0.951376918371472,-0.47095842114397035,-0.7369069361142161,0.5997841003939833,-0.4819339030039267
0.31605704827307524,-0.6986985003503023,0.30082735900000734,0.03888830790920791,-0.2225285053714254,1.100270890433706,-0.4220619998859951,-0.3139149909290099,-0.564219353415625,-1.4186681610248395,-0.6565215840049422,-0.3282792732955387,-0.6987178574298095,-0.6501357795084167,-0.36387926021206396,-0.5029455032870874,0.29569547644708905,-0.8439412447178546,0.6643011022090818,-1.1829526898859535,1.0212508168760974,0.18772128781495814,-0.2719351014960214,-0.16612052360313065,0.19452991841702796,0.3018928870136879,0.12438260682333718,-0.20164045786283563,0.5786331650805764,-0.36786512589141857,0.5599306807683301,0.5679545162160231,-0.3109771433398907,0.7816068435583452,-0.005343251161477264,0.4161606494483074,-0.14161586244067828,-0.21101938564631792,-0.7765180916131211,-0.9069666509459526,0.7340603395672024,0.8336886779676546,-0.023468580015803965,0.09718959124167438
-0.45151267590017746,0.8428386157479953,-0.13644185059633343,0.30229215595947667,0.6269703465795682,-0.4220619998859951,0.96527001415987,0.39792047613204157,0.718496861185662,1.4453799710415443,0.9023690714680009,0.5164221487726284,0.7887901448757898,1.2466963634132109,0.8633543415777324,0.9860790897086122,-0.7868881376015139,1.211920394530404,-1.1100214468183855,0.9336355450589758,-1.185892438081591,-0.18612462577574757,0.6324499731921472,0.4721433115624484,0.2995407818928243,-0.12321186172720634,0.057677381520028694,0.38773063080382286,-0.9187311085778848,0.4447298151477334,-0.16240084465474613,-0.7576491061968886,0.254926556599745,-0.6511443028646363,0.6487595904313567,-0.5828239918777315,0.4369221813809307,0.48654044813654035,1.2494912046876436,1.1956773535584653,-0.8545350695034452,-1.5682149713618132,-0.007837112563356674,-0.38004415251416973
-0.2903782338578585,0.3538580566718007,0.01993651142954729,-0.0585821108012758,0.3863882098911022,-0.3139149909290099,0.39792047613204157,0.9079895378040852,0.3163546917250526,1.3021025100737464,0.7815383827279477,0.3948265179189488,0.22480058388004914,0.91084992804521,0.808769216536037,0.8500593563367981,-0.3162351212603211,1.0267138669631306,-0.41516042894793775,0.6876634969513373,-1.014155738522171,0.09140966939445463,0.26829716470379655,0.4783840840576638,-0.020470386659144423,-0.39403841478715174,-0.09774646650242232,0.4011818290606243,-0.6169337000534867,-0.08351937954002858,-0.39660543678191046,-0.5127025214990591,0.008691450386332244,-0.9119483437897766,0.24773864520712593,-0.520776382072572,0.25697003696710025,0.5670069836826898,0.6210788976116058,0.9038154430153175,-0.31358771517967715,-1.1629117552519177,-0.35978839257040907,-0.17789993244526728
-0.40610618212745647,0.7228173667183971,-0.19891635848476422,0.45643922615520344,0.5566790227928355,-0.564219353415625,0.718496861185662,0.3163546917250526,1.0273123007803622,1.3042390968364246,0.6739012709607146,0.5058205525030274,0.7463988141829487,1.1102816336325698,0.8010007633802422,0.8633448026571736,-0.3614220163451339,0.7590092804858387,-0.9392707668106934,1.1105922908458883,-1.0376234102397413,-0.3248348164388705,0.4766997796688881,0.5689456153253597,0.10682238198606007,0.12008278365265196,0.06565937523364941,0.46034346691141764,-0.702409377311471,0.7232902295091264,-0.22764108990452941,-0.6206486315967967,0.16981020399403715,-0.7253483909493598,0.4833063292953663,-0.30999048584677097,0.2856546130246207,0.5292828850593031,0.8912719409925588,0.9714034957205913,-0.99098295885168,-1.1364644396262826,0.21944950100963184,-0.2789672205128316
-0.9744217910254939,1.6965680218266437,-0.43683422769985997,-0.03584419058395679,0.5748953030912406,-1.4186681610248395,1.4453799710415443,1.3021025100737464,1.3042390968364246,4.877767266059508,2.5841102617057,1.110146867124909,1.3317994036766352,2.6958958621406417,2.184040886217066,2.272410812652847,-1.5233371133417193,3.1059607802417126,-2.1136409768786253,2.655113773761496,-3.18812774247816,-0.10126764217118547,1.4911891328952442,1.2201243181369832,-0.2892181216997143,-1.1924402698224752,-0.7583847562112914,0.6242509479843943,-1.9276354596995717,0.07146963891999658,-1.1442585486160448,-2.0826490928049646,0.6456245938154899,-2.13239925481235,0.8779959426400021,-1.9130508809299496,1.1113010810709574,0.6126553662037019,2.4625683464562056,2.929301561449403,-1.8365908247476261,-3.980610960088163,-0.8348415227170132,-0.3279139199208896
-0.48184393789790925,0.9805916110854134,-0.20248363981448966,0.02756038798149324,0.3155542491842676,-0.6565215840049422,0.9023690714680009,0.7815383827279477,0.6739012709607146,2.5841102617057,1.5732752259964402,0.5725196787620207,0.7284157051232002,1.5926962264519007,1.2053310661828043,1.2830940290697603,-0.9204796685678964,1.8178737796184188,-1.2153422981652802,1.3248465066074022,-1.7094868935541403,-0.06518144933901875,0.8464844882973,0.6172639569501552,-0.08080252314834471,-0.6846131253128498,-0.3725718676395636,0.40209871291612737,-1.0705874405911862,-0.06176470669297739,-0.5890019864859457,-1.0554380126045968,0.3781903014600965,-1.1008647988866445,0.5049503488095559,-1.1861737229828175,0.5929025971629828,0.3666730590358416,1.3553979438774661,1.6506100730106508,-0.9454806023877288,-2.309305778453674,-0.5319042206114564,-0.2912737345646975
-0.29950655514018915,0.3967967642547855,-0.00969122845268096,0.0688707847296754,0.617283162457322,-0.3282792732955387,0.5164221487726284,0.3948265179189488,0.5058205525030274,1.110146867124909,0.5725196787620207,0.5671320015674034,0.4621692064586574,0.9210314366912988,0.6510386574037221,0.7802995467346485,-0.5022485351598737,1.0358450869542153,-0.7602995645806224,0.681516037154758,-0.8429176690444442,-0.03695935482946598,0.48735821271007446,0.3197773352712463,0.20319190594346304,-0.03136573410813803,0.0316184163574671,0.41514393967817326,-0.8125794472434834,0.3479891308196671,-0.18882556683657495,-0.7046581031045848,0.10127325085002391,-0.7232795588965137,0.5060030115187778,-0.24759141569643936,0.18670134879400357,0.4429001588709115,1.0310998134800289,0.8583876299630373,-0.45194200788365413,-1.1345371075473103,0.02132384299872648,-0.2847025460297248
-0.629467814563753,0.7787973539279489,-0.26292557344173734,0.09993454221784047,1.0441524492334902,-0.6987178574298095,0.7887901448757898,0.22480058388004914,0.7463988141829487,1.3317994036766352,0.7284157051232002,0.4621692064586574,1.433773049428672,0.9848723093531521,0.544262829998156,1.1314411128929922,-0.8301313620829279,1.3053449541331448,-1.3653442541858143,1.0222260144728799,-1.2526071671101024,-0.4869365979721349,0.49359395592746214,0.27286197941468804,0.5416242986138486,0.14205993883003093,0.07988188989676016,0.24872969596157551,-0.968727407502678,0.9786649252576406,-0.22566028630756102,-0.6242776943283843,0.32494446600703214,-0.5883414141074931,0.5189580830133882,-0.25963259349631795,0.45208597434282655,0.4003698338626485,1.5424405355691155,1.176352952108538,-1.0556340613151634,-1.0301885568120572,0.3822337320246408,-0.5049889218463037
-0.6198340349382342,1.1122698560143076,-0.15419619150664268,0.3406151399709583,0.9442033138440348,-0.6501357795084167,1.2466963634132109,0.91084992804521,1.1102816336325698,2.6958958621406417,1.5926962264519007,0.9210314366912988,0.9848723093531521,2.191393497793423,1.6046391472522623,1.7110108344603427,-1.0800705742485994,2.080106404895294,-1.6218138499241561,1.5935604566968067,-2.005716501190801,-0.16578395975134638,1.106488967618294,0.7790570520091648,0.17785104529562637,-0.289365229534862,-0.10876757975683786,0.8573001629044127,-1.4572314432579503,0.3883826186246999,-0.506195837206709,-1.3018992419266056,0.3231968507339612,-1.539542999391688,0.938666005828698,-1.0049114712149474,0.4600030340171788,0.7934267995641382,1.8401267176071856,1.9964668345361696,-1.2100969640882557,-2.6890672469886088,-0.2222881776093906,-0.51974434348790155
-0.5480361101034887,0.8042870967836535,-0.05760863625611314,0.37310303332151823,0.3225249996878113,-0.36387926021206396,0.8633543415777324,0.808769216536037,0.8010007633802422,2.184040886217066,1.2053310661828043,0.6510386574037221,0.544262829998156,1.6046391472522623,1.7066946449241247,1.2219712321318654,-0.7455604141364731,1.3217850474301531,-0.7811070243507099,1.084700995417281,-1.7006142200920713,-5.345400731420491e-4,0.7474443056978753,0.79137161777094,-0.1791382481976057,-0.5476465196460023,-0.11831821667487723,0.9426531937515951,-0.9908905716483871,0.1848325344651449,-0.5033427807725177,-1.0319317233790601,0.08130003971921165,-1.2653734871799434,0.7731902939226126,-1.0149183969076607,0.2785183256078732,0.7323287618408141,0.9950369962189028,1.40580297824306,-0.8679759738219437,-2.2224797782921213,-0.3741406487695052,-0.39729441405619675
-0.7015546962386785,0.8440714419062985,-0.12299285625598284,-5.561499036021175e-4,1.1797096988904956,-0.5029455032870874,0.9860790897086122,0.8500593563367981,0.8633448026571736,2.272410812652847,1.2830940290697603,0.7802995467346485,1.1314411128929922,1.7110108344603427,1.2219712321318654,1.771733041692776,-1.022316013496442,1.8874593776691884,-1.5655441787502957,1.3628013265481396,-1.777960840594831,-0.22772702578962184,0.8909281743570747,0.6881829955746808,0.5246465416409927,-0.1306780566792326,-0.08907153518558847,0.5136570245236002,-1.381783151230725,0.5490482162636545,-0.35484130042008255,-1.0949496202056554,0.2426656849454102,-1.205023420416538,0.8464996422923697,-0.6891446930333623,0.6022356390594231,0.7181574073176151,1.8601653793392796,1.7078473135054772,-1.0135065125925395,-2.1583233713206584,-0.10207294683083512,-0.4951457432966057
0.5707900419188381,-0.7454256849139089,0.12356766977364997,0.14634246980836768,-0.677222880785489,0.29569547644708905,-0.7868881376015139,-0.3162351212603211,-0.3614220163451339,-1.5233371133417193,-0.9204796685678964,-0.5022485351598737,-0.8301313620829279,-1.0800705742485994,-0.7455604141364731,-1.022316013496442,1.1469772428476297,-1.529008447353419,1.067996575901143,-0.7334063920671263,1.328201604514861,0.1941202597572266,-0.7323337228445181,-0.19421593016545408,-0.3994205456082163,0.2564553578103931,-4.205870296290292e-5,-0.40954600583039813,1.1000549275697813,-0.3497764356944504,0.17229418098292928,0.8094520091706184,-0.31179886677707214,0.7568024406364758,-0.7405854270530495,0.6905309761886853,-0.4861587033472857,-0.33775220387179283,-1.4810297117343012,-1.2415123657216938,0.7476770132395357,1.6205151672098728,-0.006424648995135944,0.42591343131444365
-0.8226036227954745,1.0190567876770162,-0.15991920678611884,-0.35273952661015007,1.4284934560477942,-0.8439412447178546,1.211920394530404,1.0267138669631306,0.7590092804858387,3.1059607802417126,1.8178737796184188,1.0358450869542153,1.3053449541331448,2.080106404895294,1.3217850474301531,1.8874593776691884,-1.529008447353419,3.240146215203934,-2.069710966184757,1.4430985336062248,-2.4957072663166686,-0.06353989652423127,1.086182268507818,0.6425817037864586,0.41018067694597965,-0.545844617322122,-0.2380006293543851,0.5733172511138368,-1.9624532549846048,0.3675523824246651,-0.7186154050838416,-1.4633954059227667,0.5014458655930886,-1.589015619122417,0.8778336851560637,-0.8301276159379316,0.8534304082652734,0.6008482564761367,2.4128170622924623,2.30836824814302,-1.0927445033870855,-2.802296798504253,-0.26522731331374005,-0.6082021805701785
0.5831277412776801,-0.8856116318520376,0.1744210236729573,-0.033562045740057764,-1.3610899335507025,0.6643011022090818,-1.1100214468183855,-0.41516042894793775,-0.9392707668106934,-2.1136409768786253,-1.2153422981652802,-0.7602995645806224,-1.3653442541858143,-1.6218138499241561,-0.7811070243507099,-1.5655441787502957,1.067996575901143,-2.069710966184757,2.0818615465420915,-1.3558053612244936,1.6222604737243707,0.2572012376732497,-0.974685467082009,-0.605115326814245,-0.6474191023840437,-0.11445229034580459,0.0938383816163841,-0.14714206249885567,1.3696516297652577,-0.6922505784063954,0.27483212212140573,1.0749617221778434,-0.4418886191134366,0.8221908058276558,-0.7350984481328332,0.3052528395878995,-0.7071045989983634,-0.35541703171904276,-2.0208729807645502,-1.6804062020042438,1.124386704556136,2.0278372737634447,-0.12063612522197908,0.45414762056432323
-0.608700733097765,1.209260898405669,-0.35714862144447207,0.15089014550291732,0.5526036220608319,-1.1829526898859535,0.9336355450589758,0.6876634969513373,1.1105922908458883,2.655113773761496,1.3248465066074022,0.681516037154758,1.0222260144728799,1.5935604566968067,1.084700995417281,1.3628013265481396,-0.7334063920671263,1.4430985336062248,-1.3558053612244936,2.027007304703079,-1.8218515405804847,-0.29143942939408013,0.8341864677311926,0.6793452746344951,-0.05606990700961916,-0.33239475242445043,-0.2412129483997866,0.40112051450301267,-1.083813804716121,0.47934796855392986,-0.6054964029684387,-1.1430393611512601,0.4272716675969529,-1.375357790405218,0.48520693990596225,-0.9090383732195594,0.5162127841311567,0.5355354565827894,1.5377120125866026,1.740689589028438,-1.388478779001313,-2.1066112688766476,-0.09311809826908318,-0.17225519578774173
1.0263920377466715,-1.29733685797997,0.2817250968892437,0.1432678505221497,-0.9928079095026455,1.0212508168760974,-1.185892438081591,-1.014155738522171,-1.0376234102397413,-3.18812774247816,-1.7094868935541403,-0.8429176690444442,-1.2526071671101024,-2.005716501190801,-1.7006142200920713,-1.777960840594831,1.328201604514861,-2.4957072663166686,1.6222604737243707,-1.8218515405804847,2.9197176959239073,0.20308554288453531,-0.9074568813741116,-0.8177524475303168,-0.013792875037805494,0.7128048855237333,0.14855973403426656,-0.8817178501558257,1.7194449017937925,-0.5412992507089802,0.8389953874216347,1.3028479971325977,-0.471397689629809,1.8377867075885883,-0.9028520049745713,1.0487378142791057,-0.6887580161722703,-0.7836018869549253,-1.833500927560466,-2.227361349540897,1.4832078390587526,2.8610987784551556,0.15303404862492215,0.49299662563621005
0.23611990113373613,-0.29751303768293724,0.1977263613792498,-0.10489744686449153,-0.2636855656592251,0.18772128781495814,-0.18612462577574757,0.09140966939445463,-0.3248348164388705,-0.10126764217118547,-0.06518144933901875,-0.03695935482946598,-0.4869365979721349,-0.16578395975134638,-5.345400731420491e-4,-0.22772702578962184,0.1941202597572266,-0.06353989652423127,0.2572012376732497,-0.29143942939408013,0.20308554288453531,0.4079588463475373,-0.08015706303691754,0.040659585235288544,-0.20691267484202427,-0.2374481491649222,-0.12767137678822757,-0.1293482195009514,0.17205956466279304,-0.5365466766423143,-0.04015343112111026,-0.031650554293054224,-0.09423875206467183,0.11842591708263993,-0.14222459423058703,0.07395064745580919,-0.11866106106852416,-0.13299987882213538,-0.32345458112771214,-0.21788378118995647,0.48031965764608076,-0.0945528015513241,-0.3539151406528643,0.15682984308148815
-0.2691353048795412,0.5729846072675434,-0.040532052020116484,-0.02168203339643577,0.40137115718151195,-0.2719351014960214,0.6324499731921472,0.26829716470379655,0.4766997796688881,1.4911891328952442,0.8464844882973,0.48735821271007446,0.49359395592746214,1.106488967618294,0.7474443056978753,0.8909281743570747,-0.7323337228445181,1.086182268507818,-0.974685467082009,0.8341864677311926,-0.9074568813741116,-0.08015706303691754,0.9679792460659579,0.4171355198791544,0.16503633276001284,-0.06985836159321705,-0.112124554404638,0.438429661352596,-0.7377248626804473,0.1262804281400375,-0.23400890540061217,-0.8004719855441721,0.1407972990152253,-0.7486386381633324,0.5473606712171106,-0.5887197159164603,0.3507713706298114,0.24051756757919976,0.9683686730608903,1.0493989593230848,-0.6430493631808365,-1.6473345691209038,-0.1264363366911439,-0.2513760954905272
-0.2579604111166493,0.380467049885633,0.03491626183934885,0.22294031415856153,0.15759758285365952,-0.16612052360313065,0.4721433115624484,0.4783840840576638,0.5689456153253597,1.2201243181369832,0.6172639569501552,0.3197773352712463,0.27286197941468804,0.7790570520091648,0.79137161777094,0.6881829955746808,-0.19421593016545408,0.6425817037864586,-0.605115326814245,0.6793452746344951,-0.8177524475303168,0.040659585235288544,0.4171355198791544,0.9324213219174327,-0.057360587805973126,-0.14781739955628717,-0.15231403661186732,0.1075880959941633,-0.2911013310901008,0.1252692642449142,-0.23189789056477425,-0.467343829144737,-0.05104987011844782,-0.3711002263283826,0.26639158195263696,-0.29586259540722815,0.6653615213356238,0.34348644769031006,0.2873949372793179,0.7116366479279174,-0.6656267355359836,-1.1065710637140462,-0.22703505410022917,-0.062062485330684466
-0.21185618695831474,0.014708282923759568,0.04815858494303062,-0.10464004940389075,0.9291523441566272,0.19452991841702796,0.2995407818928243,-0.020470386659144423,0.10682238198606007,-0.2892181216997143,-0.08080252314834471,0.20319190594346304,0.5416242986138486,0.17785104529562637,-0.1791382481976057,0.5246465416409927,-0.3994205456082163,0.41018067694597965,-0.6474191023840437,-0.05606990700961916,-0.013792875037805494,-0.20691267484202427,0.16503633276001284,-0.057360587805973126,0.8501526170023407,0.5041766851692219,0.2875761197448969,-0.07126983672607562,-0.480891800989185,0.563849421195071,0.344535102117715,-0.08176962791980515,0.010897566115096005,0.13088352413438248,0.40438474547116776,0.33953482325332296,0.20273483619294005,0.2303730786233529,0.838823155488536,0.18550739438012,-0.06304589101054303,-0.028842989323419995,0.3827893974411416,-0.3021564968535709
0.12354901751312646,-0.3335705587977701,0.077911974403074,0.19588461606664645,0.6265347340584334,0.3018928870136879,-0.12321186172720634,-0.39403841478715174,0.12008278365265196,-1.1924402698224752,-0.6846131253128498,-0.03136573410813803,0.14205993883003093,-0.289365229534862,-0.5476465196460023,-0.1306780566792326,0.2564553578103931,-0.545844617322122,-0.11445229034580459,-0.33239475242445043,0.7128048855237333,-0.2374481491649222,-0.06985836159321705,-0.14781739955628717,0.5041766851692219,0.9747521274950202,0.3797801125286406,-0.011231086430920354,0.23227803356114568,0.5908945642674064,0.4243586022486106,0.4239562766096728,-0.17283540835745165,0.3397706951329664,0.00975030485570789,0.863454265421402,-0.1775426230426057,0.05915732125410732,-0.1377057646935352,-0.44192118515463996,0.052518627819599914,0.9381745488602155,0.6990896049290362,-0.07249793048910298
-0.05236751840839933,-0.06608122789217329,0.07306190382794783,0.0954478952768673,0.35974017663476626,0.12438260682333718,0.057677381520028694,-0.09774646650242232,0.06565937523364941,-0.7583847562112914,-0.3725718676395636,0.0316184163574671,0.07988188989676016,-0.10876757975683786,-0.11831821667487723,-0.08907153518558847,-4.205870296290292e-5,-0.2380006293543851,0.0938383816163841,-0.2412129483997866,0.14855973403426656,-0.12767137678822757,-0.112124554404638,-0.15231403661186732,0.2875761197448969,0.3797801125286406,0.41629531578620377,0.3227390140748226,-0.0562684491160111,0.43936256196132045,0.19523040972607875,0.2261760170400444,-0.11664099224160236,4.058993497117813e-4,0.1729037820062416,0.3576836068390343,-0.2282337667976444,0.27820227865476865,-0.053051353711025505,-0.19243849844205335,0.05261332491353196,0.3631522601682769,0.439464151740797,-0.19785279145147158
-0.30608231049656454,0.3515038584788826,0.00868972726056677,0.18186827564446198,0.40992933476267485,-0.20164045786283563,0.38773063080382286,0.4011818290606243,0.46034346691141764,0.6242509479843943,0.40209871291612737,0.41514393967817326,0.24872969596157551,0.8573001629044127,0.9426531937515951,0.5136570245236002,-0.40954600583039813,0.5733172511138368,-0.14714206249885567,0.40112051450301267,-0.8817178501558257,-0.1293482195009514,0.438429661352596,0.1075880959941633,-0.07126983672607562,-0.011231086430920354,0.3227390140748226,1.2695386781382143,-0.6338564608513496,0.4214850882831242,-0.32146004773637826,-0.36709530663535894,-0.09828815958962234,-1.1248124308750023,0.5171474141787737,-0.37981614244998413,-0.3800849883915744,0.6868717233455521,0.29419365194929165,0.6508395675235129,-0.35475796589277103,-0.9908095594901694,0.20703884698328962,-0.4402872034684423
0.6906434169565916,-0.7809256264928268,0.1542148547174411,0.16634611272486005,-1.1583851708572444,0.5786331650805764,-0.9187311085778848,-0.6169337000534867,-0.702409377311471,-1.9276354596995717,-1.0705874405911862,-0.8125794472434834,-0.968727407502678,-1.4572314432579503,-0.9908905716483871,-1.381783151230725,1.1000549275697813,-1.9624532549846048,1.3696516297652577,-1.083813804716121,1.7194449017937925,0.17205956466279304,-0.7377248626804473,-0.2911013310901008,-0.480891800989185,0.23227803356114568,-0.0562684491160111,-0.6338564608513496,1.5791853971488128,-0.6029790908049397,0.3412688278397384,1.0958627870148807,-0.3280797609454716,1.2061191929812694,-0.8821118513210227,0.5424691676322612,-0.3407517134404984,-0.6281992163424155,-1.8843451470151562,-1.5210690185563587,0.7475750198224358,1.9332901701756078,-0.04081748958751238,0.5187738162033425
-0.4846537493494816,0.379598802348588,-0.16602608982611053,0.2363170668858579,0.9559503068223236,-0.36786512589141857,0.4447298151477334,-0.08351937954002858,0.7232902295091264,0.07146963891999658,-0.06176470669297739,0.3479891308196671,0.9786649252576406,0.3883826186246999,0.1848325344651449,0.5490482162636545,-0.3497764356944504,0.3675523824246651,-0.6922505784063954,0.47934796855392986,-0.5412992507089802,-0.5365466766423143,0.1262804281400375,0.1252692642449142,0.563849421195071,0.5908945642674064,0.43936256196132045,0.4214850882831242,-0.6029790908049397,1.284587214509394,0.0716081665655553,-0.16093147603848218,0.04498948180859986,-0.30231607786228687,0.46558636716843177,0.3293328741852409,0.13726284601920538,0.5112979845560806,0.8094071359662329,0.4192372126069091,-0.7431476283634424,-0.01465332597342267,0.8114579935264025,-0.43699679658571
0.17419914546025292,-0.30768633575609633,0.11270012324757488,0.14608690028725263,0.015675379597858488,0.5599306807683301,-0.16240084465474613,-0.39660543678191046,-0.22764108990452941,-1.1442585486160448,-0.5890019864859457,-0.18882556683657495,-0.22566028630756102,-0.506195837206709,-0.5033427807725177,-0.35484130042008255,0.17229418098292928,-0.7186154050838416,0.27483212212140573,-0.6054964029684387,0.8389953874216347,-0.04015343112111026,-0.23400890540061217,-0.23189789056477425,0.344535102117715,0.4243586022486106,0.19523040972607875,-0.32146004773637826,0.3412688278397384,0.0716081665655553,0.5527351051563852,0.35828029749547763,-0.09877105363546121,0.6931395572299361,0.04224831229695796,0.41165495116011297,-0.06855840735584273,-0.13078762063248334,-0.19138471150108385,-0.6229366722207321,0.3266649458413032,0.784339249006023,0.2417073014502059,0.05417962873663906
0.40604182042128556,-0.722411705365075,0.09033288352679433,-0.06291287538541016,-0.4530451381520213,0.5679545162160231,-0.7576491061968886,-0.5127025214990591,-0.6206486315967967,-2.0826490928049646,-1.0554380126045968,-0.7046581031045848,-0.6242776943283843,-1.3018992419266056,-1.0319317233790601,-1.0949496202056554,0.8094520091706184,-1.4633954059227667,1.0749617221778434,-1.1430393611512601,1.3028479971325977,-0.031650554293054224,-0.8004719855441721,-0.467343829144737,-0.08176962791980515,0.4239562766096728,0.2261760170400444,-0.36709530663535894,1.0958627870148807,-0.16093147603848218,0.35828029749547763,1.2286121378066852,-0.2754247840926288,0.9342119637325882,-0.6562202607737966,0.7531705929547448,-0.36446008343219655,-0.39677000451495587,-1.5259678198386672,-1.307366818607705,0.6704022895662156,1.980149588807049,0.3038675111485147,0.2724164110460634
-0.1471715705922955,0.36126527392664465,-0.15088795959845291,-0.021777145721567782,0.11535404132374656,-0.3109771433398907,0.254926556599745,0.008691450386332244,0.16981020399403715,0.6456245938154899,0.3781903014600965,0.10127325085002391,0.32494446600703214,0.3231968507339612,0.08130003971921165,0.2426656849454102,-0.31179886677707214,0.5014458655930886,-0.4418886191134366,0.4272716675969529,-0.471397689629809,-0.09423875206467183,0.1407972990152253,-0.05104987011844782,0.010897566115096005,-0.17283540835745165,-0.11664099224160236,-0.09828815958962234,-0.3280797609454716,0.04498948180859986,-0.09877105363546121,-0.2754247840926288,0.2879315027669103,-0.17241140866687038,0.1042697514632937,-0.255538290096935,0.12931962283699852,-0.06720299514069833,0.5645169826432304,0.4332901622929292,-0.3173479844629801,-0.4843556826535251,-0.028246870314633646,-0.034067268564569236
0.5813636666290882,-0.7621483576761238,0.170513753836917,0.09965311487168443,-0.7650956340111548,0.7816068435583452,-0.6511443028646363,-0.9119483437897766,-0.7253483909493598,-2.13239925481235,-1.1008647988866445,-0.7232795588965137,-0.5883414141074931,-1.539542999391688,-1.2653734871799434,-1.205023420416538,0.7568024406364758,-1.589015619122417,0.8221908058276558,-1.375357790405218,1.8377867075885883,0.11842591708263993,-0.7486386381633324,-0.3711002263283826,0.13088352413438248,0.3397706951329664,4.058993497117813e-4,-1.1248124308750023,1.2061191929812694,-0.30231607786228687,0.6931395572299361,0.9342119637325882,-0.17241140866687038,1.910598517388553,-0.5769102133135969,0.7474693613605369,2.1895707491674457e-5,-0.7608209690135742,-1.147461262262147,-1.55955381381153,0.8438241164898436,1.9248666628422701,0.036795228299947184,0.31398545279575024
-0.4324810882070706,0.4792145955452384,0.011412083380174706,0.1289862808257429,0.6353104688213598,-0.005343251161477264,0.6487595904313567,0.24773864520712593,0.4833063292953663,0.8779959426400021,0.5049503488095559,0.5060030115187778,0.5189580830133882,0.938666005828698,0.7731902939226126,0.8464996422923697,-0.7405854270530495,0.8778336851560637,-0.7350984481328332,0.48520693990596225,-0.9028520049745713,-0.14222459423058703,0.5473606712171106,0.26639158195263696,0.40438474547116776,0.00975030485570789,0.1729037820062416,0.5171474141787737,-0.8821118513210227,0.46558636716843177,0.04224831229695796,-0.6562202607737966,0.1042697514632937,-0.5769102133135969,0.8220225967029314,-0.35765220312416834,0.21032053763814018,0.5034940916973836,1.1107767360658118,0.8012669488192715,-0.5097949530861702,-1.2466411047418209,0.11659288230858535,-0.4098036434568787
0.3195141981928771,-0.8608552463961656,0.2213695737634834,-0.1087781071037323,0.5001811376835387,0.4161606494483074,-0.5828239918777315,-0.520776382072572,-0.30999048584677097,-1.9130508809299496,-1.1861737229828175,-0.24759141569643936,-0.25963259349631795,-1.0049114712149474,-1.0149183969076607,-0.6891446930333623,0.6905309761886853,-0.8301276159379316,0.3052528395878995,-0.9090383732195594,1.0487378142791057,0.07395064745580919,-0.5887197159164603,-0.29586259540722815,0.33953482325332296,0.863454265421402,0.3576836068390343,-0.37981614244998413,0.5424691676322612,0.3293328741852409,0.41165495116011297,0.7531705929547448,-0.255538290096935,0.7474693613605369,-0.35765220312416834,1.4825712188667315,-0.3462715698314662,-0.2262981953314364,-0.7329091550754069,-1.0592303128483003,0.6527354743085376,1.6729874087423682,0.6420817659405406,0.1491606149952198
-0.3529463597025602,0.44137058925826483,-0.08889227736235397,-0.09847483644353147,0.1703730556955324,-0.14161586244067828,0.4369221813809307,0.25697003696710025,0.2856546130246207,1.1113010810709574,0.5929025971629828,0.18670134879400357,0.45208597434282655,0.4600030340171788,0.2785183256078732,0.6022356390594231,-0.4861587033472857,0.8534304082652734,-0.7071045989983634,0.5162127841311567,-0.6887580161722703,-0.11866106106852416,0.3507713706298114,0.6653615213356238,0.20273483619294005,-0.1775426230426057,-0.2282337667976444,-0.3800849883915744,-0.3407517134404984,0.13726284601920538,-0.06855840735584273,-0.36446008343219655,0.12931962283699852,2.1895707491674457e-5,0.21032053763814018,-0.3462715698314662,1.0517010609290458,0.0630233162666777,0.6131463753795254,0.6946068307260277,-0.716807097236041,-0.7392829916000001,-0.1579272472627202,-0.025880921071342922
-0.35395252857724513,0.3808426030658794,0.03550507544825185,0.21883269540819728,0.588034125831503,-0.21101938564631792,0.48654044813654035,0.5670069836826898,0.5292828850593031,0.6126553662037019,0.3666730590358416,0.4429001588709115,0.4003698338626485,0.7934267995641382,0.7323287618408141,0.7181574073176151,-0.33775220387179283,0.6008482564761367,-0.35541703171904276,0.5355354565827894,-0.7836018869549253,-0.13299987882213538,0.24051756757919976,0.34348644769031006,0.2303730786233529,0.05915732125410732,0.27820227865476865,0.6868717233455521,-0.6281992163424155,0.5112979845560806,-0.13078762063248334,-0.39677000451495587,-0.06720299514069833,-0.7608209690135742,0.5034940916973836,-0.2262981953314364,0.0630233162666777,0.7813761378792041,0.6453939580436793,0.6740982267013071,-0.43718516048899875,-0.7993453063003243,0.1610405471746322,-0.38682969310142284
-0.7967867635103089,1.0971474269752173,-0.22816647190253758,-0.0026929068406185788,1.4908232135395039,-0.7765180916131211,1.2494912046876436,0.6210788976116058,0.8912719409925588,2.4625683464562056,1.3553979438774661,1.0310998134800289,1.5424405355691155,1.8401267176071856,0.9950369962189028,1.8601653793392796,-1.4810297117343012,2.4128170622924623,-2.0208729807645502,1.5377120125866026,-1.833500927560466,-0.32345458112771214,0.9683686730608903,0.2873949372793179,0.838823155488536,-0.1377057646935352,-0.053051353711025505,0.29419365194929165,-1.8843451470151562,0.8094071359662329,-0.19138471150108385,-1.5259678198386672,0.5645169826432304,-1.147461262262147,1.1107767360658118,-0.7329091550754069,0.6131463753795254,0.6453939580436793,2.9617660331541455,1.9756258675979812,-1.1061219774165196,-2.2974939462165223,0.07610731111148575,-0.6418764115014852
-0.7603695726507251,1.2197859868586083,-0.2580760244448547,0.04103755781270714,0.951376918371472,-0.9069666509459526,1.1956773535584653,0.9038154430153175,0.9714034957205913,2.929301561449403,1.6506100730106508,0.8583876299630373,1.176352952108538,1.9964668345361696,1.40580297824306,1.7078473135054772,-1.2415123657216938,2.30836824814302,-1.6804062020042438,1.740689589028438,-2.227361349540897,-0.21788378118995647,1.0493989593230848,0.7116366479279174,0.18550739438012,-0.44192118515463996,-0.19243849844205335,0.6508395675235129,-1.5210690185563587,0.4192372126069091,-0.6229366722207321,-1.307366818607705,0.4332901622929292,-1.55955381381153,0.8012669488192715,-1.0592303128483003,0.6946068307260277,0.6740982267013071,1.9756258675979812,2.1227187479246044,-1.3469728676166475,-2.6146424282330187,-0.19333320188223735,-0.45310480998922026
0.6385626362233165,-1.0532101957559308,0.3248824034856057,-0.3188117777643086,-0.47095842114397035,0.7340603395672024,-0.8545350695034452,-0.31358771517967715,-0.99098295885168,-1.8365908247476261,-0.9454806023877288,-0.45194200788365413,-1.0556340613151634,-1.2100969640882557,-0.8679759738219437,-1.0135065125925395,0.7476770132395357,-1.0927445033870855,1.124386704556136,-1.388478779001313,1.4832078390587526,0.48031965764608076,-0.6430493631808365,-0.6656267355359836,-0.06304589101054303,0.052518627819599914,0.05261332491353196,-0.35475796589277103,0.7475750198224358,-0.7431476283634424,0.3266649458413032,0.6704022895662156,-0.3173479844629801,0.8438241164898436,-0.5097949530861702,0.6527354743085376,-0.716807097236041,-0.43718516048899875,-1.1061219774165196,-1.3469728676166475,1.4860434829163944,1.389058861002624,-0.2341600771443626,0.2673455675266875
0.8023172707959669,-1.5108617076994615,0.08521527316822833,-0.050664911657234094,-0.7369069361142161,0.8336886779676546,-1.5682149713618132,-1.1629117552519177,-1.1364644396262826,-3.980610960088163,-2.309305778453674,-1.1345371075473103,-1.0301885568120572,-2.6890672469886088,-2.2224797782921213,-2.1583233713206584,1.6205151672098728,-2.802296798504253,2.0278372737634447,-2.1066112688766476,2.8610987784551556,-0.0945528015513241,-1.6473345691209038,-1.1065710637140462,-0.028842989323419995,0.9381745488602155,0.3631522601682769,-0.9908095594901694,1.9332901701756078,-0.01465332597342267,0.784339249006023,1.980149588807049,-0.4843556826535251,1.9248666628422701,-1.2466411047418209,1.6729874087423682,-0.7392829916000001,-0.7993453063003243,-2.2974939462165223,-2.6146424282330187,1.389058861002624,4.267655287182821,0.715912261678484,0.5554085447281703
-0.13471331773068282,-0.040806077788285315,-0.04945057345664845,0.10244946668333507,0.5997841003939833,-0.023468580015803965,-0.007837112563356674,-0.35978839257040907,0.21944950100963184,-0.8348415227170132,-0.5319042206114564,0.02132384299872648,0.3822337320246408,-0.2222881776093906,-0.3741406487695052,-0.10207294683083512,-0.006424648995135944,-0.26522731331374005,-0.12063612522197908,-0.09311809826908318,0.15303404862492215,-0.3539151406528643,-0.1264363366911439,-0.22703505410022917,0.3827893974411416,0.6990896049290362,0.439464151740797,0.20703884698328962,-0.04081748958751238,0.8114579935264025,0.2417073014502059,0.3038675111485147,-0.028246870314633646,0.036795228299947184,0.11659288230858535,0.6420817659405406,-0.1579272472627202,0.1610405471746322,0.07610731111148575,-0.19333320188223735,-0.2341600771443626,0.715912261678484,0.8115183761076544,-0.1666297890360098
0.24148216749849402,-0.2532408480049151,-0.023554622931997393,-0.09189748248888595,-0.4819339030039267,0.09718959124167438,-0.38004415251416973,-0.17789993244526728,-0.2789672205128316,-0.3279139199208896,-0.2912737345646975,-0.2847025460297248,-0.5049889218463037,-0.51974434348790155,-0.39729441405619675,-0.4951457432966057,0.42591343131444365,-0.6082021805701785,0.45414762056432323,-0.17225519578774173,0.49299662563621005,0.15682984308148815,-0.2513760954905272,-0.062062485330684466,-0.3021564968535709,-0.07249793048910298,-0.19785279145147158,-0.4402872034684423,0.5187738162033425,-0.43699679658571,0.05417962873663906,0.2724164110460634,-0.034067268564569236,0.31398545279575024,-0.4098036434568787,0.1491606149952198,-0.025880921071342922,-0.38682969310142284,-0.6418764115014852,-0.45310480998922026,0.2673455675266875,0.5554085447281703,-0.1666297890360098,0.42717487375519697
