V1,V2,V3,V4,V5,V6,V7,V8,V9,V10,V11,V12,V13,V14,V15,V16,V17,V18,V19,V20,V21,V22,V23,V24,V25,V26,V27,V28,V29,V30,V31,V32,V33,V34,V35,V36,V37,V38,V39,V40,V41,V42,V43,V44
835.0058619053711,3644.3218895186446,-4692.961232689499,-6243.030109583153,2317.100211161003,-2695.5456766257666,2474.241841463724,1065.1757731083399,-1143.686817681373,2164.904609546818,-648.0085047179721,2182.2742752382105,5049.715772975129,-260.304256575518,1647.4833138668157,-2253.641584431744,8145.264827164223,2209.1800890901695,1306.6634124280188,6192.147626102322,3102.7729602975824,-3197.0980606045996,-734.0181718132205,1563.36793171176,-3420.9408499007354,4026.537471261624,-5766.015033563402,-2926.2368514165787,835.6354095851506,-559.0758747279691,2496.7646105102854,-6499.5470001579,-1124.453734240017,-2330.2919774179663,-4116.246849945085,293.27944757945534,-86.49476159243969,-1672.502077972746,2140.2725387965925,-1142.120530387568,617.6248841011081,1260.3512366272244,-1934.043985868629,-182.8881048668089
3644.3218895186446,15906.215017207109,-20483.401161684043,-27248.100859919836,10112.959756174218,-11764.895963853687,10798.807072511701,4648.215236116007,-4992.044480134642,9449.222429914551,-2827.911860307043,9524.72045154152,22040.07845437512,-1136.0367088450303,7190.6288851301515,-9836.329756258445,35550.3968825598,9642.591630366573,5703.667788217418,27025.89114043701,13542.08276891229,-13954.042166715424,-3204.029484114204,6822.863107279909,-14931.445282242199,17573.796992554133,-25166.349687150938,-12771.940668598561,3647.518006172059,-2440.6316237299657,10897.843325421569,-28368.138042811162,-4907.749109085631,-10170.512856969524,-17965.737346451362,1279.7634088180862,-377.54262946036494,-7300.507995635287,9341.431753044997,-4984.634498069162,2695.4756227032367,5501.330269994497,-8440.764971255616,-798.2374401079285
-4692.961232689499,-20483.401161684043,26377.917422009712,35089.034648703484,-13022.955287890189,15150.454446395333,-13906.090212843104,-5985.4690948598545,6428.609858821407,-12168.542659222583,3641.490708158263,-12265.610898383811,-28382.461929560664,1462.8396845145476,-9259.865519580911,12666.755533957203,-45780.344651925705,-12417.523340176367,-7345.208876564681,-34802.84230062448,-17438.740864255196,17969.393900986684,4126.156392503833,-8786.146114411764,19228.33303240522,-22630.586388293545,32408.192362095535,16447.32797955931,-4697.362155429375,3143.1811686206975,-14033.99696054274,36531.58134061088,6320.141898640822,13097.153662299299,23135.561973738302,-1648.048989128241,486.1345680333162,9401.617127593829,-12029.472716013332,6418.886263887938,-3470.9762648415217,-7084.558178192552,10869.364494580983,1027.95369125871
-6243.030109583153,-27248.100859919836,35089.034648703484,46678.67335188958,-17324.916687752117,20154.7331310318,-18499.107779621638,-7963.900448308894,8551.155949024082,-16187.479840238237,4844.7901946381335,-16317.154577709935,-37756.54481650525,1946.1793125286756,-12318.372706253373,16849.59008838665,-60901.56771469848,-16518.276157287368,-9770.3945725838,-46298.34443903519,-23198.692623116516,23904.004141071422,5488.50149738437,-11689.703948958908,25578.267546423456,-30105.759056296316,43111.81378660794,21879.44041360506,-6248.41214926963,4180.299972931816,-18668.43341720448,48597.25913179857,8408.155335241805,17423.162848967168,30776.835520028762,-2193.2699867133333,646.1687769266683,12505.285851579474,-16002.431968651457,8539.186834390353,-4617.6871943012475,-9423.746198043698,14459.903652345814,1367.5424254678649
2317.100211161003,10112.959756174218,-13022.955287890189,-17324.916687752117,6430.463440838105,-7480.551725405205,6865.974914246145,2956.3426218010986,-3173.535637134923,6007.977808612504,-1798.3498015481914,6056.311702240144,14013.303310595391,-722.434557056635,4572.031727069736,-6253.435145548457,22603.918751700687,6130.615645836219,3626.053181005307,17183.915102440365,8610.328378791794,-8871.846883197219,-2036.92900442363,4339.225904986021,-9493.068886867777,11174.06751009028,-16000.910932710876,-8120.488868457559,2318.9301764169913,-1551.1255947403495,6928.569397636156,-18036.910071195154,-3120.906423342531,-6466.635567730693,-11422.853750108485,814.3447696674563,-239.59385860375238,-4640.76483257039,5939.270898585797,-3169.396398661501,1713.9940904649807,3497.3858495557747,-5366.996953537175,-507.59727086595484
-2695.5456766257666,-11764.895963853687,15150.454446395333,20154.7331310318,-7480.551725405205,8702.444919835378,-7987.307913218367,-3438.7221487403353,3692.0462620232065,-6989.481896453148,2091.850049396553,-7045.484216581425,-16302.362413086903,840.28671960594,-5318.839478386357,7274.961743416828,-26295.875216770783,-7132.188302292181,-4218.625353347551,-19990.585126411966,-10016.495238534477,10320.989237928345,2369.8002881113466,-5047.657120845477,11043.993895888723,-12998.873363011375,18614.492017054596,9447.036406532538,-2697.981592107989,1804.8742927125008,-8060.527050574047,20983.21099628381,3630.6763720678914,7522.887192635315,13288.647791967349,-947.2278309249637,278.8189749225082,5399.328999294517,-6909.361550662726,3686.955111274875,-1993.76185379901,-4068.8902529397633,6243.297684050092,590.5010257600591
2474.241841463724,10798.807072511701,-13906.090212843104,-18499.107779621638,6865.974914246145,-7987.307913218367,7331.613268168739,3156.2262596413134,-3388.9979351393636,6414.977851536391,-1920.142734538807,6466.4397646192165,14963.146178436848,-771.3631209846316,4881.765241878131,-6677.968737528818,24135.738750671397,6546.2195956960495,3871.928183235272,18348.327652720935,9194.080911193978,-9473.572017922403,-2175.0572502221644,4632.415895018284,-10136.840795355954,11931.343809108372,-17085.71508388458,-8670.902463053215,2476.099402079573,-1656.645011722953,7398.387455983876,-19259.25134225496,-3331.890142899141,-6904.978638085699,-12197.145621282807,868.9625535833993,-256.30716546447564,-4955.934712517642,6342.02025446059,-3384.2826549465008,1830.1489627854412,3734.6690345259535,-5730.8966643448275,-541.9268862240593
1065.1757731083399,4648.215236116007,-5985.4690948598545,-7963.900448308894,2956.3426218010986,-3438.7221487403353,3156.2262596413134,1360.0487610790929,-1458.3035232723275,2761.4611545342455,-827.0995410910009,2784.0958756996783,6441.2936850734695,-332.2410169912944,2101.653216806523,-2874.091820916603,10390.771618709148,2817.5985717880667,1666.1225840669542,7899.336710179687,3958.1465768246217,-4077.918921068301,-935.9459486644863,1995.6256063575424,-4363.021671191916,5136.894495828076,-7354.9624771183635,-3732.561589224601,1065.5610403577473,-712.2620444638255,3184.261430642944,-8290.792291113159,-1434.8388109928721,-2972.691308262594,-5250.706990014622,374.8562836765306,-109.86268182085551,-2132.1209490045776,2730.0139554859343,-1457.103378865668,788.1325187827964,1607.1011912472839,-2467.5756980010806,-233.35860790040243
-1143.686817681373,-4992.044480134642,6428.609858821407,8551.155949024082,-3173.535637134923,3692.0462620232065,-3388.9979351393636,-1458.3035232723275,1566.8776517247045,-2965.447733840001,887.3280089931383,-2988.9899628440317,-6916.862672028462,356.477174228118,-2256.5778873547915,3087.20717321118,-11156.534268522517,-3026.2761744896898,-1790.1976217185327,-8481.297886990873,-4249.872550680757,4379.332150247084,1005.6430515561384,-2140.687413852127,4686.176223415046,-5515.003775097808,7898.039430215352,4008.243666205348,-1144.7912396110448,766.2371246355552,-3420.2799832507853,8902.749309578294,1539.9808525743642,3191.738361963253,5638.186118566501,-401.32729393480486,118.670851760071,2291.5620640525603,-2931.685539702882,1564.269415009782,-845.847149836519,-1726.6871804226391,2648.834381374398,250.48281247228925
2164.904609546818,9449.222429914551,-12168.542659222583,-16187.479840238237,6007.977808612504,-6989.481896453148,6414.977851536391,2761.4611545342455,-2965.447733840001,5613.8511856343785,-1679.9104881749674,5658.673136352091,13093.538389546262,-674.8245582371846,4271.920153810495,-5843.0096609582615,21119.734608189206,5728.50628733394,3388.5290425120616,16055.581088904924,8044.731918581274,-8289.431922167443,-1903.4916898652934,4053.845012676911,-8870.347187078982,10440.00102124494,-14950.485352033693,-7587.590573641711,2167.0959156175177,-1449.857470947232,6474.143090671569,-16853.09250373329,-2916.0413091423216,-6042.011362305089,-10672.951729831593,760.6745078816319,-223.94500105654396,-4336.8974760284555,5549.339375621355,-2961.103215911099,1601.2002322680476,3268.1774339746653,-5014.109336695199,-474.27282290127954
-648.0085047179721,-2827.911860307043,3641.490708158263,4844.7901946381335,-1798.3498015481914,2091.850049396553,-1920.142734538807,-827.0995410910009,887.3280089931383,-1679.9104881749674,503.0791625971403,-1693.5864031084914,-3918.593750302558,202.09639851169098,-1278.4959110522639,1748.6939429771708,-6321.095182892754,-1714.1762938363404,-1013.7134533598312,-4805.421891054623,-2407.956785055118,2480.9380005390876,569.4567492347466,-1213.6487112809637,2654.420926019447,-3124.9478963272077,4474.495287981474,2270.724941803759,-648.2761969736872,433.5025667091395,-1937.2887826902315,5043.687577897305,872.6998992084964,1808.4088271546802,3194.2911224535274,-227.8112908573128,66.99333934203953,1297.3848444928267,-1660.8726728240972,886.4135985460778,-479.4271507319967,-977.8188732464959,1501.1125226193255,141.94000000698782
2182.2742752382105,9524.72045154152,-12265.610898383811,-16317.154577709935,6056.311702240144,-7045.484216581425,6466.4397646192165,2784.0958756996783,-2988.9899628440317,5658.673136352091,-1693.5864031084914,5704.06263124315,13198.270906220092,-680.3259916607201,4306.12887086236,-5889.629262893996,21289.031778219585,5774.158124247818,3415.347551253053,16184.317122873726,8109.301164405654,-8355.73532791642,-1918.5599241530163,4086.7402360329825,-8941.053067944333,10523.875418823158,-15070.137312609562,-7648.237630223256,2184.234999161214,-1461.1015637089147,6525.707868821952,-16987.90654734163,-2939.4697320512037,-6090.451248906442,-10758.401620955294,766.977815632626,-225.6243328863655,-4371.093062197099,5593.752790584779,-2984.92952897924,1614.168159572337,3294.0907416530576,-5054.540652735692,-478.0822144318489
5049.715772975129,22040.07845437512,-28382.461929560664,-37756.54481650525,14013.303310595391,-16302.362413086903,14963.146178436848,6441.2936850734695,-6916.862672028462,13093.538389546262,-3918.593750302558,13198.270906220092,30539.907913864638,-1574.1247922574491,9963.861311058556,-13629.110491776748,49260.80503571368,13361.176577421773,7903.150183592096,37448.826370046976,18764.426833685433,-19335.0878905728,-4439.5777163254215,9455.022690473712,-20689.52275053495,24351.196922667823,-34871.548204809835,-17697.52036100805,5054.258188943503,-3381.55585982503,15100.399942867194,-39308.57320992516,-6800.976830446035,-14092.868515211128,-24894.216510985138,1773.8882911538917,-522.7378049878993,-10115.443750029543,12943.776085641426,-6906.929040714465,3734.965024182844,7622.705868748554,-11695.845982392291,-1106.1453675314674
-260.304256575518,-1136.0367088450303,1462.8396845145476,1946.1793125286756,-722.434557056635,840.28671960594,-771.3631209846316,-332.2410169912944,356.477174228118,-674.8245582371846,202.09639851169098,-680.3259916607201,-1574.1247922574491,81.21246620115588,-513.5779046163993,702.4972823299559,-2539.2251171680664,-688.6150120276906,-407.23683713170135,-1930.3658368640645,-967.3402520017074,996.6385846716187,228.76735025695302,-487.4854860904206,1066.300590543898,-1255.3618223904386,1797.4757178480834,912.15011848679,-260.3874447772914,174.12981653156717,-778.2451699500712,2026.088497923586,350.5348567168476,726.4198949541285,1283.1870568545041,-91.4747386217589,26.91712790899415,521.1650115449535,-667.2117212007047,356.08270279250684,-192.61413311140453,-392.80811530996726,603.0342026913393,57.01715389951677
1647.4833138668157,7190.6288851301515,-9259.865519580911,-12318.372706253373,4572.031727069736,-5318.839478386357,4881.765241878131,2101.653216806523,-2256.5778873547915,4271.920153810495,-1278.4959110522639,4306.12887086236,9963.861311058556,-513.5779046163993,3250.8263701244346,-4446.415197285033,16071.768729593578,4359.160564428584,2578.4312450198463,12218.035811958085,6121.987260753339,-6308.107398217522,-1448.4257339407568,3085.0187424413766,-6750.019797283577,7944.778803909393,-11377.022773377674,-5773.94255225795,1648.9921931703077,-1103.15515645244,4926.558235329358,-12824.759604878293,-2219.016782566237,-4597.895822157353,-8121.904550910007,578.9010260316467,-170.42179131355493,-3300.071931712498,4222.947880290433,-2253.4190351706857,1218.5625450454938,2486.899740006598,-3815.820993257407,-360.90825970458246
-2253.641584431744,-9836.329756258445,12666.755533957203,16849.59008838665,-6253.435145548457,7274.961743416828,-6677.968737528818,-2874.091820916603,3087.20717321118,-5843.0096609582615,1748.6939429771708,-5889.629262893996,-13629.110491776748,702.4972823299559,-4446.415197285033,6083.051224512725,-21983.44695457735,-5962.7877153188165,-3527.04355627787,-16712.038610584834,-8374.282170527329,8629.165044060577,1981.3213759761818,-4218.510462549291,9233.472245911067,-10867.252486248357,15562.52690480702,7897.875398990219,-2255.49384084845,1509.444010626391,-6739.093594467362,17542.079952336746,3034.4510987915764,6289.260688379477,11109.669949335888,-790.98632380087,233.7933917300806,4514.829866955361,-5776.680771268769,3082.4639378013158,-1666.8441776879106,-3402.0273405608864,5219.740418883217,493.5593549187758
8145.264827164223,35550.3968825598,-45780.344651925705,-60901.56771469848,22603.918751700687,-26295.875216770783,24135.738750671397,10390.771618709148,-11156.534268522517,21119.734608189206,-6321.095182892754,21289.031778219585,49260.80503571368,-2539.2251171680664,16071.768729593578,-21983.44695457735,79458.22003861803,21551.246236282073,12747.259047248164,60405.435757385574,30267.31817845691,-31187.402275381748,-7160.75024873832,15251.836483633138,-33371.70744764784,39279.03675839205,-56247.80095515677,-28545.993852470237,8152.192101814418,-5453.8130090679215,24356.508129729147,-63404.676765434684,-10970.205651636978,-22731.96723398948,-40154.43897954951,2861.7223438033925,-842.9384301874641,-16315.294047003319,20878.294850227674,-11141.093479398349,6024.751805556216,12294.993626093554,-18865.89974447222,-1784.243957659477
2209.1800890901695,9642.591630366573,-12417.523340176367,-16518.276157287368,6130.615645836219,-7132.188302292181,6546.2195956960495,2817.5985717880667,-3026.2761744896898,5728.50628733394,-1714.1762938363404,5774.158124247818,13361.176577421773,-688.6150120276906,4359.160564428584,-5962.7877153188165,21551.246236282073,5845.671654727002,3457.8971104830603,16383.56782391132,8209.245203328244,-8459.068180826996,-1942.4634640424222,4136.188810190559,-9051.838737438371,10653.346264373065,-15256.217690635018,-7742.671523481535,2211.3854103530343,-1479.6997628578893,6606.617209737458,-17197.482645760938,-2975.3553157860797,-6165.477490323195,-10891.135140547605,775.8996597617686,-228.75191061315738,-4425.8805310385205,5662.8726654078555,-3021.640121812165,1633.9224997067572,3335.1229921614495,-5116.630271602132,-483.9308547563895
1306.6634124280188,5703.667788217418,-7345.208876564681,-9770.3945725838,3626.053181005307,-4218.625353347551,3871.928183235272,1666.1225840669542,-1790.1976217185327,3388.5290425120616,-1013.7134533598312,3415.347551253053,7903.150183592096,-407.23683713170135,2578.4312450198463,-3527.04355627787,12747.259047248164,3457.8971104830603,2045.642508866874,9690.629206967196,4855.568978162407,-5003.516232136087,-1149.128882296605,2446.1844648961683,-5354.3780525519915,6301.145345828902,-9023.997022341966,-4579.834070602262,1308.2160772394914,-875.5403559497576,3908.035327174081,-10172.35811697329,-1759.8763417885784,-3646.7499351253946,-6442.0463387726795,458.7788100463097,-135.35726031161062,-2618.3253306481542,3349.5648369822484,-1787.1545825618236,966.3257093772555,1972.9368493179923,-3026.1657422809653,-286.23991642923056
6192.147626102322,27025.89114043701,-34802.84230062448,-46298.34443903519,17183.915102440365,-19990.585126411966,18348.327652720935,7899.336710179687,-8481.297886990873,16055.581088904924,-4805.421891054623,16184.317122873726,37448.826370046976,-1930.3658368640645,12218.035811958085,-16712.038610584834,60405.435757385574,16383.56782391132,9690.629206967196,45921.21992590118,23009.667044979997,-23709.079929402695,-5443.691664369186,11594.861918147164,-25369.623361782997,29860.562200346238,-42760.40742975221,-21701.109068031732,6197.418640277135,-4145.994956350203,18516.147340037933,-48201.253219281825,-8339.818168567457,-17281.200691305792,-30526.02176888991,2175.635642512212,-640.7322375077648,-12403.01602428878,15871.9716369514,-8469.62889924275,4580.11759924482,9346.794558870046,-14342.146058912458,-1356.4231295993127
3102.7729602975824,13542.08276891229,-17438.740864255196,-23198.692623116516,8610.328378791794,-10016.495238534477,9194.080911193978,3958.1465768246217,-4249.872550680757,8044.731918581274,-2407.956785055118,8109.301164405654,18764.426833685433,-967.3402520017074,6121.987260753339,-8374.282170527329,30267.31817845691,8209.245203328244,4855.568978162407,23009.667044979997,11529.7446697844,-11880.166895392973,-2727.6157971753173,5809.470308191133,-12711.956017623375,14962.452096598427,-21426.164962501964,-10873.681844481434,3105.138500169355,-2077.4109851441594,9277.871787456637,-24152.00084987605,-4178.4785695192195,-8659.104105392891,-15295.737711849508,1089.854907443506,-321.2876163096206,-6214.805469777121,7953.1281339985,-4244.008306627067,2295.094403986026,4683.391339416253,-7186.741034377492,-679.6205095532235
-3197.0980606045996,-13954.042166715424,17969.393900986684,23904.004141071422,-8871.846883197219,10320.989237928345,-9473.572017922403,-4077.918921068301,4379.332150247084,-8289.431922167443,2480.9380005390876,-8355.73532791642,-19335.0878905728,996.6385846716187,-6308.107398217522,8629.165044060577,-31187.402275381748,-8459.068180826996,-5003.516232136087,-23709.079929402695,-11880.166895392973,12241.514315247285,2810.7239503766687,-5985.567041896347,13098.839914957578,-15417.089972287955,22077.728244474936,11204.417148722534,-3199.7716700312926,2140.995421394464,-9560.259052914418,24886.45674209643,4305.380779833944,8922.356779394797,15760.829318369448,-1122.7141883326778,331.2413382743469,6404.385720613352,-8194.984988591785,4372.948404421618,-2364.720999490106,-4826.071362349592,7404.995095513418,700.2621239651353
-734.0181718132205,-3204.029484114204,4126.156392503833,5488.50149738437,-2036.92900442363,2369.8002881113466,-2175.0572502221644,-935.9459486644863,1005.6430515561384,-1903.4916898652934,569.4567492347466,-1918.5599241530163,-4439.5777163254215,228.76735025695302,-1448.4257339407568,1981.3213759761818,-7160.75024873832,-1942.4634640424222,-1149.128882296605,-5443.691664369186,-2727.6157971753173,2810.7239503766687,645.5182801283175,-1374.1321324489375,3007.8106443318816,-3539.6645931323637,5069.219454495991,2572.7095365986597,-734.8806481409129,491.8300605964024,-2195.3287337198985,5714.295189685964,988.5972763125145,2048.556717421214,3618.8096216506488,-257.71122639366826,76.04372470123035,1470.83671775177,-1881.6157607786765,1003.9361196814986,-542.8361000902394,-1108.2910786285934,1699.9540640677874,160.7932317562764
1563.36793171176,6822.863107279909,-8786.146114411764,-11689.703948958908,4339.225904986021,-5047.657120845477,4632.415895018284,1995.6256063575424,-2140.687413852127,4053.845012676911,-1213.6487112809637,4086.7402360329825,9455.022690473712,-487.4854860904206,3085.0187424413766,-4218.510462549291,15251.836483633138,4136.188810190559,2446.1844648961683,11594.861918147164,5809.470308191133,-5985.567041896347,-1374.1321324489375,2929.09769888187,-6404.644659720694,7539.615041021428,-10795.82333015167,-5479.046792320752,1564.5510559256459,-1045.9640329571862,4674.4089843178435,-12170.018226502141,-2106.4060295494837,-4363.301365725253,-7707.183494100838,550.2591486391083,-161.12092957125702,-3130.2556449026406,4007.1139440405436,-2138.496584652218,1156.5450221569477,2359.3262726774838,-3621.2990415248582,-342.56982440466766
-3420.9408499007354,-14931.445282242199,19228.33303240522,25578.267546423456,-9493.068886867777,11043.993895888723,-10136.840795355954,-4363.021671191916,4686.176223415046,-8870.347187078982,2654.420926019447,-8941.053067944333,-20689.52275053495,1066.300590543898,-6750.019797283577,9233.472245911067,-33371.70744764784,-9051.838737438371,-5354.3780525519915,-25369.623361782997,-12711.956017623375,13098.839914957578,3007.8106443318816,-6404.644659720694,14016.630891834244,-16496.54804681752,23624.045547158898,11989.37179427649,-3424.230841435407,2291.317551300942,-10230.178455673187,26629.86047034837,4607.112334619117,9547.218731311472,16864.73891847169,-1201.3432445799367,354.37835166368274,6853.454356614507,-8768.905808701737,4679.0356321480085,-2530.127802726717,-5164.361050020849,7923.167080453726,749.3305678567639
4026.537471261624,17573.796992554133,-22630.586388293545,-30105.759056296316,11174.06751009028,-12998.873363011375,11931.343809108372,5136.894495828076,-5515.003775097808,10440.00102124494,-3124.9478963272077,10523.875418823158,24351.196922667823,-1255.3618223904386,7944.778803909393,-10867.252486248357,39279.03675839205,10653.346264373065,6301.145345828902,29860.562200346238,14962.452096598427,-15417.089972287955,-3539.6645931323637,7539.615041021428,-16496.54804681752,19417.313901528814,-27805.298173339666,-14111.128778056369,4029.638201586305,-2695.7240339734767,12040.069526191752,-31342.919921992205,-5422.816412611889,-11237.214865072001,-19849.750918181307,1414.6374306161933,-416.7231907582907,-8064.834988761148,10320.93474537161,-5507.570894844905,2978.4281888440387,6077.65808329767,-9326.431774586701,-882.0013526838807
-5766.015033563402,-25166.349687150938,32408.192362095535,43111.81378660794,-16000.910932710876,18614.492017054596,-17085.71508388458,-7354.9624771183635,7898.039430215352,-14950.485352033693,4474.495287981474,-15070.137312609562,-34871.548204809835,1797.4757178480834,-11377.022773377674,15562.52690480702,-56247.80095515677,-15256.217690635018,-9023.997022341966,-42760.40742975221,-21426.164962501964,22077.728244474936,5069.219454495991,-10795.82333015167,23624.045547158898,-27805.298173339666,39817.79500494579,20207.60241289421,-5770.960973613728,3861.1440540557724,-17242.16752657101,44883.815526534454,7765.322695436921,16091.776178862241,28425.192858609204,-2025.2672016694955,597.0675108278086,11550.177553211002,-14779.811685878802,7886.702908608262,-4264.840615646178,-8703.866764469201,13355.032454576025,1263.0040156286839
-2926.2368514165787,-12771.940668598561,16447.32797955931,21879.44041360506,-8120.488868457559,9447.036406532538,-8670.902463053215,-3732.561589224601,4008.243666205348,-7587.590573641711,2270.724941803759,-7648.237630223256,-17697.52036100805,912.15011848679,-5773.94255225795,7897.875398990219,-28545.993852470237,-7742.671523481535,-4579.834070602262,-21701.109068031732,-10873.681844481434,11204.417148722534,2572.7095365986597,-5479.046792320752,11989.37179427649,-14111.128778056369,20207.60241289421,10255.52886574458,-2928.946779849684,1959.637653538688,-8750.534114458269,22778.870783506998,3941.1150246146226,8166.638790427775,14425.876720574874,-1027.952611561523,302.9118375569899,5861.862414495659,-7500.736842609204,4002.444391077452,-2164.3190556979093,-4417.303861218615,6777.508630517497,640.9998253804717
835.6354095851506,3647.518006172059,-4697.362155429375,-6248.41214926963,2318.9301764169913,-2697.981592107989,2476.099402079573,1065.5610403577473,-1144.7912396110448,2167.0959156175177,-648.2761969736872,2184.234999161214,5054.258188943503,-260.3874447772914,1648.9921931703077,-2255.49384084845,8152.192101814418,2211.3854103530343,1308.2160772394914,6197.418640277135,3105.138500169355,-3199.7716700312926,-734.8806481409129,1564.5510559256459,-3424.230841435407,4029.638201586305,-5770.960973613728,-2928.946779849684,836.7033171166295,-559.9275563156673,2499.239334604875,-6505.492081350528,-1125.6042806455105,-2332.2206551206727,-4119.803188802527,293.521327749311,-86.50057022624641,-1674.450930895922,2142.0564592340293,-1142.9008016689384,617.9360597610159,1261.7128267564656,-1935.2188542107342,-183.0678966229211
-559.0758747279691,-2440.6316237299657,3143.1811686206975,4180.299972931816,-1551.1255947403495,1804.8742927125008,-1656.645011722953,-712.2620444638255,766.2371246355552,-1449.857470947232,433.5025667091395,-1461.1015637089147,-3381.55585982503,174.12981653156717,-1103.15515645244,1509.444010626391,-5453.8130090679215,-1479.6997628578893,-875.5403559497576,-4145.994956350203,-2077.4109851441594,2140.995421394464,491.8300605964024,-1045.9640329571862,2291.317551300942,-2695.7240339734767,3861.1440540557724,1959.637653538688,-559.9275563156673,375.05790352197863,-1672.3892797132758,4352.401751623035,752.7436871566351,1560.280690090216,2756.3221876635184,-195.93335376786666,58.17265643827332,1120.945237562588,-1433.2203181456714,764.5776527297551,-413.3112659254837,-844.4335334282451,1294.5719277137844,122.43538055625115
2496.7646105102854,10897.843325421569,-14033.99696054274,-18668.43341720448,6928.569397636156,-8060.527050574047,7398.387455983876,3184.261430642944,-3420.2799832507853,6474.143090671569,-1937.2887826902315,6525.707868821952,15100.399942867194,-778.2451699500712,4926.558235329358,-6739.093594467362,24356.508129729147,6606.617209737458,3908.035327174081,18516.147340037933,9277.871787456637,-9560.259052914418,-2195.3287337198985,4674.4089843178435,-10230.178455673187,12040.069526191752,-17242.16752657101,-8750.534114458269,2499.239334604875,-1672.3892797132758,7466.643692458859,-19436.036570787364,-3362.547873869421,-6968.036175820602,-12308.84054879525,876.7813075169064,-258.6202548564531,-5002.1195822455065,6400.046868253394,-3414.976593284493,1846.6073441984865,3769.3035061465857,-5782.681431531545,-546.9089505089736
-6499.5470001579,-28368.138042811162,36531.58134061088,48597.25913179857,-18036.910071195154,20983.21099628381,-19259.25134225496,-8290.792291113159,8902.749309578294,-16853.09250373329,5043.687577897305,-16987.90654734163,-39308.57320992516,2026.088497923586,-12824.759604878293,17542.079952336746,-63404.676765434684,-17197.482645760938,-10172.35811697329,-48201.253219281825,-24152.00084987605,24886.45674209643,5714.295189685964,-12170.018226502141,26629.86047034837,-31342.919921992205,44883.815526534454,22778.870783506998,-6505.492081350528,4352.401751623035,-19436.036570787364,50595.010142620726,8753.8811863375,18139.184513259708,32041.85339862447,-2283.385034632598,672.657063416295,13019.676071939264,-16660.141731851218,8889.995319285372,-4807.329749038776,-9811.318247287514,15053.849452253771,1423.7713783738986
-1124.453734240017,-4907.749109085631,6320.141898640822,8408.155335241805,-3120.906423342531,3630.6763720678914,-3331.890142899141,-1434.8388109928721,1539.9808525743642,-2916.0413091423216,872.6998992084964,-2939.4697320512037,-6800.976830446035,350.5348567168476,-2219.016782566237,3034.4510987915764,-10970.205651636978,-2975.3553157860797,-1759.8763417885784,-8339.818168567457,-4178.4785695192195,4305.380779833944,988.5972763125145,-2106.4060295494837,4607.112334619117,-5422.816412611889,7765.322695436921,3941.1150246146226,-1125.6042806455105,752.7436871566351,-3362.547873869421,8753.8811863375,1515.0542580811657,3138.367011285186,5543.668225999525,-395.58185127133294,115.98474957946314,2252.1183117325936,-2882.2708071435695,1538.041944707244,-831.7190308208194,-1697.3134202222896,2604.39868103641,246.3978757043659
-2330.2919774179663,-10170.512856969524,13097.153662299299,17423.162848967168,-6466.635567730693,7522.887192635315,-6904.978638085699,-2972.691308262594,3191.738361963253,-6042.011362305089,1808.4088271546802,-6090.451248906442,-14092.868515211128,726.4198949541285,-4597.895822157353,6289.260688379477,-22731.96723398948,-6165.477490323195,-3646.7499351253946,-17281.200691305792,-8659.104105392891,8922.356779394797,2048.556717421214,-4363.301365725253,9547.218731311472,-11237.214865072001,16091.776178862241,8166.638790427775,-2332.2206551206727,1560.280690090216,-6968.036175820602,18139.184513259708,3138.367011285186,6503.388539675665,11487.659737434626,-818.6657515666418,241.2309940793574,4667.618307065466,-5973.016432143758,3187.3631343833563,-1723.6043251956633,-3517.418788340908,5397.359787913772,510.43652115461555
-4116.246849945085,-17965.737346451362,23135.561973738302,30776.835520028762,-11422.853750108485,13288.647791967349,-12197.145621282807,-5250.706990014622,5638.186118566501,-10672.951729831593,3194.2911224535274,-10758.401620955294,-24894.216510985138,1283.1870568545041,-8121.904550910007,11109.669949335888,-40154.43897954951,-10891.135140547605,-6442.0463387726795,-30526.02176888991,-15295.737711849508,15760.829318369448,3618.8096216506488,-7707.183494100838,16864.73891847169,-19849.750918181307,28425.192858609204,14425.876720574874,-4119.803188802527,2756.3221876635184,-12308.84054879525,32041.85339862447,5543.668225999525,11487.659737434626,20292.257922836092,-1445.9480171437956,426.1311124532709,8245.340106026873,-10551.011613578681,5630.173969299863,-3044.5959424299535,-6213.487662195364,9533.90606751738,901.6543858785031
293.27944757945534,1279.7634088180862,-1648.048989128241,-2193.2699867133333,814.3447696674563,-947.2278309249637,868.9625535833993,374.8562836765306,-401.32729393480486,760.6745078816319,-227.8112908573128,766.977815632626,1773.8882911538917,-91.4747386217589,578.9010260316467,-790.98632380087,2861.7223438033925,775.8996597617686,458.7788100463097,2175.635642512212,1089.854907443506,-1122.7141883326778,-257.71122639366826,550.2591486391083,-1201.3432445799367,1414.6374306161933,-2025.2672016694955,-1027.952611561523,293.521327749311,-195.93335376786666,876.7813075169064,-2283.385034632598,-395.58185127133294,-818.6657515666418,-1445.9480171437956,103.67949721274198,-29.915316924163402,-586.7938920191372,751.6556159777736,-401.2073075369817,217.00706447550277,442.43470379057777,-679.3906822803765,-64.3207426545857
-86.49476159243969,-377.54262946036494,486.1345680333162,646.1687769266683,-239.59385860375238,278.8189749225082,-256.30716546447564,-109.86268182085551,118.670851760071,-223.94500105654396,66.99333934203953,-225.6243328863655,-522.7378049878993,26.91712790899415,-170.42179131355493,233.7933917300806,-842.9384301874641,-228.75191061315738,-135.35726031161062,-640.7322375077648,-321.2876163096206,331.2413382743469,76.04372470123035,-161.12092957125702,354.37835166368274,-416.7231907582907,597.0675108278086,302.9118375569899,-86.50057022624641,58.17265643827332,-258.6202548564531,672.657063416295,115.98474957946314,241.2309940793574,426.1311124532709,-29.915316924163402,9.30765582285114,173.60933875715367,-221.69112735666943,118.2659286401459,-63.915772187605235,-130.64998792255372,200.2763787165069,18.875743412271746
-1672.502077972746,-7300.507995635287,9401.617127593829,12505.285851579474,-4640.76483257039,5399.328999294517,-4955.934712517642,-2132.1209490045776,2291.5620640525603,-4336.8974760284555,1297.3848444928267,-4371.093062197099,-10115.443750029543,521.1650115449535,-3300.071931712498,4514.829866955361,-16315.294047003319,-4425.8805310385205,-2618.3253306481542,-12403.01602428878,-6214.805469777121,6404.385720613352,1470.83671775177,-3130.2556449026406,6853.454356614507,-8064.834988761148,11550.177553211002,5861.862414495659,-1674.450930895922,1120.945237562588,-5002.1195822455065,13019.676071939264,2252.1183117325936,4667.618307065466,8245.340106026873,-586.7938920191372,173.60933875715367,3351.753130788994,-4287.2967148018015,2287.461643429729,-1236.7730673659362,-2525.379210448265,3873.3145891315307,366.3074168408826
2140.2725387965925,9341.431753044997,-12029.472716013332,-16002.431968651457,5939.270898585797,-6909.361550662726,6342.02025446059,2730.0139554859343,-2931.685539702882,5549.339375621355,-1660.8726728240972,5593.752790584779,12943.776085641426,-667.2117212007047,4222.947880290433,-5776.680771268769,20878.294850227674,5662.8726654078555,3349.5648369822484,15871.9716369514,7953.1281339985,-8194.984988591785,-1881.6157607786765,4007.1139440405436,-8768.905808701737,10320.93474537161,-14779.811685878802,-7500.736842609204,2142.0564592340293,-1433.2203181456714,6400.046868253394,-16660.141731851218,-2882.2708071435695,-5973.016432143758,-10551.011613578681,751.6556159777736,-221.69112735666943,-4287.2967148018015,5486.083442253745,-2927.4470722442643,1583.0674254062476,3230.760511321715,-4957.243600933424,-468.7956850794695
-1142.120530387568,-4984.634498069162,6418.886263887938,8539.186834390353,-3169.396398661501,3686.955111274875,-3384.2826549465008,-1457.103378865668,1564.269415009782,-2961.103215911099,886.4135985460778,-2984.92952897924,-6906.929040714465,356.08270279250684,-2253.4190351706857,3082.4639378013158,-11141.093479398349,-3021.640121812165,-1787.1545825618236,-8469.62889924275,-4244.008306627067,4372.948404421618,1003.9361196814986,-2138.496584652218,4679.0356321480085,-5507.570894844905,7886.702908608262,4002.444391077452,-1142.9008016689384,764.5776527297551,-3414.976593284493,8889.995319285372,1538.041944707244,3187.3631343833563,5630.173969299863,-401.2073075369817,118.2659286401459,2287.461643429729,-2927.4470722442643,1562.2199321581804,-844.8357810349914,-1723.8207033072922,2645.462005795204,250.1575964002439
617.6248841011081,2695.4756227032367,-3470.9762648415217,-4617.6871943012475,1713.9940904649807,-1993.76185379901,1830.1489627854412,788.1325187827964,-845.847149836519,1601.2002322680476,-479.4271507319967,1614.168159572337,3734.965024182844,-192.61413311140453,1218.5625450454938,-1666.8441776879106,6024.751805556216,1633.9224997067572,966.3257093772555,4580.11759924482,2295.094403986026,-2364.720999490106,-542.8361000902394,1156.5450221569477,-2530.127802726717,2978.4281888440387,-4264.840615646178,-2164.3190556979093,617.9360597610159,-413.3112659254837,1846.6073441984865,-4807.329749038776,-831.7190308208194,-1723.6043251956633,-3044.5959424299535,217.00706447550277,-63.915772187605235,-1236.7730673659362,1583.0674254062476,-844.8357810349914,456.9296544581316,932.0914370993061,-1430.690775295157,-135.2793252273148
1260.3512366272244,5501.330269994497,-7084.558178192552,-9423.746198043698,3497.3858495557747,-4068.8902529397633,3734.6690345259535,1607.1011912472839,-1726.6871804226391,3268.1774339746653,-977.8188732464959,3294.0907416530576,7622.705868748554,-392.80811530996726,2486.899740006598,-3402.0273405608864,12294.993626093554,3335.1229921614495,1972.9368493179923,9346.794558870046,4683.391339416253,-4826.071362349592,-1108.2910786285934,2359.3262726774838,-5164.361050020849,6077.65808329767,-8703.866764469201,-4417.303861218615,1261.7128267564656,-844.4335334282451,3769.3035061465857,-9811.318247287514,-1697.3134202222896,-3517.418788340908,-6213.487662195364,442.43470379057777,-130.64998792255372,-2525.379210448265,3230.760511321715,-1723.8207033072922,932.0914370993061,1902.8866968504146,-2918.959016747691,-276.0659332647813
-1934.043985868629,-8440.764971255616,10869.364494580983,14459.903652345814,-5366.996953537175,6243.297684050092,-5730.8966643448275,-2467.5756980010806,2648.834381374398,-5014.109336695199,1501.1125226193255,-5054.540652735692,-11695.845982392291,603.0342026913393,-3815.820993257407,5219.740418883217,-18865.89974447222,-5116.630271602132,-3026.1657422809653,-14342.146058912458,-7186.741034377492,7404.995095513418,1699.9540640677874,-3621.2990415248582,7923.167080453726,-9326.431774586701,13355.032454576025,6777.508630517497,-1935.2188542107342,1294.5719277137844,-5782.681431531545,15053.849452253771,2604.39868103641,5397.359787913772,9533.90606751738,-679.3906822803765,200.2763787165069,3873.3145891315307,-4957.243600933424,2645.462005795204,-1430.690775295157,-2918.959016747691,4479.880670249016,423.6014762759308
-182.8881048668089,-798.2374401079285,1027.95369125871,1367.5424254678649,-507.59727086595484,590.5010257600591,-541.9268862240593,-233.35860790040243,250.48281247228925,-474.27282290127954,141.94000000698782,-478.0822144318489,-1106.1453675314674,57.01715389951677,-360.90825970458246,493.5593549187758,-1784.243957659477,-483.9308547563895,-286.23991642923056,-1356.4231295993127,-679.6205095532235,700.2621239651353,160.7932317562764,-342.56982440466766,749.3305678567639,-882.0013526838807,1263.0040156286839,640.9998253804717,-183.0678966229211,122.43538055625115,-546.9089505089736,1423.7713783738986,246.3978757043659,510.43652115461555,901.6543858785031,-64.3207426545857,18.875743412271746,366.3074168408826,-468.7956850794695,250.1575964002439,-135.2793252273148,-276.0659332647813,423.6014762759308,40.073973127159384
