V1,V2,V3,V4,V5,V6,V7,V8,V9,V10,V11,V12,V13,V14,V15,V16,V17,V18,V19,V20,V21,V22,V23,V24,V25,V26,V27,V28,V29,V30,V31,V32,V33,V34,V35,V36,V37,V38,V39,V40,V41,V42,V43,V44
5.4612129367762074,21.870209678392467,-27.56167575580211,-36.997694152197504,13.350342712354525,-15.9899396753131,14.624300814754188,6.2403193640148515,-6.373800593961986,12.414276814331414,-2.6172353749337822,12.774583378201456,31.098441530476247,-1.0211314029666259,10.231723627767789,-12.738645170050654,47.67945759112151,12.61775799292748,7.459161483817273,36.601533523300695,18.91345286282672,-19.04158870753135,-4.149492521156482,9.628893408624387,-20.910787602872645,24.471616638230845,-33.97546331603789,-17.848948137718953,4.6742284652251636,-3.041902296666188,14.752753189490262,-38.35848232386103,-7.756138742471271,-13.90069474620512,-24.68166236599989,2.269847007732278,-0.7986800284554858,-9.963176554880555,13.139703504436923,-7.1667622638243165,4.168821212766941,7.632602723633273,-11.254148243854676,-0.5237825975643313
21.870209678392467,94.53065976005063,-121.42625958097932,-161.70203014573758,59.830807050601834,-69.81955228631992,64.05893560725552,27.548373759351698,-29.4249518551629,55.86900743579089,-16.173395879316146,56.4582790137619,131.3601457105116,-6.483774920568647,42.90022983182726,-58.06498994950751,210.672372989689,57.0021633551678,33.71092786493542,160.3266825894453,80.62766629354384,-82.85780687652145,-18.91775477884823,40.67073908738824,-88.91821343770782,104.57572446086327,-149.24438761659732,-76.03277429454245,21.503563589688326,-14.340148083815206,64.65523443241544,-168.2510803726022,-29.656601811202645,-60.387606530902744,-106.74489514900998,7.845717047609077,-2.3718747114661434,-43.35487961999077,55.66057353912681,-29.776689964123822,16.239158422642294,32.717399528717216,-49.98847682067103,-4.467923086060095
-27.56167575580211,-121.42625958097932,156.7283070608866,208.27953204283276,-77.5244845305708,89.92827389164486,-82.56816256625399,-35.566618106807745,38.39594376491958,-72.47792179295259,22.332052707250266,-72.89229213072879,-167.79974987579425,8.990676721164794,-54.69462679976088,75.54434810251124,-272.0900000308665,-73.98107309551935,-43.766888474504334,-206.64728624226063,-103.1997523788538,106.5998077263339,24.609618108692285,-51.942159417265884,113.76902008737135,-133.9865922543427,192.48615812680512,97.34139758198299,-28.04910192434883,18.819882371177957,-83.3279798095201,216.9558354800344,36.887710323088754,77.6942700859806,137.16863259708043,-9.482677984780715,2.718755756202678,55.7721898091647,-71.13779195500386,37.86925455646126,-20.309722375507373,-41.96897465013194,64.63081700439565,6.423911990531464
-36.997694152197504,-161.70203014573758,208.27953204283276,277.06855050154957,-102.860237139072,119.61780227833857,-109.7951994005034,-47.2777000837466,50.78889206976909,-96.11063345567457,28.862426327575307,-96.87824389896124,-223.97060464860658,11.588412590800548,-73.06248884681811,100.07306392944453,-361.5299422306282,-98.10141680181655,-58.01492339423802,-274.7955586732079,-137.64842191126215,141.88363677030165,32.59517921158602,-69.3481473322448,151.75476088447488,-178.59583627794154,255.89529340011498,129.80210287109077,-37.112025166820295,24.832466447998545,-110.81241901953926,288.4249405367415,49.78604096722036,103.39972248538349,182.62510091165473,-12.947077710521102,3.8059332446400385,74.24021803024074,-94.93616898477212,50.64663458351614,-27.34176848762974,-55.89666948844516,85.85208449110957,8.180570019492123
13.350342712354525,59.830807050601834,-77.5244845305708,-102.860237139072,38.48715765300819,-44.400950371467964,40.799278125792306,17.60868104313434,-19.167194994810373,36.00325190697011,-11.651599277503594,36.08221372042114,82.27220727440347,-4.708953336483123,26.77478796542631,-37.62034910218572,134.67640298900815,36.77641233000146,21.75903608368137,102.10257059577802,50.707619788331414,-52.59972967990674,-12.254613299850805,25.469751811645317,-55.8567689953711,65.86993753058111,-95.1629473386597,-47.81088184075099,13.986820679516896,-9.425650631270605,41.173991587604974,-107.22411188740399,-17.661833757223086,-38.319240187422004,-67.59711414973346,4.412607470215039,-1.1951057611106914,-27.508806279231987,34.90376459957233,-18.50004181411681,9.777599696788986,20.640278319130523,-32.03150218363987,-3.4575233384167854
-15.9899396753131,-69.81955228631992,89.92827389164486,119.61780227833857,-44.400950371467964,51.65155558457369,-47.40698925768725,-20.40532653214226,21.922792648865517,-41.49099507440917,12.44302660973936,-41.81224599720292,-96.73310098843483,4.997807152821134,-31.555798496837433,43.19356034588204,-156.07689147481167,-42.33808933697851,-25.041721514281363,-118.64894268597446,-59.432260280350256,61.250955312647996,14.068806098530807,-29.94560307526643,65.53751297039788,-77.13567838135558,110.48259625185239,56.06172064299108,-16.020909959430988,10.721778514170836,-47.839724044642566,124.54310180300293,21.524838404312575,44.650737012788056,78.86359749076578,-5.611212303248126,1.6519767509208527,32.04759144309829,-40.99644456461338,21.875234697193367,-11.820732306503878,-24.150889461541013,37.05385045894714,3.5145303935846486
14.624300814754188,64.05893560725552,-82.56816256625399,-109.7951994005034,40.799278125792306,-47.40698925768725,43.524406916792344,18.744601209437732,-20.164248982720498,38.124933947392805,-11.553816511903078,38.39420611648973,88.6673884953598,-4.645856940370608,28.916664311084478,-39.71229309669219,143.32623066645107,38.9072294583809,23.01142792919192,108.91783092540112,54.5016377929053,-56.21260858055077,-12.93143701176781,27.45079333631852,-60.08451745218203,70.74720808504688,-101.43298051682794,-51.404111222556466,14.72999369440608,-9.865629819310671,43.91197529531921,-114.33247223653832,-19.641599935322574,-40.97639671165668,-72.36014551464082,5.096245361783148,-1.4869132322835426,-29.4025887287447,37.58411672015924,-20.040302619809122,10.801972206841473,22.149407160111668,-34.04087404283851,-3.283979295559385
6.2403193640148515,27.548373759351698,-35.566618106807745,-47.2777000837466,17.60868104313434,-20.40532653214226,18.744601209437732,8.090230118038011,-8.7209832774964,16.454132669447514,-5.107496630412017,16.55282895986416,38.041379063625655,-2.053896410503983,12.397823735893581,-17.166713564955785,61.77849371564017,16.80096814141201,9.932611955772042,46.90218196909638,23.415949183870726,-24.199350864003154,-5.585584311464514,11.78461185579408,-25.79361770471689,30.389123377745406,-43.691428835455646,-22.07034288504274,6.3681563826222805,-4.27188856633216,18.907283671758996,-49.22931311588063,-8.332780250607383,-17.633455466969338,-31.119099390377546,2.132740472484235,-0.6103624523476144,-12.651460499846241,16.13325166803278,-8.586089436939464,4.595077832056617,9.506248281299618,-14.69151391011929,-1.4775673959362565
-6.373800593961986,-29.4249518551629,38.39594376491958,50.78889206976909,-19.167194994810373,21.922792648865517,-20.164248982720498,-8.7209832774964,9.641884892172632,-17.96097637159708,6.286674405094392,-17.878331878835944,-40.12359664771993,2.5527018082970656,-13.01852351763642,18.844897958039805,-66.75784908190654,-18.361731685394165,-10.868053149914957,-50.46355598188737,-24.804909792444974,25.92716983221469,6.138693179399715,-12.416006154226407,27.310129289485733,-32.26769218148324,47.07787031258224,23.395437731818543,-7.031042363375129,4.777735454488713,-20.34987856014127,53.027620166993145,8.252048632344202,18.887068014202274,33.259576666775004,-1.9539622771582423,0.46886961791975484,13.560685266048251,-17.03625215084291,8.962253761065877,-4.609251899803104,-10.130181551644291,15.900040031331221,1.946544719623467
12.414276814331414,55.86900743579089,-72.47792179295259,-96.11063345567457,36.00325190697011,-41.49099507440917,38.124933947392805,16.454132669447514,-17.96097637159708,33.700005718502474,-11.036601236774919,33.72911295235932,76.73838053137675,-4.462042103404277,24.96338460866565,-35.22758360759659,125.91597753145898,34.4193345577645,20.37231565594314,95.41851382916619,47.30626578463976,-49.13362702170059,-11.477958008766382,23.75151123743686,-52.120457858605654,61.472775909976065,-88.94517813953453,-44.62068163238191,13.113936670084383,-8.853514230315557,38.48018338042988,-100.22500062583126,-16.37502019561407,-35.80010258872319,-63.13356150307631,4.064503625107388,-1.0851382561743084,-25.702692584564023,32.555049040852225,-17.2324615921295,9.073125387095871,19.275340159653812,-29.947121398517172,-3.2966718517417837
-2.6172353749337822,-16.173395879316146,22.332052707250266,28.862426327575307,-11.651599277503594,12.44302660973936,-11.553816511903078,-5.107496630412017,6.286674405094392,-11.036601236774919,6.037645396782057,-10.449751206548509,-20.48236149768225,2.5005792425543856,-6.464439522206762,11.948818181875161,-39.13235288592144,-11.357607267499487,-6.728347595604135,-28.894368538249825,-13.037362476337876,14.534121157792239,3.8801490376641024,-6.3310783401948205,14.253682116899853,-17.15551968536393,27.157514974988498,12.302488918541687,-4.55542480410377,3.2656355337710004,-11.637311646316943,30.488474574402023,2.5199523785658617,10.579048789482885,18.3489249471965,-0.07203726385928659,-0.2915480162434906,7.585266726097637,-8.769826365102908,4.305750924433804,-1.6164742274389239,-5.451179045200971,9.44983433286696,2.2117219929768797
12.774583378201456,56.4582790137619,-72.89229213072879,-96.87824389896124,36.08221372042114,-41.81224599720292,38.39420611648973,16.55282895986416,-17.878331878835944,33.72911295235932,-10.449751206548509,33.933864339905476,77.94861173942859,-4.2052734641878216,25.405000640698113,-35.17243136552364,126.58225580983577,34.453642310528686,20.37640779673513,96.09953661065292,47.977918841772166,-49.58731102292624,-11.460348558488846,24.139219468936925,-52.86497250518533,62.249347749480364,-89.52726185193063,-45.222321318339645,13.056361475575889,-8.758484748896244,38.764440208434266,-100.87925578140168,-17.074678401257252,-36.11414660086863,-63.759046927626535,4.357079899951113,-1.2389964048257796,-25.948410575784273,33.05907132381801,-17.585278842199674,9.402753400406562,19.483913500772317,-30.083429624295434,-3.0340398299945535
31.098441530476247,131.3601457105116,-167.79974987579425,-223.97060464860658,82.27220727440347,-96.73310098843483,88.6673884953598,38.041379063625655,-40.12359664771993,76.73838053137675,-20.48236149768225,77.94861173942859,183.79315162756845,-8.162390549040573,60.160653968855804,-79.45559811794827,290.8780975456688,78.2043719475725,46.25216273830447,221.92029484738947,112.49732378830039,-114.91325381802984,-25.889624874046852,56.90384747321005,-124.1622856202821,145.80923101791663,-206.41366276638527,-106.11513948389342,29.35411713841804,-19.445583726289513,89.485781684283765,-232.80692354469645,-42.7964604564099,-83.78904172144505,-148.31100051636926,11.70859833531102,-3.736774212670333,-60.12917037868618,77.80960624019951,-41.86418147325402,23.295698782436993,45.57934020499511,-68.91220446802511,-5.307751788832927
-1.0211314029666259,-6.483774920568647,8.990676721164794,11.588412590800548,-4.708953336483123,4.997807152821134,-4.645856940370608,-2.053896410503983,2.5527018082970656,-4.462042103404277,2.5005792425543856,-4.2052734641878216,-8.162390549040573,1.0426752404096733,-2.5715969150648545,4.834130914647457,-15.753272433758772,-4.5902181530005235,-2.724499583339996,-11.615118380081547,-5.20695851779515,5.828779062861504,1.5728360208230823,-2.520166281007327,5.687172736939927,-6.868974962141316,10.924925706624718,4.913289293826496,-1.844603865427843,1.3270799901262118,-4.678960938823327,12.267891974804218,0.9514109362582288,4.240135580596958,7.3600633244448135,-0.001381213040758284,-0.13662687041533048,3.0362489880392616,-3.4976781999590396,1.7047271351254136,-0.6256613951596608,-2.187582799231194,3.8055366052279536,0.9191259047396287
10.231723627767789,42.90022983182726,-54.69462679976088,-73.06248884681811,26.77478796542631,-31.555798496837433,28.916664311084478,12.397823735893581,-13.01852351763642,24.96338460866565,-6.464439522206762,25.405000640698113,60.160653968855804,-2.5715969150648545,19.710469803014043,-25.809428450408014,94.78748832368433,25.430657768699753,15.044220857862605,72.3736616810263,36.79304470329261,-37.505714344497825,-8.412256079372932,18.627479896025957,-40.61318432916941,47.67195181083106,-67.3014122911238,-34.702955356849365,9.527118267226367,-6.296516231527002,29.186666357511253,-75.9174866669785,-14.152400099718854,-27.345589770349704,-48.4323773283949,3.9117463562192643,-1.2674338062862232,-19.623414872955664,25.463530748271424,-13.723297511609712,7.690444526467499,14.895406702869817,-22.44680341598903,-1.6350913621769696
-12.738645170050654,-58.06498994950751,75.54434810251124,100.07306392944453,-37.62034910218572,43.19356034588204,-39.71229309669219,-17.166713564955785,18.844897958039805,-35.22758360759659,11.948818181875161,-35.17243136552364,-79.45559811794827,4.834130914647457,-25.809428450408014,36.913050347532476,-131.31670643209114,-36.0077421814871,-21.297967572780504,-99.38326905539907,-49.060284095779565,51.123366361699425,12.017048332384002,-24.59657218010611,54.028143862257146,-63.76815234201295,92.67418788832002,46.26592191779311,-13.751504957501869,9.310481623310041,-40.071214312311064,104.39006998077902,16.636082536775046,37.248220016186586,65.61650862922563,-4.029530779803973,1.0282336109401151,26.743836230254118,-33.72445656520894,17.804037214556388,-9.251350451919933,-19.998165828683387,31.262968819382554,3.640835656468559
47.67945759112151,210.672372989689,-272.0900000308665,-361.5299422306282,134.67640298900815,-156.07689147481167,143.32623066645107,61.77849371564017,-66.75784908190654,125.91597753145898,-39.13235288592144,126.58225580983577,290.8780975456688,-15.753272433758772,94.78748832368433,-131.31670643209114,472.4645296847016,128.55384197803383,76.04198327908685,358.7023358714019,178.98006217575534,-185.0167124493829,-42.76935710138315,90.05643191389036,-197.2643434837,232.35696957801952,-334.1560858070173,-168.78858107542683,48.76366536524679,-32.73958318074906,144.64146199951892,-376.588727343639,-63.67888317451948,-134.82985919425983,-237.98551059783298,16.285048248456118,-4.63446271493019,-96.79125135907012,123.33688062405078,-65.61062177192736,35.09132555953479,72.76635984710657,-112.27104069944679,-11.329725479167232
12.61775799292748,57.0021633551678,-73.98107309551935,-98.10141680181655,36.77641233000146,-42.33808933697851,38.9072294583809,16.80096814141201,-18.361731685394165,34.4193345577645,-11.357607267499487,34.453642310528686,78.2043719475725,-4.5902181530005235,25.430657768699753,-36.0077421814871,128.55384197803383,35.18620387075025,20.811157751144457,97.38318839572123,48.24594829876482,-50.147339795621754,-11.731471352944107,24.212024049409447,-53.13910121731485,62.66020564831495,-90.78591121686395,-45.482802766832314,13.39977987460062,-9.043874857700777,39.28110029002363,-102.26885918083252,-16.607443672393366,-36.51946845264896,-64.38920347597313,4.08301031500688,-1.0759258317527973,-26.244757964227585,33.18876576540961,-17.559812016810806,9.201016747215427,19.639458863567878,-30.584831819141836,-3.421011790566891
7.459161483817273,33.71092786493542,-43.766888474504334,-58.01492339423802,21.75903608368137,-25.041721514281363,23.01142792919192,9.932611955772042,-10.868053149914957,20.37231565594314,-6.728347595604135,20.37640779673513,46.25216273830447,-2.724499583339996,15.044220857862605,-21.297967572780504,76.04198327908685,20.811157751144457,12.324985471225983,57.599119572102545,28.52776039206867,-29.655714871865474,-6.945268940778974,14.314225926124788,-31.42437245910115,37.06981363113802,-53.70318222294775,-26.90186595453726,7.933132014970042,-5.361710548639295,23.237772202570746,-60.51109206734094,-9.82122609934937,-21.596810865269145,-38.0931398970535,2.4193050939204883,-0.6346601950557633,-15.514378252589037,19.626297565273255,-10.373076164216586,5.447885285075569,11.625439100441513,-18.087953683945607,-2.0250605421535086
36.601533523300695,160.3266825894453,-206.64728624226063,-274.7955586732079,102.10257059577802,-118.64894268597446,108.91783092540112,46.90218196909638,-50.46355598188737,95.41851382916619,-28.894368538249825,96.09953661065292,221.92029484738947,-11.615118380081547,72.3736616810263,-99.38326905539907,358.7023358714019,97.38318839572123,57.599119572102545,272.59019561382377,136.4076444531569,-140.6907050335647,-32.36995030391523,68.7036377129247,-150.38997999544418,177.04966992657495,-253.85836828406167,-128.65408772554065,36.86922146272031,-24.69294463323754,109.91156872028368,-286.1422003217305,-49.16851791706105,-102.54717130179172,-181.09683322613301,12.752264241129852,-3.7209143223079737,-73.60419813602347,94.0673303366117,-50.15277847394662,27.029292917521097,55.432773686665186,-85.18360423375096,-8.21715985923092
18.91345286282672,80.62766629354384,-103.1997523788538,-137.64842191126215,50.707619788331414,-59.432260280350256,54.5016377929053,23.415949183870726,-24.804909792444974,47.30626578463976,-13.037362476337876,47.977918841772166,112.49732378830039,-5.20695851779515,36.79304470329261,-49.060284095779565,178.98006217575534,48.24594829876482,28.52776039206867,136.4076444531569,68.95578718478532,-70.5967542989438,-15.984895203743276,34.83889518265356,-76.05735610752596,89.36757754380821,-126.92094629527469,-65.00859992844431,18.132983915110316,-12.037297262854977,55.01225989163742,-143.10388613836878,-25.88210371462714,-51.4472577381333,-91.02529452677464,6.9824085734061265,-2.1850770493711167,-36.93509961770211,47.65190325560362,-25.58040992700271,14.122774187557424,27.929244075695088,-42.44087552862621,-3.477745760419045
-19.04158870753135,-82.85780687652145,106.5998077263339,141.88363677030165,-52.59972967990674,61.250955312647996,-56.21260858055077,-24.199350864003154,25.92716983221469,-49.13362702170059,14.534121157792239,-49.58731102292624,-114.91325381802984,5.828779062861504,-37.505714344497825,51.123366361699425,-185.0167124493829,-50.147339795621754,-29.655714871865474,-140.6907050335647,-70.5967542989438,72.68136670357674,16.65311233248463,-35.584456088939746,77.83104137420987,-91.5660212459953,130.99799078124644,66.56112334793609,-18.94728909574042,12.660004053785553,-56.73916495053438,147.6529059319116,25.70383642566441,52.95999737758319,93.56954676805935,-6.727258111798907,2.002832688986722,38.02983928127048,-48.70578065874568,26.010275567543783,-14.099284780044357,-28.64553881758841,43.9293364412174,4.083481316341374
-4.149492521156482,-18.91775477884823,24.609618108692285,32.59517921158602,-12.254613299850805,14.068806098530807,-12.93143701176781,-5.585584311464514,6.138693179399715,-11.477958008766382,3.8801490376641024,-11.460348558488846,-25.889624874046852,1.5728360208230823,-8.412256079372932,12.017048332384002,-42.76935710138315,-11.731471352944107,-6.945268940778974,-32.36995030391523,-15.984895203743276,16.65311233248463,3.9185294184102575,-8.01253897601529,17.604226671776804,-20.776314756519962,30.18754628885668,15.07292505993428,-4.4791143373422075,3.0326094694602155,-13.058858208772676,34.00854058997424,5.428151407361115,12.126478963034987,21.37751853582705,-1.3149190539685955,0.3333944394332253,8.713021316107012,-10.989235224014184,5.797252691447716,-3.0178025307001195,-6.517811109227613,10.17724099416515,1.1828060244864265
9.628893408624387,40.67073908738824,-51.942159417265884,-69.3481473322448,25.469751811645317,-29.94560307526643,27.45079333631852,11.78461185579408,-12.416006154226407,23.75151123743686,-6.3310783401948205,24.139219468936925,56.90384747321005,-2.520166281007327,18.627479896025957,-24.59657218010611,90.05643191389036,24.212024049409447,14.314225926124788,68.7036377129247,34.83889518265356,-35.584456088939746,-8.01253897601529,17.624900257049557,-38.44103332021022,45.138433692110425,-63.902305138509384,-32.85095571964332,9.083481229166354,-6.012795232201741,27.703680659750503,-72.0631834076817,-13.251863992006461,-25.940877307896795,-45.913636637719165,3.622786668674561,-1.1576952825222202,-18.618728237643023,24.093678710974945,-12.965754362574177,7.212117589181429,14.101306527576753,-21.342012816632792,-1.6431482471664793
-20.910787602872645,-88.91821343770782,113.76902008737135,151.75476088447488,-55.8567689953711,65.53751297039788,-60.08451745218203,-25.79361770471689,27.310129289485733,-52.120457858605654,14.253682116899853,-52.86497250518533,-124.1622856202821,5.687172736939927,-40.61318432916941,54.028143862257146,-197.2643434837,-53.13910121731485,-31.42437245910115,-150.38997999544418,-76.05735610752596,77.83104137420987,17.604226671776804,-38.44103332021022,83.93228500770824,-98.59153229656403,139.91277855226016,71.73949194158752,-19.976514020945817,13.259130848523059,-60.64618092620818,157.77986758231478,28.655577853981622,56.74314215005547,100.39247220037105,-7.763215068045965,2.4431255698892995,40.73405510301581,-52.57702832354631,28.242809318288685,-15.618475901593346,-30.82836393314976,46.75137817724667,3.7716607201349315
24.471616638230845,104.57572446086327,-133.9865922543427,-178.59583627794154,65.86993753058111,-77.13567838135558,70.74720808504688,30.389123377745406,-32.26769218148324,61.472775909976065,-17.15551968536393,62.249347749480364,145.80923101791663,-6.868974962141316,47.67195181083106,-63.76815234201295,232.35696957801952,62.66020564831495,37.06981363113802,177.04966992657495,89.36757754380821,-91.5660212459953,-20.776314756519962,45.138433692110425,-98.59153229656403,115.91926376647413,-164.74785282382334,-84.29742866606408,23.587061437153874,-15.685545231361147,71.38339868292239,-185.79033940316268,-33.419259845939784,-66.76353385309332,-118.10407326870126,9.004775163143172,-2.7954086525073407,-47.88752114622774,61.75281122628618,-33.12417841828762,18.264111684218246,36.25799102313524,-55.09220234103096,-4.591057443870824
-33.97546331603789,-149.24438761659732,192.48615812680512,255.89529340011498,-95.1629473386597,110.48259625185239,-101.43298051682794,-43.691428835455646,47.07787031258224,-88.94517813953453,27.157514974988498,-89.52726185193063,-206.41366276638527,10.924925706624718,-67.3014122911238,92.67418788832002,-334.1560858070173,-90.78591121686395,-53.70318222294775,-253.85836828406167,-126.92094629527469,130.99799078124644,30.18754628885668,-63.902305138509384,139.91277855226016,-164.74785282382334,236.44121637310707,119.6984519218745,-34.39048296693457,23.051978770310306,-102.36517359812059,266.4962104585502,45.560466665557925,95.47013584344205,168.5832314723626,-11.763720969319834,3.403995206305457,68.53033566820403,-87.50507877613951,46.616470653035606,-25.067809189295996,-51.58512368296853,79.37102009564222,7.769584813541953
-17.848948137718953,-76.03277429454245,97.34139758198299,129.80210287109077,-47.81088184075099,56.06172064299108,-51.404111222556466,-22.07034288504274,23.395437731818543,-44.62068163238191,12.302488918541687,-45.222321318339645,-106.11513948389342,4.913289293826496,-34.702955356849365,46.26592191779311,-168.78858107542683,-45.482802766832314,-26.90186595453726,-128.65408772554065,-65.00859992844431,66.56112334793609,15.07292505993428,-32.85095571964332,71.73949194158752,-84.29742866606408,119.6984519218745,61.3302701805851,-17.113621261772565,11.370361691306211,-51.87398607823743,134.99089551969016,24.424802005889315,48.53654409041444,85.859514321709,-6.606810645961948,2.069710055953441,34.828312342746976,-44.93398087087874,24.12455303521656,-13.325322015979433,-26.365928399386902,40.00756685959212,3.268198266172423
4.6742284652251636,21.503563589688326,-28.04910192434883,-37.112025166820295,13.986820679516896,-16.020909959430988,14.72999369440608,6.3681563826222805,-7.031042363375129,13.113936670084383,-4.55542480410377,13.056361475575889,29.35411713841804,-1.844603865427843,9.527118267226367,-13.751504957501869,48.76366536524679,13.39977987460062,7.933132014970042,36.86922146272031,18.132983915110316,-18.94728909574042,-4.4791143373422075,9.083481229166354,-19.976514020945817,23.587061437153874,-34.39048296693457,-17.113621261772565,5.137237645815729,-3.491484786357545,14.866839528786322,-38.74422399537344,-6.0639552798745,-13.809741054872658,-24.31126710912839,1.4464534045076316,-0.35497974521101777,-9.916302360195733,12.458481672165632,-6.557627564296158,3.3793716106177447,7.407414353540867,-11.6095244026108,-1.4050975130809156
-3.041902296666188,-14.340148083815206,18.819882371177957,24.832466447998545,-9.425650631270605,10.721778514170836,-9.865629819310671,-4.27188856633216,4.777735454488713,-8.853514230315557,3.2656355337710004,-8.758484748896244,-19.445583726289513,1.3270799901262118,-6.296516231527002,9.310481623310041,-32.73958318074906,-9.043874857700777,-5.361710548639295,-24.69294463323754,-12.037297262854977,12.660004053785553,3.0326094694602155,-6.012795232201741,13.259130848523059,-15.685545231361147,23.051978770310306,11.370361691306211,-3.491484786357545,2.3929525069998663,-9.955960023967146,25.96967059270418,3.871649394623508,9.230854012139181,16.226418053280742,-0.8824334267433902,0.19111095676584053,6.623823377695798,-8.256427234538458,4.315101260600749,-2.177250409454255,-4.936511576265317,7.803647153532644,1.0354566801512433
14.752753189490262,64.65523443241544,-83.3279798095201,-110.81241901953926,41.173991587604974,-47.839724044642566,43.91197529531921,18.907283671758996,-20.34987856014127,38.48018338042988,-11.637311646316943,38.764440208434266,89.485781684283765,-4.678960938823327,29.186666357511253,-40.071214312311064,144.64146199951892,39.28110029002363,23.237772202570746,109.91156872028368,55.01225989163742,-56.73916495053438,-13.058858208772676,27.703680659750503,-60.64618092620818,71.38339868292239,-102.36517359812059,-51.87398607823743,14.866839528786322,-9.955960023967146,44.33182406386567,-115.37762689193714,-19.827215315396302,-41.3392532925482,-73.02121728807684,5.134197049256256,-1.4950166481442206,-29.690665803961792,37.9354967463978,-20.218938778323405,10.896134477560901,22.347444631737055,-34.34784271654801,-3.317464958350885
-38.35848232386103,-168.2510803726022,216.9558354800344,288.4249405367415,-107.22411188740399,124.54310180300293,-114.33247223653832,-49.22931311588063,53.027620166993145,-100.22500062583126,30.488474574402023,-100.87925578140168,-232.80692354469645,12.267891974804218,-75.9174866669785,104.39006998077902,-376.588727343639,-102.26885918083252,-60.51109206734094,-286.1422003217305,-143.10388613836878,147.6529059319116,34.00854058997424,-72.0631834076817,157.77986758231478,-185.79033940316268,266.4962104585502,134.99089551969016,-38.74422399537344,25.96967059270418,-115.37762689193714,300.4096343992622,51.486428990153804,107.6287985923932,190.0732315365323,-13.336159450056712,3.871985434485157,77.23873598241576,-98.67965355268475,52.582183143483704,-28.322727282823653,-58.18819942017071,89.42825777353792,8.687782738782245
-7.756138742471271,-29.656601811202645,36.887710323088754,49.78604096722036,-17.661833757223086,21.524838404312575,-19.641599935322574,-8.332780250607383,8.252048632344202,-16.37502019561407,2.5199523785658617,-17.074678401257252,-42.7964604564099,0.9514109362582288,-14.152400099718854,16.636082536775046,-63.67888317451948,-16.607443672393366,-9.82122609934937,-49.16851791706105,-25.88210371462714,25.70383642566441,5.428151407361115,-13.251863992006461,28.655577853981622,-33.419259845939784,45.560466665557925,24.424802005889315,-6.0639552798745,3.871649394623508,-19.827215315396302,51.486428990153804,11.323409535344457,18.765786002761452,33.443714947239144,-3.479400477225235,1.2987314157786543,13.454346366506735,-18.053850185242496,9.961583193995885,-6.021125785834161,-10.401335522106974,14.97345642014835,0.2550527668321584
-13.90069474620512,-60.387606530902744,77.6942700859806,103.39972248538349,-38.319240187422004,44.650737012788056,-40.97639671165668,-17.633455466969338,18.887068014202274,-35.80010258872319,10.579048789482885,-36.11414660086863,-83.78904172144505,4.240135580596958,-27.345589770349704,37.248220016186586,-134.82985919425983,-36.51946845264896,-21.596810865269145,-102.54717130179172,-51.4472577381333,52.95999737758319,12.126478963034987,-25.940877307896795,56.74314215005547,-66.76353385309332,95.47013584344205,48.53654409041444,-13.809741054872658,9.230854012139181,-41.3392532925482,107.6287985923932,18.765786002761452,38.61975231848889,68.21206797585909,-4.931718857884915,1.475867870208365,27.708620414582597,-35.50205064933948,18.97011235834671,-10.292377485994194,-20.897649593361283,32.00422954359196,2.954762986839149
-24.68166236599989,-106.74489514900998,137.16863259708043,182.62510091165473,-67.59711414973346,78.86359749076578,-72.36014551464082,-31.119099390377546,33.259576666775004,-63.13356150307631,18.3489249471965,-63.759046927626535,-148.31100051636926,7.3600633244448135,-48.4323773283949,65.61650862922563,-237.98551059783298,-64.38920347597313,-38.0931398970535,-181.09683322613301,-91.02529452677464,93.56954676805935,21.37751853582705,-45.913636637719165,100.39247220037105,-118.10407326870126,168.5832314723626,85.859514321709,-24.31126710912839,16.226418053280742,-73.02121728807684,190.0732315365323,33.443714947239144,68.21206797585909,120.56690114142177,-8.850569453310762,2.6714778362065914,48.94667142291925,-62.837203629583534,33.60304811003557,-18.327103645316082,-36.96001578364736,56.46927847200629,5.069213168322926
2.269847007732278,7.845717047609077,-9.482677984780715,-12.947077710521102,4.412607470215039,-5.611212303248126,5.096245361783148,2.132740472484235,-1.9539622771582423,4.064503625107388,-0.07203726385928659,4.357079899951113,11.70859833531102,-0.001381213040758284,3.9117463562192643,-4.029530779803973,16.285048248456118,4.08301031500688,2.4193050939204883,12.752264241129852,6.9824085734061265,-6.727258111798907,-1.3149190539685955,3.622786668674561,-7.763215068045965,9.004775163143172,-11.763720969319834,-6.606810645961948,1.4464534045076316,-0.8824334267433902,5.134197049256256,-13.336159450056712,-3.479400477225235,-4.931718857884915,-8.850569453310762,1.1725761040868476,-0.4789153977901564,-3.515336354940592,4.916266764368213,-2.7822975013519313,1.8203401524795462,2.795599469084296,-3.7939270921256103,0.20861287503122966
-0.7986800284554858,-2.3718747114661434,2.718755756202678,3.8059332446400385,-1.1951057611106914,1.6519767509208527,-1.4869132322835426,-0.6103624523476144,0.46886961791975484,-1.0851382561743084,-0.2915480162434906,-1.2389964048257796,-3.736774212670333,-0.13662687041533048,-1.2674338062862232,1.0282336109401151,-4.63446271493019,-1.0759258317527973,-0.6346601950557633,-3.7209143223079737,-2.1850770493711167,2.002832688986722,0.3333944394332253,-1.1576952825222202,2.4431255698892995,-2.7954086525073407,3.403995206305457,2.069710055953441,-0.35497974521101777,0.19111095676584053,-1.4950166481442206,3.871985434485157,1.2987314157786543,1.475867870208365,2.6714778362065914,-0.4789153977901564,0.21716034726633024,1.0479643386259123,-1.5594681245042443,0.9197450136965185,-0.6627631379372732,-0.8588290238309852,1.0642522255974385,-0.20371384192783762
-9.963176554880555,-43.35487961999077,55.7721898091647,74.24021803024074,-27.508806279231987,32.04759144309829,-29.4025887287447,-12.651460499846241,13.560685266048251,-25.702692584564023,7.585266726097637,-25.948410575784273,-60.12917037868618,3.0362489880392616,-19.623414872955664,26.743836230254118,-96.79125135907012,-26.244757964227585,-15.514378252589037,-73.60419813602347,-36.93509961770211,38.02983928127048,8.713021316107012,-18.618728237643023,40.73405510301581,-47.88752114622774,68.53033566820403,34.828312342746976,-9.916302360195733,6.623823377695798,-29.690665803961792,77.23873598241576,13.454346366506735,27.708620414582597,48.94667142291925,-3.515336354940592,1.0479643386259123,19.918999996228056,-25.484450751190266,13.612713031334746,-7.365773697884835,-14.98498868289628,22.973850066494002,2.1360583095438517
13.139703504436923,55.66057353912681,-71.13779195500386,-94.93616898477212,34.90376459957233,-40.99644456461338,37.58411672015924,16.13325166803278,-17.03625215084291,32.555049040852225,-8.769826365102908,33.05907132381801,77.80960624019951,-3.4976781999590396,25.463530748271424,-33.72445656520894,123.33688062405078,33.18876576540961,19.626297565273255,94.0673303366117,47.65190325560362,-48.70578065874568,-10.989235224014184,24.093678710974945,-52.57702832354631,61.75281122628618,-87.50507877613951,-44.93398087087874,12.458481672165632,-8.256427234538458,37.9354967463978,-98.67965355268475,-18.053850185242496,-35.50205064933948,-62.837203629583534,4.916266764368213,-1.5594681245042443,-25.484450751190266,32.948999698891264,-17.715187446047228,9.834402856794483,19.2992562605664,-29.229942859316502,-2.2948013778468628
-7.1667622638243165,-29.776689964123822,37.86925455646126,50.64663458351614,-18.50004181411681,21.875234697193367,-20.040302619809122,-8.586089436939464,8.962253761065877,-17.2324615921295,4.305750924433804,-17.585278842199674,-41.86418147325402,1.7047271351254136,-13.723297511609712,17.804037214556388,-65.61062177192736,-17.559812016810806,-10.373076164216586,-50.15277847394662,-25.58040992700271,26.010275567543783,5.797252691447716,-12.965754362574177,28.242809318288685,-33.12417841828762,46.616470653035606,24.12455303521656,-6.557627564296158,4.315101260600749,-20.218938778323405,52.582183143483704,9.961583193995885,18.97011235834671,33.60304811003557,-2.7822975013519313,0.9197450136965185,13.612713031334746,-17.715187446047228,9.579932562318374,-5.397196725297861,-10.342058662221822,15.52937198063371,1.0532672691029967
4.168821212766941,16.239158422642294,-20.309722375507373,-27.34176848762974,9.777599696788986,-11.820732306503878,10.801972206841473,4.595077832056617,-4.609251899803104,9.073125387095871,-1.6164742274389239,9.402753400406562,23.295698782436993,-0.6256613951596608,7.690444526467499,-9.251350451919933,35.09132555953479,9.201016747215427,5.447885285075569,27.029292917521097,14.122774187557424,-14.099284780044357,-3.0178025307001195,7.212117589181429,-15.618475901593346,18.264111684218246,-25.067809189295996,-13.325322015979433,3.3793716106177447,-2.177250409454255,10.896134477560901,-28.322727282823653,-6.021125785834161,-10.292377485994194,-18.327103645316082,1.8203401524795462,-0.6627631379372732,-7.365773697884835,9.834402856794483,-5.397196725297861,3.225372594428645,5.688396942072436,-8.26805076326888,-0.23994844526093356
7.632602723633273,32.717399528717216,-41.96897465013194,-55.89666948844516,20.640278319130523,-24.150889461541013,22.149407160111668,9.506248281299618,-10.130181551644291,19.275340159653812,-5.451179045200971,19.483913500772317,45.57934020499511,-2.187582799231194,14.895406702869817,-19.998165828683387,72.76635984710657,19.639458863567878,11.625439100441513,55.432773686665186,27.929244075695088,-28.64553881758841,-6.517811109227613,14.101306527576753,-30.82836393314976,36.25799102313524,-51.58512368296853,-26.365928399386902,7.407414353540867,-4.936511576265317,22.347444631737055,-58.18819942017071,-10.401335522106974,-20.897649593361283,-36.96001578364736,2.795599469084296,-0.8588290238309852,-14.98498868289628,19.2992562605664,-10.342058662221822,5.688396942072436,11.35699002957781,-17.244841507247603,-1.4665528201611773
-11.254148243854676,-49.98847682067103,64.63081700439565,85.85208449110957,-32.03150218363987,37.05385045894714,-34.04087404283851,-14.69151391011929,15.900040031331221,-29.947121398517172,9.44983433286696,-30.083429624295434,-68.91220446802511,3.8055366052279536,-22.44680341598903,31.262968819382554,-112.27104069944679,-30.584831819141836,-18.087953683945607,-85.18360423375096,-42.44087552862621,43.9293364412174,10.17724099416515,-21.342012816632792,46.75137817724667,-55.09220234103096,79.37102009564222,40.00756685959212,-11.6095244026108,7.803647153532644,-34.34784271654801,89.42825777353792,14.97345642014835,32.00422954359196,56.46927847200629,-3.7939270921256103,1.0642522255974385,22.973850066494002,-29.229942859316502,15.52937198063371,-8.26805076326888,-17.244841507247603,26.701760201510893,2.766218127112901
-0.5237825975643313,-4.467923086060095,6.423911990531464,8.180570019492123,-3.4575233384167854,3.5145303935846486,-3.283979295559385,-1.4775673959362565,1.946544719623467,-3.2966718517417837,2.2117219929768797,-3.0340398299945535,-5.307751788832927,0.9191259047396287,-1.6350913621769696,3.640835656468559,-11.329725479167232,-3.421011790566891,-2.0250605421535086,-8.21715985923092,-3.477745760419045,4.083481316341374,1.1828060244864265,-1.6431482471664793,3.7716607201349315,-4.591057443870824,7.769584813541953,3.268198266172423,-1.4050975130809156,1.0354566801512433,-3.317464958350885,8.687782738782245,0.2550527668321584,2.954762986839149,5.069213168322926,0.20861287503122966,-0.20371384192783762,2.1360583095438517,-2.2948013778468628,1.0532672691029967,-0.23994844526093356,-1.4665528201611773,2.766218127112901,0.8641730076911451
