V1,V2,V3,V4,V5,V6,V7,V8,V9,V10,V11,V12,V13,V14,V15,V16,V17,V18,V19,V20,V21,V22,V23,V24,V25,V26,V27,V28,V29,V30,V31,V32,V33,V34,V35,V36,V37,V38,V39,V40,V41,V42,V43,V44
78.72677083954241,3.437078042230118,-13.304637108396866,18.36305514692404,-1.7130678112966204,19.03422561742171,19.21746036491807,-8.372563822708862,-22.625194431933355,-27.201968000130417,6.70336637789461,19.514797691931626,-23.205229655741793,30.455029934511103,-110.54868855710917,48.140539941487965,9.881797146226473,-69.49392526056184,-40.943330908425466,42.73021440630268,229.19077757332693,-14.695743069235515,63.989314581421596,-85.09107484546591,108.41988668764145,60.829303921611604,-34.16598249210278,-125.52453071925338,3.71918405559596,-68.557098580962,94.53354926095942,-60.34035122876859,16.47833540275555,76.52609540030392,6.142290354933028,-64.76252722425009,-20.81685834487415,-28.490031646052962,175.09886888655242,-9.1725864300181,78.71758338181216,29.454118657318855,-60.1827445310691,22.826689759756576
3.437078042230118,0.9708068461865996,-1.6148488918630308,-0.6620299744123318,0.45524004794912964,0.17203128083661642,1.3547347293719425,-0.10327420738384488,-1.1919687811809951,-0.630398328616915,0.13191693386107123,1.3003949661514844,0.19379679395614816,1.1977545101243632,-4.182600297104808,1.4740820697452297,2.2576956884109203,-2.3642637031909803,-1.3917701148213197,3.1692760235310353,10.15666467132418,-1.3329389968281453,2.4720208412818336,-3.1523073030758213,3.6912937051601022,3.4248677113188357,-2.7190542367470742,-5.842059421185599,0.3426794052697892,-2.953257462795875,4.465365460905029,-3.9651431923786666,0.42131424872329837,2.6254706710575384,-0.6831227306524664,-2.6024459907594055,-0.8786259242178235,-1.5550482670424215,7.707355444867722,-0.6387415128304468,3.387289291403079,1.5013556579586522,-2.920646550220765,0.9009048407570304
-13.304637108396866,-1.6148488918630308,3.555528164676575,-1.257024518973958,-0.3818009225576394,-2.3860988978706437,-3.8996344130650646,1.0838898924532196,4.084942257638887,3.892349335699496,-0.9220877669012619,-3.8656754186404134,2.4075019872684083,-4.97826158401673,17.878058278965813,-7.341557768922265,-3.979000993768235,10.899025241853106,6.419825530813567,-8.869016813991461,-38.929125440720576,3.3559372295415413,-10.409607009035795,13.676346474594604,-17.01662812336686,-11.2491746509876,7.325661424314287,21.672065976866918,-0.8581053158705408,11.540543821887596,-16.407081400108236,11.88040645586137,-2.4166641840468333,-12.033674571773805,0.16019178424687142,10.667173977608222,3.478895654645537,5.208378507452301,-29.675131585605406,1.8485428781468525,-13.240763538715768,-5.249737464921343,10.544677784740115,-3.7341667435682906
18.36305514692404,-0.6620299744123318,-1.257024518973958,6.894831222688309,-1.3466382195357667,5.615214003022263,3.561603609004793,-2.4209847157550293,-4.911105590355525,-7.339982999338139,1.854456607210359,3.750711965069512,-7.5618372772798175,7.340040880503668,-26.930283989424353,12.349915461565642,-0.9563132733195076,-17.40466868906648,-10.256280305452954,7.6390379450811645,53.18694120974318,-2.194092607697238,15.498769803550447,-20.84845441847973,27.144120959800244,12.816671054455885,-5.7774796530369885,-28.631860151064014,0.5446984549569175,-16.059610895440393,21.444306833321644,-11.69778107023963,4.371448730526023,19.12469567705174,3.1291249525253564,-15.50414389758666,-4.909929182201273,-6.089478402657754,40.72749174869051,-1.7154493428729554,18.44907076397385,6.48564827666138,-13.512463534363167,5.496466069331946
-1.7130678112966204,0.45524004794912964,-0.3818009225576394,-1.3466382195357667,0.3824682390952274,-0.8400875272443868,-0.0833467784208217,0.35209691350190186,0.357123032138989,0.953965093909835,-0.25637245045755286,-0.1327767923692509,1.2791826826504502,-0.749837558309024,2.815866805298958,-1.455563305264203,0.971005497616132,1.9459005118790598,1.1472326630401282,-0.08362997234165516,-4.884402857401373,-0.1278377381108702,-1.5994657304526474,2.2108684211059173,-3.026627956533325,-0.8267625225906726,-0.053554900828351494,2.495401398913914,0.03745346067250156,1.5136793174988992,-1.8344991152344443,0.4483405458198363,-0.545061263506764,-2.125300036693,-0.7478017716777876,1.5497213998181385,0.4733374864255891,0.4177240547617836,-3.765713543239791,0.04716066265371651,-1.744824714232175,-0.5012585650341264,1.116489341479357,-0.5608791771768965
19.03422561742171,0.17203128083661642,-2.3860988978706437,5.615214003022263,-0.8400875272443868,5.131166965933977,4.232006409753752,-2.2349240093558524,-5.305870883989948,-7.024429149943508,1.7506189135851289,4.35790362888374,-6.578836694343038,7.469403703278026,-27.24422046957142,12.1435152716035,0.922021037334516,-17.339825642234214,-10.216939036128734,9.28380863764832,55.29123332535787,-2.9978443108752666,15.729236544219008,-21.024193953286346,27.049363563279304,14.089491873701878,-7.274469063586925,-30.057964980089775,0.754182525235562,-16.6069352104319,22.583895312421934,-13.519688855429063,4.2226550378267405,19.07643842721325,2.2488284647182555,-15.8380596133571,-5.057358705390111,-6.638160042378834,42.28377324484901,-2.0265747882215313,19.07168799588989,6.948263138782954,-14.314879217453978,5.596056755931699
19.21746036491807,1.3547347293719425,-3.8996344130650646,3.561603609004793,-0.0833467784208217,4.232006409753752,5.01626765204073,-1.8786488278848317,-5.6531799424275695,-6.288629147023156,1.5312512644199967,5.046770356130647,-4.909243879531616,7.3500946809046495,-26.58402318942386,11.355232956984501,3.5638136713688184,-16.542060267017195,-9.745269291454452,11.252417478039566,56.04418117347528,-4.022407005052391,15.418285555022035,-20.41993673473173,25.814188431044794,15.332059526089798,-9.113940419454316,-30.869723652151524,1.0223413081301176,-16.712309979741196,23.290936835613852,-15.56868919004676,3.8387661337548704,18.231831917833638,0.9017072349711468,-15.670285856685782,-5.061971024111458,-7.150824187940451,42.78400007123842,-2.387891987157717,19.184135730718165,7.3255055439724694,-14.877303542598948,5.510481995182393
-8.372563822708862,-0.10327420738384488,1.0838898924532196,-2.4209847157550293,0.35209691350190186,-2.2349240093558524,-1.8786488278848317,0.9743604316864493,2.3403057737506154,3.0713851132892316,-0.7655577334820356,-1.9316828679587157,2.8525547669429545,-3.281391016177495,11.961521193477301,-5.3208309715578,-0.46608379669410405,7.604868134869693,4.48088568919982,-4.12694166437122,-24.32524620850372,1.3417495414763367,-6.907896114743242,9.228457706474236,-11.862390719676034,-6.223379801533078,3.2405083227116016,13.233442619174165,-0.33755195470306176,7.30304081850541,-9.944792486398123,5.990960583372664,-1.846583361663663,-8.36682725513037,-0.9571783716840836,6.958476025000744,2.223674373101218,2.9302403250858386,-18.600937809838282,0.8996155520714167,-8.387389917194742,-3.063503377531059,6.306008056634484,-2.458631823393202
-22.625194431933355,-1.1919687811809951,4.084942257638887,-4.911105590355525,0.357123032138989,-5.305870883989948,-5.6531799424275695,2.3403057737506154,6.5568870161921895,7.676333716966575,-1.878747289673185,-5.722517749348789,6.374601294208187,-8.717348060964673,31.61648314515654,-13.675755251187807,-3.301908534646758,19.803765131830904,11.667332254347802,-12.60939087511176,-65.91059392187013,4.396714265463865,-18.31051469469688,24.318885808114253,-30.905762490578923,-17.673156256585045,10.129275800430863,36.16700536047668,-1.1159676586268985,19.697056984526586,-27.256778249429974,17.67826790092346,-4.668451737725504,-21.81699271512977,-1.5287553667748477,18.561556334965392,5.974026029116981,8.26656630985781,-50.341447880217686,2.693728071142547,-22.610186403751886,-8.51900136385582,17.37308835580217,-6.53358465374193
-27.201968000130417,-0.630398328616915,3.892349335699496,-7.339982999338139,0.953965093909835,-7.024429149943508,-6.288629147023156,3.0713851132892316,7.676333716966575,9.77893865570063,-2.430489285839412,-6.436648852469693,8.833334197279457,-10.613982745148487,38.630101080009794,-17.0619219073604,-2.16942413829512,24.467407998355238,14.416143889077372,-13.875943949059895,-79.08444771720305,4.607493135474001,-22.327706209686227,29.77984436651435,-38.1648811496061,-20.49570982880797,10.968525071104189,43.12427091008108,-1.1611343093246353,23.712172156618134,-32.43080884069169,19.94150753720935,-5.891393767593176,-26.925848381484112,-2.76799467175715,22.526044974585968,7.21388644758021,9.631736185468302,-60.45524873566999,3.008691445236323,-27.232387080725402,-10.030420855586897,20.592657225269253,-7.953958724413679
6.70336637789461,0.13191693386107123,-0.9220877669012619,1.854456607210359,-0.25637245045755286,1.7506189135851289,1.5312512644199967,-0.7655577334820356,-1.878747289673185,-2.430489285839412,0.6178308732337522,1.5685407648388154,-2.2003022623191315,2.623584295749499,-9.526569715714329,4.228307025092819,0.4683037758260493,-6.051212713142908,-3.565445432480194,3.3732228209879977,19.47288867624652,-1.1132238793818237,5.510046964433804,-7.346161242845063,9.422957984473037,5.028518881359173,-2.6586937587287394,-10.611914014281055,0.27682566220859467,-5.836365425319192,7.973507434070291,-4.865021688569101,1.4475284646538842,6.651630126680489,0.708919096002139,-5.54736187014638,-1.780397741757652,-2.3620360765592827,14.888133461761633,-0.7376777184063831,6.712438000288645,2.464523551755026,-5.058300348869264,1.9679123206818863
19.514797691931626,1.3003949661514844,-3.8656754186404134,3.750711965069512,-0.1327767923692509,4.35790362888374,5.046770356130647,-1.9316828679587157,-5.722517749348789,-6.436648852469693,1.5685407648388154,5.084118101146525,-5.096792247276046,7.475595618470943,-27.05533360469736,11.588033240309061,3.4525022288210465,-16.85928821353521,-9.932230207646054,11.30758148848521,56.89840560490405,-4.021401510728975,15.686445168444111,-20.78816189092409,26.310132875972776,15.498701091480129,-9.143073855283001,-31.314536762516934,1.02195563732884,-16.975191312805798,23.621005295786954,-15.688361087624216,3.9265188243250666,18.579918755536095,1.0029681888619653,-15.934192917703646,-5.142902094979381,-7.233122719126379,43.440847216054685,-2.4027498821553017,19.485485442610845,7.419206895430803,-15.081215855847574,5.604128036949602
-23.205229655741793,0.19379679395614816,2.4075019872684083,-7.5618372772798175,1.2791826826504502,-6.578836694343038,-4.909243879531616,2.8525547669429545,6.374601294208187,8.833334197279457,-2.2003022623191315,-5.096792247276046,8.623854619127346,-9.167173106386404,33.541161856586506,-15.107872078588898,-0.23899319343363593,21.466408392580664,12.648904569804733,-10.68537969788121,-67.34380452935936,3.317104444385604,-19.335375658188468,25.91570604851363,-33.49980732683514,-16.799036105706826,8.273425633309053,36.47111267406429,-0.8345865333000098,20.273061671229193,-27.37442587140685,15.838142213643986,-5.306180969486625,-23.61229584868802,-3.209648278791725,19.428537646047204,6.178784914679479,7.942166216458253,-51.52590340016179,2.3507134120559168,-23.275029877124414,-8.365902979130889,17.314825238701896,-6.864733685025181
30.455029934511103,1.1977545101243632,-4.97826158401673,7.340040880503668,-0.749837558309024,7.469403703278026,7.3500946809046495,-3.281391016177495,-8.717348060964673,-10.613982745148487,2.623584295749499,7.475595618470943,-9.167173106386404,11.803922354577645,-42.864918658743846,18.72560569119992,3.5247676938726338,-26.99179974986387,-15.90280752376357,16.317599357623475,88.63328680866911,-5.5731111442846055,24.805163102274882,-33.00464733429233,42.105274591505655,23.407811247214525,-13.016761038339018,-48.498795935031985,1.4084469184994939,-26.524719669848256,36.512644125188565,-23.124943150554255,6.418323275123402,29.717312179536417,2.528825199057143,-25.085906579479104,-8.058333955227358,-10.970381143104651,67.7233650103359,-3.51107987390372,30.45945300722445,11.359201218761243,-23.231705086006258,8.847395366114318
-110.54868855710917,-4.182600297104808,17.878058278965813,-26.930283989424353,2.815866805298958,-27.24422046957142,-26.58402318942386,11.961521193477301,31.61648314515654,38.630101080009794,-9.526569715714329,-27.05533360469736,33.541161856586506,-42.864918658743846,155.74818827663918,-68.08656687136862,-12.455943552235185,98.10688113897706,57.80193206309227,-58.98727114394541,-321.7233522183439,20.095727160551043,-90.10770862399582,119.93426089626298,-153.07168521480025,-84.81387952568653,47.021406749382145,175.98283999082815,-5.084692550708698,96.30670436166263,-132.48707803370283,83.69624352734712,-23.383976648878875,-108.02336664914074,-9.371547040109316,91.1253415764303,29.253269113497513,39.76409367160918,-245.83285118116066,12.690633030889689,-110.57440592379145,-41.19168344380552,84.28601204343978,-32.12399870180314
48.140539941487965,1.4740820697452297,-7.341557768922265,12.349915461565642,-1.455563305264203,12.1435152716035,11.355232956984501,-5.3208309715578,-13.675755251187807,-17.0619219073604,4.228307025092819,11.588033240309061,-15.107872078588898,18.72560569119992,-68.08656687136862,29.920008881466938,4.639697202430268,-43.00805595994883,-25.339720090449177,25.128036120926556,140.02738871318164,-8.456486928165338,39.37413752329139,-52.45875080222967,67.08935100564771,36.60814293849978,-19.94936890730268,-76.47797524870653,2.1344934536388376,-41.94874836423831,57.54373031381858,-35.87481205929181,10.298626230752783,47.34026521945241,4.483279064338222,-39.769138516764684,-12.75316861085671,-17.182164855431083,107.01943614948392,-5.428047431807189,48.17278636271064,17.845615093719456,-36.57335182176335,14.033679058931039
9.881797146226473,2.2576956884109203,-3.979000993768235,-0.9563132733195076,0.971005497616132,0.922021037334516,3.5638136713688184,-0.46608379669410405,-3.301908534646758,-2.16942413829512,0.4683037758260493,3.4525022288210465,-0.23899319343363593,3.5247676938726338,-12.455943552235185,4.639697202430268,5.319453976850002,-7.229812144318409,-4.256924144007402,8.274266664406992,29.115597075692495,-3.3856154487236085,7.317693567438533,-9.437899681270538,11.302662412889916,9.347078832535272,-7.029710586336505,-16.566319839291282,0.8725445414825463,-8.525461932747103,12.627818898446636,-10.54717079225107,1.4188605278739708,8.017791103928603,-1.3453626403150944,-7.639343829426515,-2.5437713944457223,-4.271451106956364,22.126929779899374,-1.678252330744224,9.770549392477445,4.177674348420615,-8.215081250413848,2.6468173515333437
-69.49392526056184,-2.3642637031909803,10.899025241853106,-17.40466868906648,1.9459005118790598,-17.339825642234214,-16.542060267017195,7.604868134869693,19.803765131830904,24.467407998355238,-6.051212713142908,-16.85928821353521,21.466408392580664,-26.99179974986387,98.10688113897706,-43.00805595994883,-7.229812144318409,61.89094605663653,36.46487281835148,-36.6532714872465,-202.1867300501363,12.40764164398935,-56.74702130147058,75.56921093820883,-96.55272310801402,-53.06772260541715,29.155668571231725,110.50711971385026,-3.1350512413102063,60.5477870867252,-83.16921654101999,52.175661713511,-14.786487083623113,-68.13437801654563,-6.198093630704085,57.34890250830694,18.400526829816943,24.894302162536015,-154.51088089162963,7.903058387861649,-69.52615522570824,-25.823820883498126,52.88388043974991,-20.22874358461806
-40.943330908425466,-1.3917701148213197,6.419825530813567,-10.256280305452954,1.1472326630401282,-10.216939036128734,-9.745269291454452,4.48088568919982,11.667332254347802,14.416143889077372,-3.565445432480194,-9.932230207646054,12.648904569804733,-15.90280752376357,57.80193206309227,-25.339720090449177,-4.256924144007402,36.46487281835148,21.48437819245381,-21.592919518681285,-119.12092428479923,7.309151053655545,-33.43376977037354,44.52342321488041,-56.88684399051075,-31.26451000541439,17.175703041313245,65.10630146605016,-1.8467813399322561,35.67259870460008,-48.99979309937938,30.738084762071853,-8.71204702851293,-40.143307178236135,-3.653052616799096,33.788198289139956,10.840987245376079,14.666383699897679,-91.03215687411803,4.655871763308344,-40.96238346954947,-15.214146245008322,31.15684558320138,-11.918199012879809
42.73021440630268,3.1692760235310353,-8.869016813991461,7.6390379450811645,-0.08362997234165516,9.28380863764832,11.252417478039566,-4.12694166437122,-12.60939087511176,-13.875943949059895,3.3732228209879977,11.30758148848521,-10.68537969788121,16.317599357623475,-58.98727114394541,25.128036120926556,8.274266664406992,-36.6532714872465,-21.592919518681285,25.26969749787509,124.64408803371425,-9.076240398192342,34.22121664282674,-45.2966775628948,57.19926483952177,34.23807151465066,-20.50022612506306,-68.70860575120203,2.3079253647785114,-37.152792043357586,51.85279829649441,-34.872298625486096,8.479132843734757,40.40195967136032,1.8229658415274637,-34.80048503172567,-11.249464055604136,-15.959606089301191,95.14302971713933,-5.354968482973693,42.646647797999826,16.32966496956821,-33.13630431265448,12.234075704747465
229.19077757332693,10.15666467132418,-38.929125440720576,53.18694120974318,-4.884402857401373,55.29123332535787,56.04418117347528,-24.32524620850372,-65.91059392187013,-79.08444771720305,19.47288867624652,56.89840560490405,-67.34380452935936,88.63328680866911,-321.7233522183439,140.02738871318164,29.115597075692495,-202.1867300501363,-119.12092428479923,124.64408803371425,667.262288140779,-42.91150709942673,186.22902538219358,-247.62305300266283,315.4532187042904,177.22875585411097,-99.69795764328809,-365.499955958627,10.864080931172515,-199.58454250650007,275.2775922973755,-175.9179180843396,47.92867344769443,222.65661755964555,17.707381675995943,-188.50558941101474,-60.5952352482498,-83.00010954852668,509.76969190273604,-26.744378667564426,229.15487237610878,85.7878557501118,-175.26590494682048,66.43139994432758
-14.695743069235515,-1.3329389968281453,3.3559372295415413,-2.194092607697238,-0.1278377381108702,-2.9978443108752666,-4.022407005052391,1.3417495414763367,4.396714265463865,4.607493135474001,-1.1132238793818237,-4.021401510728975,3.317104444385604,-5.5731111442846055,20.095727160551043,-8.456486928165338,-3.3856154487236085,12.40764164398935,7.309151053655545,-9.076240398192342,-42.91150709942673,3.326037540972919,-11.67405527739229,15.41143030265336,-19.36284971273749,-12.002801031637828,7.413320750543666,23.737094072136586,-0.8469141799876293,12.765373416321216,-17.93285901384593,12.386651066392051,-2.827272245424412,-13.682991872551316,-0.3453294579851562,11.901464986678615,3.860057642283356,5.580819483858783,-32.73972050858861,1.9123683361122146,-14.652385379691914,-5.679800617827839,11.482618102618998,-4.179460807172059
63.989314581421596,2.4720208412818336,-10.409607009035795,15.498769803550447,-1.5994657304526474,15.729236544219008,15.418285555022035,-6.907896114743242,-18.31051469469688,-22.327706209686227,5.510046964433804,15.686445168444111,-19.335375658188468,24.805163102274882,-90.10770862399582,39.37413752329139,7.317693567438533,-56.74702130147058,-33.43376977037354,34.22121664282674,186.22902538219358,-11.67405527739229,52.13686861580448,-69.38360916857198,88.5335791826524,49.140814628887554,-27.29011778624274,-101.8853343424395,2.9527223158743414,-55.73982293225742,76.70546554529349,-48.52439968189522,13.511772478246522,62.481444309363354,5.365313223363409,-52.72835702126193,-16.931642372656693,-23.03507048341664,142.2970057113484,-7.361805587224028,64.00118938036768,23.85605877132792,-48.80261733511803,18.59055762250722
-85.09107484546591,-3.1523073030758213,13.676346474594604,-20.84845441847973,2.2108684211059173,-21.024193953286346,-20.41993673473173,9.228457706474236,24.318885808114253,29.77984436651435,-7.346161242845063,-20.78816189092409,25.91570604851363,-33.00464733429233,119.93426089626298,-52.45875080222967,-9.437899681270538,75.56921093820883,44.52342321488041,-45.2966775628948,-247.62305300266283,15.41143030265336,-69.38360916857198,92.36122157038191,-117.90671201814382,-65.21969634266331,36.09256533148622,135.42709742660884,-3.8989573069830628,74.1319421741898,-101.9495957802154,64.31332213318295,-18.02317776537794,-83.20579169929697,-7.29119730871877,70.15884975727147,22.51920832735654,30.58155273793098,-189.21614843644826,9.748731972854781,-85.11491009330716,-31.688228631909144,64.85216787270613,-24.734261184406712
108.41988668764145,3.6912937051601022,-17.01662812336686,27.144120959800244,-3.026627956533325,27.049363563279304,25.814188431044794,-11.862390719676034,-30.905762490578923,-38.1648811496061,9.422957984473037,26.310132875972776,-33.49980732683514,42.105274591505655,-153.07168521480025,67.08935100564771,11.302662412889916,-96.55272310801402,-56.88684399051075,57.19926483952177,315.4532187042904,-19.36284971273749,88.5335791826524,-117.90671201814382,150.64615204552118,82.79573959495244,-45.50201932155086,-172.41309837925533,4.896704508743329,-94.47244533892156,129.76694473436652,-81.41898630932586,23.083439436909725,106.3015282911164,9.667201321100963,-89.48362458666257,-28.704977865439442,-38.84270613957873,241.06785427974344,-12.326855884751195,108.46983890248711,40.29067836368265,-82.5165777260454,31.55305263651602
60.829303921611604,3.4248677113188357,-11.2491746509876,12.816671054455885,-0.8267625225906726,14.089491873701878,15.332059526089798,-6.223379801533078,-17.673156256585045,-20.49570982880797,5.028518881359173,15.498701091480129,-16.799036105706826,23.407811247214525,-84.81387952568653,36.60814293849978,9.347078832535272,-53.06772260541715,-31.26451000541439,34.23807151465066,177.22875585411097,-12.002801031637828,49.140814628887554,-65.21969634266331,82.79573959495244,47.721451829628705,-27.549281523660966,-97.32745249229755,3.0427161032222125,-52.934396949859405,73.3597411467621,-47.870165155135496,12.453113507404318,58.458474748581594,3.8544424432604343,-49.82902410028176,-16.05607879464011,-22.30489841877958,135.35158738800604,-7.310552925965465,60.775941024603256,22.960038368893596,-46.77592303908475,17.547585419628536
-34.16598249210278,-2.7190542367470742,7.325661424314287,-5.7774796530369885,-0.053554900828351494,-7.274469063586925,-9.113940419454316,3.2405083227116016,10.129275800430863,10.968525071104189,-2.6586937587287394,-9.143073855283001,8.273425633309053,-13.016761038339018,47.021406749382145,-19.94936890730268,-7.029710586336505,29.155668571231725,17.175703041313245,-20.50022612506306,-99.69795764328809,7.413320750543666,-27.29011778624274,36.09256533148622,-45.50201932155086,-27.549281523660966,16.669543749523566,55.01995203096918,-1.8866356147156713,29.698695945260873,-41.537762080270326,28.184659914715073,-6.714492545475091,-32.14373787950617,-1.2432610457293163,27.776446815484643,8.987684514962694,12.831448351987143,-76.0893541044937,4.334922439924475,-34.08801682693316,-13.105533150136933,26.56224269371384,-9.759700202289489
-125.52453071925338,-5.842059421185599,21.672065976866918,-28.631860151064014,2.495401398913914,-30.057964980089775,-30.869723652151524,13.233442619174165,36.16700536047668,43.12427091008108,-10.611914014281055,-31.314536762516934,36.47111267406429,-48.498795935031985,175.98283999082815,-76.47797524870653,-16.566319839291282,110.50711971385026,65.10630146605016,-68.70860575120203,-365.499955958627,23.737094072136586,-101.8853343424395,135.42709742660884,-172.41309837925533,-97.32745249229755,55.01995203096918,200.30177412905815,-6.011034772065166,109.29514304537571,-150.87974457603082,96.79951904870818,-26.146907036294056,-121.70176394025421,-9.374185953024439,103.16406765323475,33.17708330393529,45.56364310732909,-279.2140552515891,14.728993588418318,-125.4880516130625,-47.058016657323364,96.08953066157936,-36.35154825611937
3.71918405559596,0.3426794052697892,-0.8581053158705408,0.5446984549569175,0.03745346067250156,0.754182525235562,1.0223413081301176,-0.33755195470306176,-1.1159676586268985,-1.1611343093246353,0.27682566220859467,1.02195563732884,-0.8345865333000098,1.4084469184994939,-5.084692550708698,2.1344934536388376,0.8725445414825463,-3.1350512413102063,-1.8467813399322561,2.3079253647785114,10.864080931172515,-0.8469141799876293,2.9527223158743414,-3.8989573069830628,4.896704508743329,3.0427161032222125,-1.8866356147156713,-6.011034772065166,0.21665425890482187,-3.232610588374119,4.542998706270796,-3.1464927279820905,0.7170367697002372,3.4593264934006025,0.08129516425496298,-3.0132840411842845,-0.9762140998001643,-1.415140555833028,8.288302876705632,-0.484706238488562,3.7078328840403674,1.4391495268321974,-2.9100589438650446,1.0557361133566927
-68.557098580962,-2.953257462795875,11.540543821887596,-16.059610895440393,1.5136793174988992,-16.6069352104319,-16.712309979741196,7.30304081850541,19.697056984526586,23.712172156618134,-5.836365425319192,-16.975191312805798,20.273061671229193,-26.524719669848256,96.30670436166263,-41.94874836423831,-8.525461932747103,60.5477870867252,35.67259870460008,-37.152792043357586,-199.58454250650007,12.765373416321216,-55.73982293225742,74.1319421741898,-94.47244533892156,-52.934396949859405,29.698695945260873,109.29514304537571,-3.232610588374119,59.70815303211853,-82.31105879897001,52.48815904934556,-14.372154077481404,-66.67802412129868,-5.3952385965908,56.413959799919574,18.128134881794274,24.796332129616946,-152.48211412583282,7.974221594741275,-68.55138564199203,-25.639568016606397,52.39924987485053,-19.87948152338055
94.53354926095942,4.465365460905029,-16.407081400108236,21.444306833321644,-1.8344991152344443,22.583895312421934,23.290936835613852,-9.944792486398123,-27.256778249429974,-32.43080884069169,7.973507434070291,23.621005295786954,-27.37442587140685,36.512644125188565,-132.48707803370283,57.54373031381858,12.627818898446636,-83.16921654101999,-48.99979309937938,51.85279829649441,275.2775922973755,-17.93285901384593,76.70546554529349,-101.9495957802154,129.76694473436652,73.3597411467621,-41.537762080270326,-150.87974457603082,4.542998706270796,-82.31105879897001,113.65926279839971,-73.01131816929464,19.67258812006007,91.59900669085265,6.983826096273158,-77.67967780747642,-24.98279439358687,-34.340276294620516,210.2865737264479,-11.11038454526753,94.50207616202944,35.457455448568346,-72.39235781062814,27.36701148857404
-60.34035122876859,-3.9651431923786666,11.88040645586137,-11.69778107023963,0.4483405458198363,-13.519688855429063,-15.56868919004676,5.990960583372664,17.67826790092346,19.94150753720935,-4.865021688569101,-15.688361087624216,15.838142213643986,-23.124943150554255,83.69624352734712,-35.87481205929181,-10.54717079225107,52.175661713511,30.738084762071853,-34.872298625486096,-175.9179180843396,12.386651066392051,-48.52439968189522,64.31332213318295,-81.41898630932586,-47.870165155135496,28.184659914715073,96.79951904870818,-3.1464927279820905,52.48815904934556,-73.01131816929464,48.41533975104962,-12.157411336458773,-57.49698006547517,-3.1656375947824644,49.281281101230185,15.904613839406908,22.343137277437254,-134.31374681306275,7.414094882217423,-60.25308992924553,-22.925468401743352,46.60934802821963,-17.336117563224946
16.47833540275555,0.42131424872329837,-2.4166641840468333,4.371448730526023,-0.545061263506764,4.2226550378267405,3.8387661337548704,-1.846583361663663,-4.668451737725504,-5.891393767593176,1.4475284646538842,3.9265188243250666,-5.306180969486625,6.418323275123402,-23.383976648878875,10.298626230752783,1.4188605278739708,-14.786487083623113,-8.71204702851293,8.479132843734757,47.92867344769443,-2.827272245424412,13.511772478246522,-18.02317776537794,23.083439436909725,12.453113507404318,-6.714492545475091,-26.146907036294056,0.7170367697002372,-14.372154077481404,19.67258812006007,-12.157411336458773,3.56987580612417,16.281667127370138,1.6315243402264754,-13.647126269673114,-4.366374404035586,-5.85279591824887,36.63507868560514,-1.8303775738768349,16.494197943301252,6.087882803911459,-12.498176129397583,4.807633446811524
76.52609540030392,2.6254706710575384,-12.033674571773805,19.12469567705174,-2.125300036693,19.07643842721325,18.231831917833638,-8.36682725513037,-21.81699271512977,-26.925848381484112,6.651630126680489,18.579918755536095,-23.61229584868802,29.717312179536417,-108.02336664914074,47.34026521945241,8.017791103928603,-68.13437801654563,-40.143307178236135,40.40195967136032,222.65661755964555,-13.682991872551316,62.481444309363354,-83.20579169929697,106.3015282911164,58.458474748581594,-32.14373787950617,-121.70176394025421,3.4593264934006025,-66.67802412129868,91.59900669085265,-57.49698006547517,16.281667127370138,75.01218639222184,6.800063429633718,-63.15159963739133,-20.260690661628978,-27.42312939188933,170.15209923581497,-8.70745419691721,76.56020977690714,28.443301867947604,-58.24737042223867,22.2704052731812
6.142290354933028,-0.6831227306524664,0.16019178424687142,3.1291249525253564,-0.7478017716777876,2.2488284647182555,0.9017072349711468,-0.9571783716840836,-1.5287553667748477,-2.76799467175715,0.708919096002139,1.0029681888619653,-3.209648278791725,2.528825199057143,-9.371547040109316,4.483279064338222,-1.3453626403150944,-6.198093630704085,-3.653052616799096,1.8229658415274637,17.707381675995943,-0.3453294579851562,5.365313223363409,-7.29119730871877,9.667201321100963,3.8544424432604343,-1.2432610457293163,-9.374185953024439,0.08129516425496298,-5.3952385965908,6.983826096273158,-3.1656375947824644,1.6315243402264754,6.800063429633718,1.5818358083181427,-5.313857750801237,-1.6590865898137368,-1.862164919188214,13.588707808451554,-0.4393726069027328,6.198821530798542,2.0483508822327696,-4.355905950436619,1.8916842129931788
-64.76252722425009,-2.6024459907594055,10.667173977608222,-15.50414389758666,1.5497213998181385,-15.8380596133571,-15.670285856685782,6.958476025000744,18.561556334965392,22.526044974585968,-5.54736187014638,-15.934192917703646,19.428537646047204,-25.085906579479104,91.1253415764303,-39.769138516764684,-7.639343829426515,57.34890250830694,33.788198289139956,-34.80048503172567,-188.50558941101474,11.901464986678615,-52.72835702126193,70.15884975727147,-89.48362458666257,-49.82902410028176,27.776446815484643,103.16406765323475,-3.0132840411842845,56.413959799919574,-77.67967780747642,49.281281101230185,-13.647126269673114,-63.15159963739133,-5.313857750801237,53.3447848594826,17.13130414423495,23.353320527307638,-144.02958314993455,7.477886616752649,-64.76839761457477,-24.171466705659583,49.4335769625311,-18.80005228350552
-20.81685834487415,-0.8786259242178235,3.478895654645537,-4.909929182201273,0.4733374864255891,-5.057358705390111,-5.061971024111458,2.223674373101218,5.974026029116981,7.21388644758021,-1.780397741757652,-5.142902094979381,6.178784914679479,-8.058333955227358,29.253269113497513,-12.75316861085671,-2.5437713944457223,18.400526829816943,10.840987245376079,-11.249464055604136,-60.5952352482498,3.860057642283356,-16.931642372656693,22.51920832735654,-28.704977865439442,-16.05607879464011,8.987684514962694,33.17708330393529,-0.9762140998001643,18.128134881794274,-24.98279439358687,15.904613839406908,-4.366374404035586,-20.260690661628978,-1.6590865898137368,17.13130414423495,5.505748285981955,7.52149120081363,-46.29602725275161,2.4170699243160545,-20.816258851329213,-7.780139992407082,15.901569194102313,-6.040041152102128
-28.490031646052962,-1.5550482670424215,5.208378507452301,-6.089478402657754,0.4177240547617836,-6.638160042378834,-7.150824187940451,2.9302403250858386,8.26656630985781,9.631736185468302,-2.3620360765592827,-7.233122719126379,7.942166216458253,-10.970381143104651,39.76409367160918,-17.182164855431083,-4.271451106956364,24.894302162536015,14.666383699897679,-15.959606089301191,-83.00010954852668,5.580819483858783,-23.03507048341664,30.58155273793098,-38.84270613957873,-22.30489841877958,12.831448351987143,45.56364310732909,-1.415140555833028,24.796332129616946,-34.340276294620516,22.343137277437254,-5.85279591824887,-27.42312939188933,-1.862164919188214,23.353320527307638,7.52149120081363,10.42869330844338,-63.39109074506675,3.4091510025134144,-28.46792882518392,-10.7409244048002,21.89198280953239,-8.223325722406233
175.09886888655242,7.707355444867722,-29.675131585605406,40.72749174869051,-3.765713543239791,42.28377324484901,42.78400007123842,-18.600937809838282,-50.341447880217686,-60.45524873566999,14.888133461761633,43.440847216054685,-51.52590340016179,67.7233650103359,-245.83285118116066,107.01943614948392,22.126929779899374,-154.51088089162963,-91.03215687411803,95.14302971713933,509.76969190273604,-32.73972050858861,142.2970057113484,-189.21614843644826,241.06785427974344,135.35158738800604,-76.0893541044937,-279.2140552515891,8.288302876705632,-152.48211412583282,210.2865737264479,-134.31374681306275,36.63507868560514,170.15209923581497,13.588707808451554,-144.02958314993455,-46.29602725275161,-63.39109074506675,389.45314139353343,-20.417398986429156,175.07458715071547,65.52708677316133,-133.88180381807712,50.7591503227873
-9.1725864300181,-0.6387415128304468,1.8485428781468525,-1.7154493428729554,0.04716066265371651,-2.0265747882215313,-2.387891987157717,0.8996155520714167,2.693728071142547,3.008691445236323,-0.7376777184063831,-2.4027498821553017,2.3507134120559168,-3.51107987390372,12.690633030889689,-5.428047431807189,-1.678252330744224,7.903058387861649,4.655871763308344,-5.354968482973693,-26.744378667564426,1.9123683361122146,-7.361805587224028,9.748731972854781,-12.326855884751195,-7.310552925965465,4.334922439924475,14.728993588418318,-0.484706238488562,7.974221594741275,-11.11038454526753,7.414094882217423,-1.8303775738768349,-8.70745419691721,-0.4393726069027328,7.477886616752649,2.4170699243160545,3.4091510025134144,-20.417398986429156,1.1386351011396152,-9.157213163458865,-3.494036310744608,7.095252604719124,-2.6329997394016447
78.71758338181216,3.387289291403079,-13.240763538715768,18.44907076397385,-1.744824714232175,19.07168799588989,19.184135730718165,-8.387389917194742,-22.610186403751886,-27.232387080725402,6.712438000288645,19.485485442610845,-23.275029877124414,30.45945300722445,-110.57440592379145,48.17278636271064,9.770549392477445,-69.52615522570824,-40.96238346954947,42.646647797999826,229.15487237610878,-14.652385379691914,64.00118938036768,-85.11491009330716,108.46983890248711,60.775941024603256,-34.08801682693316,-125.4880516130625,3.7078328840403674,-68.55138564199203,94.50207616202944,-60.25308992924553,16.494197943301252,76.56020977690714,6.198821530798542,-64.76839761457477,-20.816258851329213,-28.46792882518392,175.07458715071547,-9.157213163458865,78.71139709914775,29.437710579821598,-60.15798427289135,22.829849290304548
29.454118657318855,1.5013556579586522,-5.249737464921343,6.48564827666138,-0.5012585650341264,6.948263138782954,7.3255055439724694,-3.063503377531059,-8.51900136385582,-10.030420855586897,2.464523551755026,7.419206895430803,-8.365902979130889,11.359201218761243,-41.19168344380552,17.845615093719456,4.177674348420615,-25.823820883498126,-15.214146245008322,16.32966496956821,85.7878557501118,-5.679800617827839,23.85605877132792,-31.688228631909144,40.29067836368265,22.960038368893596,-13.105533150136933,-47.058016657323364,1.4391495268321974,-25.639568016606397,35.457455448568346,-22.925468401743352,6.087882803911459,28.443301867947604,2.0483508822327696,-24.171466705659583,-7.780139992407082,-10.7409244048002,65.52708677316133,-3.494036310744608,29.437710579821598,11.076375517958718,-22.5938413242466,8.514630237795684
-60.1827445310691,-2.920646550220765,10.544677784740115,-13.512463534363167,1.116489341479357,-14.314879217453978,-14.877303542598948,6.306008056634484,17.37308835580217,20.592657225269253,-5.058300348869264,-15.081215855847574,17.314825238701896,-23.231705086006258,84.28601204343978,-36.57335182176335,-8.215081250413848,52.88388043974991,31.15684558320138,-33.13630431265448,-175.26590494682048,11.482618102618998,-48.80261733511803,64.85216787270613,-82.5165777260454,-46.77592303908475,26.56224269371384,96.08953066157936,-2.9100589438650446,52.39924987485053,-72.39235781062814,46.60934802821963,-12.498176129397583,-58.24737042223867,-4.355905950436619,49.4335769625311,15.901569194102313,21.89198280953239,-133.88180381807712,7.095252604719124,-60.15798427289135,-22.5938413242466,46.116320295418866,-17.412613421763247
22.826689759756576,0.9009048407570304,-3.7341667435682906,5.496466069331946,-0.5608791771768965,5.596056755931699,5.510481995182393,-2.458631823393202,-6.53358465374193,-7.953958724413679,1.9679123206818863,5.604128036949602,-6.864733685025181,8.847395366114318,-32.12399870180314,14.033679058931039,2.6468173515333437,-20.22874358461806,-11.918199012879809,12.234075704747465,66.43139994432758,-4.179460807172059,18.59055762250722,-24.734261184406712,31.55305263651602,17.547585419628536,-9.759700202289489,-36.35154825611937,1.0557361133566927,-19.87948152338055,27.36701148857404,-17.336117563224946,4.807633446811524,22.2704052731812,1.8916842129931788,-18.80005228350552,-6.040041152102128,-8.223325722406233,50.7591503227873,-2.6329997394016447,22.829849290304548,8.514630237795684,-17.412613421763247,6.63169793392956
