V1,V2,V3,V4,V5,V6,V7,V8,V9,V10,V11,V12,V13,V14,V15,V16,V17,V18,V19,V20,V21,V22,V23,V24,V25,V26,V27,V28,V29,V30,V31,V32,V33,V34,V35,V36,V37,V38,V39,V40,V41,V42,V43,V44
0.6537296743218861,0.06197330404139621,0.5346730672329641,-0.8721660816807031,-0.9786403854431925,-0.2512697193327989,-0.06820769308705786,0.20009135296596556,-0.270843262299197,0.5165024139174051,0.9934420260622607,0.049806668527968924,-0.2550995488497943,0.209631392153522,-0.5085620549553374,1.2793948966141506,-1.148073777815711,0.5239758793601366,0.588699596728185,0.7860145641461485,-0.37521434942459225,-0.06432741236297328,0.2256347526913711,-0.8417026170749501,0.5894337887161296,1.1872635288680076,1.167779337527793,0.542388646718637,0.2335667945301874,-0.83418377103711,-0.045257713232494425,0.09825028679544412,-0.3743545837308699,-1.2613070580304235,0.25312837392657517,-0.1739152240154046,0.45138798339832736,-0.2562734627888739,-1.0625435924670905,-1.3092327150580816,0.2275478130803185,0.4831873762198687,0.46137220837008786,-0.42920133337422
0.06197330404139621,0.5034244485480993,-0.3529022198862112,0.2399309752241763,-0.5960975722694847,-0.6545656926291284,0.35697325670833324,-0.8922269565039211,-0.9406439615167118,0.6337654743123982,1.482062587354571,0.5751087534215331,-0.7250338883880194,-0.028156512714563355,0.1442128596281504,1.2711088340989267,-0.46196885339631905,0.2273633442396101,-0.33339770402977287,0.9375101415665524,-0.1606381640469371,-0.4642174629338896,-0.25561961131680855,-0.09530316848332639,0.7078668167224634,1.7964841453047697,1.2603655688141464,0.05271385765267517,0.06404724209753725,-0.9966065722480559,-0.02049683832819034,0.12222161879223917,-0.18078784184638183,-1.5162057700354648,1.0061976457775677,-0.3236937741476116,0.500138437804051,0.7523493659905668,-1.6880483181710937,-0.6618132394246251,0.40527153885072603,0.38832111823577564,0.2707534625065168,0.3243731072512966
0.5346730672329641,-0.3529022198862112,1.2987555717287889,-1.164071007091146,0.3297678800140882,0.6401727882161194,-0.3672622970453443,1.031247145149204,0.856908595840254,-0.08457547008878005,-0.853248000719603,-0.034246290378578674,0.6163184871425332,1.0123349091379779,0.04910113922382834,-0.33585540350891463,-1.0455818905679297,0.21859801152108918,0.5831742767704102,-0.41214292864618046,-0.15962052132632865,0.2502288519679927,0.662182918775913,-0.4134699479645569,-0.5927413891520786,-0.9390030245417106,-0.39862433470851594,0.5200139184176916,0.15534926353287237,0.5482833733371196,-0.16828290732561887,-0.11631065212011422,0.541972632165689,0.9413877001329579,-1.3302818550214235,0.11147419995840523,-0.06896049691039631,-0.6897125792262994,0.6443227119814456,-0.35229948368545655,-0.6776678535259867,-0.4675359228123787,-0.19604701237997244,-0.9231413222304772
-0.8721660816807031,0.2399309752241763,-1.164071007091146,1.4713965456337441,0.7418176430164796,-0.1925533905824129,0.3336813224605009,-0.9223262876927409,-0.3548653430741742,-0.29405072842667346,-0.22453887326581584,0.17983626754007268,-0.21866474181475326,-0.5858994424562876,0.5973139045728278,-0.8111856813991617,1.4613155944323675,-0.556862551377589,-0.9861613977403634,-0.35947239181935164,0.4106386195292888,-0.1964308255826785,-0.5768543929011845,1.0441077971756492,-0.15760920744077436,-0.29960945721119103,-0.6601726632833981,-0.7651608013386143,-0.2806114130975408,0.3574113066916234,0.09743625031400353,-0.02271223300501744,0.17535725538766375,0.4794067631143914,0.5669575199336402,0.03753853435346268,-0.2719496662137575,0.8126969338740831,0.30484487614593414,1.3147976456895911,0.14481022014019293,-0.2178384132395746,-0.3397676000195142,0.9094290998718071
-0.9786403854431925,-0.5960975722694847,0.3297678800140882,0.7418176430164796,2.9747809562593654,1.4708747979364956,-0.2852110412797059,0.7811228791392902,1.7883635681746695,-1.411348382849335,-3.6313255225416228,-0.11855687525303288,1.4382493959877163,0.8400475078771789,1.4307133694077325,-3.7086036101648614,1.5584296015414578,-1.0488053763006704,-0.7941925481263234,-2.5359414264927267,0.7492223888455652,0.4590784819472407,0.2842605040768578,1.6546868054515294,-2.287358608102808,-4.230414772312682,-3.501930294712061,-0.7149732550068697,-0.3892440512818169,2.8516178649102994,-0.11718440943042178,-0.4035285213170625,1.718859418602686,4.449342992929522,-2.384604737233201,0.580234629459554,-1.226671892341659,-0.18110034854696686,3.5097959981621343,2.9054557633191367,-1.4815205503678885,-1.8753193832145711,-1.4565804270142044,-0.09680469727854621
-0.2512697193327989,-0.6545656926291284,0.6401727882161194,-0.1925533905824129,1.4708747979364956,1.12528776705585,-0.498657418573594,1.1366416639275476,1.4131694221127502,-0.9267826181621296,-2.489533016483241,-0.4571584397037315,1.1491702082897481,0.5123347679599063,0.2809200260847254,-2.2208891331578213,0.6774630335396875,-0.4993173608509205,0.08920478299401349,-1.6208577541744098,0.3244240686214793,0.5666740778836042,0.4179291906650101,0.5662906991766907,-1.3441533234201277,-2.908699254370924,-2.1773831077001593,-0.16877668335069274,-0.13958397752526067,1.7793240950207734,-0.026714630078169346,-0.23237971861326148,0.8078912792990128,2.6983527393210394,-1.7483990920549755,0.43373218782841877,-0.7643415810380273,-0.7696734213485604,2.53947813871764,1.3354643681132115,-0.9077510683771924,-0.9298201154450402,-0.7052141776283353,-0.46312061750773326
-0.06820769308705786,0.35697325670833324,-0.3672622970453443,0.3336813224605009,-0.2852110412797059,-0.498657418573594,0.47623269726108486,-0.6097877071925989,-0.42544727067333993,0.24488987188862885,0.9378523272771327,0.2596991557151116,-0.47487816888526796,-0.15625735523069567,0.39898374753105104,0.6624422432805079,-0.2482022945860493,0.17911877287421488,-0.19103071924248138,0.5555513339952498,-0.04167125388136117,-0.3313649097935301,-0.19870200215981854,-0.1173599286548638,0.22255360292640677,1.018481347053035,0.7112004665709997,-0.02322296580219016,-0.013198789997210804,-0.5448033478949957,-0.0939597234422484,0.032914142100098895,-0.16369362504008153,-0.5883700758654522,0.4884859071316778,-0.12523572807460717,0.17345582609319776,0.5196900224205738,-0.9622426782151724,-0.16417480118926012,0.22001786232148443,-0.012362501888614381,0.10671509515032318,0.3033299498656704
0.20009135296596556,-0.8922269565039211,1.031247145149204,-0.9223262876927409,0.7811228791392902,1.1366416639275476,-0.6097877071925989,1.811505442052812,1.7684315545249014,-0.980498596960931,-2.3727793606116525,-1.0064904028934734,1.2888761585802737,0.3016646621398701,-0.28891857648522995,-1.844533688138892,0.1457065983589433,-0.1455162031289573,0.9192258492830606,-1.429878336197591,0.12579452291938312,0.813281407408038,0.655674149657501,-0.25852134725306736,-1.2334050441357507,-2.9020219852743017,-1.8627858266385517,0.20713310701930582,-0.018701015775400807,1.5616956148815937,-0.050721393428412156,-0.21626240014611348,0.27541510373471295,2.511547390968008,-1.9928132466710182,0.5380207619202986,-0.7709844061817265,-1.5110632230800989,2.6857011793983148,0.680592065824471,-0.7867901216257207,-0.7067356381063151,-0.37124244188654937,-0.8777483353924588
-0.270843262299197,-0.9406439615167118,0.856908595840254,-0.3548653430741742,1.7883635681746695,1.4131694221127502,-0.42544727067333993,1.7684315545249014,2.270159114186787,-1.4645276756359675,-3.3036561179291097,-0.9978279221848897,1.5819960842774423,0.4170191658548258,0.50130466552318,-3.005055975882491,0.7458652519562621,-0.4640992299712572,0.5149165037007022,-2.143547636068567,0.4245491092428185,0.8211680808729781,0.6135200583514983,0.32582057947878845,-2.027610561799889,-4.065483174698265,-2.8963541797374233,-0.1359764407073046,-0.19534600043477487,2.405823138800923,-0.147719288950893,-0.36114675118161615,0.7941400769105166,3.996398328398117,-2.641425892602485,0.736151316487968,-1.207266939247525,-1.3131585781087118,3.626794062469992,1.827887240848606,-1.2105023785107092,-1.4576708435742873,-0.8777182971109446,-0.6927705502191368
0.5165024139174051,0.6337654743123982,-0.08457547008878005,-0.29405072842667346,-1.411348382849335,-0.9267826181621296,0.24488987188862885,-0.980498596960931,-1.4645276756359675,1.1942468745513326,2.460612285263776,0.79072618453936,-1.0668198108353069,0.11182515136919453,-0.3538626612226216,2.4466748401420735,-1.2292869569732636,0.5596352847084688,-0.08356062005951354,1.6671527001246027,-0.44916045108081387,-0.5887458765022976,-0.18706174961095282,-0.576407938610531,1.4078387395410112,3.0425481185165113,2.332755294540304,0.3978969749148999,0.2476242368385944,-1.8146429540676592,0.013204976551442633,0.2414478678730128,-0.45884660938498023,-2.917163186831656,1.5568862657780185,-0.5516937871074755,0.9813166562230844,0.7534152368082002,-2.805082119583705,-1.7548282094255094,0.7019866976880593,0.9710884684616228,0.6704419606054735,0.1234699512256217
0.9934420260622607,1.482062587354571,-0.853248000719603,-0.22453887326581584,-3.6313255225416228,-2.489533016483241,0.9378523272771327,-2.3727793606116525,-3.3036561179291097,2.460612285263776,5.96915727187591,1.2787381905165403,-2.631778546896284,-0.6427569989447275,-0.8532870868368071,5.641320771255098,-2.3525382430699144,1.3680028596457336,0.026684638557520533,3.977277197898989,-0.9510476083496385,-1.3198571874209732,-0.6913576301584291,-1.6057456580512088,3.2778487579171696,7.088668119656507,5.459192366674834,0.7396323058614231,0.4750065416576736,-4.343374028608576,0.025924707583843767,0.5636096726910909,-1.7155424324887123,-6.675640576613121,3.884337980100451,-1.1154302261624618,2.038137914362939,1.6254736110190502,-6.307568796346586,-3.778420858100831,1.9807797419103217,2.2809222874670843,1.7304091624497702,0.6474164965264064
0.049806668527968924,0.5751087534215331,-0.034246290378578674,0.17983626754007268,-0.11855687525303288,-0.4571584397037315,0.2596991557151116,-1.0064904028934734,-0.9978279221848897,0.79072618453936,1.2787381905165403,1.0693233841769354,-0.6546754007397296,0.6185361977189814,0.4809903013847209,1.1404074465074236,-0.6959480871294836,0.11602887949077409,-0.6839491582566288,0.7995892042988967,-0.14783882034033846,-0.581135203164895,-0.1366304685260892,0.2629185143307523,0.5446311199078033,1.715270751929044,1.1191203029638563,0.0673703129943911,0.07522356521940089,-0.7986277871254436,-0.060316230424357374,0.08972887829018017,0.4083451957228256,-1.326628101985243,0.7761196319164068,-0.4260469561794929,0.6033218937208049,1.0497721192936504,-1.826315049760468,-0.5834543759855444,0.09446452661774442,0.15871490783147454,0.022345960634678752,0.2105548333403372
-0.2550995488497943,-0.7250338883880194,0.6163184871425332,-0.21866474181475326,1.4382493959877163,1.1491702082897481,-0.47487816888526796,1.2888761585802737,1.5819960842774423,-1.0668198108353069,-2.631778546896284,-0.6546754007397296,1.2457693087717578,0.3728755651114488,0.23240101670314414,-2.3640667280268888,0.7501080518580514,-0.48778985028510596,0.2378794748042591,-1.703997908832871,0.3321089232294581,0.6536548635064529,0.43979787818342647,0.4637566105387113,-1.4490446594493431,-3.138793941519791,-2.3200268439347727,-0.16009768450821993,-0.15972121578788448,1.8792088534296816,-0.033104255188976084,-0.2445345924913862,0.688681388236063,2.9178679883283505,-1.8753404467400685,0.4981331740763528,-0.8729003052090792,-0.9349685237332204,2.797314414398449,1.4120018924959588,-0.9065462499070236,-0.9814413268956861,-0.6910549644399959,-0.480493990868229
0.209631392153522,-0.028156512714563355,1.0123349091379779,-0.5858994424562876,0.8400475078771789,0.5123347679599063,-0.15625735523069567,0.3016646621398701,0.4170191658548258,0.11182515136919453,-0.6427569989447275,0.6185361977189814,0.3728755651114488,1.3388587211854994,0.6844405217371701,-0.36782878588803664,-0.8748772340076809,0.009195792499988325,-0.17096187245909011,-0.3685624584355232,-0.05269512270527007,-0.08137165646933726,0.4744046967234553,0.22590975908451483,-0.6299060182611637,-0.5672417482349655,-0.38855953802778354,0.2752069523288545,0.07599842079155676,0.5469614503716116,-0.19638779520318833,-0.11831571677893185,1.0425683993585384,0.8766175443046771,-1.0494461444831074,-0.05634777719278595,0.04808767834241619,0.11592202290300378,0.1146416096818636,0.027747706923791013,-0.7819268687247787,-0.6888071194961594,-0.45930253920806674,-0.5698559134278313
-0.5085620549553374,0.1442128596281504,0.04910113922382834,0.5973139045728278,1.4307133694077325,0.2809200260847254,0.39898374753105104,-0.28891857648522995,0.50130466552318,-0.3538626612226216,-0.8532870868368071,0.4809903013847209,0.23240101670314414,0.6844405217371701,1.480327317319152,-1.1494440961593497,0.16893525333958959,-0.2868700892876977,-0.7026775909582282,-0.6972227656654466,0.3113857150713034,-0.2303011212111931,0.043640854387572675,0.7605386051645716,-1.0798281292349872,-1.0200137008300247,-0.9802292767701445,-0.3004901629777225,-0.1778865606450778,0.9202692748104003,-0.2513156234856728,-0.20684128760673848,1.020956071613383,1.7770294489864151,-0.9380234856093712,0.1222702902760626,-0.37741116914157397,0.6134375491505791,0.5780407646812304,1.27058744919913,-0.7393128343496075,-1.1914037991812536,-0.7549661217479137,0.13680128443944023
1.2793948966141506,1.2711088340989267,-0.33585540350891463,-0.8111856813991617,-3.7086036101648614,-2.2208891331578213,0.6624422432805079,-1.844533688138892,-3.005055975882491,2.4466748401420735,5.641320771255098,1.1404074465074236,-2.3640667280268888,-0.36782878588803664,-1.1494440961593497,5.607027932231643,-2.7249197737882884,1.4603691465421347,0.3940652736337894,3.849743584950906,-1.056950289191984,-1.1316709428419336,-0.42275329756831354,-1.870019733173726,3.195382309928136,6.752008027334477,5.354270075780678,0.9872818090511825,0.5589455460883203,-4.213895734590937,0.02564298444667533,0.5506612985192381,-1.6774223912301036,-6.530486129303968,3.4770546242457865,-1.077647614072571,2.039549475361594,1.1813464346902711,-6.011660329144768,-4.095326177536424,1.8208815526944928,2.3089802784623217,1.7708552393755732,0.24570877635302674
-1.148073777815711,-0.46196885339631905,-1.0455818905679297,1.4613155944323675,1.5584296015414578,0.6774630335396875,-0.2482022945860493,0.1457065983589433,0.7458652519562621,-1.2292869569732636,-2.3525382430699144,-0.6959480871294836,0.7501080518580514,-0.8748772340076809,0.16893525333958959,-2.7249197737882884,2.6591046998813743,-1.0599738026261687,-0.7036259108178549,-1.734476894983363,0.7075357362928577,0.4944380682054232,-0.41007927966845664,1.4280638097462124,-0.9655392338341859,-2.8407717826188748,-2.5692429162716763,-1.0362529927860435,-0.42555800216535383,1.7497365403632736,0.2521560535979567,-0.14746696394487827,0.28505395152530244,2.409451486747898,-0.46634428270348904,0.4736701017980862,-0.9999660433954198,-0.16043970595563248,2.7916625439361633,2.428918018361173,-0.23179392059783455,-0.5237496223197561,-0.6790777363601076,0.7045939385702614
0.5239758793601366,0.2273633442396101,0.21859801152108918,-0.556862551377589,-1.0488053763006704,-0.4993173608509205,0.17911877287421488,-0.1455162031289573,-0.4640992299712572,0.5596352847084688,1.3680028596457336,0.11602887949077409,-0.48778985028510596,0.009195792499988325,-0.2868700892876977,1.4603691465421347,-1.0599738026261687,0.5573039564430354,0.4397516663063651,0.9806859306516879,-0.34164254643171477,-0.21830504426669758,0.062038668055891984,-0.8142555307425045,0.6657537738808182,1.5674587700152587,1.3982489862706562,0.4390406342424758,0.19771642792339603,-1.0339502053355674,-0.07758525465040059,0.1065715441703873,-0.4783678152749447,-1.449698992243608,0.526065071864379,-0.19786496661762754,0.4738813039974157,0.01821677892459351,-1.395386956158612,-1.2157170115347016,0.3587579015538507,0.4623968152802297,0.4880566650885599,-0.192557703002856
0.588699596728185,-0.33339770402977287,0.5831742767704102,-0.9861613977403634,-0.7941925481263234,0.08920478299401349,-0.19103071924248138,0.9192258492830606,0.5149165037007022,-0.08356062005951354,0.026684638557520533,-0.6839491582566288,0.2378794748042591,-0.17096187245909011,-0.7026775909582282,0.3940652736337894,-0.7036259108178549,0.4397516663063651,1.0624518792606263,0.17329278559244315,-0.25460100474263186,0.33203760986281217,0.345079186817013,-1.0206364797819238,0.07587701525886777,-0.11436901773904806,0.30982372293098814,0.49341879254921045,0.16121113242252602,-0.1974592247649588,-0.038482993161911165,0.009928881639231535,-0.5998288091140822,-0.1358318750644039,-0.4178039118616042,0.1443015543280972,-0.021017783873095983,-0.9724597125168918,0.2802742512307623,-0.8066279249976638,0.08469676129273683,0.2348903080516362,0.38659317025444784,-0.5811797610128371
0.7860145641461485,0.9375101415665524,-0.41214292864618046,-0.35947239181935164,-2.5359414264927267,-1.6208577541744098,0.5555513339952498,-1.429878336197591,-2.143547636068567,1.6671527001246027,3.977277197898989,0.7995892042988967,-1.703997908832871,-0.3685624584355232,-0.6972227656654466,3.849743584950906,-1.734476894983363,0.9806859306516879,0.17329278559244315,2.6918688573686738,-0.6974308940024229,-0.8298489072415338,-0.3787992315752208,-1.2144207690718372,2.2134110155012063,4.726959000154188,3.6966463221023913,0.5987158543046884,0.3534505458037045,-2.925431094661962,0.015636293113059925,0.38345340795967403,-1.18553979198451,-4.51378957143419,2.512086825795936,-0.7445928762456916,1.3883181342987507,0.9430096196691903,-4.196170451989423,-2.7021587444634303,1.3113568284111137,1.572022199041373,1.2096665036499608,0.30436393269894685
-0.37521434942459225,-0.1606381640469371,-0.15962052132632865,0.4106386195292888,0.7492223888455652,0.3244240686214793,-0.04167125388136117,0.12579452291938312,0.4245491092428185,-0.44916045108081387,-0.9510476083496385,-0.14783882034033846,0.3321089232294581,-0.05269512270527007,0.3113857150713034,-1.056950289191984,0.7075357362928577,-0.34164254643171477,-0.25460100474263186,-0.6974308940024229,0.26214020043749686,0.13984697196161458,-0.04304940831518579,0.4956734814269608,-0.5482093041428828,-1.1447218547515565,-0.976954613633671,-0.30874595793649573,-0.14207239582437436,0.7444423377686749,0.010392750360874057,-0.09905484846200119,0.31014137594409374,1.1568416957507468,-0.4604314695514734,0.1870406810888395,-0.3827388131598059,-0.04006047150163082,1.0217596019538024,0.9177336221039439,-0.27291774766674176,-0.4186768040245839,-0.3560654139705843,0.12623164655061334
-0.06432741236297328,-0.4642174629338896,0.2502288519679927,-0.1964308255826785,0.4590784819472407,0.5666740778836042,-0.3313649097935301,0.813281407408038,0.8211680808729781,-0.5887458765022976,-1.3198571874209732,-0.581135203164895,0.6536548635064529,-0.08137165646933726,-0.2303011212111931,-1.1316709428419336,0.4944380682054232,-0.21830504426669758,0.33203760986281217,-0.8298489072415338,0.13984697196161458,0.4520585867840371,0.20476938637854478,0.06476109638941163,-0.5870700721741944,-1.607560113893741,-1.1343023707421611,-0.056660663563403775,-0.06797588277834636,0.8698286253171702,0.04687014661283933,-0.0960298200797767,0.06668086426388999,1.3025588932068217,-0.8292146672238345,0.290368768080925,-0.4607676023744012,-0.7163977402085698,1.5500744065653864,0.5771585392020847,-0.30215841668883675,-0.2798268671714353,-0.20219563029746723,-0.25871453236486375
0.2256347526913711,-0.25561961131680855,0.662182918775913,-0.5768543929011845,0.2842605040768578,0.4179291906650101,-0.19870200215981854,0.655674149657501,0.6135200583514983,-0.18706174961095282,-0.6913576301584291,-0.1366304685260892,0.43979787818342647,0.4744046967234553,0.043640854387572675,-0.42275329756831354,-0.41007927966845664,0.062038668055891984,0.345079186817013,-0.3787992315752208,-0.04304940831518579,0.20476938637854478,0.3676325365079565,-0.185629132706006,-0.4635743973398939,-0.8094714889152935,-0.45351443882554127,0.2349916059338698,0.04923488206654375,0.4692729853480001,-0.08805515508824224,-0.08105730642032531,0.28324223328438003,0.8038736861506433,-0.8549828323238109,0.12016801256921328,-0.15178977806794286,-0.46216049400986403,0.6422131841836412,-0.005431124133186738,-0.40944718187650125,-0.34594529999533485,-0.1565332711320017,-0.48117674022887347
-0.8417026170749501,-0.09530316848332639,-0.4134699479645569,1.0441077971756492,1.6546868054515294,0.5662906991766907,-0.1173599286548638,-0.25852134725306736,0.32582057947878845,-0.576407938610531,-1.6057456580512088,0.2629185143307523,0.4637566105387113,0.22590975908451483,0.7605386051645716,-1.870019733173726,1.4280638097462124,-0.8142555307425045,-1.0206364797819238,-1.2144207690718372,0.4956734814269608,0.06476109638941163,-0.185629132706006,1.426846668218987,-0.8554351465120223,-1.7611557996863771,-1.7539811394958773,-0.7007193547425323,-0.28366201515579553,1.315007444514149,0.07268894773800434,-0.13829657548368485,0.9479002293077695,1.7868472184822854,-0.5135356635920438,0.15496832857655526,-0.5123413449251812,0.47074833784469006,1.440645597904642,1.7628363893163175,-0.5298077860408252,-0.719815630974416,-0.7844234289604521,0.430901568192876
0.5894337887161296,0.7078668167224634,-0.5927413891520786,-0.15760920744077436,-2.287358608102808,-1.3441533234201277,0.22255360292640677,-1.2334050441357507,-2.027610561799889,1.4078387395410112,3.2778487579171696,0.5446311199078033,-1.4490446594493431,-0.6299060182611637,-1.0798281292349872,3.195382309928136,-0.9655392338341859,0.6657537738808182,0.07587701525886777,2.2134110155012063,-0.5482093041428828,-0.5870700721741944,-0.4635743973398939,-0.8554351465120223,2.184050408411893,3.96160445247381,3.038902962604684,0.36627090513251903,0.2891240702714654,-2.5181726952655303,0.18162102070701094,0.38528285880959523,-1.1947274047209464,-4.178744333871277,2.524258682467613,-0.6442431475103794,1.2022475568305027,0.7068073442731033,-3.3851835587821295,-2.2811420091860843,1.3386145769728492,1.7351346939453518,1.1359494833591819,0.3885701849034003
1.1872635288680076,1.7964841453047697,-0.9390030245417106,-0.29960945721119103,-4.230414772312682,-2.908699254370924,1.018481347053035,-2.9020219852743017,-4.065483174698265,3.0425481185165113,7.088668119656507,1.715270751929044,-3.138793941519791,-0.5672417482349655,-1.0200137008300247,6.752008027334477,-2.8407717826188748,1.5674587700152587,-0.11436901773904806,4.726959000154188,-1.1447218547515565,-1.607560113893741,-0.8094714889152935,-1.7611557996863771,3.96160445247381,8.521346909034099,6.506178986043321,0.8852072591847839,0.5811558915948992,-5.182984207297389,0.05902734646714485,0.6843053976622895,-1.8838197388356748,-8.083895603893353,4.68301401929769,-1.4003459899675268,2.5106044404852343,2.0493753248314173,-7.636259055928162,-4.555483665463225,2.3100826958252743,2.7648181434331667,2.02091250563256,0.7530050431579115
1.167779337527793,1.2603655688141464,-0.39862433470851594,-0.6601726632833981,-3.501930294712061,-2.1773831077001593,0.7112004665709997,-1.8627858266385517,-2.8963541797374233,2.332755294540304,5.459192366674834,1.1191203029638563,-2.3200268439347727,-0.38855953802778354,-0.9802292767701445,5.354270075780678,-2.5692429162716763,1.3982489862706562,0.30982372293098814,3.6966463221023913,-0.976954613633671,-1.1343023707421611,-0.45351443882554127,-1.7539811394958773,3.038902962604684,6.506178986043321,5.153210487856645,0.8944715267321706,0.5203981322477742,-4.043297170078106,0.0022108931069592433,0.5141859235541035,-1.584269830825292,-6.21671810821103,3.3581424581786554,-1.0210626119557527,1.9413061524263309,1.2200365254639032,-5.80216324864563,-3.82795526864045,1.7466703316093921,2.1567330639913007,1.6672727346821412,0.29517121990596995
0.542388646718637,0.05271385765267517,0.5200139184176916,-0.7651608013386143,-0.7149732550068697,-0.16877668335069274,-0.02322296580219016,0.20713310701930582,-0.1359764407073046,0.3978969749148999,0.7396323058614231,0.0673703129943911,-0.16009768450821993,0.2752069523288545,-0.3004901629777225,0.9872818090511825,-1.0362529927860435,0.4390406342424758,0.49341879254921045,0.5987158543046884,-0.30874595793649573,-0.056660663563403775,0.2349916059338698,-0.7007193547425323,0.36627090513251903,0.8852072591847839,0.8944715267321706,0.47785197420534703,0.1873548050512523,-0.613688791749667,-0.07143926357661934,0.06201660910924698,-0.23226871078839956,-0.8650548001233693,0.05988649383818889,-0.1352948879543981,0.3385156725797567,-0.2109685923828626,-0.8278643381446726,-1.036867401631723,0.0975445453620375,0.27713695882062184,0.32605953039005414,-0.39953596000509467
0.2335667945301874,0.06404724209753725,0.15534926353287237,-0.2806114130975408,-0.3892440512818169,-0.13958397752526067,-0.013198789997210804,-0.018701015775400807,-0.19534600043477487,0.2476242368385944,0.4750065416576736,0.07522356521940089,-0.15972121578788448,0.07599842079155676,-0.1778865606450778,0.5589455460883203,-0.42555800216535383,0.19771642792339603,0.16121113242252602,0.3534505458037045,-0.14207239582437436,-0.06797588277834636,0.04923488206654375,-0.28366201515579553,0.2891240702714654,0.5811558915948992,0.5203981322477742,0.1873548050512523,0.09486679948323475,-0.3847744276498283,-0.012544582535143636,0.048148838632157014,-0.13749490727611763,-0.6046085087222082,0.19516521077483043,-0.09170811719252243,0.2127721992080192,-0.017567181128613062,-0.5268618327431965,-0.5177516135988364,0.11866568433204908,0.22546010442157843,0.18665524776256803,-0.12200913900235306
-0.83418377103711,-0.9966065722480559,0.5482833733371196,0.3574113066916234,2.8516178649102994,1.7793240950207734,-0.5448033478949957,1.5616956148815937,2.405823138800923,-1.8146429540676592,-4.343374028608576,-0.7986277871254436,1.8792088534296816,0.5469614503716116,0.9202692748104003,-4.213895734590937,1.7497365403632736,-1.0339502053355674,-0.1974592247649588,-2.925431094661962,0.7444423377686749,0.8698286253171702,0.4692729853480001,1.315007444514149,-2.5181726952655303,-5.182984207297389,-4.043297170078106,-0.613688791749667,-0.3847744276498283,3.250494771168779,-0.06837059514502392,-0.434263241547065,1.410569099738759,5.065733714450657,-2.8862007103880454,0.8094831708125241,-1.5152642251923445,-0.9778984396176481,4.546958781376512,2.961663846689585,-1.5203536446190904,-1.852652141609912,-1.3769555359809411,-0.38114944365503567
-0.045257713232494425,-0.02049683832819034,-0.16828290732561887,0.09743625031400353,-0.11718440943042178,-0.026714630078169346,-0.0939597234422484,-0.050721393428412156,-0.147719288950893,0.013204976551442633,0.025924707583843767,-0.060316230424357374,-0.033104255188976084,-0.19638779520318833,-0.2513156234856728,0.02564298444667533,0.2521560535979567,-0.07758525465040059,-0.038482993161911165,0.015636293113059925,0.010392750360874057,0.04687014661283933,-0.08805515508824224,0.07268894773800434,0.18162102070701094,0.05902734646714485,0.0022108931069592433,-0.07143926357661934,-0.012544582535143636,-0.06837059514502392,0.0897644385619549,0.03848276086560267,-0.1374352982090321,-0.2421752395191786,0.2576191828376173,-0.020802944591051153,0.023258417640765274,-0.01887914458238058,0.01998216410805042,-0.021442092587061513,0.14835946766494915,0.2207342352951991,0.07748131897393659,0.10215065768408152
0.09825028679544412,0.12222161879223917,-0.11631065212011422,-0.02271223300501744,-0.4035285213170625,-0.23237971861326148,0.032914142100098895,-0.21626240014611348,-0.36114675118161615,0.2414478678730128,0.5636096726910909,0.08972887829018017,-0.2445345924913862,-0.11831571677893185,-0.20684128760673848,0.5506612985192381,-0.14746696394487827,0.1065715441703873,0.009928881639231535,0.38345340795967403,-0.09905484846200119,-0.0960298200797767,-0.08105730642032531,-0.13829657548368485,0.38528285880959523,0.6843053976622895,0.5141859235541035,0.06201660910924698,0.048148838632157014,-0.434263241547065,0.03848276086560267,0.07507826216491527,-0.21689846037511074,-0.7339948653201039,0.45017400143991415,-0.11725440205353985,0.2088572171891718,0.12210942672196345,-0.5817925824669143,-0.3962034954038541,0.23971491818151472,0.31254979164535274,0.20121695545652768,0.07660395830418208
-0.3743545837308699,-0.18078784184638183,0.541972632165689,0.17535725538766375,1.718859418602686,0.8078912792990128,-0.16369362504008153,0.27541510373471295,0.7941400769105166,-0.45884660938498023,-1.7155424324887123,0.4083451957228256,0.688681388236063,1.0425683993585384,1.020956071613383,-1.6774223912301036,0.28505395152530244,-0.4783678152749447,-0.5998288091140822,-1.18553979198451,0.31014137594409374,0.06668086426388999,0.28324223328438003,0.9479002293077695,-1.1947274047209464,-1.8838197388356748,-1.584269830825292,-0.23226871078839956,-0.13749490727611763,1.410569099738759,-0.1374352982090321,-0.21689846037511074,1.3215434767027963,2.162712167561365,-1.3631098036975544,0.16688414477164495,-0.4300372017476174,0.17796852398543495,1.3432512983038594,1.274967988821959,-0.9799650655549387,-1.102435928334196,-0.8658269694457379,-0.22516139852502312
-1.2613070580304235,-1.5162057700354648,0.9413877001329579,0.4794067631143914,4.449342992929522,2.6983527393210394,-0.5883700758654522,2.511547390968008,3.996398328398117,-2.917163186831656,-6.675640576613121,-1.326628101985243,2.9178679883283505,0.8766175443046771,1.7770294489864151,-6.530486129303968,2.409451486747898,-1.449698992243608,-0.1358318750644039,-4.51378957143419,1.1568416957507468,1.3025588932068217,0.8038736861506433,1.7868472184822854,-4.178744333871277,-8.083895603893353,-6.21671810821103,-0.8650548001233693,-0.6046085087222082,5.065733714450657,-0.2421752395191786,-0.7339948653201039,2.162712167561365,8.235005232140464,-4.797009857845098,1.333780051606057,-2.458190892009391,-1.5660002394348165,7.050174951880486,4.6541818436590106,-2.4778792716422307,-3.1934052342966175,-2.1813507432601567,-0.6634050929828503
0.25312837392657517,1.0061976457775677,-1.3302818550214235,0.5669575199336402,-2.384604737233201,-1.7483990920549755,0.4884859071316778,-1.9928132466710182,-2.641425892602485,1.5568862657780185,3.884337980100451,0.7761196319164068,-1.8753404467400685,-1.0494461444831074,-0.9380234856093712,3.4770546242457865,-0.46634428270348904,0.526065071864379,-0.4178039118616042,2.512086825795936,-0.4604314695514734,-0.8292146672238345,-0.8549828323238109,-0.5135356635920438,2.524258682467613,4.68301401929769,3.3581424581786554,0.05988649383818889,0.19516521077483043,-2.8862007103880454,0.2576191828376173,0.45017400143991415,-1.3631098036975544,-4.797009857845098,3.3388378751210155,-0.7713353828302199,1.3083992315671706,1.3062573215693831,-3.9884173061039183,-2.0835208951741584,1.6813826728445191,1.9421556690950428,1.1945489052308924,0.9596358313119291
-0.1739152240154046,-0.3236937741476116,0.11147419995840523,0.03753853435346268,0.580234629459554,0.43373218782841877,-0.12523572807460717,0.5380207619202986,0.736151316487968,-0.5516937871074755,-1.1154302261624618,-0.4260469561794929,0.4981331740763528,-0.05634777719278595,0.1222702902760626,-1.077647614072571,0.4736701017980862,-0.19786496661762754,0.1443015543280972,-0.7445928762456916,0.1870406810888395,0.290368768080925,0.12016801256921328,0.15496832857655526,-0.6442431475103794,-1.4003459899675268,-1.0210626119557527,-0.1352948879543981,-0.09170811719252243,0.8094831708125241,-0.020802944591051153,-0.11725440205353985,0.16688414477164495,1.333780051606057,-0.7713353828302199,0.27878077517793415,-0.44974945198863747,-0.4383629854934213,1.3042893282584032,0.7305709200459106,-0.3225232287881252,-0.4369411820908116,-0.2745949839065448,-0.12468989216535324
0.45138798339832736,0.500138437804051,-0.06896049691039631,-0.2719496662137575,-1.226671892341659,-0.7643415810380273,0.17345582609319776,-0.7709844061817265,-1.207266939247525,0.9813166562230844,2.038137914362939,0.6033218937208049,-0.8729003052090792,0.04808767834241619,-0.37741116914157397,2.039549475361594,-0.9999660433954198,0.4738813039974157,-0.021017783873095983,1.3883181342987507,-0.3827388131598059,-0.4607676023744012,-0.15178977806794286,-0.5123413449251812,1.2022475568305027,2.5106044404852343,1.9413061524263309,0.3385156725797567,0.2127721992080192,-1.5152642251923445,0.023258417640765274,0.2088572171891718,-0.4300372017476174,-2.458190892009391,1.3083992315671706,-0.44974945198863747,0.8170064029466942,0.5682804936645024,-2.2927463015739744,-1.4906431913934168,0.6117383819349493,0.8537415834870116,0.5868121922113249,0.0888624610795346
-0.2562734627888739,0.7523493659905668,-0.6897125792262994,0.8126969338740831,-0.18110034854696686,-0.7696734213485604,0.5196900224205738,-1.5110632230800989,-1.3131585781087118,0.7534152368082002,1.6254736110190502,1.0497721192936504,-0.9349685237332204,0.11592202290300378,0.6134375491505791,1.1813464346902711,-0.16043970595563248,0.01821677892459351,-0.9724597125168918,0.9430096196691903,-0.04006047150163082,-0.7163977402085698,-0.46216049400986403,0.47074833784469006,0.7068073442731033,2.0493753248314173,1.2200365254639032,-0.2109685923828626,-0.017567181128613062,-0.9778984396176481,-0.01887914458238058,0.12210942672196345,0.17796852398543495,-1.5660002394348165,1.3062573215693831,-0.4383629854934213,0.5682804936645024,1.4024883055607946,-2.0392133222463156,-0.27023877986523565,0.3712202214221749,0.25103314568617024,0.06341301851034717,0.6751407431689971
-1.0625435924670905,-1.6880483181710937,0.6443227119814456,0.30484487614593414,3.5097959981621343,2.53947813871764,-0.9622426782151724,2.6857011793983148,3.626794062469992,-2.805082119583705,-6.307568796346586,-1.826315049760468,2.797314414398449,0.1146416096818636,0.5780407646812304,-6.011660329144768,2.7916625439361633,-1.395386956158612,0.2802742512307623,-4.196170451989423,1.0217596019538024,1.5500744065653864,0.6422131841836412,1.440645597904642,-3.3851835587821295,-7.636259055928162,-5.80216324864563,-0.8278643381446726,-0.5268618327431965,4.546958781376512,0.01998216410805042,-0.5817925824669143,1.3432512983038594,7.050174951880486,-3.9884173061039183,1.3042893282584032,-2.2927463015739744,-2.0392133222463156,6.991612767109962,4.025253165315959,-1.858227494509239,-2.2425844366005134,-1.6522620475432652,-0.601091132404267
-1.3092327150580816,-0.6618132394246251,-0.35229948368545655,1.3147976456895911,2.9054557633191367,1.3354643681132115,-0.16417480118926012,0.680592065824471,1.827887240848606,-1.7548282094255094,-3.778420858100831,-0.5834543759855444,1.4120018924959588,0.027747706923791013,1.27058744919913,-4.095326177536424,2.428918018361173,-1.2157170115347016,-0.8066279249976638,-2.7021587444634303,0.9177336221039439,0.5771585392020847,-0.005431124133186738,1.7628363893163175,-2.2811420091860843,-4.555483665463225,-3.82795526864045,-1.036867401631723,-0.5177516135988364,2.961663846689585,-0.021442092587061513,-0.3962034954038541,1.274967988821959,4.6541818436590106,-2.0835208951741584,0.7305709200459106,-1.4906431913934168,-0.27023877986523565,4.025253165315959,3.4246903611577,-1.193894900945077,-1.7713550939509595,-1.3940372558488787,0.30822474395210564
0.2275478130803185,0.40527153885072603,-0.6776678535259867,0.14481022014019293,-1.4815205503678885,-0.9077510683771924,0.22001786232148443,-0.7867901216257207,-1.2105023785107092,0.7019866976880593,1.9807797419103217,0.09446452661774442,-0.9065462499070236,-0.7819268687247787,-0.7393128343496075,1.8208815526944928,-0.23179392059783455,0.3587579015538507,0.08469676129273683,1.3113568284111137,-0.27291774766674176,-0.30215841668883675,-0.40944718187650125,-0.5298077860408252,1.3386145769728492,2.3100826958252743,1.7466703316093921,0.0975445453620375,0.11866568433204908,-1.5203536446190904,0.14835946766494915,0.23971491818151472,-0.9799650655549387,-2.4778792716422307,1.6813826728445191,-0.3225232287881252,0.6117383819349493,0.3712202214221749,-1.858227494509239,-1.193894900945077,0.9679791122705302,1.1061573971478402,0.7462060637462051,0.42115414379141497
0.4831873762198687,0.38832111823577564,-0.4675359228123787,-0.2178384132395746,-1.8753193832145711,-0.9298201154450402,-0.012362501888614381,-0.7067356381063151,-1.4576708435742873,0.9710884684616228,2.2809222874670843,0.15871490783147454,-0.9814413268956861,-0.6888071194961594,-1.1914037991812536,2.3089802784623217,-0.5237496223197561,0.4623968152802297,0.2348903080516362,1.572022199041373,-0.4186768040245839,-0.2798268671714353,-0.34594529999533485,-0.719815630974416,1.7351346939453518,2.7648181434331667,2.1567330639913007,0.27713695882062184,0.22546010442157843,-1.852652141609912,0.2207342352951991,0.31254979164535274,-1.102435928334196,-3.1934052342966175,1.9421556690950428,-0.4369411820908116,0.8537415834870116,0.25103314568617024,-2.2425844366005134,-1.7713550939509595,1.1061573971478402,1.5108023597322118,0.9544881777751245,0.25087585285148867
0.46137220837008786,0.2707534625065168,-0.19604701237997244,-0.3397676000195142,-1.4565804270142044,-0.7052141776283353,0.10671509515032318,-0.37124244188654937,-0.8777182971109446,0.6704419606054735,1.7304091624497702,0.022345960634678752,-0.6910549644399959,-0.45930253920806674,-0.7549661217479137,1.7708552393755732,-0.6790777363601076,0.4880566650885599,0.38659317025444784,1.2096665036499608,-0.3560654139705843,-0.20219563029746723,-0.1565332711320017,-0.7844234289604521,1.1359494833591819,2.02091250563256,1.6672727346821412,0.32605953039005414,0.18665524776256803,-1.3769555359809411,0.07748131897393659,0.20121695545652768,-0.8658269694457379,-2.1813507432601567,1.1945489052308924,-0.2745949839065448,0.5868121922113249,0.06341301851034717,-1.6522620475432652,-1.3940372558488787,0.7462060637462051,0.9544881777751245,0.7207059549774512,0.06469942592911873
-0.42920133337422,0.3243731072512966,-0.9231413222304772,0.9094290998718071,-0.09680469727854621,-0.46312061750773326,0.3033299498656704,-0.8777483353924588,-0.6927705502191368,0.1234699512256217,0.6474164965264064,0.2105548333403372,-0.480493990868229,-0.5698559134278313,0.13680128443944023,0.24570877635302674,0.7045939385702614,-0.192557703002856,-0.5811797610128371,0.30436393269894685,0.12623164655061334,-0.25871453236486375,-0.48117674022887347,0.430901568192876,0.3885701849034003,0.7530050431579115,0.29517121990596995,-0.39953596000509467,-0.12200913900235306,-0.38114944365503567,0.10215065768408152,0.07660395830418208,-0.22516139852502312,-0.6634050929828503,0.9596358313119291,-0.12468989216535324,0.0888624610795346,0.6751407431689971,-0.601091132404267,0.30822474395210564,0.42115414379141497,0.25087585285148867,0.06469942592911873,0.7017692773712557
