V1,V2,V3,V4,V5,V6,V7,V8,V9,V10,V11,V12,V13,V14,V15,V16,V17,V18,V19,V20,V21,V22,V23,V24,V25,V26,V27,V28,V29,V30,V31,V32,V33,V34,V35,V36,V37,V38,V39,V40,V41,V42,V43,V44
0.9117724637382382,-0.13949640497741034,-1.1523941827215238,0.8222120551284336,1.273921796299621,-3.7954580466448977,-1.1106779149756443,0.9614816157848849,0.8632650404554073,-0.0024466110154188004,-0.4154528502209656,-1.0320700790193862,1.011512830605434,-0.2977807766505226,-1.3877106518600797,-0.5074003574783109,3.6335210522741477,-1.425909517714932,-0.16575980093573287,2.7712968762011,-0.3355527505342595,-0.04767827405950587,-2.6966089826813504,-1.205814963201158,-1.9404821104564138,0.526444646732847,-0.5976516838690145,-0.818376826934611,1.6081278545004674,-0.22759553365223145,-1.961817883938753,1.6757134841798869,0.8149078823672535,-1.550796951009497,-3.620982526998508,2.145800590330418,-3.3059937121391956,-0.6448841406566116,-1.652292599027602,-0.0995604480524045,0.25136091460447263,3.1101998465126,0.33577580175748134,1.4348586258893503
-0.13949640497741034,0.42487804138117685,0.12323846874070793,0.21914991897382652,-0.11607861563926386,-0.4168826083504902,0.4744681095779968,-0.029377051775507826,0.0960736514038032,-0.03484114676635409,-0.09705742948858244,0.46256218318438075,0.01054467301671422,-0.020476842667736552,0.1257017701198889,-0.27860937759590026,-0.3927497208705706,0.3512724472697306,0.08362440570582229,0.07086441529946601,-0.31704350922463126,0.29269933054896585,-0.4057459589725762,-0.35238255524212675,0.09685904100084916,-0.6563315967416781,0.3172560885699973,-0.05525295444045492,-0.7940887834193054,0.26557399917109736,0.22218097155468736,-0.8237102059051451,0.3516973427244585,0.18355942313373533,0.6029280957650173,-0.11131752387312316,-0.2176708072432212,0.4103418207239922,1.2205032007975898,0.040289924860671594,0.2621388975637324,-0.5473302796948986,-0.00876618263214086,-0.2848072853004859
-1.1523941827215238,0.12323846874070793,1.559199029748996,-1.0540403649845882,-1.7817069533820575,5.030823401737437,1.430660835817216,-1.3387987006999547,-1.2191088381912176,-0.181218533059342,0.4292027722194198,1.3619829657997002,-1.427660512041953,0.2589828780165381,1.7666288807101858,0.5107168807502942,-4.7570547465873245,1.7800050620634797,0.34799700124271504,-3.7955693076737558,0.5862041329182962,0.13378178386174402,3.4610553573243137,1.5158240536210117,2.5401502130211027,-0.7440751028770677,0.8224394570725982,1.0400412615030856,-2.0915632090921656,0.27677401732783186,2.641202714927883,-2.221147143675883,-1.0857115002965019,2.1725215690618302,4.780186790512978,-2.788833609308616,4.29736728623434,0.831409417377733,2.1645518100746384,-0.00643665839950643,-0.1990629596426623,-3.983295076890043,-0.45280673522164,-1.892731832843624
0.8222120551284336,0.21914991897382652,-1.0540403649845882,1.104227329205203,1.1794946043479841,-4.318225334112831,-0.6832847240455092,0.9197978902343589,0.944055003291333,-0.04632558088082304,-0.5531322711258315,-0.5784761128095861,1.052638067666283,-0.3381050305255193,-1.2842758316064604,-0.8329910378907455,3.346143739057945,-1.103076855895905,-0.08004822269398718,2.851982093366735,-0.5817196035343845,0.2782013351406747,-3.162398769787222,-1.5894306372831013,-1.915880074939538,-0.09259969370369349,-0.30654963687656894,-0.8684718862812234,0.8852908592252252,0.0354595993159756,-1.8133859628746427,0.8946258276502185,1.1456131463450816,-1.395308370322371,-3.139455823672031,2.095665768525242,-3.628533605606729,-0.2891145237727888,-0.49612993639837505,-0.07736268290210195,0.5455439712119332,2.7188302911584294,0.3320105278578722,1.1813913038253836
1.273921796299621,-0.11607861563926386,-1.7817069533820575,1.1794946043479841,2.1017725455918432,-5.674432708776905,-1.6057803251561213,1.5786212741763452,1.4407424120029875,0.3367248498609139,-0.39575560265521514,-1.5482299840580767,1.6738544674656028,-0.20794000996866696,-1.9513883730551165,-0.4617716742821623,5.364796335495913,-1.9356951855623608,-0.483729098391187,4.362632771324902,-0.7295257179282207,-0.21633161664121123,-3.8205627867227285,-1.637232530316506,-2.855804430288915,0.8911820833972846,-0.9624286545430747,-1.1247671305341573,2.355644373781483,-0.2949020586560543,-3.0081499000849496,2.494770544915649,1.2263121118864768,-2.539393283693031,-5.411346545393773,3.1320014945059444,-4.791576179190243,-0.9289083368982786,-2.4535968733442406,0.08107991045620289,0.1466389091506654,4.410057108076031,0.5186566827522961,2.1404094109493843
-3.7954580466448977,-0.4168826083504902,5.030823401737437,-4.318225334112831,-5.674432708776905,18.64727511523984,3.8959005911331333,-4.370483532166149,-4.231870449235663,-0.1161668183055348,2.0832026098779326,3.545905362968803,-4.773486512940153,1.2313290784318187,5.992864274638497,2.870661683102725,-15.709592837705436,5.5525508737337805,0.7188079747904879,-13.080204605740905,2.516945448814487,-0.5315910847772987,13.34982797104809,6.375373319811707,8.721970477090158,-0.8707460151347752,1.9744761701562488,3.810864613959895,-5.3937856452211665,0.360905640855637,8.612756760929225,-5.7282271985160165,-4.604451908186465,6.864040639774846,15.16240597911911,-9.539308163730263,15.761496676018057,1.9720226732062962,4.556982765711069,0.16116388293499423,-1.653766162448882,-12.932608510611947,-1.5521290959850795,-5.884968217049766
-1.1106779149756443,0.4744681095779968,1.430660835817216,-0.6832847240455092,-1.6057803251561213,3.8959005911331333,1.6630556296180574,-1.1826599701258718,-0.9551299443007866,-0.12340526565812644,0.29933193745653464,1.605304785981032,-1.167798443385224,0.25392851659479126,1.6635660777986925,0.2159125762006675,-4.437016785447166,1.886817324009462,0.32390420279316917,-3.164401971047678,0.20691038034416473,0.389599180238713,2.6282764593230623,0.9938011762027357,2.2510712319606587,-1.2022872308340617,0.9737432396411217,0.8620440924338811,-2.5058627781160836,0.4874869843949595,2.414296343459613,-2.636199714673397,-0.6349041605808752,1.9821260564961496,4.615596110601272,-2.499224031035039,3.4727511795717625,1.062153234157245,2.961104414449197,0.08468418529143337,0.032003521915444734,-3.890975479514517,-0.3967810629162336,-1.8829799123969808
0.9614816157848849,-0.029377051775507826,-1.3387987006999547,0.9197978902343589,1.5786212741763452,-4.370483532166149,-1.1826599701258718,1.2218164991720588,1.1169261608453012,0.20904716536523466,-0.32699000411737233,-1.1489428670122646,1.251556093995718,-0.2009033695152515,-1.504816514249714,-0.4119803035022585,4.076609262109002,-1.473820964653225,-0.31999650010490116,3.332369255661632,-0.5833373338777539,-0.14172858946707223,-2.998619675497476,-1.3034023204515253,-2.1720888168111023,0.5804954637800076,-0.6902154334991055,-0.8822287412275673,1.7123315542899278,-0.20365736942837298,-2.2435268256978134,1.7989613096779051,0.9973225207307235,-1.8938274030841984,-4.064162982730321,2.3965551983533655,-3.6897258465517484,-0.6454865735986177,-1.7399608628395886,0.022874070055882826,0.1734571266082223,3.3037363935572346,0.3934495054240574,1.6107257039034817
0.8632650404554073,0.0960736514038032,-1.2191088381912176,0.944055003291333,1.4407424120029875,-4.231870449235663,-0.9551299443007866,1.1169261608453012,1.071651382749842,0.19173431914772954,-0.33854999664200913,-0.920784776146842,1.1902539268384063,-0.1897245434482736,-1.3608862866547002,-0.4785914024349239,3.688948311322405,-1.2606024489643064,-0.28542887563429736,3.1357931641940158,-0.6296171603627397,-0.03136081959774987,-2.929602144946783,-1.3343158247963958,-2.0048181412846704,0.34336357367094955,-0.5512253247450324,-0.8440723368131721,1.3549178493818317,-0.10081453086929415,-2.0422333054242663,1.4252040925849025,1.0347912879450536,-1.7141597504934523,-3.6245159587743325,2.2091585754190746,-3.5324955123719364,-0.48816489085831005,-1.2385333120861324,0.041470957999840935,0.24352334207233617,2.9354906042621485,0.3647264028237715,1.415025748087232
-0.0024466110154188004,-0.03484114676635409,-0.181218533059342,-0.04632558088082304,0.3367248498609139,-0.1161668183055348,-0.12340526565812644,0.20904716536523466,0.19173431914772954,0.45754245690300865,0.28111132936867284,-0.17374012663461452,0.2843540305050707,0.29355921502470483,0.06688346382095452,0.4019354091605786,0.22240902824415876,0.09032503997022784,-0.33950767610497234,0.3897584203853046,-0.17375176056169817,-0.24262677837380428,0.23992572517426863,0.2355046356990969,-0.09444025355899428,0.3444637895084534,-0.2263124287973246,0.08902181726555923,0.26266411965314357,-0.028256549825612664,-0.2966169296538898,0.30237967785860376,-0.06801701787969218,-0.41392985482530126,-0.39503086778053853,0.053043001829162335,0.049089898396571206,-0.13397115405961466,-0.4016301431812654,0.28587002495062686,-0.34379457914599315,0.0630820000244192,0.0278807443878442,0.14959217299950367
-0.4154528502209656,-0.09705742948858244,0.4292027722194198,-0.5531322711258315,-0.39575560265521514,2.0832026098779326,0.29933193745653464,-0.32699000411737233,-0.33854999664200913,0.28111132936867284,0.44310727422521085,0.21095763903201167,-0.3550646745915387,0.3217415862981744,0.6874352303085951,0.6253163951029483,-1.5620745092161452,0.6246546388286353,-0.1444072782258807,-1.2047479432529866,0.19472255164573654,-0.27925708208705396,1.6957893853181145,0.9125974739891796,0.9167862242427376,0.19675699054161,0.036721532901476436,0.4796030370404402,-0.34243721646677566,-0.010577704818320611,0.7663150419610215,-0.3511931710857695,-0.5840326820891666,0.4825717513025575,1.3713938852456697,-1.0163243252410388,1.8357333862599592,0.1020899427535438,0.1019322957137326,0.18733506447384746,-0.43972327613148104,-1.3737120650245083,-0.15398197068809308,-0.5227981368003078
-1.0320700790193862,0.46256218318438075,1.3619829657997002,-0.5784761128095861,-1.5482299840580767,3.545905362968803,1.605304785981032,-1.1489428670122646,-0.920784776146842,-0.17374012663461452,0.21095763903201167,1.580183730112074,-1.1095635137399964,0.1985455701734885,1.5567381857401723,0.09909115260022437,-4.177152396737971,1.7865262147887975,0.3511403336176518,-2.9907823892460477,0.20458537273328403,0.45486328681566235,2.352657128917123,0.8404213849819977,2.0889664732254007,-1.2234120385584004,0.9644846714063123,0.7953528913564678,-2.436577397564847,0.4885491895725776,2.274102294750942,-2.571267510549316,-0.5587158203995337,1.9046251505954577,4.37940319375722,-2.3324477955505745,3.1584271469440854,1.026942577017556,2.932609022856431,0.05148628415472536,0.11305826341825732,-3.6284038500026767,-0.37273087299271707,-1.79928876089585
1.011512830605434,0.01054467301671422,-1.427660512041953,1.052638067666283,1.6738544674656028,-4.773486512940153,-1.167798443385224,1.251556093995718,1.1902539268384063,0.2843540305050707,-0.3550646745915387,-1.1095635137399964,1.4007997599140527,-0.16747438758035849,-1.5335273846105522,-0.4710098879496493,4.2534698675069125,-1.4551190545711101,-0.3844021052345547,3.5665922443747897,-0.6564579800187454,-0.07365456124167284,-3.2250524937786915,-1.443765669343096,-2.3117780044529668,0.5399483376562517,-0.7053970263947827,-0.9343045118913311,1.69643157238332,-0.15361533101439573,-2.418016119728966,1.7912144581431788,1.0815346369468057,-2.0216926211670585,-4.261136151830484,2.5193566938884198,-3.9883894112938436,-0.6604360108797779,-1.6320775291719742,0.09508230666172855,0.19257019209724482,3.4724330365444427,0.4139609862002378,1.6566001426719954
-0.2977807766505226,-0.020476842667736552,0.2589828780165381,-0.3381050305255193,-0.20794000996866696,1.2313290784318187,0.25392851659479126,-0.2009033695152515,-0.1897245434482736,0.29355921502470483,0.3217415862981744,0.1985455701734885,-0.16747438758035849,0.31699832809477446,0.5043165149546375,0.46521384773179797,-1.0485154489545379,0.49732815344295705,-0.17835872189711577,-0.6767784537625381,0.004319921972198663,-0.14753723060934118,1.096649363108323,0.5826875270106644,0.5797976925056045,0.11811198382302246,0.03534064740615616,0.33937070193505453,-0.29457701570094236,0.02262454725506924,0.4290064377771148,-0.24758603254403955,-0.36079242535666833,0.219215144397983,0.914919882783104,-0.6855411597088559,1.1449346253659498,0.08676037046561266,0.165318183632183,0.23783640397387212,-0.34700217978431,-0.938473444048465,-0.09198961123972234,-0.35970088946813633
-1.3877106518600797,0.1257017701198889,1.7666288807101858,-1.2842758316064604,-1.9513883730551165,5.992864274638497,1.6635660777986925,-1.504816514249714,-1.3608862866547002,0.06688346382095452,0.6874352303085951,1.5567381857401723,-1.5335273846105522,0.5043165149546375,2.1979888006919994,0.8544580226441252,-5.622304281301976,2.2176287857413315,0.21045687539865554,-4.350304936377927,0.6100305213188141,0.02775884843545818,4.328040118922375,1.9637672285657157,3.0074128306337737,-0.6921280739123538,0.8550331917919828,1.3133180820616381,-2.373195736682343,0.32375959450774394,2.991948137454568,-2.5002687662698255,-1.3652001686451818,2.3625229081473407,5.528064898624993,-3.3404145954250875,5.198751156575024,0.9221052102665934,2.386601822090332,0.18399376013776308,-0.4507291949881858,-4.7622932662493795,-0.534646758299874,-2.203617796116624
-0.5074003574783109,-0.27860937759590026,0.5107168807502942,-0.8329910378907455,-0.4617716742821623,2.870661683102725,0.2159125762006675,-0.4119803035022585,-0.4785914024349239,0.4019354091605786,0.6253163951029483,0.09909115260022437,-0.4710098879496493,0.46521384773179797,0.8544580226441252,0.9606494454273703,-1.9018109640746974,0.6867281259714368,-0.24298313299244836,-1.5650009911746274,0.31719956700747254,-0.47510793958810366,2.3797628384695395,1.3341416535559254,1.1633480438349968,0.5250063641578263,-0.06630360492240239,0.6550941184175781,-0.14839251286312727,-0.12199779283785255,0.9002896538288121,-0.10481298983630888,-0.896296995713556,0.5280082059141393,1.576875922971995,-1.2995305242909587,2.4864856735471403,-0.02076777272410399,-0.34789907336409226,0.26680581761345123,-0.7117694737042743,-1.5969393136251477,-0.1895439975088021,-0.5719108879975773
3.6335210522741477,-0.3927497208705706,-4.7570547465873245,3.346143739057945,5.364796335495913,-15.709592837705436,-4.437016785447166,4.076609262109002,3.688948311322405,0.22240902824415876,-1.5620745092161452,-4.177152396737971,4.2534698675069125,-1.0485154489545379,-5.622304281301976,-1.9018109640746974,14.829254061814932,-5.6785412808136675,-0.8328937281026847,11.623109680520622,-1.6868948331329507,-0.2532082033165225,-11.048310253632597,-4.913634250058952,-7.929970017581091,2.1068760710826724,-2.4278912026808843,-3.314339253999486,6.416227687184755,-0.8628747599003428,-8.075015911660543,6.762186327928059,3.456786853154162,-6.521444755444998,-14.75403371011619,8.745807790051417,-13.528662225205967,-2.5274104236603416,-6.563011977879845,-0.22544974854232014,0.8953153813317327,12.492707005272477,1.405096282933609,5.854502428847389
-1.425909517714932,0.3512724472697306,1.7800050620634797,-1.103076855895905,-1.9356951855623608,5.5525508737337805,1.886817324009462,-1.473820964653225,-1.2606024489643064,0.09032503997022784,0.6246546388286353,1.7865262147887975,-1.4551190545711101,0.49732815344295705,2.2176287857413315,0.6867281259714368,-5.6785412808136675,2.3904977176401325,0.21885286003699037,-4.174140913654573,0.4150576723239794,0.19559168779871075,3.9874723725529817,1.7214432602952487,2.9647761491375793,-1.0313749702381536,0.9971407206172079,1.2611502430549717,-2.7572330213946703,0.4777931307867197,3.0108931022354213,-2.915715126640663,-1.1305658253382045,2.3804632402591546,5.6959812928542375,-3.3064248101709866,4.9290612073008715,1.114401521613336,3.0255197069211186,0.22081917632053746,-0.300153987983857,-4.9300911045255384,-0.5221459377157183,-2.3033405235854083
-0.16575980093573287,0.08362440570582229,0.34799700124271504,-0.08004822269398718,-0.483729098391187,0.7188079747904879,0.32390420279316917,-0.31999650010490116,-0.28542887563429736,-0.33950767610497234,-0.1444072782258807,0.3511403336176518,-0.3844021052345547,-0.17835872189711577,0.21045687539865554,-0.24298313299244836,-0.8328937281026847,0.21885286003699037,0.3000546487856406,-0.7816821213751295,0.1800899681948538,0.21018828512768803,0.26231252855061227,0.00857643671814742,0.4138809448273224,-0.41134220683193984,0.294669802209687,0.07940183584890609,-0.5439325250282436,0.08673687419316405,0.586423132608892,-0.611811078364437,-0.06501138095163297,0.5990269049602334,0.9735837703579869,-0.4230614652042075,0.5271240923274657,0.25117918851676707,0.6986569493623066,-0.2013988887902915,0.24600660261678753,-0.6390195835626692,-0.08483080187149455,-0.38877215546545363
2.7712968762011,0.07086441529946601,-3.7955693076737558,2.851982093366735,4.362632771324902,-13.080204605740905,-3.164401971047678,3.332369255661632,3.1357931641940158,0.3897584203853046,-1.2047479432529866,-2.9907823892460477,3.5665922443747897,-0.6767784537625381,-4.350304936377927,-1.5650009911746274,11.623109680520622,-4.174140913654573,-0.7816821213751295,9.61570863561424,-1.7864276981255385,-0.029250797260350188,-9.12625530315808,-4.1639049020350205,-6.319979346319403,1.2563272078382093,-1.7525233529271873,-2.6631956049547405,4.523449669246803,-0.46074094860212494,-6.444148482189558,4.842788683498969,3.065999435686171,-5.295472250111422,-11.454052246365725,6.9221052637443226,-11.05014605506613,-1.7138542389973621,-4.320223782554045,0.04083353692719899,0.7622977694352814,9.545733099551578,1.139153528180328,4.501410883640613
-0.3355527505342595,-0.31704350922463126,0.5862041329182962,-0.5817196035343845,-0.7295257179282207,2.516945448814487,0.20691038034416473,-0.5833373338777539,-0.6296171603627397,-0.17375176056169817,0.19472255164573654,0.20458537273328403,-0.6564579800187454,0.004319921972198663,0.6100305213188141,0.31719956700747254,-1.6868948331329507,0.4150576723239794,0.1800899681948538,-1.7864276981255385,0.6510868819834563,-0.15908187345121938,1.741914882872178,0.8799369967375452,1.0042923986941423,0.15901112876619233,0.10429335195807503,0.44860049867649665,-0.23952031461798434,-0.09358104798888993,1.008598622110618,-0.3482372494782614,-0.7445957743220241,0.8928150404172206,1.5399866021270106,-1.061288359023694,1.9784908296492518,0.02228887838448863,-0.0351657113669329,-0.1554809697097179,-0.1822635979379371,-1.1977766034718806,-0.20038531803783804,-0.5818429894049435
-0.04767827405950587,0.29269933054896585,0.13378178386174402,0.2782013351406747,-0.21633161664121123,-0.5315910847772987,0.389599180238713,-0.14172858946707223,-0.03136081959774987,-0.24262677837380428,-0.27925708208705396,0.45486328681566235,-0.07365456124167284,-0.14753723060934118,0.02775884843545818,-0.47510793958810366,-0.2532082033165225,0.19559168779871075,0.21018828512768803,-0.029250797260350188,-0.15908187345121938,0.43196201134270457,-0.5852289094130411,-0.4799292602109266,-0.00800382041341828,-0.6528458560930726,0.3402431499161135,-0.10318345222413726,-0.6799983286246285,0.21587857120219334,0.16690250814177804,-0.7027753360771097,0.31347140859313943,0.2588738812513999,0.4899650007703568,-0.018921473040585387,-0.4173966507289452,0.3187410775083365,1.100887261628599,-0.08066850163366937,0.3958914730607415,-0.22719173347379593,-0.0061719678801368276,-0.24369523009437613
-2.6966089826813504,-0.4057459589725762,3.4610553573243137,-3.162398769787222,-3.8205627867227285,13.34982797104809,2.6282764593230623,-2.998619675497476,-2.929602144946783,0.23992572517426863,1.6957893853181145,2.352657128917123,-3.2250524937786915,1.096649363108323,4.328040118922375,2.3797628384695395,-11.048310253632597,3.9874723725529817,0.26231252855061227,-9.12625530315808,1.741914882872178,-0.5852289094130411,9.810827265291357,4.788664535235666,6.167011347734406,-0.269506724008373,1.207279013343177,2.8100131154086334,-3.549468641162104,0.19452971517685225,5.920295788020765,-3.7510399273083275,-3.4178515253520216,4.597858927945087,10.496616895496604,-6.787123420759103,11.360395614333965,1.2425532053959485,2.782251111622847,0.31419356222449907,-1.4698311750476045,-9.121037422464838,-1.0912149054148301,-4.07091037799745
-1.205814963201158,-0.35238255524212675,1.5158240536210117,-1.5894306372831013,-1.637232530316506,6.375373319811707,0.9938011762027357,-1.3034023204515253,-1.3343158247963958,0.2355046356990969,0.9125974739891796,0.8404213849819977,-1.443765669343096,0.5826875270106644,1.9637672285657157,1.3341416535559254,-4.913634250058952,1.7214432602952487,0.00857643671814742,-4.1639049020350205,0.8799369967375452,-0.4799292602109266,4.788664535235666,2.4444866124886473,2.81484575045078,0.2254955264582358,0.37403101931795607,1.341260221807358,-1.2580723390148345,-0.030089327207921443,2.6109567666504607,-1.3340256864768931,-1.7339567781715637,1.966659751218039,4.5407466245413515,-3.0918273460429244,5.4113711965665905,0.3916613407164771,0.6823005530460703,0.18808682031018711,-0.8808414710102378,-4.032115342802448,-0.4958223265923556,-1.7314400727771897
-1.9404821104564138,0.09685904100084916,2.5401502130211027,-1.915880074939538,-2.855804430288915,8.721970477090158,2.2510712319606587,-2.1720888168111023,-2.0048181412846704,-0.09444025355899428,0.9167862242427376,2.0889664732254007,-2.3117780044529668,0.5797976925056045,3.0074128306337737,1.1633480438349968,-7.929970017581091,2.9647761491375793,0.4138809448273224,-6.319979346319403,1.0042923986941423,-0.00800382041341828,6.167011347734406,2.81484575045078,4.301502765393064,-0.9169754197128823,1.2045538023521851,1.8145093315962724,-3.220347743173167,0.37946978758448324,4.3393974481288495,-3.4016735105940277,-1.9827837953562275,3.479794120546424,7.82037468078654,-4.718739182483678,7.46853316443664,1.2531138131900095,3.1445265506573885,0.10761744190855554,-0.59313828028034,-6.659736372514724,-0.7592141615885805,-3.080127698341002
0.526444646732847,-0.6563315967416781,-0.7440751028770677,-0.09259969370369349,0.8911820833972846,-0.8707460151347752,-1.2022872308340617,0.5804954637800076,0.34336357367094955,0.3444637895084534,0.19675699054161,-1.2234120385584004,0.5399483376562517,0.11811198382302246,-0.6921280739123538,0.5250063641578263,2.1068760710826724,-1.0313749702381536,-0.41134220683193984,1.2563272078382093,0.15901112876619233,-0.6528458560930726,-0.269506724008373,0.2254955264582358,-0.9169754197128823,1.3995230332088404,-0.8361619151765545,-0.19162328192427394,1.9518106708524017,-0.5077573434296434,-1.2434132756401852,2.08882438782341,-0.2247969461608632,-1.142906809687073,-2.509118954437465,1.011847623558175,-0.8754508700715994,-0.9101442759117063,-2.7188415683003972,0.09825410727115835,-0.5483701933473928,1.9780391618510558,0.16838468036683074,1.0769967312621533
-0.5976516838690145,0.3172560885699973,0.8224394570725982,-0.30654963687656894,-0.9624286545430747,1.9744761701562488,0.9737432396411217,-0.6902154334991055,-0.5512253247450324,-0.2263124287973246,0.036721532901476436,0.9644846714063123,-0.7053970263947827,0.03534064740615616,0.8550331917919828,-0.06630360492240239,-2.4278912026808843,0.9971407206172079,0.294669802209687,-1.7525233529271873,0.10429335195807503,0.3402431499161135,1.207279013343177,0.37403101931795607,1.2045538023521851,-0.8361619151765545,0.6362504041289546,0.4162795852114278,-1.5085440303166817,0.3011209424633689,1.3747359682234934,-1.5805705471198999,-0.2519475516580659,1.183433187443806,2.6181220192522816,-1.329882989538901,1.733397162825785,0.6559258667033636,1.850732799881286,-0.041495436337043556,0.1713302409683203,-2.1072753569642675,-0.21120641376340465,-1.0687229438035297
-0.818376826934611,-0.05525295444045492,1.0400412615030856,-0.8684718862812234,-1.1247671305341573,3.810864613959895,0.8620440924338811,-0.8822287412275673,-0.8440723368131721,0.08902181726555923,0.4796030370404402,0.7953528913564678,-0.9343045118913311,0.33937070193505453,1.3133180820616381,0.6550941184175781,-3.314339253999486,1.2611502430549717,0.07940183584890609,-2.6631956049547405,0.44860049867649665,-0.10318345222413726,2.8100131154086334,1.341260221807358,1.8145093315962724,-0.19162328192427394,0.4162795852114278,0.8546291546254686,-1.1988797181174506,0.1180459080600782,1.7580662176040696,-1.2673215639411641,-0.9474602837257607,1.3537598632462822,3.1934866155616524,-2.018587725742016,3.274628122986368,0.4399584259931451,1.0534217878074368,0.11554739033569404,-0.38283414467722143,-2.772720223184768,-0.3161526934771336,-1.2566792432246485
1.6081278545004674,-0.7940887834193054,-2.0915632090921656,0.8852908592252252,2.355644373781483,-5.3937856452211665,-2.5058627781160836,1.7123315542899278,1.3549178493818317,0.26266411965314357,-0.34243721646677566,-2.436577397564847,1.69643157238332,-0.29457701570094236,-2.373195736682343,-0.14839251286312727,6.416227687184755,-2.7572330213946703,-0.5439325250282436,4.523449669246803,-0.23952031461798434,-0.6799983286246285,-3.549468641162104,-1.2580723390148345,-3.220347743173167,1.9518106708524017,-1.5085440303166817,-1.1988797181174506,3.821419181620156,-0.7770001519434007,-3.5289475930463317,4.033969786742617,0.7808307951151815,-2.9256960151564755,-6.764712405177305,3.5704251766100716,-4.8293454059651015,-1.6435873224047708,-4.616693785420949,-0.07283470651461547,-0.19255130289256406,5.665714873181492,0.5652560973755152,2.7714260010943104
-0.22759553365223145,0.26557399917109736,0.27677401732783186,0.0354595993159756,-0.2949020586560543,0.360905640855637,0.4874869843949595,-0.20365736942837298,-0.10081453086929415,-0.028256549825612664,-0.010577704818320611,0.4885491895725776,-0.15361533101439573,0.02262454725506924,0.32375959450774394,-0.12199779283785255,-0.8628747599003428,0.4777931307867197,0.08673687419316405,-0.46074094860212494,-0.09358104798888993,0.21587857120219334,0.19452971517685225,-0.030089327207921443,0.37946978758448324,-0.5077573434296434,0.3011209424633689,0.1180459080600782,-0.7770001519434007,0.2215844973718009,0.4659845993903247,-0.8352268111254256,0.06987914163572048,0.39288573895971274,0.9861641487340898,-0.4283267572189351,0.40176310044335656,0.355722261056929,1.0750337572991442,0.028013535191430513,0.15005132267131394,-0.8397886921208783,-0.0634350834742991,-0.4340777108719372
-1.961817883938753,0.22218097155468736,2.641202714927883,-1.8133859628746427,-3.0081499000849496,8.612756760929225,2.414296343459613,-2.2435268256978134,-2.0422333054242663,-0.2966169296538898,0.7663150419610215,2.274102294750942,-2.418016119728966,0.4290064377771148,2.991948137454568,0.9002896538288121,-8.075015911660543,3.0108931022354213,0.586423132608892,-6.444148482189558,1.008598622110618,0.16690250814177804,5.920295788020765,2.6109567666504607,4.3393974481288495,-1.2434132756401852,1.3747359682234934,1.7580662176040696,-3.5289475930463317,0.4659845993903247,4.514081763722062,-3.768859623771224,-1.842155284135359,3.6975602252118343,8.103523404636844,-4.735742479985034,7.356248352407812,1.4169814792790096,3.6369509192472003,-0.025128224875094335,-0.354518873466169,-6.804268036051531,-0.7711253188835284,-3.2028950939020833
1.6757134841798869,-0.8237102059051451,-2.221147143675883,0.8946258276502185,2.494770544915649,-5.7282271985160165,-2.636199714673397,1.7989613096779051,1.4252040925849025,0.30237967785860376,-0.3511931710857695,-2.571267510549316,1.7912144581431788,-0.24758603254403955,-2.5002687662698255,-0.10481298983630888,6.762186327928059,-2.915715126640663,-0.611811078364437,4.842788683498969,-0.3482372494782614,-0.7027753360771097,-3.7510399273083275,-1.3340256864768931,-3.4016735105940277,2.08882438782341,-1.5805705471198999,-1.2673215639411641,4.033969786742617,-0.8352268111254256,-3.768859623771224,4.353589106279245,0.8229134232039577,-3.1450668749043853,-7.133050909395499,3.7471684136527568,-5.11913294392628,-1.740641343210797,-4.907473819440188,-0.007760223947048487,-0.26591110571285725,5.988905319783509,0.6086458721956299,2.932669143078287
0.8149078823672535,0.3516973427244585,-1.0857115002965019,1.1456131463450816,1.2263121118864768,-4.604451908186465,-0.6349041605808752,0.9973225207307235,1.0347912879450536,-0.06801701787969218,-0.5840326820891666,-0.5587158203995337,1.0815346369468057,-0.36079242535666833,-1.3652001686451818,-0.896296995713556,3.456786853154162,-1.1305658253382045,-0.06501138095163297,3.065999435686171,-0.7445957743220241,0.31347140859313943,-3.4178515253520216,-1.7339567781715637,-1.9827837953562275,-0.2247969461608632,-0.2519475516580659,-0.9474602837257607,0.7808307951151815,0.06987914163572048,-1.842155284135359,0.8229134232039577,1.3079665125377025,-1.4412258515046932,-3.1719620735381846,2.185126695200289,-3.8353171462875086,-0.20493202110324626,-0.32103242409056637,-0.07639086397784338,0.5992859566958222,2.713246022890327,0.3579331619428492,1.2074388412074144
-1.550796951009497,0.18355942313373533,2.1725215690618302,-1.395308370322371,-2.539393283693031,6.864040639774846,1.9821260564961496,-1.8938274030841984,-1.7141597504934523,-0.41392985482530126,0.4825717513025575,1.9046251505954577,-2.0216926211670585,0.219215144397983,2.3625229081473407,0.5280082059141393,-6.521444755444998,2.3804632402591546,0.5990269049602334,-5.295472250111422,0.8928150404172206,0.2588738812513999,4.597858927945087,1.966659751218039,3.479794120546424,-1.142906809687073,1.183433187443806,1.3537598632462822,-2.9256960151564755,0.39288573895971274,3.6975602252118343,-3.1450668749043853,-1.4412258515046932,3.122695088538476,6.6016721253659405,-3.7870848999406785,5.813639705100476,1.1704117685372222,3.095354528111158,-0.12978177188425463,-0.13133115686557761,-5.4155022723762665,-0.6299043527531637,-2.6166268494844895
-3.620982526998508,0.6029280957650173,4.780186790512978,-3.139455823672031,-5.411346545393773,15.16240597911911,4.615596110601272,-4.064162982730321,-3.6245159587743325,-0.39503086778053853,1.3713938852456697,4.37940319375722,-4.261136151830484,0.914919882783104,5.528064898624993,1.576875922971995,-14.75403371011619,5.6959812928542375,0.9735837703579869,-11.454052246365725,1.5399866021270106,0.4899650007703568,10.496616895496604,4.5407466245413515,7.82037468078654,-2.509118954437465,2.6181220192522816,3.1934866155616524,-6.764712405177305,0.9861641487340898,8.103523404636844,-7.133050909395499,-3.1719620735381846,6.6016721253659405,14.864133598958132,-8.616164953876332,13.082764572361171,2.7238529161070466,7.168752348984803,0.13694491833347905,-0.6162777614633426,-12.500669175971339,-1.3822901980170204,-5.9154700394062205
2.145800590330418,-0.11131752387312316,-2.788833609308616,2.095665768525242,3.1320014945059444,-9.539308163730263,-2.499224031035039,2.3965551983533655,2.2091585754190746,0.053043001829162335,-1.0163243252410388,-2.3324477955505745,2.5193566938884198,-0.6855411597088559,-3.3404145954250875,-1.2995305242909587,8.745807790051417,-3.3064248101709866,-0.4230614652042075,6.9221052637443226,-1.061288359023694,-0.018921473040585387,-6.787123420759103,-3.0918273460429244,-4.718739182483678,1.011847623558175,-1.329882989538901,-2.018587725742016,3.5704251766100716,-0.4283267572189351,-4.735742479985034,3.7471684136527568,2.185126695200289,-3.7870848999406785,-8.616164953876332,5.213392452398465,-8.195559369180788,-1.378147494517268,-3.4981961924337517,-0.17147780192860204,0.6784985994408438,7.331459360723167,0.8339692117437978,3.401306007707217
-3.3059937121391956,-0.2176708072432212,4.29736728623434,-3.628533605606729,-4.791576179190243,15.761496676018057,3.4727511795717625,-3.6897258465517484,-3.5324955123719364,0.049089898396571206,1.8357333862599592,3.1584271469440854,-3.9883894112938436,1.1449346253659498,5.198751156575024,2.4864856735471403,-13.528662225205967,4.9290612073008715,0.5271240923274657,-11.05014605506613,1.9784908296492518,-0.4173966507289452,11.360395614333965,5.4113711965665905,7.46853316443664,-0.8754508700715994,1.733397162825785,3.274628122986368,-4.8293454059651015,0.40176310044335656,7.356248352407812,-5.11913294392628,-3.8353171462875086,5.813639705100476,13.082764572361171,-8.195559369180788,13.442547308583183,1.7890226794156852,4.232371721699621,0.2507281000526874,-1.4361638528765555,-11.248364488700439,-1.3212992182021255,-5.097823127111919
-0.6448841406566116,0.4103418207239922,0.831409417377733,-0.2891145237727888,-0.9289083368982786,1.9720226732062962,1.062153234157245,-0.6454865735986177,-0.48816489085831005,-0.13397115405961466,0.1020899427535438,1.026942577017556,-0.6604360108797779,0.08676037046561266,0.9221052102665934,-0.02076777272410399,-2.5274104236603416,1.114401521613336,0.25117918851676707,-1.7138542389973621,0.02228887838448863,0.3187410775083365,1.2425532053959485,0.3916613407164771,1.2531138131900095,-0.9101442759117063,0.6559258667033636,0.4399584259931451,-1.6435873224047708,0.355722261056929,1.4169814792790096,-1.740641343210797,-0.20493202110324626,1.1704117685372222,2.7238529161070466,-1.378147494517268,1.7890226794156852,0.7383379548124785,2.0436458598349354,0.01301219873287722,0.15300135686952682,-2.295848967316108,-0.2174269208735514,-1.1207963649631425
-1.652292599027602,1.2205032007975898,2.1645518100746384,-0.49612993639837505,-2.4535968733442406,4.556982765711069,2.961104414449197,-1.7399608628395886,-1.2385333120861324,-0.4016301431812654,0.1019322957137326,2.932609022856431,-1.6320775291719742,0.165318183632183,2.386601822090332,-0.34789907336409226,-6.563011977879845,3.0255197069211186,0.6986569493623066,-4.320223782554045,-0.0351657113669329,1.100887261628599,2.782251111622847,0.6823005530460703,3.1445265506573885,-2.7188415683003972,1.850732799881286,1.0534217878074368,-4.616693785420949,1.0750337572991442,3.6369509192472003,-4.907473819440188,-0.32103242409056637,3.095354528111158,7.168752348984803,-3.4981961924337517,4.232371721699621,2.0436458598349354,5.953855593664064,0.03517973793702447,0.6202754982471267,-5.940518119093825,-0.5572305469866939,-3.002120198715006
-0.0995604480524045,0.040289924860671594,-0.00643665839950643,-0.07736268290210195,0.08107991045620289,0.16116388293499423,0.08468418529143337,0.022874070055882826,0.041470957999840935,0.28587002495062686,0.18733506447384746,0.05148628415472536,0.09508230666172855,0.23783640397387212,0.18399376013776308,0.26680581761345123,-0.22544974854232014,0.22081917632053746,-0.2013988887902915,0.04083353692719899,-0.1554809697097179,-0.08066850163366937,0.31419356222449907,0.18808682031018711,0.10761744190855554,0.09825410727115835,-0.041495436337043556,0.11554739033569404,-0.07283470651461547,0.028013535191430513,-0.025128224875094335,-0.007760223947048487,-0.07639086397784338,-0.12978177188425463,0.13694491833347905,-0.17147780192860204,0.2507281000526874,0.01301219873287722,0.03517973793702447,0.22972120799228835,-0.22559533768285284,-0.263353346976376,-0.008671185805714172,-0.06431018430160958
0.25136091460447263,0.2621388975637324,-0.1990629596426623,0.5455439712119332,0.1466389091506654,-1.653766162448882,0.032003521915444734,0.1734571266082223,0.24352334207233617,-0.34379457914599315,-0.43972327613148104,0.11305826341825732,0.19257019209724482,-0.34700217978431,-0.4507291949881858,-0.7117694737042743,0.8953153813317327,-0.300153987983857,0.24600660261678753,0.7622977694352814,-0.1822635979379371,0.3958914730607415,-1.4698311750476045,-0.8808414710102378,-0.59313828028034,-0.5483701933473928,0.1713302409683203,-0.38283414467722143,-0.19255130289256406,0.15005132267131394,-0.354518873466169,-0.26591110571285725,0.5992859566958222,-0.13133115686557761,-0.6162777614633426,0.6784985994408438,-1.4361638528765555,0.15300135686952682,0.6202754982471267,-0.22559533768285284,0.56723716190951,0.7169161563529229,0.0925292774216065,0.19938292644561703
3.1101998465126,-0.5473302796948986,-3.983295076890043,2.7188302911584294,4.410057108076031,-12.932608510611947,-3.890975479514517,3.3037363935572346,2.9354906042621485,0.0630820000244192,-1.3737120650245083,-3.6284038500026767,3.4724330365444427,-0.938473444048465,-4.7622932662493795,-1.5969393136251477,12.492707005272477,-4.9300911045255384,-0.6390195835626692,9.545733099551578,-1.1977766034718806,-0.22719173347379593,-9.121037422464838,-4.032115342802448,-6.659736372514724,1.9780391618510558,-2.1072753569642675,-2.772720223184768,5.665714873181492,-0.8397886921208783,-6.804268036051531,5.988905319783509,2.713246022890327,-5.4155022723762665,-12.500669175971339,7.331459360723167,-11.248364488700439,-2.295848967316108,-5.940518119093825,-0.263353346976376,0.7169161563529229,10.747375904126327,1.1687498606127245,4.974175349605588
0.33577580175748134,-0.00876618263214086,-0.45280673522164,0.3320105278578722,0.5186566827522961,-1.5521290959850795,-0.3967810629162336,0.3934495054240574,0.3647264028237715,0.0278807443878442,-0.15398197068809308,-0.37273087299271707,0.4139609862002378,-0.09198961123972234,-0.534646758299874,-0.1895439975088021,1.405096282933609,-0.5221459377157183,-0.08483080187149455,1.139153528180328,-0.20038531803783804,-0.0061719678801368276,-1.0912149054148301,-0.4958223265923556,-0.7592141615885805,0.16838468036683074,-0.21120641376340465,-0.3161526934771336,0.5652560973755152,-0.0634350834742991,-0.7711253188835284,0.6086458721956299,0.3579331619428492,-0.6299043527531637,-1.3822901980170204,0.8339692117437978,-1.3212992182021255,-0.2174269208735514,-0.5572305469866939,-0.008671185805714172,0.0925292774216065,1.1687498606127245,0.14098695860080446,0.5466327921639939
1.4348586258893503,-0.2848072853004859,-1.892731832843624,1.1813913038253836,2.1404094109493843,-5.884968217049766,-1.8829799123969808,1.6107257039034817,1.415025748087232,0.14959217299950367,-0.5227981368003078,-1.79928876089585,1.6566001426719954,-0.35970088946813633,-2.203617796116624,-0.5719108879975773,5.854502428847389,-2.3033405235854083,-0.38877215546545363,4.501410883640613,-0.5818429894049435,-0.24369523009437613,-4.07091037799745,-1.7314400727771897,-3.080127698341002,1.0769967312621533,-1.0687229438035297,-1.2566792432246485,2.7714260010943104,-0.4340777108719372,-3.2028950939020833,2.932669143078287,1.2074388412074144,-2.6166268494844895,-5.9154700394062205,3.401306007707217,-5.097823127111919,-1.1207963649631425,-3.002120198715006,-0.06431018430160958,0.19938292644561703,4.974175349605588,0.5466327921639939,2.370757450174056
