V1,V2,V3,V4,V5,V6,V7,V8,V9,V10,V11,V12,V13,V14,V15,V16,V17,V18,V19,V20,V21,V22,V23,V24,V25,V26,V27,V28,V29,V30,V31,V32,V33,V34,V35,V36,V37,V38,V39,V40,V41,V42,V43,V44
0.644295096205032,-0.4438155826898746,0.018304038720343353,0.048925615252688535,-0.405323858763702,0.30377283147565864,-0.414228385053122,-0.2774881247825338,-0.4621113284147928,-1.0669112569319996,-0.5169616455413135,-0.2910725573610656,-0.5594020162128017,-0.5862308874392296,-0.9411802020664003,-0.45557585863787553,0.6035103464096854,-1.1261449455321122,0.4740356088556635,-0.3739335650262392,1.6634168292638152,0.06962257416840681,-0.16984325910615192,-0.5874061874439203,0.22221334904864287,0.3429800781656727,-0.13985728204086983,-0.754205784111255,0.6686848964561118,-0.5649468368527544,0.4768400124800677,0.29331416416299744,-0.08224187488183494,0.7677972849206132,-0.4268788674177568,0.12427563840345386,-0.4100647166485291,-0.40460434760159225,-0.18418181811793297,-0.7744889731676307,0.8160035179402317,1.0789455871293951,-0.24674384012162862,0.3360225565335434
-0.4438155826898746,0.7742341754533815,-0.16064983289518864,0.11789549285653556,0.5811720943937121,-0.6354584761862722,0.7631427093260074,0.3352220018824506,0.6125602411199529,1.4307482488472856,0.7692331171038094,0.5614229551964975,0.8014816376818601,0.9530586914686447,0.5939398096386057,0.8152808419352013,-0.7149295488349722,1.259268286418945,-1.0082609181981566,0.9663834172476737,-1.1310180557938516,-0.14042950219268435,0.3717997872510481,0.2555987089854602,0.24427228739698936,-0.2787799388432135,-0.030880025624753255,0.09981138798764541,-0.990288883690769,0.4645826829378009,-0.17692408520016203,-0.8699794625372573,0.38124305769591094,-0.5514910247178859,0.5389408766889404,-0.4308631428333996,0.38492438994512046,0.3750201689699353,1.49390705325371,1.066228702412145,-0.7090403748235103,-1.3073284756812964,0.0068479986128587795,-0.30012123247763206
0.018304038720343353,-0.16064983289518864,0.14157136932254688,-0.03422155492688734,-0.18036943911066122,0.2520798565003429,-0.10902910185393812,-0.055290773197313355,-0.16963222551693516,-0.420406454219861,-0.21986880182139296,-0.009755960024498432,-0.2941163543894311,-0.1938365684235642,0.07974372277922553,-0.2524299114867859,0.0012301389221353843,-0.21522096250575506,0.3987487055073911,-0.3937752565596315,0.11674727364014335,0.10415626510027619,-0.07425686682656947,-0.06901640029384146,-0.06662396397969429,-0.07321361905184957,0.1674151512543023,0.2856210404985494,0.0421964052597704,-0.02950823530676538,0.07426505063181035,0.08437118042029411,-0.14067540570206696,0.022245911211585263,0.13159590533999296,0.025239477427300375,-0.15831756769547065,0.09490778450780579,-0.3001292926250804,-0.26710033556883894,0.2370015307060855,0.07625734142283166,0.03348804350414159,-0.07428990856962832
0.048925615252688535,0.11789549285653556,-0.03422155492688734,0.16037749250845004,0.08327711997550105,-0.23765165629894192,0.1390284431783657,0.08387744086669523,0.07192875269698779,0.04055565967696929,0.0028745992597522282,0.11368064568717759,0.03511518753274763,0.09690143555230374,-0.035373898840288215,0.036124452128368345,0.019810589865374813,0.032776630807335824,-0.04253161992768366,0.19987278623212953,0.038214890321990144,0.06652759223201221,-0.12043846095313644,-0.1910159586436456,0.060517255841646724,-0.06270787679769395,0.042284399723512854,-0.0680699203319156,-0.18433765602938035,0.006272056573213926,0.035001392129042505,-0.2357787417729483,0.11764037911843916,-0.04448712437361377,0.039394403909646034,-0.033536411411008375,-0.21670220706512008,0.1375439553382434,0.43806420454528366,0.08065527555927927,0.12633668964894557,-0.05083931057854223,-0.04247870773541195,-0.0237277261722533
-0.405323858763702,0.5811720943937121,-0.18036943911066122,0.08327711997550105,0.7906696935669315,-0.530167436835316,0.5535168708030903,0.544776034916764,0.6324845474318143,1.3673595890886012,0.7687215050191948,0.4216101841308124,0.6972995519578205,1.09968817971837,0.7704607249028141,0.9822742137543107,-0.4735278817521396,1.0471275801516415,-0.8504374693126778,0.9951343085203255,-1.1715886142482055,-0.2318391284757788,0.5128153844369191,0.28164180046436454,0.11065784307742536,0.014086853373591612,0.005254114441819881,0.635958797298412,-0.774928497504958,0.39204458093180417,-0.37507929606345675,-0.5504750317397783,0.17006450510830556,-1.0748962048187134,0.3510724887630095,-0.3723439054800404,0.041726487784888064,0.47555722280365365,0.8762101211600268,1.0769547244567916,-0.6772200416407703,-1.2100145080731637,0.08403130310462238,-0.2604137099162233
0.30377283147565864,-0.6354584761862722,0.2520798565003429,-0.23765165629894192,-0.530167436835316,1.2229057997166723,-0.49829625971020947,-0.29671196195901034,-0.5926536792180256,-1.0825516976035865,-0.4310502250027515,-0.33889217952984113,-0.7922647930502627,-0.557133687219191,-0.28584467320982393,-0.35288895863415753,0.10272844952257645,-0.8839926369322788,0.766957437659289,-1.0936175428906667,1.2011048684001338,-0.02260997466275514,0.3349388905970619,-0.012756604771866175,0.20416474735825066,0.3730514478208263,0.02399398693807676,0.08099467677474696,0.6683363995124362,-0.44019680117649934,0.4713135021093776,0.5345286972027166,-0.5082604247610734,0.550261037211004,0.017931086056732343,-0.0724775143009716,0.16797597055942323,-0.2188732329692598,-1.0160817623590117,-0.7761915922766849,0.5323164654327543,0.5846264354729578,-0.11628183404026635,0.07535969402515813
-0.414228385053122,0.7631427093260074,-0.10902910185393812,0.1390284431783657,0.5535168708030903,-0.49829625971020947,0.8468188892819395,0.32545156312526746,0.5639548304254065,1.3782841665229018,0.7617175893057242,0.6430107993680746,0.7029655632679118,1.0495875429066712,0.6336620752100028,0.8845487150253862,-0.8501688049524261,1.2487036750787004,-0.9966408457169605,0.8939572532897644,-0.9927199769055279,-0.10077206587506733,0.522934467284105,0.1947362681015417,0.3879454204302208,-0.25217565032401185,0.029077625276207157,0.16585207329284865,-1.0974950568501547,0.41491582961019324,-0.06398527812752546,-0.9978971572264492,0.33655613790526634,-0.5549036400969519,0.7276000686535712,-0.5709753523304368,0.3640426631734928,0.4573635042767601,1.6999183712527353,1.0871965517809987,-0.6124565996667363,-1.4384396530772312,-0.04400769114276025,-0.3711037495242921
-0.2774881247825338,0.3352220018824506,-0.055290773197313355,0.08387744086669523,0.544776034916764,-0.29671196195901034,0.32545156312526746,0.5546196077197819,0.41132746677661625,0.7433681226540023,0.45409193098240286,0.31492086032527455,0.3161526892412146,0.7928695361567094,0.7277790619062602,0.6139169660248602,-0.2583429820707634,0.5942740272316586,-0.2766860212830944,0.5688956801948447,-0.8496390726915026,-0.13139957382145814,0.2867839898493498,0.11100018527923908,-0.016874442806958014,-0.04274546603289257,0.15885105272132613,0.8531732750285158,-0.5540881551155923,0.263876897711588,-0.30539312169352956,-0.33071067644575425,0.0048201213545180765,-1.0412257169496868,0.3065067803176997,-0.28390403528931746,-0.2783472068171668,0.5593197161038613,0.39778071756973543,0.6646521555173209,-0.304851200127391,-0.8482008253087806,0.0861606049462675,-0.2598808632510465
-0.4621113284147928,0.6125602411199529,-0.16963222551693516,0.07192875269698779,0.6324845474318143,-0.5926536792180256,0.5639548304254065,0.41132746677661625,0.6362096577677909,1.343056867094742,0.7254123343974516,0.36786851218761385,0.7621366341757796,0.8853869114539675,0.6768281997359271,0.777427431220167,-0.4883326643246989,1.137423987024878,-0.8820048555735528,0.8962443408509686,-1.3103644679101942,-0.1877784615193123,0.30675764259202487,0.3938369345679484,0.01726134586751736,-0.1854844772628683,-0.025899607114978355,0.3516179827481453,-0.7495746384442263,0.4575064852345962,-0.38088244957669976,-0.5334317116487532,0.2663538731075848,-0.7821394436496655,0.3089803288363941,-0.24074794979454495,0.28143980944142866,0.3442535031931381,0.8604635705461999,0.9819155566469345,-0.7787238735882388,-1.1321527196620285,0.09383184092178105,-0.23235620582846137
-1.0669112569319996,1.4307482488472856,-0.420406454219861,0.04055565967696929,1.3673595890886012,-1.0825516976035865,1.3782841665229018,0.7433681226540023,1.343056867094742,3.4275710502350574,1.8219028566484692,0.8788247230372256,1.8544333072125365,2.1172699879890517,1.407255251109471,2.014499616048098,-1.4451531411411291,2.7756067589114277,-2.3938192082117014,2.0482499680956128,-2.7775991476095694,-0.49699181544352466,1.1207848043752233,1.0862838017722822,0.3683533824266613,-0.2297011117219992,-0.29935491142352755,0.3387711227708731,-1.6598157292766589,0.9438887577374437,-0.6764251853087186,-1.3297150756171725,0.5975447968629067,-1.3956354973579561,0.8318158463541183,-0.8024085968902248,1.3062354626997397,0.5474402931677451,2.2226366720391497,2.437976889501476,-2.018178496575311,-2.6633004598598475,0.11932417168694527,-0.4922543056417418
-0.5169616455413135,0.7692331171038094,-0.21986880182139296,0.0028745992597522282,0.7687215050191948,-0.4310502250027515,0.7617175893057242,0.45409193098240286,0.7254123343974516,1.8219028566484692,1.0716536469446334,0.4966634308168947,0.9514277870509134,1.2631801018309494,0.7338306426720991,1.2360435051381469,-0.8053008407201017,1.458582045029561,-1.319643702800857,1.105270572108789,-1.2473287157204007,-0.35453823692442443,0.7903283708630625,0.5659946069443773,0.333015447713234,-0.03126113864200386,-0.17621697141129758,0.20255081803573063,-0.9047059623847911,0.44298181439308987,-0.25559619749952733,-0.7223134707466242,0.275587559969568,-0.7687674189149406,0.5053026141306661,-0.5774069887289319,0.7108355832373493,0.2996884263011223,1.3247033852985866,1.3278371692811652,-1.038398165734626,-1.523712615522158,-0.01806881525615549,-0.28145282326049265
-0.2910725573610656,0.5614229551964975,-0.009755960024498432,0.11368064568717759,0.4216101841308124,-0.33889217952984113,0.6430107993680746,0.31492086032527455,0.36786851218761385,0.8788247230372256,0.4966634308168947,0.6246531542163315,0.3844545429370071,0.8601235623334191,0.6178642521225892,0.6178322995621301,-0.6696261366327615,0.8521071745577086,-0.5349760559837711,0.6008055826064077,-0.6766789809116193,-0.012760116145463596,0.3954486018779236,-0.025782497323056715,0.30099317705306006,-0.22451702433868806,0.16309790015331832,0.4397937899176311,-0.9492918588991374,0.3196033087138562,-0.0070095550093473204,-0.8276033526540627,0.1849205016721478,-0.6045546208056533,0.7175995439928313,-0.5182719286331899,-0.031187266900033202,0.5243828289757921,1.334042108938283,0.777667190547085,-0.261725274821217,-1.169720231874698,-0.018071011841324848,-0.3770781777973452
-0.5594020162128017,0.8014816376818601,-0.2941163543894311,0.03511518753274763,0.6972995519578205,-0.7922647930502627,0.7029655632679118,0.3161526892412146,0.7621366341757796,1.8544333072125365,0.9514277870509134,0.3844545429370071,1.129068913692668,0.9789634050806372,0.5751437640206813,0.9509411675785798,-0.6384778795325287,1.4882773610006157,-1.377901617166769,1.1917849606603903,-1.5397993062871858,-0.26997095421110995,0.3845531309363575,0.6004284648354137,0.09671004313262248,-0.19110977148351022,-0.24656706531806788,-0.1337006693745736,-0.7861783451830578,0.5404214526186409,-0.4301228075900569,-0.6268423346055197,0.43621487151708016,-0.5609970835207243,0.23568138560091725,-0.25742944753016206,0.7679654022366521,0.12859032445911495,1.1564802559100298,1.2591937759687584,-1.1678811524264137,-1.2213654568772394,0.08096048253306744,-0.16448165137657006
-0.5862308874392296,0.9530586914686447,-0.1938365684235642,0.09690143555230374,1.09968817971837,-0.557133687219191,1.0495875429066712,0.7928695361567094,0.8853869114539675,2.1172699879890517,1.2631801018309494,0.8601235623334191,0.9789634050806372,1.915109484101273,1.2364130466135512,1.6591825429556202,-1.0698467191413092,1.6869042227097792,-1.390290674382174,1.4349036883717627,-1.5152318913553084,-0.3342755052967483,1.1186805988075599,0.359482364318042,0.48712977898659804,-0.0022347324520425715,0.055860141137057964,0.9254265333671944,-1.4143507425190804,0.5241344831064895,-0.3273914893532113,-1.1006118651405619,0.2136467869855515,-1.555943985513112,0.9342671343981178,-0.9295985957876608,0.19320224585017834,0.7999703133071799,1.8784376984215094,1.7518152050229119,-0.9648091590443849,-2.160249040344791,-0.012783436815433702,-0.5381789102762757
-0.9411802020664003,0.5939398096386057,0.07974372277922553,-0.035373898840288215,0.7704607249028141,-0.28584467320982393,0.6336620752100028,0.7277790619062602,0.6768281997359271,1.407255251109471,0.7338306426720991,0.6178642521225892,0.5751437640206813,1.2364130466135512,1.9048757221408645,0.822226787375745,-0.9509691285635451,1.5243477458048662,-0.3225397313023287,0.500307640408527,-2.5362374401913508,-0.05929341486012024,0.46688758088056004,0.6381455069046428,-0.3296102868821213,-0.4335429508379439,0.5097629017844446,2.0743669677369483,-1.2057072891071223,0.8207937863643711,-0.786921308503744,-0.49571874994000087,-0.13020479127565,-1.9223190105441188,0.9199161097652938,-0.3886557087735149,-0.09341512302533217,1.1008550837826192,0.14477465904167364,1.2326871151209458,-0.917891238154288,-1.9303481387649,0.41153578142249003,-0.7156209127490842
-0.45557585863787553,0.8152808419352013,-0.2524299114867859,0.036124452128368345,0.9822742137543107,-0.35288895863415753,0.8845487150253862,0.6139169660248602,0.777427431220167,2.014499616048098,1.2360435051381469,0.6178322995621301,0.9509411675785798,1.6591825429556202,0.822226787375745,1.6470299494740197,-0.9275676462291926,1.4803542134222136,-1.4825691267576082,1.3319179747761223,-1.0491002696045948,-0.4392390155163158,1.1873980743336536,0.45602786418456936,0.5951287249288975,0.20888577762446736,-0.17333830983885334,0.39976932620542593,-1.0594897981822524,0.35707357673755585,-0.17659959932313538,-0.9048035053516101,0.21290170583026383,-1.076576983328164,0.6650225840726403,-0.8612378399991615,0.5670368821953631,0.4563867112672036,1.700746360930274,1.5699800622063578,-0.9874959667831935,-1.7896837030628017,-0.0984754233036765,-0.3413028467792313
0.6035103464096854,-0.7149295488349722,0.0012301389221353843,0.019810589865374813,-0.4735278817521396,0.10272844952257645,-0.8501688049524261,-0.2583429820707634,-0.4883326643246989,-1.4451531411411291,-0.8053008407201017,-0.6696261366327615,-0.6384778795325287,-1.0698467191413092,-0.9509691285635451,-0.9275676462291926,1.1807176260164844,-1.4239868139372982,0.9146567831409391,-0.5793634037857898,1.2661444494340928,0.12111709024143309,-0.7894252787363689,-0.4488579298922467,-0.41088232750615805,0.26968621476147087,-0.10198685319958577,-0.5173704141572973,1.1611405076146484,-0.5032247173226696,0.06029571903367908,0.9620533956065095,-0.16405545653810186,0.6226448312778786,-1.0021873985519978,0.697117004665242,-0.6851979715291058,-0.5320177933811147,-1.417101920206704,-1.133929369476001,0.7811074917356622,1.7283748535709096,-0.03133943960869839,0.5151690031912379
-1.1261449455321122,1.259268286418945,-0.21522096250575506,0.032776630807335824,1.0471275801516415,-0.8839926369322788,1.2487036750787004,0.5942740272316586,1.137423987024878,2.7756067589114277,1.458582045029561,0.8521071745577086,1.4882773610006157,1.6869042227097792,1.5243477458048662,1.4803542134222136,-1.4239868139372982,2.580626858659679,-1.7761873098660594,1.4391789263282493,-2.8433221742750328,-0.2832606934311389,0.7416350327976986,1.0308894114007905,0.11711677501688596,-0.5346660597051859,-0.011968449350338929,0.6832723826090714,-1.6587860797631786,1.0199874853883266,-0.6457090396965159,-1.1772477592756954,0.48169624252496784,-1.2479471449934956,0.9796076168196893,-0.6303017044220188,1.1131801943448458,0.6649225907129818,1.7869047187154425,2.0061538863115365,-1.7384964869503123,-2.5123887128282303,0.2084319401283555,-0.6133249025148798
0.4740356088556635,-1.0082609181981566,0.3987487055073911,-0.04253161992768366,-0.8504374693126778,0.766957437659289,-0.9966408457169605,-0.2766860212830944,-0.8820048555735528,-2.3938192082117014,-1.319643702800857,-0.5349760559837711,-1.377901617166769,-1.390290674382174,-0.3225397313023287,-1.4825691267576082,0.9146567831409391,-1.7761873098660594,2.0877922725501583,-1.5949573331408113,1.1596475343725285,0.42570506865036184,-0.9104182614467092,-0.6569615999998318,-0.5927760447110371,-0.028460993723046585,0.5077551775044865,0.7418169706884462,0.9661155548851792,-0.4263697855280674,0.15521740109999052,1.0059919542895446,-0.5957593000879542,0.2871444602942575,-0.3981453410623661,0.6068814846069848,-1.2433936888025519,0.06758178686610335,-2.0943427162059827,-1.6193931743740826,1.3582445526762417,1.5646616688252515,0.13775366618144114,0.12188416401642833
-0.3739335650262392,0.9663834172476737,-0.3937752565596315,0.19987278623212953,0.9951343085203255,-1.0936175428906667,0.8939572532897644,0.5688956801948447,0.8962443408509686,2.0482499680956128,1.105270572108789,0.6008055826064077,1.1917849606603903,1.4349036883717627,0.500307640408527,1.3319179747761223,-0.5793634037857898,1.4391789263282493,-1.5949573331408113,1.7234431961662136,-1.1903536673127495,-0.3136473639442731,0.574278161923341,0.21331599387772002,0.35868536350382524,-0.022019528916623524,-0.24934050529701263,-0.11799661566718116,-1.0405845495745836,0.4289594404130165,-0.3387350439548764,-0.9822575176653177,0.5433550294892318,-0.9025769316089813,0.30159481546862515,-0.5111070276786089,0.2723334775424549,0.319279331531457,1.9457995270310418,1.5173573690048363,-0.9433686644320087,-1.4149410793892607,-0.0551260730383286,-0.1721044232608211
1.6634168292638152,-1.1310180557938516,0.11674727364014335,0.038214890321990144,-1.1715886142482055,1.2011048684001338,-0.9927199769055279,-0.8496390726915026,-1.3103644679101942,-2.7775991476095694,-1.2473287157204007,-0.6766789809116193,-1.5397993062871858,-1.5152318913553084,-2.5362374401913508,-1.0491002696045948,1.2661444494340928,-2.8433221742750328,1.1596475343725285,-1.1903536673127495,4.703280921946859,0.09892065199577527,-0.11862727222766935,-1.4353453828646834,0.8925733560037902,0.9484807416172248,-0.4193050106920203,-2.1532701645682155,1.6581579502699635,-1.51516006802512,1.5697757620599886,0.6186975164596032,-0.25851348452981887,2.369018462504074,-0.83351310623699,0.040830096957956814,-0.6087218968580554,-1.127424325586387,-0.14548698377015054,-2.032687717563885,2.1160057187137133,2.6191267992287375,-0.7602271902494347,0.8059973708244649
0.06962257416840681,-0.14042950219268435,0.10415626510027619,0.06652759223201221,-0.2318391284757788,-0.02260997466275514,-0.10077206587506733,-0.13139957382145814,-0.1877784615193123,-0.49699181544352466,-0.35453823692442443,-0.012760116145463596,-0.26997095421110995,-0.3342755052967483,-0.05929341486012024,-0.4392390155163158,0.12111709024143309,-0.2832606934311389,0.42570506865036184,-0.3136473639442731,0.09892065199577527,0.23383706066778698,-0.36017559730874465,-0.21860664621570433,-0.15382584595673268,-0.16666412775632353,0.17022971141868917,0.07487655463592899,0.046898035022583294,-0.030873959686831293,0.02515017824183609,0.04621869370884459,-0.029516983327114894,0.14319586262395056,0.011924286346404698,0.16955336127204784,-0.3186285011235992,0.060457501645445506,-0.20159559763379115,-0.3209180682295089,0.3245098089999792,0.29064978521694024,0.047028556116891294,-0.01628477619254929
-0.16984325910615192,0.3717997872510481,-0.07425686682656947,-0.12043846095313644,0.5128153844369191,0.3349388905970619,0.522934467284105,0.2867839898493498,0.30675764259202487,1.1207848043752233,0.7903283708630625,0.3954486018779236,0.3845531309363575,1.1186805988075599,0.46688758088056004,1.1873980743336536,-0.7894252787363689,0.7416350327976986,-0.9104182614467092,0.574278161923341,-0.11862727222766935,-0.36017559730874465,1.2648170540928776,0.2775524313177986,0.7044604310305004,0.37901164771065876,-0.14276761757364573,0.2787063410130093,-0.5847548217633222,0.033913715258087895,0.1742687682464094,-0.5987081653630101,-0.056368504913100796,-0.5462684274896855,0.644039211483734,-0.8097488153696393,0.5321567506533427,0.22678373257609155,1.083510796180761,0.9075867580879726,-0.48590265772841346,-1.2445328699503007,-0.16776259572448143,-0.25037884331914123
-0.5874061874439203,0.2555987089854602,-0.06901640029384146,-0.1910159586436456,0.28164180046436454,-0.012756604771866175,0.1947362681015417,0.11100018527923908,0.3938369345679484,1.0862838017722822,0.5659946069443773,-0.025782497323056715,0.6004284648354137,0.359482364318042,0.6381455069046428,0.45602786418456936,-0.4488579298922467,1.0308894114007905,-0.6569615999998318,0.21331599387772002,-1.4353453828646834,-0.21860664621570433,0.2775524313177986,0.9460709838386565,-0.22971238054136753,-0.12741494996877673,-0.1471411695930461,0.2496887501332006,-0.18047454252011003,0.4220018360721024,-0.4500528327341643,0.10624061263550912,0.020684428399977466,-0.32904717048526466,0.0867061160878183,0.023699257493466467,1.0049484249772467,-0.03581515340458993,-0.35554733845797654,0.6355468885746376,-1.063563155428296,-0.7140029810950812,0.19672300223895964,-0.1134512404879974
0.22221334904864287,0.24427228739698936,-0.06662396397969429,0.060517255841646724,0.11065784307742536,0.20416474735825066,0.3879454204302208,-0.016874442806958014,0.01726134586751736,0.3683533824266613,0.333015447713234,0.30099317705306006,0.09671004313262248,0.48712977898659804,-0.3296102868821213,0.5951287249288975,-0.41088232750615805,0.11711677501688596,-0.5927760447110371,0.35868536350382524,0.8925733560037902,-0.15382584595673268,0.7044604310305004,-0.22971238054136753,0.8069964112242548,0.2828910247713852,-0.20823142816839796,-0.6337113665407835,-0.3221955679754497,-0.2224464634804759,0.5647773201755678,-0.6536282295289334,0.13308481853031898,0.3577358417021776,0.3880559590682483,-0.6089729876921622,0.3263624862521159,-0.04245514611203952,1.4138930359973534,0.31965943175973516,0.11437794814427053,-0.4249564946246369,-0.33142220460034905,-0.034675559135937145
0.3429800781656727,-0.2787799388432135,-0.07321361905184957,-0.06270787679769395,0.014086853373591612,0.3730514478208263,-0.25217565032401185,-0.04274546603289257,-0.1854844772628683,-0.2297011117219992,-0.03126113864200386,-0.22451702433868806,-0.19110977148351022,-0.0022347324520425715,-0.4335429508379439,0.20888577762446736,0.26968621476147087,-0.5346660597051859,-0.028460993723046585,-0.022019528916623524,0.9484807416172248,-0.16666412775632353,0.37901164771065876,-0.12741494996877673,0.2828910247713852,0.5650922349634172,-0.23303029967237499,-0.3005906192150467,0.48210839840252184,-0.38385062572359757,0.21719716434431927,0.28014279832919586,-0.1721883668341179,0.17965152071171112,-0.29554902302582003,-0.0959787398217088,-0.013410996024932467,-0.2744897698117486,-0.24225837232068856,-0.16006307050062688,0.21279801727898684,0.45550233737919776,-0.15515497302159856,0.2266650117275343
-0.13985728204086983,-0.030880025624753255,0.1674151512543023,0.042284399723512854,0.005254114441819881,0.02399398693807676,0.029077625276207157,0.15885105272132613,-0.025899607114978355,-0.29935491142352755,-0.17621697141129758,0.16309790015331832,-0.24656706531806788,0.055860141137057964,0.5097629017844446,-0.17333830983885334,-0.10198685319958577,-0.011968449350338929,0.5077551775044865,-0.24934050529701263,-0.4193050106920203,0.17022971141868917,-0.14276761757364573,-0.1471411695930461,-0.20823142816839796,-0.23303029967237499,0.40353691330259994,0.909187911757376,-0.29805956260034794,0.159258058016416,-0.13637034337464593,-0.06281923209411173,-0.1514683739840301,-0.5543456480695554,0.32826900460295294,-0.01815251477140216,-0.5658914397966487,0.4709334920619555,-0.20202313552117276,-0.06304452701517131,0.23000499486668108,-0.28587267459442517,0.14463517075151372,-0.26115092417853214
-0.754205784111255,0.09981138798764541,0.2856210404985494,-0.0680699203319156,0.635958797298412,0.08099467677474696,0.16585207329284865,0.8531732750285158,0.3516179827481453,0.3387711227708731,0.20255081803573063,0.4397937899176311,-0.1337006693745736,0.9254265333671944,2.0743669677369483,0.39976932620542593,-0.5173704141572973,0.6832723826090714,0.7418169706884462,-0.11799661566718116,-2.1532701645682155,0.07487655463592899,0.2787063410130093,0.2496887501332006,-0.6337113665407835,-0.3005906192150467,0.909187911757376,3.135081754814376,-0.8957074254790284,0.6519807525533732,-0.8499794283124751,-0.01755031271664701,-0.5476217040170372,-2.4469094648631713,0.8519217719493712,-0.23501656815178043,-1.1188711779685037,1.4077604105031876,-0.9420645643555661,0.6255059697161722,-0.21694904891630046,-1.4922322727287252,0.538624114600368,-0.7746059927798102
0.6686848964561118,-0.990288883690769,0.0421964052597704,-0.18433765602938035,-0.774928497504958,0.6683363995124362,-1.0974950568501547,-0.5540881551155923,-0.7495746384442263,-1.6598157292766589,-0.9047059623847911,-0.9492918588991374,-0.7861783451830578,-1.4143507425190804,-1.2057072891071223,-1.0594897981822524,1.1611405076146484,-1.6587860797631786,0.9661155548851792,-1.0405845495745836,1.6581579502699635,0.046898035022583294,-0.5847548217633222,-0.18047454252011003,-0.3221955679754497,0.48210839840252184,-0.29805956260034794,-0.8957074254790284,1.6398282627880856,-0.687347108411946,0.21576401375543341,1.331666472514293,-0.3437751946847352,1.1602639523218905,-1.1469219481072301,0.7381196852316212,-0.08656215176759012,-0.9128286322139363,-2.0287137274429106,-1.3964661394420572,0.6833688560313356,2.10310110369872,-0.06927894863115219,0.6558006955577854
-0.5649468368527544,0.4645826829378009,-0.02950823530676538,0.006272056573213926,0.39204458093180417,-0.44019680117649934,0.41491582961019324,0.263876897711588,0.4575064852345962,0.9438887577374437,0.44298181439308987,0.3196033087138562,0.5404214526186409,0.5241344831064895,0.8207937863643711,0.35707357673755585,-0.5032247173226696,1.0199874853883266,-0.4263697855280674,0.4289594404130165,-1.51516006802512,-0.030873959686831293,0.033913715258087895,0.4220018360721024,-0.2224464634804759,-0.38385062572359757,0.159258058016416,0.6519807525533732,-0.687347108411946,0.5522108036011804,-0.43623599974342964,-0.35147522596991615,0.14948701175501158,-0.7035465037591945,0.38263685769981737,-0.07510750026886648,0.22272474450956373,0.40221956065786457,0.3322100586955076,0.6944054179654566,-0.6733827357676647,-0.978161230724424,0.23113800743651633,-0.31157087063940386
0.4768400124800677,-0.17692408520016203,0.07426505063181035,0.035001392129042505,-0.37507929606345675,0.4713135021093776,-0.06398527812752546,-0.30539312169352956,-0.38088244957669976,-0.6764251853087186,-0.25559619749952733,-0.0070095550093473204,-0.4301228075900569,-0.3273914893532113,-0.786921308503744,-0.17659959932313538,0.06029571903367908,-0.6457090396965159,0.15521740109999052,-0.3387350439548764,1.5697757620599886,0.02515017824183609,0.1742687682464094,-0.4500528327341643,0.5647773201755678,0.21719716434431927,-0.13637034337464593,-0.8499794283124751,0.21576401375543341,-0.43623599974342964,0.7354643406208727,-0.2067618377533337,0.013736326585883266,0.9467223434872429,0.07930540556658176,-0.2326864345749838,0.08597094774621127,-0.28822723086674007,0.6185496516571458,-0.49958660365316704,0.6475914848067743,0.4494412386494945,-0.32616490742553683,0.1413304627301195
0.29331416416299744,-0.8699794625372573,0.08437118042029411,-0.2357787417729483,-0.5504750317397783,0.5345286972027166,-0.9978971572264492,-0.33071067644575425,-0.5334317116487532,-1.3297150756171725,-0.7223134707466242,-0.8276033526540627,-0.6268423346055197,-1.1006118651405619,-0.49571874994000087,-0.9048035053516101,0.9620533956065095,-1.1772477592756954,1.0059919542895446,-0.9822575176653177,0.6186975164596032,0.04621869370884459,-0.5987081653630101,0.10624061263550912,-0.6536282295289334,0.28014279832919586,-0.06281923209411173,-0.01755031271664701,1.331666472514293,-0.35147522596991615,-0.2067618377533337,1.4454520186526862,-0.447499975233566,0.41923390924178777,-0.9522959689847339,0.7380145773639643,-0.21219837010915565,-0.5812958017325263,-2.3661371159733338,-1.0656956432189784,0.31807955163997176,1.586118488866088,0.13569288480449807,0.42099658075470014
-0.08224187488183494,0.38124305769591094,-0.14067540570206696,0.11764037911843916,0.17006450510830556,-0.5082604247610734,0.33655613790526634,0.0048201213545180765,0.2663538731075848,0.5975447968629067,0.275587559969568,0.1849205016721478,0.43621487151708016,0.2136467869855515,-0.13020479127565,0.21290170583026383,-0.16405545653810186,0.48169624252496784,-0.5957593000879542,0.5433550294892318,-0.25851348452981887,-0.029516983327114894,-0.056368504913100796,0.020684428399977466,0.13308481853031898,-0.1721883668341179,-0.1514683739840301,-0.5476217040170372,-0.3437751946847352,0.14948701175501158,0.013736326585883266,-0.447499975233566,0.3624208399248884,0.1797109151090726,0.04619927894092882,-0.055407984951546106,0.27263239431475816,-0.06901692128368758,0.9164962224573735,0.3585560682830989,-0.26834071681470884,-0.3020930537824459,-0.0599073723852243,0.014193776808581294
0.7677972849206132,-0.5514910247178859,0.022245911211585263,-0.04448712437361377,-1.0748962048187134,0.550261037211004,-0.5549036400969519,-1.0412257169496868,-0.7821394436496655,-1.3956354973579561,-0.7687674189149406,-0.6045546208056533,-0.5609970835207243,-1.555943985513112,-1.9223190105441188,-1.076576983328164,0.6226448312778786,-1.2479471449934956,0.2871444602942575,-0.9025769316089813,2.369018462504074,0.14319586262395056,-0.5462684274896855,-0.32904717048526466,0.3577358417021776,0.17965152071171112,-0.5543456480695554,-2.4469094648631713,1.1602639523218905,-0.7035465037591945,0.9467223434872429,0.41923390924178777,0.1797109151090726,2.5611722172589046,-0.719523588467124,0.42512313679125285,0.8137920173479702,-1.266575352628456,-0.13040017122406874,-1.33996853234913,0.7214858085296975,1.8527473281647289,-0.40150080504720614,0.6584607345908476
-0.4268788674177568,0.5389408766889404,0.13159590533999296,0.039394403909646034,0.3510724887630095,0.017931086056732343,0.7276000686535712,0.3065067803176997,0.3089803288363941,0.8318158463541183,0.5053026141306661,0.7175995439928313,0.23568138560091725,0.9342671343981178,0.9199161097652938,0.6650225840726403,-1.0021873985519978,0.9796076168196893,-0.3981453410623661,0.30159481546862515,-0.83351310623699,0.011924286346404698,0.644039211483734,0.0867061160878183,0.3880559590682483,-0.29554902302582003,0.32826900460295294,0.8519217719493712,-1.1469219481072301,0.38263685769981737,0.07930540556658176,-0.9522959689847339,0.04619927894092882,-0.719523588467124,1.1037296929774991,-0.698728218615499,0.09808020124883701,0.7179461061739864,1.322033090361474,0.7905765736365747,-0.261315834479088,-1.5481170959865393,0.01128625485906673,-0.5705569319790592
0.12427563840345386,-0.4308631428333996,0.025239477427300375,-0.033536411411008375,-0.3723439054800404,-0.0724775143009716,-0.5709753523304368,-0.28390403528931746,-0.24074794979454495,-0.8024085968902248,-0.5774069887289319,-0.5182719286331899,-0.25742944753016206,-0.9295985957876608,-0.3886557087735149,-0.8612378399991615,0.697117004665242,-0.6303017044220188,0.6068814846069848,-0.5111070276786089,0.040830096957956814,0.16955336127204784,-0.8097488153696393,0.023699257493466467,-0.6089729876921622,-0.0959787398217088,-0.01815251477140216,-0.23501656815178043,0.7381196852316212,-0.07510750026886648,-0.2326864345749838,0.7380145773639643,-0.055407984951546106,0.42512313679125285,-0.698728218615499,0.7583628297134102,-0.18790287629041455,-0.37287860027024716,-1.3658856078983663,-0.732918193173002,0.19260605747757864,1.0716978996975792,0.17822272603780207,0.30313275380319293
-0.4100647166485291,0.38492438994512046,-0.15831756769547065,-0.21670220706512008,0.041726487784888064,0.16797597055942323,0.3640426631734928,-0.2783472068171668,0.28143980944142866,1.3062354626997397,0.7108355832373493,-0.031187266900033202,0.7679654022366521,0.19320224585017834,-0.09341512302533217,0.5670368821953631,-0.6851979715291058,1.1131801943448458,-1.2433936888025519,0.2723334775424549,-0.6087218968580554,-0.3186285011235992,0.5321567506533427,1.0049484249772467,0.3263624862521159,-0.013410996024932467,-0.5658914397966487,-1.1188711779685037,-0.08656215176759012,0.22272474450956373,0.08597094774621127,-0.21219837010915565,0.27263239431475816,0.8137920173479702,0.09808020124883701,-0.18790287629041455,1.9500990306786814,-0.5651721636448469,0.5378751999571291,0.6246864426989154,-1.1664705644169056,-0.5574477054280524,-0.08212192896587554,0.07194048676374247
-0.40460434760159225,0.3750201689699353,0.09490778450780579,0.1375439553382434,0.47555722280365365,-0.2188732329692598,0.4573635042767601,0.5593197161038613,0.3442535031931381,0.5474402931677451,0.2996884263011223,0.5243828289757921,0.12859032445911495,0.7999703133071799,1.1008550837826192,0.4563867112672036,-0.5320177933811147,0.6649225907129818,0.06758178686610335,0.319279331531457,-1.127424325586387,0.060457501645445506,0.22678373257609155,-0.03581515340458993,-0.04245514611203952,-0.2744897698117486,0.4709334920619555,1.4077604105031876,-0.9128286322139363,0.40221956065786457,-0.28822723086674007,-0.5812958017325263,-0.06901692128368758,-1.266575352628456,0.7179461061739864,-0.37287860027024716,-0.5651721636448469,0.9395022643220784,0.524907647254938,0.6430824876198572,-0.10384672682109149,-1.1713068319125606,0.174759907587094,-0.5104188636402912
-0.18418181811793297,1.49390705325371,-0.3001292926250804,0.43806420454528366,0.8762101211600268,-1.0160817623590117,1.6999183712527353,0.39778071756973543,0.8604635705461999,2.2226366720391497,1.3247033852985866,1.334042108938283,1.1564802559100298,1.8784376984215094,0.14477465904167364,1.700746360930274,-1.417101920206704,1.7869047187154425,-2.0943427162059827,1.9457995270310418,-0.14548698377015054,-0.20159559763379115,1.083510796180761,-0.35554733845797654,1.4138930359973534,-0.24225837232068856,-0.20202313552117276,-0.9420645643555661,-2.0287137274429106,0.3322100586955076,0.6185496516571458,-2.3661371159733338,0.9164962224573735,-0.13040017122406874,1.322033090361474,-1.3658856078983663,0.5378751999571291,0.524907647254938,4.595937116121132,1.7750239296744919,-0.4863031577857473,-2.2663625451273894,-0.5093864543693242,-0.46666797643880603
-0.7744889731676307,1.066228702412145,-0.26710033556883894,0.08065527555927927,1.0769547244567916,-0.7761915922766849,1.0871965517809987,0.6646521555173209,0.9819155566469345,2.437976889501476,1.3278371692811652,0.777667190547085,1.2591937759687584,1.7518152050229119,1.2326871151209458,1.5699800622063578,-1.133929369476001,2.0061538863115365,-1.6193931743740826,1.5173573690048363,-2.032687717563885,-0.3209180682295089,0.9075867580879726,0.6355468885746376,0.31965943175973516,-0.16006307050062688,-0.06304452701517131,0.6255059697161722,-1.3964661394420572,0.6944054179654566,-0.49958660365316704,-1.0656956432189784,0.3585560682830989,-1.33996853234913,0.7905765736365747,-0.732918193173002,0.6246864426989154,0.6430824876198572,1.7750239296744919,1.8645703836159757,-1.3329375053660264,-2.129206848408968,0.0817178875125901,-0.48258420247114175
0.8160035179402317,-0.7090403748235103,0.2370015307060855,0.12633668964894557,-0.6772200416407703,0.5323164654327543,-0.6124565996667363,-0.304851200127391,-0.7787238735882388,-2.018178496575311,-1.038398165734626,-0.261725274821217,-1.1678811524264137,-0.9648091590443849,-0.917891238154288,-0.9874959667831935,0.7811074917356622,-1.7384964869503123,1.3582445526762417,-0.9433686644320087,2.1160057187137133,0.3245098089999792,-0.48590265772841346,-1.063563155428296,0.11437794814427053,0.21279801727898684,0.23000499486668108,-0.21694904891630046,0.6833688560313356,-0.6733827357676647,0.6475914848067743,0.31807955163997176,-0.26834071681470884,0.7214858085296975,-0.261315834479088,0.19260605747757864,-1.1664705644169056,-0.10384672682109149,-0.4863031577857473,-1.3329375053660264,1.5494452797083684,1.361456148590631,-0.2114999967333101,0.22275806216678587
1.0789455871293951,-1.3073284756812964,0.07625734142283166,-0.05083931057854223,-1.2100145080731637,0.5846264354729578,-1.4384396530772312,-0.8482008253087806,-1.1321527196620285,-2.6633004598598475,-1.523712615522158,-1.169720231874698,-1.2213654568772394,-2.160249040344791,-1.9303481387649,-1.7896837030628017,1.7283748535709096,-2.5123887128282303,1.5646616688252515,-1.4149410793892607,2.6191267992287375,0.29064978521694024,-1.2445328699503007,-0.7140029810950812,-0.4249564946246369,0.45550233737919776,-0.28587267459442517,-1.4922322727287252,2.10310110369872,-0.978161230724424,0.4494412386494945,1.586118488866088,-0.3020930537824459,1.8527473281647289,-1.5481170959865393,1.0716978996975792,-0.5574477054280524,-1.1713068319125606,-2.2663625451273894,-2.129206848408968,1.361456148590631,3.166063436897115,-0.14945164939471886,0.900013479531487
-0.24674384012162862,0.0068479986128587795,0.03348804350414159,-0.04247870773541195,0.08403130310462238,-0.11628183404026635,-0.04400769114276025,0.0861606049462675,0.09383184092178105,0.11932417168694527,-0.01806881525615549,-0.018071011841324848,0.08096048253306744,-0.012783436815433702,0.41153578142249003,-0.0984754233036765,-0.03133943960869839,0.2084319401283555,0.13775366618144114,-0.0551260730383286,-0.7602271902494347,0.047028556116891294,-0.16776259572448143,0.19672300223895964,-0.33142220460034905,-0.15515497302159856,0.14463517075151372,0.538624114600368,-0.06927894863115219,0.23113800743651633,-0.32616490742553683,0.13569288480449807,-0.0599073723852243,-0.40150080504720614,0.01128625485906673,0.17822272603780207,-0.08212192896587554,0.174759907587094,-0.5093864543693242,0.0817178875125901,-0.2114999967333101,-0.14945164939471886,0.2174808217558729,-0.0980398136681335
0.3360225565335434,-0.30012123247763206,-0.07428990856962832,-0.0237277261722533,-0.2604137099162233,0.07535969402515813,-0.3711037495242921,-0.2598808632510465,-0.23235620582846137,-0.4922543056417418,-0.28145282326049265,-0.3770781777973452,-0.16448165137657006,-0.5381789102762757,-0.7156209127490842,-0.3413028467792313,0.5151690031912379,-0.6133249025148798,0.12188416401642833,-0.1721044232608211,0.8059973708244649,-0.01628477619254929,-0.25037884331914123,-0.1134512404879974,-0.034675559135937145,0.2266650117275343,-0.26115092417853214,-0.7746059927798102,0.6558006955577854,-0.31157087063940386,0.1413304627301195,0.42099658075470014,0.014193776808581294,0.6584607345908476,-0.5705569319790592,0.30313275380319293,0.07194048676374247,-0.5104188636402912,-0.46666797643880603,-0.48258420247114175,0.22275806216678587,0.900013479531487,-0.0980398136681335,0.3599868033889314
