V1,V2,V3,V4,V5,V6,V7,V8,V9,V10,V11,V12,V13,V14,V15,V16,V17,V18,V19,V20,V21,V22,V23,V24,V25,V26,V27,V28,V29,V30,V31,V32,V33,V34,V35,V36,V37,V38,V39,V40,V41,V42,V43,V44
1.5511121556063794,-0.9943568872446987,0.6899904646841667,1.9483649288622846,0.9300571821700702,1.6048971777517738,0.8421168089964441,0.04765786162877365,0.8591801131383464,-0.48741539314616766,0.3774842982028964,1.0070249710100716,-1.188544708066402,1.6583885887911707,1.0922347205005167,0.29840576469405355,0.3158075480550335,1.0319786844536323,-2.0231672005907857,-0.8893625903515233,0.6773135346501739,0.99762185634451,0.9253544282740029,1.0789051965204484,0.4667449230820804,1.3276627629165427,0.12353558743478384,-0.0018542483744842723,-0.38248616449104444,-1.0304582939375908,0.6948338256603748,-0.25882976643546796,-0.9549058719693849,0.5369317221872912,0.6416628266568092,1.2951596795636797,-0.30520461821678707,-0.22112892169904846,0.3147785327881906,0.09913166401713654,1.7897350859422745,-1.926329813243134,-0.9383049185701132,0.17033854382367658
-0.9943568872446987,1.0213068100435727,-0.8350691478194198,-1.8513599814426716,-0.9620179628637354,-1.4785904756984913,-0.9274228893072679,0.06564245447766072,-0.6694598312182821,0.06294569610039459,-0.3617956757753791,-0.7841964235707403,1.162378374225216,-1.643359667798915,-0.8735981194026768,-0.13050407468541414,-0.33804368842005983,-0.6943819872620183,1.1783532780328243,0.8591318134636778,-0.7364279084345782,-1.2061088504426052,-0.5046664667397841,-1.1202674344396728,0.07751578368996616,-0.970091535475881,-0.23007739766211247,0.08490441819240832,0.38448156200188494,0.740051272738128,-0.2953813194179022,0.6690942577369341,0.598358960967348,-0.37878587651503887,-0.31724966030212065,-1.1530485987887065,0.11235610933256308,-0.17308227507352983,0.12016229512885847,-0.03342667182761549,-0.851772488037899,1.4120502907860275,0.6211813086395563,0.032155109828173385
0.6899904646841667,-0.8350691478194198,1.330226041023579,1.6095007778697552,1.1583280602965753,2.0652615425307075,1.207055591470552,0.13327459821091017,0.7657942817945004,-0.14832289222599124,0.5545530657958327,0.6399020000386374,-1.7312059336693708,2.207671728377951,0.7122719370401714,0.349752709794979,0.5974464219532987,0.35402075104543224,-0.8248485626347409,-0.7767642568032931,0.5947732906066082,1.526264392012189,0.29909578472555065,1.4915188578114338,-0.2511956913457607,0.7894283892962232,0.3852500763542474,-0.28044690595388216,-0.32101408799791487,-0.9833820078886428,0.4852069594869077,-0.6899188242128131,-0.027502308605734906,0.5113242961771066,0.5779175287995238,1.2502174758117919,0.0027178331664178376,0.6253487611790256,-0.6425892918915851,-0.018680069584444237,0.12157979571220053,-1.8684625094383114,-0.4917741658420441,-0.17873657716956828
1.9483649288622846,-1.8513599814426716,1.6095007778697552,3.502785877215265,1.919406500530795,2.9047498602221933,1.7906328475189288,-0.013683836936236022,1.331334859121209,-0.2365975178055827,0.641474604940996,1.4746428139698904,-2.17368115364071,3.1970880991480857,1.78939476040152,0.36320843213926074,0.8218784788809024,1.401878044702807,-2.4147030529829516,-1.6913379702574993,1.4230432757649996,2.3607950178262365,1.0631505180985779,2.2383654276561735,0.03326971470059513,1.8511995264772936,0.29691966786148943,-0.06910523988469416,-0.5722640589140198,-1.4914320814704403,0.7242390299910935,-1.2666996782472948,-0.9931677238839662,0.8611480032157512,0.7271912849511704,2.333167191426992,-0.35525245823534757,0.31127839796262946,-0.2572045471187502,0.0863980319957032,1.6745731430818882,-2.776160921606248,-1.175293241649021,-0.07578290620447922
0.9300571821700702,-0.9620179628637354,1.1583280602965753,1.919406500530795,1.6056963949931606,2.0550252251770194,1.2426697634678594,0.4336642203194076,0.9913841286557754,-0.27578474876932746,0.2258335686137067,0.7638848455312964,-1.3818903241387142,2.2397762488216433,1.5180926251417313,0.48251420261561984,1.2619147002044127,0.9985571657449569,-1.5187890707104872,-1.3695814315022743,0.8755080322117343,1.7593746614792234,0.6653615537934521,1.973772814477277,0.200857436374836,0.8482419999326047,-0.13178664052548877,0.46873115944119303,0.03586682994352646,-0.8947525908410716,0.7335373176157857,-0.9214349647696531,0.010232092065631557,0.8118167052220109,0.803134254109159,1.817300702748039,-0.49869614118173156,0.3019625217282493,-0.753306915310408,-0.06841049259738545,0.7224391270426602,-1.7430775537844894,-0.5379849166955909,-0.1549637604723828
1.6048971777517738,-1.4785904756984913,2.0652615425307075,2.9047498602221933,2.0550252251770194,3.8321312384297173,2.127706157412021,0.30105488306686334,1.6138104617561722,-0.6316148830208589,0.913428949105565,1.2510231418654798,-3.259972750959554,3.8284822403776615,1.4780717406170067,0.7685277394432009,0.9943219144757011,0.8274277496650055,-2.180077908470007,-1.389553566820026,0.690757827787355,2.4915182639743745,0.7631555563966655,2.6293742214988667,0.09774287058952687,1.7307150640660622,0.691252613713053,-0.5433314365710049,-0.7781125471079896,-1.9743488516665213,1.18751398152842,-0.76013640156631,-0.4880244999376922,1.0314226894242087,1.3395235099052598,2.4180198963708284,-0.034491023763029136,0.8190233710942125,-0.9087666662974907,-0.0011040236863521695,1.1757776479179471,-3.707338021683289,-1.2002113796432456,0.013218758922214637
0.8421168089964441,-0.9274228893072679,1.207055591470552,1.7906328475189288,1.2426697634678594,2.127706157412021,1.29952282475671,0.14246373353816838,0.8661844391683149,-0.1357526015494264,0.5060101283716658,0.6996035149940266,-1.7727624883243094,2.2390896309930026,0.8850277555963575,0.3694057123599152,0.6720497657997652,0.4778455220353876,-1.0840028295413215,-0.8863997131188099,0.6658977913724238,1.5980261696545726,0.39210310675218124,1.5746474585765413,-0.07820680825034924,0.8844575123979025,0.29292513215026733,-0.3197075271239012,-0.38018909061544276,-1.0558350539160644,0.5463723821849347,-0.7516642524567823,-0.16232712718880837,0.610009330642169,0.6070213632317418,1.3860708812564322,-0.03383906523590809,0.5212257139558683,-0.5781786639993337,-0.006538959780183293,0.45761591297609827,-1.891253386793978,-0.6526561228287067,-0.05933323901485034
0.04765786162877365,0.06564245447766072,0.13327459821091017,-0.013683836936236022,0.4336642203194076,0.30105488306686334,0.14246373353816838,0.5816942269490194,0.24517797648954381,-0.0977022907282633,-0.15148111846800935,-0.015588157083261658,-0.04461727659085315,0.3620208834141187,0.8058200791701523,0.30279042839685455,0.8498775009395657,0.4930174070966379,-0.46741424242227975,-0.49411363259620616,-0.016344988003684616,0.4301543878250786,0.28476216194696863,0.7417723460504241,0.31496446768855646,-0.21595367342551072,-0.5025947176875116,0.7573191171933477,0.4596276624660687,-0.1949148983508596,0.33722299686771773,-0.19738261919316033,0.4479799106279367,0.28932240335166176,0.44974907959072336,0.4926107240193553,-0.4661999236937251,-0.08343260882577361,-0.5157774259763375,-0.04661730154802622,0.19901280320614528,-0.3454275531239974,-0.047293742671886844,-0.03093364523483251
0.8591801131383464,-0.6694598312182821,0.7657942817945004,1.331334859121209,0.9913841286557754,1.6138104617561722,0.8661844391683149,0.24517797648954381,0.8377285844905774,-0.38980818542126816,0.30371653545255006,0.6482160088348583,-1.2578592770006545,1.6086265299666427,1.0131490867390416,0.35759900149469914,0.6127723708868804,0.7272022598282183,-1.364727906383677,-0.8135070784516043,0.22623240807592054,1.0474633411213121,0.5085341427451854,1.318963511569589,0.2366707006592384,0.7944671539934001,0.1274372707779372,0.10306288410511284,-0.25270496010816995,-0.8154744314294646,0.6121465589004849,-0.21260180215861899,-0.34337752616377687,0.5156756712505256,0.7092036842867253,1.272582966798102,-0.18521967601889186,0.10602728042656537,-0.4023516963181389,-0.0022225392983753023,0.9113700464720129,-1.6846599579590682,-0.5938691468060966,0.07304963713069118
-0.48741539314616766,0.06294569610039459,-0.14832289222599124,-0.2365975178055827,-0.27578474876932746,-0.6316148830208589,-0.1357526015494264,-0.0977022907282633,-0.38980818542126816,0.7567253648006522,0.0033768324028357185,-0.22637785942887628,0.4558581974803531,-0.35618627573528516,-0.16766371672482572,-0.2479567547798612,-0.023466467473407658,-0.12720936365535024,0.8264725980769423,0.11316593202594402,0.26012910562274266,0.05974791573013153,-0.28252753145283926,-0.18477641233792017,-0.5410040298622206,-0.6193174169496847,-0.24339873586222527,-0.03114898643794309,0.14056929087971365,0.3057627853493485,-0.5620225704717883,-0.5484809171865322,0.32939807151135436,-0.2020577453827335,-0.559461226583872,-0.48538605236912435,0.11701264075120145,0.0693263813519638,-0.117712533032829,0.022532092892127906,-0.7704066600417241,0.7874018817021948,0.157778766217609,-0.13630068985596527
0.3774842982028964,-0.3617956757753791,0.5545530657958327,0.641474604940996,0.2258335686137067,0.913428949105565,0.5060101283716658,-0.15148111846800935,0.30371653545255006,0.0033768324028357185,0.5383682764887656,0.4073875782396912,-0.9796528006085203,0.9690466434008586,-0.013965391165207418,0.06391279315524982,-0.1820404051839207,0.018763547903048433,-0.27749872932827224,-0.05358780938613701,0.1713147006347431,0.4438175662085344,0.03996978688459256,0.3900891612758263,-0.27862790292780953,0.38252610645065116,0.4268750665073249,-0.5990707440476281,-0.507256826410973,-0.5326111156890643,0.12237765304798134,-0.04155821860584987,-0.3267172775259071,0.09342070070023648,0.14958787364190218,0.22966567564788473,0.31243233646694357,0.20312099474562945,0.0010935224669206022,0.03924563620815935,0.13771349758815135,-1.0638171445931888,-0.4441105521791365,0.03028039305831254
1.0070249710100716,-0.7841964235707403,0.6399020000386374,1.4746428139698904,0.7638848455312964,1.2510231418654798,0.6996035149940266,-0.015588157083261658,0.6482160088348583,-0.22637785942887628,0.4073875782396912,0.8376775430511416,-0.9370153217977103,1.403623601429761,0.8264493553764287,0.15601373456993195,0.2683790273778639,0.784270197950413,-1.2778780718838019,-0.7258238755471063,0.6612172339506033,0.8191990975575232,0.5685529184562274,0.9253241765396473,0.07566993128002304,0.847198870014825,0.16012553007921498,-0.0038649028395185653,-0.37305325058224686,-0.6438041009610941,0.4013425074950666,-0.2830096645989168,-0.6652462510133917,0.36441568610916714,0.39901065143325654,0.9366318005623534,-0.15679223933529546,-0.09837416821026777,0.11110049876984772,0.030566679542342642,1.0277757010883948,-1.4179433250710518,-0.6742460030765681,0.02588384640208838
-1.188544708066402,1.162378374225216,-1.7312059336693708,-2.17368115364071,-1.3818903241387142,-3.259972750959554,-1.7727624883243094,-0.04461727659085315,-1.2578592770006545,0.4558581974803531,-0.9796528006085203,-0.9370153217977103,3.2176683710343026,-3.1350281756958127,-0.6175470570037767,-0.580460760715846,-0.31211401509705694,-0.1657619037643391,1.3790184974141766,0.6667573962276118,-0.17398451844093446,-1.8766904747253355,-0.3525061189434033,-1.8244336010220479,0.15743712319307734,-1.4772577741745834,-1.0256395972746795,1.083882031579676,1.084588139507448,1.8172925194045086,-0.8591513494408216,0.36944884145614143,0.5711810785492824,-0.609643598500218,-1.0169385072339738,-1.6280637531831574,-0.4164354074080875,-0.9194533365380232,0.7181482590122853,-0.028128170286882963,-0.8006961672314816,3.262411980396454,1.0802194591660221,-0.15745543623302477
1.6583885887911707,-1.643359667798915,2.207671728377951,3.1970880991480857,2.2397762488216433,3.8284822403776615,2.2390896309930026,0.3620208834141187,1.6086265299666427,-0.35618627573528516,0.9690466434008586,1.403623601429761,-3.1350281756958127,4.101314135958794,1.7820775939822642,0.7260231309417183,1.291502713513033,1.1142478870449029,-2.1899199233050384,-1.672639418213743,1.2330680039014514,2.8085834024191962,0.8842025827870503,2.9042183007572997,-0.09356263979150452,1.5930253100961564,0.4526447025178913,-0.3040056659212852,-0.6196528977762379,-1.9416788528810827,1.0853056462872377,-1.2175143111536553,-0.36137406257041554,1.0942928517091934,1.2198370342959544,2.5134046470583513,-0.21957749236790908,0.7693368149409342,-0.9599401087295231,-0.010004620762552175,1.0411907949691837,-3.6350397572777595,-1.248608896338575,-0.13178493817351794
1.0922347205005167,-0.8735981194026768,0.7122719370401714,1.78939476040152,1.5180926251417313,1.4780717406170067,0.8850277555963575,0.8058200791701523,1.0131490867390416,-0.16766371672482572,-0.013965391165207418,0.8264493553764287,-0.6175470570037767,1.7820775939822642,2.4994938601891734,0.4559139304321272,1.6290992263737842,1.877700876167721,-2.085447327370019,-1.7694537826396881,0.572570521685599,1.636612808253541,1.037125364218318,2.1900645324206076,0.443863736393192,0.495517356626065,-0.7715325718629924,1.5327262368106407,0.44549451320720124,-0.7201431841231207,0.636678438529653,-0.8337379265079227,-0.11983949772686749,0.7247367035634515,0.8839022799748775,1.9372130124615587,-1.030021592186747,-0.2827566281913423,-0.8227273083388941,0.015752660912577,1.4147761693945409,-1.6460007083477173,-0.6539634388598397,-0.0882224135710946
0.29840576469405355,-0.13050407468541414,0.349752709794979,0.36320843213926074,0.48251420261561984,0.7685277394432009,0.3694057123599152,0.30279042839685455,0.35759900149469914,-0.2479567547798612,0.06391279315524982,0.15601373456993195,-0.580460760715846,0.7260231309417183,0.4559139304321272,0.3408194545569808,0.5008462787230226,0.25083670546730436,-0.5983170974361537,-0.3388573175724253,0.0927445310244436,0.4981215316657919,0.2711097622751997,0.6427538480785765,0.29173130471873954,0.23806379965934732,-0.09790748810218138,0.12986526073844828,0.06891836453592266,-0.46962846435419026,0.4598226638372467,-0.11729874081846256,0.13793617622740847,0.3570861236334031,0.47319442882204604,0.5575587905104611,-0.19902850335242606,0.085752960014129,-0.26176851285831154,-0.024368238986574385,0.3506045269396674,-0.7608741645139016,-0.23071721206743762,0.03156819553212909
0.3158075480550335,-0.33804368842005983,0.5974464219532987,0.8218784788809024,1.2619147002044127,0.9943219144757011,0.6720497657997652,0.8498775009395657,0.6127723708868804,-0.023466467473407658,-0.1820404051839207,0.2683790273778639,-0.31211401509705694,1.291502713513033,1.6290992263737842,0.5008462787230226,1.738479998305152,1.0740068160294098,-1.0341236652604824,-1.2775443151862491,0.7453157255595738,1.3337326637439535,0.6013500363735378,1.7503029739594878,0.37003155393335063,-0.07122385533196667,-0.8699325392105103,1.1981983979896331,0.7491744973834673,-0.40107464205462334,0.5992890950405878,-0.9455939123798238,0.7423965479966665,0.767241029889669,0.6810407554655602,1.3429775475457943,-0.8506802092199416,-0.013044092843547978,-0.9341129118873579,-0.11867090119312067,0.2614023128236265,-0.6932873416700615,-0.1592917901434477,-0.20669702918813954
1.0319786844536323,-0.6943819872620183,0.35402075104543224,1.401878044702807,0.9985571657449569,0.8274277496650055,0.4778455220353876,0.4930174070966379,0.7272022598282183,-0.12720936365535024,0.018763547903048433,0.784270197950413,-0.1657619037643391,1.1142478870449029,1.877700876167721,0.25083670546730436,1.0740068160294098,1.6737267251840509,-1.8501822982881775,-1.3271436755126456,0.5845672202892407,0.984929049228549,0.9314680581169723,1.4795592869151926,0.3949714787673496,0.45919726538242644,-0.6688913698178851,1.1841646798067713,0.31931204591401946,-0.4418139330674109,0.45897611593787147,-0.49667360804052824,-0.36945030284788166,0.5513877999578167,0.5632574743587069,1.3604138387548559,-0.7669546600360237,-0.5640539555227209,-0.24028976085501233,0.03659281722547779,1.4014038677664666,-1.1501385641616981,-0.5961056557142543,-0.009552816652488146
-2.0231672005907857,1.1783532780328243,-0.8248485626347409,-2.4147030529829516,-1.5187890707104872,-2.180077908470007,-1.0840028295413215,-0.46741424242227975,-1.364727906383677,0.8264725980769423,-0.27749872932827224,-1.2778780718838019,1.3790184974141766,-2.1899199233050384,-2.085447327370019,-0.5983170974361537,-1.0341236652604824,-1.8501822982881775,3.1732777783470145,1.5530677373990216,-0.6197925423277957,-1.4238946924387215,-1.4000478308325977,-1.9700247978673293,-0.9625034558451167,-1.5798354581068914,0.24755600906328307,-0.6398585211457345,0.1431823598512265,1.326873303085162,-1.190011412795341,0.23425755662941009,0.9998770524459069,-0.9769114498383284,-1.2094827854079855,-2.1620990371629354,0.6991685919452213,0.5227048263801909,-0.020054100931705326,-0.07637650625336705,-2.6073012875904045,2.65628354871335,1.2006034852516698,-0.26513597226514407
-0.8893625903515233,0.8591318134636778,-0.7767642568032931,-1.6913379702574993,-1.3695814315022743,-1.389553566820026,-0.8863997131188099,-0.49411363259620616,-0.8135070784516043,0.11316593202594402,-0.05358780938613701,-0.7258238755471063,0.6667573962276118,-1.672639418213743,-1.7694537826396881,-0.3388573175724253,-1.2775443151862491,-1.3271436755126456,1.5530677373990216,1.441482856625966,-0.8503621140231835,-1.4697978768533273,-0.7651164127429508,-1.7809591554564372,-0.24408157302599726,-0.5656380524540341,0.4722491287438425,-0.9436718896002708,-0.2729256488210412,0.5759487220849442,-0.5263547298997177,0.8929914063468846,0.060072792701594886,-0.6772495191970233,-0.6277588308119543,-1.606902182237287,0.7020339225397576,0.07080294759315334,0.5921032735237916,0.039351185267320614,-0.9034829435877868,1.2657380125415223,0.4811338086499069,0.15529407460145356
0.6773135346501739,-0.7364279084345782,0.5947732906066082,1.4230432757649996,0.8755080322117343,0.690757827787355,0.6658977913724238,-0.016344988003684616,0.22623240807592054,0.26012910562274266,0.1713147006347431,0.6612172339506033,-0.17398451844093446,1.2330680039014514,0.572570521685599,0.0927445310244436,0.7453157255595738,0.5845672202892407,-0.6197925423277957,-0.8503621140231835,2.0698873297449722,1.0098294936382337,0.5557664793456553,0.7456930761378178,-0.013531939728681268,0.4200976929948432,-0.3976878450253072,0.06651251939628182,0.18610187242424298,-0.2413404997238355,0.25426035454776214,-1.2782644898863633,0.06692130974669265,0.5971956169617031,-0.06617917237532726,0.6047345265096393,-0.44581989458011556,-0.06933693587208746,0.3578115343772648,-0.08469025651425437,0.20801727278673568,-0.17422225349719708,-0.35407816986294754,-0.2956386488021024
0.99762185634451,-1.2061088504426052,1.526264392012189,2.3607950178262365,1.7593746614792234,2.4915182639743745,1.5980261696545726,0.4301543878250786,1.0474633411213121,0.05974791573013153,0.4438175662085344,0.8191990975575232,-1.8766904747253355,2.8085834024191962,1.636612808253541,0.4981215316657919,1.3337326637439535,0.984929049228549,-1.4238946924387215,-1.4697978768533273,1.0098294936382337,2.3306901527562975,0.6482833162457993,2.316423034413946,-0.12222194608450089,0.8633486838149654,-0.0774660761647967,0.23913372890662327,-0.04836511940987675,-1.2534664097532822,0.6102938992229942,-1.3885498034151886,0.10561751242686565,0.826944453229822,0.7332634674916274,1.9641143451487566,-0.40499333234323975,0.6019868384456445,-1.0151430250297302,0.002674790628748992,0.49427094803183497,-2.147904168745741,-0.7037202368644598,-0.2157912916803794
0.9253544282740029,-0.5046664667397841,0.29909578472555065,1.0631505180985779,0.6653615537934521,0.7631555563966655,0.39210310675218124,0.28476216194696863,0.5085341427451854,-0.28252753145283926,0.03996978688459256,0.5685529184562274,-0.3525061189434033,0.8842025827870503,1.037125364218318,0.2711097622751997,0.6013500363735378,0.9314680581169723,-1.4000478308325977,-0.7651164127429508,0.5557664793456553,0.6482833162457993,0.7478426184378761,0.8241093098836765,0.4765875128516473,0.6018574036663926,-0.3270694083194367,0.5195413448843936,0.12798433735582931,-0.5360411651092766,0.5111421729546789,-0.29910554619227275,-0.3443929481285963,0.43580582347579117,0.476489995186174,0.8857518766630078,-0.5215512723376872,-0.3201798747346167,0.11196134872531463,0.03920000131483039,1.187837343686496,-0.9670058169666835,-0.5085601426824745,0.05619973313192903
1.0789051965204484,-1.1202674344396728,1.4915188578114338,2.2383654276561735,1.973772814477277,2.6293742214988667,1.5746474585765413,0.7417723460504241,1.318963511569589,-0.18477641233792017,0.3900891612758263,0.9253241765396473,-1.8244336010220479,2.9042183007572997,2.1900645324206076,0.6427538480785765,1.7503029739594878,1.4795592869151926,-1.9700247978673293,-1.7809591554564372,0.7456930761378178,2.316423034413946,0.8241093098836765,2.7919113377544638,0.13331741580096065,0.7819441490372477,-0.3046654580769323,0.7446912704513863,0.11000953108444951,-1.2351587963814863,0.8705105068207357,-1.0916615429483485,0.13894566179502277,1.01500594883523,1.1038473271596605,2.3166746921580312,-0.5879455112262072,0.310896564890619,-1.2659316146003305,-0.05497384807300596,0.8400205845176739,-2.482965633122559,-0.7767263040574701,-0.14826698742666497
0.4667449230820804,0.07751578368996616,-0.2511956913457607,0.03326971470059513,0.200857436374836,0.09774287058952687,-0.07820680825034924,0.31496446768855646,0.2366707006592384,-0.5410040298622206,-0.27862790292780953,0.07566993128002304,0.15743712319307734,-0.09356263979150452,0.443863736393192,0.29173130471873954,0.37003155393335063,0.3949714787673496,-0.9625034558451167,-0.24408157302599726,-0.013531939728681268,-0.12222194608450089,0.4765875128516473,0.13331741580096065,0.8500925433424751,0.3162205751509472,-0.35309234578425575,0.4092764437255164,0.26439743267278765,-0.1895832092283133,0.5698784267758594,0.2780550667444321,-0.10458822959774278,0.34098899210923417,0.4731585754298555,0.37840128079932206,-0.41466577791461423,-0.40573696011213184,0.2550814744700435,-0.009519690995251876,1.0015077442853821,-0.23287475683963374,-0.17378899779656154,0.20082257321191288
1.3276627629165427,-0.970091535475881,0.7894283892962232,1.8511995264772936,0.8482419999326047,1.7307150640660622,0.8844575123979025,-0.21595367342551072,0.7944671539934001,-0.6193174169496847,0.38252610645065116,0.847198870014825,-1.4772577741745834,1.5930253100961564,0.495517356626065,0.23806379965934732,-0.07122385533196667,0.45919726538242644,-1.5798354581068914,-0.5656380524540341,0.4200976929948432,0.8633486838149654,0.6018574036663926,0.7819441490372477,0.3162205751509472,1.5213870704400136,0.5967529451292783,-0.4923267832034989,-0.6481852018217497,-0.9679919553718831,0.6289408362066836,-0.08634052422588066,-0.9804098311808878,0.41421549825950504,0.5593639785285791,1.1829464974765096,0.03045042517602758,0.1477933039981331,0.2666624642559615,0.06526452499400293,1.3909949594898987,-1.8148749400901096,-0.7183543942609886,0.1585029102771379
0.12353558743478384,-0.23007739766211247,0.3852500763542474,0.29691966786148943,-0.13178664052548877,0.691252613713053,0.29292513215026733,-0.5025947176875116,0.1274372707779372,-0.24339873586222527,0.4268750665073249,0.16012553007921498,-1.0256395972746795,0.4526447025178913,-0.7715325718629924,-0.09790748810218138,-0.8699325392105103,-0.6688913698178851,0.24755600906328307,0.4722491287438425,-0.3976878450253072,-0.0774660761647967,-0.3270694083194367,-0.3046654580769323,-0.35309234578425575,0.5967529451292783,1.0060024983117144,-1.0499412999415572,-0.8393090574787024,-0.30653606052902055,-0.04783666047708522,0.443385235051427,-0.5664737608540393,-0.2503186286988521,-0.0028691992612760293,-0.1096053148277886,0.6574932638852372,0.4823210346189223,0.1311845054055465,0.026678698210446182,-0.09523320619533021,-0.7252763709431473,-0.14345648813390174,0.09460301402550579
-0.0018542483744842723,0.08490441819240832,-0.28044690595388216,-0.06910523988469416,0.46873115944119303,-0.5433314365710049,-0.3197075271239012,0.7573191171933477,0.10306288410511284,-0.03114898643794309,-0.5990707440476281,-0.0038649028395185653,1.083882031579676,-0.3040056659212852,1.5327262368106407,0.12986526073844828,1.1981983979896331,1.1841646798067713,-0.6398585211457345,-0.9436718896002708,0.06651251939628182,0.23913372890662327,0.5195413448843936,0.7446912704513863,0.4092764437255164,-0.4923267832034989,-1.0499412999415572,1.9838075106734694,0.988147045908767,0.41904825165576676,0.10368138247123185,-0.32470009665222926,0.42664591229314597,0.12769943750674886,0.30082328009922277,0.6212350922838279,-1.0681182897826373,-0.515174149199249,-0.5460216014558972,-0.055171368578666086,0.45374436290794895,0.422924098936917,0.2583947161337419,-0.20047912784170002
-0.38248616449104444,0.38448156200188494,-0.32101408799791487,-0.5722640589140198,0.03586682994352646,-0.7781125471079896,-0.38018909061544276,0.4596276624660687,-0.25270496010816995,0.14056929087971365,-0.507256826410973,-0.37305325058224686,1.084588139507448,-0.6196528977762379,0.44549451320720124,0.06891836453592266,0.7491744973834673,0.31931204591401946,0.1431823598512265,-0.2729256488210412,0.18610187242424298,-0.04836511940987675,0.12798433735582931,0.11000953108444951,0.26439743267278765,-0.6481852018217497,-0.8393090574787024,0.988147045908767,0.9150292983799679,0.4418186971997483,-0.011732346307992608,-0.336301231863545,0.7778948229045021,0.13849061647935929,-0.03416348510540414,-0.012669952026782986,-0.5840994163795211,-0.24943963125836005,-0.2604178209794517,-0.05053731792212978,-0.3611727918661878,0.9352694495931164,0.44497809636009605,-0.19592396180704172
-1.0304582939375908,0.740051272738128,-0.9833820078886428,-1.4914320814704403,-0.8947525908410716,-1.9743488516665213,-1.0558350539160644,-0.1949148983508596,-0.8154744314294646,0.3057627853493485,-0.5326111156890643,-0.6438041009610941,1.8172925194045086,-1.9416788528810827,-0.7201431841231207,-0.46962846435419026,-0.40107464205462334,-0.4418139330674109,1.326873303085162,0.5759487220849442,-0.2413404997238355,-1.2534664097532822,-0.5360411651092766,-1.2351587963814863,-0.1895832092283133,-0.9679919553718831,-0.30653606052902055,0.41904825165576676,0.4418186971997483,1.3075524077240654,-0.6863491329232869,0.332200674584726,0.36991704564967187,-0.5206958222519122,-0.7334829574216682,-1.138325456195493,0.008150390558856429,-0.32985655736172137,0.2835986174657696,-0.0817684788429202,-0.9589253369952806,2.148672416110105,0.8317925558489999,-0.14941561742646634
0.6948338256603748,-0.2953813194179022,0.4852069594869077,0.7242390299910935,0.7335373176157857,1.18751398152842,0.5463723821849347,0.33722299686771773,0.6121465589004849,-0.5620225704717883,0.12237765304798134,0.4013425074950666,-0.8591513494408216,1.0853056462872377,0.636678438529653,0.4598226638372467,0.5992890950405878,0.45897611593787147,-1.190011412795341,-0.5263547298997177,0.25426035454776214,0.6102938992229942,0.5111421729546789,0.8705105068207357,0.5698784267758594,0.6289408362066836,-0.04783666047708522,0.10368138247123185,-0.011732346307992608,-0.6863491329232869,0.7807929263358779,-0.007436742882148307,-0.08105957885661036,0.5675196489265342,0.7393203047278373,0.8971445514440078,-0.26750695974674593,-0.028072762964718157,-0.11585197772396866,-0.038527701884989066,0.8560142256918867,-1.2330908018906275,-0.4286396975685144,0.1034050261004866
-0.25882976643546796,0.6690942577369341,-0.6899188242128131,-1.2666996782472948,-0.9214349647696531,-0.76013640156631,-0.7516642524567823,-0.19738261919316033,-0.21260180215861899,-0.5484809171865322,-0.04155821860584987,-0.2830096645989168,0.36944884145614143,-1.2175143111536553,-0.8337379265079227,-0.11729874081846256,-0.9455939123798238,-0.49667360804052824,0.23425755662941009,0.8929914063468846,-1.2782644898863633,-1.3885498034151886,-0.29910554619227275,-1.0916615429483485,0.2780550667444321,-0.08634052422588066,0.443385235051427,-0.32470009665222926,-0.336301231863545,0.332200674584726,-0.007436742882148307,1.4734241598283462,-0.4454461204313547,-0.4378605495335295,0.05625175239180707,-0.7941345477187233,0.4032192346177464,-0.3296270521342085,0.47128054583194645,0.027383109977743403,0.26717639526214504,0.20756031427907765,0.14565637760776162,0.32474571320811124
-0.9549058719693849,0.598358960967348,-0.027502308605734906,-0.9931677238839662,0.010232092065631557,-0.4880244999376922,-0.16232712718880837,0.4479799106279367,-0.34337752616377687,0.32939807151135436,-0.3267172775259071,-0.6652462510133917,0.5711810785492824,-0.36137406257041554,-0.11983949772686749,0.13793617622740847,0.7423965479966665,-0.36945030284788166,0.9998770524459069,0.060072792701594886,0.06692130974669265,0.10561751242686565,-0.3443929481285963,0.13894566179502277,-0.10458822959774278,-0.9804098311808878,-0.5664737608540393,0.42664591229314597,0.7778948229045021,0.36991704564967187,-0.08105957885661036,-0.4454461204313547,1.3193149333835505,0.12633459242058825,-0.0763667763139178,-0.2651066050244497,-0.21213227409428115,0.2908329770871134,-0.6987677522309572,-0.12206297931328029,-1.3683888918883953,0.9597805342147671,0.6213556882676888,-0.2805452985245076
0.5369317221872912,-0.37878587651503887,0.5113242961771066,0.8611480032157512,0.8118167052220109,1.0314226894242087,0.610009330642169,0.28932240335166176,0.5156756712505256,-0.2020577453827335,0.09342070070023648,0.36441568610916714,-0.609643598500218,1.0942928517091934,0.7247367035634515,0.3570861236334031,0.767241029889669,0.5513877999578167,-0.9769114498383284,-0.6772495191970233,0.5971956169617031,0.826944453229822,0.43580582347579117,1.01500594883523,0.34098899210923417,0.41421549825950504,-0.2503186286988521,0.12769943750674886,0.13849061647935929,-0.5206958222519122,0.5675196489265342,-0.4378605495335295,0.12633459242058825,0.6438116156208559,0.4885621397183019,0.9072801506220727,-0.2617531607313414,-0.010948236341903894,-0.2196881446042619,-0.04837030603273808,0.4738179382835369,-0.8625885490396265,-0.3449746964964321,-0.014442196353399727
0.6416628266568092,-0.31724966030212065,0.5779175287995238,0.7271912849511704,0.803134254109159,1.3395235099052598,0.6070213632317418,0.44974907959072336,0.7092036842867253,-0.559461226583872,0.14958787364190218,0.39901065143325654,-1.0169385072339738,1.2198370342959544,0.8839022799748775,0.47319442882204604,0.6810407554655602,0.5632574743587069,-1.2094827854079855,-0.6277588308119543,-0.06617917237532726,0.7332634674916274,0.476489995186174,1.1038473271596605,0.4731585754298555,0.5593639785285791,-0.0028691992612760293,0.30082328009922277,-0.03416348510540414,-0.7334829574216682,0.7393203047278373,0.05625175239180707,-0.0763667763139178,0.4885621397183019,0.8519506102375942,1.0350650471566034,-0.28751855417061584,0.05329788423984495,-0.4247602313076382,-0.03257533764483153,0.8380862856670186,-1.4850362642879853,-0.43338092849499865,0.09705693442419194
1.2951596795636797,-1.1530485987887065,1.2502174758117919,2.333167191426992,1.817300702748039,2.4180198963708284,1.3860708812564322,0.4926107240193553,1.272582966798102,-0.48538605236912435,0.22966567564788473,0.9366318005623534,-1.6280637531831574,2.5134046470583513,1.9372130124615587,0.5575587905104611,1.3429775475457943,1.3604138387548559,-2.1620990371629354,-1.606902182237287,0.6047345265096393,1.9641143451487566,0.8857518766630078,2.3166746921580312,0.37840128079932206,1.1829464974765096,-0.1096053148277886,0.6212350922838279,-0.012669952026782986,-1.138325456195493,0.8971445514440078,-0.7941345477187233,-0.2651066050244497,0.9072801506220727,1.0350650471566034,2.2978217519373376,-0.5830710093851531,0.22026183941697727,-0.8545549550237744,-0.007785284496321366,1.2645448735252245,-2.2897270191232653,-0.7101559468053172,-0.060189553803037844
-0.30520461821678707,0.11235610933256308,0.0027178331664178376,-0.35525245823534757,-0.49869614118173156,-0.034491023763029136,-0.03383906523590809,-0.4661999236937251,-0.18521967601889186,0.11701264075120145,0.31243233646694357,-0.15679223933529546,-0.4164354074080875,-0.21957749236790908,-1.030021592186747,-0.19902850335242606,-0.8506802092199416,-0.7669546600360237,0.6991685919452213,0.7020339225397576,-0.44581989458011556,-0.40499333234323975,-0.5215512723376872,-0.5879455112262072,-0.41466577791461423,0.03045042517602758,0.6574932638852372,-1.0681182897826373,-0.5840994163795211,0.008150390558856429,-0.26750695974674593,0.4032192346177464,-0.21213227409428115,-0.2617531607313414,-0.28751855417061584,-0.5830710093851531,0.7829317935746699,0.2688448136660346,0.17156242824342324,0.016914361140394716,-0.528243195762983,0.0207202065561254,0.01986931334086463,0.12415991852247316
-0.22112892169904846,-0.17308227507352983,0.6253487611790256,0.31127839796262946,0.3019625217282493,0.8190233710942125,0.5212257139558683,-0.08343260882577361,0.10602728042656537,0.0693263813519638,0.20312099474562945,-0.09837416821026777,-0.9194533365380232,0.7693368149409342,-0.2827566281913423,0.085752960014129,-0.013044092843547978,-0.5640539555227209,0.5227048263801909,0.07080294759315334,-0.06933693587208746,0.6019868384456445,-0.3201798747346167,0.310896564890619,-0.40573696011213184,0.1477933039981331,0.4823210346189223,-0.515174149199249,-0.24943963125836005,-0.32985655736172137,-0.028072762964718157,-0.3296270521342085,0.2908329770871134,-0.010948236341903894,0.05329788423984495,0.22026183941697727,0.2688448136660346,0.7831799997736274,-0.5515945299179605,-0.016937709664624212,-0.737953297789114,-0.4498002555761745,0.10387628435193567,-0.14903789973523426
0.3147785327881906,0.12016229512885847,-0.6425892918915851,-0.2572045471187502,-0.753306915310408,-0.9087666662974907,-0.5781786639993337,-0.5157774259763375,-0.4023516963181389,-0.117712533032829,0.0010935224669206022,0.11110049876984772,0.7181482590122853,-0.9599401087295231,-0.8227273083388941,-0.26176851285831154,-0.9341129118873579,-0.24028976085501233,-0.020054100931705326,0.5921032735237916,0.3578115343772648,-1.0151430250297302,0.11196134872531463,-1.2659316146003305,0.2550814744700435,0.2666624642559615,0.1311845054055465,-0.5460216014558972,-0.2604178209794517,0.2835986174657696,-0.11585197772396866,0.47128054583194645,-0.6987677522309572,-0.2196881446042619,-0.4247602313076382,-0.8545549550237744,0.17156242824342324,-0.5515945299179605,1.332055813829488,0.06926930100971417,0.6053361384416586,0.6528633509294083,-0.1313764651538348,0.18324518969582737
0.09913166401713654,-0.03342667182761549,-0.018680069584444237,0.0863980319957032,-0.06841049259738545,-0.0011040236863521695,-0.006538959780183293,-0.04661730154802622,-0.0022225392983753023,0.022532092892127906,0.03924563620815935,0.030566679542342642,-0.028128170286882963,-0.010004620762552175,0.015752660912577,-0.024368238986574385,-0.11867090119312067,0.03659281722547779,-0.07637650625336705,0.039351185267320614,-0.08469025651425437,0.002674790628748992,0.03920000131483039,-0.05497384807300596,-0.009519690995251876,0.06526452499400293,0.026678698210446182,-0.055171368578666086,-0.05053731792212978,-0.0817684788429202,-0.038527701884989066,0.027383109977743403,-0.12206297931328029,-0.04837030603273808,-0.03257533764483153,-0.007785284496321366,0.016914361140394716,-0.016937709664624212,0.06926930100971417,0.058379865520092375,0.12879368304975264,-0.10558109630852773,-0.0706562940376959,0.03245362533359575
1.7897350859422745,-0.851772488037899,0.12157979571220053,1.6745731430818882,0.7224391270426602,1.1757776479179471,0.45761591297609827,0.19901280320614528,0.9113700464720129,-0.7704066600417241,0.13771349758815135,1.0277757010883948,-0.8006961672314816,1.0411907949691837,1.4147761693945409,0.3506045269396674,0.2614023128236265,1.4014038677664666,-2.6073012875904045,-0.9034829435877868,0.20801727278673568,0.49427094803183497,1.187837343686496,0.8400205845176739,1.0015077442853821,1.3909949594898987,-0.09523320619533021,0.45374436290794895,-0.3611727918661878,-0.9589253369952806,0.8560142256918867,0.26717639526214504,-1.3683888918883953,0.4738179382835369,0.8380862856670186,1.2645448735252245,-0.528243195762983,-0.737953297789114,0.6053361384416586,0.12879368304975264,2.77750232481986,-1.8770874885374043,-1.1038929302340088,0.4494802182982195
-1.926329813243134,1.4120502907860275,-1.8684625094383114,-2.776160921606248,-1.7430775537844894,-3.707338021683289,-1.891253386793978,-0.3454275531239974,-1.6846599579590682,0.7874018817021948,-1.0638171445931888,-1.4179433250710518,3.262411980396454,-3.6350397572777595,-1.6460007083477173,-0.7608741645139016,-0.6932873416700615,-1.1501385641616981,2.65628354871335,1.2657380125415223,-0.17422225349719708,-2.147904168745741,-0.9670058169666835,-2.482965633122559,-0.23287475683963374,-1.8148749400901096,-0.7252763709431473,0.422924098936917,0.9352694495931164,2.148672416110105,-1.2330908018906275,0.20756031427907765,0.9597805342147671,-0.8625885490396265,-1.4850362642879853,-2.2897270191232653,0.0207202065561254,-0.4498002555761745,0.6528633509294083,-0.10558109630852773,-1.8770874885374043,4.218174545273444,1.4947309913869196,-0.21354818835569986
-0.9383049185701132,0.6211813086395563,-0.4917741658420441,-1.175293241649021,-0.5379849166955909,-1.2002113796432456,-0.6526561228287067,-0.047293742671886844,-0.5938691468060966,0.157778766217609,-0.4441105521791365,-0.6742460030765681,1.0802194591660221,-1.248608896338575,-0.6539634388598397,-0.23071721206743762,-0.1592917901434477,-0.5961056557142543,1.2006034852516698,0.4811338086499069,-0.35407816986294754,-0.7037202368644598,-0.5085601426824745,-0.7767263040574701,-0.17378899779656154,-0.7183543942609886,-0.14345648813390174,0.2583947161337419,0.44497809636009605,0.8317925558489999,-0.4286396975685144,0.14565637760776162,0.6213556882676888,-0.3449746964964321,-0.43338092849499865,-0.7101559468053172,0.01986931334086463,0.10387628435193567,-0.1313764651538348,-0.0706562940376959,-1.1038929302340088,1.4947309913869196,0.8055393141365235,-0.19246344797599524
0.17033854382367658,0.032155109828173385,-0.17873657716956828,-0.07578290620447922,-0.1549637604723828,0.013218758922214637,-0.05933323901485034,-0.03093364523483251,0.07304963713069118,-0.13630068985596527,0.03028039305831254,0.02588384640208838,-0.15745543623302477,-0.13178493817351794,-0.0882224135710946,0.03156819553212909,-0.20669702918813954,-0.009552816652488146,-0.26513597226514407,0.15529407460145356,-0.2956386488021024,-0.2157912916803794,0.05619973313192903,-0.14826698742666497,0.20082257321191288,0.1585029102771379,0.09460301402550579,-0.20047912784170002,-0.19592396180704172,-0.14941561742646634,0.1034050261004866,0.32474571320811124,-0.2805452985245076,-0.014442196353399727,0.09705693442419194,-0.060189553803037844,0.12415991852247316,-0.14903789973523426,0.18324518969582737,0.03245362533359575,0.4494802182982195,-0.21354818835569986,-0.19246344797599524,0.21932197828807876
