V1,V2,V3,V4,V5,V6,V7,V8,V9,V10,V11,V12,V13,V14,V15,V16,V17,V18,V19,V20,V21,V22,V23,V24,V25,V26,V27,V28,V29,V30,V31,V32,V33,V34,V35,V36,V37,V38,V39,V40,V41,V42,V43,V44
0.2757283456048864,-0.20501514889920194,0.246172629195025,-0.4317072313613185,0.012775534660628344,0.11577354560084867,-0.6116778748047511,-0.07602603193488262,0.30673761901547275,-0.16483964960230624,-0.02802383705037295,0.6638654374707255,0.6949406462767497,0.7022924458730113,-0.99387144013077,-0.3585337832345699,-1.5814636209562412,0.30235680522980746,0.9005175570698627,-0.7543396844540237,-0.4686150273462214,0.08612751228881137,0.5101219692452251,-0.42446596870508846,-1.0647295348235881,-0.4080048766270087,0.8073459253037613,-0.5176038072596032,-0.4369123424635353,0.021414153051780762,-0.4157791720434343,-0.40896691511689476,0.3541261121657726,-1.0326548030437517,0.055854178525725856,0.34963300649306633,0.9577051062109405,-0.38967487553577707,0.4740947860529775,0.6631096157433908,-0.314933467132793,-1.3005614993087942,0.20604173820332844,0.918935765281121
-0.20501514889920194,5.653919955446715,-1.0237541637947882,1.4015643650596055,-1.0332339504846677,-7.744106472985117,6.566019665765871,-3.939062749443264,0.5052336228162372,-0.8412549911452926,0.22875749726642078,-2.6357341676180375,-3.608728347300944,-2.331782236171109,2.5057490278947854,-0.6777330844233677,2.539981671814494,-2.825291663835835,-6.570466402271679,-0.055019464853491754,1.8194415531325745,-1.1460569917661017,-2.9406227594573022,-2.212800922779786,5.001248298366092,4.476115113693709,-5.289316168545094,4.927310793437152,0.8160712521581156,0.7703078555871046,1.465424291482246,1.1010966158270141,-0.877724405936714,2.675294820888276,1.3766674576676625,-2.2724936136452065,-4.4805276182556275,-1.1131117882856725,-7.2142974244538465,-3.345780196157944,3.4705533825941375,6.7438612704346435,1.9612296244811196,-3.440977874983169
0.246172629195025,-1.0237541637947882,0.4162626375897475,-0.6837615538302164,0.22004598737277883,1.2146996182788865,-1.609492410354575,0.5680498481282366,0.23918449830635719,-0.17603431050626014,-0.07256482034680334,1.044771446551679,1.3820930051854516,1.1756530194380534,-1.460749243466539,-0.29829818646530715,-2.0434175784108186,0.7669753768464729,1.8819375071913258,-0.7573359446421923,-0.7701536960937613,0.2415014563261232,1.0734208111206438,-0.1544879486033586,-1.9357851185017316,-1.149763265156887,1.6020507388492662,-1.2061163078208132,-0.5644206252449924,-0.12970054118176977,-0.6912026054664977,-0.6143622194318304,0.4694290669945933,-1.4922282153987139,-0.1130133311822759,0.6343722442776556,1.6596717251212763,-0.25783331854998703,1.5439869083786657,1.1184382604895595,-0.8250100052350129,-2.3710499726972367,-0.17235528882888906,1.3916914275095662
-0.4317072313613185,1.4015643650596055,-0.6837615538302164,1.2010927324807397,-0.31978254122160044,-1.5802488243470596,2.432443958009678,-0.7348706022941327,-0.46970550004255174,0.3933651311397227,0.12046035809093489,-1.7620580280866238,-2.3266392221490593,-2.03320565990932,2.523302244098867,0.6275821921027994,3.663125793509718,-1.1771386361174787,-2.96200973678362,1.4259126798528248,1.299788387989069,-0.3603429984100763,-1.7919547495266528,0.5306662952327716,3.2209203448510264,1.7464898664581894,-2.531035379731425,1.8275187288549606,1.0019042540874226,0.20458893199750042,1.166333602495552,1.0850320491474448,-0.7797103577396765,2.592531592430765,0.060028152556406304,-0.9614523955376949,-2.722188625420146,0.5807347979839272,-2.234503426785916,-1.7968135945813892,1.237255019638735,3.8717032595395713,0.15074628485237448,-2.312231911403028
0.012775534660628344,-1.0332339504846677,0.22004598737277883,-0.31978254122160044,0.24179479013870503,1.3949228553189037,-1.26225258900401,0.7623504138617866,-0.07091342459956251,0.060541188243277706,-0.07030755677843459,0.5277398758128349,0.8239038435914786,0.5697802684312712,-0.5815637407436267,0.04654002827022645,-0.6169636941627931,0.5588568467587499,1.2615778659157086,-0.05419846075553734,-0.3830748553657121,0.2092647763217773,0.666069597372156,0.3321896645645421,-1.0699571595775619,-0.9130678968711631,1.0043131921369803,-0.9223671192800974,-0.18559294780429367,-0.15465721015273595,-0.3298449745739533,-0.26700027606629956,0.1885909896352226,-0.5935823881376763,-0.22043788621425156,0.40257510623425685,0.9083259491996954,0.15632130742494046,1.364136077621372,0.64254647592371394,-0.6493415103049456,-1.3640720713082108,-0.4100195292987405,0.652944671020299
0.11577354560084867,-7.744106472985117,1.2146996182788865,-1.5802488243470596,1.3949228553189037,10.784518190667303,-8.666247058141588,5.533012843230171,-0.993658150824619,1.4782981465285157,-0.3122405631175869,3.1818730236745423,4.359750713684526,2.5835868409594105,-2.5880906992242823,1.2467206544661544,-2.162877140384723,3.634780275878677,8.42255104411858,0.7178315564323172,-2.1288701663795386,1.5571884864851753,3.5891137099584784,3.4875439017460756,-5.967337598347795,-5.852398026520056,6.6841795528085965,-6.518974352562138,-0.7679523793408303,-1.059678162021998,-1.6343796502980357,-1.1927011492311153,0.9551331540633278,-2.842900710938245,-1.9764547468801803,2.9217077602720742,5.440263891473851,1.9201848745221797,9.693334388404146,4.18323825855048,-4.5879617865422,-8.269219457248447,-2.8216023047916123,4.075515122486645
-0.6116778748047511,6.566019665765871,-1.609492410354575,2.432443958009678,-1.26225258900401,-8.666247058141588,8.442897595418696,-4.3424202133884915,0.02469968484342409,-0.3979641163769821,0.35946882269556346,-4.125180392033002,-5.560340433913779,-4.107493761885421,4.801379693344158,-0.0010255171729740488,5.809592812048086,-3.7119938882984225,-8.858317325564908,1.3307367949423685,2.9183415351372366,-1.4133787880977235,-4.418339863745012,-1.5806891628950839,7.648154837412675,5.83018119111465,-7.277706716774686,6.2790987702661525,1.6900680837222914,0.8816505527158475,2.454579159242033,2.0554316505405104,-1.5679722049565863,4.988676930515176,1.3023285538918727,-3.0096586903613263,-6.747520926186279,-0.45574513472609046,-8.80772786813422,-4.7978125567593235,4.376174973165708,9.869037699835136,1.9360166371510918,-5.386121994090009
-0.07602603193488262,-3.939062749443264,0.5680498481282366,-0.7348706022941327,0.7623504138617866,5.533012843230171,-4.3424202133884915,3.0287404242818234,-0.6200882641156464,0.7442007180055237,-0.1514702526706031,1.4883549833206782,2.222315961956635,1.2632418808960446,-1.0596895461382256,0.7161347446866849,-0.7295855941626727,1.8460111817917106,4.088219405710464,0.6876874997945761,-0.9891645139607239,0.7781676953154266,1.851709296425596,1.8762796998863918,-2.856550303232354,-2.986370366620172,3.219409907262908,-3.150751772481236,-0.20833318903423498,-0.6075832302622288,-0.7779633386902542,-0.60955369761433,0.3142250241378787,-1.1926841172851539,-1.0038980690899741,1.3300728776242337,2.529908416609252,1.1340450507343085,4.859588857978479,1.9370613075469305,-2.2881653316383916,-3.9442676214461083,-1.5844360042546508,1.7866510052021722
0.30673761901547275,0.5052336228162372,0.23918449830635719,-0.46970550004255174,-0.07091342459956251,-0.993658150824619,0.02469968484342409,-0.6200882641156464,0.612093405110543,-0.6115573543616453,0.0029424452304181122,0.5427412649142738,0.6717223242050188,0.836234599545115,-1.2378847149842627,-0.6446555363078978,-2.133319577356086,0.1435742483081305,0.4554147446329304,-1.1766080203031968,-0.47587330955895457,-0.06721770046594247,0.4743439573594751,-1.0087782996525032,-1.1103365250835386,-0.08927227155763069,0.5144558022903791,0.010037662153348418,-0.556200670213877,0.10999518837260297,-0.5204206907156893,-0.4657401697602577,0.37038496484070604,-1.1772178115746346,0.24817455232999697,0.17122959090468,0.8259475337891831,-0.8087072503089376,-0.2928147586468631,0.46807632276043326,-0.0031282998327033214,-1.1396980048052574,0.46709749245112037,0.870472471564641
-0.16483964960230624,-0.8412549911452926,-0.17603431050626014,0.3933651311397227,0.060541188243277706,1.4782981465285157,-0.3979641163769821,0.7442007180055237,-0.6115573543616453,0.8832280949721077,-0.014368975115314476,-0.26171845688023476,-0.5950483129758125,-0.7930580189907955,1.1745274462468807,0.6478570115622224,1.898478367163487,-0.031402709836404266,-0.009302852858666454,1.1142602853447903,0.3703678387162499,0.16413781890206583,-0.4254092805422382,1.115677142491935,0.9126696649866775,-0.0820139091040577,-0.1787907517529953,-0.41767074121747333,0.47452625746854626,-0.08611933230742196,0.47931803871443757,0.36478658479675263,-0.24927843450216414,1.016364551106907,-0.35815176165160534,0.06635434853957872,-0.5326735687104569,0.8842486468767626,0.7233500325315642,-0.10903580664066866,-0.22194142026706962,0.716341140570093,-0.3977087917816991,-0.527422832930089
-0.02802383705037295,0.22875749726642078,-0.07256482034680334,0.12046035809093489,-0.07030755677843459,-0.3122405631175869,0.35946882269556346,-0.1514702526706031,0.0029424452304181122,-0.014368975115314476,0.10787534527642122,-0.18430844727856152,-0.25858385662640865,-0.18722955092245352,0.275533765211619,0.0922048271536782,0.21537590165713635,-0.07234876781677729,-0.29843958917475005,0.14622712022144646,0.11283144128901565,-0.08303650351890847,-0.17301488386314592,-0.06435585459376877,0.2776302210797334,0.2663076746751807,-0.18662573735787175,0.24549760623401762,0.08708946477633096,-0.01345717303354239,0.0638006447173737,0.0915268950713666,-0.09466242186041213,0.22405224131047113,0.012404592900743742,-0.10119732912942998,-0.2642210253280392,0.033122751847979005,-0.3592075533512239,-0.20535504045975805,0.15037553494828218,0.3346506896882001,0.047430220217584536,-0.2134261799160861
0.6638654374707255,-2.6357341676180375,1.044771446551679,-1.7620580280866238,0.5277398758128349,3.1818730236745423,-4.125180392033002,1.4883549833206782,0.5427412649142738,-0.26171845688023476,-0.18430844727856152,2.762401064034538,3.494088917158218,2.9552101854508708,-3.611210551528742,-0.7477721794158253,-5.184505850011743,1.914492171638693,4.814655759225376,-1.85378555734586,-1.9544611024268077,0.649867423589967,2.7056625564628636,-0.38424331543961865,-4.836044014901037,-2.8722837012456197,4.069261249028449,-3.1361432227123824,-1.412508918972929,-0.34590965582541705,-1.707994987912264,-1.6206726645112697,1.1691883106580618,-3.787424800857099,-0.2695428356815342,1.6184452454361524,4.208187932177106,-0.5796309948021409,3.93337419023065,2.901374214747709,-2.113894179263339,-6.003684133625623,-0.3712489315174089,3.570890514680529
0.6949406462767497,-3.608728347300944,1.3820930051854516,-2.3266392221490593,0.8239038435914786,4.359750713684526,-5.560340433913779,2.222315961956635,0.6717223242050188,-0.5950483129758125,-0.25858385662640865,3.494088917158218,4.822802518231157,4.016459748695766,-4.806358429715835,-0.9156087026131442,-6.676122676963666,2.654067863532659,6.387455262978655,-2.297888222969565,-2.584220867569796,0.8434588278724406,3.7634681938258034,-0.3961459896774601,-6.5709941596504144,-4.015259068064277,5.393109357861748,-4.076293851219642,-1.8026722433775422,-0.5462175108098606,-2.3258471676151915,-2.1024546936634025,1.4467605482891859,-4.9181984876304154,-0.3973371165189929,2.0474595358804506,5.531935076331016,-0.712500387314105,5.355727786638863,3.685063589659079,-2.84231153052688,-7.989143540955635,-0.7940767284473382,4.546762361731664
0.7022924458730113,-2.331782236171109,1.1756530194380534,-2.03320565990932,0.5697802684312712,2.5835868409594105,-4.107493761885421,1.2632418808960446,0.836234599545115,-0.7930580189907955,-0.18722955092245352,2.9552101854508708,4.016459748695766,3.5283560590454495,-4.338773597155105,-1.0935596546521533,-6.270582625253938,2.0431449129776085,4.983903747485283,-2.4093302906383545,-2.2156121961308166,0.5807239522494504,3.1063264382909415,-0.945489946323175,-5.519413660737774,-3.0037828157848994,4.294837856157377,-3.014045771797239,-1.6729831189662576,-0.35519432703357,-2.0349045542722957,-1.8713367629995445,1.3077184807879663,-4.426022975234338,-0.08609782266781502,1.5922700384668154,4.621085486513905,-1.0174926873954038,3.7423381662851343,3.000638588638083,-2.07765909254413,-6.58303998732776,-0.29604368910652157,3.8788087448653954
-0.99387144013077,2.5057490278947854,-1.460749243466539,2.523302244098867,-0.5815637407436267,-2.5880906992242823,4.801379693344158,-1.0596895461382256,-1.2378847149842627,1.1745274462468807,0.275533765211619,-3.611210551528742,-4.806358429715835,-4.338773597155105,5.729287643652249,1.5216998977465845,8.08580991145979,-2.3353401533241644,-5.938609192026376,3.4627702708541452,2.7547275958467643,-0.6702907605377817,-3.6598928899753274,1.4050770136665476,6.781933458475082,3.4903777350195315,-5.18162938463031,3.5106967517433447,2.2346073790977523,0.29524919869282096,2.5128642256993525,2.2312922621609705,-1.7411703730229289,5.6959525343899235,-0.01486453238835656,-1.973433082371926,-5.73734846621233,1.610458485702149,-4.248312147453678,-3.6663718674655703,2.3974122904219244,8.014111034820395,0.06814653168713947,-4.947830637941149
-0.3585337832345699,-0.6777330844233677,-0.29829818646530715,0.6275821921027994,0.04654002827022645,1.2467206544661544,-0.0010255171729740488,0.7161347446866849,-0.6446555363078978,0.6478570115622224,0.0922048271536782,-0.7477721794158253,-0.9156087026131442,-1.0935596546521533,1.5216998977465845,0.9066935673324787,2.534272266227731,-0.07672640117460615,-0.44516124272210955,1.420086452166857,0.5724347641706248,0.04954131868527121,-0.6286582736349025,1.2643613317338511,1.2353997980735907,0.10552820483656934,-0.45825064201776705,5.564860702843571e-4,0.6562432325102977,-0.13968894961982997,0.5649282407689062,0.6485286493114502,-0.46995869579552724,1.4895451616625845,-0.4271270118040514,-0.12222407059190446,-0.9841182201284476,0.9654344750193535,0.40627280393855275,-0.5592258142815492,-0.0639866954420011,1.2401061865412215,-0.5849887948697831,-0.9727841032919545
-1.5814636209562412,2.539981671814494,-2.0434175784108186,3.663125793509718,-0.6169636941627931,-2.162877140384723,5.809592812048086,-0.7295855941626727,-2.133319577356086,1.898478367163487,0.21537590165713635,-5.184505850011743,-6.676122676963666,-6.270582625253938,8.08580991145979,2.534272266227731,12.4131457087739,-3.103970998338898,-7.918800735379711,5.327914468351756,3.927977688032101,-0.7446552269643695,-5.0890817037892235,2.968578252594255,9.567644404073972,4.2925699151780545,-7.0281634060988125,4.4061236213157216,3.317650088449601,0.34009743763533135,3.6811647859096026,3.408079965349276,-2.4855043991781813,8.233282630353443,-0.27317945409805017,-2.6179056911949994,-7.953293327704832,2.703490354792759,-4.856103859216069,-5.11951449292288,2.989580980625297,11.236396172350664,-0.45041827093845627,-7.045098522475986
0.30235680522980746,-2.825291663835835,0.7669753768464729,-1.1771386361174787,0.5588568467587499,3.634780275878677,-3.7119938882984225,1.8460111817917106,0.1435742483081305,-0.031402709836404266,-0.07234876781677729,1.914492171638693,2.654067863532659,2.0431449129776085,-2.3353401533241644,-0.07672640117460615,-3.103970998338898,1.784809136939688,4.095394897083463,-0.7583461215844003,-1.4168000024216436,0.5756588801290798,2.1333173353073542,0.4407846915355419,-3.7447970603979175,-2.621737902301711,3.4415935326231555,-2.768664312467641,-0.8569925263217453,-0.4264356463476724,-1.272857829692361,-1.0265189238676165,0.7387441222310379,-2.444450205048653,-0.5660197849165347,1.371466146964476,3.1871523479325488,0.06206220631184457,3.846005645628655,2.2079874304604683,-1.9697469168898192,-4.740924663517608,-0.8381624350653867,2.5569859029983832
0.9005175570698627,-6.570466402271679,1.8819375071913258,-2.96200973678362,1.2615778659157086,8.42255104411858,-8.858317325564908,4.088219405710464,0.4554147446329304,-0.009302852858666454,-0.29843958917475005,4.814655759225376,6.387455262978655,4.983903747485283,-5.938609192026376,-0.44516124272210955,-7.918800735379711,4.095394897083463,9.848387445364803,-2.302290469281777,-3.484535844504352,1.4264441476997927,5.05761712738955,0.8130560754181909,-9.045931669768516,-6.179654215969715,8.211710659042597,-6.723534635603507,-2.2739308865919963,-0.8949627368760071,-3.031540669123298,-2.53736604753993,1.9589777884056356,-6.187668856603892,-1.2254588300236182,3.3660407536254717,7.827718273434207,-0.11251428335889202,9.098388627487898,5.494585137704157,-4.666204361980997,-11.475654197590295,-1.695009415057352,6.428940699925612
-0.7543396844540237,-0.055019464853491754,-0.7573359446421923,1.4259126798528248,-0.05419846075553734,0.7178315564323172,1.3307367949423685,0.6876874997945761,-1.1766080203031968,1.1142602853447903,0.14622712022144646,-1.85378555734586,-2.297888222969565,-2.4093302906383545,3.4627702708541452,1.420086452166857,5.327914468351756,-0.7583461215844003,-2.302290469281777,2.7887331923119554,1.4620772537643674,-0.1215164365115461,-1.6664934523704689,1.8588511281557045,3.4342182157832997,1.0592961772337377,-2.1248043594417596,1.0596303102727695,1.5021052326452555,-0.10739879783563508,1.3835071979979787,1.2728143153765168,-1.1059480236481511,3.379622410214455,-0.4336869357992864,-0.8113671483877722,-2.840393771803604,1.6549687146869965,-0.7681401878715738,-1.7402824904356142,0.6399764002851602,3.8240473887624744,-0.7124951493019619,-2.672711911144523
-0.4686150273462214,1.8194415531325745,-0.7701536960937613,1.299788387989069,-0.3830748553657121,-2.1288701663795386,2.9183415351372366,-0.9891645139607239,-0.47587330955895457,0.3703678387162499,0.11283144128901565,-1.9544611024268077,-2.584220867569796,-2.2156121961308166,2.7547275958467643,0.5724347641706248,3.927977688032101,-1.4168000024216436,-3.484535844504352,1.4620772537643674,1.4529002301412013,-0.4336036129614727,-2.007405119496729,0.3830850728500427,3.639894550340354,2.0819959416926306,-2.981154751548904,2.1919235117723583,1.08102835939981,0.25217647922525444,1.3073566397552747,1.159179995390608,-0.8639747205424537,2.82665097873116,0.18103594612862478,-1.1605236479224679,-3.0939290565133652,0.5292065211379245,-2.7723760045212615,-2.0639405160812716,1.5066659847752752,4.434047971506479,0.27884774484170766,-2.6159517602786213
0.08612751228881137,-1.1460569917661017,0.2415014563261232,-0.3603429984100763,0.2092647763217773,1.5571884864851753,-1.4133787880977235,0.7781676953154266,-0.06721770046594247,0.16413781890206583,-0.08303650351890847,0.649867423589967,0.8434588278724406,0.5807239522494504,-0.6702907605377817,0.04954131868527121,-0.7446552269643695,0.5756588801290798,1.4264441476997927,-0.1215164365115461,-0.4336036129614727,0.2573631978400768,0.6654609231923538,0.3754476635058076,-1.137482405190971,-0.9578215362958147,1.1368408057540562,-1.0592017725190783,-0.22828325763679405,-0.1405690545096583,-0.3360920937689048,-0.29846991584282445,0.22744063860710054,-0.7020124700076755,-0.24368501074152923,0.4915495228730022,1.03274933804236,0.15530498692585634,1.5054647008706372,0.7733743006596443,-0.7320169283242355,-1.5142623479890178,-0.33924113612180534,0.8281094407684328
0.5101219692452251,-2.9406227594573022,1.0734208111206438,-1.7919547495266528,0.666069597372156,3.5891137099584784,-4.418339863745012,1.851709296425596,0.4743439573594751,-0.4254092805422382,-0.17301488386314592,2.7056625564628636,3.7634681938258034,3.1063264382909415,-3.6598928899753274,-0.6286582736349025,-5.0890817037892235,2.1333173353073542,5.05761712738955,-1.6664934523704689,-2.007405119496729,0.6654609231923538,2.956738481150187,-0.20940566757984233,-5.136668614336594,-3.1871697373323173,4.275421346805652,-3.2453041293409592,-1.3677661534131034,-0.46529731774115335,-1.8149310345707284,-1.6193942898597158,1.100985698774693,-3.7701730430166385,-0.3633615919039793,1.6169940186484404,4.316039271066735,-0.46242875296603186,4.298895838162453,2.876113565478994,-2.2730913519660967,-6.2691686426021676,-0.7090869307167755,3.5170987846541837
-0.42446596870508846,-2.212800922779786,-0.1544879486033586,0.5306662952327716,0.3321896645645421,3.4875439017460756,-1.5806891628950839,1.8762796998863918,-1.0087782996525032,1.115677142491935,-0.06435585459376877,-0.38424331543961865,-0.3961459896774601,-0.945489946323175,1.4050770136665476,1.2643613317338511,2.968578252594255,0.4407846915355419,0.8130560754181909,1.8588511281557045,0.3830850728500427,0.3754476635058076,-0.20940566757984233,2.2920618555985275,0.6349460073624571,-0.9514014782426669,0.43690746344825593,-1.1395116512736272,0.7164322248182787,-0.2801423000911927,0.4972246821863347,0.6168471117944007,-0.38673431352907456,1.4051224289281588,-0.8550755583707151,0.3412154155621564,-0.32822869360511064,1.5306318020056793,2.2582518339619218,0.03704679715872655,-0.8575745718061931,0.2650069132165746,-1.200788201344225,-0.5511161225248864
-1.0647295348235881,5.001248298366092,-1.9357851185017316,3.2209203448510264,-1.0699571595775619,-5.967337598347795,7.648154837412675,-2.856550303232354,-1.1103365250835386,0.9126696649866775,0.2776302210797334,-4.836044014901037,-6.5709941596504144,-5.519413660737774,6.781933458475082,1.2353997980735907,9.567644404073972,-3.7447970603979175,-9.045931669768516,3.4342182157832997,3.639894550340354,-1.137482405190971,-5.136668614336594,0.6349460073624571,9.319611516260206,5.520463554022898,-7.703576540026201,5.729481064179729,2.655528398200992,0.709641132615765,3.313402909325664,2.834917249829088,-2.1109900957406666,6.905823720017729,0.6583182369502779,-3.009791467709914,-7.816233356910191,1.126064875692976,-7.456704348855651,-5.238701517372012,4.0041752548615355,11.359483906294852,1.0023505992725814,-6.550212465816244
-0.4080048766270087,4.476115113693709,-1.149763265156887,1.7464898664581894,-0.9130678968711631,-5.852398026520056,5.83018119111465,-2.986370366620172,-0.08927227155763069,-0.0820139091040577,0.2663076746751807,-2.8722837012456197,-4.015259068064277,-3.0037828157848994,3.4903777350195315,0.10552820483656934,4.2925699151780545,-2.621737902301711,-6.179654215969715,1.0592961772337377,2.0819959416926306,-0.9578215362958147,-3.1871697373323173,-0.9514014782426669,5.520463554022898,4.125137141124896,-5.077985482046955,4.293768388038709,1.2274189543256515,0.6024981092456547,1.8046116343803875,1.4925464156953479,-1.1069731512709173,3.5563859838836596,0.891617414795785,-2.0733881635144207,-4.753703838660845,-0.19786374568875484,-6.081239583055529,-3.3506792322135834,3.036770376035602,7.015411155837787,1.3603697079651473,-3.786684137607596
0.8073459253037613,-5.289316168545094,1.6020507388492662,-2.531035379731425,1.0043131921369803,6.6841795528085965,-7.277706716774686,3.219409907262908,0.5144558022903791,-0.1787907517529953,-0.18662573735787175,4.069261249028449,5.393109357861748,4.294837856157377,-5.18162938463031,-0.45825064201776705,-7.0281634060988125,3.4415935326231555,8.211710659042597,-2.1248043594417596,-2.981154751548904,1.1368408057540562,4.275421346805652,0.43690746344825593,-7.703576540026201,-5.077985482046955,6.941570968802259,-5.500964599928507,-1.9822182052922943,-0.74506604552061,-2.6380216902972955,-2.1858987488451396,1.675686103608521,-5.3936452040780045,-0.9461708091777468,2.804623685728352,6.644283505099706,-0.2705094289843389,7.380860048345837,4.592060431131477,-3.8384261251658973,-9.712425892785527,-1.2982638208914568,5.489932750222444
-0.5176038072596032,4.927310793437152,-1.2061163078208132,1.8275187288549606,-0.9223671192800974,-6.518974352562138,6.2790987702661525,-3.150751772481236,0.010037662153348418,-0.41767074121747333,0.24549760623401762,-3.1361432227123824,-4.076293851219642,-3.014045771797239,3.5106967517433447,5.564860702843571e-4,4.4061236213157216,-2.768664312467641,-6.723534635603507,1.0596303102727695,2.1919235117723583,-1.0592017725190783,-3.2453041293409592,-1.1395116512736272,5.729481064179729,4.293768388038709,-5.500964599928507,4.848555224562081,1.3458735707265879,0.6408111847428952,1.8173890216069633,1.5135355989792643,-1.263100530218997,3.73211023792551,1.0080767403269526,-2.3423572735768525,-5.105270222191824,-0.35051726774683595,-6.6268245659405,-3.700464175753677,3.293108265940992,7.470818054896967,1.3978991299342622,-4.107347386119159
-0.4369123424635353,0.8160712521581156,-0.5644206252449924,1.0019042540874226,-0.18559294780429367,-0.7679523793408303,1.6900680837222914,-0.20833318903423498,-0.556200670213877,0.47452625746854626,0.08708946477633096,-1.412508918972929,-1.8026722433775422,-1.6729831189662576,2.2346073790977523,0.6562432325102977,3.317650088449601,-0.8569925263217453,-2.2739308865919963,1.5021052326452555,1.08102835939981,-0.22828325763679405,-1.3677661534131034,0.7164322248182787,2.655528398200992,1.2274189543256515,-1.9822182052922943,1.3458735707265879,0.9637930895890273,0.08114971672121797,0.9846655908961919,0.8580870037004258,-0.7424897696613253,2.253776846445543,-0.030418652783499266,-0.7882665385458862,-2.2385510816203262,0.7233330058322307,-1.495007736688422,-1.4553240801338048,0.8707114727839834,3.1374027732906535,-0.075128266682745,-1.9729204766504957
0.021414153051780762,0.7703078555871046,-0.12970054118176977,0.20458893199750042,-0.15465721015273595,-1.059678162021998,0.8816505527158475,-0.6075832302622288,0.10999518837260297,-0.08611933230742196,-0.01345717303354239,-0.34590965582541705,-0.5462175108098606,-0.35519432703357,0.29524919869282096,-0.13968894961982997,0.34009743763533135,-0.4264356463476724,-0.8949627368760071,-0.10739879783563508,0.25217647922525444,-0.1405690545096583,-0.46529731774115335,-0.2801423000911927,0.709641132615765,0.6024981092456547,-0.74506604552061,0.6408111847428952,0.08114971672121797,0.17345252065469782,0.21922289357251806,0.17079275179193876,-0.06263972956315339,0.3594643082390246,0.16862421053089297,-0.259732102079993,-0.5945597839602921,-0.197291454994406,-0.9497379604264107,-0.39586390060717497,0.4692169512221367,0.9257706659319187,0.33536333674364943,-0.4100425609856139
-0.4157791720434343,1.465424291482246,-0.6912026054664977,1.166333602495552,-0.3298449745739533,-1.6343796502980357,2.454579159242033,-0.7779633386902542,-0.5204206907156893,0.47931803871443757,0.0638006447173737,-1.707994987912264,-2.3258471676151915,-2.0349045542722957,2.5128642256993525,0.5649282407689062,3.6811647859096026,-1.272857829692361,-3.031540669123298,1.3835071979979787,1.3073566397552747,-0.3360920937689048,-1.8149310345707284,0.4972246821863347,3.313402909325664,1.8046116343803875,-2.6380216902972955,1.8173890216069633,0.9846655908961919,0.21922289357251806,1.2298585449339512,1.0640199398355188,-0.7617236440036147,2.556683922992487,0.1346989618987694,-0.9973164740093597,-2.7422978629327246,0.5695253299253548,-2.2983052359956333,-1.7962482774296007,1.285673526752915,3.9752158628750776,0.21211634872376628,-2.3257736031460103
-0.40896691511689476,1.1010966158270141,-0.6143622194318304,1.0850320491474448,-0.26700027606629956,-1.1927011492311153,2.0554316505405104,-0.60955369761433,-0.4657401697602577,0.36478658479675263,0.0915268950713666,-1.6206726645112697,-2.1024546936634025,-1.8713367629995445,2.2312922621609705,0.6485286493114502,3.408079965349276,-1.0265189238676165,-2.53736604753993,1.2728143153765168,1.159179995390608,-0.29846991584282445,-1.6193942898597158,0.6168471117944007,2.834917249829088,1.4925464156953479,-2.1858987488451396,1.5135355989792643,0.8580870037004258,0.17079275179193876,1.0640199398355188,1.075565062811168,-0.6675099732555844,2.3345813992137274,-0.002427054603404288,-0.8011262190651146,-2.383960847501822,0.5535191441610098,-1.8106186977976815,-1.5952287214667442,1.0417596746549818,3.4081759611860925,0.043366881178365096,-2.043271905931525
0.3541261121657726,-0.877724405936714,0.4694290669945933,-0.7797103577396765,0.1885909896352226,0.9551331540633278,-1.5679722049565863,0.3142250241378787,0.37038496484070604,-0.24927843450216414,-0.09466242186041213,1.1691883106580618,1.4467605482891859,1.3077184807879663,-1.7411703730229289,-0.46995869579552724,-2.4855043991781813,0.7387441222310379,1.9589777884056356,-1.1059480236481511,-0.8639747205424537,0.22744063860710054,1.100985698774693,-0.38673431352907456,-2.1109900957406666,-1.1069731512709173,1.675686103608521,-1.263100530218997,-0.7424897696613253,-0.06263972956315339,-0.7617236440036147,-0.6675099732555844,0.6330548062196961,-1.7729204153815659,-0.04047407265826209,0.7087983995496241,1.8567844223374983,-0.46643977595662883,1.4606661568242423,1.2529552206062708,-0.7923559377140494,-2.569425439615777,-0.01643087940007472,1.6000906219634672
-1.0326548030437517,2.675294820888276,-1.4922282153987139,2.592531592430765,-0.5935823881376763,-2.842900710938245,4.988676930515176,-1.1926841172851539,-1.1772178115746346,1.016364551106907,0.22405224131047113,-3.787424800857099,-4.9181984876304154,-4.426022975234338,5.6959525343899235,1.4895451616625845,8.233282630353443,-2.444450205048653,-6.187668856603892,3.379622410214455,2.82665097873116,-0.7020124700076755,-3.7701730430166385,1.4051224289281588,6.905823720017729,3.5563859838836596,-5.3936452040780045,3.73211023792551,2.253776846445543,0.3594643082390246,2.556683922992487,2.3345813992137274,-1.7729204153815659,5.811751629664668,0.0017826685749308502,-2.0511620429208266,-5.903062042293924,1.5072264507141355,-4.431821878385142,-3.819289858397898,2.5029148821956584,8.257423368454699,0.09284252261324458,-5.06690159819309
0.055854178525725856,1.3766674576676625,-0.1130133311822759,0.060028152556406304,-0.22043788621425156,-1.9764547468801803,1.3023285538918727,-1.0038980690899741,0.24817455232999697,-0.35815176165160534,0.012404592900743742,-0.2695428356815342,-0.3973371165189929,-0.08609782266781502,-0.01486453238835656,-0.4271270118040514,-0.27317945409805017,-0.5660197849165347,-1.2254588300236182,-0.4336869357992864,0.18103594612862478,-0.24368501074152923,-0.3633615919039793,-0.8550755583707151,0.6583182369502779,0.891617414795785,-0.9461708091777468,1.0080767403269526,-0.030418652783499266,0.16862421053089297,0.1346989618987694,-0.002427054603404288,-0.04047407265826209,0.0017826685749308502,0.483009718066647,-0.46803907858721205,-0.5858052510249023,-0.5190542657446676,-1.6285830309958709,-0.5443564425487338,0.7526854166945259,1.0322370584815956,0.5724426319867251,-0.4225664996408863
0.34963300649306633,-2.2724936136452065,0.6343722442776556,-0.9614523955376949,0.40257510623425685,2.9217077602720742,-3.0096586903613263,1.3300728776242337,0.17122959090468,0.06635434853957872,-0.10119732912942998,1.6184452454361524,2.0474595358804506,1.5922700384668154,-1.973433082371926,-0.12222407059190446,-2.6179056911949994,1.371466146964476,3.3660407536254717,-0.8113671483877722,-1.1605236479224679,0.4915495228730022,1.6169940186484404,0.3412154155621564,-3.009791467709914,-2.0733881635144207,2.804623685728352,-2.3423572735768525,-0.7882665385458862,-0.259732102079993,-0.9973164740093597,-0.8011262190651146,0.7087983995496241,-2.0511620429208266,-0.46803907858721205,1.2123393132264497,2.6544578477846366,-0.031420510820149974,3.1396463332628834,1.914303133659816,-1.6029452327903193,-3.880040789076466,-0.532352312732585,2.224262542909435
0.9577051062109405,-4.4805276182556275,1.6596717251212763,-2.722188625420146,0.9083259491996954,5.440263891473851,-6.747520926186279,2.529908416609252,0.8259475337891831,-0.5326735687104569,-0.2642210253280392,4.208187932177106,5.531935076331016,4.621085486513905,-5.73734846621233,-0.9841182201284476,-7.953293327704832,3.1871523479325488,7.827718273434207,-2.840393771803604,-3.0939290565133652,1.03274933804236,4.316039271066735,-0.32822869360511064,-7.816233356910191,-4.753703838660845,6.644283505099706,-5.105270222191824,-2.2385510816203262,-0.5945597839602921,-2.7422978629327246,-2.383960847501822,1.8567844223374983,-5.903062042293924,-0.5858052510249023,2.6544578477846366,6.7355634049675235,-0.8348621685942343,6.587519477816338,4.564387908511475,-3.4884913343192663,-9.65962642113507,-0.852925317325787,5.636815836732152
-0.38967487553577707,-1.1131117882856725,-0.25783331854998703,0.5807347979839272,0.15632130742494046,1.9201848745221797,-0.45574513472609046,1.1340450507343085,-0.8087072503089376,0.8842486468767626,0.033122751847979005,-0.5796309948021409,-0.712500387314105,-1.0174926873954038,1.610458485702149,0.9654344750193535,2.703490354792759,0.06206220631184457,-0.11251428335889202,1.6549687146869965,0.5292065211379245,0.15530498692585634,-0.46242875296603186,1.5306318020056793,1.126064875692976,-0.19786374568875484,-0.2705094289843389,-0.35051726774683595,0.7233330058322307,-0.197291454994406,0.5695253299253548,0.5535191441610098,-0.46643977595662883,1.5072264507141355,-0.5190542657446676,-0.031420510820149974,-0.8348621685942343,1.2057277312082146,0.9256102064309525,-0.36933768739495415,-0.27824664611314665,1.005606727714689,-0.7707020612986422,-0.9219115452906889
0.4740947860529775,-7.2142974244538465,1.5439869083786657,-2.234503426785916,1.364136077621372,9.693334388404146,-8.80772786813422,4.859588857978479,-0.2928147586468631,0.7233500325315642,-0.3592075533512239,3.93337419023065,5.355727786638863,3.7423381662851343,-4.248312147453678,0.40627280393855275,-4.856103859216069,3.846005645628655,9.098388627487898,-0.7681401878715738,-2.7723760045212615,1.5054647008706372,4.298895838162453,2.2582518339619218,-7.456704348855651,-6.081239583055529,7.380860048345837,-6.6268245659405,-1.495007736688422,-0.9497379604264107,-2.2983052359956333,-1.8106186977976815,1.4606661568242423,-4.431821878385142,-1.6285830309958709,3.1396463332628834,6.587519477816338,0.9256102064309525,9.480364578584744,4.81191736849565,-4.633412876844863,-9.793691533178833,-2.319300331473603,5.186242498381799
0.6631096157433908,-3.345780196157944,1.1184382604895595,-1.7968135945813892,0.64254647592371394,4.18323825855048,-4.7978125567593235,1.9370613075469305,0.46807632276043326,-0.10903580664066866,-0.20535504045975805,2.901374214747709,3.685063589659079,3.000638588638083,-3.6663718674655703,-0.5592258142815492,-5.11951449292288,2.2079874304604683,5.494585137704157,-1.7402824904356142,-2.0639405160812716,0.7733743006596443,2.876113565478994,0.03704679715872655,-5.238701517372012,-3.3506792322135834,4.592060431131477,-3.700464175753677,-1.4553240801338048,-0.39586390060717497,-1.7962482774296007,-1.5952287214667442,1.2529552206062708,-3.819289858397898,-0.5443564425487338,1.914303133659816,4.564387908511475,-0.36933768739495415,4.81191736849565,3.239544088249552,-2.5173247946327537,-6.614775132099332,-0.6453865211875375,3.8545944815166338
-0.314933467132793,3.4705533825941375,-0.8250100052350129,1.237255019638735,-0.6493415103049456,-4.5879617865422,4.376174973165708,-2.2881653316383916,-0.0031282998327033214,-0.22194142026706962,0.15037553494828218,-2.113894179263339,-2.84231153052688,-2.07765909254413,2.3974122904219244,-0.0639866954420011,2.989580980625297,-1.9697469168898192,-4.666204361980997,0.6399764002851602,1.5066659847752752,-0.7320169283242355,-2.2730913519660967,-0.8575745718061931,4.0041752548615355,3.036770376035602,-3.8384261251658973,3.293108265940992,0.8707114727839834,0.4692169512221367,1.285673526752915,1.0417596746549818,-0.7923559377140494,2.5029148821956584,0.7526854166945259,-1.6029452327903193,-3.4884913343192663,-0.27824664611314665,-4.633412876844863,-2.5173247946327537,2.320736307877438,5.1910052989150035,1.0316558815058243,-2.8149968493774926
-1.3005614993087942,6.7438612704346435,-2.3710499726972367,3.8717032595395713,-1.3640720713082108,-8.269219457248447,9.869037699835136,-3.9442676214461083,-1.1396980048052574,0.716341140570093,0.3346506896882001,-6.003684133625623,-7.989143540955635,-6.58303998732776,8.014111034820395,1.2401061865412215,11.236396172350664,-4.740924663517608,-11.475654197590295,3.8240473887624744,4.434047971506479,-1.5142623479890178,-6.2691686426021676,0.2650069132165746,11.359483906294852,7.015411155837787,-9.712425892785527,7.470818054896967,3.1374027732906535,0.9257706659319187,3.9752158628750776,3.4081759611860925,-2.569425439615777,8.257423368454699,1.0322370584815956,-3.880040789076466,-9.65962642113507,1.005606727714689,-9.793691533178833,-6.614775132099332,5.1910052989150035,14.072472385650348,1.4262265113884283,-8.083270022405223
0.20604173820332844,1.9612296244811196,-0.17235528882888906,0.15074628485237448,-0.4100195292987405,-2.8216023047916123,1.9360166371510918,-1.5844360042546508,0.46709749245112037,-0.3977087917816991,0.047430220217584536,-0.3712489315174089,-0.7940767284473382,-0.29604368910652157,0.06814653168713947,-0.5849887948697831,-0.45041827093845627,-0.8381624350653867,-1.695009415057352,-0.7124951493019619,0.27884774484170766,-0.33924113612180534,-0.7090869307167755,-1.200788201344225,1.0023505992725814,1.3603697079651473,-1.2982638208914568,1.3978991299342622,-0.075128266682745,0.33536333674364943,0.21211634872376628,0.043366881178365096,-0.01643087940007472,0.09284252261324458,0.5724426319867251,-0.532352312732585,-0.852925317325787,-0.7707020612986422,-2.319300331473603,-0.6453865211875375,1.0316558815058243,1.4262265113884283,0.9973551746057001,-0.44207924090421036
0.918935765281121,-3.440977874983169,1.3916914275095662,-2.312231911403028,0.652944671020299,4.075515122486645,-5.386121994090009,1.7866510052021722,0.870472471564641,-0.527422832930089,-0.2134261799160861,3.570890514680529,4.546762361731664,3.8788087448653954,-4.947830637941149,-0.9727841032919545,-7.045098522475986,2.5569859029983832,6.428940699925612,-2.672711911144523,-2.6159517602786213,0.8281094407684328,3.5170987846541837,-0.5511161225248864,-6.550212465816244,-3.786684137607596,5.489932750222444,-4.107347386119159,-1.9729204766504957,-0.4100425609856139,-2.3257736031460103,-2.043271905931525,1.6000906219634672,-5.06690159819309,-0.4225664996408863,2.224262542909435,5.636815836732152,-0.9219115452906889,5.186242498381799,3.8545944815166338,-2.8149968493774926,-8.083270022405223,-0.44207924090421036,4.864952705466356
