V1,V2,V3,V4,V5,V6,V7,V8,V9,V10,V11,V12,V13,V14,V15,V16,V17,V18,V19,V20,V21,V22,V23,V24,V25,V26,V27,V28,V29,V30,V31,V32,V33,V34,V35,V36,V37,V38,V39,V40,V41,V42,V43,V44
0.7577764164042446,2.2597978722973857,0.20261675055781414,-0.8147359602855105,-0.6804033292290284,-3.82131994488863,1.4532978959740668,-2.008078901901758,1.1939142441722839,-1.3643446513686754,0.01598314004382028,0.4499185719848486,0.8643275760482796,1.2029115267421953,-2.3530759608372347,-1.4867269485493604,-3.9187680154064704,-0.31160472713952575,-0.29291622261937444,-2.2626631219369897,-0.8756438642730325,-0.1735588058460444,0.48479957874213003,-2.783321867310639,-1.0408910439003736,0.906371438232252,-0.21333951320291591,1.1876749750643358,-0.92476662378481,0.2926620363143874,-0.7049991340430881,-0.7903082341639793,0.3451923524424491,-2.2476398153093657,0.9833015274066915,-0.24857184602239407,0.8223736364715679,-1.9600420571074375,-2.189950074411138,0.013469559027905215,0.9693915388120057,-0.6590071097259501,1.6185258302980514,1.0681459630399959
2.2597978722973857,9.518260600213651,1.2613519422078556,-3.261356562458714,-1.3134351137126818,-15.021332744215801,5.587943153857494,-8.515562986177846,5.031963273524651,-5.5580941999665905,0.19240356936836023,3.0313093500359996,3.055099497385202,5.781857488048042,-8.367441000069,-6.235894689614646,-15.659300835181053,-1.3238582131874,-2.254631454273772,-9.810585169465266,-2.3991987976194404,-1.6923526921837073,1.8210118741594865,-10.293867815860468,-4.879233053390605,3.0538907134549125,-0.6741626583152031,4.320250919098087,-4.028216039965407,1.5907803521204043,-2.8044363754869908,-2.89651564068051,2.5610147453481007,-8.014786296392387,3.892056060579322,-1.0747265505371457,3.2037662344382074,-7.667918486542661,-8.865197021225258,0.8159305154397535,3.017240184882563,-3.610237789718601,5.488567246104904,4.072171748826162
0.20261675055781414,1.2613519422078556,0.2672249162637111,-0.4448122452528848,0.06385809290752396,-1.793811624245684,0.6926095594318961,-1.087822489203964,0.6625625390263975,-0.7060902873540869,0.07088618279376195,0.6342211006568184,0.3805557143722421,0.9568387781532126,-0.8270926539482549,-0.894038264057691,-1.943708991170321,-0.15016110362027768,-0.461686576669204,-1.348452232262531,-0.1116403247728609,-0.3756280816037546,0.220463299073121,-1.0791404332580967,-0.7332956382815201,0.22875586256131897,-0.12619673054234937,0.49502173084059864,-0.5272187293979638,0.34040875114351776,-0.3395871994621346,-0.2802839234942599,0.5370919647680055,-0.815345231043795,0.4689726821363969,-0.21052940107646445,0.4186986941214035,-0.9429294895626971,-1.0783907802115547,0.20482154628788002,0.20657601944174012,-0.6793930561185944,0.5131667664829214,0.47814753213068134
-0.8147359602855105,-3.261356562458714,-0.4448122452528848,1.6137452063138549,0.8270212000490796,4.9436825848067105,-1.7349399989241152,2.5723794597039116,-1.7310026964716376,1.9716484707610322,-0.483918580818374,-1.0984794664995208,-1.1769502664023745,-1.9669927605608193,3.0208017261506894,1.9373719329075076,4.994892466688945,0.08799696615914546,0.4692113062593341,3.065054998670734,0.6662661732465072,0.7244322220583898,-0.6708952571334497,3.4516710668638058,1.6532091013039143,-0.7510452979162928,0.27769515064260664,-1.6247341516490454,1.4014458199291897,-0.6304697408977932,0.7194954390618553,0.4824239412059918,-0.4670809254248263,2.79051224635392,-1.5457637223894485,0.6249671053409618,-1.0844542300394215,3.013660340882964,2.6555541644480005,0.0991446864222659,-1.0111287336866035,1.322615742251269,-1.864918055098892,-1.2732148297056025
-0.6804033292290284,-1.3134351137126818,0.06385809290752396,0.8270212000490796,1.3244410279012895,2.4774446116952227,-0.8020597706079207,0.9389345532432913,-0.6828465719346762,0.9233125670815274,-0.35490254200136717,0.3181855440818266,-0.544163747345227,-0.1428227827246291,2.228812258733963,0.4820600318159762,2.2591892489253866,-0.11455721086163993,-0.42638097091401933,1.0383367007093924,0.751140888902441,-0.0796301597330646,-0.29419007806529707,2.1858714523813005,0.31377850057784284,-0.7335647713372934,-0.07014656433222154,-0.9522233299880926,0.5260604611852298,0.13478609934376148,0.2793129864717361,0.19699204655989366,0.6196175063931801,1.9202932357400904,-0.9346491007598867,0.1691359349521418,-0.4434802712498687,1.7115058674391308,1.178460755680245,0.5632096457804752,-0.9740298531833463,-0.02253545570752762,-1.456233725995908,-0.6676223756273635
-3.82131994488863,-15.021332744215801,-1.793811624245684,4.9436825848067105,2.4774446116952227,24.605261027841276,-9.120127194653358,13.70522672129841,-8.168748023970439,9.032615353867872,-0.04914200639187949,-4.11617790537871,-4.864440196395063,-8.611477605790878,14.079942590950095,10.028383068259561,25.399475479736775,2.4286124777367966,3.241343956774523,15.873593152429399,4.217893268101809,2.251348313873613,-2.8569730742532617,17.235983366050526,7.539355925289552,-5.3371621698021805,0.8792856010157272,-6.923684197660822,6.412020327271686,-2.1651629989691688,4.711927376078089,5.238400197374792,-3.6789009730969964,13.468936351876678,-6.3745549102579435,1.4098509795001988,-5.224293208249977,12.4959371446153,14.478580327358692,-1.263471186731947,-5.368156857321427,5.20683601519787,-9.18184274748374,-6.676330357606753
1.4532978959740668,5.587943153857494,0.6926095594318961,-1.7349399989241152,-0.8020597706079207,-9.120127194653358,3.504474352465983,-5.1518548891543885,2.9899291343877925,-3.331544735293619,-0.08961265897266071,1.5795111223208742,1.8698495966930193,3.3423204774481445,-5.065509916550078,-3.8367219414762475,-9.50098593609661,-0.9684273618669845,-1.3072939168357665,-5.929273298704782,-1.654410019055803,-0.7939293633703205,1.0814193030191235,-6.284441270300786,-2.8503857871700835,1.9979150995542112,-0.46487308708718267,2.589009708401006,-2.348065423238057,0.8822476604991271,-1.8056918936581348,-1.989998206384132,1.528952039170807,-4.907956890865401,2.2410788139771403,-0.5565693189772027,1.9572181482245261,-4.4678863169001115,-5.422519962471891,0.5188106151935219,1.9375534423349214,-2.01651412098196,3.3669376370647126,2.5122586550236905
-2.008078901901758,-8.515562986177846,-1.087822489203964,2.5723794597039116,0.9389345532432913,13.70522672129841,-5.1518548891543885,7.954346415419377,-4.53636322982638,5.012604845370664,0.1380733975501134,-2.5947525600607473,-2.6659486326186395,-5.191169148123211,7.478398111793757,5.701386143343388,14.333825644258388,1.463253301422408,2.160978521879766,8.996790967295999,2.36549917339484,1.3898065086370799,-1.6223261411455454,9.343498193795831,4.440091099088497,-2.9899516654629785,0.5781317929399561,-3.820641793041455,3.628866620660248,-1.3332227304073205,2.72910896129964,2.970703217039782,-2.5301666659340487,7.2699886330714465,-3.3397772951327607,0.7773226334526404,-2.924033556472205,6.603403144141674,8.254974040149623,-0.9378394425637838,-2.771335194519545,3.15615839721901,-4.917205221289382,-3.7653830665910775
1.1939142441722839,5.031963273524651,0.6625625390263975,-1.7310026964716376,-0.6828465719346762,-8.168748023970439,2.9899291343877925,-4.53636322982638,2.916793758335055,-3.194018780634461,0.06446749973310521,1.484025062333045,1.623995592581439,2.9338587856012923,-4.673943137564812,-3.439272270929498,-8.391210184181013,-0.7626257867717051,-1.133424373037686,-5.479193155340451,-1.1531939384183756,-0.8906915333641241,0.9165375173920387,-5.65281888289051,-2.667107766304673,1.500671167280766,-0.2837785076738895,2.2854804972236247,-2.230592394455896,0.9032460248049432,-1.5410185566422459,-1.6180510125437855,1.3251890023518897,-4.3082832563209585,2.0952420270134016,-0.47949289515242494,1.764184174911114,-4.4009842047340735,-4.67404749240626,0.5119557254178919,1.68938871701395,-1.9135854654528526,2.907490751547078,2.1731872420810756
-1.3643446513686754,-5.5580941999665905,-0.7060902873540869,1.9716484707610322,0.9233125670815274,9.032615353867872,-3.331544735293619,5.012604845370664,-3.194018780634461,3.6210228455116353,-0.1385401621182808,-1.48615242217185,-1.8209694218612045,-3.2107649795485083,5.30436330359437,3.6881748244189803,9.223168691462428,0.7447359525661148,1.1398693010117533,5.980745202610297,1.3940857567992508,0.9617026440060831,-1.0286138443947512,6.229585733488646,2.9712614875695937,-1.6773676938198845,0.3419464455350461,-2.6394113600879807,2.469889412669882,-0.976944492153104,1.6903570306567348,1.6024403519782484,-1.343407918663373,4.834236877120381,-2.3088409132770757,0.5782795741589409,-1.9449199208533183,4.908619265859656,5.104937119385339,-0.37064771361021454,-1.8966827175813827,2.1096765071397243,-3.2469749205275034,-2.4214450760235438
0.01598314004382028,0.19240356936836023,0.07088618279376195,-0.483918580818374,-0.35490254200136717,-0.04914200639187949,-0.08961265897266071,0.1380733975501134,0.06446749973310521,-0.1385401621182808,0.6944829378579106,0.21985601853016695,-0.05572862950451096,0.015577452635958468,-0.24398954148012464,0.27463336826892487,0.10579225110281665,0.3866732192395765,0.11483063682116587,0.08655495862839606,0.38543741134152604,-0.3486646530825582,-0.05808672165697635,-0.022938325012070136,0.04904032218013295,-0.11037744017898923,0.297333073307341,0.12032584853510962,-0.09208264906977866,0.018570750087878,0.20205799639100824,0.5317628833398284,-0.2632864043027942,-0.23522976978476354,0.40169857061234204,-0.2493244740646883,0.11358021696387793,-0.5714590021534567,0.04732488976206646,-0.3633541145055361,0.004427412329800236,-0.13354613110214367,-7.505057333380056e-4,-0.09343072837246594
0.4499185719848486,3.0313093500359996,0.6342211006568184,-1.0984794664995208,0.3181855440818266,-4.11617790537871,1.5795111223208742,-2.5947525600607473,1.484025062333045,-1.48615242217185,0.21985601853016695,1.9037499135040972,0.9438585047423822,2.490417253693336,-1.6137803763705258,-2.066689649411612,-4.5563795304506085,-0.3469239101188529,-1.211286672984695,-2.9637803229030406,-0.21327980598601598,-0.9692360303839822,0.5697435329837688,-2.401206938969457,-1.7448547737012703,0.5193349880322449,-0.3350974631096977,1.1389931418383656,-1.2748032905894526,0.897966220337552,-0.7341077471888638,-0.6890852894184222,1.4342568097116464,-1.8327047336280067,1.0589760116698999,-0.5905630576264792,1.0460550412638663,-2.0005636560897853,-2.6190886808098237,0.5614501531333387,0.3997034135915302,-1.6793953886030528,1.1049955817670387,1.0689829605087158
0.8643275760482796,3.055099497385202,0.3805557143722421,-1.1769502664023745,-0.544163747345227,-4.864440196395063,1.8698495966930193,-2.6659486326186395,1.623995592581439,-1.8209694218612045,-0.05572862950451096,0.9438585047423822,1.2673673683089386,1.9914608517426808,-2.7340212552060676,-2.16392487986791,-5.067256876003386,-0.41038571297883586,-0.5576602626937437,-3.055222184443974,-1.0290260376209321,-0.39935546295619967,0.7185014885475938,-3.363187598861444,-1.6509662330509383,0.8744080914493702,-0.5489975680894128,1.5329322263245528,-1.2845180090730879,0.6370422916102438,-0.9022698144370925,-0.9261981178451163,0.7086908669054384,-2.621937538508191,1.1797424877688387,-0.4659994964009434,1.051748304267889,-2.4591906143259696,-2.7125687221005985,0.15939539961282886,1.0140593903751578,-1.2166051944877168,1.8372417732884934,1.3524921722125443
1.2029115267421953,5.781857488048042,0.9568387781532126,-1.9669927605608193,-0.1428227827246291,-8.611477605790878,3.3423204774481445,-5.191169148123211,2.9338587856012923,-3.2107649795485083,0.015577452635958468,2.490417253693336,1.9914608517426808,4.235957848308823,-4.182309466426154,-3.9918361144993675,-9.236528689935465,-0.7988295717686151,-1.747259276031229,-5.841527859376366,-1.3301554578332209,-1.2697810662243554,1.2052651061185473,-5.458108196338141,-3.2925848335490104,1.4718872583910607,-0.8220515889978067,2.550223299797268,-2.417123267620363,1.3586320203062083,-1.6752767794103727,-1.5717169653212777,2.1163665920056274,-4.23856757640245,2.034039879228723,-0.8992022473287968,1.9396269441912415,-4.082377791718324,-5.175331392354386,0.7029049727685698,1.3283280527448393,-2.732887578476814,2.7880562700150446,2.376148646926345
-2.3530759608372347,-8.367441000069,-0.8270926539482549,3.0208017261506894,2.228812258733963,14.079942590950095,-5.065509916550078,7.478398111793757,-4.673943137564812,5.30436330359437,-0.24398954148012464,-1.6137803763705258,-2.7340212552060676,-4.182309466426154,8.850872218205906,5.31949372218211,14.256074381305265,1.139373417700533,1.2398169849401457,8.817329757651294,2.563832269656699,1.043515808292364,-1.5799840574488917,10.261545929797524,3.9893831935470287,-3.141446593888251,0.25840257202395317,-4.09644844457056,3.61242869233036,-0.9348966098404429,2.563422505998991,2.751042053541348,-1.3147421942119417,8.106259770772054,-3.8640092684483793,0.6987517554432322,-2.901418368223114,7.662183648093172,7.992907817904674,-0.2550024955973206,-3.4277880655830995,2.5080819540190085,-5.6514377124249,-3.8138465898299194
-1.4867269485493604,-6.235894689614646,-0.894038264057691,1.9373719329075076,0.4820600318159762,10.028383068259561,-3.8367219414762475,5.701386143343388,-3.439272270929498,3.6881748244189803,0.27463336826892487,-2.066689649411612,-2.16392487986791,-3.9918361144993675,5.31949372218211,4.611121275537252,10.54116989043475,1.19147501761398,1.6546579191505084,6.822416812772173,1.6214254725952608,0.9957000568255912,-1.2336002171760911,6.815987222474183,3.355022587371353,-1.9122699581159606,0.7091091146819855,-2.733031685789644,2.640025186055822,-1.197648852674669,2.0210514127854156,2.3382346936367147,-1.9747720118210121,5.137967778004262,-2.4227384332784014,0.6431312353048482,-2.1492264554670863,4.9231551279157415,5.89338252676143,-0.8919769297954446,-1.9489705329408373,2.498793422032562,-3.5141244940516856,-2.747922142046308
-3.9187680154064704,-15.659300835181053,-1.943708991170321,4.994892466688945,2.2591892489253866,25.399475479736775,-9.50098593609661,14.333825644258388,-8.391210184181013,9.223168691462428,0.10579225110281665,-4.5563795304506085,-5.067256876003386,-9.236528689935465,14.256074381305265,10.54116989043475,26.492360836537816,2.6026685733105377,3.6338175286060146,16.535527579926132,4.387316102965902,2.380664969421107,-3.005858605132773,17.645885355305936,7.932513157446588,-5.535086446707515,1.0213909777084904,-7.114974406555453,6.621038250037007,-2.3533253344900675,4.939162589735844,5.524722002189902,-4.180157989952531,13.736730387896639,-6.4344414907527225,1.469658707643518,-5.407375943953893,12.635250120580475,15.113473303232306,-1.5383414920890948,-5.370398312301752,5.599072290562088,-9.442115269770305,-6.973420887371316
-0.31160472713952575,-1.3238582131874,-0.15016110362027768,0.08799696615914546,-0.11455721086163993,2.4286124777367966,-0.9684273618669845,1.463253301422408,-0.7626257867717051,0.7447359525661148,0.3866732192395765,-0.3469239101188529,-0.41038571297883586,-0.7988295717686151,1.139373417700533,1.19147501761398,2.6026685733105377,0.6002295578930436,0.5000540318282428,1.718692958054836,0.49116500602323176,0.052998872840600425,-0.24612642660058673,1.697593773130787,0.6958931875253463,-0.6815039112451307,0.11855442380309163,-0.4719293822361187,0.5562310788093331,-0.12538953175405734,0.6321991679901995,1.0126590594372844,-0.6014649443715393,1.2224208403518837,-0.46969209705606313,-0.055132478167999086,-0.49579760019382185,0.8587535416190436,1.6040902073278802,-0.4650538404939827,-0.5316970622173095,0.3903202836466507,-0.8170664661572405,-0.6971787727361668
-0.29291622261937444,-2.254631454273772,-0.461686576669204,0.4692113062593341,-0.42638097091401933,3.241343956774523,-1.3072939168357665,2.160978521879766,-1.133424373037686,1.1398693010117533,0.11483063682116587,-1.211286672984695,-0.5576602626937437,-1.747259276031229,1.2398169849401457,1.6546579191505084,3.6338175286060146,0.5000540318282428,1.0876931757527313,2.509280375382507,0.23471784933360332,0.6224543150538507,-0.35704735210291577,1.8879427929286108,1.297183575331947,-0.6028621851273396,0.1712645883430158,-0.7573253403295594,0.9304231492279834,-0.5614331662757498,0.7188110781627507,0.805321429593179,-1.2804963210108922,1.3490383572486981,-0.6745149376527524,0.22212950500470882,-0.7464324829042884,1.3473614118135904,2.195274278636766,-0.6404016429180355,-0.3395100423740386,1.1479813700614854,-0.8720054460955372,-0.8871736465433816
-2.2626631219369897,-9.810585169465266,-1.348452232262531,3.065054998670734,1.0383367007093924,15.873593152429399,-5.929273298704782,8.996790967295999,-5.479193155340451,5.980745202610297,0.08655495862839606,-2.9637803229030406,-3.055222184443974,-5.841527859376366,8.817329757651294,6.822416812772173,16.535527579926132,1.718692958054836,2.509280375382507,10.815106611685263,2.308865669789162,1.6988235951070578,-1.7655417479121491,10.888847046399317,5.1407360720251605,-3.186159371944434,0.5513816109963114,-4.284939073894024,4.228533540317225,-1.6269204878187642,3.131059806304304,3.4394581128420123,-2.887471992000368,8.313566137526795,-4.02339968801279,0.8590187909154601,-3.39011903752522,8.140471094660064,9.375711088177578,-1.2241309136631386,-3.1908504812764513,3.7318874235717074,-5.625149924790017,-4.305007495042703
-0.8756438642730325,-2.3991987976194404,-0.1116403247728609,0.6662661732465072,0.751140888902441,4.217893268101809,-1.654410019055803,2.36549917339484,-1.1531939384183756,1.3940857567992508,0.38543741134152604,-0.21327980598601598,-1.0290260376209321,-1.3301554578332209,2.563832269656699,1.6214254725952608,4.387316102965902,0.49116500602323176,0.23471784933360332,2.308865669789162,1.5114994317084678,-0.08670811005948571,-0.6551723502801388,3.1028769364901327,1.18788147729069,-1.2165486563427965,0.49250956597305595,-1.3803957777969815,0.9500510784079165,-0.19153717509553558,0.9006265034711819,1.082375324752626,-0.3518374702477797,2.504216371347652,-0.8449441480812536,0.17458479373241578,-0.7907143327841583,1.6665768303189417,2.4583561388954718,-0.004391486150750445,-1.1207291355020101,0.5806721061330424,-1.8856028465165329,-1.2880431365334417
-0.1735588058460444,-1.6923526921837073,-0.3756280816037546,0.7244322220583898,-0.0796301597330646,2.251348313873613,-0.7939293633703205,1.3898065086370799,-0.8906915333641241,0.9617026440060831,-0.3486646530825582,-0.9692360303839822,-0.39935546295619967,-1.2697810662243554,1.043515808292364,0.9957000568255912,2.380664969421107,0.052998872840600425,0.6224543150538507,1.6988235951070578,-0.08670811005948571,0.6929310833447929,-0.2455367441841956,1.3002565992552915,0.9761664832942833,-0.20695596278592765,0.012212105706483628,-0.6297179008729193,0.7457697019658619,-0.457275567376172,0.3516626404551394,0.12587293515267664,-0.6734289128492662,1.0266128965279886,-0.7105547209760793,0.33887134979329964,-0.5544800488927278,1.3642617876177154,1.3565526702721147,-0.19108701943991407,-0.19375982747448964,0.9609666836186209,-0.5452291730825692,-0.5403113903488502
0.48479957874213003,1.8210118741594865,0.220463299073121,-0.6708952571334497,-0.29419007806529707,-2.8569730742532617,1.0814193030191235,-1.6223261411455454,0.9165375173920387,-1.0286138443947512,-0.05808672165697635,0.5697435329837688,0.7185014885475938,1.2052651061185473,-1.5799840574488917,-1.2336002171760911,-3.005858605132773,-0.24612642660058673,-0.35704735210291577,-1.7655417479121491,-0.6551723502801388,-0.2455367441841956,0.4442522853780278,-1.9679212266730235,-0.9852227893821003,0.570884375425501,-0.32161589206771773,0.9025010942826114,-0.7531724494935731,0.33899279776962765,-0.5397025204667769,-0.5542005448175096,0.4442578595885414,-1.541636882641735,0.6781700253857009,-0.2595292859095894,0.5964103346526949,-1.3550511259874893,-1.6453846117167406,0.10529250822266725,0.5775085085842937,-0.7121930253705085,1.0896736856666818,0.8086935365624136
-2.783321867310639,-10.293867815860468,-1.0791404332580967,3.4516710668638058,2.1858714523813005,17.235983366050526,-6.284441270300786,9.343498193795831,-5.65281888289051,6.229585733488646,-0.022938325012070136,-2.401206938969457,-3.363187598861444,-5.458108196338141,10.261545929797524,6.815987222474183,17.645885355305936,1.697593773130787,1.8879427929286108,10.888847046399317,3.1028769364901327,1.3002565992552915,-1.9679212266730235,12.44909679805069,4.938346711438563,-3.919851565140133,0.4502911618586895,-4.805009191078504,4.396165760601349,-1.2123607023936596,3.252326211617479,3.8219948357761444,-2.0707033296090107,9.720244296002457,-4.607767677970687,0.8278659887281379,-3.5777625428009645,8.902188303755052,10.045459444183383,-0.7337983349120468,-4.059039490752733,3.1823714990537266,-6.727318093686775,-4.6611326197653
-1.0408910439003736,-4.879233053390605,-0.7332956382815201,1.6532091013039143,0.31377850057784284,7.539355925289552,-2.8503857871700835,4.440091099088497,-2.667107766304673,2.9712614875695937,0.04904032218013295,-1.7448547737012703,-1.6509662330509383,-3.2925848335490104,3.9893831935470287,3.355022587371353,7.932513157446588,0.6958931875253463,1.297183575331947,5.1407360720251605,1.18788147729069,0.9761664832942833,-0.9852227893821003,4.938346711438563,2.8195097065313353,-1.2744153093091624,0.57616058227770806,-2.219751755540646,2.1338253126325633,-1.064722004296857,1.470361915846664,1.3671784937513922,-1.5952598934387112,3.76267769997149,-1.7612545736431109,0.6118198331055903,-1.6365080125618219,3.7787783957598173,4.370884186957813,-0.5467530308420439,-1.3029029525337827,2.175479381825472,-2.5126088687447363,-2.071827361911743
0.906371438232252,3.0538907134549125,0.22875586256131897,-0.7510452979162928,-0.7335647713372934,-5.3371621698021805,1.9979150995542112,-2.9899516654629785,1.500671167280766,-1.6773676938198845,-0.11037744017898923,0.5193349880322449,0.8744080914493702,1.4718872583910607,-3.141446593888251,-1.9122699581159606,-5.535086446707515,-0.6815039112451307,-0.6028621851273396,-3.186159371944434,-1.2165486563427965,-0.20695596278592765,0.570884375425501,-3.919851565140133,-1.2744153093091624,1.67346771779685,0.020569090626130247,1.416270949541163,-1.2180068440695566,0.06379010354476924,-1.1016217593643551,-1.4583702689607456,0.6152281485928313,-3.1950271909492343,1.389826358826698,-0.10677848831954043,1.0900650550962592,-2.355999440082944,-3.4044014833609224,0.22198778666146413,1.3827988915921778,-0.6647718501127976,2.221052875999691,1.5079820591343418
-0.21333951320291591,-0.6741626583152031,-0.12619673054234937,0.27769515064260664,-0.07014656433222154,0.8792856010157272,-0.46487308708718267,0.5781317929399561,-0.2837785076738895,0.3419464455350461,0.297333073307341,-0.3350974631096977,-0.5489975680894128,-0.8220515889978067,0.25840257202395317,0.7091091146819855,1.0213909777084904,0.11855442380309163,0.1712645883430158,0.5513816109963114,0.49250956597305595,0.012212105706483628,-0.32161589206771773,0.4502911618586895,0.57616058227770806,0.020569090626130247,0.6609376586016561,-0.4431113950068082,0.2347289599205017,-0.38250027090968025,0.20984806011854049,0.1506227790692657,-0.30537184060093686,0.269828142653199,0.017436639849437205,0.2529573473856653,-0.1447052373776777,0.18620235547122793,0.3889616241737111,-0.06368038630090436,-0.04052090659810884,0.49232479995236494,-0.28239375395132854,-0.3104783450080638
1.1876749750643358,4.320250919098087,0.49502173084059864,-1.6247341516490454,-0.9522233299880926,-6.923684197660822,2.589009708401006,-3.820641793041455,2.2854804972236247,-2.6394113600879807,0.12032584853510962,1.1389931418383656,1.5329322263245528,2.550223299797268,-4.09644844457056,-2.733031685789644,-7.114974406555453,-0.4719293822361187,-0.7573253403295594,-4.284939073894024,-1.3803957777969815,-0.6297179008729193,0.9025010942826114,-4.805009191078504,-2.219751755540646,1.416270949541163,-0.4431113950068082,2.2094431179139966,-1.8288995637520962,0.7261184368141148,-1.245956979623414,-1.1542436713592246,0.8819072542813081,-3.833599567040981,1.7554619240204934,-0.562898433529351,1.4698982710642403,-3.6051245629856026,-3.9440256091109216,0.07694915950721054,1.50959847982682,-1.5610448595152284,2.6891602812746296,1.9085548297963908
-0.92476662378481,-4.028216039965407,-0.5272187293979638,1.4014458199291897,0.5260604611852298,6.412020327271686,-2.348065423238057,3.628866620660248,-2.230592394455896,2.469889412669882,-0.09208264906977866,-1.2748032905894526,-1.2845180090730879,-2.417123267620363,3.61242869233036,2.640025186055822,6.621038250037007,0.5562310788093331,0.9304231492279834,4.228533540317225,0.9500510784079165,0.7457697019658619,-0.7531724494935731,4.396165760601349,2.1338253126325633,-1.2180068440695566,0.2347289599205017,-1.8288995637520962,1.7823716601351578,-0.7138449475122094,1.1866413150162225,1.203832856744881,-1.0951570652777258,3.3913675661930975,-1.6458650737024805,0.4274896923767023,-1.39168930673042,3.3688672447577406,3.7199329793133993,-0.3609842627769289,-1.2953287244908172,1.5513505966687613,-2.2733557855223006,-1.7068801885148577
0.2926620363143874,1.5907803521204043,0.34040875114351776,-0.6304697408977932,0.13478609934376148,-2.1651629989691688,0.8822476604991271,-1.3332227304073205,0.9032460248049432,-0.976944492153104,0.018570750087878,0.897966220337552,0.6370422916102438,1.3586320203062083,-0.9348966098404429,-1.197648852674669,-2.3533253344900675,-0.12538953175405734,-0.5614331662757498,-1.6269204878187642,-0.19153717509553558,-0.457275567376172,0.33899279776962765,-1.2123607023936596,-1.064722004296857,0.06379010354476924,-0.38250027090968025,0.7261184368141148,-0.7138449475122094,0.6641750255473018,-0.384139428468511,-0.21707571040113957,0.7586000932039316,-0.8406549942814631,0.40332091167613754,-0.34144893045304936,0.5475322437384309,-1.1790312878984452,-1.181158784852013,0.24671928964058715,0.19317330737623215,-0.9882403774549517,0.5780088507971811,0.574341087912446
-0.7049991340430881,-2.8044363754869908,-0.3395871994621346,0.7194954390618553,0.2793129864717361,4.711927376078089,-1.8056918936581348,2.72910896129964,-1.5410185566422459,1.6903570306567348,0.20205799639100824,-0.7341077471888638,-0.9022698144370925,-1.6752767794103727,2.563422505998991,2.0210514127854156,4.939162589735844,0.6321991679901995,0.7188110781627507,3.131059806304304,0.9006265034711819,0.3516626404551394,-0.5397025204667769,3.252326211617479,1.470361915846664,-1.1016217593643551,0.20984806011854049,-1.245956979623414,1.1866413150162225,-0.384139428468511,1.0199505960270878,1.2136085179280978,-0.8600087355948216,2.5158105312950685,-1.0927889057672422,0.1755698013273896,-0.992501829151853,2.1592549947497446,2.858953987460912,-0.39820596392733937,-0.9981759423959542,0.9867001598206288,-1.6953836217696507,-1.3247286403258511
-0.7903082341639793,-2.89651564068051,-0.2802839234942599,0.4824239412059918,0.19699204655989366,5.238400197374792,-1.989998206384132,2.970703217039782,-1.6180510125437855,1.6024403519782484,0.5317628833398284,-0.6890852894184222,-0.9261981178451163,-1.5717169653212777,2.751042053541348,2.3382346936367147,5.524722002189902,1.0126590594372844,0.805321429593179,3.4394581128420123,1.082375324752626,0.12587293515267664,-0.5542005448175096,3.8219948357761444,1.3671784937513922,-1.4583702689607456,0.1506227790692657,-1.1542436713592246,1.203832856744881,-0.21707571040113957,1.2136085179280978,1.9334282449020814,-0.9494948365701597,2.855683259426199,-1.1989537428087527,-0.02963863326830737,-1.0751389599498085,2.1294138053949756,3.3285274708568773,-0.7091078178974258,-1.2706609276682403,0.7473974776983064,-1.9810382287233403,-1.4724029206744345
0.3451923524424491,2.5610147453481007,0.5370919647680055,-0.4670809254248263,0.6196175063931801,-3.6789009730969964,1.528952039170807,-2.5301666659340487,1.3251890023518897,-1.343407918663373,-0.2632864043027942,1.4342568097116464,0.7086908669054384,2.1163665920056274,-1.3147421942119417,-1.9747720118210121,-4.180157989952531,-0.6014649443715393,-1.2804963210108922,-2.887471992000368,-0.3518374702477797,-0.6734289128492662,0.4442578595885414,-2.0707033296090107,-1.5952598934387112,0.6152281485928313,-0.30537184060093686,0.8819072542813081,-1.0951570652777258,0.7586000932039316,-0.8600087355948216,-0.9494948365701597,1.6235560421568027,-1.4377921933615725,0.6097723799306881,-0.24077642369180652,0.8912997056678382,-1.4264195576027903,-2.470689102656539,0.8052050491526702,0.34390684103718616,-1.4005654260751323,0.9334979527460471,1.0275698871423524
-2.2476398153093657,-8.014786296392387,-0.815345231043795,2.79051224635392,1.9202932357400904,13.468936351876678,-4.907956890865401,7.2699886330714465,-4.3082832563209585,4.834236877120381,-0.23522976978476354,-1.8327047336280067,-2.621937538508191,-4.23856757640245,8.106259770772054,5.137967778004262,13.736730387896639,1.2224208403518837,1.3490383572486981,8.313566137526795,2.504216371347652,1.0266128965279886,-1.541636882641735,9.720244296002457,3.76267769997149,-3.1950271909492343,0.269828142653199,-3.833599567040981,3.3913675661930975,-0.8406549942814631,2.5158105312950685,2.855683259426199,-1.4377921933615725,7.829335258894913,-3.7255080055376575,0.7454004080124078,-2.866128220776164,6.9621449927960555,7.898850804176995,-0.3312272143768712,-3.2325246966698606,2.4267295783355216,-5.289754159800658,-3.6522513577767843
0.9833015274066915,3.892056060579322,0.4689726821363969,-1.5457637223894485,-0.9346491007598867,-6.3745549102579435,2.2410788139771403,-3.3397772951327607,2.0952420270134016,-2.3088409132770757,0.40169857061234204,1.0589760116698999,1.1797424877688387,2.034039879228723,-3.8640092684483793,-2.4227384332784014,-6.4344414907527225,-0.46969209705606313,-0.6745149376527524,-4.02339968801279,-0.8449441480812536,-0.7105547209760793,0.6781700253857009,-4.607767677970687,-1.7612545736431109,1.389826358826698,0.017436639849437205,1.7554619240204934,-1.6458650737024805,0.40332091167613754,-1.0927889057672422,-1.1989537428087527,0.6097723799306881,-3.7255080055376575,2.0269203091634593,-0.4558882719513321,1.3605341510473954,-3.5865281852072424,-3.6956493421389838,0.12101115696474438,1.4763522828014979,-1.2520171742975277,2.428395958798477,1.6512767940770958
-0.24857184602239407,-1.0747265505371457,-0.21052940107646445,0.6249671053409618,0.1691359349521418,1.4098509795001988,-0.5565693189772027,0.7773226334526404,-0.47949289515242494,0.5782795741589409,-0.2493244740646883,-0.5905630576264792,-0.4659994964009434,-0.8992022473287968,0.6987517554432322,0.6431312353048482,1.469658707643518,-0.055132478167999086,0.22212950500470882,0.8590187909154601,0.17458479373241578,0.33887134979329964,-0.2595292859095894,0.8278659887281379,0.6118198331055903,-0.10677848831954043,0.2529573473856653,-0.562898433529351,0.4274896923767023,-0.34144893045304936,0.1755698013273896,-0.02963863326830737,-0.24077642369180652,0.7454004080124078,-0.4558882719513321,0.3808769413840414,-0.35947916698949955,0.837976101285198,0.7551574410937264,0.09796293173624165,-0.16797614040998277,0.6213318583388446,-0.4360798131485258,-0.36411276073944815
0.8223736364715679,3.2037662344382074,0.4186986941214035,-1.0844542300394215,-0.4434802712498687,-5.224293208249977,1.9572181482245261,-2.924033556472205,1.764184174911114,-1.9449199208533183,0.11358021696387793,1.0460550412638663,1.051748304267889,1.9396269441912415,-2.901418368223114,-2.1492264554670863,-5.407375943953893,-0.49579760019382185,-0.7464324829042884,-3.39011903752522,-0.7907143327841583,-0.5544800488927278,0.5964103346526949,-3.5777625428009645,-1.6365080125618219,1.0900650550962592,-0.1447052373776777,1.4698982710642403,-1.39168930673042,0.5475322437384309,-0.992501829151853,-1.0751389599498085,0.8912997056678382,-2.866128220776164,1.3605341510473954,-0.35947916698949955,1.2280768958907207,-2.6950729356913916,-3.119842911453023,0.2775316005674296,1.1083394272824667,-1.1985179506851844,1.859772879730115,1.3982114297012742
-1.9600420571074375,-7.667918486542661,-0.9429294895626971,3.013660340882964,1.7115058674391308,12.4959371446153,-4.4678863169001115,6.603403144141674,-4.4009842047340735,4.908619265859656,-0.5714590021534567,-2.0005636560897853,-2.4591906143259696,-4.082377791718324,7.662183648093172,4.9231551279157415,12.635250120580475,0.8587535416190436,1.3473614118135904,8.140471094660064,1.6665768303189417,1.3642617876177154,-1.3550511259874893,8.902188303755052,3.7787783957598173,-2.355999440082944,0.18620235547122793,-3.6051245629856026,3.3688672447577406,-1.1790312878984452,2.1592549947497446,2.1294138053949756,-1.4264195576027903,6.9621449927960555,-3.5865281852072424,0.837976101285198,-2.6950729356913916,7.252997301978642,7.001908987400314,-0.3317153167754287,-2.805577255990168,2.682099510893391,-4.719716789349052,-3.2644622636016702
-2.189950074411138,-8.865197021225258,-1.0783907802115547,2.6555541644480005,1.178460755680245,14.478580327358692,-5.422519962471891,8.254974040149623,-4.67404749240626,5.104937119385339,0.04732488976206646,-2.6190886808098237,-2.7125687221005985,-5.175331392354386,7.992907817904674,5.89338252676143,15.113473303232306,1.6040902073278802,2.195274278636766,9.375711088177578,2.4583561388954718,1.3565526702721147,-1.6453846117167406,10.045459444183383,4.370884186957813,-3.4044014833609224,0.3889616241737111,-3.9440256091109216,3.7199329793133993,-1.181158784852013,2.858953987460912,3.3285274708568773,-2.470689102656539,7.898850804176995,-3.6956493421389838,0.7551574410937264,-3.119842911453023,7.001908987400314,8.864222629541112,-0.9509764002170169,-3.0976765654433676,3.036037742879628,-5.348752572062581,-3.9600080632723613
0.013469559027905215,0.8159305154397535,0.20482154628788002,0.0991446864222659,0.5632096457804752,-1.263471186731947,0.5188106151935219,-0.9378394425637838,0.5119557254178919,-0.37064771361021454,-0.3633541145055361,0.5614501531333387,0.15939539961282886,0.7029049727685698,-0.2550024955973206,-0.8919769297954446,-1.5383414920890948,-0.4650538404939827,-0.6404016429180355,-1.2241309136631386,-0.004391486150750445,-0.19108701943991407,0.10529250822266725,-0.7337983349120468,-0.5467530308420439,0.22198778666146413,-0.06368038630090436,0.07694915950721054,-0.3609842627769289,0.24671928964058715,-0.39820596392733937,-0.7091078178974258,0.8052050491526702,-0.3312272143768712,0.12101115696474438,0.09796293173624165,0.2775316005674296,-0.3317153167754287,-0.9509764002170169,0.6590170611110655,0.07171293876888944,-0.45382010487184726,0.23649092531948634,0.35854821755281935
0.9693915388120057,3.017240184882563,0.20657601944174012,-1.0111287336866035,-0.9740298531833463,-5.368156857321427,1.9375534423349214,-2.771335194519545,1.68938871701395,-1.8966827175813827,0.004427412329800236,0.3997034135915302,1.0140593903751578,1.3283280527448393,-3.4277880655830995,-1.9489705329408373,-5.370398312301752,-0.5316970622173095,-0.3395100423740386,-3.1908504812764513,-1.1207291355020101,-0.19375982747448964,0.5775085085842937,-4.059039490752733,-1.3029029525337827,1.3827988915921778,-0.04052090659810884,1.50959847982682,-1.2953287244908172,0.19317330737623215,-0.9981759423959542,-1.2706609276682403,0.34390684103718616,-3.2325246966698606,1.4763522828014979,-0.16797614040998277,1.1083394272824667,-2.805577255990168,-3.0976765654433676,0.07171293876888944,1.4795659113023127,-0.6668964001429281,2.2615870367473736,1.443360092099549
-0.6590071097259501,-3.610237789718601,-0.6793930561185944,1.322615742251269,-0.02253545570752762,5.20683601519787,-2.01651412098196,3.15615839721901,-1.9135854654528526,2.1096765071397243,-0.13354613110214367,-1.6793953886030528,-1.2166051944877168,-2.732887578476814,2.5080819540190085,2.498793422032562,5.599072290562088,0.3903202836466507,1.1479813700614854,3.7318874235717074,0.5806721061330424,0.9609666836186209,-0.7121930253705085,3.1823714990537266,2.175479381825472,-0.6647718501127976,0.49232479995236494,-1.5610448595152284,1.5513505966687613,-0.9882403774549517,0.9867001598206288,0.7473974776983064,-1.4005654260751323,2.4267295783355216,-1.2520171742975277,0.6213318583388446,-1.1985179506851844,2.682099510893391,3.036037742879628,-0.45382010487184726,-0.6668964001429281,1.91414560010194,-1.5533352108473326,-1.4203913194699116
1.6185258302980514,5.488567246104904,0.5131667664829214,-1.864918055098892,-1.456233725995908,-9.18184274748374,3.3669376370647126,-4.917205221289382,2.907490751547078,-3.2469749205275034,-7.505057333380056e-4,1.1049955817670387,1.8372417732884934,2.7880562700150446,-5.6514377124249,-3.5141244940516856,-9.442115269770305,-0.8170664661572405,-0.8720054460955372,-5.625149924790017,-1.8856028465165329,-0.5452291730825692,1.0896736856666818,-6.727318093686775,-2.5126088687447363,2.221052875999691,-0.28239375395132854,2.6891602812746296,-2.2733557855223006,0.5780088507971811,-1.6953836217696507,-1.9810382287233403,0.9334979527460471,-5.289754159800658,2.428395958798477,-0.4360798131485258,1.859772879730115,-4.719716789349052,-5.348752572062581,0.23649092531948634,2.2615870367473736,-1.5533352108473326,3.8481962453791865,2.543230409409277
1.0681459630399959,4.072171748826162,0.47814753213068134,-1.2732148297056025,-0.6676223756273635,-6.676330357606753,2.5122586550236905,-3.7653830665910775,2.1731872420810756,-2.4214450760235438,-0.09343072837246594,1.0689829605087158,1.3524921722125443,2.376148646926345,-3.8138465898299194,-2.747922142046308,-6.973420887371316,-0.6971787727361668,-0.8871736465433816,-4.305007495042703,-1.2880431365334417,-0.5403113903488502,0.8086935365624136,-4.6611326197653,-2.071827361911743,1.5079820591343418,-0.3104783450080638,1.9085548297963908,-1.7068801885148577,0.574341087912446,-1.3247286403258511,-1.4724029206744345,1.0275698871423524,-3.6522513577767843,1.6512767940770958,-0.36411276073944815,1.3982114297012742,-3.2644622636016702,-3.9600080632723613,0.35854821755281935,1.443360092099549,-1.4203913194699116,2.543230409409277,1.8763751435584468
