V1,V2,V3,V4,V5,V6,V7,V8,V9,V10,V11,V12,V13,V14,V15,V16,V17,V18,V19,V20,V21,V22,V23,V24,V25,V26,V27,V28,V29,V30,V31,V32,V33,V34,V35,V36,V37,V38,V39,V40,V41,V42,V43,V44
2.4104550749183464,0.07065157528094021,-2.243321951707247,1.6589399518000265,2.3073069885495947,1.0657058400226884,-0.08010082972038993,-1.980269979957946,0.40445114098044754,-0.6545608221678217,-0.5820589342660132,2.809140284543666,-0.37854803980099416,4.534879316297793,1.0669747249071506,0.6238474227738041,-0.5013425589275854,0.6385875497377663,-0.3699543398861103,-0.5177039211402036,-0.23837879709066026,1.9346236890840396,0.2915342782500024,-2.104719000490819,-0.3989280777144435,-0.26421863983229166,1.1067765412645862,0.9915443835299889,-1.2781535889329037,2.2852594532297466,0.6982127137889025,0.44902817560677005,-0.40395938219203087,-0.1889926773340278,-1.3293077116185041,0.3059166995655173,-0.26121404922525315,0.4667594513627607,-1.6137086296648786,0.018802676449063326,1.0739407256694358,3.0737371554202175,-0.5383380141674523,0.5631544365877292
0.07065157528094021,0.6494725087560177,1.1327665657231087,-0.20842849888073636,-1.0683671476972834,0.8546253710844328,0.041987426595684114,1.252550227666775,-0.31578759750544544,0.07394321146187392,0.6795525915862028,-0.2144059481040559,-0.19138061872686302,-2.3780275253784326,-0.6813673103717188,-0.02428097616507101,0.23782582360627688,-1.1009452832058066,-0.6402502064090091,-0.4739281186519148,1.0288521827464756,-1.9278633377469376,0.7358843573192825,0.852330999730965,0.06420869017076741,0.2979756612633963,-1.0161589088209464,-0.9158051726845626,-0.1495498410280743,-0.6034525705741851,0.2087484558566703,-0.3708646081809106,0.18245690832344835,-1.4260623104314174,0.1872201918638528,-0.3899010408563631,-0.7643153297282093,-0.7813675464284853,-0.18128075070249333,0.1676970748022738,-0.9630055333473779,-0.9907039482860399,0.6061049845392895,-0.3517570809286713
-2.243321951707247,1.1327665657231087,5.174567769459056,-1.4690012868181508,-4.110355295479568,0.652479128897425,0.679129370214968,3.7393337865916974,-0.3018566444787848,0.7373438590604533,2.250188622671184,-3.4390442131218606,0.46314798414432934,-7.156228482794402,-2.383994771247319,-1.3298148071607119,0.46969557239467874,-1.8831900235983419,-0.3000147737818188,0.24130598678240733,2.2482649671391632,-5.028146944191389,1.0048270084882416,2.5360514619455232,0.651467287181113,-0.03438983984958813,-2.552728436995874,-3.028285764262763,0.09318609248977908,-2.7104999514753603,-0.584717374995067,-0.4606165118980353,-0.09045962710218187,-2.082608154907477,0.9527838264307088,0.07380612355556573,-0.13637795275249587,-1.838062839524631,1.807138685059446,0.29658328037603676,-2.5363772676115253,-5.3016092198038285,0.5981067151039605,-1.5452639406745783
1.6589399518000265,-0.20842849888073636,-1.4690012868181508,1.6026832415354006,2.120751794055716,0.49604275719036045,0.2516260235602096,-2.219143507557795,0.8417436395470532,-0.5148160790916891,-0.4089817483868547,1.8818246256370488,0.09059428145548834,5.199020760885312,0.974032927441346,0.021065235940005034,-0.7417739343525116,1.371305269811222,0.3266596997194028,0.21137773265473875,-0.5072860966654535,2.3926045295364906,-0.1310865394721466,-2.5146061552561383,-0.21574992242335125,-0.840485984486445,1.4329370617969222,0.8170832152097927,-1.4009289542525063,2.2559294553525864,0.22608395818311736,0.8839944348729413,-0.8817686901843776,0.6673645663759302,-1.4540752130280425,1.067170430996996,0.7651065297291798,0.6810439787317935,-0.7068830568898116,-0.055475110279999705,1.3256244708418248,2.2690585688749767,-1.2868118876663668,0.3132470466915691
2.3073069885495947,-1.0683671476972834,-4.110355295479568,2.120751794055716,4.2345313667721545,-0.41954453092496513,-0.06201943074445568,-4.285849842493632,1.0731867060900468,-0.7977650906648569,-1.7139635607483885,3.1613587769067224,0.031270312066243755,9.038296577602893,2.260288489568273,0.5636452782864372,-0.997423456071858,2.716621903417661,0.835959231704604,0.41113454117709136,-2.02870766449516,5.419902123063851,-1.0117852899822826,-3.806783346402272,-0.49288157015882605,-0.9285643526375602,2.980617724796691,2.5632221866862106,-1.1721834150074084,3.4735904755144906,0.2904779372878728,1.216231367704792,-0.8621089696843326,2.377591256641374,-1.7815196678222454,1.171801360450463,1.2494524963782194,1.852277003950233,-1.2175460625174321,-0.26938787741746006,2.8256875679549927,4.764490539814339,-1.779589044274663,1.135071900833771
1.0657058400226884,0.8546253710844328,0.652479128897425,0.49604275719036045,-0.41954453092496513,1.5610225562065572,0.07865152976486833,0.7239390921213619,-0.1446155912633329,-0.17546445251983026,0.6903824799024038,0.8349478071539752,-0.34351456621376947,-0.9725205963579616,-0.442953738399748,0.13097206904832048,0.03390361871786183,-1.0546896345347387,-0.8922085618227854,-0.7328100669738462,1.2272118972934194,-1.628294610629236,1.0476136634268283,0.09096283315964561,-0.06072931276299663,0.15788918386316816,-0.808377665125647,-0.836892381697564,-0.829811376757983,0.24510146491388754,0.5108326977287031,-0.20505390574410876,-0.046522913888671406,-1.846927973196778,-0.40026174083175614,-0.2226717293613443,-0.9479022498711897,-0.7947583278268106,-0.8110910401120817,0.21309098618004624,-0.7527650043046707,-0.07018905163859268,0.4103917757755193,-0.27471239682057313
-0.08010082972038993,0.041987426595684114,0.679129370214968,0.2516260235602096,-0.06201943074445568,0.07865152976486833,0.3284575211321226,-0.1671413722218741,0.3748783682782214,5.62048620802454e-4,0.3171298146256399,-0.28392118565993607,0.27281604368368545,0.7208779479173193,-0.12801604713912823,-0.42834205831026856,-0.24494422456026566,0.3863808241045634,0.2833500970636381,0.35508311108834584,0.14415870431234876,0.08069091654856614,-0.004341581819059876,-0.5463013457995595,0.10268096627621649,-0.48180656196460303,0.15587586828584765,-0.29883265171717804,-0.501109847959418,0.2763091625667165,-0.18227472818703572,0.36564478428446395,-0.47055718936484037,0.13736471265468933,-0.36222153218434766,0.6245895424198251,0.5783775379276591,-0.02927680149821338,0.3799549057072078,0.018305713921253727,0.08230748154578327,-0.4446266621227366,-0.5764258230743283,-0.24362275494018779
-1.980269979957946,1.252550227666775,3.7393337865916974,-2.219143507557795,-4.285849842493632,0.7239390921213619,-0.1671413722218741,4.609054059648215,-1.4136537301457117,0.75375236038238,1.6330928585912339,-2.740302004680972,-0.32990708969303634,-9.866864438785361,-2.2772586610638728,-0.18902615272216333,1.207510155924789,-3.277424847652644,-1.2903682846065336,-0.8785295405036694,2.2278410920426546,-5.886764797719829,1.2777836774896898,4.266370381853494,0.3960333997477866,1.355848262893357,-3.2944985102579007,-2.5136034962863025,1.3692192888983756,-3.6397324092673706,-0.017826051754617146,-1.5589761981716217,1.2326634400606091,-2.9522365373763297,1.9806201142798745,-1.7330686903217338,-1.9460356659974845,-2.0347672900469034,0.71402971231402,0.3184479142415242,-3.084172539650966,-4.443886084318086,2.348560572773967,-1.0021190957730168
0.40445114098044754,-0.31578759750544544,-0.3018566444787848,0.8417436395470532,1.0731867060900468,-0.1446155912633329,0.3748783682782214,-1.4136537301457117,0.7693977689396466,-0.19171310026953442,-0.12134109654673243,0.40599269159872164,0.37810575396107043,3.380438030970481,0.48452575942790443,-0.40017771282809617,-0.5770865931695652,1.290964946870052,0.6664121067494917,0.6243089139210463,-0.47960622353543686,1.6810968475684267,-0.374954703850798,-1.692969753711839,0.004404515902602595,-0.8647412414012138,1.0463216910217332,0.36473316917865883,-0.8570099904498428,1.2402968021973935,-0.20143591756472595,0.7958297888130013,-0.8160387468575175,0.9803854754320926,-0.8903158859158727,1.1163124175294794,1.1425386947725653,0.5344278241714107,0.2324438773074592,-0.07781057204899691,0.9233743272534517,0.7174351706642272,-1.2341765332474768,0.014202261830765447
-0.6545608221678217,0.07394321146187392,0.7373438590604533,-0.5148160790916891,-0.7977650906648569,-0.17546445251983026,5.62048620802454e-4,0.75375236038238,-0.19171310026953442,0.19421672814607063,0.23714197330497028,-0.7909991896166371,0.053493760648178304,-1.6813028599404856,-0.3882987236851559,-0.14100881508661878,0.19614513294835012,-0.37561583369252366,-0.01670047589704179,0.04297290815958339,0.20857181594945393,-0.8350332947222205,0.02930606755328606,0.7606871936849506,0.11200769272731449,0.1593134205462384,-0.4742205792453218,-0.38815763417180915,0.3760909675327754,-0.750802980862893,-0.14865845787571597,-0.21196259171606108,0.17993633009703605,-0.17266083387133174,0.42939902800733126,-0.19665099911306425,-0.09084253341569479,-0.24458845139732208,0.3907286379189225,0.018491307070642674,-0.4504235319722673,-0.9676338569760371,0.2897516287384546,-0.18933885705634945
-0.5820589342660132,0.6795525915862028,2.250188622671184,-0.4089817483868547,-1.7139635607483885,0.6903824799024038,0.3171298146256399,1.6330928585912339,-0.12134109654673243,0.23714197330497028,1.0929340387502173,-1.1290832432923192,0.1110370897166025,-2.9724766595912113,-1.0585143344586556,-0.519845743693955,0.16827451692127546,-0.9835658942751468,-0.3361421781736729,-0.0752327403128174,1.2245477585398168,-2.390170039361275,0.6787007207765584,0.9551946747083873,0.24547458899760688,-0.0157225341068663,-1.1966831678183851,-1.4320785448654056,-0.24130353956552872,-0.9560862482729711,-0.10283364129342713,-0.19983369804346882,-0.092614705408386,-1.3045248556136273,0.22424488018925423,0.026584663364497038,-0.2593990738223853,-0.9351707517921924,0.5123471777614844,0.1761945790560137,-1.1830612469634914,-2.1166695413709897,0.2903456119450195,-0.6974470683846914
2.809140284543666,-0.2144059481040559,-3.4390442131218606,1.8818246256370488,3.1613587769067224,0.8349478071539752,-0.28392118565993607,-2.740302004680972,0.40599269159872164,-0.7909991896166371,-1.1290832432923192,3.5007659021026076,-0.5009618192555012,5.889137248586029,1.5943879551661553,0.9599647017763664,-0.5535699279989054,1.003040759175515,-0.3069958591678231,-0.5866483725384262,-0.7875577238591712,3.0168576957701023,0.02925432610396356,-2.515103920945518,-0.5440498020864126,-0.17975634850440525,1.631555497744747,1.6929642803038225,-1.157314864864086,2.762133541437208,0.8173526448665931,0.4864776561979544,-0.29940262733241396,0.3119855885062551,-1.4318049440853744,0.19245812465191428,-0.28404139861193883,0.8870415383554772,-1.9951036283713701,-0.05895446045729748,1.6102727208448488,4.21954121255676,-0.5782765956577751,0.9298767880655452
-0.37854803980099416,-0.19138061872686302,0.46314798414432934,0.09059428145548834,0.031270312066243755,-0.34351456621376947,0.27281604368368545,-0.32990708969303634,0.37810575396107043,0.053493760648178304,0.1110370897166025,-0.5009618192555012,0.3420111399574844,0.8757874570297268,-0.004802406986835253,-0.43008796196865884,-0.22953753741696173,0.6215605186235557,0.5018090207360633,0.5240958296684315,-0.19603243307275667,0.4857131086624878,-0.2862559842049394,-0.5010013390173123,0.11321521016070245,-0.4799197473072899,0.3410757618006957,-0.0689051733288527,-0.22576155332843098,0.16753093491178467,-0.3087465029347158,0.3835616609926275,-0.41573051860653953,0.6203213964107883,-0.21502472711014334,0.6284204763773134,0.7804053026689266,0.1828445120824868,0.576746043256653,-0.044496647961718705,0.2668744369080963,-0.4087058396384724,-0.6316781913123874,-0.15726025768562457
4.534879316297793,-2.3780275253784326,-7.156228482794402,5.199020760885312,9.038296577602893,-0.9725205963579616,0.7208779479173193,-9.866864438785361,3.380438030970481,-1.6813028599404856,-2.9724766595912113,5.889137248586029,0.8757874570297268,21.681649200898526,4.632828663613819,0.014452370967755358,-2.8402852734136492,7.113636808010777,2.7778062629921303,2.014611287669006,-4.25403420157661,12.239592284421297,-2.4164850181792716,-9.721603497020185,-0.7690488101061695,-3.360352829527857,6.996381864551354,4.843224371393309,-3.7307860905557613,8.20562172702177,0.019790390654837096,3.664356197654592,-3.1494386512959527,5.899174405701187,-4.767156305858739,4.296512604292832,4.473043845345206,4.096317925097082,-1.4177511996644236,-0.5974989877923805,6.485469360504229,9.102437084602437,-5.513721489403228,1.8232458320917084
1.0669747249071506,-0.6813673103717188,-2.383994771247319,0.974032927441346,2.260288489568273,-0.442953738399748,-0.12801604713912823,-2.2772586610638728,0.48452575942790443,-0.3882987236851559,-1.0585143344586556,1.5943879551661553,-0.004802406986835253,4.632828663613819,1.2642746576913702,0.3785278601446041,-0.4621007524489147,1.450720713223103,0.48770357859728436,0.22653588209182351,-1.2550682014843073,3.0039075959258836,-0.6662673293086765,-1.8465174633832935,-0.2715972539930597,-0.3851927268993865,1.609419000086336,1.5055812363885748,-0.3710590227560291,1.696702401004655,0.12399642713736135,0.5678674981091334,-0.32636077930370977,1.450703467447997,-0.7809090840719232,0.4861565604137385,0.6340233929563961,1.0761393723417125,-0.6112651874769085,-0.1765310601984905,1.545899297905437,2.587123534000225,-0.8375193972515085,0.6817817679507888
0.6238474227738041,-0.02428097616507101,-1.3298148071607119,0.021065235940005034,0.5636452782864372,0.13097206904832048,-0.42834205831026856,-0.18902615272216333,-0.40017771282809617,-0.14100881508661878,-0.519845743693955,0.9599647017763664,-0.43008796196865884,0.014452370967755358,0.3785278601446041,0.6831510019065404,0.21260945607223164,-0.3673089196740003,-0.4564660177184558,-0.5743822293055784,-0.21355462411897988,0.28549414645793225,0.08159545717809148,0.2577268753526713,-0.21655434970414442,0.5656287933219346,0.031212750678313944,0.5929297100607782,0.3631086138583528,0.12767653938706602,0.3873071083164779,-0.37552932128201766,0.5206287858559304,-0.2426800701032058,0.18430046180419807,-0.7427183919175434,-0.8079736944628656,0.12010619442983876,-0.836612450417411,-0.009719867601728514,0.10810325468817326,1.2069885808935743,0.6345687303802475,0.4318989698211228
-0.5013425589275854,0.23782582360627688,0.46969557239467874,-0.7417739343525116,-0.997423456071858,0.03390361871786183,-0.24494422456026566,1.207510155924789,-0.5770865931695652,0.19614513294835012,0.16827451692127546,-0.5535699279989054,-0.22953753741696173,-2.8402852734136492,-0.4621007524489147,0.21260945607223164,0.45213788829632734,-0.9883560560263771,-0.44754030842534714,-0.3971741104650283,0.3962361488119522,-1.4148310968046003,0.26054478601015907,1.3915708440637544,0.03770452850461385,0.6274543514502028,-0.8619945491174889,-0.38246450305594376,0.6983022930763491,-1.089243879083967,0.07985666559399307,-0.6008744788672568,0.6026722095890295,-0.7136982966960692,0.7415893953420344,-0.8073123973316999,-0.787449778530748,-0.4441905383785322,-0.012768216900720828,0.05978606191556771,-0.7743247087299149,-0.8261028967264292,0.9193538566302771,-0.07812354322552091
0.6385875497377663,-1.1009452832058066,-1.8831900235983419,1.371305269811222,2.716621903417661,-1.0546896345347387,0.3863808241045634,-3.277424847652644,1.290964946870052,-0.37561583369252366,-0.9835658942751468,1.003040759175515,0.6215605186235557,7.113636808010777,1.450720713223103,-0.3673089196740003,-0.9883560560263771,2.8345795334610413,1.4638469779862873,1.211309997680471,-1.7570059282879888,4.367999789247512,-1.2487891420251966,-3.158050333254271,-0.11099007877170801,-1.3676657547365498,2.504978806273911,1.59453709039448,-0.9506863381073591,2.364250290849008,-0.39965867372583247,1.3945020492606388,-1.1910952699348643,2.7509954580522153,-1.377115570258429,1.7654269862545395,2.172907797575673,1.5594022730798802,0.3085319691862508,-0.2725175769580188,2.2848220711514,2.2809687710566924,-2.175331696961664,0.4862952441686236
-0.3699543398861103,-0.6402502064090091,-0.3000147737818188,0.3266596997194028,0.835959231704604,-0.8922085618227854,0.2833500970636381,-1.2903682846065336,0.6664121067494917,-0.01670047589704179,-0.3361421781736729,-0.3069958591678231,0.5018090207360633,2.7778062629921303,0.48770357859728436,-0.4564660177184558,-0.44754030842534714,1.4638469779862873,0.9846811682304181,0.8922611477638898,-0.9051159553640487,1.9021239034485518,-0.795615526400303,-1.236277344452709,0.07128167925041265,-0.7675888969269726,1.1027926296651702,0.5511122320494738,-0.2310821936048285,0.6979964173835438,-0.46231270607900204,0.7077000338099807,-0.625237363980326,1.6349935678812935,-0.43956916780553307,1.0013447621428564,1.3910579048119933,0.741557865495072,0.7120944337697991,-0.1622392653194501,0.9862157715497646,0.31436449381033077,-1.157516016065512,0.06783077639162503
-0.5177039211402036,-0.4739281186519148,0.24130598678240733,0.21137773265473875,0.41113454117709136,-0.7328100669738462,0.35508311108834584,-0.8785295405036694,0.6243089139210463,0.04297290815958339,-0.0752327403128174,-0.5866483725384262,0.5240958296684315,2.014611287669006,0.22653588209182351,-0.5743822293055784,-0.3971741104650283,1.211309997680471,0.8922611477638898,0.8658927209946696,-0.6071822069064841,1.308907765920124,-0.6287096770730957,-0.9815321503746642,0.12996817394861512,-0.755777129454784,0.8042380850427302,0.2094695785407688,-0.27176538069790557,0.44759735247718063,-0.48316645139315223,0.6478235796183502,-0.6323108941871066,1.3111794942989865,-0.3688290331488156,0.9891980596435153,1.3124486810575315,0.5107904521483788,0.831518961234748,-0.11777816851689032,0.6891749841813779,-0.20364114555512675,-1.0668483240330835,-0.09672669273467721
-0.23837879709066026,1.0288521827464756,2.2482649671391632,-0.5072860966654535,-2.02870766449516,1.2272118972934194,0.14415870431234876,2.2278410920426546,-0.47960622353543686,0.20857181594945393,1.2245477585398168,-0.7875577238591712,-0.19603243307275667,-4.25403420157661,-1.2550682014843073,-0.21355462411897988,0.3962361488119522,-1.7570059282879888,-0.9051159553640487,-0.6071822069064841,1.6956763787992608,-3.311775875333699,1.1261728082817737,1.5324245250713358,0.17832471432586477,0.409620027712125,-1.7351080847399596,-1.6544150807079252,-0.1638971243920577,-1.2171302482983648,0.19619028625133225,-0.5757473433477454,0.2481510960717529,-2.208556367945497,0.4056890314309907,-0.5322936059382463,-1.0575572088039198,-1.310259862826363,0.014585674243522488,0.26666218466667496,-1.6597529005255485,-2.089110753329764,0.9168980541400137,-0.6870793763410099
1.9346236890840396,-1.9278633377469376,-5.028146944191389,2.3926045295364906,5.419902123063851,-1.628294610629236,0.08069091654856614,-5.886764797719829,1.6810968475684267,-0.8350332947222205,-2.390170039361275,3.0168576957701023,0.4857131086624878,12.239592284421297,3.0039075959258836,0.28549414645793225,-1.4148310968046003,4.367999789247512,1.9021239034485518,1.308907765920124,-3.311775875333699,7.8856387489219655,-2.0359144137743903,-5.077121830185549,-0.4811601260076082,-1.5882608544296863,4.337606048605756,3.528762919082389,-1.1416884472391082,4.232419052834004,-0.16458615488403275,1.8886442280477729,-1.3460936464041362,4.402416782226206,-2.1202492777668756,2.0359320938842984,2.6456107522882277,2.8464108745489516,-0.5960471234794178,-0.48788730472032843,4.0721210764964395,5.549211844461832,-2.884938633473372,1.4130258893552343
0.2915342782500024,0.7358843573192825,1.0048270084882416,-0.1310865394721466,-1.0117852899822826,1.0476136634268283,-0.004341581819059876,1.2777836774896898,-0.374954703850798,0.02930606755328606,0.6787007207765584,0.02925432610396356,-0.2862559842049394,-2.4164850181792716,-0.6662673293086765,0.08159545717809148,0.26054478601015907,-1.2487891420251966,-0.795615526400303,-0.6287096770730957,1.1261728082817737,-2.0359144137743903,0.8596276544753426,0.8649951141150243,0.025927603071708695,0.3816321342987322,-1.0823497926625616,-0.9157421271032515,-0.20717957864991118,-0.5318165656982413,0.31985157785005375,-0.43306948794449757,0.23755502551143884,-1.6510988537660298,0.15050051868700182,-0.5009821095178301,-0.9667354655365199,-0.8418352676751987,-0.39174156260096704,0.18816995774145154,-1.0134235944563807,-0.80599526476731,0.7205179512766795,-0.3193982062623887
-2.104719000490819,0.852330999730965,2.5360514619455232,-2.5146061552561383,-3.806783346402272,0.09096283315964561,-0.5463013457995595,4.266370381853494,-1.692969753711839,0.7606871936849506,0.9551946747083873,-2.515103920945518,-0.5010013390173123,-9.721603497020185,-1.8465174633832935,0.2577268753526713,1.3915708440637544,-3.158050333254271,-1.236277344452709,-0.9815321503746642,1.5324245250713358,-5.077121830185549,0.8649951141150243,4.570197055261791,0.2757818080171265,1.7528733702729693,-2.9964537182243602,-1.7531000886429253,2.1023216121839052,-3.7905648399781735,0.022112275948631546,-1.798362275921239,1.6902737631299325,-2.3237698278502377,2.38321785394664,-2.2437824397709147,-2.160057183923586,-1.6179376878667593,0.5059035692207033,0.21001317169037712,-2.736466109143564,-3.64194174392662,2.706393991699676,-0.5788248535834202
-0.3989280777144435,0.06420869017076741,0.651467287181113,-0.21574992242335125,-0.49288157015882605,-0.06072931276299663,0.10268096627621649,0.3960333997477866,0.004404515902602595,0.11200769272731449,0.24547458899760688,-0.5440498020864126,0.11321521016070245,-0.7690488101061695,-0.2715972539930597,-0.21655434970414442,0.03770452850461385,-0.11099007877170801,0.07128167925041265,0.12996817394861512,0.17832471432586477,-0.4811601260076082,0.025927603071708695,0.2757818080171265,0.09761502947575504,-0.05687310702193943,-0.23885406437672033,-0.33254702186946594,0.05526804292277974,-0.3510067253578373,-0.1391677592588018,-0.011406382033094402,-0.043350973931547736,-0.07544477449556605,0.13309539176232255,0.07960607038497068,0.11925397858384351,-0.1593756393252306,0.3405962111741913,0.01702179982439037,-0.24529999760796295,-0.7063114095932632,-0.007914946310192631,-0.19109728893096495
-0.26421863983229166,0.2979756612633963,-0.03438983984958813,-0.840485984486445,-0.9285643526375602,0.15788918386316816,-0.48180656196460303,1.355848262893357,-0.8647412414012138,0.1593134205462384,-0.0157225341068663,-0.17975634850440525,-0.4799197473072899,-3.360352829527857,-0.3851927268993865,0.5656287933219346,0.6274543514502028,-1.3676657547365498,-0.7675888969269726,-0.755777129454784,0.409620027712125,-1.5882608544296863,0.3816321342987322,1.7528733702729693,-0.05687310702193943,1.0019251339691793,-1.0286497351416024,-0.20792314356919442,0.9568587793733331,-1.2108467523252298,0.2906539801725926,-0.8855744078236609,0.944201530570746,-1.015354213107559,0.9398017749923595,-1.294682707067141,-1.328441694928159,-0.4926719527970753,-0.4284114879988797,0.07151855665834751,-0.88603994457803,-0.41735295887879464,1.3839563952990388,0.09475761748271218
1.1067765412645862,-1.0161589088209464,-2.552728436995874,1.4329370617969222,2.980617724796691,-0.808377665125647,0.15587586828584765,-3.2944985102579007,1.0463216910217332,-0.4742205792453218,-1.1966831678183851,1.631555497744747,0.3410757618006957,6.996381864551354,1.609419000086336,0.031212750678313944,-0.8619945491174889,2.504978806273911,1.1027926296651702,0.8042380850427302,-1.7351080847399596,4.337606048605756,-1.0823497926625616,-2.9964537182243602,-0.23885406437672033,-1.0286497351416024,2.428842976852126,1.8336523793830077,-0.8364575538569692,2.456884720695864,-0.12345512352493873,1.158343114381493,-0.8998037181251891,2.4018429385766744,-1.3142420176186145,1.3188399682695335,1.6089334129403734,1.5339669737471064,-0.2528593535539628,-0.25225785821531105,2.2556150114932567,2.944588278227647,-1.7670650853914038,0.6987194064955341
0.9915443835299889,-0.9158051726845626,-3.028285764262763,0.8170832152097927,2.5632221866862106,-0.836892381697564,-0.29883265171717804,-2.5136034962863025,0.36473316917865883,-0.38815763417180915,-1.4320785448654056,1.6929642803038225,-0.0689051733288527,4.843224371393309,1.5055812363885748,0.5929297100607782,-0.38246450305594376,1.59453709039448,0.5511122320494738,0.2094695785407688,-1.6544150807079252,3.528762919082389,-0.9157421271032515,-1.7531000886429253,-0.33254702186946594,-0.20792314356919442,1.8336523793830077,1.9585025531985318,0.00410647797939606,1.650766675589342,0.12814676414043172,0.4753147609323214,-0.10806456898358037,1.8489111867690926,-0.5835910344277653,0.2569676405260194,0.5859338171305514,1.323905067624333,-0.693585999143311,-0.2298514151997515,1.771919944452387,3.0166078781136223,-0.6972163270168482,0.9166316948871028
-1.2781535889329037,-0.1495498410280743,0.09318609248977908,-1.4009289542525063,-1.1721834150074084,-0.829811376757983,-0.501109847959418,1.3692192888983756,-0.8570099904498428,0.3760909675327754,-0.24130353956552872,-1.157314864864086,-0.22576155332843098,-3.7307860905557613,-0.3710590227560291,0.3631086138583528,0.6983022930763491,-0.9506863381073591,-0.2310821936048285,-0.27176538069790557,-0.1638971243920577,-1.1416884472391082,-0.20717957864991118,2.1023216121839052,0.05526804292277974,0.9568587793733331,-0.8364575538569692,0.00410647797939606,1.6109694589701937,-1.771592820669868,-0.1104415050976425,-0.8589466758713443,1.0295755890675948,-0.03706031308301969,1.387699212262707,-1.2200037566402067,-0.7795107334302994,-0.1793932206782491,0.309798334840662,-0.04405607472696341,-0.7105932260398888,-0.9918601504757356,1.2604736437966118,0.11305929997765311
2.2852594532297466,-0.6034525705741851,-2.7104999514753603,2.2559294553525864,3.4735904755144906,0.24510146491388754,0.2763091625667165,-3.6397324092673706,1.2402968021973935,-0.750802980862893,-0.9560862482729711,2.762133541437208,0.16753093491178467,8.20562172702177,1.696702401004655,0.12767653938706602,-1.089243879083967,2.364250290849008,0.6979964173835438,0.44759735247718063,-1.2171302482983648,4.232419052834004,-0.5318165656982413,-3.7905648399781735,-0.3510067253578373,-1.2108467523252298,2.456884720695864,1.650766675589342,-1.771592820669868,3.3618618307573827,0.2507436777413098,1.3327194078316338,-1.2124308494199705,1.5766021666295547,-2.028291944427452,1.537027975827974,1.3132255817081022,1.3174168352649271,-0.9699597172795393,-0.15067865432550906,2.2807560935796096,3.6994202602499877,-1.9559669027240771,0.6588609976736026
0.6982127137889025,0.2087484558566703,-0.584717374995067,0.22608395818311736,0.2904779372878728,0.5108326977287031,-0.18227472818703572,-0.017826051754617146,-0.20143591756472595,-0.14865845787571597,-0.10283364129342713,0.8173526448665931,-0.3087465029347158,0.019790390654837096,0.12399642713736135,0.3873071083164779,0.07985666559399307,-0.39965867372583247,-0.46231270607900204,-0.48316645139315223,0.19619028625133225,-0.16458615488403275,0.31985157785005375,0.022112275948631546,-0.1391677592588018,0.2906539801725926,-0.12345512352493873,0.12814676414043172,-0.1104415050976425,0.2507436777413098,0.35181235325187943,-0.2018214505022759,0.21055298121870558,-0.5907499860417366,-0.08878338145639322,-0.38733913746585136,-0.6315317935159133,-0.11783597012408915,-0.6890730731813148,0.05152955393649266,-0.07889217410564467,0.7208652888547434,0.37111562845322654,0.16664038986972987
0.44902817560677005,-0.3708646081809106,-0.4606165118980353,0.8839944348729413,1.216231367704792,-0.20505390574410876,0.36564478428446395,-1.5589761981716217,0.7958297888130013,-0.21196259171606108,-0.19983369804346882,0.4864776561979544,0.3835616609926275,3.664356197654592,0.5678674981091334,-0.37552932128201766,-0.6008744788672568,1.3945020492606388,0.7077000338099807,0.6478235796183502,-0.5757473433477454,1.8886442280477729,-0.43306948794449757,-1.798362275921239,-0.011406382033094402,-0.8855744078236609,1.158343114381493,0.4753147609323214,-0.8589466758713443,1.3327194078316338,-0.2018214505022759,0.8315005997259884,-0.8289081054246603,1.0983456445181374,-0.9245571953027371,1.1424818186004697,1.1923845273019464,0.6108180067325452,0.20799393006549183,-0.08984506515783666,1.027119265291102,0.8733890641136131,-1.2844409401168475,0.0641805079218955
-0.40395938219203087,0.18245690832344835,-0.09045962710218187,-0.8817686901843776,-0.8621089696843326,-0.046522913888671406,-0.47055718936484037,1.2326634400606091,-0.8160387468575175,0.17993633009703605,-0.092614705408386,-0.29940262733241396,-0.41573051860653953,-3.1494386512959527,-0.32636077930370977,0.5206287858559304,0.6026722095890295,-1.1910952699348643,-0.625237363980326,-0.6323108941871066,0.2481510960717529,-1.3460936464041362,0.23755502551143884,1.6902737631299325,-0.043350973931547736,0.944201530570746,-0.8998037181251891,-0.10806456898358037,1.0295755890675948,-1.2124308494199705,0.21055298121870558,-0.8289081054246603,0.9153473610328927,-0.7505743701440194,0.9618974280743663,-1.2182133634676717,-1.1576524660313288,-0.38165401976295954,-0.2981585275427508,0.042930350364022866,-0.7694572039048759,-0.4211445764978378,1.2830534270937068,0.1188390058183025
-0.1889926773340278,-1.4260623104314174,-2.082608154907477,0.6673645663759302,2.377591256641374,-1.846927973196778,0.13736471265468933,-2.9522365373763297,0.9803854754320926,-0.17266083387133174,-1.3045248556136273,0.3119855885062551,0.6203213964107883,5.899174405701187,1.450703467447997,-0.2426800701032058,-0.7136982966960692,2.7509954580522153,1.6349935678812935,1.3111794942989865,-2.208556367945497,4.402416782226206,-1.6510988537660298,-2.3237698278502377,-0.07544477449556605,-1.015354213107559,2.4018429385766744,1.8489111867690926,-0.03706031308301969,1.5766021666295547,-0.5907499860417366,1.0983456445181374,-0.7505743701440194,3.2959170636829533,-0.6937769260880374,1.3243994324371047,2.1234552103028945,1.7368645413550854,0.6600000562403608,-0.36365852303630214,2.2310338314984555,1.940873378578962,-1.7768098451011252,0.6210081090715495
-1.3293077116185041,0.1872201918638528,0.9527838264307088,-1.4540752130280425,-1.7815196678222454,-0.40026174083175614,-0.36222153218434766,1.9806201142798745,-0.8903158859158727,0.42939902800733126,0.22424488018925423,-1.4318049440853744,-0.21502472711014334,-4.767156305858739,-0.7809090840719232,0.18430046180419807,0.7415893953420344,-1.377115570258429,-0.43956916780553307,-0.3688290331488156,0.4056890314309907,-2.1202492777668756,0.15050051868700182,2.38321785394664,0.13309539176232255,0.9398017749923595,-1.3142420176186145,-0.5835910344277653,1.387699212262707,-2.028291944427452,-0.08878338145639322,-0.9245571953027371,0.9618974280743663,-0.6937769260880374,1.3837204321797207,-1.1990477702570819,-0.9483410746499498,-0.5904743088101928,0.39381145597897776,0.04552031566135808,-1.1867053938675034,-1.7170613499316227,1.3698764838188624,-0.1629717694550853
0.3059166995655173,-0.3899010408563631,0.07380612355556573,1.067170430996996,1.171801360450463,-0.2226717293613443,0.6245895424198251,-1.7330686903217338,1.1163124175294794,-0.19665099911306425,0.026584663364497038,0.19245812465191428,0.6284204763773134,4.296512604292832,0.4861565604137385,-0.7427183919175434,-0.8073123973316999,1.7654269862545395,1.0013447621428564,0.9891980596435153,-0.5322936059382463,2.0359320938842984,-0.5009821095178301,-2.2437824397709147,0.07960607038497068,-1.294682707067141,1.3188399682695335,0.2569676405260194,-1.2200037566402067,1.537027975827974,-0.38733913746585136,1.1424818186004697,-1.2182133634676717,1.3243994324371047,-1.1990477702570819,1.6759665475625853,1.7280713341443343,0.6356383402110568,0.5796526102107594,-0.09464114177151282,1.1357991002714622,0.49987089378059774,-1.7874774559195759,-0.13082772122896213
-0.26121404922525315,-0.7643153297282093,-0.13637795275249587,0.7651065297291798,1.2494524963782194,-0.9479022498711897,0.5783775379276591,-1.9460356659974845,1.1425386947725653,-0.09084253341569479,-0.2593990738223853,-0.28404139861193883,0.7804053026689266,4.473043845345206,0.6340233929563961,-0.8079736944628656,-0.787449778530748,2.172907797575673,1.3910579048119933,1.3124486810575315,-1.0575572088039198,2.6456107522882277,-0.9667354655365199,-2.160057183923586,0.11925397858384351,-1.328441694928159,1.6089334129403734,0.5859338171305514,-0.7795107334302994,1.3132255817081022,-0.6315317935159133,1.1923845273019464,-1.1576524660313288,2.1234552103028945,-0.9483410746499498,1.7280713341443343,2.1219173272508174,0.9585954568300276,0.986104100771037,-0.1885717170709924,1.4074305411328456,0.4096546382974038,-1.9131575321444672,-0.026945981476530864
0.4667594513627607,-0.7813675464284853,-1.838062839524631,0.6810439787317935,1.852277003950233,-0.7947583278268106,-0.02927680149821338,-2.0347672900469034,0.5344278241714107,-0.24458845139732208,-0.9351707517921924,0.8870415383554772,0.1828445120824868,4.096317925097082,1.0761393723417125,0.12010619442983876,-0.4441905383785322,1.5594022730798802,0.741557865495072,0.5107904521483788,-1.310259862826363,2.8464108745489516,-0.8418352676751987,-1.6179376878667593,-0.1593756393252306,-0.4926719527970753,1.5339669737471064,1.323905067624333,-0.1793932206782491,1.3174168352649271,-0.11783597012408915,0.6108180067325452,-0.38165401976295954,1.7368645413550854,-0.5904743088101928,0.6356383402110568,0.9585954568300276,1.0726651145662072,-0.10485670050751006,-0.20189880583643496,1.4530467893389443,1.8884496561101285,-0.9506369896674154,0.5340652685612769
-1.6137086296648786,-0.18128075070249333,1.807138685059446,-0.7068830568898116,-1.2175460625174321,-0.8110910401120817,0.3799549057072078,0.71402971231402,0.2324438773074592,0.3907286379189225,0.5123471777614844,-1.9951036283713701,0.576746043256653,-1.4177511996644236,-0.6112651874769085,-0.836612450417411,-0.012768216900720828,0.3085319691862508,0.7120944337697991,0.831518961234748,0.014585674243522488,-0.5960471234794178,-0.39174156260096704,0.5059035692207033,0.3405962111741913,-0.4284114879988797,-0.2528593535539628,-0.693585999143311,0.309798334840662,-0.9699597172795393,-0.6890730731813148,0.20799393006549183,-0.2981585275427508,0.6600000562403608,0.39381145597897776,0.5796526102107594,0.986104100771037,-0.10485670050751006,1.4631042562103296,-0.042875522314442076,-0.3173807891088211,-2.115841849308729,-0.44290302036984724,-0.5163142513195826
0.018802676449063326,0.1676970748022738,0.29658328037603676,-0.055475110279999705,-0.26938787741746006,0.21309098618004624,0.018305713921253727,0.3184479142415242,-0.07781057204899691,0.018491307070642674,0.1761945790560137,-0.05895446045729748,-0.044496647961718705,-0.5974989877923805,-0.1765310601984905,-0.009719867601728514,0.05978606191556771,-0.2725175769580188,-0.1622392653194501,-0.11777816851689032,0.26666218466667496,-0.48788730472032843,0.18816995774145154,0.21001317169037712,0.01702179982439037,0.07151855665834751,-0.25225785821531105,-0.2298514151997515,-0.04405607472696341,-0.15067865432550906,0.05152955393649266,-0.08984506515783666,0.042930350364022866,-0.36365852303630214,0.04552031566135808,-0.09464114177151282,-0.1885717170709924,-0.20189880583643496,-0.042875522314442076,0.0466908058414339,-0.24525506756492818,-0.2597349895377526,0.149969300354165,-0.08941201090585138
1.0739407256694358,-0.9630055333473779,-2.5363772676115253,1.3256244708418248,2.8256875679549927,-0.7527650043046707,0.08230748154578327,-3.084172539650966,0.9233743272534517,-0.4504235319722673,-1.1830612469634914,1.6102727208448488,0.2668744369080963,6.485469360504229,1.545899297905437,0.10810325468817326,-0.7743247087299149,2.2848220711514,0.9862157715497646,0.6891749841813779,-1.6597529005255485,4.0721210764964395,-1.0134235944563807,-2.736466109143564,-0.24529999760796295,-0.88603994457803,2.2556150114932567,1.771919944452387,-0.7105932260398888,2.2807560935796096,-0.07889217410564467,1.027119265291102,-0.7694572039048759,2.2310338314984555,-1.1867053938675034,1.1357991002714622,1.4074305411328456,1.4530467893389443,-0.3173807891088211,-0.24525506756492818,2.1148431911008236,2.8743996256035853,-1.5669875430058948,0.6988555465002646
3.0737371554202175,-0.9907039482860399,-5.3016092198038285,2.2690585688749767,4.764490539814339,-0.07018905163859268,-0.4446266621227366,-4.443886084318086,0.7174351706642272,-0.9676338569760371,-2.1166695413709897,4.21954121255676,-0.4087058396384724,9.102437084602437,2.587123534000225,1.2069885808935743,-0.8261028967264292,2.2809687710566924,0.31436449381033077,-0.20364114555512675,-2.089110753329764,5.549211844461832,-0.80599526476731,-3.64194174392662,-0.7063114095932632,-0.41735295887879464,2.944588278227647,3.0166078781136223,-0.9918601504757356,3.6994202602499877,0.7208652888547434,0.8733890641136131,-0.4211445764978378,1.940873378578962,-1.7170613499316227,0.49987089378059774,0.4096546382974038,1.8884496561101285,-2.115841849308729,-0.2597349895377526,2.8743996256035853,5.949245174489658,-1.1894194511098588,1.5029200909308489
-0.5383380141674523,0.6061049845392895,0.5981067151039605,-1.2868118876663668,-1.779589044274663,0.4103917757755193,-0.5764258230743283,2.348560572773967,-1.2341765332474768,0.2897516287384546,0.2903456119450195,-0.5782765956577751,-0.6316781913123874,-5.513721489403228,-0.8375193972515085,0.6345687303802475,0.9193538566302771,-2.175331696961664,-1.157516016065512,-1.0668483240330835,0.9168980541400137,-2.884938633473372,0.7205179512766795,2.706393991699676,-0.007914946310192631,1.3839563952990388,-1.7670650853914038,-0.6972163270168482,1.2604736437966118,-1.9559669027240771,0.37111562845322654,-1.2844409401168475,1.2830534270937068,-1.7768098451011252,1.3698764838188624,-1.7874774559195759,-1.9131575321444672,-0.9506369896674154,-0.44290302036984724,0.149969300354165,-1.5669875430058948,-1.1894194511098588,2.00162490882813,-0.06767837390875837
0.5631544365877292,-0.3517570809286713,-1.5452639406745783,0.3132470466915691,1.135071900833771,-0.27471239682057313,-0.24362275494018779,-1.0021190957730168,0.014202261830765447,-0.18933885705634945,-0.6974470683846914,0.9298767880655452,-0.15726025768562457,1.8232458320917084,0.6817817679507888,0.4318989698211228,-0.07812354322552091,0.4862952441686236,0.06783077639162503,-0.09672669273467721,-0.6870793763410099,1.4130258893552343,-0.3193982062623887,-0.5788248535834202,-0.19109728893096495,0.09475761748271218,0.6987194064955341,0.9166316948871028,0.11305929997765311,0.6588609976736026,0.16664038986972987,0.0641805079218955,0.1188390058183025,0.6210081090715495,-0.1629717694550853,-0.13082772122896213,-0.026945981476530864,0.5340652685612769,-0.5163142513195826,-0.08941201090585138,0.6988555465002646,1.5029200909308489,-0.06767837390875837,0.4771233246403774
