V1,V2,V3,V4,V5,V6,V7,V8,V9,V10,V11,V12,V13,V14,V15,V16,V17,V18,V19,V20,V21,V22,V23,V24,V25,V26,V27,V28,V29,V30,V31,V32,V33,V34,V35,V36,V37,V38,V39,V40,V41,V42,V43,V44
559.0956031808009,180.02706881012196,-461.8056732729406,166.76962383127443,205.75501175114243,426.2129911544831,-157.22196529207045,22.797783139546336,-181.2745779006026,-115.52906640632045,-76.285843771366,655.3803682400064,-260.4565540804218,-70.00610958638407,87.45180903408698,323.08261062304933,78.18962683871565,-359.993500827313,-392.1971805136941,-408.6745712742253,176.00392209268455,-182.75550635870925,272.12907574326266,59.6079168575831,-112.74030312936034,255.41286438788413,-130.50379181563466,87.49808720501889,-73.73616926702677,174.3346829826512,290.06325758381644,-182.9650113782736,188.46393662977155,-509.3894776604818,-53.314433693765515,-339.7735574234797,-542.001282419043,-111.71683273920111,-565.0770188805811,43.77523423341197,-89.11994266414422,564.847549469025,330.36099749012004,131.690164247584
180.02706881012196,58.18475680227105,-148.46126856019964,53.5262363995458,65.90700159789891,137.4680392444266,-50.685952469728875,7.8181157336149525,-58.56279217195538,-37.14908897539382,-24.408369961993746,211.00059412337734,-83.95788113602282,-23.549842068489298,27.986454382614454,104.13979096238194,25.341792418831627,-116.36405772112973,-126.531113400361,-131.8203317736445,56.98919715176699,-59.51498991406154,87.83123825590705,19.653638874550996,-36.30849353500944,82.43476136452341,-42.38604870562021,27.902053174598972,-23.67708766035674,55.83252874940464,93.4628622096545,-59.11375304571834,60.83952416075254,-164.49751383523298,-17.00113987719023,-109.67258493694506,-174.89642217267937,-36.24225995250433,-182.04625896303534,14.173844727767396,-29.04140194935141,181.60161082905628,106.72132464411027,42.33897760033272
-461.8056732729406,-148.46126856019964,381.83634645806177,-137.9202839744237,-170.45669110984724,-351.74735050466717,129.82778931542572,-18.204595248325507,149.53271911716493,95.42862409986579,63.22832857467885,-541.484913320646,214.95332216032327,56.592334914464836,-72.57201453105262,-266.8840878331958,-64.46890244448622,296.7612588877833,323.56839711784744,337.28094451311836,-145.03339306939674,150.14458236010717,-224.4530115757267,-48.77848024714395,93.14847063265717,-210.71120631932743,107.28319908399054,-72.55738941654924,61.063399581632574,-144.38795979094644,-239.39092168666997,150.82627257292188,-155.45239559724808,420.10699142622383,44.22997807600217,280.34375081996063,447.26480747637214,92.02945308151241,466.5635602233325,-36.137573810718244,73.16411289228611,-466.8967841862887,-272.4844838040288,-108.89371675433514
166.76962383127443,53.5262363995458,-137.9202839744237,49.907946439614,61.59376340722706,126.93400094898426,-46.831881606077516,6.432107943826012,-53.91121846787013,-34.52126425659232,-22.871279807659377,195.48280631367297,-77.62768912739311,-20.096238261246373,26.184429529442358,96.2252497276801,23.162223112884046,-107.07040834603198,-116.85294497572504,-121.72224739078634,52.22647344507363,-54.00505661872308,81.05929566662503,17.375559667290077,-33.601610483953145,76.05619935549952,-38.67456748465215,26.328028084179362,-22.013792559221343,52.21928111783815,86.51626973682949,-54.41836965899056,56.11910158221067,-151.5912915739716,-16.03533571189021,-101.11659537546878,-161.36548011291887,-33.07899273744397,-168.5047547388069,12.96085375426134,-26.327568447253768,168.70695110249494,98.27286646389206,39.31651879394848
205.75501175114243,65.90700159789891,-170.45669110984724,61.59376340722706,76.50531340701295,156.45656602708792,-57.79512961134083,7.505125132328291,-66.38531294371376,-42.5194451042606,-28.37119181219591,241.3730294931321,-95.60532904376754,-23.9270862874294,32.66533458233654,118.91211817479713,28.599398259262955,-131.5732990370162,-143.71870466921135,-149.99165812648755,64.28518349763685,-66.01767192313524,99.61565972883847,21.258418053734715,-41.54699602788224,93.56708437178325,-47.26193569710248,32.59679672809825,-27.383503552153307,64.74105144246309,106.44785137684026,-66.93875676388329,68.98835474834266,-186.52645166135298,-19.915772668824076,-124.59424537987232,-198.82037990742393,-40.74118657856913,-207.6768958752589,16.105059024647396,-32.13206675058434,208.34944997782327,120.96884523249206,48.620502401168174
426.2129911544831,137.4680392444266,-351.74735050466717,126.93400094898426,156.45656602708792,325.2577876837705,-119.94816188740629,17.94478219142349,-138.43299070004159,-88.01201165293848,-57.96362216672731,499.56972814319124,-198.70784043119116,-54.571758495675596,66.42500216467401,246.4447261951672,59.79151687412091,-274.92175335683555,-299.2265185920787,-311.8097383230047,134.56773929034892,-140.11721144166583,207.6845417964609,45.998579718829816,-85.96222762303172,194.94013164090455,-99.92085614156719,66.40756950219877,-56.14165350596923,132.5862169560851,221.2038112400779,-139.7477843261103,143.85100152026888,-388.897438577042,-40.44972434859729,-259.387139529539,-413.64852106455993,-85.50410582342762,-430.89986230177163,33.45366259514851,-68.34116747924782,430.26328434276405,252.22554368134618,100.32029213330333
-157.22196529207045,-50.685952469728875,129.82778931542572,-46.831881606077516,-57.79512961134083,-119.94816188740629,44.259004415210185,-6.534411548400822,51.05969615767419,32.44919798154553,21.414544893289747,-184.33376154643966,73.26443813976569,19.99666887164567,-24.576949542176877,-90.96478247707434,-22.07091083379376,101.33111730703936,110.30793240809393,114.9877235632788,-49.616454890547445,51.60198386564479,-76.55551733344237,-16.954404801513448,31.723386376178333,-71.87850974370535,36.781474228701654,-24.51787037020868,20.7509039201589,-48.96311767060503,-81.5403695520617,51.50013256073651,-53.034812214772245,143.36612137367098,14.93728784157271,95.66218255578391,152.55536882313834,31.543130051562574,158.9127958389217,-12.358779892997635,25.14951420642434,-158.7551752170108,-93.00540217672493,-37.03638722493062
22.797783139546336,7.8181157336149525,-18.204595248325507,6.432107943826012,7.505125132328291,17.94478219142349,-6.534411548400822,2.0877987496914887,-7.824299046935442,-4.629805147394258,-2.7277243005537706,26.562311612166397,-10.913993977161565,-5.240596150339992,3.0509585604954546,13.310801672943901,3.5013897278134802,-15.766740999386933,-16.632172383564846,-17.212045440011174,7.888063605861785,-9.030735238505612,11.648058810901805,3.430408489776566,-4.58383808591413,10.899753690740182,-6.247072652034361,2.9858766191484456,-2.783408182313076,6.386973828847964,12.06766755712567,-7.99071150574649,8.08797404653025,-21.950597188903078,-1.7846503341298947,-14.487280812575221,-22.966296896093404,-5.124099148528577,-23.323655146573863,1.8983751257145833,-4.464663761465608,22.379833541906503,14.259686138930926,5.18225884643472
-181.2745779006026,-58.56279217195538,149.53271911716493,-53.91121846787013,-66.38531294371376,-138.43299070004159,51.05969615767419,-7.824299046935442,58.9967661813818,37.41073836494768,24.59464145610362,-212.49657193056495,84.53727185026163,23.687494902521777,-28.191169145630305,-104.91306547064663,-25.529206665371728,117.13294747195137,127.37926953677804,132.70898453939964,-57.38319512829626,59.92220038539876,-88.43526684095214,-19.808376581365145,36.56478293653071,-83.01945551607817,42.647410776747265,-28.124044366009976,23.855281645535932,-56.2610044436078,-94.10657001071989,59.49480496958499,-61.26740792055486,165.6016759183533,17.12054983513861,110.45718215131517,176.12430916837818,36.51969341183789,183.310864222308,-14.267338337478156,29.222913688544402,-182.88228877538427,-107.45035754070821,-42.667681254933825
-115.52906640632045,-37.14908897539382,95.42862409986579,-34.52126425659232,-42.5194451042606,-88.01201165293848,32.44919798154553,-4.629805147394258,37.41073836494768,23.94088027150859,15.785715355570714,-135.37891452974952,53.812545945138545,14.279124558868062,-18.029266287073103,-66.65127895726283,-16.083123206368274,74.3481360546119,81.07659904493535,84.38490767813222,-36.266697017711564,37.63566544425155,-56.245839791804,-12.175345723348542,23.269090926943413,-52.76714933321901,26.921079364176077,-18.156969419864765,15.189539238756488,-36.05713851198673,-60.02835054758195,37.77004412364553,-38.936797052783334,105.18583312023796,11.056418312849626,70.13406715119258,111.90738792904669,22.985730984757463,116.79856939541543,-8.981626408348426,18.377041965994675,-116.78980941092789,-68.20028032119896,-27.22097679017261
-76.285843771366,-24.408369961993746,63.22832857467885,-22.871279807659377,-28.37119181219591,-57.96362216672731,21.414544893289747,-2.7277243005537706,24.59464145610362,15.785715355570714,10.540147238173454,-89.48413268632278,35.436285659392176,8.769258745031962,-12.111139927115056,-44.04611972163253,-10.571105492933821,48.76209682218875,53.30076278852864,55.5844997488946,-23.78083348504642,24.415556934418763,-36.94470028730852,-7.809963002204523,15.39000335852861,-34.69038882432188,17.4984902957213,-12.128813148460747,10.135407301705136,-24.0214352068257,-39.49226269650139,24.788465123710044,-25.58331491278192,69.1120659355521,7.400568354939242,46.155327243538196,73.6715997930257,15.058395450314732,77.00490682117841,-5.940881903461337,11.886203426796014,-77.28791287072785,-44.823374667071036,-18.032078716937345
655.3803682400064,211.00059412337734,-541.484913320646,195.48280631367297,241.3730294931321,499.56972814319124,-184.33376154643966,26.562311612166397,-212.49657193056495,-135.37891452974952,-89.48413268632278,768.3795379290159,-305.2219733715027,-81.82755092723141,102.6808737185067,378.8850071479369,91.7166630087968,-421.8150370174683,-459.56745456926495,-478.9896320393978,206.300986856733,-214.07953005227563,318.85651457973756,69.89694071086882,-132.19878072686893,299.3254985663267,-152.80779143141194,102.57812440341311,-86.54570667466132,204.47122388013125,339.8755054022205,-214.36774871956175,220.84292950021486,-596.9316083536257,-62.527132029929064,-398.26499800351195,-635.3009465136382,-131.0016783063022,-662.2986064485635,51.38239602980038,-104.35515652748263,662.186061663732,387.1965408109747,154.44080660327654
-260.4565540804218,-83.95788113602282,214.95332216032327,-77.62768912739311,-95.60532904376754,-198.70784043119116,73.26443813976569,-10.913993977161565,84.53727185026163,53.812545945138545,35.436285659392176,-305.2219733715027,121.45857970762646,33.182347561163965,-40.560363121617954,-150.48114288978826,-36.454904838484616,167.9749054758818,182.88365966860962,190.5234155126631,-82.14536740509331,85.51632721412514,-126.93867498615887,-27.95852631999972,52.501787073846636,-119.1180740747783,61.05932640399123,-40.661696509608426,34.263972033238346,-81.04586419112442,-135.22061486662585,85.4017607508181,-87.91570584702608,237.61757112980078,24.743016333904208,158.44285347795096,252.69307517973553,52.14238222654598,263.34265374334046,-20.378316368201236,41.717672111214355,-262.97818609140256,-154.0658877681743,-61.27976205586639
-70.00610958638407,-23.549842068489298,56.592334914464836,-20.096238261246373,-23.9270862874294,-54.571758495675596,19.99666887164567,-5.240596150339992,23.687494902521777,14.279124558868062,8.769258745031962,-81.82755092723141,33.182347561163965,13.84634645561757,-9.927527827592444,-40.89509158441621,-10.526355044271018,47.3464506091612,50.41729520320733,52.300342850375586,-23.57864904203413,26.2723695948351,-35.22623873099322,-9.686762566881324,14.107225350100778,-33.032433157149256,18.23988833385731,-9.71375659820409,8.812513456756752,-20.34196283836523,-36.7817828814567,23.953734996556882,-24.457885610729804,66.22242081041574,5.841402184681941,43.92943776448941,69.75800804815529,15.289744943860692,71.32937092699234,-5.755163003296403,12.906011605736783,-69.36279268652886,-43.067432599840764,-16.16422864616038
87.45180903408698,27.986454382614454,-72.57201453105262,26.184429529442358,32.66533458233654,66.42500216467401,-24.576949542176877,3.0509585604954546,-28.191169145630305,-18.029266287073103,-12.111139927115056,102.6808737185067,-40.560363121617954,-9.927527827592444,14.03380697844371,50.63230760730109,12.186578414927041,-55.782290780798576,-60.95667320978997,-63.701549445449274,27.287818958164,-27.905653503829463,42.232834830528,9.007627205034984,-17.68395608212064,39.696841501205036,-19.952904633605637,13.86932934010372,-11.722054226899653,27.599173280799487,45.11942134390563,-28.361882992313,29.259050712941416,-79.12085059259029,-8.493627773720718,-52.8984286070801,-84.4345579708301,-17.316375343753943,-88.18331494257306,6.8918961707515924,-13.5495240731836,88.6115063603035,51.352758945188754,20.705221272695294
323.08261062304933,104.13979096238194,-266.8840878331958,96.2252497276801,118.91211817479713,246.4447261951672,-90.96478247707434,13.310801672943901,-104.91306547064663,-66.65127895726283,-44.04611972163253,378.8850071479369,-150.48114288978826,-40.89509158441621,50.63230760730109,187.03598804329553,45.39874565188686,-208.09142988920516,-226.5448531114413,-236.24015681349672,101.94515046779445,-105.90532105040636,157.20229099344468,34.84770277238632,-65.22244224958762,147.63631169268473,-75.44617196965132,50.384370113303305,-42.72640402711752,100.69851310496206,167.4563821011816,-105.75034991220838,108.91153285430276,-294.4663374118002,-30.723007710284758,-196.54625543619807,-313.44465421239966,-64.84379316076834,-326.4832529944256,25.453760328776962,-51.59288001877146,326.2788785378176,191.06869681534343,76.1585450178087
78.18962683871565,25.341792418831627,-64.46890244448622,23.162223112884046,28.599398259262955,59.79151687412091,-22.07091083379376,3.5013897278134802,-25.529206665371728,-16.083123206368274,-10.571105492933821,91.7166630087968,-36.454904838484616,-10.526355044271018,12.186578414927041,45.39874565188686,11.12633165598023,-50.61119327611987,-54.93678656788097,-57.30660161281541,24.89056100020908,-26.046222127544386,38.14077456782573,8.769760370277318,-15.804421329649756,35.83997670378676,-18.451928233309008,12.007411863325386,-10.330616186556302,24.198184638464312,40.527376723549544,-25.696771898777563,26.439680608885112,-71.53292530054229,-7.328442507893947,-47.74918718339555,-76.10577923506322,-15.900178417530421,-79.04932179762815,6.23857963023437,-12.688909670114027,78.79161915854529,46.461479961260515,18.415962963661844
-359.993500827313,-116.36405772112973,296.7612588877833,-107.07040834603198,-131.5732990370162,-274.92175335683555,101.33111730703936,-15.766740999386933,117.13294747195137,74.3481360546119,48.76209682218875,-421.8150370174683,167.9749054758818,47.3464506091612,-55.782290780798576,-208.09142988920516,-50.61119327611987,232.88875269438068,253.23065042450472,263.6484045774427,-113.9574481616391,119.19424388813786,-175.8166602839324,-39.280218672628216,72.5479409301335,-164.95798900053205,84.93676817492799,-55.81094240220089,47.21655544401496,-111.53638413681668,-187.0666911356516,118.28462926322298,-121.77436035420168,329.1172041418922,33.95992117755542,219.34162078352335,349.7970383118127,72.43391592246775,364.14773634111344,-28.245780662339588,58.19271710494354,-363.10087849182065,-213.48218308595622,-84.61365440790372
-392.1971805136941,-126.531113400361,323.56839711784744,-116.85294497572504,-143.71870466921135,-299.2265185920787,110.30793240809393,-16.632172383564846,127.37926953677804,81.07659904493535,53.30076278852864,-459.56745456926495,182.88365966860962,50.41729520320733,-60.95667320978997,-226.5448531114413,-54.93678656788097,253.23065042450472,275.64033010027066,286.9659762322306,-123.76890323355224,129.08306851329286,-191.3255595292576,-42.24030978722732,79.01991394620282,-179.4971786461071,92.12110787660848,-61.11560778553263,51.495765633066775,-121.84242060122368,-203.76018978138816,128.62754585432555,-132.49453042748402,358.0142218870591,37.191514213328226,238.63080299528622,380.64333011401584,78.58190449291064,396.62626625240154,-30.671322072611474,63.012056660294476,-395.90718831516966,-232.18777801818533,-92.2530069737325
-408.6745712742253,-131.8203317736445,337.28094451311836,-121.72224739078634,-149.99165812648755,-311.8097383230047,114.9877235632788,-17.212045440011174,132.70898453939964,84.38490767813222,55.5844997488946,-478.9896320393978,190.5234155126631,52.300342850375586,-63.701549445449274,-236.24015681349672,-57.30660161281541,263.6484045774427,286.9659762322306,298.9980949276866,-128.9960367289489,134.3373295088839,-199.16867825506125,-44.04833835183965,82.40686563847376,-186.92187045210176,95.83583320057798,-63.68046822755374,53.80459562504523,-127.09153271661901,-212.1036075759,133.99633251175092,-137.95114102355518,372.90260535862535,38.7810059161307,248.66512542373536,396.5939003145104,81.93507295034792,413.1647726577138,-32.06095596729194,65.52797539735309,-412.5630389064075,-241.85498232018756,-96.16258158220167
176.00392209268455,56.98919715176699,-145.03339306939674,52.22647344507363,64.28518349763685,134.56773929034892,-49.616454890547445,7.888063605861785,-57.38319512829626,-36.266697017711564,-23.78083348504642,206.300986856733,-82.14536740509331,-23.57864904203413,27.287818958164,101.94515046779445,24.89056100020908,-113.9574481616391,-123.76890323355224,-128.9960367289489,55.92413124093538,-58.55902274935805,85.95045843625567,19.512513854579417,-35.51906821775081,80.6915897507494,-41.61614478610741,27.133693157690466,-23.1510975388647,54.462733078763954,91.36208734274193,-57.90396523407826,59.55383177809194,-161.06858942693935,-16.52675593492693,-107.41226539568154,-171.21933257358515,-35.6276803679728,-178.0128796299364,13.920372478095263,-28.5614894718079,177.38266113884876,104.51045582621877,41.37730926178739
-182.75550635870925,-59.51498991406154,150.14458236010717,-54.00505661872308,-66.01767192313524,-140.11721144166583,51.60198386564479,-9.030735238505612,59.92220038539876,37.63566544425155,24.415556934418763,-214.07953005227563,85.51632721412514,26.2723695948351,-27.905653503829463,-105.90532105040636,-26.046222127544386,119.19424388813786,129.08306851329286,134.3373295088839,-58.55902274935805,62.018282307988976,-89.7428264718298,-20.96157702433222,36.8388998398541,-84.20186280502578,43.93313533847447,-27.77944063759342,23.82632739926658,-55.9993281774511,-95.11944191270153,60.489035844796916,-62.19099736950561,168.13600652387746,16.86982663651147,111.98470879284949,178.4335076268616,37.3910554613564,185.09348287387357,-14.482088943052332,30.294909998460373,-183.72520276996843,-109.12248772549042,-42.830438942677304
272.12907574326266,87.83123825590705,-224.4530115757267,81.05929566662503,99.61565972883847,207.6845417964609,-76.55551733344237,11.648058810901805,-88.43526684095214,-56.245839791804,-36.94470028730852,318.85651457973756,-126.93867498615887,-35.22623873099322,42.232834830528,157.20229099344468,38.14077456782573,-175.8166602839324,-191.3255595292576,-199.16867825506125,85.95045843625567,-89.7428264718298,132.83185970236332,29.400623477514163,-54.820282236354835,124.60923570792143,-64.02506421280616,42.363611705316245,-35.70709614284725,84.47908710704212,141.40738092568128,-89.30007163896188,91.9895552772912,-248.53673994348333,-25.763400926671252,-165.64638239165572,-264.20564333857334,-54.5853829812703,-275.237329774459,21.27758632281274,-43.80223054296883,274.63575600573193,161.17827560820436,63.99171841302876
59.6079168575831,19.653638874550996,-48.77848024714395,17.375559667290077,21.258418053734715,45.998579718829816,-16.954404801513448,3.430408489776566,-19.808376581365145,-12.175345723348542,-7.809963002204523,69.89694071086882,-27.95852631999972,-9.686762566881324,9.007627205034984,34.84770277238632,8.769760370277318,-39.280218672628216,-42.24030978722732,-44.04833835183965,19.512513854579417,-20.96157702433222,29.400623477514163,7.48171054824395,-12.06998716297444,27.649371899886383,-14.644587366742739,8.726278800033304,-7.784649286674903,17.9914479853878,30.989487723436678,-19.914615520054358,20.41166424433367,-55.29858860390817,-5.311531782931014,-36.884308200547565,-58.662956007190274,-12.601067505878651,-60.42264186827383,4.886509752840689,-10.226885070813854,59.61910954595448,35.97796305612739,13.96226915614396
-112.74030312936034,-36.30849353500944,93.14847063265717,-33.601610483953145,-41.54699602788224,-85.96222762303172,31.723386376178333,-4.58383808591413,36.56478293653071,23.269090926943413,15.39000335852861,-132.19878072686893,52.501787073846636,14.107225350100778,-17.68395608212064,-65.22244224958762,-15.804421329649756,72.5479409301335,79.01991394620282,82.40686563847376,-35.51906821775081,36.8388998398541,-54.820282236354835,-12.06998716297444,22.757990513372206,-51.47896666905492,26.27740446029598,-17.62215875843692,14.911516616507178,-35.177314666541896,-58.43302034697936,36.88603629060312,-37.97462122246783,102.68958819967136,10.750383975481682,68.5359547719094,109.30701238535627,22.5678474605619,113.91391598055799,-8.868394130550602,17.953392648006123,-113.89561874397175,-66.6156986160427,-26.572233410203495
255.41286438788413,82.43476136452341,-210.71120631932743,76.05619935549952,93.56708437178325,194.94013164090455,-71.87850974370535,10.899753690740182,-83.01945551607817,-52.76714933321901,-34.69038882432188,299.3254985663267,-119.1180740747783,-33.032433157149256,39.696841501205036,147.63631169268473,35.83997670378676,-164.95798900053205,-179.4971786461071,-186.92187045210176,80.6915897507494,-84.20186280502578,124.60923570792143,27.649371899886383,-51.47896666905492,116.93230504144329,-60.036730324644196,39.75092470544266,-33.55877704050634,79.32658564709726,132.6619521261368,-83.79508559210828,86.30865711086459,-233.22244120757193,-24.182872015185676,-155.49564190177026,-247.9909800002741,-51.27490140475055,-258.29902343438636,20.010754532002373,-41.084168461893746,257.775201259789,151.27303576042908,60.091414912889405
-130.50379181563466,-42.38604870562021,107.28319908399054,-38.67456748465215,-47.26193569710248,-99.92085614156719,36.781474228701654,-6.247072652034361,42.647410776747265,26.921079364176077,17.4984902957213,-152.80779143141194,61.05932640399123,18.23988833385731,-19.952904633605637,-75.44617196965132,-18.451928233309008,84.93676817492799,92.12110787660848,95.83583320057798,-41.61614478610741,43.93313533847447,-64.02506421280616,-14.644587366742739,26.27740446029598,-60.036730324644196,31.24832816155658,-19.998356879165723,16.99085625738822,-40.10459200990708,-67.94741944557691,43.14091199040253,-44.351538316518905,119.87155661161644,12.134240691398873,79.79568659044101,127.19055964260028,26.483986250268384,132.15743413815125,-10.25596758320518,21.474239269665446,-131.33309257332095,-77.73569310365406,-30.56593440720503
87.49808720501889,27.902053174598972,-72.55738941654924,26.328028084179362,32.59679672809825,66.40756950219877,-24.51787037020868,2.9858766191484456,-28.124044366009976,-18.156969419864765,-12.128813148460747,102.57812440341311,-40.661696509608426,-9.71375659820409,13.86932934010372,50.384370113303305,12.007411863325386,-55.81094240220089,-61.11560778553263,-63.68046822755374,27.133693157690466,-27.77944063759342,42.363611705316245,8.726278800033304,-17.62215875843692,39.75092470544266,-19.998356879165723,14.050966929275663,-11.592317746209153,27.644757674116104,45.349509366187796,-28.39755851513032,29.322538562410386,-79.1500698614117,-8.548322557759553,-52.83658495531845,-84.35531517895762,-17.122262542764,-88.33980660431988,6.728322419334108,-13.5310106248618,88.74554576950077,51.2764786795374,20.676765356008655
-73.73616926702677,-23.67708766035674,61.063399581632574,-22.013792559221343,-27.383503552153307,-56.14165350596923,20.7509039201589,-2.783408182313076,23.855281645535932,15.189539238756488,10.135407301705136,-86.54570667466132,34.263972033238346,8.812513456756752,-11.722054226899653,-42.72640402711752,-10.330616186556302,47.21655544401496,51.495765633066775,53.80459562504523,-23.1510975388647,23.82632739926658,-35.70709614284725,-7.784649286674903,14.911516616507178,-33.55877704050634,16.99085625738822,-11.592317746209153,9.852694677457619,-23.15761893569927,-38.0904427869877,24.016056785879655,-24.738072500629382,66.93279162529613,7.095339283803227,44.73513614335522,71.35937626710155,14.718810786713204,74.40856078220757,-5.830342977022865,11.57801330078453,-74.58757027477525,-43.4322917919605,-17.42708658361804
174.3346829826512,55.83252874940464,-144.38795979094644,52.21928111783815,64.74105144246309,132.5862169560851,-48.96311767060503,6.386973828847964,-56.2610044436078,-36.05713851198673,-24.0214352068257,204.47122388013125,-81.04586419112442,-20.34196283836523,27.599173280799487,100.69851310496206,24.198184638464312,-111.53638413681668,-121.84242060122368,-127.09153271661901,54.462733078763954,-55.9993281774511,84.47908710704212,17.9914479853878,-35.177314666541896,79.32658564709726,-40.10459200990708,27.644757674116104,-23.15761893569927,54.83900949942185,90.26410321629196,-56.73573727426781,58.49792153985857,-158.09818440442066,-16.86723416343847,-105.5816698385936,-168.4796038622059,-34.5066223993811,-176.0132875882399,13.59551812219037,-27.259363450894803,176.52413208396803,102.50536462221568,41.18494172991645
290.06325758381644,93.4628622096545,-239.39092168666997,86.51626973682949,106.44785137684026,221.2038112400779,-81.5403695520617,12.06766755712567,-94.10657001071989,-60.02835054758195,-39.49226269650139,339.8755054022205,-135.22061486662585,-36.7817828814567,45.11942134390563,167.4563821011816,40.527376723549544,-187.0666911356516,-203.76018978138816,-212.1036075759,91.36208734274193,-95.11944191270153,141.40738092568128,30.989487723436678,-58.43302034697936,132.6619521261368,-67.94741944557691,45.349509366187796,-38.0904427869877,90.26410321629196,150.73060300847368,-95.03892701261483,97.91113824236571,-264.548378204092,-27.599201934686604,-176.3541937063678,-281.32383610306914,-57.96416202289689,-293.32305352974055,22.624555901779033,-46.44454957743202,292.9582275811564,171.54238767472646,68.26710888194908
-182.9650113782736,-59.11375304571834,150.82627257292188,-54.41836965899056,-66.93875676388329,-139.7477843261103,51.50013256073651,-7.99071150574649,59.49480496958499,37.77004412364553,24.788465123710044,-214.36774871956175,85.4017607508181,23.953734996556882,-28.361882992313,-105.75034991220838,-25.696771898777563,118.28462926322298,128.62754585432555,133.99633251175092,-57.90396523407826,60.489035844796916,-89.30007163896188,-19.914615520054358,36.88603629060312,-83.79508559210828,43.14091199040253,-28.39755851513032,24.016056785879655,-56.73573727426781,-95.03892701261483,60.15070226810249,-61.85511317715082,167.24317152609132,17.276954383526697,111.47779619509481,177.74402934699407,36.78199484654172,185.05888523552977,-14.359302151007302,29.529304755996982,-184.5539016780813,-108.44113906380511,-42.98857453196475
188.46393662977155,60.83952416075254,-155.45239559724808,56.11910158221067,68.98835474834266,143.85100152026888,-53.034812214772245,8.08797404653025,-61.26740792055486,-38.936797052783334,-25.58331491278192,220.84292950021486,-87.91570584702608,-24.457885610729804,29.259050712941416,108.91153285430276,26.439680608885112,-121.77436035420168,-132.49453042748402,-137.95114102355518,59.55383177809194,-62.19099736950561,91.9895552772912,20.41166424433367,-37.97462122246783,86.30865711086459,-44.351538316518905,29.322538562410386,-24.738072500629382,58.49792153985857,97.91113824236571,-61.85511317715082,63.71484283711701,-172.14366231976254,-17.828031126017343,-114.74988939565286,-183.01030009044823,-37.83572823220733,-190.61249262446088,14.752757044932652,-30.347246601074243,190.18460436116195,111.6480241746713,44.32263131778923
-509.3894776604818,-164.49751383523298,420.10699142622383,-151.5912915739716,-186.52645166135298,-388.897438577042,143.36612137367098,-21.950597188903078,165.6016759183533,105.18583312023796,69.1120659355521,-596.9316083536257,237.61757112980078,66.22242081041574,-79.12085059259029,-294.4663374118002,-71.53292530054229,329.1172041418922,358.0142218870591,372.90260535862535,-161.06858942693935,168.13600652387746,-248.53673994348333,-55.29858860390817,102.68958819967136,-233.22244120757193,119.87155661161644,-79.1500698614117,66.93279162529613,-158.09818440442066,-264.548378204092,167.24317152609132,-172.14366231976254,465.32395336366557,48.17722079417999,310.21100892549464,494.69912257707006,102.34872655452051,515.1463986173891,-39.969945281009416,82.05161057456698,-513.9669090947566,-301.79375917371567,-119.7820326488581
-53.314433693765515,-17.00113987719023,44.22997807600217,-16.03533571189021,-19.915772668824076,-40.44972434859729,14.93728784157271,-1.7846503341298947,17.12054983513861,11.056418312849626,7.400568354939242,-62.527132029929064,24.743016333904208,5.841402184681941,-8.493627773720718,-30.723007710284758,-7.328442507893947,33.95992117755542,37.191514213328226,38.7810059161307,-16.52675593492693,16.86982663651147,-25.763400926671252,-5.311531782931014,10.750383975481682,-24.182872015185676,12.134240691398873,-8.548322557759553,7.095339283803227,-16.86723416343847,-27.599201934686604,17.276954383526697,-17.828031126017343,48.17722079417999,5.227001133038971,32.170631770213376,51.371027907094046,10.433568682120422,53.79637219552342,-4.124333852535424,8.218125371730883,-54.088080365468166,-31.222915334015248,-12.608784490305085
-339.7735574234797,-109.67258493694506,280.34375081996063,-101.11659537546878,-124.59424537987232,-259.387139529539,95.66218255578391,-14.487280812575221,110.45718215131517,70.13406715119258,46.155327243538196,-398.26499800351195,158.44285347795096,43.92943776448941,-52.8984286070801,-196.54625543619807,-47.74918718339555,219.34162078352335,238.63080299528622,248.66512542373536,-107.41226539568154,111.98470879284949,-165.64638239165572,-36.884308200547565,68.5359547719094,-155.49564190177026,79.79568659044101,-52.83658495531845,44.73513614335522,-105.5816698385936,-176.3541937063678,111.47779619509481,-114.74988939565286,310.21100892549464,32.170631770213376,206.91144976857973,329.93002250611545,68.29396911127749,343.5459964418613,-26.706535656338794,54.61794516779382,-342.89532593839965,-201.22479947009825,-79.96441690770281
-542.001282419043,-174.89642217267937,447.26480747637214,-161.36548011291887,-198.82037990742393,-413.64852106455993,152.55536882313834,-22.966296896093404,176.12430916837818,111.90738792904669,73.6715997930257,-635.3009465136382,252.69307517973553,69.75800804815529,-84.4345579708301,-313.44465421239966,-76.10577923506322,349.7970383118127,380.64333011401584,396.5939003145104,-171.21933257358515,178.4335076268616,-264.20564333857334,-58.662956007190274,109.30701238535627,-247.9909800002741,127.19055964260028,-84.35531517895762,71.35937626710155,-168.4796038622059,-281.32383610306914,177.74402934699407,-183.01030009044823,494.69912257707006,51.371027907094046,329.93002250611545,526.1596081221257,108.82868014479328,547.9950327526849,-42.56398174500158,87.03127936274842,-547.0717447730426,-320.8971058452285,-127.56662433079877
-111.71683273920111,-36.24225995250433,92.02945308151241,-33.07899273744397,-40.74118657856913,-85.50410582342762,31.543130051562574,-5.124099148528577,36.51969341183789,22.985730984757463,15.058395450314732,-131.0016783063022,52.14238222654598,15.289744943860692,-17.316375343753943,-64.84379316076834,-15.900178417530421,72.43391592246775,78.58190449291064,81.93507295034792,-35.6276803679728,37.3910554613564,-54.5853829812703,-12.601067505878651,22.5678474605619,-51.27490140475055,26.483986250268384,-17.122262542764,14.718810786713204,-34.5066223993811,-57.96416202289689,36.78199484654172,-37.83572823220733,102.34872655452051,10.433568682120422,68.29396911127749,108.82868014479328,22.761961551974757,112.99712354379285,-8.895208877467585,18.222517412640702,-112.5083277324334,-66.45406200462985,-26.283471943800958
-565.0770188805811,-182.04625896303534,466.5635602233325,-168.5047547388069,-207.6768958752589,-430.89986230177163,158.9127958389217,-23.323655146573863,183.310864222308,116.79856939541543,77.00490682117841,-662.2986064485635,263.34265374334046,71.32937092699234,-88.18331494257306,-326.4832529944256,-79.04932179762815,364.14773634111344,396.62626625240154,413.1647726577138,-178.0128796299364,185.09348287387357,-275.237329774459,-60.42264186827383,113.91391598055799,-258.29902343438636,132.15743413815125,-88.33980660431988,74.40856078220757,-176.0132875882399,-293.32305352974055,185.05888523552977,-190.61249262446088,515.1463986173891,53.79637219552342,343.5459964418613,547.9950327526849,112.99712354379285,571.2477777186755,-44.20901075031529,90.2933841213336,-570.7550669920386,-334.0794399113785,-133.04723749631478
43.77523423341197,14.173844727767396,-36.137573810718244,12.96085375426134,16.105059024647396,33.45366259514851,-12.358779892997635,1.8983751257145833,-14.267338337478156,-8.981626408348426,-5.940881903461337,51.38239602980038,-20.378316368201236,-5.755163003296403,6.8918961707515924,25.453760328776962,6.23857963023437,-28.245780662339588,-30.671322072611474,-32.06095596729194,13.920372478095263,-14.482088943052332,21.27758632281274,4.886509752840689,-8.868394130550602,20.010754532002373,-10.25596758320518,6.728322419334108,-5.830342977022865,13.59551812219037,22.624555901779033,-14.359302151007302,14.752757044932652,-39.969945281009416,-4.124333852535424,-26.706535656338794,-42.56398174500158,-8.895208877467585,-44.20901075031529,3.5240380713032318,-7.046947983920616,44.136154150820865,25.967861743784237,10.32221194979867
-89.11994266414422,-29.04140194935141,73.16411289228611,-26.327568447253768,-32.13206675058434,-68.34116747924782,25.14951420642434,-4.464663761465608,29.222913688544402,18.377041965994675,11.886203426796014,-104.35515652748263,41.717672111214355,12.906011605736783,-13.5495240731836,-51.59288001877146,-12.688909670114027,58.19271710494354,63.012056660294476,65.52797539735309,-28.5614894718079,30.294909998460373,-43.80223054296883,-10.226885070813854,17.953392648006123,-41.084168461893746,21.474239269665446,-13.5310106248618,11.57801330078453,-27.259363450894803,-46.44454957743202,29.529304755996982,-30.347246601074243,82.05161057456698,8.218125371730883,54.61794516779382,87.03127936274842,18.222517412640702,90.2933841213336,-7.046947983920616,14.823239028536076,-89.57403528943556,-53.246909813341865,-20.867203977149043
564.847549469025,181.60161082905628,-466.8967841862887,168.70695110249494,208.34944997782327,430.26328434276405,-158.7551752170108,22.379833541906503,-182.88228877538427,-116.78980941092789,-77.28791287072785,662.186061663732,-262.97818609140256,-69.36279268652886,88.6115063603035,326.2788785378176,78.79161915854529,-363.10087849182065,-395.90718831516966,-412.5630389064075,177.38266113884876,-183.72520276996843,274.63575600573193,59.61910954595448,-113.89561874397175,257.775201259789,-131.33309257332095,88.74554576950077,-74.58757027477525,176.52413208396803,292.9582275811564,-184.5539016780813,190.18460436116195,-513.9669090947566,-54.088080365468166,-342.89532593839965,-547.0717447730426,-112.5083277324334,-570.7550669920386,44.136154150820865,-89.57403528943556,571.0440482800408,333.31120261424576,133.14540741587788
330.36099749012004,106.72132464411027,-272.4844838040288,98.27286646389206,120.96884523249206,252.22554368134618,-93.00540217672493,14.259686138930926,-107.45035754070821,-68.20028032119896,-44.823374667071036,387.1965408109747,-154.0658877681743,-43.067432599840764,51.352758945188754,191.06869681534343,46.461479961260515,-213.48218308595622,-232.18777801818533,-241.85498232018756,104.51045582621877,-109.12248772549042,161.17827560820436,35.97796305612739,-66.6156986160427,151.27303576042908,-77.73569310365406,51.2764786795374,-43.4322917919605,102.50536462221568,171.54238767472646,-108.44113906380511,111.6480241746713,-301.79375917371567,-31.222915334015248,-201.22479947009825,-320.8971058452285,-66.45406200462985,-334.0794399113785,25.967861743784237,-53.246909813341865,333.31120261424576,195.79245752898876,77.71356641831134
131.690164247584,42.33897760033272,-108.89371675433514,39.31651879394848,48.620502401168174,100.32029213330333,-37.03638722493062,5.18225884643472,-42.667681254933825,-27.22097679017261,-18.032078716937345,154.44080660327654,-61.27976205586639,-16.16422864616038,20.705221272695294,76.1585450178087,18.415962963661844,-84.61365440790372,-92.2530069737325,-96.16258158220167,41.37730926178739,-42.830438942677304,63.99171841302876,13.96226915614396,-26.572233410203495,60.091414912889405,-30.56593440720503,20.676765356008655,-17.42708658361804,41.18494172991645,68.26710888194908,-42.98857453196475,44.32263131778923,-119.7820326488581,-12.608784490305085,-79.96441690770281,-127.56662433079877,-26.283471943800958,-133.04723749631478,10.32221194979867,-20.867203977149043,133.14540741587788,77.71356641831134,31.085825499260743
