V1,V2,V3,V4,V5,V6,V7,V8,V9,V10,V11,V12,V13,V14,V15,V16,V17,V18,V19,V20,V21,V22,V23,V24,V25,V26,V27,V28,V29,V30,V31,V32,V33,V34,V35,V36,V37,V38,V39,V40,V41,V42,V43,V44
6.850324490413611,-3.024884527938942,-12.234116106304866,6.051127774627495,12.235801368388513,-1.0767931145081235,-0.3919598017432642,-12.229399949946735,2.878769071030764,-2.323460538244477,-5.076510979178479,9.421255820690122,-0.13016321394454913,25.610174743468374,6.579690207924666,1.9048206603997349,-2.743544721829144,7.503534592077472,2.1472662632070554,0.8969939647516326,-5.831251368125065,15.449574958028295,-2.8080450007532587,-10.676715267048628,-1.4989466316770466,-2.3787803675042714,8.44024850190328,7.495461033333379,-3.1773461103491316,9.911123662708201,1.0134147017424577,3.268906359420051,-2.221776676949016,6.60100708753127,-4.989256399676228,2.9891162051892337,3.160732498751264,5.289716572821008,-3.84410884541179,-0.7826159962009415,8.046500313944819,14.064638726021036,-4.75759116243976,3.391871855724297
-3.024884527938942,2.682557418379556,7.090263733088769,-3.7009780017062375,-7.886912479280699,2.081756280388473,-0.23231913653280373,8.591761730512285,-2.559834938737539,1.2668744347980505,3.3083630309622043,-4.516832076482198,-0.7397883581183805,-18.086704686856898,-4.309047522963332,-0.3121236431820702,2.1511847231942167,-6.364012986300002,-2.725204104215461,-1.897365707736954,4.607759084095624,-11.35595632385895,2.8145062448928284,7.62879608625143,0.6881696257286453,2.4536305238986316,-6.289077663260521,-4.953583642843961,1.9833360125086836,-6.371622074912451,0.2126509159893272,-2.8701614326668037,2.1240431264215225,-6.187933630233868,3.3155273590205505,-3.1457655123130457,-3.900411657974408,-4.051692747722488,0.9113990622727285,0.673089593417762,-5.900732014420272,-8.03720482076662,4.349897633692176,-1.9633491082085508
-12.234116106304866,7.090263733088769,24.007729116935405,-12.10756583020779,-25.016586892142147,3.952954556793392,0.1729223874534761,25.879394893213398,-6.7501426074266115,4.471169122740932,10.409375041550293,-17.289175562767436,-0.7905197500581077,-54.31425634992351,-13.52065428845742,-2.7480869416683915,6.081488788232363,-17.24846632855927,-6.0889148005098095,-3.495788084715247,12.987975473178851,-33.320655640502494,7.003400631144073,22.75610093045956,2.7084234870621247,6.031693119872518,-18.30235929896717,-15.457689806424694,6.427119609087411,-20.231298379355707,-0.9856350336896554,-7.6318367807931375,5.422132840851148,-15.91302174555034,10.302128099537944,-7.643015507820756,-8.800167526349735,-11.606866926165802,5.885667705696092,1.8031274726683397,-17.324024100456818,-27.429773849792294,11.338465081916887,-6.652398674717096
6.051127774627495,-3.7009780017062375,-12.10756583020779,6.142154773840342,12.727791541994463,-2.185584787954249,-0.024410879477407648,-13.260816893922582,3.530646134612683,-2.2309011675217967,-5.296908067402841,8.602458756099116,0.5000671210476687,27.841385021763372,6.889728183025283,1.2731094730463797,-3.1457614447248328,8.963704062328398,3.2598569471757872,1.9452042874108273,-6.716348962247382,17.128038335535553,-3.6810192468131855,-11.676186294995766,-1.3411669638036199,-3.178035733208099,9.420085923067735,7.890496302737107,-3.2556204589081648,10.289920287809194,0.39148342237299805,3.979228221342883,-2.8445997951472863,8.347966127873242,-5.261414207492805,4.0594785668248505,4.715174271191329,5.9956437891345455,-2.79762817292632,-0.9398067518060144,8.906248690488265,13.831324861033552,-5.936276942517399,3.3534338069831713
12.235801368388513,-7.886912479280699,-25.016586892142147,12.727791541994463,26.51561344818659,-4.91780683747581,0.0675927680580711,-27.803093589857923,7.533061529305958,-4.5999105325543415,-11.037544958270988,17.50836393927367,1.257350296652919,58.37936334994819,14.366147763272883,2.431027617212599,-6.649665632247689,19.066677459796786,7.1511216036118475,4.400802119337255,-14.216609175574717,36.027256909162574,-7.935218204277412,-24.50801962638435,-2.7248600891228136,-6.8740003412646695,19.83963273209801,16.448507561077484,-6.777533629319851,21.422966066832902,0.5999679205752385,8.47012612668577,-6.121172445278531,17.886209372401474,-10.967486919668493,8.7552606557165,10.300770675886941,12.630856570644022,-5.419344765343538,-2.0035768179171725,18.719675594295506,28.52974825668996,-12.694057042251204,6.921695434359048
-1.0767931145081235,2.081756280388473,3.952954556793392,-2.185584787954249,-4.91780683747581,2.105406233266102,-0.4182772485899553,5.769049667297104,-2.0123348662163125,0.649039793518786,2.070914372370546,-1.9127129156581533,-0.9276772707952275,-12.170327083464755,-2.7255309205393945,0.3305118543429821,1.566760590695997,-4.840127790964863,-2.476127814253607,-1.953534765723748,3.3725504228710856,-7.869221363102456,2.3285865536404358,5.187512969746339,0.2698735932670532,2.0681254235244797,-4.409396092101849,-3.153699044384236,1.202679978313986,-3.9523035116781706,0.6208490189287301,-2.208978790745146,1.7415037276618053,-4.981491479006517,2.114853392548373,-2.6706776544700466,-3.50766790514008,-2.8810123289720915,-0.3378130793400213,0.524211595680587,-4.073077726353145,-4.409020404655527,3.4555281991561357,-1.083746627192652
-0.3919598017432642,-0.23231913653280373,0.1729223874534761,-0.024410879477407648,0.0675927680580711,-0.4182772485899553,0.1745478836246503,-0.2631253095425782,0.19935579891767397,0.05304818273360449,-0.029930400690613156,-0.4198233211362249,0.27090847788480155,0.6047497392604568,0.039335446668915974,-0.27205622183222217,-0.11802431083595305,0.4834786245085045,0.4120864055831393,0.39074447968780457,-0.27377511553897405,0.4914393294586741,-0.3076079765499484,-0.27381532014404236,0.08601564978597236,-0.28304871306332235,0.2770114138462979,0.07347114373648939,-0.0010551952668391902,0.047367059697388636,-0.2613987263407638,0.25467507241266046,-0.2080093083620036,0.5964483009723373,-0.04954102623984731,0.39364676808208976,0.5686835513886971,0.23134464695534881,0.4452517041705048,-0.037927200556970096,0.24939749744534498,-0.24899997338452712,-0.40957099203900027,-0.040638616920292595
-12.229399949946735,8.591761730512285,25.879394893213398,-13.260816893922582,-27.803093589857923,5.769049667297104,-0.2631253095425782,29.480255774360796,-8.23399661132137,4.709862426663709,11.590849976288235,-17.682016502401385,-1.65786890039634,-61.918325759864906,-15.107175087240888,-2.147224805031346,7.152489181677929,-20.668926394831715,-8.083869409914971,-5.201636312671367,15.290469205731148,-38.39645343720962,8.760750661667192,26.037290577875176,2.7417522341891245,7.612448829694629,-21.192256471694535,-17.31114176429227,7.072862494859138,-22.456462533526246,-0.25640177577020695,-9.207494311909889,6.7325534327710175,-19.622366212251546,11.552520333589069,-9.719064223467605,-11.625758354651433,-13.522391257965484,4.993177404833236,2.189229326131864,-19.94679467615312,-29.47982847928908,13.878099194453569,-7.152257299369764
2.878769071030764,-2.559834938737539,-6.7501426074266115,3.530646134612683,7.533061529305958,-2.0123348662163125,0.19935579891767397,-8.23399661132137,2.490715806214787,-1.1833554826039032,-3.1504078048072164,4.298667040149222,0.6828061516636372,17.289538721667814,4.131649501370665,0.289274088555384,-2.075540182902306,6.093527348587458,2.6158905636623704,1.8435188387006756,-4.42999509870977,10.852480880772857,-2.692106205277526,-7.30562407908822,-0.6622379124424013,-2.3591092425512845,6.033698515847561,4.740549291177185,-1.889447597281904,6.076033973437929,-0.1966200001836719,2.7229305100987014,-2.062208122634613,5.961297546785534,-3.170770953006425,3.0306722903257617,3.754466952362956,3.8615619709256404,-0.848848415724806,-0.6658735931775629,5.634239289993452,7.675292648456486,-4.1774791961324755,1.853154418616815
-2.323460538244477,1.2668744347980505,4.471169122740932,-2.2309011675217967,-4.5999105325543415,0.649039793518786,0.05304818273360449,4.709862426663709,-1.1833554826039032,0.8639074517549514,1.9214188778230066,-3.260474747817923,-0.11715865716153596,-9.89695382434194,-2.4746988157041034,-0.5649008381458362,1.090294587609335,-3.0964615052193416,-1.0546634236536792,-0.5655570710454342,2.335782664558582,-6.058588121959771,1.246518075846165,4.13932989897035,0.5129906635639911,1.0662561145875515,-3.3135423941341027,-2.821105826055245,1.194286857137548,-3.7274910956661427,-0.22638936152483422,-1.371175998701667,0.952676189012438,-2.8009972854211473,1.880665109002881,-1.312774616405652,-1.512004212839164,-2.094226264953462,1.1696129308292318,0.31612299830444107,-3.1488726747954776,-5.092904333079411,2.00564747111189,-1.245208907804102
-5.076510979178479,3.3083630309622043,10.409375041550293,-5.296908067402841,-11.037544958270988,2.070914372370546,-0.029930400690613156,11.590849976288235,-3.1504078048072164,1.9214188778230066,4.609897292734142,-7.2646818829023,-0.5386373467318867,-24.348725719253984,-5.987641241869595,-0.9977333519526743,2.776295180987467,-7.9809603009429555,-3.003129089945496,-1.8539053516722248,5.932058759473529,-15.04417678652918,3.3334037752084633,10.2207997215481,1.1326726001940033,2.878441512976825,-8.284954182997613,-6.852612614028827,2.8183378835052846,-8.927952678828358,-0.22868147076198447,-3.553410581392485,2.552932752416946,-7.481227194956103,4.57552665812487,-3.6530635503427393,-4.325598796167973,-5.275553133825671,2.226501489651301,0.8387688647536474,-7.822993617804329,-11.869457515864577,5.305090853402135,-2.884832975272033
9.421255820690122,-4.516832076482198,-17.289175562767436,8.602458756099116,17.50836393927367,-1.9127129156581533,-0.4198233211362249,-17.682016502401385,4.298667040149222,-3.260474747817923,-7.2646818829023,13.061362664673446,0.04255695889296657,37.05566078412937,9.426333447194562,2.4799947184837428,-4.023628052107195,11.135270233773952,3.4329772558867555,1.6355093460450258,-8.567297832242016,22.46792338447483,-4.2815623877518,-15.471728205150846,-2.066418157423992,-3.6498683625921027,12.293082497468331,10.75375170053874,-4.532090779637088,14.172671593469408,1.2176297832553444,4.87770012637673,-3.365907063044859,9.95710953186446,-7.158332527575131,4.6099389287373915,5.017646828344912,7.73790355764468,-5.080570152652036,-1.1593213916194502,11.694093196798761,19.83779692185377,-7.150612453580539,4.793736286115766
-0.13016321394454913,-0.7397883581183805,-0.7905197500581077,0.5000671210476687,1.257350296652919,-0.9276772707952275,0.27090847788480155,-1.65786890039634,0.6828061516636372,-0.11715865716153596,-0.5386373467318867,0.04255695889296657,0.49951228972917167,3.550662376846312,0.7001011142402268,-0.3445138305289214,-0.49545834183708126,1.6647302113940639,1.0175741641907972,0.863431415570352,-1.0883586859830339,2.404122527152155,-0.8820494599841109,-1.527879683576741,0.018011888894081524,-0.7887872644104102,1.3479521450639322,0.8300976429249538,-0.2960571159479958,1.0081922538430572,-0.41380935195552276,0.7943238747014081,-0.6283469255450043,1.7977255426021839,-0.5595526300939839,1.0236055073792227,1.4176420226375153,0.9237559398904452,0.5290096839368366,-0.16464146640639224,1.2401561374593737,0.817704879228449,-1.2415865953861016,0.22582066228247213
25.610174743468374,-18.086704686856898,-54.31425634992351,27.841385021763372,58.37936334994819,-12.170327083464755,0.6047497392604568,-61.918325759864906,17.289538721667814,-9.89695382434194,-24.348725719253984,37.05566078412937,3.550662376846312,130.09935018688466,31.711322149822298,4.458971458598069,-15.022641046787061,43.473074127749754,17.036138006445388,10.967806930486692,-32.12652299929792,80.70143887983716,-18.446757075200512,-54.70150713700153,-5.7350244517238975,-16.019136497123355,44.52274795550987,36.353797326041004,-14.849198491510796,47.16386046233377,0.48070396434116985,19.398604668943616,-14.142369427579819,41.26790485833396,-24.26460526658546,20.460649233585322,24.493338231560326,28.4448330499126,-10.414586791067958,-4.58510417226462,41.92995726199883,61.84637195333108,-29.195240905428538,15.027350332735107
6.579690207924666,-4.309047522963332,-13.52065428845742,6.889728183025283,14.366147763272883,-2.7255309205393945,0.039335446668915974,-15.107175087240888,4.131649501370665,-2.4746988157041034,-5.987641241869595,9.426333447194562,0.7001011142402268,31.711322149822298,7.799883915673294,1.2793668938746279,-3.6275868382900844,10.406031655061655,3.9308836606093385,2.446044212977649,-7.745398411777748,19.590894768880943,-4.346187503231264,-13.318823532160533,-1.4706766643243245,-3.763782205623921,10.802176465509495,8.92609245621055,-3.6643791441027824,11.610060890759144,0.28963281025109067,4.62057171591328,-3.350821316915593,9.789185742883475,-5.956440117599468,4.794669606729773,5.667064170518112,6.870262609182292,-2.8663136223723837,-1.1031536987107484,10.183016477045278,15.429044674757746,-6.93517402639742,3.737632885831924
1.9048206603997349,-0.3121236431820702,-2.7480869416683915,1.2731094730463797,2.431027617212599,0.3305118543429821,-0.27205622183222217,-2.147224805031346,0.289274088555384,-0.5649008381458362,-0.9977333519526743,2.4799947184837428,-0.3445138305289214,4.458971458598069,1.2793668938746279,0.7479441205393427,-0.391380500077216,0.8961428992031865,-0.09246492379842343,-0.3392960229217688,-0.8240229717531676,2.520809396680213,-0.17246673939849627,-1.8226543822643486,-0.4092457716112413,-0.1180650678894587,1.3435189104885694,1.4304419984398218,-0.6629384167877664,1.9761474329891544,0.5412789759461658,0.349238417871909,-0.17196906559765288,0.5461004301423856,-0.9451508209913518,0.09881152642328157,-0.10614869529319726,0.7888690823081502,-1.3771399656644454,-0.08808450697564435,1.3161637279671183,3.1922964265850493,-0.4361892206114014,0.7633601829038336
-2.743544721829144,2.1511847231942167,6.081488788232363,-3.1457614447248328,-6.649665632247689,1.566760590695997,-0.11802431083595305,7.152489181677929,-2.075540182902306,1.090294587609335,2.776295180987467,-4.023628052107195,-0.49545834183708126,-15.022641046787061,-3.6275868382900844,-0.391380500077216,1.7677804169720075,-5.148150971868139,-2.1103852991518623,-1.424236674548938,3.776403938646007,-9.370385595555378,2.22770505208387,6.332440543473295,0.6215376080210093,1.9443986785804204,-5.188470957175758,-4.160544610253958,1.680902633422143,-5.3677746253569465,0.04865897814773385,-2.2974715105600403,1.7087090936345584,-4.959354156171804,2.779081097153526,-2.4891499079722754,-3.0318424767029875,-3.316848087746349,0.9853267005306532,0.5534808761960308,-4.865652786597784,-6.920149814824133,3.4924802631470095,-1.6759663828779972
7.503534592077472,-6.364012986300002,-17.24846632855927,8.963704062328398,19.066677459796786,-4.840127790964863,0.4834786245085045,-20.668926394831715,6.093527348587458,-3.0964615052193416,-7.9809603009429555,11.135270233773952,1.6647302113940639,43.473074127749754,10.406031655061655,0.8961428992031865,-5.148150971868139,15.159508556274622,6.404312014406716,4.407566232007939,-11.025679607518091,27.233289822083435,-6.659741224622963,-18.332254583242527,-1.706254337735316,-5.811950479236741,15.079850977997058,11.944423425264839,-4.812635327933819,15.395546414781283,-0.37837588012266765,6.807198862790486,-5.056254339622786,14.685127748312418,-7.9862514267460085,7.425213194059106,9.160945088762677,9.679024419701808,-2.424215789928427,-1.609425006605537,14.141776931360573,19.563718940469894,-10.331058626321665,4.767511011687249
2.1472662632070554,-2.725204104215461,-6.0889148005098095,3.2598569471757872,7.1511216036118475,-2.476127814253607,0.4120864055831393,-8.083869409914971,2.6158905636623704,-1.0546634236536792,-3.003129089945496,3.4329772558867555,1.0175741641907972,17.036138006445388,3.9308836606093385,-0.09246492379842343,-2.1103852991518623,6.404312014406716,3.0435915729986944,2.2819336506993535,-4.539341282054984,10.863700024741267,-2.973799739858778,-7.2244637127633435,-0.5077889636824784,-2.622732608383616,6.052412772714398,4.527739034652682,-1.780369708234202,5.7600303059001945,-0.5483017493624929,2.904889528624476,-2.2332245791701473,6.421317559357014,-3.032027823558302,3.359927691487518,4.316734209583067,3.9222568433038525,-0.16464095498023648,-0.6832213835858214,5.629589100625749,6.8376552362983185,-4.481849743051355,1.6783242030804435
0.8969939647516326,-1.897365707736954,-3.495788084715247,1.9452042874108273,4.400802119337255,-1.953534765723748,0.39074447968780457,-5.201636312671367,1.8435188387006756,-0.5655570710454342,-1.8539053516722248,1.6355093460450258,0.863431415570352,10.967806930486692,2.446044212977649,-0.3392960229217688,-1.424236674548938,4.407566232007939,2.2819336506993535,1.8166678497031876,-3.0637026723424614,7.1094008119285075,-2.1330221912111673,-4.680658990583015,-0.230232820612339,-1.8977841272932099,3.992319459845427,2.828678551824484,-1.0729487380884688,3.53437713384051,-0.5950591430186608,2.009021662392151,-1.598062585162964,4.558730588100038,-1.898149941474512,2.4502368368766554,3.232224269392427,2.6055520789998545,0.38039541416771266,-0.48187992575483884,3.678698415530136,3.8972390525758858,-3.15676521330354,0.9546489370507614
-5.831251368125065,4.607759084095624,12.987975473178851,-6.716348962247382,-14.216609175574717,3.3725504228710856,-0.27377511553897405,15.290469205731148,-4.42999509870977,2.335782664558582,5.932058759473529,-8.567297832242016,-1.0883586859830339,-32.12652299929792,-7.745398411777748,-0.8240229717531676,3.776403938646007,-11.025679607518091,-4.539341282054984,-3.0637026723424614,8.082664266970221,-20.045685060915904,4.7801536264457045,13.53893833083896,1.319769362494474,4.175172324271133,-11.09333694967592,-8.884630932448065,3.598671814412982,-11.470632012103232,0.12170677795846796,-4.925096496287182,3.662048648644314,-10.621843085579352,5.9315670485733705,-5.338186615948475,-6.507307767285224,-7.098647572514181,2.0804498038470465,1.176130149958334,-10.404965059964294,-14.76011064648174,7.485109326703402,-3.581481561131065
15.449574958028295,-11.35595632385895,-33.320655640502494,17.128038335535553,36.027256909162574,-7.869221363102456,0.4914393294586741,-38.39645343720962,10.852480880772857,-6.058588121959771,-15.04417678652918,22.46792338447483,2.404122527152155,80.70143887983716,19.590894768880943,2.520809396680213,-9.370385595555378,27.233289822083435,10.863700024741267,7.1094008119285075,-20.045685060915904,50.175268940678876,-11.65300314429579,-33.95276185689176,-3.470693024069814,-10.127040235266252,27.701863348445276,22.464290008863216,-9.148541873252544,29.107121349824382,0.07205567665918304,12.173455563075468,-8.904929806317904,25.965697910678273,-15.001348987250774,12.927689205698503,15.598096286269012,17.717664717710193,-6.021493108233681,-2.875350731060475,26.06809953676747,37.90634293593179,-18.34538067390894,9.22010383503429
-2.8080450007532587,2.8145062448928284,7.003400631144073,-3.6810192468131855,-7.935218204277412,2.3285865536404358,-0.3076079765499484,8.760750661667192,-2.692106205277526,1.246518075846165,3.3334037752084633,-4.2815623877518,-0.8820494599841109,-18.446757075200512,-4.346187503231264,-0.17246673939849627,2.22770505208387,-6.659741224622963,-2.973799739858778,-2.1330221912111673,4.7801536264457045,-11.65300314429579,3.006005484509831,7.7968572730306684,0.6491084080634411,2.6317449111296862,-6.4691770505683355,-4.99241158764153,1.9922590810027259,-6.405493699945845,0.3532785642479004,-3.0065241442808146,2.261899549790233,-6.544893665042729,3.342753464821528,-3.3536884687234925,-4.233119380136924,-4.167413868599468,0.6535412188633466,0.707996770081324,-6.047576009808206,-7.9075089638113205,4.586196459959235,-1.9359309199680055
-10.676715267048628,7.62879608625143,22.75610093045956,-11.676186294995766,-24.50801962638435,5.187512969746339,-0.27381532014404236,26.037290577875176,-7.30562407908822,4.13932989897035,10.2207997215481,-15.471728205150846,-1.527879683576741,-54.70150713700153,-13.318823532160533,-1.8226543822643486,6.332440543473295,-18.332254583242527,-7.2244637127633435,-4.680658990583015,13.53893833083896,-33.95276185689176,7.7968572730306684,23.009483004193047,2.3943002849447765,6.77758776057794,-18.74035843087256,-15.269329174017074,6.230170816738628,-19.79677406529643,-0.16113052713495435,-8.177074105199775,5.982330208905134,-17.435393151821643,10.191050981284016,-8.65740252696934,-10.385935629946292,-11.971055787929691,4.286724447812826,1.9402892298671823,-17.63726296101176,-25.909880748681697,12.327717171515918,-6.291708306857806
-1.4989466316770466,0.6881696257286453,2.7084234870621247,-1.3411669638036199,-2.7248600891228136,0.2698735932670532,0.08601564978597236,2.7417522341891245,-0.6622379124424013,0.5129906635639911,1.1326726001940033,-2.066418157423992,0.018011888894081524,-5.7350244517238975,-1.4706766643243245,-0.4092457716112413,0.6215376080210093,-1.706254337735316,-0.5077889636824784,-0.230232820612339,1.319769362494474,-3.470693024069814,0.6491084080634411,2.3943002849447765,0.3312561142999707,0.5518395474053391,-1.9026978021313992,-1.6705775347176632,0.7069756821310577,-2.2064578208857695,-0.2105051468998791,-0.7397566017227248,0.5139820187206556,-1.5142430323158087,1.112987270840979,-0.6859437088619748,-0.7436647230657375,-1.1857372253568903,0.8224381874962403,0.18218919337049297,-1.806805775236047,-3.113496550119122,1.0856827005533374,-0.7482080011596339
-2.3787803675042714,2.4536305238986316,6.031693119872518,-3.178035733208099,-6.8740003412646695,2.0681254235244797,-0.28304871306332235,7.612448829694629,-2.3591092425512845,1.0662561145875515,2.878441512976825,-3.6498683625921027,-0.7887872644104102,-16.019136497123355,-3.763782205623921,-0.1180650678894587,1.9443986785804204,-5.811950479236741,-2.622732608383616,-1.8977841272932099,4.175172324271133,-10.127040235266252,2.6317449111296862,6.77758776057794,0.5518395474053391,2.31520987223831,-5.628263296488846,-4.324049958639508,1.7261531754894868,-5.539446133519245,0.32831080255670586,-2.616853349926679,1.9934508450353265,-5.738191153410398,2.891550300291316,-2.9537514471326274,-3.7299364447474654,-3.6233243326097067,0.5123612939006416,0.6215910696231193,-5.2489617764024485,-6.805826971921262,4.019343676074985,-1.6609741892127157
8.44024850190328,-6.289077663260521,-18.30235929896717,9.420085923067735,19.83963273209801,-4.409396092101849,0.2770114138462979,-21.192256471694535,6.033698515847561,-3.3135423941341027,-8.284954182997613,12.293082497468331,1.3479521450639322,44.52274795550987,10.802176465509495,1.3435189104885694,-5.188470957175758,15.079850977997058,6.052412772714398,3.992319459845427,-11.09333694967592,27.701863348445276,-6.4691770505683355,-18.74035843087256,-1.9026978021313992,-5.628263296488846,15.311942620047601,12.380217601836565,-5.032447702570905,16.024079654429084,0.0015667799193153753,6.731373568092037,-4.952341769887389,14.415803772882786,-8.26916041141089,7.184215409374304,8.691215674651733,9.781696440796974,-3.231623883267292,-1.6036828284594729,14.390989007175953,20.828247770330645,-10.1729992600373,5.055848354308251
7.495461033333379,-4.953583642843961,-15.457689806424694,7.890496302737107,16.448507561077484,-3.153699044384236,0.07347114373648939,-17.31114176429227,4.740549291177185,-2.821105826055245,-6.852612614028827,10.75375170053874,0.8300976429249538,36.353797326041004,8.92609245621055,1.4304419984398218,-4.160544610253958,11.944423425264839,4.527739034652682,2.828678551824484,-8.884630932448065,22.464290008863216,-4.99241158764153,-15.269329174017074,-1.6705775347176632,-4.324049958639508,12.380217601836565,10.230542296388418,-4.1894441928807105,13.292804495270547,0.3056703815168946,5.315942548497445,-3.845077748997243,11.253140593712354,-6.825387271335581,5.5361742941613725,6.534797655373676,7.896212121811169,-3.2450639237713386,-1.2608359165247276,11.677739035650768,17.638209711023293,-7.975598096056881,4.277242614119124
-3.1773461103491316,1.9833360125086836,6.427119609087411,-3.2556204589081648,-6.777533629319851,1.202679978313986,-0.0010551952668391902,7.072862494859138,-1.889447597281904,1.194286857137548,2.8183378835052846,-4.532090779637088,-0.2960571159479958,-14.849198491510796,-3.6643791441027824,-0.6629384167877664,1.680902633422143,-4.812635327933819,-1.780369708234202,-1.0729487380884688,3.598671814412982,-9.148541873252544,1.9922590810027259,6.230170816738628,0.7069756821310577,1.7261531754894868,-5.032447702570905,-4.1894441928807105,1.7412025426199844,-5.474902579506716,-0.18822932490706162,-2.1329664075036607,1.5398006413289824,-4.487802262456877,2.791455423217464,-2.1814176502228753,-2.5567359204065006,-3.19558231278454,1.44631842866341,0.5024737464124195,-4.750442608528146,-7.3234224259033835,3.1910010692539283,-1.7786679151584235
9.911123662708201,-6.371622074912451,-20.231298379355707,10.289920287809194,21.422966066832902,-3.9523035116781706,0.047367059697388636,-22.456462533526246,6.076033973437929,-3.7274910956661427,-8.927952678828358,14.172671593469408,1.0081922538430572,47.16386046233377,11.610060890759144,1.9761474329891544,-5.3677746253569465,15.395546414781283,5.7600303059001945,3.53437713384051,-11.470632012103232,29.107121349824382,-6.405493699945845,-19.79677406529643,-2.2064578208857695,-5.539446133519245,16.024079654429084,13.292804495270547,-5.474902579506716,17.319250743715653,0.49030478166886615,6.847026123159751,-4.927611931820474,14.423491548139216,-8.86789015528816,7.049747388957294,8.300193830445723,10.204273619957885,-4.399084403396731,-1.6158958610768357,15.12976968313372,23.07413288632878,-10.236882162798826,5.603937098179151
1.0134147017424577,0.2126509159893272,-0.9856350336896554,0.39148342237299805,0.5999679205752385,0.6208490189287301,-0.2613987263407638,-0.25640177577020695,-0.1966200001836719,-0.22638936152483422,-0.22868147076198447,1.2176297832553444,-0.41380935195552276,0.48070396434116985,0.28963281025109067,0.5412789759461658,0.04865897814773385,-0.37837588012266765,-0.5483017493624929,-0.5950591430186608,0.12170677795846796,0.07205567665918304,0.3532785642479004,-0.16113052713495435,-0.2105051468998791,0.32831080255670586,0.0015667799193153753,0.3056703815168946,-0.18822932490706162,0.49030478166886615,0.47886529811208195,-0.220512231885072,0.2213626688971357,-0.6155944767342133,-0.19263988019271874,-0.4487456700471192,-0.7525725059797419,-0.059696480160404894,-0.952966129249922,0.038766499925427814,0.04056207280218739,1.1904266849606755,0.3914373240684454,0.269578435035981
3.268906359420051,-2.8701614326668037,-7.6318367807931375,3.979228221342883,8.47012612668577,-2.208978790745146,0.25467507241266046,-9.207494311909889,2.7229305100987014,-1.371175998701667,-3.553410581392485,4.87770012637673,0.7943238747014081,19.398604668943616,4.62057171591328,0.349238417871909,-2.2974715105600403,6.807198862790486,2.904889528624476,2.009021662392151,-4.925096496287182,12.173455563075468,-3.0065241442808146,-8.177074105199775,-0.7397566017227248,-2.616853349926679,6.731373568092037,5.315942548497445,-2.1329664075036607,6.847026123159751,-0.220512231885072,3.0794865236057962,-2.2604061424108157,6.601824970454646,-3.5580987921266147,3.356834913897684,4.154222602624806,4.346124527610089,-1.005951895964835,-0.7113348966156107,6.3270616326963065,8.643767249595847,-4.647032021555732,2.1201712983762526
-2.221776676949016,2.1240431264215225,5.422132840851148,-2.8445997951472863,-6.121172445278531,1.7415037276618053,-0.2080093083620036,6.7325534327710175,-2.062208122634613,0.952676189012438,2.552932752416946,-3.365907063044859,-0.6283469255450043,-14.142369427579819,-3.350821316915593,-0.17196906559765288,1.7087090936345584,-5.056254339622786,-2.2332245791701473,-1.598062585162964,3.662048648644314,-8.904929806317904,2.261899549790233,5.982330208905134,0.5139820187206556,1.9934508450353265,-4.952341769887389,-3.845077748997243,1.5398006413289824,-4.927611931820474,0.2213626688971357,-2.2604061424108157,1.7343554127897136,-4.977341350900325,2.567330157219643,-2.5497478988069076,-3.1849814476199247,-3.173194915331991,0.5716257721403056,0.5478487662367961,-4.613571783240129,-6.138476611146902,3.4879065604898827,-1.4865289655223681
6.60100708753127,-6.187933630233868,-15.91302174555034,8.347966127873242,17.886209372401474,-4.981491479006517,0.5964483009723373,-19.622366212251546,5.961297546785534,-2.8009972854211473,-7.481227194956103,9.95710953186446,1.7977255426021839,41.26790485833396,9.789185742883475,0.5461004301423856,-4.959354156171804,14.685127748312418,6.421317559357014,4.558730588100038,-10.621843085579352,25.965697910678273,-6.544893665042729,-17.435393151821643,-1.5142430323158087,-5.738191153410398,14.415803772882786,11.253140593712354,-4.487802262456877,14.423491548139216,-0.6155944767342133,6.601824970454646,-4.977341350900325,14.404372057611814,-7.52415679563667,7.37549984757315,9.181910576470347,9.275944797687577,-1.7812836129205463,-1.5736444482624872,13.475457942775542,18.031269557577218,-10.103951004583257,4.384989227722333
-4.989256399676228,3.3155273590205505,10.302128099537944,-5.261414207492805,-10.967486919668493,2.114853392548373,-0.04954102623984731,11.552520333589069,-3.170770953006425,1.880665109002881,4.57552665812487,-7.158332527575131,-0.5595526300939839,-24.26460526658546,-5.956440117599468,-0.9451508209913518,2.779081097153526,-7.9862514267460085,-3.032027823558302,-1.898149941474512,5.9315670485733705,-15.001348987250774,3.342753464821528,10.191050981284016,1.112987270840979,2.891550300291316,-8.26916041141089,-6.825387271335581,2.791455423217464,-8.86789015528816,-0.19263988019271874,-3.5580987921266147,2.567330157219643,-7.52415679563667,4.557688359037299,-3.6995392625704757,-4.377400007278415,-5.274579720979232,2.1479795824656076,0.8435259620541323,-7.801884182274205,-11.757376748717734,5.330371371716345,-2.8521312258028164
2.9891162051892337,-3.1457655123130457,-7.643015507820756,4.0594785668248505,8.7552606557165,-2.6706776544700466,0.39364676808208976,-9.719064223467605,3.0306722903257617,-1.312774616405652,-3.6530635503427393,4.6099389287373915,1.0236055073792227,20.460649233585322,4.794669606729773,0.09881152642328157,-2.4891499079722754,7.425213194059106,3.359927691487518,2.4502368368766554,-5.338186615948475,12.927689205698503,-3.3536884687234925,-8.65740252696934,-0.6859437088619748,-2.9537514471326274,7.184215409374304,5.5361742941613725,-2.1814176502228753,7.049747388957294,-0.4487456700471192,3.356834913897684,-2.5497478988069076,7.37549984757315,-3.6995392625704757,3.8451418979300334,4.805536243457559,4.659465411785393,-0.6107567550826416,-0.791311071434661,6.705726126608745,8.644400006240408,-5.168107488850492,2.1056918617226326
3.160732498751264,-3.900411657974408,-8.800167526349735,4.715174271191329,10.300770675886941,-3.50766790514008,0.5686835513886971,-11.625758354651433,3.754466952362956,-1.512004212839164,-4.325598796167973,5.017646828344912,1.4176420226375153,24.493338231560326,5.667064170518112,-0.10614869529319726,-3.0318424767029875,9.160945088762677,4.316734209583067,3.232224269392427,-6.507307767285224,15.598096286269012,-4.233119380136924,-10.385935629946292,-0.7436647230657375,-3.7299364447474654,8.691215674651733,6.534797655373676,-2.5567359204065006,8.300193830445723,-0.7525725059797419,4.154222602624806,-3.1849814476199247,9.181910576470347,-4.377400007278415,4.805536243457559,6.145365303878121,5.63652540717976,-0.30515160543995895,-0.9832311366331615,8.088739397870466,9.909430045528008,-6.4085358437095135,2.4242690750341294
5.289716572821008,-4.051692747722488,-11.606866926165802,5.9956437891345455,12.630856570644022,-2.8810123289720915,0.23134464695534881,-13.522391257965484,3.8615619709256404,-2.094226264953462,-5.275553133825671,7.73790355764468,0.9237559398904452,28.4448330499126,6.870262609182292,0.7888690823081502,-3.316848087746349,9.679024419701808,3.9222568433038525,2.6055520789998545,-7.098647572514181,17.717664717710193,-4.167413868599468,-11.971055787929691,-1.1857372253568903,-3.6233243326097067,9.781696440796974,7.896212121811169,-3.19558231278454,10.204273619957885,-0.059696480160404894,4.346124527610089,-3.173194915331991,9.275944797687577,-5.274579720979232,4.659465411785393,5.63652540717976,6.286498753159537,-1.9720520048709091,-1.0161483188010672,9.208037781317849,13.197581589942715,-6.551154009887589,3.2161095753882236
-3.84410884541179,0.9113990622727285,5.885667705696092,-2.79762817292632,-5.419344765343538,-0.3378130793400213,0.4452517041705048,4.993177404833236,-0.848848415724806,1.1696129308292318,2.226501489651301,-5.080570152652036,0.5290096839368366,-10.414586791067958,-2.8663136223723837,-1.3771399656644454,0.9853267005306532,-2.424215789928427,-0.16464095498023648,0.38039541416771266,2.0804498038470465,-6.021493108233681,0.6535412188633466,4.286724447812826,0.8224381874962403,0.5123612939006416,-3.231623883267292,-3.2450639237713386,1.44631842866341,-4.399084403396731,-0.952966129249922,-1.005951895964835,0.5716257721403056,-1.7812836129205463,2.1479795824656076,-0.6107567550826416,-0.30515160543995895,-1.9720520048709091,2.6226835871578413,0.2404114114115756,-3.143706055784595,-6.824903011730211,1.3540485335300594,-1.6367379803510556
-0.7826159962009415,0.673089593417762,1.8031274726683397,-0.9398067518060144,-2.0035768179171725,0.524211595680587,-0.037927200556970096,2.189229326131864,-0.6658735931775629,0.31612299830444107,0.8387688647536474,-1.1593213916194502,-0.16464146640639224,-4.58510417226462,-1.1031536987107484,-0.08808450697564435,0.5534808761960308,-1.609425006605537,-0.6832213835858214,-0.48187992575483884,1.176130149958334,-2.875350731060475,0.707996770081324,1.9402892298671823,0.18218919337049297,0.6215910696231193,-1.6036828284594729,-1.2608359165247276,0.5024737464124195,-1.6158958610768357,0.038766499925427814,-0.7113348966156107,0.5478487662367961,-1.5736444482624872,0.8435259620541323,-0.791311071434661,-0.9832311366331615,-1.0161483188010672,0.2404114114115756,0.1825660503808366,-1.491927486421512,-2.056726767632337,1.0995330903337297,-0.4911901408216901
8.046500313944819,-5.900732014420272,-17.324024100456818,8.906248690488265,18.719675594295506,-4.073077726353145,0.24939749744534498,-19.94679467615312,5.634239289993452,-3.1488726747954776,-7.822993617804329,11.694093196798761,1.2401561374593737,41.92995726199883,10.183016477045278,1.3161637279671183,-4.865652786597784,14.141776931360573,5.629589100625749,3.678698415530136,-10.404965059964294,26.06809953676747,-6.047576009808206,-17.63726296101176,-1.806805775236047,-5.2489617764024485,14.390989007175953,11.677739035650768,-4.750442608528146,15.12976968313372,0.04056207280218739,6.3270616326963065,-4.613571783240129,13.475457942775542,-7.801884182274205,6.705726126608745,8.088739397870466,9.208037781317849,-3.143706055784595,-1.491927486421512,13.5491240975228,19.714489339102997,-9.52030424934969,4.796991526463481
14.064638726021036,-8.03720482076662,-27.429773849792294,13.831324861033552,28.52974825668996,-4.409020404655527,-0.24899997338452712,-29.47982847928908,7.675292648456486,-5.092904333079411,-11.869457515864577,19.83779692185377,0.817704879228449,61.84637195333108,15.429044674757746,3.1922964265850493,-6.920149814824133,19.563718940469894,6.8376552362983185,3.8972390525758858,-14.76011064648174,37.90634293593179,-7.9075089638113205,-25.909880748681697,-3.113496550119122,-6.805826971921262,20.828247770330645,17.638209711023293,-7.3234224259033835,23.07413288632878,1.1904266849606755,8.643767249595847,-6.138476611146902,18.031269557577218,-11.757376748717734,8.644400006240408,9.909430045528008,13.197581589942715,-6.824903011730211,-2.056726767632337,19.714489339102997,31.376701699779407,-12.846250454981794,7.5945356893738385
-4.75759116243976,4.349897633692176,11.338465081916887,-5.936276942517399,-12.694057042251204,3.4555281991561357,-0.40957099203900027,13.878099194453569,-4.1774791961324755,2.00564747111189,5.305090853402135,-7.150612453580539,-1.2415865953861016,-29.195240905428538,-6.93517402639742,-0.4361892206114014,3.4924802631470095,-10.331058626321665,-4.481849743051355,-3.15676521330354,7.485109326703402,-18.34538067390894,4.586196459959235,12.327717171515918,1.0856827005533374,4.019343676074985,-10.1729992600373,-7.975598096056881,3.1910010692539283,-10.236882162798826,0.3914373240684454,-4.647032021555732,3.4879065604898827,-10.103951004583257,5.330371371716345,-5.168107488850492,-6.4085358437095135,-6.551154009887589,1.3540485335300594,1.0995330903337297,-9.52030424934969,-12.846250454981794,7.0978566812621535,-3.1282500488491802
3.391871855724297,-1.9633491082085508,-6.652398674717096,3.3534338069831713,6.921695434359048,-1.083746627192652,-0.040638616920292595,-7.152257299369764,1.853154418616815,-1.245208907804102,-2.884832975272033,4.793736286115766,0.22582066228247213,15.027350332735107,3.737632885831924,0.7633601829038336,-1.6759663828779972,4.767511011687249,1.6783242030804435,0.9546489370507614,-3.581481561131065,9.22010383503429,-1.9359309199680055,-6.291708306857806,-0.7482080011596339,-1.6609741892127157,5.055848354308251,4.277242614119124,-1.7786679151584235,5.603937098179151,0.269578435035981,2.1201712983762526,-1.4865289655223681,4.384989227722333,-2.8521312258028164,2.1056918617226326,2.4242690750341294,3.2161095753882236,-1.6367379803510556,-0.4911901408216901,4.796991526463481,7.5945356893738385,-3.1282500488491802,1.8506722822493848
