V1,V2,V3,V4,V5,V6,V7,V8,V9,V10,V11,V12,V13,V14,V15,V16,V17,V18,V19,V20,V21,V22,V23,V24,V25,V26,V27,V28,V29,V30,V31,V32,V33,V34,V35,V36,V37,V38,V39,V40,V41,V42,V43,V44,V45
1.0888789764981455,0.025950202644227427,0.5721156008628651,2.163531398384718,2.8046261850622067,-0.6822844294144809,-1.6304071688047255,3.177558733279827,3.757753163363423,1.6107160347421718,-0.41366378991101044,-4.322703145555552,-3.268036013654719,0.06449381274735796,-2.15753863374456,2.2382828265965493,1.4060076157278423,-3.9785906100409747,0.4732766584119167,1.7224882517911346,-0.3451756875204043,-1.3530327258976127,1.9435869037786784,1.1790214241231185,0.9722206258217299,-1.1193796027169276,1.182899486085526,-0.3680490205774853,1.6279457611516868,7.6023237084879804,-1.0284699032803122,-0.282395561897666,0.23259989782711457,0.850883280192853,-0.09532032643846672,-0.24264484263430064,0.9906018203598873,0.5806221437786886,-1.0363136212728083,-2.2350533255034555,1.9186106605246513,3.6926065940463206,-1.4787929575473027,-3.2202889288793775,1.4882250044270657
0.025950202644227427,0.036747047042660845,0.010543456478395306,0.025154974201652074,-0.11843812464300407,-0.20878881616901715,-0.08708942721109837,-0.2407991875698551,-0.20574913359894564,-0.0158198582074579,-0.15566492510263338,0.27745038296227537,0.16223068546842506,0.1753989309801033,0.12256716137456623,0.02284495134758726,-0.1561852920112814,0.15814998668866126,0.06491552844459728,-0.2109761832620762,-0.06431083356239983,-0.08105730536793776,-0.04582652292012035,-0.15278705466711023,0.025316926433548995,-0.17429552992101793,0.014529911570341737,-0.1692065230525874,-0.05181209410169493,-0.09069925581844879,0.06423308102759416,-0.021420644950116308,0.04812679245129877,-0.08677010596221395,-0.04186425346472288,0.010769341400527219,0.027811709453443155,-0.10956310470526386,0.009976631634951568,-0.056402611921098966,0.03293513521033152,-0.1788489720477501,0.017549622058396844,0.15755891730711832,-0.22269342769956754
0.5721156008628651,0.010543456478395306,0.3464201349759393,1.165542789234322,1.7994763614517544,-0.32438002205629873,-0.9217711769494547,1.9114784146652724,2.1265505202003427,0.9002706426807321,-0.1454985590006705,-2.353741201292056,-1.8793817693869943,0.02652135968671675,-1.2062491390934242,1.3355922408816185,0.8626293155081587,-2.2460202054241583,0.4036615816938039,0.9941163757174701,-0.14992393904925735,-0.6825907969977858,1.087950172307264,0.8044891206876088,0.6209593574056185,-0.6809279562042332,0.5935013620001217,-0.14727431118396456,0.9050084562823532,4.253190111018544,-0.5798343233536402,-0.2126977348808475,0.1335069893263081,0.4079679652107219,3.6302452940568025e-4,-0.13373571294877737,0.6255929169696309,0.2621267988406475,-0.6055807935538096,-1.2612544282251754,1.0355443697392825,2.1718847530753247,-0.8469708378368198,-1.8441061467135642,0.769495684908638
2.163531398384718,0.025154974201652074,1.165542789234322,5.109030675986483,5.611732253487847,-2.251218833804336,-4.039175369320495,6.468431243637251,8.111332376343135,3.785736628544599,-1.5234749891049253,-9.199737135077514,-7.0904119418592115,0.7576332395549092,-4.714545468299096,5.093997812897511,2.557156371244564,-8.664561757920998,0.761305328501925,3.322309919230954,-1.295027708069106,-3.542408023704371,4.196905587610243,1.9391247564064844,2.2255049794786226,-3.0763797005984865,2.932502770594176,-1.496525051252967,3.47025349375256,17.13619829621485,-2.383106242188498,-0.5155136611735746,0.7128707731864582,1.86461982745822,-0.4094057050265187,-0.5575244407817197,2.2972768579957314,1.1504675996251592,-2.393480031501184,-5.516953749950096,4.5753772771579815,7.680500376274665,-3.2435065903206683,-6.944997195664842,2.886379229568834
2.8046261850622067,-0.11843812464300407,1.7994763614517544,5.611732253487847,10.383938149998746,-0.27460256861273974,-4.1393981186405915,11.34422082991625,11.932357540519362,4.577783456780524,0.3885086390788724,-13.319873660640473,-10.49452640212436,-0.9446027944973612,-6.748555703612,6.799587941789411,5.484477911788257,-12.2812229409361,2.1123861769367878,6.306584108380455,-0.1817708988676952,-2.747229548184091,5.796703684438667,5.345772224924902,3.1611497590500504,-2.5208926148814834,2.708106172877351,0.41828122423948094,4.891842050070008,21.97491735210105,-3.230177518385776,-1.1240500209619684,0.3842123210418646,2.3690583406323373,0.37710527803339083,-0.7210339833656068,3.150778324684515,1.7878287116312697,-3.1440802790389286,-5.966909059553158,4.92307625500582,12.293647987530004,-4.443896969352603,-10.290088268112296,5.010180384376876
-0.6822844294144809,-0.20878881616901715,-0.32438002205629873,-2.251218833804336,-0.27460256861273974,2.8758528382223822,2.3246932943918543,0.05497168786859507,-1.2072071312978356,-1.3992148235845354,2.198646859178422,1.066116747407287,1.1674989053791107,-1.982031660870788,0.7602899088752444,-1.8983331136750319,0.76436294679474,1.7600000147341237,-0.20782015967866901,0.73077917144889,1.425009434371277,2.337715924014514,-1.017886650247135,1.1485968853967554,-0.8903263651195389,2.6634120032272426,-1.4743583353107674,2.3167604743625905,-0.715630137422301,-5.508614792509606,0.5037972036957263,0.13192134767124314,-0.7366599824475025,-0.14654633543029805,0.66307630936912,0.14374562976397456,-0.9682362279058427,0.3594172147828195,0.8139347596725885,2.7708262199082774,-2.120737969030217,-0.8437103872962508,0.9279833963265183,1.117851796458254,0.7572311878911556
-1.6304071688047255,-0.08708942721109837,-0.9217711769494547,-4.039175369320495,-4.1393981186405915,2.3246932943918543,3.4251948375452255,-4.454606829369329,-5.788524935893989,-2.9441762118091024,1.5876335831317263,6.35073454888369,5.135031894274307,-1.111304792298208,3.3591117298177453,-4.095390699571455,-1.5666926918349071,6.331324721298658,-0.7845340611753274,-2.0129631577321083,1.2335289314206113,2.9805734446474856,-3.1157003798761282,-1.131234188916209,-1.863178386493314,2.9548340924121272,-2.3122167900158073,1.640024437212966,-2.5286885069918412,-13.114598763028011,1.7322312219274523,0.46741065436003776,-0.7078903926841811,-1.1843373583440509,0.4073960251137833,0.4105803475925314,-1.9266408319066928,-0.5591412983304263,1.8758156331753777,4.53632400912035,-3.6525667588767994,-5.517256808226352,2.477375368952978,5.014967880434163,-1.5853479196429423
3.177558733279827,-0.2407991875698551,1.9114784146652724,6.468431243637251,11.34422082991625,0.05497168786859507,-4.454606829369329,13.116639685566557,14.064132044542541,5.27329736364895,0.5722345175358036,-16.111242470951613,-12.225012066806103,-1.4988392026730961,-8.026253302651059,7.400855334757694,6.389037580414571,-14.333150132661554,1.7226980166749828,7.6423591635805606,-0.21569766389047174,-3.170871794165759,6.697584333721257,5.9920091689027295,3.277889984313664,-2.232692644824008,3.281302250847211,0.7214831304576328,5.705766284039526,25.24024369913017,-3.8638421941091976,-1.0228708893195904,0.30366388258578864,3.1635273741466126,0.3640052175162761,-0.8599576894405515,3.280195147227219,2.5423028558188174,-3.529926514431626,-6.63806318951788,5.642981422415014,14.096194322888431,-5.027764119178083,-11.999119548123078,6.509763124845639
3.757753163363423,-0.20574913359894564,2.1265505202003427,8.111332376343135,11.932357540519362,-1.2072071312978356,-5.788524935893989,14.064132044542541,15.902903324320572,6.375671841732961,-0.45360525213269376,-18.312522158180006,-13.794936288619814,-0.8367007253173966,-9.153719975644165,8.655223289249319,6.504474089822945,-16.40225653866763,1.531109260471193,8.049251538326711,-0.9620283526318016,-4.616064570385198,7.733021187000633,5.73102081895966,3.7501150919723436,-3.3576814262585377,4.382972583073642,-0.27863828600259455,6.543150710766092,29.89357539135478,-4.482133611984528,-1.0029102476302405,0.619914507056011,3.7361022240123107,6.589848008803421e-4,-1.0136446147463758,3.8011892496118476,2.8377764805011085,-4.147142101363175,-8.40032424773416,7.137130248168238,15.522870208183086,-5.8223709539381305,-13.5365342803296,7.045942196870047
1.6107160347421718,-0.0158198582074579,0.9002706426807321,3.785736628544599,4.577783456780524,-1.3992148235845354,-2.9441762118091024,5.27329736364895,6.375671841732961,2.862092699049785,-0.8907967000103642,-7.221374439073127,-5.573789640978444,0.34432719980957127,-3.692883149517624,3.8820121249839374,2.1890073356251225,-6.740700760679942,0.6373254501811568,2.7831866641888614,-0.8414874904362875,-2.504654232210814,3.2326387531530534,1.7759765376095333,1.7085019406546007,-2.147898351805188,2.1314546128675156,-0.8697266275914303,2.6860555136258344,13.038556076923388,-1.8597383420226117,-0.4180604120618416,0.47852280017816873,1.4494467605427468,-0.21494316292831853,-0.4293409712736141,1.7537453020279248,0.944448340423029,-1.8314264382731147,-4.081001006394534,3.3782150628917975,6.106546036774218,-2.489937217490082,-5.456866839652072,2.3916245776830785
-0.41366378991101044,-0.15566492510263338,-0.1454985590006705,-1.5234749891049253,0.3885086390788724,2.198646859178422,1.5876335831317263,0.5722345175358036,-0.45360525213269376,-0.8907967000103642,1.740301418242363,0.36779179769409853,0.4537648551908083,-1.5358086936559672,0.3306110837034873,-1.1016966989674886,0.8489380416335318,0.8532606797717843,0.06377627617146565,0.8053728901030585,1.1164421273949534,1.7251627057371266,-0.5426038738944792,1.1936968827194825,-0.48571064811030557,1.8625203331030398,-1.0722464758725867,1.8105937771434144,-0.3549774940865484,-3.324074417891673,0.26864778798450256,0.0021702379496698837,-0.5383777861301534,-0.08734148024121026,0.5584619303267796,0.08493957106260065,-0.5503955255521896,0.27698017434467687,0.47738271916415975,1.8651932250044292,-1.4455946063373495,-0.08036241900718799,0.5114641835251503,0.42780863863741736,0.6946312536000817
-4.322703145555552,0.27745038296227537,-2.353741201292056,-9.199737135077514,-13.319873660640473,1.066116747407287,6.35073454888369,-16.111242470951613,-18.312522158180006,-7.221374439073127,0.36779179769409853,21.350035087465034,15.796054170377841,1.2770773724928328,10.568965942792655,-9.58797951281587,-7.529251842574854,18.804913240720698,-1.39556808645557,-9.446332986686349,1.0091418175302411,5.183355124704722,-8.84423415019793,-6.525679085479702,-4.047570342530867,3.351216275887703,-5.039244628138479,0.08518405097347795,-7.521421614401762,-33.969441015823406,5.1545983457918965,1.008615994526996,-0.5963004775147253,-4.504066949493536,0.016009011742318467,1.166327413870261,-4.108799761555914,-3.525458303276797,4.64989787053081,9.336703881879801,-8.06896380884709,-17.714704835415297,6.58845368035148,15.518049367725855,-8.502910003797334
-3.268036013654719,0.16223068546842506,-1.8793817693869943,-7.0904119418592115,-10.49452640212436,1.1674989053791107,5.135031894274307,-12.225012066806103,-13.794936288619814,-5.573789640978444,0.4537648551908083,15.796054170377841,11.996852572567803,0.6127849534470169,7.9304162756416625,-7.642015708776731,-5.626242653196143,14.2591899210855,-1.457405457628718,-6.917536230703473,0.8700887025827541,4.055503247087123,-6.732224066962809,-4.992698837605783,-3.347416296514071,3.09603728806367,-3.8081693940681958,0.32924374503647597,-5.6830103420306735,-26.100087822352886,3.8888295694655604,0.9213990294546276,-0.5797581128044951,-3.171161249727913,-0.0039195392665035255,0.8795697743469761,-3.390992760908694,-2.371502560635499,3.641402897339326,7.40701571051378,-6.247935490747348,-13.521401910197156,5.093162971615964,11.76657939590938,-5.9750549561844215
0.06449381274735796,0.1753989309801033,0.02652135968671675,0.7576332395549092,-0.9446027944973612,-1.982031660870788,-1.111304792298208,-1.4988392026730961,-0.8367007253173966,0.34432719980957127,-1.5358086936559672,1.2770773724928328,0.6127849534470169,1.5740070697302715,0.4431659194502536,0.5284824050925003,-1.2383178465623128,0.4808844238675461,0.0879053226802333,-1.4173790629542713,-0.9327217950249753,-1.18841158397522,-0.09327158848563952,-1.3895703945654911,0.31074076166933007,-1.6688069858880215,0.5705807171288143,-1.664865526233298,-0.19302218741773228,0.822598471701927,0.11342797484199549,-0.02797389824826507,0.48716769651583364,-0.35438017266537297,-0.45757105871353815,0.005672421019799812,0.3594393166641921,-0.6307868807652682,-0.1714567083806526,-1.159136209511622,0.7730114972904384,-1.0080993251817882,-0.06565561385769433,0.6282976043350031,-1.3961003010896569
-2.15753863374456,0.12256716137456623,-1.2062491390934242,-4.714545468299096,-6.748555703612,0.7602899088752444,3.3591117298177453,-8.026253302651059,-9.153719975644165,-3.692883149517624,0.3306110837034873,10.568965942792655,7.9304162756416625,0.4431659194502536,5.279520622264772,-4.964424240667322,-3.6866600762803836,9.444375336329843,-0.8007539943434858,-4.603778111773135,0.6083110386274397,2.725675445592536,-4.450697820147016,-3.2050406743391346,-2.1350842431501906,1.947738229884198,-2.575645177321735,0.22416006693001322,-3.765785818413222,-17.2564015659081,2.594547555258944,0.5463702859094466,-0.36792233977150807,-2.184267395952605,0.032803351286354955,0.587329489754042,-2.168978322189907,-1.6571374448112057,2.3884381720152548,4.877195674857603,-4.150578012581784,-8.8782281741963,3.3462766555171086,7.781264127219154,-4.069154597620461
2.2382828265965493,0.02284495134758726,1.3355922408816185,5.093997812897511,6.799587941789411,-1.8983331136750319,-4.095390699571455,7.400855334757694,8.655223289249319,3.8820121249839374,-1.1016966989674886,-9.58797951281587,-7.642015708776731,0.5284824050925003,-4.964424240667322,5.533837309658427,3.120472139810097,-9.194834747742718,1.3173553530633861,3.7639107385736827,-1.027836363307865,-3.2779565306328813,4.436389956234786,2.7244866905922134,2.5355640310713436,-3.1571002002899813,2.747457545273093,-1.128885297629514,3.6669885316165014,17.83335874984126,-2.474939958090666,-0.7437972528254592,0.6813097875314291,1.758366412419007,-0.19026551260989033,-0.5709447661775052,2.582123945443884,1.0707331485712845,-2.5488637169009154,-5.598292814431515,4.5531012629931435,8.55412968960572,-3.4670267365317335,-7.477621555462207,2.9939907181809113
1.4060076157278423,-0.1561852920112814,0.8626293155081587,2.557156371244564,5.484477911788257,0.76436294679474,-1.5666926918349071,6.389037580414571,6.504474089822945,2.1890073356251225,0.8489380416335318,-7.529251842574854,-5.626242653196143,-1.2383178465623128,-3.6866600762803836,3.120472139810097,3.3144119693363154,-6.503775542363824,0.8372947674992229,3.8922966902331364,0.28835072070232926,-0.9229419755274475,3.0015453384433446,3.2321186221840903,1.3740411285211358,-0.41005409168327905,1.1977371303208937,0.9540087307537354,2.5956679440009722,10.845153115006443,-1.7253015994138161,-0.48334726960206276,-0.04286136711945437,1.4779644025442793,0.35275523159016614,-0.3773698683321019,1.3531187935612623,1.3077938500011328,-1.501892672030144,-2.495034210925797,2.1897562261172303,6.649849755785201,-2.212627602806753,-5.533896951389028,3.3333937844817965
-3.9785906100409747,0.15814998668866126,-2.2460202054241583,-8.664561757920998,-12.2812229409361,1.7600000147341237,6.331324721298658,-14.333150132661554,-16.40225653866763,-6.740700760679942,0.8532606797717843,18.804913240720698,14.2591899210855,0.4808844238675461,9.444375336329843,-9.194834747742718,-6.503775542363824,17.023117116622753,-1.672691564699158,-8.053639717830706,1.2151833930611105,5.108757530777259,-8.070551908070179,-5.668489137033207,-4.009163151035351,3.9386815427986916,-4.709517423316312,0.7010461412062615,-6.799777862583925,-31.461447969806244,4.638016525410764,1.0744418124727175,-0.7693875703738189,-3.7977506716461615,0.10846510111818668,1.0552563975718696,-4.072889873338532,-2.790645242269416,4.375963265139218,9.05818015573888,-7.649950191772867,-15.995433152592401,6.112119670524172,13.989135370993104,-6.9950531669767235
0.4732766584119167,0.06491552844459728,0.4036615816938039,0.761305328501925,2.1123861769367878,-0.20782015967866901,-0.7845340611753274,1.7226980166749828,1.531109260471193,0.6373254501811568,0.06377627617146565,-1.39556808645557,-1.457405457628718,0.0879053226802333,-0.8007539943434858,1.3173553530633861,0.8372947674992229,-1.672691564699158,0.9148823329473852,0.7065089338588075,0.059400005023529795,-0.30499528550626354,0.8436010739392094,1.0276564427219612,0.7430935334955284,-0.8066045575041598,0.21453500585689878,-0.0150605467074316,0.6759089470080921,3.2159635262682893,-0.3495086952464937,-0.39649222358574004,0.1351621779768812,0.0038264643261588507,0.14706519137616772,-0.07970318818358776,0.7253513941002087,-0.10057194592315234,-0.5201354604417828,-0.973347856794633,0.6857480427489194,1.931123954017229,-0.724989674553549,-1.4237301680099315,0.21247095754231746
1.7224882517911346,-0.2109761832620762,0.9941163757174701,3.322309919230954,6.306584108380455,0.73077917144889,-2.0129631577321083,7.6423591635805606,8.049251538326711,2.7831866641888614,0.8053728901030585,-9.446332986686349,-6.917536230703473,-1.4173790629542713,-4.603778111773135,3.7639107385736827,3.8922966902331364,-8.053639717830706,0.7065089338588075,4.723320801684624,0.1640754057142898,-1.3857787982579781,3.7087325010846732,3.6451364101258266,1.5893716964956668,-0.5179300117972,1.6778766304835484,0.9640887591216144,3.2102532433308917,13.567400399529449,-2.187722786488682,-0.4711204516309614,-0.022463164104686652,1.9720178657319063,0.3120435119541427,-0.48101647301476474,1.5802254452682476,1.7289911835044756,-1.8519124454418985,-3.213246070921808,2.8547576758163506,8.005631292931247,-2.709697945537827,-6.803544969379558,4.209597996795147
-0.3451756875204043,-0.06431083356239983,-0.14992393904925735,-1.295027708069106,-0.1817708988676952,1.425009434371277,1.2335289314206113,-0.21569766389047174,-0.9620283526318016,-0.8414874904362875,1.1164421273949534,1.0091418175302411,0.8700887025827541,-0.9327217950249753,0.6083110386274397,-1.027836363307865,0.28835072070232926,1.2151833930611105,0.059400005023529795,0.1640754057142898,0.7839861636668106,1.294947661269714,-0.6386128159233904,0.5514813919267052,-0.4455721806658184,1.2950425428827976,-0.8764762367273834,1.1592869031566833,-0.47495922207273356,-3.3042587511844106,0.38913967201008903,0.011507133434935783,-0.3659992484622189,-0.23737161457330552,0.3568494331930656,0.10039900309976432,-0.4914320355372562,0.030510024177556338,0.4771047209806672,1.5447205666851804,-1.2069805033275514,-0.6558992528303158,0.5445589759606744,0.8348805155211734,0.11582315289349153
-1.3530327258976127,-0.08105730536793776,-0.6825907969977858,-3.542408023704371,-2.747229548184091,2.337715924014514,2.9805734446474856,-3.170871794165759,-4.616064570385198,-2.504654232210814,1.7251627057371266,5.183355124704722,4.055503247087123,-1.18841158397522,2.725675445592536,-3.2779565306328813,-0.9229419755274475,5.108757530777259,-0.30499528550626354,-1.3857787982579781,1.294947661269714,2.8135045245051007,-2.531174919808175,-0.39093264141628914,-1.421953210736093,2.582724870894702,-2.15342342167485,1.742319013339019,-2.04694452995103,-10.929168125972318,1.4394694686730278,0.25103203860817586,-0.6572536751683699,-1.0820832478941989,0.5192251127714459,0.34713948251398297,-1.4962760936909387,-0.5099854032588099,1.5309043611324584,3.9329915952004364,-3.2135374063464486,-4.14754670072036,1.9977296267246356,3.96187052602937,-1.2388300774024934
1.9435869037786784,-0.04582652292012035,1.087950172307264,4.196905587610243,5.796703684438667,-1.017886650247135,-3.1157003798761282,6.697584333721257,7.733021187000633,3.2326387531530534,-0.5426038738944792,-8.84423415019793,-6.732224066962809,-0.09327158848563952,-4.450697820147016,4.436389956234786,3.0015453384433446,-8.070551908070179,0.8436010739392094,3.7087325010846732,-0.6386128159233904,-2.531174919808175,3.8510902704384966,2.5945601830263536,1.9418342396974275,-2.0271108422661857,2.286088125764674,-0.47641965281236853,3.235114679445663,15.078845698163532,-2.1808475103680776,-0.529107672766039,0.4076521970555777,1.767472461102467,-0.09108661580169779,-0.49971950361894674,1.9749999309999693,1.2641400297468894,-2.0959912859082106,-4.403262443206488,3.71357473601049,7.551078323149248,-2.9277788719090396,-6.607253277540138,3.1999602605098993
1.1790214241231185,-0.15278705466711023,0.8044891206876088,1.9391247564064844,5.345772224924902,1.1485968853967554,-1.131234188916209,5.9920091689027295,5.73102081895966,1.7759765376095333,1.1936968827194825,-6.525679085479702,-4.992698837605783,-1.3895703945654911,-3.2050406743391346,2.7244866905922134,3.2321186221840903,-5.668489137033207,1.0276564427219612,3.6451364101258266,0.5514813919267052,-0.39093264141628914,2.5945601830263536,3.33323070261964,1.2632138568749824,-0.12837842173921848,0.7587399164289667,1.2638978730652346,2.254265616261055,9.084014438054082,-1.4674748462667249,-0.5357287152933043,-0.12980057015322394,1.1773271001684986,0.49682106180338664,-0.31398856763956134,1.222364182088359,1.0995251656858078,-1.2866280318261858,-1.887844404497367,1.6352969504140937,6.091612234217044,-1.922444139012769,-4.908918912058343,2.973469544323601
0.9722206258217299,0.025316926433548995,0.6209593574056185,2.2255049794786226,3.1611497590500504,-0.8903263651195389,-1.863178386493314,3.277889984313664,3.7501150919723436,1.7085019406546007,-0.48571064811030557,-4.047570342530867,-3.347416296514071,0.31074076166933007,-2.1350842431501906,2.5355640310713436,1.3740411285211358,-4.009163151035351,0.7430935334955284,1.5893716964956668,-0.4455721806658184,-1.421953210736093,1.9418342396974275,1.2632138568749824,1.204323405951202,-1.5318919063144398,1.1601640544677738,-0.5286962530192499,1.592675844094343,7.846802934216409,-1.0663344827851506,-0.3901748384476345,0.32797367823161494,0.6730669301939409,-0.056056125854836006,-0.24541660121323172,1.2209273311797644,0.36259279308064807,-1.146059537964505,-2.51324311794684,1.9962988374714743,3.7944769619685577,-1.5438221168705908,-3.2696197757047694,1.1577804055096066
-1.1193796027169276,-0.17429552992101793,-0.6809279562042332,-3.0763797005984865,-2.5208926148814834,2.6634120032272426,2.9548340924121272,-2.232692644824008,-3.3576814262585377,-2.147898351805188,1.8625203331030398,3.351216275887703,3.09603728806367,-1.6688069858880215,1.947738229884198,-3.1571002002899813,-0.41005409168327905,3.9386815427986916,-0.8066045575041598,-0.5179300117972,1.2950425428827976,2.582724870894702,-2.0271108422661857,-0.12837842173921848,-1.5318919063144398,3.042807015641054,-1.7750285661065333,2.005862253089535,-1.5672876599336387,-9.211398131097438,1.0641717885115507,0.41809956131415743,-0.7654283287759661,-0.46715801415948716,0.4723861287346567,0.26324246115939964,-1.5939950956340827,0.10565584481572962,1.3775810681536012,3.7037948960359586,-2.837305234009644,-3.2167637224347456,1.7205087672885697,3.001591873816852,-0.11326939510330969
1.182899486085526,0.014529911570341737,0.5935013620001217,2.932502770594176,2.708106172877351,-1.4743583353107674,-2.3122167900158073,3.281302250847211,4.382972583073642,2.1314546128675156,-1.0722464758725867,-5.039244628138479,-3.8081693940681958,0.5705807171288143,-2.575645177321735,2.747457545273093,1.1977371303208937,-4.709517423316312,0.21453500585689878,1.6778766304835484,-0.8764762367273834,-2.15342342167485,2.286088125764674,0.7587399164289667,1.1601640544677738,-1.7750285661065333,1.756622706328098,-1.0444542176489373,1.886211224180785,9.498741556493224,-1.325211920928376,-0.20362543758621066,0.4343599113226186,1.0901116113724856,-0.3285002346396002,-0.3127141611901813,1.2124918444235695,0.6647293969881982,-1.3106875158101696,-3.1515991796582914,2.633263198687634,3.9993388470064124,-1.7581528762568523,-3.7293489493999794,1.5553545324495626
-0.3680490205774853,-0.1692065230525874,-0.14727431118396456,-1.496525051252967,0.41828122423948094,2.3167604743625905,1.640024437212966,0.7214831304576328,-0.27863828600259455,-0.8697266275914303,1.8105937771434144,0.08518405097347795,0.32924374503647597,-1.664865526233298,0.22416006693001322,-1.128885297629514,0.9540087307537354,0.7010461412062615,-0.0150605467074316,0.9640887591216144,1.1592869031566833,1.742319013339019,-0.47641965281236853,1.2638978730652346,-0.5286962530192499,2.005862253089535,-1.0444542176489373,1.9091886412644905,-0.2858666676343998,-3.1632711786266534,0.22787958490270763,0.029627703876865936,-0.575385493770539,0.010888603492800153,0.5635168846778137,0.075516347589339,-0.5935648664522921,0.38771458939515646,0.4751830590578603,1.902224949493218,-1.4315337786791658,0.0566160336110272,0.4842131297882003,0.29881666460679324,0.9000987179517352
1.6279457611516868,-0.05181209410169493,0.9050084562823532,3.47025349375256,4.891842050070008,-0.715630137422301,-2.5286885069918412,5.705766284039526,6.543150710766092,2.6860555136258344,-0.3549774940865484,-7.521421614401762,-5.6830103420306735,-0.19302218741773228,-3.765785818413222,3.6669885316165014,2.5956679440009722,-6.799777862583925,0.6759089470080921,3.2102532433308917,-0.47495922207273356,-2.04694452995103,3.235114679445663,2.254265616261055,1.592675844094343,-1.5672876599336387,1.886211224180785,-0.2858666676343998,2.727152609448436,12.582253043953473,-1.8377765323298099,-0.4318185293107712,0.3053884004458775,1.5199920889995748,-0.0512117973016381,-0.41998013921998534,1.6179039035585454,1.117483136493252,-1.741094134250698,-3.6058173972044862,3.0627908357112954,6.388270989868021,-2.446382738761887,-5.58040785382985,2.7974609449448256
7.6023237084879804,-0.09069925581844879,4.253190111018544,17.13619829621485,21.97491735210105,-5.508614792509606,-13.114598763028011,25.24024369913017,29.89357539135478,13.038556076923388,-3.324074417891673,-33.969441015823406,-26.100087822352886,0.822598471701927,-17.2564015659081,17.83335874984126,10.845153115006443,-31.461447969806244,3.2159635262682893,13.567400399529449,-3.3042587511844106,-10.929168125972318,15.078845698163532,9.084014438054082,7.846802934216409,-9.211398131097438,9.498741556493224,-3.1632711786266534,12.582253043953473,60.048315332930535,-8.573944964291046,-2.0400238601476772,1.9768535082164307,6.7688804557971265,-0.7273650215820188,-1.9757387468143044,8.02099167919724,4.571577096119091,-8.397929536074201,-18.277361497465623,15.241956600098902,28.930520806313293,-11.560208345963286,-25.583721374229007,11.635319312403954
-1.0284699032803122,0.06423308102759416,-0.5798343233536402,-2.383106242188498,-3.230177518385776,0.5037972036957263,1.7322312219274523,-3.8638421941091976,-4.482133611984528,-1.8597383420226117,0.26864778798450256,5.1545983457918965,3.8888295694655604,0.11342797484199549,2.594547555258944,-2.474939958090666,-1.7253015994138161,4.638016525410764,-0.3495086952464937,-2.187722786488682,0.38913967201008903,1.4394694686730278,-2.1808475103680776,-1.4674748462667249,-1.0663344827851506,1.0641717885115507,-1.325211920928376,0.22787958490270763,-1.8377765323298099,-8.573944964291046,1.296715450692095,0.25216092505319854,-0.21536865148223042,-1.0744637767733098,0.050730777621599193,0.2931561738737536,-1.088271173008776,-0.7943752871585689,1.1953977939968616,2.5035758696774355,-2.105918446907897,-4.299400780771819,1.6478432026062717,3.8090990945830274,-1.9382166384262094
-0.282395561897666,-0.021420644950116308,-0.2126977348808475,-0.5155136611735746,-1.1240500209619684,0.13192134767124314,0.46741065436003776,-1.0228708893195904,-1.0029102476302405,-0.4180604120618416,0.0021702379496698837,1.008615994526996,0.9213990294546276,-0.02797389824826507,0.5463702859094466,-0.7437972528254592,-0.48334726960206276,1.0744418124727175,-0.39649222358574004,-0.4711204516309614,0.011507133434935783,0.25103203860817586,-0.529107672766039,-0.5357287152933043,-0.3901748384476345,0.41809956131415743,-0.20362543758621066,0.029627703876865936,-0.4318185293107712,-2.0400238601476772,0.25216092505319854,0.1806296619029085,-0.07365376303451378,-0.09561365650361398,-0.05270713430118173,0.05748424148735813,-0.3851008758079647,-0.02877627771277162,0.31250220578828475,0.6097834092816419,-0.46085002484391513,-1.1466712909195091,0.43470847304953264,0.9013441237762596,-0.25289270891735544
0.23259989782711457,0.04812679245129877,0.1335069893263081,0.7128707731864582,0.3842123210418646,-0.7366599824475025,-0.7078903926841811,0.30366388258578864,0.619914507056011,0.47852280017816873,-0.5383777861301534,-0.5963004775147253,-0.5797581128044951,0.48716769651583364,-0.36792233977150807,0.6813097875314291,-0.04286136711945437,-0.7693875703738189,0.1351621779768812,-0.022463164104686652,-0.3659992484622189,-0.6572536751683699,0.4076521970555777,-0.12980057015322394,0.32797367823161494,-0.7654283287759661,0.4343599113226186,-0.575385493770539,0.3053884004458775,1.9768535082164307,-0.21536865148223042,-0.07365376303451378,0.2014168147536801,0.08265868734688683,-0.14937504849726957,-0.05526666072089275,0.346728737177654,-0.06173787464245375,-0.296662386046188,-0.8718863640948298,0.6636283671243427,0.5509795266446407,-0.3554923279162474,-0.5590676899454603,-0.08363415965816595
0.850883280192853,-0.08677010596221395,0.4079679652107219,1.86461982745822,2.3690583406323373,-0.14654633543029805,-1.1843373583440509,3.1635273741466126,3.7361022240123107,1.4494467605427468,-0.08734148024121026,-4.504066949493536,-3.171161249727913,-0.35438017266537297,-2.184267395952605,1.758366412419007,1.4779644025442793,-3.7977506716461615,0.0038264643261588507,1.9720178657319063,-0.23737161457330552,-1.0820832478941989,1.767472461102467,1.1773271001684986,0.6730669301939409,-0.46715801415948716,1.0901116113724856,0.010888603492800153,1.5199920889995748,6.7688804557971265,-1.0744637767733098,-0.09561365650361398,0.08265868734688683,1.0541875130614535,-0.05041230992847579,-0.2431138993631653,0.6926940278754757,0.8675303409560523,-0.8946392691138484,-1.8085739245575327,1.6269828658683911,3.4612427546830946,-1.2793454666432578,-3.1201442643147437,1.929049592500868
-0.09532032643846672,-0.04186425346472288,3.6302452940568025e-4,-0.4094057050265187,0.37710527803339083,0.66307630936912,0.4073960251137833,0.3640052175162761,6.589848008803421e-4,-0.21494316292831853,0.5584619303267796,0.016009011742318467,-0.0039195392665035255,-0.45757105871353815,0.032803351286354955,-0.19026551260989033,0.35275523159016614,0.10846510111818668,0.14706519137616772,0.3120435119541427,0.3568494331930656,0.5192251127714459,-0.09108661580169779,0.49682106180338664,-0.056056125854836006,0.4723861287346567,-0.3285002346396002,0.5635168846778137,-0.0512117973016381,-0.7273650215820188,0.050730777621599193,-0.05270713430118173,-0.14937504849726957,-0.05041230992847579,0.19928388993241145,0.019719832291905482,-0.07909060582840985,0.052204409950247006,0.09093399727254615,0.47545661269493134,-0.3899624496566297,0.17667331373941042,0.08527596981897066,-0.006042802577018879,0.20393192709044997
-0.24264484263430064,0.010769341400527219,-0.13373571294877737,-0.5575244407817197,-0.7210339833656068,0.14374562976397456,0.4105803475925314,-0.8599576894405515,-1.0136446147463758,-0.4293409712736141,0.08493957106260065,1.166327413870261,0.8795697743469761,0.005672421019799812,0.587329489754042,-0.5709447661775052,-0.3773698683321019,1.0552563975718696,-0.07970318818358776,-0.48101647301476474,0.10039900309976432,0.34713948251398297,-0.49971950361894674,-0.31398856763956134,-0.24541660121323172,0.26324246115939964,-0.3127141611901813,0.075516347589339,-0.41998013921998534,-1.9757387468143044,0.2931561738737536,0.05748424148735813,-0.05526666072089275,-0.2431138993631653,0.019719832291905482,0.06690265631266223,-0.2511362205188847,-0.17528761507114637,0.2744662936575614,0.5860495862956784,-0.49382349036816564,-0.9691885509625285,0.3784637124612114,0.8620825007588507,-0.4273786478151155
0.9906018203598873,0.027811709453443155,0.6255929169696309,2.2972768579957314,3.150778324684515,-0.9682362279058427,-1.9266408319066928,3.280195147227219,3.8011892496118476,1.7537453020279248,-0.5503955255521896,-4.108799761555914,-3.390992760908694,0.3594393166641921,-2.168978322189907,2.582123945443884,1.3531187935612623,-4.072889873338532,0.7253513941002087,1.5802254452682476,-0.4914320355372562,-1.4962760936909387,1.9749999309999693,1.222364182088359,1.2209273311797644,-1.5939950956340827,1.2124918444235695,-0.5935648664522921,1.6179039035585454,8.02099167919724,-1.088271173008776,-0.3851008758079647,0.346728737177654,0.6926940278754757,-0.07909060582840985,-0.2511362205188847,1.2405232719489656,0.3677766766565087,-1.169464571292991,-2.5943475287796387,2.062845884030666,3.820624942515254,-1.5704705980371263,-3.311704679729841,1.1594662073402733
0.5806221437786886,-0.10956310470526386,0.2621267988406475,1.1504675996251592,1.7878287116312697,0.3594172147828195,-0.5591412983304263,2.5423028558188174,2.8377764805011085,0.944448340423029,0.27698017434467687,-3.525458303276797,-2.371502560635499,-0.6307868807652682,-1.6571374448112057,1.0707331485712845,1.3077938500011328,-2.790645242269416,-0.10057194592315234,1.7289911835044756,0.030510024177556338,-0.5099854032588099,1.2641400297468894,1.0995251656858078,0.36259279308064807,0.10565584481572962,0.6647293969881982,0.38771458939515646,1.117483136493252,4.571577096119091,-0.7943752871585689,-0.02877627771277162,-0.06173787464245375,0.8675303409560523,0.052204409950247006,-0.17528761507114637,0.3677766766565087,0.800670094517911,-0.5803510556956737,-0.9957576219046247,0.9763103267357022,2.6355060581654266,-0.8738929176713162,-2.3405294133316503,1.7384635177579797
-1.0363136212728083,0.009976631634951568,-0.6055807935538096,-2.393480031501184,-3.1440802790389286,0.8139347596725885,1.8758156331753777,-3.529926514431626,-4.147142101363175,-1.8314264382731147,0.47738271916415975,4.64989787053081,3.641402897339326,-0.1714567083806526,2.3884381720152548,-2.5488637169009154,-1.501892672030144,4.375963265139218,-0.5201354604417828,-1.8519124454418985,0.4771047209806672,1.5309043611324584,-2.0959912859082106,-1.2866280318261858,-1.146059537964505,1.3775810681536012,-1.3106875158101696,0.4751830590578603,-1.741094134250698,-8.397929536074201,1.1953977939968616,0.31250220578828475,-0.296662386046188,-0.8946392691138484,0.09093399727254615,0.2744662936575614,-1.169464571292991,-0.5803510556956737,1.1914439479358971,2.600137061866753,-2.1340391528292066,-4.046007051949647,1.6226511243410475,3.5636586092141482,-1.5345472054285085
-2.2350533255034555,-0.056402611921098966,-1.2612544282251754,-5.516953749950096,-5.966909059553158,2.7708262199082774,4.53632400912035,-6.63806318951788,-8.40032424773416,-4.081001006394534,1.8651932250044292,9.336703881879801,7.40701571051378,-1.159136209511622,4.877195674857603,-5.598292814431515,-2.495034210925797,9.05818015573888,-0.973347856794633,-3.213246070921808,1.5447205666851804,3.9329915952004364,-4.403262443206488,-1.887844404497367,-2.51324311794684,3.7037948960359586,-3.1515991796582914,1.902224949493218,-3.6058173972044862,-18.277361497465623,2.5035758696774355,0.6097834092816419,-0.8718863640948298,-1.8085739245575327,0.47545661269493134,0.5860495862956784,-2.5943475287796387,-0.9957576219046247,2.600137061866753,6.116582546525415,-4.966184059693857,-7.991039509159252,3.4588654377230386,7.237182479481642,-2.6483729799174016
1.9186106605246513,0.03293513521033152,1.0355443697392825,4.5753772771579815,4.92307625500582,-2.120737969030217,-3.6525667588767994,5.642981422415014,7.137130248168238,3.3782150628917975,-1.4455946063373495,-8.06896380884709,-6.247935490747348,0.7730114972904384,-4.150578012581784,4.5531012629931435,2.1897562261172303,-7.649950191772867,0.6857480427489194,2.8547576758163506,-1.2069805033275514,-3.2135374063464486,3.71357473601049,1.6352969504140937,1.9962988374714743,-2.837305234009644,2.633263198687634,-1.4315337786791658,3.0627908357112954,15.241956600098902,-2.105918446907897,-0.46085002484391513,0.6636283671243427,1.6269828658683911,-0.3899624496566297,-0.49382349036816564,2.062845884030666,0.9763103267357022,-2.1340391528292066,-4.966184059693857,4.103734163502,6.747099246876876,-2.8798407880410366,-6.117451948320962,2.465476314799568
3.6926065940463206,-0.1788489720477501,2.1718847530753247,7.680500376274665,12.293647987530004,-0.8437103872962508,-5.517256808226352,14.096194322888431,15.522870208183086,6.106546036774218,-0.08036241900718799,-17.714704835415297,-13.521401910197156,-1.0080993251817882,-8.8782281741963,8.55412968960572,6.649849755785201,-15.995433152592401,1.931123954017229,8.005631292931247,-0.6558992528303158,-4.14754670072036,7.551078323149248,6.091612234217044,3.7944769619685577,-3.2167637224347456,3.9993388470064124,0.0566160336110272,6.388270989868021,28.930520806313293,-4.299400780771819,-1.1466712909195091,0.5509795266446407,3.4612427546830946,0.17667331373941042,-0.9691885509625285,3.820624942515254,2.6355060581654266,-4.046007051949647,-7.991039509159252,6.747099246876876,15.455895248123324,-5.713362846240536,-13.270288020131648,6.791934447367509
-1.4787929575473027,0.017549622058396844,-0.8469708378368198,-3.2435065903206683,-4.443896969352603,0.9279833963265183,2.477375368952978,-5.027764119178083,-5.8223709539381305,-2.489937217490082,0.5114641835251503,6.58845368035148,5.093162971615964,-0.06565561385769433,3.3462766555171086,-3.4670267365317335,-2.212627602806753,6.112119670524172,-0.724989674553549,-2.709697945537827,0.5445589759606744,1.9977296267246356,-2.9277788719090396,-1.922444139012769,-1.5438221168705908,1.7205087672885697,-1.7581528762568523,0.4842131297882003,-2.446382738761887,-11.560208345963286,1.6478432026062717,0.43470847304953264,-0.3554923279162474,-1.2793454666432578,0.08527596981897066,0.3784637124612114,-1.5704705980371263,-0.8738929176713162,1.6226511243410475,3.4588654377230386,-2.8798407880410366,-5.713362846240536,2.2469673297121777,4.993879261877039,-2.2787773710932515
-3.2202889288793775,0.15755891730711832,-1.8441061467135642,-6.944997195664842,-10.290088268112296,1.117851796458254,5.014967880434163,-11.999119548123078,-13.5365342803296,-5.456866839652072,0.42780863863741736,15.518049367725855,11.76657939590938,0.6282976043350031,7.781264127219154,-7.477621555462207,-5.533896951389028,13.989135370993104,-1.4237301680099315,-6.803544969379558,0.8348805155211734,3.96187052602937,-6.607253277540138,-4.908918912058343,-3.2696197757047694,3.001591873816852,-3.7293489493999794,0.29881666460679324,-5.58040785382985,-25.583721374229007,3.8090990945830274,0.9013441237762596,-0.5590676899454603,-3.1201442643147437,-0.006042802577018879,0.8620825007588507,-3.311704679729841,-2.3405294133316503,3.5636586092141482,7.237182479481642,-6.117451948320962,-13.270288020131648,4.993879261877039,11.54359024213236,-5.887559809598202
1.4882250044270657,-0.22269342769956754,0.769495684908638,2.886379229568834,5.010180384376876,0.7572311878911556,-1.5853479196429423,6.509763124845639,7.045942196870047,2.3916245776830785,0.6946312536000817,-8.502910003797334,-5.9750549561844215,-1.3961003010896569,-4.069154597620461,2.9939907181809113,3.3333937844817965,-6.9950531669767235,0.21247095754231746,4.209597996795147,0.11582315289349153,-1.2388300774024934,3.1999602605098993,2.973469544323601,1.1577804055096066,-0.11326939510330969,1.5553545324495626,0.9000987179517352,2.7974609449448256,11.635319312403954,-1.9382166384262094,-0.25289270891735544,-0.08363415965816595,1.929049592500868,0.20393192709044997,-0.4273786478151155,1.1594662073402733,1.7384635177579797,-1.5345472054285085,-2.6483729799174016,2.465476314799568,6.791934447367509,-2.2787773710932515,-5.887559809598202,3.9852583047176897
