V1,V2,V3,V4,V5,V6,V7,V8,V9,V10,V11,V12,V13,V14,V15,V16,V17,V18,V19,V20,V21,V22,V23,V24,V25,V26,V27,V28,V29,V30,V31,V32,V33,V34,V35,V36,V37,V38,V39,V40,V41,V42,V43,V44,V45
88.573881194668175,27.4873257930843,49.593616780297104,-38.28816251406021,13.92401192146143,12.429419654144427,-34.8607172622348,-80.53698568200473,2.413351955498297,35.79750609787933,31.9155885183352,17.608235158196504,48.727227530070635,-214.19588013437925,-52.38713529882708,-85.38810949205552,-38.4190090704703,66.96986467262617,56.730984893414764,21.036287560895104,-16.893962188364238,77.5201076275884,79.5661808635613,-119.88592319256462,-2.383092953940975,117.27777911272061,-71.5458783127231,-114.98081511297876,21.996604663496317,-141.37861521793394,12.492268579312908,-21.733471817336,69.79682850837645,-35.52960960384114,-12.886201540473715,-110.68376978107437,22.431585328133764,90.4471354953551,112.74301549519144,-55.72289611681558,6.147601257677856,-34.88863408017117,-52.417383779583965,-166.25163623423458,1.0438012167976947
27.4873257930843,9.12989443241697,15.568454727188026,-11.659041536803919,3.8069022376167294,3.781876949256268,-10.011820635371237,-24.320943921034008,1.4299358311767771,10.475184604190854,9.927097268658953,4.934040527825641,14.535336658926347,-64.06536340371127,-16.060342593514857,-26.214621479501844,-11.219128922844696,20.134777056255476,17.404307579261072,6.770849518232509,-5.602065463663125,23.629270147000316,24.301341847439694,-36.05510447940069,-0.9383745318025281,35.41961428473856,-22.218055207496878,-33.53086894979636,6.809106967677003,-42.249124110121095,4.628160322435668,-6.115906398288422,22.069205402155543,-10.885525607870262,-3.8158711049491636,-33.650221715681575,6.828475151288911,26.820323698383802,33.81748308586677,-16.5389568630395,1.8677850189061072,-10.748222264096853,-15.921262406308982,-49.09108512618853,-0.06776779773854698
49.593616780297104,15.568454727188026,27.99160924497031,-21.465128599718714,7.482105587498005,6.72748098512676,-19.157959631936457,-44.82915318174707,1.5428313638262765,19.864154234363852,17.983232227815463,9.604382257740777,26.97524996170081,-119.0268993547663,-29.21412135243219,-47.661045635449106,-21.340895782253128,37.228274445306816,31.59854473951348,11.890155521610211,-9.61609470879664,43.19732301800349,44.38580423022954,-66.67140653607704,-1.3812325280027555,65.41416624847822,-40.109049271752355,-63.54091476093014,12.418880527295379,-78.39445846285592,7.203203145156408,-11.916091354673137,39.04970667870611,-19.82254022458055,-7.282236799254741,-61.61912055069503,12.34878205763623,50.24167404408558,62.55631687773225,-30.96049454006212,3.52271454298435,-19.370068651647447,-29.041832642547604,-92.13340144729092,0.3651408856088487
-38.28816251406021,-11.659041536803919,-21.465128599718714,16.685872293564056,-6.1216929189317435,-5.287151163751901,15.30118850035252,35.02845720157814,-0.7839445345357811,-15.71563427613446,-13.84640104288101,-7.755637561025481,-21.208017384970297,93.38322375992833,22.687122092636557,36.98094527503604,16.890762968556537,-29.14886430131085,-24.54046707639027,-9.024792627678092,7.196938298682606,-33.624535155182784,-34.51249526246513,52.18925265302146,0.9493040354202101,-51.080527974690845,30.94627654202729,50.395211585032776,-9.574154964339561,61.56466547904696,-5.11168457671675,9.59319506715297,-29.93561080684581,15.393371909169485,5.705429279501316,48.02387213594504,-9.650435999500464,-39.54559875547962,-49.05040730852062,24.36007453252575,-2.723356590898515,15.032531125221505,22.675582825465487,72.68308336471276,-0.5403105873728219
13.92401192146143,3.8069022376167294,7.482105587498005,-6.1216929189317435,2.783521775743642,2.21635991262772,-6.288356214127441,-13.299317557174,-0.19429447105087239,6.162395787252379,4.896445177541937,3.3151355172246104,8.290028564830548,-35.9162430347501,-8.46045923103697,-13.728675965709494,-6.6066660657312015,11.155854122701694,9.192014191668262,3.0608723977103667,-2.2993295718859144,12.6288766879935,12.889440899828568,-19.94026063880432,-0.21570818773643136,19.236738578543147,-11.191926090951553,-20.109889980390495,3.370206896035963,-23.88733038912626,1.3338559479043346,-4.018004944216744,10.765657335467129,-5.734803859988991,-2.0672855215524737,-18.139089940618803,3.803805195197514,15.318503620748446,18.938513368943177,-9.421097897320973,0.9127685092348117,-5.686468234680462,-8.730563415466365,-28.48097638154912,0.5979483721575952
12.429419654144427,3.781876949256268,6.72748098512676,-5.287151163751901,2.21635991262772,2.011498133416964,-5.141046704731115,-11.465612304887646,0.26570011440453395,5.09285454108939,4.345362420954043,2.656937101532932,7.075135110329914,-30.59345695564445,-7.44995678912665,-12.096681344033236,-5.432910829559829,9.573648872205588,8.11645907832256,2.8728986508136836,-2.2641660789436817,11.030149305052165,11.273155057474945,-17.10631319364569,-0.3240357815479787,16.533275704909173,-9.982322208523364,-16.651202659796926,2.9569279107451196,-20.390947975508624,1.675239295214174,-3.2106372937938756,9.928748924583717,-5.037994054412901,-1.6828407825731673,-15.798688326361082,3.3734072821308128,12.886163849377635,16.241675095179662,-7.934132675247594,0.7546679425932498,-5.077998515853341,-7.650484034497849,-23.90302132952456,0.3218865016717467
-34.8607172622348,-10.011820635371237,-19.157959631936457,15.30118850035252,-6.288356214127441,-5.141046704731115,14.896342705390754,32.649399304735205,-0.04210132958596143,-14.93417942447332,-12.453715282568902,-7.713213406496679,-20.063548858092904,87.67541797856309,20.924475302602243,34.036885484909064,16.039282545869717,-27.283444617552295,-22.674979971590606,-7.924334658194388,6.1286185222014185,-31.143279067105084,-31.877398331662242,48.81292081768083,0.6796952928393355,-47.44228051205929,28.10723144983114,48.289778650442685,-8.60252515544557,58.031899057662805,-3.918920265154079,9.44523700537353,-27.030322253033066,14.19720709890064,5.22989620626397,44.6108969964083,-9.133549546980726,-37.30001212985681,-46.106081815465814,22.955425864106324,-2.406079348498878,13.940517951042901,21.241156835787443,68.94852618815064,-1.0121495756756498
-80.53698568200473,-24.320943921034008,-44.82915318174707,35.02845720157814,-13.299317557174,-11.465612304887646,32.649399304735205,74.00872313474117,-1.4351368226685348,-33.25670237787493,-28.95318909594221,-16.642321403778045,-45.01493173160236,197.53200734874568,47.87724956089921,77.98433065695703,35.707472842436836,-61.64897842491474,-51.85030357188617,-18.840044963042672,14.938463999933154,-70.99595516786042,-72.80364774912665,110.34119524081385,1.9486520988276432,-107.71609070575177,65.02030237367596,107.03714575043105,-19.97833413608031,130.48157336584532,-10.522637394485375,20.491368754793804,-63.06366370317753,32.47550052212859,11.87550467215989,101.48119239245933,-20.611241863814367,-83.65235978109705,-103.91139109273138,51.518278088020196,-5.598893472378852,31.865598303225305,48.12713395754701,154.05357000658375,-1.427966923378905
2.413351955498297,1.4299358311767771,1.5428313638262765,-0.7839445345357811,-0.19429447105087239,0.26570011440453395,-0.04210132958596143,-1.4351368226685348,0.8398725060104906,0.2547324706201942,0.8885730049427798,-0.1164715251835651,0.6703903950880189,-3.1150416081002663,-1.2070009659886018,-2.008272693193011,-0.24539301466575247,1.0932830474593083,1.3239422015963658,0.8461896257274089,-0.8650739804271858,1.6315169189236152,1.7276581017038288,-1.9685664891877739,-0.2915604826475712,2.0852963122180745,-1.9638535901790333,-0.7020056549370652,0.5730342206602957,-2.0240580299523265,1.1949962523260718,0.11790569160619013,2.37585056186493,-0.8109862898761272,-0.1353955856252328,-2.2322386542279387,0.4716849937739875,1.0488434087236225,1.7566154418305124,-0.6632468824853546,0.11613044798572673,-0.8702005425829178,-1.0484532764356929,-1.7013276048618202,-0.40985591874889893
35.79750609787933,10.475184604190854,19.864154234363852,-15.71563427613446,6.162395787252379,5.09285454108939,-14.93417942447332,-33.25670237787493,0.2547324706201942,15.13899200473524,12.880548925746131,7.672008881587746,20.305919301950325,-89.10289075815957,-21.378392131305336,-34.80667315259421,-16.273354299327437,27.7476705525238,23.135464058271555,8.24752733068821,-6.450790410422473,31.77757723137658,32.566888866068325,-49.66174277092748,-0.7521205224891401,48.432140627628236,-28.90178768973556,-48.734855585810585,8.913845741489821,-58.84271747462572,4.25302730610634,-9.445445269486315,27.768118925580318,-14.505290911169935,-5.408313972641443,-45.46316113572875,9.195816741695849,37.87266904093245,46.792144089983154,-23.317305608998034,2.531917856875916,-14.175575703610603,-21.5397184525131,-69.8265689348527,0.8304217087788963
31.9155885183352,9.927097268658953,17.983232227815463,-13.84640104288101,4.896445177541937,4.345362420954043,-12.453715282568902,-28.95318909594221,0.8885730049427798,12.880548925746131,11.567811704597295,6.2638381101073595,17.451558037136493,-76.97068769286109,-18.832150050843886,-30.715997431527224,-13.840800379794794,24.058890833183284,20.367483945857746,7.6140479183056105,-6.132732045853359,27.866329268105684,28.624343682031984,-43.08329230153886,-0.8585317631467589,42.245297611187446,-25.80846527351481,-41.22433688771208,7.9929885025854235,-50.70399649612796,4.520029177080283,-7.7663346960747575,25.06988779916734,-12.777753291814683,-4.712565876041368,-39.76319645942861,7.969640184365321,32.52392488288772,40.44071599694253,-20.040118005965596,2.2717981519618538,-12.479641567558476,-18.746327501291486,-59.678551291233056,0.2966438639818471
17.608235158196504,4.934040527825641,9.604382257740777,-7.755637561025481,3.3151355172246104,2.656937101532932,-7.713213406496679,-16.642321403778045,-0.1164715251835651,7.672008881587746,6.2638381101073595,4.025115004849491,10.281717824681897,-44.81850509332494,-10.622634256837351,-17.263054412261994,-8.238016983498131,13.93026579685368,11.516623710126508,3.9445444336808295,-3.011741296851692,15.834747887469923,16.190730680959742,-24.91427867238303,-0.3048011493739017,24.155372805267245,-14.184155197841584,-24.874754376126056,4.326559847413012,-29.704580161138377,1.8271036486834047,-4.91428371003293,13.60018220118212,-7.204371997201853,-2.654382624076054,-22.705369090200755,4.674858879612017,19.102248643054917,23.575135213750734,-11.753140535988408,1.204751042545521,-7.086087371516633,-10.842832892490945,-35.38365740440039,0.6127846116320431
48.727227530070635,14.535336658926347,26.97524996170081,-21.208017384970297,8.290028564830548,7.075135110329914,-20.063548858092904,-45.01493173160236,0.6703903950880189,20.305919301950325,17.451558037136493,10.281717824681897,27.48523577875883,-120.33817025997634,-29.058768363242702,-47.30397432891252,-21.79332277246984,37.53571024657134,31.48997825354658,11.304156081716025,-8.90256808711947,43.127199756494925,44.192477118823405,-67.16672811019747,-1.1262908623228765,65.44214870217945,-39.30985985879268,-65.515129810943,12.03272022508589,-79.58833696066728,6.150116195124276,-12.622390558293116,38.11730623874295,-19.707670344274597,-7.172335920847137,-61.69031211381835,12.605908035839251,51.002899784729316,63.34293806695513,-31.404252891093513,3.3480057860424544,-19.381813362274123,-29.335048667297425,-94.07235206167856,1.0384520804119852
-214.19588013437925,-64.06536340371127,-119.0268993547663,93.38322375992833,-35.9162430347501,-30.59345695564445,87.67541797856309,197.53200734874568,-3.1150416081002663,-89.10289075815957,-76.97068769286109,-44.81850509332494,-120.33817025997634,527.8557661410531,127.54414728351223,207.70453953403276,95.68941508605911,-164.63791183137667,-138.11819668628888,-49.852869527590975,39.355381843800465,-189.26960074443917,-194.0346184312197,294.65781756033317,4.978377114949322,-287.48318668366346,172.9071936110368,286.9139531201289,-53.142295382789335,348.73162571485454,-27.210328897698528,55.15456034728331,-167.31555901773706,86.5170673947976,31.761950580922587,270.63117261857326,-54.96926272960617,-223.7709788820861,-277.5905679921038,137.79673893494999,-14.92401102450226,84.84349290276214,128.37511450631317,412.32119025910924,-4.211298955617682
-52.38713529882708,-16.060342593514857,-29.21412135243219,22.687122092636557,-8.46045923103697,-7.44995678912665,20.924475302602243,47.87724956089921,-1.2070009659886018,-21.378392131305336,-18.832150050843886,-10.622634256837351,-29.058768363242702,127.54414728351223,31.07071623937389,50.618371406569544,22.94126566548784,-39.84953523435435,-33.65699061886163,-12.348347490500199,9.856583696285938,-46.01745318808881,-47.20415117591556,71.3239169306336,1.3481195190752617,-69.67186723483817,42.294983377848126,68.7832348860503,-12.978176772887654,84.25186071776504,-7.1457247458527915,13.084632850869726,-41.19946266615969,21.069151248630874,7.639871183132298,65.74367763001898,-13.369115337850511,-53.915869986893924,-67.14509955569483,33.2113127014173,-3.617283723605815,20.70912361847566,31.187624770445062,99.2265119522946,-0.7818323184265091
-85.38810949205552,-26.214621479501844,-47.661045635449106,36.98094527503604,-13.728675965709494,-12.096681344033236,34.036885484909064,77.98433065695703,-2.008272693193011,-34.80667315259421,-30.715997431527224,-17.263054412261994,-47.30397432891252,207.70453953403276,50.618371406569544,82.4771576126982,37.35604776465636,-64.89690693304526,-54.82674157432782,-20.149466816346525,16.096439628744122,-74.96477412746829,-76.90871660918253,116.16288682310238,2.207985980639936,-113.50771092061761,68.94877371452752,111.94078372204446,-21.17208580793118,137.17162742639306,-11.693772444238878,21.27419720072765,-67.15110280464978,34.33099433790779,12.46279995866607,107.09124237003009,-21.754056187721044,-87.79783889709171,-109.32765605653458,54.08191824221143,-5.9096938207653205,33.72543895159233,50.77361647382469,161.5380780442744,-1.2313754799446297
-38.4190090704703,-11.219128922844696,-21.340895782253128,16.890762968556537,-6.6066660657312015,-5.432910829559829,16.039282545869717,35.707472842436836,-0.24539301466575247,-16.273354299327437,-13.840800379794794,-8.238016983498131,-21.79332277246984,95.68941508605911,22.94126566548784,37.35604776465636,17.498879559398315,-29.79162682409821,-24.819924675627437,-8.848519136095364,6.917389486293472,-34.107669499625516,-34.95915715128344,53.32443567314502,0.7975326031600248,-52.023122389168506,31.025605185741213,52.35343273216706,-9.585395692434586,63.1672268126393,-4.5333624946970605,10.15003964733973,-29.76030793207231,15.568825639945823,5.831718961122095,48.79546199499041,-9.84617234130934,-40.68974452977432,-50.226615959156625,25.051296811977902,-2.734378630458428,15.193250120361165,23.095882024988164,75.00167525996379,-0.8891819921210449
66.96986467262617,20.134777056255476,37.228274445306816,-29.14886430131085,11.155854122701694,9.573648872205588,-27.283444617552295,-61.64897842491474,1.0932830474593083,27.7476705525238,24.058890833183284,13.93026579685368,37.53571024657134,-164.63791183137667,-39.84953523435435,-64.89690693304526,-29.79162682409821,51.37038664398525,43.158904313423456,15.62532758933965,-12.362579849785757,59.110254595950984,60.60279189605552,-91.93761571464984,-1.5922558709524164,89.70996143135496,-54.058483325658706,-89.35124889541407,16.60167159786264,-108.77875916881905,8.6391818089237,-17.141967231716016,52.398584800869386,-27.027882028681496,-9.88680331080735,-84.50720941708458,17.17996744062634,69.748993911057255,86.60910984675026,-42.953569150079815,4.650076080286013,-26.52700528904372,-40.097799016620144,-128.50052958705302,1.258702948008453
56.730984893414764,17.404307579261072,31.59854473951348,-24.54046707639027,9.192014191668262,8.11645907832256,-22.674979971590606,-51.85030357188617,1.3239422015963658,23.135464058271555,20.367483945857746,11.516623710126508,31.48997825354658,-138.11819668628888,-33.65699061886163,-54.82674157432782,-24.819924675627437,43.158904313423456,36.470523462671636,13.366973441890394,-10.668009938188757,49.843969621547,51.12320943553782,-77.24385138129895,-1.467136033987853,75.4199706958399,-45.79185159722499,-74.49227601256617,14.027041670223557,-91.27492148055717,7.75835068304537,-14.172396285152418,44.66189148078582,-22.822487978519383,-8.239154525068864,-71.21884222515284,14.518835574915446,58.36957876671792,72.74405144845834,-35.95366281595989,3.8931350322087264,-22.460281038239742,-33.81692764300603,-107.45574487018983,0.8644721656543862
21.036287560895104,6.770849518232509,11.890155521610211,-9.024792627678092,3.0608723977103667,2.8728986508136836,-7.924334658194388,-18.840044963042672,0.8461896257274089,8.24752733068821,7.6140479183056105,3.9445444336808295,11.304156081716025,-49.852869527590975,-12.348347490500199,-20.149466816346525,-8.848519136095364,15.62532758933965,13.366973441890394,5.1039069892877755,-4.1698221927865005,18.21945746502048,18.727405707495517,-27.980879650301606,-0.6436356683803841,27.467501738805908,-17.00854423448572,-26.39032696934648,5.242374245522439,-32.85339219576435,3.2675515450155572,-4.891912432322016,16.70694652144809,-8.374189106682984,-3.014767277436431,-25.970153298360454,5.233464266665569,20.96852166353375,26.25059295230813,-12.925368629832624,1.465425524809873,-8.22115440059759,-12.261483475163425,-38.422474672784986,0.0652526849331501
-16.893962188364238,-5.602065463663125,-9.61609470879664,7.196938298682606,-2.2993295718859144,-2.2641660789436817,6.1286185222014185,14.938463999933154,-0.8650739804271858,-6.450790410422473,-6.132732045853359,-3.011741296851692,-8.90256808711947,39.355381843800465,9.856583696285938,16.096439628744122,6.917389486293472,-12.362579849785757,-10.668009938188757,-4.1698221927865005,3.4530143315624113,-14.50569301538478,-14.926921356442461,22.14312737715142,0.5700100529840869,-21.79540098781108,13.668188521263772,20.581980273869902,-4.217276610043986,25.90750754522965,-2.828119876305979,3.7492892370359563,-13.512516053131716,6.682734208422833,2.3843538082086173,20.647943503719347,-4.147119642951839,-16.49353437300343,-20.73630982993545,10.171891676530748,-1.1762002315865745,6.564896796330821,9.730055306118569,30.14738583928992,0.06641059896430297
77.5201076275884,23.629270147000316,43.19732301800349,-33.624535155182784,12.6288766879935,11.030149305052165,-31.143279067105084,-70.99595516786042,1.6315169189236152,31.77757723137658,27.866329268105684,15.834747887469923,43.127199756494925,-189.26960074443917,-46.01745318808881,-74.96477412746829,-34.107669499625516,59.110254595950984,49.843969621547,18.21945746502048,-14.50569301538478,68.18903163009432,69.93808565488969,-105.79679182936505,-1.9497141900618122,103.31882452977783,-62.58520771699152,-102.25872964125749,19.213067335091267,-125.02622961113573,10.404496838247635,-19.5002535776262,60.8661546127935,-31.21005622327194,-11.351376376194377,-97.43830382066362,19.80835469820124,80.06387363821696,99.61119471695719,-49.31303602463082,5.365361055695584,-30.657705773392998,-46.218128472699206,-147.38601077634976,1.2413350686366387
79.5661808635613,24.301341847439694,44.38580423022954,-34.51249526246513,12.889440899828568,11.273155057474945,-31.877398331662242,-72.80364774912665,1.7276581017038288,32.566888866068325,28.624343682031984,16.190730680959742,44.192477118823405,-194.0346184312197,-47.20415117591556,-76.90871660918253,-34.95915715128344,60.60279189605552,51.12320943553782,18.727405707495517,-14.926921356442461,69.93808565488969,71.74366786464478,-108.47573025399,-2.0149103719075447,105.97548687823877,-64.24765931186923,-104.74576279726737,19.739675746606114,-128.14025796170503,10.737724890428979,-19.950932085875117,62.476181230615374,-32.01791201876473,-11.659819458004247,-99.92613556415253,20.287341835435917,82.07142140094315,102.10315113505345,-50.551198595201654,5.521581924471577,-31.433051694375244,-47.36997347683708,-151.034209094897,1.2225310319793106
-119.88592319256462,-36.05510447940069,-66.67140653607704,52.18925265302146,-19.94026063880432,-17.10631319364569,48.81292081768083,110.34119524081385,-1.9685664891877739,-49.66174277092748,-43.08329230153886,-24.91427867238303,-67.16672811019747,294.65781756033317,71.3239169306336,116.16288682310238,53.32443567314502,-91.93761571464984,-77.24385138129895,-27.980879650301606,22.14312737715142,-105.79679182936505,-108.47573025399,164.54820105379898,2.8525807763317914,-160.5827047597731,96.78007984999813,159.88659530015448,-29.733205210867215,194.66302446910706,-15.47897273614809,30.66536567995585,-93.7887076535616,48.380145806975925,17.71137050873067,151.25046729905816,-30.730797974879973,-124.83602802439135,-154.99270168752867,76.87784396769547,-8.3354204169311,47.46756293403467,71.74671050101885,229.96252956273358,-2.23270702698708
-2.383092953940975,-0.9383745318025281,-1.3812325280027555,0.9493040354202101,-0.21570818773643136,-0.3240357815479787,0.6796952928393355,1.9486520988276432,-0.2915604826475712,-0.7521205224891401,-0.8585317631467589,-0.3048011493739017,-1.1262908623228765,4.978377114949322,1.3481195190752617,2.207985980639936,0.7975326031600248,-1.5922558709524164,-1.467136033987853,-0.6436356683803841,0.5700100529840869,-1.9497141900618122,-2.0149103719075447,2.8525807763317914,0.1309906285232878,-2.829101990825933,1.92682950892224,2.3941846004159157,-0.5783600613895842,3.2849258045503777,-0.5866474688923538,0.3807590865493704,-2.0245154775282814,0.9119150810782014,0.2771749976181136,2.7572681966981025,-0.5722250780229966,-2.0218099239122362,-2.6609389707168547,1.2502612862668874,-0.1453987100567943,0.9228971070347504,1.3101847962588444,3.658054344560849,0.09437938844681784
117.27777911272061,35.41961428473856,65.41416624847822,-51.080527974690845,19.236738578543147,16.533275704909173,-47.44228051205929,-107.71609070575177,2.0852963122180745,48.432140627628236,42.245297611187446,24.155372805267245,65.44214870217945,-287.48318668366346,-69.67186723483817,-113.50771092061761,-52.023122389168506,89.70996143135496,75.4199706958399,27.467501738805908,-21.79540098781108,103.31882452977783,105.97548687823877,-160.5827047597731,-2.829101990825933,156.88026682986828,-94.71727570769961,-155.69891427911926,29.176803286017062,-189.77650556590842,15.315020152583589,-29.784865848760344,91.71649268410206,-47.26524150405554,-17.387422213152245,-147.6561723015645,29.87749512691963,121.78266687464863,151.13507769894423,-75.0044605849228,8.22557374295106,-46.29094163596934,-69.92095109211459,-224.1536026721228,1.9962607323370969
-71.5458783127231,-22.218055207496878,-40.109049271752355,30.94627654202729,-11.191926090951553,-9.982322208523364,28.10723144983114,65.02030237367596,-1.9638535901790333,-28.90178768973556,-25.80846527351481,-14.184155197841584,-39.30985985879268,172.9071936110368,42.294983377848126,68.94877371452752,31.025605185741213,-54.058483325658706,-45.79185159722499,-17.00854423448572,13.668188521263772,-62.58520771699152,-64.24765931186923,96.78007984999813,1.92682950892224,-94.71727570769961,57.8039531603997,92.76954253877213,-17.795705174460284,114.08384999168106,-10.10618583764809,17.521820388457154,-56.349079438479244,28.688619387362994,10.436097751644693,89.34962053452624,-18.07122185330046,-73.02000384296322,-90.98062326747808,44.987260901752144,-4.988960457170336,28.14254286139956,42.27762918783271,134.17226838693185,-0.8062665587896177
-114.98081511297876,-33.53086894979636,-63.54091476093014,50.395211585032776,-20.109889980390495,-16.651202659796926,48.289778650442685,107.03714575043105,-0.7020056549370652,-48.734855585810585,-41.22433688771208,-24.874754376126056,-65.515129810943,286.9139531201289,68.7832348860503,111.94078372204446,52.35343273216706,-89.35124889541407,-74.49227601256617,-26.39032696934648,20.581980273869902,-102.25872964125749,-104.74576279726737,159.88659530015448,2.3941846004159157,-155.69891427911926,92.76954253877213,157.21621014562572,-28.48949274970724,189.69314883605554,-13.537471748159376,30.546714631916416,-89.31615030953957,46.66031601706156,17.24285088784382,146.36080209018678,-29.795447115815545,-121.9282067631337,-150.81823585145483,75.0600363100649,-8.01556429180843,45.737573511439514,69.52542957005173,225.04439503421776,-2.8813365407554885
21.996604663496317,6.809106967677003,12.418880527295379,-9.574154964339561,3.370206896035963,2.9569279107451196,-8.60252515544557,-19.97833413608031,0.5730342206602957,8.913845741489821,7.9929885025854235,4.326559847413012,12.03272022508589,-53.142295382789335,-12.978176772887654,-21.17208580793118,-9.585395692434586,16.60167159786264,14.027041670223557,5.242374245522439,-4.217276610043986,19.213067335091267,19.739675746606114,-29.733205210867215,-0.5783600613895842,29.176803286017062,-17.795705174460284,-28.48949274970724,5.531681809297679,-34.97746316566354,3.070983853150834,-5.373773991426483,17.225275546869998,-8.80809270738597,-3.282536628602456,-27.413494887886017,5.465331072273557,22.477820864206013,27.89111236987056,-13.849792324008256,1.586719747432418,-8.576902537475204,-12.897775661550797,-41.22535946378094,0.20501114571491114
-141.37861521793394,-42.249124110121095,-78.39445846285592,61.56466547904696,-23.88733038912626,-20.390947975508624,58.031899057662805,130.48157336584532,-2.0240580299523265,-58.84271747462572,-50.70399649612796,-29.704580161138377,-79.58833696066728,348.73162571485454,84.25186071776504,137.17162742639306,63.1672268126393,-108.77875916881905,-91.27492148055717,-32.85339219576435,25.90750754522965,-125.02622961113573,-128.14025796170503,194.66302446910706,3.2849258045503777,-189.77650556590842,114.08384999168106,189.69314883605554,-34.97746316566354,230.53986143067274,-17.92752071832787,36.50412678761271,-110.55093508960512,57.141124629326065,20.863206932177633,178.80747721940486,-36.44880797449275,-147.80384293551793,-183.50022520776244,91.01317840364003,-9.767316702972225,56.135635158164256,84.94376285009909,272.49897340097414,-2.8990687442135474
12.492268579312908,4.628160322435668,7.203203145156408,-5.11168457671675,1.3338559479043346,1.675239295214174,-3.918920265154079,-10.522637394485375,1.1949962523260718,4.25302730610634,4.520029177080283,1.8271036486834047,6.150116195124276,-27.210328897698528,-7.1457247458527915,-11.693772444238878,-4.5333624946970605,8.6391818089237,7.75835068304537,3.2675515450155572,-2.828119876305979,10.404496838247635,10.737724890428979,-15.47897273614809,-0.5866474688923538,15.315020152583589,-10.10618583764809,-13.537471748159376,3.070983853150834,-17.92752071832787,2.706481117692426,-2.2821846286794716,10.370610626844986,-4.839737698642627,-1.5767600277510885,-14.750252343254594,3.014163897892887,11.195531874482917,14.453468886530505,-6.915560590335088,0.8081453338333838,-4.835221379875982,-6.977182865030235,-20.3300675484739,-0.33429436191942175
-21.733471817336,-6.115906398288422,-11.916091354673137,9.59319506715297,-4.018004944216744,-3.2106372937938756,9.44523700537353,20.491368754793804,0.11790569160619013,-9.445445269486315,-7.7663346960747575,-4.91428371003293,-12.622390558293116,55.15456034728331,13.084632850869726,21.27419720072765,10.15003964733973,-17.141967231716016,-14.172396285152418,-4.891912432322016,3.7492892370359563,-19.5002535776262,-19.950932085875117,30.66536567995585,0.3807590865493704,-29.784865848760344,17.521820388457154,30.546714631916416,-5.373773991426483,36.50412678761271,-2.2821846286794716,6.018108026618046,-16.75563570371966,8.87540771793705,3.3072883130246136,27.94672145932708,-5.708352080271145,-23.513573280753054,-28.977796193708055,14.469678957820387,-1.5149237386810237,8.697163405377985,13.303579209380032,43.49906461631643,-0.7065047012910335
69.79682850837645,22.069205402155543,39.04970667870611,-29.93561080684581,10.765657335467129,9.928748924583717,-27.030322253033066,-63.06366370317753,2.37585056186493,27.768118925580318,25.06988779916734,13.60018220118212,38.11730623874295,-167.31555901773706,-41.19946266615969,-67.15110280464978,-29.76030793207231,52.398584800869386,44.66189148078582,16.70694652144809,-13.512516053131716,60.8661546127935,62.476181230615374,-93.7887076535616,-2.0245154775282814,91.71649268410206,-56.349079438479244,-89.31615030953957,17.225275546869998,-110.55093508960512,10.370610626844986,-16.75563570371966,55.415354786948804,-27.929315087592084,-9.920845888351744,-86.87554069274357,17.739690200532742,70.44914374833294,88.24245249072968,-43.40995539992651,4.734107604465736,-27.565137996471602,-41.25183760811673,-129.4882091262159,0.6474710110405395
-35.52960960384114,-10.885525607870262,-19.82254022458055,15.393371909169485,-5.734803859988991,-5.037994054412901,14.19720709890064,32.47550052212859,-0.8109862898761272,-14.505290911169935,-12.777753291814683,-7.204371997201853,-19.707670344274597,86.5170673947976,21.069151248630874,34.33099433790779,15.568825639945823,-27.027882028681496,-22.822487978519383,-8.374189106682984,6.682734208422833,-31.21005622327194,-32.01791201876473,48.380145806975925,0.9119150810782014,-47.26524150405554,28.688619387362994,46.66031601706156,-8.80809270738597,57.141124629326065,-4.839737698642627,8.87540771793705,-27.929315087592084,14.293167971902568,5.189732061087915,44.59082232483331,-9.062071262562943,-36.579824659455916,-45.537090117704196,22.53067778934473,-2.4583343290859676,14.039679732863378,21.14236656700928,67.31085280781892,-0.5290245003762255
-12.886201540473715,-3.8158711049491636,-7.282236799254741,5.705429279501316,-2.0672855215524737,-1.6828407825731673,5.22989620626397,11.87550467215989,-0.1353955856252328,-5.408313972641443,-4.712565876041368,-2.654382624076054,-7.172335920847137,31.761950580922587,7.639871183132298,12.46279995866607,5.831718961122095,-9.88680331080735,-8.239154525068864,-3.014767277436431,2.3843538082086173,-11.351376376194377,-11.659819458004247,17.71137050873067,0.2771749976181136,-17.387422213152245,10.436097751644693,17.24285088784382,-3.282536628602456,20.863206932177633,-1.5767600277510885,3.3072883130246136,-9.920845888351744,5.189732061087915,2.0176605083437664,16.210217794760432,-3.180481089536703,-13.51783758016108,-16.60132873563016,8.326025363120069,-0.9729185657695645,4.998560427128419,7.585725468776264,24.801456433575634,-0.1977641515677143
-110.68376978107437,-33.650221715681575,-61.61912055069503,48.02387213594504,-18.139089940618803,-15.798688326361082,44.6108969964083,101.48119239245933,-2.2322386542279387,-45.46316113572875,-39.76319645942861,-22.705369090200755,-61.69031211381835,270.63117261857326,65.74367763001898,107.09124237003009,48.79546199499041,-84.50720941708458,-71.21884222515284,-25.970153298360454,20.647943503719347,-97.43830382066362,-99.92613556415253,151.25046729905816,2.7572681966981025,-147.6561723015645,89.34962053452624,146.36080209018678,-27.413494887886017,178.80747721940486,-14.750252343254594,27.94672145932708,-86.87554069274357,44.59082232483331,16.210217794760432,139.256653291,-28.336799290083434,-114.50640119111213,-142.4416419807203,70.52363656325426,-7.647843212700745,43.81298498150142,66.08088255772509,210.84806540559123,-1.8503352306453482
22.431585328133764,6.828475151288911,12.34878205763623,-9.650435999500464,3.803805195197514,3.3734072821308128,-9.133549546980726,-20.611241863814367,0.4716849937739875,9.195816741695849,7.969640184365321,4.674858879612017,12.605908035839251,-54.96926272960617,-13.369115337850511,-21.754056187721044,-9.84617234130934,17.17996744062634,14.518835574915446,5.233464266665569,-4.147119642951839,19.80835469820124,20.287341835435917,-30.730797974879973,-0.5722250780229966,29.87749512691963,-18.07122185330046,-29.795447115815545,5.465331072273557,-36.44880797449275,3.014163897892887,-5.708352080271145,17.739690200532742,-9.062071262562943,-3.180481089536703,-28.336799290083434,5.886888553078756,23.21381868329822,29.034642089593046,-14.293457859982867,1.4716526387422129,-8.99744792129092,-13.55698606134358,-42.868384660669,0.45551744561216
90.4471354953551,26.820323698383802,50.24167404408558,-39.54559875547962,15.318503620748446,12.886163849377635,-37.30001212985681,-83.65235978109705,1.0488434087236225,37.87266904093245,32.52392488288772,19.102248643054917,51.002899784729316,-223.7709788820861,-53.915869986893924,-87.79783889709171,-40.68974452977432,69.748993911057255,58.36957876671792,20.96852166353375,-16.49353437300343,80.06387363821696,82.07142140094315,-124.83602802439135,-2.0218099239122362,121.78266687464863,-73.02000384296322,-121.9282067631337,22.477820864206013,-147.80384293551793,11.195531874482917,-23.513573280753054,70.44914374833294,-36.579824659455916,-13.51783758016108,-114.50640119111213,23.21381868329822,94.96528876009627,117.6049479819408,-58.47371897652724,6.343956690693277,-35.81624172020109,-54.282329786616735,-175.01601739659046,1.900160322920953
112.74301549519144,33.81748308586677,62.55631687773225,-49.05040730852062,18.938513368943177,16.241675095179662,-46.106081815465814,-103.91139109273138,1.7566154418305124,46.792144089983154,40.44071599694253,23.575135213750734,63.34293806695513,-277.5905679921038,-67.14509955569483,-109.32765605653458,-50.226615959156625,86.60910984675026,72.74405144845834,26.25059295230813,-20.73630982993545,99.61119471695719,102.10315113505345,-154.99270168752867,-2.6609389707168547,151.13507769894423,-90.98062326747808,-150.81823585145483,27.89111236987056,-183.50022520776244,14.453468886530505,-28.977796193708055,88.24245249072968,-45.537090117704196,-16.60132873563016,-142.4416419807203,29.034642089593046,117.6049479819408,146.08501788208042,-72.42135381115239,7.782219514260851,-44.74616699189231,-67.66317418268294,-216.7786265526168,2.227991481276535
-55.72289611681558,-16.5389568630395,-30.96049454006212,24.36007453252575,-9.421097897320973,-7.934132675247594,22.955425864106324,51.518278088020196,-0.6632468824853546,-23.317305608998034,-20.040118005965596,-11.753140535988408,-31.404252891093513,137.79673893494999,33.2113127014173,54.08191824221143,25.051296811977902,-42.953569150079815,-35.95366281595989,-12.925368629832624,10.171891676530748,-49.31303602463082,-50.551198595201654,76.87784396769547,1.2502612862668874,-75.0044605849228,44.987260901752144,75.0600363100649,-13.849792324008256,91.01317840364003,-6.915560590335088,14.469678957820387,-43.40995539992651,22.53067778934473,8.326025363120069,70.52363656325426,-14.293457859982867,-58.47371897652724,-72.42135381115239,36.00583137460148,-3.9093363448228486,22.06023914209004,33.43030671458875,107.757385934259,-1.1585605044662048
6.147601257677856,1.8677850189061072,3.52271454298435,-2.723356590898515,0.9127685092348117,0.7546679425932498,-2.406079348498878,-5.598893472378852,0.11613044798572673,2.531917856875916,2.2717981519618538,1.204751042545521,3.3480057860424544,-14.92401102450226,-3.617283723605815,-5.9096938207653205,-2.734378630458428,4.650076080286013,3.8931350322087264,1.465425524809873,-1.1762002315865745,5.365361055695584,5.521581924471577,-8.3354204169311,-0.1453987100567943,8.22557374295106,-4.988960457170336,-8.01556429180843,1.586719747432418,-9.767316702972225,0.8081453338333838,-1.5149237386810237,4.734107604465736,-2.4583343290859676,-0.9729185657695645,-7.647843212700745,1.4716526387422129,6.343956690693277,7.782219514260851,-3.9093363448228486,0.4800140427179133,-2.3495462582459883,-3.550080298693143,-11.591610503768573,0.042385122099540644
-34.88863408017117,-10.748222264096853,-19.370068651647447,15.032531125221505,-5.686468234680462,-5.077998515853341,13.940517951042901,31.865598303225305,-0.8702005425829178,-14.175575703610603,-12.479641567558476,-7.086087371516633,-19.381813362274123,84.84349290276214,20.70912361847566,33.72543895159233,15.193250120361165,-26.52700528904372,-22.460281038239742,-8.22115440059759,6.564896796330821,-30.657705773392998,-31.433051694375244,47.46756293403467,0.9228971070347504,-46.29094163596934,28.14254286139956,45.737573511439514,-8.576902537475204,56.135635158164256,-4.835221379875982,8.697163405377985,-27.565137996471602,14.039679732863378,4.998560427128419,43.81298498150142,-8.99744792129092,-35.81624172020109,-44.74616699189231,22.06023914209004,-2.3495462582459883,13.8709626273079,20.861454155268312,65.9877375390745,-0.548365736213905
-52.417383779583965,-15.921262406308982,-29.041832642547604,22.675582825465487,-8.730563415466365,-7.650484034497849,21.241156835787443,48.12713395754701,-1.0484532764356929,-21.5397184525131,-18.746327501291486,-10.842832892490945,-29.335048667297425,128.37511450631317,31.187624770445062,50.77361647382469,23.095882024988164,-40.097799016620144,-33.81692764300603,-12.261483475163425,9.730055306118569,-46.218128472699206,-47.36997347683708,71.74671050101885,1.3101847962588444,-69.92095109211459,42.27762918783271,69.52542957005173,-12.897775661550797,84.94376285009909,-6.977182865030235,13.303579209380032,-41.25183760811673,21.14236656700928,7.585725468776264,66.08088255772509,-13.55698606134358,-54.282329786616735,-67.66317418268294,33.43030671458875,-3.550080298693143,20.861454155268312,31.465431277012247,100.08230435118402,-0.9672564110453249
-166.25163623423458,-49.09108512618853,-92.13340144729092,72.68308336471276,-28.48097638154912,-23.90302132952456,68.94852618815064,154.05357000658375,-1.7013276048618202,-69.8265689348527,-59.678551291233056,-35.38365740440039,-94.07235206167856,412.32119025910924,99.2265119522946,161.5380780442744,75.00167525996379,-128.50052958705302,-107.45574487018983,-38.422474672784986,30.14738583928992,-147.38601077634976,-151.034209094897,229.96252956273358,3.658054344560849,-224.1536026721228,134.17226838693185,225.04439503421776,-41.22535946378094,272.49897340097414,-20.3300675484739,43.49906461631643,-129.4882091262159,67.31085280781892,24.801456433575634,210.84806540559123,-42.868384660669,-175.01601739659046,-216.7786265526168,107.757385934259,-11.591610503768573,65.9877375390745,100.08230435118402,322.756742224037,-3.7212692291578944
1.0438012167976947,-0.06776779773854698,0.3651408856088487,-0.5403105873728219,0.5979483721575952,0.3218865016717467,-1.0121495756756498,-1.427966923378905,-0.40985591874889893,0.8304217087788963,0.2966438639818471,0.6127846116320431,1.0384520804119852,-4.211298955617682,-0.7818323184265091,-1.2313754799446297,-0.8891819921210449,1.258702948008453,0.8644721656543862,0.0652526849331501,0.06641059896430297,1.2413350686366387,1.2225310319793106,-2.23270702698708,0.09437938844681784,1.9962607323370969,-0.8062665587896177,-2.8813365407554885,0.20501114571491114,-2.8990687442135474,-0.33429436191942175,-0.7065047012910335,0.6474710110405395,-0.5290245003762255,-0.1977641515677143,-1.8503352306453482,0.45551744561216,1.900160322920953,2.227991481276535,-1.1585605044662048,0.042385122099540644,-0.548365736213905,-0.9672564110453249,-3.7212692291578944,0.3306961722135136
