V1,V2,V3,V4,V5,V6,V7,V8,V9,V10,V11,V12,V13,V14,V15,V16,V17,V18,V19,V20,V21,V22,V23,V24,V25,V26,V27,V28,V29,V30,V31,V32,V33,V34,V35,V36,V37,V38,V39,V40,V41,V42,V43,V44
2.741934909241321,0.4434272257187221,0.33046341116220135,-0.7347281483735297,1.3107419023562938,-0.9309153779518976,-1.4882557775156529,1.4361764470859695,-0.37948236323974943,0.5261052470055774,-0.7204394617104772,-0.37965188788856846,2.2218483425715942,-0.09677684275775401,-0.18421644250008165,-0.3572346018159985,-0.03923772889540053,-0.2515647121721074,0.8595776837472995,1.6384475691296587,0.7573287630983079,-1.2048605559047516,1.0714215094645154,-1.7176570296852274,-2.1207732400640418,0.5996100476397419,-3.1094618449743376,0.5249539787006074,-0.22741730103858718,-2.3150112941889143,1.1724463371930196,-0.5842983940702293,-2.5744044291908454,0.7738658045616202,-0.011795783469798609,1.4422492109305518,0.044203288736999025,-1.7063462038926693,1.4835122563138314,3.4177794160276798,-0.14091588745008618,1.446956978499866,-1.1987104979310137,-0.02343624514978022
0.4434272257187221,2.7161706856697503,-3.5470095607298595,-4.622400974404971,1.6660038765005463,-1.9541000279652512,1.9525630950640054,0.6979229037134134,-0.8415257685032689,1.5947777431608992,-0.4354490420455051,1.6659813892760733,3.640261839558372,-0.20147465336187223,1.2525380473863876,-1.664034688980171,6.097358915380606,1.6856327513949059,0.9426660025088701,4.530588921205862,2.2861650163480816,-2.320846239723621,-0.626332719998793,1.2689616808401565,-2.4272645373774506,2.993302307438924,-4.128525542408653,-2.21900059544417,0.6335473570131998,-0.2680527913004108,1.8068258019313646,-4.839631537518433,-0.6762388858086501,-1.7744606966813103,-3.088115872663842,0.12052139794181325,-0.05944197345744178,-1.1412324722465506,1.5146659761858134,-1.0683961430550062,0.47832768975904133,0.8573287184329343,-1.3718610880848758,-0.1372594110066978
0.33046341116220135,-3.5470095607298595,4.956800687976977,6.07627983428049,-1.8045270546507317,2.356060351257139,-3.182095709818747,-0.4640944734152922,1.0109877873954918,-1.9895110251090034,0.349840551469486,-2.397023671561932,-4.2128902215896105,0.22564087992949527,-1.768063784615846,2.159295501412526,-8.357546656427663,-2.3747872978221887,-0.970480561007914,-5.6318280408193315,-2.8519813738473316,2.7574634309548256,1.216337462297144,-2.3347332845468096,2.590758817646884,-3.86526356506532,4.564164503585625,3.225177236341012,-0.9547796944543813,-0.42412878608284893,-2.05318466971662,6.405404831327981,0.03394576297952009,2.720522130228848,4.2127500230829344,0.3285880251813055,0.11079233679095786,0.982059656560752,-1.552588048516639,2.6480080692565937,-0.6932925159409689,-0.6682443139074484,1.4639326911444521,0.1769996594288767
-0.7347281483735297,-4.622400974404971,6.07627983428049,7.955885144065659,-2.8001823276846496,3.360244149747328,-3.3740023452220242,-1.1972388521453292,1.4137889332540836,-2.7130745168707784,0.7454208201720609,-2.8499672079933265,-6.2216792384505855,0.30843429376166737,-2.1399677813363707,2.8592974715945774,-10.50153698033249,-2.862031747748396,-1.55300770932586,-7.771165070666543,-3.8878523968284804,3.9621525209120922,1.0724061295255252,-2.243032947684029,4.137895666125874,-5.0926744440031095,7.0210607139772385,3.8434862976198914,-1.1135715055161406,0.43038615734785624,-3.0530394113917128,8.287848461472693,1.122104616947205,3.1228607186268302,5.295027145123608,-0.20205325283672404,0.12765266073496742,1.9415215142634838,-2.559828329544485,1.9121243672490658,-0.8051290203359545,-1.431701654380149,2.3391735587817886,0.23064253864573642
1.3107419023562938,1.6660038765005463,-1.8045270546507317,-2.8001823276846496,1.4600027603057837,-1.4265639690379286,0.47046817246211203,0.9512062448229099,-0.6168453126991795,1.093038855994497,-0.5253592748173659,0.780201387863247,2.8603341181847237,-0.16944279139400328,0.6161918757573972,-1.0312202078918016,3.3104133259554662,0.8359402012988147,0.8762010199973528,3.115970010493,1.5604233707685327,-1.7338572694521321,0.07085889640996118,0.024068726104298516,-2.1460484887488205,1.894957492449787,-3.4879463593115654,-0.9904347164668519,0.2421406304268947,-1.0409876630891375,1.4623953711778592,-2.8836829989156105,-1.3940792114787193,-0.6312818911116039,-1.69178637089797,0.6370990386208997,0.011669945920864072,-1.2726304733017046,1.420577315495226,0.7756679921285612,0.21893894736586852,1.0455824362608277,-1.219188888012509,-0.08880283224159152
-0.9309153779518976,-1.9541000279652512,2.356060351257139,3.360244149747328,-1.4265639690379286,1.5680021390410706,-1.0103378756690176,-0.8149909491730004,0.6505408869642287,-1.209083990214346,0.46293596682957516,-1.0549043021352893,-3.007329192366316,0.14625757085196653,-0.8206085930858309,1.224389005582565,-4.198267961056073,-1.0902419385416604,-0.8218506197516332,-3.499948905982023,-1.733889189978057,1.8679920603093931,0.18119868368284706,-0.5016691676545174,2.1525577906536197,-2.18332608218414,3.5320568068309663,1.41803857367856,-0.39333287904911907,0.7085233750076704,-1.492518214669786,3.459199862388154,1.0508978683487817,1.0692958913555812,2.1278763713351063,-0.4190857225121771,0.040580062892342526,1.1694534620951835,-1.366568067672866,-0.027070309905945784,-0.289575775731072,-0.9031994667294796,1.214651688841332,0.09734386835999959
-1.4882557775156529,1.9525630950640054,-3.182095709818747,-3.3740023452220242,0.47046817246211203,-1.0103378756690176,2.6592115822653906,-0.3878762488982994,-0.426514476536597,0.9606199989170514,0.13042550977743433,1.6345057609797418,1.528004043746137,-0.08358346490979367,1.1765131766596801,-1.150553184674051,5.12649696752698,1.5635640306507543,0.1757380556099993,2.67629484748777,1.3753797890629986,-1.1199040029980056,-1.238565099319626,2.2374219471323333,-0.5900930008110901,2.070355377336182,-1.3112621119911365,-2.2252801278260455,0.6983598859239452,1.3421835917564848,0.6862035085517686,-3.6337425769988627,1.190364256824775,-2.043327330412028,-2.5700890487462207,-0.8735093380750293,-0.0988526956680378,0.1988535474677478,0.23948923488433096,-3.235417425829195,0.48207975091938826,-0.2849861477918408,-0.3347451912106865,-0.09559553886857958
1.4361764470859695,0.6979229037134134,-0.4640944734152922,-1.1972388521453292,0.9512062448229099,-0.8149909491730004,-0.3878762488982994,0.8498038034358325,-0.3301734723804027,0.5480850871275571,-0.43990043424095676,0.11507502106431715,1.7541733486224105,-0.08258521588831713,0.1353150466721726,-0.46560047236798746,1.084925812885024,0.17178914227736566,0.5859932623663834,1.628307475898489,0.7794416301327716,-1.005650635638031,0.42395173639941963,-0.6014265615510355,-1.4764800467232382,0.831950991274461,-2.2731200766401547,-0.14067424091669492,0.002871551265347636,-1.187429122898655,0.8956673162055728,-1.1568674001850616,-1.4033816236436825,0.05525589418750337,-0.556835964739765,0.7470742536684055,0.017231336811904738,-1.039833873856222,1.0021405519719642,1.4961636113218273,0.015165840724024821,0.8659564641027593,-0.8424963323299198,-0.03792051419045424
-0.37948236323974943,-0.8415257685032689,1.0109877873954918,1.4137889332540836,-0.6168453126991795,0.6505408869642287,-0.426514476536597,-0.3301734723804027,0.2913625470419445,-0.5193476504730206,0.19577766260708768,-0.45662635772835725,-1.2695164160099712,0.07403879198610101,-0.34353169425566293,0.5224158191008056,-1.7767036437805024,-0.47505249311988673,-0.36518634760145946,-1.4703006810701182,-0.7463322541953809,0.7905147945666686,0.09117604652301384,-0.20571014110669683,0.9038999169684752,-0.9366625761041316,1.5040782260527816,0.5955311683452431,-0.15915261565714364,0.28946806221134774,-0.6485776247038656,1.4723818761015883,0.43230499733447764,0.4353001439511098,0.9039514833330476,-0.160950908055314,0.008296566406425766,0.49113410833608323,-0.5876903201423548,-0.00826689864186288,-0.13207604291823166,-0.3931416345069228,0.5088659953444656,0.04279488613380019
0.5261052470055774,1.5947777431608992,-1.9895110251090034,-2.7130745168707784,1.093038855994497,-1.209083990214346,0.9606199989170514,0.5480850871275571,-0.5193476504730206,0.9686141419401822,-0.32492709611562165,0.9201583139082614,2.303263031504743,-0.1290578428708101,0.6962167013357279,-0.9800423837144736,3.483314244721742,0.9386133107986933,0.6272566641019952,2.7532953024388243,1.3843966136281198,-1.4427753046456244,-0.2513018093989264,0.5616069772536024,-1.5934076419925005,1.7749848040226008,-2.6728988419533346,-1.2125241503491644,0.33620117333838867,-0.3791767456912946,1.1522134201063285,-2.8262309391746703,-0.6498170887700948,-0.9311220532573016,-1.7642748039965657,0.21755777466059006,-0.020893969801724407,-0.8153654803547602,1.0165562300507636,-0.2647671767616906,0.2622481683330252,0.6371152629216341,-0.9037040455937693,-0.08212702121474753
-0.7204394617104772,-0.4354490420455051,0.349840551469486,0.7454208201720609,-0.5253592748173659,0.46293596682957516,0.13042550977743433,-0.43990043424095676,0.19577766260708768,-0.32492709611562165,0.23510451393874882,-0.11419337821757916,-0.9876196315987026,0.04712424572907042,-0.10153303137683867,0.28942834844904447,-0.7443674468361732,-0.13993115040385268,-0.3198465737334929,-0.9507497082487384,-0.46243702448387536,0.5724925951618818,-0.18534089495546116,0.25127265826448064,0.805968899518495,-0.5086370473414377,1.2627359641153197,0.14499667425520918,-0.022585431818840325,0.5917655665005438,-0.5064420549562849,0.7329012729565709,0.7097346308293039,0.03483915397128869,0.3763003194220089,-0.3678731133454746,-0.007190506131191365,0.5522378005491647,-0.5483165433485642,-0.698879102039614,-0.024980181337966163,-0.4610001541853111,0.45985711504981436,0.02343231067228306
-0.37965188788856846,1.6659813892760733,-2.397023671561932,-2.8499672079933265,0.780201387863247,-1.0549043021352893,1.6345057609797418,0.11507502106431715,-0.45662635772835725,0.9201583139082614,-0.11419337821757916,1.1911672548397028,1.8426779474429171,-0.11029741466335594,0.8633348543932126,-0.9948567002994411,4.010129854296427,1.163770381859839,0.40674589868179795,2.572289520640823,1.3148676103264216,-1.2209182065389492,-0.6721774932800757,1.26458105076309,-1.0659396196713757,1.8187567473860915,-1.9469958422761005,-1.5800119123827556,0.46801246200916824,0.3974055683944338,0.8982508617826862,-3.0313001624204836,0.1779958796401692,-1.3488569571652487,-2.0189233337571424,-0.26623776437930735,-0.04145922717974044,-0.32032213907823864,0.6312192962103691,-1.531782881556369,0.35061459353163793,0.2079049031291436,-0.6048103627063999,-0.08528347713027708
2.2218483425715942,3.640261839558372,-4.2128902215896105,-6.2216792384505855,2.8603341181847237,-3.007329192366316,1.528004043746137,1.7541733486224105,-1.2695164160099712,2.303263031504743,-0.9876196315987026,1.8426779474429171,5.8914537020260465,-0.2964930227858314,1.4425942900930249,-2.29257827501994,7.596585304613735,1.9328707947203365,1.6746378833068463,6.648494065856687,3.2984983064457807,-3.6204831691207313,-0.1214220794915268,0.5622534347924847,-4.3098487907078225,4.080078918531755,-7.027269437992962,-2.458915778529475,0.6609569098104575,-1.7389589551313018,2.9514977116891608,-6.38318772324662,-2.4073185900961236,-1.7713509521157476,-3.852277194704878,1.0348139620699497,-0.05326766290331455,-2.4600981540752254,2.7831230816221835,0.731040756958269,0.5041225651702129,1.9429274454142085,-2.440394721031032,-0.18452541421222624
-0.09677684275775401,-0.20147465336187223,0.22564087992949527,0.30843429376166737,-0.16944279139400328,0.14625757085196653,-0.08358346490979367,-0.08258521588831713,0.07403879198610101,-0.1290578428708101,0.04712424572907042,-0.11029741466335594,-0.2964930227858314,0.034175797680464456,-0.08341202261191819,0.10787969408865455,-0.38604781103449926,-0.11832832312822665,-0.10821492549341347,-0.3360214765183135,-0.18194116625661472,0.18254353544993784,0.01924733392838064,-0.02847955883270831,0.2106619599450297,-0.2318265159065313,0.3634490121088274,0.11766239884472336,-0.023444910089000386,0.07337773212345568,-0.16299402670260477,0.3396057998342596,0.12080602047853747,0.06367577289748307,0.20418902593415744,-0.045836803874108115,-0.015135845997402949,0.10985054468786086,-0.14762849287666371,-0.03750792825791409,-0.037108274167000306,-0.10282259171309623,0.12194355749690829,0.012671595545363333
-0.18421644250008165,1.2525380473863876,-1.768063784615846,-2.1399677813363707,0.6161918757573972,-0.8206085930858309,1.1765131766596801,0.1353150466721726,-0.34353169425566293,0.6962167013357279,-0.10153303137683867,0.8633348543932126,1.4425942900930249,-0.08341202261191819,0.6486217332318548,-0.7483059408325227,2.965527349028742,0.8566875535137234,0.3301643761277811,1.9675272370825276,0.9946640125472156,-0.9516408470672836,-0.45544492391528457,0.8701280457462147,-0.8715004780338244,1.367903503045285,-1.5413838721350008,-1.1548618242742592,0.3429535234730259,0.20642797368673638,0.6958387083832686,-2.264949984082993,0.040849584218955654,-0.9771234741987019,-1.5011081294576754,-0.14387883850133015,-0.03609392792203298,-0.30095679294339667,0.5112212945475528,-1.0196984006838596,0.24998350662685254,0.19489148014378174,-0.4944488680540656,-0.0635448770903394
-0.3572346018159985,-1.664034688980171,2.159295501412526,2.8592974715945774,-1.0312202078918016,1.224389005582565,-1.150553184674051,-0.46560047236798746,0.5224158191008056,-0.9800423837144736,0.28942834844904447,-0.9948567002994411,-2.29257827501994,0.10787969408865455,-0.7483059408325227,1.0439225596829325,-3.7371766558074544,-1.0085747986468625,-0.5801617058759947,-2.817778916009266,-1.4097092659270871,1.457186655843327,0.34697590614641266,-0.7283666922107886,1.5520177453946054,-1.8261040796546193,2.610228467601085,1.3539551083231285,-0.3918281421599941,0.23951323506352193,-1.1308693346595098,2.9676761043211703,0.47705586775115305,1.0924206118929434,1.8851869352332693,-0.11125754656020807,0.05409123629407984,0.7629689902422194,-0.9644829875714651,0.5673761550183575,-0.2794815374703364,-0.5641746103707467,0.8726510808771987,0.08117916905140354
-0.03923772889540053,6.097358915380606,-8.357546656427663,-10.50153698033249,3.3104133259554662,-4.198267961056073,5.12649696752698,1.084925812885024,-1.7767036437805024,3.483314244721742,-0.7443674468361732,4.010129854296427,7.596585304613735,-0.38604781103449926,2.965527349028742,-3.7371766558074544,14.249817407873659,3.9732354377237207,1.7839758908499121,9.909868018396002,4.985525733943369,-4.912059524339598,-1.8570409206084484,3.6922484000151496,-4.801697771150423,6.677723125115812,-8.347883593074913,-5.403946945254253,1.5921306485434357,0.2925750924017086,3.699948399940121,-11.011726653264205,-0.5532624903883958,-4.520172836975979,-7.167706591275093,-0.26848563918348783,-0.18185737157722,-1.9852682853148351,2.9154036571625217,-3.875841303520636,1.1473742283303232,1.4023540475653713,-2.719867787276447,-0.3053807128798245
-0.2515647121721074,1.6856327513949059,-2.3747872978221887,-2.862031747748396,0.8359402012988147,-1.0902419385416604,1.5635640306507543,0.17178914227736566,-0.47505249311988673,0.9386133107986933,-0.13993115040385268,1.163770381859839,1.9328707947203365,-0.11832832312822665,0.8566875535137234,-1.0085747986468625,3.9732354377237207,1.153686822670299,0.4536254404756083,2.6298639807336386,1.3447812617660146,-1.2751489130590246,-0.6215071380746879,1.1602164266083614,-1.1646448583545397,1.8403381307532451,-2.0803783255845096,-1.5429125543778386,0.45292526373231795,0.28237964880158123,0.9504198583794835,-3.0407271705270773,0.060995029560807525,-1.2946298216275993,-2.011389849340268,-0.20391201523919544,-0.04184756436554129,-0.4026483271084203,0.6963801646454965,-1.3611126072142072,0.3422966008739837,0.2735720508289086,-0.6565650026450717,-0.08542993705106892
0.8595776837472995,0.9426660025088701,-0.970480561007914,-1.55300770932586,0.8762010199973528,-0.8218506197516332,0.1757380556099993,0.5859932623663834,-0.36518634760145946,0.6272566641019952,-0.3198465737334929,0.40674589868179795,1.6746378833068463,-0.10821492549341347,0.3301643761277811,-0.5801617058759947,1.7839758908499121,0.4536254404756083,0.5421403557738099,1.7796482362253465,0.8993193620583726,-1.0128685402618725,0.08970090292483679,-0.09973873501209785,-1.2868863475698487,1.0757261271664649,-2.074389501194807,-0.5007265969688341,0.11191211435298398,-0.6937441368762645,0.8706553955034523,-1.6046574326737886,-0.8981740838991584,-0.2780720781207558,-0.9245225471362387,0.4178520864190111,0.013555641679599295,-0.7851176542083035,0.8591457828894422,0.6189350767802134,0.11675452738714985,0.652386973947298,-0.726636903565579,-0.050156615614752265
1.6384475691296587,4.530588921205862,-5.6318280408193315,-7.771165070666543,3.115970010493,-3.499948905982023,2.67629484748777,1.628307475898489,-1.4703006810701182,2.7532953024388243,-0.9507497082487384,2.572289520640823,6.648494065856687,-0.3360214765183135,1.9675272370825276,-2.817778916009266,9.909868018396002,2.6298639807336386,1.7796482362253465,7.918110464532928,3.946871147228259,-4.1623085110310605,-0.64953675781542,1.524492780228032,-4.6443180069178105,5.038641883569631,-7.717693058160083,-3.445303337314488,0.9668606275500905,-1.200645111482416,3.298606166401542,-8.04715591637607,-1.957272644381489,-2.6642767378415315,-5.015822962732772,0.6909158631949164,-0.09455675022726971,-2.414254542194321,2.9357276084437243,-0.618388381268078,0.7187680051226264,1.8527833630842028,-2.6244820151384176,-0.2274551668168214
0.7573287630983079,2.2861650163480816,-2.8519813738473316,-3.8878523968284804,1.5604233707685327,-1.733889189978057,1.3753797890629986,0.7794416301327716,-0.7463322541953809,1.3843966136281198,-0.46243702448387536,1.3148676103264216,3.2984983064457807,-0.18194116625661472,0.9946640125472156,-1.4097092659270871,4.985525733943369,1.3447812617660146,0.8993193620583726,3.946871147228259,1.986950772017238,-2.0711978513089067,-0.36265695555820865,0.7945576532826342,-2.2896873913971776,2.5428842086322434,-3.8327290166826526,-1.7371134213371808,0.48147998356732974,-0.5471931925280427,1.6542954077477352,-4.0500621200715345,-0.9281090916657035,-1.3314719512137672,-2.5299286347011547,0.30704988643130526,-0.0363392379040455,-1.1723844801814858,1.4572589680211452,-0.37703443946261445,0.3754658416886966,0.911503245580266,-1.2918284117038015,-0.11573620423692627
-1.2048605559047516,-2.320846239723621,2.7574634309548256,3.9621525209120922,-1.7338572694521321,1.8679920603093931,-1.1199040029980056,-1.005650635638031,0.7905147945666686,-1.4427753046456244,0.5724925951618818,-1.2209182065389492,-3.6204831691207313,0.18254353544993784,-0.9516408470672836,1.457186655843327,-4.912059524339598,-1.2751489130590246,-1.0128685402618725,-4.1623085110310605,-2.0711978513089067,2.2447869109726413,0.17219941821493373,-0.4984390215944958,2.6148741152645485,-2.589371045237444,4.281745082012266,1.635027545653256,-0.4472695690158707,0.9323235845474201,-1.8110378436712957,4.080241085052692,1.3348668712486866,1.2085684538611243,2.494743408550839,-0.5417667430517903,0.04419441484021528,1.4506507433645308,-1.673125653754956,-0.1822000239658948,-0.33727083290666693,-1.1311458011699964,1.4747322873023363,0.115804898177926
1.0714215094645154,-0.626332719998793,1.216337462297144,1.0724061295255252,0.07085889640996118,0.18119868368284706,-1.238565099319626,0.42395173639941963,0.09117604652301384,-0.2513018093989264,-0.18534089495546116,-0.6721774932800757,-0.1214220794915268,0.01924733392838064,-0.45544492391528457,0.34697590614641266,-1.8570409206084484,-0.6215071380746879,0.08970090292483679,-0.64953675781542,-0.36265695555820865,0.17219941821493373,0.6652289339378379,-1.1353868686168196,-0.19726901244732598,-0.644062660806193,-0.11477875660416648,0.8986503072708284,-0.2886661583583689,-0.93883981102663006,-0.03645335185594127,1.2081447954236542,-0.9279036115923232,0.8691881370570631,0.9291640715309221,0.600605788054217,0.03661903720107944,-0.40747655478743616,0.19222506902184333,1.8217312522580924,-0.20874284580574184,0.3762135775766614,-0.1169361771864316,0.030294467063107407
-1.7176570296852274,1.2689616808401565,-2.3347332845468096,-2.243032947684029,0.024068726104298516,-0.5016691676545174,2.2374219471323333,-0.6014265615510355,-0.20571014110669683,0.5616069772536024,0.25127265826448064,1.26458105076309,0.5622534347924847,-0.02847955883270831,0.8701280457462147,-0.7283666922107886,3.6922484000151496,1.1602164266083614,-0.09973873501209785,1.524492780228032,0.7945576532826342,-0.4984390215944958,-1.1353868686168196,2.0465320314544635,0.10109064724236203,1.3259526666605876,-0.18940780665031567,-1.7204046910642288,0.5561662389891485,1.5250625565365588,0.20273233494532777,-2.453368232758757,1.458227102870042,-1.6638915860275205,-1.824054479079144,-0.9548176560166354,-0.07397664587341414,0.5628917051257499,-0.18548105851077618,-3.134393223617278,0.37721579794082677,-0.5502637221692117,0.04890556545699513,-0.06397087368449576
-2.1207732400640418,-2.4272645373774506,2.590758817646884,4.137895666125874,-2.1460484887488205,2.1525577906536197,-0.5900930008110901,-1.4764800467232382,0.9038999169684752,-1.5934076419925005,0.805968899518495,-1.0659396196713757,-4.3098487907078225,0.2106619599450297,-0.8715004780338244,1.5520177453946054,-4.801697771150423,-1.1646448583545397,-1.2868863475698487,-4.6443180069178105,-2.2896873913971776,2.6148741152645485,-0.19726901244732598,0.10109064724236203,3.293093710221246,-2.744103932128722,5.261874753269562,1.4236919622155444,-0.3612716326982664,1.7075490464880345,-2.176202472738915,4.20135177124348,2.189976846124872,0.9204581478291147,2.451865068889901,-1.0248059643633325,0.030686379829802612,2.0068950784560684,-2.1464431623748337,-1.3483258501656281,-0.28152019735022465,-1.601644058982024,1.855099938342439,0.12091468305608398
0.5996100476397419,2.993302307438924,-3.86526356506532,-5.0926744440031095,1.894957492449787,-2.18332608218414,2.070355377336182,0.831950991274461,-0.9366625761041316,1.7749848040226008,-0.5086370473414377,1.8187567473860915,4.080078918531755,-0.2318265159065313,1.367903503045285,-1.8261040796546193,6.677723125115812,1.8403381307532451,1.0757261271664649,5.038641883569631,2.5428842086322434,-2.589371045237444,-0.644062660806193,1.3259526666605876,-2.744103932128722,3.3167510737740513,-4.656825324432757,-2.4025736589086573,0.6782753829901037,-0.3824730173957684,2.032487182809596,-5.333434286268356,-0.8599868273781057,-1.8968795886236454,-3.3856599157946423,0.19986914374658105,-0.05167618766642494,-1.3073406472851337,1.723367351297715,-1.0187206011808254,0.5233314948628229,0.9977606495659226,-1.5511196826923934,-0.1526396650600234
-3.1094618449743376,-4.128525542408653,4.564164503585625,7.0210607139772385,-3.4879463593115654,3.5320568068309663,-1.3112621119911365,-2.2731200766401547,1.5040782260527816,-2.6728988419533346,1.2627359641153197,-1.9469958422761005,-7.027269437992962,0.3634490121088274,-1.5413838721350008,2.610228467601085,-8.347883593074913,-2.0803783255845096,-2.074389501194807,-7.717693058160083,-3.8327290166826526,4.281745082012266,-0.11477875660416648,-0.18940780665031567,5.261874753269562,-4.656825324432757,8.511324619510344,2.569207726418299,-0.6615464149076777,2.472501427627003,-3.5550199040829145,7.181501476088675,3.278680272829803,1.7337413844980487,4.248866583184417,-1.4828167171225928,0.03651222436998572,3.1179798638335265,-3.4369266481878347,-1.6500133456054418,-0.5307459495883063,-2.5010657508172662,2.97400139695411,0.20999798699321637
0.5249539787006074,-2.21900059544417,3.225177236341012,3.8434862976198914,-0.9904347164668519,1.41803857367856,-2.2252801278260455,-0.14067424091669492,0.5955311683452431,-1.2125241503491644,0.14499667425520918,-1.5800119123827556,-2.458915778529475,0.11766239884472336,-1.1548618242742592,1.3539551083231285,-5.403946945254253,-1.5429125543778386,-0.5007265969688341,-3.445303337314488,-1.7371134213371808,1.635027545653256,0.8986503072708284,-1.7204046910642288,1.4236919622155444,-2.4025736589086573,2.569207726418299,2.1526166972896665,-0.652723456173197,-0.5389219364098171,-1.1712980519275153,4.052777562814807,-0.2789703967534316,1.8733101287496399,2.709860562752444,0.3724071346825235,0.088305020369822,0.44004908200366083,-0.8196178451594904,2.1166499965109122,-0.4540577068992107,-0.25439390845537496,0.8061265053127827,0.10902549907485394
-0.22741730103858718,0.6335473570131998,-0.9547796944543813,-1.1135715055161406,0.2421406304268947,-0.39333287904911907,0.6983598859239452,0.002871551265347636,-0.15915261565714364,0.33620117333838867,-0.022585431818840325,0.46801246200916824,0.6609569098104575,-0.023444910089000386,0.3429535234730259,-0.3918281421599941,1.5921306485434357,0.45292526373231795,0.11191211435298398,0.9668606275500905,0.48147998356732974,-0.4472695690158707,-0.2886661583583689,0.5561662389891485,-0.3612716326982664,0.6782753829901037,-0.6615464149076777,-0.652723456173197,0.20409741250518593,0.21826277354518733,0.30319990709426936,-1.1685378327047409,0.15639738951261034,-0.5872049367545746,-0.7936700939404725,-0.14813536596447113,-0.03563970189150289,-0.08771365522091662,0.19449360606049185,-0.723725141141014,0.13189521605598417,0.030648455059778777,-0.20467644169910823,-0.030179467031675608
-2.3150112941889143,-0.2680527913004108,-0.42412878608284893,0.43038615734785624,-1.0409876630891375,0.7085233750076704,1.3421835917564848,-1.187429122898655,0.28946806221134774,-0.3791767456912946,0.5917655665005438,0.3974055683944338,-1.7389589551313018,0.07337773212345568,0.20642797368673638,0.23951323506352193,0.2925750924017086,0.28237964880158123,-0.6937441368762645,-1.200645111482416,-0.5471931925280427,0.9323235845474201,-0.93883981102663006,1.5250625565365588,1.7075490464880345,-0.3824730173957684,2.472501427627003,-0.5389219364098171,0.21826277354518733,1.9652342641786493,-0.9218007565180482,0.29186688422050966,2.158186866122648,-0.7314500692275855,-0.11857069989036023,-1.2178957696431187,-0.03489976434603413,1.4124471963616356,-1.198832368149093,-2.9518666376236493,0.14185487304120675,-1.1967011046278635,0.9642523850102085,0.013823442903166634
1.1724463371930196,1.8068258019313646,-2.05318466971662,-3.0530394113917128,1.4623953711778592,-1.492518214669786,0.6862035085517686,0.8956673162055728,-0.6485776247038656,1.1522134201063285,-0.5064420549562849,0.8982508617826862,2.9514977116891608,-0.16299402670260477,0.6958387083832686,-1.1308693346595098,3.699948399940121,0.9504198583794835,0.8706553955034523,3.298606166401542,1.6542954077477352,-1.8110378436712957,-0.03645335185594127,0.20273233494532777,-2.176202472738915,2.032487182809596,-3.5550199040829145,-1.1712980519275153,0.30319990709426936,-0.9218007565180482,1.5030290744291892,-3.1479952716923383,-1.263537392098125,-0.8076773139718618,-1.885858240806602,0.5450191509276642,-0.01220987286927927,-1.2532529654608822,1.4221319939473964,0.4867954030958318,0.2523801565793949,1.0089703495502569,-1.2270122080659984,-0.09227240396873618
-0.5842983940702293,-4.839631537518433,6.405404831327981,8.287848461472693,-2.8836829989156105,3.459199862388154,-3.6337425769988627,-1.1568674001850616,1.4723818761015883,-2.8262309391746703,0.7329012729565709,-3.0313001624204836,-6.38318772324662,0.3396057998342596,-2.264949984082993,2.9676761043211703,-11.011726653264205,-3.0407271705270773,-1.6046574326737886,-8.04715591637607,-4.0500621200715345,4.080241085052692,1.2081447954236542,-2.453368232758757,4.20135177124348,-5.333434286268356,7.181501476088675,4.052777562814807,-1.1685378327047409,0.29186688422050966,-3.1479952716923383,8.674118942226901,1.0162686482648566,3.2874092048639802,5.5625119784066195,-0.11318195329115822,0.11677983840442935,1.9133819488876858,-2.6016998846698822,2.212009646432075,-0.8673421148282638,-1.4172694531882997,2.37439303221454,0.24343042094839837
-2.5744044291908454,-0.6762388858086501,0.03394576297952009,1.122104616947205,-1.3940792114787193,1.0508978683487817,1.190364256824775,-1.4033816236436825,0.43230499733447764,-0.6498170887700948,0.7097346308293039,0.1779958796401692,-2.4073185900961236,0.12080602047853747,0.040849584218955654,0.47705586775115305,-0.5532624903883958,0.060995029560807525,-0.8981740838991584,-1.957272644381489,-0.9281090916657035,1.3348668712486866,-0.9279036115923232,1.458227102870042,2.189976846124872,-0.8599868273781057,3.278680272829803,-0.2789703967534316,0.15639738951261034,2.158186866122648,-1.263537392098125,1.0162686482648566,2.458610548464879,-0.5617502567892151,0.3119285119909798,-1.3533434266712785,-0.05087898788476806,1.6734658083498204,-1.5213682823465295,-3.0662081922942064,0.07760850640371514,-1.4215233972234842,1.2418857526140892,0.0378883460023077
0.7738658045616202,-1.7744606966813103,2.720522130228848,3.1228607186268302,-0.6312818911116039,1.0692958913555812,-2.043327330412028,0.05525589418750337,0.4353001439511098,-0.9311220532573016,0.03483915397128869,-1.3488569571652487,-1.7713509521157476,0.06367577289748307,-0.9771234741987019,1.0924206118929434,-4.520172836975979,-1.2946298216275993,-0.2780720781207558,-2.6642767378415315,-1.3314719512137672,1.2085684538611243,0.8691881370570631,-1.6638915860275205,0.9204581478291147,-1.8968795886236454,1.7337413844980487,1.8733101287496399,-0.5872049367545746,-0.7314500692275855,-0.8076773139718618,3.2874092048639802,-0.5617502567892151,1.700787208972925,2.2475865636337398,0.48588414262617824,0.09851439748176571,0.16475826502996951,-0.4849463085701579,2.2101702925514215,-0.38311910159296525,-0.022858321724912388,0.5243571414149872,0.08574615248558991
-0.011795783469798609,-3.088115872663842,4.2127500230829344,5.295027145123608,-1.69178637089797,2.1278763713351063,-2.5700890487462207,-0.556835964739765,0.9039514833330476,-1.7642748039965657,0.3763003194220089,-2.0189233337571424,-3.852277194704878,0.20418902593415744,-1.5011081294576754,1.8851869352332693,-7.167706591275093,-2.011389849340268,-0.9245225471362387,-5.015822962732772,-2.5299286347011547,2.494743408550839,0.9291640715309221,-1.824054479079144,2.451865068889901,-3.3856599157946423,4.248866583184417,2.709860562752444,-0.7936700939404725,-0.11857069989036023,-1.885858240806602,5.5625119784066195,0.3119285119909798,2.2475865636337398,3.618916227738849,0.121562016243109,0.08800971714276178,1.0184006485031596,-1.4888436119349762,1.9031473124035891,-0.580307536126199,-0.7225116003317106,1.3829399763564605,0.15399732114148035
1.4422492109305518,0.12052139794181325,0.3285880251813055,-0.20205325283672404,0.6370990386208997,-0.4190857225121771,-0.8735093380750293,0.7470742536684055,-0.160950908055314,0.21755777466059006,-0.3678731133454746,-0.26623776437930735,1.0348139620699497,-0.045836803874108115,-0.14387883850133015,-0.11125754656020807,-0.26848563918348783,-0.20391201523919544,0.4178520864190111,0.6909158631949164,0.30704988643130526,-0.5417667430517903,0.600605788054217,-0.9548176560166354,-1.0248059643633325,0.19986914374658105,-1.4828167171225928,0.3724071346825235,-0.14813536596447113,-1.2178957696431187,0.5450191509276642,-0.11318195329115822,-1.3533434266712785,0.48588414262617824,0.121562016243109,0.7740031900752709,0.03347296585467595,-0.8530306272075667,0.725409959471916,1.8666681023392426,-0.09438350066466601,0.7319793694071224,-0.58479382381978,-0.008678124298205726
0.044203288736999025,-0.05944197345744178,0.11079233679095786,0.12765266073496742,0.011669945920864072,0.040580062892342526,-0.0988526956680378,0.017231336811904738,0.008296566406425766,-0.020893969801724407,-0.007190506131191365,-0.04145922717974044,-0.05326766290331455,-0.015135845997402949,-0.03609392792203298,0.05409123629407984,-0.18185737157722,-0.04184756436554129,0.013555641679599295,-0.09455675022726971,-0.0363392379040455,0.04419441484021528,0.03661903720107944,-0.07397664587341414,0.030686379829802612,-0.05167618766642494,0.03651222436998572,0.088305020369822,-0.03563970189150289,-0.03489976434603413,-0.01220987286927927,0.11677983840442935,-0.05087898788476806,0.09851439748176571,0.08800971714276178,0.03347296585467595,0.025387016858126978,0.008986626768266445,7.126725733762459e-5,0.12485901483040951,-0.006511144382891893,0.017227595343922805,0.011310574446506762,-4.430621190232091e-4
-1.7063462038926693,-1.1412324722465506,0.982059656560752,1.9415215142634838,-1.2726304733017046,1.1694534620951835,0.1988535474677478,-1.039833873856222,0.49113410833608323,-0.8153654803547602,0.5522378005491647,-0.32032213907823864,-2.4600981540752254,0.10985054468786086,-0.30095679294339667,0.7629689902422194,-1.9852682853148351,-0.4026483271084203,-0.7851176542083035,-2.414254542194321,-1.1723844801814858,1.4506507433645308,-0.40747655478743616,0.5628917051257499,2.0068950784560684,-1.3073406472851337,3.1179798638335265,0.44004908200366083,-0.08771365522091662,1.4124471963616356,-1.2532529654608822,1.9133819488876858,1.6734658083498204,0.16475826502996951,1.0184006485031596,-0.8530306272075667,0.008986626768266445,1.3602491310931983,-1.33723865094029,-1.5795795242344224,-0.06988896327673054,-1.1043544950798858,1.1333386497134927,0.05636903033640867
1.4835122563138314,1.5146659761858134,-1.552588048516639,-2.559828329544485,1.420577315495226,-1.366568067672866,0.23948923488433096,1.0021405519719642,-0.5876903201423548,1.0165562300507636,-0.5483165433485642,0.6312192962103691,2.7831230816221835,-0.14762849287666371,0.5112212945475528,-0.9644829875714651,2.9154036571625217,0.6963801646454965,0.8591457828894422,2.9357276084437243,1.4572589680211452,-1.673125653754956,0.19222506902184333,-0.18548105851077618,-2.1464431623748337,1.723367351297715,-3.4369266481878347,-0.8196178451594904,0.19449360606049185,-1.198832368149093,1.4221319939473964,-2.6016998846698822,-1.5213682823465295,-0.4849463085701579,-1.4888436119349762,0.725409959471916,7.126725733762459e-5,-1.33723865094029,1.4242917023624686,1.0777383240480396,0.16961858613190614,1.0919457499534813,-1.2149989105313113,-0.07805965316259096
3.4177794160276798,-1.0683961430550062,2.6480080692565937,1.9121243672490658,0.7756679921285612,-0.027070309905945784,-3.235417425829195,1.4961636113218273,-0.00826689864186288,-0.2647671767616906,-0.698879102039614,-1.531782881556369,0.731040756958269,-0.03750792825791409,-1.0196984006838596,0.5673761550183575,-3.875841303520636,-1.3611126072142072,0.6189350767802134,-0.618388381268078,-0.37703443946261445,-0.1822000239658948,1.8217312522580924,-3.134393223617278,-1.3483258501656281,-1.0187206011808254,-1.6500133456054418,2.1166499965109122,-0.723725141141014,-2.9518666376236493,0.4867954030958318,2.212009646432075,-3.0662081922942064,2.2101702925514215,1.9031473124035891,1.8666681023392426,0.12485901483040951,-1.5795795242344224,1.0777383240480396,5.3119016394465355,-0.470857038234307,1.4364378307240595,-0.7621923580196649,0.049099429148945176
-0.14091588745008618,0.47832768975904133,-0.6932925159409689,-0.8051290203359545,0.21893894736586852,-0.289575775731072,0.48207975091938826,0.015165840724024821,-0.13207604291823166,0.2622481683330252,-0.024980181337966163,0.35061459353163793,0.5041225651702129,-0.037108274167000306,0.24998350662685254,-0.2794815374703364,1.1473742283303232,0.3422966008739837,0.11675452738714985,0.7187680051226264,0.3754658416886966,-0.33727083290666693,-0.20874284580574184,0.37721579794082677,-0.28152019735022465,0.5233314948628229,-0.5307459495883063,-0.4540577068992107,0.13189521605598417,0.14185487304120675,0.2523801565793949,-0.8673421148282638,0.07760850640371514,-0.38311910159296525,-0.580307536126199,-0.09438350066466601,-0.006511144382891893,-0.06988896327673054,0.16961858613190614,-0.470857038234307,0.10654919960797134,0.04793304186228587,-0.1593991842988366,-0.025075085607318005
1.446956978499866,0.8573287184329343,-0.6682443139074484,-1.431701654380149,1.0455824362608277,-0.9031994667294796,-0.2849861477918408,0.8659564641027593,-0.3931416345069228,0.6371152629216341,-0.4610001541853111,0.2079049031291436,1.9429274454142085,-0.10282259171309623,0.19489148014378174,-0.5641746103707467,1.4023540475653713,0.2735720508289086,0.652386973947298,1.8527833630842028,0.911503245580266,-1.1311458011699964,0.3762135775766614,-0.5502637221692117,-1.601644058982024,0.9977606495659226,-2.5010657508172662,-0.25439390845537496,0.030648455059778777,-1.1967011046278635,1.0089703495502569,-1.4172694531882997,-1.4215233972234842,-0.022858321724912388,-0.7225116003317106,0.7319793694071224,0.017227595343922805,-1.1043544950798858,1.0919457499534813,1.4364378307240595,0.04793304186228587,0.92412014576344,-0.9092319422777144,-0.045548616523243164
-1.1987104979310137,-1.3718610880848758,1.4639326911444521,2.3391735587817886,-1.219188888012509,1.214651688841332,-0.3347451912106865,-0.8424963323299198,0.5088659953444656,-0.9037040455937693,0.45985711504981436,-0.6048103627063999,-2.440394721031032,0.12194355749690829,-0.4944488680540656,0.8726510808771987,-2.719867787276447,-0.6565650026450717,-0.726636903565579,-2.6244820151384176,-1.2918284117038015,1.4747322873023363,-0.1169361771864316,0.04890556545699513,1.855099938342439,-1.5511196826923934,2.97400139695411,0.8061265053127827,-0.20467644169910823,0.9642523850102085,-1.2270122080659984,2.37439303221454,1.2418857526140892,0.5243571414149872,1.3829399763564605,-0.58479382381978,0.011310574446506762,1.1333386497134927,-1.2149989105313113,-0.7621923580196649,-0.1593991842988366,-0.9092319422777144,1.0553685397705215,0.07058635822841841
-0.02343624514978022,-0.1372594110066978,0.1769996594288767,0.23064253864573642,-0.08880283224159152,0.09734386835999959,-0.09559553886857958,-0.03792051419045424,0.04279488613380019,-0.08212702121474753,0.02343231067228306,-0.08528347713027708,-0.18452541421222624,0.012671595545363333,-0.0635448770903394,0.08117916905140354,-0.3053807128798245,-0.08542993705106892,-0.050156615614752265,-0.2274551668168214,-0.11573620423692627,0.115804898177926,0.030294467063107407,-0.06397087368449576,0.12091468305608398,-0.1526396650600234,0.20999798699321637,0.10902549907485394,-0.030179467031675608,0.013823442903166634,-0.09227240396873618,0.24343042094839837,0.0378883460023077,0.08574615248558991,0.15399732114148035,-0.008678124298205726,-4.430621190232091e-4,0.05636903033640867,-0.07805965316259096,0.049099429148945176,-0.025075085607318005,-0.045548616523243164,0.07058635822841841,0.007924382223511878
