V1,V2,V3,V4,V5,V6,V7,V8,V9,V10,V11,V12,V13,V14,V15,V16,V17,V18,V19,V20,V21,V22,V23,V24,V25,V26,V27,V28,V29,V30,V31,V32,V33,V34,V35,V36,V37,V38,V39,V40,V41,V42,V43,V44
0.9704405589166109,2.06715081906692,-2.9389992452666656,-4.687276630271901,0.8514558017858129,-2.2388520463485193,1.3242729121578325,0.6054631300277395,-0.6752445979894162,1.1165264426989114,-0.397699972917439,1.1950367223041085,3.3683729953892567,0.42420562443431525,0.6288526453064632,-1.9407202320172945,5.622022414467907,1.0863415902057139,0.34694724256685683,4.677468263208812,2.12674395022848,-2.332014852378023,-0.6063338954071074,1.012656772858684,-2.8077233998078204,2.3806758825874317,-4.035630834259551,-2.209266170531031,0.7350787839249501,-0.5199602074051629,1.6966888081646205,-4.449733796455524,-0.6596770554876636,-1.9985796104782654,-2.8944528522927433,0.13336924026359442,-0.6503768136290478,-1.3084739683257476,1.3123308889388776,-0.8099322692785079,0.24378773047999824,0.5413263885737207,-0.9694063725724235,0.07583232266741062
2.06715081906692,11.374876309730022,-14.346945735003352,-18.237560983063684,7.733815876845949,-7.639768354255913,7.8196664958448965,3.329897526452427,-3.534646269307611,6.877750786635401,-1.9899135385434643,6.853812577748502,15.217201688388073,-1.4350188558238495,5.48241133430182,-6.310116393317152,24.335851209329373,7.073549841015898,4.503042231747566,18.053583374825113,9.276021312246531,-9.413854542802628,-2.072944662073839,4.746676818877079,-9.728995493854933,12.455799154806453,-17.155584439120513,-8.54113321596402,2.3296640946286704,-1.5302200333094427,7.476717838066729,-19.44853620512475,-3.4870273287649085,-6.548096107964213,-12.234188181988175,0.9575777189984115,0.38533488608063166,-4.836625792834302,6.571680184106475,-3.392882864573442,2.038770847141924,4.1244573607571615,-6.186162140158712,-0.7668207681749718
-2.9389992452666656,-14.346945735003352,18.29872793679778,23.772769009050617,-9.438506063822366,10.087262459034624,-9.896200565073508,-4.26752237594362,4.428995744420667,-8.605755752989404,2.5521331407628427,-8.58456582545715,-19.57916136746018,1.4286192245149631,-6.774996479080077,8.380018353727376,-31.409972945424833,-8.78595197417056,-5.373832502190433,-23.5045796219505,-11.856662577646858,12.208730939718912,2.6445149787791635,-6.1150413726647255,12.812354052371033,-15.713602915288677,22.086724209100375,11.174760541526307,-3.1567515165817843,2.1168799775536065,-9.52679981325307,24.980127486092943,4.430848835393754,8.829039723572034,15.766174656063011,-1.2379020596417967,-0.08869916372593031,6.3963980618811345,-8.335327028453976,4.431808366038323,-2.4639291076143905,-5.1096857564385285,7.811474492012164,0.869804739447429
-4.687276630271901,-18.237560983063684,23.772769009050617,32.42055151454875,-11.120160195437377,14.215467904764472,-12.308367680699776,-5.33809252596728,5.746240489962603,-10.721636481391535,3.276643256878628,-10.87413197600472,-25.794147696059017,0.7155951083906931,-7.937157612723613,11.95599699529002,-41.795751196577356,-10.883258259624073,-6.129754581620389,-32.180020679823045,-15.894064154845259,16.530178841919412,3.8595139805887984,-7.958092574894707,18.00722088428968,-20.242815723795637,29.6355796374533,15.211339202901788,-4.454289439933433,3.0112344389384402,-12.7742784131551,33.304252884076455,5.652337420478576,12.368252182569291,21.17045846070031,-1.4391617894131135,1.0490258239966148,8.744388796684216,-10.808877288166345,5.886395432463567,-2.9775552840274253,-6.132026081359693,9.556154674930655,0.7343782086987444
0.8514558017858129,7.733815876845949,-9.438506063822366,-11.120160195437377,5.778887448287719,-4.410889962339713,5.368099606513614,2.2360983474660316,-2.394346043972315,4.798444915957255,-1.312013286703408,4.721931373984493,9.763839398671319,-1.6129133053504416,4.041120130496406,-3.560682744375396,15.411912600670876,5.004500164654071,3.5201007450655744,10.993317726890897,5.935274525776924,-5.8264905383636405,-1.237305490170455,3.06897775259184,-5.6621191682732235,8.386595566234892,-10.837738821182459,-5.178358093332473,1.2741855209571924,-0.7928626348101475,4.809498801455853,-12.397913286773694,-2.3392285012216534,-3.650716000279753,-7.708913197164341,0.6654451944754475,0.9298388603617407,-2.8633146868735486,4.367672074238765,-2.107930672902053,1.5215372242226426,2.989342573647778,-4.309830760098206,-0.71305003116554
-2.2388520463485193,-7.639768354255913,10.087262459034624,14.215467904764472,-4.410889962339713,6.386314183124993,-4.977997915041673,-2.1327026984016975,2.49490479234723,-4.423035309602695,1.3564795190687249,-4.5797374868720455,-11.011242466630513,-0.019812253856763055,-3.054356561183982,5.41163841199809,-17.996376226516695,-4.50609805250552,-2.41200984498736,-14.201433250680632,-6.997909442017011,7.230906081716228,1.8743457592572585,-3.3357270549443303,8.087841626548904,-8.628407404816706,12.940188294377961,6.624910932368095,-1.9433972858631405,1.2955881288065192,-5.649036634228119,14.471086233094812,2.352521129850113,5.3749515730585,9.242048101898902,-0.5035917156090653,0.7806609116363304,3.7764969933883075,-4.610717145801436,2.487853291030612,-1.2435866998446734,-2.435562066181997,3.784976632681812,0.1742836150817087
1.3242729121578325,7.8196664958448965,-9.896200565073508,-12.308367680699776,5.368099606513614,-4.977997915041673,5.901096077585114,2.6736653176198284,-2.1460385483399413,4.770783040337288,-1.4757614477662238,4.535107614484205,10.627998735585784,-1.1124770318423334,4.215060957376921,-4.070391054897651,16.77012876618659,4.752008166726791,2.9403399116407476,11.89974599504987,5.789403796717504,-6.3011598314213915,-0.8196998249859985,3.4847294812760254,-6.2820811166790715,8.189105153945102,-11.25306269808552,-5.95715282635488,1.8025732524566747,-1.3049780017775876,4.5447209586260575,-12.85247961037328,-2.4917015239631497,-5.0345351360772925,-8.065434213279923,0.9698779386910836,0.41464779072138624,-3.576779965034649,4.384987741495762,-2.551122424602663,1.2094818168085755,2.9979271347440877,-4.826681915926705,-0.6840681330468733
0.6054631300277395,3.329897526452427,-4.26752237594362,-5.33809252596728,2.2360983474660316,-2.1327026984016975,2.6736653176198284,1.2688021620156202,-0.8250725034256075,2.0297443558618657,-0.6718594642191025,1.8678136814142614,4.658280675919985,-0.4293951550396544,1.8969441007787795,-1.7443877112224317,7.309086329496273,1.960594714852028,1.1426383678012417,5.070690802469693,2.3247804112022465,-2.703442745397418,-0.17566240333827593,1.5786005071693205,-2.668802634447751,3.3770647723153226,-4.728319795560176,-2.6448599242330446,0.8730572076051183,-0.6696205492400567,1.780594227214553,-5.4159597063786515,-1.0966929198032,-2.4273911152745695,-3.402022075930878,0.5112033676888199,0.1351807396847275,-1.6597362325051934,1.8389306979016249,-1.18411804977397,0.4369481549496832,1.3070873859237564,-2.227925081033965,-0.3182182201011458
-0.6752445979894162,-3.534646269307611,4.428995744420667,5.746240489962603,-2.394346043972315,2.49490479234723,-2.1460385483399413,-0.8250725034256075,1.2528934240337586,-2.118324138793899,0.5590756242355398,-2.228404480965742,-4.616709344595178,0.40019071235195486,-1.4721684525429646,2.0805907235600256,-7.500725886662684,-2.264944416937226,-1.5006778289154044,-5.842380580691377,-3.188932411328608,2.997494570439817,0.9670353111613661,-1.3486076318844094,3.209653687312863,-4.070898957237258,5.595610357257459,2.584414987434729,-0.6035192411182423,0.3292220172719206,-2.6374644902181315,6.295927278894191,1.030799294028052,1.7172556797060219,3.967235530249634,-0.12817964730157888,-0.06156666407612098,1.3505448129294577,-2.110970387655018,0.9283616825982313,-0.7431936973662591,-1.200001742849074,1.614156880099116,0.16005831762151296
1.1165264426989114,6.877750786635401,-8.605755752989404,-10.721636481391535,4.798444915957255,-4.423035309602695,4.770783040337288,2.0297443558618657,-2.118324138793899,4.191284318696314,-1.2014591200094804,4.147275116945628,9.080070782380067,-1.0216111717308578,3.4110647747762344,-3.6327630510780433,14.459124770975166,4.3156401650276655,2.8155787601224738,10.592393408586574,5.487802797452948,-5.550067430440872,-1.1777295874883686,2.8491804192080803,-5.639672991681743,7.488997964325608,-10.15368716289524,-5.029235652680824,1.3506668128669634,-0.8841927186427536,4.422894685109978,-11.539611219646046,-2.106529357323316,-3.806877557743649,-7.237844155936097,0.6016364995580679,0.3976889352995733,-2.8439372042453757,3.9433738832073044,-2.019443968434178,1.2510478498429114,2.548054000598285,-3.7992623266604926,-0.5173125040754368
-0.397699972917439,-1.9899135385434643,2.5521331407628427,3.276643256878628,-1.312013286703408,1.3564795190687249,-1.4757614477662238,-0.6718594642191025,0.5590756242355398,-1.2014591200094804,0.38055031386287136,-1.155257403734678,-2.7619564780357835,0.21165396232082437,-1.0217685915837866,1.1234551157483836,-4.391202068990877,-1.1917846096990872,-0.7054106453410733,-3.1803476225146157,-1.532588652005539,1.668851238923012,0.24735090254028863,-0.89840142007044,1.7111886301259216,-2.1047053067120425,2.9723901971897146,1.5783667414169735,-0.4844409183262116,0.349061161972489,-1.2077764456803657,3.3767862829324082,0.634023733284869,1.3513054640880053,2.127174576055612,-0.2337737764338762,-0.030294540082521585,0.9460873367232167,-1.1326418691388225,0.6633869558277682,-0.30123271940262225,-0.7412715623307738,1.1985157777925675,0.15030297241327045
1.1950367223041085,6.853812577748502,-8.58456582545715,-10.87413197600472,4.721931373984493,-4.5797374868720455,4.535107614484205,1.8678136814142614,-2.228404480965742,4.147275116945628,-1.155257403734678,4.201841514249199,9.020778526373775,-0.9173543021410826,3.195495057173302,-3.7847411052893967,14.476713897276362,4.33040568481248,2.839144259848361,10.861891999178518,5.739144894714711,-5.644623103438043,-1.435134165630443,2.757538692372375,-5.8592497485607735,7.624141740738273,-10.40018640489114,-5.01844844033364,1.2855159928485524,-0.7954204188699476,4.672325917048048,-11.774722581677006,-2.063311532671278,-3.6374857465356176,-7.399344299403748,0.4692582110937911,0.28006275197588304,-2.760053262998394,3.990941527104362,-1.9372342843298642,1.3173708973397276,2.4558102322718245,-3.5418546874304067,-0.43656325687309433
3.3683729953892567,15.217201688388073,-19.57916136746018,-25.794147696059017,9.763839398671319,-11.011242466630513,10.627998735585784,4.658280675919985,-4.616709344595178,9.080070782380067,-2.7619564780357835,9.020778526373775,21.115526701055572,-1.2306188576057306,7.160426146285968,-9.17720047528907,33.90513489671334,9.185333461655656,5.41900375886962,25.422681388804474,12.585250208168935,-13.187746003292899,-2.7077285870085235,6.6369176864372035,-13.947520653342671,16.593897363250132,-23.68273739694035,-12.198930269670884,3.566589894684821,-2.446898075040744,10.063396700250825,-26.755651994935697,-4.744644410250464,-9.934399848000949,-16.92541217714719,1.4010790907964417,-0.1970163288015997,-7.077671774091453,8.853332865628813,-4.868622858664704,2.486529814201953,5.378375611412536,-8.407920958956653,-0.8731129195708124
0.42420562443431525,-1.4350188558238495,1.4286192245149631,0.7155951083906931,-1.6129133053504416,-0.019812253856763055,-1.1124770318423334,-0.4293951550396544,0.40019071235195486,-1.0216111717308578,0.21165396232082437,-0.9173543021410826,-1.2306188576057306,0.97242532210639,-1.1247731108565937,-0.12334387590460594,-1.6919107326097012,-1.1177652878127855,-1.1050718146249345,-0.6584401308110065,-0.6479498134284465,0.46951210725817005,-0.018807367822357663,-0.432422580559849,0.020562239489789823,-1.426627283607716,1.0943145887911516,0.3272010580197911,0.05816616872653812,-0.07821674127293307,-0.5383288424564369,1.3868946790681365,0.4107449259569391,-0.09087072595596657,0.7627061001444718,-0.17619290407966573,-0.8821347287502462,0.1252372763809132,-0.6907082402953203,0.21129281505006586,-0.3964275401380532,-0.7640070977441552,0.9742843926643984,0.34648527059839523
0.6288526453064632,5.48241133430182,-6.774996479080077,-7.937157612723613,4.041120130496406,-3.054356561183982,4.215060957376921,1.8969441007787795,-1.4721684525429646,3.4110647747762344,-1.0217685915837866,3.195495057173302,7.160426146285968,-1.1247731108565937,3.166645560925613,-2.44548005641476,11.16511974199438,3.4237667694925755,2.2901405200540736,7.623183880666984,3.8073582502719896,-4.101324228736691,-0.42743347814484006,2.37915371479467,-3.8694801721833763,5.663945178292131,-7.40266116946251,-3.849681378733196,1.1194246782514332,-0.8090044609751752,2.984961246338172,-8.529441219034696,-1.741438825157738,-3.1625908560326703,-5.302993847639601,0.717194240844794,0.6508573280046693,-2.3060258326390235,3.0061559573317234,-1.704838873775758,0.901771464531707,2.2111632882902703,-3.4914854434280445,-0.5954857923542595
-1.9407202320172945,-6.310116393317152,8.380018353727376,11.95599699529002,-3.560682744375396,5.41163841199809,-4.070391054897651,-1.7443877112224317,2.0805907235600256,-3.6327630510780433,1.1234551157483836,-3.7847411052893967,-9.17720047528907,-0.12334387590460594,-2.44548005641476,4.6009140409835,-15.04294691056434,-3.697236718564846,-1.9300283697588678,-11.959559800850103,-5.872636848304086,6.071426756510761,1.610867766884734,-2.7689328185437785,6.851742836604069,-7.160955130343383,10.851297497983323,5.5642130568101855,-1.6415336341602904,1.0931793360519146,-4.745262482575628,12.112824063029212,1.9421509152497307,4.5361683589370045,7.747991247961322,-0.3946540859460416,0.7577135639433586,3.170586434855503,-3.8329926140409927,2.0734949408644714,-1.018143496032827,-1.9756582972140406,3.0766223306236298,0.10589019411017837
5.622022414467907,24.335851209329373,-31.409972945424833,-41.795751196577356,15.411912600670876,-17.996376226516695,16.77012876618659,7.309086329496273,-7.500725886662684,14.459124770975166,-4.391202068990877,14.476713897276362,33.90513489671334,-1.6919107326097012,11.16511974199438,-15.04294691056434,54.61158138846728,14.663247040855705,8.570620182050229,41.31388657280018,20.492270819353802,-21.362162751003023,-4.631550287264925,10.58041961339123,-22.803340383747045,26.7159177913207,-38.380759095297364,-19.691383075193293,5.733353804056814,-3.900119448554541,16.427444098533762,-43.2881638814953,-7.560244542074937,-15.96483905396448,-27.418813297463775,2.1097681896852776,-0.6156494050202308,-11.36734473291725,14.246334305611267,-7.769475870856204,4.006562801717326,8.469666733457753,-13.182021003731393,-1.266909425261092
1.0863415902057139,7.073549841015898,-8.78595197417056,-10.883258259624073,5.004500164654071,-4.50609805250552,4.752008166726791,1.960594714852028,-2.264944416937226,4.3156401650276655,-1.1917846096990872,4.33040568481248,9.185333461655656,-1.1177652878127855,3.4237667694925755,-3.697236718564846,14.663247040855705,4.507262997728277,3.0232163108348526,10.840970620737343,5.766211177872834,-5.666402917039548,-1.3736725693962955,2.8305951268673133,-5.770728203290773,7.807082690515298,-10.471299572802426,-5.037714527345391,1.273378305357965,-0.7883183363999186,4.688556417389257,-11.892169244091663,-2.131596471094391,-3.6108349126406334,-7.451377416935338,0.5230671726612827,0.471850996510796,-2.773023834307136,4.077846316688471,-1.9738321492511983,1.3692895387633237,2.5962916049355678,-3.742610992697595,-0.513980883826889
0.34694724256685683,4.503042231747566,-5.373832502190433,-6.129754581620389,3.5201007450655744,-2.41200984498736,2.9403399116407476,1.1426383678012417,-1.5006778289154044,2.8155787601224738,-0.7054106453410733,2.839144259848361,5.41900375886962,-1.1050718146249345,2.2901405200540736,-1.9300283697588678,8.570620182050229,3.0232163108348526,2.269520612747093,6.166801129869932,3.558716223128573,-3.2658115766281646,-0.8985154739097456,1.6432536751751992,-3.134873471372727,5.002508708584329,-6.23743600582686,-2.763722940938466,0.557900841031111,-0.2790987890703808,2.9378136295687916,-7.141105606973187,-1.3148609918026501,-1.6472901251942935,-4.416969095668187,0.27044726105095407,0.7048216327804531,-1.422836250372588,2.558034591973292,-1.0738436677123866,1.007236344473508,1.7353035193183854,-2.319596538904929,-0.4181587422766998
4.677468263208812,18.053583374825113,-23.5045796219505,-32.180020679823045,10.993317726890897,-14.201433250680632,11.89974599504987,5.070690802469693,-5.842380580691377,10.592393408586574,-3.1803476225146157,10.861891999178518,25.422681388804474,-0.6584401308110065,7.623183880666984,-11.959559800850103,41.31388657280018,10.840970620737343,6.166801129869932,32.09964154387289,16.045910368074498,-16.4407400732352,-4.14812064040168,7.748115884250885,-18.021645812005794,20.242370333603432,-29.60685101081167,-14.992811977489758,4.289702928325495,-2.835465492687073,12.962908901866859,-33.2279047473652,-5.542183434224871,-11.923215706515892,-21.12970298054496,1.2539986892250514,-1.10139468321043,-8.504911786704115,10.76841002221253,-5.7001652604470365,3.0562755367383074,5.983252805976267,-9.146932565728351,-0.6454497173812505
2.12674395022848,9.276021312246531,-11.856662577646858,-15.894064154845259,5.935274525776924,-6.997909442017011,5.789403796717504,2.3247804112022465,-3.188932411328608,5.487802797452948,-1.532588652005539,5.739144894714711,12.585250208168935,-0.6479498134284465,3.8073582502719896,-5.872636848304086,20.492270819353802,5.766211177872834,3.558716223128573,16.045910368074498,8.417009924892273,-8.20768371431934,-2.436461080299805,3.7292386290545574,-8.944083135133482,10.605429845878643,-15.065853118021838,-7.256466074049015,1.8746358283219087,-1.1314666398841333,6.896019909530623,-16.912507392156407,-2.7630997284858867,-5.261799553348962,-10.713782974824232,0.4404007400579598,-0.25348837608310065,-3.934675681042377,5.5623171196947485,-2.6558351239546125,1.7857029035575975,3.0768510973258683,-4.373182767477031,-0.34222989649557883
-2.332014852378023,-9.413854542802628,12.208730939718912,16.530178841919412,-5.8264905383636405,7.230906081716228,-6.3011598314213915,-2.703442745397418,2.997494570439817,-5.550067430440872,1.668851238923012,-5.644623103438043,-13.187746003292899,0.46951210725817005,-4.101324228736691,6.071426756510761,-21.362162751003023,-5.666402917039548,-3.2658115766281646,-16.4407400732352,-8.20768371431934,8.450302760839785,2.033762885030711,-4.051202851211182,9.172234875197722,-10.479274487621371,15.211126731484427,7.728605345815973,-2.219531189413229,1.479569658627084,-6.6146058994990264,17.103243690885225,2.899833652852287,6.173597725083323,10.859638834128523,-0.7083913638047731,0.4390372639902426,4.407434215430675,-5.5764967809219055,2.9757592454434856,-1.5835153965234319,-3.177179829698847,4.882423165028359,0.39339937074578724
-0.6063338954071074,-2.072944662073839,2.6445149787791635,3.8595139805887984,-1.237305490170455,1.8743457592572585,-0.8196998249859985,-0.17566240333827593,0.9670353111613661,-1.1777295874883686,0.24735090254028863,-1.435134165630443,-2.7077285870085235,-0.018807367822357663,-0.42743347814484006,1.610867766884734,-4.631550287264925,-1.3736725693962955,-0.8985154739097456,-4.14812064040168,-2.436461080299805,2.033762885030711,1.102434976031697,-0.6456661816607363,2.4413961988565926,-2.7121529907815782,3.9166195180934933,1.5944937575365403,-0.2634183419099811,0.04562342938405411,-2.0956659314657875,4.309693150164164,0.5347828093128505,0.7598853843342258,2.7537708216353303,0.18198046573738605,0.2448127268078805,0.6869560397908103,-1.3677580204462618,0.41251537608112154,-0.5593344241796591,-0.5243719317167078,0.452854232215345,-0.08023324800089773
1.012656772858684,4.746676818877079,-6.1150413726647255,-7.958092574894707,3.06897775259184,-3.3357270549443303,3.4847294812760254,1.5786005071693205,-1.3486076318844094,2.8491804192080803,-0.89840142007044,2.757538692372375,6.6369176864372035,-0.432422580559849,2.37915371479467,-2.7689328185437785,10.58041961339123,2.8305951268673133,1.6432536751751992,7.748115884250885,3.7292386290545574,-4.051202851211182,-0.6456661816607363,2.144734983054357,-4.206155540770163,5.052020224946559,-7.204452323857426,-3.828624685601588,1.175420532892647,-0.8418214001186353,2.9428856767985274,-8.167702182892729,-1.5091951431988129,-3.2651194060617774,-5.159509215331228,0.5392144727490467,-0.002564426942067567,-2.2871416653833903,2.718802585243866,-1.5883696988273786,0.7136631859426921,1.7359845773385278,-2.8115953884054026,-0.3253856303044815
-2.8077233998078204,-9.728995493854933,12.812354052371033,18.00722088428968,-5.6621191682732235,8.087841626548904,-6.2820811166790715,-2.668802634447751,3.209653687312863,-5.639672991681743,1.7111886301259216,-5.8592497485607735,-13.947520653342671,0.020562239489789823,-3.8694801721833763,6.851742836604069,-22.803340383747045,-5.770728203290773,-3.134873471372727,-18.021645812005794,-8.944083135133482,9.172234875197722,2.4413961988565926,-4.206155540770163,10.25692726905204,-11.024221624071183,16.46261593071307,8.362590965732004,-2.420165040717618,1.5964488052342576,-7.237515904832282,18.410169974150392,2.984416456572679,6.706990721952823,11.75135421546141,-0.6060562644351366,0.9492542096017481,4.736092322557391,-5.876171276243619,3.123654046007505,-1.6208542192381492,-3.1000816819773225,4.761951681852579,0.22402765218041384
2.3806758825874317,12.455799154806453,-15.713602915288677,-20.242815723795637,8.386595566234892,-8.628407404816706,8.189105153945102,3.3770647723153226,-4.070898957237258,7.488997964325608,-2.1047053067120425,7.624141740738273,16.593897363250132,-1.426627283607716,5.663945178292131,-7.160955130343383,26.7159177913207,7.807082690515298,5.002508708584329,20.242370333603432,10.605429845878643,-10.479274487621371,-2.7121529907815782,5.052020224946559,-11.024221624071183,13.911912779283199,-19.237244393535626,-9.344739798272272,2.435428166808627,-1.519158596126418,8.63051920959116,-21.734270084170543,-3.755239066775161,-6.863019887877128,-13.693924686951954,0.826985534156931,0.2556249496058151,-5.153606813737454,7.297456497791624,-3.5777278299130235,2.3572684159873116,4.382779499859679,-6.359186141788512,-0.7120680075225614
-4.035630834259551,-17.155584439120513,22.086724209100375,29.6355796374533,-10.837738821182459,12.940188294377961,-11.25306269808552,-4.728319795560176,5.595610357257459,-10.15368716289524,2.9723901971897146,-10.40018640489114,-23.68273739694035,1.0943145887911516,-7.40266116946251,10.851297497983323,-38.380759095297364,-10.471299572802426,-6.23743600582686,-29.60685101081167,-15.065853118021838,15.211126731484427,3.9166195180934933,-7.204452323857426,16.46261593071307,-19.237244393535626,27.59619691373918,13.752773088574642,-3.8034390470245802,2.45887311570678,-12.213477502964922,31.031079063029743,5.22418332475888,10.617684173836102,19.671014666917046,-1.1481341975670607,0.5556825638458385,7.712892369872927,-10.180868120518562,5.225219463797235,-3.0411227966888292,-5.802101253808816,8.670924730705675,0.732334276928811
-2.209266170531031,-8.54113321596402,11.174760541526307,15.211339202901788,-5.178358093332473,6.624910932368095,-5.95715282635488,-2.6448599242330446,2.584414987434729,-5.029235652680824,1.5783667414169735,-5.01844844033364,-12.198930269670884,0.3272010580197911,-3.849681378733196,5.5642130568101855,-19.691383075193293,-5.037714527345391,-2.763722940938466,-14.992811977489758,-7.256466074049015,7.728605345815973,1.5944937575365403,-3.828624685601588,8.362590965732004,-9.344739798272272,13.752773088574642,7.2252835799517925,-2.192291717971751,1.528266182389184,-5.783511845532433,15.474612023023555,2.68223635141638,6.058330078744287,9.840362885051515,-0.7917550419958942,0.48628035216330423,4.2349286987091626,-5.025140802885575,2.8573107850279182,-1.3061440104192192,-2.9206230059542833,4.6841549174652855,0.3830951160109695
0.7350787839249501,2.3296640946286704,-3.1567515165817843,-4.454289439933433,1.2741855209571924,-1.9433972858631405,1.8025732524566747,0.8730572076051183,-0.6035192411182423,1.3506668128669634,-0.4844409183262116,1.2855159928485524,3.566589894684821,0.05816616872653812,1.1194246782514332,-1.6415336341602904,5.733353804056814,1.273378305357965,0.557900841031111,4.289702928325495,1.8746358283219087,-2.219531189413229,-0.2634183419099811,1.175420532892647,-2.420165040717618,2.435428166808627,-3.8034390470245802,-2.192291717971751,0.7665898755914733,-0.5853614687229937,1.4412186958591793,-4.280941919704414,-0.776114856676172,-2.095761880421454,-2.741044366482691,0.3265511502467747,-0.2809743540231418,-1.3773566051686494,1.35231653213887,-0.9209340139080303,0.24450211657758442,0.8013877677950817,-1.458575175177955,-0.10478612507643605
-0.5199602074051629,-1.5302200333094427,2.1168799775536065,3.0112344389384402,-0.7928626348101475,1.2955881288065192,-1.3049780017775876,-0.6696205492400567,0.3292220172719206,-0.8841927186427536,0.349061161972489,-0.7954204188699476,-2.446898075040744,-0.07821674127293307,-0.8090044609751752,1.0931793360519146,-3.900119448554541,-0.7883183363999186,-0.2790987890703808,-2.835465492687073,-1.1314666398841333,1.479569658627084,0.04562342938405411,-0.8418214001186353,1.5964488052342576,-1.519158596126418,2.45887311570678,1.528266182389184,-0.5853614687229937,0.47338316972987504,-0.8339510114037902,2.778520836328079,0.5373471714759351,1.5935711901656762,1.7842040688725151,-0.2875542019977692,0.2229603492597181,1.0107449732841627,-0.8675277733651032,0.6794681545258122,-0.10072466180348814,-0.5451792895515362,1.0850670528129827,0.08671160807800056
1.6966888081646205,7.476717838066729,-9.52679981325307,-12.7742784131551,4.809498801455853,-5.649036634228119,4.5447209586260575,1.780594227214553,-2.6374644902181315,4.422894685109978,-1.2077764456803657,4.672325917048048,10.063396700250825,-0.5383288424564369,2.984961246338172,-4.745262482575628,16.427444098533762,4.688556417389257,2.9378136295687916,12.962908901866859,6.896019909530623,-6.6146058994990264,-2.0956659314657875,2.9428856767985274,-7.237515904832282,8.63051920959116,-12.213477502964922,-5.783511845532433,1.4412186958591793,-0.8339510114037902,5.680167050785667,-13.695736643839362,-2.20239873047572,-4.05763688322335,-8.6738978453138,0.28222596840483605,-0.19125345916305284,-3.0812692460983726,4.507193657687979,-2.074563743032245,1.494198928085593,2.455482553723752,-3.395878630991198,-0.2529084636479529
-4.449733796455524,-19.44853620512475,24.980127486092943,33.304252884076455,-12.397913286773694,14.471086233094812,-12.85247961037328,-5.4159597063786515,6.295927278894191,-11.539611219646046,3.3767862829324082,-11.774722581677006,-26.755651994935697,1.3868946790681365,-8.529441219034696,12.112824063029212,-43.2881638814953,-11.892169244091663,-7.141105606973187,-33.2279047473652,-16.912507392156407,17.103243690885225,4.309693150164164,-8.167702182892729,18.410169974150392,-21.734270084170543,31.031079063029743,15.474612023023555,-4.280941919704414,2.778520836328079,-13.695736643839362,34.93241005431496,5.932185137862885,11.962510553316797,22.124105070537933,-1.3533641547296107,0.47688431308207047,8.696378635665164,-11.498586557569066,5.9181570965485895,-3.445373307998964,-6.636875533539955,9.940743133139437,0.893371000259502
-0.6596770554876636,-3.4870273287649085,4.430848835393754,5.652337420478576,-2.3392285012216534,2.352521129850113,-2.4917015239631497,-1.0966929198032,1.030799294028052,-2.106529357323316,0.634023733284869,-2.063311532671278,-4.744644410250464,0.4107449259569391,-1.741438825157738,1.9421509152497307,-7.560244542074937,-2.131596471094391,-1.3148609918026501,-5.542183434224871,-2.7630997284858867,2.899833652852287,0.5347828093128505,-1.5091951431988129,2.984416456572679,-3.755239066775161,5.22418332475888,2.68223635141638,-0.776114856676172,0.5373471714759351,-2.20239873047572,5.932185137862885,1.0923893275495506,2.175584171407347,3.734814934815752,-0.35109505828029736,-0.08960536821803261,1.5622299654358953,-1.9970630245102403,1.097990202519985,-0.5798522432221968,-1.2798939329361247,1.9958578063067383,0.2509140252500708
-1.9985796104782654,-6.548096107964213,8.829039723572034,12.368252182569291,-3.650716000279753,5.3749515730585,-5.0345351360772925,-2.4273911152745695,1.7172556797060219,-3.806877557743649,1.3513054640880053,-3.6374857465356176,-9.934399848000949,-0.09087072595596657,-3.1625908560326703,4.5361683589370045,-15.96483905396448,-3.6108349126406334,-1.6472901251942935,-11.923215706515892,-5.261799553348962,6.173597725083323,0.7598853843342258,-3.2651194060617774,6.706990721952823,-6.863019887877128,10.617684173836102,6.058330078744287,-2.095761880421454,1.5935711901656762,-4.05763688322335,11.962510553316797,2.175584171407347,5.758032715018346,7.645667143188325,-0.895512799414824,0.7217103293717969,3.7894270930058487,-3.795149643531826,2.547605536588234,-0.7250065401215479,-2.2640246073032144,4.071654779471741,0.3128656425661667
-2.8944528522927433,-12.234188181988175,15.766174656063011,21.17045846070031,-7.708913197164341,9.242048101898902,-8.065434213279923,-3.402022075930878,3.967235530249634,-7.237844155936097,2.127174576055612,-7.399344299403748,-16.92541217714719,0.7627061001444718,-5.302993847639601,7.747991247961322,-27.418813297463775,-7.451377416935338,-4.416969095668187,-21.12970298054496,-10.713782974824232,10.859638834128523,2.7537708216353303,-5.159509215331228,11.75135421546141,-13.693924686951954,19.671014666917046,9.840362885051515,-2.741044366482691,1.7842040688725151,-8.6738978453138,22.124105070537933,3.734814934815752,7.645667143188325,14.028587144842525,-0.8428234042721937,0.4144016353401817,5.537337701563653,-7.252300941805981,3.7512453119294276,-2.1474903255012796,-4.139386805244672,6.222708176700534,0.5255901344029137
0.13336924026359442,0.9575777189984115,-1.2379020596417967,-1.4391617894131135,0.6654451944754475,-0.5035917156090653,0.9698779386910836,0.5112033676888199,-0.12817964730157888,0.6016364995580679,-0.2337737764338762,0.4692582110937911,1.4010790907964417,-0.17619290407966573,0.717194240844794,-0.3946540859460416,2.1097681896852776,0.5230671726612827,0.27044726105095407,1.2539986892250514,0.4404007400579598,-0.7083913638047731,0.18198046573738605,0.5392144727490467,-0.6060562644351366,0.826985534156931,-1.1481341975670607,-0.7917550419958942,0.3265511502467747,-0.2875542019977692,0.28222596840483605,-1.3533641547296107,-0.35109505828029736,-0.895512799414824,-0.8428234042721937,0.26732760874806477,0.10256773322731469,-0.5723118250879977,0.477429052941425,-0.42294080455472577,0.05181918373175672,0.440145797473242,-0.8609140029577891,-0.15218127400843873
-0.6503768136290478,0.38533488608063166,-0.08869916372593031,1.0490258239966148,0.9298388603617407,0.7806609116363304,0.41464779072138624,0.1351807396847275,-0.06156666407612098,0.3976889352995733,-0.030294540082521585,0.28006275197588304,-0.1970163288015997,-0.8821347287502462,0.6508573280046693,0.7577135639433586,-0.6156494050202308,0.471850996510796,0.7048216327804531,-1.10139468321043,-0.25348837608310065,0.4390372639902426,0.2448127268078805,-0.002564426942067567,0.9492542096017481,0.2556249496058151,0.5556825638458385,0.48628035216330423,-0.2809743540231418,0.2229603492597181,-0.19125345916305284,0.47688431308207047,-0.08960536821803261,0.7217103293717969,0.4144016353401817,0.10256773322731469,0.8954690840790693,0.33123629819421346,0.07497292472085415,0.10373852079715286,0.20584534806166108,0.4032179664253559,-0.43381284131689574,-0.29202068066332054
-1.3084739683257476,-4.836625792834302,6.3963980618811345,8.744388796684216,-2.8633146868735486,3.7764969933883075,-3.576779965034649,-1.6597362325051934,1.3505448129294577,-2.8439372042453757,0.9460873367232167,-2.760053262998394,-7.077671774091453,0.1252372763809132,-2.3060258326390235,3.170586434855503,-11.36734473291725,-2.773023834307136,-1.422836250372588,-8.504911786704115,-3.934675681042377,4.407434215430675,0.6869560397908103,-2.2871416653833903,4.736092322557391,-5.153606813737454,7.712892369872927,4.2349286987091626,-1.3773566051686494,1.0107449732841627,-3.0812692460983726,8.696378635665164,1.5622299654358953,3.7894270930058487,5.537337701563653,-0.5723118250879977,0.33123629819421346,2.575162859701812,-2.809630075815265,1.7417592118205147,-0.6379597237673561,-1.6887041924623043,2.867931595122687,0.24724171157748684
1.3123308889388776,6.571680184106475,-8.335327028453976,-10.808877288166345,4.367672074238765,-4.610717145801436,4.384987741495762,1.8389306979016249,-2.110970387655018,3.9433738832073044,-1.1326418691388225,3.990941527104362,8.853332865628813,-0.6907082402953203,3.0061559573317234,-3.8329926140409927,14.246334305611267,4.077846316688471,2.558034591973292,10.76841002221253,5.5623171196947485,-5.5764967809219055,-1.3677580204462618,2.718802585243866,-5.876171276243619,7.297456497791624,-10.180868120518562,-5.025140802885575,1.35231653213887,-0.8675277733651032,4.507193657687979,-11.498586557569066,-1.9970630245102403,-3.795149643531826,-7.252300941805981,0.477429052941425,0.07497292472085415,-2.809630075815265,3.848221638150583,-1.9434854094145948,1.2001850106150362,2.315633513793997,-3.4233343070290885,-0.3731213715424396
-0.8099322692785079,-3.392882864573442,4.431808366038323,5.886395432463567,-2.107930672902053,2.487853291030612,-2.551122424602663,-1.18411804977397,0.9283616825982313,-2.019443968434178,0.6633869558277682,-1.9372342843298642,-4.868622858664704,0.21129281505006586,-1.704838873775758,2.0734949408644714,-7.769475870856204,-1.9738321492511983,-1.0738436677123866,-5.7001652604470365,-2.6558351239546125,2.9757592454434856,0.41251537608112154,-1.5883696988273786,3.123654046007505,-3.5777278299130235,5.225219463797235,2.8573107850279182,-0.9209340139080303,0.6794681545258122,-2.074563743032245,5.9181570965485895,1.097990202519985,2.547605536588234,3.7512453119294276,-0.42294080455472577,0.10373852079715286,1.7417592118205147,-1.9434854094145948,1.199603526153381,-0.46228167860962033,-1.227996779532529,2.0660524530634596,0.21976190625799016
0.24378773047999824,2.038770847141924,-2.4639291076143905,-2.9775552840274253,1.5215372242226426,-1.2435866998446734,1.2094818168085755,0.4369481549496832,-0.7431936973662591,1.2510478498429114,-0.30123271940262225,1.3173708973397276,2.486529814201953,-0.3964275401380532,0.901771464531707,-1.018143496032827,4.006562801717326,1.3692895387633237,1.007236344473508,3.0562755367383074,1.7857029035575975,-1.5835153965234319,-0.5593344241796591,0.7136631859426921,-1.6208542192381492,2.3572684159873116,-3.0411227966888292,-1.3061440104192192,0.24450211657758442,-0.10072466180348814,1.494198928085593,-3.445373307998964,-0.5798522432221968,-0.7250065401215479,-2.1474903255012796,0.05181918373175672,0.20584534806166108,-0.6379597237673561,1.2001850106150362,-0.46228167860962033,0.48399829859219506,0.7287552305104364,-0.9122814762811661,-0.13331729374139556
0.5413263885737207,4.1244573607571615,-5.1096857564385285,-6.132026081359693,2.989342573647778,-2.435562066181997,2.9979271347440877,1.3070873859237564,-1.200001742849074,2.548054000598285,-0.7412715623307738,2.4558102322718245,5.378375611412536,-0.7640070977441552,2.2111632882902703,-1.9756582972140406,8.469666733457753,2.5962916049355678,1.7353035193183854,5.983252805976267,3.0768510973258683,-3.177179829698847,-0.5243719317167078,1.7359845773385278,-3.1000816819773225,4.382779499859679,-5.802101253808816,-2.9206230059542833,0.8013877677950817,-0.5451792895515362,2.455482553723752,-6.636875533539955,-1.2798939329361247,-2.2640246073032144,-4.139386805244672,0.440145797473242,0.4032179664253559,-1.6887041924623043,2.315633513793997,-1.227996779532529,0.7287552305104364,1.6063907103163677,-2.4400693475652693,-0.384931506633361
-0.9694063725724235,-6.186162140158712,7.811474492012164,9.556154674930655,-4.309830760098206,3.784976632681812,-4.826681915926705,-2.227925081033965,1.614156880099116,-3.7992623266604926,1.1985157777925675,-3.5418546874304067,-8.407920958956653,0.9742843926643984,-3.4914854434280445,3.0766223306236298,-13.182021003731393,-3.742610992697595,-2.319596538904929,-9.146932565728351,-4.373182767477031,4.882423165028359,0.452854232215345,-2.8115953884054026,4.761951681852579,-6.359186141788512,8.670924730705675,4.6841549174652855,-1.458575175177955,1.0850670528129827,-3.395878630991198,9.940743133139437,1.9958578063067383,4.071654779471741,6.222708176700534,-0.8609140029577891,-0.43381284131689574,2.867931595122687,-3.4233343070290885,2.0660524530634596,-0.9122814762811661,-2.4400693475652693,3.9994935658483954,0.6052911977922197
0.07583232266741062,-0.7668207681749718,0.869804739447429,0.7343782086987444,-0.71305003116554,0.1742836150817087,-0.6840681330468733,-0.3182182201011458,0.16005831762151296,-0.5173125040754368,0.15030297241327045,-0.43656325687309433,-0.8731129195708124,0.34648527059839523,-0.5954857923542595,0.10589019411017837,-1.266909425261092,-0.513980883826889,-0.4181587422766998,-0.6454497173812505,-0.34222989649557883,0.39339937074578724,-0.08023324800089773,-0.3253856303044815,0.22402765218041384,-0.7120680075225614,0.732334276928811,0.3830951160109695,-0.10478612507643605,0.08671160807800056,-0.2529084636479529,0.893371000259502,0.2509140252500708,0.3128656425661667,0.5255901344029137,-0.15218127400843873,-0.29202068066332054,0.24724171157748684,-0.3731213715424396,0.21976190625799016,-0.13331729374139556,-0.384931506633361,0.6052911977922197,0.16047884782712085
