V1,V2,V3,V4,V5,V6,V7,V8,V9,V10,V11,V12,V13,V14,V15,V16,V17,V18,V19,V20,V21,V22,V23,V24,V25,V26,V27,V28,V29,V30,V31,V32,V33,V34,V35,V36,V37,V38,V39,V40,V41,V42,V43,V44,V45,V46,V47,V48,V49
1.4455800657753706,-0.5449418294005992,-0.07966507156166733,0.22868620407833543,-1.0169845402464779,0.3871566568767453,-0.840114269723086,0.7751402923633557,1.0890631623806581,-0.13857129974621177,0.38661119016392875,0.1971177506701748,-0.41286067097156376,0.1666590882183399,-0.45903708216465056,0.41110352065499456,-0.8437945263736152,-0.07393502979965834,-0.14991249808617677,0.4632862676602565,-0.5252430898693102,0.7298154357535298,-0.37052069280177674,1.1563634638700662,0.29845470806996593,-0.92030749469258,1.0097046356412345,0.8498553151198711,1.5342913160545004,0.36535097777729625,-0.4556769600017994,-0.5687410444954105,-1.2651235231870939,-0.5566763371255671,-0.6976365695167397,0.2772748646495335,-0.6924756250308489,-0.5302410139782391,-0.27169888115699176,0.4355613897062669,-0.9198041619526138,-0.14099106211149892,1.7657354221065225,1.3826244367780645,-0.46040471268193883,-0.39638837105666186,-1.0324930915352775,1.190945588629478,-0.6085370094658398
-0.5449418294005992,0.7589893513967234,-0.3154365443155793,-0.005524128273226327,1.325603709390318,0.029593746719688428,0.205479376912628,-0.479866018667525,-0.8497925808803203,0.03651830711168289,0.08166711138453168,0.09713474228210195,0.43609265119515567,0.06190679828460602,0.2603073550341705,0.1228038150688839,0.13523996234654634,0.30254684903334356,0.6581623527879025,-0.4221462873402209,0.21182000776827486,0.18957104463743635,0.10319906735444238,-0.6365796554814815,-0.003161236812339349,0.6748623044158699,-0.6065481419723568,-0.4689471014574976,-0.8827824185943751,0.17126574682264267,0.6962976124431633,0.08854709096076052,0.46173475694984556,0.5157179286319603,0.3134584099945508,-0.5807691887377413,0.5830326241795919,0.28140465616694926,0.11315164314803558,-0.03652878956158318,0.7171929322912484,0.3586082366477399,-0.5298746030646447,-0.9547737674848177,-0.0016935506704868234,0.029909415092012677,0.22824304283046679,-0.7568625169567641,0.31958013942131636
-0.07966507156166733,-0.3154365443155793,0.42786765113354225,-0.14565965330452152,-0.6842665094184914,-0.22519891201413061,0.14043309583321403,0.2040063957440155,0.13322240171859884,-0.018659017938349436,-0.42539354279981484,-0.05055860528962283,-0.2459634427922592,0.016153435441616678,0.03755780733677032,-0.4013878488242025,0.2077741258218937,-0.1707546426133588,-0.39545954790816096,0.07004029814347962,-0.037252562699076265,-0.4309494939455145,0.07518416643273661,0.06449431746562521,-0.2567012805678524,-0.09452179393696099,-0.028540741666306393,0.05031076708100954,0.08920175129887141,-0.2669850634424203,-0.3837909860092504,0.16325958906629637,0.3030525086121814,-0.18926283105695166,0.19720458960028872,0.33256823297246274,-0.19102376623599765,0.007473536811699357,0.041197458220916514,-0.28591617710682943,-0.16426211965655987,-0.14127846819093873,-0.37354981293425227,0.12120417879876359,0.13309957512738685,0.12420123872883902,0.3528972965472152,2.3229193967382072e-4,0.05535369199950668
0.22868620407833543,-0.005524128273226327,-0.14565965330452152,0.7575298984121998,-0.0398115687556562,0.5377951402207402,-0.4938594409956776,0.15542692813907827,0.5356477831931843,0.3268277433815467,0.3007742917795885,0.6145030345255489,-0.5591072684486664,-0.9289606198256493,-0.22857663085125132,0.47789681007423473,-0.7320871712924896,0.46153507304661295,0.4506735461713846,0.22803692587206478,0.49863975199197413,0.0886323736758924,-0.9173406522234455,0.33122585749110595,0.6462067124981296,0.33841260418122493,0.3823736220344508,1.1430556416998006,0.334150717201212,0.7491870041458796,0.21610212422458971,-0.5791222385645624,-0.5847554638783451,1.0272889880161087,-0.6554741268726957,0.05815955514626948,0.04715663133364238,0.3000319847459689,0.30581616764483077,0.42538484504220514,-0.16245921551466208,-0.06907901313752965,1.1869065228969875,0.8556464016452723,-0.7833923707289909,-0.6154478318205524,-1.0918767238441123,0.7338172499637244,-0.4363000838322137
-1.0169845402464779,1.325603709390318,-0.6842665094184914,-0.0398115687556562,2.6274207485027588,0.017764927591256315,0.2713345094638567,-0.9160796848993179,-1.5628271785603745,0.11719971018009208,0.2852542067745028,0.06557097748407148,0.8711903157663992,0.22452928120470783,0.4712691432039003,0.3170831344325019,0.2608354556743626,0.4328736530170215,1.321219474861153,-0.8306343331483612,0.2886255648705237,0.5086048110474376,0.2808929111415392,-1.077158899945918,0.024722996474442552,1.1322342795194065,-1.076422604207332,-0.9794549428489356,-1.4729078033039225,0.15481372135778612,1.2622386836543462,-0.029422208572179094,0.5108592345757214,0.7734017772759377,0.6244911580882236,-1.1321038640155714,1.0451226800997793,0.516372217550048,0.110143187760765,0.09926681051712041,1.259134903411276,0.6087085106628679,-0.9708890664921915,-1.6933270516383971,-0.045141012108038434,0.2505520747233936,0.21773260138831568,-1.2985496387898698,0.5312297119195669
0.3871566568767453,0.029593746719688428,-0.22519891201413061,0.5377951402207402,0.017764927591256315,0.5515659624377078,-0.44935809933345056,0.15677941315518654,0.3779835221172253,0.18274435693562288,0.31542873004221844,0.4486037024322945,-0.36333082381363707,-0.6016954838119873,-0.16666112021410642,0.40632975436601415,-0.6749391480697149,0.48398340999093514,0.4115654454528034,0.16553606231308213,0.2777868990176949,0.31192043819225657,-0.6559928681135089,0.3809908401444906,0.439580797913114,0.1188214509839004,0.3539623376193243,0.7865696475860371,0.42609003751880337,0.6119782942771631,0.09979569198749405,-0.49443919759892624,-0.7615970141874286,0.6001690489591133,-0.5552509506564703,0.03752368179460637,0.06727921285541848,0.12924198188234046,0.1768687617950194,0.41386602417284823,-0.23290737440287304,0.08269329854962265,1.148512695880435,0.7353204799579338,-0.5398370097293969,-0.4490300961182697,-0.9033515272089482,0.6860516187246067,-0.41514845315495935
-0.840114269723086,0.205479376912628,0.14043309583321403,-0.4938594409956776,0.2713345094638567,-0.44935809933345056,0.8580673610778631,-0.48416944368160525,-0.6230553756027462,-0.18720699285363074,-0.3183387182697519,-0.49912739059966593,0.5373902154349118,0.2647066229507786,0.2834202942020342,-0.4786247301509879,0.8962398587297947,-0.2670280670842149,-0.5050361197425701,-0.20268764953341908,0.09535129202102927,-0.6339274138369181,0.636988191900839,-0.8538692685638641,-0.39609951886642447,0.22668782923663355,-0.5956218587550401,-1.0069069790334082,-1.0445535833882222,-0.4949918358801143,0.02446331405086351,0.8498503041323668,1.1307273729927407,-0.28802980728125266,0.5752099340272869,-0.05297961127218691,0.21349358543215324,0.03271835216040363,0.035897038077841364,-0.5808065612918777,0.5081530691384166,0.025555437866675586,-1.506753991495224,-1.138782783509158,0.818026131988692,0.3529223480329739,1.2160617840854813,-0.9231554963246628,0.6065099538434506
0.7751402923633557,-0.479866018667525,0.2040063957440155,0.15542692813907827,-0.9160796848993179,0.15677941315518654,-0.48416944368160525,0.6533833993031956,0.7083371989434114,0.03338666406172523,-0.06611221169978757,0.23201582876271484,-0.5026637033468628,-0.01985357658897165,-0.184251540138575,0.07385620357829953,-0.47594452736216475,-0.028252292545925376,-0.11418427147010166,0.25700244327662375,-0.3153331684977345,0.24689430842138863,-0.24273514360026385,0.8416184864511328,0.0816892728829258,-0.5096493190023202,0.5881769740227375,0.7020178667262551,1.0360359408857145,0.093961292875501,-0.47800733277995267,-0.4066056922921143,-0.6845133910284869,-0.27485636162269567,-0.3081131288760076,0.3856873374962999,-0.4080027128039525,-0.21475522735833494,-0.11267053644649941,0.17721214818432884,-0.6450503934727382,-0.1298234842973688,0.8741402871151792,0.9905613815553208,-0.359748803814773,-0.16605655813577927,-0.596479649157294,0.8185227956697558,-0.4111441711413845
1.0890631623806581,-0.8497925808803203,0.13322240171859884,0.5356477831931843,-1.5628271785603745,0.3779835221172253,-0.6230553756027462,0.7083371989434114,1.7129041848727444,-0.08214109464463162,0.41698668781728215,0.16297775489991614,-0.6444459410244492,-0.5495024514377619,-0.7062002543428413,0.32408942595355167,-0.6771744324343945,-0.3420603449346591,-0.7748940441619752,0.7949684654671659,0.025624132767388313,-0.1178779853591629,-0.8192541941909555,0.8614185828488468,0.7209121390395669,-0.7108867632316324,1.1857003788757188,1.2677948439627518,1.2572285648007706,0.5482931737451533,-0.5740442214171333,-0.3129173758792531,-0.8666623819021589,-0.11882954895821862,-0.8885167550727482,0.5314540124076261,-1.0313539244579493,-0.3334435829497779,0.07426880543159535,0.1887270555272076,-0.9645443494761803,-0.5853365836196428,1.7030950600486983,1.6219592529698188,-0.4652351706398833,-0.7520094565270902,-1.1359787046701753,1.404577738930087,-0.4906618249899711
-0.13857129974621177,0.03651830711168289,-0.018659017938349436,0.3268277433815467,0.11719971018009208,0.18274435693562288,-0.18720699285363074,0.03338666406172523,-0.08214109464463162,0.3880942427713439,-0.064803439010256,0.41665384460681004,-0.37999201935150356,-0.4953374943604036,0.12129566642588087,0.215593788322073,-0.303951566967119,0.445263375617471,0.5406856364909282,-0.044590311655323484,0.219013379745996,0.10346598959304419,-0.29044034886585374,0.25956671206641935,0.11727258244211343,0.2861852532020607,0.0030030725047416953,0.5457199550651727,0.11877529952988447,0.16235495201188332,0.12506982585064103,-0.4205404088635574,-0.2679950969735029,0.6605358134148267,-0.2565264980552159,0.12196495846532351,0.40096861200505174,0.28691221032802944,0.08425541546347859,0.34816597657337156,0.013099799847032597,0.07282524782492057,0.28153398880991815,0.3599327197285906,-0.4281504625853034,-0.061672507586629705,-0.41701653705106206,0.2627646232276441,-0.331264722433995
0.38661119016392875,0.08166711138453168,-0.42539354279981484,0.3007742917795885,0.2852542067745028,0.31542873004221844,-0.3183387182697519,-0.06611221169978757,0.41698668781728215,-0.064803439010256,0.6528651343114424,0.028472409554365582,0.1414880973576766,-0.15301367742741528,-0.31408395453242055,0.5190342717942051,-0.3707667259119171,-0.03139165111098149,0.08705111457047686,0.19851389642653133,0.09217003604701848,0.3488739533474088,-0.3463237632912913,0.07563437897936881,0.5283076669502929,-0.10029482136334752,0.37715142066703566,0.2598201098758997,0.1905858726352321,0.46624299656079465,0.2803392696875381,-0.20182646024982215,-0.5088651065174564,0.1449595751182187,-0.4627778932456985,-0.2562823832804687,-0.20186604127957022,-0.11441015824101748,4.080976072603889e-4,0.30752029787986035,-0.07298555905021334,-0.09186081156366628,0.882195600209112,0.2872723780781954,-0.24154904772494867,-0.3899368944083372,-0.6863768806215679,0.3490935699664621,-0.12679586551625466
0.1971177506701748,0.09713474228210195,-0.05055860528962283,0.6145030345255489,0.06557097748407148,0.4486037024322945,-0.49912739059966593,0.23201582876271484,0.16297775489991614,0.41665384460681004,0.028472409554365582,0.7646848373142827,-0.6117720807870773,-0.7374586669729019,-0.016087576184017852,0.4048568842232567,-0.7201928912400957,0.6751067161053078,0.7434256508770453,0.06436951353269338,0.332333207910272,0.27988501440609437,-0.7137289411407359,0.47696288279110755,0.35487195966290896,0.39390808619717216,0.19181273742542074,1.071449589662845,0.3403675872082357,0.6174671320751982,0.24200112872547824,-0.6552547959594537,-0.48978580407314853,1.0332082405093965,-0.5195112902339765,0.09461669072536648,0.34983678790667255,0.3421189771568097,0.2029170310683665,0.4597542178375378,-0.07425227061695028,0.12081560532269102,0.9691424025014256,0.7164156202388091,-0.7883744904465734,-0.45403263085694034,-0.8596824901183536,0.5402706844990902,-0.4955397704757379
-0.41286067097156376,0.43609265119515567,-0.2459634427922592,-0.5591072684486664,0.8711903157663992,-0.36333082381363707,0.5373902154349118,-0.5026637033468628,-0.6444459410244492,-0.37999201935150356,0.1414880973576766,-0.6117720807870773,0.9280863408964559,0.7713276717687905,0.136470155581345,-0.14039232777017083,0.7031717643079693,-0.432865629982894,-0.2424614365557912,-0.2921021219323854,-0.22722953432152318,0.008215128488663341,0.7395912897991346,-0.7805946821291216,-0.24254337631881062,0.01226671834578418,-0.47781222384536665,-1.2652427089128802,-0.8549087893437719,-0.36139733353581033,0.3183939441180629,0.6647627160757408,0.720841274786639,-0.6344260492989728,0.5690015258372414,-0.5049391341190981,0.06375442179824335,-0.2016724742535956,-0.16656360964229056,-0.3852147780006101,0.5478188020093846,0.12004585396568383,-1.0810130683831307,-1.2797198227327495,0.7227828148849041,0.32765611931098143,0.8711084491937694,-0.96839389133704,0.6373105610895266
0.1666590882183399,0.06190679828460602,0.016153435441616678,-0.9289606198256493,0.22452928120470783,-0.6016954838119873,0.2647066229507786,-0.01985357658897165,-0.5495024514377619,-0.4953374943604036,-0.15301367742741528,-0.7374586669729019,0.7713276717687905,1.4950363971749976,0.17618751293697346,-0.3848855533163045,0.6398527186035319,-0.6869011271530379,-0.3344139146887961,-0.33404845204348993,-0.9318698217495582,0.3688965424413762,1.1387708802529148,-0.1584707505973231,-0.709983061774812,-0.642726740176751,-0.2887636868176143,-1.3693536667348045,-0.020440345995653277,-0.8496393106709019,-0.1810880060963969,0.4517804809010341,0.33871161839595565,-1.5219969682313927,0.7939833309629741,-0.2984897770028269,-0.2537490003854957,-0.5558973930464994,-0.5378851467877391,-0.36762717470679807,0.0886232511948765,0.127790342382008,-1.0349301617859457,-0.9181710975604711,0.7383898455214487,0.7431604151528785,0.9687366396415622,-0.7674936241167191,0.4619696678408277
-0.45903708216465056,0.2603073550341705,0.03755780733677032,-0.22857663085125132,0.4712691432039003,-0.16666112021410642,0.2834202942020342,-0.184251540138575,-0.7062002543428413,0.12129566642588087,-0.31408395453242055,-0.016087576184017852,0.136470155581345,0.17618751293697346,0.39982553338379706,-0.1828405078465125,0.2709389632337356,0.22017130309712163,0.35191570875889394,-0.3484797839837411,-0.06921264589848132,0.03553990610740884,0.39564527314644576,-0.1912682851319908,-0.3888538340257599,0.24875976937959185,-0.4605400860370584,-0.4441971873657955,-0.3746570013788909,-0.336186046006421,0.07218908822621845,0.06937066369126897,0.2666655002943521,0.015639664802196074,0.374164640551835,-0.04953246432288294,0.4993943878044616,0.15659906400170823,-0.05911871219535433,-0.0514326190465044,0.2999191951004585,0.2619369228931702,-0.7667394888418743,-0.5339047217913131,0.17625720223707697,0.40306604115476813,0.4631203267678977,-0.4447727608049354,0.1174996655228824
0.41110352065499456,0.1228038150688839,-0.4013878488242025,0.47789681007423473,0.3170831344325019,0.40632975436601415,-0.4786247301509879,0.07385620357829953,0.32408942595355167,0.215593788322073,0.5190342717942051,0.4048568842232567,-0.14039232777017083,-0.3848855533163045,-0.1828405078465125,0.721750267153597,-0.6073976407818096,0.3179840924888059,0.5243552014378557,0.15344623287903464,0.09445992567497923,0.5553381638606659,-0.4559882688154858,0.4087460923435464,0.5552385794198934,0.03962610699501129,0.41354877117942845,0.6881698710590688,0.36051870922842255,0.5884674232960064,0.37212340667781624,-0.49737303450467846,-0.6247658736405285,0.5577581580420945,-0.6646473021613851,-0.13064683101871066,0.14733457899085226,0.023794881141503837,-0.02810551674722921,0.5577493463271792,-0.0635360338943342,0.010107128021745595,1.0929223663181256,0.5282458334269409,-0.552345572988261,-0.46379801886469607,-0.9135455230152114,0.5120636736084349,-0.394770904649429
-0.8437945263736152,0.13523996234654634,0.2077741258218937,-0.7320871712924896,0.2608354556743626,-0.6749391480697149,0.8962398587297947,-0.47594452736216475,-0.6771744324343945,-0.303951566967119,-0.3707667259119171,-0.7201928912400957,0.7031717643079693,0.6398527186035319,0.2709389632337356,-0.6073976407818096,1.1208176947072332,-0.5739172297159413,-0.6752232128765645,-0.2567546851987504,-0.12022270677049415,-0.6418114394822574,0.8971009236226776,-0.9010887201268807,-0.5410258487079244,0.05826919399107033,-0.6616831485087712,-1.329968593183569,-1.042840878300759,-0.7534281749912113,-0.03746430229080051,0.9502897348955396,1.256166781830066,-0.6885074489805023,0.8134228248635476,-0.11773078829177036,0.050076240087272066,-0.08076196202043721,-0.0881106824989066,-0.7056711558250681,0.5179647779914033,-0.042182500645145136,-1.8224376207501984,-1.3435498443031744,0.9811954262398345,0.5552853480555371,1.4472362363437554,-1.1233648406809644,0.7502647126758843
-0.07393502979965834,0.30254684903334356,-0.1707546426133588,0.46153507304661295,0.4328736530170215,0.48398340999093514,-0.2670280670842149,-0.028252292545925376,-0.3420603449346591,0.445263375617471,-0.03139165111098149,0.6751067161053078,-0.432865629982894,-0.6869011271530379,0.22017130309712163,0.3179840924888059,-0.5739172297159413,0.9739666062839162,0.9356108895255784,-0.10947680652840333,0.3802682840400419,0.3585258542574211,-0.472125557569175,0.29052189813891904,0.0933806324584435,0.5116385917207152,-0.0992187407536468,0.6635977241324305,0.055701110290359505,0.4664940887451361,0.28463097062648857,-0.5475724897726842,-0.5057511257474132,1.0132201411282022,-0.4074489270389694,0.06521054172811434,0.7504178925551664,0.4040120003103789,0.17775465506846003,0.5054086594900788,0.08538291808698387,0.37540664206359936,0.6452198702691145,0.38621513294720455,-0.527328348929763,-0.20512950598243043,-0.5278482821267383,0.3053578755791136,-0.47059025731935
-0.14991249808617677,0.6581623527879025,-0.39545954790816096,0.4506735461713846,1.321219474861153,0.4115654454528034,-0.5050361197425701,-0.11418427147010166,-0.7748940441619752,0.5406856364909282,0.08705111457047686,0.7434256508770453,-0.2424614365557912,-0.3344139146887961,0.35191570875889394,0.5243552014378557,-0.6752232128765645,0.9356108895255784,1.6433345990933022,-0.4839444584198501,0.15350012140791053,0.8502169894404112,-0.33269831729936106,0.25285741534532363,0.10142783377468327,0.7020474956191781,-0.32779852562692546,0.46830272166881465,0.014219872008044558,0.3809384328375009,0.6769900503118018,-0.9316463584282075,-0.6545027797445897,1.0720507089789695,-0.11797969388014616,-0.4074224575745389,0.9428175854616607,0.49848804596307905,0.046981951061438515,0.7094148440669009,0.3648762182931057,0.5267265705063521,0.4832380522366902,0.05136648910646183,-0.8579051887370236,0.045848232495648684,-0.8120265036337752,0.025976123682727684,-0.41903810051951523
0.4632862676602565,-0.4221462873402209,0.07004029814347962,0.22803692587206478,-0.8306343331483612,0.16553606231308213,-0.20268764953341908,0.25700244327662375,0.7949684654671659,-0.044590311655323484,0.19851389642653133,0.06436951353269338,-0.2921021219323854,-0.33404845204348993,-0.3484797839837411,0.15344623287903464,-0.2567546851987504,-0.10947680652840333,-0.4839444584198501,0.470185018178631,0.10205635711647605,-0.14551035801988138,-0.3824863841883895,0.3522518598496936,0.3185061721663449,-0.3291313734204323,0.548133565453925,0.5829158265916978,0.47339870278586943,0.2951454179249758,-0.2532927177443057,-0.02672454716348188,-0.2795883603952982,0.006871098225797479,-0.5329766145491045,0.31966430649382244,-0.4208421699271944,-0.15539725940875745,0.042873174621587344,0.08167999573213185,-0.4229856109159308,-0.2966728274861138,0.7920384978378033,0.7326572847622245,-0.09633500799372331,-0.42015463222461347,-0.36627234609621623,0.5994093582589987,-0.2346826785211154
-0.5252430898693102,0.21182000776827486,-0.037252562699076265,0.49863975199197413,0.2886255648705237,0.2777868990176949,0.09535129202102927,-0.3153331684977345,0.025624132767388313,0.219013379745996,0.09217003604701848,0.332333207910272,-0.22722953432152318,-0.9318698217495582,-0.06921264589848132,0.09445992567497923,-0.12022270677049415,0.3802682840400419,0.15350012140791053,0.10205635711647605,0.8330556565225107,-0.49923874933154166,-0.6713900351436657,-0.4450295413391132,0.40744289574159903,0.7393371527984268,-0.1746203866386364,0.48277323342725503,-0.6143189853214684,0.5384975259171488,0.36045313385084604,-0.0034073856590731122,0.2608258751792192,1.1199904535317704,-0.25277979685316093,-0.0407732671322,0.253436275446967,0.4984215249631205,0.48441112554129223,0.0038967434474897647,0.3027605199071778,-0.04472489711720466,0.16159080686929775,0.012377304234097655,-0.25789872780697165,-0.44865453945473793,-0.2412004535206239,-0.015412337663964005,0.018598642879668524
0.7298154357535298,0.18957104463743635,-0.4309494939455145,0.0886323736758924,0.5086048110474376,0.31192043819225657,-0.6339274138369181,0.24689430842138863,-0.1178779853591629,0.10346598959304419,0.3488739533474088,0.27988501440609437,0.008215128488663341,0.3688965424413762,0.03553990610740884,0.5553381638606659,-0.6418114394822574,0.3585258542574211,0.8502169894404112,-0.14551035801988138,-0.49923874933154166,1.1609343246971144,0.03861150400713769,0.7204820474789075,0.051518151333438754,-0.3098876924595776,0.27586687275684857,0.20551570681167633,0.7725325789132665,0.18072054163820117,0.1862594313408032,-0.7019129015029616,-1.0542324505880611,-0.15891116596890092,-0.2881126214488622,-0.23529015910311382,0.2308159761312359,-0.19780109257952325,-0.34791619029927556,0.6468885127838019,-0.20045721713056291,0.3279795077679976,0.9559069564923021,0.40824516598645644,-0.4519727179902838,0.043379391372374884,-0.748517793055233,0.4070417910551489,-0.4538798111875012
-0.37052069280177674,0.10319906735444238,0.07518416643273661,-0.9173406522234455,0.2808929111415392,-0.6559928681135089,0.636988191900839,-0.24273514360026385,-0.8192541941909555,-0.29044034886585374,-0.3463237632912913,-0.7137289411407359,0.7395912897991346,1.1387708802529148,0.39564527314644576,-0.4559882688154858,0.8971009236226776,-0.472125557569175,-0.33269831729936106,-0.3824863841883895,-0.6713900351436657,0.03861150400713769,1.24566042829699,-0.36533789163458924,-0.7897627538558855,-0.3817936902313352,-0.5018970964679889,-1.4363687900626751,-0.4417075070015406,-0.9792594429448084,-0.17175244614881044,0.6443962690202129,0.6856252563550902,-1.1963712847395902,0.782312069079734,-0.10381164568989891,0.1566759922811605,-0.35215000840379607,-0.4459805676590189,-0.3941695893724215,0.2829610411837364,0.1556006421001312,-1.5548257531143952,-1.1314182450670933,0.9265127417645709,0.8417727264252783,1.2973187751517354,-0.9235889919724329,0.47848213605258216
1.1563634638700662,-0.6365796554814815,0.06449431746562521,0.33122585749110595,-1.077158899945918,0.3809908401444906,-0.8538692685638641,0.8416184864511328,0.8614185828488468,0.25956671206641935,0.07563437897936881,0.47696288279110755,-0.7805946821291216,-0.1584707505973231,-0.1912682851319908,0.4087460923435464,-0.9010887201268807,0.29052189813891904,0.25285741534532363,0.3522518598496936,-0.4450295413391132,0.7204820474789075,-0.36533789163458924,1.4594726055966623,0.14803458355718352,-0.7441261928803076,0.9041113588838425,1.1452045008728284,1.6566639023445666,0.18869903852892278,-0.5544799302975171,-0.8815909091212586,-1.4286807480212742,-0.18798633476141904,-0.7457030235498135,0.5712964598422656,-0.23401405085445698,-0.26456473579057277,-0.27677028876900883,0.6802273790113397,-0.9481955282105307,-0.06265067582815377,1.5985701106981334,1.6357011435938125,-0.6630707806817071,-0.17713996044241026,-1.1130562055121287,1.3528226100241523,-0.9004201806557091
0.29845470806996593,-0.003161236812339349,-0.2567012805678524,0.6462067124981296,0.024722996474442552,0.439580797913114,-0.39609951886642447,0.0816892728829258,0.7209121390395669,0.11727258244211343,0.5283076669502929,0.35487195966290896,-0.24254337631881062,-0.709983061774812,-0.3888538340257599,0.5552385794198934,-0.5410258487079244,0.0933806324584435,0.10142783377468327,0.3185061721663449,0.40744289574159903,0.051518151333438754,-0.7897627538558855,0.14803458355718352,0.807597371034573,0.17508213040296544,0.48254546788301417,0.8755235944534343,0.20092950307135166,0.7603324221365326,0.28578070911393055,-0.3182392606795812,-0.3900409203807372,0.7208115174302236,-0.6339166899454515,-0.09033689501763581,-0.22112274866380377,0.11461850436821817,0.24145734622132176,0.28053487008494954,-0.10678026078839147,-0.20920564404198205,1.1048712655272734,0.6147846267833076,-0.5666060973258511,-0.7133546492069022,-0.9897594495653166,0.6020227868783322,-0.22013144805615098
-0.92030749469258,0.6748623044158699,-0.09452179393696099,0.33841260418122493,1.1322342795194065,0.1188214509839004,0.22668782923663355,-0.5096493190023202,-0.7108867632316324,0.2861852532020607,-0.10029482136334752,0.39390808619717216,0.01226671834578418,-0.642726740176751,0.24875976937959185,0.03962610699501129,0.05826919399107033,0.5116385917207152,0.7020474956191781,-0.3291313734204323,0.7393371527984268,-0.3098876924595776,-0.3817936902313352,-0.7441261928803076,0.17508213040296544,1.136372777354333,-0.6819848110489675,0.06597809064095086,-1.0880231877307904,0.3874790156600825,0.7107611906566526,-0.020100738958449722,0.6261657972576021,1.2676055925613132,0.20134261456345828,-0.3834636365855969,0.6858162330138949,0.6808100871541616,0.4478323075338919,-0.06739331387453652,0.7710273251292803,0.23083294900724122,-0.5103624133593038,-0.6972896292603205,-0.276176945743266,-0.17946618989625673,0.050567927472072574,-0.6212498696082541,0.2467519034903467
1.0097046356412345,-0.6065481419723568,-0.028540741666306393,0.3823736220344508,-1.076422604207332,0.3539623376193243,-0.5956218587550401,0.5881769740227375,1.1857003788757188,0.0030030725047416953,0.37715142066703566,0.19181273742542074,-0.47781222384536665,-0.2887636868176143,-0.4605400860370584,0.41354877117942845,-0.6616831485087712,-0.0992187407536468,-0.32779852562692546,0.548133565453925,-0.1746203866386364,0.27586687275684857,-0.5018970964679889,0.9041113588838425,0.48254546788301417,-0.6819848110489675,0.9762497066911298,0.9753227766625667,1.1838801147225753,0.3871132074756257,-0.4149496968767267,-0.4078112840818526,-0.9489757854547481,-0.1807080306639461,-0.7928376441885614,0.40086614922806013,-0.6114251144585503,-0.34130187619055197,-0.1014386877267217,0.3724808909637917,-0.795195951797686,-0.3197334704642511,1.4950239950361475,1.3355455621212535,-0.41338499648859584,-0.4876021141395909,-0.9784798530554146,1.1745787879265044,-0.5515415484934891
0.8498553151198711,-0.4689471014574976,0.05031076708100954,1.1430556416998006,-0.9794549428489356,0.7865696475860371,-1.0069069790334082,0.7020178667262551,1.2677948439627518,0.5457199550651727,0.2598201098758997,1.071449589662845,-1.2652427089128802,-1.3693536667348045,-0.4441971873657955,0.6881698710590688,-1.329968593183569,0.6635977241324305,0.46830272166881465,0.5829158265916978,0.48277323342725503,0.20551570681167633,-1.4363687900626751,1.1452045008728284,0.8755235944534343,0.06597809064095086,0.9753227766625667,2.2162415652550362,1.2328096469225158,1.0584099453193923,-0.08709471802289384,-1.061125692453721,-1.171516341081137,1.3027086782078465,-1.24413886907444,0.5115468044880124,-0.170769499573287,0.2616607881660204,0.3076796293039399,0.7446366031035215,-0.7192742746005978,-0.2445493480608849,2.2558681897393322,1.9968098606928697,-1.3251611523064333,-0.9779198182094275,-1.7971579907487596,1.5983336829131272,-0.9890549378793165
1.5342913160545004,-0.8827824185943751,0.08920175129887141,0.334150717201212,-1.4729078033039225,0.42609003751880337,-1.0445535833882222,1.0360359408857145,1.2572285648007706,0.11877529952988447,0.1905858726352321,0.3403675872082357,-0.8549087893437719,-0.020440345995653277,-0.3746570013788909,0.36051870922842255,-1.042840878300759,0.055701110290359505,0.014219872008044558,0.47339870278586943,-0.6143189853214684,0.7725325789132665,-0.4417075070015406,1.6566639023445666,0.20092950307135166,-1.0880231877307904,1.1838801147225753,1.2328096469225158,2.112724035874303,0.1472122342997181,-0.8182140615024234,-0.9758361104506583,-1.7989400111618001,-0.5694021017181983,-0.7813073471865924,0.6217764136265392,-0.6654313534671422,-0.4627080735484787,-0.3288567222969889,0.6819123069174481,-1.2836216354140721,-0.18479885432668636,1.960001033714152,2.0091662055946697,-0.719557348609872,-0.16538454408071068,-1.370864601089455,1.6914017246250734,-0.9674417817878759
0.36535097777729625,0.17126574682264267,-0.2669850634424203,0.7491870041458796,0.15481372135778612,0.6119782942771631,-0.4949918358801143,0.093961292875501,0.5482931737451533,0.16235495201188332,0.46624299656079465,0.6174671320751982,-0.36139733353581033,-0.8496393106709019,-0.336186046006421,0.5884674232960064,-0.7534281749912113,0.4664940887451361,0.3809384328375009,0.2951454179249758,0.5384975259171488,0.18072054163820117,-0.9792594429448084,0.18869903852892278,0.7603324221365326,0.3874790156600825,0.3871132074756257,1.0584099453193923,0.1472122342997181,1.022149767660465,0.41692599346018566,-0.41891473739682494,-0.4356081969046082,1.056945356193877,-0.7341624897576873,-0.11238547049507598,0.007555319040376433,0.23385815244554448,0.33347012164185025,0.343727678268202,-0.03548106388762113,-0.019190322704068646,1.3708369875231468,0.6535071325585367,-0.6964825591839159,-0.8741007487095386,-1.0247753566208961,0.5800603601912826,-0.3120549895396489
-0.4556769600017994,0.6962976124431633,-0.3837909860092504,0.21610212422458971,1.2622386836543462,0.09979569198749405,0.02446331405086351,-0.47800733277995267,-0.5740442214171333,0.12506982585064103,0.2803392696875381,0.24200112872547824,0.3183939441180629,-0.1810880060963969,0.07218908822621845,0.37212340667781624,-0.03746430229080051,0.28463097062648857,0.6769900503118018,-0.2532927177443057,0.36045313385084604,0.1862594313408032,-0.17175244614881044,-0.5544799302975171,0.28578070911393055,0.7107611906566526,-0.4149496968767267,-0.08709471802289384,-0.8182140615024234,0.41692599346018566,0.8758951656451538,-0.03661467930059847,0.42902048142855426,0.8394457930045836,-5.594862412481919e-4,-0.5980241803125863,0.5123713309910983,0.31511983431824603,0.14966687074576504,0.12432812281215239,0.7067364112688564,0.19988988690030818,-0.12807143087777936,-0.7068227820005205,-0.2308543660005991,-0.2362045061188126,-0.07617186992963344,-0.6060458617635218,0.18818919590343317
-0.5687410444954105,0.08854709096076052,0.16325958906629637,-0.5791222385645624,-0.029422208572179094,-0.49443919759892624,0.8498503041323668,-0.4066056922921143,-0.3129173758792531,-0.4205404088635574,-0.20182646024982215,-0.6552547959594537,0.6647627160757408,0.4517804809010341,0.06937066369126897,-0.49737303450467846,0.9502897348955396,-0.5475724897726842,-0.9316463584282075,-0.02672454716348188,-0.0034073856590731122,-0.7019129015029616,0.6443962690202129,-0.8815909091212586,-0.3182392606795812,-0.020100738958449722,-0.4078112840818526,-1.061125692453721,-0.9758361104506583,-0.41891473739682494,-0.03661467930059847,1.0856366835895903,1.2680063233351837,-0.5905097911153947,0.5120211868116383,-0.06403812128825152,-0.1490042748327403,-0.1965953727083098,0.0011471068992689756,-0.7468353901365301,0.4060599902522265,-0.10789300664053576,-1.3421995827255686,-1.125505901315308,0.9742101717910564,0.17393329473197608,1.3134523807860916,-0.9171372382175035,0.7138353302646482
-1.2651235231870939,0.46173475694984556,0.3030525086121814,-0.5847554638783451,0.5108592345757214,-0.7615970141874286,1.1307273729927407,-0.6845133910284869,-0.8666623819021589,-0.2679950969735029,-0.5088651065174564,-0.48978580407314853,0.720841274786639,0.33871161839595565,0.2666655002943521,-0.6247658736405285,1.256166781830066,-0.5057511257474132,-0.6545027797445897,-0.2795883603952982,0.2608258751792192,-1.0542324505880611,0.6856252563550902,-1.4286807480212742,-0.3900409203807372,0.6261657972576021,-0.9489757854547481,-1.171516341081137,-1.7989400111618001,-0.4356081969046082,0.42902048142855426,1.2680063233351837,2.2599051266664674,0.038642386264752304,0.8410980735398879,-0.29916034413347187,0.23313847837994706,0.14943528000287606,0.16260912967003988,-0.986357308340082,1.0193851183324922,-0.07916340768790862,-2.1937465954996944,-1.849302629235292,0.9183168916864397,0.18518999030975317,1.7759438791576554,-1.6703600884379441,1.016696387628109
-0.5566763371255671,0.5157179286319603,-0.18926283105695166,1.0272889880161087,0.7734017772759377,0.6001690489591133,-0.28802980728125266,-0.27485636162269567,-0.11882954895821862,0.6605358134148267,0.1449595751182187,1.0332082405093965,-0.6344260492989728,-1.5219969682313927,0.015639664802196074,0.5577581580420945,-0.6885074489805023,1.0132201411282022,1.0720507089789695,0.006871098225797479,1.1199904535317704,-0.15891116596890092,-1.1963712847395902,-0.18798633476141904,0.7208115174302236,1.2676055925613132,-0.1807080306639461,1.3027086782078465,-0.5694021017181983,1.056945356193877,0.8394457930045836,-0.5905097911153947,0.038642386264752304,2.2035857895683444,-0.6371698694771367,-0.14646245833120464,0.7824874214797365,0.8681551324816148,0.6208914036939545,0.4607216929403533,0.49294413743781745,0.1260359689379972,0.7729232782705403,0.3317667043989673,-0.999563254865169,-0.7804504444907513,-0.9265573302441173,0.18693522400202803,-0.34779701700719506
-0.6976365695167397,0.3134584099945508,0.19720458960028872,-0.6554741268726957,0.6244911580882236,-0.5552509506564703,0.5752099340272869,-0.3081131288760076,-0.8885167550727482,-0.2565264980552159,-0.4627778932456985,-0.5195112902339765,0.5690015258372414,0.7939833309629741,0.374164640551835,-0.6646473021613851,0.8134228248635476,-0.4074489270389694,-0.11797969388014616,-0.5329766145491045,-0.25277979685316093,-0.2881126214488622,0.782312069079734,-0.7457030235498135,-0.6339166899454515,0.20134261456345828,-0.7928376441885614,-1.24413886907444,-0.7813073471865924,-0.7341624897576873,-5.594862412481919e-4,0.5120211868116383,0.8410980735398879,-0.6371698694771367,1.0948542568819881,-0.32884490355985735,0.08469701065312725,0.037797252470744044,-0.05839274909827998,-0.6087675343726278,0.488050394046406,0.179527415597915,-1.6555154859286976,-1.2539383691920605,0.5978085968972653,0.7095372601912566,1.0645882146213088,-1.0539140765756738,0.6835609196093896
0.2772748646495335,-0.5807691887377413,0.33256823297246274,0.05815955514626948,-1.1321038640155714,0.03752368179460637,-0.05297961127218691,0.3856873374962999,0.5314540124076261,0.12196495846532351,-0.2562823832804687,0.09461669072536648,-0.5049391341190981,-0.2984897770028269,-0.04953246432288294,-0.13064683101871066,-0.11773078829177036,0.06521054172811434,-0.4074224575745389,0.31966430649382244,-0.0407732671322,-0.23529015910311382,-0.10381164568989891,0.5712964598422656,-0.09033689501763581,-0.3834636365855969,0.40086614922806013,0.5115468044880124,0.6217764136265392,-0.11238547049507598,-0.5980241803125863,-0.06403812128825152,-0.29916034413347187,-0.14646245833120464,-0.32884490355985735,0.6590087393333774,-0.1642989752514028,-0.09449976673802236,-0.029687157859405715,0.06272604865341234,-0.539465548090996,-0.18091899164181124,0.3396368547265652,0.8069764804433558,0.010837201086984377,-0.034334958458845474,-0.07228008661090898,0.6349143557229477,-0.3583437934231281
-0.6924756250308489,0.5830326241795919,-0.19102376623599765,0.04715663133364238,1.0451226800997793,0.06727921285541848,0.21349358543215324,-0.4080027128039525,-1.0313539244579493,0.40096861200505174,-0.20186604127957022,0.34983678790667255,0.06375442179824335,-0.2537490003854957,0.4993943878044616,0.14733457899085226,0.050076240087272066,0.7504178925551664,0.9428175854616607,-0.4208421699271944,0.253436275446967,0.2308159761312359,0.1566759922811605,-0.23401405085445698,-0.22112274866380377,0.6858162330138949,-0.6114251144585503,-0.170769499573287,-0.6654313534671422,0.007555319040376433,0.5123713309910983,-0.1490042748327403,0.23313847837994706,0.7824874214797365,0.08469701065312725,-0.1642989752514028,1.0726337794597005,0.43583945379402234,0.04579490074738014,0.26888428237152445,0.5871133889618094,0.4515077040047504,-0.5342229307479658,-0.5851848612662333,-0.07291232407262567,0.21335370065708434,0.2550146461233872,-0.5142224741920242,-0.07140296648565105
-0.5302410139782391,0.28140465616694926,0.007473536811699357,0.3000319847459689,0.516372217550048,0.12924198188234046,0.03271835216040363,-0.21475522735833494,-0.3334435829497779,0.28691221032802944,-0.11441015824101748,0.3421189771568097,-0.2016724742535956,-0.5558973930464994,0.15659906400170823,0.023794881141503837,-0.08076196202043721,0.4040120003103789,0.49848804596307905,-0.15539725940875745,0.4984215249631205,-0.19780109257952325,-0.35215000840379607,-0.26456473579057277,0.11461850436821817,0.6808100871541616,-0.34130187619055197,0.2616607881660204,-0.4627080735484787,0.23385815244554448,0.31511983431824603,-0.1965953727083098,0.14943528000287606,0.8681551324816148,0.037797252470744044,-0.09449976673802236,0.43583945379402234,0.49260930330090447,0.29837512680030126,0.06945728436313761,0.33213642850458613,0.11006921165960833,-0.14857102853621706,-0.13523365227865367,-0.30076462059027287,-0.09027973735330161,-0.15054827639371254,-0.1546016561206742,-0.0025710131313877223
-0.27169888115699176,0.11315164314803558,0.041197458220916514,0.30581616764483077,0.110143187760765,0.1768687617950194,0.035897038077841364,-0.11267053644649941,0.07426880543159535,0.08425541546347859,4.080976072603889e-4,0.2029170310683665,-0.16656360964229056,-0.5378851467877391,-0.05911871219535433,-0.02810551674722921,-0.0881106824989066,0.17775465506846003,0.046981951061438515,0.042873174621587344,0.48441112554129223,-0.34791619029927556,-0.4459805676590189,-0.27677028876900883,0.24145734622132176,0.4478323075338919,-0.1014386877267217,0.3076796293039399,-0.3288567222969889,0.33347012164185025,0.14966687074576504,0.0011471068992689756,0.16260912967003988,0.6208914036939545,-0.05839274909827998,-0.029687157859405715,0.04579490074738014,0.29837512680030126,0.34107530259558333,-0.08991733759411116,0.14195070770790447,-0.030351130816251598,0.09057967282236418,0.02860497822073742,-0.18322798205869642,-0.28424404005125686,-0.17842999774715856,0.02108867457162521,0.060090176559810256
0.4355613897062669,-0.03652878956158318,-0.28591617710682943,0.42538484504220514,0.09926681051712041,0.41386602417284823,-0.5808065612918777,0.17721214818432884,0.1887270555272076,0.34816597657337156,0.30752029787986035,0.4597542178375378,-0.3852147780006101,-0.36762717470679807,-0.0514326190465044,0.5577493463271792,-0.7056711558250681,0.5054086594900788,0.7094148440669009,0.08167999573213185,0.0038967434474897647,0.6468885127838019,-0.3941695893724215,0.6802273790113397,0.28053487008494954,-0.06739331387453652,0.3724808909637917,0.7446366031035215,0.6819123069174481,0.343727678268202,0.12432812281215239,-0.7468353901365301,-0.986357308340082,0.4607216929403533,-0.6087675343726278,0.06272604865341234,0.26888428237152445,0.06945728436313761,-0.08991733759411116,0.7175349678288029,-0.2703017867261311,0.1034232685368898,1.1044940729322348,0.8191834057877637,-0.6189742542466802,-0.16386806205454882,-0.9368496883123071,0.6881721827884615,-0.6229365929364883
