V1,V2,V3,V4,V5,V6,V7,V8,V9,V10,V11,V12,V13,V14,V15,V16,V17,V18,V19,V20,V21,V22,V23,V24,V25,V26,V27,V28,V29,V30,V31,V32,V33,V34,V35,V36,V37,V38,V39,V40,V41,V42,V43,V44,V45,V46,V47,V48,V49
1.4957597919883834,-0.5536940251115071,-0.10660483484734336,0.31447313760672413,-1.0381283053492456,0.4714371246357312,-0.9034135228570183,0.7961310170391879,1.150233927939959,-0.09996024022742583,0.428232418812145,0.27067976588194115,-0.4832007056295157,0.053156391675891035,-0.48224605912336643,0.47192505861165485,-0.9454971597065223,0.012852263549028294,-0.09419532379086942,0.4998006653040433,-0.46917731634201165,0.7632805105432097,-0.475899479452947,1.2218397807745671,0.36134611579745246,-0.9012071092073101,1.0662540278423256,0.9836512729895696,1.6001208039992774,0.45695769355205357,-0.44864635366940653,-0.6434519711878017,-1.38340470666812,-0.45013871642028536,-0.7992616113317182,0.30373665242331066,-0.6710785316029042,-0.5038126144950309,-0.24256246376531881,0.506584077479616,-0.961557075060218,-0.13275082291739246,1.9446402200634354,1.512027190491311,-0.5387688635565354,-0.46563671482019225,-1.1634686201691726,1.3051127953233064,-0.6840138615703859
-0.5536940251115071,0.7566223927614524,-0.30868557077511066,-0.0679273390927842,1.3134097979518826,-0.0022996471092343045,0.25877132688558735,-0.49891843797246566,-0.8727371815559364,-0.011276347394505906,0.07178198497575419,0.0305504177725346,0.4950103493015647,0.13050804816346717,0.26560742762225814,0.07730021523854864,0.2011165742532076,0.2593695109699961,0.5815516987411771,-0.42456773102259177,0.18466621292780974,0.16593248675716593,0.16873030434910646,-0.6808735704055324,-0.046092447777412664,0.6393573354542668,-0.6288011443469343,-0.5740307023264565,-0.9196385966148345,0.12600535225212395,0.6685855707812964,0.16334143002854618,0.5081449386749982,0.4170705226966059,0.3591031015214319,-0.5832687689547694,0.557839964836297,0.24697826099714992,0.09833525776317152,-0.0880747840957347,0.7227607581326098,0.3627359417351452,-0.6098917378862859,-1.0262063758989417,0.08616739710769818,0.061457881048638155,0.3262557665344336,-0.8089880702653678,0.3678102185201809
-0.10660483484734336,-0.30868557077511066,0.4106995154470894,-0.13296053154899065,-0.6603843404054258,-0.21041869924145018,0.14932506400409107,0.1791449698498817,0.11564873995534612,2.4292872828893985e-4,-0.4136958977460256,-0.04627786241528817,-0.2476146141081583,-0.018099862919304745,0.046907224261058644,-0.38771567371078836,0.20468827185405405,-0.14061837873472954,-0.37404630305040243,0.06915117775049157,-0.011859757894472215,-0.43110914414941964,0.06934290355440788,0.057992339773455845,-0.25149822106783126,-0.07815478951479628,-0.035540127813713886,0.05210006892822566,0.07305040668645332,-0.2640297107289356,-0.37449035999157787,0.1550467735236903,0.2834197675439974,-0.15726477281581122,0.17727021060652529,0.33798364184398433,-0.15592044281946676,0.023341496920250556,0.04675598405458884,-0.2613958212311503,-0.15695760169049047,-0.13407626983453355,-0.3706098279826922,0.12541067805943337,0.13482061234171533,0.13004050617149993,0.3448229056797753,0.007308822624524644,0.040061054331442435
0.31447313760672413,-0.0679273390927842,-0.13296053154899065,0.7638949909327005,-0.15328072633525272,0.5487558071612747,-0.5297245377977987,0.20832425662198933,0.6347596303452242,0.30833880665980556,0.31849191563169393,0.6051224547026209,-0.5875131141155868,-0.9223213018557822,-0.26773651969629375,0.48429889493513606,-0.7627267920885696,0.42670127744408676,0.3879628489202516,0.2738128507384855,0.46870770594287087,0.09602234430950497,-0.9369570768447756,0.39708123999049144,0.6654927822009107,0.26306638192128334,0.45697732285630954,1.1912705308504143,0.4320049911576896,0.7567681334438097,0.16006547024704312,-0.5905683660537892,-0.6472855941796519,0.9671626064184791,-0.6957955137946372,0.09562234912501248,-0.026908761224774442,0.25854096559759077,0.29193202425743964,0.4314633880582333,-0.23529796065807138,-0.10012571193532196,1.2788293602410814,0.9506982866272089,-0.7908938951876309,-0.6391471774332323,-1.138305566046957,0.8164874580359555,-0.46390254814431353
-1.0381283053492456,1.3134097979518826,-0.6603843404054258,-0.15328072633525272,2.6063468456560854,-0.06282476992761267,0.3529285208867397,-0.9374974356867498,-1.599969299717838,0.040935665906556264,0.2574813875974085,-0.05264879790310747,0.9688907346376571,0.36696697816324886,0.48040656674862475,0.2339978705106136,0.38059799672927896,0.3239258660136794,1.1986791055279635,-0.8480168267605995,0.21865496461551792,0.46687298863111215,0.4073649761140528,-1.1498022166573938,-0.0524579555907654,1.0656884483350413,-1.1161200643381188,-1.159778860901883,-1.5256864021317917,0.04998687861533552,1.2160805552480525,0.08468474276420707,0.6093914989949748,0.5909185616876956,0.7277980493758477,-1.1462388745625227,0.9858733772114415,0.455626997772636,0.07492302603523757,0.007593700025746844,1.2717737872814898,0.598243337921964,-1.1420508242838834,-1.8212985604931287,0.08760287182475737,0.32531339722270364,0.37907300534554067,-1.4005205159780094,0.6198233960445658
0.4714371246357312,-0.0022996471092343045,-0.21041869924145018,0.5487558071612747,-0.06282476992761267,0.591380045061723,-0.4865082979443609,0.20870596623653206,0.44350729508432196,0.1541978542218497,0.3172209908743518,0.45753607132574275,-0.3951686818303669,-0.6038869824387504,-0.19279674032040556,0.38769132102592524,-0.72314123602773706,0.49486348696357374,0.37721127506984625,0.193468974769431,0.26874880294485004,0.3243514841799887,-0.6971788472332022,0.42854543984501975,0.44097491244621223,0.07847144930988846,0.39914573979982826,0.8255910771656287,0.5054516306637974,0.6446367859339663,0.04390834949861302,-0.5092741632455414,-0.8399978284826571,0.5602590574921542,-0.5717733738808716,0.06361112892552864,0.01100926573222249,0.10778887307940556,0.1893499599901951,0.4049518389166856,-0.2983518220461143,0.08726481058986268,1.2515122948686588,0.8165722399724716,-0.5485730335427638,-0.47967683048766935,-0.9475537039618724,0.761069210868892,-0.43436980727358104
-0.9034135228570183,0.25877132688558735,0.14932506400409107,-0.5297245377977987,0.3529285208867397,-0.4865082979443609,0.900559364851473,-0.5180869615970166,-0.7088620221877332,-0.20066247631859038,-0.35185464084135054,-0.5129275791212546,0.5815917479016787,0.3091711996789126,0.31273053449829413,-0.5130015652117106,0.9508602508347468,-0.27769286235482366,-0.4896584085315344,-0.24618430610381184,0.09489747244062058,-0.6527143663498302,0.6783418661297969,-0.9270467252204245,-0.43088906183408704,0.277046341081405,-0.6704805935061434,-1.083411938308922,-1.1384200856876305,-0.5178429402585919,0.06433258214756206,0.8920611973395385,1.2314230136738102,-0.2846289358983679,0.6477917646981154,-0.09598492358099701,0.24272004800971894,0.049662558151124414,0.04074169515963085,-0.628069730091596,0.5763839740932382,0.04849424357304999,-1.6256040232409448,-1.2579830661186715,0.8471583470298404,0.3783667427062823,1.3008439110013803,-1.029510027176393,0.6643982077044622
0.7961310170391879,-0.49891843797246566,0.1791449698498817,0.20832425662198933,-0.9374974356867498,0.20870596623653206,-0.5180869615970166,0.6536149424194517,0.7469660892306145,0.06791443285190744,-0.03097587713746252,0.26795177572622964,-0.5471365825480258,-0.10059915352004796,-0.19737358754462472,0.11919006456863317,-0.5348364193620802,0.028835473557759513,-0.0826178598546963,0.28562229943127454,-0.27682442997014634,0.26634652574550227,-0.2998064386860212,0.8882773357194332,0.11940470996222814,-0.5098354616272887,0.630316277425153,0.7819322029686512,1.0827313264485006,0.1358845577094972,-0.480105416714764,-0.45601799182531344,-0.7756717996194945,-0.21176649037243295,-0.3878750000707639,0.41446689832750144,-0.38447957672620187,-0.20013742835359508,-0.10198512126981266,0.24060751829412044,-0.6786722052984262,-0.13108729296891442,0.9851347914629646,1.0845784373803906,-0.399392095027389,-0.19507795317178941,-0.6784196842280682,0.9008961122391423,-0.4733676380163482
1.150233927939959,-0.8727371815559364,0.11564873995534612,0.6347596303452242,-1.599969299717838,0.44350729508432196,-0.7088620221877332,0.7469660892306145,1.812663914716692,-0.039074210610810435,0.4652695464688714,0.242885881429184,-0.7265684544336231,-0.6579236255914626,-0.7499322199984038,0.39953795190766284,-0.7849359144399094,-0.2993044423701368,-0.7251092784637375,0.8377418007911633,0.07018249928230773,-0.09111123021784569,-0.9385499435715037,0.9363422238435523,0.8119124323119957,-0.697084758092235,1.2630327768033678,1.4366333013627817,1.3404654630502044,0.6424190634850416,-0.554913210688108,-0.40234313335301813,-0.963013535671994,-0.004665261627245636,-0.9913019492846636,0.5470129251346537,-1.0462833440879913,-0.3109628152057687,0.09918269639046655,0.25778305614052244,-1.0069000396756276,-0.6090114533145085,1.8888615459148177,1.766301832127316,-0.5786068779850779,-0.8352589363018015,-1.2987095978607852,1.523108058922759,-0.5634591809599258
-0.09996024022742583,-0.011276347394505906,2.4292872828893985e-4,0.30833880665980556,0.040935665906556264,0.1541978542218497,-0.20066247631859038,0.06791443285190744,-0.039074210610810435,0.38608053737810943,-0.07285885661303027,0.40110970735319706,-0.39272172401333477,-0.4589585352824388,0.10981460783560841,0.21671151658594034,-0.2991342810587015,0.39973539723136325,0.504750514453834,-0.02773356910005497,0.170020969662364,0.110338391776303,-0.26219565013694546,0.3085575761458436,0.10842738457867677,0.22476491915149582,0.042200652300589156,0.5582473155150282,0.18095468683621316,0.12594808542292346,0.0903630551927375,-0.425098677927085,-0.2742382615065668,0.600801443019871,-0.26589357348419884,0.1494444610730492,0.363667069365106,0.2525269998374839,0.05159791458888727,0.35345314847466747,-0.023802310683536006,0.04432897421196498,0.28529781109657126,0.3996319063204087,-0.42625990499930577,-0.04512024071356062,-0.4159923720771985,0.2885805042260877,-0.3479276567039994
0.428232418812145,0.07178198497575419,-0.4136958977460256,0.31849191563169393,0.2574813875974085,0.3172209908743518,-0.35185464084135054,-0.03097587713746252,0.4652695464688714,-0.07285885661303027,0.6570360643571805,0.046747192471734776,0.12330735778364284,-0.14885193633744262,-0.3383465207634964,0.5287625169794683,-0.3968480080812793,-0.05722409886634894,0.07987720982154395,0.20966239663332772,0.08032893928982321,0.3539009245554826,-0.37619447175548415,0.09753790393804529,0.5552031309629397,-0.10809357453145158,0.40543784230816565,0.306196538360399,0.2245681640583123,0.4927266786497554,0.2822771174632044,-0.2177645169551952,-0.5078248420381865,0.14861382138033297,-0.468169504857013,-0.26326339908589985,-0.24547616421841797,-0.1228228890886911,0.00423735332894081,0.29882813487354465,-0.08698984838142601,-0.10875316312752856,0.9271394246196413,0.31788446330667974,-0.27890562345334285,-0.42256877404131216,-0.7276314815646722,0.37075162235684483,-0.12692174788932606
0.27067976588194115,0.0305504177725346,-0.04627786241528817,0.6051224547026209,-0.05264879790310747,0.45753607132574275,-0.5129275791212546,0.26795177572622964,0.242885881429184,0.40110970735319706,0.046747192471734776,0.7405787127198117,-0.6270745480773016,-0.727670215748598,-0.044170596499583666,0.411412476208605,-0.7348038337826485,0.6535557364303286,0.6720867382468542,0.1121624931672345,0.29940404786077834,0.2886332192022369,-0.7054837960621668,0.5417461227182319,0.35578438807857915,0.3037123418596658,0.26350558975752775,1.0930533147805297,0.4290451288934803,0.6057507697119556,0.17810839128125638,-0.6493761426696202,-0.5520627949178923,0.956751612550882,-0.5713176050421723,0.14710504255187132,0.3005924384098546,0.2918322019942115,0.1776829373179508,0.47559896671591867,-0.1475568561272885,0.0957241246017012,1.0424423140727799,0.8024373073639587,-0.7629672727489024,-0.4607375041933311,-0.8744114583388314,0.6172828904381057,-0.5319150695755539
-0.4832007056295157,0.4950103493015647,-0.2476146141081583,-0.5875131141155868,0.9688907346376571,-0.3951686818303669,0.5815917479016787,-0.5471365825480258,-0.7265684544336231,-0.39272172401333477,0.12330735778364284,-0.6270745480773016,0.9809375465397362,0.8060165900620182,0.16102254290865292,-0.1638171008523514,0.7556220204070125,-0.44445649696613027,-0.2244322798935512,-0.333492034854477,-0.2174022506884588,-0.012967759797364394,0.7752058098565136,-0.866060214046651,-0.26490864504182443,0.06957374269443069,-0.5500086247298993,-1.3425354976708757,-0.9619087282718635,-0.37586285175179585,0.3694240131454813,0.7086106383417097,0.8230960181071414,-0.6193008911967609,0.6341038141618919,-0.5554824289836806,0.09503531354545804,-0.1818679313238564,-0.15641519022679182,-0.4275379703803645,0.6230395888308503,0.13726695165364297,-1.1965068187809635,-1.4034467014855716,0.7520054411937582,0.3452799932803701,0.9451941063707998,-1.0759201902642725,0.6971475701052269
0.053156391675891035,0.13050804816346717,-0.018099862919304745,-0.9223213018557822,0.36696697816324886,-0.6038869824387504,0.3091711996789126,-0.10059915352004796,-0.6579236255914626,-0.4589585352824388,-0.14885193633744262,-0.727670215748598,0.8060165900620182,1.4569718416571211,0.21834913995728555,-0.3671866760229342,0.6724354208514822,-0.6354125464139261,-0.256480951045886,-0.3761801479298779,-0.8779573122892214,0.3608644765454384,1.1541947744685035,-0.2338986231561746,-0.7132199672319453,-0.5534191217674036,-0.3648388662213555,-1.416511791087479,-0.13954890914418785,-0.8518973907518262,-0.10649246264389566,0.45862369609017223,0.39108507146502647,-1.4301416666638216,0.8091137231396625,-0.3360614057611913,-0.1501401069614623,-0.5016139929814705,-0.5219894735522238,-0.34852311136907665,0.1738894181078122,0.1566726069858862,-1.1248711583939843,-1.0145459945888067,0.7477774563050927,0.7667226464029221,1.0047666070103805,-0.8475240275251978,0.47835684306703896
-0.48224605912336643,0.26560742762225814,0.046907224261058644,-0.26773651969629375,0.48040656674862475,-0.19279674032040556,0.31273053449829413,-0.19737358754462472,-0.7499322199984038,0.10981460783560841,-0.3383465207634964,-0.044170596499583666,0.16102254290865292,0.21834913995728555,0.4199567258895622,-0.21409054880409142,0.31033371585862357,0.2087180186112955,0.33923798874616556,-0.3669550956934274,-0.08872598606519162,0.02908170603233868,0.44331598287114077,-0.2113326686142144,-0.43025411523706125,0.2411685520931411,-0.4922331667599517,-0.5059624408836244,-0.3982780185242992,-0.378368092827248,0.06144500450592917,0.09646621615895218,0.29605779631790913,-0.028290584491924557,0.41323287300050887,-0.05091225532831303,0.5103347131998818,0.149114526550517,-0.07179067083412528,-0.07218707357262717,0.31261937814591884,0.2746795133579482,-0.8373631327703329,-0.5821434798560676,0.21619675596819896,0.4431143083215992,0.5264145656903533,-0.487479591827559,0.13812394925299332
0.47192505861165485,0.07730021523854864,-0.38771567371078836,0.48429889493513606,0.2339978705106136,0.38769132102592524,-0.5130015652117106,0.11919006456863317,0.39953795190766284,0.21671151658594034,0.5287625169794683,0.411412476208605,-0.1638171008523514,-0.3671866760229342,-0.21409054880409142,0.7503423374688492,-0.6264473414034831,0.2694228007672171,0.4915242237492334,0.18522065570589255,0.05290810324034261,0.5674145033681989,-0.4585025558945209,0.4671691674723738,0.5800402916059672,-0.016836623921618055,0.47559605742555006,0.7464703739015267,0.43051604049233216,0.5884108939143331,0.35924362331900944,-0.5102784021369128,-0.6220158196045628,0.53111120357687025,-0.7035002863309022,-0.11076570564789355,0.09695743485554814,-0.012617632239088666,-0.05565674714091693,0.56990459523074,-0.09873464044803652,-0.03084903398772341,1.1431177838298667,0.5882900512440694,-0.5801878346214242,-0.48694235835259103,-0.946349627872062,0.5516090940860007,-0.4181816549971844
-0.9454971597065223,0.2011165742532076,0.20468827185405405,-0.7627267920885696,0.38059799672927896,-0.72314123602773706,0.9508602508347468,-0.5348364193620802,-0.7849359144399094,-0.2991342810587015,-0.3968480080812793,-0.7348038337826485,0.7556220204070125,0.6724354208514822,0.31033371585862357,-0.6264473414034831,1.187256907917114,-0.5854811639829474,-0.6368587112830878,-0.3107532428306903,-0.11026237404060105,-0.6651636389058334,0.9471746985184722,-0.9936331223444528,-0.5678862579244626,0.12937953731609975,-0.7505375948822391,-1.413056316662672,-1.1666047218254592,-0.7868965065500891,0.027643560562783765,0.9887075156478816,1.3777948006889575,-0.6566071330374279,0.8855038935985413,-0.1722587093040352,0.10460298528150398,-0.05013177884046144,-0.08608285191329663,-0.7393922327689808,0.6115571178288098,-0.024898795402427558,-1.9754426931553541,-1.4865409558277531,1.004940260847255,0.592463293241183,1.5331199741720813,-1.250979740597774,0.8101576407990211
0.012852263549028294,0.2593695109699961,-0.14061837873472954,0.42670127744408676,0.3239258660136794,0.49486348696357374,-0.27769286235482366,0.028835473557759513,-0.2993044423701368,0.39973539723136325,-0.05722409886634894,0.6535557364303286,-0.44445649696613027,-0.6354125464139261,0.2087180186112955,0.2694228007672171,-0.5854811639829474,0.9649004953892338,0.8687143112934357,-0.08858030999975672,0.33246870279844315,0.3703023978500741,-0.4564605194864431,0.3407495287049714,0.05038074601375812,0.4359975445947001,-0.06522065110133839,0.6487087109677964,0.13747016971284978,0.45283421558007286,0.20106843431828636,-0.5297376321017994,-0.5570044326347512,0.9044584677719283,-0.3957721261791037,0.10532358258659683,0.6920765669084556,0.3565297944940603,0.16644971736142303,0.47487542077546524,0.014409798793543966,0.3869848632099969,0.6911749927567493,0.4375024911322781,-0.48911861734492296,-0.20031282232402328,-0.5052758315068704,0.35313475386686294,-0.47705627877662204
-0.09419532379086942,0.5815516987411771,-0.37404630305040243,0.3879628489202516,1.1986791055279635,0.37721127506984625,-0.4896584085315344,-0.0826178598546963,-0.7251092784637375,0.504750514453834,0.07987720982154395,0.6720867382468542,-0.2244322798935512,-0.256480951045886,0.33923798874616556,0.4915242237492334,-0.6368587112830878,0.8687143112934357,1.5394964855077378,-0.45519709823953847,0.08035081286692207,0.8480718064695538,-0.25941193331511037,0.29977485632043605,0.056392102112631806,0.5836291940710984,-0.2803645062395964,0.41102620159402553,0.0915140094016336,0.3047139448107507,0.5874261883892414,-0.8946079813901293,-0.6855860366205888,0.9138039772648191,-0.1137942864776757,-0.35640025002323494,0.8795564100675736,0.42911206051662726,3.0849224915572876e-4,0.6949441102149855,0.29511778108684944,0.49901516290433245,0.46591381803758536,0.08661665948885132,-0.7840834589786312,0.09358655028209008,-0.7605378291038836,0.05965519414240789,-0.4250310858731459
0.4998006653040433,-0.42456773102259177,0.06915117775049157,0.2738128507384855,-0.8480168267605995,0.193468974769431,-0.24618430610381184,0.28562229943127454,0.8377418007911633,-0.02773356910005497,0.20966239663332772,0.1121624931672345,-0.333492034854477,-0.3761801479298779,-0.3669550956934274,0.18522065570589255,-0.3107532428306903,-0.08858030999975672,-0.45519709823953847,0.48506899897553607,0.11571149083291597,-0.1297706746255256,-0.43936959447634205,0.38850778006986303,0.35826035277000423,-0.3171888022283924,0.5804903881356162,0.66894117443647,0.5114377738824033,0.3458902616338593,-0.23874607271606615,-0.06622772921339053,-0.3061731306210054,0.06446923142615157,-0.5731457734956502,0.3220517597516734,-0.42954879185880396,-0.14638803938124353,0.05527106077549622,0.10391551588180895,-0.4373278165215601,-0.30225221669407837,0.877073903767195,0.7921958826929458,-0.15723822777278434,-0.4668097742000054,-0.4373968068588553,0.6455820708347431,-0.2632797684025211
-0.46917731634201165,0.18466621292780974,-0.011859757894472215,0.46870770594287087,0.21865496461551792,0.26874880294485004,0.09489747244062058,-0.27682442997014634,0.07018249928230773,0.170020969662364,0.08032893928982321,0.29940404786077834,-0.2174022506884588,-0.8779573122892214,-0.08872598606519162,0.05290810324034261,-0.11026237404060105,0.33246870279844315,0.08035081286692207,0.11571149083291597,0.7960056529124196,-0.5102508355270021,-0.6581943909227503,-0.4367444298733234,0.38991977056458443,0.6882083232862165,-0.15319618070999544,0.456110396386215,-0.5751134193921614,0.5265587139176362,0.3088492742478623,0.02785743559247059,0.2585979340833386,1.0281553348304546,-0.22197638039840645,-0.03216212577857867,0.17863485943821103,0.45938999895406724,0.48011085398847464,-0.0441634922855451,0.2640656704516536,-0.05246814185731503,0.16844813264276712,0.021371087009495512,-0.22742673552413747,-0.45077567731832985,-0.2193244149106856,-0.0023083624795655774,0.04418132844510583
0.7632805105432097,0.16593248675716593,-0.43110914414941964,0.09602234430950497,0.46687298863111215,0.3243514841799887,-0.6527143663498302,0.26634652574550227,-0.09111123021784569,0.110338391776303,0.3539009245554826,0.2886332192022369,-0.012967759797364394,0.3608644765454384,0.02908170603233868,0.5674145033681989,-0.6651636389058334,0.3703023978500741,0.8480718064695538,-0.1297706746255256,-0.5102508355270021,1.1783154317924787,0.03144401420582382,0.7623407699622089,0.052853268520179394,-0.33857117200781095,0.30598599275806265,0.23625343469761928,0.82021424476785,0.1836631006487009,0.16591283054505937,-0.7201446030147761,-1.0965757105874046,-0.16809649465021573,-0.31904816291345056,-0.2115381985533873,0.22632719718052785,-0.2100997277658417,-0.35809667795508326,0.6690485015710673,-0.2316987865457506,0.3248157274039628,1.0051621165149065,0.4593236017267569,-0.46147603281857935,0.03884898967478991,-0.7727163735505156,0.4494241133409354,-0.4843065266839067
-0.475899479452947,0.16873030434910646,0.06934290355440788,-0.9369570768447756,0.4073649761140528,-0.6971788472332022,0.6783418661297969,-0.2998064386860212,-0.9385499435715037,-0.26219565013694546,-0.37619447175548415,-0.7054837960621668,0.7752058098565136,1.1541947744685035,0.44331598287114077,-0.4585025558945209,0.9471746985184722,-0.4564605194864431,-0.25941193331511037,-0.43936959447634205,-0.6581943909227503,0.03144401420582382,1.2912152370022478,-0.43499001206136523,-0.818406015891952,-0.3036735021212437,-0.5889916875404178,-1.4948813641287975,-0.5547465856098015,-1.0099942914307598,-0.09826632731395121,0.6583115567586147,0.7901624524269775,-1.135698006731749,0.835247495446793,-0.14858096973070303,0.2423205887641937,-0.3106646411990269,-0.44706515810655706,-0.40028586665759036,0.3765251035181304,0.17790009397901002,-1.6925594060002054,-1.254184216787795,0.9321358389073197,0.8816692310325215,1.366541900372067,-1.0399297942734895,0.5125969900917784
1.2218397807745671,-0.6808735704055324,0.057992339773455845,0.39708123999049144,-1.1498022166573938,0.42854543984501975,-0.9270467252204245,0.8882773357194332,0.9363422238435523,0.3085575761458436,0.09753790393804529,0.5417461227182319,-0.866060214046651,-0.2338986231561746,-0.2113326686142144,0.4671691674723738,-0.9936331223444528,0.3407495287049714,0.29977485632043605,0.38850778006986303,-0.4367444298733234,0.7623407699622089,-0.43499001206136523,1.566018600242019,0.19115373890243023,-0.7684351829026594,0.9796685239495836,1.2859228410621522,1.7700407346111944,0.23202983596455143,-0.5701289074846942,-0.9695480529480107,-1.5401310099869823,-0.1244682263975673,-0.8424381597034788,0.617110748129377,-0.22899457676788798,-0.25987120168513805,-0.28106767840927227,0.760040861226908,-1.010608227581579,-0.07628844252010518,1.753047906337575,1.7876283580843875,-0.7482213844439288,-0.21401047541230075,-1.2356550859709965,1.4735515641928825,-0.9919834827936644
0.36134611579745246,-0.046092447777412664,-0.25149822106783126,0.6654927822009107,-0.0524579555907654,0.44097491244621223,-0.43088906183408704,0.11940470996222814,0.8119124323119957,0.10842738457867677,0.5552031309629397,0.35578438807857915,-0.26490864504182443,-0.7132199672319453,-0.43025411523706125,0.5800402916059672,-0.5678862579244626,0.05038074601375812,0.056392102112631806,0.35826035277000423,0.38991977056458443,0.052853268520179394,-0.818406015891952,0.19115373890243023,0.8480081462992647,0.12762190577689694,0.5472241121994295,0.934938224310636,0.26633998830462363,0.7804350569288545,0.2682439185488228,-0.3295730808911772,-0.4129490215921364,0.7009433507737501,-0.6758143366758714,-0.07597635316974896,-0.28716323492702295,0.08499291726186181,0.23116030737050267,0.2873492559826435,-0.14882898018570992,-0.24884466436117486,1.1820635467479885,0.6837362008253969,-0.5935199016078456,-0.7507744529304723,-1.0418338489601997,0.6582877421842571,-0.23701250557387107
-0.9012071092073101,0.6393573354542668,-0.07815478951479628,0.26306638192128334,1.0656884483350413,0.07847144930988846,0.277046341081405,-0.5098354616272887,-0.697084758092235,0.22476491915149582,-0.10809357453145158,0.3037123418596658,0.06957374269443069,-0.5534191217674036,0.2411685520931411,-0.016836623921618055,0.12937953731609975,0.4359975445947001,0.5836291940710984,-0.3171888022283924,0.6882083232862165,-0.33857117200781095,-0.3036735021212437,-0.7684351829026594,0.12762190577689694,1.0568896797450964,-0.6779095193672063,-0.04426890723856349,-1.086128608307957,0.3210020304687453,0.6473962534282252,0.061054202671398904,0.6544256588860836,1.115173249733789,0.24665469394900535,-0.3687539398644027,0.6217085839482674,0.6213108947400057,0.4208956450371237,-0.12560821132006758,0.7442108288162426,0.2176705169371276,-0.5826570877173298,-0.7413198342808307,-0.1745752086336243,-0.13788021759692917,0.14807306295787298,-0.6480878817051237,0.292396389166245
1.0662540278423256,-0.6288011443469343,-0.035540127813713886,0.45697732285630954,-1.1161200643381188,0.39914573979982826,-0.6704805935061434,0.630316277425153,1.2630327768033678,0.042200652300589156,0.40543784230816565,0.26350558975752775,-0.5500086247298993,-0.3648388662213555,-0.4922331667599517,0.47559605742555006,-0.7505375948822391,-0.06522065110133839,-0.2803645062395964,0.5804903881356162,-0.15319618070999544,0.30598599275806265,-0.5889916875404178,0.9796685239495836,0.5472241121994295,-0.6779095193672063,1.0409744759269532,1.1175046180401191,1.2618563162827106,0.4563957081555996,-0.4007790690610885,-0.4854337935323273,-1.0190502639866474,-0.09313558442779957,-0.8757015516932659,0.41827995572099286,-0.6186565682528076,-0.3270033445398469,-0.08976093393353539,0.4308783066214481,-0.8309844989528219,-0.33978630396284537,1.6408520492244503,1.4555491334164485,-0.5092989871442567,-0.5511054680633312,-1.1049344757333095,1.2676282082404073,-0.6166865605554067
0.9836512729895696,-0.5740307023264565,0.05210006892822566,1.1912705308504143,-1.159778860901883,0.8255910771656287,-1.083411938308922,0.7819322029686512,1.4366333013627817,0.5582473155150282,0.306196538360399,1.0930533147805297,-1.3425354976708757,-1.416511791087479,-0.5059624408836244,0.7464703739015267,-1.413056316662672,0.6487087109677964,0.41102620159402553,0.66894117443647,0.456110396386215,0.23625343469761928,-1.4948813641287975,1.2859228410621522,0.934938224310636,-0.04426890723856349,1.1175046180401191,2.3575742406005,1.4084575175198297,1.0930858151035696,-0.15688384551713738,-1.1176029386089148,-1.3044391320177349,1.273411986080107,-1.3694818847337071,0.5892694229457793,-0.24796948230263116,0.21063480155512165,0.2825592304474379,0.8086637623500812,-0.8393691394404404,-0.2977426958408074,2.4558849720975124,2.1989321774094854,-1.374790817588641,-1.033090067124875,-1.9205864272298314,1.769395080854195,-1.0802728460068811
1.6001208039992774,-0.9196385966148345,0.07305040668645332,0.4320049911576896,-1.5256864021317917,0.5054516306637974,-1.1384200856876305,1.0827313264485006,1.3404654630502044,0.18095468683621316,0.2245681640583123,0.4290451288934803,-0.9619087282718635,-0.13954890914418785,-0.3982780185242992,0.43051604049233216,-1.1666047218254592,0.13747016971284978,0.0915140094016336,0.5114377738824033,-0.5751134193921614,0.82021424476785,-0.5547465856098015,1.7700407346111944,0.26633998830462363,-1.086128608307957,1.2618563162827106,1.4084575175198297,2.2344217404593785,0.222620284806381,-0.8282088107984402,-1.0957875389289156,-1.957233862474741,-0.4614381781274988,-0.8930521759415507,0.6654506274817399,-0.650967190737948,-0.433737012157589,-0.31206091422355864,0.7799810392185631,-1.351910274217995,-0.1897899902294811,2.1622805743648246,2.1924592155334013,-0.8356394379009867,-0.21923546430310767,-1.5440625208416758,1.8438731727278272,-1.073786598240748
0.45695769355205357,0.12600535225212395,-0.2640297107289356,0.7567681334438097,0.04998687861533552,0.6446367859339663,-0.5178429402585919,0.1358845577094972,0.6424190634850416,0.12594808542292346,0.4927266786497554,0.6057507697119556,-0.37586285175179585,-0.8518973907518262,-0.378368092827248,0.5884108939143331,-0.7868965065500891,0.45283421558007286,0.3047139448107507,0.3458902616338593,0.5265587139176362,0.1836631006487009,-1.0099942914307598,0.23202983596455143,0.7804350569288545,0.3210020304687453,0.4563957081555996,1.0930858151035696,0.222620284806381,1.0555029604900694,0.3632883258542666,-0.4060215559069806,-0.49538587932952977,1.0003443833758603,-0.7795861385717698,-0.08045000767353626,-0.06453438109389958,0.18986076880273003,0.33430283075371187,0.33556884028791334,-0.10396190110631758,-0.034465831515128616,1.4802300315647212,0.7344261019166052,-0.68351276425132,-0.9190289872269928,-1.057517440129806,0.6585602337750109,-0.3291280293382521
-0.44864635366940653,0.6685855707812964,-0.37449035999157787,0.16006547024704312,1.2160805552480525,0.04390834949861302,0.06433258214756206,-0.480105416714764,-0.554913210688108,0.0903630551927375,0.2822771174632044,0.17810839128125638,0.3694240131454813,-0.10649246264389566,0.06144500450592917,0.35924362331900944,0.027643560562783765,0.20106843431828636,0.5874261883892414,-0.23874607271606615,0.3088492742478623,0.16591283054505937,-0.09826632731395121,-0.5701289074846942,0.2682439185488228,0.6473962534282252,-0.4007790690610885,-0.15688384551713738,-0.8282088107984402,0.3632883258542666,0.8561692737987561,0.03043887950535758,0.498230629041795,0.7382800640127867,0.01760948367916525,-0.5929483705148717,0.467528861249318,0.2628306227145497,0.11229501668213626,0.08818438219819018,0.7059136141089294,0.16729655622451378,-0.20138035587583517,-0.7552263859517938,-0.16289155653516726,-0.21549091956390296,0.0013648036883340089,-0.6461135917149566,0.2239204513280116
-0.6434519711878017,0.16334143002854618,0.1550467735236903,-0.5905683660537892,0.08468474276420707,-0.5092741632455414,0.8920611973395385,-0.45601799182531344,-0.40234313335301813,-0.425098677927085,-0.2177645169551952,-0.6493761426696202,0.7086106383417097,0.45862369609017223,0.09646621615895218,-0.5102784021369128,0.9887075156478816,-0.5297376321017994,-0.8946079813901293,-0.06622772921339053,0.02785743559247059,-0.7201446030147761,0.6583115567586147,-0.9695480529480107,-0.3295730808911772,0.061054202671398904,-0.4854337935323273,-1.1176029386089148,-1.0957875389289156,-0.4060215559069806,0.03043887950535758,1.1239449064202465,1.3699384691162584,-0.535167360101585,0.5618039820933786,-0.11654830821407809,-0.09719337367509588,-0.16268620322750468,0.022465130589576977,-0.782523546646249,0.4912839773331144,-0.07894406626851547,-1.4363344787060848,-1.247189756663313,0.9913233313835751,0.17135250526434428,1.3780882694021288,-1.0224362994362932,0.7680024880456494
-1.38340470666812,0.5081449386749982,0.2834197675439974,-0.6472855941796519,0.6093914989949748,-0.8399978284826571,1.2314230136738102,-0.7756717996194945,-0.963013535671994,-0.2742382615065668,-0.5078248420381865,-0.5520627949178923,0.8230960181071414,0.39108507146502647,0.29605779631790913,-0.6220158196045628,1.3777948006889575,-0.5570044326347512,-0.6855860366205888,-0.3061731306210054,0.2585979340833386,-1.0965757105874046,0.7901624524269775,-1.5401310099869823,-0.4129490215921364,0.6544256588860836,-1.0190502639866474,-1.3044391320177349,-1.957233862474741,-0.49538587932952977,0.498230629041795,1.3699384691162584,2.434676974714692,0.025369439774529906,0.8810768766659712,-0.3390656014043803,0.2892328323620413,0.14518106656048188,0.13647301330221404,-1.0217074839812519,1.1234924765769698,-0.09125270222490019,-2.389114133998838,-2.028729593572708,1.0117300984331525,0.22337650820754062,1.9250336990405044,-1.8243653299196012,1.0873470573433792
-0.45013871642028536,0.4170705226966059,-0.15726477281581122,0.9671626064184791,0.5909185616876956,0.5602590574921542,-0.2846289358983679,-0.21176649037243295,-0.004665261627245636,0.600801443019871,0.14861382138033297,0.956751612550882,-0.6193008911967609,-1.4301416666638216,-0.028290584491924557,0.53111120357687025,-0.6566071330374279,0.9044584677719283,0.9138039772648191,0.06446923142615157,1.0281553348304546,-0.16809649465021573,-1.135698006731749,-0.1244682263975673,0.7009433507737501,1.115173249733789,-0.09313558442779957,1.273411986080107,-0.4614381781274988,1.0003443833758603,0.7382800640127867,-0.535167360101585,0.025369439774529906,2.017299650036702,-0.6493044177940527,-0.09050586743458447,0.6605543415323821,0.7682594644588806,0.568440950761108,0.4250071978972693,0.4016010496751317,0.07429018612941214,0.7947510649062,0.3906766063269248,-0.9294521780540208,-0.7705985371899772,-0.8852251094465197,0.2407383610959702,-0.3448804071079086
-0.7992616113317182,0.3591031015214319,0.17727021060652529,-0.6957955137946372,0.7277980493758477,-0.5717733738808716,0.6477917646981154,-0.3878750000707639,-0.9913019492846636,-0.26589357348419884,-0.468169504857013,-0.5713176050421723,0.6341038141618919,0.8091137231396625,0.41323287300050887,-0.7035002863309022,0.8855038935985413,-0.3957721261791037,-0.1137942864776757,-0.5731457734956502,-0.22197638039840645,-0.31904816291345056,0.835247495446793,-0.8424381597034788,-0.6758143366758714,0.24665469394900535,-0.8757015516932659,-1.3694818847337071,-0.8930521759415507,-0.7795861385717698,0.01760948367916525,0.5618039820933786,0.8810768766659712,-0.6493044177940527,1.1567908988923172,-0.35817727619577616,0.1384974450871697,0.0633163691708817,-0.047422898796258724,-0.6332887765228519,0.5456397510147545,0.20922261056325675,-1.7849874170678353,-1.3705840875904078,0.6712811149145043,0.7689133379195899,1.1537401765150208,-1.1406266571167225,0.7326169521097906
0.30373665242331066,-0.5832687689547694,0.33798364184398433,0.09562234912501248,-1.1462388745625227,0.06361112892552864,-0.09598492358099701,0.41446689832750144,0.5470129251346537,0.1494444610730492,-0.26326339908589985,0.14710504255187132,-0.5554824289836806,-0.3360614057611913,-0.05091225532831303,-0.11076570564789355,-0.1722587093040352,0.10532358258659683,-0.35640025002323494,0.3220517597516734,-0.03216212577857867,-0.2115381985533873,-0.14858096973070303,0.617110748129377,-0.07597635316974896,-0.3687539398644027,0.41827995572099286,0.5892694229457793,0.6654506274817399,-0.08045000767353626,-0.5929483705148717,-0.11654830821407809,-0.3390656014043803,-0.09050586743458447,-0.35817727619577616,0.6698006920404396,-0.15016731847193443,-0.07755965510809619,-0.021037220356156322,0.09374118765796285,-0.555583275830678,-0.17405819110840956,0.4078551158705396,0.868371058824313,-0.04911848231190813,-0.05661197107243759,-0.13337980294792104,0.6779483830129728,-0.39698927273256285
-0.6710785316029042,0.557839964836297,-0.15592044281946676,-0.026908761224774442,0.9858733772114415,0.01100926573222249,0.24272004800971894,-0.38447957672620187,-1.0462833440879913,0.363667069365106,-0.24547616421841797,0.3005924384098546,0.09503531354545804,-0.1501401069614623,0.5103347131998818,0.09695743485554814,0.10460298528150398,0.6920765669084556,0.8795564100675736,-0.42954879185880396,0.17863485943821103,0.22632719718052785,0.2423205887641937,-0.22899457676788798,-0.28716323492702295,0.6217085839482674,-0.6186565682528076,-0.24796948230263116,-0.650967190737948,-0.06453438109389958,0.467528861249318,-0.09719337367509588,0.2892328323620413,0.6605543415323821,0.1384974450871697,-0.15016731847193443,1.0386290727642689,0.3863276857844148,0.007401782332678526,0.22191767953446406,0.5742695733213814,0.44662532432828206,-0.6200063068546561,-0.6295920290345967,-0.00921208102883776,0.260738548779156,0.35179459945091546,-0.5592783012631811,-0.04191120821304749
-0.5038126144950309,0.24697826099714992,0.023341496920250556,0.25854096559759077,0.455626997772636,0.10778887307940556,0.049662558151124414,-0.20013742835359508,-0.3109628152057687,0.2525269998374839,-0.1228228890886911,0.2918322019942115,-0.1818679313238564,-0.5016139929814705,0.149114526550517,-0.012617632239088666,-0.05013177884046144,0.3565297944940603,0.42911206051662726,-0.14638803938124353,0.45938999895406724,-0.2100997277658417,-0.3106646411990269,-0.25987120168513805,0.08499291726186181,0.6213108947400057,-0.3270033445398469,0.21063480155512165,-0.433737012157589,0.18986076880273003,0.2628306227145497,-0.16268620322750468,0.14518106656048188,0.7682594644588806,0.0633163691708817,-0.07755965510809619,0.3863276857844148,0.4536552690431802,0.28005133412647537,0.03997475165021017,0.2987336750553551,0.09872931436300414,-0.17545755945508365,-0.13585077745885218,-0.25150933891517463,-0.06127061297774817,-0.1093673862777916,-0.15013349405219523,0.013538659794761095
-0.24256246376531881,0.09833525776317152,0.04675598405458884,0.29193202425743964,0.07492302603523757,0.1893499599901951,0.04074169515963085,-0.10198512126981266,0.09918269639046655,0.05159791458888727,0.00423735332894081,0.1776829373179508,-0.15641519022679182,-0.5219894735522238,-0.07179067083412528,-0.05565674714091693,-0.08608285191329663,0.16644971736142303,3.0849224915572876e-4,0.05527106077549622,0.48011085398847464,-0.35809667795508326,-0.44706515810655706,-0.28106767840927227,0.23116030737050267,0.4208956450371237,-0.08976093393353539,0.2825592304474379,-0.31206091422355864,0.33430283075371187,0.11229501668213626,0.022465130589576977,0.13647301330221404,0.568440950761108,-0.047422898796258724,-0.021037220356156322,0.007401782332678526,0.28005133412647537,0.34888112808474353,-0.11400525313096642,0.11331729319001221,-0.02873193033914479,0.10903222872494817,0.03997352014817698,-0.15239710858066915,-0.28684879138402597,-0.16958952038364605,0.040037619807782816,0.07190802977534652
0.506584077479616,-0.0880747840957347,-0.2613958212311503,0.4314633880582333,0.007593700025746844,0.4049518389166856,-0.628069730091596,0.24060751829412044,0.25778305614052244,0.35345314847466747,0.29882813487354465,0.47559896671591867,-0.4275379703803645,-0.34852311136907665,-0.07218707357262717,0.56990459523074,-0.7393922327689808,0.47487542077546524,0.6949441102149855,0.10391551588180895,-0.0441634922855451,0.6690485015710673,-0.40028586665759036,0.760040861226908,0.2873492559826435,-0.12560821132006758,0.4308783066214481,0.8086637623500812,0.7799810392185631,0.33556884028791334,0.08818438219819018,-0.782523546646249,-1.0217074839812519,0.4250071978972693,-0.6332887765228519,0.09374118765796285,0.22191767953446406,0.03997475165021017,-0.11400525313096642,0.7336880959896982,-0.3240656261613392,0.07572581878709535,1.163918484169881,0.9020608275459532,-0.6566312614224191,-0.171258304197797,-0.9838711863975528,0.7482538747977119,-0.6577736011721623
-0.961557075060218,0.7227607581326098,-0.15695760169049047,-0.23529796065807138,1.2717737872814898,-0.2983518220461143,0.5763839740932382,-0.6786722052984262,-1.0069000396756276,-0.023802310683536006,-0.08698984838142601,-0.1475568561272885,0.6230395888308503,0.1738894181078122,0.31261937814591884,-0.09873464044803652,0.6115571178288098,0.014409798793543966,0.29511778108684944,-0.4373278165215601,0.2640656704516536,-0.2316987865457506,0.3765251035181304,-1.010608227581579,-0.14882898018570992,0.7442108288162426,-0.8309844989528219,-0.8393691394404404,-1.351910274217995,-0.10396190110631758,0.7059136141089294,0.4912839773331144,1.1234924765769698,0.4016010496751317,0.5456397510147545,-0.555583275830678,0.5742695733213814,0.2987336750553551,0.11331729319001221,-0.3240656261613392,0.9431882606893041,0.2141699597642731,-1.2751883789433112,-1.4198882722703925,0.34505406286621754,0.17079743521341115,0.8158347344684023,-1.2049933297347752,0.5993318525616416
