V1,V2,V3,V4,V5,V6,V7,V8,V9,V10,V11,V12,V13,V14,V15,V16,V17,V18,V19,V20,V21,V22,V23,V24,V25,V26,V27,V28,V29,V30,V31,V32,V33,V34,V35,V36,V37,V38,V39,V40,V41,V42,V43,V44,V45,V46,V47,V48,V49
1.3771394116881133,-0.5225154236848781,-0.03667285677755586,-0.3027554446695505,-0.9266649601845262,0.003222873017808174,-0.5381443783504566,0.6763738385036558,0.8070644794693065,-0.4452075429744666,0.2880289327246301,-0.29924773906574603,0.07102015576429742,0.9180388431203486,-0.37345115731718925,0.12788853909980896,-0.34037050452547585,-0.5399912733511291,-0.5171602051584518,0.3099598134781088,-0.9383509228683757,0.7196976503427281,0.27128171942820023,0.8891624458011738,-0.06661291859104565,-1.2184070035157784,0.8035892165111732,0.0066586400275976294,1.3276191199180365,-0.1281315664226504,-0.5660608698798462,-0.14976907700784856,-0.8683241793901034,-1.3813182230492147,-0.21773519912242967,0.13070859115698033,-0.8688901525918685,-0.8121435819151716,-0.5079475597927189,0.11012265115362134,-0.8072847922577547,-0.1360433203884587,0.9955278817646349,0.7468262913207804,0.07040452978441558,-0.005432884276354514,-0.3512155338368497,0.6764407653372683,-0.23985856102943065
-0.5225154236848781,0.9198094610768386,-0.4689992338074041,0.3912247442269117,1.6618032044073099,0.3202779599436497,-0.11157817024376188,-0.46061860665548565,-0.8631490767670409,0.31769417107789993,0.21341220209781145,0.5213551876831293,0.1591884120633665,-0.37383870691312376,0.27216443886791547,0.4434834460057515,-0.30401809905424937,0.7159240550287858,1.2665101992760077,-0.4658351537107169,0.4399346936317903,0.4400518079897659,-0.3159130802011677,-0.44283241467896184,0.2578776234606517,0.9888296376530926,-0.55599792427740935,0.08111833402258233,-0.7600924545952193,0.5302806359491486,0.9622892185988161,-0.3814833694924742,0.07855306541978987,1.1912310588221333,0.036100892182958255,-0.6604133377548089,0.8622983280212064,0.5334377103984984,0.2311763731041073,0.32192461911757636,0.7595652210103134,0.4580897727604996,0.017815525703666724,-0.6226879609530853,-0.522314265228747,-0.17134700028309038,-0.3872636940324638,-0.4867068283969936,0.03841634502269714
-0.03667285677755586,-0.4689992338074041,0.5744208709155372,-0.23004867265790468,-1.0244189943281194,-0.32884154886877087,0.22252158237555003,0.2855591763885225,0.31124556216698446,-0.1212562844165297,-0.5138795140490034,-0.1602500830628104,-0.25916057507198503,0.08124100339016517,-0.03070323637211218,-0.5507959249495616,0.33109951781299035,-0.37119333269725585,-0.7281998599347302,0.16432302227039441,-0.07815726922481721,-0.6371203741519718,0.11608427233612786,0.04030112592806159,-0.2951391152759665,-0.2190213698973547,0.032523509859772474,0.015680560865835764,0.11580203423089537,-0.3443199404202783,-0.5484638581601401,0.3333424522316757,0.4822504341715166,-0.38566357968860876,0.25603690813369007,0.4384041683276346,-0.40959036570808904,-0.07615383446470332,0.04800749148282117,-0.46682682570251083,-0.25132555861249756,-0.2582666245847097,-0.4892162897755964,0.14008190585362004,0.2634166789750081,0.10465735642845517,0.5190086741519336,-0.002560810810034648,0.14397434859433075
-0.3027554446695505,0.3912247442269117,-0.23004867265790468,0.8196770392461278,0.6681940915900464,0.5387782869937453,-0.32530961523242274,-0.15726296990954644,-0.039864251256106834,0.5007107513097155,0.2034672140273715,0.7723658522774829,-0.47276914293823924,-1.1134727098659043,0.004716492432359443,0.48892585882491074,-0.6326403844919392,0.7684091496561899,0.9197403994890571,-0.03533174464613588,0.7677751892775952,0.0422480884082288,-0.9203452818970755,-0.03866938836075373,0.5959787349476284,0.88146621101148,-0.05642040625312477,1.0013474896539487,-0.2510769698245156,0.8000400862356006,0.5960416516683749,-0.5868087299752147,-0.2578487736664021,1.5706622645546378,-0.4838499392436595,-0.15661588931669992,0.5465382642373698,0.6210397313567475,0.44128357038071936,0.44112142740694343,0.2830981046403315,0.12866081573665983,0.7481148027160008,0.36751473099622695,-0.8440801582302481,-0.5437668781499377,-0.9279693450114045,0.3029423243760258,-0.32252346541780463
-0.9266649601845262,1.6618032044073099,-1.0244189943281194,0.6681940915900464,3.2979715340324818,0.5878313743251962,-0.30220411955899223,-0.9034906739997869,-1.616296785486253,0.6022234344712236,0.574237316826222,0.835118370176212,0.42405465905179374,-0.545141424613398,0.49007796559018374,0.9475997458275568,-0.5522385068151751,1.2346446939625744,2.437436507455671,-0.8958074650543926,0.6953601303159349,1.043011599565431,-0.46370636792797554,-0.7151937091928854,0.5078260501646196,1.682584882277736,-0.9772804900591958,-0.021010637724723138,-1.2622710044975507,0.8594853141985066,1.7787786368366112,-0.8600805352289251,-0.22484038669189424,1.9814427721417749,0.07110426681589636,-1.2962289341336803,1.5943885171303323,0.9453798694721772,0.30549292829198793,0.7778825966255709,1.3473937646551901,0.8401402647822535,0.09734799974099476,-1.1189305062891046,-0.9461817326436189,-0.15059616447427404,-0.8812465931666836,-0.8147142292471485,0.011632567938744088
0.003222873017808174,0.3202779599436497,-0.32884154886877087,0.5387782869937453,0.5878313743251962,0.5036230517149644,-0.31824424111067035,-0.0975651204444626,-0.05167688147236186,0.29488564485867835,0.2934506642854837,0.49895025457911474,-0.2220260329893402,-0.6441645229065819,-0.005166831149069172,0.45508650691135183,-0.5527485302108485,0.6236187360370461,0.7358240847844644,-0.03883869707487429,0.4057920119006079,0.3243531101400329,-0.5745036349282425,0.10484552516557669,0.41242824388088134,0.4543323478884019,0.04564576480263631,0.6017308066687063,-0.0018009620472941258,0.593139372433314,0.4063420866837748,-0.4801248860916106,-0.5081794874581662,0.9037230524591231,-0.41877423692094345,-0.16071157631210728,0.41234184048467065,0.31249039436193027,0.2161317015383697,0.44114532381078747,0.11151569233167095,0.20661697440487015,0.7759057650322982,0.31836411479148313,-0.5515605952594501,-0.3531103327116796,-0.762428905773315,0.3304869047299908,-0.3114075128212461
-0.5381443783504566,-0.11157817024376188,0.22252158237555003,-0.32530961523242274,-0.30220411955899223,-0.31824424111067035,0.679176009976314,-0.24127517410452756,-0.13907527057434538,-0.13745529079983157,-0.2719244582659082,-0.41211887905603956,0.24227293883069848,0.03071309576799839,0.13936094754995373,-0.41451508427615996,0.665196792605817,-0.2654453375888566,-0.6863377083697588,0.026623054238299828,0.10259190088746602,-0.6750667179407369,0.40655374999181926,-0.4994943683491146,-0.25630973832290826,-0.0056869067167821105,-0.23286602845575455,-0.5682785892223415,-0.5786036196717027,-0.40085066626611315,-0.2461695812391087,0.6962050263203521,0.7674520245686883,-0.3057849831771264,0.2811675633946565,0.22107206083352116,-0.011875981298251759,-0.03967282916109733,0.048685091870554066,-0.464754073177866,0.1488664007324423,-0.12556444312485127,-0.9993800928575406,-0.5350483822116101,0.6670378257745515,0.20352376167066175,0.8676199637023875,-0.40558888829802014,0.36649039461993466
0.6763738385036558,-0.46061860665548565,0.2855591763885225,-0.15726296990954644,-0.9034906739997869,-0.0975651204444626,-0.24127517410452756,0.5971785142300873,0.5700755149669825,-0.17450036429044696,-0.17256758756167875,-0.06572136023577331,-0.2126786383496722,0.3879962341607686,-0.1424891814309626,-0.1497914414073227,-0.11624721730449164,-0.34912211982007246,-0.42576807747333517,0.17843790083046057,-0.5097451086713713,0.11653955666471981,0.11370797177654027,0.599433205226856,-0.11549992426640796,-0.6301064566271131,0.4379163706741333,0.20264806066746582,0.8150555610827769,-0.17504199838734252,-0.546114417124745,-0.06801097317090064,-0.29238663361896094,-0.7291028407449816,0.022228248174979433,0.3066094550751315,-0.5542651518522663,-0.35949760404739367,-0.199030985672043,-0.12114809090593386,-0.5397600641304344,-0.15548948030958604,0.323158594893174,0.5461467542798389,-0.014068673080055561,0.012320921079191749,-0.12141421228028192,0.45973270497596935,-0.11534207210816329
0.8070644794693065,-0.8631490767670409,0.31124556216698446,-0.039864251256106834,-1.616296785486253,-0.05167688147236186,-0.13907527057434538,0.5700755149669825,1.3050732686936277,-0.3274933213197687,0.10980703880742086,-0.31696884701228095,-0.2447509516533701,0.06979665233218733,-0.5037697912057416,-0.12238738495746279,-0.04490154361641459,-0.6889598335741082,-1.213117375701572,0.6305522210079249,-0.2793752444923345,-0.3464951015245451,-0.1270715185539462,0.5266979908593984,0.20857222756134278,-0.9108532237511702,0.8549503278106365,0.3931131449396865,0.9027249629122683,-0.04242490254669049,-0.7875226326913608,0.22472235170233495,-0.28637039585392005,-0.8538971571056976,-0.35632656304675325,0.5509421725402882,-1.0588323754713096,-0.5244321821448644,-0.10155130722437238,-0.22396144452056824,-0.8210949363195871,-0.5502327321443162,0.6652703033716034,0.9292982285398639,0.19079478876367006,-0.29038228456823983,-0.20127256165558013,0.8182579629739155,-0.11106412924860855
-0.4452075429744666,0.31769417107789993,-0.1212562844165297,0.5007107513097155,0.6022234344712236,0.29488564485867835,-0.13745529079983157,-0.17450036429044696,-0.3274933213197687,0.5027372034089658,-0.025326844597137164,0.5863647141930739,-0.3632977306763082,-0.7822775109469463,0.19158595600276285,0.2990510405678008,-0.3415175836178686,0.6866851701278024,0.8471679813628499,-0.15180947579915144,0.5235445320814442,0.047947693032059126,-0.4818913201631105,-0.004410917105874575,0.24239973747132845,0.7141318499619881,-0.21857152566665553,0.6049467870070336,-0.2730557282536656,0.3779625095520362,0.42962961585257725,-0.46153085715320213,-0.12117201219891653,1.179917519669353,-0.2505497802870755,-0.048470480468109735,0.6783085256508742,0.5400816892457416,0.26120316692348927,0.379347583429981,0.29570901887260137,0.17690151654125527,0.2132823406638558,0.1376895641638314,-0.5592814967836834,-0.1781844674112513,-0.48785347421994923,0.08326738584594685,-0.2704907720827031
0.2880289327246301,0.21341220209781145,-0.5138795140490034,0.2034672140273715,0.574237316826222,0.2934506642854837,-0.2719244582659082,-0.17256758756167875,0.10980703880742086,-0.025326844597137164,0.6386580441640739,0.004121114866459165,0.24930844917723594,-0.022232536420556358,-0.17397597687662475,0.5339974005390944,-0.32770124766141073,0.09357305692051693,0.3072340801931961,0.06208751763187704,0.02138858839746191,0.5178607964345764,-0.17012863334345238,0.046056564057521704,0.38239823333054546,-0.062339441319569776,0.22687688943381082,0.044492636355974356,0.10593282635141203,0.3514715924748236,0.3563290309396795,-0.23924606307831475,-0.561272327130673,0.10554662105107485,-0.38066876347917383,-0.3314605437916217,0.0249705534253552,-0.09487639704298761,-0.07919735227412501,0.3934797183265709,0.029073861007930274,0.04559756709357179,0.7170474767230988,0.10251114919676647,-0.1786290208110795,-0.2132671051729853,-0.5740403747043098,0.2008685461778588,-0.1349609689420674
-0.29924773906574603,0.5213551876831293,-0.1602500830628104,0.7723658522774829,0.835118370176212,0.49895025457911474,-0.41211887905603956,-0.06572136023577331,-0.31696884701228095,0.5863647141930739,0.004121114866459165,0.9737146908833115,-0.5509655547501567,-0.9948015882531719,0.14787081487496845,0.472025499098948,-0.6978428630078422,0.9547478360851379,1.2441182702099205,-0.1774696875954127,0.6659942584977733,0.2330330668409179,-0.8576115353085948,0.08700765560556391,0.43207958535094115,1.003854736877073,-0.21174401625548828,1.0421578796845097,-0.24173958330827744,0.7912431638951265,0.6906824531172548,-0.7248150331808862,-0.1973516489905968,1.6880988461433382,-0.37425681259275395,-0.19017108296995922,0.7739621157793668,0.7021234965422042,0.3951752258537546,0.47956748672133476,0.383328659225891,0.28569599252840394,0.6678694393676965,0.27546418099864284,-0.9656596184417624,-0.4881550507881495,-0.8579914796448259,0.1543552161626486,-0.36688781899237916
0.07102015576429742,0.1591884120633665,-0.25916057507198503,-0.47276914293823924,0.42405465905179374,-0.2220260329893402,0.24227293883069848,-0.2126786383496722,-0.2447509516533701,-0.3632977306763082,0.24930844917723594,-0.5509655547501567,0.7151224823422637,0.7750147064159288,0.008533458864857487,-0.002578211957123713,0.4047286977608653,-0.42701788373888666,-0.2856242605670162,-0.12434257594502975,-0.42198882783949954,0.26164217095305503,0.634691598388297,-0.2783232751830699,-0.16618725052577346,-0.365386596737789,-0.0892951168699346,-0.9334462489914918,-0.21333889495078004,-0.3179590982055046,0.06381074268399725,0.4035228820714756,0.14428479707849143,-0.8593620242154053,0.29331096444970844,-0.3106710836007999,-0.14135183379136082,-0.3784408331904762,-0.286931474518103,-0.16336271532672303,0.14569401621315262,0.06269713907609928,-0.4614697704940968,-0.6743735534566381,0.5582710429268802,0.2735931924689647,0.46822547404550746,-0.43846233934818296,0.34067944939900285
0.9180388431203486,-0.37383870691312376,0.08124100339016517,-1.1134727098659043,-0.545141424613398,-0.6441645229065819,0.03071309576799839,0.3879962341607686,0.06979665233218733,-0.7822775109469463,-0.022232536420556358,-0.9948015882531719,0.7750147064159288,1.959384098198549,-0.08926637529474414,-0.4059811039331955,0.5336838977835877,-1.1215242334646907,-0.8704333368997561,-0.07706001131743329,-1.4269354449152085,0.5824984658141487,1.2792784485571953,0.31784756602693476,-0.729503875001236,-1.4025852606931344,0.22655699254466058,-1.3564032174363518,0.7488537498761099,-0.9813952584215119,-0.6381435039488329,0.4639651901924689,-0.09304287946605148,-2.394062389891765,0.6798880259046846,-0.12167387184612001,-0.8926943560236102,-1.0398891150439598,-0.7931228260032959,-0.3991003145861121,-0.4508579029745836,-0.05640377480253748,-0.5380225308944707,-0.4254127134104418,0.8581032180789171,0.7365705835692673,0.8244583838909888,-0.3192301857064763,0.36259227117306997
-0.37345115731718925,0.27216443886791547,-0.03070323637211218,0.004716492432359443,0.49007796559018374,-0.005166831149069172,0.13936094754995373,-0.1424891814309626,-0.5037697912057416,0.19158595600276285,-0.17397597687662475,0.14787081487496845,0.008533458864857487,-0.08926637529474414,0.30818225538881766,-0.0097586655202947,0.05347286311147561,0.316104488179442,0.45849363212967037,-0.26648667168001455,0.07731067544927529,0.06342178056734639,0.11436071070341512,-0.12240904206313473,-0.1513009144853294,0.3459193255261925,-0.3199605129475091,-0.11391390129781584,-0.29399829495614316,-0.08421065950648483,0.15884887437792425,-0.08217774580048715,0.1064899721718799,0.30875951838085286,0.17188880304872686,-0.06520003454619147,0.4713295416522423,0.2300841364124251,0.03310744961116729,0.06008154199514785,0.2627963051248931,0.2154211568427389,-0.39468774879539587,-0.3030836029774278,-0.0531419827718818,0.18093951247412432,0.10942723344171071,-0.22758661984783762,0.019279100423477087
0.12788853909980896,0.4434834460057515,-0.5507959249495616,0.48892585882491074,0.9475997458275568,0.45508650691135183,-0.41451508427615996,-0.1497914414073227,-0.12238738495746279,0.2990510405678008,0.5339974005390944,0.472025499098948,-0.002578211957123713,-0.4059811039331955,-0.0097586655202947,0.769953975189757,-0.583749720602537,0.5526181234279076,0.9312092421087733,-0.06955729191554434,0.20671894705239846,0.6863877159731095,-0.4121060597609123,0.19015466128156921,0.504193181930102,0.357672904376978,0.11631220477641402,0.48605461966531366,0.029351059841259994,0.6155247578334334,0.6359507290958134,-0.5647819173062734,-0.5969622846621874,0.8129239398322178,-0.5234843080550271,-0.3477547960490727,0.4979800613394398,0.206165805119394,0.019884114920778545,0.6284311958251336,0.21749024289423738,0.21256442688730592,0.8748755383917161,0.18079867968645247,-0.5835024522725919,-0.35968311916929935,-0.8734807744752238,0.2468394567241737,-0.32730936008632144
-0.34037050452547585,-0.30401809905424937,0.33109951781299035,-0.6326403844919392,-0.5522385068151751,-0.5527485302108485,0.665196792605817,-0.11624721730449164,-0.04490154361641459,-0.3415175836178686,-0.32770124766141073,-0.6978428630078422,0.4047286977608653,0.5336838977835877,0.05347286311147561,-0.583749720602537,0.8797767398675347,-0.6743642148750274,-1.0275600804611902,0.04771008271757275,-0.23801919603358038,-0.6414788868223985,0.7099441778284,-0.4152258835800783,-0.4324253926581332,-0.37869031899441813,-0.18196028100202644,-0.9034276518064378,-0.3846638097292514,-0.6903353587780067,-0.44746209673521314,0.8254914360471853,0.8053883205207862,-0.9521920849974547,0.5001822431585062,0.22511282786656436,-0.33436730687713034,-0.28105779193127345,-0.13200938406508259,-0.6219546598637188,0.012704941668510081,-0.2234013062451704,-1.1986367343260387,-0.6173392926911272,0.8960968289730575,0.4002738155290329,1.1166770252454672,-0.5058467447012586,0.4864335729102732
-0.5399912733511291,0.7159240550287858,-0.37119333269725585,0.7684091496561899,1.2346446939625744,0.6236187360370461,-0.2654453375888566,-0.34912211982007246,-0.6889598335741082,0.6866851701278024,0.09357305692051693,0.9547478360851379,-0.42701788373888666,-1.1215242334646907,0.316104488179442,0.5526181234279076,-0.6743642148750274,1.29539727570547,1.5058347715376947,-0.2826833440368771,0.806336861532659,0.3470759593763063,-0.7656197883389725,-0.050786315624547634,0.3462214089665744,1.1501726391545726,-0.38998284263632205,0.8271139572021046,-0.4742422765652302,0.77008861205428,0.8138931681302665,-0.7223066693985978,-0.3411656898849231,1.8525761864036188,-0.4479806531795007,-0.22996783877406324,1.1804023487764213,0.7951544352499027,0.393449076776022,0.6595476475497618,0.5232319091830279,0.48205838321222527,0.5823684904500168,0.10199127974097594,-0.8368677084825946,-0.35391920775687624,-0.7648854602579438,0.0638409037030037,-0.43483420478765195
-0.5171602051584518,1.2665101992760077,-0.7281998599347302,0.9197403994890571,2.437436507455671,0.7358240847844644,-0.6863377083697588,-0.42576807747333517,-1.213117375701572,0.8471679813628499,0.3072340801931961,1.2441182702099205,-0.2856242605670162,-0.8704333368997561,0.45849363212967037,0.9312092421087733,-1.0275600804611902,1.5058347715376947,2.577490214527882,-0.7209886539750464,0.6439663634388102,1.0890916305195524,-0.8147762410579537,-0.022482194031720925,0.4624981619222555,1.508467878832988,-0.6341596077382141,0.8217671930428061,-0.48701840916943406,0.9361965145333296,1.4081750710910645,-1.3172899202281532,-0.6859756860706628,2.200251826980736,-0.25495297845421416,-0.8441716555548247,1.5240685084471959,0.9787296909993031,0.3101227877935638,1.0143768710238024,0.8713334744950618,0.7776530059154527,0.7522245933262605,-0.17722233537710805,-1.408649566911067,-0.24134300984682575,-1.3256422515125117,-0.15725467070282115,-0.47605553452386307
0.3099598134781088,-0.4658351537107169,0.16432302227039441,-0.03533174464613588,-0.8958074650543926,-0.03883869707487429,0.026623054238299828,0.17843790083046057,0.6305522210079249,-0.15180947579915144,0.06208751763187704,-0.1774696875954127,-0.12434257594502975,-0.07706001131743329,-0.26648667168001455,-0.06955729191554434,0.04771008271757275,-0.2826833440368771,-0.7209886539750464,0.41585729470098703,-0.009969679244312593,-0.293301807471742,-0.07738928689426712,0.19054074543912328,0.08001663528194729,-0.4275077446714298,0.40063291326328654,0.1811156508581026,0.3123761029576382,0.003930519842851496,-0.3783264394255739,0.2192107793269049,-0.033868601059012265,-0.3330813041276165,-0.2973441112494049,0.3525760615535886,-0.4506514455368613,-0.23067964813689765,-0.02868754643128138,-0.10362004459632194,-0.3764367388254016,-0.30863766300639134,0.31046530735088573,0.4446758755262908,0.2184634670316994,-0.19298593061539512,0.06447248615532924,0.3480957902568478,-0.06669393342503903
-0.9383509228683757,0.4399346936317903,-0.07815726922481721,0.7677751892775952,0.6953601303159349,0.4057920119006079,0.10259190088746602,-0.5097451086713713,-0.2793752444923345,0.5235445320814442,0.02138858839746191,0.6659942584977733,-0.42198882783949954,-1.4269354449152085,0.07731067544927529,0.20671894705239846,-0.23801919603358038,0.806336861532659,0.6439663634388102,-0.009969679244312593,1.2240905045127843,-0.5793001448371152,-0.938534502520404,-0.5781222557564528,0.4983599389027441,1.2636902159350736,-0.41424108266325355,0.7713818214805888,-0.9492229401981582,0.7362801654342112,0.6616308808011654,-0.20139043333219697,0.354792793443941,1.9017606468630874,-0.3512629283532233,-0.07806511146249608,0.7242357155066383,0.8782221489185853,0.6758010409389957,0.17686917235247726,0.5711036527427013,0.06625403866199159,0.12054606032375348,-0.03464389272465368,-0.529475489492059,-0.5258152262811022,-0.37870645363592903,-0.10882690329642679,-0.08978418558057874
0.7196976503427281,0.4400518079897659,-0.6371203741519718,0.0422480884082288,1.043011599565431,0.3243531101400329,-0.6750667179407369,0.11653955666471981,-0.3464951015245451,0.047947693032059126,0.5178607964345764,0.2330330668409179,0.26164217095305503,0.5824984658141487,0.06342178056734639,0.6863877159731095,-0.6414788868223985,0.3470759593763063,1.0890916305195524,-0.293301807471742,-0.5793001448371152,1.4216012137097693,0.13650127756056338,0.5855681745951632,0.08743264659588332,-0.23673788934324053,0.15942164209026902,-0.0386267758643921,0.6251102211370083,0.21918698221037208,0.43434652814527186,-0.7389479934828601,-1.089852266503987,-0.19825001070636347,-0.18322910498708464,-0.530062323881436,0.31639129383956516,-0.21393450301988973,-0.40493913062156367,0.7008459177300098,-0.015982572824344676,0.44163113235313584,0.9166364458126628,0.10881111943865036,-0.46515034753590934,0.08617011209135766,-0.7934197520074815,0.2015772447723368,-0.3529344497785146
0.27128171942820023,-0.3159130802011677,0.11608427233612786,-0.9203452818970755,-0.46370636792797554,-0.5745036349282425,0.40655374999181926,0.11370797177654027,-0.1270715185539462,-0.4818913201631105,-0.17012863334345238,-0.8576115353085948,0.634691598388297,1.2792784485571953,0.11436071070341512,-0.4121060597609123,0.7099441778284,-0.7656197883389725,-0.8147762410579537,-0.07738928689426712,-0.938534502520404,0.13650127756056338,1.1731537070751268,0.06792177974385334,-0.6615550543619741,-0.9740020069514728,0.03353761401122556,-1.2155746070023874,0.24920836984503741,-0.9526981492881393,-0.5807771468888673,0.6085910677922799,0.2080746747215468,-1.7541324384003372,0.5367020634324846,0.11681796810694585,-0.40727872212009714,-0.7035724646723396,-0.5701835656857175,-0.3731694814390567,-0.23831613679690283,-0.046428710160023035,-0.92359330071786,-0.5229817406842887,0.9427803994814968,0.7028422124028644,0.9882702609908081,-0.3537508878166249,0.3243841063505054
0.8891624458011738,-0.44283241467896184,0.04030112592806159,-0.03866938836075373,-0.7151937091928854,0.10484552516557669,-0.4994943683491146,0.599433205226856,0.5266979908593984,-0.004410917105874575,0.046056564057521704,0.08700765560556391,-0.2783232751830699,0.31784756602693476,-0.12240904206313473,0.19015466128156921,-0.4152258835800783,-0.050786315624547634,-0.022482194031720925,0.19054074543912328,-0.5781222557564528,0.5855681745951632,0.06792177974385334,0.9656146796218494,-0.04355282187769353,-0.7382368096391698,0.5936210210162939,0.3867144934686778,1.1428694155984118,-0.07401498239650534,-0.45920747732666534,-0.4259367210533771,-0.8890662567854742,-0.6250290960215387,-0.30660948955937034,0.31982547065834155,-0.29775770372253063,-0.37548853099780755,-0.3371248072105587,0.32517921650171155,-0.652323439522896,-0.03218381188128403,0.8431179366942457,0.8692667530674475,-0.20162289278991882,0.02959813513860278,-0.5033729910924477,0.7513935183686873,-0.4563739355527074
-0.06661291859104565,0.2578776234606517,-0.2951391152759665,0.5959787349476284,0.5078260501646196,0.41242824388088134,-0.25630973832290826,-0.11549992426640796,0.20857222756134278,0.24239973747132845,0.38239823333054546,0.43207958535094115,-0.16618725052577346,-0.729503875001236,-0.1513009144853294,0.504193181930102,-0.4324253926581332,0.3462214089665744,0.4624981619222555,0.08001663528194729,0.4983599389027441,0.08743264659588332,-0.6615550543619741,-0.04355282187769353,0.6379182594664861,0.4850207299105597,0.13440032341722744,0.6645038343759746,-0.1492291152154781,0.6756386188446614,0.4724542582207216,-0.32989109855546794,-0.2264217043647709,0.959205736201688,-0.4472927864026811,-0.1948747386057904,0.195460677559658,0.30860270718922506,0.2768347620797407,0.30464940930667095,0.1708965842456864,-0.005471027788616349,0.7049466047844631,0.25212332568355716,-0.5370742244183306,-0.5334004134481758,-0.7795430592843478,0.28649192157709336,-0.16670246693216362
-1.2184070035157784,0.9888296376530926,-0.2190213698973547,0.88146621101148,1.682584882277736,0.4543323478884019,-0.0056869067167821105,-0.6301064566271131,-0.9108532237511702,0.7141318499619881,-0.062339441319569776,1.003854736877073,-0.365386596737789,-1.4025852606931344,0.3459193255261925,0.357672904376978,-0.37869031899441813,1.1501726391545726,1.508467878832988,-0.4275077446714298,1.2636902159350736,-0.23673788934324053,-0.9740020069514728,-0.7382368096391698,0.4850207299105597,1.8301382432570519,-0.8265751198655493,0.7558641222658877,-1.2933876940192257,0.8837507306623963,1.1611321839359625,-0.5018220917948725,0.47110714128414943,2.446450931244151,-0.08527936912021819,-0.48107706385632915,1.2228863025050432,1.1864604575640512,0.7337573373339922,0.28678403827514365,1.0257995034092062,0.3797243923075863,-0.09993771703118856,-0.487387522311703,-0.9005248649957631,-0.46956645693477506,-0.5329192757609117,-0.4940623986003452,-0.01682428990064046
0.8035892165111732,-0.55599792427740935,0.032523509859772474,-0.05642040625312477,-0.9772804900591958,0.04564576480263631,-0.23286602845575455,0.4379163706741333,0.8549503278106365,-0.21857152566665553,0.22687688943381082,-0.21174401625548828,-0.0892951168699346,0.22655699254466058,-0.3199605129475091,0.11631220477641402,-0.18196028100202644,-0.38998284263632205,-0.6341596077382141,0.40063291326328654,-0.41424108266325355,0.15942164209026902,0.03353761401122556,0.5936210210162939,0.13440032341722744,-0.8265751198655493,0.7162382204800093,0.23812070122126336,0.8762146195256725,-0.037192538454877425,-0.5192937536320659,0.004555491467125872,-0.5428376005417521,-0.7679342902357011,-0.37070671418362755,0.3283859881149595,-0.6485844664608101,-0.5015185841036317,-0.24175228304922206,0.06689465153069035,-0.6499109048186404,-0.2761284535429999,0.723451162548112,0.7378955452678246,0.09197451026946998,-0.1406304878394956,-0.30483789369760483,0.698794246648811,-0.22342492249161774
0.0066586400275976294,0.08111833402258233,0.015680560865835764,1.0013474896539487,-0.021010637724723138,0.6017308066687063,-0.5682785892223415,0.20264806066746582,0.3931131449396865,0.6049467870070336,0.044492636355974356,1.0421578796845097,-0.9334462489914918,-1.3564032174363518,-0.11391390129781584,0.48605461966531366,-0.9034276518064378,0.8271139572021046,0.8217671930428061,0.1811156508581026,0.7713818214805888,-0.0386267758643921,-1.2155746070023874,0.3867144934686778,0.6645038343759746,0.7558641222658877,0.23812070122126336,1.632765008687332,0.2104397661648988,0.9400910846834708,0.36929144595881735,-0.7852692777658484,-0.39923876440017414,1.7277699592399343,-0.7396681925860038,0.15656933703789053,0.36583650507708887,0.6211676962012788,0.47622783576735594,0.4999537626417696,-0.024388271687977758,-0.012821087202581584,1.2184268059417638,0.9827334844100608,-1.1250717041608171,-0.7590059284292631,-1.1913539488179092,0.7218117123935602,-0.5783319527375437
1.3276191199180365,-0.7600924545952193,0.11580203423089537,-0.2510769698245156,-1.2622710044975507,-0.0018009620472941258,-0.5786036196717027,0.8150555610827769,0.9027249629122683,-0.2730557282536656,0.10593282635141203,-0.24173958330827744,-0.21333889495078004,0.7488537498761099,-0.29399829495614316,0.029351059841259994,-0.3846638097292514,-0.4742422765652302,-0.48701840916943406,0.3123761029576382,-0.9492229401981582,0.6251102211370083,0.24920836984503741,1.1428694155984118,-0.1492291152154781,-1.2933876940192257,0.8762146195256725,0.2104397661648988,1.618454103473107,-0.3172946871334864,-0.8406128029704611,-0.3372933191999074,-1.1164159147382502,-1.3836206886143412,-0.22650568428291037,0.3968312469523316,-0.8413186181632492,-0.7419620473799605,-0.5117915920145383,0.20653378362701855,-1.0238603235544423,-0.18271261165130404,0.97740511991602,1.1003500116655693,-0.031916045460880796,0.1704504452874701,-0.48133451716698417,0.9662807842332096,-0.4299520262837828
-0.1281315664226504,0.5302806359491486,-0.3443199404202783,0.8000400862356006,0.8594853141985066,0.593139372433314,-0.40085066626611315,-0.17504199838734252,-0.04242490254669049,0.3779625095520362,0.3514715924748236,0.7912431638951265,-0.3179590982055046,-0.9813952584215119,-0.08421065950648483,0.6155247578334334,-0.6903353587780067,0.77008861205428,0.9361965145333296,0.003930519842851496,0.7362801654342112,0.21918698221037208,-0.9526981492881393,-0.07401498239650534,0.6756386188446614,0.8837507306623963,-0.037192538454877425,0.9400910846834708,-0.3172946871334864,1.0090540875547818,0.7701757577649306,-0.5364978590732643,-0.22784285998678575,1.5559801858209668,-0.5502837174745747,-0.3147858926167016,0.5192255478858401,0.5532417882126637,0.41851846126205744,0.4309812826379883,0.36546493648296,0.1829974813060477,0.9579153217250749,0.24045441505835272,-0.8190748578327354,-0.7235795915816035,-0.9271979788866325,0.19659691799470874,-0.2606839062126139
-0.5660608698798462,0.9622892185988161,-0.5484638581601401,0.5960416516683749,1.7787786368366112,0.4063420866837748,-0.2461695812391087,-0.546114417124745,-0.7875226326913608,0.42962961585257725,0.3563290309396795,0.6906824531172548,0.06381074268399725,-0.6381435039488329,0.15884887437792425,0.6359507290958134,-0.44746209673521314,0.8138931681302665,1.4081750710910645,-0.3783264394255739,0.6616308808011654,0.43434652814527186,-0.5807771468888673,-0.45920747732666534,0.4724542582207216,1.1611321839359625,-0.5192937536320659,0.36929144595881735,-0.8406128029704611,0.7701757577649306,1.2018603730522137,-0.5101481668819899,0.08036229824249522,1.6112589100778258,-0.19435450446741329,-0.7250341502354791,0.9333014926815323,0.6572110204212429,0.3112918210837336,0.476046673789712,0.8460586280999512,0.39518959081045996,0.29902417653197183,-0.505786149610359,-0.7286078537464804,-0.37710211727117243,-0.6026353626546602,-0.45898788880818403,-0.06423946049787577
-0.14976907700784856,-0.3814833694924742,0.3333424522316757,-0.5868087299752147,-0.8600805352289251,-0.4801248860916106,0.6962050263203521,-0.06801097317090064,0.22472235170233495,-0.46153085715320213,-0.23924606307831475,-0.7248150331808862,0.4035228820714756,0.4639651901924689,-0.08217774580048715,-0.5647819173062734,0.8254914360471853,-0.7223066693985978,-1.3172899202281532,0.2192107793269049,-0.20139043333219697,-0.7389479934828601,0.6085910677922799,-0.4259367210533771,-0.32989109855546794,-0.5018220917948725,0.004555491467125872,-0.7852692777658484,-0.3372933191999074,-0.5364978590732643,-0.5101481668819899,1.0028935919746136,0.8828023458922997,-0.9957048052529301,0.32083788421090714,0.29785065964673185,-0.5249442294675292,-0.41747354283282634,-0.09756080588943208,-0.7042519453968168,-0.08926311020361559,-0.29393057110622145,-0.956058110654653,-0.4938874945824012,0.972757518285626,0.17861560038265423,1.1274481390224818,-0.38784325457024116,0.49108498508674586
-0.8683241793901034,0.07855306541978987,0.4822504341715166,-0.2578487736664021,-0.22484038669189424,-0.5081794874581662,0.7674520245686883,-0.29238663361896094,-0.28637039585392005,-0.12117201219891653,-0.561272327130673,-0.1973516489905968,0.14428479707849143,-0.09304287946605148,0.1064899721718799,-0.5969622846621874,0.8053883205207862,-0.3411656898849231,-0.6859756860706628,-0.033868601059012265,0.354792793443941,-1.089852266503987,0.2080746747215468,-0.8890662567854742,-0.2264217043647709,0.47110714128414943,-0.5428376005417521,-0.39923876440017414,-1.1164159147382502,-0.22784285998678575,0.08036229824249522,0.8828023458922997,1.675546444905973,0.23167212501949333,0.49336242793455926,0.06682074231914001,6.920458508550217e-5,0.18816319253562624,0.27023932889099306,-0.7997153986274952,0.5324479752377281,-0.19932024223865183,-1.4094148647992535,-0.9248988635859623,0.5190959930907948,-0.026195154992995177,1.1787519411098835,-0.928118914081712,0.6264588027048279
-1.3813182230492147,1.1912310588221333,-0.38566357968860876,1.5706622645546378,1.9814427721417749,0.9037230524591231,-0.3057849831771264,-0.7291028407449816,-0.8538971571056976,1.179917519669353,0.10554662105107485,1.6880988461433382,-0.8593620242154053,-2.394062389891765,0.30875951838085286,0.8129239398322178,-0.9521920849974547,1.8525761864036188,2.200251826980736,-0.3330813041276165,1.9017606468630874,-0.19825001070636347,-1.7541324384003372,-0.6250290960215387,0.959205736201688,2.446450931244151,-0.7679342902357011,1.7277699592399343,-1.3836206886143412,1.5559801858209668,1.6112589100778258,-0.9957048052529301,0.23167212501949333,3.7821848107861094,-0.6891966205330219,-0.47158049614573877,1.7086120283929773,1.6506774679801188,1.0461028564467958,0.7513950988480944,1.1687476406500477,0.4394931889682654,0.6814662735973764,0.004786211066599364,-1.5852127068576956,-0.9703184363677598,-1.2725571536426845,-0.1480507147502989,-0.4233157702479197
-0.21773519912242967,0.036100892182958255,0.25603690813369007,-0.4838499392436595,0.07110426681589636,-0.41877423692094345,0.2811675633946565,0.022228248174979433,-0.35632656304675325,-0.2505497802870755,-0.38066876347917383,-0.37425681259275395,0.29331096444970844,0.6798880259046846,0.17188880304872686,-0.5234843080550271,0.5001822431585062,-0.4479806531795007,-0.25495297845421416,-0.2973441112494049,-0.3512629283532233,-0.18322910498708464,0.5367020634324846,-0.30660948955937034,-0.4472927864026811,-0.08527936912021819,-0.37070671418362755,-0.7396681925860038,-0.22650568428291037,-0.5502837174745747,-0.19435450446741329,0.32083788421090714,0.49336242793455926,-0.6891966205330219,0.7737140816262099,-0.1320298813612801,-0.20438823088357003,-0.10658523390416674,-0.09243573337816896,-0.4841908497930072,0.13099390314718412,0.04342382995757723,-0.9974008844358867,-0.6413064071428536,0.36602024886807044,0.46881852223201964,0.6520654854558587,-0.5486357184679483,0.43762288052495196
0.13070859115698033,-0.6604133377548089,0.4384041683276346,-0.15661588931669992,-1.2962289341336803,-0.16071157631210728,0.22107206083352116,0.3066094550751315,0.5509421725402882,-0.048470480468109735,-0.3314605437916217,-0.19017108296995922,-0.3106710836007999,-0.12167387184612001,-0.06520003454619147,-0.3477547960490727,0.22511282786656436,-0.22996783877406324,-0.8441716555548247,0.3525760615535886,-0.07806511146249608,-0.530062323881436,0.11681796810694585,0.31982547065834155,-0.1948747386057904,-0.48107706385632915,0.3283859881149595,0.15656933703789053,0.3968312469523316,-0.3147858926167016,-0.7250341502354791,0.29785065964673185,0.06682074231914001,-0.47158049614573877,-0.1320298813612801,0.6926528182644937,-0.34454755757299094,-0.19379454909584776,-0.038188929614263706,-0.222083792565748,-0.4974181780668572,-0.2876093447432777,-0.1096503729811745,0.5193763323825455,0.35653751668550787,0.055955040390135456,0.34058450709362315,0.41052401829236884,-0.11318656848574142
-0.8688901525918685,0.8622983280212064,-0.40959036570808904,0.5465382642373698,1.5943885171303323,0.41234184048467065,-0.011875981298251759,-0.5542651518522663,-1.0588323754713096,0.6783085256508742,0.0249705534253552,0.7739621157793668,-0.14135183379136082,-0.8926943560236102,0.4713295416522423,0.4979800613394398,-0.33436730687713034,1.1804023487764213,1.5240685084471959,-0.4506514455368613,0.7242357155066383,0.31639129383956516,-0.40727872212009714,-0.29775770372253063,0.195460677559658,1.2228863025050432,-0.6485844664608101,0.36583650507708887,-0.8413186181632492,0.5192255478858401,0.9333014926815323,-0.5249442294675292,6.920458508550217e-5,1.7086120283929773,-0.20438823088357003,-0.34454755757299094,1.3812416986465046,0.8074095641465704,0.30675861602062016,0.5651459803543997,0.7842443055560521,0.5311766872769459,-0.036932559724639324,-0.4081950370985276,-0.5835771240155324,-0.11884391009186115,-0.3722510039398738,-0.3458379423435013,-0.23837284532054678
-0.8121435819151716,0.5334377103984984,-0.07615383446470332,0.6210397313567475,0.9453798694721772,0.31249039436193027,-0.03967282916109733,-0.35949760404739367,-0.5244321821448644,0.5400816892457416,-0.09487639704298761,0.7021234965422042,-0.3784408331904762,-1.0398891150439598,0.2300841364124251,0.206165805119394,-0.28105779193127345,0.7951544352499027,0.9787296909993031,-0.23067964813689765,0.8782221489185853,-0.21393450301988973,-0.7035724646723396,-0.37548853099780755,0.30860270718922506,1.1864604575640512,-0.5015185841036317,0.6211676962012788,-0.7419620473799605,0.5532417882126637,0.6572110204212429,-0.41747354283282634,0.18816319253562624,1.6506774679801188,-0.10658523390416674,-0.19379454909584776,0.8074095641465704,0.8367573919062945,0.503001402634101,0.23872555431647932,0.5794708885359642,0.20719723851397437,-0.006766974315484469,-0.1375060399700799,-0.6364418771432813,-0.28603451176225525,-0.41752898995466253,-0.18749971647756733,-0.0979360967864898
-0.5079475597927189,0.2311763731041073,0.04800749148282117,0.44128357038071936,0.30549292829198793,0.2161317015383697,0.048685091870554066,-0.199030985672043,-0.10155130722437238,0.26120316692348927,-0.07919735227412501,0.3951752258537546,-0.286931474518103,-0.7931228260032959,0.03310744961116729,0.019884114920778545,-0.13200938406508259,0.393449076776022,0.3101227877935638,-0.02868754643128138,0.6758010409389957,-0.40493913062156367,-0.5701835656857175,-0.3371248072105587,0.2768347620797407,0.7337573373339922,-0.24175228304922206,0.47622783576735594,-0.5117915920145383,0.41851846126205744,0.3112918210837336,-0.09756080588943208,0.27023932889099306,1.0461028564467958,-0.09243573337816896,-0.038188929614263706,0.30675861602062016,0.503001402634101,0.43506703999141455,-0.013867228068019936,0.297938976908082,0.027121610817116903,0.018915993177859927,-0.011620694531358864,-0.3384323274863242,-0.31654486843717855,-0.22222515260066514,-0.051673811982000786,0.007597069552002445
0.11012265115362134,0.32192461911757636,-0.46682682570251083,0.44112142740694343,0.7778825966255709,0.44114532381078747,-0.464754073177866,-0.12114809090593386,-0.22396144452056824,0.379347583429981,0.3934797183265709,0.47956748672133476,-0.16336271532672303,-0.3991003145861121,0.06008154199514785,0.6284311958251336,-0.6219546598637188,0.6595476475497618,1.0143768710238024,-0.10362004459632194,0.17686917235247726,0.7008459177300098,-0.3731694814390567,0.32517921650171155,0.30464940930667095,0.28678403827514365,0.06689465153069035,0.4999537626417696,0.20653378362701855,0.4309812826379883,0.476046673789712,-0.7042519453968168,-0.7997153986274952,0.7513950988480944,-0.4841908497930072,-0.222083792565748,0.5651459803543997,0.23872555431647932,-0.013867228068019936,0.7263938365679228,0.08787699641273139,0.2578770291507451,0.8535200694516367,0.3598000716835281,-0.6014163602632623,-0.1434112490063299,-0.8387042525363553,0.32667711212428596,-0.47109861600566605
