V1,V2,V3,V4,V5,V6,V7,V8,V9,V10,V11,V12,V13,V14,V15,V16,V17,V18,V19,V20,V21,V22,V23,V24,V25,V26,V27,V28,V29,V30,V31,V32,V33,V34,V35,V36,V37,V38,V39,V40,V41,V42,V43,V44
0.6127065515054357,-0.6211144708016015,-0.686807239798107,1.2053249136599848,0.781937296407068,-0.2526752900305455,0.7720193158638279,-1.4079461568286524,-1.169556063261797,0.9610944293991087,-0.5613383817154425,-1.2166076431802397,-0.15828368131279424,0.4291252043206475,0.7994234058620645,1.400306545416714,-0.14868598330448554,-0.04187730204504601,-9.134885946238737e-4,-0.5957831862692556,-0.2950822034367313,0.13067037851692795,0.9000869674279955,-0.2269787480603552,-0.4850438713187662,0.861158060388196,-0.40474808461245343,0.1683504110620847,0.14373207952651945,-1.0814643202801129,-1.1808887674287953,-0.54833742687988,-0.9787394365288239,-0.23060696225651134,0.39785418737701145,0.6010287760844429,-0.7793646578628664,0.6410607527890437,-0.40056115783356766,0.8318809048283671,0.7790592267701365,-0.1738453368945717,0.53233002196796,-0.6192038716524325
-0.6211144708016015,1.276236280903906,0.9432003274143936,-2.3936803349758624,-0.6585309228901971,0.4092831769958387,-0.7827778753634499,1.262484584654518,1.2756972452263047,-1.2277422655450512,1.998881209610457,2.3000499140811916,0.4131289325834586,0.7848720833393827,-0.3562692089331804,-0.9290307347510557,0.4838449870185619,1.0965652796029084,-0.1670012687759773,0.2704476772507396,1.6322325220245515,-1.4446465843534613,-0.5931804451141973,0.7677166593733457,-0.2671984033669005,-1.8948499510842938,0.296649395810443,0.11066483514428814,-0.550604720678479,1.613122879038536,1.3976061534420787,2.1649269078373905,0.6692390247847929,0.5118843314050594,0.3912334293634686,-1.393801754466599,0.6951476404219008,-1.891609525696422,0.9718047967216048,-1.0453148932487974,-1.2036138015725106,-1.1906864146122942,-1.0125951333582166,0.04876205644582777
-0.686807239798107,0.9432003274143936,0.918931621293248,-1.915586590212679,-0.7485059090369985,0.3392336382285406,-0.8838799758295758,1.4966213620364697,1.3030256913781868,-1.1704353312178868,1.3043339073408973,1.8484572169055637,0.2265436482571342,0.12853841480716197,-0.6950043768187446,-1.2597820429368507,0.37391481022031176,0.5820591327294533,-0.08224768276974101,0.45210028496701515,0.9798452545829431,-0.7931497088805076,-0.8161675084820768,0.5623098711946839,0.1204345998750506,-1.4176485490338966,0.4029426279270897,0.04970507076073816,-0.34852215379065365,1.433840086032687,1.4156708231057,1.3737339529506651,0.9165035116222152,0.38434849292462175,0.005510620618422137,-1.0472451397939269,0.8504217715750737,-1.3341977075999212,0.6747082690463712,-1.061206197672294,-1.0347043470557573,-0.49079318606397254,-0.785806759247041,0.39122523102662105
1.2053249136599848,-2.3936803349758624,-1.915586590212679,4.750568579196692,1.1246021378659046,-0.7695427028800745,1.5565841205782491,-2.4263304211155257,-2.368200888188373,2.339912258115151,-3.9823632009614816,-4.495832283502217,-0.6672571600969295,-1.6844781114275833,0.6843645422044047,1.5922521439358681,-1.0723626168492866,-2.2869200240424643,0.34521106731865264,-0.37207744539942617,-3.304867298206432,2.957232165940488,1.0339009350793458,-1.6457251729696707,0.7163114353749637,3.682078213509473,-0.5719845484703042,-0.46579891536269996,1.088458791706684,-3.115640135690394,-2.717454878743629,-4.313635402102961,-1.2105000579971552,-1.0005060650483775,-0.9839312622761786,2.7669389116286065,-1.3869303929407852,3.823140065484897,-1.835086278461941,2.114002319101131,2.2884788509109204,2.4989555272076576,1.9225606455750255,0.01266129485222777
0.781937296407068,-0.6585309228901971,-0.7485059090369985,1.1246021378659046,1.14657350337787,-0.2936392149850174,0.9612898269035373,-1.8655555398084132,-1.537405506654225,1.180426305478389,-0.21897286091540577,-1.2185609005340223,-0.21786809010769648,1.0160611565984556,1.1573705305379725,2.080765043868272,6.67244928438992e-4,0.36366925618129636,-0.0694200377541909,-0.9626448891759012,0.11394564357096608,-0.32867950900799725,1.3205720360797553,-0.028940000381540095,-0.9735382507153116,0.797590898479369,-0.5523605602388123,0.4721929081023521,0.046853959490440036,-1.2348313556569155,-1.4428075782478484,-0.14618409774801736,-1.4042456497945586,-0.20495531692719565,0.8961300153424802,0.49010078491700165,-1.0023615500246539,0.3479134563244491,-0.3779053432621777,0.942010240153223,0.908030001573166,-0.7574434556311543,0.5727386138078707,-1.0376131179412462
-0.2526752900305455,0.4092831769958387,0.3392336382285406,-0.7695427028800745,-0.2936392149850174,0.14146834790081075,-0.3180145718038167,0.5421841764187054,0.5064689639256634,-0.4570670862542253,0.5657356115538787,0.7514304989310265,0.1280817988312216,0.10585428603786697,-0.22430951684888883,-0.46625211417836554,0.13616142275345838,0.2610344746293098,-0.03880434634490445,0.17047072420347684,0.4318759882566209,-0.3587432005256329,-0.29902867087778745,0.21567675569125386,0.026467382811100927,-0.5949163942990316,0.14107606695606453,-0.008565116382957134,-0.1547880282656573,0.5682419157788301,0.5340666445053763,0.6018660611226652,0.33004136199338063,0.16035280729042542,0.01772501856154635,-0.43098109983830707,0.2981089470906778,-0.5527203080968129,0.29979545746265207,-0.3887622947893378,-0.4191545623821366,-0.24637527159964748,-0.33097314288109025,0.12164116879645179
0.7720193158638279,-0.7827778753634499,-0.8838799758295758,1.5565841205782491,0.9612898269035373,-0.3180145718038167,0.9803717852891186,-1.7697554635692065,-1.4626320614494173,1.211363115720955,-0.7482003623980202,-1.5580001210823646,-0.18464224425880157,0.4960171338384375,1.0016144592654879,1.7270432480162294,-0.21258183972765235,-0.09323402585448665,0.005031870320792945,-0.7237329765393131,-0.41658594298508167,0.21075811968800467,1.1133506320333646,-0.31792634868802644,-0.5703083340253648,1.1050042367766966,-0.509192391428716,0.17067416854901576,0.19233539847597,-1.3722367077031865,-1.4947874759587352,-0.7368376715666745,-1.217445144051747,-0.296950924275164,0.4552569779938277,0.7813341725537515,-0.986815449995218,0.8526915015950006,-0.5085939280241407,1.06578885077092,0.9833914156812776,-0.1675335599170371,0.6732260783889049,-0.755111320284541
-1.4079461568286524,1.262484584654518,1.4966213620364697,-2.4263304211155257,-1.8655555398084132,0.5421841764187054,-1.7697554635692065,3.2900598705150834,2.6837307210237276,-2.147074312213401,0.8683365620604997,2.4940090607574597,0.31708944460596344,-1.3569381259543372,-1.9675596009593437,-3.398734234891871,0.22371783683162721,-0.2282013015706773,0.05492148976880694,1.4917563361339181,0.27921227985297703,0.09654472697255068,-2.179900926511082,0.344589767891923,1.3623413352080276,-1.694673525667591,0.9637968902279902,-0.5131607083681173,-0.21251008895837792,2.343872434958249,2.658264877858643,0.7885924544602146,2.3580942171997736,0.449880775942739,-1.1790292176980413,-1.149559603328074,1.8143654445038018,-1.0982847730909537,0.7719653113933025,-1.8401515666246726,-1.686157744776805,0.8191940600064936,-1.1011739811069081,1.6070433720797437
-1.169556063261797,1.2756972452263047,1.3030256913781868,-2.368200888188373,-1.537405506654225,0.5064689639256634,-1.4626320614494173,2.6837307210237276,2.287693549010122,-1.8776587810996055,1.1649715446248166,2.407000896878073,0.37645850210726917,-0.7714468052940506,-1.4952525136279793,-2.7088564248480136,0.26474682421873447,0.1111690009427251,-0.008663357350995625,1.1668512044247847,0.6350479830554516,-0.312230107240569,-1.7379720132265049,0.42062384178848733,0.9363959653456235,-1.7343720571340875,0.7672819424082953,-0.3884517653941994,-0.3069913192271836,2.122353983459445,2.275375789061569,1.1524379094473585,1.877501788314536,0.46385925560386704,-0.7729649391345832,-1.1979715104287636,1.4636439894999427,-1.2801796514311883,0.8369088554567676,-1.5784804617181007,-1.542509921933398,0.27763141257844887,-1.07303423949976,1.1698408806012304
0.9610944293991087,-1.2277422655450512,-1.1704353312178868,2.339912258115151,1.180426305478389,-0.4570670862542253,1.211363115720955,-2.147074312213401,-1.8776587810996055,1.6098067899627866,-1.430996713551473,-2.3195698063517733,-0.3517789045275691,0.2092406978058819,1.0833042941761564,2.0159159859404516,-0.3572274624753367,-0.4640613516496539,0.06471056393845684,-0.8131518009689972,-0.9745107054077219,0.7073186889570733,1.2959061764718296,-0.5559716428162081,-0.4784054962156133,1.7456495178903977,-0.5933097847911087,0.1642056075891311,0.3832988701667898,-1.9001527309501103,-1.9327312733462456,-1.4791811188725235,-1.4171572633048863,-0.46968219504615144,0.326422637242799,1.2455348099143349,-1.1834079411040692,1.4803139423935179,-0.850261013057087,1.3822500804519542,1.3840205790878892,0.24906335149692307,1.0183842097216445,-0.7517152860065742
-0.5613383817154425,1.998881209610457,1.3043339073408973,-3.9823632009614816,-0.21897286091540577,0.5657356115538787,-0.7482003623980202,0.8683365620604997,1.1649715446248166,-1.430996713551473,4.0135569571864185,3.663287291261496,0.5903240724110868,2.6665840894252493,0.34410226830850926,0.1226511519544493,1.075328944647679,2.70240710863493,-0.4264558018174184,-0.41476558239358075,3.5764197214411535,-3.395904058130049,0.05912218947750713,1.6471393296347832,-1.564605155359185,-3.2006788781918396,0.09961420567887688,0.7994179620898031,-1.1145516597613248,2.197534054385089,1.562717924189323,4.4301298558756566,0.03492727802192581,0.8782553416946353,1.7671131769316455,-2.476964686665936,0.5241381144272117,-3.69056371304416,1.6454394870042317,-1.3387617360996558,-1.63090506225825,-3.287006440985229,-1.5487564148723723,-0.9253631155228745
-1.2166076431802397,2.3000499140811916,1.8484572169055637,-4.495832283502217,-1.2185609005340223,0.7514304989310265,-1.5580001210823646,2.4940090607574597,2.407000896878073,-2.3195698063517733,3.663287291261496,4.288147147774204,0.6639641333069766,1.3711726839513638,-0.7943801802104619,-1.7903509741814472,0.9606522704703394,2.017460325940819,-0.3028515769637249,0.5030613392668193,2.9891921820211946,-2.63715165832801,-1.1553020042246258,1.4865173783287746,-0.4849076733367494,-3.4864245268530465,0.6041232261151708,0.3194032813130828,-1.0011213710228901,3.0336720860672814,2.6955107000512815,3.954442017551716,1.3244063687233805,0.9449905027920962,0.7370491894812573,-2.595182325535055,1.4084217166021478,-3.5276138495921994,1.7436168779027201,-2.0580462266188553,-2.233821995739002,-2.1510661286574635,-1.8498010219379923,0.15438282702197223
-0.15828368131279424,0.4131289325834586,0.2265436482571342,-0.6672571600969295,-0.21786809010769648,0.1280817988312216,-0.18464224425880157,0.31708944460596344,0.37645850210726917,-0.3517789045275691,0.5903240724110868,0.6639641333069766,0.18216101007364438,0.2391153578381949,-0.05548607391387017,-0.27942285846175124,0.0974739040021037,0.30526298471969954,-0.048334972539892794,0.10202648929937419,0.473841279280642,-0.41811946267135613,-0.17098400495695193,0.178019282055101,-0.053305576431584976,-0.5682004196290625,0.06801052545615884,-0.04956621508089271,-0.16722032542512338,0.4611839479019744,0.37074733038565144,0.6434924548158135,0.1786057817285243,0.15062631198312026,0.07667816205845909,-0.39696652541361355,0.15354097127823052,-0.5266813436799107,0.31712043833980563,-0.2489210270917733,-0.3609846252840564,-0.3455633726780141,-0.3152088358633613,0.006599963550542271
0.4291252043206475,0.7848720833393827,0.12853841480716197,-1.6844781114275833,1.0160611565984556,0.10585428603786697,0.4960171338384375,-1.3569381259543372,-0.7714468052940506,0.2092406978058819,2.6665840894252493,1.3711726839513638,0.2391153578381949,3.0017402671089695,1.5024219758784563,2.2530021189578,0.744519973896988,2.3297530612090465,-0.37180876795544127,-1.2929186841807168,2.6956510352053127,-2.789659197384798,1.4326691519160837,1.1360654489181956,-2.1417089183538565,-1.4945640228326158,-0.522366421123922,1.0081683813331153,-0.7533074655599641,0.2810673598887615,-0.41231288365906654,3.052643410386099,-1.4601751085824843,0.41728773351286363,2.1881587623597185,-1.2637073787350033,-0.6959107268177745,-2.284261581614465,0.8143001528714536,0.06373623025309463,-0.24089530486515429,-3.1594299220747013,-0.5413187159202648,-1.7553335592177701
0.7994234058620645,-0.3562692089331804,-0.6950043768187446,0.6843645422044047,1.1573705305379725,-0.22430951684888883,1.0016144592654879,-1.9675596009593437,-1.4952525136279793,1.0833042941761564,0.34410226830850926,-0.7943801802104619,-0.05548607391387017,1.5024219758784563,1.3891862877090313,2.2441162038712386,0.08412708573141858,0.7677708045260161,-0.12680367366482642,-1.0650824752934187,0.6281694214136831,-0.8333123090739896,1.4455688107044726,0.14270880428974625,-1.2483101629094442,0.36952188065640973,-0.6170409837067037,0.4884781549510128,-0.11129729950245154,-1.041330992091923,-1.3985485758690162,0.4957324150614477,-1.5442186937584892,-0.0961736701855461,1.163023993330325,0.19425164158747305,-1.0764185691624621,-0.11551335500565449,-0.12144341202356743,0.9203211330120284,0.7241048438552032,-1.2809559725835993,0.35511621736860516,-1.2617141704548336
1.400306545416714,-0.9290307347510557,-1.2597820429368507,1.5922521439358681,2.080765043868272,-0.46625211417836554,1.7270432480162294,-3.398734234891871,-2.7088564248480136,2.0159159859404516,0.1226511519544493,-1.7903509741814472,-0.27942285846175124,2.2530021189578,2.2441162038712386,3.879995530656978,0.1063936717488048,1.024294544082495,-0.181512555773357,-1.8290778745489888,0.6780627982038195,-1.0538379677814937,2.471006850697604,0.12968870167480015,-2.002351299639702,1.0483653602619059,-1.032252821198369,0.9147909453076388,-0.060577401420355774,-2.0209397489136336,-2.513019583081421,0.319441751507803,-2.625425967462604,-0.26642789348778284,1.8706283943539292,0.5968783074240548,-1.833530493393668,0.18233412215374506,-0.46152991937835347,1.6256003897886069,1.4651468545085795,-1.837802347256941,0.8427717603688039,-2.057684378321238
-0.14868598330448554,0.4838449870185619,0.37391481022031176,-1.0723626168492866,6.67244928438992e-4,0.13616142275345838,-0.21258183972765235,0.22371783683162721,0.26474682421873447,-0.3572274624753367,1.075328944647679,0.9606522704703394,0.0974739040021037,0.744519973896988,0.08412708573141858,0.1063936717488048,0.3323063071398868,0.7563083020211512,-0.11924574509419211,-0.16288962994355208,0.9755372011874658,-0.9343914762398989,0.05451998921529962,0.4866356496877123,-0.47590153906592086,-0.8276040564413717,0.026761853577625467,0.30659633185785906,-0.29517130234241234,0.5664738979501152,0.4130618433387329,1.1851925137358963,-0.018668166685690244,0.23050288049234766,0.5408261293033371,-0.6654822535562613,0.1546443569418732,-1.0126061281579823,0.40364599854615846,-0.38554827815445225,-0.4040245523834547,-0.9166934909797373,-0.3829814022030582,-0.27659088601336085
-0.04187730204504601,1.0965652796029084,0.5820591327294533,-2.2869200240424643,0.36366925618129636,0.2610344746293098,-0.09323402585448665,-0.2282013015706773,0.1111690009427251,-0.4640613516496539,2.70240710863493,2.017460325940819,0.30526298471969954,2.3297530612090465,0.7677708045260161,1.024294544082495,0.7563083020211512,2.0657773460838578,-0.32201700436529734,-0.731722616278855,2.550041025419765,-2.5217610662188643,0.6455979693258808,1.1529499134164547,-1.5486699447844712,-1.8820482945180432,-0.18162891776564655,0.7784594750880955,-0.7517077333191718,0.972857057037926,0.4393882895546054,3.0300962397601197,-0.6144629312448145,0.5186609083678626,1.6477925338150312,-1.5075900557473898,-0.07320662554331725,-2.4287113599272407,0.9743742165890551,-0.511689683210636,-0.7335575108405946,-2.639654972935437,-0.8288519964182806,-1.1131741503500323
-9.134885946238737e-4,-0.1670012687759773,-0.08224768276974101,0.34521106731865264,-0.0694200377541909,-0.03880434634490445,0.005031870320792945,0.05492148976880694,-0.008663357350995625,0.06471056393845684,-0.4264558018174184,-0.3028515769637249,-0.048334972539892794,-0.37180876795544127,-0.12680367366482642,-0.181512555773357,-0.11924574509419211,-0.32201700436529734,0.05657097910585029,0.12091083512758848,-0.4040549727122652,0.40110846838537584,-0.10889000564856198,-0.17499529378531936,0.24473737679031335,0.2857655858289292,0.031962008166525134,-0.12742509039586555,0.12134681746565402,-0.14588071944063194,-0.058769275437473026,-0.47647753042376745,0.10618706457446227,-0.0814982176926381,-0.26521255000418176,0.23536543604447768,0.02658628059285299,0.3775268860752531,-0.15120409394638878,0.07439086900423993,0.10463328995954173,0.42292705944771786,0.12156916438743137,0.1861937906294195
-0.5957831862692556,0.2704476772507396,0.45210028496701515,-0.37207744539942617,-0.9626448891759012,0.17047072420347684,-0.7237329765393131,1.4917563361339181,1.1668512044247847,-0.8131518009689972,-0.41476558239358075,0.5030613392668193,0.10202648929937419,-1.2929186841807168,-1.0650824752934187,-1.8290778745489888,-0.16288962994355208,-0.731722616278855,0.12091083512758848,0.9038767298213788,-0.6392772299933299,0.7994276197933251,-1.1633878639280713,-0.2296888452899415,1.0915431334988825,-0.20596079745308973,0.4676904507727391,-0.5309434097646015,0.1246858150711601,0.7462661940012973,1.0228799509405309,-0.5440263980798623,1.2209575070322167,0.046978932530824455,-1.0501681868438881,-0.05389722650017974,0.7888883698284689,0.2576723609318492,0.08115149396522084,-0.6201419416458903,-0.5409868334195015,1.156745727883229,-0.260296120524107,1.042633836950894
-0.2950822034367313,1.6322325220245515,0.9798452545829431,-3.304867298206432,0.11394564357096608,0.4318759882566209,-0.41658594298508167,0.27921227985297703,0.6350479830554516,-0.9745107054077219,3.5764197214411535,2.9891921820211946,0.473841279280642,2.6956510352053127,0.6281694214136831,0.6780627982038195,0.9755372011874658,2.550041025419765,-0.4040549727122652,-0.6392772299933299,3.2732523411130146,-3.167579828992847,0.41514391483602103,1.487564872482395,-1.6862322296990797,-2.6843543510034764,-0.060803525019615307,0.8542027890221497,-0.9965839545567394,1.6538862933901397,1.0228059236816225,3.975332442603951,-0.35187250887411514,0.7398834765407902,1.8472478911177361,-2.1108162767019736,0.20384181677738059,-3.2508217190541666,1.3877315936793138,-0.956430097005205,-1.23144283972545,-3.184903160942203,-1.2488136114727577,-1.1216648913530083
0.13067037851692795,-1.4446465843534613,-0.7931497088805076,2.957232165940488,-0.32867950900799725,-0.3587432005256329,0.21075811968800467,0.09654472697255068,-0.312230107240569,0.7073186889570733,-3.395904058130049,-2.63715165832801,-0.41811946267135613,-2.789659197384798,-0.8333123090739896,-1.0538379677814937,-0.9343914762398989,-2.5217610662188643,0.40110846838537584,0.7994276197933251,-3.167579828992847,3.1084436546266536,-0.655912327963497,-1.4218173903335547,1.8087014045130936,2.4279022820171736,0.16733922948013374,-0.905217535647092,0.9481421663331744,-1.3491894672814595,-0.7001167769936614,-3.793938037844266,0.612174667755646,-0.6708401756206916,-1.9464182636335423,1.932981627601768,0.001659350541667343,3.05593926882846,-1.263002710595629,0.7320000290582829,1.0093613547808842,3.20817942480146,1.091673284643924,1.279217859269736
0.9000869674279955,-0.5931804451141973,-0.8161675084820768,1.0339009350793458,1.3205720360797553,-0.29902867087778745,1.1133506320333646,-2.179900926511082,-1.7379720132265049,1.2959061764718296,0.05912218947750713,-1.1553020042246258,-0.17098400495695193,1.4326691519160837,1.4455688107044726,2.471006850697604,0.05451998921529962,0.6455979693258808,-0.10889000564856198,-1.1633878639280713,0.41514391483602103,-0.655912327963497,1.5820226531114008,0.07339821791789122,-1.274381577811602,0.6751932313256729,-0.664686120458369,0.5628990807133508,-0.03126019271387058,-1.3053966106634844,-1.620591125239798,0.18669080853267603,-1.6821858922019752,-0.175675751456138,1.1808630848358879,0.39600953083378976,-1.1758717526720364,0.1352836533648619,-0.2962684038306617,1.0566118024242577,0.9365528433989493,-1.1571344433101163,0.5357603228075006,-1.3087357812780103
-0.2269787480603552,0.7677166593733457,0.5623098711946839,-1.6457251729696707,-0.028940000381540095,0.21567675569125386,-0.31792634868802644,0.344589767891923,0.42062384178848733,-0.5559716428162081,1.6471393296347832,1.4865173783287746,0.178019282055101,1.1360654489181956,0.14270880428974625,0.12968870167480015,0.4866356496877123,1.1529499134164547,-0.17499529378531936,-0.2296888452899415,1.487564872482395,-1.4218173903335547,0.07339821791789122,0.730800196186108,-0.7134297405492168,-1.288600806839223,0.037569426630420455,0.4231731502383854,-0.4509682519312722,0.872910437876978,0.6291745882752141,1.8202840197550265,-0.022333005334545058,0.35371289105303877,0.8010247929892774,-1.0165451492573279,0.2334722171931997,-1.5434348072936566,0.6366307070543558,-0.5721055468950331,-0.6381830598139732,-1.3906978536391703,-0.6076349870915879,-0.4114289593800312
-0.4850438713187662,-0.2671984033669005,0.1204345998750506,0.7163114353749637,-0.9735382507153116,0.026467382811100927,-0.5703083340253648,1.3623413352080276,0.9363959653456235,-0.4784054962156133,-1.564605155359185,-0.4849076733367494,-0.053305576431584976,-2.1417089183538565,-1.2483101629094442,-2.002351299639702,-0.47590153906592086,-1.5486699447844712,0.24473737679031335,1.0915431334988825,-1.6862322296990797,1.8087014045130936,-1.274381577811602,-0.7134297405492168,1.6205262524144508,0.6757953742968319,0.4778114826063968,-0.7939906001298331,0.4423636121795124,0.19426769878848466,0.6681958185613303,-1.8225786927546879,1.3086252850191706,-0.19253578634374818,-1.6265559879441107,0.6312800693844565,0.6982021816816754,1.3098609021022716,-0.37122039959555386,-0.29655091190376504,-0.12426294253475885,2.163295619791922,0.15636685908624845,1.3801860210391268
0.861158060388196,-1.8948499510842938,-1.4176485490338966,3.682078213509473,0.797590898479369,-0.5949163942990316,1.1050042367766966,-1.694673525667591,-1.7343720571340875,1.7456495178903977,-3.2006788781918396,-3.4864245268530465,-0.5682004196290625,-1.4945640228326158,0.36952188065640973,1.0483653602619059,-0.8276040564413717,-1.8820482945180432,0.2857655858289292,-0.20596079745308973,-2.6843543510034764,2.4279022820171736,0.6751932313256729,-1.288600806839223,0.6757953742968319,2.899267170176508,-0.37953856130627645,-0.358952380333414,0.8795335533712763,-2.362939808569415,-1.9915074926647554,-3.483229050833233,-0.795496606692091,-0.7855886762384667,-0.8699713605266931,2.1703052187372336,-0.959670670370665,3.028877651648167,-1.469047669528215,1.5461315058997833,1.7531258413358906,2.1095874436061037,1.506475874727069,0.14047499983097098
-0.40474808461245343,0.296649395810443,0.4029426279270897,-0.5719845484703042,-0.5523605602388123,0.14107606695606453,-0.509192391428716,0.9637968902279902,0.7672819424082953,-0.5933097847911087,0.09961420567887688,0.6041232261151708,0.06801052545615884,-0.522366421123922,-0.6170409837067037,-1.032252821198369,0.026761853577625467,-0.18162891776564655,0.031962008166525134,0.4676904507727391,-0.060803525019615307,0.16733922948013374,-0.664686120458369,0.037569426630420455,0.4778114826063968,-0.37953856130627645,0.29099358054354535,-0.18078212570058005,-0.02049191392400711,0.622682284846819,0.7451646857928148,0.057103012447811914,0.7158302605093865,0.1008219902306857,-0.4270207833110787,-0.24861244464896168,0.529487092631363,-0.18280400769065963,0.16477130710561694,-0.5079669466606441,-0.4418226094853151,0.3811125338052828,-0.2663207557490585,0.5243858365343879
0.1683504110620847,0.11066483514428814,0.04970507076073816,-0.46579891536269996,0.4721929081023521,-0.008565116382957134,0.17067416854901576,-0.5131607083681173,-0.3884517653941994,0.1642056075891311,0.7994179620898031,0.3194032813130828,-0.04956621508089271,1.0081683813331153,0.4884781549510128,0.9147909453076388,0.30659633185785906,0.7784594750880955,-0.12742509039586555,-0.5309434097646015,0.8542027890221497,-0.905217535647092,0.5628990807133508,0.4231731502383854,-0.7939906001298331,-0.358952380333414,-0.18078212570058005,0.5005254152756098,-0.22274503003354054,-0.009728323142315887,-0.19927888837902127,0.915186028606676,-0.5558167984120334,0.10956046792849664,0.8279656777598889,-0.3652383356113049,-0.23197618528662944,-0.718921799621574,0.1612173741987439,0.010687505495431102,0.0313495261968553,-1.0595672486418997,-0.07568413186108065,-0.6327307618537245
0.14373207952651945,-0.550604720678479,-0.34852215379065365,1.088458791706684,0.046853959490440036,-0.1547880282656573,0.19233539847597,-0.21251008895837792,-0.3069913192271836,0.3832988701667898,-1.1145516597613248,-1.0011213710228901,-0.16722032542512338,-0.7533074655599641,-0.11129729950245154,-0.060577401420355774,-0.29517130234241234,-0.7517077333191718,0.12134681746565402,0.1246858150711601,-0.9965839545567394,0.9481421663331744,-0.03126019271387058,-0.4509682519312722,0.4423636121795124,0.8795335533712763,-0.02049191392400711,-0.22274503003354054,0.31238692030534665,-0.5963808252996601,-0.41435894200661555,-1.2311251407297024,0.007825623300015492,-0.242710780808897,-0.49891445637249293,0.6825557494720922,-0.12705299149939514,1.0186160162376485,-0.45633607415521255,0.3566348290514767,0.4414431417263439,0.9238421460143017,0.42322451834456287,0.2720576268554849
-1.0814643202801129,1.613122879038536,1.433840086032687,-3.115640135690394,-1.2348313556569155,0.5682419157788301,-1.3722367077031865,2.343872434958249,2.122353983459445,-1.9001527309501103,2.197534054385089,3.0336720860672814,0.4611839479019744,0.2810673598887615,-1.041330992091923,-2.0209397489136336,0.5664738979501152,0.972857057037926,-0.14588071944063194,0.7462661940012973,1.6538862933901397,-1.3491894672814595,-1.3053966106634844,0.872910437876978,0.19426769878848466,-2.362939808569415,0.622682284846819,-0.009728323142315887,-0.5963808252996601,2.3383349880849162,2.255656399858512,2.3227049344044386,1.4467980657267867,0.6402802636616127,2.082945974012525e-4,-1.7254048125473944,1.3014934671612937,-2.1894782958344825,1.1654392662326667,-1.6571065556246813,-1.705342578909827,-0.8637492986999139,-1.3177924924284763,0.590946520412182
-1.1808887674287953,1.3976061534420787,1.4156708231057,-2.717454878743629,-1.4428075782478484,0.5340666445053763,-1.4947874759587352,2.658264877858643,2.275375789061569,-1.9327312733462456,1.562717924189323,2.6955107000512815,0.37074733038565144,-0.41231288365906654,-1.3985485758690162,-2.513019583081421,0.4130618433387329,0.4393882895546054,-0.058769275437473026,1.0228799509405309,1.0228059236816225,-0.7001167769936614,-1.620591125239798,0.6291745882752141,0.6681958185613303,-1.9915074926647554,0.7451646857928148,-0.19927888837902127,-0.41435894200661555,2.255656399858512,2.346734382952752,1.5961192371049584,1.7747354291778565,0.5375536912832247,-0.48097539800883676,-1.4244946243413001,1.4740797885589882,-1.6593744049247625,0.951166451944553,-1.6837899087778334,-1.6295715218850655,-0.13398731507882147,-1.1722763387292947,0.9910051246153619
-0.54833742687988,2.1649269078373905,1.3737339529506651,-4.313635402102961,-0.14618409774801736,0.6018660611226652,-0.7368376715666745,0.7885924544602146,1.1524379094473585,-1.4791811188725235,4.4301298558756566,3.954442017551716,0.6434924548158135,3.052643410386099,0.4957324150614477,0.319441751507803,1.1851925137358963,3.0300962397601197,-0.47647753042376745,-0.5440263980798623,3.975332442603951,-3.793938037844266,0.18669080853267603,1.8202840197550265,-1.8225786927546879,-3.483229050833233,0.057103012447811914,0.915186028606676,-1.2311251407297024,2.3227049344044386,1.5961192371049584,4.902243887421462,-0.09139090226676597,0.9550883887725358,2.035313117035333,-2.6998865565296137,0.48676568426478095,-4.058446573495938,1.7954105904039475,-1.3897750579080732,-1.7309914650660756,-3.711407242611571,-1.6721845166428204,-1.1199496467578105
-0.9787394365288239,0.6692390247847929,0.9165035116222152,-1.2105000579971552,-1.4042456497945586,0.33004136199338063,-1.217445144051747,2.3580942171997736,1.877501788314536,-1.4171572633048863,0.03492727802192581,1.3244063687233805,0.1786057817285243,-1.4601751085824843,-1.5442186937584892,-2.625425967462604,-0.018668166685690244,-0.6144629312448145,0.10618706457446227,1.2209575070322167,-0.35187250887411514,0.612174667755646,-1.6821858922019752,-0.022333005334545058,1.3086252850191706,-0.795496606692091,0.7158302605093865,-0.5558167984120334,0.007825623300015492,1.4467980657267867,1.7747354291778565,-0.09139090226676597,1.7963883044364781,0.207797965710672,-1.2015597461348975,-0.4860012159121007,1.280424302241009,-0.24420048059571708,0.3470532546253941,-1.1742674634151482,-1.035858456973733,1.1485247652847617,-0.6040741740145966,1.372905021493823
-0.23060696225651134,0.5118843314050594,0.38434849292462175,-1.0005060650483775,-0.20495531692719565,0.16035280729042542,-0.296950924275164,0.449880775942739,0.46385925560386704,-0.46968219504615144,0.8782553416946353,0.9449905027920962,0.15062631198312026,0.41728773351286363,-0.0961736701855461,-0.26642789348778284,0.23050288049234766,0.5186609083678626,-0.0814982176926381,0.046978932530824455,0.7398834765407902,-0.6708401756206916,-0.175675751456138,0.35371289105303877,-0.19253578634374818,-0.7855886762384667,0.1008219902306857,0.10956046792849664,-0.242710780808897,0.6402802636616127,0.5375536912832247,0.9550883887725358,0.207797965710672,0.21544434190322026,0.24915716014867983,-0.5935875313634941,0.2548106640872412,-0.8295918859978202,0.3982491376693203,-0.42080428804030984,-0.4705610884354782,-0.5869174655777012,-0.40500139935844354,-0.04905009545202008
0.39785418737701145,0.3912334293634686,0.005510620618422137,-0.9839312622761786,0.8961300153424802,0.01772501856154635,0.4552569779938277,-1.1790292176980413,-0.7729649391345832,0.326422637242799,1.7671131769316455,0.7370491894812573,0.07667816205845909,2.1881587623597185,1.163023993330325,1.8706283943539292,0.5408261293033371,1.6477925338150312,-0.26521255000418176,-1.0501681868438881,1.8472478911177361,-1.9464182636335423,1.1808630848358879,0.8010247929892774,-1.6265559879441107,-0.8699713605266931,-0.4270207833110787,0.8279656777598889,-0.49891445637249293,2.082945974012525e-4,-0.48097539800883676,2.035313117035333,-1.2015597461348975,0.24915716014867983,1.658040161658068,-0.7860394958502727,-0.5943533573164422,-1.5121613624810977,0.46339477722429556,0.1479672890340674,-0.007212499129156068,-2.2657253933232733,-0.25636616119372013,-1.3512178647845885
0.6010287760844429,-1.393801754466599,-1.0472451397939269,2.7669389116286065,0.49010078491700165,-0.43098109983830707,0.7813341725537515,-1.149559603328074,-1.1979715104287636,1.2455348099143349,-2.476964686665936,-2.595182325535055,-0.39696652541361355,-1.2637073787350033,0.19425164158747305,0.5968783074240548,-0.6654822535562613,-1.5075900557473898,0.23536543604447768,-0.05389722650017974,-2.1108162767019736,1.932981627601768,0.39600953083378976,-1.0165451492573279,0.6312800693844565,2.1703052187372336,-0.24861244464896168,-0.3652383356113049,0.6825557494720922,-1.7254048125473944,-1.4244946243413001,-2.6998865565296137,-0.4860012159121007,-0.5935875313634941,-0.7860394958502727,1.6507627360853296,-0.6606253206402691,2.338203002129139,-1.094939576376971,1.1361876343120259,1.2673465442161287,1.7277470084745297,1.1040488591602329,0.2155193515441501
-0.7793646578628664,0.6951476404219008,0.8504217715750737,-1.3869303929407852,-1.0023615500246539,0.2981089470906778,-0.986815449995218,1.8143654445038018,1.4636439894999427,-1.1834079411040692,0.5241381144272117,1.4084217166021478,0.15354097127823052,-0.6959107268177745,-1.0764185691624621,-1.833530493393668,0.1546443569418732,-0.07320662554331725,0.02658628059285299,0.7888883698284689,0.20384181677738059,0.001659350541667343,-1.1758717526720364,0.2334722171931997,0.6982021816816754,-0.959670670370665,0.529487092631363,-0.23197618528662944,-0.12705299149939514,1.3014934671612937,1.4740797885589882,0.48676568426478095,1.280424302241009,0.2548106640872412,-0.5943533573164422,-0.6606253206402691,1.013352449478604,-0.660047339346504,0.4273580129656881,-1.0364970523022727,-0.9334678716621879,0.3936780217953902,-0.6126630677411316,0.859318837047873
0.6410607527890437,-1.891609525696422,-1.3341977075999212,3.823140065484897,0.3479134563244491,-0.5527203080968129,0.8526915015950006,-1.0982847730909537,-1.2801796514311883,1.4803139423935179,-3.69056371304416,-3.5276138495921994,-0.5266813436799107,-2.284261581614465,-0.11551335500565449,0.18233412215374506,-1.0126061281579823,-2.4287113599272407,0.3775268860752531,0.2576723609318492,-3.2508217190541666,3.05593926882846,0.1352836533648619,-1.5434348072936566,1.3098609021022716,3.028877651648167,-0.18280400769065963,-0.718921799621574,1.0186160162376485,-2.1894782958344825,-1.6593744049247625,-4.058446573495938,-0.24420048059571708,-0.8295918859978202,-1.5121613624810977,2.338203002129139,-0.660047339346504,3.4392218690811256,-1.53323957840306,1.3964083498104993,1.6146069244589438,2.8941212504731157,1.4848788090099507,0.6898378511007214
-0.40056115783356766,0.9718047967216048,0.6747082690463712,-1.835086278461941,-0.3779053432621777,0.29979545746265207,-0.5085939280241407,0.7719653113933025,0.8369088554567676,-0.850261013057087,1.6454394870042317,1.7436168779027201,0.31712043833980563,0.8143001528714536,-0.12144341202356743,-0.46152991937835347,0.40364599854615846,0.9743742165890551,-0.15120409394638878,0.08115149396522084,1.3877315936793138,-1.263002710595629,-0.2962684038306617,0.6366307070543558,-0.37122039959555386,-1.469047669528215,0.16477130710561694,0.1612173741987439,-0.45633607415521255,1.1654392662326667,0.951166451944553,1.7954105904039475,0.3470532546253941,0.3982491376693203,0.46339477722429556,-1.094939576376971,0.4273580129656881,-1.53323957840306,0.7605679419873068,-0.7309885716484464,-0.8715659426572743,-1.116530669145436,-0.7625732908759146,-0.11796460921949882
0.8318809048283671,-1.0453148932487974,-1.061206197672294,2.114002319101131,0.942010240153223,-0.3887622947893378,1.06578885077092,-1.8401515666246726,-1.5784804617181007,1.3822500804519542,-1.3387617360996558,-2.0580462266188553,-0.2489210270917733,0.06373623025309463,0.9203211330120284,1.6256003897886069,-0.38554827815445225,-0.511689683210636,0.07439086900423993,-0.6201419416458903,-0.956430097005205,0.7320000290582829,1.0566118024242577,-0.5721055468950331,-0.29655091190376504,1.5461315058997833,-0.5079669466606441,0.010687505495431102,0.3566348290514767,-1.6571065556246813,-1.6837899087778334,-1.3897750579080732,-1.1742674634151482,-0.42080428804030984,0.1479672890340674,1.1361876343120259,-1.0364970523022727,1.3964083498104993,-0.7309885716484464,1.2458270825133004,1.1877175429885463,0.35287618962608436,0.8752970766914423,-0.5780405156223344
0.7790592267701365,-1.2036138015725106,-1.0347043470557573,2.2884788509109204,0.908030001573166,-0.4191545623821366,0.9833914156812776,-1.686157744776805,-1.542509921933398,1.3840205790878892,-1.63090506225825,-2.233821995739002,-0.3609846252840564,-0.24089530486515429,0.7241048438552032,1.4651468545085795,-0.4040245523834547,-0.7335575108405946,0.10463328995954173,-0.5409868334195015,-1.23144283972545,1.0093613547808842,0.9365528433989493,-0.6381830598139732,-0.12426294253475885,1.7531258413358906,-0.4418226094853151,0.0313495261968553,0.4414431417263439,-1.705342578909827,-1.6295715218850655,-1.7309914650660756,-1.035858456973733,-0.4705610884354782,-0.007212499129156068,1.2673465442161287,-0.9334678716621879,1.6146069244589438,-0.8715659426572743,1.1877175429885463,1.257643654046246,0.6578718931995778,0.9818607760715085,-0.41584617122023115
-0.1738453368945717,-1.1906864146122942,-0.49079318606397254,2.4989555272076576,-0.7574434556311543,-0.24637527159964748,-0.1675335599170371,0.8191940600064936,0.27763141257844887,0.24906335149692307,-3.287006440985229,-2.1510661286574635,-0.3455633726780141,-3.1594299220747013,-1.2809559725835993,-1.837802347256941,-0.9166934909797373,-2.639654972935437,0.42292705944771786,1.156745727883229,-3.184903160942203,3.20817942480146,-1.1571344433101163,-1.3906978536391703,2.163295619791922,2.1095874436061037,0.3811125338052828,-1.0595672486418997,0.9238421460143017,-0.8637492986999139,-0.13398731507882147,-3.711407242611571,1.1485247652847617,-0.5869174655777012,-2.2657253933232733,1.7277470084745297,0.3936780217953902,2.8941212504731157,-1.116530669145436,0.35287618962608436,0.6578718931995778,3.4727555635840206,0.8701939254670514,1.666587346581114
0.53233002196796,-1.0125951333582166,-0.785806759247041,1.9225606455750255,0.5727386138078707,-0.33097314288109025,0.6732260783889049,-1.1011739811069081,-1.07303423949976,1.0183842097216445,-1.5487564148723723,-1.8498010219379923,-0.3152088358633613,-0.5413187159202648,0.35511621736860516,0.8427717603688039,-0.3829814022030582,-0.8288519964182806,0.12156916438743137,-0.260296120524107,-1.2488136114727577,1.091673284643924,0.5357603228075006,-0.6076349870915879,0.15636685908624845,1.506475874727069,-0.2663207557490585,-0.07568413186108065,0.42322451834456287,-1.3177924924284763,-1.1722763387292947,-1.6721845166428204,-0.6040741740145966,-0.40500139935844354,-0.25636616119372013,1.1040488591602329,-0.6126630677411316,1.4848788090099507,-0.7625732908759146,0.8752970766914423,0.9818607760715085,0.8701939254670514,0.8123761228757205,-0.10459259910898237
-0.6192038716524325,0.04876205644582777,0.39122523102662105,0.01266129485222777,-1.0376131179412462,0.12164116879645179,-0.755111320284541,1.6070433720797437,1.1698408806012304,-0.7517152860065742,-0.9253631155228745,0.15438282702197223,0.006599963550542271,-1.7553335592177701,-1.2617141704548336,-2.057684378321238,-0.27659088601336085,-1.1131741503500323,0.1861937906294195,1.042633836950894,-1.1216648913530083,1.279217859269736,-1.3087357812780103,-0.4114289593800312,1.3801860210391268,0.14047499983097098,0.5243858365343879,-0.6327307618537245,0.2720576268554849,0.590946520412182,0.9910051246153619,-1.1199496467578105,1.372905021493823,-0.04905009545202008,-1.3512178647845885,0.2155193515441501,0.859318837047873,0.6898378511007214,-0.11796460921949882,-0.5780405156223344,-0.41584617122023115,1.666587346581114,-0.10459259910898237,1.2790484362318997
