V1,V2,V3,V4,V5,V6,V7,V8,V9,V10,V11,V12,V13,V14,V15,V16,V17,V18,V19,V20,V21,V22,V23,V24,V25,V26,V27,V28,V29,V30,V31,V32,V33,V34,V35,V36,V37,V38,V39,V40,V41,V42,V43
0.2633328249710885,-0.24539437814041865,0.3736080550504,0.23923893489475528,0.21610154029011774,-0.19202053547279374,-0.13465209688339,0.16647155896480403,0.10314460228971813,-0.31377515653857085,-0.0789256988766852,-0.39144981879876195,0.14978521863557748,-0.3919118523509035,0.10550439075206842,-0.10144987705582746,-0.4347458050729283,0.15631212959881954,0.020764019793893067,0.332317212116168,0.10664689449660114,-0.14476154981817496,-0.0805991188247443,-0.25687919193132946,-0.3209840568034236,-0.3020451737617237,0.07827572021543625,-0.009361874032162031,-0.06295051503875994,0.384112164161969,0.29101883737781237,-0.0032027668325598185,0.029717015942399592,-0.1079375654117987,-0.06479852714438017,-0.017454438357878473,0.32464042572874197,-0.10130607763851573,0.592894825092945,0.21586527720033305,-0.14993619971504815,0.04579427817689817,-0.46218961619151827
-0.24539437814041865,0.38946228010935446,-0.40224978462908073,-0.9689171294423117,-0.5228997230673328,0.1494968154639164,0.15731813017266622,-0.14608923723960696,0.15208726008523482,0.6537564460087949,0.3607998453035839,0.5659737369726829,-0.7436403337809205,0.6582668916333594,-0.517977463646961,0.002114016550401828,0.12148354646885225,-0.31551157234529786,-0.09949598380971952,-0.3300769756492222,0.3162207258626755,-0.27939396428247615,0.49175662742577764,0.16251587220841304,0.6341295849234926,0.5216800062874518,0.39812578589665915,0.13593628238632666,0.5178990156126205,-0.23903939109703057,-0.7268906501327427,0.21903546611488636,0.062448289431641144,0.309507052045798,0.733548620026326,-0.38984485304997146,-0.737413797473763,0.6617483877574722,-1.164184576078346,-0.6429536259886874,0.22662903887470412,0.12579165329252745,0.7181068922297849
0.3736080550504,-0.40224978462908073,1.2777259457701025,1.1726579913911443,0.621267057552077,-0.9259192581211202,-0.7644625406516999,0.717318573396644,-0.36495252394565464,-1.0299192149554055,-0.3890738322195327,-0.6090786342872382,-0.012817178360607605,-0.5574741089024529,1.0259953244330111,-0.006099243853325495,-0.1851398979351745,0.569554271822001,0.7673936983734356,0.11232657545441768,0.48634530499122347,0.3044177333213538,-1.4838256133773662,-0.04182304475496023,-0.8261956189623063,-1.3386436758157216,-0.7778581697191959,-0.0931010861045375,-0.8282617749444106,0.24083143954341404,1.4189147233284023,-0.8135748648600227,0.47817144652875027,-0.372627055167114,-0.3225087410407981,0.6710279249931325,2.0495036636615733,-0.14221585705485087,2.477347646937635,-0.027481793539557264,-0.6515501684261833,-0.5790040540527805,-1.339107502981349
0.23923893489475528,-0.9689171294423117,1.1726579913911443,4.311468465786646,2.009288677020848,-0.552435293853965,-0.6298293225373139,0.38098393671635866,-1.6355620535122009,-2.362671690676725,-1.7102021005316308,-1.1935131001901624,2.6910707116964887,-1.6992444305728431,2.6530431596656916,0.46177834033949733,1.4764186011494889,1.183065397057891,0.8827173419577563,0.15175642490659993,-1.7055694661409773,2.197006863819799,-3.165247013223789,0.4802964509714227,-2.041601961056809,-2.0589030607471503,-2.836458236543094,-0.6271298287363514,-2.774849634538468,-0.4263772453672068,3.2111766880544184,-1.5605832707127867,-0.268724534258794,-1.3632682801851435,-3.344197565420628,2.4782931271179445,3.5152821789044526,-2.6401970039858176,4.566182949187081,1.7917498619557264,-0.8349432759593672,-1.4483354347355213,-2.2087819125858825
0.21610154029011774,-0.5228997230673328,0.621267057552077,2.009288677020848,1.0389166973323736,-0.2845774465359444,-0.29351832129512884,0.15240479261517664,-0.8232095328681036,-1.1178257909034268,-0.8380724933049332,-0.6058205412810955,1.26600820848293,-0.889639859711257,1.183888774211536,0.16417665916676422,0.643263607447984,0.574765910891068,0.3397840542120902,0.22133798726672585,-0.8690252308181257,0.9251243021777883,-1.4742969838252358,0.22562750516617397,-0.9828106343678302,-1.0121123581173446,-1.2546761885963278,-0.25316337122537574,-1.2850783082742185,-0.06604096629412827,1.549610370007695,-0.6579929424649765,-0.25801869492720686,-0.7346399342520242,-1.5333876177476633,1.1524455959403406,1.662430995410838,-1.2128295271177567,2.1967086979675674,0.7786105357377239,-0.37780039810400595,-0.7708843346422286,-1.0982950699581855
-0.19202053547279374,0.1494968154639164,-0.9259192581211202,-0.552435293853965,-0.2845774465359444,0.760647226149892,0.6508000686319757,-0.577795979212589,0.30531353442837994,0.5629088230226368,0.1510691258335551,0.21579148691146552,0.42444685177301794,0.09844104547766877,-0.6917036352815533,0.0012561977007766669,0.03200432457964281,-0.34929424963682193,-0.6815855445485521,0.12614735809241778,-0.58770849438217,-0.15122414230794584,1.1360850324174365,-0.13121299525540248,0.3980107872897772,0.9670155453420061,0.5432447516587183,0.0022298930111555064,0.5146689972307315,-0.01393840705356079,-0.9065852149079004,0.6754742032961761,-0.4854819376334746,0.17751773422533418,-0.09722721877592642,-0.444433084288858,-1.5252109321854532,-0.22084981098916082,-1.6497254083351474,0.4211689943215256,0.464199590003993,0.517132969268911,0.8119639963272818
-0.13465209688339,0.15731813017266622,-0.7644625406516999,-0.6298293225373139,-0.29351832129512884,0.6508000686319757,0.7382285417719836,-0.5548920591341787,0.3845032590083377,0.5258963370647001,0.11856617202504574,0.2295457906730745,0.2369016142287368,0.026502326198193444,-0.7986227539705592,-0.008485923196015007,-0.08699972964241369,-0.3442791895806243,-0.7308927152328891,0.21835834749323096,-0.3811445358077332,-0.2388817847003041,1.149814142190338,-0.3075411725602236,0.4270711801872669,1.0175754873854506,0.6594165598597586,0.0063734948527441855,0.6308725753529575,0.20629367899291012,-0.9205639176303543,0.812750521877119,-0.5208915798978223,0.16002628961388204,0.08296280163439142,-0.5587258561464441,-1.58363221342942,0.0038773946797677605,-1.6409037312699104,0.3024134322902383,0.42013356896445325,0.5666018288664397,0.7517086241752726
0.16647155896480403,-0.14608923723960696,0.717318573396644,0.38098393671635866,0.15240479261517664,-0.577795979212589,-0.5548920591341787,0.5195348668161661,-0.04776713871660179,-0.46876074228375253,-0.030638714407375745,-0.30645622668303524,-0.2751538980914791,-0.12216734925070814,0.5331504843634585,-0.029613009079721517,-0.2782442582712462,0.2707058639528328,0.5506507137807919,-0.06770340420054342,0.5625265878961844,0.047945557158171434,-0.7315944712313134,-0.030646130655926244,-0.3758378850475921,-0.760875512556217,-0.32111254820380397,-0.0203006231953444,-0.33339634469628143,0.06272444559130397,0.6524358953354729,-0.5362575914322496,0.5210706127632357,-0.029228674429454732,0.08517786463712154,0.24218722377703467,1.1389157560435015,0.11173683864906171,1.279781096764917,-0.14284343501062502,-0.38724889790270806,-0.20095933842920882,-0.6860158708594137
0.10314460228971813,0.15208726008523482,-0.36495252394565464,-1.6355620535122009,-0.8232095328681036,0.30531353442837994,0.3845032590083377,-0.04776713871660179,1.3620627274279373,0.6308313894533344,0.7439250662861475,-0.17286484049839293,-0.5815054673077368,0.08726982225801896,-1.197824054389227,-0.2817006229070433,-1.5842431544991642,-0.42266236011370045,-0.5693371185814505,0.4136756201355347,0.86686907359605,-1.1157105346759801,1.8879556327651699,-0.9855317631627821,0.4436198093795129,0.9238493183884574,1.5844897418398154,0.1238909957650478,1.3746912266379174,0.7778514709612598,-1.355779002524993,0.9134866366266842,0.252585805239875,0.7317970347006687,1.146353613588164,-1.4004011559011176,-1.7858107161604262,0.7133583983082099,-1.787475252533797,0.21551916074323574,0.23774781428924222,1.3667243183825748,0.5264853935312083
-0.31377515653857085,0.6537564460087949,-1.0299192149554055,-2.362671690676725,-1.1178257909034268,0.5629088230226368,0.5258963370647001,-0.46876074228375253,0.6308313894533344,1.5289843565504486,0.8796205745665131,0.9734103058271693,-1.346761916433064,1.156655602681154,-1.5040654642001283,-0.16681111207884597,-0.2514174405304854,-0.7504510614532403,-0.6012572370822684,-0.2751179412506047,0.523739628530239,-0.9951463515366801,1.7455288222418008,0.058327142036076675,1.3321369879354132,1.3852587367478693,1.3884435662116519,0.3489801822152029,1.4455503359397517,-0.10449717161026348,-1.93668039800889,0.8995590251411796,-0.0978070186640066,0.6837918224845109,1.6617215009094155,-1.2132090538812268,-2.194461344374448,1.336989538971295,-2.950167239947202,-1.0872599203588802,0.6415665654447579,0.6078362309126616,1.593191762883635
-0.0789256988766852,0.3607998453035839,-0.3890738322195327,-1.7102021005316308,-0.8380724933049332,0.1510691258335551,0.11856617202504574,-0.030638714407375745,0.7439250662861475,0.8796205745665131,0.7483266207572001,0.37183286666473997,-1.0965705343315142,0.6774424803283978,-0.9701695847643949,-0.2026781754954408,-0.7507767356390973,-0.44015872868069444,-0.23674477159088858,-0.09178112369799898,0.8232059422665436,-0.9018389520611495,1.2368500506248412,-0.23277983716355322,0.7363175430579432,0.6995177836822499,1.1270132495358345,0.24091430175509806,1.0885719132983105,0.158255357261919,-1.2308700428091712,0.507458794490577,0.29289548193187315,0.6181843525399364,1.3600402205397741,-1.002472499780528,-1.250633402062823,1.0350122259468226,-1.651214143777478,-0.649525352743263,0.2676106790489617,0.6536976900841115,0.7739747945813462
-0.39144981879876195,0.5659737369726829,-0.6090786342872382,-1.1935131001901624,-0.6058205412810955,0.21579148691146552,0.2295457906730745,-0.30645622668303524,-0.17286484049839293,0.9734103058271693,0.37183286666473997,1.0362466267822399,-1.065679177306812,1.0593444577097166,-0.6114460145429526,0.053007016481653214,0.6907054776693549,-0.4214609034059286,-0.10242236540026853,-0.6006432693578743,0.21007615387794823,-0.19961131037555116,0.3632083931417784,0.5666540205440593,0.9703122594806763,0.6939979105730789,0.2804066585524646,0.21870928234097556,0.5144915810420324,-0.5600570625590426,-0.93534787279497,0.22327413101530214,-0.09090997784624458,0.2518904083547419,0.9446997278015781,-0.29445532598828406,-0.8433441438527759,0.9479150227034384,-1.5341085875366351,-1.207438600673099,0.36684558803735084,-0.20778612784838152,1.0995210794611336
0.14978521863557748,-0.7436403337809205,-0.012817178360607605,2.6910707116964887,1.26600820848293,0.42444685177301794,0.2369016142287368,-0.2751538980914791,-0.5815054673077368,-1.346761916433064,-1.0965705343315142,-1.065679177306812,2.760880150092997,-1.5336091059323107,1.1729720895628266,0.2543955459758955,0.577454729787221,0.5607017550507151,-0.19924808934919414,0.5903788941368804,-1.88693442310148,1.2870406769270577,-0.8453501010547498,-0.15426035414345862,-1.3407015765336,-0.5461007549493372,-1.2793030698850922,-0.5010726365237476,-1.4105694758407052,0.03446216903821207,1.470248889956148,-0.30293952849406575,-0.7061189597297006,-0.7938381961066044,-2.7181500555418436,1.1922813726414088,0.875599468633493,-2.4288033339922603,1.7610842444325872,2.264622960534734,-0.17496031671573367,-0.20594506806112395,-1.034749867727803
-0.3919118523509035,0.6582668916333594,-0.5574741089024529,-1.6992444305728431,-0.889639859711257,0.09844104547766877,0.026502326198193444,-0.12216734925070814,0.08726982225801896,1.156655602681154,0.6774424803283978,1.0593444577097166,-1.5336091059323107,1.3168559840541907,-0.7455911442902782,-0.030326257841621154,0.32524034269714996,-0.49706103801482093,0.04260532496724338,-0.7121453466712286,0.683503079019913,-0.49885711358773044,0.5729515391936715,0.5253796610454963,1.1076988642745231,0.6626229737393828,0.5568689881799687,0.3002625477513964,0.7757218081568098,-0.5698725491332908,-1.170830088474617,0.1565107393352267,0.2579744855398389,0.5075271986249614,1.4439702762521942,-0.5578927331742846,-0.8831439097571218,1.3089820931288456,-1.7093402125101897,-1.4595345687306491,0.33868983096646393,-0.028206969196195683,1.171178131703597
0.10550439075206842,-0.517977463646961,1.0259953244330111,2.6530431596656916,1.183888774211536,-0.6917036352815533,-0.7986227539705592,0.5331504843634585,-1.197824054389227,-1.5040654642001283,-0.9701695847643949,-0.6114460145429526,1.1729720895628266,-0.7455911442902782,1.9469831992026163,0.3026097142570116,1.0570846838531276,0.8124363531233425,0.9948785064471041,-0.23555710682457867,-0.6537967001310833,1.4192016843543847,-2.4997597889106737,0.5843827179901229,-1.248103524413135,-1.6897434764646457,-2.0321422146692485,-0.33789681506151287,-1.907163692311905,-0.5418926766474413,2.2413846008412768,-1.4116532122189842,0.22434094044442987,-0.7966502341331139,-1.797203131525803,1.7305761059183693,2.879330756845244,-1.3364596463742069,3.367145568316034,0.6160683877047735,-0.6883457822939075,-1.2022431024776858,-1.517129068355608
-0.10144987705582746,0.002114016550401828,-0.006099243853325495,0.46177834033949733,0.16417665916676422,0.0012561977007766669,-0.008485923196015007,-0.029613009079721517,-0.2817006229070433,-0.16681111207884597,-0.2026781754954408,0.053007016481653214,0.2543955459758955,-0.030326257841621154,0.3026097142570116,0.11945783666245169,0.4326538741803732,0.08290485841038706,0.1122271445483104,-0.15017389806809367,-0.2604495208225025,0.3739958994172274,-0.4124750141120411,0.1881245089590485,-0.1049288244677051,-0.12585714492616554,-0.428809625798957,-0.08029619892754777,-0.34113519860172403,-0.23916735118555077,0.29916523267271283,-0.2037470598061709,-0.05711262450411299,-0.1378420336094751,-0.400226474891276,0.3457413733688186,0.3222501690182675,-0.2724824706542792,0.3292797747179157,0.10073779227036347,-0.04525313446134558,-0.23296684688203573,-0.06992674393827081
-0.4347458050729283,0.12148354646885225,-0.1851398979351745,1.4764186011494889,0.643263607447984,0.03200432457964281,-0.08699972964241369,-0.2782442582712462,-1.5842431544991642,-0.2514174405304854,-0.7507767356390973,0.6907054776693549,0.577454729787221,0.32524034269714996,1.0570846838531276,0.4326538741803732,2.2864367000642303,0.2304727623213623,0.43409092417273526,-0.7783767978364073,-1.2135666255066415,1.3900521248929116,-1.7871506389396097,1.3272080747032464,-0.053113020705986606,-0.45448755671285096,-1.7426721068865672,-0.1340904202075233,-1.3539129567370234,-1.2509546029756244,0.9882619251684174,-0.8204993126443277,-0.4684606885680162,-0.692683713009316,-1.2297143546171105,1.4835323855366176,1.2820900692173662,-0.7050755459015707,0.9920176254804237,-0.4076352317993432,9.228369671476801e-4,-1.471877658363772,0.09052778398461356
0.15631212959881954,-0.31551157234529786,0.569554271822001,1.183065397057891,0.574765910891068,-0.34929424963682193,-0.3442791895806243,0.2707058639528328,-0.42266236011370045,-0.7504510614532403,-0.44015872868069444,-0.4214609034059286,0.5607017550507151,-0.49706103801482093,0.8124363531233425,0.08290485841038706,0.2304727623213623,0.39264561109433904,0.3824436648361546,0.06936812922946671,-0.22797895224329154,0.5144356689168196,-1.0195731061528195,0.0905016978863504,-0.6436539267594608,-0.7820471580956558,-0.7724944614413286,-0.14851904698867116,-0.7834211389281117,-0.023781512606430546,1.0224581584770864,-0.5375226918214221,0.0783013044497151,-0.37206189050969085,-0.7691662837200978,0.6772997068538805,1.25895929540136,-0.5913509982703152,1.588144925411026,0.37252484902771793,-0.33894914135130094,-0.4410831221531294,-0.8087970426415623
0.020764019793893067,-0.09949598380971952,0.7673936983734356,0.8827173419577563,0.3397840542120902,-0.6815855445485521,-0.7308927152328891,0.5506507137807919,-0.5693371185814505,-0.6012572370822684,-0.23674477159088858,-0.10242236540026853,-0.19924808934919414,0.04260532496724338,0.9948785064471041,0.1122271445483104,0.43409092417273526,0.3824436648361546,0.8465208130107216,-0.4086550744248168,0.31765903075931956,0.5154775937269152,-1.4623766289888285,0.4431959232805093,-0.43164366436762236,-1.0616296383296404,-0.9658490635036479,-0.061824861981755,-0.8351344428327582,-0.4104657380386249,1.071041074583252,-0.9585046703015322,0.5360064987304272,-0.21676654122396602,-0.25789322414959376,0.7734481653107845,1.7936525672915082,-0.06761846976517974,1.8171957481559338,-0.3479158668920828,-0.460112960952097,-0.7189703886839914,-0.747273223193725
0.332317212116168,-0.3300769756492222,0.11232657545441768,0.15175642490659993,0.22133798726672585,0.12614735809241778,0.21835834749323096,-0.06770340420054342,0.4136756201355347,-0.2751179412506047,-0.09178112369799898,-0.6006432693578743,0.5903788941368804,-0.7121453466712286,-0.23555710682457867,-0.15017389806809367,-0.7783767978364073,0.06936812922946671,-0.4086550744248168,0.6987712848755391,-0.17984178881726792,-0.30720112915071135,0.5558466352201386,-0.6283315816871838,-0.3558622378147971,0.08170329286631214,0.4624585964807082,-0.05039149021451881,0.20501612648414733,0.7260062375921545,0.01787864287170854,0.43734444822019636,-0.2673963495107326,-0.08297788584930443,-0.25497305345938254,-0.30237854603706543,-0.3951619446514937,-0.36855986883017644,0.04285243535874807,0.7564790634718274,-0.0021924467379368126,0.45476786880716363,-0.3517628301363799
0.10664689449660114,0.3162207258626755,0.48634530499122347,-1.7055694661409773,-0.8690252308181257,-0.58770849438217,-0.3811445358077332,0.5625265878961844,0.86686907359605,0.523739628530239,0.8232059422665436,0.21007615387794823,-1.88693442310148,0.683503079019913,-0.6537967001310833,-0.2604495208225025,-1.2135666255066415,-0.22797895224329154,0.31765903075931956,-0.17984178881726792,1.8567914655464957,-1.0602211153888237,0.6087742331767716,-0.4333151853043701,0.5427622454672101,0.061992173362257534,1.047813295687655,0.26943398281628006,1.0279931205840431,0.4084298693524065,-0.7838209894672142,0.12246785040172523,0.9144311847116292,0.6923798202185348,1.9427604696016973,-1.0165913019493085,-0.2610577662695922,1.6584749028167138,-0.5543403915215119,-1.161497095613635,-0.15508910246391788,0.562802114340156,0.14956269162654112
-0.14476154981817496,-0.27939396428247615,0.3044177333213538,2.197006863819799,0.9251243021777883,-0.15122414230794584,-0.2388817847003041,0.047945557158171434,-1.1157105346759801,-0.9951463515366801,-0.9018389520611495,-0.19961131037555116,1.2870406769270577,-0.49885711358773044,1.4192016843543847,0.3739958994172274,1.3900521248929116,0.5144356689168196,0.5154775937269152,-0.30720112915071135,-1.0602211153888237,1.4188982497832003,-1.807334152758044,0.615455682002609,-0.7915286380035157,-0.8810288667228147,-1.7432334602537785,-0.33062420173258467,-1.5415292623906507,-0.6859415989668332,1.535988936289785,-0.9139256213026759,-0.18942733209473744,-0.690358043574828,-1.7825579497932489,1.4669169624946603,1.7325289145136424,-1.3212019055137594,2.018357000696778,0.6585606163401612,-0.32178926055172646,-0.9639978124301083,-0.7604582113440423
-0.0805991188247443,0.49175662742577764,-1.4838256133773662,-3.165247013223789,-1.4742969838252358,1.1360850324174365,1.149814142190338,-0.7315944712313134,1.8879556327651699,1.7455288222418008,1.2368500506248412,0.3632083931417784,-0.8453501010547498,0.5729515391936715,-2.4997597889106737,-0.4124750141120411,-1.7871506389396097,-1.0195731061528195,-1.4623766289888285,0.5558466352201386,0.6087742331767716,-1.807334152758044,3.6291108479151832,-1.1184894940205836,1.3234096782499554,2.2851209835223956,2.7512630386532515,0.3161887110830176,2.4797189077229937,0.8894220654206354,-2.9252328530229366,1.9487273962463996,-0.2840991161119425,1.1092470154393173,1.8663946854158977,-2.3475504454447162,-4.002794628831887,1.1710160898367248,-4.381706317877353,0.037914927622634986,0.9008760122465689,2.0193411484852137,1.8129456671134057
-0.25687919193132946,0.16251587220841304,-0.04182304475496023,0.4802964509714227,0.22562750516617397,-0.13121299525540248,-0.3075411725602236,-0.030646130655926244,-0.9855317631627821,0.058327142036076675,-0.23277983716355322,0.5666540205440593,-0.15426035414345862,0.5253796610454963,0.5843827179901229,0.1881245089590485,1.3272080747032464,0.0905016978863504,0.4431959232805093,-0.6283315816871838,-0.4333151853043701,0.615455682002609,-1.1184894940205836,1.0168249560329161,0.13985175415110615,-0.4115098478239788,-0.9456663871709358,0.04292466482692897,-0.7077440479985475,-0.890739440634498,0.48710550092993876,-0.6466629086788149,-0.0690011319778701,-0.31133819535676194,-0.283793511951553,0.8203057515556749,0.9363154378171861,-0.05245023216029178,0.5554504586879071,-0.7340679183359867,-0.004218339503006826,-1.0301697932862262,0.14377463576026936
-0.3209840568034236,0.6341295849234926,-0.8261956189623063,-2.041601961056809,-0.9828106343678302,0.3980107872897772,0.4270711801872669,-0.3758378850475921,0.4436198093795129,1.3321369879354132,0.7363175430579432,0.9703122594806763,-1.3407015765336,1.1076988642745231,-1.248103524413135,-0.1049288244677051,-0.053113020705986606,-0.6436539267594608,-0.43164366436762236,-0.3558622378147971,0.5427622454672101,-0.7915286380035157,1.3234096782499554,0.13985175415110615,1.2161774791519586,1.1576755429271273,1.0921649708866503,0.30786086018994985,1.20231461024965,-0.1750990830900222,-1.616163987287648,0.7041196393417725,-0.05219207662402878,0.5740378804233676,1.5143876575228712,-0.9773821240868742,-1.7645163813748053,1.2922260654470827,-2.481066745107346,-1.1447379998286074,0.5233508941582032,0.3995834371735027,1.398275509463654
-0.3020451737617237,0.5216800062874518,-1.3386436758157216,-2.0589030607471503,-1.0121123581173446,0.9670155453420061,1.0175754873854506,-0.760875512556217,0.9238493183884574,1.3852587367478693,0.6995177836822499,0.6939979105730789,-0.5461007549493372,0.6626229737393828,-1.6897434764646457,-0.12585714492616554,-0.45448755671285096,-0.7820471580956558,-1.0616296383296404,0.08170329286631214,0.061992173362257534,-0.8810288667228147,2.2851209835223956,-0.4115098478239788,1.1576755429271273,1.827897438337696,1.5620256821739575,0.19213438012864414,1.5456269417107278,0.21406103065928353,-2.0981563422074934,1.3431985254520664,-0.4508012919735907,0.652289322541602,1.0949248626913306,-1.3687581245452947,-2.90482234234163,0.7803025254058394,-3.3584200769812926,-0.20619960773513066,0.7610993218501709,1.0986454631630134,1.6281609375240205
0.07827572021543625,0.39812578589665915,-0.7778581697191959,-2.836458236543094,-1.2546761885963278,0.5432447516587183,0.6594165598597586,-0.32111254820380397,1.5844897418398154,1.3884435662116519,1.1270132495358345,0.2804066585524646,-1.2793030698850922,0.5568689881799687,-2.0321422146692485,-0.428809625798957,-1.7426721068865672,-0.7724944614413286,-0.9658490635036479,0.4624585964807082,1.047813295687655,-1.7432334602537785,2.7512630386532515,-0.9456663871709358,1.0921649708866503,1.5620256821739575,2.3677103836632996,0.3545003885914379,2.117329870891313,0.8986537450138015,-2.267491518497107,1.4649551589767118,0.01953889743347051,0.9392311396801578,2.04078325927199,-2.0139987528363443,-2.859821101782796,1.4456088794262234,-3.1913018805082514,-0.4498119529637905,0.5762485619386377,1.5288195912794915,1.2499346590569085
-0.009361874032162031,0.13593628238632666,-0.0931010861045375,-0.6271298287363514,-0.25316337122537574,0.0022298930111555064,0.0063734948527441855,-0.0203006231953444,0.1238909957650478,0.3489801822152029,0.24091430175509806,0.21870928234097556,-0.5010726365237476,0.3002625477513964,-0.33789681506151287,-0.08029619892754777,-0.1340904202075233,-0.14851904698867116,-0.061824861981755,-0.05039149021451881,0.26943398281628006,-0.33062420173258467,0.3161887110830176,0.04292466482692897,0.30786086018994985,0.19213438012864414,0.3545003885914379,0.125671164542628,0.34754867252519034,0.02284123263755515,-0.39348717604560296,0.15336821225398425,0.04201858631874263,0.14795370642325184,0.5534297679206395,-0.292931846882689,-0.3413058813994315,0.462505811515906,-0.5309003596888772,-0.43648208838548935,0.10259990697560102,0.056315537194777256,0.2866600828777147
-0.06295051503875994,0.5178990156126205,-0.8282617749444106,-2.774849634538468,-1.2850783082742185,0.5146689972307315,0.6308725753529575,-0.33339634469628143,1.3746912266379174,1.4455503359397517,1.0885719132983105,0.5144915810420324,-1.4105694758407052,0.7757218081568098,-1.907163692311905,-0.34113519860172403,-1.3539129567370234,-0.7834211389281117,-0.8351344428327582,0.20501612648414733,1.0279931205840431,-1.5415292623906507,2.4797189077229937,-0.7077440479985475,1.20231461024965,1.5456269417107278,2.117329870891313,0.34754867252519034,1.9803625396660005,0.6186656436927431,-2.215107401364353,1.3097469058955262,0.05325110859395805,0.920941807972664,2.023689237715653,-1.8373479350830544,-2.7007508591293923,1.512977690618621,-3.1710915894508087,-0.6795837350349155,0.5764364126978597,1.3237117775502825,1.3713359932721583
0.384112164161969,-0.23903939109703057,0.24083143954341404,-0.4263772453672068,-0.06604096629412827,-0.01393840705356079,0.20629367899291012,0.06272444559130397,0.7778514709612598,-0.10449717161026348,0.158255357261919,-0.5600570625590426,0.03446216903821207,-0.5698725491332908,-0.5418926766474413,-0.23916735118555077,-1.2509546029756244,-0.023781512606430546,-0.4104657380386249,0.7260062375921545,0.4084298693524065,-0.6859415989668332,0.8894220654206354,-0.890739440634498,-0.1750990830900222,0.21406103065928353,0.8986537450138015,0.02284123263755515,0.6186656436927431,0.9725332477483345,-0.3098057200487105,0.6080129434445846,-0.043394318500440246,0.1442451999918579,0.3679208810838736,-0.7168775193488793,-0.6593172179561613,0.16426770294573523,-0.2631586288550151,0.47013903691508063,-0.02904456470032596,0.7429407386260279,-0.2825526656547188
0.29101883737781237,-0.7268906501327427,1.4189147233284023,3.2111766880544184,1.549610370007695,-0.9065852149079004,-0.9205639176303543,0.6524358953354729,-1.355779002524993,-1.93668039800889,-1.2308700428091712,-0.93534787279497,1.470248889956148,-1.170830088474617,2.2413846008412768,0.29916523267271283,0.9882619251684174,1.0224581584770864,1.071041074583252,0.01787864287170854,-0.7838209894672142,1.535988936289785,-2.9252328530229366,0.48710550092993876,-1.616163987287648,-2.0981563422074934,-2.267491518497107,-0.39348717604560296,-2.215107401364353,-0.3098057200487105,2.8250666944218756,-1.5496009738596541,0.13092041193991058,-1.0470579924472454,-2.1553030131771043,1.9953469648162567,3.442132670525375,-1.6142890908454248,4.1747681141654525,0.8535179077347735,-0.8675419370769135,-1.4083231903419555,-2.018383905788424
-0.0032027668325598185,0.21903546611488636,-0.8135748648600227,-1.5605832707127867,-0.6579929424649765,0.6754742032961761,0.812750521877119,-0.5362575914322496,0.9134866366266842,0.8995590251411796,0.507458794490577,0.22327413101530214,-0.30293952849406575,0.1565107393352267,-1.4116532122189842,-0.2037470598061709,-0.8204993126443277,-0.5375226918214221,-0.9585046703015322,0.43734444822019636,0.12246785040172523,-0.9139256213026759,1.9487273962463996,-0.6466629086788149,0.7041196393417725,1.3431985254520664,1.4649551589767118,0.15336821225398425,1.3097469058955262,0.6080129434445846,-1.5496009738596541,1.2251121548819477,-0.4263139346377532,0.44537943018977055,0.8713264555960691,-1.2260983533973828,-2.286954410706602,0.573583506938049,-2.405276031957997,0.05895402754214652,0.530102416488197,1.0153398919693948,0.9820325353648749
0.029717015942399592,0.062448289431641144,0.47817144652875027,-0.268724534258794,-0.25801869492720686,-0.4854819376334746,-0.5208915798978223,0.5210706127632357,0.252585805239875,-0.0978070186640066,0.29289548193187315,-0.09090997784624458,-0.7061189597297006,0.2579744855398389,0.22434094044442987,-0.05711262450411299,-0.4684606885680162,0.0783013044497151,0.5360064987304272,-0.2673963495107326,0.9144311847116292,-0.18942733209473744,-0.2840991161119425,-0.0690011319778701,-0.05219207662402878,-0.4508012919735907,0.01953889743347051,0.04201858631874263,0.05325110859395805,-0.043394318500440246,0.13092041193991058,-0.4263139346377532,0.7476849293920678,0.2887406720240453,0.5745640287151874,-0.1119133867910392,0.6564834565637717,0.4855919093247488,0.5815625863300521,-0.37097471278167243,-0.2843067641010807,0.0974951227992045,-0.30480624923077243
-0.1079375654117987,0.309507052045798,-0.372627055167114,-1.3632682801851435,-0.7346399342520242,0.17751773422533418,0.16002628961388204,-0.029228674429454732,0.7317970347006687,0.6837918224845109,0.6181843525399364,0.2518904083547419,-0.7938381961066044,0.5075271986249614,-0.7966502341331139,-0.1378420336094751,-0.692683713009316,-0.37206189050969085,-0.21676654122396602,-0.08297788584930443,0.6923798202185348,-0.690358043574828,1.1092470154393173,-0.31133819535676194,0.5740378804233676,0.652289322541602,0.9392311396801578,0.14795370642325184,0.920941807972664,0.1442451999918579,-1.0470579924472454,0.44537943018977055,0.2887406720240453,0.5732251486968687,1.0295139757011917,-0.8678037583173857,-1.1364727856007353,0.7611012240731946,-1.4254966172583594,-0.33847063131422717,0.21191840007137916,0.7006033879531706,0.6428774358199395
-0.06479852714438017,0.733548620026326,-0.3225087410407981,-3.344197565420628,-1.5333876177476633,-0.09722721877592642,0.08296280163439142,0.08517786463712154,1.146353613588164,1.6617215009094155,1.3600402205397741,0.9446997278015781,-2.7181500555418436,1.4439702762521942,-1.797203131525803,-0.400226474891276,-1.2297143546171105,-0.7691662837200978,-0.25789322414959376,-0.25497305345938254,1.9427604696016973,-1.7825579497932489,1.8663946854158977,-0.283793511951553,1.5143876575228712,1.0949248626913306,2.04078325927199,0.5534297679206395,2.023689237715653,0.3679208810838736,-2.1553030131771043,0.8713264555960691,0.5745640287151874,1.0295139757011917,3.032965147995777,-1.8175013095869863,-1.914049226939575,2.535669825688354,-2.7427357899247644,-1.979463194956908,0.38819728803240655,0.8277008639130241,1.341003672232854
-0.017454438357878473,-0.38984485304997146,0.6710279249931325,2.4782931271179445,1.1524455959403406,-0.444433084288858,-0.5587258561464441,0.24218722377703467,-1.4004011559011176,-1.2132090538812268,-1.002472499780528,-0.29445532598828406,1.1922813726414088,-0.5578927331742846,1.7305761059183693,0.3457413733688186,1.4835323855366176,0.6772997068538805,0.7734481653107845,-0.30237854603706543,-1.0165913019493085,1.4669169624946603,-2.3475504454447162,0.8203057515556749,-0.9773821240868742,-1.3687581245452947,-2.0139987528363443,-0.292931846882689,-1.8373479350830544,-0.7168775193488793,1.9953469648162567,-1.2260983533973828,-0.1119133867910392,-0.8678037583173857,-1.8175013095869863,1.751488244090115,2.4544001089198857,-1.3157479301144759,2.7687930287030613,0.43401264670068673,-0.4776225058397498,-1.3594522571141856,-1.1085880033798479
0.32464042572874197,-0.737413797473763,2.0495036636615733,3.5152821789044526,1.662430995410838,-1.5252109321854532,-1.58363221342942,1.1389157560435015,-1.7858107161604262,-2.194461344374448,-1.250633402062823,-0.8433441438527759,0.875599468633493,-0.8831439097571218,2.879330756845244,0.3222501690182675,1.2820900692173662,1.25895929540136,1.7936525672915082,-0.3951619446514937,-0.2610577662695922,1.7325289145136424,-4.002794628831887,0.9363154378171861,-1.7645163813748053,-2.90482234234163,-2.859821101782796,-0.3413058813994315,-2.7007508591293923,-0.6593172179561613,3.442132670525375,-2.286954410706602,0.6564834565637717,-1.1364727856007353,-1.914049226939575,2.4544001089198857,4.811148720183637,-1.2754285927885687,5.429346909318149,0.14533309166095243,-1.1996777906734009,-2.0231757225267453,-2.4752193231768356
-0.10130607763851573,0.6617483877574722,-0.14221585705485087,-2.6401970039858176,-1.2128295271177567,-0.22084981098916082,0.0038773946797677605,0.11173683864906171,0.7133583983082099,1.336989538971295,1.0350122259468226,0.9479150227034384,-2.4288033339922603,1.3089820931288456,-1.3364596463742069,-0.2724824706542792,-0.7050755459015707,-0.5913509982703152,-0.06761846976517974,-0.36855986883017644,1.6584749028167138,-1.3212019055137594,1.1710160898367248,-0.05245023216029178,1.2922260654470827,0.7803025254058394,1.4456088794262234,0.462505811515906,1.512977690618621,0.16426770294573523,-1.6142890908454248,0.573583506938049,0.4855919093247488,0.7611012240731946,2.535669825688354,-1.3157479301144759,-1.2754285927885687,2.228077784370298,-2.025254032080215,-1.926693900621139,0.26399179875778395,0.416469934020378,1.0798159626837527
0.592894825092945,-1.164184576078346,2.477347646937635,4.566182949187081,2.1967086979675674,-1.6497254083351474,-1.6409037312699104,1.279781096764917,-1.787475252533797,-2.950167239947202,-1.651214143777478,-1.5341085875366351,1.7610842444325872,-1.7093402125101897,3.367145568316034,0.3292797747179157,0.9920176254804237,1.588144925411026,1.8171957481559338,0.04285243535874807,-0.5543403915215119,2.018357000696778,-4.381706317877353,0.5554504586879071,-2.481066745107346,-3.3584200769812926,-3.1913018805082514,-0.5309003596888772,-3.1710915894508087,-0.2631586288550151,4.1747681141654525,-2.405276031957997,0.5815625863300521,-1.4254966172583594,-2.7427357899247644,2.7687930287030613,5.429346909318149,-2.025254032080215,6.59121098915235,1.0295507999197764,-1.4528423779703152,-1.9637944636883,-3.2695061584130225
0.21586527720033305,-0.6429536259886874,-0.027481793539557264,1.7917498619557264,0.7786105357377239,0.4211689943215256,0.3024134322902383,-0.14284343501062502,0.21551916074323574,-1.0872599203588802,-0.649525352743263,-1.207438600673099,2.264622960534734,-1.4595345687306491,0.6160683877047735,0.10073779227036347,-0.4076352317993432,0.37252484902771793,-0.3479158668920828,0.7564790634718274,-1.161497095613635,0.6585606163401612,0.037914927622634986,-0.7340679183359867,-1.1447379998286074,-0.20619960773513066,-0.4498119529637905,-0.43648208838548935,-0.6795837350349155,0.47013903691508063,0.8535179077347735,0.05895402754214652,-0.37097471278167243,-0.33847063131422717,-1.979463194956908,0.43401264670068673,0.14533309166095243,-1.926693900621139,1.0295507999197764,2.306099300473947,-0.15259538979990786,0.5441489620276398,-0.8829317352033114
-0.14993619971504815,0.22662903887470412,-0.6515501684261833,-0.8349432759593672,-0.37780039810400595,0.464199590003993,0.42013356896445325,-0.38724889790270806,0.23774781428924222,0.6415665654447579,0.2676106790489617,0.36684558803735084,-0.17496031671573367,0.33868983096646393,-0.6883457822939075,-0.04525313446134558,9.228369671476801e-4,-0.33894914135130094,-0.460112960952097,-0.0021924467379368126,-0.15508910246391788,-0.32178926055172646,0.9008760122465689,-0.004218339503006826,0.5233508941582032,0.7610993218501709,0.5762485619386377,0.10259990697560102,0.5764364126978597,-0.02904456470032596,-0.8675419370769135,0.530102416488197,-0.2843067641010807,0.21191840007137916,0.38819728803240655,-0.4776225058397498,-1.1996777906734009,0.26399179875778395,-1.4528423779703152,-0.15259538979990786,0.3728625649237312,0.31387704760952423,0.7602603023938269
0.04579427817689817,0.12579165329252745,-0.5790040540527805,-1.4483354347355213,-0.7708843346422286,0.517132969268911,0.5666018288664397,-0.20095933842920882,1.3667243183825748,0.6078362309126616,0.6536976900841115,-0.20778612784838152,-0.20594506806112395,-0.028206969196195683,-1.2022431024776858,-0.23296684688203573,-1.471877658363772,-0.4410831221531294,-0.7189703886839914,0.45476786880716363,0.562802114340156,-0.9639978124301083,2.0193411484852137,-1.0301697932862262,0.3995834371735027,1.0986454631630134,1.5288195912794915,0.056315537194777256,1.3237117775502825,0.7429407386260279,-1.4083231903419555,1.0153398919693948,0.0974951227992045,0.7006033879531706,0.8277008639130241,-1.3594522571141856,-2.0231757225267453,0.416469934020378,-1.9637944636883,0.5441489620276398,0.31387704760952423,1.4708071612448574,0.6108361608118226
-0.46218961619151827,0.7181068922297849,-1.339107502981349,-2.2087819125858825,-1.0982950699581855,0.8119639963272818,0.7517086241752726,-0.6860158708594137,0.5264853935312083,1.593191762883635,0.7739747945813462,1.0995210794611336,-1.034749867727803,1.171178131703597,-1.517129068355608,-0.06992674393827081,0.09052778398461356,-0.8087970426415623,-0.747273223193725,-0.3517628301363799,0.14956269162654112,-0.7604582113440423,1.8129456671134057,0.14377463576026936,1.398275509463654,1.6281609375240205,1.2499346590569085,0.2866600828777147,1.3713359932721583,-0.2825526656547188,-2.018383905788424,0.9820325353648749,-0.30480624923077243,0.6428774358199395,1.341003672232854,-1.1085880033798479,-2.4752193231768356,1.0798159626837527,-3.2695061584130225,-0.8829317352033114,0.7602603023938269,0.6108361608118226,1.8199048301957583
