V1,V2,V3,V4,V5,V6,V7,V8,V9,V10,V11,V12,V13,V14,V15,V16,V17,V18,V19,V20,V21,V22,V23,V24,V25,V26,V27,V28,V29,V30,V31,V32,V33,V34,V35,V36,V37,V38,V39,V40,V41,V42,V43,V44,V45
1.11063431689548,-0.7381302434114049,0.4065643794451668,0.896512751193584,0.2474050535594158,-0.05134264324419551,0.8273657390759671,1.0402743240655485,-0.03708448069755356,0.9411326618268485,-1.57403963163393,-0.16437915676114148,0.02922047324078677,-0.37296544707560403,-0.11944831817364175,-0.35260649190615095,0.38415656244844054,0.2067032885033038,0.3807087655407119,-0.3326678711023794,1.339190312520704,1.1652323939743048,-0.020055398860137658,0.5252210782796362,-0.13375281650864018,0.414919977907027,-0.029440296383688447,0.6974171563097614,0.583133681002082,-1.0412369029579343,-0.6130835327572607,0.7982459863260332,0.6298886923418696,-0.537990872649888,0.3416830660867775,0.2819160790860629,-0.029142131666687523,0.4302634234845091,0.8293796881477548,0.11933239581425928,0.37498852100178426,-0.5557106853656675,0.3101142404876245,0.596236528911887,-1.1729698940313102
-0.7381302434114049,1.9444768861097248,0.10540990704021756,-0.8747857147584515,-0.04265009737105128,-0.6004156449862816,-0.9431693953996692,-1.1421140864619685,-0.28349223188454775,-0.9001902898695464,1.041230353613127,0.6251017230056544,-0.19617559882976726,0.869168611569412,-0.48129646451237584,-0.019733863583222964,0.5786574041002088,-0.49716780680895845,-0.33517079044814424,0.605972871873096,-1.2312548722448264,-0.9577129856956856,-0.8687120323488593,-0.1153975410195835,0.5140285335968282,-0.46155704508600653,0.35883895357400525,-1.0089730116288242,-0.719226527508959,0.6479831549693786,0.2033815497249805,-0.7808995417564211,-0.44698485661909143,0.4511205413902797,-0.6010993905902626,-0.09079129128318962,-0.2401737097524242,0.6038154788812025,-0.6026491717668623,0.6635685759334254,0.6339304346022789,0.36497092395794734,-0.6737979323338958,-0.6480109731389143,1.5668938110525974
0.4065643794451668,0.10540990704021756,0.30461380320410664,0.46623286426082555,0.20525802202437182,-0.3021289699759124,0.12347153429436633,0.19246184213836254,0.02289073002990493,0.348938708129671,-0.4694259076988962,-0.023976006856065626,-0.17626533335885025,0.3282326916762777,0.022986540165686492,-0.19212862647813198,0.6110826224040166,-0.36045153869129254,0.39728123394302595,-0.04957260285075404,0.5389728943234477,0.2606531556919077,-0.24067964070574113,0.23059043588229,0.1403821744905932,0.16738318576806935,-0.16493136336443304,0.264943313704276,0.1834227134138077,-5.77182314256675e-4,-0.16979671210576622,0.46462138252260315,0.1533988355055242,0.014592980364315887,-0.08289937630448989,-0.06318127518918121,-0.12144260462504637,0.5111842813746003,0.17618174781139304,-0.008596498587014114,0.29159111017272143,-0.021896300704249295,-0.1944016944500335,0.12588898227169068,-0.40572949169873573
0.896512751193584,-0.8747857147584515,0.46623286426082555,1.7512070456410231,0.5952353598845502,-0.13072515880485727,0.5647010552788545,0.685325145816605,0.7391805534918107,1.3196745486737185,-0.8660705046237993,-0.9691743989515852,-0.1254376008779526,0.8380019089579988,0.9251303535723168,-0.35698180744931535,0.9606363624785371,-0.9816188432690106,1.5142348865000352,-0.43595598102199895,1.5797467993855734,0.7124191468271043,0.5321403437028536,0.3447745938506078,-0.004000277669085044,0.9345152293147513,-1.173177083009904,1.2435414619751706,1.0709461692597615,0.7468427570240377,-0.2589908234035269,1.3235189053890772,-0.037110581082584394,-0.14627665344985202,-0.19549916069641052,-0.49624413977521986,0.08611584124789701,0.30614363910711384,0.23117171110619797,-0.8509221718932017,-0.3710715117834705,0.0865381933054666,-0.2685050100123673,0.4366786640442281,-1.7069791787472297
0.2474050535594158,-0.04265009737105128,0.20525802202437182,0.5952353598845502,0.3402512973907225,0.053532119926694544,0.12179694654787862,0.24067829077268382,0.41421185419861994,0.5337490904562175,-0.15385427791793696,-0.4387156249058016,0.12609261518980797,0.4885507141668849,0.2595233429020586,-0.16536847262031348,0.2683912315274708,-0.32876265455500453,0.4702788412484804,0.05674072858354628,0.3793670220257501,0.23826468394806766,0.33710805137228306,0.15188168161486323,-0.02384379664930493,0.3685758984861543,-0.37799915199870765,0.1790054455030327,0.4505187845155135,0.2913456218500005,-0.31350638357228705,0.12885129361946063,-0.20535773602115584,-0.23896387837933322,-0.2585232965618227,-0.3059805187236584,0.25142488754130066,-0.036034492782586976,0.07794960502092031,-0.15056217119305929,-0.19573104307166256,0.060239356335581744,-0.17132340957351763,0.07325578102392552,-0.25945497722565913
-0.05134264324419551,-0.6004156449862816,-0.3021289699759124,-0.13072515880485727,0.053532119926694544,1.0561203304522893,0.4408791880383626,0.5716385273251184,0.4195471935739681,0.3653310138711896,-0.06745655307549098,-0.5858589052147137,0.9823459605406349,-0.71769159731456,-0.1257004259432768,-0.005640644031825739,-1.364833205765095,1.1161463536005312,-0.5621203103507564,0.15607117195696482,-0.3477201930012609,0.5687896147685662,1.1789813341730218,0.004962373201778115,-0.6047699018327308,0.3012697225446882,0.24791337375468775,-0.37144009662766225,0.4992575763337585,-0.795962384569929,-0.6808099997351407,-1.0858513602473374,-0.32038239845137045,-1.1256202693338189,0.1088718654952657,0.14024020480169777,0.836490832863317,-1.3674719888079008,0.33041129481904696,0.36907782988821114,-0.7102313285485806,-0.4855786610949356,0.6927234152924258,0.13820586393774376,0.4339522341513691
0.8273657390759671,-0.9431693953996692,0.12347153429436633,0.5647010552788545,0.12179694654787862,0.4408791880383626,0.8794735939429841,1.040165697532845,0.07116523330999788,0.8161892437771743,-1.2983691273091549,-0.33974759554986556,0.4513052560868638,-0.7750119949614429,-0.16262873752252238,-0.25707069437513824,-0.381180574018878,0.7528944283940027,-0.008184369591891083,-0.2759873821149613,0.8671566656818964,1.1710336346178691,0.47369645942416466,0.38430955408502987,-0.39105467169191066,0.4344929434239747,0.12632676146108193,0.4363678469830554,0.6294483803641545,-1.2421775591358515,-0.6912450797254164,0.17690271017954262,0.4098026778235767,-0.8991820809042689,0.4189894273566346,0.40167079752756013,0.27060718158839214,-0.2897499268990082,0.7894024540460705,0.2649441172603078,-0.005515438883579115,-0.7143285643601728,0.6440401425496731,0.5499754769123478,-0.7819481490657361
1.0402743240655485,-1.1421140864619685,0.19246184213836254,0.685325145816605,0.24067829077268382,0.5716385273251184,1.040165697532845,1.4178240467110452,0.1297517985996554,1.0623704621951835,-1.5507395811988935,-0.37049697649334495,0.5235419014736415,-0.9084273140704735,-0.2659144337502715,-0.26179112201162485,-0.5151336972945962,0.9355292411092578,-0.11139386037622179,-0.19005802925691487,1.1059919827007494,1.4200018050872523,0.6077555281933986,0.48412802620793627,-0.49768201280826363,0.4218104606751934,0.24275719183412653,0.38836315434130225,0.7377215199149615,-1.6204243009937815,-0.9789694173821026,0.1413022565777229,0.5386956879994644,-1.0878856366509597,0.45932328460425104,0.3220858944175145,0.46659044797170807,-0.3722934278398964,1.054052775464233,0.2921582061303191,-0.03095645533041484,-0.766791097332134,0.7167363282933297,0.6666534607257965,-0.8556443040722143
-0.03708448069755356,-0.28349223188454775,0.02289073002990493,0.7391805534918107,0.41421185419861994,0.4195471935739681,0.07116523330999788,0.1297517985996554,0.8547981147225509,0.6427197264113031,0.335169368492822,-0.9454697457616958,0.4038469762506343,0.7005839972725394,0.6779670522789746,-0.10133344708579656,-0.08423371604589558,-0.40807884057372723,0.6658172093999417,0.06284434580286188,0.1500544538084527,0.08225835971250142,0.9884686367781014,-0.02079303217742028,-0.18049795758162746,0.6250331882500181,-0.7551167047621533,0.21633782479507604,0.7269980601195204,0.8817498587809739,-0.2593481464697171,-0.12841443652287873,-0.6622756120429499,-0.3824826568081714,-0.4343313585605904,-0.5623546779061477,0.561584666222456,-0.6633744518744443,-0.1847193604961531,-0.4564570358690785,-0.8253234263305373,0.20626508968974858,-0.15627457816171944,-0.017333206878217232,-0.2032120710949714
0.9411326618268485,-0.9001902898695464,0.348938708129671,1.3196745486737185,0.5337490904562175,0.3653310138711896,0.8161892437771743,1.0623704621951835,0.6427197264113031,1.337968122731217,-1.1361384154885967,-0.8996776515948423,0.4205510542695348,0.13205214360967485,0.37993718966527174,-0.38711540647264203,0.14797470495166734,-0.016327361382510057,0.7715365095531348,-0.22234901115587324,1.2485121727421769,1.1363004092407247,0.8257849849151736,0.448252201326403,-0.306638232903707,0.8545583970300915,-0.5578456388227605,0.7264407080775841,1.0973841173174756,-0.33735042959414674,-0.8029009628280309,0.4926479491492555,0.0279850471472396,-0.8663268934297929,-0.018572734829167676,-0.16063470537543628,0.47536494079836267,-0.24225238059343943,0.623303086156587,-0.19110096966133952,-0.3467636036515947,-0.379461290438069,0.21708323258384635,0.520039578919337,-1.1251860437460997
-1.57403963163393,1.041230353613127,-0.4694259076988962,-0.8660705046237993,-0.15385427791793696,-0.06745655307549098,-1.2983691273091549,-1.5507395811988935,0.335169368492822,-1.1361384154885967,2.446361305019001,-0.008896731499730998,-0.22013634604335713,1.0989927633226626,0.5528629687658215,0.4982638866429142,-0.15663412891303727,-0.8740356291452964,-0.05325148051740649,0.47327391880844655,-1.6690524719480615,-1.8315249452495574,0.12522111693054383,-0.7745604197078159,0.29440600602046774,-0.44151395182026004,-0.39727597573174883,-0.7690954116045255,-0.6679385662558043,2.165642128266362,0.9758394893978111,-0.801263174614241,-1.073172982237078,1.0114197483848077,-0.724411074736997,-0.7908369446479628,0.06088702687157368,-0.48486542772597097,-1.3584188624967815,-0.5923916149916811,-0.7312287144869121,1.1150857343595288,-0.7688444642360366,-0.8950143514350162,1.3954373226641923
-0.16437915676114148,0.6251017230056544,-0.023976006856065626,-0.9691743989515852,-0.4387156249058016,-0.5858589052147137,-0.33974759554986556,-0.37049697649334495,-0.9454697457616958,-0.8996776515948423,-0.008896731499730998,1.1625240551432932,-0.5765943658919465,-0.5179957805457939,-0.7508950690697803,0.18952558712228731,0.2047781127907763,0.24031901229995925,-0.7735627425338635,0.08542800636794871,-0.3885900663758066,-0.409131658987811,-1.2279848343010382,-0.06160658251173368,0.3084346273834786,-0.8505661729054258,0.8440224983973703,-0.4380641462734586,-0.9858004094953725,-0.6825708304983273,0.39665756776191446,0.04720582290030817,0.6283905620862212,0.6602366575134678,0.32448774566138966,0.44100650873097313,-0.6355933580208485,0.8289214557951315,0.03054994351976265,0.44898415317660745,0.9298607236705545,0.007314668211599042,-0.04842356625212755,-0.13850646384885681,0.5058892729619483
0.02922047324078677,-0.19617559882976726,-0.17626533335885025,-0.1254376008779526,0.12609261518980797,0.9823459605406349,0.4513052560868638,0.5235419014736415,0.4038469762506343,0.4205510542695348,-0.22013634604335713,-0.5765943658919465,1.1194240411225624,-0.5814269396544317,-0.30878439155791915,-0.17561924803161214,-1.1968923801950817,1.1363308112720212,-0.5595032400067952,0.2489472070503044,-0.4302556999036353,0.7093565097056129,1.0707323794153998,0.1438942144010182,-0.5478538357675902,0.4096602434099147,0.3305677608677022,-0.512004274740064,0.569229024861083,-0.9336015876616274,-0.896062984874649,-1.2719353774680309,-0.3930400978925143,-1.3595013912659561,-0.004053701761720693,0.26408765638407794,0.8473138021706815,-1.2294538393228698,0.3887932183720953,0.7290329348763933,-0.4794995975949797,-0.6529875047173423,0.6644402533505699,0.11500707312517545,0.6608717034660093
-0.37296544707560403,0.869168611569412,0.3282326916762777,0.8380019089579988,0.4885507141668849,-0.71769159731456,-0.7750119949614429,-0.9084273140704735,0.7005839972725394,0.13205214360967485,1.0989927633226626,-0.5179957805457939,-0.5814269396544317,2.0976915822655386,1.019254875820673,-0.07501325135004647,1.4814818066729178,-2.001790794915896,1.4346206171429132,0.13265115654795975,0.07350435376338109,-0.966505652935742,-0.10686855998821314,-0.15827164463016039,0.5678687315958036,0.36426591862813024,-1.2681037667991426,0.34901233190161457,0.2023912643460527,2.503871066208836,0.5434686833657721,0.7009458314718727,-0.8107246213240578,0.926151819933698,-0.9589231222826639,-1.0570464590895683,-0.17438697518672308,0.6504294695481571,-0.9265668115759944,-0.9403842400754437,-0.30761871740196756,1.0431404956232697,-1.2302364273338724,-0.4455842623306349,-0.18409279595875078
-0.11944831817364175,-0.48129646451237584,0.022986540165686492,0.9251303535723168,0.2595233429020586,-0.1257004259432768,-0.16262873752252238,-0.2659144337502715,0.6779670522789746,0.37993718966527174,0.5528629687658215,-0.7508950690697803,-0.30878439155791915,1.019254875820673,1.1325089394227352,0.052554280046319644,0.5956336959337281,-1.191740051259049,1.1944885583410079,-0.2855567629330055,0.471911463921737,-0.41170150032893116,0.4844663928226496,-0.20760532171040302,0.11821358555276303,0.48240305521523064,-1.1895106530120516,0.7988440398417014,0.454096519058364,1.738282139674489,0.5206196433633055,0.8537452520492006,-0.47458503762339,0.5525464184410229,-0.35753837636977165,-0.7175204516121004,-0.0308019610337155,-0.042253756100584954,-0.5555063735256209,-1.1709905058819663,-0.7483253410713069,0.6417210564602188,-0.5024952326064056,-0.0606885510903785,-0.9006011137123149
-0.35260649190615095,-0.019733863583222964,-0.19212862647813198,-0.35698180744931535,-0.16536847262031348,-0.005640644031825739,-0.25707069437513824,-0.26179112201162485,-0.10133344708579656,-0.38711540647264203,0.4982638866429142,0.18952558712228731,-0.17561924803161214,-0.07501325135004647,0.052554280046319644,0.23521297761521975,-0.1974623686587613,-0.025069577375862538,-0.2101425907978611,0.038847826569782966,-0.3266463903908061,-0.4394437258848942,-0.07496200360841081,-0.235031632750008,0.02936432624474273,-0.29736883559247274,0.0691690851315608,-0.14407908794702998,-0.3246149466706363,0.25246117617513036,0.34418370447788565,-0.07305995897717533,-0.021367554208047524,0.37937691426722686,0.035507863203614265,-0.10587587760389096,-0.07272150060539888,-0.10206116758531678,-0.23548624691587944,-0.22088535438735746,-0.1356630637654601,0.2593114821326403,-0.06323721310295587,-0.14943875180967578,0.2082745390968445
0.38415656244844054,0.5786574041002088,0.6110826224040166,0.9606363624785371,0.2683912315274708,-1.364833205765095,-0.381180574018878,-0.5151336972945962,-0.08423371604589558,0.14797470495166734,-0.15663412891303727,0.2047781127907763,-1.1968923801950817,1.4814818066729178,0.5956336959337281,-0.1974623686587613,2.179101107361972,-1.9239933017247473,1.4368174092748454,-0.2992465352521408,1.0027213931533998,-0.4533428866912107,-1.1641023942730868,0.15108854686802273,0.7778365077946536,0.11447640779920551,-0.8973501749459777,0.9145883288517906,-0.08824197663419482,1.504655571411763,0.6731368264978702,1.7881048766267433,0.2089234721697729,1.269337580815305,-0.3721830910400185,-0.47005166976697743,-0.926717626791729,1.795197211998941,-0.3933269384725513,-0.7761697385972312,0.6788835872515624,0.6793984365410715,-1.0711559885855493,-0.0540358584976278,-1.1184505997842837
0.2067032885033038,-0.49716780680895845,-0.36045153869129254,-0.9816188432690106,-0.32876265455500453,1.1161463536005312,0.7528944283940027,0.9355292411092578,-0.40807884057372723,-0.016327361382510057,-0.8740356291452964,0.24031901229995925,1.1363308112720212,-2.001790794915896,-1.191740051259049,-0.025069577375862538,-1.9239933017247473,2.3437248760101665,-1.691456450506038,0.20219415393921314,-0.5505252333590834,1.0798125328771149,0.5828119805727433,0.20561813923357583,-0.7341302711236803,-0.19849754493860025,1.4066695396231679,-0.8602138286412523,0.015435809939192018,-2.657034731236848,-1.0197417547818186,-1.5591760616521964,0.39538456633511787,-1.537189051194846,0.7003970319197622,1.0067565627690074,0.6642280360225109,-1.2025440901933038,0.9552612681764374,1.3779664544770804,0.09117584460977635,-1.1970275759698492,1.32122517857062,0.3296595186891896,0.9000963449878342
0.3807087655407119,-0.33517079044814424,0.39728123394302595,1.5142348865000352,0.4702788412484804,-0.5621203103507564,-0.008184369591891083,-0.11139386037622179,0.6658172093999417,0.7715365095531348,-0.05325148051740649,-0.7735627425338635,-0.5595032400067952,1.4346206171429132,1.1944885583410079,-0.2101425907978611,1.4368174092748454,-1.691456450506038,1.7576684660630622,-0.42306482327153655,1.1436209090064893,-0.10161592599069258,0.1192958652999412,0.07436039735349648,0.3270239408072792,0.7259278711430543,-1.4424536370749657,1.2131238941814415,0.6750470029291837,1.808804654195859,0.39774588313514875,1.5175409100850668,-0.2804422695930513,0.6134993919371529,-0.4370617215432484,-0.7234967272698866,-0.2806057998067129,0.6633700650585573,-0.3856170786063715,-1.1831844993862237,-0.3412842753173098,0.5844380072387705,-0.7393133173803401,0.09577721849893074,-1.4754692686221182
-0.3326678711023794,0.605972871873096,-0.04957260285075404,-0.43595598102199895,0.05674072858354628,0.15607117195696482,-0.2759873821149613,-0.19005802925691487,0.06284434580286188,-0.22234901115587324,0.47327391880844655,0.08542800636794871,0.2489472070503044,0.13265115654795975,-0.2855567629330055,0.038847826569782966,-0.2992465352521408,0.20219415393921314,-0.42306482327153655,0.41560528387412327,-0.6351525042079957,-0.23113536677463373,0.08491278399171115,-0.05177208297282822,-0.01656304782047551,-0.17206943131729188,0.29944518775361467,-0.6663504449158287,-0.15728584083942682,-0.0621854964561717,-0.23332352654844205,-0.7820500835079562,-0.28724642008330326,-0.1917143455848255,-0.2512151109929987,-0.11142675784743902,0.29464318006492946,-0.2669710425057564,-0.09016832037686626,0.37632325049074716,-0.021928920950507136,0.06672818246894932,-0.08489115510873278,-0.23605120701155652,0.8982631640006782
1.339190312520704,-1.2312548722448264,0.5389728943234477,1.5797467993855734,0.3793670220257501,-0.3477201930012609,0.8671566656818964,1.1059919827007494,0.1500544538084527,1.2485121727421769,-1.6690524719480615,-0.3885900663758066,-0.4302556999036353,0.07350435376338109,0.471911463921737,-0.3266463903908061,1.0027213931533998,-0.5505252333590834,1.1436209090064893,-0.6351525042079957,2.06028218415168,1.0857220058889312,-0.054728387055393665,0.502300041432404,0.002099560357489691,0.5942447406146271,-0.6597875901473259,1.4076098463716085,0.773165993710156,-0.3017134566102291,-0.26845511116846066,1.7754073108351531,0.7278272354399828,-0.024392039761333008,0.3162814192186156,-0.06830212373891695,-0.26399948437256154,0.8044503376071929,0.7080843809890336,-0.659307493541393,0.20407639434254,-0.20576126476523895,0.012804989121321284,0.7144767739665937,-2.129104405453877
1.1652323939743048,-0.9577129856956856,0.2606531556919077,0.7124191468271043,0.23826468394806766,0.5687896147685662,1.1710336346178691,1.4200018050872523,0.08225835971250142,1.1363004092407247,-1.8315249452495574,-0.409131658987811,0.7093565097056129,-0.966505652935742,-0.41170150032893116,-0.4394437258848942,-0.4533428866912107,1.0798125328771149,-0.10161592599069258,-0.23113536677463373,1.0857220058889312,1.6675820028897756,0.5667972384685924,0.6178137107151281,-0.5006049838994375,0.5949274157273918,0.3069070381201956,0.3881468178753889,0.861175560502126,-1.857089985278654,-1.146931641598553,0.026473993060624656,0.5192348034454121,-1.3874420015019417,0.47117515877083,0.5796300473261902,0.434658247574897,-0.3178923149554363,1.1462090278865285,0.6362181489412198,0.15720220200117313,-1.0519734374269112,0.8361822222105875,0.7140589756093273,-0.7982703606964199
-0.020055398860137658,-0.8687120323488593,-0.24067964070574113,0.5321403437028536,0.33710805137228306,1.1789813341730218,0.47369645942416466,0.6077555281933986,0.9884686367781014,0.8257849849151736,0.12522111693054383,-1.2279848343010382,1.0707323794153998,-0.10686855998821314,0.4844663928226496,-0.07496200360841081,-1.1641023942730868,0.5828119805727433,0.1192958652999412,0.08491278399171115,-0.054728387055393665,0.5667972384685924,1.7311454858026833,-0.016797376855428,-0.6442006331163086,0.7538397264588312,-0.43476373174020516,-0.0024461126153863546,0.9937018528265219,0.03576294409028213,-0.6950899572428265,-0.8397949715707838,-0.7137591973923159,-1.174281688559214,-0.17934699803243292,-0.29342930191686334,1.0640237677444262,-1.611524203544904,0.14150502586697505,-0.14135036371270157,-1.2390617610802794,-0.250487254324745,0.48233810508227604,0.1478993449187759,0.01634962754796879
0.5252210782796362,-0.1153975410195835,0.23059043588229,0.3447745938506078,0.15188168161486323,0.004962373201778115,0.38430955408502987,0.48412802620793627,-0.02079303217742028,0.448252201326403,-0.7745604197078159,-0.06160658251173368,0.1438942144010182,-0.15827164463016039,-0.20760532171040302,-0.235031632750008,0.15108854686802273,0.20561813923357583,0.07436039735349648,-0.05177208297282822,0.502300041432404,0.6178137107151281,-0.016797376855428,0.30890095976731363,-0.06680636277949074,0.21579930812854403,0.10276506417603562,0.15256379864379355,0.2914784438672454,-0.6429569981640024,-0.45330497540787823,0.14311511613980507,0.23891296096197287,-0.4327884282632056,0.09794936607178878,0.19386021991032412,0.06017716481730261,0.18364843565718247,0.4390758600659218,0.2995303042720454,0.2691269028875862,-0.3598705041298784,0.1626293280832559,0.2521594158486818,-0.31086350161946363
-0.13375281650864018,0.5140285335968282,0.1403821744905932,-0.004000277669085044,-0.02384379664930493,-0.6047699018327308,-0.39105467169191066,-0.49768201280826363,-0.18049795758162746,-0.306638232903707,0.29440600602046774,0.3084346273834786,-0.5478538357675902,0.5678687315958036,0.11821358555276303,0.02936432624474273,0.7778365077946536,-0.7341302711236803,0.3270239408072792,-0.01656304782047551,0.002099560357489691,-0.5006049838994375,-0.6442006331163086,-0.06680636277949074,0.3790219486828027,-0.18834256818362116,-0.18764441323357514,0.10395311061055357,-0.3276581793615264,0.6878451416954652,0.4492349988455954,0.4896345719773849,0.034440915318711254,0.701037346645047,-0.17206606578436026,-0.16461538047024243,-0.4472768862653931,0.7239047837084667,-0.33115160333294147,-0.22792406162577175,0.33604024668444527,0.3780756370570789,-0.48649176727106846,-0.18227784329717728,-0.055771101499049645
0.414919977907027,-0.46155704508600653,0.16738318576806935,0.9345152293147513,0.3685758984861543,0.3012697225446882,0.4344929434239747,0.4218104606751934,0.6250331882500181,0.8545583970300915,-0.44151395182026004,-0.8505661729054258,0.4096602434099147,0.36426591862813024,0.48240305521523064,-0.29736883559247274,0.11447640779920551,-0.19849754493860025,0.7259278711430543,-0.17206943131729188,0.5942447406146271,0.5949274157273918,0.7538397264588312,0.21579930812854403,-0.18834256818362116,0.7675471191852198,-0.6353514925026884,0.5156619558688152,0.8550075160882388,0.27795588798620735,-0.4185992135437042,0.20210398497528384,-0.3117547219505177,-0.6127357352382717,-0.1775291947997181,-0.16200336114087147,0.3525699723538039,-0.3445554227996048,0.15075472517704097,-0.190423166810513,-0.444180206702747,-0.19933998165093209,0.07700774296631967,0.2323171985042213,-0.6436088689244248
-0.029440296383688447,0.35883895357400525,-0.16493136336443304,-1.173177083009904,-0.37799915199870765,0.24791337375468775,0.12632676146108193,0.24275719183412653,-0.7551167047621533,-0.5578456388227605,-0.39727597573174883,0.8440224983973703,0.3305677608677022,-1.2681037667991426,-1.1895106530120516,0.0691690851315608,-0.8973501749459777,1.4066695396231679,-1.4424536370749657,0.29944518775361467,-0.6597875901473259,0.3069070381201956,-0.43476373174020516,0.10276506417603562,-0.18764441323357514,-0.6353514925026884,1.3343660755925686,-0.9149910176311881,-0.5961400686968751,-1.8561373710509548,-0.4324342014975709,-1.0099864788495425,0.5062395707789056,-0.5089746064544433,0.4591949359311818,0.7587167186504375,0.060162644713549415,-0.1490881958227055,0.530682729571751,1.1550990786426876,0.656346164401044,-0.6274052234504293,0.6141729319877063,0.031535036060743545,1.0392866139318089
0.6974171563097614,-1.0089730116288242,0.264943313704276,1.2435414619751706,0.1790054455030327,-0.37144009662766225,0.4363678469830554,0.38836315434130225,0.21633782479507604,0.7264407080775841,-0.7690954116045255,-0.4380641462734586,-0.512004274740064,0.34901233190161457,0.7988440398417014,-0.14407908794702998,0.9145883288517906,-0.8602138286412523,1.2131238941814415,-0.6663504449158287,1.4076098463716085,0.3881468178753889,-0.0024461126153863546,0.15256379864379355,0.10395311061055357,0.5156619558688152,-0.9149910176311881,1.332013892122236,0.5343136317620201,0.6233607994316785,0.3155699865035727,1.6116321546078183,0.3220854132098519,0.39859001191631094,0.16557794758560582,-0.18304477688875384,-0.4016666430447367,0.5838526969936547,0.09427186526713763,-0.9442069624689976,-0.11214724904569416,0.11928961008007405,-0.15572007450236997,0.4039163568424272,-1.7986866609246903
0.583133681002082,-0.719226527508959,0.1834227134138077,1.0709461692597615,0.4505187845155135,0.4992575763337585,0.6294483803641545,0.7377215199149615,0.7269980601195204,1.0973841173174756,-0.6679385662558043,-0.9858004094953725,0.569229024861083,0.2023912643460527,0.454096519058364,-0.3246149466706363,-0.08824197663419482,0.015435809939192018,0.6750470029291837,-0.15728584083942682,0.773165993710156,0.861175560502126,0.9937018528265219,0.2914784438672454,-0.3276581793615264,0.8550075160882388,-0.5961400686968751,0.5343136317620201,1.0335816100561266,-0.019370857930472416,-0.66128944670137,0.1338768548822005,-0.2645419943333376,-0.8732221750326374,-0.12324066577477386,-0.17348879189063318,0.5464171306684165,-0.54242235460025,0.35658178116265643,-0.1629641281586582,-0.5540450932535085,-0.314728425275481,0.21877458478702114,0.3497727531566608,-0.7487359366400346
-1.0412369029579343,0.6479831549693786,-5.77182314256675e-4,0.7468427570240377,0.2913456218500005,-0.795962384569929,-1.2421775591358515,-1.6204243009937815,0.8817498587809739,-0.33735042959414674,2.165642128266362,-0.6825708304983273,-0.9336015876616274,2.503871066208836,1.738282139674489,0.25246117617513036,1.504655571411763,-2.657034731236848,1.808804654195859,-0.0621854964561717,-0.3017134566102291,-1.857089985278654,0.03576294409028213,-0.6429569981640024,0.6878451416954652,0.27795588798620735,-1.8561373710509548,0.6233607994316785,-0.019370857930472416,3.9089327771310023,1.441201441159582,1.0112265896742396,-1.1826268493045433,1.7378470230938463,-1.0757086723345477,-1.4330791699911025,-0.39559688038331087,0.44316387089992004,-1.6819093173530626,-1.8089075630817752,-0.8971582190586733,1.6643918157096629,-1.523526131072947,-0.7266548506214509,-0.335817365040096
-0.6130835327572607,0.2033815497249805,-0.16979671210576622,-0.2589908234035269,-0.31350638357228705,-0.6808099997351407,-0.6912450797254164,-0.9789694173821026,-0.2593481464697171,-0.8029009628280309,0.9758394893978111,0.39665756776191446,-0.896062984874649,0.5434686833657721,0.5206196433633055,0.34418370447788565,0.6731368264978702,-1.0197417547818186,0.39774588313514875,-0.23332352654844205,-0.26845511116846066,-1.146931641598553,-0.6950899572428265,-0.45330497540787823,0.4492349988455954,-0.4185992135437042,-0.4324342014975709,0.3155699865035727,-0.66128944670137,1.441201441159582,1.2110428242938187,0.7838309181442743,-0.02971825214706268,1.3917837552284968,-0.06390003258475019,-0.2857671816043187,-0.7306334640895517,0.6229222019724405,-0.8142273868573485,-0.8396107774636812,0.011950143324139914,0.7705032625312117,-0.574888777043975,-0.34238220755327936,-0.22082097937512637
0.7982459863260332,-0.7808995417564211,0.46462138252260315,1.3235189053890772,0.12885129361946063,-1.0858513602473374,0.17690271017954262,0.1413022565777229,-0.12841443652287873,0.4926479491492555,-0.801263174614241,0.04720582290030817,-1.2719353774680309,0.7009458314718727,0.8537452520492006,-0.07305995897717533,1.7881048766267433,-1.5591760616521964,1.5175409100850668,-0.7820500835079562,1.7754073108351531,0.026473993060624656,-0.8397949715707838,0.14311511613980507,0.4896345719773849,0.20210398497528384,-1.0099864788495425,1.6116321546078183,0.1338768548822005,1.0112265896742396,0.7838309181442743,2.4562746251336995,0.6894503296735459,1.2451589455120446,0.18183600320592103,-0.3134922695342161,-0.9733506028175232,1.5405340629773152,-0.03747178021436753,-1.2880510352534573,0.3760317042669285,0.48826749823778043,-0.5999015278648248,0.36321128848413703,-2.2061817358294378
0.6298886923418696,-0.44698485661909143,0.1533988355055242,-0.037110581082584394,-0.20535773602115584,-0.32038239845137045,0.4098026778235767,0.5386956879994644,-0.6622756120429499,0.0279850471472396,-1.073172982237078,0.6283905620862212,-0.3930400978925143,-0.8107246213240578,-0.47458503762339,-0.021367554208047524,0.2089234721697729,0.39538456633511787,-0.2804422695930513,-0.28724642008330326,0.7278272354399828,0.5192348034454121,-0.7137591973923159,0.23891296096197287,0.034440915318711254,-0.3117547219505177,0.5062395707789056,0.3220854132098519,-0.2645419943333376,-1.1826268493045433,-0.02971825214706268,0.6894503296735459,0.9208886597476164,0.14031058002801466,0.5883167891315163,0.4959047931937549,-0.45212721965054564,0.6940448155715919,0.588796601719509,0.18652753983607928,0.7143528955661215,-0.35903627368249313,0.2954815389742803,0.3710634319580349,-0.6664251323851201
-0.537990872649888,0.4511205413902797,0.014592980364315887,-0.14627665344985202,-0.23896387837933322,-1.1256202693338189,-0.8991820809042689,-1.0878856366509597,-0.3824826568081714,-0.8663268934297929,1.0114197483848077,0.6602366575134678,-1.3595013912659561,0.926151819933698,0.5525464184410229,0.37937691426722686,1.269337580815305,-1.537189051194846,0.6134993919371529,-0.1917143455848255,-0.024392039761333008,-1.3874420015019417,-1.174281688559214,-0.4327884282632056,0.701037346645047,-0.6127357352382717,-0.5089746064544433,0.39859001191631094,-0.8732221750326374,1.7378470230938463,1.3917837552284968,1.2451589455120446,0.14031058002801466,1.8964443054890707,-0.16549394295484066,-0.509632637340867,-0.9828537360912741,1.2229694423581428,-0.87994414388404,-1.0601004864032455,0.2918707809638131,1.0807142615077703,-0.9524384900336096,-0.39518510691673187,-0.38404049712026794
0.3416830660867775,-0.6010993905902626,-0.08289937630448989,-0.19549916069641052,-0.2585232965618227,0.1088718654952657,0.4189894273566346,0.45932328460425104,-0.4343313585605904,-0.018572734829167676,-0.724411074736997,0.32448774566138966,-0.004053701761720693,-0.9589231222826639,-0.35753837636977165,0.035507863203614265,-0.3721830910400185,0.7003970319197622,-0.4370617215432484,-0.2512151109929987,0.3162814192186156,0.47117515877083,-0.17934699803243292,0.09794936607178878,-0.17206606578436026,-0.1775291947997181,0.4591949359311818,0.16557794758560582,-0.12324066577477386,-1.0757086723345477,-0.06390003258475019,0.18183600320592103,0.5883167891315163,-0.16549394295484066,0.5554826006337543,0.5073181752474412,-0.16404400300700062,0.027432096096120552,0.4513967443635398,0.21304289252409095,0.2707670331476126,-0.4315677944636558,0.5082991093553291,0.2985960747859258,-0.37084250375743444
0.2819160790860629,-0.09079129128318962,-0.06318127518918121,-0.49624413977521986,-0.3059805187236584,0.14024020480169777,0.40167079752756013,0.3220858944175145,-0.5623546779061477,-0.16063470537543628,-0.7908369446479628,0.44100650873097313,0.26408765638407794,-1.0570464590895683,-0.7175204516121004,-0.10587587760389096,-0.47005166976697743,1.0067565627690074,-0.7234967272698866,-0.11142675784743902,-0.06830212373891695,0.5796300473261902,-0.29342930191686334,0.19386021991032412,-0.16461538047024243,-0.16200336114087147,0.7587167186504375,-0.18304477688875384,-0.17348879189063318,-1.4330791699911025,-0.2857671816043187,-0.3134922695342161,0.4959047931937549,-0.509632637340867,0.5073181752474412,0.8019327611029217,-0.13275355200504516,0.010263916306414595,0.4993434199960729,0.799053912103471,0.5374727309283865,-0.7180102585026014,0.6214723686739094,0.22570333215434057,0.1597391516335643
-0.029142131666687523,-0.2401737097524242,-0.12144260462504637,0.08611584124789701,0.25142488754130066,0.836490832863317,0.27060718158839214,0.46659044797170807,0.561584666222456,0.47536494079836267,0.06088702687157368,-0.6355933580208485,0.8473138021706815,-0.17438697518672308,-0.0308019610337155,-0.07272150060539888,-0.926717626791729,0.6642280360225109,-0.2806057998067129,0.29464318006492946,-0.26399948437256154,0.434658247574897,1.0640237677444262,0.06017716481730261,-0.4472768862653931,0.3525699723538039,0.060162644713549415,-0.4016666430447367,0.5464171306684165,-0.39559688038331087,-0.7306334640895517,-0.9733506028175232,-0.45212721965054564,-0.9828537360912741,-0.16404400300700062,-0.13275355200504516,0.8445433097530388,-1.0931581958629257,0.23427360088066113,0.28773749149811445,-0.6391095013311467,-0.26587598767078574,0.3538812232448797,0.0485272637264468,0.48327181212829834
0.4302634234845091,0.6038154788812025,0.5111842813746003,0.30614363910711384,-0.036034492782586976,-1.3674719888079008,-0.2897499268990082,-0.3722934278398964,-0.6633744518744443,-0.24225238059343943,-0.48486542772597097,0.8289214557951315,-1.2294538393228698,0.6504294695481571,-0.042253756100584954,-0.10206116758531678,1.795197211998941,-1.2025440901933038,0.6633700650585573,-0.2669710425057564,0.8044503376071929,-0.3178923149554363,-1.611524203544904,0.18364843565718247,0.7239047837084667,-0.3445554227996048,-0.1490881958227055,0.5838526969936547,-0.54242235460025,0.44316387089992004,0.6229222019724405,1.5405340629773152,0.6940448155715919,1.2229694423581428,0.027432096096120552,0.010263916306414595,-1.0931581958629257,1.9150359239062722,-0.0849851186422482,-0.27920824288864876,1.1473816971691868,0.36697013780617993,-0.7248676570984669,0.017926312971571687,-0.8036333644454825
0.8293796881477548,-0.6026491717668623,0.17618174781139304,0.23117171110619797,0.07794960502092031,0.33041129481904696,0.7894024540460705,1.054052775464233,-0.1847193604961531,0.623303086156587,-1.3584188624967815,0.03054994351976265,0.3887932183720953,-0.9265668115759944,-0.5555063735256209,-0.23548624691587944,-0.3933269384725513,0.9552612681764374,-0.3856170786063715,-0.09016832037686626,0.7080843809890336,1.1462090278865285,0.14150502586697505,0.4390758600659218,-0.33115160333294147,0.15075472517704097,0.530682729571751,0.09427186526713763,0.35658178116265643,-1.6819093173530626,-0.8142273868573485,-0.03747178021436753,0.588796601719509,-0.87994414388404,0.4513967443635398,0.4993434199960729,0.23427360088066113,-0.0849851186422482,0.9227371812220475,0.5883085330592479,0.32931019774180753,-0.7590918742265752,0.629859663653442,0.5042808812451964,-0.4062976219046471
0.11933239581425928,0.6635685759334254,-0.008596498587014114,-0.8509221718932017,-0.15056217119305929,0.36907782988821114,0.2649441172603078,0.2921582061303191,-0.4564570358690785,-0.19110096966133952,-0.5923916149916811,0.44898415317660745,0.7290329348763933,-0.9403842400754437,-1.1709905058819663,-0.22088535438735746,-0.7761697385972312,1.3779664544770804,-1.1831844993862237,0.37632325049074716,-0.659307493541393,0.6362181489412198,-0.14135036371270157,0.2995303042720454,-0.22792406162577175,-0.190423166810513,1.1550990786426876,-0.9442069624689976,-0.1629641281586582,-1.8089075630817752,-0.8396107774636812,-1.2880510352534573,0.18652753983607928,-1.0601004864032455,0.21304289252409095,0.799053912103471,0.28773749149811445,-0.27920824288864876,0.5883085330592479,1.48704586158097,0.6308450674987243,-0.87225525326192,0.6194687948823032,0.04881181968886637,1.1684797810924317
0.37498852100178426,0.6339304346022789,0.29159111017272143,-0.3710715117834705,-0.19573104307166256,-0.7102313285485806,-0.005515438883579115,-0.03095645533041484,-0.8253234263305373,-0.3467636036515947,-0.7312287144869121,0.9298607236705545,-0.4794995975949797,-0.30761871740196756,-0.7483253410713069,-0.1356630637654601,0.6788835872515624,0.09117584460977635,-0.3412842753173098,-0.021928920950507136,0.20407639434254,0.15720220200117313,-1.2390617610802794,0.2691269028875862,0.33604024668444527,-0.444180206702747,0.656346164401044,-0.11214724904569416,-0.5540450932535085,-0.8971582190586733,0.011950143324139914,0.3760317042669285,0.7143528955661215,0.2918707809638131,0.2707670331476126,0.5374727309283865,-0.6391095013311467,1.1473816971691868,0.32931019774180753,0.6308450674987243,1.1704482270950165,-0.27399943331776955,-0.053268244905339684,0.08055441236451939,0.04640271844139995
-0.5557106853656675,0.36497092395794734,-0.021896300704249295,0.0865381933054666,0.060239356335581744,-0.4855786610949356,-0.7143285643601728,-0.766791097332134,0.20626508968974858,-0.379461290438069,1.1150857343595288,0.007314668211599042,-0.6529875047173423,1.0431404956232697,0.6417210564602188,0.2593114821326403,0.6793984365410715,-1.1970275759698492,0.5844380072387705,0.06672818246894932,-0.20576126476523895,-1.0519734374269112,-0.250487254324745,-0.3598705041298784,0.3780756370570789,-0.19933998165093209,-0.6274052234504293,0.11928961008007405,-0.314728425275481,1.6643918157096629,0.7705032625312117,0.48826749823778043,-0.35903627368249313,1.0807142615077703,-0.4315677944636558,-0.7180102585026014,-0.26587598767078574,0.36697013780617993,-0.7590918742265752,-0.87225525326192,-0.27399943331776955,0.9195165247675646,-0.7777422785910697,-0.3849971687942045,-0.014963951315088325
0.3101142404876245,-0.6737979323338958,-0.1944016944500335,-0.2685050100123673,-0.17132340957351763,0.6927234152924258,0.6440401425496731,0.7167363282933297,-0.15627457816171944,0.21708323258384635,-0.7688444642360366,-0.04842356625212755,0.6644402533505699,-1.2302364273338724,-0.5024952326064056,-0.06323721310295587,-1.0711559885855493,1.32122517857062,-0.7393133173803401,-0.08489115510873278,0.012804989121321284,0.8361822222105875,0.48233810508227604,0.1626293280832559,-0.48649176727106846,0.07700774296631967,0.6141729319877063,-0.15572007450236997,0.21877458478702114,-1.523526131072947,-0.574888777043975,-0.5999015278648248,0.2954815389742803,-0.9524384900336096,0.5082991093553291,0.6214723686739094,0.3538812232448797,-0.7248676570984669,0.629859663653442,0.6194687948823032,-0.053268244905339684,-0.7777422785910697,0.8647651746422778,0.3350967160322876,0.06252448162863507
0.596236528911887,-0.6480109731389143,0.12588898227169068,0.4366786640442281,0.07325578102392552,0.13820586393774376,0.5499754769123478,0.6666534607257965,-0.017333206878217232,0.520039578919337,-0.8950143514350162,-0.13850646384885681,0.11500707312517545,-0.4455842623306349,-0.0606885510903785,-0.14943875180967578,-0.0540358584976278,0.3296595186891896,0.09577721849893074,-0.23605120701155652,0.7144767739665937,0.7140589756093273,0.1478993449187759,0.2521594158486818,-0.18227784329717728,0.2323171985042213,0.031535036060743545,0.4039163568424272,0.3497727531566608,-0.7266548506214509,-0.34238220755327936,0.36321128848413703,0.3710634319580349,-0.39518510691673187,0.2985960747859258,0.22570333215434057,0.0485272637264468,0.017926312971571687,0.5042808812451964,0.04881181968886637,0.08055441236451939,-0.3849971687942045,0.3350967160322876,0.37656561349017714,-0.6861316656172114
