V1,V2,V3,V4,V5,V6,V7,V8,V9,V10,V11,V12,V13,V14,V15,V16,V17,V18,V19,V20,V21,V22,V23,V24,V25,V26,V27,V28,V29,V30,V31,V32,V33,V34,V35,V36,V37,V38,V39,V40,V41,V42,V43,V44,V45
8.204048637060007,3.136455845329116,42.660443079641816,11.42011869979744,-4.894133102555498,14.461357534963565,-27.18885520254429,-5.563429413011686,47.33201174497848,20.064669503157834,81.62194159610792,30.855793290565515,-13.18577459534934,2.5169950249995576,-42.854198710842674,29.27946323928267,95.01939119955769,-35.5693261653014,19.00919071342709,14.172612179558705,17.500991588471553,-24.501034972721012,12.561009279200634,40.54614891370124,48.63901272385375,10.567699723451792,-43.33702753954974,11.040127596787425,-5.502764710083063,-21.01099139963772,9.981383599582708,-0.23832305888202115,63.80779165715985,29.727074603497137,8.824988498886627,9.111881866756162,-85.51013572386482,-41.45400177058797,19.583217833208014,-27.287323881474858,-68.04233725861687,-45.653488908139124,12.125990384890569,-88.24778623107177,-4.507004756152255
3.136455845329116,1.211177332768626,15.804041252864446,4.221782420371824,-1.7835899886530473,5.313192077469664,-9.969129151082964,-1.9943069944367624,17.310017263126934,7.375704016553954,30.129252573907035,11.298620481170708,-4.851101555018873,0.8820081900740756,-15.718400980581679,10.549507150035824,34.88113900838515,-13.138368887543264,6.904967179887945,5.326015487388774,6.385655923883939,-9.016764777743527,4.631926519979011,15.09537854442638,17.88344607748219,3.8170807564613933,-15.851148236769012,4.02753683150632,-2.104775874279718,-7.7283801335458655,3.6566995202024963,-0.11403758924280576,23.486821992414587,10.914818385027882,3.154128243355618,3.283665478490238,-31.418336164534328,-15.234327832682359,7.247619720441997,-9.970972067275794,-25.060802049461035,-16.87975806374295,4.426360222080532,-32.444650553263834,-1.6782733238679481
42.660443079641816,15.804041252864446,249.10128609432186,67.48837413106381,-30.306808920357156,87.07229607204644,-164.22153148190566,-36.58953956147503,288.68024948848813,120.05524233223508,482.4922059283389,187.68069480462484,-78.76202360890717,17.620782962925794,-258.4713881490893,187.28754382160628,571.9761886711154,-210.10261940020064,118.16670987364742,78.68934721445454,107.36057796181572,-146.38804768331488,74.00354246876168,232.77342033516507,291.5758266751631,66.77569935566488,-264.005147531632,67.66879268557086,-28.550418792836112,-125.54869467873611,60.5302538151839,-0.12300296376138622,380.6685719461455,178.83236707175757,58.10157213516495,58.14826819297505,-513.2140195621488,-248.5408499173682,114.54306558076004,-166.62860005316057,-405.11326375209245,-268.37522237391966,74.3363259172554,-528.45323518903,-25.551677421223424
11.42011869979744,4.221782420371824,67.48837413106381,18.326903090762237,-8.257145333383543,23.66603243293336,-44.655072285395065,-10.017225060424265,78.56978642763359,32.61445402887252,130.92107737949797,51.078997754914866,-21.401088461197308,4.866859218112508,-70.27821973188045,51.22502339156589,155.47624780393974,-57.00114648587386,32.224852273969816,21.212976763915186,29.228510772205695,-39.76680175968984,20.074706583984113,62.975239421195674,79.22531184764098,18.209571015690997,-71.85531115442588,18.440104010368874,-7.632759944152166,-34.10351913830067,16.471008955647143,-7.864028042444103e-4,103.36781785787383,48.61356747132724,15.92502351739919,15.895557266518894,-139.46484025937488,-67.54087860112384,31.038055589016796,-45.36837554327232,-110.00164311772062,-72.78683487863422,20.235803879154535,-143.56880651858683,-6.886293125692162
-4.894133102555498,-1.7835899886530473,-30.306808920357156,-8.257145333383543,3.800293558716588,-10.743099402704592,20.250061391031593,4.719983481744931,-35.770680390906755,-14.740879415399963,-58.97224281275818,-23.232494831499203,9.661057966005224,-2.304131322599556,31.850129542914107,-23.65625677355301,-70.4561153852189,25.691766053487587,-14.720924993251627,-9.347470887180522,-13.33996178514235,17.96875617596068,-9.004925200935114,-28.088830315086877,-35.87164819734439,-8.404368422861618,32.673639455250644,-8.373158535102196,3.2800871356809487,15.410558478370517,-7.4784431817963855,-0.046542235608687116,-46.72703976652418,-22.02006056333875,-7.440804958382969,-7.338291662031114,63.13469711596911,30.54442573102893,-13.923167761632048,20.62356526349065,49.66329008574473,32.71189770988557,-9.237053967536793,64.94488953425441,3.0587476010586796
14.461357534963565,5.313192077469664,87.07229607204644,23.66603243293336,-10.743099402704592,30.67522388612796,-57.86884078679451,-13.164442410973196,101.97431841974728,42.20294605845935,169.15871428813608,66.2647335621991,-27.67713388632827,6.415401618425465,-91.04008844531013,66.8713952804991,201.40052445545865,-73.66355457123277,41.91879543868775,27.153994474036818,37.965622081386854,-51.4636023933401,25.897602951083,81.01625376160791,102.58118791959001,23.77678472262924,-93.22241794503891,23.919774828300913,-9.673660107172797,-44.12428231147465,21.35022785912964,0.06248810024020411,133.7552754827205,62.955883673529186,20.89201571262697,20.74719152403344,-180.5821687989329,-87.42816261412489,40.05292949169675,-58.86678329587032,-142.2724885009258,-93.96350780383172,26.2863714849994,-185.8430317780294,-8.859665781302612
-27.18885520254429,-9.969129151082964,-164.22153148190566,-44.655072285395065,20.250061391031593,-57.86884078679451,109.35987562860765,24.743072127465553,-192.6597857626875,-79.75781414680476,-319.3486269514967,-125.16275443406784,52.31609639062907,-12.16619544728836,172.07594107212242,-126.57468272671032,-380.4676477939833,138.96429692274575,-79.36042755055402,-51.144887310532276,-71.74597907151434,97.19009610184088,-49.021364748537714,-152.78635229566856,-193.6765837329995,-44.923432996108396,176.21400739512598,-45.317409008012284,18.150155083975253,83.36505388261835,-40.35410315693505,-0.1721275844246426,-252.53523283003804,-118.9521213280353,-39.47490463177396,-39.27114164818269,341.1172465618943,165.20454793924156,-75.60830828767374,111.34700570697537,268.67995742226316,177.3880092252748,-49.657154684553234,351.0298804694997,16.709995341853592
-5.563429413011686,-1.9943069944367624,-36.58953956147503,-10.017225060424265,4.719983481744931,-13.164442410973196,24.743072127465553,6.055869699737341,-43.93670956581414,-17.924741383289035,-71.47732730824342,-28.519049593679284,11.731997666000607,-2.9649757356052073,38.86816407483653,-29.539475487666042,-86.0198136739261,31.187803573603926,-18.156078989885902,-11.015681167084086,-16.414317020809936,21.882089884274638,-10.817462864682097,-33.616345889329885,-43.771360514865535,-10.487087248917955,40.06156155927634,-10.238883376160057,3.743835198696861,18.741278709620644,-9.14996100168733,-0.1221662395252697,-56.87969022272695,-26.86129088319017,-9.443558783126258,-9.152634204599572,76.98402360842783,37.197507736622946,-16.792411306075273,25.27663916463807,60.35956791107678,39.54046944808111,-11.372965409245925,79.11934663917783,3.6367486835457394
47.33201174497848,17.310017263126934,288.68024948848813,78.56978642763359,-35.770680390906755,101.97431841974728,-192.6597857626875,-43.93670956581414,339.6957585594735,140.40221671619506,561.7916943513135,220.65665747249344,-92.07869504362714,21.638131263880556,-303.09841915072377,223.8566434110694,670.1619089930747,-244.50063060760684,140.0467519864492,89.54848931076808,126.54785532165357,-171.1066012745676,86.1457116097453,268.2037330776701,341.09007034015673,79.41519968192743,-310.6252259635347,79.87016970203989,-31.60649999203131,-146.74910064853813,71.11231519863222,0.3969674256982688,444.57106774721063,209.5036344238577,69.99259094762913,69.4409921226694,-600.7194944325616,-290.8797305160386,132.89326284175192,-196.27797488918443,-472.88588953088856,-311.916863107684,87.59145758827194,-618.0760932278107,-29.29625483171719
20.064669503157834,7.375704016553954,120.05524233223508,32.61445402887252,-14.740879415399963,42.20294605845935,-79.75781414680476,-17.924741383289035,140.40221671619506,58.21311949778933,233.2578733421581,91.22486260812445,-38.189124595197406,8.787950961739362,-125.51805565899667,91.95293470247225,277.54129277341417,-101.49533450324202,57.76541273260519,37.537293774807424,52.270037045968856,-70.92924385062932,35.83375315097386,111.84469812625389,141.31321991913157,32.658288869793,-128.43638435293468,33.02440777755218,-13.394983787261443,-60.84851136781629,29.422966614119293,0.0831508726484531,184.33157123385408,86.78007637453128,28.61165531379701,28.53583307425695,-248.88909437924164,-120.55071381684954,55.26913007374494,-81.14774409416914,-196.14945230990273,-129.62109219536492,36.176677775169615,-256.16306677041877,-12.24610279382101
81.62194159610792,30.129252573907035,482.4922059283389,130.92107737949797,-58.97224281275818,169.15871428813608,-319.3486269514967,-71.47732730824342,561.7916943513135,233.2578733421581,936.065807423086,365.1460726186997,-153.03217081306502,34.74938768325265,-502.58843068323955,366.25479597435793,1111.759547434535,-407.46684140208134,230.5689526387475,151.62389915867752,209.02288136059593,-284.343756104673,143.66172921189312,450.1742443610289,566.4090623324716,130.3005410660828,-513.8434738919489,131.92188983574175,-54.55205757191764,-243.87925640974413,117.76248950707428,0.049185496885927174,739.120349621247,347.60752880735885,113.80926719500563,113.67718296647077,-997.2593830466434,-482.9973788732762,221.99892624570205,-324.4925091928739,-786.5563223877341,-520.418342873434,144.6994526524942,-1026.6285225943946,-49.336229923665115
30.855793290565515,11.298620481170708,187.68069480462484,51.078997754914866,-23.232494831499203,66.2647335621991,-125.16275443406784,-28.519049593679284,220.65665747249344,91.22486260812445,365.1460726186997,143.35232160518132,-59.832002174583835,14.028165744915079,-196.90980877849043,145.28341777638894,435.4140259070689,-158.93252344815733,90.92628387593543,58.28282204710103,82.18525116310266,-111.19349251283217,55.97447319745076,174.43109174189408,221.64351841621055,51.54337542802994,-201.76998739949465,51.86823948801154,-20.606525484244145,-95.35575360768452,46.19668132787112,0.23234095995883805,288.8986279396358,136.11780181195263,45.41394614831296,45.06470035308758,-390.3198435300353,-189.00077219446518,86.38826397578649,-127.48418419463313,-307.31002601803453,-202.75854659975454,56.888566528499695,-401.61305741578093,-19.047775940709702
-13.18577459534934,-4.851101555018873,-78.76202360890717,-21.401088461197308,9.661057966005224,-27.67713388632827,52.31609639062907,11.731997666000607,-92.07869504362714,-38.189124595197406,-153.03217081306502,-59.832002174583835,25.05703361808178,-5.759678502749279,82.33666396912365,-60.28614691321769,-182.04929305374526,66.5810082076843,-37.885269240502325,-24.643666061556058,-34.27484385561686,46.5302543315511,-23.51782326308536,-73.40046991575362,-92.69198969617689,-21.398713773419278,84.24102148681087,-21.66874751509583,8.798139462783363,39.91779875855673,-19.300605180198392,-0.05089628712635643,-120.91190042226235,-56.925873109602115,-18.745001807687014,-18.707301024475395,163.2617185257184,79.08371275232724,-36.2625074908622,53.22935628866064,128.67770815554923,85.04879092453099,-23.721018748964084,168.03527585168464,8.032500612196724
2.5169950249995576,0.8820081900740756,17.620782962925794,4.866859218112508,-2.304131322599556,6.415401618425465,-12.16619544728836,-2.9649757356052073,21.638131263880556,8.787950961739362,34.74938768325265,14.028165744915079,-5.759678502749279,1.5396572203152938,-19.11803151769124,14.866356097517318,42.179213324381095,-15.106144281484836,9.081108094833095,5.177225505011321,8.097107053899656,-10.697226386524333,5.315554146253895,16.099249433350302,21.38175283582577,5.198342913226288,-19.77497602823356,5.123849528962178,-1.6683783083030785,-9.173664879980702,4.51040457621062,0.11526187133362517,27.73126969568905,13.182290819671106,4.745948653686618,4.599385278073018,-37.70525828450483,-18.24708904157298,8.129220119959383,-12.529308361019902,-29.455195162770853,-19.1926260632936,5.600185342527816,-38.708568153780185,-1.7242206754261458
-42.854198710842674,-15.718400980581679,-258.4713881490893,-70.27821973188045,31.850129542914107,-91.04008844531013,172.07594107212242,38.86816407483653,-303.09841915072377,-125.51805565899667,-502.58843068323955,-196.90980877849043,82.33666396912365,-19.11803151769124,270.7764161510815,-199.05623298917536,-598.6690891801056,218.68191001129765,-124.84091064325128,-80.5480499212727,-112.87236810710068,152.9331983026517,-77.18223446190497,-240.5350563532627,-304.74814859488146,-70.63942985433216,277.24549223069374,-71.31215748939276,28.601863942068114,131.1918748300686,-63.49650072743956,-0.2606747662297999,-397.390282606761,-187.1812397009914,-62.040485549196625,-61.76238772098145,536.7685345141509,259.9706294177547,-119.00306425119295,175.1916910170335,422.8189472143288,279.1919947815032,-78.11830777076301,552.3778476773982,26.307949268518993
29.27946323928267,10.549507150035824,187.28754382160628,51.22502339156589,-23.65625677355301,66.8713952804991,-126.57468272671032,-29.539475487666042,223.8566434110694,91.95293470247225,366.25479597435793,145.28341777638894,-60.28614691321769,14.866356097517318,-199.05623298917536,149.8501217240714,439.7168877746949,-159.30143805187512,92.94104403467348,56.98783811628462,83.54563403453766,-111.98230925586186,56.16225840667582,172.96355510112008,223.43763439507296,52.88314142571992,-204.67959917171507,52.80022351924444,-19.500145209351206,-96.0560468233419,46.79118138336075,0.6200154892298761,290.73046195680365,137.4519172747021,47.19887896508035,46.44494785194898,-393.75674367333556,-190.63691848475054,86.30622091009653,-129.47927965266908,-309.09364781900075,-202.9674206405611,57.80483562089799,-404.80852889467815,-18.783771627198668
95.01939119955769,34.88113900838515,571.9761886711154,155.47624780393974,-70.4561153852189,201.40052445545865,-380.4676477939833,-86.0198136739261,670.1619089930747,277.54129277341417,1111.759547434535,435.4140259070689,-182.04929305374526,42.179213324381095,-598.6690891801056,439.7168877746949,1323.8521860053354,-483.8477345480465,275.8295408952609,178.39027737315288,249.53478854070048,-338.23933173411706,170.602623877574,532.3657723366201,674.0310050551069,156.1511697370546,-612.9147894269486,157.53896475408567,-63.459811421972795,-290.1150737894876,140.3791626183496,0.49892931391005757,878.9701356590346,413.8945903298543,137.0938488619558,136.4357840048068,-1187.0202645195131,-574.8542179776638,263.27833760894663,-387.22118835638406,-935.1608356746367,-617.6215514122383,172.72117226779423,-1221.589302644875,-58.2383785170872
-35.5693261653014,-13.138368887543264,-210.10261940020064,-57.00114648587386,25.691766053487587,-73.66355457123277,138.96429692274575,31.187803573603926,-244.50063060760684,-101.49533450324202,-407.46684140208134,-158.93252344815733,66.5810082076843,-15.106144281484836,218.68191001129765,-159.30143805187512,-483.8477345480465,177.42540959695373,-100.26739533824829,-66.04643121422369,-90.96189331904188,123.76253958906725,-62.46220105455393,-196.02037372799026,-246.56252172312543,-56.71693095286976,223.58286749711414,-57.34661188838593,23.793143021132348,106.12968330543609,-51.24098613070858,0.0032502117847766506,-321.73769263784084,-151.2689222462432,-49.54542532579581,-49.442635444319876,434.02278687871893,210.17764600276658,-96.63537190806115,141.15404644326443,342.34802172681333,226.53236753938694,-62.97959567483438,446.8146044076188,21.481262428009902
19.00919071342709,6.904967179887945,118.16670987364742,32.224852273969816,-14.720924993251627,41.91879543868775,-79.36042755055402,-18.156078989885902,140.0467519864492,57.76541273260519,230.5689526387475,90.92628387593543,-37.885269240502325,9.081108094833095,-124.84091064325128,92.94104403467348,275.8295408952609,-100.26739533824829,58.0044061676199,36.36462573750682,52.205241069729915,-70.35675386495062,35.42553788155336,109.53873417952703,140.2400786244028,32.86751951661907,-128.11457081499125,33.04623368937993,-12.658397966840107,-60.35122994914736,29.308628112163692,0.27996676366598755,182.67265214687816,86.23396635096944,29.101993174065807,28.81966073885918,-247.1464584647999,-119.70688311896815,54.47644036688904,-81.03964537688103,-194.3162982386297,-127.93407768914702,36.12013587343454,-254.20163320853288,-11.950416329463671
14.172612179558705,5.326015487388774,78.68934721445454,21.212976763915186,-9.347470887180522,27.153994474036818,-51.144887310532276,-11.015681167084086,89.54848931076808,37.537293774807424,151.62389915867752,58.28282204710103,-24.643666061556058,5.177225505011321,-80.5480499212727,56.98783811628462,178.39027737315288,-66.04643121422369,36.36462573750682,25.399263566588182,33.22669670128041,-45.794374564694664,23.2888908014648,74.06209281787845,91.09495420129542,20.4176744056321,-81.93179405336485,20.945644413690218,-9.495354305605813,-39.27662122057181,18.821173057719037,-0.20871739903432124,119.16890873125475,55.79070821667216,17.47786341172988,17.710488141729005,-160.2592188348681,-77.64206324093588,36.15287278107552,-51.658232833331816,-126.92590746618177,-84.53264977777017,23.01242843915524,-165.1719189698067,-8.171736113525588
17.500991588471553,6.385655923883939,107.36057796181572,29.228510772205695,-13.33996178514235,37.965622081386854,-71.74597907151434,-16.414317020809936,126.54785532165357,52.270037045968856,209.02288136059593,82.18525116310266,-34.27484385561686,8.097107053899656,-112.87236810710068,83.54563403453766,249.53478854070048,-90.96189331904188,52.205241069729915,33.22669670128041,47.16332128077416,-63.68287747872333,32.058443325653094,99.66881058493533,126.97811526257563,29.633442768059385,-115.71217567459938,29.758413760020797,-11.687308873724943,-54.62753897707919,26.485949589887564,0.1722999029605315,165.4794074739089,78.00814955579386,26.143904111451526,25.917473442358904,-223.64996753564049,-108.28784188566597,49.4221535793892,-73.12011957129685,-175.99834095609347,-116.02262941348812,32.64238338721615,-230.09185946149861,-10.885288000590961
-24.501034972721012,-9.016764777743527,-146.38804768331488,-39.76680175968984,17.96875617596068,-51.4636023933401,97.19009610184088,21.882089884274638,-171.1066012745676,-70.92924385062932,-284.343756104673,-111.19349251283217,46.5302543315511,-10.697226386524333,152.9331983026517,-111.98230925586186,-338.23933173411706,123.76253958906725,-70.35675386495062,-45.794374564694664,-63.68287747872333,86.4645462362562,-43.626877686591975,-136.38354296318133,-172.2593427931027,-39.79132531691459,156.49723809931962,-40.20927123106762,16.365820594099404,74.15099459910661,-35.85092355578258,-0.08311466257163974,-224.6860506172506,-105.74866248621197,-34.872216163845366,-34.747225420746105,303.3297924076932,146.90689219188044,-67.37940135614353,98.85864146911817,239.07799119946282,158.01522337216898,-44.083118649364124,312.20258612315786,14.929865978444404
12.561009279200634,4.631926519979011,74.00354246876168,20.074706583984113,-9.004925200935114,25.897602951083,-49.021364748537714,-10.817462864682097,86.1457116097453,35.83375315097386,143.66172921189312,55.97447319745076,-23.51782326308536,5.315554146253895,-77.18223446190497,56.16225840667582,170.602623877574,-62.46220105455393,35.42553788155336,23.2888908014648,32.058443325653094,-43.626877686591975,22.15360925358609,69.1166079202025,86.85825661424208,19.941981545332865,-78.86246453153791,20.31149529662662,-8.371389310350207,-37.44982337770537,18.07717073813673,0.021534925564424587,113.38723603590671,53.36042956379231,17.368645282186595,17.43673507180893,-153.04529213124502,-74.16550090469593,34.09054948696175,-49.84488321508045,-120.72291137600658,-79.89687392045846,22.180297465596468,-157.55830440024314,-7.5853672474987945
40.54614891370124,15.09537854442638,232.77342033516507,62.975239421195674,-28.088830315086877,81.01625376160791,-152.78635229566856,-33.616345889329885,268.2037330776701,111.84469812625389,450.1742443610289,174.43109174189408,-73.40046991575362,16.099249433350302,-240.5350563532627,172.96355510112008,532.3657723366201,-196.02037372799026,109.53873417952703,74.06209281787845,99.66881058493533,-136.38354296318133,69.1166079202025,218.05874073808647,271.51208364489474,61.72640174491715,-245.34631976446005,62.865646622359336,-27.130903576337513,-116.97847973684102,56.289882548089075,-0.2727678403393183,354.7063814935611,166.47317585050956,53.431581486970224,53.7155773446827,-477.86546239269745,-231.47219550901337,107.02189022098922,-154.82128515162518,-377.61698244924685,-250.5983354861084,69.01160462710727,-492.20001039590676,-23.968634104236934
48.63901272385375,17.88344607748219,291.5758266751631,79.22531184764098,-35.87164819734439,102.58118791959001,-193.6765837329995,-43.771360514865535,341.09007034015673,141.31321991913157,566.4090623324716,221.64351841621055,-92.69198969617689,21.38175283582577,-304.74814859488146,223.43763439507296,674.0310050551069,-246.56252172312543,140.2400786244028,91.09495420129542,126.97811526257563,-172.2593427931027,86.85825661424208,271.51208364489474,343.27059897609826,79.40573598002477,-311.917297407046,80.10960134254115,-32.504997068437774,-147.73292058038814,71.45011983472399,0.18755589334149386,447.69306934337754,210.7246688985493,69.65279222185812,69.33110834921894,-604.4196070626825,-292.6901669042864,134.169215081405,-197.0110216450055,-476.3055217271071,-314.70547817661344,87.90119583215292,-622.0684708885474,-29.708083407772047
10.567699723451792,3.8170807564613933,66.77569935566488,18.209571015690997,-8.404368422861618,23.77678472262924,-44.923432996108396,-10.487087248917955,79.41519968192743,32.658288869793,130.3005410660828,51.54337542802994,-21.398713773419278,5.198342913226288,-70.63942985433216,52.88314142571992,156.1511697370546,-56.71693095286976,32.86751951661907,20.4176744056321,29.633442768059385,-39.79132531691459,19.941981545332865,61.72640174491715,79.40573598002477,18.754542633829328,-72.57461031823334,18.66292009032832,-7.064806056899914,-34.12480207572774,16.592091537191546,0.17996315090098203,103.38131640522047,48.798057911993745,16.661928648786663,16.400584924482466,-139.86428108627055,-67.6913550636894,30.7452401540618,-45.86961752040719,-109.87907831103166,-72.23124644473407,20.51087641089329,-143.82977863354125,-6.7361200131712184
-43.33702753954974,-15.851148236769012,-264.005147531632,-71.85531115442588,32.673639455250644,-93.22241794503891,176.21400739512598,40.06156155927634,-310.6252259635347,-128.43638435293468,-513.8434738919489,-201.76998739949465,84.24102148681087,-19.77497602823356,277.24549223069374,-204.67959917171507,-612.9147894269486,223.58286749711414,-128.11457081499125,-81.93179405336485,-115.71217567459938,156.49723809931962,-78.86246453153791,-245.34631976446005,-311.917297407046,-72.57461031823334,284.0965730982994,-73.09889319293725,28.918526746495658,134.23351467225078,-65.04215534627228,-0.3687007776660791,-406.5738004535403,-191.6208584705394,-63.93451353524714,-63.492569574261694,549.4191779854021,266.0748512352824,-121.56873185344448,179.54985276881496,432.52147210214645,285.32247847671334,-80.08326012056176,565.2997199632696,26.802822789835535
11.040127596787425,4.02753683150632,67.66879268557086,18.440104010368874,-8.373158535102196,23.919774828300913,-45.317409008012284,-10.238883376160057,79.87016970203989,33.02440777755218,131.92188983574175,51.86823948801154,-21.66874751509583,5.123849528962178,-71.31215748939276,52.80022351924444,157.53896475408567,-57.34661188838593,33.04623368937993,20.945644413690218,29.758413760020797,-40.20927123106762,20.31149529662662,62.865646622359336,80.10960134254115,18.66292009032832,-73.09889319293725,18.870544404429936,-7.34334847394981,-34.50242632437261,16.73291901760671,0.12938387781940464,104.40348395497591,49.26462145664933,16.46281056395417,16.375500601401907,-141.20044706738835,-68.41338940760875,31.200973813094492,-46.244447636840775,-111.10505178179575,-73.24751086709651,20.58607768616382,-145.26090001998244,-6.861646633118571
-5.502764710083063,-2.104775874279718,-28.550418792836112,-7.632759944152166,3.2800871356809487,-9.673660107172797,18.150155083975253,3.743835198696861,-31.60649999203131,-13.394983787261443,-54.55205757191764,-20.606525484244145,8.798139462783363,-1.6683783083030785,28.601863942068114,-19.500145209351206,-63.459811421972795,23.793143021132348,-12.658397966840107,-9.495354305605813,-11.687308873724943,16.365820594099404,-8.371389310350207,-27.130903576337513,-32.504997068437774,-7.064806056899914,28.918526746495658,-7.34334847394981,3.701203016952914,14.030793004970691,-6.660334855173322,0.16932596082555879,-42.648253951292325,-19.848158981602896,-5.891730882731241,-6.070267865004043,57.11264673239651,27.673922060612245,-13.09125290482585,18.19172506854595,45.45948764758266,30.510365271091437,-8.101205109544958,58.94777062547448,3.0203522360760586
-21.01099139963772,-7.7283801335458655,-125.54869467873611,-34.10351913830067,15.410558478370517,-44.12428231147465,83.36505388261835,18.741278709620644,-146.74910064853813,-60.84851136781629,-243.87925640974413,-95.35575360768452,39.91779875855673,-9.173664879980702,131.1918748300686,-96.0560468233419,-290.1150737894876,106.12968330543609,-60.35122994914736,-39.27662122057181,-54.62753897707919,74.15099459910661,-37.44982337770537,-116.97847973684102,-147.73292058038814,-34.12480207572774,134.23351467225078,-34.50242632437261,14.030793004970691,63.60720673808721,-30.752366152931042,-0.07581710659546431,-192.7092600400783,-90.7092886712738,-29.891510558832383,-29.80880993301703,260.1726460614259,126.01093104086615,-57.78975367485088,84.80107741798679,205.0606857033698,135.52899542727175,-37.81074104801091,267.78291501802323,12.807437626548879
9.981383599582708,3.6566995202024963,60.5302538151839,16.471008955647143,-7.4784431817963855,21.35022785912964,-40.35410315693505,-9.14996100168733,71.11231519863222,29.422966614119293,117.76248950707428,46.19668132787112,-19.300605180198392,4.51040457621062,-63.49650072743956,46.79118138336075,140.3791626183496,-51.24098613070858,29.308628112163692,18.821173057719037,26.485949589887564,-35.85092355578258,18.07717073813673,56.289882548089075,71.45011983472399,16.592091537191546,-65.04215534627228,16.73291901760671,-6.660334855173322,-30.752366152931042,14.894389550494527,0.07284476464111343,93.14681852752926,43.89048188580931,14.601020639446668,14.515765611873677,-125.84910955128848,-60.94871520145346,27.868542377968094,-41.10286869855212,-99.09995691395584,-65.40276248792381,18.330829168167035,-129.4956238394844,-6.148898772145442
-0.23832305888202115,-0.11403758924280576,-0.12300296376138622,-7.864028042444103e-4,-0.046542235608687116,0.06248810024020411,-0.1721275844246426,-0.1221662395252697,0.3969674256982688,0.0831508726484531,0.049185496885927174,0.23234095995883805,-0.05089628712635643,0.11526187133362517,-0.2606747662297999,0.6200154892298761,0.49892931391005757,0.0032502117847766506,0.27996676366598755,-0.20871739903432124,0.1722999029605315,-0.08311466257163974,0.021534925564424587,-0.2727678403393183,0.18755589334149386,0.17996315090098203,-0.3687007776660791,0.12938387781940464,0.16932596082555879,-0.07581710659546431,0.07284476464111343,0.06044969332416788,0.17645727061795807,0.15478627667336378,0.23892531382413296,0.18789091910635428,-0.38639397626063987,-0.1888753106818532,-0.03253801100950844,-0.2628147037914315,-0.16932017532394603,0.029177891456285354,0.11427915736447944,-0.3490040875989422,0.03916554962322587
63.80779165715985,23.486821992414587,380.6685719461455,103.36781785787383,-46.72703976652418,133.7552754827205,-252.53523283003804,-56.87969022272695,444.57106774721063,184.33157123385408,739.120349621247,288.8986279396358,-120.91190042226235,27.73126969568905,-397.390282606761,290.73046195680365,878.9701356590346,-321.73769263784084,182.67265214687816,119.16890873125475,165.4794074739089,-224.6860506172506,113.38723603590671,354.7063814935611,447.69306934337754,103.38131640522047,-406.5738004535403,104.40348395497591,-42.648253951292325,-192.7092600400783,93.14681852752926,0.17645727061795807,584.0114414378831,274.8033093922508,90.52744201140854,90.2252730564175,-788.2795189309719,-381.741569674179,175.16036178961872,-256.7793409135504,-621.3800931282326,-410.75221942004026,114.5534094301745,-811.3696120315781,-38.846597507456764
29.727074603497137,10.914818385027882,178.83236707175757,48.61356747132724,-22.02006056333875,62.955883673529186,-118.9521213280353,-26.86129088319017,209.5036344238577,86.78007637453128,347.60752880735885,136.11780181195263,-56.925873109602115,13.182290819671106,-187.1812397009914,137.4519172747021,413.8945903298543,-151.2689222462432,86.23396635096944,55.79070821667216,78.00814955579386,-105.74866248621197,53.36042956379231,166.47317585050956,210.7246688985493,48.798057911993745,-191.6208584705394,49.26462145664933,-19.848158981602896,-90.7092886712738,43.89048188580931,0.15478627667336378,274.8033093922508,129.40742482591494,42.83507579237064,42.64894131568092,-371.12033792166227,-179.73572512726176,82.31982225572041,-121.06672417282059,-292.3858370816422,-193.11634774824108,53.99275341653066,-381.93013724251864,-18.208743052225067
8.824988498886627,3.154128243355618,58.10157213516495,15.92502351739919,-7.440804958382969,20.89201571262697,-39.47490463177396,-9.443558783126258,69.99259094762913,28.61165531379701,113.80926719500563,45.41394614831296,-18.745001807687014,4.745948653686618,-62.040485549196625,47.19887896508035,137.0938488619558,-49.54542532579581,29.101993174065807,17.47786341172988,26.143904111451526,-34.872216163845366,17.368645282186595,53.431581486970224,69.65279222185812,16.661928648786663,-63.93451353524714,16.46281056395417,-5.891730882731241,-29.891510558832383,14.601020639446668,0.23892531382413296,90.52744201140854,42.83507579237064,14.988159066668409,14.621210271176524,-122.69223031542286,-59.36053564361097,26.756194465753037,-40.430457933768494,-96.1666797331532,-62.98687408212315,18.095573613439818,-126.08353654484259,-5.785659424904718
9.111881866756162,3.283665478490238,58.14826819297505,15.895557266518894,-7.338291662031114,20.74719152403344,-39.27114164818269,-9.152634204599572,69.4409921226694,28.53583307425695,113.67718296647077,45.06470035308758,-18.707301024475395,4.599385278073018,-61.76238772098145,46.44494785194898,136.4357840048068,-49.442635444319876,28.81966073885918,17.710488141729005,25.917473442358904,-34.747225420746105,17.43673507180893,53.7155773446827,69.33110834921894,16.400584924482466,-63.492569574261694,16.375500601401907,-6.070267865004043,-29.80880993301703,14.515765611873677,0.18789091910635428,90.2252730564175,42.64894131568092,14.621210271176524,14.397947612895669,-122.18103521022259,-59.15328750880334,26.79429373599798,-40.161920185198845,-95.92403659137305,-63.0013917800781,17.93202873580768,-125.61651361275784,-5.839063280621238
-85.51013572386482,-31.418336164534328,-513.2140195621488,-139.46484025937488,63.13469711596911,-180.5821687989329,341.1172465618943,76.98402360842783,-600.7194944325616,-248.88909437924164,-997.2593830466434,-390.3198435300353,163.2617185257184,-37.70525828450483,536.7685345141509,-393.75674367333556,-1187.0202645195131,434.02278687871893,-247.1464584647999,-160.2592188348681,-223.64996753564049,303.3297924076932,-153.04529213124502,-477.86546239269745,-604.4196070626825,-139.86428108627055,549.4191779854021,-141.20044706738835,57.11264673239651,260.1726460614259,-125.84910955128848,-0.38639397626063987,-788.2795189309719,-371.12033792166227,-122.69223031542286,-122.18103521022259,1064.4019144869242,515.4842979995566,-236.22058616890124,347.0888009457262,838.7112616601428,554.0836493748867,-154.80653176231158,1095.4553448870988,52.291744188057386
-41.45400177058797,-15.234327832682359,-248.5408499173682,-67.54087860112384,30.54442573102893,-87.42816261412489,165.20454793924156,37.197507736622946,-290.8797305160386,-120.55071381684954,-482.9973788732762,-189.00077219446518,79.08371275232724,-18.24708904157298,259.9706294177547,-190.63691848475054,-574.8542179776638,210.17764600276658,-119.70688311896815,-77.64206324093588,-108.28784188566597,146.90689219188044,-74.16550090469593,-231.47219550901337,-292.6901669042864,-67.6913550636894,266.0748512352824,-68.41338940760875,27.673922060612245,126.01093104086615,-60.94871520145346,-0.1888753106818532,-381.741569674179,-179.73572512726176,-59.36053564361097,-59.15328750880334,515.4842979995566,249.6713578743548,-114.42240350530834,168.11287428436324,406.2014204553352,268.3776855446072,-74.95015687163283,530.5291500076993,25.33223925406747
19.583217833208014,7.247619720441997,114.54306558076004,31.038055589016796,-13.923167761632048,40.05292949169675,-75.60830828767374,-16.792411306075273,132.89326284175192,55.26913007374494,221.99892624570205,86.38826397578649,-36.2625074908622,8.129220119959383,-119.00306425119295,86.30622091009653,263.27833760894663,-96.63537190806115,54.47644036688904,36.15287278107552,49.4221535793892,-67.37940135614353,34.09054948696175,107.02189022098922,134.169215081405,30.7452401540618,-121.56873185344448,31.200973813094492,-13.09125290482585,-57.78975367485088,27.868542377968094,-0.03253801100950844,175.16036178961872,82.31982225572041,26.756194465753037,26.79429373599798,-236.22058616890124,-114.42240350530834,52.70761757457775,-76.76292375205125,-186.43455509919787,-123.48300583087905,34.21429052228372,-243.22557339125595,-11.75417332528014
-27.287323881474858,-9.970972067275794,-166.62860005316057,-45.36837554327232,20.62356526349065,-58.86678329587032,111.34700570697537,25.27663916463807,-196.27797488918443,-81.14774409416914,-324.4925091928739,-127.48418419463313,53.22935628866064,-12.529308361019902,175.1916910170335,-129.47927965266908,-387.22118835638406,141.15404644326443,-81.03964537688103,-51.658232833331816,-73.12011957129685,98.85864146911817,-49.84488321508045,-154.82128515162518,-197.0110216450055,-45.86961752040719,179.54985276881496,-46.244447636840775,18.19172506854595,84.80107741798679,-41.10286869855212,-0.2628147037914315,-256.7793409135504,-121.06672417282059,-40.430457933768494,-40.161920185198845,347.0888009457262,168.11287428436324,-76.76292375205125,113.51172740279999,273.19185765467813,180.17373045843843,-50.599183367583045,357.1031057243244,16.910957111342764
-68.04233725861687,-25.060802049461035,-405.11326375209245,-110.00164311772062,49.66329008574473,-142.2724885009258,268.67995742226316,60.35956791107678,-472.88588953088856,-196.14945230990273,-786.5563223877341,-307.31002601803453,128.67770815554923,-29.455195162770853,422.8189472143288,-309.09364781900075,-935.1608356746367,342.34802172681333,-194.3162982386297,-126.92590746618177,-175.99834095609347,239.07799119946282,-120.72291137600658,-377.61698244924685,-476.3055217271071,-109.87907831103166,432.52147210214645,-111.10505178179575,45.45948764758266,205.0606857033698,-99.09995691395584,-0.16932017532394603,-621.3800931282326,-292.3858370816422,-96.1666797331532,-95.92403659137305,838.7112616601428,406.2014204553352,-186.43455509919787,273.19185765467813,661.2055264027566,437.1650868464946,-121.8294645051945,863.3013898725955,41.35694284684554
-45.653488908139124,-16.87975806374295,-268.37522237391966,-72.78683487863422,32.71189770988557,-93.96350780383172,177.3880092252748,39.54046944808111,-311.916863107684,-129.62109219536492,-520.418342873434,-202.75854659975454,85.04879092453099,-19.1926260632936,279.1919947815032,-202.9674206405611,-617.6215514122383,226.53236753938694,-127.93407768914702,-84.53264977777017,-116.02262941348812,158.01522337216898,-79.89687392045846,-250.5983354861084,-314.70547817661344,-72.23124644473407,285.32247847671334,-73.24751086709651,30.510365271091437,135.52899542727175,-65.40276248792381,0.029177891456285354,-410.75221942004026,-193.11634774824108,-62.98687408212315,-63.0013917800781,554.0836493748867,268.3776855446072,-123.48300583087905,180.17373045843843,437.1650868464946,289.40866083684296,-80.3189295409807,570.4553010282469,27.479077616216287
12.125990384890569,4.426360222080532,74.3363259172554,20.235803879154535,-9.237053967536793,26.2863714849994,-49.657154684553234,-11.372965409245925,87.59145758827194,36.176677775169615,144.6994526524942,56.888566528499695,-23.721018748964084,5.600185342527816,-78.11830777076301,57.80483562089799,172.72117226779423,-62.97959567483438,36.12013587343454,23.01242843915524,32.64238338721615,-44.083118649364124,22.180297465596468,69.01160462710727,87.90119583215292,20.51087641089329,-80.08326012056176,20.58607768616382,-8.101205109544958,-37.81074104801091,18.330829168167035,0.11427915736447944,114.5534094301745,53.99275341653066,18.095573613439818,17.93202873580768,-154.80653176231158,-74.95015687163283,34.21429052228372,-50.599183367583045,-121.8294645051945,-80.3189295409807,22.594031638686065,-159.2679306077024,-7.537125405181564
-88.24778623107177,-32.444650553263834,-528.45323518903,-143.56880651858683,64.94488953425441,-185.8430317780294,351.0298804694997,79.11934663917783,-618.0760932278107,-256.16306677041877,-1026.6285225943946,-401.61305741578093,168.03527585168464,-38.708568153780185,552.3778476773982,-404.80852889467815,-1221.589302644875,446.8146044076188,-254.20163320853288,-165.1719189698067,-230.09185946149861,312.20258612315786,-157.55830440024314,-492.20001039590676,-622.0684708885474,-143.82977863354125,565.2997199632696,-145.26090001998244,58.94777062547448,267.78291501802323,-129.4956238394844,-0.3490040875989422,-811.3696120315781,-381.93013724251864,-126.08353654484259,-125.61651361275784,1095.4553448870988,530.5291500076993,-243.22557339125595,357.1031057243244,863.3013898725955,570.4553010282469,-159.2679306077024,1127.4609304677776,53.878020210679885
-4.507004756152255,-1.6782733238679481,-25.551677421223424,-6.886293125692162,3.0587476010586796,-8.859665781302612,16.709995341853592,3.6367486835457394,-29.29625483171719,-12.24610279382101,-49.336229923665115,-19.047775940709702,8.032500612196724,-1.7242206754261458,26.307949268518993,-18.783771627198668,-58.2383785170872,21.481262428009902,-11.950416329463671,-8.171736113525588,-10.885288000590961,14.929865978444404,-7.5853672474987945,-23.968634104236934,-29.708083407772047,-6.7361200131712184,26.802822789835535,-6.861646633118571,3.0203522360760586,12.807437626548879,-6.148898772145442,0.03916554962322587,-38.846597507456764,-18.208743052225067,-5.785659424904718,-5.839063280621238,52.291744188057386,25.33223925406747,-11.75417332528014,16.910957111342764,41.35694284684554,27.479077616216287,-7.537125405181564,53.878020210679885,2.655283021395741
