V1,V2,V3,V4,V5,V6,V7,V8,V9,V10,V11,V12,V13,V14,V15,V16,V17,V18,V19,V20,V21,V22,V23,V24,V25,V26,V27,V28,V29,V30,V31,V32,V33,V34,V35,V36,V37,V38,V39,V40,V41,V42,V43
621.5676123058088,865.1390263230716,-587.4733739130276,-798.3667882482215,1040.9419826390686,1259.9352134966177,-291.69735766705134,1072.8329950468747,-2090.55184187596,-1665.267841612742,1250.640638997958,7.0035707121432,-1150.4134248058313,-166.08129972302513,1325.8025258067978,1370.9039308229103,2351.04860779885,36.576400242007026,573.8782715774419,-102.42750751617315,-1098.3439593011387,350.1598824267527,-581.0940368710146,1500.8158704799484,41.4692602618697,-1184.641188214454,686.6055339210486,-634.4483833438932,522.2849049960467,-18.00853290240507,-1268.073100459593,-1562.0445363475958,121.54799663424758,-1600.0477184149436,-176.34265752164222,1097.3697561375618,407.3209021334031,-1133.295905620945,179.1985725250655,-301.39219749288117,1023.6262319188661,914.4961432698275,-1057.9847446585939
865.1390263230716,1205.2040155510444,-819.2110543992263,-1111.7758855943914,1449.4901458039571,1755.1576760772707,-405.1660638992275,1493.095517000963,-2911.4059537862413,-2319.4824822212436,1742.0012722667368,9.708280846345657,-1601.7089706970532,-230.3662035906146,1847.5086520731588,1908.6379088945307,3274.7181721107995,49.68240219958197,799.9602193615466,-141.24402844063042,-1530.3022388523043,487.2171179261801,-809.2084810928659,2091.282234354987,57.824815439529615,-1651.4707958628005,955.4951957569343,-882.5319657521749,726.5447485137292,-25.444703220719326,-1766.441522944791,-2176.266940411959,168.92233025455604,-2228.435286154015,-246.59865670470012,1528.396729818496,567.8474231364843,-1577.4232551708844,249.53882115595053,-418.52686082970774,1426.6383269555224,1273.1446855647491,-1475.3964822176956
-587.4733739130276,-819.2110543992263,557.4794246087617,755.3920519191932,-984.7805585860692,-1193.003856342895,274.4789737042012,-1013.7830746098468,1978.2804063176557,1576.3384160298403,-1183.913557972836,-6.561214044598071,1088.0301442705602,155.8082584119694,-1256.2504796819953,-1296.4915015159972,-2225.5720670331707,-32.76892178759748,-544.1522219851478,94.88228490780769,1040.3792875545175,-330.72470847599243,549.8041625143097,-1421.9314355411732,-39.35350641454703,1123.4779530781018,-648.7098717079398,598.8664883758019,-493.0496300820934,17.58190258131521,1200.637595651602,1479.4529900399464,-114.52237955338956,1514.3076652559193,168.35859969648317,-1038.6506200439453,-386.3114178350685,1071.183383188558,-169.53403283342385,283.4409304759725,-970.2424788658632,-864.7505446611592,1004.0860516372298
-798.3667882482215,-1111.7758855943914,755.3920519191932,1025.7667797585757,-1337.382456242587,-1619.0934257109593,374.23516004182784,-1377.936844601068,2686.0893690930166,2139.823369144556,-1607.0804153531517,-8.9743048586487,1477.9199958247575,212.8973664654558,-1704.0837572204887,-1761.1828768618373,-3021.1010716991095,-46.29926564600944,-737.7594868555052,130.86466410074533,1411.6212063405383,-449.6848053782677,746.5837216001637,-1928.9926407744554,-53.33614916855921,1523.0146451951334,-881.8461212262041,814.6277408296703,-670.6436525859996,23.353795245555514,1629.5369997056741,2007.5054502865396,-156.02853401657816,2055.9231147686146,227.1300124633955,-1410.0614616879518,-523.6728279421463,1455.6989333283386,-230.2107470376814,386.59743207783407,-1315.817733085912,-1174.7572331313304,1360.4575436964321
1040.9419826390686,1449.4901458039571,-984.7805585860692,-1337.382456242587,1743.6732397490434,2110.918574033986,-488.0076117138991,1796.6114484147113,-3502.0817043010197,-2789.845522330377,2095.2577160411947,11.70455734340271,-1926.9209442797903,-277.6507916711969,2221.6647250218043,2296.233225696431,3938.8110398740428,60.4801365923185,961.8164541979716,-170.73471848498568,-1840.3835159719965,586.3263738088452,-973.396158830596,2514.887298939453,69.52716635695678,-1985.5388417899978,1149.787726346248,-1062.1878744620242,874.4395155940815,-30.40977577961372,-2124.53343801776,-2617.277424254126,203.44087952865493,-2680.469872211084,-296.03920332810526,1838.4019459096614,682.7060676655315,-1897.9826356249332,300.1565045687729,-504.14446029326916,1715.447444933217,1531.6754417609577,-1773.5683335381577
1259.9352134966177,1755.1576760772707,-1193.003856342895,-1619.0934257109593,2110.918574033986,2556.076738766571,-590.0699107406513,2174.436057356865,-4239.9246628537885,-3377.902321734688,2536.886099419446,14.139714786830734,-2332.5977125132695,-335.51235442014416,2690.527553099253,2779.557333804861,4768.987031065124,72.41088668390596,1164.9731014577767,-205.7291074811059,-2228.5655206239276,709.5489204948592,-1178.4807488840022,3045.522767586956,84.1964509552716,-2405.0098005889154,1391.5018304912721,-1285.2783127738733,1058.0922793428676,-37.02794917880581,-2572.4991782482507,-3169.300157125925,245.9772456368496,-3245.301489667546,-359.08794143033265,2225.818735887432,826.9465991677077,-2297.232789078215,363.42888388107394,-609.5479645536701,2077.595693351178,1854.1324082876267,-2148.5704125176835
-291.69735766705134,-405.1660638992275,274.4789737042012,374.23516004182784,-488.0076117138991,-590.0699107406513,137.57208072548764,-503.6067878222244,979.7927875298203,780.1809424661722,-585.9160245902855,-3.3185260137825803,539.5086442826167,78.5785999170943,-620.4653921394352,-642.982998061006,-1101.4742464294695,-18.12610180849075,-268.3650792441887,49.13079186244439,514.2288060923162,-164.4619982366851,272.37183753343925,-702.4701145230927,-19.388918729575632,553.8748072500372,-322.3776173154552,298.17179185967046,-245.44157888501232,8.163687949678858,593.933747859687,731.3903436007834,-57.28013276511193,749.8002193047096,81.8443674495439,-514.1993739939035,-190.4301044605905,531.8517445746104,-83.98499721344835,142.21346431983113,-478.8899675365889,-428.926675082145,494.2729340449357
1072.8329950468747,1493.095517000963,-1013.7830746098468,-1377.936844601068,1796.6114484147113,2174.436057356865,-503.6067878222244,1851.775615126829,-3608.1322605824334,-2874.05360958789,2158.483807155471,12.093518649278362,-1985.592748475687,-286.76768051617387,2288.073805395698,2366.209750112007,4057.6908381508847,63.260296946693465,990.3690749986911,-176.98108035878468,-1895.5926564873844,604.415623557526,-1002.9030975915167,2590.152356870904,71.5839665515128,-2044.3815135197103,1185.1570194936562,-1095.1407917007186,901.5480636407012,-31.060764917074025,-2188.5075939270246,-2695.858766029469,209.89080841884618,-2761.540549137517,-304.2317784920528,1893.9640013803592,702.9274628785156,-1956.1256920255612,309.2510016169904,-520.3308513401652,1766.5686947664865,1578.3740312859993,-1825.7579175893777
-2090.55184187596,-2911.4059537862413,1978.2804063176557,2686.0893690930166,-3502.0817043010197,-4239.9246628537885,979.7927875298203,-3608.1322605824334,7033.879933531225,5603.483678242155,-4208.394971404742,-23.492941102014363,3870.051296777966,557.3421700867187,-4462.565938861725,-4611.760497341604,-7911.223726890901,-121.04806589796657,-1932.0488367645087,342.4410284613281,3696.618197258658,-1177.4803301753077,1955.0356002676567,-5051.5121568655395,-139.66794764575954,3988.497239382473,-2309.090301290857,2133.0383101982084,-1756.0210551264197,61.20045328782147,4267.252406925971,5257.064430434934,-408.4855230221989,5383.7290589912345,594.9348029280283,-3692.4525523040197,-1371.4063093556558,3811.7763531546734,-602.8540635583242,1012.1569610211869,-3445.8196147083313,-3076.2038050811316,3562.8631992616533
-1665.267841612742,-2319.4824822212436,1576.3384160298403,2139.823369144556,-2789.845522330377,-3377.902321734688,780.1809424661722,-2874.05360958789,5603.483678242155,4464.101713082229,-3352.6724897600293,-18.700598016388604,3082.9005102923015,443.6964943688538,-3555.445698608589,-3673.6983753633153,-6302.56572152254,-96.04250368895353,-1539.398380107148,272.3328390676249,2945.0907214586323,-937.8815929977721,1557.4651769605293,-4024.6218057518736,-111.27488860068608,3177.9539292578893,-1839.2621577773757,1698.9320155561356,-1398.6409140660621,48.855858833722216,3399.6431061743274,4188.284554815512,-325.2587526229424,4288.948483167639,474.27531608312677,-2941.605456787569,-1092.7135426173822,3036.3175495393675,-480.27558895406776,805.9360401366624,-2745.433025643827,-2450.5148899178025,2838.9672253984086
1250.640638997958,1742.0012722667368,-1183.913557972836,-1607.0804153531517,2095.2577160411947,2536.886099419446,-585.9160245902855,2158.483807155471,-4208.394971404742,-3352.6724897600293,2517.9887134922974,14.042820761864537,-2315.3523024194405,-333.19454446874033,2670.2884595360283,2759.102470377764,4733.479664204874,72.04788337389917,1156.1655122374984,-204.4877992621731,-2211.9110263600915,704.370627323512,-1169.6772480147392,3022.680011564563,83.59407926578164,-2386.8159145967384,1381.3504005873758,-1275.9059723738228,1050.407357201236,-36.73379919783208,-2553.2312162434746,-3145.577405443624,244.32552773514118,-3221.1403848763366,-356.24826227023055,2209.252266275032,820.6875013539745,-2280.3659239589542,360.6675403823747,-605.227039935691,2061.962730015675,1840.3658927302033,-2132.2552893852776
7.0035707121432,9.708280846345657,-6.561214044598071,-8.9743048586487,11.70455734340271,14.139714786830734,-3.3185260137825803,12.093518649278362,-23.492941102014363,-18.700598016388604,14.042820761864537,0.08048693203888847,-12.943635846687984,-1.9017494443393004,14.855855737417075,15.426193437823816,26.399651439442614,0.45930881940441565,6.420566967991226,-1.2044525510837938,-12.31601053747717,3.9514190747182654,-6.532405012059956,16.820769283049533,0.4630910339635327,-13.248324979191493,7.742405505141695,-7.169126997655175,5.90009485684026,-0.188136665759753,-14.232804448469583,-17.519848781560373,1.378764701370967,-17.97572434850778,-1.9427965548442039,12.326202124852143,4.554785379392036,-12.768062718708853,2.014923038744026,-3.433025323451367,11.461653544521758,10.293406769064498,-11.812922464237387
-1150.4134248058313,-1601.7089706970532,1088.0301442705602,1477.9199958247575,-1926.9209442797903,-2332.5977125132695,539.5086442826167,-1985.592748475687,3870.051296777966,3082.9005102923015,-2315.3523024194405,-12.943635846687984,2129.474689497319,307.01571768331513,-2454.8625137622294,-2537.633146214212,-4352.567593364986,-67.08465834071707,-1062.7209313791402,188.967286209593,2033.6199699923632,-648.02460765511,1075.6755259544518,-2778.8927801914724,-76.82328377169429,2193.816908430554,-1270.7533648289693,1174.0055297241543,-966.4912277269437,33.537344675239844,2347.658868368135,2892.0980214436677,-224.9065008224168,2962.084133689139,326.9382690173137,-2031.5379371118497,-754.3171397476635,2097.5929107597703,-331.68921636698633,557.3625606021975,-1895.4714825602605,-1692.690332213873,1959.514239099056
-166.08129972302513,-230.3662035906146,155.8082584119694,212.8973664654558,-277.6507916711969,-335.51235442014416,78.5785999170943,-286.76768051617387,557.3421700867187,443.6964943688538,-333.19454446874033,-1.9017494443393004,307.01571768331513,44.98377764776518,-352.5984641105014,-365.90182303784235,-626.3847420313756,-10.709185341541527,-152.4257563025089,28.374922210563064,292.2892950020243,-93.68241813042707,154.9602583711419,-399.2248874228936,-10.99987319511602,314.544763786325,-183.5861070704592,169.93082048365147,-139.86203818155676,4.522034074729984,337.718807270498,415.7662554355817,-32.67095319656769,426.4744481634022,46.239256421719084,-292.4483477987602,-108.1408093141507,302.7922360715607,-47.792167308694,81.27109513656711,-272.07163647613675,-244.13208872159237,280.5387551541265
1325.8025258067978,1847.5086520731588,-1256.2504796819953,-1704.0837572204887,2221.6647250218043,2690.527553099253,-620.4653921394352,2288.073805395698,-4462.565938861725,-3555.445698608589,2670.2884595360283,14.855855737417075,-2454.8625137622294,-352.5984641105014,2832.446579853301,2925.278856747086,5019.757953482706,75.44485557568697,1226.5753731324164,-215.74283127161198,-2346.024869689527,746.5707919463144,-1240.2970165789632,3206.1391493999486,88.68705529507189,-2532.272112768995,1464.2109993829058,-1352.1679988313415,1113.2064320013883,-39.21961994535976,-2707.8101951497733,-3336.241928883949,258.7734433970542,-3415.7869087724125,-378.54488070960116,2342.791361386193,870.7125166125118,-2417.406584806071,382.45378802704823,-640.8493956013183,2187.3327470381573,1951.2041853211103,-2262.5703727419304
1370.9039308229103,1908.6379088945307,-1296.4915015159972,-1761.1828768618373,2296.233225696431,2779.557333804861,-642.982998061006,2366.209750112007,-4611.760497341604,-3673.6983753633153,2759.102470377764,15.426193437823816,-2537.633146214212,-365.90182303784235,2925.278856747086,3024.092175425861,5186.772256063233,79.9527903727487,1266.3576058602198,-225.2678325033323,-2423.376130239586,772.2539947158092,-1281.7964211403303,3311.4429240709114,91.57234106416124,-2614.197085888957,1514.380084974468,-1399.0489665126456,1151.7845335684858,-39.98681687787286,-2797.5348595942883,-3446.3473384326076,268.1135940519512,-3529.7696746430497,-389.56714736425744,2420.892915871738,898.8585575354465,-2499.686785658424,395.2110032447065,-664.2275295382532,2258.7113819907654,2017.074732858981,-2334.998940943178
2351.04860779885,3274.7181721107995,-2225.5720670331707,-3021.1010716991095,3938.8110398740428,4768.987031065124,-1101.4742464294695,4057.6908381508847,-7911.223726890901,-6302.56572152254,4733.479664204874,26.399651439442614,-4352.567593364986,-626.3847420313756,5019.757953482706,5186.772256063233,8898.306494992768,135.4647321790088,2173.4186922105023,-384.4470248231904,-4158.087363685292,1324.1357533689365,-2198.8337355208987,5682.2110692175165,157.14797244699602,-4486.856432389652,2596.7797641362126,-2398.5582557079497,1974.6501491256417,-69.05121638602691,-4799.718798648283,-5913.247390921249,459.32040854031845,-6055.312880314528,-669.6770079278505,4153.098900753149,1542.7690534034728,-4286.812655055875,678.0008947267806,-1137.774686065509,3876.1916844000652,3459.6477554368043,-4008.31190522308
36.576400242007026,49.68240219958197,-32.76892178759748,-46.29926564600944,60.4801365923185,72.41088668390596,-18.12610180849075,63.260296946693465,-121.04806589796657,-96.04250368895353,72.04788337389917,0.45930881940441565,-67.08465834071707,-10.709185341541527,75.44485557568697,79.9527903727487,135.4647321790088,3.6424540964834495,32.34718121208484,-7.569117231054622,-62.74366095954181,20.774845686641395,-33.742002296772675,85.49957687640698,2.2899182997244862,-66.60360382228438,40.54583717963038,-37.960971880272034,31.18304677485819,-0.5772568163014665,-72.91589862672399,-89.39107618255694,7.376798901198075,-92.4953491813973,-8.996936954991082,63.3597406948887,22.884524255166163,-66.59944546404627,10.444920639887972,-18.886673174975655,57.97387344816572,53.49708254248798,-58.87850363896033
573.8782715774419,799.9602193615466,-544.1522219851478,-737.7594868555052,961.8164541979716,1164.9731014577767,-268.3650792441887,990.3690749986911,-1932.0488367645087,-1539.398380107148,1156.1655122374984,6.420566967991226,-1062.7209313791402,-152.4257563025089,1226.5753731324164,1266.3576058602198,2173.4186922105023,32.34718121208484,531.2266189585387,-93.05822104392607,-1015.877260938239,323.1181548845779,-536.9650193242358,1388.3772579076926,38.41737891548775,-1096.7546861010744,633.7527547703714,-585.1580732604805,481.7572124850101,-17.074122090556706,-1172.445650813661,-1444.6328825539756,111.95512091126234,-1478.8821625055728,-164.14320347938292,1014.3384353311219,377.1186812384161,-1046.395392139168,165.57190364466527,-277.1518384595415,947.2677821887552,844.6550087229302,-980.0686206372272
-102.42750751617315,-141.24402844063042,94.88228490780769,130.86466410074533,-170.73471848498568,-205.7291074811059,49.13079186244439,-176.98108035878468,342.4410284613281,272.3328390676249,-204.4877992621731,-1.2044525510837938,188.967286209593,28.374922210563064,-215.74283127161198,-225.2678325033323,-384.4470248231904,-7.569117231054622,-93.05822104392607,18.55013808165103,179.0427438523198,-57.905941696765325,95.24522270654735,-244.3637198979625,-6.7057046519706285,191.92821153055513,-113.36679391940102,105.22697031445553,-86.58416441513008,2.494784393874015,207.12848142332942,254.75197316426184,-20.366794464949514,261.92986024106534,27.60679113149587,-179.57158674605355,-65.97384666857066,186.73079669397654,-29.373642057622884,50.89043592808538,-166.3063814819039,-150.33114533713803,170.78918645459012
-1098.3439593011387,-1530.3022388523043,1040.3792875545175,1411.6212063405383,-1840.3835159719965,-2228.5655206239276,514.2288060923162,-1895.5926564873844,3696.618197258658,2945.0907214586323,-2211.9110263600915,-12.31601053747717,2033.6199699923632,292.2892950020243,-2346.024869689527,-2423.376130239586,-4158.087363685292,-62.74366095954181,-1015.877260938239,179.0427438523198,1943.2283707837116,-618.5375564256414,1027.3977751238378,-2655.593224687896,-73.46988437293314,2097.2625637783085,-1213.0912734688823,1120.3114596029668,-922.33824965266,32.434301708552866,2242.913185622146,2763.422030060892,-214.5005437189387,2829.4756611492126,313.3558751008855,-1940.6530859325328,-721.1324698281248,2002.7115844912948,-316.77916472541347,531.1181446020835,-1811.669991709953,-1616.365361595507,1873.7988945843472
350.1598824267527,487.2171179261801,-330.72470847599243,-449.6848053782677,586.3263738088452,709.5489204948592,-164.4619982366851,604.415623557526,-1177.4803301753077,-937.8815929977721,704.370627323512,3.9514190747182654,-648.02460765511,-93.68241813042707,746.5707919463144,772.2539947158092,1324.1357533689365,20.774845686641395,323.1181548845779,-57.905941696765325,-618.5375564256414,197.29208384894622,-327.2913223408258,845.1489235732948,23.35478063858909,-666.9868347140482,386.8426765855599,-357.4980560051026,294.29959255471385,-10.099920505481833,-714.1478581753496,-879.6749134122124,68.53827315837468,-901.1890342081726,-99.17651364061177,618.0626488388485,229.33112381884885,-638.4571115046309,100.92063968970778,-169.93241491376298,576.3890345056774,515.1303349973066,-595.6092211336837
-581.0940368710146,-809.2084810928659,549.8041625143097,746.5837216001637,-973.396158830596,-1178.4807488840022,272.37183753343925,-1002.9030975915167,1955.0356002676567,1557.4651769605293,-1169.6772480147392,-6.532405012059956,1075.6755259544518,154.9602583711419,-1240.2970165789632,-1281.7964211403303,-2198.8337355208987,-33.742002296772675,-536.9650193242358,95.24522270654735,1027.3977751238378,-327.2913223408258,543.4194670044856,-1403.9691744168488,-38.79867437357947,1108.4896003753531,-641.8103273144703,592.929138558228,-488.10869173061536,16.967036492862828,1186.0624591330902,1461.1233708257848,-113.50400837948999,1496.3778579467923,165.2936747172394,-1026.2866789594748,-381.14302330832385,1059.4879417932996,-167.59112768843406,281.39767978503033,-957.6808586649731,-855.0680878354533,990.1549652713102
1500.8158704799484,2091.282234354987,-1421.9314355411732,-1928.9926407744554,2514.887298939453,3045.522767586956,-702.4701145230927,2590.152356870904,-5051.5121568655395,-4024.6218057518736,3022.680011564563,16.820769283049533,-2778.8927801914724,-399.2248874228936,3206.1391493999486,3311.4429240709114,5682.2110692175165,85.49957687640698,1388.3772579076926,-244.3637198979625,-2655.593224687896,845.1489235732948,-1403.9691744168488,3629.164172770909,100.40009391709188,-2866.305876409763,1657.546083597478,-1530.7179430697636,1260.214482892953,-44.38072092489602,-3065.10609959794,-3776.459709945175,293.0063955199928,-3866.570561709874,-428.4125404471118,2651.9719383835386,985.5671271413888,-2736.5508289020713,432.9037589472777,-725.5376898974425,2475.9076292809677,2208.7312361966992,-2560.992383394491
41.4692602618697,57.824815439529615,-39.35350641454703,-53.33614916855921,69.52716635695678,84.1964509552716,-19.388918729575632,71.5839665515128,-139.66794764575954,-111.27488860068608,83.59407926578164,0.4630910339635327,-76.82328377169429,-10.99987319511602,88.68705529507189,91.57234106416124,157.14797244699602,2.2899182997244862,38.41737891548775,-6.7057046519706285,-73.46988437293314,23.35478063858909,-38.79867437357947,100.40009391709188,2.791957339138925,-79.32316782258644,45.82114832019804,-42.2757545366739,34.819227269783696,-1.2597041099508965,-84.74803961124076,-104.45601257969571,8.124822274969288,-106.91003635173014,-11.895423080588797,73.33425920449028,27.275376888178787,-75.64445513399777,11.946591384307489,-20.00393514274035,68.50891535289324,61.03017265461453,-70.90553899284876
-1184.641188214454,-1651.4707958628005,1123.4779530781018,1523.0146451951334,-1985.5388417899978,-2405.0098005889154,553.8748072500372,-2044.3815135197103,3988.497239382473,3177.9539292578893,-2386.8159145967384,-13.248324979191493,2193.816908430554,314.544763786325,-2532.272112768995,-2614.197085888957,-4486.856432389652,-66.60360382228438,-1096.7546861010744,191.92821153055513,2097.2625637783085,-666.9868347140482,1108.4896003753531,-2866.305876409763,-79.32316782258644,2264.348033855306,-1308.2283811223945,1207.8567204652159,-994.4318063050738,35.3029570553583,2420.435108503701,2982.3997414040314,-231.089089479063,3053.002895507241,338.99136398341966,-2094.008693873644,-778.5965617485723,2160.061335210011,-341.79249517259785,571.9888181127092,-1955.6727941616664,-1743.6306163194383,2023.508152642941
686.6055339210486,955.4951957569343,-648.7098717079398,-881.8461212262041,1149.787726346248,1391.5018304912721,-322.3776173154552,1185.1570194936562,-2309.090301290857,-1839.2621577773757,1381.3504005873758,7.742405505141695,-1270.7533648289693,-183.5861070704592,1464.2109993829058,1514.380084974468,2596.7797641362126,40.54583717963038,633.7527547703714,-113.36679391940102,-1213.0912734688823,386.8426765855599,-641.8103273144703,1657.546083597478,45.82114832019804,-1308.2283811223945,758.5355414906245,-700.921820350922,577.029268951449,-19.87270712320362,-1400.5243598845475,-1725.20896294271,134.39072843185772,-1767.2883987513453,-194.63853361752595,1212.0722158082178,449.81191652806626,-1251.9380092264316,197.88782161722168,-333.0710592523946,1130.4827447451732,1010.1153468937306,-1168.3070125655981
-634.4483833438932,-882.5319657521749,598.8664883758019,814.6277408296703,-1062.1878744620242,-1285.2783127738733,298.17179185967046,-1095.1407917007186,2133.0383101982084,1698.9320155561356,-1275.9059723738228,-7.169126997655175,1174.0055297241543,169.93082048365147,-1352.1679988313415,-1399.0489665126456,-2398.5582557079497,-37.960971880272034,-585.1580732604805,105.22697031445553,1120.3114596029668,-357.4980560051026,592.929138558228,-1530.7179430697636,-42.2757545366739,1207.8567204652159,-700.921820350922,647.8703277534383,-533.3166744400064,18.18868631440788,1293.6075801798916,1593.336751467772,-124.20044077691392,1632.4989592405104,179.40734588624326,-1119.5974709997422,-415.2960380310299,1156.7692330530385,-182.85021500066782,308.13446692078503,-1043.8743793336507,-933.2990630293308,1078.466392527969
522.2849049960467,726.5447485137292,-493.0496300820934,-670.6436525859996,874.4395155940815,1058.0922793428676,-245.44157888501232,901.5480636407012,-1756.0210551264197,-1398.6409140660621,1050.407357201236,5.90009485684026,-966.4912277269437,-139.86203818155676,1113.2064320013883,1151.7845335684858,1974.6501491256417,31.18304677485819,481.7572124850101,-86.58416441513008,-922.33824965266,294.29959255471385,-488.10869173061536,1260.214482892953,34.819227269783696,-994.4318063050738,577.029268951449,-533.3166744400064,439.0333457964318,-15.005197631180888,-1064.9599558631412,-1311.7499770799657,102.27409394700182,-1343.9566688990797,-147.74289682467452,921.7174878493535,341.9145719908479,-952.2965351947611,150.50851459428839,-253.62117778677936,859.4162374462812,768.300815754198,-887.9340521019428
-18.00853290240507,-25.444703220719326,17.58190258131521,23.353795245555514,-30.40977577961372,-37.02794917880581,8.163687949678858,-31.060764917074025,61.20045328782147,48.855858833722216,-36.73379919783208,-0.188136665759753,33.537344675239844,4.522034074729984,-39.21961994535976,-39.98681687787286,-69.05121638602691,-0.5772568163014665,-17.074122090556706,2.494784393874015,32.434301708552866,-10.099920505481833,16.967036492862828,-44.38072092489602,-1.2597041099508965,35.3029570553583,-19.87270712320362,18.18868631440788,-15.005197631180888,0.6871654876435334,37.26613275442647,46.06125473411052,-3.4854616646644883,46.88737341699612,5.547478348943123,-32.18550480513383,-12.143182334355195,32.88787144039771,-5.206018835114582,8.37107147860415,-30.37710448913107,-26.58418111070789,31.726289908424544
-1268.073100459593,-1766.441522944791,1200.637595651602,1629.5369997056741,-2124.53343801776,-2572.4991782482507,593.933747859687,-2188.5075939270246,4267.252406925971,3399.6431061743274,-2553.2312162434746,-14.232804448469583,2347.658868368135,337.718807270498,-2707.8101951497733,-2797.5348595942883,-4799.718798648283,-72.91589862672399,-1172.445650813661,207.12848142332942,2242.913185622146,-714.1478581753496,1186.0624591330902,-3065.10609959794,-84.74803961124076,2420.435108503701,-1400.5243598845475,1293.6075801798916,-1064.9599558631412,37.26613275442647,2589.041584836464,3189.6901214889804,-247.61571758394942,3266.211583675848,361.3622761159846,-2240.162437942433,-832.2495226888918,2312.097278858253,-365.75157056381545,613.527901207021,-2090.9429188616336,-1866.0833725501889,2162.3383677726483
-1562.0445363475958,-2176.266940411959,1479.4529900399464,2007.5054502865396,-2617.277424254126,-3169.300157125925,731.3903436007834,-2695.858766029469,5257.064430434934,4188.284554815512,-3145.577405443624,-17.519848781560373,2892.0980214436677,415.7662554355817,-3336.241928883949,-3446.3473384326076,-5913.247390921249,-89.39107618255694,-1444.6328825539756,254.75197316426184,2763.422030060892,-879.6749134122124,1461.1233708257848,-3776.459709945175,-104.45601257969571,2982.3997414040314,-1725.20896294271,1593.336751467772,-1311.7499770799657,46.06125473411052,3189.6901214889804,3929.842583903786,-305.02310579121195,4023.8648888693488,445.516386977793,-2759.835145280194,-1025.4811972147636,2848.170858386058,-450.53670578642175,755.44967892291,-2576.3041247197643,-2298.754112474573,2664.557118671692
121.54799663424758,168.92233025455604,-114.52237955338956,-156.02853401657816,203.44087952865493,245.9772456368496,-57.28013276511193,209.89080841884618,-408.4855230221989,-325.2587526229424,244.32552773514118,1.378764701370967,-224.9065008224168,-32.67095319656769,258.7734433970542,268.1135940519512,459.32040854031845,7.376798901198075,111.95512091126234,-20.366794464949514,-214.5005437189387,68.53827315837468,-113.50400837948999,293.0063955199928,8.124822274969288,-231.089089479063,134.39072843185772,-124.20044077691392,102.27409394700182,-3.4854616646644883,-247.61571758394942,-305.02310579121195,23.947740553136654,-312.6091735177477,-34.24238044134981,214.40124774244453,79.45256976603903,-221.69896598886166,34.954574334966374,-59.15677383999518,199.78107387150249,178.72756169238417,-206.29979282039994
-1600.0477184149436,-2228.435286154015,1514.3076652559193,2055.9231147686146,-2680.469872211084,-3245.301489667546,749.8002193047096,-2761.540549137517,5383.7290589912345,4288.948483167639,-3221.1403848763366,-17.97572434850778,2962.084133689139,426.4744481634022,-3415.7869087724125,-3529.7696746430497,-6055.312880314528,-92.4953491813973,-1478.8821625055728,261.92986024106534,2829.4756611492126,-901.1890342081726,1496.3778579467923,-3866.570561709874,-106.91003635173014,3053.002895507241,-1767.2883987513453,1632.4989592405104,-1343.9566688990797,46.88737341699612,3266.211583675848,4023.8648888693488,-312.6091735177477,4120.720810819733,455.48851917268297,-2826.2198055283693,-1049.7471130969163,2917.4249214226743,-461.42269162773346,774.5553346810274,-2637.5632701577397,-2354.4733055775773,2727.2610054256843
-176.34265752164222,-246.59865670470012,168.35859969648317,227.1300124633955,-296.03920332810526,-359.08794143033265,81.8443674495439,-304.2317784920528,594.9348029280283,474.27531608312677,-356.24826227023055,-1.9427965548442039,326.9382690173137,46.239256421719084,-378.54488070960116,-389.56714736425744,-669.6770079278505,-8.996936954991082,-164.14320347938292,27.60679113149587,313.3558751008855,-99.17651364061177,165.2936747172394,-428.4125404471118,-11.895423080588797,338.99136398341966,-194.63853361752595,179.40734588624326,-147.74289682467452,5.547478348943123,361.3622761159846,445.516386977793,-34.24238044134981,455.48851917268297,51.31584921947793,-312.45823151185675,-116.57237216844649,321.5843010816373,-50.94963900550299,84.43002076270983,-292.5156802282274,-259.75479053024037,303.3056215154605
1097.3697561375618,1528.396729818496,-1038.6506200439453,-1410.0614616879518,1838.4019459096614,2225.818735887432,-514.1993739939035,1893.9640013803592,-3692.4525523040197,-2941.605456787569,2209.252266275032,12.326202124852143,-2031.5379371118497,-292.4483477987602,2342.791361386193,2420.892915871738,4153.098900753149,63.3597406948887,1014.3384353311219,-179.57158674605355,-1940.6530859325328,618.0626488388485,-1026.2866789594748,2651.9719383835386,73.33425920449028,-2094.008693873644,1212.0722158082178,-1119.5974709997422,921.7174878493535,-32.18550480513383,-2240.162437942433,-2759.835145280194,214.40124774244453,-2826.2198055283693,-312.45823151185675,1938.3843701018557,720.0064867723784,-2000.888099483015,316.4581746606798,-531.162773560573,1809.046892051268,1614.792723198813,-1870.6192965878163
407.3209021334031,567.8474231364843,-386.3114178350685,-523.6728279421463,682.7060676655315,826.9465991677077,-190.4301044605905,702.9274628785156,-1371.4063093556558,-1092.7135426173822,820.6875013539745,4.554785379392036,-754.3171397476635,-108.1408093141507,870.7125166125118,898.8585575354465,1542.7690534034728,22.884524255166163,377.1186812384161,-65.97384666857066,-721.1324698281248,229.33112381884885,-381.14302330832385,985.5671271413888,27.275376888178787,-778.5965617485723,449.81191652806626,-415.2960380310299,341.9145719908479,-12.143182334355195,-832.2495226888918,-1025.4811972147636,79.45256976603903,-1049.7471130969163,-116.57237216844649,720.0064867723784,267.72092537382815,-742.7043210989483,117.52201761990308,-196.65666379557504,672.4537074690884,599.5250532899247,-695.7902364838747
-1133.295905620945,-1577.4232551708844,1071.183383188558,1455.6989333283386,-1897.9826356249332,-2297.232789078215,531.8517445746104,-1956.1256920255612,3811.7763531546734,3036.3175495393675,-2280.3659239589542,-12.768062718708853,2097.5929107597703,302.7922360715607,-2417.406584806071,-2499.686785658424,-4286.812655055875,-66.59944546404627,-1046.395392139168,186.73079669397654,2002.7115844912948,-638.4571115046309,1059.4879417932996,-2736.5508289020713,-75.64445513399777,2160.061335210011,-1251.9380092264316,1156.7692330530385,-952.2965351947611,32.88787144039771,2312.097278858253,2848.170858386058,-221.69896598886166,2917.4249214226743,321.5843010816373,-2000.888099483015,-742.7043210989483,2066.39184052569,-326.68859250378824,549.4853359659722,-1866.4678518863225,-1667.3714350853495,1929.1595930420867
179.1985725250655,249.53882115595053,-169.53403283342385,-230.2107470376814,300.1565045687729,363.42888388107394,-83.98499721344835,309.2510016169904,-602.8540635583242,-480.27558895406776,360.6675403823747,2.014923038744026,-331.68921636698633,-47.792167308694,382.45378802704823,395.2110032447065,678.0008947267806,10.444920639887972,165.57190364466527,-29.373642057622884,-316.77916472541347,100.92063968970778,-167.59112768843406,432.9037589472777,11.946591384307489,-341.79249517259785,197.88782161722168,-182.85021500066782,150.50851459428839,-5.206018835114582,-365.75157056381545,-450.53670578642175,34.954574334966374,-461.42269162773346,-50.94963900550299,316.4581746606798,117.52201761990308,-326.68859250378824,51.7064545330221,-86.79125606286163,295.2892516664941,263.69918206893936,-305.285951816146
-301.39219749288117,-418.52686082970774,283.4409304759725,386.59743207783407,-504.14446029326916,-609.5479645536701,142.21346431983113,-520.3308513401652,1012.1569610211869,805.9360401366624,-605.227039935691,-3.433025323451367,557.3625606021975,81.27109513656711,-640.8493956013183,-664.2275295382532,-1137.774686065509,-18.886673174975655,-277.1518384595415,50.89043592808538,531.1181446020835,-169.93241491376298,281.39767978503033,-725.5376898974425,-20.00393514274035,571.9888181127092,-333.0710592523946,308.13446692078503,-253.62117778677936,8.37107147860415,613.527901207021,755.44967892291,-59.15677383999518,774.5553346810274,84.43002076270983,-531.162773560573,-196.65666379557504,549.4853359659722,-86.79125606286163,147.0461449759495,-494.5834025873235,-443.16812569722947,510.37034531729705
1023.6262319188661,1426.6383269555224,-970.2424788658632,-1315.817733085912,1715.447444933217,2077.595693351178,-478.8899675365889,1766.5686947664865,-3445.8196147083313,-2745.433025643827,2061.962730015675,11.461653544521758,-1895.4714825602605,-272.07163647613675,2187.3327470381573,2258.7113819907654,3876.1916844000652,57.97387344816572,947.2677821887552,-166.3063814819039,-1811.669991709953,576.3890345056774,-957.6808586649731,2475.9076292809677,68.50891535289324,-1955.6727941616664,1130.4827447451732,-1043.8743793336507,859.4162374462812,-30.37710448913107,-2090.9429188616336,-2576.3041247197643,199.78107387150249,-2637.5632701577397,-292.5156802282274,1809.046892051268,672.4537074690884,-1866.4678518863225,295.2892516664941,-494.5834025873235,1689.205693108132,1506.5344156304088,-1747.495499675368
914.4961432698275,1273.1446855647491,-864.7505446611592,-1174.7572331313304,1531.6754417609577,1854.1324082876267,-428.926675082145,1578.3740312859993,-3076.2038050811316,-2450.5148899178025,1840.3658927302033,10.293406769064498,-1692.690332213873,-244.13208872159237,1951.2041853211103,2017.074732858981,3459.6477554368043,53.49708254248798,844.6550087229302,-150.33114533713803,-1616.365361595507,515.1303349973066,-855.0680878354533,2208.7312361966992,61.03017265461453,-1743.6306163194383,1010.1153468937306,-933.2990630293308,768.300815754198,-26.58418111070789,-1866.0833725501889,-2298.754112474573,178.72756169238417,-2354.4733055775773,-259.75479053024037,1614.792723198813,599.5250532899247,-1667.3714350853495,263.69918206893936,-443.16812569722947,1506.5344156304088,1345.56268215348,-1557.334877574959
-1057.9847446585939,-1475.3964822176956,1004.0860516372298,1360.4575436964321,-1773.5683335381577,-2148.5704125176835,494.2729340449357,-1825.7579175893777,3562.8631992616533,2838.9672253984086,-2132.2552893852776,-11.812922464237387,1959.514239099056,280.5387551541265,-2262.5703727419304,-2334.998940943178,-4008.31190522308,-58.87850363896033,-980.0686206372272,170.78918645459012,1873.7988945843472,-595.6092211336837,990.1549652713102,-2560.992383394491,-70.90553899284876,2023.508152642941,-1168.3070125655981,1078.466392527969,-887.9340521019428,31.726289908424544,2162.3383677726483,2664.557118671692,-206.29979282039994,2727.2610054256843,303.3056215154605,-1870.6192965878163,-695.7902364838747,1929.1595930420867,-305.285951816146,510.37034531729705,-1747.495499675368,-1557.334877574959,1808.5292812246203
