V1,V2,V3,V4,V5,V6,V7,V8,V9,V10,V11,V12,V13,V14,V15,V16,V17,V18,V19,V20,V21,V22,V23,V24,V25,V26,V27,V28,V29,V30,V31,V32,V33,V34,V35,V36,V37,V38,V39,V40,V41,V42,V43
3.884788132275142,1.0439622127068213,3.1214158477192115,-5.538226004476646,-4.204199070778476,0.6837306743920142,-6.492483511005779,-4.523669071078371,5.8106280048778185,0.3756569205831332,-2.3590607293071253,-5.407710563675275,-1.100755535043359,10.113801839961383,-6.362635697757273,9.11766758809181,2.0433000241137256,7.585921190269118,8.159537829214853,-7.354455265489662,-4.389395457991159,-1.266786408548284,-2.408533116543188,4.769954109986042,2.0940184952548786,7.298222609064027,-3.2437869055494297,-9.059628704461405,12.831802209777832,7.676557209432559,2.584029819297821,2.885785097061678,1.3787051977915246,2.280389534289932,2.027432089858329,3.1310716182852016,2.6151918247552675,-7.523157958409447,-6.742831929508301,-0.31701569255807793,-0.14339138319860192,7.177306036254579,4.124789430697837
1.0439622127068213,0.5799646659526093,0.3060512712245703,-1.5515184122670342,-1.0136936338331828,0.39105555441029743,-2.063829640044818,-0.6905818334310092,1.7076681820416078,-0.06175576611487872,-0.7064340277850775,-1.5904996483606326,-0.7247570791690446,3.2512376593244,-2.0779668186057334,2.760823308909972,0.5613525596761701,1.9568048105546987,2.384296983321136,-1.8728241561920267,-0.773405479914847,-0.8410411366306377,-0.47426930931454453,1.6252088792198356,1.1846816401135578,2.107761578441182,-1.36645009350898,-2.481818250421397,3.5172688294205714,1.8772592814881344,1.1850435354889137,0.7589891640334907,0.5743795060195194,0.9495864711356384,0.38392127652661184,0.9803119365130017,0.4424615011174532,-1.6357851816465598,-2.2443563367860486,-0.4809678098010972,0.17564403138131282,2.0561287457609527,1.162432370545138
3.1214158477192115,0.3060512712245703,3.6106997346466456,-4.472378026654092,-3.5619396825758716,0.5084255445577361,-4.71243694098793,-4.7466596710289,4.538622079447838,0.5988734252159355,-1.6285260855303318,-4.037957060376165,-0.04081893600829608,7.096828418592015,-4.595906381339272,6.899739413476566,1.2687684990771875,6.399011152182892,6.2459348670868025,-6.327421831687907,-4.589652047941809,0.04280390569405483,-2.2328906652167855,3.385693902257595,0.79379759328727,5.7766315165839535,-1.7616967057169532,-7.232907591066351,10.041393158818714,6.7336176952083875,1.1147566818519423,2.4029126190794288,0.5843492238323184,1.5970849747741591,2.1753995325576736,2.2471286448811685,2.6692651606664146,-6.90889131140643,-4.650764406827883,0.4438824156881308,-0.5538107621502919,5.824857544425181,3.2724890206028605
-5.538226004476646,-1.5515184122670342,-4.472378026654092,8.030192310535197,5.9487752439348345,-1.314319170571455,9.380117857847607,6.502355305819771,-8.431409862958594,-0.5129824182971743,3.2525432106174974,7.684220713284853,1.5856008092431122,-14.456939856980462,9.269390752295132,-13.180866955918852,-2.5974956668023292,-10.941650610079845,-11.702891713459225,10.672452170801131,6.482302501994256,1.7548781444699102,3.388855459922927,-7.019700091169276,-3.315532028598071,-10.58956414382041,4.762924809486562,12.961753639894456,-18.175073427769405,-11.11848626853909,-3.711040678332995,-4.156107265421751,-1.860885662425277,-3.6505325459572555,-3.088874565406398,-4.473806647822782,-3.7691708148062317,10.808849857237291,9.707288358168283,0.5393457851222697,0.21360584573303829,-10.514412389696774,-5.9435319639437765
-4.204199070778476,-1.0136936338331828,-3.5619396825758716,5.9487752439348345,4.600464335932956,-0.6041040135243676,6.894289598000582,5.073337891695008,-6.210069585026039,-0.46793845407410495,2.546508820296272,5.806967505650641,1.0362207284004965,-10.75390033917443,6.722493520597167,-9.724717086218746,-2.2656212967488796,-8.218289397965336,-8.753446517416073,7.963492894577111,4.853200703062258,1.2055989252750592,2.677396795661396,-5.001543123723333,-1.9832016365665495,-7.81327727228994,3.3108833897906105,9.781577750669008,-13.888689093727933,-8.33918553404191,-2.6196425263599723,-3.1206371046942496,-1.4394262610189499,-2.2773802915350285,-2.2161946113726603,-3.337972791161289,-2.914890408168695,8.26443159174711,7.1284144180134685,0.18692547114412927,0.22915288963757283,-7.675145541579197,-4.436016303097252
0.6837306743920142,0.39105555441029743,0.5084255445577361,-1.314319170571455,-0.6041040135243676,1.001457967568222,-1.4987571328107916,-0.8296512622369282,1.4143417597408727,-0.01715391021920744,-0.15673863896032733,-0.918877970289836,-0.312275551162427,1.959906437367178,-1.6691303883677053,2.1129738292856843,-0.42374465483765966,1.6276661306973512,1.6360671712487245,-1.7351597500521534,-1.2565353487226611,-0.17937420604761295,-0.27766287060420053,1.4433481289290255,1.3080748636890043,1.7676394538589062,-1.0026404399056736,-1.7119505183860149,1.9651085072657846,1.7572297337494003,0.6074759265482423,0.6096659071378213,0.018290538390099965,1.4488032842336844,0.8152467850958294,0.6001942969994905,0.5146796392222971,-1.4593980340427701,-1.4958612512544625,-0.34452724244104244,-0.010256574730132872,1.974304101774654,0.8855782796121092
-6.492483511005779,-2.063829640044818,-4.71243694098793,9.380117857847607,6.894289598000582,-1.4987571328107916,11.218121884881429,7.078037182217973,-9.92037234446225,-0.4596417865571132,3.9613241922446227,9.157788403190727,2.261607896421316,-17.438359569314756,11.082825160983775,-15.622042424572001,-3.282462109869904,-12.658924495013638,-13.856084669244495,12.278801147172967,7.046452494364018,2.579011352611166,3.8383241122936456,-8.40511584946961,-4.250685765906363,-12.4243944455252,5.9631105762282575,15.208917589009944,-21.46018496682082,-12.728991352627588,-4.8057506244177315,-4.826344577573752,-2.4535554075413972,-4.3210414637440024,-3.325201006564398,-5.37187423575372,-4.13788616201145,12.239023200627283,11.73096230463342,0.9523514177504733,0.03662928884274426,-12.250423253533528,-6.976062002203764
-4.523669071078371,-0.6905818334310092,-4.7466596710289,6.502355305819771,5.073337891695008,-0.8296512622369282,7.078037182217973,6.416807333303626,-6.66649745653511,-0.7445662394033666,2.4480673700315774,5.9847415281700815,0.42580240294840793,-10.741154982819188,6.922382865253998,-10.232537191549685,-1.9290953861906641,-9.174974007474631,-9.210201476980458,9.027320309663867,6.247073003548496,0.3823434694824505,3.0993939086697906,-5.148557268919854,-1.6134813388186013,-8.446239984108525,2.9562443502765787,10.51894483443175,-14.645311252063161,-9.552706693598898,-2.0491238754672225,-3.4456665958653288,-1.0455815933844483,-2.5066372104898083,-2.954425952839264,-3.376728184456892,-3.633027926847597,9.66817795900042,7.098246362576343,-0.32247090926541,0.6193327918040613,-8.479560722112293,-4.7827838011579145
5.8106280048778185,1.7076681820416078,4.538622079447838,-8.431409862958594,-6.210069585026039,1.4143417597408727,-9.92037234446225,-6.66649745653511,8.877000939824969,0.4935982180188127,-3.442289886744357,-8.104600776724089,-1.7853730818240892,15.313653194020116,-9.813116452397063,13.904456460122077,2.75047519715907,11.444483761286556,12.324687964323994,-11.152081892589658,-6.668544422138835,-1.9858047736311126,-3.5078604401357203,7.44649728103303,3.6352378118864057,11.138316023121098,-5.128119821242545,-13.60723998244389,19.093083476117712,11.601733551913807,4.030452440279495,4.353209298933859,2.01787793592933,3.896086633958562,3.1788560097870424,4.732516729856579,3.8770170698740443,-11.222895792170197,-10.30013653162676,-0.6730643965247546,-0.16231469620110134,11.04365384886923,6.244136684813387
0.3756569205831332,-0.06175576611487872,0.5988734252159355,-0.5129824182971743,-0.46793845407410495,-0.01715391021920744,-0.4596417865571132,-0.7445662394033666,0.4935982180188127,0.13250667535203284,-0.174270083934498,-0.44614771344242504,0.13650237037515733,0.678889060571053,-0.4219808599205117,0.7282732427312903,0.15759670906427345,0.7945254287862862,0.6911180883270551,-0.7866551823628635,-0.6811055181387817,0.16983423837106523,-0.32734607059721915,0.2880413208777065,-0.11300817243114984,0.6386708868912193,-0.050549725828597715,-0.85709559536636,1.1892689197698272,0.8666242951788634,-0.019945047976300284,0.2874034606359833,0.004135515193610791,0.07029492109294012,0.30399734986005583,0.22561270412066495,0.40574074180360875,-0.9607063766218614,-0.41892697827982794,0.1857742182176414,-0.13907895522380842,0.6488825719389545,0.3784528635541218
-2.3590607293071253,-0.7064340277850775,-1.6285260855303318,3.2525432106174974,2.546508820296272,-0.15673863896032733,3.9613241922446227,2.4480673700315774,-3.442289886744357,-0.174270083934498,1.5815843959697318,3.3718399611498087,0.84989570941692,-6.349271743668003,3.829140891271104,-5.488573785727042,-1.5761438296623995,-4.436641574107039,-4.969731824856463,4.223794938466634,2.242427629026635,1.0555606088982423,1.4295469616007381,-2.8267689646881937,-1.2124261399642513,-4.307711062509427,2.052882813263836,5.474751975002199,-7.948794541509507,-4.392700011592714,-1.7659061994337366,-1.7026184938096827,-1.0416493729702794,-1.1240219704375145,-0.9514619471117726,-1.95491120287099,-1.4248830074960857,4.301362009147495,4.195249121981974,0.28438729431569476,-0.022438484106933387,-4.124664753564447,-2.4633467723217986
-5.407710563675275,-1.5904996483606326,-4.037957060376165,7.684220713284853,5.806967505650641,-0.918877970289836,9.157788403190727,5.9847415281700815,-8.104600776724089,-0.44614771344242504,3.3718399611498087,7.6172492078502625,1.7617732045253216,-14.353747018615364,8.96968760045591,-12.785850170627546,-2.9870730728020845,-10.458434133135734,-11.43303710965573,10.09673003239686,5.789677508181233,2.0588578640056694,3.2762099094450097,-6.733149689024355,-3.118783117788133,-10.158203848691775,4.729783716853348,12.617690718150266,-17.94792679866308,-10.510042170067093,-3.857883208282,-3.987622561147384,-2.0756375205858597,-3.1858990344883193,-2.644909486022688,-4.430761974729219,-3.479513911521006,10.224495057646442,9.584609457821825,0.6214945108332082,0.07875949579402937,-9.934806364060364,-5.744414501387936
-1.100755535043359,-0.7247570791690446,-0.04081893600829608,1.5856008092431122,1.0362207284004965,-0.312275551162427,2.261607896421316,0.42580240294840793,-1.7853730818240892,0.13650237037515733,0.84989570941692,1.7617732045253216,0.9737902552130405,-3.675029998792827,2.2584939935521855,-2.956582690977389,-0.7893671013679545,-1.9424666214602408,-2.5659250145601837,1.8084198025757896,0.4706527758426847,1.1728255055210326,0.4380393142024602,-1.7552911717008217,-1.3662836934265874,-2.18583519453705,1.607424350069572,2.611066378863409,-3.8125218146862507,-1.780083643608279,-1.4800862112584254,-0.7688643808360118,-0.7740017419713869,-0.9298327153308381,-0.2035946815572334,-1.0977276116474413,-0.30881841279039507,1.473803581209683,2.5284016024467553,0.6561179253483854,-0.30097809043922225,-2.059694475523994,-1.2122417999963828
10.113801839961383,3.2512376593244,7.096828418592015,-14.456939856980462,-10.75390033917443,1.959906437367178,-17.438359569314756,-10.741154982819188,15.313653194020116,0.678889060571053,-6.349271743668003,-14.353747018615364,-3.675029998792827,27.331349914645777,-17.148214588452433,24.213881031041243,5.544993141512443,19.516079075475602,21.56796817125407,-18.83409813571245,-10.508107195015334,-4.291041418786376,-5.97017507911523,12.936467681185986,6.425640013596931,19.16500827738007,-9.301948982523243,-23.64937892817164,33.6192327369921,19.51689771333458,7.647452824164025,7.456143605441296,4.046881811274049,6.32890099944395,4.848815437205186,8.410678696689443,6.285183396232578,-18.795044669403193,-18.321976717575737,-1.5257616867991104,0.04287138883084573,18.755902280530034,10.804119732306859
-6.362635697757273,-2.0779668186057334,-4.595906381339272,9.269390752295132,6.722493520597167,-1.6691303883677053,11.082825160983775,6.922382865253998,-9.813116452397063,-0.4219808599205117,3.829140891271104,8.96968760045591,2.2584939935521855,-17.148214588452433,10.9978499214027,-15.42868276192063,-3.0464264494200464,-12.465635821896333,-13.626891733094348,12.127906554206533,6.994616602784724,2.537812157550428,3.7227742813031157,-8.381867913542024,-4.390807912103288,-12.288946070853752,5.95335822502137,14.929942725017556,-20.96918544923349,-12.556068667156136,-4.756190887376104,-4.755445912981647,-2.3646950635256028,-4.475722909634314,-3.3561086170347894,-5.279601343617427,-4.0571467935717775,12.005780855072258,11.577604540897328,1.0110456333000875,0.023006761279988304,-12.16657361462943,-6.870636574417989
9.11766758809181,2.760823308909972,6.899739413476566,-13.180866955918852,-9.724717086218746,2.1129738292856843,-15.622042424572001,-10.232537191549685,13.904456460122077,0.7282732427312903,-5.488573785727042,-12.785850170627546,-2.956582690977389,24.213881031041243,-15.42868276192063,21.84043083701107,4.49281135572173,17.8588044024156,19.377415380501557,-17.355611362630825,-10.187049251917887,-3.334879275145853,-5.463234377636763,11.696206047411163,5.76450095881699,17.43098876310333,-8.163546761611487,-21.347107962199523,30.05153602298029,18.038151689175688,6.502157470408746,6.797898736763948,3.3001716682848414,6.024870867988085,4.815708925745196,7.474317603190573,5.961839641421807,-17.420161837174028,-16.278835622466755,-1.1598777418972763,-0.16910756518788886,17.223400093057347,9.787198538391959
2.0433000241137256,0.5613525596761701,1.2687684990771875,-2.5974956668023292,-2.2656212967488796,-0.42374465483765966,-3.282462109869904,-1.9290953861906641,2.75047519715907,0.15759670906427345,-1.5761438296623995,-2.9870730728020845,-0.7893671013679545,5.544993141512443,-3.0464264494200464,4.49281135572173,1.9260010964840402,3.6103636254733473,4.225827497146561,-3.3134071725088066,-1.4683939331672058,-1.1071053878798554,-1.28735490071623,2.130243803816269,0.5808758106786822,3.4354207327388657,-1.6304363272499052,-4.674811227097424,7.117728393876331,3.4555518600858637,1.5791626027670038,1.3970191504886476,1.127211580939497,0.33856762735601154,0.4478466221942515,1.703112820483403,1.1120834589061477,-3.5064225443381485,-3.553533601424454,-0.16809488968092204,0.07760698354138323,3.110779454272115,2.0389409419953903
7.585921190269118,1.9568048105546987,6.399011152182892,-10.941650610079845,-8.218289397965336,1.6276661306973512,-12.658924495013638,-9.174974007474631,11.444483761286556,0.7945254287862862,-4.436641574107039,-10.458434133135734,-1.9424666214602408,19.516079075475602,-12.465635821896333,17.8588044024156,3.6103636254733473,15.008452060166515,15.918850592200778,-14.63773377250661,-9.052206836536126,-2.1499274999971907,-4.742147986180463,9.39376655586821,4.152591648133069,14.392522190468975,-6.239409037978702,-17.722678194820887,24.883185335119578,15.293641088500028,4.822854360368565,5.69133010212313,2.460271127789704,4.749362942324161,4.277649749884681,6.053493791159675,5.292382688062696,-14.99573820697113,-13.052664088567491,-0.5139814141916668,-0.4045066491701172,14.283954467057436,8.10344805957613
8.159537829214853,2.384296983321136,6.2459348670868025,-11.702891713459225,-8.753446517416073,1.6360671712487245,-13.856084669244495,-9.210201476980458,12.324687964323994,0.6911180883270551,-4.969731824856463,-11.43303710965573,-2.5659250145601837,21.56796817125407,-13.626891733094348,19.377415380501557,4.225827497146561,15.918850592200778,17.272056881653253,-15.43156773970189,-9.036068250449679,-2.9426074116881344,-4.949058752744102,10.271493414553674,4.838393552696638,15.457409465830018,-7.1372579574174715,-19.07084249730843,26.968657576667724,16.054280709273677,5.725090691179105,6.058513079174439,2.989731553556468,5.081739080651786,4.210604375093021,6.6607217549832605,5.350761713865036,-15.599229681198503,-14.44026093238157,-0.9171841345109069,-0.17916839144130633,15.218974395750848,8.714431482934815
-7.354455265489662,-1.8728241561920267,-6.327421831687907,10.672452170801131,7.963492894577111,-1.7351597500521534,12.278801147172967,9.027320309663867,-11.152081892589658,-0.7866551823628635,4.223794938466634,10.09673003239686,1.8084198025757896,-18.83409813571245,12.127906554206533,-17.355611362630825,-3.3134071725088066,-14.63773377250661,-15.43156773970189,14.321480120338578,8.985952066055287,1.9543643133190158,4.604210975560853,-9.166396932236616,-4.095354572927951,-14.033343100470816,6.029055104231404,17.196607248520273,-24.03686442784847,-14.967663129888653,-4.589533367558343,-5.548903700320804,-2.2848098348762877,-4.769245212998757,-4.29639133312142,-5.846159088514257,-5.2062636436180085,14.659048326212964,12.6216815126898,0.47081237896683725,0.4388173272007696,-13.984345934371477,-7.8783722366149185
-4.389395457991159,-0.773405479914847,-4.589652047941809,6.482302501994256,4.853200703062258,-1.2565353487226611,7.046452494364018,6.247073003548496,-6.668544422138835,-0.6811055181387817,2.242427629026635,5.789677508181233,0.4706527758426847,-10.508107195015334,6.994616602784724,-10.187049251917887,-1.4683939331672058,-9.052206836536126,-9.036068250449679,8.985952066055287,6.313788363782715,0.3430691620313446,2.9329112902719463,-5.302758133776262,-2.0447282477806215,-8.44244839980729,3.0858353244819976,10.265575220033528,-14.056636586941694,-9.480828056616577,-2.061650715660626,-3.396246905106696,-0.8972831413238705,-2.967123701200225,-3.1032457067889876,-3.300295974507342,-3.555366211784072,9.453106402198566,7.042112447131674,-0.16775145405421893,0.5950967336713768,-8.590114842324356,-4.720988513459683
-1.266786408548284,-0.8410411366306377,0.04280390569405483,1.7548781444699102,1.2055989252750592,-0.17937420604761295,2.579011352611166,0.3823434694824505,-1.9858047736311126,0.16983423837106523,1.0555606088982423,2.0588578640056694,1.1728255055210326,-4.291041418786376,2.537812157550428,-3.334879275145853,-1.1071053878798554,-2.1499274999971907,-2.9426074116881344,1.9543643133190158,0.3430691620313446,1.4600338838821691,0.5088651442914187,-1.9367483816436437,-1.4524855220749728,-2.4246836989059313,1.8364424739010037,2.9857388417684825,-4.480089264956835,-1.9084622978512584,-1.7590270812761657,-0.8572155689637063,-0.9867490529337011,-0.875435029345815,-0.09171740650753304,-1.2780603113531324,-0.29173455745120247,1.589296605368517,2.915514017850086,0.7589804295281333,-0.38451317712748545,-2.223818081739454,-1.367422392424566
-2.408533116543188,-0.47426930931454453,-2.2328906652167855,3.388855459922927,2.677396795661396,-0.27766287060420053,3.8383241122936456,3.0993939086697906,-3.5078604401357203,-0.32734607059721915,1.4295469616007381,3.2762099094450097,0.4380393142024602,-5.97017507911523,3.7227742813031157,-5.463234377636763,-1.28735490071623,-4.742147986180463,-4.949058752744102,4.604210975560853,2.9329112902719463,0.5088651442914187,1.5965084739347921,-2.7457151270987263,-0.916532112830843,-4.426696211663605,1.7210420756934786,5.589055586159797,-7.9316262347238915,-4.847248359893441,-1.3250793365199616,-1.7935343867697418,-0.7482887692382377,-1.1916323070714883,-1.332190462273083,-1.8624555199205508,-1.7652898910063095,4.8779418837561455,3.929916390995214,-0.03481636196322062,0.20948682844457098,-4.358680569308401,-2.5249640725656564
4.769954109986042,1.6252088792198356,3.385693902257595,-7.019700091169276,-5.001543123723333,1.4433481289290255,-8.40511584946961,-5.148557268919854,7.44649728103303,0.2880413208777065,-2.8267689646881937,-6.733149689024355,-1.7552911717008217,12.936467681185986,-8.381867913542024,11.696206047411163,2.130243803816269,9.39376655586821,10.271493414553674,-9.166396932236616,-5.302758133776262,-1.9367483816436437,-2.7457151270987263,6.43256870256397,3.5363314090601805,9.319231629616976,-4.5940742436838775,-11.219758130486714,15.665718223547618,9.477805733033872,3.6418075744332508,3.5815689047393495,1.7459051063501985,3.590455476293095,2.588437588890281,3.98037054754019,3.0287749807399518,-8.993370881795562,-8.779699963318588,-0.8506393522696651,0.00398828109409578,9.268407146546895,5.186698476596218
2.0940184952548786,1.1846816401135578,0.79379759328727,-3.315532028598071,-1.9832016365665495,1.3080748636890043,-4.250685765906363,-1.6134813388186013,3.6352378118864057,-0.11300817243114984,-1.2124261399642513,-3.118783117788133,-1.3662836934265874,6.425640013596931,-4.390807912103288,5.76450095881699,0.5808758106786822,4.152591648133069,4.838393552696638,-4.095354572927951,-2.0447282477806215,-1.4524855220749728,-0.916532112830843,3.5363314090601805,2.7841917159631553,4.499316521900477,-2.842329446295528,-5.037724622841871,6.814814587285255,4.1241855618539764,2.2873482837619528,1.5978022858553447,0.9155787920572309,2.487551438382873,1.1445084955480551,1.9443146692794562,1.0283381993134209,-3.5248899557194515,-4.542664080511232,-1.0064406210133545,0.2765086868812924,4.5510028742882165,2.4161691979341646
7.298222609064027,2.107761578441182,5.7766315165839535,-10.58956414382041,-7.81327727228994,1.7676394538589062,-12.4243944455252,-8.446239984108525,11.138316023121098,0.6386708868912193,-4.307711062509427,-10.158203848691775,-2.18583519453705,19.16500827738007,-12.288946070853752,17.43098876310333,3.4354207327388657,14.392522190468975,15.457409465830018,-14.033343100470816,-8.44244839980729,-2.4246836989059313,-4.426696211663605,9.319231629616976,4.499316521900477,13.981762504116539,-6.380859038301456,-17.086672063508605,23.965068798431982,14.606798520393752,4.995639830062327,5.4741952629316275,2.5019526228069546,4.870939225611579,4.027654499909627,5.925571875384452,4.907005768458487,-14.150885798174933,-12.883705248568367,-0.7968544169214596,-0.23244043133903444,13.87049655202548,7.838179459958853
-3.2437869055494297,-1.36645009350898,-1.7616967057169532,4.762924809486562,3.3108833897906105,-1.0026404399056736,5.9631105762282575,2.9562443502765787,-5.128119821242545,-0.050549725828597715,2.052882813263836,4.729783716853348,1.607424350069572,-9.301948982523243,5.95335822502137,-8.163546761611487,-1.6304363272499052,-6.239409037978702,-7.1372579574174715,6.029055104231404,3.0858353244819976,1.8364424739010037,1.7210420756934786,-4.5940742436838775,-2.842329446295528,-6.380859038301456,3.53886204850745,7.653005243850553,-10.783927971020425,-6.169215216423876,-2.948153192185351,-2.3943982122542717,-1.4434587259689873,-2.5580925268845696,-1.4929674703440559,-2.8384874142228926,-1.7815157148642122,5.6923413710479895,6.347224126589083,0.9211451408851979,-0.21758509948368632,-6.2745988872085725,-3.547811307238312
-9.059628704461405,-2.481818250421397,-7.232907591066351,12.961753639894456,9.781577750669008,-1.7119505183860149,15.208917589009944,10.51894483443175,-13.60723998244389,-0.85709559536636,5.474751975002199,12.617690718150266,2.611066378863409,-23.64937892817164,14.929942725017556,-21.347107962199523,-4.674811227097424,-17.722678194820887,-19.07084249730843,17.196607248520273,10.265575220033528,2.9857388417684825,5.589055586159797,-11.219758130486714,-5.037724622841871,-17.086672063508605,7.653005243850553,21.14860156714133,-29.89859883367504,-17.935507241620932,-6.083180883940327,-6.738008023727507,-3.202755393742412,-5.466501519173393,-4.770554493143629,-7.3181242666484145,-6.08719361910016,17.536010039211355,15.794883477359038,0.8008456569773454,0.31834380943068435,-16.83320547151511,-9.646072530828404
12.831802209777832,3.5172688294205714,10.041393158818714,-18.175073427769405,-13.888689093727933,1.9651085072657846,-21.46018496682082,-14.645311252063161,19.093083476117712,1.1892689197698272,-7.948794541509507,-17.94792679866308,-3.8125218146862507,33.6192327369921,-20.96918544923349,30.05153602298029,7.117728393876331,24.883185335119578,26.968657576667724,-24.03686442784847,-14.056636586941694,-4.480089264956835,-7.9316262347238915,15.665718223547618,6.814814587285255,23.965068798431982,-10.783927971020425,-29.89859883367504,42.56670979423278,25.06393116649539,8.732155321790156,9.47596253604159,4.768374967755038,7.235609637443014,6.401047221743154,10.39573418841848,8.472005746293531,-24.581712678307397,-22.364537916176104,-1.1286040518243443,-0.3640573378055146,23.458351643163883,13.584060025733791
7.676557209432559,1.8772592814881344,6.7336176952083875,-11.11848626853909,-8.33918553404191,1.7572297337494003,-12.728991352627588,-9.552706693598898,11.601733551913807,0.8666242951788634,-4.392700011592714,-10.510042170067093,-1.780083643608279,19.51689771333458,-12.556068667156136,18.038151689175688,3.4555518600858637,15.293641088500028,16.054280709273677,-14.967663129888653,-9.480828056616577,-1.9084622978512584,-4.847248359893441,9.477805733033872,4.1241855618539764,14.606798520393752,-6.169215216423876,-17.935507241620932,25.06393116649539,15.673604354229449,4.668198004978172,5.793386607450089,2.332202473312071,4.887578920159984,4.518180366043704,6.06691978146272,5.499633608703643,-15.397684291376596,-13.064718306937493,-0.39155614417012663,-0.5135475867151478,14.553009995723384,8.206678236691783
2.584029819297821,1.1850435354889137,1.1147566818519423,-3.711040678332995,-2.6196425263599723,0.6074759265482423,-4.8057506244177315,-2.0491238754672225,4.030452440279495,-0.019945047976300284,-1.7659061994337366,-3.857883208282,-1.4800862112584254,7.647452824164025,-4.756190887376104,6.502157470408746,1.5791626027670038,4.822854360368565,5.725090691179105,-4.589533367558343,-2.061650715660626,-1.7590270812761657,-1.3250793365199616,3.6418075744332508,2.2873482837619528,4.995639830062327,-2.948153192185351,-6.083180883940327,8.732155321790156,4.668198004978172,2.573733999995877,1.8604602461328867,1.3420047328119302,1.8615232546284353,0.937074684598158,2.3225087907948025,1.2539043113206396,-4.272354260101763,-5.192608027470114,-0.8555040033982405,0.28765431796934704,4.821309351215961,2.8023591449604837
2.885785097061678,0.7589891640334907,2.4029126190794288,-4.156107265421751,-3.1206371046942496,0.6096659071378213,-4.826344577573752,-3.4456665958653288,4.353209298933859,0.2874034606359833,-1.7026184938096827,-3.987622561147384,-0.7688643808360118,7.456143605441296,-4.755445912981647,6.797898736763948,1.3970191504886476,5.69133010212313,6.058513079174439,-5.548903700320804,-3.396246905106696,-0.8572155689637063,-1.7935343867697418,3.5815689047393495,1.5978022858553447,5.4741952629316275,-2.3943982122542717,-6.738008023727507,9.47596253604159,5.793386607450089,1.8604602461328867,2.1660938015115216,0.9598333880116818,1.8002972743869756,1.6045431413395705,2.310787833806762,1.9915826652758728,-5.6655210615409795,-4.985729462261367,-0.21734729364572888,-0.13603158161706913,5.420763777656716,3.0768717654218576
1.3787051977915246,0.5743795060195194,0.5843492238323184,-1.860885662425277,-1.4394262610189499,0.018290538390099965,-2.4535554075413972,-1.0455815933844483,2.01787793592933,0.004135515193610791,-1.0416493729702794,-2.0756375205858597,-0.7740017419713869,4.046881811274049,-2.3646950635256028,3.3001716682848414,1.127211580939497,2.460271127789704,2.989731553556468,-2.2848098348762877,-0.8972831413238705,-0.9867490529337011,-0.7482887692382377,1.7459051063501985,0.9155787920572309,2.5019526228069546,-1.4434587259689873,-3.202755393742412,4.768374967755038,2.332202473312071,1.3420047328119302,0.9598333880116818,0.8120150767022991,0.6342088827970424,0.3274183853192105,1.2291179470447264,0.6327282747387615,-2.201588638856459,-2.6822807679229905,-0.37669261053883396,0.16348999748612292,2.3232649653706785,1.4366562832833787
2.280389534289932,0.9495864711356384,1.5970849747741591,-3.6505325459572555,-2.2773802915350285,1.4488032842336844,-4.3210414637440024,-2.5066372104898083,3.896086633958562,0.07029492109294012,-1.1240219704375145,-3.1858990344883193,-0.9298327153308381,6.32890099944395,-4.475722909634314,6.024870867988085,0.33856762735601154,4.749362942324161,5.081739080651786,-4.769245212998757,-2.967123701200225,-0.875435029345815,-1.1916323070714883,3.590455476293095,2.487551438382873,4.870939225611579,-2.5580925268845696,-5.466501519173393,7.235609637443014,4.887578920159984,1.8615232546284353,1.8002972743869756,0.6342088827970424,2.617699341830337,1.6409567168467167,1.941940131960048,1.50269411877848,-4.428975497019269,-4.45505696287554,-0.6459846555547925,0.008781454498755722,5.0474999262143205,2.618975909609353
2.027432089858329,0.38392127652661184,2.1753995325576736,-3.088874565406398,-2.2161946113726603,0.8152467850958294,-3.325201006564398,-2.954425952839264,3.1788560097870424,0.30399734986005583,-0.9514619471117726,-2.644909486022688,-0.2035946815572334,4.848815437205186,-3.3561086170347894,4.815708925745196,0.4478466221942515,4.277649749884681,4.210604375093021,-4.29639133312142,-3.1032457067889876,-0.09171740650753304,-1.332190462273083,2.588437588890281,1.1445084955480551,4.027654499909627,-1.4929674703440559,-4.770554493143629,6.401047221743154,4.518180366043704,0.937074684598158,1.6045431413395705,0.3274183853192105,1.6409567168467167,1.5916450807680886,1.522351227519516,1.6879076336041259,-4.446590488442029,-3.2934413772860216,0.03817425964547678,-0.2929897268033009,4.166139868951048,2.2206435799489577
3.1310716182852016,0.9803119365130017,2.2471286448811685,-4.473806647822782,-3.337972791161289,0.6001942969994905,-5.37187423575372,-3.376728184456892,4.732516729856579,0.22561270412066495,-1.95491120287099,-4.430761974729219,-1.0977276116474413,8.410678696689443,-5.279601343617427,7.474317603190573,1.703112820483403,6.053493791159675,6.6607217549832605,-5.846159088514257,-3.300295974507342,-1.2780603113531324,-1.8624555199205508,3.98037054754019,1.9443146692794562,5.925571875384452,-2.8384874142228926,-7.3181242666484145,10.39573418841848,6.06691978146272,2.3225087907948025,2.310787833806762,1.2291179470447264,1.941940131960048,1.522351227519516,2.5911232020334065,1.9718800741176306,-5.858808786449086,-5.6344995266166125,-0.4383896988595707,-0.007716523224743017,5.803544604551175,3.3415048563045717
2.6151918247552675,0.4424615011174532,2.6692651606664146,-3.7691708148062317,-2.914890408168695,0.5146796392222971,-4.13788616201145,-3.633027926847597,3.8770170698740443,0.40574074180360875,-1.4248830074960857,-3.479513911521006,-0.30881841279039507,6.285183396232578,-4.0571467935717775,5.961839641421807,1.1120834589061477,5.292382688062696,5.350761713865036,-5.2062636436180085,-3.555366211784072,-0.29173455745120247,-1.7652898910063095,3.0287749807399518,1.0283381993134209,4.907005768458487,-1.7815157148642122,-6.08719361910016,8.472005746293531,5.499633608703643,1.2539043113206396,1.9915826652758728,0.6327282747387615,1.50269411877848,1.6879076336041259,1.9718800741176306,2.063246804201865,-5.532649809163492,-4.166521516216167,0.12791580346225812,-0.32682295210768675,4.9223254187334105,2.771690408098797
-7.523157958409447,-1.6357851816465598,-6.90889131140643,10.808849857237291,8.26443159174711,-1.4593980340427701,12.239023200627283,9.66817795900042,-11.222895792170197,-0.9607063766218614,4.301362009147495,10.224495057646442,1.473803581209683,-18.795044669403193,12.005780855072258,-17.420161837174028,-3.5064225443381485,-14.99573820697113,-15.599229681198503,14.659048326212964,9.453106402198566,1.589296605368517,4.8779418837561455,-8.993370881795562,-3.5248899557194515,-14.150885798174933,5.6923413710479895,17.536010039211355,-24.581712678307397,-15.397684291376596,-4.272354260101763,-5.6655210615409795,-2.201588638856459,-4.428975497019269,-4.446590488442029,-5.858808786449086,-5.532649809163492,15.301571758504588,12.505334804026576,0.10677027882110475,0.6320208333880177,-14.083169554611837,-7.993295610461314
-6.742831929508301,-2.2443563367860486,-4.650764406827883,9.707288358168283,7.1284144180134685,-1.4958612512544625,11.73096230463342,7.098246362576343,-10.30013653162676,-0.41892697827982794,4.195249121981974,9.584609457821825,2.5284016024467553,-18.321976717575737,11.577604540897328,-16.278835622466755,-3.553533601424454,-13.052664088567491,-14.44026093238157,12.6216815126898,7.042112447131674,2.915514017850086,3.929916390995214,-8.779699963318588,-4.542664080511232,-12.883705248568367,6.347224126589083,15.794883477359038,-22.364537916176104,-13.064718306937493,-5.192608027470114,-4.985729462261367,-2.6822807679229905,-4.45505696287554,-3.2934413772860216,-5.6344995266166125,-4.166521516216167,12.505334804026576,12.329632748434676,1.1220754580662824,-0.05829964357619138,-12.64723057451772,-7.239233712116969
-0.31701569255807793,-0.4809678098010972,0.4438824156881308,0.5393457851222697,0.18692547114412927,-0.34452724244104244,0.9523514177504733,-0.32247090926541,-0.6730643965247546,0.1857742182176414,0.28438729431569476,0.6214945108332082,0.6561179253483854,-1.5257616867991104,1.0110456333000875,-1.1598777418972763,-0.16809488968092204,-0.5139814141916668,-0.9171841345109069,0.47081237896683725,-0.16775145405421893,0.7589804295281333,-0.03481636196322062,-0.8506393522696651,-1.0064406210133545,-0.7968544169214596,0.9211451408851979,0.8008456569773454,-1.1286040518243443,-0.39155614417012663,-0.8555040033982405,-0.21734729364572888,-0.37669261053883396,-0.6459846555547925,0.03817425964547678,-0.4383896988595707,0.12791580346225812,0.10677027882110475,1.1220754580662824,0.5514400887057397,-0.2705083764553543,-0.7624730576853904,-0.40717772979822964
-0.14339138319860192,0.17564403138131282,-0.5538107621502919,0.21360584573303829,0.22915288963757283,-0.010256574730132872,0.03662928884274426,0.6193327918040613,-0.16231469620110134,-0.13907895522380842,-0.022438484106933387,0.07875949579402937,-0.30097809043922225,0.04287138883084573,0.023006761279988304,-0.16910756518788886,0.07760698354138323,-0.4045066491701172,-0.17916839144130633,0.4388173272007696,0.5950967336713768,-0.38451317712748545,0.20948682844457098,0.00398828109409578,0.2765086868812924,-0.23244043133903444,-0.21758509948368632,0.31834380943068435,-0.3640573378055146,-0.5135475867151478,0.28765431796934704,-0.13603158161706913,0.16348999748612292,0.008781454498755722,-0.2929897268033009,-0.007716523224743017,-0.32682295210768675,0.6320208333880177,-0.05829964357619138,-0.2705083764553543,0.18483630481992566,-0.28810143153717505,-0.13880903894520852
7.177306036254579,2.0561287457609527,5.824857544425181,-10.514412389696774,-7.675145541579197,1.974304101774654,-12.250423253533528,-8.479560722112293,11.04365384886923,0.6488825719389545,-4.124664753564447,-9.934806364060364,-2.059694475523994,18.755902280530034,-12.16657361462943,17.223400093057347,3.110779454272115,14.283954467057436,15.218974395750848,-13.984345934371477,-8.590114842324356,-2.223818081739454,-4.358680569308401,9.268407146546895,4.5510028742882165,13.87049655202548,-6.2745988872085725,-16.83320547151511,23.458351643163883,14.553009995723384,4.821309351215961,5.420763777656716,2.3232649653706785,5.0474999262143205,4.166139868951048,5.803544604551175,4.9223254187334105,-14.083169554611837,-12.64723057451772,-0.7624730576853904,-0.28810143153717505,13.852971932400017,7.7518788511836805
4.124789430697837,1.162432370545138,3.2724890206028605,-5.9435319639437765,-4.436016303097252,0.8855782796121092,-6.976062002203764,-4.7827838011579145,6.244136684813387,0.3784528635541218,-2.4633467723217986,-5.744414501387936,-1.2122417999963828,10.804119732306859,-6.870636574417989,9.787198538391959,2.0389409419953903,8.10344805957613,8.714431482934815,-7.8783722366149185,-4.720988513459683,-1.367422392424566,-2.5249640725656564,5.186698476596218,2.4161691979341646,7.838179459958853,-3.547811307238312,-9.646072530828404,13.584060025733791,8.206678236691783,2.8023591449604837,3.0768717654218576,1.4366562832833787,2.618975909609353,2.2206435799489577,3.3415048563045717,2.771690408098797,-7.993295610461314,-7.239233712116969,-0.40717772979822964,-0.13880903894520852,7.7518788511836805,4.4147434889621175
