V1,V2,V3,V4,V5,V6,V7,V8,V9,V10,V11,V12,V13,V14,V15,V16,V17,V18,V19,V20,V21,V22,V23,V24,V25,V26,V27,V28,V29,V30,V31,V32,V33,V34,V35,V36,V37,V38,V39,V40,V41,V42,V43
90.62190467109038,-638.4931158770703,-190.8429006307795,-675.8481608830233,814.3384500883357,-1377.4672920269454,1981.726254754047,119.60365287989845,320.55156807969536,790.2119086017899,663.4441791123413,-559.046623101129,-714.1630169513198,-734.6805672608846,-672.6182566536773,26.878498354819794,630.0161115946821,-962.702801730582,-1441.3109947045753,663.0968028292582,2455.3265149107274,-813.0852750593413,391.6919687952189,47.901782384505154,-1164.8515138294624,158.95489579466684,-121.40372653814822,1777.4342705757026,81.10366484544542,10.372109853316255,-1805.1339631121643,10.263641882615065,43.31840413820262,-230.54838659431428,-892.6629565287743,1835.0780481006022,-647.2957907380868,83.05186851885452,318.0352593848027,-549.3025725872833,415.6565374731007,2028.1477584174727,44.55794504723835
-638.4931158770703,4513.213187252024,1348.5765043199897,4777.2619211862275,-5750.3992570779365,9731.037182532174,-13999.794125278278,-844.0823625315733,-2263.685727114605,-5580.775922071723,-4686.400965266741,3949.796344480308,5044.4409444760395,5191.2078666237885,4753.992510125499,-186.9933153216615,-4449.634688354441,6802.155837545963,10182.267192795209,-4683.88400159488,-17347.102627553726,5746.573164005321,-2768.262331683243,-340.1747394063284,8226.090747661701,-1123.9284774460232,857.8699257747529,-12557.127675156522,-576.1776602184049,-77.05138246392013,12751.598678652861,-68.04000204547734,-303.7880306201617,1624.0221374318646,6301.58382788542,-12962.832487898882,4573.28731828506,-586.352316402646,-2248.3197859508873,3880.592635761534,-2934.320308397513,-14328.401580760148,-314.0683792400974
-190.8429006307795,1348.5765043199897,403.2346847304239,1427.7807325261729,-1718.3773939555563,2907.8205937733187,-4183.461128377201,-252.27294414598424,-676.5921422729464,-1667.6034923031427,-1400.4865415664478,1180.2035786240704,1507.4853402878803,1551.0968146944635,1420.6592296601852,-55.96349042286606,-1329.5769070374188,2032.7037337449028,3042.688628195993,-1399.6645663133281,-5183.8691383713185,1717.2502916404073,-827.2789366996998,-101.74096685977531,2458.500889846732,-335.845470504366,256.28602458945767,-3752.430419611956,-172.10495344353532,-22.95225979484957,3810.719196791146,-20.519637211891915,-90.83972097842609,485.29260006728595,1883.0518942641215,-3873.8746905502926,1366.5924838752485,-175.22398230543263,-671.8539663977127,1159.6673391456225,-877.273621817891,-4281.768644728948,-93.90977633115118
-675.8481608830233,4777.2619211862275,1427.7807325261729,5057.178683917552,-6086.817427075956,10300.428419843152,-14818.973888395687,-893.4837621351012,-2396.327258749456,-5907.188028654582,-4960.74262200151,4180.846120636205,5339.692876386904,5494.82201318033,5032.274852718956,-197.9286555734591,-4709.910586108077,7200.258490393035,10778.088693162954,-4958.0226935114715,-18362.38287545642,6082.909320274028,-2930.334284011714,-360.20512503328,8707.802951941756,-1189.7143444041942,908.0337866097452,-13292.011963568184,-609.8957838062942,-81.60556916103982,13498.012734162001,-72.09957611204547,-321.65982698897346,1718.9470470363392,6670.179650752913,-13721.589483398862,4840.916116143371,-620.6225790041577,-2379.9071732800035,4107.762531086602,-3106.419588387626,-15167.002275905143,-332.46486081618576
814.3384500883357,-5750.3992570779365,-1718.3773939555563,-6086.817427075956,7329.0501125122355,-12400.860337527389,17840.750603602002,1075.9961910752118,2885.0894990459406,7112.557286032007,5972.353381410404,-5033.3022768058445,-6428.703612485639,-6615.038671762426,-6057.3423413767005,239.43772944931987,5670.897608899001,-8667.885886067019,-12975.7880818869,5969.194397099009,22105.779828476927,-7322.130735209463,3527.2754267734213,432.7655566639529,-10484.147563412154,1431.8851507661316,-1093.1686818506207,16002.066335550035,732.9741013603743,96.69235530660609,-16250.344638076584,88.47330650022685,388.0797871310261,-2071.485038481312,-8032.3185001568445,16519.626871951772,-5827.815128700393,747.3421459583561,2864.523208195807,-4945.244819141606,3740.126305197602,18259.252959037432,400.4958028447668
-1377.4672920269454,9731.037182532174,2907.8205937733187,10300.428419843152,-12400.860337527389,20983.670859205267,-30188.56507023803,-1820.455818952964,-4881.691723709151,-12034.764171663253,-10105.80420783668,8517.047393108127,10877.894407039435,11193.696095859008,10250.34534714268,-404.3219712051606,-9595.501783915859,14667.362188229194,21956.57192208424,-10100.456835808405,-37405.940103156616,12390.573537207547,-5968.873975659635,-732.775651322436,17739.595828775793,-2423.201994766514,1849.8557864644524,-27077.477359895347,-1241.1681208975263,-164.69871089322035,27497.250820386627,-148.44535051791902,-656.1135371916921,3503.8875663996128,13590.296262598358,-27952.781216701234,9861.491365195363,-1264.4575360083238,-4847.523155120598,8367.967299353444,-6328.13938729887,-30896.958189491063,-677.4669827416831
1981.726254754047,-13999.794125278278,-4183.461128377201,-14818.973888395687,17840.750603602002,-30188.56507023803,43431.435563605824,2619.0454417885744,7023.1310755869245,17314.067746989593,14538.909038077676,-12253.204203841875,-15649.729480688651,-16104.031147290294,-14746.928095058634,581.6910895789923,13804.71640965867,-21101.556813196275,-31588.27891969998,14531.179621700818,53814.89241457186,-17826.031214995386,8587.275942861277,1054.280083319128,-25521.45371537585,3486.2020206860875,-2661.300481214478,38955.595696391545,1785.6461195094441,236.9531695280095,-39559.55217386286,213.56390839304885,943.8408687262986,-5040.870114229991,-19551.928486863628,40214.95098132355,-14187.43560478628,1819.1741975565285,6974.021143687427,-12038.7407890863,9104.210541459579,44450.57683896223,974.6836758628573
119.60365287989845,-844.0823625315733,-252.27294414598424,-893.4837621351012,1075.9961910752118,-1820.455818952964,2619.0454417885744,157.9904714006368,423.5726085445972,1044.1792796076709,876.7667017062416,-738.8708770479825,-943.7733731873128,-971.046118152731,-889.1644892943689,35.25051017728657,832.5185370623257,-1272.43063853056,-1904.853274660839,876.2941857997039,3245.1247691676194,-1074.829184594958,517.7804173422329,63.48888650970392,-1539.206433573685,210.16967456563754,-160.4598186131513,2349.112930496159,107.49831885303658,14.068728093495208,-2385.6171767033557,13.145027559308096,57.03438368696394,-304.23567927016916,-1179.2937706787816,2425.1674416521396,-855.5098995404887,109.72694843083713,420.4713969148163,-725.9669904716831,549.1664583856286,2680.4666158720993,58.82439930304904
320.55156807969536,-2263.685727114605,-676.5921422729464,-2396.327258749456,2885.0894990459406,-4881.691723709151,7023.1310755869245,423.5726085445972,1135.833233226057,2799.8209847277126,2351.120886168377,-1981.3676227477658,-2530.7377210167283,-2603.992891283194,-2384.5865707210205,94.23000600624594,2232.346330963859,-3412.2226066098624,-5108.021963925885,2349.8529613065343,8702.226468237104,-2882.4630077971024,1388.5920682089625,170.43340414764634,-4127.32317310406,563.6853721583061,-430.31901176499105,6299.391089330672,288.5741960953841,38.117041201455926,-6397.187853690508,34.832776936823734,152.8164063868665,-815.371737195356,-3161.8735007981377,6503.17822545849,-2294.174906595364,294.1660279676993,1127.6676851034701,-1946.7841588069543,1472.5012670925812,7187.978500004611,157.65601948463618
790.2119086017899,-5580.775922071723,-1667.6034923031427,-5907.188028654582,7112.557286032007,-12034.764171663253,17314.067746989593,1044.1792796076709,2799.8209847277126,6902.532952727828,5795.99062783266,-4884.751694179769,-6238.861397681753,-6419.847205334798,-5878.604226149394,232.2148506691456,5503.444064116099,-8412.030240440574,-12592.730848897558,5792.939184249502,21453.20143866721,-7106.076753389295,3423.1767867799226,420.04567752521655,-10174.402539468892,1389.6669030155672,-1060.927330500839,15529.65958579845,711.4885135698103,94.02613229111675,-15770.508794726476,85.60745521580584,376.4893830399077,-2010.1199309444855,-7794.993550043595,16031.819602856596,-5655.80018599205,725.269891610965,2780.0234962265754,-4799.238372323651,3629.5041264433125,17720.214886730813,388.6300689190599
663.4441791123413,-4686.400965266741,-1400.4865415664478,-4960.74262200151,5972.353381410404,-10105.80420783668,14538.909038077676,876.7667017062416,2351.120886168377,5795.99062783266,4867.04273707388,-4101.806748341679,-5238.875452779071,-5390.844549622665,-4936.552093549373,194.81178544311697,4621.238037026097,-7063.830536154485,-10574.357233940655,4864.456692741917,18014.838125036847,-5967.275247041972,2874.614708770902,352.88216720928335,-8543.65242272509,1166.9964022734268,-890.8847016356515,13040.618668789228,597.6463224339662,79.2134545265343,-13242.862603442041,71.65587618630524,316.09721567156237,-1687.6102673760138,-6545.2412318141205,13462.246159337354,-4749.321658901774,608.9621154434316,2334.5372783526473,-4030.0698301211132,3047.827643169056,14880.112979324067,326.2954260170694
-559.046623101129,3949.796344480308,1180.2035786240704,4180.846120636205,-5033.3022768058445,8517.047393108127,-12253.204203841875,-738.8708770479825,-1981.3676227477658,-4884.751694179769,-4101.806748341679,3457.008478794782,4415.178184045262,4543.461010647148,4160.5385551362,-164.01898860599113,-3894.7010408526253,5953.329521367718,8911.93779600174,-4099.6539791354335,-15182.6557580556,5029.242837382223,-2422.7107105091677,-297.4436217485221,7200.1552917214285,-983.5795854191281,750.862088127934,-10990.444133231978,-503.86496779949704,-66.95800120449842,11160.754088118909,-60.09962148529853,-266.2493598266333,1422.0836092284612,5516.0460638717705,-11345.62791515055,4002.6896604114245,-513.2160432958085,-1967.5878635704735,3396.456214632766,-2568.366855273331,-12540.72866194472,-274.9440511536035
-714.1630169513198,5044.4409444760395,1507.4853402878803,5339.692876386904,-6428.703612485639,10877.894407039435,-15649.729480688651,-943.7733731873128,-2530.7377210167283,-6238.861397681753,-5238.875452779071,4415.178184045262,5639.151495774421,5802.7060062751125,5313.706735884622,-209.7476162884351,-4974.306219680655,7603.5306360792265,11382.253489963576,-5236.074073138791,-19391.198157717976,6423.189305904722,-3094.2364439975395,-379.8401086577054,9196.415910276362,-1256.1435592267212,958.9234742299961,-14036.940071228712,-643.2719289183303,-85.20253228979296,14254.663936396862,-77.1944154889067,-340.2101439295548,1816.58332999,7045.37353521923,-14490.84716298287,5112.15976550876,-655.5223116722564,-2512.897414239558,4337.954733749875,-3280.742011158145,-16016.960972977384,-351.2547622011396
-734.6805672608846,5191.2078666237885,1551.0968146944635,5494.82201318033,-6615.038671762426,11193.696095859008,-16104.031147290294,-971.046118152731,-2603.992891283194,-6419.847205334798,-5390.844549622665,4543.461010647148,5802.7060062751125,5971.392134726727,5468.154837075478,-215.46347492669585,-5118.6482751856665,7824.328632465626,11712.699457663253,-5388.01077876373,-19954.15217327491,6609.885839901867,-3184.134731863019,-390.982123108797,9462.797544416977,-1292.7249168081253,986.8390528346084,-14444.422688950292,-662.3323791831067,-88.13084273231382,14668.203031244462,-78.81830270079679,-349.8038975589753,1868.829638432647,7249.4217898416655,-14911.180085353564,5260.629038787548,-674.5081451088794,-2586.003345341523,4463.8480099037215,-3375.4270839662013,-16481.91098299353,-361.3314418630754
-672.6182566536773,4753.992510125499,1420.6592296601852,5032.274852718956,-6057.3423413767005,10250.34534714268,-14746.928095058634,-889.1644892943689,-2384.5865707210205,-5878.604226149394,-4936.552093549373,4160.5385551362,5313.706735884622,5468.154837075478,5007.693244492979,-197.0636407702606,-4687.085202789372,7165.182652606288,10725.664326791764,-4933.867646975154,-18272.92818771576,6053.231494314736,-2916.0089983750063,-358.34338501278677,8665.321524674735,-1183.8856849840138,903.6145365119689,-13227.298258526671,-606.8432700897961,-81.06487659368777,13432.254013816542,-71.83911685322346,-320.0715931571108,1710.7689816042725,6637.954980374257,-13654.783759680357,4817.335900581355,-617.6524309286976,-2368.285182327077,4087.717056412846,-3091.162979152832,-15093.114101149691,-330.86886114700764
26.878498354819794,-186.9933153216615,-55.96349042286606,-197.9286555734591,239.43772944931987,-404.3219712051606,581.6910895789923,35.25051017728657,94.23000600624594,232.2148506691456,194.81178544311697,-164.01898860599113,-209.7476162884351,-215.46347492669585,-197.0636407702606,8.367398152704682,185.09937921598004,-282.3940455558904,-423.02886470205425,194.71298886234348,720.4569495159583,-238.25272030018752,114.78678664991764,13.780519695351275,-342.3997065559504,46.492626782349014,-35.58958769920608,521.6389137901886,23.284906331780157,2.424316127937358,-529.9748893282743,3.7468042306649987,13.068999115469207,-68.4270949468844,-262.76385410409563,538.8236837083846,-189.91055970820034,24.44124302964007,93.1011374155346,-161.21926270657016,122.36270198371759,595.2046316332136,13.200196499234627
630.0161115946821,-4449.634688354441,-1329.5769070374188,-4709.910586108077,5670.897608899001,-9595.501783915859,13804.71640965867,832.5185370623257,2232.346330963859,5503.444064116099,4621.238037026097,-3894.7010408526253,-4974.306219680655,-5118.6482751856665,-4687.085202789372,185.09937921598004,4387.9909723675655,-6707.005433944272,-10040.359990804984,4618.830974434964,17104.919052799094,-5665.752097018283,2729.34127572061,334.8955791131655,-8112.158892796155,1108.0087874593,-845.9228679077163,12382.007604770271,567.314602391292,75.02513075019087,-12573.998059976268,68.19135441526008,300.23071842553003,-1602.6790124337228,-6215.004617476584,12782.302388212505,-4509.461873190242,578.2280541010106,2216.5480870048154,-3826.513897145644,2893.763973839355,14128.573099206686,309.8243164629877
-962.702801730582,6802.155837545963,2032.7037337449028,7200.258490393035,-8667.885886067019,14667.362188229194,-21101.556813196275,-1272.43063853056,-3412.2226066098624,-8412.030240440574,-7063.830536154485,5953.329521367718,7603.5306360792265,7824.328632465626,7165.182652606288,-282.3940455558904,-6707.005433944272,10252.533218053932,15347.458734391943,-7060.0293749785415,-26146.661531004756,8661.216698204376,-4172.346940749955,-512.4465612314646,12399.671579602798,-1693.8880837117429,1292.992372742158,-18927.00017507997,-867.8564985347605,-115.44136039389424,19220.400692857304,-103.42286890363178,-458.3481953818135,2448.6959126294996,9499.044427220586,-19538.841242397106,6893.120480926924,-883.8481235559502,-3388.5537642488366,5849.144843366257,-4423.35550115044,-21596.797739242324,-473.52743969956276
-1441.3109947045753,10182.267192795209,3042.688628195993,10778.088693162954,-12975.7880818869,21956.57192208424,-31588.27891969998,-1904.853274660839,-5108.021963925885,-12592.730848897558,-10574.357233940655,8911.93779600174,11382.253489963576,11712.699457663253,10725.664326791764,-423.02886470205425,-10040.359990804984,15347.458734391943,22974.600696338093,-10568.744352087017,-39140.33487898001,12965.135004821774,-6245.654593622423,-766.8041429120087,18562.081894076124,-2535.575792793461,1935.6153871376953,-28332.953971527593,-1298.7642263376188,-172.3938113185597,28772.19726109558,-155.26780856791967,-686.4742948227529,3666.24970041532,14220.331267542482,-29248.857509687932,10318.731890798888,-1323.0908988059457,-5072.314199042971,8755.95327407381,-6621.57524500422,-32329.53692164002,-708.8816233742932
663.0968028292582,-4683.88400159488,-1399.6645663133281,-4958.0226935114715,5969.194397099009,-10100.456835808405,14531.179621700818,876.2941857997039,2349.8529613065343,5792.939184249502,4864.456692741917,-4099.6539791354335,-5236.074073138791,-5388.01077876373,-4933.867646975154,194.71298886234348,4618.830974434964,-7060.0293749785415,-10568.744352087017,4861.905388045604,18005.198974347146,-5964.036924311779,2873.0477842258515,352.6316393516139,-8539.069844811207,1166.3680236239775,-890.4442039651998,13033.667512758673,597.2992813058678,79.14984411150957,-13235.761471918146,71.61955066693594,315.98275339212995,-1686.7941468787533,-6541.829877912146,13455.000294376781,-4746.806610881737,608.623691224898,2333.2628900750256,-4027.925658311942,3046.094607306844,14872.182500810955,326.1020657585816
2455.3265149107274,-17347.102627553726,-5183.8691383713185,-18362.38287545642,22105.779828476927,-37405.940103156616,53814.89241457186,3245.1247691676194,8702.226468237104,21453.20143866721,18014.838125036847,-15182.6557580556,-19391.198157717976,-19954.15217327491,-18272.92818771576,720.4569495159583,17104.919052799094,-26146.661531004756,-39140.33487898001,18005.198974347146,66681.1341884156,-22088.190234989714,10640.498515127525,1306.6327452444207,-31622.954245162728,4319.788758314705,-3297.530057781824,48269.116059973174,2212.9236239846514,294.0336065135831,-49017.44435169744,264.1960089187466,1169.2645020434566,-6245.424019013069,-24225.745764875875,49829.52133714337,-17579.376378378038,2254.049662939873,8641.560489107198,-14916.98370746088,11280.889641032765,55077.85932507907,1207.658891197266
-813.0852750593413,5746.573164005321,1717.2502916404073,6082.909320274028,-7322.130735209463,12390.573537207547,-17826.031214995386,-1074.829184594958,-2882.4630077971024,-7106.076753389295,-5967.275247041972,5029.242837382223,6423.189305904722,6609.885839901867,6053.231494314736,-238.25272030018752,-5665.752097018283,8661.216698204376,12965.135004821774,-5964.036924311779,-22088.190234989714,7317.0760697259,-3524.8304883689193,-433.1234223371577,10474.60442769334,-1431.0614086901896,1092.2876091625342,-15989.083050279563,-733.497287280074,-97.929373479894707,16236.834186122078,-86.89479428558253,-386.91656339848583,2068.0511278017502,8024.019934870513,-16505.834022340445,5823.1685289348125,-746.6292401534685,-2862.7455364715292,4941.20249364734,-3736.5707177057993,-18244.467695879463,-399.96333652503847
391.6919687952189,-2768.262331683243,-827.2789366996998,-2930.334284011714,3527.2754267734213,-5968.873975659635,8587.275942861277,517.7804173422329,1388.5920682089625,3423.1767867799226,2874.614708770902,-2422.7107105091677,-3094.2364439975395,-3184.134731863019,-2916.0089983750063,114.78678664991764,2729.34127572061,-4172.346940749955,-6245.654593622423,2873.0477842258515,10640.498515127525,-3524.8304883689193,1698.013489621574,208.65542516589286,-5045.959849808711,689.3763684911884,-526.1764998553688,7702.383592066859,353.33445812515026,47.16233445632807,-7821.7565633652175,41.89232071212235,186.41307148139612,-996.2440672698174,-3865.388167457708,7951.341923554599,-2805.1745103459884,359.6667169468251,1379.0597793577801,-2380.322317084918,1800.067658397833,8788.867120065412,192.67798502845994
47.901782384505154,-340.1747394063284,-101.74096685977531,-360.20512503328,432.7655566639529,-732.775651322436,1054.280083319128,63.48888650970392,170.43340414764634,420.04567752521655,352.88216720928335,-297.4436217485221,-379.8401086577054,-390.982123108797,-358.34338501278677,13.780519695351275,334.8955791131655,-512.4465612314646,-766.8041429120087,352.6316393516139,1306.6327452444207,-433.1234223371577,208.65542516589286,25.903779196928067,-619.2824964022379,84.75510781050477,-64.57374902297914,945.7325381164706,43.76138227674131,6.222744830606049,-960.3329332692471,4.676052064629223,22.582865217140636,-121.6945771964004,-473.97143717795586,976.2486215616547,-344.4393168786018,44.13666060415723,169.52607461327938,-292.2568691552157,220.97367898065443,1079.1439444696707,23.610377909318302
-1164.8515138294624,8226.090747661701,2458.500889846732,8707.802951941756,-10484.147563412154,17739.595828775793,-25521.45371537585,-1539.206433573685,-4127.32317310406,-10174.402539468892,-8543.65242272509,7200.1552917214285,9196.415910276362,9462.797544416977,8665.321524674735,-342.3997065559504,-8112.158892796155,12399.671579602798,18562.081894076124,-8539.069844811207,-31622.954245162728,10474.60442769334,-5045.959849808711,-619.2824964022379,14998.014854749852,-2048.396700259349,1563.768544608797,-22891.33765672495,-1048.6540706887297,-138.51648077181355,23246.621084989652,-126.47206667509136,-555.1670371603301,2962.9974608634334,11490.028595430778,-23631.80155457566,8336.82862002088,-1069.0292979564613,-4097.832931427901,7074.356931922249,-5350.6612700699525,-26120.36510897842,-572.9105219574811
158.95489579466684,-1123.9284774460232,-335.845470504366,-1189.7143444041942,1431.8851507661316,-2423.201994766514,3486.2020206860875,210.16967456563754,563.6853721583061,1389.6669030155672,1166.9964022734268,-983.5795854191281,-1256.1435592267212,-1292.7249168081253,-1183.8856849840138,46.492626782349014,1108.0087874593,-1693.8880837117429,-2535.575792793461,1166.3680236239775,4319.788758314705,-1431.0614086901896,689.3763684911884,84.75510781050477,-2048.396700259349,279.9063007998455,-213.63457059811557,3126.9703957625316,143.55053153805446,19.281848512303768,-3175.374696521514,16.83783641161339,75.60635011007476,-404.29827672438216,-1569.094815427694,3227.961717803156,-1138.8501761436237,145.99963372870903,559.9066647839356,-966.3473571843814,730.6654892194434,3568.0631731336834,78.1912859134502
-121.40372653814822,857.8699257747529,256.28602458945767,908.0337866097452,-1093.1686818506207,1849.8557864644524,-2661.300481214478,-160.4598186131513,-430.31901176499105,-1060.927330500839,-890.8847016356515,750.862088127934,958.9234742299961,986.8390528346084,903.6145365119689,-35.58958769920608,-845.9228679077163,1292.992372742158,1935.6153871376953,-890.4442039651998,-3297.530057781824,1092.2876091625342,-526.1764998553688,-64.57374902297914,1563.768544608797,-213.63457059811557,163.11577633524968,-2387.0356015820107,-109.44527136899649,-14.574870439178781,2423.9812019633882,-13.002051492276633,-57.855521581675596,308.87611994453175,1198.0403461800095,-2464.1004891792677,869.3738328651007,-111.44590257201055,-427.3330747557352,737.6907068440145,-557.7246915706453,-2723.7551799975577,-59.68980224928138
1777.4342705757026,-12557.127675156522,-3752.430419611956,-13292.011963568184,16002.066335550035,-27077.477359895347,38955.595696391545,2349.112930496159,6299.391089330672,15529.65958579845,13040.618668789228,-10990.444133231978,-14036.940071228712,-14444.422688950292,-13227.298258526671,521.6389137901886,12382.007604770271,-18927.00017507997,-28332.953971527593,13033.667512758673,48269.116059973174,-15989.083050279563,7702.383592066859,945.7325381164706,-22891.33765672495,3126.9703957625316,-2387.0356015820107,34941.07396798645,1601.7497536650917,212.68490451806255,-35482.787727473085,191.41594881653563,846.5246226655472,-4521.182002150897,-17536.791143583774,36070.6284506231,-12725.369057038139,1631.6708805549708,6255.380310492831,-10798.118187347376,8166.015325026957,39869.78862711258,874.2152637232215
81.10366484544542,-576.1776602184049,-172.10495344353532,-609.8957838062942,732.9741013603743,-1241.1681208975263,1785.6461195094441,107.49831885303658,288.5741960953841,711.4885135698103,597.6463224339662,-503.86496779949704,-643.2719289183303,-662.3323791831067,-606.8432700897961,23.284906331780157,567.314602391292,-867.8564985347605,-1298.7642263376188,597.2992813058678,2212.9236239846514,-733.497287280074,353.33445812515026,43.76138227674131,-1048.6540706887297,143.55053153805446,-109.44527136899649,1601.7497536650917,74.13976735548843,10.574084959776231,-1626.3310540483362,7.803690595099642,38.284563249193035,-206.1912895946152,-802.8288803911709,1653.2298747584507,-583.402587308599,74.72416609104368,287.09501342440717,-494.97435280842956,373.90270641594776,1827.6883592904924,39.927507195167976
10.372109853316255,-77.05138246392013,-22.95225979484957,-81.60556916103982,96.69235530660609,-164.69871089322035,236.9531695280095,14.068728093495208,38.117041201455926,94.02613229111675,79.2134545265343,-66.95800120449842,-85.20253228979296,-88.13084273231382,-81.06487659368777,2.424316127937358,75.02513075019087,-115.44136039389424,-172.3938113185597,79.14984411150957,294.0336065135831,-97.929373479894707,47.16233445632807,6.222744830606049,-138.51648077181355,19.281848512303768,-14.574870439178781,212.68490451806255,10.574084959776231,2.275310791450772,-215.681748486968,0.017232511350926356,4.580094323187447,-26.282586983980764,-105.47318869962628,219.175668071561,-77.53840789602273,9.8283092435007,38.458424094331896,-65.71095623810089,49.176756503085386,242.70583300182204,5.136379681513705
-1805.1339631121643,12751.598678652861,3810.719196791146,13498.012734162001,-16250.344638076584,27497.250820386627,-39559.55217386286,-2385.6171767033557,-6397.187853690508,-15770.508794726476,-13242.862603442041,11160.754088118909,14254.663936396862,14668.203031244462,13432.254013816542,-529.9748893282743,-12573.998059976268,19220.400692857304,28772.19726109558,-13235.761471918146,-49017.44435169744,16236.834186122078,-7821.7565633652175,-960.3329332692471,23246.621084989652,-3175.374696521514,2423.9812019633882,-35482.787727473085,-1626.3310540483362,-215.681748486968,36033.08518530542,-194.79270300484427,-859.8099595542345,4591.5807837461425,17808.978794786144,-36630.093333307086,12922.610676101318,-1657.0068077007415,-6352.264909516276,10965.54593825244,-8293.007586349338,-40487.921878925175,-887.8568868474096
10.263641882615065,-68.04000204547734,-20.519637211891915,-72.09957611204547,88.47330650022685,-148.44535051791902,213.56390839304885,13.145027559308096,34.832776936823734,85.60745521580584,71.65587618630524,-60.09962148529853,-77.1944154889067,-78.81830270079679,-71.83911685322346,3.7468042306649987,68.19135441526008,-103.42286890363178,-155.26780856791967,71.61955066693594,264.1960089187466,-86.89479428558253,41.89232071212235,4.676052064629223,-126.47206667509136,16.83783641161339,-13.002051492276633,191.41594881653563,7.803690595099642,0.017232511350926356,-194.79270300484427,2.4361732131390728,5.333948469684053,-26.18603058729335,-97.50883969490647,198.11483968367006,-69.60804140256931,9.051217557295482,33.82501079223717,-59.192096379461624,45.49560130741452,218.40521000872482,5.017196459257019
43.31840413820262,-303.7880306201617,-90.83972097842609,-321.65982698897346,388.0797871310261,-656.1135371916921,943.8408687262986,57.03438368696394,152.8164063868665,376.4893830399077,316.09721567156237,-266.2493598266333,-340.2101439295548,-349.8038975589753,-320.0715931571108,13.068999115469207,300.23071842553003,-458.3481953818135,-686.4742948227529,315.98275339212995,1169.2645020434566,-386.91656339848583,186.41307148139612,22.582865217140636,-555.1670371603301,75.60635011007476,-57.855521581675596,846.5246226655472,38.284563249193035,4.580094323187447,-859.8099595542345,5.333948469684053,21.016593468258044,-110.35142029656944,-425.6386908856564,874.0259419606272,-308.27894110924086,39.52590972364776,151.27547103956056,-261.66369514123556,198.11254030589674,965.9510579154526,21.247713448630144
-230.54838659431428,1624.0221374318646,485.29260006728595,1718.9470470363392,-2071.485038481312,3503.8875663996128,-5040.870114229991,-304.23567927016916,-815.371737195356,-2010.1199309444855,-1687.6102673760138,1422.0836092284612,1816.58332999,1868.829638432647,1710.7689816042725,-68.4270949468844,-1602.6790124337228,2448.6959126294996,3666.24970041532,-1686.7941468787533,-6245.424019013069,2068.0511278017502,-996.2440672698174,-121.6945771964004,2962.9974608634334,-404.29827672438216,308.87611994453175,-4521.182002150897,-206.1912895946152,-26.282586983980764,4591.5807837461425,-26.18603058729335,-110.35142029656944,586.6827490822882,2270.8535002195545,-4667.691427530474,1646.5266074680367,-211.22443945412275,-808.8858860500943,1397.2505278044669,-1057.1179388134544,-5158.9156560574975,-113.31083388168955
-892.6629565287743,6301.58382788542,1883.0518942641215,6670.179650752913,-8032.3185001568445,13590.296262598358,-19551.928486863628,-1179.2937706787816,-3161.8735007981377,-7794.993550043595,-6545.2412318141205,5516.0460638717705,7045.37353521923,7249.4217898416655,6637.954980374257,-262.76385410409563,-6215.004617476584,9499.044427220586,14220.331267542482,-6541.829877912146,-24225.745764875875,8024.019934870513,-3865.388167457708,-473.97143717795586,11490.028595430778,-1569.094815427694,1198.0403461800095,-17536.791143583774,-802.8288803911709,-105.47318869962628,17808.978794786144,-97.50883969490647,-425.6386908856564,2270.8535002195545,8803.390220525487,-18104.08693477385,6386.742089798556,-819.0531628073188,-3139.0267286965545,5419.549123331497,-4098.963408635799,-20010.467983723862,-438.9741960804075
1835.0780481006022,-12962.832487898882,-3873.8746905502926,-13721.589483398862,16519.626871951772,-27952.781216701234,40214.95098132355,2425.1674416521396,6503.17822545849,16031.819602856596,13462.246159337354,-11345.62791515055,-14490.84716298287,-14911.180085353564,-13654.783759680357,538.8236837083846,12782.302388212505,-19538.841242397106,-29248.857509687932,13455.000294376781,49829.52133714337,-16505.834022340445,7951.341923554599,976.2486215616547,-23631.80155457566,3227.961717803156,-2464.1004891792677,36070.6284506231,1653.2298747584507,219.175668071561,-36630.093333307086,198.11483968367006,874.0259419606272,-4667.691427530474,-18104.08693477385,37237.038844989554,-13136.672752235194,1684.4944148311404,6457.500526310705,-11147.195435583319,8430.505725592462,41158.66648415468,902.6040446323129
-647.2957907380868,4573.28731828506,1366.5924838752485,4840.916116143371,-5827.815128700393,9861.491365195363,-14187.43560478628,-855.5098995404887,-2294.174906595364,-5655.80018599205,-4749.321658901774,4002.6896604114245,5112.15976550876,5260.629038787548,4817.335900581355,-189.91055970820034,-4509.461873190242,6893.120480926924,10318.731890798888,-4746.806610881737,-17579.376378378038,5823.1685289348125,-2805.1745103459884,-344.4393168786018,8336.82862002088,-1138.8501761436237,869.3738328651007,-12725.369057038139,-583.402587308599,-77.53840789602273,12922.610676101318,-69.60804140256931,-308.27894110924086,1646.5266074680367,6386.742089798556,-13136.672752235194,4634.53964054886,-594.2298212833321,-2278.1936130748927,3932.624870655041,-2973.919041479851,-14520.39387796403,-318.35845896665273
83.05186851885452,-586.352316402646,-175.22398230543263,-620.6225790041577,747.3421459583561,-1264.4575360083238,1819.1741975565285,109.72694843083713,294.1660279676993,725.269891610965,608.9621154434316,-513.2160432958085,-655.5223116722564,-674.5081451088794,-617.6524309286976,24.44124302964007,578.2280541010106,-883.8481235559502,-1323.0908988059457,608.623691224898,2254.049662939873,-746.6292401534685,359.6667169468251,44.13666060415723,-1069.0292979564613,145.99963372870903,-111.44590257201055,1631.6708805549708,74.72416609104368,9.8283092435007,-1657.0068077007415,9.051217557295482,39.52590972364776,-211.22443945412275,-819.0531628073188,1684.4944148311404,-594.2298212833321,76.23162127997414,292.09076261294535,-504.2336231952483,381.40820568171836,1861.8200670360811,40.85922611162598
318.0352593848027,-2248.3197859508873,-671.8539663977127,-2379.9071732800035,2864.523208195807,-4847.523155120598,6974.021143687427,420.4713969148163,1127.6676851034701,2780.0234962265754,2334.5372783526473,-1967.5878635704735,-2512.897414239558,-2586.003345341523,-2368.285182327077,93.1011374155346,2216.5480870048154,-3388.5537642488366,-5072.314199042971,2333.2628900750256,8641.560489107198,-2862.7455364715292,1379.0597793577801,169.52607461327938,-4097.832931427901,559.9066647839356,-427.3330747557352,6255.380310492831,287.09501342440717,38.458424094331896,-6352.264909516276,33.82501079223717,151.27547103956056,-808.8858860500943,-3139.0267286965545,6457.500526310705,-2278.1936130748927,292.09076261294535,1120.0503999881885,-1933.1315237102665,1461.779813930865,7137.746449214983,156.4520199200455
-549.3025725872833,3880.592635761534,1159.6673391456225,4107.762531086602,-4945.244819141606,8367.967299353444,-12038.7407890863,-725.9669904716831,-1946.7841588069543,-4799.238372323651,-4030.0698301211132,3396.456214632766,4337.954733749875,4463.8480099037215,4087.717056412846,-161.21926270657016,-3826.513897145644,5849.144843366257,8755.95327407381,-4027.925658311942,-14916.98370746088,4941.20249364734,-2380.322317084918,-292.2568691552157,7074.356931922249,-966.3473571843814,737.6907068440145,-10798.118187347376,-494.97435280842956,-65.71095623810089,10965.54593825244,-59.192096379461624,-261.66369514123556,1397.2505278044669,5419.549123331497,-11147.195435583319,3932.624870655041,-504.2336231952483,-1933.1315237102665,3337.044995866143,-2523.648163336137,-12321.290071624535,-270.1629900745577
415.6565374731007,-2934.320308397513,-877.273621817891,-3106.419588387626,3740.126305197602,-6328.13938729887,9104.210541459579,549.1664583856286,1472.5012670925812,3629.5041264433125,3047.827643169056,-2568.366855273331,-3280.742011158145,-3375.4270839662013,-3091.162979152832,122.36270198371759,2893.763973839355,-4423.35550115044,-6621.57524500422,3046.094607306844,11280.889641032765,-3736.5707177057993,1800.067658397833,220.97367898065443,-5350.6612700699525,730.6654892194434,-557.7246915706453,8166.015325026957,373.90270641594776,49.176756503085386,-8293.007586349338,45.49560130741452,198.11254030589674,-1057.1179388134544,-4098.963408635799,8430.505725592462,-2973.919041479851,381.40820568171836,1461.779813930865,-2523.648163336137,1909.3089218848258,9317.91273655168,204.48746001221363
2028.1477584174727,-14328.401580760148,-4281.768644728948,-15167.002275905143,18259.252959037432,-30896.958189491063,44450.57683896223,2680.4666158720993,7187.978500004611,17720.214886730813,14880.112979324067,-12540.72866194472,-16016.960972977384,-16481.91098299353,-15093.114101149691,595.2046316332136,14128.573099206686,-21596.797739242324,-32329.53692164002,14872.182500810955,55077.85932507907,-18244.467695879463,8788.867120065412,1079.1439444696707,-26120.36510897842,3568.0631731336834,-2723.7551799975577,39869.78862711258,1827.6883592904924,242.70583300182204,-40487.921878925175,218.40521000872482,965.9510579154526,-5158.9156560574975,-20010.467983723862,41158.66648415468,-14520.39387796403,1861.8200670360811,7137.746449214983,-12321.290071624535,9317.91273655168,45493.75616739803,997.5254101795613
44.55794504723835,-314.0683792400974,-93.90977633115118,-332.46486081618576,400.4958028447668,-677.4669827416831,974.6836758628573,58.82439930304904,157.65601948463618,388.6300689190599,326.2954260170694,-274.9440511536035,-351.2547622011396,-361.3314418630754,-330.86886114700764,13.200196499234627,309.8243164629877,-473.52743969956276,-708.8816233742932,326.1020657585816,1207.658891197266,-399.96333652503847,192.67798502845994,23.610377909318302,-572.9105219574811,78.1912859134502,-59.68980224928138,874.2152637232215,39.927507195167976,5.136379681513705,-887.8568868474096,5.017196459257019,21.247713448630144,-113.31083388168955,-438.9741960804075,902.6040446323129,-318.35845896665273,40.85922611162598,156.4520199200455,-270.1629900745577,204.48746001221363,997.5254101795613,21.925715727990955
