V1,V2,V3,V4,V5,V6,V7,V8,V9,V10,V11,V12,V13,V14,V15,V16,V17,V18,V19,V20,V21,V22,V23,V24,V25,V26,V27,V28,V29,V30,V31,V32,V33,V34,V35,V36,V37,V38,V39,V40,V41,V42,V43,V44
0.26435514575143965,0.34408345401465157,-0.1583026592164945,-0.028619808692252162,-0.8458214695397976,-0.6365582910189006,0.17199276748872022,-0.4753172258315523,-1.01344630774729,0.660636108677176,1.4489425818922443,0.4280701112225556,-0.6398601365629434,-0.12945254291127864,-0.1639474852727315,1.3798618130344402,-0.5225085457356187,0.2702560565636375,-0.055986830384238864,0.9802057901301859,-0.19743729425096168,-0.40836346416743013,-0.11662031245698404,-0.31713447728362,0.8924908513053231,1.7639170977041556,1.36681554671588,0.20827720288386206,0.0850831207541803,-1.0761366887165984,-0.004297902641811557,0.08985296510719533,-0.3750170642535038,-1.6730334771609159,1.0376776518483501,-0.2901563676121495,0.5259159563282264,0.3700907999637285,-1.582470069152999,-0.8963186111118159,0.5617598342730583,0.5629881676428307,0.38644261014375314,0.21220598104421243
0.34408345401465157,0.6977996980987182,-0.27071754243700424,-0.38576713377665417,-1.289806865724587,-0.6001695980445471,0.19788661390966372,-1.2066347321090676,-0.6333413975173363,0.7652137959983274,2.0875903679451704,0.440758176310823,-0.8733333028970373,0.1843044074856334,-0.4574395406368912,1.9321787324750628,-1.0617729061244812,0.6840545038740706,-0.15208201093638846,1.30796122631758,-0.5224262088348652,-0.15441493747400234,-0.28613121943935166,-0.40418483593895016,0.9697896863049752,2.534861770690344,1.8122739408790516,0.2386944141976594,0.2893151971451098,-1.5015528814760781,0.1626434622813449,0.4059863342719138,-0.4321912154576706,-2.4662352275350505,1.1217938727363383,-0.33369099018135,0.6940809372793131,0.8001640585694572,-2.372485797530642,-1.5212728911671014,0.2737305176525708,0.8085858300807676,0.6428057785270103,-0.14020552911523718
-0.1583026592164945,-0.27071754243700424,0.14360474388770536,0.03736021830197424,0.5243415471782609,0.3657429595062372,-0.07553804266108351,0.24467570007163209,0.6665880987161548,-0.45303569681596423,-0.9495902201868293,-0.3120426777113631,0.4020793244822336,0.07846471472973435,0.07768413385505608,-0.8532889542517992,0.38130235102125454,-0.17391854793051134,0.025353795565895818,-0.6619950085681849,0.09673727428347263,0.3025114309562229,0.05263192269149596,0.14862832593736205,-0.6241612806421344,-1.169038569061839,-0.9044284998326799,-0.1737129880903478,-0.05729883847692133,0.7239902791872258,0.028222655837319456,-0.07543582878866886,0.28178866341990605,1.1552202236330134,-0.7231048106320783,0.10131043813980317,-0.3267705092271774,-0.1822502268256784,1.0050843019071558,0.5826433006417717,-0.4315067014028477,-0.3596673514334096,-0.2772688212255032,-0.10391402640058313
-0.028619808692252162,-0.38576713377665417,0.03736021830197424,0.730294796726179,0.48407269382942386,-0.352507275550611,0.04939932070710765,1.316545904712102,-1.4470401187492592,0.3095645216734767,-0.3488938697638745,0.3349304198138544,0.09305725173857825,-0.7139606026904802,0.5552227209781074,-0.32942247095668326,0.6040711084068532,-0.6996902778599837,0.22349157561092456,0.01891672419941796,0.6578158264765833,-0.903137871811683,0.30693530089868515,0.07836005936524565,0.5395815598411022,-0.4071259724572341,0.020826721290045078,0.17250360212003876,-0.3410396398293309,0.13006592620534957,-0.4579070445959363,-0.5287012967910754,-0.21631893542486036,0.4069270927312594,0.6221878987122125,0.08269223732802526,0.005807103347642768,-0.7686097575361819,0.6997009870103791,0.683615705769223,1.1640654750234716,-0.15114213842857124,-0.21483345694498612,0.7672579728319548
-0.8458214695397976,-1.289806865724587,0.5243415471782609,0.48407269382942386,2.9827477086208964,1.8903353700623446,-0.5396928296669251,2.2778088618510184,2.4769431920414724,-1.9711262919512325,-4.814649853045718,-1.1686252166497408,2.0961057959973264,0.06804680197555685,0.8568084359720656,-4.629173036369446,2.0093058050136094,-1.2130185458982745,0.25843282434260567,-3.1426463203931028,1.0001177218211037,0.8342452414939953,0.5723899766759794,1.1231092327947547,-2.5413556978906544,-5.844069120371521,-4.3563726494160235,-0.5496827469453859,-0.4636073097236805,3.4904906066335477,-0.22387853669274754,-0.5693930940816013,1.0636818205586807,5.564290467441638,-2.962635254235322,1.046024303217092,-1.7084667938526639,-1.6295290847575863,5.430295088693549,3.2512686732316394,-1.1392443195080673,-1.925860260563678,-1.3580593600472313,-0.2970280128703884
-0.6365582910189006,-0.6001695980445471,0.3657429595062372,-0.352507275550611,1.8903353700623446,1.9378804809571513,-0.426015984053377,0.34824868333266146,3.54980882673419,-1.8296382410176903,-3.4024981476056486,-1.258450711354251,1.5145887865888379,0.8536622318747172,0.0860999930218136,-3.26399941592058,0.8594619534714303,-0.2071453112408998,-0.00821248808977004,-2.4835975534957955,0.11439998603478534,1.6179511300605636,0.10302282643897011,0.8052482714153414,-2.56753445800718,-4.145739160773046,-3.439828181594317,-0.6116095219191814,0.024017016646360984,2.5897800258574595,0.28421546965663114,0.14002237559559746,1.0559423111174935,3.913336114596604,-2.9736359472652296,0.7630665819485849,-1.31573211643803,-0.4478531955518171,3.5599651502790883,1.7871383570141985,-2.0906497589660624,-1.3613622471262967,-0.8220095896178352,-1.0722829920249202
0.17199276748872022,0.19788661390966372,-0.07553804266108351,0.04939932070710765,-0.5396928296669251,-0.426015984053377,0.29551151913991275,-0.583166114645805,-0.5413975238913731,0.5093839465985918,1.0015276999386002,0.2240448987359123,-0.4800017640166267,-0.05889607497372627,-0.22363583808445192,1.0731672863906423,-0.503021623542521,0.1810340515594876,0.042833171530099703,0.6523987640570252,-0.15380777229953826,-0.23784221063470362,-0.19391233204997965,-0.382206142362506,0.5160009915687326,1.1653321841564859,0.9214077851315469,0.07698068237246716,0.1280298265654931,-0.6892071033443409,-0.039221833966364465,0.12126578387844988,-0.19171690351839907,-1.0789418628919738,0.609218371469702,-0.3731479931041783,0.4772638015081367,0.4110693847889144,-1.0551894608158539,-0.718184212998415,0.3032359284583955,0.4391471576609218,0.2759314284862116,0.13460318865747262
-0.4753172258315523,-1.2066347321090676,0.24467570007163209,1.316545904712102,2.2778088618510184,0.34824868333266146,-0.583166114645805,4.008653020412395,-1.5135746609552323,-0.6455686821127016,-3.1120455199563395,0.10253936323415355,1.3814041649511326,-1.2532579468333833,1.6213111822398807,-3.283310909927454,2.3683848183137317,-1.8060319966101663,0.33573796140813333,-1.5722237289990275,1.6882108762181636,-1.212729261430788,1.0817456904273257,1.0815233789573513,-0.18604656611111695,-3.6542839522384494,-2.1910955741192604,0.17144883128556515,-0.9709325901412001,1.9391911957403063,-0.8335834614363963,-1.3005701999672974,0.03466874494375276,3.452039107713333,-0.27050697933142887,1.0683353327378895,-1.1436318720371101,-2.519511785258393,3.9488976769308377,3.0910993962671456,1.5713116564820855,-1.375039832615454,-1.090342935159548,1.1398231604721474
-1.01344630774729,-0.6333413975173363,0.6665880987161548,-1.4470401187492592,2.4769431920414724,3.54980882673419,-0.5413975238913731,-1.5135746609552323,7.920870596549593,-3.435280637436158,-5.220368536408925,-2.67638467585285,2.3438959935040398,2.329611574923655,-0.7607013787368793,-4.785714472978164,0.5962262713206228,0.5480598970717684,-0.228223440595383,-4.213032931560318,-0.7582864257470583,3.9590279821313867,-0.39405310675549077,0.929564443789673,-5.1609115627005835,-6.467561011788055,-5.797707280341655,-1.3924850598432592,0.5446694322613177,4.250099891883985,1.079773494358178,0.9366842079339176,2.1882048315782145,6.180457241576343,-5.9615805425085755,0.783691873668557,-2.047473584166911,0.5236057228545187,4.991925108020483,1.9896970911667688,-5.21959242829939,-1.9757134887567918,-1.1227338103564324,-2.70095311937463
0.660636108677176,0.7652137959983274,-0.45303569681596423,0.3095645216734767,-1.9711262919512325,-1.8296382410176903,0.5093839465985918,-0.6455686821127016,-3.435280637436158,2.0421591047141137,3.7349708291796757,1.351855381471785,-1.693376263390517,-0.7172353094455356,-0.1684316314211711,3.576226634729475,-1.2350859357460506,0.33651875351804,0.051463163135926776,2.7115922246533937,-0.157769264411247,-1.614494164854912,-0.19586605945733332,-0.8317516368978087,2.702230745655948,4.56661324789529,3.711133857392532,0.6645118499130693,0.09064713235343101,-2.847029520911799,-0.30599227669695356,0.009300538314541192,-1.1473223402036805,-4.399736095859006,3.155133146947043,-0.7129754631727137,1.4705532627390359,0.5989927508514453,-3.8418769426835344,-2.1282285462383452,2.1744159933668428,1.4839537334676347,0.9826915669623834,0.9428586407067691
1.4489425818922443,2.0875903679451704,-0.9495902201868293,-0.3488938697638745,-4.814649853045718,-3.4024981476056486,1.0015276999386002,-3.1120455199563395,-5.220368536408925,3.7349708291796757,8.24742192703267,2.3252278733973077,-3.629160661846106,-0.525658116585795,-1.107645450143882,7.873255411767098,-3.280205580837053,1.6805347243420858,-0.2709416472402302,5.557563915307894,-1.2513054889469402,-2.0940334388411443,-0.7959988226332145,-1.8419750777178947,4.873347632851348,10.029181540464055,7.687853928745332,1.135422621368775,0.6248345965188844,-6.083234242379316,0.0272213131153903,0.7133989945666783,-2.064828843990248,-9.601448243184313,5.6764285666288545,-1.6453672210284342,3.020886776068917,2.306146716334658,-9.006264479905647,-5.305313528670359,2.8869118845342085,3.259055736727168,2.2888664868355115,0.934686587289472
0.4280701112225556,0.440758176310823,-0.3120426777113631,0.3349304198138544,-1.1686252166497408,-1.258450711354251,0.2240448987359123,0.10253936323415355,-2.67638467585285,1.351855381471785,2.3252278733973077,1.0110110420936815,-1.0353765642705481,-0.6483212908225333,0.1128717170233561,2.123296943189204,-0.5613254035308191,0.05365506162852353,0.02535075568269284,1.7622558560859605,0.0863783744448003,-1.2985391986674104,0.038608050901960095,-0.3850374893544927,1.9565139137121013,2.8811655842293225,2.417693214146192,0.5316455168278597,-0.07330168273844467,-1.8463129211004554,-0.29393655810051933,-0.1562142771704147,-0.8496886045189008,-2.78919667924218,2.271014651049535,-0.29585680109347584,0.8659969160256512,0.07411643140972034,-2.325002264834286,-1.131638714890687,1.768961763951221,0.8708588819955849,0.5753689457489148,0.7874736165773604
-0.6398601365629434,-0.8733333028970373,0.4020793244822336,0.09305725173857825,2.0961057959973264,1.5145887865888379,-0.4800017640166267,1.3814041649511326,2.3438959935040398,-1.693376263390517,-3.629160661846106,-1.0353765642705481,1.634225829614517,0.2575917037860173,0.48163502760354215,-3.518124880748201,1.4409841141268978,-0.7034762295843724,0.08897894429506001,-2.4630353769199242,0.5336362232887611,0.9501293945331267,0.3697824609833349,0.8508988409765709,-2.152345209300366,-4.418671635717702,-3.3935110452874517,-0.48291157006514407,-0.27277597507147855,2.680102068654752,0.005280473072860759,-0.28689059978169434,0.9064958959905101,4.22355940824548,-2.524944033220593,0.7650773634066181,-1.3660509393093876,-1.028251797884614,3.9449416532286254,2.3429761963413553,-1.309897587454524,-1.447282947418467,-1.0031969997043086,-0.47273241830602014
-0.12945254291127864,0.1843044074856334,0.07846471472973435,-0.7139606026904802,0.06804680197555685,0.8536622318747172,-0.05889607497372627,-1.2532579468333833,2.329611574923655,-0.7172353094455356,-0.525658116585795,-0.6483212908225333,0.2575917037860173,0.917602712866322,-0.5308867331037159,-0.45575521700907207,-0.4169369481812484,0.6044097199840047,-0.18220049263639485,-0.6591877167006088,-0.5807724507047108,1.276951354197471,-0.30751979189897455,0.07439662380412879,-1.1874555447450548,-0.6761313456884214,-0.8922892061174773,-0.341490857619581,0.3566021995915815,0.5426985075003155,0.4812054033501644,0.553343466693891,0.4919714116616426,0.636073204951931,-1.3623745100119475,0.06170526767592621,-0.28189043350178744,0.6728483126586834,0.2659946587812838,-0.23697732106492914,-1.6264208144245693,-0.19802740601812938,-0.004715048830665832,-0.9931000842957013
-0.1639474852727315,-0.4574395406368912,0.07768413385505608,0.5552227209781074,0.8568084359720656,0.0860999930218136,-0.22363583808445192,1.6213111822398807,-0.7607013787368793,-0.1684316314211711,-1.107645450143882,0.1128717170233561,0.48163502760354215,-0.5308867331037159,0.6688629289732229,-1.1901428548577093,0.9111775068110292,-0.7198096356042011,0.1352601448023847,-0.5205589695771726,0.6890746684940949,-0.5628472046639647,0.4391865940536041,0.42671143333947403,0.04940331481122577,-1.2830901882096595,-0.7325721651055923,0.10467378790434433,-0.39344023679525375,0.6580095297854528,-0.35230731337601767,-0.5323911376834692,-0.044242938293657864,1.2030790703472725,0.040740865256369566,0.4334197923290721,-0.4080963731482537,-1.012298934793426,1.4508391077698324,1.1686105767707151,0.7513786935001581,-0.5068593210387043,-0.40052846004843673,0.50224311483811
1.3798618130344402,1.9321787324750628,-0.8532889542517992,-0.32942247095668326,-4.629173036369446,-3.26399941592058,1.0731672863906423,-3.283310909927454,-4.785714472978164,3.576226634729475,7.873255411767098,2.123296943189204,-3.518124880748201,-0.45575521700907207,-1.1901428548577093,7.668401350659392,-3.2138324215223024,1.6312789355999098,-0.2133661591104073,5.283729352527374,-1.289741476793394,-1.877764374968117,-0.8841890601665883,-1.9300379753232646,4.4986969010515665,9.54810930224378,7.295503066065753,0.9806664003970684,0.6584362250200938,-5.756423483799043,0.06641506220623054,0.7217596725210146,-1.8772307195384252,-9.102531870862338,5.266748051488617,-1.7725005967950145,2.9690666935820356,2.4065392657774125,-8.630988465790526,-5.1761848614618,2.550277362930223,3.1756524034826867,2.187225158730703,0.8930558212848014
-0.5225085457356187,-1.0617729061244812,0.38130235102125454,0.6040711084068532,2.0093058050136094,0.8594619534714303,-0.503021623542521,2.3683848183137317,0.5962262713206228,-1.2350859357460506,-3.280205580837053,-0.5613254035308191,1.4409841141268978,-0.4169369481812484,0.9111775068110292,-3.2138324215223024,1.894055865814273,-1.1376814576790266,0.15527834651426128,-2.0135634619521534,0.9273851793628535,0.06135126390135163,0.6330849899720111,0.840360791504322,-1.3023244008851735,-3.9375571179212234,-2.7759778589864226,-0.25156541520278924,-0.5773153395943195,2.289137239838943,-0.2800171112849162,-0.7545170419654678,0.5592469944503865,3.8134989542861155,-1.538563822434347,0.736752072475309,-1.2199583044619764,-1.5397223919831153,3.7243695616013004,2.5817762593979245,-0.16541126779034604,-1.3434790066779447,-1.0423621777227317,0.3045921641847445
0.2702560565636375,0.6840545038740706,-0.17391854793051134,-0.6996902778599837,-1.2130185458982745,-0.2071453112408998,0.1810340515594876,-1.8060319966101663,0.5480598970717684,0.33651875351804,1.6805347243420858,0.05365506162852353,-0.7034762295843724,0.6044097199840047,-0.7198096356042011,1.6312789355999098,-1.1376814576790266,0.934697228621875,-0.24102624324162206,0.8768429923660662,-0.8152366799490087,0.517702291133741,-0.4434444622114584,-0.40758364633950195,0.27168186557693474,2.011127187432262,1.2356320272794468,0.0076286349458002,0.44036932230004766,-1.1084510423246887,0.4212224089427674,0.6255356486658206,-0.1189555640528946,-1.9224032631570438,0.32476983340140797,-0.38112275955392916,0.5220351557629106,1.1383834337156111,-2.1157395362709903,-1.532823601283333,-0.6218601982768426,0.6723226481038299,0.5723331323099436,-0.5689485612926433
-0.055986830384238864,-0.15208201093638846,0.025353795565895818,0.22349157561092456,0.25843282434260567,-0.00821248808977004,0.042833171530099703,0.33573796140813333,-0.228223440595383,0.051463163135926776,-0.2709416472402302,0.02535075568269284,0.08897894429506001,-0.18220049263639485,0.1352601448023847,-0.2133661591104073,0.15527834651426128,-0.24102624324162206,0.12109764842989988,-0.0987140240156454,0.2065328110897965,-0.20518070457658083,0.052678917057529535,0.0012302120686778439,0.015720384298535117,-0.3364618173345266,-0.16230018533299245,0.003967853671547132,-0.07547302010996733,0.18080010286566522,-0.15189295709985765,-0.13248191199230697,3.685291043515216e-4,0.30596896175798216,0.024794463761498808,0.008113214802937897,-0.014686054145797744,-0.21285295937961768,0.41252525440821947,0.2519985115152637,0.2410730993639774,-0.07544591565745622,-0.08764559895949824,0.18338168623201856
0.9802057901301859,1.30796122631758,-0.6619950085681849,0.01891672419941796,-3.1426463203931028,-2.4835975534957955,0.6523987640570252,-1.5722237289990275,-4.213032931560318,2.7115922246533937,5.557563915307894,1.7622558560859605,-2.4630353769199242,-0.6591877167006088,-0.5205589695771726,5.283729352527374,-2.0135634619521534,0.8768429923660662,-0.0987140240156454,3.874253170255784,-0.6003386434770377,-1.8230935748989077,-0.4092233949502838,-1.2028039241997015,3.6066528739110995,6.788367180381715,5.3250814488998435,0.8699344098942692,0.2851918921466621,-4.167149709187079,-0.1585295092393681,0.27299852478464204,-1.5339291977921852,-6.523782093345334,4.201870255815875,-1.053603761908052,2.0656034353658286,1.2484505347755812,-5.943706326573641,-3.3830252150600253,2.4774529955383233,2.1956846143586435,1.5070507810647849,0.9505277190789726
-0.19743729425096168,-0.5224262088348652,0.09673727428347263,0.6578158264765833,1.0001177218211037,0.11439998603478534,-0.15380777229953826,1.6882108762181636,-0.7582864257470583,-0.157769264411247,-1.2513054889469402,0.0863783744448003,0.5336362232887611,-0.5807724507047108,0.6890746684940949,-1.289741476793394,0.9273851793628535,-0.8152366799490087,0.2065328110897965,-0.6003386434770377,0.7748662623944077,-0.6180338509066327,0.43181097582869504,0.39369552191875,0.002353250867331095,-1.4848307631059119,-0.8404188663085264,0.0879403524261333,-0.3994836408955658,0.7772828513644698,-0.42917277890877636,-0.5549990176843996,-0.01527065374570821,1.395490688294624,-0.016541603335790717,0.4015360958271585,-0.39604855035484016,-1.0624879326011214,1.6705763065000372,1.2610661627550412,0.8063370573337217,-0.5410182588638504,-0.44052716535664704,0.5422514112463963
-0.40836346416743013,-0.15441493747400234,0.3025114309562229,-0.903137871811683,0.8342452414939953,1.6179511300605636,-0.23784221063470362,-1.212729261430788,3.9590279821313867,-1.614494164854912,-2.0940334388411443,-1.2985391986674104,0.9501293945331267,1.276951354197471,-0.5628472046639647,-1.877764374968117,0.06135126390135163,0.517702291133741,-0.20518070457658083,-1.8230935748989077,-0.6180338509066327,2.0878615349871246,-0.30314282773198276,0.3311488932692096,-2.451536306721089,-2.605698381366999,-2.4953250452343223,-0.6924239155144635,0.3614428497502459,1.774291304559636,0.6756225479751536,0.5910704411018424,1.0469272296722214,2.52099258609337,-2.8263140153482684,0.24187546793799247,-0.8740482224048614,0.5732679692313593,1.8218269522806392,0.5789054356150232,-2.751107270604206,-0.7809818683692685,-0.415607753833514,-1.4290170795610202
-0.11662031245698404,-0.28613121943935166,0.05263192269149596,0.30693530089868515,0.5723899766759794,0.10302282643897011,-0.19391233204997965,1.0817456904273257,-0.39405310675549077,-0.19586605945733332,-0.7959988226332145,0.038608050901960095,0.3697824609833349,-0.30751979189897455,0.4391865940536041,-0.8841890601665883,0.6330849899720111,-0.4434444622114584,0.052678917057529535,-0.4092233949502838,0.43181097582869504,-0.30314282773198276,0.3094528096295597,0.3314154916696794,-0.03061828616322222,-0.9240467894782429,-0.5608717225621875,0.06415866196529808,-0.2614741105604892,0.4830454705633036,-0.19797346742550756,-0.3349364909108319,-0.007167212931148702,0.8702124567088916,-0.05578704376908441,0.33103309421342797,-0.33030859403468643,-0.6810954587808853,0.9961634528668191,0.8138523050832236,0.4093762655480921,-0.3757565097905609,-0.2813224898383958,0.2693617868634268
-0.31713447728362,-0.40418483593895016,0.14862832593736205,0.07836005936524565,1.1231092327947547,0.8052482714153414,-0.382206142362506,1.0815233789573513,0.929564443789673,-0.8317516368978087,-1.8419750777178947,-0.3850374893544927,0.8508988409765709,0.07439662380412879,0.42671143333947403,-1.9300379753232646,0.840360791504322,-0.40758364633950195,0.0012302120686778439,-1.2028039241997015,0.39369552191875,0.3311488932692096,0.3314154916696794,0.6412067899390085,-0.8986685595902166,-2.183937416341823,-1.664689174349184,-0.13049027678460587,-0.2182928158184489,1.2782766888273798,-0.04153691213569322,-0.2216651379277923,0.336809489385304,2.0388586789667804,-1.0622960831428288,0.6395068130672658,-0.7838704493505487,-0.7671207194383981,2.05002106089552,1.3132270743837942,-0.3851769775511568,-0.8139004915523741,-0.5118925865494302,-0.19699481065609956
0.8924908513053231,0.9697896863049752,-0.6241612806421344,0.5395815598411022,-2.5413556978906544,-2.56753445800718,0.5160009915687326,-0.18604656611111695,-5.1609115627005835,2.702230745655948,4.873347632851348,1.9565139137121013,-2.152345209300366,-1.1874555447450548,0.04940331481122577,4.4986969010515665,-1.3023244008851735,0.27168186557693474,0.015720384298535117,3.6066528739110995,0.002353250867331095,-2.451536306721089,-0.03061828616322222,-0.8986685595902166,3.863648358149487,5.99387166885147,4.970647609287095,1.019316426391229,-0.05589224854453849,-3.7978959487894204,-0.5027675458640305,-0.18876842285066112,-1.6576380857646567,-5.769841357553748,4.471809471091988,-0.7426452782599104,1.8209148823564907,0.40029089324984907,-4.965360833853946,-2.5053351494334546,3.312929360494622,1.856773240250559,1.2214656602888536,1.4574012104858431
1.7639170977041556,2.534861770690344,-1.169038569061839,-0.4071259724572341,-5.844069120371521,-4.145739160773046,1.1653321841564859,-3.6542839522384494,-6.467561011788055,4.56661324789529,10.029181540464055,2.8811655842293225,-4.418671635717702,-0.6761313456884214,-1.2830901882096595,9.54810930224378,-3.9375571179212234,2.011127187432262,-0.3364618173345266,6.788367180381715,-1.4848307631059119,-2.605698381366999,-0.9240467894782429,-2.183937416341823,5.99387166885147,12.227551688705626,9.37276001702616,1.412048668605592,0.7257770545558654,-7.430744584357658,0.022706925089730927,0.8233469983018606,-2.5537418882859724,-11.723673740133064,6.990628324696862,-1.9330411359015849,3.6487008530641174,2.723966326828339,-10.942988977099548,-6.410964358631122,3.6086808382097937,3.947676204661378,2.7820253001683,1.1834065213240483
1.36681554671588,1.8122739408790516,-0.9044284998326799,0.020826721290045078,-4.3563726494160235,-3.439828181594317,0.9214077851315469,-2.1910955741192604,-5.797707280341655,3.711133857392532,7.687853928745332,2.417693214146192,-3.3935110452874517,-0.8922892061174773,-0.7325721651055923,7.295503066065753,-2.7759778589864226,1.2356320272794468,-0.16230018533299245,5.3250814488998435,-0.8404188663085264,-2.4953250452343223,-0.5608717225621875,-1.664689174349184,4.970647609287095,9.37276001702616,7.357332199366882,1.2006275552144174,0.39599312069465464,-5.753447444084942,-0.20886052558719786,0.389107023327752,-2.1091329699930808,-8.979106195600805,5.779861652476921,-1.4699279186882308,2.8488126459385845,1.740995186797987,-8.237457404452254,-4.671910879794188,3.3974475567320006,3.0194109317010507,2.0726032564862953,1.2930385831340083
0.20827720288386206,0.2386944141976594,-0.1737129880903478,0.17250360212003876,-0.5496827469453859,-0.6116095219191814,0.07698068237246716,0.17144883128556515,-1.3924850598432592,0.6645118499130693,1.135422621368775,0.5316455168278597,-0.48291157006514407,-0.341490857619581,0.10467378790434433,0.9806664003970684,-0.25156541520278924,0.0076286349458002,0.003967853671547132,0.8699344098942692,0.0879403524261333,-0.6924239155144635,0.06415866196529808,-0.13049027678460587,1.019316426391229,1.412048668605592,1.2006275552144174,0.3017237410983288,-0.05827726822819081,-0.9186320061590216,-0.1705855682721352,-0.09032148994730647,-0.45292804488789945,-1.3816301009230012,1.1712654064006116,-0.07509877826799753,0.39802244482956634,-0.044117767878819464,-1.113729274672741,-0.5102943432079088,0.9559594843090718,0.40350173269709816,0.28023067188580936,0.3870410459395827
0.0850831207541803,0.2893151971451098,-0.05729883847692133,-0.3410396398293309,-0.4636073097236805,0.024017016646360984,0.1280298265654931,-0.9709325901412001,0.5446694322613177,0.09064713235343101,0.6248345965188844,-0.07330168273844467,-0.27277597507147855,0.3566021995915815,-0.39344023679525375,0.6584362250200938,-0.5773153395943195,0.44036932230004766,-0.07547302010996733,0.2851918921466621,-0.3994836408955658,0.3614428497502459,-0.2614741105604892,-0.2182928158184489,-0.05589224854453849,0.7257770545558654,0.39599312069465464,-0.05827726822819081,0.2489589718696319,-0.3715511974559156,0.20486219894465163,0.3419704467124456,0.02818295832091016,-0.6998841187550451,-0.05411444067232072,-0.20588012792367555,0.22778584103249067,0.5929341862561411,-0.8075228360758013,-0.6935785709338321,-0.4590826820164614,0.27819516405691996,0.24363076714961526,-0.3489242687882872
-1.0761366887165984,-1.5015528814760781,0.7239902791872258,0.13006592620534957,3.4904906066335477,2.5897800258574595,-0.6892071033443409,1.9391911957403063,4.250099891883985,-2.847029520911799,-6.083234242379316,-1.8463129211004554,2.680102068654752,0.5426985075003155,0.6580095297854528,-5.756423483799043,2.289137239838943,-1.1084510423246887,0.18080010286566522,-4.167149709187079,0.7772828513644698,1.774291304559636,0.4830454705633036,1.2782766888273798,-3.7978959487894204,-7.430744584357658,-5.753447444084942,-0.9186320061590216,-0.3715511974559156,4.544964411232112,0.06933956927210168,-0.40426668968489154,1.6256479020636214,7.132328255643465,-4.425177740996952,1.1156353185141947,-2.212233642967722,-1.4880845021171265,6.57791793771462,3.785642322309658,-2.455352057521766,-2.3751626191515034,-1.6684083337033728,-0.8547132229173721
-0.004297902641811557,0.1626434622813449,0.028222655837319456,-0.4579070445959363,-0.22387853669274754,0.28421546965663114,-0.039221833966364465,-0.8335834614363963,1.079773494358178,-0.30599227669695356,0.0272213131153903,-0.29393655810051933,0.005280473072860759,0.4812054033501644,-0.35230731337601767,0.06641506220623054,-0.2800171112849162,0.4212224089427674,-0.15189295709985765,-0.1585295092393681,-0.42917277890877636,0.6756225479751536,-0.19797346742550756,-0.04153691213569322,-0.5027675458640305,0.022706925089730927,-0.20886052558719786,-0.1705855682721352,0.20486219894465163,0.06933956927210168,0.3273022446662054,0.3107994120974796,0.21599886273536437,-8.606002493265863e-4,-0.5716259247457128,-0.06888370723016586,-0.06845011230894456,0.4912166049365607,-0.2666170051317623,-0.3242743237486046,-0.8813999672348058,0.02366711257109174,0.06876527287676562,-0.49292698049834105
0.08985296510719533,0.4059863342719138,-0.07543582878866886,-0.5287012967910754,-0.5693930940816013,0.14002237559559746,0.12126578387844988,-1.3005701999672974,0.9366842079339176,0.009300538314541192,0.7133989945666783,-0.1562142771704147,-0.28689059978169434,0.553343466693891,-0.5323911376834692,0.7217596725210146,-0.7545170419654678,0.6255356486658206,-0.13248191199230697,0.27299852478464204,-0.5549990176843996,0.5910704411018424,-0.3349364909108319,-0.2216651379277923,-0.18876842285066112,0.8233469983018606,0.389107023327752,-0.09032148994730647,0.3419704467124456,-0.40426668968489154,0.3107994120974796,0.4930953893486052,0.0769823848991297,-0.8034776312345089,-0.21329005010618612,-0.20319480551585067,0.2236437893963369,0.7791028286049992,-0.9716099294217366,-0.8693283699530155,-0.7433728127894164,0.30697479668342886,0.30264450825232286,-0.5716668329968125
-0.3750170642535038,-0.4321912154576706,0.28178866341990605,-0.21631893542486036,1.0636818205586807,1.0559423111174935,-0.19171690351839907,0.03466874494375276,2.1882048315782145,-1.1473223402036805,-2.064828843990248,-0.8496886045189008,0.9064958959905101,0.4919714116616426,-0.044242938293657864,-1.8772307195384252,0.5592469944503865,-0.1189555640528946,3.685291043515216e-4,-1.5339291977921852,-0.01527065374570821,1.0469272296722214,-0.007167212931148702,0.336809489385304,-1.6576380857646567,-2.5537418882859724,-2.1091329699930808,-0.45292804488789945,0.02818295832091016,1.6256479020636214,0.21599886273536437,0.0769823848991297,0.7252072509141398,2.475317669975013,-1.921153345558066,0.2574966290429023,-0.7524929680184292,-0.13461867082841666,2.095711203621453,1.055084705732128,-1.4354218465603792,-0.7716056537034026,-0.5256291008080354,-0.6003749579762082
-1.6730334771609159,-2.4662352275350505,1.1552202236330134,0.4069270927312594,5.564290467441638,3.913336114596604,-1.0789418628919738,3.452039107713333,6.180457241576343,-4.399736095859006,-9.601448243184313,-2.78919667924218,4.22355940824548,0.636073204951931,1.2030790703472725,-9.102531870862338,3.8134989542861155,-1.9224032631570438,0.30596896175798216,-6.523782093345334,1.395490688294624,2.52099258609337,0.8702124567088916,2.0388586789667804,-5.769841357553748,-11.723673740133064,-8.979106195600805,-1.3816301009230012,-0.6998841187550451,7.132328255643465,-8.606002493265863e-4,-0.8034776312345089,2.475317669975013,11.290932366446148,-6.7324021735724155,1.7672560484426614,-3.4815018535910816,-2.5597010267636224,10.444567935461542,6.142504502594483,-3.5073004976424493,-3.775676360822207,-2.689574680398067,-1.1014168814338918
1.0376776518483501,1.1217938727363383,-0.7231048106320783,0.6221878987122125,-2.962635254235322,-2.9736359472652296,0.609218371469702,-0.27050697933142887,-5.9615805425085755,3.155133146947043,5.6764285666288545,2.271014651049535,-2.524944033220593,-1.3623745100119475,0.040740865256369566,5.266748051488617,-1.538563822434347,0.32476983340140797,0.024794463761498808,4.201870255815875,-0.016541603335790717,-2.8263140153482684,-0.05578704376908441,-1.0622960831428288,4.471809471091988,6.990628324696862,5.779861652476921,1.1712654064006116,-0.05411444067232072,-4.425177740996952,-0.5716259247457128,-0.21329005010618612,-1.921153345558066,-6.7324021735724155,5.191102009014499,-0.8776643290154984,2.130579829932971,0.4972790156066879,-5.790415633456769,-2.944851961657436,3.8248641111487123,2.169791805668231,1.4300838803033509,1.6954646394817947
-0.2901563676121495,-0.33369099018135,0.10131043813980317,0.08269223732802526,1.046024303217092,0.7630665819485849,-0.3731479931041783,1.0683353327378895,0.783691873668557,-0.7129754631727137,-1.6453672210284342,-0.29585680109347584,0.7650773634066181,0.06170526767592621,0.4334197923290721,-1.7725005967950145,0.736752072475309,-0.38112275955392916,0.008113214802937897,-1.053603761908052,0.4015360958271585,0.24187546793799247,0.33103309421342797,0.6395068130672658,-0.7426452782599104,-1.9330411359015849,-1.4699279186882308,-0.07509877826799753,-0.20588012792367555,1.1156353185141947,-0.06888370723016586,-0.20319480551585067,0.2574966290429023,1.7672560484426614,-0.8776643290154984,0.6677453227285455,-0.716398875353301,-0.763290417313186,1.869297152498338,1.1940115507387665,-0.2413824087971815,-0.7476580401537398,-0.44214151988124806,-0.18256101328733693
0.5259159563282264,0.6940809372793131,-0.3267705092271774,0.005807103347642768,-1.7084667938526639,-1.31573211643803,0.4772638015081367,-1.1436318720371101,-2.047473584166911,1.4705532627390359,3.020886776068917,0.8659969160256512,-1.3660509393093876,-0.28189043350178744,-0.4080963731482537,2.9690666935820356,-1.2199583044619764,0.5220351557629106,-0.014686054145797744,2.0656034353658286,-0.39604855035484016,-0.8740482224048614,-0.33030859403468643,-0.7838704493505487,1.8209148823564907,3.6487008530641174,2.8488126459385845,0.39802244482956634,0.22778584103249067,-2.212233642967722,-0.06845011230894456,0.2236437893963369,-0.7524929680184292,-3.4815018535910816,2.130579829932971,-0.716398875353301,1.1970018989800646,0.8549318354258131,-3.2373402092619186,-1.9457584794085048,1.1689488858461607,1.2342387359409308,0.830518253687914,0.45614073756382967
0.3700907999637285,0.8001640585694572,-0.1822502268256784,-0.7686097575361819,-1.6295290847575863,-0.4478531955518171,0.4110693847889144,-2.519511785258393,0.5236057228545187,0.5989927508514453,2.306146716334658,0.07411643140972034,-1.028251797884614,0.6728483126586834,-1.012298934793426,2.4065392657774125,-1.5397223919831153,1.1383834337156111,-0.21285295937961768,1.2484505347755812,-1.0624879326011214,0.5732679692313593,-0.6810954587808853,-0.7671207194383981,0.40029089324984907,2.723966326828339,1.740995186797987,-0.044117767878819464,0.5929341862561411,-1.4880845021171265,0.4912166049365607,0.7791028286049992,-0.13461867082841666,-2.5597010267636224,0.4972790156066879,-0.763290417313186,0.8549318354258131,1.6166921848732945,-2.8500451918403242,-2.1073231656890687,-0.7462627059209863,1.0033641493819387,0.7578665947923879,-0.5709457682234211
-1.582470069152999,-2.372485797530642,1.0050843019071558,0.6997009870103791,5.430295088693549,3.5599651502790883,-1.0551894608158539,3.9488976769308377,4.991925108020483,-3.8418769426835344,-9.006264479905647,-2.325002264834286,3.9449416532286254,0.2659946587812838,1.4508391077698324,-8.630988465790526,3.7243695616013004,-2.1157395362709903,0.41252525440821947,-5.943706326573641,1.6705763065000372,1.8218269522806392,0.9961634528668191,2.05002106089552,-4.965360833853946,-10.942988977099548,-8.237457404452254,-1.113729274672741,-0.8075228360758013,6.57791793771462,-0.2666170051317623,-0.9716099294217366,2.095711203621453,10.444567935461542,-5.790415633456769,1.869297152498338,-3.2373402092619186,-2.8500451918403242,10.021872991591774,5.986035965665163,-2.527411809052582,-3.5717220528179947,-2.5296991602014973,-0.7067622780435494
-0.8963186111118159,-1.5212728911671014,0.5826433006417717,0.683615705769223,3.2512686732316394,1.7871383570141985,-0.718184212998415,3.0910993962671456,1.9896970911667688,-2.1282285462383452,-5.305313528670359,-1.131638714890687,2.3429761963413553,-0.23697732106492914,1.1686105767707151,-5.1761848614618,2.5817762593979245,-1.532823601283333,0.2519985115152637,-3.3830252150600253,1.2610661627550412,0.5789054356150232,0.8138523050832236,1.3132270743837942,-2.5053351494334546,-6.410964358631122,-4.671910879794188,-0.5102943432079088,-0.6935785709338321,3.785642322309658,-0.3242743237486046,-0.8693283699530155,1.055084705732128,6.142504502594483,-2.944851961657436,1.1940115507387665,-1.9457584794085048,-2.1073231656890687,5.986035965665163,3.8462114316870895,-0.8530444011050149,-2.150102291170339,-1.5738109299765644,-0.0064228001411174105
0.5617598342730583,0.2737305176525708,-0.4315067014028477,1.1640654750234716,-1.1392443195080673,-2.0906497589660624,0.3032359284583955,1.5713116564820855,-5.21959242829939,2.1744159933668428,2.8869118845342085,1.768961763951221,-1.309897587454524,-1.6264208144245693,0.7513786935001581,2.550277362930223,-0.16541126779034604,-0.6218601982768426,0.2410730993639774,2.4774529955383233,0.8063370573337217,-2.751107270604206,0.4093762655480921,-0.3851769775511568,3.312929360494622,3.6086808382097937,3.3974475567320006,0.9559594843090718,-0.4590826820164614,-2.455352057521766,-0.8813999672348058,-0.7433728127894164,-1.4354218465603792,-3.5073004976424493,3.8248641111487123,-0.2413824087971815,1.1689488858461607,-0.7462627059209863,-2.527411809052582,-0.8530444011050149,3.6867273069659654,1.0398111367804084,0.5945645924731056,1.834608472936825
0.5629881676428307,0.8085858300807676,-0.3596673514334096,-0.15114213842857124,-1.925860260563678,-1.3613622471262967,0.4391471576609218,-1.375039832615454,-1.9757134887567918,1.4839537334676347,3.259055736727168,0.8708588819955849,-1.447282947418467,-0.19802740601812938,-0.5068593210387043,3.1756524034826867,-1.3434790066779447,0.6723226481038299,-0.07544591565745622,2.1956846143586435,-0.5410182588638504,-0.7809818683692685,-0.3757565097905609,-0.8139004915523741,1.856773240250559,3.947676204661378,3.0194109317010507,0.40350173269709816,0.27819516405691996,-2.3751626191515034,0.02366711257109174,0.30697479668342886,-0.7716056537034026,-3.775676360822207,2.169791805668231,-0.7476580401537398,1.2342387359409308,1.0033641493819387,-3.5717220528179947,-2.150102291170339,1.0398111367804084,1.3321932031700627,0.9125173731776698,0.3632818487491276
0.38644261014375314,0.6428057785270103,-0.2772688212255032,-0.21483345694498612,-1.3580593600472313,-0.8220095896178352,0.2759314284862116,-1.090342935159548,-1.1227338103564324,0.9826915669623834,2.2888664868355115,0.5753689457489148,-1.0031969997043086,-0.004715048830665832,-0.40052846004843673,2.187225158730703,-1.0423621777227317,0.5723331323099436,-0.08764559895949824,1.5070507810647849,-0.44052716535664704,-0.415607753833514,-0.2813224898383958,-0.5118925865494302,1.2214656602888536,2.7820253001683,2.0726032564862953,0.28023067188580936,0.24363076714961526,-1.6684083337033728,0.06876527287676562,0.30264450825232286,-0.5256291008080354,-2.689574680398067,1.4300838803033509,-0.44214151988124806,0.830518253687914,0.7578665947923879,-2.5296991602014973,-1.5738109299765644,0.5945645924731056,0.9125173731776698,0.673115588840335,0.10274768708387903
0.21220598104421243,-0.14020552911523718,-0.10391402640058313,0.7672579728319548,-0.2970280128703884,-1.0722829920249202,0.13460318865747262,1.1398231604721474,-2.70095311937463,0.9428586407067691,0.934686587289472,0.7874736165773604,-0.47273241830602014,-0.9931000842957013,0.50224311483811,0.8930558212848014,0.3045921641847445,-0.5689485612926433,0.18338168623201856,0.9505277190789726,0.5422514112463963,-1.4290170795610202,0.2693617868634268,-0.19699481065609956,1.4574012104858431,1.1834065213240483,1.2930385831340083,0.3870410459395827,-0.3489242687882872,-0.8547132229173721,-0.49292698049834105,-0.5716668329968125,-0.6003749579762082,-1.1014168814338918,1.6954646394817947,-0.18256101328733693,0.45614073756382967,-0.5709457682234211,-0.7067622780435494,-0.0064228001411174105,1.834608472936825,0.3632818487491276,0.10274768708387903,1.1340086919523333
