V1,V2,V3,V4,V5,V6,V7,V8,V9,V10,V11,V12,V13,V14,V15,V16,V17,V18,V19,V20,V21,V22,V23,V24,V25,V26,V27,V28,V29,V30,V31,V32,V33,V34,V35,V36,V37,V38,V39,V40,V41,V42,V43,V44
1.2246008726624265,4.581153977719627,0.5680470046180732,-1.3736896505198857,-0.7249232524788158,-7.500486106717623,2.860777739959372,-4.269482559229801,2.4468950880924734,-2.6929936366697134,0.08413142837452253,1.3149883572055125,1.3595552191782825,2.704573061017549,-4.242174797920342,-2.955222540474842,-7.831563373464888,-0.7375026971571236,-1.102347910509081,-4.839789652596176,-1.319015055421002,-0.6399807602358686,0.8797978229186064,-5.23410927469923,-2.22128106236237,1.860682002632218,-0.14844821313542464,2.110221110765913,-1.949461582590723,0.5207414018581322,-1.4439668241739114,-1.679163636520342,1.146835272456987,-4.2168399536163435,2.0173714366895505,-0.36000086164954087,1.626948086761671,-3.701257229012343,-4.62324978969712,0.36684313243770644,1.715160491292796,-1.6064960020195276,2.820817880014341,2.074724650539215
4.581153977719627,18.790534414424915,2.343686571372524,-6.404517994110098,-2.9515253073652534,-30.301055920578236,11.156357090813746,-16.962742452100258,10.068474385805906,-11.152530179349633,0.48766099599860896,5.568057435149855,5.987419712986298,10.919188801820681,-17.20269641345558,-12.291013254837408,-31.344615037371387,-2.8105797646984096,-4.196013742493335,-19.587689808709147,-4.815602718069253,-3.2282676950470353,3.465772022971568,-21.022815847094382,-9.420269192440216,6.406865852661757,-0.9341922283012365,8.543867241316184,-7.988205626801127,2.8730087004195055,-5.709545179194523,-6.055788573309412,4.775529400351364,-16.525298587917803,7.978769625439311,-2.0155326421797723,6.535349454531067,-15.560054223633438,-17.885709573128967,1.505884638970247,6.346401424897205,-6.723425663097551,11.14847957883946,8.160324868961943
0.5680470046180732,2.343686571372524,0.40123269262496297,-0.8824637397506971,-0.2653514222219701,-3.6335183514852933,1.3845231603624757,-2.0116765035828923,1.377647260225666,-1.4930111240788468,0.07937175231868313,0.831052307037619,0.7486237233657437,1.5462482429442967,-2.045600851147104,-1.6302941929183827,-3.785250684405847,-0.22398331690269943,-0.5751992440748723,-2.579380871900156,-0.445093047631825,-0.4316836859737225,0.48876399329618603,-2.4451373339484883,-1.3137654170170412,0.5671029319302395,-0.226343132879784,1.080036239669982,-1.0366562299710673,0.4642267847561918,-0.6421202667300928,-0.6352398704139213,0.59575422406972,-1.8711549818575195,1.0135755717162351,-0.24623821007559235,0.8013409229711658,-2.098093443470211,-2.063829202451392,0.22694531099327742,0.7255421012046467,-1.0659334112226126,1.2545374231263011,0.9774140716062478
-1.3736896505198857,-6.404517994110098,-0.8824637397506971,2.65728542580135,1.0495020647975783,9.935741223131586,-3.5015854881476125,5.455949261966156,-3.380527069166462,3.7887253459476975,-0.5360598248166353,-2.1937262140346827,-2.094261304984226,-3.7935264482641418,5.628479706965678,4.06464286763115,10.166337352080395,0.6310907060601345,1.313961848994566,6.435500866427536,1.2173885181210011,1.4747822903008727,-1.1293383085705144,6.736548639435352,3.329238355641285,-1.645306696178844,0.33808631913668974,-2.8711316526714583,2.698492685161048,-1.2326845316404673,1.7378976893049713,1.4733792963370445,-1.5779545387535363,5.3205408702150985,-2.7510011604308,0.993507832883303,-2.232460532637318,5.51125066020879,5.63305360171416,-0.3643409714704537,-1.8046016472724622,2.4602751096683892,-3.4876354107288603,-2.5606798243385134
-0.7249232524788158,-2.9515253073652534,-0.2653514222219701,1.0495020647975783,0.7665115451367316,4.798303816679677,-1.6915823288077438,2.7375161654188385,-1.1924044655706867,1.4471796854533276,-0.4742010649591082,-0.9204630444910825,-0.742240475828174,-1.5457781949526486,2.6771921155844405,1.440057535796292,4.915531140419602,0.34515192493230834,0.5619761385069509,2.612653871237644,0.8443680669083381,0.6113294202942176,-0.4621419792540076,3.2972480139164575,1.1952912245372609,-1.4672220931763738,-0.2603701192295485,-1.3277205392032896,1.1284999797619302,-0.11431316364908213,0.8927132941707677,0.866665798994578,-0.6133441687210895,3.032170217258053,-1.4613592279787786,0.42528613993388914,-1.1783968627220867,2.190431153103905,3.1713227412297673,0.05694226894271768,-1.0436956758044782,0.7313362336543555,-1.8216145163506985,-1.2767466459098742
-7.500486106717623,-30.301055920578236,-3.6335183514852933,9.935741223131586,4.798303816679677,49.3904809188261,-18.21760063402607,27.663663195268057,-16.153974628806083,17.93209126229644,-0.23599281724319096,-8.582863689180838,-9.676645970838395,-17.379261252440468,28.002340859001972,20.031100543107492,51.10790426792995,4.918109449332817,6.710678718240614,31.79939334732943,8.303758016070475,4.840509034516959,-5.647753120540247,34.39027383507457,15.153319785932107,-10.787316866363406,1.5468865066772948,-13.786146517300715,12.829240281965502,-4.38494726110985,9.525936836190251,10.42698788491239,-7.745700926558151,26.99612936729239,-12.749014623420445,2.958540890529441,-10.589154886448654,24.851663638856316,29.282097274573772,-2.651247438317787,-10.520592408810137,10.466929519776663,-18.317959853787507,-13.411820983694183
2.860777739959372,11.156357090813746,1.3845231603624757,-3.5015854881476125,-1.6915823288077438,-18.21760063402607,6.84954117911738,-10.273575437130292,6.066378379648098,-6.671246664994554,0.02454497496396193,3.1581512205605957,3.499190723195324,6.533393968391683,-10.3340969343534,-7.429682005681477,-18.945538789656496,-1.8285096308364563,-2.5909994151241627,-11.878471228290595,-3.119644106031629,-1.6373095155895718,2.133150741516675,-12.703242404273869,-5.593210994972494,4.104815835313989,-0.5873611536643236,5.1077166712035655,-4.764866514824304,1.5420172372616516,-3.516572170348552,-3.9794540898974358,2.8637813553599445,-9.975523484554795,4.730659738870598,-0.9551175850632716,3.893710009892288,-9.150860947691411,-10.911831327965928,1.0173807625697606,3.9923196601869964,-3.9627867788956026,6.7854558297287415,4.995326854246771
-4.269482559229801,-16.962742452100258,-2.0116765035828923,5.455949261966156,2.7375161654188385,27.663663195268057,-10.273575437130292,15.63075480254132,-9.055419426370666,9.992884279014651,-0.2399825687633541,-4.770019432673157,-5.312500794765928,-9.747969630927637,15.72541239756576,11.052500409228823,28.710247530908205,2.749364450299463,3.8271363507337504,17.73673197704715,4.7391981619793055,2.620752189822845,-3.1286414020118403,19.317719095247156,8.366855860620396,-6.320681244779137,0.728944155313588,-7.723287056353983,7.167247651036701,-2.3040211158037542,5.316131476903554,5.8897079353745,-4.321326481199813,15.286488575722338,-7.18800833960133,1.6185966562169594,-5.943865519290172,13.774993321187221,16.610016068398764,-1.3812314585748668,-5.962562968241731,5.808388752809523,-10.332036572569118,-7.5119659050752885
2.4468950880924734,10.068474385805906,1.377647260225666,-3.380527069166462,-1.1924044655706867,-16.153974628806083,6.066378379648098,-9.055419426370666,6.020822931294055,-6.42301482510451,-0.25298835136562614,2.8855653031350013,3.480795837230569,6.099496386980781,-9.294425081085217,-7.235333590604968,-16.815388941402496,-1.6263904894007903,-2.3978026627991302,-11.131142772114432,-2.487830544970289,-1.5514508017662028,1.9317146704889656,-11.292066149635163,-5.451191856074862,2.8143496652556506,-1.0532164442137675,4.585410946215233,-4.449111586837167,2.013699882252188,-3.0345209293603137,-3.3191958173225546,2.7775265550343127,-8.257564558690808,3.9446083222855655,-0.9376473513227297,3.28185147012352,-8.643740900091077,-9.098605887499868,1.1671218478621035,3.2797289734259336,-4.0418101149579995,5.90546337074015,4.3486132181740516
-2.6929936366697134,-11.152530179349633,-1.4930111240788468,3.7887253459476975,1.4471796854533276,17.93209126229644,-6.671246664994554,9.992884279014651,-6.42301482510451,6.9754033279865215,0.1284088321938037,-3.2429313195322034,-3.7787439951770287,-6.660675398637463,10.251184152204724,7.828107083742672,18.589432257417613,1.754913081037516,2.5762970555176272,12.132127400997145,2.7609445559806054,1.816413766802078,-2.131249857960638,12.46850652219574,5.93560572745124,-3.2576883011415094,1.0008408268667703,-5.083426296118081,4.874913630392211,-2.0939838566534563,3.3860044160735376,3.634385459021099,-2.995471267387213,9.318352875025068,-4.485536460439678,1.0911335257290156,-3.721164965628637,9.521683329965482,10.194669430126577,-1.1958408670668645,-3.6674337949194973,4.337534964745013,-6.535172128311183,-4.837551716279126
0.08413142837452253,0.48766099599860896,0.07937175231868313,-0.5360598248166353,-0.4742010649591082,-0.23599281724319096,0.02454497496396193,-0.2399825687633541,-0.25298835136562614,0.1284088321938037,1.4147766569259521,0.7141761084142757,-0.27079948063469184,0.330477362639166,-0.11751483996355325,0.8166334239694212,-0.1949644134404898,0.5049461262841799,-0.15320375239120065,0.484628156306841,0.38575449794105726,-0.6635365324181552,-0.1119464028198873,-0.008277529596732006,0.31292004459219613,0.5904549787221379,0.7883249020944183,0.232306923211203,-0.131564557922984,-0.26113338988964985,0.25990143504195895,0.6975417990660252,-0.15989946750291956,-0.8108098847332227,0.787253975940556,-0.5191973365616253,0.32348017597149575,-0.2678334891756438,-0.6643983851749274,-0.7441498020234519,0.07747878754544343,-0.17991105725449905,0.048926109464285196,-0.05339654865987805
1.3149883572055125,5.568057435149855,0.831052307037619,-2.1937262140346827,-0.9204630444910825,-8.582863689180838,3.1581512205605957,-4.770019432673157,2.8855653031350013,-3.2429313195322034,0.7141761084142757,2.066779835604061,1.6332079656598224,3.458783321458128,-4.8205706332173595,-3.334435858225704,-8.857198587631723,-0.4450281872624135,-1.2864415631126103,-5.557301438814797,-1.0147743961253382,-1.2602414599455918,1.0235879546536704,-5.7808392407857525,-2.7576698182367383,1.7199842541112564,-0.10848509976792271,2.5459573758114673,-2.376697178776536,0.8723181906798144,-1.4501632490462801,-1.2911098920501272,1.297094542485419,-4.793747315887047,2.6182383091632695,-0.7989329944940694,1.99091266921884,-4.772498434921785,-5.130805691554305,0.20073582455572814,1.7403846148575652,-2.2552340110811215,3.0276830850959646,2.2643218027029657
1.3595552191782825,5.987419712986298,0.7486237233657437,-2.094261304984226,-0.742240475828174,-9.676645970838395,3.499190723195324,-5.312500794765928,3.480795837230569,-3.7787439951770287,-0.27079948063469184,1.6332079656598224,2.1998239460824744,3.4393785982993426,-5.555580506475011,-4.385027148956245,-9.96319577952995,-1.0661520887866542,-1.293089563289964,-6.541960765880984,-1.4942248988053917,-1.006763013869624,1.1169310316179182,-6.778894833104318,-3.254313236944074,1.5214289950689617,-0.693451242297853,2.69487950555688,-2.617624497370329,1.3037079361829973,-1.8623581783121765,-1.9745877701051278,1.6736783632534975,-4.849283688428588,2.2449863710249334,-0.6382857660728474,1.9321893356193014,-5.142497944909958,-5.271291200382838,0.758441189421118,1.877066086847265,-2.2588461716684707,3.5259510227454602,2.580014949787624
2.704573061017549,10.919188801820681,1.5462482429442967,-3.7935264482641418,-1.5457781949526486,-17.379261252440468,6.533393968391683,-9.747969630927637,6.099496386980781,-6.660675398637463,0.330477362639166,3.458783321458128,3.4393785982993426,6.704462777164664,-9.85075652911724,-7.283626949959164,-18.071578624164744,-1.4233772929257658,-2.5784119327946327,-11.64589734230985,-2.5857859614698646,-1.8590818550799777,2.114290968115189,-11.95475906088425,-5.685073488782511,3.44663843107806,-0.6964741877132647,4.998783191167864,-4.7160120946295025,1.7850544831738673,-3.1962448860539223,-3.3708678711166207,2.779721325356817,-9.347517357478289,4.693013676384574,-1.1116252362728136,3.780925816752214,-9.270019960092922,-10.214066570596174,0.9227710786582417,3.625168163594135,-4.302971049220932,6.294246427723664,4.694376421315761
-4.242174797920342,-17.20269641345558,-2.045600851147104,5.628479706965678,2.6771921155844405,28.002340859001972,-10.3340969343534,15.72541239756576,-9.294425081085217,10.251184152204724,-0.11751483996355325,-4.8205706332173595,-5.555580506475011,-9.85075652911724,15.951959766151795,11.41279673973958,28.995592805796147,2.8415384715909706,3.8467153844389186,18.07809066686566,4.684601788517422,2.7494695705350005,-3.1612771765559016,19.565925109170205,8.600119638812297,-6.0523909679141745,0.9262962068555587,-7.8192582343934625,7.322461238923778,-2.5954544657297176,5.372920381462045,5.879460724455732,-4.4535880610571965,15.228729058377832,-7.156702712242124,1.7081896223172843,-5.937308357587719,14.119271131530937,16.5286706075803,-1.511494129300585,-5.936824478294379,5.98897598844896,-10.4134688107896,-7.577338240202518
-2.955222540474842,-12.291013254837408,-1.6302941929183827,4.06464286763115,1.440057535796292,20.031100543107492,-7.429682005681477,11.052500409228823,-7.235333590604968,7.828107083742672,0.8166334239694212,-3.334435858225704,-4.385027148956245,-7.283626949959164,11.41279673973958,9.175996676113101,20.74756747307,2.1955567477088858,2.75671501568479,13.792118256487685,3.278430634361372,1.7669726677018542,-2.455667727303865,13.971799986151735,6.816565391987565,-3.3407408610404934,1.497132612008502,-5.583336507005069,5.376907747880651,-2.466734033407239,3.9406419933293635,4.403081191001934,-3.4155388055229503,10.093390568058732,-4.679792861424623,1.0097391117802694,-4.056191834902938,10.56122878445156,11.113591930586994,-1.7040963275498042,-4.051582650159278,4.723636570091564,-7.300983023469001,-5.4569269969533085
-7.831563373464888,-31.344615037371387,-3.785250684405847,10.166337352080395,4.915531140419602,51.10790426792995,-18.945538789656496,28.710247530908205,-16.815388941402496,18.589432257417613,-0.1949644134404898,-8.857198587631723,-9.96319577952995,-18.071578624164744,28.995592805796147,20.74756747307,52.97593429557853,5.1013787084148845,7.029639877159409,33.00352078147561,8.655736985418523,4.879543663836132,-5.8682404824377885,35.620513644652974,15.678760213653497,-11.275903825639622,1.6122059461069225,-14.27338077382414,13.288039120630488,-4.477093014903797,9.855322343439417,10.893087060924655,-8.025981014378191,27.96213775031441,-13.194444465089076,2.968558849739641,-10.944548071368562,25.672577594302204,30.399624915343175,-2.761741714384416,-10.951716134099494,10.885616335999275,-18.990400650552207,-13.899502584125745
-0.7375026971571236,-2.8105797646984096,-0.22398331690269943,0.6310907060601345,0.34515192493230834,4.918109449332817,-1.8285096308364563,2.749364450299463,-1.6263904894007903,1.754913081037516,0.5049461262841799,-0.4450281872624135,-1.0661520887866542,-1.4233772929257658,2.8415384715909706,2.1955567477088858,5.1013787084148845,0.8447769967517135,0.6227151715055766,3.209808618086724,1.0846090298706734,0.20041807726674693,-0.5314652268494164,3.6020383709916293,1.4221421690424683,-1.0987866637693815,0.33743902024406947,-1.2740280467388438,1.2269174049406946,-0.4585853235050879,1.0820568667802564,1.4226635847155402,-0.8479370405344999,2.5176602278426894,-0.951615329868853,0.09614995671325144,-0.8871130213635873,2.215104321595916,2.7934838869380285,-0.5063287131806876,-1.1298711658903209,0.8082270059754647,-1.9440308260540737,-1.3869160946191361
-1.102347910509081,-4.196013742493335,-0.5751992440748723,1.313961848994566,0.5619761385069509,6.710678718240614,-2.5909994151241627,3.8271363507337504,-2.3978026627991302,2.5762970555176272,-0.15320375239120065,-1.2864415631126103,-1.293089563289964,-2.5784119327946327,3.8467153844389186,2.75671501568479,7.029639877159409,0.6227151715055766,1.0878199453339676,4.487637756794892,1.0319672373108486,0.6578499876819692,-0.7912609222430372,4.694003724246373,2.0749845891582557,-1.4993012400678927,0.21092464509010553,-1.9401766183784792,1.8560251612328018,-0.6404564358373689,1.2201695692515462,1.3799776461881703,-1.0890026762210843,3.655631610157604,-1.8250376819668321,0.383669322868833,-1.4083424430755411,3.5113649891159895,4.029914743203162,-0.3344260614448204,-1.5075109046852375,1.6761671499032667,-2.4962217436660596,-1.8298806447176341
-4.839789652596176,-19.587689808709147,-2.579380871900156,6.435500866427536,2.612653871237644,31.79939334732943,-11.878471228290595,17.73673197704715,-11.131142772114432,12.132127400997145,0.484628156306841,-5.557301438814797,-6.541960765880984,-11.64589734230985,18.07809066686566,13.792118256487685,33.00352078147561,3.209808618086724,4.487637756794892,21.405718332985327,5.192522273520416,2.940246914634187,-3.8317262042174156,22.11152480488355,10.399561578845285,-6.1108658929917885,1.7124918870348789,-8.937593987754926,8.482322776706724,-3.3838853739797434,6.1408121752735045,6.805505319791838,-5.216855164745138,16.693067104225793,-7.923007466088884,1.704103717659681,-6.652854381710584,16.547081979234612,18.307916366922605,-2.1964338518246183,-6.6451367890172435,7.380903261646017,-11.654209829168904,-8.667549877893086
-1.319015055421002,-4.815602718069253,-0.445093047631825,1.2173885181210011,0.8443680669083381,8.303758016070475,-3.119644106031629,4.7391981619793055,-2.487830544970289,2.7609445559806054,0.38575449794105726,-1.0147743961253382,-1.4942248988053917,-2.5857859614698646,4.684601788517422,3.278430634361372,8.655736985418523,1.0846090298706734,1.0319672373108486,5.192522273520416,1.8467750401597902,0.3937684543205978,-0.9397600574154227,5.899093441701913,2.340977209869731,-2.244631174149499,0.21422095924950915,-2.1918717735504933,1.960110959379822,-0.3866546427459432,1.7821054726865262,2.2495362180670053,-1.251211542732722,4.691110174801847,-1.9504645775892333,0.20068316831619254,-1.7584981309485643,3.6541188524510293,5.15697819905348,-0.5557636954799959,-1.924382346623258,1.2904549933221745,-3.2341406670738038,-2.3433489842077377
-0.6399807602358686,-3.2282676950470353,-0.4316836859737225,1.4747822903008727,0.6113294202942176,4.840509034516959,-1.6373095155895718,2.620752189822845,-1.5514508017662028,1.816413766802078,-0.6635365324181552,-1.2602414599455918,-1.006763013869624,-1.8590818550799777,2.7494695705350005,1.7669726677018542,4.879543663836132,0.20041807726674693,0.6578499876819692,2.940246914634187,0.3937684543205978,1.000445024055785,-0.4862195376264127,3.250945683519616,1.5033283359020757,-0.8323126231982987,-0.027235237716484607,-1.450038401085414,1.3722891025286337,-0.632171204170944,0.7514292584725324,0.44630777060510096,-0.7384997211820168,2.6995933468424904,-1.5186217635221804,0.6896658278592397,-1.1195091894483,2.802024359189699,2.7629540207505396,0.01348244270403987,-0.8706985790786442,1.262038985278402,-1.6741590554365782,-1.2023836218095845
0.8797978229186064,3.465772022971568,0.48876399329618603,-1.1293383085705144,-0.4621419792540076,-5.647753120540247,2.133150741516675,-3.1286414020118403,1.9317146704889656,-2.131249857960638,-0.1119464028198873,1.0235879546536704,1.1169310316179182,2.114290968115189,-3.1612771765559016,-2.455667727303865,-5.8682404824377885,-0.5314652268494164,-0.7912609222430372,-3.8317262042174156,-0.9397600574154227,-0.4862195376264127,0.7300992220756889,-3.875742307322795,-1.8782322981382027,1.106824464585238,-0.3071333472499973,1.59116775465488,-1.4860559560536664,0.5389605861785767,-1.1103237682321827,-1.2525296709017384,0.8916642657977858,-2.9877268128476375,1.4494465165197425,-0.2547332907539571,1.2220598889314107,-2.941667116539956,-3.297047657934979,0.4107599890565381,1.2071202546180273,-1.3192486651400013,2.0425625706019725,1.5657880771524024
-5.23410927469923,-21.022815847094382,-2.4451373339484883,6.736548639435352,3.2972480139164575,34.39027383507457,-12.703242404273869,19.317719095247156,-11.292066149635163,12.46850652219574,-0.008277529596732006,-5.7808392407857525,-6.778894833104318,-11.95475906088425,19.565925109170205,13.971799986151735,35.620513644652974,3.6020383709916293,4.694003724246373,22.11152480488355,5.899093441701913,3.250945683519616,-3.875742307322795,24.083268724323602,10.439165511276304,-7.609624601669337,1.1040931429673038,-9.558341083712378,8.92602677972505,-3.055696902437654,6.662308318573815,7.414251613689636,-5.444209815163064,18.767711034312583,-8.742251165086888,2.001166483219883,-7.272947895257564,17.147712408323358,20.38228268697379,-1.89806899897879,-7.377447500649278,7.177571011271266,-12.853777986908241,-9.341899865823656
-2.22128106236237,-9.420269192440216,-1.3137654170170412,3.329238355641285,1.1952912245372609,15.153319785932107,-5.593210994972494,8.366855860620396,-5.451191856074862,5.93560572745124,0.31292004459219613,-2.7576698182367383,-3.254313236944074,-5.685073488782511,8.600119638812297,6.816565391987565,15.678760213653497,1.4221421690424683,2.0749845891582557,10.399561578845285,2.340977209869731,1.5033283359020757,-1.8782322981382027,10.439165511276304,5.250599422217175,-2.4816086378813336,1.0301731386779729,-4.273674178167985,4.074819550582284,-1.8502614813632907,2.910349050693195,3.076922029742377,-2.530714620767425,7.736891405420723,-3.711818302861864,0.8909357749135483,-3.191232002871966,8.138056584293434,8.4738619851243,-1.137842697484864,-2.972211470440715,3.6842097320702774,-5.433753416282836,-4.089811772051672
1.860682002632218,6.406865852661757,0.5671029319302395,-1.645306696178844,-1.4672220931763738,-10.787316866363406,4.104815835313989,-6.320681244779137,2.8143496652556506,-3.2576883011415094,0.5904549787221379,1.7199842541112564,1.5214289950689617,3.44663843107806,-6.0523909679141745,-3.3407408610404934,-11.275903825639622,-1.0987866637693815,-1.4993012400678927,-6.1108658929917885,-2.244631174149499,-0.8323126231982987,1.106824464585238,-7.609624601669337,-2.4816086378813336,3.7862690486620667,0.5229596322187223,2.9588226480742708,-2.548457790903094,-0.007458303460735979,-2.125511253041471,-2.591102648716487,1.4056410102926244,-6.84010635654721,3.16325931422112,-0.500969015519014,2.4928298392945254,-4.593320400142276,-7.389491315458316,0.09080297088814923,2.750276907646431,-1.6137373188286244,4.272816315426087,3.0210378788208208
-0.14844821313542464,-0.9341922283012365,-0.226343132879784,0.33808631913668974,-0.2603701192295485,1.5468865066772948,-0.5873611536643236,0.728944155313588,-1.0532164442137675,1.0008408268667703,0.7883249020944183,-0.10848509976792271,-0.693451242297853,-0.6964741877132647,0.9262962068555587,1.497132612008502,1.6122059461069225,0.33743902024406947,0.21092464509010553,1.7124918870348789,0.21422095924950915,-0.027235237716484607,-0.3071333472499973,1.1040931429673038,1.0301731386779729,0.5229596322187223,0.779111593668856,-0.40904534540523835,0.5244541060500914,-0.7047996998033322,0.3772220817704334,0.48855559745006005,-0.4676717122826622,0.1310947157433985,0.0415082920344695,-0.06370793646313445,-0.13035765136525898,1.141172213563932,0.27610023191440686,-0.6129809048653088,-0.1349982993420387,0.6753813750027748,-0.4693882978182684,-0.4288298227075814
2.110221110765913,8.543867241316184,1.080036239669982,-2.8711316526714583,-1.3277205392032896,-13.786146517300715,5.1077166712035655,-7.723287056353983,4.585410946215233,-5.083426296118081,0.232306923211203,2.5459573758114673,2.69487950555688,4.998783191167864,-7.8192582343934625,-5.583336507005069,-14.27338077382414,-1.2740280467388438,-1.9401766183784792,-8.937593987754926,-2.1918717735504933,-1.450038401085414,1.59116775465488,-9.558341083712378,-4.273674178167985,2.9588226480742708,-0.40904534540523835,3.9004797721365057,-3.646726950056574,1.2765466923648432,-2.5979283320658353,-2.778889891951205,2.165343038918953,-7.536058845271593,3.659939429487638,-0.8850698446889138,2.9762298253043147,-7.084941395673132,-8.172629083797455,0.6841760328401091,2.9300931565346042,-3.0887831413463926,5.073312927931109,3.7292747529985273
-1.949461582590723,-7.988205626801127,-1.0366562299710673,2.698492685161048,1.1284999797619302,12.829240281965502,-4.764866514824304,7.167247651036701,-4.449111586837167,4.874913630392211,-0.131564557922984,-2.376697178776536,-2.617624497370329,-4.7160120946295025,7.322461238923778,5.376907747880651,13.288039120630488,1.2269174049406946,1.8560251612328018,8.482322776706724,1.960110959379822,1.3722891025286337,-1.4860559560536664,8.92602677972505,4.074819550582284,-2.548457790903094,0.5244541060500914,-3.646726950056574,3.474729919741647,-1.3739927907238538,2.393437731582934,2.5542852188279066,-2.089440290190039,6.838292616200656,-3.3338907784025342,0.8375562561211488,-2.6965243712951867,6.734321748715243,7.441123214170131,-0.7214554318342479,-2.6932660686835153,3.030230324397947,-4.706619241872805,-3.4595304676480394
0.5207414018581322,2.8730087004195055,0.4642267847561918,-1.2326845316404673,-0.11431316364908213,-4.38494726110985,1.5420172372616516,-2.3040211158037542,2.013699882252188,-2.0939838566534563,-0.26113338988964985,0.8723181906798144,1.3037079361829973,1.7850544831738673,-2.5954544657297176,-2.466734033407239,-4.477093014903797,-0.4585853235050879,-0.6404564358373689,-3.3838853739797434,-0.3866546427459432,-0.632171204170944,0.5389605861785767,-3.055696902437654,-1.8502614813632907,-0.007458303460735979,-0.7047996998033322,1.2765466923648432,-1.3739927907238538,1.12409163125679,-0.7667563777844123,-0.6569348581159541,0.926465319950474,-1.7317911321334614,0.8696057320835079,-0.41835182813255284,0.7574816175991455,-2.8055122943390653,-1.8974711680813265,0.5301311577089642,0.6395942978631508,-1.45359860558737,1.4764411618858926,1.1031215012005466
-1.4439668241739114,-5.709545179194523,-0.6421202667300928,1.7378976893049713,0.8927132941707677,9.525936836190251,-3.516572170348552,5.316131476903554,-3.0345209293603137,3.3860044160735376,0.25990143504195895,-1.4501632490462801,-1.8623581783121765,-3.1962448860539223,5.372920381462045,3.9406419933293635,9.855322343439417,1.0820568667802564,1.2201695692515462,6.1408121752735045,1.7821054726865262,0.7514292584725324,-1.1103237682321827,6.662308318573815,2.910349050693195,-2.125511253041471,0.3772220817704334,-2.5979283320658353,2.393437731582934,-0.7667563777844123,1.9418382739540283,2.245167058730541,-1.4861545081914436,5.169683911570648,-2.3197400978769633,0.42600582933955283,-2.015870660663252,4.6219968019364845,5.638864769769804,-0.6416590404672315,-2.068634178422945,1.8380267903944025,-3.5652803283295604,-2.6314127374695966
-1.679163636520342,-6.055788573309412,-0.6352398704139213,1.4733792963370445,0.866665798994578,10.42698788491239,-3.9794540898974358,5.8897079353745,-3.3191958173225546,3.634385459021099,0.6975417990660252,-1.2911098920501272,-1.9745877701051278,-3.3708678711166207,5.879460724455732,4.403081191001934,10.893087060924655,1.4226635847155402,1.3799776461881703,6.805505319791838,2.2495362180670053,0.44630777060510096,-1.2525296709017384,7.414251613689636,3.076922029742377,-2.591102648716487,0.48855559745006005,-2.778889891951205,2.5542852188279066,-0.6569348581159541,2.245167058730541,2.908391352829313,-1.6359392161139958,5.662830581346817,-2.385571257823936,0.17225257657125306,-2.1256201057721555,4.764611162765129,6.300161314820436,-0.8794095097968809,-2.454033636854762,1.8429175513275324,-4.02368646105841,-2.9735959052828487
1.146835272456987,4.775529400351364,0.59575422406972,-1.5779545387535363,-0.6133441687210895,-7.745700926558151,2.8637813553599445,-4.321326481199813,2.7775265550343127,-2.995471267387213,-0.15989946750291956,1.297094542485419,1.6736783632534975,2.779721325356817,-4.4535880610571965,-3.4155388055229503,-8.025981014378191,-0.8479370405344999,-1.0890026762210843,-5.216855164745138,-1.251211542732722,-0.7384997211820168,0.8916642657977858,-5.444209815163064,-2.530714620767425,1.4056410102926244,-0.4676717122826622,2.165343038918953,-2.089440290190039,0.926465319950474,-1.4861545081914436,-1.6359392161139958,1.3205002954909346,-3.988985621393247,1.849424314801827,-0.45408212941590514,1.562608194133357,-4.03991266844804,-4.362819028104916,0.5577392253475075,1.5784600377300424,-1.7939413434236575,2.862995678221969,2.0870283015222078
-4.2168399536163435,-16.525298587917803,-1.8711549818575195,5.3205408702150985,3.032170217258053,26.99612936729239,-9.975523484554795,15.286488575722338,-8.257564558690808,9.318352875025068,-0.8108098847332227,-4.793747315887047,-4.849283688428588,-9.347517357478289,15.228729058377832,10.093390568058732,27.96213775031441,2.5176602278426894,3.655631610157604,16.693067104225793,4.691110174801847,2.6995933468424904,-2.9877268128476375,18.767711034312583,7.736891405420723,-6.84010635654721,0.1310947157433985,-7.536058845271593,6.838292616200656,-1.7317911321334614,5.169683911570648,5.662830581346817,-3.988985621393247,15.509806545166608,-7.386623627708754,1.6777482392803138,-6.010996782358906,13.127616369987138,16.722311088738394,-0.9597919791719116,-5.972489990325713,5.306890378891927,-10.135104985173284,-7.348162959786102
2.0173714366895505,7.978769625439311,1.0135755717162351,-2.7510011604308,-1.4613592279787786,-12.749014623420445,4.730659738870598,-7.18800833960133,3.9446083222855655,-4.485536460439678,0.787253975940556,2.6182383091632695,2.2449863710249334,4.693013676384574,-7.156702712242124,-4.679792861424623,-13.194444465089076,-0.951615329868853,-1.8250376819668321,-7.923007466088884,-1.9504645775892333,-1.5186217635221804,1.4494465165197425,-8.742251165086888,-3.711818302861864,3.16325931422112,0.0415082920344695,3.659939429487638,-3.3338907784025342,0.8696057320835079,-2.3197400978769633,-2.385571257823936,1.849424314801827,-7.386623627708754,3.7528271801418627,-0.938757585307649,2.923400867645009,-6.484265854358244,-7.936452557275981,0.30630179161716026,2.8117903388083567,-2.7977839406956284,4.691739982626561,3.447685725165501
-0.36000086164954087,-2.0155326421797723,-0.24623821007559235,0.993507832883303,0.42528613993388914,2.958540890529441,-0.9551175850632716,1.6185966562169594,-0.9376473513227297,1.0911335257290156,-0.5191973365616253,-0.7989329944940694,-0.6382857660728474,-1.1116252362728136,1.7081896223172843,1.0097391117802694,2.968558849739641,0.09614995671325144,0.383669322868833,1.704103717659681,0.20068316831619254,0.6896658278592397,-0.2547332907539571,2.001166483219883,0.8909357749135483,-0.500969015519014,-0.06370793646313445,-0.8850698446889138,0.8375562561211488,-0.41835182813255284,0.42600582933955283,0.17225257657125306,-0.45408212941590514,1.6777482392803138,-0.938757585307649,0.5186389395990785,-0.6878946857699861,1.7117492786941542,1.6828541626879694,0.07985455345319671,-0.4765505752319724,0.7471451919733062,-1.0250317908675246,-0.6924074891983988
1.626948086761671,6.535349454531067,0.8013409229711658,-2.232460532637318,-1.1783968627220867,-10.589154886448654,3.893710009892288,-5.943865519290172,3.28185147012352,-3.721164965628637,0.32348017597149575,1.99091266921884,1.9321893356193014,3.780925816752214,-5.937308357587719,-4.056191834902938,-10.944548071368562,-0.8871130213635873,-1.4083424430755411,-6.652854381710584,-1.7584981309485643,-1.1195091894483,1.2220598889314107,-7.272947895257564,-3.191232002871966,2.4928298392945254,-0.13035765136525898,2.9762298253043147,-2.6965243712951867,0.7574816175991455,-2.015870660663252,-2.1256201057721555,1.562608194133357,-6.010996782358906,2.923400867645009,-0.6878946857699861,2.404250520532546,-5.298053348423889,-6.475905697097564,0.4052890120611362,2.261468696935085,-2.189885839000135,3.8968532794394215,2.875143313996345
-3.701257229012343,-15.560054223633438,-2.098093443470211,5.51125066020879,2.190431153103905,24.851663638856316,-9.150860947691411,13.774993321187221,-8.643740900091077,9.521683329965482,-0.2678334891756438,-4.772498434921785,-5.142497944909958,-9.270019960092922,14.119271131530937,10.56122878445156,25.672577594302204,2.215104321595916,3.5113649891159895,16.547081979234612,3.6541188524510293,2.802024359189699,-2.941667116539956,17.147712408323358,8.138056584293434,-4.593320400142276,1.141172213563932,-7.084941395673132,6.734321748715243,-2.8055122943390653,4.6219968019364845,4.764611162765129,-4.03991266844804,13.127616369987138,-6.484265854358244,1.7117492786941542,-5.298053348423889,13.280029501683503,14.242568592404522,-1.437482889741555,-5.05275870950832,5.997504502317198,-8.984724372421306,-6.672604759892111
-4.62324978969712,-17.885709573128967,-2.063829202451392,5.63305360171416,3.1713227412297673,29.282097274573772,-10.911831327965928,16.610016068398764,-9.098605887499868,10.194669430126577,-0.6643983851749274,-5.130805691554305,-5.271291200382838,-10.214066570596174,16.5286706075803,11.113591930586994,30.399624915343175,2.7934838869380285,4.029914743203162,18.307916366922605,5.15697819905348,2.7629540207505396,-3.297047657934979,20.38228268697379,8.4738619851243,-7.389491315458316,0.27610023191440686,-8.172629083797455,7.441123214170131,-1.8974711680813265,5.638864769769804,6.300161314820436,-4.362819028104916,16.722311088738394,-7.936452557275981,1.6828541626879694,-6.475905697097564,14.242568592404522,18.121727535344736,-1.166588641501662,-6.52928680062488,5.839344412582382,-11.003742167181315,-8.009433921355804
0.36684313243770644,1.505884638970247,0.22694531099327742,-0.3643409714704537,0.05694226894271768,-2.651247438317787,1.0173807625697606,-1.3812314585748668,1.1671218478621035,-1.1958408670668645,-0.7441498020234519,0.20073582455572814,0.758441189421118,0.9227710786582417,-1.511494129300585,-1.7040963275498042,-2.761741714384416,-0.5063287131806876,-0.3344260614448204,-2.1964338518246183,-0.5557636954799959,0.01348244270403987,0.4107599890565381,-1.89806899897879,-1.137842697484864,0.09080297088814923,-0.6129809048653088,0.6841760328401091,-0.7214554318342479,0.5301311577089642,-0.6416590404672315,-0.8794095097968809,0.5577392253475075,-0.9597919791719116,0.30630179161716026,0.07985455345319671,0.4052890120611362,-1.437482889741555,-1.166588641501662,0.5984250092293808,0.5127097012616877,-0.6719495605394242,0.9532873706418857,0.776300122302556
1.715160491292796,6.346401424897205,0.7255421012046467,-1.8046016472724622,-1.0436956758044782,-10.520592408810137,3.9923196601869964,-5.962562968241731,3.2797289734259336,-3.6674337949194973,0.07747878754544343,1.7403846148575652,1.877066086847265,3.625168163594135,-5.936824478294379,-4.051582650159278,-10.951716134099494,-1.1298711658903209,-1.5075109046852375,-6.6451367890172435,-1.924382346623258,-0.8706985790786442,1.2071202546180273,-7.377447500649278,-2.972211470440715,2.750276907646431,-0.1349982993420387,2.9300931565346042,-2.6932660686835153,0.6395942978631508,-2.068634178422945,-2.454033636854762,1.5784600377300424,-5.972489990325713,2.8117903388083567,-0.4765505752319724,2.261468696935085,-5.05275870950832,-6.52928680062488,0.5127097012616877,2.4834502954620916,-2.097185048262716,3.996761060502796,2.9341846461612153
-1.6064960020195276,-6.723425663097551,-1.0659334112226126,2.4602751096683892,0.7313362336543555,10.466929519776663,-3.9627867788956026,5.808388752809523,-4.0418101149579995,4.337534964745013,-0.17991105725449905,-2.2552340110811215,-2.2588461716684707,-4.302971049220932,5.98897598844896,4.723636570091564,10.885616335999275,0.8082270059754647,1.6761671499032667,7.380903261646017,1.2904549933221745,1.262038985278402,-1.3192486651400013,7.177571011271266,3.6842097320702774,-1.6137373188286244,0.6753813750027748,-3.0887831413463926,3.030230324397947,-1.45359860558737,1.8380267903944025,1.8429175513275324,-1.7939413434236575,5.306890378891927,-2.7977839406956284,0.7471451919733062,-2.189885839000135,5.997504502317198,5.839344412582382,-0.6719495605394242,-2.097185048262716,3.0261423364959694,-3.696066114704896,-2.7974981428535792
2.820817880014341,11.14847957883946,1.2545374231263011,-3.4876354107288603,-1.8216145163506985,-18.317959853787507,6.7854558297287415,-10.332036572569118,5.90546337074015,-6.535172128311183,0.048926109464285196,3.0276830850959646,3.5259510227454602,6.294246427723664,-10.4134688107896,-7.300983023469001,-18.990400650552207,-1.9440308260540737,-2.4962217436660596,-11.654209829168904,-3.2341406670738038,-1.6741590554365782,2.0425625706019725,-12.853777986908241,-5.433753416282836,4.272816315426087,-0.4693882978182684,5.073312927931109,-4.706619241872805,1.4764411618858926,-3.5652803283295604,-4.02368646105841,2.862995678221969,-10.135104985173284,4.691739982626561,-1.0250317908675246,3.8968532794394215,-8.984724372421306,-11.003742167181315,0.9532873706418857,3.996761060502796,-3.696066114704896,6.902503004172366,4.996426528615537
2.074724650539215,8.160324868961943,0.9774140716062478,-2.5606798243385134,-1.2767466459098742,-13.411820983694183,4.995326854246771,-7.5119659050752885,4.3486132181740516,-4.837551716279126,-0.05339654865987805,2.2643218027029657,2.580014949787624,4.694376421315761,-7.577338240202518,-5.4569269969533085,-13.899502584125745,-1.3869160946191361,-1.8298806447176341,-8.667549877893086,-2.3433489842077377,-1.2023836218095845,1.5657880771524024,-9.341899865823656,-4.089811772051672,3.0210378788208208,-0.4288298227075814,3.7292747529985273,-3.4595304676480394,1.1031215012005466,-2.6314127374695966,-2.9735959052828487,2.0870283015222078,-7.348162959786102,3.447685725165501,-0.6924074891983988,2.875143313996345,-6.672604759892111,-8.009433921355804,0.776300122302556,2.9341846461612153,-2.7974981428535792,4.996426528615537,3.690685046705281
