V1,V2,V3,V4,V5,V6,V7,V8,V9,V10,V11,V12,V13,V14,V15,V16,V17,V18,V19,V20,V21,V22,V23,V24,V25,V26,V27,V28,V29,V30,V31,V32,V33,V34,V35,V36,V37,V38,V39,V40,V41,V42,V43,V44
4.977472847792583,11.761757398835954,-8.457355075526388,-5.7753741225848705,-7.065202019812972,-8.626884966591625,1.579058302154566,-2.2493843076727837,14.131267716252383,5.2611835396801006,-0.2765512344971646,4.0028388045122885,-5.831736684395989,-1.6927788503254872,0.574317106362232,4.715471931275911,-2.319418533315019,-14.343452708106344,-21.969202193004307,-5.1490776862014,-6.411553057814782,-0.19993032358379628,4.6748471348198315,-13.099105903380726,-8.923236281941147,-0.23506159526136255,-5.414112518573626,-3.3577620040884884,1.214303558017352,3.2411284434941368,-14.702801975862052,6.3597773807081825,-8.502270649374884,-3.388353949488678,-7.23088757180813,-1.9450928955299225,3.275307527255539,-11.69106781701471,-14.55717419466422,-9.396401143518661,9.498259446654531,11.81897755419219,20.885176320013834,-11.190686779878055
11.761757398835954,28.533311953386647,-19.920469694700458,-13.756936807498873,-16.759684504378455,-20.595338811723682,3.9930218571930913,-5.6346002840841765,33.27781279795055,12.769059476092979,-0.7114692241703564,10.064059706956915,-13.105960373934629,-4.357051879503152,1.4025172037314955,11.238587697182806,-5.368451733308272,-34.66857126480699,-51.87604647169568,-12.415163438138338,-13.99066751004777,-0.20664481053602668,11.296169654330022,-31.074009837084894,-21.303112309257187,-0.22064791594967334,-12.305851169219084,-7.853565859775555,3.050718928235815,8.118418505363389,-34.701851347897325,15.335328803885048,-20.25858736067574,-8.017050503261988,-17.358379762377567,-4.25536773986291,7.385692035769085,-27.961232632246617,-34.60424515051936,-22.852446519178113,22.685856514650837,28.353543989593195,49.35460329878298,-26.782573314248186
-8.457355075526388,-19.920469694700458,14.749684806588435,9.952804161081554,12.31482595129015,14.707960594797143,-2.4722920478652854,3.7625775484209876,-24.59239861265353,-8.823770269667381,0.15559380129108483,-6.645059995328751,10.617623224937576,2.626352565584337,-1.1321018232944362,-8.252014204272095,4.02888554755013,24.258858404867695,37.779911790688395,8.470608892764885,11.895313426353049,0.5369390325394302,-7.74101134746121,22.776034280680786,15.473973673738215,0.5918140036959123,9.78780177624816,5.8136721685875035,-1.957147613726582,-5.3530871168459955,25.555081642539694,-10.711209369079715,14.643736659995726,5.875358778828195,12.54902036237821,3.719858181979086,-5.8777716693371165,19.917120505743743,25.02032752658713,15.751706119853255,-16.3278764584937,-20.149004394905365,-36.267566774786424,19.211232320441482
-5.7753741225848705,-13.756936807498873,9.952804161081554,6.80945738842762,8.34527153802456,10.066818777942746,-1.7898479008999657,2.629854066641022,-16.632372819202345,-6.135105415226281,0.19415463784381434,-4.673117699068253,6.959801176443312,1.94133068937183,-0.7206053685627397,-5.5836418681369775,2.7036938470198777,16.733867197673597,25.679765291395725,5.91951264466709,7.617307572276307,0.26961769490348303,-5.389837536359887,15.454084185687227,10.530132638858813,0.2821259685193157,6.434288963104163,3.9019345950390996,-1.4094894295212648,-3.7862719757328636,17.30170693188026,-7.377804535770352,9.979474499574145,3.9947909452551857,8.539770676245515,2.394939107025954,-3.8577775582649,13.66430075769525,17.058822533274174,10.923204578548813,-11.151722450698717,-13.800269139804394,-24.564369919094833,13.136168251978171
-7.065202019812972,-16.759684504378455,12.31482595129015,8.34527153802456,10.345036089613618,12.306710326650869,-2.0905061131611737,3.1915463228917624,-20.56158837974377,-7.462418120922001,0.12842934228400824,-5.648659620134747,8.769183408906658,2.273229054277719,-0.9423379745828053,-6.902365812232559,3.3511582554811534,20.42582212738714,31.59652835236824,7.123292735312367,9.737439354467623,0.4188164675532926,-6.512668240914594,19.079782638371192,12.978037132347412,0.4293079298172331,8.119355247602936,4.853749530573519,-1.6803390865404062,-4.555321085739044,21.387101450148716,-8.990925582260932,12.291737746156276,4.920520736593038,10.529321358490082,3.079506131117896,-4.862589814361299,16.718311565601482,20.959985806618693,13.280027966735737,-13.707752312083455,-16.899809003973374,-30.317751483517103,16.1371901704522
-8.626884966591625,-20.595338811723682,14.707960594797143,10.066818777942746,12.306710326650869,15.131523912813066,-2.819802114270023,3.983421651304093,-24.503671037261054,-9.168614632361795,0.5316477942220553,-7.058388506285314,9.94093356726761,3.0372665331952042,-1.0170792116389324,-8.21887642969365,3.980077581153643,25.08904964338289,38.21688505468468,8.978769524466488,10.962862171721483,0.34199171622937286,-8.188728699180384,22.724395806042015,15.518399716439017,0.33846496834301765,9.281060518764212,5.857718576757103,-2.13564473155669,-5.662347133759055,25.516119851439754,-11.188517964003614,14.773757584230188,5.825184717256683,12.584184910275068,3.2518618803583155,-5.63965090272469,20.39849665981329,25.29726133216727,16.432729530206032,-16.5200294327949,-20.5936623636324,-36.321580856218134,19.45626849717565
1.579058302154566,3.9930218571930913,-2.4722920478652854,-1.7898479008999657,-2.0905061131611737,-2.819802114270023,0.7287901371745572,-0.836984740923617,4.1112453465934005,1.7871344064985677,-0.2798455864391373,1.5269044654485546,-1.2640997946863908,-0.763368745775427,0.10922356945965865,1.4069169536959978,-0.6622536685902275,-4.830860455617647,-6.758793744283144,-1.8365536037288885,-1.2351895815835354,0.1215467526291403,1.659578488261959,-3.904555930830775,-2.732049774665293,0.11447579872669982,-1.2706778383032349,-1.0097247360981105,0.46989868076598745,1.2078740432044346,-4.351017062230943,2.1784874186897847,-2.6304080930581413,-1.0184449743375636,-2.2273611191259888,-0.2763112444347816,0.8034030781978937,-3.7665176857501717,-4.519719713945353,-3.274299694409173,2.9609765982951157,3.839447074995838,6.245282659051651,-3.5211513342356264
-2.2493843076727837,-5.6346002840841765,3.7625775484209876,2.629854066641022,3.1915463228917624,3.983421651304093,-0.836984740923617,1.2173089751221946,-6.236960209311741,-2.5957347037829552,0.23172712454532388,-2.1472939428818996,2.1446316178546154,0.9520453668345997,-0.26155126681967106,-2.1142862850660946,0.9568410760029716,6.880368698664827,9.843303763099057,2.494740856264577,2.120963852341974,-0.06550312020910809,-2.279899856427648,5.892178616572327,4.056656555278069,-0.11791949647828426,2.0660763456960187,1.449988845730553,-0.6760478824346438,-1.7286003403069234,6.522206554979532,-3.0619615382773024,3.897428791585164,1.4585578920547864,3.320342565778384,0.6421408924491007,-1.2520815232067568,5.443133639245572,6.6174234346529435,4.578027489282666,-4.403070094737911,-5.524907774838352,-9.251453273659404,5.159698088606484
14.131267716252383,33.27781279795055,-24.59239861265353,-16.632372819202345,-20.56158837974377,-24.503671037261054,4.1112453465934005,-6.236960209311741,41.158544548493516,14.759704920347767,-0.22718267676921725,11.035259583257082,-17.855627707694257,-4.392297797750726,1.869223514824985,13.77352993400637,-6.775308871254962,-40.495887541065024,-63.07490893284053,-14.175562434132894,-19.902359376995793,-0.892683900689028,12.907353040837187,-38.0909708500351,-25.87475306982853,-1.0343733253974041,-16.425146324591815,-9.696561465150879,3.269302011631144,8.967179123041713,-42.729847414480226,17.817534089130323,-24.48727826917108,-9.867913040763876,-21.000432399279347,-6.25733537400977,9.822841062547345,-33.272360948721555,-41.82595529168692,-26.338585864290113,27.29557534529229,33.655834342756364,60.60122941762539,-32.16605388154722
5.2611835396801006,12.769059476092979,-8.823770269667381,-6.135105415226281,-7.462418120922001,-9.168614632361795,1.7871344064985677,-2.5957347037829552,14.759704920347767,5.903230642855583,-0.4673930376627528,4.589491692628313,-5.555641186314172,-2.063964906183799,0.5517113032647566,4.8921257440653365,-2.3344780311204443,-15.646041174392685,-23.086213883035427,-5.727139266055496,-5.693626440711185,-0.04678521155963814,5.179523085478256,-13.77125275766045,-9.401916823503733,0.05159241521806938,-5.217953309572499,-3.427636921559654,1.480668278488835,3.7761267861270555,-15.362330043592555,6.916672678987433,-9.043041256711458,-3.468978794178167,-7.635416444991477,-1.7715963852964807,3.1406901334946262,-12.573898197650788,-15.414106729608905,-10.338440970908128,10.182093354963685,12.652420612559277,21.728213623178224,-11.951583329285151
-0.2765512344971646,-0.7114692241703564,0.15559380129108483,0.19415463784381434,0.12842934228400824,0.5316477942220553,-0.2798455864391373,0.23172712454532388,-0.22718267676921725,-0.4673930376627528,0.48149463562606765,-0.3517494603127841,-0.48749401782187834,0.39725526047317683,0.1650812709413274,0.045805053103976784,0.002225492895598157,1.0112569451659925,0.8940425281662128,0.6739656085675706,-0.7366044241605405,-0.09470502200487584,-0.556067753621538,0.13123892558527026,0.09601496722302784,-0.23106056877724535,-0.3976862901060461,0.1229206306266367,-0.21179123970558714,-0.3269541264400055,0.21384634605831185,-0.5728751369784384,0.2550446231563663,-0.0916686560994169,0.031427439196286114,-0.4165573706248594,0.1510363495591723,0.6949898838142871,0.5033345678799713,0.7653433363682646,-0.3688519720526665,-0.5608115696292325,-0.3230624160044523,0.37279487211549595
4.0028388045122885,10.064059706956915,-6.645059995328751,-4.673117699068253,-5.648659620134747,-7.058388506285314,1.5269044654485546,-2.1472939428818996,11.035259583257082,4.589491692628313,-0.3517494603127841,3.8663480075878986,-3.800404597955866,-1.7096656864092834,0.4828205875516573,3.799287044610542,-1.7058091070577015,-12.228819908465983,-17.447578271248222,-4.398082234346419,-3.749663849944921,0.16723214086021085,4.031636087558466,-10.483446376132376,-7.253035761514432,0.2072572199585537,-3.6929403243502437,-2.560742681140133,1.190082990435324,3.0810964055018224,-11.5866268122683,5.411659061417978,-6.929939687378037,-2.6803127657029284,-5.953302578635963,-1.166732985326909,2.2109595871070775,-9.646283970294336,-11.775624121882462,-8.153050059094207,7.800318955121135,9.852470564397624,16.4752672884986,-9.195544824775851
-5.831736684395989,-13.105960373934629,10.617623224937576,6.959801176443312,8.769183408906658,9.94093356726761,-1.2640997946863908,2.1446316178546154,-17.855627707694257,-5.555641186314172,-0.48749401782187834,-3.800404597955866,9.062169208548017,1.1666863848814746,-0.937976855848287,-5.981382565562241,3.0873808985374755,15.83272331774571,26.560808312766646,5.231851988132598,10.668306734259275,0.7950217298355318,-4.772939064829137,16.362473503011042,11.005445619410906,1.0579290958022443,8.115094452940856,4.22049735375329,-0.9853776242470281,-3.0953094697670496,18.454994146236043,-6.842991498164645,10.224327767314433,4.390816766953688,8.905296124532907,3.4711359036154663,-4.790677266099429,13.441809912947344,17.495215221190612,10.060007395932503,-11.261943007358207,-13.65707379802658,-26.15077342753205,13.334903920080562
-1.6927788503254872,-4.357051879503152,2.626352565584337,1.94133068937183,2.273229054277719,3.0372665331952042,-0.763368745775427,0.9520453668345997,-4.392297797750726,-2.063964906183799,0.39725526047317683,-1.7096656864092834,1.1666863848814746,0.9626716168788086,-0.0873737112876114,-1.452907639552749,0.6472064437728269,5.357177490292867,7.236819245402039,2.1048955046146816,0.9386790640511607,-0.10613120542663765,-1.8912688037197027,4.11646631500027,2.874531087383148,-0.23396593128693052,1.1887206278498845,1.050014564654908,-0.5994107196836779,-1.396054790013574,4.594156256433025,-2.4200519573348434,2.8250957015956666,1.0055475318598102,2.3378958395616842,0.20741659575921642,-0.7263321748670037,4.158919014263905,4.849565319647109,3.6259002949446337,-3.2247323817345768,-4.129218557686752,-6.569783068348376,3.8005997945871557
0.574317106362232,1.4025172037314955,-1.1321018232944362,-0.7206053685627397,-0.9423379745828053,-1.0170792116389324,0.10922356945965865,-0.26155126681967106,1.869223514824985,0.5517113032647566,0.1650812709413274,0.4828205875516573,-0.937976855848287,-0.0873737112876114,0.19635890060176517,0.7085689417553118,-0.2956834994878381,-1.6382669548534188,-2.681303293223724,-0.42121041782034285,-1.1328461316183898,-0.05154068356777066,0.433101396066505,-1.773894854931665,-1.2209119826687413,-0.10493898417368169,-0.8785052653162447,-0.4138034458008179,0.0951022930383801,0.34459353400635945,-1.9510817461083365,0.7046048840723197,-1.0889956733929482,-0.49066348980586866,-1.0344310728609645,-0.40907312006642993,0.4902359889984977,-1.3667086097669434,-1.8285908450051251,-1.0316379107291345,1.188475438319851,1.4639458475661642,2.800767561203983,-1.4187166457533074
4.715471931275911,11.238587697182806,-8.252014204272095,-5.5836418681369775,-6.902365812232559,-8.21887642969365,1.4069169536959978,-2.1142862850660946,13.77352993400637,4.8921257440653365,0.045805053103976784,3.799287044610542,-5.981382565562241,-1.452907639552749,0.7085689417553118,4.720618117718686,-2.258991787527473,-13.575924109132933,-21.080561079444905,-4.632472826502171,-6.71025680235917,-0.24296021241136853,4.263902394956054,-12.8389636695837,-8.77257822390385,-0.34691616025659894,-5.5469133603370695,-3.2338455364552234,1.0703380549730592,3.017505026395877,-14.353667704550915,5.96010435734997,-8.229326567482586,-3.3890598588778373,-7.160756544959989,-2.1415316327103384,3.2912299563829466,-11.116257201923531,-14.044638427168135,-8.831137211296072,9.145085952546246,11.344618840157427,20.430198154508965,-10.819583355700571
-2.319418533315019,-5.368451733308272,4.02888554755013,2.7036938470198777,3.3511582554811534,3.980077581153643,-0.6622536685902275,0.9568410760029716,-6.775308871254962,-2.3344780311204443,0.002225492895598157,-1.7058091070577015,3.0873808985374755,0.6472064437728269,-0.2956834994878381,-2.258991787527473,1.1646111496064706,6.509814933522915,10.350619660409285,2.2731340908512654,3.5239252570455992,0.16811711827416342,-2.054155042741542,6.256491316542887,4.243856402483646,0.2559029229281867,2.824146882899597,1.6276104193969987,-0.4779765898317207,-1.3900311726072812,7.041850422461313,-2.846708212417096,4.000568323618695,1.661981290530592,3.4392996753828466,1.0829864986909827,-1.697026321045781,5.381005208297758,6.841542579084004,4.237505870384533,-4.432699854742553,-5.475096469385592,-9.982432837961182,5.253858664051237
-14.343452708106344,-34.66857126480699,24.258858404867695,16.733867197673597,20.42582212738714,25.08904964338289,-4.830860455617647,6.880368698664827,-40.495887541065024,-15.646041174392685,1.0112569451659925,-12.228819908465983,15.83272331774571,5.357177490292867,-1.6382669548534188,-13.575924109132933,6.509814933522915,42.28319428165736,63.247434002828754,15.237499949720585,16.87474613618293,0.301711694991706,-13.853412553836701,37.73660393389629,25.82009262584723,0.21229347138509044,14.869806894603116,9.585198592185385,-3.7715942428736557,-9.892451562284977,42.20117581602997,-18.74386987919857,24.656043460281467,9.646373260995261,20.992484663127524,5.106151293664273,-8.964791555178838,34.10836571685227,42.10429081706581,27.846994731546676,-27.637199621874913,-34.47774744892336,-59.93606340069603,32.55512246114131
-21.969202193004307,-51.87604647169568,37.779911790688395,25.679765291395725,31.59652835236824,38.21688505468468,-6.758793744283144,9.843303763099057,-63.07490893284053,-23.086213883035427,0.8940425281662128,-17.447578271248222,26.560808312766646,7.236819245402039,-2.681303293223724,-21.080561079444905,10.350619660409285,63.247434002828754,97.63067947964177,22.43412541069779,29.53627995222716,1.1628900846184034,-20.436215020635782,58.40678405769737,39.747663478536296,1.2708654840302593,24.608037313073,15.022963348688297,-5.231620469186909,-14.075135628651905,65.60850175668561,-28.016723555337936,37.77144697962088,15.075963194673763,32.19677725176635,9.02789048087343,-14.864929434187568,51.71642440786623,64.60464815073158,41.25503684184818,-42.14158105270973,-52.241018240375695,-93.16925175391452,49.63622336177637
-5.1490776862014,-12.415163438138338,8.470608892764885,5.91951264466709,7.123292735312367,8.978769524466488,-1.8365536037288885,2.494740856264577,-14.175562434132894,-5.727139266055496,0.6739656085675706,-4.398082234346419,5.231851988132598,2.1048955046146816,-0.42121041782034285,-4.632472826502171,2.2731340908512654,15.237499949720585,22.43412541069779,5.751751467968809,5.357867585319729,0.053858068749163934,-5.152703828381468,13.137223044849252,8.97402904794949,-0.06148516750718608,4.903533074531047,3.371041774705929,-1.4429045512824108,-3.6389555791218213,14.729725456252849,-6.800327863731,8.680147121767554,3.289917685377821,7.253191984754312,1.5216489676949123,-2.996136956979512,12.239812787022252,14.887423458286944,10.110309579482887,-9.796375743072042,-12.25334506936476,-20.899673061497698,11.505113227969535
-6.411553057814782,-13.99066751004777,11.895313426353049,7.617307572276307,9.737439354467623,10.962862171721483,-1.2351895815835354,2.120963852341974,-19.902359376995793,-5.693626440711185,-0.7366044241605405,-3.749663849944921,10.668306734259275,0.9386790640511607,-1.1328461316183898,-6.71025680235917,3.5239252570455992,16.87474613618293,29.53627995222716,5.357867585319729,13.193138556118459,1.120623230671837,-4.97016371168636,18.105923125867598,12.144116888164639,1.5330287185631348,9.575333360759151,4.858992735456386,-0.8430723947080828,-2.922346958662086,20.595553518665028,-7.381262881658181,11.214873260678194,4.91419428776157,9.797932453029704,4.1497221236327215,-5.734394681834188,14.559805390232244,19.230437974962015,10.559243355988897,-12.236647465205312,-14.842727421545883,-29.28964541042217,14.508033833355766
-0.19993032358379628,-0.20664481053602668,0.5369390325394302,0.26961769490348303,0.4188164675532926,0.34199171622937286,0.1215467526291403,-0.06550312020910809,-0.892683900689028,-0.04678521155963814,-0.09470502200487584,0.16723214086021085,0.7950217298355318,-0.10613120542663765,-0.05154068356777066,-0.24296021241136853,0.16811711827416342,0.301711694991706,1.1628900846184034,0.053858068749163934,1.120623230671837,0.2606456458860586,-0.05402459696868097,0.6657580748441518,0.39143597009874237,0.21563200675892977,0.6518457979333862,0.25483732289304956,0.05686558533771044,0.13012917133751414,0.8515635501392389,-0.1460765826658644,0.35213031644059306,0.14586616717535567,0.2777694787001577,0.33630718411633465,-0.38564043774451845,0.42678334552342756,0.6400109960519004,0.07170124107554808,-0.37075641159675726,-0.3383014846187136,-1.21110947769529,0.414936439043062
4.6748471348198315,11.296169654330022,-7.74101134746121,-5.389837536359887,-6.512668240914594,-8.188728699180384,1.659578488261959,-2.279899856427648,12.907353040837187,5.179523085478256,-0.556067753621538,4.031636087558466,-4.772939064829137,-1.8912688037197027,0.433101396066505,4.263902394956054,-2.054155042741542,-13.853412553836701,-20.436215020635782,-5.152703828381468,-4.97016371168636,-0.05402459696868097,4.663369692706228,-11.985052379016661,-8.198217322889505,0.04604033994056338,-4.504528011728334,-3.087279826800507,1.3005332100814417,3.2775878975931403,-13.438551999339275,6.205237668866169,-7.912257303020039,-3.0073819294814674,-6.637701991620613,-1.4155996811028404,2.755663629927302,-11.12207424637145,-13.55351399162621,-9.162030530487671,8.907856139065773,11.165703349520449,19.09929303462324,-10.464684019586654
-13.099105903380726,-31.074009837084894,22.776034280680786,15.454084185687227,19.079782638371192,22.724395806042015,-3.904555930830775,5.892178616572327,-38.0909708500351,-13.77125275766045,0.13123892558527026,-10.483446376132376,16.362473503011042,4.11646631500027,-1.773894854931665,-12.8389636695837,6.256491316542887,37.73660393389629,58.40678405769737,13.137223044849252,18.105923125867598,0.6657580748441518,-11.985052379016661,35.44391644336183,24.12394475711908,0.8478315096214418,15.108569659265738,8.920959850774908,-3.0704692037128893,-8.480590112215395,39.638865628942575,-16.54380050726536,22.78162430134678,9.237474472973647,19.609480093121718,5.7775303392626265,-9.019538045654508,30.885905134251036,38.85679313916208,24.59226231520651,-25.391520097525625,-31.354757688483677,-56.19850630453473,29.945338093938695
-8.923236281941147,-21.303112309257187,15.473973673738215,10.530132638858813,12.978037132347412,15.518399716439017,-2.732049774665293,4.056656555278069,-25.87475306982853,-9.401916823503733,0.09601496722302784,-7.253035761514432,11.005445619410906,2.874531087383148,-1.2209119826687413,-8.77257822390385,4.243856402483646,25.82009262584723,39.747663478536296,8.97402904794949,12.144116888164639,0.39143597009874237,-8.198217322889505,24.12394475711908,16.46411238645286,0.5301449232826639,10.203817723531634,6.06999289440528,-2.1077420389669617,-5.8376790312285065,26.956976540614164,-11.321204693665589,15.526628152332245,6.315290578536172,13.406963145757508,3.860887771282127,-6.080417398456012,21.071065749200297,26.483390421066964,16.86082669848386,-17.299355300120272,-21.433676655873636,-38.272864410870916,20.435922934640875
-0.23506159526136255,-0.22064791594967334,0.5918140036959123,0.2821259685193157,0.4293079298172331,0.33846496834301765,0.11447579872669982,-0.11791949647828426,-1.0343733253974041,0.05159241521806938,-0.23106056877724535,0.2072572199585537,1.0579290958022443,-0.23396593128693052,-0.10493898417368169,-0.34691616025659894,0.2559029229281867,0.21229347138509044,1.2708654840302593,-0.06148516750718608,1.5330287185631348,0.21563200675892977,0.04604033994056338,0.8478315096214418,0.5301449232826639,0.3454336832178557,0.8915091213382124,0.2920309283952631,0.134989099634158,0.1803175059382811,1.0356131740612582,-0.0745936905161354,0.42540452362314085,0.2933912595149081,0.4237723152460036,0.47167678846538813,-0.5263817879166219,0.3818574293885091,0.7519527843497495,0.03895351788112121,-0.3970722724578399,-0.42721199654959946,-1.4914703248830345,0.5101799757188326
-5.414112518573626,-12.305851169219084,9.78780177624816,6.434288963104163,8.119355247602936,9.281060518764212,-1.2706778383032349,2.0660763456960187,-16.425146324591815,-5.217953309572499,-0.3976862901060461,-3.6929403243502437,8.115094452940856,1.1887206278498845,-0.8785052653162447,-5.5469133603370695,2.824146882899597,14.869806894603116,24.608037313073,4.903533074531047,9.575333360759151,0.6518457979333862,-4.504528011728334,15.108569659265738,10.203817723531634,0.8915091213382124,7.360782319344629,3.916394178179887,-0.9568082728262216,-2.9536408907703056,17.0377684409132,-6.456881885610892,9.49589005651621,4.065111325549538,8.27617919294772,3.0806488189222603,-4.359677532212957,12.518130648709581,16.224455645676375,9.488399444451506,-10.45113082473114,-12.758089036370032,-24.171447954060156,12.392046977562343
-3.3577620040884884,-7.853565859775555,5.8136721685875035,3.9019345950390996,4.853749530573519,5.857718576757103,-1.0097247360981105,1.449988845730553,-9.696561465150879,-3.427636921559654,0.1229206306266367,-2.560742681140133,4.22049735375329,1.050014564654908,-0.4138034458008179,-3.2338455364552234,1.6276104193969987,9.585198592185385,15.022963348688297,3.371041774705929,4.858992735456386,0.25483732289304956,-3.087279826800507,8.920959850774908,6.06999289440528,0.2920309283952631,3.916394178179887,2.415689304835694,-0.7352888592802737,-2.024451276362404,10.088821752140847,-4.277955882861765,5.766285909778821,2.305485220411532,4.9135712298765535,1.4015882196740552,-2.3842497222310124,7.862062186639326,9.863852028166955,6.226846009948849,-6.3967085788874725,-7.958831531801601,-14.357737023325988,7.560564977151875
1.214303558017352,3.050718928235815,-1.957147613726582,-1.4094894295212648,-1.6803390865404062,-2.13564473155669,0.46989868076598745,-0.6760478824346438,3.269302011631144,1.480668278488835,-0.21179123970558714,1.190082990435324,-0.9853776242470281,-0.5994107196836779,0.0951022930383801,1.0703380549730592,-0.4779765898317207,-3.7715942428736557,-5.231620469186909,-1.4429045512824108,-0.8430723947080828,0.05686558533771044,1.3005332100814417,-3.0704692037128893,-2.1077420389669617,0.134989099634158,-0.9568082728262216,-0.7352888592802737,0.4219481790053512,0.9923148988770979,-3.4019060707651003,1.6833507245956358,-2.0698577128328606,-0.7358679484596677,-1.7136310437134468,-0.26515797390379214,0.5788222092559281,-2.967904551087975,-3.5215860305305173,-2.5261867494610315,2.363040451707941,2.9535474612010533,4.802343005280313,-2.7520313703344614
3.2411284434941368,8.118418505363389,-5.3530871168459955,-3.7862719757328636,-4.555321085739044,-5.662347133759055,1.2078740432044346,-1.7286003403069234,8.967179123041713,3.7761267861270555,-0.3269541264400055,3.0810964055018224,-3.0953094697670496,-1.396054790013574,0.34459353400635945,3.017505026395877,-1.3900311726072812,-9.892451562284977,-14.075135628651905,-3.6389555791218213,-2.922346958662086,0.13012917133751414,3.2775878975931403,-8.480590112215395,-5.8376790312285065,0.1803175059382811,-2.9536408907703056,-2.024451276362404,0.9923148988770979,2.548966111225361,-9.359428329404468,4.339975136436635,-5.607520516715192,-2.141703819401563,-4.783635301055921,-0.9441652653156962,1.75149336645274,-7.828015628293844,-9.527557429729306,-6.621949545206943,6.344669371074004,7.940168374164547,13.237319669096852,-7.460798763379614
-14.702801975862052,-34.701851347897325,25.555081642539694,17.30170693188026,21.387101450148716,25.516119851439754,-4.351017062230943,6.522206554979532,-42.729847414480226,-15.362330043592555,0.21384634605831185,-11.5866268122683,18.454994146236043,4.594156256433025,-1.9510817461083365,-14.353667704550915,7.041850422461313,42.20117581602997,65.60850175668561,14.729725456252849,20.595553518665028,0.8515635501392389,-13.438551999339275,39.638865628942575,26.956976540614164,1.0356131740612582,17.0377684409132,10.088821752140847,-3.4019060707651003,-9.359428329404468,44.44786995257853,-18.561188172368325,25.49408617515081,10.316376949781864,21.8814359506297,6.478901264633125,-10.206861743898862,34.60616098304968,43.52329023956634,27.464329620847504,-28.39373494765254,-35.067528321545765,-63.04159708493979,33.484674194132424
6.3597773807081825,15.335328803885048,-10.711209369079715,-7.377804535770352,-8.990925582260932,-11.188517964003614,2.1784874186897847,-3.0619615382773024,17.817534089130323,6.916672678987433,-0.5728751369784384,5.411659061417978,-6.842991498164645,-2.4200519573348434,0.7046048840723197,5.96010435734997,-2.846708212417096,-18.74386987919857,-28.016723555337936,-6.800327863731,-7.381262881658181,-0.1460765826658644,6.205237668866169,-16.54380050726536,-11.321204693665589,-0.0745936905161354,-6.456881885610892,-4.277955882861765,1.6833507245956358,4.339975136436635,-18.561188172368325,8.40795256264667,-10.854008814033591,-4.176791223160083,-9.193617833097056,-2.1299028719103816,3.942843910393893,-15.117563766921565,-18.567469565246693,-12.337776283913282,12.174399526490362,15.244041715239911,26.42374372781656,-14.313286746620575
-8.502270649374884,-20.25858736067574,14.643736659995726,9.979474499574145,12.291737746156276,14.773757584230188,-2.6304080930581413,3.897428791585164,-24.48727826917108,-9.043041256711458,0.2550446231563663,-6.929939687378037,10.224327767314433,2.8250957015956666,-1.0889956733929482,-8.229326567482586,4.000568323618695,24.656043460281467,37.77144697962088,8.680147121767554,11.214873260678194,0.35213031644059306,-7.912257303020039,22.78162430134678,15.526628152332245,0.42540452362314085,9.49589005651621,5.766285909778821,-2.0698577128328606,-5.607520516715192,25.49408617515081,-10.854008814033591,14.732800433192377,5.8998047403023985,12.622597305179175,3.518461251787173,-5.693186730584677,20.087994737669543,25.123131440788587,16.125271659683843,-16.438557650678298,-20.367156971243908,-36.14965680218452,19.380060679287578
-3.388353949488678,-8.017050503261988,5.875358778828195,3.9947909452551857,4.920520736593038,5.825184717256683,-1.0184449743375636,1.4585578920547864,-9.867913040763876,-3.468978794178167,-0.0916686560994169,-2.6803127657029284,4.390816766953688,1.0055475318598102,-0.49066348980586866,-3.3890598588778373,1.661981290530592,9.646373260995261,15.075963194673763,3.289917685377821,4.91419428776157,0.14586616717535567,-3.0073819294814674,9.237474472973647,6.315290578536172,0.2933912595149081,4.065111325549538,2.305485220411532,-0.7358679484596677,-2.141703819401563,10.316376949781864,-4.176791223160083,5.8998047403023985,2.522426928305117,5.150477928032274,1.6075696812254412,-2.3973290527317497,7.906394750216316,10.073024512055197,6.292985047023174,-6.5298972323105655,-8.111725866473956,-14.65966386108724,7.771806877732669
-7.23088757180813,-17.358379762377567,12.54902036237821,8.539770676245515,10.529321358490082,12.584184910275068,-2.2273611191259888,3.320342565778384,-21.000432399279347,-7.635416444991477,0.031427439196286114,-5.953302578635963,8.905296124532907,2.3378958395616842,-1.0344310728609645,-7.160756544959989,3.4392996753828466,20.992484663127524,32.19677725176635,7.253191984754312,9.797932453029704,0.2777694787001577,-6.637701991620613,19.609480093121718,13.406963145757508,0.4237723152460036,8.27617919294772,4.9135712298765535,-1.7136310437134468,-4.783635301055921,21.8814359506297,-9.193617833097056,12.622597305179175,5.150477928032274,10.957203756740633,3.123924526232023,-4.9046001285634215,17.099458133810252,21.509957718430364,13.732623744021511,-14.05696043806191,-17.450619435422176,-31.088447629287444,16.63302064772461
-1.9450928955299225,-4.25536773986291,3.719858181979086,2.394939107025954,3.079506131117896,3.2518618803583155,-0.2763112444347816,0.6421408924491007,-6.25733537400977,-1.7715963852964807,-0.4165573706248594,-1.166732985326909,3.4711359036154663,0.20741659575921642,-0.40907312006642993,-2.1415316327103384,1.0829864986909827,5.106151293664273,9.02789048087343,1.5216489676949123,4.1497221236327215,0.33630718411633465,-1.4155996811028404,5.7775303392626265,3.860887771282127,0.47167678846538813,3.0806488189222603,1.4015882196740552,-0.26515797390379214,-0.9441652653156962,6.478901264633125,-2.1299028719103816,3.518461251787173,1.6075696812254412,3.123924526232023,1.5011084200656686,-1.7828054902162176,4.445307010212888,5.984488815735519,3.159522264442581,-3.842229319516586,-4.5507644764337725,-9.130077002423262,4.543168573119592
3.275307527255539,7.385692035769085,-5.8777716693371165,-3.8577775582649,-4.862589814361299,-5.63965090272469,0.8034030781978937,-1.2520815232067568,9.822841062547345,3.1406901334946262,0.1510363495591723,2.2109595871070775,-4.790677266099429,-0.7263321748670037,0.4902359889984977,3.2912299563829466,-1.697026321045781,-8.964791555178838,-14.864929434187568,-2.996136956979512,-5.734394681834188,-0.38564043774451845,2.755663629927302,-9.019538045654508,-6.080417398456012,-0.5263817879166219,-4.359677532212957,-2.3842497222310124,0.5788222092559281,1.75149336645274,-10.206861743898862,3.942843910393893,-5.693186730584677,-2.3973290527317497,-4.9046001285634215,-1.7828054902162176,2.640612116221649,-7.543866613634211,-9.73350251904661,-5.722137355640141,6.265935686076665,7.665576251097246,14.478281344091606,-7.401922212071037
-11.69106781701471,-27.961232632246617,19.917120505743743,13.66430075769525,16.718311565601482,20.39849665981329,-3.7665176857501717,5.443133639245572,-33.272360948721555,-12.573898197650788,0.6949898838142871,-9.646283970294336,13.441809912947344,4.158919014263905,-1.3667086097669434,-11.116257201923531,5.381005208297758,34.10836571685227,51.71642440786623,12.239812787022252,14.559805390232244,0.42678334552342756,-11.12207424637145,30.885905134251036,21.071065749200297,0.3818574293885091,12.518130648709581,7.862062186639326,-2.967904551087975,-7.828015628293844,34.60616098304968,-15.117563766921565,20.087994737669543,7.906394750216316,17.099458133810252,4.445307010212888,-7.543866613634211,27.70416829285733,34.34266215247824,22.367841099245467,-22.49323345955869,-27.949210681402395,-49.1438189559791,26.476011854738182
-14.55717419466422,-34.60424515051936,25.02032752658713,17.058822533274174,20.959985806618693,25.29726133216727,-4.519719713945353,6.6174234346529435,-41.82595529168692,-15.414106729608905,0.5033345678799713,-11.775624121882462,17.495215221190612,4.849565319647109,-1.8285908450051251,-14.044638427168135,6.841542579084004,42.10429081706581,64.60464815073158,14.887423458286944,19.230437974962015,0.6400109960519004,-13.55351399162621,38.85679313916208,26.483390421066964,0.7519527843497495,16.224455645676375,9.863852028166955,-3.5215860305305173,-9.527557429729306,43.52329023956634,-18.567469565246693,25.123131440788587,10.073024512055197,21.509957718430364,5.984488815735519,-9.73350251904661,34.34266215247824,42.922545723540324,27.527379147809945,-28.04415898752186,-34.77875690904419,-61.78453569718243,33.065020006953326
-9.396401143518661,-22.852446519178113,15.751706119853255,10.923204578548813,13.280027966735737,16.432729530206032,-3.274299694409173,4.578027489282666,-26.338585864290113,-10.338440970908128,0.7653433363682646,-8.153050059094207,10.060007395932503,3.6259002949446337,-1.0316379107291345,-8.831137211296072,4.237505870384533,27.846994731546676,41.25503684184818,10.110309579482887,10.559243355988897,0.07170124107554808,-9.162030530487671,24.59226231520651,16.86082669848386,0.03895351788112121,9.488399444451506,6.226846009948849,-2.5261867494610315,-6.621949545206943,27.464329620847504,-12.337776283913282,16.125271659683843,6.292985047023174,13.732623744021511,3.159522264442581,-5.722137355640141,22.367841099245467,27.527379147809945,18.43254777094299,-18.09412099272189,-22.64464523898215,-39.006449547486326,21.33886528368674
9.498259446654531,22.685856514650837,-16.3278764584937,-11.151722450698717,-13.707752312083455,-16.5200294327949,2.9609765982951157,-4.403070094737911,27.29557534529229,10.182093354963685,-0.3688519720526665,7.800318955121135,-11.261943007358207,-3.2247323817345768,1.188475438319851,9.145085952546246,-4.432699854742553,-27.637199621874913,-42.14158105270973,-9.796375743072042,-12.236647465205312,-0.37075641159675726,8.907856139065773,-25.391520097525625,-17.299355300120272,-0.3970722724578399,-10.45113082473114,-6.3967085788874725,2.363040451707941,6.344669371074004,-28.39373494765254,12.174399526490362,-16.438557650678298,-6.5298972323105655,-14.05696043806191,-3.842229319516586,6.265935686076665,-22.49323345955869,-28.04415898752186,-18.09412099272189,18.386536564153094,22.75904262663463,40.24555472852781,-21.642689487440638
11.81897755419219,28.353543989593195,-20.149004394905365,-13.800269139804394,-16.899809003973374,-20.5936623636324,3.839447074995838,-5.524907774838352,33.655834342756364,12.652420612559277,-0.5608115696292325,9.852470564397624,-13.65707379802658,-4.129218557686752,1.4639458475661642,11.344618840157427,-5.475096469385592,-34.47774744892336,-52.241018240375695,-12.25334506936476,-14.842727421545883,-0.3383014846187136,11.165703349520449,-31.354757688483677,-21.433676655873636,-0.42721199654959946,-12.758089036370032,-7.958831531801601,2.9535474612010533,7.940168374164547,-35.067528321545765,15.244041715239911,-20.367156971243908,-8.111725866473956,-17.450619435422176,-4.5507644764337725,7.665576251097246,-27.949210681402395,-34.77875690904419,-22.64464523898215,22.75904262663463,28.369015038410886,49.830285937476106,-26.852673487681614
20.885176320013834,49.35460329878298,-36.267566774786424,-24.564369919094833,-30.317751483517103,-36.321580856218134,6.245282659051651,-9.251453273659404,60.60122941762539,21.728213623178224,-0.3230624160044523,16.4752672884986,-26.15077342753205,-6.569783068348376,2.800767561203983,20.430198154508965,-9.982432837961182,-59.93606340069603,-93.16925175391452,-20.899673061497698,-29.28964541042217,-1.21110947769529,19.09929303462324,-56.19850630453473,-38.272864410870916,-1.4914703248830345,-24.171447954060156,-14.357737023325988,4.802343005280313,13.237319669096852,-63.04159708493979,26.42374372781656,-36.14965680218452,-14.65966386108724,-31.088447629287444,-9.130077002423262,14.478281344091606,-49.1438189559791,-61.78453569718243,-39.006449547486326,40.24555472852781,49.830285937476106,89.58492366892294,-47.504358181657025
-11.190686779878055,-26.782573314248186,19.211232320441482,13.136168251978171,16.1371901704522,19.45626849717565,-3.5211513342356264,5.159698088606484,-32.16605388154722,-11.951583329285151,0.37279487211549595,-9.195544824775851,13.334903920080562,3.8005997945871557,-1.4187166457533074,-10.819583355700571,5.253858664051237,32.55512246114131,49.63622336177637,11.505113227969535,14.508033833355766,0.414936439043062,-10.464684019586654,29.945338093938695,20.435922934640875,0.5101799757188326,12.392046977562343,7.560564977151875,-2.7520313703344614,-7.460798763379614,33.484674194132424,-14.313286746620575,19.380060679287578,7.771806877732669,16.63302064772461,4.543168573119592,-7.401922212071037,26.476011854738182,33.065020006953326,21.33886528368674,-21.642689487440638,-26.852673487681614,-47.504358181657025,25.547745788986727
