V1,V2,V3,V4,V5,V6,V7,V8,V9,V10,V11,V12,V13,V14,V15,V16,V17,V18,V19,V20,V21,V22,V23,V24,V25,V26,V27,V28,V29,V30,V31,V32,V33,V34,V35,V36,V37,V38,V39,V40,V41,V42,V43,V44
26.059815700627613,-9.853420956272936,0.4933393515464218,4.873339911942499,16.27955685618299,-41.449089254687394,19.237502935962933,19.080988743035153,-0.3620925337783639,-4.602353081012793,-68.71337983595578,-43.82745831750856,1.708292644780544,-15.506234097258947,-34.88925931129585,-30.47940517067347,-14.373698616170255,-12.471249794806216,-80.4451642012399,-55.15511880519535,-42.88972217870851,-21.91560924028151,38.68906512853268,47.02671293546979,39.92731618810881,-18.18480492567506,5.164229495018265,-34.95199956501284,-4.60812990466456,-32.11881657160524,9.887658963719765,34.56501843910945,13.72024826310589,21.585095127897116,48.676044459511786,40.55597281837252,19.94012216468446,-24.63253771950995,-2.8511597641727984,-10.841330357657576,-15.695752427885953,-1.839042979423583,-0.8487335934336895,20.918217514018135
-9.853420956272936,3.951410505365333,-0.43970536008223704,-2.015954379196974,-6.241749036780734,14.819159590963828,-6.727311649535542,-7.2421167661640435,-0.1840873275245887,1.3679137530694814,25.034498899152023,16.134203459949756,-0.6883132167852718,5.650155616484681,12.420591448639268,11.065199622497605,5.240231018928035,4.24549790198709,29.267647346949303,20.08690747378849,15.682574708836448,7.706139823653474,-14.084197721326268,-17.29152597947855,-14.76038560615927,6.908426578220433,-1.6964542706065098,12.227780713043668,1.4246087080072332,11.517884248952628,-3.579267398497409,-12.55869700508412,-4.861134587482517,-7.551726458557804,-17.628185477132398,-14.436251513941604,-7.175987516981034,9.106569528287903,1.3049855975985554,3.972656566177868,5.667788113488905,0.4390420038927862,0.3103729733490902,-7.462910987893838
0.4933393515464218,-0.43970536008223704,0.4893149388435159,0.25694645562921614,0.3816085642212617,0.34880647600054493,-0.3003042380084874,0.5818953721305036,0.4308802553808696,0.4173668540973739,-0.15122278870613226,-0.48324191827867025,-0.07375383787101199,-0.2737712413532329,0.13731878998821748,-0.0902967654209309,-0.08922134302424607,0.29845808537788704,-0.1442624288745101,-0.2555180292861989,-0.11550431886426166,0.15771824400946846,0.11535796973467678,0.3867974499104767,0.3747511102116165,-0.41707090353909865,-0.34445053929317815,0.5072149833291233,0.3242288163213705,0.10641524984676218,-0.008561106024527436,-0.10072793437360066,-0.11759253450796646,-0.4572397143928833,0.03494485352403191,-0.37387969924965553,-0.11321256656042726,-0.2795681588044867,-0.34888381770669047,-0.09696137225881722,-0.03814536376652814,0.16153244984803028,0.0035375755243524896,-0.23708510315650813
4.873339911942499,-2.015954379196974,0.25694645562921614,1.111120803873671,3.109919361906117,-7.015258455317404,3.004019379737022,3.4995691341515913,0.26061796505469487,-0.4957501968659033,-11.859333882801034,-7.6014775937300785,0.5501309639940113,-2.6764153633564196,-5.546267229774101,-5.110518377059451,-2.3848702491822134,-1.9077670872174468,-13.893458430225323,-9.394593781045147,-7.482402079774023,-3.499075475623126,6.689866048504818,8.329692006377241,7.121163188396564,-3.410211310996425,0.7770540692570557,-5.505390897276769,-0.5047102857843417,-5.375007567908957,1.71395678217966,6.130693952393938,2.2280196758066557,3.4964468214122064,8.229639464542055,6.716552469271221,3.322984489143248,-4.446387859698982,-0.7673174519976357,-1.885901325348279,-2.658954180478259,0.02226595268460774,-0.021979043362416288,3.50337320849459
16.27955685618299,-6.241749036780734,0.3816085642212617,3.109919361906117,10.290304949834491,-25.505395314704796,11.84792624026931,11.890531138348925,-0.07445458113308101,-2.762839123750444,-42.59981398746671,-27.25473363089512,0.9185276927886236,-9.439608782811751,-21.593878184625257,-18.92883001101805,-8.998965681835212,-7.536406755911994,-49.730770811714905,-34.24833281910681,-26.60678176375447,-13.389951392347053,23.92155475684416,29.071747210372653,24.776188314002123,-11.40001302554457,3.146589851970002,-21.444897544667604,-2.8197879851722014,-19.747153548497405,6.109619513605113,21.286023903905495,8.44539594648094,13.273075139748991,30.10436230415712,25.018070113582297,12.352178761663046,-15.232945436433095,-1.8649848442575556,-6.755056664572851,-9.646421539145654,-1.043084364313355,-0.6349260829899922,12.870925538957955
-41.449089254687394,14.819159590963828,0.34880647600054493,-7.015258455317404,-25.505395314704796,69.70493760184833,-33.05916612644307,-30.22516542510893,2.141420451366779,9.001677853582766,113.53910188350355,71.65847620248262,-2.6452316289386966,25.53607909221145,58.976226699533086,50.58009052451941,23.71579358674267,21.857519710618817,133.10676959424416,91.10546968576512,70.63051323461309,37.38746219490808,-63.943366946213864,-77.0114251133332,-65.05964228878163,28.75610723009178,-9.385104053800195,60.018426527082255,8.759699674876536,53.920705955599765,-16.436188563004375,-57.260593086166416,-23.28753338456777,-37.05025037180035,-80.98786926732,-68.47979971188144,-33.414618943078025,40.01601446453375,3.473615586498387,17.717253944305874,26.175538700799642,4.132133309797431,1.5198511983202814,-35.35889502262238
19.237502935962933,-6.727311649535542,-0.3003042380084874,3.004019379737022,11.84792624026931,-33.05916612644307,16.13103002465952,14.152992360912672,-1.3885012916071695,-4.622567170512615,-53.92516027032409,-34.11027299365019,0.6817338964634482,-11.967856788974947,-28.785504392411625,-24.34140706475364,-11.53996915908206,-10.541247469592507,-63.06095626275568,-43.565910925233645,-33.41636749157821,-17.985838796293876,30.28370588029447,36.15301575982613,30.57769915693946,-13.366797534584588,4.537278243332436,-29.09144402869382,-4.575420054904297,-25.701712453475526,7.751306990107653,26.716558880077535,11.21226244254576,17.77558665024693,38.70164594114391,32.79512431355686,16.06349219602967,-18.639641637952444,-1.3201249314175068,-8.427282658903817,-12.43112971947018,-2.4404536334124356,-1.0844474439413347,16.846096075170287
19.080988743035153,-7.2421167661640435,0.5818953721305036,3.4995691341515913,11.890531138348925,-30.22516542510893,14.152992360912672,14.245062589069514,-0.25826456103721157,-3.3362702516265794,-50.40773971982642,-32.42771187688395,0.9831554529700982,-11.626263257245744,-25.877120113932325,-22.51319528137966,-10.655719764687344,-9.157948497874434,-59.00437034383667,-40.68369134326322,-31.40078946379915,-16.236679264937923,28.41056578118402,34.55916348031396,29.310237561722428,-13.365652055344976,3.6019381501531718,-25.717442504188668,-3.3921988669552112,-23.62111275253408,7.222221155440055,25.095975381211428,10.10510216871219,15.656333372857848,35.83269626023377,29.6691336043325,14.609155768827794,-18.078443481467733,-2.080936793911779,-7.9822874121205025,-11.589065796207063,-1.5730349213268993,-0.7029607252734291,15.241030819032048
-0.3620925337783639,-0.1840873275245887,0.4308802553808696,0.26061796505469487,-0.07445458113308101,2.141420451366779,-1.3885012916071695,-0.25826456103721157,0.7371795337900059,0.7983956540180194,2.83607926026727,1.5350015459121684,0.08807868951588335,0.5770217741875611,2.146506596191049,1.431419911089547,0.6414578257048613,1.0178713856291184,3.361290534021262,2.323777522628465,1.6342701218111113,1.3885702213834397,-1.5807966455564901,-1.5979899211486823,-1.239559626124663,0.18063098693195503,-0.5605377830616907,2.4453110149683,0.7191091518784019,1.683260789654783,-0.43575834003009095,-1.3609729675766344,-0.8345843334187084,-1.437009186137277,-2.307747547098679,-2.27735858746091,-1.0596190054828238,0.6505977791973203,-0.43886624730647306,0.3600351007122574,0.7533483410647788,0.6244414904391362,0.20265656530300302,-1.1968896215294607
-4.602353081012793,1.3679137530694814,0.4173668540973739,-0.4957501968659033,-2.762839123750444,9.001677853582766,-4.622567170512615,-3.3362702516265794,0.7983956540180194,1.6348302516685587,14.198381362120093,8.778541275064438,-0.05425040924135203,3.0392799147815484,7.999076573737299,6.495864436584051,3.0689966713443484,3.0813757678475544,16.5972583304181,11.481172858472783,8.736951962447673,5.0208578630489695,-7.943011956662431,-9.259041972823766,-7.765739836135306,3.1637744233304708,-1.445121656557329,8.291386851716107,1.5590188285663993,6.967011805191305,-2.066463280388788,-7.0119479651161205,-3.1211109352077018,-5.076186637941838,-10.338678727937253,-9.04467889193561,-4.379721914481841,4.665049213420747,-0.005017545027185434,2.1653669173481886,3.3138979403030326,0.9530470814613834,0.3770478159920743,-4.652508640113329
-68.71337983595578,25.034498899152023,-0.15122278870613226,-11.859333882801034,-42.59981398746671,113.53910188350355,-53.92516027032409,-50.40773971982642,2.83607926026727,14.198381362120093,186.56405340373973,118.46672850325459,-3.6643137509758184,41.85509614213177,96.96670731982715,83.38580730262215,39.370396835405025,35.187308723478516,218.35696453209738,150.14552803097078,116.06273852879396,60.89378748603508,-104.94902326471797,-126.52134017880965,-107.16717401972207,47.84306584134035,-14.865181538004483,97.70549060722567,14.0837363671563,88.09752823986008,-26.868412983598592,-93.30894770985739,-38.015032227942235,-60.069522138254676,-132.98213162384258,-111.77601841509905,-54.79762704969347,65.7898579851568,6.197381308882503,29.27762217587761,42.84183980605241,6.633558664961287,2.89606177806679,-57.5544013961028
-43.82745831750856,16.134203459949756,-0.48324191827867025,-7.6014775937300785,-27.25473363089512,71.65847620248262,-34.11027299365019,-32.42771187688395,1.5350015459121684,8.778541275064438,118.46672850325459,75.65186067029528,-1.9300356127784428,26.724688907200022,61.73584759982576,53.11990235398464,25.192248458502114,22.105905608612243,138.53967283363977,95.62464920283317,73.67835898774302,38.599512108329954,-66.6273913181022,-80.3941921480974,-68.16162273317356,30.61100789620968,-9.122776342085253,61.76731665066344,8.830373954844877,55.81437017209111,-16.997234865916028,-58.84579475751958,-24.07827616262933,-37.757790144772606,-84.47407352047021,-70.66857821876805,-34.732983278513295,41.820307938479466,4.108439932961273,18.668169011640334,27.19741822422946,4.284322112453728,1.988070878622747,-36.28562719399599
1.708292644780544,-0.6883132167852718,-0.07375383787101199,0.5501309639940113,0.9185276927886236,-2.6452316289386966,0.6817338964634482,0.9831554529700982,0.08807868951588335,-0.05425040924135203,-3.6643137509758184,-1.9300356127784428,1.1808595569732185,-1.060217973615204,-0.8959966498374311,-1.1369092051806136,-0.24921568692369322,-0.7431436343564143,-4.635078366706788,-2.3735483337646652,-2.40546902591289,-1.0505903028657637,2.2079738512378504,3.0617448986994975,2.446523756141172,-1.0768450632077171,0.41300011307669704,-1.4980679116430147,0.15403440032464713,-1.7981229011007258,0.6520183277973075,2.76322041472821,0.637465045240067,1.2189356569822618,2.375803117176804,2.1005208290489175,0.8875338144539476,-1.7257411111873124,-0.3526625884452646,-0.4732123132081574,-0.9163841636332268,0.41465188447078954,0.5153432760220498,1.3117439225738943
-15.506234097258947,5.650155616484681,-0.2737712413532329,-2.6764153633564196,-9.439608782811751,25.53607909221145,-11.967856788974947,-11.626263257245744,0.5770217741875611,3.0392799147815484,41.85509614213177,26.724688907200022,-1.060217973615204,9.981125229019893,21.61458823751255,18.62879701263563,8.671350718458031,8.042931956571453,49.22914133343515,33.67345996083402,26.01790876853876,13.927596150648482,-23.706771901598337,-28.82722143525184,-24.235526059148235,10.7930342393124,-3.1612413242411534,21.905485300190648,2.955788149278564,19.964818310612173,-6.070637814769164,-21.12601734400303,-8.551955805985125,-13.308067213307906,-29.897409142132176,-24.978801989403703,-12.150509365381007,15.047912336135312,1.468419738758188,6.5598282341949306,9.79941795362269,1.540056308687316,0.37976984262276575,-12.879491354876802
-34.88925931129585,12.420591448639268,0.13731878998821748,-5.546267229774101,-21.593878184625257,58.976226699533086,-28.785504392411625,-25.877120113932325,2.146506596191049,7.999076573737299,96.96670731982715,61.73584759982576,-0.8959966498374311,21.61458823751255,51.7910707151943,43.897680266042336,20.92230291543487,18.648107389108986,113.28099972546745,78.56723031741964,60.09674998808959,32.17465161307123,-54.43690973696453,-65.08791313075594,-55.139993447012245,24.32644765865654,-7.848717269235367,51.89561617479528,8.04549641252996,46.03453348528137,-13.880586772981637,-47.677811450326374,-20.050015372847813,-31.549673327640377,-69.5717404457782,-58.597598981363376,-28.804569839311036,33.59694049450206,2.620642029064563,15.233865116342331,22.318202035089275,4.347599843354539,2.086733940354242,-30.01120926831337
-30.47940517067347,11.065199622497605,-0.0902967654209309,-5.110518377059451,-18.92883001101805,50.58009052451941,-24.34140706475364,-22.51319528137966,1.431419911089547,6.495864436584051,83.38580730262215,53.11990235398464,-1.1369092051806136,18.62879701263563,43.897680266042336,37.5356743082833,17.84231973627996,15.756019341212697,97.45810294894915,67.38524233531497,51.78510179477423,27.3384043644222,-46.84656482147261,-56.275382975504286,-47.719434728272795,21.258341661749956,-6.607582893485094,43.96679843146161,6.53475358526293,39.39531823091082,-11.951079741276466,-41.258801153250566,-17.06806429935569,-26.85396049475296,-59.605764788805736,-50.043188092317486,-24.60760958553702,29.16999233122527,2.603316604539645,13.116638745817449,19.14170399596977,3.298071468421364,1.5922209258036844,-25.68077919929856
-14.373698616170255,5.240231018928035,-0.08922134302424607,-2.3848702491822134,-8.998965681835212,23.71579358674267,-11.53996915908206,-10.655719764687344,0.6414578257048613,3.0689966713443484,39.370396835405025,25.192248458502114,-0.24921568692369322,8.671350718458031,20.92230291543487,17.84231973627996,8.574637915121166,7.351399325515849,45.89715730287532,31.958719660790408,24.433480170893585,12.852172947801318,-22.06486495093391,-26.40880899617207,-22.46837828063177,10.059294468258273,-3.0694085779446723,20.751658913632095,3.1578990888095992,18.518126034198495,-5.600886697809726,-19.224866126640766,-8.050483405826656,-12.620420842412482,-28.164383248166846,-23.59243920057118,-11.65999458838394,13.668100783191564,1.225522645912941,6.232145671827994,8.985161339496043,1.626237099861235,0.914722476732156,-12.04524930513362
-12.471249794806216,4.24549790198709,0.29845808537788704,-1.9077670872174468,-7.536406755911994,21.857519710618817,-10.541247469592507,-9.157948497874434,1.0178713856291184,3.0813757678475544,35.187308723478516,22.105905608612243,-0.7431436343564143,8.042931956571453,18.648107389108986,15.756019341212697,7.351399325515849,7.109992782013221,41.3432191695601,28.28520055569669,21.808137061821107,11.94281605749293,-19.85816713870874,-23.770154087332433,-19.97150664480028,8.612620571919964,-3.043834633123977,19.15896722955008,2.959450520275398,16.955060957913524,-5.108707426174866,-17.739868995492564,-7.369752286489388,-11.741375824688124,-25.272826531204363,-21.538326990023062,-10.445046386779332,12.286060245986768,0.7980271744349022,5.460008831895073,8.210894020214676,1.5961717817858414,0.47938393520410044,-11.109384048901168
-80.4451642012399,29.267647346949303,-0.1442624288745101,-13.893458430225323,-49.730770811714905,133.10676959424416,-63.06095626275568,-59.00437034383667,3.361290534021262,16.5972583304181,218.35696453209738,138.53967283363977,-4.635078366706788,49.22914133343515,113.28099972546745,97.45810294894915,45.89715730287532,41.3432191695601,255.79316765105565,175.5751563454604,135.8741078185739,71.40148618230856,-122.93325320142516,-148.31010609458548,-125.51175648790397,55.956695780830785,-17.426462900634746,114.40623411227071,16.3848608917637,103.26180584591611,-31.47998413366155,-109.52143647005771,-44.500796898116505,-70.35443192248297,-155.65025659965937,-130.86134965432385,-64.09238294195457,77.16469454827849,7.265073865861441,34.22610818787625,50.23481567596213,7.708333756136727,3.1500540869550337,-67.45036188741308
-55.15511880519535,20.08690747378849,-0.2555180292861989,-9.394593781045147,-34.24833281910681,91.10546968576512,-43.565910925233645,-40.68369134326322,2.323777522628465,11.481172858472783,150.14552803097078,95.62464920283317,-2.3735483337646652,33.67345996083402,78.56723031741964,67.38524233531497,31.958719660790408,28.28520055569669,175.5751563454604,121.18085591313039,93.31767990341288,49.10372392736221,-84.4113398694384,-101.59515850560147,-86.11891177926451,38.46839448670465,-11.825708053438127,78.80579378254649,11.509764347835691,70.87168943260384,-21.548762576741172,-74.587176526486,-30.647222463176632,-48.231031603176504,-107.1661582267888,-89.94525593765148,-44.17084067585914,52.76890370936702,4.902142909247713,23.626498060233413,34.46480775850805,5.642893790731421,2.6135936089710516,-46.18676442278176
-42.88972217870851,15.682574708836448,-0.11550431886426166,-7.482402079774023,-26.60678176375447,70.63051323461309,-33.41636749157821,-31.40078946379915,1.6342701218111113,8.736951962447673,116.06273852879396,73.67835898774302,-2.40546902591289,26.01790876853876,60.09674998808959,51.78510179477423,24.433480170893585,21.808137061821107,135.8741078185739,93.31767990341288,72.27765766902994,37.78009819361301,-65.2958028584689,-78.79184082400491,-66.75060227595745,29.864251428137806,-9.224797560028339,60.5950728204424,8.653461894849597,54.75834143050202,-16.720160853001314,-58.16468303760951,-23.59370381660735,-37.32283351091805,-82.64637865633108,-69.44861893597475,-34.052819456882126,41.012088912490476,3.9628427589058166,18.208040382390084,26.63086442976492,3.967039572014072,1.7107951987993948,-35.78289315602695
-21.91560924028151,7.706139823653474,0.15771824400946846,-3.499075475623126,-13.389951392347053,37.38746219490808,-17.985838796293876,-16.236679264937923,1.3885702213834397,5.0208578630489695,60.89378748603508,38.599512108329954,-1.0505903028657637,13.927596150648482,32.17465161307123,27.3384043644222,12.852172947801318,11.94281605749293,71.40148618230856,49.10372392736221,37.78009819361301,20.426365595242046,-34.3252752142942,-41.223564615453746,-34.743148390317565,15.226333138619744,-4.986802484133824,32.66211172663752,4.9164003079440715,29.122992443899257,-8.79809786923574,-30.422859535692528,-12.632951747308223,-19.92914869020295,-43.66226611864365,-36.89452074767381,-17.98445859447746,21.343738773299247,1.640161260501964,9.508592302444214,14.151904495227138,2.6423684003491554,0.9384478316259632,-18.974355999612264
38.68906512853268,-14.084197721326268,0.11535796973467678,6.689866048504818,23.92155475684416,-63.943366946213864,30.28370588029447,28.41056578118402,-1.5807966455564901,-7.943011956662431,-104.94902326471797,-66.6273913181022,2.2079738512378504,-23.706771901598337,-54.43690973696453,-46.84656482147261,-22.06486495093391,-19.85816713870874,-122.93325320142516,-84.4113398694384,-65.2958028584689,-34.3252752142942,59.09608732888846,71.31470322534592,60.34819210774923,-26.92111024451438,8.340963964539078,-54.950720537487165,-7.850238915411793,-49.624614133007306,15.13220981023117,52.619832519976384,21.387792549584667,33.77483302139788,74.80789922864079,62.869378011081174,30.782326081938454,-37.1107458664694,-3.5111517208503304,-16.460856762534437,-24.15308102946004,-3.704887539875581,-1.510637935786715,32.38990727500353
47.02671293546979,-17.29152597947855,0.3867974499104767,8.329692006377241,29.071747210372653,-77.0114251133332,36.15301575982613,34.55916348031396,-1.5979899211486823,-9.259041972823766,-126.52134017880965,-80.3941921480974,3.0617448986994975,-28.82722143525184,-65.08791313075594,-56.275382975504286,-26.40880899617207,-23.770154087332433,-148.31010609458548,-101.59515850560147,-78.79184082400491,-41.223564615453746,71.31470322534592,86.39201957097414,73.05712777738796,-32.73285691873671,9.903086910739887,-65.75178954835982,-9.099348130426122,-59.76174816985012,18.291579175193238,63.72305650016686,25.664954076090538,40.457717282579026,90.04049962248874,75.49432927203607,36.9306004620956,-45.04914461898077,-4.517572679309733,-19.83569175239798,-29.15978728374693,-4.15652331199882,-1.5724203462535162,38.96433604069688
39.92731618810881,-14.76038560615927,0.3747511102116165,7.121163188396564,24.776188314002123,-65.05964228878163,30.57769915693946,29.310237561722428,-1.239559626124663,-7.765739836135306,-107.16717401972207,-68.16162273317356,2.446523756141172,-24.235526059148235,-55.139993447012245,-47.719434728272795,-22.46837828063177,-19.97150664480028,-125.51175648790397,-86.11891177926451,-66.75060227595745,-34.743148390317565,60.34819210774923,73.05712777738796,61.885828700537495,-27.815276008519472,8.33832774710685,-55.51879982142453,-7.695450975234462,-50.47534378182941,15.450667061184298,53.821490000931064,21.685112955054258,34.17528477930254,76.22427839399853,63.84117753195938,31.299832504464618,-38.10035021589099,-3.8976224144587537,-16.831483512175943,-24.61387854779222,-3.457205835208658,-1.4509317119613128,32.923753301970876
-18.18480492567506,6.908426578220433,-0.41707090353909865,-3.410211310996425,-11.40001302554457,28.75610723009178,-13.366797534584588,-13.365652055344976,0.18063098693195503,3.1637744233304708,47.84306584134035,30.61100789620968,-1.0768450632077171,10.7930342393124,24.32644765865654,21.258341661749956,10.059294468258273,8.612620571919964,55.956695780830785,38.46839448670465,29.864251428137806,15.226333138619744,-26.92111024451438,-32.73285691873671,-27.815276008519472,12.722269763200778,-3.529640362814099,24.265108546473492,3.1931087876001185,22.314775679774918,-6.8712361988840485,-23.968764006244978,-9.540533536752811,-14.952337295909627,-33.88189057797093,-28.173767146671167,-13.869712590900901,17.14868731516456,2.0244649668716628,7.56736117430984,10.913265670361358,1.2855634251653323,0.6310073313656349,-14.502951262040858
5.164229495018265,-1.6964542706065098,-0.34445053929317815,0.7770540692570557,3.146589851970002,-9.385104053800195,4.537278243332436,3.6019381501531718,-0.5605377830616907,-1.445121656557329,-14.865181538004483,-9.122776342085253,0.41300011307669704,-3.1612413242411534,-7.848717269235367,-6.607582893485094,-3.0694085779446723,-3.043834633123977,-17.426462900634746,-11.825708053438127,-9.224797560028339,-4.986802484133824,8.340963964539078,9.903086910739887,8.33832774710685,-3.529640362814099,1.4807188871188015,-8.204068169522817,-1.3528290647853511,-7.154153162639123,2.1905294622500593,7.601696426354655,3.1290368386555865,5.175434230559046,10.643259764413354,9.252547079361305,4.47518208717867,-5.084228844580463,-0.24260927243446617,-2.273889145232671,-3.4208485637585357,-0.6270510303791093,-0.23468080702267732,4.814758862399552
-34.95199956501284,12.227780713043668,0.5072149833291233,-5.505390897276769,-21.444897544667604,60.018426527082255,-29.09144402869382,-25.717442504188668,2.4453110149683,8.291386851716107,97.70549060722567,61.76731665066344,-1.4980679116430147,21.905485300190648,51.89561617479528,43.96679843146161,20.751658913632095,19.15896722955008,114.40623411227071,78.80579378254649,60.5950728204424,32.66211172663752,-54.950720537487165,-65.75178954835982,-55.51879982142453,24.265108546473492,-8.204068169522817,52.63264023933444,8.147043760249908,46.655044193600325,-14.089485096338924,-48.65500058542028,-20.300575911621404,-32.19688213113319,-70.0830328506148,-59.384668863934174,-29.020385780487025,33.95247875618813,2.4648998693751274,15.244342868209415,22.593783689123242,4.318584620564411,1.7525347415348325,-30.541838303854938
-4.60812990466456,1.4246087080072332,0.3242288163213705,-0.5047102857843417,-2.8197879851722014,8.759699674876536,-4.575420054904297,-3.3921988669552112,0.7191091518784019,1.5590188285663993,14.0837363671563,8.830373954844877,0.15403440032464713,2.955788149278564,8.04549641252996,6.53475358526293,3.1578990888095992,2.959450520275398,16.3848608917637,11.509764347835691,8.653461894849597,4.9164003079440715,-7.850238915411793,-9.099348130426122,-7.695450975234462,3.1931087876001185,-1.3528290647853511,8.147043760249908,1.556754781346553,6.833722416070334,-2.007949369462401,-6.751001334102617,-3.0722437636248436,-4.929501084004055,-10.26890999940175,-8.889551789309873,-4.358551175761979,4.577651854030435,0.03263231986904748,2.184879469573299,3.2477387544666683,0.9771155725966444,0.49397061515791735,-4.521049121655738
-32.11881657160524,11.517884248952628,0.10641524984676218,-5.375007567908957,-19.747153548497405,53.920705955599765,-25.701712453475526,-23.62111275253408,1.683260789654783,6.967011805191305,88.09752823986008,55.81437017209111,-1.7981229011007258,19.964818310612173,46.03453348528137,39.39531823091082,18.518126034198495,16.955060957913524,103.26180584591611,70.87168943260384,54.75834143050202,29.122992443899257,-49.624614133007306,-59.76174816985012,-50.47534378182941,22.314775679774918,-7.154153162639123,46.655044193600325,6.833722416070334,41.88646385471211,-12.726183257267389,-44.17256169842816,-18.09779052270102,-28.62066161997189,-62.9589260489748,-53.07597583966312,-25.939574056559835,31.013148856897242,2.6702061486555873,13.766675267539158,20.36346149850774,3.4037000531042065,1.2976508365591528,-27.358590307138744
9.887658963719765,-3.579267398497409,-0.008561106024527436,1.71395678217966,6.109619513605113,-16.436188563004375,7.751306990107653,7.222221155440055,-0.43575834003009095,-2.066463280388788,-26.868412983598592,-16.997234865916028,0.6520183277973075,-6.070637814769164,-13.880586772981637,-11.951079741276466,-5.600886697809726,-5.108707426174866,-31.47998413366155,-21.548762576741172,-16.720160853001314,-8.79809786923574,15.13220981023117,18.291579175193238,15.450667061184298,-6.8712361988840485,2.1905294622500593,-14.089485096338924,-2.007949369462401,-12.726183257267389,3.9122519857838496,13.554395499983682,5.483571405239487,8.708558527293322,19.136494682008767,16.138094575446196,7.870884721414539,-9.512258850768944,-0.8790717640720509,-4.19883608051174,-6.198841205411259,-0.9233896824248473,-0.3533627743178444,8.337864788800829
34.56501843910945,-12.55869700508412,-0.10072793437360066,6.130693952393938,21.286023903905495,-57.260593086166416,26.716558880077535,25.095975381211428,-1.3609729675766344,-7.0119479651161205,-93.30894770985739,-58.84579475751958,2.76322041472821,-21.12601734400303,-47.677811450326374,-41.258801153250566,-19.224866126640766,-17.739868995492564,-109.52143647005771,-74.587176526486,-58.16468303760951,-30.422859535692528,52.619832519976384,63.72305650016686,53.821490000931064,-23.968764006244978,7.601696426354655,-48.65500058542028,-6.751001334102617,-44.17256169842816,13.554395499983682,47.51535857791501,18.963708395447195,30.201607737799698,66.31114985674782,55.94252190642941,27.262985790086002,-33.252274143489544,-3.2253706141092686,-14.548755911563964,-21.497495488754506,-2.8904284662980047,-0.9150239344957981,28.988887076499736
13.72024826310589,-4.861134587482517,-0.11759253450796646,2.2280196758066557,8.44539594648094,-23.28753338456777,11.21226244254576,10.10510216871219,-0.8345843334187084,-3.1211109352077018,-38.015032227942235,-24.07827616262933,0.637465045240067,-8.551955805985125,-20.050015372847813,-17.06806429935569,-8.050483405826656,-7.369752286489388,-44.500796898116505,-30.647222463176632,-23.59370381660735,-12.632951747308223,21.387792549584667,25.664954076090538,21.685112955054258,-9.540533536752811,3.1290368386555865,-20.300575911621404,-3.0722437636248436,-18.09779052270102,5.483571405239487,18.963708395447195,7.8638043626861744,12.432245683977056,27.216693508242454,23.005247020201423,11.240842266763641,-13.278193301137986,-1.048617056259783,-5.93947900695953,-8.781150360044595,-1.5876393165374365,-0.6439138850796188,11.834204557490683
21.585095127897116,-7.551726458557804,-0.4572397143928833,3.4964468214122064,13.273075139748991,-37.05025037180035,17.77558665024693,15.656333372857848,-1.437009186137277,-5.076186637941838,-60.069522138254676,-37.757790144772606,1.2189356569822618,-13.308067213307906,-31.549673327640377,-26.85396049475296,-12.620420842412482,-11.741375824688124,-70.35443192248297,-48.231031603176504,-37.32283351091805,-19.92914869020295,33.77483302139788,40.457717282579026,34.17528477930254,-14.952337295909627,5.175434230559046,-32.19688213113319,-4.929501084004055,-28.62066161997189,8.708558527293322,30.201607737799698,12.432245683977056,19.91501550417581,42.9449405754388,36.536855767842475,17.81374832901745,-20.934211373467537,-1.574138975462626,-9.34632863148724,-13.836308762322036,-2.403240372948649,-0.9486388044754246,18.85255872435232
48.676044459511786,-17.628185477132398,0.03494485352403191,8.229639464542055,30.10436230415712,-80.98786926732,38.70164594114391,35.83269626023377,-2.307747547098679,-10.338678727937253,-132.98213162384258,-84.47407352047021,2.375803117176804,-29.897409142132176,-69.5717404457782,-59.605764788805736,-28.164383248166846,-25.272826531204363,-155.65025659965937,-107.1661582267888,-82.64637865633108,-43.66226611864365,74.80789922864079,90.04049962248874,76.22427839399853,-33.88189057797093,10.643259764413354,-70.0830328506148,-10.26890999940175,-62.9589260489748,19.136494682008767,66.31114985674782,27.216693508242454,42.9449405754388,94.98271972939567,79.86790318676505,39.163858131815864,-46.72830494126479,-4.185830824176817,-20.85082238515003,-30.606519944751668,-5.068525172621455,-2.208331152268718,41.101041756275954
40.55597281837252,-14.436251513941604,-0.37387969924965553,6.716552469271221,25.018070113582297,-68.47979971188144,32.79512431355686,29.6691336043325,-2.27735858746091,-9.04467889193561,-111.77601841509905,-70.66857821876805,2.1005208290489175,-24.978801989403703,-58.597598981363376,-50.043188092317486,-23.59243920057118,-21.538326990023062,-130.86134965432385,-89.94525593765148,-69.44861893597475,-36.89452074767381,62.869378011081174,75.49432927203607,63.84117753195938,-28.173767146671167,9.252547079361305,-59.384668863934174,-8.889551789309873,-53.07597583966312,16.138094575446196,55.94252190642941,23.005247020201423,36.536855767842475,79.86790318676505,67.54017270428113,33.01692559964275,-39.130862460192006,-3.2410585878999014,-17.47547979773506,-25.737812761088207,-4.367197958880549,-1.8055737051517697,34.7822231824906
19.94012216468446,-7.175987516981034,-0.11321256656042726,3.322984489143248,12.352178761663046,-33.414618943078025,16.06349219602967,14.609155768827794,-1.0596190054828238,-4.379721914481841,-54.79762704969347,-34.732983278513295,0.8875338144539476,-12.150509365381007,-28.804569839311036,-24.60760958553702,-11.65999458838394,-10.445046386779332,-64.09238294195457,-44.17084067585914,-34.052819456882126,-17.98445859447746,30.782326081938454,36.9306004620956,31.299832504464618,-13.869712590900901,4.47518208717867,-29.020385780487025,-4.358551175761979,-25.939574056559835,7.870884721414539,27.262985790086002,11.240842266763641,17.81374832901745,39.163858131815864,33.01692559964275,16.216886413860298,-19.129534778506137,-1.6340066766704362,-8.58373074322998,-12.573760959169789,-2.145155900925138,-1.0002554777364396,16.988362585182674
-24.63253771950995,9.106569528287903,-0.2795681588044867,-4.446387859698982,-15.232945436433095,40.01601446453375,-18.639641637952444,-18.078443481467733,0.6505977791973203,4.665049213420747,65.7898579851568,41.820307938479466,-1.7257411111873124,15.047912336135312,33.59694049450206,29.16999233122527,13.668100783191564,12.286060245986768,77.16469454827849,52.76890370936702,41.012088912490476,21.343738773299247,-37.1107458664694,-45.04914461898077,-38.10035021589099,17.14868731516456,-5.084228844580463,33.95247875618813,4.577651854030435,31.013148856897242,-9.512258850768944,-33.252274143489544,-13.278193301137986,-20.934211373467537,-46.72830494126479,-39.130862460192006,-19.129534778506137,23.56491696627959,2.4917560226541466,10.33300086657761,15.147775051155572,1.9909320181267047,0.6959435812329883,-20.202137799773467
-2.8511597641727984,1.3049855975985554,-0.34888381770669047,-0.7673174519976357,-1.8649848442575556,3.473615586498387,-1.3201249314175068,-2.080936793911779,-0.43886624730647306,-0.005017545027185434,6.197381308882503,4.108439932961273,-0.3526625884452646,1.468419738758188,2.620642029064563,2.603316604539645,1.225522645912941,0.7980271744349022,7.265073865861441,4.902142909247713,3.9628427589058166,1.640161260501964,-3.5111517208503304,-4.517572679309733,-3.8976224144587537,2.0244649668716628,-0.24260927243446617,2.4648998693751274,0.03263231986904748,2.6702061486555873,-0.8790717640720509,-3.2253706141092686,-1.048617056259783,-1.574138975462626,-4.185830824176817,-3.2410585878999014,-1.6340066766704362,2.4917560226541466,0.6484214723389993,1.0252324113305462,1.354473103691235,-0.23103478155801027,-0.06845843625514555,-1.6798305748331905
-10.841330357657576,3.972656566177868,-0.09696137225881722,-1.885901325348279,-6.755056664572851,17.717253944305874,-8.427282658903817,-7.9822874121205025,0.3600351007122574,2.1653669173481886,29.27762217587761,18.668169011640334,-0.4732123132081574,6.5598282341949306,15.233865116342331,13.116638745817449,6.232145671827994,5.460008831895073,34.22610818787625,23.626498060233413,18.208040382390084,9.508592302444214,-16.460856762534437,-19.83569175239798,-16.831483512175943,7.56736117430984,-2.273889145232671,15.244342868209415,2.184879469573299,13.766675267539158,-4.19883608051174,-14.548755911563964,-5.93947900695953,-9.34632863148724,-20.85082238515003,-17.47547979773506,-8.58373074322998,10.33300086657761,1.0252324113305462,4.629691286309118,6.699691382832842,1.0224819443449196,0.4898822199289058,-8.959559983116085
-15.695752427885953,5.667788113488905,-0.03814536376652814,-2.658954180478259,-9.646421539145654,26.175538700799642,-12.43112971947018,-11.589065796207063,0.7533483410647788,3.3138979403030326,42.84183980605241,27.19741822422946,-0.9163841636332268,9.79941795362269,22.318202035089275,19.14170399596977,8.985161339496043,8.210894020214676,50.23481567596213,34.46480775850805,26.63086442976492,14.151904495227138,-24.15308102946004,-29.15978728374693,-24.61387854779222,10.913265670361358,-3.4208485637585357,22.593783689123242,3.2477387544666683,20.36346149850774,-6.198841205411259,-21.497495488754506,-8.781150360044595,-13.836308762322036,-30.606519944751668,-25.737812761088207,-12.573760959169789,15.147775051155572,1.354473103691235,6.699691382832842,9.92598897632083,1.6232339635244397,0.5964468567940862,-13.272093984080271
-1.839042979423583,0.4390420038927862,0.16153244984803028,0.02226595268460774,-1.043084364313355,4.132133309797431,-2.4404536334124356,-1.5730349213268993,0.6244414904391362,0.9530470814613834,6.633558664961287,4.284322112453728,0.41465188447078954,1.540056308687316,4.347599843354539,3.298071468421364,1.626237099861235,1.5961717817858414,7.708333756136727,5.642893790731421,3.967039572014072,2.6423684003491554,-3.704887539875581,-4.15652331199882,-3.457205835208658,1.2855634251653323,-0.6270510303791093,4.318584620564411,0.9771155725966444,3.4037000531042065,-0.9233896824248473,-2.8904284662980047,-1.5876393165374365,-2.403240372948649,-5.068525172621455,-4.367197958880549,-2.145155900925138,1.9909320181267047,-0.23103478155801027,1.0224819443449196,1.6232339635244397,0.8864716986791932,0.400548491666416,-2.1703180066097443
-0.8487335934336895,0.3103729733490902,0.0035375755243524896,-0.021979043362416288,-0.6349260829899922,1.5198511983202814,-1.0844474439413347,-0.7029607252734291,0.20265656530300302,0.3770478159920743,2.89606177806679,1.988070878622747,0.5153432760220498,0.37976984262276575,2.086733940354242,1.5922209258036844,0.914722476732156,0.47938393520410044,3.1500540869550337,2.6135936089710516,1.7107951987993948,0.9384478316259632,-1.510637935786715,-1.5724203462535162,-1.4509317119613128,0.6310073313656349,-0.23468080702267732,1.7525347415348325,0.49397061515791735,1.2976508365591528,-0.3533627743178444,-0.9150239344957981,-0.6439138850796188,-0.9486388044754246,-2.208331152268718,-1.8055737051517697,-1.0002554777364396,0.6959435812329883,-0.06845843625514555,0.4898822199289058,0.5964468567940862,0.400548491666416,0.4614031135776661,-0.8408017711779243
20.918217514018135,-7.462910987893838,-0.23708510315650813,3.50337320849459,12.870925538957955,-35.35889502262238,16.846096075170287,15.241030819032048,-1.1968896215294607,-4.652508640113329,-57.5544013961028,-36.28562719399599,1.3117439225738943,-12.879491354876802,-30.01120926831337,-25.68077919929856,-12.04524930513362,-11.109384048901168,-67.45036188741308,-46.18676442278176,-35.78289315602695,-18.974355999612264,32.38990727500353,38.96433604069688,32.923753301970876,-14.502951262040858,4.814758862399552,-30.541838303854938,-4.521049121655738,-27.358590307138744,8.337864788800829,28.988887076499736,11.834204557490683,18.85255872435232,41.101041756275954,34.7822231824906,16.988362585182674,-20.202137799773467,-1.6798305748331905,-8.959559983116085,-13.272093984080271,-2.1703180066097443,-0.8408017711779243,17.984434860980247
