V1,V2,V3,V4,V5,V6,V7,V8,V9,V10,V11,V12,V13,V14,V15,V16,V17,V18,V19,V20,V21,V22,V23,V24,V25,V26,V27,V28,V29,V30,V31,V32,V33,V34,V35,V36,V37,V38,V39,V40,V41,V42,V43,V44
2.322747324933321,-1.3931689479561282,1.561558842759102,-0.12754894840259579,-0.5217680671801905,0.5416961148889182,2.2182006255534032,2.3568919776608985,0.14411184124562568,0.15168066825577792,0.4276587945823122,-0.5507022723391984,1.567778807879864,0.627446400146948,0.7229533944589972,-2.3078215177072083,-1.5783661581175894,-0.6736432314487768,0.3213090723688774,-1.5177900458177802,0.6244578693268446,1.1644321463326368,-0.26376380526071297,0.12236712984960606,1.3680472399531098,-0.2391063411831206,-0.454331882856639,-0.23141397797079724,1.7099074834109393,0.6353425058111382,-0.9546388640212093,-0.8841066536944653,0.49400185821114545,-0.3201294678185003,-0.4884848010204668,-0.9243233478593725,1.2858301077426515,-1.3748078987923196,0.05881881179065578,-0.7761464330601715,-0.14014717419469214,-0.5043838710671217,-0.3336651008264552,-0.5033958202183966
-1.3931689479561282,1.8942711625398663,-1.3934638657591811,-0.31055455139726795,-0.13299258070310335,-0.15347174227726285,-1.4774631753740184,-2.1882565663341644,0.287364202053478,-0.04954864425481389,-0.11534541322243676,0.6070154434796556,-0.2220969227466343,0.002359992686974125,-0.04023534486961982,1.8959818283143293,0.12060818481795388,0.6952011910794803,0.10374386401176029,1.7736790066991686,-0.5325751608241424,-1.0275291146767835,0.4657033463028743,-1.028403801723994,-0.8815464328618556,-0.304970158373639,0.24075686708267569,-0.7401523656224718,-1.4838268943221344,-0.5177708929421928,0.36025661426037703,1.0879054675568267,-0.5436328942628104,0.37857980900936866,-0.5112913676440853,0.7622935014089808,-1.6427354625482449,1.0537785899761773,0.5514872880022046,0.9758521469772968,-0.31617652862967915,0.3054418767011858,-0.1474712635509098,-0.059420435198572166
1.561558842759102,-1.3934638657591811,2.4361420404843663,-1.5500772054260512,-0.0887034988805302,0.429937988357634,0.2608700628165133,2.389110842664688,0.37860731117843316,0.3235233127375002,-0.1985102606991878,-0.43308556635776757,0.3421471714299082,0.8904877196613588,-0.43894800601963296,-0.34413894939524364,-1.6778795075729338,0.21600373693685884,0.9336570298360382,-0.8106809724650987,-0.0626599457536742,0.7185399947930038,0.5499738934925026,-0.31824769857628066,0.2692160203858688,0.13878804412790638,0.2812867883431583,1.4753595534463897,1.0823249207233958,0.25363928111203154,-0.3092066088773517,-0.7445488400779667,0.4322334409299838,-0.10308488226737782,-0.686851506497332,-0.48252236555122374,1.151308934915079,-1.4323767272097572,-0.4376710347693373,-1.807920702603109,-0.15140656556412202,-0.2820714461023123,0.19620079620609238,-1.129155991302417
-0.12754894840259579,-0.31055455139726795,-1.5500772054260512,2.65864053201127,0.3175755354243129,-0.3327623583077371,1.9323722065104374,-0.4099973400018623,-0.9866481951444579,-0.26468532936053457,0.5364757157646639,-0.16562887870272983,0.258735191815514,-1.2409336109045503,0.9918905398591061,-2.2129577985078366,1.7907446438385717,-1.26451353022027,-1.3613273356903763,-1.1375119686635147,1.026186400504077,0.32379713815176814,-1.4064595150676091,1.6404246202840167,1.1145837843086708,0.07641775742790055,-0.8814061277882705,-1.4817449987910147,0.5073253324318737,0.44004241408700556,-0.24364239463015497,-0.46890580955996886,0.031949349551841144,-0.26694899113868253,1.4475813376930229,-0.5270048906554149,0.47317692484957713,0.592047743102314,0.13504623637307878,1.4777111862413437,0.6711215415398938,-0.11997479314232301,-0.40498235356997525,1.5280249412578548
-0.5217680671801905,-0.13299258070310335,-0.0887034988805302,0.3175755354243129,0.5957166579206316,-0.23479206463469657,-0.3555741725780891,-0.06484007578326423,-0.38106622941995233,0.09322823957777394,-0.15048683116850778,-0.02196980899635942,-0.6468835179899983,-0.510699500798278,-0.2836578527003549,0.2596967759701868,0.7348248792138755,-0.024551059411581456,-0.2254018595703875,-0.03677208004521175,0.14530474895454723,-0.18414683976263768,-0.12092183728642214,0.5466149732187142,-0.09228425664417371,0.32796476927682783,0.016800210783188798,0.43207596367714624,-0.11556779165348283,0.02008004524464703,0.29035019414112606,-0.26288550622751095,-0.07077518294322234,0.04647619419007895,0.544869994697524,-0.06118113157020816,0.19448662358028965,0.233938518296536,-0.25599050653996247,0.014353497635805809,0.39910999550808207,0.026791092721388052,0.058618485801574104,0.2868394141939677
0.5416961148889182,-0.15347174227726285,0.429937988357634,-0.3327623583077371,-0.23479206463469657,0.2644441980486883,0.29996462772005683,0.4787863292843404,0.29130703170571726,0.026906165185074018,0.08436869069636793,-0.10233624586472267,0.4214809359057193,0.35569809302498717,0.10760669348746588,-0.2588765378196605,-0.6248400786014779,0.033281317940642104,0.2618868691369443,-0.18626586234228787,0.0049505165771587655,0.19468380344039504,0.10534196336065835,-0.26080450664076044,0.1602196861270906,-0.11083817942866743,-0.034501419016143293,-0.02049911355059434,0.28208884671098944,0.08500784156944687,-0.16428669811638194,-0.06399835657515045,0.14208361390426166,0.01423956182714817,-0.40964806239518975,-0.0824232157309439,0.17907414317797754,-0.3123130160111992,0.05733960734853452,-0.29710424855755857,-0.20865120786252522,-0.10630143429948476,-0.024453417099266656,-0.3086947678842087
2.2182006255534032,-1.4774631753740184,0.2608700628165133,1.9323722065104374,-0.3555741725780891,0.29996462772005683,3.7959879538882046,1.8737196405109275,-0.5553681232473824,-0.0625309165863796,0.8536366275395796,-0.6532153618314213,1.9158584186430003,-0.25900744527075237,1.605755512906965,-4.028661240277068,-0.30009786830195945,-1.6280731108652702,-0.7474896664043864,-2.3157769249814066,1.398255175162679,1.409657323463566,-1.3469266395684751,1.2922475659095933,2.24660488644891,-0.2563659693859063,-1.182632693328778,-1.5782625066233122,2.0470941729950756,0.9887413792497529,-1.2021896682999333,-1.1524348205528023,0.4892763523672039,-0.5075630840064519,0.5432045608344688,-1.3490395150218246,1.523726748280529,-0.8439321527809241,0.2682172181948486,0.49956415851863983,0.29037366469483195,-0.6056791076200796,-0.7214554457993999,0.6447973217491862
2.3568919776608985,-2.1882565663341644,2.389110842664688,-0.4099973400018623,-0.06484007578326423,0.4787863292843404,1.8737196405109275,3.3570167831700912,-0.008062177087599726,0.3002563835132944,0.21930427346869236,-0.7594576987307726,0.9217308641081515,0.5093526585180794,0.18620170207797787,-2.157745031527111,-1.284810832936007,-0.6203055425442545,0.4367450154274613,-1.9287472669010468,0.608446157784244,1.2074292774939719,-0.14949068615974767,0.6134103771335198,1.2670935396461371,0.15318478834950905,-0.23023780608093225,0.9323347220044539,1.9704093451586784,0.6878989446171325,-0.7034181380507448,-1.417118918887812,0.6942271208780008,-0.39548395611924314,-0.12433131701182525,-1.0093140152566744,2.016428315382853,-1.7113748550978685,-0.4516234042585388,-1.5847353133578763,0.1721166855206991,-0.575083044994045,0.0027188248848418533,-0.5471860450289944
0.14411184124562568,0.287364202053478,0.37860731117843316,-0.9866481951444579,-0.38106622941995233,0.29130703170571726,-0.5553681232473824,-0.008062177087599726,0.7805809007608336,-0.01956600269768168,-0.035781295740599975,0.04373477451449871,0.17903710439383155,0.67577507207783,-0.25080569008015213,0.7119427933305416,-0.7908133024527434,0.5122280942840116,0.4940964392184369,0.4362154641228351,-0.5023744003328239,-0.06643668118763647,0.4937581097512675,-0.7678328358081856,-0.46927474928743795,-0.20850391091406553,0.25380385950380646,0.2214902017377205,-0.2106269869159281,-0.16492722388928677,0.08934118991155421,0.32294108329573185,0.10147507723686237,0.0992012711411095,-0.810580151376022,0.37035247458809417,-0.2689747600979031,-0.10764420490756316,0.0934590696973758,-0.47726302337315035,-0.5421172638645614,-0.023440571928443638,0.1913332553818518,-0.6109657508839437
0.15168066825577792,-0.04954864425481389,0.3235233127375002,-0.26468532936053457,0.09322823957777394,0.026906165185074018,-0.0625309165863796,0.3002563835132944,-0.01956600269768168,0.15845058612164922,-0.03236742835933132,-0.00959776989919775,0.06321586518625881,0.0709840422398268,-0.034856350032645,0.12868455008956892,-0.3029718101061144,0.08955134449429,0.16686000617344904,0.0649727406948152,0.024836470733929826,-0.021717225364045224,0.1441517235121596,-0.09380052146537753,0.06546282990276382,0.03158424169588559,0.04669830188916113,0.19061126677745283,0.0688719967835537,0.03581883329082262,-0.05886729957582363,-0.13263414462490655,-0.025497345608353556,0.021088591813974465,-0.12334391076634423,-0.11048687918873486,0.08669382477725486,-0.1591614878346118,-0.005522390182082726,-0.17925224265453749,0.03670925137068588,-0.06684065763038688,-0.06383021976437707,-0.19279861359082417
0.4276587945823122,-0.11534541322243676,-0.1985102606991878,0.5364757157646639,-0.15048683116850778,0.08436869069636793,0.8536366275395796,0.21930427346869236,-0.035781295740599975,-0.03236742835933132,0.3377519530456363,-0.087423102591546,0.5365761421879972,-0.07478564694400035,0.4358183435227392,-0.8614999440187937,-0.0425893291119326,-0.344610276584876,-0.19160128973322144,-0.3856006790345059,0.2864173711667508,0.2319526006894645,-0.32707824199272445,0.20249769364083223,0.48316211998937614,-0.14505630230439961,-0.3080505993118126,-0.5703958041650827,0.3537399864809814,0.17890564257955696,-0.24754066988373663,-0.1739871201322872,0.10168150147268652,-0.11162825710076896,0.03944742065007972,-0.17252335109622244,0.2189207269156743,-0.0755756678324379,0.17234931690155542,0.2951920640866807,0.0010591311365028592,-0.16023536824754916,-0.17606710478949253,0.19181128304787518
-0.5507022723391984,0.6070154434796556,-0.43308556635776757,-0.16562887870272983,-0.02196980899635942,-0.10233624586472267,-0.6532153618314213,-0.7594576987307726,0.04373477451449871,-0.00959776989919775,-0.087423102591546,0.28250489894053726,-0.2149009273014777,-4.6899252557562455e-5,-0.0911906193668918,0.7863794352811004,0.06785659954913448,0.30047430834618993,0.0788982620486199,0.6405569857089525,-0.23994785769956917,-0.3344910117504218,0.18712969648345917,-0.3729471563715183,-0.3784421386113397,-0.04424057864627421,0.17231759787317022,-0.09263098997425798,-0.5813362478725312,-0.21505230064389527,0.16683769433613166,0.392489752209246,-0.20854973804794255,0.14363721466548834,-0.12462882696613795,0.3188324601509901,-0.5620656478484367,0.3437976871829286,0.15539876339753825,0.29759028019839784,-0.07973692244443759,0.16176830110311327,0.028058110255040212,-0.038640703279493975
1.567778807879864,-0.2220969227466343,0.3421471714299082,0.258735191815514,-0.6468835179899983,0.4214809359057193,1.9158584186430003,0.9217308641081515,0.17903710439383155,0.06321586518625881,0.5365761421879972,-0.2149009273014777,1.742957585827916,0.4513325677993779,1.0579041448274205,-1.7596886259568985,-1.291316894955913,-0.5487848194014766,0.10176648901992426,-0.6653499674064067,0.5379882388480112,0.6374865267240035,-0.28141758715828735,-0.23987715111422983,1.1667317780054802,-0.5099517127349171,-0.5732731937108622,-1.2196366463766777,0.951878412026408,0.45529439811901395,-0.8931518163985874,-0.2777862922339266,0.16366630358016143,-0.1576987436597276,-0.6121807481250005,-0.5983728940546352,0.3346412124790373,-0.6162539723357094,0.5373286944853859,0.22906463353329196,-0.2755792592564791,-0.38151334894584166,-0.5924876630759788,-0.2571889083765426
0.627446400146948,0.002359992686974125,0.8904877196613588,-1.2409336109045503,-0.510699500798278,0.35569809302498717,-0.25900744527075237,0.5093526585180794,0.67577507207783,0.0709840422398268,-0.07478564694400035,-4.6899252557562455e-5,0.4513325677993779,0.9148794924158073,-0.13816419760454263,0.4421758070683648,-1.3182467642599347,0.4649124260859299,0.6827276373473389,0.24005248165166465,-0.43569195167774066,0.15151991771868517,0.5944752807604918,-0.9103859368788484,-0.23046359409465675,-0.23554639317854162,0.26929859476395723,0.34581026662431386,0.07428010361776756,-0.09431743471053275,-0.16554743046206094,0.21725163020391494,0.11867664283386366,0.0407338171425906,-0.9340614180025221,0.12692560703631142,-0.09909030842427537,-0.5192538572174178,0.0964099844128313,-0.6991067967119735,-0.5396312689700623,-0.05660485237462848,0.10102969205177392,-0.849437468124385
0.7229533944589972,-0.04023534486961982,-0.43894800601963296,0.9918905398591061,-0.2836578527003549,0.10760669348746588,1.605755512906965,0.18620170207797787,-0.25080569008015213,-0.034856350032645,0.4358183435227392,-0.0911906193668918,1.0579041448274205,-0.13816419760454263,0.9916558232430707,-1.536017779131151,-0.1656017059824543,-0.6681450707983051,-0.38280253905458056,-0.5655627691302072,0.6127101504549554,0.36165716712204854,-0.5649027577161769,0.29307276567211527,0.9812034674008573,-0.2815716345735351,-0.5625369596753418,-1.2825925430516112,0.5504912879143338,0.3516653742381698,-0.6074070893908987,-0.18940191819418828,0.013372345878593551,-0.13273522823694378,0.09672474358438406,-0.47422939458813584,0.1565915056987606,-0.06379397119863706,0.4060443748399947,0.7545781998525909,0.05054220907850925,-0.21369747687614918,-0.520391159295143,0.35234900802830244
-2.3078215177072083,1.8959818283143293,-0.34413894939524364,-2.2129577985078366,0.2596967759701868,-0.2588765378196605,-4.028661240277068,-2.157745031527111,0.7119427933305416,0.12868455008956892,-0.8614999440187937,0.7863794352811004,-1.7596886259568985,0.4421758070683648,-1.536017779131151,4.458157259021669,-0.029807520486665462,1.8471739277863757,0.9006497692261949,2.745885771966851,-1.5276005483255346,-1.5897102764202005,1.559351582534846,-1.6734553690889418,-2.3583802953161075,0.1437266320227616,1.2449637679078496,1.4099487179965233,-2.302567797372449,-1.0677156872805904,1.1697044465446131,1.3669844350700402,-0.6147345620671769,0.5957154731282405,-0.8525039707106616,1.4533601987742744,-1.8648039405353614,0.9535997203897557,-0.0847168863275581,-0.3764768462771043,-0.4368375820438646,0.6047770436871969,0.6206777529911554,-0.845709127303191
-1.5783661581175894,0.12060818481795388,-1.6778795075729338,1.7907446438385717,0.7348248792138755,-0.6248400786014779,-0.30009786830195945,-1.284810832936007,-0.7908133024527434,-0.3029718101061144,-0.0425893291119326,0.06785659954913448,-1.291316894955913,-1.3182467642599347,-0.1656017059824543,-0.029807520486665462,2.6271385919814954,-0.4829490779198112,-1.194870848080953,-0.11478505664747435,0.22088031996847632,-0.43924392744008217,-0.7701662914824816,1.4441556495551078,-0.2551514236366598,0.42981458018334195,-0.1822944807794304,-0.20035271154664888,-0.559303228690883,-0.10584722774590062,0.624196199497558,-0.0021878404470362586,-0.13977696966517947,-0.10408960364494331,1.5894653427316554,0.25945240022436256,-0.073787055213909,1.1201214003493485,-0.3269508936355834,1.0016291783669549,0.6825338809062533,0.22741498919525632,0.22341229083143047,1.452975816623114
-0.6736432314487768,0.6952011910794803,0.21600373693685884,-1.26451353022027,-0.024551059411581456,0.033281317940642104,-1.6280731108652702,-0.6203055425442545,0.5122280942840116,0.08955134449429,-0.344610276584876,0.30047430834618993,-0.5487848194014766,0.4649124260859299,-0.6681450707983051,1.8471739277863757,-0.4829490779198112,0.9120866522105103,0.6208442431417603,1.0774830976369258,-0.7314931971565568,-0.5151490691575502,0.7684294823101262,-0.9407176475532769,-0.994539436324621,0.011829191493806604,0.5519736566310715,0.7454799201012396,-0.846743809296758,-0.41335760367458546,0.43744321198350367,0.5438545982681793,-0.16298337081245998,0.2815530624858376,-0.6438206734136852,0.577947781900751,-0.6723018207912818,0.1889164738848861,-0.005170669574103892,-0.4271853145876188,-0.34134342796279704,0.20399390634226502,0.30547498155424396,-0.6370790475082738
0.3213090723688774,0.10374386401176029,0.9336570298360382,-1.3613273356903763,-0.2254018595703875,0.2618868691369443,-0.7474896664043864,0.4367450154274613,0.4940964392184369,0.16686000617344904,-0.19160128973322144,0.0788982620486199,0.10176648901992426,0.6827276373473389,-0.38280253905458056,0.9006497692261949,-1.194870848080953,0.6208442431417603,0.8507799048281165,0.44757183466674844,-0.4191471947741335,-0.0603698293499792,0.6720063747136427,-0.9376788554738665,-0.39472552536384725,-0.06806639025493165,0.3789204464153166,0.7004854968756156,-0.11968364951592661,-0.14658057793150503,0.034047577654716714,0.1567371831362326,0.0223534529365966,0.18902834836360716,-0.8724937634192619,0.17322141512940165,-0.1165549535480638,-0.4366196614636894,0.00579596316606163,-0.7962660190764291,-0.3389857946731073,0.03172678911690993,0.1559878271772514,-0.8731261996348599
-1.5177900458177802,1.7736790066991686,-0.8106809724650987,-1.1375119686635147,-0.03677208004521175,-0.18626586234228787,-2.3157769249814066,-1.9287472669010468,0.4362154641228351,0.0649727406948152,-0.3856006790345059,0.6405569857089525,-0.6653499674064067,0.24005248165166465,-0.5655627691302072,2.745885771966851,-0.11478505664747435,1.0774830976369258,0.44757183466674844,2.10486164462672,-0.8843300712082232,-1.1717445503326922,0.928140702923152,-1.2870171444062077,-1.3322047709108238,-0.16717379703689214,0.62578173396224,0.08567365069467321,-1.6515344242675025,-0.6912076323165742,0.5436100989884276,1.1169925996866275,-0.5780454212948387,0.393131603384243,-0.6939661181054853,0.9423952361810413,-1.6591075417529308,0.8578871372318847,0.31366288174335566,0.359892659490743,-0.36021698190492785,0.3677606079224263,0.09372035836260773,-0.42559994145224184
0.6244578693268446,-0.5325751608241424,-0.0626599457536742,1.026186400504077,0.14530474895454723,0.0049505165771587655,1.398255175162679,0.608446157784244,-0.5023744003328239,0.024836470733929826,0.2864173711667508,-0.23994785769956917,0.5379882388480112,-0.43569195167774066,0.6127101504549554,-1.5276005483255346,0.22088031996847632,-0.7314931971565568,-0.4191471947741335,-0.8843300712082232,0.7576462773349882,0.40167498805638296,-0.625891501908906,0.7346729714951076,0.9497018086474527,0.02583189981243827,-0.49995697945046313,-0.6366251351375409,0.7417606824175447,0.39856860773099123,-0.3953795110930317,-0.5568186080946839,0.09276462543601771,-0.13643526389762725,0.46833411092003285,-0.5978083737276413,0.595839418066585,-0.19196646266941247,0.05201209702976606,0.36208666817797697,0.36356864541000755,-0.20102240412513891,-0.37800588069193464,0.43887085812768617
1.1644321463326368,-1.0275291146767835,0.7185399947930038,0.32379713815176814,-0.18414683976263768,0.19468380344039504,1.409657323463566,1.2074292774939719,-0.06643668118763647,-0.021717225364045224,0.2319526006894645,-0.3344910117504218,0.6374865267240035,0.15151991771868517,0.36165716712204854,-1.5897102764202005,-0.43924392744008217,-0.5151490691575502,-0.0603698293499792,-1.1717445503326922,0.40167498805638296,0.8702933361809748,-0.4309769006528512,0.44801981146893355,0.7687120259288994,-0.011455464808139871,-0.33464749170392455,-0.068461840377029,1.0403094277938623,0.4142769130594792,-0.4480384791564832,-0.5613749861855578,0.3323372576291853,-0.22452983962010858,0.08432342475650477,-0.5702184612164842,0.9095220191708406,-0.6625849388723984,-0.08969208442531518,-0.33664993117683906,0.008649136299700799,-0.21917114501508855,-0.08310032891024066,-0.041268479647524434
-0.26376380526071297,0.4657033463028743,0.5499738934925026,-1.4064595150676091,-0.12092183728642214,0.10534196336065835,-1.3469266395684751,-0.14949068615974767,0.4937581097512675,0.1441517235121596,-0.32707824199272445,0.18712969648345917,-0.28141758715828735,0.5944752807604918,-0.5649027577161769,1.559351582534846,-0.7701662914824816,0.7684294823101262,0.6720063747136427,0.928140702923152,-0.625891501908906,-0.4309769006528512,0.8542317362826047,-0.9495481926978,-0.7567647894189538,-0.04581403418314633,0.529530061705899,0.7247398715433864,-0.564108513901503,-0.34976143580527097,0.22622567949557254,0.40864281565395977,-0.1286800237138021,0.1822250116362023,-0.7355346615862987,0.43162976852852886,-0.5254910520652197,-0.11404216455272653,-0.023872893987073956,-0.607843568694656,-0.3290776513276593,0.10531165591236297,0.2060396700358809,-0.7353761447175686
0.12236712984960606,-1.028403801723994,-0.31824769857628066,1.6404246202840167,0.5466149732187142,-0.26080450664076044,1.2922475659095933,0.6134103771335198,-0.7678328358081856,-0.09380052146537753,0.20249769364083223,-0.3729471563715183,-0.23987715111422983,-0.9103859368788484,0.29307276567211527,-1.6734553690889418,1.4441556495551078,-0.9407176475532769,-0.9376788554738665,-1.2870171444062077,0.7346729714951076,0.44801981146893355,-0.9495481926978,1.6586817525918385,0.7805606275061832,0.35876899788142047,-0.5124919931069497,-0.16064781570073014,0.7672999241049265,0.42093050175861174,-0.06234953885036083,-0.7949086041585939,0.20082940273344813,-0.32020536472679756,1.3011535799637879,-0.5512848327229393,1.0149054366541246,0.07563182239979961,-0.3673598195593272,0.3194064941091332,0.6646654935924471,-0.17224934031841113,-0.0540049857329133,1.0225780709495407
1.3680472399531098,-0.8815464328618556,0.2692160203858688,1.1145837843086708,-0.09228425664417371,0.1602196861270906,2.24660488644891,1.2670935396461371,-0.46927474928743795,0.06546282990276382,0.48316211998937614,-0.3784421386113397,1.1667317780054802,-0.23046359409465675,0.9812034674008573,-2.3583802953161075,-0.2551514236366598,-0.994539436324621,-0.39472552536384725,-1.3322047709108238,0.9497018086474527,0.7687120259288994,-0.7567647894189538,0.7805606275061832,1.4604046906725865,-0.11037870473717168,-0.6976267977708432,-0.9040779225868019,1.2505204680936437,0.6215386428926082,-0.7643912219029566,-0.7894289077995635,0.23136043379193347,-0.27716967785173985,0.33453956371255594,-0.890069622365643,0.942663878534064,-0.5652021059603493,0.1632722591210176,0.2869934063052165,0.2926628732592536,-0.3829303794786535,-0.5231284610119732,0.3491928671569248
-0.2391063411831206,-0.304970158373639,0.13878804412790638,0.07641775742790055,0.32796476927682783,-0.11083817942866743,-0.2563659693859063,0.15318478834950905,-0.20850391091406553,0.03158424169588559,-0.14505630230439961,-0.04424057864627421,-0.5099517127349171,-0.23554639317854162,-0.2815716345735351,0.1437266320227616,0.42981458018334195,0.011829191493806604,-0.06806639025493165,-0.16717379703689214,0.02583189981243827,-0.011455464808139871,-0.04581403418314633,0.35876899788142047,-0.11037870473717168,0.2980179454300558,0.08926639128199149,0.5214421571361688,0.006313483183816413,0.007384947929797175,0.21291061205052092,-0.18917379501892181,0.025071411427506705,0.014538500041564296,0.3564291373619658,-0.03198737116680363,0.27956075239421957,0.023265863351193045,-0.2832222846969984,-0.21677129367456482,0.2273008832027201,0.05573781453761961,0.18345647762385073,0.14498478634876233
-0.454331882856639,0.24075686708267569,0.2812867883431583,-0.8814061277882705,0.016800210783188798,-0.034501419016143293,-1.182632693328778,-0.23023780608093225,0.25380385950380646,0.04669830188916113,-0.3080505993118126,0.17231759787317022,-0.5732731937108622,0.26929859476395723,-0.5625369596753418,1.2449637679078496,-0.1822944807794304,0.5519736566310715,0.3789204464153166,0.62578173396224,-0.49995697945046313,-0.33464749170392455,0.529530061705899,-0.5124919931069497,-0.6976267977708432,0.08926639128199149,0.5004340375846418,0.718735971548742,-0.5142730357360897,-0.3132318363955506,0.3081095312904283,0.29829584634801215,-0.08217507524712903,0.1199678701835884,-0.27282487416941287,0.4028033664751578,-0.3495820799235386,0.019537900130644464,-0.15004247692081235,-0.43861129088657896,-0.15287997681574705,0.17657351627898135,0.299859172174791,-0.37416523017161835
-0.23141397797079724,-0.7401523656224718,1.4753595534463897,-1.4817449987910147,0.43207596367714624,-0.02049911355059434,-1.5782625066233122,0.9323347220044539,0.2214902017377205,0.19061126677745283,-0.5703958041650827,-0.09263098997425798,-1.2196366463766777,0.34581026662431386,-1.2825925430516112,1.4099487179965233,-0.20035271154664888,0.7454799201012396,0.7004854968756156,0.08567365069467321,-0.6366251351375409,-0.068461840377029,0.7247398715433864,-0.16064781570073014,-0.9040779225868019,0.5214421571361688,0.718735971548742,2.218977664506421,-0.11802860313814302,-0.23301855730426074,0.5978674695551014,-0.24837713995247157,0.19810331584775406,0.07617616940021303,-0.0869334090874985,0.2587654504768394,0.5288463657936957,-0.5128762117595318,-0.7426224827075906,-1.5721927752377,0.05746706563661931,0.11693176347071667,0.7432110224860249,-0.6636148073978042
1.7099074834109393,-1.4838268943221344,1.0823249207233958,0.5073253324318737,-0.11556779165348283,0.28208884671098944,2.0470941729950756,1.9704093451586784,-0.2106269869159281,0.0688719967835537,0.3537399864809814,-0.5813362478725312,0.951878412026408,0.07428010361776756,0.5504912879143338,-2.302567797372449,-0.559303228690883,-0.846743809296758,-0.11968364951592661,-1.6515344242675025,0.7417606824175447,1.0403094277938623,-0.564108513901503,0.7672999241049265,1.2505204680936437,0.006313483183816413,-0.5142730357360897,-0.11802860313814302,1.5792856593064772,0.6187086384631297,-0.6799803296845025,-0.9698100861242976,0.44882221957785745,-0.35434563308967904,0.17537504590820183,-0.9100992380228139,1.37547197215119,-0.9971395989710321,-0.17604079220116678,-0.5172274037170368,0.16908196831378133,-0.40531480698483413,-0.23875464567876598,0.012943583288789924
0.6353425058111382,-0.5177708929421928,0.25363928111203154,0.44004241408700556,0.02008004524464703,0.08500784156944687,0.9887413792497529,0.6878989446171325,-0.16492722388928677,0.03581883329082262,0.17890564257955696,-0.21505230064389527,0.45529439811901395,-0.09431743471053275,0.3516653742381698,-1.0677156872805904,-0.10584722774590062,-0.41335760367458546,-0.14658057793150503,-0.6912076323165742,0.39856860773099123,0.4142769130594792,-0.34976143580527097,0.42093050175861174,0.6215386428926082,0.007384947929797175,-0.3132318363955506,-0.23301855730426074,0.6187086384631297,0.32640382973101606,-0.29408672879792913,-0.4294605051518156,0.15385221939992066,-0.11359050027686694,0.15994181325860488,-0.4290695718036527,0.5552204819479468,-0.27517563845769205,0.0073279677890288,-0.014174549969099432,0.1260233384791243,-0.1857916841198109,-0.16806382078502555,0.11988654153404049
-0.9546388640212093,0.36025661426037703,-0.3092066088773517,-0.24364239463015497,0.29035019414112606,-0.16428669811638194,-1.2021896682999333,-0.7034181380507448,0.08934118991155421,-0.05886729957582363,-0.24754066988373663,0.16683769433613166,-0.8931518163985874,-0.16554743046206094,-0.6074070893908987,1.1697044465446131,0.624196199497558,0.43744321198350367,0.034047577654716714,0.5436100989884276,-0.3953795110930317,-0.4480384791564832,0.22622567949557254,-0.06234953885036083,-0.7643912219029566,0.21291061205052092,0.3081095312904283,0.5978674695551014,-0.6799803296845025,-0.29408672879792913,0.5790968333219089,0.26915356266451623,-0.077060122726699,0.16089569432554124,0.1477556997674575,0.4758530306225467,-0.3210142438849771,0.4495042989753713,-0.1961509052339298,-0.09409087689045711,0.03730069788688004,0.2051180273725661,0.359193088567521,0.0665360705816154
-0.8841066536944653,1.0879054675568267,-0.7445488400779667,-0.46890580955996886,-0.26288550622751095,-0.06399835657515045,-1.1524348205528023,-1.417118918887812,0.32294108329573185,-0.13263414462490655,-0.1739871201322872,0.392489752209246,-0.2777862922339266,0.21725163020391494,-0.18940191819418828,1.3669844350700402,-0.0021878404470362586,0.5438545982681793,0.1567371831362326,1.1169925996866275,-0.5568186080946839,-0.5613749861855578,0.40864281565395977,-0.7949086041585939,-0.7894289077995635,-0.18917379501892181,0.29829584634801215,-0.24837713995247157,-0.9698100861242976,-0.4294605051518156,0.26915356266451623,0.8777912383853455,-0.30605728771736224,0.2075348796354432,-0.4134633514513626,0.609829913152321,-1.083467099600094,0.5738116796687726,0.23537122551707693,0.4175724080713326,-0.3593143810515299,0.30821416225904563,0.08316696906212248,-0.14873676329141639
0.49400185821114545,-0.5436328942628104,0.4322334409299838,0.031949349551841144,-0.07077518294322234,0.14208361390426166,0.4892763523672039,0.6942271208780008,0.10147507723686237,-0.025497345608353556,0.10168150147268652,-0.20854973804794255,0.16366630358016143,0.11867664283386366,0.013372345878593551,-0.6147345620671769,-0.13977696966517947,-0.16298337081245998,0.0223534529365966,-0.5780454212948387,0.09276462543601771,0.3323372576291853,-0.1286800237138021,0.20082940273344813,0.23136043379193347,0.025071411427506705,-0.08217507524712903,0.19810331584775406,0.44882221957785745,0.15385221939992066,-0.077060122726699,-0.30605728771736224,0.27582643447841665,-0.10240838478561981,0.021408173014404886,-0.15007877834040842,0.5184933816051543,-0.34113047385504447,-0.12120814412194322,-0.3532751505299708,-0.025329250650000062,-0.13049753331005956,0.11252999952738325,-0.04430383800510888
-0.3201294678185003,0.37857980900936866,-0.10308488226737782,-0.26694899113868253,0.04647619419007895,0.01423956182714817,-0.5075630840064519,-0.39548395611924314,0.0992012711411095,0.021088591813974465,-0.11162825710076896,0.14363721466548834,-0.1576987436597276,0.0407338171425906,-0.13273522823694378,0.5957154731282405,-0.10408960364494331,0.2815530624858376,0.18902834836360716,0.393131603384243,-0.13643526389762725,-0.22452983962010858,0.1822250116362023,-0.32020536472679756,-0.27716967785173985,0.014538500041564296,0.1199678701835884,0.07617616940021303,-0.35434563308967904,-0.11359050027686694,0.16089569432554124,0.2075348796354432,-0.10240838478561981,0.19404473080418444,-0.20002775924648064,0.1737068745189756,-0.3021372696957226,0.18318146784683853,0.06967554558839285,0.032191110538243944,-0.06143882397193051,0.0962702523813101,0.027853969595711223,-0.14772559655519843
-0.4884848010204668,-0.5112913676440853,-0.686851506497332,1.4475813376930229,0.544869994697524,-0.40964806239518975,0.5432045608344688,-0.12433131701182525,-0.810580151376022,-0.12334391076634423,0.03944742065007972,-0.12462882696613795,-0.6121807481250005,-0.9340614180025221,0.09672474358438406,-0.8525039707106616,1.5894653427316554,-0.6438206734136852,-0.8724937634192619,-0.6939661181054853,0.46833411092003285,0.08432342475650477,-0.7355346615862987,1.3011535799637879,0.33453956371255594,0.3564291373619658,-0.27282487416941287,-0.0869334090874985,0.17537504590820183,0.15994181325860488,0.1477556997674575,-0.4134633514513626,0.021408173014404886,-0.20002775924648064,1.2927849178248436,-0.25574514983703944,0.46264359865270127,0.35359918402280716,-0.29066480672134243,0.5243749375970187,0.6415967813513209,0.03036309122029154,0.033429755786880504,1.011859272198576
-0.9243233478593725,0.7622935014089808,-0.48252236555122374,-0.5270048906554149,-0.06118113157020816,-0.0824232157309439,-1.3490395150218246,-1.0093140152566744,0.37035247458809417,-0.11048687918873486,-0.17252335109622244,0.3188324601509901,-0.5983728940546352,0.12692560703631142,-0.47422939458813584,1.4533601987742744,0.25945240022436256,0.577947781900751,0.17322141512940165,0.9423952361810413,-0.5978083737276413,-0.5702184612164842,0.43162976852852886,-0.5512848327229393,-0.890069622365643,-0.03198737116680363,0.4028033664751578,0.2587654504768394,-0.9100992380228139,-0.4290695718036527,0.4758530306225467,0.609829913152321,-0.15007877834040842,0.1737068745189756,-0.25574514983703944,0.751817524015286,-0.7403186911561553,0.48108593262482213,0.026085270523558492,0.06359347060180548,-0.23553221062072538,0.22665511624372794,0.3226015992870082,-0.11634570046466672
1.2858301077426515,-1.6427354625482449,1.151308934915079,0.47317692484957713,0.19448662358028965,0.17907414317797754,1.523726748280529,2.016428315382853,-0.2689747600979031,0.08669382477725486,0.2189207269156743,-0.5620656478484367,0.3346412124790373,-0.09909030842427537,0.1565915056987606,-1.8648039405353614,-0.073787055213909,-0.6723018207912818,-0.1165549535480638,-1.6591075417529308,0.595839418066585,0.9095220191708406,-0.5254910520652197,1.0149054366541246,0.942663878534064,0.27956075239421957,-0.3495820799235386,0.5288463657936957,1.37547197215119,0.5552204819479468,-0.3210142438849771,-1.083467099600094,0.5184933816051543,-0.3021372696957226,0.46264359865270127,-0.7403186911561553,1.5846153771342821,-0.869219080039094,-0.4261146353322139,-0.7656280213100283,0.3277059693592996,-0.3496803375675155,0.07560624558645966,0.11879332620517227
-1.3748078987923196,1.0537785899761773,-1.4323767272097572,0.592047743102314,0.233938518296536,-0.3123130160111992,-0.8439321527809241,-1.7113748550978685,-0.10764420490756316,-0.1591614878346118,-0.0755756678324379,0.3437976871829286,-0.6162539723357094,-0.5192538572174178,-0.06379397119863706,0.9535997203897557,1.1201214003493485,0.1889164738848861,-0.4366196614636894,0.8578871372318847,-0.19196646266941247,-0.6625849388723984,-0.11404216455272653,0.07563182239979961,-0.5652021059603493,0.023265863351193045,0.019537900130644464,-0.5128762117595318,-0.9971395989710321,-0.27517563845769205,0.4495042989753713,0.5738116796687726,-0.34113047385504447,0.18318146784683853,0.35359918402280716,0.48108593262482213,-0.869219080039094,1.0800562133539697,0.17132439243758002,0.9312642432106886,0.06895113863603199,0.24934216188205016,0.007563348153838463,0.5499841802087901
0.05881881179065578,0.5514872880022046,-0.4376710347693373,0.13504623637307878,-0.25599050653996247,0.05733960734853452,0.2682172181948486,-0.4516234042585388,0.0934590696973758,-0.005522390182082726,0.17234931690155542,0.15539876339753825,0.5373286944853859,0.0964099844128313,0.4060443748399947,-0.0847168863275581,-0.3269508936355834,-0.005170669574103892,0.00579596316606163,0.31366288174335566,0.05201209702976606,-0.08969208442531518,-0.023872893987073956,-0.3673598195593272,0.1632722591210176,-0.2832222846969984,-0.15004247692081235,-0.7426224827075906,-0.17604079220116678,0.0073279677890288,-0.1961509052339298,0.23537122551707693,-0.12120814412194322,0.06967554558839285,-0.29066480672134243,0.026085270523558492,-0.4261146353322139,0.17132439243758002,0.4231134275188601,0.5042119391052534,-0.15895786189363892,-0.03253638315038598,-0.2661825821847408,-0.03420838558866169
-0.7761464330601715,0.9758521469772968,-1.807920702603109,1.4777111862413437,0.014353497635805809,-0.29710424855755857,0.49956415851863983,-1.5847353133578763,-0.47726302337315035,-0.17925224265453749,0.2951920640866807,0.29759028019839784,0.22906463353329196,-0.6991067967119735,0.7545781998525909,-0.3764768462771043,1.0016291783669549,-0.4271853145876188,-0.7962660190764291,0.359892659490743,0.36208666817797697,-0.33664993117683906,-0.607843568694656,0.3194064941091332,0.2869934063052165,-0.21677129367456482,-0.43861129088657896,-1.5721927752377,-0.5172274037170368,-0.014174549969099432,-0.09409087689045711,0.4175724080713326,-0.3532751505299708,0.032191110538243944,0.5243749375970187,0.06359347060180548,-0.7656280213100283,0.9312642432106886,0.5042119391052534,1.6435204242830532,0.17515857900934934,0.1107183630392339,-0.44969406766698083,0.8669730654442916
-0.14014717419469214,-0.31617652862967915,-0.15140656556412202,0.6711215415398938,0.39910999550808207,-0.20865120786252522,0.29037366469483195,0.1721166855206991,-0.5421172638645614,0.03670925137068588,0.0010591311365028592,-0.07973692244443759,-0.2755792592564791,-0.5396312689700623,0.05054220907850925,-0.4368375820438646,0.6825338809062533,-0.34134342796279704,-0.3389857946731073,-0.36021698190492785,0.36356864541000755,0.008649136299700799,-0.3290776513276593,0.6646654935924471,0.2926628732592536,0.2273008832027201,-0.15287997681574705,0.05746706563661931,0.16908196831378133,0.1260233384791243,0.03730069788688004,-0.3593143810515299,-0.025329250650000062,-0.06143882397193051,0.6415967813513209,-0.23553221062072538,0.3277059693592996,0.06895113863603199,-0.15895786189363892,0.17515857900934934,0.4655922695481827,-0.02800294786428734,-0.0666247383417415,0.4487331506481163
-0.5043838710671217,0.3054418767011858,-0.2820714461023123,-0.11997479314232301,0.026791092721388052,-0.10630143429948476,-0.6056791076200796,-0.575083044994045,-0.023440571928443638,-0.06684065763038688,-0.16023536824754916,0.16176830110311327,-0.38151334894584166,-0.05660485237462848,-0.21369747687614918,0.6047770436871969,0.22741498919525632,0.20399390634226502,0.03172678911690993,0.3677606079224263,-0.20102240412513891,-0.21917114501508855,0.10531165591236297,-0.17224934031841113,-0.3829303794786535,0.05573781453761961,0.17657351627898135,0.11693176347071667,-0.40531480698483413,-0.1857916841198109,0.2051180273725661,0.30821416225904563,-0.13049753331005956,0.0962702523813101,0.03036309122029154,0.22665511624372794,-0.3496803375675155,0.24934216188205016,-0.03253638315038598,0.1107183630392339,-0.02800294786428734,0.21413248896330392,0.11742083441712126,0.025257633531369113
-0.3336651008264552,-0.1474712635509098,0.19620079620609238,-0.40498235356997525,0.058618485801574104,-0.024453417099266656,-0.7214554457993999,0.0027188248848418533,0.1913332553818518,-0.06383021976437707,-0.17606710478949253,0.028058110255040212,-0.5924876630759788,0.10102969205177392,-0.520391159295143,0.6206777529911554,0.22341229083143047,0.30547498155424396,0.1559878271772514,0.09372035836260773,-0.37800588069193464,-0.08310032891024066,0.2060396700358809,-0.0540049857329133,-0.5231284610119732,0.18345647762385073,0.299859172174791,0.7432110224860249,-0.23875464567876598,-0.16806382078502555,0.359193088567521,0.08316696906212248,0.11252999952738325,0.027853969595711223,0.033429755786880504,0.3226015992870082,0.07560624558645966,0.007563348153838463,-0.2661825821847408,-0.44969406766698083,-0.0666247383417415,0.11742083441712126,0.44048532917117006,-0.08404612083310041
-0.5033958202183966,-0.059420435198572166,-1.129155991302417,1.5280249412578548,0.2868394141939677,-0.3086947678842087,0.6447973217491862,-0.5471860450289944,-0.6109657508839437,-0.19279861359082417,0.19181128304787518,-0.038640703279493975,-0.2571889083765426,-0.849437468124385,0.35234900802830244,-0.845709127303191,1.452975816623114,-0.6370790475082738,-0.8731261996348599,-0.42559994145224184,0.43887085812768617,-0.041268479647524434,-0.7353761447175686,1.0225780709495407,0.3491928671569248,0.14498478634876233,-0.37416523017161835,-0.6636148073978042,0.012943583288789924,0.11988654153404049,0.0665360705816154,-0.14873676329141639,-0.04430383800510888,-0.14772559655519843,1.011859272198576,-0.11634570046466672,0.11879332620517227,0.5499841802087901,-0.03420838558866169,0.8669730654442916,0.4487331506481163,0.025257633531369113,-0.08404612083310041,1.0415918832836828
