V1,V2,V3,V4,V5,V6,V7,V8,V9,V10,V11,V12,V13,V14,V15,V16,V17,V18,V19,V20,V21,V22,V23,V24,V25,V26,V27,V28,V29,V30,V31,V32,V33,V34,V35,V36,V37,V38,V39,V40,V41,V42,V43,V44
2.344601428511508,-1.6917771872051541,0.7633971896951134,0.741343543746618,-0.4725677221920636,0.16578239532698205,2.657443961570779,2.1498665868204174,-0.22770237081645234,0.09213402287570133,0.6968177079167813,-0.6153914114077671,1.3866957474546866,-0.010203824527348611,0.822760205575907,-2.997960363286047,-0.6095354617905036,-1.324341887832647,-0.4970564772227292,-1.6479797049026483,0.7852550632536599,1.330599414294962,-0.7700985147902677,0.9076764498214918,1.598100717355722,-0.25312206038922874,-0.5290363371164449,-0.7752694030163165,2.0342170598001585,0.6401945219466311,-1.1548666333632984,-1.076990961927705,0.36510387851035603,-0.8286872937425418,0.2190219553920594,-1.0311347905174533,1.2711246121346949,-1.2602169901383606,-0.0634705526337506,-0.29978395944580377,0.067449867087444,-0.5505526824065266,-0.399834377276072,0.27882295769055915
-1.6917771872051541,1.9594051895597255,-0.9945349782741396,-0.7173753953601738,0.3547690336686005,-0.08666718945316718,-2.2685100625880086,-1.9325137732224327,0.3723378365219525,0.14953821951556467,-0.09576165654175692,0.7022554616588008,-0.7221093508670317,-0.16256983549608842,-0.6031636872219215,2.6489327512383354,0.13297459903576614,1.109823271233189,0.5574894289828808,1.9471693772419436,-0.6476983853199856,-1.1757236271160174,0.5990082556135554,-1.1166670789788449,-1.1565609643935921,0.02577825525512361,0.40340312531781786,0.22463598474256377,-1.6951111042860483,-0.5279745112723351,0.8668844276513017,0.8434738896058251,-0.40963496564518864,0.6386170478815798,-0.6532899114294118,0.9838616897686997,-1.262595463171145,1.1220298717009622,0.34890122856766864,0.4687476251416804,-0.20540794923933356,0.32413310780063476,0.1692472509092044,-0.36850962575374435
0.7633971896951134,-0.9945349782741396,1.2375735980423597,0.18855186648655414,0.016179357054051262,0.19314560000390962,1.2202141737071412,1.3202148979006574,-0.21107325606037314,-0.11526451568810776,-0.1632243891259707,-0.5383020199960982,0.45739533458467235,0.3794413160421905,0.3032846478843425,-1.3180800952779272,-0.22086496243865628,-0.43762112097783695,-0.10636762060714719,-1.287743632603647,0.45603919581051444,0.4961026174652166,-0.08612404756891807,0.5449357051103546,0.7119991349582409,0.021223607473414313,-0.37000157041207205,0.32847919273120163,0.8021496587963148,0.357744964338152,-0.2775865369885104,-0.5113624472117664,0.45097297385549756,-0.1095348098495203,0.29813057128157494,-0.5841381458730808,0.924764105202614,-0.6170530981216489,-0.2628802929189991,-0.5177312064785609,0.17313325213421776,-0.26083538227196157,-0.20439756337364673,-0.21908727477298626
0.741343543746618,-0.7173753953601738,0.18855186648655414,1.3705222620643451,0.27188900431970814,0.20123955610949384,1.7938689562934096,1.0822748135686777,-0.5171046454369219,0.020186683162476675,0.5087717597278124,-0.23251552274952336,0.6711301485877371,-0.3802461492851089,0.7606681493938077,-1.8644791055336123,0.09710667529286739,-0.6073844344414215,-0.09703111314543032,-1.4161854944448653,0.9249741194721638,0.6158443324098849,-0.913148135945698,0.8585869001202515,1.1346650507001468,0.10463173937230671,-0.7341577847181827,-0.38210664943294426,0.8730948223882988,0.555040290084761,-0.24692297947668912,-0.7368053176910332,0.2837985074482551,0.055570946906670436,0.4424193498958002,-0.663354101586734,1.1686234776521938,-0.1731146470788318,0.09983498653397593,0.3240739496891564,0.4530030320182733,-0.20214471749912769,-0.2990972213364468,0.3121096902675521
-0.4725677221920636,0.3547690336686005,0.016179357054051262,0.27188900431970814,0.9006396935268445,0.16791000155417612,-0.32515950238105173,0.040056060695051444,-0.12021330593935055,0.26985251736507926,0.09267382343824508,0.11338555702351286,-0.20272114154334642,-0.5305131155409099,-0.15034448617054433,0.38407257180005755,0.13944919772894188,0.3414820506209562,0.39590509043742,-0.021041506340724853,0.39537481980098055,-0.31145472349201364,-0.10727655606921672,0.1099927989119559,0.0833910308492675,0.3536171673699335,-0.3127910461384865,0.4818931006184342,-0.3014957960396018,0.2603868435624421,0.5547623640050662,-0.4722661261392255,0.09752145831069764,0.6567565934544152,-0.0605557683289605,0.09173113084974838,0.44390138246325295,0.33938052895578147,0.13860807683324905,0.045972010269850205,0.4305247579695919,-0.16180783062141904,0.05007306287901824,-0.09576600407888411
0.16578239532698205,-0.08666718945316718,0.19314560000390962,0.20123955610949384,0.16791000155417612,0.44672299390799003,0.46587576811109266,0.5890824783457106,0.2801095034066894,0.02772222853424271,-0.06132448977524473,-0.2722069747531508,0.22601254644145904,0.10460454477345515,0.2785358283847985,-0.3807588360879997,-0.011334791030320607,-0.019174629129289054,0.1204836747061022,-0.4593706328772983,0.2787737497708849,-0.12689905246325978,-0.09386587385380829,0.26116945086770565,0.28222780485545956,0.08076988308193617,-0.2586380999333939,-0.05831465369198452,0.16718283996796016,0.28194128895149223,0.07308814777739582,-0.2635560545567962,0.2508928342143353,0.2678238554916787,-0.10621640252866354,-0.22559504730617583,0.4738506525746708,0.15098680406116052,0.028069981051585816,-0.1974207350250572,0.03998288386340053,-0.1954092532185525,-0.04122031023184365,0.03917856875310813
2.657443961570779,-2.2685100625880086,1.2202141737071412,1.7938689562934096,-0.32515950238105173,0.46587576811109266,4.295978044943072,2.8509634664707253,-0.6164835883377355,-0.10603121595539901,0.5932367081019275,-1.023203294853865,1.9305395987715852,0.08554680452114058,1.6063136185501203,-4.57383973749064,-0.4744271746281994,-1.7622437691931074,-0.6871410651969673,-3.1282258001537246,1.5555791491165227,1.669225390430082,-1.2763608926986714,1.6151080113602299,2.497315408480613,-0.12062987631965315,-1.2432281090918997,-1.0419734740773647,2.534940264006226,1.1445689168221174,-1.3049668233341383,-1.448580077016925,0.7767542657932771,-0.5811887478431769,0.7317393627983243,-1.6857952373976008,2.1716773590921683,-1.3004911643536143,-0.05946802105031001,-0.10794958246739869,0.41328263125762826,-0.7037355981798574,-0.6737307543610547,0.4562315019020563
2.1498665868204174,-1.9325137732224327,1.3202148979006574,1.0822748135686777,0.040056060695051444,0.5890824783457106,2.8509634664707253,3.5512051317034716,-0.12320730781951524,0.16323599177665898,0.5594495846220015,-1.0882923825941262,1.2430081027985649,-0.008315409187351732,0.9815055459330615,-3.095864373467904,-0.01953820779073457,-1.3134109236507685,-0.2798315728446845,-2.2549625434264566,1.1344161157027621,0.6943080144776368,-0.8157264967022383,1.6370961127879753,1.8553774902461706,-0.11652257278837372,-0.7687845729833267,-0.26744247530915743,2.1182409918813345,0.8829984149226071,-0.7931211587672025,-1.5843055757488007,0.7324156359284949,-0.5947514961515273,0.4170398922995882,-1.262654068325913,2.1827568706113145,-0.9410818671271288,-0.31455106640439107,-0.7329273393258702,0.43409188525226416,-0.7746118696731983,-0.4432549323251954,0.4051806171471843
-0.22770237081645234,0.3723378365219525,-0.21107325606037314,-0.5171046454369219,-0.12021330593935055,0.2801095034066894,-0.6164835883377355,-0.12320730781951524,1.0500614198473999,-0.10504127558267426,0.034649397767893685,-0.2721919428338593,-0.02495281011239417,0.2977486024719537,-0.34838446982016424,0.6525969172367729,0.12297217717913368,0.2673655587633124,-0.02576791525968994,0.5231658583460058,-0.4224177942283775,-0.5266249192488474,0.39031792750952926,-0.13202049954454056,-0.6148028162715949,-0.3371211977909123,0.08753116124006315,-0.13645112336927093,-0.20701400120381538,-0.1724378358920097,0.2718980679934627,0.1543251842538584,0.12519827085479118,-0.06705207234139454,-0.5330006649959051,0.5057079376874968,-0.33281807598990737,0.31336153109672016,0.03591912619454427,-0.3757621514107838,-0.42206853047666587,-0.2764801058192043,0.12430072729680702,-0.06364656321270856
0.09213402287570133,0.14953821951556467,-0.11526451568810776,0.020186683162476675,0.26985251736507926,0.02772222853424271,-0.10603121595539901,0.16323599177665898,-0.10504127558267426,0.3233355467494371,0.23252468776395038,0.15923026020687234,0.0057086125872396155,-0.32100493180960243,-0.007806680923844566,0.16264218312188716,-0.1593109128242963,0.08243535537467349,0.21670549957634522,0.22493595324153462,0.1473610802269216,-0.06532455567498278,-0.09225219275059385,-0.03293106891751423,0.16658184627133263,0.18687943976384289,0.013624606439999581,0.06727027654488041,0.02574069921005934,0.0801259000037813,0.04034581937829061,-0.29502447116929886,-0.09734604234127764,0.09605766342470869,-0.0940223632264735,-0.08121476969960939,0.17506159956030104,0.05670575624545238,0.06242529379166348,-0.001382762497962241,0.16711863163227317,-0.058795891397674376,0.002898804478298141,0.015197734207331748
0.6968177079167813,-0.09576165654175692,-0.1632243891259707,0.5087717597278124,0.09267382343824508,-0.06132448977524473,0.5932367081019275,0.5594495846220015,0.034649397767893685,0.23252468776395038,1.1365378338415515,0.05876955766204323,0.5785436487621116,-0.47620821931745033,0.021488017520899325,-0.6535321887688135,-0.26611080543942983,-0.23260005352340346,0.1143284093396624,-0.09845529078020326,0.29282767341489646,0.37628128710325304,-0.5341142837094826,0.15219945741067306,0.4803830913519008,-0.1987090862857049,-0.30670454089202714,-0.30096728585258425,0.6353841567391032,0.07250288547035791,-0.07548511105915971,-0.5768642981371749,0.051299973658538105,-0.35286190094444536,-0.23819200282810127,0.08297526814056623,0.535276663709318,-0.21993677454041793,0.16538446330115444,0.12656814364250998,0.08962243719694321,-0.2975518688794814,-0.1477345141512285,-0.02277884874449609
-0.6153914114077671,0.7022554616588008,-0.5383020199960982,-0.23251552274952336,0.11338555702351286,-0.2722069747531508,-1.023203294853865,-1.0882923825941262,-0.2721919428338593,0.15923026020687234,0.05876955766204323,0.7418936291815487,-0.4532766897490671,-0.26028852630715565,-0.2780826200622376,1.0958000279366942,-0.22393369634223864,0.5281479269877654,0.4158351725643415,0.874025345091158,-0.2926132442380667,0.015323725207853878,-0.012485019786187459,-0.6709967151507925,-0.4694141123716039,0.1831970064615764,0.3343465561893792,0.21151543864269834,-0.6923015443967612,-0.25208201127440066,0.2446044980312537,0.44135281651389663,-0.42630771385130345,0.29250598526621524,-0.18742817776003187,0.3368678191061472,-0.5768788426439566,0.31259440985098985,0.21347728803843863,0.44353118334573427,-0.03566047525942769,0.4666674597793369,0.16832950574981395,-0.19961124724194412
1.3866957474546866,-0.7221093508670317,0.45739533458467235,0.6711301485877371,-0.20272114154334642,0.22601254644145904,1.9305395987715852,1.2430081027985649,-0.02495281011239417,0.0057086125872396155,0.5785436487621116,-0.4532766897490671,1.3294179344481516,0.010530777880894834,0.7160951381978279,-2.0993400172737156,-0.4876715055170234,-0.8267496043568178,-0.26064711818299774,-1.1004984730441956,0.7017802938348355,0.6789321954648407,-0.4703776732666784,0.4736683149609375,1.1760477978561446,-0.36161912118645106,-0.698734049271114,-0.7637187271069774,1.1836320637888305,0.5285469980986301,-0.6422963413526607,-0.7288381914714248,0.35955284056976844,-0.30477218999767414,-0.054716309224551764,-0.5616560601435079,0.8023589413914286,-0.6634450860137158,0.23662278323679103,0.030062479275873154,0.03840162128832158,-0.529586869757056,-0.4515922861947515,0.04401362417432562
-0.010203824527348611,-0.16256983549608842,0.3794413160421905,-0.3802461492851089,-0.5305131155409099,0.10460454477345515,0.08554680452114058,-0.008315409187351732,0.2977486024719537,-0.32100493180960243,-0.47620821931745033,-0.26028852630715565,0.010530777880894834,0.8146751495250238,0.11097708188059577,0.03419831580248642,-0.05350121632806888,-0.005137149123944552,-0.19529498102724768,-0.1570522200539962,-0.3457785282552645,-0.039054467296978965,0.357493537814632,-0.09267556559503456,-0.2663923206595622,-0.2684910284224519,0.13734500876739145,-0.05128052662121199,-0.04082448235358635,-0.1991910748720303,-0.1944786685860271,0.5226710220681445,0.08828650900887443,-0.2320074832984972,0.009675923981312083,-0.00629689764572586,-0.3118345993366834,-0.0720970949989698,-0.16718921428237116,-0.20182963572141785,-0.3371448302465399,0.088171234574777,-0.034705444343142794,-0.18227720575207204
0.822760205575907,-0.6031636872219215,0.3032846478843425,0.7606681493938077,-0.15034448617054433,0.2785358283847985,1.6063136185501203,0.9815055459330615,-0.34838446982016424,-0.007806680923844566,0.021488017520899325,-0.2780826200622376,0.7160951381978279,0.11097708188059577,0.9032940827397611,-1.5633033074278844,-0.15360139210659157,-0.5896878567180325,-0.16817724781141333,-1.0845621609240517,0.6244564927635894,0.44652371761297677,-0.4864643421283086,0.5400671988472796,0.9970023837048839,0.006547287163262653,-0.4348883559226335,-0.551867402892245,0.7151848674313485,0.45722979062523966,-0.5374986350585925,-0.3557647942994653,0.1846631138405273,-0.028591400246163384,0.2846938661335444,-0.7774160177629906,0.6850994968100776,-0.23175413020912566,0.05712213738607441,0.19254834897276923,0.16428977086280622,-0.11550915854902465,-0.34319547704330416,0.22541131425831942
-2.997960363286047,2.6489327512383354,-1.3180800952779272,-1.8644791055336123,0.38407257180005755,-0.3807588360879997,-4.57383973749064,-3.095864373467904,0.6525969172367729,0.16264218312188716,-0.6535321887688135,1.0958000279366942,-2.0993400172737156,0.03419831580248642,-1.5633033074278844,5.186832257404234,0.4526877418760662,2.06556435591726,0.8638796425550109,3.3878204891664736,-1.6266501152005421,-2.014834346266234,1.3925303271213938,-1.7763548747036055,-2.6274607479783616,0.2536867827083872,1.3240694006344857,1.087425398954568,-2.8814696839743834,-1.2652500356268592,1.4706750226015826,1.6577595745826954,-0.856397006935412,0.7109477993064157,-0.8003777455185752,1.756558693089818,-2.2912855963562495,1.6315392172294312,0.022630070363210138,0.16468498574712584,-0.37276293010383754,0.7889481620876705,0.6783173718024512,-0.544588572715014
-0.6095354617905036,0.13297459903576614,-0.22086496243865628,0.09710667529286739,0.13944919772894188,-0.011334791030320607,-0.4744271746281994,-0.01953820779073457,0.12297217717913368,-0.1593109128242963,-0.26611080543942983,-0.22393369634223864,-0.4876715055170234,-0.05350121632806888,-0.15360139210659157,0.4526877418760662,0.9635097811302932,-0.030344149894741868,-0.3341593166234059,0.1446825302681248,-0.16236919766865177,-0.6255072787741658,0.19360657907992865,0.3987761353691568,-0.3045484327682933,0.009790776597777596,0.09614233825297692,0.16116222712210232,-0.3673067967034957,-0.13195859450834574,0.3164133509057216,0.08132234311909602,0.10995363606205824,-0.04206453011939174,0.3142356021375583,0.24795741754934575,-0.1065603250117714,0.4065502748772856,-0.23767546248351118,-0.06076112337649711,0.07545101397306388,-0.06367973431182067,0.10856223522217834,0.3447801489038313
-1.324341887832647,1.109823271233189,-0.43762112097783695,-0.6073844344414215,0.3414820506209562,-0.019174629129289054,-1.7622437691931074,-1.3134109236507685,0.2673655587633124,0.08243535537467349,-0.23260005352340346,0.5281479269877654,-0.8267496043568178,-0.005137149123944552,-0.5896878567180325,2.06556435591726,-0.030344149894741868,1.1019323388515003,0.6554453691226843,1.1085434447706544,-0.517982498431895,-0.6746536191259196,0.4125008735518824,-0.7956703681174262,-1.0652621164005667,0.24422271941617046,0.337105935423941,0.5865268459625222,-1.2381598355496855,-0.38445847030452535,0.800709869395496,0.5956974419846591,-0.2840779553488042,0.6557899870563725,-0.43706259314800006,0.6483341191209521,-0.6866510891977681,0.7763598699592877,0.10544793281634862,0.107810766858245,-0.09234676388107298,0.36414016782796366,0.3166667149756411,-0.3605120685777557
-0.4970564772227292,0.5574894289828808,-0.10636762060714719,-0.09703111314543032,0.39590509043742,0.1204836747061022,-0.6871410651969673,-0.2798315728446845,-0.02576791525968994,0.21670549957634522,0.1143284093396624,0.4158351725643415,-0.26064711818299774,-0.19529498102724768,-0.16817724781141333,0.8638796425550109,-0.3341593166234059,0.6554453691226843,0.7800191602364925,0.35959954486159396,-0.0034304710649162456,-0.1585038587374606,-0.11141405413353744,-0.43213597035472995,-0.277946236331311,0.23391423732910505,0.022032191463046222,0.4291461823948864,-0.4830430988807407,-8.279087807719981e-4,0.442265307244612,0.08704959995682626,-0.1568988551446441,0.5778446327254364,-0.3789642889628182,0.12772898141540062,0.0769688458280731,0.4085229404767342,0.19209318878276865,0.11063893417548334,0.08271042246875845,0.2768919360209295,0.11940427896742992,-0.3294450039411503
-1.6479797049026483,1.9471693772419436,-1.287743632603647,-1.4161854944448653,-0.021041506340724853,-0.4593706328772983,-3.1282258001537246,-2.2549625434264566,0.5231658583460058,0.22493595324153462,-0.09845529078020326,0.874025345091158,-1.1004984730441956,-0.1570522200539962,-1.0845621609240517,3.3878204891664736,0.1446825302681248,1.1085434447706544,0.35959954486159396,2.8681806653219115,-1.2283180562953482,-1.26559527206923,0.9632923130671586,-1.3728811169188757,-1.6988088145585594,-0.10690808385278491,1.0621754990082415,0.24046710059209225,-1.7633598293895114,-0.9540685010501673,0.6509117934049722,1.117227373761114,-0.7907536029763262,0.07220509228335797,-0.7077177791179609,1.2801406473423265,-1.9508213819953475,0.9196585633525466,0.19771233729671042,0.23905929442596985,-0.4456286958577397,0.44792986010861474,0.32821226228776545,-0.25956538740477686
0.7852550632536599,-0.6476983853199856,0.45603919581051444,0.9249741194721638,0.39537481980098055,0.2787737497708849,1.5555791491165227,1.1344161157027621,-0.4224177942283775,0.1473610802269216,0.29282767341489646,-0.2926132442380667,0.7017802938348355,-0.3457785282552645,0.6244564927635894,-1.6266501152005421,-0.16236919766865177,-0.517982498431895,-0.0034304710649162456,-1.2283180562953482,0.9576537013568859,0.43744082946409146,-0.5736827072489705,0.6604926881856363,1.1358045176917002,0.21656217228317737,-0.6616142032213806,-0.21383950477234656,0.8048054650886192,0.618241696612189,-0.22418012656526767,-0.8798197715203294,0.3148296331576446,0.21813125018705307,0.2773125456552323,-0.6841143199012925,1.1028203766658127,-0.31227702657654455,0.10396523161085412,0.021783826006727215,0.47719836287443457,-0.3386450923972874,-0.290906694908963,0.16898746818921878
1.330599414294962,-1.1757236271160174,0.4961026174652166,0.6158443324098849,-0.31145472349201364,-0.12689905246325978,1.669225390430082,0.6943080144776368,-0.5266249192488474,-0.06532455567498278,0.37628128710325304,0.015323725207853878,0.6789321954648407,-0.039054467296978965,0.44652371761297677,-2.014834346266234,-0.6255072787741658,-0.6746536191259196,-0.1585038587374606,-1.26559527206923,0.43744082946409146,1.5982550579482404,-0.8387436038372019,0.3711243029405196,0.8689475087575327,-0.03781349763636578,-0.3486455779564683,-0.26918992714596396,1.2154296637251252,0.4201050278636132,-0.7178866200213813,-0.38387291914107824,0.08419352604801604,-0.32392286924142966,0.24034674978317547,-0.7431254632275149,0.7494856521912371,-0.8369552454842576,0.03984737319475385,0.1453524173994325,-0.05261943607543209,0.08485447420477825,-0.1792591962872106,-0.060148776226586105
-0.7700985147902677,0.5990082556135554,-0.08612404756891807,-0.913148135945698,-0.10727655606921672,-0.09386587385380829,-1.2763608926986714,-0.8157264967022383,0.39031792750952926,-0.09225219275059385,-0.5341142837094826,-0.012485019786187459,-0.4703776732666784,0.357493537814632,-0.4864643421283086,1.3925303271213938,0.19360657907992865,0.4125008735518824,-0.11141405413353744,0.9632923130671586,-0.5736827072489705,-0.8387436038372019,0.9366317712524247,-0.5180358081136098,-0.815663486254733,-0.08731866321804833,0.4181566148227963,0.25479680050769254,-0.8220774416618437,-0.43655775976343686,0.28825428736455216,0.4859678385177973,-0.08896755527614074,0.038983484373327,-0.16064622066369288,0.6161847298883718,-0.9157244534854032,0.17427894838963418,-0.08330195299096158,-0.2612340994049028,-0.16440164913931046,-0.06267104815874167,0.17950000724424753,-0.11804327069793102
0.9076764498214918,-1.1166670789788449,0.5449357051103546,0.8585869001202515,0.1099927989119559,0.26116945086770565,1.6151080113602299,1.6370961127879753,-0.13202049954454056,-0.03293106891751423,0.15219945741067306,-0.6709967151507925,0.4736683149609375,-0.09267556559503456,0.5400671988472796,-1.7763548747036055,0.3987761353691568,-0.7956703681174262,-0.43213597035472995,-1.3728811169188757,0.6604926881856363,0.3711243029405196,-0.5180358081136098,1.1838546032426844,0.9497966314490865,0.038234876875746074,-0.46413195639434185,-0.19802765913910292,1.0827009438578628,0.4919201224224479,-0.367463848503122,-0.8105099876202094,0.39392804398709513,-0.3108136619526319,0.5320338432886508,-0.7195910232431165,1.15944812289963,-0.32001462056308416,-0.25843055231548634,-0.31491276733352186,0.2947611270566624,-0.4000281029591264,-0.23082415709778056,0.4386189547942652
1.598100717355722,-1.1565609643935921,0.7119991349582409,1.1346650507001468,0.0833910308492675,0.28222780485545956,2.497315408480613,1.8553774902461706,-0.6148028162715949,0.16658184627133263,0.4803830913519008,-0.4694141123716039,1.1760477978561446,-0.2663923206595622,0.9970023837048839,-2.6274607479783616,-0.3045484327682933,-1.0652621164005667,-0.277946236331311,-1.6988088145585594,1.1358045176917002,0.8689475087575327,-0.815663486254733,0.9497966314490865,1.7883313548197195,0.1528336045384273,-0.7305735574279567,-0.511941022859744,1.4515109266690467,0.8011039846081587,-0.7104745590583105,-1.120052887360265,0.4409756372694538,-0.20742667612805213,0.4519605081400459,-1.0900335536241215,1.4740998025382743,-0.7154127106843838,-0.0011599776458799704,-0.03661815819090537,0.4474685031681332,-0.44743507740481997,-0.43913396803292076,0.282879666107415
-0.25312206038922874,0.02577825525512361,0.021223607473414313,0.10463173937230671,0.3536171673699335,0.08076988308193617,-0.12062987631965315,-0.11652257278837372,-0.3371211977909123,0.18687943976384289,-0.1987090862857049,0.1831970064615764,-0.36161912118645106,-0.2684910284224519,0.006547287163262653,0.2536867827083872,0.009790776597777596,0.24422271941617046,0.23391423732910505,-0.10690808385278491,0.21656217228317737,-0.03781349763636578,-0.08731866321804833,0.038234876875746074,0.1528336045384273,0.6838630340626876,0.10725831221063947,0.38952196007639556,-0.22748628274609267,0.1579009426280014,0.2507463565872772,-0.18700360859565548,-0.032767032346893425,0.4299224330682889,0.2404678639057666,-0.25397381741927044,0.32236125626404566,0.24097138625269426,-0.14701293326363302,-0.14096933175025933,0.27951894324028387,0.17615100385434246,0.20517016016030257,0.10976891527868075
-0.5290363371164449,0.40340312531781786,-0.37000157041207205,-0.7341577847181827,-0.3127910461384865,-0.2586380999333939,-1.2432281090918997,-0.7687845729833267,0.08753116124006315,0.013624606439999581,-0.30670454089202714,0.3343465561893792,-0.698734049271114,0.13734500876739145,-0.4348883559226335,1.3240694006344857,0.09614233825297692,0.337105935423941,0.022032191463046222,1.0621754990082415,-0.6616142032213806,-0.3486455779564683,0.4181566148227963,-0.46413195639434185,-0.7305735574279567,0.10725831221063947,0.8056815462414022,0.22188578260425956,-0.5983424674490556,-0.48580691992985175,0.039573069298163316,0.6337125118129675,-0.40883573321957944,-0.21301807312710078,-0.0207592047596353,0.3071208044710987,-0.8199836228203093,0.23725074903847962,-0.17540452845174992,-0.14819738603768984,-0.2730069118734867,0.42448082383954183,0.24124902026327552,0.00825757796842353
-0.7752694030163165,0.22463598474256377,0.32847919273120163,-0.38210664943294426,0.4818931006184342,-0.05831465369198452,-1.0419734740773647,-0.26744247530915743,-0.13645112336927093,0.06727027654488041,-0.30096728585258425,0.21151543864269834,-0.7637187271069774,-0.05128052662121199,-0.551867402892245,1.087425398954568,0.16116222712210232,0.5865268459625222,0.4291461823948864,0.24046710059209225,-0.21383950477234656,-0.26918992714596396,0.25479680050769254,-0.19802765913910292,-0.511941022859744,0.38952196007639556,0.22188578260425956,1.0694694716258806,-0.6017777610863114,-0.13158615610209917,0.5968087661029552,0.09030634054896987,0.02664606177200146,0.40878073990139985,0.0562825301373089,0.28051388310438663,0.0817837585058485,0.22419816054494107,-0.20263183579747102,-0.30107104189231554,0.1712048877557009,0.218075477375106,0.33151980195382474,-0.31512410459010765
2.0342170598001585,-1.6951111042860483,0.8021496587963148,0.8730948223882988,-0.3014957960396018,0.16718283996796016,2.534940264006226,2.1182409918813345,-0.20701400120381538,0.02574069921005934,0.6353841567391032,-0.6923015443967612,1.1836320637888305,-0.04082448235358635,0.7151848674313485,-2.8814696839743834,-0.3673067967034957,-1.2381598355496855,-0.4830430988807407,-1.7633598293895114,0.8048054650886192,1.2154296637251252,-0.8220774416618437,1.0827009438578628,1.4515109266690467,-0.22748628274609267,-0.5983424674490556,-0.6017777610863114,1.9570707568866434,0.6182693685075106,-0.9607777026559684,-1.0572784278549419,0.403035402848606,-0.7670092631134733,0.3371653842754071,-0.9994746261100548,1.3782890518927986,-1.07440727290803,-0.14814613961715672,-0.32815575836582134,0.13551900500320102,-0.5019188053354828,-0.3819907699372508,0.2830484242590923
0.6401945219466311,-0.5279745112723351,0.357744964338152,0.555040290084761,0.2603868435624421,0.28194128895149223,1.1445689168221174,0.8829984149226071,-0.1724378358920097,0.0801259000037813,0.07250288547035791,-0.25208201127440066,0.5285469980986301,-0.1991910748720303,0.45722979062523966,-1.2652500356268592,-0.13195859450834574,-0.38445847030452535,-8.279087807719981e-4,-0.9540685010501673,0.618241696612189,0.4201050278636132,-0.43655775976343686,0.4919201224224479,0.8011039846081587,0.1579009426280014,-0.48580691992985175,-0.13158615610209917,0.6182693685075106,0.5771293272148246,-0.18364294221252617,-0.6281852457853391,0.2914189079841927,0.23075814527222333,0.11014479653710771,-0.5678177093675326,0.8360356990684601,-0.22005832657111557,0.0841722046743849,-0.04678048768338055,0.21021613730747551,-0.23724896644326707,-0.14414636601728117,0.11673758267295968
-1.1548666333632984,0.8668844276513017,-0.2775865369885104,-0.24692297947668912,0.5547623640050662,0.07308814777739582,-1.3049668233341383,-0.7931211587672025,0.2718980679934627,0.04034581937829061,-0.07548511105915971,0.2446044980312537,-0.6422963413526607,-0.1944786685860271,-0.5374986350585925,1.4706750226015826,0.3164133509057216,0.800709869395496,0.442265307244612,0.6509117934049722,-0.22418012656526767,-0.7178866200213813,0.28825428736455216,-0.367463848503122,-0.7104745590583105,0.2507463565872772,0.039573069298163316,0.5968087661029552,-0.9607777026559684,-0.18364294221252617,0.9029289825735664,0.15812320599536223,0.02629271498218295,0.6302447989634669,-0.25699278353524596,0.6189032909302333,-0.21796389693152857,0.6969322028267418,0.03466712533254717,-0.005497456028263937,0.0907553793733696,0.06603105989491083,0.2908890327365454,-0.19204344157814826
-1.076990961927705,0.8434738896058251,-0.5113624472117664,-0.7368053176910332,-0.4722661261392255,-0.2635560545567962,-1.448580077016925,-1.5843055757488007,0.1543251842538584,-0.29502447116929886,-0.5768642981371749,0.44135281651389663,-0.7288381914714248,0.5226710220681445,-0.3557647942994653,1.6577595745826954,0.08132234311909602,0.5956974419846591,0.08704959995682626,1.117227373761114,-0.8798197715203294,-0.38387291914107824,0.4859678385177973,-0.8105099876202094,-1.120052887360265,-0.18700360859565548,0.6337125118129675,0.09030634054896987,-1.0572784278549419,-0.6281852457853391,0.15812320599536223,1.3051943566506627,-0.43578671851291084,0.0033848124001914317,-0.17334203492850225,0.5423302508133345,-1.3036418628164335,0.4953148672265441,0.00795769639864565,0.3278565337576078,-0.4805130739259582,0.6595044498149386,0.16435002544403932,-0.26641508740132175
0.36510387851035603,-0.40963496564518864,0.45097297385549756,0.2837985074482551,0.09752145831069764,0.2508928342143353,0.7767542657932771,0.7324156359284949,0.12519827085479118,-0.09734604234127764,0.051299973658538105,-0.42630771385130345,0.35955284056976844,0.08828650900887443,0.1846631138405273,-0.856397006935412,0.10995363606205824,-0.2840779553488042,-0.1568988551446441,-0.7907536029763262,0.3148296331576446,0.08419352604801604,-0.08896755527614074,0.39392804398709513,0.4409756372694538,-0.032767032346893425,-0.40883573321957944,0.02664606177200146,0.403035402848606,0.2914189079841927,0.02629271498218295,-0.43578671851291084,0.4755722412920008,0.028739755154417766,0.08841792295998731,-0.1444747042186519,0.6235227091121546,-0.22320645126649308,-0.07999954889155136,-0.23220076243984533,0.10651703777307986,-0.36842378595439823,-0.028108212236475163,0.03365405259534334
-0.8286872937425418,0.6386170478815798,-0.1095348098495203,0.055570946906670436,0.6567565934544152,0.2678238554916787,-0.5811887478431769,-0.5947514961515273,-0.06705207234139454,0.09605766342470869,-0.35286190094444536,0.29250598526621524,-0.30477218999767414,-0.2320074832984972,-0.028591400246163384,0.7109477993064157,-0.04206453011939174,0.6557899870563725,0.5778446327254364,0.07220509228335797,0.21813125018705307,-0.32392286924142966,0.038983484373327,-0.3108136619526319,-0.20742667612805213,0.4299224330682889,-0.21301807312710078,0.40878073990139985,-0.7670092631134733,0.23075814527222333,0.6302447989634669,0.0033848124001914317,0.028739755154417766,1.0679133448840883,-0.20542108209157994,0.0735552597036413,0.05257151877859229,0.5623420990715909,0.26443278026699707,0.19962967989753352,0.2091425568078837,0.1310371911388895,0.1325058305116518,-0.17310232882500717
0.2190219553920594,-0.6532899114294118,0.29813057128157494,0.4424193498958002,-0.0605557683289605,-0.10621640252866354,0.7317393627983243,0.4170398922995882,-0.5330006649959051,-0.0940223632264735,-0.23819200282810127,-0.18742817776003187,-0.054716309224551764,0.009675923981312083,0.2846938661335444,-0.8003777455185752,0.3142356021375583,-0.43706259314800006,-0.3789642889628182,-0.7077177791179609,0.2773125456552323,0.24034674978317547,-0.16064622066369288,0.5320338432886508,0.4519605081400459,0.2404678639057666,-0.0207592047596353,0.0562825301373089,0.3371653842754071,0.11014479653710771,-0.25699278353524596,-0.17334203492850225,0.08841792295998731,-0.20542108209157994,0.7020029599514623,-0.433346762515289,0.3738209305113118,-0.23361435537869304,-0.27383616354281776,-0.07068068959195474,0.2805751552586558,0.04818962276393979,-0.03353064567341463,0.3090496493348684
-1.0311347905174533,0.9838616897686997,-0.5841381458730808,-0.663354101586734,0.09173113084974838,-0.22559504730617583,-1.6857952373976008,-1.262654068325913,0.5057079376874968,-0.08121476969960939,0.08297526814056623,0.3368678191061472,-0.5616560601435079,-0.00629689764572586,-0.7774160177629906,1.756558693089818,0.24795741754934575,0.6483341191209521,0.12772898141540062,1.2801406473423265,-0.6841143199012925,-0.7431254632275149,0.6161847298883718,-0.7195910232431165,-1.0900335536241215,-0.25397381741927044,0.3071208044710987,0.28051388310438663,-0.9994746261100548,-0.5678177093675326,0.6189032909302333,0.5423302508133345,-0.1444747042186519,0.0735552597036413,-0.433346762515289,1.1882003047692162,-0.9676821402488774,0.347325217201157,0.13552123059638885,0.136664403059137,-0.17316107935561836,-0.01145900354867316,0.3211382941230516,-0.23627264338395138
1.2711246121346949,-1.262595463171145,0.924764105202614,1.1686234776521938,0.44390138246325295,0.4738506525746708,2.1716773590921683,2.1827568706113145,-0.33281807598990737,0.17506159956030104,0.535276663709318,-0.5768788426439566,0.8023589413914286,-0.3118345993366834,0.6850994968100776,-2.2912855963562495,-0.1065603250117714,-0.6866510891977681,0.0769688458280731,-1.9508213819953475,1.1028203766658127,0.7494856521912371,-0.9157244534854032,1.15944812289963,1.4740998025382743,0.32236125626404566,-0.8199836228203093,0.0817837585058485,1.3782890518927986,0.8360356990684601,-0.21796389693152857,-1.3036418628164335,0.6235227091121546,0.05257151877859229,0.3738209305113118,-0.9676821402488774,1.9695992167266443,-0.4568811130262667,-0.16132322534526183,-0.3790368141603889,0.5186809588796119,-0.4557626359741064,-0.1962956112032085,0.1874630614143231
-1.2602169901383606,1.1220298717009622,-0.6170530981216489,-0.1731146470788318,0.33938052895578147,0.15098680406116052,-1.3004911643536143,-0.9410818671271288,0.31336153109672016,0.05670575624545238,-0.21993677454041793,0.31259440985098985,-0.6634450860137158,-0.0720970949989698,-0.23175413020912566,1.6315392172294312,0.4065502748772856,0.7763598699592877,0.4085229404767342,0.9196585633525466,-0.31227702657654455,-0.8369552454842576,0.17427894838963418,-0.32001462056308416,-0.7154127106843838,0.24097138625269426,0.23725074903847962,0.22419816054494107,-1.07440727290803,-0.22005832657111557,0.6969322028267418,0.4953148672265441,-0.22320645126649308,0.5623420990715909,-0.23361435537869304,0.347325217201157,-0.4568811130262667,1.1305860447022615,0.05912762828867195,0.16513974311837726,-0.10945371889639653,0.3334730538469798,0.13549309501468013,-0.06235304982275386
-0.0634705526337506,0.34890122856766864,-0.2628802929189991,0.09983498653397593,0.13860807683324905,0.028069981051585816,-0.05946802105031001,-0.31455106640439107,0.03591912619454427,0.06242529379166348,0.16538446330115444,0.21347728803843863,0.23662278323679103,-0.16718921428237116,0.05712213738607441,0.022630070363210138,-0.23767546248351118,0.10544793281634862,0.19209318878276865,0.19771233729671042,0.10396523161085412,0.03984737319475385,-0.08330195299096158,-0.25843055231548634,-0.0011599776458799704,-0.14701293326363302,-0.17540452845174992,-0.20263183579747102,-0.14814613961715672,0.0841722046743849,0.03466712533254717,0.00795769639864565,-0.07999954889155136,0.26443278026699707,-0.27383616354281776,0.13552123059638885,-0.16132322534526183,0.05912762828867195,0.3893956213835307,0.32629833868085145,-0.013277713838043423,-0.030374547444079584,-0.0884646258626722,-0.11037599076908718
-0.29978395944580377,0.4687476251416804,-0.5177312064785609,0.3240739496891564,0.045972010269850205,-0.1974207350250572,-0.10794958246739869,-0.7329273393258702,-0.3757621514107838,-0.001382762497962241,0.12656814364250998,0.44353118334573427,0.030062479275873154,-0.20182963572141785,0.19254834897276923,0.16468498574712584,-0.06076112337649711,0.107810766858245,0.11063893417548334,0.23905929442596985,0.021783826006727215,0.1453524173994325,-0.2612340994049028,-0.31491276733352186,-0.03661815819090537,-0.14096933175025933,-0.14819738603768984,-0.30107104189231554,-0.32815575836582134,-0.04678048768338055,-0.005497456028263937,0.3278565337576078,-0.23220076243984533,0.19962967989753352,-0.07068068959195474,0.136664403059137,-0.3790368141603889,0.16513974311837726,0.32629833868085145,0.8315348942853162,0.04223720973635508,0.24609759654086014,-0.11838623600780088,-0.05867753865604271
0.067449867087444,-0.20540794923933356,0.17313325213421776,0.4530030320182733,0.4305247579695919,0.03998288386340053,0.41328263125762826,0.43409188525226416,-0.42206853047666587,0.16711863163227317,0.08962243719694321,-0.03566047525942769,0.03840162128832158,-0.3371448302465399,0.16428977086280622,-0.37276293010383754,0.07545101397306388,-0.09234676388107298,0.08271042246875845,-0.4456286958577397,0.47719836287443457,-0.05261943607543209,-0.16440164913931046,0.2947611270566624,0.4474685031681332,0.27951894324028387,-0.2730069118734867,0.1712048877557009,0.13551900500320102,0.21021613730747551,0.0907553793733696,-0.4805130739259582,0.10651703777307986,0.2091425568078837,0.2805751552586558,-0.17316107935561836,0.5186809588796119,-0.10945371889639653,-0.013277713838043423,0.04223720973635508,0.5162575672700566,-0.1678288721678767,-0.029799405155458782,0.1405424029081363
-0.5505526824065266,0.32413310780063476,-0.26083538227196157,-0.20214471749912769,-0.16180783062141904,-0.1954092532185525,-0.7037355981798574,-0.7746118696731983,-0.2764801058192043,-0.058795891397674376,-0.2975518688794814,0.4666674597793369,-0.529586869757056,0.088171234574777,-0.11550915854902465,0.7889481620876705,-0.06367973431182067,0.36414016782796366,0.2768919360209295,0.44792986010861474,-0.3386450923972874,0.08485447420477825,-0.06267104815874167,-0.4000281029591264,-0.44743507740481997,0.17615100385434246,0.42448082383954183,0.218075477375106,-0.5019188053354828,-0.23724896644326707,0.06603105989491083,0.6595044498149386,-0.36842378595439823,0.1310371911388895,0.04818962276393979,-0.01145900354867316,-0.4557626359741064,0.3334730538469798,-0.030374547444079584,0.24609759654086014,-0.1678288721678767,0.6708610744728399,0.12574370305419968,-0.13444749523812985
-0.399834377276072,0.1692472509092044,-0.20439756337364673,-0.2990972213364468,0.05007306287901824,-0.04122031023184365,-0.6737307543610547,-0.4432549323251954,0.12430072729680702,0.002898804478298141,-0.1477345141512285,0.16832950574981395,-0.4515922861947515,-0.034705444343142794,-0.34319547704330416,0.6783173718024512,0.10856223522217834,0.3166667149756411,0.11940427896742992,0.32821226228776545,-0.290906694908963,-0.1792591962872106,0.17950000724424753,-0.23082415709778056,-0.43913396803292076,0.20517016016030257,0.24124902026327552,0.33151980195382474,-0.3819907699372508,-0.14414636601728117,0.2908890327365454,0.16435002544403932,-0.028108212236475163,0.1325058305116518,-0.03353064567341463,0.3211382941230516,-0.1962956112032085,0.13549309501468013,-0.0884646258626722,-0.11838623600780088,-0.029799405155458782,0.12574370305419968,0.36239527118696896,0.02463891038919383
0.27882295769055915,-0.36850962575374435,-0.21908727477298626,0.3121096902675521,-0.09576600407888411,0.03917856875310813,0.4562315019020563,0.4051806171471843,-0.06364656321270856,0.015197734207331748,-0.02277884874449609,-0.19961124724194412,0.04401362417432562,-0.18227720575207204,0.22541131425831942,-0.544588572715014,0.3447801489038313,-0.3605120685777557,-0.3294450039411503,-0.25956538740477686,0.16898746818921878,-0.060148776226586105,-0.11804327069793102,0.4386189547942652,0.282879666107415,0.10976891527868075,0.00825757796842353,-0.31512410459010765,0.2830484242590923,0.11673758267295968,-0.19204344157814826,-0.26641508740132175,0.03365405259534334,-0.17310232882500717,0.3090496493348684,-0.23627264338395138,0.1874630614143231,-0.06235304982275386,-0.11037599076908718,-0.05867753865604271,0.1405424029081363,-0.13444749523812985,0.02463891038919383,0.531583231568592
