V1,V2,V3,V4,V5,V6,V7,V8,V9,V10,V11,V12,V13,V14,V15,V16,V17,V18,V19,V20,V21,V22,V23,V24,V25,V26,V27,V28,V29,V30,V31,V32,V33,V34,V35,V36,V37,V38,V39,V40,V41,V42,V43,V44
46.0992360818832,-39.18091916668129,20.476314283468707,27.057790271979766,-2.4884603472683864,6.267826689886412,66.33718964411743,49.97277327908805,-10.430820108949476,1.0640253749615072,12.718424756013768,-15.303756751869516,29.57783375747927,-3.216852287024405,22.03068066928591,-73.26390048559946,-8.660975938672193,-28.5348510428396,-9.445156117886338,-48.847858198470036,25.21906106219392,29.458655044436792,-21.94628061437253,26.753109882502063,40.46356917338974,-0.3237556944018379,-18.6536022960425,-13.058289722272464,43.862860442271256,19.248273478806425,-20.529043998737045,-28.02221160232213,11.907602315207502,-10.1433500640378,10.69831506029362,-27.285482127949887,37.95924140073513,-23.527240618335878,-1.7456258385831207,-4.606485856672113,7.463856626742135,-12.046484714770852,-9.4341790192439,7.318898608012135
-39.18091916668129,33.646876545526325,-17.369944877905123,-23.139225864529557,2.3249593524735963,-5.350119654146576,-56.50392967340589,-42.5328470234435,8.808339342625347,-0.6721195546816001,-10.693906235418316,13.02516663745875,-24.962049017012962,2.6148354686643707,-18.723506718513644,62.520845088428224,7.107643244169578,24.32281603270324,8.108960692392898,41.87560012703696,-21.300489694733244,-25.290305144134766,18.814901998633204,-22.909951635801217,-34.27164917511216,0.23526595030015252,15.754575160805267,10.98597419101324,-37.32314567229527,-16.37222607627121,17.449784863068643,23.656602002753022,-10.226717027225462,8.654062828398686,-9.26016475325599,23.140847781400545,-32.39967083136678,20.021136607080756,1.5755165935073838,3.968501547845982,-6.206921290922678,10.070487751653054,7.780703218734631,-6.370152053646151
20.476314283468707,-17.369944877905123,9.540561179894025,11.784587739027613,-0.681412966310223,2.679264502529025,29.258752582522174,22.37319486791268,-4.968945789492172,0.7286278342096766,5.434481548795421,-6.768912328165693,13.03951407233006,-1.5169344465459143,9.753474513501779,-32.193121238315285,-4.1294473450211875,-12.569283086863148,-4.060913307106342,-21.48256412534734,11.411001963709765,13.017145597862541,-9.590071844025065,11.903074782006486,18.07902955572246,-0.06534678482046341,-8.270381557672332,-5.596853425676621,19.527086526033873,8.587503268957821,-9.220808534960954,-12.609362933989024,4.9948538192073215,-4.400826501200526,4.738546180483729,-12.453249139598599,16.784603028814093,-10.524653004642586,-0.8067581815693653,-2.0792180376688774,3.575721281043468,-5.376067692343678,-4.578501958189213,2.9754005092547913
27.057790271979766,-23.139225864529557,11.784587739027613,16.678126694217372,-1.4279421982636764,3.866868939813242,39.37950736788444,29.637250130125103,-6.049851899966884,0.43827297577618074,7.845403752349112,-8.963599260213902,17.298287266151608,-1.8772532810510105,13.189065263023664,-43.37099121438707,-4.67849747850391,-16.808213744877953,-5.554547024149086,-29.140378993063756,14.919107039101657,17.485081346682065,-13.430467370503338,16.151778995133682,23.83304360156576,-0.29887213450033007,-11.111646678604052,-7.801015134931672,25.894011428255844,11.274294371347079,-11.947600207811151,-16.380057715229345,7.042880937302964,-6.019684611831617,6.431226923598761,-15.935467975795358,22.644654395727763,-13.521052858634341,-1.0016287771999643,-2.4154753729960987,4.41440024384314,-6.986260755083147,-5.574459816373902,4.44967478435482
-2.4884603472683864,2.3249593524735963,-0.681412966310223,-1.4279421982636764,1.1558701086652776,-0.37448252325060727,-3.6459710935363345,-2.4611019606416598,0.14783789239572562,0.39942848898999567,-0.8042319375361953,0.7755411958443699,-1.541825524275163,-0.26631468294588245,-1.1646045553053788,4.2157036401341985,0.23702597122411787,1.524494142680428,0.5037473702484127,2.9298924644576028,-0.7217580621733288,-1.8948339290678773,1.371340313413141,-1.182679564332585,-1.773055316980844,0.11959450751222316,0.7353440655333914,0.7558480561650642,-2.2408473009776597,-0.8321680027515298,1.0443301137276246,0.9395503870198636,-1.0003456812140694,0.791482166543658,-0.548095372099397,1.1246018122870873,-2.075492420298693,1.2253588273981355,0.22749396845260914,0.3378806747291447,0.22808836042012912,0.26236279714181,-0.16898982079799096,-0.640362732004303
6.267826689886412,-5.350119654146576,2.679264502529025,3.866868939813242,-0.37448252325060727,1.326170664810302,9.057267474964917,7.076683927839527,-0.8702439141413897,0.013033810028189052,1.768966513932342,-2.1306246030992817,3.858786476328952,-0.09166604822310474,3.130810692145499,-9.883692618481382,-0.9248583948290615,-3.746519602495964,-1.2850935804241417,-6.801378834515712,3.318248940055515,3.9103618798210027,-3.003147897636544,3.8452412625244943,5.340910765542313,-0.058162796916894396,-2.4726661037035136,-1.7721746677006875,5.885392327568944,2.5388153976358425,-2.61470987191864,-3.709220432417264,1.7524701757254924,-1.2973741185131915,1.373659945092567,-3.439960395752316,5.288680628013674,-2.9326999042631665,-0.24656615197532908,-0.7826032500076296,0.8923823737701189,-1.748150178288839,-1.1305401784015798,1.0967647035078674
66.33718964411743,-56.50392967340589,29.258752582522174,39.37950736788444,-3.6459710935363345,9.057267474964917,95.83074606106209,72.02787691221738,-15.067767290033768,1.424943171397606,18.38434501094243,-22.06088940701029,42.60888216098659,-4.696835603796567,31.895682313087164,-105.82692589840566,-12.276777216383753,-41.22451901377471,-13.608001410515365,-70.60875337868286,36.391749105197135,42.51487481498054,-31.961542018571535,38.747959366259735,58.34403837196294,-0.5278712595830249,-26.931601895762412,-18.965352148844264,63.26460440231105,27.786944876432855,-29.630788521951022,-40.23043535020761,17.1552389967436,-14.660520565804687,15.545074720829643,-39.404333403110606,54.83073432449805,-33.72048303100998,-2.4618188630283666,-6.438126727226065,10.725915419045187,-17.16786295559829,-13.582781255128834,10.690660507697888
49.97277327908805,-42.5328470234435,22.37319486791268,29.637250130125103,-2.4611019606416598,7.076683927839527,72.02787691221738,55.50855841696755,-11.157072596014943,1.3403569196707328,13.922452007448241,-16.868285019311834,32.06362100161278,-3.536198082310603,24.137760757698516,-79.40052700069805,-9.083344663117657,-30.94157349255343,-9.815283491638514,-53.13829061711201,27.513914007073993,31.54489891242196,-24.213273513728446,29.596861491002745,44.01057074640229,-0.5239155935140762,-20.31510011527503,-14.084432315376638,47.84837849184749,21.028621456906524,-22.232262929799276,-30.573041925191273,12.864834770601203,-11.05694815731578,11.485944106678575,-30.06971685628669,41.81572936971655,-24.973677949142804,-2.0031024709308043,-5.110616759302405,8.119832880888177,-12.907753390002217,-10.503569390533961,7.95401845571636
-10.430820108949476,8.808339342625347,-4.968945789492172,-6.049851899966884,0.14783789239572562,-0.8702439141413897,-15.067767290033768,-11.157072596014943,3.478754549639746,-0.644219765716776,-2.593413886398702,3.3563376521475696,-6.755066596321776,1.2149840820601927,-5.089304773297415,16.568031929172424,2.3979515124223547,6.620375695536733,2.092271905130829,10.821503568761443,-6.167747801266399,-6.717773292147218,5.002850773216813,-5.999956153012298,-9.611984774064998,-0.08882853578145898,4.299945917788448,2.9895438254123747,-10.10367765369634,-4.492347669584962,5.048622901017307,6.53609496233807,-2.1895960878769842,2.302505252062162,-2.7176201993135756,7.049011968705448,-8.40392434995897,5.540257596421515,0.41957778847280686,0.6980445913881832,-2.157451975172814,2.499093703487079,2.7683550788664726,-1.4751641197526193
1.0640253749615072,-0.6721195546816001,0.7286278342096766,0.43827297577618074,0.39942848898999567,0.013033810028189052,1.424943171397606,1.3403569196707328,-0.644219765716776,0.5181764084150344,0.203805660128525,-0.35269873896328346,0.7578519957871592,-0.3441272895868271,0.5716356825853509,-1.4488403793199467,-0.5098325227005336,-0.6672724139957877,-0.11691231627246011,-0.7527755981731832,0.9109077759239071,0.40045288517442756,-0.34783713723727966,0.6362924706860604,1.2228694133101567,0.06908683607478333,-0.5376257139659587,-0.3104316177139872,1.108343699555106,0.5111836080718316,-0.6302208720240017,-1.0035668762794432,-0.002178396312038117,-0.214944548506854,0.27224635909181,-1.103101225298791,0.8462145382954902,-0.5328595798613801,-0.046451712164174465,-0.076564415982214,0.5379193639845005,-0.40530322835755794,-0.6630402955184583,0.017318943385674943
12.718424756013768,-10.693906235418316,5.434481548795421,7.845403752349112,-0.8042319375361953,1.768966513932342,18.38434501094243,13.922452007448241,-2.593413886398702,0.203805660128525,4.303317439351018,-4.175183641314273,8.257141309891207,-0.92561242971257,5.962897711984784,-20.242131055695204,-2.238371298888655,-7.752583548099398,-2.443867992544629,-13.585548436128892,6.84463759574062,8.187453530744252,-6.372659052672001,7.398902825011123,11.072411193106445,-0.2940503050374213,-5.315988152188147,-3.5776982049111035,12.155218477059035,5.119408843256119,-5.356332692778823,-7.763630378589169,3.519835681938091,-3.004138683310372,2.776517072018679,-7.048383250642039,10.813168101391186,-6.363769514934989,-0.4786411537466696,-1.177152371243368,1.979674662301983,-3.413750435172879,-2.4436637965416055,1.9607534928290897
-15.303756751869516,13.02516663745875,-6.768912328165693,-8.963599260213902,0.7755411958443699,-2.1306246030992817,-22.06088940701029,-16.868285019311834,3.3563376521475696,-0.35269873896328346,-4.175183641314273,5.3639554915972,-9.905889885528747,1.2388553274122334,-7.270370391030159,24.420239747573156,2.735680967878243,9.585915446820545,3.115853554760777,16.26447180136047,-8.452209246417665,-9.519602824750537,7.310544010219855,-9.03836113325362,-13.479920614494866,0.16051291819585822,6.232301716509365,4.371132025746259,-14.654900689523698,-6.539644562110816,6.840476064298849,9.415320508503434,-4.052598044099967,3.3600186973540738,-3.4910763152856137,9.225262146153943,-12.75155054026598,7.777550289241446,0.5699007175954569,1.6940219932173726,-2.4543088443414582,4.06160285982188,3.171101208791054,-2.552811148178532
29.57783375747927,-24.962049017012962,13.03951407233006,17.298287266151608,-1.541825524275163,3.858786476328952,42.60888216098659,32.06362100161278,-6.755066596321776,0.7578519957871592,8.257141309891207,-9.905889885528747,19.391935511367592,-2.3629120216152093,14.070448979471248,-47.23667615828483,-5.723158724123155,-18.467843770766102,-5.932024157881824,-31.24402721492106,16.304356485710038,18.761209516040882,-14.14594818845197,17.00651881428476,26.091058491336206,-0.42102687817496404,-12.201543738506654,-8.549197486681395,28.247990274318575,12.554721424920558,-13.239538350570024,-18.1117450749831,7.692936518670176,-6.500973054931631,6.678716717150898,-17.583401399932388,24.381052340239943,-15.172199322716741,-0.9065211537535973,-2.8271639744868544,4.760926287599705,-7.722445509896398,-6.109005303628816,4.631239823041353
-3.216852287024405,2.6148354686643707,-1.5169344465459143,-1.8772532810510105,-0.26631468294588245,-0.09166604822310474,-4.696835603796567,-3.536198082310603,1.2149840820601927,-0.3441272895868271,-0.92561242971257,1.2388553274122334,-2.3629120216152093,0.8789608892503871,-1.4200722103072345,5.288151437364107,0.7405474945742697,2.235173297877056,0.6494557412191091,3.265659730751855,-2.1862466875036217,-1.822426873621484,1.5595389060914326,-1.9162534698589049,-3.200671546197177,0.019165201693733237,1.5585237367917906,0.9891989278376535,-3.259805969286761,-1.6191903929138358,1.5608295840273967,2.3931990754455605,-0.746630064682018,0.6862567854952348,-0.7857472852723427,2.2852292362508284,-2.7377141769472795,1.8212198763493148,0.01976680679419789,0.2231881704420061,-0.8453702520155155,0.9622524381056747,0.9828089058299251,-0.4883137287971179
22.03068066928591,-18.723506718513644,9.753474513501779,13.189065263023664,-1.1646045553053788,3.130810692145499,31.895682313087164,24.137760757698516,-5.089304773297415,0.5716356825853509,5.962897711984784,-7.270370391030159,14.070448979471248,-1.4200722103072345,10.888336116802133,-35.05807711427954,-4.045421300041989,-13.654036673167726,-4.495135239870628,-23.42088921448349,12.158712956870144,14.074119479227615,-10.665486210584316,13.021595120629186,19.457546787206677,-0.15401393004244754,-8.907305201686183,-6.42798721366816,21.002817625512378,9.208799847612413,-9.943148074537955,-13.306372585218194,5.507452502988604,-4.822254820807997,5.221407592586841,-13.360883829695883,18.176107445043627,-10.966076096617618,-0.8532236670204699,-2.012238027900433,3.609431578637213,-5.619457043554755,-4.740595538695098,3.57576821608709
-73.26390048559946,62.520845088428224,-32.193121238315285,-43.37099121438707,4.2157036401341985,-9.883692618481382,-105.82692589840566,-79.40052700069805,16.568031929172424,-1.4488403793199467,-20.242131055695204,24.420239747573156,-47.23667615828483,5.288151437364107,-35.05807711427954,117.26408048960286,13.509087501942041,45.68781383043341,15.080581134320775,78.13704686281498,-40.07904788692607,-47.0610432026973,35.28039311594963,-42.62352590290221,-64.3255990680941,0.7354619853950151,29.86533423134692,20.936403743624094,-69.89627744318365,-30.807967291793034,32.6946076789428,44.4730204532933,-19.19593986852901,16.157138277700923,-17.12078270368519,43.37142804626481,-60.54649143631632,37.474061100239894,2.61152620058579,7.105199946427748,-11.67201741326789,18.94986260537932,14.713220429504396,-11.89040568064064
-8.660975938672193,7.107643244169578,-4.1294473450211875,-4.67849747850391,0.23702597122411787,-0.9248583948290615,-12.276777216383753,-9.083344663117657,2.3979515124223547,-0.5098325227005336,-2.238371298888655,2.735680967878243,-5.723158724123155,0.7405474945742697,-4.045421300041989,13.509087501942041,2.353738717711543,5.288358311263649,1.5261277088465435,8.790257343625958,-4.911590227134313,-5.514746010064108,3.93820037737775,-4.588772929939201,-7.72362398006654,0.07149035926688052,3.5241031243153045,2.3969561316608528,-8.259841702282124,-3.640680503968956,4.093608708872567,5.272791291894537,-1.9468263918257238,1.8623013780112245,-1.8870435231829248,5.438422464517985,-6.852897290842773,4.6832621503398375,0.17937975389492222,0.7765446415154185,-1.5888221059839527,2.163224555176847,2.079203389771676,-0.9689548123531927
-28.5348510428396,24.32281603270324,-12.569283086863148,-16.808213744877953,1.524494142680428,-3.746519602495964,-41.22451901377471,-30.94157349255343,6.620375695536733,-0.6672724139957877,-7.752583548099398,9.585915446820545,-18.467843770766102,2.235173297877056,-13.654036673167726,45.68781383043341,5.288358311263649,17.921076699814883,5.935762123018825,30.32473587936381,-15.741864917741447,-18.1811322597305,13.676151915301398,-16.639037599870232,-25.20884429828615,0.21892718330999758,11.628933815284086,8.218779525443946,-27.275691271525407,-12.103912055992634,12.842687555664963,17.432636368539914,-7.404010113093631,6.312851072469382,-6.740087470217348,17.082391778237795,-23.549311609726196,14.628349257710937,1.0301539087734009,2.7905486956007457,-4.648187039048431,7.3892974169448875,5.831855211582858,-4.675119858738733
-9.445156117886338,8.108960692392898,-4.060913307106342,-5.554547024149086,0.5037473702484127,-1.2850935804241417,-13.608001410515365,-9.815283491638514,2.092271905130829,-0.11691231627246011,-2.443867992544629,3.115853554760777,-5.932024157881824,0.6494557412191091,-4.495135239870628,15.080581134320775,1.5261277088465435,5.935762123018825,2.3934510697136466,10.005990177374787,-5.153291270339752,-6.089113982586994,4.246412431011204,-5.546682871646743,-8.286325963189478,-0.12272880490493322,3.7666966483799458,2.7766152765449594,-8.845756443826845,-3.9078616125370687,4.156816156539511,5.81848840313102,-2.5029863382192237,2.0206114988341755,-2.4097957923406357,5.353889729609347,-7.532340642069446,4.9263676259313165,0.4113285606164007,0.9643210331615492,-1.588837947487635,2.7204124582316878,1.8114070433233518,-1.7413992304345736
-48.847858198470036,41.87560012703696,-21.48256412534734,-29.140378993063756,2.9298924644576028,-6.801378834515712,-70.60875337868286,-53.13829061711201,10.821503568761443,-0.7527755981731832,-13.585548436128892,16.26447180136047,-31.24402721492106,3.265659730751855,-23.42088921448349,78.13704686281498,8.790257343625958,30.32473587936381,10.005990177374787,52.37653757233574,-26.58121923451609,-31.542088235261076,23.699173426000915,-28.599691856170757,-42.72162178531813,0.46853827316215557,19.79456545021497,13.810234397138656,-46.58207758269334,-20.427190000289333,21.667525298072093,29.45673161443896,-12.86608376795299,10.773915886763575,-11.433902697403555,28.75343075452093,-40.54041253828935,24.849412033143228,1.8454247225185558,4.803718058316546,-7.6632604913557305,12.539049796814695,9.683159151114417,-7.947713858534783
25.21906106219392,-21.300489694733244,11.411001963709765,14.919107039101657,-0.7217580621733288,3.318248940055515,36.391749105197135,27.513914007073993,-6.167747801266399,0.9109077759239071,6.84463759574062,-8.452209246417665,16.304356485710038,-2.1862466875036217,12.158712956870144,-40.07904788692607,-4.911590227134313,-15.741864917741447,-5.153291270339752,-26.58121923451609,14.324957726429991,15.892134144206254,-12.019596911456373,14.841100767340208,22.536039216362497,-0.11898455841966696,-10.40495732543148,-7.2419577331505005,24.163357684048318,10.745388586223767,-11.40426325127495,-15.692287145573355,6.23145535907558,-5.423844212180743,5.943088958743056,-15.402211624034463,20.78359357277823,-12.886577153964097,-0.84712089672681,-2.3621566332635884,4.518385523199942,-6.7154593080173015,-5.69723099669774,3.9072975040168725
29.458655044436792,-25.290305144134766,13.017145597862541,17.485081346682065,-1.8948339290678773,3.9103618798210027,42.51487481498054,31.54489891242196,-6.717773292147218,0.40045288517442756,8.187453530744252,-9.519602824750537,18.761209516040882,-1.822426873621484,14.074119479227615,-47.0610432026973,-5.514746010064108,-18.1811322597305,-6.089113982586994,-31.542088235261076,15.892134144206254,19.432525864324994,-14.228961664081158,16.998258858581107,25.642931641240992,-0.2717843476978692,-11.906994544024451,-8.261555278753502,27.986677086559528,12.163895801698391,-13.102595017756268,-17.582313291279917,7.653905622022223,-6.507331327908618,6.943215584125414,-17.170849246562014,24.19523679933699,-15.173088350103484,-1.09379962294797,-2.702475753964729,4.603352667176585,-7.490810993783369,-5.8025870614031785,4.626531201321683
-21.94628061437253,18.814901998633204,-9.590071844025065,-13.430467370503338,1.371340313413141,-3.003147897636544,-31.961542018571535,-24.213273513728446,5.002850773216813,-0.34783713723727966,-6.372659052672001,7.310544010219855,-14.14594818845197,1.5595389060914326,-10.665486210584316,35.28039311594963,3.93820037737775,13.676151915301398,4.246412431011204,23.699173426000915,-12.019596911456373,-14.228961664081158,11.100669283324562,-12.995180514588876,-19.319807102777688,0.3478046463374902,8.985121546840187,6.28481235574886,-21.125046706076386,-9.215665665821904,9.798178956689943,13.150529355277175,-5.7246217513448086,4.994478758450674,-5.133582651479891,13.1565595076895,-18.520868309159003,10.959205774663461,0.8278570525174104,1.9645613858600681,-3.41748233518122,5.350295310834251,4.469354741938363,-3.5206915483939207
26.753109882502063,-22.909951635801217,11.903074782006486,16.151778995133682,-1.182679564332585,3.8452412625244943,38.747959366259735,29.596861491002745,-5.999956153012298,0.6362924706860604,7.398902825011123,-9.03836113325362,17.00651881428476,-1.9162534698589049,13.021595120629186,-42.62352590290221,-4.588772929939201,-16.639037599870232,-5.546682871646743,-28.599691856170757,14.841100767340208,16.998258858581107,-12.995180514588876,16.154705448446187,23.63461137381798,-0.14667327924020562,-10.887602757365986,-7.620322061415265,25.611162238669042,11.262081733061091,-11.90914011791099,-16.403615497274476,6.84527037738634,-5.887293676944196,6.378963747819858,-16.04709933919341,22.377000991490235,-13.326396715614246,-1.1093428171114994,-2.673451845677035,4.482238641602534,-7.052034689551062,-5.681387216675026,4.4427698102906
40.46356917338974,-34.27164917511216,18.07902955572246,23.83304360156576,-1.773055316980844,5.340910765542313,58.34403837196294,44.01057074640229,-9.611984774064998,1.2228694133101567,11.072411193106445,-13.479920614494866,26.091058491336206,-3.200671546197177,19.457546787206677,-64.3255990680941,-7.72362398006654,-25.20884429828615,-8.286325963189478,-42.72162178531813,22.536039216362497,25.642931641240992,-19.319807102777688,23.63461137381798,35.917632165436196,-0.15870187234048516,-16.47593706635918,-11.591892086005307,38.65298148405101,17.082849675646372,-18.194401339766298,-24.87011913203822,10.208555268545357,-8.893918595715313,9.535861437469135,-24.423015319774557,33.36668530225976,-20.597236438168995,-1.5225851941310826,-3.91923601002264,6.877683482593907,-10.56151922890362,-8.657031685660462,6.409268280399379
-0.3237556944018379,0.23526595030015252,-0.06534678482046341,-0.29887213450033007,0.11959450751222316,-0.058162796916894396,-0.5278712595830249,-0.5239155935140762,-0.08882853578145898,0.06908683607478333,-0.2940503050374213,0.16051291819585822,-0.42102687817496404,0.019165201693733237,-0.15401393004244754,0.7354619853950151,0.07149035926688052,0.21892718330999758,-0.12272880490493322,0.46853827316215557,-0.11898455841966696,-0.2717843476978692,0.3478046463374902,-0.14667327924020562,-0.15870187234048516,0.4042572610196073,0.3483966695187266,0.1618901245485118,-0.3872007035846281,-0.16467413544443768,0.14142511631387233,0.12892413067988845,-0.20110281072752256,0.07779289828038952,0.1656894773337643,0.1006052321665776,-0.3599484937987441,0.1829995098404527,-0.19435178927614843,-0.14286196712127913,0.10385882288653596,0.06641465548064895,0.09452525542969073,0.04634572002512731
-18.6536022960425,15.754575160805267,-8.270381557672332,-11.111646678604052,0.7353440655333914,-2.4726661037035136,-26.931601895762412,-20.31510011527503,4.299945917788448,-0.5376257139659587,-5.315988152188147,6.232301716509365,-12.201543738506654,1.5585237367917906,-8.907305201686183,29.86533423134692,3.5241031243153045,11.628933815284086,3.7666966483799458,19.79456545021497,-10.40495732543148,-11.906994544024451,8.985121546840187,-10.887602757365986,-16.47593706635918,0.3483966695187266,7.887539520368319,5.36336376874354,-17.86331418317939,-7.91832152320912,8.284412842105151,11.57598803677505,-4.840001106031346,4.025282317433286,-4.2242779790816805,11.066929565790744,-15.44894396154192,9.56479546473121,0.5116390082244556,1.6514207361563933,-3.145920078444347,5.033446400639367,3.9996482013911523,-2.894077832902144
-13.058289722272464,10.98597419101324,-5.596853425676621,-7.801015134931672,0.7558480561650642,-1.7721746677006875,-18.965352148844264,-14.084432315376638,2.9895438254123747,-0.3104316177139872,-3.5776982049111035,4.371132025746259,-8.549197486681395,0.9891989278376535,-6.42798721366816,20.936403743624094,2.3969561316608528,8.218779525443946,2.7766152765449594,13.810234397138656,-7.2419577331505005,-8.261555278753502,6.28481235574886,-7.620322061415265,-11.591892086005307,0.1618901245485118,5.36336376874354,4.028525664569256,-12.440492532191946,-5.527219619640016,5.927298282570905,7.928082395250663,-3.3364552408677794,2.8694503394218422,-3.048780465988041,7.862248261689257,-10.666259006542843,6.557147991045918,0.4051267114627245,1.11813994242398,-2.0913518262899027,3.4064255030856754,2.7921839237151826,-2.2016964709606635
43.862860442271256,-37.32314567229527,19.527086526033873,25.894011428255844,-2.2408473009776597,5.885392327568944,63.26460440231105,47.84837849184749,-10.10367765369634,1.108343699555106,12.155218477059035,-14.654900689523698,28.247990274318575,-3.259805969286761,21.002817625512378,-69.89627744318365,-8.259841702282124,-27.275691271525407,-8.845756443826845,-46.58207758269334,24.163357684048318,27.986677086559528,-21.125046706076386,25.611162238669042,38.65298148405101,-0.3872007035846281,-17.86331418317939,-12.440492532191946,41.9459613006646,18.44247375629687,-19.632165879054188,-26.74732272307363,11.279603568572767,-9.725718129650664,10.214345111713651,-26.257524672382747,36.347419794025996,-22.332961561430608,-1.6470629063048132,-4.315354373640077,7.1750381498919795,-11.323889216074656,-9.116944713687813,6.937456575971177
19.248273478806425,-16.37222607627121,8.587503268957821,11.274294371347079,-0.8321680027515298,2.5388153976358425,27.786944876432855,21.028621456906524,-4.492347669584962,0.5111836080718316,5.119408843256119,-6.539644562110816,12.554721424920558,-1.6191903929138358,9.208799847612413,-30.807967291793034,-3.640680503968956,-12.103912055992634,-3.9078616125370687,-20.427190000289333,10.745388586223767,12.163895801698391,-9.215665665821904,11.262081733061091,17.082849675646372,-0.16467413544443768,-7.91832152320912,-5.527219619640016,18.44247375629687,8.322668708762633,-8.69195057405917,-11.863724370927132,4.945950986569894,-4.139563828470229,4.4565757950430385,-11.666544284206903,15.930759075835912,-9.851285166774083,-0.6157724940338861,-1.906986597436056,3.184455469556589,-5.0013373115729705,-4.050980476744102,3.0840634534589157
-20.529043998737045,17.449784863068643,-9.220808534960954,-11.947600207811151,1.0443301137276246,-2.61470987191864,-29.630788521951022,-22.232262929799276,5.048622901017307,-0.6302208720240017,-5.356332692778823,6.840476064298849,-13.239538350570024,1.5608295840273967,-9.943148074537955,32.6946076789428,4.093608708872567,12.842687555664963,4.156816156539511,21.667525298072093,-11.40426325127495,-13.102595017756268,9.798178956689943,-11.90914011791099,-18.194401339766298,0.14142511631387233,8.284412842105151,5.927298282570905,-19.632165879054188,-8.69195057405917,9.482142191609995,12.418969226041169,-5.058868022938199,4.52941755875575,-4.865395094134352,12.658375236316905,-16.79056695266947,10.546326422657698,0.7265143832076486,1.9344427229238468,-3.4313665406412532,5.1771306809753,4.48357950175667,-3.2183273894355966
-28.02221160232213,23.656602002753022,-12.609362933989024,-16.380057715229345,0.9395503870198636,-3.709220432417264,-40.23043535020761,-30.573041925191273,6.53609496233807,-1.0035668762794432,-7.763630378589169,9.415320508503434,-18.1117450749831,2.3931990754455605,-13.306372585218194,44.4730204532933,5.272791291894537,17.432636368539914,5.81848840313102,29.45673161443896,-15.692287145573355,-17.582313291279917,13.150529355277175,-16.403615497274476,-24.87011913203822,0.12892413067988845,11.57598803677505,7.928082395250663,-26.74732272307363,-11.863724370927132,12.418969226041169,17.625145518863963,-7.190053468817194,6.0565256100076,-6.515670296879676,16.745801410026356,-23.142174399560187,14.34659889681062,1.029619679561439,2.8379069684144427,-4.9056013161363285,7.701848327391338,6.016255528208508,-4.440374073215316
11.907602315207502,-10.226717027225462,4.9948538192073215,7.042880937302964,-1.0003456812140694,1.7524701757254924,17.1552389967436,12.864834770601203,-2.1895960878769842,-0.002178396312038117,3.519835681938091,-4.052598044099967,7.692936518670176,-0.746630064682018,5.507452502988604,-19.19593986852901,-1.9468263918257238,-7.404010113093631,-2.5029863382192237,-12.86608376795299,6.23145535907558,7.653905622022223,-5.7246217513448086,6.84527037738634,10.208555268545357,-0.20110281072752256,-4.840001106031346,-3.3364552408677794,11.279603568572767,4.945950986569894,-5.058868022938199,-7.190053468817194,3.517649789489745,-2.6663683956215594,2.6543465714020194,-6.544779290713658,9.970531477247855,-6.123560032226008,-0.4337142133170095,-1.3509030435295615,1.624781087149033,-3.1955840987472013,-1.9211709832177963,2.080271334038027
-10.1433500640378,8.654062828398686,-4.400826501200526,-6.019684611831617,0.791482166543658,-1.2973741185131915,-14.660520565804687,-11.05694815731578,2.302505252062162,-0.214944548506854,-3.004138683310372,3.3600186973540738,-6.500973054931631,0.6862567854952348,-4.822254820807997,16.157138277700923,1.8623013780112245,6.312851072469382,2.0206114988341755,10.773915886763575,-5.423844212180743,-6.507331327908618,4.994478758450674,-5.887293676944196,-8.893918595715313,0.07779289828038952,4.025282317433286,2.8694503394218422,-9.725718129650664,-4.139563828470229,4.52941755875575,6.0565256100076,-2.6663683956215594,2.4841561380538364,-2.417701506850382,6.000438106148555,-8.499293917586733,5.108989427961552,0.5070739354515011,1.0449320249282117,-1.5554220003882928,2.480798389839238,1.944435309165473,-1.6526082165125155
10.69831506029362,-9.26016475325599,4.738546180483729,6.431226923598761,-0.548095372099397,1.373659945092567,15.545074720829643,11.485944106678575,-2.7176201993135756,0.27224635909181,2.776517072018679,-3.4910763152856137,6.678716717150898,-0.7857472852723427,5.221407592586841,-17.12078270368519,-1.8870435231829248,-6.740087470217348,-2.4097957923406357,-11.433902697403555,5.943088958743056,6.943215584125414,-5.133582651479891,6.378963747819858,9.535861437469135,0.1656894773337643,-4.2242779790816805,-3.048780465988041,10.214345111713651,4.4565757950430385,-4.865395094134352,-6.515670296879676,2.6543465714020194,-2.417701506850382,2.8453631589111703,-6.532014892722026,8.787684673197166,-5.458277866540226,-0.5513044645612928,-1.0306800216067367,1.8858140357861202,-2.706161775482522,-2.2023346528013286,1.870147373138432
-27.285482127949887,23.140847781400545,-12.453249139598599,-15.935467975795358,1.1246018122870873,-3.439960395752316,-39.404333403110606,-30.06971685628669,7.049011968705448,-1.103101225298791,-7.048383250642039,9.225262146153943,-17.583401399932388,2.2852292362508284,-13.360883829695883,43.37142804626481,5.438422464517985,17.082391778237795,5.353889729609347,28.75343075452093,-15.402211624034463,-17.170849246562014,13.1565595076895,-16.04709933919341,-24.423015319774557,0.1006052321665776,11.066929565790744,7.862248261689257,-26.257524672382747,-11.666544284206903,12.658375236316905,16.745801410026356,-6.544779290713658,6.000438106148555,-6.532014892722026,17.467324615354197,-22.52249594478547,13.796454091587748,1.1071578114022413,2.5805673465570442,-4.741851676165635,6.769876766278914,6.322181968630605,-4.27470775953321
37.95924140073513,-32.39967083136678,16.784603028814093,22.644654395727763,-2.075492420298693,5.288680628013674,54.83073432449805,41.81572936971655,-8.40392434995897,0.8462145382954902,10.813168101391186,-12.75155054026598,24.381052340239943,-2.7377141769472795,18.176107445043627,-60.54649143631632,-6.852897290842773,-23.549311609726196,-7.532340642069446,-40.54041253828935,20.78359357277823,24.19523679933699,-18.520868309159003,22.377000991490235,33.36668530225976,-0.3599484937987441,-15.44894396154192,-10.666259006542843,36.347419794025996,15.930759075835912,-16.79056695266947,-23.142174399560187,9.970531477247855,-8.499293917586733,8.787684673197166,-22.52249594478547,31.847644900603544,-19.103271807953963,-1.5180965637259625,-3.872442108473498,6.076091996452288,-9.773407939484436,-7.650619898561495,6.1122731796620435
-23.527240618335878,20.021136607080756,-10.524653004642586,-13.521052858634341,1.2253588273981355,-2.9326999042631665,-33.72048303100998,-24.973677949142804,5.540257596421515,-0.5328595798613801,-6.363769514934989,7.777550289241446,-15.172199322716741,1.8212198763493148,-10.966076096617618,37.474061100239894,4.6832621503398375,14.628349257710937,4.9263676259313165,24.849412033143228,-12.886577153964097,-15.173088350103484,10.959205774663461,-13.326396715614246,-20.597236438168995,0.1829995098404527,9.56479546473121,6.557147991045918,-22.332961561430608,-9.851285166774083,10.546326422657698,14.34659889681062,-6.123560032226008,5.108989427961552,-5.458277866540226,13.796454091587748,-19.103271807953963,12.485202066998829,0.759866602513388,2.336770671106114,-3.877392235240903,6.256569941898311,4.750664618529547,-3.632557470683119
-1.7456258385831207,1.5755165935073838,-0.8067581815693653,-1.0016287771999643,0.22749396845260914,-0.24656615197532908,-2.4618188630283666,-2.0031024709308043,0.41957778847280686,-0.046451712164174465,-0.4786411537466696,0.5699007175954569,-0.9065211537535973,0.01976680679419789,-0.8532236670204699,2.61152620058579,0.17937975389492222,1.0301539087734009,0.4113285606164007,1.8454247225185558,-0.84712089672681,-1.09379962294797,0.8278570525174104,-1.1093428171114994,-1.5225851941310826,-0.19435178927614843,0.5116390082244556,0.4051267114627245,-1.6470629063048132,-0.6157724940338861,0.7265143832076486,1.029619679561439,-0.4337142133170095,0.5070739354515011,-0.5513044645612928,1.1071578114022413,-1.5180965637259625,0.759866602513388,0.33371131874800875,0.3238694270153114,-0.25724221951454335,0.3608009116112199,0.271338318915968,-0.37828323864901703
-4.606485856672113,3.968501547845982,-2.0792180376688774,-2.4154753729960987,0.3378806747291447,-0.7826032500076296,-6.438126727226065,-5.110616759302405,0.6980445913881832,-0.076564415982214,-1.177152371243368,1.6940219932173726,-2.8271639744868544,0.2231881704420061,-2.012238027900433,7.105199946427748,0.7765446415154185,2.7905486956007457,0.9643210331615492,4.803718058316546,-2.3621566332635884,-2.702475753964729,1.9645613858600681,-2.673451845677035,-3.91923601002264,-0.14286196712127913,1.6514207361563933,1.11813994242398,-4.315354373640077,-1.906986597436056,1.9344427229238468,2.8379069684144427,-1.3509030435295615,1.0449320249282117,-1.0306800216067367,2.5805673465570442,-3.872442108473498,2.336770671106114,0.3238694270153114,0.9327629166396307,-0.6540434226060173,1.3035421839843822,0.6687159807208706,-0.8312343318032703
7.463856626742135,-6.206921290922678,3.575721281043468,4.41440024384314,0.22808836042012912,0.8923823737701189,10.725915419045187,8.119832880888177,-2.157451975172814,0.5379193639845005,1.979674662301983,-2.4543088443414582,4.760926287599705,-0.8453702520155155,3.609431578637213,-11.67201741326789,-1.5888221059839527,-4.648187039048431,-1.588837947487635,-7.6632604913557305,4.518385523199942,4.603352667176585,-3.41748233518122,4.482238641602534,6.877683482593907,0.10385882288653596,-3.145920078444347,-2.0913518262899027,7.1750381498919795,3.184455469556589,-3.4313665406412532,-4.9056013161363285,1.624781087149033,-1.5554220003882928,1.8858140357861202,-4.741851676165635,6.076091996452288,-3.877392235240903,-0.25724221951454335,-0.6540434226060173,1.7113969222310954,-2.1757965809683144,-2.0075924532999316,1.0687130741694193
-12.046484714770852,10.070487751653054,-5.376067692343678,-6.986260755083147,0.26236279714181,-1.748150178288839,-17.16786295559829,-12.907753390002217,2.499093703487079,-0.40530322835755794,-3.413750435172879,4.06160285982188,-7.722445509896398,0.9622524381056747,-5.619457043554755,18.94986260537932,2.163224555176847,7.3892974169448875,2.7204124582316878,12.539049796814695,-6.7154593080173015,-7.490810993783369,5.350295310834251,-7.052034689551062,-10.56151922890362,0.06641465548064895,5.033446400639367,3.4064255030856754,-11.323889216074656,-5.0013373115729705,5.1771306809753,7.701848327391338,-3.1955840987472013,2.480798389839238,-2.706161775482522,6.769876766278914,-9.773407939484436,6.256569941898311,0.3608009116112199,1.3035421839843822,-2.1757965809683144,3.7599723497543236,2.5599863346593077,-1.943780755976312
-9.4341790192439,7.780703218734631,-4.578501958189213,-5.574459816373902,-0.16898982079799096,-1.1305401784015798,-13.582781255128834,-10.503569390533961,2.7683550788664726,-0.6630402955184583,-2.4436637965416055,3.171101208791054,-6.109005303628816,0.9828089058299251,-4.740595538695098,14.713220429504396,2.079203389771676,5.831855211582858,1.8114070433233518,9.683159151114417,-5.69723099669774,-5.8025870614031785,4.469354741938363,-5.681387216675026,-8.657031685660462,0.09452525542969073,3.9996482013911523,2.7921839237151826,-9.116944713687813,-4.050980476744102,4.48357950175667,6.016255528208508,-1.9211709832177963,1.944435309165473,-2.2023346528013286,6.322181968630605,-7.650619898561495,4.750664618529547,0.271338318915968,0.6687159807208706,-2.0075924532999316,2.5599863346593077,2.821860202771495,-1.2488461261576016
7.318898608012135,-6.370152053646151,2.9754005092547913,4.44967478435482,-0.640362732004303,1.0967647035078674,10.690660507697888,7.95401845571636,-1.4751641197526193,0.017318943385674943,1.9607534928290897,-2.552811148178532,4.631239823041353,-0.4883137287971179,3.57576821608709,-11.89040568064064,-0.9689548123531927,-4.675119858738733,-1.7413992304345736,-7.947713858534783,3.9072975040168725,4.626531201321683,-3.5206915483939207,4.4427698102906,6.409268280399379,0.04634572002512731,-2.894077832902144,-2.2016964709606635,6.937456575971177,3.0840634534589157,-3.2183273894355966,-4.440374073215316,2.080271334038027,-1.6526082165125155,1.870147373138432,-4.27470775953321,6.1122731796620435,-3.632557470683119,-0.37828323864901703,-0.8312343318032703,1.0687130741694193,-1.943780755976312,-1.2488461261576016,1.5420336300320936
