V1,V2,V3,V4,V5,V6,V7,V8,V9,V10,V11,V12,V13,V14,V15,V16,V17,V18,V19,V20,V21,V22,V23,V24,V25,V26,V27,V28,V29,V30,V31,V32,V33,V34,V35,V36,V37,V38,V39,V40,V41,V42,V43,V44
13.899702711834733,-9.752457625910461,30.529562641432335,14.399439636833062,-4.271282153920682,-6.768869864943977,1.2395077019440717,1.8936856097575825,8.210171201148386,-12.528462603951674,25.375008844163702,-12.61509080627475,-47.638356549404534,32.21753540678359,13.505721840371717,16.465858478926933,11.337785268861516,16.887667981270955,3.657278848082581,15.393196713235058,5.107925231679924,18.68486969822143,10.672696146640174,19.404286685715416,13.031117606150545,3.779416226605778,1.2388118267042896,3.1562343375968633,0.6702843922076501,23.47977675279407,-5.225631313562172,-2.429142739420718,8.484876907642393,10.162019256120955,23.322677135880742,23.084633524583932,13.122694192514334,-1.6882215642135734,-31.67753160759547,-15.106081852632208,43.90027193391646,14.085416021961036,-50.12507110118037,30.18667362412629
-9.752457625910461,7.454578771680196,-23.076901873257643,-10.667300069957426,3.4522383387391398,5.483310795173101,-1.030569107612519,-1.3380354082472359,-6.100510932154636,8.890956309837604,-18.756953251605044,9.698909967325253,35.11575086522755,-24.05268892814915,-10.002367409906133,-11.974865611721887,-8.447787524733362,-12.96195912782886,-2.9829768967772954,-11.940284696200157,-3.6312309260869067,-14.159248404072363,-7.789279775153804,-14.401737739409885,-9.756139946276477,-2.8476623103267387,-0.8438647747005318,-2.1677973778188093,-0.5358888524120582,-17.265032735617456,4.252620045022572,1.7039495790307366,-6.00424723805465,-8.021151361523515,-17.359792830791978,-17.40611091255181,-9.950398832450778,1.0139239052451339,23.00933584525709,11.417496166036798,-32.96850251140053,-9.907560193056552,37.37348709781944,-21.949484636808968
30.529562641432335,-23.076901873257643,71.75716612979583,33.148807074138816,-10.625868671775729,-16.979422960163518,3.1566544102421425,4.152373486890829,19.128707763639905,-27.986087552412727,58.44302277309766,-30.223173589959153,-109.42058475939264,74.80715465894622,31.08379730689998,37.365844840053086,26.21019651986005,40.31924692947165,9.223807103652447,36.95959572342241,11.442531838605897,43.950419549413645,24.219764578007347,44.86819100949082,30.40404092253505,8.705188474407688,2.6257687998463615,6.8918157860025175,1.671321243242535,53.78591781495794,-13.025366648684946,-5.411277484399254,18.81564495769309,24.88979186228315,54.03731204362215,54.036458845973186,31.00844442330054,-3.2221024068068664,-71.81619176270684,-35.32980198956321,102.44318494513536,30.9164588124691,-116.36860643531682,68.57278571477623
14.399439636833062,-10.667300069957426,33.148807074138816,15.837948335282151,-5.020236287024738,-7.871387363091773,1.2756967301471918,1.931109126746584,8.611036785971201,-12.716304539677905,26.967587238063295,-13.837351227616331,-51.376088767285566,34.524288264962436,14.691636581960234,17.632759294838586,12.816650316707081,18.822047679925625,4.218971834518668,17.438022892505373,5.238618672613761,20.82179139160969,11.657471006767512,20.64079113488664,14.266084287336326,4.744137887835598,1.2791597287648249,3.063808079243112,0.6809443056303344,25.15022285316664,-6.131524682125432,-2.6754998088842603,8.47901207363824,11.35475152523573,25.580566194629498,25.758593026711363,14.290401912573955,-1.6356994468990222,-33.874012809570054,-16.775958654029914,48.26589442282664,14.801192141662627,-53.71662345253463,32.21524788238511
-4.271282153920682,3.4522383387391398,-10.625868671775729,-5.020236287024738,1.759813110136313,2.73018451438175,-0.3990815661355564,-0.5375873921865579,-2.7021648796424658,3.767919414604397,-8.38015602138883,4.460631009618195,16.047687076558134,-10.910985462754908,-4.621167460775184,-5.450856856180056,-4.076176737255189,-6.194002516358838,-1.4676988681694592,-5.744125961311619,-1.6000892663256892,-6.696154113696904,-3.634319548489629,-6.495337977525055,-4.5353088522706075,-1.5583120669474118,-0.29782959823160704,-0.8789114677495188,-0.24578689397294068,-7.840105722583218,2.0688642408628928,0.8519254501309844,-2.4830351981381327,-3.8209228887968543,-8.080092839877256,-8.21639889424283,-4.546348204627867,0.37880505153705096,10.44841933412987,5.367941911778697,-15.424056387240817,-4.350422865514661,16.91930318378123,-9.84853078188873
-6.768869864943977,5.483310795173101,-16.979422960163518,-7.871387363091773,2.73018451438175,4.347784677970396,-0.7005174753059271,-0.8715816648354555,-4.419039492949287,6.161845739675575,-13.457290797987636,7.241353439170893,25.541191573199935,-17.42114698106824,-7.29504558525229,-8.648531808499078,-6.350307825676566,-9.856241517230462,-2.327784914804169,-9.089500314908669,-2.5851363147329667,-10.612356794177366,-5.683612547221242,-10.402861268259809,-7.240584615313047,-2.2939189686298356,-0.5074919499389686,-1.4654707435358778,-0.3911338856542004,-12.46631968393994,3.2835964448266717,1.3301804915219422,-4.049150676117321,-6.129770116285749,-12.819493389446803,-12.991188674111795,-7.339644613399252,0.5961712683911787,16.590119658278173,8.448798628019375,-24.432990882206408,-6.879674552688582,27.102295792850782,-15.765234284830095
1.2395077019440717,-1.030569107612519,3.1566544102421425,1.2756967301471918,-0.3990815661355564,-0.7005174753059271,0.25878638807618587,0.22736143753011664,0.8850440536395163,-1.29231919385241,2.6409628890710644,-1.4090739124669749,-4.56325934064876,3.320918739509691,1.275708858049274,1.5056685694352465,0.9522570332274073,1.6249239086018556,0.41766986061412165,1.529620681286799,0.46032469593573533,1.7861693623838948,0.9163532120576956,1.9732380756414178,1.2557285069888853,0.16063753464768996,0.18624909431218303,0.31485118595589134,0.0851175591269703,2.272384647476613,-0.6005802226187498,-0.10879396610547835,0.9184567901633747,1.105771140278752,2.2008607738215473,2.2102864799356396,1.4267327939231105,-0.12702919637948765,-2.9094766001079004,-1.4641939891357985,4.193591749817125,1.2730047837427863,-5.180097016354567,2.9253210933628915
1.8936856097575825,-1.3380354082472359,4.152373486890829,1.931109126746584,-0.5375873921865579,-0.8715816648354555,0.22736143753011664,0.3297685571830685,1.1121367120792807,-1.747418606641206,3.523495220861726,-1.822416495027893,-6.504259373905206,4.369581946785004,1.8552360168405349,2.215790237216736,1.5871322071256997,2.19377942281611,0.5268669474193738,2.1056553437186682,0.6167618972660903,2.553320155010415,1.4357758442449462,2.5792666959219743,1.7662761878952562,0.4910106031242152,0.3265223312917558,0.4070416323474934,0.08169267952939964,3.198801686441872,-0.7628668180821813,-0.23430025059226034,1.181099502526334,1.3325803837561931,3.2191274892687534,3.2709954277827378,1.9095640569811803,-0.30587970962682254,-4.276588697427527,-2.0989095049777404,5.922598367702014,2.019767934135497,-6.8717486951567865,4.278027896226145
8.210171201148386,-6.100510932154636,19.128707763639905,8.611036785971201,-2.7021648796424658,-4.419039492949287,0.8850440536395163,1.1121367120792807,5.304045502377977,-7.812058945798052,15.73531912045442,-8.145584223073072,-29.034839788942314,20.000622995562402,8.154162278033974,9.911411023317994,6.636308817025545,10.628658962788688,2.4389301815192,9.55778106791257,3.165770889002521,11.434988828201428,6.268086471931957,12.07982587780007,8.052049393105744,1.8992023153393456,0.7035005388949825,2.00006764821571,0.4894563410889587,14.325030840105278,-3.288635242243779,-1.4168752357250896,5.250787987971268,6.634912872808829,14.182093422572558,14.019298735620977,8.337659887014206,-0.8793330916737846,-19.08544543001275,-9.129748322838822,26.852525750800268,8.163526003578847,-31.203879395627446,18.333241815225715
-12.528462603951674,8.890956309837604,-27.986087552412727,-12.716304539677905,3.767919414604397,6.161845739675575,-1.29231919385241,-1.747418606641206,-7.812058945798052,11.848385020321103,-23.386343640839463,11.86475025835394,43.09868934406008,-29.481870420347732,-12.08343972247617,-14.793514597234097,-9.802446448362767,-15.30843160181475,-3.4344964450423405,-13.774098100169988,-4.722663921341491,-16.704644216931825,-9.348048335312388,-17.817315631114834,-11.822392161143519,-2.762502016159492,-1.2149924685197937,-3.046716823684097,-0.6848631303785733,-21.2949967667971,4.656780649918435,2.068216565102385,-8.00243757971033,-9.433494652259272,-20.94654439529615,-20.62706932906045,-12.259231582384777,1.5198234326946676,28.52247143220071,13.40411142736893,-39.381911305723904,-12.534730322890901,46.06525359599924,-27.524613135042753
25.375008844163702,-18.756953251605044,58.44302277309766,26.967587238063295,-8.38015602138883,-13.457290797987636,2.6409628890710644,3.523495220861726,15.73531912045442,-23.386343640839463,48.13152220670448,-24.690645606041908,-89.70967251977885,61.1666744941685,25.39497942755197,30.668354279655723,21.243825224794328,32.496265632256666,7.371596907668636,29.7797099594337,9.423581833967145,35.67755129608976,19.78067777589281,36.73463692560143,24.797854067215443,6.850104924247716,2.4001070882245648,5.808050564618521,1.3244707811591157,44.134370103584466,-10.44864245749711,-4.329730706293685,15.786221567872753,20.014921301377086,44.109436612013276,44.029548753716156,25.430850387200998,-2.8920179319556882,-59.03949152979354,-28.72146678051563,83.28915930956582,25.76498977209139,-95.34435538975832,56.66083196388663
-12.61509080627475,9.698909967325253,-30.223173589959153,-13.837351227616331,4.460631009618195,7.241353439170893,-1.4090739124669749,-1.822416495027893,-8.145584223073072,11.86475025835394,-24.690645606041908,13.315743266854433,46.07610598422869,-31.16226935510967,-13.042949701352548,-15.551545277839727,-11.17081606828708,-16.983570922907877,-4.124879707274703,-15.745067931692756,-4.601378788051564,-18.673459290648783,-10.056878883912955,-18.575481801324454,-12.923724853553631,-3.579231979547003,-1.5339387906395059,-2.850813807838968,-0.678459056385981,-22.525846420466515,5.650079135159929,2.1041028796061365,-7.803954248358694,-10.577303078920508,-22.971631255423855,-23.340821593384028,-13.641698162512313,1.5504759394010563,30.01976549540187,14.901265548302407,-43.015823439645644,-12.987174323100833,48.97544549377048,-29.3669041991777
-47.638356549404534,35.11575086522755,-109.42058475939264,-51.376088767285566,16.047687076558134,25.541191573199935,-4.56325934064876,-6.504259373905206,-29.034839788942314,43.09868934406008,-89.70967251977885,46.07610598422869,169.0842721628537,-114.22041028464328,-48.03643106492272,-57.920499883493086,-41.06730183707715,-61.509345508830826,-13.803769397448354,-56.63238610376298,-17.529878871131533,-67.84994716630374,-37.77204290469729,-68.4882639240157,-46.85392960552678,-14.223501276232092,-4.4491047725112445,-10.559567851001265,-2.3186813380034903,-82.91102992235793,19.87883999630634,8.509566134725807,-28.867593936158734,-37.439809247749025,-83.65270162900475,-83.8358167723761,-47.511759533838344,5.493834264075093,111.40772671333156,54.5601487724618,-157.71605328999397,-48.71485911271313,178.06065330730985,-106.58567317454067
32.21753540678359,-24.05268892814915,74.80715465894622,34.524288264962436,-10.910985462754908,-17.42114698106824,3.320918739509691,4.369581946785004,20.000622995562402,-29.481870420347732,61.1666744941685,-31.16226935510967,-114.22041028464328,78.376408358906815,32.42169149897423,39.136800930796035,27.050359502336626,41.782236913818615,9.382577934176746,38.158742885230595,12.132009528287485,45.52692264747398,25.28652126899869,47.11528647010463,31.57711797710741,8.864614824649632,2.585002426356475,7.3431752497825435,1.7609660662580446,56.27841976996158,-13.360706918229118,-5.67173628002542,19.99272037627318,25.754607666816888,56.11658993152588,55.78057227668778,32.02235811337638,-3.3445865582806698,-75.17227940106956,-36.70689230609747,106.61439661433255,32.48563334710693,-121.6577644152898,71.48438980658533
13.505721840371717,-10.002367409906133,31.08379730689998,14.691636581960234,-4.621167460775184,-7.29504558525229,1.275708858049274,1.8552360168405349,8.154162278033974,-12.08343972247617,25.39497942755197,-13.042949701352548,-48.03643106492272,32.42169149897423,13.706963134061425,16.459908803813878,11.820532165144517,17.503443043518264,3.950415842363199,16.201506428812202,4.916468872480243,19.362626338591056,10.807469150940522,19.38908780169918,13.311470288075498,4.20513926943388,1.2713818285147682,2.924552161662574,0.6563436592960761,23.54967906674491,-5.70907842121098,-2.4128592957920665,8.093231624992285,10.624756083450533,23.840865391851406,23.963721639622594,13.467069020702608,-1.5595008490359143,-31.639926778301966,-15.614673075392645,44.96002560412519,13.8642471909527,-50.482983182521906,30.227888205728156
16.465858478926933,-11.974865611721887,37.365844840053086,17.632759294838586,-5.450856856180056,-8.648531808499078,1.5056685694352465,2.215790237216736,9.911411023317994,-14.793514597234097,30.668354279655723,-15.551545277839727,-57.920499883493086,39.136800930796035,16.459908803813878,19.929638379013806,14.040795212697267,20.99790848568661,4.611843904442527,19.257984199272776,6.089701486552591,23.141517691837713,12.993836312909671,23.518684951995983,15.997572277717001,4.907418190290173,1.4138121022519674,3.6581543707680133,0.7924788302032496,28.434795060190964,-6.690801296948942,-2.996802244245485,9.940443334184607,12.701164550802568,28.580428082167437,28.494991021579537,16.05861604792908,-1.8678538587091276,-38.28814845884565,-18.632976145526815,53.96932207005162,16.77560073714506,-60.887668159926854,36.42902539452372
11.337785268861516,-8.447787524733362,26.21019651986005,12.816650316707081,-4.076176737255189,-6.350307825676566,0.9522570332274073,1.5871322071256997,6.636308817025545,-9.802446448362767,21.243825224794328,-11.17081606828708,-41.06730183707715,27.050359502336626,11.820532165144517,14.040795212697267,10.758559653217823,15.039599651260444,3.4524435846100214,14.23446506866349,3.926932587893151,16.961496937810743,9.45846521820497,16.019062817696557,11.475131433289482,4.2849467637345775,1.2965389667145493,2.2364722248142583,0.453565345541954,19.948119432389166,-5.1053669867343565,-2.110162625674651,6.396256764415677,8.9500721216377,20.77155377340572,21.27812586036586,11.570575603065496,-1.4589894366479015,-26.996313334855724,-13.655304280585659,38.79555029240404,11.980347545758173,-42.31678424432643,25.97345023454722
16.887667981270955,-12.96195912782886,40.31924692947165,18.822047679925625,-6.194002516358838,-9.856241517230462,1.6249239086018556,2.19377942281611,10.628658962788688,-15.30843160181475,32.496265632256666,-16.983570922907877,-61.509345508830826,41.782236913818615,17.503443043518264,20.99790848568661,15.039599651260444,23.07845741683431,5.250682733988024,21.153776980209592,6.39317484912656,25.052433945999464,13.71953134862668,25.062375903419312,17.22632107794196,5.316173103808091,1.3032942827595362,3.73690134230508,0.9021072553899079,30.11095547207276,-7.477392491615181,-3.226095589205073,10.17106807516732,14.174258798365132,30.58395393462397,30.69751199110228,17.355532954326364,-1.6803983851695548,-40.31428260000381,-20.02151479651271,58.073548864451375,17.12423502411744,-65.00458106023761,38.282742393889066
3.657278848082581,-2.9829768967772954,9.223807103652447,4.218971834518668,-1.4676988681694592,-2.327784914804169,0.41766986061412165,0.5268669474193738,2.4389301815192,-3.4344964450423405,7.371596907668636,-4.124879707274703,-13.803769397448354,9.382577934176746,3.950415842363199,4.611843904442527,3.4524435846100214,5.250682733988024,1.394810149505149,4.9104435767302075,1.3106188672105323,5.705419932476491,3.022876420267842,5.536008658069086,3.9197803662739235,1.1216284467310342,0.4701756217611468,0.7939081578319155,0.24168145522095327,6.752610324727142,-1.7732229790881997,-0.6095087515474346,2.2134090476580646,3.3211580301497627,6.977672296630018,7.20906746079376,4.217054965208708,-0.4364590595304445,-8.909269903862281,-4.556916057600219,13.077464738323485,3.7543166109237047,-14.747762020887778,8.74899491661236
15.393196713235058,-11.940284696200157,36.95959572342241,17.438022892505373,-5.744125961311619,-9.089500314908669,1.529620681286799,2.1056553437186682,9.55778106791257,-13.774098100169988,29.7797099594337,-15.745067931692756,-56.63238610376298,38.158742885230595,16.201506428812202,19.257984199272776,14.23446506866349,21.153776980209592,4.9104435767302075,19.7467298201527,5.614060757009401,23.32519036065051,12.732280449088272,22.726847597657905,15.885840006720818,5.264938936402483,1.4844202742196495,3.238206760675788,0.7538189646209901,27.62689735676793,-7.1429969231698,-2.8412039175154344,9.113158954630526,12.951132896076265,28.39443182978539,28.854441480089005,16.12998550199619,-1.6716959901156696,-36.99878787089764,-18.717670151108106,53.64398449248628,15.93988670117309,-59.50401835608031,35.42639606953857
5.107925231679924,-3.6312309260869067,11.442531838605897,5.238618672613761,-1.6000892663256892,-2.5851363147329667,0.46032469593573533,0.6167618972660903,3.165770889002521,-4.722663921341491,9.423581833967145,-4.601378788051564,-17.529878871131533,12.132009528287485,4.916468872480243,6.089701486552591,3.926932587893151,6.39317484912656,1.3106188672105323,5.614060757009401,2.0526811730787573,6.797158778317576,3.8520794679029877,7.413153399024484,4.807353619100907,1.1911836004654428,0.20832871326572835,1.2615572654610125,0.29030634966992575,8.68586304258939,-1.849470672441194,-0.9868358783807649,3.234365135991036,3.9106282977371443,8.446251922040949,8.136478707402155,4.721384262756402,-0.45881132328945756,-11.674854705116507,-5.437644856748962,16.194363368428544,4.96778645587642,-18.739950207046743,10.871594554961254
18.68486969822143,-14.159248404072363,43.950419549413645,20.82179139160969,-6.696154113696904,-10.612356794177366,1.7861693623838948,2.553320155010415,11.434988828201428,-16.704644216931825,35.67755129608976,-18.673459290648783,-67.84994716630374,45.52692264747398,19.362626338591056,23.141517691837713,16.961496937810743,25.052433945999464,5.705419932476491,23.32519036065051,6.797158778317576,27.746945974934526,15.270154835316687,27.17289417163022,18.956132120644533,6.2517191996165025,1.8336358208374985,3.9680098573739713,0.8630456582183083,33.103970660960755,-8.365394428085304,-3.4325750708081277,11.074906924521759,15.23290319741603,33.91230368746095,34.35214166544833,19.191987566823823,-2.130254474297993,-44.49126008771157,-22.263565860556973,63.90639368695038,19.35240184288725,-71.06332819740155,42.626262653873496
10.672696146640174,-7.789279775153804,24.219764578007347,11.657471006767512,-3.634319548489629,-5.683612547221242,0.9163532120576956,1.4357758442449462,6.268086471931957,-9.348048335312388,19.78067777589281,-10.056878883912955,-37.77204290469729,25.28652126899869,10.807469150940522,12.993836312909671,9.45846521820497,13.71953134862668,3.022876420267842,12.732280449088272,3.8520794679029877,15.270154835316687,8.622286423221142,15.113724394144333,10.454917245255496,3.5561616501787676,0.9644196038507973,2.2484342243176907,0.4740780847890223,18.483578489622,-4.462757128409583,-1.9775838957401342,6.249970209728016,8.215060448485309,18.799466472447467,18.917063882247405,10.422453184137913,-1.2512277042979447,-24.96872557666051,-12.323199759111384,35.409842545824155,11.009628329161282,-39.33838053023992,23.7330181298688
19.404286685715416,-14.401737739409885,44.86819100949082,20.64079113488664,-6.495337977525055,-10.402861268259809,1.9732380756414178,2.5792666959219743,12.07982587780007,-17.817315631114834,36.73463692560143,-18.575481801324454,-68.4882639240157,47.11528647010463,19.38908780169918,23.518684951995983,16.019062817696557,25.062375903419312,5.536008658069086,22.726847597657905,7.413153399024484,27.17289417163022,15.113724394144333,28.42571398970491,18.911248878111536,5.166912392526753,1.3970872079787346,4.504359853571558,1.0707052716394576,33.78399526365419,-7.89859801672157,-3.473699370923986,12.118919608276977,15.450462479321168,33.507505270756255,33.11442763471866,19.063813120869025,-1.9397976223310078,-45.14993905570134,-21.878966645551998,63.82178714054459,19.431751641171317,-73.05784213462398,42.7554288236281
13.031117606150545,-9.756139946276477,30.40404092253505,14.266084287336326,-4.5353088522706075,-7.240584615313047,1.2557285069888853,1.7662761878952562,8.052049393105744,-11.822392161143519,24.797854067215443,-12.923724853553631,-46.85392960552678,31.57711797710741,13.311470288075498,15.997572277717001,11.475131433289482,17.22632107794196,3.9197803662739235,15.885840006720818,4.807353619100907,18.956132120644533,10.454917245255496,18.911248878111536,13.063085818090542,4.01986786785821,1.2387345138300239,2.8767809358198466,0.6388723749297649,22.920447050938094,-5.612990098952169,-2.373093830532516,7.8531765041660435,10.516081761637931,23.285406710852584,23.445198747953356,13.283850882045453,-1.4859956787727924,-30.783140295362777,-15.181015864262717,43.87576699498659,13.354369396635292,-49.308390048152766,29.511364747860718
3.779416226605778,-2.8476623103267387,8.705188474407688,4.744137887835598,-1.5583120669474118,-2.2939189686298356,0.16063753464768996,0.4910106031242152,1.8992023153393456,-2.762502016159492,6.850104924247716,-3.579231979547003,-14.223501276232092,8.864614824649632,4.20513926943388,4.907418190290173,4.2849467637345775,5.316173103808091,1.1216284467310342,5.264938936402483,1.1911836004654428,6.2517191996165025,3.5561616501787676,5.166912392526753,4.01986786785821,2.254985782533724,0.40718965755483005,0.5185394746324338,0.037891494354953266,6.763769303022177,-1.9741949248698751,-0.8676632929464126,1.7366597046195833,2.9551461560013195,7.459726951687348,7.86325787780898,3.7372116873230414,-0.49487656032746574,-9.381212041356148,-5.057268986583135,13.905386435074137,4.254693737335713,-13.813898279313205,8.80807652795648
1.2388118267042896,-0.8438647747005318,2.6257687998463615,1.2791597287648249,-0.29782959823160704,-0.5074919499389686,0.18624909431218303,0.3265223312917558,0.7035005388949825,-1.2149924685197937,2.4001070882245648,-1.5339387906395059,-4.4491047725112445,2.585002426356475,1.2713818285147682,1.4138121022519674,1.2965389667145493,1.3032942827595362,0.4701756217611468,1.4844202742196495,0.20832871326572835,1.8336358208374985,0.9644196038507973,1.3970872079787346,1.2387345138300239,0.40718965755483005,0.635035935736733,0.20206211158469975,0.004296551522070899,2.0964058266854515,-0.608507775264579,-0.006959952210395839,0.7152407351113927,0.7754530310578627,2.3800805728610692,2.73449357093475,1.6572807959350693,-0.45615064176291886,-2.8357292719880842,-1.492672072820412,3.8667500001572845,1.5779676519300554,-4.441003042575384,3.3924693055115105
3.1562343375968633,-2.1677973778188093,6.8918157860025175,3.063808079243112,-0.8789114677495188,-1.4654707435358778,0.31485118595589134,0.4070416323474934,2.00006764821571,-3.046716823684097,5.808050564618521,-2.850813807838968,-10.559567851001265,7.3431752497825435,2.924552161662574,3.6581543707680133,2.2364722248142583,3.73690134230508,0.7939081578319155,3.238206760675788,1.2615572654610125,3.9680098573739713,2.2484342243176907,4.504359853571558,2.8767809358198466,0.5185394746324338,0.20206211158469975,0.8392302675718822,0.19240181807436874,5.26149445130608,-1.0355363082940103,-0.5466270595647895,2.085542519226468,2.3190087430782063,5.022244242567097,4.806242392076729,2.936516414267065,-0.33883546044831636,-7.05039992796638,-3.1674599169182107,9.53323908270015,3.0436381252926483,-11.423947738882223,6.698406250561751
0.6702843922076501,-0.5358888524120582,1.671321243242535,0.6809443056303344,-0.24578689397294068,-0.3911338856542004,0.0851175591269703,0.08169267952939964,0.4894563410889587,-0.6848631303785733,1.3244707811591157,-0.678459056385981,-2.3186813380034903,1.7609660662580446,0.6563436592960761,0.7924788302032496,0.453565345541954,0.9021072553899079,0.24168145522095327,0.7538189646209901,0.29030634966992575,0.8630456582183083,0.4740780847890223,1.0707052716394576,0.6388723749297649,0.037891494354953266,0.004296551522070899,0.19240181807436874,0.08469758116568679,1.191521936842893,-0.22691552292307837,-0.10751530001268281,0.4721034491386517,0.6067585366116719,1.0946609487872816,1.0297487532580922,0.6871691507713124,-0.032615045259308986,-1.5174838165911135,-0.6977528498898203,2.156717730168101,0.5772187789822801,-2.6846742917608437,1.4095450803302327
23.47977675279407,-17.265032735617456,53.78591781495794,25.15022285316664,-7.840105722583218,-12.46631968393994,2.272384647476613,3.198801686441872,14.325030840105278,-21.2949967667971,44.134370103584466,-22.525846420466515,-82.91102992235793,56.27841976996158,23.54967906674491,28.434795060190964,19.948119432389166,30.11095547207276,6.752610324727142,27.62689735676793,8.68586304258939,33.103970660960755,18.483578489622,33.78399526365419,22.920447050938094,6.763769303022177,2.0964058266854515,5.26149445130608,1.191521936842893,40.750404713846606,-9.642966832195867,-4.157832545932139,14.331903358114856,18.374558819539665,40.88494859627347,40.82988470822476,23.236995139306774,-2.6556885857965504,-54.67683025123131,-26.66689658755816,77.2309849514418,23.87657301338824,-87.59997692965618,52.195559080051076
-5.225631313562172,4.252620045022572,-13.025366648684946,-6.131524682125432,2.0688642408628928,3.2835964448266717,-0.6005802226187498,-0.7628668180821813,-3.288635242243779,4.656780649918435,-10.44864245749711,5.650079135159929,19.87883999630634,-13.360706918229118,-5.70907842121098,-6.690801296948942,-5.1053669867343565,-7.477392491615181,-1.7732229790881997,-7.1429969231698,-1.849470672441194,-8.365394428085304,-4.462757128409583,-7.89859801672157,-5.612990098952169,-1.9741949248698751,-0.608507775264579,-1.0355363082940103,-0.22691552292307837,-9.642966832195867,2.7184235997820116,0.9168068125394949,-3.0886270638510176,-4.621660659410655,-10.057069028053094,-10.378875760991479,-5.759680426803613,0.5694943195096511,12.856231031051262,6.733930483352825,-18.9990043971199,-5.563845979408591,20.879064920891793,-12.42564167146178
-2.429142739420718,1.7039495790307366,-5.411277484399254,-2.6754998088842603,0.8519254501309844,1.3301804915219422,-0.10879396610547835,-0.23430025059226034,-1.4168752357250896,2.068216565102385,-4.329730706293685,2.1041028796061365,8.509566134725807,-5.67173628002542,-2.4128592957920665,-2.996802244245485,-2.110162625674651,-3.226095589205073,-0.6095087515474346,-2.8412039175154344,-0.9868358783807649,-3.4325750708081277,-1.9775838957401342,-3.473699370923986,-2.373093830532516,-0.8676632929464126,-0.006959952210395839,-0.5466270595647895,-0.10751530001268281,-4.157832545932139,0.9168068125394949,0.6084114236444748,-1.361317420955355,-1.874809317298423,-4.198670901175511,-4.080521448550103,-2.154390882095169,0.19000441013604477,5.715649881416203,2.708360516175325,-8.05581561269867,-2.3850910769319285,8.735117232987891,-5.160626902178183
8.484876907642393,-6.00424723805465,18.81564495769309,8.47901207363824,-2.4830351981381327,-4.049150676117321,0.9184567901633747,1.181099502526334,5.250787987971268,-8.00243757971033,15.786221567872753,-7.803954248358694,-28.867593936158734,19.99272037627318,8.093231624992285,9.940443334184607,6.396256764415677,10.17106807516732,2.2134090476580646,9.113158954630526,3.234365135991036,11.074906924521759,6.249970209728016,12.118919608276977,7.8531765041660435,1.7366597046195833,0.7152407351113927,2.085542519226468,0.4721034491386517,14.331903358114856,-3.0886270638510176,-1.361317420955355,5.521703128729334,6.301736231484692,13.890836051218871,13.544735931460561,8.07072443312811,-0.9587861486825905,-19.14361412426342,-8.95641694069791,26.32378373657151,8.42781288519734,-31.069984976785765,18.309140503992843
10.162019256120955,-8.021151361523515,24.88979186228315,11.35475152523573,-3.8209228887968543,-6.129770116285749,1.105771140278752,1.3325803837561931,6.634912872808829,-9.433494652259272,20.014921301377086,-10.577303078920508,-37.439809247749025,25.754607666816888,10.624756083450533,12.701164550802568,8.9500721216377,14.174258798365132,3.3211580301497627,12.951132896076265,3.9106282977371443,15.23290319741603,8.215060448485309,15.450462479321168,10.516081761637931,2.9551461560013195,0.7754530310578627,2.3190087430782063,0.6067585366116719,18.374558819539665,-4.621660659410655,-1.874809317298423,6.301736231484692,8.877363026227137,18.556723052895315,18.623596331760552,10.756591368151765,-0.938357108233013,-24.407480174988113,-12.164948637956678,35.37458755431117,10.213948855593866,-40.064094179021545,23.250991734814036
23.322677135880742,-17.359792830791978,54.03731204362215,25.580566194629498,-8.080092839877256,-12.819493389446803,2.2008607738215473,3.2191274892687534,14.182093422572558,-20.94654439529615,44.109436612013276,-22.971631255423855,-83.65270162900475,56.11658993152588,23.840865391851406,28.580428082167437,20.77155377340572,30.58395393462397,6.977672296630018,28.39443182978539,8.446251922040949,33.91230368746095,18.799466472447467,33.507505270756255,23.285406710852584,7.459726951687348,2.3800805728610692,5.022244242567097,1.0946609487872816,40.88494859627347,-10.057069028053094,-4.198670901175511,13.890836051218871,18.556723052895315,41.70231109423675,42.13554467005383,23.68835020135358,-2.784862628355714,-54.99333097009037,-27.23561772787564,78.35785746615444,24.08380935441963,-87.65920549182593,52.8330065959125
23.084633524583932,-17.40611091255181,54.036458845973186,25.758593026711363,-8.21639889424283,-12.991188674111795,2.2102864799356396,3.2709954277827378,14.019298735620977,-20.62706932906045,44.029548753716156,-23.340821593384028,-83.8358167723761,55.78057227668778,23.963721639622594,28.494991021579537,21.27812586036586,30.69751199110228,7.20906746079376,28.854441480089005,8.136478707402155,34.35214166544833,18.917063882247405,33.11442763471866,23.445198747953356,7.86325787780898,2.73449357093475,4.806242392076729,1.0297487532580922,40.82988470822476,-10.378875760991479,-4.080521448550103,13.544735931460561,18.623596331760552,42.13554467005383,43.08280927009506,24.09457264775188,-2.9423577353570756,-54.92302044571777,-27.582181531981778,78.7594083644163,24.17747875594571,-87.45020578292733,53.21226623182786
13.122694192514334,-9.950398832450778,31.00844442330054,14.290401912573955,-4.546348204627867,-7.339644613399252,1.4267327939231105,1.9095640569811803,8.337659887014206,-12.259231582384777,25.430850387200998,-13.641698162512313,-47.511759533838344,32.02235811337638,13.467069020702608,16.05861604792908,11.570575603065496,17.355532954326364,4.217054965208708,16.12998550199619,4.721384262756402,19.191987566823823,10.422453184137913,19.063813120869025,13.283850882045453,3.7372116873230414,1.6572807959350693,2.936516414267065,0.6871691507713124,23.236995139306774,-5.759680426803613,-2.154390882095169,8.07072443312811,10.756591368151765,23.68835020135358,24.09457264775188,14.035172285324965,-1.6906344798594064,-31.023824898800594,-15.353428581488563,44.23347656046517,13.548354414607152,-50.35259916328286,30.391046956372076
-1.6882215642135734,1.0139239052451339,-3.2221024068068664,-1.6356994468990222,0.37880505153705096,0.5961712683911787,-0.12702919637948765,-0.30587970962682254,-0.8793330916737846,1.5198234326946676,-2.8920179319556882,1.5504759394010563,5.493834264075093,-3.3445865582806698,-1.5595008490359143,-1.8678538587091276,-1.4589894366479015,-1.6803983851695548,-0.4364590595304445,-1.6716959901156696,-0.45881132328945756,-2.130254474297993,-1.2512277042979447,-1.9397976223310078,-1.4859956787727924,-0.49487656032746574,-0.45615064176291886,-0.33883546044831636,-0.032615045259308986,-2.6556885857965504,0.5694943195096511,0.19000441013604477,-0.9587861486825905,-0.938357108233013,-2.784862628355714,-2.9423577353570756,-1.6906344798594064,0.4336200752618961,3.676603044769449,1.729501628107379,-4.797975307540295,-1.8896837197630985,5.470629274244395,-3.882395743312102
-31.67753160759547,23.00933584525709,-71.81619176270684,-33.874012809570054,10.44841933412987,16.590119658278173,-2.9094766001079004,-4.276588697427527,-19.08544543001275,28.52247143220071,-59.03949152979354,30.01976549540187,111.40772671333156,-75.17227940106956,-31.639926778301966,-38.28814845884565,-26.996313334855724,-40.31428260000381,-8.909269903862281,-36.99878787089764,-11.674854705116507,-44.49126008771157,-24.96872557666051,-45.14993905570134,-30.783140295362777,-9.381212041356148,-2.8357292719880842,-7.05039992796638,-1.5174838165911135,-54.67683025123131,12.856231031051262,5.715649881416203,-19.14361412426342,-24.407480174988113,-54.99333097009037,-54.92302044571777,-31.023824898800594,3.676603044769449,73.6347539004789,35.802733367107095,-103.67503255345639,-32.30818611633335,117.09488131566768,-70.23438796539865
-15.106081852632208,11.417496166036798,-35.32980198956321,-16.775958654029914,5.367941911778697,8.448798628019375,-1.4641939891357985,-2.0989095049777404,-9.129748322838822,13.40411142736893,-28.72146678051563,14.901265548302407,54.5601487724618,-36.70689230609747,-15.614673075392645,-18.632976145526815,-13.655304280585659,-20.02151479651271,-4.556916057600219,-18.717670151108106,-5.437644856748962,-22.263565860556973,-12.323199759111384,-21.878966645551998,-15.181015864262717,-5.057268986583135,-1.492672072820412,-3.1674599169182107,-0.6977528498898203,-26.66689658755816,6.733930483352825,2.708360516175325,-8.95641694069791,-12.164948637956678,-27.23561772787564,-27.582181531981778,-15.353428581488563,1.729501628107379,35.802733367107095,17.96426995241428,-51.37775570624674,-15.676927702671408,57.181468148621995,-34.25054415332164
43.90027193391646,-32.96850251140053,102.44318494513536,48.26589442282664,-15.424056387240817,-24.432990882206408,4.193591749817125,5.922598367702014,26.852525750800268,-39.381911305723904,83.28915930956582,-43.015823439645644,-157.71605328999397,106.61439661433255,44.96002560412519,53.96932207005162,38.79555029240404,58.073548864451375,13.077464738323485,53.64398449248628,16.194363368428544,63.90639368695038,35.409842545824155,63.82178714054459,43.87576699498659,13.905386435074137,3.8667500001572845,9.53323908270015,2.156717730168101,77.2309849514418,-18.9990043971199,-8.05581561269867,26.32378373657151,35.37458755431117,78.35785746615444,78.7594083644163,44.23347656046517,-4.797975307540295,-103.67503255345639,-51.37775570624674,148.17478382154076,44.97408706589514,-165.93580403590494,98.79728533448773
14.085416021961036,-9.907560193056552,30.9164588124691,14.801192141662627,-4.350422865514661,-6.879674552688582,1.2730047837427863,2.019767934135497,8.163526003578847,-12.534730322890901,25.76498977209139,-12.987174323100833,-48.71485911271313,32.48563334710693,13.8642471909527,16.77560073714506,11.980347545758173,17.12423502411744,3.7543166109237047,15.93988670117309,4.96778645587642,19.35240184288725,11.009628329161282,19.431751641171317,13.354369396635292,4.254693737335713,1.5779676519300554,3.0436381252926483,0.5772187789822801,23.87657301338824,-5.563845979408591,-2.3850910769319285,8.42781288519734,10.213948855593866,24.08380935441963,24.17747875594571,13.548354414607152,-1.8896837197630985,-32.30818611633335,-15.676927702671408,44.97408706589514,14.632763606288691,-50.75899447704703,31.12474436727584
-50.12507110118037,37.37348709781944,-116.36860643531682,-53.71662345253463,16.91930318378123,27.102295792850782,-5.180097016354567,-6.8717486951567865,-31.203879395627446,46.06525359599924,-95.34435538975832,48.97544549377048,178.06065330730985,-121.6577644152898,-50.482983182521906,-60.887668159926854,-42.31678424432643,-65.00458106023761,-14.747762020887778,-59.50401835608031,-18.739950207046743,-71.06332819740155,-39.33838053023992,-73.05784213462398,-49.308390048152766,-13.813898279313205,-4.441003042575384,-11.423947738882223,-2.6846742917608437,-87.59997692965618,20.879064920891793,8.735117232987891,-31.069984976785765,-40.064094179021545,-87.65920549182593,-87.45020578292733,-50.35259916328286,5.470629274244395,117.09488131566768,57.181468148621995,-165.93580403590494,-50.75899447704703,189.3549782182288,-111.97456349686757
30.18667362412629,-21.949484636808968,68.57278571477623,32.21524788238511,-9.84853078188873,-15.765234284830095,2.9253210933628915,4.278027896226145,18.333241815225715,-27.524613135042753,56.66083196388663,-29.3669041991777,-106.58567317454067,71.48438980658533,30.227888205728156,36.42902539452372,25.97345023454722,38.282742393889066,8.74899491661236,35.42639606953857,10.871594554961254,42.626262653873496,23.7330181298688,42.7554288236281,29.511364747860718,8.80807652795648,3.3924693055115105,6.698406250561751,1.4095450803302327,52.195559080051076,-12.42564167146178,-5.160626902178183,18.309140503992843,23.250991734814036,52.8330065959125,53.21226623182786,30.391046956372076,-3.882395743312102,-70.23438796539865,-34.25054415332164,98.79728533448773,31.12474436727584,-111.97456349686757,67.9955097929095
