V1,V2,V3,V4,V5,V6,V7,V8,V9,V10,V11,V12,V13,V14,V15,V16,V17,V18,V19,V20,V21,V22,V23,V24,V25,V26,V27,V28,V29,V30,V31,V32,V33,V34,V35,V36,V37,V38,V39,V40,V41,V42,V43,V44
13.780275931261759,-1.1764751461393983,11.622256430496448,-5.963597049848824,1.4177887251602685,1.8894152830616948,1.6333486462398068,-3.805669935057156,-5.744215899055292,-4.449974506846744,-10.43888656499915,7.296833475366838,7.585748568845656,2.552926222639878,8.013605232053923,-12.911938738660897,1.2075269806988587,0.13688282277721714,-12.808255246298659,-15.518650883962955,9.602204064250337,-2.5634961615103715,25.20218234046692,-23.580238004162716,-4.325396674651825,-4.164384657358231,4.1665220641575,-11.908894788383424,1.236814378053737,-11.811004207770349,20.380058075515734,7.548977863205394,12.139913836490708,-5.674188377669361,14.381478573716219,6.117102889726452,10.18699615812282,-9.249366287080706,2.7930578051429866,12.164946474974695,6.368774967824595,4.4963798048076775,-1.7384857725224419,9.374175157105615
-1.1764751461393983,0.44068756608934073,-2.3828244602197444,1.1176516501623186,0.09919240043089671,0.36026095406489356,-0.47237092231968114,0.5897025279901156,0.5675316276248029,0.47724324455541833,1.4100732217804761,-0.09298053105009721,-1.4951089435387221,-0.4811797279997443,-1.0373721362662194,2.3630922284663085,-0.056269602284511076,-0.5577830993996565,1.2854460537412837,1.6569307251203742,-1.1388841651860637,0.10237435721337232,-3.270093668464681,3.524298749150344,0.46403815726426983,0.9881081851506335,-0.798334881687492,1.867404016172496,-0.29098005053827675,1.980330325005817,-2.5423492702974055,-1.3733244718286772,-1.489362576487073,0.06925076682502042,-2.1738661794966414,-1.3927416647168418,-2.2870457808200473,1.1786453672037847,-1.2501011985193193,-1.7108210597213636,-1.0628987730287294,0.18764250647081387,0.7453485869468381,-1.1656634154049905
11.622256430496448,-2.3828244602197444,15.491303175874487,-7.520161138821712,0.2962031885588869,-0.5398154201156213,2.7403451760548463,-4.291719361429424,-5.159661100507434,-4.152842339752047,-10.92665030907964,3.9808298448573143,9.863933234181767,3.227475861956389,8.204408643846518,-16.04935459518764,0.8293526847714066,2.348358604258235,-11.587662789334122,-14.446620105039182,9.4025422637478009,-1.684502371317332,25.83183428324778,-26.07392087872465,-4.034223510173883,-6.100068014691178,5.329310307598331,-13.524547356909924,1.8005032412562192,-13.939586981837007,20.47053137843044,9.34987410935472,12.092489707214904,-3.0875693250798903,16.003706442882205,8.726473107204248,14.396124948029644,-9.394976961157644,6.494286578381852,13.010209802798949,7.495009392339021,1.4565274118651912,-3.9085389391020686,9.407556487349245
-5.963597049848824,1.1176516501623186,-7.520161138821712,3.6720775018787992,-0.22071025566478492,0.11607455692627616,-1.3038835797670445,2.120001492080043,2.623667789961585,2.102587482675201,5.446862582547632,-2.204887350517899,-4.799362110950478,-1.57360133661261,-4.10066642956475,7.847306255399145,-0.44001219554045395,-1.0363971661732385,5.887416726028526,7.312036476969196,-4.725890035211654,0.899820698471983,-12.91111356149443,12.915036101837398,2.0406127852798597,2.9353336349426464,-2.59998969900926,6.678713754291431,-0.8666360303223852,6.853465862901068,-10.257749073444929,-4.574304731637118,-6.065551873817332,1.7135564700895405,-7.921873864301364,-4.211651461908594,-6.951620806829353,4.701795294333158,-3.0211974218545996,-6.469823077674268,-3.6858173962182406,-0.9241486525462886,1.8208580961121754,-4.717957989283284
1.4177887251602685,0.09919240043089671,0.2962031885588869,-0.22071025566478492,0.2900976626578737,0.5319177102477173,-0.04646034820986694,-0.21866925196249726,-0.5409774078121452,-0.39801609383934067,-0.739032037587987,1.094501806916485,0.23131300109652253,0.09256329163525366,0.594898562506884,-0.5126787394942873,0.15344914140251395,-0.33981963240091173,-1.1956561346068713,-1.3858118101345418,0.7810454362860466,-0.33990367808777927,1.8711024533931078,-1.448748800281565,-0.38403460408171075,-0.019534760028321833,0.14329872191452245,-0.6770248409978006,0.007865116737216049,-0.5857246718496414,1.581129307539626,0.3071311962536776,0.9562105955277703,-0.8557046341097393,0.8689588765521636,0.06675956697967339,0.12986997444418116,-0.6995278189875163,-0.36572227113215683,0.8197164643436923,0.31965009785443205,0.8325842112041082,0.20861595418823997,0.7309612348118286
1.8894152830616948,0.36026095406489356,-0.5398154201156213,0.11607455692627616,0.5319177102477173,1.059195823252765,-0.2869931446187134,-0.11573370372145113,-0.6693667757440022,-0.46071154891103766,-0.6351599061125971,1.8143198852903926,-0.26006223277724466,-0.053382343818257974,0.5566817719199865,0.1640485443154941,0.23692810385100063,-0.8188763909347703,-1.4614002322996023,-1.6186231206332617,0.8270467813122652,-0.5304429023716519,1.739480741944377,-0.9139823702766973,-0.44800903656798463,0.39937746061120954,-0.10839158928259746,-0.32781125678272033,-0.11454157112024066,-0.1277429312283566,1.5635373198192648,-0.08307709839976661,0.969470410488473,-1.4149367165796516,0.5197408627871515,-0.49752821359108956,-0.7785194999966923,-0.6710416577813992,-1.1689301558309577,0.6366179415037252,0.07669583094097314,1.4928364007980366,0.6773811831996381,0.72389123487563245
1.6333486462398068,-0.47237092231968114,2.7403451760548463,-1.3038835797670445,-0.04646034820986694,-0.2869931446187134,0.5208821032538641,-0.709418440954351,-0.7562491428596827,-0.6247616512025009,-1.745619161596968,0.34335058079263053,1.7289356235402527,0.5591288023955222,1.2959701506049037,-2.766544306718533,0.09837804798122217,0.5504768726678828,-1.706493284797286,-2.1655712646254415,1.4499944537025247,-0.18918797123182496,4.084231545704072,-4.278328077801442,-0.6051257497628977,-1.113831644607357,0.9306190402859968,-2.2462000640649133,0.3282180951079246,-2.352892458913455,3.202954966848086,1.6105186823246067,1.882840908953122,-0.26722658352313505,2.6341388373921837,1.5817273711970203,2.5990444459520154,-1.4789715049688956,1.3230903786371644,2.101724767402731,1.2634240293973664,-0.02570749700173361,-0.790691848973453,1.4739839150831608
-3.805669935057156,0.5897025279901156,-4.291719361429424,2.120001492080043,-0.21866925196249726,-0.11573370372145113,-0.709418440954351,1.25912344201283,1.6466796403559998,1.3014284287960343,3.28621816803912,-1.602813905204864,-2.7554917683257174,-0.9098396374227542,-2.4887883026711215,4.547293943731029,-0.2973901743059578,-0.46369242050782566,3.68561307158023,4.540787452548357,-2.9012853289776612,0.6165108734978952,-7.829255880303878,7.687664293178419,1.2679820345955963,1.6419699840567914,-1.4931727094621017,3.948863737121349,-0.4850987305654903,4.019217072160263,-6.249789040073813,-2.6497239583891394,-3.7052377979199154,1.2406485574963502,-4.706360866472029,-2.3653832435677407,-3.9166675483270708,2.8570112989314644,-1.5571809856582144,-3.8802992613503986,-2.162876570654113,-0.7963738214778122,0.945746397047501,-2.8695300876455234
-5.744215899055292,0.5675316276248029,-5.159661100507434,2.623667789961585,-0.5409774078121452,-0.6693667757440022,-0.7562491428596827,1.6466796403559998,2.4121818863230198,1.8765578184005962,4.469171657790603,-2.922240966032611,-3.3543610110427746,-1.123882993497229,-3.4204426227243903,5.668002869654975,-0.4925913182550025,-0.18089831935571335,5.382768914658945,6.544165490750361,-4.075154271864668,1.0422207260155751,-10.759100492739655,10.171638921812361,1.8245918728068984,1.8790300619784919,-1.8365050465263126,5.15693706001851,-0.5575324214894465,5.14369495010401,-8.677226845499193,-3.3117020393387997,-5.163045353551617,2.2710988564349797,-6.208958315893444,-2.7467885163872854,-4.566980086409879,3.94342491866692,-1.393453795227539,-5.223286674454494,-2.7725416388209974,-1.744568544188765,0.8596735042858088,-3.9896012828474072
-4.449974506846744,0.47724324455541833,-4.152842339752047,2.102587482675201,-0.39801609383934067,-0.46071154891103766,-0.6247616512025009,1.3014284287960343,1.8765578184005962,1.4720537730908148,3.520971134498883,-2.2029328733857687,-2.690539167510489,-0.8987189841848056,-2.6876725987960923,4.532365083465683,-0.37554020905222135,-0.19945091853635302,4.194281536136983,5.1142337864471425,-3.190583214985025,0.7951375909718466,-8.463197602728076,8.051606594904067,1.4240463249169506,1.5273842580958314,-1.477384043805672,4.094555909093166,-0.4534236943419056,4.09252491155634,-6.818036600305641,-2.652170401203727,-4.051072825979662,1.7195732177583125,-4.920492590627573,-2.230106978716691,-3.697961240103222,3.0996563305906166,-1.195369891731122,-4.127228471672101,-2.2059713576504274,-1.2894250551206674,0.7304386371916067,-3.141561231514494
-10.43888656499915,1.4100732217804761,-10.92665030907964,5.446862582547632,-0.739032037587987,-0.6351599061125971,-1.745619161596968,3.28621816803912,4.469171657790603,3.520971134498883,8.701302790835001,-4.720827997871265,-7.039951081618875,-2.3367090457432367,-6.608865754664641,11.705151002986282,-0.8419233354943824,-0.9372266178639616,9.998269674210025,12.26589275122999,-7.761320469602225,1.7652245853963173,-20.799746913892925,20.168322607508657,3.421556256598526,4.119708264083948,-3.830589237748816,10.321009428668722,-1.2199303614914543,10.430705532379706,-16.665545748618165,-6.83149599529609,-9.888120183167873,3.6668359293953117,-12.33863137887704,-5.96047828158418,-9.87731802049728,7.5988408068026105,-3.660649239453915,-10.243672342210722,-5.617730120189702,-2.5333916553656572,2.226600609601059,-7.658122577481784
7.296833475366838,-0.09298053105009721,3.9808298448573143,-2.204887350517899,1.094501806916485,1.8143198852903926,0.34335058079263053,-1.602813905204864,-2.922240966032611,-2.2029328733857687,-4.720827997871265,4.712639254932768,2.695460625349873,0.9521924170823458,3.68741919077898,-4.8606318452186725,0.7018667776292185,-0.777788633173132,-6.490147778910028,-7.706598620181594,4.591502016621003,-1.5458253884004576,11.597681233211697,-10.108670003160736,-2.1467766790122687,-1.2155890342022635,1.4968489083619592,-4.976833520228692,0.3677341418787553,-4.730160204621343,9.544442687654849,2.854064672062367,5.7204015822948,-3.6566904143913916,6.125286949714457,1.854096931137,3.1533636742720215,-4.2769598941177,-0.1013488267474265,5.396411103819417,2.563973097375663,3.2663608169031835,0.015171392778138865,4.369922355568911
7.585748568845656,-1.4951089435387221,9.863933234181767,-4.799362110950478,0.23131300109652253,-0.26006223277724466,1.7289356235402527,-2.7554917683257174,-3.3543610110427746,-2.690539167510489,-7.039951081618875,2.695460625349873,6.289220029893277,2.0616528376309646,5.292328792042355,-10.250286858048907,0.5488911593269511,1.4366843002143646,-7.529072579142901,-9.368291058100432,6.081763721124816,-1.120587590341734,16.660464977127447,-16.747126467120857,-2.6169346113070975,-3.868720830535233,3.3960490187115315,-8.674766395580372,1.1423835769026154,-8.925415567107313,13.217141860598996,5.9707566827127465,7.811790266024233,-2.0872385745877478,10.274451252188769,5.536221302178669,9.14073936012999,-6.06098734723425,4.058388056196642,8.37092048530214,4.800020400808652,1.050734581025828,-2.4453740778467314,6.069148530369925
2.552926222639878,-0.4811797279997443,3.227475861956389,-1.57360133661261,0.09256329163525366,-0.053382343818257974,0.5591288023955222,-0.9098396374227542,-1.123882993497229,-0.8987189841848056,-2.3367090457432367,0.9521924170823458,2.0616528376309646,0.683239653113708,1.7556224124812079,-3.362435835884534,0.18255648627840196,0.4484960356509228,-2.525007173554658,-3.1351027535937073,2.0280398856943944,-0.38877923004616677,5.532350095005275,-5.526692680589056,-0.8765000705869972,-1.2594994102243455,1.1044469682568048,-2.8626285678105745,0.37339455898791624,-2.9363671118136083,4.397950353717937,1.9587022122383042,2.5990753965879985,-0.7317540459681734,3.3890753262780984,1.7924344655534126,2.968967579150637,-2.00705292934042,1.2987135413293536,2.7750872522536465,1.5822824165727578,0.38783659264490195,-0.7826267848720843,2.0065318205194314
8.013605232053923,-1.0373721362662194,8.204408643846518,-4.10066642956475,0.594898562506884,0.5566817719199865,1.2959701506049037,-2.4887883026711215,-3.4204426227243903,-2.6876725987960923,-6.608865754664641,3.68741919077898,5.292328792042355,1.7556224124812079,5.028855387537514,-8.820756542015147,0.6566753255850599,0.6469213956494841,-7.645331394468464,-9.365756174100545,5.914775879853226,-1.3677817787260578,15.817635247365635,-15.2871123280005,-2.612710092096606,-3.0793449646273525,2.886539921509027,-7.8085797763889815,0.9110720769841637,-7.880556816495813,12.68253968746457,5.147511366291733,7.530511750432297,-2.8657658352678492,9.348782672252852,4.467298910165857,7.4038121010188025,-5.786188759670723,2.6751421787247787,7.770514391518387,4.242716382042359,2.022350481736001,-1.6327802968633662,5.834825354951617
-12.911938738660897,2.3630922284663085,-16.04935459518764,7.847306255399145,-0.5126787394942873,0.1640485443154941,-2.766544306718533,4.547293943731029,5.668002869654975,4.532365083465683,11.705151002986282,-4.8606318452186725,-10.250286858048907,-3.362435835884534,-8.820756542015147,16.78014012523659,-0.962237123701471,-2.1525829698069203,12.711704370290878,15.77142315627404,-10.178332381755409,1.966972246572732,-27.765362213496047,27.710259312892138,4.401683849201446,6.248998585593309,-5.55506144041619,14.315706529983375,-1.8448528510568023,14.67648891368853,-22.071200566932095,-9.780354151950581,-13.056479913450172,3.7758194054995435,-16.992654737686568,-8.97477076563815,-14.816723710882643,10.11597557560826,-6.370406299021092,-13.891898274168543,-7.892665228006871,-2.0965364016796366,3.8440567151674334,-10.151793704508313
1.2075269806988587,-0.056269602284511076,0.8293526847714066,-0.44001219554045395,0.15344914140251395,0.23692810385100063,0.09837804798122217,-0.2973901743059578,-0.4925913182550025,-0.37554020905222135,-0.8419233354943824,0.7018667776292185,0.5488911593269511,0.18255648627840196,0.6566753255850599,-0.962237123701471,0.11870909527966977,-0.0635217764236773,-1.0908262635054284,-1.3078158498073615,0.7956178542809029,-0.23693972124340207,2.054835587214666,-1.8677802407606887,-0.3644380557159854,-0.27925393408371346,0.3128144152605534,-0.9264765037350899,0.08209766940183029,-0.9051233177427681,1.6716003927071579,0.563152947141591,1.001318469147631,-0.5507569643356404,1.1357795488466262,0.4282692745993338,0.7120656357705775,-0.7637737057755359,0.10647650097336513,0.9700216044136347,0.4860106906838316,0.47549330293069386,-0.07315913223560884,0.7807924389875871
0.13688282277721714,-0.5577830993996565,2.348358604258235,-1.0363971661732385,-0.33981963240091173,-0.8188763909347703,0.5504768726678828,-0.46369242050782566,-0.18089831935571335,-0.19945091853635302,-0.9372266178639616,-0.777788633173132,1.4366843002143646,0.4484960356509228,0.6469213956494841,-2.1525829698069203,-0.0635217764236773,0.8788678516657937,-0.43609263945055415,-0.6866242299738721,0.6086657848937974,0.16167032528138023,2.04595823938482,-2.660061371487941,-0.19504091562886136,-1.0568355204697835,0.750632947682445,-1.483578222776036,0.3095469114705266,-1.6786492058313314,1.4900868939553424,1.2441536719369675,0.8481944556690298,0.6112796924349473,1.6612571850440991,1.456652196861052,2.376113532056445,-0.7158336690118654,1.6516458211452754,1.1998355429521583,0.8973163290007026,-0.8734813256219888,-0.9759603516268875,0.6775619365814011
-12.808255246298659,1.2854460537412837,-11.587662789334122,5.887416726028526,-1.1956561346068713,-1.4614002322996023,-1.706493284797286,3.68561307158023,5.382768914658945,4.194281536136983,9.998269674210025,-6.490147778910028,-7.529072579142901,-2.525007173554658,-7.645331394468464,12.711704370290878,-1.0908262635054284,-0.43609263945055415,12.019438039778116,14.619620983867732,-9.106707544055775,2.3197609739597733,-24.058912732601872,22.766339230035136,4.075047886748275,4.227495158940124,-4.117847438224027,11.551978569190545,-1.2549977557199035,11.525422612065356,-19.401843871336062,-7.428901533908908,-11.540420398731468,5.044262779858394,-13.900026766636902,-6.170314868821195,-10.259546784299117,8.812002710695483,-3.1688098285522606,-11.692270706588344,-6.214309222995866,-3.8543316854513843,1.950115136311935,-8.91547042584764
-15.518650883962955,1.6569307251203742,-14.446620105039182,7.312036476969196,-1.3858118101345418,-1.6186231206332617,-2.1655712646254415,4.540787452548357,6.544165490750361,5.1142337864471425,12.26589275122999,-7.706598620181594,-9.368291058100432,-3.1351027535937073,-9.365756174100545,15.77142315627404,-1.3078158498073615,-0.6866242299738721,14.619620983867732,17.81506813462755,-11.124955844412245,2.7773222959527017,-29.47923006966198,28.028097861491496,4.964845325418636,5.307439480471105,-5.122303105208132,14.248025650837574,-1.5752054452531414,14.247948597536567,-23.745516537503246,-9.217703735498706,-14.115383174466244,5.993765092808878,-17.12126272402624,-7.73554692381052,-12.847531498202034,10.791831257204246,-4.136751284168456,-14.365996515724499,-7.680742416259757,-4.503905557393951,2.5361843801087143,-10.915489495096196
9.602204064250337,-1.1388841651860637,9.4025422637478009,-4.725890035211654,0.7810454362860466,0.8270467813122652,1.4499944537025247,-2.9012853289776612,-4.075154271864668,-3.190583214985025,-7.761320469602225,4.591502016621003,6.081763721124816,2.0280398856943944,5.914775879853226,-10.178332381755409,0.7956178542809029,0.6086657848937974,-9.106707544055775,-11.124955844412245,6.992199498465065,-1.6777377256016273,18.609676800374558,-17.844983647788844,-3.103495872393986,-3.494713798255764,3.314034555885911,-9.095080775690668,1.0356487380374864,-9.141426145704095,14.953522523831934,5.941632707334051,8.884189992641977,-3.563744629290244,10.905661732435783,5.07291156500579,8.422575245715818,-6.80720030918793,2.8944202858023425,9.107317680632544,4.9254796116784085,2.5955322952600173,-1.7711167163636992,6.868677153084812
-2.5634961615103715,0.10237435721337232,-1.684502371317332,0.899820698471983,-0.33990367808777927,-0.5304429023716519,-0.18918797123182496,0.6165108734978952,1.0422207260155751,0.7951375909718466,1.7652245853963173,-1.5458253884004576,-1.120587590341734,-0.38877923004616677,-1.3677817787260578,1.966972246572732,-0.23693972124340207,0.16167032528138023,2.3197609739597733,2.7773222959527017,-1.6777377256016273,0.5198571145420098,-4.304618387004801,3.8620058710214864,0.7734459460731582,0.5570526660884431,-0.6176962912126149,1.9238701860646132,-0.16735500698936853,1.8612728720301566,-3.5188236686306738,-1.15340088208389,-2.10299508970751,1.200377781990076,-2.3472308425118538,-0.8314808968475373,-1.399757610478272,1.5825875287807172,-0.17265816132932219,-2.0347474828073073,-1.0072340466402567,-1.0303724344720473,0.1173231780124743,-1.6119352561175848
25.20218234046692,-3.270093668464681,25.83183428324778,-12.91111356149443,1.8711024533931078,1.739480741944377,4.084231545704072,-7.829255880303878,-10.759100492739655,-8.463197602728076,-20.799746913892925,11.597681233211697,16.660464977127447,5.532350095005275,15.817635247365635,-27.765362213496047,2.054835587214666,2.04595823938482,-24.058912732601872,-29.47923006966198,18.609676800374558,-4.304618387004801,49.775740405670625,-48.10328432063433,-8.221350309049134,-9.697843810543189,9.081600105928135,-24.582605394029837,2.8715215774636853,-24.800763382482668,39.916777642117296,16.20840416626293,23.69392438101897,-9.015041507044886,29.420689198932113,14.059221479236133,23.299203271851688,-18.19814765143675,8.438910401155718,24.46438520429679,13.35631253578724,6.344544126633723,-5.141837321526242,18.35574941004815
-23.580238004162716,3.524298749150344,-26.07392087872465,12.915036101837398,-1.448748800281565,-0.9139823702766973,-4.278328077801442,7.687664293178419,10.171638921812361,8.051606594904067,20.168322607508657,-10.108670003160736,-16.747126467120857,-5.526692680589056,-15.2871123280005,27.710259312892138,-1.8677802407606887,-2.660061371487941,22.766339230035136,28.028097861491496,-17.844983647788844,3.8620058710214864,-48.10328432063433,47.090726978190226,7.818432005429511,9.940863505203623,-9.117664483225862,24.16479564652718,-2.938452582622943,24.54045342302217,-38.44017275173311,-16.166190917311113,-22.78910792219199,7.862398473351224,-28.83192448211453,-14.366516897905703,-23.762356743893715,17.570594380035494,-9.280573006320386,-23.805209764745413,-13.205440100581297,-5.1597456747067465,5.630835981617283,-17.692593425936966
-4.325396674651825,0.46403815726426983,-4.034223510173883,2.0406127852798597,-0.38403460408171075,-0.44800903656798463,-0.6051257497628977,1.2679820345955963,1.8245918728068984,1.4240463249169506,3.421556256598526,-2.1467766790122687,-2.6169346113070975,-0.8765000705869972,-2.612710092096606,4.401683849201446,-0.3644380557159854,-0.19504091562886136,4.075047886748275,4.964845325418636,-3.103495872393986,0.7734459460731582,-8.221350309049134,7.818432005429511,1.3849523230776997,1.4827405499612383,-1.428005686176432,3.974498567476828,-0.4402692526325988,3.976269275238683,-6.62130338239934,-2.571394587682146,-3.9361582500540777,1.666834339514355,-4.775022835487729,-2.1574664381484783,-3.586557267993297,3.0090651342368826,-1.1580285150467076,-4.006257180023794,-2.143776796028078,-1.2515295184272222,0.7108191126697099,-3.040409498679896
-4.164384657358231,0.9881081851506335,-6.100068014691178,2.9353336349426464,-0.019534760028321833,0.39937746061120954,-1.113831644607357,1.6419699840567914,1.8790300619784919,1.5273842580958314,4.119708264083948,-1.2155890342022635,-3.868720830535233,-1.2594994102243455,-3.0793449646273525,6.248998585593309,-0.27925393408371346,-1.0568355204697835,4.227495158940124,5.307439480471105,-3.494713798255764,0.5570526660884431,-9.697843810543189,9.940863505203623,1.4827405499612383,2.4360308056042714,-2.086165335583422,5.182360363542809,-0.7183798228122142,5.378841839692928,-7.65197367838563,-3.638817288297224,-4.5118034632829,0.9427018366434232,-6.109094779236432,-3.4725594378309745,-5.719959241978615,3.521019357738481,-2.7268797609174182,-4.927490453552291,-2.8903641272933016,-0.2968395833001748,1.6363553220185543,-3.5177410565205043
4.1665220641575,-0.798334881687492,5.329310307598331,-2.59998969900926,0.14329872191452245,-0.10839158928259746,0.9306190402859968,-1.4931727094621017,-1.8365050465263126,-1.477384043805672,-3.830589237748816,1.4968489083619592,3.3960490187115315,1.1044469682568048,2.886539921509027,-5.55506144041619,0.3128144152605534,0.750632947682445,-4.117847438224027,-5.122303105208132,3.314034555885911,-0.6176962912126149,9.081600105928135,-9.117664483225862,-1.428005686176432,-2.086165335583422,1.855479581884903,-4.713582104857,0.6145045403553812,-4.843502297490953,7.20736702802948,3.24036219966133,4.261724954741813,-1.174731627209255,5.595428830253863,3.009533254027866,4.952443934737805,-3.316048379273058,2.166274037190165,4.554246817319465,2.6009241190794343,0.6210052020594055,-1.3053648942584357,3.3360394214259483
-11.908894788383424,1.867404016172496,-13.524547356909924,6.678713754291431,-0.6770248409978006,-0.32781125678272033,-2.2462000640649133,3.948863737121349,5.15693706001851,4.094555909093166,10.321009428668722,-4.976833520228692,-8.674766395580372,-2.8626285678105745,-7.8085797763889815,14.315706529983375,-0.9264765037350899,-1.483578222776036,11.551978569190545,14.248025650837574,-9.095080775690668,1.9238701860646132,-24.582605394029837,24.16479564652718,3.974498567476828,5.182360363542809,-4.713582104857,12.424692930729222,-1.5328285054358317,12.640483532611483,-19.625384090381882,-8.35229215504904,-11.625828758129378,3.8693366061669767,-14.80162175683057,-7.471546211772636,-12.354389255471029,8.968800897327323,-4.947890824565569,-12.199936966326003,-6.803516154119996,-2.4572174273492,2.994158935815181,-9.024914992159365
1.236814378053737,-0.29098005053827675,1.8005032412562192,-0.8666360303223852,0.007865116737216049,-0.11454157112024066,0.3282180951079246,-0.4850987305654903,-0.5575324214894465,-0.4534236943419056,-1.2199303614914543,0.3677341418787553,1.1423835769026154,0.37339455898791624,0.9110720769841637,-1.8448528510568023,0.08209766940183029,0.3095469114705266,-1.2549977557199035,-1.5752054452531414,1.0356487380374864,-0.16735500698936853,2.8715215774636853,-2.938452582622943,-0.4402692526325988,-0.7183798228122142,0.6145045403553812,-1.5328285054358317,0.21248399579632013,-1.5886907487752464,2.2677056556358415,1.074895462252419,1.336116660628111,-0.2845773309663975,1.8057317132920119,1.021804342387085,1.6841603652756063,-1.0411138373122304,0.8022250731383929,1.4591524329047616,0.8545381925929262,0.09202459072020497,-0.48054762270572865,1.0399569228730912
-11.811004207770349,1.980330325005817,-13.939586981837007,6.853465862901068,-0.5857246718496414,-0.1277429312283566,-2.352892458913455,4.019217072160263,5.14369495010401,4.09252491155634,10.430705532379706,-4.730160204621343,-8.925415567107313,-2.9363671118136083,-7.880556816495813,14.67648891368853,-0.9051233177427681,-1.6786492058313314,11.525422612065356,14.247948597536567,-9.141426145704095,1.8612728720301566,-24.800763382482668,24.54045342302217,3.976269275238683,5.378841839692928,-4.843502297490953,12.640483532611483,-1.5886907487752464,12.907036954485283,-19.76035735629761,-8.556308551321568,-11.701498624584246,3.6740210980559533,-15.037745094018213,-7.742378601988273,-12.795942156085989,9.045122611636753,-5.287473736562045,-12.347967199391828,-6.943249482893805,-2.221854961392721,3.198492759213234,-9.08807881856631
20.380058075515734,-2.5423492702974055,20.47053137843044,-10.257749073444929,1.581129307539626,1.5635373198192648,3.202954966848086,-6.249789040073813,-8.677226845499193,-6.818036600305641,-16.665545748618165,9.544442687654849,13.217141860598996,4.397950353717937,12.68253968746457,-22.071200566932095,1.6716003927071579,1.4900868939553424,-19.401843871336062,-23.745516537503246,14.953522523831934,-3.5188236686306738,39.916777642117296,-38.44017275173311,-6.62130338239934,-7.65197367838563,7.20736702802948,-19.625384090381882,2.2677056556358415,-19.76035735629761,32.043305690834316,12.888971873519026,19.024209782451575,-7.4198746993941125,23.504994429266308,11.10115606603147,18.406143507541163,-14.595206673020611,6.521368335270129,19.585796048142505,10.645358501599693,5.30094815029752,-3.9760001609035243,14.7308887434268
7.548977863205394,-1.3733244718286772,9.34987410935472,-4.574304731637118,0.3071311962536776,-0.08307709839976661,1.6105186823246067,-2.6497239583891394,-3.3117020393387997,-2.652170401203727,-6.83149599529609,2.854064672062367,5.9707566827127465,1.9587022122383042,5.147511366291733,-9.780354151950581,0.563152947141591,1.2441536719369675,-7.428901533908908,-9.217703735498706,5.941632707334051,-1.15340088208389,16.20840416626293,-16.166190917311113,-2.571394587682146,-3.638817288297224,3.24036219966133,-8.35229215504904,1.074895462252419,-8.556308551321568,12.888971873519026,5.704052325858499,7.622731478593794,-2.2220478199131297,9.914838642838369,5.229327539425536,8.628966686629123,-5.905672734248842,3.7020642474784093,8.109478351371997,4.601975671914579,1.2405703090840143,-2.231248318628407,5.932657476225264
12.139913836490708,-1.489362576487073,12.092489707214904,-6.065551873817332,0.9562105955277703,0.969470410488473,1.882840908953122,-3.7052377979199154,-5.163045353551617,-4.051072825979662,-9.888120183167873,5.7204015822948,7.811790266024233,2.5990753965879985,7.530511750432297,-13.056479913450172,1.001318469147631,0.8481944556690298,-11.540420398731468,-14.115383174466244,8.884189992641977,-2.10299508970751,23.69392438101897,-22.78910792219199,-3.9361582500540777,-4.5118034632829,4.261724954741813,-11.625828758129378,1.336116660628111,-11.701498624584246,19.024209782451575,7.622731478593794,11.299465079413082,-4.44585374671191,13.9323289312763,6.551344792159371,10.865460952717006,-8.667529930807797,3.8090680064658673,11.613955725543558,6.302756929684891,3.1999118635779404,-2.3270278161104248,8.747777924812999
-5.674188377669361,0.06925076682502042,-3.0875693250798903,1.7135564700895405,-0.8557046341097393,-1.4149367165796516,-0.26722658352313505,1.2406485574963502,2.2710988564349797,1.7195732177583125,3.6668359293953117,-3.6566904143913916,-2.0872385745877478,-0.7317540459681734,-2.8657658352678492,3.7758194054995435,-0.5507569643356404,0.6112796924349473,5.044262779858394,5.993765092808878,-3.563744629290244,1.200377781990076,-9.015041507044886,7.862398473351224,1.666834339514355,0.9427018366434232,-1.174731627209255,3.8693366061669767,-0.2845773309663975,3.6740210980559533,-7.4198746993941125,-2.2220478199131297,-4.44585374671191,2.8506782423973958,-4.76743842048752,-1.4535224851571487,-2.457480387025306,3.3309672324368895,0.08225869156978788,-4.194916780070942,-1.9893678959310324,-2.548673333941932,-0.016474574232410406,-3.4161644935086724
14.381478573716219,-2.1738661794966414,16.003706442882205,-7.921873864301364,0.8689588765521636,0.5197408627871515,2.6341388373921837,-4.706360866472029,-6.208958315893444,-4.920492590627573,-12.33863137887704,6.125286949714457,10.274451252188769,3.3890753262780984,9.348782672252852,-16.992654737686568,1.1357795488466262,1.6612571850440991,-13.900026766636902,-17.12126272402624,10.905661732435783,-2.3472308425118538,29.420689198932113,-28.83192448211453,-4.775022835487729,-6.109094779236432,5.595428830253863,-14.80162175683057,1.8057317132920119,-15.037745094018213,23.504994429266308,9.914838642838369,13.9323289312763,-4.76743842048752,17.655642818780432,8.8282823676319,14.597174568192084,-10.745306573525259,5.7347348808153304,14.56961817720913,8.091727464008557,3.1062366579184597,-3.4768722903414426,10.821675156167577
6.117102889726452,-1.3927416647168418,8.726473107204248,-4.211651461908594,0.06675956697967339,-0.49752821359108956,1.5817273711970203,-2.3653832435677407,-2.7467885163872854,-2.230106978716691,-5.96047828158418,1.854096931137,5.536221302178669,1.7924344655534126,4.467298910165857,-8.97477076563815,0.4282692745993338,1.456652196861052,-6.170314868821195,-7.73554692381052,5.07291156500579,-0.8314808968475373,14.059221479236133,-14.366516897905703,-2.1574664381484783,-3.4725594378309745,3.009533254027866,-7.471546211772636,1.021804342387085,-7.742378601988273,11.10115606603147,5.229327539425536,6.551344792159371,-1.4535224851571487,8.8282823676319,4.983504370733765,8.19076268682266,-5.120436876493648,3.83582562191651,7.1218513706288435,4.155431868959979,0.540091000665205,-2.304207222187159,5.132555259866786
10.18699615812282,-2.2870457808200473,14.396124948029644,-6.951620806829353,0.12986997444418116,-0.7785194999966923,2.5990444459520154,-3.9166675483270708,-4.566980086409879,-3.697961240103222,-9.87731802049728,3.1533636742720215,9.14073936012999,2.968967579150637,7.4038121010188025,-14.816723710882643,0.7120656357705775,2.376113532056445,-10.259546784299117,-12.847531498202034,8.422575245715818,-1.399757610478272,23.299203271851688,-23.762356743893715,-3.586557267993297,-5.719959241978615,4.952443934737805,-12.354389255471029,1.6841603652756063,-12.795942156085989,18.406143507541163,8.628966686629123,10.865460952717006,-2.457480387025306,14.597174568192084,8.19076268682266,13.483123556267088,-8.479274780763166,6.286469142824271,11.792151529941393,6.87123900759957,0.9494061735187717,-3.7801152757566787,8.487672772208395
-9.249366287080706,1.1786453672037847,-9.394976961157644,4.701795294333158,-0.6995278189875163,-0.6710416577813992,-1.4789715049688956,2.8570112989314644,3.94342491866692,3.0996563305906166,7.5988408068026105,-4.2769598941177,-6.06098734723425,-2.00705292934042,-5.786188759670723,10.11597557560826,-0.7637737057755359,-0.7158336690118654,8.812002710695483,10.791831257204246,-6.80720030918793,1.5825875287807172,-18.19814765143675,17.570594380035494,3.0090651342368826,3.521019357738481,-3.316048379273058,8.968800897327323,-1.0411138373122304,9.045122611636753,-14.595206673020611,-5.905672734248842,-8.667529930807797,3.3309672324368895,-10.745306573525259,-5.120436876493648,-8.479274780763166,6.662847642452794,-3.0342944839225674,-8.932832145315329,-4.868052512116501,-2.36801393716724,1.8524257190156501,-6.726666146320088
2.7930578051429866,-1.2501011985193193,6.494286578381852,-3.0211974218545996,-0.36572227113215683,-1.1689301558309577,1.3230903786371644,-1.5571809856582144,-1.393453795227539,-1.195369891731122,-3.660649239453915,-0.1013488267474265,4.058388056196642,1.2987135413293536,2.6751421787247787,-6.370406299021092,0.10647650097336513,1.6516458211452754,-3.1688098285522606,-4.136751284168456,2.8944202858023425,-0.17265816132932219,8.438910401155718,-9.280573006320386,-1.1580285150467076,-2.7268797609174182,2.166274037190165,-4.947890824565569,0.8022250731383929,-5.287473736562045,6.521368335270129,3.7020642474784093,3.8090680064658673,0.08225869156978788,5.7347348808153304,3.83582562191651,6.286469142824271,-3.0342944839225674,3.578284546655631,4.468956338863809,2.8359365648093386,-0.7875778022769073,-2.127557846066238,2.9949418639640655
12.164946474974695,-1.7108210597213636,13.010209802798949,-6.469823077674268,0.8197164643436923,0.6366179415037252,2.101724767402731,-3.8802992613503986,-5.223286674454494,-4.127228471672101,-10.243672342210722,5.396411103819417,8.37092048530214,2.7750872522536465,7.770514391518387,-13.891898274168543,0.9700216044136347,1.1998355429521583,-11.692270706588344,-14.365996515724499,9.107317680632544,-2.0347474828073073,24.46438520429679,-23.805209764745413,-4.006257180023794,-4.927490453552291,4.554246817319465,-12.199936966326003,1.4591524329047616,-12.347967199391828,19.585796048142505,8.109478351371997,11.613955725543558,-4.194916780070942,14.56961817720913,7.1218513706288435,11.792151529941393,-8.932832145315329,4.468956338863809,12.075827180173762,6.649976067553611,2.8390769066393866,-2.7118737677615807,9.002533765036379
6.368774967824595,-1.0628987730287294,7.495009392339021,-3.6858173962182406,0.31965009785443205,0.07669583094097314,1.2634240293973664,-2.162876570654113,-2.7725416388209974,-2.2059713576504274,-5.617730120189702,2.563973097375663,4.800020400808652,1.5822824165727578,4.242716382042359,-7.892665228006871,0.4860106906838316,0.8973163290007026,-6.214309222995866,-7.680742416259757,4.9254796116784085,-1.0072340466402567,13.35631253578724,-13.205440100581297,-2.143776796028078,-2.8903641272933016,2.6009241190794343,-6.803516154119996,0.8545381925929262,-6.943249482893805,10.645358501599693,4.601975671914579,6.302756929684891,-1.9893678959310324,8.091727464008557,4.155431868959979,6.87123900759957,-4.868052512116501,2.8359365648093386,6.649976067553611,3.7368548355012603,1.2052525703283408,-1.714396667758828,4.890152817805471
4.4963798048076775,0.18764250647081387,1.4565274118651912,-0.9241486525462886,0.8325842112041082,1.4928364007980366,-0.02570749700173361,-0.7963738214778122,-1.744568544188765,-1.2894250551206674,-2.5333916553656572,3.2663608169031835,1.050734581025828,0.38783659264490195,2.022350481736001,-2.0965364016796366,0.47549330293069386,-0.8734813256219888,-3.8543316854513843,-4.503905557393951,2.5955322952600173,-1.0303724344720473,6.344544126633723,-5.1597456747067465,-1.2515295184272222,-0.2968395833001748,0.6210052020594055,-2.4572174273492,0.09202459072020497,-2.221854961392721,5.30094815029752,1.2405703090840143,3.1999118635779404,-2.548673333941932,3.1062366579184597,0.540091000665205,0.9494061735187717,-2.36801393716724,-0.7875778022769073,2.8390769066393866,1.2052525703283408,2.4291682971216506,0.4349298955484191,2.4515069437562684
-1.7384857725224419,0.7453485869468381,-3.9085389391020686,1.8208580961121754,0.20861595418823997,0.6773811831996381,-0.790691848973453,0.945746397047501,0.8596735042858088,0.7304386371916067,2.226600609601059,0.015171392778138865,-2.4453740778467314,-0.7826267848720843,-1.6327802968633662,3.8440567151674334,-0.07315913223560884,-0.9759603516268875,1.950115136311935,2.5361843801087143,-1.7711167163636992,0.1173231780124743,-5.141837321526242,5.630835981617283,0.7108191126697099,1.6363553220185543,-1.3053648942584357,2.994158935815181,-0.48054762270572865,3.198492759213234,-3.9760001609035243,-2.231248318628407,-2.3270278161104248,-0.016474574232410406,-3.4768722903414426,-2.304207222187159,-3.7801152757566787,1.8524257190156501,-2.127557846066238,-2.7118737677615807,-1.714396667758828,0.4349298955484191,1.2699571444317082,-1.8264273256194454
9.374175157105615,-1.1656634154049905,9.407556487349245,-4.717957989283284,0.7309612348118286,0.72389123487563245,1.4739839150831608,-2.8695300876455234,-3.9896012828474072,-3.141561231514494,-7.658122577481784,4.369922355568911,6.069148530369925,2.0065318205194314,5.834825354951617,-10.151793704508313,0.7807924389875871,0.6775619365814011,-8.91547042584764,-10.915489495096196,6.868677153084812,-1.6119352561175848,18.35574941004815,-17.692593425936966,-3.040409498679896,-3.5177410565205043,3.3360394214259483,-9.024914992159365,1.0399569228730912,-9.08807881856631,14.7308887434268,5.932657476225264,8.747777924812999,-3.4161644935086724,10.821675156167577,5.132555259866786,8.487672772208395,-6.726666146320088,2.9949418639640655,9.002533765036379,4.890152817805471,2.4515069437562684,-1.8264273256194454,6.806257884103771
