V1,V2,V3,V4,V5,V6,V7,V8,V9,V10,V11,V12,V13,V14,V15,V16,V17,V18,V19,V20,V21,V22,V23,V24,V25,V26,V27,V28,V29,V30,V31,V32,V33,V34,V35,V36,V37,V38,V39,V40,V41,V42,V43,V44
0.8073666617183991,0.12683260519128592,0.5887749066859728,0.9813913654533529,0.33383145583211626,-0.0025341186776444975,-1.1679203388205037,-1.6963212137459056,0.4105571380724728,1.2230695987777735,-0.3106069613325589,0.285072969262294,-1.7242042889246918,-1.0179005676401403,0.7019563550291368,-0.24040589450050479,-1.8579966767349536,-0.681113785067693,-0.6573728061570704,0.5503424560554837,-0.07758765892403767,-0.5503177057476153,1.2461844243357847,-0.35853816906747854,0.05670369155943135,0.5147552897382404,0.6203646207218665,-0.1838599193063562,0.3777137604581981,-0.9902347672732299,0.6270678446302134,-0.5193744926274823,-0.445736065633405,-0.5043632862578779,-0.04672486565406536,0.7100474615673582,0.38306323697998806,-1.114684809599356,-0.29928927786476955,-0.4430130443007303,-1.294143418595485,0.20185938375424595,-0.06316364760537856,-0.6342816226908313
0.12683260519128592,0.7775252148734503,0.11580808134641167,-1.2411560208039096,-0.6716678612490602,0.09139609367902339,-1.0192196719265267,1.1324396844350746,2.5532222610354602,0.7357199350271002,1.2324144541410391,0.6081889278436711,-0.9891396095980047,0.6313279284381443,0.3675965583806072,0.5953596975255653,1.4929427720813568,0.06071175238099564,-0.1755078661518126,-0.16306402759967872,-1.0387976114678927,-0.6349290883506161,-0.5180523686331556,0.06680353727891826,-0.9055080479132965,-0.38477052270293904,0.30864869130022876,1.2633228962394767,0.19008714754914882,0.6044672508178262,0.6870498405291899,-1.6898794267837882,-0.9105687881190268,2.573470514154521,-0.5542046697305626,-0.17905199453518894,-0.6914915299480869,0.48661366971610437,0.06812602659922688,-1.1030366355632788,1.089566006670632,1.3741091980232276,-0.0887110262537884,-0.6680045875721268
0.5887749066859728,0.11580808134641167,0.45782374879571125,0.6414159728878046,0.22618150708719614,-0.00491589165671315,-0.8788183744221871,-1.2061922665711744,0.3778078806193257,0.9371938216298807,-0.1917785039956081,0.2145385425654779,-1.3117677613085714,-0.7328157296360042,0.5159141785385474,-0.1491764065033755,-1.3105697838184796,-0.48417212296075085,-0.49623351484291295,0.3935966335353918,-0.1003729549769124,-0.42406006166595106,0.8827568842268234,-0.24924534581500327,0.01400860950505355,0.3925588727911383,0.4590961970617911,-0.11953641649282028,0.2659744895686037,-0.7211483345723648,0.46822831620286304,-0.45028290356840295,-0.3479331603750046,-0.2900513909759682,-0.02194576160480769,0.5117792451290044,0.23063145528112364,-0.8123100372996641,-0.21295426225266137,-0.3421318847079954,-0.936467721767154,0.1741378626501032,-0.050564624349496975,-0.48667834241104974
0.9813913654533529,-1.2411560208039096,0.6414159728878046,3.854494258659666,1.7268688489621666,-0.16107138370969537,0.13206536720363246,-4.645617901211122,-4.124086891981621,0.45819614264557906,-2.744902167413638,-0.6653393288624323,-0.7257947072194026,-2.701578812229482,0.3714149860887808,-1.4850060999454315,-5.564139846953374,-1.1551663934838055,-0.6385154611055256,1.1213496334781345,1.847898920188164,0.34100639708020825,2.8554034234080508,-0.6748037312031648,1.7673537943553441,1.4487132586607347,0.3563400694785242,-2.6002997472566745,0.24704369995116832,-2.5845726360511536,-0.31119949637793226,2.3994868600548243,1.004053236147918,-5.548757463147869,0.9105848603205001,1.4184679892156322,1.910404943922534,-2.5546913151190007,-0.563317512415761,1.3512478198573667,-3.929462984969243,-2.230599473531991,0.08133193902272881,0.2963805277350478
0.33383145583211626,-0.6716678612490602,0.22618150708719614,1.7268688489621666,0.8417586163278203,-0.09626731697825194,0.31744162690980243,-2.0803997760070043,-2.231375784633493,-0.023418068834336822,-1.3632185057026582,-0.4321682765001111,-0.03965429260680397,-1.1901070178333137,0.07281994881616889,-0.7109972300336996,-2.5230761703546887,-0.4512402521337471,-0.22427431856470098,0.48489595458946255,0.951917931963356,0.31165168935101145,1.2133701398419185,-0.28311395994045085,0.9050920239336617,0.6841915214395611,0.05734070925153302,-1.2968334900748058,0.021582899561733728,-1.161376030373396,-0.31838668866086317,1.317573529850451,0.6437102485552371,-2.765557048003655,0.5213255508850719,0.5644583657720408,0.8667353330792946,-1.1308844466128085,-0.25627064446266384,0.8200560461895651,-1.8089309564306366,-1.2161829143725644,0.045201659710055415,0.27822537141388864
-0.0025341186776444975,0.09139609367902339,-0.00491589165671315,-0.16107138370969537,-0.09626731697825194,0.018618383986059524,-0.09757805734610969,0.20365878657109393,0.3126446280301401,0.06632374648209355,0.16430912739187603,0.0761638929257925,-0.07213798030135694,0.11153166523562907,0.0103988541868496,0.08004503153857681,0.25810126682784823,0.03173725508403701,0.009179131270812765,-0.047780935754679905,-0.12633953955242022,-0.07350427174216465,-0.10260955688955002,0.028763340449610944,-0.1171155091176031,-0.07694949670474484,0.02195053014286139,0.14916991299127158,0.02161679996286183,0.1131121255342887,0.0799043661946984,-0.18623931201237054,-0.11630516766027456,0.3380130955893155,-0.08062634347731791,-0.03148199839067751,-0.0851004230908213,0.11338364856756211,0.028325307176790375,-0.13698064715783567,0.1914562448950285,0.17403802739260993,-0.008952141262596686,-0.06636140065939031
-1.1679203388205037,-1.0192196719265267,-0.8788183744221871,0.13206536720363246,0.31744162690980243,-0.09757805734610969,2.621065187699475,0.8977801199909361,-3.357424069826992,-2.369464723648257,-0.9698682138589586,-1.0303547845304388,3.2922470352348556,0.5953482830127141,-1.3000307683930044,-0.35786777621115645,0.7037009502475803,0.797906884207438,1.031706176622103,-0.5221084475937849,1.258588625302949,1.4051288728900246,-1.0090191578512708,0.37624127012660225,0.9338198990099443,-0.2238906002945473,-1.1344735859159747,-1.1659082682824449,-0.6890635127193585,0.5911563519517347,-1.5606921071054634,2.540871522974137,1.5767928009819572,-2.2193445503813236,0.6731496657193379,-0.699747702105806,0.2827576809734126,0.8764393896128075,0.3096596201358061,1.7834671273973155,0.43665062644765157,-1.7827134039506682,0.18037863242000765,1.5530897888257342
-1.6963212137459056,1.1324396844350746,-1.2061922665711744,-4.645617901211122,-2.0803997760070043,0.20365878657109393,0.8977801199909361,6.352810866471602,3.8687580703208804,-1.5112845475913426,3.0752666723762654,0.48068294052998284,2.332905571341914,3.6814521582101083,-1.1228241583712915,1.724775353333184,7.449505244748835,1.800789431200975,1.3326502092899657,-1.6993849722366543,-1.7849763736070534,0.0819404305279551,-4.033606553940286,1.0642552561444627,-1.855652620561634,-2.0456628119290783,-0.918058763728552,2.715368673133396,-0.5284014713657921,3.599381356487462,-0.1688587337141883,-1.902407968148885,-0.7297723321605769,6.1045630045011885,-0.9725745655743583,-2.013586623018556,-2.1878077411709813,3.7356525949258628,0.9341676604234792,-1.0427026295429562,5.279569691889031,2.1421874039141517,-0.006130974364608077,0.28576482170476175
0.4105571380724728,2.5532222610354602,0.3778078806193257,-4.124086891981621,-2.231375784633493,0.3126446280301401,-3.357424069826992,3.8687580703208804,8.494820263780266,2.4507016966290562,4.09104082523525,2.01223087340186,-3.2306083747239507,2.1401621357435183,1.129232753203792,2.0030021185028137,5.086384345722981,0.24840611291783746,-0.5271286402427487,-0.5854720065982072,-3.4684473719094977,-2.119910257306019,-1.7831289657706695,0.27855420536451714,-3.0132177713059467,-1.3272297588932869,1.0127888820607482,4.1201762755562585,0.6259950839626512,2.0634360061987223,2.2898639716257203,-5.593367867808532,-3.0622868670454917,8.579648340926127,-1.8474933565438956,-0.5947102525778565,-2.2930125968858275,1.7107784851490966,0.2788751120315608,-3.6561136594007415,3.6942008792785517,4.5760512135437,-0.29071593564736614,-2.1971550562839677
1.2230695987777735,0.7357199350271002,0.9371938216298807,0.45819614264557906,-0.023418068834336822,0.06632374648209355,-2.369464723648257,-1.5112845475913426,2.4507016966290562,2.3029693539936935,0.4601888319310778,0.8447433598902521,-3.151548583674915,-0.9594122618102384,1.1914626834713995,0.11242691632853305,-1.4582064521259097,-0.876385937009236,-1.028704373103458,0.617961259872318,-0.8801747964970417,-1.255401974844932,1.335211112277445,-0.414890127385084,-0.5839697032248307,0.44779962427293535,1.0884846740046912,0.5864584808484907,0.6598067209121685,-0.9377134748634952,1.3864470660889878,-1.9629590600448423,-1.3184370392816231,1.1767624172730684,-0.4515507313020396,0.8862306102299738,0.018968443328461287,-1.1709627626109247,-0.32678914243043294,-1.421704527442794,-1.0078703488874619,1.28051913657445,-0.1513467367783377,-1.3706822823563172
-0.3106069613325589,1.2324144541410391,-0.1917785039956081,-2.744902167413638,-1.3632185057026582,0.16430912739187603,-0.9698682138589586,3.0752666723762654,4.09104082523525,0.4601888319310778,2.30370425869061,0.8517121462153993,-0.543076030978747,1.7554651846191744,0.136290308274422,1.1782191534205142,3.8035483574839954,0.5633241666918255,0.15174253022287526,-0.6547058586916211,-1.725625001870147,-0.7305250884732336,-1.714866977399008,0.368994238946101,-1.583612167003549,-1.014759556341414,0.11895850697374637,2.247433892227903,0.08084980894704094,1.69745915211338,0.7705659779846317,-2.5310103542827806,-1.2793692886484984,4.727068463115201,-0.9239537567997257,-0.7642258619316681,-1.4210592445831822,1.5949800501220186,0.3299272606367437,-1.5957932018122327,2.734053674111084,2.2192958844691337,-0.1096360708806977,-0.7200021897268084
0.285072969262294,0.6081889278436711,0.2145385425654779,-0.6653393288624323,-0.4321682765001111,0.0761638929257925,-1.0303547845304388,0.48068294052998284,2.01223087340186,0.8447433598902521,0.8517121462153993,0.5387398185689093,-1.1232711214181945,0.2492070836496561,0.40774797812545155,0.3889832858212158,0.7199267622284371,-0.10355559726235472,-0.25788169444708847,-0.014163245760588673,-0.786770996523092,-0.6131686981516212,-0.10689788887973233,-0.021088926749385138,-0.665729345197281,-0.19377684604194795,0.37271883518127047,0.8796781360005774,0.24255233690517905,0.2470464431764242,0.6745880450125986,-1.361749592261649,-0.8087918704592532,1.809973958934298,-0.4460813802183141,0.04784751833189722,-0.40539463402424153,0.14249513797227492,0.007197164247882677,-0.9422287330649629,0.5489261694569181,1.0870753158472053,-0.07618278541791354,-0.6380898836456222
-1.7242042889246918,-0.9891396095980047,-1.3117677613085714,-0.7257947072194026,-0.03965429260680397,-0.07213798030135694,3.2922470352348556,2.332905571341914,-3.2306083747239507,-3.151548583674915,-0.543076030978747,-1.1232711214181945,4.4136179720276045,1.4396531445475966,-1.7591567472433263,-0.09162866727327676,2.3090545005372602,1.2867122677453229,1.5021669520807717,-0.9474690569356853,1.1606961786608399,1.6914286846024011,-1.9844938066981204,0.6459318437670616,0.7459475403043022,-0.7057380841866856,-1.5312845432691249,-0.8186834904196927,-0.9077723690898366,1.4343512130859986,-1.8823954462095842,2.666220556765742,1.7305800334131025,-1.4340433231779663,0.5781475818213689,-1.2387957829529712,-0.06605308725934522,1.791510144773909,0.5474495003215208,1.906008682518834,1.588005744757643,-1.684298203563965,0.21980463482961451,1.910903855075578
-1.0179005676401403,0.6313279284381443,-0.7328157296360042,-2.701578812229482,-1.1901070178333137,0.11153166523562907,0.5953482830127141,3.6814521582101083,2.1401621357435183,-0.9594122618102384,1.7554651846191744,0.2492070836496561,1.4396531445475966,2.167978179304576,-0.6592935847960146,0.98472217929248,4.31741257161266,1.070717566787023,0.7898929108170453,-0.9927551144683423,-1.0045648969526582,0.10892418166280426,-2.3660727054723685,0.6111239346118172,-1.0515513409085608,-1.1818124657786058,-0.5584844058916646,1.5723374326618456,-0.33324977779147374,2.097368922042169,-0.15127330078566148,-1.0323948358605046,-0.36012524242756083,3.4810499616176833,-0.5432969181706103,-1.192826520977723,-1.26856170966138,2.175837169961021,0.5294815936291997,-0.5525094982830503,3.0691290630397496,1.194236592719201,-0.008052371907870375,0.2030926372341919
0.7019563550291368,0.3675965583806072,0.5159141785385474,0.3714149860887808,0.07281994881616889,0.0103988541868496,-1.3000307683930044,-1.1228241583712915,1.129232753203792,1.1914626834713995,0.136290308274422,0.40774797812545155,-1.7591567472433263,-0.6592935847960146,0.7949450570082803,-0.021818402432260155,-1.1625472919905073,-0.5786097824326103,-0.6552362901938028,0.45761251732095454,-0.39440237355343066,-0.6186035960234664,0.9023319195637285,-0.32800621650399214,-0.23649881257369076,0.34277116930071405,0.6186802158142444,0.34876213231181313,0.3575925114571416,-0.6709575028971114,0.7056073951083788,-0.9956701420617792,-0.5952363276736627,0.392779956376093,-0.1959994830880505,0.4912104389929031,0.06963734986584533,-0.8536569696195151,-0.29830680292502293,-0.6973287719938907,-0.7844702385906978,0.5886649905279436,-0.0895713732368162,-0.7531937507417037
-0.24040589450050479,0.5953596975255653,-0.1491764065033755,-1.4850060999454315,-0.7109972300336996,0.08004503153857681,-0.35786777621115645,1.724775353333184,2.0030021185028137,0.11242691632853305,1.1782191534205142,0.3889832858212158,-0.09162866727327676,0.98472217929248,-0.021818402432260155,0.621499821140571,2.107887796209832,0.3609371040048319,0.1483517682897518,-0.38794720625759316,-0.8611083765290469,-0.3096126087944592,-0.9970387314210031,0.2319316160580526,-0.7958816681626226,-0.5575582873619852,-0.006493704526024722,1.1187187211380218,-0.005761240783366278,0.95276608220878,0.3169637340292346,-1.2154848273981997,-0.5977831074729827,2.4160360788694235,-0.4456859103710121,-0.45629221143325827,-0.7571785935028322,0.9196364773754854,0.2054327025188541,-0.7415801348031674,1.498126056742477,1.0837356382800145,-0.04738525546325577,-0.2894628322921599
-1.8579966767349536,1.4929427720813568,-1.3105697838184796,-5.564139846953374,-2.5230761703546887,0.25810126682784823,0.7037009502475803,7.449505244748835,5.086384345722981,-1.4582064521259097,3.8035483574839954,0.7199267622284371,2.3090545005372602,4.31741257161266,-1.1625472919905073,2.107887796209832,8.795121394931433,2.049644759337565,1.4457098371258847,-1.9640142217183716,-2.3135711047948933,-0.09834034276154278,-4.678402223902864,1.222969617007268,-2.34781456478077,-2.402285960197127,-0.9332394654182817,3.3914043764209314,-0.5374612291292941,4.208806410917517,0.018899811647718347,-2.6259167676857467,-1.0945520235403026,7.597169470834186,-1.251172167377578,-2.2955400744949417,-2.6554397428438676,4.339273519819848,1.0741736592889393,-1.4971440035699655,6.23995096970666,2.8071146859235663,-0.03863532510633908,0.11757706603701774
-0.681113785067693,0.06071175238099564,-0.48417212296075085,-1.1551663934838055,-0.4512402521337471,0.03173725508403701,0.797906884207438,1.800789431200975,0.24840611291783746,-0.876385937009236,0.5633241666918255,-0.10355559726235472,1.2867122677453229,1.070717566787023,-0.5786097824326103,0.3609371040048319,2.049644759337565,0.6505021483900262,0.5622949978847633,-0.5580711152521691,-0.19122864472426215,0.3262783527082259,-1.253409077865629,0.3650098064276234,-0.2697497742565987,-0.554742256078827,-0.47565994009937373,0.40939967659534887,-0.2912548415645434,1.0335546563097426,-0.3814502861972763,0.06939230343154153,0.15418467486465096,1.06541936259492,-0.08975576612236448,-0.6504845532980342,-0.5040957944480885,1.1438939902489238,0.3090969375401083,0.12435093640909246,1.431374053722419,0.1534877128248526,0.02967288595776024,0.4018546209932361
-0.6573728061570704,-0.1755078661518126,-0.49623351484291295,-0.6385154611055256,-0.22427431856470098,0.009179131270812765,1.031706176622103,1.3326502092899657,-0.5271286402427487,-1.028704373103458,0.15174253022287526,-0.25788169444708847,1.5021669520807717,0.7898929108170453,-0.6552362901938028,0.1483517682897518,1.4457098371258847,0.5622949978847633,0.5896637875924494,-0.46538736158833727,0.15582422599298248,0.4749053489106647,-0.9825985743010286,0.3122743170991723,0.02516251528441213,-0.4284922185442126,-0.5301740482736004,-0.0025279533093932743,-0.30144825245242834,0.7909438410820253,-0.5369492577325148,0.5907288452084569,0.3916381554407979,0.20304825388579434,0.05221777018623735,-0.5336163922930611,-0.21828679530050152,0.9268157078905211,0.28070024775168273,0.42677064408537735,1.0136110694985436,-0.25625731533060914,0.06555454146348744,0.580257617423464
0.5503424560554837,-0.16306402759967872,0.3935966335353918,1.1213496334781345,0.48489595458946255,-0.047780935754679905,-0.5221084475937849,-1.6993849722366543,-0.5854720065982072,0.617961259872318,-0.6547058586916211,-0.014163245760588673,-0.9474690569356853,-0.9927551144683423,0.45761251732095454,-0.38794720625759316,-1.9640142217183716,-0.5580711152521691,-0.46538736158833727,0.508544627860584,0.30323570350885837,-0.16714719488416588,1.1311361050479294,-0.3278842946338449,0.3593250086379036,0.5411703959170631,0.35743562672428064,-0.5070814917751812,0.2043427383995125,-0.9718329767369461,0.20614937099802813,0.17115466379245525,0.023156153941437402,-1.26735942920983,0.1724948497111659,0.5579751642762867,0.5048499865549269,-1.0579897260206597,-0.2907171085142269,0.07002425537812335,-1.3841417483844423,-0.3362561397592885,-0.016854672159582473,-0.24519506552220144
-0.07758765892403767,-1.0387976114678927,-0.1003729549769124,1.847898920188164,0.951917931963356,-0.12633953955242022,1.258588625302949,-1.7849763736070534,-3.4684473719094977,-0.8801747964970417,-1.725625001870147,-0.786770996523092,1.1606961786608399,-1.0045648969526582,-0.39440237355343066,-0.8611083765290469,-2.3135711047948933,-0.19122864472426215,0.15582422599298248,0.30323570350885837,1.445225033387604,0.8087290808408654,0.8876905713854991,-0.1615203522320338,1.2567105661663127,0.5904181442557279,-0.35310608124851933,-1.723044217360892,-0.20256649395477067,-0.9519344893161723,-0.8688721809126773,2.273116672626757,1.2072163901615387,-3.616816350654654,0.7418829298506624,0.33253887911017477,1.0152752632970496,-0.8249985536007494,-0.13760758448406077,1.4540255119485312,-1.6628767916712082,-1.8663396968890797,0.12246044599240316,0.8484329311073024
-0.5503177057476153,-0.6349290883506161,-0.42406006166595106,0.34100639708020825,0.31165168935101145,-0.07350427174216465,1.4051288728900246,0.0819404305279551,-2.119910257306019,-1.255401974844932,-0.7305250884732336,-0.6131686981516212,1.6914286846024011,0.10892418166280426,-0.6186035960234664,-0.3096126087944592,-0.09834034276154278,0.3262783527082259,0.4749053489106647,-0.16714719488416588,0.8087290808408654,0.7997106895840237,-0.30585319287826657,0.1242646914183735,0.635811054191572,0.011614613831533225,-0.5723250235907741,-0.7759191512693127,-0.35952513157326527,0.09643751837677875,-0.8735164826307342,1.5260413356563494,0.949926947491628,-1.6119683467615495,0.44032063463628973,-0.2836265256996822,0.28188390514644773,0.23158505469092244,0.0858216213806708,1.0674977552182099,-0.09658206288281121,-1.1285033315392818,0.09516155676592893,0.8427942111843973
1.2461844243357847,-0.5180523686331556,0.8827568842268234,2.8554034234080508,1.2133701398419185,-0.10260955688955002,-1.0090191578512708,-4.033606553940286,-1.7831289657706695,1.335211112277445,-1.714866977399008,-0.10689788887973233,-1.9844938066981204,-2.3660727054723685,0.9023319195637285,-0.9970387314210031,-4.678402223902864,-1.253409077865629,-0.9825985743010286,1.1311361050479294,0.8876905713854991,-0.30585319287826657,2.65549147281499,-0.7157810114663705,0.9770660272564826,1.269960808805468,0.75787580660823906,-1.4655551242918592,0.45794551776532133,-2.295246627574666,0.3863730614809539,0.737444844482459,0.15892594020486173,-3.360206808179797,0.4609391300716354,1.3602643713125375,1.314568628857672,-2.4267668646491534,-0.6152870464625138,0.31981206943306895,-3.296342841467665,-0.9962819831159857,-0.019444194868792505,-0.43767603078031925
-0.35853816906747854,0.06680353727891826,-0.24924534581500327,-0.6748037312031648,-0.28311395994045085,0.028763340449610944,0.37624127012660225,1.0642552561444627,0.27855420536451714,-0.414890127385084,0.368994238946101,-0.021088926749385138,0.6459318437670616,0.6111239346118172,-0.32800621650399214,0.2319316160580526,1.222969617007268,0.3650098064276234,0.3122743170991723,-0.3278842946338449,-0.1615203522320338,0.1242646914183735,-0.7157810114663705,0.22498096429520162,-0.19583660326773117,-0.33537835421579026,-0.24265146500452614,0.25076268042846417,-0.1415828279997322,0.6015410198154056,-0.15696154404105941,-0.04586454538072032,0.012733715162165374,0.7160623389069822,-0.08349153926729068,-0.34950458037739995,-0.30146121006304705,0.6735529619344984,0.19313938229826197,0.0025698762201125367,0.8503767036326128,0.1599723013634777,0.0144340983252721,0.1828830457040505
0.05670369155943135,-0.9055080479132965,0.01400860950505355,1.7673537943553441,0.9050920239336617,-0.1171155091176031,0.9338198990099443,-1.855652620561634,-3.0132177713059467,-0.5839697032248307,-1.583612167003549,-0.665729345197281,0.7459475403043022,-1.0515513409085608,-0.23649881257369076,-0.7958816681626226,-2.34781456478077,-0.2697497742565987,0.02516251528441213,0.3593250086379036,1.2567105661663127,0.635811054191572,0.9770660272564826,-0.19583660326773117,1.1235207408271715,0.619999351576333,-0.21390964071414315,-1.5634580257343749,-0.13243191617885341,-1.0114314393793291,-0.680602665864153,1.9200584301290462,1.0084793882601095,-3.283705047704424,0.6684697587586688,0.4001234563682596,0.9420084488233557,-0.9172517002913195,-0.1761618743459497,1.232027253216952,-1.6936783012163021,-1.6304362911395651,0.09403713405243608,0.6482872292256935
0.5147552897382404,-0.38477052270293904,0.3925588727911383,1.4487132586607347,0.6841915214395611,-0.07694949670474484,-0.2238906002945473,-2.0456628119290783,-1.3272297588932869,0.44779962427293535,-1.014759556341414,-0.19377684604194795,-0.7057380841866856,-1.1818124657786058,0.34277116930071405,-0.5575582873619852,-2.402285960197127,-0.554742256078827,-0.4284922185442126,0.5411703959170631,0.5904181442557279,0.011614613831533225,1.269960808805468,-0.33537835421579026,0.619999351576333,0.6951848369331607,0.26797330345716425,-0.9082439982965156,0.13404960030947183,-1.171673340935752,6.653717152311814e-4,0.6441733185157089,0.2881724935991779,-2.0189908569330908,0.3646297493791641,0.625785356071089,0.6748124275720438,-1.2139171632995287,-0.3030335445465257,0.3948807597242145,-1.7293728095503464,-0.7496308531040087,0.0010660880840040975,-0.06153548126675103
0.6203646207218665,0.30864869130022876,0.4590961970617911,0.3563400694785242,0.05734070925153302,0.02195053014286139,-1.1344735859159747,-0.918058763728552,1.0127888820607482,1.0884846740046912,0.11895850697374637,0.37271883518127047,-1.5312845432691249,-0.5584844058916646,0.6186802158142444,-0.006493704526024722,-0.9332394654182817,-0.47565994009937373,-0.5301740482736004,0.35743562672428064,-0.35310608124851933,-0.5723250235907741,0.75787580660823906,-0.24265146500452614,-0.21390964071414315,0.26797330345716425,0.5393108807734884,0.2264768085765232,0.32303757916255005,-0.5524874319796322,0.6445935643994919,-0.8552680803724437,-0.5732323829643982,0.35992541089911095,-0.18625377674345112,0.46043797329132796,0.07885158334575124,-0.6760102943744941,-0.20544604470383362,-0.6268905625695768,-0.6359080962954694,0.5317943437561861,-0.07385860880647122,-0.6511351485560427
-0.1838599193063562,1.2633228962394767,-0.11953641649282028,-2.6002997472566745,-1.2968334900748058,0.14916991299127158,-1.1659082682824449,2.715368673133396,4.1201762755562585,0.5864584808484907,2.247433892227903,0.8796781360005774,-0.8186834904196927,1.5723374326618456,0.34876213231181313,1.1187187211380218,3.3914043764209314,0.40939967659534887,-0.0025279533093932743,-0.5070814917751812,-1.723044217360892,-0.7759191512693127,-1.4655551242918592,0.25076268042846417,-1.5634580257343749,-0.9082439982965156,0.2264768085765232,2.3227873173915645,0.13577578984921093,1.500229613237683,0.8430666382302163,-2.621628628372907,-1.2867719380855462,4.619850254772684,-0.9270850394417698,-0.6871841379078442,-1.3632503779031335,1.331410977577855,0.20809014482028473,-1.648992028710426,2.4709369249846733,2.237416070792693,-0.12573341685376568,-0.8316947192223405
0.3777137604581981,0.19008714754914882,0.2659744895686037,0.24704369995116832,0.021582899561733728,0.02161679996286183,-0.6890635127193585,-0.5284014713657921,0.6259950839626512,0.6598067209121685,0.08084980894704094,0.24255233690517905,-0.9077723690898366,-0.33324977779147374,0.3575925114571416,-0.005761240783366278,-0.5374612291292941,-0.2912548415645434,-0.30144825245242834,0.2043427383995125,-0.20256649395477067,-0.35952513157326527,0.45794551776532133,-0.1415828279997322,-0.13243191617885341,0.13404960030947183,0.32303757916255005,0.13577578984921093,0.21261417106179847,-0.311203617764029,0.40599909928601535,-0.502014548573616,-0.36724165473701675,0.22416796236504408,-0.13832182070342655,0.28749840380504843,0.07076223839754767,-0.38163231973948974,-0.10667239780337769,-0.3983888263305187,-0.35269921221739436,0.336387591406914,-0.037548968747984655,-0.38796082532281667
-0.9902347672732299,0.6044672508178262,-0.7211483345723648,-2.5845726360511536,-1.161376030373396,0.1131121255342887,0.5911563519517347,3.599381356487462,2.0634360061987223,-0.9377134748634952,1.69745915211338,0.2470464431764242,1.4343512130859986,2.097368922042169,-0.6709575028971114,0.95276608220878,4.208806410917517,1.0335546563097426,0.7909438410820253,-0.9718329767369461,-0.9519344893161723,0.09643751837677875,-2.295246627574666,0.6015410198154056,-1.0114314393793291,-1.171673340935752,-0.5524874319796322,1.500229613237683,-0.311203617764029,2.054908720431015,-0.14149184551882577,-0.9715644843486743,-0.361803991744662,3.3561990378585596,-0.5406287101077284,-1.1516770920127315,-1.202995124790372,2.135785782033352,0.5374158745457741,-0.5350197117884671,2.995844432467982,1.1538481655799553,0.004900082729996286,0.21730571240750435
0.6270678446302134,0.6870498405291899,0.46822831620286304,-0.31119949637793226,-0.31838668866086317,0.0799043661946984,-1.5606921071054634,-0.1688587337141883,2.2898639716257203,1.3864470660889878,0.7705659779846317,0.6745880450125986,-1.8823954462095842,-0.15127330078566148,0.7056073951083788,0.3169637340292346,0.018899811647718347,-0.3814502861972763,-0.5369492577325148,0.20614937099802813,-0.8688721809126773,-0.8735164826307342,0.3863730614809539,-0.15696154404105941,-0.680602665864153,6.653717152311814e-4,0.6445935643994919,0.8430666382302163,0.40599909928601535,-0.14149184551882577,0.966227782480989,-1.6518074891155625,-1.035045456449716,1.7095799946834394,-0.4860966693016087,0.3339913827180801,-0.27696435474758885,-0.2952546250517944,-0.1131650810310969,-1.1698641783832782,0.057266040241237395,1.2271800419083116,-0.10752978845957482,-0.9336281777157199
-0.5193744926274823,-1.6898794267837882,-0.45028290356840295,2.3994868600548243,1.317573529850451,-0.18623931201237054,2.540871522974137,-1.902407968148885,-5.593367867808532,-1.9629590600448423,-2.5310103542827806,-1.361749592261649,2.666220556765742,-1.0323948358605046,-0.9956701420617792,-1.2154848273981997,-2.6259167676857467,0.06939230343154153,0.5907288452084569,0.17115466379245525,2.273116672626757,1.5260413356563494,0.737444844482459,-0.04586454538072032,1.9200584301290462,0.6441733185157089,-0.8552680803724437,-2.621628628372907,-0.502014548573616,-0.9715644843486743,-1.6518074891155625,3.8069777935458324,2.080061897234169,-5.360495987965926,1.1679096895138454,0.17780447496761087,1.392543629884678,-0.6858276689324145,-0.047914335073735326,2.4727224451838077,-1.9065890102849814,-2.9914529646184986,0.2150700947783836,1.6309337721319386
-0.445736065633405,-0.9105687881190268,-0.3479331603750046,1.004053236147918,0.6437102485552371,-0.11630516766027456,1.5767928009819572,-0.7297723321605769,-3.0622868670454917,-1.3184370392816231,-1.2793692886484984,-0.8087918704592532,1.7305800334131025,-0.36012524242756083,-0.5952363276736627,-0.5977831074729827,-1.0945520235403026,0.15418467486465096,0.3916381554407979,0.023156153941437402,1.2072163901615387,0.949926947491628,0.15892594020486173,0.012733715162165374,1.0084793882601095,0.2881724935991779,-0.5732323829643982,-1.2867719380855462,-0.36724165473701675,-0.361803991744662,-1.035045456449716,2.080061897234169,1.2472314307176202,-2.7406429660898395,0.6647645868405218,-0.08526029439351551,0.6164966584876177,-0.21749265581019186,-0.02331765207074108,1.4266241801665673,-0.8147380882942283,-1.6471607772352879,0.116190090631678,0.9755949695055653
-0.5043632862578779,2.573470514154521,-0.2900513909759682,-5.548757463147869,-2.765557048003655,0.3380130955893155,-2.2193445503813236,6.1045630045011885,8.579648340926127,1.1767624172730684,4.727068463115201,1.809973958934298,-1.4340433231779663,3.4810499616176833,0.392779956376093,2.4160360788694235,7.597169470834186,1.06541936259492,0.20304825388579434,-1.26735942920983,-3.616816350654654,-1.6119683467615495,-3.360206808179797,0.7160623389069822,-3.283705047704424,-2.0189908569330908,0.35992541089911095,4.619850254772684,0.22416796236504408,3.3561990378585596,1.7095799946834394,-5.360495987965926,-2.7406429660898395,9.748366544985544,-1.9188051426749506,-1.466894642538305,-2.896678005253531,3.129398793458567,0.6365699745155384,-3.3847592697701017,5.458634850894487,4.649613615071295,-0.24339712766985738,-1.6099881844439554
-0.04672486565406536,-0.5542046697305626,-0.02194576160480769,0.9105848603205001,0.5213255508850719,-0.08062634347731791,0.6731496657193379,-0.9725745655743583,-1.8474933565438956,-0.4515507313020396,-0.9239537567997257,-0.4460813802183141,0.5781475818213689,-0.5432969181706103,-0.1959994830880505,-0.4456859103710121,-1.251172167377578,-0.08975576612236448,0.05221777018623735,0.1724948497111659,0.7418829298506624,0.44032063463628973,0.4609391300716354,-0.08349153926729068,0.6684697587586688,0.3646297493791641,-0.18625377674345112,-0.9270850394417698,-0.13832182070342655,-0.5406287101077284,-0.4860966693016087,1.1679096895138454,0.6647645868405218,-1.9188051426749506,0.4439224486269087,0.16252731461406603,0.4887871987643231,-0.47685049350311975,-0.0899376438867276,0.8021002766871728,-0.9341987094546557,-1.0146613242752407,0.05581968650660659,0.4411911050007133
0.7100474615673582,-0.17905199453518894,0.5117792451290044,1.4184679892156322,0.5644583657720408,-0.03148199839067751,-0.699747702105806,-2.013586623018556,-0.5947102525778565,0.8862306102299738,-0.7642258619316681,0.04784751833189722,-1.2387957829529712,-1.192826520977723,0.4912104389929031,-0.45629221143325827,-2.2955400744949417,-0.6504845532980342,-0.5336163922930611,0.5579751642762867,0.33253887911017477,-0.2836265256996822,1.3602643713125375,-0.34950458037739995,0.4001234563682596,0.625785356071089,0.46043797329132796,-0.6871841379078442,0.28749840380504843,-1.1516770920127315,0.3339913827180801,0.17780447496761087,-0.08526029439351551,-1.466894642538305,0.16252731461406603,0.7551588219064032,0.6352815501087266,-1.210135840563763,-0.2839326423313232,-0.0017522493375884303,-1.617117250205542,-0.33656520092690795,-0.02286367892811772,-0.3343976648884007
0.38306323697998806,-0.6914915299480869,0.23063145528112364,1.910404943922534,0.8667353330792946,-0.0851004230908213,0.2827576809734126,-2.1878077411709813,-2.2930125968858275,0.018968443328461287,-1.4210592445831822,-0.40539463402424153,-0.06605308725934522,-1.26856170966138,0.06963734986584533,-0.7571785935028322,-2.6554397428438676,-0.5040957944480885,-0.21828679530050152,0.5048499865549269,1.0152752632970496,0.28188390514644773,1.314568628857672,-0.30146121006304705,0.9420084488233557,0.6748124275720438,0.07885158334575124,-1.3632503779031335,0.07076223839754767,-1.202995124790372,-0.27696435474758885,1.392543629884678,0.6164966584876177,-2.896678005253531,0.4887871987643231,0.6352815501087266,0.970985961648316,-1.1672503065785165,-0.2446534897618396,0.8035206261190285,-1.872176406802943,-1.232816613018514,0.0585925641240024,0.2793448748375296
-1.114684809599356,0.48661366971610437,-0.8123100372996641,-2.5546913151190007,-1.1308844466128085,0.11338364856756211,0.8764393896128075,3.7356525949258628,1.7107784851490966,-1.1709627626109247,1.5949800501220186,0.14249513797227492,1.791510144773909,2.175837169961021,-0.8536569696195151,0.9196364773754854,4.339273519819848,1.1438939902489238,0.9268157078905211,-1.0579897260206597,-0.8249985536007494,0.23158505469092244,-2.4267668646491534,0.6735529619344984,-0.9172517002913195,-1.2139171632995287,-0.6760102943744941,1.331410977577855,-0.38163231973948974,2.135785782033352,-0.2952546250517944,-0.6858276689324145,-0.21749265581019186,3.129398793458567,-0.47685049350311975,-1.210135840563763,-1.1672503065785165,2.2768790743941514,0.5967725871671786,-0.3538295983720629,3.0784254404513267,0.9703861835718335,0.022229858385514143,0.383554558909383
-0.29928927786476955,0.06812602659922688,-0.21295426225266137,-0.563317512415761,-0.25627064446266384,0.028325307176790375,0.3096596201358061,0.9341676604234792,0.2788751120315608,-0.32678914243043294,0.3299272606367437,0.007197164247882677,0.5474495003215208,0.5294815936291997,-0.29830680292502293,0.2054327025188541,1.0741736592889393,0.3090969375401083,0.28070024775168273,-0.2907171085142269,-0.13760758448406077,0.0858216213806708,-0.6152870464625138,0.19313938229826197,-0.1761618743459497,-0.3030335445465257,-0.20544604470383362,0.20809014482028473,-0.10667239780337769,0.5374158745457741,-0.1131650810310969,-0.047914335073735326,-0.02331765207074108,0.6365699745155384,-0.0899376438867276,-0.2839326423313232,-0.2446534897618396,0.5967725871671786,0.19234250923933072,-0.02160106893752925,0.7500774966940673,0.1602663294029436,0.0204860195806603,0.16087912888495745
-0.4430130443007303,-1.1030366355632788,-0.3421318847079954,1.3512478198573667,0.8200560461895651,-0.13698064715783567,1.7834671273973155,-1.0427026295429562,-3.6561136594007415,-1.421704527442794,-1.5957932018122327,-0.9422287330649629,1.906008682518834,-0.5525094982830503,-0.6973287719938907,-0.7415801348031674,-1.4971440035699655,0.12435093640909246,0.42677064408537735,0.07002425537812335,1.4540255119485312,1.0674977552182099,0.31981206943306895,0.0025698762201125367,1.232027253216952,0.3948807597242145,-0.6268905625695768,-1.648992028710426,-0.3983888263305187,-0.5350197117884671,-1.1698641783832782,2.4727224451838077,1.4266241801665673,-3.3847592697701017,0.8021002766871728,-0.0017522493375884303,0.8035206261190285,-0.3538295983720629,-0.02160106893752925,1.680602492274498,-1.1212344579057207,-1.9727711071020646,0.14181000382487965,1.1236413654137571
-1.294143418595485,1.089566006670632,-0.936467721767154,-3.929462984969243,-1.8089309564306366,0.1914562448950285,0.43665062644765157,5.279569691889031,3.6942008792785517,-1.0078703488874619,2.734053674111084,0.5489261694569181,1.588005744757643,3.0691290630397496,-0.7844702385906978,1.498126056742477,6.23995096970666,1.431374053722419,1.0136110694985436,-1.3841417483844423,-1.6628767916712082,-0.09658206288281121,-3.296342841467665,0.8503767036326128,-1.6936783012163021,-1.7293728095503464,-0.6359080962954694,2.4709369249846733,-0.35269921221739436,2.995844432467982,0.057266040241237395,-1.9065890102849814,-0.8147380882942283,5.458634850894487,-0.9341987094546557,-1.617117250205542,-1.872176406802943,3.0784254404513267,0.7500774966940673,-1.1212344579057207,4.45581948684251,2.05228583005784,-0.03109871367540002,0.048328801861091016
0.20185938375424595,1.3741091980232276,0.1741378626501032,-2.230599473531991,-1.2161829143725644,0.17403802739260993,-1.7827134039506682,2.1421874039141517,4.5760512135437,1.28051913657445,2.2192958844691337,1.0870753158472053,-1.684298203563965,1.194236592719201,0.5886649905279436,1.0837356382800145,2.8071146859235663,0.1534877128248526,-0.25625731533060914,-0.3362561397592885,-1.8663396968890797,-1.1285033315392818,-0.9962819831159857,0.1599723013634777,-1.6304362911395651,-0.7496308531040087,0.5317943437561861,2.237416070792693,0.336387591406914,1.1538481655799553,1.2271800419083116,-2.9914529646184986,-1.6471607772352879,4.649613615071295,-1.0146613242752407,-0.33656520092690795,-1.232816613018514,0.9703861835718335,0.1602663294029436,-1.9727711071020646,2.05228583005784,2.4760895271004877,-0.15598716239127644,-1.168873403935753
-0.06316364760537856,-0.0887110262537884,-0.050564624349496975,0.08133193902272881,0.045201659710055415,-0.008952141262596686,0.18037863242000765,-0.006130974364608077,-0.29071593564736614,-0.1513467367783377,-0.1096360708806977,-0.07618278541791354,0.21980463482961451,-0.008052371907870375,-0.0895713732368162,-0.04738525546325577,-0.03863532510633908,0.02967288595776024,0.06555454146348744,-0.016854672159582473,0.12246044599240316,0.09516155676592893,-0.019444194868792505,0.0144340983252721,0.09403713405243608,0.0010660880840040975,-0.07385860880647122,-0.12573341685376568,-0.037548968747984655,0.004900082729996286,-0.10752978845957482,0.2150700947783836,0.116190090631678,-0.24339712766985738,0.05581968650660659,-0.02286367892811772,0.0585925641240024,0.022229858385514143,0.0204860195806603,0.14181000382487965,-0.03109871367540002,-0.15598716239127644,0.01994950426490408,0.11690766560248746
-0.6342816226908313,-0.6680045875721268,-0.48667834241104974,0.2963805277350478,0.27822537141388864,-0.06636140065939031,1.5530897888257342,0.28576482170476175,-2.1971550562839677,-1.3706822823563172,-0.7200021897268084,-0.6380898836456222,1.910903855075578,0.2030926372341919,-0.7531937507417037,-0.2894628322921599,0.11757706603701774,0.4018546209932361,0.580257617423464,-0.24519506552220144,0.8484329311073024,0.8427942111843973,-0.43767603078031925,0.1828830457040505,0.6482872292256935,-0.06153548126675103,-0.6511351485560427,-0.8316947192223405,-0.38796082532281667,0.21730571240750435,-0.9336281777157199,1.6309337721319386,0.9755949695055653,-1.6099881844439554,0.4411911050007133,-0.3343976648884007,0.2793448748375296,0.383554558909383,0.16087912888495745,1.1236413654137571,0.048328801861091016,-1.168873403935753,0.11690766560248746,0.9404085781859257
