V1,V2,V3,V4,V5,V6,V7,V8,V9,V10,V11,V12,V13,V14,V15,V16,V17,V18,V19,V20,V21,V22,V23,V24,V25,V26,V27,V28,V29,V30,V31,V32,V33,V34,V35,V36,V37,V38,V39,V40,V41,V42,V43,V44
4.021695457471703,-1.6396225633847927,1.348056485653694,12.146492576985514,0.38222350783675807,2.3577145369727397,-3.71239955891459,1.2487113378002788,2.294738451183815,8.230470354882767,-1.7862290079638374,3.632522527896394,-3.1141738292278998,-1.6905567689724115,-6.852405295286158,-0.7451308625011996,2.6836421790611262,0.5835669648160848,4.060015059159044,-3.5275072944129313,0.6298594353899558,-5.6455990913429295,2.0085473517676835,3.9521841143019443,-0.034370002326996316,-4.160160721224241,1.9182514287572565,-9.868161840081395,4.046560199979315,1.21960019078536,6.289968312444421,3.4420738821711923,-7.9284491612753705,-2.1596552833072193,-4.182097010305203,7.051200587160959,6.511678698652304,5.728060917206017,5.479274327039241,-4.470086421362381,2.9728606627679683,2.8431845006830763,0.47524844385896775,-1.0726324547450454
-1.6396225633847927,1.3565725621223121,-0.6047019352494093,-3.906069375512338,-0.9571753383051889,-0.9173917532762014,1.9679805177666736,-0.23101052353634455,-0.5550540634788269,-2.4639699301977607,1.1181899056861115,-0.13393329237075152,1.780879901298052,0.5478163049772572,2.150838068378247,0.1253400123570328,-1.0105950734112414,-0.6366090488373237,-1.0683310198273857,0.9769678685911388,1.018698925006026,1.8316014401205905,-0.599321110621038,-2.208516695113079,0.23500781074370927,1.6812258354164755,-1.2883988179257528,3.7063929063532988,-1.0096729941997011,0.3436531956386643,-2.298864471118498,-0.6629608434789178,2.419614804369384,0.22803738172225035,1.2459049714485533,-2.029954883692708,-1.7726004529123618,-2.1422450342909625,-0.8084665893063874,1.2323578998015678,-1.0232323653593447,-1.0886933074738192,0.5247372034020346,1.4740714856398434
1.348056485653694,-0.6047019352494093,0.49168013270278527,4.086358559958569,0.15999720246919621,0.7946928854861436,-1.3142967611817056,0.4119070694587961,0.7591355127570721,2.7508977600494213,-0.6390750958810466,1.1464201767682733,-1.1212633882253937,-0.5898970157749248,-2.2984998974060216,-0.23720325818759114,0.9035010578999991,0.24014208555088606,1.3498355117070062,-1.1722882217327226,0.12276297656390686,-1.9034499305983807,0.6650388065402929,1.4207895311478493,-0.026562492168581957,-1.4242618687428346,0.6884384529212978,-3.3553685616298106,1.3260400882977088,0.34171106583605104,2.1234316727592386,1.1317687255615703,-2.6367540940811796,-0.6864139393863924,-1.389124831473622,2.3451126469364842,2.1498980679954176,1.943187144533245,1.7625401118157802,-1.4499532582766097,0.9989424999411566,0.9569176327316611,0.12733228502532104,-0.45858799975372105
12.146492576985514,-3.906069375512338,4.086358559958569,39.007580752474716,-0.25003493052880876,7.201846418911109,-10.709196068155306,4.242568302444829,7.682283822914363,26.63577746140987,-4.857466506861866,13.378195514110192,-8.753073676725046,-5.374273459202746,-21.98476318423732,-2.5533850059074474,8.274744253618051,1.2356431852813126,13.45291562517392,-11.525862105655186,4.0361557641315295,-17.971507777884447,6.484501399615161,11.277900366537242,0.2317290230521436,-12.839401711830783,5.093251743779758,-30.704718471845766,13.382795302593554,5.07859637657548,19.681896769747823,11.845747793946478,-25.50828276728626,-7.563238804007871,-13.528714185594517,22.965798045570807,21.331870557851627,17.8910749858136,19.024073607045548,-14.447570365320885,9.50007302975498,8.801348926663106,2.6838462234263813,-1.613807285126719
0.38222350783675807,-0.9571753383051889,0.15999720246919621,-0.25003493052880876,1.0249412534415632,0.1698080727515789,-0.8307840862255608,-0.2328265163665002,-0.276725775995303,-0.3700178704534918,-0.6118066659690049,-1.3109593337804306,-0.8627476641606561,0.039190810954189303,0.18685062204178934,0.14259352255950822,0.14308955190935832,0.5131654421534687,-0.37491131225454816,0.24173042909101777,-1.4809956186245068,0.07994187886820138,-0.09205929628103744,1.0000853962571872,-0.26251008543564164,-0.31016616704912964,0.7590835506074493,-0.4511007710240961,-0.4143730447543386,-0.8915556179982145,0.21315712198386014,-0.6102079352251267,0.2829334228322827,0.5701192968846235,0.18565597798584899,-0.4078861995427786,-0.49289113851059085,0.2469553871783047,-1.2256729776088804,0.2739556672558148,0.009571340739041485,0.16624569009701604,-0.8387008811081118,-1.3273930328213055
2.3577145369727397,-0.9173917532762014,0.7946928854861436,7.201846418911109,0.1698080727515789,1.3947728678425395,-2.149467652796304,0.7447830108887955,1.3548173745950272,4.890067405349668,-1.0225925802354556,2.21615752889331,-1.8077285037255233,-1.004862627305206,-4.064209583364447,-0.4574475274103416,1.5820394688745836,0.3303286694420263,2.418782927909239,-2.1150585467533323,0.45043546603551987,-3.3459188764092156,1.189296876575494,2.2945513293224664,-0.008568514780773903,-2.436325650268739,1.0920243416248354,-5.818104818483433,2.4157580903716376,0.7575998409549477,3.71015783761497,2.079111224761031,-4.697815269296385,-1.318080473101145,-2.4845735583821615,4.200759531623574,3.873730746743734,3.378270661756623,3.3010039842473513,-2.667043350762244,1.7605282020157027,1.6661384553038305,0.3178834310040997,-0.5783184331923038
-3.71239955891459,1.9679805177666736,-1.3142967611817056,-10.709196068155306,-0.8307840862255608,-2.149467652796304,3.784354901730567,-0.9872001650033314,-1.9189113625618721,-7.114610285607549,1.9230375330855138,-2.5493555799324583,3.2519001575364963,1.4950394866172776,5.982067249604386,0.5702537575126765,-2.431601548808067,-0.81725748873859,-3.433624406038549,2.9868149296910484,0.22135931962673253,4.963219707822526,-1.7323359758178916,-4.105394907924548,0.17436924663444173,3.899786878484294,-2.1222219780931915,9.007656553089232,-3.356158873832678,-0.5967395181035984,-5.699561077895292,-2.7620270015135433,6.867626215406411,1.5732439107191971,3.609046813049833,-6.041710067007173,-5.511073982570547,-5.2329253595995935,-4.193270721267802,3.737272782326856,-2.669982459203038,-2.608962957066275,-0.013013547719519538,1.6743831540793264
1.2487113378002788,-0.23101052353634455,0.4119070694587961,4.242568302444829,-0.2328265163665002,0.7447830108887955,-0.9872001650033314,0.546496688235006,0.9099202960787874,2.961815087208646,-0.3938240189417154,1.693614757149823,-0.7424797462606196,-0.6331461133763269,-2.4370245902816823,-0.29216084003571763,0.8799729161551624,-0.01931368449766267,1.5267516081144845,-1.2733486861720642,0.7505099251162486,-1.992971605516034,0.7377966699789631,1.0119316267166405,0.08297743622460699,-1.3306380122247918,0.38553092209165096,-3.24638648020325,1.5474959013681124,0.7376461147041872,2.0952726038437053,1.3658595034208318,-2.8407134902464284,-0.9383578801622998,-1.4919692649303746,2.54663427442735,2.412645238821838,1.8700779731344492,2.3287825575061545,-1.6289347263888987,1.0010952404446207,0.9083134209767324,0.4742589523880556,0.12540149148712257
2.294738451183815,-0.5550540634788269,0.7591355127570721,7.682283822914363,-0.276725775995303,1.3548173745950272,-1.9189113625618721,0.9099202960787874,1.6127813749463014,5.298925215246397,-0.8146677902500287,2.9128289142171258,-1.4912320691677239,-1.0733332348915892,-4.355527213620773,-0.5070003323321173,1.5874869512344165,0.08814861692772107,2.7250732239750852,-2.270375484903526,1.1294304234518957,-3.5449005569376837,1.3036058577517082,1.9672468272148798,0.10935356118616706,-2.4651933157096635,0.829493990963022,-5.909395817666623,2.718683953146261,1.2194981928403945,3.81052818593746,2.4218386402216083,-5.082982395820157,-1.5868059355795405,-2.6860519707282386,4.564975769285706,4.298741520589825,3.4386079114832393,4.018310993998158,-2.8723423010026985,1.844694600789259,1.696336803503822,0.7378173435905842,0.020232394231434702
8.230470354882767,-2.4639699301977607,2.7508977600494213,26.63577746140987,-0.3700178704534918,4.890067405349668,-7.114610285607549,2.961815087208646,5.298925215246397,18.26556616026025,-3.17794909535134,9.389429576823169,-5.774553912692307,-3.6922531168939456,-15.05654303273024,-1.7725499827149742,5.635037790624509,0.7105915655949966,9.247422989277496,-7.919408679342752,3.071821042494248,-12.299933434891816,4.450543455986617,7.470675729448763,0.21522477989937897,-8.677843384978653,3.3033246940456045,-20.873451901162987,9.231110756738904,3.6558027334915866,13.389546162910786,8.185482209360066,-17.482812337183947,-5.298207474417061,-9.26195044774354,15.754346636043637,14.65954964172107,12.146243200959095,13.26024278870972,-9.950229530736854,6.46123151372116,5.960656133784713,2.000896564247796,-0.8030056296755101
-1.7862290079638374,1.1181899056861115,-0.6390750958810466,-4.857466506861866,-0.6118066659690049,-1.0225925802354556,1.9230375330855138,-0.3938240189417154,-0.8146677902500287,-3.17794909535134,1.0220251118345756,-0.8762117260161235,1.6912447529759604,0.668742675885925,2.697650432266584,0.23021669203333858,-1.1450891545610773,-0.4993138507601487,-1.4908267397814805,1.3179629501481733,0.439734689573595,2.2519458729587187,-0.7693080554498519,-2.108353099882737,0.13922695922022751,1.8572070857372054,-1.1462676170371793,4.22995013203666,-1.4410707383541175,-0.07167331910609007,-2.658221629095842,-1.1345148435730426,3.0809772407253178,0.5912908729401005,1.61360193749482,-2.680688663140342,-2.414208831865468,-2.4574535966924955,-1.64290406225803,1.6473636800522498,-1.2294929288282335,-1.2361826646034277,0.18486462421060856,1.0725426607506505
3.632522527896394,-0.13393329237075152,1.1464201767682733,13.378195514110192,-1.3109593337804306,2.21615752889331,-2.5493555799324583,1.693614757149823,2.9128289142171258,9.389429576823169,-0.8762117260161235,6.1075520075060785,-1.8580498436222772,-1.8108801249791882,-7.599182257832062,-1.0365888533819136,2.6069013035863438,-0.2173623420782503,4.970355713313161,-4.167874358550705,3.1727263883033903,-6.107917296634276,2.2855274938895045,2.5136291887112923,0.40014304096445247,-3.913024085629262,0.7791860013068583,-9.734059634975328,5.004584640827868,2.8211434252210994,6.341633737324874,4.719844195143829,-8.919196776817238,-3.2435347950483906,-4.774569997471588,8.214118634754351,7.773403643723974,5.699279061159716,7.899977985320347,-5.220267780065585,3.177463014230765,2.7637972155409947,1.9128313052468733,1.1108978086594468
-3.1141738292278998,1.780879901298052,-1.1212633882253937,-8.753073676725046,-0.8627476641606561,-1.8077285037255233,3.2519001575364963,-0.7424797462606196,-1.4912320691677239,-5.774553912692307,1.6912447529759604,-1.8580498436222772,2.864381127206037,1.208352028045883,4.868404413234269,0.4575758582209179,-2.019720780250183,-0.8035256488852511,-2.7432830291643313,2.44080559486637,0.4691528043024605,4.053644854548225,-1.3871489537648967,-3.555397617052706,0.19026941724847465,3.235663899980374,-1.8751761739203117,7.473920186340566,-2.664751199935963,-0.30742469383201004,-4.701908800680607,-2.181746424442551,5.564099646856973,1.2063227293879015,2.9321122386182146,-4.902059834360841,-4.422203888907774,-4.345991385382519,-3.205201442718797,3.01965378213717,-2.1955420043953846,-2.169792363634504,0.15548208709912326,1.659574263978402
-1.6905567689724115,0.5478163049772572,-0.5898970157749248,-5.374273459202746,0.039190810954189303,-1.004862627305206,1.4950394866172776,-0.6331461133763269,-1.0733332348915892,-3.6922531168939456,0.668742675885925,-1.8108801249791882,1.208352028045883,0.8209437801703993,3.069046975675277,0.34116842069191006,-1.1628300119916284,-0.12837234779311504,-1.84878668614876,1.5796846054651845,-0.5545494091834289,2.5420843349839837,-0.9157809364976258,-1.5836463886436585,-0.03633217837118182,1.781456157824977,-0.6919776676094401,4.2822497213843045,-1.8628699929403172,-0.6822657089163966,-2.733793917212674,-1.5970880778683,3.5453456772909733,1.0587296521982672,1.8605213018524238,-3.1545289808833465,-2.9474825400897107,-2.461271329748129,-2.6404328242053947,2.0019604226077177,-1.2805642432930135,-1.1983590254329772,-0.3843710424068139,0.23061688588672125
-6.852405295286158,2.150838068378247,-2.2984998974060216,-21.98476318423732,0.18685062204178934,-4.064209583364447,5.982067249604386,-2.4370245902816823,-4.355527213620773,-15.05654303273024,2.697650432266584,-7.599182257832062,4.868404413234269,3.069046975675277,12.435643418237383,1.4427730846147113,-4.680233131707509,-0.631800359440056,-7.599592918432467,6.50930659706571,-2.367409457706299,10.173472956115358,-3.674086879560475,-6.2954323377373855,-0.14931924244682898,7.215206282604649,-2.8170583607972595,17.317427660088317,-7.587489830663718,-2.9177329540101984,-11.099551515245043,-6.682148186609889,14.429121144488182,4.315270916977738,7.633697995661752,-12.968148118982507,-12.063651161891785,-10.065652385730102,-10.823961354151525,8.193271950772134,-5.332490569502987,-4.944366099606155,-1.5629519004852164,0.8149657279490938
-0.7451308625011996,0.1253400123570328,-0.23720325818759114,-2.5533850059074474,0.14259352255950822,-0.4574475274103416,0.5702537575126765,-0.29216084003571763,-0.5070003323321173,-1.7725499827149742,0.23021669203333858,-1.0365888533819136,0.4575758582209179,0.34116842069191006,1.4427730846147113,0.2023160160499489,-0.5212834479490693,-0.024664555193495176,-0.9139957484733459,0.8007048715627288,-0.45711571526880634,1.1687226111540898,-0.4270694200489718,-0.5984861404022934,-0.04598753469962172,0.7737333447433216,-0.2270197478424241,1.9269286653358355,-0.9245155251656297,-0.437606128892585,-1.2459413624632867,-0.8596784655794811,1.6792644455354668,0.5804890647030801,0.9024166297976387,-1.5520453153788898,-1.4417794254827772,-1.1273087900895755,-1.3870985211567897,0.9986464277925056,-0.6197426059000043,-0.5418656410672331,-0.2621459411968448,-0.06280646910634413
2.6836421790611262,-1.0105950734112414,0.9035010578999991,8.274744253618051,0.14308955190935832,1.5820394688745836,-2.431601548808067,0.8799729161551624,1.5874869512344165,5.635037790624509,-1.1450891545610773,2.6069013035863438,-2.019720780250183,-1.1628300119916284,-4.680233131707509,-0.5212834479490693,1.810286802477557,0.3394062404342533,2.799535881910052,-2.4241575328987883,0.595726067978032,-3.848352234839917,1.3756009830852676,2.589605832373492,0.0032266739543121152,-2.7913580296707097,1.2186285218926995,-6.6632772682762775,2.795960362466043,0.9204711207550794,4.252839474643394,2.404562669894644,-5.414874167570078,-1.5287359859077605,-2.854792190500698,4.834226029260145,4.472006184664109,3.863918521904617,3.856802958151835,-3.0641484897245244,2.018371979789983,1.9036118574963716,0.41607428418238335,-0.5799953751585104
0.5835669648160848,-0.6366090488373237,0.24014208555088606,1.2356431852813126,0.5131654421534687,0.3303286694420263,-0.81725748873859,-0.01931368449766267,0.08814861692772107,0.7105915655949966,-0.4993138507601487,-0.2173623420782503,-0.8035256488852511,-0.12837234779311504,-0.631800359440056,-0.024664555193495176,0.3394062404342533,0.38071408091530584,0.26958016708021537,-0.29432484172917284,-0.6608644373730969,-0.5385540614124148,0.1475939575153251,0.9472692725040348,-0.13758875006091573,-0.5990104894138693,0.5872988536927037,-1.2782910808490124,0.21251522912879672,-0.3203466225184248,0.7712969785738872,0.1328150603315056,-0.682189750521872,0.05250495825434925,-0.36541698110135584,0.589836334873728,0.4493661559296563,0.75987419926015,-0.03143473918503614,-0.3127428289842401,0.35816513720052473,0.3885785588831128,-0.3604932335696505,-0.8040060622761445
4.060015059159044,-1.0683310198273857,1.3498355117070062,13.45291562517392,-0.37491131225454816,2.418782927909239,-3.433624406038549,1.5267516081144845,2.7250732239750852,9.247422989277496,-1.4908267397814805,4.970355713313161,-2.7432830291643313,-1.84878668614876,-7.599592918432467,-0.9139957484733459,2.799535881910052,0.26958016708021537,4.729117518815304,-4.0169363132415095,1.8170080035459883,-6.184957582243508,2.253281920450767,3.579831769088763,0.15373073512652213,-4.320760937080223,1.5329871760322815,-10.407030859620253,4.71531647445621,2.0088254737083235,6.696684474394338,4.234804488259085,-8.841244574092402,-2.7522550159237333,-4.694128560842832,7.99503244020427,7.464749603203719,6.0680712635766865,6.886024488459087,-5.038360650637742,3.2593370409162143,2.974709020110237,1.1618407054268325,-0.15309239025473478
-3.5275072944129313,0.9769678685911388,-1.1722882217327226,-11.525862105655186,0.24173042909101777,-2.1150585467533323,2.9868149296910484,-1.2733486861720642,-2.270375484903526,-7.919408679342752,1.3179629501481733,-4.167874358550705,2.44080559486637,1.5796846054651845,6.50930659706571,0.8007048715627288,-2.4241575328987883,-0.29432484172917284,-4.0169363132415095,3.4777628065785695,-1.4468967055819932,5.308863768420581,-1.917596217324861,-3.1424285689461113,-0.11177325109285462,3.6970212057562066,-1.3575735690997999,8.973429072358332,-4.0185487153668245,-1.6381937832625133,-5.758082046899362,-3.613134054977884,7.555600965220416,2.3595298772515516,4.020095365169468,-6.859079337184671,-6.364665481976487,-5.230189708694586,-5.819467286278541,4.346423754021346,-2.798813048662653,-2.5531626484200562,-0.9103978929431042,0.2614382936674873
0.6298594353899558,1.018698925006026,0.12276297656390686,4.0361557641315295,-1.4809956186245068,0.45043546603551987,0.22135931962673253,0.7505099251162486,1.1294304234518957,3.071821042494248,0.439734689573595,3.1727263883033903,0.4691528043024605,-0.5545494091834289,-2.367409457706299,-0.45711571526880634,0.595726067978032,-0.6608644373730969,1.8170080035459883,-1.4468967055819932,2.5609923560775423,-1.8220079722943119,0.7618717944066928,-0.41476356392679975,0.40058125314635035,-0.7550406574332477,-0.6253267849796746,-2.261670549754755,1.899155759859464,1.8012298309936743,1.5751843532031822,1.9929511971974498,-2.858951483574622,-1.5609659013580486,-1.5550163650519393,2.7775444770552644,2.7555658597745625,1.3334822744938106,3.613916409279029,-1.830511402920665,0.8858245636980825,0.5907528874160506,1.4560008221908638,1.8267822006222172
-5.6455990913429295,1.8316014401205905,-1.9034499305983807,-17.971507777884447,0.07994187886820138,-3.3459188764092156,4.963219707822526,-1.992971605516034,-3.5449005569376837,-12.299933434891816,2.2519458729587187,-6.107917296634276,4.053644854548225,2.5420843349839837,10.173472956115358,1.1687226111540898,-3.848352234839917,-0.5385540614124148,-6.184957582243508,5.308863768420581,-1.8220079722943119,8.348469118637228,-3.0083626807462442,-5.230782434842863,-0.1067829898368385,5.927987782834987,-2.3539376510531005,14.218911691748076,-6.183789824132297,-2.3115342991412615,-9.10107489451899,-5.409854305996652,11.794767770679856,3.501318389496264,6.234358410124511,-10.5772632053343,-9.838929328273474,-8.251331929438775,-8.772025228327145,6.691546635752497,-4.349489174015923,-4.054199733902549,-1.2213179862319892,0.7777547895881298
2.0085473517676835,-0.599321110621038,0.6650388065402929,6.484501399615161,-0.09205929628103744,1.189296876575494,-1.7323359758178916,0.7377966699789631,1.3036058577517082,4.450543455986617,-0.7693080554498519,2.2855274938895045,-1.3871489537648967,-0.9157809364976258,-3.674086879560475,-0.4270694200489718,1.3756009830852676,0.1475939575153251,2.253281920450767,-1.917596217324861,0.7618717944066928,-3.0083626807462442,1.0964828285011057,1.8136305643251578,0.05427409742688712,-2.120730631983016,0.7997249022629959,-5.085996620056081,2.2598256332795303,0.8988959756918797,3.2682667264157446,1.9815526348887804,-4.270735187130574,-1.2914314156103956,-2.2565212613080865,3.831138352578333,3.579448385100357,2.9535820419368375,3.2421364946283404,-2.430687138648782,1.5683776469989206,1.4493942052232225,0.49686169875791036,-0.1762102393295594
3.9521841143019443,-2.208516695113079,1.4207895311478493,11.277900366537242,1.0000853962571872,2.2945513293224664,-4.105394907924548,1.0119316267166405,1.9672468272148798,7.470675729448763,-2.108353099882737,2.5136291887112923,-3.555397617052706,-1.5836463886436585,-6.2954323377373855,-0.5984861404022934,2.589605832373492,0.9472692725040348,3.579831769088763,-3.1424285689461113,-0.41476356392679975,-5.230782434842863,1.8136305643251578,4.5157853719932755,-0.22889886387765987,-4.152803428059695,2.3419621999902476,-9.590094751143285,3.4931073308733396,0.4897313852855653,6.055289076076879,2.8552828645810497,-7.195379530221343,-1.5882430096630755,-3.7744065033038674,6.335649714519874,5.7368587739171275,5.563634749801321,4.254354176968112,-3.9120573461382455,2.8347650223432015,2.751591837855754,-0.11042880329028426,-1.9450830289560905
-0.034370002326996316,0.23500781074370927,-0.026562492168581957,0.2317290230521436,-0.26251008543564164,-0.008568514780773903,0.17436924663444173,0.08297743622460699,0.10935356118616706,0.21522477989937897,0.13922695922022751,0.40014304096445247,0.19026941724847465,-0.03633217837118182,-0.14931924244682898,-0.04598753469962172,0.0032266739543121152,-0.13758875006091573,0.15373073512652213,-0.11177325109285462,0.40058125314635035,-0.1067829898368385,0.05427409742688712,-0.22889886387765987,0.07389754126477345,0.027549117764575297,-0.1798520419519066,-0.017038084869541625,0.16891147144720314,0.2612376057551767,0.028978923471143735,0.20284377129060288,-0.19578201786871002,-0.18916587338306776,-0.11171023211870947,0.2061531380189134,0.22898288002390396,0.011251097590703446,0.41246094071434125,-0.14399669092487125,0.030294665078707733,0.0010427978279802796,0.23260476082096135,0.34083780938370994
-4.160160721224241,1.6812258354164755,-1.4242618687428346,-12.839401711830783,-0.31016616704912964,-2.436325650268739,3.899786878484294,-1.3306380122247918,-2.4651933157096635,-8.677843384978653,1.8572070857372054,-3.913024085629262,3.235663899980374,1.781456157824977,7.215206282604649,0.7737333447433216,-2.7913580296707097,-0.5990104894138693,-4.320760937080223,3.6970212057562066,-0.7550406574332477,5.927987782834987,-2.120730631983016,-4.152803428059695,0.027549117764575297,4.404493533734935,-1.9969331919191653,10.357613818760079,-4.270333647211727,-1.3340790063663333,-6.613474209594698,-3.674110852016236,8.345666237291223,2.256411313890717,4.405862813127949,-7.434211998081961,-6.875964935796575,-6.027146970328237,-5.816388990551216,4.645621378947894,-3.1544800406952804,-2.9844115358256795,-0.5767452259571358,1.0492130350433757
1.9182514287572565,-1.2883988179257528,0.6884384529212978,5.093251743779758,0.7590835506074493,1.0920243416248354,-2.1222219780931915,0.38553092209165096,0.829493990963022,3.3033246940456045,-1.1462676170371793,0.7791860013068583,-1.8751761739203117,-0.6919776676094401,-2.8170583607972595,-0.2270197478424241,1.2186285218926995,0.5872988536927037,1.5329871760322815,-1.3575735690997999,-0.6253267849796746,-2.3539376510531005,0.7997249022629959,2.3419621999902476,-0.1798520419519066,-1.9969331919191653,1.2993606458215705,-4.50386559933298,1.4720896525293223,-0.023160121562380943,2.828601712193117,1.1314801681300666,-3.210793811531515,-0.5492658947879414,-1.678190555198192,2.7782244060970704,2.486451278285875,2.6188675154282652,1.5875621829367392,-1.699566016613933,1.3048314525345883,1.32117853774207,-0.2908986377045903,-1.2718721066860466
-9.868161840081395,3.7063929063532988,-3.3553685616298106,-30.704718471845766,-0.4511007710240961,-5.818104818483433,9.007656553089232,-3.24638648020325,-5.909395817666623,-20.873451901162987,4.22995013203666,-9.734059634975328,7.473920186340566,4.2822497213843045,17.317427660088317,1.9269286653358355,-6.6632772682762775,-1.2782910808490124,-10.407030859620253,8.973429072358332,-2.261670549754755,14.218911691748076,-5.085996620056081,-9.590094751143285,-0.017038084869541625,10.357613818760079,-4.50386559933298,24.63845659869232,-10.345501408400944,-3.4402320005752385,-15.73199894675816,-8.965739892304054,20.03248498357769,5.6397023909943025,10.578953767386288,-17.918668473118704,-16.57038158912402,-14.315358058397404,-14.300297988829627,11.278546492106129,-7.507347632206853,-7.052106860760564,-1.595660715698579,2.114104156590833
4.046560199979315,-1.0096729941997011,1.3260400882977088,13.382795302593554,-0.4143730447543386,2.4157580903716376,-3.356158873832678,1.5474959013681124,2.718683953146261,9.231110756738904,-1.4410707383541175,5.004584640827868,-2.664751199935963,-1.8628699929403172,-7.587489830663718,-0.9245155251656297,2.795960362466043,0.21251522912879672,4.71531647445621,-4.0185487153668245,1.899155759859464,-6.183789824132297,2.2598256332795303,3.4931073308733396,0.16891147144720314,-4.270333647211727,1.4720896525293223,-10.345501408400944,4.734771901151403,2.0490138636234403,6.663867370366425,4.230687262132247,-8.832939317007897,-2.7945484451555656,-4.683537124170929,7.981584072451616,7.4645974812713325,6.01823498969312,6.938220814854265,-5.074529706413001,3.229347047769832,2.943127466627675,1.193198666679806,-0.06711070912103169
1.21960019078536,0.3436531956386643,0.34171106583605104,5.07859637657548,-0.8915556179982145,0.7575998409549477,-0.5967395181035984,0.7376461147041872,1.2194981928403945,3.6558027334915866,-0.07167331910609007,2.8211434252210994,-0.30742469383201004,-0.6822657089163966,-2.9177329540101984,-0.437606128892585,0.9204711207550794,-0.3203466225184248,2.0088254737083235,-1.6381937832625133,1.8012298309936743,-2.3115342991412615,0.8988959756918797,0.4897313852855653,0.2612376057551767,-1.3340790063663333,-0.023160121562380943,-3.4402320005752385,2.0490138636234403,1.4462380865095938,2.2835223522829082,1.9904624631539858,-3.4694478800460287,-1.4448068100455358,-1.8621442119042517,3.226322220625763,3.1192834804770504,2.0187536495364533,3.4733995230496526,-2.0816495857692674,1.173343062925568,0.9745119544430239,1.061327594413873,0.9953033088696577
6.289968312444421,-2.298864471118498,2.1234316727592386,19.681896769747823,0.21315712198386014,3.71015783761497,-5.699561077895292,2.0952726038437053,3.81052818593746,13.389546162910786,-2.658221629095842,6.341633737324874,-4.701908800680607,-2.733793917212674,-11.099551515245043,-1.2459413624632867,4.252839474643394,0.7712969785738872,6.696684474394338,-5.758082046899362,1.5751843532031822,-9.10107489451899,3.2682667264157446,6.055289076076879,0.028978923471143735,-6.613474209594698,2.828601712193117,-15.73199894675816,6.663867370366425,2.2835223522829082,10.06391160726041,5.7898175092550925,-12.853766299018032,-3.6499736902317244,-6.792024944462829,11.505725033863444,10.655313695937574,9.147116955374463,9.254446944422464,-7.25072304774468,4.8139447302245975,4.505842268908149,1.0861315550781148,-1.2315263560718608
3.4420738821711923,-0.6629608434789178,1.1317687255615703,11.845747793946478,-0.6102079352251267,2.079111224761031,-2.7620270015135433,1.3658595034208318,2.4218386402216083,8.185482209360066,-1.1345148435730426,4.719844195143829,-2.181746424442551,-1.5970880778683,-6.682148186609889,-0.8596784655794811,2.404562669894644,0.1328150603315056,4.234804488259085,-3.613134054977884,1.9929511971974498,-5.409854305996652,1.9815526348887804,2.8552828645810497,0.20284377129060288,-3.674110852016236,1.1314801681300666,-8.965739892304054,4.230687262132247,1.9904624631539858,5.7898175092550925,3.907753701427394,-7.787353372660976,-2.5781394810915783,-4.163040777829133,7.127411061645867,6.657132362217692,5.247389202220096,6.345124798372855,-4.4957282738710305,2.864651121331975,2.553829403112956,1.2271977876714983,0.20569952754214543
-7.9284491612753705,2.419614804369384,-2.6367540940811796,-25.50828276728626,0.2829334228322827,-4.697815269296385,6.867626215406411,-2.8407134902464284,-5.082982395820157,-17.482812337183947,3.0809772407253178,-8.919196776817238,5.564099646856973,3.5453456772909733,14.429121144488182,1.6792644455354668,-5.414874167570078,-0.682189750521872,-8.841244574092402,7.555600965220416,-2.858951483574622,11.794767770679856,-4.270735187130574,-7.195379530221343,-0.19578201786871002,8.345666237291223,-3.210793811531515,20.03248498357769,-8.832939317007897,-3.4694478800460287,-12.853766299018032,-7.787353372660976,16.764503491603975,5.0435975587638815,8.872763442782839,-15.065853166625777,-14.037563607791979,-11.650569406191037,-12.652678543173538,9.530410730267402,-6.181666469193303,-5.734151884302893,-1.877747765723506,0.8278829101377015
-2.1596552833072193,0.22803738172225035,-0.6864139393863924,-7.563238804007871,0.5701192968846235,-1.318080473101145,1.5732439107191971,-0.9383578801622998,-1.5868059355795405,-5.298207474417061,0.5912908729401005,-3.2435347950483906,1.2063227293879015,1.0587296521982672,4.315270916977738,0.5804890647030801,-1.5287359859077605,0.05250495825434925,-2.7522550159237333,2.3595298772515516,-1.5609659013580486,3.501318389496264,-1.2914314156103956,-1.5882430096630755,-0.18916587338306776,2.256411313890717,-0.5492658947879414,5.6397023909943025,-2.7945484451555656,-1.4448068100455358,-3.6499736902317244,-2.5781394810915783,5.0435975587638815,1.795085206490192,2.692001190820692,-4.6196967557417254,-4.348805138061207,-3.2807164861301032,-4.311278609580412,2.9733426553359568,-1.7905776346263853,-1.5885984254172227,-0.9393281161681245,-0.39572940869927087
-4.182097010305203,1.2459049714485533,-1.389124831473622,-13.528714185594517,0.18565597798584899,-2.4845735583821615,3.609046813049833,-1.4919692649303746,-2.6860519707282386,-9.26195044774354,1.61360193749482,-4.774569997471588,2.9321122386182146,1.8605213018524238,7.633697995661752,0.9024166297976387,-2.854792190500698,-0.36541698110135584,-4.694128560842832,4.020095365169468,-1.5550163650519393,6.234358410124511,-2.2565212613080865,-3.7744065033038674,-0.11171023211870947,4.405862813127949,-1.678190555198192,10.578953767386288,-4.683537124170929,-1.8621442119042517,-6.792024944462829,-4.163040777829133,8.872763442782839,2.692001190820692,4.712306492140464,-7.998749535639222,-7.448555281717338,-6.165889333634635,-6.7275694195312,5.053241096040661,-3.2823532504516053,-3.036892984992274,-1.0148330094986866,0.41363420976909304
7.051200587160959,-2.029954883692708,2.3451126469364842,22.965798045570807,-0.4078861995427786,4.200759531623574,-6.041710067007173,2.54663427442735,4.564975769285706,15.754346636043637,-2.680688663140342,8.214118634754351,-4.902059834360841,-3.1545289808833465,-12.968148118982507,-1.5520453153788898,4.834226029260145,0.589836334873728,7.99503244020427,-6.859079337184671,2.7775444770552644,-10.5772632053343,3.831138352578333,6.335649714519874,0.2061531380189134,-7.434211998081961,2.7782244060970704,-17.918668473118704,7.981584072451616,3.226322220625763,11.505725033863444,7.127411061645867,-15.065853166625777,-4.6196967557417254,-7.998749535639222,13.617064059735121,12.66542083473425,10.442212983553134,11.518439681038371,-8.602331550398498,5.57661791833916,5.120313518633414,1.7852850317118647,-0.5836020531873062
6.511678698652304,-1.7726004529123618,2.1498980679954176,21.331870557851627,-0.49289113851059085,3.873730746743734,-5.511073982570547,2.412645238821838,4.298741520589825,14.65954964172107,-2.414208831865468,7.773403643723974,-4.422203888907774,-2.9474825400897107,-12.063651161891785,-1.4417794254827772,4.472006184664109,0.4493661559296563,7.464749603203719,-6.364665481976487,2.7555658597745625,-9.838929328273474,3.579448385100357,5.7368587739171275,0.22898288002390396,-6.875964935796575,2.486451278285875,-16.57038158912402,7.4645974812713325,3.1192834804770504,10.655313695937574,6.657132362217692,-14.037563607791979,-4.348805138061207,-7.448555281717338,12.66542083473425,11.827428226504047,9.651458131308972,10.85006054158954,-8.015979637831654,5.157888665075624,4.742903429566584,1.77129401298756,-0.3594166385005249
5.728060917206017,-2.1422450342909625,1.943187144533245,17.8910749858136,0.2469553871783047,3.378270661756623,-5.2329253595995935,1.8700779731344492,3.4386079114832393,12.146243200959095,-2.4574535966924955,5.699279061159716,-4.345991385382519,-2.461271329748129,-10.065652385730102,-1.1273087900895755,3.863918521904617,0.75987419926015,6.0680712635766865,-5.230189708694586,1.3334822744938106,-8.251331929438775,2.9535820419368375,5.563634749801321,0.011251097590703446,-6.027146970328237,2.6188675154282652,-14.315358058397404,6.01823498969312,2.0187536495364533,9.147116955374463,5.247389202220096,-11.650569406191037,-3.2807164861301032,-6.165889333634635,10.442212983553134,9.651458131308972,8.336642003467528,8.328081458828986,-6.556678457773809,4.386091625994652,4.11157981173033,0.9369807668781223,-1.2194659688548302
5.479274327039241,-0.8084665893063874,1.7625401118157802,19.024073607045548,-1.2256729776088804,3.3010039842473513,-4.193270721267802,2.3287825575061545,4.018310993998158,13.26024278870972,-1.64290406225803,7.899977985320347,-3.205201442718797,-2.6404328242053947,-10.823961354151525,-1.3870985211567897,3.856802958151835,-0.03143473918503614,6.886024488459087,-5.819467286278541,3.613916409279029,-8.772025228327145,3.2421364946283404,4.254354176968112,0.41246094071434125,-5.816388990551216,1.5875621829367392,-14.300297988829627,6.938220814854265,3.4733995230496526,9.254446944422464,6.345124798372855,-12.652678543173538,-4.311278609580412,-6.7275694195312,11.518439681038371,10.85006054158954,8.328081458828986,10.583264564049014,-7.339287317977411,4.536295437763086,4.0579642536299305,2.2219890859039904,0.7553950698790874
-4.470086421362381,1.2323578998015678,-1.4499532582766097,-14.447570365320885,0.2739556672558148,-2.667043350762244,3.737272782326856,-1.6289347263888987,-2.8723423010026985,-9.950229530736854,1.6473636800522498,-5.220267780065585,3.01965378213717,2.0019604226077177,8.193271950772134,0.9986464277925056,-3.0641484897245244,-0.3127428289842401,-5.038360650637742,4.346423754021346,-1.830511402920665,6.691546635752497,-2.430687138648782,-3.9120573461382455,-0.14399669092487125,4.645621378947894,-1.699566016613933,11.278546492106129,-5.074529706413001,-2.0816495857692674,-7.25072304774468,-4.4957282738710305,9.530410730267402,2.9733426553359568,5.053241096040661,-8.602331550398498,-8.015979637831654,-6.556678457773809,-7.339287317977411,5.506333441039613,-3.4950276111182297,-3.212104534642742,-1.1417199559215077,0.28292970261092165
2.9728606627679683,-1.0232323653593447,0.9989424999411566,9.50007302975498,0.009571340739041485,1.7605282020157027,-2.669982459203038,1.0010952404446207,1.844694600789259,6.46123151372116,-1.2294929288282335,3.177463014230765,-2.1955420043953846,-1.2805642432930135,-5.332490569502987,-0.6197426059000043,2.018371979789983,0.35816513720052473,3.2593370409162143,-2.798813048662653,0.8858245636980825,-4.349489174015923,1.5683776469989206,2.8347650223432015,0.030294665078707733,-3.1544800406952804,1.3048314525345883,-7.507347632206853,3.229347047769832,1.173343062925568,4.8139447302245975,2.864651121331975,-6.181666469193303,-1.7905776346263853,-3.2823532504516053,5.57661791833916,5.157888665075624,4.386091625994652,4.536295437763086,-3.4950276111182297,2.3389632731964753,2.1543819015871892,0.5851571991818445,-0.4838135627886892
2.8431845006830763,-1.0886933074738192,0.9569176327316611,8.801348926663106,0.16624569009701604,1.6661384553038305,-2.608962957066275,0.9083134209767324,1.696336803503822,5.960656133784713,-1.2361826646034277,2.7637972155409947,-2.169792363634504,-1.1983590254329772,-4.944366099606155,-0.5418656410672331,1.9036118574963716,0.3885785588831128,2.974709020110237,-2.5531626484200562,0.5907528874160506,-4.054199733902549,1.4493942052232225,2.751591837855754,0.0010427978279802796,-2.9844115358256795,1.32117853774207,-7.052106860760564,2.943127466627675,0.9745119544430239,4.505842268908149,2.553829403112956,-5.734151884302893,-1.5885984254172227,-3.036892984992274,5.120313518633414,4.742903429566584,4.11157981173033,4.0579642536299305,-3.212104534642742,2.1543819015871892,2.04875132325905,0.43589369735027367,-0.6482530250715018
0.47524844385896775,0.5247372034020346,0.12733228502532104,2.6838462234263813,-0.8387008811081118,0.3178834310040997,-0.013013547719519538,0.4742589523880556,0.7378173435905842,2.000896564247796,0.18486462421060856,1.9128313052468733,0.15548208709912326,-0.3843710424068139,-1.5629519004852164,-0.2621459411968448,0.41607428418238335,-0.3604932335696505,1.1618407054268325,-0.9103978929431042,1.4560008221908638,-1.2213179862319892,0.49686169875791036,-0.11042880329028426,0.23260476082096135,-0.5767452259571358,-0.2908986377045903,-1.595660715698579,1.193198666679806,1.061327594413873,1.0861315550781148,1.2271977876714983,-1.877747765723506,-0.9393281161681245,-1.0148330094986866,1.7852850317118647,1.77129401298756,0.9369807668781223,2.2219890859039904,-1.1417199559215077,0.5851571991818445,0.43589369735027367,0.8655870770837851,0.9871193561951128
-1.0726324547450454,1.4740714856398434,-0.45858799975372105,-1.613807285126719,-1.3273930328213055,-0.5783184331923038,1.6743831540793264,0.12540149148712257,0.020232394231434702,-0.8030056296755101,1.0725426607506505,1.1108978086594468,1.659574263978402,0.23061688588672125,0.8149657279490938,-0.06280646910634413,-0.5799953751585104,-0.8040060622761445,-0.15309239025473478,0.2614382936674873,1.8267822006222172,0.7777547895881298,-0.1762102393295594,-1.9450830289560905,0.34083780938370994,1.0492130350433757,-1.2718721066860466,2.114104156590833,-0.06711070912103169,0.9953033088696577,-1.2315263560718608,0.20569952754214543,0.8278829101377015,-0.39572940869927087,0.41363420976909304,-0.5836020531873062,-0.3594166385005249,-1.2194659688548302,0.7553950698790874,0.28292970261092165,-0.4838135627886892,-0.6482530250715018,0.9871193561951128,1.9496438570444796
