V1,V2,V3,V4,V5,V6,V7,V8,V9,V10,V11,V12,V13,V14,V15,V16,V17,V18,V19,V20,V21,V22,V23,V24,V25,V26,V27,V28,V29,V30,V31,V32,V33,V34,V35,V36,V37,V38,V39,V40,V41,V42,V43,V44
0.9310775153542655,0.2619127866879796,0.6019801394461027,0.3394956977051264,0.08128111043213482,0.0765901498053759,-1.36429799901463,-0.33452914690233126,1.9444008884830897,1.0791791512021869,0.49854115056201176,0.4542659966290838,-1.6086220911660514,-0.2897614716005567,0.29967195407411074,0.3291692963063626,-0.6508923020259184,-0.7195135866408493,-0.34566401675647884,0.33223803090725246,-0.4303210026693639,-1.037652865324675,0.6906220262655032,-0.009930698049328567,-0.3389879593175675,-0.42141979986806277,0.6436237189432593,0.20705622520054834,0.539956162043575,-0.07728287916590078,1.0663546876898016,-1.2106718519060153,-0.9102617737450552,0.898819911414675,-0.46379557028573964,0.22462224884933077,0.33074194373910143,-0.3973088472814674,0.031955325585822786,-0.678480948012465,-0.5193109723779168,0.9762493909117594,-0.3167966297639733,-0.3874438650016256
0.2619127866879796,0.4297018603479829,0.2810797555463798,-0.042463053306369736,-0.14013748930601594,0.09533584166645336,-0.722707507348189,-0.7014269740499113,0.5954305691916928,0.7831223603978129,0.25466358944232087,0.3575781448927318,-1.2320890025060294,-0.1754940834790178,0.6495565816502458,-0.14227252592616937,-0.42668308543910183,-0.012843645908887407,-0.4742576147140984,-0.0405471678745079,-0.35239767636793334,-0.2500089669512682,0.29213679698225853,-0.1375565979688706,-0.294927382963681,0.4487222999273816,0.3178287669379206,0.47619424739035876,0.12970396937580253,-0.46625935707214566,0.3432389498668021,-0.5588266053184089,-0.2319723966080137,0.45467207393295184,-0.1442489145721922,0.4210253777764277,-0.26480236430514575,-0.40182959589555567,-0.2982065618269108,-0.6786785098556166,-0.1505819194420848,0.3733229190690245,-0.1420636519208093,-0.7465083309480358
0.6019801394461027,0.2810797555463798,0.582179966450951,0.04864446141091165,-0.04269636444753176,0.11710691451445698,-0.9064040049534108,-0.3020697313749005,1.2840875494055417,0.6150861745442082,0.5368496768296985,0.25458571225345067,-1.311082094398956,-0.21102169284445396,0.33173395897484603,0.1581898563291762,-0.6040095338173287,-0.4641275391812552,-0.36976521077201147,0.06577962770825649,-0.2376283208471989,-0.7974938321545525,0.42821108700283456,0.15015011655399457,-0.2710621819262493,-0.23065454365336213,0.3748925693540952,0.3178015504154377,0.3510573012222012,-0.18525854399871336,0.7109415242683159,-0.8212701713747167,-0.350622884949885,0.5907531495564675,-0.2909046792427681,0.0679642672971946,0.07802892219470178,-0.3967715572198806,-0.1497811319260142,-0.45684636777590976,-0.46251142654251093,0.5648538974594469,-0.4217269030840792,-0.3758348746017857
0.3394956977051264,-0.042463053306369736,0.04864446141091165,1.2145990503773618,-0.0389615183019281,0.1612978539502553,-0.46748551450985243,-0.05506600171669609,0.24753323651979742,1.0503690977434184,-0.24774873865568778,0.5293634850697929,-0.4211059684457926,-0.22465849375195293,-0.49160760056631486,-0.11331578318574272,0.28099635160650976,0.1186690403219293,0.34497445822083395,-0.24082597110378134,-0.039570766147770164,-0.41032115085793275,0.2692440319190309,0.1371656779095056,-0.05822482961195038,-0.15362357614478794,0.2437945910167994,-0.850852480576423,0.3884632865616655,0.02118595615140577,0.5810150703485653,0.2680943774476069,-0.9071646805086938,-0.1313477473051905,-0.37767315355572034,0.871657445610624,0.5655077681602685,0.47353492874240644,0.5607764544125385,-0.5819086694288401,0.3438487574931689,0.3501226979121765,0.24843415822998838,-0.2216099063753488
0.08128111043213482,-0.14013748930601594,-0.04269636444753176,-0.0389615183019281,0.16293417691356182,-0.013185155990413875,0.13611155409564785,0.11812038171487915,0.05781561932300392,-0.30949756476834944,0.04204216054075858,-0.08994389942625904,0.20408506104613838,0.2769591842379135,-0.1038896236846336,0.10014836468997773,-0.03402973244436922,-0.041152934516972245,0.09418947166258317,0.018688135904696458,0.05151758049470592,0.04566512561291733,-0.0804853820777924,0.03634064592089503,0.04629415354447491,-0.27339208234720397,0.005318353662876977,0.008408744039202274,-0.013309299686777843,0.21707163731566886,0.0024579381884206547,0.05723535457674881,0.10156574490961885,0.010291853934111628,-0.030179874317561174,-0.2085103275615169,0.12373858443466319,0.07950172889276506,0.004667007122831142,0.19260982161588566,-0.025225315008812834,0.04479896087973591,-0.18710502345237398,0.2572868032532815
0.0765901498053759,0.09533584166645336,0.11710691451445698,0.1612978539502553,-0.013185155990413875,0.22381618218148078,0.0898675291913913,-0.3246079753658068,-0.28762085676324,0.021318197701558527,0.17248610014338725,0.12539179677398013,-0.38880073941546817,0.3161632926243757,0.07865189905244614,-0.27163438247471916,-0.13581807987453734,0.34970895237523125,-0.049741695256289194,-0.5456588363586277,0.08150968938042631,-0.009352735166302051,-0.1398488838518582,0.2578618538144907,-0.07616868481593714,0.08963613413653837,-0.004489363942365949,0.03705671821892455,0.03402966199458673,-0.12899487429093048,0.08545329218119868,0.3822580697887774,0.26538709325528576,-0.17684465816362194,-0.13684957709114148,0.2586774049653108,-0.03382627915701072,0.10484455717507146,-0.15427083460182703,-0.2598875120236343,0.13143350861610245,-0.04075443472900377,-0.44499047932526037,-0.25059056607186836
-1.36429799901463,-0.722707507348189,-0.9064040049534108,-0.46748551450985243,0.13611155409564785,0.0898675291913913,2.8774968568979493,0.7654353829045027,-3.5629862436868995,-2.700375600974997,-0.5018845821284236,-0.9338024447637043,2.979041402209559,1.3421928596717405,-0.8896674871559587,-0.5837924896899922,0.9536213235826554,1.4281766334999764,0.8613530289189392,-1.1709175685043731,1.1092341811609727,1.7155711645753462,-1.5374782741984852,0.5474292321927954,0.6620360558358422,0.020111310245618252,-1.225192821271358,-0.4618085413511569,-0.8653565629108353,0.5499653624865434,-1.7260766287853666,2.734920808551505,2.163526556467429,-1.8686129687275406,0.6057277770493898,-0.7168132670310853,-0.23187342584249215,1.0192996728433392,-0.09589951873892906,1.48965637013125,0.9039542985711413,-1.7512277505440625,-0.3764336773249315,1.1780054515372953
-0.33452914690233126,-0.7014269740499113,-0.3020697313749005,-0.05506600171669609,0.11812038171487915,-0.3246079753658068,0.7654353829045027,1.6704391392501028,-0.14644702209653293,-0.990002872519871,-0.42172190679878324,-0.7158399866234016,2.166006842019854,-0.4970168746750113,-1.2717226396133008,0.6241820774109883,0.7200714883412483,-0.7699311602240968,0.7382542006605388,0.7122737148573295,0.5776664637493327,-0.15161973447021018,-0.10740528872940576,0.1329567971613698,0.5609936958341144,-1.0023371022183314,-0.5073011292856155,-0.938203453222118,-0.06062922635186567,0.8931051987060752,-0.36781229835023044,0.12565954894517456,-0.19194121893665006,-0.4458864495708058,0.2715566364074171,-0.9875458406780984,0.5625761867485399,0.42991752796900923,0.7652467441607133,1.243328403674583,-0.12638626828051064,-0.48647935432853606,0.7626064208708512,1.4363959825643742
1.9444008884830897,0.5954305691916928,1.2840875494055417,0.24753323651979742,0.05781561932300392,-0.28762085676324,-3.5629862436868995,-0.14644702209653293,5.3539115932831285,2.6783215356206944,0.8768913931616449,0.7748372756099453,-3.107718306291506,-1.6729723347153629,0.6904818589583236,1.3401313200281306,-1.372064722063279,-2.6291184492235398,-0.9094715202344866,2.018814389575697,-1.1556305401576863,-2.5998939118348554,2.0057839610458976,-0.5578851864207046,-0.6338491310161907,-1.0159172558919556,1.4811775685778683,0.5694073187435889,1.1689076792683184,-0.027636503044775617,2.3049185438374917,-3.9553389494676736,-2.7524501878213696,2.6110996501476182,-0.7784916445751549,-0.04184012281847183,0.6621906865684317,-1.3495026744604066,0.30501871928745955,-1.1329523093970402,-1.6189116337278144,2.3321199077714088,0.3560516516227299,-0.5831580222279232
1.0791791512021869,0.7831223603978129,0.6150861745442082,1.0503690977434184,-0.30949756476834944,0.021318197701558527,-2.700375600974997,-0.990002872519871,2.6783215356206944,3.2851546220654213,0.03505504538025114,1.1986658386675948,-2.8159000847564277,-1.5315045804369416,0.7205872405796324,0.16559742291569032,-0.46583277534029854,-0.8760337376307841,-0.6819388548995969,0.8060340112320243,-1.0750022899069167,-1.4068143476975954,1.4547635547916293,-0.61514205000527,-0.628542148628719,0.5601252280411894,1.1274246722880665,-0.05008305745481954,0.8302477035668843,-0.7954424196231855,1.559971601089589,-2.09487703890705,-2.4278792141962535,1.4033445833669813,-0.6090264904855347,1.5017337330872882,0.20900039653336552,-0.6529960996021826,0.3345498518163189,-1.925642982245316,-0.3550387953591383,1.5158662051970562,0.8437285329321408,-1.564828880627863
0.49854115056201176,0.25466358944232087,0.5368496768296985,-0.24774873865568778,0.04204216054075858,0.17248610014338725,-0.5018845821284236,-0.42172190679878324,0.8768913931616449,0.03505504538025114,0.6887164826596303,0.1228704073953593,-1.1722837345824375,0.2881528081903013,0.469910963232538,0.047469720748598114,-0.7326519718586881,-0.1978525283989059,-0.40209323643834316,-0.21548937667731835,-0.12127999002271894,-0.5011542001787829,0.1441449436358811,0.24849810265346164,-0.2541436427543762,-0.23102937161137557,0.256963905262178,0.6100098302179284,0.1936298668151074,-0.13711189520365027,0.4814525579771458,-0.4872137417039973,0.23710403043178122,0.45389408154206856,-0.2346617049829812,-0.15205931338075476,-0.06807151681217073,-0.3903046633696103,-0.4103524073488162,-0.26339958531383045,-0.4276945287971512,0.39138836952669087,-0.8453841691705157,-0.2713100687160781
0.4542659966290838,0.3575781448927318,0.25458571225345067,0.5293634850697929,-0.08994389942625904,0.12539179677398013,-0.9338024447637043,-0.7158399866234016,0.7748372756099453,1.1986658386675948,0.1228704073953593,0.6144181736688843,-1.378506657944764,-0.16133437809467552,0.42393756938163246,-0.13708969257032372,-0.297828917804033,0.04370894803622949,-0.2707163970286657,-0.0790514850861265,-0.4107908013279476,-0.36724760363114317,0.4114210604922123,-0.14095718225490592,-0.32454678833502176,0.30068847549139455,0.47482488682475915,0.10871709683369768,0.30511783189114955,-0.38305531456583036,0.6167000228918327,-0.4421270779652984,-0.6625928734785045,0.4470610562423229,-0.32110779671734246,0.7738149995832295,0.0495465627193328,-0.16663533821643167,-0.023742816396490864,-0.8801279144708388,0.01195478398948379,0.6049217539684589,-0.04930547524054939,-0.755155304585716
-1.6086220911660514,-1.2320890025060294,-1.311082094398956,-0.4211059684457926,0.20408506104613838,-0.38880073941546817,2.979041402209559,2.166006842019854,-3.107718306291506,-2.8159000847564277,-1.1722837345824375,-1.378506657944764,4.750438137622577,0.3748713414321336,-1.8538162462117516,0.13742880022313234,1.6829902495142057,0.4049839219478893,1.4020677495120624,0.07888411623627842,1.2985106803843856,1.5096235701843845,-1.266026703682591,0.19028404067952326,1.114735202922486,-0.6202786935895199,-1.4364353757053214,-1.3104842028775159,-0.8675739918235844,1.2649690598004961,-1.92824865719944,2.1685343512975432,1.220333889093847,-1.8446005919299882,0.8486107595530311,-1.3477820583385387,0.2576645423689884,1.2292738594486423,0.7560003234341066,2.318048127280728,0.765622644318787,-1.8620726299046608,0.9944947834429574,2.2219329751344263
-0.2897614716005567,-0.1754940834790178,-0.21102169284445396,-0.22465849375195293,0.2769591842379135,0.3161632926243757,1.3421928596717405,-0.4970168746750113,-1.6729723347153629,-1.5315045804369416,0.2881528081903013,-0.16133437809467552,0.3748713414321336,1.7664746974825742,0.1396947935054491,-0.5685635741563588,-0.17776703385732748,1.2692890227759845,0.17700123660268494,-1.2989585418003988,0.41788309960926606,1.000268409472542,-0.975284640568726,0.4892468775362519,0.0474000784728545,-0.016628598716287083,-0.32902104907647417,0.4311820882007017,-0.400980469631875,0.1489389963528222,-0.5881327412432418,1.6617702157892782,1.68731004201918,-0.7356006169640781,0.009813459538176389,-0.1697110781115566,-0.20478121701025068,0.4460341665075924,-0.6056369264819188,0.3941794107934692,0.48762445590138,-0.5310417243368604,-1.368016264064987,0.209453756566322
0.29967195407411074,0.6495565816502458,0.33173395897484603,-0.49160760056631486,-0.1038896236846336,0.07865189905244614,-0.8896674871559587,-1.2717226396133008,0.6904818589583236,0.7205872405796324,0.469910963232538,0.42393756938163246,-1.8538162462117516,0.1396947935054491,1.3299667496660261,-0.23625163726578827,-0.7927592898076682,0.18552605402875624,-0.851773432516719,-0.053335958085984986,-0.6458235249005944,0.020278152760030782,0.2686178941504103,-0.3439113238024094,-0.496747616161842,0.8121707409521766,0.48354031684634013,1.1779282982915211,0.006254268515125384,-0.7610391029131253,0.27690123082602197,-0.8036487957019373,0.12219411183302811,0.7724033690603997,-0.08108388269793158,0.3888014776384309,-0.6454704741182619,-0.7635918450400608,-0.7764862160360101,-0.8427787342439869,-0.26423400935035507,0.5162517076451777,-0.4857544056314512,-1.1147236095859654
0.3291692963063626,-0.14227252592616937,0.1581898563291762,-0.11331578318574272,0.10014836468997773,-0.27163438247471916,-0.5837924896899922,0.6241820774109883,1.3401313200281306,0.16559742291569032,0.047469720748598114,-0.13708969257032372,0.13742880022313234,-0.5685635741563588,-0.23625163726578827,0.6487727868979649,-0.09075675564602892,-1.0022508390282487,0.02823750062074463,0.9279662478506319,-0.12147515656235676,-0.6114661187752536,0.456580989885924,-0.19241291588090198,0.05958958808781973,-0.6436663487381267,0.1896269375803087,-0.09216117264799738,0.21463433150414868,0.36563294187608136,0.36473074407433625,-1.0481495079312186,-0.7135617301614816,0.57085062508584,-0.029774983080122355,-0.5272095477731625,0.3330695371960301,-0.24568474604740076,0.31970789729385884,0.3073580689856426,-0.5060438931578319,0.41509145455783975,0.4109862364291102,0.4764256126257734
-0.6508923020259184,-0.42668308543910183,-0.6040095338173287,0.28099635160650976,-0.03402973244436922,-0.13581807987453734,0.9536213235826554,0.7200714883412483,-1.372064722063279,-0.46583277534029854,-0.7326519718586881,-0.297828917804033,1.6829902495142057,-0.17776703385732748,-0.7927592898076682,-0.09075675564602892,0.9390013233507428,0.3348882044173331,0.6194861426846614,0.012552474152998634,0.3588372690018518,0.6021332219872345,-0.3483515698953932,-0.05262002474577353,0.3766964705986071,0.0782034569607952,-0.47948336041275075,-0.859984002552586,-0.24355190598553908,0.2692762033870317,-0.6588176476415418,0.9418718140296599,0.04219644374775132,-0.8207864811042813,0.3069870385141728,0.005203776294861903,0.15319704689112434,0.6051191400650578,0.5131582307897853,0.5357027792796821,0.5223650213050937,-0.6813559301655339,0.7711341007042194,0.566614178528378
-0.7195135866408493,-0.012843645908887407,-0.4641275391812552,0.1186690403219293,-0.041152934516972245,0.34970895237523125,1.4281766334999764,-0.7699311602240968,-2.6291184492235398,-0.8760337376307841,-0.1978525283989059,0.04370894803622949,0.4049839219478893,1.2692890227759845,0.18552605402875624,-1.0022508390282487,0.3348882044173331,1.8206874665119428,0.1980137033006363,-1.512381694740145,0.3096887297253556,1.3669877010009726,-0.9869241826500498,0.31106486272811673,0.017762396810344607,0.8659022543480773,-0.4504416128752633,0.07029151054982592,-0.4943672350242419,-0.37728912977529283,-0.8716578260092126,2.1165361317839566,1.494525612585342,-1.149375722768566,0.1788487371444593,0.5867156911795934,-0.47439613862209845,0.5896780953176438,-0.4811365780694158,-0.051079591416568176,0.9387637404450859,-0.8677924387090438,-0.7214434292857652,-0.3679713078674197
-0.34566401675647884,-0.4742576147140984,-0.36976521077201147,0.34497445822083395,0.09418947166258317,-0.049741695256289194,0.8613530289189392,0.7382542006605388,-0.9094715202344866,-0.6819388548995969,-0.40209323643834316,-0.2707163970286657,1.4020677495120624,0.17700123660268494,-0.851773432516719,0.02823750062074463,0.6194861426846614,0.1980137033006363,0.6448100859699085,-0.13563064472881148,0.4521892267578525,0.31795553273211263,-0.35667989426650465,0.20139157287973775,0.34409211919789917,-0.412984404214686,-0.3818922969517158,-0.7605167268673478,-0.1144639955619896,0.4902944422084568,-0.37514387872901755,0.9017263005759472,0.16022905851851352,-0.6827149451168154,0.10921132716531663,-0.19397466289669554,0.3682272067992129,0.6220649304030382,0.4567514675668134,0.6268467384015005,0.358459505622963,-0.46695278003918417,0.2559463723399823,0.7527007468728546
0.33223803090725246,-0.0405471678745079,0.06577962770825649,-0.24082597110378134,0.018688135904696458,-0.5456588363586277,-1.1709175685043731,0.7122737148573295,2.018814389575697,0.8060340112320243,-0.21548937667731835,-0.0790514850861265,0.07888411623627842,-1.2989585418003988,-0.053335958085984986,0.9279662478506319,0.012552474152998634,-1.512381694740145,-0.13563064472881148,1.7483312506925333,-0.4721507698341317,-0.7327167465303133,0.8791109546384908,-0.7159115101312102,0.021497203717183055,-0.4027344530043468,0.38069369559440286,-0.04317199546145356,0.25191170085230646,0.24923004796248655,0.4315713654774688,-1.9243860208607997,-1.441772048906715,1.0387187344997157,0.09124589277473216,-0.4987573453569542,0.25275678373699345,-0.5635539804595625,0.4824716354337537,0.1831988558272467,-0.6935395559686374,0.6739014753060321,1.2016891965548595,0.33989409210401145
-0.4303210026693639,-0.35239767636793334,-0.2376283208471989,-0.039570766147770164,0.05151758049470592,0.08150968938042631,1.1092341811609727,0.5776664637493327,-1.1556305401576863,-1.0750022899069167,-0.12127999002271894,-0.4107908013279476,1.2985106803843856,0.41788309960926606,-0.6458235249005944,-0.12147515656235676,0.3588372690018518,0.3096887297253556,0.4521892267578525,-0.4721507698341317,0.6230296651705243,0.3454642641337251,-0.5586016539198471,0.4201647804479918,0.3434105200317326,-0.3375081991840294,-0.5292848801829027,-0.40758405229259015,-0.2286016261369764,0.42193576384763426,-0.5229444349606717,1.0384206556719722,0.7106044090112604,-0.7719027741855742,0.1298842585437621,-0.3862677995291184,0.12407127955837104,0.4995344207926088,0.13191756791114387,0.6731584005371795,0.27572745967487816,-0.6714677616526223,-0.16576174684048361,0.667592461712766
-1.037652865324675,-0.2500089669512682,-0.7974938321545525,-0.41032115085793275,0.04566512561291733,-0.009352735166302051,1.7155711645753462,-0.15161973447021018,-2.5998939118348554,-1.4068143476975954,-0.5011542001787829,-0.36724760363114317,1.5096235701843845,1.000268409472542,0.020278152760030782,-0.6114661187752536,0.6021332219872345,1.3669877010009726,0.31795553273211263,-0.7327167465303133,0.3454642641337251,1.6442840303671027,-0.9994223212705089,-0.06802413268301631,0.25309206735199496,0.7188063411354648,-0.6273231597080535,0.10287947707876262,-0.7242376779148498,-0.04220338548348733,-1.3075142023819843,1.7552622457192608,1.4399639879286752,-1.048491209677851,0.500203886685457,-0.06807451250494573,-0.5222856168595384,0.48526864679003046,-0.3353391167368236,0.6197206465178011,0.7889810371128554,-1.049128540637551,-0.09958311901929946,0.23134139250264252
0.6906220262655032,0.29213679698225853,0.42821108700283456,0.2692440319190309,-0.0804853820777924,-0.1398488838518582,-1.5374782741984852,-0.10740528872940576,2.0057839610458976,1.4547635547916293,0.1441449436358811,0.4114210604922123,-1.266026703682591,-0.975284640568726,0.2686178941504103,0.456580989885924,-0.3483515698953932,-0.9869241826500498,-0.35667989426650465,0.8791109546384908,-0.5586016539198471,-0.9994223212705089,0.9024578255043176,-0.35891441595101264,-0.2724055452984715,-0.125989336856667,0.6069107005612268,0.049631695471265065,0.48650417510327054,-0.1815919307514207,0.9034695163248909,-1.592115211565289,-1.3660003383038353,0.9876170911086039,-0.26703364020467024,0.26902851258674193,0.22596850843017977,-0.5184670769754274,0.24320398348774555,-0.6528221005439515,-0.5330941793803191,0.9055865452996908,0.49024009331826396,-0.4284558582784586
-0.009930698049328567,-0.1375565979688706,0.15015011655399457,0.1371656779095056,0.03634064592089503,0.2578618538144907,0.5474292321927954,0.1329567971613698,-0.5578851864207046,-0.61514205000527,0.24849810265346164,-0.14095718225490592,0.19028404067952326,0.4892468775362519,-0.3439113238024094,-0.19241291588090198,-0.05262002474577353,0.31106486272811673,0.20139157287973775,-0.7159115101312102,0.4201647804479918,-0.06802413268301631,-0.35891441595101264,0.6007901866937436,0.09432982599435845,-0.36261758635280955,-0.2415241894262447,-0.19622757948172032,0.002480456407259683,0.16920668405478154,-0.030498532166590098,0.762296709389274,0.6106294914306437,-0.48021011176722983,-0.11270181782353922,-0.12085748392977437,0.140493990575383,0.32149426253062946,-0.0603720862925629,0.20499521453852765,0.11018446215759427,-0.30141870460584824,-0.6546919016555334,0.22416159792249316
-0.3389879593175675,-0.294927382963681,-0.2710621819262493,-0.05822482961195038,0.04629415354447491,-0.07616868481593714,0.6620360558358422,0.5609936958341144,-0.6338491310161907,-0.628542148628719,-0.2541436427543762,-0.32454678833502176,1.114735202922486,0.0474000784728545,-0.496747616161842,0.05958958808781973,0.3766964705986071,0.017762396810344607,0.34409211919789917,0.021497203717183055,0.3434105200317326,0.25309206735199496,-0.2724055452984715,0.09432982599435845,0.27847725526072886,-0.22759281601190906,-0.33638290362709755,-0.35774968078184965,-0.17054018559889556,0.34375312510623485,-0.39783541991430144,0.47056633548762133,0.2262091981915632,-0.421192506295882,0.16095064999765932,-0.32880157607416466,0.11240842818309693,0.30514993183604944,0.215630262745734,0.542985885797315,0.156111935352772,-0.4155289871336164,0.23417166851724613,0.5496823224366831
-0.42141979986806277,0.4487222999273816,-0.23065454365336213,-0.15362357614478794,-0.27339208234720397,0.08963613413653837,0.020111310245618252,-1.0023371022183314,-1.0159172558919556,0.5601252280411894,-0.23102937161137557,0.30068847549139455,-0.6202786935895199,-0.016628598716287083,0.8121707409521766,-0.6436663487381267,0.0782034569607952,0.8659022543480773,-0.412984404214686,-0.4027344530043468,-0.3375081991840294,0.7188063411354648,-0.125989336856667,-0.36261758635280955,-0.22759281601190906,1.3461066181456418,0.011705447432475985,0.44826120312763573,-0.26686441016049955,-0.8228573019908846,-0.40808301148958426,0.3282788570126458,0.2853906092280865,-0.1451162546701417,0.19464983072562936,0.7934055154535694,-0.7220513998520014,-0.19845161740477613,-0.44665882684730235,-0.7024427946075887,0.4088581342710493,-0.2365460795592296,0.18484243323219524,-1.0304719998608383
0.6436237189432593,0.3178287669379206,0.3748925693540952,0.2437945910167994,0.005318353662876977,-0.004489363942365949,-1.225192821271358,-0.5073011292856155,1.4811775685778683,1.1274246722880665,0.256963905262178,0.47482488682475915,-1.4364353757053214,-0.32902104907647417,0.48354031684634013,0.1896269375803087,-0.47948336041275075,-0.4504416128752633,-0.3818922969517158,0.38069369559440286,-0.5292848801829027,-0.6273231597080535,0.6069107005612268,-0.2415241894262447,-0.33638290362709755,0.011705447432475985,0.5909654995383515,0.2929807984332863,0.3634874569249101,-0.25417728401193035,0.7664802354989032,-1.0645174423525707,-0.8327971007698161,0.8206023436920244,-0.3042297830903066,0.3802015659670355,0.0960809858735093,-0.4119735021190352,-0.04273180998813146,-0.7031334388019093,-0.33009445388227243,0.8215941602882665,-0.026081049462746538,-0.5662285623860968
0.20705622520054834,0.47619424739035876,0.3178015504154377,-0.850852480576423,0.008408744039202274,0.03705671821892455,-0.4618085413511569,-0.938203453222118,0.5694073187435889,-0.05008305745481954,0.6100098302179284,0.10871709683369768,-1.3104842028775159,0.4311820882007017,1.1779282982915211,-0.09216117264799738,-0.859984002552586,0.07029151054982592,-0.7605167268673478,-0.04317199546145356,-0.40758405229259015,0.10287947707876262,0.049631695471265065,-0.19622757948172032,-0.35774968078184965,0.44826120312763573,0.2929807984332863,1.3015475546393982,-0.1161105608033994,-0.460948218719062,0.06847099406998437,-0.6732763180660157,0.5751238665970513,0.6744548680108701,0.006848303706574193,-0.1681819626443327,-0.6248386251751576,-0.7420298360220825,-0.8561257146714494,-0.32859368074998324,-0.39317411256759904,0.32348870498428545,-0.7375712370582591,-0.6411639939012362
0.539956162043575,0.12970396937580253,0.3510573012222012,0.3884632865616655,-0.013309299686777843,0.03402966199458673,-0.8653565629108353,-0.06062922635186567,1.1689076792683184,0.8302477035668843,0.1936298668151074,0.30511783189114955,-0.8675739918235844,-0.400980469631875,0.006254268515125384,0.21463433150414868,-0.24355190598553908,-0.4943672350242419,-0.1144639955619896,0.25191170085230646,-0.2286016261369764,-0.7242376779148498,0.48650417510327054,0.002480456407259683,-0.17054018559889556,-0.26686441016049955,0.3634874569249101,-0.1161105608033994,0.3855657136732835,-0.04090753111144426,0.6855031769868287,-0.712180730222928,-0.7571709037825813,0.46617286292303167,-0.28385571511152924,0.23830478566315177,0.2936858393826872,-0.1615738715650109,0.19455860247353765,-0.4384503689979439,-0.2724855630893424,0.564359412958471,0.024824432519483117,-0.20845404130297976
-0.07728287916590078,-0.46625935707214566,-0.18525854399871336,0.02118595615140577,0.21707163731566886,-0.12899487429093048,0.5499653624865434,0.8931051987060752,-0.027636503044775617,-0.7954424196231855,-0.13711189520365027,-0.38305531456583036,1.2649690598004961,0.1489389963528222,-0.7610391029131253,0.36563294187608136,0.2692762033870317,-0.37728912977529283,0.4902944422084568,0.24923004796248655,0.42193576384763426,-0.04220338548348733,-0.1815919307514207,0.16920668405478154,0.34375312510623485,-0.8228573019908846,-0.25417728401193035,-0.460948218719062,-0.04090753111144426,0.7302507036064763,-0.15958609479557945,0.22898065035136117,0.026758125806193585,-0.2352974705250865,0.029661317958090728,-0.6415565958213729,0.44528634482547086,0.3622395716228337,0.386590341410063,0.7853356102115574,-0.026988320072520004,-0.18341473915433126,0.12098709117745973,0.9694796906550096
1.0663546876898016,0.3432389498668021,0.7109415242683159,0.5810150703485653,0.0024579381884206547,0.08545329218119868,-1.7260766287853666,-0.36781229835023044,2.3049185438374917,1.559971601089589,0.4814525579771458,0.6167000228918327,-1.92824865719944,-0.5881327412432418,0.27690123082602197,0.36473074407433625,-0.6588176476415418,-0.8716578260092126,-0.37514387872901755,0.4315713654774688,-0.5229444349606717,-1.3075142023819843,0.9034695163248909,-0.030498532166590098,-0.39783541991430144,-0.40808301148958426,0.7664802354989032,0.06847099406998437,0.6855031769868287,-0.15958609479557945,1.306423646902781,-1.4502102573691733,-1.2995879543505786,1.031827847339048,-0.5582023719766647,0.44639836524239734,0.42267350883379107,-0.43026900404123547,0.16170589674480942,-0.9124244206540053,-0.5575617862346237,1.1526471883792733,-0.13999021029772143,-0.5575275773915493
-1.2106718519060153,-0.5588266053184089,-0.8212701713747167,0.2680943774476069,0.05723535457674881,0.3822580697887774,2.734920808551505,0.12565954894517456,-3.9553389494676736,-2.09487703890705,-0.4872137417039973,-0.4421270779652984,2.1685343512975432,1.6617702157892782,-0.8036487957019373,-1.0481495079312186,0.9418718140296599,2.1165361317839566,0.9017263005759472,-1.9243860208607997,1.0384206556719722,1.7552622457192608,-1.592115211565289,0.762296709389274,0.47056633548762133,0.3282788570126458,-1.0645174423525707,-0.6732763180660157,-0.712180730222928,0.22898065035136117,-1.4502102573691733,3.369149348571595,2.1185054752533277,-2.1057713448592885,0.33786615358498495,0.1406721198325788,-0.15408574501742717,1.302007175857378,-0.11636213168724069,0.8326108172832891,1.306584160006115,-1.6295637177402653,-0.7248543027454767,0.5924900875424345
-0.9102617737450552,-0.2319723966080137,-0.350622884949885,-0.9071646805086938,0.10156574490961885,0.26538709325528576,2.163526556467429,-0.19194121893665006,-2.7524501878213696,-2.4278792141962535,0.23710403043178122,-0.6625928734785045,1.220333889093847,1.68731004201918,0.12219411183302811,-0.7135617301614816,0.04219644374775132,1.494525612585342,0.16022905851851352,-1.441772048906715,0.7106044090112604,1.4399639879286752,-1.3660003383038353,0.6106294914306437,0.2262091981915632,0.2853906092280865,-0.8327971007698161,0.5751238665970513,-0.7571709037825813,0.026758125806193585,-1.2995879543505786,2.1185054752533277,2.5428280302685518,-1.2292584830110336,0.4293587654095163,-0.6453831383807271,-0.6435829469051785,0.37857333898808776,-0.8306217240949476,0.9332813951948987,0.4939686405679304,-1.28431395270334,-1.301156300689059,0.4145691472551945
0.898819911414675,0.45467207393295184,0.5907531495564675,-0.1313477473051905,0.010291853934111628,-0.17684465816362194,-1.8686129687275406,-0.4458864495708058,2.6110996501476182,1.4033445833669813,0.45389408154206856,0.4470610562423229,-1.8446005919299882,-0.7356006169640781,0.7724033690603997,0.57085062508584,-0.8207864811042813,-1.149375722768566,-0.6827149451168154,1.0387187344997157,-0.7719027741855742,-1.048491209677851,0.9876170911086039,-0.48021011176722983,-0.421192506295882,-0.1451162546701417,0.8206023436920244,0.6744548680108701,0.46617286292303167,-0.2352974705250865,1.031827847339048,-2.1057713448592885,-1.2292584830110336,1.4705460184113703,-0.31575448206518597,0.051155060704510154,0.04689837023868412,-0.8766051381417677,-0.11297885415978419,-0.7070701788347821,-0.8007501551963826,1.205965864039459,0.14533696532484186,-0.5846185722927547
-0.46379557028573964,-0.1442489145721922,-0.2909046792427681,-0.37767315355572034,-0.030179874317561174,-0.13684957709114148,0.6057277770493898,0.2715566364074171,-0.7784916445751549,-0.6090264904855347,-0.2346617049829812,-0.32110779671734246,0.8486107595530311,0.009813459538176389,-0.08108388269793158,-0.029774983080122355,0.3069870385141728,0.1788487371444593,0.10921132716531663,0.09124589277473216,0.1298842585437621,0.500203886685457,-0.26703364020467024,-0.11270181782353922,0.16095064999765932,0.19464983072562936,-0.3042297830903066,0.006848303706574193,-0.28385571511152924,0.029661317958090728,-0.5582023719766647,0.33786615358498495,0.4293587654095163,-0.31575448206518597,0.3221524518943713,-0.3060348334748917,-0.21763048590703782,0.04720173823020334,-0.0366944224520307,0.4527080498012846,0.1083850820383517,-0.4593120895976964,0.25232054973685597,0.27277511013503225
0.22462224884933077,0.4210253777764277,0.0679642672971946,0.871657445610624,-0.2085103275615169,0.2586774049653108,-0.7168132670310853,-0.9875458406780984,-0.04184012281847183,1.5017337330872882,-0.15205931338075476,0.7738149995832295,-1.3477820583385387,-0.1697110781115566,0.3888014776384309,-0.5272095477731625,0.005203776294861903,0.5867156911795934,-0.19397466289669554,-0.4987573453569542,-0.3862677995291184,-0.06807451250494573,0.26902851258674193,-0.12085748392977437,-0.32880157607416466,0.7934055154535694,0.3802015659670355,-0.1681819626443327,0.23830478566315177,-0.6415565958213729,0.44639836524239734,0.1406721198325788,-0.6453831383807271,0.051155060704510154,-0.3060348334748917,1.3392211866261585,-0.056701534167989134,0.08538836777351358,0.02190106088943989,-1.2121498541574847,0.42591378632721755,0.3682930773894633,0.11201713637314242,-1.1152052999450206
0.33074194373910143,-0.26480236430514575,0.07802892219470178,0.5655077681602685,0.12373858443466319,-0.03382627915701072,-0.23187342584249215,0.5625761867485399,0.6621906865684317,0.20900039653336552,-0.06807151681217073,0.0495465627193328,0.2576645423689884,-0.20478121701025068,-0.6454704741182619,0.3330695371960301,0.15319704689112434,-0.47439613862209845,0.3682272067992129,0.25275678373699345,0.12407127955837104,-0.5222856168595384,0.22596850843017977,0.140493990575383,0.11240842818309693,-0.7220513998520014,0.0960809858735093,-0.6248386251751576,0.2936858393826872,0.44528634482547086,0.42267350883379107,-0.15408574501742717,-0.6435829469051785,0.04689837023868412,-0.21763048590703782,-0.056701534167989134,0.6115121682113231,0.280495173957134,0.5281169108373871,0.13312389925704773,-0.07505664522023475,0.2723355658618558,0.17766869956405565,0.47500060253117365
-0.3973088472814674,-0.40182959589555567,-0.3967715572198806,0.47353492874240644,0.07950172889276506,0.10484455717507146,1.0192996728433392,0.42991752796900923,-1.3495026744604066,-0.6529960996021826,-0.3903046633696103,-0.16663533821643167,1.2292738594486423,0.4460341665075924,-0.7635918450400608,-0.24568474604740076,0.6051191400650578,0.5896780953176438,0.6220649304030382,-0.5635539804595625,0.4995344207926088,0.48526864679003046,-0.5184670769754274,0.32149426253062946,0.30514993183604944,-0.19845161740477613,-0.4119735021190352,-0.7420298360220825,-0.1615738715650109,0.3622395716228337,-0.43026900404123547,1.302007175857378,0.37857333898808776,-0.8766051381417677,0.04720173823020334,0.08538836777351358,0.280495173957134,0.7491432541751488,0.33029042902971173,0.41521547831850303,0.5716964727148041,-0.5624410717377966,0.025722419396665582,0.5097132546033061
0.031955325585822786,-0.2982065618269108,-0.1497811319260142,0.5607764544125385,0.004667007122831142,-0.15427083460182703,-0.09589951873892906,0.7652467441607133,0.30501871928745955,0.3345498518163189,-0.4103524073488162,-0.023742816396490864,0.7560003234341066,-0.6056369264819188,-0.7764862160360101,0.31970789729385884,0.5131582307897853,-0.4811365780694158,0.4567514675668134,0.4824716354337537,0.13191756791114387,-0.3353391167368236,0.24320398348774555,-0.0603720862925629,0.215630262745734,-0.44665882684730235,-0.04273180998813146,-0.8561257146714494,0.19455860247353765,0.386590341410063,0.16170589674480942,-0.11636213168724069,-0.8306217240949476,-0.11297885415978419,-0.0366944224520307,0.02190106088943989,0.5281169108373871,0.33029042902971173,0.7104812022611589,0.1998183052676553,0.055338651765981864,0.05180947904348859,0.7597819034572718,0.4978420096036733
-0.678480948012465,-0.6786785098556166,-0.45684636777590976,-0.5819086694288401,0.19260982161588566,-0.2598875120236343,1.48965637013125,1.243328403674583,-1.1329523093970402,-1.925642982245316,-0.26339958531383045,-0.8801279144708388,2.318048127280728,0.3941794107934692,-0.8427787342439869,0.3073580689856426,0.5357027792796821,-0.051079591416568176,0.6268467384015005,0.1831988558272467,0.6731584005371795,0.6197206465178011,-0.6528221005439515,0.20499521453852765,0.542985885797315,-0.7024427946075887,-0.7031334388019093,-0.32859368074998324,-0.4384503689979439,0.7853356102115574,-0.9124244206540053,0.8326108172832891,0.9332813951948987,-0.7070701788347821,0.4527080498012846,-1.2121498541574847,0.13312389925704773,0.41521547831850303,0.1998183052676553,1.53107757212783,0.05542844441734024,-0.8539937722681844,0.12198631468155885,1.401038489358745
-0.5193109723779168,-0.1505819194420848,-0.46251142654251093,0.3438487574931689,-0.025225315008812834,0.13143350861610245,0.9039542985711413,-0.12638626828051064,-1.6189116337278144,-0.3550387953591383,-0.4276945287971512,0.01195478398948379,0.765622644318787,0.48762445590138,-0.26423400935035507,-0.5060438931578319,0.5223650213050937,0.9387637404450859,0.358459505622963,-0.6935395559686374,0.27572745967487816,0.7889810371128554,-0.5330941793803191,0.11018446215759427,0.156111935352772,0.4088581342710493,-0.33009445388227243,-0.39317411256759904,-0.2724855630893424,-0.026988320072520004,-0.5575617862346237,1.306584160006115,0.4939686405679304,-0.8007501551963826,0.1083850820383517,0.42591378632721755,-0.07505664522023475,0.5716964727148041,0.055338651765981864,0.05542844441734024,0.6989766891192292,-0.5621188160649812,0.04347895428873807,-0.012513516394537084
0.9762493909117594,0.3733229190690245,0.5648538974594469,0.3501226979121765,0.04479896087973591,-0.04075443472900377,-1.7512277505440625,-0.48647935432853606,2.3321199077714088,1.5158662051970562,0.39138836952669087,0.6049217539684589,-1.8620726299046608,-0.5310417243368604,0.5162517076451777,0.41509145455783975,-0.6813559301655339,-0.8677924387090438,-0.46695278003918417,0.6739014753060321,-0.6714677616526223,-1.049128540637551,0.9055865452996908,-0.30141870460584824,-0.4155289871336164,-0.2365460795592296,0.8215941602882665,0.32348870498428545,0.564359412958471,-0.18341473915433126,1.1526471883792733,-1.6295637177402653,-1.28431395270334,1.205965864039459,-0.4593120895976964,0.3682930773894633,0.2723355658618558,-0.5624410717377966,0.05180947904348859,-0.8539937722681844,-0.5621188160649812,1.2038835725414332,0.002819741279324034,-0.5852732411232832
-0.3167966297639733,-0.1420636519208093,-0.4217269030840792,0.24843415822998838,-0.18710502345237398,-0.44499047932526037,-0.3764336773249315,0.7626064208708512,0.3560516516227299,0.8437285329321408,-0.8453841691705157,-0.04930547524054939,0.9944947834429574,-1.368016264064987,-0.4857544056314512,0.4109862364291102,0.7711341007042194,-0.7214434292857652,0.2559463723399823,1.2016891965548595,-0.16576174684048361,-0.09958311901929946,0.49024009331826396,-0.6546919016555334,0.23417166851724613,0.18484243323219524,-0.026081049462746538,-0.7375712370582591,0.024824432519483117,0.12098709117745973,-0.13999021029772143,-0.7248543027454767,-1.301156300689059,0.14533696532484186,0.25232054973685597,0.11201713637314242,0.17766869956405565,0.025722419396665582,0.7597819034572718,0.12198631468155885,0.04347895428873807,0.002819741279324034,1.7420500618067514,0.22862534711138327
-0.3874438650016256,-0.7465083309480358,-0.3758348746017857,-0.2216099063753488,0.2572868032532815,-0.25059056607186836,1.1780054515372953,1.4363959825643742,-0.5831580222279232,-1.564828880627863,-0.2713100687160781,-0.755155304585716,2.2219329751344263,0.209453756566322,-1.1147236095859654,0.4764256126257734,0.566614178528378,-0.3679713078674197,0.7527007468728546,0.33989409210401145,0.667592461712766,0.23134139250264252,-0.4284558582784586,0.22416159792249316,0.5496823224366831,-1.0304719998608383,-0.5662285623860968,-0.6411639939012362,-0.20845404130297976,0.9694796906550096,-0.5575275773915493,0.5924900875424345,0.4145691472551945,-0.5846185722927547,0.27277511013503225,-1.1152052999450206,0.47500060253117365,0.5097132546033061,0.4978420096036733,1.401038489358745,-0.012513516394537084,-0.5852732411232832,0.22862534711138327,1.5323487020545836
