V1,V2,V3,V4,V5,V6,V7,V8,V9,V10,V11,V12,V13,V14,V15,V16,V17,V18,V19,V20,V21,V22,V23,V24,V25,V26,V27,V28,V29,V30,V31,V32,V33,V34,V35,V36,V37,V38,V39,V40,V41,V42,V43,V44
3.0204856275614214,0.12196742124824184,-1.746219559931277,0.6117008760734762,1.2227479336750873,0.2386977265824831,0.3007435021328804,0.49309598621981465,-0.4994711256097375,0.4943024633914949,-2.2394730358310566,1.314889952895127,-0.8298828085196301,-0.7182926408882735,-0.6795275580523501,1.0105931647577617,0.10129887810322051,-1.8470114643477893,-3.5940018334987016,-2.1725930216292326,-0.11555526141740717,-1.0967667453526788,2.0352089405157088,1.4609433666408984,0.42168388462042644,0.6507911434037216,-0.3941639882510892,-0.2407997774799796,-0.38054309800804437,0.8018344963174631,1.5277232603841253,0.19409756869043437,1.5343789308847278,-1.9479800622617727,0.7163717188323421,0.43800636901027823,-1.6659040004483958,-0.44683479211058463,-1.2977007525606223,-0.3550767765083988,-0.07074008153141809,1.9189927792315349,0.32879104866157866,1.1027996344595876
0.12196742124824184,0.4088177936982101,-0.3441206691419099,0.15370171656756682,-0.06582362196645675,0.7724528555220238,-0.5021011801075819,-0.12904347599081353,-0.16014083925239103,-0.3163980455375322,0.6908381937231806,0.8619237794387701,-0.216102498599597,0.0998896433611814,0.4576795319689869,0.3716438678971854,0.12046532206902671,-0.10207577985569406,0.46140182897308907,-0.005815158213807406,0.3740084741546657,-0.0104502512168312,-0.14897005986031603,-0.45185142207789364,-0.2952961058808194,0.2876425189720278,-0.09459453088214854,0.297678243516945,-0.034885051270004984,-0.0692507201827536,-0.03737865047229724,-0.4109794328959868,-0.06838350660914949,-0.25930776805492445,-0.32460392420234263,-0.7606456728657653,-0.4664331247724719,9.93999373027198e-4,-0.7256909550302673,0.09145047456675208,-0.09050116506980799,0.4873097234214749,0.5912305102889556,-0.058841602888059834
-1.746219559931277,-0.3441206691419099,1.2897282809248047,-0.4363325248010389,-0.6449857461516748,-0.91379536914566994,0.2234332605217065,-0.09547274387934225,0.4073626017068735,-0.12388176702623903,0.5110123913804235,-1.6582673138034574,0.6727416198315399,0.2693122600913608,-0.10095905035333348,-1.0552299454637846,-0.2600275182147891,1.1097753895027747,1.3778630915691472,0.975121926822202,-0.48412498968579837,0.504111088140084,-0.9016147365329126,-0.32659964410800885,0.2459216081568156,-0.7137697947993648,0.36364025561420765,-0.2830919947246985,0.21289220001591339,-0.7920503527957399,-0.9107327184109892,0.3911560247509513,-0.7837002733334384,1.5946284295469983,0.1369595050166238,0.5140319247805786,1.4879860006490753,0.12345422897426125,1.1973518859316283,0.030328307355057687,0.014407995735255,-1.5094203587903214,-0.5358639125402567,-0.45486196025496617
0.6117008760734762,0.15370171656756682,-0.4363325248010389,0.2058589320660809,0.25958779010934263,0.211468990207815,-0.1056639957106225,0.08613135577082194,-0.13348864274343838,-0.05969518333942295,-0.3037106225876994,0.4331782725494279,-0.24365774352101585,-0.11812785675382576,-0.010887247513756233,0.24552780674922522,0.06910857769391894,-0.38425665801888176,-0.6582249506664497,-0.5213497218567594,0.021850456524366863,-0.2207334545166007,0.4227647801348279,0.19544826477432764,0.05629453594147966,0.18591857230524803,-0.09949639161165708,-0.011688257700829895,-0.09891555311041678,0.07853290418780486,0.3013175366089825,-0.03559721350055357,0.292617266205352,-0.4093800779989217,0.097355497634565,-0.10000754270496491,-0.39800591825506815,-0.1276120985190082,-0.49603135435431234,-0.048152346701663344,-0.11396931654248235,0.5421579517828156,0.26404126181110976,0.1820404152375949
1.2227479336750873,-0.06582362196645675,-0.6449857461516748,0.25958779010934263,0.6072463815985205,-0.15227556558066344,0.2559006734042028,0.2785059091571927,-0.17327051515930664,0.1700585226630119,-1.2229247386980489,0.2591138581987738,-0.33058775424065023,-0.3349526110536642,-0.4324175750936884,0.23745932753184365,0.03402938533019908,-0.7464457581828337,-1.7493231380815975,-1.0646091235213708,-0.21168146172797153,-0.4605220692252488,0.979041088412444,0.8050596332447241,0.29307373098259315,0.1774582922364069,-0.14887436554220956,-0.25351185826774925,-0.16252871556525442,0.3380543435746166,0.7115016996535756,0.2251784693527014,0.6475057774678545,-0.7409862212212907,0.43440070703264344,0.38026937900399027,-0.5370644795554286,-0.2690685717768592,-0.4046794233923723,-0.13695081913355153,-0.12506967050941,0.7243480206541246,0.017524198363498313,0.44192477912399497
0.2386977265824831,0.7724528555220238,-0.91379536914566994,0.211468990207815,-0.15227556558066344,2.29932101725893,-1.0750440456485466,-0.5361732376899501,-0.4009479479914189,-0.36429731854264036,2.1386858797634143,2.7233698198267278,-0.5692464614812375,0.36319540630357877,1.3427542359791764,1.457661324385317,0.5306072821330723,-0.2555200530241405,1.8344573798010475,0.7439387712021596,1.6135345116919857,0.274370703764359,-0.7325862471674776,-1.403766395609407,-1.4176643629820518,1.0194088450505974,-0.40605942101088055,1.2207855105496217,0.01551641007246219,1.0036138968908193,0.15865119336713093,-1.4596195610961027,-0.221645668049214,-1.4862759829169536,-1.545120715838838,-2.1950531546930967,-1.678959490848608,0.37747369008140297,-1.3413778982526623,0.4758330310392526,0.15584075622135482,1.2200962627572964,0.9920637937217173,-0.3914615672278779
0.3007435021328804,-0.5021011801075819,0.2234332605217065,-0.1056639957106225,0.2559006734042028,-1.0750440456485466,0.7137555492844437,0.28628778614074524,0.1303210180028081,0.4207105712226309,-1.356268383969298,-1.0767951009052812,0.1859304330254809,-0.26788149793827654,-0.7791877826865725,-0.46659735510067324,-0.21586796679402517,-0.13664002829150326,-1.2863136084022575,-0.4621071030625302,-0.6550356641865356,-0.21953858713795138,0.5559296276057387,0.8934918161080686,0.5860293249262992,-0.35650676759552324,0.10284082411722645,-0.5392477396487225,-0.022694159178506673,-0.019084181034198996,0.22657675164790708,0.6678661980131926,0.31147973892094005,0.2275359492629433,0.6977197675927023,1.1426523111798217,0.4698949778093925,-0.15181949244331605,0.7060423968751782,-0.2120176235468439,0.048354217590442644,-0.39818315452227615,-0.6602309884383998,0.3055608805394092
0.49309598621981465,-0.12904347599081353,-0.09547274387934225,0.08613135577082194,0.2785059091571927,-0.5361732376899501,0.28628778614074524,0.26344980535195744,-0.024478188307837608,0.008940669102195735,-1.003818799656512,-0.4875529655578085,-0.030056847539367902,-0.2333551013090032,-0.49153115679599413,-0.3058070742904743,-0.15757730791054264,-0.2720265744843217,-1.2178570619063265,-0.7835370411997042,-0.5291173107271507,-0.3262948121043495,0.6066051548205262,0.6725193043591952,0.5080482579224882,-0.17646092409890893,0.04260887443992528,-0.44957654212121567,-0.08654273164425659,-0.2951696947086457,0.22739189354317402,0.4405860596337743,0.28629215944679814,0.1310182439024232,0.633560402143434,0.5765240774944621,0.15661928597941577,-0.3003891364922499,-0.05122978697819369,-0.1632443647327728,-0.17627491246062343,0.07364231400099458,-0.049055986110087234,0.3187024359110495
-0.4994711256097375,-0.16014083925239103,0.4073626017068735,-0.13348864274343838,-0.17327051515930664,-0.4009479479914189,0.1303210180028081,-0.024478188307837608,0.19363695639209677,0.16870038812642368,0.08554339734814481,-0.5877197358298479,0.22854403705486823,0.0702695915351039,-0.05072815013467733,-0.23434562048686788,-0.028250579481522986,0.31921785555230536,0.3658982859078509,0.4301318779278824,-0.1299280575588433,0.19629121169618194,-0.23381518306599794,-0.07717771924253707,0.09165018922339106,-0.2111882747442771,0.11371787031598331,-0.036810050564005055,0.060914343981589514,-0.08476955766777304,-0.25235067141420686,0.15769617466664526,-0.12151340166425144,0.4162825825439032,0.0041621431954916716,0.34699808418522876,0.4901032336202361,0.15755896528594035,0.5534092938172458,-0.0664058310988118,0.11535990458814427,-0.4889797439860715,-0.34780782646504466,-0.13712033034620766
0.4943024633914949,-0.3163980455375322,-0.12388176702623903,-0.05969518333942295,0.1700585226630119,-0.36429731854264036,0.4207105712226309,0.008940669102195735,0.16870038812642368,1.0125842022200087,-0.48441312805889375,-0.04715559545711524,0.052240218513004984,-0.13021033307490976,-0.20182951806016028,0.5414764383388597,0.1540576416338477,-0.29398573432571556,-0.46976578200905494,0.46616999355841066,0.19539278074277253,0.04715995099071081,0.24703399240859503,0.23946872220215656,-0.04176102933693008,0.13578397956811322,-0.05790075919460265,0.23821498884052195,-0.010107267669314463,0.9166645462650469,0.30047904453666685,0.09426368824756005,0.5717682583601927,-0.6469323583315709,-0.17043318045663022,0.7435604065066449,-0.1921235403848129,0.47574049055343776,0.748648294781033,-0.26788440256461643,0.5791554471823485,-0.006045354073765919,-0.8190206094481303,0.16314492082890053
-2.2394730358310566,0.6908381937231806,0.5110123913804235,-0.3037106225876994,-1.2229247386980489,2.1386858797634143,-1.356268383969298,-1.003818799656512,0.08554339734814481,-0.48441312805889375,4.169895532307117,1.7342685128150286,0.14565530696178688,0.983524013067268,2.0139065769086173,0.867484548019271,0.5271517416088761,1.2592825975762856,4.997999596429262,2.8788620121968993,1.8672063365975642,1.2640194902995292,-2.495793031215279,-2.7673752615850584,-1.847169647453912,0.5571622024615587,-0.08283489525853162,1.6120140375028098,0.33447247205724706,0.5381972686165015,-1.1518362389728187,-1.6910498380782792,-1.3673888014842914,7.86807576646828e-4,-2.313998834531013,-2.4733002094357976,-0.3482935119961431,0.9795592531299957,-0.108111332531344,0.6654156742355137,0.4312146778497793,-0.37036425193378253,0.5648719254837873,-1.3135274271190487
1.314889952895127,0.8619237794387701,-1.6582673138034574,0.4331782725494279,0.2591138581987738,2.7233698198267278,-1.0767951009052812,-0.4875529655578085,-0.5877197358298479,-0.04715559545711524,1.7342685128150286,3.6513863242657854,-0.9376901892977062,0.1877330586902426,1.3510225346335891,2.1840467163299517,0.7242694352530437,-0.9392210815205518,0.9727006581683392,0.3317045098893396,1.9577100115048536,0.02490080970150524,-0.18040309967068008,-1.1591604631235486,-1.6002144138509216,1.4591809682276,-0.6348756973058033,1.4488760895575603,-0.10115444902226253,1.7401658064589172,0.7648312072419353,-1.6691331260340663,0.3440040825418789,-2.5770878511490025,-1.6951846631814655,-2.316715551152546,-2.576280088744325,0.4281686038302752,-1.7970087703767665,0.42698169030547556,0.290494216819694,2.057432390731499,1.0633749086322126,-0.12188409246175154
-0.8298828085196301,-0.216102498599597,0.6727416198315399,-0.24365774352101585,-0.33058775424065023,-0.5692464614812375,0.1859304330254809,-0.030056847539367902,0.22854403705486823,0.052240218513004984,0.14565530696178688,-0.9376901892977062,0.37959468715727646,0.10486323895644287,-0.1252623774548209,-0.5377674247790588,-0.16227190543510278,0.5382766043882262,0.5869226216209189,0.5090515905236885,-0.29838737083731254,0.22587761116763738,-0.41794336282647615,-0.09768885002488063,0.19065662352411808,-0.39335192202793723,0.20306538171778105,-0.17085571739974298,0.10673820242622356,-0.41343068751462475,-0.4672462343251823,0.26628059509096624,-0.337002131616818,0.8383029002007627,0.13555396150921406,0.4114744103799564,0.7984994884450978,0.09024827883039993,0.7043661267510147,-0.046302535302106734,0.07045414352775645,-0.8218372307686401,-0.35912607056383444,-0.16980526867375154
-0.7182926408882735,0.0998896433611814,0.2693122600913608,-0.11812785675382576,-0.3349526110536642,0.36319540630357877,-0.26788149793827654,-0.2333551013090032,0.0702695915351039,-0.13021033307490976,0.983524013067268,0.1877330586902426,0.10486323895644287,0.25569704934289644,0.4380090070003407,0.06445060381960259,0.09909362173828816,0.4163806403864663,1.2805194362178272,0.755571796093509,0.3671103155157437,0.3548707952062293,-0.6606251006653371,-0.6503204631583276,-0.39794002715330495,0.04367413705982644,0.017627842156580312,0.32750258547808503,0.10089564574450556,0.06624849646163812,-0.3471850737885402,-0.3368320093107449,-0.4027066016958942,0.16553101818545743,-0.515112013652061,-0.49713831820921683,0.0938048195864309,0.2310090450858915,0.1314310853812274,0.16911746773245817,0.08886053114364799,-0.2578308855757613,0.046909523232269934,-0.36636409867412145
-0.6795275580523501,0.4576795319689869,-0.10095905035333348,-0.010887247513756233,-0.4324175750936884,1.3427542359791764,-0.7791877826865725,-0.49153115679599413,-0.05072815013467733,-0.20182951806016028,2.0139065769086173,1.3510225346335891,-0.1252623774548209,0.4380090070003407,1.0911484396721831,0.7630477239300676,0.3792609702370327,0.3429113184861382,2.1937614764565176,1.2301669531027355,1.1090834526759417,0.5357211335588317,-1.0156876674462998,-1.3484836626012904,-1.0222987445073826,0.49570332389565497,-0.14956478366394133,0.9277474345183931,0.106920384196418,0.5363272370795562,-0.3288479519247909,-0.9813259061844141,-0.4604205369520783,-0.4668648082294966,-1.2571113169973969,-1.4000373973157743,-0.5811164048661276,0.49489685264927546,-0.3739661612809553,0.3263768376888386,0.21398229762586637,0.25282046260228735,0.42248947657776065,-0.576943024945329
1.0105931647577617,0.3716438678971854,-1.0552299454637846,0.24552780674922522,0.23745932753184365,1.457661324385317,-0.46659735510067324,-0.3058070742904743,-0.23434562048686788,0.5414764383388597,0.867484548019271,2.1840467163299517,-0.5377674247790588,0.06445060381960259,0.7630477239300676,1.6519817711684126,0.5642070576670835,-0.6973546298781628,0.4224184097344187,0.5384882549189367,1.3220793680711602,0.08770684698318212,-0.002330899896978039,-0.6344921931121288,-1.0076340795751721,0.9665950374436074,-0.41114845556670554,1.0501257621425275,-0.06699162193357663,1.5749811070977604,0.6035121123865416,-0.9770523825626961,0.5276794024807401,-1.9054692859537097,-1.1745825731484543,-0.9971834933757626,-1.6340094067783941,0.5694497232127038,-0.655899743473468,0.09515202632236983,0.5045673148716348,1.2457886173122388,0.18244038664836393,-0.024252412678858852
0.10129887810322051,0.12046532206902671,-0.2600275182147891,0.06910857769391894,0.03402938533019908,0.5306072821330723,-0.21586796679402517,-0.15757730791054264,-0.028250579481522986,0.1540576416338477,0.5271517416088761,0.7242694352530437,-0.16227190543510278,0.09909362173828816,0.3792609702370327,0.5642070576670835,0.27048921457091585,-0.10032062795978017,0.47748481333140735,0.4023827772133904,0.5438724231346032,0.17202200448476723,-0.1508210801177623,-0.3755258072613101,-0.45221489106764073,0.3334680887792655,-0.14070593923827307,0.44161637522998054,0.004433732996835709,0.6352487312016414,0.14819878499246059,-0.4078023477480841,0.08128950067911571,-0.6268100145240255,-0.5673276827187204,-0.42409335830803857,-0.48123298210726784,0.2743138909909427,-0.11463351384839673,0.0838656672656326,0.17135152720204608,0.3525793463859918,0.007499244093726857,-0.16238186575831226
-1.8470114643477893,-0.10207577985569406,1.1097753895027747,-0.38425665801888176,-0.7464457581828337,-0.2555200530241405,-0.13664002829150326,-0.2720265744843217,0.31921785555230536,-0.29398573432571556,1.2592825975762856,-0.9392210815205518,0.5382766043882262,0.4163806403864663,0.3429113184861382,-0.6973546298781628,-0.10032062795978017,1.137700335888803,2.092243014448607,1.273760280346901,-0.02322261996529181,0.6422201696688863,-1.2047919888823453,-0.8193144254712107,-0.1722932563731955,-0.45411225230382296,0.26671901125899444,0.07654756224320423,0.2302941096129387,-0.5793276356842294,-0.9507984411699846,-0.039145648814271065,-0.9281986396930437,1.2870957183808616,-0.3410869594326532,-0.15985109901579328,1.104915271717419,0.24398501857728333,0.8376446138664587,0.18516253303432836,0.03129918697848794,-1.2322722840730385,-0.22890519576003984,-0.6383231255624742
-3.5940018334987016,0.46140182897308907,1.3778630915691472,-0.6582249506664497,-1.7493231380815975,1.8344573798010475,-1.2863136084022575,-1.2178570619063265,0.3658982859078509,-0.46976578200905494,4.997999596429262,0.9727006581683392,0.5869226216209189,1.2805194362178272,2.1937614764565176,0.4224184097344187,0.47748481333140735,2.092243014448607,6.538421008750913,4.000972714295292,1.9177269471331053,1.7965312482111755,-3.4048795338435567,-3.313160820749894,-2.044644748469593,0.2321324664964789,0.09726628331858955,1.7183018111667854,0.5295628002364141,0.4157215050491025,-1.779478546955505,-1.710851380172165,-1.9995868538952604,0.7937903084226848,-2.6480124237558456,-2.4323229854349293,0.4448215432329277,1.2683569099216259,0.8040712457563465,0.8070131935760853,0.59765008215487,-1.3814905251474445,0.11990894735167265,-1.7996828780217204
-2.1725930216292326,-0.005815158213807406,0.975121926822202,-0.5213497218567594,-1.0646091235213708,0.7439387712021596,-0.4621071030625302,-0.7835370411997042,0.4301318779278824,0.46616999355841066,2.8788620121968993,0.3317045098893396,0.5090515905236885,0.755571796093509,1.2301669531027355,0.5384882549189367,0.4023827772133904,1.273760280346901,4.000972714295292,3.0609389009008057,1.3053953426338885,1.2686995390615778,-2.1018988270202215,-1.9704291336259334,-1.3007300773652974,0.14867564587492468,0.07010047637810261,1.2403183337429753,0.35990027041717493,0.8807254253023273,-1.0198189779366515,-0.9560880290919757,-0.9404111831287212,0.2294989653951078,-1.8106311844853187,-0.8885075866603228,0.3621741407691759,1.2014766996928958,1.2800945834108193,0.3124942681559589,0.8239241820897439,-1.0982262916477314,-0.6491586327820303,-1.098684671184793
-0.11555526141740717,0.3740084741546657,-0.48412498968579837,0.021850456524366863,-0.21168146172797153,1.6135345116919857,-0.6550356641865356,-0.5291173107271507,-0.1299280575588433,0.19539278074277253,1.8672063365975642,1.9577100115048536,-0.29838737083731254,0.3671103155157437,1.1090834526759417,1.3220793680711602,0.5438724231346032,-0.02322261996529181,1.9177269471331053,1.3053953426338885,1.49572899414112,0.5020755050339855,-0.835053627922401,-1.2669752834106471,-1.3212654790878806,0.8080200820823271,-0.3152954799592346,1.1962099255691312,0.08494730325060759,1.3521833540328934,0.08070326739144645,-1.1978230715667764,-0.14891349770339304,-1.3189768806655229,-1.558142175269187,-1.4605738938958537,-1.1973101002915032,0.6745862311904669,-0.35752030494685,0.3539750006956557,0.46364884343523155,0.6413183078840067,0.208635383214952,-0.4891749615017939
-1.0967667453526788,-0.0104502512168312,0.504111088140084,-0.2207334545166007,-0.4605220692252488,0.274370703764359,-0.21953858713795138,-0.3262948121043495,0.19629121169618194,0.04715995099071081,1.2640194902995292,0.02490080970150524,0.22587761116763738,0.3548707952062293,0.5357211335588317,0.08770684698318212,0.17202200448476723,0.6422201696688863,1.7965312482111755,1.2686995390615778,0.5020755050339855,0.5876856613984879,-0.9372908415801559,-0.8540010261241755,-0.543904189760462,0.010003706849760003,0.04458778573570781,0.47152029492049735,0.16278910590169826,0.2956623595128803,-0.47125597494966914,-0.3905698119876095,-0.5067709719250424,0.21969354339217326,-0.7575181666449528,-0.4273319668008669,0.2676150453053756,0.4493235575281636,0.5456593051098897,0.19333752317014766,0.24496544960616676,-0.5294988780206812,-0.2407937672029676,-0.5522734580337213
2.0352089405157088,-0.14897005986031603,-0.9016147365329126,0.4227647801348279,0.979041088412444,-0.7325862471674776,0.5559296276057387,0.6066051548205262,-0.23381518306599794,0.24703399240859503,-2.495793031215279,-0.18040309967068008,-0.41794336282647615,-0.6606251006653371,-1.0156876674462998,-0.002330899896978039,-0.1508210801177623,-1.2047919888823453,-3.4048795338435567,-2.1018988270202215,-0.835053627922401,-0.9372908415801559,1.8271556976009855,1.644496273058735,0.9476430329675201,0.022781632801782636,-0.11568427924081563,-0.7683449943551425,-0.3004091890871917,-0.04062718641519798,1.0300788273283648,0.7565117684826063,1.1259613419951608,-0.6801323594603622,1.2353955283041358,1.093702260697862,-0.4630201314066335,-0.6189009788236923,-0.6020967787513456,-0.4047739618468199,-0.30639471102187554,0.9635108751528736,0.03401153937863739,0.9247283175474632
1.4609433666408984,-0.45185142207789364,-0.32659964410800885,0.19544826477432764,0.8050596332447241,-1.403766395609407,0.8934918161080686,0.6725193043591952,-0.07717771924253707,0.23946872220215656,-2.7673752615850584,-1.1591604631235486,-0.09768885002488063,-0.6503204631583276,-1.3484836626012904,-0.6344921931121288,-0.3755258072613101,-0.8193144254712107,-3.313160820749894,-1.9704291336259334,-1.2669752834106471,-0.8540010261241755,1.644496273058735,1.848409170377694,1.2330687044343513,-0.3876624504758273,0.05967802722337965,-1.106046509114908,-0.21933424746108926,-0.4235913926727439,0.7554145525679976,1.1250626422911316,0.8576402997034355,0.04725190870121716,1.5674454114809133,1.5918971263631143,0.23980154825013356,-0.7042755735326912,0.02061898551678846,-0.410984238227605,-0.333861128029783,0.23699056382434544,-0.3199808898830793,0.8712608163731776
0.42168388462042644,-0.2952961058808194,0.2459216081568156,0.05629453594147966,0.29307373098259315,-1.4176643629820518,0.5860293249262992,0.5080482579224882,0.09165018922339106,-0.04176102933693008,-1.847169647453912,-1.6002144138509216,0.19065662352411808,-0.39794002715330495,-1.0222987445073826,-1.0076340795751721,-0.45221489106764073,-0.1722932563731955,-2.044644748469593,-1.3007300773652974,-1.3212654790878806,-0.543904189760462,0.9476430329675201,1.2330687044343513,1.2303642247917441,-0.6409901365931208,0.24811442859078892,-1.0437208009588332,-0.12019149353941998,-1.1174515434127563,0.05485052436685313,1.086898875666078,0.3423586161612346,0.9758627277665989,1.4340648147760793,1.3948930389111418,0.9108036347460806,-0.5785543717442129,0.21562239804489755,-0.40555356750067095,-0.3655384333630499,-0.3696117070817094,-0.17808246601574793,0.5566550179973289
0.6507911434037216,0.2876425189720278,-0.7137697947993648,0.18591857230524803,0.1774582922364069,1.0194088450505974,-0.35650676759552324,-0.17646092409890893,-0.2111882747442771,0.13578397956811322,0.5571622024615587,1.4591809682276,-0.39335192202793723,0.04367413705982644,0.49570332389565497,0.9665950374436074,0.3334680887792655,-0.45411225230382296,0.2321324664964789,0.14867564587492468,0.8080200820823271,0.010003706849760003,0.022781632801782636,-0.3876624504758273,-0.6409901365931208,0.6188546445692775,-0.2753172089432735,0.6058509081719159,-0.051008268138854215,0.8859720597517036,0.4020635383981225,-0.6475144010610422,0.2582153703662662,-1.1870181967068558,-0.6982816118716257,-0.7969761989995002,-1.0841328125032987,0.2317065259568533,-0.6170790800796396,0.13121097528070924,0.18539603956496206,0.8686058410279338,0.28886108355218865,-0.023903176143166387
-0.3941639882510892,-0.09459453088214854,0.36364025561420765,-0.09949639161165708,-0.14887436554220956,-0.40605942101088055,0.10284082411722645,0.04260887443992528,0.11371787031598331,-0.05790075919460265,-0.08283489525853162,-0.6348756973058033,0.20306538171778105,0.017627842156580312,-0.14956478366394133,-0.41114845556670554,-0.14070593923827307,0.26671901125899444,0.09726628331858955,0.07010047637810261,-0.3152954799592346,0.04458778573570781,-0.11568427924081563,0.05967802722337965,0.24811442859078892,-0.2753172089432735,0.1387430422972589,-0.21507940039198123,0.03538188418534266,-0.4286492521165213,-0.2600393586859365,0.24783404356824867,-0.16087073801348614,0.5894581738038164,0.24607906189839965,0.3038751008986997,0.5171368718138704,-0.05192088776412948,0.29208354779151846,-0.06394391604381083,-0.050233720362955134,-0.4346009726499025,-0.11611491021413628,-0.026692335645281246
-0.2407997774799796,0.297678243516945,-0.2830919947246985,-0.011688257700829895,-0.25351185826774925,1.2207855105496217,-0.5392477396487225,-0.44957654212121567,-0.036810050564005055,0.23821498884052195,1.6120140375028098,1.4488760895575603,-0.17085571739974298,0.32750258547808503,0.9277474345183931,1.0501257621425275,0.44161637522998054,0.07654756224320423,1.7183018111667854,1.2403183337429753,1.1962099255691312,0.47152029492049735,-0.7683449943551425,-1.106046509114908,-1.0437208009588332,0.6058509081719159,-0.21507940039198123,0.9985172455417204,0.0822840158191951,1.0406908498813399,-0.048802962077130814,-0.9408261150979015,-0.13526349044070626,-0.9293290434370917,-1.283850257267766,-1.0885624973476358,-0.8271259236380962,0.6330638886683478,-0.14719797078797997,0.2340996444407617,0.44209880419808656,0.3884016582765783,0.08811075262116956,-0.43049812003693066
-0.38054309800804437,-0.034885051270004984,0.21289220001591339,-0.09891555311041678,-0.16252871556525442,0.01551641007246219,-0.022694159178506673,-0.08654273164425659,0.060914343981589514,-0.010107267669314463,0.33447247205724706,-0.10115444902226253,0.10673820242622356,0.10089564574450556,0.106920384196418,-0.06699162193357663,0.004433732996835709,0.2302941096129387,0.5295628002364141,0.35990027041717493,0.08494730325060759,0.16278910590169826,-0.3004091890871917,-0.21933424746108926,-0.12019149353941998,-0.051008268138854215,0.03538188418534266,0.0822840158191951,0.05940380569920967,0.004017015290943649,-0.17688139835145397,-0.07030792381141997,-0.1979189419560842,0.1677749097713571,-0.16241850418850867,-0.08537346859917411,0.15538651602758363,0.0991311912090237,0.207576096995094,0.06087192200071101,0.057995481547828465,-0.24536666604372653,-0.08590127865560868,-0.15385270988173225
0.8018344963174631,-0.0692507201827536,-0.7920503527957399,0.07853290418780486,0.3380543435746166,1.0036138968908193,-0.019084181034198996,-0.2951696947086457,-0.08476955766777304,0.9166645462650469,0.5381972686165015,1.7401658064589172,-0.41343068751462475,0.06624849646163812,0.5363272370795562,1.5749811070977604,0.6352487312016414,-0.5793276356842294,0.4157215050491025,0.8807254253023273,1.3521833540328934,0.2956623595128803,-0.04062718641519798,-0.4235913926727439,-1.1174515434127563,0.8859720597517036,-0.4286492521165213,1.0406908498813399,0.004017015290943649,2.244332071342434,0.7783961180062138,-0.8709866740548347,0.53741487536303,-2.1150979195459203,-1.3088236146903345,-0.5699768334764429,-1.474915184435955,0.7336515370080651,0.13834609312722132,0.1806618256597614,0.6865286470143852,0.891968147243488,-0.515894284752429,-0.18039285643987452
1.5277232603841253,-0.03737865047229724,-0.9107327184109892,0.3013175366089825,0.7115016996535756,0.15865119336713093,0.22657675164790708,0.22739189354317402,-0.25235067141420686,0.30047904453666685,-1.1518362389728187,0.7648312072419353,-0.4672462343251823,-0.3471850737885402,-0.3288479519247909,0.6035121123865416,0.14819878499246059,-0.9507984411699846,-1.779478546955505,-1.0198189779366515,0.08070326739144645,-0.47125597494966914,1.0300788273283648,0.7554145525679976,0.05485052436685313,0.4020635383981225,-0.2600393586859365,-0.048802962077130814,-0.17688139835145397,0.7783961180062138,0.930341877545587,0.017553368653663675,0.779289437599869,-1.2550675373050448,0.19408246397765358,0.1719590340403387,-0.9662313618391045,-0.17924124640853606,-0.5371314021102428,-0.0815497839648435,-0.01800726781057147,1.0244119464189434,0.02175875677815417,0.4637058714063689
0.19409756869043437,-0.4109794328959868,0.3911560247509513,-0.03559721350055357,0.2251784693527014,-1.4596195610961027,0.6678661980131926,0.4405860596337743,0.15769617466664526,0.09426368824756005,-1.6910498380782792,-1.6691331260340663,0.26628059509096624,-0.3368320093107449,-0.9813259061844141,-0.9770523825626961,-0.4078023477480841,-0.039145648814271065,-1.710851380172165,-0.9560880290919757,-1.1978230715667764,-0.3905698119876095,0.7565117684826063,1.1250626422911316,1.086898875666078,-0.6475144010610422,0.24783404356824867,-0.9408261150979015,-0.07030792381141997,-0.8709866740548347,0.017553368653663675,1.0311964993120353,0.2622070237684637,0.935297623133135,1.2478144720059097,1.420904982245127,0.9682422028069249,-0.43878766729678265,0.5221878861706051,-0.3509685746700465,-0.24522692509281355,-0.5525510671615412,-0.4064098672544127,0.43291590004353064
1.5343789308847278,-0.06838350660914949,-0.7837002733334384,0.292617266205352,0.6475057774678545,-0.221645668049214,0.31147973892094005,0.28629215944679814,-0.12151340166425144,0.5717682583601927,-1.3673888014842914,0.3440040825418789,-0.337002131616818,-0.4027066016958942,-0.4604205369520783,0.5276794024807401,0.08128950067911571,-0.9281986396930437,-1.9995868538952604,-0.9404111831287212,-0.14891349770339304,-0.5067709719250424,1.1259613419951608,0.8576402997034355,0.3423586161612346,0.2582153703662662,-0.16087073801348614,-0.13526349044070626,-0.1979189419560842,0.53741487536303,0.779289437599869,0.2622070237684637,0.9536149243733051,-0.955454683640749,0.4177572053356554,0.6537575565349995,-0.6520510106169485,-0.07497990171046519,-0.2832170625206249,-0.3231705415304194,0.11452794697362492,0.8262405925309455,-0.1654280111671419,0.5848301609144851
-1.9479800622617727,-0.25930776805492445,1.5946284295469983,-0.4093800779989217,-0.7409862212212907,-1.4862759829169536,0.2275359492629433,0.1310182439024232,0.4162825825439032,-0.6469323583315709,7.86807576646828e-4,-2.5770878511490025,0.8383029002007627,0.16553101818545743,-0.4668648082294966,-1.9054692859537097,-0.6268100145240255,1.2870957183808616,0.7937903084226848,0.2294989653951078,-1.3189768806655229,0.21969354339217326,-0.6801323594603622,0.04725190870121716,0.9758627277665989,-1.1870181967068558,0.5894581738038164,-0.9293290434370917,0.1677749097713571,-2.1150979195459203,-1.2550675373050448,0.935297623133135,-0.955454683640749,2.715460167124655,1.0003185809379362,0.8907541529620944,2.2325330286895007,-0.35941570658668237,0.9551235329740694,-0.12769756753076172,-0.4163775483279941,-1.8471960156197544,-0.1586627467710005,-0.2413957259339324
0.7163717188323421,-0.32460392420234263,0.1369595050166238,0.097355497634565,0.43440070703264344,-1.545120715838838,0.6977197675927023,0.633560402143434,0.0041621431954916716,-0.17043318045663022,-2.313998834531013,-1.6951846631814655,0.13555396150921406,-0.515112013652061,-1.2571113169973969,-1.1745825731484543,-0.5673276827187204,-0.3410869594326532,-2.6480124237558456,-1.8106311844853187,-1.558142175269187,-0.7575181666449528,1.2353955283041358,1.5674454114809133,1.4340648147760793,-0.6982816118716257,0.24607906189839965,-1.283850257267766,-0.16241850418850867,-1.3088236146903345,0.19408246397765358,1.2478144720059097,0.4177572053356554,1.0003185809379362,1.7569580080591962,1.5054963551971645,0.8734117307885797,-0.8198808108550898,0.022507541262288606,-0.41318969068283773,-0.5170036800779296,-0.26515073650448795,-0.06335859728398216,0.7337376706186864
0.43800636901027823,-0.7606456728657653,0.5140319247805786,-0.10000754270496491,0.38026937900399027,-2.1950531546930967,1.1426523111798217,0.5765240774944621,0.34699808418522876,0.7435604065066449,-2.4733002094357976,-2.316715551152546,0.4114744103799564,-0.49713831820921683,-1.4000373973157743,-0.9971834933757626,-0.42409335830803857,-0.15985109901579328,-2.4323229854349293,-0.8885075866603228,-1.4605738938958537,-0.4273319668008669,1.093702260697862,1.5918971263631143,1.3948930389111418,-0.7969761989995002,0.3038751008986997,-1.0885624973476358,-0.08537346859917411,-0.5699768334764429,0.1719590340403387,1.420904982245127,0.6537575565349995,0.8907541529620944,1.5054963551971645,2.3501585494303807,1.24079423155878,-0.25891437153354074,1.2374390696408306,-0.6180203457976384,0.031009752504058553,-0.8047955754096121,-1.093125088398618,0.6109180662086391
-1.6659040004483958,-0.4664331247724719,1.4879860006490753,-0.39800591825506815,-0.5370644795554286,-1.678959490848608,0.4698949778093925,0.15661928597941577,0.4901032336202361,-0.1921235403848129,-0.3482935119961431,-2.576280088744325,0.7984994884450978,0.0938048195864309,-0.5811164048661276,-1.6340094067783941,-0.48123298210726784,1.104915271717419,0.4448215432329277,0.3621741407691759,-1.1973101002915032,0.2676150453053756,-0.4630201314066335,0.23980154825013356,0.9108036347460806,-1.0841328125032987,0.5171368718138704,-0.8271259236380962,0.15538651602758363,-1.474915184435955,-0.9662313618391045,0.9682422028069249,-0.6520510106169485,2.2325330286895007,0.8734117307885797,1.24079423155878,2.080770031913948,-0.15932138002335683,1.3300083247829715,-0.19674833296545563,-0.2049922967876037,-1.7584979131756209,-0.6070837776816418,-0.22024239834373377
-0.44683479211058463,9.93999373027198e-4,0.12345422897426125,-0.1276120985190082,-0.2690685717768592,0.37747369008140297,-0.15181949244331605,-0.3003891364922499,0.15755896528594035,0.47574049055343776,0.9795592531299957,0.4281686038302752,0.09024827883039993,0.2310090450858915,0.49489685264927546,0.5694497232127038,0.2743138909909427,0.24398501857728333,1.2683569099216259,1.2014766996928958,0.6745862311904669,0.4493235575281636,-0.6189009788236923,-0.7042755735326912,-0.5785543717442129,0.2317065259568533,-0.05192088776412948,0.6330638886683478,0.0991311912090237,0.7336515370080651,-0.17924124640853606,-0.43878766729678265,-0.07497990171046519,-0.35941570658668237,-0.8198808108550898,-0.25891437153354074,-0.15932138002335683,0.607757311558918,0.48553416294477475,0.03551403647597114,0.4784816440367487,-0.15202713886892738,-0.36912500696789136,-0.33523791546201026
-1.2977007525606223,-0.7256909550302673,1.1973518859316283,-0.49603135435431234,-0.4046794233923723,-1.3413778982526623,0.7060423968751782,-0.05122978697819369,0.5534092938172458,0.748648294781033,-0.108111332531344,-1.7970087703767665,0.7043661267510147,0.1314310853812274,-0.3739661612809553,-0.655899743473468,-0.11463351384839673,0.8376446138664587,0.8040712457563465,1.2800945834108193,-0.35752030494685,0.5456593051098897,-0.6020967787513456,0.02061898551678846,0.21562239804489755,-0.6170790800796396,0.29208354779151846,-0.14719797078797997,0.207576096995094,0.13834609312722132,-0.5371314021102428,0.5221878861706051,-0.2832170625206249,0.9551235329740694,0.022507541262288606,1.2374390696408306,1.3300083247829715,0.48553416294477475,1.9442836383661162,-0.15090276375101755,0.46976474267061513,-1.5280522480750633,-1.351011075827166,-0.3349669838048362
-0.3550767765083988,0.09145047456675208,0.030328307355057687,-0.048152346701663344,-0.13695081913355153,0.4758330310392526,-0.2120176235468439,-0.1632443647327728,-0.0664058310988118,-0.26788440256461643,0.6654156742355137,0.42698169030547556,-0.046302535302106734,0.16911746773245817,0.3263768376888386,0.09515202632236983,0.0838656672656326,0.18516253303432836,0.8070131935760853,0.3124942681559589,0.3539750006956557,0.19333752317014766,-0.4047739618468199,-0.410984238227605,-0.40555356750067095,0.13121097528070924,-0.06394391604381083,0.2340996444407617,0.06087192200071101,0.1806618256597614,-0.0815497839648435,-0.3509685746700465,-0.3231705415304194,-0.12769756753076172,-0.41318969068283773,-0.6180203457976384,-0.19674833296545563,0.03551403647597114,-0.15090276375101755,0.26273776863237996,-0.047409186651180185,0.023362223650349172,0.1895657756836181,-0.26086614954553505
-0.07074008153141809,-0.09050116506980799,0.014407995735255,-0.11396931654248235,-0.12506967050941,0.15584075622135482,0.048354217590442644,-0.17627491246062343,0.11535990458814427,0.5791554471823485,0.4312146778497793,0.290494216819694,0.07045414352775645,0.08886053114364799,0.21398229762586637,0.5045673148716348,0.17135152720204608,0.03129918697848794,0.59765008215487,0.8239241820897439,0.46364884343523155,0.24496544960616676,-0.30639471102187554,-0.333861128029783,-0.3655384333630499,0.18539603956496206,-0.050233720362955134,0.44209880419808656,0.057995481547828465,0.6865286470143852,-0.01800726781057147,-0.24522692509281355,0.11452794697362492,-0.4163775483279941,-0.5170036800779296,0.031009752504058553,-0.2049922967876037,0.4784816440367487,0.46976474267061513,-0.047409186651180185,0.47143861586453784,-0.08941721195827373,-0.4316105341175447,-0.11108906277288244
1.9189927792315349,0.4873097234214749,-1.5094203587903214,0.5421579517828156,0.7243480206541246,1.2200962627572964,-0.39818315452227615,0.07364231400099458,-0.4889797439860715,-0.006045354073765919,-0.37036425193378253,2.057432390731499,-0.8218372307686401,-0.2578308855757613,0.25282046260228735,1.2457886173122388,0.3525793463859918,-1.2322722840730385,-1.3814905251474445,-1.0982262916477314,0.6413183078840067,-0.5294988780206812,0.9635108751528736,0.23699056382434544,-0.3696117070817094,0.8686058410279338,-0.4346009726499025,0.3884016582765783,-0.24536666604372653,0.891968147243488,1.0244119464189434,-0.5525510671615412,0.8262405925309455,-1.8471960156197544,-0.26515073650448795,-0.8047955754096121,-1.7584979131756209,-0.15202713886892738,-1.5280522480750633,0.023362223650349172,-0.08941721195827373,1.8220034282059099,0.7576924505676239,0.44014515680263416
0.32879104866157866,0.5912305102889556,-0.5358639125402567,0.26404126181110976,0.017524198363498313,0.9920637937217173,-0.6602309884383998,-0.049055986110087234,-0.34780782646504466,-0.8190206094481303,0.5648719254837873,1.0633749086322126,-0.35912607056383444,0.046909523232269934,0.42248947657776065,0.18244038664836393,0.007499244093726857,-0.22890519576003984,0.11990894735167265,-0.6491586327820303,0.208635383214952,-0.2407937672029676,0.03401153937863739,-0.3199808898830793,-0.17808246601574793,0.28886108355218865,-0.11611491021413628,0.08811075262116956,-0.08590127865560868,-0.515894284752429,0.02175875677815417,-0.4064098672544127,-0.1654280111671419,-0.1586627467710005,-0.06335859728398216,-1.093125088398618,-0.6070837776816418,-0.36912500696789136,-1.351011075827166,0.1895657756836181,-0.4316105341175447,0.7576924505676239,1.1134931907702033,0.05357096295725118
1.1027996344595876,-0.058841602888059834,-0.45486196025496617,0.1820404152375949,0.44192477912399497,-0.3914615672278779,0.3055608805394092,0.3187024359110495,-0.13712033034620766,0.16314492082890053,-1.3135274271190487,-0.12188409246175154,-0.16980526867375154,-0.36636409867412145,-0.576943024945329,-0.024252412678858852,-0.16238186575831226,-0.6383231255624742,-1.7996828780217204,-1.098684671184793,-0.4891749615017939,-0.5522734580337213,0.9247283175474632,0.8712608163731776,0.5566550179973289,-0.023903176143166387,-0.026692335645281246,-0.43049812003693066,-0.15385270988173225,-0.18039285643987452,0.4637058714063689,0.43291590004353064,0.5848301609144851,-0.2413957259339324,0.7337376706186864,0.6109180662086391,-0.22024239834373377,-0.33523791546201026,-0.3349669838048362,-0.26086614954553505,-0.11108906277288244,0.44014515680263416,0.05357096295725118,0.5748811501679936
