V1,V2,V3,V4,V5,V6,V7,V8,V9,V10,V11,V12,V13,V14,V15,V16,V17,V18,V19,V20,V21,V22,V23,V24,V25,V26,V27,V28,V29,V30,V31,V32,V33,V34,V35,V36,V37,V38,V39,V40,V41,V42,V43,V44
27.412068894157485,-8.955519742609054,-1.1792653165527707,4.897861361995472,16.61514639791897,-41.682762959689605,19.994310074825226,19.061667633971723,-1.610873155670523,-5.6428636463639235,-70.62737470241477,-42.97042349328161,0.5880358529127307,-16.01470545396831,-36.461990438440516,-30.61463794952861,-14.702617431939952,-14.283005231564092,-83.44600520326527,-57.762963237324136,-43.268535948147836,-23.498035550927995,40.35090093470444,47.86410055852221,40.09787660804714,-17.31603674370922,5.24519474209527,-36.68865744408204,-5.552010751919093,-32.740592539736404,10.926146641468836,34.64912082696546,14.904306102190533,21.2114406738858,50.05707388038098,41.31566083436998,19.228487130074463,-25.075819533903303,-3.790062928702627,-10.931289293109392,-16.405073110133372,-1.0654467482880752,-0.29175309293660306,22.072227736146438
-8.955519742609054,3.6046409727113695,-0.4287786538494147,-1.4962871564746805,-5.675607860939065,15.954287311362387,-7.5566922447117015,-6.849684972228803,0.28427342257426086,1.8372639315543566,25.58570430186919,16.837186056202246,-0.6934298428164135,5.7072128722048205,13.431390381965256,11.743958392168352,5.539248609075883,4.544416781423594,29.647123720545665,20.26273009583543,16.053541692221156,8.206749140996985,-14.193821896887643,-17.3000093948625,-14.802753352024027,6.762006336372932,-2.1514119022302003,13.532981985804756,1.883498452154391,12.24382279935733,-3.4469642299888656,-12.953777976969722,-5.086701553817795,-8.607718764404199,-18.310198075248508,-15.664365420996377,-8.00522843091109,8.954033919017945,0.33943664947327074,4.048089714908766,5.833597545158269,1.431194813245109,0.7110177780600264,-7.775595402135781
-1.1792653165527707,-0.4287786538494147,1.0410230029021934,-0.3544545956797537,-0.4175545735921548,-1.0611043776827658,0.38337354938403434,-0.038185713505846056,0.3731970428705669,0.2258941325803136,-0.02221331436679194,-1.566944287087326,0.5871989710903959,0.11786525505052038,-0.29192616750498623,-0.8164536296243071,-0.24924648491990892,0.7696259366483458,0.6667709626583171,0.7520555054801553,-0.4952955110051878,0.3562184506164056,-0.5071819779279167,-0.023852526129250214,0.35335678483109406,-0.6114741362902524,0.31322407957568543,-0.30437003886037395,0.15166552533651378,-0.4974034112194942,-0.6183905803743468,0.49573130968857015,-0.38378216850985986,1.1687308592784678,0.24638630688662932,0.8474356181103351,1.270529811013322,0.1366364708102505,1.2379311009879215,-0.11213666429489375,0.12528586757751164,-1.2622292152154033,-0.7128241949738447,-0.25853679550920744
4.897861361995472,-1.4962871564746805,-0.3544545956797537,1.016086580815047,2.957853324479913,-6.961940327517023,3.378662722375221,3.1839034634817156,-0.4402491510670542,-1.009120162196204,-12.158372160755903,-7.144130454239898,-0.014966801508942983,-2.830469552404546,-6.184894023743768,-5.173452421919314,-2.614416768717504,-2.5990475344479007,-14.421844765018285,-9.99599740397826,-7.313402135878566,-4.08801201132802,7.0748126240202645,8.20624689058347,6.879143115722886,-2.8427959741562625,0.8507355452051768,-6.323320544108739,-0.9740081245225969,-5.623328151349865,1.944484124227416,5.944395309466143,2.6255284370584913,3.349622547416898,8.583329955659142,6.998885337645016,3.1452863076743243,-4.346012322153642,-0.8794538853127596,-1.8263874912899865,-2.9231828945261316,-0.05380905968219465,0.0615481899729555,3.853199056722041
16.61514639791897,-5.675607860939065,-0.4175545735921548,2.957853324479913,10.176535684774434,-26.11360444940512,12.501587975492294,11.76977948172127,-0.9149588553412882,-3.4285547129480354,-43.730658822008266,-27.07580691658,0.5310711150165669,-9.901212450640577,-22.647625553513077,-19.208259726442428,-9.206084474314647,-8.61642218645203,-51.45283765978834,-35.51656140057489,-26.921413960651048,-14.438933904283047,24.849188392639274,29.618951804420067,24.9456942955558,-10.890415355849624,3.344374608720322,-22.814171516384377,-3.3897368009542683,-20.443498420505595,6.56610291885491,21.622271845905384,9.112499034702447,13.45457795234571,31.074327949985772,25.841926215816382,12.29557123853495,-15.476203128487308,-1.9896750255932965,-6.788316573112856,-10.141085071586604,-1.0652581523953937,-0.39430408551553614,13.60459460537555
-41.682762959689605,15.954287311362387,-1.0611043776827658,-6.961940327517023,-26.11360444940512,71.73070885232056,-34.04976804851159,-31.38564241040429,1.4615742381169945,8.649743531993483,116.31988918868637,75.33570509501897,-2.6876433901588492,25.995386988823384,60.89667064356218,52.76378803851481,24.81345651602196,21.25601728576993,135.474806637219,92.96500144229776,72.7453514328439,37.68106956271164,-64.93159685609362,-78.77102372939507,-67.04844252238726,30.329756875341648,-9.529297818509116,61.25821906868643,8.708754183496914,55.33199918882346,-16.18615012369282,-58.46115858623872,-23.401588388373543,-38.47655137765183,-83.14844791777527,-70.47497693533509,-35.336452095295535,40.82981964010133,2.6240129206510536,18.3648162968247,26.579820535060723,5.396025457383768,2.5571160495958565,-35.61146596323236
19.994310074825226,-7.5566922447117015,0.38337354938403434,3.378662722375221,12.501587975492294,-34.04976804851159,16.201253222955682,14.970875096968326,-0.7449919313705928,-4.134248867099738,-55.41179138031857,-35.72296240880489,1.2051658123134479,-12.411345272886019,-28.971478499330953,-25.04584833733935,-11.791439438858635,-10.217897465164874,-64.62283335470826,-44.356937086257965,-34.601356640802464,-17.99706606891485,31.011436820764704,37.541696266380676,31.91578451972642,-14.375827237888828,4.5043868257357635,-29.148017752441497,-4.165587275380624,-26.30766062690516,7.774183875123594,27.819539290862224,11.193481385008507,18.197667662378986,39.59780370087948,33.5075648535843,16.691934174970548,-19.42643262290969,-1.3912606898195197,-8.737373523326788,-12.668003962251952,-2.4505717480886693,-1.1580839504291456,17.02208030519672
19.061667633971723,-6.849684972228803,-0.038185713505846056,3.1839034634817156,11.76977948172127,-31.38564241040429,14.970875096968326,14.154867443247353,-0.7030891145403328,-3.9811394094388635,-51.62689752196193,-32.764555227949856,0.9195754166689376,-11.546825283785825,-26.947327254964158,-23.066530285532615,-10.750405955574374,-9.782447045183197,-60.557338065269484,-41.7420474715591,-32.205296204835605,-16.958395368042915,29.056641302195878,35.08748578850342,29.626462205951192,-13.252951045277003,4.089798050049914,-27.034586938943864,-3.949811707103479,-24.342345167969636,7.484726509987023,25.730662967399734,10.535193844714758,16.775183337827897,36.871106428358935,30.93352133731941,15.070374640657374,-18.10140687638982,-1.7673268361765677,-8.161700341292251,-11.75948670004487,-1.7603642617782589,-0.80424844266167,15.98882544189882
-1.610873155670523,0.28427342257426086,0.3731970428705669,-0.4402491510670542,-0.9149588553412882,1.4615742381169945,-0.7449919313705928,-0.7030891145403328,0.3402003030757191,0.32575887103104956,3.139203630732804,1.3593976531224037,0.1871330744680684,0.8091573422526609,1.4775637250920657,1.1111866114105444,0.727904153128467,0.9062576905811233,3.8647816496791454,2.7363220373143564,1.6569649213985853,1.1226936658728068,-2.001593635707773,-2.0653526968667677,-1.6740365410710432,0.5018010899283424,-0.14421983235904065,1.5660237976440232,0.2856730640010527,1.3471889991029495,-0.6694751903654226,-1.4161045060657904,-0.8064509766714296,-0.36060184746370233,-2.127435235954999,-1.5452239195414115,-0.4645920977383139,1.2243625260423623,0.6143503737699255,0.3831908614944112,0.8794362201550191,-0.3051434017886954,-0.2444220732850938,-1.055090923496765
-5.6428636463639235,1.8372639315543566,0.2258941325803136,-1.009120162196204,-3.4285547129480354,8.649743531993483,-4.134248867099738,-3.9811394094388635,0.32575887103104956,1.2366173768590987,14.629510452792443,8.9521643514806,-0.12813089219410062,3.313792559417039,7.564791311769729,6.406368204139695,3.0511693774652158,2.9346774003098415,17.29685901383092,12.022104677383728,9.023283075829008,4.8869711467321935,-8.355371124351205,-9.932219479414943,-8.343825717296408,3.622139261017763,-1.1000991590845797,7.635475010824608,1.1520740991551446,6.878073699871595,-2.232970771294103,-7.201257984638138,-3.0495725523796477,-4.498840049475571,-10.422962711524217,-8.553240748706848,-4.0253479816199365,5.22005520865624,0.8230321813707622,2.2653855077438134,3.4289825979584325,0.2390730115497658,0.01676886307949946,-4.585107682673559
-70.62737470241477,25.58570430186919,-0.02221331436679194,-12.158372160755903,-43.730658822008266,116.31988918868637,-55.41179138031857,-51.62689752196193,3.139203630732804,14.629510452792443,191.55836285255594,121.42664979389367,-3.427607863434135,43.05288047749807,99.77378347214345,85.56138876729545,40.58337067706301,36.31995415187621,224.1980054350549,154.3211337363704,118.91824397424574,62.637335749712804,-107.82455446233833,-129.73027835960633,-109.8513852827188,48.88873324619438,-15.16844179645313,100.44214596225707,14.591576006043717,90.35088355393337,-27.67769316941938,-95.48952352646481,-39.19007197508487,-61.27556029996231,-136.51963959850653,-114.65291270657944,-56.10208621162953,67.53082456711493,6.421965292251333,30.01923053092826,44.075415137453895,6.813395465471721,3.0026750055575078,-59.0650743096995
-42.97042349328161,16.837186056202246,-1.566944287087326,-7.144130454239898,-27.07580691658,75.33570509501897,-35.72296240880489,-32.764555227949856,1.3593976531224037,8.9521643514806,121.42664979389367,79.37201318770613,-3.0564757949159356,27.100609778474322,63.68520763178065,55.4705886718809,26.018254139452996,21.845605369010656,141.12049153045672,96.71537541456654,76.18560742041143,39.19196098226561,-67.57259706961932,-82.22470509160706,-70.18049663820686,31.94248262874996,-10.081991669160576,64.11151915097783,9.027234268006296,58.0287097404397,-16.594067711442978,-61.27935384278952,-24.237711535919797,-40.72835375591027,-86.93858626252269,-73.9666952556432,-37.476852045615345,42.53448805350439,2.2073895964953056,19.22722296198288,27.702400536762493,6.217862471309848,2.9855724047760193,-37.092581027853484
0.5880358529127307,-0.6934298428164135,0.5871989710903959,-0.014966801508942983,0.5310711150165669,-2.6876433901588492,1.2051658123134479,0.9195754166689376,0.1871330744680684,-0.12813089219410062,-3.427607863434135,-3.0564757949159356,0.40393795386656106,-0.6867555091649982,-1.9546697238644108,-1.9762533770103528,-0.8330501533140134,-0.20499317331054995,-3.62724198746109,-2.338082994647629,-2.4122393999265,-0.9176664632582848,1.6193888275740134,2.3061243135426768,2.1500564052081024,-1.2290993442582379,0.44151764993952675,-1.9508580653823528,-0.17644743973789534,-1.8712495565792195,0.15045200872721873,1.965229153617803,0.48182896073179876,1.7858648500029022,2.5665062905990585,2.515799168220759,1.7123131872538002,-1.1236490229536409,0.6055193347453154,-0.6109531193368909,-0.6939518579464649,-0.8217331155959784,-0.46104466873973643,0.8975261468155933
-16.01470545396831,5.7072128722048205,0.11786525505052038,-2.830469552404546,-9.901212450640577,25.995386988823384,-12.411345272886019,-11.546825283785825,0.8091573422526609,3.313792559417039,43.05288047749807,27.100609778474322,-0.6867555091649982,9.729094403204428,22.364078223278796,19.140371838925738,9.153784203921278,8.265537897764219,50.44335950084857,34.73448505267222,26.626449708215617,14.108338719764271,-24.32345878500276,-29.132111227757918,-24.662980525544562,10.884931890678377,-3.37437195604708,22.556658341601963,3.2940639228971222,20.27664752662911,-6.278092579310393,-21.429703326135613,-8.861203504609442,-13.552535238460687,-30.65588194175656,-25.67312612285376,-12.475730322770156,15.20520432880999,1.606773225737203,6.708095669273905,9.969022143011111,1.4176401107149883,0.586867227717652,-13.320623665625062
-36.461990438440516,13.431390381965256,-0.29192616750498623,-6.184894023743768,-22.647625553513077,60.89667064356218,-28.971478499330953,-26.947327254964158,1.4775637250920657,7.564791311769729,99.77378347214345,63.68520763178065,-1.9546697238644108,22.364078223278796,52.07088927525325,44.785183714102246,21.141359950859297,18.695992321428562,116.61848537350787,80.21148626805581,62.117994137919816,32.54151750523339,-56.00135832556357,-67.59261573027658,-57.30660707901524,25.659529077287356,-7.990234419687466,52.37861642624074,7.561529415500529,47.1791006856422,-14.257037266483787,-49.85418553310529,-20.297421325756577,-32.31922443541194,-71.18393716797212,-59.95104943900714,-29.557355484101905,35.11812120196788,2.998762123953505,15.688699693366907,22.879711825717248,3.8661433119273956,1.7588031325731335,-30.6974435836014
-30.61463794952861,11.743958392168352,-0.8164536296243071,-5.173452421919314,-19.208259726442428,52.76378803851481,-25.04584833733935,-23.066530285532615,1.1111866114105444,6.406368204139695,85.56138876729545,55.4705886718809,-1.9762533770103528,19.140371838925738,44.785183714102246,38.889399982848815,18.3177433386204,15.618772611648138,99.6269227578775,68.37641613408574,53.53972947573455,27.722146822508627,-47.77587948634992,-57.94263484387876,-49.36800735706496,22.327722677953023,-7.0237095188965695,45.120752046127315,6.401855028059307,40.80763821213343,-11.858317311132472,-43.0594040196578,-17.176732998339883,-28.345233096669123,-61.207730543358245,-51.869688411291854,-26.05926603212976,30.042472767018314,1.9549117467865083,13.496466297524675,19.602467810126925,4.03391133792919,1.8679069274530056,-26.20862404582519
-14.702617431939952,5.539248609075883,-0.24924648491990892,-2.614416768717504,-9.206084474314647,24.81345651602196,-11.791439438858635,-10.750405955574374,0.727904153128467,3.0511693774652158,40.58337067706301,26.018254139452996,-0.8330501533140134,9.153784203921278,21.141359950859297,18.3177433386204,8.820338496556618,7.547456494051724,47.26443258179104,32.433517980001255,25.185730889179847,13.150426897090743,-22.766467540151403,-27.39315767732297,-23.352835869874358,10.419727456000345,-3.282114288643916,21.389183344918866,3.046950420882196,19.301935256019433,-5.701199660144968,-20.365400387657008,-8.23273207638579,-13.025120826724088,-28.942510557797227,-24.44417205018338,-12.18985650212893,14.3446870197833,1.1259325566317482,6.317352326766979,9.427500246199006,1.778482560653747,0.7698010913439042,-12.431038396632252
-14.283005231564092,4.544416781423594,0.7696259366483458,-2.5990475344479007,-8.61642218645203,21.25601728576993,-10.217897465164874,-9.782447045183197,0.9062576905811233,2.9346774003098415,36.31995415187621,21.845605369010656,-0.20499317331054995,8.265537897764219,18.695992321428562,15.618772611648138,7.547456494051724,7.475755762207895,43.00780828027065,29.8083703887711,22.16036401195913,12.13707353866983,-20.83943051679072,-24.609828465724675,-20.570268389195522,8.799128907355174,-2.645790408776198,18.83375503556879,2.8790276139138125,16.765261662089483,-5.711772302636646,-17.74929258121914,-7.726844269400295,-10.694746524723985,-25.699905634902837,-21.12102504334266,-9.69518116998069,12.921650136930362,2.1468927395082527,5.598676015601812,8.47154876782658,0.3578130951516014,0.04040607341112145,-11.39177964061897
-83.44600520326527,29.647123720545665,0.6667709626583171,-14.421844765018285,-51.45283765978834,135.474806637219,-64.62283335470826,-60.557338065269484,3.8647816496791454,17.29685901383092,224.1980054350549,141.12049153045672,-3.62724198746109,50.44335950084857,116.61848537350787,99.6269227578775,47.26443258179104,43.00780828027065,262.91184890174833,181.19096111934314,138.93654041256377,73.58088833453483,-126.53586096657742,-151.91658045202198,-128.35841083627437,56.85782425655478,-17.55727076168463,117.35060275735209,17.184483432163827,105.43989479726967,-32.80863928652876,-111.44631925204354,-46.106085111802926,-71.07615001940185,-159.67183416098862,-133.65702568675567,-64.81755455470602,79.0955566648087,8.351565908307187,35.08877085937261,51.62573700994363,7.123464955071773,3.0375738492778885,-69.33299994313452
-57.762963237324136,20.26273009583543,0.7520555054801553,-9.99599740397826,-35.51656140057489,92.96500144229776,-44.356937086257965,-41.7420474715591,2.7363220373143564,12.022104677383728,154.3211337363704,96.71537541456654,-2.338082994647629,34.73448505267222,80.21148626805581,68.37641613408574,32.433517980001255,29.8083703887711,181.19096111934314,125.01301207965068,95.55006347487469,50.7716188488784,-87.22960415137277,-104.59869057002653,-88.26600548456933,38.99595134878145,-12.001514411624225,80.70502296229432,11.878290264819663,72.4823875321267,-22.757330608436774,-76.56493082868106,-31.821543009957733,-48.68971366480325,-109.86977091075543,-91.74037700065864,-44.26394144296863,54.512876072410805,6.129935172901029,24.134158734393232,35.574863237016636,4.520095248466353,1.8430706805782937,-47.7968442262076
-43.268535948147836,16.053541692221156,-0.4952955110051878,-7.313402135878566,-26.921413960651048,72.7453514328439,-34.601356640802464,-32.205296204835605,1.6569649213985853,9.023283075829008,118.91824397424574,76.18560742041143,-2.4122393999265,26.626449708215617,62.117994137919816,53.53972947573455,25.185730889179847,22.16036401195913,138.93654041256377,95.55006347487469,74.19563101668388,38.77148441114304,-66.67904670248788,-80.60952028596046,-68.39242169292584,30.71642918597327,-9.568199682141394,62.49679901046441,8.997458536424551,56.35653708120521,-16.88205762595706,-59.52061236272098,-24.102943340781398,-38.83323425039357,-84.93508106600963,-71.60814209611354,-35.43035592634116,41.79145048651377,3.4180699169845883,18.744610918872052,27.22637463544958,4.794248719929347,2.196376491121384,-36.58939749417388
-23.498035550927995,8.206749140996985,0.3562184506164056,-4.08801201132802,-14.438933904283047,37.68106956271164,-17.99706606891485,-16.958395368042915,1.1226936658728068,4.8869711467321935,62.637335749712804,39.19196098226561,-0.9176664632582848,14.108338719764271,32.54151750523339,27.722146822508627,13.150426897090743,12.13707353866983,73.58088833453483,50.7716188488784,38.77148441114304,20.63345975787412,-35.43979603031778,-42.470668196473106,-35.82259000259203,15.80491410435993,-4.85136772320017,32.752106072191445,4.828575165314848,29.404785666695197,-9.258713556489397,-31.06907716348094,-12.928929599595628,-19.726042404685675,-44.59378099624884,-37.21498127239225,-17.91098265830201,22.10515206983179,2.5452470111259498,9.796655515020046,14.438314285892405,1.7879151241079416,0.7284415207949422,-19.425278673775225
40.35090093470444,-14.193821896887643,-0.5071819779279167,7.0748126240202645,24.849188392639274,-64.93159685609362,31.011436820764704,29.056641302195878,-2.001593635707773,-8.355371124351205,-107.82455446233833,-67.57259706961932,1.6193888275740134,-24.32345878500276,-56.00135832556357,-47.77587948634992,-22.766467540151403,-20.83943051679072,-126.53586096657742,-87.22960415137277,-66.67904670248788,-35.43979603031778,60.98518857543037,73.03735429103277,61.68494661009027,-27.19754368071784,8.386680155805287,-56.408556092843085,-8.28750106145446,-50.65337666174184,15.873516145357527,53.54239573081911,22.252317731595088,33.870865414497494,76.74686313134595,64.13379516833068,30.95816686875797,-38.07270517951422,-4.264215843883117,-16.8246796920704,-24.906251410577642,-3.2397335878515063,-1.3308685078633744,33.4031881050406
47.86410055852221,-17.3000093948625,-0.023852526129250214,8.20624689058347,29.618951804420067,-78.77102372939507,37.541696266380676,35.08748578850342,-2.0653526968667677,-9.932219479414943,-129.73027835960633,-82.22470509160706,2.3061243135426768,-29.132111227757918,-67.59261573027658,-57.94263484387876,-27.39315767732297,-24.609828465724675,-151.91658045202198,-104.59869057002653,-80.60952028596046,-42.470668196473106,73.03735429103277,87.92996705818464,74.4070226816492,-33.13885916581571,10.265887165323923,-68.00757067755397,-9.892383991600031,-61.187338262734386,18.76400817700988,64.6681593219117,26.529710110327567,41.61503839365287,92.49610725188663,77.65661046199811,37.948047978019694,-45.674231844928165,-4.395825338407698,-20.363726800879615,-29.792394725168247,-4.563319125507633,-2.021818891018301,40.043812159362425
40.09787660804714,-14.802753352024027,0.35335678483109406,6.879143115722886,24.9456942955558,-67.04844252238726,31.91578451972642,29.626462205951192,-1.6740365410710432,-8.343825717296408,-109.8513852827188,-70.18049663820686,2.1500564052081024,-24.662980525544562,-57.30660707901524,-49.36800735706496,-23.352835869874358,-20.570268389195522,-128.35841083627437,-88.26600548456933,-68.39242169292584,-35.82259000259203,61.68494661009027,74.4070226816492,63.146820787759076,-28.25073840872239,8.80230406175057,-57.72126431393129,-8.319916284213342,-52.03172349178382,15.642881312705997,54.95557697504457,22.32607322325645,35.58341118406088,78.40936786084124,66.04660040699814,32.61038460079988,-38.65134893027397,-3.3028107440063414,-17.256122442469355,-25.242699186134672,-4.348959732729515,-1.9498281257855938,33.82165833069804
-17.31603674370922,6.762006336372932,-0.6114741362902524,-2.8427959741562625,-10.890415355849624,30.329756875341648,-14.375827237888828,-13.252951045277003,0.5018010899283424,3.622139261017763,48.88873324619438,31.94248262874996,-1.2290993442582379,10.884931890678377,25.659529077287356,22.327722677953023,10.419727456000345,8.799128907355174,56.85782425655478,38.99595134878145,30.71642918597327,15.80491410435993,-27.19754368071784,-33.13885916581571,-28.25073840872239,12.884103256388164,-4.0520791679543215,25.80514561243888,3.640293392319439,23.35357905668282,-6.697973427799597,-24.65186279241663,-9.749702506900315,-16.469126750221353,-35.01255461662129,-29.76810837575022,-15.062446739683258,17.114454714648474,0.9065809587533503,7.7630162023121345,11.121742394306219,2.4555872042325255,1.1871438593049006,-14.936324180870445
5.24519474209527,-2.1514119022302003,0.31322407957568543,0.8507355452051768,3.344374608720322,-9.529297818509116,4.5043868257357635,4.089798050049914,-0.14421983235904065,-1.1000991590845797,-15.16844179645313,-10.081991669160576,0.44151764993952675,-3.37437195604708,-7.990234419687466,-7.0237095188965695,-3.282114288643916,-2.645790408776198,-17.55727076168463,-12.001514411624225,-9.568199682141394,-4.85136772320017,8.386680155805287,10.265887165323923,8.80230406175057,-4.0520791679543215,1.3132116511912009,-8.03300871513767,-1.1085277356779777,-7.309359143725874,2.009392778964583,7.7130601543750466,2.9874542022596295,5.201103934634527,10.893860088068323,9.336915288055435,4.8212915727468255,-5.310524450629776,-0.1558748783824918,-2.404646697808497,-3.4524127807648473,-0.9121528307136755,-0.44083006715554574,4.614208998430147
-36.68865744408204,13.532981985804756,-0.30437003886037395,-6.323320544108739,-22.814171516384377,61.25821906868643,-29.148017752441497,-27.034586938943864,1.5660237976440232,7.635475010824608,100.44214596225707,64.11151915097783,-1.9508580653823528,22.556658341601963,52.37861642624074,45.120752046127315,21.389183344918866,18.83375503556879,117.35060275735209,80.70502296229432,62.49679901046441,32.752106072191445,-56.408556092843085,-68.00757067755397,-57.72126431393129,25.80514561243888,-8.03300871513767,52.7926463128283,7.609645307819942,47.56614858362822,-14.315934330742557,-50.22922554482089,-20.42223500096756,-32.45817121346431,-71.66497411692393,-60.35381964061862,-29.794531816283463,35.377196171511834,3.0490246183426315,15.765932229402518,23.111515342932066,3.9423490884062558,1.7577463688751158,-30.903584918553534
-5.552010751919093,1.883498452154391,0.15166552533651378,-0.9740081245225969,-3.3897368009542683,8.708754183496914,-4.165587275380624,-3.949811707103479,0.2856730640010527,1.1520740991551446,14.591576006043717,9.027234268006296,-0.17644743973789534,3.2940639228971222,7.561529415500529,6.401855028059307,3.046950420882196,2.8790276139138125,17.184483432163827,11.878290264819663,8.997458536424551,4.828575165314848,-8.28750106145446,-9.892383991600031,-8.319916284213342,3.640293392319439,-1.1085277356779777,7.609645307819942,1.1362185650440322,6.813272159326875,-2.198948926539887,-7.202339294972395,-3.039065139641643,-4.515136546465664,-10.369706195996299,-8.613019297768076,-4.0886598603924,5.163219065495189,0.6714462794702727,2.275735847884006,3.372040237268389,0.33100305081943115,0.12222433737841365,-4.540052652905024
-32.740592539736404,12.24382279935733,-0.4974034112194942,-5.623328151349865,-20.443498420505595,55.33199918882346,-26.30766062690516,-24.342345167969636,1.3471889991029495,6.878073699871595,90.35088355393337,58.0287097404397,-1.8712495565792195,20.27664752662911,47.1791006856422,40.80763821213343,19.301935256019433,16.765261662089483,105.43989479726967,72.4823875321267,56.35653708120521,29.404785666695197,-50.65337666174184,-61.187338262734386,-52.03172349178382,23.35357905668282,-7.309359143725874,47.56614858362822,6.813272159326875,42.979941602110955,-12.723169039924386,-45.31858951530597,-18.266097326221526,-29.503796158167063,-64.57177327726193,-54.461405474831544,-27.088374917724547,31.799462689548292,2.540429097403854,14.192833548673867,20.79521873939373,3.8375809333869264,1.6886371478017568,-27.77782600311915
10.926146641468836,-3.4469642299888656,-0.6183905803743468,1.944484124227416,6.56610291885491,-16.18615012369282,7.774183875123594,7.484726509987023,-0.6694751903654226,-2.232970771294103,-27.67769316941938,-16.594067711442978,0.15045200872721873,-6.278092579310393,-14.257037266483787,-11.858317311132472,-5.701199660144968,-5.711772302636646,-32.80863928652876,-22.757330608436774,-16.88205762595706,-9.258713556489397,15.873516145357527,18.76400817700988,15.642881312705997,-6.697973427799597,2.009392778964583,-14.315934330742557,-2.198948926539887,-12.723169039924386,4.392328949101571,13.48454339927801,5.905206445164592,8.140372568069443,19.564637684331824,16.059122802184667,7.331256933263438,-9.853580516950649,-1.65402073580832,-4.274260797401662,-6.427176361136516,-0.20657259886176016,-0.010755082709848844,8.67430236661765
34.64912082696546,-12.953777976969722,0.49573130968857015,5.944395309466143,21.622271845905384,-58.46115858623872,27.819539290862224,25.730662967399734,-1.4161045060657904,-7.201257984638138,-95.48952352646481,-61.27935384278952,1.965229153617803,-21.429703326135613,-49.85418553310529,-43.0594040196578,-20.365400387657008,-17.74929258121914,-111.44631925204354,-76.56493082868106,-59.52061236272098,-31.06907716348094,53.54239573081911,64.6681593219117,54.95557697504457,-24.65186279241663,7.7130601543750466,-50.22922554482089,-7.202339294972395,-45.31858951530597,13.48454339927801,47.87669142263068,19.34276048157076,31.10214497767348,68.20094621399262,57.57974704153117,28.574591718476523,-33.558869165271545,-2.6549755534695842,-15.010464782974788,-21.925398524204557,-4.023844507081066,-1.8330696172698804,29.364924286071794
14.904306102190533,-5.086701553817795,-0.38378216850985986,2.6255284370584913,9.112499034702447,-23.401588388373543,11.193481385008507,10.535193844714758,-0.8064509766714296,-3.0495725523796477,-39.19007197508487,-24.237711535919797,0.48182896073179876,-8.861203504609442,-20.297421325756577,-17.176732998339883,-8.23273207638579,-7.726844269400295,-46.106085111802926,-31.821543009957733,-24.102943340781398,-12.928929599595628,22.252317731595088,26.529710110327567,22.32607322325645,-9.749702506900315,2.9874542022596295,-20.42223500096756,-3.039065139641643,-18.266097326221526,5.905206445164592,19.34276048157076,8.184217245921309,12.023739442853085,27.813792334080816,23.136361313043565,10.993201579458313,-13.88163565335813,-1.760397092770013,-6.087111896872189,-9.071256418805735,-0.9243587976463932,-0.3600009942885704,12.168075846295297
21.2114406738858,-8.607718764404199,1.1687308592784678,3.349622547416898,13.45457795234571,-38.47655137765183,18.197667662378986,16.775183337827897,-0.36060184746370233,-4.498840049475571,-61.27556029996231,-40.72835375591027,1.7858648500029022,-13.552535238460687,-32.31922443541194,-28.345233096669123,-13.025120826724088,-10.694746524723985,-71.07615001940185,-48.68971366480325,-38.83323425039357,-19.726042404685675,33.870865414497494,41.61503839365287,35.58341118406088,-16.469126750221353,5.201103934634527,-32.45817121346431,-4.515136546465664,-29.503796158167063,8.140372568069443,31.10214497767348,12.023739442853085,21.361018909328145,44.0527525194254,37.672906209212734,19.38290160780307,-21.32374081578496,-0.6577076087380215,-9.831551766664242,-13.812378546999087,-3.556406157569899,-1.763444948058857,18.663691804839594
50.05707388038098,-18.310198075248508,0.24638630688662932,8.583329955659142,31.074327949985772,-83.14844791777527,39.59780370087948,36.871106428358935,-2.127435235954999,-10.422962711524217,-136.51963959850653,-86.93858626252269,2.5665062905990585,-30.65588194175656,-71.18393716797212,-61.207730543358245,-28.942510557797227,-25.699905634902837,-159.67183416098862,-109.86977091075543,-84.93508106600963,-44.59378099624884,76.74686313134595,92.49610725188663,78.40936786084124,-35.01255461662129,10.893860088068323,-71.66497411692393,-10.369706195996299,-64.57177327726193,19.564637684331824,68.20094621399262,27.813792334080816,44.0527525194254,97.41643006886062,81.92759245904675,40.28568474770383,-48.06100047918193,-4.342072276834775,-21.43331830969238,-31.374315176190763,-5.152324531813852,-2.2821828836433067,42.088263253964925
41.31566083436998,-15.664365420996377,0.8474356181103351,6.998885337645016,25.841926215816382,-70.47497693533509,33.5075648535843,30.93352133731941,-1.5452239195414115,-8.553240748706848,-114.65291270657944,-73.9666952556432,2.515799168220759,-25.67312612285376,-59.95104943900714,-51.869688411291854,-24.44417205018338,-21.12102504334266,-133.65702568675567,-91.74037700065864,-71.60814209611354,-37.21498127239225,64.13379516833068,77.65661046199811,66.04660040699814,-29.76810837575022,9.336915288055435,-60.35381964061862,-8.613019297768076,-54.461405474831544,16.059122802184667,57.57974704153117,23.136361313043565,37.672906209212734,81.92759245904675,69.37045336765588,34.60660759093403,-40.22632945641219,-2.831431698814023,-18.081003728086976,-26.227573013770147,-5.110270099263974,-2.416028570975671,35.188994383303104
19.228487130074463,-8.00522843091109,1.270529811013322,3.1452863076743243,12.29557123853495,-35.336452095295535,16.691934174970548,15.070374640657374,-0.4645920977383139,-4.0253479816199365,-56.10208621162953,-37.476852045615345,1.7123131872538002,-12.475730322770156,-29.557355484101905,-26.05926603212976,-12.18985650212893,-9.69518116998069,-64.81755455470602,-44.26394144296863,-35.43035592634116,-17.91098265830201,30.95816686875797,37.948047978019694,32.61038460079988,-15.062446739683258,4.8212915727468255,-29.794531816283463,-4.0886598603924,-27.088374917724547,7.331256933263438,28.574591718476523,10.993201579458313,19.38290160780307,40.28568474770383,34.60660759093403,17.993203305750974,-19.59908824558655,-0.3827444570393526,-8.926304814095978,-12.766578320196738,-3.5439435868797533,-1.7416212646301454,16.997701302154287
-25.075819533903303,8.954033919017945,0.1366364708102505,-4.346012322153642,-15.476203128487308,40.82981964010133,-19.42643262290969,-18.10140687638982,1.2243625260423623,5.22005520865624,67.53082456711493,42.53448805350439,-1.1236490229536409,15.20520432880999,35.11812120196788,30.042472767018314,14.3446870197833,12.921650136930362,79.0955566648087,54.512876072410805,41.79145048651377,22.10515206983179,-38.07270517951422,-45.674231844928165,-38.65134893027397,17.114454714648474,-5.310524450629776,35.377196171511834,5.163219065495189,31.799462689548292,-9.853580516950649,-33.558869165271545,-13.88163565335813,-21.32374081578496,-48.06100047918193,-40.22632945641219,-19.59908824558655,23.94314702979627,2.4728021461593213,10.52840612580898,15.633824529187288,2.194958282353107,0.8935794221344028,-20.81385414496111
-3.790062928702627,0.33943664947327074,1.2379311009879215,-0.8794538853127596,-1.9896750255932965,2.6240129206510536,-1.3912606898195197,-1.7673268361765677,0.6143503737699255,0.8230321813707622,6.421965292251333,2.2073895964953056,0.6055193347453154,1.606773225737203,2.998762123953505,1.9549117467865083,1.1259325566317482,2.1468927395082527,8.351565908307187,6.129935172901029,3.4180699169845883,2.5452470111259498,-4.264215843883117,-4.395825338407698,-3.3028107440063414,0.9065809587533503,-0.1558748783824918,3.0490246183426315,0.6714462794702727,2.540429097403854,-1.65402073580832,-2.6549755534695842,-1.760397092770013,-0.6577076087380215,-4.342072276834775,-2.831431698814023,-0.3827444570393526,2.4728021461593213,1.7802183987738835,0.8482948174658249,1.6939958099303114,-1.2638770545451254,-0.8084228315334276,-2.3154278653166136
-10.931289293109392,4.048089714908766,-0.11213666429489375,-1.8263874912899865,-6.788316573112856,18.3648162968247,-8.737373523326788,-8.161700341292251,0.3831908614944112,2.2653855077438134,30.01923053092826,19.22722296198288,-0.6109531193368909,6.708095669273905,15.688699693366907,13.496466297524675,6.317352326766979,5.598676015601812,35.08877085937261,24.134158734393232,18.744610918872052,9.796655515020046,-16.8246796920704,-20.363726800879615,-17.256122442469355,7.7630162023121345,-2.404646697808497,15.765932229402518,2.275735847884006,14.192833548673867,-4.274260797401662,-15.010464782974788,-6.087111896872189,-9.831551766664242,-21.43331830969238,-18.081003728086976,-8.926304814095978,10.52840612580898,0.8482948174658249,4.751054332876971,6.84011266834272,1.1858477962507354,0.5667738725977763,-9.237034806186005
-16.405073110133372,5.833597545158269,0.12528586757751164,-2.9231828945261316,-10.141085071586604,26.579820535060723,-12.668003962251952,-11.75948670004487,0.8794362201550191,3.4289825979584325,44.075415137453895,27.702400536762493,-0.6939518579464649,9.969022143011111,22.879711825717248,19.602467810126925,9.427500246199006,8.47154876782658,51.62573700994363,35.574863237016636,27.22637463544958,14.438314285892405,-24.906251410577642,-29.792394725168247,-25.242699186134672,11.121742394306219,-3.4524127807648473,23.111515342932066,3.372040237268389,20.79521873939373,-6.427176361136516,-21.925398524204557,-9.071256418805735,-13.812378546999087,-31.374315176190763,-26.227573013770147,-12.766578320196738,15.633824529187288,1.6939958099303114,6.84011266834272,10.265946156584345,1.4347330328504546,0.5471746818030585,-13.613229635224416
-1.0654467482880752,1.431194813245109,-1.2622292152154033,-0.05380905968219465,-1.0652581523953937,5.396025457383768,-2.4505717480886693,-1.7603642617782589,-0.3051434017886954,0.2390730115497658,6.813395465471721,6.217862471309848,-0.8217331155959784,1.4176401107149883,3.8661433119273956,4.03391133792919,1.778482560653747,0.3578130951516014,7.123464955071773,4.520095248466353,4.794248719929347,1.7879151241079416,-3.2397335878515063,-4.563319125507633,-4.348959732729515,2.4555872042325255,-0.9121528307136755,3.9423490884062558,0.33100305081943115,3.8375809333869264,-0.20657259886176016,-4.023844507081066,-0.9243587976463932,-3.556406157569899,-5.152324531813852,-5.110270099263974,-3.5439435868797533,2.194958282353107,-1.2638770545451254,1.1858477962507354,1.4347330328504546,1.8249500767898876,0.9849579842513166,-1.8087147173571867
-0.29175309293660306,0.7110177780600264,-0.7128241949738447,0.0615481899729555,-0.39430408551553614,2.5571160495958565,-1.1580839504291456,-0.80424844266167,-0.2444220732850938,0.01676886307949946,3.0026750055575078,2.9855724047760193,-0.46104466873973643,0.586867227717652,1.7588031325731335,1.8679069274530056,0.7698010913439042,0.04040607341112145,3.0375738492778885,1.8430706805782937,2.196376491121384,0.7284415207949422,-1.3308685078633744,-2.021818891018301,-1.9498281257855938,1.1871438593049006,-0.44083006715554574,1.7577463688751158,0.12222433737841365,1.6886371478017568,-0.010755082709848844,-1.8330696172698804,-0.3600009942885704,-1.763444948058857,-2.2821828836433067,-2.416028570975671,-1.7416212646301454,0.8935794221344028,-0.8084228315334276,0.5667738725977763,0.5471746818030585,0.9849579842513166,0.6035669388228962,-0.7521397348519655
22.072227736146438,-7.775595402135781,-0.25853679550920744,3.853199056722041,13.60459460537555,-35.61146596323236,17.02208030519672,15.98882544189882,-1.055090923496765,-4.585107682673559,-59.0650743096995,-37.092581027853484,0.8975261468155933,-13.320623665625062,-30.6974435836014,-26.20862404582519,-12.431038396632252,-11.39177964061897,-69.33299994313452,-47.7968442262076,-36.58939749417388,-19.425278673775225,33.4031881050406,40.043812159362425,33.82165833069804,-14.936324180870445,4.614208998430147,-30.903584918553534,-4.540052652905024,-27.77782600311915,8.67430236661765,29.364924286071794,12.168075846295297,18.663691804839594,42.088263253964925,35.188994383303104,16.997701302154287,-20.81385414496111,-2.3154278653166136,-9.237034806186005,-13.613229635224416,-1.8087147173571867,-0.7521397348519655,18.336414847723052
