V1,V2,V3,V4,V5,V6,V7,V8,V9,V10,V11,V12,V13,V14,V15,V16,V17,V18,V19,V20,V21,V22,V23,V24,V25,V26,V27,V28,V29,V30,V31,V32,V33,V34,V35,V36,V37,V38,V39,V40,V41,V42,V43,V44
0.2841932066785477,0.2947890750365856,-0.037089413097385365,-0.041807580824356615,-0.0488349356064683,-0.737334616653874,0.4642319719988851,-0.46314518904488167,0.5452723756227483,-0.37647543565550823,0.00983220328221966,0.1437478435781017,-0.0333736497148535,0.500167967058155,-0.45748162848892393,-0.2739974951864575,-0.9379462692246278,0.055236267630621894,-0.252843175493724,-0.8102265211636459,-0.14344300403749324,-0.14066962809728134,0.17261061581262574,-0.5534551887885278,-0.39466400620013325,0.2529981002191626,-0.09095167955496823,0.09667018575889398,-0.2394016831188955,-0.009210119561420791,-0.09156328803793766,-0.2519922908993065,0.13430665137764386,-0.47122883368965396,0.2412826143214023,0.17456264309556954,0.10322645883812975,-0.5984583622121294,-0.61229874449601,0.11954011787254318,0.44286362345540314,-0.49035624965102875,0.4687521257708492,0.4663825376886055
0.2947890750365856,3.6404079955029744,1.1705077330573146,-0.7451405209967729,-0.0013103543147256248,-4.0379503753771875,1.151786126180702,-2.496183289804181,0.5404028084666329,-1.3708727282602653,0.43522780908438025,1.1035093934853812,1.5425966999501293,0.9664809422304607,-2.27969591606048,-1.9073744892239886,-3.743182481930051,-1.1926885076251157,-0.6254293380307554,-1.5727849126069886,-0.28451295918498193,0.2878590934315748,-0.0042614736506927636,-2.8879297281983867,0.05051847941159434,0.9710064000916504,0.36507407084571936,2.0484421874748384,-1.4002836500522202,0.8581653591714559,-0.8064900850354011,-0.4993106327889705,0.7531999944616988,-1.9013477916304904,1.201597661244958,-1.126085986939507,0.96272867336526,-1.127071004118433,-1.8473832198699012,-0.20949336552992756,-0.09214324595931112,-0.13426660328565482,0.6217778813609377,-0.28445832117993014
-0.037089413097385365,1.1705077330573146,1.0209598951006664,-0.03615876308684815,0.24868771970569006,-0.5381821814455507,0.08425856518113611,-0.39865094529253325,-0.7139025533689164,0.006565226235299933,0.03304296890129199,0.657080512282891,0.34438338568513077,0.24186842544691847,0.0757110909589666,-0.577607212278638,-0.2743547758258039,-0.31407668609939793,-0.031155231655782822,0.10902808241377603,0.029023048717760045,0.8562074316634818,0.06342423631995633,0.021700595053149134,0.4523308545469105,0.25969155263028143,0.28434721493944026,0.9125289814366783,-0.22205849659504764,-0.02477862772153481,-0.2979288411208005,-0.1291643973426381,-0.06015344587235249,-0.22349063698668453,0.5219600843322019,-0.31933897549387713,0.5725941996544082,0.4177410770731426,-0.1995576378481202,-0.13735266298978716,-0.5852000668555764,0.43180122332719295,-0.7440413516143131,-0.778525005338682
-0.041807580824356615,-0.7451405209967729,-0.03615876308684815,0.7072373823313144,0.42812140639415996,1.4606930947873287,-0.3136390970916852,0.7552898369742604,-0.251369178962647,0.29932890771007203,0.39642226582614715,-0.10385100836270442,-0.2346530558882571,-0.4239280326531126,0.6620958352869485,0.6693426941077824,1.4628308175723002,-0.14172076521844837,-0.27964194982029816,0.9099349861511178,0.554919917464623,0.041773308022546765,-0.2798133633576773,0.768671029768081,0.9652292793107343,-0.010538436289265294,0.2576097217981112,-0.18901153786520422,-0.01814081625038085,0.0433169105993263,0.44653375690648817,0.3292458037165321,-0.10676430199472868,0.8483756454249035,-0.1473727594609065,0.0262986153430012,-0.5739797318624348,0.5878234453113883,0.8510668170005092,-0.18556059173848977,0.08656199693662382,-0.12600176201355215,-0.44820340484447063,-0.41632167115873664
-0.0488349356064683,-0.0013103543147256248,0.24868771970569006,0.42812140639415996,0.38945611913647454,0.7085946826971948,-0.1702041921717608,0.21517117134766647,-0.16398066868337907,0.07805234370819623,0.3788067083829012,0.072082888850476,0.0838096278478341,-0.21088643579483693,0.2562716686994964,0.24942075745083567,0.7459503692683631,-0.29682571976751954,-0.3130040744096028,0.6368443932509524,0.4143342196936803,0.22514912877689255,-0.2817100600714689,0.2785978083619432,0.861975501741957,0.1133675499481072,0.2742839609110144,0.19737602319177425,-0.17567829162773055,0.17254752762179185,0.2745297418072977,0.24883158438713202,0.023823309486945776,0.4731141461276394,0.00801708493518172,-0.21933437888399293,-0.3133490773005657,0.4925705064654646,0.5059702391705598,-0.24924613444575208,-0.14411243913482336,8.88888034619823e-5,-0.40548896278914287,-0.5865746653055148
-0.737334616653874,-4.0379503753771875,-0.5381821814455507,1.4606930947873287,0.7085946826971948,6.509799531228858,-2.081096013782041,3.3084471920097913,-1.439125504885247,2.0802853878886243,0.10205783765014723,-1.1373091923281942,-1.4578927105633095,-1.8431737550873606,3.449393976741682,2.6980289393065413,6.358085466460597,0.7800466669614056,0.5118931651240246,3.7312482179223774,1.0509772210644768,0.6947516585707477,-0.7242977948275338,4.343883117687162,1.8332766467370458,-1.1740807210232316,0.15259102832652632,-1.8895128588913397,1.55654843619137,-0.609824098636853,1.4298484642419793,1.3256827259312587,-0.9017933995822872,3.4321751879170703,-1.6528972128239943,0.58785056462787455,-1.5175527292600104,3.0730267985719193,3.542781717080519,-0.39398955636873717,-1.1199721635271809,0.8773179499850583,-2.120283701114644,-1.5661817973066974
0.4642319719988851,1.151786126180702,0.08425856518113611,-0.3136390970916852,-0.1702041921717608,-2.081096013782041,1.0032437197470636,-1.21461563100672,1.0107097658886781,-0.913561850641004,0.0213714590519427,0.35277695075012117,0.25083685922541843,0.9971020388309983,-1.2111392703903028,-0.8309205598059998,-2.34477463968919,-0.06096017749338589,-0.4490209095567151,-1.6627825851936602,-0.37745604077327555,-0.2300260469287081,0.3522119651156701,-1.472389612916699,-0.8522961404118705,0.5294589488637375,-0.13507454737301774,0.48849224540418584,-0.5721645688763682,0.10345254486264134,-0.3454957556474161,-0.5201324003614048,0.33476967857071804,-1.146153696512652,0.5595953385611636,0.07670877099439893,0.40064675633204605,-1.2504723123300774,-1.4231382731276279,0.17626598028840448,0.6846049473142515,-0.7987750009055534,0.923913848428879,0.8010867820380124
-0.46314518904488167,-2.496183289804181,-0.39865094529253325,0.7552898369742604,0.21517117134766647,3.3084471920097913,-1.21461563100672,2.444622173652666,-1.6483776005457285,1.4640967814010661,-0.2580156494463938,-0.510797284563273,-0.9667491726280677,-1.213574054687133,2.2867415596266873,1.4130314404811593,3.621446017340673,0.5511649026955261,0.6726311784946956,2.0469079479616332,0.5133959815677209,0.040873871886811096,-0.016334432777692556,2.6764597297362993,0.7704184547105717,-0.7672878924426652,0.05646012707740339,-1.1214008233558943,1.0693014099535059,-0.7118778606349504,0.4566254885564629,0.4002753939844752,-0.812288633148834,1.6979585327564315,-0.6078188824745954,0.5667289695069339,-0.5513502499550501,1.3797541513257299,1.8499306247544063,0.092207233059206,-0.21946773656271623,0.6934544553563362,-1.2332757062232313,-0.3704355932469094
0.5452723756227483,0.5404028084666329,-0.7139025533689164,-0.251369178962647,-0.16398066868337907,-1.439125504885247,1.0107097658886781,-1.6483776005457285,2.7200546473146563,-1.3715284202989821,0.408939047268506,-0.3813085662627356,0.24908616959181248,1.019979586823807,-1.8654326730930715,-0.2933116657799074,-2.361806669176434,-0.002835426219716251,-0.9655017050626075,-1.7770218090351155,-0.2929628347918926,-0.6785896733434882,-0.18400772492772952,-2.0008224345247965,-0.9464410791606221,0.4805048102199056,-0.34641627741638387,-0.15504132107367088,-0.69947507936798,0.6419474803212147,0.3170487024330743,-0.026465707636960396,0.8117365521083074,-0.7802483944741372,-0.2265918813686503,-0.015053490320007749,-0.49527008416249124,-1.3374503029152183,-1.1551964220024489,-0.1131745596524416,0.7947805433264916,-1.4359074803264609,1.738034265005937,0.9070429911419425
-0.37647543565550823,-1.3708727282602653,0.006565226235299933,0.29932890771007203,0.07805234370819623,2.0802853878886243,-0.913561850641004,1.4640967814010661,-1.3715284202989821,1.1388350915919703,-0.32223396550820455,-0.1806186420998129,-0.5744530564538342,-0.809415094037057,1.6074404863229108,0.7492145062419502,2.351018525971475,0.3672275983468687,0.6695883663617598,1.4254294687560984,0.21144698484293423,0.3558545861307147,-0.011672573299548955,1.869060370718853,0.47578821009975086,-0.5504536079054864,0.034671951032426304,-0.599863039439929,0.7915754304230196,-0.5046558695361699,0.16687584647761441,0.2407487224422909,-0.57084069570418,1.0329726404529476,-0.37802560315511613,0.30330765300791096,-0.09219759529549545,1.1538667139576602,1.2149543051211336,0.07739091517219385,-0.5483294597817849,0.800413832185202,-1.0474561128634947,-0.4902411570072428
0.00983220328221966,0.43522780908438025,0.03304296890129199,0.39642226582614715,0.3788067083829012,0.10205783765014723,0.0213714590519427,-0.2580156494463938,0.408939047268506,-0.32223396550820455,0.7452877371499604,-0.0037043431048530496,0.47336962060012955,-0.28644102099161134,-0.45524542304956084,0.17080625709748096,0.11616137098964696,-0.6862604351865591,-0.6021272458305723,0.4770619223177309,0.5237608366675377,-0.17008770761742212,-0.5498057797468364,-0.6074383676888295,1.0811265674054584,0.276247417648847,0.36991963138274436,0.3603791075577307,-0.5986694595227511,0.6566650736747347,0.3411207755673565,0.37368939080606295,0.35956780683780165,0.29158926334947854,-0.020576321062275704,-0.5758276358859773,-0.5771289928130401,0.15507100291524684,0.3627912239963376,-0.38111988605105923,0.060354263818106706,-0.2633063126254659,0.09615880281936193,-0.529224180085868
0.1437478435781017,1.1035093934853812,0.657080512282891,-0.10385100836270442,0.072082888850476,-1.1373091923281942,0.35277695075012117,-0.510797284563273,-0.3813085662627356,-0.1806186420998129,-0.0037043431048530496,0.6618072187166482,0.3015843331073935,0.40387981648802446,-0.2856982235530827,-0.6558993311837182,-0.9191306792398798,-0.2776925745466206,-0.07224842840721672,-0.4397897949559924,-0.09022266016864293,0.36364635584451027,0.22803568484723885,-0.4763412399901094,0.07898588600527111,0.33047679653065537,0.14901123630000493,0.7731550216001548,-0.3553036895303771,-0.013163516714214058,-0.4086732042206822,-0.3610413127832871,0.009124041632578723,-0.612502184684176,0.65922950444382,-0.15386580397144375,0.5489692743793015,-0.22759851068839027,-0.6067486383786865,0.05618142895010569,-0.004487741717645351,0.07069634316703059,-0.16833281034244774,-0.1251695433556378
-0.0333736497148535,1.5425966999501293,0.34438338568513077,-0.2346530558882571,0.0838096278478341,-1.4578927105633095,0.25083685922541843,-0.9667491726280677,0.24908616959181248,-0.5744530564538342,0.47336962060012955,0.3015843331073935,0.9523833282262063,-0.012592640391328448,-1.1036661583345415,-0.6061850784526098,-1.2116386298148218,-0.8383077141423235,-0.35524188191325373,-0.12001595905804514,0.12297114847184532,-0.07349631957457987,-0.3325893481577533,-1.396588704900436,0.5671511879069865,0.33785343215777736,0.284357599479464,0.8884927239236247,-0.720084198066331,0.7247457516188315,-0.1691765223436223,0.0703182407587421,0.45377894373232824,-0.5279497888486017,0.3157976037888517,-0.8633070231736238,0.05976262241634352,-0.24833091017947376,-0.36440052641211884,-0.2957794258102387,-0.1623915882553656,0.08429191256575876,0.26368514558142264,-0.4534002803421996
0.500167967058155,0.9664809422304607,0.24186842544691847,-0.4239280326531126,-0.21088643579483693,-1.8431737550873606,0.9971020388309983,-1.213574054687133,1.019979586823807,-0.809415094037057,-0.28644102099161134,0.40387981648802446,-0.012592640391328448,1.3591720371616687,-0.9290775755086803,-0.8808436808378132,-2.273247100849967,0.34877403184909544,-0.3249103874319966,-1.871613086158844,-0.613008301944016,0.16266598500852292,0.5797324999928226,-1.0448216710564362,-1.2982890876277078,0.4422035503381055,-0.33117431870934627,0.38988137243425763,-0.2810037308994252,-0.22572502889162302,-0.4011280542737823,-0.6538455809758458,0.1744405047734791,-1.1814468436844996,0.535727993618451,0.36553278949884266,0.622836476550498,-1.0923138694963677,-1.55962877306982,0.24065918968069713,0.4809512430032191,-0.726313515938676,0.7110638662261594,0.7746804655802312
-0.45748162848892393,-2.27969591606048,0.0757110909589666,0.6620958352869485,0.2562716686994964,3.449393976741682,-1.2111392703903028,2.2867415596266873,-1.8654326730930715,1.6074404863229108,-0.45524542304956084,-0.2856982235530827,-1.1036661583345415,-0.9290775755086803,2.6275038796843675,1.2415825532441302,3.671660413752338,0.7836004861531812,0.8158837689072059,2.0123675650486477,0.34612474986274705,0.6916096477565334,0.10476727978202637,3.076535455328152,0.611031692454857,-0.7520689467286372,0.03727743876136697,-0.9422889753095479,1.2462740301108104,-0.9595671818528217,0.3423982660233281,0.32472859068868476,-0.9464724026439207,1.6979756861830826,-0.5540081385992457,0.6904823964051224,-0.2003027747855383,1.7646592366520149,1.7580625713347973,0.09692791570345564,-0.700738733391769,0.9119588271908019,-1.689055708355573,-0.7204688510977958
-0.2739974951864575,-1.9073744892239886,-0.577607212278638,0.6693426941077824,0.24942075745083567,2.6980289393065413,-0.8309205598059998,1.4130314404811593,-0.2933116657799074,0.7492145062419502,0.17080625709748096,-0.6558993311837182,-0.6061850784526098,-0.8808436808378132,1.2415825532441302,1.30549612063879,2.5953128077196523,0.28188553716007836,0.1318428318371043,1.5164509364866319,0.49808298209680557,-0.1067166153758997,-0.38248358863181975,1.560721903583209,0.7608929591064735,-0.5042198162915391,0.04219330958602596,-0.9664951782919368,0.5585392106413888,-0.11733969547355373,0.6798172202805128,0.6131079548852064,-0.28818558817676726,1.4454357775994433,-0.7990247796422225,0.24117226260733537,-0.8902991246469689,1.0464877109168549,1.5075732955832621,-0.1618409182565402,-0.17431725984395618,0.14112551543161708,-0.5560104136407102,-0.4046721186417516
-0.9379462692246278,-3.743182481930051,-0.2743547758258039,1.4628308175723002,0.7459503692683631,6.358085466460597,-2.34477463968919,3.621446017340673,-2.361806669176434,2.351018525971475,0.11616137098964696,-0.9191306792398798,-1.2116386298148218,-2.273247100849967,3.671660413752338,2.5953128077196523,6.709458012128229,0.4722812650256986,0.7637599549287282,4.257215474693135,1.2050945288420096,0.7102451357354499,-0.7427648142606967,4.472952720205984,2.3177385826385595,-1.2341104844384438,0.3748794580096289,-1.5430844748308343,1.5186458860698484,-0.5810484241127314,1.1992730175552107,1.317835827139748,-1.038537490304012,3.4475828261179093,-1.4170265295754039,0.31484839610820814,-1.3386801461999922,3.2890155074999883,3.7897584311219545,-0.41196668964941763,-1.284580664637103,1.3923640088354374,-2.537774390129603,-1.882491501375686
0.055236267630621894,-1.1926885076251157,-0.31407668609939793,-0.14172076521844837,-0.29682571976751954,0.7800466669614056,-0.06096017749338589,0.5511649026955261,-0.002835426219716251,0.3672275983468687,-0.6862604351865591,-0.2776925745466206,-0.8383077141423235,0.34877403184909544,0.7836004861531812,0.28188553716007836,0.4722812650256986,1.0231133167238862,0.4674238709384012,-0.36983619796039197,-0.4517028817949273,0.1426510429859687,0.517663234272231,1.0460001893282667,-1.1593101639991683,-0.3652094303843192,-0.46645480547316476,-0.787555765422757,0.7857033172722845,-0.7822912167776419,-0.05718710112245842,-0.23564842949576625,-0.4218395149219857,0.13865354568570398,-0.29390532473623937,0.8635392717045373,0.2180717884707376,0.014409688486765646,-0.10785498559740286,0.34968127366828483,0.05607558044760553,-0.042036549687149316,-0.0868902596427256,0.5829041755437739
-0.252843175493724,-0.6254293380307554,-0.031155231655782822,-0.27964194982029816,-0.3130040744096028,0.5118931651240246,-0.4490209095567151,0.6726311784946956,-0.9655017050626075,0.6695883663617598,-0.6021272458305723,-0.07224842840721672,-0.35524188191325373,-0.3249103874319966,0.8158837689072059,0.1318428318371043,0.7637599549287282,0.4674238709384012,0.8274237832011017,0.39069507734422243,-0.29126576461240195,0.18388734280913396,0.28770682323579744,0.9559798561411822,-0.4586176813497071,-0.4720404411908018,-0.18537003652915157,-0.3673429984231108,0.6791379774178091,-0.508373333268573,-0.28278425275893004,-0.09807476004460494,-0.43618650672148845,0.14543827112444394,-0.16471556021288947,0.3081377591698646,0.40388936668767056,0.3865314649684648,0.27013327355217576,0.25537547621989726,-0.40664328102974195,0.6981252958845802,-0.4923154820401224,0.05361133796544454
-0.8102265211636459,-1.5727849126069886,0.10902808241377603,0.9099349861511178,0.6368443932509524,3.7312482179223774,-1.6627825851936602,2.0469079479616332,-1.7770218090351155,1.4254294687560984,0.4770619223177309,-0.4397897949559924,-0.12001595905804514,-1.871613086158844,2.0123675650486477,1.5164509364866319,4.257215474693135,-0.36983619796039197,0.39069507734422243,3.351983146122695,1.036959265536301,0.5170288672246648,-0.8685713773025723,2.3385570122663704,2.331517668794604,-0.6993416540803423,0.5615513735810777,-0.43412835643884823,0.6092649823409948,0.14841231620659542,0.7580336002649328,1.089049547474082,-0.45900063277408787,2.2604563638661856,-0.8444924691864868,-0.5249214395374177,-0.9497160305777929,2.4382687105409295,2.691423021346491,-0.5613048471718703,-1.233227665823099,1.2531794354674197,-1.826799674822423,-1.9039300475277718
-0.14344300403749324,-0.28451295918498193,0.029023048717760045,0.554919917464623,0.4143342196936803,1.0509772210644768,-0.37745604077327555,0.5133959815677209,-0.2929628347918926,0.21144698484293423,0.5237608366675377,-0.09022266016864293,0.12297114847184532,-0.613008301944016,0.34612474986274705,0.49808298209680557,1.2050945288420096,-0.4517028817949273,-0.29126576461240195,1.036959265536301,0.6117399811512985,-0.04608836274078609,-0.4668783263440039,0.34633922795523336,1.203159236935773,0.029160703937838192,0.3643523654685606,0.04482618628696428,-0.18972295503897138,0.31644843653388943,0.40046668112281536,0.41994340542826614,0.04418537214994227,0.7316931656401218,-0.13436547367566623,-0.3315578565108895,-0.5763015287885053,0.5889059228784491,0.8725027101773796,-0.29339024013590975,-0.07435313854269099,0.0683815365326779,-0.3813907571133803,-0.6245594656666134
-0.14066962809728134,0.2878590934315748,0.8562074316634818,0.041773308022546765,0.22514912877689255,0.6947516585707477,-0.2300260469287081,0.040873871886811096,-0.6785896733434882,0.3558545861307147,-0.17008770761742212,0.36364635584451027,-0.07349631957457987,0.16266598500852292,0.6916096477565334,-0.1067166153758997,0.7102451357354499,0.1426510429859687,0.18388734280913396,0.5170288672246648,-0.04608836274078609,1.166990858787993,0.05755108435182578,0.923041744233276,0.2732258209876802,-0.06926794897704973,0.09350572739697577,0.3722374315593594,0.2688904631989705,-0.2705896222762976,-0.05637307889076821,0.07007164026778281,-0.25132847756053334,0.34512581182791824,0.05289993140238828,-0.030603901726901386,0.41840412957961653,0.9919223172271442,0.2665867925636995,-0.1538633961210058,-0.9523042779880676,0.5675175617365295,-1.0696577069868527,-0.9543989877638837
0.17261061581262574,-0.0042614736506927636,0.06342423631995633,-0.2798133633576773,-0.2817100600714689,-0.7242977948275338,0.3522119651156701,-0.016334432777692556,-0.18400772492772952,-0.011672573299548955,-0.5498057797468364,0.22803568484723885,-0.3325893481577533,0.5797324999928226,0.10476727978202637,-0.38248358863181975,-0.7427648142606967,0.517663234272231,0.28770682323579744,-0.8685713773025723,-0.4668783263440039,0.05755108435182578,0.6499795490759539,0.10488182214658323,-1.0295507045425158,-0.006685129090395307,-0.28783492840687847,-0.04603865725754389,0.25967900785981685,-0.5719169739227006,-0.42429892055255014,-0.5472506360318189,-0.2653301272529481,-0.5758679220455936,0.34543677985963095,0.533011100714901,0.5949414714974286,-0.546742120977144,-0.762114577166489,0.38356323931233527,0.32519166537601124,-0.10405645356435926,0.11557940791797781,0.6953562403375794
-0.5534551887885278,-2.8879297281983867,0.021700595053149134,0.768671029768081,0.2785978083619432,4.343883117687162,-1.472389612916699,2.6764597297362993,-2.0008224345247965,1.869060370718853,-0.6074383676888295,-0.4763412399901094,-1.396588704900436,-1.0448216710564362,3.076535455328152,1.560721903583209,4.472952720205984,1.0460001893282667,0.9559798561411822,2.3385570122663704,0.34633922795523336,0.923041744233276,0.10488182214658323,3.8143290985937726,0.5764823574063015,-0.9818627799377193,-0.049619146513628073,-1.2791532756489277,1.5734297298690623,-1.1465740887567262,0.5151723112755748,0.48774061037084226,-1.0998446634034136,2.11859809512947,-0.8219259581941929,0.8854284011944069,-0.2740413958915684,2.168402182668665,2.145208470223316,0.07930398456697231,-0.9387815340986801,1.05821475750664,-2.0022391217986706,-0.8589364950855533
-0.39466400620013325,0.05051847941159434,0.4523308545469105,0.9652292793107343,0.861975501741957,1.8332766467370458,-0.8522961404118705,0.7704184547105717,-0.9464410791606221,0.47578821009975086,1.0811265674054584,0.07898588600527111,0.5671511879069865,-1.2982890876277078,0.611031692454857,0.7608929591064735,2.3177385826385595,-1.1593101639991683,-0.4586176813497071,2.331517668794604,1.203159236935773,0.2732258209876802,-1.0295507045425158,0.5764823574063015,2.7296300936547127,0.06175989818846698,0.8506043702688042,0.5077028279134352,-0.46616972713653737,0.7798617955872454,0.637339402737822,0.8818866328754331,0.11562553783306447,1.3540545213700517,-0.14665980667975986,-1.0024239497292713,-0.9108302604886048,1.5018012652020372,1.7710292295461332,-0.6965118198800933,-0.6286596210718974,0.5335434167694983,-1.0893941197927832,-1.759955531770673
0.2529981002191626,0.9710064000916504,0.25969155263028143,-0.010538436289265294,0.1133675499481072,-1.1740807210232316,0.5294589488637375,-0.7672878924426652,0.4805048102199056,-0.5504536079054864,0.276247417648847,0.33047679653065537,0.33785343215777736,0.4422035503381055,-0.7520689467286372,-0.5042198162915391,-1.2341104844384438,-0.3652094303843192,-0.4720404411908018,-0.6993416540803423,0.029160703937838192,-0.06926794897704973,-0.006685129090395307,-0.9818627799377193,0.06175989818846698,0.4696842439535732,0.13745840387823405,0.5515074135706337,-0.5779559244468214,0.2652685989925402,-0.10419165485686034,-0.19423836238298056,0.29424363387133606,-0.5716572037435127,0.4370570763721518,-0.19597590460718134,0.1122628272393549,-0.5723793369616575,-0.6430296644322082,-0.041809946923692845,0.34052254681156613,-0.4363551593139488,0.4074114515380847,0.14242981352135917
-0.09095167955496823,0.36507407084571936,0.28434721493944026,0.2576097217981112,0.2742839609110144,0.15259102832652632,-0.13507454737301774,0.05646012707740339,-0.34641627741638387,0.034671951032426304,0.36991963138274436,0.14901123630000493,0.284357599479464,-0.33117431870934627,0.03727743876136697,0.04219330958602596,0.3748794580096289,-0.46645480547316476,-0.18537003652915157,0.5615513735810777,0.3643523654685606,0.09350572739697577,-0.28783492840687847,-0.049619146513628073,0.8506043702688042,0.13745840387823405,0.33788551203468153,0.3748093962704658,-0.2819207237957341,0.27237540864649856,0.09029098718939203,0.20301862148709446,0.07522403049152657,0.2375322553269478,0.11740032341463602,-0.37782680807728247,-0.15203282116004252,0.32464134347990786,0.3604426546306077,-0.20610380608287793,-0.15589645799649418,0.1467657452904599,-0.3125860009964661,-0.5298371250237861
0.09667018575889398,2.0484421874748384,0.9125289814366783,-0.18901153786520422,0.19737602319177425,-1.8895128588913397,0.48849224540418584,-1.1214008233558943,-0.15504132107367088,-0.599863039439929,0.3603791075577307,0.7731550216001548,0.8884927239236247,0.38988137243425763,-0.9422889753095479,-0.9664951782919368,-1.5430844748308343,-0.787555765422757,-0.3673429984231108,-0.43412835643884823,0.04482618628696428,0.3722374315593594,-0.04603865725754389,-1.2791532756489277,0.5077028279134352,0.5515074135706337,0.3748093962704658,1.3573514607498667,-0.8074496765765828,0.4527765413149683,-0.45070931735722614,-0.2218993140612548,0.302667788756561,-0.8282948276718319,0.7891825274096477,-0.7202068560271411,0.512305946888779,-0.2833263174293828,-0.7448899090616992,-0.21465573698756432,-0.17952677337876502,0.10324900662537133,-0.09260301000051659,-0.5468384004765089
-0.2394016831188955,-1.4002836500522202,-0.22205849659504764,-0.01814081625038085,-0.17567829162773055,1.55654843619137,-0.5721645688763682,1.0693014099535059,-0.69947507936798,0.7915754304230196,-0.5986694595227511,-0.3553036895303771,-0.720084198066331,-0.2810037308994252,1.2462740301108104,0.5585392106413888,1.5186458860698484,0.7857033172722845,0.6791379774178091,0.6092649823409948,-0.18972295503897138,0.2688904631989705,0.25967900785981685,1.5734297298690623,-0.46616972713653737,-0.5779559244468214,-0.2819207237957341,-0.8074496765765828,0.9446176214615164,-0.6878114186149248,0.06603930373575649,0.052356446036159514,-0.5307290833730804,0.6477779420095994,-0.47076055876475487,0.5783090033783328,0.07740781168002171,0.674865431738822,0.6139923774721785,0.20268419130727416,-0.38494219809044067,0.4911667465926607,-0.6028552674801635,0.017593001037022993
-0.009210119561420791,0.8581653591714559,-0.02477862772153481,0.0433169105993263,0.17254752762179185,-0.609824098636853,0.10345254486264134,-0.7118778606349504,0.6419474803212147,-0.5046558695361699,0.6566650736747347,-0.013163516714214058,0.7247457516188315,-0.22572502889162302,-0.9595671818528217,-0.11733969547355373,-0.5810484241127314,-0.7822912167776419,-0.508373333268573,0.14841231620659542,0.31644843653388943,-0.2705896222762976,-0.5719169739227006,-1.1465740887567262,0.7798617955872454,0.2652685989925402,0.27237540864649856,0.4527765413149683,-0.6878114186149248,0.8370902740957183,0.19707828725550205,0.33218571380072254,0.522729691465294,-0.07992144512634228,-0.03248851441547858,-0.7493690881012401,-0.41755249190015997,-0.10305948638103153,0.06814631571791255,-0.36498447524417155,-0.03414084947126084,-0.16694145060828022,0.4003162461038326,-0.40703635791693565
-0.09156328803793766,-0.8064900850354011,-0.2979288411208005,0.44653375690648817,0.2745297418072977,1.4298484642419793,-0.3454957556474161,0.4566254885564629,0.3170487024330743,0.16687584647761441,0.3411207755673565,-0.4086732042206822,-0.1691765223436223,-0.4011280542737823,0.3423982660233281,0.6798172202805128,1.1992730175552107,-0.05718710112245842,-0.28278425275893004,0.7580336002649328,0.40046668112281536,-0.05637307889076821,-0.42429892055255014,0.5151723112755748,0.637339402737822,-0.10419165485686034,0.09029098718939203,-0.45070931735722614,0.06603930373575649,0.19707828725550205,0.5963834245729319,0.4710508402254741,0.07266907524870092,0.8338703838344216,-0.49115438742783923,-0.043710612859034145,-0.6955891700867431,0.5415169484080433,0.8224066970162427,-0.24018114764845896,-0.08603081007247801,-0.15267626660946917,-0.11257143151808165,-0.34065193023274654
-0.2519922908993065,-0.4993106327889705,-0.1291643973426381,0.3292458037165321,0.24883158438713202,1.3256827259312587,-0.5201324003614048,0.4002753939844752,-0.026465707636960396,0.2407487224422909,0.37368939080606295,-0.3610413127832871,0.0703182407587421,-0.6538455809758458,0.32472859068868476,0.6131079548852064,1.317835827139748,-0.23564842949576625,-0.09807476004460494,1.089049547474082,0.41994340542826614,0.07007164026778281,-0.5472506360318189,0.48774061037084226,0.8818866328754331,-0.19423836238298056,0.20301862148709446,-0.2218993140612548,0.052356446036159514,0.33218571380072254,0.4710508402254741,0.5956911021944115,0.0743023062606015,0.863193504454213,-0.5161520388371359,-0.3245067869029446,-0.5903220230559708,0.8014080729841397,0.9832856653301764,-0.3375498402361589,-0.4491711995965089,0.2267197438640992,-0.3664798012904633,-0.7139756996946112
0.13430665137764386,0.7531999944616988,-0.06015344587235249,-0.10676430199472868,0.023823309486945776,-0.9017933995822872,0.33476967857071804,-0.812288633148834,0.8117365521083074,-0.57084069570418,0.35956780683780165,0.009124041632578723,0.45377894373232824,0.1744405047734791,-0.9464724026439207,-0.28818558817676726,-1.038537490304012,-0.4218395149219857,-0.43618650672148845,-0.45900063277408787,0.04418537214994227,-0.25132847756053334,-0.2653301272529481,-1.0998446634034136,0.11562553783306447,0.29424363387133606,0.07522403049152657,0.302667788756561,-0.5307290833730804,0.522729691465294,0.07266907524870092,0.0743023062606015,0.43886933924556587,-0.37397862642787255,0.05822822587875372,-0.37794734698665333,-0.16411179380908913,-0.4433401428308121,-0.3644949821657892,-0.15920981320208108,0.16456362365774646,-0.3587942457267096,0.5894345106590071,0.04703552674685756
-0.47122883368965396,-1.9013477916304904,-0.22349063698668453,0.8483756454249035,0.4731141461276394,3.4321751879170703,-1.146153696512652,1.6979585327564315,-0.7802483944741372,1.0329726404529476,0.29158926334947854,-0.612502184684176,-0.5279497888486017,-1.1814468436844996,1.6979756861830826,1.4454357775994433,3.4475828261179093,0.13865354568570398,0.14543827112444394,2.2604563638661856,0.7316931656401218,0.34512581182791824,-0.5758679220455936,2.11859809512947,1.3540545213700517,-0.5716572037435127,0.2375322553269478,-0.8282948276718319,0.6477779420095994,-0.07992144512634228,0.8338703838344216,0.863193504454213,-0.37397862642787255,1.9735139865698388,-0.9072766321108323,0.02664354682253147,-0.9467193262780473,1.7620470258882934,2.0446931086351388,-0.355449735514607,-0.6945215722625715,0.5209185230031854,-1.185765091542502,-1.1000446597772744
0.2412826143214023,1.201597661244958,0.5219600843322019,-0.1473727594609065,0.00801708493518172,-1.6528972128239943,0.5595953385611636,-0.6078188824745954,-0.2265918813686503,-0.37802560315511613,-0.020576321062275704,0.65922950444382,0.3157976037888517,0.535727993618451,-0.5540081385992457,-0.7990247796422225,-1.4170265295754039,-0.29390532473623937,-0.16471556021288947,-0.8444924691864868,-0.13436547367566623,0.05289993140238828,0.34543677985963095,-0.8219259581941929,-0.14665980667975986,0.4370570763721518,0.11740032341463602,0.7891825274096477,-0.47076055876475487,-0.03248851441547858,-0.49115438742783923,-0.5161520388371359,0.05822822587875372,-0.9072766321108323,0.8194101888439741,-0.08078052764278058,0.5844649918145592,-0.6977184036849622,-0.9151297155167359,0.15204009677981078,0.3826826116718455,-0.1583150022453525,0.16242852561614715,0.27326499034561363
0.17456264309556954,-1.126085986939507,-0.31933897549387713,0.0262986153430012,-0.21933437888399293,0.58785056462787455,0.07670877099439893,0.5667289695069339,-0.015053490320007749,0.30330765300791096,-0.5758276358859773,-0.15386580397144375,-0.8633070231736238,0.36553278949884266,0.6904823964051224,0.24117226260733537,0.31484839610820814,0.8635392717045373,0.3081377591698646,-0.5249214395374177,-0.3315578565108895,-0.030603901726901386,0.533011100714901,0.8854284011944069,-1.0024239497292713,-0.19597590460718134,-0.37782680807728247,-0.7202068560271411,0.5783090033783328,-0.7493690881012401,-0.043710612859034145,-0.3245067869029446,-0.37794734698665333,0.02664354682253147,-0.08078052764278058,0.9192924912863093,0.18319578603807596,-0.2492736726725614,-0.20095815308298992,0.4135764653837899,0.4031208191240025,-0.2674269823759026,0.06676910829238249,0.8098603706310683
0.10322645883812975,0.96272867336526,0.5725941996544082,-0.5739797318624348,-0.3133490773005657,-1.5175527292600104,0.40064675633204605,-0.5513502499550501,-0.49527008416249124,-0.09219759529549545,-0.5771289928130401,0.5489692743793015,0.05976262241634352,0.622836476550498,-0.2003027747855383,-0.8902991246469689,-1.3386801461999922,0.2180717884707376,0.40388936668767056,-0.9497160305777929,-0.5763015287885053,0.41840412957961653,0.5949414714974286,-0.2740413958915684,-0.9108302604886048,0.1122628272393549,-0.15203282116004252,0.512305946888779,0.07740781168002171,-0.41755249190015997,-0.6955891700867431,-0.5903220230559708,-0.16411179380908913,-0.9467193262780473,0.5844649918145592,0.18319578603807596,1.0292861288882025,-0.46046114624645257,-1.0033545739202012,0.32088364182777585,-0.13218290433180535,0.27774043314782454,-0.08255686755660079,0.3208204572907231
-0.5984583622121294,-1.127071004118433,0.4177410770731426,0.5878234453113883,0.4925705064654646,3.0730267985719193,-1.2504723123300774,1.3797541513257299,-1.3374503029152183,1.1538667139576602,0.15507100291524684,-0.22759851068839027,-0.24833091017947376,-1.0923138694963677,1.7646592366520149,1.0464877109168549,3.2890155074999883,0.014409688486765646,0.3865314649684648,2.4382687105409295,0.5889059228784491,0.9919223172271442,-0.546742120977144,2.168402182668665,1.5018012652020372,-0.5723793369616575,0.32464134347990786,-0.2833263174293828,0.674865431738822,-0.10305948638103153,0.5415169484080433,0.8014080729841397,-0.4433401428308121,1.7620470258882934,-0.6977184036849622,-0.2492736726725614,-0.46046114624645257,2.1953271981776084,1.9548502830610426,-0.44186309592272743,-1.37897151726273,1.0888090540309523,-1.731562359333359,-1.728204730960803
-0.61229874449601,-1.8473832198699012,-0.1995576378481202,0.8510668170005092,0.5059702391705598,3.542781717080519,-1.4231382731276279,1.8499306247544063,-1.1551964220024489,1.2149543051211336,0.3627912239963376,-0.6067486383786865,-0.36440052641211884,-1.55962877306982,1.7580625713347973,1.5075732955832621,3.7897584311219545,-0.10785498559740286,0.27013327355217576,2.691423021346491,0.8725027101773796,0.2665867925636995,-0.762114577166489,2.145208470223316,1.7710292295461332,-0.6430296644322082,0.3604426546306077,-0.7448899090616992,0.6139923774721785,0.06814631571791255,0.8224066970162427,0.9832856653301764,-0.3644949821657892,2.0446931086351388,-0.9151297155167359,-0.20095815308298992,-1.0033545739202012,1.9548502830610426,2.369078050208852,-0.42181107076377555,-0.8494338291074637,0.8307847264454528,-1.3271572053641092,-1.3376270404931552
0.11954011787254318,-0.20949336552992756,-0.13735266298978716,-0.18556059173848977,-0.24924613444575208,-0.39398955636873717,0.17626598028840448,0.092207233059206,-0.1131745596524416,0.07739091517219385,-0.38111988605105923,0.05618142895010569,-0.2957794258102387,0.24065918968069713,0.09692791570345564,-0.1618409182565402,-0.41196668964941763,0.34968127366828483,0.25537547621989726,-0.5613048471718703,-0.29339024013590975,-0.1538633961210058,0.38356323931233527,0.07930398456697231,-0.6965118198800933,-0.041809946923692845,-0.20610380608287793,-0.21465573698756432,0.20268419130727416,-0.36498447524417155,-0.24018114764845896,-0.3375498402361589,-0.15920981320208108,-0.355449735514607,0.15204009677981078,0.4135764653837899,0.32088364182777585,-0.44186309592272743,-0.42181107076377555,0.32507635586647177,0.32061250095075633,-0.09451890416780444,0.22252860790066156,0.633677599362633
0.44286362345540314,-0.09214324595931112,-0.5852000668555764,0.08656199693662382,-0.14411243913482336,-1.1199721635271809,0.6846049473142515,-0.21946773656271623,0.7947805433264916,-0.5483294597817849,0.060354263818106706,-0.004487741717645351,-0.1623915882553656,0.4809512430032191,-0.700738733391769,-0.17431725984395618,-1.284580664637103,0.05607558044760553,-0.40664328102974195,-1.233227665823099,-0.07435313854269099,-0.9523042779880676,0.32519166537601124,-0.9387815340986801,-0.6286596210718974,0.34052254681156613,-0.15589645799649418,-0.17952677337876502,-0.38494219809044067,-0.03414084947126084,-0.08603081007247801,-0.4491711995965089,0.16456362365774646,-0.6945215722625715,0.3826826116718455,0.4031208191240025,-0.13218290433180535,-1.37897151726273,-0.8494338291074637,0.32061250095075633,1.3519634703062093,-0.9873203870023227,1.1121161911183628,1.3034323686307379
-0.49035624965102875,-0.13426660328565482,0.43180122332719295,-0.12600176201355215,8.88888034619823e-5,0.8773179499850583,-0.7987750009055534,0.6934544553563362,-1.4359074803264609,0.800413832185202,-0.2633063126254659,0.07069634316703059,0.08429191256575876,-0.726313515938676,0.9119588271908019,0.14112551543161708,1.3923640088354374,-0.042036549687149316,0.6981252958845802,1.2531794354674197,0.0683815365326779,0.5675175617365295,-0.10405645356435926,1.05821475750664,0.5335434167694983,-0.4363551593139488,0.1467657452904599,0.10324900662537133,0.4911667465926607,-0.16694145060828022,-0.15267626660946917,0.2267197438640992,-0.3587942457267096,0.5209185230031854,-0.1583150022453525,-0.2674269823759026,0.27774043314782454,1.0888090540309523,0.8307847264454528,-0.09451890416780444,-0.9873203870023227,1.1711613713256608,-1.0764262556181219,-0.9050192822106676
0.4687521257708492,0.6217778813609377,-0.7440413516143131,-0.44820340484447063,-0.40548896278914287,-2.120283701114644,0.923913848428879,-1.2332757062232313,1.738034265005937,-1.0474561128634947,0.09615880281936193,-0.16833281034244774,0.26368514558142264,0.7110638662261594,-1.689055708355573,-0.5560104136407102,-2.537774390129603,-0.0868902596427256,-0.4923154820401224,-1.826799674822423,-0.3813907571133803,-1.0696577069868527,0.11557940791797781,-2.0022391217986706,-1.0893941197927832,0.4074114515380847,-0.3125860009964661,-0.09260301000051659,-0.6028552674801635,0.4003162461038326,-0.11257143151808165,-0.3664798012904633,0.5894345106590071,-1.185765091542502,0.16242852561614715,0.06676910829238249,-0.08255686755660079,-1.731562359333359,-1.3271572053641092,0.22252860790066156,1.1121161911183628,-1.0764262556181219,1.764809080148685,1.38608575213607
0.4663825376886055,-0.28445832117993014,-0.778525005338682,-0.41632167115873664,-0.5865746653055148,-1.5661817973066974,0.8010867820380124,-0.3704355932469094,0.9070429911419425,-0.4902411570072428,-0.529224180085868,-0.1251695433556378,-0.4534002803421996,0.7746804655802312,-0.7204688510977958,-0.4046721186417516,-1.882491501375686,0.5829041755437739,0.05361133796544454,-1.9039300475277718,-0.6245594656666134,-0.9543989877638837,0.6953562403375794,-0.8589364950855533,-1.759955531770673,0.14242981352135917,-0.5298371250237861,-0.5468384004765089,0.017593001037022993,-0.40703635791693565,-0.34065193023274654,-0.7139756996946112,0.04703552674685756,-1.1000446597772744,0.27326499034561363,0.8098603706310683,0.3208204572907231,-1.728204730960803,-1.3376270404931552,0.633677599362633,1.3034323686307379,-0.9050192822106676,1.38608575213607,1.9182228512872486
