V1,V2,V3,V4,V5,V6,V7,V8,V9,V10,V11,V12,V13,V14,V15,V16,V17,V18,V19,V20,V21,V22,V23,V24,V25,V26,V27,V28,V29,V30,V31,V32,V33,V34,V35,V36,V37,V38,V39,V40,V41,V42,V43,V44
0.2571728934634677,-0.21979075266897388,-0.0534831957283473,0.22217262689551712,0.08265019536707731,0.11554615396799775,0.28033253149547993,-0.06856460355837297,0.4011821085714264,-0.14401577850236816,0.09888681094063957,0.043320203157496004,-0.31595467982413644,0.40450035245265376,0.01731898419946359,0.12112970887929717,-0.16732514201941334,0.22101239996825223,-0.30394916569736324,-0.38937145420431873,0.004264851896511669,-0.01366370523443419,0.11998658863120422,0.03184428025183274,-0.14164117261323447,0.24792752753782737,-0.010392484553499072,-0.10672117200905401,-0.05159504339055739,-0.20352342552538613,0.12516753208546105,-0.11954261660286233,-0.011988491229571316,-0.10453132012967407,0.13008453100425266,0.3180946128646343,-0.08203931797889769,-0.21917341304075094,-0.286842458531913,0.021536456847313912,0.40102512094562304,-0.4772732220539663,0.19627598900415866,0.2865991563974586
-0.21979075266897388,2.149916042812553,1.0017692585950448,-0.18785936641856726,0.2539521780637953,-1.3160067877339334,-0.027381476443146317,-0.9795073519767045,-0.6325270623714655,-0.2537929016630233,0.6664789966661093,0.6702212042509441,1.1812897719233117,-0.3051034866181233,-0.7901739545448144,-0.6557103583752777,-0.7508607439952877,-1.1628987885492548,-0.21629506847928487,0.6362372842752468,0.2959747629136804,0.49379545744197845,-0.5229584590513833,-1.0995749017357614,1.3540191223780706,0.46898942098970847,0.6741828281139309,1.438573706758526,-0.7811821845036168,0.7499409000024133,-0.2757684198934729,0.22307466898491574,0.3514086764864347,-0.4429623149280902,0.5427063654658513,-1.2614624639720626,0.3297264840633869,0.46569048688820314,-0.0885069864650429,-0.5322113230629409,-0.803889866898758,0.7121016671934146,-0.4795125306646903,-1.2969461952276646
-0.0534831957283473,1.0017692585950448,1.2725020305415695,0.0739607009989121,0.36930343034015894,-0.10030727567014547,-0.027318532207379554,-0.12979080655300282,-1.0870601641984727,0.22363279501915007,-0.12197243953857183,0.7867244310455378,0.1589632028057596,0.29836064587278255,0.5531414292978455,-0.5437559493994525,0.19529976052052878,-0.14913287899250074,0.08765124755175178,0.27660555089554445,0.04789642050920612,1.1934718839692908,0.182747217834958,0.5661139296312668,0.5090769603179867,0.16644353625739983,0.2717023806967471,0.9434818159412667,-0.0459944345412393,-0.24938449815989103,-0.34818292515678945,-0.18271898496984315,-0.2564259033664424,-0.03175375358245729,0.5694740218579435,-0.1553798212919512,0.6932513136965698,0.7155023724989468,-0.02762732901125948,-0.08323024277048197,-0.7627082977795187,0.5651025606094012,-1.178377113384246,-0.9935902817344937
0.22217262689551712,-0.18785936641856726,0.0739607009989121,0.8060597816462528,0.5679721504183383,0.8513626391827145,0.20349713147917786,0.05984264780947414,0.6192282321722354,-0.27960815780430004,0.6548876913525026,0.048168165725215775,-0.05165272812040475,0.12156138381423055,-0.007200422751074603,0.39611391742968644,0.5486112009647022,-0.3134895095244619,-0.839332110697806,0.25209562485115444,0.5493823483816446,0.12691046285118487,-0.2954439778492709,0.06084552536824519,0.878807517421685,0.3297531888975975,0.245087686636357,0.09174935420254308,-0.47536884757469494,0.3052944214983915,0.5511531789925537,0.25350965509808593,0.19040248172956425,0.6016271484599481,0.01517918690559048,-0.03547445897619065,-0.6597353031598604,0.20224118287721551,0.3582883641306649,-0.28057365397245065,0.3462174207264682,-0.7177270013353834,-0.06361003833427814,-0.3106710084492945
0.08265019536707731,0.2539521780637953,0.36930343034015894,0.5679721504183383,0.6727939773234463,0.5619219650786264,0.04219042123225715,-0.058821063247804034,0.38082227269589136,-0.294270512997996,0.41472382223298554,0.11652882169323073,0.2594083991965748,0.049378284514754796,-0.01465633883021873,-0.01926978920132838,0.44269640966281826,-0.4737562569740302,-0.6687698860753043,0.2480446392161442,0.5484015866299342,0.2816456724032246,-0.35058509080205896,-0.05282569638029242,0.9209186651743025,0.11666172538153007,0.16727044023224527,0.3700408642959223,-0.4811418297945876,0.47813163928803054,0.3565470822262474,0.22352929735272437,0.2346387383967902,0.585628511237464,-0.007169911921098462,-0.24969346793133493,-0.5074867196034513,0.2778192084349627,0.5421035471155191,-0.20444487126235816,-0.040482448969606163,-0.42061981965924705,-0.2963816982523946,-0.6541616967868653
0.11554615396799775,-1.3160067877339334,-0.10030727567014547,0.8513626391827145,0.5619219650786264,2.0805098858143993,-0.1899760947208812,0.8600979556973883,0.3175800682049191,0.20368687605512897,0.13249718718742765,-0.2516933443058677,-0.627147628584716,0.026956520198445442,0.9407059668959876,0.7172916818629792,1.6713901705745746,0.3004350039840745,-0.4366132983922577,0.47834231715997894,0.4703298218611813,0.2744584171169805,-0.1112288966253123,1.2110813196796075,0.47422061028191836,-0.161424132927373,-0.06341774985899615,-0.5465855696034342,0.18090910520875414,-0.15472221280609774,0.6391430460447727,0.2574847640487472,-0.1498316356657043,1.151734788268808,-0.3760304456235056,0.5099824513223912,-0.7097441274413367,0.5597880938248551,0.9001677755324643,-0.03832829840350144,0.16213662105864865,-0.5581856572990397,-0.4429112912141133,-0.23709795512607912
0.28033253149547993,-0.027381476443146317,-0.027318532207379554,0.20349713147917786,0.04219042123225715,-0.1899760947208812,0.44653545572666126,-0.200481866718252,0.5039910463267757,-0.2762837674087006,0.10050492059253761,0.13172911394336861,-0.21610868434027927,0.5024156152630033,-0.1900861272299147,-0.009830532842309989,-0.4668830258849741,0.1492141056511349,-0.3516238685997803,-0.564334150186683,-0.05867153757417041,0.02403644493788752,0.2117405859690519,-0.14024791896087146,-0.28147883802978085,0.2660958104584607,-0.05025891765974526,-0.018463580299613248,-0.174377804745771,-0.12381765064936039,0.07530612440461629,-0.1788624458956851,0.03320195618844573,-0.16265916040493647,0.20191878118886952,0.2873938343592529,-0.004873669201934436,-0.36361131226754817,-0.45831264121645254,0.04806579301994391,0.45926941360256207,-0.5714144883968701,0.2633545311639409,0.3972804086888841
-0.06856460355837297,-0.9795073519767045,-0.12979080655300282,0.05984264780947414,-0.058821063247804034,0.8600979556973883,-0.200481866718252,0.7973612540716087,-0.38440286756126774,0.41107905226458147,-0.5943527447804318,-0.14056543543861622,-0.5280059204393271,0.00391070855234865,0.8331384884224554,0.15641230990354946,0.8329595257967091,0.5620251036620209,0.41176937808627095,0.012200613245190714,-0.15446213444492707,0.16464227058290964,0.39045847269275813,1.0587695650616247,-0.5949963221834754,-0.47629731006237386,-0.3573775455653931,-0.5431839932715256,0.5527858012635813,-0.47233662050420716,-0.038380913802220085,-0.15833348572253395,-0.3717698999447761,0.46003962090390504,-0.21805046987485732,0.597387140348999,0.1033843761711775,0.141168126377835,0.3204055282531273,0.35028184298345094,-0.010531464134535424,0.07201661951356343,-0.351548929894557,0.30116522303490195
0.4011821085714264,-0.6325270623714655,-1.0870601641984727,0.6192282321722354,0.38082227269589136,0.3175800682049191,0.5039910463267757,-0.38440286756126774,2.435821015417005,-1.0434714396785436,0.7425528597443084,-0.7181786602062019,0.12290345267540101,0.19029478762345375,-1.123583431332627,0.42453836856424815,-0.43653465907084676,-0.3636726125823857,-1.2535189870906711,-0.6956545258435209,0.5132193597157078,-1.1019311074915958,-0.5612009136592226,-1.2046540630866904,0.20300211087515393,0.16499680908319234,-0.1977902695897412,-0.5892958627835531,-0.7726927121837778,0.9397761445372107,0.8849857358754478,0.3706692452768972,0.7682802690374093,0.46794330020011293,-0.5623357257473294,0.001416422766552603,-1.4400582923016265,-0.9416319459209913,0.2199630881137551,-0.13837981075759115,1.1506993765208537,-1.6751798310986767,1.433714449512732,0.6829199364853791
-0.14401577850236816,-0.2537929016630233,0.22363279501915007,-0.27960815780430004,-0.294270512997996,0.20368687605512897,-0.2762837674087006,0.41107905226458147,-1.0434714396785436,0.6427422579613383,-0.4450570122376256,0.1564609843488669,-0.3807992795726351,-0.06363334265018303,0.7442248398324951,0.06977633946877368,0.4110308570860642,0.4898158964026866,0.6697406820523435,0.2850180249027213,-0.3309735711402886,0.3542336047647705,0.35092736784874,0.8360689686504263,-0.36468440420965587,-0.12433196935794141,-0.008960314475575215,-0.11128141413616971,0.598055684294384,-0.6754249351218965,-0.3338654285906303,-0.2033522305828969,-0.46443703690480276,-0.18743355223518626,0.13547940251086993,0.2749628187258316,0.6007950903700713,0.39626983654147313,-0.10759322280953157,0.14903077077885066,-0.36222925482754914,0.6844416410967844,-0.5273520303818722,-0.022401475164725276
0.09888681094063957,0.6664789966661093,-0.12197243953857183,0.6548876913525026,0.41472382223298554,0.13249718718742765,0.10050492059253761,-0.5943527447804318,0.7425528597443084,-0.4450570122376256,1.5911897525701528,-0.00488439006969112,0.5984699523868093,-0.446383546255094,-0.9168112302363941,0.6735677312128122,0.036732105811096524,-1.0420170968163258,-1.1004734087972914,0.9335033352078009,0.8050897038405764,-0.42699029950390494,-0.9747369944289528,-1.113930631076645,1.8942546447948818,0.8525588304672943,0.8545752043347423,0.49466360192051945,-0.9784859619166113,0.8949435878606783,0.6946834016250898,0.6985666430703359,0.5804710704955265,0.1338406716058305,0.10538084348343049,-0.9840913069646082,-0.9382179969364832,0.28210596685254835,0.24293618004299183,-0.8658712201588777,0.2812141675596937,-0.43715539625546673,0.4094454535671373,-0.721731271320681
0.043320203157496004,0.6702212042509441,0.7867244310455378,0.048168165725215775,0.11652882169323073,-0.2516933443058677,0.13172911394336861,-0.14056543543861622,-0.7181786602062019,0.1564609843488669,-0.00488439006969112,0.6195892141511739,0.006305377799029116,0.3142508114900998,0.29313673262962747,-0.2897896923667114,-0.09042090964051916,-0.018326571048527786,0.04427418828610285,0.07618844470798415,-0.05954940324648812,0.7524668052510057,0.24184851178345707,0.31966086278340516,0.20940600716460858,0.2596641582330663,0.22182698374904739,0.6048280447523806,-0.04552382561532371,-0.29297619380388357,-0.2632586572175173,-0.20234248016141385,-0.21533478804147663,-0.2135409195074607,0.5219578182239675,-0.02816650599271543,0.5645142069497806,0.35742317245134503,-0.30759519322056,-0.059879617844186196,-0.32948236937072656,0.2962198180501244,-0.6627863394233067,-0.4441726806612478
-0.31595467982413644,1.1812897719233117,0.1589632028057596,-0.05165272812040475,0.2594083991965748,-0.627147628584716,-0.21610868434027927,-0.5280059204393271,0.12290345267540101,-0.3807992795726351,0.5984699523868093,0.006305377799029116,1.1815742884848965,-0.7207530961516846,-0.9122140507629973,-0.315861341562373,-0.2238245873398003,-1.1929332205017278,-0.2857235190975052,0.6985660422786724,0.4654181703601827,-0.18652323686613653,-0.7389490590686327,-1.1431661455706728,1.180892962379758,-0.03612706716759279,0.31897189161779993,0.6973329985582049,-0.7416538216685982,1.1735843463615294,0.10260435938259455,0.4805027353243256,0.5549778005329032,0.22854191354817902,-0.13855954879228063,-1.173309629544934,-0.4138368962967425,0.2050795581412824,0.5675264442331269,-0.3943250100577825,-0.4863904080810414,0.3108483376049504,0.03761145358879612,-0.8793544575498142
0.40450035245265376,-0.3051034866181233,0.29836064587278255,0.12156138381423055,0.049378284514754796,0.026956520198445442,0.5024156152630033,0.00391070855234865,0.19029478762345375,-0.06363334265018303,-0.446383546255094,0.3142508114900998,-0.7207530961516846,1.0345431744496139,0.46477243151895486,-0.2117951348927622,-0.3714969759131514,0.7740611966504972,-0.10779554035932862,-1.021896403902008,-0.3362517318850317,0.47882223128451307,0.6647117954401621,0.582777134384803,-0.9127983307520696,0.17309961924009268,-0.2792909415646007,-0.09658767761254296,0.25534179652840955,-0.7704200482931105,-0.15101045069493207,-0.5353398508612655,-0.30057476626096796,-0.30269129538990547,0.3656533667154932,0.8825006042196677,0.4437056364357014,-0.33186397933083356,-0.6904346667311468,0.3320403105473693,0.37938552479824816,-0.5437398621243033,-0.09757235774449532,0.534176137525377
0.01731898419946359,-0.7901739545448144,0.5531414292978455,-0.007200422751074603,-0.01465633883021873,0.9407059668959876,-0.1900861272299147,0.8331384884224554,-1.123583431332627,0.7442248398324951,-0.9168112302363941,0.29313673262962747,-0.9122140507629973,0.46477243151895486,1.515342468729534,-0.046736420918186396,0.9343789701216234,1.0063966549228136,0.6545157033211036,-0.1043191112336186,-0.37663969531618835,0.8968340135722174,0.7471632243449072,1.770448089687144,-0.77982967471354,-0.3138715209934466,-0.28753717637384657,-0.2513043781885171,0.8942159291748113,-1.1556757034898983,-0.339369581223856,-0.46466349136448776,-0.7454252180174015,0.15918847699856029,0.18225016020896737,0.9457448804706664,0.7464786807990763,0.4983220078007246,0.004025637627447948,0.43578705609293533,-0.34043537790158923,0.4062331772626275,-1.0063916369504813,0.030995479584729774
0.12112970887929717,-0.6557103583752777,-0.5437559493994525,0.39611391742968644,-0.01926978920132838,0.7172916818629792,-0.009830532842309989,0.15641230990354946,0.42453836856424815,0.06977633946877368,0.6735677312128122,-0.2897896923667114,-0.315861341562373,-0.2117951348927622,-0.046736420918186396,0.8939213234152689,0.4510528166970491,0.04393756768749181,-0.38552910453982764,0.4791368538641921,0.2554322901538829,-0.469643730652076,-0.2993357539806992,0.002865894694354708,0.5106132156991144,0.3882925244845827,0.31099799054554406,-0.412239079787667,-0.06583650227131216,-0.02700972081039443,0.4781009682266461,0.3136069028635853,0.04849212810964028,0.1303801708973764,-0.12207838688583374,-0.005626605365935312,-0.5657607633512357,0.10446275524522704,0.07011023166213982,-0.3325795527545617,0.48273607786600226,-0.3603057777576849,0.38182486248410274,0.1634114133575628
-0.16732514201941334,-0.7508607439952877,0.19529976052052878,0.5486112009647022,0.44269640966281826,1.6713901705745746,-0.4668830258849741,0.8329595257967091,-0.43653465907084676,0.4110308570860642,0.036732105811096524,-0.09042090964051916,-0.2238245873398003,-0.3714969759131514,0.9343789701216234,0.4510528166970491,1.6987730883289827,0.004374573183269148,-0.032729613179486174,0.9246590898293563,0.42209624354004005,0.44581170638231143,-0.18244499335588268,1.147392585491558,0.7084775653052617,-0.3140514113186886,0.06302482705157048,-0.1816757052431649,0.20777436542569805,-0.021507176292383027,0.3499092461220256,0.30997754865369775,-0.1948337052006847,1.0578031539249158,-0.301302359235072,0.09379217438502274,-0.3827550354441455,0.856059224441717,1.0416328780499005,-0.0907564065464035,-0.37125944749330064,0.14562205424967462,-0.8100787680680641,-0.6662261293462255
0.22101239996825223,-1.1628987885492548,-0.14913287899250074,-0.3134895095244619,-0.4737562569740302,0.3004350039840745,0.1492141056511349,0.5620251036620209,-0.3636726125823857,0.4898158964026866,-1.0420170968163258,-0.018326571048527786,-1.1929332205017278,0.7740611966504972,1.0063966549228136,0.04393756768749181,0.004374573183269148,1.4232558877846597,0.6855805066639467,-0.9412294778157059,-0.7561653292519112,0.22036683995055162,0.9678393520242266,1.2384159823321186,-1.7450213610126433,-0.2268079153712795,-0.5487049481259602,-0.7649894332900246,1.002005301249309,-1.34199788832718,-0.38017931330078153,-0.658600576806776,-0.6696311112634851,-0.42086082242814304,0.10254345955515738,1.294803076676429,0.7455574785259779,-0.3234385979251318,-0.691417756081759,0.614264582206269,0.30171064112692875,-0.045111706821996986,-0.07650317017260533,1.0478231210832458
-0.30394916569736324,-0.21629506847928487,0.08765124755175178,-0.839332110697806,-0.6687698860753043,-0.4366132983922577,-0.3516238685997803,0.41176937808627095,-1.2535189870906711,0.6697406820523435,-1.1004734087972914,0.04427418828610285,-0.2857235190975052,-0.10779554035932862,0.6545157033211036,-0.38552910453982764,-0.032729613179486174,0.6855805066639467,1.2692091014926161,-0.15174537454525658,-0.7424639862126969,0.2411780367793738,0.6350843960536465,0.7582723983996232,-1.2490299291385283,-0.5854901772243108,-0.39423220117962815,-0.25694156078037234,0.8943128613372676,-0.7514252931222383,-0.7334153176006458,-0.4172348843459143,-0.5378414810848198,-0.43092057274956225,-0.005866885113952974,0.39319259678182056,1.00384382725851,0.06203518154045724,-0.27434199548986016,0.4867042309222666,-0.5530587885439253,1.0324944710251218,-0.4129311080829575,0.355739389915703
-0.38937145420431873,0.6362372842752468,0.27660555089554445,0.25209562485115444,0.2480446392161442,0.47834231715997894,-0.564334150186683,0.012200613245190714,-0.6956545258435209,0.2850180249027213,0.9335033352078009,0.07618844470798415,0.6985660422786724,-1.021896403902008,-0.1043191112336186,0.4791368538641921,0.9246590898293563,-0.9412294778157059,-0.15174537454525658,1.719056750643518,0.6086087468460588,0.09797067076921949,-0.8150300840607279,-0.18965148356671255,1.8199506352697916,0.23476082200501408,0.7500382511589146,0.5529426087028656,-0.3843953699453533,0.648618054747317,0.28139350280313424,0.6847260668211398,0.178307390057023,0.43912340299650793,-0.04467647085986082,-1.1046621687874985,-0.3923963429260939,1.0386228954753889,0.8063555721534431,-0.6952360995316317,-0.6709147346201474,0.7374103036924261,-0.5412681186796395,-1.285638200699991
0.004264851896511669,0.2959747629136804,0.04789642050920612,0.5493823483816446,0.5484015866299342,0.4703298218611813,-0.05867153757417041,-0.15446213444492707,0.5132193597157078,-0.3309735711402886,0.8050897038405764,-0.05954940324648812,0.4654181703601827,-0.3362517318850317,-0.37663969531618835,0.2554322901538829,0.42209624354004005,-0.7561653292519112,-0.7424639862126969,0.6086087468460588,0.6852305485055684,-0.1315936797005977,-0.6580565947193916,-0.47676996399141963,1.2917463817442763,0.23613440600591168,0.36826161156208337,0.31108372191656564,-0.6389318584301444,0.7567396389841023,0.5062032296230654,0.47630476898577306,0.39844837709013314,0.5460164313650391,-0.11223276332218274,-0.5927715013954701,-0.7734674811201333,0.26657939862597513,0.6175909458485153,-0.4274857259977441,0.046850055540465126,-0.3560045772044237,0.015788224891498955,-0.6655301971672448
-0.01366370523443419,0.49379545744197845,1.1934718839692908,0.12691046285118487,0.2816456724032246,0.2744584171169805,0.02403644493788752,0.16464227058290964,-1.1019311074915958,0.3542336047647705,-0.42699029950390494,0.7524668052510057,-0.18652323686613653,0.47882223128451307,0.8968340135722174,-0.469643730652076,0.44581170638231143,0.22036683995055162,0.2411780367793738,0.09797067076921949,-0.1315936797005977,1.3764567907532004,0.47151562354335375,1.0896193497526496,0.01889254836659832,-0.013062698375467082,0.045758189096373976,0.6365340365267255,0.22226631461540342,-0.5495580153661206,-0.3555384707769474,-0.3130540658964838,-0.43923113693278587,0.14891383182934595,0.4827574634195257,0.254146278246557,0.802279234977341,0.7296891513452596,-0.05791195832324087,0.09985070433900721,-0.7108549652773873,0.4778709895349713,-1.2835025850664297,-0.7161250430187129
0.11998658863120422,-0.5229584590513833,0.182747217834958,-0.2954439778492709,-0.35058509080205896,-0.1112288966253123,0.2117405859690519,0.39045847269275813,-0.5612009136592226,0.35092736784874,-0.9747369944289528,0.24184851178345707,-0.7389490590686327,0.6647117954401621,0.7471632243449072,-0.2993357539806992,-0.18244499335588268,0.9678393520242266,0.6350843960536465,-0.8150300840607279,-0.6580565947193916,0.47151562354335375,0.9321981099048043,0.973441769247842,-1.455055072278737,-0.2684150861559133,-0.48535837605056936,-0.32513719235873273,0.6915257783355363,-0.9853829114841866,-0.4865102388198124,-0.6426765135501165,-0.5625398940460477,-0.3079367726534286,0.2334294412358184,0.9362644376830614,0.844760929831686,-0.2404895667404269,-0.6233278645582576,0.5671576642396108,0.07526946855152838,0.09566288248889174,-0.3142693174828427,0.7267583815746583
0.03184428025183274,-1.0995749017357614,0.5661139296312668,0.06084552536824519,-0.05282569638029242,1.2110813196796075,-0.14024791896087146,1.0587695650616247,-1.2046540630866904,0.8360689686504263,-1.113930631076645,0.31966086278340516,-1.1431661455706728,0.582777134384803,1.770448089687144,0.002865894694354708,1.147392585491558,1.2384159823321186,0.7582723983996232,-0.18965148356671255,-0.47676996399141963,1.0896193497526496,0.973441769247842,2.1963340682414447,-1.0945024951997244,-0.4408885860047928,-0.42317433736792665,-0.41638277975003674,1.0534284859763172,-1.3563296347409501,-0.3504226447038647,-0.5419160430108418,-0.8949735596131917,0.33762407018996077,0.15454868827908302,1.210668045490918,0.8524018977244827,0.538873273944392,-0.006043657679541488,0.5498864758295298,-0.32550061822149123,0.3527113530603839,-1.1727052022003617,0.18743514567065894
-0.14164117261323447,1.3540191223780706,0.5090769603179867,0.878807517421685,0.9209186651743025,0.47422061028191836,-0.28147883802978085,-0.5949963221834754,0.20300211087515393,-0.36468440420965587,1.8942546447948818,0.20940600716460858,1.180892962379758,-0.9127983307520696,-0.77982967471354,0.5106132156991144,0.7084775653052617,-1.7450213610126433,-1.2490299291385283,1.8199506352697916,1.2917463817442763,0.01889254836659832,-1.455055072278737,-1.0945024951997244,3.1306508352485967,0.8192207733161415,1.1948592528403057,1.1449039175168205,-1.2887453278332703,1.4022774818066859,0.7681129399639524,1.0109966226790013,0.7108906682722291,0.6111512535065048,0.11935594486414713,-1.6447810220269776,-1.1121814448135787,1.0186170762287452,1.0024967062266823,-1.152534516741513,-0.38701646520672056,0.022614693239497927,-0.30466068469758634,-1.8825118019943312
0.24792752753782737,0.46898942098970847,0.16644353625739983,0.3297531888975975,0.11666172538153007,-0.161424132927373,0.2660958104584607,-0.47629731006237386,0.16499680908319234,-0.12433196935794141,0.8525588304672943,0.2596641582330663,-0.03612706716759279,0.17309961924009268,-0.3138715209934466,0.3882925244845827,-0.3140514113186886,-0.2268079153712795,-0.5854901772243108,0.23476082200501408,0.23613440600591168,-0.013062698375467082,-0.2684150861559133,-0.4408885860047928,0.8192207733161415,0.854701317531406,0.6003735315924689,0.3788265586386777,-0.39174489447349436,-0.04751695021790069,0.22297578462449982,0.12509370690046479,0.10895760958519253,-0.4331246975057943,0.4423613400143358,-0.2540976295302909,-0.12127507467862246,0.11994341789412795,-0.4606159936233801,-0.47426701613032873,0.3055813039713264,-0.23717818360182372,0.16433352529334674,-0.23089624687032959
-0.010392484553499072,0.6741828281139309,0.2717023806967471,0.245087686636357,0.16727044023224527,-0.06341774985899615,-0.05025891765974526,-0.3573775455653931,-0.1977902695897412,-0.008960314475575215,0.8545752043347423,0.22182698374904739,0.31897189161779993,-0.2792909415646007,-0.28753717637384657,0.31099799054554406,0.06302482705157048,-0.5487049481259602,-0.39423220117962815,0.7500382511589146,0.36826161156208337,0.045758189096373976,-0.48535837605056936,-0.42317433736792665,1.1948592528403057,0.6003735315924689,0.658171089124199,0.5335688575554528,-0.42088802244601314,0.25813716230933503,0.18937526131629295,0.32913770164578965,0.16050903243138845,-0.15541341862495883,0.2842076319824171,-0.6232590694478848,-0.16827394498068562,0.4379707479555673,0.008263588946472998,-0.5484994493463057,-0.12409273624857389,0.18165764974473322,-0.1184829502527852,-0.6730797705160055
-0.10672117200905401,1.438573706758526,0.9434818159412667,0.09174935420254308,0.3700408642959223,-0.5465855696034342,-0.018463580299613248,-0.5431839932715256,-0.5892958627835531,-0.11128141413616971,0.49466360192051945,0.6048280447523806,0.6973329985582049,-0.09658767761254296,-0.2513043781885171,-0.412239079787667,-0.1816757052431649,-0.7649894332900246,-0.25694156078037234,0.5529426087028656,0.31108372191656564,0.6365340365267255,-0.32513719235873273,-0.41638277975003674,1.1449039175168205,0.3788265586386777,0.5335688575554528,1.106297591924613,-0.5371343695792592,0.403544201719125,-0.14093425743954618,0.14420429989647157,0.1527395532135851,-0.12804969708403308,0.4713239639679558,-0.77427106036872,0.23746068067969756,0.5474040610241985,0.054148418013311835,-0.40005309514685355,-0.6171284505903419,0.45222351931292804,-0.6470591154871873,-1.1183477461998974
-0.05159504339055739,-0.7811821845036168,-0.0459944345412393,-0.47536884757469494,-0.4811418297945876,0.18090910520875414,-0.174377804745771,0.5527858012635813,-0.7726927121837778,0.598055684294384,-0.9784859619166113,-0.04552382561532371,-0.7416538216685982,0.25534179652840955,0.8942159291748113,-0.06583650227131216,0.20777436542569805,1.002005301249309,0.8943128613372676,-0.3843953699453533,-0.6389318584301444,0.22226631461540342,0.6915257783355363,1.0534284859763172,-1.2887453278332703,-0.39174489447349436,-0.42088802244601314,-0.5371343695792592,0.9362358585735394,-0.9985494442963425,-0.4499519959289892,-0.4524386626595051,-0.580620163806742,-0.28963341323592,-0.014708663872074531,0.8040550281521389,0.7308837444946239,-0.01403438144940895,-0.3216774317502104,0.48474624100022384,-0.14224673861895962,0.476594001623087,-0.28086986119174806,0.5778526424870902
-0.20352342552538613,0.7499409000024133,-0.24938449815989103,0.3052944214983915,0.47813163928803054,-0.15472221280609774,-0.12381765064936039,-0.47233662050420716,0.9397761445372107,-0.6754249351218965,0.8949435878606783,-0.29297619380388357,1.1735843463615294,-0.7704200482931105,-1.1556757034898983,-0.02700972081039443,-0.021507176292383027,-1.34199788832718,-0.7514252931222383,0.648618054747317,0.7567396389841023,-0.5495580153661206,-0.9853829114841866,-1.3563296347409501,1.4022774818066859,-0.04751695021790069,0.25813716230933503,0.403544201719125,-0.9985494442963425,1.5392268550159975,0.5158566496941933,0.6950144462880828,0.799891274327241,0.6477418615622914,-0.42271599387829184,-1.1566466837987068,-1.052570918656186,0.007703032325575234,0.8755521826878141,-0.4580004440612241,-0.09213094338939865,-0.3005379891426454,0.42632894916399133,-0.7154692059498018
0.12516753208546105,-0.2757684198934729,-0.34818292515678945,0.5511531789925537,0.3565470822262474,0.6391430460447727,0.07530612440461629,-0.038380913802220085,0.8849857358754478,-0.3338654285906303,0.6946834016250898,-0.2632586572175173,0.10260435938259455,-0.15101045069493207,-0.339369581223856,0.4781009682266461,0.3499092461220256,-0.38017931330078153,-0.7334153176006458,0.28139350280313424,0.5062032296230654,-0.3555384707769474,-0.4865102388198124,-0.3504226447038647,0.7681129399639524,0.22297578462449982,0.18937526131629295,-0.14093425743954618,-0.4499519959289892,0.5158566496941933,0.5976755678764418,0.3918445667066975,0.3433709576702289,0.490222416014365,-0.2337447641686089,-0.21505022305441493,-0.8392126022958551,0.004151555784734801,0.40690571063703673,-0.30664639260181314,0.38471623187605797,-0.6507857201613111,0.3669117708236933,-0.12435220990349712
-0.11954261660286233,0.22307466898491574,-0.18271898496984315,0.25350965509808593,0.22352929735272437,0.2574847640487472,-0.1788624458956851,-0.15833348572253395,0.3706692452768972,-0.2033522305828969,0.6985666430703359,-0.20234248016141385,0.4805027353243256,-0.5353398508612655,-0.46466349136448776,0.3136069028635853,0.30997754865369775,-0.658600576806776,-0.4172348843459143,0.6847260668211398,0.47630476898577306,-0.3130540658964838,-0.6426765135501165,-0.5419160430108418,1.0109966226790013,0.12509370690046479,0.32913770164578965,0.14420429989647157,-0.4524386626595051,0.6950144462880828,0.3918445667066975,0.5099037445565008,0.36516343046623634,0.3604412340812073,-0.22629692799514306,-0.6416308632044807,-0.630678826094858,0.23698169164040833,0.5230963511833526,-0.4130489745549849,-0.07129457475796942,-0.060819267919406506,0.16546544700257745,-0.49967855432365105
-0.011988491229571316,0.3514086764864347,-0.2564259033664424,0.19040248172956425,0.2346387383967902,-0.1498316356657043,0.03320195618844573,-0.3717698999447761,0.7682802690374093,-0.46443703690480276,0.5804710704955265,-0.21533478804147663,0.5549778005329032,-0.30057476626096796,-0.7454252180174015,0.04849212810964028,-0.1948337052006847,-0.6696311112634851,-0.5378414810848198,0.178307390057023,0.39844837709013314,-0.43923113693278587,-0.5625398940460477,-0.8949735596131917,0.7108906682722291,0.10895760958519253,0.16050903243138845,0.1527395532135851,-0.580620163806742,0.799891274327241,0.3433709576702289,0.36516343046623634,0.4914015743192602,0.20902046405280622,-0.21016603536788,-0.5557609762014265,-0.6436743181020516,-0.1486441493216757,0.3235853179272762,-0.27300883689012423,0.13293303920355687,-0.3449682824356351,0.4626246822144977,-0.2329717381190927
-0.10453132012967407,-0.4429623149280902,-0.03175375358245729,0.6016271484599481,0.585628511237464,1.151734788268808,-0.16265916040493647,0.46003962090390504,0.46794330020011293,-0.18743355223518626,0.1338406716058305,-0.2135409195074607,0.22854191354817902,-0.30269129538990547,0.15918847699856029,0.1303801708973764,1.0578031539249158,-0.42086082242814304,-0.43092057274956225,0.43912340299650793,0.5460164313650391,0.14891383182934595,-0.3079367726534286,0.33762407018996077,0.6111512535065048,-0.4331246975057943,-0.15541341862495883,-0.12804969708403308,-0.28963341323592,0.6477418615622914,0.490222416014365,0.3604412340812073,0.20902046405280622,1.2290288638884646,-0.4760607266052708,-0.12793194461556084,-0.7559183387773407,0.32260024428452844,1.0602268952560876,-0.03117511421226412,-0.09565691135997124,-0.41181751855415927,-0.30899354735942897,-0.44317085044224763
0.13008453100425266,0.5427063654658513,0.5694740218579435,0.01517918690559048,-0.007169911921098462,-0.3760304456235056,0.20191878118886952,-0.21805046987485732,-0.5623357257473294,0.13547940251086993,0.10538084348343049,0.5219578182239675,-0.13855954879228063,0.3656533667154932,0.18225016020896737,-0.12207838688583374,-0.301302359235072,0.10254345955515738,-0.005866885113952974,-0.04467647085986082,-0.11223276332218274,0.4827574634195257,0.2334294412358184,0.15454868827908302,0.11935594486414713,0.4423613400143358,0.2842076319824171,0.4713239639679558,-0.014708663872074531,-0.42271599387829184,-0.2337447641686089,-0.22629692799514306,-0.21016603536788,-0.4760607266052708,0.565284311156472,0.05018201102033414,0.524976398147109,0.1705456768342884,-0.5430779534547564,-0.0958125483564292,-0.07262060306008829,0.18292108633251897,-0.3671294514329529,-0.1872602103065294
0.3180946128646343,-1.2614624639720626,-0.1553798212919512,-0.03547445897619065,-0.24969346793133493,0.5099824513223912,0.2873938343592529,0.597387140348999,0.001416422766552603,0.2749628187258316,-0.9840913069646082,-0.02816650599271543,-1.173309629544934,0.8825006042196677,0.9457448804706664,-0.005626605365935312,0.09379217438502274,1.294803076676429,0.39319259678182056,-1.1046621687874985,-0.5927715013954701,0.254146278246557,0.9362644376830614,1.210668045490918,-1.6447810220269776,-0.2540976295302909,-0.6232590694478848,-0.77427106036872,0.8040550281521389,-1.1566466837987068,-0.21505022305441493,-0.6416308632044807,-0.5557609762014265,-0.12793194461556084,0.05018201102033414,1.3771594930716593,0.5015431470092861,-0.42583195420505243,-0.5400851498242202,0.6505766923389731,0.4818523638208994,-0.4171525333740781,-0.027164154437521452,1.0804210748220608
-0.08203931797889769,0.3297264840633869,0.6932513136965698,-0.6597353031598604,-0.5074867196034513,-0.7097441274413367,-0.004873669201934436,0.1033843761711775,-1.4400582923016265,0.6007950903700713,-0.9382179969364832,0.5645142069497806,-0.4138368962967425,0.4437056364357014,0.7464786807990763,-0.5657607633512357,-0.3827550354441455,0.7455574785259779,1.00384382725851,-0.3923963429260939,-0.7734674811201333,0.802279234977341,0.844760929831686,0.8524018977244827,-1.1121814448135787,-0.12127507467862246,-0.16827394498068562,0.23746068067969756,0.7308837444946239,-1.052570918656186,-0.8392126022958551,-0.630678826094858,-0.6436743181020516,-0.7559183387773407,0.524976398147109,0.5015431470092861,1.3782817123335331,0.1572335367672508,-0.7795548343533704,0.3918743797988136,-0.5388968062980765,0.906673462412429,-0.7281436180391732,0.16100990093379897
-0.21917341304075094,0.46569048688820314,0.7155023724989468,0.20224118287721551,0.2778192084349627,0.5597880938248551,-0.36361131226754817,0.141168126377835,-0.9416319459209913,0.39626983654147313,0.28210596685254835,0.35742317245134503,0.2050795581412824,-0.33186397933083356,0.4983220078007246,0.10446275524522704,0.856059224441717,-0.3234385979251318,0.06203518154045724,1.0386228954753889,0.26657939862597513,0.7296891513452596,-0.2404895667404269,0.538873273944392,1.0186170762287452,0.11994341789412795,0.4379707479555673,0.5474040610241985,-0.01403438144940895,0.007703032325575234,0.004151555784734801,0.23698169164040833,-0.1486441493216757,0.32260024428452844,0.1705456768342884,-0.42583195420505243,0.1572335367672508,0.9974026474440296,0.46484722441521664,-0.33840948440650503,-0.7454940160273184,0.6725600520491818,-0.9468578051742229,-1.0856815876772805
-0.286842458531913,-0.0885069864650429,-0.02762732901125948,0.3582883641306649,0.5421035471155191,0.9001677755324643,-0.45831264121645254,0.3204055282531273,0.2199630881137551,-0.10759322280953157,0.24293618004299183,-0.30759519322056,0.5675264442331269,-0.6904346667311468,0.004025637627447948,0.07011023166213982,1.0416328780499005,-0.691417756081759,-0.27434199548986016,0.8063555721534431,0.6175909458485153,-0.05791195832324087,-0.6233278645582576,-0.006043657679541488,1.0024967062266823,-0.4606159936233801,0.008263588946472998,0.054148418013311835,-0.3216774317502104,0.8755521826878141,0.40690571063703673,0.5230963511833526,0.3235853179272762,1.0602268952560876,-0.5430779534547564,-0.5400851498242202,-0.7795548343533704,0.46484722441521664,1.27246836668891,-0.15668081663738564,-0.39939087617093483,0.009123505948899751,-0.28575254497642494,-0.788875556711264
0.021536456847313912,-0.5322113230629409,-0.08323024277048197,-0.28057365397245065,-0.20444487126235816,-0.03832829840350144,0.04806579301994391,0.35028184298345094,-0.13837981075759115,0.14903077077885066,-0.8658712201588777,-0.059879617844186196,-0.3943250100577825,0.3320403105473693,0.43578705609293533,-0.3325795527545617,-0.0907564065464035,0.614264582206269,0.4867042309222666,-0.6952360995316317,-0.4274857259977441,0.09985070433900721,0.5671576642396108,0.5498864758295298,-1.152534516741513,-0.47426701613032873,-0.5484994493463057,-0.40005309514685355,0.48474624100022384,-0.4580004440612241,-0.30664639260181314,-0.4130489745549849,-0.27300883689012423,-0.03117511421226412,-0.0958125483564292,0.6505766923389731,0.3918743797988136,-0.33840948440650503,-0.15668081663738564,0.5386605247172748,0.058572951998832945,-0.014326850322957399,-0.043500445391761816,0.6052597344534658
0.40102512094562304,-0.803889866898758,-0.7627082977795187,0.3462174207264682,-0.040482448969606163,0.16213662105864865,0.45926941360256207,-0.010531464134535424,1.1506993765208537,-0.36222925482754914,0.2812141675596937,-0.32948236937072656,-0.4863904080810414,0.37938552479824816,-0.34043537790158923,0.48273607786600226,-0.37125944749330064,0.30171064112692875,-0.5530587885439253,-0.6709147346201474,0.046850055540465126,-0.7108549652773873,0.07526946855152838,-0.32550061822149123,-0.38701646520672056,0.3055813039713264,-0.12409273624857389,-0.6171284505903419,-0.14224673861895962,-0.09213094338939865,0.38471623187605797,-0.07129457475796942,0.13293303920355687,-0.09565691135997124,-0.07262060306008829,0.4818523638208994,-0.5388968062980765,-0.7454940160273184,-0.39939087617093483,0.058572951998832945,1.0833243511416968,-1.0491564552958528,0.921794764470685,0.9672263079471749
-0.4772732220539663,0.7121016671934146,0.5651025606094012,-0.7177270013353834,-0.42061981965924705,-0.5581856572990397,-0.5714144883968701,0.07201661951356343,-1.6751798310986767,0.6844416410967844,-0.43715539625546673,0.2962198180501244,0.3108483376049504,-0.5437398621243033,0.4062331772626275,-0.3603057777576849,0.14562205424967462,-0.045111706821996986,1.0324944710251218,0.7374103036924261,-0.3560045772044237,0.4778709895349713,0.09566288248889174,0.3527113530603839,0.022614693239497927,-0.23717818360182372,0.18165764974473322,0.45222351931292804,0.476594001623087,-0.3005379891426454,-0.6507857201613111,-0.060819267919406506,-0.3449682824356351,-0.41181751855415927,0.18292108633251897,-0.4171525333740781,0.906673462412429,0.6725600520491818,0.009123505948899751,-0.014326850322957399,-1.0491564552958528,1.4967282600874814,-0.7881706684321931,-0.6366055999852109
0.19627598900415866,-0.4795125306646903,-1.178377113384246,-0.06361003833427814,-0.2963816982523946,-0.4429112912141133,0.2633545311639409,-0.351548929894557,1.433714449512732,-0.5273520303818722,0.4094454535671373,-0.6627863394233067,0.03761145358879612,-0.09757235774449532,-1.0063916369504813,0.38182486248410274,-0.8100787680680641,-0.07650317017260533,-0.4129311080829575,-0.5412681186796395,0.015788224891498955,-1.2835025850664297,-0.3142693174828427,-1.1727052022003617,-0.30466068469758634,0.16433352529334674,-0.1184829502527852,-0.6470591154871873,-0.28086986119174806,0.42632894916399133,0.3669117708236933,0.16546544700257745,0.4626246822144977,-0.30899354735942897,-0.3671294514329529,-0.027164154437521452,-0.7281436180391732,-0.9468578051742229,-0.28575254497642494,-0.043500445391761816,0.921794764470685,-0.7881706684321931,1.4564872622511917,0.9664961981101996
0.2865991563974586,-1.2969461952276646,-0.9935902817344937,-0.3106710084492945,-0.6541616967868653,-0.23709795512607912,0.3972804086888841,0.30116522303490195,0.6829199364853791,-0.022401475164725276,-0.721731271320681,-0.4441726806612478,-0.8793544575498142,0.534176137525377,0.030995479584729774,0.1634114133575628,-0.6662261293462255,1.0478231210832458,0.355739389915703,-1.285638200699991,-0.6655301971672448,-0.7161250430187129,0.7267583815746583,0.18743514567065894,-1.8825118019943312,-0.23089624687032959,-0.6730797705160055,-1.1183477461998974,0.5778526424870902,-0.7154692059498018,-0.12435220990349712,-0.49967855432365105,-0.2329717381190927,-0.44317085044224763,-0.1872602103065294,1.0804210748220608,0.16100990093379897,-1.0856815876772805,-0.788875556711264,0.6052597344534658,0.9672263079471749,-0.6366055999852109,0.9664961981101996,1.7403609017746577
