V1,V2,V3,V4,V5,V6,V7,V8,V9,V10,V11,V12,V13,V14,V15,V16,V17,V18,V19,V20,V21,V22,V23,V24,V25,V26,V27,V28,V29,V30,V31,V32,V33,V34,V35,V36,V37,V38,V39,V40,V41,V42,V43,V44
0.22588949560035151,-0.5168317464609848,-0.27200537377848266,0.20363825552861997,0.040698403756373805,0.2872231360817898,0.2131852203388249,0.07863548490525087,0.5253130587315522,-0.12471971917089136,0.010459868019439728,-0.1360790835653285,-0.37743142014551345,0.31807289903947195,0.05348656165504845,0.20968099874500362,-0.03337193651024616,0.3024488649325379,-0.2480901870882346,-0.4009874787983347,-0.0065660712157743365,-0.18421412135577434,0.114633840370371,0.09455384903759213,-0.2876655364538574,0.10163936901919177,-0.12292489778948582,-0.33473765536764655,0.038666223989882974,-0.18549299469598565,0.18162980759827665,-0.08767920687328341,-0.008258937785346657,0.016987928134546793,-0.039257385525389946,0.39645909095987997,-0.20675624876614485,-0.29007777343486757,-0.1570620098749997,0.08811078728752184,0.4691880508838514,-0.5323202553014235,0.3116788212060685,0.43697995565261
-0.5168317464609848,2.9986409246085204,1.9710500438871978,0.1501258603838978,0.8180723254880017,-0.7435930386283165,-0.461822312944447,-0.9081550295628861,-1.5794428513847452,-0.015504590006131648,1.073561209584602,1.1168729824158155,1.7554537262375036,-0.7877771844112277,-0.40849212933759793,-0.7674300451234607,0.25203450526396537,-1.9053482445328127,-0.3287260525803367,1.8679508436911767,0.8232775367932755,1.3624622441865966,-0.9807948162077648,-0.7298962475895442,2.860639636345114,0.5059798180188418,1.1824267047921724,2.3139907150497896,-1.0788905044060424,1.1576167816499365,-0.21976755540323503,0.5968774051458458,0.36494692504244536,0.16095085641451193,0.6945509896342498,-1.9927105336495954,0.32895744149637285,1.6044153961597667,0.735707471736858,-0.9500577510751833,-1.7598700547711346,1.4056476416549133,-1.6387527351886355,-2.8215599187372575
-0.27200537377848266,1.9710500438871978,2.1663182355322044,0.011632696332672665,0.5467428611304167,-0.29508520124324694,-0.25375961156661603,-0.2688431567004617,-2.1254830568423295,0.473935633068309,-0.043632327527541336,1.319361485364826,0.5689831498428907,0.1204513670090307,0.8006235416159118,-0.8899256917263958,0.4333152282372443,-0.5426632168659978,0.28520310501166923,0.9255997577987022,0.14094056437196179,1.96806122835018,0.09026246135409441,0.7718914377395085,1.2297186012520704,0.2554031219716589,0.6267852059852723,1.7542867589325986,-0.14060386982689657,-0.2053598993573506,-0.626726604753479,-0.13286815253439865,-0.3681847035167676,-0.05553792386397789,0.9180361240448296,-0.639454993116851,1.170427975912892,1.4401961955237794,0.13105099453971927,-0.29573514004751966,-1.570539492398014,1.337542820225347,-2.0716840807251566,-1.9848580625088386
0.20363825552861997,0.1501258603838978,0.011632696332672665,0.8073947709104349,0.6175869725865492,0.5761155297756936,0.23447881578757246,-0.21163991473899255,0.8773377742567556,-0.4812293711792135,0.94979545551866,0.016160160416404615,0.26021661926660317,-0.0161193659196883,-0.42615430310604485,0.37691756400147114,0.29893325530616327,-0.6496327060145843,-1.0436678642284913,0.3466278607804136,0.691645930628686,-0.06289207527207695,-0.5417854377287521,-0.4501920124403842,1.2084155417348972,0.4427518466526278,0.36887720856603173,0.25217135666802676,-0.7576712715395831,0.6606602645483912,0.6424957136349175,0.4021107640345804,0.40825301670579006,0.5581971441609365,-0.004311436139162797,-0.3715640885521234,-0.8555037222123563,0.13074233542945418,0.38547595948317687,-0.4385934112034051,0.3676022234091947,-0.7841032041689907,0.1454580888787533,-0.44274887529856544
0.040698403756373805,0.8180723254880017,0.5467428611304167,0.6175869725865492,0.7280971169745744,0.3222055177210543,0.010297435168782267,-0.37113505518061174,0.2672465856427352,-0.35121733674341266,0.892723257367822,0.2611018427734441,0.5779821326587348,-0.1469044245586363,-0.3111448118151038,0.041820049489104824,0.33312107256121326,-0.8818566251151173,-0.8536456970212692,0.6553090254642386,0.7296933581176631,0.30488634607606696,-0.6600601555823152,-0.45552322233090514,1.5969225869411887,0.4296769672355982,0.536890001216331,0.7583701134313265,-0.7694209516679681,0.7223382637580724,0.4115369565140589,0.42078679951395903,0.3813592190963238,0.4364959470912196,0.15250506314211726,-0.7082704421648451,-0.5588714814348047,0.5014977690379752,0.522836821926762,-0.5258931864095358,-0.19610027888021914,-0.23723457760183736,-0.33123919158191373,-1.0816604460456212
0.2872231360817898,-0.7435930386283165,-0.29508520124324694,0.5761155297756936,0.3222055177210543,0.875745310994393,0.21447431399205222,0.1983394678759871,0.8297943241509266,-0.21125692999786064,0.2814497904367693,-0.20168448522479263,-0.41521271668086784,0.29768308904546986,0.12779299231089092,0.44985559254062574,0.40310074826898656,0.18183295980040387,-0.6039599111244208,-0.19334277135124733,0.27714724341151054,-0.15037154840206698,-0.06952351300638053,0.21622020244232645,0.13480580911711526,0.16098871156993597,-0.04699641532309501,-0.38351573545768924,-0.12082042153166071,-0.018185573732268683,0.4859674603679624,0.08720699972712863,0.0788360766088039,0.41926525516808444,-0.14364281936069112,0.38212196234881973,-0.5913525983259832,-0.12891142668875058,0.1622910497882433,-0.03807663696967077,0.5705262639919325,-0.836881660311805,0.25629257306426745,0.24810417713067426
0.2131852203388249,-0.461822312944447,-0.25375961156661603,0.23447881578757246,0.010297435168782267,0.21447431399205222,0.29137800212064197,0.08113638563078315,0.5144434775957566,-0.1539524267989036,0.01940884790205174,-0.06871124417490714,-0.32795203637418013,0.32054585872369784,-0.01660192590121667,0.18421973922200385,-0.0826655640359087,0.24621890311132796,-0.250462677930607,-0.4014102914466724,-0.030063410629428466,-0.10861145531488238,0.18526571577446052,0.0964179945276582,-0.3430588133439035,0.08071694706616044,-0.14272743724667222,-0.3067373022806576,-0.021799576214933933,-0.1352806448868184,0.1720755419121611,-0.09774910146691351,-0.0113054746663165,0.08529380529430176,-0.014139374553893448,0.3738543583679731,-0.165584273902248,-0.29939658850140916,-0.2045041610952482,0.09352751091957587,0.47636234953102174,-0.5547356706261486,0.27614487237138446,0.48091912883805227
0.07863548490525087,-0.9081550295628861,-0.2688431567004617,-0.21163991473899255,-0.37113505518061174,0.1983394678759871,0.08113638563078315,0.513078252288072,-0.20584780433294564,0.30708777169993834,-0.7712481061845455,-0.09991732599529042,-0.7104102584616355,0.355063264386825,0.5914909200011537,0.01769426800978479,0.06151571114185005,0.8626243090067978,0.528341178036329,-0.6045424868270327,-0.5012554330009298,0.02225527035562034,0.6719814104200422,0.7995570708360149,-1.272220394235273,-0.3328412011187396,-0.4763533540673174,-0.6368595976438973,0.6473559785401594,-0.7517126208768957,-0.24041216126249043,-0.4161084673353278,-0.41777715675130994,-0.10056378550492656,-0.05430193244265542,0.8411355052362377,0.41500444470866926,-0.3085543384071818,-0.3380418406534221,0.4861209722742741,0.25665828936739155,-0.04903085742497991,0.02242342535126193,0.8462184350110584
0.5253130587315522,-1.5794428513847452,-2.1254830568423295,0.8773377742567556,0.2672465856427352,0.8297943241509266,0.5144434775957566,-0.20584780433294564,3.3852948288163787,-1.1899971527006994,1.2349038066260025,-1.3543792828350483,-0.11216752987062607,-0.11216744114818848,-1.4869354430804154,1.2236975655384263,-0.2633472723080956,-0.3331206277295962,-1.6333164242899334,-0.5979048436881557,0.7374906822942148,-2.118888416863969,-0.8946260613467906,-1.5938890269003971,0.32404242047965087,0.3040159076106271,-0.17108828531265594,-1.3486019674402583,-0.8570144583883907,1.1475044386739568,1.4140067154079068,0.6647549963692178,0.9898440059096465,0.6278372056867304,-0.9647152640083373,0.06479728720135211,-2.2771372064326587,-1.3405329459200848,0.35928995576899264,-0.2776258851350235,1.9440638983424288,-2.3068080952752092,2.3595054465142336,1.3222845014428675
-0.12471971917089136,-0.015504590006131648,0.473935633068309,-0.4812293711792135,-0.35121733674341266,-0.21125692999786064,-0.1539524267989036,0.30708777169993834,-1.1899971527006994,0.5769571475886768,-0.8381148745107518,0.3254635863274427,-0.3863827320139173,0.2227741749720114,0.788601635351935,-0.360609535342527,0.051619423946181645,0.6403340146299433,0.8661328980575439,-0.16639864167775528,-0.5578427212297303,0.6109499303372786,0.6351002004111526,0.9007030683554683,-0.8575959937260829,-0.2604091091074337,-0.20362483517506771,0.035678297439617555,0.6908176549314236,-0.8311031868069301,-0.6072104818030797,-0.44640066775564796,-0.5487076054227722,-0.37082595524747575,0.2613928751737584,0.45082163720888857,0.9772643845273907,0.23104480085604934,-0.35223264045318176,0.3552248868107108,-0.481835630139781,0.76003001940509185,-0.6638005921558037,0.08212066426054666
0.010459868019439728,1.073561209584602,-0.043632327527541336,0.94979545551866,0.892723257367822,0.2814497904367693,0.01940884790205174,-0.7712481061845455,1.2349038066260025,-0.8381148745107518,1.965647570021823,-0.10120097263796346,1.221301927174349,-0.7586864418397915,-1.350143625911349,0.5262338825243884,0.22891845554978582,-1.780080660686047,-1.588904347326008,1.239943370252053,1.3059775227661623,-0.49638779308954795,-1.4895510896743518,-1.6480617593154012,2.738213343186498,0.7492770918245998,0.9345459855368848,0.8025463984180151,-1.5310585255999447,1.7374817009572159,0.9946436461469971,1.0386557339914324,0.9966353214580397,0.6908973963249482,-0.12745082484496564,-1.5330792612775708,-1.5372625401344842,0.3892280273599384,0.896218031978766,-1.0576417231501718,0.14469030029909094,-0.6663958288574403,0.4125035483117874,-1.2923067067452394
-0.1360790835653285,1.1168729824158155,1.319361485364826,0.016160160416404615,0.2611018427734441,-0.20168448522479263,-0.06871124417490714,-0.09991732599529042,-1.3543792828350483,0.3254635863274427,-0.10120097263796346,0.8702421096127171,0.23839054449974603,0.16560382787176228,0.5483798388603449,-0.5348787836344563,0.22634712731650697,-0.2204132976667755,0.22852913695893756,0.46894847053930117,-0.0016812670593016601,1.2690903036996883,0.21193703929677754,0.6025998943339667,0.5501791273926603,0.1503238392163829,0.33273311019911744,1.0150476606957368,-0.03370933390268495,-0.24839177608399415,-0.42497473472653563,-0.16278799211424225,-0.3042793066595399,-0.04902832265013983,0.6181850324950905,-0.2620477953383763,0.8235011076984439,0.8309050045572751,-0.05165825160679349,-0.1198633324767431,-0.887724623157575,0.7790854765618879,-1.2903109089100562,-1.054598994049375
-0.37743142014551345,1.7554537262375036,0.5689831498428907,0.26021661926660317,0.5779821326587348,-0.41521271668086784,-0.32795203637418013,-0.7104102584616355,-0.11216752987062607,-0.3863827320139173,1.221301927174349,0.23839054449974603,1.5232781562191022,-0.98221823025326,-0.9959915691847486,-0.16272424770590074,0.12470588576127165,-1.7393105734140146,-0.6322458083800944,1.427119178570531,0.8712993606040513,0.09110952324334953,-1.160248545251009,-1.2850632190102045,2.301756495320472,0.3015617008766169,0.8060414181196468,1.2227681510938635,-1.118314189610262,1.4984974717185826,0.29017399200045996,0.7930784139357812,0.6871443720405913,0.4121620789267996,0.02686826718758045,-1.7126908398211884,-0.5986502529311153,0.7501806167436024,0.8543830203184679,-0.8207991035072675,-0.7778968324078588,0.48667959194117383,-0.33514606392724566,-1.6822503856249855
0.31807289903947195,-0.7877771844112277,0.1204513670090307,-0.0161193659196883,-0.1469044245586363,0.29768308904546986,0.32054585872369784,0.355063264386825,-0.11216744114818848,0.2227741749720114,-0.7586864418397915,0.16560382787176228,-0.98221823025326,0.9052739581416019,0.8150943801862293,-0.07884449714784617,-0.05589192836073217,1.0865564505655694,0.26094048610885673,-0.9517110864951427,-0.5000929977631533,0.4188019336918659,0.8266349235100222,1.0167863999134101,-1.2804871110629965,-0.05008459767222329,-0.42236502777573154,-0.43052105300501015,0.6237071913377744,-1.0561475051085656,-0.23723764315509455,-0.59447189358234,-0.5031460265476537,-0.24909931392166196,0.2280257271845851,1.122270557130929,0.5655335047599046,-0.2784536733869659,-0.6159836106067056,0.48402331582837554,0.3399813332143895,-0.3239523036197359,-0.17064784474488062,0.7520013860323111
0.05348656165504845,-0.40849212933759793,0.8006235416159118,-0.42615430310604485,-0.3111448118151038,0.12779299231089092,-0.01660192590121667,0.5914909200011537,-1.4869354430804154,0.788601635351935,-1.350143625911349,0.5483798388603449,-0.9959915691847486,0.8150943801862293,1.5055430232193117,-0.48488187686783957,0.223715823004713,1.299000902750469,1.0362847516134168,-0.6465723748091897,-0.8106400421252228,1.1144961504955102,1.1565012320953931,1.7449862737276864,-1.4921772490434106,-0.3025390521315399,-0.42209238387265957,-0.0798566608622236,1.098102232552572,-1.5394259181800878,-0.7872318402108816,-0.8284905967339256,-0.9225338340162229,-0.4348758949511719,0.4715974618160624,1.1464053479519998,1.405469487182338,0.2539694234882195,-0.6184185444917812,0.6481663849667939,-0.4386658820453269,0.6637361294382503,-1.0547424196443242,0.30170782826552217
0.20968099874500362,-0.7674300451234607,-0.8899256917263958,0.37691756400147114,0.041820049489104824,0.44985559254062574,0.18421973922200385,0.01769426800978479,1.2236975655384263,-0.360609535342527,0.5262338825243884,-0.5348787836344563,-0.16272424770590074,-0.07884449714784617,-0.48488187686783957,0.6374750714062857,0.015400166708821687,-0.04755232160674657,-0.5987375427589307,-0.12716948659110835,0.2708691258731234,-0.846947785561601,-0.315728227126444,-0.4887722083121708,0.1284157578169404,0.1698334960387742,-0.019171633506628108,-0.6131324325440147,-0.26275739047142177,0.3308356394159828,0.5736863307648294,0.26714567958529206,0.3137466243884421,0.23760724233839828,-0.35692974210521594,0.07997011043746204,-0.8754935810745155,-0.4666276275258476,0.10321131289209642,-0.13441788031464544,0.813364701444708,-0.871336440102315,0.9061804929416766,0.5778234184725243
-0.03337193651024616,0.25203450526396537,0.4333152282372443,0.29893325530616327,0.33312107256121326,0.40310074826898656,-0.0826655640359087,0.06151571114185005,-0.2633472723080956,0.051619423946181645,0.22891845554978582,0.22634712731650697,0.12470588576127165,-0.05589192836073217,0.223715823004713,0.015400166708821687,0.47688322653803683,-0.25470840330071326,-0.20438323242211984,0.43178020955756424,0.2746610389416017,0.42213977064604735,-0.15113222684686425,0.24931368691207867,0.6546565961714416,0.09298325951535012,0.2166785183475718,0.3457702615841996,-0.16759327958559278,0.11755210077659764,0.10664023751316229,0.13200923098405418,-0.005973360037568377,0.32292441488068324,0.1097139912477109,-0.19023057539272137,-0.06687397560198508,0.45614925373021703,0.3183658623085894,-0.1762794397094531,-0.26800107033477866,0.08471911691811078,-0.49544603192009845,-0.5963154021965366
0.3024488649325379,-1.9053482445328127,-0.5426632168659978,-0.6496327060145843,-0.8818566251151173,0.18183295980040387,0.24621890311132796,0.8626243090067978,-0.3331206277295962,0.6403340146299433,-1.780080660686047,-0.2204132976667755,-1.7393105734140146,1.0865564505655694,1.299000902750469,-0.04755232160674657,-0.25470840330071326,2.162029494038893,1.1714861520211552,-1.6907835497369081,-1.2585055715276645,0.01535726559136457,1.519907955344575,1.633541851368954,-3.030538982874925,-0.5486027406769303,-1.0449134479266882,-1.381601965377229,1.5504265767473302,-1.917113132150827,-0.6297253620121566,-1.0504735289977067,-0.9405560319784374,-0.6738934472556375,-0.009218204569564044,2.0085767240348815,1.0777760415149893,-0.827782185561181,-1.0838456101031246,1.0915693292139765,0.6105530010480271,-0.1354082721234472,0.21485296228392767,1.9571535621644773
-0.2480901870882346,-0.3287260525803367,0.28520310501166923,-1.0436678642284913,-0.8536456970212692,-0.6039599111244208,-0.250462677930607,0.528341178036329,-1.6333164242899334,0.8661328980575439,-1.588904347326008,0.22852913695893756,-0.6322458083800944,0.26094048610885673,1.0362847516134168,-0.5987375427589307,-0.20438323242211984,1.1714861520211552,1.6141256551921117,-0.5606194611921913,-1.1023740928941261,0.5483753237784058,1.1020965654454282,1.2235171689148905,-1.9519870630897875,-0.6652142946815541,-0.5900087428947685,-0.3184219542863372,1.2479108534028658,-1.2890662392677117,-1.033633443474431,-0.7612995344496315,-0.8312017617477303,-0.6967062139762341,0.18082679964071718,0.8282662294047389,1.5268870970269262,-0.01772279736800079,-0.6534563266672727,0.7494159188844363,-0.5972471411026461,1.170193917944121,-0.6235617570459362,0.6398220810960087
-0.4009874787983347,1.8679508436911767,0.9255997577987022,0.3466278607804136,0.6553090254642386,-0.19334277135124733,-0.4014102914466724,-0.6045424868270327,-0.5979048436881557,-0.16639864167775528,1.239943370252053,0.46894847053930117,1.427119178570531,-0.9517110864951427,-0.6465723748091897,-0.12716948659110835,0.43178020955756424,-1.6907835497369081,-0.5606194611921913,1.7040463218216284,0.8937573877169409,0.4784275637583393,-1.0967346123586503,-0.8897799009898649,2.532299971467728,0.4015621693801617,0.96123678913415,1.4220836021109855,-1.0300412131630823,1.2803929791787172,0.22570446099901983,0.7700034650292972,0.5162752127801983,0.44124086859221406,0.20770598786701563,-1.7021342068707914,-0.3870027917778495,1.1141790569234742,0.8758416487846525,-0.8927629683395333,-1.0054033142642413,0.7283959076889684,-0.7773993866822394,-1.9991422672560253
-0.0065660712157743365,0.8232775367932755,0.14094056437196179,0.691645930628686,0.7296933581176631,0.27714724341151054,-0.030063410629428466,-0.5012554330009298,0.7374906822942148,-0.5578427212297303,1.3059775227661623,-0.0016812670593016601,0.8712993606040513,-0.5000929977631533,-0.8106400421252228,0.2708691258731234,0.2746610389416017,-1.2585055715276645,-1.1023740928941261,0.8937573877169409,0.9526971090083669,-0.19484188321287796,-1.0333683958547228,-1.0291942217075774,1.991800116389104,0.4826650856900225,0.6499161883626705,0.6628671454263387,-1.0596541027575583,1.2013268509595365,0.6626962923840751,0.7046012517370679,0.667408089531942,0.5518010076040515,-0.059033664913575847,-1.0668504325821209,-1.0297137734736685,0.3705843248074712,0.7241716704965716,-0.7167032630428796,-0.012916022616973595,-0.41061625756567494,0.10653052708506326,-1.0625354904140911
-0.18421412135577434,1.3624622441865966,1.96806122835018,-0.06289207527207695,0.30488634607606696,-0.15037154840206698,-0.10861145531488238,0.02225527035562034,-2.118888416863969,0.6109499303372786,-0.49638779308954795,1.2690903036996883,0.09110952324334953,0.4188019336918659,1.1144961504955102,-0.846947785561601,0.42213977064604735,0.01535726559136457,0.5483753237784058,0.4784275637583393,-0.19484188321287796,2.026755995586124,0.5538710566829051,1.2741692559024511,0.36070218417378325,0.07181653437047807,0.3019517679717636,1.3192946531218706,0.22729286771012233,-0.668134662380802,-0.732799851809699,-0.398461954898003,-0.6170919037210927,-0.07454728447561915,0.8784568209029294,-0.06740643554279052,1.4101454460593315,1.2184815726433575,-0.14780207841515663,0.003123289759492907,-1.3494598391774522,1.1935587907095835,-2.0187410674516406,-1.3810244002365655
0.114633840370371,-0.9807948162077648,0.09026246135409441,-0.5417854377287521,-0.6600601555823152,-0.06952351300638053,0.18526571577446052,0.6719814104200422,-0.8946260613467906,0.6351002004111526,-1.4895510896743518,0.21193703929677754,-1.160248545251009,0.8266349235100222,1.1565012320953931,-0.315728227126444,-0.15113222684686425,1.519907955344575,1.1020965654454282,-1.0967346123586503,-1.0333683958547228,0.5538710566829051,1.342884341774781,1.5039340011455755,-2.2437590721663647,-0.4701543300170356,-0.7342194417125769,-0.6622723933717675,1.1699620679947893,-1.5163827477125194,-0.717725012913052,-0.8952128750173525,-0.863453705816853,-0.4726451418672236,0.22534787704292392,1.4043292920159456,1.2377736844502483,-0.3284144181892598,-0.8686307869744077,0.8420099966614353,0.07744228423527386,0.28002041311337417,-0.38604561591745157,1.1592835213076942
0.09455384903759213,-0.7298962475895442,0.7718914377395085,-0.4501920124403842,-0.45552322233090514,0.21622020244232645,0.0964179945276582,0.7995570708360149,-1.5938890269003971,0.9007030683554683,-1.6480617593154012,0.6025998943339667,-1.2850632190102045,1.0167863999134101,1.7449862737276864,-0.4887722083121708,0.24931368691207867,1.633541851368954,1.2235171689148905,-0.8897799009898649,-1.0291942217075774,1.2741692559024511,1.5039340011455755,2.1474711552746526,-2.0355039045664265,-0.42599068257132416,-0.6174300863188601,-0.29137570417441755,1.3185337447739065,-1.8456824769925566,-0.8821484110911129,-1.0115587930797771,-1.1163554013995078,-0.40254069340076276,0.4963080791446383,1.499983181586792,1.6295000500189076,0.17414841918058488,-0.8049899251729082,0.8373445861543205,-0.3519644530712338,0.6122807790852519,-1.1410955700244652,0.6362804398665038
-0.2876655364538574,2.860639636345114,1.2297186012520704,1.2084155417348972,1.5969225869411887,0.13480580911711526,-0.3430588133439035,-1.272220394235273,0.32404242047965087,-0.8575959937260829,2.738213343186498,0.5501791273926603,2.301756495320472,-1.2804871110629965,-1.4921772490434106,0.1284157578169404,0.6546565961714416,-3.030538982874925,-1.9519870630897875,2.532299971467728,1.991800116389104,0.36070218417378325,-2.2437590721663647,-2.0355039045664265,4.82242327796868,1.0963758667301373,1.7330090167909236,2.2649224045039906,-2.252351723453585,2.5198289064927946,0.982308162912568,1.4893011652473203,1.2633314676256964,0.9500870759497162,0.2611352553559199,-2.79255451824272,-1.524135646920974,1.5061812423052439,1.579516777183924,-1.7056513030350517,-0.9502409717355953,0.12342099738069834,-0.6769108089251021,-3.239374839494643
0.10163936901919177,0.5059798180188418,0.2554031219716589,0.4427518466526278,0.4296769672355982,0.16098871156993597,0.08071694706616044,-0.3328412011187396,0.3040159076106271,-0.2604091091074337,0.7492770918245998,0.1503238392163829,0.3015617008766169,-0.05008459767222329,-0.3025390521315399,0.1698334960387742,0.09298325951535012,-0.5486027406769303,-0.6652142946815541,0.4015621693801617,0.4826650856900225,0.07181653437047807,-0.4701543300170356,-0.42599068257132416,1.0963758667301373,0.46464819880115377,0.4443942771699132,0.4580000685131145,-0.5430620220370248,0.4195726427180939,0.3293626980940419,0.28832171751524754,0.2727649576687197,0.13615037666412105,0.15770092790709175,-0.451763212342205,-0.41845319313920293,0.25606408790149343,0.18291029086015398,-0.4197167728467775,0.03760285229966553,-0.26018392514527416,-0.04429550385484858,-0.602387557062947
-0.12292489778948582,1.1824267047921724,0.6267852059852723,0.36887720856603173,0.536890001216331,-0.04699641532309501,-0.14272743724667222,-0.4763533540673174,-0.17108828531265594,-0.20362483517506771,0.9345459855368848,0.33273311019911744,0.8060414181196468,-0.42236502777573154,-0.42209238387265957,-0.019171633506628108,0.2166785183475718,-1.0449134479266882,-0.5900087428947685,0.96123678913415,0.6499161883626705,0.3019517679717636,-0.7342194417125769,-0.6174300863188601,1.7330090167909236,0.4443942771699132,0.6837012419142406,0.9435328493407591,-0.7438778947661802,0.7676360174651424,0.23893281356018672,0.476338075497995,0.3640153529743335,0.22056601874412352,0.22016945249662717,-1.006100186874621,-0.34026791439711984,0.6538651532671391,0.4683473117493219,-0.6211247337752773,-0.47350973856868217,0.22940068205636543,-0.42047537738156365,-1.2667714178506286
-0.33473765536764655,2.3139907150497896,1.7542867589325986,0.25217135666802676,0.7583701134313265,-0.38351573545768924,-0.3067373022806576,-0.6368595976438973,-1.3486019674402583,0.035678297439617555,0.8025463984180151,1.0150476606957368,1.2227681510938635,-0.43052105300501015,-0.0798566608622236,-0.6131324325440147,0.3457702615841996,-1.381601965377229,-0.3184219542863372,1.4220836021109855,0.6628671454263387,1.3192946531218706,-0.6622723933717675,-0.29137570417441755,2.2649224045039906,0.4580000685131145,0.9435328493407591,1.8858763854979974,-0.807941280128554,0.7356734573914131,-0.17509024126324615,0.390848752115527,0.18702922208817277,0.18034720399326468,0.6611817992074217,-1.4074328403342775,0.34261328349102016,1.3669182169388632,0.5515645484892986,-0.7244523021730391,-1.3884302477910722,1.0415517682493125,-1.5047541366150596,-2.293930302781853
0.038666223989882974,-1.0788905044060424,-0.14060386982689657,-0.7576712715395831,-0.7694209516679681,-0.12082042153166071,-0.021799576214933933,0.6473559785401594,-0.8570144583883907,0.6908176549314236,-1.5310585255999447,-0.03370933390268495,-1.118314189610262,0.6237071913377744,1.098102232552572,-0.26275739047142177,-0.16759327958559278,1.5504265767473302,1.2479108534028658,-1.0300412131630823,-1.0596541027575583,0.22729286771012233,1.1699620679947893,1.3185337447739065,-2.252351723453585,-0.5430620220370248,-0.7438778947661802,-0.807941280128554,1.297440053025214,-1.4825221356385574,-0.7323105502049388,-0.8183790083898781,-0.8054268738796219,-0.6239799703406196,0.05725463397588699,1.319947727018641,1.146699632981211,-0.3824360803518362,-0.7660932933699659,0.8358441490053266,0.02533247871707257,0.44692702829137043,-0.16456841060810964,1.1805919335977029
-0.18549299469598565,1.1576167816499365,-0.2053598993573506,0.6606602645483912,0.7223382637580724,-0.018185573732268683,-0.1352806448868184,-0.7517126208768957,1.1475044386739568,-0.8311031868069301,1.7374817009572159,-0.24839177608399415,1.4984974717185826,-1.0561475051085656,-1.5394259181800878,0.3308356394159828,0.11755210077659764,-1.917113132150827,-1.2890662392677117,1.2803929791787172,1.2013268509595365,-0.668134662380802,-1.5163827477125194,-1.8456824769925566,2.5198289064927946,0.4195726427180939,0.7676360174651424,0.7356734573914131,-1.4825221356385574,1.9716869903767036,0.85996713740571,1.0750526728403886,1.0637246074829008,0.738174144014981,-0.3349563108911083,-1.7158964237505734,-1.4959115542522792,0.2991054160305055,1.0514156463188633,-0.9495665148672455,-0.0511434196628824,-0.40030715535775846,0.49839515358391173,-1.2372364763005341
0.18162980759827665,-0.21976755540323503,-0.626726604753479,0.6424957136349175,0.4115369565140589,0.4859674603679624,0.1720755419121611,-0.24041216126249043,1.4140067154079068,-0.6072104818030797,0.9946436461469971,-0.42497473472653563,0.29017399200045996,-0.23723764315509455,-0.7872318402108816,0.5736863307648294,0.10664023751316229,-0.6297253620121566,-1.033633443474431,0.22570446099901983,0.6626962923840751,-0.732799851809699,-0.717725012913052,-0.8821484110911129,0.982308162912568,0.3293626980940419,0.23893281356018672,-0.17509024126324615,-0.7323105502049388,0.85996713740571,0.778745256915684,0.5268044771941736,0.5871479463046004,0.4917661204310634,-0.32969611931915443,-0.40619263306694686,-1.1962353661638796,-0.23778979785583368,0.43073726651694405,-0.41312196042849936,0.6495394509822708,-0.9587602555360177,0.7800059822053029,-0.022463144017353477
-0.08767920687328341,0.5968774051458458,-0.13286815253439865,0.4021107640345804,0.42078679951395903,0.08720699972712863,-0.09774910146691351,-0.4161084673353278,0.6647549963692178,-0.44640066775564796,1.0386557339914324,-0.16278799211424225,0.7930784139357812,-0.59447189358234,-0.8284905967339256,0.26714567958529206,0.13200923098405418,-1.0504735289977067,-0.7612995344496315,0.7700034650292972,0.7046012517370679,-0.398461954898003,-0.8952128750173525,-1.0115587930797771,1.4893011652473203,0.28832171751524754,0.476338075497995,0.390848752115527,-0.8183790083898781,1.0750526728403886,0.5268044771941736,0.6354468592153886,0.5948439034139811,0.4052352245457843,-0.19048772426407323,-0.9562429251878353,-0.8830168573200048,0.20674322950070748,0.6044057762158018,-0.5746344235659171,-0.012223623275886226,-0.23912501128913732,0.29126038290352824,-0.7231644114567934
-0.008258937785346657,0.36494692504244536,-0.3681847035167676,0.40825301670579006,0.3813592190963238,0.0788360766088039,-0.0113054746663165,-0.41777715675130994,0.9898440059096465,-0.5487076054227722,0.9966353214580397,-0.3042793066595399,0.6871443720405913,-0.5031460265476537,-0.9225338340162229,0.3137466243884421,-0.005973360037568377,-0.9405560319784374,-0.8312017617477303,0.5162752127801983,0.667408089531942,-0.6170919037210927,-0.863453705816853,-1.1163554013995078,1.2633314676256964,0.2727649576687197,0.3640153529743335,0.18702922208817277,-0.8054268738796219,1.0637246074829008,0.5871479463046004,0.5948439034139811,0.6407705602635149,0.37020420007052496,-0.2725742652703471,-0.8076680677623124,-1.0046354478202706,-0.037313945540792745,0.528698585139608,-0.4982105193328072,0.22751074736146007,-0.4785029399413885,0.567979187056441,-0.432632358329135
0.016987928134546793,0.16095085641451193,-0.05553792386397789,0.5581971441609365,0.4364959470912196,0.41926525516808444,0.08529380529430176,-0.10056378550492656,0.6278372056867304,-0.37082595524747575,0.6908973963249482,-0.04902832265013983,0.4121620789267996,-0.24909931392166196,-0.4348758949511719,0.23760724233839828,0.32292441488068324,-0.6738934472556375,-0.6967062139762341,0.44124086859221406,0.5518010076040515,-0.07454728447561915,-0.4726451418672236,-0.40254069340076276,0.9500870759497162,0.13615037666412105,0.22056601874412352,0.18034720399326468,-0.6239799703406196,0.738174144014981,0.4917661204310634,0.4052352245457843,0.37020420007052496,0.6330202308354831,-0.14986537524034438,-0.4605805858411911,-0.7105979787695683,0.15488503382606278,0.5007723299705636,-0.32985079207500334,0.13062612209602467,-0.4708133098163308,0.07192411751404845,-0.4101752665963565
-0.039257385525389946,0.6945509896342498,0.9180361240448296,-0.004311436139162797,0.15250506314211726,-0.14364281936069112,-0.014139374553893448,-0.05430193244265542,-0.9647152640083373,0.2613928751737584,-0.12745082484496564,0.6181850324950905,0.02686826718758045,0.2280257271845851,0.4715974618160624,-0.35692974210521594,0.1097139912477109,-0.009218204569564044,0.18082679964071718,0.20770598786701563,-0.059033664913575847,0.8784568209029294,0.22534787704292392,0.4963080791446383,0.2611352553559199,0.15770092790709175,0.22016945249662717,0.6611817992074217,0.05725463397588699,-0.3349563108911083,-0.32969611931915443,-0.19048772426407323,-0.2725742652703471,-0.14986537524034438,0.48840458848705387,-0.049573990065789116,0.6424755995392434,0.5234825472964612,-0.1541990055353155,-0.04335038932046446,-0.5404087871093569,0.5091379144561323,-0.8736867650606711,-0.6313474970840284
0.39645909095987997,-1.9927105336495954,-0.639454993116851,-0.3715640885521234,-0.7082704421648451,0.38212196234881973,0.3738543583679731,0.8411355052362377,0.06479728720135211,0.45082163720888857,-1.5330792612775708,-0.2620477953383763,-1.7126908398211884,1.122270557130929,1.1464053479519998,0.07997011043746204,-0.19023057539272137,2.0085767240348815,0.8282662294047389,-1.7021342068707914,-1.0668504325821209,-0.06740643554279052,1.4043292920159456,1.499983181586792,-2.79255451824272,-0.451763212342205,-1.006100186874621,-1.4074328403342775,1.319947727018641,-1.7158964237505734,-0.40619263306694686,-0.9562429251878353,-0.8076680677623124,-0.4605805858411911,-0.049573990065789116,1.9856555731931909,0.7694412696410667,-0.8957916526922156,-0.9842366713020557,1.0144732011172368,0.8376822997518486,-0.4980375730736674,0.3527975674098324,1.9760689580341808
-0.20675624876614485,0.32895744149637285,1.170427975912892,-0.8555037222123563,-0.5588714814348047,-0.5913525983259832,-0.165584273902248,0.41500444470866926,-2.2771372064326587,0.9772643845273907,-1.5372625401344842,0.8235011076984439,-0.5986502529311153,0.5655335047599046,1.405469487182338,-0.8754935810745155,-0.06687397560198508,1.0777760415149893,1.5268870970269262,-0.3870027917778495,-1.0297137734736685,1.4101454460593315,1.2377736844502483,1.6295000500189076,-1.524135646920974,-0.41845319313920293,-0.34026791439711984,0.34261328349102016,1.146699632981211,-1.4959115542522792,-1.1962353661638796,-0.8830168573200048,-1.0046354478202706,-0.7105979787695683,0.6424755995392434,0.7694412696410667,1.95730352094705,0.4772918189287674,-0.7535782935955854,0.6365587771857778,-1.005267849580443,1.4097508596522625,-1.412920809866845,-0.01617516356611672
-0.29007777343486757,1.6044153961597667,1.4401961955237794,0.13074233542945418,0.5014977690379752,-0.12891142668875058,-0.29939658850140916,-0.3085543384071818,-1.3405329459200848,0.23104480085604934,0.3892280273599384,0.8309050045572751,0.7501806167436024,-0.2784536733869659,0.2539694234882195,-0.4666276275258476,0.45614925373021703,-0.827782185561181,-0.01772279736800079,1.1141790569234742,0.3705843248074712,1.2184815726433575,-0.3284144181892598,0.17414841918058488,1.5061812423052439,0.25606408790149343,0.6538651532671391,1.3669182169388632,-0.3824360803518362,0.2991054160305055,-0.23778979785583368,0.20674322950070748,-0.037313945540792745,0.15488503382606278,0.5234825472964612,-0.8957916526922156,0.4772918189287674,1.1892279271429083,0.39821036552806977,-0.46529736064991906,-1.1955659316987899,0.9776003284352259,-1.3800866495593764,-1.7388108803269828
-0.1570620098749997,0.735707471736858,0.13105099453971927,0.38547595948317687,0.522836821926762,0.1622910497882433,-0.2045041610952482,-0.3380418406534221,0.35928995576899264,-0.35223264045318176,0.896218031978766,-0.05165825160679349,0.8543830203184679,-0.6159836106067056,-0.6184185444917812,0.10321131289209642,0.3183658623085894,-1.0838456101031246,-0.6534563266672727,0.8758416487846525,0.7241716704965716,-0.14780207841515663,-0.8686307869744077,-0.8049899251729082,1.579516777183924,0.18291029086015398,0.4683473117493219,0.5515645484892986,-0.7660932933699659,1.0514156463188633,0.43073726651694405,0.6044057762158018,0.528698585139608,0.5007723299705636,-0.1541990055353155,-0.9842366713020557,-0.7535782935955854,0.39821036552806977,0.7587370666688957,-0.5345761801435419,-0.2597227197177164,-0.03988032409806758,-0.02389105107779548,-0.9808350847550732
0.08811078728752184,-0.9500577510751833,-0.29573514004751966,-0.4385934112034051,-0.5258931864095358,-0.03807663696967077,0.09352751091957587,0.4861209722742741,-0.2776258851350235,0.3552248868107108,-1.0576417231501718,-0.1198633324767431,-0.8207991035072675,0.48402331582837554,0.6481663849667939,-0.13441788031464544,-0.1762794397094531,1.0915693292139765,0.7494159188844363,-0.8927629683395333,-0.7167032630428796,0.003123289759492907,0.8420099966614353,0.8373445861543205,-1.7056513030350517,-0.4197167728467775,-0.6211247337752773,-0.7244523021730391,0.8358441490053266,-0.9495665148672455,-0.41312196042849936,-0.5746344235659171,-0.4982105193328072,-0.32985079207500334,-0.04335038932046446,1.0144732011172368,0.6365587771857778,-0.46529736064991906,-0.5345761801435419,0.640577774225022,0.2442250180570918,0.03952422397865783,0.09003563260482028,1.0595803894186124
0.4691880508838514,-1.7598700547711346,-1.570539492398014,0.3676022234091947,-0.19610027888021914,0.5705262639919325,0.47636234953102174,0.25665828936739155,1.9440638983424288,-0.481835630139781,0.14469030029909094,-0.887724623157575,-0.7778968324078588,0.3399813332143895,-0.4386658820453269,0.813364701444708,-0.26800107033477866,0.6105530010480271,-0.5972471411026461,-1.0054033142642413,-0.012916022616973595,-1.3494598391774522,0.07744228423527386,-0.3519644530712338,-0.9502409717355953,0.03760285229966553,-0.47350973856868217,-1.3884302477910722,0.02533247871707257,-0.0511434196628824,0.6495394509822708,-0.012223623275886226,0.22751074736146007,0.13062612209602467,-0.5404087871093569,0.8376822997518486,-1.005267849580443,-1.1955659316987899,-0.2597227197177164,0.2442250180570918,1.5717599049637605,-1.5463822485066565,1.5763188525806613,1.6769054164750816
-0.5323202553014235,1.4056476416549133,1.337542820225347,-0.7841032041689907,-0.23723457760183736,-0.836881660311805,-0.5547356706261486,-0.04903085742497991,-2.3068080952752092,0.76003001940509185,-0.6663958288574403,0.7790854765618879,0.48667959194117383,-0.3239523036197359,0.6637361294382503,-0.871336440102315,0.08471911691811078,-0.1354082721234472,1.170193917944121,0.7283959076889684,-0.41061625756567494,1.1935587907095835,0.28002041311337417,0.6122807790852519,0.12342099738069834,-0.26018392514527416,0.22940068205636543,1.0415517682493125,0.44692702829137043,-0.40030715535775846,-0.9587602555360177,-0.23912501128913732,-0.4785029399413885,-0.4708133098163308,0.5091379144561323,-0.4980375730736674,1.4097508596522625,0.9776003284352259,-0.03988032409806758,0.03952422397865783,-1.5463822485066565,1.8469227873736798,-1.4648657282083433,-1.1553017355684596
0.3116788212060685,-1.6387527351886355,-2.0716840807251566,0.1454580888787533,-0.33123919158191373,0.25629257306426745,0.27614487237138446,0.02242342535126193,2.3595054465142336,-0.6638005921558037,0.4125035483117874,-1.2903109089100562,-0.33514606392724566,-0.17064784474488062,-1.0547424196443242,0.9061804929416766,-0.49544603192009845,0.21485296228392767,-0.6235617570459362,-0.7773993866822394,0.10653052708506326,-2.0187410674516406,-0.38604561591745157,-1.1410955700244652,-0.6769108089251021,-0.04429550385484858,-0.42047537738156365,-1.5047541366150596,-0.16456841060810964,0.49839515358391173,0.7800059822053029,0.29126038290352824,0.567979187056441,0.07192411751404845,-0.8736867650606711,0.3527975674098324,-1.412920809866845,-1.3800866495593764,-0.02389105107779548,0.09003563260482028,1.5763188525806613,-1.4648657282083433,2.1382019975125157,1.675903144291441
0.43697995565261,-2.8215599187372575,-1.9848580625088386,-0.44274887529856544,-1.0816604460456212,0.24810417713067426,0.48091912883805227,0.8462184350110584,1.3222845014428675,0.08212066426054666,-1.2923067067452394,-1.054598994049375,-1.6822503856249855,0.7520013860323111,0.30170782826552217,0.5778234184725243,-0.5963154021965366,1.9571535621644773,0.6398220810960087,-1.9991422672560253,-1.0625354904140911,-1.3810244002365655,1.1592835213076942,0.6362804398665038,-3.239374839494643,-0.602387557062947,-1.2667714178506286,-2.293930302781853,1.1805919335977029,-1.2372364763005341,-0.022463144017353477,-0.7231644114567934,-0.432632358329135,-0.4101752665963565,-0.6313474970840284,1.9760689580341808,-0.01617516356611672,-1.7388108803269828,-0.9808350847550732,1.0595803894186124,1.6769054164750816,-1.1553017355684596,1.675903144291441,3.0147938827605163
