V1,V2,V3,V4,V5,V6,V7,V8,V9,V10,V11,V12,V13,V14,V15,V16,V17,V18,V19,V20,V21,V22,V23,V24,V25,V26,V27,V28,V29,V30,V31,V32,V33,V34,V35,V36,V37,V38,V39,V40,V41,V42,V43,V44
0.49262302902558336,-0.14432325932560655,0.29509256913444254,0.5257718577883456,0.3098108575346463,0.3115220353210757,0.4714574241771374,-0.0154425083586664,0.2751676955095942,-0.09310169491846447,0.17317057355541288,0.46580416044105755,-0.4100246963662938,0.7714467181978021,0.30360367132811517,0.01103729363287444,-0.07630222919837536,0.23764496462841322,-0.5473979190857085,-0.46963322688920633,0.1504414097602889,0.39057723005775474,0.2907464422661397,0.22036671386727077,0.12366140218991228,0.4536838407460079,0.02034185354217143,0.10089557302936399,-0.10690801638558937,-0.3628843002100822,0.14259149016097875,-0.3473824086883099,-0.1316714512375178,-0.04573748855801488,0.4255397884201176,0.45824199389078124,-0.03534804106243198,-0.0761127296006564,-0.45190672359111417,0.03709178841773718,0.5385474435064853,-0.6550102052305127,-0.05161171694714764,0.11515365223928689
-0.14432325932560655,1.2763020658237356,-0.04487597829652098,-0.86090278713304,-0.4176403713462723,-1.7150072694460552,0.17996313681629686,-0.886218856345517,0.1999151342070715,-0.19989962068445008,0.04968903464590974,0.08221916409125193,0.7779153264523027,0.0014298092383106709,-0.9995667882257667,-0.632864196282111,-1.6090367315757537,-0.360363557452364,0.12205541179923894,-0.29152724037828354,-0.40520727185937405,-0.3294317969948159,-0.09285451940901224,-1.3662249944419345,-0.2641423457263787,0.14498986420738277,0.00907367850657293,0.3448628210813418,-0.23354641065851903,0.40063892826354053,-0.30025410938796027,-0.10366120523045086,0.3591852428076523,-0.8232115089483366,0.12183228814988746,-0.6802791065280934,0.3596365451152404,-0.3661061094063792,-0.6675118895204682,0.0072589013738379796,-0.2690963827088816,0.32167273204475405,0.6517958788287096,0.04376431181914255
0.29509256913444254,-0.04487597829652098,0.48704438359004676,0.4010318547235203,0.40096135366969343,0.4272647999705815,0.3274418574550767,-0.017247271890242465,0.2505687866412762,-0.128664748693738,-0.001514485704034029,0.2632858193759143,-0.38809804138438103,0.6777128811656273,0.3579981795690397,-0.11226690037669228,0.06796937185359084,0.2347181262683617,-0.511378339499875,-0.4279841597381979,0.11847912767307121,0.5587856214707085,0.20946375506004442,0.45501125299380757,-0.0237837360855852,0.3254890764121569,0.002264432140513064,0.11079084850076511,-0.059280252700861,-0.327416555889415,0.21750948267759396,-0.18913259118780296,-0.08068340560046877,0.17144336299308846,0.2630791018957148,0.41681989401491887,0.02810345219116743,0.05098561683301457,-0.20137119883051205,0.01987354389440553,0.19399001928696136,-0.5221137477285496,-0.2761079161072228,-0.04868411728635058
0.5257718577883456,-0.86090278713304,0.4010318547235203,1.4422833760942524,0.7826204785895833,1.2281121585593255,0.4759158747342917,0.7824689906703725,-0.15670459036770518,-0.0926649272372223,0.3637172992214108,0.40150790895135907,-0.890967529546127,0.5407976328711743,0.9387414729375884,0.5208705276074016,1.0886750092865896,0.2926173349847794,-0.7826444084907224,-0.22857858471197368,0.6596378449963015,0.33431239916195443,0.35853995873392275,1.196860621834282,0.5667505761243051,0.4595755246310669,0.3124580742816682,0.1621781037051648,-0.29353378012757153,-0.5498894997633492,0.24007105458676245,-0.19012212511488094,-0.38417501593070386,0.5553238552118402,0.573552028326844,0.8938024673860506,-0.27779754352737407,-0.10879330810846628,0.18984149365380462,0.04734642545184481,1.0435586254856781,-1.0554013565304015,-0.634425266284134,0.19690455724651765
0.3098108575346463,-0.4176403713462723,0.40096135366969343,0.7826204785895833,0.7295670335288561,0.9326383052963372,0.29750224364985584,0.39639428264293397,0.2695096857585602,-0.026773107906349777,0.01677534301987861,0.27689017219810436,-0.45245881589287734,0.6285147605331599,0.6561742084722533,0.057784485005068886,0.5495902611790616,0.21418440683971463,-0.6525001628842885,-0.2776746341571874,0.3489041441510545,0.45498575481768944,0.23387809058663617,0.7511741307215567,0.22944773885692513,0.16362044045189045,-0.06103294059744189,0.04485819416502216,-0.1678397247213299,-0.22086237763744015,0.2793705811424472,-0.2198931923132443,-0.1270372162070652,0.5102402292340107,0.2431840139640189,0.5676473399567226,-0.23476605615647791,0.03522695451719699,0.28079353761434517,0.16006745092332725,0.4243161913662028,-0.8184542435485176,-0.40164790294641806,-0.03892514094176707
0.3115220353210757,-1.7150072694460552,0.4272647999705815,1.2281121585593255,0.9326383052963372,3.381229222010892,-0.09593053862771847,0.804669008331287,0.7146394275344895,0.20434592469845353,0.024876134107849324,-0.1038001019352334,-1.261428595472882,0.7603778414655534,1.5474347018722177,0.9461972178300768,2.335638454731762,0.7972376371965214,-0.6881505577439888,0.40540014236118815,0.4155722703592137,1.3718107531323391,0.002138913108878136,2.242576450301551,0.36559199437788836,-0.08777608552654137,-0.17789205651721365,-0.615772373578594,0.44529987811981614,-0.5932551005822108,0.9440976372105309,0.3377517892524779,-0.33110488721901765,1.5970618212111545,-0.4487207515027546,1.032290658819463,-0.6624864553966694,1.2478339872417206,0.9670722219014922,-0.2239838559073216,-0.238216014772419,-0.8331167857938166,-1.1088324852462665,-0.7233406703070968
0.4714574241771374,0.17996313681629686,0.3274418574550767,0.4759158747342917,0.29750224364985584,-0.09593053862771847,0.7921649121079143,-0.3392579149569005,0.664634949564108,-0.42808562676177314,0.27758506572301955,0.33663634469166076,-0.33127987911536255,0.9544976278237965,-0.017497197296790643,-0.04571942833194208,-0.5610902106032638,0.3283972598978565,-0.6734984515166257,-0.785424363239623,-0.012531618757605561,0.3868906571586725,0.3188646593017813,0.03036240720369181,-0.16611221503708853,0.4776385094814978,0.07424743634296439,0.26245113223051647,-0.2984082873011671,-0.25951087917530513,0.053966554145531836,-0.2315351176151435,-0.002437971136350208,-0.11971276729770827,0.3890317998030533,0.4257249571687464,0.083544228845679,-0.2693880390793235,-0.6063563486676519,0.03500211716394428,0.4756229509555279,-0.9294253257981586,0.014278367659701694,0.16043133276303942
-0.0154425083586664,-0.886218856345517,-0.017247271890242465,0.7824689906703725,0.39639428264293397,0.804669008331287,-0.3392579149569005,1.9116810229944858,-1.8283725617072677,0.9559509374345699,-0.056798753868624506,0.4913480112974824,-0.2751938475918387,-0.6978387795915324,1.3503363177790064,0.23378367751426132,1.5178675467965517,-0.32920962057345604,0.11329982383329056,0.8841464809736557,0.6396192564308253,-0.5648588803109598,0.36769166337255604,0.9733384981296193,1.0462634946004978,-0.08846541211163193,0.21881533821532587,-0.13234591324903247,0.023290860537386746,-0.37540839651554875,-0.06423337165946089,-0.4806456351930319,-0.5245395309522004,0.5172999523593781,0.6934473091058347,0.3285252659589356,-0.17029918563768393,-0.055925202707105694,0.7550562151569536,0.5387141073940677,0.9954786142104234,0.018617252726890705,-0.4643030588708309,0.41189585081401164
0.2751676955095942,0.1999151342070715,0.2505687866412762,-0.15670459036770518,0.2695096857585602,0.7146394275344895,0.664634949564108,-1.8283725617072677,3.09758231704379,-1.2456445722846219,-0.03937346451515989,-0.5773197963941908,-0.19799282414440936,1.6026746973119201,-0.8451625890846496,-0.07209605788386997,-0.8601022588427054,0.824211449376626,-0.805057264366208,-1.2911146216412273,-0.5846941870926078,1.4131420394853889,-0.2803817660411665,-0.11209245292625644,-1.2846780143574146,-0.12059236531898404,-0.6374814282418161,-0.15349080533199852,-0.03485236609602952,0.3688222171810114,0.6096097588679056,0.5562045474818572,0.6083068913356093,0.4138452960989822,-1.0756591628149867,0.28569822645125625,-0.2657961221295597,0.42741691100312773,-0.2727300658894204,-0.4541230198347202,-1.164529707458047,-1.0412620742339525,0.11763075308736252,-0.7024673983191346
-0.09310169491846447,-0.19989962068445008,-0.128664748693738,-0.0926649272372223,-0.026773107906349777,0.20434592469845353,-0.42808562676177314,0.9559509374345699,-1.2456445722846219,1.385804818900765,-0.01157521570561601,0.6821180721640976,0.21584318048203777,-0.3431926076031035,0.9112826483719773,0.06829652212649635,0.41062493147550466,-0.1698721212874088,0.23802647522003945,1.0820911841313023,0.09038916170788423,-0.27341284570281466,0.2189985811511091,0.11615736047231418,0.7580294122194442,0.11508514345326236,-0.023101733242800362,-0.22738549299349944,0.2676213976332055,-0.2174561964328389,-0.023304833839788153,-0.6677259775127307,-0.3143249013647946,-0.21874547998414287,0.48835604442749514,-0.2139008357402684,0.03423164599140801,0.40316692641075474,0.24424090413182972,0.37118906729762174,0.2069911965577749,0.5354625814103451,0.08530495824548344,0.046123897980876016
0.17317057355541288,0.04968903464590974,-0.001514485704034029,0.3637172992214108,0.01677534301987861,0.024876134107849324,0.27758506572301955,-0.056798753868624506,-0.03937346451515989,-0.01157521570561601,0.649114430839724,0.13475475950649374,-0.20804233174229955,0.09284235729262216,-0.0015954554993524513,0.5192867056130431,0.002606540659000166,0.07486105557976908,-0.3392789451016582,0.22238966620235687,0.10403984393137457,-0.10564462101468056,-0.03574263902839473,-0.005638244300805176,0.4708468383283596,0.5344125198103977,0.47970274173698496,0.1812895461292246,-0.22387672989726537,-0.19279471265979914,0.06842876435769346,0.09644701831980594,-0.05582937796717625,-0.21952589134415557,0.3265178400899878,-0.012274985172867734,-0.033844895709753686,0.060801483203636625,-0.2891410549164767,-0.23693300937674625,0.3357531043399238,-0.28544791529142177,0.015438358671289586,-0.00778951027480696
0.46580416044105755,0.08221916409125193,0.2632858193759143,0.40150790895135907,0.27689017219810436,-0.1038001019352334,0.33663634469166076,0.4913480112974824,-0.5773197963941908,0.6821180721640976,0.13475475950649374,1.1218383838834205,-0.07874643679378847,0.6168661268139609,0.642581639330014,-0.20965009194658066,-0.245294344235278,-0.09534769954651325,-0.4050788196009627,0.02873922677328623,0.16523146975283087,0.11439110625742532,0.5345264188334972,-0.07633226853576017,0.5920113810833066,0.553782105413381,-0.026345974066734303,0.15115820396406815,-0.1449830406743508,-0.38209589773943153,-0.01166314781480041,-0.9439672828349454,-0.27167681155474793,-0.39885156907458125,0.971305447228267,0.24131894876812654,0.08971322025145734,-0.08880648160331595,-0.49672487720937586,0.3855624439516261,0.8402332719136899,-0.38390653461245583,0.145165398856399,0.30544560961859485
-0.4100246963662938,0.7779153264523027,-0.38809804138438103,-0.890967529546127,-0.45245881589287734,-1.261428595472882,-0.33127987911536255,-0.2751938475918387,-0.19799282414440936,0.21584318048203777,-0.20804233174229955,-0.07874643679378847,1.1419486926334388,-0.6629906772889063,-0.7056535594141612,-0.629452983822019,-0.8264129950607615,-0.5438752912104372,0.498837631054866,0.2917198620133335,-0.20937111244084455,-0.5557698070127248,-0.20576453810208284,-1.1716549364418094,-0.05008473999245567,-0.4804885966313289,-0.2700438762453989,0.05718306364445321,-0.029738159249629036,0.7717537685017037,-0.320937057585609,-0.06686163252583782,0.3175375883705382,-0.30504084277825605,-0.31104477304604616,-0.9026641691316508,0.07394644861767945,-0.1457364794271583,0.1468411046185582,0.192291802890018,-0.5021484633397998,0.7837008720896239,0.5534340484549528,-0.11715422650840296
0.7714467181978021,0.0014298092383106709,0.6777128811656273,0.5407976328711743,0.6285147605331599,0.7603778414655534,0.9544976278237965,-0.6978387795915324,1.6026746973119201,-0.3431926076031035,0.09284235729262216,0.6168661268139609,-0.6629906772889063,2.0306907195767456,0.3299293020440725,-0.12842478249664874,-0.579519547161806,0.8300626801802192,-1.159260326120843,-1.1551611039131147,-0.23331326866778282,1.341081159394131,0.46208118685891775,0.42119656854919557,-0.45712872856210335,0.6108510014754819,-0.34498256577740744,0.05789136877072784,-0.09915229634009413,-0.4958438497170261,0.4732920302252288,-0.48353268366214147,0.03400540818996217,0.0060831485017082436,0.3011188711012717,0.8193520590145298,0.009750314211229315,0.21548866840676376,-0.7580792356971596,0.04484419528575485,0.1172569789129164,-1.378440244515898,-0.06931297703184744,-0.16000269800892739
0.30360367132811517,-0.9995667882257667,0.3579981795690397,0.9387414729375884,0.6561742084722533,1.5474347018722177,-0.017497197296790643,1.3503363177790064,-0.8451625890846496,0.9112826483719773,-0.0015954554993524513,0.642581639330014,-0.7056535594141612,0.3299293020440725,1.7022189445012643,0.3385240839934078,1.3918856588791293,0.33960573082742085,-0.3726571356323109,0.5135450751833692,0.47479069006234387,0.3844054852694793,0.4506857278625026,1.3569318221053577,0.6947950451673365,0.2474112523578671,0.043417061062192584,-0.21571423841998166,0.2184661896466591,-0.710819608673214,0.2773499906274903,-0.585799031778031,-0.5447225732146326,0.6103354744697422,0.5285779616275205,0.7227113097863378,-0.19763487591552817,0.449884769535586,0.45437783848851027,0.3721487680777188,0.6146926442713809,-0.44266748435057096,-0.6284389626815815,0.02168841086388431
0.01103729363287444,-0.632864196282111,-0.11226690037669228,0.5208705276074016,0.057784485005068886,0.9461972178300768,-0.04571942833194208,0.23378367751426132,-0.07209605788386997,0.06829652212649635,0.5192867056130431,-0.20965009194658066,-0.629452983822019,-0.12842478249664874,0.3385240839934078,1.0990232723348632,0.9040645834734281,0.36293757727541215,-0.06812415691819193,0.5842800021920181,0.06677219231668054,0.027925784938253016,-0.12551579113079087,0.7591297121022277,0.37750926219310266,0.22191965753392323,0.44568782525785317,-0.08447274452385517,0.007221684963092157,-0.3374166277538763,0.15047298870602138,0.42058852822846227,-0.22274267215394297,0.14370625950735932,-0.011459520008131259,0.21237185678597148,-0.15657306394683473,0.41139069161119995,0.2207696797791693,-0.34195500072173274,0.0640262898673736,-0.19293589334973965,-0.40383169398026425,-0.14966983733168449
-0.07630222919837536,-1.6090367315757537,0.06796937185359084,1.0886750092865896,0.5495902611790616,2.335638454731762,-0.5610902106032638,1.5178675467965517,-0.8601022588427054,0.41062493147550466,0.002606540659000166,-0.245294344235278,-0.8264129950607615,-0.579519547161806,1.3918856588791293,0.9040645834734281,2.6108705559238814,0.17978739879076322,-0.0025862643312273776,0.9347419721832997,0.6733958335392581,0.22518644870493845,-0.04892606929541126,1.921042800007389,0.7780758315316647,-0.3440096920132489,0.20023790767054878,-0.38888983011790257,0.27501799813054645,-0.38628369722514033,0.3878115882243367,0.36853457461948713,-0.46690496278464755,1.3281673835783319,-0.19435991383146475,0.6073496988241222,-0.5155763243423096,0.6668636061166309,1.2830433718437015,-0.04019428700618631,0.18347700392888186,-0.06386155866980688,-1.0792858719606069,-0.2684738958876707
0.23764496462841322,-0.360363557452364,0.2347181262683617,0.2926173349847794,0.21418440683971463,0.7972376371965214,0.3283972598978565,-0.32920962057345604,0.824211449376626,-0.1698721212874088,0.07486105557976908,-0.09534769954651325,-0.5438752912104372,0.8300626801802192,0.33960573082742085,0.36293757727541215,0.17978739879076322,0.8224862192157039,-0.3921007534989921,-0.384873889601544,-0.18318671266997807,0.7317128379362261,0.13499022747438666,0.6942400214951623,-0.4357923429586067,0.14161965199870355,-0.07681576016037929,-0.09361904844978132,0.16230111937779412,-0.3616530733830158,0.2076413521545454,0.09187651718281518,-0.08586242147348773,0.20127744198111236,-0.23155994261921342,0.48409817834652086,0.0032561360378357313,0.365891124647315,-0.10452403663077184,-0.11618115187953416,-0.28723568691481227,-0.5265688152654084,-0.3199940804316577,-0.27567574047080773
-0.5473979190857085,0.12205541179923894,-0.511378339499875,-0.7826444084907224,-0.6525001628842885,-0.6881505577439888,-0.6734984515166257,0.11329982383329056,-0.805057264366208,0.23802647522003945,-0.3392789451016582,-0.4050788196009627,0.498837631054866,-1.159260326120843,-0.3726571356323109,-0.06812415691819193,-0.0025862643312273776,-0.3921007534989921,1.1022375731929568,0.612064527159033,-0.2032952052130279,-0.7002919208497888,-0.26802594725394996,-0.4786906039620291,-0.14592014066165437,-0.6139559995059862,-0.04744921058638596,-0.12579062904446997,0.2879660077279621,0.3287300848490805,-0.4648592136765627,0.26060735918318856,-0.0020503026997680802,-0.24616806124416357,-0.37750036924425223,-0.5640399320647004,0.17902045372274517,-0.041521496039153845,0.303475519744683,-2.55105894853843e-4,-0.45837767322511264,1.127685521879344,0.1591685732191389,0.042788217141128376
-0.46963322688920633,-0.29152724037828354,-0.4279841597381979,-0.22857858471197368,-0.2776746341571874,0.40540014236118815,-0.785424363239623,0.8841464809736557,-1.2911146216412273,1.0820911841313023,0.22238966620235687,0.02873922677328623,0.2917198620133335,-1.1551611039131147,0.5135450751833692,0.5842800021920181,0.9347419721832997,-0.384873889601544,0.612064527159033,1.6713581699153623,0.0936269953901542,-0.57626076742069,-0.253036353645214,0.12519210468654168,0.9310070180193927,-0.17922975346769882,0.26544951454099797,-0.2781584261464761,0.2558844044441557,0.085685175327995,-0.0125357286729476,0.09471366985215421,-0.19433928411289936,0.08565547219599173,-0.01026851186739168,-0.5859392947936168,-0.13831042627296858,0.6483300610913086,0.6676617431873106,-0.009511959413326733,-0.23561080792552413,0.9230881509248084,-0.08026663706009969,-0.23468327739700048
0.1504414097602889,-0.40520727185937405,0.11847912767307121,0.6596378449963015,0.3489041441510545,0.4155722703592137,-0.012531618757605561,0.6396192564308253,-0.5846941870926078,0.09038916170788423,0.10403984393137457,0.16523146975283087,-0.20937111244084455,-0.23331326866778282,0.47479069006234387,0.06677219231668054,0.6733958335392581,-0.18318671266997807,-0.2032952052130279,0.0936269953901542,0.6102799271523291,-0.17241305261582002,0.08171338424801217,0.4222307193483915,0.52621126092583,0.15459622892089409,0.21117425669277629,0.087898498100480435,-0.11256645590605965,-0.1405306648073778,0.04929587609777605,-0.1061685332367386,-0.22059689860578532,0.35674522460091534,0.27640221439253526,0.24817667904046964,-0.2173652723703101,-0.1823015966007047,0.27023437410806905,0.04530254064299737,0.6739903503190503,-0.16359623015778,-0.269202860986185,0.1376188759037171
0.39057723005775474,-0.3294317969948159,0.5587856214707085,0.33431239916195443,0.45498575481768944,1.3718107531323391,0.3868906571586725,-0.5648588803109598,1.4131420394853889,-0.27341284570281466,-0.10564462101468056,0.11439110625742532,-0.5557698070127248,1.341081159394131,0.3844054852694793,0.027925784938253016,0.22518644870493845,0.7317128379362261,-0.7002919208497888,-0.57626076742069,-0.17241305261582002,1.4870280468860804,0.12251461088052289,0.8029204828020801,-0.48692903362066586,0.13695548803551277,-0.410121503600393,-0.19740168867542945,0.2284418794881058,-0.278267585668281,0.5903885505930101,0.013555930849015014,0.04240401907777745,0.5872920080952413,-0.3577789963415113,0.5799560240253211,-0.12687550796615024,0.7234492686350695,-0.1463584008599571,-0.19477617271341047,-0.5869589558770099,-0.7025369043314491,-0.41360157177254153,-0.5714073369686741
0.2907464422661397,-0.09285451940901224,0.20946375506004442,0.35853995873392275,0.23387809058663617,0.002138913108878136,0.3188646593017813,0.36769166337255604,-0.2803817660411665,0.2189985811511091,-0.03574263902839473,0.5345264188334972,-0.20576453810208284,0.46208118685891775,0.4506857278625026,-0.12551579113079087,-0.04892606929541126,0.13499022747438666,-0.26802594725394996,-0.253036353645214,0.08171338424801217,0.12251461088052289,0.4434525118706978,0.23444769272381424,0.08288669752919647,0.22000426445444274,-0.04637295642048799,0.0906506413870473,-0.09024518499602252,-0.31020788224241175,-0.06622616984650098,-0.5172135104382422,-0.21188546571107658,-0.072207681725121,0.514850792359298,0.35741163961468797,0.10333951478890115,-0.18926778741717126,-0.2506487626644448,0.3145953005036227,0.5551009222495876,-0.4185844937846122,-0.07403792143019462,0.2857307221841313
0.22036671386727077,-1.3662249944419345,0.45501125299380757,1.196860621834282,0.7511741307215567,2.242576450301551,0.03036240720369181,0.9733384981296193,-0.11209245292625644,0.11615736047231418,-0.005638244300805176,-0.07633226853576017,-1.1716549364418094,0.42119656854919557,1.3569318221053577,0.7591297121022277,1.921042800007389,0.6942400214951623,-0.4786906039620291,0.12519210468654168,0.4222307193483915,0.8029204828020801,0.23444769272381424,2.0834471201946907,0.2114506645123887,0.02459914089231845,0.122539176305974,-0.25130764470671835,0.2152551030475345,-0.7154487868185979,0.4523937380086382,0.18271699934484567,-0.4518706912819479,1.083623876595318,-0.0015958651846108948,1.019773634050796,-0.24426716361377207,0.5465408326578554,0.7238917217576892,-0.034364547651017326,0.22214616487234626,-0.6852809696032182,-1.1009006246625765,-0.19338309859307778
0.12366140218991228,-0.2641423457263787,-0.0237837360855852,0.5667505761243051,0.22944773885692513,0.36559199437788836,-0.16611221503708853,1.0462634946004978,-1.2846780143574146,0.7580294122194442,0.4708468383283596,0.5920113810833066,-0.05008473999245567,-0.45712872856210335,0.6947950451673365,0.37750926219310266,0.7780758315316647,-0.4357923429586067,-0.14592014066165437,0.9310070180193927,0.52621126092583,-0.48692903362066586,0.08288669752919647,0.2114506645123887,1.345142254132752,0.3899851102169059,0.4552168859370893,0.088136217894134,-0.14192524046066277,-0.22318460697709716,0.033055264086904276,-0.3204344945842465,-0.29861564877598207,-0.015492004755587437,0.7548607049311976,-0.0953241675105723,-0.18736739653718187,0.12201801907784486,0.19939961114665447,0.11849623126891515,0.8238456952272385,0.05029962136545568,-0.10679958805723377,0.07904012715923667
0.4536838407460079,0.14498986420738277,0.3254890764121569,0.4595755246310669,0.16362044045189045,-0.08777608552654137,0.4776385094814978,-0.08846541211163193,-0.12059236531898404,0.11508514345326236,0.5344125198103977,0.553782105413381,-0.4804885966313289,0.6108510014754819,0.2474112523578671,0.22191965753392323,-0.3440096920132489,0.14161965199870355,-0.6139559995059862,-0.17922975346769882,0.15459622892089409,0.13695548803551277,0.22000426445444274,0.02459914089231845,0.3899851102169059,0.9944164237355868,0.4492485832857484,0.22220414874566527,-0.19176838400985358,-0.5940546833692605,0.17143748254371463,-0.35692882237242224,-0.16917695073605185,-0.5111383448461078,0.7837186392626957,0.3054886187602785,0.12261735905582428,-0.10760540621745247,-0.7925609366568602,-0.15132162132109292,0.7286523450422391,-0.4859116490649924,0.10282238843028021,0.2591497592351206
0.02034185354217143,0.00907367850657293,0.002264432140513064,0.3124580742816682,-0.06103294059744189,-0.17789205651721365,0.07424743634296439,0.21881533821532587,-0.6374814282418161,-0.023101733242800362,0.47970274173698496,-0.026345974066734303,-0.2700438762453989,-0.34498256577740744,0.043417061062192584,0.44568782525785317,0.20023790767054878,-0.07681576016037929,-0.04744921058638596,0.26544951454099797,0.21117425669277629,-0.410121503600393,-0.04637295642048799,0.122539176305974,0.4552168859370893,0.4492485832857484,0.6230239614663451,0.225192349759046,-0.17338589970841178,-0.29443913967009283,-0.09714530832847516,0.17619070705578954,-0.15402730770382436,-0.23991433913374413,0.40114469963278343,0.01660859132291098,0.09003576813298181,-0.16014386467894282,-0.18319995799948302,-0.2053108424536552,0.4771819205701315,0.006302628055991172,-0.10440188566211207,0.18203026093155283
0.10089557302936399,0.3448628210813418,0.11079084850076511,0.1621781037051648,0.04485819416502216,-0.615772373578594,0.26245113223051647,-0.13234591324903247,-0.15349080533199852,-0.22738549299349944,0.1812895461292246,0.15115820396406815,0.05718306364445321,0.05789136877072784,-0.21571423841998166,-0.08447274452385517,-0.38888983011790257,-0.09361904844978132,-0.12579062904446997,-0.2781584261464761,0.087898498100480435,-0.19740168867542945,0.0906506413870473,-0.25130764470671835,0.088136217894134,0.22220414874566527,0.225192349759046,0.3709608995052031,-0.2982722642196913,-0.004154338366807036,-0.22688141020906732,-0.08171833335846872,-0.007225553269167153,-0.31962231715831807,0.3359496802475926,-0.006617922605219664,0.13899135092765738,-0.3840228591380506,-0.24744149657644465,0.014455067128170261,0.35160392127870105,-0.17396948581122296,0.03059301444540415,0.15925802167853512
-0.10690801638558937,-0.23354641065851903,-0.059280252700861,-0.29353378012757153,-0.1678397247213299,0.44529987811981614,-0.2984082873011671,0.023290860537386746,-0.03485236609602952,0.2676213976332055,-0.22387672989726537,-0.1449830406743508,-0.029738159249629036,-0.09915229634009413,0.2184661896466591,0.007221684963092157,0.27501799813054645,0.16230111937779412,0.2879660077279621,0.2558844044441557,-0.11256645590605965,0.2284418794881058,-0.09024518499602252,0.2152551030475345,-0.14192524046066277,-0.19176838400985358,-0.17338589970841178,-0.2982722642196913,0.43408445791349576,-0.0918876552596728,0.09136547982699293,0.08337946267513777,-0.05714656051789471,0.1655588001548517,-0.33844656115037797,-0.03908870222195464,0.008902795874800584,0.42541610784681405,0.1098110420663349,-0.06835831458287339,-0.44673682030272877,0.42629747171543925,-0.06996101372114275,-0.2512507150881677
-0.3628843002100822,0.40063892826354053,-0.327416555889415,-0.5498894997633492,-0.22086237763744015,-0.5932551005822108,-0.25951087917530513,-0.37540839651554875,0.3688222171810114,-0.2174561964328389,-0.19279471265979914,-0.38209589773943153,0.7717537685017037,-0.4958438497170261,-0.710819608673214,-0.3374166277538763,-0.38628369722514033,-0.3616530733830158,0.3287300848490805,0.085685175327995,-0.1405306648073778,-0.278267585668281,-0.31020788224241175,-0.7154487868185979,-0.22318460697709716,-0.5940546833692605,-0.29443913967009283,-0.004154338366807036,-0.0918876552596728,0.7797778997426564,-0.13896901094640582,0.26481586602931234,0.35120798348624116,0.10144490610869493,-0.5829225096606221,-0.6027630617214719,-0.12400277092753727,-0.07706281566426398,0.3965893293611844,0.01944949693215639,-0.5842442608419938,0.3955795039728778,0.27388039423925087,-0.21109577322882422
0.14259149016097875,-0.30025410938796027,0.21750948267759396,0.24007105458676245,0.2793705811424472,0.9440976372105309,0.053966554145531836,-0.06423337165946089,0.6096097588679056,-0.023304833839788153,0.06842876435769346,-0.01166314781480041,-0.320937057585609,0.4732920302252288,0.2773499906274903,0.15047298870602138,0.3878115882243367,0.2076413521545454,-0.4648592136765627,-0.0125357286729476,0.04929587609777605,0.5903885505930101,-0.06622616984650098,0.4523937380086382,0.033055264086904276,0.17143748254371463,-0.09714530832847516,-0.22688141020906732,0.09136547982699293,-0.13896901094640582,0.5244025298109075,0.08791965555693312,0.05738718798909087,0.434955839834576,-0.15683158055980234,0.23215792578182434,-0.238634930483904,0.43340865149445235,0.07468364535245663,-0.15543469858180248,-0.18675827262231828,-0.35185095388084275,-0.1420802564578859,-0.2550476326266608
-0.3473824086883099,-0.10366120523045086,-0.18913259118780296,-0.19012212511488094,-0.2198931923132443,0.3377517892524779,-0.2315351176151435,-0.4806456351930319,0.5562045474818572,-0.6677259775127307,0.09644701831980594,-0.9439672828349454,-0.06686163252583782,-0.48353268366214147,-0.585799031778031,0.42058852822846227,0.36853457461948713,0.09187651718281518,0.26060735918318856,0.09471366985215421,-0.1061685332367386,0.013555930849015014,-0.5172135104382422,0.18271699934484567,-0.3204344945842465,-0.35692882237242224,0.17619070705578954,-0.08171833335846872,0.08337946267513777,0.26481586602931234,0.08791965555693312,0.9777539262204706,0.21484141859792386,0.3926943499410295,-0.7882602516885217,-0.19154728537094942,-0.11041278184874048,0.23386465845273474,0.3701628146870602,-0.5054658441948495,-0.7061273296648574,0.259452319539293,-0.2243474704104489,-0.3941814690020737
-0.1316714512375178,0.3591852428076523,-0.08068340560046877,-0.38417501593070386,-0.1270372162070652,-0.33110488721901765,-0.002437971136350208,-0.5245395309522004,0.6083068913356093,-0.3143249013647946,-0.05582937796717625,-0.27167681155474793,0.3175375883705382,0.03400540818996217,-0.5447225732146326,-0.22274267215394297,-0.46690496278464755,-0.08586242147348773,-0.0020503026997680802,-0.19433928411289936,-0.22059689860578532,0.04240401907777745,-0.21188546571107658,-0.4518706912819479,-0.29861564877598207,-0.16917695073605185,-0.15402730770382436,-0.007225553269167153,-0.05714656051789471,0.35120798348624116,0.05738718798909087,0.21484141859792386,0.30224553242931657,-0.0351149153577207,-0.3383999256626198,-0.26621069328821495,-0.0184150730477127,-0.01179992820125145,-0.01401242193449833,-0.09302554275556926,-0.44139732175493646,0.05629284935876597,0.23985317785674828,-0.1471793846462156
-0.04573748855801488,-0.8232115089483366,0.17144336299308846,0.5553238552118402,0.5102402292340107,1.5970618212111545,-0.11971276729770827,0.5172999523593781,0.4138452960989822,-0.21874547998414287,-0.21952589134415557,-0.39885156907458125,-0.30504084277825605,0.0060831485017082436,0.6103354744697422,0.14370625950735932,1.3281673835783319,0.20127744198111236,-0.24616806124416357,0.08565547219599173,0.35674522460091534,0.5872920080952413,-0.072207681725121,1.083623876595318,-0.015492004755587437,-0.5111383448461078,-0.23991433913374413,-0.31962231715831807,0.1655588001548517,0.10144490610869493,0.434955839834576,0.3926943499410295,-0.0351149153577207,1.4089554979266712,-0.6489707181924017,0.37109596505153286,-0.4800847877084025,0.4891202291557816,0.8820398636964524,0.0019025911984656826,-0.3037542600970593,-0.3593726335721468,-0.6785391910762422,-0.43786092328993087
0.4255397884201176,0.12183228814988746,0.2630791018957148,0.573552028326844,0.2431840139640189,-0.4487207515027546,0.3890317998030533,0.6934473091058347,-1.0756591628149867,0.48835604442749514,0.3265178400899878,0.971305447228267,-0.31104477304604616,0.3011188711012717,0.5285779616275205,-0.011459520008131259,-0.19435991383146475,-0.23155994261921342,-0.37750036924425223,-0.01026851186739168,0.27640221439253526,-0.3577789963415113,0.514850792359298,-0.0015958651846108948,0.7548607049311976,0.7837186392626957,0.40114469963278343,0.3359496802475926,-0.33844656115037797,-0.5829225096606221,-0.15683158055980234,-0.7882602516885217,-0.3383999256626198,-0.6489707181924017,1.3196526406205045,0.3215753629082746,0.2297360647378517,-0.49206275911736963,-0.6004560886841506,0.3161498236444423,1.2976450062359237,-0.4397845786375961,0.1028327343610242,0.6522792707289027
0.45824199389078124,-0.6802791065280934,0.41681989401491887,0.8938024673860506,0.5676473399567226,1.032290658819463,0.4257249571687464,0.3285252659589356,0.28569822645125625,-0.2139008357402684,-0.012274985172867734,0.24131894876812654,-0.9026641691316508,0.8193520590145298,0.7227113097863378,0.21237185678597148,0.6073496988241222,0.48409817834652086,-0.5640399320647004,-0.5859392947936168,0.24817667904046964,0.5799560240253211,0.35741163961468797,1.019773634050796,-0.0953241675105723,0.3054886187602785,0.01660859132291098,-0.006617922605219664,-0.03908870222195464,-0.6027630617214719,0.23215792578182434,-0.19154728537094942,-0.26621069328821495,0.37109596505153286,0.3215753629082746,0.9493981523885812,-0.07470865633630391,-0.06410099181373248,-0.0711041739021651,0.06009798805495498,0.5787015673721246,-0.8910650885985458,-0.457693677195422,0.20238646484122316
-0.03534804106243198,0.3596365451152404,0.02810345219116743,-0.27779754352737407,-0.23476605615647791,-0.6624864553966694,0.083544228845679,-0.17029918563768393,-0.2657961221295597,0.03423164599140801,-0.033844895709753686,0.08971322025145734,0.07394644861767945,0.009750314211229315,-0.19763487591552817,-0.15657306394683473,-0.5155763243423096,0.0032561360378357313,0.17902045372274517,-0.13831042627296858,-0.2173652723703101,-0.12687550796615024,0.10333951478890115,-0.24426716361377207,-0.18736739653718187,0.12261735905582428,0.09003576813298181,0.13899135092765738,0.008902795874800584,-0.12400277092753727,-0.238634930483904,-0.11041278184874048,-0.0184150730477127,-0.4800847877084025,0.2297360647378517,-0.07470865633630391,0.3475649810598039,-0.19671445844761476,-0.3662222033820324,0.03493426414479202,0.014143334795476649,0.19707366439159174,0.13224029207254545,0.1809108556820179
-0.0761127296006564,-0.3661061094063792,0.05098561683301457,-0.10879330810846628,0.03522695451719699,1.2478339872417206,-0.2693880390793235,-0.055925202707105694,0.42741691100312773,0.40316692641075474,0.060801483203636625,-0.08880648160331595,-0.1457364794271583,0.21548866840676376,0.449884769535586,0.41139069161119995,0.6668636061166309,0.365891124647315,-0.041521496039153845,0.6483300610913086,-0.1823015966007047,0.7234492686350695,-0.18926778741717126,0.5465408326578554,0.12201801907784486,-0.10760540621745247,-0.16014386467894282,-0.3840228591380506,0.42541610784681405,-0.07706281566426398,0.43340865149445235,0.23386465845273474,-0.01179992820125145,0.4891202291557816,-0.49206275911736963,-0.06410099181373248,-0.19671445844761476,1.0532334503070642,0.30763674318474443,-0.22459126945680727,-0.8304544765074926,0.18308567162005587,-0.2829211743353161,-0.7179962493845489
-0.45190672359111417,-0.6675118895204682,-0.20137119883051205,0.18984149365380462,0.28079353761434517,0.9670722219014922,-0.6063563486676519,0.7550562151569536,-0.2727300658894204,0.24424090413182972,-0.2891410549164767,-0.49672487720937586,0.1468411046185582,-0.7580792356971596,0.45437783848851027,0.2207696797791693,1.2830433718437015,-0.10452403663077184,0.303475519744683,0.6676617431873106,0.27023437410806905,-0.1463584008599571,-0.2506487626644448,0.7238917217576892,0.19939961114665447,-0.7925609366568602,-0.18319995799948302,-0.24744149657644465,0.1098110420663349,0.3965893293611844,0.07468364535245663,0.3701628146870602,-0.01401242193449833,0.8820398636964524,-0.6004560886841506,-0.0711041739021651,-0.3662222033820324,0.30763674318474443,1.3612461947872305,0.13208629113311693,-0.4260081969699861,0.27218101562418584,-0.4774988817911938,-0.3212031081404543
0.03709178841773718,0.0072589013738379796,0.01987354389440553,0.04734642545184481,0.16006745092332725,-0.2239838559073216,0.03500211716394428,0.5387141073940677,-0.4541230198347202,0.37118906729762174,-0.23693300937674625,0.3855624439516261,0.192291802890018,0.04484419528575485,0.3721487680777188,-0.34195500072173274,-0.04019428700618631,-0.11618115187953416,-2.55105894853843e-4,-0.009511959413326733,0.04530254064299737,-0.19477617271341047,0.3145953005036227,-0.034364547651017326,0.11849623126891515,-0.15132162132109292,-0.2053108424536552,0.014455067128170261,-0.06835831458287339,0.01944949693215639,-0.15543469858180248,-0.5054658441948495,-0.09302554275556926,0.0019025911984656826,0.3161498236444423,0.06009798805495498,0.03493426414479202,-0.22459126945680727,0.13208629113311693,0.48993498719234363,0.3306188440186195,-0.12676328473165446,0.05764383618158288,0.2474583755388675
0.5385474435064853,-0.2690963827088816,0.19399001928696136,1.0435586254856781,0.4243161913662028,-0.238216014772419,0.4756229509555279,0.9954786142104234,-1.164529707458047,0.2069911965577749,0.3357531043399238,0.8402332719136899,-0.5021484633397998,0.1172569789129164,0.6146926442713809,0.0640262898673736,0.18347700392888186,-0.28723568691481227,-0.45837767322511264,-0.23561080792552413,0.6739903503190503,-0.5869589558770099,0.5551009222495876,0.22214616487234626,0.8238456952272385,0.7286523450422391,0.4771819205701315,0.35160392127870105,-0.44673682030272877,-0.5842442608419938,-0.18675827262231828,-0.7061273296648574,-0.44139732175493646,-0.3037542600970593,1.2976450062359237,0.5787015673721246,0.014143334795476649,-0.8304544765074926,-0.4260081969699861,0.3306188440186195,1.821410010845517,-0.6969104191513835,-0.020724189105289927,0.8688216695406106
-0.6550102052305127,0.32167273204475405,-0.5221137477285496,-1.0554013565304015,-0.8184542435485176,-0.8331167857938166,-0.9294253257981586,0.018617252726890705,-1.0412620742339525,0.5354625814103451,-0.28544791529142177,-0.38390653461245583,0.7837008720896239,-1.378440244515898,-0.44266748435057096,-0.19293589334973965,-0.06386155866980688,-0.5265688152654084,1.127685521879344,0.9230881509248084,-0.16359623015778,-0.7025369043314491,-0.4185844937846122,-0.6852809696032182,0.05029962136545568,-0.4859116490649924,0.006302628055991172,-0.17396948581122296,0.42629747171543925,0.3955795039728778,-0.35185095388084275,0.259452319539293,0.05629284935876597,-0.3593726335721468,-0.4397845786375961,-0.8910650885985458,0.19707366439159174,0.18308567162005587,0.27218101562418584,-0.12676328473165446,-0.6969104191513835,1.6209086904743855,0.2947235788376029,-0.14949744934061865
-0.05161171694714764,0.6517958788287096,-0.2761079161072228,-0.634425266284134,-0.40164790294641806,-1.1088324852462665,0.014278367659701694,-0.4643030588708309,0.11763075308736252,0.08530495824548344,0.015438358671289586,0.145165398856399,0.5534340484549528,-0.06931297703184744,-0.6284389626815815,-0.40383169398026425,-1.0792858719606069,-0.3199940804316577,0.1591685732191389,-0.08026663706009969,-0.269202860986185,-0.41360157177254153,-0.07403792143019462,-1.1009006246625765,-0.10679958805723377,0.10282238843028021,-0.10440188566211207,0.03059301444540415,-0.06996101372114275,0.27388039423925087,-0.1420802564578859,-0.2243474704104489,0.23985317785674828,-0.6785391910762422,0.1028327343610242,-0.457693677195422,0.13224029207254545,-0.2829211743353161,-0.4774988817911938,0.05764383618158288,-0.020724189105289927,0.2947235788376029,0.7316189513981621,0.20809702497984492
0.11515365223928689,0.04376431181914255,-0.04868411728635058,0.19690455724651765,-0.03892514094176707,-0.7233406703070968,0.16043133276303942,0.41189585081401164,-0.7024673983191346,0.046123897980876016,-0.00778951027480696,0.30544560961859485,-0.11715422650840296,-0.16000269800892739,0.02168841086388431,-0.14966983733168449,-0.2684738958876707,-0.27567574047080773,0.042788217141128376,-0.23468327739700048,0.1376188759037171,-0.5714073369686741,0.2857307221841313,-0.19338309859307778,0.07904012715923667,0.2591497592351206,0.18203026093155283,0.15925802167853512,-0.2512507150881677,-0.21109577322882422,-0.2550476326266608,-0.3941814690020737,-0.1471793846462156,-0.43786092328993087,0.6522792707289027,0.20238646484122316,0.1809108556820179,-0.7179962493845489,-0.3212031081404543,0.2474583755388675,0.8688216695406106,-0.14949744934061865,0.20809702497984492,0.7588143779079546
