V1,V2,V3,V4,V5,V6,V7,V8,V9,V10,V11,V12,V13,V14,V15,V16,V17,V18,V19,V20,V21,V22,V23,V24,V25,V26,V27,V28,V29
0.7352622753136643,0.8351581510607536,-0.07109131613659227,-1.0066797182296614,0.2032352342425163,-0.331954205710811,-0.9762628391435447,0.16121507531158868,0.17811841228640354,0.36259115328319713,0.3929045873125264,-0.3679415048673565,0.4000106473770801,0.7140247089653996,-0.5860902369813736,0.03466783278346434,-0.011113670172843019,0.32729948098473416,-0.17297034745738937,-0.0650892646816112,-0.31905369363649666,0.19327328499088783,0.14910826466192,0.3076276889046199,0.44718431624568084,-0.5676695197491288,-0.6117380090946206,1.3067894819127566,0.5436247469601073
0.8351581510607536,1.6720189505430203,-0.06835989527641037,-1.3176721396963589,0.38268482394779635,-0.8142826767648138,-1.103805042124668,0.2166325601499626,0.45472726625207815,1.5298766634168284,0.24971561735257658,-0.8875372583677189,0.7120622372688993,1.2473426555507268,-0.9574001996155375,0.18041519846105197,0.037329062747900627,0.08639466070588865,-0.22844839226787383,0.16789520128884466,-0.32364020090798645,0.4233245174637274,-0.38463473975185175,1.0796046454701167,0.7258161119702604,-0.6910892696720582,-1.1177271351700113,2.0572658534714514,0.35173152765530524
-0.07109131613659227,-0.06835989527641037,0.706386640096692,0.5843856409588782,0.46592354066310393,-0.36103755410199667,0.36972747067852946,-0.28928576868673533,0.027917795230132866,0.13750286833824096,-0.33073195065379657,0.15343298362881266,0.3003293625627413,-0.33455032178538396,0.2715975629666596,0.5583619596321198,-0.41034194404125546,-0.01688881002289696,-0.4483281806746864,-0.5126747846177927,0.16189894381383402,-0.14346329172751573,-0.1187228518397805,0.3021016859633069,-0.07831764653209466,-0.06984451172085743,-0.0389596600022723,-0.028974286377859062,-0.8424756684618787
-1.0066797182296614,-1.3176721396963589,0.5843856409588782,2.016171505430686,0.0014459606486415429,0.5409963843361902,1.737690519660262,-0.43595913747615106,-0.3001295812767941,-0.8677893563012455,-0.4701458674664265,0.8379971648786262,-0.4294002064681665,-1.2776563670213905,1.1669950855316513,0.27741941839832657,-0.35093102170744034,-0.22920559067793944,-0.01913655649818212,-0.25443327365618656,0.6859436635340048,-0.3326463557456601,-0.014191544659333739,-0.40990636520563617,-0.6275692669413423,0.6044091287226049,1.1577717567597374,-1.8166424396153067,-1.3903316929081095
0.2032352342425163,0.38268482394779635,0.46592354066310393,0.0014459606486415429,1.0177406569846537,-0.5713120970677428,-0.5596539973040296,0.0821691383003807,0.2613335271902216,0.11444341978311807,-0.32741017298601777,0.022189181915988,-0.0062713386037083416,-0.015725811494208,-0.3945770205509006,0.6816369402435104,0.02355401416155193,0.2557745029001197,-0.4903053981267897,-0.06317920114339468,-0.6232449517934023,0.06319325157459312,0.049986135299621384,0.12532980603091057,-0.22030492527098927,-0.17779674948084298,-0.42894356421245605,0.533152916803871,-0.28460666575983284
-0.331954205710811,-0.8142826767648138,-0.36103755410199667,0.5409963843361902,-0.5713120970677428,1.6595657913341966,0.6609833100965538,-0.18290087413648265,-0.5194874459346255,-2.051377807418108,0.420520832910236,0.7937178796181938,-0.9479015018020842,-0.6764289084104519,0.6090218329303699,-0.17261658163067137,0.08945273415101691,0.218686355520101,0.09823976275941894,0.2066687043614172,0.027574055199393904,-0.0040321390507112405,0.811791065372815,-1.2667610882236493,-0.5560736981611454,0.26910166426945104,1.7177189513974107,-0.89572400018193,0.16972953300539426
-0.9762628391435447,-1.103805042124668,0.36972747067852946,1.737690519660262,-0.5596539973040296,0.6609833100965538,2.034932389552339,-0.6104370685656108,-0.4368324466340488,-0.5375192498330564,-0.37703453198336495,0.5749980167166041,-0.3252105210264078,-1.0229647261555288,1.2168517685312155,0.032509739611183607,-0.5026266786303698,-0.5142547621746681,0.11105714757531902,-0.2875418108221295,1.0266470674433807,-0.2980838169945484,-0.21993575128501722,-0.18831698854646117,-0.36085298184660136,0.5546926823436117,1.2687536102351784,-1.7214064456632958,-1.3121587273700879
0.16121507531158868,0.2166325601499626,-0.28928576868673533,-0.43595913747615106,0.0821691383003807,-0.18290087413648265,-0.6104370685656108,0.5733488941297952,0.0029506301407763325,0.3009746232146051,0.25339124667814594,-0.19108486245465653,0.30559135862962555,0.27483346891965543,-0.3462995032548697,-0.3847142027798822,0.31067193852897224,0.2653160567238908,0.32433392276360673,0.12525549313522552,-0.1164199764040479,0.1247913579168172,-0.021662203586502393,0.1368199528026017,0.13281471460417174,-0.13456773072506029,-0.6004584622175558,0.24590782392021232,0.4178184888848912
0.17811841228640354,0.45472726625207815,0.027917795230132866,-0.3001295812767941,0.2613335271902216,-0.5194874459346255,-0.4368324466340488,0.0029506301407763325,0.5234988622743385,0.8894249260155846,-0.08039479088959592,-0.2997760184544609,0.20987706966342298,0.406831114784154,-0.2756535496440224,0.15984897793489766,0.15139561011701,-0.07747300436113508,-0.06780532122180911,0.2796197099073699,-0.2665614070178653,0.10132876164038795,-0.23948410286436034,0.45620273991369786,0.22679151614646192,0.030181530655189928,-0.583712442852958,0.6308363165752047,0.1370370513146783
0.36259115328319713,1.5298766634168284,0.13750286833824096,-0.8677893563012455,0.11444341978311807,-2.051377807418108,-0.5375192498330564,0.3009746232146051,0.8894249260155846,4.056826102950593,-0.2807086393758638,-1.4338416410425687,1.857295910418162,1.3224487172663995,-0.5388984293501984,-0.2956804959996256,-0.04837716548740227,-0.557264327889437,0.31216941385254793,-0.0034749095020679167,0.446224095402678,0.25795260298468903,-1.4820589722015085,2.4254193598294633,1.1603183822202185,-0.13760719828355644,-2.547354563355339,1.5281116737461553,-0.23401666462410456
0.3929045873125264,0.24971561735257658,-0.33073195065379657,-0.4701458674664265,-0.32741017298601777,0.420520832910236,-0.37703453198336495,0.25339124667814594,-0.08039479088959592,-0.2807086393758638,0.7871803144082515,-0.017010324399891738,0.30174712578622287,0.3498147247467492,-0.038666334323471246,-0.40474198368705794,0.005418615658788605,0.45375333172857174,0.2795793564307368,0.032845843398821316,0.10696839702273468,0.14690173169618342,0.29964704037250844,-0.015454512209936915,0.39198829302442606,-0.35088950141988734,0.0843769204419981,0.5208683335347883,0.4290737663532142
-0.3679415048673565,-0.8875372583677189,0.15343298362881266,0.8379971648786262,0.022189181915988,0.7937178796181938,0.5749980167166041,-0.19108486245465653,-0.2997760184544609,-1.4338416410425687,-0.017010324399891738,0.7745104405448979,-0.6012147024776546,-0.8566617453830551,0.5978597086314031,0.15636035056497485,-0.07393504501126948,0.23446959783194113,-0.06940914237995041,-0.08259036826160922,-0.07304537548563908,-0.15882915897554334,0.5870617752987096,-0.8857889204119205,-0.5737876941821294,0.3155850967538463,1.0294566180898514,-1.0041609574706059,-0.30346461349035553
0.4000106473770801,0.7120622372688993,0.3003293625627413,-0.4294002064681665,-0.0062713386037083416,-0.9479015018020842,-0.3252105210264078,0.30559135862962555,0.20987706966342298,1.857295910418162,0.30174712578622287,-0.6012147024776546,1.664741413057237,0.5495429618344182,-9.917791894762406e-4,-0.2610188750462585,-0.35505477411192216,0.13965768527511935,0.18793008421951066,-0.6016819272340719,0.538658194970987,0.048823945677278435,-0.6324967036416869,1.428249766209796,0.8306240589201334,-0.37062046993866365,-1.3685012972967514,0.8800820798805793,-0.36238862247160725
0.7140247089653996,1.2473426555507268,-0.33455032178538396,-1.2776563670213905,-0.015725811494208,-0.6764289084104519,-1.0229647261555288,0.27483346891965543,0.406831114784154,1.3224487172663995,0.3498147247467492,-0.8566617453830551,0.5495429618344182,1.2679115485630676,-0.8982495256562715,-0.2174613069329132,0.19995323029466525,-0.04812147782736051,0.041167854220329855,0.28554555808774934,-0.057108033813541466,0.3165523728832689,-0.35594844797260294,0.8210013195407113,0.7966118795163212,-0.5977356751428344,-1.0810019622691458,1.7036060672897595,0.7482118771469172
-0.5860902369813736,-0.9574001996155375,0.2715975629666596,1.1669950855316513,-0.3945770205509006,0.6090218329303699,1.2168517685312155,-0.3462995032548697,-0.2756535496440224,-0.5388984293501984,-0.038666334323471246,0.5978597086314031,-9.917791894762406e-4,-0.8982495256562715,1.0807985970568734,-0.06642713172209004,-0.3728977114392384,-0.04322454744944639,0.1619156747380996,-0.34038229832682454,0.5446897808265084,-0.24182502346131735,0.11691981609972564,-0.24849526978334854,-0.29113759912456705,0.49251679902680773,0.8494390782972948,-1.297760766911372,-0.81615325313047
0.03466783278346434,0.18041519846105197,0.5583619596321198,0.27741941839832657,0.6816369402435104,-0.17261658163067137,0.032509739611183607,-0.3847142027798822,0.15984897793489766,-0.2956804959996256,-0.40474198368705794,0.15636035056497485,-0.2610188750462585,-0.2174613069329132,-0.06642713172209004,0.8922721065645464,-0.21511997058083315,-0.020774564632237653,-0.6887249368332701,-0.16110831708882817,-0.412864509102791,-0.04481405177324278,0.015598249498258606,-0.028450270604137226,-0.2722643492125269,-0.06060242389037216,0.2785388797181544,0.2692657306636142,-0.5418737624884272
-0.011113670172843019,0.037329062747900627,-0.41034194404125546,-0.35093102170744034,0.02355401416155193,0.08945273415101691,-0.5026266786303698,0.31067193852897224,0.15139561011701,-0.04837716548740227,0.005418615658788605,-0.07393504501126948,-0.35505477411192216,0.19995323029466525,-0.3728977114392384,-0.21511997058083315,0.5430357237473106,-0.01379365580137916,0.1615942404005706,0.5005372492882562,-0.3520083191897459,0.12385147728368029,0.11715028072591564,-0.29299925484745637,-0.14320580242174835,0.14342884114205617,-0.17916665051840383,0.09632313315806172,0.663116297927713
0.32729948098473416,0.08639466070588865,-0.01688881002289696,-0.22920559067793944,0.2557745029001197,0.218686355520101,-0.5142547621746681,0.2653160567238908,-0.07747300436113508,-0.557264327889437,0.45375333172857174,0.23446959783194113,0.13965768527511935,-0.04812147782736051,-0.04322454744944639,-0.020774564632237653,-0.01379365580137916,0.6479128857400175,0.04792471035293193,-0.08379870636787971,-0.34796697336616933,0.08604559284893082,0.4840398457482892,-0.2303873796237834,-0.004045817217127264,-0.22674300619387786,0.03339733188507955,0.2621337059819911,0.1647190680968779
-0.17297034745738937,-0.22844839226787383,-0.4483281806746864,-0.01913655649818212,-0.4903053981267897,0.09823976275941894,0.11105714757531902,0.32433392276360673,-0.06780532122180911,0.31216941385254793,0.2795793564307368,-0.06940914237995041,0.18793008421951066,0.041167854220329855,0.1619156747380996,-0.6887249368332701,0.1615942404005706,0.04792471035293193,0.6902007224798618,0.2525018548267724,0.2580819119214613,0.020212307928116346,-0.12443859444361699,0.08086975845835981,0.17937017331942673,0.21165943810614468,-0.1629586044499019,-0.4879487611828046,0.23935653407025853
-0.0650892646816112,0.16789520128884466,-0.5126747846177927,-0.25443327365618656,-0.06317920114339468,0.2066687043614172,-0.2875418108221295,0.12525549313522552,0.2796197099073699,-0.0034749095020679167,0.032845843398821316,-0.08259036826160922,-0.6016819272340719,0.28554555808774934,-0.34038229832682454,-0.16110831708882817,0.5005372492882562,-0.08379870636787971,0.2525018548267724,0.8855800760339825,-0.4015960865627317,0.2069048018947443,0.052904915740836604,-0.2656809147118683,-0.08463563270436558,0.22199985090782887,0.1470947555779315,0.12045123937078463,0.5704079838276033
-0.31905369363649666,-0.32364020090798645,0.16189894381383402,0.6859436635340048,-0.6232449517934023,0.027574055199393904,1.0266470674433807,-0.1164199764040479,-0.2665614070178653,0.446224095402678,0.10696839702273468,-0.07304537548563908,0.538658194970987,-0.057108033813541466,0.5446897808265084,-0.412864509102791,-0.3520083191897459,-0.34796697336616933,0.2580819119214613,-0.4015960865627317,1.2513751944809866,-0.13739696661753378,-0.4174018459306406,0.502909521605258,0.38711609471924063,-0.09308205304598065,0.07553781413428011,-0.4267730659129877,-0.6229582432509669
0.19327328499088783,0.4233245174637274,-0.14346329172751573,-0.3326463557456601,0.06319325157459312,-0.0040321390507112405,-0.2980838169945484,0.1247913579168172,0.10132876164038795,0.25795260298468903,0.14690173169618342,-0.15882915897554334,0.048823945677278435,0.3165523728832689,-0.24182502346131735,-0.04481405177324278,0.12385147728368029,0.08604559284893082,0.020212307928116346,0.2069048018947443,-0.13739696661753378,0.1864710260889436,0.034869119103779586,0.13823892343919017,0.11745997840879496,-0.13232373361424218,-0.16437375748945543,0.5173297326573801,0.1995576490604689
0.14910826466192,-0.38463473975185175,-0.1187228518397805,-0.014191544659333739,0.049986135299621384,0.811791065372815,-0.21993575128501722,-0.021662203586502393,-0.23948410286436034,-1.4820589722015085,0.29964704037250844,0.5870617752987096,-0.6324967036416869,-0.35594844797260294,0.11691981609972564,0.015598249498258606,0.11715028072591564,0.4840398457482892,-0.12443859444361699,0.052904915740836604,-0.4174018459306406,0.034869119103779586,0.9695136963315157,-1.0165584007502764,-0.4164140503629754,-0.021583531085156652,0.7457664753815846,-0.16608465516824264,0.42382545834748964
0.3076276889046199,1.0796046454701167,0.3021016859633069,-0.40990636520563617,0.12532980603091057,-1.2667610882236493,-0.18831698854646117,0.1368199528026017,0.45620273991369786,2.4254193598294633,-0.015454512209936915,-0.8857889204119205,1.428249766209796,0.8210013195407113,-0.24849526978334854,-0.028450270604137226,-0.29299925484745637,-0.2303873796237834,0.08086975845835981,-0.2656809147118683,0.502909521605258,0.13823892343919017,-1.0165584007502764,1.7373917045196996,0.8903192731874574,-0.3325371538613909,-1.4519661982564158,1.1204578097155498,-0.5232381271105137
0.44718431624568084,0.7258161119702604,-0.07831764653209466,-0.6275692669413423,-0.22030492527098927,-0.5560736981611454,-0.36085298184660136,0.13281471460417174,0.22679151614646192,1.1603183822202185,0.39198829302442606,-0.5737876941821294,0.8306240589201334,0.7966118795163212,-0.29113759912456705,-0.2722643492125269,-0.14320580242174835,-0.004045817217127264,0.17937017331942673,-0.08463563270436558,0.38711609471924063,0.11745997840879496,-0.4164140503629754,0.8903192731874574,0.8255335484215831,-0.4426284974724882,-0.7997813972877439,1.0024753493628726,0.16098878445196627
-0.5676695197491288,-0.6910892696720582,-0.06984451172085743,0.6044091287226049,-0.17779674948084298,0.26910166426945104,0.5546926823436117,-0.13456773072506029,0.030181530655189928,-0.13760719828355644,-0.35088950141988734,0.3155850967538463,-0.37062046993866365,-0.5977356751428344,0.49251679902680773,-0.06060242389037216,0.14342884114205617,-0.22674300619387786,0.21165943810614468,0.22199985090782887,-0.09308205304598065,-0.13232373361424218,-0.021583531085156652,-0.3325371538613909,-0.4426284974724882,0.7125402411183495,0.3777930100996154,-1.0841663581557606,-0.17839657471367307
-0.6117380090946206,-1.1177271351700113,-0.0389596600022723,1.1577717567597374,-0.42894356421245605,1.7177189513974107,1.2687536102351784,-0.6004584622175558,-0.583712442852958,-2.547354563355339,0.0843769204419981,1.0294566180898514,-1.3685012972967514,-1.0810019622691458,0.8494390782972948,0.2785388797181544,-0.17916665051840383,0.03339733188507955,-0.1629586044499019,0.1470947555779315,0.07553781413428011,-0.16437375748945543,0.7457664753815846,-1.4519661982564158,-0.7997813972877439,0.3777930100996154,2.3439060693203415,-1.4147243721250027,-0.42340204651432173
1.3067894819127566,2.0572658534714514,-0.028974286377859062,-1.8166424396153067,0.533152916803871,-0.89572400018193,-1.7214064456632958,0.24590782392021232,0.6308363165752047,1.5281116737461553,0.5208683335347883,-1.0041609574706059,0.8800820798805793,1.7036060672897595,-1.297760766911372,0.2692657306636142,0.09632313315806172,0.2621337059819911,-0.4879487611828046,0.12045123937078463,-0.4267730659129877,0.5173297326573801,-0.16608465516824264,1.1204578097155498,1.0024753493628726,-1.0841663581557606,-1.4147243721250027,3.032442720539024,0.7987687245786065
0.5436247469601073,0.35173152765530524,-0.8424756684618787,-1.3903316929081095,-0.28460666575983284,0.16972953300539426,-1.3121587273700879,0.4178184888848912,0.1370370513146783,-0.23401666462410456,0.4290737663532142,-0.30346461349035553,-0.36238862247160725,0.7482118771469172,-0.81615325313047,-0.5418737624884272,0.663116297927713,0.1647190680968779,0.23935653407025853,0.5704079838276033,-0.6229582432509669,0.1995576490604689,0.42382545834748964,-0.5232381271105137,0.16098878445196627,-0.17839657471367307,-0.42340204651432173,0.7987687245786065,1.6727858287971915
