V1,V2,V3,V4,V5,V6,V7,V8,V9,V10,V11,V12,V13,V14,V15,V16,V17,V18,V19,V20,V21,V22,V23,V24,V25,V26,V27,V28,V29
0.7871211048152112,-1.8322776378713173,-1.1386131209627783,1.3315594819855572,0.4385312045132871,-2.583423373748522,-2.509619960458312,0.49980112330861076,0.6630250920022984,2.1507789685452825,-1.898115816827247,0.8268616449730214,0.2900515283227123,1.2628351020572954,-0.4802565355498498,-0.20644407802782383,-0.6917207352927708,0.7611825168975117,3.2447918148797728,-3.252321439283267,-0.09380792919897518,-4.296937721553569,-1.1693478533718973,0.18591584321074844,-1.3376660403720562,-0.879643958216944,0.39443390428895203,4.631139137816106,1.8159377515929875
-1.8322776378713173,5.0421919409950755,3.4339991471775098,-4.528746750097795,-0.8945437672614353,7.338674450152581,7.3310636107922775,-1.9079071075474798,-1.2592720788785325,-5.884203715324161,4.836037451937241,-1.6920070214572884,-1.5252268130629847,-3.1467512332622394,2.051335679745033,1.0241950836678266,2.1660522576561996,-0.6068439361755905,-10.04460322298425,8.182291042704351,-0.5030170578255753,11.44547827186619,3.8234294305804624,0.0017764845048636728,3.6813362801575376,3.3151078745552423,-0.2993379658846533,-11.529274435632754,-5.236320505157824
-1.1386131209627783,3.4339991471775098,2.5273120029307523,-3.4234763309826053,-0.3975921562371925,5.128799666477214,5.185323617140736,-1.548336478251309,-0.5553597615341463,-3.9544155249525508,3.162045994374493,-0.9209156142378623,-1.355971580169724,-1.984897617366198,1.7476796112070216,0.8923812985685318,1.56400829417589,0.2814946440420904,-7.348196867015126,5.305340742088236,-0.6485157381672539,7.721860724019652,2.876719646673237,0.20647336839616864,2.522939972841669,2.6863210914930735,0.15691418048253178,-7.381544047497914,-3.677025408129219
1.3315594819855572,-4.528746750097795,-3.4234763309826053,5.0026821331793805,0.3779396988305071,-6.8351119407890595,-7.032104602007264,2.312902850098731,0.43070054798901003,5.254543525668008,-3.971970166327382,0.9299776338082784,2.1569854659540515,2.4162810737199156,-2.611968780890749,-1.4098943057506939,-2.183003366149293,-1.0904247436760988,10.249608055698012,-6.643630328225135,1.2359979260957485,-9.9518971860337,-4.056441665218068,-0.5075516101126363,-3.2974639976298947,-3.9855867691868325,-0.5824476890280854,9.063026938126232,4.951552257602855
0.4385312045132871,-0.8945437672614353,-0.3975921562371925,0.3779396988305071,0.5336171681675552,-1.232456507524318,-1.1669197311906567,0.017471962882405323,0.6911005525260907,1.109888875745886,-1.0166700811993565,0.5684917605291561,-0.10331393111760653,0.9021094063279582,0.06058579904496265,0.06846840185058294,-0.2990928759613053,1.0739318299395386,1.1620798912593227,-1.8412830026412204,-0.2979057717645858,-2.247762433263728,-0.38785147512300133,0.21548046289709105,-0.6988055659251438,-0.021379404612549977,0.5250962610191676,2.75848645939607,0.8664686160565462
-2.583423373748522,7.338674450152581,5.128799666477214,-6.8351119407890595,-1.232456507524318,10.83994314083072,10.88566913520869,-2.951803853108827,-1.6733544421386322,-8.5329193780879,6.9560170540359225,-2.3003597954374597,-2.451766679646188,-4.565950873818748,3.2059492215681966,1.6142067363134982,3.2224863772199277,-0.4943631293409302,-14.983102294388853,11.805778760819528,-0.9288075404268017,16.72085275967113,5.76032393971694,0.1601119322214145,5.413004738645511,5.102344801898276,-0.2069591117248347,-16.553556889827046,-7.753334179435012
-2.509619960458312,7.3310636107922775,5.185323617140736,-7.032104602007264,-1.1669197311906567,10.88566913520869,11.00921387453733,-3.087474992132606,-1.5273067454955296,-8.51572333835674,6.835907859779407,-2.1495213812494858,-2.6340001106368334,-4.4990890012627665,3.360410866960408,1.7174530044117946,3.27614744542793,-0.14201702693155116,-15.231157651828399,11.611965488626613,-1.1076004758521885,16.653790111056267,5.895916965738715,0.28398102894403043,5.397814344507824,5.320921974665291,-0.03821067399741185,-16.23479948552828,-7.810708750227792
0.49980112330861076,-1.9079071075474798,-1.548336478251309,2.312902850098731,0.017471962882405323,-2.951803853108827,-3.087474992132606,1.1560434089491503,-0.040431623627039684,2.1507671544831783,-1.5702347253551425,0.24080408156972657,1.1064524044312294,0.8956659363442542,-1.3010476359062364,-0.7104994984736421,-0.9719815492772541,-0.9260037286393172,4.636013751323702,-2.582078210479663,0.7250773625010849,-4.12986286367674,-1.852327081657557,-0.3440644952352485,-1.378856260353313,-1.9687737815527284,-0.4800858012731462,3.4768434589683936,2.1441968836869263
0.6630250920022984,-1.2592720788785325,-0.5553597615341463,0.43070054798901003,0.6911005525260907,-1.6733544421386322,-1.5273067454955296,-0.040431623627039684,0.9916107838346928,1.5604984168355396,-1.495718702047847,0.8740280700252059,-0.23256849496129056,1.2221390051653351,0.1179429253636884,0.13168443895444765,-0.38441096249624507,1.5872526477073345,1.5223371149395317,-2.6538180379698217,-0.49911787622218345,-3.144566586209772,-0.4935207230171152,0.37375361006675967,-0.9666215243242869,0.04160199910132446,0.7933598550877619,3.9772068004920063,1.1582904788389201
2.1507789685452825,-5.884203715324161,-3.9544155249525508,5.254543525668008,1.109888875745886,-8.5329193780879,-8.51572333835674,2.1507671544831783,1.5604984168355396,6.945261168514137,-5.686536688686923,2.028870113043133,1.7273690770818735,3.7262128572065847,-2.316072241695868,-1.1660600554582692,-2.506843544535669,0.9018915390424034,11.622385667763284,-9.684307041096291,0.509944558088671,-13.388597773405207,-4.426178124061352,0.04957996987143905,-4.303282787588044,-3.757248412332605,0.44777151693412476,13.574981696035788,6.099992241590469
-1.898115816827247,4.836037451937241,3.162045994374493,-3.971970166327382,-1.0166700811993565,6.9560170540359225,6.835907859779407,-1.5702347253551425,-1.495718702047847,-5.686536688686923,4.850581648374245,-1.902214866361926,-1.1290902436899763,-3.1874513668531024,1.6391618427624335,0.7776386352308675,1.9625653841535091,-1.3073611271751142,-9.138622943766961,8.26976839624768,-0.12296927762292127,11.167760707715917,3.400274588291549,-0.23556291834650578,3.5603617091930575,2.7508287917789414,-0.6416657189768395,-11.67179961564326,-4.929992220282641
0.8268616449730214,-1.6920070214572884,-0.9209156142378623,0.9299776338082784,0.5684917605291561,-2.3003597954374597,-2.1495213812494858,0.24080408156972657,0.8740280700252059,2.028870113043133,-1.902214866361926,0.9810570335395865,-0.0077500335104755316,1.3118867138709556,-0.16385363378179382,-0.02383170727626526,-0.5565163376969458,1.309811307109121,2.573175149379057,-3.295948304908512,-0.366520511519959,-4.072353085234783,-0.8595598822863371,0.3550172909280072,-1.2487171950327673,-0.4429445657015349,0.6634616761749585,4.746593862867853,1.5940030469314652
0.2900515283227123,-1.5252268130629847,-1.355971580169724,2.1569854659540515,-0.10331393111760653,-2.451766679646188,-2.6340001106368334,1.1064524044312294,-0.23256849496129056,1.7273690770818735,-1.1290902436899763,-0.0077500335104755316,1.1527778840504566,0.6178348693668974,-1.3057192913060114,-0.7325804257343058,-0.860259747283847,-1.2544354388397334,4.106388409237676,-1.850865896332292,0.8330901545564265,-3.221593776229361,-1.7135317717465504,-0.44950816858394504,-1.1114868041781751,-1.892523457751059,-0.6473059696074513,2.381757357650349,1.8116361985701122
1.2628351020572954,-3.1467512332622394,-1.984897617366198,2.4162810737199156,0.9021094063279582,-4.565950873818748,-4.4990890012627665,0.8956659363442542,1.2221390051653351,3.7262128572065847,-3.1874513668531024,1.3118867138709556,0.6178348693668974,2.330863206523338,-0.9066958825601916,-0.40411263170016687,-1.2642870397545385,1.2935889321426473,5.711280303052822,-5.550928495579941,-0.06808381115606217,-7.459126655233052,-2.1436016334336725,0.19880706089356573,-2.3724497549715498,-1.553364097740776,0.6314680799246105,7.942090402503718,3.2446895179979403
-0.4802565355498498,2.051335679745033,1.7476796112070216,-2.611968780890749,0.06058579904496265,3.2059492215681966,3.360410866960408,-1.3010476359062364,0.1179429253636884,-2.316072241695868,1.6391618427624335,-0.16385363378179382,-1.3057192913060114,-0.9066958825601916,1.5705896450092633,0.8483835645404408,1.0922832090847305,1.2602629442310922,-5.161290191590274,2.6509919231954915,-0.8983784084348085,4.366317975455753,2.134318956820749,0.4548298688984482,1.492540094814911,2.2541087977476963,0.6484965957453699,-3.5621806175185733,-2.3391686763468997
-0.20644407802782383,1.0241950836678266,0.8923812985685318,-1.4098943057506939,0.06846840185058294,1.6142067363134982,1.7174530044117946,-0.7104994984736421,0.13168443895444765,-1.1660600554582692,0.7776386352308675,-0.02383170727626526,-0.7325804257343058,-0.40411263170016687,0.8483835645404408,0.47436911910184654,0.5672819380679144,0.7879106451243167,-2.698964761588397,1.2547509458122341,-0.5288433184469212,2.1332995532439933,1.1200827672188018,0.2742989301325695,0.7368114885181293,1.224660068652571,0.40466981660126217,-1.6318475238862482,-1.1884091224043583
-0.6917207352927708,2.1660522576561996,1.56400829417589,-2.183003366149293,-0.2990928759613053,3.2224863772199277,3.27614744542793,-0.9719815492772541,-0.38441096249624507,-2.506843544535669,1.9625653841535091,-0.5565163376969458,-0.860259747283847,-1.2642870397545385,1.0922832090847305,0.5672819380679144,1.009092456768322,0.16513111733796748,-4.629615819947775,3.2814861859107434,-0.4346792819656726,4.8116846491858265,1.8158717188223001,0.1518038795185841,1.5828779725959663,1.6787787502573557,0.0961183569840025,-4.609895507104338,-2.3193162476153457
0.7611825168975117,-0.6068439361755905,0.2814946440420904,-1.0904247436760988,1.0739318299395386,-0.4943631293409302,-0.14201702693155116,-0.9260037286393172,1.5872526477073345,0.9018915390424034,-1.3073611271751142,1.309811307109121,-1.2544354388397334,1.2935889321426473,1.2602629442310922,0.7879106451243167,0.16513111733796748,3.35824427893116,-1.0599646443329094,-2.522107907823145,-1.4327854792883183,-2.1055187346210134,0.6857784504113077,0.9368708609105323,-0.5276616952381061,1.5636609228565894,1.6893121890113874,3.9349288904777184,0.2516728149742854
3.2447918148797728,-10.04460322298425,-7.348196867015126,10.249608055698012,1.1620798912593227,-14.983102294388853,-15.231157651828399,4.636013751323702,1.5223371149395317,11.622385667763284,-9.138622943766961,2.573175149379057,4.106388409237676,5.711280303052822,-5.161290191590274,-2.698964761588397,-4.629615819947775,-1.0599646443329094,21.691665256481286,-15.337851629293183,2.0622858922491165,-22.4128389368248,-8.46837387888781,-0.6935442604351753,-7.3333592678380235,-8.00603390734142,-0.5825507247127911,21.24616019121662,10.7766771731326
-3.252321439283267,8.182291042704351,5.305340742088236,-6.643630328225135,-1.8412830026412204,11.805778760819528,11.611965488626613,-2.582078210479663,-2.6538180379698217,-9.684307041096291,8.26976839624768,-3.295948304908512,-1.850865896332292,-5.550928495579941,2.6509919231954915,1.2547509458122341,3.2814861859107434,-2.522107907823145,-15.337851629293183,14.254170623473362,-0.07791002498901636,19.111287973105043,5.7031824891128275,-0.46139085056960144,6.069667088357989,4.518233311759401,-1.2382167790211154,-20.017061755388816,-8.37957095956822
-0.09380792919897518,-0.5030170578255753,-0.6485157381672539,1.2359979260957485,-0.2979057717645858,-0.9288075404268017,-1.1076004758521885,0.7250773625010849,-0.49911787622218345,0.509944558088671,-0.12296927762292127,-0.366520511519959,0.8330901545564265,-0.06808381115606217,-0.8983784084348085,-0.5288433184469212,-0.4346792819656726,-1.4327854792883183,2.0622858922491165,-0.07791002498901636,0.7628430902402208,-0.7941623553243865,-0.926626376974217,-0.4606262912743949,-0.33888456718335963,-1.226983101774651,-0.7334158487450062,-0.037719633526043586,0.719104967693589
-4.296937721553569,11.44547827186619,7.721860724019652,-9.9518971860337,-2.247762433263728,16.72085275967113,16.653790111056267,-4.12986286367674,-3.144566586209772,-13.388597773405207,11.167760707715917,-4.072353085234783,-3.221593776229361,-7.459126655233052,4.366317975455753,2.1332995532439933,4.8116846491858265,-2.1055187346210134,-22.4128389368248,19.111287973105043,-0.7941623553243865,26.43913064776795,8.493486096488995,-0.17769125586717224,8.454584240488067,7.167919126617534,-1.0296306032221778,-26.87861168745544,-11.915538222074547
-1.1693478533718973,3.8234294305804624,2.876719646673237,-4.056441665218068,-0.38785147512300133,5.76032393971694,5.895916965738715,-1.852327081657557,-0.4935207230171152,-4.426178124061352,3.400274588291549,-0.8595598822863371,-1.7135317717465504,-2.1436016334336725,2.134318956820749,1.1200827672188018,1.8158717188223001,0.6857784504113077,-8.46837387888781,5.7031824891128275,-0.926626376974217,8.493486096488995,3.38005769195151,0.37164023609872243,2.8039798865435683,3.214145149184105,0.35986241301404637,-7.8825689295330426,-4.162539390142957
0.18591584321074844,0.0017764845048636728,0.20647336839616864,-0.5075516101126363,0.21548046289709105,0.1601119322214145,0.28398102894403043,-0.3440644952352485,0.37375361006675967,0.04957996987143905,-0.23556291834650578,0.3550172909280072,-0.44950816858394504,0.19880706089356573,0.4548298688984482,0.2742989301325695,0.1518038795185841,0.9368708609105323,-0.6935442604351753,-0.46139085056960144,-0.4606262912743949,-0.17769125586717224,0.37164023609872243,0.3131486406650045,0.0027596679600849017,0.5730886925912505,0.48573667765056755,0.7259707119090039,-0.1545115838217925
-1.3376660403720562,3.6813362801575376,2.522939972841669,-3.2974639976298947,-0.6988055659251438,5.413004738645511,5.397814344507824,-1.378856260353313,-0.9666215243242869,-4.303282787588044,3.5603617091930575,-1.2487171950327673,-1.1114868041781751,-2.3724497549715498,1.492540094814911,0.7368114885181293,1.5828779725959663,-0.5276616952381061,-7.3333592678380235,6.069667088357989,-0.33888456718335963,8.454584240488067,2.8039798865435683,0.0027596679600849017,2.7326420955810153,2.392356974729135,-0.23792987463156468,-8.53404782031877,-3.8632684051455666
-0.879643958216944,3.3151078745552423,2.6863210914930735,-3.9855867691868325,-0.021379404612549977,5.102344801898276,5.320921974665291,-1.9687737815527284,0.04160199910132446,-3.757248412332605,2.7508287917789414,-0.4429445657015349,-1.892523457751059,-1.553364097740776,2.2541087977476963,1.224660068652571,1.6787787502573557,1.5636609228565894,-8.00603390734142,4.518233311759401,-1.226983101774651,7.167919126617534,3.214145149184105,0.5730886925912505,2.392356974729135,3.3800406741800924,0.8015656394652867,-6.08416389062983,-3.7059600440612668
0.39443390428895203,-0.2993379658846533,0.15691418048253178,-0.5824476890280854,0.5250962610191676,-0.2069591117248347,-0.03821067399741185,-0.4800858012731462,0.7933598550877619,0.44777151693412476,-0.6416657189768395,0.6634616761749585,-0.6473059696074513,0.6314680799246105,0.6484965957453699,0.40466981660126217,0.0961183569840025,1.6893121890113874,-0.5825507247127911,-1.2382167790211154,-0.7334158487450062,-1.0296306032221778,0.35986241301404637,0.48573667765056755,-0.23792987463156468,0.8015656394652867,0.8746558412540762,1.9485031593874045,0.09770318540876784
4.631139137816106,-11.529274435632754,-7.381544047497914,9.063026938126232,2.75848645939607,-16.553556889827046,-16.23479948552828,3.4768434589683936,3.9772068004920063,13.574981696035788,-11.67179961564326,4.746593862867853,2.381757357650349,7.942090402503718,-3.5621806175185733,-1.6318475238862482,-4.609895507104338,3.9349288904777184,21.24616019121662,-20.017061755388816,-0.037719633526043586,-26.87861168745544,-7.8825689295330426,0.7259707119090039,-8.53404782031877,-6.08416389062983,1.9485031593874045,28.46248930754355,11.721005237414827
1.8159377515929875,-5.236320505157824,-3.677025408129219,4.951552257602855,0.8664686160565462,-7.753334179435012,-7.810708750227792,2.1441968836869263,1.1582904788389201,6.099992241590469,-4.929992220282641,1.5940030469314652,1.8116361985701122,3.2446895179979403,-2.3391686763468997,-1.1884091224043583,-2.3193162476153457,0.2516728149742854,10.7766771731326,-8.37957095956822,0.719104967693589,-11.915538222074547,-4.162539390142957,-0.1545115838217925,-3.8632684051455666,-3.7059600440612668,0.09770318540876784,11.721005237414827,5.557026193518538
