V1,V2,V3,V4,V5,V6,V7,V8,V9,V10,V11,V12,V13,V14,V15,V16,V17,V18,V19,V20,V21,V22,V23,V24,V25,V26,V27,V28,V29
0.5895878154464218,-0.17252710086331519,-0.790137879988653,0.5588728487010738,-0.32482474800357736,0.2969144666070082,0.39945478967741205,0.7751001536225665,0.546130632625803,-0.813029233214895,0.5152307243425405,0.8825258327153528,0.24502834116659278,0.044333485556437256,1.1736655316682294,0.1097177871914588,-0.41171650622608835,-0.23498398483977717,-1.0777583793170111,-0.12927061334427026,0.5086786566860457,-0.6395456495216406,0.39780399870661814,-0.25391899090268943,0.15646162079523834,-0.626145976933568,0.11898807972214225,1.2014985550699768,-0.3163072077326983
-0.17252710086331519,0.4520415558827828,-0.6264734373097849,0.8166229130456129,-0.05392180012140475,0.15308811135766676,-0.34347555259884033,-0.4567376529631123,-0.24906724230319574,-0.6868695011724293,0.008394937233011972,0.09969074223536217,0.5987977336742901,-0.07340519658837212,0.38374583530879613,-0.36690828633775824,-0.3214324759852126,-0.6094051139734763,0.3540499329635264,0.5033661158180416,0.15238042654718242,0.3682366302968509,0.41086507144562806,-0.3729884978791132,-0.05573507819055613,-0.5515807822522814,0.08507805470950539,0.9224226717110429,0.5336526101549716
-0.790137879988653,-0.6264734373097849,4.119603929147055,-4.591315467214047,1.0409564222760892,-0.8880173789748869,0.4750732926972405,0.020065914071925813,-0.27066875042010297,4.891094425979287,-1.2088268506342064,-2.236208217699432,-2.9556426420751247,0.02369062485416565,-4.315763276256115,1.1548691443103758,2.51135093824627,2.916592016952986,1.0517391110209382,-1.4450649192775027,-2.2740075664633186,0.09443578864365719,-2.73841927046107,2.3686264663398235,-0.1901052869067927,3.6810240775581797,-0.484435144259702,-6.556725154861479,-1.5005014504080003
0.5588728487010738,0.8166229130456129,-4.591315467214047,5.599112388374804,-1.1426565345573425,0.8057687685901325,-1.0769952612677274,-0.8703090547803731,-0.2844439004906615,-5.757325126885518,1.0763206605387967,1.9497476168880217,3.682278923484577,-0.012822384190755808,4.547202829008573,-1.7677807447340004,-2.960661976225521,-3.581539861744506,-0.2881838719789498,1.9871210248576838,2.6830398449874786,0.5445702255605015,3.3875648576976993,-3.0231581448123457,0.12168377254076394,-4.310507008085751,0.47639215631645343,7.610605551760352,2.370840882460673
-0.32482474800357736,-0.05392180012140475,1.0409564222760892,-1.1426565345573425,0.37159658027292475,-0.24454640773930156,-7.061581414525397e-4,-0.13602476751201634,-0.13722928051922118,1.295879817826186,-0.37914633436976897,-0.6084296271427401,-0.6732673859784163,-0.055331430706156634,-1.1655551197829832,0.3343094862934436,0.6795805413874197,0.6214466258516625,0.4770706135906099,-0.2181306433583296,-0.6881440152724343,0.14650688818765345,-0.7534888456046359,0.6331317977958884,-0.07831121684835034,0.9665509734297688,-0.09838697613854877,-1.7382945719099239,-0.27883888994915856
0.2969144666070082,0.15308811135766676,-0.8880173789748869,0.8057687685901325,-0.24454640773930156,0.33085610610365723,0.13287343809962165,0.3361159892647944,0.2842461397135982,-0.9432909315512765,0.3756504852695787,0.6979294367181319,0.4736704537398718,-0.01160530441730317,1.0134791833071755,-0.08630469993384116,-0.4472961323203026,-0.47360115012303283,-0.5968814862958769,0.19334774755884437,0.40004440315722084,-0.2581845485943496,0.4426345189224005,-0.33422304665770014,0.06280097877684558,-0.717379341011929,0.1531729550852687,1.3046971175787079,0.023986657943031744
0.39945478967741205,-0.34347555259884033,0.4750732926972405,-1.0769952612677274,-7.061581414525397e-4,0.13287343809962165,0.8636722011044425,1.198818182934294,0.7702904697538728,0.8129994073431597,0.2564210051931727,0.4653421882729697,-0.8569886178653761,0.06023165671507226,-0.09582773152378014,0.6851227638119437,0.42949926977619907,0.8389709574302194,-1.2015805077282529,-0.7559531123724643,-0.35425842164892996,-0.8946347790734227,-0.6441444022461783,0.7169783522726855,0.105009021275867,0.6232060547155979,0.005625493969184611,-1.0173696044758902,-1.1169520255490233
0.7751001536225665,-0.4567376529631123,0.020065914071925813,-0.8703090547803731,-0.13602476751201634,0.3361159892647944,1.198818182934294,1.9236059251599424,1.266378918206194,0.39900566752339706,0.6080517871248381,1.1614923583615833,-0.7789083956711159,0.06830187803849622,0.6788602361942574,0.9340352747306537,0.2125981554445116,0.7280014681900343,-2.0574338701714514,-0.9104413570187935,-0.1886013581748395,-1.4652189315235882,-0.5269413907697913,0.7409123343542651,0.21933103205048082,0.26966524767634475,0.1176056234599915,-0.41822297932075275,-1.490684122107606
0.546130632625803,-0.24906724230319574,-0.27066875042010297,-0.2844439004906615,-0.13722928051922118,0.2842461397135982,0.7702904697538728,1.266378918206194,0.8751781009345899,-0.03157009513905574,0.48051219693194525,0.9304593493489373,-0.324999844574247,0.029228110213232558,0.731961310339251,0.583817258492822,-0.00806610135644322,0.27427234292839586,-1.4197377332858303,-0.4813754293809887,0.0037231657743590756,-0.9702398998621776,-0.20952642754585496,0.34643787348370625,0.14641757410704623,-0.029395732415349273,0.1158607531130473,0.12682159078446756,-0.8996486447769813
-0.813029233214895,-0.6868695011724293,4.891094425979287,-5.757325126885518,1.295879817826186,-0.9432909315512765,0.8129994073431597,0.39900566752339706,-0.03157009513905574,6.230858734963172,-1.3472666102641504,-2.380530334781414,-3.7530342472726517,-0.06535869766899911,-5.043100662677944,1.703375799968524,3.2338343263580596,3.5909471321717663,0.8727993462230651,-1.8028996456323314,-2.9461507784272016,-0.17550876539455923,-3.5300253644709554,3.079625832269834,-0.20196886408401607,4.6359611081204655,-0.5507437627460449,-8.100344836510217,-2.194485235887823
0.5152307243425405,0.008394937233011972,-1.2088268506342064,1.0763206605387967,-0.37914633436976897,0.3756504852695787,0.2564210051931727,0.6080517871248381,0.48051219693194525,-1.3472666102641504,0.5714042696428441,1.0218506039082684,0.6155941281197335,0.029399017511507846,1.5005458982334543,-0.06615242521282752,-0.6915798913249603,-0.6038389991369666,-0.980600153498245,0.11447962849417449,0.6734437180883552,-0.5015594067285715,0.6596776476085179,-0.49449358519165254,0.13276558641579111,-1.014283571964422,0.17589706679370745,1.8363510354962167,-0.028857198508788134
0.8825258327153528,0.09969074223536217,-2.236208217699432,1.9497476168880217,-0.6084296271427401,0.6979294367181319,0.4653421882729697,1.1614923583615833,0.9304593493489373,-2.380530334781414,1.0218506039082684,1.96100254855153,1.1530123366211615,0.0016252559548173041,2.7560226394773197,-0.01201753562048294,-1.205184656114224,-1.1694823715577034,-1.8057021873955423,0.2748582337605705,1.0819906022777521,-0.9333594336665503,1.1345118963958234,-0.8034437432336434,0.23565694393813402,-1.8149094705184985,0.34641092819430513,3.27374708214783,-0.0857090244845605
0.24502834116659278,0.5987977336742901,-2.9556426420751247,3.682278923484577,-0.6732673859784163,0.4736704537398718,-0.8569886178653761,-0.7789083956711159,-0.324999844574247,-3.7530342472726517,0.6155941281197335,1.1530123366211615,2.4976644736242988,-0.035011862230157446,2.843851639497116,-1.205501804059034,-1.932682798836838,-2.421735485738794,0.0877463536532737,1.4107261517675738,1.72925418451539,0.5255434120789799,2.2201133830030133,-2.0011921318762784,0.060350192314402265,-2.8152213848682854,0.30817131903525213,4.917280075964124,1.7295624184240848
0.044333485556437256,-0.07340519658837212,0.02369062485416565,-0.012822384190755808,-0.055331430706156634,-0.01160530441730317,0.06023165671507226,0.06830187803849622,0.029228110213232558,-0.06535869766899911,0.029399017511507846,0.0016252559548173041,-0.035011862230157446,0.056676017772276065,0.014449144377857477,-0.03853275685249667,-0.05537814394101102,0.07272232263195329,-0.09885642180009317,-0.10530613121166968,0.06903248045973262,-0.06193986459957924,0.0429249348353907,-0.018658106783695932,0.01622185850732,-0.03355857488651179,-0.017790129903145352,0.03151961001633578,-0.031439709734161624
1.1736655316682294,0.38374583530879613,-4.315763276256115,4.547202829008573,-1.1655551197829832,1.0134791833071755,-0.09582773152378014,0.6788602361942574,0.731961310339251,-5.043100662677944,1.5005458982334543,2.7560226394773197,2.843851639497116,0.014449144377857477,4.844639119122703,-0.8759976217677766,-2.595366638396109,-2.8192061246777502,-1.8536205933727536,1.1742418448295207,2.412144378487396,-0.6538359735744057,2.741756526750528,-2.2828914286126447,0.29960364575993276,-3.808347945458198,0.5408244726449407,6.818921221073004,1.0474374568847418
0.1097177871914588,-0.36690828633775824,1.1548691443103758,-1.7677807447340004,0.3343094862934436,-0.08630469993384116,0.6851227638119437,0.9340352747306537,0.583817258492822,1.703375799968524,-0.06615242521282752,-0.01201753562048294,-1.205501804059034,-0.03853275685249667,-0.8759976217677766,0.9535536441826293,0.9010164000499408,1.091001090092802,-0.6328254911510894,-0.7313307427758214,-0.8325747211568456,-0.6743743993463038,-1.1656978741015651,1.0915798812879713,0.0337899236989967,1.2747950940923138,-0.04673878520986518,-2.1629533825738907,-1.1863043684718235
-0.41171650622608835,-0.3214324759852126,2.51135093824627,-2.960661976225521,0.6795805413874197,-0.4472961323203026,0.42949926977619907,0.2125981554445116,-0.00806610135644322,3.2338343263580596,-0.6915798913249603,-1.205184656114224,-1.932682798836838,-0.05537814394101102,-2.595366638396109,0.9010164000499408,1.7151685806112849,1.844083743500884,0.4377878828436369,-0.8793966340465574,-1.5506586811642489,-0.07737658002393687,-1.8425100372099878,1.6056496508622218,-0.1126299822531921,2.4113341327282622,-0.2631604614854494,-4.177445178178213,-1.1539696111778048
-0.23498398483977717,-0.6094051139734763,2.916592016952986,-3.581539861744506,0.6214466258516625,-0.47360115012303283,0.8389709574302194,0.7280014681900343,0.27427234292839586,3.5909471321717663,-0.6038389991369666,-1.1694823715577034,-2.421735485738794,0.07272232263195329,-2.8192061246777502,1.091001090092802,1.844083743500884,2.4103361552005285,-0.07244389729732978,-1.4167762148654142,-1.620086995000984,-0.48266384106665716,-2.103727699934136,1.9158603600535054,-0.05142826496764231,2.70750612635884,-0.3150846842632395,-4.769424479517157,-1.6282925164644502
-1.0777583793170111,0.3540499329635264,1.0517391110209382,-0.2881838719789498,0.4770706135906099,-0.5968814862958769,-1.2015805077282529,-2.0574338701714514,-1.4197377332858303,0.8727993462230651,-0.980600153498245,-1.8057021873955423,0.0877463536532737,-0.09885642180009317,-1.8536205933727536,-0.6328254911510894,0.4377878828436369,-0.07244389729732978,2.536262875903597,0.6462797670679237,-0.4385787086004477,1.6023944993398263,-0.20183960715014823,-0.13770142177677405,-0.28767941996318847,0.6789727017071544,-0.23257251811703805,-1.3077560857577513,1.2170607842359773
-0.12927061334427026,0.5033661158180416,-1.4450649192775027,1.9871210248576838,-0.2181306433583296,0.19334774755884437,-0.7559531123724643,-0.9104413570187935,-0.4813754293809887,-1.8028996456323314,0.11447962849417449,0.2748582337605705,1.4107261517675738,-0.10530613121166968,1.1742418448295207,-0.7313307427758214,-0.8793966340465574,-1.4167762148654142,0.6462797670679237,1.0562007703704692,0.764663521997761,0.6868803615746043,1.0991493921183233,-1.095752611316854,-0.06023941127650336,-1.347217000088991,0.15686168384277008,2.406164725847284,1.1887483601115632
0.5086786566860457,0.15238042654718242,-2.2740075664633186,2.6830398449874786,-0.6881440152724343,0.40004440315722084,-0.35425842164892996,-0.1886013581748395,0.0037231657743590756,-2.9461507784272016,0.6734437180883552,1.0819906022777521,1.72925418451539,0.06903248045973262,2.412144378487396,-0.8325747211568456,-1.5506586811642489,-1.620086995000984,-0.4385787086004477,0.764663521997761,1.60484987341174,0.05044737631846736,1.7340220917097933,-1.5764949874078835,0.13330916322612266,-2.1675387447383465,0.20559036066119749,3.871894125490395,1.0371517704721478
-0.6395456495216406,0.3682366302968509,0.09443578864365719,0.5445702255605015,0.14650688818765345,-0.2581845485943496,-0.8946347790734227,-1.4652189315235882,-0.9702398998621776,-0.17550876539455923,-0.5015594067285715,-0.9333594336665503,0.5255434120789799,-0.06193986459957924,-0.6538359735744057,-0.6743743993463038,-0.07737658002393687,-0.48266384106665716,1.6023944993398263,0.6868803615746043,0.05044737631846736,1.1442047210683186,0.31256920948776007,-0.4781006527660577,-0.18366351793556376,-0.10245889364931952,-0.09209874030325314,0.12733039696062148,1.1021598518877518
0.39780399870661814,0.41086507144562806,-2.73841927046107,3.3875648576976993,-0.7534888456046359,0.4426345189224005,-0.6441444022461783,-0.5269413907697913,-0.20952642754585496,-3.5300253644709554,0.6596776476085179,1.1345118963958234,2.2201133830030133,0.0429249348353907,2.741756526750528,-1.1656978741015651,-1.8425100372099878,-2.103727699934136,-0.20183960715014823,1.0991493921183233,1.7340220917097933,0.31256920948776007,2.15856875181233,-1.893420256432933,0.10834634089400094,-2.6545933646191053,0.24299289834139093,4.647822950322579,1.4777345280337246
-0.25391899090268943,-0.3729884978791132,2.3686264663398235,-3.0231581448123457,0.6331317977958884,-0.33422304665770014,0.7169783522726855,0.7409123343542651,0.34643787348370625,3.079625832269834,-0.49449358519165254,-0.8034437432336434,-2.0011921318762784,-0.018658106783695932,-2.2828914286126447,1.0915798812879713,1.6056496508622218,1.9158603600535054,-0.13770142177677405,-1.095752611316854,-1.5764949874078835,-0.4781006527660577,-1.893420256432933,1.7763568294209986,-0.05612228873652735,2.2773551302955903,-0.19458442337080806,-4.061393076423043,-1.460056175462235
0.15646162079523834,-0.05573507819055613,-0.1901052869067927,0.12168377254076394,-0.07831121684835034,0.06280097877684558,0.105009021275867,0.21933103205048082,0.14641757410704623,-0.20196886408401607,0.13276558641579111,0.23565694393813402,0.060350192314402265,0.01622185850732,0.29960364575993276,0.0337899236989967,-0.1126299822531921,-0.05142826496764231,-0.28767941996318847,-0.06023941127650336,0.13330916322612266,-0.18366351793556376,0.10834634089400094,-0.05612228873652735,0.05245031400566634,-0.16412029440733594,0.024435807333226957,0.2897467684951605,-0.08068264059686968
-0.626145976933568,-0.5515807822522814,3.6810240775581797,-4.310507008085751,0.9665509734297688,-0.717379341011929,0.6232060547155979,0.26966524767634475,-0.029395732415349273,4.6359611081204655,-1.014283571964422,-1.8149094705184985,-2.8152213848682854,-0.03355857488651179,-3.808347945458198,1.2747950940923138,2.4113341327282622,2.70750612635884,0.6789727017071544,-1.347217000088991,-2.1675387447383465,-0.10245889364931952,-2.6545933646191053,2.2773551302955903,-0.16412029440733594,3.497452070514912,-0.4129579830297005,-6.076272785288961,-1.6276248966380449
0.11898807972214225,0.08507805470950539,-0.484435144259702,0.47639215631645343,-0.09838697613854877,0.1531729550852687,0.005625493969184611,0.1176056234599915,0.1158607531130473,-0.5507437627460449,0.17589706679370745,0.34641092819430513,0.30817131903525213,-0.017790129903145352,0.5408244726449407,-0.04673878520986518,-0.2631604614854494,-0.3150846842632395,-0.23257251811703805,0.15686168384277008,0.20559036066119749,-0.09209874030325314,0.24299289834139093,-0.19458442337080806,0.024435807333226957,-0.4129579830297005,0.10130818145395673,0.724997171076378,0.07402648810098544
1.2014985550699768,0.9224226717110429,-6.556725154861479,7.610605551760352,-1.7382945719099239,1.3046971175787079,-1.0173696044758902,-0.41822297932075275,0.12682159078446756,-8.100344836510217,1.8363510354962167,3.27374708214783,4.917280075964124,0.03151961001633578,6.818921221073004,-2.1629533825738907,-4.177445178178213,-4.769424479517157,-1.3077560857577513,2.406164725847284,3.871894125490395,0.12733039696062148,4.647822950322579,-4.061393076423043,0.2897467684951605,-6.076272785288961,0.724997171076378,10.757721936300777,2.7567847228517612
-0.3163072077326983,0.5336526101549716,-1.5005014504080003,2.370840882460673,-0.27883888994915856,0.023986657943031744,-1.1169520255490233,-1.490684122107606,-0.8996486447769813,-2.194485235887823,-0.028857198508788134,-0.0857090244845605,1.7295624184240848,-0.031439709734161624,1.0474374568847418,-1.1863043684718235,-1.1539696111778048,-1.6282925164644502,1.2170607842359773,1.1887483601115632,1.0371517704721478,1.1021598518877518,1.4777345280337246,-1.460056175462235,-0.08068264059686968,-1.6276248966380449,0.07402648810098544,2.7567847228517612,1.7767190229319054
