V1,V2,V3,V4,V5,V6,V7,V8,V9,V10,V11,V12,V13,V14,V15,V16,V17,V18,V19,V20,V21,V22,V23,V24,V25,V26,V27,V28,V29
1.0601562091196404,0.6765550440134726,-0.34805882481761674,-1.4849346410953435,-0.028854086902925475,0.21058672916540996,-1.3951051087353865,0.24877106423311818,-0.1324586082297038,-0.7668047930719392,0.8422795891064833,-0.15367718547856335,0.11813511627005918,0.7237623624508389,-0.7098344048904528,-0.17444030473732913,0.02316985411843204,0.6932326915206946,-0.16346990801333255,-0.1601762864226906,-0.5108443524193266,0.17661865500485907,0.7608615989215586,-0.3773415259600696,0.41059750838694253,-0.8407824997292365,-0.20959045030639883,1.3854017173811262,1.1889716793091876
0.6765550440134726,1.4917720446925002,-0.48635911347862243,-1.381316350841983,0.275945266961779,-0.17644396964323356,-1.113981005321205,-0.028399092135985092,0.5697013723589416,0.7308332272907885,0.10613388844262771,-0.6302098363122389,-0.4074336474558092,1.1358950947275255,-1.0502467944571865,0.27056918788564643,0.41360794718352845,-0.04134712675055004,-0.24251902857377566,0.946146964316769,-0.9422800044511681,0.5345917420247148,0.04429576425868617,0.2351693824358084,0.2628656513134861,-0.291670484171095,-0.3221682295595669,1.8021032313083536,0.8982175467182308
-0.34805882481761674,-0.48635911347862243,0.5533003885224931,0.7618492164778329,-0.04693752397402819,-0.36829947523947293,0.8034659984746976,-0.2592975892246006,-0.1456523568993423,0.39053490936878993,-0.3402737143380853,0.10587222685457405,0.5296511785333431,-0.5274697237866456,0.6154340114147833,0.13111057089885975,-0.5071389128245959,-0.2137579277907351,-0.05161538158108867,-0.6698476349409134,0.568339200349964,-0.30607103962773297,-0.3887300082426014,0.41784130279930387,0.0013789506080716118,0.17701948350449256,-0.08495498950063406,-0.7684459956412957,-0.9267069006932029
-1.4849346410953435,-1.381316350841983,0.7618492164778329,2.5194993047548397,0.0061906349426244555,-0.39276716460582306,2.2405168851962904,-0.31155882360080805,-0.04193834810626055,0.7747794529711728,-0.988670167742042,0.4171499894914444,0.1799127848689083,-1.2709057516900975,1.3165025598959612,0.10675358429562198,-0.36682731864213336,-0.7609815839547016,0.31004089094064474,-0.2862742890070831,1.2158536166197484,-0.4515765829026837,-0.9892201276904677,0.5513684575501092,-0.429539520266205,0.9468773496152589,0.27789358322128327,-2.329504968767582,-2.028963080587406
-0.028854086902925475,0.275945266961779,-0.04693752397402819,0.0061906349426244555,0.4434323311941353,-0.2663641499483784,-0.29775300080634093,0.17083283286604614,0.30557608496690986,0.3270835168151529,-0.20361704033666633,-0.11852208624736034,-0.27302351633125094,0.2233373271788564,-0.38509173020508286,0.15156185575973105,0.35191523853226314,-0.06122853293611817,-0.06042085231487599,0.46041202055713554,-0.28576055239667625,0.15825532769473627,-0.08224029578097311,0.05698943006306477,-0.1076467770849495,0.022437052282345278,-0.28773070492327085,0.328148057920086,0.10805921836572846
0.21058672916540996,-0.17644396964323356,-0.36829947523947293,-0.39276716460582306,-0.2663641499483784,1.2750919389702067,-0.3810851012802929,0.09479199017239803,-0.321185987509013,-1.5475969948218475,0.5778086283008287,0.4577097917002464,-0.41909041982780726,-0.2147732501631528,0.11064482935935126,-0.0791053168266807,0.22135813824497086,0.4657376700061025,-0.12055631947867657,0.018762920344194627,-0.45026308323075376,0.116855815137086,0.8290190687905037,-0.9511236205599525,-0.35813068187205604,-0.010788860065874529,0.9179071182814905,0.10993945753615396,0.6747096961516001
-1.3951051087353865,-1.113981005321205,0.8034659984746976,2.2405168851962904,-0.29775300080634093,-0.3810851012802929,2.575414676605243,-0.8090604601348941,-0.16891850198811761,0.9796446081289091,-1.1695653287091052,0.2760554379321859,0.11575343742828886,-1.245306714285344,1.440884876151276,0.2628495091151835,-0.765108813759572,-1.0027037040009592,0.16473154103995766,-0.4368633174814922,1.1607611877339326,-0.4573816077302343,-1.0405942119407585,0.6665091109225437,-0.38059590611683003,0.9929791067200386,0.5576200304338488,-2.2870787145670137,-2.189046069767014
0.24877106423311818,-0.028399092135985092,-0.2592975892246006,-0.31155882360080805,0.17083283286604614,0.09479199017239803,-0.8090604601348941,0.9132753568325258,-0.21253899241086785,-0.31218476845402743,0.5564058807021892,0.041427156522612064,0.39698083739695694,0.2153973830963975,-0.36765707343973675,-0.5808779008620915,0.47345616166100885,0.5676033880113471,0.3005997299029161,-0.11222625144619759,0.13411211224926528,0.12669105445269602,0.35541393873376337,-0.16935219397263301,0.09938371064823734,-0.4108784724759675,-0.6323937802390539,0.3459146178243973,0.612935112868025
-0.1324586082297038,0.5697013723589416,-0.1456523568993423,-0.04193834810626055,0.30557608496690986,-0.321185987509013,-0.16891850198811761,-0.21253899241086785,0.8522076355076268,0.9462112060980082,-0.33199743424394995,-0.33932505612800934,-0.41637714673184245,0.459544220026571,-0.3616835905387289,0.44606502740202747,0.3991563637053905,-0.43632224270970943,-0.1086229221393129,1.0081265379356126,-0.5192329138345599,0.21269149386593297,-0.5324798600107571,0.4016521540755804,0.04939108137067686,0.362726073213916,-0.09033746876039751,0.5580164754594047,0.0519333466408984
-0.7668047930719392,0.7308332272907885,0.39053490936878993,0.7747794529711728,0.3270835168151529,-1.5475969948218475,0.9796446081289091,-0.31218476845402743,0.9462112060980082,3.480779019034666,-1.2554412706486942,-0.8771006782524259,0.5686715805348989,0.3310385831017623,0.08639115704092176,0.34469344004772967,0.02691765332746396,-1.2296132297543865,0.12108331766627643,0.615373251885002,0.3798116178532866,0.15430168095753566,-1.7163246150632456,1.8874557002794443,0.20621206709682552,0.7903739537992477,-1.2075409777910047,-0.018966397501895913,-1.2998684970868892
0.8422795891064833,0.10613388844262771,-0.3402737143380853,-0.988670167742042,-0.20361704033666633,0.5778086283008287,-1.1695653287091052,0.5564058807021892,-0.33199743424394995,-1.2554412706486942,1.2171607312562982,0.1522091391829598,0.4459452788947012,0.3760174748299413,-0.2995632386592452,-0.47355170680436287,0.043959558993526895,0.9725856399705692,0.126530741066436,-0.41274538888089457,-0.09415185773210095,0.04489655022099726,0.8039411277398943,-0.4823948624149829,0.43629676974922543,-0.7975977213325519,-0.035180108037162885,0.8470205626273524,1.0144325303375648
-0.15367718547856335,-0.6302098363122389,0.10587222685457405,0.4171499894914444,-0.11852208624736034,0.4577097917002464,0.2760554379321859,0.041427156522612064,-0.33932505612800934,-0.8771006782524259,0.1522091391829598,0.4408794278006887,-0.020978980539810746,-0.5231769576637351,0.4143516867027065,-0.09836377144582092,-0.1073380653509988,0.23538882225894603,0.032462860017612005,-0.3654319577491685,0.18235383633310842,-0.16371079066190308,0.34376234414653767,-0.45475978854360766,-0.22415448775880592,0.05977290291500043,0.43010419112832704,-0.6363610520407638,-0.13838438467216704
0.11813511627005918,-0.4074336474558092,0.5296511785333431,0.1799127848689083,-0.27302351633125094,-0.41909041982780726,0.11575343742828886,0.39698083739695694,-0.41637714673184245,0.5686715805348989,0.4459452788947012,-0.020978980539810746,1.832852800911852,-0.31401197238153644,0.6521646748673278,-0.4397696284467926,-0.5969767875044552,0.3822404717580021,0.21255564906954166,-1.4729128259831912,0.9703770212202608,-0.35207107681081606,-0.32178713593592845,0.8321292769098017,0.525143800408153,-0.29843190583250256,-0.8857040482857139,-0.28853938929190626,-0.611314277240362
0.7237623624508389,1.1358950947275255,-0.5274697237866456,-1.2709057516900975,0.2233373271788564,-0.2147732501631528,-1.245306714285344,0.2153973830963975,0.459544220026571,0.3310385831017623,0.3760174748299413,-0.5231769576637351,-0.31401197238153644,1.136530594939978,-1.0714319137439727,-0.00880234672566286,0.457144294789904,0.16668119885719043,-0.04761761490068415,0.8094573689817884,-0.6561875267621325,0.4111663478364101,0.15863707625848839,0.07172581323694548,0.42630057089458656,-0.5057042634281388,-0.45143293848377164,1.6394198437842527,1.08422978915893
-0.7098344048904528,-1.0502467944571865,0.6154340114147833,1.3165025598959612,-0.38509173020508286,0.11064482935935126,1.440884876151276,-0.36765707343973675,-0.3616835905387289,0.08639115704092176,-0.2995632386592452,0.4143516867027065,0.6521646748673278,-1.0714319137439727,1.2829478970338142,0.015442161478165546,-0.6743407850759532,-0.23323728316368414,0.09649038283211443,-0.9384059412418283,0.8470379472472607,-0.45025551538075953,-0.3931248525550263,0.29668793207774447,-0.18948490022734032,0.5363635478749775,0.3910765856318564,-1.5656805205561932,-1.3146453545400312
-0.17444030473732913,0.27056918788564643,0.13111057089885975,0.10675358429562198,0.15156185575973105,-0.0791053168266807,0.2628495091151835,-0.5808779008620915,0.44606502740202747,0.34469344004772967,-0.47355170680436287,-0.09836377144582092,-0.4397696284467926,-0.00880234672566286,0.015442161478165546,0.6629847206875449,-0.06017241669086842,-0.43952506208828096,-0.35560070072326394,0.4258554987382351,-0.46537822649516003,0.021002132590826724,-0.35586383204815547,0.15471709252831523,-0.1551576316603446,0.3879340387667955,0.40485874308948117,0.09554751969578727,-0.3064323467219055
0.02316985411843204,0.41360794718352845,-0.5071389128245959,-0.36682731864213336,0.35191523853226314,0.22135813824497086,-0.765108813759572,0.47345616166100885,0.3991563637053905,0.02691765332746396,0.043959558993526895,-0.1073380653509988,-0.5969767875044552,0.457144294789904,-0.6743407850759532,-0.06017241669086842,0.89207666321997,0.030369954592718164,0.05553994527758888,0.978141587419459,-0.5866092748502565,0.3725641080526984,0.16154613798161696,-0.29508778127768337,-0.2154540349929931,0.09800306834687016,-0.17060797921417795,0.6538402248286879,0.7926222213674332
0.6932326915206946,-0.04134712675055004,-0.2137579277907351,-0.7609815839547016,-0.06122853293611817,0.4657376700061025,-1.0027037040009592,0.5676033880113471,-0.43632224270970943,-1.2296132297543865,0.9725856399705692,0.23538882225894603,0.3822404717580021,0.16668119885719043,-0.23323728316368414,-0.43952506208828096,0.030369954592718164,0.93371386254425,0.10768388939232848,-0.5103007293603856,-0.07935483053490698,0.012944882754817063,0.8319594547461523,-0.5355442237284568,0.24498902422424268,-0.6972934966333957,-0.10422078754334371,0.5632361381136032,0.8225394903223308
-0.16346990801333255,-0.24251902857377566,-0.05161538158108867,0.31004089094064474,-0.06042085231487599,-0.12055631947867657,0.16473154103995766,0.3005997299029161,-0.1086229221393129,0.12108331766627643,0.126530741066436,0.032462860017612005,0.21255564906954166,-0.04761761490068415,0.09649038283211443,-0.35560070072326394,0.05553994527758888,0.10768388939232848,0.37939893610417635,-0.016520209567860062,0.3821596893555465,-0.037753819995762744,-0.1019353398275132,0.1239331689776779,0.13829929189433302,-0.01822061506482917,-0.2283961999451959,-0.3295494963653868,-0.12112887506251035
-0.1601762864226906,0.946146964316769,-0.6698476349409134,-0.2862742890070831,0.46041202055713554,0.018762920344194627,-0.4368633174814922,-0.11222625144619759,1.0081265379356126,0.615373251885002,-0.41274538888089457,-0.3654319577491685,-1.4729128259831912,0.8094573689817884,-0.9384059412418283,0.4258554987382351,0.978141587419459,-0.5103007293603856,-0.016520209567860062,2.0744909554085282,-1.039076203856359,0.5666282812595216,-0.24166263637458765,-0.11323373626298469,-0.2104992265474542,0.4307331373790068,0.2839955183888334,0.8885035907988116,0.6336695673830317
-0.5108443524193266,-0.9422800044511681,0.568339200349964,1.2158536166197484,-0.28576055239667625,-0.45026308323075376,1.1607611877339326,0.13411211224926528,-0.5192329138345599,0.3798116178532866,-0.09415185773210095,0.18235383633310842,0.9703770212202608,-0.6561875267621325,0.8470379472472607,-0.46537822649516003,-0.5866092748502565,-0.07935483053490698,0.3821596893555465,-1.039076203856359,1.4029971877457963,-0.4197205980614567,-0.431319757164563,0.5350803433635577,0.20836477182988497,-0.03849575607389099,-0.36156370569446744,-1.2854215139613137,-1.1368060376818212
0.17661865500485907,0.5345917420247148,-0.30607103962773297,-0.4515765829026837,0.15825532769473627,0.116855815137086,-0.4573816077302343,0.12669105445269602,0.21269149386593297,0.15430168095753566,0.04489655022099726,-0.16371079066190308,-0.35207107681081606,0.4111663478364101,-0.45025551538075953,0.021002132590826724,0.3725641080526984,0.012944882754817063,-0.037753819995762744,0.5666282812595216,-0.4197205980614567,0.2972377969690894,0.1427990013993005,-0.08481452059338296,-0.05223430138891686,-0.04358541383010298,-0.05644446976261855,0.6526691009539977,0.4611430576929325
0.7608615989215586,0.04429576425868617,-0.3887300082426014,-0.9892201276904677,-0.08224029578097311,0.8290190687905037,-1.0405942119407585,0.35541393873376337,-0.5324798600107571,-1.7163246150632456,0.8039411277398943,0.34376234414653767,-0.32178713593592845,0.15863707625848839,-0.3931248525550263,-0.35586383204815547,0.16154613798161696,0.8319594547461523,-0.1019353398275132,-0.24166263637458765,-0.431319757164563,0.1427990013993005,1.2947478409353816,-1.102326021409379,-0.10790155790225146,-0.652813422521175,0.32029284231990124,0.6315038507557125,1.1774860427902263
-0.3773415259600696,0.2351693824358084,0.41784130279930387,0.5513684575501092,0.05698943006306477,-0.9511236205599525,0.6665091109225437,-0.16935219397263301,0.4016521540755804,1.8874557002794443,-0.4823948624149829,-0.45475978854360766,0.8321292769098017,0.07172581323694548,0.29668793207774447,0.15471709252831523,-0.29508778127768337,-0.5355442237284568,0.1239331689776779,-0.11323373626298469,0.5350803433635577,-0.08481452059338296,-1.102326021409379,1.2964441336673436,0.37415085461919434,0.2985842662879083,-0.7278987564563084,-0.13737283258000882,-1.0076582305055626
0.41059750838694253,0.2628656513134861,0.0013789506080716118,-0.429539520266205,-0.1076467770849495,-0.35813068187205604,-0.38059590611683003,0.09938371064823734,0.04939108137067686,0.20621206709682552,0.43629676974922543,-0.22415448775880592,0.525143800408153,0.42630057089458656,-0.18948490022734032,-0.1551576316603446,-0.2154540349929931,0.24498902422424268,0.13829929189433302,-0.2104992265474542,0.20836477182988497,-0.05223430138891686,-0.10790155790225146,0.37415085461919434,0.6196814130966474,-0.44197030527613845,-0.40494903530114307,0.5418913205515612,0.16781214041831516
-0.8407824997292365,-0.291670484171095,0.17701948350449256,0.9468773496152589,0.022437052282345278,-0.010788860065874529,0.9929791067200386,-0.4108784724759675,0.362726073213916,0.7903739537992477,-0.7975977213325519,0.05977290291500043,-0.29843190583250256,-0.5057042634281388,0.5363635478749775,0.3879340387667955,0.09800306834687016,-0.6972934966333957,-0.01822061506482917,0.4307331373790068,-0.03849575607389099,-0.04358541383010298,-0.652813422521175,0.2985842662879083,-0.44197030527613845,0.9509924535038389,0.3395199173244786,-0.8670378100773548,-0.8052055669021505
-0.20959045030639883,-0.3221682295595669,-0.08495498950063406,0.27789358322128327,-0.28773070492327085,0.9179071182814905,0.5576200304338488,-0.6323937802390539,-0.09033746876039751,-1.2075409777910047,-0.035180108037162885,0.43010419112832704,-0.8857040482857139,-0.45143293848377164,0.3910765856318564,0.40485874308948117,-0.17060797921417795,-0.10422078754334371,-0.2283961999451959,0.2839955183888334,-0.36156370569446744,-0.05644446976261855,0.32029284231990124,-0.7278987564563084,-0.40494903530114307,0.3395199173244786,1.4233579906649665,-0.5189016634447509,-0.1132722641132717
1.3854017173811262,1.8021032313083536,-0.7684459956412957,-2.329504968767582,0.328148057920086,0.10993945753615396,-2.2870787145670137,0.3459146178243973,0.5580164754594047,-0.018966397501895913,0.8470205626273524,-0.6363610520407638,-0.28853938929190626,1.6394198437842527,-1.5656805205561932,0.09554751969578727,0.6538402248286879,0.5632361381136032,-0.3295494963653868,0.8885035907988116,-1.2854215139613137,0.6526691009539977,0.6315038507557125,-0.13737283258000882,0.5418913205515612,-0.8670378100773548,-0.5189016634447509,2.8411804861694203,1.9053443179566223
1.1889716793091876,0.8982175467182308,-0.9267069006932029,-2.028963080587406,0.10805921836572846,0.6747096961516001,-2.189046069767014,0.612935112868025,0.0519333466408984,-1.2998684970868892,1.0144325303375648,-0.13838438467216704,-0.611314277240362,1.08422978915893,-1.3146453545400312,-0.3064323467219055,0.7926222213674332,0.8225394903223308,-0.12112887506251035,0.6336695673830317,-1.1368060376818212,0.4611430576929325,1.1774860427902263,-1.0076582305055626,0.16781214041831516,-0.8052055669021505,-0.1132722641132717,1.9053443179566223,2.2035350749893414
