V1,V2,V3,V4,V5,V6,V7,V8,V9,V10,V11,V12,V13,V14,V15,V16,V17,V18,V19,V20,V21,V22,V23,V24,V25,V26,V27,V28,V29,V30,V31,V32,V33,V34,V35,V36,V37,V38,V39,V40,V41,V42,V43
14540.91258811151,-2846.741580224991,-9377.094562541586,1146.081599856956,10782.619940761884,-5232.992279248506,-23136.134131329887,4978.870134270807,2236.828255611488,-1779.1713406421177,-5636.718460994499,3982.461038357658,18391.37876608291,-4485.683692691626,2727.3206123103278,-7004.526687886812,3474.7872573052464,-5277.028386247563,-2296.381279011173,-10947.018528798133,8476.925472258135,1505.1568948944014,-23358.706494679038,7979.164480196719,-15895.674790684532,6144.916305720837,-3889.4575845900754,-3433.2941419304602,-12013.061109493654,9755.48338755915,-857.7178733652562,5188.702888123525,-3369.657615720535,-15326.95712121162,4105.349740257704,5318.04349501552,-139.25724899045017,-998.5723696412589,-469.4776454185087,-3896.169560652757,-12036.228300609888,2459.314507526033,-2813.4951276573715
-2846.741580224991,559.8625382921729,1837.4933079427046,-227.45902637173526,-2113.6495900271357,1024.6699709677719,4532.078867474162,-977.3548139240545,-438.9150316713211,348.88131954972624,1105.803838159542,-777.9233524889053,-3601.7107496032413,878.6928151054285,-536.5434572348415,1371.2818533733732,-679.9154108844052,1032.7983198992085,449.5643376054316,2145.1952347960732,-1657.5312771588683,-296.0345035439497,4578.462415034028,-1564.5901509189512,3113.6074494559343,-1204.586276758341,761.7942499920529,674.512684710449,2352.6129383102634,-1910.289463181778,167.56333125094912,-1017.9186623478039,659.9285999537143,3001.190484453909,-806.0440220566758,-1043.2981235420373,27.61062006421971,194.3432436067241,91.33221858230124,764.0364855387289,2358.7923329198065,-482.8306969640166,551.8515018292351
-9377.094562541586,1837.4933079427046,6048.211169557227,-741.1400066358722,-6955.252337571698,3374.755172565061,14921.691213337303,-3212.4817409688044,-1443.1502508889403,1147.7332760160677,3636.504327340579,-2567.0211570646584,-11860.94612421649,2893.047882503279,-1760.525547335206,4517.066530326123,-2240.563488471058,3402.810008857119,1480.8901198095991,7060.8543716070335,-5465.209177519741,-971.5503811531457,15067.101422695325,-5147.228619934653,10251.831070972506,-3963.7731533470233,2508.4562757197355,2215.6388706049843,7747.458721807802,-6291.3655386722285,552.8800564289015,-3347.485825377119,2173.167734865069,9884.373185565473,-2648.9784931053728,-3430.9344520949817,90.03910417204098,643.183565538684,302.3737039902185,2513.384436612963,7763.493244975415,-1586.863458000803,1815.033406068814
1146.081599856956,-227.45902637173526,-741.1400066358722,94.07570431505819,853.1213057126253,-412.67438217799486,-1826.705083903787,395.5989019004384,177.51660663244203,-140.9163837412466,-447.036697626424,311.77385666242697,1450.9575180697632,-354.16935272091246,218.12046188944274,-552.0508551222057,273.4374691512414,-415.5458826272576,-180.9857069178557,-865.3037439945474,665.6611820696028,120.28702433046347,-1847.656971221234,631.8993163172837,-1254.846963199935,486.2318742095708,-306.9685915502826,-273.470114477298,-947.7652745060354,769.4065429684038,-67.17041527207452,411.51388452927614,-265.87395446709604,-1208.7161964702725,326.3894745731613,421.77826618870586,-11.398020716848263,-77.30699261509035,-36.30023797586132,-308.6213515477905,-951.5860305298728,195.4875436937246,-223.01439428622217
10782.619940761884,-2113.6495900271357,-6955.252337571698,853.1213057126253,7998.546461146506,-3880.6490032981114,-17159.05050094009,3694.780222941502,1659.7479416504848,-1319.91799910597,-4182.239555067536,2951.3005344186104,13639.093059249659,-3326.8373676568917,2025.15896221792,-5194.0867876536195,2576.3021463159434,-3912.7819652362846,-1702.8422066841133,-8119.779240682353,6283.800461152204,1117.5692663810453,-17327.06494881625,5919.455551129811,-11788.955621574261,4558.337985282538,-2884.532089445837,-2548.4085144115775,-8908.929277484243,7234.486110420476,-635.65263835965,3849.8353453580366,-2498.9726602953315,-11366.094007712349,3046.718819474533,3945.8068143822675,-103.63171240290872,-739.2605175363046,-347.52305569304923,-2890.4895714014438,-8927.84544505375,1825.108215906146,-2087.408236450374
-5232.992279248506,1024.6699709677719,3374.755172565061,-412.67438217799486,-3880.6490032981114,1883.2658770868354,8326.434282821216,-1791.990502287339,-805.0625315807864,640.3283039760557,2028.70999009306,-1433.0874427334513,-6618.781344410567,1614.3480276777113,-981.6966340148219,2520.787086493218,-1250.4839480968847,1899.0803061906972,826.4203992263958,3939.765328615599,-3050.535431540082,-541.7748957696747,8406.735784240684,-2871.7244749471597,5720.664535220456,-2211.546908200658,1399.762623467762,1235.7440206698238,4323.321054056689,-3510.838482194607,308.65108956604405,-1867.463336928858,1212.6912620934734,5515.914923185483,-1477.604931987848,-1914.014021875484,50.14042661416094,359.28425269771884,168.91366462068058,1402.2489059890954,4331.777199954952,-885.1569409158913,1012.5998454561627
-23136.134131329887,4532.078867474162,14921.691213337303,-1826.705083903787,-17159.05050094009,8326.434282821216,36814.72659520605,-7924.607206173692,-3560.0573096951375,2831.4264190589192,8970.956693303577,-6334.735684410742,-29263.807233019117,7137.724252037363,-4342.128578362603,11144.907202168984,-5528.389083648768,8395.999801420976,3653.7725887434544,17419.96590712519,-13485.599731366312,-2396.264070909704,37171.74779066797,-12698.236418464325,25293.391002860855,-9778.818333131963,6188.8806816170145,5465.155195148158,19114.83272463873,-15522.4329843138,1364.3567904622694,-8257.931640304854,5361.7240611310335,24387.392083893046,-6534.435089111934,-8463.784651461941,221.92863307772518,1587.6526288185999,746.3923424319986,6200.523969065299,19153.382950693085,-3914.424698971274,4477.64427023926
4978.870134270807,-977.3548139240545,-3212.4817409688044,395.5989019004384,3694.780222941502,-1791.990502287339,-7924.607206173692,1707.5340018935249,766.9207075196381,-609.7530466450984,-1932.3886427565203,1361.8507976221965,6298.44026846941,-1536.4538890866495,936.5193794309516,-2398.285638723039,1189.4267353417995,-1806.5945850293879,-786.2510982102323,-3750.386465784111,2900.4497044747623,516.7752481890169,-8003.7032627237595,2734.6425783533923,-5444.458684281339,2105.626947784186,-1332.0863511385378,-1177.9770134129258,-4114.0862822725785,3340.7332843987333,-293.33100740933173,1778.7753446401437,-1154.0311710546134,-5248.59107578458,1408.111366684351,1823.1172771865402,-48.03206100624507,-340.7369738144292,-160.14367362444898,-1335.3922453610803,-4123.716708864304,843.4735521482957,-964.4660219225775
2236.828255611488,-438.9150316713211,-1443.1502508889403,177.51660663244203,1659.7479416504848,-805.0625315807864,-3560.0573096951375,766.9207075196381,344.48716198104364,-273.9168263489636,-867.9915291849333,611.9303084397005,2829.6012747189097,-690.2310300690347,420.56995309456886,-1077.5082557280027,534.3820518162141,-811.6362532303884,-353.25451004942545,-1684.7906707043414,1303.2019247186277,232.0750253742536,-3595.4031168031192,1228.4086731053403,-2445.871077314371,945.8958259034093,-598.4530256124773,-529.0783873945869,-1848.271984993357,1500.8508725047247,-131.8002106583414,799.0101817056459,-518.4459433713029,-2357.9667563164126,632.4334742593173,818.9299161120341,-21.560317809412812,-153.15517020585173,-71.9937740871817,-599.8415501204972,-1852.4820903175157,378.8525840749842,-433.201592502793
-1779.1713406421177,348.88131954972624,1147.7332760160677,-140.9163837412466,-1319.91799910597,640.3283039760557,2831.4264190589192,-609.7530466450984,-273.9168263489636,217.829837006465,690.1902389910182,-486.8765397439498,-2250.5665916113317,548.9588746518995,-334.28661909708984,857.0734509914092,-425.07464751952807,645.5908902006682,280.9891250495242,1339.9036603639026,-1036.7473399595654,-184.46840995293783,2859.2869721846364,-976.8512193464643,1945.2863481261681,-752.2328927801309,475.98752401964214,420.62305431936585,1470.0512801632572,-1193.7414964715797,104.86236402554131,-635.3484644996229,412.3488208311298,1875.4742548548033,-502.81533110591556,-651.188832981407,17.120134916588665,121.92177797601452,57.31996311995839,476.99024854452864,1473.2487822546007,-301.2173788537014,344.459788378463
-5636.718460994499,1105.803838159542,3636.504327340579,-447.036697626424,-4182.239555067536,2028.70999009306,8970.956693303577,-1932.3886427565203,-867.9915291849333,690.1902389910182,2187.089185945572,-1542.2274495487582,-7130.356949296956,1739.3129896853038,-1059.564230301717,2715.240119997063,-1346.6654257630435,2045.3433933925892,890.1695981592119,4245.391806770359,-3284.2196953228813,-584.6880894455685,9059.751602176668,-3095.3008906348746,6163.356220702223,-2383.4486820325333,1508.0287889186034,1333.0115998560898,4657.486748324149,-3782.0374928471992,332.17280612175205,-2013.2571017489856,1306.4432991001217,5941.927386420021,-1593.5033722344838,-2063.446211127166,54.29266854573513,386.06109692764966,181.4704326470308,1511.469240494313,4667.940673105374,-954.5588871855812,1091.5761514743078
3982.461038357658,-777.9233524889053,-2567.0211570646584,311.77385666242697,2951.3005344186104,-1433.0874427334513,-6334.735684410742,1361.8507976221965,611.9303084397005,-486.8765397439498,-1542.2274495487582,1091.930030242892,5036.225101925005,-1228.1966967129442,745.1699694083935,-1918.3734333292089,951.9309629950035,-1445.5073306879835,-628.9192025147788,-2996.7477015946556,2323.059924444369,411.2982601303354,-6393.766041377575,2183.6373072703695,-4352.398519442042,1681.8731224086575,-1064.9939640053296,-938.6746315926968,-3289.600997645939,2671.54033890787,-235.1637315024556,1419.6250849431217,-922.7218641099265,-4197.35912771683,1122.8030075181255,1455.006588209891,-37.89639712726309,-274.28262652825873,-128.97088351641267,-1066.2325385525228,-3294.823042822635,672.6208038144969,-769.8734915141077
18391.37876608291,-3601.7107496032413,-11860.94612421649,1450.9575180697632,13639.093059249659,-6618.781344410567,-29263.807233019117,6298.44026846941,2829.6012747189097,-2250.5665916113317,-7130.356949296956,5036.225101925005,23261.986771376778,-5673.726802275196,3450.698271946338,-8859.362636693897,4394.749834947641,-6674.239450610637,-2904.479453320366,-13846.750147264702,10720.71232173267,1904.3405133568133,-29546.587588383994,10093.18158145723,-20105.610444468475,7772.8270701801275,-4919.5600023440165,-4343.5165049849065,-15194.499425934715,12338.950099405143,-1084.6771752440293,6563.6424429326935,-4262.053682987228,-19385.824290382607,5193.485389731813,6727.260049276956,-176.2934566336759,-1262.4730755198211,-593.5410359483056,-4928.443330464766,-15224.53981252354,3111.161922193167,-3558.962752418019
-4485.683692691626,878.6928151054285,2893.047882503279,-354.16935272091246,-3326.8373676568917,1614.3480276777113,7137.724252037363,-1536.4538890866495,-690.2310300690347,548.9588746518995,1739.3129896853038,-1228.1966967129442,-5673.726802275196,1383.8807207826771,-841.8633453179489,2160.7851287223993,-1071.858937584234,1627.8417446126314,708.3952374179473,3377.418105788607,-2614.616897384276,-464.59465137091854,7206.946996328155,-2461.964587446275,4903.945054457394,-1895.9338660265312,1199.9081934897158,1059.5936216185328,3706.0223334383286,-3009.5214976453635,264.5265415197365,-1601.0637083564263,1039.5437373416619,4728.281207963445,-1266.920076122448,-1640.974160432651,43.026749433887325,307.81756729797485,144.7092560946751,1202.1780212115902,3713.4997338525122,-758.937621902875,868.1453290045439
2727.3206123103278,-536.5434572348415,-1760.525547335206,218.12046188944274,2025.15896221792,-981.6966340148219,-4342.128578362603,936.5193794309516,420.56995309456886,-334.28661909708984,-1059.564230301717,745.1699694083935,3450.698271946338,-841.8633453179489,514.2080494768977,-1313.7650094690368,651.3671420670944,-989.4464245864689,-430.7091050575292,-2055.3433388199333,1587.862198383104,283.70580002294747,-4386.752620711872,1499.119000915044,-2983.0952805431016,1154.1622075269358,-729.8632099905159,-646.3766854404375,-2253.973749149908,1830.1819375060675,-160.50868467866383,975.359022120215,-632.2590734764921,-2875.32767605729,772.3784488975471,999.6778498200217,-26.47646043813386,-186.1132153029803,-87.46451276391548,-732.065177228919,-2260.001520275275,462.66631951876957,-528.7633634860572
-7004.526687886812,1371.2818533733732,4517.066530326123,-552.0508551222057,-5194.0867876536195,2520.787086493218,11144.907202168984,-2398.285638723039,-1077.5082557280027,857.0734509914092,2715.240119997063,-1918.3734333292089,-8859.362636693897,2160.7851287223993,-1313.7650094690368,3374.2493200624626,-1673.829396248337,2541.9611396568553,1106.2332518764024,5273.320409097614,-4083.440764840732,-725.0382199791823,11252.102926849073,-3843.6348625751357,7657.080635856683,-2960.104496575557,1873.6295217346212,1653.8705397561248,5786.849068695431,-4699.34038949575,413.160940148961,-2499.4676082679766,1623.1951160690523,7383.169942317637,-1977.5287560135441,-2561.776854956388,67.08888128419837,481.0252797920422,226.17301733417685,1876.7858275571807,5797.985616241252,-1184.6742356459215,1355.2277812547752
3474.7872573052464,-679.9154108844052,-2240.563488471058,273.4374691512414,2576.3021463159434,-1250.4839480968847,-5528.389083648768,1189.4267353417995,534.3820518162141,-425.07464751952807,-1346.6654257630435,951.9309629950035,4394.749834947641,-1071.858937584234,651.3671420670944,-1673.829396248337,830.4137546211872,-1261.0870491230826,-548.7498608326902,-2615.6711001067615,2025.9913584533379,359.4889929630674,-5581.178089318371,1906.4017347708575,-3798.3065374120006,1468.196047471602,-929.3921644275898,-820.0991293974167,-2870.603147635592,2331.1709783570877,-205.019933573707,1239.6203675705856,-805.2014398933882,-3662.547170876641,980.7215465125186,1270.518201191052,-33.225985444567634,-238.79001150742116,-112.26864180407834,-930.8833613928819,-2875.9083211384686,587.498526609649,-672.1957371580572
-5277.028386247563,1032.7983198992085,3402.810008857119,-415.5458826272576,-3912.7819652362846,1899.0803061906972,8395.999801420976,-1806.5945850293879,-811.6362532303884,645.5908902006682,2045.3433933925892,-1445.5073306879835,-6674.239450610637,1627.8417446126314,-989.4464245864689,2541.9611396568553,-1261.0870491230826,1915.1457934543014,833.3567442343206,3972.5030064005414,-3076.6091004906075,-546.0685498990288,8476.426261307179,-2895.407712127312,5768.503170168432,-2229.8306632138656,1411.4577879825506,1245.6650736624927,4359.541588204823,-3540.295075000376,311.32572059148714,-1882.7536552854863,1222.8531828834653,5562.222156025914,-1489.6087659946593,-1929.6824187625405,50.48939899995939,362.5370340082505,170.44075069426657,1413.8190755191526,4367.752257230417,-892.3370560957609,1020.9461780284864
-2296.381279011173,449.5643376054316,1480.8901198095991,-180.9857069178557,-1702.8422066841133,826.4203992263958,3653.7725887434544,-786.2510982102323,-353.25451004942545,280.9891250495242,890.1695981592119,-628.9192025147788,-2904.479453320366,708.3952374179473,-430.7091050575292,1106.2332518764024,-548.7498608326902,833.3567442343206,362.6756223413861,1728.8227903565005,-1338.7237130852163,-237.69836231822168,3688.9170646786065,-1260.1073448549785,2510.311976634641,-970.4533042021854,614.2596588211046,542.213778261518,1897.1784487439197,-1540.645717340446,135.45019865345483,-819.4351688263046,532.1516734903151,2420.5176015535176,-648.3121376779931,-839.8639101689147,21.995973086933,157.699327377733,74.15098121870922,615.2863791978032,1900.8283262970342,-388.38723012573075,444.2942446309883
-10947.018528798133,2145.1952347960732,7060.8543716070335,-865.3037439945474,-8119.779240682353,3939.765328615599,17419.96590712519,-3750.386465784111,-1684.7906707043414,1339.9036603639026,4245.391806770359,-2996.7477015946556,-13846.750147264702,3377.418105788607,-2055.3433388199333,5273.320409097614,-2615.6711001067615,3972.5030064005414,1728.8227903565005,8243.045207740259,-6380.146735741456,-1134.2442412812825,17589.794554834807,-6009.048194893321,11968.246376808154,-4627.434842639073,2928.4349614853923,2586.646346500476,9044.567316513945,-7344.683690379637,645.4336820772439,-3907.981939868113,2537.0079961213087,11539.240199506601,-3092.5337854338627,-4005.402901397946,105.12291606855138,750.8355630530126,352.982458719583,2934.2100600840536,9063.329636786839,-1852.5741415503496,2118.9343706474015
8476.925472258135,-1657.5312771588683,-5465.209177519741,665.6611820696028,6283.800461152204,-3050.535431540082,-13485.599731366312,2900.4497044747623,1303.2019247186277,-1036.7473399595654,-3284.2196953228813,2323.059924444369,10720.71232173267,-2614.616897384276,1587.862198383104,-4083.440764840732,2025.9913584533379,-3076.6091004906075,-1338.7237130852163,-6380.146735741456,4943.431756280195,876.3711381007142,-13613.103041727676,4649.639977668381,-9265.407184194888,3581.0438376025977,-2267.16311163593,-1999.6138396385566,-7002.649760889259,5686.828509138497,-500.31249818511367,3023.1733210915313,-1964.2236377442237,-8934.71822868921,2391.4473641920194,3098.527655824833,-80.90273123625902,-583.0621701609455,-274.15372955041045,-2270.346204146084,-7014.840456783526,1432.61819013603,-1639.3610839710122
1505.1568948944014,-296.0345035439497,-971.5503811531457,120.28702433046347,1117.5692663810453,-541.7748957696747,-2396.264070909704,516.7752481890169,232.0750253742536,-184.46840995293783,-584.6880894455685,411.2982601303354,1904.3405133568133,-464.59465137091854,283.70580002294747,-725.0382199791823,359.4889929630674,-546.0685498990288,-237.69836231822168,-1134.2442412812825,876.3711381007142,156.5324668271109,-2420.8096038280446,827.2639713405387,-1646.268601164252,636.9127039842261,-402.78583743407086,-356.652746405067,-1243.9022991408544,1010.0304971415308,-88.59290365643068,538.2196826647954,-348.92514610643644,-1586.8230794794583,426.19624486364086,551.6386408215753,-14.601205926868676,-102.74616983004915,-48.28618943903577,-403.9784783109927,-1247.1816758248276,255.29694037840153,-291.78737479987655
-23358.706494679038,4578.462415034028,15067.101422695325,-1847.656971221234,-17327.06494881625,8406.735784240684,37171.74779066797,-8003.7032627237595,-3595.4031168031192,2859.2869721846364,9059.751602176668,-6393.766041377575,-29546.587588383994,7206.946996328155,-4386.752620711872,11252.102926849073,-5581.178089318371,8476.426261307179,3688.9170646786065,17589.794554834807,-13613.103041727676,-2420.8096038280446,37535.28278261914,-12823.104428004031,25538.506970219507,-9874.613517828884,6248.790628281366,5520.320487023411,19299.55581236224,-15672.216857118527,1377.0907221859031,-8339.67966007003,5413.560257299259,24622.61827819929,-6599.834414090421,-8547.575899073156,224.4453218929797,1601.6627026262754,752.9402761074939,6261.558515434713,19340.276622590496,-3953.570982772052,4521.8533587987695
7979.164480196719,-1564.5901509189512,-5147.228619934653,631.8993163172837,5919.455551129811,-2871.7244749471597,-12698.236418464325,2734.6425783533923,1228.4086731053403,-976.8512193464643,-3095.3008906348746,2183.6373072703695,10093.18158145723,-2461.964587446275,1499.119000915044,-3843.6348625751357,1906.4017347708575,-2895.407712127312,-1260.1073448549785,-6009.048194893321,4649.639977668381,827.2639713405387,-12823.104428004031,4380.883949021389,-8724.166872664435,3373.4813983892914,-2134.6251845097736,-1886.2799086696216,-6592.775439687902,5353.618209178839,-470.3166928085773,2849.2888313111266,-1849.2893887968398,-8411.04571885449,2255.019917506039,2920.3186665573658,-76.75427614453109,-546.834261297361,-257.05855919708586,-2139.211460739151,-6607.0863683737725,1350.8431074594016,-1544.8833842423012
-15895.674790684532,3113.6074494559343,10251.831070972506,-1254.846963199935,-11788.955621574261,5720.664535220456,25293.391002860855,-5444.458684281339,-2445.871077314371,1945.2863481261681,6163.356220702223,-4352.398519442042,-20105.610444468475,4903.945054457394,-2983.0952805431016,7657.080635856683,-3798.3065374120006,5768.503170168432,2510.311976634641,11968.246376808154,-9265.407184194888,-1646.268601164252,25538.506970219507,-8724.166872664435,17377.727346295982,-6718.425010734149,4252.037020012026,3754.676976110653,13132.786239501273,-10664.653638708498,937.4076543965044,-5673.471107013024,3683.758321075868,16755.316267761584,-4489.352043969217,-5814.897264261708,152.45137033898146,1090.8703632202958,512.8399681504062,4260.000266154875,13159.173045453019,-2689.3184219972572,3076.3170619997722
6144.916305720837,-1204.586276758341,-3963.7731533470233,486.2318742095708,4558.337985282538,-2211.546908200658,-9778.818333131963,2105.626947784186,945.8958259034093,-752.2328927801309,-2383.4486820325333,1681.8731224086575,7772.8270701801275,-1895.9338660265312,1154.1622075269358,-2960.104496575557,1468.196047471602,-2229.8306632138656,-970.4533042021854,-4627.434842639073,3581.0438376025977,636.9127039842261,-9874.613517828884,3373.4813983892914,-6718.425010734149,2597.798907607963,-1643.890903855271,-1452.3671555255157,-5077.140669544544,4122.880574422707,-362.239814501428,2194.031512074557,-1424.142225368489,-6477.441930225441,1736.3104887663676,2248.7279648334224,-59.06903747309739,-421.27580315093445,-198.04872777427306,-1647.26666991069,-5087.94168072283,1040.1361160854206,-1189.583249657194
-3889.4575845900754,761.7942499920529,2508.4562757197355,-306.9685915502826,-2884.532089445837,1399.762623467762,6188.8806816170145,-1332.0863511385378,-598.4530256124773,475.98752401964214,1508.0287889186034,-1064.9939640053296,-4919.5600023440165,1199.9081934897158,-729.8632099905159,1873.6295217346212,-929.3921644275898,1411.4577879825506,614.2596588211046,2928.4349614853923,-2267.16311163593,-402.78583743407086,6248.790628281366,-2134.6251845097736,4252.037020012026,-1643.890903855271,1040.4271689067123,918.6786919610761,3213.4094247623766,-2609.492610306663,229.37139093410082,-1388.1854981476251,901.3581051808534,4099.785483001995,-1098.4046758957365,-1422.79205826308,37.29962869039055,266.94498684267245,125.5061992169585,1042.3150221439507,3219.8217666060045,-658.0107273203089,752.6793889768993
-3433.2941419304602,674.512684710449,2215.6388706049843,-273.470114477298,-2548.4085144115775,1235.7440206698238,5465.155195148158,-1177.9770134129258,-529.0783873945869,420.62305431936585,1333.0115998560898,-938.6746315926968,-4343.5165049849065,1059.5936216185328,-646.3766854404375,1653.8705397561248,-820.0991293974167,1245.6650736624927,542.213778261518,2586.646346500476,-1999.6138396385566,-356.652746405067,5520.320487023411,-1886.2799086696216,3754.676976110653,-1452.3671555255157,918.6786919610761,812.852762702719,2837.1537185587736,-2303.7844276277156,202.18087164436577,-1227.0840942994214,795.83457848278465,3619.4118716327584,-971.4620753264434,-1257.6786895844753,33.207747826484336,234.7012139438282,110.31782244265924,921.0972744123014,2844.147474711017,-581.9408869344308,665.2445129463197
-12013.061109493654,2352.6129383102634,7747.458721807802,-947.7652745060354,-8908.929277484243,4323.321054056689,19114.83272463873,-4114.0862822725785,-1848.271984993357,1470.0512801632572,4657.486748324149,-3289.600997645939,-15194.499425934715,3706.0223334383286,-2253.973749149908,5786.849068695431,-2870.603147635592,4359.541588204823,1897.1784487439197,9044.567316513945,-7002.649760889259,-1243.9022991408544,19299.55581236224,-6592.775439687902,13132.786239501273,-5077.140669544544,3213.4094247623766,2837.1537185587736,9924.89726246158,-8059.679562822471,708.4982209673447,-4287.315342605403,2783.9310338543964,12662.626334299905,-3392.3405235297064,-4394.189807962329,115.15530384844811,824.6287726241371,387.69281037466516,3219.2138734304567,9944.526540137442,-2032.1857873856177,2324.680758211586
9755.48338755915,-1910.289463181778,-6291.3655386722285,769.4065429684038,7234.486110420476,-3510.838482194607,-15522.4329843138,3340.7332843987333,1500.8508725047247,-1193.7414964715797,-3782.0374928471992,2671.54033890787,12338.950099405143,-3009.5214976453635,1830.1819375060675,-4699.34038949575,2331.1709783570877,-3540.295075000376,-1540.645717340446,-7344.683690379637,5686.828509138497,1010.0304971415308,-15672.216857118527,5353.618209178839,-10664.653638708498,4122.880574422707,-2609.492610306663,-2303.7844276277156,-8059.679562822471,6545.016445884704,-575.3825506538575,3481.4422407868747,-2260.735959469999,-10282.934535770173,2754.64519379548,3568.2265765759707,-93.48585012902954,-669.7514691500944,-314.8810360167693,-2614.1399412609544,-8075.488486641693,1650.1731002573756,-1887.7310353868677
-857.7178733652562,167.56333125094912,552.8800564289015,-67.17041527207452,-635.65263835965,308.65108956604405,1364.3567904622694,-293.33100740933173,-131.8002106583414,104.86236402554131,332.17280612175205,-235.1637315024556,-1084.6771752440293,264.5265415197365,-160.50868467866383,413.160940148961,-205.019933573707,311.32572059148714,135.45019865345483,645.4336820772439,-500.31249818511367,-88.59290365643068,1377.0907221859031,-470.3166928085773,937.4076543965044,-362.239814501428,229.37139093410082,202.18087164436577,708.4982209673447,-575.3825506538575,50.64724608180954,-305.7630550868028,198.73238343550955,904.0063648952332,-241.84224106580848,-313.38397004291267,8.163731975113448,59.06575078480402,27.771643702421418,229.65073100415614,709.6351860220346,-144.87406946541023,165.8223477077663
5188.702888123525,-1017.9186623478039,-3347.485825377119,411.51388452927614,3849.8353453580366,-1867.463336928858,-8257.931640304854,1778.7753446401437,799.0101817056459,-635.3484644996229,-2013.2571017489856,1419.6250849431217,6563.6424429326935,-1601.0637083564263,975.359022120215,-2499.4676082679766,1239.6203675705856,-1882.7536552854863,-819.4351688263046,-3907.981939868113,3023.1733210915313,538.2196826647954,-8339.67966007003,2849.2888313111266,-5673.471107013024,2194.031512074557,-1388.1854981476251,-1227.0840942994214,-4287.315342605403,3481.4422407868747,-305.7630550868028,1853.2593327569432,-1202.6031696617322,-5469.655118680549,1466.8358288814843,1899.4615020540657,-49.98296382353182,-355.3687827395208,-167.05182631398023,-1391.3236464020108,-4296.93957241041,878.6960138087056,-1004.793636977428
-3369.657615720535,659.9285999537143,2173.167734865069,-265.87395446709604,-2498.9726602953315,1212.6912620934734,5361.7240611310335,-1154.0311710546134,-518.4459433713029,412.3488208311298,1306.4432991001217,-922.7218641099265,-4262.053682987228,1039.5437373416619,-632.2590734764921,1623.1951160690523,-805.2014398933882,1222.8531828834653,532.1516734903151,2537.0079961213087,-1964.2236377442237,-348.92514610643644,5413.560257299259,-1849.2893887968398,3683.758321075868,-1424.142225368489,901.3581051808534,795.83457848278465,2783.9310338543964,-2260.735959469999,198.73238343550955,-1202.6031696617322,780.8950681545084,3551.8634513816905,-951.5754512576641,-1232.5819798008415,32.30247821572424,231.3002294886772,108.7400692125726,903.0012754176477,2789.451816173766,-570.0379165247226,652.0886807227469
-15326.95712121162,3001.190484453909,9884.373185565473,-1208.7161964702725,-11366.094007712349,5515.914923185483,24387.392083893046,-5248.59107578458,-2357.9667563164126,1875.4742548548033,5941.927386420021,-4197.35912771683,-19385.824290382607,4728.281207963445,-2875.32767605729,7383.169942317637,-3662.547170876641,5562.222156025914,2420.5176015535176,11539.240199506601,-8934.71822868921,-1586.8230794794583,24622.61827819929,-8411.04571885449,16755.316267761584,-6477.441930225441,4099.785483001995,3619.4118716327584,12662.626334299905,-10282.934535770173,904.0063648952332,-5469.655118680549,3551.8634513816905,16155.620729026306,-4327.785338542481,-5606.000479833828,146.8620682417654,1052.2978203085718,494.7295588088394,4107.068373293328,12687.408126589284,-2592.5579271312017,2965.813935523571
4105.349740257704,-806.0440220566758,-2648.9784931053728,326.3894745731613,3046.718819474533,-1477.604931987848,-6534.435089111934,1408.111366684351,632.4334742593173,-502.81533110591556,-1593.5033722344838,1122.8030075181255,5193.485389731813,-1266.920076122448,772.3784488975471,-1977.5287560135441,980.7215465125186,-1489.6087659946593,-648.3121376779931,-3092.5337854338627,2391.4473641920194,426.19624486364086,-6599.834414090421,2255.019917506039,-4489.352043969217,1736.3104887663676,-1098.4046758957365,-971.4620753264434,-3392.3405235297064,2754.64519379548,-241.84224106580848,1466.8358288814843,-951.5754512576641,-4327.785338542481,1161.2061043154279,1503.4021763575843,-39.62871061083972,-280.8811836640983,-132.0125234247971,-1101.1796466381757,-3400.385149992411,695.5776520542897,-795.3126887153039
5318.04349501552,-1043.2981235420373,-3430.9344520949817,421.77826618870586,3945.8068143822675,-1914.014021875484,-8463.784651461941,1823.1172771865402,818.9299161120341,-651.188832981407,-2063.446211127166,1455.006588209891,6727.260049276956,-1640.974160432651,999.6778498200217,-2561.776854956388,1270.518201191052,-1929.6824187625405,-839.8639101689147,-4005.402901397946,3098.527655824833,551.6386408215753,-8547.575899073156,2920.3186665573658,-5814.897264261708,2248.7279648334224,-1422.79205826308,-1257.6786895844753,-4394.189807962329,3568.2265765759707,-313.38397004291267,1899.4615020540657,-1232.5819798008415,-5606.000479833828,1503.4021763575843,1946.8172016024162,-51.23032290811669,-364.2249478131152,-171.21506309907056,-1426.0056902684244,-4404.0564493510055,900.6026966956534,-1029.8399807783762
-139.25724899045017,27.61062006421971,90.03910417204098,-11.398020716848263,-103.63171240290872,50.14042661416094,221.92863307772518,-48.03206100624507,-21.560317809412812,17.120134916588665,54.29266854573513,-37.89639712726309,-176.2934566336759,43.026749433887325,-26.47646043813386,67.08888128419837,-33.225985444567634,50.48939899995939,21.995973086933,105.12291606855138,-80.90273123625902,-14.601205926868676,224.4453218929797,-76.75427614453109,152.45137033898146,-59.06903747309739,37.29962869039055,33.207747826484336,115.15530384844811,-93.48585012902954,8.163731975113448,-49.98296382353182,32.30247821572424,146.8620682417654,-39.62871061083972,-51.23032290811669,1.382557868252024,9.404488034549452,4.418627037588879,37.4823757303203,115.60109468498115,-23.739493324236708,27.080156644704132
-998.5723696412589,194.3432436067241,643.183565538684,-77.30699261509035,-739.2605175363046,359.28425269771884,1587.6526288185999,-340.7369738144292,-153.15517020585173,121.92177797601452,386.06109692764966,-274.28262652825873,-1262.4730755198211,307.81756729797485,-186.1132153029803,481.0252797920422,-238.79001150742116,362.5370340082505,157.699327377733,750.8355630530126,-583.0621701609455,-102.74616983004915,1601.6627026262754,-546.834261297361,1090.8703632202958,-421.27580315093445,266.94498684267245,234.7012139438282,824.6287726241371,-669.7514691500944,59.06575078480402,-355.3687827395208,231.3002294886772,1052.2978203085718,-280.8811836640983,-364.2249478131152,9.404488034549452,69.09897139081085,32.50108229288624,266.9923755368297,825.4754207484383,-168.27239099752776,192.74725323873972
-469.4776454185087,91.33221858230124,302.3737039902185,-36.30023797586132,-347.52305569304923,168.91366462068058,746.3923424319986,-160.14367362444898,-71.9937740871817,57.31996311995839,181.4704326470308,-128.97088351641267,-593.5410359483056,144.7092560946751,-87.46451276391548,226.17301733417685,-112.26864180407834,170.44075069426657,74.15098121870922,352.982458719583,-274.15372955041045,-48.28618943903577,752.9402761074939,-257.05855919708586,512.8399681504062,-198.04872777427306,125.5061992169585,110.31782244265924,387.69281037466516,-314.8810360167693,27.771643702421418,-167.05182631398023,108.7400692125726,494.7295588088394,-132.0125234247971,-171.21506309907056,4.418627037588879,32.50108229288624,15.29254205658991,125.50192122859461,388.06521980984814,-79.09437768987118,90.59241844763159
-3896.169560652757,764.0364855387289,2513.384436612963,-308.6213515477905,-2890.4895714014438,1402.2489059890954,6200.523969065299,-1335.3922453610803,-599.8415501204972,476.99024854452864,1511.469240494313,-1066.2325385525228,-4928.443330464766,1202.1780212115902,-732.065177228919,1876.7858275571807,-930.8833613928819,1413.8190755191526,615.2863791978032,2934.2100600840536,-2270.346204146084,-403.9784783109927,6261.558515434713,-2139.211460739151,4260.000266154875,-1647.26666991069,1042.3150221439507,921.0972744123014,3219.2138734304567,-2614.1399412609544,229.65073100415614,-1391.3236464020108,903.0012754176477,4107.068373293328,-1101.1796466381757,-1426.0056902684244,37.4823757303203,266.9923755368297,125.50192122859461,1044.605646908647,3226.241864677049,-659.6344918096588,754.4005139018667
-12036.228300609888,2358.7923329198065,7763.493244975415,-951.5860305298728,-8927.84544505375,4331.777199954952,19153.382950693085,-4123.716708864304,-1852.4820903175157,1473.2487822546007,4667.940673105374,-3294.823042822635,-15224.53981252354,3713.4997338525122,-2260.001520275275,5797.985616241252,-2875.9083211384686,4367.752257230417,1900.8283262970342,9063.329636786839,-7014.840456783526,-1247.1816758248276,19340.276622590496,-6607.0863683737725,13159.173045453019,-5087.94168072283,3219.8217666060045,2844.147474711017,9944.526540137442,-8075.488486641693,709.6351860220346,-4296.93957241041,2789.451816173766,12687.408126589284,-3400.385149992411,-4404.0564493510055,115.60109468498115,825.4754207484383,388.06521980984814,3226.241864677049,9965.256335424872,-2036.9825579420667,2329.8399221614304
2459.314507526033,-482.8306969640166,-1586.863458000803,195.4875436937246,1825.108215906146,-885.1569409158913,-3914.424698971274,843.4735521482957,378.8525840749842,-301.2173788537014,-954.5588871855812,672.6208038144969,3111.161922193167,-758.937621902875,462.66631951876957,-1184.6742356459215,587.498526609649,-892.3370560957609,-388.38723012573075,-1852.5741415503496,1432.61819013603,255.29694037840153,-3953.570982772052,1350.8431074594016,-2689.3184219972572,1040.1361160854206,-658.0107273203089,-581.9408869344308,-2032.1857873856177,1650.1731002573756,-144.87406946541023,878.6960138087056,-570.0379165247226,-2592.5579271312017,695.5776520542897,900.6026966956534,-23.739493324236708,-168.27239099752776,-79.09437768987118,-659.6344918096588,-2036.9825579420667,416.6734381802761,-476.3995245607799
-2813.4951276573715,551.8515018292351,1815.033406068814,-223.01439428622217,-2087.408236450374,1012.5998454561627,4477.64427023926,-964.4660219225775,-433.201592502793,344.459788378463,1091.5761514743078,-769.8734915141077,-3558.962752418019,868.1453290045439,-528.7633634860572,1355.2277812547752,-672.1957371580572,1020.9461780284864,444.2942446309883,2118.9343706474015,-1639.3610839710122,-291.78737479987655,4521.8533587987695,-1544.8833842423012,3076.3170619997722,-1189.583249657194,752.6793889768993,665.2445129463197,2324.680758211586,-1887.7310353868677,165.8223477077663,-1004.793636977428,652.0886807227469,2965.813935523571,-795.3126887153039,-1029.8399807783762,27.080156644704132,192.74725323873972,90.59241844763159,754.4005139018667,2329.8399221614304,-476.3995245607799,544.8382820685408
