V1,V2,V3,V4,V5,V6,V7,V8,V9,V10,V11,V12,V13,V14,V15,V16,V17,V18,V19,V20,V21,V22,V23,V24,V25,V26,V27,V28,V29,V30,V31,V32,V33,V34,V35,V36,V37,V38,V39,V40,V41,V42,V43
118.0817670162725,-188.11805195037118,38.38975323051308,-71.14634044562939,48.69582587278494,-75.93618081369875,-97.12384290686441,-103.68384214267532,-34.8464896386356,117.33103553861154,53.23543516894106,250.38923646002553,-181.12671626850704,18.22697858799265,26.033889126890102,-55.9221917553606,22.163531646071668,-145.28633700421463,-30.119716220847863,232.90088509034027,136.56846746402934,-18.893055242740427,97.39857816622711,-141.75486199409679,-54.84764521562233,-66.87031522505994,-98.01658007049475,-115.67876905106726,-118.3283581525287,-104.6939231615234,34.87304033698712,125.38558828566727,150.93406807129276,260.49328259920486,-64.58332274767153,20.894223458059358,149.47678863218863,-144.2312635623751,-29.88653011447176,-283.8365971869196,12.459222259182877,-96.0771976127558,83.08972504225552
-188.11805195037118,301.046353084248,-61.54275212583109,113.66727095595382,-78.4374583390208,121.9172966557622,155.0875444596796,164.91225976205885,56.318433391664186,-187.25958328136377,-84.95766978819542,-399.97646265850693,290.28538988375465,-28.43797804749287,-40.89792960282433,90.90146843227038,-35.04708940715518,231.16914614564794,48.28460833012379,-372.6443089651078,-217.62524843439323,29.403477788904613,-154.65080048817808,226.65506918931067,87.12266208786475,106.87667069915194,156.55153823861107,184.7204703363069,189.57710934014506,167.79396171356376,-55.72058834924346,-199.71006296344464,-241.70803243694883,-416.3444170119852,104.1389102471453,-32.36188255522229,-239.186506240939,230.3519922147917,47.85236236259056,453.43833737037096,-20.842362398494387,154.47281040732398,-132.89570016176583
38.38975323051308,-61.54275212583109,12.639123634092721,-23.210204949037877,16.009089247846173,-25.053494174043372,-31.779504040677317,-33.676811013582686,-11.624458921582283,38.19699216754334,17.347309563517918,81.890941742776,-59.530064265453255,5.650063222900372,8.333513922704737,-18.754610098191193,7.151851816458604,-47.17930993916545,-9.859801089121087,76.36010196094425,44.6306185245838,-5.9021916982187275,31.757594347516218,-46.39238469586747,-17.792795587468138,-21.85514978555182,-32.07871129015811,-37.86530893406414,-38.80217887693087,-34.36670784680241,11.43772883453806,40.78201559393205,49.604943851804975,85.2016237293429,-21.46729749337161,6.525205693405827,48.949622528783074,-47.20336591041795,-9.729531810918736,-92.78654717902964,4.369478946872785,-31.6135465491531,27.194125308523194
-71.14634044562939,113.66727095595382,-23.210204949037877,42.94802164937694,-29.558622977386474,45.955638289472105,58.58542417223133,62.40746144243396,21.17601228081272,-70.79012754584716,-32.12067160244744,-151.095922409156,109.51723816839002,-10.860611927425053,-15.547204294318217,34.11215070385624,-13.28741274107096,87.4683766884139,18.224853713636307,-140.67995707097967,-82.2668302487911,11.226512608660581,-58.520074879970714,85.5914455185876,32.983406504489786,40.37210384973258,59.13848094149277,69.77868218453428,71.54677242009963,63.31697081052568,-21.04560640064892,-75.53144608273163,-91.21581535568045,-157.26128707528395,39.18887172173071,-12.366030255674033,-90.31554946277848,87.02132569902071,18.073735666688354,171.29793367361086,-7.739320671976218,58.23569717451168,-50.18440452947432
48.69582587278494,-78.4374583390208,16.009089247846173,-29.558622977386474,20.823494870664994,-31.729149643124483,-40.03864475384537,-42.39672547582924,-14.742081898955346,48.657194394270135,21.9867726351276,103.460329612829,-75.38238591558259,7.393276477725802,10.230238299569118,-24.135941345072712,8.876495033063355,-59.59947671454711,-12.650038858915396,96.61635980764513,55.75495767539313,-7.440439608658122,39.22330074314767,-58.812141116253756,-22.30800719231551,-27.71214377237665,-40.415233131816635,-47.64711393227914,-49.395872865372404,-43.68429208162621,14.315301960899879,51.63659009170349,62.55721047350327,107.88598006192997,-27.179254174715044,8.019013369122783,62.08797665823999,-59.40269213539379,-12.598305916268439,-117.42827487700909,5.700527670330534,-40.53698745386627,34.50683523027171
-75.93618081369875,121.9172966557622,-25.053494174043372,45.955638289472105,-31.729149643124483,49.79353604441643,62.97449138926432,66.61685994105007,23.1761535740075,-75.59917745348291,-34.35932779536975,-162.3396501708252,118.19036226703223,-10.921687427547504,-16.467244355514246,37.402068757478496,-14.174271364220349,93.35001878485792,19.552682746845193,-151.47277456624434,-88.54939869219913,11.488380014667344,-62.94600842656149,91.9734375651604,35.242933285913686,43.32575597982838,63.62210078247227,75.07502386295975,76.97246885563897,68.18852078161177,-22.695792097637103,-80.63829819707546,-98.50451105611236,-168.92938652219198,42.790726960684445,-12.767346557403808,-97.10839864949895,93.6566808433449,19.20759335875624,183.87865049029782,-8.841169617869705,62.74141779641845,-53.93857512635291
-97.12384290686441,155.0875444596796,-31.779504040677317,58.58542417223133,-40.03864475384537,62.97449138926432,80.30416384950385,85.44848882050428,29.077475323545222,-96.51992033973997,-43.90588478968994,-206.88903049077874,149.98054324377878,-14.483598118203712,-21.437236774276737,46.604703756504065,-18.27319475677789,119.58658884931367,24.809249726283877,-192.61094213602664,-113.1427846799564,15.223371067619606,-80.78920390932252,117.04427934066847,45.22973638762798,55.195789323446085,81.08114737216479,95.70968552565134,97.72610397263404,86.56039386899512,-28.949057419254142,-103.18701142477231,-125.13436351519294,-215.15272233576442,53.806398679207,-16.932773108645677,-123.52574352014298,119.37521687858299,24.472293490199547,234.36349063057426,-10.623248024584413,79.37833167765069,-68.6096496074656
-103.68384214267532,164.91225976205885,-33.676811013582686,62.40746144243396,-42.39672547582924,66.61685994105007,85.44848882050428,91.35813242090764,30.565548923191926,-102.95542165476951,-46.849491632766515,-220.15778765677823,159.0848767434914,-15.91905002229031,-23.14853535772331,48.7738583789657,-19.602979935792085,127.7912809893276,26.359186831972327,-204.62546766245592,-120.53379289399261,16.670903798985183,-86.24858258696234,124.44656337374245,48.38098352653546,58.74577125539426,86.26212651387397,101.82236271637109,103.76876909510035,91.8839452698164,-30.794652977918325,-110.15914895455765,-132.80242795567233,-228.90986425004593,56.66463150267287,-18.527114997136536,-131.3315135152873,127.01690387912126,26.085030791882264,249.45183890260532,-10.806440483807839,84.10653871669497,-72.94436725414492
-34.8464896386356,56.318433391664186,-11.624458921582283,21.17601228081272,-14.742081898955346,23.1761535740075,29.077475323545222,30.565548923191926,10.914206250525039,-34.77927320696854,-15.845028032181867,-74.97732472412534,54.85324183039895,-4.755829321328862,-7.450924036511896,17.6955026524214,-6.459383935332105,42.80657245552606,9.050610053183972,-70.12266813875183,-40.86904030607863,5.04323631930009,-28.952216566693934,42.49157565307502,16.15566325440912,20.006486299446195,29.406606625781404,34.68810409922269,35.65506197397603,31.626795477380984,-10.522705973151004,-37.00914894391876,-45.735381115518166,-78.05330275150159,20.077500767410495,-5.591616260558006,-44.952709152763724,43.30624279064406,8.830837508340622,84.89140192324787,-4.368887083304172,29.188368048251057,-24.936484567451508
117.33103553861154,-187.25958328136377,38.19699216754334,-70.79012754584716,48.657194394270135,-75.59917745348291,-96.51992033973997,-102.95542165476951,-34.77927320696854,116.72994373813381,52.9726372868809,248.96049219959968,-180.28922614362213,18.053752404565564,25.717260228692826,-55.963036600584324,21.936894961685347,-144.28539282659256,-30.024764836062854,231.6957885593933,135.58033118830363,-18.638352122782035,96.48206720431092,-140.9973177218517,-54.421532296054416,-66.52539972787892,-97.43601803937126,-114.95846481718499,-117.82937655491479,-104.26635675249743,34.67000888420381,124.56013105073437,150.18742938133778,259.11696980477933,-64.39342520994082,20.519964574407215,148.79046686013112,-143.37957990611312,-29.794817786608657,-282.26948831345345,12.608791068969282,-95.86020281180511,82.6747701476917
53.23543516894106,-84.95766978819542,17.347309563517918,-32.12067160244744,21.9867726351276,-34.35932779536975,-43.90588478968994,-46.849491632766515,-15.845028032181867,52.9726372868809,24.114553402539954,113.2206897390969,-81.98547321030105,8.090768992118633,11.762925555733514,-25.400728662106154,9.996776582778717,-65.55187942461178,-13.614060256887818,105.3465069239607,61.83654254364627,-8.427456282992793,44.083249319307235,-64.0391271793048,-24.78206925455559,-30.233437179653624,-44.35159352355544,-52.324016760194944,-53.50588199836659,-47.3911984533118,15.835625050733094,56.54106636967061,68.41096350551099,117.80267096809912,-29.31880108040169,9.302578076273113,67.66864001955244,-65.3069077551734,-13.458738645671668,-128.3155017097549,5.75748046893024,-43.512361439109405,37.5604461352841
250.38923646002553,-399.97646265850693,81.890941742776,-151.095922409156,103.460329612829,-162.3396501708252,-206.88903049077874,-220.15778765677823,-74.97732472412534,248.96049219959968,113.2206897390969,533.2350256934071,-386.6276221765815,37.39366560669423,55.14668509864477,-120.30158794047792,47.04303109363399,-308.2232537610619,-64.0449986005872,496.49192369608653,291.3706953306582,-39.19220247665976,207.80907532355874,-301.74419028577137,-116.52575158423615,-142.31167321954658,-208.93928165484215,-246.57889209101393,-252.05709835494255,-223.22976978914826,74.5540713785745,265.95357463153465,322.4963857054702,554.674062430974,-138.73170796310427,43.520155198843646,318.5326532365106,-307.6126666419305,-63.179070060963994,-604.1260751551437,27.486659855848817,-204.86439903868995,176.91969113312166
-181.12671626850704,290.28538988375465,-59.530064265453255,109.51723816839002,-75.38238591558259,118.19036226703223,149.98054324377878,159.0848767434914,54.85324183039895,-180.28922614362213,-81.98547321030105,-386.6276221765815,281.0503852239312,-26.499744341017752,-39.5155826254634,88.34732535639056,-33.8915059666301,222.79188579076666,46.527800989297695,-360.43281258027866,-210.99271304508352,27.801886398158214,-150.14084791979334,218.930610673165,84.15735277820136,103.2128603684531,151.49822184684808,178.77121937566037,183.11662945196852,162.2162004928273,-54.076497718804866,-192.34945039498368,-234.30297747917422,-402.29983136596036,101.34802593242777,-30.841683112753472,-231.20958166050423,223.05040144380717,45.82304552527272,437.99737215823194,-20.611001360902026,149.1621823064648,-128.3881748111331
18.22697858799265,-28.43797804749287,5.650063222900372,-10.860611927425053,7.393276477725802,-10.921687427547504,-14.483598118203712,-15.91905002229031,-4.755829321328862,18.053752404565564,8.090768992118633,37.39366560669423,-26.499744341017752,3.5910867402217472,4.078086929996385,-7.620795639148949,3.378356425094722,-22.363782103720624,-4.545762806760531,34.46410142501577,20.106565340515306,-3.457556026160514,14.359663348519813,-21.19897407383049,-8.349875994972125,-10.039838459721489,-14.528122573986114,-17.152798133424163,-17.605714761554157,-15.486943620728443,5.086223987396098,19.341268657535064,21.960849440656258,38.94184300531712,-8.909688591524288,3.662048939502608,22.22760973818883,-21.298925017026335,-4.7415121005985235,-42.59921845820307,1.3060601318507175,-14.220894403142688,12.397632755116758
26.033889126890102,-40.89792960282433,8.333513922704737,-15.547204294318217,10.230238299569118,-16.467244355514246,-21.437236774276737,-23.14853535772331,-7.450924036511896,25.717260228692826,11.762925555733514,55.14668509864477,-39.5155826254634,4.078086929996385,6.115147488220484,-11.604286091691344,5.075606476940583,-32.27806179908029,-6.497214814036862,51.02461258455984,30.578028838442975,-4.389726334797745,22.163360486454522,-31.028185130158015,-12.335689700862478,-14.672916236979495,-21.657139700303066,-25.577148339613473,-25.712330009767463,-22.778092019964806,7.7648383129246445,27.69016646147396,33.15064472629633,57.21476906820947,-13.898696860040175,4.99234600570668,32.735922732660676,-31.935204856534206,-6.389099730698566,-62.4053644860524,2.3893624588911972,-20.598815920523233,18.180597248706373
-55.9221917553606,90.90146843227038,-18.754610098191193,34.11215070385624,-24.135941345072712,37.402068757478496,46.604703756504065,48.7738583789657,17.6955026524214,-55.963036600584324,-25.400728662106154,-120.30158794047792,88.34732535639056,-7.620795639148949,-11.604286091691344,29.026656335822892,-10.188970955931437,68.46280703057057,14.65775128302497,-112.74975891772787,-65.07844577466747,7.910213951017223,-45.75117238109318,68.3654989490951,25.693201400916333,32.16278185906844,47.10823348292394,55.549634842796124,57.543100144688125,51.00763064294282,-16.79668264038684,-59.340061464325,-73.43536688780009,-125.39859680620239,32.47894584076805,-8.632551783510397,-72.31009119954143,69.31289456673119,14.375896857140157,136.3263190911197,-7.314759777769555,47.37196989921781,-40.127836536375625
22.163531646071668,-35.04708940715518,7.151851816458604,-13.28741274107096,8.876495033063355,-14.174271364220349,-18.27319475677789,-19.602979935792085,-6.459383935332105,21.936894961685347,9.996776582778717,47.04303109363399,-33.8915059666301,3.378356425094722,5.075606476940583,-10.188970955931437,4.27492864784174,-27.40328524731026,-5.583248185759479,43.64422607631714,25.943175776877307,-3.6151742052721,18.68371137529951,-26.544608810221305,-10.433993181262002,-12.536238998641798,-18.457167559602787,-21.793735669841038,-22.058581412741823,-19.529143516995905,6.59645271714017,23.547042624584144,28.342787525343496,48.858346417870365,-12.025368113189629,4.1043023600315856,27.989074800120115,-27.20265697285299,-5.494851991733639,-53.24993376666356,2.1904136304476776,-17.758773903916286,15.55563759939356
-145.28633700421463,231.16914614564794,-47.17930993916545,87.4683766884139,-59.59947671454711,93.35001878485792,119.58658884931367,127.7912809893276,42.80657245552606,-144.28539282659256,-65.55187942461178,-308.2232537610619,222.79188579076666,-22.363782103720624,-32.27806179908029,68.46280703057057,-27.40328524731026,178.93883474552013,36.981557881858926,-286.5548147069967,-168.4848383586618,23.32257394468574,-120.38591727021814,174.35824092876956,67.66848126897942,82.27755964257534,120.71714250770395,142.47682255216498,145.43849045221341,128.71665854137785,-43.00845423381112,-154.30257285141315,-185.82298444707024,-320.5598119307206,79.37929388082092,-25.898870979861226,-183.90903931983416,177.69841130989806,36.628522519850044,349.29955191317464,-15.179933545544285,117.9289853684877,-102.20334586562822
-30.119716220847863,48.28460833012379,-9.859801089121087,18.224853713636307,-12.650038858915396,19.552682746845193,24.809249726283877,26.359186831972327,9.050610053183972,-30.024764836062854,-13.614060256887818,-64.0449986005872,46.527800989297695,-4.545762806760531,-6.497214814036862,14.65775128302497,-5.583248185759479,36.981557881858926,7.763150475001584,-59.70487597103367,-34.76651126449717,4.669282570860969,-24.6264819846285,36.318289556807535,13.918604304378395,17.125642398320963,25.05747709312048,29.55033826285705,30.419373504423792,26.918987407623522,-8.906626096156186,-31.95944767590582,-38.71765860400966,-66.7073223971162,16.723614350330863,-5.114006068819613,-38.35039725988177,36.865334618331055,7.689912005786979,72.62580691979741,-3.3984040440545087,24.836197717482367,-21.306604686903107
232.90088509034027,-372.6443089651078,76.36010196094425,-140.67995707097967,96.61635980764513,-151.47277456624434,-192.61094213602664,-204.62546766245592,-70.12266813875183,231.6957885593933,105.3465069239607,496.49192369608653,-360.43281258027866,34.46410142501577,51.02461258455984,-112.74975891772787,43.64422607631714,-286.5548147069967,-59.70487597103367,462.5740871733234,271.06585392979474,-36.111654912979674,193.08584884068807,-281.0657304783698,-108.26704948633797,-132.5216643041678,-194.53617203224846,-229.56725658371565,-234.94257715617346,-208.08885256242758,69.40792853496423,247.35586099748082,300.5481832474268,516.5429263968933,-129.65228398461485,40.06241877324147,296.74251192053987,-286.3916670468282,-58.853723803444076,-562.4950183980231,26.030140862018584,-191.16945323233048,164.809972586039
136.56846746402934,-217.62524843439323,44.6306185245838,-82.2668302487911,55.75495767539313,-88.54939869219913,-113.1427846799564,-120.53379289399261,-40.86904030607863,135.58033118830363,61.83654254364627,291.3706953306582,-210.99271304508352,20.106565340515306,30.578028838442975,-65.07844577466747,25.943175776877307,-168.4848383586618,-34.76651126449717,271.06585392979474,160.0660236037408,-21.44103130121368,114.68774341471854,-164.59169693646234,-63.94927208369499,-77.65035753896889,-114.32127692961207,-134.95124151621317,-137.25043325206758,-121.63990492916768,40.91953236634645,145.14402355898588,176.36703525483424,302.8209747979961,-75.6967094856677,24.08198925940751,173.8070187801808,-168.43455832131806,-34.11191862753918,-329.8480880946281,14.774770357836777,-111.18344637144226,96.49672916986353
-18.893055242740427,29.403477788904613,-5.9021916982187275,11.226512608660581,-7.440439608658122,11.488380014667344,15.223371067619606,16.670903798985183,5.04323631930009,-18.638352122782035,-8.427456282992793,-39.19220247665976,27.801886398158214,-3.457556026160514,-4.389726334797745,7.910213951017223,-3.6151742052721,23.32257394468574,4.669282570860969,-36.111654912979674,-21.44103130121368,3.4969865950666796,-15.503284360125626,22.117043935150487,8.81610370885743,10.470847719279785,15.303588772572924,18.084293333787226,18.294060250627552,16.137374175403732,-5.417303081999031,-20.080545338721535,-23.1873438660893,-40.706449339580914,9.4588611879358009,-3.83941682242672,-23.217845383002953,22.494431430908374,4.763780239153823,44.507678808014326,-1.3948273268618538,14.65079389582086,-12.933517976166682
97.39857816622711,-154.65080048817808,31.757594347516218,-58.520074879970714,39.22330074314767,-62.94600842656149,-80.78920390932252,-86.24858258696234,-28.952216566693934,96.48206720431092,44.083249319307235,207.80907532355874,-150.14084791979334,14.359663348519813,22.163360486454522,-45.75117238109318,18.68371137529951,-120.38591727021814,-24.6264819846285,193.08584884068807,114.68774341471854,-15.503284360125626,82.60543343690581,-117.20229348962708,-45.831972218223335,-55.30273330924178,-81.61123505941617,-96.39194458278455,-97.50827708257279,-86.4520517724438,29.276310809926937,103.59511342142582,125.71622844447452,215.75901456465994,-53.702411079888435,17.563494781379646,123.70215864634545,-120.28670646842316,-24.11592383974418,-235.11997325836438,10.190183533745687,-78.68020234811111,68.67756589905441
-141.75486199409679,226.65506918931067,-46.39238469586747,85.5914455185876,-58.812141116253756,91.9734375651604,117.04427934066847,124.44656337374245,42.49157565307502,-140.9973177218517,-64.0391271793048,-301.74419028577137,218.930610673165,-21.19897407383049,-31.028185130158015,68.3654989490951,-26.544608810221305,174.35824092876956,36.318289556807535,-281.0657304783698,-164.59169693646234,22.117043935150487,-117.20229348962708,170.87423702015866,65.83186744353299,80.56693396473345,118.18333059371525,139.46598929330574,142.8133623964791,126.43912102543126,-42.112727007223036,-150.525286152493,-182.4586941681456,-313.9623232231665,78.60797709577118,-24.504349698837693,-180.32209802312397,173.95057316691324,35.87595834211992,341.9290721812681,-15.670627741285454,116.18422681690416,-100.1863105607763
-54.84764521562233,87.12266208786475,-17.792795587468138,32.983406504489786,-22.30800719231551,35.242933285913686,45.22973638762798,48.38098352653546,16.15566325440912,-54.421532296054416,-24.78206925455559,-116.52575158423615,84.15735277820136,-8.349875994972125,-12.335689700862478,25.693201400916333,-10.433993181262002,67.66848126897942,13.918604304378395,-108.26704948633797,-63.94927208369499,8.81610370885743,-45.831972218223335,65.83186744353299,25.66931032909336,31.07840896999147,45.68289297020416,53.921336486472065,54.850596015864774,48.57008724294092,-16.314819964786274,-58.2683686729627,-70.30221944833933,-121.12368324315194,29.982935741323008,-9.872172227572472,-69.47328898533533,67.2904972768715,13.727699320374356,131.97933480454716,-5.674517013178697,44.37518935784726,-38.59215129810238
-66.87031522505994,106.87667069915194,-21.85514978555182,40.37210384973258,-27.71214377237665,43.32575597982838,55.195789323446085,58.74577125539426,20.006486299446195,-66.52539972787892,-30.233437179653624,-142.31167321954658,103.2128603684531,-10.039838459721489,-14.672916236979495,32.16278185906844,-12.536238998641798,82.27755964257534,17.125642398320963,-132.5216643041678,-77.65035753896889,10.470847719279785,-55.30273330924178,80.56693396473345,31.07840896999147,38.00460565335297,55.73924969948617,65.77122488877858,67.33284905711902,59.618909333658614,-19.87420609214444,-71.0053165002321,-86.0375961797494,-148.07954806698518,37.01606306967993,-11.592587940596585,-85.0566001270369,82.05517173110911,16.924985290099176,161.27071129161976,-7.3509227687308485,54.77840365187952,-47.242887254899095
-98.01658007049475,156.55153823861107,-32.07871129015811,59.13848094149277,-40.415233131816635,63.62210078247227,81.08114737216479,86.26212651387397,29.406606625781404,-97.43601803937126,-44.35159352355544,-208.93928165484215,151.49822184684808,-14.528122573986114,-21.657139700303066,47.10823348292394,-18.457167559602787,120.71714250770395,25.05747709312048,-194.53617203224846,-114.32127692961207,15.303588772572924,-81.61123505941617,118.18333059371525,45.68289297020416,55.73924969948617,81.90312828210416,96.6609328715019,98.69862582986542,87.43469571766958,-29.253403890675443,-104.12703900601618,-126.44364665646052,-217.29706364219805,54.409562362483285,-17.04190827122744,-124.78656943959326,120.60763082763104,24.66827296700798,236.6606907817161,-10.787804982624042,80.17523068148867,-69.29645593414668
-115.67876905106726,184.7204703363069,-37.86530893406414,69.77868218453428,-47.64711393227914,75.07502386295975,95.70968552565134,101.82236271637109,34.68810409922269,-114.95846481718499,-52.324016760194944,-246.57889209101393,178.77121937566037,-17.152798133424163,-25.577148339613473,55.549634842796124,-21.793735669841038,142.47682255216498,29.55033826285705,-229.56725658371565,-134.95124151621317,18.084293333787226,-96.39194458278455,139.46598929330574,53.921336486472065,65.77122488877858,96.6609328715019,114.09427878989963,116.442803912279,103.15495929765225,-34.52923810879682,-122.90445026379496,-149.20926284401182,-256.410812884316,64.18688978681067,-20.151825990012007,-147.22414153371682,142.3351233564236,29.101573827967442,279.28328320484326,-12.695774862404232,94.55886607802431,-81.76212473209372
-118.3283581525287,189.57710934014506,-38.80217887693087,71.54677242009963,-49.395872865372404,76.97246885563897,97.72610397263404,103.76876909510035,35.65506197397603,-117.82937655491479,-53.50588199836659,-252.05709835494255,183.11662945196852,-17.605714761554157,-25.712330009767463,57.543100144688125,-22.058581412741823,145.43849045221341,30.419373504423792,-234.94257715617346,-137.25043325206758,18.294060250627552,-97.50827708257279,142.8133623964791,54.850596015864774,67.33284905711902,98.69862582986542,116.442803912279,119.49726311891511,105.80228127765793,-35.15975614873366,-125.62069139422854,-152.5373413990456,-262.37091314586405,65.89327217472501,-20.1843272222255,-150.7862714548566,145.2604205424581,30.04811589974571,285.67373487512305,-13.345303128416449,97.40435182716682,-83.7574781768998
-104.6939231615234,167.79396171356376,-34.36670784680241,63.31697081052568,-43.68429208162621,68.18852078161177,86.56039386899512,91.8839452698164,31.626795477380984,-104.26635675249743,-47.3911984533118,-223.22976978914826,162.2162004928273,-15.486943620728443,-22.778092019964806,51.00763064294282,-19.529143516995905,128.71665854137785,26.918987407623522,-208.08885256242758,-121.63990492916768,16.137374175403732,-86.4520517724438,126.43912102543126,48.57008724294092,59.618909333658614,87.43469571766958,103.15495929765225,105.80228127765793,93.70787883338603,-31.182722256124,-111.16546766792641,-135.1879805848158,-232.34357517941123,58.424451911356684,-17.81211732161242,-133.55128897673714,128.70461409898766,26.559859424275228,252.9688500204455,-11.87545159726213,86.2527273091536,-74.15844791817847
34.87304033698712,-55.72058834924346,11.43772883453806,-21.04560640064892,14.315301960899879,-22.695792097637103,-28.949057419254142,-30.794652977918325,-10.522705973151004,34.67000888420381,15.835625050733094,74.5540713785745,-54.076497718804866,5.086223987396098,7.7648383129246445,-16.79668264038684,6.59645271714017,-43.00845423381112,-8.906626096156186,69.40792853496423,40.91953236634645,-5.417303081999031,29.276310809926937,-42.112727007223036,-16.314819964786274,-19.87420609214444,-29.253403890675443,-34.52923810879682,-35.15975614873366,-31.182722256124,10.493584840335572,37.07040596980964,45.208738727714696,77.50326420827035,-19.451398979567823,6.049702386848416,44.52398136204378,-43.10786860374707,-8.74001917973634,-84.40543197223975,3.87479595980777,-28.555455325757464,24.694656438035604
125.38558828566727,-199.71006296344464,40.78201559393205,-75.53144608273163,51.63659009170349,-80.63829819707546,-103.18701142477231,-110.15914895455765,-37.00914894391876,124.56013105073437,56.54106636967061,265.95357463153465,-192.34945039498368,19.341268657535064,27.69016646147396,-59.340061464325,23.547042624584144,-154.30257285141315,-31.95944767590582,247.35586099748082,145.14402355898588,-20.080545338721535,103.59511342142582,-150.525286152493,-58.2683686729627,-71.0053165002321,-104.12703900601618,-122.90445026379496,-125.62069139422854,-111.16546766792641,37.07040596980964,133.1731599945121,160.34120040332485,276.63936592049447,-68.58162600685186,22.213813995079544,158.72559062675455,-153.2264039261239,-31.702587066545362,-301.4557740225507,13.210405432336437,-101.96648417795836,88.22146544007478
150.93406807129276,-241.70803243694883,49.604943851804975,-91.21581535568045,62.55721047350327,-98.50451105611236,-125.13436351519294,-132.80242795567233,-45.735381115518166,150.18742938133778,68.41096350551099,322.4963857054702,-234.30297747917422,21.960849440656258,33.15064472629633,-73.43536688780009,28.342787525343496,-185.82298444707024,-38.71765860400966,300.5481832474268,176.36703525483424,-23.1873438660893,125.71622844447452,-182.4586941681456,-70.30221944833933,-86.0375961797494,-126.44364665646052,-149.20926284401182,-152.5373413990456,-135.1879805848158,45.208738727714696,160.34120040332485,195.5484682403636,335.46302811669773,-84.50272260409312,25.798108183162057,192.78551572314512,-186.22195540799478,-38.03491027631456,-365.2396861595532,17.12583172297215,-124.131798106545,107.00896193837593
260.49328259920486,-416.3444170119852,85.2016237293429,-157.26128707528395,107.88598006192997,-168.92938652219198,-215.15272233576442,-228.90986425004593,-78.05330275150159,259.11696980477933,117.80267096809912,554.674062430974,-402.29983136596036,38.94184300531712,57.21476906820947,-125.39859680620239,48.858346417870365,-320.5598119307206,-66.7073223971162,516.5429263968933,302.8209747979961,-40.706449339580914,215.75901456465994,-313.9623232231665,-121.12368324315194,-148.07954806698518,-217.29706364219805,-256.410812884316,-262.37091314586405,-232.34357517941123,77.50326420827035,276.63936592049447,335.46302811669773,577.0911785349203,-144.39445545421293,45.11824381923345,331.47294089823095,-319.8991882064712,-65.83915192989389,-628.492768094861,28.722450210222807,-213.3958687478801,184.10439954727252
-64.58332274767153,104.1389102471453,-21.46729749337161,39.18887172173071,-27.179254174715044,42.790726960684445,53.806398679207,56.66463150267287,20.077500767410495,-64.39342520994082,-29.31880108040169,-138.73170796310427,101.34802593242777,-8.909688591524288,-13.898696860040175,32.47894584076805,-12.025368113189629,79.37929388082092,16.723614350330863,-129.65228398461485,-75.6967094856677,9.4588611879358009,-53.702411079888435,78.60797709577118,29.982935741323008,37.01606306967993,54.409562362483285,64.18688978681067,65.89327217472501,58.424451911356684,-19.451398979567823,-68.58162600685186,-84.50272260409312,-144.39445545421293,36.98983396528898,-10.53368104606269,-83.10752988884009,80.12883807938093,16.328275456624507,157.07030049686068,-7.918500235756586,53.84017668908032,-46.124834883437025
20.894223458059358,-32.36188255522229,6.525205693405827,-12.366030255674033,8.019013369122783,-12.767346557403808,-16.932773108645677,-18.527114997136536,-5.591616260558006,20.519964574407215,9.302578076273113,43.520155198843646,-30.841683112753472,3.662048939502608,4.99234600570668,-8.632551783510397,4.1043023600315856,-25.898870979861226,-5.114006068819613,40.06241877324147,24.08198925940751,-3.83941682242672,17.563494781379646,-24.504349698837693,-9.872172227572472,-11.592587940596585,-17.04190827122744,-20.151825990012007,-20.1843272222255,-17.81211732161242,6.049702386848416,22.213813995079544,25.798108183162057,45.11824381923345,-10.53368104606269,4.352675484431611,25.690683410959235,-25.085060688922702,-5.144119429956636,-49.32019545324769,1.4971718997427497,-16.018802444996847,14.324678985751616
149.47678863218863,-239.186506240939,48.949622528783074,-90.31554946277848,62.08797665823999,-97.10839864949895,-123.52574352014298,-131.3315135152873,-44.952709152763724,148.79046686013112,67.66864001955244,318.5326532365106,-231.20958166050423,22.22760973818883,32.735922732660676,-72.31009119954143,27.989074800120115,-183.90903931983416,-38.35039725988177,296.74251192053987,173.8070187801808,-23.217845383002953,123.70215864634545,-180.32209802312397,-69.47328898533533,-85.0566001270369,-124.78656943959326,-147.22414153371682,-150.7862714548566,-133.55128897673714,44.52398136204378,158.72559062675455,192.78551572314512,331.47294089823095,-83.10752988884009,25.690683410959235,190.4760197516116,-183.72237680281268,-37.82915096968751,-360.9354144218132,16.69153861745905,-122.77088673986492,105.76195090274186
-144.2312635623751,230.3519922147917,-47.20336591041795,87.02132569902071,-59.40269213539379,93.6566808433449,119.37521687858299,127.01690387912126,43.30624279064406,-143.37957990611312,-65.3069077551734,-307.6126666419305,223.05040144380717,-21.298925017026335,-31.935204856534206,69.31289456673119,-27.20265697285299,177.69841130989806,36.865334618331055,-286.3916670468282,-168.43455832131806,22.494431430908374,-120.28670646842316,173.95057316691324,67.2904972768715,82.05517173110911,120.60763082763104,142.3351233564236,145.2604205424581,128.70461409898766,-43.10786860374707,-153.2264039261239,-186.22195540799478,-319.8991882064712,80.12883807938093,-25.085060688922702,-183.72237680281268,177.6360281105428,36.257670425721635,348.38656970769733,-15.89050420324142,117.97781442052914,-102.00384370917232
-29.88653011447176,47.85236236259056,-9.729531810918736,18.073735666688354,-12.598305916268439,19.20759335875624,24.472293490199547,26.085030791882264,8.830837508340622,-29.794817786608657,-13.458738645671668,-63.179070060963994,45.82304552527272,-4.7415121005985235,-6.389099730698566,14.375896857140157,-5.494851991733639,36.628522519850044,7.689912005786979,-58.853723803444076,-34.11191862753918,4.763780239153823,-24.11592383974418,35.87595834211992,13.727699320374356,16.924985290099176,24.66827296700798,29.101573827967442,30.04811589974571,26.559859424275228,-8.74001917973634,-31.702587066545362,-38.03491027631456,-65.83915192989389,16.328275456624507,-5.144119429956636,-37.82915096968751,36.257670425721635,7.720294146257396,71.72962124039269,-3.2417712126634024,24.568723757965984,-21.030327145898045
-283.8365971869196,453.43833737037096,-92.78654717902964,171.29793367361086,-117.42827487700909,183.87865049029782,234.36349063057426,249.45183890260532,84.89140192324787,-282.26948831345345,-128.3155017097549,-604.1260751551437,437.99737215823194,-42.59921845820307,-62.4053644860524,136.3263190911197,-53.24993376666356,349.29955191317464,72.62580691979741,-562.4950183980231,-329.8480880946281,44.507678808014326,-235.11997325836438,341.9290721812681,131.97933480454716,161.27071129161976,236.6606907817161,279.28328320484326,285.67373487512305,252.9688500204455,-84.40543197223975,-301.4557740225507,-365.2396861595532,-628.492768094861,157.07030049686068,-49.32019545324769,-360.9354144218132,348.38656970769733,71.72962124039269,684.5445950612566,-31.107051713993815,232.27443457123482,-200.48113502039007
12.459222259182877,-20.842362398494387,4.369478946872785,-7.739320671976218,5.700527670330534,-8.841169617869705,-10.623248024584413,-10.806440483807839,-4.368887083304172,12.608791068969282,5.75748046893024,27.486659855848817,-20.611001360902026,1.3060601318507175,2.3893624588911972,-7.314759777769555,2.1904136304476776,-15.179933545544285,-3.3984040440545087,26.030140862018584,14.774770357836777,-1.3948273268618538,10.190183533745687,-15.670627741285454,-5.674517013178697,-7.3509227687308485,-10.787804982624042,-12.695774862404232,-13.345303128416449,-11.87545159726213,3.87479595980777,13.210405432336437,17.12583172297215,28.722450210222807,-7.918500235756586,1.4971718997427497,16.69153861745905,-15.89050420324142,-3.2417712126634024,-31.107051713993815,2.1217763623702104,-11.183030439992175,9.227352264018066
-96.0771976127558,154.47281040732398,-31.6135465491531,58.23569717451168,-40.53698745386627,62.74141779641845,79.37833167765069,84.10653871669497,29.188368048251057,-95.86020281180511,-43.512361439109405,-204.86439903868995,149.1621823064648,-14.220894403142688,-20.598815920523233,47.37196989921781,-17.758773903916286,117.9289853684877,24.836197717482367,-191.16945323233048,-111.18344637144226,14.65079389582086,-78.68020234811111,116.18422681690416,44.37518935784726,54.77840365187952,80.17523068148867,94.55886607802431,97.40435182716682,86.2527273091536,-28.555455325757464,-101.96648417795836,-124.131798106545,-213.3958687478801,53.84017668908032,-16.018802444996847,-122.77088673986492,117.97781442052914,24.568723757965984,232.27443457123482,-11.183030439992175,79.6807094765979,-68.16298081178984
83.08972504225552,-132.89570016176583,27.194125308523194,-50.18440452947432,34.50683523027171,-53.93857512635291,-68.6096496074656,-72.94436725414492,-24.936484567451508,82.6747701476917,37.5604461352841,176.91969113312166,-128.3881748111331,12.397632755116758,18.180597248706373,-40.127836536375625,15.55563759939356,-102.20334586562822,-21.306604686903107,164.809972586039,96.49672916986353,-12.933517976166682,68.67756589905441,-100.1863105607763,-38.59215129810238,-47.242887254899095,-69.29645593414668,-81.76212473209372,-83.7574781768998,-74.15844791817847,24.694656438035604,88.22146544007478,107.00896193837593,184.10439954727252,-46.124834883437025,14.324678985751616,105.76195090274186,-102.00384370917232,-21.030327145898045,-200.48113502039007,9.227352264018066,-68.16298081178984,58.75277268777947
