V1,V2,V3,V4,V5,V6,V7,V8,V9,V10,V11,V12,V13,V14,V15,V16,V17,V18,V19,V20,V21,V22,V23,V24,V25,V26,V27,V28,V29,V30,V31,V32,V33,V34,V35,V36,V37,V38,V39,V40,V41,V42,V43,V44
83163.87703470002,362973.65798723913,-467422.2003994519,-621804.0801691891,230782.54261801273,-268478.2234350109,246428.2228101069,106084.17629776499,-113912.04139461818,215630.72652147966,-64537.06533786208,217357.52147079346,502953.2681657747,-25925.069100896984,164091.31000609518,-224457.6463128552,811265.6172026871,220039.39796244283,130151.16322859522,616736.3239425872,309030.5539767079,-318427.2312578407,-73112.25835785686,155711.80197936625,-340728.8296443229,401037.720950566,-574292.7753613091,-291454.82397749193,83234.1137966041,-55687.6150295349,248682.43471035326,-647360.2575911274,-112000.49069836085,-232093.47096843674,-409977.4160218899,29212.336909774524,-8610.967827234064,-166585.84081127986,213169.25667375658,-113750.94491272929,61512.357330743725,125534.5513116691,-192621.5366493463,-18216.420467552667
362973.65798723913,1584226.651013656,-2040099.5372467162,-2713908.683121632,1007269.6138044377,-1171792.3636558475,1075553.6891834112,463011.1677342128,-497178.6901219536,941137.4687822453,-281676.4106925254,948674.4180141542,2195176.3572232267,-113153.50945858151,716189.1068455208,-979661.1472190492,3540827.9137260676,960380.066274728,568056.903708953,2691790.7460046774,1348787.9288505258,-1389798.9147752752,-319105.2890183356,679615.0508041421,-1487135.6849426103,1750360.6328242032,-2506544.075682853,-1272075.1124780562,363280.4955287409,-243051.73345126805,1085394.6195912997,-2825452.955895128,-488834.58422450593,-1012986.0267796821,-1789377.1849277501,127498.74355177171,-37581.524652621614,-727075.1691731493,930393.6991935824,-496473.50741380884,268476.202802435,547905.5785774171,-840710.1166125479,-79507.17181502099
-467422.2003994519,-2040099.5372467162,2627153.5024013096,3494856.4183260975,-1297118.5364738156,1508984.5625802234,-1385052.2513054376,-596245.9930028863,640245.4446541638,-1211956.788172902,362730.8152440577,-1221662.3845988063,-2826854.942874856,145713.93080542854,-922277.8545228216,1261566.0627822594,-4559727.74005317,-1236736.4681979269,-731519.3307426817,-3466373.7340312246,-1736911.3787697093,1789723.953071592,410930.1066804048,-875179.3915516951,1915070.3660895568,-2254039.49824085,3227820.741549084,1638124.5169589308,-467817.52082201483,312992.0452321474,-1397724.921246743,3638498.163569019,629500.4647460296,1304480.812010264,2304283.7915610718,-164187.56827682344,48396.131743312464,936296.9307141633,-1198121.2946038125,639337.5196773956,-345731.95958684705,-705569.5277542894,1082630.6188310501,102385.92451290616
-621804.0801691891,-2713908.683121632,3494856.4183260975,4649147.387216858,-1725533.7686488845,2007376.2199027948,-1842511.32003537,-793176.3067689866,851707.0269457558,-1612244.6175903236,482534.7872583964,-1625155.8532920233,-3760516.234258859,193840.28184645833,-1226890.091717091,1678239.808573839,-6065727.231026191,-1645208.4184023559,-973126.5204865864,-4611257.184950235,-2310582.9274292877,2380838.943761718,546652.666267153,-1164236.2711024603,2547584.96399554,-2998509.353810026,4293913.846211935,2179168.9095520517,-622329.6772130057,416368.0284433563,-1859368.5929399752,4840230.5883698445,837413.4482391418,1735329.2340410773,3065348.7189625865,-218416.08893758597,64381.09550315584,1245539.6802154644,-1593839.834945442,850500.0208292345,-459921.05202566023,-938606.5642201361,1440205.2486530931,136202.13007250862
230782.54261801273,1007269.6138044377,-1297118.5364738156,-1725533.7686488845,640434.059621715,-745038.7225359591,683849.2816344595,294387.7635137527,-316112.0895501949,598386.0593902295,-179093.11076062403,603178.2958919957,1395717.9584508555,-71944.72547966486,455361.2549859567,-622879.558191286,2251298.5539710047,610620.8756204644,361177.4425914127,1711471.11270273,857575.143255927,-883649.9514997511,-202891.0052298645,432106.9158735135,-945537.5458703634,1112899.8109182129,-1593689.4629895643,-808799.5218360438,230977.50453012146,-154534.675133379,690106.5217667015,-1796455.2978028506,-310806.5584840375,-644067.3730666992,-1137706.488219386,81065.00796018241,-23894.406125673955,-462282.2080861405,591555.1016284795,-315663.38833483047,170700.54740877348,348364.6570793082,-534533.0892596527,-50551.61400980185
-268478.2234350109,-1171792.3636558475,1508984.5625802234,2007376.2199027948,-745038.7225359591,866730.8458922125,-795546.5424790137,-342472.02747862326,367744.04963149835,-696123.6637464406,208345.43773976906,-701698.3291026896,-1623689.311235288,83694.89799394792,-529737.9782964172,724618.599310406,-2619017.07815475,-710356.5112176995,-420169.7071508792,-1991016.2120473003,-997647.1428255634,1027981.8994158641,236029.83470311906,-502685.7466717348,1099978.4141061099,-1294675.141284227,1853995.8939717207,940906.3027842266,-268705.23907203204,179776.5732374004,-802825.0949228143,2089880.7459630996,361572.5275420565,749268.361067198,1323534.702806966,-94306.18992607757,27798.073201514908,537790.5045171153,-688176.9172192648,367222.91630370176,-198581.39614352418,-405264.9636095669,621841.6236440669,58808.39055688291
246428.2228101069,1075553.6891834112,-1385052.2513054376,-1842511.32003537,683849.2816344595,-795546.5424790137,730208.8495548286,314345.22505398595,-337541.40697153995,638951.2362863021,-191234.27827128486,644068.2200293115,1490336.3668723225,-76821.26884951888,486230.82805408107,-665106.0375583865,2403918.4799204622,652015.2020759077,385661.27419801045,1827495.0393325987,915711.1296586228,-943554.2718322133,-216644.76241914713,461400.46861278464,-1009637.4799599693,1188344.4395245456,-1701728.1814223484,-863629.9659390973,246636.34003200725,-165011.32304472334,736889.3640405815,-1918239.7399640465,-331876.63306584716,-687731.186275541,-1214833.4654891952,86560.82845537044,-25514.96534178075,-493621.6690771855,631657.3639893675,-337063.146695712,182272.195958242,371980.6368029109,-570770.346557451,-53978.49191281819
106084.17629776499,463011.1677342128,-596245.9930028863,-793176.3067689866,294387.7635137527,-342472.02747862326,314345.22505398595,135321.7519707491,-145306.84117181637,275059.57851890026,-82323.962640175,277262.4831057256,641569.5765356641,-33070.446448146635,209315.7056730933,-286319.2776457412,1034854.5156491662,280683.39590771217,166021.50255822952,786711.9771573009,394201.31102222076,-406187.4215583872,-93262.38650463315,198626.80502160787,-434635.1379822306,511566.24046220357,-732570.9046463702,-371781.0057370897,106173.50489073333,-71035.03119224308,317220.5718328969,-825775.9599792366,-142868.2902270991,-296059.2932673148,-522969.32955380395,37263.331891484435,-10984.036875554757,-212497.2709156543,271919.9189503129,-145101.31630361683,78465.7468907716,160132.4154546982,-245709.2523574702,-23236.975091853907
-113912.04139461818,-497178.6901219536,640245.4446541638,851707.0269457558,-316112.0895501949,367744.04963149835,-337541.40697153995,-145306.84117181637,156029.94630384716,-295357.74594262015,88398.56965799959,-297723.07516088197,-688913.1378469919,35511.18081465727,-224761.99918169755,307447.3922992882,-1111219.4869855319,-301396.72577635216,-178273.85595672566,-844765.8089568025,-423290.82340326655,436161.1750877136,100145.12881967712,-213283.80723386194,466708.42523477843,-549316.6239121836,786629.919683838,399215.79178875405,-114008.40035299935,76276.95706840792,-340630.0910310562,886713.3045801423,153411.2083302561,317905.5051930974,561561.0802183759,-40012.91335108714,11794.04171248518,228178.24521417223,-291985.9400433484,155808.38532757378,-84256.0947590959,-171949.55052503888,263840.293764453,24951.799044735435
215630.72652147966,941137.4687822453,-1211956.788172902,-1612244.6175903236,598386.0593902295,-696123.6637464406,638951.2362863021,275059.57851890026,-295357.74594262015,559099.2739075316,-167334.63864596153,563576.6380671388,1304082.7657269584,-67220.81550712798,425464.65480966767,-581984.6704334888,2103490.353271631,570530.686795167,337464.36173644906,1599105.0691771302,801270.8569916374,-825634.1808443074,-189570.20298776255,403737.0566601968,-883458.9482047056,1039832.1081154607,-1489056.1346137624,-755698.3806193003,215813.20335131028,-144389.22374345353,644797.7629919278,-1678509.6699842014,-290400.7808272087,-601781.8095649588,-1063010.6673406747,75742.82036221815,-22325.862597152154,-431931.81382341456,552716.5662092925,-294938.6031031528,159492.90741559118,325492.97998412454,-499438.22350124974,-47232.63679498555
-64537.06533786208,-281676.4106925254,362730.8152440577,482534.7872583964,-179093.11076062403,208345.43773976906,-191234.27827128486,-82323.962640175,88398.56965799959,-167334.63864596153,50082.387991425836,-168674.79507727028,-390303.716578514,20118.714693386002,-127338.8190562725,174184.47578323807,-629561.5749350749,-170755.95462132772,-101000.54709830086,-478602.1844856992,-239815.40426048767,247107.19570533826,56736.94207777638,-120836.0964425926,264413.580745972,-311215.2721028203,445665.10712075426,226175.76248676307,-64591.429836077994,43214.67389590108,-192983.62101837478,502367.1317852688,86915.02156065391,180109.80021068547,318152.3828932488,-22669.40471471654,6682.160000629564,129274.3012331425,-165424.575598943,88273.45018909789,-47735.26559718825,-97417.80520826537,149479.04502477893,14136.3995785827
217357.52147079346,948674.4180141542,-1221662.3845988063,-1625155.8532920233,603178.2958919957,-701698.3291026896,644068.2200293115,277262.4831057256,-297723.07516088197,563576.6380671388,-168674.79507727028,568089.970027024,1314526.1284754297,-67759.29285962124,428871.8858618754,-586645.3549767213,2120335.679295817,575099.6445883749,340166.85024671187,1611911.1460508837,807687.8551985881,-832246.1068968576,-191088.32656664963,406970.3236779442,-890533.7690494197,1048159.6332275957,-1500980.971151216,-761750.0907745771,217541.29988299147,-145545.32627413518,649961.457347549,-1691951.5830645228,-292726.32531484705,-606600.8972664176,-1071523.577718613,76349.35377788682,-22504.582400672967,-435390.58041739947,557142.9424558477,-297300.5829467891,160770.31767065288,328099.55393954576,-503438.01668958727,-47610.89573150979
502953.2681657747,2195176.3572232267,-2826854.942874856,-3760516.234258859,1395717.9584508555,-1623689.311235288,1490336.3668723225,641569.5765356641,-688913.1378469919,1304082.7657269584,-390303.716578514,1314526.1284754297,3041736.815307316,-156790.03446866773,992384.2133904037,-1357463.481088215,4906333.134080819,1330745.9562072149,787124.867463456,3729868.345822239,1868941.5947612415,-1925768.9162239276,-442166.4553356428,941705.8108632786,-2060643.4332953976,2425378.829239436,-3473181.6480871364,-1762645.7966011895,503378.5216319264,-336784.07713085134,1503971.874233155,-3915076.34497273,-677351.5523753581,-1403640.7508823653,-2479442.59540618,176668.31394104258,-52075.243366229064,-1007469.1280301947,1289195.7203923285,-687936.6033989738,372012.45587835944,759202.8336601475,-1164926.404579957,-110168.68433997719
-25925.069100896984,-113153.50945858151,145713.93080542854,193840.28184645833,-71944.72547966486,83694.89799394792,-76821.26884951888,-33070.446448146635,35511.18081465727,-67220.81550712798,20118.714693386002,-67759.29285962124,-156790.03446866773,8082.454433396299,-51153.799999310184,69971.99374361125,-252903.00504835194,-68595.386435688,-40573.88773286829,-192260.71169230662,-96337.4460212331,99266.17110860752,22792.334817550323,-48541.319959177185,106218.22407103637,-125019.9114486636,179029.81867493206,90857.47711504341,-25946.884978118367,17359.544639158128,-77524.5016996954,201807.82363384886,34914.91735374575,72351.63543575644,127806.15389501344,-9106.414741782535,2683.8439637068755,51930.791485969945,-66453.46498639736,35460.39952761352,-19176.21542240659,-39134.18067848281,60047.6027078686,5678.84969726564
164091.31000609518,716189.1068455208,-922277.8545228216,-1226890.091717091,455361.2549859567,-529737.9782964172,486230.82805408107,209315.7056730933,-224761.99918169755,425464.65480966767,-127338.8190562725,428871.8858618754,992384.2133904037,-51153.799999310184,323771.13403940515,-442880.24781086855,1600719.5219562831,434163.7294142026,256804.25843405243,1216891.0988718523,609753.1283659419,-628293.2367564284,-144259.4872878175,307236.9231863905,-672296.8045212135,791294.0532025337,-1133145.6926203466,-575073.3054491268,164230.0696137799,-109877.66420419015,490679.6792682617,-1277316.4296692414,-220989.87868298122,-457945.6550398275,-808932.5415343269,57639.00402769387,-16989.704523806162,-328692.53649537376,420607.631617247,-224443.2249634587,121371.30562983007,247694.38052942723,-380063.91982589173,-35943.19314952479
-224457.6463128552,-979661.1472190492,1261566.0627822594,1678239.808573839,-622879.558191286,724618.599310406,-665106.0375583865,-286319.2776457412,307447.3922992882,-581984.6704334888,174184.47578323807,-586645.3549767213,-1357463.481088215,69971.99374361125,-442880.24781086855,605807.646251544,-2189593.9032106586,-593883.8468576211,-351277.04094582424,-1664562.2481165961,-834069.480720681,859430.4162009638,197329.46219934637,-420263.67970789754,919622.018895574,-1082395.729413984,1550008.2245999256,786631.983331233,-224647.31242951768,150299.69936621463,-671190.9541765013,1747216.4580350406,302287.76685399155,626415.7871564977,1106523.3052757753,-78843.42714477234,23240.2622256446,449612.38127896393,-575341.0217800454,307011.8367972499,-166021.33374390125,-338816.21308703034,519882.4508088692,49165.949361718674
811265.6172026871,3540827.9137260676,-4559727.74005317,-6065727.231026191,2251298.5539710047,-2619017.07815475,2403918.4799204622,1034854.5156491662,-1111219.4869855319,2103490.353271631,-629561.5749350749,2120335.679295817,4906333.134080819,-252903.00504835194,1600719.5219562831,-2189593.9032106586,7913934.381279053,2146498.197342223,1269635.1968293616,6016292.098259851,3014610.197057356,-3106272.765450574,-713216.0693146416,1518975.2098835274,-3323825.635464807,3912145.6403308376,-5602255.440284669,-2843154.374584429,811951.3035595819,-543233.8089829275,2425912.2607466467,-6315033.074804805,-1092570.5689380812,-2264078.013584466,-3999350.490675638,284966.6785023438,-83997.62114184433,-1625051.3076695171,2079477.7149384217,-1109644.5290860143,600057.6555129002,1224596.940418522,-1879031.072664049,-177702.49780452184
220039.39796244283,960380.066274728,-1236736.4681979269,-1645208.4184023559,610620.8756204644,-710356.5112176995,652015.2020759077,280683.39590771217,-301396.72577635216,570530.686795167,-170755.95462132772,575099.6445883749,1330745.9562072149,-68595.386435688,434163.7294142026,-593883.8468576211,2146498.197342223,582195.8913288013,344364.34999038687,1631800.290493598,817653.7797751587,-842515.0631742019,-193446.26525624836,411991.8099060341,-901522.0457260616,1061092.71605919,-1519501.4262553754,-771149.2522042021,220225.58257324374,-147341.26603669298,657981.4189747234,-1712828.5244303169,-296338.3018756214,-614085.5343703604,-1084745.0028320986,77291.39083921994,-22782.181883515714,-440762.9239950965,564017.4751851627,-300968.84642188397,162754.01631035088,332148.04510566226,-509649.7033002095,-48198.37674360398
130151.16322859522,568056.903708953,-731519.3307426817,-973126.5204865864,361177.4425914127,-420169.7071508792,385661.27419801045,166021.50255822952,-178273.85595672566,337464.36173644906,-101000.54709830086,340166.85024671187,787124.867463456,-40573.88773286829,256804.25843405243,-351277.04094582424,1269635.1968293616,344364.34999038687,203689.1933776383,965195.8512021515,483635.4208473691,-498340.40034616913,-114422.15748240288,243689.48245193067,-533242.5861909539,627627.5906462313,-898772.3054382438,-456128.05482902605,130261.44339577317,-87150.98903336299,389190.8290231349,-1013123.8176770104,-175281.65424674746,-363225.7184268083,-641617.5172674473,45717.06516769316,-13475.103953080412,-260707.41966532677,333611.663528893,-178020.27308912692,96267.75978867835,196462.95793252214,-301453.186590378,-28508.988545834796
616736.3239425872,2691790.7460046774,-3466373.7340312246,-4611257.184950235,1711471.11270273,-1991016.2120473003,1827495.0393325987,786711.9771573009,-844765.8089568025,1599105.0691771302,-478602.1844856992,1611911.1460508837,3729868.345822239,-192260.71169230662,1216891.0988718523,-1664562.2481165961,6016292.098259851,1631800.290493598,965195.8512021515,4573675.873862701,2291752.1019821865,-2361435.329500155,-542197.6200607431,1154747.8256027938,-2526822.294772391,2974072.079787308,-4258918.986176336,-2161408.7697937093,617257.5906263773,-412974.49911498465,1844215.066430845,-4800783.296631998,-830588.5990454537,-1721186.1540507386,-3040366.4903996065,216635.95036374198,-63856.216030801785,-1235388.4602177616,1580850.2952043756,-843568.4642425684,456172.8877414099,930957.0582117831,-1428467.727342826,-135092.12370272903
309030.5539767079,1348787.9288505258,-1736911.3787697093,-2310582.9274292877,857575.143255927,-997647.1428255634,915711.1296586228,394201.31102222076,-423290.82340326655,801270.8569916374,-239815.40426048767,807687.8551985881,1868941.5947612415,-96337.4460212331,609753.1283659419,-834069.480720681,3014610.197057356,817653.7797751587,483635.4208473691,2291752.1019821865,1148338.9754845423,-1183254.9360700664,-271681.63133329223,578614.5742538595,-1266125.8206734417,1490232.2938011412,-2134035.8006928656,-1083026.3694001737,309291.5653663759,-206930.50968805308,924089.3649228197,-2405550.0680235685,-416186.6784028462,-862441.665198377,-1523450.1380708786,108550.57115671705,-31996.320973064736,-619021.0497411551,792123.950796425,-422690.49878864316,228576.97335485386,466478.85322299384,-715768.7745168227,-67691.2679025306
-318427.2312578407,-1389798.9147752752,1789723.953071592,2380838.943761718,-883649.9514997511,1027981.8994158641,-943554.2718322133,-406187.4215583872,436161.1750877136,-825634.1808443074,247107.19570533826,-832246.1068968576,-1925768.9162239276,99266.17110860752,-628293.2367564284,859430.4162009638,-3106272.765450574,-842515.0631742019,-498340.40034616913,-2361435.329500155,-1183254.9360700664,1219233.0800408325,279942.13410356606,-596208.04035721,1304624.013783242,-1535543.6788166165,2198923.1654589353,1115957.2851867916,-318696.33583241527,213222.90556922246,-952186.9722010257,2478693.173881933,428841.3272925688,888665.8932456806,1569772.1222836643,-111851.33733939003,32969.62382284434,637843.575541978,-816209.0839828275,435542.98696474446,-235526.71986637564,-480662.56801318406,737532.4261446019,69749.43173749559
-73112.25835785686,-319105.2890183356,410930.1066804048,546652.666267153,-202891.0052298645,236029.83470311906,-216644.76241914713,-93262.38650463315,100145.12881967712,-189570.20298776255,56736.94207777638,-191088.32656664963,-442166.4553356428,22792.334817550323,-144259.4872878175,197329.46219934637,-713216.0693146416,-193446.26525624836,-114422.15748240288,-542197.6200607431,-271681.63133329223,279942.13410356606,64276.512204222025,-136892.27879464696,299548.387578739,-352569.062633558,504884.2769440307,256229.38538424653,-73174.20510846163,48956.95927493119,-218627.4867265274,569121.0945372753,98464.26144019596,204041.61191092976,360427.88045746094,-25681.50549151675,7569.626514547571,146452.07363207682,-187405.95779269017,100002.68195824372,-54078.30456776674,-110362.82750031972,169340.9686221721,16014.888944706463
155711.80197936625,679615.0508041421,-875179.3915516951,-1164236.2711024603,432106.9158735135,-502685.7466717348,461400.46861278464,198626.80502160787,-213283.80723386194,403737.0566601968,-120836.0964425926,406970.3236779442,941705.8108632786,-48541.319959177185,307236.9231863905,-420263.67970789754,1518975.2098835274,411991.8099060341,243689.48245193067,1154747.8256027938,578614.5742538595,-596208.04035721,-136892.27879464696,291547.2945004687,-637964.3819157595,750884.6204581353,-1075278.8668065623,-545705.9492743446,155843.32342632348,-104266.54304388259,465621.64718631934,-1212087.037027088,-209704.44573990695,-434560.0571100965,-767622.4586593017,54695.6325117226,-16122.338113931708,-311907.1007189496,399128.2382479021,-212981.6945450373,115173.1185961095,235045.1125214693,-360655.3199359737,-34107.62927162583
-340728.8296443229,-1487135.6849426103,1915070.3660895568,2547584.96399554,-945537.5458703634,1099978.4141061099,-1009637.4799599693,-434635.1379822306,466708.42523477843,-883458.9482047056,264413.580745972,-890533.7690494197,-2060643.4332953976,106218.22407103637,-672296.8045212135,919622.018895574,-3323825.635464807,-901522.0457260616,-533242.5861909539,-2526822.294772391,-1266125.8206734417,1304624.013783242,299548.387578739,-637964.3819157595,1395995.7444246586,-1643087.5933667475,2352928.251878257,1194115.373872616,-341017.0589245095,228156.63931880821,-1018875.0267344493,2652292.6302057374,458876.043153691,950905.2274106179,1679713.64093124,-119685.07335497672,35278.77696562085,682516.4063791038,-873373.5208648113,466046.8751481138,-252021.99567145552,-514326.68478462414,789186.4356655054,74634.44379291643
401037.720950566,1750360.6328242032,-2254039.49824085,-2998509.353810026,1112899.8109182129,-1294675.141284227,1188344.4395245456,511566.24046220357,-549316.6239121836,1039832.1081154607,-311215.2721028203,1048159.6332275957,2425378.829239436,-125019.9114486636,791294.0532025337,-1082395.729413984,3912145.6403308376,1061092.71605919,627627.5906462313,2974072.079787308,1490232.2938011412,-1535543.6788166165,-352569.062633558,750884.6204581353,-1643087.5933667475,1933917.0319487045,-2769399.181629739,-1405474.1928432758,401376.46281921497,-268539.5969717139,1199217.207918276,-3121751.023290995,-540097.3383763804,-1119215.043349267,-1977024.7320763085,140869.15083251306,-41522.47123773289,-803321.2512169682,1027961.8788359604,-548537.482728519,296630.8918030041,605362.9535228682,-928873.5248026474,-87844.90110552093
-574292.7753613091,-2506544.075682853,3227820.741549084,4293913.846211935,-1593689.4629895643,1853995.8939717207,-1701728.1814223484,-732570.9046463702,786629.919683838,-1489056.1346137624,445665.10712075426,-1500980.971151216,-3473181.6480871364,179029.81867493206,-1133145.6926203466,1550008.2245999256,-5602255.440284669,-1519501.4262553754,-898772.3054382438,-4258918.986176336,-2134035.8006928656,2198923.1654589353,504884.2769440307,-1075278.8668065623,2352928.251878257,-2769399.181629739,3965823.696764967,2012662.0896443883,-574778.1867860518,384553.6968481109,-1717297.9662114587,4470397.379665631,773428.1653832104,1602734.8552331682,2831130.9468418425,-201727.09981868663,59461.354763602154,1150369.7470566463,-1472057.5734468834,785514.578144348,-424779.64290147566,-866889.4532339433,1330161.5710090362,125795.23798113714
-291454.82397749193,-1272075.1124780562,1638124.5169589308,2179168.9095520517,-808799.5218360438,940906.3027842266,-863629.9659390973,-371781.0057370897,399215.79178875405,-755698.3806193003,226175.76248676307,-761750.0907745771,-1762645.7966011895,90857.47711504341,-575073.3054491268,786631.983331233,-2843154.374584429,-771149.2522042021,-456128.05482902605,-2161408.7697937093,-1083026.3694001737,1115957.2851867916,256229.38538424653,-545705.9492743446,1194115.373872616,-1405474.1928432758,2012662.0896443883,1021429.791876165,-291701.3045388836,195162.05999857347,-871531.3644677597,2268734.165611659,392516.1538188244,813391.4033179478,1436803.6878927345,-102377.00663045014,30177.11348781901,583815.0970938276,-747071.5265631597,398650.12220180314,-215576.05513373486,-439947.82037266705,675059.2528449192,63841.24716830746
83234.1137966041,363280.4955287409,-467817.52082201483,-622329.6772130057,230977.50453012146,-268705.23907203204,246636.34003200725,106173.50489073333,-114008.40035299935,215813.20335131028,-64591.429836077994,217541.29988299147,503378.5216319264,-25946.884978118367,164230.0696137799,-224647.31242951768,811951.3035595819,220225.58257324374,130261.44339577317,617257.5906263773,309291.5653663759,-318696.33583241527,-73174.20510846163,155843.32342632348,-341017.0589245095,401376.46281921497,-574778.1867860518,-291701.3045388836,83304.6977169026,-55734.92565979159,248892.8439062792,-647907.6703171345,-112095.28380131593,-232289.6079982759,-410323.9627831773,29237.026899969802,-8618.205583194991,-166726.9763179837,213349.39941380336,-113846.96873860076,61564.206591086746,125640.83397647404,-192784.02985812948,-18231.831364261376
-55687.6150295349,-243051.73345126805,312992.0452321474,416368.0284433563,-154534.675133379,179776.5732374004,-165011.32304472334,-71035.03119224308,76276.95706840792,-144389.22374345353,43214.67389590108,-145545.32627413518,-336784.07713085134,17359.544639158128,-109877.66420419015,150299.69936621463,-543233.8089829275,-147341.26603669298,-87150.98903336299,-412974.49911498465,-206930.50968805308,213222.90556922246,48956.95927493119,-104266.54304388259,228156.63931880821,-268539.5969717139,384553.6968481109,195162.05999857347,-55734.92565979159,37289.45749283723,-166521.03187601198,433480.82730939204,74997.07646994352,155412.9062027123,274526.0839558569,-19560.993840533865,5766.087845212306,111548.41691180659,-142740.7631402547,76169.01013500152,-41189.24273162186,-84059.66703710398,128981.55210433941,12197.942742052433
248682.43471035326,1085394.6195912997,-1397724.921246743,-1859368.5929399752,690106.5217667015,-802825.0949228143,736889.3640405815,317220.5718328969,-340630.0910310562,644797.7629919278,-192983.62101837478,649961.457347549,1503971.874233155,-77524.5016996954,490679.6792682617,-671190.9541765013,2425912.2607466467,657981.4189747234,389190.8290231349,1844215.066430845,924089.3649228197,-952186.9722010257,-218627.4867265274,465621.64718631934,-1018875.0267344493,1199217.207918276,-1717297.9662114587,-871531.3644677597,248892.8439062792,-166521.03187601198,743632.1084712049,-1935790.8212865603,-334913.253659188,-694022.4487519524,-1225948.4356702694,87352.60111070152,-25747.871839820244,-498137.98529610905,637436.7364078747,-340146.61507173994,183939.98510289413,375384.3929020724,-575991.8739956861,-54472.4434817161
-647360.2575911274,-2825452.955895128,3638498.163569019,4840230.5883698445,-1796455.2978028506,2089880.7459630996,-1918239.7399640465,-825775.9599792366,886713.3045801423,-1678509.6699842014,502367.1317852688,-1691951.5830645228,-3915076.34497273,201807.82363384886,-1277316.4296692414,1747216.4580350406,-6315033.074804805,-1712828.5244303169,-1013123.8176770104,-4800783.296631998,-2405550.0680235685,2478693.173881933,569121.0945372753,-1212087.037027088,2652292.6302057374,-3121751.023290995,4470397.379665631,2268734.165611659,-647907.6703171345,433480.82730939204,-1935790.8212865603,5039168.440178043,871831.9077123182,1806651.5064515972,3191337.1322023273,-227392.92605021008,67026.5772359799,1296732.1040704525,-1659348.1539080082,885455.8575678866,-478824.4606342881,-977184.3835363315,1499398.4077905503,141800.24683184637
-112000.49069836085,-488834.58422450593,629500.4647460296,837413.4482391418,-310806.5584840375,361572.5275420565,-331876.63306584716,-142868.2902270991,153411.2083302561,-290400.7808272087,86915.02156065391,-292726.32531484705,-677351.5523753581,34914.91735374575,-220989.87868298122,302287.76685399155,-1092570.5689380812,-296338.3018756214,-175281.65424674746,-830588.5990454537,-416186.6784028462,428841.3272925688,98464.26144019596,-209704.44573990695,458876.043153691,-540097.3383763804,773428.1653832104,392516.1538188244,-112095.28380131593,74997.07646994352,-334913.253659188,871831.9077123182,150836.60775160525,312570.7369568423,552136.6110874936,-39341.5080065042,11596.364343413561,224349.11689967505,-287085.55455893796,153193.63293229393,-82841.86144444675,-169063.7408680748,259412.41254977172,24533.007936968883
-232093.47096843674,-1012986.0267796821,1304480.812010264,1735329.2340410773,-644067.3730666992,749268.361067198,-687731.186275541,-296059.2932673148,317905.5051930974,-601781.8095649588,180109.80021068547,-606600.8972664176,-1403640.7508823653,72351.63543575644,-457945.6550398275,626415.7871564977,-2264078.013584466,-614085.5343703604,-363225.7184268083,-1721186.1540507386,-862441.665198377,888665.8932456806,204041.61191092976,-434560.0571100965,950905.2274106179,-1119215.043349267,1602734.8552331682,813391.4033179478,-232289.6079982759,155412.9062027123,-694022.4487519524,1806651.5064515972,312570.7369568423,647725.7606003279,1144163.9654816713,-81525.69196025863,24031.398474718335,464907.4253864992,-594912.2343276056,317455.78541550395,-171668.5137464664,-350341.5940846915,537567.5525390939,50838.35325595143
-409977.4160218899,-1789377.1849277501,2304283.7915610718,3065348.7189625865,-1137706.488219386,1323534.702806966,-1214833.4654891952,-522969.32955380395,561561.0802183759,-1063010.6673406747,318152.3828932488,-1071523.577718613,-2479442.59540618,127806.15389501344,-808932.5415343269,1106523.3052757753,-3999350.490675638,-1084745.0028320986,-641617.5172674473,-3040366.4903996065,-1523450.1380708786,1569772.1222836643,360427.88045746094,-767622.4586593017,1679713.64093124,-1977024.7320763085,2831130.9468418425,1436803.6878927345,-410323.9627831773,274526.0839558569,-1225948.4356702694,3191337.1322023273,552136.6110874936,1144163.9654816713,2021093.9963897702,-144009.4025774094,42448.44011600861,821228.5443064919,-1050875.6860621213,560764.893431435,-303242.5928587009,-618856.9505895772,949578.6672564576,89802.97681577787
29212.336909774524,127498.74355177171,-164187.56827682344,-218416.08893758597,81065.00796018241,-94306.18992607757,86560.82845537044,37263.331891484435,-40012.91335108714,75742.82036221815,-22669.40471471654,76349.35377788682,176668.31394104258,-9106.414741782535,57639.00402769387,-78843.42714477234,284966.6785023438,77291.39083921994,45717.06516769316,216635.95036374198,108550.57115671705,-111851.33733939003,-25681.50549151675,54695.6325117226,-119685.07335497672,140869.15083251306,-201727.09981868663,-102377.00663045014,29237.026899969802,-19560.993840533865,87352.60111070152,-227392.92605021008,-39341.5080065042,-81525.69196025863,-144009.4025774094,10261.20785401807,-3024.762666093291,-58515.31748668431,74878.1913307868,-39956.386992281215,21606.89166824182,44095.48371831201,-67660.59169566391,-6398.72496806242
-8610.967827234064,-37581.524652621614,48396.131743312464,64381.09550315584,-23894.406125673955,27798.073201514908,-25514.96534178075,-10984.036875554757,11794.04171248518,-22325.862597152154,6682.160000629564,-22504.582400672967,-52075.243366229064,2683.8439637068755,-16989.704523806162,23240.2622256446,-83997.62114184433,-22782.181883515714,-13475.103953080412,-63856.216030801785,-31996.320973064736,32969.62382284434,7569.626514547571,-16122.338113931708,35278.77696562085,-41522.47123773289,59461.354763602154,30177.11348781901,-8618.205583194991,5766.087845212306,-25747.871839820244,67026.5772359799,11596.364343413561,24031.398474718335,42448.44011600861,-3024.762666093291,891.9764122786097,17248.37242780521,-22071.09936288844,11777.83808679944,-6368.664485156075,-12997.52278315726,19943.94361878201,1886.0418795076541
-166585.84081127986,-727075.1691731493,936296.9307141633,1245539.6802154644,-462282.2080861405,537790.5045171153,-493621.6690771855,-212497.2709156543,228178.24521417223,-431931.81382341456,129274.3012331425,-435390.58041739947,-1007469.1280301947,51930.791485969945,-328692.53649537376,449612.38127896393,-1625051.3076695171,-440762.9239950965,-260707.41966532677,-1235388.4602177616,-619021.0497411551,637843.575541978,146452.07363207682,-311907.1007189496,682516.4063791038,-803321.2512169682,1150369.7470566463,583815.0970938276,-166726.9763179837,111548.41691180659,-498137.98529610905,1296732.1040704525,224349.11689967505,464907.4253864992,821228.5443064919,-58515.31748668431,17248.37242780521,333689.4957765434,-427000.7982324121,227854.95081346028,-123215.75541698842,-251459.44710775188,385840.89390147425,36489.48993828836
213169.25667375658,930393.6991935824,-1198121.2946038125,-1593839.834945442,591555.1016284795,-688176.9172192648,631657.3639893675,271919.9189503129,-291985.9400433484,552716.5662092925,-165424.575598943,557142.9424558477,1289195.7203923285,-66453.46498639736,420607.631617247,-575341.0217800454,2079477.7149384217,564017.4751851627,333611.663528893,1580850.2952043756,792123.950796425,-816209.0839828275,-187405.95779269017,399128.2382479021,-873373.5208648113,1027961.8788359604,-1472057.5734468834,-747071.5265631597,213349.39941380336,-142740.7631402547,637436.7364078747,-1659348.1539080082,-287085.55455893796,-594912.2343276056,-1050875.6860621213,74878.1913307868,-22071.09936288844,-427000.7982324121,546406.9541428187,-291571.8299263895,157672.276524608,321777.0914839204,-493737.112992605,-46693.42405492889
-113750.94491272929,-496473.50741380884,639337.5196773956,850500.0208292345,-315663.38833483047,367222.91630370176,-337063.146695712,-145101.31630361683,155808.38532757378,-294938.6031031528,88273.45018909789,-297300.5829467891,-687936.6033989738,35460.39952761352,-224443.2249634587,307011.8367972499,-1109644.5290860143,-300968.84642188397,-178020.27308912692,-843568.4642425684,-422690.49878864316,435542.98696474446,100002.68195824372,-212981.6945450373,466046.8751481138,-548537.482728519,785514.578144348,398650.12220180314,-113846.96873860076,76169.01013500152,-340146.61507173994,885455.8575678866,153193.63293229393,317455.78541550395,560764.893431435,-39956.386992281215,11777.83808679944,227854.95081346028,-291571.8299263895,155587.8457991242,-84136.43047964296,-171705.49895199618,263466.65670523036,24916.345783968827
61512.357330743725,268476.202802435,-345731.95958684705,-459921.05202566023,170700.54740877348,-198581.39614352418,182272.195958242,78465.7468907716,-84256.0947590959,159492.90741559118,-47735.26559718825,160770.31767065288,372012.45587835944,-19176.21542240659,121371.30562983007,-166021.33374390125,600057.6555129002,162754.01631035088,96267.75978867835,456172.8877414099,228576.97335485386,-235526.71986637564,-54078.30456776674,115173.1185961095,-252021.99567145552,296630.8918030041,-424779.64290147566,-215576.05513373486,61564.206591086746,-41189.24273162186,183939.98510289413,-478824.4606342881,-82841.86144444675,-171668.5137464664,-303242.5928587009,21606.89166824182,-6368.664485156075,-123215.75541698842,157672.276524608,-84136.43047964296,45498.41307526895,92852.56254764301,-142473.72777320966,-13473.96449482305
125534.5513116691,547905.5785774171,-705569.5277542894,-938606.5642201361,348364.6570793082,-405264.9636095669,371980.6368029109,160132.4154546982,-171949.55052503888,325492.97998412454,-97417.80520826537,328099.55393954576,759202.8336601475,-39134.18067848281,247694.38052942723,-338816.21308703034,1224596.940418522,332148.04510566226,196462.95793252214,930957.0582117831,466478.85322299384,-480662.56801318406,-110362.82750031972,235045.1125214693,-514326.68478462414,605362.9535228682,-866889.4532339433,-439947.82037266705,125640.83397647404,-84059.66703710398,375384.3929020724,-977184.3835363315,-169063.7408680748,-350341.5940846915,-618856.9505895772,44095.48371831201,-12997.52278315726,-251459.44710775188,321777.0914839204,-171705.49895199618,92852.56254764301,189493.5182727274,-290759.79407281295,-27497.60707307697
-192621.5366493463,-840710.1166125479,1082630.6188310501,1440205.2486530931,-534533.0892596527,621841.6236440669,-570770.346557451,-245709.2523574702,263840.293764453,-499438.22350124974,149479.04502477893,-503438.01668958727,-1164926.404579957,60047.6027078686,-380063.91982589173,519882.4508088692,-1879031.072664049,-509649.7033002095,-301453.186590378,-1428467.727342826,-715768.7745168227,737532.4261446019,169340.9686221721,-360655.3199359737,789186.4356655054,-928873.5248026474,1330161.5710090362,675059.2528449192,-192784.02985812948,128981.55210433941,-575991.8739956861,1499398.4077905503,259412.41254977172,537567.5525390939,949578.6672564576,-67660.59169566391,19943.94361878201,385840.89390147425,-493737.112992605,263466.65670523036,-142473.72777320966,-290759.79407281295,446144.7994331758,42192.45437985458
-18216.420467552667,-79507.17181502099,102385.92451290616,136202.13007250862,-50551.61400980185,58808.39055688291,-53978.49191281819,-23236.975091853907,24951.799044735435,-47232.63679498555,14136.3995785827,-47610.89573150979,-110168.68433997719,5678.84969726564,-35943.19314952479,49165.949361718674,-177702.49780452184,-48198.37674360398,-28508.988545834796,-135092.12370272903,-67691.2679025306,69749.43173749559,16014.888944706463,-34107.62927162583,74634.44379291643,-87844.90110552093,125795.23798113714,63841.24716830746,-18231.831364261376,12197.942742052433,-54472.4434817161,141800.24683184637,24533.007936968883,50838.35325595143,89802.97681577787,-6398.72496806242,1886.0418795076541,36489.48993828836,-46693.42405492889,24916.345783968827,-13473.96449482305,-27497.60707307697,42192.45437985458,3990.2123665291474
