V1,V2,V3,V4,V5,V6,V7,V8,V9,V10,V11,V12,V13,V14,V15,V16,V17,V18,V19,V20,V21,V22,V23,V24,V25,V26,V27,V28,V29,V30,V31,V32,V33,V34,V35,V36,V37,V38,V39,V40,V41,V42,V43,V44
34.620509830434905,-18.49105528518372,-159.29960769953658,-72.8973067103537,-51.600321266323675,-66.87778855407038,0.8105849557932348,82.36532417632216,-70.43690400151783,-91.95268926404768,-50.468662742845424,51.47119939371529,-30.133725659060545,-113.45674335731582,59.66834489375655,-10.057845410313579,59.413677950075844,-12.25149127844986,169.32240395650592,-78.54921798308484,24.22928868632015,-3.7057477051915297,-33.39835861274043,100.91967935222725,36.198755066108596,-114.0653595196563,26.18158234981567,-58.378980313639275,66.15111029248408,18.942397624617225,-49.68790068722233,69.80337277203778,46.25851256968294,-15.238482783589845,-59.89518243009003,-68.4429536568567,30.344828599482074,-42.44509712179617,22.29204247590165,-29.162163219919883,74.82831860108129,14.45853443435669,-60.60081168699311,100.44731701309082
-18.49105528518372,10.628068488812858,82.97739346775593,38.418023844809504,27.249961905778566,35.83888087528993,0.5414442588017991,-43.83890147393184,37.33452439488207,48.73759756215307,26.807188690827125,-26.334387950293575,16.059433465153223,59.31488786502827,-31.727972615731538,5.520996562808819,-30.61658453829684,6.441186955505202,-89.0027583364437,42.18690051748684,-12.292117285534731,2.853381653616443,17.358660154558425,-53.456398526306636,-19.256018389298468,60.95409935505656,-14.005953971198124,30.47279574094811,-34.27699944267876,-9.389175875030869,26.36161453944444,-37.06234024056682,-24.515243300872772,8.586633074958568,31.64274270761525,36.29665440922196,-16.67714716242683,22.962147671576318,-12.173219979801585,15.741656041753183,-37.7183404249953,-8.254344250378509,32.77349210223228,-52.372532461247424
-159.29960769953658,82.97739346775593,740.4312839227516,337.4282400096316,238.6332604116804,307.982843966031,-6.946157006926348,-380.07823500711226,325.5259766877427,424.86028361156366,232.9264894628054,-240.68392923767436,138.84345235520314,526.5628491634875,-275.28808297953736,46.06471785664072,-277.0697075736315,56.89483256184603,-784.6813096606165,361.42465038480617,-113.5272203545576,14.570606348478279,155.23507316772228,-466.54248861441147,-167.1388538844408,525.634711088776,-120.46170281659462,271.21117858354194,-308.06382731797476,-89.51571417189813,229.4509080204093,-322.43139695068857,-213.7001181294814,68.84463158947564,277.0705696087243,315.85296509090745,-138.39731055182247,194.4984608933089,-102.07157115731137,133.69341778734653,-351.5937425931734,-64.832449305555,278.23302989865675,-466.78373218082777
-72.8973067103537,38.418023844809504,337.4282400096316,154.0792609195349,108.98181739005187,140.9634987367133,-2.541873140289529,-173.7886044125217,148.72488960410175,194.16154490618231,106.48835215254508,-109.39561609507835,63.51434685358544,240.1185113765754,-125.85041840004625,21.12977662230012,-126.0619809043536,25.9294322287606,-358.068020018174,165.48350155850218,-51.54816270698492,7.182348736823498,70.74363130598921,-213.14989406821246,-76.393371699695,240.4781341887224,-55.14989591857249,123.64123455824424,-140.28494256007403,-40.50707853247541,104.84159625729347,-147.36828024110196,-97.64926478502763,31.788960486753055,126.52992513241783,144.40888252936685,-63.58385847132575,89.18461308369393,-46.85889832784681,61.26970829912627,-159.4708794013392,-29.99061917887036,127.48888687530486,-212.75367357110449
-51.600321266323675,27.249961905778566,238.6332604116804,108.98181739005187,77.14937998364618,99.714728967327,-1.6777088730828555,-122.9471960846155,105.18872302399926,137.3753464196804,75.37405196518118,-77.332844927983,44.96096397030454,169.8525120550557,-89.06012145976078,14.943353806736452,-89.13081458813251,18.305514501133363,-253.27865651469907,117.08116977726252,-36.444915394170614,5.103868570461546,50.07602355306348,-150.78975294823226,-54.024760717704886,170.14049567636178,-39.03903605480289,87.45855053212016,-99.20329669658057,-28.625167105638415,74.18893947831157,-104.26037133353364,-69.0926909142591,22.512227278804467,89.52337026953393,102.22789394110524,-45.0270580043152,63.13734607044698,-33.17374214033569,43.39536974187697,-112.7477215846124,-21.26744601077964,90.20086397009182,-150.46224313462707
-66.87778855407038,35.83888087528993,307.982843966031,140.9634987367133,99.714728967327,129.50468991296347,-1.6425022894191355,-159.36964799766815,136.31751784328262,177.839608690608,97.55875299323054,-99.46118964964553,58.22058708893819,219.3003905617307,-115.37442678838333,19.562332413057373,-114.81356511361113,23.782861851748617,-327.4796133339676,152.07868495469475,-46.76540922928567,7.351947579684453,64.47151229274338,-195.25492081140004,-70.09470329121685,220.7389746992151,-50.59172454478272,112.85189494167618,-127.87914979048323,-36.569481891361036,96.08897493853675,-135.05320474928246,-89.45535047221964,29.524928013000817,115.83529466787486,132.18865281344256,-58.75711270452423,82.06020837604295,-43.20165189006617,56.33626037187466,-144.4749494263517,-27.946676166591175,117.4076126086048,-194.22715161007181
0.8105849557932348,0.5414442588017991,-6.946157006926348,-2.541873140289529,-1.6777088730828555,-1.6425022894191355,1.5088888346289986,2.3577308081070103,-2.2778753138487433,-2.818996635108305,-1.4297955970762308,2.8890892789606393,-0.757615999120018,-4.580672362679436,1.6924857131343545,-0.16148114940403915,3.0375346863772688,-0.5563775752551492,6.333120304524056,-1.7810711912810646,1.467788865878771,1.0032031203404588,-1.4060843240963186,3.2409602069361476,1.112068828491785,-2.9315036960411858,0.5805226973112092,-2.425329786076032,3.1409975512251287,1.4614351852419494,-1.5322952326541377,2.1317567349508804,1.4468257121039936,0.22261352550240598,-2.0224925658232213,-1.894358677205592,0.1673054256722353,-0.6057896766464546,0.24617069297411526,-0.44759993745715454,4.909344621501689,-0.3948071232237738,-1.1442307075626053,4.335248593535456
82.36532417632216,-43.83890147393184,-380.07823500711226,-173.7886044125217,-122.9471960846155,-159.36964799766815,2.3577308081070103,196.29714938247028,-167.92389702710906,-219.155529050469,-120.22024012663118,122.947527233256,-71.73131544409549,-270.569171207723,142.13163416923038,-23.996682715558926,141.82072543766677,-29.285321137999205,403.8034623351823,-187.14160937773852,57.86268309737029,-8.65441206905787,-79.62638772790658,240.6021411158619,86.30861236621685,-271.76985363512483,62.3091771538147,-139.28510429922102,157.90756469406273,45.34060140176643,-118.38754474503287,166.3988841285369,110.23293047281012,-36.174250027356976,-142.78384081658203,-162.95464680460373,72.14147521426352,-100.92821027140553,53.098993777152344,-69.32435918833552,178.87094568041357,34.20742989589107,-144.3496246775402,239.67465303665898
-70.43690400151783,37.33452439488207,325.5259766877427,148.72488960410175,105.18872302399926,136.31751784328262,-2.2778753138487433,-167.92389702710906,143.74005208029675,187.47760174927257,102.81273542845898,-105.39021390577554,61.33431243541244,231.66209003119653,-121.5980176297764,20.541728687660665,-121.54219196171375,25.130124239971742,-345.6981089304438,160.0345704744926,-49.60439459703389,7.272383480844054,68.14821435277719,-205.8813386676917,-73.88011781876956,232.46498347250096,-53.25543127309094,119.24004129230282,-135.2566490635721,-38.908724702734645,101.32099042405518,-142.35824148874627,-94.3202713066697,30.837643967834012,122.19885242837935,139.31976645056878,-61.641524289583636,86.25739543093044,-45.343434345032726,59.253696324072216,-153.38366630962133,-29.157970981598297,123.457786545995,-205.25488938558308
-91.95268926404768,48.73759756215307,424.86028361156366,194.16154490618231,137.3753464196804,177.839608690608,-2.818996635108305,-219.155529050469,187.47760174927257,244.80440426985402,134.29002031571903,-137.56406382256162,80.11140148146683,302.42527074843446,-158.70038637067827,26.688897060085825,-158.60069210370395,32.65011446610941,-451.1466122655506,208.81504961372298,-64.77634051742021,9.374836781321141,89.09173285294106,-268.701813471349,-96.31774167071325,303.35029172169476,-69.57847608097856,155.72412702195646,-176.56309563294482,-50.83530714126483,132.17369249439602,-185.8009101949029,-123.09312613246341,40.26662381821549,159.4741684151687,182.10305356013475,-80.37438965407073,112.61399402631538,-59.21637001079245,77.3557478955943,-200.35031516161266,-38.02390806907575,160.94516123313252,-267.8949062483222
-50.468662742845424,26.807188690827125,232.9264894628054,106.48835215254508,75.37405196518118,97.55875299323054,-1.4297955970762308,-120.22024012663118,102.81273542845898,134.29002031571903,73.69104793765874,-75.37882949593333,43.966224139816084,165.84008348261278,-87.06681574925808,14.63502224718589,-86.93127399728459,17.873942487496354,-247.39217060429044,114.56482398092145,-35.50216891442476,5.183423385477648,48.87103478337037,-147.37831920046526,-52.81614190504939,166.412346542138,-38.19444357261464,85.38260560643808,-96.79232056398178,-27.836191171977806,72.50625191578074,-101.91841816463733,-67.52768444940934,22.129392555191895,87.468453842763,99.94445786404732,-44.13173839632284,61.82107311080651,-32.50577028303765,42.46841313155374,-109.77482624462186,-20.91313931115771,88.29758715367926,-146.8804747089963
51.47119939371529,-26.334387950293575,-240.68392923767436,-109.39561609507835,-77.332844927983,-99.46118964964553,2.8890892789606393,122.947527233256,-105.39021390577554,-137.56406382256162,-75.37882949593333,78.55515088492494,-44.89881999206271,-171.01876929436818,89.05833758709481,-14.798045502630318,90.2670251826426,-18.453609233142224,254.54870311604898,-116.67194571028706,37.11822127619061,-4.132881166293162,-50.48510145751874,151.08977180246177,54.07201708368856,-169.86692799585418,38.91345565618062,-88.1386336817456,100.27205800912311,29.41749513632633,-74.2692196679916,104.37457031034266,69.19409958031582,-21.95495066874959,-89.78693384536572,-102.24611377940118,44.412210739274705,-62.648329958497065,32.8329167108919,-43.08961047864356,115.1266097438747,20.592065334185097,-89.65730676859205,151.7022058254741
-30.133725659060545,16.059433465153223,138.84345235520314,63.51434685358544,44.96096397030454,58.22058708893819,-0.757615999120018,-71.73131544409549,61.33431243541244,80.11140148146683,43.966224139816084,-44.89881999206271,26.25579163632115,98.87819445662606,-51.953510384184405,8.740246228816146,-51.790732142011905,10.654450997571807,-147.52548292858086,68.3893632595151,-21.13590227159802,3.155009399485668,29.126768865340537,-87.91289288915898,-31.513999411639016,99.31834753621254,-22.796902757400726,50.91085316994499,-57.67958320281663,-16.552084237988186,43.26537026618128,-60.8091935613422,-40.28080905065735,13.249090246501972,52.17689595819482,59.64128599142239,-26.375923114505493,36.928260628636814,-19.414865120798627,25.366910049812,-65.32960870288647,-12.538962909926557,52.71868143695621,-87.54626743392123
-113.45674335731582,59.31488786502827,526.5628491634875,240.1185113765754,169.8525120550557,219.3003905617307,-4.580672362679436,-270.569171207723,231.66209003119653,302.42527074843446,165.84008348261278,-171.01876929436818,98.87819445662606,374.5692302288273,-195.97912515282928,32.80206496024336,-196.93853988227275,40.42772647023383,-558.2578209755359,257.3905132003371,-80.6520379290873,10.603058237978143,110.43264954864578,-332.03938459463603,-118.95030948735817,374.25407447519723,-85.80845395400266,192.90347317211047,-219.0278403246695,-63.52251881450658,163.3144445185155,-229.5022694807711,-152.1067325230256,49.16441507549148,197.17227873590357,224.91430382508165,-98.67497437469764,138.611646654409,-72.75229162815192,95.26849620805659,-249.68978923167134,-46.335897777404796,198.17070454186253,-331.9670502802773
59.66834489375655,-31.727972615731538,-275.28808297953736,-125.85041840004625,-89.06012145976078,-115.37442678838333,1.6924857131343545,142.13163416923038,-121.5980176297764,-158.70038637067827,-87.06681574925808,89.05833758709481,-51.953510384184405,-195.97912515282928,102.94663714567264,-17.358961957576167,102.73503531800853,-21.201507635465692,292.4480492928617,-135.4790265886264,41.924488409853105,-6.231566288027206,-57.69188631913168,174.22374243350953,62.49062953051844,-196.78704688064195,45.1261990463835,-100.87592276565175,114.36187887602095,32.848248600487935,-85.7477855153414,120.48170521652999,79.83292444658416,-26.17074656492909,-103.40672721247282,-118.03333159064992,52.24080799918137,-73.10485249599964,38.420731441909126,-50.232329864023114,129.58733950148758,24.78241958814161,-104.50636470392354,173.5811604167576
-10.057845410313579,5.520996562808819,46.06471785664072,21.12977662230012,14.943353806736452,19.562332413057373,-0.16148114940403915,-23.996682715558926,20.541728687660665,26.688897060085825,14.63502224718589,-14.798045502630318,8.740246228816146,32.80206496024336,-17.358961957576167,3.030782699537075,-17.127297009684813,3.6279802643617924,-49.13172504713461,22.982574937739727,-6.926030414562247,1.296979982060769,9.57582242076459,-29.35714282534778,-10.595693513975876,33.28632772135217,-7.591249988025072,16.858790344403463,-19.09481100853123,-5.375516948971058,14.475919515618115,-20.32535653360635,-13.453122457365478,4.511265015262296,17.41107234683727,19.75544032145925,-8.957131762797886,12.378757610403811,-6.550408498917538,8.497729532059447,-21.354251539443,-4.301521808207468,17.834915956998717,-29.05941581691942
59.413677950075844,-30.61658453829684,-277.0697075736315,-126.0619809043536,-89.13081458813251,-114.81356511361113,3.0375346863772688,141.82072543766677,-121.54219196171375,-158.60069210370395,-86.93127399728459,90.2670251826426,-51.790732142011905,-196.93853988227275,102.73503531800853,-17.127297009684813,103.84103665082024,-21.279027309236366,293.28005254277645,-134.6889671980913,42.62728902529259,-5.053867650737228,-58.09379951870153,174.1923554868001,62.37509676355206,-196.01760126130375,44.914749988994814,-101.44319057444105,115.35704413634379,33.69754132153962,-85.667129406161,120.34681595957481,79.7890481166823,-25.4784404488136,-103.48621859490717,-117.8889337122137,51.42144031186676,-72.40495207400264,37.94344445535489,-49.78651882558421,132.11304080522788,23.955253262075914,-103.60701842383233,174.658466606384
-12.25149127844986,6.441186955505202,56.89483256184603,25.9294322287606,18.305514501133363,23.782861851748617,-0.5563775752551492,-29.285321137999205,25.130124239971742,32.65011446610941,17.873942487496354,-18.453609233142224,10.654450997571807,40.42772647023383,-21.201507635465692,3.6279802643617924,-21.279027309236366,4.468982672364826,-60.38453121358161,27.89966986804526,-8.67198698501314,1.263560014633981,11.840324832446562,-35.92275232221029,-12.934865694343323,40.54382309053253,-9.237818541488904,20.80425170098095,-23.63919447899675,-6.815995738692068,17.694479264666096,-24.828525408151393,-16.4491165672101,5.327145576368617,21.328707383623364,24.15733696786368,-10.738084670210293,14.982453691104812,-7.873033175680961,10.299872958964599,-26.830573475187705,-5.049059593021201,21.583165543468482,-35.8670426179807
169.32240395650592,-89.0027583364437,-784.6813096606165,-358.068020018174,-253.27865651469907,-327.4796133339676,6.333120304524056,403.8034623351823,-345.6981089304438,-451.1466122655506,-247.39217060429044,254.54870311604898,-147.52548292858086,-558.2578209755359,292.4480492928617,-49.13172504713461,293.28005254277645,-60.38453121358161,832.4542384127512,-384.40153033797225,119.94548718685496,-16.467570790761513,-164.45154280338565,495.3745771913239,177.57842144823496,-558.7254730785968,128.04807006283,-287.4708514992646,326.262923384942,94.3366742226933,-243.69167019918356,342.44744200576935,226.92225103986598,-73.66162030737593,-294.1080254930624,-335.39266333430743,147.62720507514405,-207.05497218104952,108.76595301110484,-142.28925243605968,371.2017295810675,69.50717312868726,-296.19629984197,494.7243004021257
-78.54921798308484,42.18690051748684,361.42465038480617,165.48350155850218,117.08116977726252,152.07868495469475,-1.7810711912810646,-187.14160937773852,160.0345704744926,208.81504961372298,114.56482398092145,-116.67194571028706,68.3893632595151,257.3905132003371,-135.4790265886264,22.982574937739727,-134.6889671980913,27.89966986804526,-384.40153033797225,178.62612902102614,-54.84342190742406,8.726517053151541,75.67008985584765,-229.2447178753739,-82.30041860285884,259.2303553112464,-59.4204058863188,132.46948959299044,-150.05923141923031,-42.86443482948116,112.82399574986725,-158.59089534244825,-105.03168931830248,34.7332243319457,136.00443669476874,155.23861667478332,-69.05250388452491,96.40214306754532,-50.778664344122475,66.18922672255015,-169.41364572361158,-32.89414916455929,137.9075060798304,-227.92909884844562
24.22928868632015,-12.292117285534731,-113.5272203545576,-51.54816270698492,-36.444915394170614,-46.76540922928567,1.467788865878771,57.86268309737029,-49.60439459703389,-64.77634051742021,-35.50216891442476,37.11822127619061,-21.13590227159802,-80.6520379290873,41.924488409853105,-6.926030414562247,42.62728902529259,-8.67198698501314,119.94548718685496,-54.84342190742406,17.57568202057992,-1.7950918412676808,-23.837498618698366,71.14502003753253,25.43265732112376,-79.89499354390705,18.32370032059047,-41.56077788423859,47.332672324385435,13.945720937826461,-34.965344787791096,49.136489838732885,32.59429838999331,-10.261860125154442,-42.290987559838214,-48.18120265939553,20.82285663003169,-29.441284022412418,15.402041543236114,-20.258128463383382,54.50704500758839,9.615650648054032,-42.0941475875174,71.55888137158989
-3.7057477051915297,2.853381653616443,14.570606348478279,7.182348736823498,5.103868570461546,7.351947579684453,1.0032031203404588,-8.65441206905787,7.272383480844054,9.374836781321141,5.183423385477648,-4.132881166293162,3.155009399485668,10.603058237978143,-6.231566288027206,1.296979982060769,-5.053867650737228,1.263560014633981,-16.467570790761513,8.726517053151541,-1.7950918412676808,1.5153768716914027,2.94284086170488,-10.280024091999945,-3.8421626643403406,12.305011991377354,-2.7979646102770857,5.3692153428441705,-5.804633590052627,-1.1371481791374576,5.130479258613515,-7.204164377927195,-4.724561128871134,2.167301591445431,6.004515478490705,6.909616372718979,-3.846392357665152,4.899473329512806,-2.6895559488234424,3.320127722541574,-5.2383942494561495,-2.2016668247422784,7.068900765884741,-9.23137993132443
-33.39835861274043,17.358660154558425,155.23507316772228,70.74363130598921,50.07602355306348,64.47151229274338,-1.4060843240963186,-79.62638772790658,68.14821435277719,89.09173285294106,48.87103478337037,-50.48510145751874,29.126768865340537,110.43264954864578,-57.69188631913168,9.57582242076459,-58.09379951870153,11.840324832446562,-164.45154280338565,75.67008985584765,-23.837498618698366,2.94284086170488,32.6418925377022,-97.75860535978177,-34.95928847623433,110.088002680389,-25.281312175169404,56.89764732055954,-64.60696009829871,-18.818111158863953,48.06106693306997,-67.55818414528305,-44.78503618235849,14.40803995716686,58.064238266719734,66.34402756831717,-28.943347839305634,40.76678240100853,-21.384733473122193,28.031588577548057,-73.8631960325218,-13.550378991023495,58.17137847795269,-97.861637135731
100.91967935222725,-53.456398526306636,-466.54248861441147,-213.14989406821246,-150.78975294823226,-195.25492081140004,3.2409602069361476,240.6021411158619,-205.8813386676917,-268.701813471349,-147.37831920046526,151.08977180246177,-87.91289288915898,-332.03938459463603,174.22374243350953,-29.35714282534778,174.1923554868001,-35.92275232221029,495.3745771913239,-229.2447178753739,71.14502003753253,-10.280024091999945,-97.75860535978177,295.02135886955523,105.7915030573737,-333.03096900337664,76.34259001763385,-170.95938103622402,193.89630308367506,55.833827816497575,-145.13863192530144,203.9952250141941,135.1501260276186,-44.1537541812687,-175.1028381389783,-199.78345213362243,88.23131234287256,-123.56622654887423,64.97716073325726,-84.88861545023124,220.0348013422749,41.710475525094516,-176.74538182993362,294.1806298003571
36.198755066108596,-19.256018389298468,-167.1388538844408,-76.393371699695,-54.024760717704886,-70.09470329121685,1.112068828491785,86.30861236621685,-73.88011781876956,-96.31774167071325,-52.81614190504939,54.07201708368856,-31.513999411639016,-118.95030948735817,62.49062953051844,-10.595693513975876,62.37509676355206,-12.934865694343323,177.57842144823496,-82.30041860285884,25.43265732112376,-3.8421626643403406,-34.95928847623433,105.7915030573737,37.99329187637916,-119.50990824995972,27.358827339015917,-61.219103537042265,69.43016440344277,19.92905909973861,-52.07295095782466,73.16285134971685,48.4671411030826,-15.88777512476038,-62.79094062195172,-71.53766847633274,31.737147069267692,-44.350326514147575,23.332529120870134,-30.466174969178038,78.61345529411115,15.0376354203673,-63.53046550643729,105.38650627144882
-114.0653595196563,60.95409935505656,525.634711088776,240.4781341887224,170.14049567636178,220.7389746992151,-2.9315036960411858,-271.76985363512483,232.46498347250096,303.35029172169476,166.412346542138,-169.86692799585418,99.31834753621254,374.25407447519723,-196.78704688064195,33.28632772135217,-196.01760126130375,40.54382309053253,-558.7254730785968,259.2303553112464,-79.89499354390705,12.305011991377354,110.088002680389,-333.03096900337664,-119.50990824995972,376.3841799820372,-86.27684428754137,192.64320492370362,-218.29063637670808,-62.53004870032088,163.88820436422944,-230.3344442299189,-152.57293289613776,50.23734747899457,197.60680950791456,225.54379765302306,-100.07738405890915,139.88563060171617,-73.60268446759095,96.0738352013456,-246.8952795843142,-47.566139505536725,200.0626627236964,-331.45603334362335
26.18158234981567,-14.005953971198124,-120.46170281659462,-55.14989591857249,-39.03903605480289,-50.59172454478272,0.5805226973112092,62.3091771538147,-53.25543127309094,-69.57847608097856,-38.19444357261464,38.91345565618062,-22.796902757400726,-85.80845395400266,45.1261990463835,-7.591249988025072,44.914749988994814,-9.237818541488904,128.04807006283,-59.4204058863188,18.32370032059047,-2.7979646102770857,-25.281312175169404,76.34259001763385,27.358827339015917,-86.27684428754137,19.82426648087245,-44.162252668384596,50.03141338519562,14.327389300781032,-37.564222072952376,52.80562735236035,34.990348841728746,-11.541476925704298,-45.29407279169332,-51.81774437656654,22.943043328786608,-32.112405074645885,16.88274995243359,-22.054023615423468,56.598014956511896,10.92776130421135,-45.81686230431597,75.97172085476521
-58.378980313639275,30.47279574094811,271.21117858354194,123.64123455824424,87.45855053212016,112.85189494167618,-2.425329786076032,-139.28510429922102,119.24004129230282,155.72412702195646,85.38260560643808,-88.1386336817456,50.91085316994499,192.90347317211047,-100.87592276565175,16.858790344403463,-101.44319057444105,20.80425170098095,-287.4708514992646,132.46948959299044,-41.56077788423859,5.3692153428441705,56.89764732055954,-170.95938103622402,-61.219103537042265,192.64320492370362,-44.162252668384596,99.41255190082516,-112.84099640723458,-32.774259296265846,84.05428023700371,-118.1664984240382,-78.28807034472179,25.273580109737683,101.51863082238548,115.81828041614982,-50.725694228335534,71.30332799191174,-37.453637068398244,49.01070416624754,-128.74843866249458,-23.789183135985827,101.94800234582236,-170.97668627765736
66.15111029248408,-34.27699944267876,-308.06382731797476,-140.28494256007403,-99.20329669658057,-127.87914979048323,3.1409975512251287,157.90756469406273,-135.2566490635721,-176.56309563294482,-96.79232056398178,100.27205800912311,-57.67958320281663,-219.0278403246695,114.36187887602095,-19.09481100853123,115.35704413634379,-23.63919447899675,326.262923384942,-150.05923141923031,47.332672324385435,-5.804633590052627,-64.60696009829871,193.89630308367506,69.43016440344277,-218.29063637670808,50.03141338519562,-112.84099640723458,128.24905563235652,37.38100824090488,-95.33613725388003,133.9986291800837,88.81478392657435,-28.477928117491977,-115.17593460902623,-131.2649101831427,57.340284167895064,-80.67705315322623,42.345057749346566,-55.465960826074806,146.65494617087828,26.770777262990094,-115.43120369431918,194.21155359832608
18.942397624617225,-9.389175875030869,-89.51571417189813,-40.50707853247541,-28.625167105638415,-36.569481891361036,1.4614351852419494,45.34060140176643,-38.908724702734645,-50.83530714126483,-27.836191171977806,29.41749513632633,-16.552084237988186,-63.52251881450658,32.848248600487935,-5.375516948971058,33.69754132153962,-6.815995738692068,94.3366742226933,-42.86443482948116,13.945720937826461,-1.1371481791374576,-18.818111158863953,55.833827816497575,19.92905909973861,-62.53004870032088,14.327389300781032,-32.774259296265846,37.38100824090488,11.154155342369995,-27.411410545109767,38.538183381476266,25.560967831371226,-7.8954205085569065,-33.21263772028046,-37.791241750794164,16.141701183926106,-22.936638764583375,11.99689233824807,-15.791510251825189,43.37810871117141,7.338821735781293,-32.820032057104484,56.40617026843265
-49.68790068722233,26.36161453944444,229.4509080204093,104.84159625729347,74.18893947831157,96.08897493853675,-1.5322952326541377,-118.38754474503287,101.32099042405518,132.17369249439602,72.50625191578074,-74.2692196679916,43.26537026618128,163.3144445185155,-85.7477855153414,14.475919515618115,-85.667129406161,17.694479264666096,-243.69167019918356,112.82399574986725,-34.965344787791096,5.130479258613515,48.06106693306997,-145.13863192530144,-52.07295095782466,163.88820436422944,-37.564222072952376,84.05428023700371,-95.33613725388003,-27.411410545109767,71.45367612528736,-100.36799234551454,-66.50790080450987,21.7561569973729,86.15955297185214,98.26660190814295,-43.48496521860089,60.841135327000096,-31.972891646716512,41.81089143635591,-108.10110494898879,-20.59933932330452,87.03709022431175,-144.6768534079784
69.80337277203778,-37.06234024056682,-322.43139695068857,-147.36828024110196,-104.26037133353364,-135.05320474928246,2.1317567349508804,166.3988841285369,-142.35824148874627,-185.8009101949029,-101.91841816463733,104.37457031034266,-60.8091935613422,-229.5022694807711,120.48170521652999,-20.32535653360635,120.34681595957481,-24.828525408151393,342.44744200576935,-158.59089534244825,49.136489838732885,-7.204164377927195,-67.55818414528305,203.9952250141941,73.16285134971685,-230.3344442299189,52.80562735236035,-118.1664984240382,133.9986291800837,38.538183381476266,-100.36799234551454,141.08473072696742,93.46136509395558,-30.595427725417316,-121.08031820433713,-138.15086404772686,61.072740055912895,-85.48434243728629,44.9819465167934,-58.72803640196467,151.93935991404757,28.911924556917413,-122.28229175572591,203.3174505240044
46.25851256968294,-24.515243300872772,-213.7001181294814,-97.64926478502763,-69.0926909142591,-89.45535047221964,1.4468257121039936,110.23293047281012,-94.3202713066697,-123.09312613246341,-67.52768444940934,69.19409958031582,-40.28080905065735,-152.1067325230256,79.83292444658416,-13.453122457365478,79.7890481166823,-16.4491165672101,226.92225103986598,-105.03168931830248,32.59429838999331,-4.724561128871134,-44.78503618235849,135.1501260276186,48.4671411030826,-152.57293289613776,34.990348841728746,-78.28807034472179,88.81478392657435,25.560967831371226,-66.50790080450987,93.46136509395558,61.93932154065266,-20.236426402336033,-80.22870522368311,-91.5394633486595,40.44431044176326,-56.630979259697305,29.766693427263675,-38.91614712750721,100.75951313250353,19.139178739340117,-80.98251456638467,134.75250885187106
-15.238482783589845,8.586633074958568,68.84463158947564,31.788960486753055,22.512227278804467,29.524928013000817,0.22261352550240598,-36.174250027356976,30.837643967834012,40.26662381821549,22.129392555191895,-21.95495066874959,13.249090246501972,49.16441507549148,-26.17074656492909,4.511265015262296,-25.4784404488136,5.327145576368617,-73.66162030737593,34.7332243319457,-10.261860125154442,2.167301591445431,14.40803995716686,-44.1537541812687,-15.88777512476038,50.23734747899457,-11.541476925704298,25.273580109737683,-28.477928117491977,-7.8954205085569065,21.7561569973729,-30.595427725417316,-20.236426402336033,7.00190843531695,26.145014783858418,29.983956965864888,-13.636116622371103,18.864942027665688,-9.984923238614115,12.921154866825429,-31.56698721328716,-6.683014078863038,26.918632867106467,-43.44312126976656
-59.89518243009003,31.64274270761525,277.0705696087243,126.52992513241783,89.52337026953393,115.83529466787486,-2.0224925658232213,-142.78384081658203,122.19885242837935,159.4741684151687,87.468453842763,-89.78693384536572,52.17689595819482,197.17227873590357,-103.40672721247282,17.41107234683727,-103.48621859490717,21.328707383623364,-294.1080254930624,136.00443669476874,-42.290987559838214,6.004515478490705,58.064238266719734,-175.1028381389783,-62.79094062195172,197.60680950791456,-45.29407279169332,101.51863082238548,-115.17593460902623,-33.21263772028046,86.15955297185214,-121.08031820433713,-80.22870522368311,26.145014783858418,103.96060335152347,118.56882128086727,-52.3122641499834,73.28704565988097,-38.52623143409373,50.368983603419515,-130.8142552017117,-24.70502511909047,104.83613988305058,-174.69376192039678
-68.4429536568567,36.29665440922196,315.85296509090745,144.40888252936685,102.22789394110524,132.18865281344256,-1.894358677205592,-162.95464680460373,139.31976645056878,182.10305356013475,99.94445786404732,-102.24611377940118,59.64128599142239,224.91430382508165,-118.03333159064992,19.75544032145925,-117.8889337122137,24.15733696786368,-335.39266333430743,155.23861667478332,-48.18120265939553,6.909616372718979,66.34402756831717,-199.78345213362243,-71.53766847633274,225.54379765302306,-51.81774437656654,115.81828041614982,-131.2649101831427,-37.791241750794164,98.26660190814295,-138.15086404772686,-91.5394633486595,29.983956965864888,118.56882128086727,135.64582255354608,-59.75921771432125,83.82828654824155,-44.04244302855478,57.58535418813711,-148.98859426502366,-28.32333451431878,119.56214996879571,-199.16423335588578
30.344828599482074,-16.67714716242683,-138.39731055182247,-63.58385847132575,-45.0270580043152,-58.75711270452423,0.1673054256722353,72.14147521426352,-61.641524289583636,-80.37438965407073,-44.13173839632284,44.412210739274705,-26.375923114505493,-98.67497437469764,52.24080799918137,-8.957131762797886,51.42144031186676,-10.738084670210293,147.62720507514405,-69.05250388452491,20.82285663003169,-3.846392357665152,-28.943347839305634,88.23131234287256,31.737147069267692,-100.07738405890915,22.943043328786608,-50.725694228335534,57.340284167895064,16.141701183926106,-43.48496521860089,61.072740055912895,40.44431044176326,-13.636116622371103,-52.3122641499834,-59.75921771432125,26.935221243237706,-37.39212881947358,19.708859769316106,-25.66734800027971,64.1646022437976,13.014930893682132,-53.47422248227775,87.2953555941577
-42.44509712179617,22.962147671576318,194.4984608933089,89.18461308369393,63.13734607044698,82.06020837604295,-0.6057896766464546,-100.92821027140553,86.25739543093044,112.61399402631538,61.82107311080651,-62.648329958497065,36.928260628636814,138.611646654409,-73.10485249599964,12.378757610403811,-72.40495207400264,14.982453691104812,-207.05497218104952,96.40214306754532,-29.441284022412418,4.899473329512806,40.76678240100853,-123.56622654887423,-44.350326514147575,139.88563060171617,-32.112405074645885,71.30332799191174,-80.67705315322623,-22.936638764583375,60.841135327000096,-85.48434243728629,-56.630979259697305,18.864942027665688,73.28704565988097,83.82828654824155,-37.39212881947358,52.17893988801379,-27.435346499153574,35.82397804193615,-90.84255325398955,-17.93166926686168,74.46858098607832,-122.6560378166946
22.29204247590165,-12.173219979801585,-102.07157115731137,-46.85889832784681,-33.17374214033569,-43.20165189006617,0.24617069297411526,53.098993777152344,-45.343434345032726,-59.21637001079245,-32.50577028303765,32.8329167108919,-19.414865120798627,-72.75229162815192,38.420731441909126,-6.550408498917538,37.94344445535489,-7.873033175680961,108.76595301110484,-50.778664344122475,15.402041543236114,-2.6895559488234424,-21.384733473122193,64.97716073325726,23.332529120870134,-73.60268446759095,16.88274995243359,-37.453637068398244,42.345057749346566,11.99689233824807,-31.972891646716512,44.9819465167934,29.766693427263675,-9.984923238614115,-38.52623143409373,-44.04244302855478,19.708859769316106,-27.435346499153574,14.50903931843552,-18.825789107522912,47.55511794517234,9.45965604154984,-39.233848498004,64.38744093129893
-29.162163219919883,15.741656041753183,133.69341778734653,61.26970829912627,43.39536974187697,56.33626037187466,-0.44759993745715454,-69.32435918833552,59.253696324072216,77.3557478955943,42.46841313155374,-43.08961047864356,25.366910049812,95.26849620805659,-50.232329864023114,8.497729532059447,-49.78651882558421,10.299872958964599,-142.28925243605968,66.18922672255015,-20.258128463383382,3.320127722541574,28.031588577548057,-84.88861545023124,-30.466174969178038,96.0738352013456,-22.054023615423468,49.01070416624754,-55.465960826074806,-15.791510251825189,41.81089143635591,-58.72803640196467,-38.91614712750721,12.921154866825429,50.368983603419515,57.58535418813711,-25.66734800027971,35.82397804193615,-18.825789107522912,24.62217135359776,-62.51119091076134,-12.306062019484736,51.13254881406685,-84.30125090495092
74.82831860108129,-37.7183404249953,-351.5937425931734,-159.4708794013392,-112.7477215846124,-144.4749494263517,4.909344621501689,178.87094568041357,-153.38366630962133,-200.35031516161266,-109.77482624462186,115.1266097438747,-65.32960870288647,-249.68978923167134,129.58733950148758,-21.354251539443,132.11304080522788,-26.830573475187705,371.2017295810675,-169.41364572361158,54.50704500758839,-5.2383942494561495,-73.8631960325218,220.0348013422749,78.61345529411115,-246.8952795843142,56.598014956511896,-128.74843866249458,146.65494617087828,43.37810871117141,-108.10110494898879,151.93935991404757,100.75951313250353,-31.56698721328716,-130.8142552017117,-148.98859426502366,64.1646022437976,-90.84255325398955,47.55511794517234,-62.51119091076134,169.29063132673198,29.485289443713555,-129.93917361474516,221.59909765966515
14.45853443435669,-8.254344250378509,-64.832449305555,-29.99061917887036,-21.26744601077964,-27.946676166591175,-0.3948071232237738,34.20742989589107,-29.157970981598297,-38.02390806907575,-20.91313931115771,20.592065334185097,-12.538962909926557,-46.335897777404796,24.78241958814161,-4.301521808207468,23.955253262075914,-5.049059593021201,69.50717312868726,-32.89414916455929,9.615650648054032,-2.2016668247422784,-13.550378991023495,41.710475525094516,15.0376354203673,-47.566139505536725,10.92776130421135,-23.789183135985827,26.770777262990094,7.338821735781293,-20.59933932330452,28.911924556917413,19.139178739340117,-6.683014078863038,-24.70502511909047,-28.32333451431878,13.014930893682132,-17.93166926686168,9.45965604154984,-12.306062019484736,29.485289443713555,6.462113112267301,-25.573648440578282,40.905028839223284
-60.60081168699311,32.77349210223228,278.23302989865675,127.48888687530486,90.20086397009182,117.4076126086048,-1.1442307075626053,-144.3496246775402,123.457786545995,160.94516123313252,88.29758715367926,-89.65730676859205,52.71868143695621,198.17070454186253,-104.50636470392354,17.834915956998717,-103.60701842383233,21.583165543468482,-296.19629984197,137.9075060798304,-42.0941475875174,7.068900765884741,58.17137847795269,-176.74538182993362,-63.53046550643729,200.0626627236964,-45.81686230431597,101.94800234582236,-115.43120369431918,-32.820032057104484,87.03709022431175,-122.28229175572591,-80.98251456638467,26.918632867106467,104.83613988305058,119.56214996879571,-53.47422248227775,74.46858098607832,-39.233848498004,51.13254881406685,-129.93917361474516,-25.573648440578282,106.64147591672551,-175.472120153236
100.44731701309082,-52.372532461247424,-466.78373218082777,-212.75367357110449,-150.46224313462707,-194.22715161007181,4.335248593535456,239.67465303665898,-205.25488938558308,-267.8949062483222,-146.8804747089963,151.7022058254741,-87.54626743392123,-331.9670502802773,173.5811604167576,-29.05941581691942,174.658466606384,-35.8670426179807,494.7243004021257,-227.92909884844562,71.55888137158989,-9.23137993132443,-97.861637135731,294.1806298003571,105.38650627144882,-331.45603334362335,75.97172085476521,-170.97668627765736,194.21155359832608,56.40617026843265,-144.6768534079784,203.3174505240044,134.75250885187106,-43.44312126976656,-174.69376192039678,-199.16423335588578,87.2953555941577,-122.6560378166946,64.38744093129893,-84.30125090495092,221.59909765966515,40.905028839223284,-175.472120153236,294.2919427188288
