V1,V2,V3,V4,V5,V6,V7,V8,V9,V10,V11,V12,V13,V14,V15,V16,V17,V18,V19,V20,V21,V22,V23,V24,V25,V26,V27,V28,V29,V30,V31,V32,V33,V34,V35,V36,V37,V38,V39,V40,V41,V42,V43,V44
4913.284892673092,-2584.601384912687,-22762.16038464385,-10388.598777687484,-7347.7680619494495,-9503.127416500281,181.610973034807,11717.124664336236,-10030.225737946235,-13089.618886263313,-7178.161432557303,7382.606074171394,-4280.396841614144,-16194.42454363273,8485.269595916225,-1426.1927319861136,8507.213014482595,-1752.1033112830005,24150.34598254726,-11155.08173730236,3478.5040216242073,-480.60615010892695,-4769.859570732881,14372.68905490142,5152.659883752431,-16212.42773013083,3715.693811354045,-8338.953872896718,9464.166179661763,2734.9045724298694,-7070.449611009343,9936.204212694343,6584.025572375774,-2139.307120639574,-8532.751531853373,-9730.883722133949,4284.974240888106,-6008.5845643146695,3157.000385970265,-4128.70652039124,10764.206719812273,2018.6817983438111,-8596.16235760724,14351.766677048201
-2584.601384912687,1360.3091360141705,11975.307046956801,5465.324310792104,3866.1169137781244,4999.434980607652,-95.26014540107909,-6163.562350461773,5277.071587801801,6885.435393932827,3775.6487209081674,-3884.2140009653367,2252.1238434727034,8520.074691739876,-4463.840623018633,750.8019047103721,-4474.608837364866,921.8009610980314,-12705.367774943588,5868.515778263431,-1829.8953245139376,252.35715496781148,2509.2452141880294,-7561.354493932085,-2710.8383134786723,8529.061093575592,-1954.4742644595688,4387.16624610087,-4978.825669845845,-1438.9321900814696,3720.0606035666833,-5227.5745416931495,-3463.9552079252107,1124.798769102345,4489.428899994618,5118.5776913697255,-2254.27542196705,3161.1357852892716,-1660.680118824933,2172.4725410862484,-5662.761152832498,-1061.6477369368124,4522.416192915823,-7549.840190341277
-22762.16038464385,11975.307046956801,105458.11066585878,48129.573889685766,34043.83778347644,44027.4482894951,-840.4622884928394,-54282.73689031333,46470.900416497374,60642.19785495287,33254.478557394905,-34204.25801489768,19832.03317978534,75030.37162694428,-39311.629946657165,6608.988592569954,-39410.79093741916,8116.839270803697,-111889.11292770771,51681.59989591653,-16115.946662715462,2226.085501717768,22098.698894262863,-66588.84499675111,-23872.868622643633,75111.52040108576,-17213.374128932664,38634.382638849405,-43846.80426242858,-12671.581184241766,32758.36897860687,-46034.522642336975,-30503.834468618534,9909.084137201458,39533.688836529785,45081.32615000981,-19852.406510984292,27837.64703624111,-14625.467697049464,19128.65673675972,-49869.754393492265,-9350.541083345817,39824.91884328477,-66489.80408816013
-10388.598777687484,5465.324310792104,48129.573889685766,21966.093764532612,15536.77904069953,20093.700274200986,-383.9540160866855,-24774.758156136744,21208.646661798848,27676.69875281499,15177.273104801836,-15610.271370029612,9050.791396173925,34242.441435229055,-17941.529052234106,3015.986369402481,-17987.342938580645,3704.8251151875743,-51064.64647661248,23586.786604961082,-7355.06675033412,1015.9881408521154,10085.575418543733,-30390.379879719203,-10895.07628008692,34280.14286694862,-7856.467199233491,17632.34120795915,-20011.292478643867,-5782.986126667406,14950.46397966842,-21009.773245855886,-13921.683675297263,4522.98632755547,18042.3736298235,20574.94084295465,-9060.331610569729,12704.839174701665,-6675.188194022359,8730.21455262673,-22760.216300203716,-4268.086193547093,18176.070208695386,-30345.663115529587
-7347.7680619494495,3866.1169137781244,34043.83778347644,15536.77904069953,10990.45770953446,14212.72680604872,-270.7909427185217,-17522.33149462932,15001.63044895369,19575.500605777495,10734.576149408294,-11041.902957919647,6402.3818073004595,24221.57223758134,-12690.117987764042,2133.8937233860142,-12721.426665552897,2619.887952451852,-36119.63332151845,16683.64368564086,-5202.547714610836,718.2870521061005,7133.690050680607,-21495.799934451847,-7706.753297355052,24246.95368619706,-5556.140251962995,12471.696377081644,-14154.24299708279,-4090.7125572730633,10574.968943838276,-14860.498334979378,-9847.067027503366,3198.0463432788083,12762.474237257826,14552.29614403452,-6408.658088909431,8986.4331217959,-4720.951906216896,6175.070107938846,-16098.43100850033,-3017.833235623153,12855.733208489191,-21463.299593878717
-9503.127416500281,4999.434980607652,44027.4482894951,20093.700274200986,14212.72680604872,18381.178901464904,-350.86326615445915,-22662.7044610466,19400.8524054324,25317.67595818179,13883.7357313244,-14279.790274158477,8279.47639484378,31324.211763690462,-16412.174363834667,2758.949322355575,-16453.968984479652,3388.6362777070385,-46712.32414703549,21576.476433383294,-6728.342887276735,929.3614425366051,9225.903418012349,-27800.0457020734,-9966.588238005974,31358.306655960812,-7186.505960576313,16129.318272816121,-18305.66920170468,-5290.08192801138,13675.906655760855,-19218.72303975759,-12734.967028599596,4137.178884198407,16504.594844994037,18821.200978432855,-8288.093961678163,11621.943642486853,-6105.989208938774,7985.82898896494,-20820.158698609477,-3903.9002720456624,16626.515368888322,-27759.03209617107
181.610973034807,-95.26014540107909,-840.4622884928394,-383.9540160866855,-270.7909427185217,-350.86326615445915,7.5159582034247245,433.9342893053475,-370.6298510791425,-484.19686209664394,-265.385061176253,272.4847439476401,-157.86242644522804,-597.42047888408365,313.80782522753304,-52.373033501281014,315.1820148633078,-65.35190078774745,892.0080937465008,-412.0123972650323,128.23193033307456,-18.130617242160493,-176.37394265589154,531.0991428871943,190.0514408541139,-599.0429204659839,138.04804085788518,-308.243495767719,349.7119148746996,100.98972589256225,-261.5036615346763,367.51118798993656,243.3758942718745,-79.86205597301138,-314.9296327670192,-360.04650318390793,158.33965002183047,-221.94798677743643,117.15353277302431,-152.71268326391112,397.91881208582237,75.40730906708835,-318.0755574368131,530.7391965892261
11717.124664336236,-6163.562350461773,-54282.73689031333,-24774.758156136744,-17522.33149462932,-22662.7044610466,433.9342893053475,27943.984800706807,-23920.232909941522,-31216.71335114675,-17118.53658926337,17605.749334005835,-10207.614734975152,-38619.575002293714,20236.02361342764,-3400.957991907977,20288.72471822121,-4179.090159102637,57593.606230049154,-26602.525502459597,8295.260295886836,-1146.6122421122325,-11375.359387410008,34276.250667409775,12287.754264881592,-38663.4818968767,8861.95325207232,-19886.98136454053,22570.14930184917,6522.241930531993,-16862.026941863034,23696.350222303296,15701.713206405597,-5102.506357313112,-20348.67952352724,-23206.70714952915,10218.865831443416,-14329.17090469031,7529.328843061581,-9846.361522533918,25670.714300590116,4814.880793635964,-20500.5844609359,34226.54648141571
-10030.225737946235,5277.071587801801,46470.900416497374,21208.646661798848,15001.63044895369,19400.8524054324,-370.6298510791425,-23920.232909941522,20478.01396921593,26722.453194839578,14653.596302371237,-15072.369001896435,8739.222163817283,33062.56203052553,-17323.065661168268,2912.39929108092,-17366.598985074022,3576.971132026934,-49304.845005456744,22773.911600671177,-7101.422178695343,981.0548535986334,9738.045095205474,-29342.976489890778,-10519.721430140007,33098.44571670466,-7585.3934803265975,17024.63880479853,-19321.356130742275,-5583.933714273645,14435.623599532786,-20285.77773682932,-13441.870472169785,4366.59295448073,17420.96329160644,19865.417242564545,-8748.19958314959,12266.881614073216,-6444.979372396166,8429.388039594007,-21975.442641207417,-4120.52815575878,17549.28489047048,-29299.185667623336
-13089.618886263313,6885.435393932827,60642.19785495287,27676.69875281499,19575.500605777495,25317.67595818179,-484.19686209664394,-31216.71335114675,26722.453194839578,34873.650447407796,19123.933326749237,-19668.333988756556,11403.75565144916,43144.606781592345,-22606.428421045963,3799.5359466793516,-22664.890897271365,4667.921520989282,-64340.92383472841,29719.193069758578,-9267.305896123955,1281.0478745968937,12708.003787608704,-38291.62183067941,-13727.590820891419,43192.76828768006,-9899.459763909637,22216.476583694355,-25214.153918476368,-7286.472857781194,18837.15477875107,-26471.867187678665,-17540.917778772404,5699.643653056521,22732.76753811559,25925.18677196776,-11416.079383819986,16007.74044117527,-8410.940944025277,10999.385602695958,-28677.71897157753,-5378.094027177203,22901.432615345093,-38235.6535815894
-7178.161432557303,3775.6487209081674,33254.478557394905,15177.273104801836,10734.576149408294,13883.7357313244,-265.385061176253,-17118.53658926337,14653.596302371237,19123.933326749237,10487.441414769926,-10785.511812296734,6253.328510628776,23659.337213675233,-12396.725013507743,2083.3649853089637,-12429.141024293893,2559.6497678501646,-35282.71879910852,16297.202062600414,-5082.1280934104,702.4627605293612,6968.669033538479,-20998.012684163725,-7527.840772674293,23685.820332137548,-5428.56121951204,12182.818495055586,-13826.87210558542,-3995.562394473081,10329.38333123932,-14516.181305350518,-9618.859103955236,3125.6858130137875,12465.801355813015,14216.854744939392,-6260.181856727337,8778.229381555075,-4612.285814758965,6031.580310667807,-15726.196828461356,-2949.251689127201,12558.49923109465,-20967.603269653533
7382.606074171394,-3884.2140009653367,-34204.25801489768,-15610.271370029612,-11041.902957919647,-14279.790274158477,272.4847439476401,17605.749334005835,-15072.369001896435,-19668.333988756556,-10785.511812296734,11093.8716928654,-6432.391214349528,-24335.38184633823,12750.21476687238,-2143.6894460630106,12782.16225900639,-2632.580939432731,36289.99325007811,-16762.31899075075,5226.987703676289,-721.8422420438501,-7167.416533182261,21597.296742218386,7742.927877306083,-24361.51452764528,5582.8339784410255,-12530.647256789778,14221.166563059061,4109.9117070806005,-10624.886879336971,14930.81630940322,9893.607281154655,-3213.695537890808,-12822.432089931412,-14621.381633197534,6438.897012185235,-9028.846579240382,4743.533005018713,-6204.263425871796,16174.629882986152,3032.6253215438514,-12916.758443602088,21565.053110824123
-4280.396841614144,2252.1238434727034,19832.03317978534,9050.791396173925,6402.3818073004595,8279.47639484378,-157.86242644522804,-10207.614734975152,8739.222163817283,11403.75565144916,6253.328510628776,-6432.391214349528,3729.778583995542,14110.110094135487,-7392.622508665,1243.0740668906544,-7410.8411044913355,1526.199025598735,-21041.379299048538,9719.009233125027,-3030.611957507334,418.5718529240096,4155.759753275493,-12522.278719936541,-4489.524870513715,14124.944633609417,-3236.780498882805,7265.332750634731,-8245.473965406769,-2383.0647157829685,6160.525367839489,-8657.00168901532,-5736.382595853632,1863.0781274110566,7434.757146780578,8477.45322316829,-3733.4101321677417,5234.988071957104,-2750.2333813284463,3597.233555737634,-9378.005583895072,-1758.0746837841773,7489.031257022553,-12503.32446023528
-16194.42454363273,8520.074691739876,75030.37162694428,34242.441435229055,24221.57223758134,31324.211763690462,-597.42047888408365,-38619.575002293714,33062.56203052553,43144.606781592345,23659.337213675233,-24335.38184633823,14110.110094135487,53382.403844049026,-27968.70520064049,4702.319286611387,-28038.808316831706,5774.3243725758575,-79605.66262989998,36769.93215725968,-11466.200859486184,1583.6611299676615,15722.457887010883,-47375.72875570997,-16985.062003322844,53439.29789935002,-12246.15519714014,27486.916796589103,-31195.5004418398,-9015.529065126839,23306.365932024015,-32751.723321943216,-21702.359014737278,7049.385837651386,28127.216910193467,32073.567481887123,-14124.355660963596,19805.580982711374,-10405.137817170451,13609.191410327414,-35480.470221402466,-6651.88940366285,28333.593169768374,-47304.86971538808
8485.269595916225,-4463.840623018633,-39311.629946657165,-17941.529052234106,-12690.117987764042,-16412.174363834667,313.80782522753304,20236.02361342764,-17323.065661168268,-22606.428421045963,-12396.725013507743,12750.21476687238,-7392.622508665,-27968.70520064049,14654.607341163357,-2463.3292375567707,14692.109559334755,-3026.1235600722243,41709.19179081198,-19265.484505948396,6007.445856898488,-830.1651521061608,-8237.927510170328,24822.6450654758,8898.95851968839,-27999.743373240624,6417.2416088873915,-14401.996902902943,16345.035548654208,4723.53735813871,-12211.50457018846,17160.65984104676,11371.061417471754,-3694.517077460684,-14736.808046816073,-16805.65360505235,7400.489222933131,-10377.106295352483,5452.370239162075,-7130.687130655004,18590.336938267785,3486.2751244489505,-14846.040865243955,24786.12355387323
-1426.1927319861136,750.8019047103721,6608.988592569954,3015.986369402481,2133.8937233860142,2758.949322355575,-52.373033501281014,-3400.957991907977,2912.39929108092,3799.5359466793516,2083.3649853089637,-2143.6894460630106,1243.0740668906544,4702.319286611387,-2463.3292375567707,414.5872184767484,-2468.8444964574605,508.5272354870193,-7011.801802086661,3238.7116497526276,-1009.8906799538987,139.21094464916217,1384.7761911747273,-4172.865272055058,-1496.1785814249392,4706.794767509373,-1078.3039694003526,2421.097020058226,-2747.535725810268,-794.2430820513424,2053.1316375016995,-2884.8923517367116,-1911.6251240329902,620.3423110864726,2477.846631894885,2824.4784016638105,-1244.096836775243,1744.512140023362,-916.2915937236885,1198.9294395371276,-3124.9226584193193,-585.4926965557723,2495.5067077791136,-4166.136545562176
8507.213014482595,-4474.608837364866,-39410.79093741916,-17987.342938580645,-12721.426665552897,-16453.968984479652,315.1820148633078,20288.72471822121,-17366.598985074022,-22664.890897271365,-12429.141024293893,12782.16225900639,-7410.8411044913355,-28038.808316831706,14692.109559334755,-2468.8444964574605,14730.960442629012,-3034.1358467129726,41814.7185833172,-19314.292917395946,6022.728671025755,-832.696958201198,-8258.919618267086,24885.626749798248,8921.22730317766,-28071.055292382094,6434.271596508235,-14438.521243628056,16386.816547835017,4735.218083499685,-12242.02458567089,17204.12182926515,11399.842150839966,-3705.0301503255137,-14773.449301471424,-16849.296911772035,7419.19279798286,-10403.406109282416,5466.649036346816,-7148.5161693642785,18637.945721454456,3496.0364412433614,-14884.115323682921,24849.972618965163
-1752.1033112830005,921.8009610980314,8116.839270803697,3704.8251151875743,2619.887952451852,3388.6362777070385,-65.35190078774745,-4179.090159102637,3576.971132026934,4667.921520989282,2559.6497678501646,-2632.580939432731,1526.199025598735,5774.3243725758575,-3026.1235600722243,508.5272354870193,-3034.1358467129726,625.4931622889437,-8611.96867692078,3977.8036989934035,-1240.1548727736358,171.44775979809245,1701.0163265133272,-5125.496257050087,-1837.1987576559484,5781.486644383794,-1325.6058568111298,2973.9890886318344,-3374.9560870873706,-975.2622878324526,2521.7756850450096,-3543.8146715436683,-2348.0952304065536,763.3638866837024,3042.7207532662537,3470.205708565871,-1528.0397403596992,2142.705363970113,-1126.2231338694592,1472.757756413351,-3838.773356355251,-720.5489321240655,3066.0316101266812,-5118.214300597126
24150.34598254726,-12705.367774943588,-111889.11292770771,-51064.64647661248,-36119.63332151845,-46712.32414703549,892.0080937465008,57593.606230049154,-49304.845005456744,-64340.92383472841,-35282.71879910852,36289.99325007811,-21041.379299048538,-79605.66262989998,41709.19179081198,-7011.801802086661,41814.7185833172,-8611.96867692078,118712.55124657616,-54833.356496648914,17098.665160117453,-2362.182665423353,-23446.484225975157,70649.76240493274,25328.626286463306,-79692.2266244881,18263.42158620363,-40990.51818901037,46520.81993345214,13444.31599275528,-34756.11496471499,48841.96453462381,32364.0549746371,-10513.782120673024,-41944.43123261106,-47830.96829582962,21063.160595240937,-29535.24319008016,15517.614483664172,-20295.105888785765,52911.093078734266,9921.106541878598,-42253.7162078528,70544.87939746221
-11155.08173730236,5868.515778263431,51681.59989591653,23586.786604961082,16683.64368564086,21576.476433383294,-412.0123972650323,-26602.525502459597,22773.911600671177,29719.193069758578,16297.202062600414,-16762.31899075075,9719.009233125027,36769.93215725968,-19265.484505948396,3238.7116497526276,-19314.292917395946,3977.8036989934035,-54833.356496648914,25327.606713483667,-7897.93331896516,1091.1776039149279,10829.958429452345,-32633.135340749715,-11699.342483754212,36809.87026902645,-8435.863398601618,18933.463485154396,-21487.987530817692,-6209.9324580065,16053.808688504238,-22560.04503794202,-14948.933822535242,4856.381698303268,19374.124308679035,22093.230736931484,-9729.088402863686,13642.345771011604,-7167.57654203198,9374.231225217462,-24439.62366395404,-4582.532304098839,19516.916027124174,-32584.70424764062
3478.5040216242073,-1829.8953245139376,-16115.946662715462,-7355.06675033412,-5202.547714610836,-6728.342887276735,128.23193033307456,8295.260295886836,-7101.422178695343,-9267.305896123955,-5082.1280934104,5226.987703676289,-3030.611957507334,-11466.200859486184,6007.445856898488,-1009.8906799538987,6022.728671025755,-1240.1548727736358,17098.665160117453,-7897.93331896516,2463.0521602919785,-340.19481493091416,-3377.0476828402457,10175.964769425953,3648.2873995709915,-11478.407241783221,2630.343548192139,-5903.88525114259,6700.638130270406,1936.407990790521,-5005.7443494143145,7034.599861244343,4661.413757024613,-1514.2133321699741,-6041.359870162314,-6889.330178960017,3033.741794631897,-4254.0721154899265,2234.867784403117,-2922.956224037379,7621.025340993165,1428.708437673024,-6085.7242388535815,10160.880417208484
-480.60615010892695,252.35715496781148,2226.085501717768,1015.9881408521154,718.2870521061005,929.3614425366051,-18.130617242160493,-1146.6122421122325,981.0548535986334,1281.0478745968937,702.4627605293612,-721.8422420438501,418.5718529240096,1583.6611299676615,-830.1651521061608,139.21094464916217,-832.696958201198,171.44775979809245,-2362.182665423353,1091.1776039149279,-340.19481493091416,47.57655592099915,466.7466684746432,-1405.8991522518354,-503.93904620350025,1585.848198417433,-363.7446412336846,815.6353147426402,-925.7505528906607,-267.53027492579685,691.5874045851515,-971.8732037871946,-643.8980744694513,209.74380956075504,834.4117412617387,952.3563781106152,-419.2234491166355,587.6035280340432,-309.02219504310335,403.6157313978196,-1052.9185572371102,-197.73429273026474,840.7479349696464,-1404.0101563598644
-4769.859570732881,2509.2452141880294,22098.698894262863,10085.575418543733,7133.690050680607,9225.903418012349,-176.37394265589154,-11375.359387410008,9738.045095205474,12708.003787608704,6968.669033538479,-7167.416533182261,4155.759753275493,15722.457887010883,-8237.927510170328,1384.7761911747273,-8258.919618267086,1701.0163265133272,-23446.484225975157,10829.958429452345,-3377.0476828402457,466.7466684746432,4630.915504094448,-13953.819963883401,-5002.529287413798,15739.756811770216,-3607.302554440339,8095.919321276926,-9188.176080169373,-2655.356758740452,6864.622692935034,-9646.660384934738,-6392.099290109411,2076.7602102012397,8284.234879315056,9447.127237327353,-4160.147073508686,5833.370337040845,-3064.955057626729,4008.3909127807697,-10450.325228786982,-1959.6471793360386,8345.41608677019,-13933.171470695888
14372.68905490142,-7561.354493932085,-66588.84499675111,-30390.379879719203,-21495.799934451847,-27800.0457020734,531.0991428871943,34276.250667409775,-29342.976489890778,-38291.62183067941,-20998.012684163725,21597.296742218386,-12522.278719936541,-47375.72875570997,24822.6450654758,-4172.865272055058,24885.626749798248,-5125.496257050087,70649.76240493274,-32633.135340749715,10175.964769425953,-1405.8991522518354,-13953.819963883401,42046.15712175598,15073.805611883723,-47427.582108313334,10869.439939084546,-24394.89522618033,27686.13742451106,8001.139286500371,-20684.586867178507,29067.623651008584,19260.990881780646,-6257.338113081535,-24962.417036632232,-28465.99397373261,12535.375953822524,-17577.40954070929,9235.200414093597,-12078.367731492068,31489.28971783153,5904.625393145472,-25146.78955716817,41983.85424545188
5152.659883752431,-2710.8383134786723,-23872.868622643633,-10895.07628008692,-7706.753297355052,-9966.588238005974,190.0514408541139,12287.754264881592,-10519.721430140007,-13727.590820891419,-7527.840772674293,7742.927877306083,-4489.524870513715,-16985.062003322844,8898.95851968839,-1496.1785814249392,8921.22730317766,-1837.1987576559484,25328.626286463306,-11699.342483754212,3648.2873995709915,-503.93904620350025,-5002.529287413798,15073.805611883723,5404.2847368264,-17003.084635836127,3896.367097047266,-8745.655384891203,9925.637152249212,2868.5503333926445,-7415.530202151009,10420.766734956242,6905.133253891313,-2242.919697720032,-8949.44032240032,-10205.036747170465,4494.046068308241,-6301.6456567428695,3310.640099054288,-4330.083114058318,11288.994248104156,2116.4091830689013,-9014.986059409808,15051.202683868978
-16212.42773013083,8529.061093575592,75111.52040108576,34280.14286694862,24246.95368619706,31358.306655960812,-599.0429204659839,-38663.4818968767,33098.44571670466,43192.76828768006,23685.820332137548,-24361.51452764528,14124.944633609417,53439.29789935002,-27999.743373240624,4706.794767509373,-28071.055292382094,5781.486644383794,-79692.2266244881,36809.87026902645,-11478.407241783221,1585.848198417433,15739.756811770216,-47427.582108313334,-17003.084635836127,53497.9523335812,-12260.674705394676,27517.195800827467,-31229.791407655972,-9025.093389396976,23331.81620095481,-32787.911080324855,-21726.177111111727,7058.421401053618,28157.221506031994,32109.53232988106,-14139.7747306409,19827.184546634093,-10417.272153544904,13624.208521273735,-35519.685907590094,-6660.534868677278,28365.433268178418,-47357.56022134873
3715.693811354045,-1954.4742644595688,-17213.374128932664,-7856.467199233491,-5556.140251962995,-7186.505960576313,138.04804085788518,8861.95325207232,-7585.3934803265975,-9899.459763909637,-5428.56121951204,5582.8339784410255,-3236.780498882805,-12246.15519714014,6417.2416088873915,-1078.3039694003526,6434.271596508235,-1325.6058568111298,18263.42158620363,-8435.863398601618,2630.343548192139,-363.7446412336846,-3607.302554440339,10869.439939084546,3896.367097047266,-12260.674705394676,2810.697082121279,-6306.478186907816,7157.287317719085,2068.213192598596,-5347.2758419421525,7514.638642543996,4979.294446672657,-1618.517252357636,-6452.586962129942,-7359.383010513335,3240.5241297266057,-4543.9410394142205,2387.9314365253294,-3122.5161028401817,8140.6021183743615,1527.350048781297,-6501.307515779228,10853.943943101305
-8338.953872896718,4387.16624610087,38634.382638849405,17632.34120795915,12471.696377081644,16129.318272816121,-308.243495767719,-19886.98136454053,17024.63880479853,22216.476583694355,12182.818495055586,-12530.647256789778,7265.332750634731,27486.916796589103,-14401.996902902943,2421.097020058226,-14438.521243628056,2973.9890886318344,-40990.51818901037,18933.463485154396,-5903.88525114259,815.6353147426402,8095.919321276926,-24394.89522618033,-8745.655384891203,27517.195800827467,-6306.478186907816,14153.908133529354,-16063.306665477943,-4642.199009353552,12001.209921232141,-16865.020704677496,-11175.161673303875,3630.543653701675,14483.059107645213,16515.713798934186,-7272.955355724228,10198.314306605369,-5358.332152538501,7007.989632649083,-18269.93517367566,-3426.038266307575,14590.236640349203,-24358.783651483893
9464.166179661763,-4978.825669845845,-43846.80426242858,-20011.292478643867,-14154.24299708279,-18305.66920170468,349.7119148746996,22570.14930184917,-19321.356130742275,-25214.153918476368,-13826.87210558542,14221.166563059061,-8245.473965406769,-31195.5004418398,16345.035548654208,-2747.535725810268,16386.816547835017,-3374.9560870873706,46520.81993345214,-21487.987530817692,6700.638130270406,-925.7505528906607,-9188.176080169373,27686.13742451106,9925.637152249212,-31229.791407655972,7157.287317719085,-16063.306665477943,18230.64319532649,5268.414924129509,-13619.984013898278,19140.09308498455,12682.777055479386,-4120.480315489488,-16436.865717204873,-18744.24216338351,8254.157038936519,-11574.243324675232,6081.150778567701,-7953.145858359811,20734.903437108194,3888.1710149930273,-16558.501850178778,27645.38914447258
2734.9045724298694,-1438.9321900814696,-12671.581184241766,-5782.986126667406,-4090.7125572730633,-5290.08192801138,100.98972589256225,6522.241930531993,-5583.933714273645,-7286.472857781194,-3995.562394473081,4109.9117070806005,-2383.0647157829685,-9015.529065126839,4723.53735813871,-794.2430820513424,4735.218083499685,-975.2622878324526,13444.31599275528,-6209.9324580065,1936.407990790521,-267.53027492579685,-2655.356758740452,8001.139286500371,2868.5503333926445,-9025.093389396976,2068.213192598596,-4642.199009353552,5268.414924129509,1522.6903547856355,-3936.3219436179893,5531.41594014151,3665.2485445659217,-1190.485256065998,-4750.405856017294,-5416.713200436052,2385.447311693099,-3344.8565041302277,1757.3111506492949,-2298.4730289760932,5992.105311609601,1123.373578165121,-4785.111607835333,7989.008929137508
-7070.449611009343,3720.0606035666833,32758.36897860687,14950.46397966842,10574.968943838276,13675.906655760855,-261.5036615346763,-16862.026941863034,14435.623599532786,18837.15477875107,10329.38333123932,-10624.886879336971,6160.525367839489,23306.365932024015,-12211.50457018846,2053.1316375016995,-12242.02458567089,2521.7756850450096,-34756.11496471499,16053.808688504238,-5005.7443494143145,691.5874045851515,6864.622692935034,-20684.586867178507,-7415.530202151009,23331.81620095481,-5347.2758419421525,12001.209921232141,-13619.984013898278,-3936.3219436179893,10176.381466240307,-14300.223446594526,-9475.597193107085,3078.1659158711905,12280.568579632334,14003.479619398835,-6166.8553595085705,8647.210416458502,-4543.373711220188,5942.346813894899,-15490.97995328286,-2904.84191370798,12371.099898859367,-20653.59559440923
9936.204212694343,-5227.5745416931495,-46034.522642336975,-21009.773245855886,-14860.498334979378,-19218.72303975759,367.51118798993656,23696.350222303296,-20285.77773682932,-26471.867187678665,-14516.181305350518,14930.81630940322,-8657.00168901532,-32751.723321943216,17160.65984104676,-2884.8923517367116,17204.12182926515,-3543.8146715436683,48841.96453462381,-22560.04503794202,7034.599861244343,-971.8732037871946,-9646.660384934738,29067.623651008584,10420.766734956242,-32787.911080324855,7514.638642543996,-16865.020704677496,19140.09308498455,5531.41594014151,-14300.223446594526,20095.650158692733,13315.821722046016,-4326.050729309187,-17257.247662562575,-19679.18725714772,8666.074166597018,-12151.773646931633,6384.792909857361,-8350.475948857178,21769.3936792049,4082.4142342131163,-17385.041532393727,29024.572065762746
6584.025572375774,-3463.9552079252107,-30503.834468618534,-13921.683675297263,-9847.067027503366,-12734.967028599596,243.3758942718745,15701.713206405597,-13441.870472169785,-17540.917778772404,-9618.859103955236,9893.607281154655,-5736.382595853632,-21702.359014737278,11371.061417471754,-1911.6251240329902,11399.842150839966,-2348.0952304065536,32364.0549746371,-14948.933822535242,4661.413757024613,-643.8980744694513,-6392.099290109411,19260.990881780646,6905.133253891313,-21726.177111111727,4979.294446672657,-11175.161673303875,12682.777055479386,3665.2485445659217,-9475.597193107085,13315.821722046016,8823.413355623345,-2866.4498602585954,-11435.1307387953,-13039.92667808669,5742.353368569476,-8052.12714066356,4230.635680625602,-5533.181684098031,14424.986535819467,2704.9792669065705,-11519.719355511275,19232.460598433405
-2139.307120639574,1124.798769102345,9909.084137201458,4522.98632755547,3198.0463432788083,4137.178884198407,-79.86205597301138,-5102.506357313112,4366.59295448073,5699.643653056521,3125.6858130137875,-3213.695537890808,1863.0781274110566,7049.385837651386,-3694.517077460684,620.3423110864726,-3705.0301503255137,763.3638866837024,-10513.782120673024,4856.381698303268,-1514.2133321699741,209.74380956075504,2076.7602102012397,-6257.338113081535,-2242.919697720032,7058.421401053618,-1618.517252357636,3630.543653701675,-4120.480315489488,-1190.485256065998,3078.1659158711905,-4326.050729309187,-2866.4498602585954,932.4885948431,3714.2585300397027,4237.282178029596,-1865.5133782316254,2615.8557424737205,-1375.0064600961323,1797.4654682887874,-4686.624597185688,-879.8595368971137,3742.937486110508,-6248.937632880775
-8532.751531853373,4489.428899994618,39533.688836529785,18042.3736298235,12762.474237257826,16504.594844994037,-314.9296327670192,-20348.67952352724,17420.96329160644,22732.76753811559,12465.801355813015,-12822.432089931412,7434.757146780578,28127.216910193467,-14736.808046816073,2477.846631894885,-14773.449301471424,3042.7207532662537,-41944.43123261106,19374.124308679035,-6041.359870162314,834.4117412617387,8284.234879315056,-24962.417036632232,-8949.44032240032,28157.221506031994,-6452.586962129942,14483.059107645213,-16436.865717204873,-4750.405856017294,12280.568579632334,-17257.247662562575,-11435.1307387953,3714.2585300397027,14820.49423228279,16899.424026733093,-7442.214360699761,10435.611439425486,-5482.590893414875,7170.9886855721315,-18694.66604116774,-3504.9661627491514,14929.17536920414,-24924.86041693062
-9730.883722133949,5118.5776913697255,45081.32615000981,20574.94084295465,14552.29614403452,18821.200978432855,-360.04650318390793,-23206.70714952915,19865.417242564545,25925.18677196776,14216.854744939392,-14621.381633197534,8477.45322316829,32073.567481887123,-16805.65360505235,2824.4784016638105,-16849.296911772035,3470.205708565871,-47830.96829582962,22093.230736931484,-6889.330178960017,952.3563781106152,9447.127237327353,-28465.99397373261,-10205.036747170465,32109.53232988106,-7359.383010513335,16515.713798934186,-18744.24216338351,-5416.713200436052,14003.479619398835,-19679.18725714772,-13039.92667808669,4237.282178029596,16899.424026733093,19272.91025802725,-8486.685312497137,11900.1647248697,-6252.754676269307,8176.929737877067,-21319.082499265598,-3998.2134403100126,17025.00222338061,-28424.530640819685
4284.974240888106,-2254.27542196705,-19852.406510984292,-9060.331610569729,-6408.658088909431,-8288.093961678163,158.33965002183047,10218.865831443416,-8748.19958314959,-11416.079383819986,-6260.181856727337,6438.897012185235,-3733.4101321677417,-14124.355660963596,7400.489222933131,-1244.096836775243,7419.19279798286,-1528.0397403596992,21063.160595240937,-9729.088402863686,3033.741794631897,-419.2234491166355,-4160.147073508686,12535.375953822524,4494.046068308241,-14139.7747306409,3240.5241297266057,-7272.955355724228,8254.157038936519,2385.447311693099,-6166.8553595085705,8666.074166597018,5742.353368569476,-1865.5133782316254,-7442.214360699761,-8486.685312497137,3737.284067590098,-5240.424498043756,2753.3442005844745,-3600.958163818067,9387.959123509203,1760.3482905704752,-7497.070284994618,12516.734639627824
-6008.5845643146695,3161.1357852892716,27837.64703624111,12704.839174701665,8986.4331217959,11621.943642486853,-221.94798677743643,-14329.17090469031,12266.881614073216,16007.74044117527,8778.229381555075,-9028.846579240382,5234.988071957104,19805.580982711374,-10377.106295352483,1744.512140023362,-10403.406109282416,2142.705363970113,-29535.24319008016,13642.345771011604,-4254.0721154899265,587.6035280340432,5833.370337040845,-17577.40954070929,-6301.6456567428695,19827.184546634093,-4543.9410394142205,10198.314306605369,-11574.243324675232,-3344.8565041302277,8647.210416458502,-12151.773646931633,-8052.12714066356,2615.8557424737205,10435.611439425486,11900.1647248697,-5240.424498043756,7348.3362528165435,-3860.7694891420488,5049.437066063152,-13164.12635265359,-2468.4364295602877,10512.708070413604,-17551.387827404913
3157.000385970265,-1660.680118824933,-14625.467697049464,-6675.188194022359,-4720.951906216896,-6105.989208938774,117.15353277302431,7529.328843061581,-6444.979372396166,-8410.940944025277,-4612.285814758965,4743.533005018713,-2750.2333813284463,-10405.137817170451,5452.370239162075,-916.2915937236885,5466.649036346816,-1126.2231338694592,15517.614483664172,-7167.57654203198,2234.867784403117,-309.02219504310335,-3064.955057626729,9235.200414093597,3310.640099054288,-10417.272153544904,2387.9314365253294,-5358.332152538501,6081.150778567701,1757.3111506492949,-4543.373711220188,6384.792909857361,4230.635680625602,-1375.0064600961323,-5482.590893414875,-6252.754676269307,2753.3442005844745,-3860.7694891420488,2028.8465187879715,-2653.0831016456714,6916.598881739761,1297.573553590727,-5523.760949970924,9221.875827930595
-4128.70652039124,2172.4725410862484,19128.65673675972,8730.21455262673,6175.070107938846,7985.82898896494,-152.71268326391112,-9846.361522533918,8429.388039594007,10999.385602695958,6031.580310667807,-6204.263425871796,3597.233555737634,13609.191410327414,-7130.687130655004,1198.9294395371276,-7148.5161693642785,1472.757756413351,-20295.105888785765,9374.231225217462,-2922.956224037379,403.6157313978196,4008.3909127807697,-12078.367731492068,-4330.083114058318,13624.208521273735,-3122.5161028401817,7007.989632649083,-7953.145858359811,-2298.4730289760932,5942.346813894899,-8350.475948857178,-5533.181684098031,1797.4654682887874,7170.9886855721315,8176.929737877067,-3600.958163818067,5049.437066063152,-2653.0831016456714,3470.1525689274813,-9045.757318866868,-1696.411117867691,7224.153336820826,-12060.357923030193
10764.206719812273,-5662.761152832498,-49869.754393492265,-22760.216300203716,-16098.43100850033,-20820.158698609477,397.91881208582237,25670.714300590116,-21975.442641207417,-28677.71897157753,-15726.196828461356,16174.629882986152,-9378.005583895072,-35480.470221402466,18590.336938267785,-3124.9226584193193,18637.945721454456,-3838.773356355251,52911.093078734266,-24439.62366395404,7621.025340993165,-1052.9185572371102,-10450.325228786982,31489.28971783153,11288.994248104156,-35519.685907590094,8140.6021183743615,-18269.93517367566,20734.903437108194,5992.105311609601,-15490.97995328286,21769.3936792049,14424.986535819467,-4686.624597185688,-18694.66604116774,-21319.082499265598,9387.959123509203,-13164.12635265359,6916.598881739761,-9045.757318866868,23583.264167475623,4422.4604576478305,-18833.229823050653,31443.014180145114
2018.6817983438111,-1061.6477369368124,-9350.541083345817,-4268.086193547093,-3017.833235623153,-3903.9002720456624,75.40730906708835,4814.880793635964,-4120.52815575878,-5378.094027177203,-2949.251689127201,3032.6253215438514,-1758.0746837841773,-6651.88940366285,3486.2751244489505,-585.4926965557723,3496.0364412433614,-720.5489321240655,9921.106541878598,-4582.532304098839,1428.708437673024,-197.73429273026474,-1959.6471793360386,5904.625393145472,2116.4091830689013,-6660.534868677278,1527.350048781297,-3426.038266307575,3888.1710149930273,1123.373578165121,-2904.84191370798,4082.4142342131163,2704.9792669065705,-879.8595368971137,-3504.9661627491514,-3998.2134403100126,1760.3482905704752,-2468.4364295602877,1297.573553590727,-1696.411117867691,4422.4604576478305,830.3979501707836,-3532.207314693038,5896.653892577162
-8596.16235760724,4522.416192915823,39824.91884328477,18176.070208695386,12855.733208489191,16626.515368888322,-318.0755574368131,-20500.5844609359,17549.28489047048,22901.432615345093,12558.49923109465,-12916.758443602088,7489.031257022553,28333.593169768374,-14846.040865243955,2495.5067077791136,-14884.115323682921,3066.0316101266812,-42253.7162078528,19516.916027124174,-6085.7242388535815,840.7479349696464,8345.41608677019,-25146.78955716817,-9014.986059409808,28365.433268178418,-6501.307515779228,14590.236640349203,-16558.501850178778,-4785.111607835333,12371.099898859367,-17385.041532393727,-11519.719355511275,3742.937486110508,14929.17536920414,17025.00222338061,-7497.070284994618,10512.708070413604,-5523.760949970924,7224.153336820826,-18833.229823050653,-3532.207314693038,15040.401631924486,-25109.98444155401
14351.766677048201,-7549.840190341277,-66489.80408816013,-30345.663115529587,-21463.299593878717,-27759.03209617107,530.7391965892261,34226.54648141571,-29299.185667623336,-38235.6535815894,-20967.603269653533,21565.053110824123,-12503.32446023528,-47304.86971538808,24786.12355387323,-4166.136545562176,24849.972618965163,-5118.214300597126,70544.87939746221,-32584.70424764062,10160.880417208484,-1404.0101563598644,-13933.171470695888,41983.85424545188,15051.202683868978,-47357.56022134873,10853.943943101305,-24358.783651483893,27645.38914447258,7989.008929137508,-20653.59559440923,29024.572065762746,19232.460598433405,-6248.937632880775,-24924.86041693062,-28424.530640819685,12516.734639627824,-17551.387827404913,9221.875827930595,-12060.357923030193,31443.014180145114,5896.653892577162,-25109.98444155401,41922.45209707552
