V1,V2,V3,V4,V5,V6,V7,V8,V9,V10,V11,V12,V13,V14,V15,V16,V17,V18,V19,V20,V21,V22,V23,V24,V25,V26,V27,V28,V29,V30,V31,V32,V33,V34,V35,V36,V37,V38,V39,V40,V41,V42,V43,V44
1.9048757039677653,2.6465541065389178,2.933365121592129,-0.9239974731120522,3.9320986780478098,0.2092809484246077,3.1515626495114484,5.969551759852279,1.1988250616371623,-4.85023387205265,-3.6634329371288357,-1.6957847344286805,1.6844266217571247,4.050460530752128,1.604785301326416,2.9991050778357926,6.6776212698004,-1.8719397116584706,-1.3893851191440125,0.10045508897614369,-0.811629237609196,-2.5940028647277407,-0.795880872743521,-0.6547159412132344,-1.1217038299767876,-0.8372512667632508,3.259279242575551,-0.11421853027123327,0.8965602892027342,-1.0432716865976785,0.7370150671403604,0.270470523381901,-0.31718286337984897,-5.636784184652407,2.607046835555863,-4.207374932123529,0.13508903340631753,0.11542902104182112,2.539947077073018,0.5697622082549951,1.274458997405349,4.679618123510125,-1.8799174754433632,3.2007819020929524
2.6465541065389178,4.275300806883756,5.746100520425113,-1.1690187222952504,6.9714326002195195,0.5098802577085464,5.181140866314858,9.70837601525556,2.597702856335536,-7.62778040803323,-5.868634726233546,-3.285642542928253,3.4593582488536976,7.649448713441849,2.379867747260548,5.0955362935651065,10.856785308873173,-3.1746971272839493,-3.199781553812647,0.8493898751968082,-1.0715901345237446,-4.062767211161496,-0.980694570156445,-0.9606675717228966,-2.383199989101837,-0.9929351065475237,5.600011583561584,0.014399439471825383,1.2936257383371914,-1.9099813899692522,1.9165071231772237,0.04047409669464822,-0.6891141422663309,-8.918859428649725,5.053842526994286,-6.749211140551073,-0.1504629956353326,0.5450089077978637,3.9499032418793405,1.2414312614978644,2.124877548481589,7.488834096948029,-2.9601440855525967,5.422579844931637
2.933365121592129,5.746100520425113,9.371957401081437,-0.8290059760819609,9.99124619234034,1.2244393591837204,6.885824326385315,12.311131810667213,4.384210997259671,-9.300975011718709,-7.377645219405595,-5.084999034024375,5.323896006022574,11.659907956532148,2.587068379327674,6.970177764517993,13.973496721323174,-4.2199435372926075,-6.038599536943181,2.148394799448084,-1.3819707180930254,-5.230083661167221,-0.8436728755412901,-1.8352954637635432,-3.8131911554546423,-0.3053722291361208,7.470985650356886,0.5441110874081054,1.160868899692712,-2.81159619552696,3.405478916636524,-0.7004133145222071,-1.3374214813319856,-11.51142649443776,7.691535334066601,-8.419378555094983,-0.6722802131955671,1.2554892041164811,4.94927275332046,2.068608146360447,2.3665002167253966,9.722282177422914,-3.4555836927547743,6.691713902011385
-0.9239974731120522,-1.1690187222952504,-0.8290059760819609,0.9049327037871178,-2.054391781494644,0.403553433288232,-1.7006466788625376,-3.9142356134497165,-0.5136238036493872,3.195242433947089,2.3287408824407305,0.8491480268402579,-1.2326690402131328,-1.942693490421258,-1.2124729316668195,-1.6572066408715003,-4.058742870532722,1.212450218696645,-0.10287675874558336,0.10430893020970441,-0.04403645362104059,1.2396969906494233,0.4631218092186609,-0.750900826673788,0.7313519455476408,1.2297778353558202,-2.2243653752404926,0.45978655236780896,-0.9751313112760297,0.5444055139186608,-0.5430897593803596,-0.46791148105893327,-0.1376641674632,2.8576862403851857,-1.4983129806436795,2.7801245623273445,-0.03626916183527983,0.04305411080727591,-1.382088203108389,-0.29382569929279956,-1.455709022541664,-2.465463111578002,1.487062413429353,-2.8534271686482415
3.9320986780478098,6.9714326002195195,9.99124619234034,-2.054391781494644,12.359280831310112,0.5199758243302411,8.856767495149764,17.18817987522727,4.936295678293967,-13.272814185978934,-10.229451743902784,-6.049320685594023,6.932196770431827,13.82680646406801,4.158353302897622,8.915316318889975,18.895751907454887,-5.728536148311403,-5.531507942554559,1.9807731506303279,-1.082060182348653,-6.58097773235248,-1.3796830341020736,-0.41436406531194014,-4.7426134749773645,-2.094545302479061,10.284192854703079,-0.17259323669951418,2.5247381343110793,-3.4427595831036313,4.130812169958835,-0.012295653075141064,-1.036148252551404,-14.710065526249833,9.503583325883936,-11.881141627751308,-0.6695142359766553,1.1852810354921204,6.534710454306274,2.414817263102748,4.436032411739718,12.535371609817943,-5.404914430951882,10.5660513705945
0.2092809484246077,0.5098802577085464,1.2244393591837204,0.403553433288232,0.5199758243302411,0.5966000739061523,0.29335434607797445,-0.19847721716270217,0.35480126967238246,0.21967153382664464,0.0592297647634153,-0.30814781159633486,-0.07633388875330424,0.7958104218100615,-0.26078383677369005,0.26451097507253407,0.11739844433126005,0.02525442821209115,-1.184647865780188,0.2890663831456871,-0.5457839781217604,-0.379146970442347,0.015164373782149486,-1.2170491573094142,-0.057495981186973515,0.8122015167436946,-0.1530768122844214,0.44597720812179625,-0.4685901075510335,-0.1485745958945403,0.027882137046108542,-0.3826196477508363,-0.3854953799910781,-0.663664941951524,0.26972795068060246,0.1781897293835392,-0.009211896777860959,0.18143392485620902,0.1868313789565732,0.11692968881043382,-0.6935401424802768,0.46572787679528793,0.34911253562407757,-0.8739952272492321
3.1515626495114484,5.181140866314858,6.885824326385315,-1.7006466788625376,8.856767495149764,0.29335434607797445,6.53579305877771,12.745797038055912,3.3161796109069153,-9.979663425836254,-7.630924244555736,-4.204893918521828,4.760645391061937,9.687054080733152,3.206508365570492,6.493681028655163,14.01112575245259,-4.1788869753714675,-3.59808714477159,1.1058236712734497,-0.9296627521133602,-4.959470196768404,-1.188201864869649,-0.3539644547114121,-3.2215083815018857,-1.7520254722278434,7.468260067424392,-0.23575966412902308,1.9614526918337263,-2.4393498978509784,2.684074047329383,0.20390731407091267,-0.6748280935336904,-11.032651142802871,6.615923845915541,-8.85933309966106,-0.3018720676050044,0.6909618485063517,4.9382745036534805,1.623962760583002,3.2662591198791153,9.354845243422275,-4.060693238995073,7.725930455586276
5.969551759852279,9.70837601525556,12.311131810667213,-3.9142356134497165,17.18817987522727,-0.19847721716270217,12.745797038055912,25.90835649325728,6.285455215092619,-20.32596987402464,-15.399992347938193,-8.112596583027452,9.795524783305778,18.554733484194124,6.774729267574981,12.727834806667262,28.010895055624882,-8.460476717692503,-5.751225368098297,1.9435044479046955,-1.0702030527688418,-9.421846939311449,-2.3530360732581475,0.9933671626261709,-6.492264940269223,-4.582109729179272,15.277861371151943,-1.0543823687536615,4.564507393672639,-4.737340302111574,5.478139834668269,0.8748479374895556,-0.8555766186224413,-21.216705667867988,13.069042171471523,-18.04211822862523,-0.6627110129360809,1.2134019946360886,9.629905946815889,3.1574854192427817,7.540176694092578,18.140431331866257,-8.631348263481332,16.788882420691273
1.1988250616371623,2.597702856335536,4.384210997259671,-0.5136238036493872,4.936295678293967,0.35480126967238246,3.3161796109069153,6.285455215092619,2.2367976487439374,-4.69281477038879,-3.6985825279355122,-2.569733398847684,2.9653706486940097,5.795128873368125,1.3590911183854102,3.4313077039886117,6.9466170796580355,-2.1771831550000997,-2.721421312658981,1.1655442934300349,-0.31039666454113174,-2.3643720591174344,-0.3193603371952351,-0.22603998277739168,-2.0795206327112905,-0.4606088413277529,3.936297379121923,0.1039213607282624,0.7772385703598832,-1.4064277662595852,1.9467086439778467,-0.285120065886697,-0.5250326687269894,-5.327373921130122,4.001534600730159,-4.286523404720537,-0.46498844338954254,0.662774323596114,2.315060710268181,1.0861263767493492,1.5814041289994807,4.581992869533978,-1.887789073040362,3.9083032423418755
-4.85023387205265,-7.62778040803323,-9.300975011718709,3.195242433947089,-13.272814185978934,0.21967153382664464,-9.979663425836254,-20.32596987402464,-4.69281477038879,16.04350140314286,12.11758631480145,6.171701369771349,-7.420797183276615,-14.166774530502783,-5.398944140222939,-9.905743812113332,-21.977681854744617,6.589624199162722,4.166720835103622,-1.2711946792674522,0.931886716066402,7.4499065256710635,1.9627785493286183,-0.7399142828561127,4.887710017935682,3.7310848416863176,-11.876558145697864,0.90141415297195715,-3.641614888883601,3.6377242534221663,-4.033639137012323,-0.8328490037371844,0.606973265775223,16.73935411202551,-9.953323633262896,14.190422736794622,0.3822065909315107,-0.8173670855827174,-7.624391873280566,-2.3612182338717433,-5.895448200914376,-14.278493063057994,6.807604513530171,-13.090132238563191
-3.6634329371288357,-5.868634726233546,-7.377645219405595,2.3287408824407305,-10.229451743902784,0.0592297647634153,-7.630924244555736,-15.399992347938193,-3.6985825279355122,12.11758631480145,9.190551147450819,4.802838441015586,-5.713216172782071,-11.012878352850647,-4.026866576071125,-7.590379102289627,-16.707049890833957,5.015222575996679,3.466916695509811,-1.0901989184072165,0.7653217476085497,5.697711407872767,1.4534021404475117,-0.37953813274034987,3.7882158330753493,2.6628310840564295,-9.031881758856043,0.592604508438358,-2.671876764399158,2.810145452239881,-3.1552865241916934,-0.5218114338139938,0.5402990544412732,12.792112734366391,-7.697592397586814,10.738687162049793,0.3315518271343216,-0.6804329604153239,-5.806078753232557,-1.848779153643407,-4.370646585364316,-10.905841342729385,5.103284842674754,-9.822517545882336
-1.6957847344286805,-3.285642542928253,-5.084999034024375,0.8491480268402579,-6.049320685594023,-0.30814781159633486,-4.204893918521828,-8.112596583027452,-2.569733398847684,6.171701369771349,4.802838441015586,3.0531682876860553,-3.5360076180309914,-6.922386926462237,-1.8754990162263634,-4.291518956488774,-8.922529174077876,2.7518676621364517,2.9650207219310385,-1.1847954833300078,0.42653686194119966,3.054111344382493,0.5395238478408201,0.17017958525857121,2.4429429042527295,0.8494220973504949,-4.964356971580349,0.00644927939826961,-1.1285903566233326,1.7035335976399195,-2.212061346103076,0.15535129170143783,0.5541632030007083,6.86548866554742,-4.784592442916007,5.576385820941547,0.4477008377255145,-0.6838849588955908,-3.026919006830045,-1.255164274198996,-2.105815610616335,-5.881806279259148,2.514280171656362,-5.056989945938799
1.6844266217571247,3.4593582488536976,5.323896006022574,-1.2326690402131328,6.932196770431827,-0.07633388875330424,4.760645391061937,9.795524783305778,2.9653706486940097,-7.420797183276615,-5.713216172782071,-3.5360076180309914,4.497822207399726,7.895777914181239,2.371244032941164,4.941383103853336,10.487104750715956,-3.330248704132312,-2.8312763885570496,1.3928394588840143,0.0379122512556744,-3.252384058154413,-0.5459547977371246,0.8602535804492887,-3.0363670657585935,-1.5683746959583722,6.118400018945745,-0.315376964089486,1.6792096878157812,-1.968282122940117,2.8398837759369933,0.006606883931257835,-0.39165186827459814,-7.500044815103516,5.722013341381802,-6.734001412944649,-0.6498639954258228,0.785238056703511,3.3681152151057425,1.4960972224081817,3.1028100903366167,6.5430719966358915,-3.2449713027328393,6.813505830482482
4.050460530752128,7.649448713441849,11.659907956532148,-1.942693490421258,13.82680646406801,0.7958104218100615,9.687054080733152,18.554733484194124,5.795128873368125,-14.166774530502783,-11.012878352850647,-6.922386926462237,7.895777914181239,15.757570676344885,4.306174433021426,9.836047795740063,20.47797247936743,-6.268089099232317,-6.802552256802488,2.5994807769495876,-1.1602305612295578,-7.123847205944489,-1.3135618648579652,-0.6791871763004703,-5.464175996139683,-1.8670303571023346,11.265721941093817,0.03065666285672893,2.5287216950733593,-3.881732892364806,4.885936222459928,-0.3317437569993781,-1.309532351007399,-15.941436359604571,10.81130834643072,-12.765980503668557,-0.9339490794222358,1.5212106250868722,7.01985509891825,2.819632200340345,4.665160889122224,13.611697349932829,-5.7127915301345,11.349155962129105
1.604785301326416,2.379867747260548,2.587068379327674,-1.2124729316668195,4.158353302897622,-0.26078383677369005,3.206508365570492,6.774729267574981,1.3590911183854102,-5.398944140222939,-4.026866576071125,-1.8754990162263634,2.371244032941164,4.306174433021426,1.8927227091660572,3.1672828804023716,7.228926366006568,-2.166662861578482,-0.9078802425097011,0.2448846368102441,-0.18631913109862716,-2.375806321034698,-0.6941136636075387,0.5774945946478534,-1.5208108464984258,-1.513232033517703,3.9251254655759644,-0.45057271222825523,1.3589799081589204,-1.1311403349560754,1.2242347993027967,0.4408551401533487,-0.06852412918233448,-5.372741919153569,3.0999165117010556,-4.750568514149142,-0.07547422386719657,0.17707812245403864,2.4852483353848003,0.7036642701171764,2.1397795115082876,4.599412421807765,-2.361603229133251,4.5473481497560595
2.9991050778357926,5.0955362935651065,6.970177764517993,-1.6572066408715003,8.915316318889975,0.26451097507253407,6.493681028655163,12.727834806667262,3.4313077039886117,-9.905743812113332,-7.590379102289627,-4.291518956488774,4.941383103853336,9.836047795740063,3.1672828804023716,6.497578177182482,13.950544977163485,-4.20216845417732,-3.6887476768526986,1.2456719541812007,-0.7967933486118619,-4.857204287705969,-1.1048754139930976,-0.18006617290694243,-3.349287068142096,-1.7479725209316161,7.5400352037440515,-0.23658331209812986,1.9685136813113866,-2.4689053769167915,2.858472334927966,0.14518656517900141,-0.6713992528353862,-10.852979446828698,6.773344456615798,-8.827664933875228,-0.39574443351658184,0.7590776000995751,4.853217997553309,1.6862567900121608,3.352069866579325,9.237231147778608,-4.064124894415032,7.861482043144343
6.6776212698004,10.856785308873173,13.973496721323174,-4.058742870532722,18.895751907454887,0.11739844433126005,14.01112575245259,28.010895055624882,6.9466170796580355,-21.977681854744617,-16.707049890833957,-8.922529174077876,10.487104750715956,20.47797247936743,7.228926366006568,13.950544977163485,30.489384363886604,-9.152458471458354,-6.829813195546092,2.1827829853859337,-1.532227827465698,-10.484883564373154,-2.594753218503698,0.32039390623852,-7.00283109768049,-4.5373327255409714,16.454199405462084,-0.9048870969868431,4.69587253847998,-5.202259747916881,5.860895275904378,0.7743181676134984,-1.1364927530332511,-23.484829090795113,14.235116744936072,-19.49942219992296,-0.6670637917055467,1.3664139352631222,10.604310059537003,3.4530593626131374,7.755811816551711,20.00381108923223,-9.175181491147102,17.66278562265466
-1.8719397116584706,-3.1746971272839493,-4.2199435372926075,1.212450218696645,-5.728536148311403,0.02525442821209115,-4.1788869753714675,-8.460476717692503,-2.1771831550000997,6.589624199162722,5.015222575996679,2.7518676621364517,-3.330248704132312,-6.268089099232317,-2.166662861578482,-4.20216845417732,-9.152458471458354,2.7872643256059684,2.0695944854572907,-0.7638779462575749,0.3136081560891162,3.055846156544432,0.7118512001654075,-0.323063620103379,2.223573533693161,1.4169681563761998,-5.043339359199213,0.30118188780791477,-1.4537108775847498,1.5887269107196325,-1.9208527516259815,-0.20667073882808515,0.31699189316059473,6.8980642132221535,-4.421837315303576,5.874753812213482,0.2832644144534783,-0.4626158966946532,-3.117464523934124,-1.0905652429211616,-2.4610836815642694,-5.912627977833422,2.796591967232338,-5.509233591010186
-1.3893851191440125,-3.199781553812647,-6.038599536943181,-0.10287675874558336,-5.531507942554559,-1.184647865780188,-3.59808714477159,-5.751225368098297,-2.721421312658981,4.166720835103622,3.466916695509811,2.9650207219310385,-2.8312763885570496,-6.802552256802488,-0.9078802425097011,-3.6887476768526986,-6.829813195546092,2.0695944854572907,4.381281321496921,-1.6010888280788154,1.0304230946398327,2.7782110298383733,0.25085294968797583,1.9046616368274203,2.144283623868404,-0.7327208941584165,-3.602338924414293,-0.7428050767305912,-0.07288915754497524,1.581283255197992,-1.9962960103151985,0.8583096164084796,1.0596758189409834,6.0151173977041745,-4.314084024011758,3.8568360125445267,0.498458418294584,-0.9182263037133452,-2.4707325299874685,-1.2430734901595186,-0.5533998121597216,-5.03723794692881,1.3138313314182655,-2.5515334395246723
0.10045508897614369,0.8493898751968082,2.148394799448084,0.10430893020970441,1.9807731506303279,0.2890663831456871,1.1058236712734497,1.9435044479046955,1.1655442934300349,-1.2711946792674522,-1.0901989184072165,-1.1847954833300078,1.3928394588840143,2.5994807769495876,0.2448846368102441,1.2456719541812007,2.1827829853859337,-0.7638779462575749,-1.6010888280788154,0.8487577793247559,0.00654587733020155,-0.6781895658032613,0.10891986831639143,-0.13634902036101518,-1.0248417050266405,0.18885350747896198,1.4109097038104603,0.21384938071610632,0.08287307643736923,-0.5968965833601295,1.084748377479456,-0.39442191011060024,-0.32110683009289054,-1.5747008967994065,1.8174097175062893,-1.2586836483425627,-0.39077674870842055,0.46368507999021047,0.624425834798314,0.5599104103842193,0.45254609689013586,1.4034719140874004,-0.4876790077403098,1.2690381610049004
-0.811629237609196,-1.0715901345237446,-1.3819707180930254,-0.04403645362104059,-1.082060182348653,-0.5457839781217604,-0.9296627521133602,-1.0702030527688418,-0.31039666454113174,0.931886716066402,0.7653217476085497,0.42653686194119966,0.0379122512556744,-1.1602305612295578,-0.18631913109862716,-0.7967933486118619,-1.532227827465698,0.3136081560891162,1.0304230946398327,0.00654587733020155,0.8173770862167444,0.9899843396212604,0.2973341154982872,1.3747370111242798,0.04339094815205921,-0.44814607792594485,-0.4085232973900448,-0.31962342727658416,0.193163210021181,0.269419018954082,0.1378700334976513,0.1383850841633193,0.3642583398537796,1.9586805137860972,-0.44998008597882805,0.7622010410639007,-0.18886902424483853,-0.03328325922723604,-0.8081294040723942,-0.09322829308175042,0.43198995900017784,-1.5044973069343368,0.1020075813240154,0.27544951612669344
-2.5940028647277407,-4.062767211161496,-5.230083661167221,1.2396969906494233,-6.58097773235248,-0.379146970442347,-4.959470196768404,-9.421846939311449,-2.3643720591174344,7.4499065256710635,5.697711407872767,3.054111344382493,-3.252384058154413,-7.123847205944489,-2.375806321034698,-4.857204287705969,-10.484883564373154,3.055846156544432,2.7782110298383733,-0.6781895658032613,0.9899843396212604,3.8956232710394127,0.9963897827096754,0.7597804821782504,2.215041466780648,1.1369835487201778,-5.396432544426306,0.08243185981507575,-1.3462689536071815,1.7940989663468452,-1.744670871789145,-0.15568951136739234,0.5832630542308379,8.562453976877881,-4.729298599048117,6.569085889860815,0.09070890007858677,-0.44925896214285366,-3.8178158701957794,-1.1373416744048404,-2.153305599446328,-7.190779119880956,2.9303851479073413,-5.346970547630216
-0.795880872743521,-0.980694570156445,-0.8436728755412901,0.4631218092186609,-1.3796830341020736,0.015164373782149486,-1.188201864869649,-2.3530360732581475,-0.3193603371952351,1.9627785493286183,1.4534021404475117,0.5395238478408201,-0.5459547977371246,-1.3135618648579652,-0.6941136636075387,-1.1048754139930976,-2.594753218503698,0.7118512001654075,0.25085294968797583,0.10891986831639143,0.2973341154982872,0.9963897827096754,0.36618038194033864,0.13556099825462695,0.3376641981501363,0.4808470816442649,-1.2399274308458035,0.1287215382347229,-0.4306395778715854,0.3542916582194019,-0.16396850187366088,-0.2154538833000492,0.05100382964079481,2.1685511832370783,-0.850470872787889,1.6792814498404096,-0.11655866375303962,0.03699268193315582,-1.0023283861084824,-0.1561987073328056,-0.5667699419416031,-1.7955705254538392,0.7898511765951512,-1.3112473863430982
-0.6547159412132344,-0.9606675717228966,-1.8352954637635432,-0.750900826673788,-0.41436406531194014,-1.2170491573094142,-0.3539644547114121,0.9933671626261709,-0.22603998277739168,-0.7399142828561127,-0.37953813274034987,0.17017958525857121,0.8602535804492887,-0.6791871763004703,0.5774945946478534,-0.18006617290694243,0.32039390623852,-0.323063620103379,1.9046616368274203,-0.13634902036101518,1.3747370111242798,0.7597804821782504,0.13556099825462695,2.829145678104346,-0.3864474554682702,-1.6654227013018832,0.8647078127715265,-0.8832663954121499,1.0354401506526545,0.08707589140303776,0.538066389762605,0.6094681508693115,0.7261248514642926,1.2254214917847714,0.2233673203227351,-0.7100137295004151,-0.2528186973939539,-0.11936249975463877,-0.3555826979796152,0.018611512130356746,1.7556386800392612,-0.7563458101502359,-0.8974283748235857,2.4712602355454347
-1.1217038299767876,-2.383199989101837,-3.8131911554546423,0.7313519455476408,-4.7426134749773645,-0.057495981186973515,-3.2215083815018857,-6.492264940269223,-2.0795206327112905,4.887710017935682,3.7882158330753493,2.4429429042527295,-3.0363670657585935,-5.464175996139683,-1.5208108464984258,-3.349287068142096,-7.00283109768049,2.223573533693161,2.144283623868404,-1.0248417050266405,0.04339094815205921,2.215041466780648,0.3376641981501363,-0.3864474554682702,2.0727645061803535,0.887347061805667,-4.072419050654241,0.12384045983770461,-1.0313029162798244,1.3505054750602534,-1.9488764049731397,0.08613203775478659,0.33542526571184494,5.082129634882889,-3.9142840556705174,4.4492245236936645,0.462040099562381,-0.5792412015899557,-2.258931486298514,-1.0384291531749348,-1.9597592365031513,-4.422695883980249,2.098125464805992,-4.4146490593145975
-0.8372512667632508,-0.9929351065475237,-0.3053722291361208,1.2297778353558202,-2.094545302479061,0.8122015167436946,-1.7520254722278434,-4.582109729179272,-0.4606088413277529,3.7310848416863176,2.6628310840564295,0.8494220973504949,-1.5683746959583722,-1.8670303571023346,-1.513232033517703,-1.7479725209316161,-4.5373327255409714,1.4169681563761998,-0.7327208941584165,0.18885350747896198,-0.44814607792594485,1.1369835487201778,0.4808470816442649,-1.6654227013018832,0.887347061805667,1.8628742292169609,-2.6772285248102192,0.7771013038444252,-1.385659067545642,0.5592367135497575,-0.7182321626779381,-0.7160408567626674,-0.3762557083316084,2.7698511135294765,-1.6652199471321842,3.2586487697990307,0.01899332416343376,0.09636680239603536,-1.4114616965908104,-0.3112638524924731,-2.1176349952561084,-2.475429194182752,1.9008454300509006,-3.8542565041952828
3.259279242575551,5.600011583561584,7.470985650356886,-2.2243653752404926,10.284192854703079,-0.1530768122844214,7.468260067424392,15.277861371151943,3.936297379121923,-11.876558145697864,-9.031881758856043,-4.964356971580349,6.118400018945745,11.265721941093817,3.9251254655759644,7.5400352037440515,16.454199405462084,-5.043339359199213,-3.602338924414293,1.4109097038104603,-0.4085232973900448,-5.396432544426306,-1.2399274308458035,0.8647078127715265,-4.072419050654241,-2.6772285248102192,9.1587629458985,-0.6118806754615225,2.697080727260336,-2.8588427026854037,3.5570617315362587,0.3983062432209235,-0.5106887076809467,-12.239500829617997,8.020858670182491,-10.604492581257722,-0.5611690036938017,0.8435789590395585,5.5470994561950935,1.9836985634685487,4.591700050883956,10.526837433620717,-5.098587777813222,10.143799828633295
-0.11421853027123327,0.014399439471825383,0.5441110874081054,0.45978655236780896,-0.17259323669951418,0.44597720812179625,-0.23575966412902308,-1.0543823687536615,0.1039213607282624,0.90141415297195715,0.592604508438358,0.00644927939826961,-0.315376964089486,0.03065666285672893,-0.45057271222825523,-0.23658331209812986,-0.9048870969868431,0.30118188780791477,-0.7428050767305912,0.21384938071610632,-0.31962342727658416,0.08243185981507575,0.1287215382347229,-0.8832663954121499,0.12384045983770461,0.7771013038444252,-0.6118806754615225,0.3746689890839973,-0.5107381183229436,0.037940215570924245,-0.090495911501281,-0.3477132425226044,-0.26146424146208963,0.30621216524743133,-0.1768851322020872,0.7719553331221339,-0.02455083826050436,0.12337497385828552,-0.22602757321376615,0.007253383876547961,-0.7504168563207412,-0.3234309878561408,0.5618196871486788,-1.1856950484055597
0.8965602892027342,1.2936257383371914,1.160868899692712,-0.9751313112760297,2.5247381343110793,-0.4685901075510335,1.9614526918337263,4.564507393672639,0.7772385703598832,-3.641614888883601,-2.671876764399158,-1.1285903566233326,1.6792096878157812,2.5287216950733593,1.3589799081589204,1.9685136813113866,4.69587253847998,-1.4537108775847498,-0.07288915754497524,0.08287307643736923,0.193163210021181,-1.3462689536071815,-0.4306395778715854,1.0354401506526545,-1.0313029162798244,-1.385659067545642,2.697080727260336,-0.5107381183229436,1.1246040681523237,-0.6891946825614547,0.8689898616230168,0.4493724456536794,0.139929201522619,-3.158207323724956,1.9861866291194008,-3.2110020914860224,-0.08523303074289894,0.05987159078826986,1.5170239235238747,0.43552637602761257,1.7811845480412665,2.7677540142157353,-1.7286040842425836,3.4794071755218616
-1.0432716865976785,-1.9099813899692522,-2.81159619552696,0.5444055139186608,-3.4427595831036313,-0.1485745958945403,-2.4393498978509784,-4.737340302111574,-1.4064277662595852,3.6377242534221663,2.810145452239881,1.7035335976399195,-1.968282122940117,-3.881732892364806,-1.1311403349560754,-2.4689053769167915,-5.202259747916881,1.5887269107196325,1.581283255197992,-0.5968965833601295,0.269419018954082,1.7940989663468452,0.3542916582194019,0.08707589140303776,1.3505054750602534,0.5592367135497575,-2.8588427026854037,0.037940215570924245,-0.6891946825614547,0.9634785720888466,-1.1953128547130292,0.02955740755493178,0.29369095941617424,4.020634862634492,-2.6793972846503156,3.2670965330143793,0.21467725100266508,-0.35382807407908196,-1.781362043180501,-0.6888608721682489,-1.2369371854026714,-3.4351476920512463,1.4860897277680767,-2.9416723434786065
0.7370150671403604,1.9165071231772237,3.405478916636524,-0.5430897593803596,4.130812169958835,0.027882137046108542,2.684074047329383,5.478139834668269,1.9467086439778467,-4.033639137012323,-3.1552865241916934,-2.212061346103076,2.8398837759369933,4.885936222459928,1.2242347993027967,2.858472334927966,5.860895275904378,-1.9208527516259815,-1.9962960103151985,1.084748377479456,0.1378700334976513,-1.744670871789145,-0.16396850187366088,0.538066389762605,-1.9488764049731397,-0.7182321626779381,3.5570617315362587,-0.090495911501281,0.8689898616230168,-1.1953128547130292,1.911167107796475,-0.17283814807846523,-0.29335035650584795,-4.07608646265234,3.5634156929392247,-3.724542714205453,-0.5295669511842104,0.5973715575853071,1.800632507129541,0.9772217375265116,1.7642583146814927,3.599761938243887,-1.7737128327566551,3.9145678919873443
0.270470523381901,0.04047409669464822,-0.7004133145222071,-0.46791148105893327,-0.012295653075141064,-0.3826196477508363,0.20390731407091267,0.8748479374895556,-0.285120065886697,-0.8328490037371844,-0.5218114338139938,0.15535129170143783,0.006606883931257835,-0.3317437569993781,0.4408551401533487,0.14518656517900141,0.7743181676134984,-0.20667073882808515,0.8583096164084796,-0.39442191011060024,0.1383850841633193,-0.15568951136739234,-0.2154538833000492,0.6094681508693115,0.08613203775478659,-0.7160408567626674,0.3983062432209235,-0.3477132425226044,0.4493724456536794,0.02955740755493178,-0.17283814807846523,0.40221249669848164,0.24806381040817088,-0.39705434818043933,-0.11219352182525356,-0.667955983837078,0.14689443170163927,-0.20793519669801014,0.2650739434240414,-0.10610661595236581,0.558906809202902,0.35173132638717186,-0.47870456994562743,0.8550068738997361
-0.31718286337984897,-0.6891141422663309,-1.3374214813319856,-0.1376641674632,-1.036148252551404,-0.3854953799910781,-0.6748280935336904,-0.8555766186224413,-0.5250326687269894,0.606973265775223,0.5402990544412732,0.5541632030007083,-0.39165186827459814,-1.309532351007399,-0.06852412918233448,-0.6713992528353862,-1.1364927530332511,0.31699189316059473,1.0596758189409834,-0.32110683009289054,0.3642583398537796,0.5832630542308379,0.05100382964079481,0.7261248514642926,0.33542526571184494,-0.3762557083316084,-0.5106887076809467,-0.26146424146208963,0.139929201522619,0.29369095941617424,-0.29335035650584795,0.24806381040817088,0.29309391991601486,1.2043052636352078,-0.7432254032552985,0.5629196839075215,0.06465438334424692,-0.19178931036603222,-0.4690813461586786,-0.22342554727605793,0.1504310794779525,-0.9734263256485377,0.09661493737685076,-0.10046369623139545
-5.636784184652407,-8.918859428649725,-11.51142649443776,2.8576862403851857,-14.710065526249833,-0.663664941951524,-11.032651142802871,-21.216705667867988,-5.327373921130122,16.73935411202551,12.792112734366391,6.86548866554742,-7.500044815103516,-15.941436359604571,-5.372741919153569,-10.852979446828698,-23.484829090795113,6.8980642132221535,6.0151173977041745,-1.5747008967994065,1.9586805137860972,8.562453976877881,2.1685511832370783,1.2254214917847714,5.082129634882889,2.7698511135294765,-12.239500829617997,0.30621216524743133,-3.158207323724956,4.020634862634492,-4.07608646265234,-0.39705434818043933,1.2043052636352078,18.910714856439547,-10.704744120333434,14.787763366424972,0.2857218548936663,-1.018808622681986,-8.45908152758268,-2.582842740800969,-5.103375469903545,-15.936112002756916,6.684577522123555,-12.375788691144509
2.607046835555863,5.053842526994286,7.691535334066601,-1.4983129806436795,9.503583325883936,0.26972795068060246,6.615923845915541,13.069042171471523,4.001534600730159,-9.953323633262896,-7.697592397586814,-4.784592442916007,5.722013341381802,10.81130834643072,3.0999165117010556,6.773344456615798,14.235116744936072,-4.421837315303576,-4.314084024011758,1.8174097175062893,-0.44998008597882805,-4.729298599048117,-0.850470872787889,0.2233673203227351,-3.9142840556705174,-1.6652199471321842,8.020858670182491,-0.1768851322020872,1.9861866291194008,-2.6793972846503156,3.5634156929392247,-0.11219352182525356,-0.7432254032552985,-10.704744120333434,7.591614065862737,-8.990141315030183,-0.7360280620848532,1.0520710072564456,4.751942192064927,1.9782759297416557,3.6548277165703134,9.217573813242048,-4.159350074452803,8.462294942865617
-4.207374932123529,-6.749211140551073,-8.419378555094983,2.7801245623273445,-11.881141627751308,0.1781897293835392,-8.85933309966106,-18.04211822862523,-4.286523404720537,14.190422736794622,10.738687162049793,5.576385820941547,-6.734001412944649,-12.765980503668557,-4.750568514149142,-8.827664933875228,-19.49942219992296,5.874753812213482,3.8568360125445267,-1.2586836483425627,0.7622010410639007,6.569085889860815,1.6792814498404096,-0.7100137295004151,4.4492245236936645,3.2586487697990307,-10.604492581257722,0.7719553331221339,-3.2110020914860224,3.2670965330143793,-3.724542714205453,-0.667955983837078,0.5629196839075215,14.787763366424972,-8.990141315030183,12.579163757124254,0.4130222606956763,-0.7903049977539525,-6.726105292461624,-2.1558577283494205,-5.260310413190871,-12.634686402725807,6.031006320650422,-11.682619827130445
0.13508903340631753,-0.1504629956353326,-0.6722802131955671,-0.03626916183527983,-0.6695142359766553,-0.009211896777860959,-0.3018720676050044,-0.6627110129360809,-0.46498844338954254,0.3822065909315107,0.3315518271343216,0.4477008377255145,-0.6498639954258228,-0.9339490794222358,-0.07547422386719657,-0.39574443351658184,-0.6670637917055467,0.2832644144534783,0.498458418294584,-0.39077674870842055,-0.18886902424483853,0.09070890007858677,-0.11655866375303962,-0.2528186973939539,0.462040099562381,0.01899332416343376,-0.5611690036938017,-0.02455083826050436,-0.08523303074289894,0.21467725100266508,-0.5295669511842104,0.14689443170163927,0.06465438334424692,0.2857218548936663,-0.7360280620848532,0.4130222606956763,0.22313273137618364,-0.20818639137698683,-0.10518981072598889,-0.23648868648593532,-0.3113557858503452,-0.3093594697951256,0.2054641852520107,-0.6557115717907573
0.11542902104182112,0.5450089077978637,1.2554892041164811,0.04305411080727591,1.1852810354921204,0.18143392485620902,0.6909618485063517,1.2134019946360886,0.662774323596114,-0.8173670855827174,-0.6804329604153239,-0.6838849588955908,0.785238056703511,1.5212106250868722,0.17707812245403864,0.7590776000995751,1.3664139352631222,-0.4626158966946532,-0.9182263037133452,0.46368507999021047,-0.03328325922723604,-0.44925896214285366,0.03699268193315582,-0.11936249975463877,-0.5792412015899557,0.09636680239603536,0.8435789590395585,0.12337497385828552,0.05987159078826986,-0.35382807407908196,0.5973715575853071,-0.20793519669801014,-0.19178931036603222,-1.018808622681986,1.0520710072564456,-0.7903049977539525,-0.20818639137698683,0.26614389371050895,0.4050652662841161,0.3180200551718964,0.2655057257403354,0.8953727549093227,-0.30746803349726953,0.7564448366779345
2.539947077073018,3.9499032418793405,4.94927275332046,-1.382088203108389,6.534710454306274,0.1868313789565732,4.9382745036534805,9.629905946815889,2.315060710268181,-7.624391873280566,-5.806078753232557,-3.026919006830045,3.3681152151057425,7.01985509891825,2.4852483353848003,4.853217997553309,10.604310059537003,-3.117464523934124,-2.4707325299874685,0.624425834798314,-0.8081294040723942,-3.8178158701957794,-1.0023283861084824,-0.3555826979796152,-2.258931486298514,-1.4114616965908104,5.5470994561950935,-0.22602757321376615,1.5170239235238747,-1.781362043180501,1.800632507129541,0.2650739434240414,-0.4690813461586786,-8.45908152758268,4.751942192064927,-6.726105292461624,-0.10518981072598889,0.4050652662841161,3.809221867039374,1.1312114438781873,2.4215890602255112,7.13914552915153,-3.0885204529316352,5.731589000066245
0.5697622082549951,1.2414312614978644,2.068608146360447,-0.29382569929279956,2.414817263102748,0.11692968881043382,1.623962760583002,3.1574854192427817,1.0861263767493492,-2.3612182338717433,-1.848779153643407,-1.255164274198996,1.4960972224081817,2.819632200340345,0.7036642701171764,1.6862567900121608,3.4530593626131374,-1.0905652429211616,-1.2430734901595186,0.5599104103842193,-0.09322829308175042,-1.1373416744048404,-0.1561987073328056,0.018611512130356746,-1.0384291531749348,-0.3112638524924731,1.9836985634685487,0.007253383876547961,0.43552637602761257,-0.6888608721682489,0.9772217375265116,-0.10610661595236581,-0.22342554727605793,-2.582842740800969,1.9782759297416557,-2.1558577283494205,-0.23648868648593532,0.3180200551718964,1.1312114438781873,0.5336853277820901,0.8640616594959281,2.233933654040255,-0.9775883251934875,2.0467956560745533
1.274458997405349,2.124877548481589,2.3665002167253966,-1.455709022541664,4.436032411739718,-0.6935401424802768,3.2662591198791153,7.540176694092578,1.5814041289994807,-5.895448200914376,-4.370646585364316,-2.105815610616335,3.1028100903366167,4.665160889122224,2.1397795115082876,3.352069866579325,7.755811816551711,-2.4610836815642694,-0.5533998121597216,0.45254609689013586,0.43198995900017784,-2.153305599446328,-0.5667699419416031,1.7556386800392612,-1.9597592365031513,-2.1176349952561084,4.591700050883956,-0.7504168563207412,1.7811845480412665,-1.2369371854026714,1.7642583146814927,0.558906809202902,0.1504310794779525,-5.103375469903545,3.6548277165703134,-5.260310413190871,-0.3113557858503452,0.2655057257403354,2.4215890602255112,0.8640616594959281,2.9653173911615465,4.516322943044138,-2.810052091564385,5.846307167049414
4.679618123510125,7.488834096948029,9.722282177422914,-2.465463111578002,12.535371609817943,0.46572787679528793,9.354845243422275,18.140431331866257,4.581992869533978,-14.278493063057994,-10.905841342729385,-5.881806279259148,6.5430719966358915,13.611697349932829,4.599412421807765,9.237231147778608,20.00381108923223,-5.912627977833422,-5.03723794692881,1.4034719140874004,-1.5044973069343368,-7.190779119880956,-1.7955705254538392,-0.7563458101502359,-4.422695883980249,-2.475429194182752,10.526837433620717,-0.3234309878561408,2.7677540142157353,-3.4351476920512463,3.599761938243887,0.35173132638717186,-0.9734263256485377,-15.936112002756916,9.217573813242048,-12.634686402725807,-0.3093594697951256,0.8953727549093227,7.13914552915153,2.233933654040255,4.516322943044138,13.466159591070657,-5.761049545054153,10.78926847888085
-1.8799174754433632,-2.9601440855525967,-3.4555836927547743,1.487062413429353,-5.404914430951882,0.34911253562407757,-4.060693238995073,-8.631348263481332,-1.887789073040362,6.807604513530171,5.103284842674754,2.514280171656362,-3.2449713027328393,-5.7127915301345,-2.361603229133251,-4.064124894415032,-9.175181491147102,2.796591967232338,1.3138313314182655,-0.4876790077403098,0.1020075813240154,2.9303851479073413,0.7898511765951512,-0.8974283748235857,2.098125464805992,1.9008454300509006,-5.098587777813222,0.5618196871486788,-1.7286040842425836,1.4860897277680767,-1.7737128327566551,-0.47870456994562743,0.09661493737685076,6.684577522123555,-4.159350074452803,6.031006320650422,0.2054641852520107,-0.30746803349726953,-3.0885204529316352,-0.9775883251934875,-2.810052091564385,-5.761049545054153,3.010842245551624,-5.938906725681503
3.2007819020929524,5.422579844931637,6.691713902011385,-2.8534271686482415,10.5660513705945,-0.8739952272492321,7.725930455586276,16.788882420691273,3.9083032423418755,-13.090132238563191,-9.822517545882336,-5.056989945938799,6.813505830482482,11.349155962129105,4.5473481497560595,7.861482043144343,17.66278562265466,-5.509233591010186,-2.5515334395246723,1.2690381610049004,0.27544951612669344,-5.346970547630216,-1.3112473863430982,2.4712602355454347,-4.4146490593145975,-3.8542565041952828,10.143799828633295,-1.1856950484055597,3.4794071755218616,-2.9416723434786065,3.9145678919873443,0.8550068738997361,-0.10046369623139545,-12.375788691144509,8.462294942865617,-11.682619827130445,-0.6557115717907573,0.7564448366779345,5.731589000066245,2.0467956560745533,5.846307167049414,10.78926847888085,-5.938906725681503,12.108415273647415
