V1,V2,V3,V4,V5,V6,V7,V8,V9,V10,V11,V12,V13,V14,V15,V16,V17,V18,V19,V20,V21,V22,V23,V24,V25,V26,V27,V28,V29,V30,V31,V32,V33,V34,V35,V36,V37,V38,V39,V40,V41,V42,V43,V44
1.5559536111705408,-1.2531513701913548,1.1540274664704493,1.130905870525155,-0.6700384886327345,0.7705012089020612,-0.9794507415723026,-0.7775225398563704,-1.0011267430955764,-2.3112566467015854,-0.936594330053766,-0.1601700741143006,-0.2422338647888808,-0.7994808972745494,-0.8422817795066274,-1.290204702429291,0.610157313739635,-1.0319229550959028,0.555592591918606,-1.4722834254242823,2.546652186101233,0.6199453732518085,0.0686818932922747,-0.595456170321337,-0.41081046419836387,1.0874645052870462,0.04692065390910136,0.061224380881935506,1.9333802092178767,-0.6818325377268419,0.4211980507208472,0.41682070647821423,-0.34788329837258947,1.047522798374711,-0.7619709158565033,0.9522740205981993,-1.1052457718682585,-0.42541088940706273,-0.6756151561447153,-1.1667679230564572,0.8374925577282644,1.1853591032101065,0.4032815789820774,-0.41765652691866256
-1.2531513701913548,1.676228536528866,-0.4374738739366228,-0.6213621052631918,1.0475397124917813,-0.7547380821361563,1.3357731547763216,0.9459021111018705,1.2126912612221963,2.449048063029629,1.4902599544721447,0.551001512781447,0.8553907036354419,1.7939262190431888,1.074652970127091,1.9466783715214495,-1.3018173834404194,1.7200939274149898,-1.4645173928590318,2.1240323668773557,-2.98574842333251,-0.5887340620593281,0.6669506441939063,0.5712107024940044,0.5570684173009227,-0.46534987105623465,0.18805033142309896,0.3628896135434205,-1.8284541402001306,0.6025811524868132,-0.2794462285496128,-0.7821661559835762,0.6836448976649732,-1.4316400912948433,1.221702504101194,-0.9986408725345264,0.9002200557989799,0.9523531053401202,1.7444020253311676,1.9854816425070356,-1.5612110868261322,-2.6684464883200474,0.05733062402071988,-0.27318744062028977
1.1540274664704493,-0.4374738739366228,1.291092895968001,0.8742333672295499,-0.1913811226166646,0.6645411319760561,-0.4618814271111974,-0.3198358081767668,-0.5181368510258694,-1.5430702260962916,-0.2644747236352344,0.07614386159695165,0.1214778045828722,0.17499834957051272,-0.5751271029626468,-0.3266425537642642,-0.04217466583941279,-0.3708753403088367,-0.23924008721581788,-0.43563276151234126,1.1304956674071334,0.3907491519252908,0.49353559619210324,-0.3784140007001472,-0.06573092425796365,1.1110030075390351,0.2364464921077515,0.23657811522954547,1.3311313567608836,-0.5799841231960208,0.4949293005632205,0.21442653979512402,0.10833679917304814,0.39909083668104944,-0.03788914054268156,0.5788698418909581,-0.795881164306618,0.15491954053381068,0.21088879912803507,-0.2174458907982573,-5.866286005521693e-4,-0.3252227500594417,0.612721136766952,-0.716484605675819
1.130905870525155,-0.6213621052631918,0.8742333672295499,1.821937570469533,0.3708339224791456,-0.19073680082339564,0.05001806044991351,-0.3568511868205902,-0.18036108810699047,0.05476758652970582,0.1832322851747514,0.8175954979391838,1.184743200460671,0.7381099318415937,0.5373964457951791,-0.15174526389745327,-0.33391573222665444,1.0807874123890215,-0.9727970255518608,-0.45221329599219445,1.5211509360311382,0.5294113599778612,1.006164538509035,-0.06298229946912051,-0.28660235411338514,0.9767699440896829,-0.1558274040755868,0.8263697621643802,0.6927776187555956,0.11343090214786432,-0.18774455790546585,-1.0756635925441804,-0.2668865764484695,-0.08746013239520592,-0.3389167212296282,0.37095974726693803,-0.8055276721267018,-0.04684159922622916,1.2667993651962173,0.4336874794208411,-0.04353286099276927,-0.41671915266707377,0.3589697490920265,-0.9375243156503795
-0.6700384886327345,1.0475397124917813,-0.1913811226166646,0.3708339224791456,1.3342173730637483,-0.8472935370231404,1.2273142803225006,0.7222880940826228,1.066214848628235,2.7028010905011675,1.4737163997063996,1.0175421060111185,1.5040716131623828,2.0768437006475193,1.4055840817674428,1.7281469073903049,-1.233640256604696,2.377628692259828,-1.9635043434046646,1.566560718333568,-1.897208862373708,-0.24839394863816558,1.1668132022236657,0.7075016290170186,0.3866400058277919,-0.057615391030807116,-0.1079232658043341,0.8003984798769652,-1.5346555290034267,0.770756169308845,-0.5149539622272489,-1.4146798307390442,0.34805053964141236,-1.502558004142976,0.8588926089124179,-0.750349003700592,0.539987575721223,0.6851163826073308,2.251430477440169,2.0822894378764083,-1.3369180121411828,-2.414126393752891,0.06754344604523262,-0.6326199859116266
0.7705012089020612,-0.7547380821361563,0.6645411319760561,-0.19073680082339564,-0.8472935370231404,1.1790577871116212,-1.0158712467151676,-0.4344136034922103,-0.8503274163856603,-2.4420907398011136,-1.058155485097819,-0.7690612691630044,-1.2160963781409484,-1.1361264130306348,-1.320200571018142,-1.0645792150309714,0.8925662991573472,-1.9049574212217346,1.1041106903328866,-1.0995106289642147,1.3055215000017861,0.2942775251417635,-0.566740748442431,-0.36805595410984066,-0.08004419240561768,0.4859084256144508,0.18221706702050589,-0.5746486339337443,1.498234421262254,-0.8956667808015081,0.7252301947232513,1.3250410866265783,-0.08953840410681302,1.0751140948274034,-0.3492371096311348,0.7289835448038944,-0.44897058077836727,-0.315284500274832,-1.6392021966834052,-1.4196407955317218,0.7935094039789171,1.2416845030360186,0.16883107996055968,0.258966930356245
-0.9794507415723026,1.3357731547763216,-0.4618814271111974,0.05001806044991351,1.2273142803225006,-1.0158712467151676,1.553718571310291,0.7958968586097412,1.2590490148624893,2.7847192351255114,1.6052141209881685,0.8574315950624416,1.2057951317199413,1.9167151710651988,1.612687218071169,1.8196461609507646,-1.3631084643464781,2.2948925760643957,-1.6959653632132845,1.822175712900806,-2.3302957247421197,-0.3937659141293961,0.9026985996600208,0.6092799074652364,0.34296205058055845,-0.3054772924215116,0.053536699041648775,0.6381814176864297,-1.8283324090529518,0.757419758978241,-0.5661684900504035,-1.3372332408668113,0.38320125864439786,-1.3853360433337367,0.8963766697048078,-0.8596793446862403,0.7081889639382939,0.765114767674095,2.0010066553975276,2.0663773140724855,-1.3610356663076406,-2.5787627523319046,-0.05913066199897954,-0.387891654468117
-0.7775225398563704,0.9459021111018705,-0.3198358081767668,-0.3568511868205902,0.7222880940826228,-0.4344136034922103,0.7958968586097412,0.6121550299424121,0.759190283531069,1.645034714226641,0.9092202098403027,0.38027282496735015,0.564897732919247,1.1624980901238766,0.6879889818666667,1.1972215984400505,-0.7235613686338482,1.1268953467223677,-0.9831854835643727,1.2295303454591877,-1.8056884722573578,-0.33124622086356637,0.4431645006609391,0.47199604405439244,0.37449912714890965,-0.3184833768581067,0.030178883929013526,0.23893302559740906,-1.1747760525671314,0.41559025091920154,-0.20734367285298286,-0.5244569118450918,0.3778383266434619,-0.9499908113457914,0.748887958938314,-0.6125495894206578,0.6001710094109926,0.5262521157724438,1.0782782635045811,1.2343024887617466,-0.9172155737153094,-1.5665688573446144,-0.023493061216442648,-0.14379549182453535
-1.0011267430955764,1.2126912612221963,-0.5181368510258694,-0.18036108810699047,1.066214848628235,-0.8503274163856603,1.2590490148624893,0.759190283531069,1.1808070832897546,2.5678563973268798,1.4074080684533092,0.7122706767813076,0.9880379319651437,1.70695265440582,1.3291116990716259,1.6776551239062727,-1.0907106087058362,1.951242735163976,-1.467907599009739,1.65786507847233,-2.278501877738251,-0.43623489622076544,0.7302653840537524,0.6051682755880987,0.34584452098730545,-0.3912495043456889,-0.008266684098355766,0.5220957153405239,-1.7374428852171702,0.7115589327732602,-0.5068724539655016,-1.066016821995593,0.38560849508547723,-1.3095690281800996,0.8771442212012711,-0.8247163349251793,0.7059253517389553,0.6780681193127324,1.6745704546340545,1.8026800875665003,-1.221885872760962,-2.194760011944341,-0.0925906287869029,-0.29054888290016484
-2.3112566467015854,2.449048063029629,-1.5430702260962916,0.05476758652970582,2.7028010905011675,-2.4420907398011136,2.7847192351255114,1.645034714226641,2.5678563973268798,6.784480488085789,3.149614711291559,1.9893120477866768,3.0410422321506423,3.905932456341045,3.319833597215577,3.6377811257176287,-2.4270693216264765,5.059001852903969,-3.6299970808519664,3.5007442596073846,-4.645922481859138,-0.8845371512883686,1.8840527678889911,1.632386381246138,0.728279300213069,-1.1218873548068309,-0.45653861547343666,1.4569739234905534,-4.176680631334368,2.148675920027838,-1.5564495105231735,-3.0974044792987443,0.5862489990123131,-3.3581942113357095,1.6590958518005534,-2.071204511429637,1.6807920724769494,1.198871088683051,4.3881510243997885,4.313653040015786,-2.689830788903893,-4.376910153678667,-0.36646356765560334,-0.7032275295320677
-0.936594330053766,1.4902599544721447,-0.2644747236352344,0.1832322851747514,1.4737163997063996,-1.058155485097819,1.6052141209881685,0.9092202098403027,1.4074080684533092,3.149614711291559,1.9210351585413445,1.0668560336947193,1.6354929871470394,2.449858607049988,1.738083583730086,2.2374444277899612,-1.6355229663903152,2.7435449783989116,-2.2037872978156945,2.150251775772277,-2.6184110567868393,-0.4831138765095446,1.3225221360918464,0.685807967616609,0.42325570576737553,-0.05979711112461131,0.028909141997423154,0.9060714983918848,-1.8781502967637644,0.8461279027358991,-0.6221930130937436,-1.51725113863439,0.506227923582156,-1.7385564328666125,1.0838676856577534,-0.9736061058125786,0.6934990300552556,0.9505047447610598,2.5161431342542433,2.5267173866809776,-1.7654842385227945,-3.142746247300327,0.12531522626124897,-0.715952787970355
-0.1601700741143006,0.551001512781447,0.07614386159695165,0.8175954979391838,1.0175421060111185,-0.7690612691630044,0.8574315950624416,0.38027282496735015,0.7122706767813076,1.9893120477866768,1.0668560336947193,1.0167990197444199,1.4685177253445896,1.6475020214945562,1.1557431271468837,1.117835088078771,-0.9523620319177506,2.044633449751689,-1.640053825900955,0.9573625970051306,-0.8763394858329894,-0.018190994595836018,1.0600139560318087,0.42513498573172187,0.15612489749068584,0.15000283419388755,-0.14279843193296368,0.8287884179916495,-0.9670706469497629,0.6634293349090493,-0.4652277176033081,-1.413226674597152,0.18015169671608966,-1.1010660865266364,0.5079989044871945,-0.44836160117757823,0.08971771686544028,0.46622421675308684,2.0800472146461635,1.5784157782494699,-0.9120066856953901,-1.7404834460515493,0.1418683830026443,-0.7543384685068851
-0.2422338647888808,0.8553907036354419,0.1214778045828722,1.184743200460671,1.5040716131623828,-1.2160963781409484,1.2057951317199413,0.564897732919247,0.9880379319651437,3.0410422321506423,1.6354929871470394,1.4685177253445896,2.406981845945455,2.4454757682360775,1.6765098645479382,1.72485923485829,-1.5225254702785034,3.0513589144618014,-2.481833453804572,1.5234495272300597,-1.2932370520938534,-0.12907481072268728,1.7112084245912857,0.6047759199558037,0.23603427062155696,0.30897265391421697,-0.24930777917477082,1.2950668926989266,-1.3027694752522359,1.033046631353685,-0.7513429212791909,-2.0653428386299204,0.26709147532885574,-1.7602432358430313,0.6796041466360854,-0.7758271744557474,0.17980015370769875,0.6732473996252436,3.1438683939360903,2.4544780462381746,-1.5468946851535081,-2.564271347464527,0.30713171133641953,-1.179892348769356
-0.7994808972745494,1.7939262190431888,0.17499834957051272,0.7381099318415937,2.0768437006475193,-1.1361264130306348,1.9167151710651988,1.1624980901238766,1.70695265440582,3.905932456341045,2.449858607049988,1.6475020214945562,2.4454757682360775,3.610607440070445,2.0821589299494874,2.9125273809608894,-2.1332560497650173,3.7116683983920113,-3.3414610305806662,2.6915106208332573,-3.1117582527004526,-0.38888676240935194,2.0928565692776173,1.0062765502180047,0.6523122522383328,0.2799885219011762,-5.954363897451376e-4,1.380194365201128,-2.1274884193403367,1.0277623617710512,-0.6205713086208454,-2.1407408665127545,0.757108569848832,-2.40234426571534,1.5855098662036118,-1.122350850272909,0.6501940918497643,1.337823964955103,3.7936923295084126,3.4512248639432257,-2.397373210938464,-4.391678477744374,0.38907754200087996,-1.3283752962194855
-0.8422817795066274,1.074652970127091,-0.5751271029626468,0.5373964457951791,1.4055840817674428,-1.320200571018142,1.612687218071169,0.6879889818666667,1.3291116990716259,3.319833597215577,1.738083583730086,1.1557431271468837,1.6765098645479382,2.0821589299494874,2.0382755943546895,1.8077046633947977,-1.40009277014564,2.867382562400887,-1.9568014778703267,1.6477561477290206,-1.8821493722325564,-0.3301814743308643,1.1672531408874567,0.6818775355887511,0.1702178752674499,-0.2261011146689647,-0.16001770423852438,0.9459270219614988,-1.9095319903366488,1.020247862226529,-0.8919884753501257,-1.8324275831448256,0.1450707311263463,-1.520091794303126,0.631496365274786,-0.8619221505623399,0.5899417275525013,0.5962701757490142,2.3268312945745095,2.2285266380833373,-1.3024467797370667,-2.417785121012628,-0.1384447596950908,-0.5352912893857621
-1.290204702429291,1.9466783715214495,-0.3266425537642642,-0.15174526389745327,1.7281469073903049,-1.0645792150309714,1.8196461609507646,1.1972215984400505,1.6776551239062727,3.6377811257176287,2.2374444277899612,1.117835088078771,1.72485923485829,2.9125273809608894,1.8077046633947977,2.7777692507650613,-1.8845728823347638,2.9945970452208295,-2.561136477118334,2.7124356614900527,-3.5182388964668814,-0.6565033538744848,1.4673850355731402,0.8886392147964886,0.6566810665010413,-0.17159966677199515,0.08509842773948968,0.9173511862498264,-2.2918275104181793,0.9147837260839169,-0.5748846504961203,-1.508881363730278,0.7490214399277958,-2.1232240413092365,1.4959108383112825,-1.2191168763937539,0.9815152742028087,1.2241293265677329,2.8376011437545325,2.989765678624326,-2.193041974985176,-3.824762942519507,0.16954121447921378,-0.7529011579489201
0.610157313739635,-1.3018173834404194,-0.04217466583941279,-0.33391573222665444,-1.233640256604696,0.8925662991573472,-1.3631084643464781,-0.7235613686338482,-1.0907106087058362,-2.4270693216264765,-1.6355229663903152,-0.9523620319177506,-1.5225254702785034,-2.1332560497650173,-1.40009277014564,-1.8845728823347638,1.5491988062732835,-2.345667408423707,1.9496045887956424,-1.871839555514373,2.096598336680397,0.35509810863362684,-1.24051660461185,-0.43484816911166285,-0.3568826250390158,-0.15108248097401233,-0.12490319296800308,-0.8373317841618052,1.3846046602242819,-0.6424037482400701,0.440579877040016,1.3294784080853315,-0.5009290131616317,1.4421836529851686,-0.9409392185049276,0.7750212020838098,-0.43468213376310794,-0.9040998598965169,-2.3602182115346597,-2.2114390464444305,1.5951087994501598,2.868880668836024,-0.2806301613634582,0.7969841754896103
-1.0319229550959028,1.7200939274149898,-0.3708753403088367,1.0807874123890215,2.377628692259828,-1.9049574212217346,2.2948925760643957,1.1268953467223677,1.951242735163976,5.059001852903969,2.7435449783989116,2.044633449751689,3.0513589144618014,3.7116683983920113,2.867382562400887,2.9945970452208295,-2.345667408423707,4.677240652121305,-3.564125167577266,2.703032701700933,-2.977929780855509,-0.41767175698354486,2.2016928558616,1.0614385298857818,0.44990302298058893,-0.03044637643907284,-0.24351116620406565,1.6819470089912976,-2.7670623097310325,1.5740560689617802,-1.2000154542426882,-2.9643697466358736,0.4746931711506899,-2.6606318207227573,1.2810565059841188,-1.323567106549681,0.7159425071205551,1.1503158566947342,4.345131962181086,3.786975219191724,-2.324517648006026,-4.217304654961957,0.12660061066846726,-1.3205514762409991
0.555592591918606,-1.4645173928590318,-0.23924008721581788,-0.9727970255518608,-1.9635043434046646,1.1041106903328866,-1.6959653632132845,-0.9831854835643727,-1.467907599009739,-3.6299970808519664,-2.2037872978156945,-1.640053825900955,-2.481833453804572,-3.3414610305806662,-1.9568014778703267,-2.561136477118334,1.9496045887956424,-3.564125167577266,3.1866715045947624,-2.3004884020414376,2.491241144063569,0.2545721778364069,-2.0586498867243814,-0.9337095916237257,-0.5504753453945231,-0.36304758045388147,0.08955352974186477,-1.3849062180348821,1.8263340444536305,-1.0061451283988638,0.6326001356267185,2.1534117449694214,-0.6015370460398299,2.2287616784619577,-1.3250915497499716,0.974595692078099,-0.48402670414686005,-1.1355574647461042,-3.6653075861082445,-3.1843299974948764,2.1426609860582135,3.8962894899491745,-0.3841754879025051,1.330490655708026
-1.4722834254242823,2.1240323668773557,-0.43563276151234126,-0.45221329599219445,1.566560718333568,-1.0995106289642147,1.822175712900806,1.2295303454591877,1.65786507847233,3.5007442596073846,2.150251775772277,0.9573625970051306,1.5234495272300597,2.6915106208332573,1.6477561477290206,2.7124356614900527,-1.871839555514373,2.703032701700933,-2.3004884020414376,2.828785894002997,-3.765121987512735,-0.7374280648294944,1.2239213830642375,0.7984594781601481,0.6898522979222135,-0.3796741492270744,0.1737578991172171,0.7411223849083571,-2.3647834129912995,0.8903868032993719,-0.49867026069958154,-1.3303720462178863,0.8470423396401138,-2.0590331809726,1.5671482659963483,-1.3079897069163562,1.0721466885332265,1.269961767891404,2.681615573129327,2.879116642109933,-2.1994315431113423,-3.7503671362312643,0.157370756230302,-0.6093418299351435
2.546652186101233,-2.98574842333251,1.1304956674071334,1.5211509360311382,-1.897208862373708,1.3055215000017861,-2.3302957247421197,-1.8056884722573578,-2.278501877738251,-4.645922481859138,-2.6184110567868393,-0.8763394858329894,-1.2932370520938534,-3.1117582527004526,-1.8821493722325564,-3.5182388964668814,2.096598336680397,-2.977929780855509,2.491241144063569,-3.765121987512735,5.664229530226526,1.1462121284238211,-0.967785599304009,-1.20274200594784,-1.0763400085028718,1.164928391845562,-0.22167649242369322,-0.4909882962453894,3.594577817446679,-1.1613790242743602,0.5644296813861213,1.2482443728153356,-1.2021104126871287,2.6412375263991357,-2.2447896983668905,1.8651635440623058,-1.849108940264178,-1.6060535976901384,-2.81952816490245,-3.443099557364193,2.6644019928883997,4.500833925399628,0.11066616728531842,0.22219827195280886
0.6199453732518085,-0.5887340620593281,0.3907491519252908,0.5294113599778612,-0.24839394863816558,0.2942775251417635,-0.3937659141293961,-0.33124622086356637,-0.43623489622076544,-0.8845371512883686,-0.4831138765095446,-0.018190994595836018,-0.12907481072268728,-0.38888676240935194,-0.3301814743308643,-0.6565033538744848,0.35509810863362684,-0.41767175698354486,0.2545721778364069,-0.7374280648294944,1.1462121284238211,0.35227562146197666,-0.05981939896053893,-0.16464583307339967,-0.1592369463277516,0.31279573204990846,-0.035541253807152055,-0.017380726597444857,0.7014791274849387,-0.22946742086184094,0.17109546532987976,0.07604247518640948,-0.19013023270688936,0.45316335953618936,-0.33054434210159095,0.4151553216554047,-0.43629091501701606,-0.24427269302812507,-0.2565153115634242,-0.5496130914876424,0.4940495607389794,0.648775019671386,0.07107749970627866,-0.09650052913649822
0.0686818932922747,0.6669506441939063,0.49353559619210324,1.006164538509035,1.1668132022236657,-0.566740748442431,0.9026985996600208,0.4431645006609391,0.7302653840537524,1.8840527678889911,1.3225221360918464,1.0600139560318087,1.7112084245912857,2.0928565692776173,1.1672531408874567,1.4673850355731402,-1.24051660461185,2.2016928558616,-2.0586498867243814,1.2239213830642375,-0.967785599304009,-0.05981939896053893,1.5323876100307638,0.45722845023008896,0.2288898780388368,0.6550643052568271,-0.048709680421385376,1.022543880199555,-0.6341033620301676,0.4923285107987068,-0.36107884526218903,-1.3439043436145397,0.2804153726461036,-1.2592449286163419,0.6274961045833455,-0.4269278228871883,0.03503643728894062,0.6541021932903046,2.2916968991989273,1.9208812051083053,-1.3311545217217517,-2.386818796990346,0.41293296998459306,-1.052431423579213
-0.595456170321337,0.5712107024940044,-0.3784140007001472,-0.06298229946912051,0.7075016290170186,-0.36805595410984066,0.6092799074652364,0.47199604405439244,0.6051682755880987,1.632386381246138,0.685807967616609,0.42513498573172187,0.6047759199558037,1.0062765502180047,0.6818775355887511,0.8886392147964886,-0.43484816911166285,1.0614385298857818,-0.9337095916237257,0.7984594781601481,-1.20274200594784,-0.16464583307339967,0.45722845023008896,0.6238510631624473,0.29108518696909075,-0.3053469500417483,-0.16563707053114018,0.261491102936431,-0.9872569459168747,0.45406016162581386,-0.2625201262329613,-0.6058968981450749,0.14972438570228505,-0.8590336319500553,0.4944898077513512,-0.4907149421880144,0.5424033577283488,0.25913958129522097,0.9081321781075765,1.0126107280212735,-0.6390782178038046,-1.0363855778961204,-0.14367334531211293,-0.06375868468365316
-0.41081046419836387,0.5570684173009227,-0.06573092425796365,-0.28660235411338514,0.3866400058277919,-0.08004419240561768,0.34296205058055845,0.37449912714890965,0.34584452098730545,0.728279300213069,0.42325570576737553,0.15612489749068584,0.23603427062155696,0.6523122522383328,0.1702178752674499,0.6566810665010413,-0.3568826250390158,0.44990302298058893,-0.5504753453945231,0.6898522979222135,-1.0763400085028718,-0.1592369463277516,0.2288898780388368,0.29108518696909075,0.3044635386735988,-0.15186982482229752,0.044003361897808194,0.06119938431708704,-0.5625891984379806,0.14740702908593298,0.026611919024332048,-0.14511265162392226,0.29575468139715566,-0.5326290500998642,0.5242467850436368,-0.3223380107557274,0.3519687183448732,0.33780025462664554,0.5780975937630178,0.653365173142738,-0.5357844791295222,-0.9069788621253724,0.04687778812681242,-0.0895742888247667
1.0874645052870462,-0.46534987105623465,1.1110030075390351,0.9767699440896829,-0.057615391030807116,0.4859084256144508,-0.3054772924215116,-0.3184833768581067,-0.3912495043456889,-1.1218873548068309,-0.05979711112461131,0.15000283419388755,0.30897265391421697,0.2799885219011762,-0.2261011146689647,-0.17159966677199515,-0.15108248097401233,-0.03044637643907284,-0.36304758045388147,-0.3796741492270744,1.164928391845562,0.31279573204990846,0.6550643052568271,-0.3053469500417483,-0.15186982482229752,1.157838187368035,0.14993810711402472,0.376409924768214,1.2123285281610376,-0.4592854796998843,0.27162365650598685,0.03229773167863962,-0.0413094221695468,0.30401138764884883,-0.1984627418604253,0.5140984867028567,-0.7122138465223365,0.07953637512624978,0.22317725101224617,-0.04768381686419757,-0.07491127560895221,-0.36114896135918834,0.5317368275192187,-0.691466140395228
0.04692065390910136,0.18805033142309896,0.2364464921077515,-0.1558274040755868,-0.1079232658043341,0.18221706702050589,0.053536699041648775,0.030178883929013526,-0.008266684098355766,-0.45653861547343666,0.028909141997423154,-0.14279843193296368,-0.24930777917477082,-5.954363897451376e-4,-0.16001770423852438,0.08509842773948968,-0.12490319296800308,-0.24351116620406565,0.08955352974186477,0.1737578991172171,-0.22167649242369322,-0.035541253807152055,-0.048709680421385376,-0.16563707053114018,0.044003361897808194,0.14993810711402472,0.22980743222443967,-0.09716668475790596,0.15286160332371512,-0.2364759795773786,0.2039894540748713,0.2590971981402373,0.16078703933618205,0.14381055588345568,0.1541149237289644,0.06910609932682096,-0.05635912751665046,0.19032585007867336,-0.11782246711637552,-0.02879527172011717,-0.10767807421310058,-0.3513882815501445,0.1412395463812905,-0.04364952718128444
0.061224380881935506,0.3628896135434205,0.23657811522954547,0.8263697621643802,0.8003984798769652,-0.5746486339337443,0.6381814176864297,0.23893302559740906,0.5220957153405239,1.4569739234905534,0.9060714983918848,0.8287884179916495,1.2950668926989266,1.380194365201128,0.9459270219614988,0.9173511862498264,-0.8373317841618052,1.6819470089912976,-1.3849062180348821,0.7411223849083571,-0.4909882962453894,-0.017380726597444857,1.022543880199555,0.261491102936431,0.06119938431708704,0.376409924768214,-0.09716668475790596,0.7813872719972519,-0.5322299634435911,0.4699781158986867,-0.3869284838120779,-1.1262183663914778,0.11144664802898535,-0.8556386871085226,0.3171616794256095,-0.2984940099008517,-0.050810954579934745,0.3791109293769171,1.682587449557699,1.2980246597390006,-0.8071568216480314,-1.4684713914433059,0.2260636941761884,-0.746701575847399
1.9333802092178767,-1.8284541402001306,1.3311313567608836,0.6927776187555956,-1.5346555290034267,1.498234421262254,-1.8283324090529518,-1.1747760525671314,-1.7374428852171702,-4.176680631334368,-1.8781502967637644,-0.9670706469497629,-1.3027694752522359,-2.1274884193403367,-1.9095319903366488,-2.2918275104181793,1.3846046602242819,-2.7670623097310325,1.8263340444536305,-2.3647834129912995,3.594577817446679,0.7014791274849387,-0.6341033620301676,-0.9872569459168747,-0.5625891984379806,1.2123285281610376,0.15286160332371512,-0.5322299634435911,3.0602309666011007,-1.2991042781580098,0.8673100438951018,1.5928957219340423,-0.5166590588118773,1.9802477759034445,-1.2547116457962433,1.3977661658678164,-1.3194344156208189,-0.8271050181785902,-2.315724738461575,-2.478591189013323,1.5445644672658048,2.641594492747221,0.4236256001450531,0.04751253349099439
-0.6818325377268419,0.6025811524868132,-0.5799841231960208,0.11343090214786432,0.770756169308845,-0.8956667808015081,0.757419758978241,0.41559025091920154,0.7115589327732602,2.148675920027838,0.8461279027358991,0.6634293349090493,1.033046631353685,1.0277623617710512,1.020247862226529,0.9147837260839169,-0.6424037482400701,1.5740560689617802,-1.0061451283988638,0.8903868032993719,-1.1613790242743602,-0.22946742086184094,0.4923285107987068,0.45406016162581386,0.14740702908593298,-0.4592854796998843,-0.2364759795773786,0.4699781158986867,-1.2991042781580098,0.7858847139245125,-0.5775959821266998,-1.082025066669678,0.09502245896208779,-1.0025461174272512,0.36692967923351344,-0.6395338749609676,0.44844778619134373,0.24296656175256315,1.391355996596397,1.2068815483612731,-0.6676328633606123,-0.9859998018681725,-0.16742789910929987,-0.2022615211284309
0.4211980507208472,-0.2794462285496128,0.4949293005632205,-0.18774455790546585,-0.5149539622272489,0.7252301947232513,-0.5661684900504035,-0.20734367285298286,-0.5068724539655016,-1.5564495105231735,-0.6221930130937436,-0.4652277176033081,-0.7513429212791909,-0.6205713086208454,-0.8919884753501257,-0.5748846504961203,0.440579877040016,-1.2000154542426882,0.6326001356267185,-0.49867026069958154,0.5644296813861213,0.17109546532987976,-0.36107884526218903,-0.2625201262329613,0.026611919024332048,0.27162365650598685,0.2039894540748713,-0.3869284838120779,0.8673100438951018,-0.5775959821266998,0.5487801191512798,0.8309370947106798,0.08220518140636894,0.6172273712839275,-0.04801794990365963,0.3982083178656161,-0.2636158518742218,-0.056557282671715614,-0.8406988514118946,-0.7790026208204175,0.3701876520705156,0.5196511282455062,0.18044380618606762,0.10527756711664807
0.41682070647821423,-0.7821661559835762,0.21442653979512402,-1.0756635925441804,-1.4146798307390442,1.3250410866265783,-1.3372332408668113,-0.5244569118450918,-1.066016821995593,-3.0974044792987443,-1.51725113863439,-1.413226674597152,-2.0653428386299204,-2.1407408665127545,-1.8324275831448256,-1.508881363730278,1.3294784080853315,-2.9643697466358736,2.1534117449694214,-1.3303720462178863,1.2482443728153356,0.07604247518640948,-1.3439043436145397,-0.6058968981450749,-0.14511265162392226,0.03229773167863962,0.2590971981402373,-1.1262183663914778,1.5928957219340423,-1.082025066669678,0.8309370947106798,2.114129839807179,-0.14247354907145657,1.539451606310458,-0.5740699918969476,0.7246273722678747,-0.2407985405214773,-0.5443165833019566,-2.8354657640808116,-2.1861370822969177,1.1849957444980155,2.217911709496793,-0.03550689125368723,0.8787139213618392
-0.34788329837258947,0.6836448976649732,0.10833679917304814,-0.2668865764484695,0.34805053964141236,-0.08953840410681302,0.38320125864439786,0.3778383266434619,0.38560849508547723,0.5862489990123131,0.506227923582156,0.18015169671608966,0.26709147532885574,0.757108569848832,0.1450707311263463,0.7490214399277958,-0.5009290131616317,0.4746931711506899,-0.6015370460398299,0.8470423396401138,-1.2021104126871287,-0.19013023270688936,0.2804153726461036,0.14972438570228505,0.29575468139715566,-0.0413094221695468,0.16078703933618205,0.11144664802898535,-0.5166590588118773,0.09502245896208779,0.08220518140636894,-0.14247354907145657,0.41587602284465064,-0.5265588138940362,0.6321561596774592,-0.319285792486495,0.24139479992128962,0.48772314085821566,0.7384811180139028,0.7366193273850488,-0.6648900709335127,-1.1925179823684051,0.17693620902193824,-0.24458730347828908
1.047522798374711,-1.4316400912948433,0.39909083668104944,-0.08746013239520592,-1.502558004142976,1.0751140948274034,-1.3853360433337367,-0.9499908113457914,-1.3095690281800996,-3.3581942113357095,-1.7385564328666125,-1.1010660865266364,-1.7602432358430313,-2.40234426571534,-1.520091794303126,-2.1232240413092365,1.4421836529851686,-2.6606318207227573,2.2287616784619577,-2.0590331809726,2.6412375263991357,0.45316335953618936,-1.2592449286163419,-0.8590336319500553,-0.5326290500998642,0.30401138764884883,0.14381055588345568,-0.8556386871085226,1.9802477759034445,-1.0025461174272512,0.6172273712839275,1.539451606310458,-0.5265588138940362,1.9339446247001972,-1.1377703168275959,1.0839990210506172,-0.798716276200054,-0.8526384912334216,-2.6352515303168187,-2.497748140591781,1.721792590334679,2.80379829732211,-0.07393870063847775,0.661028906612694
-0.7619709158565033,1.221702504101194,-0.03788914054268156,-0.3389167212296282,0.8588926089124179,-0.3492371096311348,0.8963766697048078,0.748887958938314,0.8771442212012711,1.6590958518005534,1.0838676856577534,0.5079989044871945,0.6796041466360854,1.5855098662036118,0.631496365274786,1.4959108383112825,-0.9409392185049276,1.2810565059841188,-1.3250915497499716,1.5671482659963483,-2.2447896983668905,-0.33054434210159095,0.6274961045833455,0.4944898077513512,0.5242467850436368,-0.1984627418604253,0.1541149237289644,0.3171616794256095,-1.2547116457962433,0.36692967923351344,-0.04801794990365963,-0.5740699918969476,0.6321561596774592,-1.1377703168275959,1.115253737946776,-0.6618419700676409,0.5648401211844545,0.8161515663638194,1.52187107410649,1.543356145842706,-1.2123185291839798,-2.223387157719326,0.157104140791708,-0.3926010683172434
0.9522740205981993,-0.9986408725345264,0.5788698418909581,0.37095974726693803,-0.750349003700592,0.7289835448038944,-0.8596793446862403,-0.6125495894206578,-0.8247163349251793,-2.071204511429637,-0.9736061058125786,-0.44836160117757823,-0.7758271744557474,-1.122350850272909,-0.8619221505623399,-1.2191168763937539,0.7750212020838098,-1.323567106549681,0.974595692078099,-1.3079897069163562,1.8651635440623058,0.4151553216554047,-0.4269278228871883,-0.4907149421880144,-0.3223380107557274,0.5140984867028567,0.06910609932682096,-0.2984940099008517,1.3977661658678164,-0.6395338749609676,0.3982083178656161,0.7246273722678747,-0.319285792486495,1.0839990210506172,-0.6618419700676409,0.78109007945363,-0.6898799120878715,-0.4616781018498107,-1.2213713969531192,-1.3365336893948319,0.9615970113322483,1.4208920202478577,0.10177072687309464,0.09643396521431973
-1.1052457718682585,0.9002200557989799,-0.795881164306618,-0.8055276721267018,0.539987575721223,-0.44897058077836727,0.7081889639382939,0.6001710094109926,0.7059253517389553,1.6807920724769494,0.6934990300552556,0.08971771686544028,0.17980015370769875,0.6501940918497643,0.5899417275525013,0.9815152742028087,-0.43468213376310794,0.7159425071205551,-0.48402670414686005,1.0721466885332265,-1.849108940264178,-0.43629091501701606,0.03503643728894062,0.5424033577283488,0.3519687183448732,-0.7122138465223365,-0.05635912751665046,-0.050810954579934745,-1.3194344156208189,0.44844778619134373,-0.2636158518742218,-0.2407985405214773,0.24139479992128962,-0.798716276200054,0.5648401211844545,-0.6898799120878715,0.875210889904364,0.2965743334316887,0.432582466666095,0.889767340764857,-0.6667755575640267,-0.9194750573908231,-0.2832820367427662,0.3229328842659473
-0.42541088940706273,0.9523531053401202,0.15491954053381068,-0.04684159922622916,0.6851163826073308,-0.315284500274832,0.765114767674095,0.5262521157724438,0.6780681193127324,1.198871088683051,0.9505047447610598,0.46622421675308684,0.6732473996252436,1.337823964955103,0.5962701757490142,1.2241293265677329,-0.9040998598965169,1.1503158566947342,-1.1355574647461042,1.269961767891404,-1.6060535976901384,-0.24427269302812507,0.6541021932903046,0.25913958129522097,0.33780025462664554,0.07953637512624978,0.19032585007867336,0.3791109293769171,-0.8271050181785902,0.24296656175256315,-0.056557282671715614,-0.5443165833019566,0.48772314085821566,-0.8526384912334216,0.8161515663638194,-0.4616781018498107,0.2965743334316887,0.7030700656061141,1.3399576818931995,1.3026912649104265,-1.0381372241621014,-1.9475809381513352,0.24108126716649333,-0.47811095509948104
-0.6756151561447153,1.7444020253311676,0.21088879912803507,1.2667993651962173,2.251430477440169,-1.6392021966834052,2.0010066553975276,1.0782782635045811,1.6745704546340545,4.3881510243997885,2.5161431342542433,2.0800472146461635,3.1438683939360903,3.7936923295084126,2.3268312945745095,2.8376011437545325,-2.3602182115346597,4.345131962181086,-3.6653075861082445,2.681615573129327,-2.81952816490245,-0.2565153115634242,2.2916968991989273,0.9081321781075765,0.5780975937630178,0.22317725101224617,-0.11782246711637552,1.682587449557699,-2.315724738461575,1.391355996596397,-0.8406988514118946,-2.8354657640808116,0.7384811180139028,-2.6352515303168187,1.52187107410649,-1.2213713969531192,0.432582466666095,1.3399576818931995,4.706482239762071,3.7427436425489176,-2.431122772504699,-4.408158089540264,0.4664991078150652,-1.6635072878256825
-1.1667679230564572,1.9854816425070356,-0.2174458907982573,0.4336874794208411,2.0822894378764083,-1.4196407955317218,2.0663773140724855,1.2343024887617466,1.8026800875665003,4.313653040015786,2.5267173866809776,1.5784157782494699,2.4544780462381746,3.4512248639432257,2.2285266380833373,2.989765678624326,-2.2114390464444305,3.786975219191724,-3.1843299974948764,2.879116642109933,-3.443099557364193,-0.5496130914876424,1.9208812051083053,1.0126107280212735,0.653365173142738,-0.04768381686419757,-0.02879527172011717,1.2980246597390006,-2.478591189013323,1.2068815483612731,-0.7790026208204175,-2.1861370822969177,0.7366193273850488,-2.497748140591781,1.543356145842706,-1.3365336893948319,0.889767340764857,1.3026912649104265,3.7427436425489176,3.5222442825715063,-2.446178076485832,-4.271573218180309,0.255381158215412,-1.1146971186392103
0.8374925577282644,-1.5612110868261322,-5.866286005521693e-4,-0.04353286099276927,-1.3369180121411828,0.7935094039789171,-1.3610356663076406,-0.9172155737153094,-1.221885872760962,-2.689830788903893,-1.7654842385227945,-0.9120066856953901,-1.5468946851535081,-2.397373210938464,-1.3024467797370667,-2.193041974985176,1.5951087994501598,-2.324517648006026,2.1426609860582135,-2.1994315431113423,2.6644019928883997,0.4940495607389794,-1.3311545217217517,-0.6390782178038046,-0.5357844791295222,-0.07491127560895221,-0.10767807421310058,-0.8071568216480314,1.5445644672658048,-0.6676328633606123,0.3701876520705156,1.1849957444980155,-0.6648900709335127,1.721792590334679,-1.2123185291839798,0.9615970113322483,-0.6667755575640267,-1.0381372241621014,-2.431122772504699,-2.446178076485832,1.8978273522738187,3.1773674500504496,-0.3172329492594516,0.7852003190815796
1.1853591032101065,-2.6684464883200474,-0.3252227500594417,-0.41671915266707377,-2.414126393752891,1.2416845030360186,-2.5787627523319046,-1.5665688573446144,-2.194760011944341,-4.376910153678667,-3.142746247300327,-1.7404834460515493,-2.564271347464527,-4.391678477744374,-2.417785121012628,-3.824762942519507,2.868880668836024,-4.217304654961957,3.8962894899491745,-3.7503671362312643,4.500833925399628,0.648775019671386,-2.386818796990346,-1.0363855778961204,-0.9069788621253724,-0.36114896135918834,-0.3513882815501445,-1.4684713914433059,2.641594492747221,-0.9859998018681725,0.5196511282455062,2.217911709496793,-1.1925179823684051,2.80379829732211,-2.223387157719326,1.4208920202478577,-0.9194750573908231,-1.9475809381513352,-4.408158089540264,-4.271573218180309,3.1773674500504496,5.96684247872303,-0.596469749480046,1.5353842600769132
0.4032815789820774,0.05733062402071988,0.612721136766952,0.3589697490920265,0.06754344604523262,0.16883107996055968,-0.05913066199897954,-0.023493061216442648,-0.0925906287869029,-0.36646356765560334,0.12531522626124897,0.1418683830026443,0.30713171133641953,0.38907754200087996,-0.1384447596950908,0.16954121447921378,-0.2806301613634582,0.12660061066846726,-0.3841754879025051,0.157370756230302,0.11066616728531842,0.07107749970627866,0.41293296998459306,-0.14367334531211293,0.04687778812681242,0.5317368275192187,0.1412395463812905,0.2260636941761884,0.4236256001450531,-0.16742789910929987,0.18044380618606762,-0.03550689125368723,0.17693620902193824,-0.07393870063847775,0.157104140791708,0.10177072687309464,-0.2832820367427662,0.24108126716649333,0.4664991078150652,0.255381158215412,-0.3172329492594516,-0.596469749480046,0.3752920392005959,-0.47013758873898115
-0.41765652691866256,-0.27318744062028977,-0.716484605675819,-0.9375243156503795,-0.6326199859116266,0.258966930356245,-0.387891654468117,-0.14379549182453535,-0.29054888290016484,-0.7032275295320677,-0.715952787970355,-0.7543384685068851,-1.179892348769356,-1.3283752962194855,-0.5352912893857621,-0.7529011579489201,0.7969841754896103,-1.3205514762409991,1.330490655708026,-0.6093418299351435,0.22219827195280886,-0.09650052913649822,-1.052431423579213,-0.06375868468365316,-0.0895742888247667,-0.691466140395228,-0.04364952718128444,-0.746701575847399,0.04751253349099439,-0.2022615211284309,0.10527756711664807,0.8787139213618392,-0.24458730347828908,0.661028906612694,-0.3926010683172434,0.09643396521431973,0.3229328842659473,-0.47811095509948104,-1.6635072878256825,-1.1146971186392103,0.7852003190815796,1.5353842600769132,-0.47013758873898115,0.9595644201248071
