V1,V2,V3,V4,V5,V6,V7,V8,V9,V10,V11,V12,V13,V14,V15,V16,V17,V18,V19,V20,V21,V22,V23,V24,V25,V26,V27,V28,V29,V30,V31,V32,V33,V34,V35,V36,V37,V38,V39,V40,V41,V42,V43,V44
0.9216967394046468,-0.25457433448921135,-0.1076824300230094,0.23364080560193554,-0.21018801799061007,0.009996408365466588,0.18312063324740507,-0.3184560786033021,-0.14643194181040578,-0.25762313294127515,-0.08183548823816847,0.08340168265515932,0.011165593862630014,0.3105293133712998,-0.8640903685949624,0.1344627534004755,0.13369723702972247,-0.6830631362859575,-0.6662977408507333,0.26092559980182706,2.029828704918937,0.011343195376280452,0.8143747055464645,-0.7417320811194765,0.782328413242057,0.4066602756342029,-0.30818946477209447,-1.1354086515602955,0.1800522407339668,-0.6453012781566271,0.5110614983741157,-0.6306529188065909,0.0459764639063692,0.42104473043550733,-0.08305425970103293,-0.28238230943853243,-0.53691140312568,-0.5506024957254099,1.3979659425824547,-0.17988455252779703,0.7040603670256967,0.26717598730009673,-0.542934849634864,0.22045846765328644
-0.25457433448921135,0.638305660963711,-0.10173656374435122,-0.29672397419115804,0.06272364335426014,0.1866055922706556,0.10954922914693946,0.0381246000774808,0.07103195077002424,-0.011624938863645948,0.3185485632314619,0.20384768414635301,-0.02429352788055716,0.057415236717209044,0.03201742885500988,0.22891874348628202,-0.22571069865712237,0.0836003280781317,0.2507252411582978,0.31706829370222606,-0.14411202335740592,-0.25008648571303654,-0.22148604601177616,-0.12201600705436318,0.19819227365589828,-0.10577450080480494,-0.005086058322997283,-0.2201580733765323,-0.2980585134734509,0.11555129479302208,0.2895620577439868,0.3007498099262116,0.1673320209608282,0.2926030970611474,0.17157401305731726,-0.3109795833550223,0.19653254736181486,0.22302217345048897,0.2942527304646913,0.2367105869925151,-0.1732534268190281,-0.36852197156714483,-0.06903931666989674,-0.04186462305166245
-0.1076824300230094,-0.10173656374435122,0.19036565074713163,-0.2044490278621643,-0.0320163495658563,0.012971017016254329,-0.08885489369800535,0.203624219586572,0.08694669030847557,-0.10914159173114615,0.047731744341621245,-0.025286234471044375,-0.16268808122516007,0.09523679475768589,0.03873803287596442,-0.040639544868366545,0.16132364211043793,0.07630427618362395,-0.01629706582134874,-0.11769368607968922,-0.33310612831664516,-0.044439754846440666,-0.08782153543401636,0.2853475951430255,-0.24443913368748896,-0.19717994487172422,0.14654121251014945,0.2769895647225231,0.03464134472205008,0.03852418938141831,-0.04816998438815213,0.24139306051264026,0.014692413795884053,-0.1879879405966097,0.16840184705899067,0.06161279364954477,0.08001319535401791,-0.081354510748495,-0.3511952727841188,-0.1689115917161146,-0.13121044079857075,-0.1638685720525042,0.058069153701267376,-0.024431392272773484
0.23364080560193554,-0.29672397419115804,-0.2044490278621643,1.5091231850106657,0.25745796098963847,0.0732249985525315,0.24236498897111014,0.46020147821466667,-0.15757339394727882,0.40395261730590676,-0.08458116119367225,0.1871620491674054,0.10445218089451493,-0.0032353874394930385,0.47536108125004156,0.11619984055894328,0.05877542912789054,0.35547853650495637,0.44985371333688134,-0.4074710941681811,0.8823884650388817,0.37857415074939993,-0.394806014130702,0.03698843920763613,0.19348980289462114,0.4174553727713823,-0.27551463684068245,0.004237571722246059,0.11944506687128408,-0.06019305037792175,0.004913316162911701,-0.7346901617020326,-0.39266841953609577,0.26270157459528903,-0.5189341412784476,-0.22044539318218473,0.2558365660858226,0.7739768932084354,0.4923531184518437,0.35678955247473,0.43694523694554277,1.0607615969121473,-0.2616466343093342,-0.13272919549597553
-0.21018801799061007,0.06272364335426014,-0.0320163495658563,0.25745796098963847,0.6575257564176842,0.06784431177248366,-0.06493302789721767,-0.18572668729103767,-0.15175893775336308,0.28376715107155714,-0.01295849437539445,0.29202927459029737,-0.03184962087092843,-0.2601909587499697,0.04908311051739766,0.20632731366511814,-0.13982428067749397,0.46487832744770635,0.13924466492607193,-0.14222861118141175,0.2349509294039641,0.07896198992467933,-0.04061853775553996,-0.010898200432964873,0.13874286360518037,0.5454871249813221,-0.12048868601525135,0.43128967418130587,-0.2833882552662192,0.3275030022519697,0.26228495671642377,-0.3912590419830156,-0.0019099109671076254,0.4725223682831695,-0.0017063142495403758,0.04871773598449774,0.2887757823368298,0.14834300957137134,0.1801308347151835,0.11013125262144041,0.2351712926394609,-0.0025779545638969638,0.22114191948375517,-0.06947194141714488
0.009996408365466588,0.1866055922706556,0.012971017016254329,0.0732249985525315,0.06784431177248366,0.5087302636773283,0.03364080005185594,0.42000390214862054,-0.022364018789076935,-0.2710933396031181,0.18062359458727598,0.006883613886184668,-0.39006274822770165,0.12733104015215005,-0.15061878082044527,0.3157531548920163,0.12519050080584002,-0.1717437542595262,0.3386496780168004,0.002583190075267964,0.3762659394598414,-0.1406250023469701,-0.27499129991068466,0.04169360308251505,0.31599910068275977,0.17840949972350514,-0.02871261457456788,-0.32152505554856825,0.07594794030143805,-0.2521821316816862,0.44640332941400906,0.34387890309696106,-0.011813026992863653,0.3510720086033706,0.04430936512286754,-0.28610345362338646,0.33714104764611735,0.35200193449529815,0.061852100574780376,0.03991719492243602,0.09989312341383083,0.18095997178122086,-0.21898193067076735,0.047181374758401916
0.18312063324740507,0.10954922914693946,-0.08885489369800535,0.24236498897111014,-0.06493302789721767,0.03364080005185594,0.26047633280078936,0.11081195631226387,0.0863688164275768,0.04400036312388875,0.09051325409466032,0.058253329909062,0.08263974258473632,0.2729846658817261,0.0162168917747427,0.14043203645873503,-0.07408052364037561,-0.06933042278867048,-0.14322113117495713,0.18647213757408432,0.25409601391237335,0.026082590916783454,0.06475714516655524,-0.14717857980576213,0.268512830371214,-0.014188772850621756,-0.047237892857549,-0.4088110934248216,-0.059452793306161905,-0.17610179875026818,0.07550995677836105,-0.16352770149640347,0.011954934293486326,-3.107804816813162e-4,0.004853865038944281,-0.154018042078489,-0.08967140945696848,0.1693600492018539,0.5155418338394995,0.2030615523496474,0.05347171965747191,0.003368342299988884,-0.2166358015091977,-0.005486797652941253
-0.3184560786033021,0.0381246000774808,0.203624219586572,0.46020147821466667,-0.18572668729103767,0.42000390214862054,0.11081195631226387,1.7930153346363311,0.25974446607116225,-0.03896048010468363,0.5149853302832688,-0.0947198987243081,-0.436399616813062,0.594886265289663,0.5571354094503932,0.4144430727304836,0.426990121573949,0.3275164758288369,0.7792125604686184,-0.25307834446967786,-0.5831399650678368,-0.2273325829079061,-1.0433903621462928,0.8837092347504251,-0.2644508212899071,-0.5924657566718946,0.2173358479907041,0.21715639926357239,0.2517284048664562,-0.20856230608437157,2.7237869287501955e-4,0.7542739408583952,-0.2283987076214329,-0.5168895693880353,0.056261210911488196,-0.6423983291500636,0.8655316921927854,1.060629728800746,-0.46136595637963623,0.20487663920773305,-0.4405542231224548,0.5413822314385678,-0.3754390003050372,-0.19359845598542585
-0.14643194181040578,0.07103195077002424,0.08694669030847557,-0.15757339394727882,-0.15175893775336308,-0.022364018789076935,0.0863688164275768,0.25974446607116225,0.30362724899412447,0.004260669891789628,0.17886204578703135,-0.05119200782124824,0.1301951295751245,0.2967547521705027,0.35988551786549716,-0.05583550267576011,0.04179017146739799,0.14485446597600646,-0.11733010100062449,0.03287480847262201,-0.7196466751999752,-0.11424980692606501,-0.0959040545337612,0.3714105055259723,-0.29375946027404465,-0.4225079609229154,0.17299876402188574,0.17414843081532994,0.004032837938416843,0.11696887208314502,-0.2829024329718455,0.360274470142196,-0.01897190188133863,-0.46716817437672703,0.11721987844000832,0.09270686024366677,0.002546988383689783,0.04485070995680329,-0.365000590950348,0.05275812124985203,-0.42324673298814264,-0.307053743502501,0.025926968785011856,-0.08867494388334626
-0.25762313294127515,-0.011624938863645948,-0.10914159173114615,0.40395261730590676,0.28376715107155714,-0.2710933396031181,0.04400036312388875,-0.03896048010468363,0.004260669891789628,0.7850693901465002,0.10088797156980973,0.15912306222010356,0.33716802709812066,-0.07140424071369418,0.659269759916887,0.012669330509246764,-0.23539924639241502,0.7125442972304875,0.041356328562599985,-0.0864386435579322,-0.551739928608451,0.21285273843666133,-0.016856439271052643,0.26211913564700706,-0.33060148324253463,0.018497806718886234,-0.1476539943377555,0.6238445454618894,-0.19237722777067856,0.32494015751498084,-0.43092703107768826,-0.4520209375859412,-0.1299216595384616,-0.21758805372505077,-0.20432761998214471,0.052812995424691166,0.16792083477785008,0.1989933799632658,-0.15933936794154113,0.37545218136009106,-0.14655009381301615,-0.13150514451020148,0.14041279973111112,-0.13635013334343937
-0.08183548823816847,0.3185485632314619,0.047731744341621245,-0.08458116119367225,-0.01295849437539445,0.18062359458727598,0.09051325409466032,0.5149853302832688,0.17886204578703135,0.10088797156980973,0.597829946661816,0.3593562628007079,0.03999949682651999,0.4821245785742536,0.2589575202182603,0.2621021478588,0.0653299994697064,0.40032966977013124,0.10015943533348852,0.05570164345285185,0.2728006364791333,-0.3287908000764987,-0.15662691738459789,0.27845711721279975,-0.04716725203941238,-0.34613921672845255,-0.06278144228260162,-0.042248337367247625,-0.11668307816052712,0.06666648396209716,0.1539662060825098,0.3930550504376631,-0.05290863857380323,-0.0023770956139811013,0.09915177631256188,-0.5043698653762113,0.284257245882551,0.05304663825438512,0.3084646966969031,0.16364827967870366,-0.22860300903050004,-0.23633363484684922,-0.34542897965254826,-0.12325109377594953
0.08340168265515932,0.20384768414635301,-0.025286234471044375,0.1871620491674054,0.29202927459029737,0.006883613886184668,0.058253329909062,-0.0947198987243081,-0.05119200782124824,0.15912306222010356,0.3593562628007079,0.6504786255726751,0.1789512484391436,0.1782008816945488,0.08010154112925462,0.12300713510471534,-0.049562226469827345,0.519653014385411,-0.008417858718920158,-0.08674154628182043,1.0725638292415813,-0.13432984166070502,0.06816130669465435,-0.09932347123424873,0.12913907740019126,0.08391678570317022,-0.2175782547317466,0.006844745695166033,-0.2898772688136663,0.26789361377207194,0.331945171220148,-0.19008881950963824,-0.06471191432396349,0.49714066803487783,0.00843513057353772,-0.35895802377793934,0.06045524967953496,-0.2094561288337603,0.8343617927394665,0.08156535249908255,0.21836192711949226,-0.0840011095506046,-0.24137547637146595,-0.13632312953057016
0.011165593862630014,-0.02429352788055716,-0.16268808122516007,0.10445218089451493,-0.03184962087092843,-0.39006274822770165,0.08263974258473632,-0.436399616813062,0.1301951295751245,0.33716802709812066,0.03999949682651999,0.1789512484391436,0.7646504806978887,0.028767759043783557,0.5269947048932974,-0.32863716622850225,-0.22919248891867436,0.42169654779011984,-0.307955833108355,-0.054754725103353115,-0.17897963158707575,0.016730381031480657,0.23112886917774264,0.011693325108108292,-0.29762831126583844,-0.25136300462029204,-0.08300886791109097,0.19505562798529702,-0.09474761734719891,0.4362636676839277,-0.5641345659896617,-0.148157534908877,-0.16233517201006503,-0.3385514039861435,-0.2591237040220121,0.2571378609079095,-0.35217684828771917,-0.2981467314221131,0.05227587297353916,0.1877870794564199,-0.2603636071609733,-0.0970085087585096,0.09582796751877673,-0.15122648309810108
0.3105293133712998,0.057415236717209044,0.09523679475768589,-0.0032353874394930385,-0.2601909587499697,0.12733104015215005,0.2729846658817261,0.594886265289663,0.2967547521705027,-0.07140424071369418,0.4821245785742536,0.1782008816945488,0.028767759043783557,0.8487111966376852,-0.0020539339324421465,0.2946650058379542,0.18965458263585944,2.695028118315922e-4,-0.3962507192986211,0.20551720356764872,0.53391861908642,-0.25431178445118335,0.19445277713333695,0.17372404997284718,0.16992231937450356,-0.3644060203679977,-0.0013944134223728634,-0.48828153947876207,0.056118504343359195,-0.3140204386869574,0.1340858331710174,0.2447109899404012,-0.03475127227071748,-0.2876464593121853,0.1865561474017622,-0.45620617257623214,-0.02269569216368901,-0.08665615612992522,0.6244498651462348,0.09613195271634495,-0.15285966744412888,-0.1905094122239653,-0.5191562754630148,-0.0413741423165856
-0.8640903685949624,0.03201742885500988,0.03873803287596442,0.47536108125004156,0.04908311051739766,-0.15061878082044527,0.0162168917747427,0.5571354094503932,0.35988551786549716,0.659269759916887,0.2589575202182603,0.08010154112925462,0.5269947048932974,-0.0020539339324421465,1.9031094201479257,-0.44862745396600273,-0.12311021305589799,1.313074214503373,0.6862478581691372,-0.6478572734369019,-2.334191967736205,0.20166538085102392,-1.0126095187023396,1.2246472633809362,-1.3132329152572753,-0.8624224717407304,0.22992239330868483,1.447512511287927,-0.06551635665609347,0.8616331823543874,-1.2266970019781598,0.624454532865058,-0.46320069878064674,-0.9429245216567378,-0.32364976595055794,0.43427519090726646,0.4283829173157946,0.7244834256120009,-1.7071320745465361,0.48351360601944354,-0.9785838346823417,-0.04751572968607832,0.36569567647219076,-0.44202715819660415
0.1344627534004755,0.22891874348628202,-0.040639544868366545,0.11619984055894328,0.20632731366511814,0.3157531548920163,0.14043203645873503,0.4144430727304836,-0.05583550267576011,0.012669330509246764,0.2621021478588,0.12300713510471534,-0.32863716622850225,0.2946650058379542,-0.44862745396600273,0.6171355310728205,0.027682835864742055,-0.15455975175284217,0.020249381007361067,0.3043020797791944,0.8269927069693042,-0.18546743761203263,0.07278398679972763,-0.19774645052237033,0.6298244797792751,0.37899502367355786,-0.13929985958019692,-0.48863805999597354,-0.08188050985782319,-0.348630200735014,0.6469350671611732,-0.13577671123287222,0.11769395638667693,0.4022346808467855,0.16306324285787616,-0.5762019896811607,0.3378886302848357,0.2728074976594287,0.8109057657910239,0.15994570927746704,0.24448916151522052,0.06397727619851781,-0.31144375543565,0.07624636853423686
0.13369723702972247,-0.22571069865712237,0.16132364211043793,0.05877542912789054,-0.13982428067749397,0.12519050080584002,-0.07408052364037561,0.426990121573949,0.04179017146739799,-0.23539924639241502,0.0653299994697064,-0.049562226469827345,-0.22919248891867436,0.18965458263585944,-0.12311021305589799,0.027682835864742055,0.331749689093567,-0.12888315390072688,0.05172994335191501,-0.1745644251066427,0.34021921708110087,-0.09406278892720396,-0.08865623301517794,0.21691983503803572,-0.06952029992280587,-0.10883751237048567,0.05250812632780279,-0.011824286233715009,0.23467918712928512,-0.17235306894633948,0.11235993810736714,0.2062239057115545,-0.0759687834872076,-0.07942328371950656,0.037991008819364784,-0.13993725730333276,0.10487872820438793,-0.0329391323764971,-0.10353550232306415,-0.2316270191744291,0.039425596677567974,0.23284380493154003,-0.16511247023217757,0.014943190700815557
-0.6830631362859575,0.0836003280781317,0.07630427618362395,0.35547853650495637,0.46487832744770635,-0.1717437542595262,-0.06933042278867048,0.3275164758288369,0.14485446597600646,0.7125442972304875,0.40032966977013124,0.519653014385411,0.42169654779011984,2.695028118315922e-4,1.313074214503373,-0.15455975175284217,-0.12888315390072688,1.4681712259069806,0.450763317878642,-0.5635241823572762,-1.0435798725686924,0.06807150221395249,-0.6236076609116094,0.8581667345820603,-0.8851034616194585,-0.42116226164983595,0.019546391265355827,1.3289463991747203,-0.3333569117888289,0.8847318915938169,-0.6038484467016803,0.16429598072412332,-0.3188112710664056,-0.31780045308817373,-0.1508454380067625,0.10816604865670044,0.4750341739786546,0.3200172332580991,-0.7032389966969218,0.34555801819680015,-0.4883858489864197,-0.18120455142690647,0.2399769215325887,-0.4102594375369999
-0.6662977408507333,0.2507252411582978,-0.01629706582134874,0.44985371333688134,0.13924466492607193,0.3386496780168004,-0.14322113117495713,0.7792125604686184,-0.11733010100062449,0.041356328562599985,0.10015943533348852,-0.008417858718920158,-0.307955833108355,-0.3962507192986211,0.6862478581691372,0.020249381007361067,0.05172994335191501,0.450763317878642,1.3171389371918363,-0.4586360898405991,-0.8317172157455652,0.014053689293264945,-1.2613185235443316,0.511749513705454,-0.3943974655859467,-0.16344822309215337,0.09975250123619626,0.6247241182030716,0.03649335625862638,0.31071355618800844,-0.05753672634222153,0.5588005626787246,-0.2156851129584789,0.15303394153623393,-0.21643569602756596,-0.2128606830206886,0.8028066244313239,1.044676290482959,-0.9102581507959284,0.2113834200750831,-0.2430626528857338,0.6457087864819943,0.12974902907532296,-0.18826661654987573
0.26092559980182706,0.31706829370222606,-0.11769368607968922,-0.4074710941681811,-0.14222861118141175,0.002583190075267964,0.18647213757408432,-0.25307834446967786,0.03287480847262201,-0.0864386435579322,0.05570164345285185,-0.08674154628182043,-0.054754725103353115,0.20551720356764872,-0.6478572734369019,0.3043020797791944,-0.1745644251066427,-0.5635241823572762,-0.4586360898405991,0.6557337403225552,0.40843049559932,-0.1596549695719443,0.5197808775471631,-0.5481254666038557,0.6027303653378556,0.15301962558452514,-0.06428013449124732,-0.7966671755841842,-0.12432903871722634,-0.3888135210882746,0.3799107714797479,-0.19255876051304513,0.31966348259022054,0.15636816340609958,0.24215870297831815,-0.2496295892541487,-0.2381981160640687,-0.20211495119438605,0.818091389682098,0.07489305165145081,0.11582777665178492,-0.41772374076364327,-0.17724005742383941,0.18345613019252058
2.029828704918937,-0.14411202335740592,-0.33310612831664516,0.8823884650388817,0.2349509294039641,0.3762659394598414,0.25409601391237335,-0.5831399650678368,-0.7196466751999752,-0.551739928608451,0.2728006364791333,1.0725638292415813,-0.17897963158707575,0.53391861908642,-2.334191967736205,0.8269927069693042,0.34021921708110087,-1.0435798725686924,-0.8317172157455652,0.40843049559932,6.759870129101551,-0.35970364532709975,1.560534721671678,-1.9918637950788172,2.328558353964328,1.5884957535970967,-1.1014315614270551,-2.5883414018688744,0.07705483253938865,-1.1212146312871076,2.2617678380778767,-1.6197059757111882,0.058198976045283506,2.329527012766768,-0.22222837956027916,-1.5421041157873756,-0.5687524959549426,-1.151999371633947,4.420674181531188,-0.3946525918897106,2.1826745776620347,1.0885168105638574,-1.518768051237938,0.38148820141607465
0.011343195376280452,-0.25008648571303654,-0.044439754846440666,0.37857415074939993,0.07896198992467933,-0.1406250023469701,0.026082590916783454,-0.2273325829079061,-0.11424980692606501,0.21285273843666133,-0.3287908000764987,-0.13432984166070502,0.016730381031480657,-0.25431178445118335,0.20166538085102392,-0.18546743761203263,-0.09406278892720396,0.06807150221395249,0.014053689293264945,-0.1596549695719443,-0.35970364532709975,0.40932625584575577,-0.018441107222872285,-0.021755353588383,-0.11152758923186913,0.17392402456900313,-0.0160479205586276,0.2164509620673869,0.011570489710142335,-0.02014197182550678,-0.2718348904715545,-0.4289146286784553,-0.06700345245883566,-0.06868142681174792,-0.1615271113791571,0.34217979696785994,-0.12216265772584958,0.15594087250079686,-0.25842949677818156,0.0753765050108849,0.16316770549113346,0.1508928439904649,0.16951950019783327,0.009597252973211476
0.8143747055464645,-0.22148604601177616,-0.08782153543401636,-0.394806014130702,-0.04061853775553996,-0.27499129991068466,0.06475714516655524,-1.0433903621462928,-0.0959040545337612,-0.016856439271052643,-0.15662691738459789,0.06816130669465435,0.23112886917774264,0.19445277713333695,-1.0126095187023396,0.07278398679972763,-0.08865623301517794,-0.6236076609116094,-1.2613185235443316,0.5197808775471631,1.560534721671678,-0.018441107222872285,1.4538053082687727,-0.8294584649174668,0.6704630770854142,0.5326222372570456,-0.3021959276635083,-0.8419599466155406,-0.020797045276426025,-0.41863617545335424,0.3453962918482644,-0.8161377473239353,0.24602693911647391,0.2841282108633737,0.11059754950576463,0.0636577446785757,-0.7988544278488409,-1.1690402543294456,1.253179308695296,-0.24840870981179822,0.5529300725004725,-0.4964842819910319,-0.199463337004861,0.28884326043959946
-0.7417320811194765,-0.12201600705436318,0.2853475951430255,0.03698843920763613,-0.010898200432964873,0.04169360308251505,-0.14717857980576213,0.8837092347504251,0.3714105055259723,0.26211913564700706,0.27845711721279975,-0.09932347123424873,0.011693325108108292,0.17372404997284718,1.2246472633809362,-0.19774645052237033,0.21691983503803572,0.8581667345820603,0.511749513705454,-0.5481254666038557,-1.9918637950788172,-0.021755353588383,-0.8294584649174668,1.2833393519601144,-1.1264110234950835,-0.7555045875419811,0.35176632780055095,1.2997487795949014,0.115809923028263,0.5189792570892212,-0.7901310378315632,0.8547083796985357,-0.29544576293373814,-0.9141277740135598,0.012553316729865465,0.2599084991684119,0.56637034421484,0.49783060136608165,-1.7072607381277567,0.09308707545779156,-0.8781513414041467,-0.13165143018624148,0.2971940926133883,-0.2936300953115435
0.782328413242057,0.19819227365589828,-0.24443913368748896,0.19348980289462114,0.13874286360518037,0.31599910068275977,0.268512830371214,-0.2644508212899071,-0.29375946027404465,-0.33060148324253463,-0.04716725203941238,0.12913907740019126,-0.29762831126583844,0.16992231937450356,-1.3132329152572753,0.6298244797792751,-0.06952029992280587,-0.8851034616194585,-0.3943974655859467,0.6027303653378556,2.328558353964328,-0.11152758923186913,0.6704630770854142,-1.1264110234950835,1.4386755276203236,0.9158888452199399,-0.36180203865811356,-1.5132828958308862,-0.06641927772004821,-0.7598143415931716,1.1549545362672236,-0.7275773396837986,0.2705573194235634,1.0180274899026305,0.08846909288175014,-0.6048608595912346,-0.2029996218339405,-0.10627811695636001,1.9652527032083913,0.02324571511562517,0.9157039554193398,0.2978892023485605,-0.5291129663253767,0.2894183879159563
0.4066602756342029,-0.10577450080480494,-0.19717994487172422,0.4174553727713823,0.5454871249813221,0.17840949972350514,-0.014188772850621756,-0.5924657566718946,-0.4225079609229154,0.018497806718886234,-0.34613921672845255,0.08391678570317022,-0.25136300462029204,-0.3644060203679977,-0.8624224717407304,0.37899502367355786,-0.10883751237048567,-0.42116226164983595,-0.16344822309215337,0.15301962558452514,1.5884957535970967,0.17392402456900313,0.5326222372570456,-0.7555045875419811,0.9158888452199399,1.219919423705706,-0.34877931541972684,-0.490765940514739,-0.06267932993436708,-0.2868566638454843,0.7747148919952613,-0.9223013965196933,0.10846112849706885,0.9828619572125457,-0.09528809508026527,-0.08900986258587207,-0.022388808995494478,-0.07364998612335145,0.9903778481243075,-0.03028289023095923,0.860842322266366,0.38803748914221076,-0.001707890567481405,0.21767069743864303
-0.30818946477209447,-0.005086058322997283,0.14654121251014945,-0.27551463684068245,-0.12048868601525135,-0.02871261457456788,-0.047237892857549,0.2173358479907041,0.17299876402188574,-0.1476539943377555,-0.06278144228260162,-0.2175782547317466,-0.08300886791109097,-0.0013944134223728634,0.22992239330868483,-0.13929985958019692,0.05250812632780279,0.019546391265355827,0.09975250123619626,-0.06428013449124732,-1.1014315614270551,-0.0160479205586276,-0.3021959276635083,0.35176632780055095,-0.36180203865811356,-0.34877931541972684,0.29840317496160007,0.35606794157604654,0.027500396409813804,0.1371651567212631,-0.28053611691117075,0.4336376686784557,0.0345306228223769,-0.4322006312761535,0.17254441063077464,0.24487750323714844,0.0731100954083206,0.15472829871034505,-0.7280756890067294,-0.07119113218035965,-0.3857348784990607,-0.17195167207749562,0.24334871416820852,-0.05779894820330986
-1.1354086515602955,-0.2201580733765323,0.2769895647225231,0.004237571722246059,0.43128967418130587,-0.32152505554856825,-0.4088110934248216,0.21715639926357239,0.17414843081532994,0.6238445454618894,-0.042248337367247625,0.006844745695166033,0.19505562798529702,-0.48828153947876207,1.447512511287927,-0.48863805999597354,-0.011824286233715009,1.3289463991747203,0.6247241182030716,-0.7966671755841842,-2.5883414018688744,0.2164509620673869,-0.8419599466155406,1.2997487795949014,-1.5132828958308862,-0.490765940514739,0.35606794157604654,2.196597973908914,-0.13703701866662055,1.1214054908750664,-1.0566788956802227,0.45303266757392846,-0.27751850341853745,-0.7822816425250169,-0.0511582922416827,0.7209477450031729,0.5660580014938306,0.3360117816842661,-2.1888129161614747,0.03235292631679537,-0.8390460462646269,-0.2696611714246993,0.8796899920130061,-0.3719620650839222
0.1800522407339668,-0.2980585134734509,0.03464134472205008,0.11944506687128408,-0.2833882552662192,0.07594794030143805,-0.059452793306161905,0.2517284048664562,0.004032837938416843,-0.19237722777067856,-0.11668307816052712,-0.2898772688136663,-0.09474761734719891,0.056118504343359195,-0.06551635665609347,-0.08188050985782319,0.23467918712928512,-0.3333569117888289,0.03649335625862638,-0.12432903871722634,0.07705483253938865,0.011570489710142335,-0.020797045276426025,0.115809923028263,-0.06641927772004821,-0.06267932993436708,0.027500396409813804,-0.13703701866662055,0.372406169650788,-0.2592109708843393,-0.12820213464889837,0.1774591268210597,-0.12626774374326025,-0.23535280714088178,-0.14608194132263294,0.024567957402338143,-0.028322516082901816,0.019464152009370298,-0.3331331640278602,-0.14243060564398968,-0.022283934882652782,0.3954963879571412,-0.09698798864103482,0.07111011502678016
-0.6453012781566271,0.11555129479302208,0.03852418938141831,-0.06019305037792175,0.3275030022519697,-0.2521821316816862,-0.17610179875026818,-0.20856230608437157,0.11696887208314502,0.32494015751498084,0.06666648396209716,0.26789361377207194,0.4362636676839277,-0.3140204386869574,0.8616331823543874,-0.348630200735014,-0.17235306894633948,0.8847318915938169,0.31071355618800844,-0.3888135210882746,-1.1212146312871076,-0.02014197182550678,-0.41863617545335424,0.5189792570892212,-0.7598143415931716,-0.2868566638454843,0.1371651567212631,1.1214054908750664,-0.2592109708843393,0.9219810416414116,-0.5351340577601553,0.26803878613076954,-0.1505236430064123,-0.22125495750428156,-0.06737220325189845,0.38241559016456367,0.1804582772049542,0.02909011840205676,-0.8440808279809635,0.08638119807139358,-0.49794496665741417,-0.2225135673521653,0.5065568886198439,-0.2849420070910219
0.5110614983741157,0.2895620577439868,-0.04816998438815213,0.004913316162911701,0.26228495671642377,0.44640332941400906,0.07550995677836105,2.7237869287501955e-4,-0.2829024329718455,-0.43092703107768826,0.1539662060825098,0.331945171220148,-0.5641345659896617,0.1340858331710174,-1.2266970019781598,0.6469350671611732,0.11235993810736714,-0.6038484467016803,-0.05753672634222153,0.3799107714797479,2.2617678380778767,-0.2718348904715545,0.3453962918482644,-0.7901310378315632,1.1549545362672236,0.7747148919952613,-0.28053611691117075,-1.0566788956802227,-0.12820213464889837,-0.5351340577601553,1.336142133870311,-0.3794871440630296,0.27288050365414535,1.1818737423013914,0.25774036108934784,-0.7463009623415958,0.124645190950248,-0.11524145981363865,1.6452422850769988,-0.16699697687874093,0.8345495816371468,0.17042018295387246,-0.48436774810374883,0.21221925088307014
-0.6306529188065909,0.3007498099262116,0.24139306051264026,-0.7346901617020326,-0.3912590419830156,0.34387890309696106,-0.16352770149640347,0.7542739408583952,0.360274470142196,-0.4520209375859412,0.3930550504376631,-0.19008881950963824,-0.148157534908877,0.2447109899404012,0.624454532865058,-0.13577671123287222,0.2062239057115545,0.16429598072412332,0.5588005626787246,-0.19255876051304513,-1.6197059757111882,-0.4289146286784553,-0.8161377473239353,0.8547083796985357,-0.7275773396837986,-0.9223013965196933,0.4336376686784557,0.45303266757392846,0.1774591268210597,0.26803878613076954,-0.3794871440630296,1.6188093853686603,-0.09934681513600575,-0.6383016255901272,0.20094531373841576,0.00818135871460955,0.4121605315790691,0.2648359776741901,-1.455879388564852,-0.06057011660052149,-0.9603360844510932,-0.23843170168154876,0.10437465312699325,-0.15476843728684037
0.0459764639063692,0.1673320209608282,0.014692413795884053,-0.39266841953609577,-0.0019099109671076254,-0.011813026992863653,0.011954934293486326,-0.2283987076214329,-0.01897190188133863,-0.1299216595384616,-0.05290863857380323,-0.06471191432396349,-0.16233517201006503,-0.03475127227071748,-0.46320069878064674,0.11769395638667693,-0.0759687834872076,-0.3188112710664056,-0.2156851129584789,0.31966348259022054,0.058198976045283506,-0.06700345245883566,0.24602693911647391,-0.29544576293373814,0.2705573194235634,0.10846112849706885,0.0345306228223769,-0.27751850341853745,-0.12626774374326025,-0.1505236430064123,0.27288050365414535,-0.09934681513600575,0.2597703470411535,0.16031881856076285,0.24183244154110894,-0.02801962731941346,-0.11487501467666496,-0.17109481222083633,0.29965713347045986,-0.09006913325559693,0.1056015976289842,-0.3508361692389229,0.03614155506294748,0.11643620504440892
0.42104473043550733,0.2926030970611474,-0.1879879405966097,0.26270157459528903,0.4725223682831695,0.3510720086033706,-3.107804816813162e-4,-0.5168895693880353,-0.46716817437672703,-0.21758805372505077,-0.0023770956139811013,0.49714066803487783,-0.3385514039861435,-0.2876464593121853,-0.9429245216567378,0.4022346808467855,-0.07942328371950656,-0.31780045308817373,0.15303394153623393,0.15636816340609958,2.329527012766768,-0.06868142681174792,0.2841282108633737,-0.9141277740135598,1.0180274899026305,0.9828619572125457,-0.4322006312761535,-0.7822816425250169,-0.23535280714088178,-0.22125495750428156,1.1818737423013914,-0.6383016255901272,0.16031881856076285,1.4863489146006397,-0.014020628765372984,-0.5187422745360118,0.050826693621536724,-0.14866053696631418,1.5178331875379796,-0.08305692948372943,0.9803739656135553,0.2988285881626371,-0.3106422123076642,0.16423076395483524
-0.08305425970103293,0.17157401305731726,0.16840184705899067,-0.5189341412784476,-0.0017063142495403758,0.04430936512286754,0.004853865038944281,0.056261210911488196,0.11721987844000832,-0.20432761998214471,0.09915177631256188,0.00843513057353772,-0.2591237040220121,0.1865561474017622,-0.32364976595055794,0.16306324285787616,0.037991008819364784,-0.1508454380067625,-0.21643569602756596,0.24215870297831815,-0.22222837956027916,-0.1615271113791571,0.11059754950576463,0.012553316729865465,0.08846909288175014,-0.09528809508026527,0.17254441063077464,-0.0511582922416827,-0.14608194132263294,-0.06737220325189845,0.25774036108934784,0.20094531373841576,0.24183244154110894,-0.014020628765372984,0.42366655216589105,-0.06996998116765861,0.01999645669861702,-0.15586379728257263,0.09633773234021795,-0.1383472325241432,-0.09211176118159622,-0.5054202965242254,0.03833278853132667,0.04251069079406346
-0.28238230943853243,-0.3109795833550223,0.06161279364954477,-0.22044539318218473,0.04871773598449774,-0.28610345362338646,-0.154018042078489,-0.6423983291500636,0.09270686024366677,0.052812995424691166,-0.5043698653762113,-0.35895802377793934,0.2571378609079095,-0.45620617257623214,0.43427519090726646,-0.5762019896811607,-0.13993725730333276,0.10816604865670044,-0.2128606830206886,-0.2496295892541487,-1.5421041157873756,0.34217979696785994,0.0636577446785757,0.2599084991684119,-0.6048608595912346,-0.08900986258587207,0.24487750323714844,0.7209477450031729,0.024567957402338143,0.38241559016456367,-0.7463009623415958,0.00818135871460955,-0.02801962731941346,-0.5187422745360118,-0.06996998116765861,1.0086473580290887,-0.3422009230275292,-0.19397588478738736,-1.234209236264278,-0.13067241402902627,-0.295026433700465,-0.30443801993256636,0.6520006754002197,-0.020569135784063098
-0.53691140312568,0.19653254736181486,0.08001319535401791,0.2558365660858226,0.2887757823368298,0.33714104764611735,-0.08967140945696848,0.8655316921927854,0.002546988383689783,0.16792083477785008,0.284257245882551,0.06045524967953496,-0.35217684828771917,-0.02269569216368901,0.4283829173157946,0.3378886302848357,0.10487872820438793,0.4750341739786546,0.8028066244313239,-0.2381981160640687,-0.5687524959549426,-0.12216265772584958,-0.7988544278488409,0.56637034421484,-0.2029996218339405,-0.022388808995494478,0.0731100954083206,0.5660580014938306,-0.028322516082901816,0.1804582772049542,0.124645190950248,0.4121605315790691,-0.11487501467666496,0.050826693621536724,0.01999645669861702,-0.3422009230275292,0.8263574729797768,0.7824842933961861,-0.5402707756637091,0.1992839899313349,-0.2418067415551312,0.26816609475597203,0.04504611217218601,-0.14204867797348492
-0.5506024957254099,0.22302217345048897,-0.081354510748495,0.7739768932084354,0.14834300957137134,0.35200193449529815,0.1693600492018539,1.060629728800746,0.04485070995680329,0.1989933799632658,0.05304663825438512,-0.2094561288337603,-0.2981467314221131,-0.08665615612992522,0.7244834256120009,0.2728074976594287,-0.0329391323764971,0.3200172332580991,1.044676290482959,-0.20211495119438605,-1.151999371633947,0.15594087250079686,-1.1690402543294456,0.49783060136608165,-0.10627811695636001,-0.07364998612335145,0.15472829871034505,0.3360117816842661,0.019464152009370298,0.02909011840205676,-0.11524145981363865,0.2648359776741901,-0.17109481222083633,-0.14866053696631418,-0.15586379728257263,-0.19397588478738736,0.7824842933961861,1.4452932307899813,-0.6409248339825041,0.492218354362947,-0.27634746199038696,0.6323480630646575,0.06180605009406819,-0.16876655768174068
1.3979659425824547,0.2942527304646913,-0.3511952727841188,0.4923531184518437,0.1801308347151835,0.061852100574780376,0.5155418338394995,-0.46136595637963623,-0.365000590950348,-0.15933936794154113,0.3084646966969031,0.8343617927394665,0.05227587297353916,0.6244498651462348,-1.7071320745465361,0.8109057657910239,-0.10353550232306415,-0.7032389966969218,-0.9102581507959284,0.818091389682098,4.420674181531188,-0.25842949677818156,1.253179308695296,-1.7072607381277567,1.9652527032083913,0.9903778481243075,-0.7280756890067294,-2.1888129161614747,-0.3331331640278602,-0.8440808279809635,1.6452422850769988,-1.455879388564852,0.29965713347045986,1.5178331875379796,0.09633773234021795,-1.234209236264278,-0.5402707756637091,-0.6409248339825041,3.867822895643182,0.06558038325262473,1.4515449896648986,0.27607100200887424,-1.1193939127075756,0.24243762585185613
-0.17988455252779703,0.2367105869925151,-0.1689115917161146,0.35678955247473,0.11013125262144041,0.03991719492243602,0.2030615523496474,0.20487663920773305,0.05275812124985203,0.37545218136009106,0.16364827967870366,0.08156535249908255,0.1877870794564199,0.09613195271634495,0.48351360601944354,0.15994570927746704,-0.2316270191744291,0.34555801819680015,0.2113834200750831,0.07489305165145081,-0.3946525918897106,0.0753765050108849,-0.24840870981179822,0.09308707545779156,0.02324571511562517,-0.03028289023095923,-0.07119113218035965,0.03235292631679537,-0.14243060564398968,0.08638119807139358,-0.16699697687874093,-0.06057011660052149,-0.09006913325559693,-0.08305692948372943,-0.1383472325241432,-0.13067241402902627,0.1992839899313349,0.492218354362947,0.06558038325262473,0.4560654793624549,-0.17219466589310542,0.04695590381867571,-0.050881613510828476,-0.1053347395720353
0.7040603670256967,-0.1732534268190281,-0.13121044079857075,0.43694523694554277,0.2351712926394609,0.09989312341383083,0.05347171965747191,-0.4405542231224548,-0.42324673298814264,-0.14655009381301615,-0.22860300903050004,0.21836192711949226,-0.2603636071609733,-0.15285966744412888,-0.9785838346823417,0.24448916151522052,0.039425596677567974,-0.4883858489864197,-0.2430626528857338,0.11582777665178492,2.1826745776620347,0.16316770549113346,0.5529300725004725,-0.8781513414041467,0.9157039554193398,0.860842322266366,-0.3857348784990607,-0.8390460462646269,-0.022283934882652782,-0.49794496665741417,0.8345495816371468,-0.9603360844510932,0.1056015976289842,0.9803739656135553,-0.09211176118159622,-0.295026433700465,-0.2418067415551312,-0.27634746199038696,1.4515449896648986,-0.17219466589310542,1.0484598894864097,0.4253702852147701,-0.3517813179366266,0.2186119794720112
0.26717598730009673,-0.36852197156714483,-0.1638685720525042,1.0607615969121473,-0.0025779545638969638,0.18095997178122086,0.003368342299988884,0.5413822314385678,-0.307053743502501,-0.13150514451020148,-0.23633363484684922,-0.0840011095506046,-0.0970085087585096,-0.1905094122239653,-0.04751572968607832,0.06397727619851781,0.23284380493154003,-0.18120455142690647,0.6457087864819943,-0.41772374076364327,1.0885168105638574,0.1508928439904649,-0.4964842819910319,-0.13165143018624148,0.2978892023485605,0.38803748914221076,-0.17195167207749562,-0.2696611714246993,0.3954963879571412,-0.2225135673521653,0.17042018295387246,-0.23843170168154876,-0.3508361692389229,0.2988285881626371,-0.5054202965242254,-0.30443801993256636,0.26816609475597203,0.6323480630646575,0.27607100200887424,0.04695590381867571,0.4253702852147701,1.4584966652112448,-0.23890783152423847,-0.027058672143610397
-0.542934849634864,-0.06903931666989674,0.058069153701267376,-0.2616466343093342,0.22114191948375517,-0.21898193067076735,-0.2166358015091977,-0.3754390003050372,0.025926968785011856,0.14041279973111112,-0.34542897965254826,-0.24137547637146595,0.09582796751877673,-0.5191562754630148,0.36569567647219076,-0.31144375543565,-0.16511247023217757,0.2399769215325887,0.12974902907532296,-0.17724005742383941,-1.518768051237938,0.16951950019783327,-0.199463337004861,0.2971940926133883,-0.5291129663253767,-0.001707890567481405,0.24334871416820852,0.8796899920130061,-0.09698798864103482,0.5065568886198439,-0.48436774810374883,0.10437465312699325,0.03614155506294748,-0.3106422123076642,0.03833278853132667,0.6520006754002197,0.04504611217218601,0.06180605009406819,-1.1193939127075756,-0.050881613510828476,-0.3517813179366266,-0.23890783152423847,0.6826571857401207,-0.06452732765781889
0.22045846765328644,-0.04186462305166245,-0.024431392272773484,-0.13272919549597553,-0.06947194141714488,0.047181374758401916,-0.005486797652941253,-0.19359845598542585,-0.08867494388334626,-0.13635013334343937,-0.12325109377594953,-0.13632312953057016,-0.15122648309810108,-0.0413741423165856,-0.44202715819660415,0.07624636853423686,0.014943190700815557,-0.4102594375369999,-0.18826661654987573,0.18345613019252058,0.38148820141607465,0.009597252973211476,0.28884326043959946,-0.2936300953115435,0.2894183879159563,0.21767069743864303,-0.05779894820330986,-0.3719620650839222,0.07111011502678016,-0.2849420070910219,0.21221925088307014,-0.15476843728684037,0.11643620504440892,0.16423076395483524,0.04251069079406346,-0.020569135784063098,-0.14204867797348492,-0.16876655768174068,0.24243762585185613,-0.1053347395720353,0.2186119794720112,-0.027058672143610397,-0.06452732765781889,0.15314835499398916
