V1,V2,V3,V4,V5,V6,V7,V8,V9,V10,V11,V12,V13,V14,V15,V16,V17,V18,V19,V20,V21,V22,V23,V24,V25,V26,V27,V28,V29
0.8059165705929161,-0.10285591299056977,-0.42364870919173053,0.5669440752735943,-0.058843502872927944,0.3997945894466416,-0.09384756568972803,0.24356103167104629,0.3479038884939509,-0.2734526270797689,0.40852374064940905,0.34081555973183747,0.17764256542216353,-0.016341459409868295,0.9755968425965378,0.11688607716159305,-0.028710097353846158,-0.24369105104888147,-0.39398897254027127,0.27828800893867167,0.32741829173687187,-0.1340820845961507,0.246690659497068,-0.16318252445540707,0.16115597186693653,-0.5419706260890782,0.04798772211562453,1.188331924078545,-0.015332170746794169
-0.10285591299056977,0.3169889329049611,-0.6710877232488589,0.6900101852749136,-0.2484941947043241,0.10318737101379404,-0.18545350713746497,-0.4609833749177735,-0.3466606370831344,-0.6756343042023469,0.05692008258790119,0.13050860849094015,0.46513590787226244,-0.07919883812742685,0.38121848168175987,-0.36017037787885864,-0.30022018371104314,-0.6119856158004829,0.2459590649344263,0.39634979105334733,0.41793533334788696,0.15210445720254948,0.4126040014975258,-0.6078918694977513,-0.059044506666200126,-0.34356661595107374,0.06436364271458803,0.8372264754397053,0.2793874230715058
-0.42364870919173053,-0.6710877232488589,3.5453411975814566,-4.004198359204363,1.0159378519856446,-0.5791530380186076,0.7528209538233056,0.7134110190745956,0.3747766529432101,3.7796387488769803,-0.6811493344667867,-1.4850116089065633,-2.606104974056345,0.21885783260352326,-3.3454763244496313,1.3018472521968838,1.8767939591786569,2.611015314562223,0.22542435992786805,-1.559425894140112,-2.01509584929884,-0.3727221760179098,-2.4717310405726605,2.4624422106480077,-0.07596039474699778,2.754400209422813,-0.33009750179874503,-5.38458337534511,-1.476811662842519
0.5669440752735943,0.6900101852749136,-4.004198359204363,5.092895518349676,-0.957662441740543,0.6822496520313425,-1.236172435022176,-1.0079047119338662,-0.429261756957291,-4.77161776217638,0.7751016000075844,1.5019163801199318,3.3147224668214115,-0.1540308682110838,4.0320182775966895,-1.6378663374573827,-2.4048541435498705,-3.1047532004863614,0.06250018170711927,1.9694043490997841,2.3223204359099108,0.7798705165722157,3.0646408796800597,-2.8156717802856983,0.15234011923717614,-3.7047009450662958,0.36256884383341087,6.782837746561732,2.2943429044847172
-0.058843502872927944,-0.2484941947043241,1.0159378519856446,-0.957662441740543,0.36613299909934466,-0.15002222765422588,0.09294220946804421,0.19676365770381996,0.15859760245799756,0.935381046889077,-0.1822036032916919,-0.46671478690693186,-0.605814189974728,0.0912199164257554,-0.8271698247558658,0.33663234786477436,0.4364453640885231,0.7104432389078794,0.11383611640233646,-0.399543907770478,-0.5537743489109537,-0.0043447605503644515,-0.6138326752161142,0.7394661283850414,0.02370188630514866,0.5650040363211407,-0.10753250090325982,-1.2778899348743107,-0.2197223546232733
0.3997945894466416,0.10318737101379404,-0.5791530380186076,0.6822496520313425,-0.15002222765422588,0.35556735894898417,-0.11065836322564393,-0.03566624857818789,0.05051705815732837,-0.6279400044830702,0.29536789286433923,0.28737070454000996,0.4180771490885264,-0.05754757975225569,0.7744280277523051,-0.11605953032835035,-0.22491023877689725,-0.45998471152236986,-0.1607469854612788,0.3638851745799464,0.4655552747581677,-0.03140682055355159,0.32300897109947596,-0.330658646107917,0.08619846364547232,-0.558354167225407,0.09592065644138685,1.1792973167014307,0.1336489012975342
-0.09384756568972803,-0.18545350713746497,0.7528209538233056,-1.236172435022176,0.09294220946804421,-0.11065836322564393,0.6562314003037208,0.6259095932673031,0.3454209630430973,0.7270435656901794,0.05081970863533147,0.018695905253840808,-0.8635787508585676,0.16649654758646157,-0.7437859304006109,0.4743382143803513,0.3144604196383553,0.714617990964916,-0.5135098230597348,-0.744781542948067,-0.4300703378451089,-0.6204190023140509,-0.7088543229613727,0.6888478027416338,-0.03683591517305494,0.7301023084864562,-0.02885457121802997,-1.490966258017648,-0.809726272064011
0.24356103167104629,-0.4609833749177735,0.7134110190745956,-1.0079047119338662,0.19676365770381996,-0.03566624857818789,0.6259095932673031,1.0856179295262751,0.7342587549500192,0.7362060054790638,0.11328139094023304,0.21713248237906535,-0.7029133693849065,0.1279984084665186,-0.2483153037684754,0.6200199181845955,0.28438683198695136,0.8589656008560874,-0.921417949000532,-0.7956684682731389,-0.46044581500974613,-0.6696583690507704,-0.5869330250427476,0.8651572679433229,0.14268554052774837,0.4413348166532547,-0.059988523167360135,-1.0471145360972627,-0.7476085461980687
0.3479038884939509,-0.3466606370831344,0.3747766529432101,-0.429261756957291,0.15859760245799756,0.05051705815732837,0.3454209630430973,0.7342587549500192,0.6235969967326663,0.13378691406391777,0.2593698057333667,0.18234898392469936,-0.3434092436756498,0.22403916212475455,0.10443522126480875,0.37851359435830195,-0.0437884597902136,0.40855155900819007,-0.6523446597455995,-0.5183469720341768,-0.14789067014318208,-0.4588581780571842,-0.25105967323640727,0.5840792522060528,0.13086972807518057,-0.1036535571815018,-0.0461543193716007,-0.2105691717026584,-0.3230891519921612
-0.2734526270797689,-0.6756343042023469,3.7796387488769803,-4.77161776217638,0.935381046889077,-0.6279400044830702,0.7270435656901794,0.7362060054790638,0.13378691406391777,6.061559937917783,-1.256166667990823,-1.661482178523913,-3.10716874333811,-0.5218124491737421,-3.663596306073112,1.627622196564,3.2495977935604325,3.1591854432496995,0.20068952646887642,-1.337737949358201,-2.4980635642077464,-0.2725430868104466,-2.9333429551786634,2.4204434171125597,0.03659395117139942,4.307984085469359,-0.521778247244341,-6.641669707555019,-2.298008764828819
0.40852374064940905,0.05692008258790119,-0.6811493344667867,0.7751016000075844,-0.1822036032916919,0.29536789286433923,0.05081970863533147,0.11328139094023304,0.2593698057333667,-1.256166667990823,0.5683575652271603,0.4582268476088009,0.3716579340965411,0.26902790347242395,0.8979435594068903,-0.12690487143438858,-0.6604778662761334,-0.5836272737081145,-0.3398083314293858,0.11214403913586653,0.5871190872859037,-0.26178627493293644,0.4455386657422177,-0.283582490918771,0.018448917405668994,-0.9767324265781349,0.12818321565392854,1.4237912821232765,0.2008820736579367
0.34081555973183747,0.13050860849094015,-1.4850116089065633,1.5019163801199318,-0.46671478690693186,0.28737070454000996,0.018695905253840808,0.21713248237906535,0.18234898392469936,-1.661482178523913,0.4582268476088009,0.9582732220718,0.898058118804125,-0.012638654467359811,1.5655863504905854,-0.3281813202052815,-0.8293268330518339,-0.8933738486236639,-0.6412801324817129,0.3789678224811571,0.7935013965309523,-0.21838497636588364,0.951781470044072,-0.8808722849923452,0.06116213415397359,-1.1659932008536242,0.19153874003166527,2.181039633262552,0.29525106884197594
0.17764256542216353,0.46513590787226244,-2.606104974056345,3.3147224668214115,-0.605814189974728,0.4180771490885264,-0.8635787508585676,-0.7029133693849065,-0.3434092436756498,-3.10716874333811,0.3716579340965411,0.898058118804125,2.4105407616471792,-0.1861825339861282,2.5421120550271654,-1.1694600689983667,-1.6407564117866997,-2.0804376086768217,0.08143167734062061,1.2914427044369068,1.5949521188325286,0.6165892862688865,2.0201157903443088,-1.7606749724567332,0.1515645993271062,-2.4268123873923186,0.2004323105753546,4.408238719910745,1.6064711874339206
-0.016341459409868295,-0.07919883812742685,0.21885783260352326,-0.1540308682110838,0.0912199164257554,-0.05754757975225569,0.16649654758646157,0.1279984084665186,0.22403916212475455,-0.5218124491737421,0.26902790347242395,-0.012638654467359811,-0.1861825339861282,0.4082810781071386,-0.1467024456799806,0.04822623687879382,-0.3900787500577139,0.016420588856803874,-0.07038871259489551,-0.34524676060835274,0.0233282124838725,-0.2146591864334405,-0.05807526403132883,0.27107130616813224,-0.07098821127983486,-0.3585803886520989,0.0180108671673505,-0.04115036936096321,0.07147271609513704
0.9755968425965378,0.38121848168175987,-3.3454763244496313,4.0320182775966895,-0.8271698247558658,0.7744280277523051,-0.7437859304006109,-0.2483153037684754,0.10443522126480875,-3.663596306073112,0.8979435594068903,1.5655863504905854,2.5421120550271654,-0.1467024456799806,3.772726678929156,-1.0425215767967966,-1.8384511702856612,-2.397646724068719,-0.6188057897985184,1.4301362528291233,1.9769550212038594,0.20688497309884474,2.4099312026507294,-2.102523745158363,0.2799924668067976,-3.043621200617935,0.2766565489918612,5.7526825814505305,1.4356383375609536
0.11688607716159305,-0.36017037787885864,1.3018472521968838,-1.6378663374573827,0.33663234786477436,-0.11605953032835035,0.4743382143803513,0.6200199181845955,0.37851359435830195,1.627622196564,-0.12690487143438858,-0.3281813202052815,-1.1694600689983667,0.04822623687879382,-1.0425215767967966,0.7015922708742914,0.8712824292557141,1.1360742780645288,-0.3008670669493102,-0.6658849633562961,-0.7894187357848326,-0.3893376404370823,-1.0237425547540218,1.0073399909464427,0.015056164373457253,1.1421582942132502,-0.09360941779270786,-2.0452735856817057,-0.8824105836288157
-0.028710097353846158,-0.30022018371104314,1.8767939591786569,-2.4048541435498705,0.4364453640885231,-0.22491023877689725,0.3144604196383553,0.28438683198695136,-0.0437884597902136,3.2495977935604325,-0.6604778662761334,-0.8293268330518339,-1.6407564117866997,-0.3900787500577139,-1.8384511702856612,0.8712824292557141,1.9123495747706167,1.6368762388948732,0.1974839873997101,-0.43110576716435667,-1.3001916326120073,-0.03796584920079433,-1.5369800361721029,1.0978553474759907,-0.033189482785358826,2.3551593723266686,-0.17067267654835788,-3.389495589829301,-1.2569316859190602
-0.24369105104888147,-0.6119856158004829,2.611015314562223,-3.1047532004863614,0.7104432389078794,-0.45998471152236986,0.714617990964916,0.8589656008560874,0.40855155900819007,3.1591854432496995,-0.5836272737081145,-0.8933738486236639,-2.0804376086768217,0.016420588856803874,-2.397646724068719,1.1360742780645288,1.6368762388948732,2.1940288833748762,-0.14871823677942383,-1.2229164206864753,-1.6772277830995401,-0.40754951912534265,-1.9043211885962685,1.8433189007280963,-0.029519307436879777,2.3275909345215866,-0.22251883695721258,-4.243782302137814,-1.3758739070110968
-0.39398897254027127,0.2459590649344263,0.22542435992786805,0.06250018170711927,0.11383611640233646,-0.1607469854612788,-0.5135098230597348,-0.921417949000532,-0.6523446597455995,0.20068952646887642,-0.3398083314293858,-0.6412801324817129,0.08143167734062061,-0.07038871259489551,-0.6188057897985184,-0.3008670669493102,0.1974839873997101,-0.14871823677942383,1.0735062034064242,0.44724274231643457,-0.11675086268037084,0.6869460207494937,-0.007398886583764437,-0.21247733005187197,-0.17976094843249835,0.21370921595519304,-0.0038835069987634458,-0.3188240025383134,0.49379761875763595
0.27828800893867167,0.39634979105334733,-1.559425894140112,1.9694043490997841,-0.399543907770478,0.3638851745799464,-0.744781542948067,-0.7956684682731389,-0.5183469720341768,-1.337737949358201,0.11214403913586653,0.3789678224811571,1.2914427044369068,-0.34524676060835274,1.4301362528291233,-0.6658849633562961,-0.43110576716435667,-1.2229164206864753,0.44724274231643457,1.2712303678918284,0.8658427245601144,0.6789659393935944,1.1075478333401334,-1.3102730678029766,-0.011698710517137709,-1.056786432293346,0.21871751516648438,2.5018944654720383,0.8718486884165311
0.32741829173687187,0.41793533334788696,-2.01509584929884,2.3223204359099108,-0.5537743489109537,0.4655552747581677,-0.4300703378451089,-0.46044581500974613,-0.14789067014318208,-2.4980635642077464,0.5871190872859037,0.7935013965309523,1.5949521188325286,0.0233282124838725,1.9769550212038594,-0.7894187357848326,-1.3001916326120073,-1.6772277830995401,-0.11675086268037084,0.8658427245601144,1.3975032045137108,0.14639704240798082,1.4111084141782098,-1.2730702325082814,0.06674491418635314,-1.8828008169968349,0.1972681085940948,3.3693568198095263,0.9291606343487935
-0.1340820845961507,0.15210445720254948,-0.3727221760179098,0.7798705165722157,-0.0043447605503644515,-0.03140682055355159,-0.6204190023140509,-0.6696583690507704,-0.4588581780571842,-0.2725430868104466,-0.26178627493293644,-0.21838497636588364,0.6165892862688865,-0.2146591864334405,0.20688497309884474,-0.3893376404370823,-0.03796584920079433,-0.40754951912534265,0.6869460207494937,0.6789659393935944,0.14639704240798082,0.73298381136698,0.4457802802340995,-0.5113831493298426,-0.04493860744576087,-0.29401448439311834,0.04426258959778167,0.7205179287885692,0.6954545379388355
0.246690659497068,0.4126040014975258,-2.4717310405726605,3.0646408796800597,-0.6138326752161142,0.32300897109947596,-0.7088543229613727,-0.5869330250427476,-0.25105967323640727,-2.9333429551786634,0.4455386657422177,0.951781470044072,2.0201157903443088,-0.05807526403132883,2.4099312026507294,-1.0237425547540218,-1.5369800361721029,-1.9043211885962685,-0.007398886583764437,1.1075478333401334,1.4111084141782098,0.4457802802340995,1.9123410232132831,-1.7322801669745473,0.07108190884507049,-2.2449940248474385,0.19829746840367865,4.043121274309072,1.3904041140267371
-0.16318252445540707,-0.6078918694977513,2.4624422106480077,-2.8156717802856983,0.7394661283850414,-0.330658646107917,0.6888478027416338,0.8651572679433229,0.5840792522060528,2.4204434171125597,-0.283582490918771,-0.8808722849923452,-1.7606749724567332,0.27107130616813224,-2.102523745158363,1.0073399909464427,1.0978553474759907,1.8433189007280963,-0.21247733005187197,-1.3102730678029766,-1.2730702325082814,-0.5113831493298426,-1.7322801669745473,2.0074785356837923,0.034843569650034614,1.6495860717731399,-0.23555842191387033,-3.5464489664584278,-1.1008066786543405
0.16115597186693653,-0.059044506666200126,-0.07596039474699778,0.15234011923717614,0.02370188630514866,0.08619846364547232,-0.03683591517305494,0.14268554052774837,0.13086972807518057,0.03659395117139942,0.018448917405668994,0.06116213415397359,0.1515645993271062,-0.07098821127983486,0.2799924668067976,0.015056164373457253,-0.033189482785358826,-0.029519307436879777,-0.17976094843249835,-0.011698710517137709,0.06674491418635314,-0.04493860744576087,0.07108190884507049,0.034843569650034614,0.14244539495893652,-0.12726368872084534,-0.07274983956751836,0.30940080984772994,0.027125923038516016
-0.5419706260890782,-0.34356661595107374,2.754400209422813,-3.7047009450662958,0.5650040363211407,-0.558354167225407,0.7301023084864562,0.4413348166532547,-0.1036535571815018,4.307984085469359,-0.9767324265781349,-1.1659932008536242,-2.4268123873923186,-0.3585803886520989,-3.043621200617935,1.1421582942132502,2.3551593723266686,2.3275909345215866,0.21370921595519304,-1.056786432293346,-1.8828008169968349,-0.29401448439311834,-2.2449940248474385,1.6495860717731399,-0.12726368872084534,3.4073329455963925,-0.2948359157816319,-5.311773225060412,-1.8439648250812728
0.04798772211562453,0.06436364271458803,-0.33009750179874503,0.36256884383341087,-0.10753250090325982,0.09592065644138685,-0.02885457121802997,-0.059988523167360135,-0.0461543193716007,-0.521778247244341,0.12818321565392854,0.19153874003166527,0.2004323105753546,0.0180108671673505,0.2766565489918612,-0.09360941779270786,-0.17067267654835788,-0.22251883695721258,-0.0038835069987634458,0.21871751516648438,0.1972681085940948,0.04426258959778167,0.19829746840367865,-0.23555842191387033,-0.07274983956751836,-0.2948359157816319,0.1490100106259682,0.4936778576845806,0.11782519069806063
1.188331924078545,0.8372264754397053,-5.38458337534511,6.782837746561732,-1.2778899348743107,1.1792973167014307,-1.490966258017648,-1.0471145360972627,-0.2105691717026584,-6.641669707555019,1.4237912821232765,2.181039633262552,4.408238719910745,-0.04115036936096321,5.7526825814505305,-2.0452735856817057,-3.389495589829301,-4.243782302137814,-0.3188240025383134,2.5018944654720383,3.3693568198095263,0.7205179287885692,4.043121274309072,-3.5464489664584278,0.30940080984772994,-5.311773225060412,0.4936778576845806,9.530047403394095,2.904455023389193
-0.015332170746794169,0.2793874230715058,-1.476811662842519,2.2943429044847172,-0.2197223546232733,0.1336489012975342,-0.809726272064011,-0.7476085461980687,-0.3230891519921612,-2.298008764828819,0.2008820736579367,0.29525106884197594,1.6064711874339206,0.07147271609513704,1.4356383375609536,-0.8824105836288157,-1.2569316859190602,-1.3758739070110968,0.49379761875763595,0.8718486884165311,0.9291606343487935,0.6954545379388355,1.3904041140267371,-1.1008066786543405,0.027125923038516016,-1.8439648250812728,0.11782519069806063,2.904455023389193,1.4919884402499077
