V1,V2,V3,V4,V5,V6,V7,V8,V9,V10,V11,V12,V13,V14,V15,V16,V17,V18,V19,V20,V21,V22,V23,V24,V25,V26,V27,V28,V29,V30,V31,V32,V33,V34,V35,V36,V37,V38,V39,V40,V41,V42,V43,V44
1.0441453396252336,-0.5635511020956026,-0.19512036690384715,0.9736360286079986,-0.009342679308175242,-0.28830829721710066,0.1634649354001972,-0.311330786609896,-0.2544541247814673,0.2536672332156582,-0.004119755718197026,0.46147095377984415,0.4479030664196247,0.29662571874448374,-0.4107423006431296,0.0025230457778874973,0.16242642821236414,-0.0368984577761363,-0.6222299176368213,-0.12924467083988908,2.7651295617228033,0.15432891724563688,0.8436729432491439,-0.6183476586551212,0.5432937203592867,0.4807790029787225,-0.5719694239366827,-0.7183751871503816,0.18538796205112643,-0.3302269250964293,0.2599971388677071,-1.1741440787133435,-0.27460337415797814,0.4407318794788797,-0.47282029345382565,-0.3933785599105735,-0.5163852665677503,-0.6224156490519868,1.7301465236988727,-0.06582492843052834,0.8802799885381162,0.7385522186750065,-0.6475905650307542,0.0471635366603198
-0.5635511020956026,1.1059466077207096,0.09334474284889052,-1.1867735708225005,-0.34762486254358693,0.6031297443997452,0.08686072360715807,0.35248703273737014,0.2694884939800877,-0.6072491018849688,0.2501648057846258,-0.42761490352823883,-0.9421996272610867,0.0740495256585036,-0.565067118477807,0.5126872512921022,-0.1045839509888257,-0.9487616438989384,0.4680504155418876,0.9110556996873893,-1.3899544625456672,-0.4682840847587106,-0.45810430172685906,-0.05665580889776593,0.35479543399439395,-0.2434142583296457,0.40514924385895895,-0.5593066456524933,-0.19167990680422245,-0.3949866751836593,0.7114522275286582,1.0686174493021803,0.6499666971464925,0.2411558344368009,0.8087174302826381,-0.40800560917960726,0.4451957989002638,0.5512162927720515,-0.4558671374577318,0.0276771270491559,-0.5201504639729541,-1.0043927176755296,0.08003263140956839,0.23025653133790225
-0.19512036690384715,0.09334474284889052,0.12072754605117107,-0.40650815310986865,-0.031387268887427426,0.08527016475703052,-0.060876451495100514,0.151216085249847,0.04936898634817233,-0.16608136572807983,0.04448946116649643,-0.09558036806928309,-0.18050393418398186,0.017523732951717785,-0.040933966005875254,0.022528754735417027,0.01514069089748773,-0.008606315602323484,0.05831430391713496,0.03182900631053242,-0.5648995303802151,-0.07649861094417827,-0.15095167231627332,0.13206572484177018,-0.0989534377389301,-0.20084273993630047,0.16742668326704166,0.0932398092619372,-0.05188314535397892,-0.009567739082728972,0.0013042375386668622,0.3505862326387944,0.10430533213546711,-0.14052408595992613,0.20039369802175397,0.05739097339284202,0.0924126170824262,0.034657327558276364,-0.31909527490250295,-0.06694057285697727,-0.16705550559544996,-0.24951408267711636,0.08593880761092115,0.0024266199578258617
0.9736360286079986,-1.1867735708225005,-0.40650815310986865,2.709797407979295,0.29248355065390014,-1.0500345703424958,0.16126915399051134,-0.8200256159101723,-0.19766446777238283,1.254635821852506,-0.3103508391818499,0.9197264527375684,1.5059971776711858,-0.10788122076034871,1.0905423642251169,-0.7695704670805974,0.1323351256457407,1.074780140870074,-0.41295176575022674,-1.0248134923492,2.8933000702143388,0.681664143439159,0.6976434408372453,-0.07276733663909497,-0.45837556205763846,0.615148375806479,-0.8307968724964178,0.7196031056458583,0.27917824563488947,0.7695224455747379,-0.7669268794021794,-2.201613269722701,-0.9651808194852661,0.2220521132970856,-1.2897530559620087,0.11319259936350502,-0.6789126928191684,-0.5653893307778594,1.2686189529225333,0.12729262681759226,0.80601004774023155,1.5610718265603474,-0.25772619823022963,-0.35527884334385046
-0.009342679308175242,-0.34762486254358693,-0.031387268887427426,0.29248355065390014,0.7678096930344287,-0.017337289847329268,-0.10242217268250917,-0.1706253629869619,-0.2503223571862554,-0.024071685493431628,-0.18792090018905463,0.3032311985763191,0.3573708744802334,-0.26315962083217936,-0.009398321313591175,-3.951010113787662e-4,-0.10411145447991937,0.6462948218366633,-0.07210640782461378,-0.5017473559886749,0.5855701027648763,0.09147251165563881,-0.043241061287960424,-0.13783612655023242,0.22548022215279592,0.4856245035058284,-0.06550979476609536,0.29403949306986793,-0.20386007540933182,0.43695801578666266,0.04406163026213362,-0.311395151987814,-0.19785361636759446,0.2386839543223933,-0.22329349456201605,0.372524547717093,0.03162781719780577,-0.016553098014308588,0.37384951596402927,0.010820672479204691,0.35938310661615186,0.5608687021823067,0.23887372629051115,-0.1730324167568577
-0.28830829721710066,0.6031297443997452,0.08527016475703052,-1.0500345703424958,-0.017337289847329268,0.6973956052395263,-0.03618491547430251,0.28667370032563844,0.023726650869446704,-0.715651569768208,0.0732007220747919,-0.4370065409331435,-0.8023055066220076,0.005481417943143363,-0.8213726430058613,0.5597061528491867,-0.04775549622674408,-0.825871727056056,0.22084844464167444,0.5749110276217598,-0.6504121666311239,-0.39031624223179945,-0.19444443450409218,-0.2047750558095387,0.6304802690738883,0.17160438630908753,0.2785280765913929,-0.653495047884897,-0.05647986925522753,-0.4767822201243703,0.7312258368774127,0.8850533394636704,0.454722735239597,0.2885022793356816,0.5610562572282227,-0.18726530618192677,0.37540046274405287,0.34648922069184845,-0.24615862283392825,-0.06082959061121711,-0.163474645079806,-0.46989819745918027,0.06921566727317605,0.24417205493302782
0.1634649354001972,0.08686072360715807,-0.060876451495100514,0.16126915399051134,-0.10242217268250917,-0.03618491547430251,0.14446979490751552,-0.05160110161487097,0.04178469193311065,-0.02490636809688569,-0.01575713481471853,0.03080317478511475,0.005247455972041073,0.10149740516724108,-0.13615614835698894,0.051807001658684765,-0.018202416357779538,-0.21853657462755735,-0.09299246643258441,0.17618530593055362,0.34620222617370694,0.0031843416323437145,0.1057512678017728,-0.19051364541772753,0.204643568586378,0.05719262380650353,-0.03278132194029907,-0.2961229451800107,-0.016564070153210254,-0.1141973699928163,0.14791419232147937,-0.20343029206304866,0.058773358562091364,0.11407477257145414,0.04362227915885612,-0.1365576019241604,-0.111543018657086,0.02995401128588915,0.4168490950199115,0.033966007576503005,0.0943260280262751,0.013906419138338462,-0.11313315032896915,0.029134672426715538
-0.311330786609896,0.35248703273737014,0.151216085249847,-0.8200256159101723,-0.1706253629869619,0.28667370032563844,-0.05160110161487097,0.4002147804523032,0.08344597345549723,-0.22504656300610182,0.17357956094438803,-0.32398797413229685,-0.5288940438052575,0.09046107550614722,-0.2456832594298059,0.2568157702777857,-0.00688098905871972,-0.2765657475968353,0.1476010376326295,0.3470609013670372,-1.0514177116756516,-0.1699732157736332,-0.2143890528485181,0.12604863696583257,0.023373327038310687,-0.315382855443572,0.2269727131553303,-0.1480366647877034,-0.06577162612468533,-0.3364069595553358,0.15463546535410333,0.6125488271822052,0.30857250267943653,-0.19441201927137747,0.39055219424611975,-0.11190890380192874,0.25337118226518807,0.2105622631446192,-0.47895722952664044,-0.009554551597035527,-0.27046268995153605,-0.6004833806644827,0.005054437267620208,0.12642844930941158
-0.2544541247814673,0.2694884939800877,0.04936898634817233,-0.19766446777238283,-0.2503223571862554,0.023726650869446704,0.04178469193311065,0.08344597345549723,0.33659826321295305,-0.13100116095819997,0.05395996239295225,-0.1752792474294012,-0.04853830544838114,0.09397927297930506,0.20474828774765105,-0.0625571980283015,0.06265237918892548,-0.2634760711654496,0.09048521103712147,0.1970558726702529,-0.8141162531385114,-0.19918371592737985,-0.16453820177845888,0.30294130330466473,-0.2684155359346791,-0.2641125526797312,0.22792077281404427,0.18034248751279613,0.06854782915427084,0.168258343887293,-0.1010783430830876,0.44679803746622576,0.08928537690055363,-0.23901672845307456,0.20851104070457363,0.04132837995770346,0.06355519569725981,0.12309893002701065,-0.5742996472728078,-0.04332384594203004,-0.5033840050846382,-0.32452278864114037,0.18133498575804957,-0.013724747746819702
0.2536672332156582,-0.6072491018849688,-0.16608136572807983,1.254635821852506,-0.024071685493431628,-0.715651569768208,-0.02490636809688569,-0.22504656300610182,-0.13100116095819997,1.4015743577902233,0.1905083331680937,0.4979647424812398,0.8039154933306122,-0.00664160701923083,1.2332928445789806,-0.4862159484389036,-0.02365135744428858,1.2052861890285451,-0.0837397541030677,-0.5990126729347279,0.5837864798698961,0.5476147237253842,0.3131851086676504,0.4195155723167608,-0.90656789681259,-0.2177140616979154,-0.5937201957052779,0.9046711971526937,0.09597093742158928,0.33726978932168195,-0.9729602088326538,-1.1477843098478753,-0.5727580990130702,-0.32715072469409345,-0.8236284780647594,-0.0554939621253032,-0.17088473337617197,-0.3440834421298173,0.025711169351960914,0.30979257501868096,0.17295914762306225,0.2714808679821706,-0.2795395260168866,-0.20694874550114575
-0.004119755718197026,0.2501648057846258,0.04448946116649643,-0.3103508391818499,-0.18792090018905463,0.0732007220747919,-0.01575713481471853,0.17357956094438803,0.05395996239295225,0.1905083331680937,0.43532812967589474,0.1598136231490716,-0.11528948922781436,0.26113780324984653,0.04587180509810347,0.1447914232756432,0.028461269938057594,0.12481220785935279,-0.0026422185196813804,0.1842030346289616,0.12276968791315258,-0.1705683980309884,0.09937551225466482,0.11118893400866357,-0.10686717367078469,-0.3031651058433271,-0.12673800718738873,-0.09136359351543402,-0.05514344126469412,-0.15835700347738,0.08812514726996039,0.1903093006744691,0.06976192369339111,0.01960025595613636,0.09204798414285924,-0.40534115282245137,0.11309315611299114,-0.19238635558350392,0.11128718508898777,0.051332231435706754,-0.09573953022229822,-0.47559293683803766,-0.3071384776773313,0.03616417477541967
0.46147095377984415,-0.42761490352823883,-0.09558036806928309,0.9197264527375684,0.3032311985763191,-0.4370065409331435,0.03080317478511475,-0.32398797413229685,-0.1752792474294012,0.4979647424812398,0.1598136231490716,0.8255763932606982,0.7243473814662941,0.113098442941218,0.3871189588962516,-0.2655405376637742,0.039440058996827836,0.8932293422615507,-0.26031431708349734,-0.547453156909125,1.8613881931965637,0.1515170679048867,0.3401365941367573,-0.11205701892488837,-0.1290140061928969,0.12437916196323066,-0.4372347273281914,0.2653070726164452,-0.11755218396958467,0.44602165977426994,-0.1240470435403096,-0.8732296527336008,-0.4132165202815117,0.3068562248932492,-0.4648593851640089,-0.15899905364398176,-0.2858594356861382,-0.5361095141761982,1.0994286702461307,0.01846647125842835,0.503377897648797,0.5117959953609729,-0.310560098861053,-0.2447329126972174
0.4479030664196247,-0.9421996272610867,-0.18050393418398186,1.5059971776711858,0.3573708744802334,-0.8023055066220076,0.005247455972041073,-0.5288940438052575,-0.04853830544838114,0.8039154933306122,-0.11528948922781436,0.7243473814662941,1.4050396651813866,-0.024984395513816784,1.1070941602982942,-0.7302918588903796,0.04655824644047498,1.2952550653732926,-0.41979370638186625,-1.0032445337386702,1.3841379661525568,0.37089348309165393,0.36145906352650153,0.2485996407255236,-0.664410971398359,0.06455997389561181,-0.4273578759089794,0.8809387820555549,0.10077559424818222,0.9205974876976546,-0.9361993656750038,-1.0758361233602256,-0.7881165790085437,-0.2621459180838192,-0.9205073126452601,0.4352097312455573,-0.5042741913968539,-0.5860475863786144,0.4621916794701738,0.07445179210295773,0.24112837369445836,0.9717764699334329,0.0030152254929198246,-0.41272906871585785
0.29662571874448374,0.0740495256585036,0.017523732951717785,-0.10788122076034871,-0.26315962083217936,0.005481417943143363,0.10149740516724108,0.09046107550614722,0.09397927297930506,-0.00664160701923083,0.26113780324984653,0.113098442941218,-0.024984395513816784,0.4096552332666664,-0.21635762501662073,0.14798606934366118,0.10434815543244849,-0.20862491604158848,-0.292225602261139,0.2505766973754607,0.6613337409234576,-0.16780459535264763,0.34506654111985924,-0.09200927493403789,0.1532383030156454,-0.13065053726305978,-0.10657090317972578,-0.410201527386538,0.0620702468414864,-0.27431714888164904,0.18408102161342266,-0.0029927552467061865,0.04941741497578527,0.004133867019331312,0.10474356133115857,-0.37935384145008605,-0.12403968296883482,-0.2913350813231911,0.5209671531893215,-0.028250263731945197,0.0284125374152494,-0.21149980503833518,-0.3582531867079704,0.0659197171366347
-0.4107423006431296,-0.565067118477807,-0.040933966005875254,1.0905423642251169,-0.009398321313591175,-0.8213726430058613,-0.13615614835698894,-0.2456832594298059,0.20474828774765105,1.2332928445789806,0.04587180509810347,0.3871189588962516,1.1070941602982942,-0.21635762501662073,2.114541990192554,-0.9787702379258517,-0.04635770660774473,1.5940890024918197,0.24999044397723238,-0.9878367574119712,-1.2035944240756395,0.4942315506806512,-0.3018166184728429,1.1104167288411346,-1.7456084108490628,-0.6981510438582637,-0.14396398975403665,1.9104929349881814,0.084323719985033,1.149471303842188,-1.6514430917209306,-0.37662497738234607,-0.7330048481712478,-0.9117918735180794,-0.7684966087592437,0.596991394468293,-0.1036614185089854,-0.11785883173544921,-1.4101214655175687,0.26057048081559125,-0.6158961527182806,0.16170394646242486,0.35477925669267724,-0.4682271461794393
0.0025230457778874973,0.5126872512921022,0.022528754735417027,-0.7695704670805974,-3.951010113787662e-4,0.5597061528491867,0.051807001658684765,0.2568157702777857,-0.0625571980283015,-0.4862159484389036,0.1447914232756432,-0.2655405376637742,-0.7302918588903796,0.14798606934366118,-0.9787702379258517,0.6739811314272787,-0.04142544688012434,-0.7865088334047237,0.00972621185319889,0.6626976600320259,0.14062211152457887,-0.3215688896256978,0.0863732987163765,-0.4201213650670114,0.8359089039031127,0.31177125816450146,0.07654351437415002,-0.88428265524258165,-0.08525240249876091,-0.646984564690195,0.8597409771528205,0.4011602331180614,0.4439827732242925,0.42671018828317964,0.4824692367960695,-0.4348411304607658,0.2726361967887901,0.20729147956892344,0.4321643328439342,-0.003227099151554942,0.12708594352890534,-0.38376684521204296,-0.17490033484262021,0.2728694731144096
0.16242642821236414,-0.1045839509888257,0.01514069089748773,0.1323351256457407,-0.10411145447991937,-0.04775549622674408,-0.018202416357779538,-0.00688098905871972,0.06265237918892548,-0.02365135744428858,0.028461269938057594,0.039440058996827836,0.04655824644047498,0.10434815543244849,-0.04635770660774473,-0.04142544688012434,0.15773652074572034,-0.12010895460338948,-0.09916956125072329,-0.022254069957082546,0.4403468274220725,-0.0742981762899526,0.14942920822155442,0.04364921336444052,-0.045905690489863586,0.019516019246659896,-0.055457112650112654,-0.02036545854148405,0.143996025100547,-0.0062374132629852645,0.03178653600289796,-0.045527700445751156,-0.058348046063477044,0.012856494466518105,-0.04565492572026301,-0.08323569092106549,-0.07161271644414725,-0.18462008777440736,0.08074129415773597,-0.12048777187606027,0.014896538240902616,0.0969180765063952,-0.08488735727004075,0.01610636992937195
-0.0368984577761363,-0.9487616438989384,-0.008606315602323484,1.074780140870074,0.6462948218366633,-0.825871727056056,-0.21853657462755735,-0.2765657475968353,-0.2634760711654496,1.2052861890285451,0.12481220785935279,0.8932293422615507,1.2952550653732926,-0.20862491604158848,1.5940890024918197,-0.7865088334047237,-0.12010895460338948,2.2780386470750105,-0.11334288925102494,-1.3517532648685708,0.3343726398627428,0.5734572231663289,-0.03262958957393241,0.6186434188367872,-1.1808469721670245,-0.3634533715927737,-0.4139051643308945,1.5858279207644053,-0.2251731621883282,1.080482748813496,-1.2917145769769796,-0.8959455217486926,-0.8055018064024483,-0.48952834064560957,-0.9140362066056887,0.5584647950082215,-0.18727234590685335,-0.5096744878942556,-0.11733411002246441,0.21924851170663853,0.18622389188728253,0.5428229421602037,0.07643626395297144,-0.5376804163422568
-0.6222299176368213,0.4680504155418876,0.05831430391713496,-0.41295176575022674,-0.07210640782461378,0.22084844464167444,-0.09299246643258441,0.1476010376326295,0.09048521103712147,-0.0837397541030677,-0.0026422185196813804,-0.26031431708349734,-0.41979370638186625,-0.292225602261139,0.24999044397723238,0.00972621185319889,-0.09916956125072329,-0.11334288925102494,0.6197260668363652,0.13600719872985312,-1.4879629868334416,-0.0419394298117957,-0.5875573587952171,0.29258214757262724,-0.3049195772531408,-0.20475502141219398,0.25858007785604975,0.38740118200824686,-0.09219772062847773,0.12123174964393879,-0.028882809020506037,0.5853519493978026,0.1844441362051214,-0.027341820572942824,0.2406318412849862,0.07003666032660025,0.3699515043223698,0.5023865007480728,-1.0094182697504368,0.06578718404368465,-0.42513847185419684,-0.4072941160838929,0.32152301556602964,0.016556950716498837
-0.12924467083988908,0.9110556996873893,0.03182900631053242,-1.0248134923492,-0.5017473559886749,0.5749110276217598,0.17618530593055362,0.3470609013670372,0.1970558726702529,-0.5990126729347279,0.1842030346289616,-0.547453156909125,-1.0032445337386702,0.2505766973754607,-0.9878367574119712,0.6626976600320259,-0.022254069957082546,-1.3517532648685708,0.13600719872985312,1.1112945307796245,-0.6325944846839959,-0.41352766512140876,-0.04472013885224919,-0.35510992993119367,0.7180537118233686,-0.025931465066359908,0.2541122285515738,-1.086145686925133,-0.02214889821145441,-0.8447219631126478,0.8716934935229782,0.7005431886757209,0.6774953027873036,0.27348788997282997,0.7445506632486542,-0.585238460443163,0.2553116276821023,0.3967883967434967,0.09084305216903228,4.859184107401293e-4,-0.22587053260594755,-0.8317368536925136,-0.18209370770444885,0.37901161241678566
2.7651295617228033,-1.3899544625456672,-0.5648995303802151,2.8933000702143388,0.5855701027648763,-0.6504121666311239,0.34620222617370694,-1.0514177116756516,-0.8141162531385114,0.5837864798698961,0.12276968791315258,1.8613881931965637,1.3841379661525568,0.6613337409234576,-1.2035944240756395,0.14062211152457887,0.4403468274220725,0.3343726398627428,-1.4879629868334416,-0.6325944846839959,8.728820998557131,0.16694921883298414,2.2030023509659418,-1.7917542388727457,1.721207284144558,1.792902915567909,-1.694508635368595,-1.723246110828989,0.26695545946025745,-0.32616420605725127,1.2325675635559747,-3.2692812117121983,-0.8524204461289961,1.9580976814799131,-1.3046146691731964,-1.2434851508979858,-1.1707447543549803,-1.7969268479364717,5.325139562755126,-0.25244782251531345,2.632005236253233,2.3265643134594702,-1.6787814195726594,-0.0400988711598162
0.15432891724563688,-0.4682840847587106,-0.07649861094417827,0.681664143439159,0.09147251165563881,-0.39031624223179945,0.0031843416323437145,-0.1699732157736332,-0.19918371592737985,0.5476147237253842,-0.1705683980309884,0.1515170679048867,0.37089348309165393,-0.16780459535264763,0.4942315506806512,-0.3215688896256978,-0.0742981762899526,0.5734572231663289,-0.0419394298117957,-0.41352766512140876,0.16694921883298414,0.46922023305799604,0.05385095996897613,0.03505800419140807,-0.32424866294821175,-0.014296937028134402,-0.21106192941836818,0.38499040123825673,0.00229975688326536,0.11514502282635515,-0.5199972158331568,-0.7094788008422905,-0.2741284885167834,-0.17726850905703959,-0.42824524822434956,0.21159910003096868,-0.19582542892030771,-0.04596662330702072,0.060905641573658964,0.13702525151979802,0.2728812341703711,0.3644014611691619,-0.030285406523639116,-0.10765727056001438
0.8436729432491439,-0.45810430172685906,-0.15095167231627332,0.6976434408372453,-0.043241061287960424,-0.19444443450409218,0.1057512678017728,-0.2143890528485181,-0.16453820177845888,0.3131851086676504,0.09937551225466482,0.3401365941367573,0.36145906352650153,0.34506654111985924,-0.3018166184728429,0.0863732987163765,0.14942920822155442,-0.03262958957393241,-0.5875573587952171,-0.04472013885224919,2.2030023509659418,0.05385095996897613,0.8319400785999324,-0.39153782117139546,0.3967461186000984,0.39186503052909527,-0.5072243983102187,-0.5417824450514149,0.21375314995752595,-0.31597232720141205,0.1747540446296044,-0.8813114583970901,-0.24025427663983673,0.2654537109884462,-0.376438051708928,-0.39233590668424667,-0.3551545413180239,-0.5901928127845437,1.2888852120559697,-0.02627821354089436,0.606189406463226,0.47421652180849944,-0.5618471401374894,0.06587799502568052
-0.6183476586551212,-0.05665580889776593,0.13206572484177018,-0.07276733663909497,-0.13783612655023242,-0.2047750558095387,-0.19051364541772753,0.12604863696583257,0.30294130330466473,0.4195155723167608,0.11118893400866357,-0.11205701892488837,0.2485996407255236,-0.09200927493403789,1.1104167288411346,-0.4201213650670114,0.04364921336444052,0.6186434188367872,0.29258214757262724,-0.35510992993119367,-1.7917542388727457,0.03505800419140807,-0.39153782117139546,0.9541380013211189,-1.1426647160865593,-0.6086730751926916,0.19801503621799665,1.2088228834966572,0.10796450080441182,0.5998918494835904,-0.8884016066911321,0.5364740724185242,-0.22091188441225681,-0.7401106953076142,-0.09749446778929047,0.3891315586428728,0.22519687886825454,0.06935378675581277,-1.6209588761449198,0.05039820022548235,-0.8169500833285028,-0.34975182134549715,0.4039464686988643,-0.18979156033523492
0.5432937203592867,0.35479543399439395,-0.0989534377389301,-0.45837556205763846,0.22548022215279592,0.6304802690738883,0.204643568586378,0.023373327038310687,-0.2684155359346791,-0.90656789681259,-0.10686717367078469,-0.1290140061928969,-0.664410971398359,0.1532383030156454,-1.7456084108490628,0.8359089039031127,-0.045905690489863586,-1.1808469721670245,-0.3049195772531408,0.7180537118233686,1.721207284144558,-0.32424866294821175,0.3967461186000984,-1.1426647160865593,1.6938557870999924,0.8901453389408673,-0.04271852353564346,-1.700612085611727,-0.12059184947243724,-0.8681888814515235,1.4389242153378448,-0.10448766832944607,0.48345565132918517,0.9733405475132928,0.44236768351422906,-0.4980938845420692,-0.014239819722719881,0.10163278188754706,1.7055970502212248,-0.11064393196977536,0.774232321735566,0.19958547388793674,-0.3509650347570706,0.33603509918355284
0.4807790029787225,-0.2434142583296457,-0.20084273993630047,0.615148375806479,0.4856245035058284,0.17160438630908753,0.05719262380650353,-0.315382855443572,-0.2641125526797312,-0.2177140616979154,-0.3031651058433271,0.12437916196323066,0.06455997389561181,-0.13065053726305978,-0.6981510438582637,0.31177125816450146,0.019516019246659896,-0.3634533715927737,-0.20475502141219398,-0.025931465066359908,1.792902915567909,-0.014296937028134402,0.39186503052909527,-0.6086730751926916,0.8901453389408673,1.0573867967144124,-0.24546630001790334,-0.5436736583272034,0.08524525402724227,-0.09872067243967539,0.6382341566026459,-0.6240992180358136,-0.08821933354348073,0.7219858212606391,-0.1951938393752946,-0.07036117881459403,-0.05835480046202879,-0.018124705844488945,1.0508336574456756,-0.048218103001689785,0.6543915721210704,0.8323618096035336,-0.036719219119073054,0.08209202227277851
-0.5719694239366827,0.40514924385895895,0.16742668326704166,-0.8307968724964178,-0.06550979476609536,0.2785280765913929,-0.03278132194029907,0.2269727131553303,0.22792077281404427,-0.5937201957052779,-0.12673800718738873,-0.4372347273281914,-0.4273578759089794,-0.10657090317972578,-0.14396398975403665,0.07654351437415002,-0.055457112650112654,-0.4139051643308945,0.25858007785604975,0.2541122285515738,-1.694508635368595,-0.21106192941836818,-0.5072243983102187,0.19801503621799665,-0.04271852353564346,-0.24546630001790334,0.5392082487021151,0.0983785149734672,-0.09789746920813293,0.06889853101253918,0.0768064999401249,0.9103109600444801,0.31155201318613424,-0.2636959805373263,0.5182893258919459,0.28933620449943315,0.21534005104015516,0.41919908838484043,-0.905690850299968,-0.09065176683938535,-0.5381661384726978,-0.4421255500395593,0.44671403080170335,0.026032848029743635
-0.7183751871503816,-0.5593066456524933,0.0932398092619372,0.7196031056458583,0.29403949306986793,-0.653495047884897,-0.2961229451800107,-0.1480366647877034,0.18034248751279613,0.9046711971526937,-0.09136359351543402,0.2653070726164452,0.8809387820555549,-0.410201527386538,1.9104929349881814,-0.88428265524258165,-0.02036545854148405,1.5858279207644053,0.38740118200824686,-1.086145686925133,-1.723246110828989,0.38499040123825673,-0.5417824450514149,1.2088228834966572,-1.700612085611727,-0.5436736583272034,0.0983785149734672,2.191399639053764,0.007636197820257203,1.3252359812229275,-1.4941512815046798,-0.023231950572664833,-0.6370258880402363,-0.8953754471138512,-0.5466269425265978,0.8273697298771616,0.1062294720539617,0.021756545798366684,-1.8160740938419864,0.10880937700113862,-0.7011666718468726,0.1625211486398312,0.6951923896703573,-0.4891633654933324
0.18538796205112643,-0.19167990680422245,-0.05188314535397892,0.27917824563488947,-0.20386007540933182,-0.05647986925522753,-0.016564070153210254,-0.06577162612468533,0.06854782915427084,0.09597093742158928,-0.05514344126469412,-0.11755218396958467,0.10077559424818222,0.0620702468414864,0.084323719985033,-0.08525240249876091,0.143996025100547,-0.2251731621883282,-0.09219772062847773,-0.02214889821145441,0.26695545946025745,0.00229975688326536,0.21375314995752595,0.10796450080441182,-0.12059184947243724,0.08524525402724227,-0.09789746920813293,0.007636197820257203,0.2942677357608687,-0.06388957871105753,-0.1491227745020771,-0.07752131493625972,-0.13847587879853454,-0.10790730357433748,-0.18233211753650805,-0.013998114717609944,-0.07946959717401503,-0.13448567335173164,-0.18946406476132766,-0.053491999120741804,-0.06841661490963964,0.2053548002176566,-0.051905342926565526,0.05366573099228807
-0.3302269250964293,-0.3949866751836593,-0.009567739082728972,0.7695224455747379,0.43695801578666266,-0.4767822201243703,-0.1141973699928163,-0.3364069595553358,0.168258343887293,0.33726978932168195,-0.15835700347738,0.44602165977426994,0.9205974876976546,-0.27431714888164904,1.149471303842188,-0.646984564690195,-0.0062374132629852645,1.080482748813496,0.12123174964393879,-0.8447219631126478,-0.32616420605725127,0.11514502282635515,-0.31597232720141205,0.5998918494835904,-0.8681888814515235,-0.09872067243967539,0.06889853101253918,1.3252359812229275,-0.06388957871105753,1.2346574496609553,-0.7778152633914699,-0.13041106759217966,-0.5052371668106942,-0.29350973506278866,-0.40613918458580234,0.6384240782667686,-0.07110831036543637,-0.09203997430089027,-0.6311435123330195,-0.008776447157701796,-0.3499263286049326,0.485713566465231,0.5423289914758406,-0.43858696254756563
0.2599971388677071,0.7114522275286582,0.0013042375386668622,-0.7669268794021794,0.04406163026213362,0.7312258368774127,0.14791419232147937,0.15463546535410333,-0.1010783430830876,-0.9729602088326538,0.08812514726996039,-0.1240470435403096,-0.9361993656750038,0.18408102161342266,-1.6514430917209306,0.8597409771528205,0.03178653600289796,-1.2917145769769796,-0.028882809020506037,0.8716934935229782,1.2325675635559747,-0.5199972158331568,0.1747540446296044,-0.8884016066911321,1.4389242153378448,0.6382341566026459,0.0768064999401249,-1.4941512815046798,-0.1491227745020771,-0.7778152633914699,1.558877459420348,0.3061611809180478,0.6177155371332766,1.0259921542991017,0.69453578271735394,-0.6923940672238996,0.19931200034756832,0.1617098317078644,1.2947966082845157,-0.18925751448342687,0.46761128777133526,-0.22164267074144153,-0.30783846141671817,0.345024170786442
-1.1741440787133435,1.0686174493021803,0.3505862326387944,-2.201613269722701,-0.311395151987814,0.8850533394636704,-0.20343029206304866,0.6125488271822052,0.44679803746622576,-1.1477843098478753,0.1903093006744691,-0.8732296527336008,-1.0758361233602256,-0.0029927552467061865,-0.37662497738234607,0.4011602331180614,-0.045527700445751156,-0.8959455217486926,0.5853519493978026,0.7005431886757209,-3.2692812117121983,-0.7094788008422905,-0.8813114583970901,0.5364740724185242,-0.10448766832944607,-0.6240992180358136,0.9103109600444801,-0.023231950572664833,-0.07752131493625972,-0.13041106759217966,0.3061611809180478,2.388255239015956,0.6556449307750971,-0.43024612723416644,1.0547432753782746,0.1881554813513601,0.6714117127327471,0.6003155132550269,-2.034466903494497,-0.1413540570559596,-1.2568533483641968,-1.2566997438729317,0.599680169045587,0.17987832687667282
-0.27460337415797814,0.6499666971464925,0.10430533213546711,-0.9651808194852661,-0.19785361636759446,0.454722735239597,0.058773358562091364,0.30857250267943653,0.08928537690055363,-0.5727580990130702,0.06976192369339111,-0.4132165202815117,-0.7881165790085437,0.04941741497578527,-0.7330048481712478,0.4439827732242925,-0.058348046063477044,-0.8055018064024483,0.1844441362051214,0.6774953027873036,-0.8524204461289961,-0.2741284885167834,-0.24025427663983673,-0.22091188441225681,0.48345565132918517,-0.08821933354348073,0.31155201318613424,-0.6370258880402363,-0.13847587879853454,-0.5052371668106942,0.6177155371332766,0.6556449307750971,0.5414964300422761,0.1656221983639888,0.6254181314001861,-0.23612620442587873,0.25113018467351167,0.36677702960543196,-0.10706973155301344,-0.045866633694663546,-0.16863893548651124,-0.6380433865208244,0.019551040521363194,0.22781534278879784
0.4407318794788797,0.2411558344368009,-0.14052408595992613,0.2220521132970856,0.2386839543223933,0.2885022793356816,0.11407477257145414,-0.19441201927137747,-0.23901672845307456,-0.32715072469409345,0.01960025595613636,0.3068562248932492,-0.2621459180838192,0.004133867019331312,-0.9117918735180794,0.42671018828317964,0.012856494466518105,-0.48952834064560957,-0.027341820572942824,0.27348788997282997,1.9580976814799131,-0.17726850905703959,0.2654537109884462,-0.7401106953076142,0.9733405475132928,0.7219858212606391,-0.2636959805373263,-0.8953754471138512,-0.10790730357433748,-0.29350973506278866,1.0259921542991017,-0.43024612723416644,0.1656221983639888,1.049774041545662,0.089513016996859,-0.5257392175420597,0.025959949316931567,-0.05910294715498745,1.435444501576369,-0.07644358090192126,0.6841608471122401,0.32847398271768186,-0.32847257440862043,0.1377145884926339
-0.47282029345382565,0.8087174302826381,0.20039369802175397,-1.2897530559620087,-0.22329349456201605,0.5610562572282227,0.04362227915885612,0.39055219424611975,0.20851104070457363,-0.8236284780647594,0.09204798414285924,-0.4648593851640089,-0.9205073126452601,0.10474356133115857,-0.7684966087592437,0.4824692367960695,-0.04565492572026301,-0.9140362066056887,0.2406318412849862,0.7445506632486542,-1.3046146691731964,-0.42824524822434956,-0.376438051708928,-0.09749446778929047,0.44236768351422906,-0.1951938393752946,0.5182893258919459,-0.5466269425265978,-0.18233211753650805,-0.40613918458580234,0.69453578271735394,1.0547432753782746,0.6254181314001861,0.089513016996859,0.8750084640628445,-0.20238865224170252,0.33684633426804195,0.4249565557064668,-0.3696726806303803,-0.11644528363180176,-0.40483492661735,-0.8339141192779927,0.1587608155402892,0.20366399430020057
-0.3933785599105735,-0.40800560917960726,0.05739097339284202,0.11319259936350502,0.372524547717093,-0.18726530618192677,-0.1365576019241604,-0.11190890380192874,0.04132837995770346,-0.0554939621253032,-0.40534115282245137,-0.15899905364398176,0.4352097312455573,-0.37935384145008605,0.596991394468293,-0.4348411304607658,-0.08323569092106549,0.5584647950082215,0.07003666032660025,-0.585238460443163,-1.2434851508979858,0.21159910003096868,-0.39233590668424667,0.3891315586428728,-0.4980938845420692,-0.07036117881459403,0.28933620449943315,0.8273697298771616,-0.013998114717609944,0.6384240782667686,-0.6923940672238996,0.1881554813513601,-0.23612620442587873,-0.5257392175420597,-0.20238865224170252,0.8926759802514392,-0.03866253763023447,0.18504997790921515,-0.9860361272145924,-0.01781951650793908,-0.2989014260809929,0.35695501168388005,0.6268434455194957,-0.22119042615538698
-0.5163852665677503,0.4451957989002638,0.0924126170824262,-0.6789126928191684,0.03162781719780577,0.37540046274405287,-0.111543018657086,0.25337118226518807,0.06355519569725981,-0.17088473337617197,0.11309315611299114,-0.2858594356861382,-0.5042741913968539,-0.12403968296883482,-0.1036614185089854,0.2726361967887901,-0.07161271644414725,-0.18727234590685335,0.3699515043223698,0.2553116276821023,-1.1707447543549803,-0.19582542892030771,-0.3551545413180239,0.22519687886825454,-0.014239819722719881,-0.05835480046202879,0.21534005104015516,0.1062294720539617,-0.07946959717401503,-0.07110831036543637,0.19931200034756832,0.6714117127327471,0.25113018467351167,0.025959949316931567,0.33684633426804195,-0.03866253763023447,0.4664363027170243,0.3524205333333718,-0.7440694538652479,0.041881216135111754,-0.36595999197178775,-0.47548215015819706,0.21539397302112892,0.08922134906403352
-0.6224156490519868,0.5512162927720515,0.034657327558276364,-0.5653893307778594,-0.016553098014308588,0.34648922069184845,0.02995401128588915,0.2105622631446192,0.12309893002701065,-0.3440834421298173,-0.19238635558350392,-0.5361095141761982,-0.5860475863786144,-0.2913350813231911,-0.11785883173544921,0.20729147956892344,-0.18462008777440736,-0.5096744878942556,0.5023865007480728,0.3967883967434967,-1.7969268479364717,-0.04596662330702072,-0.5901928127845437,0.06935378675581277,0.10163278188754706,-0.018124705844488945,0.41919908838484043,0.021756545798366684,-0.13448567335173164,-0.09203997430089027,0.1617098317078644,0.6003155132550269,0.36677702960543196,-0.05910294715498745,0.4249565557064668,0.18504997790921515,0.3524205333333718,0.7676301738782388,-0.8763504471948512,0.10735892967055782,-0.4003608973587934,-0.4080435995214827,0.4336110946494173,0.09816197697403845
1.7301465236988727,-0.4558671374577318,-0.31909527490250295,1.2686189529225333,0.37384951596402927,-0.24615862283392825,0.4168490950199115,-0.47895722952664044,-0.5742996472728078,0.025711169351960914,0.11128718508898777,1.0994286702461307,0.4621916794701738,0.5209671531893215,-1.4101214655175687,0.4321643328439342,0.08074129415773597,-0.11733411002246441,-1.0094182697504368,0.09084305216903228,5.325139562755126,0.060905641573658964,1.2888852120559697,-1.6209588761449198,1.7055970502212248,1.0508336574456756,-0.905690850299968,-1.8160740938419864,-0.18946406476132766,-0.6311435123330195,1.2947966082845157,-2.034466903494497,-0.10706973155301344,1.435444501576369,-0.3696726806303803,-0.9860361272145924,-0.7440694538652479,-0.8763504471948512,4.094565155576724,-0.08023579869262366,1.8718744828126543,1.0592982329067697,-1.1950649383121976,0.07828778316779642
-0.06582492843052834,0.0276771270491559,-0.06694057285697727,0.12729262681759226,0.010820672479204691,-0.06082959061121711,0.033966007576503005,-0.009554551597035527,-0.04332384594203004,0.30979257501868096,0.051332231435706754,0.01846647125842835,0.07445179210295773,-0.028250263731945197,0.26057048081559125,-0.003227099151554942,-0.12048777187606027,0.21924851170663853,0.06578718404368465,4.859184107401293e-4,-0.25244782251531345,0.13702525151979802,-0.02627821354089436,0.05039820022548235,-0.11064393196977536,-0.048218103001689785,-0.09065176683938535,0.10880937700113862,-0.053491999120741804,-0.008776447157701796,-0.18925751448342687,-0.1413540570559596,-0.045866633694663546,-0.07644358090192126,-0.11644528363180176,-0.01781951650793908,0.041881216135111754,0.10735892967055782,-0.08023579869262366,0.19379000236710817,-0.02626999149032427,-0.06778104147467054,-0.03036428743120105,-0.017420518314770945
0.8802799885381162,-0.5201504639729541,-0.16705550559544996,0.80601004774023155,0.35938310661615186,-0.163474645079806,0.0943260280262751,-0.27046268995153605,-0.5033840050846382,0.17295914762306225,-0.09573953022229822,0.503377897648797,0.24112837369445836,0.0284125374152494,-0.6158961527182806,0.12708594352890534,0.014896538240902616,0.18622389188728253,-0.42513847185419684,-0.22587053260594755,2.632005236253233,0.2728812341703711,0.606189406463226,-0.8169500833285028,0.774232321735566,0.6543915721210704,-0.5381661384726978,-0.7011666718468726,-0.06841661490963964,-0.3499263286049326,0.46761128777133526,-1.2568533483641968,-0.16863893548651124,0.6841608471122401,-0.40483492661735,-0.2989014260809929,-0.36595999197178775,-0.4003608973587934,1.8718744828126543,-0.02626999149032427,1.1659843064324873,0.7734057175643498,-0.5455935437098737,0.03845646827492445
0.7385522186750065,-1.0043927176755296,-0.24951408267711636,1.5610718265603474,0.5608687021823067,-0.46989819745918027,0.013906419138338462,-0.6004833806644827,-0.32452278864114037,0.2714808679821706,-0.47559293683803766,0.5117959953609729,0.9717764699334329,-0.21149980503833518,0.16170394646242486,-0.38376684521204296,0.0969180765063952,0.5428229421602037,-0.4072941160838929,-0.8317368536925136,2.3265643134594702,0.3644014611691619,0.47421652180849944,-0.34975182134549715,0.19958547388793674,0.8323618096035336,-0.4421255500395593,0.1625211486398312,0.2053548002176566,0.485713566465231,-0.22164267074144153,-1.2566997438729317,-0.6380433865208244,0.32847398271768186,-0.8339141192779927,0.35695501168388005,-0.47548215015819706,-0.4080435995214827,1.0592982329067697,-0.06778104147467054,0.7734057175643498,1.520770732635964,-0.008879343934494896,-0.2095434151391234
-0.6475905650307542,0.08003263140956839,0.08593880761092115,-0.25772619823022963,0.23887372629051115,0.06921566727317605,-0.11313315032896915,0.005054437267620208,0.18133498575804957,-0.2795395260168866,-0.3071384776773313,-0.310560098861053,0.0030152254929198246,-0.3582531867079704,0.35477925669267724,-0.17490033484262021,-0.08488735727004075,0.07643626395297144,0.32152301556602964,-0.18209370770444885,-1.6787814195726594,-0.030285406523639116,-0.5618471401374894,0.4039464686988643,-0.3509650347570706,-0.036719219119073054,0.44671403080170335,0.6951923896703573,-0.051905342926565526,0.5423289914758406,-0.30783846141671817,0.599680169045587,0.019551040521363194,-0.32847257440862043,0.1587608155402892,0.6268434455194957,0.21539397302112892,0.4336110946494173,-1.1950649383121976,-0.03036428743120105,-0.5455935437098737,-0.008879343934494896,0.7030764602241869,-0.12612341704148075
0.0471635366603198,0.23025653133790225,0.0024266199578258617,-0.35527884334385046,-0.1730324167568577,0.24417205493302782,0.029134672426715538,0.12642844930941158,-0.013724747746819702,-0.20694874550114575,0.03616417477541967,-0.2447329126972174,-0.41272906871585785,0.0659197171366347,-0.4682271461794393,0.2728694731144096,0.01610636992937195,-0.5376804163422568,0.016556950716498837,0.37901161241678566,-0.0400988711598162,-0.10765727056001438,0.06587799502568052,-0.18979156033523492,0.33603509918355284,0.08209202227277851,0.026032848029743635,-0.4891633654933324,0.05366573099228807,-0.43858696254756563,0.345024170786442,0.17987832687667282,0.22781534278879784,0.1377145884926339,0.20366399430020057,-0.22119042615538698,0.08922134906403352,0.09816197697403845,0.07828778316779642,-0.017420518314770945,0.03845646827492445,-0.2095434151391234,-0.12612341704148075,0.18683496002446023
