V1,V2,V3,V4,V5,V6,V7,V8,V9,V10,V11,V12,V13,V14,V15,V16,V17,V18,V19,V20,V21,V22,V23,V24,V25,V26,V27,V28,V29,V30,V31,V32,V33,V34,V35,V36,V37,V38,V39,V40,V41,V42,V43,V44,V45
1.8821717345764475,-0.47405943332235934,-0.8842498026177694,-0.6619459374856858,0.5082006705031238,-2.7516424452436876,1.3518843885841594,0.12389148618500839,-0.9773805426632557,-0.9992076495698167,0.9577306767343529,1.2678220947829228,-0.6203306921572094,2.6468370749748984,-1.131202202260425,-1.0199528596948164,-1.1550889127203874,-2.1480670705947684,-0.507573876652127,0.45507739801370944,-0.4323075679049759,1.5542659553318434,-0.1690392232315781,-0.5207495461677262,2.5239307764834535,-0.22822408543970418,-2.000836273492504,1.3461280225529917,-0.11878091731828695,2.050453775593329,2.7767565817075504,-0.4888275429821908,-1.8339771023132032,0.3100812725956715,-0.011222339921502995,-1.0337624224843567,-1.0208442704075984,-0.1557638764910166,0.030394304163546902,0.8641637256681577,-2.022587655487898,-0.1959597274094901,0.7284528959168106,0.056177104809575266,-0.23122696851910823
-0.47405943332235934,0.1980182649373413,0.3433804837941326,0.04763659423175777,-0.2797966160934023,0.586409019146096,-0.4421296192632899,-0.09678517958108179,0.2636399386833979,0.2201462737561207,-0.32539287860726157,-0.4124442398264351,0.3741980390064583,-0.6179170689079377,0.5295559594863416,0.27911796638894,0.24626548085717728,0.5879695716273529,0.15837364282266903,0.08552546909179788,0.12326931128392125,-0.6115126765188695,-0.08151827713520607,0.07320073981112628,-0.6651485004175096,-0.04840285293007031,0.3801460254446016,-0.21210156105634145,0.13913410461045356,-0.6175701605616174,-0.5863202056807886,0.20335126957254746,0.42602549430775016,0.06429098939407939,-0.08001312928124524,0.35654015711802717,0.2960377644229871,-0.09381860948821216,-0.07331567607859373,-0.3981216638598165,0.5633078709708675,0.11149006791891121,-0.17612497498829463,-0.051035867623553756,-0.03294627060629056
-0.8842498026177694,0.3433804837941326,1.6269110798395718,-0.16544471602831567,-0.7914740105461824,0.08122618615156972,-1.6134589462895552,-0.77700448508979,0.7686843993957956,-0.08380368085731556,-0.7754624389503828,-0.9677121296454644,2.4097141154115835,-0.4334845465617896,2.481173991876342,0.8058200964911317,0.5453012137528751,0.9032221198118252,-0.25365332468888757,2.28800016627385,0.7086967442053695,-1.652555177100816,-0.38315741307012824,-0.8903827890265653,-0.34717680579850385,-0.4340792974879786,-1.085800382629552,1.2394259729787818,1.168649708327335,-0.38366201795197924,0.05379900634557296,0.788720543207532,1.006994567960445,1.2367801204835778,-0.7048674395115765,1.6748044693016537,0.17996100208670376,-1.2294599396769896,-0.6722505629255116,-1.5780915287810453,0.9988249569208383,0.40479774672771157,0.009023468205830271,0.0916680900214873,-0.34811651772901925
-0.6619459374856858,0.04763659423175777,-0.16544471602831567,0.4976426686619191,0.14277647406633723,1.4292921724787815,-0.08615224541679481,0.232596539227031,0.2364273531269844,0.5434220688090236,-0.153158875806129,-0.2392321581674503,-0.6226616726016063,-1.2149161909119903,-0.42363492773755373,0.24122239774622162,0.4537103571488357,0.7350792461453187,0.28616865779587736,-1.0913108166481515,-0.00811546362738688,-0.04542282817271409,0.32542373255006724,0.5701877519591441,-1.0955755525514117,0.34909431751022485,1.4165304899544933,-1.1456534685272233,-0.39423122734486615,-0.7775763945413094,-1.4871974800206307,-0.07434487782382142,0.6421632938138253,-0.6578812758363343,0.29629320457892305,-0.08069599383083229,0.40247824543565536,0.5708559135003087,0.24829950427794048,0.2259186113761345,0.639426650574417,-0.08753086457995145,-0.3645835336817234,-0.013888333040281883,0.30990944531719866
0.5082006705031238,-0.2797966160934023,-0.7914740105461824,0.14277647406633723,0.5300502439796511,-0.21074873418732806,0.8175297744611401,0.3524793137338494,-0.3858519293099663,-0.05176207812022699,0.4823872487502062,0.5934620237509891,-1.143908674552682,0.39145414575111304,-1.2681331156353244,-0.409419887874921,-0.2478615670949531,-0.6153259325197679,-0.028262170429419208,-0.9473413682405541,-0.2949546772003479,1.0268992192086437,0.27883087421882363,0.2970724728709268,0.4633288599633797,0.2610748801306035,0.27044870648419017,-0.40396073220569606,-0.5374676778091242,0.5202370657539092,0.1621345024012206,-0.42268024392598064,-0.4882082332673207,-0.5537459970564295,0.33864702347295766,-0.7893943574212211,-0.23895380595041477,0.5569796155351702,0.3085969342537207,0.860634390597368,-0.6394065974393893,-0.24065532088472524,0.07674196472405835,0.03200330345227411,0.21215914505184713
-2.7516424452436876,0.586409019146096,0.08122618615156972,1.4292921724787815,-0.21074873418732806,5.23770307648313,-0.9990780284833993,0.5393563852392943,1.1169494183902953,2.0190812341687154,-1.0857743316678956,-1.4930724620702707,-1.210476335181946,-4.686083438149202,-0.2859510086661351,1.1621357104625043,1.6768548352521233,3.2585696473454,1.2510516822718638,-3.17746519955539,0.11841623765254887,-1.3768758557330616,0.6931959963663622,1.908187001137032,-4.552640519525894,0.8634937626667561,4.968010113276655,-3.852803171954881,-0.9395451324794468,-3.6108485569829534,-5.4223982414407335,0.16068786615633052,2.52506519003555,-1.835021767650087,0.7238392293305937,0.3172086101633361,1.8064387334252205,1.5300113294389046,0.6134936143600492,-0.10436716083986382,2.9183609665220853,-0.019751104115313268,-1.4223838909543638,-0.210484388133716,0.7853750216354127
1.3518843885841594,-0.4421296192632899,-1.6134589462895552,-0.08615224541679481,0.8175297744611401,-0.9990780284833993,1.7614616478159486,0.6687777061406079,-0.9513434870906036,-0.27253622384948784,0.9541589225262406,1.2145420060576835,-2.1564478213916125,1.2489673101308816,-2.390061341085704,-0.9956681617801868,-0.8290497371796675,-1.4610852176921032,0.027617490112362118,-1.69044473239617,-0.7163009708924133,1.8695352754447998,0.2571422826931883,0.5389434193523789,1.1431104295959165,0.27683665171161725,0.19357684777819464,-0.5407729794509905,-0.9839565939845427,1.0149653879484293,0.8986662653059625,-0.804089479138066,-1.4313871486501903,-0.8939330587160756,0.5662974495098431,-1.7015121972655147,-0.49567451221970477,0.9402179402291531,0.5532898906898037,1.5712421133137848,-1.4949354268396522,-0.3952770980614447,0.24150558798369276,-0.05194585279448478,0.20545114892005886
0.12389148618500839,-0.09678517958108179,-0.77700448508979,0.232596539227031,0.3524793137338494,0.5393563852392943,0.6687777061406079,0.43588271624869235,-0.2486513550093476,0.26488104259852424,0.2512035768325854,0.29939968392226657,-1.2975088633282692,-0.30913635212989343,-1.227130625776294,-0.26202472079002875,-0.08139373532026467,-0.07302178693710654,0.26619714146310375,-1.4587493683610802,-0.33226598177688615,0.6375108568085842,0.2560958657822629,0.6444929193738327,-0.3423816455644876,0.30059990340592363,1.0781031011565296,-1.0279078050708665,-0.6681270711245572,-0.22389288692608111,-0.6246431272994041,-0.36178873904959574,-0.21178546055559497,-0.7995638054569938,0.4192248192289906,-0.7754568507503715,0.11691825420735853,0.7625106644813102,0.3921608017934484,0.7466376864344432,-0.15790346935648075,-0.19561261332923344,-0.1634176098090746,-0.07071353763933237,0.25206509451819603
-0.9773805426632557,0.2636399386833979,0.7686843993957956,0.2364273531269844,-0.3858519293099663,1.1169494183902953,-0.9513434870906036,-0.2486513550093476,0.5897288516187157,0.3729898323132351,-0.5703795287725077,-0.7420119372869854,0.8614659613408955,-1.160985069475131,1.075011148815274,0.6150252111871187,0.6097346611751808,1.0771066180060267,0.12220446640555965,0.41273963413110876,0.3604086608399194,-1.0173298668534634,-0.01489495300610056,-0.03032557050653558,-1.0743371055579156,-0.010006801229634349,0.5064970538288871,-0.20933354260223253,0.34638746393716896,-0.8852111801625846,-1.0901155576510426,0.3916814157563898,0.9994085566378025,0.1910706832500589,-0.17338366509418565,0.8450950898472288,0.43982134652171406,-0.25102785258677573,-0.1839868843963489,-0.7352828945162747,1.0525869421401786,0.1754639130171277,-0.2833839216431584,0.010742615771193108,0.012857492306291103
-0.9992076495698167,0.2201462737561207,-0.08380368085731556,0.5434220688090236,-0.05176207812022699,2.0190812341687154,-0.27253622384948784,0.26488104259852424,0.3729898323132351,0.7916342259201788,-0.3782312307933111,-0.5229173458927637,-0.6356145738922552,-1.7863616019888273,-0.2719474480294,0.38864997083115166,0.5961232481575608,1.2093169172628724,0.5226495411274195,-1.401320304948485,-0.014337721709211344,-0.4497440595669723,0.27321707734954725,0.8144491013019762,-1.763289372898833,0.3496005355267023,2.0152104744661967,-1.5906539614439938,-0.44561800215648323,-1.409985783875621,-2.101941598162041,0.012852950358463669,0.8892233258778479,-0.7942867909497813,0.325828549900661,-0.0018278214588935884,0.7033492535605728,0.6763627956609636,0.2841765208166593,0.05381417223594409,1.0687921720667717,-0.027735012288192907,-0.5570991342484825,-0.10094944284385272,0.31538772884898253
0.9577306767343529,-0.32539287860726157,-0.7754624389503828,-0.153158875806129,0.4823872487502062,-1.0857743316678956,0.9541589225262406,0.2512035768325854,-0.5703795287725077,-0.3782312307933111,0.6151742014095307,0.7885747325038488,-0.8899785814600099,1.1539194811015598,-1.138451100064288,-0.5986758697255316,-0.5536860487996756,-1.1094019838135476,-0.18805450356082568,-0.402595792476826,-0.3275954850227843,1.1385021330512977,0.09899983360916122,-0.0029879062389493844,1.1471344168648143,0.07008126105782964,-0.5347976607693048,0.22851738659902543,-0.3582388890929553,1.0113150762511882,1.065037848876093,-0.41799821341931326,-0.9329991278324262,-0.21722455136468005,0.1946384200806613,-0.8282530240119924,-0.4924302832385555,0.27317962910099886,0.19242183665954543,0.804099957667366,-1.0801709371205352,-0.20784408371758395,0.2980053844037696,0.03467720299608398,0.04037496630509082
1.2678220947829228,-0.4124442398264351,-0.9677121296454644,-0.2392321581674503,0.5934620237509891,-1.4930724620702707,1.2145420060576835,0.29939968392226657,-0.7420119372869854,-0.5229173458927637,0.7885747325038488,1.0155822786848951,-1.0745205088641203,1.5610659187323093,-1.4034729610829568,-0.7787445519531956,-0.7409467829591438,-1.4627166861843237,-0.2576069484802731,-0.42057030823320385,-0.41640383622781113,1.4380421375280235,0.09384963441346171,-0.04843386721196374,1.5374533547220148,0.055987123442429274,-0.7909289605233621,0.38174453241388256,-0.42041707893813474,1.3367530073665033,1.4720892017815375,-0.5217161334441934,-1.2376739381374828,-0.21975271111336686,0.22064673924862313,-1.0428342122159582,-0.6535030372158366,0.29801275259852505,0.2226027005268979,0.9957973094120398,-1.4187464118678783,-0.25413468011574963,0.4059278391468712,0.0425402470736365,0.023104459332079507
-0.6203306921572094,0.3741980390064583,2.4097141154115835,-0.6226616726016063,-1.143908674552682,-1.210476335181946,-2.1564478213916125,-1.2975088633282692,0.8614659613408955,-0.6356145738922552,-0.8899785814600099,-1.0745205088641203,3.9096525869324474,0.5403386929917887,3.7879652863536157,0.9064252200621542,0.380262669428335,0.5286254547518432,-0.6849460542009259,4.219317841041418,1.0232390507737226,-2.138522348694603,-0.7612139375442056,-1.8074515762410026,0.6229547737935254,-0.8760784283511173,-2.8752309064470043,2.8235184907712942,1.9848035304506013,0.3210670339597991,1.457424723335529,1.14131103107461,0.8534937199529439,2.3157799213908787,-1.2390544530374983,2.4179603159793635,-0.1800629506427696,-2.2270540963329073,-1.1604661609630496,-2.341300210785546,0.7570748860200908,0.6146953277490459,0.371556072195855,0.18286625172770068,-0.7273998550326993
2.6468370749748984,-0.6179170689079377,-0.4334845465617896,-1.2149161909119903,0.39145414575111304,-4.686083438149202,1.2489673101308816,-0.30913635212989343,-1.160985069475131,-1.7863616019888273,1.1539194811015598,1.5610659187323093,0.5403386929917887,4.27917671286394,-0.3116887650102158,-1.2110644968121425,-1.600931885256453,-3.119154830489545,-1.080983626996619,2.3361510600250157,-0.2527935874547935,1.630619557617186,-0.5095730942268304,-1.5175537948814661,4.164101603240263,-0.6580903406598508,-4.205325162844777,3.172913281865525,0.5777656167911065,3.3473294758991656,4.823682092221552,-0.32543112725859163,-2.4577199709927946,1.3580069286594383,-0.4848280082315373,-0.6482116510990209,-1.669001276377275,-1.0882372041722996,-0.39708142889748665,0.4623245830817916,-2.835437064326723,-0.08136004777552194,1.272391393816015,0.1812263441836595,-0.6085980222091087
-1.131202202260425,0.5295559594863416,2.481173991876342,-0.42363492773755373,-1.2681331156353244,-0.2859510086661351,-2.390061341085704,-1.227130625776294,1.075011148815274,-0.2719474480294,-1.138451100064288,-1.4034729610829568,3.7879652863536157,-0.3116887650102158,3.856852400984134,1.1311278102480562,0.6640404695363616,1.164047710263062,-0.4266240608360576,3.7158016405943557,1.0467198457270543,-2.516021908821955,-0.7019815532397113,-1.4721808729927595,-0.25271679351828535,-0.7728449481963034,-1.9993739395037309,2.1588753480181806,1.8612207278996629,-0.42012736117562943,0.5004280603702338,1.2122418668299804,1.2980973180334543,2.0423924685222605,-1.1451542577568694,2.5188217139225153,0.18376559570767223,-2.0057893162637264,-1.0773305120604295,-2.454533972415473,1.3313051185880662,0.6446530226778654,0.10687742864499558,0.11946019466894671,-0.6308181500322363
-1.0199528596948164,0.27911796638894,0.8058200964911317,0.24122239774622162,-0.409419887874921,1.1621357104625043,-0.9956681617801868,-0.26202472079002875,0.6150252111871187,0.38864997083115166,-0.5986758697255316,-0.7787445519531956,0.9064252200621542,-1.2110644968121425,1.1311278102480562,0.6424541797012318,0.6334930022497706,1.1265596870906835,0.13004468973563776,0.4355479086464164,0.3763034945378839,-1.0711778246838708,-0.021035856716134164,-0.032431363472557345,-1.1240494417288063,-0.014042135066473595,0.525770278191833,-0.2154100719047737,0.3646762220496472,-0.9303161901138998,-1.1350612810732013,0.411862604727963,1.0408512295297694,0.20405738835670786,-0.18346063319459247,0.8844097770863397,0.4618581725996847,-0.26642293068549544,-0.19384075805690282,-0.7745851933856865,1.1016588208979508,0.18574328856669722,-0.2956575221109713,0.008926334431911223,0.009180231809082786
-1.1550889127203874,0.24626548085717728,0.5453012137528751,0.4537103571488357,-0.2478615670949531,1.6768548352521233,-0.8290497371796675,-0.08139373532026467,0.6097346611751808,0.5961232481575608,-0.5536860487996756,-0.7409467829591438,0.380262669428335,-1.600931885256453,0.6640404695363616,0.6334930022497706,0.7393838559087691,1.2792906892897835,0.2567978092738738,-0.24079044811585498,0.2904309884838875,-0.8692975910371259,0.15535490722643458,0.280066552089442,-1.4710598975654232,0.17363105839166731,1.1712662677956562,-0.7821778356414621,0.07640250838201654,-1.1498794055822246,-1.686112537858392,0.2846034014721907,1.1597783299052142,-0.19057955855463835,0.013420291361426834,0.6518116536124707,0.5793112521611219,0.09518430690236242,-0.020030782518878788,-0.4896951533918536,1.2081198207208246,0.0999948696772173,-0.42782763460569034,-0.0014102788346218589,0.17181832505962324
-2.1480670705947684,0.5879695716273529,0.9032221198118252,0.7350792461453187,-0.6153259325197679,3.2585696473454,-1.4610852176921032,-0.07302178693710654,1.0771066180060267,1.2093169172628724,-1.1094019838135476,-1.4627166861843237,0.5286254547518432,-3.119154830489545,1.164047710263062,1.1265596870906835,1.2792906892897835,2.5106948682600723,0.6913357082467455,-0.7803561770397565,0.41783706479190236,-1.804328953239627,0.16584439073074247,0.741342571304678,-3.051904630187054,0.2625210356676939,2.528360632759949,-1.7515751607227592,0.03694467995637652,-2.5285332423426103,-3.3066287076607477,0.5301601121107099,2.036653667024943,-0.47077235856853195,0.06429976821061717,1.0568927542471387,1.250891182460254,0.2888553707770497,0.022628342472744686,-0.938853645659317,2.346246627878983,0.22313530634509302,-0.8861918807161284,-0.11643563598728222,0.2646772729751226
-0.507573876652127,0.15837364282266903,-0.25365332468888757,0.28616865779587736,-0.028262170429419208,1.2510516822718638,0.027617490112362118,0.26619714146310375,0.12220446640555965,0.5226495411274195,-0.18805450356082568,-0.2576069484802731,-0.6849460542009259,-1.080983626996619,-0.4266240608360576,0.13004468973563776,0.2567978092738738,0.6913357082467455,0.4322737191116641,-1.1973693327922619,-0.13210828968921365,-0.19828073897273635,0.14007178383926092,0.6675584194728417,-1.1569321096154022,0.2187938947552431,1.4560784060859304,-1.194702822049684,-0.4218035486057667,-0.9789602144787212,-1.3265897677227645,-0.06600547326925763,0.37508017362184154,-0.6396006865785603,0.2768177390234837,-0.230390556054841,0.4795085052464363,0.5671658437402428,0.2587370216703277,0.166774554637451,0.5840782422084696,-0.03705893071502782,-0.37244752011046506,-0.12118736084604814,0.19369121648971518
0.45507739801370944,0.08552546909179788,2.28800016627385,-1.0913108166481515,-0.9473413682405541,-3.17746519955539,-1.69044473239617,-1.4587493683610802,0.41273963413110876,-1.401320304948485,-0.402595792476826,-0.42057030823320385,4.219317841041418,2.3361510600250157,3.7158016405943557,0.4355479086464164,-0.24079044811585498,-0.7803561770397565,-1.1973693327922619,5.312581606764311,0.965991403287364,-1.4348358490083493,-0.9387501686009997,-2.5103167872189043,2.424901503570164,-1.1348519320126773,-4.724492809965521,4.234702027097379,2.270633272580259,1.8094313410409761,3.4929530609565185,1.0182576196207727,-0.1061878305450375,2.926400738756667,-1.4603293467830984,2.2223251735788008,-0.9160467450676524,-2.725306542599065,-1.3513718359826838,-2.164732354933155,-0.4247816602287394,0.575678934085257,0.9217591942394633,0.29321087840365906,-0.9653596953782775
-0.4323075679049759,0.12326931128392125,0.7086967442053695,-0.00811546362738688,-0.2949546772003479,0.11841623765254887,-0.7163009708924133,-0.33226598177688615,0.3604086608399194,-0.014337721709211344,-0.3275954850227843,-0.41640383622781113,1.0232390507737226,-0.2527935874547935,1.0467198457270543,0.3763034945378839,0.2904309884838875,0.41783706479190236,-0.13210828968921365,0.965991403287364,0.33024773721931244,-0.6723543555991044,-0.11192057315236573,-0.3841541789336719,-0.1680586720074251,-0.14469303122970806,-0.4287438860284236,0.5046237458333633,0.49251474051669025,-0.14279318958095336,-0.059277731209450964,0.33243363215874877,0.5093481366702943,0.503373044449589,-0.28700521825292624,0.7457139421463819,0.07220319763743333,-0.5063047409887197,-0.2813743483304724,-0.6533710232863963,0.4586856308689477,0.15875458746790433,-0.005376104621027013,0.06265411928160086,-0.11317506399589213
1.5542659553318434,-0.6115126765188695,-1.652555177100816,-0.04542282817271409,1.0268992192086437,-1.3768758557330616,1.8695352754447998,0.6375108568085842,-1.0173298668534634,-0.4497440595669723,1.1385021330512977,1.4380421375280235,-2.138522348694603,1.630619557617186,-2.516021908821955,-1.0711778246838708,-0.8692975910371259,-1.804328953239627,-0.19828073897273635,-1.4348358490083493,-0.6723543555991044,2.233544752889016,0.3630743643354847,0.32778054893493885,1.6641749014525427,0.32427720593807735,-0.26044417119339885,-0.19879030153772445,-0.9424529404927063,1.5589213515392193,1.3008291836352501,-0.8765087138411956,-1.527822556074234,-0.8055581714710189,0.5549424714596086,-1.7170230961643842,-0.7478765853281322,0.8696875412265482,0.5265473643699201,1.7290682618241553,-1.801445039179462,-0.45976863005773183,0.3876409285043745,0.05008594750674804,0.2442288937070675
-0.1690392232315781,-0.08151827713520607,-0.38315741307012824,0.32542373255006724,0.27883087421882363,0.6931959963663622,0.2571422826931883,0.2560958657822629,-0.01489495300610056,0.27321707734954725,0.09899983360916122,0.09384963441346171,-0.7612139375442056,-0.5095730942268304,-0.7019815532397113,-0.021035856716134164,0.15535490722643458,0.16584439073074247,0.14007178383926092,-0.9387501686009997,-0.11192057315236573,0.3630743643354847,0.2833175983910915,0.4154830704562553,-0.4141629477985551,0.2883075838671072,0.8616153541362302,-0.7657813818505677,-0.41240762733334896,-0.21899057808038097,-0.7422151380472471,-0.19831164198011114,0.16834662895788488,-0.5611841717528074,0.2864348089849,-0.3353175759415817,0.1253507748988727,0.5152336166604949,0.24871665423319078,0.44465508975401086,0.10572807934695287,-0.13817234764216024,-0.16700924966454922,0.0068685599400813355,0.24851354030012593
-0.5207495461677262,0.07320073981112628,-0.8903827890265653,0.5701877519591441,0.2970724728709268,1.908187001137032,0.5389434193523789,0.6444929193738327,-0.03032557050653558,0.8144491013019762,-0.0029879062389493844,-0.04843386721196374,-1.8074515762410026,-1.5175537948814661,-1.4721808729927595,-0.032431363472557345,0.280066552089442,0.741342571304678,0.6675584194728417,-2.5103167872189043,-0.3841541789336719,0.32778054893493885,0.4154830704562553,1.2532583964274222,-1.5778842641064657,0.5268415522547448,2.5164908118452374,-2.1756501350102835,-1.0110283101920705,-1.242174610758786,-2.0589605162715316,-0.368285907496081,0.329365223575064,-1.3772124698882535,0.6582539456099507,-0.8463876990136042,0.6201719733134236,1.2608978409958111,0.6078380885214791,0.8063589802144765,0.5544303615475431,-0.21310508582555338,-0.5537575006782516,-0.16639848892154713,0.45434638107658565
2.5239307764834535,-0.6651485004175096,-0.34717680579850385,-1.0955755525514117,0.4633288599633797,-4.552640519525894,1.1431104295959165,-0.3423816455644876,-1.0743371055579156,-1.763289372898833,1.1471344168648143,1.5374533547220148,0.6229547737935254,4.164101603240263,-0.25271679351828535,-1.1240494417288063,-1.4710598975654232,-3.051904630187054,-1.1569321096154022,2.424901503570164,-0.1680586720074251,1.6641749014525427,-0.4141629477985551,-1.5778842641064657,4.157779705519667,-0.5915752878659424,-4.218505011209365,3.2022625042504944,0.613564653800504,3.421436774786466,4.700674217540388,-0.3100770195627182,-2.272781197276375,1.3648997827445195,-0.48569605701626734,-0.5258796468276706,-1.693437054113483,-1.1050558327601614,-0.4142155845460749,0.4557104685843636,-2.7613742477375958,-0.09903110553947408,1.2674315460541872,0.23957571807881764,-0.5493246798900655
-0.22822408543970418,-0.04840285293007031,-0.4340792974879786,0.34909431751022485,0.2610748801306035,0.8634937626667561,0.27683665171161725,0.30059990340592363,-0.010006801229634349,0.3496005355267023,0.07008126105782964,0.055987123442429274,-0.8760784283511173,-0.6580903406598508,-0.7728449481963034,-0.014042135066473595,0.17363105839166731,0.2625210356676939,0.2187938947552431,-1.1348519320126773,-0.14469303122970806,0.32427720593807735,0.2883075838671072,0.5268415522547448,-0.5915752878659424,0.31112293211315734,1.0858790476283855,-0.9524778551794761,-0.4816944659815009,-0.3828865499162855,-0.9268796405352525,-0.209542850018728,0.1970642176347135,-0.6587463191277924,0.32845481782263514,-0.3887601675658261,0.20382042026344163,0.6032478770787945,0.29064246996672927,0.4685446631801191,0.1857067040475229,-0.1402133538321517,-0.22311541520346256,-0.021616304918516446,0.26725183745858216
-2.000836273492504,0.3801460254446016,-1.085800382629552,1.4165304899544933,0.27044870648419017,4.968010113276655,0.19357684777819464,1.0781031011565296,0.5064970538288871,2.0152104744661967,-0.5347976607693048,-0.7909289605233621,-2.8752309064470043,-4.205325162844777,-1.9993739395037309,0.525770278191833,1.1712662677956562,2.528360632759949,1.4560784060859304,-4.724492809965521,-0.4287438860284236,-0.26044417119339885,0.8616153541362302,2.5164908118452374,-4.218505011209365,1.0858790476283855,5.60683125103683,-4.631379708747559,-1.7363851442110716,-3.3355945585154285,-5.248669563439737,-0.3865889253696739,1.6471907102983168,-2.6361005994138926,1.184870785921519,-0.9155727591483245,1.6668478138676248,2.340302793926753,1.0676069649835402,0.9669375566925162,2.1257570343491605,-0.27830406425080484,-1.3947052248442504,-0.31412075798785616,0.9565624209545474
1.3461280225529917,-0.21210156105634145,1.2394259729787818,-1.1456534685272233,-0.40396073220569606,-3.852803171954881,-0.5407729794509905,-1.0279078050708665,-0.20933354260223253,-1.5906539614439938,0.22851738659902543,0.38174453241388256,2.8235184907712942,3.172913281865525,2.1588753480181806,-0.2154100719047737,-0.7821778356414621,-1.7515751607227592,-1.194702822049684,4.234702027097379,0.5046237458333633,-0.19879030153772445,-0.7657813818505677,-2.1756501350102835,3.2022625042504944,-0.9524778551794761,-4.631379708747559,3.9085197536631298,1.6358733048654794,2.504306827419814,4.10422802291105,0.4923393288401687,-1.0418460909569964,2.3537571803723116,-1.0942121750118845,1.1179332300151756,-1.2544886995291438,-2.121386056580542,-0.9946462423106004,-1.1362077315853327,-1.414948136558233,0.3153657060222049,1.0887900760378244,0.26605484398234674,-0.8305620259588109
-0.11878091731828695,0.13913410461045356,1.168649708327335,-0.39423122734486615,-0.5374676778091242,-0.9395451324794468,-0.9839565939845427,-0.6681270711245572,0.34638746393716896,-0.44561800215648323,-0.3582388890929553,-0.42041707893813474,1.9848035304506013,0.5777656167911065,1.8612207278996629,0.3646762220496472,0.07640250838201654,0.03694467995637652,-0.4218035486057667,2.270633272580259,0.49251474051669025,-0.9424529404927063,-0.41240762733334896,-1.0110283101920705,0.613564653800504,-0.4816944659815009,-1.7363851442110716,1.6358733048654794,1.0298233950226288,0.4066647732888427,1.0732000497532628,0.5437942922006059,0.2504418923527436,1.2502275423695037,-0.6513672852722441,1.1582783463177393,-0.2123628564915774,-1.1867028475156474,-0.6063787253582232,-1.1297446980382246,0.1710618671014629,0.29892286286006137,0.2772795450904007,0.10610299656667281,-0.40374636428901695
2.050453775593329,-0.6175701605616174,-0.38366201795197924,-0.7775763945413094,0.5202370657539092,-3.6108485569829534,1.0149653879484293,-0.22389288692608111,-0.8852111801625846,-1.409985783875621,1.0113150762511882,1.3367530073665033,0.3210670339597991,3.3473294758991656,-0.42012736117562943,-0.9303161901138998,-1.1498794055822246,-2.5285332423426103,-0.9789602144787212,1.8094313410409761,-0.14279318958095336,1.5589213515392193,-0.21899057808038097,-1.242174610758786,3.421436774786466,-0.3828865499162855,-3.3355945585154285,2.504306827419814,0.4066647732888427,2.8914570020230284,3.7270464827615633,-0.32353717284573563,-1.8077814635979659,0.9880301920010505,-0.3228117823918002,-0.5050324512898806,-1.4202150156346585,-0.7849062043226074,-0.2811043693886505,0.5330556013744564,-2.2969110047347976,-0.13799387461495607,1.0279941104610215,0.23368539681614356,-0.36204199425133593
2.7767565817075504,-0.5863202056807886,0.05379900634557296,-1.4871974800206307,0.1621345024012206,-5.4223982414407335,0.8986662653059625,-0.6246431272994041,-1.0901155576510426,-2.101941598162041,1.065037848876093,1.4720892017815375,1.457424723335529,4.823682092221552,0.5004280603702338,-1.1350612810732013,-1.686112537858392,-3.3066287076607477,-1.3265897677227645,3.4929530609565185,-0.059277731209450964,1.3008291836352501,-0.7422151380472471,-2.0589605162715316,4.700674217540388,-0.9268796405352525,-5.248669563439737,4.10422802291105,1.0732000497532628,3.7270464827615633,5.627567607289394,-0.10261786661862726,-2.5261325576118847,2.0058871267456007,-0.8089636385367627,-0.1838464649498882,-1.8645337685749839,-1.689287164993562,-0.6930591510117133,-0.018227296310869067,-2.9460016587900566,0.05133501491648483,1.4774047688679401,0.23152397652159198,-0.837556560826488
-0.4888275429821908,0.20335126957254746,0.788720543207532,-0.07434487782382142,-0.42268024392598064,0.16068786615633052,-0.804089479138066,-0.36178873904959574,0.3916814157563898,0.012852950358463669,-0.41799821341931326,-0.5217161334441934,1.14131103107461,-0.32543112725859163,1.2122418668299804,0.411862604727963,0.2846034014721907,0.5301601121107099,-0.06600547326925763,1.0182576196207727,0.33243363215874877,-0.8765087138411956,-0.19831164198011114,-0.368285907496081,-0.3100770195627182,-0.209542850018728,-0.3865889253696739,0.4923393288401687,0.5437942922006059,-0.32353717284573563,-0.10261786661862726,0.3940546207300257,0.5248697004239917,0.5592028123978123,-0.3292104424320055,0.8090328345732924,0.15220323989256843,-0.5619156758941806,-0.3115475421101927,-0.7888505212075656,0.5658701647332541,0.20663407417777951,-0.03722805419185633,0.021953395142616527,-0.16762096661180564
-1.8339771023132032,0.42602549430775016,1.006994567960445,0.6421632938138253,-0.4882082332673207,2.52506519003555,-1.4313871486501903,-0.21178546055559497,0.9994085566378025,0.8892233258778479,-0.9329991278324262,-1.2376739381374828,0.8534937199529439,-2.4577199709927946,1.2980973180334543,1.0408512295297694,1.1597783299052142,2.036653667024943,0.37508017362184154,-0.1061878305450375,0.5093481366702943,-1.527822556074234,0.16834662895788488,0.329365223575064,-2.272781197276375,0.1970642176347135,1.6471907102983168,-1.0418460909569964,0.2504418923527436,-1.8077814635979659,-2.5261325576118847,0.5248697004239917,1.842736319891779,-0.13974135130977697,-0.06499911257748751,1.1666201866396486,0.9065301557026557,-0.002076096158792876,-0.10840194784382877,-0.9344361542163564,1.9396712472772895,0.20496228131178756,-0.6465434236279793,-0.0037657088624818147,0.20482991936755207
0.3100812725956715,0.06429098939407939,1.2367801204835778,-0.6578812758363343,-0.5537459970564295,-1.835021767650087,-0.8939330587160756,-0.7995638054569938,0.1910706832500589,-0.7942867909497813,-0.21722455136468005,-0.21975271111336686,2.3157799213908787,1.3580069286594383,2.0423924685222605,0.20405738835670786,-0.19057955855463835,-0.47077235856853195,-0.6396006865785603,2.926400738756667,0.503373044449589,-0.8055581714710189,-0.5611841717528074,-1.3772124698882535,1.3648997827445195,-0.6587463191277924,-2.6361005994138926,2.3537571803723116,1.2502275423695037,0.9880301920010505,2.0058871267456007,0.5592028123978123,-0.13974135130977697,1.6290864941540915,-0.8129901193404024,1.1852396295924874,-0.5051817921669519,-1.5125309568114156,-0.7458459568789598,-1.1998128228421974,-0.2741562891660137,0.32678421061788726,0.519022160386495,0.14058074739658472,-0.5625946139128584
-0.011222339921502995,-0.08001312928124524,-0.7048674395115765,0.29629320457892305,0.33864702347295766,0.7238392293305937,0.5662974495098431,0.4192248192289906,-0.17338366509418565,0.325828549900661,0.1946384200806613,0.22064673924862313,-1.2390544530374983,-0.4848280082315373,-1.1451542577568694,-0.18346063319459247,0.013420291361426834,0.06429976821061717,0.2768177390234837,-1.4603293467830984,-0.28700521825292624,0.5549424714596086,0.2864348089849,0.6582539456099507,-0.48569605701626734,0.32845481782263514,1.184870785921519,-1.0942121750118845,-0.6513672852722441,-0.3228117823918002,-0.8089636385367627,-0.3292104424320055,-0.06499911257748751,-0.8129901193404024,0.4186554748379149,-0.6869220348817133,0.1691263502222717,0.7650269250423266,0.3856050130339888,0.6934710193831247,-0.025197826467468046,-0.18781605721098948,-0.20501200547833026,-0.06069383879238012,0.2772287051089249
-1.0337624224843567,0.35654015711802717,1.6748044693016537,-0.08069599383083229,-0.7893943574212211,0.3172086101633361,-1.7015121972655147,-0.7754568507503715,0.8450950898472288,-0.0018278214588935884,-0.8282530240119924,-1.0428342122159582,2.4179603159793635,-0.6482116510990209,2.5188217139225153,0.8844097770863397,0.6518116536124707,1.0568927542471387,-0.230390556054841,2.2223251735788008,0.7457139421463819,-1.7170230961643842,-0.3353175759415817,-0.8463876990136042,-0.5258796468276706,-0.3887601675658261,-0.9155727591483245,1.1179332300151756,1.1582783463177393,-0.5050324512898806,-0.1838464649498882,0.8090328345732924,1.1666201866396486,1.1852396295924874,-0.6869220348817133,1.7432465926222478,0.24414846809395094,-1.1922826908545787,-0.662676146856251,-1.6043097712490622,1.1422282622496338,0.40440930996356433,-0.04614816958958045,0.10135460850788959,-0.3057676887747595
-1.0208442704075984,0.2960377644229871,0.17996100208670376,0.40247824543565536,-0.23895380595041477,1.8064387334252205,-0.49567451221970477,0.11691825420735853,0.43982134652171406,0.7033492535605728,-0.4924302832385555,-0.6535030372158366,-0.1800629506427696,-1.669001276377275,0.18376559570767223,0.4618581725996847,0.5793112521611219,1.250891182460254,0.4795085052464363,-0.9160467450676524,0.07220319763743333,-0.7478765853281322,0.1253507748988727,0.6201719733134236,-1.693437054113483,0.20382042026344163,1.6668478138676248,-1.2544886995291438,-0.2123628564915774,-1.4202150156346585,-1.8645337685749839,0.15220323989256843,0.9065301557026557,-0.5051817921669519,0.1691263502222717,0.24414846809395094,0.6992226313716927,0.4030741294904616,0.1460126004268696,-0.24491579817604378,1.1355924899031165,0.061073281813933504,-0.5106107287989988,-0.10988655436017583,0.1914436593988872
-0.1557638764910166,-0.09381860948821216,-1.2294599396769896,0.5708559135003087,0.5569796155351702,1.5300113294389046,0.9402179402291531,0.7625106644813102,-0.25102785258677573,0.6763627956609636,0.27317962910099886,0.29801275259852505,-2.2270540963329073,-1.0882372041722996,-2.0057893162637264,-0.26642293068549544,0.09518430690236242,0.2888553707770497,0.5671658437402428,-2.725306542599065,-0.5063047409887197,0.8696875412265482,0.5152336166604949,1.2608978409958111,-1.1050558327601614,0.6032478770787945,2.340302793926753,-2.121386056580542,-1.1867028475156474,-0.7849062043226074,-1.689287164993562,-0.5619156758941806,-0.002076096158792876,-1.5125309568114156,0.7650269250423266,-1.1922826908545787,0.4030741294904616,1.4139790020243503,0.7050119959470476,1.192228961400368,0.11251627283650364,-0.32162985464338445,-0.4367787485106768,-0.12923179019214961,0.5125721373851692
0.030394304163546902,-0.07331567607859373,-0.6722505629255116,0.24829950427794048,0.3085969342537207,0.6134936143600492,0.5532898906898037,0.3921608017934484,-0.1839868843963489,0.2841765208166593,0.19242183665954543,0.2226027005268979,-1.1604661609630496,-0.39708142889748665,-1.0773305120604295,-0.19384075805690282,-0.020030782518878788,0.022628342472744686,0.2587370216703277,-1.3513718359826838,-0.2813743483304724,0.5265473643699201,0.24871665423319078,0.6078380885214791,-0.4142155845460749,0.29064246996672927,1.0676069649835402,-0.9946462423106004,-0.6063787253582232,-0.2811043693886505,-0.6930591510117133,-0.3115475421101927,-0.10840194784382877,-0.7458459568789598,0.3856050130339888,-0.662676146856251,0.1460126004268696,0.7050119959470476,0.35796413173042047,0.6507558218787954,-0.059089134869321464,-0.17309873756834662,-0.178840562635117,-0.06316582275037443,0.24428060335961002
0.8641637256681577,-0.3981216638598165,-1.5780915287810453,0.2259186113761345,0.860634390597368,-0.10436716083986382,1.5712421133137848,0.7466376864344432,-0.7352828945162747,0.05381417223594409,0.804099957667366,0.9957973094120398,-2.341300210785546,0.4623245830817916,-2.454533972415473,-0.7745851933856865,-0.4896951533918536,-0.938853645659317,0.166774554637451,-2.164732354933155,-0.6533710232863963,1.7290682618241553,0.44465508975401086,0.8063589802144765,0.4557104685843636,0.4685446631801191,0.9669375566925162,-1.1362077315853327,-1.1297446980382246,0.5330556013744564,-0.018227296310869067,-0.7888505212075656,-0.9344361542163564,-1.1998128228421974,0.6934710193831247,-1.6043097712490622,-0.24491579817604378,1.192228961400368,0.6507558218787954,1.592109346749491,-1.022711563142206,-0.4222785864741376,0.020975520166328473,-0.04194000210749093,0.3793943927897135
-2.022587655487898,0.5633078709708675,0.9988249569208383,0.639426650574417,-0.6394065974393893,2.9183609665220853,-1.4949354268396522,-0.15790346935648075,1.0525869421401786,1.0687921720667717,-1.0801709371205352,-1.4187464118678783,0.7570748860200908,-2.835437064326723,1.3313051185880662,1.1016588208979508,1.2081198207208246,2.346246627878983,0.5840782422084696,-0.4247816602287394,0.4586856308689477,-1.801445039179462,0.10572807934695287,0.5544303615475431,-2.7613742477375958,0.1857067040475229,2.1257570343491605,-1.414948136558233,0.1710618671014629,-2.2969110047347976,-2.9460016587900566,0.5658701647332541,1.9396712472772895,-0.2741562891660137,-0.025197826467468046,1.1422282622496338,1.1355924899031165,0.11251627283650364,-0.059089134869321464,-1.022711563142206,2.2117579470757205,0.24592803308311942,-0.7887918748113096,-0.09143518153507238,0.19629805271763617
-0.1959597274094901,0.11149006791891121,0.40479774672771157,-0.08753086457995145,-0.24065532088472524,-0.019751104115313268,-0.3952770980614447,-0.19561261332923344,0.1754639130171277,-0.027735012288192907,-0.20784408371758395,-0.25413468011574963,0.6146953277490459,-0.08136004777552194,0.6446530226778654,0.18574328856669722,0.0999948696772173,0.22313530634509302,-0.03705893071502782,0.575678934085257,0.15875458746790433,-0.45976863005773183,-0.13817234764216024,-0.21310508582555338,-0.09903110553947408,-0.1402133538321517,-0.27830406425080484,0.3153657060222049,0.29892286286006137,-0.13799387461495607,0.05133501491648483,0.20663407417777951,0.20496228131178756,0.32678421061788726,-0.18781605721098948,0.40440930996356433,0.061073281813933504,-0.32162985464338445,-0.17309873756834662,-0.4222785864741376,0.24592803308311942,0.11559843269187896,0.0019308493695085098,0.0019903466525607837,-0.11500555252049773
0.7284528959168106,-0.17612497498829463,0.009023468205830271,-0.3645835336817234,0.07674196472405835,-1.4223838909543638,0.24150558798369276,-0.1634176098090746,-0.2833839216431584,-0.5570991342484825,0.2980053844037696,0.4059278391468712,0.371556072195855,1.272391393816015,0.10687742864499558,-0.2956575221109713,-0.42782763460569034,-0.8861918807161284,-0.37244752011046506,0.9217591942394633,-0.005376104621027013,0.3876409285043745,-0.16700924966454922,-0.5537575006782516,1.2674315460541872,-0.22311541520346256,-1.3947052248442504,1.0887900760378244,0.2772795450904007,1.0279941104610215,1.4774047688679401,-0.03722805419185633,-0.6465434236279793,0.519022160386495,-0.20501200547833026,-0.04614816958958045,-0.5106107287989988,-0.4367787485106768,-0.178840562635117,0.020975520166328473,-0.7887918748113096,0.0019308493695085098,0.39559978312117666,0.07617264287689311,-0.2032601904624498
0.056177104809575266,-0.051035867623553756,0.0916680900214873,-0.013888333040281883,0.03200330345227411,-0.210484388133716,-0.05194585279448478,-0.07071353763933237,0.010742615771193108,-0.10094944284385272,0.03467720299608398,0.0425402470736365,0.18286625172770068,0.1812263441836595,0.11946019466894671,0.008926334431911223,-0.0014102788346218589,-0.11643563598728222,-0.12118736084604814,0.29321087840365906,0.06265411928160086,0.05008594750674804,0.0068685599400813355,-0.16639848892154713,0.23957571807881764,-0.021616304918516446,-0.31412075798785616,0.26605484398234674,0.10610299656667281,0.23368539681614356,0.23152397652159198,0.021953395142616527,-0.0037657088624818147,0.14058074739658472,-0.06069383879238012,0.10135460850788959,-0.10988655436017583,-0.12923179019214961,-0.06316582275037443,-0.04194000210749093,-0.09143518153507238,0.0019903466525607837,0.07617264287689311,0.048745546151873924,-0.01803554387329858
