V1,V2,V3,V4,V5,V6,V7,V8,V9,V10,V11,V12,V13,V14,V15,V16,V17,V18,V19,V20,V21,V22,V23,V24,V25,V26,V27,V28,V29,V30,V31,V32,V33,V34,V35,V36,V37,V38,V39,V40,V41,V42,V43,V44
1.0125969665028212,-0.7838356100831598,0.27896405342065406,0.4292014340155514,-0.7346158560538367,0.7502919460844024,-0.5543855937955816,-0.6712084723105974,-0.6068331874087797,-1.7024421081032095,-0.6979014583030333,-0.64351917177301865,-1.190262613090287,-1.0518076187914636,-0.4619305497907449,-0.6443634471607994,0.9635535385195574,-1.2642563932302593,1.1145941142080507,-0.9323147153982865,1.1061998515888423,0.4606461454976569,-0.8985183507684206,-0.43392415569402853,-0.372746531438918,0.43088727887938516,0.14691938643036298,-0.35776253990777684,1.051082971141254,-0.2849072224328693,-0.10352247066776385,0.6218594124146292,-0.34939780228896145,0.8658002713255448,-1.2334925514963175,0.9096747626745664,-0.47266022419410175,-0.405108659231323,-1.420582884392603,-1.1666804774967119,1.0613642289227803,1.127041682799277,0.06719540475262847,0.5085542791481572
-0.7838356100831598,1.2404143981834268,-0.3840695613847327,-0.10914444909205659,0.7612457636356388,-0.9644357881803247,0.946861085818717,0.48469726741588887,0.7255777686514121,2.2730630469968713,1.2473319711821047,0.5682448586398113,1.3206166916985425,1.3112143341011786,1.0217173373626107,1.5768491290468818,-1.2581225045184528,1.730271537986461,-1.1963046536074613,1.6566797802465236,-1.995817924558886,-0.5055580672501474,0.7254169752738338,0.2429834706483992,0.3108250039584663,-0.25928300287420614,0.017400757173214466,0.5906267360927389,-1.307739153515196,0.8923786154923077,-0.6157933943428595,-1.0343684293873612,0.38390383359962893,-1.352098344652277,0.4724240665505821,-0.9392194761196441,0.6410594207750658,0.6273413635208565,1.8699808286030768,1.7804112708526165,-1.3599138119648064,-1.868231850457022,0.23470636548290555,-0.42443833060141195
0.27896405342065406,-0.3840695613847327,0.32536623713405505,0.19427778137402268,-0.17086786402260218,0.8292431102508547,0.021324774978147464,-0.19937596005312047,-0.16744945469019945,-0.6090362358873942,-0.20141177567987237,0.00810118667348404,-0.6309537647700308,-0.0720754816546383,0.034502456790414,-0.23748935643707328,0.06528720774459203,-0.21878644526431082,0.15133942505535353,-0.7417515037765918,0.5444871682760937,0.30754152101630783,0.10986521579948992,0.23105671250611792,0.11482068046218849,0.1697366120415316,0.08991405495020027,-0.06286428812107814,0.17328858200592817,-0.29383196846945575,0.36092698195405565,0.04327843963715681,-0.22794732764247017,0.5317785916712482,0.20280080799271633,0.23202774662019,0.14481363480977538,-0.06856664086721428,-0.3921159793736676,-0.4116712400384601,0.4258847935743612,-0.09145527688322624,-0.14673165629149407,0.014878345094434852
0.4292014340155514,-0.10914444909205659,0.19427778137402268,0.6284695497334366,0.3656294853158609,0.3191707941204892,0.3787273521764653,0.03192326201120901,0.3109930447501491,0.06832257932574617,0.2605025789628039,0.1295880963113397,-0.35661311534359086,0.5903525908668397,0.45251876129206015,0.3912512091548671,0.2598036968410073,0.29753126363762183,-0.4240720940628777,0.06677951409374419,-0.16876479245125142,0.3740288670541785,-0.026388201930740113,0.29926462910284524,-0.049926071223476844,0.3480873436831334,0.06851248498192371,0.058222442200439074,-0.0734099329396627,-0.08022609904986953,-0.14645279431390998,-0.20162797269044283,-0.06182500346498468,-0.04649674458262629,-0.22802655938687086,0.4950820789747453,-0.14281161423336036,0.0898314308963657,-0.05367020666716395,0.18309076686871265,0.2101368701288956,-0.643623346594664,-0.07585973900973435,0.11387360258958766
-0.7346158560538367,0.7612457636356388,-0.17086786402260218,0.3656294853158609,1.7745562257408454,-0.9083493200059233,1.1460016835543598,1.2090206373169772,1.4306084003947475,2.3270927077352423,1.1632067873628429,1.0571416800556521,1.2096292096104815,2.3260241855735413,1.054599077545298,1.146042068502376,-0.44121435831673295,1.988555424539445,-2.289901981446372,1.4543869199720676,-1.563534293472492,-0.03800131904527118,1.019842878854068,1.0557615439784618,0.28835410456534244,-0.0758780387256861,-0.23719524451406618,0.45702439010493867,-1.3525818498775908,0.04032725815449284,-0.03051296648607847,-0.8930260133312018,0.483444895747506,-1.289330807615128,1.3111687892915145,-0.2519371550338302,0.010037388194483863,0.571253353512443,1.6140836938201177,1.723089351947383,-1.015403838181823,-2.0477812521575727,-0.29904663925565617,-0.4332937847574094
0.7502919460844024,-0.9644357881803247,0.8292431102508547,0.3191707941204892,-0.9083493200059233,2.3781724749477764,-0.10430835345943928,-0.854647766954203,-0.7662653398585065,-1.8463059643631794,-0.6322410338839376,-0.15493603602514597,-1.7621980916701794,-0.6526874812343717,0.02798829774075696,-0.6404094091185434,-0.07977489515913674,-0.7804712996581961,0.8812617886771098,-2.145071186840335,1.5145796534022224,0.6864064093774417,0.21848576874684533,0.3313897602801716,0.3383002777703304,0.3743971692436565,0.3062758053428131,-0.16103443192993164,0.5499193355270114,-0.5914071469625362,0.8993816429091827,0.14006969288473695,-0.6903219894883255,1.5664828145700611,0.3445748001103405,0.4113518450303902,0.5854733375014042,-0.22299205691549126,-1.070971046903152,-1.2400738007084042,1.1390851231294399,-0.0520377956004259,-0.2550636727082204,0.038648928511484146
-0.5543855937955816,0.946861085818717,0.021324774978147464,0.3787273521764653,1.1460016835543598,-0.10430835345943928,1.4282697237954642,0.6147162424560464,1.0130399383239403,2.2264075773339203,1.410946702242298,0.9351830715766299,0.8376035135968639,2.0578111669458217,1.496108230634024,1.6662791920679358,-1.2810478121770834,2.1294424664636034,-1.797768672908322,1.126362279104622,-1.7942345556069603,-0.047463806502405566,1.1821106939226085,0.9244144641643188,0.5589924212317972,-0.009188006136243343,0.06069149877167517,0.6586365959148968,-1.5167277041984442,0.5224773665867384,-0.19823820322587135,-1.3065316721950022,0.23145059915116128,-1.0683274555149591,1.1155448513124893,-0.6475100230873184,0.8134424754903652,0.7243206606779498,1.8681937983543733,1.8194877180699676,-1.0811029762693614,-2.7485395660020666,-0.07350457811648382,-0.534861472074856
-0.6712084723105974,0.48469726741588887,-0.19937596005312047,0.03192326201120901,1.2090206373169772,-0.854647766954203,0.6147162424560464,0.9640113795732058,0.9324608064725937,1.524987297811757,0.6216409226508525,0.6922625407590667,1.0141775870614411,1.4188150518566165,0.4582941688875756,0.45866040106154454,-0.20937100901297087,1.1814899389411833,-1.5206026639890502,0.9597021339400922,-0.8904177665144131,-0.12574098239402204,0.6838520286449912,0.6825264634274198,0.1937257595863657,-0.18933977560943555,-0.25436677141739433,0.23180611812045057,-0.8167550129897966,-0.08286724048001262,0.11357192432526789,-0.4345215801928223,0.39719386919174027,-0.8634917954541486,1.0617948486520992,-0.2641544052356729,-0.09068781628136595,0.3054335784999006,1.0237661425966362,1.0533322528052371,-0.7221305771449485,-1.0142325304338924,-0.24845468827372671,-0.3099541513937972
-0.6068331874087797,0.7255777686514121,-0.16744945469019945,0.3109930447501491,1.4306084003947475,-0.7662653398585065,1.0130399383239403,0.9324608064725937,1.2266393966665101,2.1192120803014434,1.1151309206909499,0.9133076732850627,1.063375983398901,2.0019248492870565,1.0290772458543656,1.1805952612056145,-0.5172486446917989,1.8348945395347225,-1.9104732019674315,1.3130194364319976,-1.5070404048798947,-0.0903028286713716,0.8728734459549268,0.8158905441757176,0.24820028363926244,-0.06430222736213813,-0.1719994183655447,0.47735583120106545,-1.268575349800559,0.21972356852628344,-0.18302979299999567,-0.8905473965605245,0.40079190930210423,-1.1712043353541044,1.0189228163975372,-0.29580622612225227,0.0888371963584563,0.5436464773512181,1.5253851860234504,1.5728360376444679,-0.9271188287161506,-1.8892937697446908,-0.18688270114528222,-0.42314486776877475
-1.7024421081032095,2.2730630469968713,-0.6090362358873942,0.06832257932574617,2.3270927077352423,-1.8463059643631794,2.2264075773339203,1.524987297811757,2.1192120803014434,5.105955505809304,2.732645299913504,1.717944293846734,2.742710291552185,3.6804287618325433,2.381663858312347,3.200201841441086,-2.3318024685377474,4.133761870704196,-3.407516836464522,3.2834603383865786,-4.045256895777664,-0.7785826013045124,1.9432458764347418,1.1694273182006278,0.7313509210393827,-0.44702697245200634,-0.14951710956484254,1.2982727537210446,-3.06088206286309,1.4153548950677817,-0.8898712084994742,-2.340117940347338,0.8631754982242421,-2.870026290692473,1.866462403805024,-1.6679796388411172,1.0990053952651972,1.3739473292561328,4.05222390632245,3.8412031404796783,-2.7086420154044704,-4.382867301334008,0.10485138853290818,-1.0719584948388745
-0.6979014583030333,1.2473319711821047,-0.20141177567987237,0.2605025789628039,1.1632067873628429,-0.6322410338839376,1.410946702242298,0.6216409226508525,1.1151309206909499,2.732645299913504,1.6514670465490635,0.9247403517194982,1.2273221137917114,2.0941144401174867,1.5773027214484352,2.042472079340851,-1.4289095881843337,2.382536836154372,-1.8101109173289527,1.6864713786191712,-2.318071215678302,-0.30004234358779286,1.076142245426266,0.6678062064801698,0.449626029883786,-0.09488912244748678,0.04710270845302192,0.7959737828636221,-1.7320250476708947,0.9048697491722758,-0.6088949530074937,-1.45975321265508,0.3600380875091725,-1.4855461740941547,0.8313148527279001,-0.847720958151829,0.7884576133360452,0.8236816002455775,2.2374215014188774,2.1583402280702293,-1.3976145211845152,-2.8002845463380246,0.11011619785843885,-0.5806120462412225
-0.64351917177301865,0.5682448586398113,0.00810118667348404,0.1295880963113397,1.0571416800556521,-0.15493603602514597,0.9351830715766299,0.6922625407590667,0.9133076732850627,1.717944293846734,0.9247403517194982,0.8944305439840565,0.7552704494027708,1.6945782508713374,0.9662497724290614,0.9509595125694345,-0.8285989134742514,1.6501702674686616,-1.5819244331116993,0.693988741743738,-1.1157217242555626,-0.06462898200291714,1.0853165101987259,0.8642860750522539,0.44568370105438737,-0.12227956286759456,-0.09671802722831653,0.4661681188300252,-1.2143263947790544,0.12961648254541921,0.16525167727765,-0.8868961429011433,0.2270462788251722,-0.7492290814356636,1.366416736593444,-0.4940627874746025,0.45381669392980767,0.5030122802884887,1.407389120496481,1.2666571171258245,-0.781810184861318,-1.8707077189162953,-0.23435362723739828,-0.5261724887915915
-1.190262613090287,1.3206166916985425,-0.6309537647700308,-0.35661311534359086,1.2096292096104815,-1.7621980916701794,0.8376035135968639,1.0141775870614411,1.063375983398901,2.742710291552185,1.2273221137917114,0.7552704494027708,1.9822192204567508,1.576120557545109,0.7763271727140936,1.2834662629962361,-1.022741848860941,1.8861064952660145,-1.6620199757744478,2.047578122990496,-2.076886246023244,-0.7066552374666045,0.8071944686433936,0.32067094740238344,0.2516447466539105,-0.49826490756953684,-0.24306458968664243,0.5455706408053448,-1.4234259257881003,0.740424641936981,-0.5311945122922801,-0.8982493414638567,0.6505917225291964,-1.700521885018621,0.893291782035377,-1.0475762994298674,0.27144426988927295,0.5909317468733616,2.079794278166721,1.9609928082898973,-1.6104058514964887,-1.5216652265590669,0.09901249472595078,-0.5303432012714036
-1.0518076187914636,1.3112143341011786,-0.0720754816546383,0.5903525908668397,2.3260241855735413,-0.6526874812343717,2.0578111669458217,1.4188150518566165,2.0019248492870565,3.6804287618325433,2.0941144401174867,1.6945782508713374,1.576120557545109,3.60608752073904,2.1162115404021393,2.2931016217375366,-1.4497307039896312,3.420450507894183,-3.3157142798947827,1.9361724622205714,-2.662519170436496,-0.06413241765337123,1.8778019422450158,1.6316894898219054,0.7078301303379626,-0.07021321952543251,-0.14334734369455776,0.9520227489007843,-2.417593963262266,0.4449252938005674,-0.12275127901547107,-1.8411350285187504,0.5383257828975463,-1.8333605158404165,2.1126042599865418,-0.7449948526349656,0.6998551546790837,1.0678922791841696,2.857736174035619,2.8249834945568058,-1.6445600030628804,-3.9481038121358383,-0.33916315609929965,-0.8702310551763386
-0.4619305497907449,1.0217173373626107,0.034502456790414,0.45251876129206015,1.054599077545298,0.02798829774075696,1.496108230634024,0.4582941688875756,1.0290772458543656,2.381663858312347,1.5773027214484352,0.9662497724290614,0.7763271727140936,2.1162115404021393,1.7752590932142696,2.032504684665355,-1.4459848859763522,2.360186118990494,-1.7647444351434685,1.1830029640188489,-2.0422254820137007,-0.06441874588328139,1.21007303933869,0.8685069354355753,0.580488648045663,0.05112962671923608,0.10717166025472172,0.8307744821840157,-1.6650242448258823,0.7700252825135679,-0.39305790126045737,-1.5307176372873557,0.1824902853107384,-1.1428169507103891,0.9684974305555907,-0.6773026666518613,0.9331285841446603,0.8032858782842938,2.05513088592665,1.9564817060435116,-1.098438558220501,-3.0505214838588244,0.024942470364273314,-0.5747733755003606
-0.6443634471607994,1.5768491290468818,-0.23748935643707328,0.3912512091548671,1.146042068502376,-0.6404094091185434,1.6662791920679358,0.45866040106154454,1.1805952612056145,3.200201841441086,2.042472079340851,0.9509595125694345,1.2834662629962361,2.2931016217375366,2.032504684665355,2.7830751729454137,-1.7979939712891566,2.8160377372259418,-1.8677123448462138,2.113031399225277,-2.968601836699015,-0.36758665406131125,1.1136723171698915,0.5977113950622039,0.4794253184976743,-0.0046418435286434126,0.1749233157856287,1.0420534383227966,-2.0314465923131335,1.3582917153262175,-1.0084442016667574,-1.8483600306057741,0.3472359193043866,-1.7964193730135198,0.5107365142226925,-0.976317876311381,1.058178446875993,1.024259424414383,2.6679071112235553,2.6021952068444736,-1.6438076807327417,-3.4522235089456577,0.32289025221762635,-0.5977574921392584
0.9635535385195574,-1.2581225045184528,0.06528720774459203,0.2598036968410073,-0.44121435831673295,-0.07977489515913674,-1.2810478121770834,-0.20937100901297087,-0.5172486446917989,-2.3318024685377474,-1.4289095881843337,-0.8285989134742514,-1.022741848860941,-1.4497307039896312,-1.4459848859763522,-1.7979939712891566,2.2247363967689555,-2.131968407522935,1.162939163268938,-0.963232570211392,1.956628525742229,0.4784633438107231,-1.4242439548574235,-0.5710370473475486,-0.8007187324608982,0.3322109711506842,-0.18601585303431048,-0.8154224560984291,1.7360359420665117,-0.99342253606111,0.1858520215680888,1.5107373202058194,-0.14852797092800102,0.9959137665298592,-1.3303311070773085,1.4855845821839624,-1.5466641083860964,-0.8073346176065429,-2.297295167355758,-1.8513788686746397,1.4485144906513248,2.764304203342655,-0.16389105936289447,0.7837431084602592
-1.2642563932302593,1.730271537986461,-0.21878644526431082,0.29753126363762183,1.988555424539445,-0.7804712996581961,2.1294424664636034,1.1814899389411833,1.8348945395347225,4.133761870704196,2.382536836154372,1.6501702674686616,1.8861064952660145,3.420450507894183,2.360186118990494,2.8160377372259418,-2.131968407522935,3.7548585398182617,-3.084320955113578,2.2219453167630756,-3.228723383845576,-0.3979577994329262,1.9961924314441306,1.3525672601728995,0.8368970219753937,-0.2314799536697048,-0.05141702928219595,1.2258982740423687,-2.7232021728240587,1.0350084812841605,-0.4531492675294806,-2.1806946122227018,0.5521146178856897,-2.0792048948572295,1.989256197088701,-1.3004713270038912,1.1709496236343127,1.217498572324472,3.4055052908489727,3.1792778759318763,-2.0368043949660297,-4.287971345947404,-0.06821275007843235,-1.0358077922063333
1.1145941142080507,-1.1963046536074613,0.15133942505535353,-0.4240720940628777,-2.289901981446372,0.8812617886771098,-1.797768672908322,-1.5206026639890502,-1.9104732019674315,-3.407516836464522,-1.8101109173289527,-1.5819244331116993,-1.6620199757744478,-3.3157142798947827,-1.7647444351434685,-1.8677123448462138,1.162939163268938,-3.084320955113578,3.1881565366870586,-1.8384379542717877,2.345942901961559,0.11077352477125703,-1.7436643272119583,-1.5494570570808033,-0.6409616412314012,0.16104471943383825,0.2442591844961635,-0.8162530808091125,2.1511693000387373,-0.2568677006669432,-0.017270509403919176,1.5395798200505117,-0.5879170621171896,1.7226640663153276,-2.119708564506053,0.6818026868677347,-0.470525530710938,-0.9129940511064333,-2.577996826245103,-2.5632504569919976,1.5403508934400056,3.36725728550119,0.3856637208311102,0.7988340813495751
-0.9323147153982865,1.6566797802465236,-0.7417515037765918,0.06677951409374419,1.4543869199720676,-2.145071186840335,1.126362279104622,0.9597021339400922,1.3130194364319976,3.2834603383865786,1.6864713786191712,0.693988741743738,2.047578122990496,1.9361724622205714,1.1830029640188489,2.113031399225277,-0.963232570211392,2.2219453167630756,-1.8384379542717877,2.915021374221777,-2.8872156024712106,-0.6710320159850753,0.4908735747267816,0.17597834848282237,0.02093804814456536,-0.2487348108071436,-0.11698247702377966,0.6638451083852581,-1.602620395315359,1.1626365245400923,-1.230456487941348,-1.1772620719550557,0.727277851199469,-2.258792314554445,0.05298693622055411,-0.8188588770444984,0.16467208742155226,0.785530567161394,2.3586445689914064,2.500963419405542,-1.840588298829522,-2.062298891129137,0.3495981307111382,-0.3308601017926318
1.1061998515888423,-1.995817924558886,0.5444871682760937,-0.16876479245125142,-1.563534293472492,1.5145796534022224,-1.7942345556069603,-0.8904177665144131,-1.5070404048798947,-4.045256895777664,-2.318071215678302,-1.1157217242555626,-2.076886246023244,-2.662519170436496,-2.0422254820137007,-2.968601836699015,1.956628525742229,-3.228723383845576,2.345942901961559,-2.8872156024712106,3.5575027613225156,0.6679718180894878,-1.2334420777125614,-0.5967691700961818,-0.46958741534808696,0.23838133667028605,-0.03176060444564133,-1.1121614826630106,2.3615401741705546,-1.5275609128119831,1.1857669426434223,1.959738330246575,-0.63902956663948,2.4081173540119427,-0.7328848739465575,1.31109535143982,-0.9703764464639526,-1.1396083695653287,-3.2345593411548372,-3.160306572666127,2.196628947242494,3.573302310485247,-0.3549096453878371,0.7087562736820815
0.4606461454976569,-0.5055580672501474,0.30754152101630783,0.3740288670541785,-0.03800131904527118,0.6864064093774417,-0.047463806502405566,-0.12574098239402204,-0.0903028286713716,-0.7785826013045124,-0.30004234358779286,-0.06462898200291714,-0.7066552374666045,-0.06413241765337123,-0.06441874588328139,-0.36758665406131125,0.4784633438107231,-0.3979577994329262,0.11077352477125703,-0.6710320159850753,0.6679718180894878,0.4256478508384424,-0.11868872738301754,0.21521560525953623,-0.03567058250299279,0.27198387770584154,0.04319627532226247,-0.174669955001796,0.37702193181413873,-0.4391528032786945,0.2969119892452508,0.21894568599465505,-0.19989121886946998,0.5297151391373114,-0.06489919211897412,0.5544737060817996,-0.18462753718827227,-0.15170373191069933,-0.6567701545649128,-0.5208122614036084,0.5912714373701928,0.15481135550692207,-0.18192440394507067,0.17064507179634278
-0.8985183507684206,0.7254169752738338,0.10986521579948992,-0.026388201930740113,1.019842878854068,0.21848576874684533,1.1821106939226085,0.6838520286449912,0.8728734459549268,1.9432458764347418,1.076142245426266,1.0853165101987259,0.8071944686433936,1.8778019422450158,1.21007303933869,1.1136723171698915,-1.4242439548574235,1.9961924314441306,-1.7436643272119583,0.4908735747267816,-1.2334420777125614,-0.11868872738301754,1.5713457492037701,1.107614213240518,0.7637156901056769,-0.23495522000586397,-0.03981382170364747,0.6192794530878742,-1.5209069455373896,0.17678189964317567,0.44238225249015095,-1.154933439346184,0.1722779566875706,-0.6730951305537947,1.9773962722368,-0.8925000477398877,0.9584017649100661,0.628564791771052,1.7801423385989033,1.4631583361122749,-0.9787741616197759,-2.4417538367659053,-0.2834969458716098,-0.7517057243631867
-0.43392415569402853,0.2429834706483992,0.23105671250611792,0.29926462910284524,1.0557615439784618,0.3313897602801716,0.9244144641643188,0.6825264634274198,0.8158905441757176,1.1694273182006278,0.6678062064801698,0.8642860750522539,0.32067094740238344,1.6316894898219054,0.8685069354355753,0.5977113950622039,-0.5710370473475486,1.3525672601728995,-1.5494570570808033,0.17597834848282237,-0.5967691700961818,0.21521560525953623,1.107614213240518,1.1016517325852524,0.5036418875849947,0.009732804105947396,-0.0783410194490098,0.3271673937255894,-0.9403757747912852,-0.24869668101195566,0.5199669315213264,-0.7068185363348466,0.09922141962281786,-0.34220740723193077,1.5183392725950984,-0.20166636386975834,0.4155119385880787,0.388299991577943,0.9637917248769912,0.89926154112151,-0.42006213480706356,-1.7686901385831164,-0.39503848009110926,-0.4265377815767525
-0.372746531438918,0.3108250039584663,0.11482068046218849,-0.049926071223476844,0.28835410456534244,0.3383002777703304,0.5589924212317972,0.1937257595863657,0.24820028363926244,0.7313509210393827,0.449626029883786,0.44568370105438737,0.2516447466539105,0.7078301303379626,0.580488648045663,0.4794253184976743,-0.8007187324608982,0.8368970219753937,-0.6409616412314012,0.02093804814456536,-0.46958741534808696,-0.03567058250299279,0.7637156901056769,0.5036418875849947,0.44213756575203855,-0.1109630136120031,0.029597579154443193,0.28837842982303524,-0.6451193497261863,0.10922817426147496,0.2686457767196391,-0.5504260312857016,0.006190512263275448,-0.16217324550947398,0.9320365567269011,-0.48818167066345897,0.6178701069408935,0.2753319782259492,0.774751775122085,0.5850070305308132,-0.4005681235292947,-1.1611189879039605,-0.11185075767234334,-0.3534482292384352
0.43088727887938516,-0.25928300287420614,0.1697366120415316,0.3480873436831334,-0.0758780387256861,0.3743971692436565,-0.009188006136243343,-0.18933977560943555,-0.06430222736213813,-0.44702697245200634,-0.09488912244748678,-0.12227956286759456,-0.49826490756953684,-0.07021321952543251,0.05112962671923608,-0.0046418435286434126,0.3322109711506842,-0.2314799536697048,0.16104471943383825,-0.2487348108071436,0.23838133667028605,0.27198387770584154,-0.23495522000586397,0.009732804105947396,-0.1109630136120031,0.2581650107942407,0.0835076827255885,-0.06626827590830968,0.24643315473073152,-0.10673781867130595,-0.06308366129977917,0.07674832576797819,-0.13482660836385568,0.23421250666570567,-0.4019662227494921,0.42602675854660704,-0.1406815578808931,-0.0648731608517756,-0.40558209955029273,-0.2575540023283126,0.36895662894935194,0.03226404190712282,-0.004493624518528708,0.1792286596773786
0.14691938643036298,0.017400757173214466,0.08991405495020027,0.06851248498192371,-0.23719524451406618,0.3062758053428131,0.06069149877167517,-0.25436677141739433,-0.1719994183655447,-0.14951710956484254,0.04710270845302192,-0.09671802722831653,-0.24306458968664243,-0.14334734369455776,0.10717166025472172,0.1749233157856287,-0.18601585303431048,-0.05141702928219595,0.2442591844961635,-0.11698247702377966,-0.03176060444564133,0.04319627532226247,-0.03981382170364747,-0.0783410194490098,0.029597579154443193,0.0835076827255885,0.13699072595694,0.03439875412929643,0.016095259744943462,0.13930232917708116,-0.0915275195467029,-0.08985907523321551,-0.11188366666399968,0.1118755942970374,-0.21646698685437082,-0.030001420996669095,0.2213833909550889,0.040795517123743956,-0.034115887860045144,-0.03684073500375621,0.04647505593997828,-0.174108158868978,0.09457365500651226,0.026292570286770553
-0.35776253990777684,0.5906267360927389,-0.06286428812107814,0.058222442200439074,0.45702439010493867,-0.16103443192993164,0.6586365959148968,0.23180611812045057,0.47735583120106545,1.2982727537210446,0.7959737828636221,0.4661681188300252,0.5455706408053448,0.9520227489007843,0.8307744821840157,1.0420534383227966,-0.8154224560984291,1.2258982740423687,-0.8162530808091125,0.6638451083852581,-1.1121614826630106,-0.174669955001796,0.6192794530878742,0.3271673937255894,0.28837842982303524,-0.06626827590830968,0.03439875412929643,0.5008771191256854,-0.883062602798374,0.5030569066508217,-0.24953073679630916,-0.7821797527001725,0.13404739162355064,-0.6454757660086304,0.5083509536415246,-0.5018628735293864,0.5014165804512668,0.4035580669940887,1.1292979867040673,1.0090770590701554,-0.644714980564989,-1.4268968235008,0.07443305634161751,-0.35092271450948065
1.051082971141254,-1.307739153515196,0.17328858200592817,-0.0734099329396627,-1.3525818498775908,0.5499193355270114,-1.5167277041984442,-0.8167550129897966,-1.268575349800559,-3.06088206286309,-1.7320250476708947,-1.2143263947790544,-1.4234259257881003,-2.417593963262266,-1.6650242448258823,-2.0314465923131335,1.7360359420665117,-2.7232021728240587,2.1511693000387373,-1.602620395315359,2.3615401741705546,0.37702193181413873,-1.5209069455373896,-0.9403757747912852,-0.6451193497261863,0.24643315473073152,0.016095259744943462,-0.883062602798374,2.0584052590151414,-0.7981541455585104,0.28540789819631623,1.6145850974703508,-0.3944969100144256,1.515873327004821,-1.5670614773796565,1.121988922916227,-0.9860900384765291,-0.9169586079333103,-2.57628641568363,-2.3232930361113646,1.5842887733575455,3.1101740291662265,0.032083271098948325,0.8168063357806196
-0.2849072224328693,0.8923786154923077,-0.29383196846945575,-0.08022609904986953,0.04032725815449284,-0.5914071469625362,0.5224773665867384,-0.08286724048001262,0.21972356852628344,1.4153548950677817,0.9048697491722758,0.12961648254541921,0.740424641936981,0.4449252938005674,0.7700252825135679,1.3582917153262175,-0.99342253606111,1.0350084812841605,-0.2568677006669432,1.1626365245400923,-1.5275609128119831,-0.4391528032786945,0.17678189964317567,-0.24869668101195566,0.10922817426147496,-0.10673781867130595,0.13930232917708116,0.5030569066508217,-0.7981541455585104,1.0574430055648552,-0.8722086316476403,-0.8101088583469603,0.16786217541310225,-0.928300903034917,-0.3589578441174246,-0.7028798861383394,0.5825204307929343,0.4317161736794748,1.2453305731303503,1.1412011253157777,-0.882524497729601,-1.1723705733766292,0.4315738013990904,-0.21900694641115717
-0.10352247066776385,-0.6157933943428595,0.36092698195405565,-0.14645279431390998,-0.03051296648607847,0.8993816429091827,-0.19823820322587135,0.11357192432526789,-0.18302979299999567,-0.8898712084994742,-0.6088949530074937,0.16525167727765,-0.5311945122922801,-0.12275127901547107,-0.39305790126045737,-1.0084442016667574,0.1858520215680888,-0.4531492675294806,-0.017270509403919176,-1.230456487941348,1.1857669426434223,0.2969119892452508,0.44238225249015095,0.5199669315213264,0.2686457767196391,-0.06308366129977917,-0.0915275195467029,-0.24953073679630916,0.28540789819631623,-0.8722086316476403,1.1013277802440575,0.37138197220641317,-0.19016733379183554,0.8553592352811009,1.1175224517613533,0.13281690245692523,0.051695159427801694,-0.2234841282430465,-0.5970325922008103,-0.7521482438680364,0.5179647039548947,0.37583545301412646,-0.45400768945430203,-0.10529501458900514
0.6218594124146292,-1.0343684293873612,0.04327843963715681,-0.20162797269044283,-0.8930260133312018,0.14006969288473695,-1.3065316721950022,-0.4345215801928223,-0.8905473965605245,-2.340117940347338,-1.45975321265508,-0.8868961429011433,-0.8982493414638567,-1.8411350285187504,-1.5307176372873557,-1.8483600306057741,1.5107373202058194,-2.1806946122227018,1.5395798200505117,-1.1772620719550557,1.959738330246575,0.21894568599465505,-1.154933439346184,-0.7068185363348466,-0.5504260312857016,0.07674832576797819,-0.08985907523321551,-0.7821797527001725,1.6145850974703508,-0.8101088583469603,0.37138197220641317,1.4337025342747265,-0.212812699233634,1.1392135289278276,-0.9939549642160966,0.8630468025429423,-0.972932992503523,-0.759318053102546,-2.040833967212143,-1.8476773168175218,1.181238499477028,2.7156625734935593,-0.07252386472162943,0.6021139129685343
-0.34939780228896145,0.38390383359962893,-0.22794732764247017,-0.06182500346498468,0.483444895747506,-0.6903219894883255,0.23145059915116128,0.39719386919174027,0.40079190930210423,0.8631754982242421,0.3600380875091725,0.2270462788251722,0.6505917225291964,0.5383257828975463,0.1824902853107384,0.3472359193043866,-0.14852797092800102,0.5521146178856897,-0.5879170621171896,0.727277851199469,-0.63902956663948,-0.19989121886946998,0.1722779566875706,0.09922141962281786,0.006190512263275448,-0.13482660836385568,-0.11188366666399968,0.13404739162355064,-0.3944969100144256,0.16786217541310225,-0.19016733379183554,-0.212812699233634,0.2486032057204168,-0.5846518619936484,0.21563011037126323,-0.222534719316781,-0.06842002767912812,0.15475416314522397,0.5835292552268427,0.6037668825372594,-0.47972652640261454,-0.3699663773631726,0.01346841826380503,-0.11540237036396578
0.8658002713255448,-1.352098344652277,0.5317785916712482,-0.04649674458262629,-1.289330807615128,1.5664828145700611,-1.0683274555149591,-0.8634917954541486,-1.1712043353541044,-2.870026290692473,-1.4855461740941547,-0.7492290814356636,-1.700521885018621,-1.8333605158404165,-1.1428169507103891,-1.7964193730135198,0.9959137665298592,-2.0792048948572295,1.7226640663153276,-2.258792314554445,2.4081173540119427,0.5297151391373114,-0.6730951305537947,-0.34220740723193077,-0.16217324550947398,0.23421250666570567,0.1118755942970374,-0.6454757660086304,1.515873327004821,-0.928300903034917,0.8553592352811009,1.1392135289278276,-0.5846518619936484,1.845039313993899,-0.4469949134289826,0.7981226516338649,-0.30111719879621573,-0.7073094041521214,-2.137431450624099,-2.1556621219135215,1.559733300045413,2.020703926458702,-0.2058257976831878,0.41264886853114663
-1.2334925514963175,0.4724240665505821,0.20280080799271633,-0.22802655938687086,1.3111687892915145,0.3445748001103405,1.1155448513124893,1.0617948486520992,1.0189228163975372,1.866462403805024,0.8313148527279001,1.366416736593444,0.893291782035377,2.1126042599865418,0.9684974305555907,0.5107365142226925,-1.3303311070773085,1.989256197088701,-2.119708564506053,0.05298693622055411,-0.7328848739465575,-0.06489919211897412,1.9773962722368,1.5183392725950984,0.9320365567269011,-0.4019662227494921,-0.21646698685437082,0.5083509536415246,-1.5670614773796565,-0.3589578441174246,1.1175224517613533,-0.9939549642160966,0.21563011037126323,-0.4469949134289826,2.9705708763533405,-0.953371497758495,0.8897507343049654,0.5474648978505382,1.7134265704262666,1.259488022325025,-0.9065432691675546,-2.2735685005741972,-0.6218422245566082,-0.9278510207782716
0.9096747626745664,-0.9392194761196441,0.23202774662019,0.4950820789747453,-0.2519371550338302,0.4113518450303902,-0.6475100230873184,-0.2641544052356729,-0.29580622612225227,-1.6679796388411172,-0.847720958151829,-0.4940627874746025,-1.0475762994298674,-0.7449948526349656,-0.6773026666518613,-0.976317876311381,1.4855845821839624,-1.3004713270038912,0.6818026868677347,-0.8188588770444984,1.31109535143982,0.5544737060817996,-0.8925000477398877,-0.20166636386975834,-0.48818167066345897,0.42602675854660704,-0.030001420996669095,-0.5018628735293864,1.121988922916227,-0.7028798861383394,0.13281690245692523,0.8630468025429423,-0.222534719316781,0.7981226516338649,-0.953371497758495,1.2172839548444303,-0.9445393176043749,-0.4811313911873978,-1.5941332654525455,-1.2227540662457443,1.1436805285596836,1.4124625413560472,-0.1472621480859724,0.5605129298782031
-0.47266022419410175,0.6410594207750658,0.14481363480977538,-0.14281161423336036,0.010037388194483863,0.5854733375014042,0.8134424754903652,-0.09068781628136595,0.0888371963584563,1.0990053952651972,0.7884576133360452,0.45381669392980767,0.27144426988927295,0.6998551546790837,0.9331285841446603,1.058178446875993,-1.5466641083860964,1.1709496236343127,-0.470525530710938,0.16467208742155226,-0.9703764464639526,-0.18462753718827227,0.9584017649100661,0.4155119385880787,0.6178701069408935,-0.1406815578808931,0.2213833909550889,0.5014165804512668,-0.9860900384765291,0.5825204307929343,0.051695159427801694,-0.972932992503523,-0.06842002767912812,-0.30111719879621573,0.8897507343049654,-0.9445393176043749,1.24363157170892,0.48224646777920166,1.2684008180311732,0.9295668954214871,-0.7300355181975715,-1.8171390560989726,0.09964639805669752,-0.4862989527796207
-0.405108659231323,0.6273413635208565,-0.06856664086721428,0.0898314308963657,0.571253353512443,-0.22299205691549126,0.7243206606779498,0.3054335784999006,0.5436464773512181,1.3739473292561328,0.8236816002455775,0.5030122802884887,0.5909317468733616,1.0678922791841696,0.8032858782842938,1.024259424414383,-0.8073346176065429,1.217498572324472,-0.9129940511064333,0.785530567161394,-1.1396083695653287,-0.15170373191069933,0.628564791771052,0.388299991577943,0.2753319782259492,-0.0648731608517756,0.040795517123743956,0.4035580669940887,-0.9169586079333103,0.4317161736794748,-0.2234841282430465,-0.759318053102546,0.15475416314522397,-0.7073094041521214,0.5474648978505382,-0.4811313911873978,0.48224646777920166,0.44038856067075716,1.1585046171640454,1.0822729486926903,-0.7214290268338616,-1.475292879670969,0.03486681158212589,-0.3292578846989242
-1.420582884392603,1.8699808286030768,-0.3921159793736676,-0.05367020666716395,1.6140836938201177,-1.070971046903152,1.8681937983543733,1.0237661425966362,1.5253851860234504,4.05222390632245,2.2374215014188774,1.407389120496481,2.079794278166721,2.857736174035619,2.05513088592665,2.6679071112235553,-2.297295167355758,3.4055052908489727,-2.577996826245103,2.3586445689914064,-3.2345593411548372,-0.6567701545649128,1.7801423385989033,0.9637917248769912,0.774751775122085,-0.40558209955029273,-0.034115887860045144,1.1292979867040673,-2.57628641568363,1.2453305731303503,-0.5970325922008103,-2.040833967212143,0.5835292552268427,-2.137431450624099,1.7134265704262666,-1.5941332654525455,1.2684008180311732,1.1585046171640454,3.399537947272598,3.080778537462018,-2.210464547121875,-3.7928836743868946,0.11009960470413499,-0.9823623933838308
-1.1666804774967119,1.7804112708526165,-0.4116712400384601,0.18309076686871265,1.723089351947383,-1.2400738007084042,1.8194877180699676,1.0533322528052371,1.5728360376444679,3.8412031404796783,2.1583402280702293,1.2666571171258245,1.9609928082898973,2.8249834945568058,1.9564817060435116,2.6021952068444736,-1.8513788686746397,3.1792778759318763,-2.5632504569919976,2.500963419405542,-3.160306572666127,-0.5208122614036084,1.4631583361122749,0.89926154112151,0.5850070305308132,-0.2575540023283126,-0.03684073500375621,1.0090770590701554,-2.3232930361113646,1.1412011253157777,-0.7521482438680364,-1.8476773168175218,0.6037668825372594,-2.1556621219135215,1.259488022325025,-1.2227540662457443,0.9295668954214871,1.0822729486926903,3.080778537462018,2.981548387185762,-2.038098924495116,-3.552026140120319,0.12097392484774805,-0.7724911887586761
1.0613642289227803,-1.3599138119648064,0.4258847935743612,0.2101368701288956,-1.015403838181823,1.1390851231294399,-1.0811029762693614,-0.7221305771449485,-0.9271188287161506,-2.7086420154044704,-1.3976145211845152,-0.781810184861318,-1.6104058514964887,-1.6445600030628804,-1.098438558220501,-1.6438076807327417,1.4485144906513248,-2.0368043949660297,1.5403508934400056,-1.840588298829522,2.196628947242494,0.5912714373701928,-0.9787741616197759,-0.42006213480706356,-0.4005681235292947,0.36895662894935194,0.04647505593997828,-0.644714980564989,1.5842887733575455,-0.882524497729601,0.5179647039548947,1.181238499477028,-0.47972652640261454,1.559733300045413,-0.9065432691675546,1.1436805285596836,-0.7300355181975715,-0.7214290268338616,-2.210464547121875,-2.038098924495116,1.6082150252095475,2.124955919120899,-0.1622099770503687,0.5680699079322149
1.127041682799277,-1.868231850457022,-0.09145527688322624,-0.643623346594664,-2.0477812521575727,-0.0520377956004259,-2.7485395660020666,-1.0142325304338924,-1.8892937697446908,-4.382867301334008,-2.8002845463380246,-1.8707077189162953,-1.5216652265590669,-3.9481038121358383,-3.0505214838588244,-3.4522235089456577,2.764304203342655,-4.287971345947404,3.36725728550119,-2.062298891129137,3.573302310485247,0.15481135550692207,-2.4417538367659053,-1.7686901385831164,-1.1611189879039605,0.03226404190712282,-0.174108158868978,-1.4268968235008,3.1101740291662265,-1.1723705733766292,0.37583545301412646,2.7156625734935593,-0.3699663773631726,2.020703926458702,-2.2735685005741972,1.4124625413560472,-1.8171390560989726,-1.475292879670969,-3.7928836743868946,-3.552026140120319,2.124955919120899,5.547129484568348,0.08126951361865153,1.1449124680213518
0.06719540475262847,0.23470636548290555,-0.14673165629149407,-0.07585973900973435,-0.29904663925565617,-0.2550636727082204,-0.07350457811648382,-0.24845468827372671,-0.18688270114528222,0.10485138853290818,0.11011619785843885,-0.23435362723739828,0.09901249472595078,-0.33916315609929965,0.024942470364273314,0.32289025221762635,-0.16389105936289447,-0.06821275007843235,0.3856637208311102,0.3495981307111382,-0.3549096453878371,-0.18192440394507067,-0.2834969458716098,-0.39503848009110926,-0.11185075767234334,-0.004493624518528708,0.09457365500651226,0.07443305634161751,0.032083271098948325,0.4315738013990904,-0.45400768945430203,-0.07252386472162943,0.01346841826380503,-0.2058257976831878,-0.6218422245566082,-0.1472621480859724,0.09964639805669752,0.03486681158212589,0.11009960470413499,0.12097392484774805,-0.1622099770503687,0.08126951361865153,0.27952314763239283,0.08787355428689236
0.5085542791481572,-0.42443833060141195,0.014878345094434852,0.11387360258958766,-0.4332937847574094,0.038648928511484146,-0.534861472074856,-0.3099541513937972,-0.42314486776877475,-1.0719584948388745,-0.5806120462412225,-0.5261724887915915,-0.5303432012714036,-0.8702310551763386,-0.5747733755003606,-0.5977574921392584,0.7837431084602592,-1.0358077922063333,0.7988340813495751,-0.3308601017926318,0.7087562736820815,0.17064507179634278,-0.7517057243631867,-0.4265377815767525,-0.3534482292384352,0.1792286596773786,0.026292570286770553,-0.35092271450948065,0.8168063357806196,-0.21900694641115717,-0.10529501458900514,0.6021139129685343,-0.11540237036396578,0.41264886853114663,-0.9278510207782716,0.5605129298782031,-0.4862989527796207,-0.3292578846989242,-0.9823623933838308,-0.7724911887586761,0.5680699079322149,1.1449124680213518,0.08787355428689236,0.43112214781872504
