V1,V2,V3,V4,V5,V6,V7,V8,V9,V10,V11,V12,V13,V14,V15,V16,V17,V18,V19,V20,V21,V22,V23,V24,V25,V26,V27,V28,V29,V30,V31,V32,V33,V34,V35,V36,V37,V38,V39,V40,V41,V42,V43,V44
1.5692754114536993,-1.9757525577021524,0.34335094374247416,-0.10227882195697384,-2.0075926328532807,1.0994869103131901,-2.1448875001923997,-1.1302564468954726,-1.7743763772453112,-4.365522371807427,-2.434234063070246,-1.5287157166883127,-2.218964590679207,-3.3060500204466234,-2.360370167581913,-2.910475352601242,2.4176869907853162,-3.7258748702245668,2.9569174549919954,-2.4843426368201764,3.590627993882027,0.6736642088859465,-1.9598739154246416,-1.172137697404454,-0.8614062073539137,0.2918170056683017,0.006745931970249936,-1.2339029851536958,2.8053306004045084,-1.2944166825460837,0.6706261151118428,2.2955760455775627,-0.5158632900145576,2.3834496690912306,-2.029019256686868,1.565040612599261,-1.3110017006072079,-1.356235766568417,-3.67315727733114,-3.385527993503892,2.4274212484446336,4.287443231086202,-0.07339285569109277,1.0703112499872522
-1.9757525577021524,2.9611218178315704,-0.700711613152567,0.2371961050604456,2.863929786529506,-2.1358260722564206,3.007803788416787,1.8780851181651645,2.676477991998523,6.571625660878155,3.661081403556569,2.205376012662833,3.3042327841506838,4.787413146976681,3.2491010960267586,4.319944333811308,-3.063318974128213,5.435481219548062,-4.3816556728958655,4.208832993270788,-5.269599848952022,-0.8469821075991584,2.5064155179153342,1.581986062233996,0.9385047069956249,-0.5422814028948604,-0.14014860468434492,1.71259740526508,-3.9360251003739486,1.8308662628755228,-1.2009600851952984,-3.076939769928161,1.0992706979072067,-3.5963742588173515,2.1797266085480307,-2.1138252593647113,1.5572950285831821,1.7461662610271949,5.158180899040296,4.992711043875632,-3.386615119511556,-5.9560706117399285,0.13065306738579519,-1.3224672488119593
0.34335094374247416,-0.700711613152567,0.33243914864450996,-0.1901790817990427,-0.8794118000530616,1.029275456956649,-0.5875689850858481,-0.5574374208627157,-0.7736323717640641,-1.5289018458367105,-0.7894943294442469,-0.3997773069834204,-0.9553706819192919,-1.0844442155614922,-0.5559228268570304,-0.9711200349868531,0.2488504315919718,-1.106136826698438,1.0945347664770053,-1.3924889310746043,1.2936209697987282,0.2142586691084261,-0.21294223359270406,-0.2031252343978115,-8.804833609510479e-5,0.029311914907652666,0.08773459951009724,-0.2841084492291136,0.740655614013177,-0.46592711764701045,0.5187202597632471,0.501358911629432,-0.40130890083176507,1.0279473969796422,-0.022586111664198334,0.1751900737102473,0.06332812810974468,-0.33440054875535613,-1.0477880567869073,-1.1722253917456225,0.7782579122523404,0.9579648028018395,-0.12860504527825878,0.13178485400303994
-0.10227882195697384,0.2371961050604456,-0.1901790817990427,0.17425039606463702,0.5287143988432976,-0.5457743952124228,0.1870522259004114,0.18601713762264552,0.3799273963808909,0.36714482008891985,0.1450437300255467,0.10056450037261543,0.48503704800832076,0.34895258506350263,0.06918828429081893,0.3363577253168913,0.0898077989529062,0.26241494597728643,-0.44582758925968946,0.6172270785011331,-0.43563920357473185,-0.14734662601513474,-0.08925107330115843,-0.029944571721955637,0.024166765404059903,0.18038873404128544,0.03745527605067772,0.09189472857543056,-0.20814201789303705,0.33489630804778797,-0.2096516552536703,-0.053154832254303744,0.17783583764151054,-0.4131870397061827,-0.13196796678460923,0.17964227081534562,-0.21973233162035774,0.1506001777655327,0.3490982624804535,0.38140698509810567,-0.298950834391172,-0.03151948574762975,0.2264839086446587,-0.023658459598021663
-2.0075926328532807,2.863929786529506,-0.8794118000530616,0.5287143988432976,3.587497311610072,-2.6879899155315927,2.885485826748005,1.8082426345588343,2.9796266162803655,5.94952625885212,3.197653967862713,2.0120687728635085,3.736218749827922,4.676871621265169,2.853113815432613,4.1678011318338495,-2.4674614049664862,4.920117614052869,-4.480900739255346,4.45213760530318,-5.165477442125947,-1.1305563115333057,1.9851859425172294,1.2480854977725608,0.9715545689526864,0.057690915482172485,0.052344549747499906,1.6205236214577874,-3.7055327426312696,2.266249576374629,-1.3268859403286144,-2.7201320037520107,1.0651739033086567,-3.79099018711123,1.9093694882685872,-1.3649672493988922,0.8896159782773889,1.8744267376212613,5.060248929452376,4.826785688221026,-3.4950384673268537,-4.993798604563793,0.5955252107299063,-1.243041029178869
1.0994869103131901,-2.1358260722564206,1.029275456956649,-0.5457743952124228,-2.6879899155315927,3.4099268538579275,-1.721783340878622,-1.847252799222291,-2.357981479834989,-4.940955318671553,-2.5319629617201773,-1.1248711108854093,-2.8747406313235446,-3.4241601203357193,-1.8016977357714163,-2.887612996135109,0.5878538245312603,-3.3498418465011306,3.2814094526878312,-4.379187684376537,4.131047202296815,0.6216506708900543,-0.5823033566660273,-0.585716659560232,0.2586507830727837,0.24764255944622254,0.4245626006279209,-0.823119778595241,2.185348628352204,-1.1256201494133382,1.8613253853932383,1.6305934422888493,-1.1462212942818273,3.431147829665881,-0.0491514694662306,0.6326856819017789,0.42308704258182606,-1.0403485000868091,-3.1135683573253616,-3.667246968083283,2.3882609768562966,3.066074134589649,-0.1317704869650028,0.3048695662191047
-2.1448875001923997,3.007803788416787,-0.5875689850858481,0.1870522259004114,2.885485826748005,-1.721783340878622,3.1995917642510103,1.7561975381584316,2.6598354575496566,6.569704524254461,3.692649340011967,2.347743437908103,3.307021570128545,4.898304663247347,3.4285267677067734,4.457455387457575,-3.527941343405003,5.630141362685592,-4.468238764868513,3.933406960678772,-5.283153199426139,-0.9171518417254937,2.857540383781023,1.7215117950873982,1.2599764433118523,-0.4804285180354554,-0.02251323011206598,1.8473545932302198,-4.184345857912662,1.9831855403476584,-0.9604338622056602,-3.301671322939224,0.9870247220413289,-3.477641210806965,2.6824270378270754,-2.3120767776018294,1.9371915084626166,1.8982695869191912,5.461852301804608,5.0693472239672,-3.5079638081214655,-6.308929334143906,0.18389172647350627,-1.5378698925878287
-1.1302564468954726,1.8780851181651645,-0.5574374208627157,0.18601713762264552,1.8082426345588343,-1.847252799222291,1.7561975381584316,1.4219613212061644,1.7324842378153542,4.416094951538171,2.4162610657446786,1.2809048795059645,2.0846193593112234,3.078345544053933,2.0307094787302886,2.6752427478269536,-1.5278084433449535,3.3560481173660213,-2.710511527706986,3.0433215031750436,-3.4970853478087935,-0.43758028125760223,1.3180754002097717,0.8758181003676823,0.20667817214117717,-0.4992732343732591,-0.25401660314856583,1.0320071315276105,-2.3248665563528346,0.8943449412877175,-1.115924462356422,-1.8695600327549442,0.7869131291511022,-2.608162179527838,0.9525938904034734,-1.2809094232653928,0.5525619900884632,1.0317252814256883,3.0419381109888146,3.231649746492979,-2.052853595259082,-3.6690891186402275,-0.09002029170789716,-0.6296560944173757
-1.7743763772453112,2.676477991998523,-0.7736323717640641,0.3799273963808909,2.9796266162803655,-2.357981479834989,2.6598354575496566,1.7324842378153542,2.6281253496650705,5.7522070403053975,3.139735561651291,1.9082309935477983,3.2677917118437048,4.31509590552255,2.7437219095860668,3.8813075982870315,-2.4013083200675296,4.723540010886349,-4.072624646423475,4.095239949690192,-4.815289747665034,-0.8915195284499946,1.9424300102799714,1.265311339964426,0.7873224494329129,-0.22679791836302216,-0.05781329893537938,1.507005022050241,-3.4496536067878627,1.8903789480004176,-1.23049620139501,-2.571374847102087,1.0579945958543078,-3.4280725814210316,1.6929851025248124,-1.5066561901866267,1.016848750029791,1.6155420076365599,4.6065151093353665,4.500661199661405,-3.1414446911610105,-4.904295281223643,0.3638890952852979,-1.1183405747887456
-4.365522371807427,6.571625660878155,-1.5289018458367105,0.36714482008891985,5.94952625885212,-4.940955318671553,6.569704524254461,4.416094951538171,5.7522070403053975,15.300161481221332,8.490112434197918,4.772812966914767,7.038874527301389,10.76152789475343,7.4486166731528645,9.496591439219051,-6.734731221942935,12.191897244833976,-9.559343079060158,9.465751295531971,-11.971439338138072,-1.6335407107454012,5.637125280776622,3.5768731427011926,1.6239593492363624,-1.734740561160033,-0.6923716581595293,3.6427457387894115,-8.637404148527827,3.3168689567973764,-3.056855222970438,-7.13402473796191,2.386663709669853,-8.271169888122362,4.770008739467586,-5.141294433150431,3.406890787167849,3.7811607152901954,11.299034997821131,11.263407059733835,-7.419762108668001,-13.763908328838555,-0.3537878909600579,-2.737276908370017
-2.434234063070246,3.661081403556569,-0.7894943294442469,0.1450437300255467,3.197653967862713,-2.5319629617201773,3.692649340011967,2.4162610657446786,3.139735561651291,8.490112434197918,4.758712860684348,2.724217898804676,3.834549097908061,5.987007312000074,4.199280047547427,5.311960184202365,-3.914810302949977,6.854998327376426,-5.28848639900995,5.125556318534215,-6.589873283325365,-0.8952151790584064,3.2698531495337497,2.0517682505897405,0.9886390638181807,-1.0150060493175623,-0.35573955055575135,2.080894875954376,-4.874457158978414,1.8533757921341543,-1.5795258235527876,-4.007218580234299,1.3088019791700667,-4.493533484788256,2.7870770844259547,-2.9833285464859016,2.0642968939527537,2.09632647142514,6.338966367987701,6.246129503839688,-4.105204256382573,-7.8064082102236405,-0.21684184873077672,-1.5874136856494374
-1.5287157166883127,2.205376012662833,-0.3997773069834204,0.10056450037261543,2.0120687728635085,-1.1248711108854093,2.347743437908103,1.2809048795059645,1.9082309935477983,4.772812966914767,2.724217898804676,1.7829176463699328,2.359362330330621,3.5683580549755947,2.533938735208821,3.2920095460227037,-2.6673760454265767,4.176763203132065,-3.227957350459381,2.818936590899411,-3.8162476004631967,-0.6390844132363015,2.1498664067988034,1.2943799492790906,0.948260981211808,-0.40182879903695584,0.024516418929484647,1.4291705759110434,-3.1043149538259796,1.4851334251610928,-0.6221518597722556,-2.3855045789338085,0.7545269295230842,-2.4764030335797074,1.9634791864883794,-1.7486610352505199,1.5054353013086623,1.3625212436488787,3.9884278208493287,3.6869115639445593,-2.520450496842002,-4.6876213209322515,0.15651023257629357,-1.156696075383049
-2.218964590679207,3.3042327841506838,-0.9553706819192919,0.48503704800832076,3.736218749827922,-2.8747406313235446,3.307021570128545,2.0846193593112234,3.2677917118437048,7.038874527301389,3.834549097908061,2.359362330330621,4.091372821012117,5.3120427294785095,3.346549619315467,4.797609475205048,-3.002394338043636,5.82809966446433,-5.075596456829362,5.021430052461257,-5.919211255706398,-1.1425580667440751,2.409799043559108,1.572981003478437,1.04667647020783,-0.2094611596022515,-0.041882626002285636,1.8174483724103774,-4.2708644511214375,2.4137420234264604,-1.4668529359541336,-3.173265315224241,1.3000296892704233,-4.166225501719471,2.139940557422256,-1.810291919123563,1.3202583176120828,2.001771220712122,5.744649841521057,5.546473999115011,-3.9265947096413942,-6.0047102521611535,0.510129567796523,-1.4021582367009686
-3.3060500204466234,4.787413146976681,-1.0844442155614922,0.34895258506350263,4.676871621265169,-3.4241601203357193,4.898304663247347,3.078345544053933,4.31509590552255,10.76152789475343,5.987007312000074,3.5683580549755947,5.3120427294785095,7.8840910706968295,5.392827384823644,6.99482084545374,-5.054928285434798,8.814819587262939,-7.0605481184599155,6.745883383079104,-8.605070136679755,-1.3919766458406642,4.18802088373099,2.5611601207841943,1.5176581316773208,-0.9175889058418917,-0.2542029982955927,2.8088837940732883,-6.431883212832031,2.8241855719379534,-2.0039370341870515,-5.168073326613456,1.6459025453811118,-5.983705878428467,3.7810360595371884,-3.572946233684417,2.4968781584463264,2.940526756336033,8.459351543806491,8.161447485612774,-5.520843915811253,-9.879101648857057,0.060163882585437416,-2.1760703853877628
-2.360370167581913,3.2491010960267586,-0.5559228268570304,0.06918828429081893,2.853113815432613,-1.8016977357714163,3.4285267677067734,2.0307094787302886,2.7437219095860668,7.4486166731528645,4.199280047547427,2.533938735208821,3.346549619315467,5.392827384823644,3.9778858328880617,4.7817320040030955,-3.916985383689301,6.220835414108723,-4.663544637694077,4.1804432140725245,-5.9160419411977925,-0.8501447737673232,3.2211720913570856,1.952834283148419,1.1403805399827405,-0.8510754439394691,-0.15326789760401516,2.1142508827865223,-4.55322877108098,1.7912262833771304,-1.2037100972979569,-3.7459990129821623,0.9819556887851523,-3.9513451746671793,3.013375099164549,-2.8207762179045752,2.1246955930881772,2.0706445423928286,5.785938483439985,5.571327874984834,-3.7351881827908713,-7.268082728806937,-0.12372327719168152,-1.6463025739386334
-2.910475352601242,4.319944333811308,-0.9711200349868531,0.3363577253168913,4.1678011318338495,-2.887612996135109,4.457455387457575,2.6752427478269536,3.8813075982870315,9.496591439219051,5.311960184202365,3.2920095460227037,4.797609475205048,6.99482084545374,4.7817320040030955,6.3618197726024315,-4.667602729353395,7.977459498997033,-6.394170875835755,5.998371365269258,-7.623023078435387,-1.2527119902234198,3.8025906900405935,2.3428725901659897,1.5351245056699472,-0.7365610222132364,-0.11401206656446591,2.5862988402430256,-5.842951692266134,2.7710264379221154,-1.5992757287006103,-4.545125380905025,1.5742506700898553,-5.156106196852309,3.357614092363584,-3.1422306244477607,2.4240475623209594,2.608414174442841,7.636092899306166,7.276648551985119,-4.9416827984233285,-8.782854274235167,0.26126487574822693,-2.0256889214770135
2.4176869907853162,-3.063318974128213,0.2488504315919718,0.0898077989529062,-2.4674614049664862,0.5878538245312603,-3.527941343405003,-1.5278084433449535,-2.4013083200675296,-6.734731221942935,-3.914810302949977,-2.6673760454265767,-3.002394338043636,-5.054928285434798,-3.916985383689301,-4.667602729353395,4.648104037119762,-6.14858084172921,4.436482066564157,-3.1562372698780763,5.271872922785896,0.8803384595903512,-3.728868586372554,-2.1391226578293066,-1.7789835918069565,0.7024599947463316,-0.11155365898664685,-2.126100929212045,4.676446191015088,-1.9893855436638943,0.4378269067795689,3.8264402580085095,-0.7508929220955183,3.0934887042797965,-3.7335737294764004,3.0293116793726242,-2.971395578540127,-2.073818179223254,-5.9299967458203575,-5.178537042444524,3.614067219361863,7.371972028905238,-0.022250248404633872,1.9494051504859788
-3.7258748702245668,5.435481219548062,-1.106136826698438,0.26241494597728643,4.920117614052869,-3.3498418465011306,5.630141362685592,3.3560481173660213,4.723540010886349,12.191897244833976,6.854998327376426,4.176763203132065,5.82809966446433,8.814819587262939,6.220835414108723,7.977459498997033,-6.14858084172921,10.23252497312601,-7.944969825759274,7.314058589499567,-9.687346656469067,-1.468281030017974,5.0067723494633265,3.132142785313519,1.8759403841064486,-1.2119147093203213,-0.23692761930288592,3.2693635481539456,-7.4163154780549245,3.254813849161353,-1.9928151805528407,-5.890047662719015,1.9096081312389124,-6.4006063985423545,4.446256616977434,-4.272903908555051,3.3812046189486598,3.240168448560656,9.578146520882282,9.191678723488387,-6.2178176758593295,-11.487729396295537,0.08408795661602092,-2.5877047234497246
2.9569174549919954,-4.3816556728958655,1.0945347664770053,-0.44582758925968946,-4.480900739255346,3.2814094526878312,-4.468238764868513,-2.710511527706986,-4.072624646423475,-9.559343079060158,-5.28848639900995,-3.227957350459381,-5.075596456829362,-7.0605481184599155,-4.663544637694077,-6.394170875835755,4.436482066564157,-7.944969825759274,6.606278275334045,-6.2962581209154305,7.753735599196082,1.3676085911718718,-3.6055366133299938,-2.2770987976999324,-1.492326859464033,0.5812992837274741,0.14898163069153328,-2.439113358656307,5.79571921333924,-2.9002156681136917,1.7503189431049675,4.485454555703981,-1.635251029414938,5.290676042965583,-3.20079938212357,2.9082189834983474,-2.231678659806157,-2.6132269802580304,-7.714320773696728,-7.366324498221401,5.101883443612041,8.544002296636911,-0.36494051718240955,1.9576310299486053
-2.4843426368201764,4.208832993270788,-1.3924889310746043,0.6172270785011331,4.45213760530318,-4.379187684376537,3.933406960678772,3.0433215031750436,4.095239949690192,9.465751295531971,5.125556318534215,2.818936590899411,5.021430052461257,6.745883383079104,4.1804432140725245,5.998371365269258,-3.1562372698780763,7.314058589499567,-6.2962581209154305,7.000969145083911,-7.670910596367937,-1.1651704540565153,2.653507957369202,1.8289068501739711,0.6458731094198521,-0.6864899324555368,-0.424653156327129,2.1453610743852316,-5.108979065879745,2.4695767782349263,-2.396755171662939,-3.891890514330053,1.892480064814007,-5.670270974552182,1.8638405986307653,-2.34845706623284,1.0897739219397982,2.2747258519930718,6.859777353628649,7.124886734601289,-4.704013514717471,-7.529790734643874,0.24159238191132368,-1.3849606851106113
3.590627993882027,-5.269599848952022,1.2936209697987282,-0.43563920357473185,-5.165477442125947,4.131047202296815,-5.283153199426139,-3.4970853478087935,-4.815289747665034,-11.971439338138072,-6.589873283325365,-3.8162476004631967,-5.919211255706398,-8.605070136679755,-5.9160419411977925,-7.623023078435387,5.271872922785896,-9.687346656469067,7.753735599196082,-7.670910596367937,9.738834712320228,1.4583222196055197,-4.318996863191228,-2.807514968267729,-1.3706269031215528,1.0927176119511506,0.3475772073242643,-3.0896047288541606,6.94152549918745,-3.0827375265967785,2.4770650550141116,5.52357760833491,-1.9204602342396755,6.756404984492838,-3.770641350970004,3.7323011503748957,-2.528967096338609,-3.1692554532701362,-9.003162796207647,-9.008505454744185,6.094434348931999,10.67585892566617,-0.10286786872256376,2.260885691066909
0.6736642088859465,-0.8469821075991584,0.2142586691084261,-0.14734662601513474,-1.1305563115333057,0.6216506708900543,-0.9171518417254937,-0.43758028125760223,-0.8915195284499946,-1.6335407107454012,-0.8952151790584064,-0.6390844132363015,-1.1425580667440751,-1.3919766458406642,-0.8501447737673232,-1.2527119902234198,0.8803384595903512,-1.468281030017974,1.3676085911718718,-1.1651704540565153,1.4583222196055197,0.4146092133289954,-0.6918003323763785,-0.4041053139202173,-0.45795200847009854,-0.11632363247116448,-0.09104234109965671,-0.49353852075791005,1.1677548284792578,-0.7960535738743724,0.25627166720834943,0.8429878739695833,-0.24902378810647285,1.0198496615223147,-0.7854887943283487,0.4097355121429285,-0.4023019224445574,-0.6073935482379769,-1.6236562339929608,-1.4028451925991638,1.099716814451319,1.5056534362304375,-0.25000128602872623,0.46006930867571694
-1.9598739154246416,2.5064155179153342,-0.21294223359270406,-0.08925107330115843,1.9851859425172294,-0.5823033566660273,2.857540383781023,1.3180754002097717,1.9424300102799714,5.637125280776622,3.2698531495337497,2.1498664067988034,2.409799043559108,4.18802088373099,3.2211720913570856,3.8025906900405935,-3.728868586372554,5.0067723494633265,-3.6055366133299938,2.653507957369202,-4.318996863191228,-0.6918003323763785,3.045529440181899,1.7134537095544449,1.365333997028435,-0.64828583998109,0.004220016138216532,1.6858307983743896,-3.7902248348233716,1.4584452595051094,-0.44918036333976635,-3.192035704723644,0.5966673872505434,-2.626689760019563,3.0276841225045557,-2.5587376179765124,2.333531168614363,1.6843182721186492,4.8546034103575035,4.2721013635057865,-2.919968281723215,-6.098571741105363,-0.12667689384367775,-1.5399361468846708
-1.172137697404454,1.581986062233996,-0.2031252343978115,-0.029944571721955637,1.2480854977725608,-0.585716659560232,1.7215117950873982,0.8758181003676823,1.265311339964426,3.5768731427011926,2.0517682505897405,1.2943799492790906,1.572981003478437,2.5611601207841943,1.952834283148419,2.3428725901659897,-2.1391226578293066,3.132142785313519,-2.2770987976999324,1.8289068501739711,-2.807514968267729,-0.4041053139202173,1.7134537095544449,1.069956481639383,0.6897121712881181,-0.4477267638754419,-0.041217264397871475,1.0090895859580953,-2.2803786083481423,0.9337885119223587,-0.4091673397916838,-1.8533075238217132,0.47477978116258773,-1.6809961235578785,1.6157253144318808,-1.4610287267527649,1.3575952517698853,0.963817778769099,2.872326625550636,2.6702288601309028,-1.8418968876634205,-3.653381185296943,-0.035803659342066606,-0.874320048582522
-0.8614062073539137,0.9385047069956249,-8.804833609510479e-5,0.024166765404059903,0.9715545689526864,0.2586507830727837,1.2599764433118523,0.20667817214117717,0.7873224494329129,1.6239593492363624,0.9886390638181807,0.948260981211808,1.04667647020783,1.5176581316773208,1.1403805399827405,1.5351245056699472,-1.7789835918069565,1.8759403841064486,-1.492326859464033,0.6458731094198521,-1.3706269031215528,-0.45795200847009854,1.365333997028435,0.6897121712881181,1.0593874418920997,0.1457891151211404,0.297274268883197,0.7393220920189262,-1.620210884923591,1.0581180332029305,0.2831105344220247,-1.1971411160973153,0.14373816601456668,-0.6394383708705138,1.574248402118814,-0.836732810969707,1.2179902823935798,0.7807318181793185,2.135742601196725,1.4980718512686708,-1.2152387195048666,-2.1665722123152644,0.34811086510437084,-0.8404173538732038
0.2918170056683017,-0.5422814028948604,0.029311914907652666,0.18038873404128544,0.057690915482172485,0.24764255944622254,-0.4804285180354554,-0.4992732343732591,-0.22679791836302216,-1.734740561160033,-1.0150060493175623,-0.40182879903695584,-0.2094611596022515,-0.9175889058418917,-0.8510754439394691,-0.7365610222132364,0.7024599947463316,-1.2119147093203213,0.5812992837274741,-0.6864899324555368,1.0927176119511506,-0.11632363247116448,-0.64828583998109,-0.4477267638754419,0.1457891151211404,0.6579181540924,0.2944538049084104,-0.29036181319246884,0.7021825129552486,0.2521699465658938,0.3725612331189988,0.7742446763961687,-0.191423948886791,0.6959462854973764,-0.3922403050616663,0.8969835084744314,-0.4886008298299403,-0.17060775194782282,-0.7738817181674886,-0.9944611899387009,0.460814585375623,1.6905837215765702,0.5001803943785466,0.1465311012776259
0.006745931970249936,-0.14014860468434492,0.08773459951009724,0.03745527605067772,0.052344549747499906,0.4245626006279209,-0.02251323011206598,-0.25401660314856583,-0.05781329893537938,-0.6923716581595293,-0.35573955055575135,0.024516418929484647,-0.041882626002285636,-0.2542029982955927,-0.15326789760401516,-0.11401206656446591,-0.11155365898664685,-0.23692761930288592,0.14898163069153328,-0.424653156327129,0.3475772073242643,-0.09104234109965671,0.004220016138216532,-0.041217264397871475,0.297274268883197,0.2944538049084104,0.2806656859086879,0.13315078387013313,0.020820444373759264,0.3524811542123908,0.34664907473660855,0.20811916697310454,-0.09021522382698065,0.32977031178934313,0.1606252561691713,0.23434401578391145,0.10415385988221927,0.05714880647016845,-0.09280003939087156,-0.3034531684694324,0.0789789225086331,0.3702013336247118,0.34847678388898196,-0.14166582316735393
-1.2339029851536958,1.71259740526508,-0.2841084492291136,0.09189472857543056,1.6205236214577874,-0.823119778595241,1.8473545932302198,1.0320071315276105,1.507005022050241,3.6427457387894115,2.080894875954376,1.4291705759110434,1.8174483724103774,2.8088837940732883,2.1142508827865223,2.5862988402430256,-2.126100929212045,3.2693635481539456,-2.439113358656307,2.1453610743852316,-3.0896047288541606,-0.49353852075791005,1.6858307983743896,1.0090895859580953,0.7393220920189262,-0.29036181319246884,0.13315078387013313,1.3907695597712646,-2.4893942245714284,1.2660555930339634,-0.4975721101576974,-1.8289871613860809,0.5472228339333141,-2.072769195590295,1.5970706086331468,-1.3412823987184803,1.0793543311930287,1.184995801903653,3.018846780522773,2.877082061936597,-1.950534698926325,-3.698596274055045,0.22754969698504934,-0.984442168380939
2.8053306004045084,-3.9360251003739486,0.740655614013177,-0.20814201789303705,-3.7055327426312696,2.185348628352204,-4.184345857912662,-2.3248665563528346,-3.4496536067878627,-8.637404148527827,-4.874457158978414,-3.1043149538259796,-4.2708644511214375,-6.431883212832031,-4.55322877108098,-5.842951692266134,4.676446191015088,-7.4163154780549245,5.79571921333924,-5.108979065879745,6.94152549918745,1.1677548284792578,-3.7902248348233716,-2.2803786083481423,-1.620210884923591,0.7021825129552486,0.020820444373759264,-2.4893942245714284,5.50837318046773,-2.5597830638701278,1.256648302110149,4.340645369739423,-1.284333088385422,4.578207844813261,-3.5426928397509707,3.1007026320141966,-2.5663479512967693,-2.491087929589621,-7.128918029748969,-6.6466108449148935,4.5673894417315655,8.373023786435917,-0.202174777328322,2.0281681199581585
-1.2944166825460837,1.8308662628755228,-0.46592711764701045,0.33489630804778797,2.266249576374629,-1.1256201494133382,1.9831855403476584,0.8943449412877175,1.8903789480004176,3.3168689567973764,1.8533757921341543,1.4851334251610928,2.4137420234264604,2.8241855719379534,1.7912262833771304,2.7710264379221154,-1.9893855436638943,3.254813849161353,-2.9002156681136917,2.4695767782349263,-3.0827375265967785,-0.7960535738743724,1.4584452595051094,0.9337885119223587,1.0581180332029305,0.2521699465658938,0.3524811542123908,1.2660555930339634,-2.5597830638701278,1.986751209382796,-0.3644252450567393,-1.5870317751571401,0.7267876966377281,-1.967464172252863,1.4438458771133518,-0.7739076145646504,1.029601223245375,1.2266576893668188,3.332677362225168,2.9264197794376297,-2.259938704714033,-3.1085636190111727,0.8205301016667633,-1.043418160372099
0.6706261151118428,-1.2009600851952984,0.5187202597632471,-0.2096516552536703,-1.3268859403286144,1.8613253853932383,-0.9604338622056602,-1.115924462356422,-1.23049620139501,-3.056855222970438,-1.5795258235527876,-0.6221518597722556,-1.4668529359541336,-2.0039370341870515,-1.2037100972979569,-1.5992757287006103,0.4378269067795689,-1.9928151805528407,1.7503189431049675,-2.396755171662939,2.4770650550141116,0.25627166720834943,-0.44918036333976635,-0.4091673397916838,0.2831105344220247,0.3725612331189988,0.34664907473660855,-0.4975721101576974,1.256648302110149,-0.3644252450567393,1.1604362156114942,1.0858985095675469,-0.570890184849195,2.0467821953751546,-0.15256084919810317,0.6012713918578705,0.16646826849757887,-0.6010850735023758,-1.7092785871468286,-2.144205885938962,1.3302923592489992,2.072113044694262,0.1776990952971842,0.16012682810675097
2.2955760455775627,-3.076939769928161,0.501358911629432,-0.053154832254303744,-2.7201320037520107,1.6305934422888493,-3.301671322939224,-1.8695600327549442,-2.571374847102087,-7.13402473796191,-4.007218580234299,-2.3855045789338085,-3.173265315224241,-5.168073326613456,-3.7459990129821623,-4.545125380905025,3.8264402580085095,-5.890047662719015,4.485454555703981,-3.891890514330053,5.52357760833491,0.8429878739695833,-3.192035704723644,-1.8533075238217132,-1.1971411160973153,0.7742446763961687,0.20811916697310454,-1.8289871613860809,4.340645369739423,-1.5870317751571401,1.0858985095675469,3.7348447028258445,-0.8545825065901276,3.6783033225170843,-3.06335770335303,2.7871267519554728,-2.1386861754711552,-1.9857054618379937,-5.694109631344513,-5.32113272385406,3.584102205552996,7.001350819612801,0.24037234667005367,1.5687065187257718
-0.5158632900145576,1.0992706979072067,-0.40130890083176507,0.17783583764151054,1.0651739033086567,-1.1462212942818273,0.9870247220413289,0.7869131291511022,1.0579945958543078,2.386663709669853,1.3088019791700667,0.7545269295230842,1.3000296892704233,1.6459025453811118,0.9819556887851523,1.5742506700898553,-0.7508929220955183,1.9096081312389124,-1.635251029414938,1.892480064814007,-1.9204602342396755,-0.24902378810647285,0.5966673872505434,0.47477978116258773,0.14373816601456668,-0.191423948886791,-0.09021522382698065,0.5472228339333141,-1.284333088385422,0.7267876966377281,-0.570890184849195,-0.8545825065901276,0.6324844769172794,-1.3425492031429314,0.22922673192409584,-0.5203584094346232,0.30832172602099367,0.47812122322900896,1.682647615281125,1.7935193792999484,-1.1510885614724449,-1.8010620520870304,0.16746046653198923,-0.3178495968798986
2.3834496690912306,-3.5963742588173515,1.0279473969796422,-0.4131870397061827,-3.79099018711123,3.431147829665881,-3.477641210806965,-2.608162179527838,-3.4280725814210316,-8.271169888122362,-4.493533484788256,-2.4764030335797074,-4.166225501719471,-5.983705878428467,-3.9513451746671793,-5.156106196852309,3.0934887042797965,-6.4006063985423545,5.290676042965583,-5.670270974552182,6.756404984492838,1.0198496615223147,-2.626689760019563,-1.6809961235578785,-0.6394383708705138,0.6959462854973764,0.32977031178934313,-2.072769195590295,4.578207844813261,-1.967464172252863,2.0467821953751546,3.6783033225170843,-1.3425492031429314,5.052835549781603,-2.2217871399335074,2.354628575092221,-1.0967157909434058,-2.1948323898799065,-6.031925935107827,-6.217761622780785,4.118703192385964,7.01995085996055,-0.0043758318395014425,1.3643973065595634
-2.029019256686868,2.1797266085480307,-0.022586111664198334,-0.13196796678460923,1.9093694882685872,-0.0491514694662306,2.6824270378270754,0.9525938904034734,1.6929851025248124,4.770008739467586,2.7870770844259547,1.9634791864883794,2.139940557422256,3.7810360595371884,3.013375099164549,3.357614092363584,-3.7335737294764004,4.446256616977434,-3.20079938212357,1.8638405986307653,-3.770641350970004,-0.7854887943283487,3.0276841225045557,1.6157253144318808,1.574248402118814,-0.3922403050616663,0.1606252561691713,1.5970706086331468,-3.5426928397509707,1.4438458771133518,-0.15256084919810317,-3.06335770335303,0.22922673192409584,-2.2217871399335074,3.414502859348228,-2.3892421420554575,2.372115243788102,1.7282952244307763,4.570656034681835,3.7539610375499404,-2.7547907472286353,-5.642632705326194,-0.06289430403815569,-1.613729717242538
1.565040612599261,-2.1138252593647113,0.1751900737102473,0.17964227081534562,-1.3649672493988922,0.6326856819017789,-2.3120767776018294,-1.2809094232653928,-1.5066561901866267,-5.141294433150431,-2.9833285464859016,-1.7486610352505199,-1.810291919123563,-3.572946233684417,-2.8207762179045752,-3.1422306244477607,3.0293116793726242,-4.272903908555051,2.9082189834983474,-2.34845706623284,3.7323011503748957,0.4097355121429285,-2.5587376179765124,-1.4610287267527649,-0.836732810969707,0.8969835084744314,0.23434401578391145,-1.3412823987184803,3.1007026320141966,-0.7739076145646504,0.6012713918578705,2.7871267519554728,-0.5203584094346232,2.354628575092221,-2.3892421420554575,2.4205986724992656,-1.8842424458013554,-1.3013186882994232,-3.932553953921222,-3.6637284306985873,2.3324168008004267,5.404360435634518,0.489297838601979,1.1543748029702512
-1.3110017006072079,1.5572950285831821,0.06332812810974468,-0.21973233162035774,0.8896159782773889,0.42308704258182606,1.9371915084626166,0.5525619900884632,1.016848750029791,3.406890787167849,2.0642968939527537,1.5054353013086623,1.3202583176120828,2.4968781584463264,2.1246955930881772,2.4240475623209594,-2.971395578540127,3.3812046189486598,-2.231678659806157,1.0897739219397982,-2.528967096338609,-0.4023019224445574,2.333531168614363,1.3575952517698853,1.2179902823935798,-0.4886008298299403,0.10415385988221927,1.0793543311930287,-2.5663479512967693,1.029601223245375,0.16646826849757887,-2.1386861754711552,0.30832172602099367,-1.0967157909434058,2.372115243788102,-1.8842424458013554,2.244654253359168,1.011807708262233,3.198918792986664,2.580821412875325,-1.8629617665515779,-4.188086774826013,-0.04973189840432777,-1.1806865784686797
-1.356235766568417,1.7461662610271949,-0.33440054875535613,0.1506001777655327,1.8744267376212613,-1.0403485000868091,1.8982695869191912,1.0317252814256883,1.6155420076365599,3.7811607152901954,2.09632647142514,1.3625212436488787,2.001771220712122,2.940526756336033,2.0706445423928286,2.608414174442841,-2.073818179223254,3.240168448560656,-2.6132269802580304,2.2747258519930718,-3.1692554532701362,-0.6073935482379769,1.6843182721186492,0.963817778769099,0.7807318181793185,-0.17060775194782282,0.05714880647016845,1.184995801903653,-2.491087929589621,1.2266576893668188,-0.6010850735023758,-1.9857054618379937,0.47812122322900896,-2.1948323898799065,1.7282952244307763,-1.3013186882994232,1.011807708262233,1.2569482422516594,3.2447026426713177,2.9972492648126154,-2.1128068087716922,-3.690684338903693,0.16105406931406277,-0.9549535688121836
-3.67315727733114,5.158180899040296,-1.0477880567869073,0.3490982624804535,5.060248929452376,-3.1135683573253616,5.461852301804608,3.0419381109888146,4.6065151093353665,11.299034997821131,6.338966367987701,3.9884278208493287,5.744649841521057,8.459351543806491,5.785938483439985,7.636092899306166,-5.9299967458203575,9.578146520882282,-7.714320773696728,6.859777353628649,-9.003162796207647,-1.6236562339929608,4.8546034103575035,2.872326625550636,2.135742601196725,-0.7738817181674886,-0.09280003939087156,3.018846780522773,-7.128918029748969,3.332677362225168,-1.7092785871468286,-5.694109631344513,1.682647615281125,-6.031925935107827,4.570656034681835,-3.932553953921222,3.198918792986664,3.2447026426713177,9.469556117110173,8.72274571094881,-6.037224002317582,-10.752165608832302,0.24909002807026787,-2.572264937510699
-3.385527993503892,4.992711043875632,-1.1722253917456225,0.38140698509810567,4.826785688221026,-3.667246968083283,5.0693472239672,3.231649746492979,4.500661199661405,11.263407059733835,6.246129503839688,3.6869115639445593,5.546473999115011,8.161447485612774,5.571327874984834,7.276648551985119,-5.178537042444524,9.191678723488387,-7.366324498221401,7.124886734601289,-9.008505454744185,-1.4028451925991638,4.2721013635057865,2.6702288601309028,1.4980718512686708,-0.9944611899387009,-0.3034531684694324,2.877082061936597,-6.6466108449148935,2.9264197794376297,-2.144205885938962,-5.32113272385406,1.7935193792999484,-6.217761622780785,3.7539610375499404,-3.6637284306985873,2.580821412875325,2.9972492648126154,8.72274571094881,8.50413905571264,-5.734130319676533,-10.209354204486203,0.07487062722457984,-2.2060630766723315
2.4274212484446336,-3.386615119511556,0.7782579122523404,-0.298950834391172,-3.4950384673268537,2.3882609768562966,-3.5079638081214655,-2.052853595259082,-3.1414446911610105,-7.419762108668001,-4.105204256382573,-2.520450496842002,-3.9265947096413942,-5.520843915811253,-3.7351881827908713,-4.9416827984233285,3.614067219361863,-6.2178176758593295,5.101883443612041,-4.704013514717471,6.094434348931999,1.099716814451319,-2.919968281723215,-1.8418968876634205,-1.2152387195048666,0.460814585375623,0.0789789225086331,-1.950534698926325,4.5673894417315655,-2.259938704714033,1.3302923592489992,3.584102205552996,-1.1510885614724449,4.118703192385964,-2.7547907472286353,2.3324168008004267,-1.8629617665515779,-2.1128068087716922,-6.037224002317582,-5.734130319676533,4.045089220878303,6.801982974053409,-0.25516646152338407,1.5998180731567835
4.287443231086202,-5.9560706117399285,0.9579648028018395,-0.03151948574762975,-4.993798604563793,3.066074134589649,-6.308929334143906,-3.6690891186402275,-4.904295281223643,-13.763908328838555,-7.8064082102236405,-4.6876213209322515,-6.0047102521611535,-9.879101648857057,-7.268082728806937,-8.782854274235167,7.371972028905238,-11.487729396295537,8.544002296636911,-7.529790734643874,10.67585892566617,1.5056534362304375,-6.098571741105363,-3.653381185296943,-2.1665722123152644,1.6905837215765702,0.3702013336247118,-3.698596274055045,8.373023786435917,-3.1085636190111727,2.072113044694262,7.001350819612801,-1.8010620520870304,7.01995085996055,-5.642632705326194,5.404360435634518,-4.188086774826013,-3.690684338903693,-10.752165608832302,-10.209354204486203,6.801982974053409,13.546539128684111,0.41230900391855735,3.0096480783995174
-0.07339285569109277,0.13065306738579519,-0.12860504527825878,0.2264839086446587,0.5955252107299063,-0.1317704869650028,0.18389172647350627,-0.09002029170789716,0.3638890952852979,-0.3537878909600579,-0.21684184873077672,0.15651023257629357,0.510129567796523,0.060163882585437416,-0.12372327719168152,0.26126487574822693,-0.022250248404633872,0.08408795661602092,-0.36494051718240955,0.24159238191132368,-0.10286786872256376,-0.25000128602872623,-0.12667689384367775,-0.035803659342066606,0.34811086510437084,0.5001803943785466,0.34847678388898196,0.22754969698504934,-0.202174777328322,0.8205301016667633,0.1776990952971842,0.24037234667005367,0.16746046653198923,-0.0043758318395014425,-0.06289430403815569,0.489297838601979,-0.04973189840432777,0.16105406931406277,0.24909002807026787,0.07487062722457984,-0.25516646152338407,0.41230900391855735,0.6843961445235853,-0.17432644305050637
1.0703112499872522,-1.3224672488119593,0.13178485400303994,-0.023658459598021663,-1.243041029178869,0.3048695662191047,-1.5378698925878287,-0.6296560944173757,-1.1183405747887456,-2.737276908370017,-1.5874136856494374,-1.156696075383049,-1.4021582367009686,-2.1760703853877628,-1.6463025739386334,-2.0256889214770135,1.9494051504859788,-2.5877047234497246,1.9576310299486053,-1.3849606851106113,2.260885691066909,0.46006930867571694,-1.5399361468846708,-0.874320048582522,-0.8404173538732038,0.1465311012776259,-0.14166582316735393,-0.984442168380939,2.0281681199581585,-1.043418160372099,0.16012682810675097,1.5687065187257718,-0.3178495968798986,1.3643973065595634,-1.613729717242538,1.1543748029702512,-1.1806865784686797,-0.9549535688121836,-2.572264937510699,-2.2060630766723315,1.5998180731567835,3.0096480783995174,-0.17432644305050637,0.8809107803065066
