V1,V2,V3,V4,V5,V6,V7,V8,V9,V10,V11,V12,V13,V14,V15,V16,V17,V18,V19,V20,V21,V22,V23,V24,V25,V26,V27,V28,V29,V30,V31,V32,V33,V34,V35,V36,V37,V38,V39,V40,V41,V42,V43
431.9443481966829,242.7610087182126,116.61578457774424,111.725326729133,94.44767888242887,-217.78281321899283,278.8382045349046,-223.6686894665179,70.81606250061563,-33.781717725686086,-31.753852924013426,-39.128846608678515,217.09110420902743,-70.17634134418212,-101.46200580813928,57.16824008173023,-344.4047030625312,-90.87877635807355,-136.92395989369743,1.480466974849198,42.64188446268997,240.21392756095503,-55.16221601923292,180.25852931524784,-93.40308239736687,-71.03450440022159,-259.2080263126816,6.8877252850677495,184.28582878646984,-453.6876904029704,-19.891910719858657,-225.4085672101392,270.9201673562426,139.15127780149467,247.93162091853458,60.98793304057445,196.2282585642462,139.58688114393266,-229.76171047313085,174.006587893855,-162.52188670054525,73.44355852765038,-33.99232172089215
242.7610087182126,137.99177368357965,64.81303033757615,63.35263089348832,53.71696773271879,-123.40247460522168,155.35452174093422,-125.48888658342666,38.8753591811174,-18.482056654167696,-17.61508337687954,-21.458849079602754,122.18739764001712,-38.99845990312729,-57.03594106357504,31.78702440558366,-193.5848168909993,-51.436068675563476,-77.04704659479435,1.4542758744248825,24.52167521412986,134.63545442027603,-30.768154281089636,101.83332760963705,-52.11726559450663,-39.93288666678633,-146.2696660244282,3.8966614079908575,103.81440071201278,-255.68991817832307,-11.473432499395134,-126.21127406169423,152.4177562243549,77.95559263082768,140.26169705749942,34.079308329582496,109.8008726845078,78.67370995683358,-129.00324859623177,97.23668941118244,-92.22978144727232,41.27506593047374,-19.120312740310446
116.61578457774424,64.81303033757615,31.828300184947814,29.89818064324202,25.199371070454106,-58.33110654941947,75.95284226273341,-60.4982600847974,19.563798270780048,-9.361627587543262,-8.67518882559642,-10.819163101919738,58.52821886163746,-19.156697631677915,-27.391290224569197,15.587387971950376,-92.96731627787572,-24.35656519824693,-36.92884407008761,0.10812494271552417,11.244091643482816,65.03413880144714,-15.012180579794867,48.41711040926598,-25.416911919765745,-19.17744246716026,-69.6952948781167,1.855953235948394,49.63990561726413,-122.1560339099912,-5.2249203789617535,-61.08345203528407,73.09361468058174,37.67023500132428,66.50845815420769,16.561233179504168,53.213759044326146,37.57919181224674,-62.08787852249382,47.2509912802493,-43.471553132068244,19.833609153280808,-9.17902973834627
111.725326729133,63.35263089348832,29.89818064324202,29.844678879042693,24.24506186617839,-56.571712294736336,71.10588922384814,-58.06990900944152,17.422828189265243,-8.926054128100471,-8.305865229529225,-9.52294967144119,56.002358909252486,-17.434277162893665,-26.63193533657692,14.925685921916138,-89.72633690196335,-23.635988155175813,-35.31488284532666,-0.23390579465577185,11.400388739575572,61.79635494697225,-14.461485580768512,46.439457166736936,-23.763383992968215,-17.90017027500792,-67.14444856579448,2.111950855813259,47.38515979087198,-117.3448661939249,-5.022615923009627,-57.66560379795287,69.76592277208843,36.11728814494943,64.27905032307717,15.689361677339768,50.92857326208478,36.07685888960419,-60.09642998219982,44.71811317550289,-42.056908455442276,19.051325193942912,-8.206298128325
94.44767888242887,53.71696773271879,25.199371070454106,24.24506186617839,21.146112116209192,-48.089865594750734,60.659409768632834,-48.640417011913456,15.40942790764043,-6.970318306678653,-6.752940606358677,-8.555486982590136,47.65162066897189,-15.469863791119817,-21.968008201628404,12.220057244892995,-74.95526027076801,-20.02438115588332,-30.039448304095362,1.0536338894844224,9.468711834864814,52.4726599191464,-11.800583551294514,39.83953176932502,-20.389272878848907,-15.788231656525712,-56.98773343802955,1.3269603086197186,40.5920393541294,-99.62386370503026,-4.607334313533246,-49.34665674069684,59.47141898609408,30.217059429932945,54.68873246669948,13.259849381030852,42.50141630319515,30.67483738687379,-49.786361341379006,37.847126847862974,-36.061191728356775,16.02353796017361,-7.753296840325414
-217.78281321899283,-123.40247460522168,-58.33110654941947,-56.571712294736336,-48.089865594750734,110.49496591697029,-139.89444088343492,112.60278176156062,-35.20356246318519,16.64533351297431,15.838794242229909,19.471922964380408,-109.6403122160791,35.201337620797496,51.12154282124028,-28.554665163789004,173.59216377913927,46.06105556743552,69.15880571385017,-1.2641252312477862,-21.80279400587493,-120.94359569295845,27.627227085695413,-91.29203097285249,46.9253589935542,35.94801741434504,131.0971276276898,-3.452818912657198,-93.17002986952808,229.29775743714708,10.23861294040433,113.43558221470826,-136.83358262674713,-69.95243540516866,-125.62453413764678,-30.625114528998918,-98.59486032641537,-70.54058807744528,115.66210000796411,-87.4435437368133,82.56390176685844,-37.02135438502732,17.288215291028816
278.8382045349046,155.35452174093422,75.95284226273341,71.10588922384814,60.659409768632834,-139.89444088343492,182.1046920375706,-144.50679637792908,47.00054390988106,-22.016316943046725,-20.572952056251992,-26.115765333825937,140.26144630631185,-46.139116177762155,-65.31795379908607,36.965021798270904,-221.97050743202698,-58.32297116912183,-88.56950809278914,0.9137524541803993,26.78003987150209,155.6998803142677,-35.719041793069046,116.17027868130816,-61.05213325183735,-46.37088658520071,-166.8661870008569,4.307991503053741,119.13311980515749,-292.62139314169445,-12.635899452377293,-146.3365884900312,175.39737297840173,89.78177419465224,159.36787961050092,39.581631472764094,127.00700559642979,89.98178798835913,-147.9866580928403,113.14007426224421,-104.39904994692542,47.40738133038528,-22.534324997693435
-223.6686894665179,-125.48888658342666,-60.4982600847974,-58.06990900944152,-48.640417011913456,112.60278176156062,-144.50679637792908,116.00886031272485,-36.60931843804548,17.725391416328325,16.536054947510166,20.19911452669585,-112.32117704586666,36.18962482072099,52.71379613845678,-29.73616291379037,178.59991463280028,46.98623178396731,70.86431294864391,-0.3269238987730146,-22.037998442735297,-124.39389970487731,28.740697483431298,-93.11031914313854,48.38879596370127,36.62261050167663,134.07368186090162,-3.7235241632601435,-95.25760211889697,234.7497041651026,10.138310209485354,116.62147779719662,-140.2076533430928,-72.13518958657298,-128.18337128715316,-31.61568188448734,-101.85734604549141,-72.20192211803175,119.28396004318319,-90.20175105958157,83.93699460127092,-38.06624107678093,17.401359586936984
70.81606250061563,38.8753591811174,19.563798270780048,17.422828189265243,15.40942790764043,-35.20356246318519,47.00054390988106,-36.60931843804548,12.61724131253975,-5.576636634030473,-5.1964987874518895,-7.049245682905195,35.63881219490633,-12.189904492417181,-16.349835665081905,9.361689987268253,-55.95779889780088,-14.655143764952959,-22.49434749589078,0.5022903734404146,6.517618371624161,39.76775409209645,-9.002177932758944,29.508252336660888,-15.78901694041,-11.996140994431926,-42.20317445834841,0.8968979696794687,30.32935881682982,-74.1417566016463,-3.2389848766237836,-37.59891405666809,44.63360283480188,22.763071432291923,40.24073779060239,10.142951229531601,32.222012436119485,22.82976359025401,-37.20395983701079,28.94362512929893,-26.37195054004728,12.014181059276023,-6.0165713527187
-33.781717725686086,-18.482056654167696,-9.361627587543262,-8.926054128100471,-6.970318306678653,16.64533351297431,-22.016316943046725,17.725391416328325,-5.576636634030473,3.003500590399343,2.633615164617349,3.031845017709388,-16.80297916022472,5.352572050942741,8.126185658249826,-4.703130244140011,27.22873228792481,6.9682830948223735,10.60710920895909,0.504059781400848,-3.23517444242251,-18.80775368674826,4.545292838426823,-13.7292058472151,7.328661140919061,5.302009612865755,20.00287059690759,-0.7024822334431421,-14.134485848344434,35.105370728495956,1.336270998811751,17.553628391828752,-20.970694436348595,-11.04842972818809,-19.00614248145001,-4.832542820070571,-15.688427221897145,-10.78569505619555,18.359937128228694,-13.746933788745665,12.289564142342346,-5.780443977552492,2.356898223287392
-31.753852924013426,-17.61508337687954,-8.67518882559642,-8.305865229529225,-6.752940606358677,15.838794242229909,-20.572952056251992,16.536054947510166,-5.1964987874518895,2.633615164617349,2.422097303533186,2.863669797599451,-15.900516658984351,5.09740480213176,7.5491140400382895,-4.3222850363348115,25.487120800595953,6.647862768793593,10.034182559889391,0.1880162826673904,-3.0888892129179903,-17.67263394534556,4.144039694744459,-13.09697480201958,6.843258593805471,5.130729781521838,18.96056357714155,-0.5718357198456676,-13.447922466851278,33.213765327375434,1.369092558689829,16.530803507247413,-19.814909434972,-10.333972844081988,-18.04264080022484,-4.50371125137013,-14.575503221117996,-10.206549158600016,17.08655786891861,-12.867190375327484,11.729258812064103,-5.405598774461572,2.3692896335496196
-39.128846608678515,-21.458849079602754,-10.819163101919738,-9.52294967144119,-8.555486982590136,19.471922964380408,-26.115765333825937,20.19911452669585,-7.049245682905195,3.031845017709388,2.863669797599451,3.970534290346534,-19.751281572164007,6.82529778967381,8.997599311476405,-5.144911942308382,30.873295793673506,8.111361305796061,12.480771452154356,-0.3604350822775511,-3.5513841267562083,-22.03135505825842,4.940979085327379,-16.358331927515852,8.771972250790991,6.7357047476519725,23.343218053745336,-0.4591894405042115,-16.842678239506697,41.04207493261131,1.8069680921948998,20.851917592109547,-24.762396838472092,-12.557889203124782,-22.240328858745556,-5.6049291468559925,-17.78019514594423,-12.627620964801038,20.482421793221658,-16.056419579367834,14.586978044492103,-6.627799814866862,3.4362778466301047
217.09110420902743,122.18739764001712,58.52821886163746,56.002358909252486,47.65162066897189,-109.6403122160791,140.26144630631185,-112.32117704586666,35.63881219490633,-16.80297916022472,-15.900516658984351,-19.751281572164007,109.25142454471434,-35.401055901513836,-50.91223897638546,28.61697541534255,-172.97894625565027,-45.74377203654843,-68.9326010804839,1.0242757968902307,21.406440952870533,120.7973478853092,-27.62227372135578,90.78347064346458,-47.0039808339209,-35.922029320403176,-130.401509908231,3.3871966266198426,92.82463790989353,-228.2674297457775,-10.076974519892731,-113.38883987182362,136.39547622314927,69.84670985425333,124.75769134895481,30.627907214477194,98.49954565473735,70.21498904665677,-115.28553648520841,87.50164993849786,-81.85456719696938,36.89231634134358,-17.323008618792972
-70.17634134418212,-38.99845990312729,-19.156697631677915,-17.434277162893665,-15.469863791119817,35.201337620797496,-46.139116177762155,36.18962482072099,-12.189904492417181,5.352572050942741,5.09740480213176,6.82529778967381,-35.401055901513836,11.953392437851814,16.204386877211626,-9.186128508153672,55.49273627866059,14.668587163934067,22.344698008095875,-0.6819267295647223,-6.625629615708435,-39.30470957616812,8.825946633995875,-29.4229730595031,15.494821313853528,11.925147666618425,42.0360185862975,-0.879564760717981,-30.171629201561235,73.73445746276832,3.3098382745235417,37.11502055321755,-44.29066291426612,-22.512577919038613,-40.15288444527974,-9.975153887349736,-31.77257836162855,-22.69648249206148,36.84012403835231,-28.528856740900295,26.375422812492676,-11.891696467306941,5.98737056118141
-101.46200580813928,-57.03594106357504,-27.391290224569197,-26.63193533657692,-21.968008201628404,51.12154282124028,-65.31795379908607,52.71379613845678,-16.349835665081905,8.126185658249826,7.5491140400382895,8.997599311476405,-50.91223897638546,16.204386877211626,24.051036463105092,-13.552468910644585,81.25308373661089,21.347842080573752,32.12897786527925,0.10061988044429525,-10.081025352274837,-56.35054954059719,13.116276470314663,-42.15455367477409,21.846449627356314,16.479254569542693,60.83049172699547,-1.8037715472356748,-43.127244517411434,106.48109656595986,4.536362535526254,52.71849461730565,-63.52715692802659,-32.77657184692729,-58.14973114949073,-14.320462774060188,-46.2981515095788,-32.732700070320135,54.34995756746726,-40.87611812950941,38.033305536847195,-17.285298560716555,7.717584720485796
57.16824008173023,31.78702440558366,15.587387971950376,14.925685921916138,12.220057244892995,-28.554665163789004,36.965021798270904,-29.73616291379037,9.361689987268253,-4.703130244140011,-4.3222850363348115,-5.144911942308382,28.61697541534255,-9.186128508153672,-13.552468910644585,7.743145176941105,-45.80352503451475,-11.96275905725657,-18.04778653621104,-0.23224447511502747,5.59222756185192,31.79112198259765,-7.434158733134079,23.616694912853543,-12.320855374046518,-9.226827077864524,-34.150173335503865,1.004746675455008,24.210332273720844,-59.79808805821889,-2.500002637902421,-29.76507438307144,35.66437369217419,18.567583945654352,32.54624094111064,8.103110979493687,26.183224748274974,18.389677233198082,-30.687867956423787,23.10546935569462,-21.19426869099853,9.732952346047252,-4.277302432619487
-344.4047030625312,-193.5848168909993,-92.96731627787572,-89.72633690196335,-74.95526027076801,173.59216377913927,-221.97050743202698,178.59991463280028,-55.95779889780088,27.22873228792481,25.487120800595953,30.873295793673506,-172.97894625565027,55.49273627866059,81.25308373661089,-45.80352503451475,275.21835954201134,72.49985662888666,109.12811253255263,-0.43797900276462015,-34.115139793731906,-191.40297922281653,44.21674054054977,-143.43699172547952,74.26546707317972,56.31683030627257,206.61879587822003,-5.777634186078111,-146.70138211485335,361.62704170623545,15.653009379213742,179.3391932007282,-215.81114557973783,-111.13803620350551,-197.53403861964645,-48.60468606807286,-156.7776071116367,-111.2121816460415,183.83478358174574,-138.74314976907172,129.31937789606837,-58.60020559472673,26.665344628043137
-90.87877635807355,-51.436068675563476,-24.35656519824693,-23.635988155175813,-20.02438115588332,46.06105556743552,-58.32297116912183,46.98623178396731,-14.655143764952959,6.9682830948223735,6.647862768793593,8.111361305796061,-45.74377203654843,14.668587163934067,21.347842080573752,-11.96275905725657,72.49985662888666,19.241739693668393,28.848964600445022,-0.4501735866050333,-9.100218671666436,-50.459530901799035,11.526510884461569,-38.068551784486935,19.522499627831113,14.9804337652157,54.70894128888923,-1.438039811881208,-38.866823880189514,95.66078308026303,4.265759244625292,47.31275826652143,-57.03630179034291,-29.252650493874174,-52.37004230756791,-12.773406749658722,-41.15993214636464,-29.426876263751996,48.32325629386783,-36.49338198286564,34.37071996536352,-15.438039663708441,7.170854063139763
-136.92395989369743,-77.04704659479435,-36.92884407008761,-35.31488284532666,-30.039448304095362,69.15880571385017,-88.56950809278914,70.86431294864391,-22.49434749589078,10.60710920895909,10.034182559889391,12.480771452154356,-68.9326010804839,22.344698008095875,32.12897786527925,-18.04778653621104,109.12811253255263,28.848964600445022,43.51162501438082,-0.6198598807119771,-13.469852549711813,-76.22461600643354,17.438063676882585,-57.255958045912834,29.685721117133635,22.694482243250054,82.24078614921528,-2.1515120174755724,-58.57380987552296,144.0054429025339,6.334548472530032,71.53643571388012,-86.09796047053135,-44.04405054986566,-78.67429894682832,-19.319461852788674,-62.157408772057245,-44.28155731928119,72.72765944813897,-55.24491831078918,51.617238715643055,-23.271822428783707,10.96222757966024
1.480466974849198,1.4542758744248825,0.10812494271552417,-0.23390579465577185,1.0536338894844224,-1.2641252312477862,0.9137524541803993,-0.3269238987730146,0.5022903734404146,0.504059781400848,0.1880162826673904,-0.3604350822775511,1.0242757968902307,-0.6819267295647223,0.10061988044429525,-0.23224447511502747,-0.43797900276462015,-0.4501735866050333,-0.6198598807119771,1.226026361486951,0.20358332894816086,0.8714833936432804,0.23095602224361397,1.2455000480460574,-0.4289094938653998,-0.7411897007833737,-1.248327392823222,-0.3454663356300716,1.109941849307916,-2.0835645138289465,-0.4621346604258821,-1.0969996155649822,1.32697896949664,0.1448089750745261,1.4261696721881654,0.1463510683879296,0.05990723402073594,0.6910507824601732,0.08525900723630102,0.4180609883511409,-1.254143799407602,0.18634266343121003,-0.75094462733041345
42.64188446268997,24.52167521412986,11.244091643482816,11.400388739575572,9.468711834864814,-21.80279400587493,26.78003987150209,-22.037998442735297,6.517618371624161,-3.23517444242251,-3.0888892129179903,-3.5513841267562083,21.406440952870533,-6.625629615708435,-10.081025352274837,5.59222756185192,-34.115139793731906,-9.100218671666436,-13.469852549711813,0.20358332894816086,4.485881634548401,23.48933778812289,-5.402964947706092,17.89312651557591,-8.969416794707406,-6.849818208922357,-25.77442302799367,0.7360404547933537,18.15399934928493,-44.92349833659757,-2.0440685079981535,-21.954864478899488,26.611616811151304,13.720044935970636,24.766725047271937,5.942691512885535,19.238252170092387,13.836723088832924,-22.780758211979137,16.884218526251303,-16.28729992218544,7.2561425107874005,-3.1721403636778907
240.21392756095503,134.63545442027603,65.03413880144714,61.79635494697225,52.4726599191464,-120.94359569295845,155.6998803142677,-124.39389970487731,39.76775409209645,-18.80775368674826,-17.67263394534556,-22.03135505825842,120.7973478853092,-39.30470957616812,-56.35054954059719,31.79112198259765,-191.40297922281653,-50.459530901799035,-76.22461600643354,0.8714833936432804,23.48933778812289,133.78826104472674,-30.68020077832699,100.23118757922033,-52.167415066006264,-39.7049266678954,-144.04673830181105,3.766011027968708,102.58388301943053,-252.285637911658,-11.023218604897036,-125.62045188839711,150.85631165964452,77.3626998226299,137.70697021173496,33.97017441229188,109.19366873271606,77.60295050208765,-127.6358396004666,97.01683554610722,-90.25591438341948,40.834470855095944,-19.128981622340785
-55.16221601923292,-30.768154281089636,-15.012180579794867,-14.461485580768512,-11.800583551294514,27.627227085695413,-35.719041793069046,28.740697483431298,-9.002177932758944,4.545292838426823,4.144039694744459,4.940979085327379,-27.62227372135578,8.825946633995875,13.116276470314663,-7.434158733134079,44.21674054054977,11.526510884461569,17.438063676882585,0.23095602224361397,-5.402964947706092,-30.68020077832699,7.213476828897207,-22.78948724146501,11.949153895550598,8.904143306505468,32.94695802088235,-1.022615247430775,-23.359311764918633,57.741288659941766,2.3863592296978835,28.697366018088744,-34.5006015504906,-17.852262415726614,-31.458486193037043,-7.823820943398756,-25.294479664799912,-17.746530267670074,29.630478199690593,-22.307888013391853,20.531967572526106,-9.412965951688637,4.1394164988511575
180.25852931524784,101.83332760963705,48.41711040926598,46.439457166736936,39.83953176932502,-91.29203097285249,116.17027868130816,-93.11031914313854,29.508252336660888,-13.7292058472151,-13.09697480201958,-16.358331927515852,90.78347064346458,-29.4229730595031,-42.15455367477409,23.616694912853543,-143.43699172547952,-38.068551784486935,-57.255958045912834,1.2455000480460574,17.89312651557591,100.23118757922033,-22.78948724146501,75.60351798740231,-38.96477858495527,-29.911869179040604,-108.44928803972164,2.714387544407005,77.19870940515288,-189.73244778382886,-8.519826331871512,-94.14396362040404,113.30664304822035,57.8946320752138,103.86394779749452,25.385910384252533,81.54835948801626,58.386024606069604,-95.49074028242971,72.48694087375607,-68.25936103133158,30.61394242821393,-14.502896462423026
-93.40308239736687,-52.11726559450663,-25.416911919765745,-23.763383992968215,-20.389272878848907,46.9253589935542,-61.05213325183735,48.38879596370127,-15.78901694041,7.328661140919061,6.843258593805471,8.771972250790991,-47.0039808339209,15.494821313853528,21.846449627356314,-12.320855374046518,74.26546707317972,19.522499627831113,29.685721117133635,-0.4289094938653998,-8.969416794707406,-52.167415066006264,11.949153895550598,-38.96477858495527,20.51182113012919,15.574056147714721,55.90679738529196,-1.429596588583821,-39.93901769625309,98.06403861312886,4.254830296528126,49.055354744213496,-58.831162833450456,-30.002906027812383,-53.45522116699874,-13.261457893726599,-42.50301569203902,-30.158432235211258,49.479938681836884,-37.889921207579604,35.074909094006,-15.887064120678033,7.617030915384406
-71.03450440022159,-39.93288666678633,-19.17744246716026,-17.90017027500792,-15.788231656525712,35.94801741434504,-46.37088658520071,36.62261050167663,-11.996140994431926,5.302009612865755,5.130729781521838,6.7357047476519725,-35.922029320403176,11.925147666618425,16.479254569542693,-9.226827077864524,56.31683030627257,14.9804337652157,22.694482243250054,-0.7411897007833737,-6.849818208922357,-39.7049266678954,8.904143306505468,-29.911869179040604,15.574056147714721,12.100757071159203,42.73487207591104,-0.9522968473543204,-30.63707020126907,74.90538388514021,3.3893420058018204,37.3956134329526,-44.94492677770328,-22.73888055824022,-40.88448462001404,-10.034211803366508,-32.09301320138991,-23.030360216562954,37.36614304342082,-28.789666983965084,26.91055948981736,-12.040362232248434,6.062321821213173
-259.2080263126816,-146.2696660244282,-69.6952948781167,-67.14444856579448,-56.98773343802955,131.0971276276898,-166.8661870008569,134.07368186090162,-42.20317445834841,20.00287059690759,18.96056357714155,23.343218053745336,-130.401509908231,42.0360185862975,60.83049172699547,-34.150173335503865,206.61879587822003,54.70894128888923,82.24078614921528,-1.248327392823222,-25.77442302799367,-144.04673830181105,32.94695802088235,-108.44928803972164,55.90679738529196,42.73487207591104,155.82564672684285,-4.0772394165350105,-110.77280264009202,272.6047738195619,12.095961430992277,135.15631201503,-162.69058387885346,-83.40919376040519,-149.15282316192054,-36.514523789690514,-117.50579670193787,-83.87350449874076,137.7330358253909,-104.23333566104581,97.88427057782448,-44.050920590245795,20.50885644644378
6.8877252850677495,3.8966614079908575,1.855953235948394,2.111950855813259,1.3269603086197186,-3.452818912657198,4.307991503053741,-3.7235241632601435,0.8968979696794687,-0.7024822334431421,-0.5718357198456676,-0.4591894405042115,3.3871966266198426,-0.879564760717981,-1.8037715472356748,1.004746675455008,-5.777634186078111,-1.438039811881208,-2.1515120174755724,-0.3454663356300716,0.7360404547933537,3.766011027968708,-1.022615247430775,2.714387544407005,-1.429596588583821,-0.9522968473543204,-4.0772394165350105,0.2753528843317873,2.7939097894980645,-7.1548956041180904,-0.19873807717918723,-3.401026723770816,4.236639592082714,2.276009680462894,3.890412512310528,0.9727934934930981,3.3047008992070435,2.178899697333715,-3.9770517803034555,2.772744935399647,-2.49431002467446,1.205643370750816,-0.31707120181508824
184.28582878646984,103.81440071201278,49.63990561726413,47.38515979087198,40.5920393541294,-93.17002986952808,119.13311980515749,-95.25760211889697,30.32935881682982,-14.134485848344434,-13.447922466851278,-16.842678239506697,92.82463790989353,-30.171629201561235,-43.127244517411434,24.210332273720844,-146.70138211485335,-38.866823880189514,-58.57380987552296,1.109941849307916,18.15399934928493,102.58388301943053,-23.359311764918633,77.19870940515288,-39.93901769625309,-30.63707020126907,-110.77280264009202,2.7939097894980645,78.92822215177776,-193.90828919383662,-8.62830861313411,-96.34739945611747,115.90825723954367,59.232075305205,106.00209649969182,25.98578211245207,83.5020313159265,59.64637869954286,-97.68580410954648,74.28757691528813,-69.60201069372607,31.299163244203722,-14.871761782798018
-453.6876904029704,-255.68991817832307,-122.1560339099912,-117.3448661939249,-99.62386370503026,229.29775743714708,-292.62139314169445,234.7497041651026,-74.1417566016463,35.105370728495956,33.213765327375434,41.04207493261131,-228.2674297457775,73.73445746276832,106.48109656595986,-59.79808805821889,361.62704170623545,95.66078308026303,144.0054429025339,-2.0835645138289465,-44.92349833659757,-252.285637911658,57.741288659941766,-189.73244778382886,98.06403861312886,74.90538388514021,272.6047738195619,-7.1548956041180904,-193.90828919383662,477.0784373794694,21.07847952686482,236.73326504978573,-284.9202508327767,-145.97025642699165,-260.8823290839076,-63.96407669849215,-205.81134985600846,-146.7578999145083,241.06390016103697,-182.6701185386779,171.18852753504225,-77.11442847257163,36.01733133957515
-19.891910719858657,-11.473432499395134,-5.2249203789617535,-5.022615923009627,-4.607334313533246,10.23861294040433,-12.635899452377293,10.138310209485354,-3.2389848766237836,1.336270998811751,1.369092558689829,1.8069680921948998,-10.076974519892731,3.3098382745235417,4.536362535526254,-2.500002637902421,15.653009379213742,4.265759244625292,6.334548472530032,-0.4621346604258821,-2.0440685079981535,-11.023218604897036,2.3863592296978835,-8.519826331871512,4.254830296528126,3.3893420058018204,12.095961430992277,-0.19873807717918723,-8.62830861313411,21.07847952686482,1.0660338202162527,10.418336284028063,-12.540767243531223,-6.322723461151618,-11.647209813096048,-2.7691889602156117,-8.805167913525414,-6.5072523503482556,10.328142693490793,-7.885606572227284,7.731322269256516,-3.3559859264762846,1.7161550243995032
-225.4085672101392,-126.21127406169423,-61.08345203528407,-57.66560379795287,-49.34665674069684,113.43558221470826,-146.3365884900312,116.62147779719662,-37.59891405666809,17.553628391828752,16.530803507247413,20.851917592109547,-113.38883987182362,37.11502055321755,52.71849461730565,-29.76507438307144,179.3391932007282,47.31275826652143,71.53643571388012,-1.0969996155649822,-21.954864478899488,-125.62045188839711,28.697366018088744,-94.14396362040404,49.055354744213496,37.3956134329526,135.15631201503,-3.401026723770816,-96.34739945611747,236.73326504978573,10.418336284028063,118.07839639995875,-141.62069866860998,-72.54085951192192,-129.2154189588036,-31.898739530142674,-102.35345023254368,-72.84195795264264,119.50093086212348,-91.07080357364806,84.73603058612096,-38.29662784983171,18.135018897123462
270.9201673562426,152.4177562243549,73.09361468058174,69.76592277208843,59.47141898609408,-136.83358262674713,175.39737297840173,-140.2076533430928,44.63360283480188,-20.970694436348595,-19.814909434972,-24.762396838472092,136.39547622314927,-44.29066291426612,-63.52715692802659,35.66437369217419,-215.81114557973783,-57.03630179034291,-86.09796047053135,1.32697896949664,26.611616811151304,150.85631165964452,-34.5006015504906,113.30664304822035,-58.831162833450456,-44.94492677770328,-162.69058387885346,4.236639592082714,115.90825723954367,-284.9202508327767,-12.540767243531223,-141.62069866860998,170.4189992381036,87.08352666673647,155.67877316645956,38.2460242257278,122.96984263731454,87.61964226908303,-143.7993412280663,109.33165708819509,-102.18558229515581,46.05401942743207,-21.7627645799868
139.15127780149467,77.95559263082768,37.67023500132428,36.11728814494943,30.217059429932945,-69.95243540516866,89.78177419465224,-72.13518958657298,22.763071432291923,-11.04842972818809,-10.333972844081988,-12.557889203124782,69.84670985425333,-22.512577919038613,-32.77657184692729,18.567583945654352,-111.13803620350551,-29.252650493874174,-44.04405054986566,0.1448089750745261,13.720044935970636,77.3626998226299,-17.852262415726614,57.8946320752138,-30.002906027812383,-22.73888055824022,-83.40919376040519,2.276009680462894,59.232075305205,-145.97025642699165,-6.322723461151618,-72.54085951192192,87.08352666673647,44.975021175149486,79.66750212999283,19.66016366848348,63.35684966551973,44.90755122729363,-74.24421297381001,56.08733975307499,-52.09591065767584,23.659834799402272,-10.758207053193345
247.93162091853458,140.26169705749942,66.50845815420769,64.27905032307717,54.68873246669948,-125.62453413764678,159.36787961050092,-128.18337128715316,40.24073779060239,-19.00614248145001,-18.04264080022484,-22.240328858745556,124.75769134895481,-40.15288444527974,-58.14973114949073,32.54624094111064,-197.53403861964645,-52.37004230756791,-78.67429894682832,1.4261696721881654,24.766725047271937,137.70697021173496,-31.458486193037043,103.86394779749452,-53.45522116699874,-40.88448462001404,-149.15282316192054,3.890412512310528,106.00209649969182,-260.8823290839076,-11.647209813096048,-129.2154189588036,155.67877316645956,79.66750212999283,142.8999917261168,34.89408280714816,112.26165831639412,80.27864540387604,-131.62788516706155,99.56116479723836,-93.88881916891643,42.142987607123935,-19.658085126082447
60.98793304057445,34.079308329582496,16.561233179504168,15.689361677339768,13.259849381030852,-30.625114528998918,39.581631472764094,-31.61568188448734,10.142951229531601,-4.832542820070571,-4.50371125137013,-5.6049291468559925,30.627907214477194,-9.975153887349736,-14.320462774060188,8.103110979493687,-48.60468606807286,-12.773406749658722,-19.319461852788674,0.1463510683879296,5.942691512885535,33.97017441229188,-7.823820943398756,25.385910384252533,-13.261457893726599,-10.034211803366508,-36.514523789690514,0.9727934934930981,25.98578211245207,-63.96407669849215,-2.7691889602156117,-31.898739530142674,38.2460242257278,19.66016366848348,34.89408280714816,8.644914940227743,27.769055616643875,19.681659718318183,-32.4408983406209,24.64446556786845,-22.853193153879875,10.374720338414729,-4.808861399155423
196.2282585642462,109.8008726845078,53.213759044326146,50.92857326208478,42.50141630319515,-98.59486032641537,127.00700559642979,-101.85734604549141,32.222012436119485,-15.688427221897145,-14.575503221117996,-17.78019514594423,98.49954565473735,-31.77257836162855,-46.2981515095788,26.183224748274974,-156.7776071116367,-41.15993214636464,-62.157408772057245,0.05990723402073594,19.238252170092387,109.19366873271606,-25.294479664799912,81.54835948801626,-42.50301569203902,-32.09301320138991,-117.50579670193787,3.3047008992070435,83.5020313159265,-205.81134985600846,-8.805167913525414,-102.35345023254368,122.96984263731454,63.35684966551973,112.26165831639412,27.769055616643875,89.5038957828698,63.28877439800106,-104.7665040260219,79.25519280933523,-73.43174754121272,33.40238033671505,-15.212781752416882
139.58688114393266,78.67370995683358,37.57919181224674,36.07685888960419,30.67483738687379,-70.54058807744528,89.98178798835913,-72.20192211803175,22.82976359025401,-10.78569505619555,-10.206549158600016,-12.627620964801038,70.21498904665677,-22.69648249206148,-32.732700070320135,18.389677233198082,-111.2121816460415,-29.426876263751996,-44.28155731928119,0.6910507824601732,13.836723088832924,77.60295050208765,-17.746530267670074,58.386024606069604,-30.158432235211258,-23.030360216562954,-83.87350449874076,2.178899697333715,59.64637869954286,-146.7578999145083,-6.5072523503482556,-72.84195795264264,87.61964226908303,44.90755122729363,80.27864540387604,19.681659718318183,63.28877439800106,45.15874209661791,-74.12862499699585,56.163705531492894,-52.68745928977198,23.723099807327724,-11.073626248310719
-229.76171047313085,-129.00324859623177,-62.08787852249382,-60.09642998219982,-49.786361341379006,115.66210000796411,-147.9866580928403,119.28396004318319,-37.20395983701079,18.359937128228694,17.08655786891861,20.482421793221658,-115.28553648520841,36.84012403835231,54.34995756746726,-30.687867956423787,183.83478358174574,48.32325629386783,72.72765944813897,0.08525900723630102,-22.780758211979137,-127.6358396004666,29.630478199690593,-95.49074028242971,49.479938681836884,37.36614304342082,137.7330358253909,-3.9770517803034555,-97.68580410954648,241.06390016103697,10.328142693490793,119.50093086212348,-143.7993412280663,-74.24421297381001,-131.62788516706155,-32.4408983406209,-104.7665040260219,-74.12862499699585,122.92314156222228,-92.56037988317377,86.08115205893202,-39.11806179392475,17.544797469878667
174.006587893855,97.23668941118244,47.2509912802493,44.71811317550289,37.847126847862974,-87.4435437368133,113.14007426224421,-90.20175105958157,28.94362512929893,-13.746933788745665,-12.867190375327484,-16.056419579367834,87.50164993849786,-28.528856740900295,-40.87611812950941,23.10546935569462,-138.74314976907172,-36.49338198286564,-55.24491831078918,0.4180609883511409,16.884218526251303,97.01683554610722,-22.307888013391853,72.48694087375607,-37.889921207579604,-28.789666983965084,-104.23333566104581,2.772744935399647,74.28757691528813,-182.6701185386779,-7.885606572227284,-91.07080357364806,109.33165708819509,56.08733975307499,99.56116479723836,24.64446556786845,79.25519280933523,56.163705531492894,-92.56037988317377,70.45576691705907,-65.18911419045207,29.587867092016864,-13.867262875284691
-162.52188670054525,-92.22978144727232,-43.471553132068244,-42.056908455442276,-36.061191728356775,82.56390176685844,-104.39904994692542,83.93699460127092,-26.37195054004728,12.289564142342346,11.729258812064103,14.586978044492103,-81.85456719696938,26.375422812492676,38.033305536847195,-21.19426869099853,129.31937789606837,34.37071996536352,51.617238715643055,-1.254143799407602,-16.28729992218544,-90.25591438341948,20.531967572526106,-68.25936103133158,35.074909094006,26.91055948981736,97.88427057782448,-2.49431002467446,-69.60201069372607,171.18852753504225,7.731322269256516,84.73603058612096,-102.18558229515581,-52.09591065767584,-93.88881916891643,-22.853193153879875,-73.43174754121272,-52.68745928977198,86.08115205893202,-65.18911419045207,61.80568534383725,-27.622336835964525,13.034683953614817
73.44355852765038,41.27506593047374,19.833609153280808,19.051325193942912,16.02353796017361,-37.02135438502732,47.40738133038528,-38.06624107678093,12.014181059276023,-5.780443977552492,-5.405598774461572,-6.627799814866862,36.89231634134358,-11.891696467306941,-17.285298560716555,9.732952346047252,-58.60020559472673,-15.438039663708441,-23.271822428783707,0.18634266343121003,7.2561425107874005,40.834470855095944,-9.412965951688637,30.61394242821393,-15.887064120678033,-12.040362232248434,-44.050920590245795,1.205643370750816,31.299163244203722,-77.11442847257163,-3.3559859264762846,-38.29662784983171,46.05401942743207,23.659834799402272,42.142987607123935,10.374720338414729,33.40238033671505,23.723099807327724,-39.11806179392475,29.587867092016864,-27.622336835964525,12.497832442129683,-5.7390555737241336
-33.99232172089215,-19.120312740310446,-9.17902973834627,-8.206298128325,-7.753296840325414,17.288215291028816,-22.534324997693435,17.401359586936984,-6.0165713527187,2.356898223287392,2.3692896335496196,3.4362778466301047,-17.323008618792972,5.98737056118141,7.717584720485796,-4.277302432619487,26.665344628043137,7.170854063139763,10.96222757966024,-0.75094462733041345,-3.1721403636778907,-19.128981622340785,4.1394164988511575,-14.502896462423026,7.617030915384406,6.062321821213173,20.50885644644378,-0.31707120181508824,-14.871761782798018,36.01733133957515,1.7161550243995032,18.135018897123462,-21.7627645799868,-10.758207053193345,-19.658085126082447,-4.808861399155423,-15.212781752416882,-11.073626248310719,17.544797469878667,-13.867262875284691,13.034683953614817,-5.7390555737241336,3.2277947993765226
