V1,V2,V3,V4,V5,V6,V7,V8,V9,V10,V11,V12,V13,V14,V15,V16,V17,V18,V19,V20,V21,V22,V23,V24,V25,V26,V27,V28,V29,V30,V31,V32,V33,V34,V35,V36,V37,V38,V39,V40,V41,V42,V43
192.03012326936457,-266.2972250008832,-108.30410072831174,251.03929646434023,-282.59050364999695,202.60930771008532,63.13878457284525,179.78884354705488,54.83575406992078,182.1142927970701,154.07789734138603,218.8664550729522,-305.73983100138173,-280.9175299938682,90.2342512368668,-205.2239552246264,-0.2586766971153189,322.0092824098303,-292.80533805362376,227.98438432541005,-36.583374001327755,-63.58635874223097,-154.1143760098908,166.53983062118806,335.366499207014,51.378344505860206,-137.0006217663619,22.218782197386442,463.4356709794454,-61.09428492092148,159.99202693407767,-204.33221476096867,-202.4574104438942,278.3931631911137,273.00621567334247,-107.05923774808285,-79.07289406109676,-58.28856854111527,23.451170451412466,-66.787386986834,46.76222180853822,-90.95309336366108,172.10079630788152
-266.2972250008832,372.3008727765591,151.0774011361146,-351.65149336039406,393.52294319983633,-282.7153552939673,-88.74238724687783,-249.66724396956965,-76.91531373999705,-253.65956130395625,-215.16865163259644,-303.92525915327695,426.4433742710905,393.7314304629258,-125.07580564030896,286.6196356730772,-0.9946763991603336,-451.6217442753692,408.22052698025055,-318.49836117732406,51.20360117360235,88.38987733904924,215.3384643146015,-235.6355903544859,-469.91700255264266,-72.08210082302827,189.76659595162587,-31.398630276936068,-647.4027610311641,84.37214466916483,-222.6593995146067,285.60680935587055,283.17849517263676,-390.46860389457464,-381.8714503333882,149.77632244725822,109.09736602981117,80.16267099026393,-31.622757075477445,95.25016822700842,-65.55238422351526,126.11835277415406,-238.11152332388278
-108.30410072831174,151.0774011361146,61.42146020704829,-142.64571241790304,159.6983294032937,-114.71762884839765,-35.93115622287435,-101.55849505804206,-31.160669255074747,-102.99108450013769,-87.38017503857189,-123.61027815626589,173.09842322457393,159.6710242688172,-51.0197077349534,116.32584470527972,-0.1534804498425492,-182.83918435442303,165.77426197709391,-129.1806079161652,20.708052379310715,35.95460264745819,87.51208036105251,-95.09605426008679,-190.39771235587466,-29.121837116286272,77.20223290772078,-12.730581610735376,-262.5286917306815,34.2172423976836,-90.4574021525232,115.77152302743774,114.77008174869007,-158.1796902470756,-154.76222064290636,60.64166173325454,44.44589898482561,32.69917465284877,-12.921979716947561,38.29216941129721,-26.61274190907719,51.30339856742123,-96.99653623579408
251.03929646434023,-351.65149336039406,-142.64571241790304,332.313803664015,-371.30448477702134,266.8937520854362,83.9173829363101,235.45667493068973,72.69684465455339,239.36360494422897,203.19105640648704,286.6216495479167,-402.55144392966326,-372.12035887897446,117.93638299369377,-270.65290634362077,1.216467352835316,426.8244840167197,-385.3238492726429,300.755376989907,-48.35971005268275,-83.38318571441988,-203.40089542227875,223.14008327930586,444.0426532169497,68.11322436450888,-178.84578772682568,29.738306952723146,611.3177823108646,-79.42190792840739,210.07970453028813,-269.7155419266811,-267.4657415704344,369.0604251031844,360.68637926056863,-141.4598260534657,-102.7243820984585,-75.42593358533897,29.59421896344817,-90.34863363028376,61.96452304248041,-118.89363229043943,224.37172113501325
-282.59050364999695,393.52294319983633,159.6983294032937,-371.30448477702134,417.1196243861671,-299.26099198229116,-93.62412421371755,-264.6458535808256,-81.2185410215085,-268.708958948033,-227.47228428311632,-322.2043004802169,451.40115363187317,415.65328919497256,-132.4412501897926,303.14871662082777,-0.5692695654964736,-477.21764203974476,432.0926127258786,-336.978163734665,54.23045144221714,93.62425582446421,227.42629385777283,-248.09560712209995,-496.5476654915844,-76.28307781873352,201.49691618787494,-32.95781198909206,-685.1009719867518,90.01514770718964,-235.8950316060985,302.2134728376753,299.5337235472056,-412.3678995415002,-403.9354290720014,158.54015498316866,116.03399309725414,85.36668834994188,-34.10504219958533,100.04827916266791,-69.12775211971123,133.81964140068717,-252.76137417116146
202.60930771008532,-282.7153552939673,-114.71762884839765,266.8937520854362,-299.26099198229116,214.84737046138875,67.33191420363167,189.84733518808486,58.38278979204571,192.8358300433831,163.40154839331396,231.1200732326683,-324.06503705269495,-298.804576759087,95.04337116819394,-217.72148061005365,0.5979581579865015,342.9308521533594,-310.2034228769409,241.9856991666661,-38.92737737162053,-67.18475423793896,-163.4416332306051,178.62120470965792,356.8112294912568,54.78293981608521,-144.42421496506526,23.760458297973575,491.9305305942127,-64.37920954826882,169.27083248679642,-217.01484221220926,-215.13011473570327,296.40162758257037,290.11172996636526,-113.83058253071067,-83.09637543972399,-61.09204672212752,24.256309423440175,-72.12779049863951,49.71766128509192,-95.9478782838872,181.18089649667039
63.13878457284525,-88.74238724687783,-35.93115622287435,83.9173829363101,-93.62412421371755,67.33191420363167,21.240916551681465,59.23236869583676,18.38164865165562,60.334058098062066,51.23546634270873,72.10622230673712,-101.51555559397862,-94.00024189469613,29.592728348314726,-68.28123725578104,0.48105824315243384,107.96844117726722,-97.13079647601072,75.91714393372655,-12.235588304955721,-20.978275827736987,-51.26580342225047,56.67729979317393,112.23874497768347,17.258570976449978,-44.960788079835254,7.527231560749969,154.3287263655421,-20.000687169768728,52.91679092356064,-68.11950971181275,-67.56794041848617,93.3138856861813,91.12279330497938,-35.763176347075856,-25.776763985742896,-18.892837475230714,7.371756874708338,-23.049881049455568,15.638801806762423,-29.89579102901105,56.336380591246744
179.78884354705488,-249.66724396956965,-101.55849505804206,235.45667493068973,-264.6458535808256,189.84733518808486,59.23236869583676,168.412795861819,51.42475041486166,170.59857593649411,144.45602278378732,204.9959500420932,-286.4869525087001,-263.49217223103363,84.58135920128413,-192.36428769879328,-0.16131709872312675,301.8679537326006,-274.3840655770792,213.65533426332334,-34.256560113704374,-59.57726038693368,-144.5596311440527,156.30541643404297,314.4183649016538,48.126270801398675,-128.2421653315793,20.891669177155492,434.2619778302816,-57.05923686177794,149.8716932367085,-191.4697090250384,-189.737355251448,261.05534593059673,255.85323698135645,-100.29170524950612,-73.97973158188475,-54.510452772401884,21.823115279403673,-62.72048367936051,43.88432061886476,-85.15855275296941,161.13577239578774
54.83575406992078,-76.91531373999705,-31.160669255074747,72.69684465455339,-81.2185410215085,58.38278979204571,18.38164865165562,51.42475041486166,15.919078755071808,52.34093629787028,44.42123672982087,62.60295796789847,-88.03551310494242,-81.42160829774332,25.70871060050674,-59.19467493147537,0.3459873330451546,93.49742020165863,-84.24263218132538,65.80724899901173,-10.600712532968172,-18.20891313933585,-44.443357062831815,48.97361055170319,97.22084521707767,14.942200820325523,-39.058370736850414,6.50805225447099,133.77754981595928,-17.383820125667697,45.91676955853473,-59.03917279010203,-58.55175735219023,80.80962234584017,78.96130133299091,-30.986577587281932,-22.415312096783556,-16.443774079565294,6.448634478709636,-19.87680988159154,13.54808145807884,-25.965422454752908,48.958053624654504
182.1142927970701,-253.65956130395625,-102.99108450013769,239.36360494422897,-268.708958948033,192.8358300433831,60.334058098062066,170.59857593649411,52.34093629787028,173.1521483801576,146.65192402120203,207.68662412403705,-290.8997521998435,-267.9471868157693,85.46315894548384,-195.38624786690505,0.31612574090110784,307.4242683767235,-278.49266472949756,217.1346997481642,-34.90782815822642,-60.36170949251265,-146.68281266200543,159.80430997592336,319.9505241980192,49.096782524892504,-129.84687406817568,21.27214638456603,441.4063734593991,-57.895904675806044,152.02769498230055,-194.6966437639577,-192.97806994494206,265.7274548063367,260.2339729994899,-102.09426378226725,-74.7764826599067,-55.01758077159908,21.932898628272774,-64.40578399802608,44.5880566885012,-86.24611060506949,162.95245945442738
154.07789734138603,-215.16865163259644,-87.38017503857189,203.19105640648704,-227.47228428311632,163.40154839331396,51.23546634270873,144.45602278378732,44.42123672982087,146.65192402120203,124.39521713913406,175.84118424522148,-246.50840154413495,-227.47952872430938,72.44677237035876,-165.66524762535101,0.416963854325316,260.76084088569417,-236.01520356422023,184.04569955851719,-29.556011746019504,-51.13965489699792,-124.52245937855066,135.85266754382897,271.41168972009314,41.58748372391936,-109.81395886803548,18.1333281343593,374.0785510723235,-48.77491970696283,128.76142796101817,-165.0008837364351,-163.585228003422,225.50206407411912,220.5924722747604,-86.4892493975112,-63.173575853559406,-46.44570352618744,18.348907497934363,-54.82283241572763,37.88869543053523,-72.97717889946728,137.86152456041503
218.8664550729522,-303.92525915327695,-123.61027815626589,286.6216495479167,-322.2043004802169,231.1200732326683,72.10622230673712,204.9959500420932,62.60295796789847,207.68662412403705,175.84118424522148,249.54230067319273,-348.7663246070483,-320.75330980406034,102.92760188581696,-234.17159950309704,-0.17080581080543147,367.539922496288,-334.01968103951936,260.10859716106097,-41.72171267783767,-72.52120183612806,-175.94723305383846,190.32476805471939,382.7883080243804,58.60911589192799,-156.11594304478228,25.419455686753757,528.6991603034965,-69.49880903616202,182.45553185030434,-233.11178228923717,-231.00200350953654,317.82227909771296,311.495629358418,-122.12308331161259,-90.05450090865736,-66.35697544047285,26.58010628964538,-76.38834440124738,53.41420817402074,-103.66956167398992,196.13612924755085
-305.73983100138173,426.4433742710905,173.09842322457393,-402.55144392966326,451.40115363187317,-324.06503705269495,-101.51555559397862,-286.4869525087001,-88.03551310494242,-290.8997521998435,-246.50840154413495,-348.7663246070483,488.8410975609589,450.6598379906085,-143.5020745408666,328.4145166298144,-0.7729828554106429,-517.0479345264599,467.9692968245821,-364.9702187583083,58.682925518266515,101.38732453115927,246.60253723191474,-269.1547244661278,-538.052265535718,-82.56441008307864,217.94896183074266,-35.832049549350025,-741.9199295626307,97.09709571450308,-255.3847653444619,327.27203616285306,324.4217338617492,-446.94686996892005,-437.4893690759686,171.62831941342228,125.43088690698282,92.24063193582886,-36.63567133151486,108.60784963468035,-75.00197779673536,144.79469209063637,-273.4860694104186
-280.9175299938682,393.7314304629258,159.6710242688172,-372.12035887897446,415.65328919497256,-298.804576759087,-94.00024189469613,-263.49217223103363,-81.42160829774332,-267.9471868157693,-227.47952872430938,-320.75330980406034,450.6598379906085,416.7209139171671,-131.93696834015134,303.0205277992193,-1.4860903944602062,-478.0632040388325,431.34728328435625,-336.74592254451534,54.16513208613308,93.31557005336461,227.70490999996264,-250.09606117156295,-497.29449872614697,-76.30427956841704,200.11336638641157,-33.316503841379024,-684.4822642748383,88.87726448512912,-235.1449964640351,302.01447519560776,299.5095508132623,-413.34492028405197,-403.898792074271,158.42079128251694,114.90433406863949,84.34627409335054,-33.05950377208014,101.33303860755491,-69.3864243183909,133.04073995822756,-251.01242946263912
90.2342512368668,-125.07580564030896,-51.0197077349534,117.93638299369377,-132.4412501897926,95.04337116819394,29.592728348314726,84.58135920128413,25.70871060050674,85.46315894548384,72.44677237035876,102.92760188581696,-143.5020745408666,-131.93696834015134,42.6768742249492,-96.3639726323277,-0.33366792767554426,150.7072853605033,-137.53322950506438,106.91102289083517,-17.060899919214005,-29.931022051414022,-72.60560288807591,77.76568717435751,157.16421311240032,23.93523720739326,-64.37606565244317,10.480889938051872,217.2174491818767,-28.454205328047212,75.1454343531365,-95.7186905298023,-94.84605965849964,130.48513362520936,127.88318396123499,-50.041506112723624,-37.190483643386024,-27.442379373357372,10.962401610079645,-31.04661527163432,22.021188273569006,-42.75638073338662,81.05704190654389
-205.2239552246264,286.6196356730772,116.32584470527972,-270.65290634362077,303.14871662082777,-217.72148061005365,-68.28123725578104,-192.36428769879328,-59.19467493147537,-195.38624786690505,-165.66524762535101,-234.17159950309704,328.4145166298144,303.0205277992193,-96.3639726323277,220.6926501056478,-0.6541942746228638,-347.6058376344991,314.3863766479229,-245.2446408524384,39.426883589957136,68.08964571801488,165.7677955250441,-181.1809023608402,-361.70847981731333,-55.491863709424294,146.26810184307348,-24.134831464913553,-498.51629438995093,65.08662846442326,-171.51651406733737,219.9152438229731,218.02469524870725,-300.51286065681626,-294.01169058413274,115.32469331276779,84.1294022521884,61.83760905487394,-24.465909532058618,73.18001313274564,-50.44196743440895,97.19194114449002,-183.5361733996165
-0.2586766971153189,-0.9946763991603336,-0.1534804498425492,1.216467352835316,-0.5692695654964736,0.5979581579865015,0.48105824315243384,-0.16131709872312675,0.3459873330451546,0.31612574090110784,0.416963854325316,-0.17080581080543147,-0.7729828554106429,-1.4860903944602062,-0.33366792767554426,-0.6541942746228638,0.7371440527429265,2.1921999873189906,-0.5909183785382067,0.8611904499316142,-0.24593957411868167,0.028291577846942948,-0.3724772989700003,2.155059734704768,1.9508709802760007,0.4348153281864661,0.28079383399560476,0.1978338583385388,1.8134118185779031,0.06264859015627797,0.15513964167316704,-0.9063103121093605,-0.978567206740117,1.7740995841291298,1.3338371772689572,-0.6083709040005368,0.37425488742768054,0.4061111160676845,-0.3838474240881911,-1.2881596206975592,0.21352751602436662,0.13829415763499917,-0.5992384253423589
322.0092824098303,-451.6217442753692,-182.83918435442303,426.8244840167197,-477.21764203974476,342.9308521533594,107.96844117726722,301.8679537326006,93.49742020165863,307.4242683767235,260.76084088569417,367.539922496288,-517.0479345264599,-478.0632040388325,150.7072853605033,-347.6058376344991,2.1921999873189906,549.4615490291741,-494.68482410239113,386.5659634873759,-62.36432736600646,-106.87967028159757,-260.757561236044,287.9077789059524,571.147649264617,87.91302263727248,-229.37229480498343,38.15007336710692,785.9494198516317,-102.33941735263883,269.65578261155446,-346.8976630087294,-344.02112409034544,474.7142565003997,463.95023068068457,-182.1811148096758,-131.61236502034157,-96.54214989692078,37.947765521488854,-116.96121266751614,79.48960015530214,-152.46729048206282,287.33887574469935
-292.80533805362376,408.22052698025055,165.77426197709391,-385.3238492726429,432.0926127258786,-310.2034228769409,-97.13079647601072,-274.3840655770792,-84.24263218132538,-278.49266472949756,-236.01520356422023,-334.01968103951936,467.9692968245821,431.34728328435625,-137.53322950506438,314.3863766479229,-0.5909183785382067,-494.68482410239113,448.0359988867867,-349.32622416366877,56.12866702665688,97.10639099436949,236.15010735848716,-257.3399390384055,-514.8768659083058,-78.95213418921615,208.74060452122689,-34.298505453434665,-710.0814557184513,92.91753662779118,-244.52644707381776,313.19922808734793,310.46331059459874,-427.6830585351578,-418.6609269719943,164.2029582658597,120.16705036546504,88.3941774678018,-35.11341518622529,103.75091896381016,-71.80737228622874,138.67643746846608,-262.01341646507115
227.98438432541005,-318.49836117732406,-129.1806079161652,300.755376989907,-336.978163734665,241.9856991666661,75.91714393372655,213.65533426332334,65.80724899901173,217.1346997481642,184.04569955851719,260.10859716106097,-364.9702187583083,-336.74592254451534,106.91102289083517,-245.2446408524384,0.8611904499316142,386.5659634873759,-349.32622416366877,272.6018456162274,-43.874574741283794,-75.62008720107298,-184.09074009301258,201.61839620437073,402.1369851681747,61.767537320693684,-162.48522592453915,26.803282016855665,554.1783585623567,-72.42574327013415,190.57226649530608,-244.50039548026402,-242.39984694302987,334.0988747547583,326.88916266483756,-128.2761275454902,-93.43121533088922,-68.65624142444064,27.18996934327819,-81.51964552097161,56.025980535005004,-107.96193139603884,203.78542445983632
-36.583374001327755,51.20360117360235,20.708052379310715,-48.35971005268275,54.23045144221714,-38.92737737162053,-12.235588304955721,-34.256560113704374,-10.600712532968172,-34.90782815822642,-29.556011746019504,-41.72171267783767,58.682925518266515,54.16513208613308,-17.060899919214005,39.426883589957136,-0.24593957411868167,-62.36432736600646,56.12866702665688,-43.874574741283794,7.097733091162147,12.123391350191131,29.518524095783075,-32.63849351616916,-64.79386602295246,-10.00191274522196,26.06686797869693,-4.300659820531452,-89.23059459993057,11.698737724308106,-30.615076893302053,39.38921477940736,39.05433264276006,-53.83617421150502,-52.670184294347465,20.707583268935334,14.96526828418942,10.983017634141941,-4.360118893234884,13.262492105704727,-8.992861724908977,17.319347369735446,-32.6229441249046
-63.58635874223097,88.38987733904924,35.95460264745819,-83.38318571441988,93.62425582446421,-67.18475423793896,-20.978275827736987,-59.57726038693368,-18.20891313933585,-60.36170949251265,-51.13965489699792,-72.52120183612806,101.38732453115927,93.31557005336461,-29.931022051414022,68.08964571801488,0.028291577846942948,-106.87967028159757,97.10639099436949,-75.62008720107298,12.123391350191131,21.083176144416633,51.18989975042985,-55.393315313119054,-111.32049969348,-17.0316255475867,45.34848553966507,-7.407445748837525,-153.69425594064865,20.152949010145562,-53.031529357369614,67.76486899094922,67.15869453705503,-92.44318446904953,-90.55934419656138,35.49505989593466,26.148570307190187,19.263905714008544,-7.687205936024973,22.241896789114612,-15.54572821960501,30.121063501354268,-56.98517577853776
-154.1143760098908,215.3384643146015,87.51208036105251,-203.40089542227875,227.42629385777283,-163.4416332306051,-51.26580342225047,-144.5596311440527,-44.443357062831815,-146.68281266200543,-124.52245937855066,-175.94723305383846,246.60253723191474,227.70490999996264,-72.60560288807591,165.7677955250441,-0.3724772989700003,-260.757561236044,236.15010735848716,-184.09074009301258,29.518524095783075,51.18989975042985,124.73059634227072,-135.8592919010488,-271.49345120520996,-41.530111232880465,109.82992263988034,-18.187497231272587,-374.11373318086174,48.63688329533759,-128.8129493636026,164.99577332519672,163.59235840630072,-225.5998706474081,-220.59673438075345,86.43623960759972,63.17965776257851,46.45219142623714,-18.278300078359997,54.78933725142239,-37.957120363385684,73.00349857582235,-137.96576156481885
166.53983062118806,-235.6355903544859,-95.09605426008679,223.14008327930586,-248.09560712209995,178.62120470965792,56.67729979317393,156.30541643404297,48.97361055170319,159.80430997592336,135.85266754382897,190.32476805471939,-269.1547244661278,-250.09606117156295,77.76568717435751,-181.1809023608402,2.155059734704768,287.9077789059524,-257.3399390384055,201.61839620437073,-32.63849351616916,-55.393315313119054,-135.8592919010488,152.3153881004231,298.87793610795376,46.135233975580334,-118.48139582370774,20.105947557928232,409.95864258273645,-52.82147095968341,140.01449054763685,-181.08018955682854,-179.70370341152733,248.659684941041,242.36756640216734,-95.24260173919335,-67.67485765226861,-49.45235552153912,19.048889297068264,-62.439227165836144,41.56289239318845,-78.83823020657708,148.14275405522474
335.366499207014,-469.91700255264266,-190.39771235587466,444.0426532169497,-496.5476654915844,356.8112294912568,112.23874497768347,314.4183649016538,97.22084521707767,319.9505241980192,271.41168972009314,382.7883080243804,-538.052265535718,-497.29449872614697,157.16421311240032,-361.70847981731333,1.9508709802760007,571.147649264617,-514.8768659083058,402.1369851681747,-64.79386602295246,-111.32049969348,-271.49345120520996,298.87793610795376,593.8971103171835,91.30182355918556,-238.9155512000007,39.68683471553931,817.532324658826,-106.44779018397055,280.70764435752466,-360.7794393830744,-357.76641316443056,493.58463411553095,482.47709963554604,-189.37238549508257,-137.17100052267733,-100.67103632183036,39.599219180565534,-121.22238873288138,82.72740453205078,-158.80331869770527,299.46413920249347
51.378344505860206,-72.08210082302827,-29.121837116286272,68.11322436450888,-76.28307781873352,54.78293981608521,17.258570976449978,48.126270801398675,14.942200820325523,49.096782524892504,41.58748372391936,58.60911589192799,-82.56441008307864,-76.30427956841704,23.93523720739326,-55.491863709424294,0.4348153281864661,87.91302263727248,-78.95213418921615,61.767537320693684,-10.00191274522196,-17.0316255475867,-41.530111232880465,46.135233975580334,91.30182355918556,14.110994275554809,-36.59796101104149,6.0719213652072055,125.62505309729355,-16.43059573593319,43.037310797449905,-55.469890610617064,-55.007304467663246,75.87675378545885,74.18923345804008,-29.17409492293071,-20.98616112236258,-15.381820369860282,6.0772635181853785,-18.797150511936096,12.663851991290956,-24.319074491906044,45.77112964645725
-137.0006217663619,189.76659595162587,77.20223290772078,-178.84578772682568,201.49691618787494,-144.42421496506526,-44.960788079835254,-128.2421653315793,-39.058370736850414,-129.84687406817568,-109.81395886803548,-156.11594304478228,217.94896183074266,200.11336638641157,-64.37606565244317,146.26810184307348,0.28079383399560476,-229.37229480498343,208.74060452122689,-162.48522592453915,26.06686797869693,45.34848553966507,109.82992263988034,-118.48139582370774,-238.9155512000007,-36.59796101104149,97.75797498329227,-15.808401854802492,-330.2955792215025,43.616426631083996,-114.08568227630644,145.61889135589604,144.26809200744188,-198.299000510384,-194.5403336697505,76.2884339559874,56.45421219506712,41.63322677098961,-16.796135285612692,47.46151144360569,-33.30922583093745,64.88942975188444,-122.82050022079842
22.218782197386442,-31.398630276936068,-12.730581610735376,29.738306952723146,-32.95781198909206,23.760458297973575,7.527231560749969,20.891669177155492,6.50805225447099,21.27214638456603,18.1333281343593,25.419455686753757,-35.832049549350025,-33.316503841379024,10.480889938051872,-24.134831464913553,0.1978338583385388,38.15007336710692,-34.298505453434665,26.803282016855665,-4.300659820531452,-7.407445748837525,-18.187497231272587,20.105947557928232,39.68683471553931,6.0719213652072055,-15.808401854802492,2.6967577086490317,54.45797172792515,-6.951556424885996,18.658702473697712,-24.03408349292267,-23.85231059278808,33.022199149932945,32.165717288772754,-12.596219237630994,-9.046127642525091,-6.620423157844308,2.5243157512284498,-8.185590002592331,5.558980798547906,-10.523167418585299,19.838609455283002
463.4356709794454,-647.4027610311641,-262.5286917306815,611.3177823108646,-685.1009719867518,491.9305305942127,154.3287263655421,434.2619778302816,133.77754981595928,441.4063734593991,374.0785510723235,528.6991603034965,-741.9199295626307,-684.4822642748383,217.2174491818767,-498.51629438995093,1.8134118185779031,785.9494198516317,-710.0814557184513,554.1783585623567,-89.23059459993057,-153.69425594064865,-374.11373318086174,409.95864258273645,817.532324658826,125.62505309729355,-330.2955792215025,54.45797172792515,1126.6456821701304,-147.32793482195805,387.390086816831,-497.0871042888508,-492.81152279015197,679.2010563445476,664.5864424702589,-260.83660679374844,-189.9167674521051,-139.5519673002596,55.30681872482272,-165.79950976749598,113.85865905026247,-219.45481727255137,414.1813313387838
-61.09428492092148,84.37214466916483,34.2172423976836,-79.42190792840739,90.01514770718964,-64.37920954826882,-20.000687169768728,-57.05923686177794,-17.383820125667697,-57.895904675806044,-48.77491970696283,-69.49880903616202,97.09709571450308,88.87726448512912,-28.454205328047212,65.08662846442326,0.06264859015627797,-102.33941735263883,92.91753662779118,-72.42574327013415,11.698737724308106,20.152949010145562,48.63688329533759,-52.82147095968341,-106.44779018397055,-16.43059573593319,43.616426631083996,-6.951556424885996,-147.32793482195805,19.72477473153361,-50.828670130567275,64.98711354640531,64.35986732578733,-88.2937070463042,-86.79705466866677,34.1366435079555,25.19922333204068,18.584691874145662,-7.635448229498944,21.214255672104034,-14.737626147216183,28.921837421094022,-54.650410068563055
159.99202693407767,-222.6593995146067,-90.4574021525232,210.07970453028813,-235.8950316060985,169.27083248679642,52.91679092356064,149.8716932367085,45.91676955853473,152.02769498230055,128.76142796101817,182.45553185030434,-255.3847653444619,-235.1449964640351,75.1454343531365,-171.51651406733737,0.15513964167316704,269.65578261155446,-244.52644707381776,190.57226649530608,-30.615076893302053,-53.031529357369614,-128.8129493636026,140.01449054763685,280.70764435752466,43.037310797449905,-114.08568227630644,18.658702473697712,387.390086816831,-50.828670130567275,133.51431984083675,-170.84728278703818,-169.3304720657403,233.1225102425709,228.33844898801044,-89.5612648480332,-65.73050023911783,-48.387023754166826,19.309147319638623,-56.35777826280725,39.14216058460557,-75.77747829830093,143.23139897293854
-204.33221476096867,285.60680935587055,115.77152302743774,-269.7155419266811,302.2134728376753,-217.01484221220926,-68.11950971181275,-191.4697090250384,-59.03917279010203,-194.6966437639577,-165.0008837364351,-233.11178228923717,327.27203616285306,302.01447519560776,-95.7186905298023,219.9152438229731,-0.9063103121093605,-346.8976630087294,313.19922808734793,-244.50039548026402,39.38921477940736,67.76486899094922,164.99577332519672,-181.08018955682854,-360.7794393830744,-55.469890610617064,145.61889135589604,-24.03408349292267,-497.0871042888508,64.98711354640531,-170.84728278703818,219.3386571114123,217.46032252370043,-299.7472089449676,-293.2622079021117,115.11905820530481,83.70188994396689,61.48508595437069,-24.35056157129133,73.29671440912954,-50.227569633501666,96.75444838466319,-182.55302561204917
-202.4574104438942,283.17849517263676,114.77008174869007,-267.4657415704344,299.5337235472056,-215.13011473570327,-67.56794041848617,-189.737355251448,-58.55175735219023,-192.97806994494206,-163.585228003422,-231.00200350953654,324.4217338617492,299.5095508132623,-94.84605965849964,218.02469524870725,-0.978567206740117,-344.02112409034544,310.46331059459874,-242.39984694302987,39.05433264276006,67.15869453705503,163.59235840630072,-179.70370341152733,-357.76641316443056,-55.007304467663246,144.26809200744188,-23.85231059278808,-492.81152279015197,64.35986732578733,-169.3304720657403,217.46032252370043,215.61111621814584,-297.2695179993484,-290.7680595890317,114.13839728358248,82.89879176883268,60.87972884008292,-24.06808719813917,72.78243765828125,-49.813869758687204,95.86695010491317,-180.84871947582297
278.3931631911137,-390.46860389457464,-158.1796902470756,369.0604251031844,-412.3678995415002,296.40162758257037,93.3138856861813,261.05534593059673,80.80962234584017,265.7274548063367,225.50206407411912,317.82227909771296,-446.94686996892005,-413.34492028405197,130.48513362520936,-300.51286065681626,1.7740995841291298,474.7142565003997,-427.6830585351578,334.0988747547583,-53.83617421150502,-92.44318446904953,-225.5998706474081,248.659684941041,493.58463411553095,75.87675378545885,-198.299000510384,33.022199149932945,679.2010563445476,-88.2937070463042,233.1225102425709,-299.7472089449676,-297.2695179993484,410.26924519876826,400.89161760664445,-157.34531454038267,-113.79811312641598,-83.48919862785945,32.750629883119394,-100.93555699776361,68.769738978751107,-131.82754321796514,248.5382178903017
273.00621567334247,-381.8714503333882,-154.76222064290636,360.68637926056863,-403.9354290720014,290.11172996636526,91.12279330497938,255.85323698135645,78.96130133299091,260.2339729994899,220.5924722747604,311.495629358418,-437.4893690759686,-403.898792074271,127.88318396123499,-294.01169058413274,1.3338371772689572,463.95023068068457,-418.6609269719943,326.88916266483756,-52.670184294347465,-90.55934419656138,-220.59673438075345,242.36756640216734,482.47709963554604,74.18923345804008,-194.5403336697505,32.165717288772754,664.5864424702589,-86.79705466866677,228.33844898801044,-293.2622079021117,-290.7680595890317,400.89161760664445,392.1259102474112,-153.92984884850495,-111.7830815097626,-82.08885539105738,32.45203396782721,-98.17133851007549,67.17206582574148,-129.27108298469028,243.85702691270856
-107.05923774808285,149.77632244725822,60.64166173325454,-141.4598260534657,158.54015498316866,-113.83058253071067,-35.763176347075856,-100.29170524950612,-30.986577587281932,-102.09426378226725,-86.4892493975112,-122.12308331161259,171.62831941342228,158.42079128251694,-50.041506112723624,115.32469331276779,-0.6083709040005368,-182.1811148096758,164.2029582658597,-128.2761275454902,20.707583268935334,35.49505989593466,86.43623960759972,-95.24260173919335,-189.37238549508257,-29.17409492293071,76.2884339559874,-12.596219237630994,-260.83660679374844,34.1366435079555,-89.5612648480332,115.11905820530481,114.13839728358248,-157.34531454038267,-153.92984884850495,60.471093222183406,43.82048168143678,32.17176280044208,-12.747432837127512,38.63355380565372,-26.323613335926083,50.68862906849313,-95.55500116423117
-79.07289406109676,109.09736602981117,44.44589898482561,-102.7243820984585,116.03399309725414,-83.09637543972399,-25.776763985742896,-73.97973158188475,-22.415312096783556,-74.7764826599067,-63.173575853559406,-90.05450090865736,125.43088690698282,114.90433406863949,-37.190483643386024,84.1294022521884,0.37425488742768054,-131.61236502034157,120.16705036546504,-93.43121533088922,14.96526828418942,26.148570307190187,63.17965776257851,-67.67485765226861,-137.17100052267733,-20.98616112236258,56.45421219506712,-9.046127642525091,-189.9167674521051,25.19922333204068,-65.73050023911783,83.70188994396689,82.89879176883268,-113.79811312641598,-111.7830815097626,43.82048168143678,32.666529354089874,24.128796503644033,-9.815422425144092,26.988892878424657,-19.129640557292085,37.454844053317636,-70.98400648212099
-58.28856854111527,80.16267099026393,32.69917465284877,-75.42593358533897,85.36668834994188,-61.09204672212752,-18.892837475230714,-54.510452772401884,-16.443774079565294,-55.01758077159908,-46.44570352618744,-66.35697544047285,92.24063193582886,84.34627409335054,-27.442379373357372,61.83760905487394,0.4061111160676845,-96.54214989692078,88.3941774678018,-68.65624142444064,10.983017634141941,19.263905714008544,46.45219142623714,-49.45235552153912,-100.67103632183036,-15.381820369860282,41.63322677098961,-6.620423157844308,-139.5519673002596,18.584691874145662,-48.387023754166826,61.48508595437069,60.87972884008292,-83.48919862785945,-82.08885539105738,32.17176280044208,24.128796503644033,17.849343156499444,-7.306674473280323,19.646160091315156,-14.046086533229472,27.613866272499457,-52.38746062297197
23.451170451412466,-31.622757075477445,-12.921979716947561,29.59421896344817,-34.10504219958533,24.256309423440175,7.371756874708338,21.823115279403673,6.448634478709636,21.932898628272774,18.348907497934363,26.58010628964538,-36.63567133151486,-33.05950377208014,10.962401610079645,-24.465909532058618,-0.3838474240881911,37.947765521488854,-35.11341518622529,27.18996934327819,-4.360118893234884,-7.687205936024973,-18.278300078359997,19.048889297068264,39.599219180565534,6.0772635181853785,-16.796135285612692,2.5243157512284498,55.30681872482272,-7.635448229498944,19.309147319638623,-24.35056157129133,-24.06808719813917,32.750629883119394,32.45203396782721,-12.747432837127512,-9.815422425144092,-7.306674473280323,3.1530793406171056,-7.448557102321262,5.4844986812491285,-11.106271754775127,21.132797992735508
-66.787386986834,95.25016822700842,38.29216941129721,-90.34863363028376,100.04827916266791,-72.12779049863951,-23.049881049455568,-62.72048367936051,-19.87680988159154,-64.40578399802608,-54.82283241572763,-76.38834440124738,108.60784963468035,101.33303860755491,-31.04661527163432,73.18001313274564,-1.2881596206975592,-116.96121266751614,103.75091896381016,-81.51964552097161,13.262492105704727,22.241896789114612,54.78933725142239,-62.439227165836144,-121.22238873288138,-18.797150511936096,47.46151144360569,-8.185590002592331,-165.79950976749598,21.214255672104034,-56.35777826280725,73.29671440912954,72.78243765828125,-100.93555699776361,-98.17133851007549,38.63355380565372,26.988892878424657,19.646160091315156,-7.448557102321262,25.830097531737405,-16.816575144558282,31.60619755343096,-59.191439578577594
46.76222180853822,-65.55238422351526,-26.61274190907719,61.96452304248041,-69.12775211971123,49.71766128509192,15.638801806762423,43.88432061886476,13.54808145807884,44.5880566885012,37.88869543053523,53.41420817402074,-75.00197779673536,-69.3864243183909,22.021188273569006,-50.44196743440895,0.21352751602436662,79.48960015530214,-71.80737228622874,56.025980535005004,-8.992861724908977,-15.54572821960501,-37.957120363385684,41.56289239318845,82.72740453205078,12.663851991290956,-33.30922583093745,5.558980798547906,113.85865905026247,-14.737626147216183,39.14216058460557,-50.227569633501666,-49.813869758687204,68.769738978751107,67.17206582574148,-26.323613335926083,-19.129640557292085,-14.046086533229472,5.4844986812491285,-16.816575144558282,11.567013202067441,-22.15033295225917,41.819609434786564
-90.95309336366108,126.11835277415406,51.30339856742123,-118.89363229043943,133.81964140068717,-95.9478782838872,-29.89579102901105,-85.15855275296941,-25.965422454752908,-86.24611060506949,-72.97717889946728,-103.66956167398992,144.79469209063637,133.04073995822756,-42.75638073338662,97.19194114449002,0.13829415763499917,-152.46729048206282,138.67643746846608,-107.96193139603884,17.319347369735446,30.121063501354268,73.00349857582235,-78.83823020657708,-158.80331869770527,-24.319074491906044,64.88942975188444,-10.523167418585299,-219.45481727255137,28.921837421094022,-75.77747829830093,96.75444838466319,95.86695010491317,-131.82754321796514,-129.27108298469028,50.68862906849313,37.454844053317636,27.613866272499457,-11.106271754775127,31.60619755343096,-22.15033295225917,43.081852640765675,-81.52750994697155
172.10079630788152,-238.11152332388278,-96.99653623579408,224.37172113501325,-252.76137417116146,181.18089649667039,56.336380591246744,161.13577239578774,48.958053624654504,162.95245945442738,137.86152456041503,196.13612924755085,-273.4860694104186,-251.01242946263912,81.05704190654389,-183.5361733996165,-0.5992384253423589,287.33887574469935,-262.01341646507115,203.78542445983632,-32.6229441249046,-56.98517577853776,-137.96576156481885,148.14275405522474,299.46413920249347,45.77112964645725,-122.82050022079842,19.838609455283002,414.1813313387838,-54.650410068563055,143.23139897293854,-182.55302561204917,-180.84871947582297,248.5382178903017,243.85702691270856,-95.55500116423117,-70.98400648212099,-52.38746062297197,21.132797992735508,-59.191439578577594,41.819609434786564,-81.52750994697155,154.4549188765834
