V1,V2,V3,V4,V5,V6,V7,V8,V9,V10,V11,V12,V13,V14,V15,V16,V17,V18,V19,V20,V21,V22,V23,V24,V25,V26,V27,V28,V29,V30,V31,V32,V33,V34,V35,V36,V37,V38,V39,V40,V41,V42,V43,V44
166.60936325972744,53.15190020699932,-137.05132880131595,49.25675718065748,61.666593608425195,126.87368803257516,-46.42707247544718,6.8799739731635965,-54.219752720043346,-34.004306684116486,-22.695099537140134,193.8035727073164,-77.08249745052827,-21.366161345824406,25.555139883190964,95.59683048939165,23.418246421765556,-107.30505672018757,-116.60960719457992,-121.37161042944076,52.22380787917532,-54.78273697828786,81.07860225344584,17.592090474436727,-33.364687102662046,76.04890024065729,-38.797151488271794,25.25963223097885,-21.470996779187693,51.445180148978466,86.34020794741804,-54.60963575670222,55.491000207140736,-151.83919736384897,-15.787295433847856,-100.63169626599877,-160.5106484201742,-33.30654292742791,-167.35242050411608,12.005683985534986,-26.904064696732313,167.2649659505387,97.58004140001242,39.11299340079602
53.15190020699932,17.3822624489173,-44.09069052047519,15.748582014023196,19.3173461784286,40.636235985084156,-15.108725842744581,2.507059838525184,-16.969422284767933,-11.115952101434281,-7.077271888023274,62.79841852690828,-24.917351564260844,-6.5361622232824255,8.4106489957284,31.034872832696962,7.751293044733918,-34.26350306187539,-37.39214621071691,-39.10617320519918,16.744334803227396,-17.44066337148214,25.77227684493032,5.831651560884706,-10.896220020534196,24.276912467455457,-12.518385987998185,8.662703222002841,-7.154732761063141,16.835038573553714,27.656317707423764,-17.5713801067058,18.08076739670669,-48.20956771525352,-5.13125962278983,-32.625842141708766,-52.024731936054486,-10.523760839618324,-54.04222972239662,4.371060484984099,-8.203943685606836,54.12498881975859,31.72251327080267,12.529324480824277
-137.05132880131595,-44.09069052047519,113.06896680503068,-40.56744491091856,-50.4163219283249,-104.5212993799629,38.453952519638854,-5.898926705663367,44.33889349332442,28.210691048071496,18.540326858471584,-160.30806502773345,63.702358258606985,17.346015596781,-21.2535237400866,-79.11504918429033,-19.493154989370165,88.29720193469593,96.10153632515991,100.17593541395075,-43.05478891660562,45.036457903038695,-66.62960279027007,-14.669594023694746,27.66496220692708,-62.57174671291917,32.04639892187543,-21.303487191497773,17.929564692069313,-42.676286587667214,-71.13303206873604,45.03654403945998,-45.98753053919232,124.72580257726344,13.067619999771441,83.24123648131079,132.75659084922972,27.318622245735163,138.24545283894565,-10.371900810166759,21.821547098509583,-138.26751584353931,-80.80715200952781,-32.22639585749223
49.25675718065748,15.748582014023196,-40.56744491091856,15.609380043335602,18.234644416601906,37.457813578893926,-13.899164785799107,1.036053837727196,-16.842842900955887,-10.240783449487074,-7.306514914093582,57.921165281613,-23.200716507134057,-6.736941387960376,7.915347381848845,28.315653126899583,5.605317716406332,-31.913486771365935,-34.70980471290426,-35.822463488883464,16.014722726293005,-15.93933927658469,24.546685496650746,5.239689277870152,-9.576689293246533,22.818882379316836,-11.502068391182426,7.3685554737822745,-6.62439747593074,14.866250869574351,25.39791930726592,-15.502178905213007,17.097876043755814,-46.03679099881072,-4.457596073217776,-29.82409255503573,-47.62531504659315,-10.423076593107284,-50.15057450566285,4.606414779285448,-8.62930159609342,49.39584268183613,29.42246281087224,11.682908282666421
61.666593608425195,19.3173461784286,-50.4163219283249,18.234644416601906,23.123735607635172,46.82110900829424,-16.938988855734536,2.255935134160471,-20.36766090184329,-12.366835597921511,-8.553379728584217,70.9304794126469,-28.267422425726547,-8.15482352484631,9.253604765912879,34.93275723201894,8.390060815936108,-39.69656113456895,-43.003184706344285,-44.59472109169308,19.27526187343929,-20.296561036048416,30.103602640398847,6.325942456199342,-12.128617356710976,28.14670840348554,-14.240094581426279,8.838878995049104,-7.699540016422767,18.677099473662885,31.856515822896355,-20.06853245486184,20.241435439340915,-56.428207702796136,-5.758449326643962,-36.809858851325416,-58.726181479483564,-12.430402277912657,-61.41344328129648,4.020562888995631,-10.295038555579263,61.263292406469,35.63468325733487,14.436138561615126
126.87368803257516,40.636235985084156,-104.5212993799629,37.457813578893926,46.82110900829424,96.73496333650199,-35.45033764431176,5.390376171230294,-41.13981696322991,-26.00216430061393,-17.1818676280903,147.99282473396713,-58.795898656794776,-16.14803479130998,19.541798272732983,73.03700461940035,18.04957241715286,-81.70569838299348,-88.8652728246968,-92.56980601902421,39.7913671766961,-41.737082138488155,61.671858207600025,13.487130681378156,-25.54120850995834,57.889509429726075,-29.61308117889298,19.480275959697842,-16.44287168021688,39.35746716834009,65.84078263967658,-41.67945145460953,42.33884762337232,-115.46569435034819,-12.09367866186416,-76.8479114437034,-122.5462395511379,-25.278752246756316,-127.64809284022095,9.2992501089428,-20.311839626960243,127.69830132800791,74.53296462492592,29.807614687016805
-46.42707247544718,-15.108725842744581,38.453952519638854,-13.899164785799107,-16.938988855734536,-35.45033764431176,13.185254561951972,-1.9880518283383184,14.990007919967576,9.681559748629219,6.292470694577123,-54.763737970881095,21.77877836211323,5.821951812434698,-7.350511562868466,-27.007244841524535,-6.525149121205121,29.95257029443651,32.66032657328428,34.08156076217838,-14.700633342257758,15.19802518896525,-22.613830998525756,-5.060295568288907,9.428955688351916,-21.251008020743615,10.911670935863508,-7.444062593071298,6.235587905166006,-14.58071840596974,-24.113939415531604,15.230408028685101,-15.842344037673904,42.33373962786695,4.42595074491257,28.418194976865014,45.32757665516933,9.301681904749612,47.19640347042653,-3.874071145926576,7.3392039020304205,-47.13687100300937,-27.67880810711195,-10.952754876880995
6.8799739731635965,2.507059838525184,-5.898926705663367,1.036053837727196,2.255935134160471,5.390376171230294,-1.9880518283383184,1.5348523496488662,-1.1623086080850922,-1.4299092206842627,-0.22047150461575166,8.133066515089645,-3.0401877934050847,-0.2354259259026281,0.9096128093972943,4.313841638694502,2.4718359511947203,-4.2745043212926435,-4.733045535225977,-5.386078338980724,1.6439403102440606,-2.4744343181632673,2.7045853238823745,0.8607801017398471,-1.854230081934353,2.829128171509224,-1.6749698999060878,1.6262992821292717,-0.8662312208460569,2.8054766332047176,3.758761040708723,-3.009267094369441,1.9248245720100048,-4.954536664616677,-0.9249106466390234,-4.494846030875488,-7.113868065116863,-0.7306732834000038,-6.776587546060513,-0.11132396892343879,-0.13108481576181197,7.560595627674299,3.928570518226827,1.533898654341591
-54.219752720043346,-16.969422284767933,44.33889349332442,-16.842842900955887,-20.36766090184329,-41.13981696322991,14.990007919967576,-1.1623086080850922,18.58816290062179,11.002496799383488,8.00311111536385,-62.79389673719912,25.13724655485057,7.529989051860937,-8.392221633931713,-30.722959547595313,-6.3401771974358825,35.04243050336725,37.98064890320351,39.12260668810536,-17.396422374250825,17.66142181887104,-26.926817715871888,-5.576105728327441,10.424779454922374,-25.00203170027573,12.541019897155335,-7.637228671916988,6.950744508834733,-16.110620699520194,-27.921165405926526,17.127367068950665,-18.283750938620603,50.52177736338261,4.902526024278947,32.377949168343704,51.690791736619914,11.380671127343858,54.45224638961413,-4.309977410816587,9.618555672085458,-53.76041553800916,-31.737478038847794,-12.785883009112414
-34.004306684116486,-11.115952101434281,28.210691048071496,-10.240783449487074,-12.366835597921511,-26.00216430061393,9.681559748629219,-1.4299092206842627,11.002496799383488,7.144447632896334,4.631030012266337,-40.276360893563044,15.99642848173929,4.258928377879023,-5.430239742756827,-19.863028324407786,-4.7516468229280155,21.946113348902887,23.962242173717904,24.999734495155884,-10.807052246220245,11.123741259219887,-16.582830449551704,-3.740607810993942,6.92406021471702,-15.579410388613162,8.013864249924115,-5.512833118248474,4.612417287793196,-10.703969808948155,-17.687714248397388,11.131334310056223,-11.661038607073584,31.02372304452147,3.252272497816962,20.877073602665487,33.29503541298783,6.8247559362770875,34.66670724857824,-2.958523744413758,5.368354454200892,-34.610462230700975,-20.38477387604492,-8.040318066483078
-22.695099537140134,-7.077271888023274,18.540326858471584,-7.306514914093582,-8.553379728584217,-17.1818676280903,6.292470694577123,-0.22047150461575166,8.00311111536385,4.631030012266337,3.5210833788393514,-26.35166915484669,10.598968668384149,3.2783046590537213,-3.5760899950971,-12.823448216762406,-2.3017040930012787,14.71269082562709,15.952879928317756,16.339738372775436,-7.408736581340968,7.333080376121537,-11.425548483390047,-2.3349349739486374,4.265097511853732,-10.542561727718319,5.244296076362536,-3.120778510488429,2.956518648340764,-6.620592481377991,-11.644378448952011,6.991559333847365,-7.8004296587325195,21.441758976235192,1.9824353340937066,13.52207533801127,21.611517274165315,4.91833251455217,22.908639682627207,-2.0239673142527215,4.223253093514632,-22.427624672917187,-13.378940036200058,-5.379955044099549
193.8035727073164,62.79841852690828,-160.30806502773345,57.921165281613,70.9304794126469,147.99282473396713,-54.763737970881095,8.133066515089645,-62.79389673719912,-40.276360893563044,-26.35166915484669,228.06894557172154,-90.62175425567145,-24.465373634214306,30.497223493055625,112.48304349115102,27.222159588100926,-124.97806205954784,-136.22405060254343,-142.01981245409192,61.28061608271456,-63.53925922867877,94.41600283692476,21.00237293030297,-39.251489844524485,88.65435593189925,-45.49257988089378,30.698047712696088,-25.79691406111572,60.605238390937416,100.68308947094238,-63.51198153534671,65.74736320794143,-176.70938601200334,-18.487088323737442,-118.3000055061619,-188.6663206936141,-38.808919325740774,-196.498381352377,15.76194732684387,-30.82308788324391,196.30904976111276,115.19309328419273,45.6965383580644
-77.08249745052827,-24.917351564260844,63.702358258606985,-23.200716507134057,-28.267422425726547,-58.795898656794776,21.77877836211323,-3.0401877934050847,25.13724655485057,15.99642848173929,10.598968668384149,-90.62175425567145,36.070895913352906,9.83647604114329,-12.14582646784535,-44.63911704512387,-10.553458930606157,49.73907531340908,54.184512847773,56.42141602980785,-24.444194277404115,25.22243037255398,-37.65942618525139,-8.320010361264812,15.515609958963996,-35.317614624142635,18.067602081402637,-12.09928169216461,10.263721126853694,-23.98743338503713,-39.98202263781577,25.13729604758101,-26.22561730554526,70.51637231030386,7.2886744455517025,46.976571265854126,74.94039757893931,15.554539416792936,78.17195733507839,-6.351417877188793,12.425601467346807,-77.94256234193455,-45.79793619925978,-18.180281920197956
-21.366161345824406,-6.5361622232824255,17.346015596781,-6.736941387960376,-8.15482352484631,-16.14803479130998,5.821951812434698,-0.2354259259026281,7.529989051860937,4.258928377879023,3.2783046590537213,-24.465373634214306,9.83647604114329,3.115632962503009,-3.251120324387957,-11.916665693855776,-2.2557230575217218,13.817997653837587,14.927305942130255,15.273264157069708,-6.889073832142994,6.9459393289861735,-10.708805371478253,-2.1252582728285567,3.9851922527355343,-9.880906187631215,4.89525998898521,-2.780520037239562,2.6590945386885507,-6.157727082957971,-10.950656093800777,6.624216177833393,-7.147648455514266,20.118616032587596,1.8721095787750694,12.579311286453567,20.09500934869819,4.5860431502310925,21.297886003403054,-1.6189091393970403,4.003902525983943,-20.907749431911313,-12.356000871555574,-5.034305902014177
25.555139883190964,8.4106489957284,-21.2535237400866,7.915347381848845,9.253604765912879,19.541798272732983,-7.350511562868466,0.9096128093972943,-8.392221633931713,-5.430239742756827,-3.5760899950971,30.497223493055625,-12.14582646784535,-3.251120324387957,4.189561861524194,14.994743698638077,3.3285346122970196,-16.538936722958997,-18.068805059125506,-18.817941189220004,8.249786379178813,-8.299195773680912,12.568447989374187,2.8341030687212228,-5.173631377119381,11.78458688351207,-6.045440723856232,4.194174678902724,-3.558689130311841,8.02601462324152,13.266474757752759,-8.257344257142721,8.953578688519874,-23.531882927722275,-2.4121971307733414,-15.764476541852565,-25.15107212694207,-5.234465367036406,-26.26540871268514,2.4973266219042176,-4.125665228666327,26.081071727165615,15.497411048672642,6.066270483772649
95.59683048939165,31.034872832696962,-79.11504918429033,28.315653126899583,34.93275723201894,73.03700461940035,-27.007244841524535,4.313841638694502,-30.722959547595313,-19.863028324407786,-12.823448216762406,112.48304349115102,-44.63911704512387,-11.916665693855776,14.994743698638077,55.556619365011755,13.798537976392472,-61.60485225288971,-67.15887220605453,-70.12391413495385,30.09125956309976,-31.398834450102655,46.410142836438595,10.379272310817061,-19.47243872258511,43.652099951986976,-22.451190532641764,15.25923739928565,-12.701976539771378,30.046727426959162,49.70944815460043,-31.513861356845553,32.306619618229114,-86.83555448245392,-9.191168603827462,-58.412249234893054,-93.13947558975886,-18.97935238409828,-96.85114157790454,7.590351223161374,-14.970055042422828,96.95487407459824,56.765939523174076,22.516221846106063
23.418246421765556,7.751293044733918,-19.493154989370165,5.605317716406332,8.390060815936108,18.04957241715286,-6.525149121205121,2.4718359511947203,-6.3401771974358825,-4.7516468229280155,-2.3017040930012787,27.222159588100926,-10.553458930606157,-2.2557230575217218,3.3285346122970196,13.798537976392472,5.214673167200771,-14.858893887042687,-16.243681494954846,-17.43210499247223,6.678040526049398,-8.014359948602735,10.588045572925987,2.5981005862955167,-5.260194274560095,10.26437254222195,-5.530728983194596,4.14269628187121,-2.8921502913055948,7.991903741603531,12.408112759902037,-8.612020930879567,7.189497458041744,-19.689598450448035,-2.5704704143190966,-14.458589856888649,-22.972334841076798,-3.8581506987113103,-23.154679557758342,0.7510445798545722,-2.6304486407667227,24.18059448931054,13.450959653313385,5.389711643436704
-107.30505672018757,-34.26350306187539,88.29720193469593,-31.913486771365935,-39.69656113456895,-81.70569838299348,29.95257029443651,-4.2745043212926435,35.04243050336725,21.946113348902887,14.71269082562709,-124.97806205954784,49.73907531340908,13.817997653837587,-16.538936722958997,-61.60485225288971,-14.858893887042687,69.14768481649462,75.15339476607171,78.18199697655655,-33.74091849509113,35.23190288736521,-52.31664122292723,-11.34783891314373,21.44999636213309,-49.042164894583145,24.999468254556586,-16.285645736329737,13.896626132291248,-33.09753402238825,-55.584523853949534,35.066782856950404,-35.88931224784914,97.98657538518685,10.132744970584367,64.85381281083757,103.45514482203193,21.549598096152938,107.94344638506402,-7.950891954238448,17.42450988372067,-107.75819441389963,-62.978678181562216,-25.213464704175447
-116.60960719457992,-37.39214621071691,96.10153632515991,-34.70980471290426,-43.003184706344285,-88.8652728246968,32.66032657328428,-4.733045535225977,37.98064890320351,23.962242173717904,15.952879928317756,-136.22405060254343,54.184512847773,14.927305942130255,-18.068805059125506,-67.15887220605453,-16.243681494954846,75.15339476607171,81.77150131415088,85.11609992288922,-36.712234725519764,38.283229856471166,-56.83688734262763,-12.434606030514571,23.39985353852675,-53.2928486558261,27.229515930708608,-17.920992986718602,15.219762542704842,-36.110968390581824,-60.468058335671536,38.139997827547504,-39.153635635896904,106.40651719163671,11.039752994762493,70.67628542126168,112.74044113279939,23.391196314956257,117.56174883778908,-8.871228742245512,18.81558388382508,-117.40675806541543,-68.6910825092402,-27.431937232892253
-121.37161042944076,-39.10617320519918,100.17593541395075,-35.822463488883464,-44.59472109169308,-92.56980601902421,34.08156076217838,-5.386078338980724,39.12260668810536,24.999734495155884,16.339738372775436,-142.01981245409192,56.42141602980785,15.273264157069708,-18.817941189220004,-70.12391413495385,-17.43210499247223,78.18199697655655,85.11609992288922,88.7862701317308,-38.068439526596755,39.90106816396016,-58.93456639092859,-13.022459910695664,24.55721806580961,-55.37971886510391,28.391921598265046,-18.96249132873322,15.898803165636348,-37.89017157441839,-63.012121308579694,39.96973283401009,-40.71894278098719,110.29801683187642,11.596524243063348,73.77761378086215,117.66647682804214,24.123224671829995,122.4567127871371,-9.152677162747889,19.195493632313173,-122.55958872855537,-71.58128532181772,-28.533015210390946
52.22380787917532,16.744334803227396,-43.05478891660562,16.014722726293005,19.27526187343929,39.7913671766961,-14.700633342257758,1.6439403102440606,-17.396422374250825,-10.807052246220245,-7.408736581340968,61.28061608271456,-24.444194277404115,-6.889073832142994,8.249786379178813,30.09125956309976,6.678040526049398,-33.74091849509113,-36.712234725519764,-38.068439526596755,16.716115848775612,-17.032190608535807,25.716062053753006,5.574254427215826,-10.351499555801755,24.019583740602304,-12.20884281106455,7.963020241716446,-6.925255270671644,16.00535781635464,27.030577356217915,-16.79103385431211,17.830624679318653,-48.193812073566505,-4.856228517927832,-31.679285817251383,-50.54712433287577,-10.737270000985022,-52.934237715396215,4.4326870026601775,-8.751948662958066,52.53828926054751,31.006471928801062,12.339238595232212
-54.78273697828786,-17.44066337148214,45.036457903038695,-15.93933927658469,-20.296561036048416,-41.737082138488155,15.19802518896525,-2.4744343181632673,17.66142181887104,11.123741259219887,7.333080376121537,-63.53925922867877,25.22243037255398,6.9459393289861735,-8.299195773680912,-31.398834450102655,-8.014359948602735,35.23190288736521,38.283229856471166,39.90106816396016,-17.032190608535807,18.089012497292003,-26.52931304597568,-5.7674226423756965,11.028684912694857,-24.91742759739277,12.749061422353897,-8.292153749649716,6.970908227183506,-16.967772636063728,-28.428578586711648,18.09820279294399,-18.04578818665226,49.656113120527095,5.241211068756504,33.0409149385582,52.68546961358908,10.813612448056643,54.817491705637536,-3.660960800599743,8.710259060768799,-54.97324485912632,-31.922430284474306,-12.832257153025093
81.07860225344584,25.77227684493032,-66.62960279027007,24.546685496650746,30.103602640398847,61.671858207600025,-22.613830998525756,2.7045853238823745,-26.926817715871888,-16.582830449551704,-11.425548483390047,94.41600283692476,-37.65942618525139,-10.708805371478253,12.568447989374187,46.410142836438595,10.588045572925987,-52.31664122292723,-56.83688734262763,-58.93456639092859,25.716062053753006,-26.52931304597568,39.80764032604172,8.531224696862102,-16.00881076384309,37.188000009225064,-18.864341385283197,12.077821163183575,-10.523641060562312,24.729219743309198,41.92022169990074,-26.17268536878286,27.296290823764522,-74.59257611179098,-7.5367137394399935,-48.87548519662812,-77.99469023333559,-16.55876840296348,-81.64822465611394,6.294750897725209,-13.573401134641708,81.17260162727285,47.65653755294608,19.090144673685515
17.592090474436727,5.831651560884706,-14.669594023694746,5.239689277870152,6.325942456199342,13.487130681378156,-5.060295568288907,0.8607801017398471,-5.576105728327441,-3.740607810993942,-2.3349349739486374,21.00237293030297,-8.320010361264812,-2.1252582728285567,2.8341030687212228,10.379272310817061,2.5981005862955167,-11.34783891314373,-12.434606030514571,-13.022459910695664,5.574254427215826,-5.7674226423756965,8.531224696862102,1.989317737550551,-3.6482781772032964,8.035560820587815,-4.174090279512157,2.977212901572247,-2.4308361306164312,5.638937341171486,9.189555764112304,-5.8218459883305735,6.072358040772358,-15.931047999310453,-1.7068524080997713,-10.900684211870473,-17.38265150215222,-3.478837639796949,-18.02960884343902,1.578854448476693,-2.665037658429469,18.070386943552776,10.635264754123568,4.169555556866852
-33.364687102662046,-10.896220020534196,27.66496220692708,-9.576689293246533,-12.128617356710976,-25.54120850995834,9.428955688351916,-1.854230081934353,10.424779454922374,6.92406021471702,4.265097511853732,-39.251489844524485,15.515609958963996,3.9851922527355343,-5.173631377119381,-19.47243872258511,-5.260194274560095,21.44999636213309,23.39985353852675,24.55721806580961,-10.351499555801755,11.028684912694857,-16.00881076384309,-3.6482781772032964,6.929923103271828,-15.13893799210362,7.8524664224227205,-5.4636132009272345,4.403378681122709,-10.665233618435204,-17.41031647270244,11.218875660667068,-11.135269989839374,29.928850427209486,3.290421562092041,20.461536199970258,32.60366863522015,6.433569794092601,33.718658959297386,-2.4308037600289403,4.957900072618971,-33.992737877250065,-19.74759788558721,-7.8325316357395565
76.04890024065729,24.276912467455457,-62.57174671291917,22.818882379316836,28.14670840348554,57.889509429726075,-21.251008020743615,2.829128171509224,-25.00203170027573,-15.579410388613162,-10.542561727718319,88.65435593189925,-35.317614624142635,-9.880906187631215,11.78458688351207,43.652099951986976,10.26437254222195,-49.042164894583145,-53.2928486558261,-55.37971886510391,24.019583740602304,-24.91742759739277,37.188000009225064,8.035560820587815,-15.13893799210362,34.825484277237464,-17.71672561246299,11.503642918450083,-9.891961620444881,23.379598933197595,39.35957469243146,-24.727372023473897,25.553879361236326,-69.67564669998848,-7.1410816361543725,-45.9597925358218,-73.32425158665306,-15.385778486899087,-76.607769774289,5.8180480934537036,-12.48888871714176,76.3287911737158,44.72040002834181,17.886818757473712
-38.797151488271794,-12.518385987998185,32.04639892187543,-11.502068391182426,-14.240094581426279,-29.61308117889298,10.911670935863508,-1.6749698999060878,12.541019897155335,8.013864249924115,5.244296076362536,-45.49257988089378,18.067602081402637,4.89525998898521,-6.045440723856232,-22.451190532641764,-5.530728983194596,24.999468254556586,27.229515930708608,28.391921598265046,-12.20884281106455,12.749061422353897,-18.864341385283197,-4.174090279512157,7.8524664224227205,-17.71672561246299,9.090919853492574,-6.083008323257396,5.104507382148938,-12.1106148050909,-20.15262170201519,12.75116831323892,-13.057399072621266,35.30398939318792,3.7082943165011097,23.613733260172303,37.656755898903015,7.730308249518687,39.19932301749179,-3.0009268817621746,6.157457280463442,-39.21372767158568,-22.943307248225135,-9.130112723098202
25.25963223097885,8.662703222002841,-21.303487191497773,7.3685554737822745,8.838878995049104,19.480275959697842,-7.444062593071298,1.6262992821292717,-7.637228671916988,-5.512833118248474,-3.120778510488429,30.698047712696088,-12.09928169216461,-2.780520037239562,4.194174678902724,15.25923739928565,4.14269628187121,-16.285645736329737,-17.920992986718602,-18.96249132873322,7.963020241716446,-8.292153749649716,12.077821163183575,2.977212901572247,-5.4636132009272345,11.503642918450083,-6.083008323257396,4.711474786471616,-3.6521780971581403,8.454514163696372,13.273766088469852,-8.58548034843014,8.858177866321576,-22.532438943471973,-2.560511433447286,-15.999513521658464,-25.488348286449913,-4.822266958979505,-26.215903722612264,2.448267914708221,-3.4436036325067474,26.467953128282193,15.565899366715167,5.988301323782886
-21.470996779187693,-7.154732761063141,17.929564692069313,-6.62439747593074,-7.699540016422767,-16.44287168021688,6.235587905166006,-0.8662312208460569,6.950744508834733,4.612417287793196,2.956518648340764,-25.79691406111572,10.263721126853694,2.6590945386885507,-3.558689130311841,-12.701976539771378,-2.8921502913055948,13.896626132291248,15.219762542704842,15.898803165636348,-6.925255270671644,6.970908227183506,-10.523641060562312,-2.4308361306164312,4.403378681122709,-9.891961620444881,5.104507382148938,-3.6521780971581403,3.0479784714216445,-6.841579462587304,-11.170176473439088,6.986021501271981,-7.587519837209141,19.685079160491746,2.045139312458612,13.348581014269413,21.297849477652143,4.363143470412132,22.187856328772792,-2.1797193760064473,3.366290214382775,-22.07460589266561,-13.12415187462261,-5.105177191887432
51.445180148978466,16.835038573553714,-42.676286587667214,14.866250869574351,18.677099473662885,39.35746716834009,-14.58071840596974,2.8054766332047176,-16.110620699520194,-10.703969808948155,-6.620592481377991,60.605238390937416,-23.98743338503713,-6.157727082957971,8.02601462324152,30.046727426959162,7.991903741603531,-33.09753402238825,-36.110968390581824,-37.89017157441839,16.00535781635464,-16.967772636063728,24.729219743309198,5.638937341171486,-10.665233618435204,23.379598933197595,-12.1106148050909,8.454514163696372,-6.841579462587304,16.444374272347936,26.81741627401309,-17.251013073404998,17.2724932503891,-46.23918657843635,-5.048318409074565,-31.58235643350967,-50.33857207566816,-9.972510812352038,-52.101255604192474,3.877203407888116,-7.674750767295999,52.44697228358403,30.52533174103572,12.085492472393623
86.34020794741804,27.656317707423764,-71.13303206873604,25.39791930726592,31.856515822896355,65.84078263967658,-24.113939415531604,3.758761040708723,-27.921165405926526,-17.687714248397388,-11.644378448952011,100.68308947094238,-39.98202263781577,-10.950656093800777,13.266474757752759,49.70944815460043,12.408112759902037,-55.584523853949534,-60.468058335671536,-63.012121308579694,27.030577356217915,-28.428578586711648,41.92022169990074,9.189555764112304,-17.41031647270244,39.35957469243146,-20.15262170201519,13.273766088469852,-11.170176473439088,26.81741627401309,44.82968790182717,-28.417357549488262,28.758814396813683,-78.46685414205173,-8.246356307163087,-52.29924070277425,-83.39633317244582,-17.152306716659016,-86.82193175724413,6.248314025501919,-13.760699607353398,86.92619132268571,50.68673769785144,20.281726104932023
-54.60963575670222,-17.5713801067058,45.03654403945998,-15.502178905213007,-20.06853245486184,-41.67945145460953,15.230408028685101,-3.009267094369441,17.127367068950665,11.131334310056223,6.991559333847365,-63.51198153534671,25.13729604758101,6.624216177833393,-8.257344257142721,-31.513861356845553,-8.612020930879567,35.066782856950404,38.139997827547504,39.96973283401009,-16.79103385431211,18.09820279294399,-26.17268536878286,-5.8218459883305735,11.218875660667068,-24.727372023473897,12.75116831323892,-8.58548034843014,6.986021501271981,-17.251013073404998,-28.417357549488262,18.3684782081638,-17.90569531206393,48.96173341020167,5.34691838591498,33.14874314900305,52.83083978530269,10.513296296474694,54.69170715298516,-3.4851818655730242,8.239122338929741,-55.159767496071076,-31.855224202541457,-12.761728722984246
55.491000207140736,18.08076739670669,-45.98753053919232,17.097876043755814,20.241435439340915,42.33884762337232,-15.842344037673904,1.9248245720100048,-18.283750938620603,-11.661038607073584,-7.8004296587325195,65.74736320794143,-26.22561730554526,-7.147648455514266,8.953578688519874,32.306619618229114,7.189497458041744,-35.88931224784914,-39.153635635896904,-40.71894278098719,17.830624679318653,-18.04578818665226,27.296290823764522,6.072358040772358,-11.135269989839374,25.553879361236326,-13.057399072621266,8.858177866321576,-7.587519837209141,17.2724932503891,28.758814396813683,-17.90569531206393,19.26459729798155,-51.12066605702476,-5.18797066918768,-34.00178150323649,-54.26513328501994,-11.384522844235498,-56.73104060279166,5.126408752192334,-9.076753440087789,56.32145023115717,33.35397299798822,13.146787724940266
-151.83919736384897,-48.20956771525352,124.72580257726344,-46.03679099881072,-56.428207702796136,-115.46569435034819,42.33373962786695,-4.954536664616677,50.52177736338261,31.02372304452147,21.441758976235192,-176.70938601200334,70.51637231030386,20.118616032587596,-23.531882927722275,-86.83555448245392,-19.689598450448035,97.98657538518685,106.40651719163671,110.29801683187642,-48.193812073566505,49.656113120527095,-74.59257611179098,-15.931047999310453,29.928850427209486,-69.67564669998848,35.30398939318792,-22.532438943471973,19.685079160491746,-46.23918657843635,-78.46685414205173,48.96173341020167,-51.12066605702476,139.82500315167277,14.091541667318078,91.47065261106087,145.966018170747,31.066887578178893,152.8684795330821,-11.782289355604721,25.518743764727738,-151.89979381062852,-89.1918972683858,-35.7438391813362
-15.787295433847856,-5.13125962278983,13.067619999771441,-4.457596073217776,-5.758449326643962,-12.09367866186416,4.42595074491257,-0.9249106466390234,4.902526024278947,3.252272497816962,1.9824353340937066,-18.487088323737442,7.2886744455517025,1.8721095787750694,-2.4121971307733414,-9.191168603827462,-2.5704704143190966,10.132744970584367,11.039752994762493,11.596524243063348,-4.856228517927832,5.241211068756504,-7.5367137394399935,-1.7068524080997713,3.290421562092041,-7.1410816361543725,3.7082943165011097,-2.560511433447286,2.045139312458612,-5.048318409074565,-8.246356307163087,5.34691838591498,-5.18797066918768,14.091541667318078,1.5767934282799108,9.650985718666588,15.36821108049652,3.003973825230765,15.865683608838028,-1.0466607730492457,2.318174625925382,-16.04598154267243,-9.276403425561677,-3.693641592589918
-100.63169626599877,-32.625842141708766,83.24123648131079,-29.82409255503573,-36.809858851325416,-76.8479114437034,28.418194976865014,-4.494846030875488,32.377949168343704,20.877073602665487,13.52207533801127,-118.3000055061619,46.976571265854126,12.579311286453567,-15.764476541852565,-58.412249234893054,-14.458589856888649,64.85381281083757,70.67628542126168,73.77761378086215,-31.679285817251383,33.0409149385582,-48.87548519662812,-10.900684211870473,20.461536199970258,-45.9597925358218,23.613733260172303,-15.999513521658464,13.348581014269413,-31.58235643350967,-52.29924070277425,33.14874314900305,-34.00178150323649,91.47065261106087,9.650985718666588,61.436691066270264,97.96918679103585,20.00939914757145,101.90998013403123,-7.954923939722902,15.813284231130195,-101.97967190349691,-59.69441293433903,-23.696596014408502
-160.5106484201742,-52.024731936054486,132.75659084922972,-47.62531504659315,-58.726181479483564,-122.5462395511379,45.32757665516933,-7.113868065116863,51.690791736619914,33.29503541298783,21.611517274165315,-188.6663206936141,74.94039757893931,20.09500934869819,-25.15107212694207,-93.13947558975886,-22.972334841076798,103.45514482203193,112.74044113279939,117.66647682804214,-50.54712433287577,52.68546961358908,-77.99469023333559,-17.38265150215222,32.60366863522015,-73.32425158665306,37.656755898903015,-25.488348286449913,21.297849477652143,-50.33857207566816,-83.39633317244582,52.83083978530269,-54.26513328501994,145.966018170747,15.36821108049652,97.96918679103585,156.23802891281102,31.954508702242784,162.56174563936145,-12.721583283554631,25.27051122307394,-162.62169260078576,-95.21453015712933,-37.79976149750525
-33.30654292742791,-10.523760839618324,27.318622245735163,-10.423076593107284,-12.430402277912657,-25.278752246756316,9.301681904749612,-0.7306732834000038,11.380671127343858,6.8247559362770875,4.91833251455217,-38.808919325740774,15.554539416792936,4.5860431502310925,-5.234465367036406,-18.97935238409828,-3.8581506987113103,21.549598096152938,23.391196314956257,24.123224671829995,-10.737270000985022,10.813612448056643,-16.55876840296348,-3.478837639796949,6.433569794092601,-15.385778486899087,7.730308249518687,-4.822266958979505,4.363143470412132,-9.972510812352038,-17.152306716659016,10.513296296474694,-11.384522844235498,31.066887578178893,3.003973825230765,20.00939914757145,31.954508702242784,7.01581729598648,33.65501120144229,-2.8404293097707045,5.866942207671817,-33.19182422107506,-19.656426891134917,-7.872176462117425
-167.35242050411608,-54.04222972239662,138.24545283894565,-50.15057450566285,-61.41344328129648,-127.64809284022095,47.19640347042653,-6.776587546060513,54.45224638961413,34.66670724857824,22.908639682627207,-196.498381352377,78.17195733507839,21.297886003403054,-26.26540871268514,-96.85114157790454,-23.154679557758342,107.94344638506402,117.56174883778908,122.4567127871371,-52.934237715396215,54.817491705637536,-81.64822465611394,-18.02960884343902,33.718658959297386,-76.607769774289,39.19932301749179,-26.215903722612264,22.187856328772792,-52.101255604192474,-86.82193175724413,54.69170715298516,-56.73104060279166,152.8684795330821,15.865683608838028,101.90998013403123,162.56174563936145,33.65501120144229,169.49071154543623,-13.503182894791541,26.870464389823805,-169.130736388622,-99.24304236283191,-39.441717429318956
12.005683985534986,4.371060484984099,-10.371900810166759,4.606414779285448,4.020562888995631,9.2992501089428,-3.874071145926576,-0.11132396892343879,-4.309977410816587,-2.958523744413758,-2.0239673142527215,15.76194732684387,-6.351417877188793,-1.6189091393970403,2.4973266219042176,7.590351223161374,0.7510445798545722,-7.950891954238448,-8.871228742245512,-9.152677162747889,4.4326870026601775,-3.660960800599743,6.294750897725209,1.578854448476693,-2.4308037600289403,5.8180480934537036,-3.0009268817621746,2.448267914708221,-2.1797193760064473,3.877203407888116,6.248314025501919,-3.4851818655730242,5.126408752192334,-11.782289355604721,-1.0466607730492457,-7.954923939722902,-12.721583283554631,-2.8404293097707045,-13.503182894791541,2.547921042523703,-2.1503579114453792,12.930082432620537,8.31008483000342,3.003965249205685
-26.904064696732313,-8.203943685606836,21.821547098509583,-8.62930159609342,-10.295038555579263,-20.311839626960243,7.3392039020304205,-0.13108481576181197,9.618555672085458,5.368354454200892,4.223253093514632,-30.82308788324391,12.425601467346807,4.003902525983943,-4.125665228666327,-14.970055042422828,-2.6304486407667227,17.42450988372067,18.81558388382508,19.195493632313173,-8.751948662958066,8.710259060768799,-13.573401134641708,-2.665037658429469,4.957900072618971,-12.48888871714176,6.157457280463442,-3.4436036325067474,3.366290214382775,-7.674750767295999,-13.760699607353398,8.239122338929741,-9.076753440087789,25.518743764727738,2.318174625925382,15.813284231130195,25.27051122307394,5.866942207671817,26.870464389823805,-2.1503579114453792,5.168289129060562,-26.265432332128572,-15.595348582462265,-6.351971205109517
167.2649659505387,54.12498881975859,-138.26751584353931,49.39584268183613,61.263292406469,127.69830132800791,-47.13687100300937,7.560595627674299,-53.76041553800916,-34.610462230700975,-22.427624672917187,196.30904976111276,-77.94256234193455,-20.907749431911313,26.081071727165615,96.95487407459824,24.18059448931054,-107.75819441389963,-117.40675806541543,-122.55958872855537,52.53828926054751,-54.97324485912632,81.17260162727285,18.070386943552776,-33.992737877250065,76.3287911737158,-39.21372767158568,26.467953128282193,-22.07460589266561,52.44697228358403,86.92619132268571,-55.159767496071076,56.32145023115717,-151.89979381062852,-16.04598154267243,-101.97967190349691,-162.62169260078576,-33.19182422107506,-169.130736388622,12.930082432620537,-26.265432332128572,169.3418594254046,98.99639345507313,39.358679616914
97.58004140001242,31.72251327080267,-80.80715200952781,29.42246281087224,35.63468325733487,74.53296462492592,-27.67880810711195,3.928570518226827,-31.737478038847794,-20.38477387604492,-13.378940036200058,115.19309328419273,-45.79793619925978,-12.356000871555574,15.497411048672642,56.765939523174076,13.450959653313385,-62.978678181562216,-68.6910825092402,-71.58128532181772,31.006471928801062,-31.922430284474306,47.65653755294608,10.635264754123568,-19.74759788558721,44.72040002834181,-22.943307248225135,15.565899366715167,-13.12415187462261,30.52533174103572,50.68673769785144,-31.855224202541457,33.35397299798822,-89.1918972683858,-9.276403425561677,-59.69441293433903,-95.21453015712933,-19.656426891134917,-99.24304236283191,8.31008483000342,-15.595348582462265,98.99639345507313,58.2686888529452,23.048752045444196
39.11299340079602,12.529324480824277,-32.22639585749223,11.682908282666421,14.436138561615126,29.807614687016805,-10.952754876880995,1.533898654341591,-12.785883009112414,-8.040318066483078,-5.379955044099549,45.6965383580644,-18.180281920197956,-5.034305902014177,6.066270483772649,22.516221846106063,5.389711643436704,-25.213464704175447,-27.431937232892253,-28.533015210390946,12.339238595232212,-12.832257153025093,19.090144673685515,4.169555556866852,-7.8325316357395565,17.886818757473712,-9.130112723098202,5.988301323782886,-5.105177191887432,12.085492472393623,20.281726104932023,-12.761728722984246,13.146787724940266,-35.7438391813362,-3.693641592589918,-23.696596014408502,-37.79976149750525,-7.872176462117425,-39.441717429318956,3.003965249205685,-6.351971205109517,39.358679616914,23.048752045444196,9.208596441468874
