V1,V2,V3,V4,V5,V6,V7,V8,V9,V10,V11,V12,V13,V14,V15,V16,V17,V18,V19,V20,V21,V22,V23,V24,V25,V26,V27,V28,V29,V30,V31,V32,V33,V34,V35,V36,V37,V38,V39,V40,V41,V42,V43,V44
20.955091065742636,16.906009714593516,-10.570336069370965,4.440428837852146,-9.482863097191307,5.607487118038548,-12.504154495869534,-0.3423615758579755,0.5787889417140284,16.28341951626291,6.47968243800518,9.603512100169825,2.2389452020378635,-4.275942848340161,4.4073308986403426,16.06028342547261,-5.06990710114039,-10.539638483669645,-9.296004088743173,3.1657979486077945,-3.416319714713036,-11.385973191005002,4.681411527146421,-7.173326834226986,14.184647433953948,2.0065242263077923,4.67865182081198,5.616987049130971,-3.852883168713091,-27.896268160063688,-13.382651395689274,3.659164946404689,17.10260355226889,11.361047813997574,10.04056281543503,10.151601276357257,-1.521916146117102,8.88506532758475,-15.332393339749649,-21.41612872560222,13.271112310307359,7.625181188059974,12.56784381308568,18.544308256077596
16.906009714593516,14.124537676961804,-8.242943667531389,3.518563598213489,-8.416341930967823,4.0949881984782435,-10.385495361281707,-0.338095249634808,0.7783042369605775,14.03391928636239,5.666878688214931,7.108471134202771,2.329502269952394,-3.517844163054853,3.619585631059606,13.152187421900486,-4.445241089809331,-8.379286612996962,-7.2482492111182655,3.3809907921512767,-3.195080312934079,-9.399327856290027,3.5082785812718407,-6.215564169106919,12.254633995641179,1.2975952943631712,4.1957705690847975,4.651834683092835,-3.1694453439453305,-24.01808793525244,-11.887880497467222,3.416446003570005,14.247627024331543,10.514722842765282,8.62136604323082,9.188209422443236,-0.4072167905862148,7.764699344522103,-12.12118159720542,-18.299843039662615,11.449154265413744,5.554437351593102,10.17556495395525,15.562575662722265
-10.570336069370965,-8.242943667531389,5.5321245656464795,-2.292261232922302,4.288458757752207,-3.136602002111845,6.120059653004147,0.14098758359482436,-0.07595482329927128,-7.614353567657366,-3.0072051418264127,-5.286660945787698,-0.7821090675358192,2.1077092870215615,-2.1934768893892205,-7.993841661396058,2.324864627957807,5.40629855709523,4.84406434948576,-1.0681395879768611,1.4298720887706013,5.608962168611157,-2.5127954605693326,3.3517799537085193,-6.618600941181824,-1.236387354633531,-2.0793515172024186,-2.771720329435781,1.9161819464029342,13.07121786390512,6.05018910571459,-1.5397918949959721,-8.338083697085613,-4.8498608511666985,-4.713791286514159,-4.454434876605465,1.3193668226838209,-4.107592390286801,7.9057354189210765,10.135844507104663,-6.216149748214464,-4.239531315022384,-6.34041857444732,-8.960294434054422
4.440428837852146,3.518563598213489,-2.292261232922302,0.9755836783548107,-1.8761133673751507,1.2816933261823866,-2.595239707180472,-0.06330594160165721,0.05746845476847305,3.28432526994369,1.3049241565875709,2.1528588395841686,0.3733202433544246,-0.8965251003886754,0.9259043779352274,3.3760586511990556,-1.013719760883499,-2.2550253172468193,-2.004145124429509,0.5212668794677169,-0.6488031836076762,-2.4011767207745214,1.0285174070301155,-1.4417116934631233,2.868640338266729,0.483525782156685,0.9203088810975154,1.168611142591278,-0.8097494820312593,-5.641485938581594,-2.6576553903678146,0.6997568808547638,3.5436995340313686,2.172106683825228,2.0284621188767895,1.9718556110244625,-0.4585871796877861,1.791427035415019,-3.292196907204345,-4.360436616546004,2.683193265274224,1.718871285352777,2.6771241585749292,3.8226437140397596
-9.482863097191307,-8.416341930967823,4.288458757752207,-1.8761133673751507,5.576017641639884,-1.779846400296597,6.157848426585169,0.25096665149007485,-0.8084486010863522,-8.904815088192025,-3.644905249812608,-3.249951489518852,-1.905497626556726,2.052499924121249,-2.0904117503533293,-7.574908276885361,2.8874008125267387,4.550173708132524,3.78953608308865,-2.820267602317664,2.2825559142181033,5.4872666369146135,-1.6998885884064208,3.9603653530748764,-7.7806345692266845,-0.35182992825276405,-2.8295189503086466,-2.727754785922176,1.8265709654009716,15.183104826589451,7.866089715803462,-2.4305586287289915,-8.4877432263982,-7.403135587058061,-5.428381186775903,-6.2876099887494235,-0.7007870036888767,-5.0028342884966195,6.510938493240555,11.411503279991518,-7.249822706876369,-2.4474544076937708,-5.706471119057124,-9.405454500017637
5.607487118038548,4.0949881984782435,-3.136602002111845,1.2816933261823866,-1.779846400296597,1.99745748831169,-3.0619753665326765,-0.04697414916264985,-0.18280359144788624,3.437179512586432,1.3531473961338945,3.264433260635592,0.057591615406018204,-1.0705314554830854,1.1487048958713353,4.147092279407089,-0.9972836695649439,-2.9527849021548063,-2.6970449446265636,0.042402505191777295,-0.45113795653682903,-2.8590999894583695,1.4787911483883367,-1.5181035682972988,2.969228407851701,0.8849255828271865,0.8243596580107064,1.4175218516936914,-0.984802451276859,-5.925143966988104,-2.517080376223637,0.50081075429917,4.132288062493852,1.6771905141485328,2.1309486069718298,1.6760283882139209,-1.2517682009589657,1.8132342707623603,-4.371051969638463,-4.703119728357329,2.818795787415558,2.6494823053887253,3.376828508394843,4.353686493505174
-12.504154495869534,-10.385495361281707,6.120059653004147,-2.595239707180472,6.157848426585169,-3.0619753665326765,7.664737149141734,0.24500025785039137,-0.5593389988115876,-10.314636453850445,-4.156879032534257,-5.322072293946803,-1.6817514404465221,2.592816593815674,-2.672036522187039,-9.710614364452793,3.2503346303617144,6.2068057558281975,5.373787261292406,-2.437998602899829,2.312548046686222,6.911369378808428,-2.6229153172219615,4.568108784510442,-8.981375113159427,-0.9879048538928017,-3.0639460812504127,-3.4317150142650004,2.3305148443441857,17.62703203574053,8.681469636128341,-2.4757744888175384,-10.493156501808825,-7.648415167399631,-6.324807603425376,-6.705797211529715,0.3813063258288225,-5.685564797535083,8.985369261157524,13.442687465352842,-8.40515964003469,-4.167594258154001,-7.507192864255858,-11.454418667248444
-0.3423615758579755,-0.338095249634808,0.14098758359482436,-0.06330594160165721,0.25096665149007485,-0.04697414916264985,0.24500025785039137,0.018399735425970558,-0.04570553590854923,-0.3772392346085906,-0.16867145822803095,-0.09076220954502003,-0.1010788550387559,0.07642574514023319,-0.08372845730079317,-0.2936699142052715,0.12333148820532515,0.15807123613287855,0.11497023209851405,-0.1613287580192678,0.10256644041270696,0.20603901350283255,-0.0390771991823861,0.17711946999554395,-0.3248137958844555,0.0032709581796331066,-0.12522752917475874,-0.1121398931411256,0.07075083517412192,0.637481437500985,0.35004866219011527,-0.11295979588109543,-0.33349689435242746,-0.3483037070980721,-0.22269160659453796,-0.28404974913273245,-0.06938878752169175,-0.22154843982638198,0.2216135929255579,0.4743746917555281,-0.3104043173139642,-0.05467383985775749,-0.2123795283655597,-0.3757600440611479
0.5787889417140284,0.7783042369605775,-0.07595482329927128,0.05746845476847305,-0.8084486010863522,-0.18280359144788624,-0.5593389988115876,-0.04570553590854923,0.25936952255372103,1.113802292545486,0.4740616819054365,-0.21208923455985867,0.44709967488153984,-0.16799666377748387,0.15632319796818403,0.5657845051561502,-0.39238703870443287,-0.19549480844806347,-0.08271795535524631,0.6783596475527418,-0.40988441077730814,-0.4466653261713982,-0.041496073301035025,-0.5003665708151417,0.9734158882371895,-0.18703460902563027,0.43349037607163865,0.22814470644184634,-0.13674309234224208,-1.8653457730758947,-1.1337874555654297,0.4310901841711406,0.7889820459157141,1.279327873169377,0.6595514199740573,1.0100733448997041,0.5537996041766725,0.657464184952203,-0.23564469182569986,-1.3256828913464533,0.8965150074738386,-0.21794915366872247,0.340998981119349,0.9443948186392589
16.28341951626291,14.03391928636239,-7.614353567657366,3.28432526994369,-8.904815088192025,3.437179512586432,-10.314636453850445,-0.3772392346085906,1.113802292545486,14.50396304646701,5.878718008635611,6.143018486306149,2.8113979538525355,-3.464437832990112,3.533917951161012,12.838794751227763,-4.647189137898394,-7.922420642297517,-6.7234188866973055,4.119339389185506,-3.53500661583183,-9.240077930395993,3.1488570179388176,-6.4260788322896305,12.651203978600497,0.886425851419562,4.4901249750310415,4.578949111403102,-3.0844635606101924,-24.744203240932922,-12.555068310945284,3.7687289225601073,14.179988574692315,11.53205521498392,8.862493580895132,9.922243713011671,0.4861900653171266,8.073103867531312,-11.396648465848216,-18.700913119234826,11.800559930498892,4.725344721719392,9.772912066413243,15.622555792040295
6.47968243800518,5.666878688214931,-3.0072051418264127,1.3049241565875709,-3.644905249812608,1.3531473961338945,-4.156879032534257,-0.16867145822803095,0.4740616819054365,5.878718008635611,2.4372039083920796,2.40348336194777,1.1762673841512374,-1.3801497719469018,1.4380672039709235,5.162691561783181,-1.8871281448364439,-3.14090661136048,-2.6088681213259934,1.7669381954141834,-1.4367762146275458,-3.7011534273084608,1.1947209060187678,-2.6370280694972563,5.117708168978671,0.33027136626042247,1.8333384831313468,1.8641636371686732,-1.23914351926453,-10.01514685084607,-5.142322597902084,1.5390613562514202,5.701295914905539,4.742632386821678,3.5668439047998395,4.042910978554001,0.2744954260435438,3.3026692585970583,-4.516313074585062,-7.56195096092264,4.79682922617813,1.817701110997018,3.912486964151402,6.284091997945799
9.603512100169825,7.108471134202771,-5.286660945787698,2.1528588395841686,-3.249951489518852,3.264433260635592,-5.322072293946803,-0.09076220954502003,-0.21208923455985867,6.143018486306149,2.40348336194777,5.398828951916107,0.2536112699281422,-1.849446859317065,1.9607919191212122,7.130119759153848,-1.8014145566497526,-5.024549315717639,-4.581376477415497,0.2882910750784066,-0.8996149841669557,-4.916551673160409,2.4813494069958435,-2.705579514303354,5.299818202085342,1.4179086587475922,1.5222318611028343,2.441556096695488,-1.6968576947855691,-10.559948020227806,-4.573875179148313,0.987964411693281,7.190262217121482,3.2395223036493506,3.8083521284900126,3.1657680473896477,-1.9234771299869862,3.245892561587494,-7.4074584173617435,-8.332763624212859,5.024701280139713,4.374014295424482,5.758901517062952,7.62020810624611
2.2389452020378635,2.329502269952394,-0.7821090675358192,0.3733202433544246,-1.905497626556726,0.057591615406018204,-1.6817514404465221,-0.1010788550387559,0.44709967488153984,2.8113979538525355,1.1762673841512374,0.2536112699281422,0.8658291244764578,-0.5386603445563837,0.5286316549595754,1.9208440533665563,-0.955657082874416,-0.9744040430383726,-0.7164549221154797,1.3015788958871426,-0.8831995195811,-1.4389110091303885,0.2134888550217461,-1.2585788274621226,2.4663517868503897,-0.17717998580149577,0.9944225375040512,0.7234774138100054,-0.46885493802618977,-4.765654734412104,-2.682113279765014,0.9352946387543744,2.3476185666149787,2.7945264352901376,1.6983229216967952,2.274090367434327,0.8065808487928844,1.6257755400075686,-1.335238212307737,-3.4852167072185893,2.281770144488202,0.11377894173824116,1.347260171371047,2.6883582579396816
-4.275942848340161,-3.517844163054853,2.1077092870215615,-0.8965251003886754,2.052499924121249,-1.0705314554830854,2.592816593815674,0.07642574514023319,-0.16799666377748387,-3.464437832990112,-1.3801497719469018,-1.849446859317065,-0.5386603445563837,0.8878952055732052,-0.9073788073759383,-3.3013999817162243,1.091435717222824,2.1271034852754616,1.8610780034737944,-0.7668468820596095,0.7702604531928204,2.3658308468138167,-0.9236772735794522,1.5225597755006277,-3.0276773817706544,-0.35375411136074275,-1.0242998055914159,-1.158200992876366,0.791389454123996,5.936689404574898,2.901278519715056,-0.8217739283657911,-3.5602456494161676,-2.5292038331537956,-2.1335592112841937,-2.230081876696898,0.173582421954092,-1.9019299845395263,3.0886961344435124,4.530382204556007,-2.8196698693251903,-1.4607593826926546,-2.5661658881774954,-3.8803806616238834
4.4073308986403426,3.619585631059606,-2.1934768893892205,0.9259043779352274,-2.0904117503533293,1.1487048958713353,-2.672036522187039,-0.08372845730079317,0.15632319796818403,3.533917951161012,1.4380672039709235,1.9607919191212122,0.5286316549595754,-0.9073788073759383,0.9582502430728367,3.4184339520710574,-1.1060431063434863,-2.1978002212092926,-1.897639035041159,0.7755229385762517,-0.755850623115711,-2.4304022170041657,0.9512776611423763,-1.5745854071820213,3.072520873804914,0.3923359065749469,1.037451401490148,1.2130689348844261,-0.814072926706035,-6.048656454971618,-2.9567811969424365,0.806869414308742,3.656598686601522,2.535006008461063,2.1564299517356904,2.229106253264516,-0.23153104630570473,1.9457584755111355,-3.210727787424945,-4.6263017878477415,2.8834430988060644,1.5400532276874308,2.6531781267743226,3.972105026281295
16.06028342547261,13.152187421900486,-7.993841661396058,3.3760586511990556,-7.574908276885361,4.147092279407089,-9.710614364452793,-0.2936699142052715,0.5657845051561502,12.838794751227763,5.162691561783181,7.130119759153848,1.9208440533665563,-3.3013999817162243,3.4184339520710574,12.402511207582029,-4.020404599245826,-8.027723744808359,-7.0019415955468,2.769313287314286,-2.77444751088882,-8.806423473295801,3.475036061340283,-5.683719272808021,11.179849144551715,1.4186156927440468,3.7498930950002327,4.367096651327532,-2.9744741964981265,-21.971751411289187,-10.689797284586918,2.973603303881563,13.285743402393672,9.228853855446056,7.885512698138508,8.157530095010879,-0.8535864804759881,7.052047265390029,-11.660173174237663,-16.815269701557217,10.469614844066285,5.6163515396251205,9.650124407573008,14.447657010921624
-5.06990710114039,-4.445241089809331,2.324864627957807,-1.013719760883499,2.8874008125267387,-0.9972836695649439,3.2503346303617144,0.12333148820532515,-0.39238703870443287,-4.647189137898394,-1.8871281448364439,-1.8014145566497526,-0.955657082874416,1.091435717222824,-1.1060431063434863,-4.020404599245826,1.506500788750066,2.447814741956696,2.0663938466825065,-1.40052565251018,1.1778194807409712,2.917913263135751,-0.9416275466679129,2.057453002124841,-4.072612627759557,-0.22382667953665666,-1.4650535829182723,-1.4399038166059903,0.9721893111026658,7.941781568405405,4.081402733149487,-1.2516226286605086,-4.487770027138426,-3.804193456108507,-2.8480470719054325,-3.247262851977902,-0.283681785969619,-2.6010596886223256,3.5094602095029717,5.978905465408051,-3.7837639877708313,-1.374582547443149,-3.050077947013862,-4.958710748954036
-10.539638483669645,-8.379286612996962,5.40629855709523,-2.2550253172468193,4.550173708132524,-2.9527849021548063,6.2068057558281975,0.15807123613287855,-0.19549480844806347,-7.922420642297517,-3.14090661136048,-5.024549315717639,-0.9744040430383726,2.1271034852754616,-2.1978002212092926,-8.027723744808359,2.447814741956696,5.344793012205147,4.7525572069850455,-1.3583817660386668,1.5919065868157736,5.659793987729686,-2.4172110310579433,3.4889184479736994,-6.897300562901703,-1.1089466455864432,-2.2265163029114294,-2.796501789073564,1.9294475113884009,13.585166783465764,6.418142553861096,-1.709717977752804,-8.474152907078272,-5.32975565060533,-4.899702523834106,-4.81722144823611,1.0116921078902579,-4.3027148757656875,7.784763331566469,10.476132198489164,-6.463966992445396,-4.007403847395842,-6.322059566545458,-9.152597508571048
-9.296004088743173,-7.2482492111182655,4.84406434948576,-2.004145124429509,3.78953608308865,-2.6970449446265636,5.373787261292406,0.11497023209851405,-0.08271795535524631,-6.7234188866973055,-2.6088681213259934,-4.581376477415497,-0.7164549221154797,1.8610780034737944,-1.897639035041159,-7.0019415955468,2.0663938466825065,4.7525572069850455,4.305908455570327,-0.9407402406149269,1.3061460494149666,4.933123511609393,-2.2191920956743725,2.931432842171363,-5.870872622399384,-1.0585112722289456,-1.8447425388568899,-2.412802463932392,1.6907895740001573,11.564776093352238,5.346462910359693,-1.398703162237542,-7.348613909307698,-4.338532469684925,-4.200998812982242,-3.9919998309312543,1.1117218626550271,-3.6135329254801065,6.927251203288968,8.952855853271526,-5.481433208550522,-3.6915203523366475,-5.560987205096434,-7.908307278783648
3.1657979486077945,3.3809907921512767,-1.0681395879768611,0.5212668794677169,-2.820267602317664,0.042402505191777295,-2.437998602899829,-0.1613287580192678,0.6783596475527418,4.119339389185506,1.7669381954141834,0.2882910750784066,1.3015788958871426,-0.7668468820596095,0.7755229385762517,2.769313287314286,-1.40052565251018,-1.3583817660386668,-0.9407402406149269,1.993125415717235,-1.2955741253010986,-2.063018340634032,0.242863276978819,-1.86973172624734,3.599592181109933,-0.28995929791608127,1.4682807830552984,1.061593203738212,-0.6719773497534268,-6.962247162183544,-3.969701869091585,1.3793110245804099,3.3894028572488684,4.151164512196259,2.462469013470646,3.351180422480982,1.2559304006336018,2.4050221011035964,-1.8551852227301997,-5.083662665347584,3.350997840774728,0.0768084699237799,1.920613917957173,3.888962214541685
-3.416319714713036,-3.195080312934079,1.4298720887706013,-0.6488031836076762,2.2825559142181033,-0.45113795653682903,2.312548046686222,0.10256644041270696,-0.40988441077730814,-3.53500661583183,-1.4367762146275458,-0.8996149841669557,-0.8831995195811,0.7702604531928204,-0.755850623115711,-2.77444751088882,1.1778194807409712,1.5919065868157736,1.3061460494149666,-1.2955741253010986,1.0073755621084965,2.0596691931532773,-0.5318832994179563,1.5590763279911983,-3.118912062575109,0.005075591983968469,-1.178753930073254,-1.004875025031776,0.6795408968269003,6.039008357678167,3.229074509875583,-1.0639822547397464,-3.223360497692416,-3.176733197980256,-2.170667477307446,-2.65575011048479,-0.5721910438596453,-2.006535029097192,2.2444876241936793,4.48843809992775,-2.8747110983933033,-0.651274508314073,-2.056812836570217,-3.6142308539574817
-11.385973191005002,-9.399327856290027,5.608962168611157,-2.4011767207745214,5.4872666369146135,-2.8590999894583695,6.911369378808428,0.20603901350283255,-0.4466653261713982,-9.240077930395993,-3.7011534273084608,-4.916551673160409,-1.4389110091303885,2.3658308468138167,-2.4304022170041657,-8.806423473295801,2.917913263135751,5.659793987729686,4.933123511609393,-2.063018340634032,2.0596691931532773,6.328990374651655,-2.443471977385747,4.068351459803618,-8.083288294821488,-0.9399156508716741,-2.7427144853368475,-3.0952203649939243,2.1123595563774615,15.844038282965947,7.77076535007499,-2.195925235849312,-9.494583508212752,-6.763480412345954,-5.682996989225074,-5.949472899966122,0.44112534989057706,-5.09026408569781,8.226393528827632,12.091407680555232,-7.529796425757862,-3.874992697535292,-6.850442289782177,-10.347207766374325
4.681411527146421,3.5082785812718407,-2.5127954605693326,1.0285174070301155,-1.6998885884064208,1.4787911483883367,-2.6229153172219615,-0.0390771991823861,-0.041496073301035025,3.1488570179388176,1.1947209060187678,2.4813494069958435,0.2134888550217461,-0.9236772735794522,0.9512776611423763,3.475036061340283,-0.9416275466679129,-2.4172110310579433,-2.2191920956743725,0.242863276978819,-0.5318832994179563,-2.443471977385747,1.208296601343359,-1.3593085270187695,2.733468147266158,0.6188612079604328,0.8221181058015933,1.18238504830584,-0.8244348458847287,-5.42015919881557,-2.3988461409933364,0.5652420865472177,3.577848718691104,1.8001958311161235,1.961921023960674,1.7244609986209072,-0.7793805161382692,1.6558202484519104,-3.5660524889456116,-4.2333071354808975,2.5563463403338575,2.026288048891633,2.784448914417477,3.8202530929103173
-7.173326834226986,-6.215564169106919,3.3517799537085193,-1.4417116934631233,3.9603653530748764,-1.5181035682972988,4.568108784510442,0.17711946999554395,-0.5003665708151417,-6.4260788322896305,-2.6370280694972563,-2.705579514303354,-1.2585788274621226,1.5225597755006277,-1.5745854071820213,-5.683719272808021,2.057453002124841,3.4889184479736994,2.931432842171363,-1.86973172624734,1.5590763279911983,4.068351459803618,-1.3593085270187695,2.8698809632719993,-5.593252937140151,-0.3894385547520648,-1.989859511473172,-2.0420857391121072,1.3653872937260907,10.951914941140775,5.581184639647873,-1.6665045932733507,-6.268330069866705,-5.129371752620112,-3.9123117618142906,-4.395602372237946,-0.23059028332238765,-3.590507316073471,5.018575235172784,8.277822471341219,-5.237036704397834,-2.0642712164162615,-4.315718729461699,-6.903327010278477
14.184647433953948,12.254633995641179,-6.618600941181824,2.868640338266729,-7.7806345692266845,2.969228407851701,-8.981375113159427,-0.3248137958844555,0.9734158882371895,12.651203978600497,5.117708168978671,5.299818202085342,2.4663517868503897,-3.0276773817706544,3.072520873804914,11.179849144551715,-4.072612627759557,-6.897300562901703,-5.870872622399384,3.599592181109933,-3.118912062575109,-8.083288294821488,2.733468147266158,-5.593252937140151,11.076117228855193,0.7537615025524476,3.9321986587749227,3.9840024543447106,-2.696361726453519,-21.623712102870677,-10.99386917400903,3.3201943046505034,12.378400145549467,10.116076898881493,7.758469125037348,8.691626667050363,0.4727419479266686,7.051508890761254,-9.914926240537152,-16.327878357578992,10.298137577683724,4.0818396841758515,8.527471635023737,13.636642325311096
2.0065242263077923,1.2975952943631712,-1.236387354633531,0.483525782156685,-0.35182992825276405,0.8849255828271865,-0.9879048538928017,0.0032709581796331066,-0.18703460902563027,0.886425851419562,0.33027136626042247,1.4179086587475922,-0.17717998580149577,-0.35375411136074275,0.3923359065749469,1.4186156927440468,-0.22382667953665666,-1.1089466455864432,-1.0585112722289456,-0.28995929791608127,0.005075591983968469,-0.9399156508716741,0.6188612079604328,-0.3894385547520648,0.7537615025524476,0.4454357685398472,0.13399130672604118,0.4712776587661889,-0.3367958122072975,-1.5458564955221066,-0.4960529418909937,0.0026984519293064752,1.3138742730374986,0.09387461789679974,0.5640644797034218,0.2189848161041679,-0.7669285048444581,0.4299489431707854,-1.6637430052957325,-1.299978716632754,0.7338509050906302,1.173300148727177,1.2036986839392994,1.3317823841635776
4.67865182081198,4.1957705690847975,-2.0793515172024186,0.9203088810975154,-2.8295189503086466,0.8243596580107064,-3.0639460812504127,-0.12522752917475874,0.43349037607163865,4.4901249750310415,1.8333384831313468,1.5222318611028343,0.9944225375040512,-1.0242998055914159,1.037451401490148,3.7498930950002327,-1.4650535829182723,-2.2265163029114294,-1.8447425388568899,1.4682807830552984,-1.178753930073254,-2.7427144853368475,0.8221181058015933,-1.989859511473172,3.9321986587749227,0.13399130672604118,1.4476902165926036,1.3516123860059313,-0.9024929565668522,-7.66017650254498,-3.9989762819717405,1.2499425308246268,4.236317111983292,3.79347217699299,2.7360077035563783,3.2095306565674027,0.4424977197507312,2.5263877314358245,-3.1870003701210887,-5.7400907907931895,3.651488411619925,1.1417073003102152,2.8145494123500567,4.706507531408089
5.616987049130971,4.651834683092835,-2.771720329435781,1.168611142591278,-2.727754785922176,1.4175218516936914,-3.4317150142650004,-0.1121398931411256,0.22814470644184634,4.578949111403102,1.8641636371686732,2.441556096695488,0.7234774138100054,-1.158200992876366,1.2130689348844261,4.367096651327532,-1.4399038166059903,-2.796501789073564,-2.412802463932392,1.061593203738212,-1.004875025031776,-3.0952203649939243,1.18238504830584,-2.0420857391121072,3.9840024543447106,0.4712776587661889,1.3516123860059313,1.5524186042502761,-1.047461190066499,-7.830911868670958,-3.8512868764181016,1.0762763860470022,4.695847415796476,3.356224745510817,2.803119271402763,2.9398432395679848,-0.22770459534272985,2.5273243017512534,-4.060976235550599,-5.979686614111223,3.7382786464753384,1.9093063981382905,3.3808927489040443,5.111226826152412
-3.852883168713091,-3.1694453439453305,1.9161819464029342,-0.8097494820312593,1.8265709654009716,-0.984802451276859,2.3305148443441857,0.07075083517412192,-0.13674309234224208,-3.0844635606101924,-1.23914351926453,-1.6968576947855691,-0.46885493802618977,0.791389454123996,-0.814072926706035,-2.9744741964981265,0.9721893111026658,1.9294475113884009,1.6907895740001573,-0.6719773497534268,0.6795408968269003,2.1123595563774615,-0.8244348458847287,1.3653872937260907,-2.696361726453519,-0.3367958122072975,-0.9024929565668522,-1.047461190066499,0.7217355603953827,5.28916671248879,2.580125665777866,-0.7275882296623003,-3.1952685609185654,-2.24124286516547,-1.9072379668186104,-1.97790421280394,0.19464395453790267,-1.6994411356447856,2.7916118845426277,4.047790436546365,-2.521038049445774,-1.3352404055930478,-2.3198864513613944,-3.4747549519025416
-27.896268160063688,-24.01808793525244,13.07121786390512,-5.641485938581594,15.183104826589451,-5.925143966988104,17.62703203574053,0.637481437500985,-1.8653457730758947,-24.744203240932922,-10.01514685084607,-10.559948020227806,-4.765654734412104,5.936689404574898,-6.048656454971618,-21.971751411289187,7.941781568405405,13.585166783465764,11.564776093352238,-6.962247162183544,6.039008357678167,15.844038282965947,-5.42015919881557,10.951914941140775,-21.623712102870677,-1.5458564955221066,-7.66017650254498,-7.830911868670958,5.28916671248879,42.270560967259705,21.432538468606865,-6.430472360814067,-24.26617458966789,-19.650885570228816,-15.151961302490013,-16.910824001709138,-0.7710947104078847,-13.774526062474116,19.553410554281694,31.947421265423454,-20.140104723272806,-8.13808153051024,-16.757943783834744,-26.718569419034154
-13.382651395689274,-11.887880497467222,6.05018910571459,-2.6576553903678146,7.866089715803462,-2.517080376223637,8.681469636128341,0.35004866219011527,-1.1337874555654297,-12.555068310945284,-5.142322597902084,-4.573875179148313,-2.682113279765014,2.901278519715056,-2.9567811969424365,-10.689797284586918,4.081402733149487,6.418142553861096,5.346462910359693,-3.969701869091585,3.229074509875583,7.77076535007499,-2.3988461409933364,5.581184639647873,-10.99386917400903,-0.4960529418909937,-3.9989762819717405,-3.8512868764181016,2.580125665777866,21.432538468606865,11.120260929056444,-3.4332740425961448,-11.986584984886232,-10.450805391546895,-7.663245549979865,-8.865721421313255,-0.9994233002043332,-7.060692675082426,9.19322699764256,16.10106531655335,-10.225409276599096,-3.4497079383684617,-8.064998664187819,-13.274135961185085
3.659164946404689,3.416446003570005,-1.5397918949959721,0.6997568808547638,-2.4305586287289915,0.50081075429917,-2.4757744888175384,-0.11295979588109543,0.4310901841711406,3.7687289225601073,1.5390613562514202,0.987964411693281,0.9352946387543744,-0.8217739283657911,0.806869414308742,2.973603303881563,-1.2516226286605086,-1.709717977752804,-1.398703162237542,1.3793110245804099,-1.0639822547397464,-2.195925235849312,0.5652420865472177,-1.6665045932733507,3.3201943046505034,0.0026984519293064752,1.2499425308246268,1.0762763860470022,-0.7275882296623003,-6.430472360814067,-3.4332740425961448,1.1315697701223304,3.4396594927319897,3.376845704047422,2.310457059762874,2.8247713213182624,0.5941141051890492,2.1426135674237603,-2.404093426584826,-4.783870879243328,3.0663416892259434,0.7119551899219894,2.2076600863245788,3.855968702242515
17.10260355226889,14.247627024331543,-8.338083697085613,3.5436995340313686,-8.4877432263982,4.132288062493852,-10.493156501808825,-0.33349689435242746,0.7889820459157141,14.179988574692315,5.701295914905539,7.190262217121482,2.3476185666149787,-3.5602456494161676,3.656598686601522,13.285743402393672,-4.487770027138426,-8.474152907078272,-7.348613909307698,3.3894028572488684,-3.223360497692416,-9.494583508212752,3.577848718691104,-6.268330069866705,12.378400145549467,1.3138742730374986,4.236317111983292,4.695847415796476,-3.1952685609185654,-24.26617458966789,-11.986584984886232,3.4396594927319897,14.402767027364916,10.595690432633218,8.716131719042664,9.270680523445582,-0.4301312291385477,7.821239342215315,-12.269069911520443,-18.481004655778097,11.554163068307952,5.6355689134724525,10.271308827212701,15.72871810422106
11.361047813997574,10.514722842765282,-4.8498608511666985,2.172106683825228,-7.403135587058061,1.6771905141485328,-7.648415167399631,-0.3483037070980721,1.279327873169377,11.53205521498392,4.742632386821678,3.2395223036493506,2.7945264352901376,-2.5292038331537956,2.535006008461063,9.228853855446056,-3.804193456108507,-5.32975565060533,-4.338532469684925,4.151164512196259,-3.176733197980256,-6.763480412345954,1.8001958311161235,-5.129371752620112,10.116076898881493,0.09387461789679974,3.79347217699299,3.356224745510817,-2.24124286516547,-19.650885570228816,-10.450805391546895,3.376845704047422,10.595690432633218,10.180508979347804,7.033574084802056,8.5222596214992965,1.6470573453744728,6.542121996982648,-7.541066552067647,-14.645193956579574,9.383686065504962,2.3496835322621497,6.8465320754333545,11.845990686213556
10.04056281543503,8.62136604323082,-4.713791286514159,2.0284621188767895,-5.428381186775903,2.1309486069718298,-6.324807603425376,-0.22269160659453796,0.6595514199740573,8.862493580895132,3.5668439047998395,3.8083521284900126,1.6983229216967952,-2.1335592112841937,2.1564299517356904,7.885512698138508,-2.8480470719054325,-4.899702523834106,-4.200998812982242,2.462469013470646,-2.170667477307446,-5.682996989225074,1.961921023960674,-3.9123117618142906,7.758469125037348,0.5640644797034218,2.7360077035563783,2.803119271402763,-1.9072379668186104,-15.151961302490013,-7.663245549979865,2.310457059762874,8.716131719042664,7.033574084802056,5.4517507138121015,6.0647019648426355,0.24926929255442887,4.925028159416198,-7.037751589950632,-11.453636244172408,7.213389733879843,2.946174747686805,6.026278180780891,9.592213065578552
10.151601276357257,9.188209422443236,-4.454434876605465,1.9718556110244625,-6.2876099887494235,1.6760283882139209,-6.705797211529715,-0.28404974913273245,1.0100733448997041,9.922243713011671,4.042910978554001,3.1657680473896477,2.274090367434327,-2.230081876696898,2.229106253264516,8.157530095010879,-3.247262851977902,-4.81722144823611,-3.9919998309312543,3.351180422480982,-2.65575011048479,-5.949472899966122,1.7244609986209072,-4.395602372237946,8.691626667050363,0.2189848161041679,3.2095306565674027,2.9398432395679848,-1.97790421280394,-16.910824001709138,-8.865721421313255,2.8247713213182624,9.270680523445582,8.5222596214992965,6.0647019648426355,7.198435202357859,1.1228367486554722,5.591737586962743,-6.840182956370471,-12.653538383287605,8.068970794865987,2.352722311795695,6.1005438916657635,10.328150912911163
-1.521916146117102,-0.4072167905862148,1.3193668226838209,-0.4585871796877861,-0.7007870036888767,-1.2517682009589657,0.3813063258288225,-0.06938878752169175,0.5537996041766725,0.4861900653171266,0.2744954260435438,-1.9234771299869862,0.8065808487928844,0.173582421954092,-0.23153104630570473,-0.8535864804759881,-0.283681785969619,1.0116921078902579,1.1117218626550271,1.2559304006336018,-0.5721910438596453,0.44112534989057706,-0.7793805161382692,-0.23059028332238765,0.4727419479266686,-0.7669285048444581,0.4424977197507312,-0.22770459534272985,0.19464395453790267,-0.7710947104078847,-0.9994233002043332,0.5941141051890492,-0.4301312291385477,1.6470573453744728,0.24926929255442887,1.1228367486554722,1.651005446785282,0.4141941695744497,1.591589495890734,-0.3138645640249981,0.3781264172723653,-1.6547732617343327,-0.8966794356042859,-0.24259845138567848
8.88506532758475,7.764699344522103,-4.107592390286801,1.791427035415019,-5.0028342884966195,1.8132342707623603,-5.685564797535083,-0.22154843982638198,0.657464184952203,8.073103867531312,3.3026692585970583,3.245892561587494,1.6257755400075686,-1.9019299845395263,1.9457584755111355,7.052047265390029,-2.6010596886223256,-4.3027148757656875,-3.6135329254801065,2.4050221011035964,-2.006535029097192,-5.09026408569781,1.6558202484519104,-3.590507316073471,7.051508890761254,0.4299489431707854,2.5263877314358245,2.5273243017512534,-1.6994411356447856,-13.774526062474116,-7.060692675082426,2.1426135674237603,7.821239342215315,6.542121996982648,4.925028159416198,5.591737586962743,0.4141941695744497,4.525524713654385,-6.175020692237054,-10.392605961407288,6.579182799264482,2.4691263021750243,5.354511064593879,8.634081850785561
-15.332393339749649,-12.12118159720542,7.9057354189210765,-3.292196907204345,6.510938493240555,-4.371051969638463,8.985369261157524,0.2216135929255579,-0.23564469182569986,-11.396648465848216,-4.516313074585062,-7.4074584173617435,-1.335238212307737,3.0886961344435124,-3.210727787424945,-11.660173174237663,3.5094602095029717,7.784763331566469,6.927251203288968,-1.8551852227301997,2.2444876241936793,8.226393528827632,-3.5660524889456116,5.018575235172784,-9.914926240537152,-1.6637430052957325,-3.1870003701210887,-4.060976235550599,2.7916118845426277,19.553410554281694,9.19322699764256,-2.404093426584826,-12.269069911520443,-7.541066552067647,-7.037751589950632,-6.840182956370471,1.591589495890734,-6.175020692237054,11.378680707833976,15.095376112761468,-9.295780201773074,-5.92091520784178,-9.194696807664554,-13.230600142463926
-21.41612872560222,-18.299843039662615,10.135844507104663,-4.360436616546004,11.411503279991518,-4.703119728357329,13.442687465352842,0.4743746917555281,-1.3256828913464533,-18.700913119234826,-7.56195096092264,-8.332763624212859,-3.4852167072185893,4.530382204556007,-4.6263017878477415,-16.815269701557217,5.978905465408051,10.476132198489164,8.952855853271526,-5.083662665347584,4.48843809992775,12.091407680555232,-4.2333071354808975,8.277822471341219,-16.327878357578992,-1.299978716632754,-5.7400907907931895,-5.979686614111223,4.047790436546365,31.947421265423454,16.10106531655335,-4.783870879243328,-18.481004655778097,-14.645193956579574,-11.453636244172408,-12.653538383287605,-0.3138645640249981,-10.392605961407288,15.095376112761468,24.19781060888848,-15.228242667220561,-6.444199675256547,-12.865165143232822,-20.31446303287107
13.271112310307359,11.449154265413744,-6.216149748214464,2.683193265274224,-7.249822706876369,2.818795787415558,-8.40515964003469,-0.3104043173139642,0.8965150074738386,11.800559930498892,4.79682922617813,5.024701280139713,2.281770144488202,-2.8196698693251903,2.8834430988060644,10.469614844066285,-3.7837639877708313,-6.463966992445396,-5.481433208550522,3.350997840774728,-2.8747110983933033,-7.529796425757862,2.5563463403338575,-5.237036704397834,10.298137577683724,0.7338509050906302,3.651488411619925,3.7382786464753384,-2.521038049445774,-20.140104723272806,-10.225409276599096,3.0663416892259434,11.554163068307952,9.383686065504962,7.213389733879843,8.068970794865987,0.3781264172723653,6.579182799264482,-9.295780201773074,-15.228242667220561,9.611441761199188,3.8588800468676085,7.97767992024766,12.724045888014519
7.625181188059974,5.554437351593102,-4.239531315022384,1.718871285352777,-2.4474544076937708,2.6494823053887253,-4.167594258154001,-0.05467383985775749,-0.21794915366872247,4.725344721719392,1.817701110997018,4.374014295424482,0.11377894173824116,-1.4607593826926546,1.5400532276874308,5.6163515396251205,-1.374582547443149,-4.007403847395842,-3.6915203523366475,0.0768084699237799,-0.651274508314073,-3.874992697535292,2.026288048891633,-2.0642712164162615,4.0818396841758515,1.173300148727177,1.1417073003102152,1.9093063981382905,-1.3352404055930478,-8.13808153051024,-3.4497079383684617,0.7119551899219894,5.6355689134724525,2.3496835322621497,2.946174747686805,2.352722311795695,-1.6547732617343327,2.4691263021750243,-5.92091520784178,-6.444199675256547,3.8588800468676085,3.5686845485933847,4.560137684494103,5.9511294619883
12.56784381308568,10.17556495395525,-6.34041857444732,2.6771241585749292,-5.706471119057124,3.376828508394843,-7.507192864255858,-0.2123795283655597,0.340998981119349,9.772912066413243,3.912486964151402,5.758901517062952,1.347260171371047,-2.5661658881774954,2.6531781267743226,9.650124407573008,-3.050077947013862,-6.322059566545458,-5.560987205096434,1.920613917957173,-2.056812836570217,-6.850442289782177,2.784448914417477,-4.315718729461699,8.527471635023737,1.2036986839392994,2.8145494123500567,3.3808927489040443,-2.3198864513613944,-16.757943783834744,-8.064998664187819,2.2076600863245788,10.271308827212701,6.8465320754333545,6.026278180780891,6.1005438916657635,-0.8966794356042859,5.354511064593879,-9.194696807664554,-12.865165143232822,7.97767992024766,4.560137684494103,7.562340708548273,11.134330465988649
18.544308256077596,15.562575662722265,-8.960294434054422,3.8226437140397596,-9.405454500017637,4.353686493505174,-11.454418667248444,-0.3757600440611479,0.9443948186392589,15.622555792040295,6.284091997945799,7.62020810624611,2.6883582579396816,-3.8803806616238834,3.972105026281295,14.447657010921624,-4.958710748954036,-9.152597508571048,-7.908307278783648,3.888962214541685,-3.6142308539574817,-10.347207766374325,3.8202530929103173,-6.903327010278477,13.636642325311096,1.3317823841635776,4.706507531408089,5.111226826152412,-3.4747549519025416,-26.718569419034154,-13.274135961185085,3.855968702242515,15.72871810422106,11.845990686213556,9.592213065578552,10.328150912911163,-0.24259845138567848,8.634081850785561,-13.230600142463926,-20.31446303287107,12.724045888014519,5.9511294619883,11.134330465988649,17.216266317495265
