V1,V2,V3,V4,V5,V6,V7,V8,V9,V10,V11,V12,V13,V14,V15,V16,V17,V18,V19,V20,V21,V22,V23,V24,V25,V26,V27,V28,V29,V30,V31,V32,V33,V34,V35,V36,V37,V38,V39,V40,V41,V42,V43,V44
0.9524354399507076,-0.13582636299126938,0.03888452655805048,-0.08124136515729866,0.5116316032078088,-0.015393373400576504,-0.1612189141801054,0.6037489614313671,-0.1308270836683815,0.2551178860765509,-0.3357058063905498,-0.44337628697686465,-0.92886891011736,0.04218148766665578,-0.17666740354183322,-0.19807713830461357,-0.06188932063301293,-0.08355930058614226,-0.989130043535524,-0.6920809241733409,-0.36314330054328964,0.17222359850629396,1.0755302234639403,0.1967046508259286,0.30822741623602884,-0.4504602068409934,0.19420027460121106,-0.8539975501749157,0.20065193936140713,-0.3563327069450814,0.024671832244845954,0.7453717910904175,-0.013828105332975672,-0.48529224811379484,0.49695999317130174,0.12285343776263301,-0.10387203797281222,-0.2622956405691909,-0.4136252516002236,0.03675841608581872,-0.36166861777431825,1.0165409400392456,-0.03521747183357647,0.1185982550268565
-0.13582636299126938,0.6321530323862368,-0.03566427963018596,0.02124692528912616,0.07212277261634084,0.1304870349407458,0.4368975988440694,-0.23013024530375473,-0.23232146845437623,0.05816594974449699,0.22135046928205315,0.593982630263545,0.5380954536610544,-0.3047063631751312,0.051882509717243605,0.125697123735631,0.2183793073167108,-0.3771394659567182,0.38603936134720407,0.1531531898243035,0.8471408344124209,0.437617260487407,0.00295824449298914,-0.19843702195383667,-0.08661905630716284,0.3907557526039859,0.2863530961765076,0.15723922923065442,0.12729468275781533,0.38453262569556534,0.16258492723931806,0.06942619700640984,-0.053466849436643656,-0.06606133277156295,-0.12970842207687214,0.38242438839749543,-0.21232040432733013,0.025619135043262305,-0.01384691883038399,-0.24516558939237942,0.22255812301231362,0.11819537195003726,0.11618628785282392,0.24487739462156885
0.03888452655805048,-0.03566427963018596,0.4716671814090589,-0.12188676308186257,0.19358178446435087,-0.10293865641705524,-0.09797533935191702,-0.08148860288352007,-0.16217252174492883,0.20813755108506113,-0.010971614737769085,0.292326926161063,0.06487581758485794,0.17331387081846128,-0.09323626010665596,-0.024394654878041527,-0.18801578201575114,-0.044384496910567534,-0.011758098736694627,-0.2340471225773856,0.32866707608551843,0.04568902857172018,0.2291115949170238,0.291702919561123,0.04141795553111359,-0.17325193285317372,-0.06249205546936629,-0.18949955422220285,-0.025915058382353466,-0.11676607334443621,0.03326286512962188,0.07100485053779458,-0.0869832392121227,-0.08859950833125278,-0.2258608485830546,-0.1386226993193786,-0.17711388537283523,0.05968728627922574,0.1303775275569599,-0.14814298213156404,-0.33401603551510967,0.12742374287547706,-0.20540655661124066,-0.6002541011195566
-0.08124136515729866,0.02124692528912616,-0.12188676308186257,0.3693859083543988,-0.23253013084537436,-0.1532488076763259,0.15823565118431612,0.057630546891649495,-0.044702760040901936,-0.24307544519973728,-0.24556406893495897,-0.2704073839378315,0.3643064752491356,-0.09598984787426422,0.06679181673906626,-0.027972268358114668,-0.030274007564765087,0.08243550415437637,0.15218861891296115,0.09810474451827413,-0.22338616430739966,-0.21746223391876787,-0.3411844632640897,0.061660632832428196,-0.10037495441464299,0.03331424090464447,0.05551341341914517,0.2786049261732445,-0.07987359781013814,0.11584262622669997,0.1544798018988158,-0.10479575591280797,0.12286616370636569,0.1307122121234417,0.02489825071572509,0.12588055682537808,0.15938304908427067,0.08005447794773393,0.06108949705698374,-0.16697184892553787,0.19194602501188546,-0.21264318999177462,-0.14051957438003893,0.159521756630956
0.5116316032078088,0.07212277261634084,0.19358178446435087,-0.23253013084537436,0.8005913762565849,0.2666220429958365,-0.14340164029528965,0.09958204642809006,-0.11369686569654507,0.3245510531581284,0.11450264780094746,0.2579626042720268,-0.7711203358760145,-0.09564812612205466,-0.2543504961795075,-0.07497371851266837,0.09485885719141646,-0.3500666279883181,-0.5687812208968439,-0.45194742087037965,0.1303916079447464,0.4116386483434556,1.005570110679516,0.2103611572963879,0.34500253999660835,-0.2636568416976548,0.23035688740418542,-0.8612557416674327,0.14883243486146827,-0.384668992873259,-0.009405732343075651,0.5291067697369646,-0.24293617954620758,-0.2789991761789321,0.1450111340716296,0.362848295549292,-0.07912927331433854,-0.05303511116760338,-0.37670476470549735,0.01760804374567513,-0.3647325848832066,0.7610491006489082,0.2065763739499203,-0.0734266201823858
-0.015393373400576504,0.1304870349407458,-0.10293865641705524,-0.1532488076763259,0.2666220429958365,0.9881151204290627,-0.36031687134010837,-0.10626441480371558,0.14729281279947543,0.27365944866407843,1.12014571414631,0.6642556488737735,-0.8176691118659147,0.12170312281705271,0.27101319665255674,0.33308814205086695,0.3286430753325581,0.008144934430684592,0.6636288495811641,0.551275260973551,0.436694611216191,0.5536666447191173,0.09506253644406956,-0.685129948934523,-0.26768061293687584,0.1088390924001754,-0.06309494169718724,-0.09656834344211924,0.21360696807314813,0.2055022401549672,-0.24039357648587312,-0.18858856993472942,-0.4094849566265036,-0.431200320299829,-0.45352506550529453,-0.2961039896466977,-0.23009971808906918,0.3726995417061199,-0.3057778956694291,0.31262793898353614,0.17501430079515884,0.424245134066923,0.3326668638050091,-0.05326316077597181
-0.1612189141801054,0.4368975988440694,-0.09797533935191702,0.15823565118431612,-0.14340164029528965,-0.36031687134010837,0.7191843038068116,-0.07045395518049477,-0.18810128833706666,-0.19840923475560396,-0.44762157671939234,-0.030638824562982347,0.8155972771401954,-0.3208833767806965,-0.16087278417992648,-0.07282462018306728,0.013822538878551447,-0.1612291824906108,-0.05047766016438006,-0.037222789640284866,0.1585895187700873,0.037328965306609424,-0.25705366680787384,0.17222836733670743,0.02550920945337619,0.33010385004910225,0.13302196622702397,0.21342374898115632,-0.04763629614629736,0.2232716600302877,0.24518871608804035,0.004801622540241446,0.21063241969992197,0.26530331676194396,0.24003925086733907,0.46480380776648544,-0.02878042573906134,-0.05994059991313626,0.11916964005635958,-0.2681815626809802,0.2890811206270486,-0.3569305245847428,0.011977075006493632,0.3975692084477015
0.6037489614313671,-0.23013024530375473,-0.08148860288352007,0.057630546891649495,0.09958204642809006,-0.10626441480371558,-0.07045395518049477,0.6608833519804459,-0.0353507935144329,-0.08534079134210426,-0.2786960591070926,-0.6953668167893505,-0.6587886907427641,0.1009512436395443,1.5250379490421712e-4,-0.13187690681086067,-0.12347821823311274,0.18255245223857977,-0.6208340578132072,-0.3699423730470169,-0.7142453447275497,-0.1070228344716184,0.4008113458895544,0.05961531056576983,0.11392687099961857,-0.3644265996819658,-0.017242643193277646,-0.3376203366808721,-0.003997453199022377,-0.24279639013208454,-0.04416352718765545,0.36223927846427795,0.1386602273696049,-0.36533615401666814,0.44355759179763027,-0.055521833273269934,0.08177413716706534,-0.15895970960375144,-0.21799763663648908,0.08781889202262115,-0.2558465756687758,0.5289892700539065,-0.0698519665982209,0.33570083047611016
-0.1308270836683815,-0.23232146845437623,-0.16217252174492883,-0.044702760040901936,-0.11369686569654507,0.14729281279947543,-0.18810128833706666,-0.0353507935144329,0.3240964494206908,0.039776770498164256,0.11798458953605998,-0.09241365630451671,-0.3088557512208159,0.11354834162690809,-0.0651638023758472,-0.02082313161501791,0.01623941916832399,0.17997689594925095,-0.06027563745882103,0.12734400933238907,-0.31448628387926425,-0.15331376207413366,-0.13055268701225228,-0.1311083187769828,0.04229370007961507,-0.009107939567477411,-0.2766614250569247,-0.005987155746342528,0.006931993080520165,-0.07985416987974923,-0.16403600008579772,-0.18529387652887047,-0.06803290983023404,0.15039393107568563,0.023866739535194078,-0.17705077369605657,0.13044982079705147,0.07196834237855546,0.028106864858961276,0.2671696265562202,0.13008511182375082,-0.29545149312935626,0.19167834250281432,0.034487729169727026
0.2551178860765509,0.05816594974449699,0.20813755108506113,-0.24307544519973728,0.3245510531581284,0.27365944866407843,-0.19840923475560396,-0.08534079134210426,0.039776770498164256,0.7191168353488107,0.18875824459856594,0.6062763355914974,-0.3744818130643401,0.16147067987283414,-0.19689480834197245,-0.034233418116579845,0.062278280411710435,-0.16102702124239024,-0.23551024449510052,-0.27101381886185993,0.7177519888940926,0.3228410956547936,0.7106412150802045,0.0901144773047029,0.1230887448220356,-0.0060243480616532,-0.06422274587910087,-0.5657239528442966,0.34164925778377536,-0.011869745729941119,-0.049809654326793344,0.2896559352281846,-0.3035158874625024,-0.09670519645529,-0.09508994366958123,-0.17879355248024675,-0.511694554057807,0.13541203831261,-0.10177690151659567,0.06633107452413922,0.03906041927999136,0.3358298467144293,0.02204329143669705,-0.5276613260760242
-0.3357058063905498,0.22135046928205315,-0.010971614737769085,-0.24556406893495897,0.11450264780094746,1.12014571414631,-0.44762157671939234,-0.2786960591070926,0.11798458953605998,0.18875824459856594,1.7125941436862442,1.1335774239200824,-0.6980707071801711,0.3152708025570998,0.5805367281783895,0.5852704768425341,0.33033925176879453,0.08458920972500392,1.2391543159870302,0.9810316568001719,0.6961433679097653,0.6545475813049688,-0.2110202794704347,-0.9839912359625161,-0.5099717350752868,0.15616366950668864,-0.2826946723141759,0.2258401112962483,0.15206811280664403,0.3254300863328705,-0.39021865586579135,-0.4071737198024564,-0.4746832316168978,-0.602709182006781,-0.922213458659082,-0.6225916366072882,-0.25689497469052963,0.5595188364974023,-0.12465314560375418,0.39746745953783624,0.07827332717865468,0.341163805067026,0.4635227536106105,-0.23197866809689127
-0.44337628697686465,0.593982630263545,0.292326926161063,-0.2704073839378315,0.2579626042720268,0.6642556488737735,-0.030638824562982347,-0.6953668167893505,-0.09241365630451671,0.6062763355914974,1.1335774239200824,1.815396385434753,0.2539184393772591,0.14005490674500828,0.15205519944112905,0.33732932469732696,0.21582566452366217,-0.39618689306896193,0.8741777304357321,0.48712533592153473,1.696658690878126,0.7300476154226195,0.24669865103543562,-0.30320334743984223,-0.19520959330721713,0.3344204140188108,-0.1836941656232359,-0.023812112565058188,0.3539388967336745,0.36443011170473033,-0.09189469387833288,-0.05884173723670349,-0.5282778360834103,-0.09824164704947348,-0.9418101514894383,-0.26895113295142464,-0.6421201740203756,0.555280317220172,0.08891925029566167,-0.011442936676590937,0.2101237274535212,0.04695776591016995,0.31255884418249336,-0.7362912044227806
-0.92886891011736,0.5380954536610544,0.06487581758485794,0.3643064752491356,-0.7711203358760145,-0.8176691118659147,0.8155972771401954,-0.6587886907427641,-0.3088557512208159,-0.3744818130643401,-0.6980707071801711,0.2539184393772591,2.368842429011579,-0.4245625574980225,0.027855867936543082,-0.05802061773979078,-0.08168229940224343,-0.2919767761951552,0.7752853958434089,0.2135287832778458,0.9642252184458994,-0.3368427727689819,-1.1288877151159826,0.3519003221642708,-0.21505742748166565,0.6976732304319466,0.34027666808599033,1.1939660814108963,-0.1907507601984463,0.665065580602671,0.4810653967888557,-0.4375983519716345,0.3734798192834343,0.8302527490670285,-0.18745445263000116,0.40786850191585877,-0.043916219788535354,-0.11252673823116699,0.623645705967602,-0.7100365977428907,0.4952898028709305,-1.1779223845215334,-0.5139003840446719,0.005537590525929307
0.04218148766665578,-0.3047063631751312,0.17331387081846128,-0.09598984787426422,-0.09564812612205466,0.12170312281705271,-0.3208833767806965,0.1009512436395443,0.11354834162690809,0.16147067987283414,0.3152708025570998,0.14005490674500828,-0.4245625574980225,0.5911452042558396,0.15953255605471334,0.1092998936755003,-0.23867187555225944,0.4558828559286337,0.024601545906780257,0.21201472109619046,-0.1994806326654832,-0.008907938795383126,-0.0019452684564624642,-0.04103429819444774,-0.20363878405627342,-0.2620995885037938,-0.5965083745181645,-0.07794106731360267,0.06119879968297122,-0.10119039477145987,-0.1991519295710449,-0.14075736979737413,-0.07602779500833798,-0.17335794409301528,-0.3519128800942304,-0.8603667357255383,-0.30772574480182463,0.3640906986678342,0.04549024313863403,0.29899897501654127,-0.02781558621593192,-0.03279283422050651,-0.015090983890727248,-0.6997345412096682
-0.17666740354183322,0.051882509717243605,-0.09323626010665596,0.06679181673906626,-0.2543504961795075,0.27101319665255674,-0.16087278417992648,1.5250379490421712e-4,-0.0651638023758472,-0.19689480834197245,0.5805367281783895,0.15205519944112905,0.027855867936543082,0.15953255605471334,0.5232971690405914,0.2943528776487464,0.07789498585539414,0.17596755084981391,0.7204763430901128,0.5573545639181158,0.12264885169751444,0.10984481809685301,-0.4416958236053175,-0.47004406630747875,-0.4108293490257419,0.08278874346158879,-0.042158883390522636,0.5044058073465819,-0.03785735600227305,0.2723913213817213,-0.11250307366280428,-0.2713532400317576,0.014906701473745556,-0.27812190109123003,-0.39367269278424083,-0.41564078521730075,-0.09125004125864782,0.18416801928776408,-0.020641992660847874,0.07472817390717533,0.07681683893636637,0.09598429082615453,-0.05315302817495758,-0.029402953801916806
-0.19807713830461357,0.125697123735631,-0.024394654878041527,-0.027972268358114668,-0.07497371851266837,0.33308814205086695,-0.07282462018306728,-0.13187690681086067,-0.02082313161501791,-0.034233418116579845,0.5852704768425341,0.33732932469732696,-0.05802061773979078,0.1092998936755003,0.2943528776487464,0.3139110709558771,0.1534104198805302,0.1600058599477187,0.6343560786374884,0.5376859074787803,0.17165713654221146,0.23104133195228835,-0.360625290708186,-0.36502066423514923,-0.34409202721119964,0.15110586985040048,-0.07709178619593718,0.2171941174940263,5.717338764228101e-4,0.21162081304206937,-0.06838855284812227,-0.2872763275062843,-0.10034886033073226,-0.1977605296266883,-0.38022828354011207,-0.28560506933258717,-0.14839359504372673,0.25689782121353877,-0.01167919540033467,0.13513912288005853,0.134083674279989,0.02328897738161685,0.12205559057327632,-0.09667901087482902
-0.06188932063301293,0.2183793073167108,-0.18801578201575114,-0.030274007564765087,0.09485885719141646,0.3286430753325581,0.013822538878551447,-0.12347821823311274,0.01623941916832399,0.062278280411710435,0.33033925176879453,0.21582566452366217,-0.08168229940224343,-0.23867187555225944,0.07789498585539414,0.1534104198805302,0.3448890894250182,-0.16672980364239834,0.31548697742953585,0.22519039940735838,0.2764836354083771,0.23150209627860546,-0.04727851607724915,-0.2889403227189783,-0.07182243983759372,0.27281499945929544,0.2952888514239922,0.010690070707395308,0.07300156377463925,0.17516966468268927,0.006178895084036595,-0.03158069814081641,-0.12511906992234129,-0.04918467332491774,-0.0029830734503501774,0.26293455449835185,-0.011786913370058523,3.1635242040474866e-4,-0.14750787557419398,0.03626163484840592,0.17283024598839505,0.14536957490339927,0.16892074514593725,0.3449306506481181
-0.08355930058614226,-0.3771394659567182,-0.044384496910567534,0.08243550415437637,-0.3500666279883181,0.008144934430684592,-0.1612291824906108,0.18255245223857977,0.17997689594925095,-0.16102702124239024,0.08458920972500392,-0.39618689306896193,-0.2919767761951552,0.4558828559286337,0.17596755084981391,0.1600058599477187,-0.16672980364239834,0.7488734860227609,0.17776474172479922,0.43559093201031523,-0.7791243115695152,-0.22061054015658732,-0.5963275545342817,-0.09754162029954237,-0.3556818091845642,-0.13035960792278276,-0.5691821620756331,0.20129014684605975,-0.10968718305297194,-0.022857385063115056,-0.11735145114956569,-0.4724733125947942,0.09648108989065944,-0.036530176837760484,-0.16668389976351333,-0.7951810654155899,-0.10600964854953478,0.358246727053802,0.06902253896050846,0.3589815837861091,0.19392763985356098,-0.3798587162951953,-0.022554825428997165,-0.3539026636854097
-0.989130043535524,0.38603936134720407,-0.011758098736694627,0.15218861891296115,-0.5687812208968439,0.6636288495811641,-0.05047766016438006,-0.6208340578132072,-0.06027563745882103,-0.23551024449510052,1.2391543159870302,0.8741777304357321,0.7752853958434089,0.024601545906780257,0.7204763430901128,0.6343560786374884,0.31548697742953585,0.17776474172479922,2.1617539661426957,1.3069625097997144,0.9780093197095263,0.2777881601489665,-1.4547686358236682,-0.8878356324317314,-0.8946254493175336,0.6125482316152001,0.0408928785964419,1.2526915038554256,-0.1120077745817367,0.8864764479155679,-0.038104470002829696,-1.0482305845774789,-0.16588421621223787,-0.15126461785843437,-1.07731805708545,-0.4650596745220775,-0.1402932644620733,0.5037204361595127,0.29877087560657506,-0.07250924076558875,0.47773577874446765,-0.4983304630657226,-0.08935046316037033,-0.18457165626340155
-0.6920809241733409,0.1531531898243035,-0.2340471225773856,0.09810474451827413,-0.45194742087037965,0.551275260973551,-0.037222789640284866,-0.3699423730470169,0.12734400933238907,-0.27101381886185993,0.9810316568001719,0.48712533592153473,0.2135287832778458,0.21201472109619046,0.5573545639181158,0.5376859074787803,0.22519039940735838,0.43559093201031523,1.3069625097997144,1.244428972284103,0.10728224401409332,0.21849128888670272,-1.1212446211595712,-0.7018305504332649,-0.710706728707704,0.38871503409802494,-0.33484348107927625,0.7680886304334066,-0.06120803797444598,0.4832070352432883,-0.12594035019647848,-0.8282542216051303,-0.09257694204375423,-0.03399753879493012,-0.7360936997472075,-0.6245603373705447,-0.15334554746121667,0.5736944698239012,0.08670127571417426,0.30153371101056714,0.5523279723723663,-0.5137551540149725,0.24636955782093922,-0.11319602091463508
-0.36314330054328964,0.8471408344124209,0.32866707608551843,-0.22338616430739966,0.1303916079447464,0.436694611216191,0.1585895187700873,-0.7142453447275497,-0.31448628387926425,0.7177519888940926,0.6961433679097653,1.696658690878126,0.9642252184458994,-0.1994806326654832,0.12264885169751444,0.17165713654221146,0.2764836354083771,-0.7791243115695152,0.9780093197095263,0.10728224401409332,2.5427706826667107,0.7767951967824364,0.32233227802329406,-0.25807384743863393,-0.17497236304514846,0.601164402270472,0.4629412894012264,0.3285538305430644,0.46528305892839106,0.7781170020500561,0.17653292039770285,0.09328160636193811,-0.375385601682812,-0.052279842173812874,-0.6928931413410028,0.08003281528826839,-0.7945425988954323,0.11839899881534297,0.09315099854824152,-0.45933089455920195,0.2948692078170461,0.21504619436435649,-0.2005821961131009,-0.5136711319814116
0.17222359850629396,0.437617260487407,0.04568902857172018,-0.21746223391876787,0.4116386483434556,0.5536666447191173,0.037328965306609424,-0.1070228344716184,-0.15331376207413366,0.3228410956547936,0.6545475813049688,0.7300476154226195,-0.3368427727689819,-0.008907938795383126,0.10984481809685301,0.23104133195228835,0.23150209627860546,-0.22061054015658732,0.2777881601489665,0.21849128888670272,0.7767951967824364,0.778652474426557,0.4414620050920745,-0.3449436658943606,-0.15497294166931538,0.12596111030164706,0.1236160739469188,-0.2872406856423144,0.28892577467822056,0.2259991161883155,0.0010923971198637643,0.1450967871966649,-0.24798303784335998,-0.4265958313419408,-0.2797733118674138,-0.04048499332330702,-0.44215380825243383,0.163850813751475,-0.2878817959757072,0.05901880696407365,0.11901029372791515,0.615677741226452,0.24613391956734887,-0.09802410578541436
1.0755302234639403,0.00295824449298914,0.2291115949170238,-0.3411844632640897,1.005570110679516,0.09506253644406956,-0.25705366680787384,0.4008113458895544,-0.13055268701225228,0.7106412150802045,-0.2110202794704347,0.24669865103543562,-1.1288877151159826,-0.0019452684564624642,-0.4416958236053175,-0.360625290708186,-0.04727851607724915,-0.5963275545342817,-1.4547686358236682,-1.1212446211595712,0.32233227802329406,0.4414620050920745,2.009184713388296,0.4332306022751615,0.7270566843764878,-0.5576567709512373,0.22138309820848542,-1.409097046535379,0.42725875324603335,-0.6052709448303136,-0.043177379974484016,1.2311533742111807,-0.2767280463746367,-0.40692995659494624,0.473477306435983,0.38898521328351016,-0.24173804777616972,-0.2943908286853657,-0.5072913558114822,-0.00993130117908091,-0.583230890838334,1.2952678928104902,0.1657990456796208,-0.12692685616850827
0.1967046508259286,-0.19843702195383667,0.291702919561123,0.061660632832428196,0.2103611572963879,-0.685129948934523,0.17222836733670743,0.05961531056576983,-0.1311083187769828,0.0901144773047029,-0.9839912359625161,-0.30320334743984223,0.3519003221642708,-0.04103429819444774,-0.47004406630747875,-0.36502066423514923,-0.2889403227189783,-0.09754162029954237,-0.8878356324317314,-0.7018305504332649,-0.25807384743863393,-0.3449436658943606,0.4332306022751615,1.015241338717386,0.40431728041684023,-0.2694097428475489,0.027167941049336473,-0.4936437800336373,-0.06227971517429843,-0.4516245139003533,0.25375126290434924,0.3624256629310399,0.14442756396359357,0.49483527207485645,0.37224972305792375,0.26913667729689816,-0.050392671731264965,-0.08370750210254858,0.06554338047398459,-0.23813060623240953,-0.1837081245740987,-0.22988224958544326,-0.29534372562044214,-0.35691491042060774
0.30822741623602884,-0.08661905630716284,0.04141795553111359,-0.10037495441464299,0.34500253999660835,-0.26768061293687584,0.02550920945337619,0.11392687099961857,0.04229370007961507,0.1230887448220356,-0.5099717350752868,-0.19520959330721713,-0.21505742748166565,-0.20363878405627342,-0.4108293490257419,-0.34409202721119964,-0.07182243983759372,-0.3556818091845642,-0.8946254493175336,-0.710706728707704,-0.17497236304514846,-0.15497294166931538,0.7270566843764878,0.40431728041684023,0.5727515816415103,-0.20497107095750247,0.1388731325209631,-0.5400307621186712,0.01709766824524938,-0.41401919137110127,-4.2577147211665217e-4,0.5170985222736371,-0.005333580890360151,0.166652236763998,0.47814215688634165,0.5432390473848268,0.25114123042858977,-0.33839322584512027,-0.06749641796830784,-0.09340733028143466,-0.33072494415520504,0.17638925406463876,0.08734023605284275,0.21888027090622378
-0.4504602068409934,0.3907557526039859,-0.17325193285317372,0.03331424090464447,-0.2636568416976548,0.1088390924001754,0.33010385004910225,-0.3644265996819658,-0.009107939567477411,-0.0060243480616532,0.15616366950668864,0.3344204140188108,0.6976732304319466,-0.2620995885037938,0.08278874346158879,0.15110586985040048,0.27281499945929544,-0.13035960792278276,0.6125482316152001,0.38871503409802494,0.601164402270472,0.12596111030164706,-0.5576567709512373,-0.2694097428475489,-0.20497107095750247,0.6009190843874893,0.21098332905530018,0.49843619567269715,0.01978612373264835,0.46933706747102794,0.09156359017668134,-0.32829642591249275,0.005702846214059313,0.2528466159115918,-0.09264010186356732,0.18778872380246137,-0.16317284526472953,0.05788161074772172,0.09606537478577247,-0.10542977478275521,0.45889644646818306,-0.42947735421830724,0.02027474429924162,0.23084833361628573
0.19420027460121106,0.2863530961765076,-0.06249205546936629,0.05551341341914517,0.23035688740418542,-0.06309494169718724,0.13302196622702397,-0.017242643193277646,-0.2766614250569247,-0.06422274587910087,-0.2826946723141759,-0.1836941656232359,0.34027666808599033,-0.5965083745181645,-0.042158883390522636,-0.07709178619593718,0.2952888514239922,-0.5691821620756331,0.0408928785964419,-0.33484348107927625,0.4629412894012264,0.1236160739469188,0.22138309820848542,0.027167941049336473,0.1388731325209631,0.21098332905530018,0.9608967170660216,0.023394816336304008,0.0015377696564564203,0.16270238282344573,0.2722432379601789,0.3181626080201868,0.06013282831063936,-0.05565931346208509,0.34777085199981683,0.8530893075911167,0.18276182308039504,-0.5119793748557246,-0.18814798113274517,-0.41894510945068003,-0.12724959367680852,0.5010000064236337,-0.24370466080062309,0.622459116418855
-0.8539975501749157,0.15723922923065442,-0.18949955422220285,0.2786049261732445,-0.8612557416674327,-0.09656834344211924,0.21342374898115632,-0.3376203366808721,-0.005987155746342528,-0.5657239528442966,0.2258401112962483,-0.023812112565058188,1.1939660814108963,-0.07794106731360267,0.5044058073465819,0.2171941174940263,0.010690070707395308,0.20129014684605975,1.2526915038554256,0.7680886304334066,0.3285538305430644,-0.2872406856423144,-1.409097046535379,-0.4936437800336373,-0.5400307621186712,0.49843619567269715,0.023394816336304008,1.4916135884817283,-0.24711327253542423,0.6663349322411557,0.036790382647870594,-0.8346980339950593,0.26720693026936054,0.2525924313906838,-0.42489345094164865,-0.28211568278268134,0.15069318289160372,0.0736436658908513,0.37052574872785937,-0.17915546489082254,0.4137926392364975,-0.887011259363371,-0.2930952502580803,0.16997178053816953
0.20065193936140713,0.12729468275781533,-0.025915058382353466,-0.07987359781013814,0.14883243486146827,0.21360696807314813,-0.04763629614629736,-0.003997453199022377,0.006931993080520165,0.34164925778377536,0.15206811280664403,0.3539388967336745,-0.1907507601984463,0.06119879968297122,-0.03785735600227305,5.717338764228101e-4,0.07300156377463925,-0.10968718305297194,-0.1120077745817367,-0.06120803797444598,0.46528305892839106,0.28892577467822056,0.42725875324603335,-0.06227971517429843,0.01709766824524938,0.01978612373264835,0.0015377696564564203,-0.24711327253542423,0.28458363296741945,0.0998415212198564,0.01471118089721633,0.22118864095251228,-0.1520176500772371,-0.1074708471760666,-0.0544392656019832,-0.12220852848949287,-0.32437919868283593,0.07804351038583929,-0.15131242255671648,0.05309293877939511,0.1649499500533009,0.27512428627354923,0.06465534680359031,-0.14611983047304064
-0.3563327069450814,0.38453262569556534,-0.11676607334443621,0.11584262622669997,-0.384668992873259,0.2055022401549672,0.2232716600302877,-0.24279639013208454,-0.07985416987974923,-0.011869745729941119,0.3254300863328705,0.36443011170473033,0.665065580602671,-0.10119039477145987,0.2723913213817213,0.21162081304206937,0.17516966468268927,-0.022857385063115056,0.8864764479155679,0.4832070352432883,0.7781170020500561,0.2259991161883155,-0.6052709448303136,-0.4516245139003533,-0.41401919137110127,0.46933706747102794,0.16270238282344573,0.6663349322411557,0.0998415212198564,0.6680981688793918,0.11247801987960461,-0.36106934324938916,0.008184904394308032,-0.04288833695763737,-0.3155967519103804,-0.11980175467885816,-0.24731281042794992,0.09080393970666252,0.12094106877493843,-0.1545170687855589,0.4605280476937111,-0.19216190486388068,-0.1394169976125603,0.08849833299057698
0.024671832244845954,0.16258492723931806,0.03326286512962188,0.1544798018988158,-0.009405732343075651,-0.24039357648587312,0.24518871608804035,-0.04416352718765545,-0.16403600008579772,-0.049809654326793344,-0.39021865586579135,-0.09189469387833288,0.4810653967888557,-0.1991519295710449,-0.11250307366280428,-0.06838855284812227,0.006178895084036595,-0.11735145114956569,-0.038104470002829696,-0.12594035019647848,0.17653292039770285,0.0010923971198637643,-0.043177379974484016,0.25375126290434924,-4.2577147211665217e-4,0.09156359017668134,0.2722432379601789,0.036790382647870594,0.01471118089721633,0.11247801987960461,0.2784366564702626,0.07252269584147317,0.0945801442779393,0.14639602384854083,0.1108547504259498,0.2733553895846205,-0.04756872140781155,-0.08507735059140384,0.012956716396140032,-0.24483020538692662,0.11642019813181863,-0.03781892624479432,-0.17973945521590268,0.0653205140846725
0.7453717910904175,0.06942619700640984,0.07100485053779458,-0.10479575591280797,0.5291067697369646,-0.18858856993472942,0.004801622540241446,0.36223927846427795,-0.18529387652887047,0.2896559352281846,-0.4071737198024564,-0.05884173723670349,-0.4375983519716345,-0.14075736979737413,-0.2713532400317576,-0.2872763275062843,-0.03158069814081641,-0.4724733125947942,-1.0482305845774789,-0.8282542216051303,0.09328160636193811,0.1450967871966649,1.2311533742111807,0.3624256629310399,0.5170985222736371,-0.32829642591249275,0.3181626080201868,-0.8346980339950593,0.22118864095251228,-0.36106934324938916,0.07252269584147317,0.9515815657937595,-0.04856317216263896,-0.22707801084179582,0.48303148908409993,0.48645596330902097,-0.02854803012067864,-0.366462505082505,-0.2673502810132011,-0.15343013273760545,-0.4187283506768648,0.8666530097639922,0.03285460590567156,0.22360055822156447
-0.013828105332975672,-0.053466849436643656,-0.0869832392121227,0.12286616370636569,-0.24293617954620758,-0.4094849566265036,0.21063241969992197,0.1386602273696049,-0.06803290983023404,-0.3035158874625024,-0.4746832316168978,-0.5282778360834103,0.3734798192834343,-0.07602779500833798,0.014906701473745556,-0.10034886033073226,-0.12511906992234129,0.09648108989065944,-0.16588421621223787,-0.09257694204375423,-0.375385601682812,-0.24798303784335998,-0.2767280463746367,0.14442756396359357,-0.005333580890360151,0.005702846214059313,0.06013282831063936,0.26720693026936054,-0.1520176500772371,0.008184904394308032,0.0945801442779393,-0.04856317216263896,0.3000640829309743,0.1369677365008982,0.25378516728084394,0.07961209752528811,0.1418046391116435,-0.19016335590034567,0.079040811312838,-0.11397531353633687,0.01468292688308644,-0.20724902006289866,-0.18748267083374112,0.21714069909992917
-0.48529224811379484,-0.06606133277156295,-0.08859950833125278,0.1307122121234417,-0.2789991761789321,-0.431200320299829,0.26530331676194396,-0.36533615401666814,0.15039393107568563,-0.09670519645529,-0.602709182006781,-0.09824164704947348,0.8302527490670285,-0.17335794409301528,-0.27812190109123003,-0.1977605296266883,-0.04918467332491774,-0.036530176837760484,-0.15126461785843437,-0.03399753879493012,-0.052279842173812874,-0.4265958313419408,-0.40692995659494624,0.49483527207485645,0.166652236763998,0.2528466159115918,-0.05565931346208509,0.2525924313906838,-0.1074708471760666,-0.04288833695763737,0.14639602384854083,-0.22707801084179582,0.1369677365008982,0.8678943553147791,0.1676603231064968,0.22377974715263424,0.07692925650416627,0.03888851318610265,0.21574303635767075,-0.1021875441788851,0.35491220669730966,-0.9768590412199738,-0.1016451765726762,-0.05616655640352523
0.49695999317130174,-0.12970842207687214,-0.2258608485830546,0.02489825071572509,0.1450111340716296,-0.45352506550529453,0.24003925086733907,0.44355759179763027,0.023866739535194078,-0.09508994366958123,-0.922213458659082,-0.9418101514894383,-0.18745445263000116,-0.3519128800942304,-0.39367269278424083,-0.38022828354011207,-0.0029830734503501774,-0.16668389976351333,-1.07731805708545,-0.7360936997472075,-0.6928931413410028,-0.2797733118674138,0.473477306435983,0.37224972305792375,0.47814215688634165,-0.09264010186356732,0.34777085199981683,-0.42489345094164865,-0.0544392656019832,-0.3155967519103804,0.1108547504259498,0.48303148908409993,0.25378516728084394,0.1676603231064968,0.9624033384114403,0.6721900254779807,0.2952276093822253,-0.5349626053755069,-0.19196348741735772,-0.07656159077303358,-0.14150520083732587,0.18136659383311382,-0.047984948457178926,0.7641083155188865
0.12285343776263301,0.38242438839749543,-0.1386226993193786,0.12588055682537808,0.362848295549292,-0.2961039896466977,0.46480380776648544,-0.055521833273269934,-0.17705077369605657,-0.17879355248024675,-0.6225916366072882,-0.26895113295142464,0.40786850191585877,-0.8603667357255383,-0.41564078521730075,-0.28560506933258717,0.26293455449835185,-0.7951810654155899,-0.4650596745220775,-0.6245603373705447,0.08003281528826839,-0.04048499332330702,0.38898521328351016,0.26913667729689816,0.5432390473848268,0.18778872380246137,0.8530893075911167,-0.28211568278268134,-0.12220852848949287,-0.11980175467885816,0.2733553895846205,0.48645596330902097,0.07961209752528811,0.22377974715263424,0.6721900254779807,1.5091797971209688,0.6094606651755804,-0.6202632057512301,-0.05840034898975335,-0.4853483197408044,-0.224896596367615,0.23790732074544477,0.0991914674052783,1.0440672088879754
-0.10387203797281222,-0.21232040432733013,-0.17711388537283523,0.15938304908427067,-0.07912927331433854,-0.23009971808906918,-0.02878042573906134,0.08177413716706534,0.13044982079705147,-0.511694554057807,-0.25689497469052963,-0.6421201740203756,-0.043916219788535354,-0.30772574480182463,-0.09125004125864782,-0.14839359504372673,-0.011786913370058523,-0.10600964854953478,-0.1402932644620733,-0.15334554746121667,-0.7945425988954323,-0.44215380825243383,-0.24173804777616972,-0.050392671731264965,0.25114123042858977,-0.16317284526472953,0.18276182308039504,0.15069318289160372,-0.32437919868283593,-0.24731281042794992,-0.04756872140781155,-0.02854803012067864,0.1418046391116435,0.07692925650416627,0.2952276093822253,0.6094606651755804,0.9026409846718746,-0.40762977541311257,0.14739430882588184,-0.07760486403480556,-0.34442061387329465,-0.1228140521979612,0.13934107586609584,0.7125836561802055
-0.2622956405691909,0.025619135043262305,0.05968728627922574,0.08005447794773393,-0.05303511116760338,0.3726995417061199,-0.05994059991313626,-0.15895970960375144,0.07196834237855546,0.13541203831261,0.5595188364974023,0.555280317220172,-0.11252673823116699,0.3640906986678342,0.18416801928776408,0.25689782121353877,3.1635242040474866e-4,0.358246727053802,0.5037204361595127,0.5736944698239012,0.11839899881534297,0.163850813751475,-0.2943908286853657,-0.08370750210254858,-0.33839322584512027,0.05788161074772172,-0.5119793748557246,0.0736436658908513,0.07804351038583929,0.09080393970666252,-0.08507735059140384,-0.366462505082505,-0.19016335590034567,0.03888851318610265,-0.5349626053755069,-0.6202632057512301,-0.40762977541311257,0.7178948370192973,-0.015231131922166352,0.22998482229342443,0.35835526696285624,-0.329239016171279,0.12903632049578195,-0.5944348787197243
-0.4136252516002236,-0.01384691883038399,0.1303775275569599,0.06108949705698374,-0.37670476470549735,-0.3057778956694291,0.11916964005635958,-0.21799763663648908,0.028106864858961276,-0.10177690151659567,-0.12465314560375418,0.08891925029566167,0.623645705967602,0.04549024313863403,-0.020641992660847874,-0.01167919540033467,-0.14750787557419398,0.06902253896050846,0.29877087560657506,0.08670127571417426,0.09315099854824152,-0.2878817959757072,-0.5072913558114822,0.06554338047398459,-0.06749641796830784,0.09606537478577247,-0.18814798113274517,0.37052574872785937,-0.15131242255671648,0.12094106877493843,0.012956716396140032,-0.2673502810132011,0.079040811312838,0.21574303635767075,-0.19196348741735772,-0.05840034898975335,0.14739430882588184,-0.015231131922166352,0.44435369420044973,-0.1310442412391212,-0.014966967415339505,-0.5285942331207768,-0.09576728531655221,-0.16001706165891036
0.03675841608581872,-0.24516558939237942,-0.14814298213156404,-0.16697184892553787,0.01760804374567513,0.31262793898353614,-0.2681815626809802,0.08781889202262115,0.2671696265562202,0.06633107452413922,0.39746745953783624,-0.011442936676590937,-0.7100365977428907,0.29899897501654127,0.07472817390717533,0.13513912288005853,0.03626163484840592,0.3589815837861091,-0.07250924076558875,0.30153371101056714,-0.45933089455920195,0.05901880696407365,-0.00993130117908091,-0.23813060623240953,-0.09340733028143466,-0.10542977478275521,-0.41894510945068003,-0.17915546489082254,0.05309293877939511,-0.1545170687855589,-0.24483020538692662,-0.15343013273760545,-0.11397531353633687,-0.1021875441788851,-0.07656159077303358,-0.4853483197408044,-0.07760486403480556,0.22998482229342443,-0.1310442412391212,0.4777819662095242,0.08706447676765117,-0.03668915241139012,0.3177802598696564,-0.10020731731080307
-0.36166861777431825,0.22255812301231362,-0.33401603551510967,0.19194602501188546,-0.3647325848832066,0.17501430079515884,0.2890811206270486,-0.2558465756687758,0.13008511182375082,0.03906041927999136,0.07827332717865468,0.2101237274535212,0.4952898028709305,-0.02781558621593192,0.07681683893636637,0.134083674279989,0.17283024598839505,0.19392763985356098,0.47773577874446765,0.5523279723723663,0.2948692078170461,0.11901029372791515,-0.583230890838334,-0.1837081245740987,-0.33072494415520504,0.45889644646818306,-0.12724959367680852,0.4137926392364975,0.1649499500533009,0.4605280476937111,0.11642019813181863,-0.4187283506768648,0.01468292688308644,0.35491220669730966,-0.14150520083732587,-0.224896596367615,-0.34442061387329465,0.35835526696285624,-0.014966967415339505,0.08706447676765117,0.8461548721104166,-0.6053114934030389,0.04362182220226018,-5.748212193045763e-4
1.0165409400392456,0.11819537195003726,0.12742374287547706,-0.21264318999177462,0.7610491006489082,0.424245134066923,-0.3569305245847428,0.5289892700539065,-0.29545149312935626,0.3358298467144293,0.341163805067026,0.04695776591016995,-1.1779223845215334,-0.03279283422050651,0.09598429082615453,0.02328897738161685,0.14536957490339927,-0.3798587162951953,-0.4983304630657226,-0.5137551540149725,0.21504619436435649,0.615677741226452,1.2952678928104902,-0.22988224958544326,0.17638925406463876,-0.42947735421830724,0.5010000064236337,-0.887011259363371,0.27512428627354923,-0.19216190486388068,-0.03781892624479432,0.8666530097639922,-0.20724902006289866,-0.9768590412199738,0.18136659383311382,0.23790732074544477,-0.1228140521979612,-0.329239016171279,-0.5285942331207768,-0.03668915241139012,-0.6053114934030389,1.6883333946700174,0.055115636204364216,0.20882490285010843
-0.03521747183357647,0.11618628785282392,-0.20540655661124066,-0.14051957438003893,0.2065763739499203,0.3326668638050091,0.011977075006493632,-0.0698519665982209,0.19167834250281432,0.02204329143669705,0.4635227536106105,0.31255884418249336,-0.5139003840446719,-0.015090983890727248,-0.05315302817495758,0.12205559057327632,0.16892074514593725,-0.022554825428997165,-0.08935046316037033,0.24636955782093922,-0.2005821961131009,0.24613391956734887,0.1657990456796208,-0.29534372562044214,0.08734023605284275,0.02027474429924162,-0.24370466080062309,-0.2930952502580803,0.06465534680359031,-0.1394169976125603,-0.17973945521590268,0.03285460590567156,-0.18748267083374112,-0.1016451765726762,-0.047984948457178926,0.0991914674052783,0.13934107586609584,0.12903632049578195,-0.09576728531655221,0.3177802598696564,0.04362182220226018,0.055115636204364216,0.6228959161131035,0.2791485054771737
0.1185982550268565,0.24487739462156885,-0.6002541011195566,0.159521756630956,-0.0734266201823858,-0.05326316077597181,0.3975692084477015,0.33570083047611016,0.034487729169727026,-0.5276613260760242,-0.23197866809689127,-0.7362912044227806,0.005537590525929307,-0.6997345412096682,-0.029402953801916806,-0.09667901087482902,0.3449306506481181,-0.3539026636854097,-0.18457165626340155,-0.11319602091463508,-0.5136711319814116,-0.09802410578541436,-0.12692685616850827,-0.35691491042060774,0.21888027090622378,0.23084833361628573,0.622459116418855,0.16997178053816953,-0.14611983047304064,0.08849833299057698,0.0653205140846725,0.22360055822156447,0.21714069909992917,-0.05616655640352523,0.7641083155188865,1.0440672088879754,0.7125836561802055,-0.5944348787197243,-0.16001706165891036,-0.10020731731080307,-5.748212193045763e-4,0.20882490285010843,0.2791485054771737,1.682757426483659
