V1,V2,V3,V4,V5,V6,V7,V8,V9,V10,V11,V12,V13,V14,V15,V16,V17,V18,V19,V20,V21,V22,V23,V24,V25,V26,V27,V28,V29,V30,V31,V32,V33,V34,V35,V36,V37,V38,V39,V40,V41,V42,V43,V44
4.310974212999729,0.7636490084608445,-2.1603207014123784,1.7628626739886986,0.9734208997765936,2.7790060711067293,-1.0300310125665382,0.33457571284199755,-1.1738619384052797,-0.8522792993820746,-0.06589637494731478,4.1877291838558675,-2.3510539359418914,0.47561988598746285,1.1423266971558248,2.3307411486171707,1.028459287138904,-2.3643249762620893,-1.9009862691558352,-2.4188239335135906,0.9448747165181302,-1.2500458516346273,2.222556214305202,0.602774000216121,-0.7822546926233205,1.6529440456643316,-0.619041972787807,0.4778983962788702,-0.11232965151239147,1.8466945503461991,2.1292124002557657,-0.988192434724727,1.2641156202205723,-3.265555696347653,0.061273686935598794,-1.5032896506629947,-3.1482785295825204,-1.0101951790587,-4.183811517759595,-0.1430651210778714,0.07169592789543,4.079783458511042,1.0389810708417608,1.3285001134145509
0.7636490084608445,0.6294626344433746,-1.5164910693426081,-0.060053858579786124,0.6344068940324169,0.9031037902775843,-0.29349804838180404,-0.06469580856333225,-0.3810134599660645,-0.12064189681539116,-0.47276197900767514,1.4344375776657663,-0.02619163672968234,-0.7967374070993506,-0.16877964437663706,0.45855274267477775,-0.178199177852426,-0.8042643041193321,-1.1482210173286214,-0.9968323491457142,0.431563606521226,-0.41262676573643703,0.28379953985072176,-0.0734293681744758,-0.27031448876496306,0.505483121334491,-0.39904089962398,0.20266266492338464,-0.331578613437286,-0.11726471377059726,0.5010575965893029,-0.4880433340714832,0.29079624858119407,-1.1103501350890477,-0.4376298164144265,-1.1655827037534312,-1.381801766967504,-0.07950729044594926,-0.7512396096670266,0.3646730280810325,-0.7044972986007582,0.8887809896433627,1.4519968750230776,-0.12020300216209616
-2.1603207014123784,-1.5164910693426081,3.9167832045832234,-0.03193829003559946,-1.4589171007777075,-2.4774837759662924,0.8137569550701295,0.05571958307572448,1.1807133334234483,0.16678752252216442,1.4238786725282093,-3.9023188265617925,-0.44914622479988764,1.987317896305689,0.3032660060901864,-1.042406598468359,0.289723823124993,2.4304113378751233,2.579609068655922,2.756593511506238,-0.8897627881502165,1.496666284284819,-0.8383264245377864,0.4119885722584933,0.9825953027917141,-1.2222521572320442,0.8843685744638938,-0.408921014582501,0.6206799834670194,0.2429610482394107,-1.5652195719223712,1.0380593811330026,-0.6691186593268629,3.0483534701170654,1.2816345679795005,2.9657588864924467,3.5357636499575236,0.37053829236864094,1.6954429790601506,-0.9576110238269243,2.234589391779902,-2.311743376531794,-3.9537830850009406,0.5370753415850773
1.7628626739886986,-0.060053858579786124,-0.03193829003559946,1.0043675149695066,0.04722133423627409,0.8284146468955368,-0.330535948830995,0.2307068822987058,-0.3487697246242021,-0.36427344657576727,0.3155051854273795,1.1929941946696758,-1.2431759418836186,0.8466719587671734,0.7475296097122922,0.9066882888447946,0.6881269336777325,-0.6852704374361308,-0.15484481622367174,-0.5580595860588875,0.1767549623645142,-0.37397428593928345,0.991020046836355,0.3745267674678706,-0.2281855626775495,0.5110590233583503,-0.03429863887111197,0.09935391022340978,0.19512748165694607,1.0844814337304998,0.784117087404475,-0.1635415879050819,0.4569338229845653,-0.9351033385801137,0.35392640655897284,0.06383489213908337,-0.6654907987970373,-0.48784902269495173,-1.6880107168480243,-0.35061393517607253,0.5581282742832294,1.5385763022868988,-0.5236122481537222,0.7994391047470629
0.9734208997765936,0.6344068940324169,-1.4589171007777075,0.04722133423627409,0.6945362284772508,0.9543223061413784,-0.32122755017386917,-0.06262097812492304,-0.3573267812737813,-0.25397456575266975,-0.3147204275115853,1.5092664460272696,-0.46059960529611005,-0.6180045530772363,-0.08330251379740371,0.672811844290861,-0.10769083264272795,-0.7398952205518593,-1.2924063497766922,-0.9883356855296582,0.5487078379171988,-0.2827301044548423,0.40442141084064676,0.09662124821595186,-0.17533778532394537,0.6138589451456131,-0.4495533157795385,0.26292757730855243,-0.3849008275184933,0.06857505625268547,0.5036057067069102,-0.5861427846432347,0.40934551819934173,-1.1674514457384197,-0.28348187981987605,-1.127680218068021,-1.4597946162631708,-0.09811107057983268,-1.1379418652371198,0.2809201604480623,-0.39239691618930733,1.1240034179444853,1.210568592620051,0.1376021015971413
2.7790060711067293,0.9031037902775843,-2.4774837759662924,0.8284146468955368,0.9543223061413784,2.2270528512797085,-0.7974548341335445,0.15389856912328456,-1.0303752831313644,-0.412275937550591,-0.6278185099496045,3.4165760962680047,-0.7466751142964263,-0.5461230818839367,0.4146737275158813,1.4113585521488643,0.38546591067264846,-2.0730178813465336,-1.7666214901991582,-2.1954804642567023,0.7180894640844915,-1.2342662572560372,1.3353488153675894,0.0596290927273896,-0.7884336841258914,1.1930509345742324,-0.5856731011885887,0.34915903450550245,-0.24507777145259366,0.7351330500675911,1.610075553678117,-0.7861905120349757,0.8184279701021149,-2.6681588427440426,-0.4977113370202346,-1.8046351964673795,-2.7522208706356217,-0.6225727362957072,-2.4647406606664943,0.318098989282676,-0.9309603979104304,2.7128756023802914,2.0456633204143393,0.335982260193355
-1.0300310125665382,-0.29349804838180404,0.8137569550701295,-0.330535948830995,-0.32122755017386917,-0.7974548341335445,0.3698875979926351,-0.07297824890576117,0.39570368381803556,0.18195472159862885,0.20061534785448432,-1.2378964502478553,0.32495535710721435,0.046438840934809454,-0.18955347522573968,-0.5849970168058164,-0.21022117982282185,0.7251738476265664,0.6419513362383586,0.8277587548238866,-0.2831760797483264,0.4664299843560148,-0.5149526864782972,-0.06587325142804464,0.2569998227489851,-0.4535737463934294,0.17932131446967714,-0.15755785231581432,0.09113332940186841,-0.3381416628884464,-0.5822670976311638,0.27123540048043365,-0.38045420015115533,0.9617071404081698,0.10104687317345151,0.5953392433646433,0.9460490438147138,0.2537224730330713,0.9884721004116447,-0.0833761257118906,0.2642987883242915,-1.0320874224065335,-0.6589711238746259,-0.21044421548287004
0.33457571284199755,-0.06469580856333225,0.05571958307572448,0.2307068822987058,-0.06262097812492304,0.15389856912328456,-0.07297824890576117,0.07637423381986412,-0.10793329785291275,-0.033095053823208286,0.02565827220592204,0.21419805563684235,-0.09562064026185851,0.2138685070146283,0.1757085627109554,0.12176161338699776,0.18348451740085042,-0.18180151906513936,0.10622180764618688,-0.12020691858704055,-0.034560854870596104,-0.16150499273356733,0.19842600244655798,0.021164996029555277,-0.09735414997298658,0.057886798914583086,0.04539992517353438,-0.014334425958902546,0.10158671970878243,0.2227626903300852,0.18953935209418263,0.04991416040508596,0.07002758074358131,-0.17509388746733112,0.05373464839830401,0.07095935481809244,-0.054029926299411946,-0.12499728367702292,-0.2310416856491557,-0.07069962531822857,0.030649973724256086,0.2565633401733079,-0.10249683948634554,0.1067008810699678
-1.1738619384052797,-0.3810134599660645,1.1807133334234483,-0.3487697246242021,-0.3573267812737813,-1.0303752831313644,0.39570368381803556,-0.10793329785291275,0.5731890073903789,0.0901981572343314,0.4573261591549443,-1.5851590576687076,-0.09531561880602667,0.3078126049384452,-0.1616080996070321,-0.5015024690706699,-0.19833539562801142,1.079054108441999,0.6432647100866502,1.101927412783056,-0.21931434765007018,0.774120463163868,-0.5579116838144982,0.12712104125383353,0.48209392411161106,-0.46921666340337653,0.19749725106695837,-0.10632086103363625,0.03645349890014486,-0.24489948101108133,-0.7989549755971027,0.22795227963720793,-0.3326185668160934,1.2538065272982148,0.3437726774747908,0.8503796086572046,1.2006116761807943,0.3165533677937204,0.8485650778729852,-0.2176771227308194,0.7323683183547144,-1.1069092362462296,-1.1656534221741244,0.03898516927864096
-0.8522792993820746,-0.12064189681539116,0.16678752252216442,-0.36427344657576727,-0.25397456575266975,-0.412275937550591,0.18195472159862885,-0.033095053823208286,0.0901981572343314,0.37902322382939113,-0.30586771651917455,-0.6181316718075834,1.1373218260468516,-0.3668437048601704,-0.2623587314366069,-0.7044208152174837,-0.23355537071218374,0.11912969636287071,0.5720000721964328,0.2757625459888975,-0.37485834716832006,-0.1500516673827103,-0.47102697895514967,-0.420827948687996,-0.1291228451723225,-0.419534245179962,0.19605109723654343,-0.19213777802311155,0.16355233130682342,-0.5482638727222519,-0.21403969474841517,0.32201225442883247,-0.41458698225028295,0.47512912553652714,-0.3213692213854244,0.12452030918505606,0.5217152847147237,0.1180736230485706,1.2618818812648063,0.15503225686799932,-0.6348532183893636,-0.9241053703102365,0.3284493541316761,-0.678154009834018
-0.06589637494731478,-0.47276197900767514,1.4238786725282093,0.3155051854273795,-0.3147204275115853,-0.6278185099496045,0.20061534785448432,0.02565827220592204,0.4573261591549443,-0.30586771651917455,0.9311021736296293,-1.029172919662619,-1.4127507998260718,1.0954155742806093,0.3569769436443139,0.2631291627358502,0.2899639619412054,0.9256944677756797,0.43610358117868187,0.9205413156379423,0.028304173570745245,0.8517002131558381,0.10687422096233144,0.6065547076840236,0.5622094770744934,-0.081502326569248,0.13264947560784301,0.027563153605421217,0.06371143837126532,0.6080865803926095,-0.4693312484077269,0.054075137549374146,0.09409713762585062,0.8235873611266239,0.8359995328108187,1.0781918262244208,0.9112987398924958,0.07315374986196728,-0.5627369022802419,-0.5507931275230942,1.5969532939343245,-0.045061801726810645,-1.9762929440252164,0.8897557057600616
4.1877291838558675,1.4344375776657663,-3.9023188265617925,1.1929941946696758,1.5092664460272696,3.4165760962680047,-1.2378964502478553,0.21419805563684235,-1.5851590576687076,-0.6181316718075834,-1.029172919662619,5.263450643673577,-1.050474981371376,-0.9295115950089958,0.5729928535334017,2.1394673060145415,0.5335115179594818,-3.182759045930625,-2.785792151553073,-3.407440058305375,1.1203636323096389,-1.9083161885446323,1.9923863998806985,0.061742831712072815,-1.2079975556481455,1.8308868692972708,-0.9163416629179432,0.5488384802430121,-0.41537096318941696,1.0443465802750826,2.449861933749759,-1.229667020435108,1.2573510962831604,-4.108678183152529,-0.8134769576492732,-2.857136637675028,-4.270201191354354,-0.9345696045468667,-3.7161186292781783,0.5368947623642101,-1.5180060193799674,4.113859399215272,3.285833751159384,0.4556730953813513
-2.3510539359418914,-0.02619163672968234,-0.44914622479988764,-1.2431759418836186,-0.46059960529611005,-0.7466751142964263,0.32495535710721435,-0.09562064026185851,-0.09531561880602667,1.1373218260468516,-1.4127507998260718,-1.050474981371376,3.963650012605521,-1.6120098765241897,-0.9798379088014058,-2.0040237361114555,-0.7907617151405837,-0.18490128498162917,1.1796600113642928,0.11678533163431712,-0.9517916306963673,-0.8888801201732281,-1.3795324967607507,-1.4615250724538367,-0.6238469181451792,-1.0526177988760046,0.42281315414138343,-0.49731001534905234,0.32431447083045045,-1.8545092672062924,-0.3581216189273299,0.8480562193741442,-1.0515166963114795,0.7643995104996602,-1.3200192921229876,-0.35932196314458326,0.8602823763374052,0.3105842081122878,3.687790348337952,0.8020896152052516,-2.6482928448328265,-2.479231842818499,2.130327858995043,-2.292167875480885
0.47561988598746285,-0.7967374070993506,1.987317896305689,0.8466719587671734,-0.6180045530772363,-0.5461230818839367,0.046438840934809454,0.2138685070146283,0.3078126049384452,-0.3668437048601704,1.0954155742806093,-0.9295115950089958,-1.6120098765241897,1.9087355289590118,0.8072306424233554,0.45640364473893374,0.780137293061312,0.7708325309481675,0.9639076500290564,0.890325705412058,-0.14468079178347082,0.569090194491156,0.4622135410502994,0.6931798446233043,0.44032171274197235,-0.08072210420975073,0.37432777279775964,-0.02832480652621437,0.3730305457777776,1.1664182897511917,-0.19031090913320156,0.29095040082564294,0.22588765459205967,0.7208684678532037,1.1122617112146584,1.5528495443994983,1.1748147612219055,-0.22154702117612854,-0.9088181741528565,-0.825297327477094,1.876374059512395,0.29274062087261865,-2.5985857579392073,1.199486448260455
1.1423266971558248,-0.16877964437663706,0.3032660060901864,0.7475296097122922,-0.08330251379740371,0.4146737275158813,-0.18955347522573968,0.1757085627109554,-0.1616080996070321,-0.2623587314366069,0.3569769436443139,0.5729928535334017,-0.9798379088014058,0.8072306424233554,0.5880577663472321,0.6011479147736771,0.5404154805764358,-0.3090731486899448,0.08781720995779235,-0.19238369076323567,0.06233506027770034,-0.15546257757917564,0.6748778964266704,0.31931920242182915,-0.08523397131576149,0.28642179152851655,0.0484963704621536,0.046965106248378394,0.19344615529047407,0.835012373130262,0.4567108812002863,-0.041687755959702734,0.2960201343981321,-0.44649920551031064,0.37802186030524565,0.29398846149218333,-0.2062261722341659,-0.33699285905867804,-1.136457266010993,-0.343978638444503,0.6098165631370817,0.967556490326059,-0.723118193012849,0.6509671802747911
2.3307411486171707,0.45855274267477775,-1.042406598468359,0.9066882888447946,0.672811844290861,1.4113585521488643,-0.5849970168058164,0.12176161338699776,-0.5015024690706699,-0.7044208152174837,0.2631291627358502,2.1394673060145415,-2.0040237361114555,0.45640364473893374,0.6011479147736771,1.5764801245214097,0.5447616705448344,-0.9306689487587352,-1.4103700429110806,-1.1847422537837227,0.7885330331541653,-0.25216157661390265,1.2273236580814773,0.6578257706740848,-0.10602422307974266,1.0468026490961178,-0.46078975624142854,0.4076535576375323,-0.28477209237123163,1.14762978472453,0.9281240465537164,-0.739656535332099,0.9102764964892265,-1.6528007736158477,0.33576189689436187,-0.7558582682564722,-1.7150986455828017,-0.439698566144291,-2.797299915598061,-0.1657726378477351,0.6510341173860144,2.3856015696149404,0.1457791790233906,1.1607119798613632
1.028459287138904,-0.178199177852426,0.289723823124993,0.6881269336777325,-0.10769083264272795,0.38546591067264846,-0.21022117982282185,0.18348451740085042,-0.19833539562801142,-0.23355537071218374,0.2899639619412054,0.5335115179594818,-0.7907617151405837,0.780137293061312,0.5404154805764358,0.5447616705448344,0.5355584151018163,-0.3113040313885293,0.12239373003697783,-0.22582862619083896,0.044895940060461305,-0.20420573175483503,0.6171600305499115,0.26980757441638037,-0.09914247518757847,0.2521639239198846,0.07075116859182132,0.03928155547648295,0.19270417389319733,0.771923448792029,0.43221794891921667,0.010039050467593638,0.3004234149101022,-0.42529068322808666,0.3472074856284268,0.2805361676380078,-0.15569083551361557,-0.3226798839001046,-1.0085624085366256,-0.3007125799470428,0.5028181432848602,0.8714729096770039,-0.6272585346854826,0.5845639491664074
-2.3643249762620893,-0.8042643041193321,2.4304113378751233,-0.6852704374361308,-0.7398952205518593,-2.0730178813465336,0.7251738476265664,-0.18180151906513936,1.079054108441999,0.11912969636287071,0.9256944677756797,-3.182759045930625,-0.18490128498162917,0.7708325309481675,-0.3090731486899448,-0.9306689487587352,-0.3113040313885293,2.193081002259324,1.285723145947271,2.1479815996939466,-0.39836519258216807,1.5393707479694587,-1.104945739706899,0.30201225514415414,1.0058137036449641,-0.9185516768027197,0.4142713413024572,-0.18717397434756483,0.052289522666056354,-0.41897749206278634,-1.6223846328142455,0.5037484315927786,-0.5449462785542598,2.4974379186706748,0.7773721312598143,1.7482770800672194,2.464378461177967,0.6260909191521453,1.6089911614193022,-0.4364859994699614,1.5350948643166475,-2.188147186942376,-2.3947388520943114,0.1852534378364561
-1.9009862691558352,-1.1482210173286214,2.579609068655922,-0.15484481622367174,-1.2924063497766922,-1.7666214901991582,0.6419513362383586,0.10622180764618688,0.6432647100866502,0.5720000721964328,0.43610358117868187,-2.785792151553073,1.1796600113642928,0.9639076500290564,0.08781720995779235,-1.4103700429110806,0.12239373003697783,1.285723145947271,2.475711382700521,1.8097247680364352,-1.1021205794398448,0.410729066879968,-0.8347242356024115,-0.3207300306478684,0.22946111115010845,-1.2093409594301374,0.851060316463962,-0.5398535207649252,0.7558111834797667,-0.27369360671684867,-0.9037917210793567,1.1297221170424432,-0.8778062488737546,2.1437710271554176,0.3657781654792101,1.9955436263961632,2.6771739332117015,0.18091124084199448,2.3940169982856587,-0.449716989789391,0.45679491783976234,-2.232889986957461,-1.9940178294531958,-0.47721912414243706
-2.4188239335135906,-0.9968323491457142,2.756593511506238,-0.5580595860588875,-0.9883356855296582,-2.1954804642567023,0.8277587548238866,-0.12020691858704055,1.101927412783056,0.2757625459888975,0.9205413156379423,-3.407440058305375,0.11678533163431712,0.890325705412058,-0.19238369076323567,-1.1847422537837227,-0.22582862619083896,2.1479815996939466,1.8097247680364352,2.3321905708739115,-0.6744548627202608,1.396256472212103,-1.1128814546798584,0.15409218365488578,0.8697010977629692,-1.1067531299106217,0.5803909716616708,-0.3313676344395944,0.2932586061320211,-0.39942038553617354,-1.5609520048176797,0.7280285480958698,-0.7548736373434995,2.6680191847308543,0.7307481646135913,2.0345648896150648,2.7793266305978657,0.5554973426858157,1.9984816291616383,-0.515688738401918,1.4184528624075463,-2.4094048537869686,-2.598199145385062,0.006684531343361644
0.9448747165181302,0.431563606521226,-0.8897627881502165,0.1767549623645142,0.5487078379171988,0.7180894640844915,-0.2831760797483264,-0.034560854870596104,-0.21931434765007018,-0.37485834716832006,0.028304173570745245,1.1203636323096389,-0.9517916306963673,-0.14468079178347082,0.06233506027770034,0.7885330331541653,0.044895940060461305,-0.39836519258216807,-1.1021205794398448,-0.6744548627202608,0.5605358637499396,0.004696095103485205,0.45451604321134337,0.3254025375491431,0.03282898819821878,0.5825611284134301,-0.3776984783075407,0.2787492699744577,-0.3524791632406547,0.32277336759313185,0.33137295785758764,-0.5337177670417509,0.4811136334356334,-0.8616798800159549,0.054687909630659434,-0.696112300715944,-1.0814863506803092,-0.08305467182585452,-1.3589202310472495,0.07248153960368853,0.20157849084723853,1.1115703138238506,0.45564950188069314,0.49153407425949375
-1.2500458516346273,-0.41262676573643703,1.496666284284819,-0.37397428593928345,-0.2827301044548423,-1.2342662572560372,0.4664299843560148,-0.16150499273356733,0.774120463163868,-0.1500516673827103,0.8517002131558381,-1.9083161885446323,-0.8888801201732281,0.569090194491156,-0.15546257757917564,-0.25216157661390265,-0.20420573175483503,1.5393707479694587,0.410729066879968,1.396256472212103,0.004696095103485205,1.305400524858892,-0.5604203524675535,0.48203670871932097,0.8408336676749242,-0.3801389503406431,0.0947244100831837,0.0012702484672572761,-0.14645610423627745,-0.07383061408277444,-1.0937148379474726,0.07442149382586763,-0.17284353325403923,1.5134293737213673,0.7000065213260287,1.0600271224942377,1.3484125016143103,0.45277970960515834,0.3923374072593558,-0.35698052018004306,1.4801029999641975,-1.0329053382693019,-1.8125619253605727,0.5082787077143273
2.222556214305202,0.28379953985072176,-0.8383264245377864,0.991020046836355,0.40442141084064676,1.3353488153675894,-0.5149526864782972,0.19842600244655798,-0.5579116838144982,-0.47102697895514967,0.10687422096233144,1.9923863998806985,-1.3795324967607507,0.4622135410502994,0.6748778964266704,1.2273236580814773,0.6171600305499115,-1.104945739706899,-0.8347242356024115,-1.1128814546798584,0.45451604321134337,-0.5604203524675535,1.1827474352422371,0.3869550278479403,-0.34274821612763967,0.8236295271340907,-0.2671106810914094,0.23503947499777259,-0.010704416997189835,1.071412724298236,1.0514963261183619,-0.4533507619922572,0.669161456903384,-1.5488748446920504,0.16966740260192195,-0.5558718455409905,-1.4292997478802885,-0.5283249912880194,-2.2194263225457362,-0.16922124398728733,0.2629094472946562,2.0942334914057517,0.19955494085327866,0.8165899283457005
0.602774000216121,-0.0734293681744758,0.4119885722584933,0.3745267674678706,0.09662124821595186,0.0596290927273896,-0.06587325142804464,0.021164996029555277,0.12712104125383353,-0.420827948687996,0.6065547076840236,0.061742831712072815,-1.4615250724538367,0.6931798446233043,0.31931920242182915,0.6578257706740848,0.26980757441638037,0.30201225514415414,-0.3207300306478684,0.15409218365488578,0.3254025375491431,0.48203670871932097,0.3869550278479403,0.5774984642829466,0.34557994751827575,0.3000656943904712,-0.1132887423687226,0.17364828935779902,-0.12918325987474577,0.64182727834856,-0.045673227545032224,-0.25312236071527716,0.36531613266211405,-0.030515054974955852,0.5806840011448665,0.30679558506309546,-0.05675559778834684,-0.045746309821774175,-1.2062436624196637,-0.3299650632842246,1.1354947082573215,0.6874645807714863,-1.0182491821101634,0.8815503164724829
-0.7822546926233205,-0.27031448876496306,0.9825953027917141,-0.2281855626775495,-0.17533778532394537,-0.7884336841258914,0.2569998227489851,-0.09735414997298658,0.48209392411161106,-0.1291228451723225,0.5622094770744934,-1.2079975556481455,-0.6238469181451792,0.44032171274197235,-0.08523397131576149,-0.10602422307974266,-0.09914247518757847,1.0058137036449641,0.22946111115010845,0.8697010977629692,0.03282898819821878,0.8408336676749242,-0.34274821612763967,0.34557994751827575,0.565709313329519,-0.21974116012792563,0.0642135740895513,0.02387844989227344,-0.11137280371344771,-0.006770766351249927,-0.7060175321980563,0.041514453910283924,-0.051188672227605876,0.9584343717154629,0.4960843027234485,0.6923527696452347,0.8692647176192467,0.2809256300801715,0.1715169286126139,-0.240606668844738,1.0039576562771855,-0.62044839332692725,-1.1978647016127069,0.39044822268837026
1.6529440456643316,0.505483121334491,-1.2222521572320442,0.5110590233583503,0.6138589451456131,1.1930509345742324,-0.4535737463934294,0.057886798914583086,-0.46921666340337653,-0.419534245179962,-0.081502326569248,1.8308868692972708,-1.0526177988760046,-0.08072210420975073,0.28642179152851655,1.0468026490961178,0.2521639239198846,-0.9185516768027197,-1.2093409594301374,-1.1067531299106217,0.5825611284134301,-0.3801389503406431,0.8236295271340907,0.3000656943904712,-0.21974116012792563,0.7846085268122861,-0.4052993615027396,0.29219212935731903,-0.26103276913759765,0.5981027240442843,0.7746237467576699,-0.583243425608559,0.6148562465214558,-1.416983261470146,-0.023026493569953597,-0.9042008988897433,-1.5345409826090388,-0.3017637621838636,-1.8388410698649924,0.0648557920569859,0.0010198510102854632,1.71077618748947,0.7237747852002993,0.5594940781817636
-0.619041972787807,-0.39904089962398,0.8843685744638938,-0.03429863887111197,-0.4495533157795385,-0.5856731011885887,0.17932131446967714,0.04539992517353438,0.19749725106695837,0.19605109723654343,0.13264947560784301,-0.9163416629179432,0.42281315414138343,0.37432777279775964,0.0484963704621536,-0.46078975624142854,0.07075116859182132,0.4142713413024572,0.851060316463962,0.5803909716616708,-0.3776984783075407,0.0947244100831837,-0.2671106810914094,-0.1132887423687226,0.0642135740895513,-0.4052993615027396,0.3087806281594658,-0.17623463065754216,0.26870656786418234,-0.07122701225003146,-0.2837509398166891,0.3933919636559614,-0.27639762653139976,0.7059192984773883,0.13146934470592864,0.682399240631617,0.9102479846189048,0.03624349391969924,0.7968516509574217,-0.15936046284196262,0.13641185489781926,-0.7357427948512201,-0.6660217517434388,-0.1561212594431283
0.4778983962788702,0.20266266492338464,-0.408921014582501,0.09935391022340978,0.26292757730855243,0.34915903450550245,-0.15755785231581432,-0.014334425958902546,-0.10632086103363625,-0.19213777802311155,0.027563153605421217,0.5488384802430121,-0.49731001534905234,-0.02832480652621437,0.046965106248378394,0.4076535576375323,0.03928155547648295,-0.18717397434756483,-0.5398535207649252,-0.3313676344395944,0.2787492699744577,0.0012702484672572761,0.23503947499777259,0.17364828935779902,0.02387844989227344,0.29219212935731903,-0.17623463065754216,0.1454550529455859,-0.17105779494880674,0.18111767557245922,0.1639893945119931,-0.26327367759952913,0.2535435479552932,-0.41854473826704625,0.04947392156829425,-0.32218787570126356,-0.5186156329702003,-0.05103036192936807,-0.697698997454825,0.021354233224496047,0.1264387883085757,0.5629105674357424,0.19061547065044274,0.2667046712406256
-0.11232965151239147,-0.331578613437286,0.6206799834670194,0.19512748165694607,-0.3849008275184933,-0.24507777145259366,0.09113332940186841,0.10158671970878243,0.03645349890014486,0.16355233130682342,0.06371143837126532,-0.41537096318941696,0.32431447083045045,0.3730305457777776,0.19344615529047407,-0.28477209237123163,0.19270417389319733,0.052289522666056354,0.7558111834797667,0.2932586061320211,-0.3524791632406547,-0.14645610423627745,-0.010704416997189835,-0.12918325987474577,-0.11137280371344771,-0.26103276913759765,0.26870656786418234,-0.17105779494880674,0.3251297050396251,0.11046524606459457,0.021633107512171422,0.33840103419417933,-0.20772982992766753,0.3104632132669046,0.06036232630100445,0.5128219100074592,0.5608638042772089,-0.10503536940875774,0.458070186570407,-0.160853958878896,0.0015135695816722123,-0.31362880324927367,-0.47012201592368996,-0.11761352921603081
1.8466945503461991,-0.11726471377059726,0.2429610482394107,1.0844814337304998,0.06857505625268547,0.7351330500675911,-0.3381416628884464,0.2227626903300852,-0.24489948101108133,-0.5482638727222519,0.6080865803926095,1.0443465802750826,-1.8545092672062924,1.1664182897511917,0.835012373130262,1.14762978472453,0.771923448792029,-0.41897749206278634,-0.27369360671684867,-0.39942038553617354,0.32277336759313185,-0.07383061408277444,1.071412724298236,0.64182727834856,-0.006770766351249927,0.5981027240442843,-0.07122701225003146,0.18111767557245922,0.11046524606459457,1.3095331879217715,0.6501183697376198,-0.2549095254918741,0.6111037854676632,-0.8128224038516203,0.6454222968879547,0.2567017017683067,-0.5668335920232607,-0.45738748320991085,-2.1162234939813906,-0.49291021930091516,1.113772768237647,1.6976881346067882,-1.0428022855174415,1.1883408119479044
2.1292124002557657,0.5010575965893029,-1.5652195719223712,0.784117087404475,0.5036057067069102,1.610075553678117,-0.5822670976311638,0.18953935209418263,-0.7989549755971027,-0.21403969474841517,-0.4693312484077269,2.449861933749759,-0.3581216189273299,-0.19031090913320156,0.4567108812002863,0.9281240465537164,0.43221794891921667,-1.6223846328142455,-0.9037917210793567,-1.5609520048176797,0.33137295785758764,-1.0937148379474726,1.0514963261183619,-0.045673227545032224,-0.7060175321980563,0.7746237467576699,-0.2837509398166891,0.1639893945119931,0.021633107512171422,0.6501183697376198,1.300668168452261,-0.39762464189610286,0.516334862328286,-1.9192320621075762,-0.3615988759584727,-1.099508299067014,-1.8166612283078785,-0.5673746064379968,-1.6450813799347586,0.15099602101091308,-0.7569918600337631,1.9460775740062302,1.3343327987018825,0.17988295635921414
-0.988192434724727,-0.4880433340714832,1.0380593811330026,-0.1635415879050819,-0.5861427846432347,-0.7861905120349757,0.27123540048043365,0.04991416040508596,0.22795227963720793,0.32201225442883247,0.054075137549374146,-1.229667020435108,0.8480562193741442,0.29095040082564294,-0.041687755959702734,-0.739656535332099,0.010039050467593638,0.5037484315927786,1.1297221170424432,0.7280285480958698,-0.5337177670417509,0.07442149382586763,-0.4533507619922572,-0.25312236071527716,0.041514453910283924,-0.583243425608559,0.3933919636559614,-0.26327367759952913,0.33840103419417933,-0.2549095254918741,-0.39762464189610286,0.5622163634052096,-0.41600688471923436,0.939836521844256,0.05601692657885969,0.8061219103463436,1.19677536335372,0.0997158546137241,1.2853957234037787,-0.1103124773901363,-0.038626499895021885,-1.12123089468553,-0.6429969143486837,-0.37186797228221347
1.2641156202205723,0.29079624858119407,-0.6691186593268629,0.4569338229845653,0.40934551819934173,0.8184279701021149,-0.38045420015115533,0.07002758074358131,-0.3326185668160934,-0.41458698225028295,0.09409713762585062,1.2573510962831604,-1.0515166963114795,0.22588765459205967,0.2960201343981321,0.9102764964892265,0.3004234149101022,-0.5449462785542598,-0.8778062488737546,-0.7548736373434995,0.4811136334356334,-0.17284353325403923,0.669161456903384,0.36531613266211405,-0.051188672227605876,0.6148562465214558,-0.27639762653139976,0.2535435479552932,-0.20772982992766753,0.6111037854676632,0.516334862328286,-0.41600688471923436,0.5841650634165977,-0.9728020506071796,0.18257666542761833,-0.4920116762146616,-1.0000051823015421,-0.2313443169556315,-1.5888299346268773,-0.042112215930108096,0.3070773860359365,1.3494097560483476,0.20125452732934374,0.655001071403415
-3.265555696347653,-1.1103501350890477,3.0483534701170654,-0.9351033385801137,-1.1674514457384197,-2.6681588427440426,0.9617071404081698,-0.17509388746733112,1.2538065272982148,0.47512912553652714,0.8235873611266239,-4.108678183152529,0.7643995104996602,0.7208684678532037,-0.44649920551031064,-1.6528007736158477,-0.42529068322808666,2.4974379186706748,2.1437710271554176,2.6680191847308543,-0.8616798800159549,1.5134293737213673,-1.5488748446920504,-0.030515054974955852,0.9584343717154629,-1.416983261470146,0.7059192984773883,-0.41854473826704625,0.3104632132669046,-0.8128224038516203,-1.9192320621075762,0.939836521844256,-0.9728020506071796,3.2170979834271614,0.6479275752034013,2.232378281755902,3.327529775056903,0.7371835855165205,2.8667066944216923,-0.425210465039307,1.2167366625856668,-3.1929557789620633,-2.584932507592608,-0.3355983901472805
0.061273686935598794,-0.4376298164144265,1.2816345679795005,0.35392640655897284,-0.28348187981987605,-0.4977113370202346,0.10104687317345151,0.05373464839830401,0.3437726774747908,-0.3213692213854244,0.8359995328108187,-0.8134769576492732,-1.3200192921229876,1.1122617112146584,0.37802186030524565,0.33576189689436187,0.3472074856284268,0.7773721312598143,0.3657781654792101,0.7307481646135913,0.054687909630659434,0.7000065213260287,0.16966740260192195,0.5806840011448665,0.4960843027234485,-0.023026493569953597,0.13146934470592864,0.04947392156829425,0.06036232630100445,0.6454222968879547,-0.3615988759584727,0.05601692657885969,0.18257666542761833,0.6479275752034013,0.8043532164617384,0.972187263925456,0.782500619495869,0.016572010272974138,-0.6591803545137171,-0.5114162159448978,1.467967499722567,0.08685059003894037,-1.7918613413880575,0.8895108765019349
-1.5032896506629947,-1.1655827037534312,2.9657588864924467,0.06383489213908337,-1.127680218068021,-1.8046351964673795,0.5953392433646433,0.07095935481809244,0.8503796086572046,0.12452030918505606,1.0781918262244208,-2.857136637675028,-0.35932196314458326,1.5528495443994983,0.29398846149218333,-0.7558582682564722,0.2805361676380078,1.7482770800672194,1.9955436263961632,2.0345648896150648,-0.696112300715944,1.0600271224942377,-0.5558718455409905,0.30679558506309546,0.6923527696452347,-0.9042008988897433,0.682399240631617,-0.32218787570126356,0.5128219100074592,0.2567017017683067,-1.099508299067014,0.8061219103463436,-0.4920116762146616,2.232378281755902,0.972187263925456,2.2616208860823512,2.6441932452850936,0.23531374462250693,1.21015098444452,-0.7439430063272231,1.6765997059686373,-1.650098676672501,-3.0068853940232696,0.42672134079012203
-3.1482785295825204,-1.381801766967504,3.5357636499575236,-0.6654907987970373,-1.4597946162631708,-2.7522208706356217,0.9460490438147138,-0.054029926299411946,1.2006116761807943,0.5217152847147237,0.9112987398924958,-4.270201191354354,0.8602823763374052,1.1748147612219055,-0.2062261722341659,-1.7150986455828017,-0.15569083551361557,2.464378461177967,2.6771739332117015,2.7793266305978657,-1.0814863506803092,1.3484125016143103,-1.4292997478802885,-0.05675559778834684,0.8692647176192467,-1.5345409826090388,0.9102479846189048,-0.5186156329702003,0.5608638042772089,-0.5668335920232607,-1.8166612283078785,1.19677536335372,-1.0000051823015421,3.327529775056903,0.782500619495869,2.6441932452850936,3.6964537661154537,0.5990300098187973,2.952730202732068,-0.5832983848286488,1.3160973981227144,-3.2203300307087526,-3.020278620020121,-0.2697562747839758
-1.0101951790587,-0.07950729044594926,0.37053829236864094,-0.48784902269495173,-0.09811107057983268,-0.6225727362957072,0.2537224730330713,-0.12499728367702292,0.3165533677937204,0.1180736230485706,0.07315374986196728,-0.9345696045468667,0.3105842081122878,-0.22154702117612854,-0.33699285905867804,-0.439698566144291,-0.3226798839001046,0.6260909191521453,0.18091124084199448,0.5554973426858157,-0.08305467182585452,0.45277970960515834,-0.5283249912880194,-0.045746309821774175,0.2809256300801715,-0.3017637621838636,0.03624349391969924,-0.05103036192936807,-0.10503536940875774,-0.45738748320991085,-0.5673746064379968,0.0997158546137241,-0.2313443169556315,0.7371835855165205,0.016572010272974138,0.23531374462250693,0.5990300098187973,0.3093392284375685,0.7895930068158056,0.062069860314631645,0.11260187271820866,-0.8690610755367186,-0.2177875825767094,-0.21155485578945174
-4.183811517759595,-0.7512396096670266,1.6954429790601506,-1.6880107168480243,-1.1379418652371198,-2.4647406606664943,0.9884721004116447,-0.2310416856491557,0.8485650778729852,1.2618818812648063,-0.5627369022802419,-3.7161186292781783,3.687790348337952,-0.9088181741528565,-1.136457266010993,-2.797299915598061,-1.0085624085366256,1.6089911614193022,2.3940169982856587,1.9984816291616383,-1.3589202310472495,0.3923374072593558,-2.2194263225457362,-1.2062436624196637,0.1715169286126139,-1.8388410698649924,0.7968516509574217,-0.697698997454825,0.458070186570407,-2.1162234939813906,-1.6450813799347586,1.2853957234037787,-1.5888299346268773,2.8667066944216923,-0.6591803545137171,1.21015098444452,2.952730202732068,0.7895930068158056,5.003213113683692,0.359946565234672,-1.293918768125347,-4.24767271181133,-0.04299434159963456,-2.125551647499929
-0.1430651210778714,0.3646730280810325,-0.9576110238269243,-0.35061393517607253,0.2809201604480623,0.318098989282676,-0.0833761257118906,-0.07069962531822857,-0.2176771227308194,0.15503225686799932,-0.5507931275230942,0.5368947623642101,0.8020896152052516,-0.825297327477094,-0.343978638444503,-0.1657726378477351,-0.3007125799470428,-0.4364859994699614,-0.449716989789391,-0.515688738401918,0.07248153960368853,-0.35698052018004306,-0.16922124398728733,-0.3299650632842246,-0.240606668844738,0.0648557920569859,-0.15936046284196262,0.021354233224496047,-0.160853958878896,-0.49291021930091516,0.15099602101091308,-0.1103124773901363,-0.042112215930108096,-0.425210465039307,-0.5114162159448978,-0.7439430063272231,-0.5832983848286488,0.062069860314631645,0.359946565234672,0.39347059996346573,-0.9220686581439127,-0.06024566864476708,1.265641488610001,-0.5358799032863415
0.07169592789543,-0.7044972986007582,2.234589391779902,0.5581282742832294,-0.39239691618930733,-0.9309603979104304,0.2642987883242915,0.030649973724256086,0.7323683183547144,-0.6348532183893636,1.5969532939343245,-1.5180060193799674,-2.6482928448328265,1.876374059512395,0.6098165631370817,0.6510341173860144,0.5028181432848602,1.5350948643166475,0.45679491783976234,1.4184528624075463,0.20157849084723853,1.4801029999641975,0.2629094472946562,1.1354947082573215,1.0039576562771855,0.0010198510102854632,0.13641185489781926,0.1264387883085757,0.0015135695816722123,1.113772768237647,-0.7569918600337631,-0.038626499895021885,0.3070773860359365,1.2167366625856668,1.467967499722567,1.6765997059686373,1.3160973981227144,0.11260187271820866,-1.293918768125347,-0.9220686581439127,2.8142810872380815,0.16560343286726487,-3.2798274172795776,1.668208117273156
4.079783458511042,0.8887809896433627,-2.311743376531794,1.5385763022868988,1.1240034179444853,2.7128756023802914,-1.0320874224065335,0.2565633401733079,-1.1069092362462296,-0.9241053703102365,-0.045061801726810645,4.113859399215272,-2.479231842818499,0.29274062087261865,0.967556490326059,2.3856015696149404,0.8714729096770039,-2.188147186942376,-2.232889986957461,-2.4094048537869686,1.1115703138238506,-1.0329053382693019,2.0942334914057517,0.6874645807714863,-0.62044839332692725,1.71077618748947,-0.7357427948512201,0.5629105674357424,-0.31362880324927367,1.6976881346067882,1.9460775740062302,-1.12123089468553,1.3494097560483476,-3.1929557789620633,0.08685059003894037,-1.650098676672501,-3.2203300307087526,-0.8690610755367186,-4.24767271181133,-0.06024566864476708,0.16560343286726487,4.01485149063126,1.1448797388948333,1.386502024930147
1.0389810708417608,1.4519968750230776,-3.9537830850009406,-0.5236122481537222,1.210568592620051,2.0456633204143393,-0.6589711238746259,-0.10249683948634554,-1.1656534221741244,0.3284493541316761,-1.9762929440252164,3.285833751159384,2.130327858995043,-2.5985857579392073,-0.723118193012849,0.1457791790233906,-0.6272585346854826,-2.3947388520943114,-1.9940178294531958,-2.598199145385062,0.45564950188069314,-1.8125619253605727,0.19955494085327866,-1.0182491821101634,-1.1978647016127069,0.7237747852002993,-0.6660217517434388,0.19061547065044274,-0.47012201592368996,-1.0428022855174415,1.3343327987018825,-0.6429969143486837,0.20125452732934374,-2.584932507592608,-1.7918613413880575,-3.0068853940232696,-3.020278620020121,-0.2177875825767094,-0.04299434159963456,1.265641488610001,-3.2798274172795776,1.1448797388948333,4.719933790577822,-1.4977685191682966
1.3285001134145509,-0.12020300216209616,0.5370753415850773,0.7994391047470629,0.1376021015971413,0.335982260193355,-0.21044421548287004,0.1067008810699678,0.03898516927864096,-0.678154009834018,0.8897557057600616,0.4556730953813513,-2.292167875480885,1.199486448260455,0.6509671802747911,1.1607119798613632,0.5845639491664074,0.1852534378364561,-0.47721912414243706,0.006684531343361644,0.49153407425949375,0.5082787077143273,0.8165899283457005,0.8815503164724829,0.39044822268837026,0.5594940781817636,-0.1561212594431283,0.2667046712406256,-0.11761352921603081,1.1883408119479044,0.17988295635921414,-0.37186797228221347,0.655001071403415,-0.3355983901472805,0.8895108765019349,0.42672134079012203,-0.2697562747839758,-0.21155485578945174,-2.125551647499929,-0.5358799032863415,1.668208117273156,1.386502024930147,-1.4977685191682966,1.4256853452821376
