V1,V2,V3,V4,V5,V6,V7,V8,V9,V10,V11,V12,V13,V14,V15,V16,V17,V18,V19,V20,V21,V22,V23,V24,V25,V26,V27,V28,V29,V30,V31,V32,V33,V34,V35,V36,V37,V38,V39,V40,V41,V42,V43,V44
710.1893358795422,83.6140131100912,-239.81734829502832,411.71900600464886,13.092205713047955,276.07344787037124,808.7161338616556,-64.49562997047143,344.1535527817562,275.83883440595105,216.1673717374814,166.0835709000024,-448.7331569037041,-861.0960946789398,202.0844124506911,-422.821857667927,-306.97118144342846,-420.31173956155004,424.7941995346001,533.8883178595572,-370.5034033411503,168.98870631557742,271.55381440207213,-221.60126008797508,-398.0394328988166,-117.22433409632002,-194.23675526603404,-359.63958716092225,359.98671187128895,-29.36653952178101,372.1796681561787,-162.04769211511496,-918.9111665294107,-113.31576102338371,-499.4647697996388,-50.679315499937395,-442.45396658859,-11.233528832769831,243.25447400158208,-136.6618030977909,-109.77130871440481,162.9887953559149,-171.70927312961274,-474.11027465854147
83.6140131100912,9.935965034856007,-28.393176184898394,48.39261725585824,1.6481397067422414,32.635151489169594,94.77209756108103,-7.540289728012027,40.31449950327762,32.30595160836695,25.32426932575732,19.76343737934929,-52.84557768894332,-101.08458537406973,23.75355634671624,-49.48251139579102,-36.01808290232559,-49.52954029024956,49.62293952015994,62.357987388651964,-43.44531720791249,19.691950573415898,31.98782670998802,-25.937222277255454,-46.72287491974982,-13.577139291010658,-22.87863863181305,-42.14089162446206,42.16602487435649,-3.3632434402692852,43.792393680159144,-19.1107145703962,-107.69464038269524,-13.544972304345048,-58.61446720157848,-6.080240168291247,-52.17062647948137,-1.3638723235340982,28.217220171462255,-16.015602976517464,-12.943950604803845,19.408923925770495,-19.978927978858014,-55.571255001998026
-239.81734829502832,-28.393176184898394,81.34249718324693,-138.82724741567003,-4.669643943637964,-93.50111781782054,-272.1066286195587,21.67275748463093,-115.6511607900591,-92.71441049045774,-72.68841968486801,-56.69767950652777,151.4324142690698,290.0332344488019,-68.15030975047728,141.98843134836278,103.28183587693492,141.98590499731836,-142.53673379767795,-179.2147841556323,124.56442744207992,-56.66057629580518,-91.75903191907486,74.52331706776333,134.14051672138436,39.124958367355845,65.58514930405964,120.97733810988754,-121.09386739886035,9.67176408974909,-125.6522402957088,54.78430101364608,309.14474430208963,38.792074543358716,168.22722546525335,17.476805367736596,149.64974536564688,3.9141350798431067,-81.17973794435729,45.95016380778416,37.081883507755855,-55.5711900096356,57.40459860328662,159.47227333660567
411.71900600464886,48.39261725585824,-138.82724741567003,238.8598773081958,7.448328721804072,159.910502222824,469.37392149736013,-37.42599224535837,199.85555361224783,160.18882584667796,125.4838227977235,95.89554867671492,-260.2323287485974,-499.6401411638173,117.16018854453061,-245.61208858364483,-178.18648163910518,-243.64305645759174,246.8074764932603,310.05432869860385,-215.13985248624925,98.15195309186741,157.38154596395597,-128.6017431035354,-230.87585025313172,-68.21539259150022,-112.61979879229546,-208.8070435038777,208.9557264676083,-17.15905620667487,215.7774955114429,-93.87337325627048,-533.3960871052673,-65.39577009794169,-289.8078950019251,-29.106410820749034,-256.30677162176465,-6.398289224758372,141.58984143488692,-79.35512975942271,-63.62123747436849,94.17676787747618,-99.87600245120237,-275.2165742359897
13.092205713047955,1.6481397067422414,-4.669643943637964,7.448328721804072,0.4185075288606559,5.28145218020616,14.194218058708163,-1.1184232669028715,5.940610460213388,4.78540650180494,3.763637069912305,3.5198103346544296,-8.19600510336071,-15.332506510715161,3.6586037884006286,-7.213988291624591,-5.377249015296238,-7.779397531139462,7.177839028137968,9.085820818158064,-6.420952935036125,2.8252509736117775,5.055250795138698,-3.869346989884808,-7.150966789120283,-1.8418120242718783,-3.5657074700981526,-6.29819598872703,6.3107182573765535,-0.36517614332208853,6.853467354540915,-3.035947461320894,-16.11820316779937,-2.4660479365198995,-8.899940787068104,-1.1966257101680289,-8.326004707817125,-0.29620073640607264,3.801804156433637,-2.3845128417436463,-2.0289460949108666,3.393071414550712,-2.749007435176329,-8.288138747619067
276.07344787037124,32.635151489169594,-93.50111781782054,159.910502222824,5.28145218020616,107.54017328832349,313.5941363652775,-24.982502338786738,133.36860487419125,106.91292435470876,83.7928401416355,65.0124718141248,-174.39128981145257,-334.16928196926295,78.47420944222452,-163.77354064579202,-119.05177744433708,-163.4375531392029,164.43303610666882,206.68260795126608,-143.6294878129019,65.35343727691075,105.60414342918203,-85.88801589683554,-154.50583278734754,-45.20519428237114,-75.5049051480983,-139.45555159454,139.5730074734229,-11.229428240198159,144.65669528944073,-63.037407389849825,-356.3252207050206,-44.44815847858287,-193.82402441832573,-19.947090603025217,-172.15453296081503,-4.445446606126777,93.82059039574105,-52.98410409971838,-42.68412253919291,63.7679956540479,-66.30590677098822,-183.82568502064584
808.7161338616556,94.77209756108103,-272.1066286195587,469.37392149736013,14.194218058708163,313.5941363652775,923.910188910315,-73.71999445717086,393.4996367384445,315.26651291239,247.0628783622943,187.2372482645165,-511.25105629388514,-982.7811803891053,230.4104607995285,-483.860530055365,-350.707249402711,-478.503733842079,486.4009145894604,611.068148092698,-423.5723140979345,193.66642907651143,309.01335937043376,-253.2447040882792,-454.0302320806895,-134.78103179931165,-221.2761321456263,-410.87320198924675,411.24420991950177,-34.15397104401942,423.8143401726724,-184.32249587749482,-1049.7255234855554,-127.52465214142299,-570.0050752245826,-56.691686447643484,-503.19601633589656,-12.439050752735024,279.77178103051114,-156.13576098604543,-124.98506330406545,183.99249317081797,-197.2358910742223,-541.7202901159687
-64.49562997047143,-7.540289728012027,21.67275748463093,-37.42599224535837,-1.1184232669028715,-24.982502338786738,-73.71999445717086,5.900950030058488,-31.398402949029872,-25.1605277947315,-19.718597461659662,-14.947786070950304,40.75539068557028,78.39312022303689,-18.394769614234555,38.587984950796915,27.966944543869495,38.1461007627835,-38.81819716303409,-48.817610040093385,33.76728828306173,-15.480446948159,-24.65406746409941,20.231268557738147,36.24332202714119,10.783941352205588,17.62846242507033,32.771296365240424,-32.83006094423838,2.734563662289195,-33.81543975332109,14.71292002439503,83.76543798982979,10.145977133950744,45.47855365031164,4.5359979830854735,40.14151142374348,1.0077288514728333,-22.353784289739142,12.45985119612614,9.963970437014181,-14.664320017778701,15.748609449100364,43.22392932334458
344.1535527817562,40.31449950327762,-115.6511607900591,199.85555361224783,5.940610460213388,133.36860487419125,393.4996367384445,-31.398402949029872,167.7636036344421,134.38506937447784,105.26878788856644,79.33173581442531,-217.72337629546078,-418.5624206941151,98.07375654068983,-206.30364500857888,-149.4671846998958,-203.6457231697242,207.35191865946283,260.37409112059396,-180.58747578589697,82.49705604086228,131.46168010682646,-107.84023467378645,-193.2685632241434,-57.49032709761819,-94.1835041372595,-175.04473909017221,175.16465386393935,-14.652685249891595,180.34633702073995,-78.41937082705454,-447.18768558963154,-54.01084658106915,-242.73516231261112,-23.87639531268689,-213.96967103337036,-5.215057911838666,119.4322557705025,-66.55707447585763,-53.20552545248798,78.073640843421,-84.18452993883048,-230.8212824856094
275.83883440595105,32.30595160836695,-92.71441049045774,160.18882584667796,4.78540650180494,106.91292435470876,315.26651291239,-25.1605277947315,134.38506937447784,107.68320208112173,84.32956640625993,63.70595369780284,-174.45956279701974,-335.3710626411542,78.57489283978191,-165.22886740549612,-119.71585540031809,-163.2022594106441,166.09929312080882,208.5923949492811,-144.62608110529882,66.07792724807466,105.385561425242,-86.40563596565,-154.89081599615125,-46.063099151581305,-75.46275491200974,-140.2706623493961,140.36869248243553,-11.707390086687786,144.57459097482783,-62.8489053049392,-358.31110302369126,-43.36069534456205,-194.5156316019697,-19.18155853501241,-171.5100683176463,-4.187016347649315,95.6472237130912,-53.334680912674685,-42.62491086519292,62.649098898075295,-67.39932313969793,-184.9179644822203
216.1673717374814,25.32426932575732,-72.68841968486801,125.4838227977235,3.763637069912305,83.7928401416355,247.0628783622943,-19.718597461659662,105.26878788856644,84.32956640625993,66.08046605797,49.95331152677434,-136.6942883522292,-262.7919512761532,61.60407673942171,-129.4436785484969,-93.8059737201079,-127.90494277675138,130.1183343270133,163.45288391429597,-113.3103459924832,51.802491994327035,82.58902868960627,-67.72259405003372,-121.38532872283659,-36.0694729149287,-59.14901731118471,-109.87459513453915,109.97400369476735,-9.165339635749161,113.28213638789684,-49.26944811672825,-280.72751911233996,-34.00923232375298,-152.40998159839478,-15.09411039535784,-134.46573507898805,-3.311012288187858,74.89163702143135,-41.76477695851779,-33.41416561011216,49.11487065938228,-52.79549752805304,-144.88592745802956
166.0835709000024,19.76343737934929,-56.69767950652777,95.89554867671492,3.5198103346544296,65.0124718141248,187.2372482645165,-14.947786070950304,79.33173581442531,63.70595369780284,49.95331152677434,40.269653282979625,-104.58998994180051,-199.85329823166342,47.09881194004805,-97.18007793725482,-70.91730603553687,-98.29953792729107,97.59216284914652,123.00100808185049,-85.3548213457413,38.83317841004849,63.686320664332236,-51.3281832180994,-92.68436729282028,-26.66661380109958,-45.30888639675815,-83.21141520570634,83.39226446496005,-6.3756612995569,87.09451023858111,-38.039751589014,-212.7241764616783,-27.540809464179873,-116.00800406771121,-12.676124100526895,-103.99497754268559,-2.9161903929715174,55.11014976375695,-31.588392081682372,-25.640563743342412,39.20355173167636,-39.0100400016651,-109.62215288380504
-448.7331569037041,-52.84557768894332,151.4324142690698,-260.2323287485974,-8.19600510336071,-174.39128981145257,-511.25105629388514,40.75539068557028,-217.72337629546078,-174.45956279701974,-136.6942883522292,-104.58998994180051,283.70791578504196,544.3809659395725,-127.70456136428994,267.52866062137497,194.18200088993925,265.6146270594276,-268.69895673251597,-337.5520434442895,234.4397289991391,-106.81853873729823,-171.5309919162004,140.0506422107721,251.51296546051543,74.13784593207428,122.77248747855967,227.39244294858295,-227.55575586166526,18.65743255451546,-235.1233612763299,102.36993396658893,580.9816746004329,71.38042632239578,315.7112841380597,31.787147008413577,279.415156131688,7.020963878267248,-153.98030539642036,86.43683408789379,69.38959892252448,-102.78548763001398,108.70648253098165,299.8155338526986
-861.0960946789398,-101.08458537406973,290.0332344488019,-499.6401411638173,-15.332506510715161,-334.16928196926295,-982.7811803891053,78.39312022303689,-418.5624206941151,-335.3710626411542,-262.7919512761532,-199.85329823166342,544.3809659395725,1045.78826210854,-245.2283332277737,514.5407100509881,373.129782466163,509.56457162627794,-517.088682836146,-649.6085454571366,450.59395666160333,-205.76474382812302,-329.0775927526434,269.3252244004748,483.1540664593712,143.07292440339899,235.59664080066185,437.0879401208219,-437.4523600265721,36.16337656491773,-451.2455969718198,196.3233959854342,1116.704842195301,136.2114661178914,606.5372051809591,60.5861173260097,535.9214545900616,13.322977927273817,-297.03745131272063,166.1177261161904,133.10323706012113,-196.38906797599554,209.503955484339,576.2770902128328
202.0844124506911,23.75355634671624,-68.15030975047728,117.16018854453061,3.6586037884006286,78.47420944222452,230.4104607995285,-18.394769614234555,98.07375654068983,78.57489283978191,61.60407673942171,47.09881194004805,-127.70456136428994,-245.2283332277737,57.567817415101466,-120.51641257963317,-87.46039206049298,-119.59157918001439,121.10310655062904,152.24427834245523,-105.57250340247028,48.22776594815225,77.25726736911972,-63.16612433810035,-113.3521305938601,-33.46958681913115,-55.27501007185368,-102.41942032404526,102.55301956540566,-8.429077682110902,105.8987567668068,-46.11975581206803,-261.7687981326135,-32.09517139816036,-142.23157585390953,-14.368214827651396,-125.88403209058471,-3.196925074356349,69.45257938230367,-38.922317367495644,-31.24571141805116,46.23515571491787,-49.018189237763124,-135.08160246776137
-422.821857667927,-49.48251139579102,141.98843134836278,-245.61208858364483,-7.213988291624591,-163.77354064579202,-483.860530055365,38.587984950796915,-206.30364500857888,-165.22886740549612,-129.4436785484969,-97.18007793725482,267.52866062137497,514.5407100509881,-120.51641257963317,253.80019175922536,183.79550158341561,250.1957970292354,-255.10333483233723,-320.2520976106437,222.11250201991655,-101.50878318228592,-161.4671738719449,132.58780307287356,237.52307925485883,70.77765313889041,115.75448385298884,215.24085280293744,-215.35304326919706,18.08875945892171,-221.54597683309237,96.29681506567968,549.8215699447422,66.17926561946136,298.37479888949156,29.19188201811092,262.7932526601945,6.342820610784525,-147.07765792060056,81.82296824603708,65.36967699295616,-95.69523090634381,103.64962082259153,283.8165750367267
-306.97118144342846,-36.01808290232559,103.28183587693492,-178.18648163910518,-5.377249015296238,-119.05177744433708,-350.707249402711,27.966944543869495,-149.4671846998958,-119.71585540031809,-93.8059737201079,-70.91730603553687,194.18200088993925,373.129782466163,-87.46039206049298,183.79550158341561,133.22425052330982,181.6744559380095,-184.67319180822156,-231.90726178657766,160.93777133605332,-73.4661490339189,-117.26796946011052,96.09300905227131,172.2970270414,51.12070701378517,84.02468714560428,155.98082832532992,-156.08258025612963,12.998095169628947,-160.83447814966758,69.96718720769442,398.5108665257197,48.33545140967819,216.37244422171992,21.40973813336071,190.9370728440081,4.689679499466017,-106.22059189752109,59.29463304843293,47.47178205518993,-69.7896997909917,74.9185294310941,205.69910302276972
-420.31173956155004,-49.52954029024956,141.98590499731836,-243.64305645759174,-7.779397531139462,-163.4375531392029,-478.503733842079,38.1461007627835,-203.6457231697242,-163.2022594106441,-127.90494277675138,-98.29953792729107,265.6146270594276,509.56457162627794,-119.59157918001439,250.1957970292354,181.6744559380095,248.7852143195301,-251.3021966771778,-315.80436571449934,219.27813372633338,-99.94129899831235,-160.70673858088244,131.09375143501273,235.5135359426768,69.29047895714635,114.9764721965236,212.78797708061236,-212.97430100654606,17.36189483980073,-220.24021727934368,95.91413481350317,543.7019467750109,67.10697608396227,295.54170363645426,29.998943933127123,261.86813076225775,6.651594571564039,-143.8391365160128,80.86088174775321,64.98474976770287,-96.50815692271203,101.56811414541015,280.5406972177204
424.7941995346001,49.62293952015994,-142.53673379767795,246.8074764932603,7.177839028137968,164.43303610666882,486.4009145894604,-38.81819716303409,207.35191865946283,166.09929312080882,130.1183343270133,97.59216284914652,-268.69895673251597,-517.088682836146,121.10310655062904,-255.10333483233723,-184.67319180822156,-251.3021966771778,256.5325987228065,322.1158321925268,-223.168897205219,102.14431251786972,162.22924508383318,-133.33079176156312,-238.75574229778266,-71.29044399882575,-116.2597120043686,-216.3711090137981,216.52155799547396,-18.21807394156443,222.62696279177123,-96.72501911484534,-552.6959448020599,-66.38530237331418,-299.89330456799763,-29.310656629521432,-263.998940216523,-6.363512519554115,148.042622555576,-82.24360405605836,-65.64049389498285,96.02684602007602,-104.26267093887705,-285.2680181332348
533.8883178595572,62.357987388651964,-179.2147841556323,310.05432869860385,9.085820818158064,206.68260795126608,611.068148092698,-48.817610040093385,260.37409112059396,208.5923949492811,163.45288391429597,123.00100808185049,-337.5520434442895,-649.6085454571366,152.24427834245523,-320.2520976106437,-231.90726178657766,-315.80436571449934,322.1158321925268,404.70572883670894,-280.16393093786786,128.36545188467116,203.95406148886696,-167.58178091909883,-300.0915150247829,-89.53139208764976,-146.05697240855739,-271.7399082083363,272.0426088579958,-22.81926421019802,279.8404737926738,-121.63535802706048,-694.2925718547784,-83.60327600114165,-376.7911538945176,-37.0978311184147,-331.98268085775214,-8.118666814130927,185.7839604973093,-103.2837084821003,-82.48696512270489,120.8844340798548,-130.84947161195353,-358.31558098690164
-370.5034033411503,-43.44531720791249,124.56442744207992,-215.13985248624925,-6.420952935036125,-143.6294878129019,-423.5723140979345,33.76728828306173,-180.58747578589697,-144.62608110529882,-113.3103459924832,-85.3548213457413,234.4397289991391,450.59395666160333,-105.57250340247028,222.11250201991655,160.93777133605332,219.27813372633338,-223.168897205219,-280.16393093786786,194.46246803466224,-88.75906850108206,-141.5052844595381,116.0423136765619,208.00452635515998,61.81016962319998,101.43753673878213,188.41415412728952,-188.50428086522996,15.763948577575464,-194.10975713565384,84.41713386123716,481.32675099595224,58.17762256755663,261.2765264099443,25.6893585926482,230.35247794045995,5.601572869297299,-128.48211392416144,71.63077762580568,57.30101561540465,-84.06170457502728,90.60308380826172,248.46688563621478
168.98870631557742,19.691950573415898,-56.66057629580518,98.15195309186741,2.8252509736117775,65.35343727691075,193.66642907651143,-15.480446948159,82.49705604086228,66.07792724807466,51.802491994327035,38.83317841004849,-106.81853873729823,-205.76474382812302,48.22776594815225,-101.50878318228592,-73.4661490339189,-99.94129899831235,102.14431251786972,128.36545188467116,-88.75906850108206,40.75802034893433,64.54679155940357,-53.13369146987244,-95.06453716917764,-28.443949483966485,-46.23492937735896,-86.09153126640727,86.20834669848675,-7.26839246060862,88.57784506631376,-38.49100766534278,-219.987700604733,-26.36992914185504,-119.35202849955655,-11.720409761290943,-105.07631305845426,-2.5648027571735046,58.99732103469691,-32.70919470685895,-26.10470567694261,38.15150003972306,-41.53314598501319,-113.5344314528927
271.55381440207213,31.98782670998802,-91.75903191907486,157.38154596395597,5.055250795138698,105.60414342918203,309.01335937043376,-24.65406746409941,131.46168010682646,105.385561425242,82.58902868960627,63.686320664332236,-171.5309919162004,-329.0775927526434,77.25726736911972,-161.4671738719449,-117.26796946011052,-160.70673858088244,162.22924508383318,203.95406148886696,-141.5052844595381,64.54679155940357,103.86036691975895,-84.68773788430944,-152.1639575830039,-44.7497220302117,-74.24660198627413,-137.41118617565036,137.56744372276884,-11.173554208892304,142.32542568098708,-61.983592397717025,-351.12320552269404,-43.44390918701556,-190.89281617833913,-19.48198400000027,-169.24544675452296,-4.335554118938339,92.81858380041578,-52.21532745630467,-41.96629065349086,62.44973564430903,-65.525728223946615,-181.14194974113002
-221.60126008797508,-25.937222277255454,74.52331706776333,-128.6017431035354,-3.869346989884808,-85.88801589683554,-253.2447040882792,20.231268557738147,-107.84023467378645,-86.40563596565,-67.72259405003372,-51.3281832180994,140.0506422107721,269.3252244004748,-63.16612433810035,132.58780307287356,96.09300905227131,131.09375143501273,-133.33079176156312,-167.58178091909883,116.0423136765619,-53.13369146987244,-84.68773788430944,69.4513112683166,124.46717943325524,36.98956549341256,60.60994292633091,112.5949938096704,-112.73961897672642,9.373442306091096,-116.15295693256053,50.522369660532995,287.7186171216615,34.913008296989126,156.22313479252614,15.566151741473186,137.90840549996807,3.432142099150146,-76.73005577024085,42.78980371995892,34.24103517431799,-50.39665796818917,54.07687461707412,148.471183407283
-398.0394328988166,-46.72287491974982,134.14051672138436,-230.87585025313172,-7.150966789120283,-154.50583278734754,-454.0302320806895,36.24332202714119,-193.2685632241434,-154.89081599615125,-121.38532872283659,-92.68436729282028,251.51296546051543,483.1540664593712,-113.3521305938601,237.52307925485883,172.2970270414,235.5135359426768,-238.75574229778266,-300.0915150247829,208.00452635515998,-95.06453716917764,-152.1639575830039,124.46717943325524,223.3261669330206,66.06723886337281,108.85638717204779,201.89441985200403,-202.12464062053027,16.63541130461194,-208.6243057155841,90.7847800909618,515.8747431222312,63.133913690254616,280.25976592055724,28.200264921310946,247.85402987872885,6.234517853593766,-137.0538840511807,76.72168825268005,61.50670525318142,-90.96141150891958,96.65998809597248,266.1757363679546
-117.22433409632002,-13.577139291010658,39.124958367355845,-68.21539259150022,-1.8418120242718783,-45.20519428237114,-134.78103179931165,10.783941352205588,-57.49032709761819,-46.063099151581305,-36.0694729149287,-26.66661380109958,74.13784593207428,143.07292440339899,-33.46958681913115,70.77765313889041,51.12070701378517,69.29047895714635,-71.29044399882575,-89.53139208764976,61.81016962319998,-28.443949483966485,-44.7497220302117,36.98956549341256,66.06723886337281,19.962659083805075,32.06386500632309,59.96632762196901,-60.031465628300666,5.150208623373596,-61.473551236208,26.654355484359574,153.15648307795237,18.05211281326419,83.00258002216508,7.937974734018087,72.74715098046515,1.704201845253646,-41.397240097431414,22.795502433671892,18.088254859688288,-26.221355658825235,29.075555558299452,79.04254690174297
-194.23675526603404,-22.87863863181305,65.58514930405964,-112.61979879229546,-3.5657074700981526,-75.5049051480983,-221.2761321456263,17.62846242507033,-94.1835041372595,-75.46275491200974,-59.14901731118471,-45.30888639675815,122.77248747855967,235.59664080066185,-55.27501007185368,115.75448385298884,84.02468714560428,114.9764721965236,-116.2597120043686,-146.05697240855739,101.43753673878213,-46.23492937735896,-74.24660198627413,60.60994292633091,108.85638717204779,32.06386500632309,53.15560849040206,98.3994391660659,-98.46673363961251,8.055643361764469,-101.76263625962709,44.30604066305875,251.40282478190144,30.946270047152876,136.6299888734783,13.804384476097185,120.98181323987471,3.0474661274893657,-66.58929240323275,37.38514002738837,30.035570466188823,-44.51493750634156,47.01848962494435,129.7316834879936
-359.63958716092225,-42.14089162446206,120.97733810988754,-208.8070435038777,-6.29819598872703,-139.45555159454,-410.87320198924675,32.771296365240424,-175.04473909017221,-140.2706623493961,-109.87459513453915,-83.21141520570634,227.39244294858295,437.0879401208219,-102.41942032404526,215.24085280293744,155.98082832532992,212.78797708061236,-216.3711090137981,-271.7399082083363,188.41415412728952,-86.09153126640727,-137.41118617565036,112.5949938096704,201.89441985200403,59.96632762196901,98.3994391660659,182.79178690997145,-182.91074426470152,15.197091583698704,-188.48562341895544,81.9367012204964,466.9023721315282,56.681438242111156,253.51482843166445,25.120006065546075,223.69026148937695,5.481945680951068,-124.49419013134502,69.47280019648844,55.5678595234979,-81.79323243145296,87.74180978656625,240.9397274600231
359.98671187128895,42.16602487435649,-121.09386739886035,208.9557264676083,6.3107182573765535,139.5730074734229,411.24420991950177,-32.83006094423838,175.16465386393935,140.36869248243553,109.97400369476735,83.39226446496005,-227.55575586166526,-437.4523600265721,102.55301956540566,-215.35304326919706,-156.08258025612963,-212.97430100654606,216.52155799547396,272.0426088579958,-188.50428086522996,86.20834669848675,137.56744372276884,-112.73961897672642,-202.12464062053027,-60.031465628300666,-98.46673363961251,-182.91074426470152,183.08913739539219,-15.201547083386568,188.68613125876072,-82.04922151749955,-467.2981343241647,-56.760125135741546,-253.74271409713066,-25.23390478266401,-223.9745560032245,-5.537897753474042,124.56955896689557,-69.5200895670449,-55.61916502951283,81.91430817468147,-87.79363048245396,-241.1349008573697
-29.36653952178101,-3.3632434402692852,9.67176408974909,-17.15905620667487,-0.36517614332208853,-11.229428240198159,-34.15397104401942,2.734563662289195,-14.652685249891595,-11.707390086687786,-9.165339635749161,-6.3756612995569,18.65743255451546,36.16337656491773,-8.429077682110902,18.08875945892171,12.998095169628947,17.36189483980073,-18.21807394156443,-22.81926421019802,15.763948577575464,-7.26839246060862,-11.173554208892304,9.373442306091096,16.63541130461194,5.150208623373596,8.055643361764469,15.197091583698704,-15.201547083386568,1.3983756485220198,-15.385449773165822,6.658398034573498,38.81928273339309,4.295171155237363,20.95742277850889,1.817684966767199,18.1200733060905,0.3745153687206347,-10.735010537579443,5.78935267046079,4.544519834644469,-6.3424550519245395,7.525629538908585,20.069639518417624
372.1796681561787,43.792393680159144,-125.6522402957088,215.7774955114429,6.853467354540915,144.65669528944073,423.8143401726724,-33.81543975332109,180.34633702073995,144.57459097482783,113.28213638789684,87.09451023858111,-235.1233612763299,-451.2455969718198,105.8987567668068,-221.54597683309237,-160.83447814966758,-220.24021727934368,222.62696279177123,279.8404737926738,-194.10975713565384,88.57784506631376,142.32542568098708,-116.15295693256053,-208.6243057155841,-61.473551236208,-101.76263625962709,-188.48562341895544,188.68613125876072,-15.385449773165822,195.07421876586412,-84.9217444046642,-481.5891035029565,-59.38661911188776,-261.7630290953275,-26.57690605949307,-231.8725782956372,-5.893308493496859,127.51263195806142,-71.62748317541677,-57.5088427281344,85.42704121570429,-89.98110913263753,-248.453427847535
-162.04769211511496,-19.1107145703962,54.78430101364608,-93.87337325627048,-3.035947461320894,-63.037407389849825,-184.32249587749482,14.71292002439503,-78.41937082705454,-62.8489053049392,-49.26944811672825,-38.039751589014,102.36993396658893,196.3233959854342,-46.11975581206803,96.29681506567968,69.96718720769442,95.91413481350317,-96.72501911484534,-121.63535802706048,84.41713386123716,-38.49100766534278,-61.983592397717025,50.522369660532995,90.7847800909618,26.654355484359574,44.30604066305875,81.9367012204964,-82.04922151749955,6.658398034573498,-84.9217444046642,37.01525923986537,209.4330927565028,25.94918994674113,113.87446039193941,11.662873108799067,101.03046504290357,2.614474994581317,-55.298271398660376,31.14323860272656,25.05753682835577,-37.30773232047141,39.062897160413016,108.0575685373308
-918.9111665294107,-107.69464038269524,309.14474430208963,-533.3960871052673,-16.11820316779937,-356.3252207050206,-1049.7255234855554,83.76543798982979,-447.18768558963154,-358.31110302369126,-280.72751911233996,-212.7241764616783,580.9816746004329,1116.704842195301,-261.7687981326135,549.8215699447422,398.5108665257197,543.7019467750109,-552.6959448020599,-694.2925718547784,481.32675099595224,-219.987700604733,-351.12320552269404,287.7186171216615,515.8747431222312,153.15648307795237,251.40282478190144,466.9023721315282,-467.2981343241647,38.81928273339309,-481.5891035029565,209.4330927565028,1192.8135672697217,144.8612917418284,647.6898589881037,64.32120686927081,571.6731905560557,14.100161781898523,-317.9371281797786,177.46375294891874,142.00883126945305,-209.0666164119455,224.12293204064224,615.5604964862129
-113.31576102338371,-13.544972304345048,38.792074543358716,-65.39577009794169,-2.4660479365198995,-44.44815847858287,-127.52465214142299,10.145977133950744,-54.01084658106915,-43.36069534456205,-34.00923232375298,-27.540809464179873,71.38042632239578,136.2114661178914,-32.09517139816036,66.17926561946136,48.33545140967819,67.10697608396227,-66.38530237331418,-83.60327600114165,58.17762256755663,-26.36992914185504,-43.44390918701556,34.913008296989126,63.133913690254616,18.05211281326419,30.946270047152876,56.681438242111156,-56.760125135741546,4.295171155237363,-59.38661911188776,25.94918994674113,144.8612917418284,18.91279078378772,79.0418268844181,8.68524254805306,70.97937566756872,1.9882390605147726,-37.36511419489855,21.505532061850793,17.508172573783487,-26.849187241666304,26.491776783256686,74.65832696114073
-499.4647697996388,-58.61446720157848,168.22722546525335,-289.8078950019251,-8.899940787068104,-193.82402441832573,-570.0050752245826,45.47855365031164,-242.73516231261112,-194.5156316019697,-152.40998159839478,-116.00800406771121,315.7112841380597,606.5372051809591,-142.23157585390953,298.37479888949156,216.37244422171992,295.54170363645426,-299.89330456799763,-376.7911538945176,261.2765264099443,-119.35202849955655,-190.89281617833913,156.22313479252614,280.25976592055724,83.00258002216508,136.6299888734783,253.51482843166445,-253.74271409713066,20.95742277850889,-261.7630290953275,113.87446039193941,647.6898589881037,79.0418268844181,351.80337138792686,35.183619400246215,310.87138078765537,7.7400137665538304,-172.2721962169334,96.34779844272084,77.1878463762106,-113.94910604350336,121.48488234917366,334.2182996695336
-50.679315499937395,-6.080240168291247,17.476805367736596,-29.106410820749034,-1.1966257101680289,-19.947090603025217,-56.691686447643484,4.5359979830854735,-23.87639531268689,-19.18155853501241,-15.09411039535784,-12.676124100526895,31.787147008413577,60.5861173260097,-14.368214827651396,29.19188201811092,21.40973813336071,29.998943933127123,-29.310656629521432,-37.0978311184147,25.6893585926482,-11.720409761290943,-19.48198400000027,15.566151741473186,28.200264921310946,7.937974734018087,13.804384476097185,25.120006065546075,-25.23390478266401,1.817684966767199,-26.57690605949307,11.662873108799067,64.32120686927081,8.68524254805306,35.183619400246215,4.147901710710643,31.932140375803993,0.998430046734513,-16.329181302424608,9.513462295044054,7.8257278977894105,-12.243227221710379,11.604341190501877,33.118329414734156
-442.45396658859,-52.17062647948137,149.64974536564688,-256.30677162176465,-8.326004707817125,-172.15453296081503,-503.19601633589656,40.14151142374348,-213.96967103337036,-171.5100683176463,-134.46573507898805,-103.99497754268559,279.415156131688,535.9214545900616,-125.88403209058471,262.7932526601945,190.9370728440081,261.86813076225775,-263.998940216523,-331.98268085775214,230.35247794045995,-105.07631305845426,-169.24544675452296,137.90840549996807,247.85402987872885,72.74715098046515,120.98181323987471,223.69026148937695,-223.9745560032245,18.1200733060905,-231.8725782956372,101.03046504290357,571.6731905560557,70.97937566756872,310.87138078765537,31.932140375803993,275.9042561867493,7.137254447276609,-150.87298948541022,84.97746504989556,68.39187147712356,-101.934666147124,106.56070988290331,294.9189967397329
-11.233528832769831,-1.3638723235340982,3.9141350798431067,-6.398289224758372,-0.29620073640607264,-4.445446606126777,-12.439050752735024,1.0077288514728333,-5.215057911838666,-4.187016347649315,-3.311012288187858,-2.9161903929715174,7.020963878267248,13.322977927273817,-3.196925074356349,6.342820610784525,4.689679499466017,6.651594571564039,-6.363512519554115,-8.118666814130927,5.601572869297299,-2.5648027571735046,-4.335554118938339,3.432142099150146,6.234517853593766,1.704201845253646,3.0474661274893657,5.481945680951068,-5.537897753474042,0.3745153687206347,-5.893308493496859,2.614474994581317,14.100161781898523,1.9882390605147726,7.7400137665538304,0.998430046734513,7.137254447276609,0.26184090906749075,-3.48502712682558,2.079031657054875,1.740169805647583,-2.792717779236149,2.494653843538198,7.258381928290921
243.25447400158208,28.217220171462255,-81.17973794435729,141.58984143488692,3.801804156433637,93.82059039574105,279.77178103051114,-22.353784289739142,119.4322557705025,95.6472237130912,74.89163702143135,55.11014976375695,-153.98030539642036,-297.03745131272063,69.45257938230367,-147.07765792060056,-106.22059189752109,-143.8391365160128,148.042622555576,185.7839604973093,-128.48211392416144,58.99732103469691,92.81858380041578,-76.73005577024085,-137.0538840511807,-41.397240097431414,-66.58929240323275,-124.49419013134502,124.56955896689557,-10.735010537579443,127.51263195806142,-55.298271398660376,-317.9371281797786,-37.36511419489855,-172.2721962169334,-16.329181302424608,-150.87298948541022,-3.48502712682558,85.98055677861406,-47.33862707226272,-37.56940793172843,54.31691208742226,-60.42681805062711,-164.13503539032584
-136.6618030977909,-16.015602976517464,45.95016380778416,-79.35512975942271,-2.3845128417436463,-52.98410409971838,-156.13576098604543,12.45985119612614,-66.55707447585763,-53.334680912674685,-41.76477695851779,-31.588392081682372,86.43683408789379,166.1177261161904,-38.922317367495644,81.82296824603708,59.29463304843293,80.86088174775321,-82.24360405605836,-103.2837084821003,71.63077762580568,-32.70919470685895,-52.21532745630467,42.78980371995892,76.72168825268005,22.795502433671892,37.38514002738837,69.47280019648844,-69.5200895670449,5.78935267046079,-71.62748317541677,31.14323860272656,177.46375294891874,21.505532061850793,96.34779844272084,9.513462295044054,84.97746504989556,2.079031657054875,-47.33862707226272,26.420420654911844,21.119745485251986,-31.06649209670718,33.3646980500444,91.58521188626271
-109.77130871440481,-12.943950604803845,37.081883507755855,-63.62123747436849,-2.0289460949108666,-42.68412253919291,-124.98506330406545,9.963970437014181,-53.20552545248798,-42.62491086519292,-33.41416561011216,-25.640563743342412,69.38959892252448,133.10323706012113,-31.24571141805116,65.36967699295616,47.47178205518993,64.98474976770287,-65.64049389498285,-82.48696512270489,57.30101561540465,-26.10470567694261,-41.96629065349086,34.24103517431799,61.50670525318142,18.088254859688288,30.035570466188823,55.5678595234979,-55.61916502951283,4.544519834644469,-57.5088427281344,25.05753682835577,142.00883126945305,17.508172573783487,77.1878463762106,7.8257278977894105,68.39187147712356,1.740169805647583,-37.56940793172843,21.119745485251986,16.982298059940494,-25.191583847684772,26.540085128950352,73.28692562760232
162.9887953559149,19.408923925770495,-55.5711900096356,94.17676787747618,3.393071414550712,63.7679956540479,183.99249317081797,-14.664320017778701,78.073640843421,62.649098898075295,49.11487065938228,39.20355173167636,-102.78548763001398,-196.38906797599554,46.23515571491787,-95.69523090634381,-69.7896997909917,-96.50815692271203,96.02684602007602,120.8844340798548,-84.06170457502728,38.15150003972306,62.44973564430903,-50.39665796818917,-90.96141150891958,-26.221355658825235,-44.51493750634156,-81.79323243145296,81.91430817468147,-6.3424550519245395,85.42704121570429,-37.30773232047141,-209.0666164119455,-26.849187241666304,-113.94910604350336,-12.243227221710379,-101.934666147124,-2.792717779236149,54.31691208742226,-31.06649209670718,-25.191583847684772,38.29400984336606,-38.46677746794776,-107.78996534516934
-171.70927312961274,-19.978927978858014,57.40459860328662,-99.87600245120237,-2.749007435176329,-66.30590677098822,-197.2358910742223,15.748609449100364,-84.18452993883048,-67.39932313969793,-52.79549752805304,-39.0100400016651,108.70648253098165,209.503955484339,-49.018189237763124,103.64962082259153,74.9185294310941,101.56811414541015,-104.26267093887705,-130.84947161195353,90.60308380826172,-41.53314598501319,-65.525728223946615,54.07687461707412,96.65998809597248,29.075555558299452,47.01848962494435,87.74180978656625,-87.79363048245396,7.525629538908585,-89.98110913263753,39.062897160413016,224.12293204064224,26.491776783256686,121.48488234917366,11.604341190501877,106.56070988290331,2.494653843538198,-60.42681805062711,33.3646980500444,26.540085128950352,-38.46677746794776,42.51893290755434,115.71694268065161
-474.11027465854147,-55.571255001998026,159.47227333660567,-275.2165742359897,-8.288138747619067,-183.82568502064584,-541.7202901159687,43.22392932334458,-230.8212824856094,-184.9179644822203,-144.88592745802956,-109.62215288380504,299.8155338526986,576.2770902128328,-135.08160246776137,283.8165750367267,205.69910302276972,280.5406972177204,-285.2680181332348,-358.31558098690164,248.46688563621478,-113.5344314528927,-181.14194974113002,148.471183407283,266.1757363679546,79.04254690174297,129.7316834879936,240.9397274600231,-241.1349008573697,20.069639518417624,-248.453427847535,108.0575685373308,615.5604964862129,74.65832696114073,334.2182996695336,33.118329414734156,294.9189967397329,7.258381928290921,-164.13503539032584,91.58521188626271,73.28692562760232,-107.78996534516934,115.71694268065161,317.6928609523267
