V1,V2,V3,V4,V5,V6,V7,V8,V9,V10,V11,V12,V13,V14,V15,V16,V17,V18,V19,V20,V21,V22,V23,V24,V25,V26,V27,V28,V29,V30,V31,V32,V33,V34,V35,V36,V37,V38,V39,V40,V41,V42,V43,V44,V45,V46,V47,V48,V49
4.792062171961383,-1.2072259979673947,1.8403052378315827,14.708200801941546,0.16328955824758523,2.7371885381282293,-3.728635241685934,2.0018283557245478,2.9630442394215053,9.724879187089648,-2.1437114984183325,5.084291267631134,-3.017895743479629,-1.7085365975534503,-8.15084678873031,-0.8429836831072933,3.5593626989790756,0.23154890271810813,4.888407285632899,-4.430559668210768,1.7310502285598577,-6.99718354542202,2.6245055857352453,4.00289537600241,-0.013909487498398673,-4.880967548761126,2.1473753103056867,-11.680041594853103,5.187878934549182,1.8139428466561185,7.661954669737277,4.602381279792862,-9.602772439178134,-3.4114737792969834,-4.790013641005628,8.450509323045207,8.170826549933114,6.673290885174516,7.483948867244726,-5.349518259419431,3.6972909931579014,3.6577872191658147,0.936353149761849,-0.1241180432555999,-4.600838997263569,-9.845728423548566,-2.283922486319252,7.376632732495539,4.657154916511186
-1.2072259979673947,0.8007389619618146,-0.06316493605438886,-4.624291591982702,0.5814986348284181,-0.8098860743187785,1.6022642617865879,0.3547527477601379,-0.632095180263593,-3.6840906401507305,0.14973978000968458,-1.7812871592166295,1.2892906566201263,1.2457677285552011,2.724311325924411,0.7443531153918288,-0.0032603682002424065,-0.38023620020420096,-1.7301834196535848,1.4016172216317337,-0.5844923127378648,1.7844555205130603,-0.8861670560765298,-1.216075568576808,-0.2777465879492108,1.331531844184733,-0.10514222632352907,3.5410163221823447,-1.4345424418315567,-0.6972478255559229,-2.058961111733585,-1.4168616069494087,2.864929596618957,0.32344249699451266,1.903481171878896,-3.1924838732137752,-2.5361388000555602,-1.9229822291232246,-1.9235431918206833,1.7023716497304424,-0.8278313338353215,-0.36968595118821834,-0.5780549603141273,0.6060718230349859,1.3735253538168712,3.082583912117857,-0.13107667637853476,-2.0380228624316348,-1.1934994739419325
1.8403052378315827,-0.06316493605438886,1.2039167787026817,4.784823545281273,0.6873523257854225,0.9076901918165008,-0.7566232190851898,1.5259984717411297,1.1799182956119132,2.541767443042882,-1.3025052198001303,1.405637116966878,-0.6034867360748076,0.10841029600773298,-2.469774447808056,0.08947997486860619,2.13707960503347,-0.1981922821289539,1.3675527142642703,-1.4379347026909042,0.5776360575291758,-2.6607746845027784,0.915883981553015,1.2179220061226665,-0.2555961648983805,-1.8000230185593438,1.283001511539464,-4.003343368380492,1.8830706931697718,0.35848741831015823,2.848983064571467,1.6092543790728968,-3.208794304748776,-1.9373845611313079,-1.0655162085759975,2.2775057775942202,2.79917785517479,2.2376003533465116,2.895336305278561,-1.625618396957516,1.4871498101457323,1.8538650843872613,5.74682081140931e-4,0.5470245370031487,-1.672825076162984,-3.2548577185585064,-1.4625448603428588,2.5904321998405164,1.7744376449145962
14.708200801941546,-4.624291591982702,4.784823545281273,48.011153316562634,-0.7042047637933806,8.754645378954116,-12.933511112647047,4.783177851649165,9.187381339053044,32.928397804610036,-5.688227392125666,16.800941842429953,-10.572834683774897,-6.9482733134063714,-27.032899386668735,-3.3307519174200295,9.51690679636361,1.344603975140486,16.639961955357403,-14.095556367970314,5.496281982359674,-21.882190975926452,8.048518200058858,13.513699204969528,0.5388698545812037,-15.443402579823172,5.81672640826664,-37.50975507800692,16.46727578373971,6.4555672188625035,23.866897129813072,14.748640231930285,-31.26948489891591,-9.51469189545451,-16.736755753821186,28.44021017000344,26.301958230911556,21.683373470891443,23.51976798205026,-17.791141923432864,11.298077511477198,10.390527049773741,3.637808233427043,-1.7053859413513839,-14.645931606938587,-31.75119472768828,-5.851441010549009,23.68798596081201,14.569332778593788
0.16328955824758523,0.5814986348284181,0.6873523257854225,-0.7042047637933806,1.01201829474743,-0.09099066521969931,0.8785950880725223,1.1821427938588234,0.10755779410226764,-1.4889029418141422,-0.8056779330173366,-0.6590966112822843,0.6618474863980858,1.0527665502559211,0.7044873398073745,0.7027879305299894,1.2193034106429397,-0.500132446835382,-0.5981941215783415,0.32803785313779665,-0.0849015498947405,-0.20759146593520342,-0.14279128903507732,-0.19605774696859257,-0.32528717335678037,0.035209962601589456,0.7387000350647129,0.3800610629717006,0.0017178306561013547,-0.4052850212995048,0.0029176415313249457,-0.10398270336118116,0.3773335162158875,-1.192803141560593,0.9480490150609616,-1.2691277863700905,-0.34191698053732095,-0.26473309867371014,0.1916431720516239,0.43615722981211996,0.1127982047602958,0.8054821620544688,-0.47599330201635237,0.880678944985313,-0.03342025048239366,0.572457752839617,-0.8586240527941129,-0.14539242198486724,0.10688721437120206
2.7371885381282293,-0.8098860743187785,0.9076901918165008,8.754645378954116,-0.09099066521969931,1.6350792007137904,-2.3518991383125174,1.013665053999253,1.7613550441650783,5.981426693122541,-1.0682620697127239,3.086752348246126,-1.9186620108170505,-1.1814570681027659,-4.942619606321985,-0.5610697407026325,1.899190804929438,0.2304266176597567,3.018785888265262,-2.626296364767538,0.995965790218444,-4.066020718818569,1.4675398892774865,2.4638238706773072,0.051808109171561895,-2.864197202149196,1.1067985620467113,-6.860194804160388,3.03591256604725,1.1998518442023596,4.427592445725168,2.6718487628670373,-5.742485297007333,-1.761234857943912,-3.0296398629358916,5.139073165930046,4.796941849458784,4.002400245755923,4.338933353079174,-3.2594738504268883,2.1503801761411374,2.0063099051715723,0.6452828344197887,-0.2604408163058042,-2.6521440820876876,-5.830518729885576,-1.199490811565611,4.398074466138351,2.697986378847519
-3.728635241685934,1.6022642617865879,-0.7566232190851898,-12.933511112647047,0.8785950880725223,-2.3518991383125174,3.9966889555593417,-0.4389860905281539,-2.3535702729434207,-9.584126740271437,0.9252373179860774,-4.819950079521984,3.2360531962043066,2.5192987020610964,7.488578802061804,1.339576976815701,-1.643531851214409,-0.683219311737911,-4.702690954839979,3.8960702509164236,-1.4760217888325544,5.570424241335876,-2.198000260000117,-3.635975115485634,-0.3606467400556937,4.0291615233112354,-1.0089300857876398,9.98235053225167,-4.284277265172709,-1.954497674302411,-6.203447105008035,-3.8756537761106165,8.379291099148682,1.6327356181435293,4.987434576612984,-8.231584782528733,-7.046092465286773,-5.796053260268033,-5.960439437188784,4.91802487259832,-2.8627385177557794,-2.1621036539254135,-1.268912072795391,1.048264322209549,3.778433702598559,8.63735995328877,0.928922459670032,-6.258333245010695,-3.7186780394229175
2.0018283557245478,0.3547527477601379,1.5259984717411297,4.783177851649165,1.1821427938588234,1.013665053999253,-0.4389860905281539,2.8635081370741085,1.8523664603114034,2.0689631375419015,-1.6085673759733665,1.2361561709868398,-0.3649620801235559,0.9330792388374964,-2.532206833143244,0.7709497241368449,3.615951176442764,-0.42785555188143265,1.3559807925554483,-1.4332171138610301,0.3521327722047012,-3.200620414815722,0.47952178450618216,1.5729229396462725,-0.5788753329039824,-2.1021749179464937,1.7932495975798122,-3.9881541489772574,2.1236861570081045,0.5392161076577205,3.074322181105173,1.4809191210663912,-3.6457312063574543,-2.3447715761012917,-0.892045971231314,1.6496204408143593,2.6950965674696326,2.6992233046438723,3.3886480179539955,-1.828301047771106,2.052545120757021,2.737710432344182,-0.23630209411835223,1.0158956308899862,-1.4879693710441788,-3.188359808076545,-2.548476327185729,3.2592127419826435,2.034033548894545
2.9630442394215053,-0.632095180263593,1.1799182956119132,9.187381339053044,0.10755779410226764,1.7613550441650783,-2.3535702729434207,1.8523664603114034,2.359314482167691,6.119596349757643,-1.2540006797045313,3.1607250140170127,-1.905780455756465,-0.7602552533005924,-5.262306938396073,-0.25261048249075363,2.8952140928906624,0.16169476080562864,3.1871579451865273,-2.7947324866876784,0.882889742800936,-4.62497387143905,1.3123311940526092,2.7599372040907757,-0.15612242290931452,-3.2474398642365254,1.469758263103897,-7.233884187484969,3.3634171571765306,1.3702834183225097,4.846193022670181,2.723139173939368,-6.357012870205803,-1.920711284211961,-3.1052594857300133,5.130295367491244,5.057845660557088,4.509694467071135,4.918585383769335,-3.582521939501496,2.6725578835959927,2.618186715725147,0.5304324094024737,-0.039496717539224534,-2.65767009876567,-6.17511114184644,-1.943493017733492,5.0901285974381745,3.0219043671588124
9.724879187089648,-3.6840906401507305,2.541767443042882,32.928397804610036,-1.4889029418141422,5.981426693122541,-9.584126740271437,2.0689631375419015,6.119596349757643,23.623411816772908,-3.0053438087485476,11.958666249286233,-7.7766425315209045,-5.701713034940559,-18.86003320019838,-2.9301062323980505,5.210760101783963,1.409151749690345,11.771896561283768,-9.815492125789724,3.7682231243721986,-14.516099024473897,5.552268953996798,9.262415301337656,0.6674413149528011,-10.432768202885752,3.182579821456815,-25.565736300623676,11.069742309663761,4.752144640471111,16.052912093648118,9.988341827575807,-21.395919637144424,-5.16362460367324,-12.191233679221794,20.369303155912128,18.00574621881343,14.831283188077839,15.620072122634065,-12.403149432974574,7.50611360241394,6.203555914213919,2.9169373510727006,-2.0322019969145346,-9.792994807763199,-21.9226819160211,-3.1143520325506615,16.08501095468618,9.697763151297023
-2.1437114984183325,0.14973978000968458,-1.3025052198001303,-5.688227392125666,-0.8056779330173366,-1.0682620697127239,0.9252373179860774,-1.6085673759733665,-1.2540006797045313,-3.0053438087485476,1.5591499743350692,-1.6173361685533696,0.7736063935224082,-0.01215979134910716,2.8960093758111376,-0.07737901409497573,-2.2862446641582554,0.26016604178474445,-1.5705512064785878,1.6340488998912857,-0.7044570590273249,3.0864745416822275,-1.096773063822477,-1.4584867293865842,0.2091609537407402,2.010553245108798,-1.4434256856309629,4.692255182295654,-2.18384560093042,-0.38879230079976035,-3.2251352418236627,-1.925191981779567,3.707897103693597,2.371207359530765,1.2483068407852627,-2.658619340953781,-3.252811630291154,-2.530403739717007,-3.286836406697055,1.8485942565668476,-1.595844886741972,-2.0450447291214253,-0.040729247490522286,-0.6177768513125986,2.031853688264574,3.733660305748197,1.4715878207494844,-2.92465957270946,-2.020527987281882
5.084291267631134,-1.7812871592166295,1.405637116966878,16.800941842429953,-0.6590966112822843,3.086752348246126,-4.819950079521984,1.2361561709868398,3.1607250140170127,11.958666249286233,-1.6173361685533696,6.187102546231914,-3.876342258911239,-2.790401494532238,-9.592448882581197,-1.4339441253083618,2.888983825733431,0.6658158488587574,5.960043982810005,-5.101079568253591,1.9606760757970632,-7.491460332233554,2.9063614009447747,4.679779835808243,0.2541611452519982,-5.39760151138903,1.7242628970020735,-13.124152618463452,5.687317866448321,2.40952310260389,8.373295122729338,5.124178809057562,-10.922596446650996,-2.749139088050647,-6.164319100942671,10.362577298347631,9.209960504274946,7.612168277387107,8.052204441244847,-6.335074666417886,3.9360867648859523,3.3703181231892425,1.467570494288861,-0.9273253809908405,-4.993902711142779,-11.279733527703664,-1.8232834040701935,8.263935391602377,5.029175753867566
-3.017895743479629,1.2892906566201263,-0.6034867360748076,-10.572834683774897,0.6618474863980858,-1.9186620108170505,3.2360531962043066,-0.3649620801235559,-1.905780455756465,-7.7766425315209045,0.7736063935224082,-3.876342258911239,2.6703664996814234,2.0506321592942194,6.097790967371574,1.0319343805217862,-1.3175995141719634,-0.5193240999366855,-3.8364655312776583,3.102866172201321,-1.181451257450315,4.534077688654158,-1.7317420424566397,-3.0259611877194965,-0.30794228759881087,3.24169901289987,-0.8330327502865977,8.090842340062675,-3.4851920222271957,-1.5944909448374966,-4.981855596196672,-3.128500743819798,6.846837910841965,1.42350759722995,4.067227646173968,-6.638557141968047,-5.69823591867496,-4.7136714714387224,-4.829535875738354,4.018459655348337,-2.2711357721309846,-1.7658439359847857,-1.0252330277193022,0.8551497027022604,3.102342840209733,6.97718908799121,0.7222671574730996,-5.077061542513182,-3.024370240938345
-1.7085365975534503,1.2457677285552011,0.10841029600773298,-6.9482733134063714,1.0527665502559211,-1.1814570681027659,2.5192987020610964,0.9330792388374964,-0.7602552533005924,-5.701713034940559,-0.01215979134910716,-2.790401494532238,2.0506321592942194,2.158608800612571,4.095154539047675,1.2230605857457957,0.44950020331195767,-0.6273329413373363,-2.6942524487118336,2.0361053195623797,-0.8929910958418963,2.458504143751059,-1.3022255175721,-1.8761890412803737,-0.5102912039491927,1.8732944883969052,0.05217911489043057,5.2145388177368694,-2.046544423964615,-1.1073604852323875,-2.9466299457530796,-2.080186475434563,4.226672207031199,0.24896863952567966,3.071701930005412,-4.979711432528926,-3.71740057731117,-2.8406091712412644,-2.6724893849486895,2.6241332174609857,-1.0369722808259705,-0.32090158960759463,-0.983532483390459,1.1484893848135878,2.0188848407375724,4.587529728284425,-0.47540285823145106,-2.893224311183073,-1.6987759608759305
-8.15084678873031,2.724311325924411,-2.469774447808056,-27.032899386668735,0.7044873398073745,-4.942619606321985,7.488578802061804,-2.532206833143244,-5.262306938396073,-18.86003320019838,2.8960093758111376,-9.592448882581197,6.097790967371574,4.095154539047675,15.391526248100657,1.9838222185147627,-5.183881841976361,-0.9207622492699201,-9.538812387972394,8.000599101923521,-3.0376822691242653,12.237961304363948,-4.422418203683508,-7.698492675443343,-0.3477330764076931,8.71801171462925,-3.0560824727880007,21.054617903427687,-9.23608117706124,-3.8269944440976102,-13.354929445984114,-8.226284818282679,17.70061045188875,4.879730766961023,9.685437947465825,-16.22899436836811,-14.780774407739587,-12.324582799030345,-13.165840023995496,10.155072867180609,-6.414048923452942,-5.671596115316019,-2.1654096813503956,1.208093193047692,8.087459891390948,17.9246425877401,3.1963215994476672,-13.448781212237664,-8.137959885715107
-0.8429836831072933,0.7443531153918288,0.08947997486860619,-3.3307519174200295,0.7027879305299894,-0.5610697407026325,1.339576976815701,0.7709497241368449,-0.25261048249075363,-2.9301062323980505,-0.07737901409497573,-1.4339441253083618,1.0319343805217862,1.2230605857457957,1.9838222185147627,0.869746793551893,0.5249273569601485,-0.41579271071522755,-1.2772903297721383,1.1098327130858374,-0.511517992102023,1.094004363121648,-0.8463738650661405,-0.7004510437596525,-0.30203255269758517,0.89720360375244,0.1558142793686228,2.607590250370485,-0.9582819089095257,-0.4703009330842258,-1.4949508023846831,-1.0693287589968263,1.9279697145110082,-0.08875484936003433,1.4870351153080468,-2.6453123441577264,-1.9182133295660266,-1.2781392275898829,-1.229490687229311,1.1817662563939622,-0.4801966821287638,0.059529914005062676,-0.519797509188279,0.6487231492056225,1.0128079746455991,2.3469947657150487,-0.44465978743537615,-1.2782168182815514,-0.7797947782867548
3.5593626989790756,-0.0032603682002424065,2.13707960503347,9.51690679636361,1.2193034106429397,1.899190804929438,-1.643531851214409,3.615951176442764,2.8952140928906624,5.210760101783963,-2.2862446641582554,2.888983825733431,-1.3175995141719634,0.44950020331195767,-5.183881841976361,0.5249273569601485,4.917398647972081,-0.34090128545807097,2.9465206931028667,-2.892654715245941,0.8792492126184005,-5.50259621121219,1.292795253687048,2.8834920890240827,-0.6229107119420683,-3.720508929252647,2.511829406563642,-7.768337674820577,3.8179177792871237,1.1547282462670163,5.593261294891795,2.9517108326217367,-6.803008946190537,-3.377891545897908,-2.4418619101527015,4.370218902528423,5.345882458002184,4.924524707464057,5.864670533471345,-3.5793837905145414,3.3449004734020473,3.9876923348893287,0.05087579130407124,1.0014281291949885,-2.9184478023949345,-6.389897095707794,-3.409128809340639,5.735068067173331,3.559855390185064
0.23154890271810813,-0.38023620020420096,-0.1981922821289539,1.344603975140486,-0.500132446835382,0.2304266176597567,-0.683219311737911,-0.42785555188143265,0.16169476080562864,1.409151749690345,0.26016604178474445,0.6658158488587574,-0.5193240999366855,-0.6273329413373363,-0.9207622492699201,-0.41579271071522755,-0.34090128545807097,0.28653231737575185,0.6532049895826332,-0.47451402698502565,0.16075068836209636,-0.3717113514953155,0.24045985627847094,0.3651593360846211,0.15491180195440804,-0.3733844757558873,-0.21935706046043263,-0.9936613376462053,0.35511382556846377,0.33320549429924834,0.5253473901704744,0.3693482056258054,-0.8518409157706716,0.3802265235708202,-0.7978615643504713,1.2181526899944948,0.7450373846774446,0.6031608477553081,0.441777885097809,-0.583776896918574,0.22121429623540723,-0.15829017349403882,0.291695578945878,-0.44631651227046604,-0.29166449231334135,-0.9680641129549332,0.2533847816925489,0.5971144657638978,0.26341172325350865
4.888407285632899,-1.7301834196535848,1.3675527142642703,16.639961955357403,-0.5981941215783415,3.018785888265262,-4.702690954839979,1.3559807925554483,3.1871579451865273,11.771896561283768,-1.5705512064785878,5.960043982810005,-3.8364655312776583,-2.6942524487118336,-9.538812387972394,-1.2772903297721383,2.9465206931028667,0.6532049895826332,6.008840266742663,-4.8733399675430125,1.8460121931395765,-7.3947326287164,2.6171998871631574,4.827523309401885,0.2750288148011994,-5.32218691304747,1.7251471777332343,-12.874509736559062,5.622660055907519,2.4575743989679433,8.086756784794998,5.01274756390024,-10.909365496333763,-2.74937977862801,-6.152553922688487,10.123968479641096,9.042684485425738,7.621873581126317,8.004049946334868,-6.340162201317759,3.8654510643159634,3.313919292955384,1.405990877856278,-0.9341892040217094,-4.905093178355499,-10.999663260294648,-1.8102120974101006,8.256186842679147,4.936195635146814
-4.430559668210768,1.4016172216317337,-1.4379347026909042,-14.095556367970314,0.32803785313779665,-2.626296364767538,3.8960702509164236,-1.4332171138610301,-2.7947324866876784,-9.815492125789724,1.6340488998912857,-5.101079568253591,3.102866172201321,2.0361053195623797,8.000599101923521,1.1098327130858374,-2.892654715245941,-0.47451402698502565,-4.8733399675430125,4.373042368794608,-1.6632872825918537,6.502730154373545,-2.530286534731221,-3.8253064916455846,-0.0992692030344659,4.655800405598492,-1.6873627474730335,11.152850515832366,-4.881138635337438,-1.9198438207557358,-7.244342203083139,-4.366863190490973,9.205999390478805,2.608067498307157,4.925978600168031,-8.519115347829835,-7.840679386188648,-6.424392035902592,-6.982701102278677,5.23145803615041,-3.508631152665563,-3.1111419811319214,-1.0986145672983527,0.5024166250400255,4.263391302461971,9.546481884305441,1.8519367098234465,-7.059330539249727,-4.337756841202855
1.7310502285598577,-0.5844923127378648,0.5776360575291758,5.496281982359674,-0.0849015498947405,0.995965790218444,-1.4760217888325544,0.3521327722047012,0.882889742800936,3.7682231243721986,-0.7044570590273249,1.9606760757970632,-1.181451257450315,-0.8929910958418963,-3.0376822691242653,-0.511517992102023,0.8792492126184005,0.16075068836209636,1.8460121931395765,-1.6632872825918537,0.7286453095430285,-2.4418118256792622,1.1011909486732425,1.3991498288103144,0.09765173671654062,-1.7377391658078294,0.6375277468198883,-4.369400642848699,1.8595108740794568,0.6400342700956225,2.783954220086932,1.7714859080402006,-3.4443851000335552,-1.1648276921508065,-1.8539622908526117,3.345466761686824,3.072636385256582,2.357379956567511,2.641632736680439,-1.939765255671686,1.2058667285470246,1.0918467129663707,0.4338982638543534,-0.18930693179710492,-1.7703533330457484,-3.6897031232855544,-0.519356930091943,2.5537063198770293,1.6497992331798006
-6.99718354542202,1.7844555205130603,-2.6607746845027784,-21.882190975926452,-0.20759146593520342,-4.066020718818569,5.570424241335876,-3.200620414815722,-4.62497387143905,-14.516099024473897,3.0864745416822275,-7.491460332233554,4.534077688654158,2.458504143751059,12.237961304363948,1.094004363121648,-5.50259621121219,-0.3717113514953155,-7.3947326287164,6.502730154373545,-2.4418118256792622,10.472028376704772,-3.6290587579927323,-6.178995141832671,0.033462683849275886,7.305402944127303,-3.1979665627576126,17.262327930591052,-7.7437768716294055,-2.8554588190726466,-11.259356787746091,-6.754597278912922,14.467582745802634,4.930778939162324,7.242348016109973,-12.47971472661599,-12.072856545853345,-10.080099164563856,-11.193927416978282,8.096377741116033,-5.587364350763306,-5.484995100832698,-1.3934009826919593,0.23609488110143842,6.7188639370036904,14.544733117254792,3.513644502080281,-11.189584782156334,-6.918288661025747
2.6245055857352453,-0.8861670560765298,0.915883981553015,8.048518200058858,-0.14279128903507732,1.4675398892774865,-2.198000260000117,0.47952178450618216,1.3123311940526092,5.552268953996798,-1.096773063822477,2.9063614009447747,-1.7317420424566397,-1.3022255175721,-4.422418203683508,-0.8463738650661405,1.292795253687048,0.24045985627847094,2.6171998871631574,-2.530286534731221,1.1011909486732425,-3.6290587579927323,1.778403611430266,1.9103104236357342,0.12141949927474521,-2.575543543130259,0.9663067307109787,-6.490792587930372,2.7542481482542778,0.85711248987112,4.210030431712233,2.6344568627524447,-5.017772099868355,-1.7063948048604056,-2.630609026029366,4.962521659687083,4.595076862761468,3.399849700058549,3.9051927679016893,-2.778390718901446,1.8179307588921938,1.6208236207389162,0.6225895313540902,-0.2330998424003203,-2.640294730522448,-5.5135523113890805,-0.776398387444822,3.7232583458170634,2.460549879153574
4.00289537600241,-1.216075568576808,1.2179220061226665,13.513699204969528,-0.19605774696859257,2.4638238706773072,-3.635975115485634,1.5729229396462725,2.7599372040907757,9.262415301337656,-1.4584867293865842,4.679779835808243,-3.0259611877194965,-1.8761890412803737,-7.698492675443343,-0.7004510437596525,2.8834920890240827,0.3651593360846211,4.827523309401885,-3.8253064916455846,1.3991498288103144,-6.178995141832671,1.9103104236357342,4.1109270387873,0.13714212808136877,-4.3430953868713935,1.6233436664284864,-10.376965322896622,4.6304182806007175,2.0131935711029008,6.531173950433107,4.012665611450347,-8.977366461799633,-2.5596553589922393,-4.880630548880982,7.859070009685823,7.228422451319345,6.286220607908552,6.620165537321657,-5.185559918701855,3.2176328696733947,3.008327885111316,1.034486291328346,-0.5480183276578526,-3.9597481434221087,-8.770173950588518,-1.7872064171731492,6.858977747898419,4.077517848338287
-0.013909487498398673,-0.2777465879492108,-0.2555961648983805,0.5388698545812037,-0.32528717335678037,0.051808109171561895,-0.3606467400556937,-0.5788753329039824,-0.15612242290931452,0.6674413149528011,0.2091609537407402,0.2541611452519982,-0.30794228759881087,-0.5102912039491927,-0.3477330764076931,-0.30203255269758517,-0.6229107119420683,0.15491180195440804,0.2750288148011994,-0.0992692030344659,0.09765173671654062,0.033462683849275886,0.12141949927474521,0.13714212808136877,0.2019310309895881,0.0014030505915486025,-0.26352856535278324,-0.31914464907128853,0.05122837915024179,0.10790683693930617,0.010024748493300572,0.1586493912246106,-0.20703623776808996,0.24060254469505662,-0.3964676548999319,0.5882130970194376,0.2449174556736403,0.09386315637797335,-0.032352557851385286,-0.18305806829113982,-0.15718221332123516,-0.3685356870097821,0.19402135524209332,-0.33714444478885647,-0.15981644650540303,-0.28308903507436245,0.5081982816716741,0.018248922993202764,-0.017305505173331986
-4.880967548761126,1.331531844184733,-1.8000230185593438,-15.443402579823172,0.035209962601589456,-2.864197202149196,4.0291615233112354,-2.1021749179464937,-3.2474398642365254,-10.432768202885752,2.010553245108798,-5.39760151138903,3.24169901289987,1.8732944883969052,8.71801171462925,0.89720360375244,-3.720508929252647,-0.3733844757558873,-5.32218691304747,4.655800405598492,-1.7377391658078294,7.305402944127303,-2.575543543130259,-4.3430953868713935,0.0014030505915486025,5.186633666430696,-2.130527012630894,12.199760417651893,-5.43672511469124,-2.0878489021791573,-7.954846372240016,-4.765907445460625,10.222210789523938,3.2151026485896574,5.2515566897101555,-9.008958345794944,-8.55768772193989,-7.157013660817027,-7.8711931446438435,5.775218845014649,-3.9613717019115238,-3.7444791026476687,-1.0510942447148015,0.3115202869078275,4.684010233386785,10.351920138179983,2.4104397949889154,-7.911345526992557,-4.852724554569474
2.1473753103056867,-0.10514222632352907,1.283001511539464,5.81672640826664,0.7387000350647129,1.1067985620467113,-1.0089300857876398,1.7932495975798122,1.469758263103897,3.182579821456815,-1.4434256856309629,1.7242628970020735,-0.8330327502865977,0.05217911489043057,-3.0560824727880007,0.1558142793686228,2.511829406563642,-0.21935706046043263,1.7251471777332343,-1.6873627474730335,0.6375277468198883,-3.1979665627576126,0.9663067307109787,1.6233436664284864,-0.26352856535278324,-2.130527012630894,1.4577945685911264,-4.750551901809659,2.2571354745298744,0.5458166780701025,3.3136738930695633,1.8823659207385126,-3.9462055435116445,-2.189440456647248,-1.4294375283884675,2.75715915900165,3.2890999734092246,2.7586793485832906,3.419567373799206,-2.0491198023966275,1.7609108154910666,2.1771440941395284,0.06153999931757128,0.5523049145649531,-1.9434054871048954,-3.8546466033691598,-1.6859617633549564,3.1848252491572757,2.0978517300294257
-11.680041594853103,3.5410163221823447,-4.003343368380492,-37.50975507800692,0.3800610629717006,-6.860194804160388,9.98235053225167,-3.9881541489772574,-7.233884187484969,-25.565736300623676,4.692255182295654,-13.124152618463452,8.090842340062675,5.2145388177368694,21.054617903427687,2.607590250370485,-7.768337674820577,-0.9936613376462053,-12.874509736559062,11.152850515832366,-4.369400642848699,17.262327930591052,-6.490792587930372,-10.376965322896622,-0.31914464907128853,12.199760417651893,-4.750551901809659,29.509894623671514,-12.959840850513357,-4.907070032544392,-18.931861433853808,-11.643105695116871,24.41284709577194,7.67463134014729,12.852698389678693,-22.178762838251952,-20.715310573038224,-16.937386190256856,-18.58380712487447,13.803130709192592,-9.00231134813278,-8.345387922470076,-2.7410842213779523,1.0958491872779703,11.539376277181425,24.965267086981623,4.83470675399674,-18.564233506446072,-11.501392533452012
5.187878934549182,-1.4345424418315567,1.8830706931697718,16.46727578373971,0.0017178306561013547,3.03591256604725,-4.284277265172709,2.1236861570081045,3.3634171571765306,11.069742309663761,-2.18384560093042,5.687317866448321,-3.4851920222271957,-2.046544423964615,-9.23608117706124,-0.9582819089095257,3.8179177792871237,0.35511382556846377,5.622660055907519,-4.881138635337438,1.8595108740794568,-7.7437768716294055,2.7542481482542778,4.6304182806007175,0.05122837915024179,-5.43672511469124,2.2571354745298744,-12.959840850513357,5.767908608435143,2.1686412385641676,8.385161905418139,5.0824475485985925,-10.82883227535713,-3.5301569260363506,-5.558279852464073,9.54634086512981,9.08161325720767,7.537334466048819,8.307048602949974,-6.099614393560563,4.094184737475924,3.9167397402007644,1.1165492753398227,-0.3301808491262628,-5.048791966912352,-10.944302484996472,-2.4141591375382427,8.31543712221521,5.134590186206406
1.8139428466561185,-0.6972478255559229,0.35848741831015823,6.4555672188625035,-0.4052850212995048,1.1998518442023596,-1.954497674302411,0.5392161076577205,1.3702834183225097,4.752144640471111,-0.38879230079976035,2.40952310260389,-1.5944909448374966,-1.1073604852323875,-3.8269944440976102,-0.4703009330842258,1.1547282462670163,0.33320549429924834,2.4575743989679433,-1.9198438207557358,0.6400342700956225,-2.8554588190726466,0.85711248987112,2.0131935711029008,0.10790683693930617,-2.0878489021791573,0.5458166780701025,-4.907070032544392,2.1686412385641676,1.1383187331277902,3.0734537272295652,1.8459780091085791,-4.349573171483227,-0.7510715232184964,-2.592922217871809,3.9989323711140847,3.427338655917933,3.0942468349549808,3.0610683862333508,-2.60449241701028,1.5734596487896655,1.2580400992188328,0.623743796846194,-0.5155878633782618,-1.7471463354925958,-4.267928272036875,-0.739224446894686,3.348517890002819,1.8879418707876798
7.661954669737277,-2.058961111733585,2.848983064571467,23.866897129813072,0.0029176415313249457,4.427592445725168,-6.203447105008035,3.074322181105173,4.846193022670181,16.052912093648118,-3.2251352418236627,8.373295122729338,-4.981855596196672,-2.9466299457530796,-13.354929445984114,-1.4949508023846831,5.593261294891795,0.5253473901704744,8.086756784794998,-7.244342203083139,2.783954220086932,-11.259356787746091,4.210030431712233,6.531173950433107,0.010024748493300572,-7.954846372240016,3.3136738930695633,-18.931861433853808,8.385161905418139,3.0734537272295652,12.399159984903465,7.434765271971581,-15.643751507589794,-5.133602075211818,-7.987061562407184,13.95487028042137,13.277842174432221,10.911029424036922,12.10632761422325,-8.793418192369934,6.0314846034238405,5.767883582933371,1.61474325567056,-0.4129196697732659,-7.353149312312694,-16.055576190503604,-3.6225763789293026,12.039949377564616,7.513593942436679
4.602381279792862,-1.4168616069494087,1.6092543790728968,14.748640231930285,-0.10398270336118116,2.6718487628670373,-3.8756537761106165,1.4809191210663912,2.723139173939368,9.988341827575807,-1.925191981779567,5.124178809057562,-3.128500743819798,-2.080186475434563,-8.226284818282679,-1.0693287589968263,2.9517108326217367,0.3693482056258054,5.01274756390024,-4.366863190490973,1.7714859080402006,-6.754597278912922,2.6344568627524447,4.012665611450347,0.1586493912246106,-4.765907445460625,1.8823659207385126,-11.643105695116871,5.0824475485985925,1.8459780091085791,7.434765271971581,4.651918486750902,-9.508141114674808,-3.1403625753937714,-4.979459245416609,8.723090855588312,8.17731956688786,6.568131936480829,7.289713895341307,-5.347868288334255,3.461708725010798,3.221721109290938,1.0704153235445126,-0.389387692483858,-4.612440210790163,-9.794873358395712,-1.7974817029967012,7.191580635669894,4.500763602248123
-9.602772439178134,2.864929596618957,-3.208794304748776,-31.26948489891591,0.3773335162158875,-5.742485297007333,8.379291099148682,-3.6457312063574543,-6.357012870205803,-21.395919637144424,3.707897103693597,-10.922596446650996,6.846837910841965,4.226672207031199,17.70061045188875,1.9279697145110082,-6.803008946190537,-0.8518409157706716,-10.909365496333763,9.205999390478805,-3.4443851000335552,14.467582745802634,-5.017772099868355,-8.977366461799633,-0.20703623776808996,10.222210789523938,-3.9462055435116445,24.41284709577194,-10.82883227535713,-4.349573171483227,-15.643751507589794,-9.508141114674808,20.62858690040018,6.142867619265547,10.93030037669028,-18.36691674985225,-17.109239702775795,-14.385403726983576,-15.542856316911434,11.748616314137982,-7.656343633486691,-7.100129099702505,-2.296511459644,1.0115561008885967,9.3955336701864,20.70996419446872,4.287219274550098,-15.79058487554672,-9.602165103194462
-3.4114737792969834,0.32344249699451266,-1.9373845611313079,-9.51469189545451,-1.192803141560593,-1.761234857943912,1.6327356181435293,-2.3447715761012917,-1.920711284211961,-5.16362460367324,2.371207359530765,-2.749139088050647,1.42350759722995,0.24896863952567966,4.879730766961023,-0.08875484936003433,-3.377891545897908,0.3802265235708202,-2.74937977862801,2.608067498307157,-1.1648276921508065,4.930778939162324,-1.7063948048604056,-2.5596553589922393,0.24060254469505662,3.2151026485896574,-2.189440456647248,7.67463134014729,-3.5301569260363506,-0.7510715232184964,-5.133602075211818,-3.1403625753937714,6.142867619265547,3.789552799802429,2.3045013463587845,-4.538723432510332,-5.2886842216628125,-4.185082667303204,-5.25560202433402,3.1590847512262115,-2.4340016040825283,-3.159653924965887,-0.18789936456549106,-0.7903138245198164,3.3417370896517538,6.114426688844065,2.1485188672609175,-4.7379197478956625,-3.2517686496774747
-4.790013641005628,1.903481171878896,-1.0655162085759975,-16.736755753821186,0.9480490150609616,-3.0296398629358916,4.987434576612984,-0.892045971231314,-3.1052594857300133,-12.191233679221794,1.2483068407852627,-6.164319100942671,4.067227646173968,3.071701930005412,9.685437947465825,1.4870351153080468,-2.4418619101527015,-0.7978615643504713,-6.152553922688487,4.925978600168031,-1.8539622908526117,7.242348016109973,-2.630609026029366,-4.880630548880982,-0.3964676548999319,5.2515566897101555,-1.4294375283884675,12.852698389678693,-5.558279852464073,-2.592922217871809,-7.987061562407184,-4.979459245416609,10.93030037669028,2.3045013463587845,6.461882718458285,-10.46353553563588,-9.027948715197036,-7.629761891947334,-7.806343773718262,6.455836806834621,-3.745713915031595,-3.0056280362804566,-1.5858603434075718,1.2624196773286627,4.8386119653713555,11.074175401882762,1.4656728911394714,-8.202902460743271,-4.847982022734446
8.450509323045207,-3.1924838732137752,2.2775057775942202,28.44021017000344,-1.2691277863700905,5.139073165930046,-8.231584782528733,1.6496204408143593,5.130295367491244,20.369303155912128,-2.658619340953781,10.362577298347631,-6.638557141968047,-4.979711432528926,-16.22899436836811,-2.6453123441577264,4.370218902528423,1.2181526899944948,10.123968479641096,-8.519115347829835,3.345466761686824,-12.47971472661599,4.962521659687083,7.859070009685823,0.5882130970194376,-9.008958345794944,2.75715915900165,-22.178762838251952,9.54634086512981,3.9989323711140847,13.95487028042137,8.723090855588312,-18.36691674985225,-4.538723432510332,-10.46353553563588,17.69335684121224,15.639477192567114,12.726720825627464,13.494161783002875,-10.635375781365532,6.430499047372234,5.307741400943202,2.5142468432580136,-1.724199544586891,-8.540749646658286,-19.0075958351675,-2.6233586844947845,13.764982508615844,8.379960358771049
8.170826549933114,-2.5361388000555602,2.79917785517479,26.301958230911556,-0.34191698053732095,4.796941849458784,-7.046092465286773,2.6950965674696326,5.057845660557088,18.00574621881343,-3.252811630291154,9.209960504274946,-5.69823591867496,-3.71740057731117,-14.780774407739587,-1.9182133295660266,5.345882458002184,0.7450373846774446,9.042684485425738,-7.840679386188648,3.072636385256582,-12.072856545853345,4.595076862761468,7.228422451319345,0.2449174556736403,-8.55768772193989,3.2890999734092246,-20.715310573038224,9.08161325720767,3.427338655917933,13.277842174432221,8.17731956688786,-17.109239702775795,-5.2886842216628125,-9.027948715197036,15.639477192567114,14.575837697446648,11.859575596707474,13.027042587688312,-9.667757983874404,6.307781118738867,5.766645569888579,1.930880264894839,-0.815435329535393,-8.10186911804006,-17.545461269896947,-3.315168358364439,12.99677495168681,8.0516916356454
6.673290885174516,-1.9229822291232246,2.2376003533465116,21.683373470891443,-0.26473309867371014,4.002400245755923,-5.796053260268033,2.6992233046438723,4.509694467071135,14.831283188077839,-2.530403739717007,7.612168277387107,-4.7136714714387224,-2.8406091712412644,-12.324582799030345,-1.2781392275898829,4.924524707464057,0.6031608477553081,7.621873581126317,-6.424392035902592,2.357379956567511,-10.080099164563856,3.399849700058549,6.286220607908552,0.09386315637797335,-7.157013660817027,2.7586793485832906,-16.937386190256856,7.537334466048819,3.0942468349549808,10.911029424036922,6.568131936480829,-14.385403726983576,-4.185082667303204,-7.629761891947334,12.726720825627464,11.859575596707474,10.110939339473349,10.853268178803228,-8.221168538559283,5.434517412295258,5.034413028491082,1.5761836380490977,-0.6837030297152521,-6.4376987657980695,-14.395325892230703,-3.157298178506734,11.083902291679552,6.689678665165847
7.483948867244726,-1.9235431918206833,2.895336305278561,23.51976798205026,0.1916431720516239,4.338933353079174,-5.960439437188784,3.3886480179539955,4.918585383769335,15.620072122634065,-3.286836406697055,8.052204441244847,-4.829535875738354,-2.6724893849486895,-13.165840023995496,-1.229490687229311,5.864670533471345,0.441777885097809,8.004049946334868,-6.982701102278677,2.641632736680439,-11.193927416978282,3.9051927679016893,6.620165537321657,-0.032352557851385286,-7.8711931446438435,3.419567373799206,-18.58380712487447,8.307048602949974,3.0610683862333508,12.10632761422325,7.289713895341307,-15.542856316911434,-5.25560202433402,-7.806343773718262,13.494161783002875,13.027042587688312,10.853268178803228,12.06287076018701,-8.707180040492625,6.003438934406454,5.840472154387697,1.491359143514583,-0.27920569592055156,-7.224955763729788,-15.662901470436472,-3.7641401863365935,12.010886647594244,7.424527566795177
-5.349518259419431,1.7023716497304424,-1.625618396957516,-17.791141923432864,0.43615722981211996,-3.2594738504268883,4.91802487259832,-1.828301047771106,-3.582521939501496,-12.403149432974574,1.8485942565668476,-6.335074666417886,4.018459655348337,2.6241332174609857,10.155072867180609,1.1817662563939622,-3.5793837905145414,-0.583776896918574,-6.340162201317759,5.23145803615041,-1.939765255671686,8.096377741116033,-2.778390718901446,-5.185559918701855,-0.18305806829113982,5.775218845014649,-2.0491198023966275,13.803130709192592,-6.099614393560563,-2.60449241701028,-8.793418192369934,-5.347868288334255,11.748616314137982,3.1590847512262115,6.455836806834621,-10.635375781365532,-9.667757983874404,-8.221168538559283,-8.707180040492625,6.800957104007969,-4.279462281946963,-3.8547676788771907,-1.418024073420522,0.8115857337282879,5.250271495133796,11.785169758793494,2.2692667946012643,-8.965578533862809,-5.393571003888574
3.6972909931579014,-0.8278313338353215,1.4871498101457323,11.298077511477198,0.1127982047602958,2.1503801761411374,-2.8627385177557794,2.052545120757021,2.6725578835959927,7.50611360241394,-1.595844886741972,3.9360867648859523,-2.2711357721309846,-1.0369722808259705,-6.414048923452942,-0.4801966821287638,3.3449004734020473,0.22121429623540723,3.8654510643159634,-3.508631152665563,1.2058667285470246,-5.587364350763306,1.8179307588921938,3.2176328696733947,-0.15718221332123516,-3.9613717019115238,1.7609108154910666,-9.00231134813278,4.094184737475924,1.5734596487896655,6.0314846034238405,3.461708725010798,-7.656343633486691,-2.4340016040825283,-3.745713915031595,6.430499047372234,6.307781118738867,5.434517412295258,6.003438934406454,-4.279462281946963,3.2137294493930777,3.104063996562987,0.668436031996523,-0.026201565557913156,-3.3542911952311703,-7.661159418167428,-2.24366664906807,6.082242355690996,3.6830878141239847
3.6577872191658147,-0.36968595118821834,1.8538650843872613,10.390527049773741,0.8054821620544688,2.0063099051715723,-2.1621036539254135,2.737710432344182,2.618186715725147,6.203555914213919,-2.0450447291214253,3.3703181231892425,-1.7658439359847857,-0.32090158960759463,-5.671596115316019,0.059529914005062676,3.9876923348893287,-0.15829017349403882,3.313919292955384,-3.1111419811319214,1.0918467129663707,-5.484995100832698,1.6208236207389162,3.008327885111316,-0.3685356870097821,-3.7444791026476687,2.1771440941395284,-8.345387922470076,3.9167397402007644,1.2580400992188328,5.767883582933371,3.221721109290938,-7.100129099702505,-3.159653924965887,-3.0056280362804566,5.307741400943202,5.766645569888579,5.034413028491082,5.840472154387697,-3.8547676788771907,3.104063996562987,3.5459684370306506,0.34850957938242355,0.5355554403917695,-3.2324104548284636,-6.946347455737349,-2.726562994894522,5.716000573879609,3.6129438751356586
