V1,V2,V3,V4,V5,V6,V7,V8,V9,V10,V11,V12,V13,V14,V15,V16,V17,V18,V19,V20,V21,V22,V23,V24,V25,V26,V27,V28,V29,V30,V31,V32,V33,V34,V35,V36,V37,V38,V39,V40,V41,V42,V43,V44,V45,V46,V47,V48,V49
6.579728713696242,-1.7519440567830409,2.4197312648362717,20.532574938857277,0.08188350737800171,3.8103595327474458,-5.312850390673469,2.6579391875586666,4.157808326230929,13.738402752141578,-2.8169131975750767,7.145273423598333,-4.316823164885534,-2.5238581799291304,-11.455033295281112,-1.2055186506654623,4.785665768276157,0.3896411064875654,6.923291223308978,-6.1414780783759815,2.370726269764696,-9.694353611791135,3.5660101804620643,5.6850768136857015,0.03346553953230581,-6.789664838291728,2.8727339417822213,-16.222859872499022,7.208902465688652,2.631544950799238,10.571823709662391,6.365865620684586,-13.445707666790323,-4.533341014750466,-6.8493173539673755,11.889055326050524,11.349369304076552,9.34107346976461,10.360800298661859,-7.555962659247289,5.103308181516092,4.975100744186287,1.3771352502614285,-0.3409313928358672,-6.353212970524586,-13.708473980509703,-3.0632035242234306,10.311117625016571,6.451005490459298
-1.7519440567830409,1.0121270831054388,-0.20238650616384285,-6.367697891291301,0.6400401021389956,-1.1466710058338259,2.1219490009745803,0.12488516875034521,-1.0558639412821402,-4.908719721273669,0.3755496301078747,-2.3493749695529265,1.709164413989134,1.4517583321897887,3.739959396796681,0.8776067475382104,-0.43240712012652727,-0.44535848927009475,-2.305013389042026,1.9407677768821232,-0.7484737681498145,2.649241201051692,-1.164790557543064,-1.7125934482133192,-0.30620576090275836,1.9047042218263766,-0.3166783156961216,4.9122252471895145,-2.0631173001669474,-0.9408420875140944,-2.916630550787716,-1.9445696470714648,4.040489288643634,0.6173531833498833,2.475664658739178,-4.183939298765877,-3.510417228274541,-2.733405781636891,-2.8034724023238216,2.3190194880816666,-1.3098419315664238,-0.7441279767354982,-0.6896025996002731,0.63861760325607,1.8872462861902453,4.220503973638993,0.0796513105763423,-2.970328349257536,-1.7159388375322462
2.4197312648362717,-0.20238650616384285,1.406782181373523,6.7594803083304384,0.6619086308646304,1.2530475193381563,-1.263423738268099,1.7294066618942918,1.543624022367021,3.8869143861752358,-1.4897468216337617,2.1127240428922085,-1.0264530060322503,-0.18249954376791894,-3.575389814074948,-0.008942164060594317,2.5380718826712276,-0.1468460106114299,2.095007088137694,-1.9884192011148945,0.7913655252921452,-3.5197979736194807,1.1943297389445766,1.8145056717907693,-0.2535308314485998,-2.425079194728507,1.5186449073719017,-5.510558927790613,2.537901443169356,0.6524084114974801,3.821238744758939,2.1877510707620904,-4.514035383541023,-2.308901604274716,-1.803190710201814,3.458585895988836,3.84893086950403,3.164519523827823,3.8587411371611484,-2.405735151405083,1.9396844866460832,2.303827815037274,0.1596580005734017,0.4512362346114899,-2.242822406122112,-4.5564140470960535,-1.7536941817878835,3.5701522555678684,2.377263039603985
20.532574938857277,-6.367697891291301,6.7594803083304384,66.84401516012392,-0.9610858343430716,12.21792161209649,-17.98084236088694,6.9284325298188305,12.97218634988486,45.84071119498412,-7.931299534863259,23.43985807744563,-14.665862781370063,-9.518677671589804,-37.68893717202994,-4.567546990690532,13.58771177541419,1.8827389337688436,23.191773418873854,-19.721311279999487,7.617986154940104,-30.579420443633918,11.178519079364754,18.825639773485015,0.6426552038598402,-21.623446983042175,8.184651019100825,-52.277343111609106,22.982452414690208,9.043760996637527,33.38148941271347,20.512447876529176,-43.658020284567286,-13.204493026046991,-23.295638641319318,39.58452441769894,36.66373620004521,30.326080269403388,32.894362248348685,-24.83369359822668,15.938228721128342,14.663480623781211,5.037337911483293,-2.30428150469559,-20.317619558425008,-44.31339732094911,-8.452327696351679,33.17339773076157,20.368076560738963
0.08188350737800171,0.6400401021389956,0.6619086308646304,-0.9610858343430716,1.012726109404714,-0.1410861015669691,0.9617427324886884,1.1583825656939044,0.044729766443582404,-1.6611103403914769,-0.7344357262913515,-0.69688383079568506,0.7364962546593287,1.0759963938569024,0.8400184108626811,0.7309471168488753,1.165876885938289,-0.5049965012807653,-0.6479419371412595,0.40663968891370117,-0.11032256046123978,-0.06399656056025661,-0.20259477868609221,-0.2426813887051273,-0.3389868311383219,0.10016079467676425,0.6989214364835852,0.5791777020958013,-0.09282117224087069,-0.4143065752885858,-0.10574198004285514,-0.18853605721804248,0.5384058848859979,-1.1117952631471728,0.9868878352234712,-1.3846827417951586,-0.49237492047819725,-0.34567081265737415,0.06596645065067247,0.48786316553050163,0.05033597919072496,0.7746590275094106,-0.4856851833187477,0.8625371069304881,0.06693282317855592,0.7239282140730423,-0.8713556416165993,-0.2677566131709727,0.039092735919052726
3.8103595327474458,-1.1466710058338259,1.2530475193381563,12.21792161209649,-0.1410861015669691,2.274503844254006,-3.296502027628504,1.3921051160867048,2.460145285527998,8.360996221027083,-1.4875525130959886,4.302077117990273,-2.6840966109088282,-1.661331275425805,-6.899322854948501,-0.7949089405309924,2.6277668687068707,0.32556036856865583,4.211692991842518,-3.652161299453336,1.385720308688119,-5.676912126929738,2.049163832703983,3.441091937394442,0.08626831720130168,-3.9938408461556993,1.539906505074751,-9.576590933916878,4.2412277261188756,1.6684634984130078,6.164076551950399,3.737335556428339,-8.013051578432757,-2.4394033373686566,-4.229602590964976,7.179787906867191,6.701442128352293,5.577046050715165,6.052964931497353,-4.543273677944885,2.991521492517335,2.7767759154943388,0.9006106265192514,-0.3709648863916267,-3.7048129569256205,-8.126565273503996,-1.6405724577234204,6.135689712061249,3.7590779025816716
-5.312850390673469,2.1219490009745803,-1.263423738268099,-17.98084236088694,0.9617427324886884,-3.296502027628504,5.424034967249823,-1.005109736166305,-3.4432524213664752,-13.0891085423763,1.5589795280468666,-6.565489248172601,4.402442698664934,3.2063759603844413,10.340306255338737,1.6902394224367818,-2.721632724176212,-0.8219604203190881,-6.40318511803439,5.411762173252895,-2.0279745798904796,7.974522154478812,-3.0700586441413615,-5.037572564460881,-0.412284210551952,5.680369968711719,-1.6562364670951877,13.941526861502894,-6.065402305067875,-2.6245857744214764,-8.747257096232978,-5.411977865324758,11.709513624558133,2.601533350838857,6.706982619888493,-11.18963092960459,-9.83602939481452,-8.06769580229014,-8.468109121053299,6.779799047162895,-4.110158080546655,-3.2867958242853397,-1.6321572972369265,1.2034958100512043,5.3299510167287485,11.9991429314228,1.55814084415616,-8.815083445363445,-5.2797634237088795
2.6579391875586666,0.12488516875034521,1.7294066618942918,6.9284325298188305,1.1583825656939044,1.3921051160867048,-1.005109736166305,2.989043047528909,2.1720118956042453,3.5166358916449107,-1.8890215861646624,1.9643941157236544,-0.8218010084150428,0.5811367920296886,-3.7107641445414115,0.5820666528571576,3.9374665529071615,-0.37317472675887825,2.077267044959027,-2.0510533109312017,0.6322938960332883,-4.1418924380220155,0.8794877601905734,2.142256115815307,-0.5172940504499248,-2.7567646576862597,2.0348942450045033,-5.675694302695301,2.8427078679679147,0.7881153944885358,4.1152051227138875,2.179956536797874,-4.9764220150228144,-2.814762489877209,-1.6138653218689853,2.9300875990616415,3.8773945382950368,3.613565839367743,4.4051093449835115,-2.5777089881056656,2.494668705039452,3.1336786922180737,-0.07202987394218192,0.9454107502769699,-2.184118471771598,-4.5820755803265065,-2.7072845412425095,4.239586592853352,2.6540494046137586
4.157808326230929,-1.0558639412821402,1.543624022367021,12.97218634988486,0.044729766443582404,2.460145285527998,-3.4432524213664752,2.1720118956042453,3.125741057788806,8.748555421752405,-1.7580141127591538,4.441861535931531,-2.8113006649364265,-1.3209982588316638,-7.369185759496837,-0.5623688239075625,3.586391050772516,0.25351196270253074,4.415982386491814,-3.9037413903211506,1.3066788480272922,-6.409327940765348,2.017505707666714,3.774920543237942,-0.08093145799779557,-4.441625500911856,1.9413595121914495,-10.203374963362855,4.690819992807475,1.8182869376182922,6.719316383954305,3.88590878973155,-8.807897266851327,-2.679339378937889,-4.356593919948872,7.346589731136819,7.159697993935148,6.140744707977847,6.7533222400386546,-4.926007231670415,3.5404134147369657,3.3987203858448054,0.7972530252197945,-0.15987455074422607,-3.8686530657056206,-8.670326370179364,-2.3004168332163033,6.928467798237829,4.174951444298957
13.738402752141578,-4.908719721273669,3.8869143861752358,45.84071119498412,-1.6611103403914769,8.360996221027083,-13.0891085423763,3.5166358916449107,8.748555421752405,32.49058968341487,-4.580299971155104,16.469025205317937,-10.63119935083232,-7.463040007637491,-26.14336948451249,-3.792255583705835,7.976974036876594,1.7624815327234065,16.21067308696599,-13.664500100689455,5.213202453328946,-20.524299580931004,7.728268863747893,12.88125117938391,0.7599372563862754,-14.648988995381417,4.821527789487791,-35.68748788727634,15.557086859010129,6.491777624849999,22.564603520530152,13.93682040935709,-29.883915355017244,-7.703296414287102,-16.64597225061221,27.979646479911004,25.117651046085868,20.70960438224856,22.03708777662513,-17.201752321377217,10.671388960850935,9.112736044353676,3.860495399657647,-2.4305241790127705,-13.717328602876123,-30.52076842949379,-4.8322165574441325,22.575976372870333,13.675335565892262
-2.8169131975750767,0.3755496301078747,-1.4897468216337617,-7.931299534863259,-0.7344357262913515,-1.4875525130959886,1.5589795280468666,-1.8890215861646624,-1.7580141127591538,-4.580299971155104,1.7922980494552399,-2.4025832765745454,1.291768860997496,0.28872076116934425,4.2068015224048185,0.06533398932668419,-2.8016726052398098,0.17576186190551674,-2.3678419268380195,2.3072659502474173,-0.9218625773481376,4.13654715556791,-1.4215802871791028,-2.134429097249712,0.19022294890857144,2.753384399018073,-1.6998474712359743,6.432874603388388,-2.9643301953352816,-0.736098386170404,-4.327707807131409,-2.5868607078212182,5.223120283894981,2.7371313905634507,2.0558332201102525,-3.9785013130934206,-4.47526292746404,-3.597822188507884,-4.40188232559548,2.70448802997409,-2.1822223146229303,-2.545347432808124,-0.21219158683736328,-0.5271579656347359,2.6678983452128717,5.210879373124114,1.7899137257298685,-4.1053277744639045,-2.699495700443338
7.145273423598333,-2.3493749695529265,2.1127240428922085,23.43985807744563,-0.69688383079568506,4.302077117990273,-6.565489248172601,1.9643941157236544,4.441861535931531,16.469025205317937,-2.4025832765745454,8.56261505376184,-5.304613315559386,-3.720610589126594,-13.31917789405759,-1.8439032432976856,4.261823894051251,0.8208197220728729,8.288384766455902,-7.030949765427638,2.7270189521048156,-10.52434663856201,4.005362830915634,6.577925951678474,0.2990322095394698,-7.570662585745473,2.5707826642907032,-18.3225981770702,7.98051646602051,3.3127697767688544,11.721353809573285,7.155484384590997,-15.260336065378079,-4.106180701806135,-8.508219315894346,14.291769063801226,12.83736703962558,10.648100725664325,11.330702340335174,-8.848091108395277,5.50079812175636,4.899247262684648,1.955057909694577,-1.1595935786023497,-7.01980779988955,-15.694382357539206,-2.72977915243763,11.548825775626478,7.085532232794694
-4.316823164885534,1.709164413989134,-1.0264530060322503,-14.665862781370063,0.7364962546593287,-2.6840966109088282,4.402442698664934,-0.8218010084150428,-2.8113006649364265,-10.63119935083232,1.291768860997496,-5.304613315559386,3.6284536336186157,2.6028457704560806,8.40973307749948,1.3272244479889435,-2.205735699846335,-0.6303714410816027,-5.198640364319898,4.338042550850868,-1.6167172147873476,6.4933228790730775,-2.4608779586871408,-4.15028115529986,-0.33564319512704555,4.585638713717515,-1.3666662589841303,11.310695874519373,-4.9338608356088764,-2.1238108120850505,-7.064975766636359,-4.363395790586059,9.562097142835192,2.1992807465343276,5.448481077525583,-9.045427287528288,-7.9754218421055905,-6.552964801081396,-6.869234131174694,5.521295330242614,-3.2979619593047778,-2.698566381002646,-1.315748137834527,0.9774692610219201,4.356407099475674,9.722511323768538,1.2574085922490021,-7.156650172144342,-4.3070613795616275
-2.5238581799291304,1.4517583321897887,-0.18249954376791894,-9.518677671589804,1.0759963938569024,-1.661331275425805,3.2063759603844413,0.5811367920296886,-1.3209982588316638,-7.463040007637491,0.28872076116934425,-3.720610589126594,2.6028457704560806,2.4792419920200484,5.555541623909721,1.368879708800158,-0.17472114038325934,-0.694938130875281,-3.5986406112020024,2.81770820640702,-1.174486073063388,3.672122444984086,-1.7201564794175435,-2.6136304447948846,-0.5013589689026818,2.7466271584304085,-0.2938792334316439,7.239544702098373,-2.952540219010456,-1.4763196630007387,-4.286489754351969,-2.8552207357494064,5.946010268099779,0.7368081631878872,3.9805826241708777,-6.502148202930566,-5.13498633309464,-4.056248211430705,-3.9814724108447845,3.6175133436507725,-1.7075087058046408,-0.9606321811408537,-1.1660489237226443,1.2243040417594913,2.7790465658751757,6.329058882027049,-0.04564477788840772,-4.227265461866716,-2.516596676270106
-11.455033295281112,3.739959396796681,-3.575389814074948,-37.68893717202994,0.8400184108626811,-6.899322854948501,10.340306255338737,-3.7107641445414115,-7.369185759496837,-26.14336948451249,4.2068015224048185,-13.31917789405759,8.40973307749948,5.555541623909721,21.412295985756383,2.71305894185224,-7.448193030821171,-1.2185271090541834,-13.211116476287042,11.175396806313518,-4.247534949415878,17.160005256057385,-6.22372806587065,-10.683946222783637,-0.43428705909297866,12.19816890996345,-4.391974950882586,29.428664727370137,-12.924266939453199,-5.255713094817385,-18.716249216280453,-11.514299618574503,24.67651606540897,7.008628023438302,13.352320778475457,-22.515704051755336,-20.65930642459151,-17.17881165810775,-18.455690139979247,14.08783082783383,-9.015847366615256,-8.0533663945407,-2.9450292275355343,1.5231141993481612,11.326193087485116,25.004109222256023,4.603081010815694,-18.778273051740747,-11.400719647790227
-1.2055186506654623,0.8776067475382104,-0.008942164060594317,-4.567546990690532,0.7309471168488753,-0.7949089405309924,1.6902394224367818,0.5820666528571576,-0.5623688239075625,-3.792255583705835,0.06533398932668419,-1.8439032432976856,1.3272244479889435,1.368879708800158,2.71305894185224,0.9249520418506053,0.21030214997336877,-0.45500008990492186,-1.7088880486042,1.4667252444506813,-0.6142419229627292,1.6972470495612142,-1.0044756870889797,-1.0929913228817922,-0.3131758767042631,1.3076940211491257,0.0014148320871561896,3.555265406023952,-1.3975582908025157,-0.6651847563703263,-2.081450077016226,-1.4265377011107858,2.7802251981681185,0.12868966216275338,1.9199590322028481,-3.338708832813528,-2.5828618218195007,-1.8646952702600468,-1.850271861699668,1.6513091908506927,-0.8088145700600667,-0.2260946420882083,-0.608853061667081,0.6878407409924616,1.3613918041061885,3.139474802906582,-0.2660042383967594,-1.9498402520561091,-1.155457878832184
4.785665768276157,-0.43240712012652727,2.5380718826712276,13.58771177541419,1.165876885938289,2.6277668687068707,-2.721632724176212,3.9374665529071615,3.586391050772516,7.976974036876594,-2.8016726052398098,4.261823894051251,-2.205735699846335,-0.17472114038325934,-7.448193030821171,0.21030214997336877,5.626599728065245,-0.22676567564590233,4.331441527603626,-4.070186040194307,1.3716293181887438,-7.314796800379005,2.00432108316789,3.989740923303409,-0.5474903102982639,-4.98042732305573,2.9855184028107185,-10.94090312010566,5.186082278956545,1.6608321427743449,7.567757576132904,4.229522513078252,-9.396008431115504,-4.250274960242918,-3.8175448681251027,6.76999507644216,7.57688546134449,6.696256545765392,7.821813462153964,-5.0261046136388075,4.241055640048043,4.788986627080153,0.36494239310699644,0.8683809740508558,-4.199196402929293,-9.045690232261348,-3.79775354772675,7.666937572381547,4.757434024249856
0.3896411064875654,-0.44535848927009475,-0.1468460106114299,1.8827389337688436,-0.5049965012807653,0.32556036856865583,-0.8219604203190881,-0.37317472675887825,0.25351196270253074,1.7624815327234065,0.17576186190551674,0.8208197220728729,-0.6303714410816027,-0.694938130875281,-1.2185271090541834,-0.45500008990492186,-0.22676567564590233,0.3033081152072789,0.826999974349891,-0.6316505865407915,0.22407147143731557,-0.6198252736973416,0.32825568877496764,0.5089693276838485,0.1685297083867172,-0.5329173671040569,-0.15307659722748862,-1.4119674807732812,0.5365331408685193,0.39526859446440676,0.7766929565105832,0.545896858773194,-1.1929292462367096,0.2531407560812682,-0.9597519423682577,1.5159109995520632,1.0414139765317634,0.8354412578450534,0.7070639810541333,-0.7570433979538566,0.3487449028788895,-0.06146993082496375,0.32783104048169803,-0.44520634551353416,-0.46080455456211855,-1.3039254644497795,0.21038059032905548,0.8602815432638804,0.4127416018537367
6.923291223308978,-2.305013389042026,2.095007088137694,23.191773418873854,-0.6479419371412595,4.211692991842518,-6.40318511803439,2.077267044959027,4.415982386491814,16.21067308696599,-2.3678419268380195,8.288384766455902,-5.198640364319898,-3.5986406112020024,-13.211116476287042,-1.7088880486042,4.331441527603626,0.826999974349891,8.300203511626092,-6.824026774733492,2.630439651334243,-10.379107655814934,3.7340178486613356,6.6480459539719785,0.30762069165487027,-7.468724728055351,2.561440991983925,-18.033221521806137,7.874444498697891,3.334881678911875,11.423413211817529,7.055402132976141,-15.169406415681447,-4.101840017870185,-8.430432745769403,14.02069590296628,12.65310224477642,10.614280680479228,11.267421449564942,-8.78256073204943,5.44373423594018,4.803003049619276,1.8925831090587932,-1.1268429591584015,-6.904199147158246,-15.381515192699629,-2.7144235301491872,11.502918748457825,6.953332838707468
-6.1414780783759815,1.9407677768821232,-1.9884192011148945,-19.721311279999487,0.40663968891370117,-3.652161299453336,5.411762173252895,-2.0510533109312017,-3.9037413903211506,-13.664500100689455,2.3072659502474173,-7.030949765427638,4.338042550850868,2.81770820640702,11.175396806313518,1.4667252444506813,-4.070186040194307,-0.6316505865407915,-6.824026774733492,6.030340598864927,-2.2930521578878227,9.094401414703537,-3.430169114769492,-5.4349250186407465,-0.1634492236472442,6.464569304447927,-2.378075165148442,15.531009000441875,-6.816715892454463,-2.69832627915628,-10.024224254886517,-6.095889931412151,12.888331486821878,3.715507589806626,6.8845075003342755,-11.818105438577645,-10.90620906873697,-8.985324606185728,-9.75560166246075,7.327220201015458,-4.858640935090943,-4.333588743593643,-1.5229777510066314,0.6849439383387025,5.963100312895614,13.242022473552558,2.5549703132792088,-9.87652573067932,-6.034376817926156
2.370726269764696,-0.7484737681498145,0.7913655252921452,7.617986154940104,-0.11032256046123978,1.385720308688119,-2.0279745798904796,0.6322938960332883,1.3066788480272922,5.213202453328946,-0.9218625773481376,2.7270189521048156,-1.6167172147873476,-1.174486073063388,-4.247534949415878,-0.6142419229627292,1.3716293181887438,0.22407147143731557,2.630439651334243,-2.2930521578878227,0.9715725670376051,-3.4101996515140964,1.4021268714236088,2.0369649238272114,0.10324470583260674,-2.446085399035366,0.8998242920576182,-6.019181435117395,2.5900908600328005,0.974457051456447,3.855346370223916,2.420467754305593,-4.850557679189149,-1.5581975455497905,-2.642428041152331,4.605954121159627,4.214742327307925,3.376751213082241,3.7073665195389354,-2.7794114778948606,1.738311339496902,1.5906790817712433,0.6005250383265146,-0.2702480347716967,-2.382416173365261,-5.0995516272338755,-0.8503832288532851,3.6491800116151563,2.2991644573847214
-9.694353611791135,2.649241201051692,-3.5197979736194807,-30.579420443633918,-0.06399656056025661,-5.676912126929738,7.974522154478812,-4.1418924380220155,-6.409327940765348,-20.524299580931004,4.13654715556791,-10.52434663856201,6.4933228790730775,3.672122444984086,17.160005256057385,1.6972470495612142,-7.314796800379005,-0.6198252736973416,-10.379107655814934,9.094401414703537,-3.4101996515140964,14.531405227208415,-5.094845205983584,-8.625447938343664,-0.06145062946543779,10.140005799228485,-4.276222150221856,24.075964679554257,-10.775090079731717,-4.034422264248846,-15.615219587483754,-9.41493591232772,20.17881876634083,6.602459390120437,10.253269093861762,-17.608613818446162,-16.859841129241975,-14.025556074596876,-15.492562866675016,11.323647083835322,-7.704260144042023,-7.400648069745371,-2.0339089795225194,0.5270323319195398,9.368958496356822,20.317621689894683,4.6016228210410635,-15.55882964050782,-9.580944905948746
3.5660101804620643,-1.164790557543064,1.1943297389445766,11.178519079364754,-0.20259477868609221,2.049163832703983,-3.0700586441413615,0.8794877601905734,2.017505707666714,7.728268863747893,-1.4215802871791028,4.005362830915634,-2.4608779586871408,-1.7201564794175435,-6.22372806587065,-1.0044756870889797,2.00432108316789,0.32825568877496764,3.7340178486613356,-3.430169114769492,1.4021268714236088,-5.094845205983584,2.214887061184621,2.874482986254465,0.14178058177717673,-3.6035010753321135,1.3492056244647195,-8.896187115111001,3.8459695628117405,1.338700347711685,5.743937509665614,3.5402863985827824,-7.133985202192429,-2.2526275097353134,-3.772260205869684,6.785012733669882,6.274908607198474,4.8809362825929385,5.453878857637028,-4.002043012147645,2.599792723061948,2.3496735321946565,0.8561508538052408,-0.3681185746599028,-3.5416237059656406,-7.565000899823675,-1.2310983353201548,5.354552536145079,3.425059884744113
5.6850768136857015,-1.7125934482133192,1.8145056717907693,18.825639773485015,-0.2426813887051273,3.441091937394442,-5.037572564460881,2.142256115815307,3.774920543237942,12.88125117938391,-2.134429097249712,6.577925951678474,-4.15028115529986,-2.6136304447948846,-10.683946222783637,-1.0929913228817922,3.989740923303409,0.5089693276838485,6.6480459539719785,-5.4349250186407465,2.0369649238272114,-8.625447938343664,2.874482986254465,5.552644450445005,0.17007855021489157,-6.10016471114764,2.3053991521707147,-14.594716471387407,6.473211755301315,2.695512045813026,9.264105549685382,5.677960222373409,-12.424107847503004,-3.6563778317053743,-6.693297464965879,11.031879945337788,10.190022337856169,8.687172891550828,9.268253137704047,-7.137673878543483,4.507810223807807,4.215631671501211,1.419329402072353,-0.6951854128590991,-5.603153514971552,-12.348701969165537,-2.50680753798753,9.48282771953754,5.725801493861893
0.03346553953230581,-0.30620576090275836,-0.2535308314485998,0.6426552038598402,-0.3389868311383219,0.08626831720130168,-0.412284210551952,-0.5172940504499248,-0.08093145799779557,0.7599372563862754,0.19022294890857144,0.2990322095394698,-0.33564319512704555,-0.5013589689026818,-0.43428705909297866,-0.3131758767042631,-0.5474903102982639,0.1685297083867172,0.30762069165487027,-0.1634492236472442,0.10324470583260674,-0.06145062946543779,0.14178058177717673,0.17007855021489157,0.20372843015365547,-0.06678854501133663,-0.24466041364756702,-0.42334249481124603,0.11321824479563197,0.13796108067644877,0.08561389241843834,0.19852407777802175,-0.2951740498759946,0.25302645115626227,-0.43012917932736733,0.6490976691399263,0.31799727770049424,0.16317850214293722,0.04498756698328024,-0.22742494410413608,-0.0853925044708246,-0.32857062349828403,0.19676442024364518,-0.3306727132813207,-0.18290558629825548,-0.3674088292212846,0.4708001688268341,0.11925489127280296,0.022862087431787536
-6.789664838291728,1.9047042218263766,-2.425079194728507,-21.623446983042175,0.10016079467676425,-3.9938408461556993,5.680369968711719,-2.7567646576862597,-4.441625500911856,-14.648988995381417,2.753384399018073,-7.570662585745473,4.585638713717515,2.7466271584304085,12.19816890996345,1.3076940211491257,-4.98042732305573,-0.5329173671040569,-7.468724728055351,6.464569304447927,-2.446085399035366,10.140005799228485,-3.6035010753321135,-6.10016471114764,-0.06678854501133663,7.19449832125572,-2.8982759963899563,17.041647702766916,-7.572021012997964,-2.922360476449923,-11.042832621825058,-6.672094797879591,14.251192141049833,4.453781079072785,7.410123562267073,-12.659561093039263,-11.944415717096836,-9.967206486352957,-10.915265070358371,8.080365804391102,-5.423617060205452,-5.114958222021349,-1.5061231078181838,0.5193870003960718,6.572414393847349,14.437920934551038,3.194180666080392,-10.972688590149714,-6.7396844956853235
2.8727339417822213,-0.3166783156961216,1.5186449073719017,8.184651019100825,0.6989214364835852,1.539906505074751,-1.6562364670951877,2.0348942450045033,1.9413595121914495,4.821527789487791,-1.6998474712359743,2.5707826642907032,-1.3666662589841303,-0.2938792334316439,-4.391974950882586,0.0014148320871561896,2.9855184028107185,-0.15307659722748862,2.561440991983925,-2.378075165148442,0.8998242920576182,-4.276222150221856,1.3492056244647195,2.3053991521707147,-0.24466041364756702,-2.8982759963899563,1.744751068135234,-6.590920950728932,3.070997856901793,0.8786817300105408,4.498664846374867,2.5916830718320973,-5.5045625505981075,-2.63045557472147,-2.2811462358411374,4.171299009544398,4.578192513096373,3.845163492481398,4.580574057873211,-2.9555495867483343,2.3209092221945076,2.7059002716066667,0.24201009091626116,0.4494065243153951,-2.654609646419746,-5.431916146062093,-1.997323934873524,4.365181796461056,2.8268337677770687
-16.222859872499022,4.9122252471895145,-5.510558927790613,-52.277343111609106,0.5791777020958013,-9.576590933916878,13.941526861502894,-5.675694302695301,-10.203374963362855,-35.68748788727634,6.432874603388388,-18.3225981770702,11.310695874519373,7.239544702098373,29.428664727370137,3.555265406023952,-10.94090312010566,-1.4119674807732812,-18.033221521806137,15.531009000441875,-6.019181435117395,24.075964679554257,-8.896187115111001,-14.594716471387407,-0.42334249481124603,17.041647702766916,-6.590920950728932,41.067427736667966,-18.068847201272412,-6.962323178495806,-26.341034721041282,-16.15551939315326,34.13181255033104,10.559646928727306,18.02566572560803,-30.896655483784265,-28.812089775329486,-23.727177577757693,-25.915073014762122,19.345125956662894,-12.617252937097359,-11.680886269695634,-3.840885543273349,1.586082141249134,15.977958337211755,34.771867877586224,6.846420518621613,-26.00408559871193,-16.031322744860034
7.208902465688652,-2.0631173001669474,2.537901443169356,22.982452414690208,-0.09282117224087069,4.2412277261188756,-6.065402305067875,2.8427078679679147,4.690819992807475,15.557086859010129,-2.9643301953352816,7.98051646602051,-4.9338608356088764,-2.952540219010456,-12.924266939453199,-1.3975582908025157,5.186082278956545,0.5365331408685193,7.874444498697891,-6.816715892454463,2.5900908600328005,-10.775090079731717,3.8459695628117405,6.473211755301315,0.11321824479563197,-7.572021012997964,3.070997856901793,-18.068847201272412,8.037823581667958,3.0583339571585753,11.658717019123147,7.077473931423209,-15.10829413572622,-4.793954618433142,-7.827953360504669,13.394850363504679,12.66485965114931,10.506248441703123,11.533334836297998,-8.53231924341185,5.678880982045534,5.373337461167999,1.5973239700728414,-0.5502952683913894,-7.02947220393906,-15.275438295797288,-3.257843361531741,11.588213438270023,7.137370393068021
2.631544950799238,-0.9408420875140944,0.6524084114974801,9.043760996637527,-0.4143065752885858,1.6684634984130078,-2.6245857744214764,0.7881153944885358,1.8182869376182922,6.491777624849999,-0.736098386170404,3.3127697767688544,-2.1238108120850505,-1.4763196630007387,-5.255713094817385,-0.6651847563703263,1.6608321427743449,0.39526859446440676,3.334881678911875,-2.69832627915628,0.974457051456447,-4.034422264248846,1.338700347711685,2.695512045813026,0.13796108067644877,-2.922360476449923,0.8786817300105408,-6.962323178495806,3.0583339571585753,1.453954067906957,4.3951796630844555,2.6823557026784934,-5.994165483923481,-1.3211696294223518,-3.4617898367975246,5.539030082463737,4.867322096896893,4.23766642567826,4.341382802475882,-3.5366404582579216,2.173592341484575,1.8174716896373329,0.8134645309521679,-0.5752081260199449,-2.5703719734236894,-5.9965018835577055,-1.044229733597291,4.592561929025821,2.6746876928855743
10.571823709662391,-2.916630550787716,3.821238744758939,33.38148941271347,-0.10574198004285514,6.164076551950399,-8.747257096232978,4.1152051227138875,6.719316383954305,22.564603520530152,-4.327707807131409,11.721353809573285,-7.064975766636359,-4.286489754351969,-18.716249216280453,-2.081450077016226,7.567757576132904,0.7766929565105832,11.423413211817529,-10.024224254886517,3.855346370223916,-15.615219587483754,5.743937509665614,9.264105549685382,0.08561389241843834,-11.042832621825058,4.498664846374867,-26.341034721041282,11.658717019123147,4.3951796630844555,17.149393004674348,10.32891596357325,-21.885434810776673,-7.010840015439584,-11.348458172204522,19.57595370837236,18.45924026437931,15.26100262204871,16.79818688553161,-12.391020705128417,8.293792572421559,7.901723152577476,2.333922502184013,-0.757776599805858,-10.226782441820987,-22.356226306472674,-4.884363231632506,16.789299488366286,10.429389046451535
6.365865620684586,-1.9445696470714648,2.1877510707620904,20.512447876529176,-0.18853605721804248,3.737335556428339,-5.411977865324758,2.179956536797874,3.88590878973155,13.93682040935709,-2.5868607078212182,7.155484384590997,-4.363395790586059,-2.8552207357494064,-11.514299618574503,-1.4265377011107858,4.229522513078252,0.545896858773194,7.055402132976141,-6.095889931412151,2.420467754305593,-9.41493591232772,3.5402863985827824,5.677960222373409,0.19852407777802175,-6.672094797879591,2.5916830718320973,-16.15551939315326,7.077473931423209,2.6823557026784934,10.32891596357325,6.423826132119805,-13.307909965456766,-4.242727086953394,-7.023340296663278,12.12959214686683,11.330686135054833,9.256755026310888,10.16678493945794,-7.533863729309715,4.901142333919124,4.526162700729477,1.5036903523615013,-0.5810928677582489,-6.3239062438970235,-13.622238792460214,-2.6081534481625748,10.12662124329212,6.258179997508946
-13.445707666790323,4.040489288643634,-4.514035383541023,-43.658020284567286,0.5384058848859979,-8.013051578432757,11.709513624558133,-4.9764220150228144,-8.807897266851327,-29.883915355017244,5.223120283894981,-15.260336065378079,9.562097142835192,5.946010268099779,24.67651606540897,2.7802251981681185,-9.396008431115504,-1.1929292462367096,-15.169406415681447,12.888331486821878,-4.850557679189149,20.17881876634083,-7.133985202192429,-12.424107847503004,-0.2951740498759946,14.251192141049833,-5.5045625505981075,34.13181255033104,-15.10829413572622,-5.994165483923481,-21.885434810776673,-13.307909965456766,28.740463774772024,8.618509796238971,15.193835479931808,-25.689946707643298,-23.941442102042412,-20.000025657302015,-21.679624780888222,16.32558704503476,-10.658263715222397,-9.868228748593744,-3.209821420798609,1.396148382370815,13.173281406625442,28.961918126055878,5.9136670834322835,-21.962993432280363,-13.409644311115727
-4.533341014750466,0.6173531833498833,-2.308901604274716,-13.204493026046991,-1.1117952631471728,-2.4394033373686566,2.601533350838857,-2.814762489877209,-2.679339378937889,-7.703296414287102,2.7371313905634507,-4.106180701806135,2.1992807465343276,0.7368081631878872,7.008628023438302,0.12868966216275338,-4.250274960242918,0.2531407560812682,-4.101840017870185,3.715507589806626,-1.5581975455497905,6.602459390120437,-2.2526275097353134,-3.6563778317053743,0.25302645115626227,4.453781079072785,-2.63045557472147,10.559646928727306,-4.793954618433142,-1.3211696294223518,-7.010840015439584,-4.242727086953394,8.618509796238971,4.434874685900047,3.660818881774086,-6.751631358653387,-7.304368591462171,-5.974034565226631,-7.110969241430915,4.595234592541531,-3.3981158114245544,-4.043537043551485,-0.47249635432337544,-0.6473944829479968,4.3788897901611845,8.591262206766212,2.7659163790195294,-6.654591083907888,-4.393323667327006
-6.8493173539673755,2.475664658739178,-1.803190710201814,-23.295638641319318,0.9868878352234712,-4.229602590964976,6.706982619888493,-1.6138653218689853,-4.356593919948872,-16.64597225061221,2.0558332201102525,-8.508219315894346,5.448481077525583,3.9805826241708777,13.352320778475457,1.9199590322028481,-3.8175448681251027,-0.9597519423682577,-8.430432745769403,6.8845075003342755,-2.642428041152331,10.253269093861762,-3.772260205869684,-6.693297464965879,-0.43012917932736733,7.410123562267073,-2.2811462358411374,18.02566572560803,-7.827953360504669,-3.4617898367975246,-11.348458172204522,-7.023340296663278,15.193835479931808,3.660818881774086,8.741808702475252,-14.370160125122986,-12.647051220616921,-10.61046007608153,-11.073163185738725,8.913065637255405,-5.318705603783365,-4.5126627902549465,-2.070051970259276,1.4611452591747045,6.858856586340094,15.478141520377777,2.369822505062534,-11.446953774354906,-6.8843067277683705
11.889055326050524,-4.183939298765877,3.458585895988836,39.58452441769894,-1.3846827417951586,7.179787906867191,-11.18963092960459,2.9300875990616415,7.346589731136819,27.979646479911004,-3.9785013130934206,14.291769063801226,-9.045427287528288,-6.502148202930566,-22.515704051755336,-3.338708832813528,6.76999507644216,1.5159109995520632,14.02069590296628,-11.818105438577645,4.605954121159627,-17.608613818446162,6.785012733669882,11.031879945337788,0.6490976691399263,-12.659561093039263,4.171299009544398,-30.896655483784265,13.394850363504679,5.539030082463737,19.57595370837236,12.12959214686683,-25.689946707643298,-6.751631358653387,-14.370160125122986,24.280313240148352,21.742861042525334,17.8467246935169,19.03555985107479,-14.83819493786248,9.1414162971688,7.853930595889023,3.3413211886570595,-2.0884667906726953,-11.90200578680327,-26.426053026233262,-4.176834395268058,19.36088225142332,11.814937409783216
11.349369304076552,-3.510417228274541,3.84893086950403,36.66373620004521,-0.49237492047819725,6.701442128352293,-9.83602939481452,3.8773945382950368,7.159697993935148,25.117651046085868,-4.47526292746404,12.83736703962558,-7.9754218421055905,-5.13498633309464,-20.65930642459151,-2.5828618218195007,7.57688546134449,1.0414139765317634,12.65310224477642,-10.90620906873697,4.214742327307925,-16.859841129241975,6.274908607198474,10.190022337856169,0.31799727770049424,-11.944415717096836,4.578192513096373,-28.812089775329486,12.66485965114931,4.867322096896893,18.45924026437931,11.330686135054833,-23.941442102042412,-7.304368591462171,-12.647051220616921,21.742861042525334,20.255163077155842,16.61802249770326,18.168286082283142,-13.546125925479897,8.848810441855193,8.098045933319195,2.701814823914489,-1.1581919432847798,-11.211064657659078,-24.415476032745598,-4.717451736221802,18.225572175842277,11.226534176648984
9.34107346976461,-2.733405781636891,3.164519523827823,30.326080269403388,-0.34567081265737415,5.577046050715165,-8.06769580229014,3.613565839367743,6.140744707977847,20.70960438224856,-3.597822188507884,10.648100725664325,-6.552964801081396,-4.056248211430705,-17.17881165810775,-1.8646952702600468,6.696256545765392,0.8354412578450534,10.614280680479228,-8.985324606185728,3.376751213082241,-14.025556074596876,4.8809362825929385,8.687172891550828,0.16317850214293722,-9.967206486352957,3.845163492481398,-23.727177577757693,10.506248441703123,4.23766642567826,15.26100262204871,9.256755026310888,-20.000025657302015,-5.974034565226631,-10.61046007608153,17.8467246935169,16.61802249770326,14.013909481004621,15.127991706562133,-11.412620814186303,7.489142857159362,6.951206027028282,2.224403443501668,-0.9468293834558921,-9.090103256082935,-20.143328327810934,-4.275993003206899,15.348593807360244,9.332814082619292
10.360800298661859,-2.8034724023238216,3.8587411371611484,32.894362248348685,0.06596645065067247,6.052964931497353,-8.468109121053299,4.4051093449835115,6.7533222400386546,22.03708777662513,-4.40188232559548,11.330702340335174,-6.869234131174694,-3.9814724108447845,-18.455690139979247,-1.850271861699668,7.821813462153964,0.7070639810541333,11.267421449564942,-9.75560166246075,3.7073665195389354,-15.492562866675016,5.453878857637028,9.268253137704047,0.04498756698328024,-10.915265070358371,4.580574057873211,-25.915073014762122,11.533334836297998,4.341382802475882,16.79818688553161,10.16678493945794,-21.679624780888222,-7.110969241430915,-11.073163185738725,19.03555985107479,18.168286082283142,15.127991706562133,16.69946465145676,-12.200412888968108,8.263228165286149,7.917390126008313,2.193223016828137,-0.5884951270252929,-10.06387300760582,-21.881697792756253,-4.9885393376061575,16.690837640181886,10.284997834020269
-7.555962659247289,2.3190194880816666,-2.405735151405083,-24.83369359822668,0.48786316553050163,-4.543273677944885,6.779799047162895,-2.5777089881056656,-4.926007231670415,-17.201752321377217,2.70448802997409,-8.848091108395277,5.521295330242614,3.6175133436507725,14.08783082783383,1.6513091908506927,-5.0261046136388075,-0.7570433979538566,-8.78256073204943,7.327220201015458,-2.7794114778948606,11.323647083835322,-4.002043012147645,-7.137673878543483,-0.22742494410413608,8.080365804391102,-2.9555495867483343,19.345125956662894,-8.53231924341185,-3.5366404582579216,-12.391020705128417,-7.533863729309715,16.32558704503476,4.595234592541531,8.913065637255405,-14.83819493786248,-13.546125925479897,-11.412620814186303,-12.200412888968108,9.447236737058407,-5.951734094076526,-5.45805767862966,-1.941766818419911,1.0410339244647049,7.419796874657756,16.508665870503616,3.2194267712417597,-12.439420323216986,-7.576345060167545
5.103308181516092,-1.3098419315664238,1.9396844866460832,15.938228721128342,0.05033597919072496,2.991521492517335,-4.110158080546655,2.494668705039452,3.5404134147369657,10.671388960850935,-2.1822223146229303,5.50079812175636,-3.2979619593047778,-1.7075087058046408,-9.015847366615256,-0.8088145700600667,4.241055640048043,0.3487449028788895,5.44373423594018,-4.858640935090943,1.738311339496902,-7.704260144042023,2.599792723061948,4.507810223807807,-0.0853925044708246,-5.423617060205452,2.3209092221945076,-12.617252937097359,5.678880982045534,2.173592341484575,8.293792572421559,4.901142333919124,-10.658263715222397,-3.3981158114245544,-5.318705603783365,9.1414162971688,8.848810441855193,7.489142857159362,8.263228165286149,-5.951734094076526,4.285170684720524,4.0631472871851715,1.017498501459189,-0.168300678022039,-4.7911163735410085,-10.690758740159138,-2.743349815403448,8.348373282233583,5.065905284210523
4.975100744186287,-0.7441279767354982,2.303827815037274,14.663480623781211,0.7746590275094106,2.7767759154943388,-3.2867958242853397,3.1336786922180737,3.3987203858448054,9.112736044353676,-2.545347432808124,4.899247262684648,-2.698566381002646,-0.9606321811408537,-8.0533663945407,-0.2260946420882083,4.788986627080153,-0.06146993082496375,4.803003049619276,-4.333588743593643,1.5906790817712433,-7.400648069745371,2.3496735321946565,4.215631671501211,-0.32857062349828403,-5.114958222021349,2.7059002716066667,-11.680886269695634,5.373337461167999,1.8174716896373329,7.901723152577476,4.526162700729477,-9.868228748593744,-4.043537043551485,-4.5126627902549465,7.853930595889023,8.098045933319195,6.951206027028282,7.917390126008313,-5.45805767862966,4.0631472871851715,4.495601453906477,0.6717709632996162,0.36671870879131047,-4.55185584313784,-9.781156152588473,-3.2598360565099287,7.778360447681707,4.927360668320165
