V1,V2,V3,V4,V5,V6,V7,V8,V9,V10,V11,V12,V13,V14,V15,V16,V17,V18,V19,V20,V21,V22,V23,V24,V25,V26,V27,V28,V29,V30,V31,V32,V33,V34,V35,V36,V37,V38,V39,V40,V41,V42,V43,V44,V45,V46,V47,V48,V49
1.1304310265142006,-0.15603789103400936,0.5597528930358032,2.956527128382417,0.2764403782119094,0.5727355130835019,-0.5977491809564482,0.5522457690966479,0.5292243882166434,1.7059100861044936,-0.7019062019868918,0.972446374290836,-0.4803877374303212,-0.18418566385347596,-1.5064359660845426,-0.11126028976017895,0.891244579992011,-0.08324273728304055,0.8110993119968326,-0.925563950011569,0.4280400935208518,-1.5076070018631262,0.6916227930024081,0.6740897292755194,-0.056322608459463394,-0.9911444260038923,0.6091316644966248,-2.4486732443723587,1.0859398497473134,0.20589193345839704,1.6904302482636193,1.0091632189822948,-1.833019068027097,-1.0803894496202466,-0.7286399410945675,1.5434954320890903,1.6869844943943308,1.2440059318048053,1.571966295570168,-0.9432440956029694,0.7485483011761062,0.9182888300853839,0.10602000226077037,0.201873984005749,-1.0572136897604871,-2.0021447652203226,-0.5768040585430536,1.401316765690219,1.0071680767586217
-0.15603789103400936,0.7136608484211989,0.40180866807003623,-1.0218085218458153,0.5682510075930456,-0.21005974283275103,0.8382558930485672,0.6640663921698878,-0.18785320979330736,-1.2766518516055096,-0.05075232733000892,-0.2316512785313663,0.6875202106091842,0.6170951426250437,0.7131179170458374,0.5778616972323812,0.6329308074744147,-0.2778200291268985,-0.22734892266100307,0.3833893325803614,-0.09148542709295555,0.42889842101870274,-0.3608072434633608,-0.11522314017889823,-0.3512832920893688,0.1220369957599127,0.29149013469790136,0.7468180928754513,-0.3163911591739498,-0.10032813436025104,-0.1526439544745548,-0.3335604893250136,0.5414450588810884,-0.3651007922884557,0.3689252880832582,-0.8254832531648988,-0.6365350792002445,-0.140949412894009,-0.1743020804428473,0.12980180179308606,-0.06392305152499925,0.5479617164125317,-0.21922149404746666,0.33150467760620606,0.379653002748662,0.5709065011572605,-0.859761510099623,-0.3466509695284501,-0.04906930701383636
0.5597528930358032,0.40180866807003623,0.8096213034240859,0.9412389130699769,0.710342973156421,0.12576618025954586,0.3871480259887109,0.8184096551208921,0.09893462661609435,-0.10158576694375107,-0.6613265732028786,0.21229611027195106,0.32598632856974963,0.4285600825721828,-0.25531220729658444,0.3058329220069678,0.9869643375534566,-0.28510270518135555,0.1981088087591136,-0.2035965066615147,0.22146549267934382,-0.5821421773728859,0.2577313589667323,0.16170858412590264,-0.28003562362645124,-0.48526764212068246,0.6919099462003113,-0.948552956213939,0.4211028048497301,-0.14140809661096984,0.8809531109004429,0.4366133395622304,-0.5825097477621151,-1.147466481399989,0.07752133972427212,0.21639152279925605,0.6326333605575706,0.48461081987605187,0.8743231234764992,-0.2921700036437165,0.3468945567214974,0.8988570470091807,-0.20347011475944668,0.5057854196919802,-0.4859844932064495,-0.7235141947567545,-0.9003398410865288,0.45730880942568003,0.5590398494545693
2.956527128382417,-1.0218085218458153,0.9412389130699769,9.995941466529784,-0.03835441204911157,1.7137139478947507,-2.5587769176939523,0.36590384690916766,1.309561664946536,6.682236711599611,-1.2606686519353045,3.3788371010750247,-2.18871214589389,-1.7773726191128234,-5.406231774430441,-0.8137913444068547,1.196928016237312,0.18985349730099232,3.380380099723674,-2.665281031445368,1.286194787700779,-4.190063740295947,1.8109013775276623,2.7166371678233188,0.2952781094129006,-2.9016087472550915,1.091807966675869,-7.7044982347755955,3.2412793385637433,1.1118473354071199,4.66937795202291,3.1536069374920745,-6.146989590810182,-2.3607021527081917,-3.405442960545003,5.924093827135302,5.3814903897300495,4.129946861121284,4.56512753206115,-3.4990450413829595,1.7881120339004166,1.7879653895633074,0.8038898548831773,-0.43077781739700666,-3.2795683347484257,-6.380635877586117,-0.6101900553602391,4.347123565960059,2.871873268729552
0.2764403782119094,0.5682510075930456,0.710342973156421,-0.03835441204911157,0.9550801016516495,-0.04458321889943964,0.7713118071504015,0.8243785069505067,-0.15655745567482124,-1.0188267758372904,-0.7130244120545716,-0.27497642720183524,0.5618182137778176,0.6647544007704894,0.40308226851172435,0.5628227236270342,0.8454602337462952,-0.46584161728846474,-0.2469587202754481,0.23279988729960432,0.09885780737357464,-0.1739664058216876,0.013167638504861873,-0.02458569250629557,-0.2653102066270533,-0.0625660017774125,0.6677918888957747,-0.08650956491996212,0.07766181930032942,-0.33117392169377324,0.2586071815968439,0.12072094964069907,0.1188690896567681,-1.3127734564809599,0.5391680636476259,-0.6498312471849498,-0.042506531328503655,-0.05267298423896557,0.32431902612940106,0.13842332713198874,-0.02475528267865778,0.7657350725183143,-0.3222667368534936,0.6652650779372626,-0.25997885006908084,0.1305516815846601,-0.733981074343347,-0.12096783837161186,0.24165197273227246
0.5727355130835019,-0.21005974283275103,0.12576618025954586,1.7137139478947507,-0.04458321889943964,0.3635116255613744,-0.53414399299166615,0.2479516740845255,0.4381237453345017,1.2103744528308031,-0.23324427411122658,0.5929483202736859,-0.43640903064868225,-0.19830092438444724,-0.992526762113113,-0.11336548610574697,0.43703624629737625,0.04846385853923915,0.5368455057565042,-0.5702700716843818,0.17556868335111236,-0.8848136505861199,0.30233150753270754,0.4733672260435117,0.017558491782410094,-0.5657492951916525,0.21239385498644037,-1.3444549087609143,0.6262980401639318,0.2496909015178585,0.8757322975022692,0.5068233338807843,-1.146693161992715,-0.3117808713779983,-0.5581383513908053,0.9544196935953256,0.9330590322029698,0.7795275218950757,0.844913324199033,-0.6085701153214325,0.4810711286070446,0.4048385236929173,0.12645944055267816,-0.025080008620597487,-0.50858894326681,-1.1383813901223976,-0.22191787538765628,0.9211701933675428,0.528272774402345
-0.5977491809564482,0.8382558930485672,0.3871480259887109,-2.5587769176939523,0.7713118071504015,-0.53414399299166615,1.388096290119457,0.437252501975234,-0.6574730240535702,-2.532114807049774,-0.11019083986252588,-0.9465796281004695,1.1065992165777843,0.8705694706870787,1.711580473565885,0.6592418540732093,0.2209362757658127,-0.4054423428367354,-0.9010632099265025,0.9278598367611851,-0.20246128625828563,1.1454897659656413,-0.4871619771595183,-0.6718661281104659,-0.3270240153647086,0.6924911501661167,0.20807581291485697,1.9039088533928235,-0.8513155606756935,-0.5133536018098971,-0.96122516341922,-0.7087623372888193,1.6854953756359032,-0.43109177888377576,1.1380304349881776,-1.855861309863218,-1.4222119260947161,-1.0326740928750568,-0.929432185930406,0.8864730705445226,-0.5760534224523302,0.1585193718480349,-0.4126258103078797,0.5312437125423463,0.6640177931297537,1.668720630676438,-0.5122549874263642,-1.3048832095470297,-0.530142542869567
0.5522457690966479,0.6640663921698878,0.8184096551208921,0.36590384690916766,0.8243785069505067,0.2479516740845255,0.437252501975234,2.2796394909151587,1.2146813174872182,-0.5048713020185281,-0.6729383664412305,-0.06445233736246996,0.40910237412880557,1.377974495881872,-0.2680101622717162,0.9316545973753082,2.635038994433554,-0.3380671483212566,0.02859976065046852,-0.29459594208748874,-0.23573630063426906,-1.147613189347649,-0.3622317966503491,0.42067628417430997,-0.6171951657479116,-0.757732161409165,1.0032028633984185,-0.49359926797008313,0.5966497294846506,0.20735368637552057,0.8915662832476793,0.007301277547965444,-0.9365006488708573,-0.7642036288981393,0.2989408207295209,-0.6507037236580395,0.267131893434789,0.9087982685933869,1.1736629041233209,-0.4027042530546596,1.1805094706773207,1.6455398745434722,-0.4268143719542192,0.8672793558495918,0.09870920706930864,-0.4152149223755506,-2.0069760344446044,1.3024527782679078,0.6615219237160764
0.5292243882166434,-0.18785320979330736,0.09893462661609435,1.309561664946536,-0.15655745567482124,0.4381237453345017,-0.6574730240535702,1.2146813174872182,1.3758114177136276,1.1393625396793194,-0.19493351821950786,0.3509345140236257,-0.46113426440521904,0.43613965932884174,-1.0972768121409515,0.15881584683317493,1.5711903412093435,0.13487421754960743,0.4257988961341754,-0.7147750487177658,-0.18785784750027978,-1.3511316555423114,-0.08471397100500999,0.5818801154744897,-0.1811939212180329,-0.8203018189982414,0.3796085451261717,-1.093739538759875,0.8010731450012835,0.4956766208091708,0.8916319031112968,0.2309138947620508,-1.4706555596235253,0.2308069459045334,-0.395920920137461,0.47238042678731684,0.8187174635411772,1.0930170687755882,1.1314647333032393,-0.6587123729610597,1.1895334172301641,0.782838874023603,-0.039281726496184215,0.17626467872957158,-0.08811097765228629,-0.9983136435084854,-0.8982874750753598,1.624257461338992,0.5841550074339338
1.7059100861044936,-1.2766518516055096,-0.10158576694375107,6.682236711599611,-1.0188267758372904,1.2103744528308031,-2.532114807049774,-0.5048713020185281,1.1393625396793194,5.522367049734347,-0.11398432885546145,2.532381950447366,-2.047727923573411,-1.8112929635994852,-4.039775586905851,-1.10606308903609,0.04127106906825522,0.6174668444341731,2.496025770032682,-2.060092166957326,0.736332647186259,-2.6887878547938175,1.1833697116513675,1.8352751996945424,0.4531805109170222,-1.9150304897332318,0.06365293690902851,-5.05488247303579,2.1155881495596223,1.1068146095628075,2.8797334309056977,1.9677907490825406,-4.256999249561683,-0.1706504503948221,-2.811646549487569,4.591298120661031,3.640153966923335,2.837439946195652,2.752432408471239,-2.4854762057800888,1.2992792263331263,0.4471549836313133,0.8538799856083215,-0.950657043698046,-1.8962161423030965,-4.4056294025010345,0.2865647444436429,3.104287831079806,1.6828623126786737
-0.7019062019868918,-0.05075232733000892,-0.6613265732028786,-1.2606686519353045,-0.7130244120545716,-0.23324427411122658,-0.11019083986252588,-0.6729383664412305,-0.19493351821950786,-0.11398432885546145,0.9920125381861027,0.007836080280964457,-0.036117089811644874,-0.36927175992299943,0.36871205544154084,-0.16691967192447335,-0.8378602337232349,0.33196852594269644,0.037247652569663864,0.2690199064710832,-0.23745270517179154,0.9264531641892175,-0.4675088482693111,-0.12002727924926025,0.07772981294189042,0.4007848284930819,-0.7178726405640581,1.1742145425392274,-0.5875860177430324,0.2974706244036238,-0.8002235585149176,-0.5935145285591401,0.6549741207983494,1.417741279687019,-0.30866005224749643,-0.11728478740875345,-0.815294592880034,-0.28787257104105146,-0.8816193431243207,0.057853928133209546,-0.29299043785987106,-0.6928795235121861,0.22776518770060528,-0.6383598801269771,0.7828503636668592,0.6923292219757322,0.37832276979088447,-0.478197883341413,-0.5321917347239272
0.972446374290836,-0.2316512785313663,0.21229611027195106,3.3788371010750247,-0.27497642720183524,0.5929483202736859,-0.9465796281004695,-0.06445233736246996,0.3509345140236257,2.532381950447366,0.007836080280964457,1.617503581636407,-0.724579906214515,-0.8458874732787082,-1.9410426698638736,-0.3569816264848736,0.23285786743356596,0.2004878721287472,1.4248317773484849,-1.0636873276030683,0.4980419692986197,-1.183087465627455,0.5971653101209289,0.9692139213134615,0.0154857521522888,-1.0753085819493065,0.15445995262718973,-2.610053943134071,0.9999173970754314,0.6170866452073377,1.7667241467607682,1.0006307663301899,-2.1142980864193137,-0.3143204384038802,-1.585046051779636,2.4388685147324054,1.7688686025439024,1.6136841269398208,1.466035012913785,-1.479245329636466,0.6561209281352272,0.6376316559276952,0.46208797639292454,-0.4520708712975462,-0.8869997922798346,-2.4207099409743247,-0.4169415641361955,1.5117916471367487,1.0022500574209847
-0.4803877374303212,0.6875202106091842,0.32598632856974963,-2.18871214589389,0.5618182137778176,-0.43640903064868225,1.1065992165777843,0.40910237412880557,-0.46113426440521904,-2.047727923573411,-0.036117089811644874,-0.724579906214515,0.9356991443021562,0.7463189301395441,1.4038645670898473,0.501472550535774,0.2628297478433672,-0.2845781555566268,-0.7406511158432926,0.6828402002492345,-0.17172660313714927,0.9237592878462841,-0.3760709920854135,-0.6086596391063671,-0.30196884766163645,0.5093128634455544,0.1606923885074604,1.5623782761901872,-0.6905807755884154,-0.3939977405761153,-0.7142039834010794,-0.5928313412755701,1.3902018618063823,-0.187025411162748,0.9261759593789325,-1.4788097655531531,-1.151667683419459,-0.8145266649754069,-0.7318441557703051,0.7156419957840425,-0.36941628605292814,0.15403532300203693,-0.3376733407686727,0.4264456313107284,0.6131014468647557,1.3155731821605916,-0.5129441817120537,-1.0091650518606043,-0.42484404567350914
-0.18418566385347596,0.6170951426250437,0.4285600825721828,-1.7773726191128234,0.6647544007704894,-0.19830092438444724,0.8705694706870787,1.377974495881872,0.43613965932884174,-1.8112929635994852,-0.36927175992299943,-0.8458874732787082,0.7463189301395441,1.2992493376279333,1.0095173549413454,0.7465170107967781,1.4392371179322365,-0.322365280408227,-0.7936195591958282,0.38217604075185585,-0.3728892625367224,0.07249172878912943,-0.49014688858875327,-0.3756090138814909,-0.4364481848014543,0.14475582280555074,0.5095496551305139,1.1912412990038923,-0.25685436033182507,-0.23782606101790996,-0.3694638944768085,-0.567839687275637,0.7234995276210603,-0.27103371991779973,1.0674810982509382,-1.7209917897563751,-0.8666734159708761,-0.37647930440158517,-0.1553149036266254,0.5922856636924931,0.3358381573763862,0.6907466936480962,-0.5005670936595472,0.7748301380739443,0.6002189738440225,1.0655322024293303,-1.0827375780870938,-0.14866217670081389,-0.1528142743306498
-1.5064359660845426,0.7131179170458374,-0.25531220729658444,-5.406231774430441,0.40308226851172435,-0.992526762113113,1.711580473565885,-0.2680101622717162,-1.0972768121409515,-4.039775586905851,0.36871205544154084,-1.9410426698638736,1.4038645670898473,1.0095173549413454,3.1887289844629145,0.5203907743558852,-0.771460067003603,-0.3058774147886575,-1.9799412326570813,1.605023113814466,-0.5489809124183709,2.380762708496135,-0.8156840436831843,-1.5947326925270315,-0.164462058406308,1.6866837834765918,-0.4092464515476899,4.123900480153814,-1.8093669973222526,-0.8700133782463818,-2.5086205470387446,-1.580066117434248,3.5768110043038384,0.6186505610985759,2.092185570581885,-3.370105900208446,-2.920334346279665,-2.466430989491378,-2.5059032115898483,2.067070327780332,-1.2479407490530223,-0.8864494028644401,-0.5222985123331622,0.44219715858425124,1.5344133238793976,3.5458543385537684,0.3837601020139431,-2.711472894761048,-1.5322207932502014
-0.11126028976017895,0.5778616972323812,0.3058329220069678,-0.8137913444068547,0.5628227236270342,-0.11336548610574697,0.6592418540732093,0.9316545973753082,0.15881584683317493,-1.10606308903609,-0.16691967192447335,-0.3569816264848736,0.501472550535774,0.7465170107967781,0.5203907743558852,0.6730447737403967,0.9325650734323546,-0.28654244136561374,-0.24951394510076164,0.3381606403647306,-0.20175761124812286,0.09038549457581094,-0.4673804306131535,0.05507222129167971,-0.3124890539536674,0.05525002312974315,0.3636417241048659,0.657491512809102,-0.15316661686617802,-0.02111333543717107,-0.18712140888013704,-0.3339580455240296,0.27031458893818056,-0.3854963476350594,0.39884690059922506,-0.9605150929308699,-0.5712860303929995,-0.029705272056710624,-0.03155433113411877,0.10124402128197009,0.1109743526747229,0.6130429344437738,-0.2518310460315065,0.41126925604993975,0.3478857042998697,0.5840465324068912,-0.8522154388699178,-0.03384816081047937,-0.00805099442347303
0.891244579992011,0.6329308074744147,0.9869643375534566,1.196928016237312,0.8454602337462952,0.43703624629737625,0.2209362757658127,2.635038994433554,1.5711903412093435,0.04127106906825522,-0.8378602337232349,0.23285786743356596,0.2628297478433672,1.4392371179322365,-0.771460067003603,0.9325650734323546,3.1577042638657584,-0.32121666707598995,0.2831260965153212,-0.6367518184279204,-0.1816171342862502,-1.6839167229494023,-0.22388692331598647,0.6457611751891096,-0.6990142183807899,-1.1290974660332578,1.2060102882469477,-1.2090200250184513,0.9548311509867086,0.33959410103059395,1.4497548726922889,0.2514687447036048,-1.5894303125185438,-0.9200479016916059,0.07702192498370457,-0.2202189109100797,0.7781814783730004,1.3924680615862601,1.7277001786323327,-0.7206971385892719,1.5918895362812433,2.017503747758982,-0.41421533003909106,0.951627779439126,-0.10465856886272945,-1.045028382726479,-2.374184941067319,1.901716596328587,0.9914765305808825
-0.08324273728304055,-0.2778200291268985,-0.28510270518135555,0.18985349730099232,-0.46584161728846474,0.04846385853923915,-0.4054423428367354,-0.3380671483212566,0.13487421754960743,0.6174668444341731,0.33196852594269644,0.2004878721287472,-0.2845781555566268,-0.322365280408227,-0.3058774147886575,-0.28654244136561374,-0.32121666707598995,0.2484191819890323,0.20965140630646137,-0.17637137968304367,-0.029367047263829726,-1.365162004353622e-4,0.016103193789068344,0.057300918406865055,0.10938297509539503,-0.06313689775942918,-0.2838022510148692,-0.11462911195918107,0.03138728149286809,0.1911072250964031,-0.004067441453770347,-0.001857129048919968,-0.195492468420991,0.62564420196487,-0.32806622076682496,0.44264815501645716,0.14474339991602836,0.13914237068740087,-0.023310827855159297,-0.1509916286287976,0.0935725369247052,-0.3100106682722672,0.15439442848436613,-0.32416910799435045,0.0819940204644356,-0.2129774293113637,0.2736152310353928,0.18183768931777236,-0.04694164853677484
0.8110993119968326,-0.22734892266100307,0.1981088087591136,3.380380099723674,-0.2469587202754481,0.5368455057565042,-0.9010632099265025,0.02859976065046852,0.4257988961341754,2.496025770032682,0.037247652569663864,1.4248317773484849,-0.7406511158432926,-0.7936195591958282,-1.9799412326570813,-0.24951394510076164,0.2831260965153212,0.20965140630646137,1.5246358685554127,-0.8722037187423435,0.3905584076661023,-1.163454375358864,0.3542960638025053,1.1437269631419866,0.050858996430889286,-1.0521972145610496,0.17456344960866427,-2.4963133824148898,0.997634271161846,0.6635673743975204,1.5528344958551035,0.9442286600955901,-2.2156098717801322,-0.30493351316091133,-1.6195043321460505,2.3275499696662902,1.7239876171417643,1.6763601292691481,1.5090829635838554,-1.5337116115374538,0.6179160538606095,0.5744400063902835,0.4055643535227634,-0.47952122652639667,-0.8616331756404683,-2.257124599410064,-0.38083356905681315,1.5826623922952685,0.9587484231434891
-0.925563950011569,0.3833893325803614,-0.2035965066615147,-2.665281031445368,0.23279988729960432,-0.5702700716843818,0.9278598367611851,-0.29459594208748874,-0.7147750487177658,-2.060092166957326,0.2690199064710832,-1.0636873276030683,0.6828402002492345,0.38217604075185585,1.605023113814466,0.3381606403647306,-0.6367518184279204,-0.17637137968304367,-0.8722037187423435,1.0417511004498388,-0.31011453287480384,1.369186100792864,-0.5973006291615776,-0.6237768598025076,-0.005827872867664012,0.9654910829153645,-0.26851480213427587,2.1997588124786063,-0.9883746547879645,-0.4078601796270005,-1.5140061646899468,-0.8283052239051181,1.7988945778486405,0.24226871568888053,0.9312703181951726,-1.7104068363991378,-1.5694841199459904,-1.254905215081113,-1.3609264740497777,0.9728682350762867,-0.8593548790132683,-0.5886227273281208,-0.23869987338408294,0.10869930560858135,0.7562003441321465,1.9537591232791651,0.37915900821101434,-1.4822633420715698,-0.8467048141241733
0.4280400935208518,-0.09148542709295555,0.22146549267934382,1.286194787700779,0.09885780737357464,0.17556868335111236,-0.20246128625828563,-0.23573630063426906,-0.18785784750027978,0.736332647186259,-0.23745270517179154,0.4980419692986197,-0.17172660313714927,-0.3728892625367224,-0.5489809124183709,-0.20175761124812286,-0.1816171342862502,-0.029367047263829726,0.3905584076661023,-0.31011453287480384,0.32315837284974713,-0.3588647483813331,0.4366624596444473,0.1948534011422353,0.0695689086550479,-0.2955007543302573,0.13663242231352304,-1.0533767990395266,0.3401839395031562,-0.011350218367321023,0.6497579135455056,0.5124427645150141,-0.5635777104396174,-0.5482471009570457,-0.3836163030841061,0.8635558428163407,0.718895512020334,0.35270109972545594,0.4898939613120371,-0.3606346426596794,-0.001790917700894525,0.1486422565120111,0.12146074842594476,-0.05033139772877088,-0.5701932925665646,-0.8562568118039183,0.08289402745869925,0.246878278700802,0.3558789563470315
-1.5076070018631262,0.42889842101870274,-0.5821421773728859,-4.190063740295947,-0.1739664058216876,-0.8848136505861199,1.1454897659656413,-1.147613189347649,-1.3511316555423114,-2.6887878547938175,0.9264531641892175,-1.183087465627455,0.9237592878462841,0.07249172878912943,2.380762708496135,0.09038549457581094,-1.6839167229494023,-1.365162004353622e-4,-1.163454375358864,1.369186100792864,-0.3588647483813331,2.485632800362936,-0.7100266694977294,-1.1509111880635712,0.046603913303415026,1.5140478702273066,-0.8494660058870709,3.394869087891721,-1.6956119076460137,-0.49013237046850344,-2.2514844318356677,-1.3078039506331296,2.929476670591164,1.1057667107240463,1.0538808876477082,-2.021533584171511,-2.3995518965842444,-1.9537741836123546,-2.373279847904618,1.4000922483221994,-1.4019458745222437,-1.2826303402450052,-0.10942884115724905,-0.2762247489159842,1.3320014925524755,2.7444992769037797,0.8581953382382922,-2.468768349224136,-1.407032226555948
0.6916227930024081,-0.3608072434633608,0.2577313589667323,1.8109013775276623,0.013167638504861873,0.30233150753270754,-0.4871619771595183,-0.3622317966503491,-0.08471397100500999,1.1833697116513675,-0.4675088482693111,0.5971653101209289,-0.3760709920854135,-0.49014688858875327,-0.8156840436831843,-0.4673804306131535,-0.22388692331598647,0.016103193789068344,0.3542960638025053,-0.5973006291615776,0.4366624596444473,-0.7100266694977294,0.8059954718782393,0.09423606982196824,0.15269637622364884,-0.43078242987165777,0.18489145851143257,-1.5862204657957424,0.5685812049391348,-0.10869211310232398,0.961590868187652,0.7711058215967981,-0.7996590862580218,-0.6775725228006876,-0.3414762042674668,1.189780071011255,1.1533685551623474,0.38727437747109583,0.7234936946345566,-0.31726658064828756,0.13804881423499726,0.099196587770716535,0.14128283666033453,0.015598531881528691,-0.8667309319533295,-1.2531300545347919,0.29208995835943596,0.42082983675017366,0.4883293411926384
0.6740897292755194,-0.11522314017889823,0.16170858412590264,2.7166371678233188,-0.02458569250629557,0.4733672260435117,-0.6718661281104659,0.42067628417430997,0.5818801154744897,1.8352751996945424,-0.12002727924926025,0.9692139213134615,-0.6086596391063671,-0.3756090138814909,-1.5947326925270315,0.05507222129167971,0.6457611751891096,0.057300918406865055,1.1437269631419866,-0.6237768598025076,0.1948534011422353,-1.1509111880635712,0.09423606982196824,1.082967075063942,0.0021487709878457834,-0.8527810226781339,0.29025439347355997,-1.922476021547875,0.8798236427334575,0.5715515620825815,1.169964764582884,0.6891389680374596,-1.9090525758233166,-0.43561454414882966,-1.1863355056943228,1.5280885007599105,1.2843434590616623,1.4159374495271153,1.2928870188940405,-1.2310972297848843,0.6046751247529708,0.6722481019598496,0.24348166992697529,-0.2161685970927827,-0.6580581779638465,-1.648375913189544,-0.48933779248470255,1.457725138495236,0.8019712722465108
-0.056322608459463394,-0.3512832920893688,-0.28003562362645124,0.2952781094129006,-0.2653102066270533,0.017558491782410094,-0.3270240153647086,-0.6171951657479116,-0.1811939212180329,0.4531805109170222,0.07772981294189042,0.0154857521522888,-0.30196884766163645,-0.4364481848014543,-0.164462058406308,-0.3124890539536674,-0.6990142183807899,0.10938297509539503,0.050858996430889286,-0.005827872867664012,0.0695689086550479,0.046603913303415026,0.15269637622364884,0.0021487709878457834,0.2595862682141043,0.12862509828444338,-0.2448362151648463,-0.1431274422269011,0.0070866373104784,-0.03074713015577813,-0.17141212908801917,0.12376052350986233,0.0015503155717443257,0.14431368691493504,-0.14339557930917624,0.3156149389781372,0.14112645209199948,-0.14829332712965804,-0.16147902870923492,0.04596765284052037,-0.2546718037504678,-0.4879505697497763,0.12551595499056734,-0.23494553642614147,-0.19190686539702584,-0.04278207759309292,0.7087731914494386,-0.1505449868279264,-0.11450576309550133
-0.9911444260038923,0.1220369957599127,-0.48526764212068246,-2.9016087472550915,-0.0625660017774125,-0.5657492951916525,0.6924911501661167,-0.757732161409165,-0.8203018189982414,-1.9150304897332318,0.4007848284930819,-1.0753085819493065,0.5093128634455544,0.14475582280555074,1.6866837834765918,0.05525002312974315,-1.1290974660332578,-0.06313689775942918,-1.0521972145610496,0.9654910829153645,-0.2955007543302573,1.5140478702273066,-0.43078242987165777,-0.8527810226781339,0.12862509828444338,1.142560009732349,-0.5345711641683186,2.3681954200859594,-1.1035545993320848,-0.46070756610490815,-1.6927712078233426,-0.8855291723181206,2.0640930246064326,0.5826063993830447,0.9955184426422198,-1.6740272248511807,-1.661279585260162,-1.5321030089419485,-1.6829147435522835,1.1952070698499502,-0.9834941647107157,-0.972920367375658,-0.14326929912190584,-0.03252659291234615,0.8075703762324706,2.0710742912901394,0.8499814249558334,-1.7180245914317578,-1.0257291191006006
0.6091316644966248,0.29149013469790136,0.6919099462003113,1.091807966675869,0.6677918888957747,0.21239385498644037,0.20807581291485697,1.0032028633984185,0.3796085451261717,0.06365293690902851,-0.7178726405640581,0.15445995262718973,0.1606923885074604,0.5095496551305139,-0.4092464515476899,0.3636417241048659,1.2060102882469477,-0.2838022510148692,0.17456344960866427,-0.26851480213427587,0.13663242231352304,-0.8494660058870709,0.18489145851143257,0.29025439347355997,-0.2448362151648463,-0.5345711641683186,0.720011637549647,-1.0133283031491163,0.5473957174829672,-0.05965354413399262,0.8682819215076991,0.42876941557030523,-0.7861365593209904,-1.0954458253852006,0.07471078028029926,0.13224092198989318,0.6693033464310779,0.5786802365304826,0.9603969105704855,-0.324206426838125,0.49620976415714935,0.9450295610731752,-0.21052487552839858,0.5469955205260918,-0.4865252461232641,-0.7228698732715709,-0.8869629478653724,0.70754021760364,0.5853554302361563
-2.4486732443723587,0.7468180928754513,-0.948552956213939,-7.7044982347755955,-0.08650956491996212,-1.3444549087609143,1.9039088533928235,-0.49359926797008313,-1.093739538759875,-5.05488247303579,1.1742145425392274,-2.610053943134071,1.5623782761901872,1.1912412990038923,4.123900480153814,0.657491512809102,-1.2090200250184513,-0.11462911195918107,-2.4963133824148898,2.1997588124786063,-1.0533767990395266,3.394869087891721,-1.5862204657957424,-1.922476021547875,-0.1431274422269011,2.3681954200859594,-1.0133283031491163,6.128250899664281,-2.59413027240838,-0.7439786839890579,-3.863385330778008,-2.534862782445934,4.735934993597694,1.974722152618368,2.4386658040493225,-4.5563288162200815,-4.311867944230213,-3.1850838502006242,-3.7100659208361675,2.6197794190976427,-1.5537727207551013,-1.5627753660208723,-0.5327174372867898,0.14086568537813282,2.611029185254934,5.080671530715056,0.6888623443781997,-3.422219915127045,-2.3213083653512143
1.0859398497473134,-0.3163911591739498,0.4211028048497301,3.2412793385637433,0.07766181930032942,0.6262980401639318,-0.8513155606756935,0.5966497294846506,0.8010731450012835,2.1155881495596223,-0.5875860177430324,0.9999173970754314,-0.6905807755884154,-0.25685436033182507,-1.8093669973222526,-0.15316661686617802,0.9548311509867086,0.03138728149286809,0.997634271161846,-0.9883746547879645,0.3401839395031562,-1.6956119076460137,0.5685812049391348,0.8798236427334575,0.0070866373104784,-1.1035545993320848,0.5473957174829672,-2.59413027240838,1.2149427902662289,0.37318417449688585,1.679948797990925,1.0270140031075787,-2.1634435418879883,-0.8065027749677238,-0.9422218252965536,1.7344022693148762,1.8325146829157846,1.4624406685140117,1.7213519424375479,-1.1229631173289059,0.8984860715141777,0.8410099153487819,0.14812993353117412,0.07008300122578946,-1.0445896272898916,-2.1285381448206913,-0.5102243715853244,1.7207642728299974,1.0381606260941967
0.20589193345839704,-0.10032813436025104,-0.14140809661096984,1.1118473354071199,-0.33117392169377324,0.2496909015178585,-0.5133536018098971,0.20735368637552057,0.4956766208091708,1.1068146095628075,0.2974706244036238,0.6170866452073377,-0.3939977405761153,-0.23782606101790996,-0.8700133782463818,-0.02111333543717107,0.33959410103059395,0.1911072250964031,0.6635673743975204,-0.4078601796270005,-0.011350218367321023,-0.49013237046850344,-0.10869211310232398,0.5715515620825815,-0.03074713015577813,-0.46070756610490815,-0.05965354413399262,-0.7439786839890579,0.37318417449688585,0.5082318192134496,0.519701622276132,0.16180778684979033,-0.9799317569665027,0.4040403067763287,-0.7969120895101547,0.8418032276998035,0.49564126829118604,0.824351548800764,0.5342115538182083,-0.7308933576501769,0.46404361732287464,0.2624763773963449,0.21390956671512112,-0.3179524798486081,-0.026865252291842456,-0.8067746792850141,-0.3353878785031561,0.874539806478598,0.328831233001996
1.6904302482636193,-0.1526439544745548,0.8809531109004429,4.66937795202291,0.2586071815968439,0.8757322975022692,-0.96122516341922,0.8915662832476793,0.8916319031112968,2.8797334309056977,-0.8002235585149176,1.7667241467607682,-0.7142039834010794,-0.3694638944768085,-2.5086205470387446,-0.18712140888013704,1.4497548726922889,-0.004067441453770347,1.5528344958551035,-1.5140061646899468,0.6497579135455056,-2.2514844318356677,0.961590868187652,1.169964764582884,-0.17141212908801917,-1.6927712078233426,0.8682819215076991,-3.863385330778008,1.679948797990925,0.519701622276132,2.768075479703022,1.5324457538937686,-3.030881853127396,-1.3197100442457648,-1.456454332880453,2.719980391917114,2.675310129943162,2.210411420973783,2.5531939054891373,-1.7450018163372554,1.2999460226457034,1.4958749833283236,0.24223109461017803,0.11983894996924685,-1.4837623178455566,-3.3298182634613522,-1.161825543956346,2.3684130944287385,1.6298234597695413
1.0091632189822948,-0.3335604893250136,0.4366133395622304,3.1536069374920745,0.12072094964069907,0.5068233338807843,-0.7087623372888193,0.007301277547965444,0.2309138947620508,1.9677907490825406,-0.5935145285591401,1.0006307663301899,-0.5928313412755701,-0.567839687275637,-1.580066117434248,-0.3339580455240296,0.2514687447036048,-0.001857129048919968,0.9442286600955901,-0.8283052239051181,0.5124427645150141,-1.3078039506331296,0.7711058215967981,0.6891389680374596,0.12376052350986233,-0.8855291723181206,0.42876941557030523,-2.534862782445934,1.0270140031075787,0.16180778684979033,1.5324457538937686,1.1246089843810592,-1.781016018138112,-1.0190811982507162,-0.8952701797700644,1.8604945683201513,1.7891507999302914,1.130656722533837,1.450675114824884,-0.9564787484109242,0.4505258269607903,0.5244198925014714,0.203797852780015,-0.022959819651968652,-1.2083113719363192,-2.026079350554721,-0.06805405672483468,1.1803647202273482,0.9132804763512896
-1.833019068027097,0.5414450588810884,-0.5825097477621151,-6.146989590810182,0.1188690896567681,-1.146693161992715,1.6854953756359032,-0.9365006488708573,-1.4706555596235253,-4.256999249561683,0.6549741207983494,-2.1142980864193137,1.3902018618063823,0.7234995276210603,3.5768110043038384,0.27031458893818056,-1.5894303125185438,-0.195492468420991,-2.2156098717801322,1.7988945778486405,-0.5635777104396174,2.929476670591164,-0.7996590862580218,-1.9090525758233166,0.0015503155717443257,2.0640930246064326,-0.7861365593209904,4.735934993597694,-2.1634435418879883,-0.9799317569665027,-3.030881853127396,-1.781016018138112,4.224082740902936,1.0619170569984082,2.2174120087542963,-3.5378510488243258,-3.3224925938893604,-2.9813885809976894,-3.128086281087689,2.4055585138460893,-1.652355089165388,-1.4831634079684215,-0.44002656006208546,0.2109406038528362,1.7258625265279828,4.037330409710122,1.010168654385358,-3.3171591180886715,-1.9019575086359264
-1.0803894496202466,-0.3651007922884557,-1.147466481399989,-2.3607021527081917,-1.3127734564809599,-0.3117808713779983,-0.43109177888377576,-0.7642036288981393,0.2308069459045334,-0.1706504503948221,1.417741279687019,-0.3143204384038802,-0.187025411162748,-0.27103371991779973,0.6186505610985759,-0.3854963476350594,-0.9200479016916059,0.62564420196487,-0.30493351316091133,0.24226871568888053,-0.5482471009570457,1.1057667107240463,-0.6775725228006876,-0.43561454414882966,0.14431368691493504,0.5826063993830447,-1.0954458253852006,1.974722152618368,-0.8065027749677238,0.4040403067763287,-1.3197100442457648,-1.0190811982507162,1.0619170569984082,2.603361402024628,-0.08891182351665387,-0.5336012478829225,-1.2591998905703605,-0.5890222728289041,-1.3352621055988945,0.40157137813356264,-0.08599753321092117,-1.1715063834568977,0.2260337417368073,-0.8094046150393713,1.3500077406032103,1.2462429920593259,0.6473516701092635,-0.5066374803070353,-0.9115910246801263
-0.7286399410945675,0.3689252880832582,0.07752133972427212,-3.405442960545003,0.5391680636476259,-0.5581383513908053,1.1380304349881776,0.2989408207295209,-0.395920920137461,-2.811646549487569,-0.30866005224749643,-1.585046051779636,0.9261759593789325,1.0674810982509382,2.092185570581885,0.39884690059922506,0.07702192498370457,-0.32806622076682496,-1.6195043321460505,0.9312703181951726,-0.3836163030841061,1.0538808876477082,-0.3414762042674668,-1.1863355056943228,-0.14339557930917624,0.9955184426422198,0.07471078028029926,2.4386658040493225,-0.9422218252965536,-0.7969120895101547,-1.456454332880453,-0.8952701797700644,2.2174120087542963,-0.08891182351665387,1.859552560774351,-2.5513459549166764,-1.6717055747644647,-1.684287522644153,-1.3291486752480195,1.618071831708438,-0.5511341297782426,-0.3392521938250901,-0.5540008006576215,0.7357472393956146,0.7701573582965697,2.2847333135102685,0.12510399769196928,-1.5582636714386304,-0.872955515356342
1.5434954320890903,-0.8254832531648988,0.21639152279925605,5.924093827135302,-0.6498312471849498,0.9544196935953256,-1.855861309863218,-0.6507037236580395,0.47238042678731684,4.591298120661031,-0.11728478740875345,2.4388685147324054,-1.4788097655531531,-1.7209917897563751,-3.370105900208446,-0.9605150929308699,-0.2202189109100797,0.44264815501645716,2.3275499696662902,-1.7104068363991378,0.8635558428163407,-2.021533584171511,1.189780071011255,1.5280885007599105,0.3156149389781372,-1.6740272248511807,0.13224092198989318,-4.5563288162200815,1.7344022693148762,0.8418032276998035,2.719980391917114,1.8604945683201513,-3.5378510488243258,-0.5336012478829225,-2.5513459549166764,4.269054222125258,3.2361184758182584,2.458028757495806,2.417290289600413,-2.2635908746600446,0.8726094352787274,0.5042477658474278,0.7663155140841629,-0.8451450368636401,-1.7944420512471746,-4.020461307061693,0.10026043541901189,2.377914511022765,1.5530296368421448
1.6869844943943308,-0.6365350792002445,0.6326333605575706,5.3814903897300495,-0.042506531328503655,0.9330590322029698,-1.4222119260947161,0.267131893434789,0.8187174635411772,3.640153966923335,-0.815294592880034,1.7688686025439024,-1.151667683419459,-0.8666734159708761,-2.920334346279665,-0.5712860303929995,0.7781814783730004,0.14474339991602836,1.7239876171417643,-1.5694841199459904,0.718895512020334,-2.3995518965842444,1.1533685551623474,1.2843434590616623,0.14112645209199948,-1.661279585260162,0.6693033464310779,-4.311867944230213,1.8325146829157846,0.49564126829118604,2.675310129943162,1.7891507999302914,-3.3224925938893604,-1.2591998905703605,-1.6717055747644647,3.2361184758182584,3.0888688702813476,2.1950993615933467,2.607902674289726,-1.7781713207283714,1.1201984214639744,0.9720692129324061,0.3639603664447911,-0.12176577391092665,-1.8416286629517162,-3.5682160468627795,-0.36058785050743447,2.413019827332381,1.5962813074624775
1.2440059318048053,-0.140949412894009,0.48461081987605187,4.129946861121284,-0.05267298423896557,0.7795275218950757,-1.0326740928750568,0.9087982685933869,1.0930170687755882,2.837439946195652,-0.28787257104105146,1.6136841269398208,-0.8145266649754069,-0.37647930440158517,-2.466430989491378,-0.029705272056710624,1.3924680615862601,0.13914237068740087,1.6763601292691481,-1.254905215081113,0.35270109972545594,-1.9537741836123546,0.38727437747109583,1.4159374495271153,-0.14829332712965804,-1.5321030089419485,0.5786802365304826,-3.1850838502006242,1.4624406685140117,0.824351548800764,2.210411420973783,1.130656722533837,-2.9813885809976894,-0.5890222728289041,-1.684287522644153,2.458028757495806,2.1950993615933467,2.274301023210774,2.23172276188038,-1.8548793784015936,1.2805698410748632,1.2713621519119098,0.30514523252411263,-0.17587513534768157,-0.9978669646419506,-2.844659873176427,-1.133046884386213,2.4244399947183877,1.3790634243227804
1.571966295570168,-0.1743020804428473,0.8743231234764992,4.56512753206115,0.32431902612940106,0.844913324199033,-0.929432185930406,1.1736629041233209,1.1314647333032393,2.752432408471239,-0.8816193431243207,1.466035012913785,-0.7318441557703051,-0.1553149036266254,-2.5059032115898483,-0.03155433113411877,1.7277001786323327,-0.023310827855159297,1.5090829635838554,-1.3609264740497777,0.4898939613120371,-2.373279847904618,0.7234936946345566,1.2928870188940405,-0.16147902870923492,-1.6829147435522835,0.9603969105704855,-3.7100659208361675,1.7213519424375479,0.5342115538182083,2.5531939054891373,1.450675114824884,-3.128086281087689,-1.3352621055988945,-1.3291486752480195,2.417290289600413,2.607902674289726,2.23172276188038,2.627543493854936,-1.7006824343081228,1.3790352254353813,1.5089978304804237,0.13297188016020248,0.21785539822371772,-1.4329835408593725,-3.095229889153965,-1.19738080154523,2.516999305267903,1.5888304399522009
-0.9432440956029694,0.12980180179308606,-0.2921700036437165,-3.4990450413829595,0.13842332713198874,-0.6085701153214325,0.8864730705445226,-0.4027042530546596,-0.6587123729610597,-2.4854762057800888,0.057853928133209546,-1.479245329636466,0.7156419957840425,0.5922856636924931,2.067070327780332,0.10124402128197009,-0.7206971385892719,-0.1509916286287976,-1.5337116115374538,0.9728682350762867,-0.3606346426596794,1.4000922483221994,-0.31726658064828756,-1.2310972297848843,0.04596765284052037,1.1952070698499502,-0.324206426838125,2.6197794190976427,-1.1229631173289059,-0.7308933576501769,-1.7450018163372554,-0.9564787484109242,2.4055585138460893,0.40157137813356264,1.618071831708438,-2.2635908746600446,-1.7781713207283714,-1.8548793784015936,-1.7006824343081228,1.6391506996073226,-0.8361106960057653,-0.8699008960754042,-0.3666645764204101,0.357424215487896,0.8465124426760328,2.375243818794053,0.714750136787719,-1.8341118715101712,-1.0863566039944514
0.7485483011761062,-0.06392305152499925,0.3468945567214974,1.7881120339004166,-0.02475528267865778,0.4810711286070446,-0.5760534224523302,1.1805094706773207,1.1895334172301641,1.2992792263331263,-0.29299043785987106,0.6561209281352272,-0.36941628605292814,0.3358381573763862,-1.2479407490530223,0.1109743526747229,1.5918895362812433,0.0935725369247052,0.6179160538606095,-0.8593548790132683,-0.001790917700894525,-1.4019458745222437,0.13804881423499726,0.6046751247529708,-0.2546718037504678,-0.9834941647107157,0.49620976415714935,-1.5537727207551013,0.8984860715141777,0.46404361732287464,1.2999460226457034,0.4505258269607903,-1.652355089165388,-0.08599753321092117,-0.5511341297782426,0.8726094352787274,1.1201984214639744,1.2805698410748632,1.3790352254353813,-0.8361106960057653,1.2102190998145543,0.9932880070214664,-0.0034335497899076004,0.19989692154810032,-0.2957330844363352,-1.4346005829378086,-1.103255586558218,1.673717906197888,0.7866229335599801
