V1,V2,V3,V4,V5,V6,V7,V8,V9,V10,V11,V12,V13,V14,V15,V16,V17,V18,V19,V20,V21,V22,V23,V24,V25,V26,V27,V28,V29,V30,V31,V32,V33,V34,V35,V36,V37,V38,V39,V40,V41,V42,V43,V44
2.3112582647660287,-0.009676222787619987,1.583393501543729,0.5347622052920081,-0.7408618924467563,-2.7490496988911453,0.8115225732257975,-0.3425640102677933,-0.8445010694266749,-1.5971271780566183,0.9448124223328892,-0.22292767966291105,-1.3214515626924224,-0.10876071829673477,0.583944595728555,-0.7832330907355608,1.440903135599205,-0.7465009402879664,1.2236533448624076,-0.6397802484335469,-0.1280997639088898,-1.452451920897173,0.36763855501374365,0.3378662533964587,-0.07310030796775946,0.5603205796282061,0.9083509056123853,-0.5194395097234359,0.7577630133295932,0.43658280826486895,-1.1325458701212994,0.2837239113565099,1.9146162188755604,-0.6494756434243971,0.8178538581549242,0.03781905261982838,-0.7103821548576003,-1.8845391053069507,-0.04029226631541209,0.6559843367768168,-1.2645206814430265,-1.0193295789656955,-0.36013699467063787,2.3442144817054666
-0.009676222787619987,0.4075028274302062,0.2235247628488663,0.11960476311132959,0.3106097904100318,0.37666142049836204,0.1695700651028584,0.2702550001552672,0.6888769273798143,-0.18189384492178481,0.05100725447561184,0.3549693048980841,-0.17327365487142787,-0.2398065580859749,-0.21007753112928443,-0.8297083548732697,-0.5486628628160952,-0.2080018192785577,0.6261751216682636,0.13048309750915776,0.31158857635280535,-0.20649901540198048,-0.5146798234832508,0.049217485242995955,0.28710256597394507,-0.12546218997978428,0.1418518793226876,-0.056117674130610876,0.231500897231549,0.5172275534356999,-0.13240251203778744,0.26248906032195235,0.5177828153691406,-0.013119677129863417,-0.08729110501946212,0.17325376220761585,0.41381770297279197,-0.3252132910772823,0.7317286300672864,-0.2936482180882527,0.024927590774027363,0.11754054817004975,0.056841413152651385,0.3351239160174637
1.583393501543729,0.2235247628488663,1.8282815754775243,-0.08410256303753248,-1.3914947886151174,-2.4651182461329073,0.10414638074870027,0.7576626446401706,-0.02680563009928485,-2.0388592728754977,0.8366961851542313,0.3905965269933439,-1.1028679928968097,-0.786700789638116,-0.14744426881039518,-1.7636114041480624,1.4136923841269113,-0.948371039022833,1.11338236316387,-0.029865557466279283,-0.3720419943706578,-0.9507534232367975,-0.3611785275906398,0.30471911507534905,0.538700335752273,0.18678180455959204,1.1377459510715155,-0.7008869361245754,0.6475463152007723,0.9662302835053853,-0.09568030485630509,0.09154262173918302,2.55210973717274,-0.4186218598655507,0.13581514762933844,-0.22617838691655542,-0.06278242602424056,-1.7265790863466657,-0.05461897453950095,0.14834638115810675,-1.624642507386402,-0.39855416247188746,-0.6687452930494934,2.7316250710389434
0.5347622052920081,0.11960476311132959,-0.08410256303753248,0.8001648911991661,1.086041445586343,0.11448057632745011,0.8882144512764295,-0.8499985115574686,0.04517852880291915,0.4476998803209821,0.10218518007063823,-0.17503816959989354,-0.39252072213863887,0.5210138617049194,0.5172769806960763,0.277550215092697,-0.6469260717124486,-0.1148341671063361,0.8210216321982848,-0.4628869238891646,0.5916158011014132,-0.7288051325132813,0.26068586584608,0.15046666166263764,-0.2498375723441582,0.15865370337087012,-0.10242144429155743,0.20848457834076817,0.40589854544195664,-0.06583174349706974,-1.0949683992023223,0.43398503790695203,-0.06573358991472246,-0.1757342367726829,0.5146521198940184,0.4996994483633265,-0.15595074359692981,-0.4720755855846686,0.7604026722992805,0.21154072376848265,0.5252138870924312,-0.5949489568690924,0.29202273590181416,-0.1808888174650924
-0.7408618924467563,0.3106097904100318,-1.3914947886151174,1.086041445586343,2.7354265664696373,2.6144998562383557,1.1351533599310164,-1.3222354256536826,0.89440179063815,2.1050614935608096,-0.609585326784164,-0.19072064666120167,0.28955721502930964,1.1400830095862307,0.5380009959752805,0.9379367546290027,-2.5399338525224913,0.3693205572935469,0.6801768848448936,-0.3871468040912897,1.2900276459887918,-0.2437154109356694,0.14230545740090939,0.07794943075018411,-0.48269869730540016,-0.22152780231238012,-0.9183905913305452,0.7719129881291751,0.26644311345578847,-0.4267486318835363,-1.4006696731614379,0.7203276928621942,-1.6590596003378204,0.020952691744229417,0.3876510812120113,1.0312485920075414,0.29227274960344324,0.5052144332380467,1.6804580156767175,-0.18970098472261282,1.9977174645812377,-0.2705912375117163,0.9106801814376415,-2.220966785029588
-2.7490496988911453,0.37666142049836204,-2.4651182461329073,0.11448057632745011,2.6144998562383557,5.001032501431929,0.001955250265695665,-0.35926121356267354,1.7998005300383544,2.8210754374323326,-1.4636946268122013,0.12038140348718118,1.5428878779325126,0.886599007373879,-0.3135542882098104,0.8645649237573058,-3.4733383873689627,1.0569291578877062,-0.7350267200074538,0.45118647606942236,1.1559614364441846,1.2931227943739048,-0.548611016172164,-0.2791138068475206,-0.30082291504484976,-0.8719103663251864,-1.5540929646802015,0.8669457478426442,-0.43454476790462104,-0.4851745041160118,-0.08108475786985253,0.39854520368990615,-3.149801002727468,0.3892859011523436,-0.4980288588869425,0.7772753034044761,0.94856562462634475,2.1213746082934115,1.5759441573545496,-1.0942412633843872,2.4981212507705224,1.0935566654534599,1.1572216142527627,-3.824172873638946
0.8115225732257975,0.1695700651028584,0.10414638074870027,0.8882144512764295,1.1351533599310164,0.001955250265695665,1.13607318173846,-0.8631843927237148,0.2430363472586455,0.334630652241255,0.16271920688856226,-0.1960583480218479,-0.5559822586584479,0.6360687671861645,0.5586147692200119,-0.008503099542159519,-0.7489866856912102,-0.3429513406028328,1.0769211246287864,-0.5048524076596566,0.6324992153388279,-0.9709723942895225,0.2854331138501168,0.27356893336692295,-0.2703863974157449,0.03534305192815485,0.03481784337314233,0.1328466206542996,0.6602283608677545,-0.01775077967538573,-1.4538084538296177,0.637232573736204,0.21457449407810886,-0.4364699677230093,0.6308588336346789,0.6787942853854593,-0.1692782712623657,-0.8345149664850369,1.0011713364657042,0.1790563920797979,0.46934223446457973,-0.7527423246128947,0.2636474297259862,0.05346506603090955
-0.3425640102677933,0.2702550001552672,0.7576626446401706,-0.8499985115574686,-1.3222354256536826,-0.35926121356267354,-0.8631843927237148,1.5074934358757615,0.7749295247110433,-1.1707321407122153,0.10143731666706499,0.706288708606573,0.0386783438038267,-0.9924554058611361,-0.9012447693933081,-1.586035559668686,0.5027026093624716,-0.39384203362708636,-0.09970960208721387,0.7207383534250675,-0.48125091754989135,0.39912293049161923,-0.8944912494382813,-0.034195544625544964,0.7646051632853189,-0.37050059600623686,0.5481085613459662,-0.4821261496487522,-0.029641443853153867,0.8141631732329662,1.177445242285424,-0.22154547675365174,1.2407421428808876,0.06805992113798014,-0.7065305122679262,-0.44141575551673073,0.5953774451244672,-0.2081534665037598,-0.1775145124641595,-0.5667287865777184,-0.9639671872237071,0.694540043890852,-0.49513294543424174,1.1794048421032208
-0.8445010694266749,0.6888769273798143,-0.02680563009928485,0.04517852880291915,0.89440179063815,1.7998005300383544,0.2430363472586455,0.7749295247110433,2.4267777059868663,0.24438082169810668,-0.3197419529218086,0.7650706567868132,0.10881183577270932,-0.06569409161918086,-0.7228875748500948,-1.6210449083928582,-1.8841305556526382,-0.6916691732106252,0.8729579253209875,0.5919363024910183,0.6882909732333283,-0.10225851488844191,-1.0880739164620186,0.21819857451198593,0.6992090398095643,-0.9542539774054309,0.12577204516733873,-0.003321366034206796,0.6050736255841223,0.8398791419254529,-0.155529822452311,0.7060713848538085,0.6756971189390168,-0.2456123160621049,-0.5051511604059068,0.622657524148318,0.9985079124804372,-0.38935309451142475,1.7268914510535935,-1.0509973258071912,0.53070064497526,0.3496998841632501,0.1199410082247303,-0.22892356458623156
-1.5971271780566183,-0.18189384492178481,-2.0388592728754977,0.4476998803209821,2.1050614935608096,2.8210754374323326,0.334630652241255,-1.1707321407122153,0.24438082169810668,2.610335833832796,-0.9378649191992032,-0.44844398435033905,1.0095690302776466,1.180257729551837,0.4011219118386516,2.016631409807692,-1.9932682457861308,0.8531728248786836,-0.6876754941756903,-0.15716330658088867,0.6536536217975132,0.7338604742185457,0.5523853162156318,-0.13186336111701058,-0.6795757586314148,-0.2773817768537655,-1.2676336257130323,0.9269564709566775,-0.4149777662599636,-1.1609389483014299,-0.4221315422879601,0.12517532724753494,-2.6807433163083103,0.3421537303975325,0.018082078460756892,0.5890113084961054,0.14304648909103754,1.611676511737514,0.4745595983656386,-0.05030678671521905,2.121433514446499,0.09959414773571709,0.7671465818136283,-3.127218700840478
0.9448124223328892,0.05100725447561184,0.8366961851542313,0.10218518007063823,-0.609585326784164,-1.4636946268122013,0.16271920688856226,0.10143731666706499,-0.3197419529218086,-0.9378649191992032,0.5622861273115801,0.04067477363767061,-0.5625835635195644,-0.3455629209316411,0.03419190971932583,-0.5139478793004075,0.8646910074740041,-0.45688714804124314,0.4841162149777008,-0.11923616006981298,-0.20082112036947325,-0.5815511909535489,0.005684059577748031,0.06468938316801362,0.2113955477542748,0.26854382470792876,0.561503914790446,-0.2665311407300292,0.20950209249353366,0.342424069874669,-0.10768751433819275,0.03945030127301917,1.2065954415456523,-0.12784472193329813,0.1731768734144196,-0.1716061462124102,-0.20767449211306568,-0.8360931117506474,-0.1633333384060945,0.26152150848882505,-0.7088015997098277,-0.4032297291164668,-0.3056414198180641,1.325867354922072
-0.22292767966291105,0.3549693048980841,0.3905965269933439,-0.17503816959989354,-0.19072064666120167,0.12038140348718118,-0.1960583480218479,0.706288708606573,0.7650706567868132,-0.44844398435033905,0.04067477363767061,0.5743891684142733,-0.11932354540265855,-0.5017416554828751,-0.4501791450488875,-1.0584936217419796,-0.25511977166676575,-0.27886348921929505,0.44536821429711193,0.3461756985109309,0.07271170043825266,-0.015209354295965219,-0.6494954508104848,0.02752646465031477,0.49912001584655014,-0.21809320926332623,0.25683562072149635,-0.17586824311004592,0.1673300984258898,0.6278764212447507,0.3877740586666079,0.05277067299435659,0.7747752818131595,0.09424911901090556,-0.33641237761274967,-0.02535794100542992,0.5520816746405602,-0.2568110093880892,0.43023160536552396,-0.39456665535306223,-0.2592342382191708,0.3109248710832567,-0.15994692584983738,0.6074545356476224
-1.3214515626924224,-0.17327365487142787,-1.1028679928968097,-0.39252072213863887,0.28955721502930964,1.5428878779325126,-0.5559822586584479,0.0386783438038267,0.10881183577270932,1.0095690302776466,-0.5625835635195644,-0.11932354540265855,0.9373168524157093,0.17562316635775235,-0.2629628117142917,0.8792671619698804,-0.590404461340395,0.6033401513887426,-1.160298564261052,0.32690877964803466,-0.07224362939257356,0.9858699164004321,0.019725366670740842,-0.30255702480288743,-0.13580222425550847,-0.24014281965454362,-0.6327071126812217,0.31753833170907614,-0.6324529330952752,-0.5153221552228804,0.6946837510008192,-0.2576920550421507,-1.5163943603904328,0.35907547513835053,-0.4019511936109231,-0.13354944357161724,0.14888674667058843,1.3303566407558227,-0.32050947673455926,-0.2692669704860304,0.7473244537861119,0.5906969993452231,0.26806050769315304,-1.6069410715318753
-0.10876071829673477,-0.2398065580859749,-0.786700789638116,0.5210138617049194,1.1400830095862307,0.886599007373879,0.6360687671861645,-0.9924554058611361,-0.06569409161918086,1.180257729551837,-0.3455629209316411,-0.5017416554828751,0.17562316635775235,0.9952948123450667,0.5677026422526686,1.0982202949514765,-0.8450202375958025,0.22063027162547627,-0.07718560323912191,-0.3960396862203452,0.4087337759143057,-0.13703695264949953,0.6398008761182988,0.11652512265211253,-0.5966942689768522,-0.10589719800445474,-0.526198032408907,0.3733853469788672,0.15825029421027587,-0.7159013657685506,-0.9581966349352805,0.28255959290615157,-1.1968742957201144,-0.250419104893783,0.421425027636284,0.5296973161967441,-0.33513455880474485,0.26469154415984686,0.33566368736474766,0.1650944403410903,0.939029473498132,-0.3998219721170342,0.4099734359556038,-1.3256488920587384
0.583944595728555,-0.21007753112928443,-0.14744426881039518,0.5172769806960763,0.5380009959752805,-0.3135542882098104,0.5586147692200119,-0.9012447693933081,-0.7228875748500948,0.4011219118386516,0.03419190971932583,-0.4501791450488875,-0.2629628117142917,0.5677026422526686,0.6913561002219694,0.818761109681399,0.058964976166489866,0.1963694420822532,0.24245016073792686,-0.5643955108709192,0.20285241610841043,-0.3938937222137067,0.625963034246609,0.12708121113443707,-0.5284770651908718,0.33025553346646297,-0.2030174466217274,0.17415973780495445,0.1455509224765576,-0.44374591299048655,-0.8433948578645094,0.08045615629857585,-0.46181387999472023,-0.152505404665358,0.5543695234616388,0.23705670117892094,-0.4733378045284221,-0.15132462245797873,-0.027726770566752844,0.48765022116800066,0.25719939383047724,-0.5175193621602207,0.19818190871854582,-0.2881828031636035
-0.7832330907355608,-0.8297083548732697,-1.7636114041480624,0.277550215092697,0.9379367546290027,0.8645649237573058,-0.008503099542159519,-1.586035559668686,-1.6210449083928582,2.016631409807692,-0.5139478793004075,-1.0584936217419796,0.8792671619698804,1.0982202949514765,0.818761109681399,3.1820456499532237,-0.05121479922880416,1.1225854166325324,-1.5221099138666105,-0.5295010189144999,-0.08068504803364047,0.7423050287896931,1.3895728886593923,-0.30902923316862774,-1.0314116118363232,0.4437320896130293,-1.1211416349207395,0.806060660681524,-0.8951410730391961,-1.7113310020177475,-0.05573812982817561,-0.4709540988214319,-2.754446740074773,0.4829059044387975,0.3166323287699525,-0.06854519355208108,-0.8077593998210325,1.709252659505059,-1.147198048460103,0.772591082323591,1.374272991589796,-0.2804545081249894,0.4893000140026302,-2.5791788772275592
1.440903135599205,-0.5486628628160952,1.4136923841269113,-0.6469260717124486,-2.5399338525224913,-3.4733383873689627,-0.7489866856912102,0.5027026093624716,-1.8841305556526382,-1.9932682457861308,0.8646910074740041,-0.25511977166676575,-0.590404461340395,-0.8450202375958025,0.058964976166489866,-0.05121479922880416,3.0990880241776297,-0.2553471074450112,-0.5337432078559946,-0.14084476170532312,-1.27862498350508,-0.14747850274976185,0.4762256501312688,-0.044667510869424984,0.11806220252949937,0.7399149446958827,0.8882123142291753,-0.6158665014364385,-0.30656051875110285,0.05136070939977113,0.9091343512198218,-0.7811985676541531,1.5491590365229189,0.01146675425751097,0.07854937523044576,-1.0454483688998952,-0.8371822505061128,-0.6824104345501267,-2.04200142635294,0.8269830233821074,-1.9619917891328895,-0.31284744504566986,-0.8619730510091019,2.2766801065068525
-0.7465009402879664,-0.2080018192785577,-0.948371039022833,-0.1148341671063361,0.3693205572935469,1.0569291578877062,-0.3429513406028328,-0.39384203362708636,-0.6916691732106252,0.8531728248786836,-0.45688714804124314,-0.27886348921929505,0.6033401513887426,0.22063027162547627,0.1963694420822532,1.1225854166325324,-0.2553471074450112,0.9793859303125277,-0.8833852855083155,-0.08203092510515689,0.04699428431153501,0.7272789809203378,0.24111391048237668,-0.29455351620557085,-0.48103373887461903,0.22976370994063072,-0.7356226033580483,0.27864008190977,-0.6052815278042162,-0.5490612940808675,0.2802581525134853,-0.3600703266210953,-1.7263188870009905,0.3913449897306971,0.004214896767755666,-0.1597675395472862,-0.10652743356765383,1.2128627311060776,-0.4200558974252113,0.06558015346542556,0.5609722451270617,0.4727814333370013,0.4065119998992178,-1.3451770888693952
1.2236533448624076,0.6261751216682636,1.11338236316387,0.8210216321982848,0.6801768848448936,-0.7350267200074538,1.0769211246287864,-0.09970960208721387,0.8729579253209875,-0.6876754941756903,0.4841162149777008,0.44536821429711193,-1.160298564261052,-0.07718560323912191,0.24245016073792686,-1.5221099138666105,-0.5337432078559946,-0.8833852855083155,2.155385549924185,-0.3400420040679734,0.6777053781833918,-1.3510074912927754,-0.4322089266942936,0.5073554264465748,0.3266303312964748,0.010939241310837114,0.6418388275651442,-0.173030346489969,1.0668636696066898,0.9143195715383525,-1.2472989605411666,0.7173642441608558,1.8920866040269728,-0.42813030001022334,0.4154954216008385,0.6316577526496795,0.35429932835798733,-1.725197979990269,1.4724898374473854,-7.33201563496361e-4,-0.27723436406952606,-0.6823485307271826,-0.09667393797738397,1.5284799461121799
-0.6397802484335469,0.13048309750915776,-0.029865557466279283,-0.4628869238891646,-0.3871468040912897,0.45118647606942236,-0.5048524076596566,0.7207383534250675,0.5919363024910183,-0.15716330658088867,-0.11923616006981298,0.3461756985109309,0.32690877964803466,-0.3960396862203452,-0.5643955108709192,-0.5295010189144999,-0.14084476170532312,-0.08203092510515689,-0.3400420040679734,0.4896887071186218,-0.1770262912620234,0.4401535714173932,-0.46861436731023587,-0.12384515972909883,0.38530851856977477,-0.3179828454156065,0.0686381487624421,-0.09809240269348939,-0.17349357274056737,0.2590418770704301,0.7365836330247714,-0.1008733609189233,0.15320761223144583,0.14604379338784892,-0.4862118378306563,-0.18744744891990134,0.39861232832814486,0.28824202117294095,-0.024025579831983442,-0.4183942134793219,-0.09830492784573529,0.47874947331316353,-0.1302331309780439,0.005645817926225472
-0.1280997639088898,0.31158857635280535,-0.3720419943706578,0.5916158011014132,1.2900276459887918,1.1559614364441846,0.6324992153388279,-0.48125091754989135,0.6882909732333283,0.6536536217975132,-0.20082112036947325,0.07271170043825266,-0.07224362939257356,0.4087337759143057,0.20285241610841043,-0.08068504803364047,-1.27862498350508,0.04699428431153501,0.6777053781833918,-0.1770262912620234,0.7799196304570976,-0.3491103654911469,-0.19434667111923526,0.07868579026906376,-0.09370708173065455,-0.10783421929657615,-0.29890153390651064,0.22497271662848223,0.32161405737687343,0.15779032834542833,-0.8092018987232336,0.46362900073195334,-0.40674426801327335,-0.085018934498492793,0.22672053641228848,0.537248510279188,0.2027575810594494,-0.0913819760489023,1.12679494006518,-0.2320889726819431,0.7348066011588258,-0.10461425142503059,0.4547435269185473,-0.6545458289624086
-1.452451920897173,-0.20649901540198048,-0.9507534232367975,-0.7288051325132813,-0.2437154109356694,1.2931227943739048,-0.9709723942895225,0.39912293049161923,-0.10225851488844191,0.7338604742185457,-0.5815511909535489,-0.015209354295965219,0.9858699164004321,-0.13703695264949953,-0.3938937222137067,0.7423050287896931,-0.14747850274976185,0.7272789809203378,-1.3510074912927754,0.4401535714173932,-0.3491103654911469,1.3033808751642844,-0.09125212065635097,-0.3088376101215735,-0.057886758530643144,-0.1825754353890246,-0.5670076783221993,0.231416388706174,-0.8122943034693457,-0.4495315567022309,1.1920339103143505,-0.5360792438822691,-1.3662370332420894,0.5090790942964255,-0.6029434619230201,-0.3946940684190468,0.250722932330123,1.4916298950091882,-0.7253881954296385,-0.24189952707697435,0.4033480243387174,0.8483704489050103,0.09226335241309998,-1.3638528027631773
0.36763855501374365,-0.5146798234832508,-0.3611785275906398,0.26068586584608,0.14230545740090939,-0.548611016172164,0.2854331138501168,-0.8944912494382813,-1.0880739164620186,0.5523853162156318,0.005684059577748031,-0.6494954508104848,0.019725366670740842,0.6398008761182988,0.625963034246609,1.3895728886593923,0.4762256501312688,0.24111391048237668,-0.4322089266942936,-0.46861436731023587,-0.19434667111923526,-0.09125212065635097,0.9675727721550055,0.027453284333300756,-0.6090870049525855,0.288147085678522,-0.24562777453965892,0.21985420181959217,-0.12296917144360374,-0.8740277275678524,-0.4581888735516702,-0.13941505998719755,-0.7675402422722399,-0.08784332881186645,0.4374660987185693,0.04141807530678167,-0.6585153523171049,0.20105950547403026,-0.6858010169793832,0.6253389812085395,0.27710682784788915,-0.5348370217048959,0.045826774060318806,-0.5453266934616198
0.3378662533964587,0.049217485242995955,0.30471911507534905,0.15046666166263764,0.07794943075018411,-0.2791138068475206,0.27356893336692295,-0.034195544625544964,0.21819857451198593,-0.13186336111701058,0.06468938316801362,0.02752646465031477,-0.30255702480288743,0.11652512265211253,0.12708121113443707,-0.30902923316862774,-0.044667510869424984,-0.29455351620557085,0.5073554264465748,-0.12384515972909883,0.07868579026906376,-0.3088376101215735,0.027453284333300756,0.25011766233243604,0.008019568487610018,-0.09039816322594053,0.18660881943012048,-0.043514407189362024,0.3456639147885172,0.10047353236507153,-0.382631477448322,0.1738747255223778,0.5092000193253221,-0.23235198632573878,0.11285512584592682,0.21034104665157727,0.02216462234647186,-0.49766876043373215,0.2584295992146427,0.05164444426451086,-0.11427502656031462,-0.24702981103133154,-0.10161669592127275,0.3413510618048076
-0.07310030796775946,0.28710256597394507,0.538700335752273,-0.2498375723441582,-0.48269869730540016,-0.30082291504484976,-0.2703863974157449,0.7646051632853189,0.6992090398095643,-0.6795757586314148,0.2113955477542748,0.49912001584655014,-0.13580222425550847,-0.5966942689768522,-0.5284770651908718,-1.0314116118363232,0.11806220252949937,-0.48103373887461903,0.3266303312964748,0.38530851856977477,-0.09370708173065455,-0.057886758530643144,-0.6090870049525855,0.008019568487610018,0.6238801136764524,-0.18675531441825133,0.44036996420996555,-0.2133614472035568,0.10350535609700777,0.6466891359575353,0.5467918390192733,0.030272293265391978,1.1142575425778032,0.08211654701117779,-0.3883831052251929,-0.16277078291606514,0.4057244307879223,-0.38851767311550184,0.20231584116006732,-0.31147736500687473,-0.44135559713865735,0.173476535644557,-0.288805726644076,0.841745557334122
0.5603205796282061,-0.12546218997978428,0.18678180455959204,0.15865370337087012,-0.22152780231238012,-0.8719103663251864,0.03534305192815485,-0.37050059600623686,-0.9542539774054309,-0.2773817768537655,0.26854382470792876,-0.21809320926332623,-0.24014281965454362,-0.10589719800445474,0.33025553346646297,0.4437320896130293,0.7399149446958827,0.22976370994063072,0.010939241310837114,-0.3179828454156065,-0.10783421929657615,-0.1825754353890246,0.288147085678522,-0.09039816322594053,-0.18675531441825133,0.5420169108946346,0.03526260953186434,-0.011882929104956414,-0.17638211519844813,-0.09071028186605833,-0.050098662995047005,-0.21558700433865025,0.020928084962565353,0.1639415888675456,0.2772737134871765,-0.24121273060307186,-0.3641068108237503,-0.05817127823047609,-0.4653843507312099,0.45225661127827627,-0.2806433560182553,-0.2118665469307853,-0.004373152937048764,0.3759230819952708
0.9083509056123853,0.1418518793226876,1.1377459510715155,-0.10242144429155743,-0.9183905913305452,-1.5540929646802015,0.03481784337314233,0.5481085613459662,0.12577204516733873,-1.2676336257130323,0.561503914790446,0.25683562072149635,-0.6327071126812217,-0.526198032408907,-0.2030174466217274,-1.1211416349207395,0.8882123142291753,-0.7356226033580483,0.6418388275651442,0.0686381487624421,-0.29890153390651064,-0.5670076783221993,-0.24562777453965892,0.18660881943012048,0.44036996420996555,0.03526260953186434,0.7889532113143282,-0.4140575953828818,0.37984987569887757,0.5979407367191482,0.05279147459224254,0.08686377512467883,1.7460133500596902,-0.25359227864630624,-0.012895960787179687,-0.15587410617368358,-5.564477709532909e-4,-1.0929141590593907,-0.05689123385821802,0.0636728025720212,-0.9819086763062449,-0.2902524069710648,-0.4863823669390892,1.713305656467467
-0.5194395097234359,-0.056117674130610876,-0.7008869361245754,0.20848457834076817,0.7719129881291751,0.8669457478426442,0.1328466206542996,-0.4821261496487522,-0.003321366034206796,0.9269564709566775,-0.2665311407300292,-0.17586824311004592,0.31753833170907614,0.3733853469788672,0.17415973780495445,0.806060660681524,-0.6158665014364385,0.27864008190977,-0.173030346489969,-0.09809240269348939,0.22497271662848223,0.231416388706174,0.21985420181959217,-0.043514407189362024,-0.2133614472035568,-0.011882929104956414,-0.4140575953828818,0.38359092820233937,-0.19271727570945488,-0.4119546265303603,-0.11249121243912717,0.023335965617288672,-0.8397663565706183,0.2020183180117468,0.0026867693674488785,0.17512252324961622,0.04173333316004794,0.5505092695270859,0.12200284433949116,0.07977866911077432,0.7617031682900116,-0.043101112222379695,0.2436228813477861,-1.0614926671080893
0.7577630133295932,0.231500897231549,0.6475463152007723,0.40589854544195664,0.26644311345578847,-0.43454476790462104,0.6602283608677545,-0.029641443853153867,0.6050736255841223,-0.4149777662599636,0.20950209249353366,0.1673300984258898,-0.6324529330952752,0.15825029421027587,0.1455509224765576,-0.8951410730391961,-0.30656051875110285,-0.6052815278042162,1.0668636696066898,-0.17349357274056737,0.32161405737687343,-0.8122943034693457,-0.12296917144360374,0.3456639147885172,0.10350535609700777,-0.17638211519844813,0.37984987569887757,-0.19271727570945488,0.7497301237347644,0.4103111599017672,-0.8743643777938337,0.4799138285525398,0.9925795981908575,-0.4958374048774422,0.2936337840377949,0.4492269227856823,0.0666528365088531,-1.0791894430594358,0.8064340655407101,-0.08362867091835315,-0.21475069720041923,-0.43097632606170255,-0.07236920894166689,0.8265168031834782
0.43658280826486895,0.5172275534356999,0.9662302835053853,-0.06583174349706974,-0.4267486318835363,-0.4851745041160118,-0.01775077967538573,0.8141631732329662,0.8398791419254529,-1.1609389483014299,0.342424069874669,0.6278764212447507,-0.5153221552228804,-0.7159013657685506,-0.44374591299048655,-1.7113310020177475,0.05136070939977113,-0.5490612940808675,0.9143195715383525,0.2590418770704301,0.15779032834542833,-0.4495315567022309,-0.8740277275678524,0.10047353236507153,0.6466891359575353,-0.09071028186605833,0.5979407367191482,-0.4119546265303603,0.4103111599017672,1.0868558645219248,0.11443803493207994,0.22518954589144194,1.5437096610587322,-0.11194243190946651,-0.17823751548264208,-0.04139798419633932,0.4331003616113101,-0.9029095079123153,0.6748901855179233,-0.4062337203538348,-0.7553636569251482,0.16760889640416127,-0.20048459691794623,1.4382779284090792
-1.1325458701212994,-0.13240251203778744,-0.09568030485630509,-1.0949683992023223,-1.4006696731614379,-0.08108475786985253,-1.4538084538296177,1.177445242285424,-0.155529822452311,-0.4221315422879601,-0.10768751433819275,0.3877740586666079,0.6946837510008192,-0.9581966349352805,-0.8433948578645094,-0.05573812982817561,0.9091343512198218,0.2802581525134853,-1.2472989605411666,0.7365836330247714,-0.8092018987232336,1.1920339103143505,-0.4581888735516702,-0.382631477448322,0.5467918390192733,-0.050098662995047005,0.05279147459224254,-0.11249121243912717,-0.8743643777938337,0.11443803493207994,2.0432702242988943,-0.8030393888363179,0.014291376279085064,0.708542410866986,-0.9271624180564355,-0.8988739531609787,0.3719930350532212,1.0262523272122857,-1.2226542928186257,-0.23233822941101256,-0.5217927855170951,0.8989802548496967,-0.42302875788058697,0.053416593384057735
0.2837239113565099,0.26248906032195235,0.09154262173918302,0.43398503790695203,0.7203276928621942,0.39854520368990615,0.637232573736204,-0.22154547675365174,0.7060713848538085,0.12517532724753494,0.03945030127301917,0.05277067299435659,-0.2576920550421507,0.28255959290615157,0.08045615629857585,-0.4709540988214319,-0.7811985676541531,-0.3600703266210953,0.7173642441608558,-0.1008733609189233,0.46362900073195334,-0.5360792438822691,-0.13941505998719755,0.1738747255223778,0.030272293265391978,-0.21558700433865025,0.08686377512467883,0.023335965617288672,0.4799138285525398,0.22518954589144194,-0.8030393888363179,0.5294248551228659,0.30789032247926584,-0.33481328966052754,0.2149835858671817,0.48143646793752837,0.11449811415015479,-0.5652268584175757,0.9281258661008525,-0.18512917741828439,0.2991341484674131,-0.28609670963168826,0.1706180204192348,0.04624426837749073
1.9146162188755604,0.5177828153691406,2.55210973717274,-0.06573358991472246,-1.6590596003378204,-3.149801002727468,0.21457449407810886,1.2407421428808876,0.6756971189390168,-2.6807433163083103,1.2065954415456523,0.7747752818131595,-1.5163943603904328,-1.1968742957201144,-0.46181387999472023,-2.754446740074773,1.5491590365229189,-1.7263188870009905,1.8920866040269728,0.15320761223144583,-0.40674426801327335,-1.3662370332420894,-0.7675402422722399,0.5092000193253221,1.1142575425778032,0.020928084962565353,1.7460133500596902,-0.8397663565706183,0.9925795981908575,1.5437096610587322,0.014291376279085064,0.30789032247926584,4.101529287725887,-0.49545039864612594,-0.0777547122559181,-0.19340549355172548,0.26008998288495994,-2.5576004514037196,0.3114715568776115,0.058120927332957414,-2.0118759273849993,-0.6546832010454516,-1.0418374439729083,3.7935227422613433
-0.6494756434243971,-0.013119677129863417,-0.4186218598655507,-0.1757342367726829,0.020952691744229417,0.3892859011523436,-0.4364699677230093,0.06805992113798014,-0.2456123160621049,0.3421537303975325,-0.12784472193329813,0.09424911901090556,0.35907547513835053,-0.250419104893783,-0.152505404665358,0.4829059044387975,0.01146675425751097,0.3913449897306971,-0.42813030001022334,0.14604379338784892,-0.085018934498492793,0.5090790942964255,-0.08784332881186645,-0.23235198632573878,0.08211654701117779,0.1639415888675456,-0.25359227864630624,0.2020183180117468,-0.4958374048774422,-0.11194243190946651,0.708542410866986,-0.33481328966052754,-0.49545039864612594,0.5339334547459772,-0.2880895860795422,-0.2861821842362899,0.19084175759245053,0.7273835798368744,-0.35309986351878664,0.03153512854133894,0.2499628178464341,0.31966717132938605,0.035901736546933564,-0.4978999543543614
0.8178538581549242,-0.08729110501946212,0.13581514762933844,0.5146521198940184,0.3876510812120113,-0.4980288588869425,0.6308588336346789,-0.7065305122679262,-0.5051511604059068,0.018082078460756892,0.1731768734144196,-0.33641237761274967,-0.4019511936109231,0.421425027636284,0.5543695234616388,0.3166323287699525,0.07854937523044576,0.004214896767755666,0.4154954216008385,-0.4862118378306563,0.22672053641228848,-0.6029434619230201,0.4374660987185693,0.11285512584592682,-0.3883831052251929,0.2772737134871765,-0.012895960787179687,0.0026867693674488785,0.2936337840377949,-0.17823751548264208,-0.9271624180564355,0.2149835858671817,-0.0777547122559181,-0.2880895860795422,0.5802298815999265,0.25173669484068295,-0.4358648361231566,-0.46545524870330546,0.17905473078028802,0.3441365799824755,0.03416893354021728,-0.5094265076907089,0.16565072874553535,0.1634695751613278
0.03781905261982838,0.17325376220761585,-0.22617838691655542,0.4996994483633265,1.0312485920075414,0.7772753034044761,0.6787942853854593,-0.44141575551673073,0.622657524148318,0.5890113084961054,-0.1716061462124102,-0.02535794100542992,-0.13354944357161724,0.5296973161967441,0.23705670117892094,-0.06854519355208108,-1.0454483688998952,-0.1597675395472862,0.6316577526496795,-0.18744744891990134,0.537248510279188,-0.3946940684190468,0.04141807530678167,0.21034104665157727,-0.16277078291606514,-0.24121273060307186,-0.15587410617368358,0.17512252324961622,0.4492269227856823,-0.04139798419633932,-0.8988739531609787,0.48143646793752837,-0.19340549355172548,-0.2861821842362899,0.25173669484068295,0.5980496795420429,0.13233584936622225,-0.28736231051481803,0.9150578975434525,-0.12855308884698144,0.6122846508323576,-0.2680462913153822,0.26606847553628593,-0.470040494696734
-0.7103821548576003,0.41381770297279197,-0.06278242602424056,-0.15595074359692981,0.29227274960344324,0.94856562462634475,-0.1692782712623657,0.5953774451244672,0.9985079124804372,0.14304648909103754,-0.20767449211306568,0.5520816746405602,0.14888674667058843,-0.33513455880474485,-0.4733378045284221,-0.8077593998210325,-0.8371822505061128,-0.10652743356765383,0.35429932835798733,0.39861232832814486,0.2027575810594494,0.250722932330123,-0.6585153523171049,0.02216462234647186,0.4057244307879223,-0.3641068108237503,-5.564477709532909e-4,0.04173333316004794,0.0666528365088531,0.4331003616113101,0.3719930350532212,0.11449811415015479,0.26008998288495994,0.19084175759245053,-0.4358648361231566,0.13233584936622225,0.7694861867500231,0.12817778338741295,0.6445121966915898,-0.48798778899980755,0.24350621008790826,0.4450856204839021,-0.015152428191521738,-0.08036584205904129
-1.8845391053069507,-0.3252132910772823,-1.7265790863466657,-0.4720755855846686,0.5052144332380467,2.1213746082934115,-0.8345149664850369,-0.2081534665037598,-0.38935309451142475,1.611676511737514,-0.8360931117506474,-0.2568110093880892,1.3303566407558227,0.26469154415984686,-0.15132462245797873,1.709252659505059,-0.6824104345501267,1.2128627311060776,-1.725197979990269,0.28824202117294095,-0.0913819760489023,1.4916298950091882,0.20105950547403026,-0.49766876043373215,-0.38851767311550184,-0.05817127823047609,-1.0929141590593907,0.5505092695270859,-1.0791894430594358,-0.9029095079123153,1.0262523272122857,-0.5652268584175757,-2.5576004514037196,0.7273835798368744,-0.46545524870330546,-0.28736231051481803,0.12817778338741295,2.167864226687719,-0.697144102761191,-0.162631354179012,1.1393292376864417,0.8623402980388134,0.46055178557646165,-2.4685470368436806
-0.04029226631541209,0.7317286300672864,-0.05461897453950095,0.7604026722992805,1.6804580156767175,1.5759441573545496,1.0011713364657042,-0.1775145124641595,1.7268914510535935,0.4745595983656386,-0.1633333384060945,0.43023160536552396,-0.32050947673455926,0.33566368736474766,-0.027726770566752844,-1.147198048460103,-2.04200142635294,-0.4200558974252113,1.4724898374473854,-0.024025579831983442,1.12679494006518,-0.7253881954296385,-0.6858010169793832,0.2584295992146427,0.20231584116006732,-0.4653843507312099,-0.05689123385821802,0.12200284433949116,0.8064340655407101,0.6748901855179233,-1.2226542928186257,0.9281258661008525,0.3114715568776115,-0.35309986351878664,0.17905473078028802,0.9150578975434525,0.6445121966915898,-0.697144102761191,2.1013832633581577,-0.6274898085826217,0.7922016434840667,-0.11711098809397291,0.46705164698758106,-0.24632213183281632
0.6559843367768168,-0.2936482180882527,0.14834638115810675,0.21154072376848265,-0.18970098472261282,-1.0942412633843872,0.1790563920797979,-0.5667287865777184,-1.0509973258071912,-0.05030678671521905,0.26152150848882505,-0.39456665535306223,-0.2692669704860304,0.1650944403410903,0.48765022116800066,0.772591082323591,0.8269830233821074,0.06558015346542556,-7.33201563496361e-4,-0.4183942134793219,-0.2320889726819431,-0.24189952707697435,0.6253389812085395,0.05164444426451086,-0.31147736500687473,0.45225661127827627,0.0636728025720212,0.07977866911077432,-0.08362867091835315,-0.4062337203538348,-0.23233822941101256,-0.18512917741828439,0.058120927332957414,0.03153512854133894,0.3441365799824755,-0.12855308884698144,-0.48798778899980755,-0.162631354179012,-0.6274898085826217,0.6491844456607627,-0.16891916276939978,-0.497043482032133,-0.12143051674743682,0.2563843328371256
-1.2645206814430265,0.024927590774027363,-1.624642507386402,0.5252138870924312,1.9977174645812377,2.4981212507705224,0.46934223446457973,-0.9639671872237071,0.53070064497526,2.121433514446499,-0.7088015997098277,-0.2592342382191708,0.7473244537861119,0.939029473498132,0.25719939383047724,1.374272991589796,-1.9619917891328895,0.5609722451270617,-0.27723436406952606,-0.09830492784573529,0.7348066011588258,0.4033480243387174,0.27710682784788915,-0.11427502656031462,-0.44135559713865735,-0.2806433560182553,-0.9819086763062449,0.7617031682900116,-0.21475069720041923,-0.7553636569251482,-0.5217927855170951,0.2991341484674131,-2.0118759273849993,0.2499628178464341,0.03416893354021728,0.6122846508323576,0.24350621008790826,1.1393292376864417,0.7922016434840667,-0.16891916276939978,1.8541260169917588,0.036601807581084264,0.6993825917990063,-2.4733632802509926
-1.0193295789656955,0.11754054817004975,-0.39855416247188746,-0.5949489568690924,-0.2705912375117163,1.0935566654534599,-0.7527423246128947,0.694540043890852,0.3496998841632501,0.09959414773571709,-0.4032297291164668,0.3109248710832567,0.5906969993452231,-0.3998219721170342,-0.5175193621602207,-0.2804545081249894,-0.31284744504566986,0.4727814333370013,-0.6823485307271826,0.47874947331316353,-0.10461425142503059,0.8483704489050103,-0.5348370217048959,-0.24702981103133154,0.173476535644557,-0.2118665469307853,-0.2902524069710648,-0.043101112222379695,-0.43097632606170255,0.16760889640416127,0.8989802548496967,-0.28609670963168826,-0.6546832010454516,0.31966717132938605,-0.5094265076907089,-0.2680462913153822,0.4450856204839021,0.8623402980388134,-0.11711098809397291,-0.497043482032133,0.036601807581084264,0.8982384481138883,0.10209056426187071,-0.5403017166216614
-0.36013699467063787,0.056841413152651385,-0.6687452930494934,0.29202273590181416,0.9106801814376415,1.1572216142527627,0.2636474297259862,-0.49513294543424174,0.1199410082247303,0.7671465818136283,-0.3056414198180641,-0.15994692584983738,0.26806050769315304,0.4099734359556038,0.19818190871854582,0.4893000140026302,-0.8619730510091019,0.4065119998992178,-0.09667393797738397,-0.1302331309780439,0.4547435269185473,0.09226335241309998,0.045826774060318806,-0.10161669592127275,-0.288805726644076,-0.004373152937048764,-0.4863823669390892,0.2436228813477861,-0.07236920894166689,-0.20048459691794623,-0.42302875788058697,0.1706180204192348,-1.0418374439729083,0.035901736546933564,0.16565072874553535,0.26606847553628593,-0.015152428191521738,0.46055178557646165,0.46705164698758106,-0.12143051674743682,0.6993825917990063,0.10209056426187071,0.47062016770498805,-1.028772679275101
2.3442144817054666,0.3351239160174637,2.7316250710389434,-0.1808888174650924,-2.220966785029588,-3.824172873638946,0.05346506603090955,1.1794048421032208,-0.22892356458623156,-3.127218700840478,1.325867354922072,0.6074545356476224,-1.6069410715318753,-1.3256488920587384,-0.2881828031636035,-2.5791788772275592,2.2766801065068525,-1.3451770888693952,1.5284799461121799,0.005645817926225472,-0.6545458289624086,-1.3638528027631773,-0.5453266934616198,0.3413510618048076,0.841745557334122,0.3759230819952708,1.713305656467467,-1.0614926671080893,0.8265168031834782,1.4382779284090792,0.053416593384057735,0.04624426837749073,3.7935227422613433,-0.4978999543543614,0.1634695751613278,-0.470040494696734,-0.08036584205904129,-2.4685470368436806,-0.24632213183281632,0.2563843328371256,-2.4733632802509926,-0.5403017166216614,-1.028772679275101,4.182049308276578
