V1,V2,V3,V4,V5,V6,V7,V8,V9,V10,V11,V12,V13,V14,V15,V16,V17,V18,V19,V20,V21,V22,V23,V24,V25,V26,V27,V28,V29,V30,V31,V32,V33,V34,V35,V36,V37,V38,V39,V40,V41,V42,V43,V44
5.013577243721168,0.42723877157052403,1.2479443396920193,0.47481458445932007,2.709195166037317,-0.8442074506471459,0.6608878040091344,-4.734465929608699,-0.8353597168205528,1.3167966885387052,-2.8469385533827944,-1.637225786931914,-0.8495501988865707,3.770507269066298,-1.7360166444878615,3.0154060386723573,-0.6752330123750755,-2.036510398205604,0.19445077694337984,-1.7309519687662176,2.8033228933099434,-0.1752334458596247,1.4777337113971525,-0.4920503372406303,-2.0271942166389323,0.6254263506061517,0.6248939257756682,2.1194995012633973,-3.156407895826133,-0.8421875711414789,-2.0295583680632574,1.6477026680685924,-0.6911341287597426,0.8726645950082051,2.216527011152612,1.4082025732463719,-1.1440070715480426,0.9314835798199684,0.5797770620511834,1.9793428066202425,0.6183354017016368,0.15773039300810807,0.28702268162616157,-3.8969148849410646
0.42723877157052403,0.630380182113217,0.9967710944830459,-0.7989867787582097,-0.3878122375175239,0.04364643818405071,-0.7825544990731931,0.6632923443425154,1.178296058964104,-0.7158537801266897,-0.7004887270142911,0.5893962509943788,-0.050776198301855924,-0.26706503970313616,-1.5717673134115142,-1.2557534897722953,-0.2232432728696735,-0.9469815455992078,0.1443948030484006,0.5584042603907905,0.376003011147698,0.4342207724608455,-0.9254281717399467,-0.14729341804243937,0.5510487729592168,-0.4253785873943379,0.6758458167437875,0.05149781582658211,-0.7191946926832654,0.90240037610184,0.8360296249965145,0.27064890551296467,1.1536164839621008,0.3689778022769807,-0.41090665400527654,-0.05901471664999746,0.6835225962107997,0.06950554705028718,0.3811877152093181,-0.3966076308534079,-0.5991699687932269,0.9461744688431959,-0.42720452812360094,0.11132373284682998
1.2479443396920193,0.9967710944830459,1.7070086308058068,-1.1899263403168479,-0.3469734911415789,-0.07331180751899677,-1.1477102293076171,0.46906249133186134,1.7574281701477406,-0.9767957888482764,-1.3711080008023928,0.6815496016939252,-0.2094088968111549,0.07543338513821524,-2.600602114818626,-1.5508195716391202,-0.36722215046848633,-1.6283410759749042,0.33218958181306496,0.5842638916704749,0.8100434956616442,0.6098775488659898,-1.265944575242804,-0.2116509006512513,0.6207682121520883,-0.5348531133858757,1.1018273517589738,0.2592931018156894,-1.324550548030403,1.3507928286520618,1.043532338298306,0.6237521032820806,1.7472175400684165,0.6441646915636995,-0.35716309444962985,0.10837018082048275,0.9340154614317115,0.11308155443712058,0.5761274368190463,-0.3871290287263109,-0.8865798741852058,1.473892562624787,-0.5832355857294078,-0.19975369096343137
0.47481458445932007,-0.7989867787582097,-1.1899263403168479,1.4159914275867143,1.3513334797761063,-0.3124239194737288,1.4672900442671946,-1.9249346847259048,-2.0912067415502227,1.3249610264448868,0.38998859779607065,-1.0576295887863685,-0.10286610998721168,0.9355344414849078,2.023891402096212,2.2234622704402782,0.08338308530885696,0.6312057632837755,-0.38769542830895304,-0.9519735132313513,0.29627432124102643,-0.6518817859077046,1.7414956267430743,-0.06298197570981927,-1.310989441701152,0.5412019235948263,-0.71153530282605,0.6915375290683952,-0.10697211172012175,-1.7036073451057054,-1.7664522558749252,-0.09128037121625093,-1.8531354218179852,-0.3845837242755752,1.0487110875843262,0.2856967825278071,-1.336235204159874,0.3380812900546142,-0.1813393157795222,1.0545986890381984,1.02004308970542,-1.5330365258009124,0.5107682828231088,-1.0952339868453858
2.709195166037317,-0.3878122375175239,-0.3469734911415789,1.3513334797761063,2.632564484172837,-0.6430864645822822,1.481979089566492,-3.8383559466279444,-2.271336018476913,1.875835030231242,-1.1781506315126085,-1.614559660276695,-0.43661693546307345,2.4434691922085037,0.846845648968307,3.3202511418362417,-0.4008122155118356,-0.5197856378643664,-0.32784468563394265,-1.4378285076617026,1.7092941412924705,-0.6038698128913282,2.181912482230263,-0.33220598667281903,-2.047939288401527,0.669095603987073,-0.2729401476455562,1.744977582017061,-1.805970199920144,-1.8455630764641657,-2.476978239364327,0.6534635963963893,-2.035938258013565,0.13609316102118726,1.9032719645944296,0.7732938202369513,-1.6987565605297392,0.8891206192412967,0.1586654401847671,1.8454276805049783,1.2509595888055887,-1.2078742096547421,0.3941987008585552,-2.9696393178608806
-0.8442074506471459,0.04364643818405071,-0.07331180751899677,-0.3124239194737288,-0.6430864645822822,0.30484714612445213,-0.359291324228573,0.9706054051900396,0.5092981341151647,-0.37902105757880794,0.3278440566564869,0.38436294976384416,0.18211937292788555,-0.6206753089064496,-0.1140754209322377,-0.737051679551877,0.06790176611536478,0.2634593678338042,-0.013094873301681798,0.3585663689362276,-0.45661189549846604,0.19967381984006968,-0.5046658520935271,0.06570949501324679,0.489859175216369,-0.15912101257392586,-0.034381266675011124,-0.4492878213924121,0.4781975327990945,0.3768130083591497,0.6416055737404309,-0.22118529006604914,0.3246337614748836,-0.03484105509607742,-0.491900534221935,-0.21580983471125967,0.4113214601308982,-0.13534647274751582,-0.06016313688834173,-0.48511805907623706,-0.23185750973825922,0.2932450518960973,-0.04393244061567934,0.662354599015566
0.6608878040091344,-0.7825544990731931,-1.1477102293076171,1.4672900442671946,1.481979089566492,-0.359291324228573,1.5380381609726623,-2.082853419118313,-2.15859644230401,1.365731293091081,0.29110913972163854,-1.0832421271329595,-0.13337077676315306,1.0161753872468509,1.9901106690412989,2.2694147432246607,0.042448763869996825,0.48821372987218425,-0.4297269390833133,-0.9702310377120777,0.437794011558336,-0.6533195644577361,1.814366195878688,-0.11473587810204662,-1.4025039659903193,0.5135664004170947,-0.6543776989223071,0.8367075264424984,-0.32316413392014426,-1.7813616356713815,-1.8647425447322739,-0.04060357297216093,-1.874129854897868,-0.3663858993616669,1.1255253705033121,0.32130104444325536,-1.3947332575418305,0.41967282004934325,-0.10948346583229941,1.1368019671177014,1.037673347929458,-1.577320452917137,0.48964042448857753,-1.248719245687039
-4.734465929608699,0.6632923443425154,0.46906249133186134,-1.9249346847259048,-3.8383559466279444,0.9706054051900396,-2.082853419118313,6.631290711283213,3.2036950235891313,-2.98099751481623,1.9490866967833491,3.040687107271819,0.8083600277380503,-4.800911905141452,-1.008691007176693,-5.995534647514532,0.4071207344156127,0.29562154587367967,-0.026874727959418997,3.028487475756167,-2.351360657365241,1.0395923018502957,-3.4031232087911443,0.19910724829171952,3.2813378007220284,-1.6046909350225702,0.6758768834613404,-2.198205254554356,2.015521070634105,2.546162883434355,3.8620059344443107,-1.3286993056096783,3.1242772919279376,-0.33259033397404597,-3.2790190728968125,-1.6412089002221062,2.570633039797712,-0.8834119401137587,0.2282702912635944,-2.9840974934815554,-1.9266979571318494,1.5206983238725382,-1.11907645315896,4.68491947774866
-0.8353597168205528,1.178296058964104,1.7574281701477406,-2.0912067415502227,-2.271336018476913,0.5092981341151647,-2.15859644230401,3.2036950235891313,3.3830853585096863,-2.2616405399273076,-0.45877717145678365,1.8030786007762212,0.1717874201419449,-1.6329204718423471,-3.0870349025638655,-3.860859419098791,-0.054871198758328375,-1.1417428201180366,0.4740867276163277,1.5529127141604502,-0.5183260668755564,1.1115014778922951,-2.797379855914528,0.021903721215350527,2.0061549906202747,-1.02305933584316,1.2131879297383739,-0.9743356373542529,-0.007154029295870393,2.5624354082220733,2.8272601276963174,0.14146341591869246,3.08499814819087,0.5135539569185484,-1.7413823237772952,-0.3790353553358627,2.1417425586673313,-0.4429327455970087,0.40521410740841873,-1.7229112746840387,-1.752563346921201,2.3066621190956798,-0.7386593329131127,1.8687650808056198
1.3167966885387052,-0.7158537801266897,-0.9767957888482764,1.3249610264448868,1.875835030231242,-0.37902105757880794,1.365731293091081,-2.98099751481623,-2.2616405399273076,1.812151045336035,-0.2194895540895537,-1.5948481993000918,-0.212848363386861,1.9104501939839873,1.6801359147307975,3.3226824425699335,-0.06211767246037344,0.6732828510252304,-0.15368194080200515,-1.4653288196695287,0.6206324631632454,-0.7450287660772625,2.048899556463298,0.031140429247290824,-1.636717550680048,0.9215454856252444,-0.8240659663394991,0.8270565497060778,-0.22244764097638026,-1.6947874322743113,-2.1358713055025818,0.21546187162388725,-2.2401926776232544,-0.14897850813009736,1.5307768311358918,0.545739091726523,-1.5437765192896205,0.3512839972164474,-0.40238845725798744,1.4486781612499484,1.3042711359211059,-1.3434270105059032,0.6500359063075132,-1.9384021958725017
-2.8469385533827944,-0.7004887270142911,-1.3711080008023928,0.38998859779607065,-1.1781506315126085,0.3278440566564869,0.29110913972163854,1.9490866967833491,-0.45877717145678365,-0.2194895540895537,2.0917741080666357,0.39147536069143457,0.425404604970892,-1.7397559086243686,2.102693074877453,-0.6361091194028567,0.5839461575204816,1.783005192925675,-0.1303041135304797,0.427524845824096,-1.746582123325238,-0.30769140567318826,-0.05914583509605053,0.37820982165906947,0.6688744210691239,0.056403155202521385,-0.8304676704267777,-1.2377089045397214,2.2968028734575623,-0.22122745729954804,0.4078801982740518,-1.0497963818532037,-0.41821275484577225,-0.7453630124550891,-0.8127220964532804,-0.6743611663673322,0.07161542972472244,-0.657434199354635,-0.566215293561031,-0.7186656239536491,0.10069043827744874,-0.82273925409934,0.18850891816195847,2.085870946233128
-1.637225786931914,0.5893962509943788,0.6815496016939252,-1.0576295887863685,-1.614559660276695,0.38436294976384416,-1.0832421271329595,3.040687107271819,1.8030786007762212,-1.5948481993000918,0.39147536069143457,1.6573694313554426,0.302402990780465,-2.2315040904582646,-1.1729218469064175,-3.290236677679958,-0.012789373649818107,-0.666727418222906,-0.1432408848858059,1.6651745258127804,-0.5484186193558115,0.7020143972253352,-1.790451993699927,-0.14503297762397283,1.5216691703299068,-1.059635702727346,0.7509424530986606,-0.5781754692545069,0.0010899357123281901,1.299191600925549,1.9272920473523178,-0.41591562637107116,1.8740125124589144,0.032981575100241994,-1.551761500629178,-0.720566062773932,1.3316441171045135,-0.09914901238249657,0.5056852343312648,-1.371925592948597,-1.1031456980087166,0.9590172772429877,-0.7684090621093351,1.8362542671491306
-0.8495501988865707,-0.050776198301855924,-0.2094088968111549,-0.10286610998721168,-0.43661693546307345,0.18211937292788555,-0.13337077676315306,0.8083600277380503,0.1717874201419449,-0.212848363386861,0.425404604970892,0.302402990780465,0.17253588846788118,-0.647966055131415,0.23602441550582023,-0.5476899074368183,0.07692577089141578,0.2895689894391653,-0.08487560977233453,0.3347487900826024,-0.4410917943972598,0.08236946078025911,-0.27370542420532223,0.050020097961513715,0.3326220374168422,-0.15251949032940326,-0.08246117766078341,-0.3017152619882758,0.42307832034392284,0.13491992037182746,0.3705198881426345,-0.2673477223206941,0.10923385919344727,-0.12739509168650323,-0.3981611358123466,-0.23634750913514477,0.21006373087775945,-0.08173018198748402,-0.07437124809638752,-0.341487590790497,-0.1069000147796154,0.008585536759939628,-0.0628184247647728,0.5860772282326798
3.770507269066298,-0.26706503970313616,0.07543338513821524,0.9355344414849078,2.4434691922085037,-0.6206753089064496,1.0161753872468509,-4.800911905141452,-1.6329204718423471,1.9104501939839873,-1.7397559086243686,-2.2315040904582646,-0.647966055131415,3.871768687339389,-0.07430399255160991,4.284300038962734,-0.2643914190972014,-0.2560996393824188,0.36314180364255033,-2.3609349993842104,1.652177568093018,-0.6133812520157168,2.063379814279993,-0.010875591541778043,-2.1493721434759117,1.3013243208096381,-0.39108016306614146,1.2685372172939264,-1.2335026903292368,-1.2757436073863322,-2.3982271340509693,1.199585290079846,-1.7976445971384643,0.45795141780664217,2.333557335185651,1.3668474748298887,-1.518752024242627,0.3889062708461452,-0.2938863156398895,2.014490756150002,1.158893689227337,-0.48522762263293945,0.9031451458326887,-3.352035832885232
-1.7360166444878615,-1.5717673134115142,-2.600602114818626,2.023891402096212,0.846845648968307,-0.1140754209322377,1.9901106690412989,-1.008691007176693,-3.0870349025638655,1.6801359147307975,2.102693074877453,-1.1729218469064175,0.23602441550582023,-0.07430399255160991,4.335672371396335,2.6145585838195844,0.5357805761076697,2.4801719640975555,-0.4766492846272341,-0.9794094580391829,-1.1819728303307544,-1.1289135051955421,2.191204088343883,0.35945822339998423,-1.1670539301616518,0.8486714875268584,-1.6817063119195723,-0.17198090513322192,1.9324342850538683,-2.2399984710587995,-2.014016860500268,-0.9415113337888424,-2.8874042508684012,-1.089806895386909,0.7449610454611438,-0.17235058062168665,-1.672105916323125,-0.1606943457534775,-0.9198939168805279,0.8066105575315502,1.4533434099374947,-2.5662338397585938,0.8451028826938919,0.16796687985310227
3.0154060386723573,-1.2557534897722953,-1.5508195716391202,2.2234622704402782,3.3202511418362417,-0.737051679551877,2.2694147432246607,-5.995534647514532,-3.860859419098791,3.3226824425699335,-0.6361091194028567,-3.290236677679958,-0.5476899074368183,4.284300038962734,2.6145585838195844,6.689230678359465,0.004710593280601037,1.4443508098633566,0.1621364432008871,-3.2143570422211045,1.1364896335128873,-1.4586331964429038,3.735436794096795,0.25131890908354815,-2.99470723472164,2.126781392761365,-1.6202379040436505,1.1259097931235047,0.06729328526348748,-2.7861690752103376,-3.8863990356358187,0.6567094283672255,-3.976447050982208,-0.09543809477045034,3.07007586959386,1.2826097347629957,-2.7642751345891696,0.2530511326774706,-0.9648451188005388,2.7528257556869016,2.3781452696409464,-2.094859222447734,1.4508938838848777,-3.649186210299105
-0.6752330123750755,-0.2232432728696735,-0.36722215046848633,0.08338308530885696,-0.4008122155118356,0.06790176611536478,0.042448763869996825,0.4071207344156127,-0.054871198758328375,-0.06211767246037344,0.5839461575204816,-0.012789373649818107,0.07692577089141578,-0.2643914190972014,0.5357805761076697,0.004710593280601037,0.2429074086643997,0.6146153119100187,0.09877557939597469,-0.0656059273081808,-0.5728557864995136,-0.12404312871836337,-0.013150600846480207,0.18858409610630317,0.16547358418206407,0.15187320958026,-0.28725814717187914,-0.47541186667871244,0.8542696516488443,0.009540496776896657,0.10316214429087595,-0.22422015429515424,-0.08370289676833917,-0.1961282344986177,-0.15814123178731926,-0.08102539888430106,0.028709798472513343,-0.32343784536092923,-0.2729403861430281,-0.1752024865296296,0.01537491879394641,-0.16386404758991507,0.1716043372348338,0.6077553916838205
-2.036510398205604,-0.9469815455992078,-1.6283410759749042,0.6312057632837755,-0.5197856378643664,0.2634593678338042,0.48821372987218425,0.29562154587367967,-1.1417428201180366,0.6732828510252304,1.783005192925675,-0.666727418222906,0.2895689894391653,-0.2560996393824188,2.4801719640975555,1.4443508098633566,0.6146153119100187,2.57529833771157,0.26459567080785346,-0.6823369735822845,-1.7406411181950785,-0.6854080867642821,0.709925935132167,0.6886499804755138,0.011626618603706599,0.8961607282778107,-1.411891073333555,-1.3406956878861631,2.8953638183462274,-0.5093711433859185,-0.4381767194908089,-0.7633962701561604,-1.4449446897089937,-0.6633632630342804,0.020418128385445978,-0.2332230907581613,-0.4739771681557511,-0.8801063206411776,-1.1844799752658972,-0.08337055174078593,0.689385824049865,-0.9606555621116608,0.7489815219626051,1.1538202952927519
0.19445077694337984,0.1443948030484006,0.33218958181306496,-0.38769542830895304,-0.32784468563394265,-0.013094873301681798,-0.4297269390833133,-0.026874727959418997,0.4740867276163277,-0.15368194080200515,-0.1303041135304797,-0.1432408848858059,-0.08487560977233453,0.36314180364255033,-0.4766492846272341,0.1621364432008871,0.09877557939597469,0.26459567080785346,0.4854842576806007,-0.2690128596887658,-0.25911184982769464,-0.041817130777923844,-0.2947091730720801,0.2604727919268958,0.226608943890613,0.2905499092571963,-0.04153307907184659,-0.4778029742168665,0.6222741112286417,0.57023330657591,0.24205068821393277,0.1677456918612088,0.3153439235061732,0.12853026893416802,0.0161427347760944,0.12583942745627327,0.2473007205548542,-0.4426229274507118,-0.3059384200810335,-0.1010662652571428,-0.15364978594991874,0.45977153012431315,0.1266429649410635,0.214557049434319
-1.7309519687662176,0.5584042603907905,0.5842638916704749,-0.9519735132313513,-1.4378285076617026,0.3585663689362276,-0.9702310377120777,3.028487475756167,1.5529127141604502,-1.4653288196695287,0.427524845824096,1.6651745258127804,0.3347487900826024,-2.3609349993842104,-0.9794094580391829,-3.2143570422211045,-0.0656059273081808,-0.6823369735822845,-0.2690128596887658,1.7780781053736383,-0.44709035263751057,0.6558431749716431,-1.6487131022794597,-0.20801537945876017,1.4848804848323724,-1.096723136994439,0.713319329838908,-0.4772280353805321,-0.10657014167055603,1.1221042596251396,1.8105952078582472,-0.508700691617688,1.6788073057331905,0.003127807706574141,-1.5443934813435394,-0.8307917519231458,1.2043447424632665,0.005591605142544637,0.5716118648631785,-1.315552235762181,-0.9701061366740237,0.7983317858662582,-0.8693857162822657,1.7552546385991783
2.8033228933099434,0.376003011147698,0.8100434956616442,0.29627432124102643,1.7092941412924705,-0.45661189549846604,0.437794011558336,-2.351360657365241,-0.5183260668755564,0.6206324631632454,-1.746582123325238,-0.5484186193558115,-0.4410917943972598,1.652177568093018,-1.1819728303307544,1.1364896335128873,-0.5728557864995136,-1.7406411181950785,-0.25911184982769464,-0.44709035263751057,2.1140851944317873,0.04617484707546073,0.7906742483026362,-0.5947832506627841,-1.008796560021745,-0.008038684023086915,0.6001374035120148,1.5174277651413943,-2.5278982005581176,-0.6466408246695222,-0.9929138187607398,0.7946821549056443,-0.2659540602622916,0.5686755085338133,1.0733503230847337,0.5369765689692304,-0.6365028662926813,0.8919018030874684,0.8479124701698375,1.04232366602771,0.3458797074593666,0.047799886346207035,-0.22153006569907213,-2.301521670611633
-0.1752334458596247,0.4342207724608455,0.6098775488659898,-0.6518817859077046,-0.6038698128913282,0.19967381984006968,-0.6533195644577361,1.0395923018502957,1.1115014778922951,-0.7450287660772625,-0.30769140567318826,0.7020143972253352,0.08236946078025911,-0.6133812520157168,-1.1289135051955421,-1.4586331964429038,-0.12404312871836337,-0.6854080867642821,-0.041817130777923844,0.6558431749716431,0.04617484707546073,0.4891606503412412,-0.9234429471370376,-0.1387021911062582,0.5731329691940896,-0.5277431758020775,0.540601388447479,-0.02124208415693922,-0.5000584299893804,0.7237642703255602,0.9247028986801228,0.07752089432646898,1.0326546557067482,0.2022918162281319,-0.5952048539518091,-0.12392012792212374,0.7000841580618182,0.11944601716337201,0.31503228462103167,-0.5417545472683739,-0.598741623934329,0.7445471120139442,-0.32707457843714693,0.39052551431860505
1.4777337113971525,-0.9254281717399467,-1.265944575242804,1.7414956267430743,2.181912482230263,-0.5046658520935271,1.814366195878688,-3.4031232087911443,-2.797379855914528,2.048899556463298,-0.05914583509605053,-1.790451993699927,-0.27370542420532223,2.063379814279993,2.191204088343883,3.735436794096795,-0.013150600846480207,0.709925935132167,-0.2947091730720801,-1.6487131022794597,0.7906742483026362,-0.9234429471370376,2.5056161801891523,-0.04406130991811652,-1.9321268306186605,1.0130949311193091,-0.9485332969418978,1.0058546327425033,-0.32564743217588177,-2.179952383404364,-2.5601792976361835,0.16549739940340996,-2.6041496811803797,-0.2587544155262346,1.7820613148354554,0.5928461183379982,-1.8884878418351323,0.42664062628257954,-0.31334059054912267,1.7010632828050372,1.5253978324267934,-1.7921463727609077,0.7339173767423631,-2.115532267885203
-0.4920503372406303,-0.14729341804243937,-0.2116509006512513,-0.06298197570981927,-0.33220598667281903,0.06570949501324679,-0.11473587810204662,0.19910724829171952,0.021903721215350527,0.031140429247290824,0.37820982165906947,-0.14503297762397283,0.050020097961513715,-0.010875591541778043,0.35945822339998423,0.25131890908354815,0.18858409610630317,0.6886499804755138,0.2604727919268958,-0.20801537945876017,-0.5947832506627841,-0.1387021911062582,-0.04406130991811652,0.2905396457210128,0.13840197536068233,0.261416481160585,-0.30230569873464946,-0.5005662409746042,0.9321119938738616,0.18272363149936371,0.06482142211880457,-0.11642832879348515,-0.12215697347002141,-0.1224327976959903,-0.06109465141075026,-0.014497700209293878,0.056391314084684285,-0.384459130634809,-0.4254841801056343,-0.12048973623761675,0.028692344084930228,-0.008233503112407912,0.20541057340371272,0.4303457075568202
-2.0271942166389323,0.5510487729592168,0.6207682121520883,-1.310989441701152,-2.047939288401527,0.489859175216369,-1.4025039659903193,3.2813378007220284,2.0061549906202747,-1.636717550680048,0.6688744210691239,1.5216691703299068,0.3326220374168422,-2.1493721434759117,-1.1670539301616518,-2.99470723472164,0.16547358418206407,0.011626618603706599,0.226608943890613,1.4848804848323724,-1.008796560021745,0.5731329691940896,-1.9321268306186605,0.13840197536068233,1.881744302828714,-0.683269207733264,0.4314727808524809,-1.3358489445447774,1.0857469677470994,1.667602893655709,2.2181077493128742,-0.5323979332636709,1.8862596064758366,0.05810779847395939,-1.6470639160322043,-0.7955173214982083,1.4925007761447293,-0.6195851547713763,0.13907299351116678,-1.5614802996021417,-1.0542118585131806,1.1993105116948084,-0.6342524399858864,2.3270121620252326
0.6254263506061517,-0.4253785873943379,-0.5348531133858757,0.5412019235948263,0.669095603987073,-0.15912101257392586,0.5135664004170947,-1.6046909350225702,-1.02305933584316,0.9215454856252444,0.056403155202521385,-1.059635702727346,-0.15251949032940326,1.3013243208096381,0.8486714875268584,2.126781392761365,0.15187320958026,0.8961607282778107,0.2905499092571963,-1.096723136994439,-0.008038684023086915,-0.5277431758020775,1.0130949311193091,0.261416481160585,-0.683269207733264,0.876051620345973,-0.6914976694723156,-0.16087358765355725,0.7524615035556561,-0.603171421772684,-0.9903998391715023,0.11987724235554167,-1.1573975772745928,-0.04962215189989446,0.8531066644674979,0.3579086558708417,-0.7211952931682094,-0.28011671612446287,-0.525863677422783,0.6856637265230964,0.7057619071170668,-0.5018859071228378,0.5644444129084694,-0.6985638174695276
0.6248939257756682,0.6758458167437875,1.1018273517589738,-0.71153530282605,-0.2729401476455562,-0.034381266675011124,-0.6543776989223071,0.6758768834613404,1.2131879297383739,-0.8240659663394991,-0.8304676704267777,0.7509424530986606,-0.08246117766078341,-0.39108016306614146,-1.6817063119195723,-1.6202379040436505,-0.28725814717187914,-1.411891073333555,-0.04153307907184659,0.713319329838908,0.6001374035120148,0.540601388447479,-0.9485332969418978,-0.30230569873464946,0.4314727808524809,-0.6914976694723156,0.9299478281141856,0.4414971183378882,-1.3243129246836913,0.7774965356822576,0.7904438728909011,0.34218608306293596,1.3374523832108287,0.35669005213454275,-0.43077362056515506,-0.016666588663887993,0.6823388773405015,0.31692483970948443,0.6170081805175086,-0.3595791685972148,-0.7242954087499054,0.8617629077385204,-0.530365447791783,-0.030569660748981726
2.1194995012633973,0.05149781582658211,0.2592931018156894,0.6915375290683952,1.744977582017061,-0.4492878213924121,0.8367075264424984,-2.198205254554356,-0.9743356373542529,0.8270565497060778,-1.2377089045397214,-0.5781754692545069,-0.3017152619882758,1.2685372172939264,-0.17198090513322192,1.1259097931235047,-0.47541186667871244,-1.3406956878861631,-0.4778029742168665,-0.4772280353805321,1.5174277651413943,-0.02124208415693922,1.0058546327425033,-0.5005662409746042,-1.3358489445447774,-0.16087358765355725,0.4414971183378882,1.7896490447626483,-2.3863142881792427,-1.0466572965347185,-1.3570391609409416,0.6321565368128266,-0.6809442062270372,0.19948073636432428,1.0254015008345096,0.5463527991852957,-0.8289782624998803,1.0457713487811207,0.5489069129403413,1.0888424413696778,0.40163010994410625,-0.5398033207331205,-0.03250012022294759,-2.157683173777539
-3.156407895826133,-0.7191946926832654,-1.324550548030403,-0.10697211172012175,-1.805970199920144,0.4781975327990945,-0.32316413392014426,2.015521070634105,-0.007154029295870393,-0.22244764097638026,2.2968028734575623,0.0010899357123281901,0.42307832034392284,-1.2335026903292368,1.9324342850538683,0.06729328526348748,0.8542696516488443,2.8953638183462274,0.6222741112286417,-0.10657014167055603,-2.5278982005581176,-0.5000584299893804,-0.32564743217588177,0.9321119938738616,1.0857469677470994,0.7524615035556561,-1.3243129246836913,-2.3863142881792427,4.025253201478837,0.5154526916071872,0.760196243047977,-1.0404249319755887,-0.4012224495946432,-0.66713602780781045,-0.8203493323537374,-0.5938813319842541,0.337150808351869,-1.522905358085036,-1.3243925536244163,-0.9356952863615859,0.12069443741481269,-0.2813659771787002,0.5491875851963017,2.634236346464374
-0.8421875711414789,0.90240037610184,1.3507928286520618,-1.7036073451057054,-1.8455630764641657,0.3768130083591497,-1.7813616356713815,2.546162883434355,2.5624354082220733,-1.6947874322743113,-0.22122745729954804,1.299191600925549,0.13491992037182746,-1.2757436073863322,-2.2399984710587995,-2.7861690752103376,0.009540496776896657,-0.5093711433859185,0.57023330657591,1.1221042596251396,-0.6466408246695222,0.7237642703255602,-2.179952383404364,0.18272363149936371,1.667602893655709,-0.603171421772684,0.7774965356822576,-1.0466572965347185,0.5154526916071872,2.150203797717663,2.1782838361684806,0.042280888492578245,2.2850113632787354,0.36532855051696306,-1.3448388924405303,-0.36870889283652913,1.6612329652405033,-0.58851292117411,0.08932076713592314,-1.3709259163354675,-1.2981781396681316,1.8110196372937952,-0.5425644448905683,1.6524924845131201
-2.0295583680632574,0.8360296249965145,1.043532338298306,-1.7664522558749252,-2.476978239364327,0.6416055737404309,-1.8647425447322739,3.8620059344443107,2.8272601276963174,-2.1358713055025818,0.4078801982740518,1.9272920473523178,0.3705198881426345,-2.3982271340509693,-2.014016860500268,-3.8863990356358187,0.10316214429087595,-0.4381767194908089,0.24205068821393277,1.8105952078582472,-0.9929138187607398,0.9247028986801228,-2.5601792976361835,0.06482142211880457,2.2181077493128742,-0.9903998391715023,0.7904438728909011,-1.3570391609409416,0.760196243047977,2.1782838361684806,2.845486130520006,-0.4097457536186843,2.6066864070097466,0.2218023820318374,-1.9993100145299443,-0.7860766009036948,1.984526525761857,-0.557984980566323,0.30587553949067775,-1.903706789347074,-1.4759543092467675,1.7626152330506886,-0.7692807347832774,2.5257536504196763
1.6477026680685924,0.27064890551296467,0.6237521032820806,-0.09128037121625093,0.6534635963963893,-0.22118529006604914,-0.04060357297216093,-1.3286993056096783,0.14146341591869246,0.21546187162388725,-1.0497963818532037,-0.41591562637107116,-0.2673477223206941,1.199585290079846,-0.9415113337888424,0.6567094283672255,-0.22422015429515424,-0.7633962701561604,0.1677456918612088,-0.508700691617688,0.7946821549056443,0.07752089432646898,0.16549739940340996,-0.11642832879348515,-0.5323979332636709,0.11987724235554167,0.34218608306293596,0.6321565368128266,-1.0404249319755887,0.042280888492578245,-0.4097457536186843,0.6413218490879985,0.10235989348672388,0.34317545945698896,0.5877283646788137,0.5163165703760308,-0.13445735996675445,0.25671395952064247,0.14098155346773736,0.4989937281597974,-0.015636622933194913,0.34423338226927985,0.09438401223708222,-1.162797401152823
-0.6911341287597426,1.1536164839621008,1.7472175400684165,-1.8531354218179852,-2.035938258013565,0.3246337614748836,-1.874129854897868,3.1242772919279376,3.08499814819087,-2.2401926776232544,-0.41821275484577225,1.8740125124589144,0.10923385919344727,-1.7976445971384643,-2.8874042508684012,-3.976447050982208,-0.08370289676833917,-1.4449446897089937,0.3153439235061732,1.6788073057331905,-0.2659540602622916,1.0326546557067482,-2.6041496811803797,-0.12215697347002141,1.8862596064758366,-1.1573975772745928,1.3374523832108287,-0.6809442062270372,-0.4012224495946432,2.2850113632787354,2.6066864070097466,0.10235989348672388,3.06997560706136,0.4521221302148134,-1.6759988666613186,-0.4439908104103533,1.969364122179937,-0.30088757679439465,0.6383629673194479,-1.5917672734582509,-1.708657879204231,2.0050396252093394,-0.8863325190639342,1.8113107034017841
0.8726645950082051,0.3689778022769807,0.6441646915636995,-0.3845837242755752,0.13609316102118726,-0.03484105509607742,-0.3663858993616669,-0.33259033397404597,0.5135539569185484,-0.14897850813009736,-0.7453630124550891,0.032981575100241994,-0.12739509168650323,0.45795141780664217,-1.089806895386909,-0.09543809477045034,-0.1961282344986177,-0.6633632630342804,0.12853026893416802,0.003127807706574141,0.5686755085338133,0.2022918162281319,-0.2587544155262346,-0.1224327976959903,0.05810779847395939,-0.04962215189989446,0.35669005213454275,0.19948073636432428,-0.66713602780781045,0.36532855051696306,0.2218023820318374,0.34317545945698896,0.4521221302148134,0.3554407157894156,0.09538020655606724,0.15603696446843568,0.2146872024905522,0.11824142700668974,0.23895058992410434,0.05293372455679548,-0.16522421884208197,0.5665534811889,-0.15029315844920446,-0.48254964730733063
2.216527011152612,-0.41090665400527654,-0.35716309444962985,1.0487110875843262,1.9032719645944296,-0.491900534221935,1.1255253705033121,-3.2790190728968125,-1.7413823237772952,1.5307768311358918,-0.8127220964532804,-1.551761500629178,-0.3981611358123466,2.333557335185651,0.7449610454611438,3.07007586959386,-0.15814123178731926,0.020418128385445978,0.0161427347760944,-1.5443934813435394,1.0733503230847337,-0.5952048539518091,1.7820613148354554,-0.06109465141075026,-1.6470639160322043,0.8531066644674979,-0.43077362056515506,1.0254015008345096,-0.8203493323537374,-1.3448388924405303,-1.9993100145299443,0.5877283646788137,-1.6759988666613186,0.09538020655606724,1.6536858771714056,0.780252084963633,-1.3441575194438997,0.3815530517897056,-0.16489219091263932,1.4936350829633096,1.0152627282597537,-0.8873090837394496,0.5939837022993154,-2.2318625306976942
1.4082025732463719,-0.05901471664999746,0.10837018082048275,0.2856967825278071,0.7732938202369513,-0.21580983471125967,0.32130104444325536,-1.6412089002221062,-0.3790353553358627,0.545739091726523,-0.6743611663673322,-0.720566062773932,-0.23634750913514477,1.3668474748298887,-0.17235058062168665,1.2826097347629957,-0.08102539888430106,-0.2332230907581613,0.12583942745627327,-0.8307917519231458,0.5369765689692304,-0.12392012792212374,0.5928461183379982,-0.014497700209293878,-0.7955173214982083,0.3579086558708417,-0.016666588663887993,0.5463527991852957,-0.5938813319842541,-0.36870889283652913,-0.7860766009036948,0.5163165703760308,-0.4439908104103533,0.15603696446843568,0.780252084963633,0.5827076914943018,-0.4411136539916296,0.18236005106547556,-0.09236249432746016,0.6701175392658557,0.25619457024858217,-0.09039755287517875,0.3634111815927595,-1.1730805346760311
-1.1440070715480426,0.6835225962107997,0.9340154614317115,-1.336235204159874,-1.6987565605297392,0.4113214601308982,-1.3947332575418305,2.570633039797712,2.1417425586673313,-1.5437765192896205,0.07161542972472244,1.3316441171045135,0.21006373087775945,-1.518752024242627,-1.672105916323125,-2.7642751345891696,0.028709798472513343,-0.4739771681557511,0.2473007205548542,1.2043447424632665,-0.6365028662926813,0.7000841580618182,-1.8884878418351323,0.056391314084684285,1.4925007761447293,-0.7211952931682094,0.6823388773405015,-0.8289782624998803,0.337150808351869,1.6612329652405033,1.984526525761857,-0.13445735996675445,1.969364122179937,0.2146872024905522,-1.3441575194438997,-0.4411136539916296,1.457905302897759,-0.36110482044987235,0.2044974820742907,-1.2980868485071242,-1.1365591678402196,1.3744645059741367,-0.5247430585665265,1.6254425005840158
0.9314835798199684,0.06950554705028718,0.11308155443712058,0.3380812900546142,0.8891206192412967,-0.13534647274751582,0.41967282004934325,-0.8834119401137587,-0.4429327455970087,0.3512839972164474,-0.657434199354635,-0.09914901238249657,-0.08173018198748402,0.3889062708461452,-0.1606943457534775,0.2530511326774706,-0.32343784536092923,-0.8801063206411776,-0.4426229274507118,0.005591605142544637,0.8919018030874684,0.11944601716337201,0.42664062628257954,-0.384459130634809,-0.6195851547713763,-0.28011671612446287,0.31692483970948443,1.0457713487811207,-1.522905358085036,-0.58851292117411,-0.557984980566323,0.25671395952064247,-0.30088757679439465,0.11824142700668974,0.3815530517897056,0.18236005106547556,-0.36110482044987235,0.7368957849476395,0.45708907781870634,0.46710782470011114,0.17053411418084463,-0.2552474368283973,-0.13492248263969936,-1.1223867873358742
0.5797770620511834,0.3811877152093181,0.5761274368190463,-0.1813393157795222,0.1586654401847671,-0.06016313688834173,-0.10948346583229941,0.2282702912635944,0.40521410740841873,-0.40238845725798744,-0.566215293561031,0.5056852343312648,-0.07437124809638752,-0.2938863156398895,-0.9198939168805279,-0.9648451188005388,-0.2729403861430281,-1.1844799752658972,-0.3059384200810335,0.5716118648631785,0.8479124701698375,0.31503228462103167,-0.31334059054912267,-0.4254841801056343,0.13907299351116678,-0.525863677422783,0.6170081805175086,0.5489069129403413,-1.3243925536244163,0.08932076713592314,0.30587553949067775,0.14098155346773736,0.6383629673194479,0.23895058992410434,-0.16489219091263932,-0.09236249432746016,0.2044974820742907,0.45708907781870634,0.7438193980019017,-0.081620738799179,-0.2861115558586089,0.29286805819498707,-0.4620424049085665,-0.2771210410422913
1.9793428066202425,-0.3966076308534079,-0.3871290287263109,1.0545986890381984,1.8454276805049783,-0.48511805907623706,1.1368019671177014,-2.9840974934815554,-1.7229112746840387,1.4486781612499484,-0.7186656239536491,-1.371925592948597,-0.341487590790497,2.014490756150002,0.8066105575315502,2.7528257556869016,-0.1752024865296296,-0.08337055174078593,-0.1010662652571428,-1.315552235762181,1.04232366602771,-0.5417545472683739,1.7010632828050372,-0.12048973623761675,-1.5614802996021417,0.6856637265230964,-0.3595791685972148,1.0888424413696778,-0.9356952863615859,-1.3709259163354675,-1.903706789347074,0.4989937281597974,-1.5917672734582509,0.05293372455679548,1.4936350829633096,0.6701175392658557,-1.2980868485071242,0.46710782470011114,-0.081620738799179,1.4089778516803002,0.9661020163846101,-0.944076985942931,0.47388742978585985,-2.097012161546663
0.6183354017016368,-0.5991699687932269,-0.8865798741852058,1.02004308970542,1.2509595888055887,-0.23185750973825922,1.037673347929458,-1.9266979571318494,-1.752563346921201,1.3042711359211059,0.10069043827744874,-1.1031456980087166,-0.1069000147796154,1.158893689227337,1.4533434099374947,2.3781452696409464,0.01537491879394641,0.689385824049865,-0.15364978594991874,-0.9701061366740237,0.3458797074593666,-0.598741623934329,1.5253978324267934,0.028692344084930228,-1.0542118585131806,0.7057619071170668,-0.7242954087499054,0.40163010994410625,0.12069443741481269,-1.2981781396681316,-1.4759543092467675,-0.015636622933194913,-1.708657879204231,-0.16522421884208197,1.0152627282597537,0.25619457024858217,-1.1365591678402196,0.17053411418084463,-0.2861115558586089,0.9661020163846101,1.0223217788785748,-1.0797359941190567,0.44401315663809865,-1.1517257083085166
0.15773039300810807,0.9461744688431959,1.473892562624787,-1.5330365258009124,-1.2078742096547421,0.2932450518960973,-1.577320452917137,1.5206983238725382,2.3066621190956798,-1.3434270105059032,-0.82273925409934,0.9590172772429877,0.008585536759939628,-0.48522762263293945,-2.5662338397585938,-2.094859222447734,-0.16386404758991507,-0.9606555621116608,0.45977153012431315,0.7983317858662582,0.047799886346207035,0.7445471120139442,-1.7921463727609077,-0.008233503112407912,1.1993105116948084,-0.5018859071228378,0.8617629077385204,-0.5398033207331205,-0.2813659771787002,1.8110196372937952,1.7626152330506886,0.34423338226927985,2.0050396252093394,0.5665534811889,-0.8873090837394496,-0.09039755287517875,1.3744645059741367,-0.2552474368283973,0.29286805819498707,-0.944076985942931,-1.0797359941190567,1.8104841993075276,-0.4743552924487302,0.7075869392717781
0.28702268162616157,-0.42720452812360094,-0.5832355857294078,0.5107682828231088,0.3941987008585552,-0.04393244061567934,0.48964042448857753,-1.11907645315896,-0.7386593329131127,0.6500359063075132,0.18850891816195847,-0.7684090621093351,-0.0628184247647728,0.9031451458326887,0.8451028826938919,1.4508938838848777,0.1716043372348338,0.7489815219626051,0.1266429649410635,-0.8693857162822657,-0.22153006569907213,-0.32707457843714693,0.7339173767423631,0.20541057340371272,-0.6342524399858864,0.5644444129084694,-0.530365447791783,-0.03250012022294759,0.5491875851963017,-0.5425644448905683,-0.7692807347832774,0.09438401223708222,-0.8863325190639342,-0.15029315844920446,0.5939837022993154,0.3634111815927595,-0.5247430585665265,-0.13492248263969936,-0.4620424049085665,0.47388742978585985,0.44401315663809865,-0.4743552924487302,0.5742731157805673,-0.4631499805689276
-3.8969148849410646,0.11132373284682998,-0.19975369096343137,-1.0952339868453858,-2.9696393178608806,0.662354599015566,-1.248719245687039,4.68491947774866,1.8687650808056198,-1.9384021958725017,2.085870946233128,1.8362542671491306,0.5860772282326798,-3.352035832885232,0.16796687985310227,-3.649186210299105,0.6077553916838205,1.1538202952927519,0.214557049434319,1.7552546385991783,-2.301521670611633,0.39052551431860505,-2.115532267885203,0.4303457075568202,2.3270121620252326,-0.6985638174695276,-0.030569660748981726,-2.157683173777539,2.634236346464374,1.6524924845131201,2.5257536504196763,-1.162797401152823,1.8113107034017841,-0.48254964730733063,-2.2318625306976942,-1.1730805346760311,1.6254425005840158,-1.1223867873358742,-0.2771210410422913,-2.097012161546663,-1.1517257083085166,0.7075869392717781,-0.4631499805689276,3.862386971143049
