V1,V2,V3,V4,V5,V6,V7,V8,V9,V10,V11,V12,V13,V14,V15,V16,V17,V18,V19,V20,V21,V22,V23,V24,V25,V26,V27,V28,V29,V30,V31,V32,V33,V34,V35,V36,V37,V38,V39,V40,V41,V42,V43,V44
1.956729820598596,-0.5865071673456816,-0.42844222279836425,1.5224950504998753,1.6090776777356903,-1.1839788216012173,1.198852568458146,-2.1953450587679693,-2.164658349023616,1.3135015941579191,-0.3350001574454603,-1.2714442852252716,-0.6964729429963195,2.1405775341594824,1.8278159784984211,2.5729479749065405,0.1487690701921967,0.3373182098468749,0.46159635386860254,-1.6345968182008224,0.07137184420188677,-0.9297583945378103,1.715222182935715,0.2152180644435447,-1.731153389635653,1.1285126371591787,-0.9119025747277586,0.7675229850203724,0.4437220603532958,-1.4609664711774561,-2.231927680574994,0.08606427294944666,-1.2273330311121233,-0.3890154445478385,1.9879578361822399,0.39397774062862106,-2.008854181666124,-0.1577231976955144,-0.35675965119980935,1.1572594784275412,1.123016329468864,-1.3836703386346454,0.5029810524449697,-1.2127769297105664
-0.5865071673456816,0.6296183663433325,0.9725438309649643,-0.9331842134118877,-1.173891622101211,0.10184351317663981,-1.124950844810612,2.1562937372977706,1.4849621981868866,-1.2280651346948948,-0.2034745326772272,1.239182732810967,-0.014786154831865232,-1.0027052651475783,-1.2114278053847984,-2.2998284591297242,-0.10462760744644893,-0.6522031652164303,0.2953353695212781,0.8484149025691856,-0.47227700729117733,0.5382149057885125,-1.4275581703878966,0.04425010350066638,1.0233547849753426,-0.511501417090241,0.5412340754016539,-0.32541432507223955,0.15113909820312146,1.2138343883556166,1.4131591186315386,-0.22039815775860266,1.7152716747352101,0.16116932624021277,-0.7157649883687809,-0.48639744025755527,0.8617018899263206,-0.1878973721835798,0.3194746966236722,-1.1081325980737105,-0.8307791675160711,0.9624332783286151,-0.5481472798049853,1.1375701502178401
-0.42844222279836425,0.9725438309649643,1.8702349424517455,-1.2724799402246012,-1.7584462796115787,0.0032722205611838417,-1.5855277845547535,3.1958651714133786,1.931032499379486,-1.941951367459561,-0.4164022115246965,1.99561822686773,-0.41978678987789775,-1.1491561773006744,-1.5186966541396427,-3.4391406959495843,-0.39544530574101244,-1.0430014310254605,0.8154657448890072,0.740247301207154,-0.8203216845540404,0.6214948055379577,-1.839570114209031,0.2983812827231123,1.4783304354139228,-0.5658965409195037,0.830868955060896,-0.25935955117576603,0.3468592225409121,1.8212415255362535,1.9690060453458755,-0.498814311683536,2.8094631428088386,0.27890881637285025,-0.3320582393066788,-0.9178879801904822,1.202538576764941,-0.44951090259090015,0.6220569213926397,-1.6844860656497005,-1.260646748355693,1.045334399356488,-0.8820795116401187,1.7368954568163049
1.5224950504998753,-0.9331842134118877,-1.2724799402246012,1.7406222168427483,2.063378017611707,-0.7721015173455918,1.7129004502340346,-3.3072935637218097,-2.607944254914052,1.9204865237425919,0.036014783845906374,-1.8994404047611853,-0.26422613636838627,2.0836870005410804,2.1297378380239467,3.6726688443775126,0.2895622544045735,0.8007168185032455,-0.11016262099663011,-1.61884608033936,0.5503868203761626,-1.0086759118929265,2.2513695931476283,0.009935848433474915,-1.9686344263947677,1.1328744388082228,-0.9950260815367424,0.7525706622897156,0.08465212387555171,-1.989835625935923,-2.6312964657312383,0.30599320074176956,-2.4061854146935975,-0.38905525376764716,1.5905471869086136,0.7750192437560832,-1.9936629551817138,0.16138195095613547,-0.5350808608321594,1.6640349341300427,1.4228574521220394,-1.5772724700114618,0.85797412768073,-1.793682924308134
1.6090776777356903,-1.173891622101211,-1.7584462796115787,2.063378017611707,2.6126824047040187,-0.7060636766541474,1.9782823539504306,-4.024042419761336,-3.140346080279744,2.4993285600732635,-0.05086458411690645,-2.334008786036271,-0.13014256588572642,2.524901911891976,2.5151205990135925,4.620459658096137,0.2904772790059923,1.0684777162116654,-0.339642471161143,-1.87374974257835,0.6601320652292447,-1.0530580969451169,2.7015841070163717,-0.053126315918878016,-2.4306079015268276,1.362228992974846,-1.3121617272551884,0.9696371669420871,-0.00914034980137539,-2.4936098995950045,-3.1232726093272434,0.35688038956347795,-3.205196163745166,-0.4108434262696349,1.8060212910892643,0.9748136701501954,-2.4309526762532037,0.41964987179467633,-0.7180027715277979,1.9783372944368973,1.855692861059191,-1.7406561788545678,1.1111161624423627,-2.418966005714851
-1.1839788216012173,0.10184351317663981,0.0032722205611838417,-0.7721015173455918,-0.7060636766541474,1.7840329702234714,-0.17691095455501754,0.3410851570543454,0.57009909001663,-0.1264948748040838,0.16558234331355637,0.4609286464699525,0.28925824307747083,-0.7183374510023689,-0.366584346222747,-0.43698686550936117,-1.0613151540355044,0.4277932144152197,-0.4886650242729641,0.034202866516296095,0.08271943373560263,0.5571195916310089,0.11229735524118006,0.1140225635488976,1.0333881259846538,-0.6043375784814966,0.21671692041609264,-0.12250981114533241,-0.7420936483588972,0.3788176340027299,1.350682599284234,-0.3733962814214918,-0.31724681047773257,0.6262972564102439,-0.006510138807250974,-0.6137867475904715,1.548895792006623,0.46809206215716115,0.3439200100152811,-0.26403582391420577,-0.21812654317442573,-0.07556894707077627,-0.16988642277062804,-0.26885219798389537
1.198852568458146,-1.124950844810612,-1.5855277845547535,1.7129004502340346,1.9782823539504306,-0.17691095455501754,2.319292824744201,-4.115201590923088,-2.756069101239783,2.0549207920208055,0.6275305323465625,-2.257712142637165,-0.15171616043123598,1.6947884187367162,2.33722366030054,4.096167393345759,0.11032210891766529,1.1929729939756155,-0.40001486816688014,-1.7088557171865721,0.9745271409745934,-1.18536138326357,2.792747718161213,0.0108999413610742,-1.6445994277914504,0.8906753508704494,-0.8076273724017635,0.4986161949451057,-0.31714868646576744,-2.1094790963776835,-2.5781283076611863,0.4149911505828886,-2.968733555972777,-0.2549120188870316,1.4829960049818898,0.8003621931527418,-1.322736123307025,0.10942284364399255,-0.43677165911286625,2.1593319677897735,1.336004667618346,-2.070133535987948,0.932883635500925,-1.833739090630551
-2.1953450587679693,2.1562937372977706,3.1958651714133786,-3.3072935637218097,-4.024042419761336,0.3410851570543454,-4.115201590923088,7.698150149983943,5.349657093656802,-4.177945187438378,-0.8263685836948191,4.258127621734114,0.13492482427228308,-3.5533927737135667,-4.436223355762963,-8.046483663724219,-0.21999514418041705,-2.270143211519824,0.8704883438790141,3.251885194008879,-1.7218483180432465,2.046092576688119,-5.215302899031183,0.046780505016208916,3.457709428346519,-1.8560810884459331,1.7726459405555401,-1.2065973007327822,0.5439095356521532,4.1985791652132844,4.996289670506814,-0.7129294146030507,5.903469273499522,0.4998094260726458,-2.82362666905247,-1.588059836820749,2.9168076819236712,-0.5410601898882612,0.9722602221167562,-3.908730685510424,-2.8128065014912833,3.6691379994516353,-1.883296094639456,3.9165868992754804
-2.164658349023616,1.4849621981868866,1.931032499379486,-2.607944254914052,-3.140346080279744,0.57009909001663,-2.756069101239783,5.349657093656802,4.3510292175577465,-3.195038825197738,-0.008017267539377135,2.83055297625918,0.5078888482509027,-3.4373967589842302,-3.6001632726322614,-6.016003664971712,0.09277115803044249,-1.5192285455129293,0.20569715093737456,2.995381039284536,-0.906793625265386,1.4801228095978123,-3.9909346953882876,-0.19322360324908655,2.965292899828429,-1.7522246679457212,1.5735581111978068,-1.4332712648558679,0.09609346597005729,3.2458939745459237,3.91619059952234,-0.19599114351723879,4.1124103847753535,0.3776117728689521,-3.012822611433358,-0.9212818396313478,2.7378385719868854,-0.5046345309820401,0.6825494325832833,-2.565848043014074,-2.3131373525199543,2.873346622717297,-1.33122950572208,3.2356574773054274
1.3135015941579191,-1.2280651346948948,-1.941951367459561,1.9204865237425919,2.4993285600732635,-0.1264948748040838,2.0549207920208055,-4.177945187438378,-3.195038825197738,2.789244698042484,0.007273774015250418,-2.400319839500355,-0.053675305152926706,2.5159486028792135,2.612145570632049,4.846767253171425,-0.05374272807293631,1.360071014079827,-0.5540521193403753,-1.9506618909033262,0.7135400280659181,-0.8931098769586349,2.964269937713083,-0.019419868704424734,-2.3253132964626975,1.1499639949248526,-1.4244939025873053,0.9505410539343536,-0.24713799672770517,-2.652159881213036,-2.8736901368209744,0.22468748761857535,-3.591102271477525,-0.2669099072407814,1.8934019870801686,0.7767414513084598,-2.051094101576839,0.6324246090564354,-0.696787856950694,2.0890177581351845,1.9673948401768797,-1.96613229662728,1.0702653163843026,-2.7513538926020025
-0.3350001574454603,-0.2034745326772272,-0.4164022115246965,0.036014783845906374,-0.05086458411690645,0.16558234331355637,0.6275305323465625,-0.8263685836948191,-0.008017267539377135,0.007273774015250418,0.8445466781404682,-0.4642621383297733,0.24895939677653942,-0.6787254456350528,0.0330802909151868,0.29063180295178925,0.3060951634807721,0.23765742772632192,-0.32132671059329937,0.2898070614531379,0.5213041252370145,-0.28822451172054864,0.2628234351555778,-0.15183122551002437,0.2559312753305728,-0.2665960951548036,0.34688159177919126,-0.4392462002767864,-0.31514152805322315,-0.06676226744254435,-0.19000195462349878,0.35735546369613613,-0.41976087953443003,-0.04896212712435343,-0.7067398439046122,0.31672001364495744,0.5026621142604217,-0.23737539093846635,0.01226885626400354,0.5476398790998633,-0.23326971290961834,-0.2609528498471076,0.11123694012020341,0.3549869105061226
-1.2714442852252716,1.239182732810967,1.99561822686773,-1.8994404047611853,-2.334008786036271,0.4609286464699525,-2.257712142637165,4.258127621734114,2.83055297625918,-2.400319839500355,-0.4642621383297733,2.595344277875315,-0.06348644022133842,-1.9017884970265257,-2.3166498892856713,-4.474700535035143,-0.44807670918094056,-1.21434228677592,0.5946793652207701,1.4538673600679857,-0.948123113275176,1.1323498484903813,-2.660031452562472,0.17386164962556983,2.0629629658381807,-0.9657814405326907,1.097383071171973,-0.4602106206479197,0.20032412261343996,2.3774490813727525,2.868752626844842,-0.5749019460516824,3.2772091159773917,0.4329658678315512,-1.16701785075412,-1.0701945038663792,1.8290747480001597,-0.23951669544674065,0.7194798961465616,-2.2957409902801937,-1.6245174013151447,1.7906710979651361,-1.0660549424314552,2.087485361028251
-0.6964729429963195,-0.014786154831865232,-0.41978678987789775,-0.26422613636838627,-0.13014256588572642,0.28925824307747083,-0.15171616043123598,0.13492482427228308,0.5078888482509027,-0.053675305152926706,0.24895939677653942,-0.06348644022133842,0.5248328250724353,-0.6726589398788292,-0.49578140561232653,-0.2256430694192065,0.26395331575944686,0.04644312103323,-0.46326004386268144,0.7249842153017249,0.16455335594645304,0.23778957093365224,-0.44105337039508796,-0.2736255166014174,0.25401151176615855,-0.32121706604634764,0.14361385147735223,-0.3496649165315373,-0.21901029897882376,0.15187598549381567,0.32359818590773975,0.22079664772345262,-0.1882369289204391,0.004710276323723791,-1.039102695759348,0.23205929386125765,0.3425797775464502,0.1539234456006481,-0.10251609486192753,-0.03344906919838911,-0.13849869514578056,0.5398137912011233,0.05161468168395188,0.16428772375471248
2.1405775341594824,-1.0027052651475783,-1.1491561773006744,2.0836870005410804,2.524901911891976,-0.7183374510023689,1.6947884187367162,-3.5533927737135667,-3.4373967589842302,2.5159486028792135,-0.6787254456350528,-1.9017884970265257,-0.6726589398788292,3.3501137929329934,2.847612190123743,4.5129893883492045,-0.28376288164577007,0.9806721593640836,0.17046266970324178,-2.621355567630581,0.25915538474845795,-0.9863154529944724,2.934795725062749,0.28418194530262664,-2.601471048898283,1.6124206544477322,-1.565262290128479,1.456796881333578,0.2493423672867152,-2.5254834210298687,-3.00358757409612,-0.12172693060604892,-2.811061163634214,-0.31019535353028593,3.025119384703568,0.4550881475571934,-2.6641939286332423,0.507073629634552,-0.5596171834486874,1.633519776785968,2.0305558354783044,-2.120954394257722,0.933238825270652,-2.7990329226227626
1.8278159784984211,-1.2114278053847984,-1.5186966541396427,2.1297378380239467,2.5151205990135925,-0.366584346222747,2.33722366030054,-4.436223355762963,-3.6001632726322614,2.612145570632049,0.0330802909151868,-2.3166498892856713,-0.49578140561232653,2.847612190123743,3.0276616543919417,4.935830672889393,-0.21394423897899575,1.2883288741775636,-0.13070748801159682,-2.573253162721951,0.7404192818316,-1.2405171170386968,3.38535573289669,0.21595821735041645,-2.3577565610084057,1.4107715832167431,-1.295002413014638,1.1675112433025239,-0.11297681007991402,-2.655005862443274,-3.155231889833541,0.11276679704019875,-3.3607663797373046,-0.2605302068948717,2.6517002576808317,0.6584662174564458,-2.1375537703453347,0.379635700304688,-0.5079217490577211,2.153755911837514,1.887235613444225,-2.5045368349823915,1.0535129567325097,-2.6660709970581515
2.5729479749065405,-2.2998284591297242,-3.4391406959495843,3.6726688443775126,4.620459658096137,-0.43698686550936117,4.096167393345759,-8.046483663724219,-6.016003664971712,4.846767253171425,0.29063180295178925,-4.474700535035143,-0.2256430694192065,4.5129893883492045,4.935830672889393,8.962209159278302,0.054069491147856884,2.4396954585336554,-0.8630143720840125,-3.779531136218832,1.5536175020986263,-1.9842996504286938,5.639882051420928,0.005626640373645894,-4.165350652701685,2.260681105656936,-2.3220553772463655,1.725060733047925,-0.42272543142676,-4.775890230175631,-5.500856085460094,0.5319218594925585,-6.496132933636264,-0.5369438869561843,3.5555212939460956,1.5768911178341085,-3.708212531656688,0.912994617664209,-1.1643403906165328,3.970440337632997,3.4246709582638677,-3.8580755286268924,2.062540608632459,-4.807296004431742
0.1487690701921967,-0.10462760744644893,-0.39544530574101244,0.2895622544045735,0.2904772790059923,-1.0613151540355044,0.11032210891766529,-0.21999514418041705,0.09277115803044249,-0.05374272807293631,0.3060951634807721,-0.44807670918094056,0.26395331575944686,-0.28376288164577007,-0.21394423897899575,0.054069491147856884,1.148892386319621,-0.25156255363593216,-0.07443109595096048,0.7174642343171315,0.23900522550551728,-0.2887098040183019,-0.47220416836758017,-0.3494492189216195,-0.4177185388153264,0.0689544803708501,0.12203831408467482,-0.3484073637929761,0.3341285805016044,-0.08984158733611086,-0.665704148235803,0.5447618323130419,0.1088902463517594,-0.501209682869731,-1.1390014561532844,0.7172309225839618,-0.6277005010824601,-0.3042151065802235,-0.3226316265985345,0.23721425282038242,-0.09237798426890348,0.47266708063326657,0.17248647585201635,0.4970188393938132
0.3373182098468749,-0.6522031652164303,-1.0430014310254605,0.8007168185032455,1.0684777162116654,0.4277932144152197,1.1929729939756155,-2.270143211519824,-1.5192285455129293,1.360071014079827,0.23765742772632192,-1.21434228677592,0.04644312103323,0.9806721593640836,1.2883288741775636,2.4396954585336554,-0.25156255363593216,0.8792253231523474,-0.42882143777250253,-0.9959845936430164,0.5274761385778114,-0.4212185821821249,1.6618686666893139,0.018522980252408002,-0.8504981717172296,0.3905344907703181,-0.5762957835219432,0.356129944005749,-0.3645472455464408,-1.266715833022129,-1.1624111075065962,0.0827073855072322,-1.9852692645398808,0.007699099395963044,0.8974961563109114,0.2960125762901728,-0.49713552040174314,0.3573419360016515,-0.24175396693663334,1.1494144318603954,0.8812888209639623,-1.1564680472359408,0.5262677269330408,-1.3969381004906405
0.46159635386860254,0.2953353695212781,0.8154657448890072,-0.11016262099663011,-0.339642471161143,-0.4886650242729641,-0.40001486816688014,0.8704883438790141,0.20569715093737456,-0.5540521193403753,-0.32132671059329937,0.5946793652207701,-0.46326004386268144,0.17046266970324178,-0.13070748801159682,-0.8630143720840125,-0.07443109595096048,-0.42882143777250253,0.6180137304302334,-0.18852035022478883,-0.36251704661454565,-0.03337633838306536,-0.3504618413191015,0.2227174571252557,0.1076835564660382,0.12626412491771494,0.14673604798057918,0.1478309053728817,0.3775502919175147,0.41092413297790836,0.17548921717894633,-0.21747609537458393,1.0366272722729684,-0.038913648756994136,0.47068169586374003,-0.2898080758313681,-0.11280424085315237,-0.29158289305952745,0.19589439436080228,-0.4750251900963642,-0.2781990063256918,0.04820919659796796,-0.26568857920232125,0.48275378504067984
-1.6345968182008224,0.8484149025691856,0.740247301207154,-1.61884608033936,-1.87374974257835,0.034202866516296095,-1.7088557171865721,3.251885194008879,2.995381039284536,-1.9506618909033262,0.2898070614531379,1.4538673600679857,0.7249842153017249,-2.621355567630581,-2.573253162721951,-3.779531136218832,0.7174642343171315,-0.9959845936430164,-0.18852035022478883,2.609586597098938,-0.37713749620696235,0.9270776062343667,-2.902294410833528,-0.4344161103874641,1.7554637229772427,-1.2729421646632968,1.052944660856151,-1.2735626337986548,0.07590020321258588,1.9986600609724081,2.2753103355022293,0.25370808600053363,2.4415120430942485,8.343466138763948e-4,-2.964799095559024,-0.13080769469288023,1.5921429963284963,-0.3737341846467355,0.19178448867371564,-1.4324554829095106,-1.5142282912913272,2.2643680353198428,-0.7431983249887048,2.3092319153753134
0.07137184420188677,-0.47227700729117733,-0.8203216845540404,0.5503868203761626,0.6601320652292447,0.08271943373560263,0.9745271409745934,-1.7218483180432465,-0.906793625265386,0.7135400280659181,0.5213041252370145,-0.948123113275176,0.16455335594645304,0.25915538474845795,0.7404192818316,1.5536175020986263,0.23900522550551728,0.5274761385778114,-0.36251704661454565,-0.37713749620696235,0.6433231450477944,-0.4794755301605231,1.0018924228101107,-0.12172794316354146,-0.459247881392611,0.1890172025088665,-0.09690866315476723,0.007088307228000839,-0.23967186756703782,-0.7510664883894688,-0.8738324988578271,0.29386068987906894,-1.2787980798231058,-0.1277758612195564,0.024270831712495087,0.4646524073474753,-0.20600440761513958,0.07262591177248126,-0.16866008490242393,0.8839230887979688,0.37399959956949386,-0.7168774968101607,0.4258916597330391,-0.6160121082275278
-0.9297583945378103,0.5382149057885125,0.6214948055379577,-1.0086759118929265,-1.0530580969451169,0.5571195916310089,-1.18536138326357,2.046092576688119,1.4801228095978123,-0.8931098769586349,-0.28822451172054864,1.1323498484903813,0.23778957093365224,-0.9863154529944724,-1.2405171170386968,-1.9842996504286938,-0.2887098040183019,-0.4212185821821249,-0.03337633838306536,0.9270776062343667,-0.4794755301605231,0.7940388005864045,-1.3539460442903652,-0.02393254629426183,0.973297409051496,-0.5992271995085715,0.3421162162416835,-0.279092471153002,-0.06589152316099259,1.029691184375645,1.539356134787962,-0.2671956003300773,1.2122995692955956,0.2733640423534509,-0.8165933963726439,-0.49565544664981237,0.9440399677214514,0.137574997119762,0.22434696268592172,-1.070961364238741,-0.6147403572279119,1.0829172202682047,-0.4726607141628666,0.7342438722491406
1.715222182935715,-1.4275581703878966,-1.839570114209031,2.2513695931476283,2.7015841070163717,0.11229735524118006,2.792747718161213,-5.215302899031183,-3.9909346953882876,2.964269937713083,0.2628234351555778,-2.660031452562472,-0.44105337039508796,2.934795725062749,3.38535573289669,5.639882051420928,-0.47220416836758017,1.6618686666893139,-0.3504618413191015,-2.902294410833528,1.0018924228101107,-1.3539460442903652,4.003597814468786,0.2503184396393817,-2.3689623553100096,1.4042940900182062,-1.3478526341866852,1.2034537933511427,-0.40104161251912523,-2.9591011370971176,-3.293190861863541,0.11012229614407751,-4.052195994294047,-0.14173919018943776,2.913753054169495,0.6671268831442194,-1.9065073068838727,0.5046119145223998,-0.4855751043868893,2.5431668401224163,2.0616148521987605,-2.9745028133494573,1.2015421280993346,-3.0693809793884865
0.2152180644435447,0.04425010350066638,0.2983812827231123,0.009935848433474915,-0.053126315918878016,0.1140225635488976,0.0108999413610742,0.046780505016208916,-0.19322360324908655,-0.019419868704424734,-0.15183122551002437,0.17386164962556983,-0.2736255166014174,0.28418194530262664,0.21595821735041645,0.005626640373645894,-0.3494492189216195,0.018522980252408002,0.2227174571252557,-0.4344161103874641,-0.12172794316354146,-0.02393254629426183,0.2503184396393817,0.1997955834751953,0.020688359814449102,0.10472017723379166,-0.03863276984560681,0.2159605119103858,0.018961703092157885,-0.004601999900249001,0.03880277437493265,-0.21472292414887734,0.1019388017288182,0.11021448600461115,0.6342050883071448,-0.24809491935573408,0.04642526663941087,-0.009723962957854992,0.12758968842955407,-0.07584829196379161,0.028811615088834116,-0.2954171216161359,-0.07223441657101393,-0.11457067007132912
-1.731153389635653,1.0233547849753426,1.4783304354139228,-1.9686344263947677,-2.4306079015268276,1.0333881259846538,-1.6445994277914504,3.457709428346519,2.965292899828429,-2.3253132964626975,0.2559312753305728,2.0629629658381807,0.25401151176615855,-2.601471048898283,-2.3577565610084057,-4.165350652701685,-0.4177185388153264,-0.8504981717172296,0.1076835564660382,1.7554637229772427,-0.459247881392611,0.973297409051496,-2.3689623553100096,0.020688359814449102,2.508091028788944,-1.3503625723224142,1.3007955610200934,-0.9962261479574864,-0.24178341913220122,2.365285522545094,3.039581134146185,-0.2760181557149526,2.7157570648706817,0.5266287679246582,-1.7462476320167706,-0.9025341187415271,2.56762602713353,-0.3529485809864953,0.7208300871812495,-1.6995224137723342,-1.7557178594764764,1.556278702281559,-0.9670231880385869,2.215702521055384
1.1285126371591787,-0.511501417090241,-0.5658965409195037,1.1328744388082228,1.362228992974846,-0.6043375784814966,0.8906753508704494,-1.8560810884459331,-1.7522246679457212,1.1499639949248526,-0.2665960951548036,-0.9657814405326907,-0.32121706604634764,1.6124206544477322,1.4107715832167431,2.260681105656936,0.0689544803708501,0.3905344907703181,0.12626412491771494,-1.2729421646632968,0.1890172025088665,-0.5992271995085715,1.4042940900182062,0.10472017723379166,-1.3503625723224142,0.9263009565146754,-0.6791178244031635,0.7544024766669118,0.1807357196557491,-1.2255818745661304,-1.6981752373167656,0.04262140900143376,-1.3503921162190813,-0.2142805154202533,1.3854990350595235,0.3898356576238169,-1.4935084044548386,0.1705233953575406,-0.29256266601734393,0.8024820724774486,0.9536992031849597,-0.9685229007422868,0.5398352852315279,-1.2512981125490927
-0.9119025747277586,0.5412340754016539,0.830868955060896,-0.9950260815367424,-1.3121617272551884,0.21671692041609264,-0.8076273724017635,1.7726459405555401,1.5735581111978068,-1.4244939025873053,0.34688159177919126,1.097383071171973,0.14361385147735223,-1.565262290128479,-1.295002413014638,-2.3220553772463655,0.12203831408467482,-0.5762957835219432,0.14673604798057918,1.052944660856151,-0.09690866315476723,0.3421162162416835,-1.3478526341866852,-0.03863276984560681,1.3007955610200934,-0.6791178244031635,0.9367854529599418,-0.5931987326836735,-0.03135079186614097,1.3169983895760746,1.4071149597119013,-0.0063786534546352155,1.6041646477373608,0.13570587095462874,-1.2570724259951502,-0.266464244697071,1.3209838386531396,-0.35163018591394896,0.3968131752475407,-0.9023550576984406,-1.1204065645432888,0.8566407474861398,-0.473299085862704,1.4855884350223723
0.7675229850203724,-0.32541432507223955,-0.25935955117576603,0.7525706622897156,0.9696371669420871,-0.12250981114533241,0.4986161949451057,-1.2065973007327822,-1.4332712648558679,0.9505410539343536,-0.4392462002767864,-0.4602106206479197,-0.3496649165315373,1.456796881333578,1.1675112433025239,1.725060733047925,-0.3484073637929761,0.356129944005749,0.1478309053728817,-1.2735626337986548,0.007088307228000839,-0.279092471153002,1.2034537933511427,0.2159605119103858,-0.9962261479574864,0.7544024766669118,-0.5931987326836735,0.8714438792644921,0.0627111509599272,-0.9582467190725301,-1.0956837510496744,-0.23767205087174778,-1.0714301041148209,0.0029844735338221662,1.5013368216367164,0.02183471592180197,-1.0443811995027281,0.353166909941037,-0.12089006831054828,0.37119461294798,0.8130307314203125,-0.8528828700137459,0.36237084267411435,-1.2536664000034456
0.4437220603532958,0.15113909820312146,0.3468592225409121,0.08465212387555171,-0.00914034980137539,-0.7420936483588972,-0.31714868646576744,0.5439095356521532,0.09609346597005729,-0.24713799672770517,-0.31514152805322315,0.20032412261343996,-0.21901029897882376,0.2493423672867152,-0.11297681007991402,-0.42272543142676,0.3341285805016044,-0.3645472455464408,0.3775502919175147,0.07590020321258588,-0.23967186756703782,-0.06589152316099259,-0.40104161251912523,0.018961703092157885,-0.24178341913220122,0.1807357196557491,-0.03135079186614097,0.0627111509599272,0.4449666767757101,0.13820480522054227,-0.15313815685002016,-2.127662905185119e-4,0.64900777314835,-0.22588964955161137,0.038097948258259705,0.047498270388345774,-0.5022713011769954,-0.19431525287795587,-0.06170971225922737,-0.26357342484797136,-0.058848330409449194,0.24980592233868648,-0.09279652649177267,0.27354000375903015
-1.4609664711774561,1.2138343883556166,1.8212415255362535,-1.989835625935923,-2.4936098995950045,0.3788176340027299,-2.1094790963776835,4.1985791652132844,3.2458939745459237,-2.652159881213036,-0.06676226744254435,2.3774490813727525,0.15187598549381567,-2.5254834210298687,-2.655005862443274,-4.775890230175631,-0.08984158733611086,-1.266715833022129,0.41092413297790836,1.9986600609724081,-0.7510664883894688,1.029691184375645,-2.9591011370971176,-0.004601999900249001,2.365285522545094,-1.2255818745661304,1.3169983895760746,-0.9582467190725301,0.13820480522054227,2.6179470180143167,3.019596752268072,-0.2641888584699269,3.4201102673839516,0.34984039567000824,-1.9041536698379824,-0.8479712559938947,2.13314535642883,-0.49459121360333536,0.6706883223936592,-2.089510824556393,-1.876406355354111,2.0199228715977267,-1.0708997943782035,2.5824381089379056
-2.231927680574994,1.4131591186315386,1.9690060453458755,-2.6312964657312383,-3.1232726093272434,1.350682599284234,-2.5781283076611863,4.996289670506814,3.91619059952234,-2.8736901368209744,-0.19000195462349878,2.868752626844842,0.32359818590773975,-3.00358757409612,-3.155231889833541,-5.500856085460094,-0.665704148235803,-1.1624111075065962,0.17548921717894633,2.2753103355022293,-0.8738324988578271,1.539356134787962,-3.293190861863541,0.03880277437493265,3.039581134146185,-1.6981752373167656,1.4071149597119013,-1.0956837510496744,-0.15313815685002016,3.019596752268072,4.141093683326835,-0.5555061931653185,3.6110513465563034,0.676101688746383,-2.088929712598097,-1.3191498103173942,3.0751401527169424,-0.1875908552617195,0.841190382895562,-2.512975792935994,-2.0642294384033177,2.2672482404566905,-1.3032617585216209,2.522091923875667
0.08606427294944666,-0.22039815775860266,-0.498814311683536,0.30599320074176956,0.35688038956347795,-0.3733962814214918,0.4149911505828886,-0.7129294146030507,-0.19599114351723879,0.22468748761857535,0.35735546369613613,-0.5749019460516824,0.22079664772345262,-0.12172693060604892,0.11276679704019875,0.5319218594925585,0.5447618323130419,0.0827073855072322,-0.21747609537458393,0.25370808600053363,0.29386068987906894,-0.2671956003300773,0.11012229614407751,-0.21472292414887734,-0.2760181557149526,0.04262140900143376,-0.0063786534546352155,-0.23767205087174778,-2.127662905185119e-4,-0.2641888584699269,-0.5555061931653185,0.3833931425895497,-0.4182578762460138,-0.22369239649403944,-0.5296700691781824,0.4754105003777837,-0.3045826751179185,-0.1406904026590086,-0.20825731576883322,0.4736408773921043,0.08394532933501692,0.0098049260413352185,0.21145681932561622,0.07179464168830804
-1.2273330311121233,1.7152716747352101,2.8094631428088386,-2.4061854146935975,-3.205196163745166,-0.31724681047773257,-2.968733555972777,5.903469273499522,4.1124103847753535,-3.591102271477525,-0.41976087953443003,3.2772091159773917,-0.1882369289204391,-2.811061163634214,-3.3607663797373046,-6.496132933636264,0.1088902463517594,-1.9852692645398808,1.0366272722729684,2.4415120430942485,-1.2787980798231058,1.2122995692955956,-4.052195994294047,0.1019388017288182,2.7157570648706817,-1.3503921162190813,1.6041646477373608,-1.0714301041148209,0.64900777314835,3.4201102673839516,3.6110513465563034,-0.4182578762460138,5.095400583952409,0.22471008470842466,-2.1018647043104832,-1.1511057618944538,2.1594601793181676,-0.888981396786444,0.8411707336218057,-2.9087209432696786,-2.4305086784964613,2.6319797017585254,-1.524562028830845,3.573976632168138
-0.3890154445478385,0.16116932624021277,0.27890881637285025,-0.38905525376764716,-0.4108434262696349,0.6262972564102439,-0.2549120188870316,0.4998094260726458,0.3776117728689521,-0.2669099072407814,-0.04896212712435343,0.4329658678315512,0.004710276323723791,-0.31019535353028593,-0.2605302068948717,-0.5369438869561843,-0.501209682869731,0.007699099395963044,-0.038913648756994136,8.343466138763948e-4,-0.1277758612195564,0.2733640423534509,-0.14173919018943776,0.11021448600461115,0.5266287679246582,-0.2142805154202533,0.13570587095462874,0.0029844735338221662,-0.22588964955161137,0.34984039567000824,0.676101688746383,-0.22369239649403944,0.22471008470842466,0.2998622033317808,0.1238719079995806,-0.3661246600751145,0.6142720641480971,0.11608481276129337,0.210309584294752,-0.3204552041605288,-0.1929217586160093,0.08421246157883952,-0.16211779288710407,0.0829310027468303
1.9879578361822399,-0.7157649883687809,-0.3320582393066788,1.5905471869086136,1.8060212910892643,-0.006510138807250974,1.4829960049818898,-2.82362666905247,-3.012822611433358,1.8934019870801686,-0.7067398439046122,-1.16701785075412,-1.039102695759348,3.025119384703568,2.6517002576808317,3.5555212939460956,-1.1390014561532844,0.8974961563109114,0.47068169586374003,-2.964799095559024,0.024270831712495087,-0.8165933963726439,2.913753054169495,0.6342050883071448,-1.7462476320167706,1.3854990350595235,-1.2570724259951502,1.5013368216367164,0.038097948258259705,-1.9041536698379824,-2.088929712598097,-0.5296700691781824,-2.1018647043104832,0.1238719079995806,3.722750054990247,-0.2402975895233691,-1.717414658770085,0.37975297355672055,-0.09652418949065528,1.2096627156531128,1.6110068838617961,-2.358688586447572,0.5873954902503189,-2.4280482609658454
0.39397774062862106,-0.48639744025755527,-0.9178879801904822,0.7750192437560832,0.9748136701501954,-0.6137867475904715,0.8003621931527418,-1.588059836820749,-0.9212818396313478,0.7767414513084598,0.31672001364495744,-1.0701945038663792,0.23205929386125765,0.4550881475571934,0.6584662174564458,1.5768911178341085,0.7172309225839618,0.2960125762901728,-0.2898080758313681,-0.13080769469288023,0.4646524073474753,-0.49565544664981237,0.6671268831442194,-0.24809491935573408,-0.9025341187415271,0.3898356576238169,-0.266464244697071,0.02183471592180197,0.047498270388345774,-0.8479712559938947,-1.3191498103173942,0.4754105003777837,-1.1511057618944538,-0.3661246600751145,-0.2402975895233691,0.7823003632113092,-0.9151558646976719,-0.0042247553523428625,-0.39788217129778175,0.8577382343898301,0.4919000289857882,-0.29775385942988447,0.4960968903256878,-0.4820265342195651
-2.008854181666124,0.8617018899263206,1.202538576764941,-1.9936629551817138,-2.4309526762532037,1.548895792006623,-1.322736123307025,2.9168076819236712,2.7378385719868854,-2.051094101576839,0.5026621142604217,1.8290747480001597,0.3425797775464502,-2.6641939286332423,-2.1375537703453347,-3.708212531656688,-0.6277005010824601,-0.49713552040174314,-0.11280424085315237,1.5921429963284963,-0.20600440761513958,0.9440399677214514,-1.9065073068838727,0.04642526663941087,2.56762602713353,-1.4935084044548386,1.3209838386531396,-1.0443811995027281,-0.5022713011769954,2.13314535642883,3.0751401527169424,-0.3045826751179185,2.1594601793181676,0.6142720641480971,-1.717414658770085,-0.9151558646976719,2.983008840821778,-0.2175102644929618,0.7457456756763905,-1.4065887177930132,-1.6855701416841928,1.183488827587816,-0.8959229147292918,1.923668876609711
-0.1577231976955144,-0.1878973721835798,-0.44951090259090015,0.16138195095613547,0.41964987179467633,0.46809206215716115,0.10942284364399255,-0.5410601898882612,-0.5046345309820401,0.6324246090564354,-0.23737539093846635,-0.23951669544674065,0.1539234456006481,0.507073629634552,0.379635700304688,0.912994617664209,-0.3042151065802235,0.3573419360016515,-0.29158289305952745,-0.3737341846467355,0.07262591177248126,0.137574997119762,0.5046119145223998,-0.009723962957854992,-0.3529485809864953,0.1705233953575406,-0.35163018591394896,0.353166909941037,-0.19431525287795587,-0.49459121360333536,-0.1875908552617195,-0.1406904026590086,-0.888981396786444,0.11608481276129337,0.37975297355672055,-0.0042247553523428625,-0.2175102644929618,0.49691991523893175,-0.1104806334117582,0.12739311864770764,0.4773113707153574,-0.20201524462670914,0.2216272032000627,-0.9037735355343612
-0.35675965119980935,0.3194746966236722,0.6220569213926397,-0.5350808608321594,-0.7180027715277979,0.3439200100152811,-0.43677165911286625,0.9722602221167562,0.6825494325832833,-0.696787856950694,0.01226885626400354,0.7194798961465616,-0.10251609486192753,-0.5596171834486874,-0.5079217490577211,-1.1643403906165328,-0.3226316265985345,-0.24175396693663334,0.19589439436080228,0.19178448867371564,-0.16866008490242393,0.22434696268592172,-0.4855751043868893,0.12758968842955407,0.7208300871812495,-0.29256266601734393,0.3968131752475407,-0.12089006831054828,-0.06170971225922737,0.6706883223936592,0.841190382895562,-0.20825731576883322,0.8411707336218057,0.210309584294752,-0.09652418949065528,-0.39788217129778175,0.7457456756763905,-0.1104806334117582,0.32053617166336107,-0.5403465624385019,-0.5075894515922138,0.21045427824130236,-0.3032042525087563,0.5686097633750005
1.1572594784275412,-1.1081325980737105,-1.6844860656497005,1.6640349341300427,1.9783372944368973,-0.26403582391420577,2.1593319677897735,-3.908730685510424,-2.565848043014074,2.0890177581351845,0.5476398790998633,-2.2957409902801937,-0.03344906919838911,1.633519776785968,2.153755911837514,3.970440337632997,0.23721425282038242,1.1494144318603954,-0.4750251900963642,-1.4324554829095106,0.8839230887979688,-1.070961364238741,2.5431668401224163,-0.07584829196379161,-1.6995224137723342,0.8024820724774486,-0.9023550576984406,0.37119461294798,-0.26357342484797136,-2.089510824556393,-2.512975792935994,0.4736408773921043,-2.9087209432696786,-0.3204552041605288,1.2096627156531128,0.8577382343898301,-1.4065887177930132,0.12739311864770764,-0.5403465624385019,2.1427723000807437,1.3687096038478284,-1.8168024621801933,0.8977647543063749,-1.779404083307142
1.123016329468864,-0.8307791675160711,-1.260646748355693,1.4228574521220394,1.855692861059191,-0.21812654317442573,1.336004667618346,-2.8128065014912833,-2.3131373525199543,1.9673948401768797,-0.23326971290961834,-1.6245174013151447,-0.13849869514578056,2.0305558354783044,1.887235613444225,3.4246709582638677,-0.09237798426890348,0.8812888209639623,-0.2781990063256918,-1.5142282912913272,0.37399959956949386,-0.6147403572279119,2.0616148521987605,0.028811615088834116,-1.7557178594764764,0.9536992031849597,-1.1204065645432888,0.8130307314203125,-0.058848330409449194,-1.876406355354111,-2.0642294384033177,0.08394532933501692,-2.4305086784964613,-0.1929217586160093,1.6110068838617961,0.4919000289857882,-1.6855701416841928,0.4773113707153574,-0.5075894515922138,1.3687096038478284,1.4871168298914434,-1.3523430911623526,0.7569959183402725,-2.0578486858189917
-1.3836703386346454,0.9624332783286151,1.045334399356488,-1.5772724700114618,-1.7406561788545678,-0.07556894707077627,-2.070133535987948,3.6691379994516353,2.873346622717297,-1.96613229662728,-0.2609528498471076,1.7906710979651361,0.5398137912011233,-2.120954394257722,-2.5045368349823915,-3.8580755286268924,0.47266708063326657,-1.1564680472359408,0.04820919659796796,2.2643680353198428,-0.7168774968101607,1.0829172202682047,-2.9745028133494573,-0.2954171216161359,1.556278702281559,-0.9685229007422868,0.8566407474861398,-0.8528828700137459,0.24980592233868648,2.0199228715977267,2.2672482404566905,0.0098049260413352185,2.6319797017585254,0.08421246157883952,-2.358688586447572,-0.29775385942988447,1.183488827587816,-0.20201524462670914,0.21045427824130236,-1.8168024621801933,-1.3523430911623526,2.417227868123162,-0.751641001482587,2.0520196052868935
0.5029810524449697,-0.5481472798049853,-0.8820795116401187,0.85797412768073,1.1111161624423627,-0.16988642277062804,0.932883635500925,-1.883296094639456,-1.33122950572208,1.0702653163843026,0.11123694012020341,-1.0660549424314552,0.05161468168395188,0.933238825270652,1.0535129567325097,2.062540608632459,0.17248647585201635,0.5262677269330408,-0.26568857920232125,-0.7431983249887048,0.4258916597330391,-0.4726607141628666,1.2015421280993346,-0.07223441657101393,-0.9670231880385869,0.5398352852315279,-0.473299085862704,0.36237084267411435,-0.09279652649177267,-1.0708997943782035,-1.3032617585216209,0.21145681932561622,-1.524562028830845,-0.16211779288710407,0.5873954902503189,0.4960968903256878,-0.8959229147292918,0.2216272032000627,-0.3032042525087563,0.8977647543063749,0.7569959183402725,-0.751641001482587,0.544602467678296,-1.0610418359599039
-1.2127769297105664,1.1375701502178401,1.7368954568163049,-1.793682924308134,-2.418966005714851,-0.26885219798389537,-1.833739090630551,3.9165868992754804,3.2356574773054274,-2.7513538926020025,0.3549869105061226,2.087485361028251,0.16428772375471248,-2.7990329226227626,-2.6660709970581515,-4.807296004431742,0.4970188393938132,-1.3969381004906405,0.48275378504067984,2.3092319153753134,-0.6160121082275278,0.7342438722491406,-3.0693809793884865,-0.11457067007132912,2.215702521055384,-1.2512981125490927,1.4855884350223723,-1.2536664000034456,0.27354000375903015,2.5824381089379056,2.522091923875667,0.07179464168830804,3.573976632168138,0.0829310027468303,-2.4280482609658454,-0.4820265342195651,1.923668876609711,-0.9037735355343612,0.5686097633750005,-1.779404083307142,-2.0578486858189917,2.0520196052868935,-1.0610418359599039,3.1647686523368437
