V1,V2,V3,V4,V5,V6,V7,V8,V9,V10,V11,V12,V13,V14,V15,V16,V17,V18,V19,V20,V21,V22,V23,V24,V25,V26,V27,V28,V29,V30,V31,V32,V33,V34,V35,V36,V37,V38,V39,V40,V41,V42,V43,V44
0.7602501217357046,-0.8486359017978822,-0.8721868247305032,0.6972614478931047,1.5609887529361077,-0.11043467122128574,-0.5400219271560059,-1.1520312446959229,0.3295032567739269,-0.14263118279234796,-0.7947681677335435,0.11480914685540376,-0.4194813341145182,2.2800133432112566,0.48469279967750545,0.1825955991581357,-0.14405754760143044,0.9747605695789818,0.23143796064363606,0.2992521587987271,-1.2976947505051544,1.3150803256454522,-0.2869428190040294,-0.4144534618670029,-0.22337645759284624,-0.5989479769867639,1.2306670134118856,0.18731088778432506,-0.3642218825491582,0.472875906715499,0.2797592966187648,0.06822658956023155,-0.3574119555187363,1.0108853787704486,-0.4526448277102613,0.30368053782409776,0.38593618101595917,0.7680327849843404,-0.6342062479381271,-0.015377956976736886,0.8128252642754765,1.3004712646199021,-0.8732024475165047,-0.3804850910339083
-0.8486359017978822,1.2609892529869926,0.42706935818726216,-0.6085009972993582,-1.746784882203479,-0.08346215422205684,1.012281835672779,0.8894631918753793,-0.13021971603625052,0.14542005308112835,1.0017664862251177,0.6887952286163579,0.9179282090502598,-1.5459978701084012,-0.24513843465055105,-0.23112026269260763,-0.06802069117086916,-1.0343725067077103,-0.04035814267349195,-0.31258453975695816,1.8465492464738396,-0.8299815749417067,0.23432615230287968,-0.4914416958004578,0.32316426333192727,0.7392646436938723,-1.407884245677907,0.4401137096421125,0.43364606627787217,0.2064763348754104,-0.502252179228304,0.27362091112548315,0.2784398748965003,-1.041961503718279,0.28215889848920744,-0.09610541648621361,-0.10006260958528304,-0.8309602958232993,1.0918561374405975,-0.11816302101795394,-0.6266216210792717,-1.0791325677928105,1.1093814874382597,1.1227830558792726
-0.8721868247305032,0.42706935818726216,2.321627349125394,-1.119542541352797,-1.9426098462275516,0.6108556619052846,-0.2483519948700849,2.363172316068723,-0.6882439825580173,0.32872957778209067,0.776732876709793,-1.733780873546333,-0.38485859395775496,-5.023488741842022,-1.4132247108757214,-0.08679300802566153,0.7004867206515383,-1.4284942633877407,-0.6447681946899686,-0.29839863642624004,0.8576323875417107,-3.072188050157931,0.5622983550013979,2.499442247405788,0.1244524859372384,0.5007483407517831,-1.3851659110442658,-1.7300368706789222,0.5097700935238654,-1.9839835389270726,0.2580703103143317,-0.8858321102121369,0.4056002059144807,-1.3860534318225277,0.9509763425632566,-0.8391293386684313,-1.0376970378050046,-1.0094459688494648,0.15817092847571768,0.2573709711297696,-1.65534684400034,-2.286986540428638,0.9184773567138653,-0.7991419477576909
0.6972614478931047,-0.6085009972993582,-1.119542541352797,0.9126253990134746,1.3617481170288976,-0.17060042312217596,-0.3141493996743709,-1.278625998046753,0.3093510120930642,-0.11652197488705358,-0.6658528127817257,0.5330839221807749,-0.19958560786820528,2.533720833020746,0.6352552674780697,0.052254390350829495,-0.2631937442408798,0.9193310483931219,0.3201064478451328,0.15408939517183917,-0.9432279036870667,1.4468459157137354,-0.23313127811973008,-0.8053762436427743,-0.16466093372590762,-0.538645690821012,1.0555289540040453,0.5022441043615486,-0.2718952165353175,0.727223076355813,0.146251080739243,0.3688028230825834,-0.3201736881180678,0.8581163254001719,-0.5925710658076572,0.48176534050161923,0.5781492188816257,0.781451252023748,-0.41190536429320806,-0.17225270162465875,0.9730822750208934,1.3352110257662912,-0.7609351937506719,-0.12865551620571222
1.5609887529361077,-1.746784882203479,-1.9426098462275516,1.3617481170288976,3.410029498741818,-0.21226291173174555,-0.9573963873605538,-2.686361754510333,0.5598965321223054,-0.48627630794874965,-1.6676397091634538,0.38832214627268297,-0.8223576569309198,5.272643664190674,1.1461778078246174,0.3405921141316991,-0.3584016224560278,2.330361846410658,0.5238769176642689,0.6149237323270585,-2.7401254731201763,3.1840223656187967,-0.8123754505644603,-1.0457374953606702,-0.5049780357968594,-1.1546332294866397,2.6975582061381473,0.6248095230271584,-0.8587781783504651,1.1337897894895068,0.5520954014948626,0.31997569903291573,-0.6638567228760109,2.2095367587100063,-0.9797204786332215,0.6769262761249775,0.7576963593727363,1.6181277843842778,-1.433710640328342,-0.023067094650818975,1.814628928470743,2.837655609490767,-1.9616181556368764,-0.6694698095301601
-0.11043467122128574,-0.08346215422205684,0.6108556619052846,-0.17060042312217596,-0.21226291173174555,0.3049317551384843,-0.2092673582286452,0.4027333302779411,-0.3253851538542549,-0.051665586502648166,0.06986265160493892,-0.5791704341773992,-0.30458643314935974,-1.0555745656108466,-0.34828951632091887,-0.06342396710298837,0.20309522611583475,-0.06377801190212021,-0.1510452074789624,-0.07730661618999624,-0.06819309601203838,-0.5977533218319647,0.02641281055112834,0.8518170173492089,-0.06384661397486752,0.035447271427077716,-0.06699703145699909,-0.511581803031871,0.0831572669497197,-0.6148479666982455,0.2522071067925211,-0.15474912006977143,0.09479958757091672,-0.22459685843748026,0.15085748582483577,-0.17550640862924238,-0.2903994176263873,-0.12243333270481255,-0.259370009727568,0.03168868134171725,-0.29861389039619995,-0.44183082021547965,-0.028911437039832948,-0.4420287205416287
-0.5400219271560059,1.012281835672779,-0.2483519948700849,-0.3141493996743709,-0.9573963873605538,-0.2092673582286452,1.0735750919380822,0.039135244120791626,-0.020850394506786434,-0.014084878566324356,0.6744380802810649,1.1374999086057969,0.9231053966678829,0.20646295860357566,0.16046741747010806,-0.20048913671166504,-0.23879158523263128,-0.3465563332724068,0.1684313864680747,-0.23724333094732472,1.3947540298132226,0.28823958965410423,-0.08750181535734206,-1.142724088251338,0.23324795985317776,0.6015542883214602,-0.8211975747111003,0.8835183858261964,0.19194752754941158,0.773171549249467,-0.5171714139895041,0.5766265311247322,0.16381077517120024,-0.5284875157722885,0.007622781321681896,0.18099640683155013,0.13884671060970227,-0.4512649368772441,0.9012658943001235,-0.16323049501842368,-0.07271997674572318,-0.3146232138425358,0.6651558819977379,1.2796289706449337
-1.1520312446959229,0.8894631918753793,2.363172316068723,-1.278625998046753,-2.686361754510333,0.4027333302779411,0.039135244120791626,2.9785272997483485,-0.3926720505669898,0.49782998928702693,1.1461145112248985,-1.482212432957561,0.1642169028564897,-5.848609565435183,-1.5283742853083726,-0.0235944624039933,0.6625261657213646,-2.2556317810412363,-0.6409901651751704,-0.21725557164747378,1.638469470176125,-3.6481429437887383,0.9030798216401106,2.133501470567231,0.34390217689946634,0.5978008938522185,-2.055353595883503,-1.5684692412405288,0.7407947961411229,-1.7725779731075104,-0.026477352028531187,-1.0275999807270904,0.3701088604889826,-1.7566591880764568,1.0717151376165952,-1.00603599531526,-0.9114114146960116,-1.338076938291935,0.790166621706555,0.29996681590934154,-1.9719745445366825,-2.6737027377802587,1.5847358121402997,-0.22483156941730623
0.3295032567739269,-0.13021971603625052,-0.6882439825580173,0.3093510120930642,0.5598965321223054,-0.3253851538542549,-0.020850394506786434,-0.3926720505669898,0.7383028874737405,0.016544211645106176,-0.22632958593918323,0.5895895522128779,0.37550203490914247,1.3042024442471707,0.22627117161013172,0.29885370425153923,-0.18577938177885717,0.0058131816176558776,0.2978052539056959,0.4765579694564957,-0.1569080194937401,0.7358517993791421,-0.022245135686607072,-0.9587994602984269,0.04017308212669,-0.36919112685919203,0.4169539776475068,0.43921000674637034,-0.05522877995841194,0.8953311142366542,0.021370548083751134,-0.07847910700945598,-0.5031579467202414,0.5783687853691896,-0.2900485048793908,0.08851099677641931,0.5056663465223611,0.2256149259257113,0.2671011700883903,0.06138641805022307,0.3213737992689453,0.8294129748437727,0.04335723819862483,0.6369524784095515
-0.14263118279234796,0.14542005308112835,0.32872957778209067,-0.11652197488705358,-0.48627630794874965,-0.051665586502648166,-0.014084878566324356,0.49782998928702693,0.016544211645106176,0.43772264434466457,0.14487167541218546,-0.1845092296616319,-0.11943061248589644,-0.9378073048319298,-0.23855208296790087,-0.015852837886320793,0.12773335313184167,-0.3936713915219555,-0.12960594552416266,-0.2415076545498474,0.23602049274960818,-0.759168791182422,0.24105487174345483,0.3051890336698559,0.09495038830950482,0.1790331887947302,-0.4776365470054783,-0.41629556492254793,0.08788643028103364,-0.33606023341874974,-0.17400019823006413,-0.1991126574566246,0.07323886864286443,-0.37238004190988877,0.25926077638856554,-0.008768739805701161,-0.14126281077431518,-0.12233009187971891,0.3126795986372372,-4.2236652678899966e-4,-0.286530566415884,-0.48155683827459006,0.2747569910062469,-0.160895625734947
-0.7947681677335435,1.0017664862251177,0.776732876709793,-0.6658528127817257,-1.6676397091634538,0.06986265160493892,0.6744380802810649,1.1461145112248985,-0.22632958593918323,0.14487167541218546,0.893604466097127,0.13504905511301463,0.6046265635677655,-2.172854299957428,-0.45730569214830463,-0.18153722446002643,0.08748929569734244,-1.0721533423910479,-0.1612636325318348,-0.2611714496692882,1.522765545865738,-1.238936148078447,0.30148548645394846,0.14821286219453506,0.26195368188738355,0.6191157802186027,-1.3055800685408396,-0.009720027248903026,0.4280209158262849,-0.25272709250540476,-0.307785218249924,0.004779040156545089,0.282966267205074,-1.0346120859657622,0.3900787711236137,-0.2652270255359275,-0.276707709965919,-0.8137720460974768,0.8097961079277508,-0.028874979276965387,-0.7965026891372177,-1.2500009422990337,1.0020066198755524,0.6592063370182077
0.11480914685540376,0.6887952286163579,-1.733780873546333,0.5330839221807749,0.38832214627268297,-0.5791704341773992,1.1374999086057969,-1.482212432957561,0.5895895522128779,-0.1845092296616319,0.13504905511301463,2.3238592736325017,1.1780675518437826,3.5037089572687634,0.9722678300113146,-0.07175582130579425,-0.6728037329437971,0.5583929824569739,0.667535811659993,0.07844454538191654,0.8040331112258696,2.2812723445439853,-0.44597105688303634,-2.767597869357282,0.13785171151453185,0.14882929171453757,0.21468070178270535,1.921580525204175,-0.07933100426380257,2.170636533866381,-0.5096183186867517,1.1060988795368227,-0.3151394123415048,0.4760179280465441,-0.6975299860162477,0.752920581582971,0.9298885609077131,0.2468718171587257,0.8528230437216141,-0.3441056974989437,1.0082625758078902,1.3199778175401053,0.09876907521643091,1.8901492752688498
-0.4194813341145182,0.9179282090502598,-0.38485859395775496,-0.19958560786820528,-0.8223576569309198,-0.30458643314935974,0.9231053966678829,0.1642169028564897,0.37550203490914247,-0.11943061248589644,0.6046265635677655,1.1780675518437826,1.1904825935025594,0.24294884046561738,0.106735008057025,0.006406976013751183,-0.2677375222919931,-0.6371360799139607,0.27509338271971684,0.1729260009854259,1.376680209879615,0.3057234597367512,0.03582636517077624,-1.350666407546314,0.26848697141969785,0.2752118432821999,-0.6618554981132613,0.9591200617282744,0.2756399005213076,1.0648601313877557,-0.3627567178168314,0.36902448400079896,-0.1406414684686683,-0.2957241993240538,-0.12702902047767187,0.021257878869499914,0.39193211660321287,-0.45626080215264964,0.993041988904157,-0.06502491691854863,-0.09721666387067082,-0.048555144111377756,0.8301308856558476,1.5566744360672409
2.2800133432112566,-1.5459978701084012,-5.023488741842022,2.533720833020746,5.272643664190674,-1.0555745656108466,0.20646295860357566,-5.848609565435183,1.3042024442471707,-0.9378073048319298,-2.172854299957428,3.5037089572687634,0.24294884046561738,12.06498214730231,3.0364476877059134,0.25390306056738204,-1.414882410348801,4.1729059749226485,1.5040098481269697,0.7393984360176437,-2.8601155465054697,7.514937551730786,-1.7689530524275607,-5.024128646190226,-0.5479976334410606,-1.2647881715079907,3.9833743746298516,3.458582705976557,-1.4057731196911862,4.242753854579427,-0.0676569070339131,2.0019311923943346,-1.0659528888316399,3.622533797266116,-2.209751545299672,1.9810963649658118,2.1266423117893023,2.60055732571603,-1.0387153069406108,-0.51279376561992,3.92665522939924,5.578926047240873,-2.7718965122313186,1.2841274676274115
0.48469279967750545,-0.24513843465055105,-1.4132247108757214,0.6352552674780697,1.1461778078246174,-0.34828951632091887,0.16046741747010806,-1.5283742853083726,0.22627117161013172,-0.23855208296790087,-0.45730569214830463,0.9722678300113146,0.106735008057025,3.0364476877059134,0.998058281793877,-0.05138147007386055,-0.4599674534077953,0.9596329979326573,0.293460509252249,0.03648589580087249,-0.5717082356737613,1.8720628228328813,-0.34456747002023713,-1.4368972674019003,-0.09972773820198007,-0.19751326916824655,0.7880132174865722,1.1265603446100436,-0.360710407510605,1.0239849785666524,-0.25839097551277085,0.6027693587787459,-0.034178582742608446,0.7724409111205917,-0.5362927530019738,0.5261075940189609,0.5104917371067351,0.6011513792902697,-0.24736021365414873,-0.19514191787377122,1.036493601241335,1.2858722504019144,-0.6662313038448466,0.26839363592859206
0.1825955991581357,-0.23112026269260763,-0.08679300802566153,0.052254390350829495,0.3405921141316991,-0.06342396710298837,-0.20048913671166504,-0.0235944624039933,0.29885370425153923,-0.015852837886320793,-0.18153722446002643,-0.07175582130579425,0.006406976013751183,0.25390306056738204,-0.05138147007386055,0.20299113556505372,0.025831293140399413,0.0022082993016664916,0.07268198207158665,0.2955929959245577,-0.29136047109826635,0.13327855298497904,-0.01004327584158918,-0.05163958985085163,-0.02157498167169697,-0.24036624282125374,0.28912219326761107,-0.09014553267523967,-0.04851152707996059,0.15955186262755655,0.14591979839799163,-0.219421927819413,-0.25376151894872356,0.31176324293976565,-0.05021394991796772,-0.08363052824998032,0.10751570426586014,0.1036081319737643,-0.047330337781583805,0.11990087287467698,0.02304311297550471,0.29751310136831915,-0.042079768736357076,0.060557193114156076
-0.14405754760143044,-0.06802069117086916,0.7004867206515383,-0.2631937442408798,-0.3584016224560278,0.20309522611583475,-0.23879158523263128,0.6625261657213646,-0.18577938177885717,0.12773335313184167,0.08748929569734244,-0.6728037329437971,-0.2677375222919931,-1.414882410348801,-0.4599674534077953,0.025831293140399413,0.26618477162207743,-0.31323225763885965,-0.19398383799298968,-0.052747884060171356,-0.012933412279008964,-0.9042824468177846,0.14938859116775247,0.9086279812864718,-0.0015098970429879156,0.04723967571191925,-0.23861335830834937,-0.6952107500510489,0.09813747838700071,-0.6757521347706928,0.16311057132253362,-0.339670687581407,0.059996484561872516,-0.2926387220314265,0.2822673484804491,-0.24546165356271976,-0.3187994428249868,-0.17979230844018407,-0.08154408482293465,0.11195197170552953,-0.4506567869025115,-0.5827144578373299,0.14233291968704673,-0.41994345937865707
0.9747605695789818,-1.0343725067077103,-1.4284942633877407,0.9193310483931219,2.330361846410658,-0.06377801190212021,-0.3465563332724068,-2.2556317810412363,0.0058131816176558776,-0.3936713915219555,-1.0721533423910479,0.5583929824569739,-0.6371360799139607,4.1729059749226485,0.9596329979326573,0.0022082993016664916,-0.31323225763885965,2.0710861522950137,0.3811317903741918,0.07319531446537547,-1.7712390030967975,2.61815623576701,-0.821197905532561,-0.8625427939111561,-0.39505966202438303,-0.4907411629415311,1.8409915915446655,0.6602199605977171,-0.6731052155778727,0.824071487906065,0.26616293205301045,0.660886695753675,-0.22056383314682473,1.400017563299966,-0.7069958116833028,0.7242682030516686,0.4197460569812806,1.151805287089127,-1.0449863124897787,-0.16884959947418463,1.4480046451615618,1.9341068680047844,-1.5540175339966638,-0.4440092508998444
0.23143796064363606,-0.04035814267349195,-0.6447681946899686,0.3201064478451328,0.5238769176642689,-0.1510452074789624,0.1684313864680747,-0.6409901651751704,0.2978052539056959,-0.12960594552416266,-0.1612636325318348,0.667535811659993,0.27509338271971684,1.5040098481269697,0.293460509252249,0.07268198207158665,-0.19398383799298968,0.3811317903741918,0.29374171722842424,0.18960225091940391,-0.08572191580088968,0.9666527236779697,-0.22365233879280486,-0.844233170859305,-0.02088119317304674,-0.16920077280467588,0.4234441473044031,0.5303821572096886,-0.08432273880870503,0.7799611389283185,0.02652848150107552,0.293479321868352,-0.2785066851294737,0.42211203510118966,-0.33152922323518574,0.24595278621838354,0.38823072342562254,0.25429509643395687,0.09728757586684077,-0.06866493711152313,0.45102113737039806,0.7266746465907967,-0.15639938779071205,0.523642145851596
0.2992521587987271,-0.31258453975695816,-0.29839863642624004,0.15408939517183917,0.6149237323270585,-0.07730661618999624,-0.23724333094732472,-0.21725557164747378,0.4765579694564957,-0.2415076545498474,-0.2611714496692882,0.07844454538191654,0.1729260009854259,0.7393984360176437,0.03648589580087249,0.2955929959245577,-0.052747884060171356,0.07319531446537547,0.18960225091940391,0.5734523311220554,-0.38455486720153653,0.5129362726107977,-0.0815999347275865,-0.3172392451667215,-0.051143052496014495,-0.4416243304615323,0.5753768953468866,0.15105595234116037,-0.04923685988792552,0.46907789236011926,0.29405882095998404,-0.20485894719928932,-0.4350640877856465,0.5847280255666116,-0.23214275258846084,-0.1253426864047725,0.28511090287445995,0.15604446929425458,-0.12686370826671323,0.14755740905634543,0.1488586995472449,0.6461014167862011,-0.09276588529455627,0.289111461213443
-1.2976947505051544,1.8465492464738396,0.8576323875417107,-0.9432279036870667,-2.7401254731201763,-0.06819309601203838,1.3947540298132226,1.638469470176125,-0.1569080194937401,0.23602049274960818,1.522765545865738,0.8040331112258696,1.376680209879615,-2.8601155465054697,-0.5717082356737613,-0.29136047109826635,-0.012933412279008964,-1.7712390030967975,-0.08572191580088968,-0.38455486720153653,2.7991959760517076,-1.5960999168237642,0.4564545963963107,-0.46562757332334737,0.5021860258888275,1.016626187949251,-2.179499472389143,0.4235661251283199,0.7309026107126323,0.15608321806209216,-0.6483904626289925,0.2422296143045764,0.34788984668779566,-1.6384039719122725,0.47359904477174974,-0.2781978592523683,-0.1684463283412975,-1.309019387819902,1.656945121652172,-0.11870619348515525,-1.105164241366804,-1.7722539782266784,1.7800427422536667,1.6178816024342522
1.3150803256454522,-0.8299815749417067,-3.072188050157931,1.4468459157137354,3.1840223656187967,-0.5977533218319647,0.28823958965410423,-3.6481429437887383,0.7358517993791421,-0.759168791182422,-1.238936148078447,2.2812723445439853,0.3057234597367512,7.514937551730786,1.8720628228328813,0.13327855298497904,-0.9042824468177846,2.61815623576701,0.9666527236779697,0.5129362726107977,-1.5960999168237642,4.804902649484194,-1.2022739925554897,-3.2012556381016837,-0.3436029070053933,-0.7150316393578526,2.4578660078886294,2.3069819517957217,-0.8444684525943601,2.7357124706772757,-9.345468387358702e-4,1.3392498977677358,-0.6456302885368485,2.225449599191852,-1.396476452768418,1.1853022995574818,1.2966746713049095,1.500595097211711,-0.6359461458502083,-0.3127417741029038,2.3969896337020375,3.434178159775318,-1.6677676420284289,1.013637749387026
-0.2869428190040294,0.23432615230287968,0.5622983550013979,-0.23313127811973008,-0.8123754505644603,0.02641281055112834,-0.08750181535734206,0.9030798216401106,-0.022245135686607072,0.24105487174345483,0.30148548645394846,-0.44597105688303634,0.03582636517077624,-1.7689530524275607,-0.34456747002023713,-0.01004327584158918,0.14938859116775247,-0.821197905532561,-0.22365233879280486,-0.0815999347275865,0.4564545963963107,-1.2022739925554897,0.4359312398747071,0.5539712443034605,0.1323134191602347,0.09639895930403683,-0.6740632440905413,-0.4216587893370765,0.2385947707286507,-0.5450552935708415,-0.10319884431386137,-0.3582844843657782,0.13385241697968062,-0.534418096908252,0.29063453251853294,-0.2851037609469092,-0.18310115516521264,-0.3476538991039253,0.2639687070002063,0.05621279406107645,-0.5332064285319971,-0.76796338898248,0.49800670738267383,-0.17708695754186696
-0.4144534618670029,-0.4914416958004578,2.499442247405788,-0.8053762436427743,-1.0457374953606702,0.8518170173492089,-1.142724088251338,2.133501470567231,-0.9587994602984269,0.3051890336698559,0.14821286219453506,-2.767597869357282,-1.350666407546314,-5.024128646190226,-1.4368972674019003,-0.05163958985085163,0.9086279812864718,-0.8625427939111561,-0.844233170859305,-0.3172392451667215,-0.46562757332334737,-3.2012556381016837,0.5539712443034605,3.6110445950297114,-0.11994525716628023,0.08779126815860275,-0.6489322187066604,-2.4904356847200435,0.26533211133059154,-2.8213655148889236,0.6370559673902452,-1.1928469669925794,0.4691604590295678,-0.9941421858548661,0.954416120477274,-0.8848501607137967,-1.2612934224197752,-0.5281774650175252,-0.8028433599232212,0.33292528978015073,-1.4673935531604256,-2.0667365774594866,0.13845617458725182,-2.1549245449933725
-0.22337645759284624,0.32316426333192727,0.1244524859372384,-0.16466093372590762,-0.5049780357968594,-0.06384661397486752,0.23324795985317776,0.34390217689946634,0.04017308212669,0.09495038830950482,0.26195368188738355,0.13785171151453185,0.26848697141969785,-0.5479976334410606,-0.09972773820198007,-0.02157498167169697,-0.0015098970429879156,-0.39505966202438303,-0.02088119317304674,-0.051143052496014495,0.5021860258888275,-0.3436029070053933,0.1323134191602347,-0.11994525716628023,0.11216956570173167,0.16320482975526066,-0.4301990370787759,0.05929803988900781,0.1291601363556507,0.04247265495296955,-0.16176059252597136,-0.011263027082853056,0.04863265290144306,-0.2922871957782376,0.1070810235554721,-0.06533909183129515,-0.011180373320615066,-0.23042701304654634,0.34914970917014204,4.381775972115885e-4,-0.21268732312403796,-0.32160045749715377,0.3620526629980353,0.3007257884747153
-0.5989479769867639,0.7392646436938723,0.5007483407517831,-0.538645690821012,-1.1546332294866397,0.035447271427077716,0.6015542883214602,0.5978008938522185,-0.36919112685919203,0.1790331887947302,0.6191157802186027,0.14882929171453757,0.2752118432821999,-1.2647881715079907,-0.19751326916824655,-0.24036624282125374,0.04723967571191925,-0.4907411629415311,-0.16920077280467588,-0.4416243304615323,1.016626187949251,-0.7150316393578526,0.09639895930403683,0.08779126815860275,0.16320482975526066,0.6517289021428736,-0.9688680176108363,0.0268648519729162,0.1885500758775886,-0.2670681124447255,-0.3813805072558674,0.1600065336810733,0.4013929333558309,-0.7973676116869481,0.353349635100801,-0.04538431078601972,-0.3328471582610114,-0.5279809366580532,0.5209561572647593,-0.0710631102601284,-0.47220021533182627,-0.9439284493160044,0.5539334802178605,0.3246021436171706
1.2306670134118856,-1.407884245677907,-1.3851659110442658,1.0555289540040453,2.6975582061381473,-0.06699703145699909,-0.8211975747111003,-2.055353595883503,0.4169539776475068,-0.4776365470054783,-1.3055800685408396,0.21468070178270535,-0.6618554981132613,3.9833743746298516,0.7880132174865722,0.28912219326761107,-0.23861335830834937,1.8409915915446655,0.4234441473044031,0.5753768953468866,-2.179499472389143,2.4578660078886294,-0.6740632440905413,-0.6489322187066604,-0.4301990370787759,-0.9688680176108363,2.22038367249396,0.40237653239087257,-0.6304325647178635,0.8376717249466527,0.6105130356554697,0.22623032778942195,-0.5981519569062135,1.772317755548768,-0.8032624167935614,0.47686626093310563,0.5836979503003096,1.2365616362041125,-1.2072181321388469,-0.004339492396291612,1.3659210589751989,2.2324948438150267,-1.5476684440866346,-0.5320764589373328
0.18731088778432506,0.4401137096421125,-1.7300368706789222,0.5022441043615486,0.6248095230271584,-0.511581803031871,0.8835183858261964,-1.5684692412405288,0.43921000674637034,-0.41629556492254793,-0.009720027248903026,1.921580525204175,0.9591200617282744,3.458582705976557,1.1265603446100436,-0.09014553267523967,-0.6952107500510489,0.6602199605977171,0.5303821572096886,0.15105595234116037,0.4235661251283199,2.3069819517957217,-0.4216587893370765,-2.4904356847200435,0.05929803988900781,0.0268648519729162,0.40237653239087257,1.9446949995853435,-0.1746373761012284,1.8721275474819654,-0.472639216078351,0.9735117669662058,-0.13352053366832625,0.6041811775393192,-0.6934143577212681,0.586950234259599,0.8007904371108683,0.2834730096056521,0.40364519190485176,-0.2838972245739932,1.0402903061289017,1.3374337027014132,-0.1498927840486568,1.443067728707026
-0.3642218825491582,0.43364606627787217,0.5097700935238654,-0.2718952165353175,-0.8587781783504651,0.0831572669497197,0.19194752754941158,0.7407947961411229,-0.05522877995841194,0.08788643028103364,0.4280209158262849,-0.07933100426380257,0.2756399005213076,-1.4057731196911862,-0.360710407510605,-0.04851152707996059,0.09813747838700071,-0.6731052155778727,-0.08432273880870503,-0.04923685988792552,0.7309026107126323,-0.8444684525943601,0.2385947707286507,0.26533211133059154,0.1291601363556507,0.1885500758775886,-0.6304325647178635,-0.1746373761012284,0.28488795217284446,-0.21914193598776177,-0.024387107825291066,-0.10806292370931132,0.04581942215783162,-0.5255018847606261,0.17869822321649173,-0.19908196739214515,-0.10218528846887573,-0.41454685107185346,0.3927274866414696,-6.261179962280871e-4,-0.4751939492973708,-0.6584813544124203,0.5522426348988579,0.2542733436624338
0.472875906715499,0.2064763348754104,-1.9839835389270726,0.727223076355813,1.1337897894895068,-0.6148479666982455,0.773171549249467,-1.7725779731075104,0.8953311142366542,-0.33606023341874974,-0.25272709250540476,2.170636533866381,1.0648601313877557,4.242753854579427,1.0239849785666524,0.15955186262755655,-0.6757521347706928,0.824071487906065,0.7799611389283185,0.46907789236011926,0.15608321806209216,2.7357124706772757,-0.5450552935708415,-2.8213655148889236,0.04247265495296955,-0.2670681124447255,0.8376717249466527,1.8721275474819654,-0.21914193598776177,2.3781612191220107,-0.252809895143686,0.8906748974562962,-0.6169092680068241,1.0307526832455842,-0.863470455368418,0.6818430577017964,1.098648071889783,0.5206587479980889,0.5470417320032359,-0.21056420594423178,1.216304374366662,1.9051954204061992,-0.2010129301834399,1.784840455663358
0.2797592966187648,-0.502252179228304,0.2580703103143317,0.146251080739243,0.5520954014948626,0.2522071067925211,-0.5171714139895041,-0.026477352028531187,0.021370548083751134,-0.17400019823006413,-0.307785218249924,-0.5096183186867517,-0.3627567178168314,-0.0676569070339131,-0.25839097551277085,0.14591979839799163,0.16311057132253362,0.26616293205301045,0.02652848150107552,0.29405882095998404,-0.6483904626289925,-9.345468387358702e-4,-0.10319884431386137,0.6370559673902452,-0.16176059252597136,-0.3813805072558674,0.6105130356554697,-0.472639216078351,-0.024387107825291066,-0.252809895143686,0.5495856235013737,-0.23260813175477046,-0.2837944801988713,0.36234731324313724,-0.11188163044312813,-0.12026075925843316,-0.01411534027856006,0.18761301173669298,-0.4810723690396662,0.08737581814837882,0.001630024639679017,0.2725395946135457,-0.32408080232073394,-0.4167303534813644
0.06822658956023155,0.27362091112548315,-0.8858321102121369,0.3688028230825834,0.31997569903291573,-0.15474912006977143,0.5766265311247322,-1.0275999807270904,-0.07847910700945598,-0.1991126574566246,0.004779040156545089,1.1060988795368227,0.36902448400079896,2.0019311923943346,0.6027693587787459,-0.219421927819413,-0.339670687581407,0.660886695753675,0.293479321868352,-0.20485894719928932,0.2422296143045764,1.3392498977677358,-0.3582844843657782,-1.1928469669925794,-0.011263027082853056,0.1600065336810733,0.22623032778942195,0.9735117669662058,-0.10806292370931132,0.8906748974562962,-0.23260813175477046,0.8241500101611781,0.04947592201305891,0.1894180529769944,-0.4012337269375561,0.5210977528033554,0.3691758353413059,0.2394020006756443,0.1483771769102946,-0.2803773644343367,0.6802586697986244,0.6511639590789169,-0.239395742601231,0.6344286691297806
-0.3574119555187363,0.2784398748965003,0.4056002059144807,-0.3201736881180678,-0.6638567228760109,0.09479958757091672,0.16381077517120024,0.3701088604889826,-0.5031579467202414,0.07323886864286443,0.282966267205074,-0.3151394123415048,-0.1406414684686683,-1.0659528888316399,-0.034178582742608446,-0.25376151894872356,0.059996484561872516,-0.22056383314682473,-0.2785066851294737,-0.4350640877856465,0.34788984668779566,-0.6456302885368485,0.13385241697968062,0.4691604590295678,0.04863265290144306,0.4013929333558309,-0.5981519569062135,-0.13352053366832625,0.04581942215783162,-0.6169092680068241,-0.2837944801988713,0.04947592201305891,0.5174381151197255,-0.5705731040819626,0.29525628876693205,-0.0824420985265249,-0.3849087724943964,-0.2737904483057861,-0.016096140798699626,-0.04770039335938047,-0.28256890591990513,-0.7593133952617356,0.13073840456503208,-0.3673254742669963
1.0108853787704486,-1.041961503718279,-1.3860534318225277,0.8581163254001719,2.2095367587100063,-0.22459685843748026,-0.5284875157722885,-1.7566591880764568,0.5783687853691896,-0.37238004190988877,-1.0346120859657622,0.4760179280465441,-0.2957241993240538,3.622533797266116,0.7724409111205917,0.31176324293976565,-0.2926387220314265,1.400017563299966,0.42211203510118966,0.5847280255666116,-1.6384039719122725,2.225449599191852,-0.534418096908252,-0.9941421858548661,-0.2922871957782376,-0.7973676116869481,1.772317755548768,0.6041811775393192,-0.5255018847606261,1.0307526832455842,0.36234731324313724,0.1894180529769944,-0.5705731040819626,1.5424688808933569,-0.6965509388103536,0.40465049974782175,0.6147824605623784,0.9915169980304458,-0.7772745205083538,0.02144793194721232,1.1737211339563143,1.9891623947257198,-1.1349688473859347,-0.08559473861576618
-0.4526448277102613,0.28215889848920744,0.9509763425632566,-0.5925710658076572,-0.9797204786332215,0.15085748582483577,0.007622781321681896,1.0717151376165952,-0.2900485048793908,0.25926077638856554,0.3900787711236137,-0.6975299860162477,-0.12702902047767187,-2.209751545299672,-0.5362927530019738,-0.05021394991796772,0.2822673484804491,-0.7069958116833028,-0.33152922323518574,-0.23214275258846084,0.47359904477174974,-1.396476452768418,0.29063453251853294,0.954416120477274,0.1070810235554721,0.353349635100801,-0.8032624167935614,-0.6934143577212681,0.17869822321649173,-0.863470455368418,-0.11188163044312813,-0.4012337269375561,0.29525628876693205,-0.6965509388103536,0.5244454347306603,-0.35390746028584413,-0.5108879201514412,-0.4818529126704469,0.19677147840657314,0.13264722885830152,-0.7521458380050599,-1.113367600773244,0.478216028362198,-0.3106160678014273
0.30368053782409776,-0.09610541648621361,-0.8391293386684313,0.48176534050161923,0.6769262761249775,-0.17550640862924238,0.18099640683155013,-1.00603599531526,0.08851099677641931,-0.008768739805701161,-0.2652270255359275,0.752920581582971,0.021257878869499914,1.9810963649658118,0.5261075940189609,-0.08363052824998032,-0.24546165356271976,0.7242682030516686,0.24595278621838354,-0.1253426864047725,-0.2781978592523683,1.1853022995574818,-0.2851037609469092,-0.8848501607137967,-0.06533909183129515,-0.04538431078601972,0.47686626093310563,0.586950234259599,-0.19908196739214515,0.6818430577017964,-0.12026075925843316,0.5210977528033554,-0.0824420985265249,0.40465049974782175,-0.35390746028584413,0.49427790923596915,0.3471767897361491,0.43234927216205515,-0.029781730221848986,-0.20330645473448097,0.6923772856769448,0.7996749120110015,-0.4243072621888592,0.2214337333080808
0.38593618101595917,-0.10006260958528304,-1.0376970378050046,0.5781492188816257,0.7576963593727363,-0.2903994176263873,0.13884671060970227,-0.9114114146960116,0.5056663465223611,-0.14126281077431518,-0.276707709965919,0.9298885609077131,0.39193211660321287,2.1266423117893023,0.5104917371067351,0.10751570426586014,-0.3187994428249868,0.4197460569812806,0.38823072342562254,0.28511090287445995,-0.1684463283412975,1.2966746713049095,-0.18310115516521264,-1.2612934224197752,-0.011180373320615066,-0.3328471582610114,0.5836979503003096,0.8007904371108683,-0.10218528846887573,1.098648071889783,-0.01411534027856006,0.3691758353413059,-0.3849087724943964,0.6147824605623784,-0.5108879201514412,0.3471767897361491,0.635781233507074,0.39477221195649576,0.13888735327303467,-0.12132987068308887,0.6870072120072179,1.0800312729702766,-0.20997643963214946,0.649818095204182
0.7680327849843404,-0.8309602958232993,-1.0094459688494648,0.781451252023748,1.6181277843842778,-0.12243333270481255,-0.4512649368772441,-1.338076938291935,0.2256149259257113,-0.12233009187971891,-0.8137720460974768,0.2468718171587257,-0.45626080215264964,2.60055732571603,0.6011513792902697,0.1036081319737643,-0.17979230844018407,1.151805287089127,0.25429509643395687,0.15604446929425458,-1.309019387819902,1.500595097211711,-0.3476538991039253,-0.5281774650175252,-0.23042701304654634,-0.5279809366580532,1.2365616362041125,0.2834730096056521,-0.41454685107185346,0.5206587479980889,0.18761301173669298,0.2394020006756443,-0.2737904483057861,0.9915169980304458,-0.4818529126704469,0.43234927216205515,0.39477221195649576,0.8620106243359336,-0.6506577346474856,-0.07460638581317831,0.9550142709639323,1.349346062777985,-0.9721266450541759,-0.4036559216909606
-0.6342062479381271,1.0918561374405975,0.15817092847571768,-0.41190536429320806,-1.433710640328342,-0.259370009727568,0.9012658943001235,0.790166621706555,0.2671011700883903,0.3126795986372372,0.8097961079277508,0.8528230437216141,0.993041988904157,-1.0387153069406108,-0.24736021365414873,-0.047330337781583805,-0.08154408482293465,-1.0449863124897787,0.09728757586684077,-0.12686370826671323,1.656945121652172,-0.6359461458502083,0.2639687070002063,-0.8028433599232212,0.34914970917014204,0.5209561572647593,-1.2072181321388469,0.40364519190485176,0.3927274866414696,0.5470417320032359,-0.4810723690396662,0.1483771769102946,-0.016096140798699626,-0.7772745205083538,0.19677147840657314,-0.029781730221848986,0.13888735327303467,-0.6506577346474856,1.2633902151411516,-0.06394659112882144,-0.49498759583569624,-0.7074407090646129,1.119182309684817,1.299387241721518
-0.015377956976736886,-0.11816302101795394,0.2573709711297696,-0.17225270162465875,-0.023067094650818975,0.03168868134171725,-0.16323049501842368,0.29996681590934154,0.06138641805022307,-4.2236652678899966e-4,-0.028874979276965387,-0.3441056974989437,-0.06502491691854863,-0.51279376561992,-0.19514191787377122,0.11990087287467698,0.11195197170552953,-0.16884959947418463,-0.06866493711152313,0.14755740905634543,-0.11870619348515525,-0.3127417741029038,0.05621279406107645,0.33292528978015073,4.381775972115885e-4,-0.0710631102601284,-0.004339492396291612,-0.2838972245739932,-6.261179962280871e-4,-0.21056420594423178,0.08737581814837882,-0.2803773644343367,-0.04770039335938047,0.02144793194721232,0.13264722885830152,-0.20330645473448097,-0.12132987068308887,-0.07460638581317831,-0.06394659112882144,0.14851968478553096,-0.2151675553809946,-0.14504957807688068,0.06862926490889519,-0.119030624836194
0.8128252642754765,-0.6266216210792717,-1.65534684400034,0.9730822750208934,1.814628928470743,-0.29861389039619995,-0.07271997674572318,-1.9719745445366825,0.3213737992689453,-0.286530566415884,-0.7965026891372177,1.0082625758078902,-0.09721666387067082,3.92665522939924,1.036493601241335,0.02304311297550471,-0.4506567869025115,1.4480046451615618,0.45102113737039806,0.1488586995472449,-1.105164241366804,2.3969896337020375,-0.5332064285319971,-1.4673935531604256,-0.21268732312403796,-0.47220021533182627,1.3659210589751989,1.0402903061289017,-0.4751939492973708,1.216304374366662,0.001630024639679017,0.6802586697986244,-0.28256890591990513,1.1737211339563143,-0.7521458380050599,0.6923772856769448,0.6870072120072179,0.9550142709639323,-0.49498759583569624,-0.2151675553809946,1.3648472606543758,1.8271076014546548,-1.0437945707107201,0.13387353461117651
1.3004712646199021,-1.0791325677928105,-2.286986540428638,1.3352110257662912,2.837655609490767,-0.44183082021547965,-0.3146232138425358,-2.6737027377802587,0.8294129748437727,-0.48155683827459006,-1.2500009422990337,1.3199778175401053,-0.048555144111377756,5.578926047240873,1.2858722504019144,0.29751310136831915,-0.5827144578373299,1.9341068680047844,0.7266746465907967,0.6461014167862011,-1.7722539782266784,3.434178159775318,-0.76796338898248,-2.0667365774594866,-0.32160045749715377,-0.9439284493160044,2.2324948438150267,1.3374337027014132,-0.6584813544124203,1.9051954204061992,0.2725395946135457,0.6511639590789169,-0.7593133952617356,1.9891623947257198,-1.113367600773244,0.7996749120110015,1.0800312729702766,1.349346062777985,-0.7074407090646129,-0.14504957807688068,1.8271076014546548,2.8553264635160747,-1.4145380493209452,0.3805013652616645
-0.8732024475165047,1.1093814874382597,0.9184773567138653,-0.7609351937506719,-1.9616181556368764,-0.028911437039832948,0.6651558819977379,1.5847358121402997,0.04335723819862483,0.2747569910062469,1.0020066198755524,0.09876907521643091,0.8301308856558476,-2.7718965122313186,-0.6662313038448466,-0.042079768736357076,0.14233291968704673,-1.5540175339966638,-0.15639938779071205,-0.09276588529455627,1.7800427422536667,-1.6677676420284289,0.49800670738267383,0.13845617458725182,0.3620526629980353,0.5539334802178605,-1.5476684440866346,-0.1498927840486568,0.5522426348988579,-0.2010129301834399,-0.32408080232073394,-0.239395742601231,0.13073840456503208,-1.1349688473859347,0.478216028362198,-0.4243072621888592,-0.20997643963214946,-0.9721266450541759,1.119182309684817,0.06862926490889519,-1.0437945707107201,-1.4145380493209452,1.359317979512259,0.896120207836928
-0.3804850910339083,1.1227830558792726,-0.7991419477576909,-0.12865551620571222,-0.6694698095301601,-0.4420287205416287,1.2796289706449337,-0.22483156941730623,0.6369524784095515,-0.160895625734947,0.6592063370182077,1.8901492752688498,1.5566744360672409,1.2841274676274115,0.26839363592859206,0.060557193114156076,-0.41994345937865707,-0.4440092508998444,0.523642145851596,0.289111461213443,1.6178816024342522,1.013637749387026,-0.17708695754186696,-2.1549245449933725,0.3007257884747153,0.3246021436171706,-0.5320764589373328,1.443067728707026,0.2542733436624338,1.784840455663358,-0.4167303534813644,0.6344286691297806,-0.3673254742669963,-0.08559473861576618,-0.3106160678014273,0.2214337333080808,0.649818095204182,-0.4036559216909606,1.299387241721518,-0.119030624836194,0.13387353461117651,0.3805013652616645,0.896120207836928,2.264120304537733
