V1,V2,V3,V4,V5,V6,V7,V8,V9,V10,V11,V12,V13,V14,V15,V16,V17,V18,V19,V20,V21,V22,V23,V24,V25,V26,V27,V28,V29,V30,V31,V32,V33,V34,V35,V36,V37,V38,V39,V40,V41,V42,V43,V44
1.539138321660855,-0.5006836786494272,0.21886485956365184,4.534814344919046,0.2320291609276749,0.7478858840482326,-1.1935304590156208,0.2652924493433334,1.0064077653423442,2.8948105517413194,-0.5947323322214045,1.7255707627739962,-1.0132065904310275,-0.032883662641967244,-2.3051659928672934,-0.20173516031942643,0.8871540849061105,0.30010461428493684,1.6137237211027933,-1.1652342327375176,0.24976323296028038,-1.6725836549382103,0.6867924440316007,0.8802710879448564,7.264586141312996e-4,-1.527589230977063,0.7617352228643579,-3.231078407018851,1.4638261217364765,0.792697983057611,2.1987699900247213,1.4019304625672488,-2.9525935597117448,-0.6778689895644081,-1.6196416800470976,2.6245214722876207,2.5543783876677977,2.125738390945942,2.129331143658547,-1.596431976507562,1.1773921114504915,1.3285785013549003,0.19363927867203046,-0.03246839107388274
-0.5006836786494272,0.3175815576589426,-0.08336497537200831,-1.2427304090207842,-0.12761311087421554,0.07742581853096166,0.4510465803799462,0.15288473909659697,-0.4444156132289151,-0.9123715765842432,0.446940806465738,-0.44979267732388356,0.17052777590271812,-0.2518965439716828,0.8236675015803782,0.026951251455562538,-0.16845640601553497,-0.1934002092790254,-0.486508522908056,0.3430411121217086,0.0019865164206285648,0.2765397127064826,-0.12966419395094697,-0.19750369640365834,0.07326260665088788,0.6021509712438967,-0.3751019649072486,1.0581202540191859,-0.4501527659029972,-0.36549460731227373,-0.7928669910467159,-0.3445158427799504,0.8534207098947091,0.14054068210963813,0.5096815737348056,-0.7795587977601703,-0.9416547252569636,-0.33782796147926186,-0.8669466147952027,0.44580776796168353,-0.33888303838464495,-0.5585236098333104,0.005861047493716674,0.06545435957521395
0.21886485956365184,-0.08336497537200831,0.9185495725412779,0.8548807901297263,-0.6403214168871393,0.04341908966207746,-0.4576710361727262,0.5092782864330159,0.20691629893259436,1.2605353264992492,-0.27371425933568305,-0.04221539725934299,-0.2871046373588544,-1.388213204928526,-1.4246477609034458,-0.1201599958011118,0.36697035737760547,-0.2427654770719647,0.22906607560509468,-0.6710021185250434,0.3591371245680812,-1.3633546900011584,0.25052939292748716,0.8934470041684328,0.0320749301281557,-0.32827540768543984,-0.21915426760274867,-1.7371185866481618,0.5974392268185118,-0.21056791940296699,0.8015722228487653,0.09076351781548801,-0.7361842121385533,-0.7919630016042775,-0.2413794855049312,0.6569551624311262,0.6891196617623849,-0.1191797747703428,1.2054960886313277,-0.46135178543445354,-0.2606475130234711,-0.19596044067034968,0.3786532207373619,-0.4764080971432176
4.534814344919046,-1.2427304090207842,0.8548807901297263,14.783033494793992,0.25251878573162295,3.0659171422116582,-3.6804314970759084,1.6632927952649044,2.772066047125777,9.300423175227847,-1.2347846547711518,5.474948623764832,-3.3216772681586786,-1.3398013992312046,-7.306647967567848,-0.8792119590575653,3.092584245139428,0.4898289571817741,5.1696130744608135,-3.8759509546351922,1.4552491286703393,-6.200384112116077,2.5309717921871897,3.6668511304968834,0.09410136488549564,-4.6371665973276865,1.9720507900846762,-10.470840069568059,4.875364196218263,2.01411812099073,6.963707813604105,4.702510464321231,-9.419859524471361,-2.418905456528143,-5.00687406716299,8.424816267847758,7.6766196791858246,7.396009039117763,6.334935259021742,-5.264221476126946,3.8816510607365915,3.4131240313909395,0.8537814120949059,0.10012424474129704
0.2320291609276749,-0.12761311087421554,-0.6403214168871393,0.25251878573162295,0.6764774115607737,0.037116691262381846,0.09397832220211602,-0.44358157156175554,0.14289303101897716,-0.25329094043445277,-0.014988987761020664,0.4274151610524848,-0.07153200307672247,1.3208810527944728,0.542587468421214,0.12042856870802361,-0.06911461105603732,0.4167717229039697,0.19399619211100794,0.261787950668591,-0.37905864385589694,0.8370994087673196,-0.14229105049335902,-0.5731386903541608,-0.056029218099456955,-0.053826346322293446,0.42897204882379136,0.5422427899585776,-0.21077537339377395,0.39316481030839473,-0.1316996885421951,0.19209193099868502,-0.11033301344401024,0.5408743447387044,-0.10887572256156501,0.1043314893791986,0.027851312160303742,0.5385283042433737,-0.37989329428150914,0.06798056733776561,0.43665317779919116,0.5538279905969715,-0.3203070375867248,0.37308372650493954
0.7478858840482326,0.07742581853096166,0.04341908966207746,3.0659171422116582,0.037116691262381846,1.279408332394883,-0.46591368818760975,0.9172263988197794,0.24827029306927342,1.640580550451624,0.44875072548674844,1.234533097882729,-0.9638231352478811,-0.6937267262388603,-1.0030003216474512,-0.17613445655917825,0.8703743645993248,-0.07920868373549178,1.0528317300406436,-0.6500171032957891,0.4190968934383556,-1.5653403187942214,0.6595546764132625,0.9293814798235688,0.12917833379009586,-0.5476609333941098,0.12706442222226746,-1.78811179544607,0.8800674839036796,0.08012688818581673,1.0243442756245642,1.0721794057839868,-1.8661766853318646,-0.4244736038689879,-0.7682077718075737,1.5949416982892997,0.939861893223852,2.260749453388477,0.5612411123428838,-0.9824079549011311,0.8584763837430898,0.2631408256331775,0.23030537349148061,0.38127369061127364
-1.1935304590156208,0.4510465803799462,-0.4576710361727262,-3.6804314970759084,0.09397832220211602,-0.46591368818760975,1.133388358337538,-0.3689043790044769,-0.921902170549263,-2.59272497382446,0.626632069765051,-1.2162285301234343,0.6710081424564006,0.5719608511988613,2.270750680689368,0.19437158827190484,-0.7197479785692196,-0.005102304615281497,-1.2844396059440453,1.036661785253698,-0.4156207291812502,1.7324682526251705,-0.6576618672620442,-1.0107568334768013,-0.00408593494353495,1.3970450040220608,-0.5221160048436205,3.01930255840305,-1.3650837246755807,-0.5928529400599316,-2.014737288996903,-1.0089244758561633,2.486495971070804,0.742746786166011,1.3503299955337682,-2.1393912694945847,-2.249383334899306,-1.4198467670978825,-2.080253384446803,1.367482529385667,-0.8108374063132519,-0.9366463974959877,-0.33556901762198416,0.17332846844465302
0.2652924493433334,0.15288473909659697,0.5092782864330159,1.6632927952649044,-0.44358157156175554,0.9172263988197794,-0.3689043790044769,1.5194034144026074,0.2872191474761034,1.0980172054705384,0.6293864331882463,0.41576129321759625,-0.6012027341096945,-1.8226994097440512,-0.9387698285217977,0.07668363500541828,0.8025797191378972,-0.7013253500356473,0.6038037291210554,-0.16571165753141362,0.5203586146321812,-1.866675995038544,0.7307132422846203,1.1067170351347935,0.14376218658338688,-0.3193421828302678,-0.29567192654232866,-1.5202484052713603,0.7313675540047598,-0.3524381533599147,0.6679379220637,0.27085550880429055,-1.2344518888310976,-0.44096131784638415,-0.12387442958202743,0.6313569231492846,0.3251931170384216,1.3078987155094652,0.42511471961661385,-0.38172628791812785,0.06742561108759722,-0.4021117022304454,0.5324533817277786,0.45805000081582536
1.0064077653423442,-0.4444156132289151,0.20691629893259436,2.772066047125777,0.14289303101897716,0.24827029306927342,-0.921902170549263,0.2872191474761034,0.9967956711787952,1.9521099548860212,-0.5503776781858246,0.9676755428760472,-0.40947699994861264,-0.1707651166133067,-1.696049669026452,0.034317250979577614,0.53552316291866,-0.06460189627897306,1.040461498523138,-0.5220160032347052,0.18443731536322416,-1.1650152324549063,0.5075062302753295,0.564119138968596,0.014706241252569014,-1.197463890427082,0.5435402655637359,-2.234932826658935,0.9884366075949964,0.6673208238828937,1.5434399235095266,0.5856634832875727,-2.0674192294067284,-0.3136382626344908,-1.0269799463420934,1.535024341510826,1.7840931223969225,1.1365045325540346,1.6103557008095768,-0.9153272595584317,0.6238529673779866,0.9301345634672609,0.28985956940569774,0.07492809428511923
2.8948105517413194,-0.9123715765842432,1.2605353264992492,9.300423175227847,-0.25329094043445277,1.640580550451624,-2.59272497382446,1.0980172054705384,1.9521099548860212,6.8310337917455435,-1.30267879819071,3.1730892599295566,-2.048356368944024,-1.5957092502445978,-5.717931929433611,-0.6178321392191575,2.0496211669322633,0.2260730155281799,3.2254698079402337,-2.970652092148168,1.1323446484191337,-4.6115945152339926,1.5042789100354732,2.8799011191437276,0.1119959323212087,-3.0469510946504363,1.100740956752157,-7.851787198970206,3.2690958566006474,1.2718925109587103,4.838628642657554,2.7441499986840547,-6.318142359924912,-2.0057655200086284,-3.235345211112727,5.666850357917601,5.211755705484347,4.122315077326324,5.009701226200086,-3.553236734799765,2.1422947530298404,2.0165411059888774,0.8246439664216497,-0.4828691915730557
-0.5947323322214045,0.446940806465738,-0.27371425933568305,-1.2347846547711518,-0.014988987761020664,0.44875072548674844,0.626632069765051,0.6293864331882463,-0.5503776781858246,-1.30267879819071,1.021385574591416,-0.34125063008045464,-0.05798959369053229,-0.3660939667211067,1.3298620418078435,0.15890868766559618,0.01926970637946077,-0.2966362146068981,-0.41393289430682406,0.6852949066724384,-0.04749734652780259,0.2619939781492633,0.03905384488212392,-0.16156345890719098,0.05169600619016084,0.7984057679111336,-0.44081659440305737,1.4571010644763147,-0.5082619640829507,-0.6193684914452797,-1.0499396241197156,-0.3003316945748044,0.9654710467844732,0.3855390523432342,0.8111245518235036,-1.0188869058464782,-1.4085191657113387,0.22086971193678476,-1.5011801074471554,0.6813369313442093,-0.29238914252001313,-0.7856604269141996,-0.05667456414309099,0.5916824936673489
1.7255707627739962,-0.44979267732388356,-0.04221539725934299,5.474948623764832,0.4274151610524848,1.234533097882729,-1.2162285301234343,0.41576129321759625,0.9676755428760472,3.1730892599295566,-0.34125063008045464,2.228773677438434,-1.3146903772217116,0.16343949151418477,-2.2591926134425284,-0.2867660373099006,1.1112583094439874,0.41670683394323604,1.9590585036991393,-1.2921592899333108,0.34070181014641865,-1.8248712984952657,0.8424173906081509,1.0505370195327624,0.01246222828247075,-1.6088942472101568,0.8861112645696143,-3.4269047826968886,1.6283523236783783,0.853079527488545,2.3713106931474037,1.8616437303492235,-3.4034600717377343,-0.6130904514421823,-1.829237182165671,3.099443897667684,2.6794863794498647,3.054468896622143,1.9640884770674574,-1.871638012214715,1.6479017512804015,1.444719729026098,0.11828413565350714,0.24811195596744298
-1.0132065904310275,0.17052777590271812,-0.2871046373588544,-3.3216772681586786,-0.07153200307672247,-0.9638231352478811,0.6710081424564006,-0.6012027341096945,-0.40947699994861264,-2.048356368944024,-0.05798959369053229,-1.3146903772217116,1.1756726358068903,0.40642125507519056,1.484702422250269,0.16906280453200193,-0.9037420330852098,-0.2895252402425815,-1.1864674967884221,0.9280957994808531,-0.17716719056465907,1.490515973133497,-0.5582463506423097,-0.9080334888725553,0.008408014715602565,0.7416649947432231,-0.34686654853376697,2.3615946222766793,-1.0303756077349595,-0.14906598543076463,-1.3961737236686087,-1.1839666800079867,2.014819603861588,0.5910916479067977,0.8859228248936745,-1.9126958548477035,-1.3997709049683467,-1.98332504634015,-1.1697491822837471,1.0944311661730362,-0.8037940806001758,-0.587296088831017,-0.0760381810560364,-0.13737486091150256
-0.032883662641967244,-0.2518965439716828,-1.388213204928526,-1.3398013992312046,1.3208810527944728,-0.6937267262388603,0.5719608511988613,-1.8226994097440512,-0.1707651166133067,-1.5957092502445978,-0.3660939667211067,0.16343949151418477,0.40642125507519056,3.384882583522802,1.841801412103994,0.12945387241130688,-0.7900918779376391,1.1661715493158453,-0.3190518047932898,0.6453411585772691,-0.9958945534024561,2.886110071414779,-0.8220084928522055,-1.768800582442853,-0.22916224410887281,0.34314984290448336,0.7919122162729066,2.362079607221741,-1.009642442519993,0.7064905873667746,-0.9437748809085326,5.111372131034964e-6,1.1573887589890028,1.2222272480592713,0.14277956459429966,-0.6125428773232036,-0.5183014389228748,-0.3683587414515044,-1.1962377736923444,0.5788207509176938,0.5035264623819171,0.9590282126838033,-0.9633158244838701,0.2709911937586322
-2.3051659928672934,0.8236675015803782,-1.4246477609034458,-7.306647967567848,0.542587468421214,-1.0030003216474512,2.270750680689368,-0.9387698285217977,-1.696049669026452,-5.717931929433611,1.3298620418078435,-2.2591926134425284,1.484702422250269,1.841801412103994,5.1167542753538795,0.5020956061725256,-1.6034614708982722,0.011331242790882809,-2.5025880397434834,2.513400970040882,-1.0206568477163167,4.054955637991864,-1.245929790663015,-2.5018773848202285,-0.0789213735565236,2.621441126647757,-0.7772946099338434,6.763468901085872,-2.7920416165780457,-0.9678645204959124,-4.1296172670669,-1.9964577593025212,5.079705623363559,1.9097079169455289,2.6305372379968084,-4.501600177193135,-4.46079621922381,-2.7006685966631228,-4.568100227645769,2.8783525294625356,-1.4067551560112455,-1.535860949893818,-0.8377741311173051,0.6930504387815503
-0.20173516031942643,0.026951251455562538,-0.1201599958011118,-0.8792119590575653,0.12042856870802361,-0.17613445655917825,0.19437158827190484,0.07668363500541828,0.034317250979577614,-0.6178321392191575,0.15890868766559618,-0.2867660373099006,0.16906280453200193,0.12945387241130688,0.5020956061725256,0.23008596509004361,-0.11263274198844637,-0.11724340342646578,-0.23760828070791168,0.48727258314238486,-0.20909381278311515,0.38674988741947786,-0.08495898907797514,-0.32888525869519025,-0.006232582038991853,0.21877765799692808,-0.050371691659445404,0.6707575085129448,-0.3067571038442894,-0.06755585256874375,-0.43695512181189244,-0.4122608522593715,0.4410967026935339,0.3257016334444425,0.38348016697174897,-0.6210636165687813,-0.4865080433642479,-0.2998439410633837,-0.4378441521631007,0.464017826107102,-0.2766473948968459,-0.11572184961135218,-0.019653426439261146,0.24423424475905608
0.8871540849061105,-0.16845640601553497,0.36697035737760547,3.092584245139428,-0.06911461105603732,0.8703743645993248,-0.7197479785692196,0.8025797191378972,0.53552316291866,2.0496211669322633,0.01926970637946077,1.1112583094439874,-0.9037420330852098,-0.7900918779376391,-1.6034614708982722,-0.11263274198844637,0.8709231836666872,-0.030165111938095977,1.1139479703967,-0.7886950991781331,0.3553391202105857,-1.686097261334993,0.6269115278777311,1.0406267219829706,0.050377343393131,-0.8180463123110733,0.24536873122073563,-2.4174383736904783,1.049297033565727,0.17793927893971426,1.4018214546514272,0.9343151782840384,-2.043470794559215,-0.5731940999651772,-0.833954941657176,1.723884284316666,1.3621088268401074,1.7893940664351484,1.24153977594889,-1.018863267335492,0.6825060585469206,0.4352703082155403,0.27673143446641807,0.17779424195900784
0.30010461428493684,-0.1934002092790254,-0.2427654770719647,0.4898289571817741,0.4167717229039697,-0.07920868373549178,-0.005102304615281497,-0.7013253500356473,-0.06460189627897306,0.2260730155281799,-0.2966362146068981,0.41670683394323604,-0.2895252402425815,1.1661715493158453,0.011331242790882809,-0.11724340342646578,-0.030165111938095977,0.7492630691940354,0.21363558695667695,-0.34195553816265023,-0.32828080039128066,0.6317461229642012,-0.2560011194948625,-0.2624284088952934,-0.13883671702271613,-0.04831301726152471,0.39754364985922946,-0.10553432775957651,-0.03748748736525724,0.24060410084705453,0.17390438455243287,0.46929437503151405,-0.0984416311140849,0.08012311196500746,-0.23581085007612507,0.5256449332181816,0.3193299724802684,0.25296112434697793,0.1489943100694299,-0.22201296713234103,0.4034502282226571,0.5157402624575514,-0.4199311375001069,-0.11921027839130362
1.6137237211027933,-0.486508522908056,0.22906607560509468,5.1696130744608135,0.19399619211100794,1.0528317300406436,-1.2844396059440453,0.6038037291210554,1.040461498523138,3.2254698079402337,-0.41393289430682406,1.9590585036991393,-1.1864674967884221,-0.3190518047932898,-2.5025880397434834,-0.23760828070791168,1.1139479703967,0.21363558695667695,1.8671257548419817,-1.2645026789251212,0.4378460491389508,-2.065719087028943,0.880613826422742,1.2504575427631448,0.00545085230847379,-1.643113260353338,0.7664621587258513,-3.6468125977279966,1.6852089349036092,0.7386449607243345,2.4340312369414634,1.627898063158565,-3.3241622298909914,-0.7232473857435371,-1.6965265425620415,2.9232890744904005,2.6568863526211413,2.6774873364559184,2.171626216690955,-1.7726647348127362,1.3951135639991246,1.248980426402405,0.2521974396672878,0.18086805203532955
-1.1652342327375176,0.3430411121217086,-0.6710021185250434,-3.8759509546351922,0.261787950668591,-0.6500171032957891,1.036661785253698,-0.16571165753141362,-0.5220160032347052,-2.970652092148168,0.6852949066724384,-1.2921592899333108,0.9280957994808531,0.6453411585772691,2.513400970040882,0.48727258314238486,-0.7886950991781331,-0.34195553816265023,-1.2645026789251212,1.648635051496452,-0.5369210394731343,1.9042675590408256,-0.4879640410821122,-1.3152662514145788,-0.021465517652311035,1.1577624344723358,-0.3925018012610427,3.406964388396583,-1.372829469424942,-0.4300326654782655,-2.052759656294633,-1.3620154830658104,2.450935570454427,1.1205309535017987,1.4405757383218756,-2.568291005400797,-2.2304443543956283,-1.5076473207812056,-2.230829860502376,1.674142591363779,-0.9191847715888761,-0.7669312334335078,-0.23823312696767734,0.5814171706115634
0.24976323296028038,0.0019865164206285648,0.3591371245680812,1.4552491286703393,-0.37905864385589694,0.4190968934383556,-0.4156207291812502,0.5203586146321812,0.18443731536322416,1.1323446484191337,-0.04749734652780259,0.34070181014641865,-0.17716719056465907,-0.9958945534024561,-1.0206568477163167,-0.20909381278311515,0.3553391202105857,-0.32828080039128066,0.4378460491389508,-0.5369210394731343,0.5621463334132336,-1.2059796081620648,0.3939595167512747,0.8520148967229848,0.09413960150287068,-0.45939214760575026,-0.08434060332906143,-1.3621483690351397,0.6327286925277753,0.025284640023246603,0.7811614944078228,0.3917442535872108,-0.9862434241303187,-0.5030329514648373,-0.4911073100722062,0.8330597834198094,0.7041837961777926,0.6350923762410406,0.7501526562564776,-0.6444863167538543,0.28427698040360677,-0.07027133598446261,0.3462032849470241,-0.11712020532356256
-1.6725836549382103,0.2765397127064826,-1.3633546900011584,-6.200384112116077,0.8370994087673196,-1.5653403187942214,1.7324682526251705,-1.866675995038544,-1.1650152324549063,-4.6115945152339926,0.2619939781492633,-1.8248712984952657,1.490515973133497,2.886110071414779,4.054955637991864,0.38674988741947786,-1.686097261334993,0.6317461229642012,-2.065719087028943,1.9042675590408256,-1.2059796081620648,4.321987834983772,-1.4313030779346196,-2.5822186823282096,-0.22621941905339968,1.8813349078165293,-0.1368455001991337,5.578127457456132,-2.4280438452248108,-0.2657639578807078,-3.1732266757696106,-1.622248668119052,4.279290822950451,1.7568832430164276,1.896993119179116,-3.5054048184867357,-3.1342188177523145,-2.882260532627844,-3.239826193451002,2.3082695913653377,-0.9896929576433225,-0.5626523117608082,-1.0256570248530483,0.22493060977592666
0.6867924440316007,-0.12966419395094697,0.25052939292748716,2.5309717921871897,-0.14229105049335902,0.6595546764132625,-0.6576618672620442,0.7307132422846203,0.5075062302753295,1.5042789100354732,0.03905384488212392,0.8424173906081509,-0.5582463506423097,-0.8220084928522055,-1.245929790663015,-0.08495898907797514,0.6269115278777311,-0.2560011194948625,0.880613826422742,-0.4879640410821122,0.3939595167512747,-1.4313030779346196,0.6439214899924979,0.8121212656154186,0.04512962387877518,-0.8108784044990838,0.17831743830636115,-1.8018116126223618,0.9400321785649284,0.1663300601756002,1.1835791759463634,0.6898930569947864,-1.6328373563586975,-0.45210864241077225,-0.7431235440678545,1.2577088731310326,1.1965329348857106,1.3326855929786636,0.9769640081897222,-0.8155455879805221,0.5280269282459203,0.34611232965130245,0.3104890173524656,0.18541675461286186
0.8802710879448564,-0.19750369640365834,0.8934470041684328,3.6668511304968834,-0.5731386903541608,0.9293814798235688,-1.0107568334768013,1.1067170351347935,0.564119138968596,2.8799011191437276,-0.16156345890719098,1.0505370195327624,-0.9080334888725553,-1.768800582442853,-2.5018773848202285,-0.32888525869519025,1.0406267219829706,-0.2624284088952934,1.2504575427631448,-1.3152662514145788,0.8520148967229848,-2.5822186823282096,0.8121212656154186,1.8668893519259113,0.07107286033582995,-1.0586386503940535,0.07461822397391665,-3.5264273429574944,1.4780081515016061,0.04254079047556601,1.9674917707966806,1.0712681324501596,-2.4644384006876683,-1.0754518545154965,-1.0339485597165607,2.1951523307272955,1.7547711789510296,1.7373058302522273,1.932136032159509,-1.4265769429561967,0.6875120342664631,0.15064576865650964,0.5312199891640994,-0.12846887684646474
7.264586141312996e-4,0.07326260665088788,0.0320749301281557,0.09410136488549564,-0.056029218099456955,0.12917833379009586,-0.00408593494353495,0.14376218658338688,0.014706241252569014,0.1119959323212087,0.05169600619016084,0.01246222828247075,0.008408014715602565,-0.22916224410887281,-0.0789213735565236,-0.006232582038991853,0.050377343393131,-0.13883671702271613,0.00545085230847379,-0.021465517652311035,0.09413960150287068,-0.22621941905339968,0.04512962387877518,0.07107286033582995,0.08206454578006955,0.0088678730968464025,-0.08798667842273379,-0.09547527251972014,0.017538715861695062,0.01422285342717029,-0.012210593273256569,-0.02623640578554671,-0.1452869933353807,-0.06023837671495363,-0.04937897860849002,0.04151473569473947,-0.0031137180918114765,0.12208397105268434,0.01961651684045195,-0.057201147752767606,-0.008385945027481129,-0.05917538089418251,0.12319614352570941,-0.0176293428084467
-1.527589230977063,0.6021509712438967,-0.32827540768543984,-4.6371665973276865,-0.053826346322293446,-0.5476609333941098,1.3970450040220608,-0.3193421828302678,-1.197463890427082,-3.0469510946504363,0.7984057679111336,-1.6088942472101568,0.7416649947432231,0.34314984290448336,2.621441126647757,0.21877765799692808,-0.8180463123110733,-0.04831301726152471,-1.643113260353338,1.1577624344723358,-0.45939214760575026,1.8813349078165293,-0.8108784044990838,-1.0586386503940535,0.0088678730968464025,1.8240748804800668,-0.7749149286223013,3.4922382108058048,-1.6610285374135003,-0.88643143588035,-2.4735201021614306,-1.2990077664605553,3.081379073184731,0.754561515518369,1.7532609383882736,-2.6237031889432623,-2.8505293363126225,-1.8503251664431204,-2.454380176099388,1.6766593643051633,-1.149104388861651,-1.3329182893526332,-0.34216219486928967,0.0928977461253753
0.7617352228643579,-0.3751019649072486,-0.21915426760274867,1.9720507900846762,0.42897204882379136,0.12706442222226746,-0.5221160048436205,-0.29567192654232866,0.5435402655637359,1.100740956752157,-0.44081659440305737,0.8861112645696143,-0.34686654853376697,0.7919122162729066,-0.7772946099338434,-0.050371691659445404,0.24536873122073563,0.39754364985922946,0.7664621587258513,-0.3925018012610427,-0.08434060332906143,-0.1368455001991337,0.17831743830636115,0.07461822397391665,-0.08798667842273379,-0.7749149286223013,0.6227346682547736,-1.1255190924829497,0.5426984990794661,0.594840251824917,0.9677800514911271,0.6729764739206978,-1.2323152348097302,-0.003275646364982326,-0.7769473998644086,1.1631562298227118,1.219780838596944,0.9270602757868897,0.8496820537478118,-0.6529781054227174,0.7292794158593778,0.9133387912086108,-0.13083310248274913,0.10015207744019865
-3.231078407018851,1.0581202540191859,-1.7371185866481618,-10.470840069568059,0.5422427899585776,-1.78811179544607,3.01930255840305,-1.5202484052713603,-2.234932826658935,-7.851787198970206,1.4571010644763147,-3.4269047826968886,2.3615946222766793,2.362079607221741,6.763468901085872,0.6707575085129448,-2.4174383736904783,-0.10553432775957651,-3.6468125977279966,3.406964388396583,-1.3621483690351397,5.578127457456132,-1.8018116126223618,-3.5264273429574944,-0.09547527251972014,3.4922382108058048,-1.1255190924829497,9.23284722520739,-3.842998720588351,-1.2414865074344859,-5.61170859350003,-3.014031076640161,7.138357281072624,2.461047230558038,3.549048103607195,-6.352395439306635,-5.931607616631724,-4.456662087344878,-5.896192678196991,3.97732106975392,-2.2040677070090045,-2.0852170551021456,-1.0316639048995226,0.5847330375396156
1.4638261217364765,-0.4501527659029972,0.5974392268185118,4.875364196218263,-0.21077537339377395,0.8800674839036796,-1.3650837246755807,0.7313675540047598,0.9884366075949964,3.2690958566006474,-0.5082619640829507,1.6283523236783783,-1.0303756077349595,-1.009642442519993,-2.7920416165780457,-0.3067571038442894,1.049297033565727,-0.03748748736525724,1.6852089349036092,-1.372829469424942,0.6327286925277753,-2.4280438452248108,0.9400321785649284,1.4780081515016061,0.017538715861695062,-1.6610285374135003,0.5426984990794661,-3.842998720588351,1.7934776936011008,0.5521044767203512,2.511245818251228,1.4477430296327214,-3.152591604783526,-1.0283973690701982,-1.654538711452694,2.7691878098722067,2.6975143415847844,2.1243254805220575,2.433659728769527,-1.7794351402888817,1.086034489658624,0.982799730719339,0.42825137528594437,-0.11271207771789565
0.792697983057611,-0.36549460731227373,-0.21056791940296699,2.01411812099073,0.39316481030839473,0.08012688818581673,-0.5928529400599316,-0.3524381533599147,0.6673208238828937,1.2718925109587103,-0.6193684914452797,0.853079527488545,-0.14906598543076463,0.7064905873667746,-0.9678645204959124,-0.06755585256874375,0.17793927893971426,0.24060410084705453,0.7386449607243345,-0.4300326654782655,0.025284640023246603,-0.2657639578807078,0.1663300601756002,0.04254079047556601,0.01422285342717029,-0.88643143588035,0.594840251824917,-1.2414865074344859,0.5521044767203512,0.7902205530114176,1.021902415225495,0.5694887635137732,-1.425455651672893,-0.05712016702070037,-0.9541137698450778,1.2205851097185036,1.3960957625135686,0.8332142235693182,1.0545387936636796,-0.7563200364096123,0.7269410553654936,0.9930853275031838,0.03171693186294053,-0.04567964390982798
2.1987699900247213,-0.7928669910467159,0.8015722228487653,6.963707813604105,-0.1316996885421951,1.0243442756245642,-2.014737288996903,0.6679379220637,1.5434399235095266,4.838628642657554,-1.0499396241197156,2.3713106931474037,-1.3961737236686087,-0.9437748809085326,-4.1296172670669,-0.43695512181189244,1.4018214546514272,0.17390438455243287,2.4340312369414634,-2.052759656294633,0.7811614944078228,-3.1732266757696106,1.1835791759463634,1.9674917707966806,-0.012210593273256569,-2.4735201021614306,0.9677800514911271,-5.61170859350003,2.511245818251228,1.021902415225495,3.701417972757863,2.0649669850582746,-4.5847137727966425,-1.3909134181307101,-2.476855403215006,4.106871490168236,4.0637774656172265,2.884770060640558,3.721433662640589,-2.5960785920588836,1.638919440019059,1.673701025307813,0.5180183932550626,-0.2824380271947994
1.4019304625672488,-0.3445158427799504,0.09076351781548801,4.702510464321231,0.19209193099868502,1.0721794057839868,-1.0089244758561633,0.27085550880429055,0.5856634832875727,2.7441499986840547,-0.3003316945748044,1.8616437303492235,-1.1839666800079867,5.111372131034964e-6,-1.9964577593025212,-0.4122608522593715,0.9343151782840384,0.46929437503151405,1.627898063158565,-1.3620154830658104,0.3917442535872108,-1.622248668119052,0.6898930569947864,1.0712681324501596,-0.02623640578554671,-1.2990077664605553,0.6729764739206978,-3.014031076640161,1.4477430296327214,0.5694887635137732,2.0649669850582746,1.7654964867074305,-2.737067132488282,-0.7413031827852001,-1.5792771288674414,2.7500263551441124,2.284653045813073,2.490848920035773,1.7167934965273537,-1.7142393848582766,1.4175239773236499,1.0881307626899945,0.035458151328178006,0.009710977406424714
-2.9525935597117448,0.8534207098947091,-0.7361842121385533,-9.419859524471361,-0.11033301344401024,-1.8661766853318646,2.486495971070804,-1.2344518888310976,-2.0674192294067284,-6.318142359924912,0.9654710467844732,-3.4034600717377343,2.014819603861588,1.1573887589890028,5.079705623363559,0.4410967026935339,-2.043470794559215,-0.0984416311140849,-3.3241622298909914,2.450935570454427,-0.9862434241303187,4.279290822950451,-1.6328373563586975,-2.4644384006876683,-0.1452869933353807,3.081379073184731,-1.2323152348097302,7.138357281072624,-3.152591604783526,-1.425455651672893,-4.5847137727966425,-2.737067132488282,6.356181027691829,1.5654426105231265,3.2211621587195287,-5.420640118666158,-5.040863356611502,-4.639384476055747,-4.414919871162666,3.3631671880442404,-2.339514170373956,-2.205498084173679,-0.7754469363710615,-0.030764146581790757
-0.6778689895644081,0.14054068210963813,-0.7919630016042775,-2.418905456528143,0.5408743447387044,-0.4244736038689879,0.742746786166011,-0.44096131784638415,-0.3136382626344908,-2.0057655200086284,0.3855390523432342,-0.6130904514421823,0.5910916479067977,1.2222272480592713,1.9097079169455289,0.3257016334444425,-0.5731940999651772,0.08012311196500746,-0.7232473857435371,1.1205309535017987,-0.5030329514648373,1.7568832430164276,-0.45210864241077225,-1.0754518545154965,-0.06023837671495363,0.754561515518369,-0.003275646364982326,2.461047230558038,-1.0283973690701982,-0.05712016702070037,-1.3909134181307101,-0.7413031827852001,1.5654426105231265,1.034697699098283,0.882582463329705,-1.5474044228179855,-1.4706330470320594,-0.6941834454815663,-1.6531964204285576,1.0817534234735706,-0.28704987374463603,-0.23417552092124563,-0.37171738581620073,0.5472504690731304
-1.6196416800470976,0.5096815737348056,-0.2413794855049312,-5.00687406716299,-0.10887572256156501,-0.7682077718075737,1.3503299955337682,-0.12387442958202743,-1.0269799463420934,-3.235345211112727,0.8111245518235036,-1.829237182165671,0.8859228248936745,0.14277956459429966,2.6305372379968084,0.38348016697174897,-0.833954941657176,-0.23581085007612507,-1.6965265425620415,1.4405757383218756,-0.4911073100722062,1.896993119179116,-0.7431235440678545,-1.0339485597165607,-0.04937897860849002,1.7532609383882736,-0.7769473998644086,3.549048103607195,-1.654538711452694,-0.9541137698450778,-2.476855403215006,-1.5792771288674414,3.2211621587195287,0.882582463329705,1.9706701535778512,-2.953273552015171,-2.946879001286936,-2.139547300471491,-2.450612784936022,1.9295011697590208,-1.359204563200792,-1.4251986978877154,-0.29189918078805843,0.27729687251625
2.6245214722876207,-0.7795587977601703,0.6569551624311262,8.424816267847758,0.1043314893791986,1.5949416982892997,-2.1393912694945847,0.6313569231492846,1.535024341510826,5.666850357917601,-1.0188869058464782,3.099443897667684,-1.9126958548477035,-0.6125428773232036,-4.501600177193135,-0.6210636165687813,1.723884284316666,0.5256449332181816,2.9232890744904005,-2.568291005400797,0.8330597834198094,-3.5054048184867357,1.2577088731310326,2.1951523307272955,0.04151473569473947,-2.6237031889432623,1.1631562298227118,-6.352395439306635,2.7691878098722067,1.2205851097185036,4.106871490168236,2.7500263551441124,-5.420640118666158,-1.5474044228179855,-2.953273552015171,5.075589888514481,4.5375594354521445,4.00629285226521,3.972105417013432,-3.16915117964269,2.2348624283500076,2.0119450189320385,0.43803138138799236,-0.2735174214496576
2.5543783876677977,-0.9416547252569636,0.6891196617623849,7.6766196791858246,0.027851312160303742,0.939861893223852,-2.249383334899306,0.3251931170384216,1.7840931223969225,5.211755705484347,-1.4085191657113387,2.6794863794498647,-1.3997709049683467,-0.5183014389228748,-4.46079621922381,-0.4865080433642479,1.3621088268401074,0.3193299724802684,2.6568863526211413,-2.2304443543956283,0.7041837961777926,-3.1342188177523145,1.1965329348857106,1.7547711789510296,-0.0031137180918114765,-2.8505293363126225,1.219780838596944,-5.931607616631724,2.6975143415847844,1.3960957625135686,4.0637774656172265,2.284653045813073,-5.040863356611502,-1.4706330470320594,-2.946879001286936,4.5375594354521445,4.729637016069931,2.9882089603327393,4.191793252823496,-2.9015791849146297,1.866664576546691,2.1931311774575586,0.5040086150568951,-0.4612364228019386
2.125738390945942,-0.33782796147926186,-0.1191797747703428,7.396009039117763,0.5385283042433737,2.260749453388477,-1.4198467670978825,1.3078987155094652,1.1365045325540346,4.122315077326324,0.22086971193678476,3.054468896622143,-1.98332504634015,-0.3683587414515044,-2.7006685966631228,-0.2998439410633837,1.7893940664351484,0.25296112434697793,2.6774873364559184,-1.5076473207812056,0.6350923762410406,-2.882260532627844,1.3326855929786636,1.7373058302522273,0.12208397105268434,-1.8503251664431204,0.9270602757868897,-4.456662087344878,2.1243254805220575,0.8332142235693182,2.884770060640558,2.490848920035773,-4.639384476055747,-0.6941834454815663,-2.139547300471491,4.00629285226521,2.9882089603327393,4.860950595873597,2.011621787982471,-2.367001148110091,2.2440990276788186,1.4611162288432313,0.2958412939889641,0.8165948295576838
2.129331143658547,-0.8669466147952027,1.2054960886313277,6.334935259021742,-0.37989329428150914,0.5612411123428838,-2.080253384446803,0.42511471961661385,1.6103557008095768,5.009701226200086,-1.5011801074471554,1.9640884770674574,-1.1697491822837471,-1.1962377736923444,-4.568100227645769,-0.4378441521631007,1.24153977594889,0.1489943100694299,2.171626216690955,-2.230829860502376,0.7501526562564776,-3.239826193451002,0.9769640081897222,1.932136032159509,0.01961651684045195,-2.454380176099388,0.8496820537478118,-5.896192678196991,2.433659728769527,1.0545387936636796,3.721433662640589,1.7167934965273537,-4.414919871162666,-1.6531964204285576,-2.450612784936022,3.972105417013432,4.191793252823496,2.011621787982471,4.2586784026697355,-2.545793474304618,1.2267346360609337,1.6412655503963378,0.652890171187311,-0.7867994324761994
-1.596431976507562,0.44580776796168353,-0.46135178543445354,-5.264221476126946,0.06798056733776561,-0.9824079549011311,1.367482529385667,-0.38172628791812785,-0.9153272595584317,-3.553236734799765,0.6813369313442093,-1.871638012214715,1.0944311661730362,0.5788207509176938,2.8783525294625356,0.464017826107102,-1.018863267335492,-0.22201296713234103,-1.7726647348127362,1.674142591363779,-0.6444863167538543,2.3082695913653377,-0.8155455879805221,-1.4265769429561967,-0.057201147752767606,1.6766593643051633,-0.6529781054227174,3.97732106975392,-1.7794351402888817,-0.7563200364096123,-2.5960785920588836,-1.7142393848582766,3.3631671880442404,1.0817534234735706,1.9295011697590208,-3.16915117964269,-2.9015791849146297,-2.367001148110091,-2.545793474304618,2.0597385135541124,-1.3716531260914355,-1.1985977785595112,-0.3462638993619697,0.30706290090619986
1.1773921114504915,-0.33888303838464495,-0.2606475130234711,3.8816510607365915,0.43665317779919116,0.8584763837430898,-0.8108374063132519,0.06742561108759722,0.6238529673779866,2.1422947530298404,-0.29238914252001313,1.6479017512804015,-0.8037940806001758,0.5035264623819171,-1.4067551560112455,-0.2766473948968459,0.6825060585469206,0.4034502282226571,1.3951135639991246,-0.9191847715888761,0.28427698040360677,-0.9896929576433225,0.5280269282459203,0.6875120342664631,-0.008385945027481129,-1.149104388861651,0.7292794158593778,-2.2040677070090045,1.086034489658624,0.7269410553654936,1.638919440019059,1.4175239773236499,-2.339514170373956,-0.28704987374463603,-1.359204563200792,2.2348624283500076,1.866664576546691,2.2440990276788186,1.2267346360609337,-1.3716531260914355,1.3888825728784675,1.0905097392431058,-0.019419137594917996,0.22182198095181385
1.3285785013549003,-0.5585236098333104,-0.19596044067034968,3.4131240313909395,0.5538279905969715,0.2631408256331775,-0.9366463974959877,-0.4021117022304454,0.9301345634672609,2.0165411059888774,-0.7856604269141996,1.444719729026098,-0.587296088831017,0.9590282126838033,-1.535860949893818,-0.11572184961135218,0.4352703082155403,0.5157402624575514,1.248980426402405,-0.7669312334335078,-0.07027133598446261,-0.5626523117608082,0.34611232965130245,0.15064576865650964,-0.05917538089418251,-1.3329182893526332,0.9133387912086108,-2.0852170551021456,0.982799730719339,0.9930853275031838,1.673701025307813,1.0881307626899945,-2.205498084173679,-0.23417552092124563,-1.4251986978877154,2.0119450189320385,2.1931311774575586,1.4611162288432313,1.6412655503963378,-1.1985977785595112,1.0905097392431058,1.5116697804250536,-0.055316643082856914,-0.042176214005804506
0.19363927867203046,0.005861047493716674,0.3786532207373619,0.8537814120949059,-0.3203070375867248,0.23030537349148061,-0.33556901762198416,0.5324533817277786,0.28985956940569774,0.8246439664216497,-0.05667456414309099,0.11828413565350714,-0.0760381810560364,-0.9633158244838701,-0.8377741311173051,-0.019653426439261146,0.27673143446641807,-0.4199311375001069,0.2521974396672878,-0.23823312696767734,0.3462032849470241,-1.0256570248530483,0.3104890173524656,0.5312199891640994,0.12319614352570941,-0.34216219486928967,-0.13083310248274913,-1.0316639048995226,0.42825137528594437,0.03171693186294053,0.5180183932550626,0.035458151328178006,-0.7754469363710615,-0.37171738581620073,-0.29189918078805843,0.43803138138799236,0.5040086150568951,0.2958412939889641,0.652890171187311,-0.3462638993619697,-0.019419137594917996,-0.055316643082856914,0.3998875749967681,-0.09247205531084828
-0.03246839107388274,0.06545435957521395,-0.4764080971432176,0.10012424474129704,0.37308372650493954,0.38127369061127364,0.17332846844465302,0.45805000081582536,0.07492809428511923,-0.4828691915730557,0.5916824936673489,0.24811195596744298,-0.13737486091150256,0.2709911937586322,0.6930504387815503,0.24423424475905608,0.17779424195900784,-0.11921027839130362,0.18086805203532955,0.5814171706115634,-0.11712020532356256,0.22493060977592666,0.18541675461286186,-0.12846887684646474,-0.0176293428084467,0.0928977461253753,0.10015207744019865,0.5847330375396156,-0.11271207771789565,-0.04567964390982798,-0.2824380271947994,0.009710977406424714,-0.030764146581790757,0.5472504690731304,0.27729687251625,-0.2735174214496576,-0.4612364228019386,0.8165948295576838,-0.7867994324761994,0.30706290090619986,0.22182198095181385,-0.042176214005804506,-0.09247205531084828,0.8150026716485661
