V1,V2,V3,V4,V5,V6,V7,V8,V9,V10,V11,V12,V13,V14,V15,V16,V17,V18,V19,V20,V21,V22,V23,V24,V25,V26,V27,V28,V29,V30,V31,V32,V33,V34,V35,V36,V37,V38,V39,V40,V41,V42,V43,V44,V45,V46,V47,V48,V49
1.3453476647043978,0.0012333608640514675,0.08278787805763675,0.1758271193175538,2.2270237719918264,0.06910691858752155,0.15372976517235626,-0.6242078018609094,-1.6638036160386764,-0.4371863189357128,0.07510732717801531,-0.14508184726120796,-0.42138006513912807,0.24475998705310154,-2.5416452795953357,-1.0239879170044013,2.5421586926970736,-0.0192058918295998,-0.06134516422766056,1.7109854317635207,-0.28946403146829547,-1.5036908868592838,-0.8445265557866157,-1.2943121636622046,0.9830638966921783,-1.0442836912703901,-1.3227970399207354,0.1483054955349249,1.6962698502853562,-1.5697430383184587,0.4736601816424174,-2.816158019003613,-0.7877780897298565,1.1335587819789308,-0.18842638156667568,-0.38562002079969987,0.5825446534698493,1.7319245550940068,-1.3274629533663134,-1.2728468255068348,2.4448592304396524,2.182607989587976,0.4879895082224244,1.0222243643829123,-0.342903959118853,-0.03462657897207072,0.9099057044511322,0.4663880232631015,-1.3877508129404919
0.0012333608640514675,0.404266764056754,-0.11928450214373103,-0.29455667462523305,0.05431458150288442,0.23783167666564528,-0.19758242057833406,0.020120346076425346,0.2061905599062559,-0.13452226226997685,0.014346657111365546,0.2673369524470321,0.13281877940564146,0.40924633158049484,0.19571077837820702,-0.33805126808657,-0.10906790725599615,0.201806652507144,-0.2590709918665081,0.10934363161161599,-0.17071894920034353,0.11459225355623223,0.10560458311360074,0.41721660364310403,-0.015504579753966068,0.06886672612756523,-0.12112606536719374,0.14921375798349093,-0.03457176964456758,-0.006893982015638048,0.14781776087805223,0.08912856885749051,0.0955271676866863,-0.14123131353917748,-0.01609606436309558,0.3460510943701905,-0.18951465084027405,0.09070541508876555,-0.10929975504593581,0.007248281750645184,-0.08804379293256492,-0.2218537401032493,0.07066168676189348,-0.28231109231926854,0.08043509590566054,-0.020887740225500353,0.0781795044226039,-0.3115427045501557,-0.10031731721242337
0.08278787805763675,-0.11928450214373103,0.2902081637648387,0.07233663504576557,0.36220009393487806,-0.04663128921549368,0.11163635817038328,-0.06639875359057969,-0.17201911263498443,0.09629212832554038,-0.09635795786790322,0.12778065309345787,-0.08184783211559415,0.16112859040463737,-0.0021345328776632313,-0.010865072521867775,0.02646759407974346,-0.11144782589988769,-0.010096755084333654,-0.001048760729611915,0.05336650767899584,-0.21577698815736684,-0.06935481289082406,-0.2047214563796107,-0.06699093169169525,-0.20432125158395542,-0.054535534244419974,-0.06551176444246615,0.10811393987535714,-0.004281964924607395,-0.06606624560376381,-0.31540070359754974,0.22303818644818088,0.33568483310466224,-0.13758597482370913,-0.22776318346015806,0.1334331142991804,0.23899405521414033,-0.07190924672542456,-0.024262894982082162,0.00834476157469715,0.03605926166499626,-0.15305486168213145,0.10201472519622294,-0.25023889978934677,0.1123245822332174,0.15992067015661823,0.39483940163266446,-0.19727457549291663
0.1758271193175538,-0.29455667462523305,0.07233663504576557,1.024559184415055,1.5055621489796902,-0.21037972480611483,0.48515958009876825,-0.6418303967424459,-0.9372922252231254,0.04690886254445107,-0.09437547925998963,0.11055977226027622,-0.5493380162067412,-0.2632314480118143,-0.681613893341019,-0.2914517451780324,1.2219481307001492,-0.46896709724022556,-0.2584110384999688,0.30093459762743097,0.46380100156113596,-0.9535923095362365,-0.7605455877963936,-0.5854174492123546,0.28495096058062724,-0.6626608163019093,-0.3211787969243399,-0.43886818354040735,0.5447329650551221,-0.40643120035555586,-0.04973361738694641,-1.3913901598387861,0.16187050632728556,1.0286318767618559,0.0012693416651752775,-0.48868680007784654,0.40775353882367593,1.0388978170099468,-0.3076339797013283,0.02123004982422426,0.9894758548468096,0.8438953490512096,-0.2023288345925358,0.8309810525498998,-0.3059045181670014,-0.30611172005532905,0.6314649398458618,0.8712965197628929,-0.3209188070546943
2.2270237719918264,0.05431458150288442,0.36220009393487806,1.5055621489796902,7.420713074326149,0.48257404059191655,0.5217420025763242,-2.2470646102049563,-4.069456300375093,-0.8248200896939554,-0.1236984310385361,0.4559090394821778,-1.7574270735576456,1.0283137167412781,-4.875520546028236,-3.033791480298565,6.3114428699186895,-0.9026471867777307,-1.3653534631993998,3.180567611233323,0.38767859134562627,-4.494970035305041,-2.565911441410075,-2.2586009633918716,2.0398209738627604,-2.8008250221477593,-2.963256736516316,-0.6539947213844272,4.1226298074138175,-3.735660554452192,0.742693424080408,-7.319359616370841,-0.6326604670206822,3.7113187578483586,-0.3508829210461671,-0.816340965119347,1.4378233882418205,5.106831379576814,-3.4941651802908225,-1.8251298011004649,5.332710279072243,4.716479842966612,0.09926057142089757,2.595663220808173,-1.7826153338653326,0.17264628689970013,2.932758159347644,2.021978035806347,-3.2296228819381234
0.06910691858752155,0.23783167666564528,-0.04663128921549368,-0.21037972480611483,0.48257404059191655,0.5065181121409316,-0.2677579581341442,-0.002074022964262626,0.18654073488187467,-0.11519791863686414,0.044947057526660804,0.1410395773963313,-0.07853117103804702,0.3975650328369914,-0.06282437783546586,-0.2954258914177889,0.08917266385905591,0.10755304388711494,-0.3143303775111769,0.06928225057737653,0.0902676292170799,-0.1356405035769737,0.041974209458992454,0.3871117796934089,0.11831161198013468,0.05719787052953837,-0.10161331524249023,0.07201504595641804,0.2825098440516894,-0.2503490538849822,0.10345146863656324,-0.07146529296494022,0.026813644892106244,0.0028105034813115234,-0.1237231030909511,0.43524024608748085,-0.019644114288607503,0.0912049323892523,-0.37853900977516136,-0.04381393721741259,0.07382608387641758,0.06258988487094366,0.04304957734197466,-0.2443352136316656,-0.2867733729546446,0.22299531109734422,0.19845719257263866,-0.26926168333315864,-0.1611022909113313
0.15372976517235626,-0.19758242057833406,0.11163635817038328,0.48515958009876825,0.5217420025763242,-0.2677579581341442,0.5285852916044017,-0.3453644328155285,-0.48115140545632157,0.08094301556855019,-0.12328354557151056,0.012093460153493364,-0.09802175186576935,-0.0812208509476719,-0.3130495021897794,0.03608308418060378,0.3449138763983264,-0.24751674150851863,0.16831593810323767,0.254699135158879,-0.0274368504530479,-0.3688004462704779,-0.2993853789536424,-0.5183592607743879,-0.016433560590257343,-0.41379507249453906,-0.30779138829456704,-0.09633032503420975,0.1680363985099175,0.026239278409191668,-0.09656240086016515,-0.5116552247044983,0.11068606606377616,0.5693914893964732,-0.1047928187923282,-0.5735843796515904,0.3143971267624772,0.5412905994110926,0.09346078339304588,-0.14409294431259803,0.4544406546855139,0.27135234872812225,-0.04149731003892672,0.5136485640524512,-0.011100692649332356,-0.22823500205186434,0.3153289988655785,0.6107299300451807,-0.06206223340455568
-0.6242078018609094,0.020120346076425346,-0.06639875359057969,-0.6418303967424459,-2.2470646102049563,-0.002074022964262626,-0.3453644328155285,0.9612640208669626,1.2701501775134991,0.2615448216605629,0.09733000928637257,-0.11776809044178022,0.4976836267745367,-0.2958455602295453,1.4295392397408977,0.8626258293370476,-1.944450543579723,0.3197775841820677,0.422058534043899,-0.9403098344995042,-0.039403083843907234,1.3520639973197575,0.8328982229738083,0.6947315305276826,-0.4368382437562608,0.9278432969888003,1.0356673930734124,0.22447273200924348,-1.1660030876045346,0.94364374546244,-0.17906830767895798,2.1164022137100127,0.06942338908399245,-1.249318687253802,0.18445616994335465,0.46705922344441814,-0.47220513136985065,-1.7154368223966492,0.9244413091197728,0.5289815184477558,-1.531411324185947,-1.3345752835625002,0.04084305706130493,-0.9537585624588368,0.42936544621301626,0.0961171851982788,-1.0296598270871187,-0.7158397367852107,0.8856203403021903
-1.6638036160386764,0.2061905599062559,-0.17201911263498443,-0.9372922252231254,-4.069456300375093,0.18654073488187467,-0.48115140545632157,1.2701501775134991,3.0676546122269017,0.48105122219468666,0.023843105097754752,0.054473904805746695,0.9733934410485735,-0.15014907590319868,3.5823381249202155,1.6388243153905337,-4.303136245298785,0.584458553739714,0.3706699892492585,-2.3515636436248193,0.0823732231717898,2.7746790505735306,1.6014541224549226,2.0154163208811187,-1.4549554367978548,1.7898981747416762,1.9913800856636585,0.30268745719829565,-2.5938578666025,2.4194075779730797,-0.5255499366971303,4.7346966304610625,0.8647921340694705,-2.1727088902627356,0.03232243649144338,0.9676653919256203,-1.0341459276223013,-3.1199247682093523,2.1055921122097208,1.4298894512598281,-3.7293999657950736,-3.3620922341123545,-0.3105242383304417,-2.051287387099408,0.6965064461826717,0.10809405363602426,-1.6411763468292004,-1.2721734495652008,2.060562979747579
-0.4371863189357128,-0.13452226226997685,0.09629212832554038,0.04690886254445107,-0.8248200896939554,-0.11519791863686414,0.08094301556855019,0.2615448216605629,0.48105122219468666,0.572525274320665,-0.11094999477904394,0.2377536947424367,0.24336116082494233,-0.09718344617922406,1.119380292645152,0.44719813616451415,-1.1767985309840805,-0.11477972785952605,0.14618774729812886,-0.6254089872433843,0.2010012573501623,0.5314086085045353,0.3751859559120941,0.23912950782650477,-0.37436166530802867,0.36193905450156716,0.4302378545479084,-0.09548397467781208,-0.6023895466382173,0.7384349228575687,-0.29670448877316286,0.931415772715327,0.3582939608279577,-0.3638158288267885,0.07081273139191596,-0.10242726022364577,-0.08402560671809362,-0.6049741202492476,0.5888497861943182,0.5690148899206994,-0.911298339388996,-0.7765907090090727,-0.1543384940622865,-0.2748908293740958,0.04472418992618191,-0.10283988860214084,-0.2809503667200144,0.06528768018122727,0.6202487354264394
0.07510732717801531,0.014346657111365546,-0.09635795786790322,-0.09437547925998963,-0.1236984310385361,0.044947057526660804,-0.12328354557151056,0.09733000928637257,0.023843105097754752,-0.11094999477904394,0.1814248865284354,-0.16615310188357327,-0.07585832705749782,-0.1848177126430269,-0.2687208791380095,0.04269147935508336,0.1873612745672993,0.10219991947732902,0.03252919137963363,0.10065769855467716,0.05159622460099069,-0.027180458271887448,-0.041995252625475585,-0.0605607202043448,0.16984685687966722,0.0834828481749956,0.11647112073332526,0.03355204642001545,0.07321353170668471,-0.1909840911588522,0.09499445538805597,-0.0034004901259511635,-0.248369248201353,-0.13016041574590945,0.08869825036060586,0.14644320921166798,-0.03791683185897111,-0.15659649907930898,-0.13074818037460692,-0.11619422451745624,0.16146680652406883,0.18191197390058295,0.11360767731890417,-0.0318776183488164,0.007404908746451627,0.004952383983681297,-0.10847159680015601,-0.2231169079727637,-0.019120251944794234
-0.14508184726120796,0.2673369524470321,0.12778065309345787,0.11055977226027622,0.4559090394821778,0.1410395773963313,0.012093460153493364,-0.11776809044178022,0.054473904805746695,0.2377536947424367,-0.16615310188357327,0.7891960883427087,0.09459788878448945,0.5955181130613182,0.8317251164787571,-0.32133277882632305,-0.34075769112208787,-0.04464017637135574,-0.5398998360459321,-0.17584242499947517,0.17426639733657903,-0.031857931435729195,0.0968630323803966,0.49014261900684925,-0.21156167372941395,-0.04660089431518506,-0.08470956954321514,-0.07662611653562146,-0.16970874831941213,0.36265118468432495,-0.013398837536834279,-0.06910993349867435,0.692515332773817,0.29358566396258556,-0.15480598724229308,0.06394309205953559,-0.06574943962187013,0.3234528934728985,-0.03671977315017677,0.46230408015605895,-0.3618668765268215,-0.4872064351391004,-0.21901183438458216,-0.14553334465688242,-0.1628681122495458,-0.20902277429605234,0.3960940905219765,0.1969744047398388,-0.09681423467940546
-0.42138006513912807,0.13281877940564146,-0.08184783211559415,-0.5493380162067412,-1.7574270735576456,-0.07853117103804702,-0.09802175186576935,0.4976836267745367,0.9733934410485735,0.24336116082494233,-0.07585832705749782,0.09459788878448945,0.769214378190771,0.19414070958054258,1.3372931778219395,0.5414338074495617,-1.6872494947202126,0.30073530701074924,0.30932393935118013,-0.6154882101791976,-0.3724949176149036,1.1606899835027675,0.8481482194438908,0.6816292905858515,-0.6399051549634001,0.6586395281078793,0.30681972069397523,0.3946908562731106,-0.9685434727847794,1.0656736973853789,-0.19042767197193913,1.8192638990475178,0.19752008864586665,-0.9208032709795738,-0.0880145035152217,0.09240374324633224,-0.3629140802284433,-1.0716830638143484,0.8466215397682032,0.3176082377195942,-1.3516256096066288,-1.2955184834571292,0.02812072312433289,-0.6740844848490165,0.525230536314993,-0.03506126946484939,-0.5762985081790813,-0.5762538278726731,0.7087845438042962
0.24475998705310154,0.40924633158049484,0.16112859040463737,-0.2632314480118143,1.0283137167412781,0.3975650328369914,-0.0812208509476719,-0.2958455602295453,-0.15014907590319868,-0.09718344617922406,-0.1848177126430269,0.5955181130613182,0.19414070958054258,1.180037706249931,0.18467805540981547,-0.7174574335791808,0.19332620752717772,0.08982023429056489,-0.5164128155322969,0.3093327013700382,-0.2940321345433977,-0.32538024143771643,0.15801381583340557,0.4590912736596417,-0.1673668642269586,-0.20978588490521902,-0.7806085083517289,0.22327898202091603,0.41063739925140647,-0.15318409945325964,0.0841795564419235,-0.5079148148494923,0.3283380323024326,0.37399311671563645,-0.3630849334691523,0.06136284517974126,0.012728474330451156,0.8254969350490841,-0.5272537052996491,-0.14985178553701164,0.057416580522617014,-0.13115221495494786,-0.14409648649594625,-0.06970087535594781,-0.2832933399769864,0.20845244866419377,0.6602044235123538,0.015140294975081724,-0.524714331641244
-2.5416452795953357,0.19571077837820702,-0.0021345328776632313,-0.681613893341019,-4.875520546028236,-0.06282437783546586,-0.3130495021897794,1.4295392397408977,3.5823381249202155,1.119380292645152,-0.2687208791380095,0.8317251164787571,1.3372931778219395,0.18467805540981547,5.953968401593457,2.066541194168108,-5.892708701576202,0.34280448004240255,0.01322725395168038,-3.4707005343552972,0.30630045737919975,3.427394627723786,2.2349205629483038,3.009522978146654,-2.326881349432836,2.3204667718883103,2.4626006829295988,0.11052423288772743,-3.678712177123777,3.7097157551560334,-0.9739325453981439,6.134173879645148,1.958569610316417,-2.385793565204662,-0.020885660459780853,0.7777275771273104,-1.2459765230271735,-3.592416912704481,2.7436816181855055,2.671825525915202,-5.446581765047237,-5.018017141283953,-0.9316087620473107,-2.3397409739095325,0.8115588772721911,-0.08212060657105766,-1.6734746349779293,-1.0650658179856973,2.7534219708337804
-1.0239879170044013,-0.33805126808657,-0.010865072521867775,-0.2914517451780324,-3.033791480298565,-0.2954258914177889,0.03608308418060378,0.8626258293370476,1.6388243153905337,0.44719813616451415,0.04269147935508336,-0.32133277882632305,0.5414338074495617,-0.7174574335791808,2.066541194168108,1.7234352722552564,-2.7227777024990396,0.15619751790503064,0.6769411085875217,-1.5155847847492976,0.10341733073968316,1.7206587239860374,0.9695635322831648,0.7374453686618303,-0.920034664591375,1.124146105848069,1.4710956828788857,0.11413274698412992,-1.7789828569084911,1.7482585169290257,-0.45846172735998897,3.2363506214140836,0.4962744707653071,-1.2474137110078893,-0.020034901262597896,0.03649967092333939,-0.34216876300996796,-2.2301502881573962,1.545334834304587,0.8838049792578769,-2.322258071488257,-1.9651636953075704,-0.1622070316583268,-0.8736594599786498,0.543935449295316,-0.07562850059310479,-1.1508553163116897,-0.482689046911766,1.4770453372576657
2.5421586926970736,-0.10906790725599615,0.02646759407974346,1.2219481307001492,6.3114428699186895,0.08917266385905591,0.3449138763983264,-1.944450543579723,-4.303136245298785,-1.1767985309840805,0.1873612745672993,-0.34075769112208787,-1.6872494947202126,0.19332620752717772,-5.892708701576202,-2.7227777024990396,6.963251287143987,-0.6182748237531273,-0.8060041360316924,3.5891364933467638,-0.03362952795216118,-4.193574747693294,-2.593930588436141,-2.755867768181544,2.4097653071302445,-2.641542977414846,-2.9051444911123507,-0.4376386674166741,4.118003406048871,-4.089101447516147,1.0330695442588165,-7.216378531197459,-1.609572558290724,3.1101845460239157,0.018189030687601603,-0.8578024026687825,1.3458170726970702,4.632824477695093,-3.4756011639704556,-2.3432842789564345,5.828241750002996,5.332189989900788,0.5592745014875431,2.8183763615961115,-1.130122682872027,-0.018199736874885936,2.4171512861547013,1.4038022362482219,-3.211969575887509
-0.0192058918295998,0.201806652507144,-0.11144782589988769,-0.46896709724022556,-0.9026471867777307,0.10755304388711494,-0.24751674150851863,0.3197775841820677,0.584458553739714,-0.11477972785952605,0.10219991947732902,-0.04464017637135574,0.30073530701074924,0.08982023429056489,0.34280448004240255,0.15619751790503064,-0.6182748237531273,0.4744778649162184,0.12502705774686962,-0.1505089675249839,-0.23116548770529227,0.608889923914955,0.349628327966823,0.398273875267558,-0.1880691652886263,0.3239785490919494,0.2307373980541129,0.358097212254457,-0.3630042484568504,0.2833477348873982,0.06592752595560353,0.7920903928524237,-0.10650400624045316,-0.5633819791078712,-0.07852399900590729,0.4024881469805567,-0.25951789069317155,-0.6192272111915855,0.24802629130281736,-0.06230257835921908,-0.44550701292759487,-0.4260674395843702,0.1757995361112835,-0.5098335770631501,0.2910777289137352,-0.002834835137599255,-0.32661500323048487,-0.5424051264207114,0.17477320986489958
-0.06134516422766056,-0.2590709918665081,-0.010096755084333654,-0.2584110384999688,-1.3653534631993998,-0.3143303775111769,0.16831593810323767,0.422058534043899,0.3706699892492585,0.14618774729812886,0.03252919137963363,-0.5398998360459321,0.30932393935118013,-0.5164128155322969,0.01322725395168038,0.6769411085875217,-0.8060041360316924,0.12502705774686962,0.9092710678759677,-0.13645483508374287,-0.32652017972974007,0.6118384252203506,0.2672180723068149,-0.39756339274431207,-0.1791028122051815,0.2076770220456713,0.3026639543477883,0.24993453179418765,-0.43023854632654024,0.3752299015559882,-0.1886403283106913,0.9098294984313378,-0.43384390679440593,-0.6374225837402642,0.14098336370047693,-0.24454266962092408,-0.010325398275039399,-0.8128483665454457,0.7529575862082624,-0.24771150944296358,-0.29651627134845676,-0.24955648415994944,0.2288150528838118,-0.1407310522714581,0.4123821726603534,0.04879397565185706,-0.6734393328243711,-0.11272951202202706,0.5244663538316835
1.7109854317635207,0.10934363161161599,-0.001048760729611915,0.30093459762743097,3.180567611233323,0.06928225057737653,0.254699135158879,-0.9403098344995042,-2.3515636436248193,-0.6254089872433843,0.10065769855467716,-0.17584242499947517,-0.6154882101791976,0.3093327013700382,-3.4707005343552972,-1.5155847847492976,3.5891364933467638,-0.1505089675249839,-0.13645483508374287,2.4105821519123167,-0.45114926118828214,-2.1559872222823677,-1.2472788905068912,-1.7345454245490008,1.3763722235989055,-1.4671875293756078,-1.8692166933836856,0.11098272704953197,2.326659365078456,-2.20071141566867,0.6503132885612465,-3.90776317457138,-1.0786292970566493,1.5611586922153937,-0.1093889016728374,-0.5487023852402251,0.7815841181445913,2.53995032181312,-1.8473552905915869,-1.6730495738479703,3.403714390945071,2.9695050528867473,0.6513124584655448,1.4843824239411,-0.4224039752600217,-0.07393698223665679,1.272803772338889,0.6504197607096023,-1.8330971890047696
-0.28946403146829547,-0.17071894920034353,0.05336650767899584,0.46380100156113596,0.38767859134562627,0.0902676292170799,-0.0274368504530479,-0.039403083843907234,0.0823732231717898,0.2010012573501623,0.05159622460099069,0.17426639733657903,-0.3724949176149036,-0.2940321345433977,0.30630045737919975,0.10341733073968316,-0.03362952795216118,-0.23116548770529227,-0.32652017972974007,-0.45114926118828214,0.8321760852114448,-0.2181744106070974,-0.2003402084424193,0.08315244153379527,0.09988583920586626,0.042268813794910154,0.4986180610629627,-0.43620623774765244,-0.06747919430659002,0.022805565446803254,-0.10271286237060609,-0.10900298569919474,0.32337817776382033,0.2510283914887567,0.08577413024337548,0.1520555369696733,0.012188845236423421,-0.17211802460598183,0.06308999733241986,0.49030172565193825,-0.11266285102290666,0.0014913332764545232,-0.27399689488964146,-0.0485220557097953,-0.3800738814828123,-0.07137435751344982,0.0375620342767632,0.23804607623152854,0.11261607740366458
-1.5036908868592838,0.11459225355623223,-0.21577698815736684,-0.9535923095362365,-4.494970035305041,-0.1356405035769737,-0.3688004462704779,1.3520639973197575,2.7746790505735306,0.5314086085045353,-0.027180458271887448,-0.031857931435729195,1.1606899835027675,-0.32538024143771643,3.427394627723786,1.7206587239860374,-4.193574747693294,0.608889923914955,0.6118384252203506,-2.1559872222823677,-0.2181744106070974,2.969134685261721,1.6868490053644485,1.7487310774582114,-1.4040933483557518,1.7992266326974717,1.8333403309044713,0.3954844976545716,-2.6701493384183856,2.4645817834101136,-0.46873628760694325,4.644500543233691,0.6507002124588191,-2.3004553712819624,0.13287321568197735,0.7078301506287853,-1.007011665590499,-3.1206870468422907,2.214220637226511,1.3117316345956516,-3.573185813202345,-3.224990582512349,-0.14689068190994523,-1.8381356767957695,1.078454165789054,-0.12948544705288864,-1.7266432634590054,-1.2877465484482624,2.0518961162157336
-0.8445265557866157,0.10560458311360074,-0.06935481289082406,-0.7605455877963936,-2.565911441410075,0.041974209458992454,-0.2993853789536424,0.8328982229738083,1.6014541224549226,0.3751859559120941,-0.041995252625475585,0.0968630323803966,0.8481482194438908,0.15801381583340557,2.2349205629483038,0.9695635322831648,-2.593930588436141,0.349628327966823,0.2672180723068149,-1.2472788905068912,-0.2003402084424193,1.6868490053644485,1.2920662313182782,1.2382983770634601,-0.9319118568975274,1.190977610638503,0.8553470023691149,0.3603191586024415,-1.4782625328903412,1.4740002538435708,-0.33125751099697304,2.8741259294610266,0.40793827390455256,-1.388036622463194,-0.056494981523403646,0.39097968187962484,-0.5645520336839731,-1.837896262390948,1.1075661752362502,0.7681742752918326,-2.2666372882838544,-2.060213227709931,-0.15356565595225363,-1.1038981721970778,0.512214954707785,0.13981514100538983,-0.9072649885670855,-0.8850882129991063,1.113072186596051
-1.2943121636622046,0.41721660364310403,-0.2047214563796107,-0.5854174492123546,-2.2586009633918716,0.3871117796934089,-0.5183592607743879,0.6947315305276826,2.0154163208811187,0.23912950782650477,-0.0605607202043448,0.49014261900684925,0.6816292905858515,0.4590912736596417,3.009522978146654,0.7374453686618303,-2.755867768181544,0.398273875267558,-0.39756339274431207,-1.7345454245490008,0.08315244153379527,1.7487310774582114,1.2382983770634601,2.230084369304661,-1.1690595074911878,1.3059410510577505,1.1087528732720113,0.2199738568181939,-1.7424657700399162,1.7146191566764561,-0.33238022111367604,3.302991440760173,0.9693735846766449,-1.3655618715588413,-0.09943109155414373,0.9124246443770023,-0.7658115352293848,-1.798938483574311,1.0414165336218377,1.3311675080732837,-2.8151037306226296,-2.6132397156798617,-0.46723385553843866,-1.4094236777138387,0.3858767429944294,0.13618508165169987,-0.6939918159143771,-1.0721847049320188,1.229907511189841
0.9830638966921783,-0.015504579753966068,-0.06699093169169525,0.28495096058062724,2.0398209738627604,0.11831161198013468,-0.016433560590257343,-0.4368382437562608,-1.4549554367978548,-0.37436166530802867,0.16984685687966722,-0.21156167372941395,-0.6399051549634001,-0.1673668642269586,-2.326881349432836,-0.920034664591375,2.4097653071302445,-0.1880691652886263,-0.1791028122051815,1.3763722235989055,0.09988583920586626,-1.4040933483557518,-0.9319118568975274,-1.1690595074911878,1.1912955517429435,-0.7962783858010518,-0.8062848151466777,-0.1763277800652471,1.5067673464107223,-1.640980149690717,0.4712407804843036,-2.6392959718032607,-0.7995404750625882,0.8838219610103366,0.17008871458780037,-0.09435282267329907,0.43117838978023254,1.3581358472247678,-1.2352189450756506,-0.8988080059268482,2.2859817867805767,2.1089213771939703,0.44636292960793394,0.8483966842069561,-0.3749998029254024,-0.06461781141510911,0.6235340034317622,0.34471924041436747,-1.1077022286009115
-1.0442836912703901,0.06886672612756523,-0.20432125158395542,-0.6626608163019093,-2.8008250221477593,0.05719787052953837,-0.41379507249453906,0.9278432969888003,1.7898981747416762,0.36193905450156716,0.0834828481749956,-0.04660089431518506,0.6586395281078793,-0.20978588490521902,2.3204667718883103,1.124146105848069,-2.641542977414846,0.3239785490919494,0.2076770220456713,-1.4671875293756078,0.042268813794910154,1.7992266326974717,1.190977610638503,1.3059410510577505,-0.7962783858010518,1.407451293966491,1.266344196183324,0.17717152917540943,-1.6103293985684932,1.413996368204335,-0.30975551900738885,3.0510866995739563,0.35263375297969896,-1.5855222072568875,0.12894787917215517,0.6226141002038533,-0.6696943124144003,-2.118890865979749,1.1292817307423195,0.9832140677570119,-2.3741777008818734,-2.0600279114960487,-0.1393820866893824,-1.2184832139642932,0.5322660378167062,0.06428427706662115,-1.1070675635024856,-1.0309469406645224,1.330572426008155
-1.3227970399207354,-0.12112606536719374,-0.054535534244419974,-0.3211787969243399,-2.963256736516316,-0.10161331524249023,-0.30779138829456704,1.0356673930734124,1.9913800856636585,0.4302378545479084,0.11647112073332526,-0.08470956954321514,0.30681972069397523,-0.7806085083517289,2.4626006829295988,1.4710956828788857,-2.9051444911123507,0.2307373980541129,0.3026639543477883,-1.8692166933836856,0.4986180610629627,1.8333403309044713,0.8553470023691149,1.1087528732720113,-0.8062848151466777,1.266344196183324,2.0205172629605674,-0.11899468379341319,-1.9711582864165018,1.6366723437123387,-0.4020450910618576,3.1740772158131265,0.6821024358093739,-1.4200912968494181,0.24307097429612126,0.6671987771966682,-0.6669398333854153,-2.4572542374044972,1.546164462174131,1.2764207711020614,-2.540838716956788,-2.1714831833065986,-0.28669041638823994,-1.3145531708436289,0.4082728788747807,-0.04679854309105128,-1.3680747466784517,-0.5982900448073168,1.5066856615202793
0.1483054955349249,0.14921375798349093,-0.06551176444246615,-0.43886818354040735,-0.6539947213844272,0.07201504595641804,-0.09633032503420975,0.22447273200924348,0.30268745719829565,-0.09548397467781208,0.03355204642001545,-0.07662611653562146,0.3946908562731106,0.22327898202091603,0.11052423288772743,0.11413274698412992,-0.4376386674166741,0.358097212254457,0.24993453179418765,0.11098272704953197,-0.43620623774765244,0.3954844976545716,0.3603191586024415,0.2199738568181939,-0.1763277800652471,0.17717152917540943,-0.11899468379341319,0.5007240549343062,-0.16781897122529035,0.24864481889088152,0.014280886966737176,0.6148372532962634,-0.18455387694129122,-0.4144549913686063,-0.17695888591934267,0.12107206908345584,-0.10614023686871549,-0.34946308094081646,0.14917626782958512,-0.280759391997143,-0.195602024267819,-0.2766405650271485,0.22899027866235347,-0.26506626249611237,0.26701995778512105,0.07735795131848404,-0.17702661942245987,-0.3840863143570249,0.06931234354399353
1.6962698502853562,-0.03457176964456758,0.10811393987535714,0.5447329650551221,4.1226298074138175,0.2825098440516894,0.1680363985099175,-1.1660030876045346,-2.5938578666025,-0.6023895466382173,0.07321353170668471,-0.16970874831941213,-0.9685434727847794,0.41063739925140647,-3.678712177123777,-1.7789828569084911,4.118003406048871,-0.3630042484568504,-0.43023854632654024,2.326659365078456,-0.06747919430659002,-2.6701493384183856,-1.4782625328903412,-1.7424657700399162,1.5067673464107223,-1.6103293985684932,-1.9711582864165018,-0.16781897122529035,2.8226054152594315,-2.657520286754507,0.5745916546529295,-4.555198448233329,-1.0711258584233414,1.9066716592484882,-0.13613560524700155,-0.48512128413387684,0.9295748402162699,2.9216641164189467,-2.3274443494097965,-1.5904938448038246,3.629637865810076,3.383406933539578,0.4265860890577092,1.633570357976847,-0.9368162615804674,0.23547552743359057,1.556361639969887,0.8587985899624466,-2.0425246685239444
-1.5697430383184587,-0.006893982015638048,-0.004281964924607395,-0.40643120035555586,-3.735660554452192,-0.2503490538849822,0.026239278409191668,0.94364374546244,2.4194075779730797,0.7384349228575687,-0.1909840911588522,0.36265118468432495,1.0656736973853789,-0.15318409945325964,3.7097157551560334,1.7482585169290257,-4.089101447516147,0.2833477348873982,0.3752299015559882,-2.20071141566867,0.022805565446803254,2.4645817834101136,1.4740002538435708,1.7146191566764561,-1.640980149690717,1.413996368204335,1.6366723437123387,0.24864481889088152,-2.657520286754507,2.859585868001429,-0.6471422150361091,4.460885815574904,1.316924016995907,-1.5543368997045388,-0.1855587345634087,0.1816752590898445,-0.691601587028081,-2.592366237671663,2.2229210329709277,1.561712701186471,-3.606790823511383,-3.334114163672204,-0.438123452370282,-1.4296164837417327,0.7846131868153702,-0.27223940403161556,-1.2022957118854745,-0.624979467635141,1.9657079075495414
0.4736601816424174,0.14781776087805223,-0.06606624560376381,-0.04973361738694641,0.742693424080408,0.10345146863656324,-0.09656240086016515,-0.17906830767895798,-0.5255499366971303,-0.29670448877316286,0.09499445538805597,-0.013398837536834279,-0.19042767197193913,0.0841795564419235,-0.9739325453981439,-0.45846172735998897,1.0330695442588165,0.06592752595560353,-0.1886403283106913,0.6503132885612465,-0.10271286237060609,-0.46873628760694325,-0.33125751099697304,-0.33238022111367604,0.4712407804843036,-0.30975551900738885,-0.4020450910618576,0.014280886966737176,0.5745916546529295,-0.6471422150361091,0.34411497252364553,-1.015619902020745,-0.2760573006617742,0.3385966709748189,5.795541711850509e-4,0.050397990730316235,0.10333712432402874,0.5913726822236403,-0.5801475021921575,-0.4159557522174441,0.8822034161437698,0.7963547181362906,0.23910044409708126,0.26359345544374957,-0.05454041407516666,-0.10493504404345835,0.3217456292623331,-0.0469896851397989,-0.5634407661421432
-2.816158019003613,0.08912856885749051,-0.31540070359754974,-1.3913901598387861,-7.319359616370841,-0.07146529296494022,-0.5116552247044983,2.1164022137100127,4.7346966304610625,0.931415772715327,-0.0034004901259511635,-0.06910993349867435,1.8192638990475178,-0.5079148148494923,6.134173879645148,3.2363506214140836,-7.216378531197459,0.7920903928524237,0.9098294984313378,-3.90776317457138,-0.10900298569919474,4.644500543233691,2.8741259294610266,3.302991440760173,-2.6392959718032607,3.0510866995739563,3.1740772158131265,0.6148372532962634,-4.555198448233329,4.460885815574904,-1.015619902020745,8.491005252046092,1.4725674925414094,-3.652537550993672,-0.0022174295924738386,0.9968895362279723,-1.452829928351554,-5.333736295433628,3.6782552512203446,2.4457763927349743,-6.403030559034955,-5.762708128279929,-0.5486571283144152,-2.948534176264609,1.4632315063633845,0.056459233171770595,-2.6736370170131236,-2.0565591169303787,3.6267934151590318
-0.7877780897298565,0.0955271676866863,0.22303818644818088,0.16187050632728556,-0.6326604670206822,0.026813644892106244,0.11068606606377616,0.06942338908399245,0.8647921340694705,0.3582939608279577,-0.248369248201353,0.692515332773817,0.19752008864586665,0.3283380323024326,1.958569610316417,0.4962744707653071,-1.609572558290724,-0.10650400624045316,-0.43384390679440593,-1.0786292970566493,0.32337817776382033,0.6507002124588191,0.40793827390455256,0.9693735846766449,-0.7995404750625882,0.35263375297969896,0.6821024358093739,-0.18455387694129122,-1.0711258584233414,1.316924016995907,-0.2760573006617742,1.4725674925414094,1.3536942340752742,0.03218918040790873,-0.34168067064018587,0.030266325530727372,-0.1767449594696312,-0.5333804369641025,0.6800512627634646,1.0479523167163312,-1.6642697096523908,-1.5617504344703494,-0.5176481440249273,-0.5270897374315525,-0.06584079947454057,-0.17462142175764755,0.014114898631361908,0.22262916418142206,0.5516269881424641
1.1335587819789308,-0.14123131353917748,0.33568483310466224,1.0286318767618559,3.7113187578483586,0.0028105034813115234,0.5693914893964732,-1.249318687253802,-2.1727088902627356,-0.3638158288267885,-0.13016041574590945,0.29358566396258556,-0.9208032709795738,0.37399311671563645,-2.385793565204662,-1.2474137110078893,3.1101845460239157,-0.5633819791078712,-0.6374225837402642,1.5611586922153937,0.2510283914887567,-2.3004553712819624,-1.388036622463194,-1.3655618715588413,0.8838219610103366,-1.5855222072568875,-1.4200912968494181,-0.4144549913686063,1.9066716592484882,-1.5543368997045388,0.3385966709748189,-3.652537550993672,0.03218918040790873,2.2812479479071053,-0.39675931399861175,-0.7905255920979724,0.8942097205262685,2.650731901961252,-1.5831761122725545,-0.8272561429888776,2.5912051467004473,2.2891121642307075,-0.03030081079598217,1.5352348256261212,-0.8910378562349013,-0.13077070352060183,1.590972898534755,1.40107260914805,-1.6365484132819488
-0.18842638156667568,-0.01609606436309558,-0.13758597482370913,0.0012693416651752775,-0.3508829210461671,-0.1237231030909511,-0.1047928187923282,0.18445616994335465,0.03232243649144338,0.07081273139191596,0.08869825036060586,-0.15480598724229308,-0.0880145035152217,-0.3630849334691523,-0.020885660459780853,-0.020034901262597896,0.018189030687601603,-0.07852399900590729,0.14098336370047693,-0.1093889016728374,0.08577413024337548,0.13287321568197735,-0.056494981523403646,-0.09943109155414373,0.17008871458780037,0.12894787917215517,0.24307097429612126,-0.17695888591934267,-0.13613560524700155,-0.1855587345634087,5.795541711850509e-4,-0.0022174295924738386,-0.34168067064018587,-0.39675931399861175,0.538483535731574,0.13026249678899662,-0.19604569358086646,-0.2382766181155561,0.21226284334773757,0.09688560413916605,0.06456177481762113,0.008071809278521549,0.0018266449079989895,-0.04795749208913247,0.17473034617279687,-0.05106496967278394,-0.3402011086588611,-0.1300554051319266,0.22797420371217586
-0.38562002079969987,0.3460510943701905,-0.22776318346015806,-0.48868680007784654,-0.816340965119347,0.43524024608748085,-0.5735843796515904,0.46705922344441814,0.9676653919256203,-0.10242726022364577,0.14644320921166798,0.06394309205953559,0.09240374324633224,0.06136284517974126,0.7777275771273104,0.03649967092333939,-0.8578024026687825,0.4024881469805567,-0.24454266962092408,-0.5487023852402251,0.1520555369696733,0.7078301506287853,0.39097968187962484,0.9124246443770023,-0.09435282267329907,0.6226141002038533,0.6671987771966682,0.12107206908345584,-0.48512128413387684,0.1816752590898445,0.050397990730316235,0.9968895362279723,0.030266325530727372,-0.7905255920979724,0.13026249678899662,1.0019781634635219,-0.49315515174351787,-0.9127689090302479,0.16803454738895865,0.36148746492613076,-0.7493527929395357,-0.6892964811376768,0.04065401386898669,-0.8753703081360257,0.09610364839496122,0.17220565251282846,-0.5036751130451635,-0.7723519254917711,0.3388232578274609
0.5825446534698493,-0.18951465084027405,0.1334331142991804,0.40775353882367593,1.4378233882418205,-0.019644114288607503,0.3143971267624772,-0.47220513136985065,-1.0341459276223013,-0.08402560671809362,-0.03791683185897111,-0.06574943962187013,-0.3629140802284433,0.012728474330451156,-1.2459765230271735,-0.34216876300996796,1.3458170726970702,-0.25951789069317155,-0.010325398275039399,0.7815841181445913,0.012188845236423421,-1.007011665590499,-0.5645520336839731,-0.7658115352293848,0.43117838978023254,-0.6696943124144003,-0.6669398333854153,-0.10614023686871549,0.9295748402162699,-0.691601587028081,0.10333712432402874,-1.452829928351554,-0.1767449594696312,0.8942097205262685,-0.19604569358086646,-0.49315515174351787,0.5769720189137023,1.037992878515143,-0.6972297437420412,-0.5034561773192939,1.2274280823591108,1.175879233052996,0.11951989502832575,0.7830588203994159,-0.35904964896334846,-0.00856163822274003,0.6652331534332033,0.5765508639739318,-0.6261141069015492
1.7319245550940068,0.09070541508876555,0.23899405521414033,1.0388978170099468,5.106831379576814,0.0912049323892523,0.5412905994110926,-1.7154368223966492,-3.1199247682093523,-0.6049741202492476,-0.15659649907930898,0.3234528934728985,-1.0716830638143484,0.8254969350490841,-3.592416912704481,-2.2301502881573962,4.632824477695093,-0.6192272111915855,-0.8128483665454457,2.53995032181312,-0.17211802460598183,-3.1206870468422907,-1.837896262390948,-1.798938483574311,1.3581358472247678,-2.118890865979749,-2.4572542374044972,-0.34946308094081646,2.9216641164189467,-2.592366237671663,0.5913726822236403,-5.333736295433628,-0.5333804369641025,2.650731901961252,-0.2382766181155561,-0.9127689090302479,1.037992878515143,3.9860922869169637,-2.4434169228589733,-1.464091807792747,3.8794657753812807,3.384107568357979,0.14852961235615325,2.0728857806041634,-0.9695936443634096,-0.07713348545893974,2.1809721498762045,1.4853794264953952,-2.341532846902266
-1.3274629533663134,-0.10929975504593581,-0.07190924672542456,-0.3076339797013283,-3.4941651802908225,-0.37853900977516136,0.09346078339304588,0.9244413091197728,2.1055921122097208,0.5888497861943182,-0.13074818037460692,-0.03671977315017677,0.8466215397682032,-0.5272537052996491,2.7436816181855055,1.545334834304587,-3.4756011639704556,0.24802629130281736,0.7529575862082624,-1.8473552905915869,0.06308999733241986,2.214220637226511,1.1075661752362502,1.0414165336218377,-1.2352189450756506,1.1292817307423195,1.546164462174131,0.14917626782958512,-2.3274443494097965,2.2229210329709277,-0.5801475021921575,3.6782552512203446,0.6800512627634646,-1.5831761122725545,0.21226284334773757,0.16803454738895865,-0.6972297437420412,-2.4434169228589733,2.3933237479587675,1.0848052185085224,-2.73459587773233,-2.652301442118138,-0.2989470212656693,-1.2446321197060182,0.8978703135731415,-0.2661276327190995,-1.4197029737763494,-0.481244925927853,1.8073363888432146
-1.2728468255068348,0.007248281750645184,-0.024262894982082162,0.02123004982422426,-1.8251298011004649,-0.04381393721741259,-0.14409294431259803,0.5289815184477558,1.4298894512598281,0.5690148899206994,-0.11619422451745624,0.46230408015605895,0.3176082377195942,-0.14985178553701164,2.671825525915202,0.8838049792578769,-2.3432842789564345,-0.06230257835921908,-0.24771150944296358,-1.6730495738479703,0.49030172565193825,1.3117316345956516,0.7681742752918326,1.3311675080732837,-0.8988080059268482,0.9832140677570119,1.2764207711020614,-0.280759391997143,-1.5904938448038246,1.561712701186471,-0.4159557522174441,2.4457763927349743,1.0479523167163312,-0.8272561429888776,0.09688560413916605,0.36148746492613076,-0.5034561773192939,-1.464091807792747,1.0848052185085224,1.5028317463838416,-2.3623341983600694,-2.077848431219093,-0.5314870856321368,-0.8863444012083076,0.20927795904550378,-0.1541395682448689,-0.6388893395287658,-0.31004647851021394,1.2189971542584532
2.4448592304396524,-0.08804379293256492,0.00834476157469715,0.9894758548468096,5.332710279072243,0.07382608387641758,0.4544406546855139,-1.531411324185947,-3.7293999657950736,-0.911298339388996,0.16146680652406883,-0.3618668765268215,-1.3516256096066288,0.057416580522617014,-5.446581765047237,-2.322258071488257,5.828241750002996,-0.44550701292759487,-0.29651627134845676,3.403714390945071,-0.11266285102290666,-3.573185813202345,-2.2666372882838544,-2.8151037306226296,2.2859817867805767,-2.3741777008818734,-2.540838716956788,-0.195602024267819,3.629637865810076,-3.606790823511383,0.8822034161437698,-6.403030559034955,-1.6642697096523908,2.5912051467004473,0.06456177481762113,-0.7493527929395357,1.2274280823591108,3.8794657753812807,-2.73459587773233,-2.3623341983600694,5.505032074669043,4.835247032943396,0.7986492032572028,2.3820266202801426,-0.8569143443480391,-0.12741523562200574,1.9164650280872182,1.3190095367748162,-2.738840214614405
