V1,V2,V3,V4,V5,V6,V7,V8,V9,V10,V11,V12,V13,V14,V15,V16,V17,V18,V19,V20,V21,V22,V23,V24,V25,V26,V27,V28,V29,V30,V31,V32,V33,V34,V35,V36,V37,V38,V39,V40,V41,V42,V43,V44
10.702210670834775,-3.74597289924518,0.23572844560982517,1.547683051247402,-5.8496524901552185,6.547518212543884,-0.9160817798079446,-13.929264804638626,2.609834087999251,15.52348101760279,-1.1532629227233047,5.89376890225438,-15.49605530705977,-11.36044667712476,0.9977506882275586,0.049562062186238945,-2.510200935407887,-5.448810326172355,7.820231251031557,-12.722163115007412,0.07886756697991887,2.8570243306337093,-13.867520185992179,3.215676894208062,5.839004948937845,7.099744760770329,4.5604925097540265,-14.251967563571936,-8.017830424372134,6.720165731557849,5.2137537955526145,5.528436666184341,9.984216890559024,-1.874764251077255,-4.015039069502715,12.334248089308353,5.682779488764013,-2.1787133598465895,6.03737118692123,12.894058291128475,-2.591218039930593,-3.5989772073650252,12.75797680795247,14.088904798535975
-3.74597289924518,1.7060233601588002,-0.09957721602315882,-0.753936243984818,1.927342455380477,-2.8797614200383577,0.44111934298948935,4.547015714600744,-0.8098366464466878,-5.493136657886904,0.4220558310903167,-2.0498013361119507,5.704427284185964,3.988293633730898,-0.7509155871972377,-0.2516899762011026,0.4072990509067601,1.8420404527048606,-2.810441201494844,4.2779580242394335,-0.08968547621796422,-1.095602789209088,4.850698504682321,-1.4905584634671456,-2.1633990509017482,-2.468303092006868,-1.6748778075370097,4.950002183953802,2.705263009140039,-2.26025386072906,-1.9539596683897393,-1.9955268787187872,-3.3693104353083205,0.5365193969886461,1.4112610725679993,-4.428716961851957,-1.7289349554474411,0.4641850711374509,-2.2861223798509624,-4.4959919506506685,0.8097048201136005,1.3229772614623962,-4.312292160076265,-4.849271190487743
0.23572844560982517,-0.09957721602315882,0.20938424683850715,0.2905351248034005,0.11632840853020106,0.27635798601534534,0.054286863871607444,-0.081659428534481,-0.03210350499617615,-0.015298500859417648,0.006744326215798104,0.2745564345538885,-0.43633448690638704,0.08636119169942,0.22137379492655662,0.03258723946038931,-0.04637486546366625,-0.07742525757850503,0.013296345170653753,-0.25859234058820846,-0.010277147204770815,0.1949298921362807,-0.10563852673891184,0.1786326445723634,0.20958974719762988,0.2799572276554286,0.17721950920498616,0.13237012747548874,-0.08673370548758835,0.043270565039396046,0.15289396151268683,-7.100268211795231e-4,0.07289530108286187,-0.1439663645322003,0.21650945309108008,0.23751678794419967,-0.09888720719748544,0.13045360094830083,-0.08642963536991874,0.1275638872607235,0.2680224844456419,-0.20111638581797187,0.06321591402559144,0.16665647082248392
1.547683051247402,-0.753936243984818,0.2905351248034005,0.7810920645508262,-0.48386160156409713,1.3816307794337666,-0.12311008055263363,-1.6230208495050726,0.07796483819060147,1.8083759165489215,-0.09237956234101674,1.0468961066687972,-2.455439860509287,-1.3395559896883757,0.4311511572715235,0.16746898687675435,-0.1915516673295329,-0.619241667138114,0.716378267228762,-1.644321045238796,-0.020642138287758825,0.5699665751708177,-1.805257278069539,0.987871833600613,1.1476829882531843,1.249935813797341,0.6744466029585287,-1.8478072499954026,-0.7752562411808314,0.8440860127446244,0.9665796914969823,0.6536461691878102,1.3336467113789061,-0.03962061499340193,-0.16395757142700912,1.8660784147083482,0.7031728049271937,-0.11413981233439725,0.686212799283524,1.647374237391699,0.15130706014841075,-0.5247222405113925,1.4401424787169248,2.004611728275602
-5.8496524901552185,1.927342455380477,0.11632840853020106,-0.48386160156409713,3.624743945142603,-3.277030175375199,0.7016414453301256,8.032702576173314,-1.377464817725689,-8.980748145949464,0.7012433122262332,-3.1194309496759223,8.386405517145608,6.878864103481187,-0.21509696909090975,0.06109029348386409,1.5799360239992375,3.192285438300216,-4.638015867760743,7.010269142843962,0.018034759001697005,-1.3387125311347525,8.000923048512087,-1.549037704128368,-3.2187436664266182,-3.8026928307718433,-2.4775029630038783,8.368892223866187,4.499676830875365,-4.001577040490885,-2.8142849715590006,-3.256572207645871,-5.78471722484085,1.0161909609528808,2.5390366881531605,-6.738045394637612,-3.454896770909087,1.4250651345546044,-3.5893325437319845,-7.329880845018021,1.8281061707178006,1.6411593203401216,-7.375873252614614,-8.007758864914624
6.547518212543884,-2.8797614200383577,0.27635798601534534,1.3816307794337666,-3.277030175375199,5.022292755287683,-0.7064386687867565,-7.938746126407216,1.4091776481121652,9.529839056364137,-0.6838707920922238,3.635837103254339,-9.893765510990786,-6.840186618887191,1.3155945290939615,0.40635823073332233,-0.7064452939447964,-3.1920063839826924,4.762505625001359,-7.437333841636518,0.19313540652984026,2.009639135071214,-8.406962656243477,2.639136497560764,3.8339263210401486,4.345899922397737,2.9189904360247745,-8.570496103254381,-4.730179803239148,3.9021975017179575,3.40846420262014,3.44167454530448,5.856572632770466,-0.8734674196448684,-2.3976140696759676,7.715260844904077,3.0609527504172656,-0.7937752010383392,3.951910111608795,7.7895323551163465,-1.422483493556105,-2.3396155149632496,7.404427572324143,8.35937989699541
-0.9160817798079446,0.44111934298948935,0.054286863871607444,-0.12311008055263363,0.7016414453301256,-0.7064386687867565,0.42034431426800234,1.2836471664311722,0.16469092078393446,-1.6157621046899013,0.1811168268322807,-0.5689671889242156,1.5467595314697011,1.6066636450526928,-0.11145179098112895,-0.06867518058115746,0.18055065808182558,0.7126234187780525,-1.0492001362867849,0.9611636166462658,0.09135288325057707,-0.11283712911492298,1.595384012747812,-0.39819372704237666,-0.8271429986402508,-0.6667203802134601,-0.5163714673125516,1.4886113568729622,0.5791438075430014,-0.9021333238621392,-0.5732112088100445,-0.6749499793220598,-1.0977892281744352,0.1689653119011662,0.41420628556587646,-1.0732766712072999,-0.5566302288521551,0.05518030851836154,-0.7616635136318992,-1.296208842833124,0.25794124633241877,-0.08669891793448772,-1.2979309718621033,-1.4811296670644614
-13.929264804638626,4.547015714600744,-0.081659428534481,-1.6230208495050726,8.032702576173314,-7.938746126407216,1.2836471664311722,18.7223063498423,-3.405428845714324,-20.640503925277013,1.515505925685045,-7.561755923614948,19.88960899010878,15.38164956305768,-0.6896160917912159,0.14389071885410853,3.6705730298949644,7.246961119736641,-10.292545724596371,16.656140736305147,-0.032029337203905585,-3.4737283693227483,18.430032953508093,-3.90973119562545,-7.589046392849213,-9.18535523202143,-5.7934271593657884,19.299373595848643,10.52299195561651,-9.054533967087522,-6.715946984778458,-7.347035852226623,-13.391367419444034,2.2923712455865077,5.5535946039004545,-16.03582610343463,-8.021585585373261,3.300334320945673,-8.052153351896305,-17.01502097396538,3.8323833995525827,4.3123603804269495,-16.976318215202294,-18.69355045364469
2.609834087999251,-0.8098366464466878,-0.03210350499617615,0.07796483819060147,-1.377464817725689,1.4091776481121652,0.16469092078393446,-3.405428845714324,1.359116013407468,3.8033068016607445,-0.22927030304550847,1.1809542243594138,-3.463093697363515,-2.166616052126366,0.20749102197766814,-0.057417094455639035,-0.5081026890803364,-1.076019891289856,1.730225013483894,-3.3280222624104523,0.22636226586123875,0.8258379638317035,-2.9894901037339343,0.4524169225211269,0.8135898963142638,1.468758007181224,0.963599037772059,-3.3103709754563995,-2.3529290018038664,1.2435593341811184,1.0130524619504586,1.2401793762911708,2.1333659256027877,-0.5164423178691979,-1.2340868761543957,3.0055467491825114,1.273890302852588,-0.7239592106624612,1.4188345884523492,3.0475412390487184,-0.9829665468067781,-1.4536970751117109,3.0462872237043404,3.0404917928782846
15.52348101760279,-5.493136657886904,-0.015298500859417648,1.8083759165489215,-8.980748145949464,9.529839056364137,-1.6157621046899013,-20.640503925277013,3.8033068016607445,23.506878581505514,-1.7060395899828482,8.290319882963562,-22.356420669779645,-17.390069657057133,1.164556070082585,0.09242745434000675,-3.3750562177832255,-8.029682295345378,11.673969397031804,-18.30333945999667,0.2114430823013581,3.9879599354076545,-20.68021789203295,4.720925006693246,8.548526673357587,10.06525492234305,6.49060800507599,-21.817239374842853,-11.77821764301119,10.008777152120322,7.583581996094934,8.371839825928948,14.842084407728578,-2.2606857071081734,-6.52036622552656,18.01983905945749,8.811247741095892,-3.395031063819751,9.462416180370985,19.063723156556186,-4.6044308213266305,-4.838348255025857,18.83392483407951,20.67764750538272
-1.1532629227233047,0.4220558310903167,0.006744326215798104,-0.09237956234101674,0.7012433122262332,-0.6838707920922238,0.1811168268322807,1.515505925685045,-0.22927030304550847,-1.7060395899828482,0.18495778809701693,-0.6541325688734514,1.755760596274215,1.3458080032927582,-0.15849232885703066,-0.002268844199864177,0.3183342874466812,0.7096627598463087,-1.0887461288206246,1.4140863005617368,0.0332097500238374,-0.25503064049375324,1.5789120386725595,-0.22852708689468676,-0.6320463668126285,-0.7604187367849521,-0.5840408967382992,1.4023596465975867,0.9236414692833947,-0.81625421787186,-0.5426061505626228,-0.6478779754514418,-1.0928772454275226,0.4151150943265693,0.43532928357017725,-1.2870791066276823,-0.4781462669622015,0.1457300850226671,-0.6606277247622718,-1.4549308758807513,0.2570154611998703,0.35156642596500226,-1.506249427898475,-1.5585834188030627
5.89376890225438,-2.0498013361119507,0.2745564345538885,1.0468961066687972,-3.1194309496759223,3.635837103254339,-0.5689671889242156,-7.561755923614948,1.1809542243594138,8.290319882963562,-0.6541325688734514,3.434881960986181,-8.675931380062838,-6.219649146925821,0.6633943709060486,0.027991592274622015,-1.5284191257620576,-3.097941733701523,4.332653742398432,-6.986048639360454,-0.056897212019487886,1.5893619442484535,-7.6261849617497814,1.8193524492881932,3.4089652485306408,4.0755075570254995,2.627914472977736,-7.527676028993395,-4.282296077395434,3.7902823244942603,2.93974113897424,2.9932286318355197,5.504046695047412,-1.2146250726136847,-1.9172883989245124,6.735333233902381,2.979066669480892,-1.0442313722468441,3.147642670457462,7.053295375354521,-1.0941241009550238,-1.8958332129026276,6.982830670912344,7.807040499290429
-15.49605530705977,5.704427284185964,-0.43633448690638704,-2.455439860509287,8.386405517145608,-9.893765510990786,1.5467595314697011,19.88960899010878,-3.463093697363515,-22.356420669779645,1.755760596274215,-8.675931380062838,22.84862570468842,16.575381756233075,-1.8625685215598475,-0.23664227096720467,3.4580785807084293,8.061086088262263,-11.681552979420374,18.340706544845073,-0.04353279261690522,-4.164224947492302,20.177069405436058,-4.819382598215136,-8.684043933088306,-10.388086622842437,-6.869365172709965,20.208290602044375,11.526120821693121,-9.839000842432833,-7.661863188276857,-8.08567232757249,-14.393544004723228,3.005494476849853,5.611485281227421,-17.850018889986817,-7.785902892556746,2.7223328837446252,-8.75168039741371,-18.691637158443864,3.428873279756366,5.160175410498983,-18.46954923946176,-20.41236910287075
-11.36044667712476,3.988293633730898,0.08636119169942,-1.3395559896883757,6.878864103481187,-6.840186618887191,1.6066636450526928,15.38164956305768,-2.166616052126366,-17.390069657057133,1.3458080032927582,-6.219649146925821,16.575381756233075,13.610715411166163,-0.6309835032306442,-0.04606469210855751,2.794260116913828,6.234130704535458,-8.936277075341835,13.310431756648422,0.09046542425453188,-2.6354781077170233,15.70217418694694,-3.523571631903689,-6.737862616744243,-7.5535540363740505,-4.882575515855787,16.358072587288323,8.369440689338928,-7.875118212006925,-5.7191725589256315,-6.347870209089677,-11.318387718710035,1.6993052802823105,4.727479022957999,-13.164831022104497,-6.724934583116546,2.4980797019594014,-7.063810924050654,-14.192450174700632,3.2566801408359742,2.8762232658184304,-14.124061030179096,-15.68382907247706
0.9977506882275586,-0.7509155871972377,0.22137379492655662,0.4311511572715235,-0.21509696909090975,1.3155945290939615,-0.11145179098112895,-0.6896160917912159,0.20749102197766814,1.164556070082585,-0.15849232885703066,0.6633943709060486,-1.8625685215598475,-0.6309835032306442,0.8967740625563287,0.25620675688538735,0.26919682408641327,-0.5166206843224899,0.9890461835232215,-1.1061483361785123,0.09161588107457916,0.5288944792385271,-1.0357518618046708,0.4792907957414084,0.569247825132742,0.6774921909088892,0.732968522086099,-0.3969547015023509,-0.8215868901714231,0.4090482602297326,0.523039036973923,0.4958069460351305,0.5134442921840738,-0.5685317611311095,-0.12266596302026417,1.1338344069611035,-0.3306611638958073,0.4669271096031942,0.5016371168870245,1.072689314975555,0.114930104849674,-0.7247457411595197,0.9315091422480842,0.8941533770004274
0.049562062186238945,-0.2516899762011026,0.03258723946038931,0.16746898687675435,0.06109029348386409,0.40635823073332233,-0.06867518058115746,0.14389071885410853,-0.057417094455639035,0.09242745434000675,-0.002268844199864177,0.027991592274622015,-0.23664227096720467,-0.04606469210855751,0.25620675688538735,0.15320859892382666,0.28502605640495876,0.031531234561015066,0.03772725175504335,0.06082639149204212,0.04599324258575796,0.09340834894050293,-0.0525081399401144,0.2764179747043002,0.12138189296566121,0.03562271376375413,0.06730038652511838,-0.046596897083384235,0.03556003690463318,-0.029819258378041773,0.11324410731070876,0.06642985006004302,-0.028248521814060273,0.10125146760145252,-0.0103734135073509,0.13211158355908423,-0.11309055367643067,0.1665180365423587,0.1357683326401091,0.03516472485173152,0.049089449048323,-0.058033039345792015,-0.0701801011452921,-2.572885399553544e-4
-2.510200935407887,0.4072990509067601,-0.04637486546366625,-0.1915516673295329,1.5799360239992375,-0.7064452939447964,0.18055065808182558,3.6705730298949644,-0.5081026890803364,-3.3750562177832255,0.3183342874466812,-1.5284191257620576,3.4580785807084293,2.794260116913828,0.26919682408641327,0.28502605640495876,1.4788001293556554,1.4921645396116,-1.899846433688826,3.2787141729550884,0.22895668170298503,-0.42528916938892974,3.344753937166666,-0.26351233931128365,-1.3375605051109032,-1.8418440999871675,-1.0738604042887594,3.248598573274453,1.8708795605091828,-1.8839003374893872,-1.1241638534802958,-1.231675930187332,-2.6055380553317895,0.8377311765905799,0.7201094246641837,-2.7244307305604973,-1.5676295961832427,0.8615921862582966,-1.0432203779765046,-3.0960522584714925,0.40605272926887315,0.6194186176180774,-3.334274597878746,-3.656461478906949
-5.448810326172355,1.8420404527048606,-0.07742525757850503,-0.619241667138114,3.192285438300216,-3.1920063839826924,0.7126234187780525,7.246961119736641,-1.076019891289856,-8.029682295345378,0.7096627598463087,-3.097941733701523,8.061086088262263,6.234130704535458,-0.5166206843224899,0.031531234561015066,1.4921645396116,3.139320185513371,-4.557936626908585,6.5429945306597865,0.08739252768864478,-1.3117091631748377,7.377616648347126,-1.3709063397025392,-3.114039203722322,-3.65960923923621,-2.5520543871863253,7.063092642581287,4.187098278297844,-3.7503162942978325,-2.630592100472436,-2.970576029557882,-5.238182404235914,1.3985491312958764,2.0358354916848915,-6.159041489170546,-2.73635111164096,0.9353231000885351,-3.1253260044171522,-6.74967631568009,1.3111098388786944,1.5910722818141947,-6.821946836126382,-7.34042043416398
7.820231251031557,-2.810441201494844,0.013296345170653753,0.716378267228762,-4.638015867760743,4.762505625001359,-1.0492001362867849,-10.292545724596371,1.730225013483894,11.673969397031804,-1.0887461288206246,4.332653742398432,-11.681552979420374,-8.936277075341835,0.9890461835232215,0.03772725175504335,-1.899846433688826,-4.557936626908585,6.905999170486745,-9.444808275133054,-0.05047816480022,1.9007598733957152,-10.583143853526137,1.8185578735453733,4.2761882678411,5.094466829138828,3.7830932551597876,-9.89337984605689,-6.2459820700952315,5.3199835904198,3.688726835889561,4.359565877331645,7.36619942221325,-2.260020279052404,-3.1032244378354816,8.82526042405276,3.574288731002526,-1.138105795241701,4.6153733898555895,9.75369238290419,-2.0257336764810705,-2.4876836184406184,9.89604654004889,10.367124490543313
-12.722163115007412,4.2779580242394335,-0.25859234058820846,-1.644321045238796,7.010269142843962,-7.437333841636518,0.9611636166462658,16.656140736305147,-3.3280222624104523,-18.30333945999667,1.4140863005617368,-6.986048639360454,18.340706544845073,13.310431756648422,-1.1061483361785123,0.06082639149204212,3.2787141729550884,6.5429945306597865,-9.444808275133054,15.379526412321798,-0.06123269968833916,-3.3563045500287445,16.371987244544524,-3.4271059328994617,-6.671934443956192,-8.410744221700522,-5.4767403355551885,16.58309998363199,9.751002389014,-7.978058778272677,-6.036610434270044,-6.53526637681903,-11.800384922055885,2.629974446911705,4.738188632633563,-14.561511613287466,-6.58677576589479,2.663869044836077,-6.983378309727505,-15.333540350296325,3.065536775321877,4.472154522712182,-15.321997164601934,-16.69079449000455
0.07886756697991887,-0.08968547621796422,-0.010277147204770815,-0.020642138287758825,0.018034759001697005,0.19313540652984026,0.09135288325057707,-0.032029337203905585,0.22636226586123875,0.2114430823013581,0.0332097500238374,-0.056897212019487886,-0.04353279261690522,0.09046542425453188,0.09161588107457916,0.04599324258575796,0.22895668170298503,0.08739252768864478,-0.05047816480022,-0.06123269968833916,0.1262376987668373,0.1279387898838382,0.012170615127366334,0.08199829926613994,-0.08426046630811225,-0.055609627804947694,-0.024371858369163522,-0.1496693872918129,-0.1581751370328155,-0.12661961207508748,2.6157540637459516e-4,0.03151601537876662,-0.05022321920943373,0.13046339847563623,-0.162803191529894,0.13614802309047974,0.01910282086807041,-0.0066636994364445085,0.1421242966628788,0.051338253069062756,-0.19930139048959006,-0.21006302966561063,-0.02873035424699237,-0.08982546387708004
2.8570243306337093,-1.095602789209088,0.1949298921362807,0.5699665751708177,-1.3387125311347525,2.009639135071214,-0.11283712911492298,-3.4737283693227483,0.8258379638317035,3.9879599354076545,-0.25503064049375324,1.5893619442484535,-4.164224947492302,-2.6354781077170233,0.5288944792385271,0.09340834894050293,-0.42528916938892974,-1.3117091631748377,1.9007598733957152,-3.3563045500287445,0.1279387898838382,0.9687524114306372,-3.4541119136476155,1.001853754990608,1.4986075168261412,1.8888350161108345,1.2361538165702768,-3.5100792350612333,-2.1780579048576785,1.5645987225302698,1.3876685835412428,1.3978724929824868,2.4416282733433734,-0.4628743286959937,-0.9764545297201704,3.3190916653554465,1.3015750390240377,-0.4282363442114818,1.5591140695770878,3.3021415714526237,-0.6261507611169089,-1.2328412944448277,3.1428615759042726,3.4766662421948187
-13.867520185992179,4.850698504682321,-0.10563852673891184,-1.805257278069539,8.000923048512087,-8.406962656243477,1.595384012747812,18.430032953508093,-2.9894901037339343,-20.68021789203295,1.5789120386725595,-7.6261849617497814,20.177069405436058,15.70217418694694,-1.0357518618046708,-0.0525081399401144,3.344753937166666,7.377616648347126,-10.583143853526137,16.371987244544524,0.012170615127366334,-3.4541119136476155,18.59952568000162,-4.2025801622005625,-7.908508121427723,-9.213720416504112,-5.964678447414803,19.180476380601025,10.323558865810037,-9.18667124398864,-6.861783231372036,-7.470029136809089,-13.383752530557654,2.3043670907634506,5.482833098580197,-16.009888404153262,-7.762689931884254,2.9062817070265328,-8.227865823436016,-17.029484548661856,3.6702811762346745,4.068874892595697,-16.910330356198266,-18.703462253949976
3.215676894208062,-1.4905584634671456,0.1786326445723634,0.987871833600613,-1.549037704128368,2.639136497560764,-0.39819372704237666,-3.90973119562545,0.4524169225211269,4.720925006693246,-0.22852708689468676,1.8193524492881932,-4.819382598215136,-3.523571631903689,0.4792907957414084,0.2764179747043002,-0.26351233931128365,-1.3709063397025392,1.8185578735453733,-3.4271059328994617,0.08199829926613994,1.001853754990608,-4.2025801622005625,1.8387680003337177,2.195386666577587,2.2681558168775267,1.2267852867052027,-4.890169772490005,-1.9333883072000775,1.938420450332258,1.8932059332914284,1.673597641541255,3.072685937218964,0.24498178230151485,-1.1315670631159194,3.961935085406256,2.0175599085754534,-0.6162446447939796,2.0466016920257455,3.7737472769655334,-0.6491219602383037,-0.8768787635021601,3.406675102838648,4.329932626961862
5.839004948937845,-2.1633990509017482,0.20958974719762988,1.1476829882531843,-3.2187436664266182,3.8339263210401486,-0.8271429986402508,-7.589046392849213,0.8135898963142638,8.548526673357587,-0.6320463668126285,3.4089652485306408,-8.684043933088306,-6.737862616744243,0.569247825132742,0.12138189296566121,-1.3375605051109032,-3.114039203722322,4.2761882678411,-6.671934443956192,-0.08426046630811225,1.4986075168261412,-7.908508121427723,2.195386666577587,3.7599812474247396,4.089055336088029,2.5516705007651743,-8.12826072420958,-3.9921946615473045,3.9676956418241063,3.106201823690078,3.1252737374602284,5.725790949095923,-0.7474047807498214,-2.031979268799196,6.790204942056213,3.3302209279871895,-1.0708248731033219,3.4389748102487094,7.108200393229418,-1.2133405449342423,-1.4530703464566956,6.923083684879591,8.00466860825601
7.099744760770329,-2.468303092006868,0.2799572276554286,1.249935813797341,-3.8026928307718433,4.345899922397737,-0.6667203802134601,-9.18535523202143,1.468758007181224,10.06525492234305,-0.7604187367849521,4.0755075570254995,-10.388086622842437,-7.5535540363740505,0.6774921909088892,0.03562271376375413,-1.8418440999871675,-3.65960923923621,5.094466829138828,-8.410744221700522,-0.055609627804947694,1.8888350161108345,-9.213720416504112,2.2681558168775267,4.089055336088029,4.895831259540704,3.0762677323494554,-9.347506201035479,-5.119637417393655,4.560323274442668,3.559014668571458,3.6230298328479815,6.69616875778335,-1.2713728154670596,-2.3941956382333154,8.173618957877348,3.781951824048055,-1.4086792126489935,3.852989080471503,8.50986801806784,-1.411488600557424,-2.2498212346260584,8.405050032769422,9.478607551824927
4.5604925097540265,-1.6748778075370097,0.17721950920498616,0.6744466029585287,-2.4775029630038783,2.9189904360247745,-0.5163714673125516,-5.7934271593657884,0.963599037772059,6.49060800507599,-0.5840408967382992,2.627914472977736,-6.869365172709965,-4.882575515855787,0.732968522086099,0.06730038652511838,-1.0738604042887594,-2.5520543871863253,3.7830932551597876,-5.4767403355551885,-0.024371858369163522,1.2361538165702768,-5.964678447414803,1.2267852867052027,2.5516705007651743,3.0762677323494554,2.2292161634215915,-5.476148334125066,-3.52967950241457,2.976447153762028,2.1988115712375804,2.43015717649348,4.168680032315091,-1.2970001850427197,-1.5623104145562834,5.153353024525912,1.9503600396852985,-0.5645712954632245,2.5101523613202357,5.534253110976101,-0.9090217033798592,-1.5768005234319675,5.535515118005856,5.92458700679956
-14.251967563571936,4.950002183953802,0.13237012747548874,-1.8478072499954026,8.368892223866187,-8.570496103254381,1.4886113568729622,19.299373595848643,-3.3103709754563995,-21.817239374842853,1.4023596465975867,-7.527676028993395,20.208290602044375,16.358072587288323,-0.3969547015023509,-0.046596897083384235,3.248598573274453,7.063092642581287,-9.89337984605689,16.58309998363199,-0.1496693872918129,-3.5100792350612333,19.180476380601025,-4.890169772490005,-8.12826072420958,-9.347506201035479,-5.476148334125066,21.487949458034475,10.299083407157914,-9.277503187021694,-7.194279798201819,-7.6605978607920555,-14.073520072465913,0.9740799502199637,6.135722785511443,-16.79257998842753,-9.21739592898973,3.8252342417303318,-8.866300261100715,-17.514897105633548,4.401981864532165,3.944550118595941,-17.15829322751334,-19.499635803855266
-8.017830424372134,2.705263009140039,-0.08673370548758835,-0.7752562411808314,4.499676830875365,-4.730179803239148,0.5791438075430014,10.52299195561651,-2.3529290018038664,-11.77821764301119,0.9236414692833947,-4.282296077395434,11.526120821693121,8.369440689338928,-0.8215868901714231,0.03556003690463318,1.8708795605091828,4.187098278297844,-6.2459820700952315,9.751002389014,-0.1581751370328155,-2.1780579048576785,10.323558865810037,-1.9333883072000775,-3.9921946615473045,-5.119637417393655,-3.52967950241457,10.299083407157914,6.471235579056436,-4.960086299026633,-3.667109115546321,-4.21090564432486,-7.315877076965084,1.8464039122581626,3.231486187121868,-9.135709259297602,-3.9505529738151086,1.5605679571661555,-4.566401250538972,-9.73185727988679,2.260599117706315,3.016226051120032,-9.743781671340464,-10.285049743978174
6.720165731557849,-2.26025386072906,0.043270565039396046,0.8440860127446244,-4.001577040490885,3.9021975017179575,-0.9021333238621392,-9.054533967087522,1.2435593341811184,10.008777152120322,-0.81625421787186,3.7902823244942603,-9.839000842432833,-7.875118212006925,0.4090482602297326,-0.029819258378041773,-1.8839003374893872,-3.7503162942978325,5.3199835904198,-7.978058778272677,-0.12661961207508748,1.5645987225302698,-9.18667124398864,1.938420450332258,3.9676956418241063,4.560323274442668,2.976447153762028,-9.277503187021694,-4.960086299026633,4.6832497109385836,3.347870273243359,3.6839083531557772,6.647040699344191,-1.2914932554863778,-2.5785495396068416,7.703813247265327,3.799966651602576,-1.4200219496229975,3.9465116214659384,8.341692815104683,-1.68662419471463,-1.7642439485962922,8.369175518095481,9.257808606235203
5.2137537955526145,-1.9539596683897393,0.15289396151268683,0.9665796914969823,-2.8142849715590006,3.40846420262014,-0.5732112088100445,-6.715946984778458,1.0130524619504586,7.583581996094934,-0.5426061505626228,2.93974113897424,-7.661863188276857,-5.7191725589256315,0.523039036973923,0.11324410731070876,-1.1241638534802958,-2.630592100472436,3.688726835889561,-6.036610434270044,2.6157540637459516e-4,1.3876685835412428,-6.861783231372036,1.8932059332914284,3.106201823690078,3.559014668571458,2.1988115712375804,-7.194279798201819,-3.667109115546321,3.347870273243359,2.6983615681535906,2.71864476644471,4.969150167657346,-0.6560547604828239,-1.8816109618855261,6.089246550755664,2.909173476637327,-1.0336375129309847,3.0197629311886596,6.280764963696104,-1.1437381357460994,-1.5510139521542337,6.123137563218517,7.008670770565395
5.528436666184341,-1.9955268787187872,-7.100268211795231e-4,0.6536461691878102,-3.256572207645871,3.44167454530448,-0.6749499793220598,-7.347035852226623,1.2401793762911708,8.371839825928948,-0.6478779754514418,2.9932286318355197,-8.08567232757249,-6.347870209089677,0.4958069460351305,0.06642985006004302,-1.231675930187332,-2.970576029557882,4.359565877331645,-6.53526637681903,0.03151601537876662,1.3978724929824868,-7.470029136809089,1.673597641541255,3.1252737374602284,3.6230298328479815,2.43015717649348,-7.6605978607920555,-4.21090564432486,3.6839083531557772,2.71864476644471,3.0749707315784343,5.329580366033528,-0.9509600039805247,-2.294850455993994,6.3995426343819615,3.029196060019183,-1.108784741086441,3.4014633068424023,6.846106262256982,-1.5903013255774627,-1.6600184015880006,6.781553123332187,7.411616644103015
9.984216890559024,-3.3693104353083205,0.07289530108286187,1.3336467113789061,-5.78471722484085,5.856572632770466,-1.0977892281744352,-13.391367419444034,2.1333659256027877,14.842084407728578,-1.0928772454275226,5.504046695047412,-14.393544004723228,-11.318387718710035,0.5134442921840738,-0.028248521814060273,-2.6055380553317895,-5.238182404235914,7.36619942221325,-11.800384922055885,-0.05022321920943373,2.4416282733433734,-13.383752530557654,3.072685937218964,5.725790949095923,6.69616875778335,4.168680032315091,-14.073520072465913,-7.315877076965084,6.647040699344191,4.969150167657346,5.329580366033528,9.754465605204322,-1.4673582761584385,-3.911992931521585,11.55459459308761,5.879856368018086,-2.331724213643524,5.856450753269684,12.241268554874663,-2.625045589823185,-2.830509588395919,12.160528729217567,13.60205139634159
-1.874764251077255,0.5365193969886461,-0.1439663645322003,-0.03962061499340193,1.0161909609528808,-0.8734674196448684,0.1689653119011662,2.2923712455865077,-0.5164423178691979,-2.2606857071081734,0.4151150943265693,-1.2146250726136847,3.005494476849853,1.6993052802823105,-0.5685317611311095,0.10125146760145252,0.8377311765905799,1.3985491312958764,-2.260020279052404,2.629974446911705,0.13046339847563623,-0.4628743286959937,2.3043670907634506,0.24498178230151485,-0.7474047807498214,-1.2713728154670596,-1.2970001850427197,0.9740799502199637,1.8464039122581626,-1.2914932554863778,-0.6560547604828239,-0.9509600039805247,-1.4673582761584385,1.6994291483336805,0.36996988469942854,-1.8284708194121877,0.03595370458176615,-0.13795200985855613,-0.6263428227648459,-2.2901935142352112,0.04160536455550581,0.9657616205185321,-2.5886248718669,-2.2411303733399217
-4.015039069502715,1.4112610725679993,0.21650945309108008,-0.16395757142700912,2.5390366881531605,-2.3976140696759676,0.41420628556587646,5.5535946039004545,-1.2340868761543957,-6.52036622552656,0.43532928357017725,-1.9172883989245124,5.611485281227421,4.727479022957999,-0.12266596302026417,-0.0103734135073509,0.7201094246641837,2.0358354916848915,-3.1032244378354816,4.738188632633563,-0.162803191529894,-0.9764545297201704,5.482833098580197,-1.1315670631159194,-2.031979268799196,-2.3941956382333154,-1.5623104145562834,6.135722785511443,3.231486187121868,-2.5785495396068416,-1.8816109618855261,-2.294850455993994,-3.911992931521585,0.36996988469942854,2.1122998568288236,-4.718798959150794,-2.5214332207104007,1.0696046386609857,-2.7465906225421923,-5.057579227498286,1.6878482808605315,1.2520992770623482,-5.007419095373958,-5.344929126324872
12.334248089308353,-4.428716961851957,0.23751678794419967,1.8660784147083482,-6.738045394637612,7.715260844904077,-1.0732766712072999,-16.03582610343463,3.0055467491825114,18.01983905945749,-1.2870791066276823,6.735333233902381,-17.850018889986817,-13.164831022104497,1.1338344069611035,0.13211158355908423,-2.7244307305604973,-6.159041489170546,8.82526042405276,-14.561511613287466,0.13614802309047974,3.3190916653554465,-16.009888404153262,3.961935085406256,6.790204942056213,8.173618957877348,5.153353024525912,-16.79257998842753,-9.135709259297602,7.703813247265327,6.089246550755664,6.3995426343819615,11.55459459308761,-1.8284708194121877,-4.718798959150794,14.33006860311317,6.7427870945873565,-2.600897626563124,7.100509020959671,14.860950725485463,-3.080163459225455,-4.104368543893031,14.606282014355335,16.288801025224775
5.682779488764013,-1.7289349554474411,-0.09888720719748544,0.7031728049271937,-3.454896770909087,3.0609527504172656,-0.5566302288521551,-8.021585585373261,1.273890302852588,8.811247741095892,-0.4781462669622015,2.979066669480892,-7.785902892556746,-6.724934583116546,-0.3306611638958073,-0.11309055367643067,-1.5676295961832427,-2.73635111164096,3.574288731002526,-6.58677576589479,0.01910282086807041,1.3015750390240377,-7.762689931884254,2.0175599085754534,3.3302209279871895,3.781951824048055,1.9503600396852985,-9.21739592898973,-3.9505529738151086,3.799966651602576,2.909173476637327,3.029196060019183,5.879856368018086,0.03595370458176615,-2.5214332207104007,6.7427870945873565,4.308080101066927,-1.9608235662413858,3.556126797951868,7.0026731759033165,-1.9164149033144378,-1.304987026088329,6.860878916163895,8.023598546509575
-2.1787133598465895,0.4641850711374509,0.13045360094830083,-0.11413981233439725,1.4250651345546044,-0.7937752010383392,0.05518030851836154,3.300334320945673,-0.7239592106624612,-3.395031063819751,0.1457300850226671,-1.0442313722468441,2.7223328837446252,2.4980797019594014,0.4669271096031942,0.1665180365423587,0.8615921862582966,0.9353231000885351,-1.138105795241701,2.663869044836077,-0.0066636994364445085,-0.4282363442114818,2.9062817070265328,-0.6162446447939796,-1.0708248731033219,-1.4086792126489935,-0.5645712954632245,3.8252342417303318,1.5605679571661555,-1.4200219496229975,-1.0336375129309847,-1.108784741086441,-2.331724213643524,-0.13795200985855613,1.0696046386609857,-2.600897626563124,-1.9608235662413858,1.1298980651673896,-1.2944352928439662,-2.6869761071325597,0.8862767143252497,0.5427122730391382,-2.7015925826324314,-3.161728059627994
6.03737118692123,-2.2861223798509624,-0.08642963536991874,0.686212799283524,-3.5893325437319845,3.951910111608795,-0.7616635136318992,-8.052153351896305,1.4188345884523492,9.462416180370985,-0.6606277247622718,3.147642670457462,-8.75168039741371,-7.063810924050654,0.5016371168870245,0.1357683326401091,-1.0432203779765046,-3.1253260044171522,4.6153733898555895,-6.983378309727505,0.1421242966628788,1.5591140695770878,-8.227865823436016,2.0466016920257455,3.4389748102487094,3.852989080471503,2.5101523613202357,-8.866300261100715,-4.566401250538972,3.9465116214659384,3.0197629311886596,3.4014633068424023,5.856450753269684,-0.6263428227648459,-2.7465906225421923,7.100509020959671,3.556126797951868,-1.2944352928439662,3.9797082232196432,7.507533947940474,-2.02606815368227,-1.7621496610619327,7.32478015621838,8.082908078051245
12.894058291128475,-4.4959919506506685,0.1275638872607235,1.647374237391699,-7.329880845018021,7.7895323551163465,-1.296208842833124,-17.01502097396538,3.0475412390487184,19.063723156556186,-1.4549308758807513,7.053295375354521,-18.691637158443864,-14.192450174700632,1.072689314975555,0.03516472485173152,-3.0960522584714925,-6.74967631568009,9.75369238290419,-15.333540350296325,0.051338253069062756,3.3021415714526237,-17.029484548661856,3.7737472769655334,7.108200393229418,8.50986801806784,5.534253110976101,-17.514897105633548,-9.73185727988679,8.341692815104683,6.280764963696104,6.846106262256982,12.241268554874663,-2.2901935142352112,-5.057579227498286,14.860950725485463,7.0026731759033165,-2.6869761071325597,7.507533947940474,15.743955817555662,-3.3761855120398625,-4.096510159606611,15.643812079788642,17.177094901947005
-2.591218039930593,0.8097048201136005,0.2680224844456419,0.15130706014841075,1.8281061707178006,-1.422483493556105,0.25794124633241877,3.8323833995525827,-0.9829665468067781,-4.6044308213266305,0.2570154611998703,-1.0941241009550238,3.428873279756366,3.2566801408359742,0.114930104849674,0.049089449048323,0.40605272926887315,1.3111098388786944,-2.0257336764810705,3.065536775321877,-0.19930139048959006,-0.6261507611169089,3.6702811762346745,-0.6491219602383037,-1.2133405449342423,-1.411488600557424,-0.9090217033798592,4.401981864532165,2.260599117706315,-1.68662419471463,-1.1437381357460994,-1.5903013255774627,-2.625045589823185,0.04160536455550581,1.6878482808605315,-3.080163459225455,-1.9164149033144378,0.8862767143252497,-2.02606815368227,-3.3761855120398625,1.5614745473256635,0.7779636757793073,-3.324462993619941,-3.4343135108361733
-3.5989772073650252,1.3229772614623962,-0.20111638581797187,-0.5247222405113925,1.6411593203401216,-2.3396155149632496,-0.08669891793448772,4.3123603804269495,-1.4536970751117109,-4.838348255025857,0.35156642596500226,-1.8958332129026276,5.160175410498983,2.8762232658184304,-0.7247457411595197,-0.058033039345792015,0.6194186176180774,1.5910722818141947,-2.4876836184406184,4.472154522712182,-0.21006302966561063,-1.2328412944448277,4.068874892595697,-0.8768787635021601,-1.4530703464566956,-2.2498212346260584,-1.5768005234319675,3.944550118595941,3.016226051120032,-1.7642439485962922,-1.5510139521542337,-1.6600184015880006,-2.830509588395919,0.9657616205185321,1.2520992770623482,-4.104368543893031,-1.304987026088329,0.5427122730391382,-1.7621496610619327,-4.096510159606611,0.7779636757793073,1.962665586781848,-4.023558068536432,-4.15928017519585
12.75797680795247,-4.312292160076265,0.06321591402559144,1.4401424787169248,-7.375873252614614,7.404427572324143,-1.2979309718621033,-16.976318215202294,3.0462872237043404,18.83392483407951,-1.506249427898475,6.982830670912344,-18.46954923946176,-14.124061030179096,0.9315091422480842,-0.0701801011452921,-3.334274597878746,-6.821946836126382,9.89604654004889,-15.321997164601934,-0.02873035424699237,3.1428615759042726,-16.910330356198266,3.406675102838648,6.923083684879591,8.405050032769422,5.535515118005856,-17.15829322751334,-9.743781671340464,8.369175518095481,6.123137563218517,6.781553123332187,12.160528729217567,-2.5886248718669,-5.007419095373958,14.606282014355335,6.860878916163895,-2.7015925826324314,7.32478015621838,15.643812079788642,-3.324462993619941,-4.023558068536432,15.712245975471859,17.081009036094258
14.088904798535975,-4.849271190487743,0.16665647082248392,2.004611728275602,-8.007758864914624,8.35937989699541,-1.4811296670644614,-18.69355045364469,3.0404917928782846,20.67764750538272,-1.5585834188030627,7.807040499290429,-20.41236910287075,-15.68382907247706,0.8941533770004274,-2.572885399553544e-4,-3.656461478906949,-7.34042043416398,10.367124490543313,-16.69079449000455,-0.08982546387708004,3.4766662421948187,-18.703462253949976,4.329932626961862,8.00466860825601,9.478607551824927,5.92458700679956,-19.499635803855266,-10.285049743978174,9.257808606235203,7.008670770565395,7.411616644103015,13.60205139634159,-2.2411303733399217,-5.344929126324872,16.288801025224775,8.023598546509575,-3.161728059627994,8.082908078051245,17.177094901947005,-3.4343135108361733,-4.15928017519585,17.081009036094258,19.1195270228866
