V1,V2,V3,V4,V5,V6,V7,V8,V9,V10,V11,V12,V13,V14,V15,V16,V17,V18,V19,V20,V21,V22,V23,V24,V25,V26,V27,V28,V29,V30,V31,V32,V33,V34,V35,V36,V37,V38,V39,V40,V41,V42,V43,V44
484.15535226584814,-169.8525024981862,6.1975456338195505,64.57914425930312,-274.18212783428504,294.8223606508316,-50.43290601814778,-637.6265097428777,110.54983708224717,714.2385477785588,-54.68321602000985,266.4622053750049,-704.2560999537084,-534.538179615406,41.65750593910318,2.043565924193514,-115.50733603339569,-254.57956695033155,366.8311266088344,-574.3713786379592,1.0269635323036375,124.14770289305967,-640.7442911416705,144.13759498563903,270.29430943121326,321.1044335863906,209.16032253922307,-656.0569902320078,-363.289390667664,314.5071069543401,237.3517958243126,257.3006352534905,460.32765329523994,-86.09574147470052,-187.61394681281888,558.032289916633,262.17656361551036,-98.49694079697274,281.62047510503146,590.7299922810313,-123.93083389210581,-151.58682419546366,586.5983154315002,645.9131808843224
-169.8525024981862,59.79229350678306,-2.1162027312293055,-22.958052493806072,96.30265600699472,-103.57854718794802,17.473276469889633,223.52476526336875,-39.01604275521054,-250.153416761144,19.020711248811736,-93.48443884097723,247.04231279746142,187.1390748709828,-14.660318779694142,-0.5980776451192729,40.28799754159711,89.22974789000398,-128.45666620151903,201.63999190823282,-0.1881115122368194,-43.7312956439117,224.7042914002477,-50.62568727773624,-94.67536192101669,-112.5972300792311,-73.36512454687136,230.00943414490789,127.34294249802265,-110.17090352112653,-83.36563162415209,-90.26659411929916,-161.60035768142092,30.147161663980196,65.69929433074637,-195.95738423024835,-92.04620905817526,34.49317454980901,-98.6798013383924,-207.0315329923124,43.503951540701195,53.21281110982061,-205.87788658131853,-226.63757993519442
6.1975456338195505,-2.1162027312293055,0.5093306775011287,1.0943520431195557,-2.8363549581315595,3.862626954686195,-0.671191720773725,-7.979313092632573,0.9104253058435811,9.145663987809892,-0.8294433523394543,3.5660531224977334,-9.175871783886834,-6.783595805699145,0.7199607786157006,0.38660071979898847,-1.6518254548048388,-3.122219090732132,4.41480104813028,-7.036534390922516,0.28565603858804367,1.5305529257894617,-7.923126972302372,2.1504084108383212,3.802024945917113,4.349173475417617,2.6272261147451577,-8.287136543806017,-4.44117362058154,3.988683454107381,3.0298385072524185,2.9919656250934983,5.53523457507756,-0.8518611398593894,-2.086195509135628,6.83868649859435,3.175721589492311,-1.190483477831183,3.4737196964375054,7.527171153374278,-0.9387484146226174,-2.076558193516241,6.831813159826772,8.14036003753248
64.57914425930312,-22.958052493806072,1.0943520431195557,9.516060010727356,-36.27334483218709,39.724286239133434,-6.512603542356053,-84.56951244423368,14.510303393607865,94.35394623897643,-7.081593772640012,35.8172496017548,-94.11388957110371,-70.68476350763481,5.770964870006446,0.3006596376847117,-15.25003232156228,-33.74230755680752,48.221118484076094,-76.54861693074012,-0.10460029078484441,16.811099627822657,-85.19661630999487,19.78006494046389,36.30979125006061,43.10140070279555,27.88019456701413,-87.17678841860037,-47.87229964868969,41.75703966504252,31.97428414077625,34.109915814068515,61.451497004917584,-11.189606628186477,-24.36807022455758,74.62053272436492,35.01359067907184,-12.95994716163104,37.15552803356356,78.380602359528,-15.859085189559318,-20.15461102837046,77.89919440465165,86.28070595449343
-274.18212783428504,96.30265600699472,-2.8363549581315595,-36.27334483218709,156.4342393482597,-166.784238983323,28.635245640206854,361.44356407195875,-63.13999618626501,-404.4282663484639,30.77396860230574,-150.7547245076234,398.66684620448154,303.0671546030329,-23.222656911039614,-0.5730633086923005,65.26364621909799,144.51659582496944,-208.25900864454354,325.74714790061404,-0.01672677232964596,-70.31636542699971,363.4923467119563,-81.19727113910129,-152.73509911846566,-181.56607894907623,-118.57648080423387,371.80700900136935,205.90355919906708,-178.36040397417585,-134.52570640638905,-146.24092522023955,-261.44749561724916,49.148005414948734,106.63903482094896,-316.4943742669143,-148.88438975613175,55.87520572829435,-159.68683000877243,-334.6318099018085,71.08346235060411,85.35885699751255,-333.37477193083174,-366.23076313943545
294.8223606508316,-103.57854718794802,3.862626954686195,39.724286239133434,-166.784238983323,179.88152842197115,-30.487331604474505,-387.87969886745765,67.57036952059296,434.30321086491364,-33.09860899219137,162.33590017161495,-428.8281444001677,-324.75462040113536,25.577651616026394,1.1726069929410547,-70.06678020928548,-154.71937009199019,222.81225418661202,-349.79295462194466,0.5380934934239041,75.91062514372314,-389.804216401091,88.11974597254758,164.50808257770476,195.60871297993975,127.31515798393775,-399.1456731904457,-221.0226647915971,191.15118657709286,144.67750026577576,156.55429724693508,280.18275303301624,-52.324868399736815,-113.94106708178626,340.07972769874885,159.53849191385228,-59.90444980601174,171.20469134530222,359.3823380765089,-75.25895838704791,-92.54586015660755,356.9764094626241,393.1063700273066
-50.43290601814778,17.473276469889633,-0.671191720773725,-6.512603542356053,28.635245640206854,-30.487331604474505,5.7470962729987844,66.7243204496579,-10.853081586606791,-74.81305559550209,5.905077670640161,-27.901553251123737,73.53565091804938,56.57252158143183,-4.145484638194273,-0.28600281901684776,12.516827633296478,26.819154616065862,-38.62310558430091,59.648851227232534,-0.064012054079876,-12.586947103543789,67.16723072796285,-15.050015058367062,-28.65084598075074,-33.67296679308313,-21.880534627348553,68.70094722107852,37.70989632042581,-33.27778624785582,-24.779552845716022,-26.917967677145953,-48.16246428319947,9.07026357427038,19.5361706130019,-57.960320751042346,-27.42742534408538,10.334525328682286,-29.466166743841267,-61.86027787085239,12.715162238665128,15.297751463793668,-61.23932339249846,-67.63917700692204
-637.6265097428777,223.52476526336875,-7.979313092632573,-84.56951244423368,361.44356407195875,-387.87969886745765,66.7243204496579,840.2352584967476,-145.34466033224433,-941.311121547502,72.21424205283517,-350.842614479157,927.5195170281318,704.8877850711015,-54.57336663402012,-2.6863341759429824,152.42810125606948,335.6633366740344,-483.8010777194202,756.4539353306441,-1.3578820402935299,-163.1535508035479,844.3652249928333,-189.43584099658295,-356.07208779930363,-422.80696475562615,-275.54693517768055,864.4542218136694,478.6631022855059,-414.66538780511934,-312.46668609907505,-339.08841699033883,-606.5057697203642,113.56325219267043,247.4515881312246,-734.7109950327992,-345.46175799038366,129.8221178606301,-371.2241514695136,-778.375325010214,163.53618926064564,199.2771043468661,-772.9501162404831,-850.9721551502229
110.54983708224717,-39.01604275521054,0.9104253058435811,14.510303393607865,-63.13999618626501,67.57036952059296,-10.853081586606791,-145.34466033224433,26.87724953210638,162.6315424284118,-12.082549130713334,60.415954533022855,-160.31388596158686,-120.75969144000283,9.631888308735842,-0.021738322010183244,-25.50078824465188,-57.74463283315732,83.466883223600007,-131.71642233043627,0.13737846550771154,28.933829568973568,-145.8749272841129,32.56230573688281,60.57554945123261,72.73301717354516,47.658160694939895,-149.3554670927614,-83.5135911705211,71.01505627874914,54.0567306973601,58.90728599253405,105.00228385539135,-19.87048446181706,-43.28855231078644,128.0185423333052,59.73740921286255,-22.521323260979425,64.27468029706122,134.49417745386117,-29.362813519101007,-35.35758795210538,134.386651834079,146.86486084497918
714.2385477785588,-250.153416761144,9.145663987809892,94.35394623897643,-404.4282663484639,434.30321086491364,-74.81305559550209,-941.311121547502,162.6315424284118,1055.0375196409686,-81.14028081677509,392.9102578607364,-1038.9415608980987,-789.8017626222357,61.190539635626735,3.3251187106292686,-170.92816494703658,-375.96828204796975,542.114884018027,-847.1217975746908,1.9800438329175964,182.5744430066422,-945.6584393156862,212.04238118222935,398.8809885435486,473.5762772331451,308.5909117912484,-968.3959296328723,-536.4428945458847,464.4902603284388,349.74654968334954,379.65794347578736,678.948440863204,-127.16179547134007,-277.37746252026335,822.5660536434411,386.7414314095604,-145.46682865899564,415.9843544587747,872.1148241439745,-183.10424182534817,-223.50372357749515,865.4022934253711,952.9335474102231
-54.68321602000985,19.020711248811736,-0.8294433523394543,-7.081593772640012,30.77396860230574,-33.09860899219137,5.905077670640161,72.21424205283517,-12.082549130713334,-81.14028081677509,6.39005716900861,-30.11198608030703,79.62694019079159,60.881823585873775,-4.641839396791995,-0.4438465973721631,13.334211124749865,28.891789958600008,-41.705712279623974,64.69377135174669,-0.31802959434082273,-13.7708503350096,72.49141339468139,-16.196105191895352,-30.75394033600965,-36.335306084846316,-23.63349149669979,74.30125149161599,41.089582250865824,-35.76006227693458,-26.700227835818907,-29.01710964024978,-51.8943861253743,9.707939970423936,21.27079647664005,-62.7104186483238,-29.580682974382412,11.163544179954984,-31.949744542188714,-66.95785005029231,13.848761685010205,17.02928019755316,-66.09692619085702,-73.01581082425842
266.4622053750049,-93.48443884097723,3.5660531224977334,35.8172496017548,-150.7547245076234,162.33590017161495,-27.901553251123737,-350.842614479157,60.415954533022855,392.9102578607364,-30.11198608030703,146.8508172350958,-387.74983210381197,-294.31891211580984,22.95312078785719,1.1878209409682463,-63.74344381437301,-140.13921336055725,201.75452267421142,-315.971341217767,0.4724593528276543,68.27782821414527,-352.68620967125656,79.60062583153741,149.1190144797617,176.96137036120714,115.14054109987848,-361.07988166790756,-199.62830356417842,173.23326499160137,130.7846204377685,141.54394847619173,253.42184224280746,-47.30074635042421,-102.95531501300569,307.104806470316,144.33573263458157,-54.16449235712257,154.8668433429321,325.0925600571457,-67.79686984551714,-83.19966727882537,322.7068147408751,355.66551732310904
-704.2560999537084,247.04231279746142,-9.175871783886834,-94.11388957110371,398.66684620448154,-428.8281444001677,73.53565091804938,927.5195170281318,-160.31388596158686,-1038.9415608980987,79.62694019079159,-387.74983210381197,1024.5878388512865,777.8599434686932,-60.575601817998546,-3.1064358245604864,168.2535871572702,370.40293462405475,-533.6049290336447,835.3275507302666,-1.4728777659098427,-180.44403391252695,932.1441583657564,-209.8383927492345,-393.5314883524375,-467.2862925001425,-304.2814096981765,954.4029662921749,528.2062944227172,-457.702523348023,-345.3410248200076,-374.22266967523706,-669.6563714594799,125.14873400125876,272.70047055687934,-811.5908809266384,-381.41562237255613,143.25198558319047,-409.6079710220658,-859.3444401663381,179.8927008331971,220.26068231691528,-853.1281936254225,-939.7640893278999
-534.538179615406,187.1390748709828,-6.783595805699145,-70.68476350763481,303.0671546030329,-324.75462040113536,56.57252158143183,704.8877850711015,-120.75969144000283,-789.8017626222357,60.881823585873775,-294.31891211580984,777.8599434686932,592.3376300421812,-45.44707702751204,-2.4579568224450763,128.50793543099985,281.9088926196322,-406.25768231536597,633.8754904643608,-1.1122369361173405,-136.19933151789638,708.5227114602072,-158.7477263629776,-299.23547415550786,-354.7381340148758,-231.13201769588778,725.2762249609046,401.07571575838955,-348.43977220574965,-261.9870435255138,-284.3929221796713,-508.7813692683562,95.25589979900697,207.4417712000458,-615.5182093078439,-289.8444479609274,108.90286360701505,-311.44786413279337,-653.0315844725769,136.755915113483,166.30239176018145,-648.136686116494,-714.0227605038801
41.65750593910318,-14.660318779694142,0.7199607786157006,5.770964870006446,-23.222656911039614,25.577651616026394,-4.145484638194273,-54.57336663402012,9.631888308735842,61.190539635626735,-4.641839396791995,22.95312078785719,-60.575601817998546,-45.44707702751204,3.8017084919302064,0.276930053543566,-9.785956247921506,-21.636296653550243,31.15626921854494,-49.34568397294843,0.2244157425747943,10.863051078580956,-54.738887620809216,12.613522654275023,23.191921477148327,27.674177540003303,17.92489819722657,-56.175512893898656,-31.198335786284286,26.747879845032728,20.420631315944348,21.936399514219783,39.30343824066367,-7.268758618741439,-15.959859015635985,48.0290810138382,22.370977101326638,-8.417003353266953,24.05525671030855,50.627452764633254,-10.429928194002363,-13.37764247261475,50.068677908178444,55.279186301902904
2.043565924193514,-0.5980776451192729,0.38660071979898847,0.3006596376847117,-0.5730633086923005,1.1726069929410547,-0.28600281901684776,-2.6863341759429824,-0.021738322010183244,3.3251187106292686,-0.4438465973721631,1.1878209409682463,-3.1064358245604864,-2.4579568224450763,0.276930053543566,0.4011729757274281,-0.727214024507248,-1.0391877126447773,1.5284811007517416,-2.128552953896184,0.3545514077627097,0.3460512868037834,-2.547669733897428,0.705333905324159,1.414054631683218,1.5007331927323821,0.842241466728632,-2.7956898543302096,-1.4947648180249495,1.3891234437768676,0.8867241946919509,0.8464603922104965,1.594164887143714,-0.17317579529832824,-0.6833424604852302,1.93724603485625,0.9442035669538601,-0.39445376071793364,1.2059517626599903,2.6029273794309122,-0.05364367471597235,-0.7646489064890127,1.9042278262791137,2.624981216721568
-115.50733603339569,40.28799754159711,-1.6518254548048388,-15.25003232156228,65.26364621909799,-70.06678020928548,12.516827633296478,152.42810125606948,-25.50078824465188,-170.92816494703658,13.334211124749865,-63.74344381437301,168.2535871572702,128.50793543099985,-9.785956247921506,-0.727214024507248,28.133122347206307,61.041317163413765,-87.9297542114191,136.73580174996795,-0.32971036372075857,-29.19344311884627,153.24099366097605,-34.427499089022795,-65.08245261250676,-76.87852163801756,-49.97780831566285,156.89944490920576,86.509856007357115,-75.58446806959174,-56.63363516091492,-61.39468516619165,-109.91872343541769,20.539216756396762,44.7033501249394,-132.77112332500195,-62.6281468701311,23.548107725587474,-67.32696712205068,-141.29830601608677,29.177224114140344,35.705621073637225,-139.8649362608835,-154.4557125977839
-254.57956695033155,89.22974789000398,-3.122219090732132,-33.74230755680752,144.51659582496944,-154.71937009199019,26.819154616065862,335.6633366740344,-57.74463283315732,-375.96828204796975,28.891789958600008,-140.13921336055725,370.40293462405475,281.9088926196322,-21.636296653550243,-1.0391877126447773,61.041317163413765,134.24706502508454,-193.42388719502998,302.01747047696045,-0.4094760320984957,-64.97546062299074,337.440919470516,-75.5564716442413,-142.35907314607772,-168.86098536224912,-110.07729560311779,345.3597419843465,191.02779813465483,-165.8605285376069,-124.80983762800895,-135.49545999332057,-242.41764976032889,45.3885419627702,98.81167076669183,-293.2865581737196,-138.10288258895832,51.844463987605046,-148.30498526549385,-310.91738552117766,65.29395008364388,79.21299843190624,-308.84672456797034,-340.0761984504129
366.8311266088344,-128.45666620151903,4.41480104813028,48.221118484076094,-208.25900864454354,222.81225418661202,-38.62310558430091,-483.8010777194202,83.466883223600007,542.114884018027,-41.705712279623974,201.75452267421142,-533.6049290336447,-406.25768231536597,31.15626921854494,1.5284811007517416,-87.9297542114191,-193.42388719502998,278.92051745909146,-435.221678602402,0.7893992982734384,93.58010333717223,-486.1873449732356,108.62416033598555,204.88878677964672,243.14706652601956,158.5876535014442,-497.6854420214095,-275.58838386967653,238.92307382274342,179.65011988736418,195.2727136065461,349.1350349762267,-65.49780754807558,-142.69428530375384,422.51514610097536,198.8882550423452,-74.77943738006121,213.8530033023441,448.13207169487106,-94.39539647158217,-114.37016641285098,445.04949906617645,489.80846499425706
-574.3713786379592,201.63999190823282,-7.036534390922516,-76.54861693074012,325.74714790061404,-349.79295462194466,59.648851227232534,756.4539353306441,-131.71642233043627,-847.1217975746908,64.69377135174669,-315.971341217767,835.3275507302666,633.8754904643608,-49.34568397294843,-2.128552953896184,136.73580174996795,302.01747047696045,-435.221678602402,681.6963966597477,-1.0000760402192252,-147.4513324918002,760.2107971705277,-170.80209254883582,-320.2719240306268,-380.7093203023287,-248.146584436244,778.2552519021503,431.1378595585557,-372.972903241853,-281.5973083213867,-305.43385628030546,-546.3243869291169,102.27875379405192,222.7636734135528,-662.3176903530335,-311.1400506296306,116.87031331345965,-334.1296671431815,-700.698904456759,147.52674846868183,179.86697745968064,-696.3560614623715,-766.2755321954656
1.0269635323036375,-0.1881115122368194,0.28565603858804367,-0.10460029078484441,-0.01672677232964596,0.5380934934239041,-0.064012054079876,-1.3578820402935299,0.13737846550771154,1.9800438329175964,-0.31802959434082273,0.4724593528276543,-1.4728777659098427,-1.1122369361173405,0.2244157425747943,0.3545514077627097,-0.32971036372075857,-0.4094760320984957,0.7893992982734384,-1.0000760402192252,0.49237246675078866,0.16981457849609177,-1.0571713285924402,0.23284436445949186,0.54542839663705,0.649768828537547,0.3600379255456558,-1.3476258638691252,-1.0119588001863498,0.5361557784650568,0.24573100809004814,0.3117732033342214,0.4557451234057152,-0.06525055678777991,-0.5199544001978693,0.7872647157589983,0.2779196680366732,-0.2255946764606687,0.6863972582976606,1.3628608785649858,-0.10675090074820662,-0.7354128515529543,0.68133469728295315,0.9912142132401368
124.14770289305967,-43.7312956439117,1.5305529257894617,16.811099627822657,-70.31636542699971,75.91062514372314,-12.586947103543789,-163.1535508035479,28.933829568973568,182.5744430066422,-13.7708503350096,68.27782821414527,-180.44403391252695,-136.19933151789638,10.863051078580956,0.3460512868037834,-29.19344311884627,-64.97546062299074,93.58010333717223,-147.4513324918002,0.16981457849609177,32.21237351352668,-163.93111311055668,37.10914949540281,68.95990472122338,82.23738023216764,53.571983766634624,-167.8581600622624,-93.14889314282415,80.18690328368872,60.930593778912666,65.9209067326212,117.93170229727527,-22.043235538705584,-47.996750670870725,143.42706786827398,67.13092634046845,-25.198183382151843,72.00282682284991,151.12804203980352,-31.90193846209938,-39.218662055478475,150.3675417364396,165.32684303558273
-640.7442911416705,224.7042914002477,-7.923126972302372,-85.19661630999487,363.4923467119563,-389.804216401091,67.16723072796285,844.3652249928333,-145.8749272841129,-945.6584393156862,72.49141339468139,-352.68620967125656,932.1441583657564,708.5227114602072,-54.738887620809216,-2.547669733897428,153.24099366097605,337.440919470516,-486.1873449732356,760.2107971705277,-1.0571713285924402,-163.93111311055668,848.7459850290836,-190.47037413676165,-358.00245735334823,-424.9842307149245,-276.96184112202224,868.7658404304111,480.7533759635453,-416.8881409266734,-314.1885639557019,-340.87015244170703,-609.8239068860536,114.15717419515018,248.5015024008514,-738.4729981342219,-347.350842907901,130.4375423385137,-372.9777670924755,-782.1571598660069,164.26527138865754,199.87437356114955,-777.0202958543501,-855.4708506983584
144.13759498563903,-50.62568727773624,2.1504084108383212,19.78006494046389,-81.19727113910129,88.11974597254758,-15.050015058367062,-189.43584099658295,32.56230573688281,212.04238118222935,-16.196105191895352,79.60062583153741,-209.8383927492345,-158.7477263629776,12.613522654275023,0.705333905324159,-34.427499089022795,-75.5564716442413,108.62416033598555,-170.80209254883582,0.23284436445949186,37.10914949540281,-190.47037413676165,43.52182594531296,80.84529224123025,95.94990781432864,62.25274317910002,-195.0559847308413,-107.67799317720439,93.5078299899645,70.90732280925828,76.39768708838949,136.92079205444733,-25.444756181789142,-55.29446697667791,166.2573722681522,77.94787917425194,-29.23585109502029,83.49170371568898,175.61439345408212,-36.20521297961865,-45.11984595390216,174.17846193130066,192.259711840767
270.29430943121326,-94.67536192101669,3.802024945917113,36.30979125006061,-152.73509911846566,164.50808257770476,-28.65084598075074,-356.07208779930363,60.57554945123261,398.8809885435486,-30.75394033600965,149.1190144797617,-393.5314883524375,-299.23547415550786,23.191921477148327,1.414054631683218,-65.08245261250676,-142.35907314607772,204.88878677964672,-320.2719240306268,0.54542839663705,68.95990472122338,-358.00245735334823,80.84529224123025,151.7552351204706,179.74425565773245,116.85169345062435,-366.5228854555368,-202.3207259742645,176.12151170028014,132.69399071023392,143.55394380784588,257.11961828062465,-47.93582270743518,-104.32170668270304,311.24388913328465,146.46507912394267,-54.960784901554234,157.1628875903272,330.0026787413142,-68.38442058564726,-84.05564121872486,327.2048735288333,361.04946366581703
321.1044335863906,-112.5972300792311,4.349173475417617,43.10140070279555,-181.56607894907623,195.60871297993975,-33.67296679308313,-422.80696475562615,72.73301717354516,473.5762772331451,-36.335306084846316,176.96137036120714,-467.2862925001425,-354.7381340148758,27.674177540003303,1.5007331927323821,-76.87852163801756,-168.86098536224912,243.14706652601956,-380.7093203023287,0.649768828537547,82.23738023216764,-424.9842307149245,95.94990781432864,179.74425565773245,213.28283028768826,138.75066865489876,-435.1405380477142,-240.58633922514034,208.77353270922515,157.57150606734385,170.54532227861662,305.3082508503333,-56.991498068332284,-124.08034827174278,370.0222920119739,173.88198740846428,-65.28964502564085,186.6392885446525,391.7998682284623,-81.63892555503416,-100.30061894321898,388.7823195189881,428.55549079702604
209.16032253922307,-73.36512454687136,2.6272261147451577,27.88019456701413,-118.57648080423387,127.31515798393775,-21.880534627348553,-275.54693517768055,47.658160694939895,308.5909117912484,-23.63349149669979,115.14054109987848,-304.2814096981765,-231.13201769588778,17.92489819722657,0.842241466728632,-49.97780831566285,-110.07729560311779,158.5876535014442,-248.146584436244,0.3600379255456558,53.571983766634624,-276.96184112202224,62.25274317910002,116.85169345062435,138.75066865489876,90.39750739562905,-283.5153588244841,-156.9053247749146,136.0040869012076,102.57586598306298,111.23124412346381,199.00414276435407,-37.233333050790634,-81.06078139846223,241.09565989154038,113.34324548459409,-42.564890354649506,121.69621409947814,255.2590714201098,-53.562444014923756,-65.32286692930528,253.55375262061452,279.1825821498028
-656.0569902320078,230.00943414490789,-8.287136543806017,-87.17678841860037,371.80700900136935,-399.1456731904457,68.70094722107852,864.4542218136694,-149.3554670927614,-968.3959296328723,74.30125149161599,-361.07988166790756,954.4029662921749,725.2762249609046,-56.175512893898656,-2.7956898543302096,156.89944490920576,345.3597419843465,-497.6854420214095,778.2552519021503,-1.3476258638691252,-167.8581600622624,868.7658404304111,-195.0559847308413,-366.5228854555368,-435.1405380477142,-283.5153588244841,889.430965032725,492.33195594433397,-426.6949940827945,-321.5791784481028,-348.84317037992093,-624.0635744132434,116.7930696639149,254.4418751789748,-755.9492561352159,-355.4623481353112,133.549149609637,-381.87546347232364,-800.8424188051328,168.04528477841046,204.9443308192018,-795.2134967873817,-875.653039696984
-363.289390667664,127.34294249802265,-4.44117362058154,-47.87229964868969,205.90355919906708,-221.0226647915971,37.70989632042581,478.6631022855059,-83.5135911705211,-536.4428945458847,41.089582250865824,-199.62830356417842,528.2062944227172,401.07571575838955,-31.198335786284286,-1.4947648180249495,86.509856007357115,191.02779813465483,-275.58838386967653,431.1378595585557,-1.0119588001863498,-93.14889314282415,480.7533759635453,-107.67799317720439,-202.3207259742645,-240.58633922514034,-156.9053247749146,492.33195594433397,273.15512989448246,-235.84783937712945,-177.79978014491846,-193.16098368346627,-345.2328580467903,64.76046774562676,141.31276344990113,-418.6392894937859,-196.6239838604467,74.00230808114158,-211.58032350331692,-443.4016114334373,93.63531736983394,114.0959830812453,-440.32504858853,-484.35533439529394
314.5071069543401,-110.17090352112653,3.988683454107381,41.75703966504252,-178.36040397417585,191.15118657709286,-33.27778624785582,-414.66538780511934,71.01505627874914,464.4902603284388,-35.76006227693458,173.23326499160137,-457.702523348023,-348.43977220574965,26.747879845032728,1.3891234437768676,-75.58446806959174,-165.8605285376069,238.92307382274342,-372.972903241853,0.5361557784650568,80.18690328368872,-416.8881409266734,93.5078299899645,176.12151170028014,208.77353270922515,136.0040869012076,-426.6949940827945,-235.84783937712945,205.0161167645654,154.2390013892023,167.33601917036992,299.44913324437647,-56.02377895580673,-121.92975501867136,362.24858728825063,170.5883253773029,-64.04662388634537,183.17041692175718,384.15102446899294,-80.38205426098868,-97.75845589045626,381.38540662478874,420.19501210439273
237.3517958243126,-83.36563162415209,3.0298385072524185,31.97428414077625,-134.52570640638905,144.67750026577576,-24.779552845716022,-312.46668609907505,54.0567306973601,349.74654968334954,-26.700227835818907,130.7846204377685,-345.3410248200076,-261.9870435255138,20.420631315944348,0.8867241946919509,-56.63363516091492,-124.80983762800895,179.65011988736418,-281.5973083213867,0.24573100809004814,60.930593778912666,-314.1885639557019,70.90732280925828,132.69399071023392,157.57150606734385,102.57586598306298,-321.5791784481028,-177.79978014491846,154.2390013892023,116.5710431679102,126.17555989303766,225.88744278865784,-42.19265953125966,-91.71039302759479,273.7707665554976,128.6373357442018,-48.24658385248573,137.90459869865802,289.4784166430467,-60.556777569302426,-74.07692192641656,287.67744219059756,316.85222445654483
257.3006352534905,-90.26659411929916,2.9919656250934983,34.109915814068515,-146.24092522023955,156.55429724693508,-26.917967677145953,-339.08841699033883,58.90728599253405,379.65794347578736,-29.01710964024978,141.54394847619173,-374.22266967523706,-284.3929221796713,21.936399514219783,0.8464603922104965,-61.39468516619165,-135.49545999332057,195.2727136065461,-305.43385628030546,0.3117732033342214,65.9209067326212,-340.87015244170703,76.39768708838949,143.55394380784588,170.54532227861662,111.23124412346381,-348.84317037992093,-193.16098368346627,167.33601917036992,126.17555989303766,137.00809205630327,244.99284880933365,-45.95464623199425,-99.91668020455417,296.73956729965994,139.5226503718331,-52.41150001560243,149.79842944636133,314.04784702249145,-66.26586192525336,-80.28869041603387,312.2860051843241,343.4978490150708
460.32765329523994,-161.60035768142092,5.53523457507756,61.451497004917584,-261.44749561724916,280.18275303301624,-48.16246428319947,-606.5057697203642,105.00228385539135,678.948440863204,-51.8943861253743,253.42184224280746,-669.6563714594799,-508.7813692683562,39.30343824066367,1.594164887143714,-109.91872343541769,-242.41764976032889,349.1350349762267,-546.3243869291169,0.4557451234057152,117.93170229727527,-609.8239068860536,136.92079205444733,257.11961828062465,305.3082508503333,199.00414276435407,-624.0635744132434,-345.2328580467903,299.44913324437647,225.88744278865784,244.99284880933365,438.3815277845697,-82.04795170974762,-178.41493487210744,530.8409635751007,249.68519840353915,-93.67319009297628,267.8435095634247,561.7533560591997,-118.11285866713187,-143.45566631329336,558.5204496328655,614.7395384800855
-86.09574147470052,30.147161663980196,-0.8518611398593894,-11.189606628186477,49.148005414948734,-52.324868399736815,9.07026357427038,113.56325219267043,-19.87048446181706,-127.16179547134007,9.707939970423936,-47.30074635042421,125.14873400125876,95.25589979900697,-7.268758618741439,-0.17317579529832824,20.539216756396762,45.3885419627702,-65.49780754807558,102.27875379405192,-0.06525055678777991,-22.043235538705584,114.15717419515018,-25.444756181789142,-47.93582270743518,-56.991498068332284,-37.233333050790634,116.7930696639149,64.76046774562676,-56.02377895580673,-42.19265953125966,-45.95464623199425,-82.04795170974762,15.51051218089832,33.5908372881954,-99.37016196197075,-46.70477238868658,17.59179400057073,-50.20004835258005,-105.15466965291166,22.42147284388741,26.838134763372654,-104.71530308179187,-114.92599845650103
-187.61394681281888,65.69929433074637,-2.086195509135628,-24.36807022455758,106.63903482094896,-113.94106708178626,19.5361706130019,247.4515881312246,-43.28855231078644,-277.37746252026335,21.27079647664005,-102.95531501300569,272.70047055687934,207.4417712000458,-15.959859015635985,-0.6833424604852302,44.7033501249394,98.81167076669183,-142.69428530375384,222.7636734135528,-0.5199544001978693,-47.996750670870725,248.5015024008514,-55.29446697667791,-104.32170668270304,-124.08034827174278,-81.06078139846223,254.4418751789748,141.31276344990113,-121.92975501867136,-91.71039302759479,-99.91668020455417,-178.41493487210744,33.5908372881954,73.29869869327673,-216.1742451383283,-101.61988873782298,38.288932519347554,-109.46857071005792,-229.15872465247875,48.75524121353461,58.85444505826478,-227.72372205803958,-250.20280733609897
558.032289916633,-195.95738423024835,6.83868649859435,74.62053272436492,-316.4943742669143,340.07972769874885,-57.960320751042346,-734.7109950327992,128.0185423333052,822.5660536434411,-62.7104186483238,307.104806470316,-811.5908809266384,-615.5182093078439,48.0290810138382,1.93724603485625,-132.77112332500195,-293.2865581737196,422.51514610097536,-662.3176903530335,0.7872647157589983,143.42706786827398,-738.4729981342219,166.2573722681522,311.24388913328465,370.0222920119739,241.09565989154038,-755.9492561352159,-418.6392894937859,362.24858728825063,273.7707665554976,296.73956729965994,530.8409635751007,-99.37016196197075,-216.1742451383283,643.7566345148468,302.2734039327598,-113.51827327031938,324.4130289289357,680.5823042515659,-143.1665113644045,-174.71770975680442,676.5395365275058,744.4599838906458
262.17656361551036,-92.04620905817526,3.175721589492311,35.01359067907184,-148.88438975613175,159.53849191385228,-27.42742534408538,-345.46175799038366,59.73740921286255,386.7414314095604,-29.580682974382412,144.33573263458157,-381.41562237255613,-289.8444479609274,22.370977101326638,0.9442035669538601,-62.6281468701311,-138.10288258895832,198.8882550423452,-311.1400506296306,0.2779196680366732,67.13092634046845,-347.350842907901,77.94787917425194,146.46507912394267,173.88198740846428,113.34324548459409,-355.4623481353112,-196.6239838604467,170.5883253773029,128.6373357442018,139.5226503718331,249.68519840353915,-46.70477238868658,-101.61988873782298,302.2734039327598,142.22690493902337,-53.34178311058089,152.5729114262734,319.966289872319,-67.24637108958777,-81.67722890733933,318.0849075789728,350.1608999537901
-98.49694079697274,34.49317454980901,-1.190483477831183,-12.95994716163104,55.87520572829435,-59.90444980601174,10.334525328682286,129.8221178606301,-22.521323260979425,-145.46682865899564,11.163544179954984,-54.16449235712257,143.25198558319047,108.90286360701505,-8.417003353266953,-0.39445376071793364,23.548107725587474,51.844463987605046,-74.77943738006121,116.87031331345965,-0.2255946764606687,-25.198183382151843,130.4375423385137,-29.23585109502029,-54.960784901554234,-65.28964502564085,-42.564890354649506,133.549149609637,74.00230808114158,-64.04662388634537,-48.24658385248573,-52.41150001560243,-93.67319009297628,17.59179400057073,38.288932519347554,-113.51827327031938,-53.34178311058089,20.083970596044733,-57.369848168425335,-120.26644040082837,25.339983101058444,30.813199072752248,-119.44257728088816,-131.41114302347697
281.62047510503146,-98.6798013383924,3.4737196964375054,37.15552803356356,-159.68683000877243,171.20469134530222,-29.466166743841267,-371.2241514695136,64.27468029706122,415.9843544587747,-31.949744542188714,154.8668433429321,-409.6079710220658,-311.44786413279337,24.05525671030855,1.2059517626599903,-67.32696712205068,-148.30498526549385,213.8530033023441,-334.1296671431815,0.6863972582976606,72.00282682284991,-372.9777670924755,83.49170371568898,157.1628875903272,186.6392885446525,121.69621409947814,-381.87546347232364,-211.58032350331692,183.17041692175718,137.90459869865802,149.79842944636133,267.8435095634247,-50.20004835258005,-109.46857071005792,324.4130289289357,152.5729114262734,-57.369848168425335,164.07423983480376,343.8754165540527,-72.40453232689515,-88.06680537047296,341.44471357457024,375.80957186648885
590.7299922810313,-207.0315329923124,7.527171153374278,78.380602359528,-334.6318099018085,359.3823380765089,-61.86027787085239,-778.375325010214,134.49417745386117,872.1148241439745,-66.95785005029231,325.0925600571457,-859.3444401663381,-653.0315844725769,50.627452764633254,2.6029273794309122,-141.29830601608677,-310.91738552117766,448.13207169487106,-700.698904456759,1.3628608785649858,151.12804203980352,-782.1571598660069,175.61439345408212,330.0026787413142,391.7998682284623,255.2590714201098,-800.8424188051328,-443.4016114334373,384.15102446899294,289.4784166430467,314.04784702249145,561.7533560591997,-105.15466965291166,-229.15872465247875,680.5823042515659,319.966289872319,-120.26644040082837,343.8754165540527,721.1339693913501,-151.29826757333305,-184.68017278080313,715.8755443041863,788.3101014737842
-123.93083389210581,43.503951540701195,-0.9387484146226174,-15.859085189559318,71.08346235060411,-75.25895838704791,12.715162238665128,163.53618926064564,-29.362813519101007,-183.10424182534817,13.848761685010205,-67.79686984551714,179.8927008331971,136.755915113483,-10.429928194002363,-0.05364367471597235,29.177224114140344,65.29395008364388,-94.39539647158217,147.52674846868183,-0.10675090074820662,-31.90193846209938,164.26527138865754,-36.20521297961865,-68.38442058564726,-81.63892555503416,-53.562444014923756,168.04528477841046,93.63531736983394,-80.38205426098868,-60.556777569302426,-66.26586192525336,-118.11285866713187,22.42147284388741,48.75524121353461,-143.1665113644045,-67.24637108958777,25.339983101058444,-72.40453232689515,-151.29826757333305,32.95860660384208,38.94073021878139,-151.0466337927379,-165.2278758338043
-151.58682419546366,53.21281110982061,-2.076558193516241,-20.15461102837046,85.35885699751255,-92.54586015660755,15.297751463793668,199.2771043468661,-35.35758795210538,-223.50372357749515,17.02928019755316,-83.19966727882537,220.26068231691528,166.30239176018145,-13.37764247261475,-0.7646489064890127,35.705621073637225,79.21299843190624,-114.37016641285098,179.86697745968064,-0.7354128515529543,-39.218662055478475,199.87437356114955,-45.11984595390216,-84.05564121872486,-100.30061894321898,-65.32286692930528,204.9443308192018,114.0959830812453,-97.75845589045626,-74.07692192641656,-80.28869041603387,-143.45566631329336,26.838134763372654,58.85444505826478,-174.71770975680442,-81.67722890733933,30.813199072752248,-88.06680537047296,-184.68017278080313,38.94073021878139,48.36431733688147,-183.1060673596752,-201.4495161734086
586.5983154315002,-205.87788658131853,6.831813159826772,77.89919440465165,-333.37477193083174,356.9764094626241,-61.23932339249846,-772.9501162404831,134.386651834079,865.4022934253711,-66.09692619085702,322.7068147408751,-853.1281936254225,-648.136686116494,50.068677908178444,1.9042278262791137,-139.8649362608835,-308.84672456797034,445.04949906617645,-696.3560614623715,0.68133469728295315,150.3675417364396,-777.0202958543501,174.17846193130066,327.2048735288333,388.7823195189881,253.55375262061452,-795.2134967873817,-440.32504858853,381.38540662478874,287.67744219059756,312.2860051843241,558.5204496328655,-104.71530308179187,-227.72372205803958,676.5395365275058,318.0849075789728,-119.44257728088816,341.44471357457024,715.8755443041863,-151.0466337927379,-183.1060673596752,711.9252054844162,783.0844834395599
645.9131808843224,-226.63757993519442,8.14036003753248,86.28070595449343,-366.23076313943545,393.1063700273066,-67.63917700692204,-850.9721551502229,146.86486084497918,952.9335474102231,-73.01581082425842,355.66551732310904,-939.7640893278999,-714.0227605038801,55.279186301902904,2.624981216721568,-154.4557125977839,-340.0761984504129,489.80846499425706,-766.2755321954656,0.9912142132401368,165.32684303558273,-855.4708506983584,192.259711840767,361.04946366581703,428.55549079702604,279.1825821498028,-875.653039696984,-484.35533439529394,420.19501210439273,316.85222445654483,343.4978490150708,614.7395384800855,-114.92599845650103,-250.20280733609897,744.4599838906458,350.1608999537901,-131.41114302347697,375.80957186648885,788.3101014737842,-165.2278758338043,-201.4495161734086,783.0844834395599,862.443768604105
