V1,V2,V3,V4,V5,V6,V7,V8,V9,V10,V11,V12,V13,V14,V15,V16,V17,V18,V19,V20,V21,V22,V23,V24,V25,V26,V27,V28,V29,V30,V31,V32,V33,V34,V35,V36,V37,V38,V39,V40,V41,V42,V43
2.7864205219837044,1.0104407345592006,-0.4321258440781632,-1.130113160892148,0.48370885027121185,-0.4637002465199403,0.25591506188481117,-0.8514886868363256,-0.11726492710760125,-0.3762919310433122,0.7798722163935764,0.42738760489288635,0.41588402836378036,-0.36162970429358043,0.2985116480515658,-0.947801827878977,0.08348901556793595,-0.47071802227368,-1.060200752892844,-5.945242407572168e-4,0.7946540475421827,-0.5336987475096642,-0.20902726525051757,-1.530926984007965,0.5470014815953005,0.4363280807524563,-1.1063006964069817,0.468799338177905,0.844948807537918,-1.324857916801676,-0.3110276785179196,-1.7219710831809214,1.1365952893894828,-0.22286168846732804,-0.04382904916396219,0.3507706181282689,-0.7983300274196022,-1.0279464503385982,-0.5978127168476668,0.43985231932273716,-0.5247331200084295,0.5937676306669148,-1.268133989715532
1.0104407345592006,1.7241975015528468,-0.8337280634110005,0.6092131050426339,-0.20171499199188772,-0.423207528117685,-0.3243105716717906,-0.8575651384527232,-0.47885795471575915,0.4054208030961802,-0.1840334905226531,0.16573585500803975,0.454180368313786,0.23924806694212963,0.07778689677511623,-0.380770933702889,0.5072314411415888,-0.06069220716411347,-0.3585483582313112,0.5331428940098313,1.0435467438375983,-0.48890395727310265,-0.19577614429107065,-0.6616290316552383,-0.1532929074135323,0.36560470558962493,-0.5111510953410556,0.05210031370096559,0.4469191114528452,-1.0794238569918897,-0.21584462871969,-1.042208905174462,0.808560505513588,-0.5328259288815735,-0.6649642939887401,0.42218434907528707,0.021910454581616782,-0.3548342273101596,-1.1267387977080665,0.6949440997519521,-0.6614126015157518,1.1947294662280878,-0.29827289954296277
-0.4321258440781632,-0.8337280634110005,1.7784030112021771,-0.7792544256019717,1.2942356061724554,-0.5814435306535968,0.1562321402205641,-0.14295262536293918,0.41180653452129495,-0.4689511080293132,-0.20600269142640373,0.12693704687382112,-0.3796377493848458,0.3521941441842777,-0.45451608262016363,0.5164030491297446,0.0816614992678828,0.31385834274788726,-0.007008015142660454,0.11915287497793328,-0.23045199715360123,1.5695410317200156,0.2586311084184855,0.7748937410723855,0.8278517093607946,0.02703439612903226,-0.02248046591450558,0.3719099294339548,-0.24702330180005383,0.5441738276526287,-0.5510841357690863,0.3843184640150057,-0.4428339629088898,0.14821098347741382,-0.06850773366301856,-0.2458173780694777,-0.09418246134640906,-0.3961793523320256,-0.025589654926550374,0.641419122726137,0.6795025774764835,-0.3420646213692112,0.46175508394816
-1.130113160892148,0.6092131050426339,-0.7792544256019717,1.7395290853118097,-1.4701816890619797,0.429534066729501,-0.17556141007894185,0.07704210002082112,-0.10261866149083505,0.7475629569952758,-0.3131535846178015,0.09239395077495324,0.3718915061496339,0.31490685764991966,-0.012660371963027234,0.05721617422539734,-0.009148564250554688,-0.20797236734877336,0.415529309777187,0.34173568167952495,0.18541321664274682,-0.3763859795048403,0.3115421067036303,0.39593649675934767,-0.9764364103837608,-0.5612837169336792,0.508686806188864,-0.6753258903837015,-0.4363784376743404,0.2343199799367909,0.5252421194572368,0.3416130488440121,0.07536545987126485,-0.320923271258326,-0.490622806594814,0.20823703939131377,0.9733982942586019,0.26289414818440404,-0.33647886729526066,-0.05372014210002011,-0.301361879860128,0.008404160246604835,0.4619846995674944
0.48370885027121185,-0.20171499199188772,1.2942356061724554,-1.4701816890619797,2.733685665230799,-0.3401778698589426,-0.5242930179676798,-0.6437172368881838,0.036324232692315536,-0.5154760898088365,-0.1294797846221611,-0.3509328267471428,-1.040130029433855,0.5145263154617237,0.0433639215020605,0.4274084657643665,0.28412661561280084,0.5300545293935627,-0.4426364910615852,0.16070410887278833,0.03806469894506737,1.2583044462064807,-0.8361280603655753,-0.3000495913929191,1.3398313990687687,1.280497980065638,-0.225224303442593,1.2803388205555664,0.23045888654238222,-0.07085454787840388,-1.5738836538767882,0.12800540893130793,-0.47229435685717536,0.1282098429509891,-0.08168606989410833,-0.593340877731094,-1.184309809051941,-0.01714071350050083,0.19094779769562,0.5235603373870658,0.42703776542900773,0.6563583566706201,0.405077340232343
-0.4637002465199403,-0.423207528117685,-0.5814435306535968,0.429534066729501,-0.3401778698589426,2.005434380094783,0.4546533258696474,0.6222290514202066,0.12244037231092944,0.61026599256324765,0.7018713907859737,0.30565859011357904,-0.27282325682071334,0.6027111396184504,0.8353976875029813,-0.3575674594728854,-0.5176797544117471,-0.8441006791969482,-0.06661217280270154,-0.5080435542736728,-0.19002769324198818,-0.5413290802065911,-0.047887360584370244,-0.35108069556772725,-0.5333880007407178,0.2956957382362089,0.6638220167534878,-0.18993244849259672,0.009993046735949009,0.3339861128269319,-0.2423684816062601,0.6178879869824389,-0.25855178825678943,-0.5706835633660797,-6.403713978953606e-4,-0.07414306252431663,-0.1303047864184255,0.9092080413077082,1.3518995977872028,-1.2672229891034048,-0.12228687022364104,-0.7160956861782592,0.38696612944072534
0.25591506188481117,-0.3243105716717906,0.1562321402205641,-0.17556141007894185,-0.5242930179676798,0.4546533258696474,1.307634655868009,0.32355113142907643,-0.15492445777786168,0.4831168139286001,0.34445034928629653,0.8476593643360398,0.5201214751454075,0.09516384108350576,0.03616489265255286,-0.6725868769376607,0.12301096861851728,-0.7965445022084364,-0.2846803820988367,-0.33434823569663685,0.29321983984704303,-0.1344111746639764,0.7272628451758444,0.42631972996160766,-0.17974353742581647,-0.17116958158459644,-0.18554180858996697,-0.6090153012027574,0.5139978623658424,-0.19690806533616406,0.463296114141104,-0.4358334248425896,0.10743587250084423,-0.6767608933805731,-0.33811571578255956,0.5889855745805174,0.0662925214105437,0.017645725689783846,0.2112994540920458,-0.49772007158572157,-0.02157274380121935,-0.6619496077992753,0.009937235328651832
-0.8514886868363256,-0.8575651384527232,-0.14295262536293918,0.07704210002082112,-0.6437172368881838,0.6222290514202066,0.32355113142907643,1.3984269885433622,0.04195985964548513,-0.25025154647130166,-0.09083186102706632,-0.18965046850743486,0.17882905253275888,0.07184974934184518,0.21418589802713214,0.39907238695132913,-0.15004145325555626,0.32536305526239284,0.9050404664456457,-0.8927252170954435,-0.5169222614603697,-0.7780080222544428,0.2383449196739446,0.5941861289950163,-0.34922843311920454,0.018708297843260033,0.43682599859917,-0.5597414235156508,0.12286509660492041,0.18683042313517492,0.42137535679033344,0.6818388333605478,-0.20424701024230385,0.05890037616455281,1.0147030816412337,0.13645247887657128,0.05101195994952379,1.092115907514335,0.9443281443423551,-0.7186139467606388,0.11638318444358027,-0.3785303754514693,-0.11673073178662746
-0.11726492710760125,-0.47885795471575915,0.41180653452129495,-0.10261866149083505,0.036324232692315536,0.12244037231092944,-0.15492445777786168,0.04195985964548513,0.7539925095929262,-0.47654117264342705,0.4572823668506039,0.04242091726566533,-0.25018765714981783,-0.1705995121869843,-0.01696748132503879,0.3645747832523795,-0.6689550250000844,0.27394483123797064,0.03991254591774494,0.02633628175946599,-0.43773048168544665,0.6193577388622883,0.255258829867618,-0.34273356093792223,0.0628632766574558,-0.5455491015543366,0.040794625303925025,0.3488235573986311,-0.5878373497111723,0.5377260140527185,-0.4119980930187952,0.5444168666410723,-0.09926610087338306,0.17125383440039513,0.45109661057128964,-0.23030405184336858,0.49079665632161096,-0.3344276549730524,0.2648278214330729,0.13036258898035175,0.3548867772685195,-0.6891415687932342,-0.37296985948396716
-0.3762919310433122,0.4054208030961802,-0.4689511080293132,0.7475629569952758,-0.5154760898088365,0.61026599256324765,0.4831168139286001,-0.25025154647130166,-0.47654117264342705,1.0684488235800917,-0.06814106656981166,0.43290751889712753,0.16174018349457367,0.33680362553706583,0.10041172999756856,-0.6008753550018714,0.29452467123470677,-0.8344146316791035,-0.32845962882461394,0.26392129932252034,0.4361198523170209,-0.17801223269457936,0.12646515892335494,0.2990425723236341,-0.4846649445435839,0.04426608225801491,0.20865520261662546,-0.44876805026835437,0.1813121486444874,-0.03672356664959295,0.3267798733594605,-0.19043890108640796,-0.12251662122890733,-0.6058398567894836,-1.024706601056434,0.2542066739831082,0.1331652885566102,0.1884511791476134,-0.09780530094632055,-0.4495242247397322,-0.27191649128319234,-0.05646502012323729,0.724054387891617
0.7798722163935764,-0.1840334905226531,-0.20600269142640373,-0.3131535846178015,-0.1294797846221611,0.7018713907859737,0.34445034928629653,-0.09083186102706632,0.4572823668506039,-0.06814106656981166,0.9299465227157946,0.40015974201137255,-0.07195287699335154,-0.1954961848444741,0.37117409132824014,-0.4274652581828511,-0.6353958517744228,-0.5023736071177898,-0.5155633259104626,-0.13788629036222402,-0.0958770240566346,-0.020275661259897153,0.16250600634996326,-0.8942759247078732,-0.05848077227378431,-0.2588936747953408,-0.15129419874493844,0.236490066655191,-0.07899864196277137,0.06673225420916688,-0.27384609878840555,-0.09723943863522641,0.19047485312333126,-0.19817481542320065,0.14072200701436205,-0.00982299436659213,0.05404023661681411,-0.34143999401257796,0.4693524819663387,-0.4016203102796482,-0.003866892141760934,-0.7143759990891553,-0.5411878758569307
0.42738760489288635,0.16573585500803975,0.12693704687382112,0.09239395077495324,-0.3509328267471428,0.30565859011357904,0.8476593643360398,-0.18965046850743486,0.04242091726566533,0.43290751889712753,0.40015974201137255,0.8028624402502264,0.38755043852509835,0.19480848047439495,0.02977153312618533,-0.5474919222348431,0.0022634109062134493,-0.6577643879366477,-0.4434868509818755,0.06110069023602484,0.44885585063554045,0.1972958472664893,0.6029933019447115,1.256487605326393e-5,-0.13643276840383342,-0.23570238740531854,-0.2582294460606597,-0.27144615649124343,0.24085487414424225,-0.2096306130936158,0.04286108283828507,-0.4558355912611836,0.2646225411933025,-0.6901790000119075,-0.5283979819142085,0.46016938094800147,0.27652299370629824,-0.3470361603641663,-0.15821823682199074,-0.04760689085813338,-0.07206707714855429,-0.4304952261780707,-0.06629357310930255
0.41588402836378036,0.454180368313786,-0.3796377493848458,0.3718915061496339,-1.040130029433855,-0.27282325682071334,0.5201214751454075,0.17882905253275888,-0.25018765714981783,0.16174018349457367,-0.07195287699335154,0.38755043852509835,0.8335981272561834,-0.057986990878161324,-0.1007925573431374,-0.37323824369472924,0.27496578094361057,-0.27563080701991144,0.09742196361723994,-0.13142207942348777,0.4415814337173857,-0.6568687203634195,0.5015553919549547,0.24473445767603616,-0.35461255208789544,-0.29193062275813625,-0.27010363577108304,-0.6934922558321914,0.3815347373384725,-0.5580184376883511,0.7355068275810024,-0.7102546812470172,0.6166458001168925,-0.2899626199126335,-0.07097137303187467,0.5969133072631839,0.27227520422528617,-0.17308979517020534,-0.5035315454017004,0.15368957512227877,-0.34354596121186837,0.14044024675179664,-0.37165339739210557
-0.36162970429358043,0.23924806694212963,0.3521941441842777,0.31490685764991966,0.5145263154617237,0.6027111396184504,0.09516384108350576,0.07184974934184518,-0.1705995121869843,0.33680362553706583,-0.1954961848444741,0.19480848047439495,-0.057986990878161324,1.079491838262165,0.27666333943865407,0.06452069262450644,0.3215859156306452,-0.2591195251254917,0.09288133967039679,-0.07617054081119048,0.39378170605108337,0.16196666941292268,-0.08687209902254543,0.3475077900451901,0.09993472106841961,0.7129701317007713,0.3123122555248413,-0.08955020132457439,0.24252091461162192,-0.16114199266598295,-0.4762655724796711,0.08345607596221165,0.031446393452652766,-0.533977409059781,-0.3808877595137537,0.06199303004088234,-0.3134540570217882,0.47736141186126135,0.18225429406825933,0.09063981756323498,-0.10259732370596236,0.3994085348232132,0.6663460883127705
0.2985116480515658,0.07778689677511623,-0.45451608262016363,-0.012660371963027234,0.0433639215020605,0.8353976875029813,0.03616489265255286,0.21418589802713214,-0.01696748132503879,0.10041172999756856,0.37117409132824014,0.02977153312618533,-0.1007925573431374,0.27666333943865407,0.5159019691044379,-0.21092332813640793,-0.17982416763716474,-0.3033865431535667,-0.08956092602658587,-0.3070439294381257,0.04330973913636808,-0.5253046558786917,-0.24683014106815765,-0.5153967957524039,-0.11132388913675899,0.4139107052929023,0.14828073066875308,0.06089116783763106,0.20276215601331718,-0.18509555942413503,-0.25372944075235976,0.00968482690117398,0.12574182939933584,-0.21851638986671534,0.16255826952304195,-0.03278577561143211,-0.3490087716992418,0.4038701703465441,0.5613890044844808,-0.47308370640619074,-0.2094471504547516,0.02606465920559067,-0.08879897455313428
-0.947801827878977,-0.380770933702889,0.5164030491297446,0.05721617422539734,0.4274084657643665,-0.3575674594728854,-0.6725868769376607,0.39907238695132913,0.3645747832523795,-0.6008753550018714,-0.4274652581828511,-0.5474919222348431,-0.37323824369472924,0.06452069262450644,-0.21092332813640793,1.0480970344973155,-0.1378860080337212,1.1419200898907447,0.7546878250578681,-0.04523480724723705,-0.4621742741755252,0.49555520528341773,-0.07359820442707002,0.33178565837287677,0.1738896532154016,-0.02148689383164219,0.22315810669992417,0.33234558112258183,-0.45267834705179716,0.41260751461109607,-0.5073147688436771,0.9230224369811282,-0.38825731027967,0.34642730578339337,0.7239812313836527,-0.28682105273218605,0.3259859708883703,0.4152231023341891,0.12365856666704186,0.3837917797363735,0.4099444783959361,0.12627044387072575,-0.0071133417853862955
0.08348901556793595,0.5072314411415888,0.0816614992678828,-0.009148564250554688,0.28412661561280084,-0.5176797544117471,0.12301096861851728,-0.15004145325555626,-0.6689550250000844,0.29452467123470677,-0.6353958517744228,0.0022634109062134493,0.27496578094361057,0.3215859156306452,-0.17982416763716474,-0.1378860080337212,0.8034193290717386,-0.01844537107650979,0.0321260599700474,0.07739746562849353,0.5370296727440564,-0.18742332180559504,-0.12937761991105573,0.571646371256881,0.17655221684444022,0.56535951986098,-0.1614899250549133,-0.2579694750703271,0.5718217510334727,-0.5723591264991128,0.21133055956261348,-0.5673241730454872,0.1337154229354984,-0.1993573792589861,-0.4674791013135588,0.2717500157921342,-0.422130443053263,0.16414814034893468,-0.5395068963194293,0.3120756171516566,-0.22266619389472603,0.8268030761601488,0.3925521765979836
-0.47071802227368,-0.06069220716411347,0.31385834274788726,-0.20797236734877336,0.5300545293935627,-0.8441006791969482,-0.7965445022084364,0.32536305526239284,0.27394483123797064,-0.8344146316791035,-0.5023736071177898,-0.6577643879366477,-0.27563080701991144,-0.2591195251254917,-0.3033865431535667,1.1419200898907447,-0.01844537107650979,1.6190766348375527,0.7862841074761712,-0.0352003154885395,-0.31056398528608836,0.3126837184293308,-0.119927678085969,0.045199491797654444,0.28637284694152537,0.06271735269406664,-0.1751887596274413,0.5260877870101984,-0.22691342433092093,-0.008006693569033357,-0.6560402947531743,0.6627646203287781,-0.2206287236617298,0.34110971143533747,0.9874953101606172,-0.12750568209224802,0.32068196315975117,0.38214013649486095,-0.1875920164871663,0.6102379458511994,0.35566596050421523,0.4867817876713334,-0.5135113241460981
-1.060200752892844,-0.3585483582313112,-0.007008015142660454,0.415529309777187,-0.4426364910615852,-0.06661217280270154,-0.2846803820988367,0.9050404664456457,0.03991254591774494,-0.32845962882461394,-0.5155633259104626,-0.4434868509818755,0.09742196361723994,0.09288133967039679,-0.08956092602658587,0.7546878250578681,0.0321260599700474,0.7862841074761712,0.994908098708234,-0.39207993720458023,-0.37540173729788895,-0.35445609127961314,0.0960914072759607,0.6609027843695556,-0.25147626124316197,-0.058337530083376485,0.36876662506423863,-0.3326771575649495,-0.15437066561013432,0.1928818158115939,0.22209156749887962,0.7018627422582282,-0.18139942834986753,0.2303835762734177,0.784067172010124,0.01587168474558809,0.30988585555304615,0.7845083158481311,0.2611469924648027,-0.02671509571791558,0.1308202797409357,0.12578826443637456,0.006835628313356452
-5.945242407572168e-4,0.5331428940098313,0.11915287497793328,0.34173568167952495,0.16070410887278833,-0.5080435542736728,-0.33434823569663685,-0.8927252170954435,0.02633628175946599,0.26392129932252034,-0.13788629036222402,0.06110069023602484,-0.13142207942348777,-0.07617054081119048,-0.3070439294381257,-0.04523480724723705,0.07739746562849353,-0.0352003154885395,-0.39207993720458023,0.7464343835052656,0.24168508144081333,0.6931035535316087,-0.03138442187261787,-0.11267845216540187,0.04702716178261299,-0.2819848632480319,-0.1436983265927425,0.2745651641615268,-0.34169952792742625,0.13165186634393497,-0.18407760345269186,-0.14703981407301578,-0.038904923813240753,-0.004354712606186221,-0.7373403830907881,-0.11089284593936771,0.348615719480928,-0.6727615636217076,-0.7450784207312766,0.5458980737461238,0.015478037543610988,0.15722847021903733,0.25461813416831464
0.7946540475421827,1.0435467438375983,-0.23045199715360123,0.18541321664274682,0.03806469894506737,-0.19002769324198818,0.29321983984704303,-0.5169222614603697,-0.43773048168544665,0.4361198523170209,-0.0958770240566346,0.44885585063554045,0.4415814337173857,0.39378170605108337,0.04330973913636808,-0.4621742741755252,0.5370296727440564,-0.31056398528608836,-0.37540173729788895,0.24168508144081333,0.9069383409435698,-0.1891027070525688,0.09122710168121545,-0.16073700925875492,0.024355458527867534,0.40856914892212165,-0.44017214913868274,-0.1164354024598215,0.5996851478883651,-0.8676336046007416,-0.14337221358396524,-0.9101843653819235,0.5560803143043913,-0.6752254426806014,-0.6629430789846416,0.4972905528482558,-0.13723480621025053,-0.20946537191417142,-0.7139613532165963,0.4138561524739675,-0.4107468872365311,0.7063312750187186,-0.053403804197890925
-0.5336987475096642,-0.48890395727310265,1.5695410317200156,-0.3763859795048403,1.2583044462064807,-0.5413290802065911,-0.1344111746639764,-0.7780080222544428,0.6193577388622883,-0.17801223269457936,-0.020275661259897153,0.1972958472664893,-0.6568687203634195,0.16196666941292268,-0.5253046558786917,0.49555520528341773,-0.18742332180559504,0.3126837184293308,-0.35445609127961314,0.6931035535316087,-0.1891027070525688,2.0685544837778855,0.24684335215551853,0.320300130453639,0.6587914962638688,-0.33754005171363144,-0.0671082475649539,0.7367843288622326,-0.6839895256396529,0.8156542222914098,-0.9133615839045993,0.5778382617128558,-0.6149675810831187,0.031620125315811196,-0.5267212847865269,-0.3879871901131058,0.40754044351036817,-0.7720784466239954,-0.3105647041585211,0.7478837555349052,0.732913962919803,-0.5267908482091485,0.517826399485388
-0.20902726525051757,-0.19577614429107065,0.2586311084184855,0.3115421067036303,-0.8361280603655753,-0.047887360584370244,0.7272628451758444,0.2383449196739446,0.255258829867618,0.12646515892335494,0.16250600634996326,0.6029933019447115,0.5015553919549547,-0.08687209902254543,-0.24683014106815765,-0.07359820442707002,-0.12937761991105573,-0.119927678085969,0.0960914072759607,-0.03138442187261787,0.09122710168121545,0.24684335215551853,0.8865531254094778,0.42515989840016427,-0.30912139594604493,-0.7258695123758269,-0.15430924338436788,-0.46710404663918864,-0.07348253337583921,0.10247258957805201,0.3366545099644892,-0.0162059713746601,0.12562532784591798,-0.4092260685531377,-0.04514776289491095,0.4731633017189945,0.7848114063940124,-0.2410104786752911,-0.19237421371161115,0.0665017553634048,0.14121997160018418,-0.6633484964520207,-0.23199457248202357
-1.530926984007965,-0.6616290316552383,0.7748937410723855,0.39593649675934767,-0.3000495913929191,-0.35108069556772725,0.42631972996160766,0.5941861289950163,-0.34273356093792223,0.2990425723236341,-0.8942759247078732,1.256487605326393e-5,0.24473445767603616,0.3475077900451901,-0.5153967957524039,0.33178565837287677,0.571646371256881,0.045199491797654444,0.6609027843695556,-0.11267845216540187,-0.16073700925875492,0.320300130453639,0.42515989840016427,1.7792738893266606,-0.10455708868923394,-0.15115599460436585,0.45874078672515783,-0.7929372226763942,-0.02364323046265145,0.4629313252478886,0.789899217811899,0.42044304217446743,-0.49876127054608665,0.06734947577615269,-0.26541986278409435,0.14360021241100307,0.20809405876755255,0.452642127937178,-0.06949874538168209,0.02015033023161865,0.27686506864081284,-0.130408807944064,0.9895223885884662
0.5470014815953005,-0.1532929074135323,0.8278517093607946,-0.9764364103837608,1.3398313990687687,-0.5333880007407178,-0.17974353742581647,-0.34922843311920454,0.0628632766574558,-0.4846649445435839,-0.05848077227378431,-0.13643276840383342,-0.35461255208789544,0.09993472106841961,-0.11132388913675899,0.1738896532154016,0.17655221684444022,0.28637284694152537,-0.25147626124316197,0.04702716178261299,0.024355458527867534,0.6587914962638688,-0.30912139594604493,-0.10455708868923394,0.8067350947123796,0.5117134090655873,-0.2874505004072757,0.5905089181312855,0.16743014001533252,-0.12761670549613194,-0.6103365521275549,-0.1835130400679075,-0.06416645033768438,0.20780567024210567,0.06661506307506801,-0.23667679733304753,-0.6268765857892213,-0.2958841967430795,-0.08982821172985878,0.47178437259279093,0.231876401997852,0.3195009926120153,-0.014145474503143967
0.4363280807524563,0.36560470558962493,0.02703439612903226,-0.5612837169336792,1.280497980065638,0.2956957382362089,-0.17116958158459644,0.018708297843260033,-0.5455491015543366,0.04426608225801491,-0.2588936747953408,-0.23570238740531854,-0.29193062275813625,0.7129701317007713,0.4139107052929023,-0.02148689383164219,0.56535951986098,0.06271735269406664,-0.058337530083376485,-0.2819848632480319,0.40856914892212165,-0.33754005171363144,-0.7258695123758269,-0.15115599460436585,0.5117134090655873,1.4053068538616156,-0.016959549480237625,0.334641306259803,0.7493901986276744,-0.679386637643144,-0.6836292243176966,-0.2797584237949475,0.02971772154777344,-0.25992563141736563,-0.0392418081903804,-0.0616986548866549,-1.1485208106341214,0.7083064033799986,0.286891714472752,-0.06091681557431374,-0.22294529003345745,1.0132950132980783,0.3239610948301479
-1.1063006964069817,-0.5111510953410556,-0.02248046591450558,0.508686806188864,-0.225224303442593,0.6638220167534878,-0.18554180858996697,0.43682599859917,0.040794625303925025,0.20865520261662546,-0.15129419874493844,-0.2582294460606597,-0.27010363577108304,0.3123122555248413,0.14828073066875308,0.22315810669992417,-0.1614899250549133,-0.1751887596274413,0.36876662506423863,-0.1436983265927425,-0.44017214913868274,-0.0671082475649539,-0.15430924338436788,0.45874078672515783,-0.2874505004072757,-0.016959549480237625,0.7126554796387299,-0.24092007514669989,-0.3766173524250696,0.641540785432135,0.21460353006955799,0.7419258827210353,-0.4336935072240614,0.2101275240294841,0.027474219726558214,-0.3271449677364772,0.03597473732452872,0.5360121959091606,0.6059288427926356,-0.47279163988673295,0.09275824399823719,-0.2961289026223229,0.6761902056743339
0.468799338177905,0.05210031370096559,0.3719099294339548,-0.6753258903837015,1.2803388205555664,-0.18993244849259672,-0.6090153012027574,-0.5597414235156508,0.3488235573986311,-0.44876805026835437,0.236490066655191,-0.27144615649124343,-0.6934922558321914,-0.08955020132457439,0.06089116783763106,0.33234558112258183,-0.2579694750703271,0.5260877870101984,-0.3326771575649495,0.2745651641615268,-0.1164354024598215,0.7367843288622326,-0.46710404663918864,-0.7929372226763942,0.5905089181312855,0.334641306259803,-0.24092007514669989,1.0079806899898998,-0.20539646532496222,0.06974310553148116,-1.0971606273999974,0.22111843288219635,-0.20089812727566783,0.1665708025996497,0.16060277771598735,-0.42886442501209027,-0.2647939827316382,-0.26224163590846394,0.03859764299939198,0.339647618710782,0.25351564456314485,0.1789776823241009,-0.23267203128947622
0.844948807537918,0.4469191114528452,-0.24702330180005383,-0.4363784376743404,0.23045888654238222,0.009993046735949009,0.5139978623658424,0.12286509660492041,-0.5878373497111723,0.1813121486444874,-0.07899864196277137,0.24085487414424225,0.3815347373384725,0.24252091461162192,0.20276215601331718,-0.45267834705179716,0.5718217510334727,-0.22691342433092093,-0.15437066561013432,-0.34169952792742625,0.5996851478883651,-0.6839895256396529,-0.07348253337583921,-0.02364323046265145,0.16743014001533252,0.7493901986276744,-0.3766173524250696,-0.20539646532496222,0.9353824383144789,-0.9273390998167246,0.04707279441082013,-0.8136485097114458,0.3924421932637554,-0.4673240939568213,-0.09111493537656225,0.46024075436086526,-0.6700193627123731,0.32192378382101616,-0.08603608765915975,-0.10608822490500118,-0.34673915492727825,0.6249787510513383,-0.17275300771160124
-1.324857916801676,-1.0794238569918897,0.5441738276526287,0.2343199799367909,-0.07085454787840388,0.3339861128269319,-0.19690806533616406,0.18683042313517492,0.5377260140527185,-0.03672356664959295,0.06673225420916688,-0.2096306130936158,-0.5580184376883511,-0.16114199266598295,-0.18509555942413503,0.41260751461109607,-0.5723591264991128,-0.008006693569033357,0.1928818158115939,0.13165186634393497,-0.8676336046007416,0.8156542222914098,0.10247258957805201,0.4629313252478886,-0.12761670549613194,-0.679386637643144,0.641540785432135,0.06974310553148116,-0.9273390998167246,1.284859158987088,0.10312102516686347,1.1297199712162638,-0.7957127922272021,0.5041525195932844,0.049277133946971384,-0.5679030212186363,0.4823530726342247,-0.02539714410516892,0.5770024577892358,-0.33844413430266185,0.5390735664284882,-1.0202987578501737,0.5973746138297701
-0.3110276785179196,-0.21584462871969,-0.5510841357690863,0.5252421194572368,-1.5738836538767882,-0.2423684816062601,0.463296114141104,0.42137535679033344,-0.4119980930187952,0.3267798733594605,-0.27384609878840555,0.04286108283828507,0.7355068275810024,-0.4762655724796711,-0.25372944075235976,-0.5073147688436771,0.21133055956261348,-0.6560402947531743,0.22209156749887962,-0.18407760345269186,-0.14337221358396524,-0.9133615839045993,0.3366545099644892,0.789899217811899,-0.6103365521275549,-0.6836292243176966,0.21460353006955799,-1.0971606273999974,0.04707279441082013,0.10312102516686347,1.6944819731787515,-0.4066843813913678,0.1904114251985978,0.3849134340743199,-0.1491933570007299,0.255213027268573,0.19736402483273152,-0.12431318781028954,-0.19906826982888215,-0.3858075299874061,-0.27739908762643617,-0.2952946657073231,0.1500497190789131
-1.7219710831809214,-1.042208905174462,0.3843184640150057,0.3416130488440121,0.12800540893130793,0.6178879869824389,-0.4358334248425896,0.6818388333605478,0.5444168666410723,-0.19043890108640796,-0.09723943863522641,-0.4558355912611836,-0.7102546812470172,0.08345607596221165,0.00968482690117398,0.9230224369811282,-0.5673241730454872,0.6627646203287781,0.7018627422582282,-0.14703981407301578,-0.9101843653819235,0.5778382617128558,-0.0162059713746601,0.42044304217446743,-0.1835130400679075,-0.2797584237949475,0.7419258827210353,0.22111843288219635,-0.8136485097114458,1.1297199712162638,-0.4066843813913678,1.6101687539344092,-0.9268655564902646,0.299401337739099,0.5908217857255535,-0.5210018100054465,0.5132127183177376,0.75916907522332,0.9092805768144043,-0.44400462692340176,0.5812646657669387,-0.713897042796621,0.4638186511734017
1.1365952893894828,0.808560505513588,-0.4428339629088898,0.07536545987126485,-0.47229435685717536,-0.25855178825678943,0.10743587250084423,-0.20424701024230385,-0.09926610087338306,-0.12251662122890733,0.19047485312333126,0.2646225411933025,0.6166458001168925,0.031446393452652766,0.12574182939933584,-0.38825731027967,0.1337154229354984,-0.2206287236617298,-0.18139942834986753,-0.038904923813240753,0.5560803143043913,-0.6149675810831187,0.12562532784591798,-0.49876127054608665,-0.06416645033768438,0.02971772154777344,-0.4336935072240614,-0.20089812727566783,0.3924421932637554,-0.7957127922272021,0.1904114251985978,-0.9268655564902646,0.8797239859669465,-0.21138560471807977,0.02514304963783823,0.39827654122491285,-0.06159228637574201,-0.4288921701807156,-0.543420251950934,0.41207463057972615,-0.4535049962059357,0.47167833877342313,-0.6653932384942788
-0.22286168846732804,-0.5328259288815735,0.14821098347741382,-0.320923271258326,0.1282098429509891,-0.5706835633660797,-0.6767608933805731,0.05890037616455281,0.17125383440039513,-0.6058398567894836,-0.19817481542320065,-0.6901790000119075,-0.2899626199126335,-0.533977409059781,-0.21851638986671534,0.34642730578339337,-0.1993573792589861,0.34110971143533747,0.2303835762734177,-0.004354712606186221,-0.6752254426806014,0.031620125315811196,-0.4092260685531377,0.06734947577615269,0.20780567024210567,-0.25992563141736563,0.2101275240294841,0.1665708025996497,-0.4673240939568213,0.5041525195932844,0.3849134340743199,0.299401337739099,-0.21138560471807977,1.0294790267127973,0.4880718863983116,-0.5552103301651714,-0.19511824416030113,-0.24745362757207126,0.08019799095062226,0.10754289332571236,0.18485480418684228,-0.046678616941743356,-0.028185330339397893
-0.04382904916396219,-0.6649642939887401,-0.06850773366301856,-0.490622806594814,-0.08168606989410833,-6.403713978953606e-4,-0.33811571578255956,1.0147030816412337,0.45109661057128964,-1.024706601056434,0.14072200701436205,-0.5283979819142085,-0.07097137303187467,-0.3808877595137537,0.16255826952304195,0.7239812313836527,-0.4674791013135588,0.9874953101606172,0.784067172010124,-0.7373403830907881,-0.6629430789846416,-0.5267212847865269,-0.04514776289491095,-0.26541986278409435,0.06661506307506801,-0.0392418081903804,0.027474219726558214,0.16060277771598735,-0.09111493537656225,0.049277133946971384,-0.1491933570007299,0.5908217857255535,0.02514304963783823,0.4880718863983116,1.568985821663218,-0.12341213891356217,0.004204538854557115,0.5684323333629638,0.6854697655350258,-0.16684864560490906,0.2154229614133437,-0.1417845544425918,-0.902564401305674
0.3507706181282689,0.42218434907528707,-0.2458173780694777,0.20823703939131377,-0.593340877731094,-0.07414306252431663,0.5889855745805174,0.13645247887657128,-0.23030405184336858,0.2542066739831082,-0.00982299436659213,0.46016938094800147,0.5969133072631839,0.06199303004088234,-0.03278577561143211,-0.28682105273218605,0.2717500157921342,-0.12750568209224802,0.01587168474558809,-0.11089284593936771,0.4972905528482558,-0.3879871901131058,0.4731633017189945,0.14360021241100307,-0.23667679733304753,-0.0616986548866549,-0.3271449677364772,-0.42886442501209027,0.46024075436086526,-0.5679030212186363,0.255213027268573,-0.5210018100054465,0.39827654122491285,-0.5552103301651714,-0.12341213891356217,0.6005958305541251,0.23790370693471405,0.040367026744576116,-0.34371018123750846,0.059253329144675924,-0.22198875452273154,0.1201356156362339,-0.30365065905528255
-0.7983300274196022,0.021910454581616782,-0.09418246134640906,0.9733982942586019,-1.184309809051941,-0.1303047864184255,0.0662925214105437,0.05101195994952379,0.49079665632161096,0.1331652885566102,0.05404023661681411,0.27652299370629824,0.27227520422528617,-0.3134540570217882,-0.3490087716992418,0.3259859708883703,-0.422130443053263,0.32068196315975117,0.30988585555304615,0.348615719480928,-0.13723480621025053,0.40754044351036817,0.7848114063940124,0.20809405876755255,-0.6268765857892213,-1.1485208106341214,0.03597473732452872,-0.2647939827316382,-0.6700193627123731,0.4823530726342247,0.19736402483273152,0.5132127183177376,-0.06159228637574201,-0.19511824416030113,0.004204538854557115,0.23790370693471405,1.3945608662524485,-0.2741680059124849,-0.37988278265372355,0.20917554222746138,0.19730561740059233,-0.6769254067165688,-0.23777448349149827
-1.0279464503385982,-0.3548342273101596,-0.3961793523320256,0.26289414818440404,-0.01714071350050083,0.9092080413077082,0.017645725689783846,1.092115907514335,-0.3344276549730524,0.1884511791476134,-0.34143999401257796,-0.3470361603641663,-0.17308979517020534,0.47736141186126135,0.4038701703465441,0.4152231023341891,0.16414814034893468,0.38214013649486095,0.7845083158481311,-0.6727615636217076,-0.20946537191417142,-0.7720784466239954,-0.2410104786752911,0.452642127937178,-0.2958841967430795,0.7083064033799986,0.5360121959091606,-0.26224163590846394,0.32192378382101616,-0.02539714410516892,-0.12431318781028954,0.75916907522332,-0.4288921701807156,-0.24745362757207126,0.5684323333629638,0.040367026744576116,-0.2741680059124849,1.5445412630825235,0.9365968557933855,-0.7987218966226308,-0.023235744674730163,0.22674105379180556,0.3682528879110846
-0.5978127168476668,-1.1267387977080665,-0.025589654926550374,-0.33647886729526066,0.19094779769562,1.3518995977872028,0.2112994540920458,0.9443281443423551,0.2648278214330729,-0.09780530094632055,0.4693524819663387,-0.15821823682199074,-0.5035315454017004,0.18225429406825933,0.5613890044844808,0.12365856666704186,-0.5395068963194293,-0.1875920164871663,0.2611469924648027,-0.7450784207312766,-0.7139613532165963,-0.3105647041585211,-0.19237421371161115,-0.06949874538168209,-0.08982821172985878,0.286891714472752,0.6059288427926356,0.03859764299939198,-0.08603608765915975,0.5770024577892358,-0.19906826982888215,0.9092805768144043,-0.543420251950934,0.08019799095062226,0.6854697655350258,-0.34371018123750846,-0.37988278265372355,0.9365968557933855,1.5178122011931812,-1.1290299884909478,0.23740271712492447,-0.7631270650810047,0.19070446550504988
0.43985231932273716,0.6949440997519521,0.641419122726137,-0.05372014210002011,0.5235603373870658,-1.2672229891034048,-0.49772007158572157,-0.7186139467606388,0.13036258898035175,-0.4495242247397322,-0.4016203102796482,-0.04760689085813338,0.15368957512227877,0.09063981756323498,-0.47308370640619074,0.3837917797363735,0.3120756171516566,0.6102379458511994,-0.02671509571791558,0.5458980737461238,0.4138561524739675,0.7478837555349052,0.0665017553634048,0.02015033023161865,0.47178437259279093,-0.06091681557431374,-0.47279163988673295,0.339647618710782,-0.10608822490500118,-0.33844413430266185,-0.3858075299874061,-0.44400462692340176,0.41207463057972615,0.10754289332571236,-0.16684864560490906,0.059253329144675924,0.20917554222746138,-0.7987218966226308,-1.1290299884909478,1.3201836659276076,0.0458829958280538,0.7060630622380701,-0.2428648587587297
-0.5247331200084295,-0.6614126015157518,0.6795025774764835,-0.301361879860128,0.42703776542900773,-0.12228687022364104,-0.02157274380121935,0.11638318444358027,0.3548867772685195,-0.27191649128319234,-0.003866892141760934,-0.07206707714855429,-0.34354596121186837,-0.10259732370596236,-0.2094471504547516,0.4099444783959361,-0.22266619389472603,0.35566596050421523,0.1308202797409357,0.015478037543610988,-0.4107468872365311,0.732913962919803,0.14121997160018418,0.27686506864081284,0.231876401997852,-0.22294529003345745,0.09275824399823719,0.25351564456314485,-0.34673915492727825,0.5390735664284882,-0.27739908762643617,0.5812646657669387,-0.4535049962059357,0.18485480418684228,0.2154229614133437,-0.22198875452273154,0.19730561740059233,-0.023235744674730163,0.23740271712492447,0.0458829958280538,0.45306339754029973,-0.4658332466629702,0.11967575547355423
0.5937676306669148,1.1947294662280878,-0.3420646213692112,0.008404160246604835,0.6563583566706201,-0.7160956861782592,-0.6619496077992753,-0.3785303754514693,-0.6891415687932342,-0.05646502012323729,-0.7143759990891553,-0.4304952261780707,0.14044024675179664,0.3994085348232132,0.02606465920559067,0.12627044387072575,0.8268030761601488,0.4867817876713334,0.12578826443637456,0.15722847021903733,0.7063312750187186,-0.5267908482091485,-0.6633484964520207,-0.130408807944064,0.3195009926120153,1.0132950132980783,-0.2961289026223229,0.1789776823241009,0.6249787510513383,-1.0202987578501737,-0.2952946657073231,-0.713897042796621,0.47167833877342313,-0.046678616941743356,-0.1417845544425918,0.1201356156362339,-0.6769254067165688,0.22674105379180556,-0.7631270650810047,0.7060630622380701,-0.4658332466629702,1.6416487362190308,0.004075520329264994
-1.268133989715532,-0.29827289954296277,0.46175508394816,0.4619846995674944,0.405077340232343,0.38696612944072534,0.009937235328651832,-0.11673073178662746,-0.37296985948396716,0.724054387891617,-0.5411878758569307,-0.06629357310930255,-0.37165339739210557,0.6663460883127705,-0.08879897455313428,-0.0071133417853862955,0.3925521765979836,-0.5135113241460981,0.006835628313356452,0.25461813416831464,-0.053403804197890925,0.517826399485388,-0.23199457248202357,0.9895223885884662,-0.014145474503143967,0.3239610948301479,0.6761902056743339,-0.23267203128947622,-0.17275300771160124,0.5973746138297701,0.1500497190789131,0.4638186511734017,-0.6653932384942788,-0.028185330339397893,-0.902564401305674,-0.30365065905528255,-0.23777448349149827,0.3682528879110846,0.19070446550504988,-0.2428648587587297,0.11967575547355423,0.004075520329264994,1.4563463102036858
