V1,V2,V3,V4,V5,V6,V7,V8,V9,V10,V11,V12,V13,V14,V15,V16,V17,V18,V19,V20,V21,V22,V23,V24,V25,V26,V27,V28,V29,V30,V31,V32,V33,V34,V35,V36,V37,V38,V39,V40,V41,V42,V43
0.4342566207042737,-2.861680264973291,-1.5849726544078562,1.4581553088599817,-0.36240932520503744,-1.503736798671664,-0.20072354903900355,-0.7209092965701004,1.1534329707113562,2.2197734436544567,0.6402102200982439,1.3663813729363858,-0.4733101736557249,1.3107834053963767,-0.369384298434052,-0.06807215663864624,1.4843329108364902,-0.011847141690173955,-0.8014804531164617,0.15111329382463032,0.6857739419897503,0.40981278472660226,0.3938748661486106,0.2295965552290539,0.5454951508620709,0.6742786603326759,0.0758488145131133,0.18898120737709984,0.3196644818519395,-0.9600502110631134,-0.5476366619611999,1.337711817973084,0.9639945774483638,-0.45166830902000654,0.7534691887257284,-0.08083606600278367,-0.3933210938473664,-2.329240239515566,-1.5656496547071483,-0.7897983741374344,-0.37270430314689645,1.057433910966805,-0.11111926579704744
-2.861680264973291,246.8534042308796,141.9895636585163,-124.8871123603465,-30.1546582284176,147.94230671211326,-20.81567016137213,46.03425512584064,-88.13273225232324,-198.96248211323487,-95.34193171695804,-92.6973642351269,41.26095025585976,-46.57981393089094,-5.056050823675706,-23.29248421647684,-151.81363555174227,22.007446163618226,106.30291887131497,-21.695889249126385,-19.61586803757681,0.4428103988816582,-14.55024510398654,-97.25626966063781,-9.762176862170685,-14.266929602547009,-4.035444191160027,36.363871715449726,-52.7365189997076,86.49902287765589,36.090133122815104,-171.3174162981939,-69.75628409020831,69.38371046415216,-84.08355379673147,24.68647398485412,63.690394997801654,212.28971977861667,150.6805175672006,105.29630600859947,-49.51403312262185,-74.9428943356044,34.807304563294075
-1.5849726544078562,141.9895636585163,81.68780255967332,-71.82044394555648,-17.44229524733441,85.20422606537335,-12.062975257181865,26.38576383930809,-50.69909212650368,-114.41186860772284,-54.9514001402593,-53.25981460458774,23.803710510957334,-26.735312705012873,-2.9961230704804858,-13.495351701640159,-87.34163028903272,12.707636317026756,61.28899806994866,-12.482084012591711,-11.18533329294067,0.33076649547015247,-8.37037533118372,-56.15009913114024,-5.554909292310387,-8.121599903806395,-2.328244876737332,20.9798987111943,-30.33302379127484,49.77673939879138,20.719427458286123,-98.6280285978084,-40.09740683905359,40.01022445754607,-48.4038041605653,14.258989657459148,36.73027137825406,122.18117300070631,86.7363492399722,60.640126910563694,-28.59783036899397,-43.107081825703204,20.049016307451684
1.4581553088599817,-124.8871123603465,-71.82044394555648,63.208646990029465,15.25942330111661,-74.68742398717187,10.47383262355612,-23.42469170128051,44.53985818400716,100.7453223066019,48.14161137261704,46.93567844799901,-20.733738973699946,23.464705607733485,2.5007365543286,11.68196597129674,76.844748053814655,-11.103444033356622,-53.61096193872195,10.999735668414408,9.992647389132912,-0.18715232858411465,7.2957151026840785,49.03457812107326,4.939194611709914,7.245648697500849,2.0190808118490233,-18.440281040522787,26.763782134531,-43.72733441065659,-18.302107303034308,86.67943632103868,35.29996199268886,-34.997626313843085,42.52195809084437,-12.426651446413747,-32.12590850119007,-107.29106240268375,-76.15107887996167,-53.24282229000043,25.078768523186234,37.86148546287436,-17.635296323263884
-0.36240932520503744,-30.1546582284176,-17.44229524733441,15.25942330111661,4.966592904714753,-18.31598721619334,3.2885041748897055,-5.402574477423662,10.4881445961364,24.534815006287612,12.402936188628507,10.831613500726563,-4.928635503220052,4.2176122488548184,1.3382391649272354,3.3658763209016525,19.074415111704287,-3.0996388357003117,-13.615317970798493,2.8502954296109584,1.6305618665497088,-0.7685467878782379,1.3164040868293216,13.350468657914726,0.4153109040375097,0.8518891032640609,0.42157571152004775,-5.577024487664211,7.038419574320364,-10.614340001029724,-4.213468492500696,22.099484085670372,8.249967424800142,-9.02031282453544,10.654940390831234,-3.3316358244936226,-8.318093760123986,-26.075756969838224,-18.663105915231966,-13.613202567870296,7.775342965115954,8.770058278320656,-4.799666885847222
-1.503736798671664,147.94230671211326,85.20422606537335,-74.68742398717187,-18.31598721619334,89.68362791773502,-12.978263498555659,26.71837970440405,-53.053377433345624,-118.75814490821244,-57.86565217379207,-55.21830901681165,25.564203211817073,-28.22571960585928,-3.5282745061661824,-14.689685672993953,-90.85123197307249,13.460592685343292,64.87190883043698,-12.902387038717718,-11.179177317372588,0.6384992922433427,-9.024118307761194,-59.62111266930901,-5.6877206813072085,-8.195776198186026,-2.540798986128079,21.764488430176552,-31.219087712857792,52.05642390150467,21.323367284170605,-102.87127608920369,-41.69337058072124,42.33355942363714,-50.576063635452165,15.24140740360171,38.86825712707334,127.9261687149335,90.8499046823423,63.43308045681084,-29.856246650588567,-45.15945807819224,20.816974615723012
-0.20072354903900355,-20.81567016137213,-12.062975257181865,10.47383262355612,3.2885041748897055,-12.978263498555659,2.3229006506632657,-3.445887520980049,7.376852472455532,16.715800132123626,8.695437853735301,7.44040872618056,-3.7325881619661296,3.290810774138268,0.9792862742628302,2.5010613258801375,13.022698293724712,-2.1664818228966385,-9.717374780547383,1.8943328095347964,1.0488640167099341,-0.5407070773243342,1.1043208121240442,9.44714739282586,0.36576961005367353,0.6164683747124763,0.34924685743532535,-3.6353360949174403,4.608102793358081,-7.398783560524,-2.8300353176145396,15.118515444919003,5.701917834407829,-6.407714209904772,7.354481073203298,-2.4089109378407407,-5.904376176979845,-18.233575295460252,-13.039359637231756,-9.3840403038389,5.124743307360741,6.214057777332707,-3.198715441254169
-0.7209092965701004,46.03425512584064,26.38576383930809,-23.42469170128051,-5.402574477423662,26.71837970440405,-3.445887520980049,9.32792801772521,-16.23875624059628,-37.511691979896845,-17.154212081765333,-17.577673972132605,6.984046073119381,-8.43742983050654,-0.5116360601404552,-3.716912595358518,-28.41824668348685,3.8689990135455536,18.827398835718366,-4.128870723418132,-4.15664472407252,-0.24225737478080017,-2.459319806039676,-16.986434159455605,-1.9668810768999483,-2.9715618469606433,-0.649286431773413,6.794459616919042,-10.157730339133172,15.946118861422763,6.992566263974828,-31.767183156246432,-13.1070786140566,12.294340878528859,-15.520311844764672,4.220662637641905,11.277762665931073,38.993063380629714,27.632851866713846,19.34964504293708,-9.061308758605575,-13.770940670376524,6.522450903050706
1.1534329707113562,-88.13273225232324,-50.69909212650368,44.53985818400716,10.4881445961364,-53.053377433345624,7.376852472455532,-16.23875624059628,31.610432384464296,70.82936517386331,34.047430528511256,33.130066002513736,-15.008202707272781,17.122893430016617,1.7556372681472878,8.389499401181423,54.01776551393207,-7.825086090450435,-38.124239837036804,7.661861922923604,7.041873377505656,-0.07338792831590561,5.410104949476924,34.71576371864209,3.649148765756774,5.231910441540952,1.4962854001612376,-12.664937283982006,18.551699769464502,-30.93303085369884,-12.848036514303312,60.903665304434476,24.945459094391083,-24.844770969246742,29.969542824761763,-8.85927347046867,-22.798248055830886,-75.95960753462082,-53.88751603317825,-37.48543999597128,17.260686483073545,26.933628809979925,-12.264947361013638
2.2197734436544567,-198.96248211323487,-114.41186860772284,100.7453223066019,24.534815006287612,-118.75814490821244,16.715800132123626,-37.511691979896845,70.82936517386331,160.6885843267733,76.66609705770308,74.75649875064161,-32.772602472499614,36.959795693619334,4.0093168941948445,18.525805078733757,122.58211258223565,-17.70736718279254,-85.22848191391235,17.597368154113383,15.905945767086953,-0.35690795845046314,11.43292387754795,78.08176676576018,7.736852794427797,11.439272189902299,3.166311090599283,-29.64513648082807,42.88276246470294,-69.61427743840707,-29.19871505488373,138.30445498679862,56.207439140661485,-55.670661247788175,67.77993189349549,-19.745050650649745,-51.10870737768203,-170.76732581564528,-121.22535905117819,-84.903021510195,40.297287172941374,60.16238098684533,-28.23263244193128
0.6402102200982439,-95.34193171695804,-54.9514001402593,48.14161137261704,12.402936188628507,-57.86565217379207,8.695437853735301,-17.154212081765333,34.047430528511256,76.66609705770308,37.618254079323435,35.3665612726494,-16.382850395886976,17.474496037016333,2.5937955125109116,9.680810433577873,58.807506811563634,-8.857886815834851,-42.052875418374335,8.414266026525084,6.86640696048256,-0.7342190426842813,5.581950769000577,39.061294235938504,3.3028215841977326,4.874435074824013,1.597935228609109,-14.568181454227407,20.42164820144963,-33.56083069100246,-13.663192700687185,66.84480529814853,26.7458086906151,-27.50667190344292,32.768627576286626,-9.95264840109009,-25.27232775912137,-82.4786421781242,-58.64521127585224,-41.22199380113092,20.054886798824867,28.90870648567245,-13.678413969890109
1.3663813729363858,-92.6973642351269,-53.25981460458774,46.93567844799901,10.831613500726563,-55.21830901681165,7.44040872618056,-17.577673972132605,33.130066002513736,74.75649875064161,35.3665612726494,35.05962255305318,-15.323492237471962,17.910225611784725,1.5318489825892598,8.389315216029592,56.86350763688893,-8.058208280514561,-39.41619349904007,8.105958182881691,7.768182375597334,0.16704045344064175,5.543311906792393,35.69326859877324,3.968391814627569,5.745081455673674,1.5085955659129877,-13.279906706805072,19.69816046776888,-32.41140534452591,-13.69441199699086,63.88795571727677,26.31338893757155,-25.68371924832883,31.398670959134165,-9.051480133845116,-23.562032106096165,-79.49513308970602,-56.36093485654165,-39.20578708404689,17.96646984786002,28.210382326616102,-12.897109942378686
-0.4733101736557249,41.26095025585976,23.803710510957334,-20.733738973699946,-4.928635503220052,25.564203211817073,-3.7325881619661296,6.984046073119381,-15.008202707272781,-32.772602472499614,-16.382850395886976,-15.323492237471962,7.661365089307511,-8.433661834415895,-1.100242152425493,-4.4037255178166745,-25.12384411961327,3.8126665406085842,18.63220151506816,-3.4877134541277788,-2.9659196965638768,0.22071887927770592,-2.81712765213334,-17.05654368310138,-1.6863352763581076,-2.299044797847511,-0.8002689665799028,5.763577459538771,-8.32223976518597,14.636355037590015,5.8127086490616495,-28.51163247126871,-11.62939411786457,12.119842726073069,-14.118051182376743,4.438642153679118,11.123374384104059,36.061934779795095,25.600766330504477,17.6973733629421,-7.99656372849823,-12.840293569316922,5.640196163403219
1.3107834053963767,-46.57981393089094,-26.735312705012873,23.464705607733485,4.2176122488548184,-28.22571960585928,3.290810774138268,-8.43742983050654,17.122893430016617,36.959795693619334,17.474496037016333,17.910225611784725,-8.433661834415895,10.83813975656521,0.3453356456634817,4.179828425442884,27.897337493453037,-3.797503274286906,-19.967700767995254,3.7819216902526667,4.319938815077066,0.5928623436797437,3.5123542573156694,17.302121267882093,2.725825311830355,3.6020486588713783,0.9253391120624164,-5.409518058443962,8.96219347530857,-16.39205780930997,-6.871258711069175,30.965534921486718,13.436416302220398,-12.858733055754403,15.491275280615499,-4.528228668088401,-11.76164949647657,-40.299122806220694,-28.439113013655753,-19.118616034400215,7.27099083631252,14.775650244427124,-5.849466018942633
-0.369384298434052,-5.056050823675706,-2.9961230704804858,2.5007365543286,1.3382391649272354,-3.5282745061661824,0.9792862742628302,-0.5116360601404552,1.7556372681472878,4.0093168941948445,2.5937955125109116,1.5318489825892598,-1.100242152425493,0.3453356456634817,0.6423973895896957,1.0037156307966981,3.320358188467439,-0.7534133278581253,-2.9182518037289857,0.5050813942947628,-0.18859182176942654,-0.49844377853647226,0.18421025456261686,3.209356689632618,-0.24246212633014008,-0.27680126733737204,0.09306751031015521,-1.2919571564636532,1.2301426531654238,-1.8756023481873474,-0.5298347324830219,4.158644399220613,1.2539757287210345,-1.967436018630579,1.9792462860263218,-0.8268744843950104,-1.8275216944413855,-4.677780348804382,-3.414409670041138,-2.6471475451026345,1.9302270813497735,1.436979976587879,-0.9659519263821736
-0.06807215663864624,-23.29248421647684,-13.495351701640159,11.68196597129674,3.3658763209016525,-14.689685672993953,2.5010613258801375,-3.716912595358518,8.389499401181423,18.525805078733757,9.680810433577873,8.389315216029592,-4.4037255178166745,4.179828425442884,1.0037156307966981,2.8184452114721252,14.388392494651894,-2.368636343334607,-10.962787560262,2.0384340869550286,1.2603025816843199,-0.48557317473502637,1.439714036105574,10.457560400741956,0.5957852607098284,0.8646761333878432,0.4399781095528322,-3.7334121804955003,4.8942511695741775,-8.315756530567342,-3.151855771948165,16.625247432192698,6.432592905485852,-7.1878704011912005,8.161768751502683,-2.708464500129997,-6.614086233870641,-20.52460888337493,-14.643760572479607,-10.360214952254548,5.278108528720425,7.121733364276474,-3.410980478937092
1.4843329108364902,-151.81363555174227,-87.34163028903272,76.844748053814655,19.074415111704287,-90.85123197307249,13.022698293724712,-28.41824668348685,54.01776551393207,122.58211258223565,58.807506811563634,56.86350763688893,-25.12384411961327,27.897337493453037,3.320358188467439,14.388392494651894,93.63903204713013,-13.657973588674265,-65.38572512418621,13.458458641301661,11.850923807960841,-0.5103497552922636,8.664256055250403,60.166210091057515,5.686509712746403,8.450832513098641,2.4198176541779364,-22.890660367715423,32.79868452579833,-53.16661042371993,-22.179082663082475,105.84894144989555,42.802471444033976,-42.74036506980784,51.842864851332536,-15.220017225451432,-39.24861274837125,-130.45560406377342,-92.65474318429617,-65.02222235631982,31.198722905336535,45.85448338206441,-21.66773781978696
-0.011847141690173955,22.007446163618226,12.707636317026756,-11.103444033356622,-3.0996388357003117,13.460592685343292,-2.1664818228966385,3.8689990135455536,-7.825086090450435,-17.70736718279254,-8.857886815834851,-8.058208280514561,3.8126665406085842,-3.797503274286906,-0.7534133278581253,-2.368636343334607,-13.657973588674265,2.1321604929361926,9.885947488345392,-1.9708629505170547,-1.4177563647270914,0.3155882593307837,-1.2270162264447928,-9.351092632149781,-0.6181098944046018,-0.949617520782318,-0.36386573621317103,3.55733407691033,-4.793718601221713,7.768072788626173,3.101632943247416,-15.644295333836077,-6.11992671332622,6.488747909088744,-7.641268264924486,2.378867298300085,5.9686575566344375,19.10510414903425,13.61413969441234,9.664729463354586,-4.938938560755716,-6.621107243761977,3.2494775932223576
-0.8014804531164617,106.30291887131497,61.28899806994866,-53.61096193872195,-13.615317970798493,64.87190883043698,-9.717374780547383,18.827398835718366,-38.124239837036804,-85.22848191391235,-42.052875418374335,-39.41619349904007,18.63220151506816,-19.967700767995254,-2.9182518037289857,-10.962787560262,-65.38572512418621,9.885947488345392,47.205308738889045,-9.292581806334258,-7.608665321693016,0.7958051862813617,-6.459144480376067,-43.734291337361945,-3.805906577711057,-5.508028027107292,-1.8484877531602313,15.954806380057768,-22.467396742312243,37.49504335086422,15.157574628507867,-74.32453725525764,-29.840991472762333,30.840460948006868,-36.516630470417056,11.20057256459104,28.329524546568116,92.20864933214686,65.54577581349042,45.91097557079084,-22.013553071226386,-32.42514865814149,15.099946018838814
0.15111329382463032,-21.695889249126385,-12.482084012591711,10.999735668414408,2.8502954296109584,-12.902387038717718,1.8943328095347964,-4.128870723418132,7.661861922923604,17.597368154113383,8.414266026525084,8.105958182881691,-3.4877134541277788,3.7819216902526667,0.5050813942947628,2.0384340869550286,13.458458641301661,-1.9708629505170547,-9.292581806334258,1.958700881531756,1.6667736896464516,-0.11644010312023005,1.1517418750015402,8.626096792887136,0.739720058002941,1.1411336683048694,0.3240132939381428,-3.406578554051691,4.797734254032487,-7.580098404527469,-3.17977196285011,15.24217861066242,6.096810682298631,-6.090535391123397,7.432887360205549,-2.1630580982641052,-5.597203678075932,-18.58456164846341,-13.213021113558044,-9.344594365917231,4.640689520698237,6.481523843363763,-3.165196854129457
0.6857739419897503,-19.61586803757681,-11.18533329294067,9.992647389132912,1.6305618665497088,-11.179177317372588,1.0488640167099341,-4.15664472407252,7.041873377505656,15.905945767086953,6.86640696048256,7.768182375597334,-2.9659196965638768,4.319938815077066,-0.18859182176942654,1.2603025816843199,11.850923807960841,-1.4177563647270914,-7.608665321693016,1.6667736896464516,2.2076310959206604,0.4964777895034461,1.2581253593648187,6.382733749525831,1.2469318087486776,1.7472429080057847,0.3028412873119072,-2.319671069453383,4.055107240891574,-6.752875689685462,-3.1035424247233503,12.923834733303366,5.7315954878208775,-4.901068987771707,6.402402432512222,-1.6008826315203164,-4.476271434665443,-16.485877591862224,-11.600772735460117,-7.836702379121179,2.967816631791965,6.043823598293206,-2.5040989401588525
0.40981278472660226,0.4428103988816582,0.33076649547015247,-0.18715232858411465,-0.7685467878782379,0.6384992922433427,-0.5407070773243342,-0.24225737478080017,-0.07338792831590561,-0.35690795845046314,-0.7342190426842813,0.16704045344064175,0.22071887927770592,0.5928623436797437,-0.49844377853647226,-0.48557317473502637,-0.5103497552922636,0.3155882593307837,0.7958051862813617,-0.11644010312023005,0.4964777895034461,0.4565263232544316,0.13522339419577525,-1.2503591965417533,0.41911063649200697,0.5156199476910438,-6.667405479767042e-4,0.6378352943132468,-0.30507745287834404,0.23244174288458247,-0.10948582635563404,-0.9542812033398196,0.040666286588192234,0.5856925509580944,-0.3917061252812901,0.31465991075070965,0.5589496204424561,0.6243006000886748,0.5341309511026485,0.6520937505344395,-1.0150068413196314,0.002204163741851304,0.3315413980656546
0.3938748661486106,-14.55024510398654,-8.37037533118372,7.2957151026840785,1.3164040868293216,-9.024118307761194,1.1043208121240442,-2.459319806039676,5.410104949476924,11.43292387754795,5.581950769000577,5.543311906792393,-2.81712765213334,3.5123542573156694,0.18421025456261686,1.439714036105574,8.664256055250403,-1.2270162264447928,-6.459144480376067,1.1517418750015402,1.2581253593648187,0.13522339419577525,1.1809847912880291,5.628177936135992,0.8488592328120508,1.0864794381017309,0.31806152276082905,-1.6367687896140535,2.6925814735861917,-5.164548161362733,-2.089265579382593,9.666681185260101,4.184420668060204,-4.154193488644598,4.862379939943836,-1.4965883476930633,-3.8004366022794795,-12.731186770839587,-8.989120691007564,-6.010943698237249,2.2386592705604813,4.683635954132529,-1.7953270577501457
0.2295965552290539,-97.25626966063781,-56.15009913114024,49.03457812107326,13.350468657914726,-59.62111266930901,9.44714739282586,-16.986434159455605,34.71576371864209,78.08176676576018,39.061294235938504,35.69326859877324,-17.05654368310138,17.302121267882093,3.209356689632618,10.457560400741956,60.166210091057515,-9.351092632149781,-43.734291337361945,8.626096792887136,6.382733749525831,-1.2503591965417533,5.628177936135992,41.14588087417056,2.9384048067608743,4.399719685415371,1.6556300306697695,-15.363489896061344,20.92050010731682,-34.35907037544536,-13.703983886949315,68.81424659528666,27.106575850816895,-28.662329827462926,33.68864472115688,-10.508094374673584,-26.35446521089489,-84.53075882417178,-60.19725880272009,-42.546302904585424,21.32915642432696,29.43036695677868,-14.181619064327338
0.5454951508620709,-9.762176862170685,-5.554909292310387,4.939194611709914,0.4153109040375097,-5.6877206813072085,0.36576961005367353,-1.9668810768999483,3.649148765756774,7.736852794427797,3.3028215841977326,3.968391814627569,-1.6863352763581076,2.725825311830355,-0.24246212633014008,0.5957852607098284,5.686509712746403,-0.6181098944046018,-3.805906577711057,0.739720058002941,1.2469318087486776,0.41911063649200697,0.8488592328120508,2.9384048067608743,0.8576674018641524,1.106614579125232,0.20051914457257486,-0.7535102946888895,1.7311221265536554,-3.3882658988120427,-1.5497243813164365,6.06460818858999,2.9235516219746245,-2.403457083037829,3.090135475270137,-0.7780165573559098,-2.1837132609461865,-8.297604578554097,-5.795912051707723,-3.706029506025359,0.9134198283911406,3.191835185897037,-1.046726692073826
0.6742786603326759,-14.266929602547009,-8.121599903806395,7.245648697500849,0.8518891032640609,-8.195776198186026,0.6164683747124763,-2.9715618469606433,5.231910441540952,11.439272189902299,4.874435074824013,5.745081455673674,-2.299044797847511,3.6020486588713783,-0.27680126733737204,0.8646761333878432,8.450832513098641,-0.949617520782318,-5.508028027107292,1.1411336683048694,1.7472429080057847,0.5156199476910438,1.0864794381017309,4.399719685415371,1.106614579125232,1.4784672725463832,0.25699544164778515,-1.3602906716125005,2.729151106444647,-4.926559926232424,-2.2724698000119927,9.092270059549922,4.231559542263085,-3.5087534516398073,4.572404765258202,-1.1339824136034855,-3.194131198750942,-12.042269376748662,-8.435976249635658,-5.529316700290665,1.6905701789603238,4.5379047370165315,-1.6594875966559797
0.0758488145131133,-4.035444191160027,-2.328244876737332,2.0190808118490233,0.42157571152004775,-2.540798986128079,0.34924685743532535,-0.649286431773413,1.4962854001612376,3.166311090599283,1.597935228609109,1.5085955659129877,-0.8002689665799028,0.9253391120624164,0.09306751031015521,0.4399781095528322,2.4198176541779364,-0.36386573621317103,-1.8484877531602313,0.3240132939381428,0.3028412873119072,-6.667405479767042e-4,0.31806152276082905,1.6556300306697695,0.20051914457257486,0.25699544164778515,0.08898367405147257,-0.4974712975277434,0.7595058391024135,-1.4403952348233418,-0.5633003568036602,2.732329645801815,1.1470317562116608,-1.1944706130168286,1.3690156333026995,-0.4401790268951711,-1.0943487865815613,-3.5562835075245682,-2.5182299468207545,-1.705565463759729,0.693230456322081,1.2909513210886552,-0.5180245489912803
0.18898120737709984,36.363871715449726,20.9798987111943,-18.440281040522787,-5.577024487664211,21.764488430176552,-3.6353360949174403,6.794459616919042,-12.664937283982006,-29.64513648082807,-14.568181454227407,-13.279906706805072,5.763577459538771,-5.409518058443962,-1.2919571564636532,-3.7334121804955003,-22.890660367715423,3.55733407691033,15.954806380057768,-3.406578554051691,-2.319671069453383,0.6378352943132468,-1.6367687896140535,-15.363489896061344,-0.7535102946888895,-1.3602906716125005,-0.4974712975277434,6.42342486769827,-8.423122940366046,12.732755880007472,5.211198344809384,-26.280733028076103,-10.051593578777146,10.540672499578598,-12.699243029954813,3.820214489627092,9.708302142232245,31.231177115307773,22.298692161408226,16.129402610096864,-8.859597703226303,-10.619485967410595,5.649465432480258
0.3196644818519395,-52.7365189997076,-30.33302379127484,26.763782134531,7.038419574320364,-31.219087712857792,4.608102793358081,-10.157730339133172,18.551699769464502,42.88276246470294,20.42164820144963,19.69816046776888,-8.32223976518597,8.96219347530857,1.2301426531654238,4.8942511695741775,32.79868452579833,-4.793718601221713,-22.467396742312243,4.797734254032487,4.055107240891574,-0.30507745287834404,2.6925814735861917,20.92050010731682,1.7311221265536554,2.729151106444647,0.7595058391024135,-8.423122940366046,11.801862903050452,-18.395365149517666,-7.757301721098863,37.15792874527108,14.808070642708467,-14.744206760954635,18.086193684996314,-5.22369182898846,-13.550581890779837,-45.07535845039172,-32.054734585454966,-22.749689030546577,11.457260056807648,15.66807805199597,-7.766881756017833
-0.9600502110631134,86.49902287765589,49.77673939879138,-43.72733441065659,-10.614340001029724,52.05642390150467,-7.398783560524,15.946118861422763,-30.93303085369884,-69.61427743840707,-33.56083069100246,-32.41140534452591,14.636355037590015,-16.39205780930997,-1.8756023481873474,-8.315756530567342,-53.16661042371993,7.768072788626173,37.49504335086422,-7.580098404527469,-6.752875689685462,0.23244174288458247,-5.164548161362733,-34.35907037544536,-3.3882658988120427,-4.926559926232424,-1.4403952348233418,12.732755880007472,-18.395365149517666,30.355916854663608,12.58167850256589,-60.069641589257635,-24.420104799730428,24.470893165922156,-29.50171052478927,8.744653695830722,22.464372112756287,74.53608595882837,52.9146745660403,36.964097646126355,-17.383647931922088,-26.31394480723018,12.185816362166262
-0.5476366619611999,36.090133122815104,20.719427458286123,-18.302107303034308,-4.213468492500696,21.323367284170605,-2.8300353176145396,6.992566263974828,-12.848036514303312,-29.19871505488373,-13.663192700687185,-13.69441199699086,5.8127086490616495,-6.871258711069175,-0.5298347324830219,-3.151855771948165,-22.179082663082475,3.101632943247416,15.157574628507867,-3.17977196285011,-3.1035424247233503,-0.10948582635563404,-2.089265579382593,-13.703983886949315,-1.5497243813164365,-2.2724698000119927,-0.5633003568036602,5.211198344809384,-7.757301721098863,12.58167850256589,5.380343250982544,-24.87500012854786,-10.256462738043373,9.882263799143574,-12.203984271689784,3.454282988678286,9.065305792597341,30.82973102923839,21.85352081051088,15.22904421085894,-7.016592289785829,-10.927340550988161,5.0462421194107145
1.337711817973084,-171.3174162981939,-98.6280285978084,86.67943632103868,22.099484085670372,-102.87127608920369,15.118515444919003,-31.767183156246432,60.903665304434476,138.30445498679862,66.84480529814853,63.88795571727677,-28.51163247126871,30.965534921486718,4.158644399220613,16.625247432192698,105.84894144989555,-15.644295333836077,-74.32453725525764,15.24217861066242,12.923834733303366,-0.9542812033398196,9.666681185260101,68.81424659528666,6.06460818858999,9.092270059549922,2.732329645801815,-26.280733028076103,37.15792874527108,-60.069641589257635,-24.87500012854786,119.96748255112063,48.16535228042017,-48.63471986305094,58.703415024829646,-17.412761493181016,-44.67794150653214,-147.445007716558,-104.7948291689354,-73.7579259827883,35.94539222477107,51.6513363583473,-24.660831704272336
0.9639945774483638,-69.75628409020831,-40.09740683905359,35.29996199268886,8.249967424800142,-41.69337058072124,5.701917834407829,-13.1070786140566,24.945459094391083,56.207439140661485,26.7458086906151,26.31338893757155,-11.62939411786457,13.436416302220398,1.2539757287210345,6.432592905485852,42.802471444033976,-6.11992671332622,-29.840991472762333,6.096810682298631,5.7315954878208775,0.040666286588192234,4.184420668060204,27.106575850816895,2.9235516219746245,4.231559542263085,1.1470317562116608,-10.051593578777146,14.808070642708467,-24.420104799730428,-10.256462738043373,48.16535228042017,19.773176417653065,-19.45115531763464,23.672963215450515,-6.885358261586958,-17.846699717324643,-59.91716123146423,-42.49420273812171,-29.58481585653072,13.63630000904792,21.238927688411184,-9.729494001142811
-0.45166830902000654,69.38371046415216,40.01022445754607,-34.997626313843085,-9.02031282453544,42.33355942363714,-6.407714209904772,12.294340878528859,-24.844770969246742,-55.670661247788175,-27.50667190344292,-25.68371924832883,12.119842726073069,-12.858733055754403,-1.967436018630579,-7.1878704011912005,-42.74036506980784,6.488747909088744,30.840460948006868,-6.090535391123397,-4.901068987771707,0.5856925509580944,-4.154193488644598,-28.662329827462926,-2.403457083037829,-3.5087534516398073,-1.1944706130168286,10.540672499578598,-14.744206760954635,24.470893165922156,9.882263799143574,-48.63471986305094,-19.45115531763464,20.16405896394109,-23.870861861194108,7.3304736778001365,18.52602920535007,60.176352455075516,42.79112364925947,30.037982393457238,-14.553469624841245,-21.11277556296557,9.91794926329551
0.7534691887257284,-84.08355379673147,-48.4038041605653,42.52195809084437,10.654940390831234,-50.576063635452165,7.354481073203298,-15.520311844764672,29.969542824761763,67.77993189349549,32.768627576286626,31.398670959134165,-14.118051182376743,15.491275280615499,1.9792462860263218,8.161768751502683,51.842864851332536,-7.641268264924486,-36.516630470417056,7.432887360205549,6.402402432512222,-0.3917061252812901,4.862379939943836,33.68864472115688,3.090135475270137,4.572404765258202,1.3690156333026995,-12.699243029954813,18.086193684996314,-29.50171052478927,-12.203984271689784,58.703415024829646,23.672963215450515,-23.870861861194108,28.769611748912954,-8.54857142224884,-21.92278099714214,-72.43046993817735,-51.457963958153975,-36.112503122625675,17.366679126438353,25.448335173481688,-12.003541622104185
-0.08083606600278367,24.68647398485412,14.258989657459148,-12.426651446413747,-3.3316358244936226,15.24140740360171,-2.4089109378407407,4.220662637641905,-8.85927347046867,-19.745050650649745,-9.95264840109009,-9.051480133845116,4.438642153679118,-4.528228668088401,-0.8268744843950104,-2.708464500129997,-15.220017225451432,2.378867298300085,11.20057256459104,-2.1630580982641052,-1.6008826315203164,0.31465991075070965,-1.4965883476930633,-10.508094374673584,-0.7780165573559098,-1.1339824136034855,-0.4401790268951711,3.820214489627092,-5.22369182898846,8.744653695830722,3.454282988678286,-17.412761493181016,-6.885358261586958,7.3304736778001365,-8.54857142224884,2.7011364410934555,6.738130253405272,21.532317173337102,15.328763529652855,10.789155826029411,-5.320141329567401,-7.526179114339474,3.557618262352223
-0.3933210938473664,63.690394997801654,36.73027137825406,-32.12590850119007,-8.318093760123986,38.86825712707334,-5.904376176979845,11.277762665931073,-22.798248055830886,-51.10870737768203,-25.27232775912137,-23.562032106096165,11.123374384104059,-11.76164949647657,-1.8275216944413855,-6.614086233870641,-39.24861274837125,5.9686575566344375,28.329524546568116,-5.597203678075932,-4.476271434665443,0.5589496204424561,-3.8004366022794795,-26.35446521089489,-2.1837132609461865,-3.194131198750942,-1.0943487865815613,9.708302142232245,-13.550581890779837,22.464372112756287,9.065305792597341,-44.67794150653214,-17.846699717324643,18.52602920535007,-21.92278099714214,6.738130253405272,17.022632186089137,55.24323621750434,39.288223296081,27.59523117630585,-13.409464013105504,-19.36935474726404,9.119920980551125
-2.329240239515566,212.28971977861667,122.18117300070631,-107.29106240268375,-26.075756969838224,127.9261687149335,-18.233575295460252,38.993063380629714,-75.95960753462082,-170.76732581564528,-82.4786421781242,-79.49513308970602,36.061934779795095,-40.299122806220694,-4.677780348804382,-20.52460888337493,-130.45560406377342,19.10510414903425,92.20864933214686,-18.58456164846341,-16.485877591862224,0.6243006000886748,-12.731186770839587,-84.53075882417178,-8.297604578554097,-12.042269376748662,-3.5562835075245682,31.231177115307773,-45.07535845039172,74.53608595882837,30.82973102923839,-147.445007716558,-59.91716123146423,60.176352455075516,-72.43046993817735,21.532317173337102,55.24323621750434,183.04461657160334,129.95341947388084,90.76483153408022,-42.67396056894859,-64.626023862622,29.893346663943294
-1.5656496547071483,150.6805175672006,86.7363492399722,-76.15107887996167,-18.663105915231966,90.8499046823423,-13.039359637231756,27.632851866713846,-53.88751603317825,-121.22535905117819,-58.64521127585224,-56.36093485654165,25.600766330504477,-28.439113013655753,-3.414409670041138,-14.643760572479607,-92.65474318429617,13.61413969441234,65.54577581349042,-13.213021113558044,-11.600772735460117,0.5341309511026485,-8.989120691007564,-60.19725880272009,-5.795912051707723,-8.435976249635658,-2.5182299468207545,22.298692161408226,-32.054734585454966,52.9146745660403,21.85352081051088,-104.7948291689354,-42.49420273812171,42.79112364925947,-51.457963958153975,15.328763529652855,39.288223296081,129.95341947388084,92.28062380700348,64.51768453747604,-30.494065360971366,-45.83090211130063,21.280732327851677
-0.7897983741374344,105.29630600859947,60.640126910563694,-53.24282229000043,-13.613202567870296,63.43308045681084,-9.3840403038389,19.34964504293708,-37.48543999597128,-84.903021510195,-41.22199380113092,-39.20578708404689,17.6973733629421,-19.118616034400215,-2.6471475451026345,-10.360214952254548,-65.02222235631982,9.664729463354586,45.91097557079084,-9.344594365917231,-7.836702379121179,0.6520937505344395,-6.010943698237249,-42.546302904585424,-3.706029506025359,-5.529316700290665,-1.705565463759729,16.129402610096864,-22.749689030546577,36.964097646126355,15.22904421085894,-73.7579259827883,-29.58481585653072,30.037982393457238,-36.112503122625675,10.789155826029411,27.59523117630585,90.76483153408022,64.51768453747604,45.38930808720023,-22.1036843338392,-31.802582964021667,15.139840035693659
-0.37270430314689645,-49.51403312262185,-28.59783036899397,25.078768523186234,7.775342965115954,-29.856246650588567,5.124743307360741,-9.061308758605575,17.260686483073545,40.297287172941374,20.054886798824867,17.96646984786002,-7.99656372849823,7.27099083631252,1.9302270813497735,5.278108528720425,31.198722905336535,-4.938938560755716,-22.013553071226386,4.640689520698237,2.967816631791965,-1.0150068413196314,2.2386592705604813,21.32915642432696,0.9134198283911406,1.6905701789603238,0.693230456322081,-8.859597703226303,11.457260056807648,-17.383647931922088,-7.016592289785829,35.94539222477107,13.63630000904792,-14.553469624841245,17.366679126438353,-5.320141329567401,-13.409464013105504,-42.67396056894859,-30.494065360971366,-22.1036843338392,12.279370195710403,14.466348274437202,-7.74154223290636
1.057433910966805,-74.9428943356044,-43.107081825703204,37.86148546287436,8.770058278320656,-45.15945807819224,6.214057777332707,-13.770940670376524,26.933628809979925,60.16238098684533,28.90870648567245,28.210382326616102,-12.840293569316922,14.775650244427124,1.436979976587879,7.121733364276474,45.85448338206441,-6.621107243761977,-32.42514865814149,6.481523843363763,6.043823598293206,0.002204163741851304,4.683635954132529,29.43036695677868,3.191835185897037,4.5379047370165315,1.2909513210886552,-10.619485967410595,15.66807805199597,-26.31394480723018,-10.927340550988161,51.6513363583473,21.238927688411184,-21.11277556296557,25.448335173481688,-7.526179114339474,-19.36935474726404,-64.626023862622,-45.83090211130063,-31.802582964021667,14.466348274437202,22.97161372678762,-10.354729545641716
-0.11111926579704744,34.807304563294075,20.049016307451684,-17.635296323263884,-4.799666885847222,20.816974615723012,-3.198715441254169,6.522450903050706,-12.264947361013638,-28.23263244193128,-13.678413969890109,-12.897109942378686,5.640196163403219,-5.849466018942633,-0.9659519263821736,-3.410980478937092,-21.66773781978696,3.2494775932223576,15.099946018838814,-3.165196854129457,-2.5040989401588525,0.3315413980656546,-1.7953270577501457,-14.181619064327338,-1.046726692073826,-1.6594875966559797,-0.5180245489912803,5.649465432480258,-7.766881756017833,12.185816362166262,5.0462421194107145,-24.660831704272336,-9.729494001142811,9.91794926329551,-12.003541622104185,3.557618262352223,9.119920980551125,29.893346663943294,21.280732327851677,15.139840035693659,-7.74154223290636,-10.354729545641716,5.164324326629193
