V1,V2,V3,V4,V5,V6,V7,V8,V9,V10,V11,V12,V13,V14,V15,V16,V17,V18,V19,V20,V21,V22,V23,V24,V25,V26,V27,V28,V29,V30,V31,V32,V33,V34,V35,V36,V37,V38,V39,V40,V41,V42,V43
8.986688535792698,4.484900550332277,-0.2182155953381175,-4.443524515034368,4.6710058166967166,-3.4540029069560663,0.05236345966223673,-4.656629473536527,-2.2519057114488317,-0.34112822187608816,0.4692151588399731,0.714395211543589,0.6564640957642942,-0.27690725521640835,0.19237381620061714,-3.2587370438140946,2.5994087159444987,-1.5602694870800773,-4.196835769416788,1.2194232294025862,3.721858182682026,-0.5529598290466932,-2.215634102868356,-3.593320853386523,3.252961273523618,3.5444226426865684,-3.8164785453897556,2.1191041223163145,3.690299211758326,-5.032256038022955,-1.3966490189182919,-6.724835163441635,3.0537841262227774,-0.5022940370898227,-2.4588997296398807,0.7063981402338967,-4.571963489693143,-3.531890227189375,-3.592082845232509,2.6841437459656214,-1.8602593484175038,4.524421860993519,-1.7979083602069965
4.484900550332277,3.5161178047496917,-0.4294239729740127,-0.7662805769330545,1.7411679697116904,-2.3884405192933187,-1.1116359742718838,-4.415070617757817,-0.3518843493261041,0.2605652637176572,0.5811490401356649,0.5169612765894088,0.005936810312911407,-0.6489480882600355,-0.3949509408665653,-1.6585800564440998,0.5797218280169365,-0.9122465215324634,-2.997164169445936,2.4626223598646764,2.057363021157517,1.210533506813197,-0.9858384169464165,-2.889722573963932,1.192563796759531,0.25992655777846824,-2.063278009340477,1.7898002571015392,0.30628801826050533,-1.7592645918528527,-1.1525036463713223,-3.2893540485339456,1.6521305590407673,-0.10634549544187376,-2.5677907886683107,-0.07831251516010512,-0.6701345994808753,-3.686869217734245,-3.332401120593414,2.4854404601493125,-0.9292082787350254,1.954030158989586,-0.8876795474410962
-0.2182155953381175,-0.4294239729740127,1.2218361957112616,-0.7347737164166203,0.9230668830266651,-1.0360630551704333,0.2616854613802914,-0.05432135898343298,-0.4025467668778073,-0.17478152357878476,-0.7627178925555146,-0.06815919480711324,0.0545906264671917,0.20765361650617434,-0.5562827674526951,0.13483970570336126,0.7783679902122048,0.10473297786698235,0.08064376192319708,0.004091316936757373,0.08063805004040478,0.6490011413252503,0.008613137198836376,1.2095322730046452,0.7129576684933855,0.3789391649970929,-0.11061142066256772,-0.1580559664646734,0.34417639657466936,-0.027275331488530903,0.305173954807408,-0.30777246255954505,-0.23122212074431264,0.2868150111024182,-0.304115493923172,-0.0023135973694299577,-0.5939229060167868,-0.1691691157286936,-0.40570546013326764,0.5342911608213168,0.2726493551072903,0.374602661075623,0.6387094805409139
-4.443524515034368,-0.7662805769330545,-0.7347737164166203,4.049283453167674,-3.3523455687761934,1.492608654195316,-1.3082159234956392,0.21843674295459123,2.10172603294202,0.690337330655484,0.44071388243582044,-0.1650764757556898,-0.6875457654035745,-0.47298329596801775,-0.3672830462332799,1.5547454390724582,-2.380257645717883,0.6025026623228396,1.1516107882690192,1.292676183975854,-1.7059393404595198,1.5367750057825849,1.2382695092756293,0.1715195743955195,-2.383918430831748,-3.5025210123606705,1.8084912953117793,-0.24704677538147826,-3.5868908902143666,3.325629073117818,0.10596606315879166,3.5923490075964346,-1.3129429563763317,0.2816176437334678,-0.013085371183334653,-0.7994080264149305,4.213812583412501,-0.12700724407405783,0.39733915450393115,-0.4013297116074644,0.8228172339692181,-2.753270031763126,0.6474692927217424
4.6710058166967166,1.7411679697116904,0.9230668830266651,-3.3523455687761934,3.4033888314419984,-2.4902961283360363,0.5307163294452654,-2.0060215877829055,-1.7303745075459385,-0.43026991845013396,-0.4319788507518605,0.2894557607837603,0.472276380972604,0.14970092061202608,-0.19825002974911465,-1.6445985278864563,2.194567848658047,-0.7315508258014758,-1.9683369474025636,0.17420964011904788,2.0136059079100193,-0.17735124238742317,-1.2241168298910625,-0.7080094945786681,2.4270768276349703,2.606841346601412,-2.09830357805034,0.8316507123032203,2.660583244058481,-2.925841523179615,-0.39943004640083385,-3.8784637351345093,1.4251506291536542,-0.08301418117185784,-1.215496499973944,0.48643316292994276,-3.3596438517632423,-1.5282866066775447,-1.8416992907052683,1.5561008323663081,-0.7879979931446859,2.8082428048972945,-0.4660360851761911
-3.4540029069560663,-2.3884405192933187,-1.0360630551704333,1.492608654195316,-2.4902961283360363,3.1381765766315985,0.5927752661358864,3.653611282850085,0.7639315270617386,-0.005460060980104935,0.3968042894666556,-0.3482017798885639,-0.07836337329024273,0.2889404390865845,0.9459933042621451,1.2125835717760178,-1.377065265371998,0.629814208203934,2.3591424125306677,-1.9926314318034337,-1.7870612845287865,-1.6960922344583795,0.8014582216194751,0.9892793540671682,-1.8018257734865413,-0.6755846437892122,1.8279789607519186,-1.2785483060968148,-0.6821365588541591,1.5044635516334925,0.5922839918457101,3.067027690134185,-1.1014396217155276,-0.23312022426779247,2.4298258081650217,0.0526031204755283,1.262478764674831,3.188024375949546,3.1796083658807444,-2.6318845719270616,0.4592448506311108,-2.0474552213051744,0.015428641827486985
0.05236345966223673,-1.1116359742718838,0.2616854613802914,-1.3082159234956392,0.5307163294452654,0.5927752661358864,1.0166985322105688,1.8542486404939047,-0.6965854890506312,-0.3864739536351206,-0.2962946600797679,-0.137810073314927,0.29522447465799695,0.4516855374966609,0.45053426512481964,0.010762991099112523,0.643332138182517,0.11236916254357834,0.7887299200424375,-1.6574365713966797,-0.15940084690953854,-1.3514973422816172,-0.11587431386615965,0.9423735443128867,0.3887355967661496,1.362438882877458,0.12183055407779324,-0.6451414133584341,1.3917069155164774,-0.7039720685356861,0.39772053808634317,-0.09155102938891116,-0.09119335642749861,-0.13840434420466866,1.197936400265955,0.39375485596336585,-1.4553864882245124,1.7106070974737606,1.3657424948841672,-1.021047551638579,-0.01528975530830543,0.29145349692575273,-0.03481602946966616
-4.656629473536527,-4.415070617757817,-0.05432135898343298,0.21843674295459123,-2.0060215877829055,3.653611282850085,1.8542486404939047,6.268967739300562,0.06101260005871337,-0.4880829708430562,-0.41229017585317257,-0.625888341560639,0.20373404136904533,0.9343369617541003,1.1117111713193681,1.7163939207356507,-0.5697202861104306,1.0156091369689706,3.8140851471242687,-3.977873053451671,-2.388020194729647,-2.770286432391156,0.9682648647573282,3.150209580902624,-1.3990381156576424,0.5797689455925025,2.3816361489208058,-2.352722227009438,0.5779345479203355,1.344275423130249,1.3813733121322835,3.6480630362261035,-1.7097112906189202,-0.1671443825086375,3.9052104016343345,0.40463157360190927,-0.08206908091475203,5.434349575178973,4.913297031215664,-3.8025804561978243,0.8256169152654507,-2.0910293879304,0.5441377964982927
-2.2519057114488317,-0.3518843493261041,-0.4025467668778073,2.10172603294202,-1.7303745075459385,0.7639315270617386,-0.6965854890506312,0.06101260005871337,1.0926095878397146,0.36458217492534617,0.24739782339555869,-0.07951649192754066,-0.3594688740596546,-0.25577762170854185,-0.18735653112979236,0.7850997997312164,-1.2399223892970175,0.29994078455767675,0.5606716131651839,0.700735420642309,-0.8636746497955264,0.8050118176123433,0.6294353056489163,0.03863617446179464,-1.2333006028014988,-1.8197090827226994,0.9176447715686207,-0.10402903470983398,-1.864967794096242,1.7082897315402885,0.036310775521760486,1.831819446172703,-0.6605074899134097,0.14144985113787265,-0.03408723199962339,-0.41779065670458826,2.1876917031704384,-0.10755867596539932,0.17460794495144114,-0.18727747173354972,0.41317554755596897,-1.4130246073762482,0.3195050313487325
-0.34112822187608816,0.2605652637176572,-0.17478152357878476,0.690337330655484,-0.43026991845013396,-0.005460060980104935,-0.3864739536351206,-0.4880829708430562,0.36458217492534617,0.16567161257677607,0.14523692789022583,0.027853071683806258,-0.1379294236125681,-0.1660325897527486,-0.12676076935321634,0.10801779584160702,-0.3870529016798368,0.0074935941910930885,-0.13412331818691514,0.5493652653807832,-0.08937876104780106,0.4598619583616302,0.12252561793881608,-0.2941265046676973,-0.3125573677558061,-0.6488323649895661,0.10874683281382935,0.1657283404178306,-0.6635034330466911,0.4455818446929575,-0.1145347420653397,0.30945997544925186,-0.06737517049692496,0.04809678535618128,-0.317316868725358,-0.1696771721470236,0.7345934476476139,-0.4682867329565569,-0.3235240983707705,0.22394337524594365,0.05579140055053267,-0.30288640295269975,0.03523994107961925
0.4692151588399731,0.5811490401356649,-0.7627178925555146,0.44071388243582044,-0.4319788507518605,0.3968042894666556,-0.2962946600797679,-0.41229017585317257,0.24739782339555869,0.14523692789022583,0.51088776215932,0.08582112530577786,-0.0514516157990234,-0.19600393175569725,0.2719206332566987,-0.20884144463030713,-0.44788809649241107,-0.13940324383184233,-0.32323233696398324,0.27956006018090024,0.11779626796330749,-0.20977990504736851,-0.07799413683331403,-0.9836158986470784,-0.347351973960979,-0.2753274258957075,-0.09787434271419844,0.2680211798356217,-0.25771274743637823,-0.076935957340588,-0.29154395346585954,-0.06537088574519026,0.2649584140885337,-0.16799699234220758,-0.08762195198197956,-0.02993139363781818,0.37586814639239935,-0.27960911706023883,-0.0897963185709826,-0.06769845130805237,-0.22939379668600066,-0.08799787587196903,-0.43616647237997413
0.714395211543589,0.5169612765894088,-0.06815919480711324,-0.1650764757556898,0.2894557607837603,-0.3482017798885639,-0.137810073314927,-0.625888341560639,-0.07951649192754066,0.027853071683806258,0.08582112530577786,0.07809333519548421,0.01131547545029452,-0.08626693814157271,-0.03945952569454542,-0.2631830578819144,0.10984725886870131,-0.1427757562536556,-0.44577993201534033,0.3245821469613279,0.31939000178244,0.1326092323617994,-0.16033776369687297,-0.43263589196085156,0.19937552008756532,0.09166657839895377,-0.32185708882159453,0.26017067019671486,0.10204643000999333,-0.3067410467781038,-0.16996284993377864,-0.5222398181038533,0.2596369702468545,-0.024630053972146567,-0.35743497872615504,0.003442590805043506,-0.1607525827335281,-0.5142027005111057,-0.4711984276277018,0.3478990676513566,-0.15039853514987606,0.3187213008481503,-0.14827796380956387
0.6564640957642942,0.005936810312911407,0.0545906264671917,-0.6875457654035745,0.472276380972604,-0.07836337329024273,0.29522447465799695,0.20373404136904533,-0.3594688740596546,-0.1379294236125681,-0.0514516157990234,0.01131547545029452,0.1398718650581869,0.1066610852446623,0.14045948432685246,-0.22701187718437305,0.3704579011777675,-0.07110448007776911,-0.06570478476602146,-0.38924847271423413,0.22133211485387305,-0.4323194822664698,-0.18585473288547016,0.01637564204430096,0.33701815668760243,0.6376842534768413,-0.23921433579410123,-0.03933654914807347,0.6605920853840835,-0.564494422695345,0.0187305709498339,-0.5074102324079236,0.19794914531618854,-0.07764766547158412,0.17421529811191971,0.16852923214375257,-0.7321845301490417,0.23753207627528963,0.13074906658592547,-0.0961476767989031,-0.13860193507887364,0.4067217596125826,-0.14548163974166953
-0.27690725521640835,-0.6489480882600355,0.20765361650617434,-0.47298329596801775,0.14970092061202608,0.2889404390865845,0.4516855374966609,0.9343369617541003,-0.25577762170854185,-0.1660325897527486,-0.19600393175569725,-0.08626693814157271,0.1066610852446623,0.21767586297517572,0.14756777211358044,0.11630497921139232,0.24842494694457112,0.10214551204559388,0.4729039792453249,-0.746387736123595,-0.18031091578550845,-0.5121773625148982,0.019246526271984105,0.6018438299604035,0.11660620665658977,0.4995375957887856,0.1652059122494278,-0.35215132232081536,0.50365436816827,-0.1429134504271105,0.23449334613682474,0.15153159954010625,-0.15390156121879123,-0.022125111459052483,0.5659561436613748,0.14417643529646768,-0.524009870769454,0.8309481933435988,0.6696636203955155,-0.4846703432575266,0.07213671893845015,0.008479495942750133,0.08983064245956503
0.19237381620061714,-0.3949509408665653,-0.5562827674526951,-0.3672830462332799,-0.19825002974911465,0.9459933042621451,0.45053426512481964,1.1117111713193681,-0.18735653112979236,-0.12676076935321634,0.2719206332566987,-0.03945952569454542,0.14045948432685246,0.14756777211358044,0.5946128772441605,-0.08639496327293708,-0.06338629856808414,-0.005193447630979237,0.40046756279175455,-0.9806713536414492,-0.12876579198485968,-1.1797443117370354,-0.08591323947386342,-0.16232745410835855,-0.1696526340973711,0.6043686857148811,0.12395115646173704,-0.2790243468151099,0.639434432833448,-0.41831517832485776,0.04967933872120557,0.10105268123616423,0.08855499716237539,-0.250263714368501,0.8753890902571521,0.2341486211208744,-0.5407542040324815,1.1010251650125131,1.0371911369321798,-0.911104469677663,-0.17436371372844472,-0.02931932655307968,-0.3956733438763719
-3.2587370438140946,-1.6585800564440998,0.13483970570336126,1.5547454390724582,-1.6445985278864563,1.2125835717760178,0.010762991099112523,1.7163939207356507,0.7850997997312164,0.10801779584160702,-0.20884144463030713,-0.2631830578819144,-0.22701187718437305,0.11630497921139232,-0.08639496327293708,1.1858004489595309,-0.895073233929521,0.5728803908933873,1.5375085801454986,-0.4707642666126703,-1.3445530681035978,0.20195071095957726,0.802111571046206,1.3689400334708102,-1.1403820461043026,-1.2435607502528316,1.3764682892978837,-0.7864859724820678,-1.2946895460779704,1.8046108211273357,0.5268971417079038,2.4165366573278013,-1.114005691526245,0.19094003303306595,0.8994628407923962,-0.24634409836773416,1.6048997183230327,1.30061858506115,1.3035519474689963,-0.964268082642978,0.683654746470912,-1.6141960682588394,0.6740815964730941
2.5994087159444987,0.5797218280169365,0.7783679902122048,-2.380257645717883,2.194567848658047,-1.377065265371998,0.643332138182517,-0.5697202861104306,-1.2399223892970175,-0.3870529016798368,-0.44788809649241107,0.10984725886870131,0.3704579011777675,0.24842494694457112,-0.06338629856808414,-0.895073233929521,1.5431707191102428,-0.3514694800142522,-0.844995654486748,-0.4016184855993443,1.0938766148998125,-0.41192052521866773,-0.7139513170270336,0.07544405465048366,1.579193170756113,1.9227041751253713,-1.157523838785071,0.24173531798245337,1.9600717838384658,-1.8587275945369306,-0.05277715396552816,-2.2489218175472576,0.7418849939375196,-0.04634919597976933,-0.3607092677095423,0.3958789741856521,-2.3993582172828303,-0.3684690495340246,-0.6874040712955668,0.6517935741990853,-0.40569184691476307,1.718583482445804,-0.1807071448148443
-1.5602694870800773,-0.9122465215324634,0.10473297786698235,0.6025026623228396,-0.7315508258014758,0.629814208203934,0.11236916254357834,1.0156091369689706,0.29994078455767675,0.0074935941910930885,-0.13940324383184233,-0.1427757562536556,-0.07110448007776911,0.10214551204559388,-0.005193447630979237,0.5728803908933873,-0.3514694800142522,0.2955178567061305,0.8263708414502752,-0.39620367555961034,-0.6596899705759957,-0.03618154271480517,0.37598345995137533,0.7735165543827358,-0.5034791625107246,-0.45553339075294724,0.6709018205776948,-0.4502340268015711,-0.4768536266186349,0.791173875777475,0.30117715816065105,1.1447327813011907,-0.5419178805365288,0.07964900414826687,0.5549710329088978,-0.07465345106706321,0.6231352896061224,0.7950010976398428,0.7574953018136177,-0.5551496468386148,0.32933951163530584,-0.7401543538379305,0.3245571574061111
-4.196835769416788,-2.997164169445936,0.08064376192319708,1.1516107882690192,-1.9683369474025636,2.3591424125306677,0.7887299200424375,3.8140851471242687,0.5606716131651839,-0.13412331818691514,-0.32323233696398324,-0.44577993201534033,-0.06570478476602146,0.4729039792453249,0.40046756279175455,1.5375085801454986,-0.844995654486748,0.8263708414502752,2.6638880588844023,-1.994993705926286,-1.9260095004343178,-1.0202651687526245,0.9592133094975432,2.2793403428332253,-1.3675375395661316,-0.6086058267454946,1.9451749238125267,-1.5332909386771494,-0.6452824209537759,1.8032306184689408,0.9476083895047018,3.1890445197592885,-1.4830394964356315,0.06293063912217957,2.258414942316099,0.002365453280565934,1.0684246547156981,3.1735088459121212,2.954729392939644,-2.251491305152133,0.8190299384632483,-1.984294104752776,0.6965580265656761
1.2194232294025862,2.4626223598646764,0.004091316936757373,1.292676183975854,0.17420964011904788,-1.9926314318034337,-1.6574365713966797,-3.977873053451671,0.700735420642309,0.5493652653807832,0.27956006018090024,0.3245821469613279,-0.38924847271423413,-0.746387736123595,-0.9806713536414492,-0.4707642666126703,-0.4016184855993443,-0.39620367555961034,-1.994993705926286,3.0798659961519324,0.8905461835220048,2.5310805913530166,-0.13808173674145507,-1.7125803107618607,0.11751746678573444,-1.6702963602301917,-0.8522495670389015,1.389767276017495,-1.7106578456286659,0.4313465097261198,-0.7864873539537952,-1.0124761872271792,0.5414793518209412,0.2789303398496807,-2.5930758557817204,-0.5759926158471289,1.5844639812142831,-3.5991681960018087,-3.105251649864965,2.414081457995496,-0.15297755693841986,0.3489525696559699,0.037556636383995146
3.721858182682026,2.057363021157517,0.08063805004040478,-1.7059393404595198,2.0136059079100193,-1.7870612845287865,-0.15940084690953854,-2.388020194729647,-0.8636746497955264,-0.08937876104780106,0.11779626796330749,0.31939000178244,0.22133211485387305,-0.18031091578550845,-0.12876579198485968,-1.3445530681035978,1.0938766148998125,-0.6596899705759957,-1.9260095004343178,0.8905461835220048,1.6163512898663084,0.19781002809771506,-0.9003031828934078,-1.4935997503950407,1.4130563088929609,1.2487200302403336,-1.6536738535247886,1.0057231244905482,1.2996086745555797,-1.9606264154044997,-0.6178486073933832,-2.863902997258702,1.2614001657908136,-0.1252556081562512,-1.3625437646910785,0.2087479922501384,-1.7003273872648805,-1.905786550122569,-1.9004272488454854,1.4637577114355849,-0.7266569997231014,1.9069200928146024,-0.6285888375949824
-0.5529598290466932,1.210533506813197,0.6490011413252503,1.5367750057825849,-0.17735124238742317,-1.6960922344583795,-1.3514973422816172,-2.770286432391156,0.8050118176123433,0.4598619583616302,-0.20977990504736851,0.1326092323617994,-0.4323194822664698,-0.5121773625148982,-1.1797443117370354,0.20195071095957726,-0.41192052521866773,-0.03618154271480517,-1.0202651687526245,2.5310805913530166,0.19781002809771506,2.6665186978243347,0.25650632792879136,-0.309707627321597,-0.09317771102845958,-1.896486909614281,-0.16235150568796755,0.7971022572259604,-1.9762937368024005,1.2264113075752672,-0.3106993565745753,0.09141950647709304,-0.15455174135436262,0.47619013599053023,-2.0381322410006666,-0.6345567456130013,1.8875980191813617,-2.681062759159392,-2.34780771792041,1.952595394080857,0.31632154545573027,-0.2736127521808254,0.658691166351621
-2.215634102868356,-0.9858384169464165,0.008613137198836376,1.2382695092756293,-1.2241168298910625,0.8014582216194751,-0.11587431386615965,0.9682648647573282,0.6294353056489163,0.12252561793881608,-0.07799413683331403,-0.16033776369687297,-0.18585473288547016,0.019246526271984105,-0.08591323947386342,0.802111571046206,-0.7139513170270336,0.37598345995137533,0.9592133094975432,-0.13808173674145507,-0.9003031828934078,0.25650632792879136,0.5618965493977123,0.7767828811229021,-0.85220888371645,-1.016642050073787,0.927033931194391,-0.459845641222736,-1.0498376846329875,1.3056853416531422,0.30378541912472207,1.6679873497675208,-0.7359137766290395,0.1321930010329546,0.49571814619424204,-0.20826581207950692,1.2831200446432727,0.7039481050656146,0.7509889316246772,-0.5645116878306117,0.45473462573319406,-1.1464937754790014,0.431461273795396
-3.593320853386523,-2.889722573963932,1.2095322730046452,0.1715195743955195,-0.7080094945786681,0.9892793540671682,0.9423735443128867,3.150209580902624,0.03863617446179464,-0.2941265046676973,-0.9836158986470784,-0.43263589196085156,0.01637564204430096,0.6018438299604035,-0.16232745410835855,1.3689400334708102,0.07544405465048366,0.7735165543827358,2.2793403428332253,-1.7125803107618607,-1.4935997503950407,-0.309707627321597,0.7767828811229021,3.020179949755654,-0.4247877276172988,-0.05841608440061271,1.47923952245204,-1.4269005953250349,-0.11898935112432527,1.3900866988298706,1.073467328196466,2.2899281117570833,-1.4183286296630369,0.30704459895618635,1.6207824606578607,0.024242620512287916,0.22756837946732345,2.5162665507293895,2.100139086068384,-1.3903129736967461,0.9134613429272238,-1.241672593853646,1.151225694480579
3.252961273523618,1.192563796759531,0.7129576684933855,-2.383918430831748,2.4270768276349703,-1.8018257734865413,0.3887355967661496,-1.3990381156576424,-1.2333006028014988,-0.3125573677558061,-0.347351973960979,0.19937552008756532,0.33701815668760243,0.11660620665658977,-0.1696526340973711,-1.1403820461043026,1.579193170756113,-0.5034791625107246,-1.3675375395661316,0.11751746678573444,1.4130563088929609,-0.09317771102845958,-0.85220888371645,-0.4247877276172988,1.7363514847334085,1.8440795675394133,-1.4746064951556233,0.5690590325799002,1.883707428007528,-2.050805830371799,-0.25939146746696734,-2.7297299768416465,0.9853066906858167,-0.042915043761322394,-0.8617992052304528,0.34373042015300576,-2.3829024645264125,-1.0732711771400691,-1.310312189021346,1.117036988387717,-0.536411054601527,1.9862651829250313,-0.29406696309203745
3.5444226426865684,0.25992655777846824,0.3789391649970929,-3.5025210123606705,2.606841346601412,-0.6755846437892122,1.362438882877458,0.5797689455925025,-1.8197090827226994,-0.6488323649895661,-0.2753274258957075,0.09166657839895377,0.6376842534768413,0.4995375957887856,0.6043686857148811,-1.2435607502528316,1.9227041751253713,-0.45553339075294724,-0.6086058267454946,-1.6702963602301917,1.2487200302403336,-1.896486909614281,-1.016642050073787,-0.05841608440061271,1.8440795675394133,3.186383297251268,-1.3365108737187934,-0.022728314620651047,3.2723750247219723,-2.8698683686413027,-0.0012322768224963618,-2.765708356256071,1.0434690597627017,-0.344816365465667,0.5597116948052224,0.7801681967538568,-3.7295113083161113,0.8230907243312454,0.33443816713071173,-0.22713711851650698,-0.7154398243466799,2.174513224827214,-0.6749269892354255
-3.8164785453897556,-2.063278009340477,-0.11061142066256772,1.8084912953117793,-2.09830357805034,1.8279789607519186,0.12183055407779324,2.3816361489208058,0.9176447715686207,0.10874683281382935,-0.09787434271419844,-0.32185708882159453,-0.23921433579410123,0.1652059122494278,0.12395115646173704,1.3764682892978837,-1.157523838785071,0.6709018205776948,1.9451749238125267,-0.8522495670389015,-1.6536738535247886,-0.16235150568796755,0.927033931194391,1.47923952245204,-1.4746064951556233,-1.3365108737187934,1.6939422022175814,-1.0052111445411411,-1.3901738124291143,2.0380979259963716,0.6142315522774325,2.9460304792092455,-1.287411180842198,0.12935616770450326,1.3577470711967268,-0.2291914700552174,1.8068109558389245,1.8941183495763942,1.9058279130701488,-1.472060810705975,0.7420231667245074,-1.9729253029284892,0.637247796209843
2.1191041223163145,1.7898002571015392,-0.1580559664646734,-0.24704677538147826,0.8316507123032203,-1.2785483060968148,-0.6451414133584341,-2.352722227009438,-0.10402903470983398,0.1657283404178306,0.2680211798356217,0.26017067019671486,-0.03933654914807347,-0.35215132232081536,-0.2790243468151099,-0.7864859724820678,0.24173531798245337,-0.4502340268015711,-1.5332909386771494,1.389767276017495,1.0057231244905482,0.7971022572259604,-0.459845641222736,-1.4269005953250349,0.5690590325799002,-0.022728314620651047,-1.0052111445411411,0.9321676434325793,-0.010442137364144313,-0.7469438589383927,-0.5859873092856709,-1.5754420035799517,0.7799801128517428,-0.013107110651411298,-1.403995884391906,-0.09304062326719229,-0.17909414600318,-1.9892847052360882,-1.7870143208221185,1.3461914739255934,-0.4229729689576823,0.9176062510089794,-0.37258062035410633
3.690299211758326,0.30628801826050533,0.34417639657466936,-3.5868908902143666,2.660583244058481,-0.6821365588541591,1.3917069155164774,0.5779345479203355,-1.864967794096242,-0.6635034330466911,-0.25771274743637823,0.10204643000999333,0.6605920853840835,0.50365436816827,0.639434432833448,-1.2946895460779704,1.9600717838384658,-0.4768536266186349,-0.6452824209537759,-1.7106578456286659,1.2996086745555797,-1.9762937368024005,-1.0498376846329875,-0.11898935112432527,1.883707428007528,3.2723750247219723,-1.3901738124291143,-0.010442137364144313,3.3690958975239336,-2.9741863513332256,-0.01586019196670638,-2.8636409515932897,1.0973708105533597,-0.36726016745527773,0.5764949659921738,0.8091724975195078,-3.829016219238392,0.8353648277427973,0.33490011420844884,-0.23651578817893854,-0.7543037600358906,2.2446106173598945,-0.7299510718619039
-5.032256038022955,-1.7592645918528527,-0.027275331488530903,3.325629073117818,-2.925841523179615,1.5044635516334925,-0.7039720685356861,1.344275423130249,1.7082897315402885,0.4455818446929575,-0.076935957340588,-0.3067410467781038,-0.564494422695345,-0.1429134504271105,-0.41831517832485776,1.8046108211273357,-1.8587275945369306,0.791173875777475,1.8032306184689408,0.4313465097261198,-1.9606264154044997,1.2264113075752672,1.3056853416531422,1.3900866988298706,-2.050805830371799,-2.8698683686413027,2.0380979259963716,-0.7469438589383927,-2.9741863513332256,3.268024141072633,0.5142948306183751,3.7920772061852075,-1.6428676235260733,0.3781950144703713,0.5565484730479169,-0.6584691771701252,3.4975605468359063,0.8150027611230686,1.0771208383052018,-0.7997950279460124,1.050014690238365,-2.7018978406428507,1.038762909086518
-1.3966490189182919,-1.1525036463713223,0.305173954807408,0.10596606315879166,-0.39943004640083385,0.5922839918457101,0.39772053808634317,1.3813733121322835,0.036310775521760486,-0.1145347420653397,-0.29154395346585954,-0.16996284993377864,0.0187305709498339,0.23449334613682474,0.04967933872120557,0.5268971417079038,-0.05277715396552816,0.30117715816065105,0.9476083895047018,-0.7864873539537952,-0.6178486073933832,-0.3106993565745753,0.30378541912472207,1.073467328196466,-0.25939146746696734,-0.0012322768224963618,0.6142315522774325,-0.5859873092856709,-0.01586019196670638,0.5142948306183751,0.40630411872632194,0.9561338988953327,-0.5333817448367786,0.06829383891739577,0.7702767088256732,0.03628134826245432,0.09762552551239653,1.1361625467799614,0.9839289890285977,-0.7002497977134201,0.32016025919563074,-0.5359561847093778,0.35400843303865
-6.724835163441635,-3.2893540485339456,-0.30777246255954505,3.5923490075964346,-3.8784637351345093,3.067027690134185,-0.09155102938891116,3.6480630362261035,1.831819446172703,0.30945997544925186,-0.06537088574519026,-0.5222398181038533,-0.5074102324079236,0.15153159954010625,0.10105268123616423,2.4165366573278013,-2.2489218175472576,1.1447327813011907,3.1890445197592885,-1.0124761872271792,-2.863902997258702,0.09141950647709304,1.6679873497675208,2.2899281117570833,-2.7297299768416465,-2.765708356256071,2.9460304792092455,-1.5754420035799517,-2.8636409515932897,3.7920772061852075,0.9561338988953327,5.218701022285282,-2.23040360912903,0.2597137854353366,2.0466003250498295,-0.5166336853191318,3.625097983986649,2.8352983761854786,2.960122080224274,-2.304316189425442,1.3015564510456443,-3.566362882094826,1.1095743138581227
3.0537841262227774,1.6521305590407673,-0.23122212074431264,-1.3129429563763317,1.4251506291536542,-1.1014396217155276,-0.09119335642749861,-1.7097112906189202,-0.6605074899134097,-0.06737517049692496,0.2649584140885337,0.2596369702468545,0.19794914531618854,-0.15390156121879123,0.08855499716237539,-1.114005691526245,0.7418849939375196,-0.5419178805365288,-1.4830394964356315,0.5414793518209412,1.2614001657908136,-0.15455174135436262,-0.7359137766290395,-1.4183286296630369,0.9853066906858167,1.0434690597627017,-1.287411180842198,0.7799801128517428,1.0973708105533597,-1.6428676235260733,-0.5333817448367786,-2.23040360912903,1.0676267707223488,-0.19141802483769343,-0.8874021454890526,0.2112921041915733,-1.3562287604469612,-1.3095248412093292,-1.279562596391154,0.9317945398525661,-0.6576881399040381,1.463893399210815,-0.6791668928829848
-0.5022940370898227,-0.10634549544187376,0.2868150111024182,0.2816176437334678,-0.08301418117185784,-0.23312022426779247,-0.13840434420466866,-0.1671443825086375,0.14144985113787265,0.04809678535618128,-0.16799699234220758,-0.024630053972146567,-0.07764766547158412,-0.022125111459052483,-0.250263714368501,0.19094003303306595,-0.04634919597976933,0.07964900414826687,0.06293063912217957,0.2789303398496807,-0.1252556081562512,0.47619013599053023,0.1321930010329546,0.30704459895618635,-0.042915043761322394,-0.344816365465667,0.12935616770450326,-0.013107110651411298,-0.36726016745527773,0.3781950144703713,0.06829383891739577,0.2597137854353366,-0.19141802483769343,0.12972324146917663,-0.20723822112405288,-0.11497402648866074,0.3545291988399415,-0.22252042166914476,-0.21322960548838604,0.2213401513179935,0.16621799520838915,-0.1761315580364063,0.266145030324195
-2.4588997296398807,-2.5677907886683107,-0.304115493923172,-0.013085371183334653,-1.215496499973944,2.4298258081650217,1.197936400265955,3.9052104016343345,-0.03408723199962339,-0.317316868725358,-0.08762195198197956,-0.35743497872615504,0.17421529811191971,0.5659561436613748,0.8753890902571521,0.8994628407923962,-0.3607092677095423,0.5549710329088978,2.258414942316099,-2.5930758557817204,-1.3625437646910785,-2.0381322410006666,0.49571814619424204,1.6207824606578607,-0.8617992052304528,0.5597116948052224,1.3577470711967268,-1.403995884391906,0.5764949659921738,0.5565484730479169,0.7702767088256732,2.0466003250498295,-0.8874021454890526,-0.20723822112405288,2.5202263574925277,0.32362195310390846,-0.25078621250424016,3.4444285485655564,3.1375560322918616,-2.4795412749018095,0.3688665596155862,-1.1670887548707312,0.107291048780264
0.7063981402338967,-0.07831251516010512,-0.0023135973694299577,-0.7994080264149305,0.48643316292994276,0.0526031204755283,0.39375485596336585,0.40463157360190927,-0.41779065670458826,-0.1696771721470236,-0.02993139363781818,0.003442590805043506,0.16852923214375257,0.14417643529646768,0.2341486211208744,-0.24634409836773416,0.3958789741856521,-0.07465345106706321,0.002365453280565934,-0.5759926158471289,0.2087479922501384,-0.6345567456130013,-0.20826581207950692,0.024242620512287916,0.34373042015300576,0.7801681967538568,-0.2291914700552174,-0.09304062326719229,0.8091724975195078,-0.6584691771701252,0.03628134826245432,-0.5166336853191318,0.2112921041915733,-0.11497402648866074,0.32362195310390846,0.2146424478152958,-0.8766228572410948,0.43624256855415267,0.3067229051437841,-0.24597926043724072,-0.1655297189397341,0.4280390627066155,-0.19927655606714148
-4.571963489693143,-0.6701345994808753,-0.5939229060167868,4.213812583412501,-3.3596438517632423,1.262478764674831,-1.4553864882245124,-0.08206908091475203,2.1876917031704384,0.7345934476476139,0.37586814639239935,-0.1607525827335281,-0.7321845301490417,-0.524009870769454,-0.5407542040324815,1.6048997183230327,-2.3993582172828303,0.6231352896061224,1.0684246547156981,1.5844639812142831,-1.7003273872648805,1.8875980191813617,1.2831200446432727,0.22756837946732345,-2.3829024645264125,-3.7295113083161113,1.8068109558389245,-0.17909414600318,-3.829016219238392,3.4975605468359063,0.09762552551239653,3.625097983986649,-1.3562287604469612,0.3545291988399415,-0.25078621250424016,-0.8766228572410948,4.444618650863939,-0.43582998749165247,0.11871996461158771,-0.15155051216662818,0.8855455865916558,-2.794166984653511,0.7686391197255178
-3.531890227189375,-3.686869217734245,-0.1691691157286936,-0.12700724407405783,-1.5282866066775447,3.188024375949546,1.7106070974737606,5.434349575178973,-0.10755867596539932,-0.4682867329565569,-0.27960911706023883,-0.5142027005111057,0.23753207627528963,0.8309481933435988,1.1010251650125131,1.30061858506115,-0.3684690495340246,0.7950010976398428,3.1735088459121212,-3.5991681960018087,-1.905786550122569,-2.681062759159392,0.7039481050656146,2.5162665507293895,-1.0732711771400691,0.8230907243312454,1.8941183495763942,-1.9892847052360882,0.8353648277427973,0.8150027611230686,1.1361625467799614,2.8352983761854786,-1.3095248412093292,-0.22252042166914476,3.4444285485655564,0.43624256855415267,-0.43582998749165247,4.768621856061165,4.299087329892298,-3.35568994415173,0.5839228775754542,-1.5823498297293728,0.29963700033734053
-3.592082845232509,-3.332401120593414,-0.40570546013326764,0.39733915450393115,-1.8416992907052683,3.1796083658807444,1.3657424948841672,4.913297031215664,0.17460794495144114,-0.3235240983707705,-0.0897963185709826,-0.4711984276277018,0.13074906658592547,0.6696636203955155,1.0371911369321798,1.3035519474689963,-0.6874040712955668,0.7574953018136177,2.954729392939644,-3.105251649864965,-1.9004272488454854,-2.34780771792041,0.7509889316246772,2.100139086068384,-1.310312189021346,0.33443816713071173,1.9058279130701488,-1.7870143208221185,0.33490011420844884,1.0771208383052018,0.9839289890285977,2.960122080224274,-1.279562596391154,-0.21322960548838604,3.1375560322918616,0.3067229051437841,0.11871996461158771,4.299087329892298,3.9721831092391633,-3.140181516047474,0.5691081765181135,-1.759589338694839,0.24698199139011115
2.6841437459656214,2.4854404601493125,0.5342911608213168,-0.4013297116074644,1.5561008323663081,-2.6318845719270616,-1.021047551638579,-3.8025804561978243,-0.18727747173354972,0.22394337524594365,-0.06769845130805237,0.3478990676513566,-0.0961476767989031,-0.4846703432575266,-0.911104469677663,-0.964268082642978,0.6517935741990853,-0.5551496468386148,-2.251491305152133,2.414081457995496,1.4637577114355849,1.952595394080857,-0.5645116878306117,-1.3903129736967461,1.117036988387717,-0.22713711851650698,-1.472060810705975,1.3461914739255934,-0.23651578817893854,-0.7997950279460124,-0.7002497977134201,-2.304316189425442,0.9317945398525661,0.2213401513179935,-2.4795412749018095,-0.24597926043724072,-0.15155051216662818,-3.35568994415173,-3.140181516047474,2.5238618135478346,-0.379003506304235,1.397775941771253,-0.0633498655645285
-1.8602593484175038,-0.9292082787350254,0.2726493551072903,0.8228172339692181,-0.7879979931446859,0.4592448506311108,-0.01528975530830543,0.8256169152654507,0.41317554755596897,0.05579140055053267,-0.22939379668600066,-0.15039853514987606,-0.13860193507887364,0.07213671893845015,-0.17436371372844472,0.683654746470912,-0.40569184691476307,0.32933951163530584,0.8190299384632483,-0.15297755693841986,-0.7266569997231014,0.31632154545573027,0.45473462573319406,0.9134613429272238,-0.536411054601527,-0.7154398243466799,0.7420231667245074,-0.4229729689576823,-0.7543037600358906,1.050014690238365,0.32016025919563074,1.3015564510456443,-0.6576881399040381,0.16621799520838915,0.3688665596155862,-0.1655297189397341,0.8855455865916558,0.5839228775754542,0.5691081765181135,-0.379003506304235,0.4307297267637155,-0.8553797249001253,0.4926514773971962
4.524421860993519,1.954030158989586,0.374602661075623,-2.753270031763126,2.8082428048972945,-2.0474552213051744,0.29145349692575273,-2.0910293879304,-1.4130246073762482,-0.30288640295269975,-0.08799787587196903,0.3187213008481503,0.4067217596125826,0.008479495942750133,-0.02931932655307968,-1.6141960682588394,1.718583482445804,-0.7401543538379305,-1.984294104752776,0.3489525696559699,1.9069200928146024,-0.2736127521808254,-1.1464937754790014,-1.241672593853646,1.9862651829250313,2.174513224827214,-1.9729253029284892,0.9176062510089794,2.2446106173598945,-2.7018978406428507,-0.5359561847093778,-3.566362882094826,1.463893399210815,-0.1761315580364063,-1.1670887548707312,0.4280390627066155,-2.794166984653511,-1.5823498297293728,-1.759589338694839,1.397775941771253,-0.8553797249001253,2.4992383743702105,-0.6962995924533528
-1.7979083602069965,-0.8876795474410962,0.6387094805409139,0.6474692927217424,-0.4660360851761911,0.015428641827486985,-0.03481602946966616,0.5441377964982927,0.3195050313487325,0.03523994107961925,-0.43616647237997413,-0.14827796380956387,-0.14548163974166953,0.08983064245956503,-0.3956733438763719,0.6740815964730941,-0.1807071448148443,0.3245571574061111,0.6965580265656761,0.037556636383995146,-0.6285888375949824,0.658691166351621,0.431461273795396,1.151225694480579,-0.29406696309203745,-0.6749269892354255,0.637247796209843,-0.37258062035410633,-0.7299510718619039,1.038762909086518,0.35400843303865,1.1095743138581227,-0.6791668928829848,0.266145030324195,0.107291048780264,-0.19927655606714148,0.7686391197255178,0.29963700033734053,0.24698199139011115,-0.0633498655645285,0.4926514773971962,-0.6962995924533528,0.6794554354248012
