V1,V2,V3,V4,V5,V6,V7,V8,V9,V10,V11,V12,V13,V14,V15,V16,V17,V18,V19,V20,V21,V22,V23,V24,V25,V26,V27,V28,V29,V30,V31,V32,V33,V34,V35,V36,V37,V38,V39,V40,V41,V42,V43
3.817604766803262,0.43068906173014143,-0.3710215644763056,0.09632235450528275,-0.827319639017017,0.35883967125100485,0.6679560614357234,0.17128512438950214,1.0699496334486374,1.36532205529288,-1.5706246280722715,-3.0781246326873646,-1.0010046666192483,2.8283567633201847,1.3040461702170771,-0.07359417683665817,-2.8389367158857874,0.8737972447505716,0.01064338762209307,1.1815262180516826,-0.5713547704916954,-1.8165041184955584,1.2605221519888639,1.286621916059526,0.49327738625182144,-2.2703950845187553,-3.5872248247574734,-4.653934347006349,1.144827113394811,-0.2162623586289,2.6569563147396065,0.035676443414945185,0.5844421926313332,-0.24709913485125154,2.6400300186121073,-2.350833633573108,-0.422914490871331,-0.967490340373234,-0.40150309099365117,3.6100510000337116,0.35122485479306176,-0.6473501757289991,-1.5439426260309042
0.43068906173014143,1.2092389284266347,0.5729331488806001,-0.28732382236617904,-1.2680792903082183,-1.8130546166162544,-0.6424043643296338,0.6585640950696559,-0.30636113819122995,-0.6242456976951354,-0.11425453924456018,0.17056975725749202,-0.22500219723232254,1.6768100531093781,1.3729171806069553,-0.6408909371813069,0.3277046645262929,-0.5740474972110031,0.8613179504721342,1.3404395935628906,1.853736399376225,-2.7956482794104045,0.7050191420865161,1.0908594500452118,-0.26425960388623915,-0.529014892044243,0.422884065986105,-1.9384668089105646,1.915253733165798,0.040055203986123625,0.33579828218311153,0.0615352039576594,1.0807276070334784,-1.1470841774191136,-1.3463880800009649,-0.27618683154330886,-1.295195010309262,0.2799043919153854,0.6603970657950872,0.08143159174796415,-2.0859066484728652,0.4341890627834325,-0.28851865022464274
-0.3710215644763056,0.5729331488806001,0.386439500403533,-0.20804348216710977,-0.5356469958199875,-1.02621479654483,-0.43578976235313605,0.3348625458902116,-0.3602542234832292,-0.562850231578634,0.18066915534668188,0.5653750828248961,0.012688265976883875,0.4719918282149622,0.5196303211595857,-0.3215697850809889,0.5988938901085165,-0.40086380064982297,0.45641847636026023,0.5363790452583914,1.0834131664522162,-1.2333023651546462,0.21071543749073066,0.36847063225301135,-0.17843443941551942,0.058755172207997065,0.7891825734744812,-0.3432472618604494,0.8592806961786053,0.037254146434510665,-0.2242311296898089,0.026368969868461538,0.5026412184307161,-0.5726566492685357,-1.1447122694564085,0.23062148750006772,-0.639321885996815,0.2975090319231378,0.4417739305310562,-0.5056923182170916,-1.1470861781756065,0.34356448376772986,0.08632902613256932
0.09632235450528275,-0.28732382236617904,-0.20804348216710977,0.17158104458352125,0.24203060327463724,0.5431374034180783,0.2557084545142335,-0.20694113277865833,0.21350843142727832,0.3011273371811366,-0.0454379666106482,-0.23941347549958547,0.002617198033228695,-0.3131514439811427,-0.28201001538334636,0.17067587242638352,-0.23709030030876693,0.1338915891653192,-0.22744483105696237,-0.2782530990726823,-0.5816737072087864,0.7084153923010976,-0.12287858373877573,-0.21166181071054324,0.05747239736768328,0.0153959952020209,-0.34245906121637265,0.3276326158217528,-0.4598456747226383,-0.010490108324026096,0.05305161092716528,-0.026420473917201367,-0.290700819685023,0.33949744246240476,0.5602948829594323,-0.11206939696875139,0.36279488926071085,-0.1296221931447325,-0.2665893637734067,0.18501963923485204,0.5830602523437759,-0.1918347576127328,-0.009488070306840918
-0.827319639017017,-1.2680792903082183,-0.5356469958199875,0.24203060327463724,1.4021936142152012,1.7483370805340281,0.5053690772465754,-0.6518318334471047,0.16208095401954206,0.44538703167517335,0.27352329513252777,0.1882805427146613,0.3719286132546587,-1.9913883680111626,-1.5185927709996847,0.6347250674185516,-0.009248307562597154,0.4953651747714358,-0.868249196143313,-1.4991249061442202,-1.752741903411541,2.976213796887597,-0.8878254422792841,-1.2227942414575135,0.19622353109852683,0.7931852063221159,-0.019410881210446353,2.422065379819409,-2.0615064634134805,-0.002607189300111357,-0.6308752142316737,-0.050789601387479025,-1.138531258175447,1.1269033148309917,1.0393579816626157,0.5704251503617127,1.3261083622977645,-0.17401117001381197,-0.5890272064581544,-0.4925775680683389,2.0227642695065837,-0.3413889408976243,0.45528103826527005
0.35883967125100485,-1.8130546166162544,-1.02621479654483,0.5431374034180783,1.7483370805340281,3.0675723848246608,1.3214630895444701,-1.0525209383611915,0.839451287154481,1.4399433598754015,-0.24340057706332324,-1.1831009113906885,0.023887460939293996,-1.896570889208843,-1.8419603311621462,1.0349154454758753,-1.3476506223778288,1.1499479161332635,-1.3794926566237051,-1.7855433932465463,-3.212914040184939,4.025466335586715,-0.7143806208575922,-1.4087549559007606,0.5871805587282302,0.18583622536937353,-1.7189746920826383,1.8456125258019913,-2.7368405706496644,-0.1462227092340283,0.21933589383334223,-0.11084921533506847,-1.588539245029887,1.851816296173838,2.9518860733999257,-0.27708830687887975,1.9943194199563465,-0.7271187076509835,-1.2213933813429758,0.9184368081718213,3.504668619413744,-0.9177412799930893,0.03025946152207423
0.6679560614357234,-0.6424043643296338,-0.43578976235313605,0.2557084545142335,0.5053690772465754,1.3214630895444701,0.7562688663416265,-0.4313009009945885,0.5149125418964002,0.8157309502304216,-0.31126980043450125,-0.9775494312005077,-0.2323969985485232,-0.3070079982066364,-0.5443788787697409,0.437073929442733,-0.9940898503501676,0.5992660017756248,-0.5395878294834671,-0.4762103311043956,-1.432892917949145,1.3436440413912474,0.017248207100753907,-0.3993890144112863,0.3732088275434584,-0.3065693668613533,-1.2367708109319102,0.05501924064347374,-0.8663169094988049,-0.13387007638603937,0.50265553594652,-0.06696569936115604,-0.5409191992261674,0.7901303956863124,1.5902546086915315,-0.5183322860976699,0.746821132490249,-0.4371174835085647,-0.5710721192345412,0.9483787265496133,1.516834676509192,-0.4923516445915051,-0.2145662058855192
0.17128512438950214,0.6585640950696559,0.3348625458902116,-0.20694113277865833,-0.6518318334471047,-1.0525209383611915,-0.4313009009945885,0.392623356436834,-0.23054688187750053,-0.41447976861307184,-0.040220978858670736,0.18553418683963877,-0.07666281815905034,0.8790664423788029,0.7370210466380223,-0.36917076652562886,0.2517593576283834,-0.31578827585691044,0.4789249512775305,0.7022057782872503,1.092754535466878,-1.5551022184892598,0.3363739797046455,0.5883043061065052,-0.16115058174014857,-0.2348288054573984,0.3322119479237774,-1.016503255099318,1.037255307861712,0.03467748592040669,0.12675035539883778,0.04673717775425717,0.605358610303862,-0.6821269068843053,-0.8396354831748233,-0.06428375362601882,-0.73722052630991,0.17919448324452492,0.4135768812173485,-0.04825526984273539,-1.1983156144498848,0.2823710180871809,-0.12873569619174252
1.0699496334486374,-0.30636113819122995,-0.3602542234832292,0.21350843142727832,0.16208095401954206,0.839451287154481,0.5149125418964002,-0.23054688187750053,0.5228124766491291,0.7307385267184644,-0.455164070635256,-1.0885368061030014,-0.25427264068157124,0.27011096504770304,-0.08718392849892473,0.22640095287601575,-1.0442023648515617,0.449271950911719,-0.3197229952078958,-0.10429159099550955,-0.9393094769321538,0.518537058157377,0.15479885348172034,0.007265036964508906,0.23761973251965696,-0.5427380166183741,-1.350888506059109,-0.7222497294948976,-0.3548727816136267,-0.08185337673140093,0.7345507583391653,-0.02498306222185244,-0.24551628431927,0.40290605827603415,1.4118872407613077,-0.7100773897386617,0.3864952114066368,-0.42139373945015546,-0.43683020783038845,1.1524573942606569,0.9178846569023429,-0.40993728557605147,-0.3922775146223662
1.36532205529288,-0.6242456976951354,-0.562850231578634,0.3011273371811366,0.44538703167517335,1.4399433598754015,0.8157309502304216,-0.41447976861307184,0.7307385267184644,1.0776595332489847,-0.5976998090030639,-1.503854478412681,-0.3268953528141041,0.09559476760397921,-0.3605685154858263,0.4232796654544003,-1.482564514125836,0.7423981215486766,-0.5797236387248976,-0.3639331170480995,-1.5796861115648024,1.1539534679634051,0.11801988182079554,-0.18825895291229672,0.4023272180542293,-0.6545468978428757,-1.8917691597159163,-0.6758150315226651,-0.7906592574494532,-0.133925725880249,0.9442872603842394,-0.04526857969871263,-0.5000208514275196,0.7409074329027204,2.122056276876835,-0.9013831297991175,0.7297078534500466,-0.6189976249176575,-0.6779395119793097,1.5545575837253482,1.6139869305575028,-0.617586426633549,-0.48066707745074894
-1.5706246280722715,-0.11425453924456018,0.18066915534668188,-0.0454379666106482,0.27352329513252777,-0.24340057706332324,-0.31126980043450125,-0.040220978858670736,-0.455164070635256,-0.5976998090030639,0.6508413149356855,1.2935082632525123,0.4084421910672485,-1.0953215857429277,-0.46972595878390344,-0.00408025939675711,1.2054005131661192,-0.40427597995182485,0.04161962173904567,-0.4217986616300757,0.33303079280594744,0.6166186086099865,-0.49255288054514124,-0.477321769781965,-0.22692530332112923,0.9213492547399779,1.5179772005210193,1.8484216641054134,-0.37873251567164146,0.09516726936820111,-1.0930973065749467,-0.012297573204231025,-0.19068967694942407,0.04510716321304373,-1.1688801979943313,0.9621506034066942,0.1118883173123192,0.4190839763864353,0.19549611846097664,-1.5041966464286927,-0.2593673542594301,0.2896423014117856,0.6293647241324895
-3.0781246326873646,0.17056975725749202,0.5653750828248961,-0.23941347549958547,0.1882805427146613,-1.1831009113906885,-0.9775494312005077,0.18553418683963877,-1.0885368061030014,-1.503854478412681,1.2935082632525123,2.7853329576241754,0.835940512174685,-1.7002591130226463,-0.4954894450592925,-0.2589313887825564,2.638404133455145,-1.027007038110222,0.38076589781155584,-0.4535759905202212,1.403703440871125,0.27682103299102306,-0.8560293971660774,-0.5908194395277755,-0.5980106376240504,1.7576382896739222,3.3200033875859187,3.12942763662519,-0.1514735731277207,0.2387619145416183,-2.1638777628276067,0.019654712481176388,-0.011211608049445217,-0.3848285780572408,-2.927707959499506,1.9583686224640295,-0.24338292567450476,0.9703489855409475,0.6744483808599498,-3.1273535963960617,-1.317748631770692,0.7864530247928821,1.2032631455726985
-1.0010046666192483,-0.22500219723232254,0.012688265976883875,0.002617198033228695,0.3719286132546587,0.023887460939293996,-0.2323969985485232,-0.07666281815905034,-0.25427264068157124,-0.3268953528141041,0.4084421910672485,0.835940512174685,0.37047087585943045,-0.9176475123858705,-0.4490927958397801,0.03953470606583233,0.7567759246195603,-0.21464814921680622,-0.08145000382587035,-0.4744534397972762,0.04465001546412611,0.7200609062926462,-0.500936516495819,-0.3986166833867659,-0.18356951512991035,0.6829764547306119,0.9182507304271543,1.3967956834865494,-0.5151042269025682,0.0988860835211691,-0.7485354333455398,0.008555849884581712,-0.25899716883147306,0.0898003122712084,-0.5878320726418124,0.6805520464052889,0.21677111963693294,0.23478965516261682,0.053426283071610486,-0.9994012366953366,0.016973079146828614,0.15113127785063607,0.42755422406086663
2.8283567633201847,1.6768100531093781,0.4719918282149622,-0.3131514439811427,-1.9913883680111626,-1.896570889208843,-0.3070079982066364,0.8790664423788029,0.27011096504770304,0.09559476760397921,-1.0953215857429277,-1.7002591130226463,-0.9176475123858705,3.7186194365989462,2.3948736178489134,-0.779386264008299,-1.3806281594852894,-0.09211380349627499,1.0146565357272352,2.3090939923638154,1.8123371072603158,-4.408027047746806,1.6503004158927512,2.0459535278054983,0.04543506316886197,-2.0308995584775396,-1.7010845792005331,-5.152056315559025,2.9690112990963633,-0.11191115591065859,2.0350607282277062,0.08767899517812944,1.64123008043532,-1.4763031912608147,0.03004273463382077,-1.7622105328130389,-1.7865402194709636,-0.26832170207038264,0.5497742912277833,2.328745454358947,-2.192383681386538,0.11721460881550227,-1.2831267813486875
1.3040461702170771,1.3729171806069553,0.5196303211595857,-0.28201001538334636,-1.5185927709996847,-1.8419603311621462,-0.5443788787697409,0.7370210466380223,-0.08718392849892473,-0.3605685154858263,-0.46972595878390344,-0.4954894450592925,-0.4490927958397801,2.3948736178489134,1.741371123310323,-0.6979231817941244,-0.2767640310999067,-0.41777866907999345,0.9125543544520326,1.6729745684356332,1.8398246139403542,-3.357254686421128,1.0115952207987895,1.4417544784262502,-0.17920140277678573,-1.05669476983055,-0.3447631434725288,-3.077802925596034,2.2725071601042997,-2.316798880246271e-4,0.9401022103895357,0.07562227604477688,1.2704866014224088,-1.2759235088245708,-0.8408860112906217,-0.8074050324853684,-1.4636074709734892,0.08255598597128379,0.6099161447337413,0.8793479138210518,-2.135920510555601,0.31799629281756714,-0.6468273831187252
-0.07359417683665817,-0.6408909371813069,-0.3215697850809889,0.17067587242638352,0.6347250674185516,1.0349154454758753,0.437073929442733,-0.36917076652562886,0.22640095287601575,0.4232796654544003,-0.00408025939675711,-0.2589313887825564,0.03953470606583233,-0.779386264008299,-0.6979231817941244,0.36437240447818353,-0.3297756886367593,0.36459605135249007,-0.47152725061904055,-0.6603211064218869,-1.075777740341537,1.4589462206819583,-0.283419891827214,-0.5529725484848316,0.1966988685806807,0.16703908588235267,-0.4101471320338675,0.8518073384660035,-0.9808350761363162,-0.05006778211497949,-0.051058010487080606,-0.04317389723165198,-0.5657365079100576,0.6556533589489951,0.8754691165651448,0.019067245171338763,0.6996785903441461,-0.20177072677489066,-0.3915421303650356,0.1444194486184745,1.1949637956964185,-0.2814121883377682,0.08717911231427117
-2.8389367158857874,0.3277046645262929,0.5988938901085165,-0.23709030030876693,-0.009248307562597154,-1.3476506223778288,-0.9940898503501676,0.2517593576283834,-1.0442023648515617,-1.482564514125836,1.2054005131661192,2.638404133455145,0.7567759246195603,-1.3806281594852894,-0.2767640310999067,-0.3297756886367593,2.5307826948810286,-1.0654200125686761,0.4755305466986566,-0.24176300978659132,1.5561843518801495,-0.09884172402788474,-0.712909356025189,-0.4056306334685806,-0.6118169518376094,1.5833912968615853,3.173351488751608,2.7041820093511038,0.11249362722291871,0.23438148138748022,-1.9931380629993172,0.02343979824656027,0.1250784359965059,-0.5040994145096367,-2.9218192185566445,1.7896858049237407,-0.3922027148896152,0.9509801306091185,0.7037425212522181,-2.9313630917982754,-1.5215332672794575,0.7871716098753245,1.0933442383737235
0.8737972447505716,-0.5740474972110031,-0.40086380064982297,0.1338915891653192,0.4953651747714358,1.1499479161332635,0.5992660017756248,-0.31578827585691044,0.449271950911719,0.7423981215486766,-0.40427597995182485,-1.027007038110222,-0.21464814921680622,-0.09211380349627499,-0.41777866907999345,0.36459605135249007,-1.0654200125686761,0.6568551627013837,-0.49383579323988513,-0.4052131878236248,-1.2350913683833293,1.0301265063395348,0.030087287415057402,-0.26861390794460194,0.3677724703641995,-0.3955015090845273,-1.3048579643313738,-0.32156992658603195,-0.7308799659671943,-0.11997941104102385,0.6158568127312961,-0.02916097161368575,-0.42049503946554,0.5970993023922032,1.538414781059904,-0.5279767712369855,0.5986146711830698,-0.4532366814187385,-0.4595528301840916,1.052687587550173,1.3440918651479563,-0.42809386163658375,-0.29336089759331874
0.01064338762209307,0.8613179504721342,0.45641847636026023,-0.22744483105696237,-0.868249196143313,-1.3794926566237051,-0.5395878294834671,0.4789249512775305,-0.3197229952078958,-0.5797236387248976,0.04161962173904567,0.38076589781155584,-0.08145000382587035,1.0146565357272352,0.9125543544520326,-0.47152725061904055,0.4755305466986566,-0.49383579323988513,0.6381404300366423,0.8955919524908496,1.4288546422983526,-1.9316440357697107,0.4161654947401858,0.7058378804095781,-0.23676249704010535,-0.20603818680337352,0.6086654874861278,-1.0645860218464718,1.3271056618410604,0.0484580550246908,0.03234143692181058,0.04467815027952988,0.7565933153235335,-0.8379886133115635,-1.2186856660327954,-0.007856989328942496,-0.9301515311363352,0.2868287419228369,0.5279845671785948,-0.23586257159796206,-1.580489812860597,0.37868532652466363,-0.08855095484536885
1.1815262180516826,1.3404395935628906,0.5363790452583914,-0.2782530990726823,-1.4991249061442202,-1.7855433932465463,-0.4762103311043956,0.7022057782872503,-0.10429159099550955,-0.3639331170480995,-0.4217986616300757,-0.4535759905202212,-0.4744534397972762,2.3090939923638154,1.6729745684356332,-0.6603211064218869,-0.24176300978659132,-0.4052131878236248,0.8955919524908496,1.6450103776934804,1.7772983003425238,-3.25197862856945,1.0327277811304736,1.366902890831845,-0.13858013584411247,-1.016788406414767,-0.27867491702441827,-2.928795780123345,2.2324637514939276,-0.02365587802821596,0.883675662853404,0.059035489971841854,1.2394156682973831,-1.1984051624453809,-0.86487794225249,-0.7711599469799654,-1.4202266046434822,0.09587694081889502,0.6003146463272051,0.8202874731238935,-2.0539096741247387,0.3113684264717564,-0.6025529238994494
-0.5713547704916954,1.853736399376225,1.0834131664522162,-0.5816737072087864,-1.752741903411541,-3.212914040184939,-1.432892917949145,1.092754535466878,-0.9393094769321538,-1.5796861115648024,0.33303079280594744,1.403703440871125,0.04465001546412611,1.8123371072603158,1.8398246139403542,-1.075777740341537,1.5561843518801495,-1.2350913683833293,1.4288546422983526,1.7772983003425238,3.3803300490371613,-4.0856168874153855,0.6547766374181844,1.3958707429423032,-0.6424487374641711,-0.0631768479428715,1.982934850565936,-1.6719991741432387,2.7696317274196502,0.16922976843243193,-0.37381390902955464,0.11884876988280163,1.6189328802608718,-1.9268677395815548,-3.213633695386151,0.4294454516159245,-2.0524756444509533,0.8072101538794297,1.2995386725328264,-1.1557575969217302,-3.666311504698563,0.9959446206409157,0.05158239028266291
-1.8165041184955584,-2.7956482794104045,-1.2333023651546462,0.7084153923010976,2.976213796887597,4.025466335586715,1.3436440413912474,-1.5551022184892598,0.518537058157377,1.1539534679634051,0.6166186086099865,0.27682103299102306,0.7200609062926462,-4.408027047746806,-3.357254686421128,1.4589462206819583,-0.09884172402788474,1.0301265063395348,-1.9316440357697107,-3.25197862856945,-4.0856168874153855,6.732392915222625,-1.8591087302583011,-2.725970420456359,0.448647780413012,1.6883765033148506,-0.18132008952211473,5.445557352112943,-4.557688691731418,-0.03268584058786829,-1.3464705145086981,-0.15868937429306493,-2.585606327171414,2.67622267748248,2.485245618564271,1.0862883131970016,3.0373029025638476,-0.414154671716389,-1.457041177686607,-0.9758420273001325,4.609724218475816,-0.8691537520724409,0.989270660116412
1.2605221519888639,0.7050191420865161,0.21071543749073066,-0.12287858373877573,-0.8878254422792841,-0.7143806208575922,0.017248207100753907,0.3363739797046455,0.15479885348172034,0.11801988182079554,-0.49255288054514124,-0.8560293971660774,-0.500936516495819,1.6503004158927512,1.0115952207987895,-0.283419891827214,-0.712909356025189,0.030087287415057402,0.4161654947401858,1.0327277811304736,0.6547766374181844,-1.8591087302583011,0.8291200247532913,0.8476016561930588,0.11402478567915586,-0.9556029081472046,-0.8472337453902441,-2.2798077644653625,1.298485871112856,-0.09942658692196513,0.9531997862839325,0.01313341239161504,0.6997659747266237,-0.5320249348790647,0.13078555651861198,-0.8502414141013634,-0.7335424772370852,-0.15248632751594865,0.1992245724970277,1.1335313247438255,-0.8031313002050816,0.0013573583162934104,-0.5792205327103888
1.286621916059526,1.0908594500452118,0.36847063225301135,-0.21166181071054324,-1.2227942414575135,-1.4087549559007606,-0.3993890144112863,0.5883043061065052,0.007265036964508906,-0.18825895291229672,-0.477321769781965,-0.5908194395277755,-0.3986166833867659,2.0459535278054983,1.4417544784262502,-0.5529725484848316,-0.4056306334685806,-0.26861390794460194,0.7058378804095781,1.366902890831845,1.3958707429423032,-2.725970420456359,0.8476016561930588,1.213511552452671,-0.12040989911541618,-0.9685803521180282,-0.5164785905005247,-2.7085605714789254,1.8283075436578495,-0.00550655435356139,0.9099064438332962,0.06625996588061811,1.0218508347363247,-1.0214594668130519,-0.46746603153941046,-0.7811937559820205,-1.1639996639526329,-0.003238176875130091,0.44544182789273357,0.9250067722198191,-1.6435504035572863,0.2049401131683684,-0.6098914790008615
0.49327738625182144,-0.26425960388623915,-0.17843443941551942,0.05747239736768328,0.19622353109852683,0.5871805587282302,0.3732088275434584,-0.16115058174014857,0.23761973251965696,0.4023272180542293,-0.22692530332112923,-0.5980106376240504,-0.18356951512991035,0.04543506316886197,-0.17920140277678573,0.1966988685806807,-0.6118169518376094,0.3677724703641995,-0.23676249704010535,-0.13858013584411247,-0.6424487374641711,0.448647780413012,0.11402478567915586,-0.12040989911541618,0.24212438380248874,-0.2731933148225105,-0.7261775694839424,-0.2806105966527575,-0.29472755227338293,-0.09305984778409794,0.37792718218042176,-0.026727859137134935,-0.1789362433390922,0.32578427567738766,0.8129245616346142,-0.3334250959789205,0.280251558286011,-0.24651542633300813,-0.22992264886281993,0.6262825258977308,0.7043384175248495,-0.2316536354499547,-0.17834151702259549
-2.2703950845187553,-0.529014892044243,0.058755172207997065,0.0153959952020209,0.7931852063221159,0.18583622536937353,-0.3065693668613533,-0.2348288054573984,-0.5427380166183741,-0.6545468978428757,0.9213492547399779,1.7576382896739222,0.6829764547306119,-2.0308995584775396,-1.05669476983055,0.16703908588235267,1.5833912968615853,-0.3955015090845273,-0.20603818680337352,-1.016788406414767,-0.0631768479428715,1.6883765033148506,-0.9556029081472046,-0.9685803521180282,-0.2731933148225105,1.4532338558926978,1.9738557094551847,3.128173172077025,-1.128629389259787,0.1444427311607458,-1.6193554634143394,-0.020365063334717035,-0.5926502831031798,0.35962105830005797,-1.215400140710301,1.4385892651895622,0.5374449039340221,0.49552156302047196,0.08061781815581189,-2.1232526965159124,0.23109333342068958,0.2833866991892664,0.9525054144542643
-3.5872248247574734,0.422884065986105,0.7891825734744812,-0.34245906121637265,-0.019410881210446353,-1.7189746920826383,-1.2367708109319102,0.3322119479237774,-1.350888506059109,-1.8917691597159163,1.5179772005210193,3.3200033875859187,0.9182507304271543,-1.7010845792005331,-0.3447631434725288,-0.4101471320338675,3.173351488751608,-1.3048579643313738,0.6086654874861278,-0.27867491702441827,1.982934850565936,-0.18132008952211473,-0.8472337453902441,-0.5164785905005247,-0.7261775694839424,1.9738557094551847,4.011244822714517,3.3545075910299462,0.18529806034375282,0.27285247961351916,-2.497443600441239,0.026537568760203658,0.18852473600385497,-0.6391274247490005,-3.714966935793221,2.261555931219197,-0.5228468021989545,1.199703184603543,0.9215750260774824,-3.6784556406236826,-1.9139842461841032,1.0067799740809156,1.3761199079985358
-4.653934347006349,-1.9384668089105646,-0.3432472618604494,0.3276326158217528,2.422065379819409,1.8456125258019913,0.05501924064347374,-1.016503255099318,-0.7222497294948976,-0.6758150315226651,1.8484216641054134,3.12942763662519,1.3967956834865494,-5.152056315559025,-3.077802925596034,0.8518073384660035,2.7041820093511038,-0.32156992658603195,-1.0645860218464718,-2.928795780123345,-1.6719991741432387,5.445557352112943,-2.2798077644653625,-2.7085605714789254,-0.2806105966527575,3.128173172077025,3.3545075910299462,7.48445957119606,-3.6151378511392243,0.21576938289911335,-3.3074860629825036,-0.11483649305733792,-1.9913804855450326,1.6810292399154816,-1.175538441538595,2.85627644170257,2.07575100575177,0.7088246286664069,-0.4299039052623618,-4.03046941690141,2.1448785255730316,0.14405724916204174,2.026436068995747
1.144827113394811,1.915253733165798,0.8592806961786053,-0.4598456747226383,-2.0615064634134805,-2.7368405706496644,-0.8663169094988049,1.037255307861712,-0.3548727816136267,-0.7906592574494532,-0.37873251567164146,-0.1514735731277207,-0.5151042269025682,2.9690112990963633,2.2725071601042997,-0.9808350761363162,0.11249362722291871,-0.7308799659671943,1.3271056618410604,2.2324637514939276,2.7696317274196502,-4.557688691731418,1.298485871112856,1.8283075436578495,-0.29472755227338293,-1.128629389259787,0.18529806034375282,-3.6151378511392243,3.120375606309985,0.009238061922764558,0.875115700228331,0.092986657681356,1.755000346864901,-1.7788864022882374,-1.7379371891407576,-0.7314443758838708,-2.05748141950001,0.30207627783762214,0.9829498566056519,0.6149379484052733,-3.1324756362348554,0.5878171503438886,-0.6441529304714017
-0.2162623586289,0.040055203986123625,0.037254146434510665,-0.010490108324026096,-0.002607189300111357,-0.1462227092340283,-0.13387007638603937,0.03467748592040669,-0.08185337673140093,-0.133925725880249,0.09516726936820111,0.2387619145416183,0.0988860835211691,-0.11191115591065859,-2.316798880246271e-4,-0.05006778211497949,0.23438148138748022,-0.11997941104102385,0.0484580550246908,-0.02365587802821596,0.16922976843243193,-0.03268584058786829,-0.09942658692196513,-0.00550655435356139,-0.09305984778409794,0.1444427311607458,0.27285247961351916,0.21576938289911335,0.009238061922764558,0.0415169835212165,-0.1733117166492908,0.011255965254400912,0.013529081184732198,-0.0821055824514341,-0.25878565009920024,0.15686402547041203,-0.04571014834001396,0.08505419448485842,0.06035631052464905,-0.26339450676998,-0.1823141899504469,0.07416335529151058,0.086986586385717
2.6569563147396065,0.33579828218311153,-0.2242311296898089,0.05305161092716528,-0.6308752142316737,0.21933589383334223,0.50265553594652,0.12675035539883778,0.7345507583391653,0.9442872603842394,-1.0930973065749467,-2.1638777628276067,-0.7485354333455398,2.0350607282277062,0.9401022103895357,-0.051058010487080606,-1.9931380629993172,0.6158568127312961,0.03234143692181058,0.883675662853404,-0.37381390902955464,-1.3464705145086981,0.9531997862839325,0.9099064438332962,0.37792718218042176,-1.6193554634143394,-2.497443600441239,-3.3074860629825036,0.875115700228331,-0.1733117166492908,1.8747114714015347,0.015634067304468483,0.4447098768431926,-0.16858112332524208,1.809438326717899,-1.6647883408952073,-0.3288188794783974,-0.6702756489070935,-0.2614569336655508,2.5438607010775622,0.22478938238993282,-0.44740853735694097,-1.0839606651456566
0.035676443414945185,0.0615352039576594,0.026368969868461538,-0.026420473917201367,-0.050789601387479025,-0.11084921533506847,-0.06696569936115604,0.04673717775425717,-0.02498306222185244,-0.04526857969871263,-0.012297573204231025,0.019654712481176388,0.008555849884581712,0.08767899517812944,0.07562227604477688,-0.04317389723165198,0.02343979824656027,-0.02916097161368575,0.04467815027952988,0.059035489971841854,0.11884876988280163,-0.15868937429306493,0.01313341239161504,0.06625996588061811,-0.026727859137134935,-0.020365063334717035,0.026537568760203658,-0.11483649305733792,0.092986657681356,0.011255965254400912,0.015634067304468483,0.010492331278616275,0.059852002106334914,-0.08546256762232321,-0.079344965118088,4.150721463473922e-5,-0.07632913006487911,0.015421917100058366,0.045130784468592235,-0.004002852508959134,-0.12888360060324452,0.032392141644812904,-0.01730954031467402
0.5844421926313332,1.0807276070334784,0.5026412184307161,-0.290700819685023,-1.138531258175447,-1.588539245029887,-0.5409191992261674,0.605358610303862,-0.24551628431927,-0.5000208514275196,-0.19068967694942407,-0.011211608049445217,-0.25899716883147306,1.64123008043532,1.2704866014224088,-0.5657365079100576,0.1250784359965059,-0.42049503946554,0.7565933153235335,1.2394156682973831,1.6189328802608718,-2.585606327171414,0.6997659747266237,1.0218508347363247,-0.1789362433390922,-0.5926502831031798,0.18852473600385497,-1.9913804855450326,1.755000346864901,0.013529081184732198,0.4447098768431926,0.059852002106334914,0.9991411103940033,-1.0375196204574966,-1.0633279522741848,-0.34790482547837437,-1.1799235281998668,0.193017416323919,0.5905143311616474,0.2700108229109681,-1.8101332746716208,0.3636642076265531,-0.33741922024156856
-0.24709913485125154,-1.1470841774191136,-0.5726566492685357,0.33949744246240476,1.1269033148309917,1.851816296173838,0.7901303956863124,-0.6821269068843053,0.40290605827603415,0.7409074329027204,0.04510716321304373,-0.3848285780572408,0.0898003122712084,-1.4763031912608147,-1.2759235088245708,0.6556533589489951,-0.5040994145096367,0.5970993023922032,-0.8379886133115635,-1.1984051624453809,-1.9268677395815548,2.67622267748248,-0.5320249348790647,-1.0214594668130519,0.32578427567738766,0.35962105830005797,-0.6391274247490005,1.6810292399154816,-1.7788864022882374,-0.0821055824514341,-0.16858112332524208,-0.08546256762232321,-1.0375196204574966,1.2018532431765034,1.5049934567473036,0.0747164979219611,1.2755314097522372,-0.33165100285361815,-0.7149732775295237,0.15844577473835186,2.1259876227310106,-0.5010298532545184,0.2003125644053204
2.6400300186121073,-1.3463880800009649,-1.1447122694564085,0.5602948829594323,1.0393579816626157,2.9518860733999257,1.5902546086915315,-0.8396354831748233,1.4118872407613077,2.122056276876835,-1.1688801979943313,-2.927707959499506,-0.5878320726418124,0.03004273463382077,-0.8408860112906217,0.8754691165651448,-2.9218192185566445,1.538414781059904,-1.2186856660327954,-0.86487794225249,-3.213633695386151,2.485245618564271,0.13078555651861198,-0.46746603153941046,0.8129245616346142,-1.215400140710301,-3.714966935793221,-1.175538441538595,-1.7379371891407576,-0.25878565009920024,1.809438326717899,-0.079344965118088,-1.0633279522741848,1.5049934567473036,4.239467538933285,-1.6874729623532527,1.5233102725071217,-1.2345391792424556,-1.3438303288555726,3.0124632826394024,3.3286082940891024,-1.2175410875959338,-0.9121145367539544
-2.350833633573108,-0.27618683154330886,0.23062148750006772,-0.11206939696875139,0.5704251503617127,-0.27708830687887975,-0.5183322860976699,-0.06428375362601882,-0.7100773897386617,-0.9013831297991175,0.9621506034066942,1.9583686224640295,0.6805520464052889,-1.7622105328130389,-0.8074050324853684,0.019067245171338763,1.7896858049237407,-0.5279767712369855,-0.007856989328942496,-0.7711599469799654,0.4294454516159245,1.0862883131970016,-0.8502414141013634,-0.7811937559820205,-0.3334250959789205,1.4385892651895622,2.261555931219197,2.85627644170257,-0.7314443758838708,0.15686402547041203,-1.6647883408952073,4.150721463473922e-5,-0.34790482547837437,0.0747164979219611,-1.6874729623532527,1.5213388236102268,0.23136705553630302,0.6072320478727655,0.29570374425058144,-2.280254516481276,-0.2747804568890535,0.4402264908865195,0.9592820767684447
-0.422914490871331,-1.295195010309262,-0.639321885996815,0.36279488926071085,1.3261083622977645,1.9943194199563465,0.746821132490249,-0.73722052630991,0.3864952114066368,0.7297078534500466,0.1118883173123192,-0.24338292567450476,0.21677111963693294,-1.7865402194709636,-1.4636074709734892,0.6996785903441461,-0.3922027148896152,0.5986146711830698,-0.9301515311363352,-1.4202266046434822,-2.0524756444509533,3.0373029025638476,-0.7335424772370852,-1.1639996639526329,0.280251558286011,0.5374449039340221,-0.5228468021989545,2.07575100575177,-2.05748141950001,-0.04571014834001396,-0.3288188794783974,-0.07632913006487911,-1.1799235281998668,1.2755314097522372,1.5233102725071217,0.23136705553630302,1.4200403576965401,-0.31668501939086957,-0.7592501836679627,-0.031717012412562424,2.2755997096177984,-0.5036315999024775,0.2923235636539077
-0.967490340373234,0.2799043919153854,0.2975090319231378,-0.1296221931447325,-0.17401117001381197,-0.7271187076509835,-0.4371174835085647,0.17919448324452492,-0.42139373945015546,-0.6189976249176575,0.4190839763864353,0.9703489855409475,0.23478965516261682,-0.26832170207038264,0.08255598597128379,-0.20177072677489066,0.9509801306091185,-0.4532366814187385,0.2868287419228369,0.09587694081889502,0.8072101538794297,-0.414154671716389,-0.15248632751594865,-0.003238176875130091,-0.24651542633300813,0.49552156302047196,1.199703184603543,0.7088246286664069,0.30207627783762214,0.08505419448485842,-0.6702756489070935,0.015421917100058366,0.193017416323919,-0.33165100285361815,-1.2345391792424556,0.6072320478727655,-0.31668501939086957,0.37946960927212453,0.34554984762758006,-1.0408248169547267,-0.8214692739116229,0.3423798151006431,0.35518525981268273
-0.40150309099365117,0.6603970657950872,0.4417739305310562,-0.2665893637734067,-0.5890272064581544,-1.2213933813429758,-0.5710721192345412,0.4135768812173485,-0.43683020783038845,-0.6779395119793097,0.19549611846097664,0.6744483808599498,0.053426283071610486,0.5497742912277833,0.6099161447337413,-0.3915421303650356,0.7037425212522181,-0.4595528301840916,0.5279845671785948,0.6003146463272051,1.2995386725328264,-1.457041177686607,0.1992245724970277,0.44544182789273357,-0.22992264886281993,0.08061781815581189,0.9215750260774824,-0.4299039052623618,0.9829498566056519,0.06035631052464905,-0.2614569336655508,0.045130784468592235,0.5905143311616474,-0.7149732775295237,-1.3438303288555726,0.29570374425058144,-0.7592501836679627,0.34554984762758006,0.5348430234613254,-0.5995894034582654,-1.3674746295994,0.4179800124447442,0.09468148900841465
3.6100510000337116,0.08143159174796415,-0.5056923182170916,0.18501963923485204,-0.4925775680683389,0.9184368081718213,0.9483787265496133,-0.04825526984273539,1.1524573942606569,1.5545575837253482,-1.5041966464286927,-3.1273535963960617,-0.9994012366953366,2.328745454358947,0.8793479138210518,0.1444194486184745,-2.9313630917982754,1.052687587550173,-0.23586257159796206,0.8202874731238935,-1.1557575969217302,-0.9758420273001325,1.1335313247438255,0.9250067722198191,0.6262825258977308,-2.1232526965159124,-3.6784556406236826,-4.03046941690141,0.6149379484052733,-0.26339450676998,2.5438607010775622,-0.004002852508959134,0.2700108229109681,0.15844577473835186,3.0124632826394024,-2.280254516481276,-0.031717012412562424,-1.0408248169547267,-0.5995894034582654,3.579364788615852,1.0150404025830404,-0.7854837701430576,-1.4380548406760927
0.35122485479306176,-2.0859066484728652,-1.1470861781756065,0.5830602523437759,2.0227642695065837,3.504668619413744,1.516834676509192,-1.1983156144498848,0.9178846569023429,1.6139869305575028,-0.2593673542594301,-1.317748631770692,0.016973079146828614,-2.192383681386538,-2.135920510555601,1.1949637956964185,-1.5215332672794575,1.3440918651479563,-1.580489812860597,-2.0539096741247387,-3.666311504698563,4.609724218475816,-0.8031313002050816,-1.6435504035572863,0.7043384175248495,0.23109333342068958,-1.9139842461841032,2.1448785255730316,-3.1324756362348554,-0.1823141899504469,0.22478938238993282,-0.12888360060324452,-1.8101332746716208,2.1259876227310106,3.3286082940891024,-0.2747804568890535,2.2755997096177984,-0.8214692739116229,-1.3674746295994,1.0150404025830404,4.028049769707961,-1.0317081454980999,0.05583694458065611
-0.6473501757289991,0.4341890627834325,0.34356448376772986,-0.1918347576127328,-0.3413889408976243,-0.9177412799930893,-0.4923516445915051,0.2823710180871809,-0.40993728557605147,-0.617586426633549,0.2896423014117856,0.7864530247928821,0.15113127785063607,0.11721460881550227,0.31799629281756714,-0.2814121883377682,0.7871716098753245,-0.42809386163658375,0.37868532652466363,0.3113684264717564,0.9959446206409157,-0.8691537520724409,0.0013573583162934104,0.2049401131683684,-0.2316536354499547,0.2833866991892664,1.0067799740809156,0.14405724916204174,0.5878171503438886,0.07416335529151058,-0.44740853735694097,0.032392141644812904,0.3636642076265531,-0.5010298532545184,-1.2175410875959338,0.4402264908865195,-0.5036315999024775,0.3423798151006431,0.4179800124447442,-0.7854837701430576,-1.0317081454980999,0.3627227410193065,0.21540822797581297
-1.5439426260309042,-0.28851865022464274,0.08632902613256932,-0.009488070306840918,0.45528103826527005,0.03025946152207423,-0.2145662058855192,-0.12873569619174252,-0.3922775146223662,-0.48066707745074894,0.6293647241324895,1.2032631455726985,0.42755422406086663,-1.2831267813486875,-0.6468273831187252,0.08717911231427117,1.0933442383737235,-0.29336089759331874,-0.08855095484536885,-0.6025529238994494,0.05158239028266291,0.989270660116412,-0.5792205327103888,-0.6098914790008615,-0.17834151702259549,0.9525054144542643,1.3761199079985358,2.026436068995747,-0.6441529304714017,0.086986586385717,-1.0839606651456566,-0.01730954031467402,-0.33741922024156856,0.2003125644053204,-0.9121145367539544,0.9592820767684447,0.2923235636539077,0.35518525981268273,0.09468148900841465,-1.4380548406760927,0.05583694458065611,0.21540822797581297,0.6371153087618742
