V1,V2,V3,V4,V5,V6,V7,V8,V9,V10,V11,V12,V13,V14,V15,V16,V17,V18,V19,V20,V21,V22,V23,V24,V25,V26,V27,V28,V29,V30,V31,V32,V33,V34,V35,V36,V37,V38,V39,V40,V41,V42,V43
3040.0292887613004,3088.725676711095,39.32303939582652,191.34242518105222,1176.9332938576379,7531.098450806627,323.06784113472537,431.41606386590036,-2219.3298765587406,-4803.7962722033,-1252.5652971067038,123.44018377938977,-155.0908385544596,-1810.0121298777046,663.3341437795501,-6717.735717686715,-3305.118071349546,7640.796538851202,-611.646857507622,-881.6586024129668,4289.178292033072,-147.00426045206058,-4854.87160200319,-2897.3794750196384,-3215.771119476235,2724.354311534544,-3139.426816096371,-3493.9642732097545,-326.4867774014659,4879.645028344401,-4684.83089449038,1151.822483315937,-8434.292338046365,-1711.5229386721521,3683.3259487281125,-212.8197428075957,-914.1626217915533,1595.3368486529205,5462.996938742766,-4018.053340371091,-2869.907794402428,6740.142937941776,6061.901226212035
3088.725676711095,3138.3584877197072,39.782261678895004,194.47867419635278,1195.7849500070215,7652.234166495995,328.5732572355854,437.7487160074967,-2254.8971016412793,-4881.274947116938,-1272.5919451694413,124.96853686492915,-157.47746244670606,-1838.921654476823,674.0972598435226,-6826.394415985667,-3358.4651437020866,7764.092934911552,-621.8003211205277,-896.0513513626306,4357.85589401718,-149.3544366418103,-4932.709088555647,-2943.9634107453667,-3267.002926720715,2768.4794770757094,-3190.170094554533,-3550.451116173995,-331.8367651282971,4958.092493139932,-4759.971268012822,1170.5869487754148,-8569.770171852475,-1738.8795200820368,3742.148245242794,-215.94154803028238,-928.9543257075971,1621.1005560302888,5550.692075561095,-4082.323776760527,-2916.1088381962236,6848.540792488787,6159.827066046699
39.32303939582652,39.782261678895004,0.695184014251662,2.3973565273890087,15.224966651167927,96.86934768987759,3.8178370356093043,6.211689622874126,-28.688686499891684,-61.55895432496716,-16.242354083089275,2.087509780212253,-2.112686918037157,-23.50465287325233,8.429709850205997,-85.74577136280615,-42.31038923916341,97.84777586634732,-7.522673541274752,-11.109287140592844,55.511747776415646,-1.9062699441539008,-62.72170837264779,-37.28955923553889,-41.90202579698652,34.70913546490728,-40.112265648264255,-44.627384525555804,-4.091756697557724,62.808943632167356,-60.49269400263157,14.555625390352537,-108.6897114719861,-22.203542095816527,47.839234827351646,-3.0662574721092546,-11.662715941396517,20.407289393982357,70.46059372558302,-52.07450217677489,-36.87142442548773,86.71275172334946,77.51097206520406
191.34242518105222,194.47867419635278,2.3973565273890087,12.075797761283516,74.07699366915953,474.2420445040554,20.48455763163908,26.890575868133553,-139.69463436258818,-302.59670586172155,-78.82038982508422,7.565164235266157,-9.717021973643446,-113.88580470748146,41.8134098784505,-423.29944018741946,-208.21153061597602,481.3303748973806,-38.65956329910028,-55.61534654991246,269.952301017787,-9.250391644931984,-305.60242212718384,-182.4425540451958,-202.27649172438893,171.69436559296395,-197.8057095027324,-220.14979097610967,-20.604092613762017,307.2585871494359,-294.91187060131284,72.63978554987808,-531.0328773831143,-107.69798621108666,231.75073366399414,-13.264154407873,-57.60576019283712,100.50710787083014,343.9314598345262,-252.85805203624187,-180.7393419700441,424.42762979967597,381.9170217156169
1176.9332938576379,1195.7849500070215,15.224966651167927,74.07699366915953,455.6444778572219,2915.6263409882536,125.07185307205971,167.02458603165866,-859.2033251589728,-1859.7638942219708,-484.9246242222148,47.79262123286259,-60.04324068154345,-700.7386213368779,256.80556826769765,-2600.7330543778553,-1279.5585852628913,2958.0929415779256,-236.79361182757722,-341.3281472555318,1660.535832824802,-56.91182898694215,-1879.5408333954795,-1121.70609555817,-1244.9729925328345,1054.7175788056811,-1215.411704908723,-1352.6684190608603,-126.3969705167714,1889.1300021939671,-1813.7098469104762,445.92050086075994,-3265.294758999982,-662.6086799197648,1425.9837475700454,-82.3938179581816,-353.91277123457826,617.6256658474717,2114.97293169423,-1555.5712042144953,-1111.0698823228859,2609.4121771196164,2346.8313109759806
7531.098450806627,7652.234166495995,96.86934768987759,474.2420445040554,2915.6263409882536,18658.47277228472,801.3965969319185,1066.903880240371,-5498.024937656547,-11902.191789512828,-3102.876106618166,304.36296298867694,-383.89635060704757,-4483.693921320605,1643.7259187009247,-16645.284373461247,-8189.098567751598,18931.51857146593,-1516.378459455592,-2185.006395674988,10625.538879050377,-364.16141827094185,-12027.251438789697,-7178.261658230676,-7965.570663877299,6750.626707074697,-7778.790422906945,-8657.29754493372,-809.1939281717159,12089.305673733032,-11606.094205647454,2854.4276741742324,-20895.56257771458,-4239.785015322497,9124.173400670412,-526.3033376861569,-2265.1397022016668,3952.814791236619,13534.139623485393,-9953.673859569737,-7110.389625297762,16698.811797013892,15019.85091784337
323.06784113472537,328.5732572355854,3.8178370356093043,20.48455763163908,125.07185307205971,801.3965969319185,35.03178126289361,44.625147602100114,-235.8869656632204,-511.62560752231803,-133.03368879697587,12.168103740886572,-16.275414117752387,-192.17427747987898,70.78484234425052,-716.1260878310187,-352.0940126506768,813.9071025693491,-65.75355590574702,-94.26612188410753,455.7567939923182,-15.613116180474085,-516.0815423034686,-308.2727678006553,-341.1523449953009,290.54779097827213,-334.59203881023836,-372.40633679314874,-34.95047955833917,519.1656654068746,-498.0682376917349,123.07020318108337,-897.114079654611,-181.7602266775709,391.0541687690299,-22.00992952896042,-97.46295819266433,169.98086730171158,580.9541421595376,-426.8089237968508,-305.47484150218986,717.1965680215415,645.948731973977
431.41606386590036,437.7487160074967,6.211689622874126,26.890575868133553,167.02458603165866,1066.903880240371,44.625147602100114,63.36005785741696,-314.8861509935037,-679.7570957550294,-177.89115507847623,19.178498119922864,-22.37019338911783,-257.17310807424235,93.62570084550423,-949.4379487459938,-467.5402542998081,1080.979735597477,-85.4834438670774,-124.11917720901725,608.7893909758532,-20.878137206866263,-688.7044417025915,-410.534666289274,-457.3905958215345,384.82245277862256,-443.8407818624985,-493.9146757291857,-45.88773011118325,691.4311975877949,-664.4743030230009,162.29536343456743,-1195.542708279937,-243.10469687898856,523.3680302930553,-31.263105826054073,-129.1820164736646,225.6239532383568,774.573847315517,-570.5502813669673,-406.4240969638821,954.9097953003986,857.208351662658
-2219.3298765587406,-2254.8971016412793,-28.688686499891684,-139.69463436258818,-859.2033251589728,-5498.024937656547,-235.8869656632204,-314.8861509935037,1620.1919808458765,3507.000389847034,914.413007709485,-90.06702129420029,113.21114753128515,1321.3644485210525,-484.2724372445511,4904.301247864917,2412.8982866478486,-5578.152528298695,446.56265262010425,643.6716026447416,-3131.2502247511065,107.31772413835502,3544.2373311553642,2115.209336401405,2347.597356531197,-1988.92855434064,2291.943266609683,2550.775057499322,238.36005086475149,-3562.3458453399753,3420.104255351501,-840.9056624075454,6157.375166939844,1249.4664220815032,-2688.9399075393094,155.33455042767852,667.3874671226022,-1164.675471230226,-3988.2031786863968,2933.312185853799,2095.1600819957694,-4920.591863647094,-4425.493901177349
-4803.7962722033,-4881.274947116938,-61.55895432496716,-302.59670586172155,-1859.7638942219708,-11902.191789512828,-511.62560752231803,-679.7570957550294,3507.000389847034,7592.661953849293,1979.1542968538395,-193.53558623520743,244.7409007800681,2859.861486592794,-1048.6548285178762,10618.801094347768,5224.054538211939,-12076.901365917098,967.7192934992718,1394.0952825119402,-6777.582050309334,232.27836819475243,7671.812914697535,4578.968053271374,5080.551914639847,-4306.618457061816,4962.402696351306,5522.855484041641,516.31565522650385,-7711.682568154285,7403.20912445499,-1821.1527538794762,13328.975291323239,2704.3147946349654,-5819.716133276125,335.32118328428703,1445.045024431647,-2521.629560754842,-8633.155696989874,6348.938883676358,4535.752331212757,-10652.108079692276,-9581.693183382613
-1252.5652971067038,-1272.5919451694413,-16.242354083089275,-78.82038982508422,-484.9246242222148,-3102.876106618166,-133.03368879697587,-177.89115507847623,914.413007709485,1979.1542968538395,516.0972936988737,-50.96614670616239,63.92469099138512,745.7879697718326,-273.2776635964134,2767.6199384526444,1361.6919914846985,-3147.9779968255425,251.92939703849405,363.2007107275256,-1767.251256941635,60.570974541379044,2000.3069169092034,1193.7487185569018,1325.041181198238,-1122.3852579050892,1293.4110740327123,1439.4747786644514,134.4920564187145,-2010.4643738914585,1930.240601207587,-474.5044073779712,3475.042964402499,705.2025278738636,-1517.6616915603606,87.75584448972587,376.6220230123324,-657.2681652273361,-2250.8415949197865,1655.5572692409776,1182.4169248346886,-2776.999141023667,-2497.454285024927
123.44018377938977,124.96853686492915,2.087509780212253,7.565164235266157,47.79262123286259,304.36296298867694,12.168103740886572,19.178498119922864,-90.06702129420029,-193.53558623520743,-50.96614670616239,6.303731648532013,-6.577780735893335,-73.7375512253774,26.538360455426645,-269.75083696623625,-133.04229905245788,307.6583094766447,-23.81221156506121,-35.02337673274952,174.24304327523836,-5.981506778393744,-196.93064191987995,-117.1525735663558,-131.38066853470727,109.22598249192733,-126.17003538762656,-140.37939010660443,-12.91129450441329,197.32283679130867,-189.94830632127886,45.866376711941776,-341.39888757752567,-69.66694427391492,150.0744593085755,-9.465994766645723,-36.69309150496316,64.17720660840996,221.288683091442,-163.41747797854606,-115.87176119490162,272.44227677291366,243.77444505004544
-155.0908385544596,-157.47746244670606,-2.112686918037157,-9.717021973643446,-60.04324068154345,-383.89635060704757,-16.275414117752387,-22.37019338911783,113.21114753128515,244.7409007800681,63.92469099138512,-6.577780735893335,7.973208129493399,92.3923935746625,-33.754966518970186,342.05703941384905,168.3621047568454,-389.24067037885226,30.981734262429093,44.810303386717,-218.83529051066205,7.502532704452789,247.63338103823958,147.70557050241896,164.23119467459466,-138.68324906075853,159.87770764273952,177.92474722091728,16.58107411915525,-248.76419046616667,238.9419822662888,-58.56550710713555,430.052275192472,87.35245085917786,-188.02105131673113,11.03673876956313,46.54455800645018,-81.25762616013586,-278.5848905850883,205.04370548061027,146.26845426469302,-343.587219222017,-308.7408853263338
-1810.0121298777046,-1838.921654476823,-23.50465287325233,-113.88580470748146,-700.7386213368779,-4483.693921320605,-192.17427747987898,-257.17310807424235,1321.3644485210525,2859.861486592794,745.7879697718326,-73.7375512253774,92.3923935746625,1077.7140832979699,-394.8700570678345,3999.1265504467447,1967.6266582881015,-4548.790542948546,363.97832305031733,524.7878910442454,-2553.7619867036965,87.52742867775017,2890.519043580352,1724.986829241396,1914.7984059032055,-1621.799678891925,1868.9482609595025,2080.002088262679,194.3231381796595,-2905.1537514015085,2789.263119291275,-685.6177434834588,5021.517190704198,1019.0608028208492,-2193.122505676048,126.86552269782376,544.2060999294007,-949.7395673407115,-3252.529866644927,2392.3701940759074,1708.5991604606522,-4012.801393732369,-3608.7697408762792
663.3341437795501,674.0972598435226,8.429709850205997,41.8134098784505,256.80556826769765,1643.7259187009247,70.78484234425052,93.62570084550423,-484.2724372445511,-1048.6548285178762,-273.2776635964134,26.538360455426645,-33.754966518970186,-394.8700570678345,144.86121131495307,-1466.7363934855923,-721.5326616371703,1668.0172054158234,-133.77541594359747,-192.6159600997503,935.8733764889022,-32.072718342242126,-1059.3941037339903,-632.3596964202667,-701.4341770692379,594.882342960213,-685.4230534767822,-762.840677740585,-71.34545154404394,1064.9881402522599,-1022.3154130658708,251.6046895953948,-1840.6916005467242,-373.401757534712,803.544129585011,-46.18471606888576,-199.60103994031275,348.28697066998046,1192.1896917555628,-876.6579578560668,-626.4163438719181,1471.0792436514796,1323.4328792451172
-6717.735717686715,-6826.394415985667,-85.74577136280615,-423.29944018741946,-2600.7330543778553,-16645.284373461247,-716.1260878310187,-949.4379487459938,4904.301247864917,10618.801094347768,2767.6199384526444,-269.75083696623625,342.05703941384905,3999.1265504467447,-1466.7363934855923,14851.65963890869,7306.238368121438,-16890.404342540754,1353.9885502105094,1950.0711227819031,-9477.865535334906,324.8145335736896,10728.57335678782,6403.673832121879,7104.200268710888,-6023.43731921238,6940.438572409316,7724.317161986116,722.2665235269689,-10784.75255174751,10353.005520608665,-2547.3656627605415,18640.279936212613,3781.6559813196677,-8138.0654055392615,468.34984095323586,2021.078227578038,-3526.719021217348,-12073.168256836594,8878.31425094838,6343.354261776073,-14897.003885916987,-13400.892391252748
-3305.118071349546,-3358.4651437020866,-42.31038923916341,-208.21153061597602,-1279.5585852628913,-8189.098567751598,-352.0940126506768,-467.5402542998081,2412.8982866478486,5224.054538211939,1361.6919914846985,-133.04229905245788,168.3621047568454,1967.6266582881015,-721.5326616371703,7306.238368121438,3594.368426977483,-8309.4058439713,665.9029909068688,959.2372820757824,-4663.1191971295075,159.81131728119334,5278.39501204067,3150.475494452077,3495.4607503441944,-2963.1724681409232,3414.3590766535804,3799.9791499569105,355.2672425340032,-5305.880428199503,5093.596230665816,-1253.0735035063408,9170.725264271152,1860.613299134941,-4004.0476918136133,230.6347956834688,994.2607572129732,-1734.9901160522998,-5939.849841365194,4368.1865976468125,3120.7565005697707,-7328.996071098701,-6592.6271025055275
7640.796538851202,7764.092934911552,97.84777586634732,481.3303748973806,2958.0929415779256,18931.51857146593,813.9071025693491,1080.979735597477,-5578.152528298695,-12076.901365917098,-3147.9779968255425,307.6583094766447,-389.24067037885226,-4548.790542948546,1668.0172054158234,-16890.404342540754,-8309.4058439713,19209.56408447841,-1539.368067922796,-2217.517554198387,10780.239201791639,-369.454260042341,-12202.61836488961,-7283.257559934392,-8080.888290182638,6850.186740327541,-7893.248634488954,-8784.715634047412,-821.285294558591,12266.116843414684,-11775.39429904912,2896.8014616171617,-21200.875429989905,-4301.391515916048,9256.623414484988,-533.2416746683405,-2298.5095801182847,4010.9212307284115,13731.751112362579,-10098.425250661418,-7214.541909451386,16943.1407028502,15240.718406362234
-611.646857507622,-621.8003211205277,-7.522673541274752,-38.65956329910028,-236.79361182757722,-1516.378459455592,-65.75355590574702,-85.4834438670774,446.56265262010425,967.7192934992718,251.92939703849405,-23.81221156506121,30.981734262429093,363.97832305031733,-133.77541594359747,1353.9885502105094,665.9029909068688,-1539.368067922796,123.87334864745996,178.00301506683107,-862.9083488430418,29.567092462849942,976.9483285054308,583.3386512423788,646.3680293219439,-549.2405241231944,632.6807264691591,704.1607969552609,65.96238373715752,-982.4191696363354,942.7982528097884,-232.46001745032171,1697.8121859548992,344.2191744064459,-740.6698444370435,42.16536078096079,184.2654109031554,-321.4547413034069,-1099.5671439072494,808.2132613204129,577.9424783961973,-1357.0846648422466,-1221.5180085933087
-881.6586024129668,-896.0513513626306,-11.109287140592844,-55.61534654991246,-341.3281472555318,-2185.006395674988,-94.26612188410753,-124.11917720901725,643.6716026447416,1394.0952825119402,363.2007107275256,-35.02337673274952,44.810303386717,524.7878910442454,-192.6159600997503,1950.0711227819031,959.2372820757824,-2217.517554198387,178.00301506683107,256.16223645569147,-1243.8836000927024,42.62608244909519,1408.1137914828853,840.5856997159622,932.1430198780852,-790.9469616686516,911.2709204554358,1014.2046500224301,94.89434098370587,-1415.6673347425863,1358.8458160080845,-334.59052980005964,2446.73009293611,496.26729847301243,-1067.9166133865515,61.225393102316495,265.3785736172483,-463.0354169154848,-1584.6814656401466,1165.1424700198245,832.7177172774792,-1955.4984867894718,-1759.4752949520102
4289.178292033072,4357.85589401718,55.511747776415646,269.952301017787,1660.535832824802,10625.538879050377,455.7567939923182,608.7893909758532,-3131.2502247511065,-6777.582050309334,-1767.251256941635,174.24304327523836,-218.83529051066205,-2553.7619867036965,935.8733764889022,-9477.865535334906,-4663.1191971295075,10780.239201791639,-862.9083488430418,-1243.8836000927024,6051.608170502946,-207.4090597031729,-6849.727352641274,-4087.882569506061,-4537.183114724967,3843.704534233121,-4429.336300546684,-4929.541461378164,-460.61855865895603,6884.641522853289,-6609.811856394593,1625.0499108705105,-11899.878226138146,-2414.7990229732004,5196.8379867230215,-300.3191476344238,-1289.7655246338386,2250.823427801441,7707.710526015836,-5669.089329508713,-4049.1122846977332,9509.591847884796,8552.589514701274
-147.00426045206058,-149.3544366418103,-1.9062699441539008,-9.250391644931984,-56.91182898694215,-364.16141827094185,-15.613116180474085,-20.878137206866263,107.31772413835502,232.27836819475243,60.570974541379044,-5.981506778393744,7.502532704452789,87.52742867775017,-32.072718342242126,324.8145335736896,159.81131728119334,-369.454260042341,29.567092462849942,42.62608244909519,-207.4090597031729,7.108971091734167,234.7609160990779,140.1011377934237,155.51023439492755,-131.72602187382805,151.7976063105425,168.94032740370545,15.784324068650918,-235.9531787811834,226.5380445096304,-55.688993450628466,407.8397379435364,82.76432399311719,-178.1168333488745,10.299687494991645,44.20130229620862,-77.13874453929277,-264.16425921466407,194.30066854774535,138.7714414764871,-325.915570321154,-293.107314360966
-4854.87160200319,-4932.709088555647,-62.72170837264779,-305.60242212718384,-1879.5408333954795,-12027.251438789697,-516.0815423034686,-688.7044417025915,3544.2373311553642,7671.812914697535,2000.3069169092034,-196.93064191987995,247.63338103823958,2890.519043580352,-1059.3941037339903,10728.57335678782,5278.39501204067,-12202.61836488961,976.9483285054308,1408.1137914828853,-6849.727352641274,234.7609160990779,7753.173520740649,4627.139956850432,5135.402863210161,-4350.961810655493,5013.81168286482,5580.030197897739,521.447307228022,-7792.8315867103875,7481.633316497652,-1839.5803626876525,13469.579525708072,2733.244566275998,-5882.124544433565,339.7402737130373,1459.9675747282015,-2547.817560118017,-8724.39082418248,6416.716763613868,4583.293609944975,-10764.079431469074,-9681.1155976054215
-2897.3794750196384,-2943.9634107453667,-37.28955923553889,-182.4425540451958,-1121.70609555817,-7178.261658230676,-308.2727678006553,-410.534666289274,2115.209336401405,4578.968053271374,1193.7487185569018,-117.1525735663558,147.70557050241896,1724.986829241396,-632.3596964202667,6403.673832121879,3150.475494452077,-7283.257559934392,583.3386512423788,840.5856997159622,-4087.882569506061,140.1011377934237,4627.139956850432,2761.6137862662463,3064.56624972325,-2597.052673588739,2992.6146380026794,3330.586860678948,311.2993713872698,-4650.986037572094,4465.107562493816,-1098.1211315573623,8038.935699650764,1631.146341519832,-3510.2930190197817,202.51642907560418,871.4302138966331,-1520.708053946163,-5206.858226160188,3829.408951244694,2735.494184149876,-6424.345793543005,-5778.362659756191
-3215.771119476235,-3267.002926720715,-41.90202579698652,-202.27649172438893,-1244.9729925328345,-7965.570663877299,-341.1523449953009,-457.3905958215345,2347.597356531197,5080.551914639847,1325.041181198238,-131.38066853470727,164.23119467459466,1914.7984059032055,-701.4341770692379,7104.200268710888,3495.4607503441944,-8080.888290182638,646.3680293219439,932.1430198780852,-4537.183114724967,155.51023439492755,5135.402863210161,3064.56624972325,3402.173671759645,-2880.9774487423183,3320.101040151158,3695.017843283653,345.1454002171199,-5161.226127547365,4955.483791498764,-1217.8457931505259,8921.202881144089,1810.5711105782855,-3896.5760704263903,225.63635946262602,966.7440743936139,-1687.1875036144916,-5778.474845375098,4250.49897146374,3035.403499514197,-7129.012688094324,-6410.859713089369
2724.354311534544,2768.4794770757094,34.70913546490728,171.69436559296395,1054.7175788056811,6750.626707074697,290.54779097827213,384.82245277862256,-1988.92855434064,-4306.618457061816,-1122.3852579050892,109.22598249192733,-138.68324906075853,-1621.799678891925,594.882342960213,-6023.43731921238,-2963.1724681409232,6850.186740327541,-549.2405241231944,-790.9469616686516,3843.704534233121,-131.72602187382805,-4350.961810655493,-2597.052673588739,-2880.9774487423183,2442.968406920172,-2814.8425787847136,-3132.7668761447844,-292.9582927704243,4373.826327609306,-4198.662228346851,1033.194463400683,-7559.642256646283,-1533.6148179439701,3300.296533373412,-189.82934905459476,-819.697507973793,1430.3280907949622,4896.301739996353,-3600.5347766091345,-2572.612411860203,6041.5916521905165,5434.997577814615
-3139.426816096371,-3190.170094554533,-40.112265648264255,-197.8057095027324,-1215.411704908723,-7778.790422906945,-334.59203881023836,-443.8407818624985,2291.943266609683,4962.402696351306,1293.4110740327123,-126.17003538762656,159.87770764273952,1868.9482609595025,-685.4230534767822,6940.438572409316,3414.3590766535804,-7893.248634488954,632.6807264691591,911.2709204554358,-4429.336300546684,151.7976063105425,5013.81168286482,2992.6146380026794,3320.101040151158,-2814.8425787847136,3243.3966306809325,3609.7139422126756,337.51133235337,-5040.015385604345,4838.289185203529,-1190.396536084287,8711.149818656995,1767.3108058186067,-3803.237218003584,218.9429964386177,944.4836667501987,-1648.106376750115,-5642.159224581773,4149.160164205125,2964.4112766431276,-6961.775656878975,-6262.49920088271
-3493.9642732097545,-3550.451116173995,-44.627384525555804,-220.14979097610967,-1352.6684190608603,-8657.29754493372,-372.40633679314874,-493.9146757291857,2550.775057499322,5522.855484041641,1439.4747786644514,-140.37939010660443,177.92474722091728,2080.002088262679,-762.840677740585,7724.317161986116,3799.9791499569105,-8784.715634047412,704.1607969552609,1014.2046500224301,-4929.541461378164,168.94032740370545,5580.030197897739,3330.586860678948,3695.017843283653,-3132.7668761447844,3609.7139422126756,4017.406171689963,375.6371287006873,-5609.21207486452,5384.6888951839055,-1324.8559795627664,9694.937579096431,1966.8890747523715,-4232.724138068545,243.64449923831313,1051.1576709226615,-1834.2464520618557,-6279.347431820102,4617.7200827759025,3299.204063429108,-7748.010617000189,-6969.798203871576
-326.4867774014659,-331.8367651282971,-4.091756697557724,-20.604092613762017,-126.3969705167714,-809.1939281717159,-34.95047955833917,-45.88773011118325,238.36005086475149,516.31565522650385,134.4920564187145,-12.91129450441329,16.58107411915525,194.3231381796595,-71.34545154404394,722.2665235269689,355.2672425340032,-821.285294558591,65.96238373715752,94.89434098370587,-460.61855865895603,15.784324068650918,521.447307228022,311.2993713872698,345.1454002171199,-292.9582927704243,337.51133235337,375.6371287006873,35.155884447543535,-524.2721341894841,503.20644155441397,-123.94283638503563,906.0964482985574,183.76492111041281,-395.4368243774926,22.63525779679831,98.29148669783811,-171.49364751411915,-586.8471257885487,431.45171148942416,308.39325826763707,-724.1960614610264,-651.6575638767538
4879.645028344401,4958.092493139932,62.808943632167356,307.2585871494359,1889.1300021939671,12089.305673733032,519.1656654068746,691.4311975877949,-3562.3458453399753,-7711.682568154285,-2010.4643738914585,197.32283679130867,-248.76419046616667,-2905.1537514015085,1064.9881402522599,-10784.75255174751,-5305.880428199503,12266.116843414684,-982.4191696363354,-1415.6673347425863,6884.641522853289,-235.9531787811834,-7792.8315867103875,-4650.986037572094,-5161.226127547365,4373.826327609306,-5040.015385604345,-5609.21207486452,-524.2721341894841,7832.983354874184,-7519.942998384592,1849.3958564043896,-13538.821877522232,-2747.110750410217,5911.896529343444,-341.083215472898,-1467.6197773241418,2561.103926635371,8769.163622591774,-6449.334663497371,-4606.994633373147,10819.594861301992,9731.639813082733
-4684.83089449038,-4759.971268012822,-60.49269400263157,-294.91187060131284,-1813.7098469104762,-11606.094205647454,-498.0682376917349,-664.4743030230009,3420.104255351501,7403.20912445499,1930.240601207587,-189.94830632127886,238.9419822662888,2789.263119291275,-1022.3154130658708,10353.005520608665,5093.596230665816,-11775.39429904912,942.7982528097884,1358.8458160080845,-6609.811856394593,226.5380445096304,7481.633316497652,4465.107562493816,4955.483791498764,-4198.662228346851,4838.289185203529,5384.6888951839055,503.20644155441397,-7519.942998384592,7219.609404986159,-1775.2087657261804,12997.881070484089,2637.5020350636055,-5676.071174330586,327.7875983914016,1408.8605545602732,-2458.6205214059714,-8418.855878337861,6191.955879325863,4422.808226903567,-10387.151433867448,-9342.191975495729
1151.822483315937,1170.5869487754148,14.555625390352537,72.63978554987808,445.92050086075994,2854.4276741742324,123.07020318108337,162.29536343456743,-840.9056624075454,-1821.1527538794762,-474.5044073779712,45.866376711941776,-58.56550710713555,-685.6177434834588,251.6046895953948,-2547.3656627605415,-1253.0735035063408,2896.8014616171617,-232.46001745032171,-334.59052980005964,1625.0499108705105,-55.688993450628466,-1839.5803626876525,-1098.1211315573623,-1217.8457931505259,1033.194463400683,-1190.396536084287,-1324.8559795627664,-123.94283638503563,1849.3958564043896,-1775.2087657261804,437.04047570539046,-3196.381579134272,-648.3515659483397,1395.1990884090003,-80.05743062075364,-346.66108076617405,604.8702961509604,2070.2243418230514,-1522.1962222464535,-1087.8280583619667,2554.609178517959,2298.4223070012367
-8434.292338046365,-8569.770171852475,-108.6897114719861,-531.0328773831143,-3265.294758999982,-20895.56257771458,-897.114079654611,-1195.542708279937,6157.375166939844,13328.975291323239,3475.042964402499,-341.39888757752567,430.052275192472,5021.517190704198,-1840.6916005467242,18640.279936212613,9170.725264271152,-21200.875429989905,1697.8121859548992,2446.73009293611,-11899.878226138146,407.8397379435364,13469.579525708072,8038.935699650764,8921.202881144089,-7559.642256646283,8711.149818656995,9694.937579096431,906.0964482985574,-13538.821877522232,12997.881070484089,-3196.381579134272,23401.09312354931,4748.326988945721,-10218.634592609304,589.7627392414573,2536.6183318684757,-4426.621458549506,-15157.048225159904,11147.51298522555,7962.855290656114,-18700.963412529734,-16820.18082167227
-1711.5229386721521,-1738.8795200820368,-22.203542095816527,-107.69798621108666,-662.6086799197648,-4239.785015322497,-181.7602266775709,-243.10469687898856,1249.4664220815032,2704.3147946349654,705.2025278738636,-69.66694427391492,87.35245085917786,1019.0608028208492,-373.401757534712,3781.6559813196677,1860.613299134941,-4301.391515916048,344.2191744064459,496.26729847301243,-2414.7990229732004,82.76432399311719,2733.244566275998,1631.146341519832,1810.5711105782855,-1533.6148179439701,1767.3108058186067,1966.8890747523715,183.76492111041281,-2747.110750410217,2637.5020350636055,-648.3515659483397,4748.326988945721,963.602362365281,-2073.7638698408127,119.92540315583261,514.6131322993888,-898.088057240463,-3075.5721824754237,2262.1810504360556,1615.6580012154498,-3794.5065068646627,-3412.5104433293823
3683.3259487281125,3742.148245242794,47.839234827351646,231.75073366399414,1425.9837475700454,9124.173400670412,391.0541687690299,523.3680302930553,-2688.9399075393094,-5819.716133276125,-1517.6616915603606,150.0744593085755,-188.02105131673113,-2193.122505676048,803.544129585011,-8138.0654055392615,-4004.0476918136133,9256.623414484988,-740.6698444370435,-1067.9166133865515,5196.8379867230215,-178.1168333488745,-5882.124544433565,-3510.2930190197817,-3896.5760704263903,3300.296533373412,-3803.237218003584,-4232.724138068545,-395.4368243774926,5911.896529343444,-5676.071174330586,1395.1990884090003,-10218.634592609304,-2073.7638698408127,4462.954025420275,-258.18248451498187,-1107.437910366924,1932.6851198794416,6618.801335080432,-4868.413949329374,-3476.9426855318843,8165.922592832927,7343.710590905887
-212.8197428075957,-215.94154803028238,-3.0662574721092546,-13.264154407873,-82.3938179581816,-526.3033376861569,-22.00992952896042,-31.263105826054073,155.33455042767852,335.32118328428703,87.75584448972587,-9.465994766645723,11.03673876956313,126.86552269782376,-46.18471606888576,468.34984095323586,230.6347956834688,-533.2416746683405,42.16536078096079,61.225393102316495,-300.3191476344238,10.299687494991645,339.7402737130373,202.51642907560418,225.63635946262602,-189.82934905459476,218.9429964386177,243.64449923831313,22.63525779679831,-341.083215472898,327.7875983914016,-80.05743062075364,589.7627392414573,119.92540315583261,-258.18248451498187,15.426286652840917,63.72441311860285,-111.29918132549399,-382.09866767936734,281.45685379114235,200.48840231404515,-471.0566972757712,-422.855312215164
-914.1626217915533,-928.9543257075971,-11.662715941396517,-57.60576019283712,-353.91277123457826,-2265.1397022016668,-97.46295819266433,-129.1820164736646,667.3874671226022,1445.045024431647,376.6220230123324,-36.69309150496316,46.54455800645018,544.2060999294007,-199.60103994031275,2021.078227578038,994.2607572129732,-2298.5095801182847,184.2654109031554,265.3785736172483,-1289.7655246338386,44.20130229620862,1459.9675747282015,871.4302138966331,966.7440743936139,-819.697507973793,944.4836667501987,1051.1576709226615,98.29148669783811,-1467.6197773241418,1408.8605545602732,-346.66108076617405,2536.6183318684757,514.6131322993888,-1107.437910366924,63.72441311860285,275.0372834926369,-479.92988369623976,-1642.9465779789027,1208.1753485147242,863.2238026587959,-2027.227957395898,-1823.6473597757574
1595.3368486529205,1621.1005560302888,20.407289393982357,100.50710787083014,617.6256658474717,3952.814791236619,169.98086730171158,225.6239532383568,-1164.675471230226,-2521.629560754842,-657.2681652273361,64.17720660840996,-81.25762616013586,-949.7395673407115,348.28697066998046,-3526.719021217348,-1734.9901160522998,4010.9212307284115,-321.4547413034069,-463.0354169154848,2250.823427801441,-77.13874453929277,-2547.817560118017,-1520.708053946163,-1687.1875036144916,1430.3280907949622,-1648.106376750115,-1834.2464520618557,-171.49364751411915,2561.103926635371,-2458.6205214059714,604.8702961509604,-4426.621458549506,-898.088057240463,1932.6851198794416,-111.29918132549399,-479.92988369623976,837.4758269912387,2867.1035163117103,-2108.4580758724087,-1506.3686494764875,3537.6483577319736,3182.2479383156283
5462.996938742766,5550.692075561095,70.46059372558302,343.9314598345262,2114.97293169423,13534.139623485393,580.9541421595376,774.573847315517,-3988.2031786863968,-8633.155696989874,-2250.8415949197865,221.288683091442,-278.5848905850883,-3252.529866644927,1192.1896917555628,-12073.168256836594,-5939.849841365194,13731.751112362579,-1099.5671439072494,-1584.6814656401466,7707.710526015836,-264.16425921466407,-8724.39082418248,-5206.858226160188,-5778.474845375098,4896.301739996353,-5642.159224581773,-6279.347431820102,-586.8471257885487,8769.163622591774,-8418.855878337861,2070.2243418230514,-15157.048225159904,-3075.5721824754237,6618.801335080432,-382.09866767936734,-1642.9465779789027,2867.1035163117103,9817.343950496313,-7220.416606885443,-5157.559247780166,12112.694639603145,10894.348283692068
-4018.053340371091,-4082.323776760527,-52.07450217677489,-252.85805203624187,-1555.5712042144953,-9953.673859569737,-426.8089237968508,-570.5502813669673,2933.312185853799,6348.938883676358,1655.5572692409776,-163.41747797854606,205.04370548061027,2392.3701940759074,-876.6579578560668,8878.31425094838,4368.1865976468125,-10098.425250661418,808.2132613204129,1165.1424700198245,-5669.089329508713,194.30066854774535,6416.716763613868,3829.408951244694,4250.49897146374,-3600.5347766091345,4149.160164205125,4617.7200827759025,431.45171148942416,-6449.334663497371,6191.955879325863,-1522.1962222464535,11147.51298522555,2262.1810504360556,-4868.413949329374,281.45685379114235,1208.1753485147242,-2108.4580758724087,-7220.416606885443,5310.77747636812,3793.0657303338858,-8908.29582367975,-8011.621939410342
-2869.907794402428,-2916.1088381962236,-36.87142442548773,-180.7393419700441,-1111.0698823228859,-7110.389625297762,-305.47484150218986,-406.4240969638821,2095.1600819957694,4535.752331212757,1182.4169248346886,-115.87176119490162,146.26845426469302,1708.5991604606522,-626.4163438719181,6343.354261776073,3120.7565005697707,-7214.541909451386,577.9424783961973,832.7177172774792,-4049.1122846977332,138.7714414764871,4583.293609944975,2735.494184149876,3035.403499514197,-2572.612411860203,2964.4112766431276,3299.204063429108,308.39325826763707,-4606.994633373147,4422.808226903567,-1087.8280583619667,7962.855290656114,1615.6580012154498,-3476.9426855318843,200.48840231404515,863.2238026587959,-1506.3686494764875,-5157.559247780166,3793.0657303338858,2709.6443650916644,-6363.596104515386,-5723.886141676283
6740.142937941776,6848.540792488787,86.71275172334946,424.42762979967597,2609.4121771196164,16698.811797013892,717.1965680215415,954.9097953003986,-4920.591863647094,-10652.108079692276,-2776.999141023667,272.44227677291366,-343.587219222017,-4012.801393732369,1471.0792436514796,-14897.003885916987,-7328.996071098701,16943.1407028502,-1357.0846648422466,-1955.4984867894718,9509.591847884796,-325.915570321154,-10764.079431469074,-6424.345793543005,-7129.012688094324,6041.5916521905165,-6961.775656878975,-7748.010617000189,-724.1960614610264,10819.594861301992,-10387.151433867448,2554.609178517959,-18700.963412529734,-3794.5065068646627,8165.922592832927,-471.0566972757712,-2027.227957395898,3537.6483577319736,12112.694639603145,-8908.29582367975,-6363.596104515386,14944.971628752719,13442.304751770105
6061.901226212035,6159.827066046699,77.51097206520406,381.9170217156169,2346.8313109759806,15019.85091784337,645.948731973977,857.208351662658,-4425.493901177349,-9581.693183382613,-2497.454285024927,243.77444505004544,-308.7408853263338,-3608.7697408762792,1323.4328792451172,-13400.892391252748,-6592.6271025055275,15240.718406362234,-1221.5180085933087,-1759.4752949520102,8552.589514701274,-293.107314360966,-9681.1155976054215,-5778.362659756191,-6410.859713089369,5434.997577814615,-6262.49920088271,-6969.798203871576,-651.6575638767538,9731.639813082733,-9342.191975495729,2298.4223070012367,-16820.18082167227,-3412.5104433293823,7343.710590905887,-422.855312215164,-1823.6473597757574,3182.2479383156283,10894.348283692068,-8011.621939410342,-5723.886141676283,13442.304751770105,12091.941301981711
