V1,V2,V3,V4,V5,V6,V7,V8,V9,V10,V11,V12,V13,V14,V15,V16,V17,V18,V19,V20,V21,V22,V23,V24,V25,V26,V27,V28,V29,V30,V31,V32,V33,V34,V35,V36,V37,V38,V39,V40,V41,V42,V43
1.6799370661708162,0.12282863417966083,1.1288316912545697,-0.8080112518758236,0.5337596779347665,0.8508321646275276,-1.4556827861585733,-0.36983100433158467,0.9392050421940609,-0.6631988008130607,-0.9445169661336701,0.1734091975534073,0.12364376683746553,0.11960812584052562,-0.6940397397807166,0.49913263602189983,3.15881452674085,0.16268007912455676,-1.1077794657889373,1.9260518205438013,-0.7912942945996759,0.9430709170464309,-1.0710440343071086,0.8159589876058762,-0.3571837524507392,-1.872310890066381,0.4828853211578481,1.321789276434732,0.3227725209072101,0.989551029361639,-2.034300334830709,-0.8192770142640722,-0.14600356745537632,-2.203657381260799,0.7584877674340362,0.4871989100277265,-0.604621885825993,1.2967152773589203,-1.2182860627492424,-0.3509687829182521,-0.42425545625827926,0.8438626327417592,-0.7014367103716646
0.12282863417966083,0.08985316526499713,0.29173107913468355,-0.1554064754662082,0.22540103850297444,0.18543251352432807,-0.11790678576106181,-0.1889939903255355,0.1957525828723497,-0.06343446861730415,0.033693019163233244,-0.08274212052666002,0.07779048329004827,-0.02191610283454594,-0.14454676930582466,0.06583719781120713,0.47665368503264693,-0.08348432929996147,-0.19622154816729956,0.20332231632757267,-0.21200553291520724,0.05844053215364233,-0.0787742797109885,0.18231627111680326,-0.04256082425727258,-0.33276039527403545,-0.06380702894343583,0.33463272025153035,-0.0027401233482599137,0.1721635992469284,-0.22360207002270804,-0.18432978220714996,0.08184153602531698,-0.44938173897305983,0.22912946288663308,0.06822223953158642,-0.12242020291957505,0.24531596119190904,-0.1464673134233727,-0.02638063646021355,0.04213222313921761,0.24055364380461702,-0.10602663015780805
1.1288316912545697,0.29173107913468355,1.5340037712365289,-1.0794211496296142,1.2642098182028503,1.2831524752020815,-0.5803831822045605,-1.230519093901232,0.8683572542306996,-0.3814345174384299,0.2870387076030736,-0.3279589775147915,0.36661401728962373,0.05120272883837014,-0.8281638025467724,0.7881474344068817,3.033620847233507,0.11796621028109965,-0.8906895815229242,1.509470524166784,-1.0490746974150158,0.748883314352193,-0.4754267027907187,0.9667652817643457,-0.018048806415338247,-1.945032556567223,0.0806252654713535,1.4069226203235092,0.6443619754854716,1.3180477492238183,-1.3041480513654755,-1.1253389373568847,0.08448900400716278,-2.4213423968805916,1.424102299996733,0.6702214695731692,-0.39314641714869786,1.9496423733065835,-0.7032909585067068,-0.57633269528762,0.21967263302186305,1.285561804842737,-0.5065911962398728
-0.8080112518758236,-0.1554064754662082,-1.0794211496296142,1.273315089234709,-1.3976962261033083,-1.505611117816932,-0.46355235525868294,1.7585404191225193,-0.37081626631841075,0.15884001904449857,-1.2073115915850499,0.4109551474594195,-0.31207918144533087,-0.1470745777383652,0.7276624636995221,-1.0793389575495143,-2.158018375014401,-0.55534883764239,0.13092732845636731,-1.1244556821629978,0.7614136839673846,-0.8024321028849697,-0.014959801571805476,-0.5433090338772789,-0.5672141474347313,1.5398488400971144,-0.04207601434825943,-0.555847317273601,-1.3875527994720869,-1.3527690848649987,0.3365020518253085,1.1712006374377562,0.34371895201084257,1.6498834290284052,-1.5664294650951585,-0.891951393493455,-0.34075322294971583,-2.3858019623074918,-0.1877108141086207,0.8232916456744714,-0.6389377907733134,-1.054072381473696,0.20283624246722864
0.5337596779347665,0.22540103850297444,1.2642098182028503,-1.3976962261033083,1.762761997931134,1.7388907001249103,0.9182081745738658,-2.1775711690078046,0.3284910974680013,-0.010519556733672141,1.8171342326491755,-0.6657254736875812,0.42845124771510246,0.115454726996092,-0.7992730873031978,1.2240946635135848,2.109057604724476,0.5404594783282484,-0.019027944093863235,0.9025744950074563,-0.8850180103965827,0.7081197644392031,0.3202372478729575,0.6116286889469793,0.7394478349791691,-1.5686521718512414,-0.1236401215626098,0.5840071888456118,1.565369336451263,1.5340273640172415,0.017358280055378986,-1.3268743024374023,-0.21740155675368067,-1.757773647397827,1.8859142380890823,0.9944448853330506,0.44524240996724307,2.7234948870077478,0.4631545538044886,-0.9450418092041492,0.9567174709328605,1.2580191288184261,-0.09149518832836867
0.8508321646275276,0.18543251352432807,1.2831524752020815,-1.505611117816932,1.7388907001249103,1.9018001702419614,0.6941405907975473,-2.1251398897799505,0.449511686351394,-0.15445579781340713,1.5260362611858387,-0.5832980660832076,0.39166587357520766,0.1520504865876243,-0.9193440185181841,1.2567069239968012,2.563369430272651,0.5791874310305704,-0.14096019752736683,1.2091006251462124,-0.9339554699805535,0.8939902825406264,0.10426073112591533,0.645305429334436,0.6956296044590942,-1.835258866779868,0.06486311395461251,0.7047690716869736,1.6473663361892306,1.6914150630783011,-0.36430795122996973,-1.4481778185686571,-0.30140628463704927,-2.030627382539144,1.8697224656051656,1.1090097336275957,0.3622671695847188,2.872542247635015,0.32709338017899586,-0.9716741659766303,0.803934883507325,1.2524545500592728,-0.19131824972505151
-1.4556827861585733,-0.11790678576106181,-0.5803831822045605,-0.46355235525868294,0.9182081745738658,0.6941405907975473,3.0824685286921625,-1.794291561302673,-1.1958161603061697,0.8555144884835704,3.174274754258872,-0.7154216089565878,0.13929594238238982,0.0950786233468717,0.19038339688650058,0.8028984182985517,-2.2595138352553836,0.7943487806244522,1.8178909432271548,-1.4944648824157623,0.4092245181462283,-0.26085502301405017,1.7449657568852708,-0.7286610193870465,1.4873212851119266,1.0399141775810536,-0.5191391916890657,-1.7580991618726909,1.6783819345271336,0.27658668685068377,2.913144175847959,-0.23064843362687787,-0.48960878482154885,1.5984314721891253,0.8423508969886442,0.5165995874578219,1.671776747089789,1.2878178658228705,2.3712841865730243,-0.7005136485221297,1.522083039781995,-0.09363741566464914,0.9251628464746284
-0.36983100433158467,-0.1889939903255355,-1.230519093901232,1.7585404191225193,-2.1775711690078046,-2.1251398897799505,-1.794291561302673,2.9576006558393737,-0.006630698547234546,-0.1785507445951832,-2.853809238103532,0.8464572527408178,-0.48620468218004487,-0.20202746023675944,0.8217715159659535,-1.6837106235597652,-1.8195609271396915,-0.9801108540097682,-0.5112874789699288,-0.7748372226642675,0.8422354999498466,-0.8486584678244959,-0.7533951399539672,-0.46333172934578354,-1.2739731346043979,1.5107466603544963,0.22540252846620218,-0.06707620726996369,-2.3462596677490675,-1.798280829621358,-0.7765038844657471,1.5459547021154416,0.5446255598919125,1.4772930432649203,-2.3660343130732553,-1.2832093442586083,-1.0547657123540166,-3.4980038194572547,-1.130814025943258,1.3202627748402807,-1.4533606834827133,-1.3724107861126862,-0.1182123923429193
0.9392050421940609,0.1957525828723497,0.8683572542306996,-0.37081626631841075,0.3284910974680013,0.449511686351394,-1.1958161603061697,-0.006630698547234546,0.8574990739039914,-0.47396359573101476,-0.8988999390977103,0.038927257766844255,0.12461494046439549,-0.03533272020523536,-0.5057743347556299,0.023346550278858916,2.1268801254270806,-0.3265324260666058,-1.0120246054484012,1.1316887468024088,-0.6513345553373202,0.3898224667521395,-0.7786238478325712,0.6492545865772732,-0.4822805948930437,-1.2941974819624913,0.16223164043839136,1.3153515684817088,-0.29022797868266076,0.5176909543946636,-1.572186652557324,-0.5110000400597082,0.2390795546282155,-1.7205510834231275,0.3661512632291688,0.16195313130623681,-0.753027053632166,0.4683983381958221,-1.0252526747400825,0.0490433725827727,-0.3790625191699938,0.6067067508771304,-0.5568192602614617
-0.6631988008130607,-0.06343446861730415,-0.3814345174384299,0.15884001904449857,-0.010519556733672141,-0.15445579781340713,0.8555144884835704,-0.1785507445951832,-0.47396359573101476,0.3299861732026645,0.766152472156843,-0.14599613224224117,-0.01012613705909705,-0.0050075180645569135,0.24529124585611428,0.030147649106987043,-1.201629559532652,0.13914679676147707,0.5894200386792458,-0.7400144872304718,0.29079342878025183,-0.27955453700625676,0.5686118162735417,-0.3181504064963382,0.32829054726270956,0.6989417857155729,-0.18843483307396544,-0.6780971408598111,0.20246361435240548,-0.22039601665264222,1.0222550534769634,0.21374381472557655,-0.048812837670221994,0.8830871883659024,-0.059369234915711194,-0.059378957563214214,0.44178954184518243,-0.1327660265722953,0.6772897305117606,-0.059429614294103913,0.3550949685433305,-0.2328162329173967,0.34996113789546507
-0.9445169661336701,0.033693019163233244,0.2870387076030736,-1.2073115915850499,1.8171342326491755,1.5260362611858387,3.174274754258872,-2.853809238103532,-0.8988999390977103,0.766152472156843,3.8821157856521378,-0.989667247297192,0.38369861456454424,0.16392882536452485,-0.23947667448143137,1.4803359569737826,-0.7714149081380431,1.0949104051354215,1.5824028808912884,-0.7468476114078695,-0.143705839418651,0.19994476398283595,1.7234468122145823,-0.23926033862042878,1.7251403241543048,0.0453300807575314,-0.5534198321270566,-1.2530455231536082,2.3922043548293592,1.106343244735981,2.6168689945244927,-0.9161952577357908,-0.5822134160025458,0.44106400224992387,1.8856293980263172,0.9907488003317826,1.7539744450987493,2.715583890485866,2.277244792978742,-1.2238846835457964,1.9067552997456352,0.7010465366557248,0.7618952216959051
0.1734091975534073,-0.08274212052666002,-0.3279589775147915,0.4109551474594195,-0.6657254736875812,-0.5832980660832076,-0.7154216089565878,0.8464572527408178,0.038927257766844255,-0.14599613224224117,-0.989667247297192,0.36611511001956915,-0.17250967591975178,-0.0078040206174778285,0.21497898022150394,-0.39497323655218497,-0.25004733740399226,-0.14386946462990194,-0.20451678401039997,0.06954275974998508,0.23539893833078981,-0.06762638506831663,-0.3880274073585682,-0.11274750908415129,-0.37238584478781817,0.27853932973693146,0.16082955996505435,-0.023670977925486034,-0.5594477550279728,-0.4708943943730295,-0.4304017496547891,0.4046441560568178,-0.00669118542055625,0.3358329823621553,-0.6477831540814918,-0.318511364172157,-0.26894655479367036,-0.8754544127755769,-0.4537016928668197,0.31884015680659,-0.5071163785260756,-0.3753303694847177,-0.12136428250267582
0.12364376683746553,0.07779048329004827,0.36661401728962373,-0.31207918144533087,0.42845124771510246,0.39166587357520766,0.13929594238238982,-0.48620468218004487,0.12461494046439549,-0.01012613705909705,0.38369861456454424,-0.17250967591975178,0.11994062132981326,0.011685847705821721,-0.19905844125533437,0.2639789593634524,0.5692075355908308,0.0717152117315676,-0.078020725161202,0.22460840420798725,-0.24929067591975648,0.1425659667865385,0.05290343677244586,0.19919465475809353,0.11997160947997981,-0.40473047042046084,-0.049230920467758746,0.2346127510501577,0.28858943868789616,0.36406422574363306,-0.05998703703701657,-0.3122361588477519,0.013178108331954598,-0.4983881270330951,0.4538081683388966,0.20948137215557985,0.028639628905172104,0.6068933667135469,0.030078286676065602,-0.20221319623286982,0.20901597981670722,0.3405762215836185,-0.04282005197879429
0.11960812584052562,-0.02191610283454594,0.05120272883837014,-0.1470745777383652,0.115454726996092,0.1520504865876243,0.0950786233468717,-0.20202746023675944,-0.03533272020523536,-0.0050075180645569135,0.16392882536452485,-0.0078040206174778285,0.011685847705821721,0.04512311064696879,-0.04539839452143096,0.1717522845223547,0.16976872996864945,0.16756115794054136,0.06399328609817487,0.13589011631971393,-0.02431657807712712,0.13320006247892616,0.015594681849631394,0.01316695882127109,0.11146493430091184,-0.11018492255070858,0.053545767575010325,-0.0783605468160745,0.2519868853362725,0.14755455600301037,0.02734418820557121,-0.10216979005335561,-0.12276886292555925,-0.06094087119377825,0.16015166265185604,0.11725596405988652,0.12347056924538453,0.299468222513891,0.07179087916813436,-0.14478519157332145,0.07396220181587476,0.06838637450724655,0.008084892471744582
-0.6940397397807166,-0.14454676930582466,-0.8281638025467724,0.7276624636995221,-0.7992730873031978,-0.9193440185181841,0.19038339688650058,0.8217715159659535,-0.5057743347556299,0.24529124585611428,-0.23947667448143137,0.21497898022150394,-0.19905844125533437,-0.04539839452143096,0.5574222462351582,-0.49460244116104773,-1.8214871654847236,-0.096168658488615,0.44384762849982473,-0.9042960755454541,0.6123755343262547,-0.4992723049010901,0.2597552531570349,-0.49984851704098326,-0.0830570888904575,1.2131828673464968,-0.09741717626842644,-0.7819719232490111,-0.5286789217734346,-0.8651109131836443,0.754917141682865,0.7623291723232688,0.021138929553646164,1.4575479820300437,-0.8616520937004997,-0.497194741401138,0.1558249826200769,-1.2960712407179813,0.2667900179365803,0.35927827295404546,-0.16148600493468854,-0.714957684858601,0.28651752357022203
0.49913263602189983,0.06583719781120713,0.7881474344068817,-1.0793389575495143,1.2240946635135848,1.2567069239968012,0.8028984182985517,-1.6837106235597652,0.023346550278858916,0.030147649106987043,1.4803359569737826,-0.39497323655218497,0.2639789593634524,0.1717522845223547,-0.49460244116104773,1.1012052585115006,1.4052579432565595,0.7360229446792378,0.21240082712339964,0.730474927425663,-0.5004961302318558,0.6700648237512873,0.2849391447096106,0.3460869427620882,0.7005210419953009,-1.012184260116261,0.0318742503748823,0.03384622728362453,1.4721308543922182,1.1571109908928296,0.21427897615291544,-0.9159582350800877,-0.4144947160141963,-0.9769919372278996,1.4129537094060596,0.7985897256988213,0.5903554035850204,2.1727184526179224,0.4759887795710687,-0.890117217750869,0.7385540762425171,0.8397149130442284,0.01746294262529201
3.15881452674085,0.47665368503264693,3.033620847233507,-2.158018375014401,2.109057604724476,2.563369430272651,-2.2595138352553836,-1.8195609271396915,2.1268801254270806,-1.201629559532652,-0.7714149081380431,-0.25004733740399226,0.5692075355908308,0.16976872996864945,-1.8214871654847236,1.4052579432565595,7.1571099721778975,0.20168796783557633,-2.3186932169505696,3.8570129590679474,-2.1498394813697,1.8934534271493126,-1.7495509044615634,2.036692992535952,-0.4419407099516626,-4.426266503083236,0.6812686553686229,3.228168306221877,1.0697236625033975,2.7141860171790517,-3.8905669711507045,-2.297098729437529,0.03261415388170011,-5.422300121021626,2.467448148595741,1.3686438090277384,-1.2240700278768843,3.7243978366638313,-2.1406892572251297,-1.0123116334796713,-0.237322177488322,2.4162819715484787,-1.3698225605833314
0.16268007912455676,-0.08348432929996147,0.11796621028109965,-0.55534883764239,0.5404594783282484,0.5791874310305704,0.7943487806244522,-0.9801108540097682,-0.3265324260666058,0.13914679676147707,1.0949104051354215,-0.14386946462990194,0.0717152117315676,0.16756115794054136,-0.096168658488615,0.7360229446792378,0.20168796783557633,0.7225447804933098,0.5040734766759566,0.2164260928189195,-0.019561530097268895,0.40154482039910744,0.3477298042109701,-0.044351668195924815,0.6079446835374045,-0.17780439168188628,0.07688555898506493,-0.5601142432317503,1.114872562754553,0.5293845464336597,0.5927395134778092,-0.35282995239438425,-0.48447151493420354,0.07354565933136167,0.7035477472679456,0.4522759985343951,0.6928423728010925,1.2152511099464773,0.5917766837696556,-0.6285280246177981,0.5084343846931761,0.2497316193557012,0.18320425832124837
-1.1077794657889373,-0.19622154816729956,-0.8906895815229242,0.13092732845636731,-0.019027944093863235,-0.14096019752736683,1.8178909432271548,-0.5112874789699288,-1.0120246054484012,0.5894200386792458,1.5824028808912884,-0.20451678401039997,-0.078020725161202,0.06399328609817487,0.44384762849982473,0.21240082712339964,-2.3186932169505696,0.5040734766759566,1.3391491963955626,-1.272469274999631,0.6467454512174149,-0.34496792454159686,1.0806063716365653,-0.7536162530119107,0.8258730342566211,1.2940391768977577,-0.2683768969224772,-1.5629118394710797,0.7432383836198275,-0.3378915624886304,2.0526067371822796,0.3227716253069825,-0.38953813831914696,1.825580263531046,-0.061876202640250254,0.035236090220692455,1.1052790526402967,0.01314685827079764,1.500961638455155,-0.22931229610779377,0.7156818333249769,-0.530661465774567,0.6826407025669358
1.9260518205438013,0.20332231632757267,1.509470524166784,-1.1244556821629978,0.9025744950074563,1.2091006251462124,-1.4944648824157623,-0.7748372226642675,1.1316887468024088,-0.7400144872304718,-0.7468476114078695,0.06954275974998508,0.22460840420798725,0.13589011631971393,-0.9042960755454541,0.730474927425663,3.8570129590679474,0.2164260928189195,-1.272469274999631,2.2820124393699746,-1.0535970026730115,1.1329813343857884,-1.1398165824347415,1.0349010203795677,-0.30083899729662106,-2.3562585464097037,0.4578677123065397,1.633293963380173,0.5521840913235553,1.3260217191087673,-2.262083991310641,-1.1292431384567174,-0.16277762942965418,-2.7783040509120434,1.1716849320211598,0.6784662898576513,-0.6325383105574292,1.8550915905734264,-1.313607161565147,-0.512865176458975,-0.3038161185745562,1.1813907713657972,-0.8156381648641003
-0.7912942945996759,-0.21200553291520724,-1.0490746974150158,0.7614136839673846,-0.8850180103965827,-0.9339554699805535,0.4092245181462283,0.8422354999498466,-0.6513345553373202,0.29079342878025183,-0.143705839418651,0.23539893833078981,-0.24929067591975648,-0.02431657807712712,0.6123755343262547,-0.5004961302318558,-2.1498394813697,-0.019561530097268895,0.6467454512174149,-1.0535970026730115,0.7544706442485255,-0.5120622921142702,0.3635948026790263,-0.6591674266477078,0.02550480114591414,1.402273751665258,-0.05724092981985428,-1.0445786919286537,-0.41924247633508055,-0.916716098949975,0.9707902030726315,0.8164942694685461,-0.0734635349486812,1.7459158512707305,-0.9629448188604093,-0.4740620155659493,0.30357246039294467,-1.343876257944036,0.4828164451970386,0.35044889123408796,-0.1337065608525018,-0.8768073421887063,0.374805729787676
0.9430709170464309,0.05844053215364233,0.748883314352193,-0.8024321028849697,0.7081197644392031,0.8939902825406264,-0.26085502301405017,-0.8486584678244959,0.3898224667521395,-0.27955453700625676,0.19994476398283595,-0.06762638506831663,0.1425659667865385,0.13320006247892616,-0.4992723049010901,0.6700648237512873,1.8934534271493126,0.40154482039910744,-0.34496792454159686,1.1329813343857884,-0.5120622921142702,0.7044946201001033,-0.34272066390162903,0.4486784997409808,0.16350939463684183,-1.2036552072751638,0.24453949870204986,0.522205468956975,0.7894954248419687,0.8952340527137242,-0.7680052317464243,-0.7299825153034305,-0.28165681111858304,-1.2978552757297632,0.8832874614943959,0.5547467693794748,0.024874973307160226,1.4592609528864418,-0.28318658027872945,-0.5188996505026983,0.11621788596675396,0.6636345985297107,-0.28844384068570317
-1.0710440343071086,-0.0787742797109885,-0.4754267027907187,-0.014959801571805476,0.3202372478729575,0.10426073112591533,1.7449657568852708,-0.7533951399539672,-0.7786238478325712,0.5686118162735417,1.7234468122145823,-0.3880274073585682,0.05290343677244586,0.015594681849631394,0.2597552531570349,0.2849391447096106,-1.7495509044615634,0.3477298042109701,1.0806063716365653,-1.1398165824347415,0.3635948026790263,-0.34272066390162903,1.080398754901895,-0.4833795665788625,0.7577408985666483,0.9261638817130705,-0.3544135017442741,-1.1140565573527235,0.6952394660819312,-0.08020130482120999,1.8319164847130547,0.09657370585465196,-0.1585406478258913,1.2339943230703065,0.25090305239007976,0.11668519706677033,0.8949643477222733,0.30859373000395945,1.344729776450142,-0.27915713078172927,0.8170624961670986,-0.19706605339760913,0.60209499893069
0.8159589876058762,0.18231627111680326,0.9667652817643457,-0.5433090338772789,0.6116286889469793,0.645305429334436,-0.7286610193870465,-0.46333172934578354,0.6492545865772732,-0.3181504064963382,-0.23926033862042878,-0.11274750908415129,0.19919465475809353,0.01316695882127109,-0.49984851704098326,0.3460869427620882,2.036692992535952,-0.044351668195924815,-0.7536162530119107,1.0349010203795677,-0.6591674266477078,0.4486784997409808,-0.4833795665788625,0.6628971002539273,-0.21342986706595896,-1.2380252358710933,0.12262001181407083,1.0430202015620225,0.13845918925800832,0.7335249809298108,-1.1234042519952399,-0.6100269206904746,0.14404151431208262,-1.6041886830431002,0.7064689047461356,0.3140255740902835,-0.46314881995322016,0.9442096038835275,-0.7156234946473814,-0.24710833149815847,-0.06882780967242069,0.754600911968627,-0.39673203550541
-0.3571837524507392,-0.04256082425727258,-0.018048806415338247,-0.5672141474347313,0.7394478349791691,0.6956296044590942,1.4873212851119266,-1.2739731346043979,-0.4822805948930437,0.32829054726270956,1.7251403241543048,-0.37238584478781817,0.11997160947997981,0.11146493430091184,-0.0830570888904575,0.7005210419953009,-0.4419407099516626,0.6079446835374045,0.8258730342566211,-0.30083899729662106,0.02550480114591414,0.16350939463684183,0.7577408985666483,-0.21342986706595896,0.8503463539518797,0.07149452397540278,-0.17577966901381925,-0.7434756479736049,1.208778475107757,0.481010313509427,1.2234806280788035,-0.3973833110422754,-0.4098138642325786,0.35463190794185656,0.7882417447712942,0.486083254749825,0.9114884155002274,1.2527000384066242,1.1184301109483878,-0.5794486148467682,0.8324993638136468,0.20846002454755846,0.36063120243483754
-1.872310890066381,-0.33276039527403545,-1.945032556567223,1.5398488400971144,-1.5686521718512414,-1.835258866779868,1.0399141775810536,1.5107466603544963,-1.2941974819624913,0.6989417857155729,0.0453300807575314,0.27853932973693146,-0.40473047042046084,-0.11018492255070858,1.2131828673464968,-1.012184260116261,-4.426266503083236,-0.17780439168188628,1.2940391768977577,-2.3562585464097037,1.402273751665258,-1.2036552072751638,0.9261638817130705,-1.2380252358710933,0.07149452397540278,2.8514485945051806,-0.3038911039299499,-1.9666082826386957,-0.9204191805052521,-1.8195062757751703,2.1717318327915867,1.6027668986235524,0.0547462215158535,3.4290627838529026,-1.7801535466870069,-0.9869930370398531,0.5751026960164979,-2.6587689662715697,1.063480224546534,0.7132289200154573,-0.0785530524269913,-1.6116568057783183,0.8162997084707987
0.4828853211578481,-0.06380702894343583,0.0806252654713535,-0.04207601434825943,-0.1236401215626098,0.06486311395461251,-0.5191391916890657,0.22540252846620218,0.16223164043839136,-0.18843483307396544,-0.5534198321270566,0.16082955996505435,-0.049230920467758746,0.053545767575010325,-0.09741717626842644,0.0318742503748823,0.6812686553686229,0.07688555898506493,-0.2683768969224772,0.4578677123065397,-0.05724092981985428,0.24453949870204986,-0.3544135017442741,0.12262001181407083,-0.17577966901381925,-0.3038911039299499,0.31077772680332766,0.18657706249590195,-0.002342933080254002,0.16411935180280723,-0.6244397095722263,-0.057764930903693563,-0.05311519956583247,-0.3552185695843345,-0.07710112939554693,0.06764940075531001,-0.20856483270511486,0.07647931291122555,-0.37437092668285754,-0.05389233327216408,-0.28870428526610037,0.0039017155350816006,-0.14184393284235067
1.321789276434732,0.33463272025153035,1.4069226203235092,-0.555847317273601,0.5840071888456118,0.7047690716869736,-1.7580991618726909,-0.06707620726996369,1.3153515684817088,-0.6780971408598111,-1.2530455231536082,-0.023670977925486034,0.2346127510501577,-0.0783605468160745,-0.7819719232490111,0.03384622728362453,3.228168306221877,-0.5601142432317503,-1.5629118394710797,1.633293963380173,-1.0445786919286537,0.522205468956975,-1.1140565573527235,1.0430202015620225,-0.7434756479736049,-1.9666082826386957,0.18657706249590195,2.0760024387691973,-0.48918816447268626,0.817973689873049,-2.3307290824937748,-0.7937305478445433,0.46552989821131197,-2.6777518444856794,0.6182885614850757,0.23661924987959396,-1.191345609842812,0.7265557575561857,-1.5492599956325486,0.07127866589337972,-0.5126530593937858,0.9920186490610164,-0.820400338800109
0.3227725209072101,-0.0027401233482599137,0.6443619754854716,-1.3875527994720869,1.565369336451263,1.6473663361892306,1.6783819345271336,-2.3462596677490675,-0.29022797868266076,0.20246361435240548,2.3922043548293592,-0.5594477550279728,0.28858943868789616,0.2519868853362725,-0.5286789217734346,1.4721308543922182,1.0697236625033975,1.114872562754553,0.7432383836198275,0.5521840913235553,-0.41924247633508055,0.7894954248419687,0.6952394660819312,0.13845918925800832,1.208778475107757,-0.9204191805052521,-0.002342933080254002,-0.48918816447268626,2.2037528272894007,1.3971023539598806,0.9093471114344723,-1.1213301838538925,-0.7170211547785812,-0.6694083059953048,1.7691723852609549,1.0855590475698553,1.158589491004255,2.8471158929824267,1.1727459626493097,-1.2007282917745243,1.172343580258684,0.8489158625694149,0.23518702437578368
0.989551029361639,0.1721635992469284,1.3180477492238183,-1.3527690848649987,1.5340273640172415,1.6914150630783011,0.27658668685068377,-1.798280829621358,0.5176909543946636,-0.22039601665264222,1.106343244735981,-0.4708943943730295,0.36406422574363306,0.14755455600301037,-0.8651109131836443,1.1571109908928296,2.7141860171790517,0.5293845464336597,-0.3378915624886304,1.3260217191087673,-0.916716098949975,0.8952340527137242,-0.08020130482120999,0.7335249809298108,0.481010313509427,-1.8195062757751703,0.16411935180280723,0.817973689873049,1.3971023539598806,1.6078716975729443,-0.6612578344996703,-1.3116924073903715,-0.2193196548722986,-2.0797861104751343,1.6978289434194673,0.9898468182925152,0.14841337845372107,2.598300613306596,-2.57660479398776e-4,-0.9140419434425713,0.5867280228800031,1.2203011443758514,-0.2560726606823175
-2.034300334830709,-0.22360207002270804,-1.3041480513654755,0.3365020518253085,0.017358280055378986,-0.36430795122996973,2.913144175847959,-0.7765038844657471,-1.572186652557324,1.0222550534769634,2.6168689945244927,-0.4304017496547891,-0.05998703703701657,0.02734418820557121,0.754917141682865,0.21427897615291544,-3.8905669711507045,0.5927395134778092,2.0526067371822796,-2.262083991310641,0.9707902030726315,-0.7680052317464243,1.8319164847130547,-1.1234042519952399,1.2234806280788035,2.1717318327915867,-0.6244397095722263,-2.3307290824937748,0.9093471114344723,-0.6612578344996703,3.397529702378893,0.5905097386399232,-0.3905492411931704,2.90426788560133,-0.09446946222407916,-0.08011131826145905,1.6337901069864529,-0.200627088977315,2.3438388966823793,-0.2542230512720504,1.21029554934627,-0.7633897543342968,1.10752049047086
-0.8192770142640722,-0.18432978220714996,-1.1253389373568847,1.1712006374377562,-1.3268743024374023,-1.4481778185686571,-0.23064843362687787,1.5459547021154416,-0.5110000400597082,0.21374381472557655,-0.9161952577357908,0.4046441560568178,-0.3122361588477519,-0.10216979005335561,0.7623291723232688,-0.9159582350800877,-2.297098729437529,-0.35282995239438425,0.3227716253069825,-1.1292431384567174,0.8164942694685461,-0.7299825153034305,0.09657370585465196,-0.6100269206904746,-0.3973833110422754,1.6027668986235524,-0.057764930903693563,-0.7937305478445433,-1.1213301838538925,-1.3116924073903715,0.5905097386399232,1.1483892569711158,0.17824369534238865,1.827362737077354,-1.4412543613215887,-0.82215036273833,-0.10937310134837955,-2.1700978285082333,-0.0018228071641176985,0.687855152311543,-0.50571108643256,-1.0472378929113353,0.26783307930853384
-0.14600356745537632,0.08184153602531698,0.08448900400716278,0.34371895201084257,-0.21740155675368067,-0.30140628463704927,-0.48960878482154885,0.5446255598919125,0.2390795546282155,-0.048812837670221994,-0.5822134160025458,-0.00669118542055625,0.013178108331954598,-0.12276886292555925,0.021138929553646164,-0.4144947160141963,0.03261415388170011,-0.48447151493420354,-0.38953813831914696,-0.16277762942965418,-0.0734635349486812,-0.28165681111858304,-0.1585406478258913,0.14404151431208262,-0.4098138642325786,0.0547462215158535,-0.05311519956583247,0.46552989821131197,-0.7170211547785812,-0.2193196548722986,-0.3905492411931704,0.17824369534238865,0.4394384199713173,-0.20959726707337634,-0.3301802165810449,-0.2657566127822141,-0.5198436241887298,-0.6690449963783133,-0.4162504181609346,0.3324408298674458,-0.26431868123370744,-0.034902283984133066,-0.09110100875563942
-2.203657381260799,-0.44938173897305983,-2.4213423968805916,1.6498834290284052,-1.757773647397827,-2.030627382539144,1.5984314721891253,1.4772930432649203,-1.7205510834231275,0.8830871883659024,0.44106400224992387,0.3358329823621553,-0.4983881270330951,-0.06094087119377825,1.4575479820300437,-0.9769919372278996,-5.422300121021626,0.07354565933136167,1.825580263531046,-2.7783040509120434,1.7459158512707305,-1.2978552757297632,1.2339943230703065,-1.6041886830431002,0.35463190794185656,3.4290627838529026,-0.3552185695843345,-2.6777518444856794,-0.6694083059953048,-2.0797861104751343,2.90426788560133,1.827362737077354,-0.20959726707337634,4.30164822183191,-1.9525843463854962,-1.0294483437226027,1.0339813919463174,-2.8094499404031854,1.5769887986947424,0.6704806955746517,0.08282330462780474,-1.936498882630817,1.0493728111715073
0.7584877674340362,0.22912946288663308,1.424102299996733,-1.5664294650951585,1.8859142380890823,1.8697224656051656,0.8423508969886442,-2.3660343130732553,0.3661512632291688,-0.059369234915711194,1.8856293980263172,-0.6477831540814918,0.4538081683388966,0.16015166265185604,-0.8616520937004997,1.4129537094060596,2.467448148595741,0.7035477472679456,-0.061876202640250254,1.1716849320211598,-0.9629448188604093,0.8832874614943959,0.25090305239007976,0.7064689047461356,0.7882417447712942,-1.7801535466870069,-0.07710112939554693,0.6182885614850757,1.7691723852609549,1.6978289434194673,-0.09446946222407916,-1.4412543613215887,-0.3301802165810449,-1.9525843463854962,2.090748820610618,1.0947408739998268,0.5009326625591018,3.0385050442351598,0.38450888504022507,-1.0967663949825515,0.9877617306098501,1.405139513035794,-0.14627924348638502
0.4871989100277265,0.06822223953158642,0.6702214695731692,-0.891951393493455,0.9944448853330506,1.1090097336275957,0.5165995874578219,-1.2832093442586083,0.16195313130623681,-0.059378957563214214,0.9907488003317826,-0.318511364172157,0.20948137215557985,0.11725596405988652,-0.497194741401138,0.7985897256988213,1.3686438090277384,0.4522759985343951,0.035236090220692455,0.6784662898576513,-0.4740620155659493,0.5547467693794748,0.11668519706677033,0.3140255740902835,0.486083254749825,-0.9869930370398531,0.06764940075531001,0.23661924987959396,1.0855590475698553,0.9898468182925152,-0.08011131826145905,-0.82215036273833,-0.2657566127822141,-1.0294483437226027,1.0947408739998268,0.6780175209213932,0.32804322891523924,1.7298432582737,0.2944287124559413,-0.6307401141127972,0.5042595599651692,0.682408009398783,-0.06212791886121014
-0.604621885825993,-0.12242020291957505,-0.39314641714869786,-0.34075322294971583,0.44524240996724307,0.3622671695847188,1.671776747089789,-1.0547657123540166,-0.753027053632166,0.44178954184518243,1.7539744450987493,-0.26894655479367036,0.028639628905172104,0.12347056924538453,0.1558249826200769,0.5903554035850204,-1.2240700278768843,0.6928423728010925,1.1052790526402967,-0.6325383105574292,0.30357246039294467,0.024874973307160226,0.8949643477222733,-0.46314881995322016,0.9114884155002274,0.5751026960164979,-0.20856483270511486,-1.191345609842812,1.158589491004255,0.14841337845372107,1.6337901069864529,-0.10937310134837955,-0.5198436241887298,1.0339813919463174,0.5009326625591018,0.32804322891523924,1.1135585919554,0.8597297166884705,1.322317494173973,-0.5039852229305551,0.8258495348647945,-0.08800985205352796,0.49699921571141925
1.2967152773589203,0.24531596119190904,1.9496423733065835,-2.3858019623074918,2.7234948870077478,2.872542247635015,1.2878178658228705,-3.4980038194572547,0.4683983381958221,-0.1327660265722953,2.715583890485866,-0.8754544127755769,0.6068933667135469,0.299468222513891,-1.2960712407179813,2.1727184526179224,3.7243978366638313,1.2152511099464773,0.01314685827079764,1.8550915905734264,-1.343876257944036,1.4592609528864418,0.30859373000395945,0.9442096038835275,1.2527000384066242,-2.6587689662715697,0.07647931291122555,0.7265557575561857,2.8471158929824267,2.598300613306596,-0.200627088977315,-2.1700978285082333,-0.6690449963783133,-2.8094499404031854,3.0385050442351598,1.7298432582737,0.8597297166884705,4.640797612915286,0.6617487605113883,-1.707737421616121,1.4025648582139365,1.9569686604346468,-0.1964524513718673
-1.2182860627492424,-0.1464673134233727,-0.7032909585067068,-0.1877108141086207,0.4631545538044886,0.32709338017899586,2.3712841865730243,-1.130814025943258,-1.0252526747400825,0.6772897305117606,2.277244792978742,-0.4537016928668197,0.030078286676065602,0.07179087916813436,0.2667900179365803,0.4759887795710687,-2.1406892572251297,0.5917766837696556,1.500961638455155,-1.313607161565147,0.4828164451970386,-0.28318658027872945,1.344729776450142,-0.7156234946473814,1.1184301109483878,1.063480224546534,-0.37437092668285754,-1.5492599956325486,1.1727459626493097,-2.57660479398776e-4,2.3438388966823793,-0.0018228071641176985,-0.4162504181609346,1.5769887986947424,0.38450888504022507,0.2944287124559413,1.322317494173973,0.6617487605113883,1.880229262057641,-0.4289215576609753,1.0756428177718291,-0.2952711652671768,0.7568771933921594
-0.3509687829182521,-0.02638063646021355,-0.57633269528762,0.8232916456744714,-0.9450418092041492,-0.9716741659766303,-0.7005136485221297,1.3202627748402807,0.0490433725827727,-0.059429614294103913,-1.2238846835457964,0.31884015680659,-0.20221319623286982,-0.14478519157332145,0.35927827295404546,-0.890117217750869,-1.0123116334796713,-0.6285280246177981,-0.22931229610779377,-0.512865176458975,0.35044889123408796,-0.5188996505026983,-0.27915713078172927,-0.24710833149815847,-0.5794486148467682,0.7132289200154573,-0.05389233327216408,0.07127866589337972,-1.2007282917745243,-0.9140419434425713,-0.2542230512720504,0.687855152311543,0.3324408298674458,0.6704806955746517,-1.0967663949825515,-0.6307401141127972,-0.5039852229305551,-1.707737421616121,-0.4289215576609753,0.7386174711198614,-0.6007794119390419,-0.6270982084860358,-0.06357299236634947
-0.42425545625827926,0.04213222313921761,0.21967263302186305,-0.6389377907733134,0.9567174709328605,0.803934883507325,1.522083039781995,-1.4533606834827133,-0.3790625191699938,0.3550949685433305,1.9067552997456352,-0.5071163785260756,0.20901597981670722,0.07396220181587476,-0.16148600493468854,0.7385540762425171,-0.237322177488322,0.5084343846931761,0.7156818333249769,-0.3038161185745562,-0.1337065608525018,0.11621788596675396,0.8170624961670986,-0.06882780967242069,0.8324993638136468,-0.0785530524269913,-0.28870428526610037,-0.5126530593937858,1.172343580258684,0.5867280228800031,1.21029554934627,-0.50571108643256,-0.26431868123370744,0.08282330462780474,0.9877617306098501,0.5042595599651692,0.8258495348647945,1.4025648582139365,1.0756428177718291,-0.6007794119390419,0.9469330935046039,0.4084397001637123,0.33884031999303166
0.8438626327417592,0.24055364380461702,1.285561804842737,-1.054072381473696,1.2580191288184261,1.2524545500592728,-0.09363741566464914,-1.3724107861126862,0.6067067508771304,-0.2328162329173967,0.7010465366557248,-0.3753303694847177,0.3405762215836185,0.06838637450724655,-0.714957684858601,0.8397149130442284,2.4162819715484787,0.2497316193557012,-0.530661465774567,1.1813907713657972,-0.8768073421887063,0.6636345985297107,-0.19706605339760913,0.754600911968627,0.20846002454755846,-1.6116568057783183,0.0039017155350816006,0.9920186490610164,0.8489158625694149,1.2203011443758514,-0.7633897543342968,-1.0472378929113353,-0.034902283984133066,-1.936498882630817,1.405139513035794,0.682408009398783,-0.08800985205352796,1.9569686604346468,-0.2952711652671768,-0.6270982084860358,0.4084397001637123,1.138473288681186,-0.3340021874202378
-0.7014367103716646,-0.10602663015780805,-0.5065911962398728,0.20283624246722864,-0.09149518832836867,-0.19131824972505151,0.9251628464746284,-0.1182123923429193,-0.5568192602614617,0.34996113789546507,0.7618952216959051,-0.12136428250267582,-0.04282005197879429,0.008084892471744582,0.28651752357022203,0.01746294262529201,-1.3698225605833314,0.18320425832124837,0.6826407025669358,-0.8156381648641003,0.374805729787676,-0.28844384068570317,0.60209499893069,-0.39673203550541,0.36063120243483754,0.8162997084707987,-0.14184393284235067,-0.820400338800109,0.23518702437578368,-0.2560726606823175,1.10752049047086,0.26783307930853384,-0.09110100875563942,1.0493728111715073,-0.14627924348638502,-0.06212791886121014,0.49699921571141925,-0.1964524513718673,0.7568771933921594,-0.06357299236634947,0.33884031999303166,-0.3340021874202378,0.3997670712325509
