V1,V2,V3,V4,V5,V6,V7,V8,V9,V10,V11,V12,V13,V14,V15,V16,V17,V18,V19,V20,V21,V22,V23,V24,V25,V26,V27,V28,V29,V30,V31,V32,V33,V34,V35,V36,V37,V38,V39,V40,V41,V42,V43
11.434281836606612,-51.03598328937985,-12.402411791258043,-61.297201543299586,-63.47733200189394,82.31188468661591,23.641766467713044,78.47732000573211,38.774953255826624,2.790438515042766,-200.10472706149332,-68.12061428349139,-58.70587888594476,67.15809162775678,85.92427808570999,-4.29263724665606,68.63729139039526,-37.82607502438968,-61.165624868766436,-11.077253280094562,-12.2770808761514,-85.65091745207594,58.83031826606923,72.366973336772,20.276910622258356,91.97307108888711,100.69150051421146,-45.31420077898642,-13.909014421121187,38.64168120890566,-65.48808173514188,27.132225793432543,-10.638972848050832,20.165275817738586,66.4225124501768,-143.3282737607324,-17.54000610160537,65.96764323183433,-60.51335118350787,-106.44767933125875,-33.75773576004761,30.425846260634035,20.511453504643583
-51.03598328937985,235.89199799499133,59.865667722555436,283.0367583706046,295.2223028576539,-381.6600972404807,-112.79001126590167,-359.8026435804725,-181.0510450630587,-13.187702013819573,926.5738875428361,315.5503470507798,269.9436681854941,-313.63972055981816,-399.95720917376997,22.396949046286018,-317.4574617933924,178.56166586572024,281.54439210362904,47.27237559933917,57.992474718503935,398.03131089947846,-273.1012450071551,-337.11725769019193,-94.15255635946764,-422.0547888421583,-463.75965335914185,206.46902361598148,66.97719230863086,-177.8777774915066,303.5600794194542,-124.30543000708927,50.336862290441395,-94.32133493035418,-304.86153531726313,664.0768254279996,79.87996980109314,-308.6710018625764,280.3468558988734,489.29046996163214,153.98710139578773,-139.0297525673229,-90.29400572912878
-12.402411791258043,59.865667722555436,16.061790122317035,71.71955267481178,75.48737120815494,-97.22347197413173,-29.705138094628406,-90.35159142986134,-46.55735694545807,-3.4384889477444025,235.69161309988203,80.2908529787311,67.97805195223513,-80.64379936851444,-102.42653233632583,6.548430004319536,-80.64578634464819,46.558226837287265,71.06251934643888,10.73217648680785,15.094186445175128,101.70799928690674,-69.6160784385482,-86.43810563990492,-23.98083218809336,-106.10915023817071,-117.12559892863595,51.42249047511604,17.912295787292233,-44.92655933517677,77.31525188034477,-31.1951240614167,13.165349363417327,-24.24471812707577,-76.65964121293308,169.02234103444496,19.87634815368035,-79.56558142852836,71.35542657007542,123.27416782716747,38.44050154354361,-34.755513621995185,-21.413940922794954
-61.297201543299586,283.0367583706046,71.71955267481178,339.62015151054777,354.1583156687296,-457.8966461385261,-135.20803029813777,-431.82952121643973,-217.1586087860972,-15.812232723584016,1111.691570532139,378.5917004535436,323.9674625507997,-376.19620462711765,-479.7778980714521,26.76390387646085,-380.8921974569953,214.09336097436145,337.8606882225236,56.872547400322276,69.54039717585684,477.4970781814569,-327.6537195110505,-404.381730996343,-112.96521091205435,-506.5286342576818,-556.5181577426495,247.8530723931737,80.2472166773274,-213.45198668163098,364.19573195869697,-149.19073290935484,60.34769266137413,-113.14222478661829,-365.87745533661166,796.741162021182,95.89364911591753,-370.21108033921047,336.3516604860479,587.1894986157007,184.8361177903044,-166.88111195497217,-108.52659286338292
-63.47733200189394,295.2223028576539,75.48737120815494,354.1583156687296,369.89837191268435,-477.91868280143956,-141.9373393868248,-449.6585274181032,-227.0044091469782,-16.572375142114783,1160.0080419525475,395.0801506663791,337.5350318571785,-393.2526979737184,-501.1843182064613,28.596023244631482,-397.36719263922885,224.30832177601064,352.1017127744695,58.288921375922826,72.8502062489969,498.6283737866173,-342.05878094768883,-422.49765360082904,-117.92271120972975,-527.5382636747369,-580.0480520017594,257.7472739431787,84.40353227875214,-222.45785049876412,380.1058099090299,-155.32880688118496,63.25233355490598,-118.28260494050237,-381.0668339991492,831.471167573986,99.71066641426162,-387.1428237232596,351.01279607744584,611.7640055065109,192.27604078183367,-173.6413439236776,-112.00892154111116
82.31188468661591,-381.6600972404807,-97.22347197413173,-457.8966461385261,-477.91868280143956,617.693888849887,182.99468595201057,581.7247718573369,293.19827246361393,21.38301829562082,-1499.395713208248,-510.64289820166874,-436.55838088953584,507.91165107639023,647.5194110411923,-36.6017350674657,513.656368180061,-289.4378322631103,-455.359084314392,-75.92424002951412,-94.01032425448966,-644.302951622621,442.0387360506399,545.8219610542061,152.40410495839635,682.4374900153415,750.1103315823747,-333.6276790056042,-108.75884600327464,287.6999828038186,-491.27221580538423,200.96103684609307,-81.61411845989282,152.78117280080974,492.95166430267375,-1074.6866116464444,-129.0671972768558,499.95907661840556,-453.6804373767036,-791.2645086693994,-248.8547631035558,224.7197726321214,145.4476049708393
23.641766467713044,-112.79001126590167,-29.705138094628406,-135.20803029813777,-141.9373393868248,182.99468595201057,55.4127666251373,170.7995496919287,87.35004061207275,6.429345582289751,-443.7472298287842,-151.17408248708765,-128.47296904223623,151.3375999891011,192.42981791407405,-11.794953407228252,151.88770632420648,-86.96365827142638,-134.12486668314594,-20.938763891431083,-28.252419333203193,-191.22790523579124,131.07797627624416,162.3098227773822,45.1934067161903,200.50906161425507,221.04704033882686,-97.4630599074362,-33.16022590505188,84.74445349272348,-145.51358481960705,58.97080657639619,-24.560896545435458,45.55994092838725,144.85701379668885,-318.202767998268,-37.69037723495349,149.1832186437655,-134.32397500609025,-232.80149077268476,-72.76959874270027,65.79567503462464,41.25995963463131
78.47732000573211,-359.8026435804725,-90.35159142986134,-431.82952121643973,-449.6585274181032,581.7247718573369,170.7995496919287,549.8869610470387,275.4762808280929,20.01424293741326,-1412.6976041963042,-481.06862061241566,-412.3192187823583,477.2154241881243,609.0232569312784,-33.19921052266329,484.13667103387985,-270.97383743480736,-429.869922520028,-73.53179361696247,-88.01654306000995,-606.3381548501478,416.1868375111515,513.2210914861494,143.49124918620956,644.8906017943302,708.0025841095306,-316.0234852571797,-101.1406541990774,271.570309812495,-462.70458175880515,190.00016840458758,-76.34145432886024,143.5058975452681,465.7999777896612,-1012.3598822769235,-122.28241480376396,469.43701862196485,-427.3812418509296,-747.3245306069153,-235.60678522233138,212.6534762290855,139.40665256926349
38.774953255826624,-181.0510450630587,-46.55735694545807,-217.1586087860972,-227.0044091469782,293.19827246361393,87.35004061207275,275.4762808280929,139.3968422328414,10.189680633217687,-711.5526374244079,-242.34610492332607,-206.82697314477892,241.47255272570135,307.6332694064904,-17.79794301120209,243.7133872003154,-137.93100494967507,-215.81823826398792,-35.37985571149436,-44.78431333933215,-305.9934198894065,209.84836419986874,259.3706139516331,72.33609506648799,323.2276036385809,355.550833785673,-157.77824395685835,-52.044971404655,136.36868646458402,-233.1880377067136,95.156268635307,-38.91071841232272,72.62210951629368,233.48848479303322,-510.05314630015073,-61.030175611385275,237.78475696951904,-215.3232459687906,-374.9081071573624,-117.73471602000056,106.33457398960782,68.24311653656237
2.790438515042766,-13.187702013819573,-3.4384889477444025,-15.812232723584016,-16.572375142114783,21.38301829562082,6.429345582289751,20.01424293741326,10.189680633217687,0.7497352604281867,-51.86761647100223,-17.667750400285765,-15.043889635826316,17.650355072745914,22.464031646776917,-1.3421148912326883,17.75941385186869,-10.115976024031255,-15.69900767265667,-2.5045546666555674,-3.284028660935192,-22.331842471701012,15.31088644386766,18.943494200958312,5.279522814444574,23.493491001924408,25.87251790617806,-11.4385944999147,-3.8393812562838434,9.921896799299768,-17.00225310410576,6.9105718731542884,-2.8559329829971722,5.314045599204282,16.97016054889389,-37.189800071793776,-4.4224791616767485,17.393571535528164,-15.698212382668613,-27.26255367129012,-8.539447296461942,7.717270910882375,4.889684764960385
-200.10472706149332,926.5738875428361,235.69161309988203,1111.691570532139,1160.0080419525475,-1499.395713208248,-443.7472298287842,-1412.6976041963042,-711.5526374244079,-51.86761647100223,3639.9298896326254,1239.6209879238222,1060.0358422588229,-1232.6447047599502,-1571.6215189225763,88.50893835783818,-1247.0292215375111,702.1714766123445,1105.650767782001,184.87416962862233,228.03330483053875,1563.9141758233263,-1072.9615285827924,-1324.7475499493119,-369.8973966431469,-1657.205918036035,-1821.297605730282,810.3928131239854,263.6396256766136,-698.5636183817177,1192.5547304456638,-488.042753063384,197.9621350207748,-370.7132080541023,-1197.0461585559165,2608.823819711117,313.5170035085455,-1213.2423926272195,1101.3416122236135,1921.3674155454873,604.450421157424,-545.7734449354972,-353.7388412254623
-68.12061428349139,315.5503470507798,80.2908529787311,378.5917004535436,395.0801506663791,-510.64289820166874,-151.17408248708765,-481.06862061241566,-242.34610492332607,-17.667750400285765,1239.6209879238222,422.17485280004104,360.9965374290958,-419.82985495243423,-535.2574746637719,30.16830146863538,-424.69004406963893,239.17131935957346,376.523434719244,62.907499733766166,77.67625985121423,532.6293338229397,-365.43209922134247,-451.1781565585085,-125.98274376032676,-564.3321733074027,-620.2396531306922,275.95100076237287,89.80329846171684,-237.88503757661547,406.1424854672185,-166.19166805359436,67.42746374138093,-126.26370415214878,-407.63393684299655,888.4734508903033,106.75819058977702,-413.2210018364886,375.0783898477925,654.3023844380197,205.82092113010077,-185.84521300995024,-120.41731354741641
-58.70587888594476,269.9436681854941,67.97805195223513,323.9674625507997,337.5350318571785,-436.55838088953584,-128.47296904223623,-412.3192187823583,-206.82697314477892,-15.043889635826316,1060.0358422588229,360.9965374290958,309.2730494931017,-358.31285564923746,-457.15769680191823,25.10242938948858,-363.2476265275221,203.5974606723558,322.418712820251,54.83003394973348,66.15089428363392,455.09726631903925,-312.3911250605231,-385.25494767631005,-107.71962049302566,-483.5868672379076,-531.0687049085642,236.85662659391159,76.07684062623053,-203.67609872454997,347.22250968808316,-142.45288379498015,57.36406492870789,-107.7871422846265,-349.2947121799001,759.6870984790662,91.64793458334621,-352.5136875568013,320.7058455869001,560.4699954201668,176.582288762321,-159.41341937149633,-104.23316389856656
67.15809162775678,-313.63972055981816,-80.64379936851444,-376.19620462711765,-393.2526979737184,507.91165107639023,151.3375999891011,477.2154241881243,241.47255272570135,17.650355072745914,-1232.6447047599502,-419.82985495243423,-358.31285564923746,418.3188380179835,532.9173068491076,-30.823932517464105,422.1960180402135,-238.93357137946498,-373.86439058672187,-61.28043612090244,-77.58372184223735,-530.0862372758985,363.5439121871131,449.3028132286888,125.31808169351841,559.930673745398,615.9344085729693,-273.3263798567549,-90.13957177679033,236.22390834939384,-403.9556575781998,164.83893477864672,-67.39684714078821,125.81160101898965,404.47024500654726,-883.5795172603953,-105.72762751416626,411.9207996612667,-373.0129466685334,-649.460582398788,-203.93992761901137,184.20176391489827,118.22487841703776
85.92427808570999,-399.95720917376997,-102.42653233632583,-479.7778980714521,-501.1843182064613,647.5194110411923,192.42981791407405,609.0232569312784,307.6332694064904,22.464031646776917,-1571.6215189225763,-535.2574746637719,-457.15769680191823,532.9173068491076,679.1375215341861,-38.89436432191406,538.3442402806079,-304.09028676578686,-476.94705158620263,-78.77959124970859,-98.7424528996699,-675.6269633999158,463.41289812648984,572.5375021302558,159.74857501520594,714.5331417856996,785.7182752918952,-349.0234463865297,-114.52875139349686,301.35917928085104,-514.9948453224955,210.38047487986856,-85.76376423522251,160.28089863208524,516.1415963869217,-1126.509992886572,-135.0139141117199,524.6878855002685,-475.56605824776506,-828.6435575620893,-260.39534034068333,235.1614269133832,151.4914829809569
-4.29263724665606,22.396949046286018,6.548430004319536,26.76390387646085,28.596023244631482,-36.6017350674657,-11.794953407228252,-33.19921052266329,-17.79794301120209,-1.3421148912326883,88.50893835783818,30.16830146863538,25.10242938948858,-30.823932517464105,-38.89436432191406,2.990742452135755,-30.21533182323533,18.195800719339623,26.344694761126682,3.221503824489522,5.888787861722036,38.481811422941234,-26.242111753349036,-32.88820697773418,-9.028224926320865,-39.06493357389342,-43.462182253059396,18.626170192470923,7.273228801163322,-16.669064385471213,29.100095279574276,-11.450603931231322,5.170029269476511,-9.265600573499318,-28.236480077540996,63.53868053595351,7.190577084918263,-30.532546375749572,26.82459664391491,45.5540077242966,13.979923091059666,-12.671764927411322,-7.0721086958448405
68.63729139039526,-317.4574617933924,-80.64578634464819,-380.8921974569953,-397.36719263922885,513.656368180061,151.88770632420648,484.13667103387985,243.7133872003154,17.75941385186869,-1247.0292215375111,-424.69004406963893,-363.2476265275221,422.1960180402135,538.3442402806079,-30.21533182323533,427.2551072650984,-240.41872969117378,-378.8592641103168,-63.50168776156978,-78.06876677766448,-535.7363711078027,367.5656080133727,453.7656157151491,126.71076399596268,567.9104855057567,624.074923353785,-277.7818946113635,-90.19953920914283,239.36522600989645,-408.5474900594369,167.25681249634812,-67.77064173335589,126.95527500316281,410.210596012901,-893.7548764110815,-107.46710095944658,415.51784385396604,-377.3123275895058,-658.4044692157481,-207.17905012065265,187.0527585838706,121.3868888727745
-37.82607502438968,178.56166586572024,46.558226837287265,214.09336097436145,224.30832177601064,-289.4378322631103,-86.96365827142638,-270.97383743480736,-137.93100494967507,-10.115976024031255,702.1714766123445,239.17131935957346,203.5974606723558,-238.93357137946498,-304.09028676578686,18.195800719339623,-240.41872969117378,136.96147721312377,212.56297495951875,33.946905210358985,44.45561329907856,302.30312049474173,-207.20052098025303,-256.45874981950647,-71.4062485196373,-318.03291581898264,-350.24028735238255,154.88271295092244,52.004830600683384,-134.3285246846771,230.1911416860997,-93.58644683556916,38.66410391452833,-71.85791759829597,-229.75053324880133,503.40696526326013,59.90086883698911,-235.4277575221501,212.52085953261002,369.0831510425203,115.63784823860628,-104.47795661078945,-66.18987540287092
-61.165624868766436,281.54439210362904,71.06251934643888,337.8606882225236,352.1017127744695,-455.359084314392,-134.12486668314594,-429.869922520028,-215.81823826398792,-15.69900767265667,1105.650767782001,376.523434719244,322.418712820251,-373.86439058672187,-476.94705158620263,26.344694761126682,-378.8592641103168,212.56297495951875,336.2093272968317,56.99384605376259,69.04474289663531,474.7487584998264,-325.8106980150955,-401.9658372494967,-112.330572300558,-504.18879315204515,-553.7678227291244,246.86724740468298,79.53162582419591,-212.40339382302943,362.1850752713585,-148.52238183342598,59.904831218604436,-112.43321540416036,-364.1846215425233,792.3758903843657,95.51774049505516,-367.85364632354685,334.50929316650314,584.3912852410753,184.08277990031831,-166.17530866553702,-108.44448645161447
-11.077253280094562,47.27237559933917,10.73217648680785,56.872547400322276,58.288921375922826,-75.92424002951412,-20.938763891431083,-73.53179361696247,-35.37985571149436,-2.5045546666555674,184.87416962862233,62.907499733766166,54.83003394973348,-61.28043612090244,-78.77959124970859,3.221503824489522,-63.50168776156978,33.946905210358985,56.99384605376259,11.376339052142571,11.036976624062174,78.72344876438565,-54.207805469011994,-66.26004129161959,-18.701263497782808,-86.07471044710034,-93.76046981375613,42.8259788833133,12.095350586167532,-35.988953108341725,60.414873486900646,-25.440233015032454,9.515663391180587,-18.408888664939074,-62.148134058268596,132.32652458417496,16.589764022982735,-60.02743782930157,55.86570833255908,99.38583902677334,31.83113624268568,-28.648349393078018,-20.312479835057047
-12.2770808761514,57.992474718503935,15.094186445175128,69.54039717585684,72.8502062489969,-94.01032425448966,-28.252419333203193,-88.01654306000995,-44.78431333933215,-3.284028660935192,228.03330483053875,77.67625985121423,66.15089428363392,-77.58372184223735,-98.7424528996699,5.888787861722036,-78.06876677766448,44.45561329907856,69.04474289663531,11.036976624062174,14.44869851658542,98.16802764729738,-67.31646419011666,-83.27116392980463,-23.21147048565311,-103.30012436238923,-113.76515239832165,50.31376375627219,16.871021155118495,-43.62134670688589,74.7601943891163,-30.396333516643985,12.551088780903902,-23.355337175869856,-74.63078806687169,163.49426943718646,19.461559452568775,-76.44090332369619,69.0165745884777,119.88214938316096,37.55479133582872,-33.94202271102377,-21.524391625706393
-85.65091745207594,398.03131089947846,101.70799928690674,477.4970781814569,498.6283737866173,-644.302951622621,-191.22790523579124,-606.3381548501478,-305.9934198894065,-22.331842471701012,1563.9141758233263,532.6293338229397,455.09726631903925,-530.0862372758985,-675.6269633999158,38.481811422941234,-535.7363711078027,302.30312049474173,474.7487584998264,78.72344876438565,98.16802764729738,672.1970389275232,-461.1059216401493,-569.5488796841595,-158.95806945270616,-711.3477925734395,-782.0818154271906,347.5963087683213,113.73260504416938,-299.9595038889518,512.4412687028657,-209.45727094538728,85.24637213788083,-159.4262799860242,-513.8343011284535,1120.956637655631,134.46665205921622,-521.8437872512923,473.22300445873867,824.8837319198332,259.30188678309514,-234.16242801336597,-151.14969805824174
58.83031826606923,-273.1012450071551,-69.6160784385482,-327.6537195110505,-342.05878094768883,442.0387360506399,131.07797627624416,416.1868375111515,209.84836419986874,15.31088644386766,-1072.9615285827924,-365.43209922134247,-312.3911250605231,363.5439121871131,463.41289812648984,-26.242111753349036,367.5656080133727,-207.20052098025303,-325.8106980150955,-54.207805469011994,-67.31646419011666,-461.1059216401493,316.38682916073725,390.62572315053654,109.09242407534539,488.24286505415154,536.7270311452479,-238.65820827419245,-77.85958358891492,205.83063320195933,-351.56176224864004,143.7664888193611,-58.420289708106786,109.37344798122639,352.67934968709363,-769.0662092339866,-92.33051031347658,357.85130577361014,-324.66052583702714,-566.1342142485411,-178.00212857173838,160.7553905116254,103.97156366846649
72.366973336772,-337.11725769019193,-86.43810563990492,-404.381730996343,-422.49765360082904,545.8219610542061,162.3098227773822,513.2210914861494,259.3706139516331,18.943494200958312,-1324.7475499493119,-451.1781565585085,-385.25494767631005,449.3028132286888,572.5375021302558,-32.88820697773418,453.7656157151491,-256.45874981950647,-401.9658372494967,-66.26004129161959,-83.27116392980463,-569.5488796841595,390.62572315053654,482.6871021274707,134.65284682386906,602.1483377543711,662.195608007167,-294.0711024307831,-96.64953611149751,253.98841159556463,-434.11194219458065,177.2869852778817,-72.3375850285395,135.12629228509303,434.96517411878824,-949.5634932396684,-113.75419850858133,442.38907744752817,-400.8672897234526,-698.3416023638835,-219.4134115403128,198.15299670702248,127.51098220855924
20.276910622258356,-94.15255635946764,-23.98083218809336,-112.96521091205435,-117.92271120972975,152.40410495839635,45.1934067161903,143.49124918620956,72.33609506648799,5.279522814444574,-369.8973966431469,-125.98274376032676,-107.71962049302566,125.31808169351841,159.74857501520594,-9.028224926320865,126.71076399596268,-71.4062485196373,-112.330572300558,-18.701263497782808,-23.21147048565311,-158.95806945270616,109.09242407534539,134.65284682386906,37.6315881293494,168.33821991242473,185.05248623715406,-82.28715382605864,-26.829807370386217,70.95877880905927,-121.19865542165593,49.563910751456845,-20.136665761106016,37.72241373325247,121.59815271159057,-265.1397940960121,-31.83291132838451,123.35807399220103,-111.92022673197684,-195.18832795575972,-61.36401475936167,55.43108206907272,35.86731677459631
91.97307108888711,-422.0547888421583,-106.10915023817071,-506.5286342576818,-527.5382636747369,682.4374900153415,200.50906161425507,644.8906017943302,323.2276036385809,23.493491001924408,-1657.205918036035,-564.3321733074027,-483.5868672379076,559.930673745398,714.5331417856996,-39.06493357389342,567.9104855057567,-318.03291581898264,-504.18879315204515,-86.07471044710034,-103.30012436238923,-711.3477925734395,488.24286505415154,602.1483377543711,168.33821991242473,756.3351453312482,830.4229027652644,-370.5595481382429,-118.77732919235531,318.53143846944135,-542.8017359395188,222.8217822975819,-89.60895130422756,168.39225982967494,546.2952443221195,-1187.5984432192272,-143.37861488107276,550.8414747863052,-501.35605456933513,-876.5005506676142,-276.2787535269266,249.37555624912738,163.31328234892095
100.69150051421146,-463.75965335914185,-117.12559892863595,-556.5181577426495,-580.0480520017594,750.1103315823747,221.04704033882686,708.0025841095306,355.550833785673,25.87251790617806,-1821.297605730282,-620.2396531306922,-531.0687049085642,615.9344085729693,785.7182752918952,-43.462182253059396,624.074923353785,-350.24028735238255,-553.7678227291244,-93.76046981375613,-113.76515239832165,-782.0818154271906,536.7270311452479,662.195608007167,185.05248623715406,830.4229027652644,912.130977673406,-406.55685913444756,-131.0696855850098,349.85021630901707,-596.617413709339,244.61191473617052,-98.7047260101892,185.24475352938526,599.8237137906689,-1305.2687985280766,-157.30139314981363,606.0483789114287,-551.030495410775,-962.5391592434563,-303.1573455344718,273.6781898447395,178.50570036734248
-45.31420077898642,206.46902361598148,51.42249047511604,247.8530723931737,257.7472739431787,-333.6276790056042,-97.4630599074362,-316.0234852571797,-157.77824395685835,-11.4385944999147,810.3928131239854,275.95100076237287,236.85662659391159,-273.3263798567549,-349.0234463865297,18.626170192470923,-277.7818946113635,154.88271295092244,246.86724740468298,42.8259788833133,50.31376375627219,347.5963087683213,-238.65820827419245,-294.0711024307831,-82.28715382605864,-370.5595481382429,-406.55685913444756,181.8323958509755,57.58647313401463,-155.94774892130891,265.3787503015749,-109.2058879462677,43.61386080157552,-82.18411806670746,-267.6436664552228,580.6817861455571,70.3666509056791,-268.7703033470027,245.14549056654812,429.2889794571623,135.52204047056594,-122.28918205804145,-80.73823730447772
-13.909014421121187,66.97719230863086,17.912295787292233,80.2472166773274,84.40353227875214,-108.75884600327464,-33.16022590505188,-101.1406541990774,-52.044971404655,-3.8393812562838434,263.6396256766136,89.80329846171684,76.07684062623053,-90.13957177679033,-114.52875139349686,7.273228801163322,-90.19953920914283,52.004830600683384,79.53162582419591,12.095350586167532,16.871021155118495,113.73260504416938,-77.85958358891492,-96.64953611149751,-26.829807370386217,-118.77732919235531,-131.0696855850098,57.58647313401463,20.003166229558243,-50.281037122764666,86.4835547973905,-34.92291793430584,14.712034901131194,-27.116337538748432,-85.81776122105886,189.0626702525811,22.25972497355134,-88.93452934118253,79.80935820066873,137.97112698480316,43.04769511159783,-38.924086654327006,-24.051629064660684
38.64168120890566,-177.8777774915066,-44.92655933517677,-213.45198668163098,-222.45785049876412,287.6999828038186,84.74445349272348,271.570309812495,136.36868646458402,9.921896799299768,-698.5636183817177,-237.88503757661547,-203.67609872454997,236.22390834939384,301.35917928085104,-16.669064385471213,239.36522600989645,-134.3285246846771,-212.40339382302943,-35.988953108341725,-43.62134670688589,-299.9595038889518,205.83063320195933,253.98841159556463,70.95877880905927,318.53143846944135,349.85021630901707,-155.94774892130891,-50.281037122764666,134.2027172556956,-228.83172627913075,93.8302633142553,-37.859996292490194,71.03614118061225,230.07751960670404,-500.63013032887613,-60.33535250579822,232.43916819581855,-211.3471048218515,-369.19756260393547,-116.2977085654676,104.98010774468138,68.47868130629882
-65.48808173514188,303.5600794194542,77.31525188034477,364.19573195869697,380.1058099090299,-491.27221580538423,-145.51358481960705,-462.70458175880515,-233.1880377067136,-17.00225310410576,1192.5547304456638,406.1424854672185,347.22250968808316,-403.9556575781998,-514.9948453224955,29.100095279574276,-408.5474900594369,230.1911416860997,362.1850752713585,60.414873486900646,74.7601943891163,512.4412687028657,-351.56176224864004,-434.11194219458065,-121.19865542165593,-542.8017359395188,-596.617413709339,265.3787503015749,86.4835547973905,-228.83172627913075,390.7354415573165,-159.8483210941646,64.90372501719435,-121.49342073263277,-392.08855010432177,854.7486847288211,102.66757422086422,-397.6199393683102,360.840173466741,629.3609200136718,197.95033667646004,-178.74145872552663,-115.7111534075296
27.132225793432543,-124.30543000708927,-31.1951240614167,-149.19073290935484,-155.32880688118496,200.96103684609307,58.97080657639619,190.00016840458758,95.156268635307,6.9105718731542884,-488.042753063384,-166.19166805359436,-142.45288379498015,164.83893477864672,210.38047487986856,-11.450603931231322,167.25681249634812,-93.58644683556916,-148.52238183342598,-25.440233015032454,-30.396333516643985,-209.45727094538728,143.7664888193611,177.2869852778817,49.563910751456845,222.8217822975819,244.61191473617052,-109.2058879462677,-34.92291793430584,93.8302633142553,-159.8483210941646,65.65251487107389,-26.365647683236038,49.5632218577822,160.94369154095997,-349.731945544254,-42.25713034895452,162.14652354602995,-147.64590578677866,-258.20842963546994,-81.41848998470734,73.48143585122361,48.19907275757263
-10.638972848050832,50.336862290441395,13.165349363417327,60.34769266137413,63.25233355490598,-81.61411845989282,-24.560896545435458,-76.34145432886024,-38.91071841232272,-2.8559329829971722,197.9621350207748,67.42746374138093,57.36406492870789,-67.39684714078821,-85.76376423522251,5.170029269476511,-67.77064173335589,38.66410391452833,59.904831218604436,9.515663391180587,12.551088780903902,85.24637213788083,-58.420289708106786,-72.3375850285395,-20.136665761106016,-89.60895130422756,-98.7047260101892,43.61386080157552,14.712034901131194,-37.859996292490194,64.90372501719435,-26.365647683236038,10.921363300427013,-20.274197167325624,-64.73694668841875,141.93096684518437,16.865334345331288,-66.42323138328823,59.914735372293954,104.00222614579873,32.56974576979971,-29.431201594220845,-18.588444503039042
20.165275817738586,-94.32133493035418,-24.24471812707577,-113.14222478661829,-118.28260494050237,152.78117280080974,45.55994092838725,143.5058975452681,72.62210951629368,5.314045599204282,-370.7132080541023,-126.26370415214878,-107.7871422846265,125.81160101898965,160.28089863208524,-9.265600573499318,126.95527500316281,-71.85791759829597,-112.43321540416036,-18.408888664939074,-23.355337175869856,-159.4262799860242,109.37344798122639,135.12629228509303,37.72241373325247,168.39225982967494,185.24475352938526,-82.18411806670746,-27.116337538748432,71.03614118061225,-121.49342073263277,49.5632218577822,-20.274197167325624,37.88567382021677,121.64212980430106,-265.7576136074344,-31.78972970253805,123.90014062407121,-112.1816136894603,-195.31437040699046,-61.31205124425254,55.399017453901095,35.55104926836705
66.4225124501768,-304.86153531726313,-76.65964121293308,-365.87745533661166,-381.0668339991492,492.95166430267375,144.85701379668885,465.7999777896612,233.48848479303322,16.97016054889389,-1197.0461585559165,-407.63393684299655,-349.2947121799001,404.47024500654726,516.1415963869217,-28.236480077540996,410.210596012901,-229.75053324880133,-364.1846215425233,-62.148134058268596,-74.63078806687169,-513.8343011284535,352.67934968709363,434.96517411878824,121.59815271159057,546.2952443221195,599.8237137906689,-267.6436664552228,-85.81776122105886,230.07751960670404,-392.08855010432177,160.94369154095997,-64.73694668841875,121.64212980430106,394.59183829101215,-857.8406499889569,-103.56017217786003,397.90728879611214,-362.1455286914468,-633.099926253672,-199.5521680410969,180.12042113476963,117.93444165166402
-143.3282737607324,664.0768254279996,169.02234103444496,796.741162021182,831.471167573986,-1074.6866116464444,-318.202767998268,-1012.3598822769235,-510.05314630015073,-37.189800071793776,2608.823819711117,888.4734508903033,759.6870984790662,-883.5795172603953,-1126.509992886572,63.53868053595351,-893.7548764110815,503.40696526326013,792.3758903843657,132.32652458417496,163.49426943718646,1120.956637655631,-769.0662092339866,-949.5634932396684,-265.1397940960121,-1187.5984432192272,-1305.2687985280766,580.6817861455571,189.0626702525811,-500.63013032887613,854.7486847288211,-349.731945544254,141.93096684518437,-265.7576136074344,-857.8406499889569,1869.8365178220854,224.64712732860818,-869.6993229218756,789.3648524671153,1376.9389527246976,433.1219340095891,-391.0917261929152,-253.33790687846897
-17.54000610160537,79.87996980109314,19.87634815368035,95.89364911591753,99.71066641426162,-129.0671972768558,-37.69037723495349,-122.28241480376396,-61.030175611385275,-4.4224791616767485,313.5170035085455,106.75819058977702,91.64793458334621,-105.72762751416626,-135.0139141117199,7.190577084918263,-107.46710095944658,59.90086883698911,95.51774049505516,16.589764022982735,19.461559452568775,134.46665205921622,-92.33051031347658,-113.75419850858133,-31.83291132838451,-143.37861488107276,-157.30139314981363,70.3666509056791,22.25972497355134,-60.33535250579822,102.66757422086422,-42.25713034895452,16.865334345331288,-31.78972970253805,-103.56017217786003,224.64712732860818,27.23367096577187,-103.95805544618833,94.84065473218739,166.10158578606553,52.44311572239291,-47.32029787169751,-31.264465867130635
65.96764323183433,-308.6710018625764,-79.56558142852836,-370.21108033921047,-387.1428237232596,499.95907661840556,149.1832186437655,469.43701862196485,237.78475696951904,17.393571535528164,-1213.2423926272195,-413.2210018364886,-352.5136875568013,411.9207996612667,524.6878855002685,-30.532546375749572,415.51784385396604,-235.4277575221501,-367.85364632354685,-60.02743782930157,-76.44090332369619,-521.8437872512923,357.85130577361014,442.38907744752817,123.35807399220103,550.8414747863052,606.0483789114287,-268.7703033470027,-88.93452934118253,232.43916819581855,-397.6199393683102,162.14652354602995,-66.42323138328823,123.90014062407121,397.90728879611214,-869.6993229218756,-103.95805544618833,405.67984595889266,-367.14714795241,-638.9693161211736,-200.564461700515,181.16921921337985,116.01095725130051
-60.51335118350787,280.3468558988734,71.35542657007542,336.3516604860479,351.01279607744584,-453.6804373767036,-134.32397500609025,-427.3812418509296,-215.3232459687906,-15.698212382668613,1101.3416122236135,375.0783898477925,320.7058455869001,-373.0129466685334,-475.56605824776506,26.82459664391491,-377.3123275895058,212.52085953261002,334.50929316650314,55.86570833255908,69.0165745884777,473.22300445873867,-324.66052583702714,-400.8672897234526,-111.92022673197684,-501.35605456933513,-551.030495410775,245.14549056654812,79.80935820066873,-211.3471048218515,360.840173466741,-147.64590578677866,59.914735372293954,-112.1816136894603,-362.1455286914468,789.3648524671153,94.84065473218739,-367.14714795241,333.2414990385186,581.2899731175362,182.8520314856931,-165.1018375035191,-106.9511257580309
-106.44767933125875,489.29046996163214,123.27416782716747,587.1894986157007,611.7640055065109,-791.2645086693994,-232.80149077268476,-747.3245306069153,-374.9081071573624,-27.26255367129012,1921.3674155454873,654.3023844380197,560.4699954201668,-649.460582398788,-828.6435575620893,45.5540077242966,-658.4044692157481,369.0831510425203,584.3912852410753,99.38583902677334,119.88214938316096,824.8837319198332,-566.1342142485411,-698.3416023638835,-195.18832795575972,-876.5005506676142,-962.5391592434563,429.2889794571623,137.97112698480316,-369.19756260393547,629.3609200136718,-258.20842963546994,104.00222614579873,-195.31437040699046,-633.099926253672,1376.9389527246976,166.10158578606553,-638.9693161211736,581.2899731175362,1015.8497154097862,320.08813515985906,-288.9344984069802,-188.8649748139818
-33.75773576004761,153.98710139578773,38.44050154354361,184.8361177903044,192.27604078183367,-248.8547631035558,-72.76959874270027,-235.60678522233138,-117.73471602000056,-8.539447296461942,604.450421157424,205.82092113010077,176.582288762321,-203.93992761901137,-260.39534034068333,13.979923091059666,-207.17905012065265,115.63784823860628,184.08277990031831,31.83113624268568,37.55479133582872,259.30188678309514,-178.00212857173838,-219.4134115403128,-61.36401475936167,-276.2787535269266,-303.1573455344718,135.52204047056594,43.04769511159783,-116.2977085654676,197.95033667646004,-81.41848998470734,32.56974576979971,-61.31205124425254,-199.5521680410969,433.1219340095891,52.44311572239291,-200.564461700515,182.8520314856931,320.08813515985906,101.02956658175431,-91.15820891973924,-60.07251723141596
30.425846260634035,-139.0297525673229,-34.755513621995185,-166.88111195497217,-173.6413439236776,224.7197726321214,65.79567503462464,212.6534762290855,106.33457398960782,7.717270910882375,-545.7734449354972,-185.84521300995024,-159.41341937149633,184.20176391489827,235.1614269133832,-12.671764927411322,187.0527585838706,-104.47795661078945,-166.17530866553702,-28.648349393078018,-33.94202271102377,-234.16242801336597,160.7553905116254,198.15299670702248,55.43108206907272,249.37555624912738,273.6781898447395,-122.28918205804145,-38.924086654327006,104.98010774468138,-178.74145872552663,73.48143585122361,-29.431201594220845,55.399017453901095,180.12042113476963,-391.0917261929152,-47.32029787169751,181.16921921337985,-165.1018375035191,-288.9344984069802,-91.15820891973924,82.27026060108498,54.14036277279965
20.511453504643583,-90.29400572912878,-21.413940922794954,-108.52659286338292,-112.00892154111116,145.4476049708393,41.25995963463131,139.40665256926349,68.24311653656237,4.889684764960385,-353.7388412254623,-120.41731354741641,-104.23316389856656,118.22487841703776,151.4914829809569,-7.0721086958448405,121.3868888727745,-66.18987540287092,-108.44448645161447,-20.312479835057047,-21.524391625706393,-151.14969805824174,103.97156366846649,127.51098220855924,35.86731677459631,163.31328234892095,178.50570036734248,-80.73823730447772,-24.051629064660684,68.47868130629882,-115.7111534075296,48.19907275757263,-18.588444503039042,35.55104926836705,117.93444165166402,-253.33790687846897,-31.264465867130635,116.01095725130051,-106.9511257580309,-188.8649748139818,-60.07251723141596,54.14036277279965,37.17943497906039
