V1,V2,V3,V4,V5,V6,V7,V8,V9,V10,V11,V12,V13,V14,V15,V16,V17,V18,V19,V20,V21,V22,V23,V24,V25,V26,V27,V28,V29,V30,V31,V32,V33,V34,V35,V36,V37,V38,V39,V40,V41,V42,V43,V44,V45,V46,V47,V48,V49
1182.5125763765238,-258.8144263766963,1299.5879917907016,-726.7835907379331,641.336666766834,615.7896929793268,483.2977751652841,221.22485286845023,1325.3828718501277,-2442.8210128562273,2096.309432261265,-537.1969763388428,-952.8352069430068,2182.951600839731,-138.62781585883616,378.57245680866316,-1780.9922329408632,-440.3546639083687,-118.32981347539761,-1302.7928525423235,849.4014838360299,-1170.14617810917,-584.5302141754094,1721.7801743135756,-65.96899220722152,-2365.14957162218,-25.122596234834035,1014.3308280727287,319.1457808518886,995.054392755284,842.6604881633762,258.44006308168605,1984.3396362866745,215.85140044786198,-678.8976701860355,-1756.751382257062,554.8384422880478,-104.19960002176954,-870.8033648556675,937.1744183959058,-1036.073187923057,328.1395585120397,-3373.5835711140317,1121.9835463036845,-1707.6741323171825,-1583.622786858241,2149.436620651726,-214.84558422637974,1613.9377936082092
-258.8144263766963,58.73259011050159,-284.88567777953574,159.1821637366337,-140.71477171411794,-134.0285930714459,-105.64897324583522,-48.025203653131904,-290.46844348449866,534.8664021540973,-458.47701669592664,117.48330526024067,208.93381028234379,-477.9878666124061,29.90043791792034,-84.322576982716555,390.43064851742156,96.76630689415036,24.811107739740606,284.32343326623663,-186.8799856535891,256.34011821655685,128.76002421922664,-376.15781287402837,14.734486968747763,517.0887725403072,5.542737426095767,-221.89111318230917,-69.62389350163512,-218.5815163816766,-183.44111714695518,-55.883613773484115,-433.83733518269355,-47.10332689078519,147.62726819545355,384.5388910524092,-122.33645387670089,23.823256520878846,190.85602990325071,-204.1802884387426,226.38420573443182,-71.0147202329454,739.2619608090945,-246.23532554811945,374.1007330345235,347.2132810223378,-470.8279795336752,47.13602371791781,-353.71415247343566
1299.5879917907016,-284.88567777953574,1428.540541664165,-798.5910662930771,704.8978853137035,676.5755683333592,531.1989840473603,243.0252434851308,1456.5515792822077,-2684.72821298447,2303.780737646595,-590.3043446450613,-1047.360377535954,2399.205846543297,-152.19167733713638,416.37009587580155,-1957.3813163367552,-483.907167888288,-129.69960204643436,-1431.3987378036534,933.6907160991619,-1285.88417539657,-642.47941152673,1892.17103051125,-72.52882315475489,-2599.1259991746847,-27.60648349714823,1114.7478869853658,350.66454527807537,1093.7656509544145,925.8511095125258,283.82579646089937,2180.7349773745104,237.14453683418557,-745.7486535360397,-1930.473305074279,609.8684593459523,-114.55353668272708,-957.140554899506,1029.67423050502,-1138.4023295713168,360.4975047599539,-3707.9513583206494,1233.3650022494217,-1876.8467579061848,-1740.4258849422615,2362.343916020769,-235.9005701458383,1773.6494693374214
-726.7835907379331,159.1821637366337,-798.5910662930771,447.03430630023763,-394.3512102376667,-378.504256945644,-296.9307384292891,-136.04082175565696,-814.7855537563488,1501.4971682509108,-1288.6247991695436,330.3866841995646,585.3989174643784,-1341.5851593234802,85.27249313503769,-232.85578317675825,1094.762626370914,270.8654590123506,72.7228370399624,801.0946738000205,-522.3042162051486,719.398502896947,359.6184006809691,-1058.2196722243589,40.55964476751159,1453.7163879151299,15.389675928352101,-623.3676489233218,-196.1576784168801,-611.6505062467933,-518.1121077649099,-158.91657493467153,-1219.5676547931885,-132.8137595204569,417.5805848864994,1080.0486162154773,-341.4348026292723,64.48736911888463,535.0278496059315,-576.0910610909078,637.145149618748,-201.57917144985188,2073.3836685669967,-689.3427724351794,1049.528913511698,973.7250019190823,-1321.1169226355946,132.4965464073975,-992.3246411102588
641.336666766834,-140.71477171411794,704.8978853137035,-394.3512102376667,348.0549522471194,333.89696601632795,262.0918732296391,119.95567059980073,718.9061422063739,-1325.0282252206441,1137.0252877573732,-291.4124704062772,-516.656754073823,1183.9384582694959,-75.15034962523679,205.65683545824214,-966.1317342945212,-238.98146709636183,-63.90185037817393,-706.6211801692756,460.9915552299223,-634.7507281403116,-317.36453900563157,933.7639633701807,-35.83367616705496,-1282.7336680724281,-13.574427436437748,550.0824391677328,173.02797067709696,539.8153496781523,457.0471799943931,140.08215564195348,1076.168999306811,117.08090868175296,-368.2369472040563,-952.9390300961102,301.23465304111556,-56.85577866547227,-472.20050761421925,508.1883365645294,-562.1240833158884,177.79373501200814,-1829.8453215623797,608.5022683408378,-926.2098737717162,-859.2229457944582,1165.8161663359738,-116.7286740645399,875.63201553195
615.7896929793268,-134.0285930714459,676.5755683333592,-378.504256945644,333.89696601632795,321.1083037214027,251.70581693299505,115.39124235757922,690.0592734645539,-1272.1269778245585,1091.8605158787107,-279.85393797828294,-495.93139540351353,1136.7376526034757,-72.44099292011029,196.47837837316015,-927.3196950697571,-229.16817384208815,-62.02122288007887,-678.9012047904699,441.99765996859543,-609.4272813900967,-304.15402262248693,897.0006262076593,-34.213441262974825,-1232.0144358507823,-13.048446116538504,528.3421330079495,166.31851974988876,517.8464791048051,439.3664198407334,134.87235012482643,1033.675575736956,112.51544583516937,-354.0110322973747,-915.0168671240776,288.59865657839725,-53.82224259931688,-453.22524617971885,488.58967805903615,-539.9383759855901,171.10770110857933,-1756.6000881305904,584.0313445081497,-889.145474359699,-824.6021328918414,1119.2791889325238,-111.82157350073369,840.5075205298856
483.2977751652841,-105.64897324583522,531.1989840473603,-296.9307384292891,262.0918732296391,251.70581693299505,197.69672897545556,90.37190478279976,541.5472680254634,-998.4427994579835,856.6307709894515,-219.3177801239904,-389.33069578374165,892.1828845253757,-56.66853452785865,154.5726650715438,-728.0052334282425,-180.00459408293125,-48.359557944323605,-532.3456373185736,347.0413484055976,-478.2464630618249,-238.77545162914137,703.6970165031361,-27.079490230382973,-966.7789995135413,-10.31621797623614,414.63616569953194,130.42991019046735,406.60025756594496,344.33910975208727,105.58941868661643,811.0977771093809,88.01893618151415,-277.4375171174094,-717.9994769294938,226.46773582249378,-42.26382813864589,-355.8864559802347,383.0525206188738,-423.55135447056665,134.14677946030744,-1378.7911238628167,458.6436993498298,-697.9559838897379,-647.2006376897162,878.3729937954685,-87.69601241418579,659.7093590189378
221.22485286845023,-48.025203653131904,243.0252434851308,-136.04082175565696,119.95567059980073,115.39124235757922,90.37190478279976,41.55333584958938,247.9240805135651,-456.9776928100358,392.4181198028379,-100.70408178801742,-178.18057949014423,408.34873638862496,-26.025884976347417,70.56942962168121,-332.98907320135925,-82.29431982095352,-22.359719791068073,-244.05021596696116,158.8082461483378,-218.8584482195714,-109.2941097705647,322.3361373406164,-12.193997383463268,-442.55478924373006,-4.646985189050118,189.7485995687822,59.772402947819934,186.05450493752843,157.98770575169513,48.54273474935292,371.3248861188471,40.55585222112725,-127.30920612911808,-328.67264513148814,103.86028776579631,-19.445341802084798,-162.78537737192528,175.55892280697103,-193.9346570022497,61.55257547639716,-631.0161512930346,209.71008540960142,-319.38192959099547,-296.25364247441604,402.1305287184819,-40.25382053397684,301.8414663418289
1325.3828718501277,-290.46844348449866,1456.5515792822077,-814.7855537563488,718.9061422063739,690.0592734645539,541.5472680254634,247.9240805135651,1485.762724797443,-2737.955455059657,2349.6193633248304,-602.2483646853657,-1067.9821375059244,2446.6855645865257,-155.34048836481278,424.6341443545907,-1996.2823370803108,-493.71632398848004,-132.5511380651043,-1460.2593770184137,952.2584587071001,-1311.655580941252,-655.433196106853,1929.6331541777943,-73.96958486287421,-2650.780357779065,-28.1513069207961,1136.8118522276945,357.68208505959836,1115.4297438346566,944.3470124592948,289.6110268547148,2223.938430693246,242.03512321455028,-760.9051423307635,-1969.1263029236359,622.2499166570175,-117.24228216494289,-976.0310417346442,1050.2862928797229,-1161.2460765758078,367.6194578459143,-3781.1912311704177,1257.4756130093695,-1914.013258011682,-1775.181617402415,2409.2180597841716,-241.0724738180771,1809.092533344289
-2442.8210128562273,534.8664021540973,-2684.72821298447,1501.4971682509108,-1325.0282252206441,-1272.1269778245585,-998.4427994579835,-456.9776928100358,-2737.955455059657,5046.612800577624,-4330.591773541678,1109.7212193188857,1968.1802531296462,-4509.547831833645,286.4029206327897,-782.1816838142458,3679.418781866038,909.7990466302194,244.23487663802595,2691.3705691385558,-1754.8841262644407,2417.472365833319,1207.7459909477268,-3556.892005934157,136.36024013996698,4886.065708116749,51.894822914734085,-2095.471172971659,-659.2615923232756,-2055.6724535122594,-1740.8868338163468,-533.8040528854048,-4099.329535319114,-445.86872414094404,1402.5186285735615,3629.3503144322563,-1146.3045522273196,215.32447445354725,1798.7641533654903,-1936.0615416244311,2140.661545411611,-677.7122208820674,6969.366672942417,-2317.86734686508,3527.772563418602,3271.743404094832,-4440.386273083686,443.915544639597,-3334.4545947874267
2096.309432261265,-458.47701669592664,2303.780737646595,-1288.6247991695436,1137.0252877573732,1091.8605158787107,856.6307709894515,392.4181198028379,2349.6193633248304,-4330.591773541678,3716.802544583279,-952.8080140555193,-1689.069989338587,3869.8373759317774,-245.847849718013,671.0582540367436,-3156.9997384218436,-780.5549485083926,-209.9504947784971,-2310.0547994570097,1505.8856449082334,-2074.3107493827724,-1036.3701725859028,3052.646644612749,-116.68315988547174,-4192.840693409758,-44.4011882014245,1798.1045420391272,565.8235508638952,1764.0520765586514,1494.4292199264858,458.4251010516409,3517.831439412113,383.0544792413049,-1203.9899893678069,-3114.349649750353,984.0778881058193,-185.01063742987208,-1543.5415879200375,1661.5921600439697,-1836.8649734494556,581.8978643765321,-5980.563968315665,1988.7214527648268,-3027.19535401973,-2807.571622186492,3810.576739197255,-381.1292287880921,2861.0523467413345
-537.1969763388428,117.48330526024067,-590.3043446450613,330.3866841995646,-291.4124704062772,-279.85393797828294,-219.3177801239904,-100.70408178801742,-602.2483646853657,1109.7212193188857,-952.8080140555193,244.58418374732875,432.91357039900504,-991.6836873990885,63.01856598406876,-172.06398342600397,808.7868660939242,199.94830396068457,53.88419856334351,592.266604324082,-386.0392560114208,531.5124846685613,265.7374889720652,-782.4109269230646,29.68408377825731,1074.3154851441911,11.287151499334534,-460.7010558519522,-145.03333669022334,-452.16897911171355,-383.24212729349733,-117.60816057731438,-901.4238965260467,-98.50907549909458,308.729160569432,798.0736181169264,-252.65379485941554,47.79110448817517,395.48247871432733,-425.8530685221312,470.65386593301855,-149.15639499165053,1532.608633042906,-509.46407364339217,775.6832070619774,719.5710667418356,-976.6676294358027,97.84747439128395,-733.0444349749827
-952.8352069430068,208.93381028234379,-1047.360377535954,585.3989174643784,-516.656754073823,-495.93139540351353,-389.33069578374165,-178.18057949014423,-1067.9821375059244,1968.1802531296462,-1689.069989338587,432.91357039900504,768.2472378777085,-1759.0689647774202,111.49379814231052,-305.34898393309624,1434.829666502378,354.6432236208851,95.18791921978108,1049.305785873179,-684.46066037154,942.5974142731983,470.90011061302573,-1387.2224483228842,53.05287654451184,1905.3650299954045,20.251025498633762,-817.2143244813924,-257.1047390345793,-801.9992200873829,-678.6353373496191,-208.09241060543238,-1598.695366841286,-173.9948702667486,546.5389331682252,1415.1068239761912,-447.230239452406,84.10968998017505,701.95957042997,-754.7594273580268,834.1600043392427,-264.383283109398,2718.5453282808357,-904.3320370605512,1376.060328306435,1275.7301272584205,-1732.0948941971171,172.83122280079584,-1299.933465339581
2182.951600839731,-477.9878666124061,2399.205846543297,-1341.5851593234802,1183.9384582694959,1136.7376526034757,892.1828845253757,408.34873638862496,2446.6855645865257,-4509.547831833645,3869.8373759317774,-991.6836873990885,-1759.0689647774202,4029.900268715682,-255.86314100882825,698.9396989573115,-3287.789596538486,-812.8456567145826,-218.30817041849835,-2404.838309913864,1568.0695329197094,-2160.107147412392,-1079.0721760222364,3178.472474731097,-121.76081680274089,-4366.0784941634765,-46.36356595418931,1872.5142910875263,589.1304817742348,1836.9673077457714,1555.5003351253197,477.01832612868964,3663.178881959387,398.47170357346704,-1253.094987930423,-3242.943821103829,1024.2522505028091,-192.33624491395412,-1607.5762365376336,1729.9818507821528,-1912.5123110314364,605.6881810934069,-6227.956191981102,2071.3725527224947,-3152.463422690001,-2923.400991056531,3968.023238817314,-396.4511413140168,2979.3292869644542
-138.62781585883616,29.90043791792034,-152.19167733713638,85.27249313503769,-75.15034962523679,-72.44099292011029,-56.66853452785865,-26.025884976347417,-155.34048836481278,286.4029206327897,-245.847849718013,63.01856598406876,111.49379814231052,-255.86314100882825,16.426796115225688,-44.002062660701085,208.7775207019397,51.598023093471205,14.135451771559365,153.04985537181156,-99.3916068655262,137.28842417061057,68.41717556538526,-202.02752894310052,7.692880426863683,277.5203457998771,2.9348734468461726,-118.99702259827323,-37.48773832355155,-116.44240780417068,-99.09726211514482,-30.47308033303172,-232.81654245602397,-25.349133717335132,79.91518893895586,206.1413447156074,-64.83885520850981,12.002344190246106,101.93386059733021,-110.21185312736495,121.77557306463208,-38.5814501603868,395.30563890149284,-131.33932239214172,200.11767602850537,185.65532987390478,-251.92607973983007,25.242671137081636,-189.33035338014543
378.57245680866316,-84.322576982716555,416.37009587580155,-232.85578317675825,205.65683545824214,196.47837837316015,154.5726650715438,70.56942962168121,424.6341443545907,-782.1816838142458,671.0582540367436,-172.06398342600397,-305.34898393309624,698.9396989573115,-44.002062660701085,122.53149546940449,-570.4940974285342,-141.30314434489648,-37.06730931053423,-416.5536298070693,272.77511070928,-374.6320906736601,-187.87172811951584,550.6850858589886,-21.28659454812297,-756.59972089397,-8.015270352269317,324.50145453462795,101.95237111411143,319.2614923488656,269.1298417470609,82.29195940564583,634.7542456806023,69.11539660926363,-216.75573253703809,-562.323400966402,178.6285766006799,-34.47257277419551,-279.0275822673739,299.1593415508155,-331.302849266508,104.55934519216738,-1080.559198380481,359.5122161405845,-546.9214457728241,-507.4812304739627,688.3594088740213,-69.12877262136247,516.8994593746987
-1780.9922329408632,390.43064851742156,-1957.3813163367552,1094.762626370914,-966.1317342945212,-927.3196950697571,-728.0052334282425,-332.98907320135925,-1996.2823370803108,3679.418781866038,-3156.9997384218436,808.7868660939242,1434.829666502378,-3287.789596538486,208.7775207019397,-570.4940974285342,2682.990591205211,663.5765704474536,177.85556054319704,1962.0054447912526,-1279.5856186364338,1762.7718390040493,880.718772972459,-2592.924041275154,99.68612035138732,3562.3534552043006,37.91210754650748,-1527.7970479365056,-480.59616609266476,-1498.771619372448,-1268.8471533866784,-388.98523872276616,-2988.6611261061703,-324.81101981510204,1022.3542958626473,2646.281799155047,-835.6427980586884,157.05623481096856,1311.447810396561,-1411.3999939339287,1560.876004705946,-493.83359007666206,5081.210809606381,-1690.0029957587028,2572.088343863054,2385.566767851609,-3237.291418166417,323.75154122241753,-2431.4954084869264
-440.3546639083687,96.76630689415036,-483.907167888288,270.8654590123506,-238.98146709636183,-229.16817384208815,-180.00459408293125,-82.29431982095352,-493.71632398848004,909.7990466302194,-780.5549485083926,199.94830396068457,354.6432236208851,-812.8456567145826,51.598023093471205,-141.30314434489648,663.5765704474536,164.33492524430167,43.918381052864206,485.1778050032964,-316.57042442410255,435.9863654326642,217.99539084953665,-640.9204191957684,24.794464395867674,880.7890339555563,9.39894672230152,-377.6997955127078,-118.79843703343455,-370.69208348948166,-313.60541574656014,-96.13525474085074,-738.8364604058927,-80.26080219489741,252.846760138679,654.4812203296765,-206.86260395057243,39.12592688015125,324.22194431514026,-348.851299327799,386.09359467064957,-122.00150297635439,1256.2787815552674,-417.77667262844386,635.9799467125151,590.1297377269397,-800.3822753634475,80.38279542077247,-601.4886054522186
-118.32981347539761,24.811107739740606,-129.69960204643436,72.7228370399624,-63.90185037817393,-62.02122288007887,-48.359557944323605,-22.359719791068073,-132.5511380651043,244.23487663802595,-209.9504947784971,53.88419856334351,95.18791921978108,-218.30817041849835,14.135451771559365,-37.06730931053423,177.85556054319704,43.918381052864206,12.628069980627084,130.88962974211688,-84.43508995199151,117.03013719618718,58.0253649650874,-172.56565188244133,6.450945570395121,236.9238075359689,2.5372876036117376,-101.56404437581381,-32.10166184462125,-99.17882242182745,-84.78738184944694,-26.26954205323519,-198.7508513246629,-21.74917896082157,68.47921151456222,175.8343586486306,-55.140273895980116,9.969109942156315,87.01026458884671,-94.29754627615027,103.83936649540881,-33.27411991321031,336.986336134889,-111.8488119079929,170.6697361764532,158.17299111095943,-214.90402983146137,21.562836598104898,-161.2520147890141
-1302.7928525423235,284.32343326623663,-1431.3987378036534,801.0946738000205,-706.6211801692756,-678.9012047904699,-532.3456373185736,-244.05021596696116,-1460.2593770184137,2691.3705691385558,-2310.0547994570097,592.266604324082,1049.305785873179,-2404.838309913864,153.04985537181156,-416.5536298070693,1962.0054447912526,485.1778050032964,130.88962974211688,1436.2650029406595,-935.6914118912404,1289.3550532509778,644.0588664625701,-1897.3360724021572,72.48277853241578,2606.0929538357827,27.580677972132698,-1117.543522922873,-351.76517755059655,-1096.023294801477,-929.2159689600807,-285.1826337516854,-2186.44403540116,-238.16138673798113,748.8571120233247,1935.8732448735318,-611.4631784364872,114.85059209433958,958.9704826325468,-1033.151837175684,1142.1283253860015,-361.7598991279226,3716.3656653604044,-1235.526471486202,1881.1718516613178,1744.9890758719635,-2368.0536557730775,237.1658902868015,-1778.3892101532044
849.4014838360299,-186.8799856535891,933.6907160991619,-522.3042162051486,460.9915552299223,441.99765996859543,347.0413484055976,158.8082461483378,952.2584587071001,-1754.8841262644407,1505.8856449082334,-386.0392560114208,-684.46066037154,1568.0695329197094,-99.3916068655262,272.77511070928,-1279.5856186364338,-316.57042442410255,-84.43508995199151,-935.6914118912404,610.8262765638781,-840.6434328836222,-420.5067864687735,1236.5331211766095,-47.46845031471467,-1698.6157957631135,-17.992507067008233,728.4918837668018,229.13652748675028,715.2285900110343,605.0857865899022,185.3998322492221,1425.1206052601915,155.13791642115143,-487.4742012723558,-1262.009133593336,399.35520309336005,-75.63287728194173,-625.4929158881619,672.7606950863383,-744.2353526509764,235.3267137140616,-2423.6947933877163,806.0719446034408,-1226.753841242307,-1138.099462167119,1544.1607091771405,-154.67520769112917,1159.6977124037292
-1170.14617810917,256.34011821655685,-1285.88417539657,719.398502896947,-634.7507281403116,-609.4272813900967,-478.2464630618249,-218.8584482195714,-1311.655580941252,2417.472365833319,-2074.3107493827724,531.5124846685613,942.5974142731983,-2160.107147412392,137.28842417061057,-374.6320906736601,1762.7718390040493,435.9863654326642,117.03013719618718,1289.3550532509778,-840.6434328836222,1158.3142289710815,578.6565588145182,-1703.7073322110334,65.44192446039939,2340.6813165131534,24.901183340809585,-1003.8355862718075,-315.8203354397508,-984.6328503037529,-833.8744411719068,-255.6805282514843,-1963.7029880033062,-213.51568564381776,671.9242479443051,1738.858556386547,-549.0358957920595,103.18498761441089,861.5249696639539,-927.5613061099087,1025.7455822378477,-324.4751704106141,3338.3667035967014,-1110.2280336565757,1689.8678940305708,1567.4233466237056,-2127.009643865633,212.8025186228682,-1597.6550893187982
-584.5302141754094,128.76002421922664,-642.47941152673,359.6184006809691,-317.36453900563157,-304.15402262248693,-238.77545162914137,-109.2941097705647,-655.433196106853,1207.7459909477268,-1036.3701725859028,265.7374889720652,470.90011061302573,-1079.0721760222364,68.41717556538526,-187.87172811951584,880.718772972459,217.99539084953665,58.0253649650874,644.0588664625701,-420.5067864687735,578.6565588145182,289.6249481529763,-850.9009157338129,32.70905333124475,1168.9795961059967,12.35775831678677,-501.2986798986783,-157.66343675031507,-492.24615188828693,-416.4463908877773,-127.57664334180616,-980.7049313161675,-106.7977032129401,335.5831558868775,868.6696626861971,-275.0342719195283,52.30975635547278,430.36116149071944,-462.9905229242486,512.3640189392991,-161.8351865538574,1667.9207676704734,-554.6181463313395,844.2227679154341,783.4436738899992,-1062.6769321820684,106.66903950335461,-798.3151093658644
1721.7801743135756,-376.15781287402837,1892.17103051125,-1058.2196722243589,933.7639633701807,897.0006262076593,703.6970165031361,322.3361373406164,1929.6331541777943,-3556.892005934157,3052.646644612749,-782.4109269230646,-1387.2224483228842,3178.472474731097,-202.02752894310052,550.6850858589886,-2592.924041275154,-640.9204191957684,-172.56565188244133,-1897.3360724021572,1236.5331211766095,-1703.7073322110334,-850.9009157338129,2507.4638102088725,-95.80499538795024,-3443.9903288617065,-36.48526123053863,1476.9884718180497,464.79250798740804,1448.6144522067877,1227.5697213771973,376.58603757990346,2889.58413558023,314.50700784826427,-988.9190836557603,-2557.927256466444,807.712895739732,-151.38795753180236,-1267.7175210328244,1365.017988331638,-1508.7890322921862,478.0378638656626,-4912.040418724213,1633.4808817822445,-2486.325383726668,-2305.708276311949,3129.71284843223,-312.69317484937847,2349.823238335739
-65.96899220722152,14.734486968747763,-72.52882315475489,40.55964476751159,-35.83367616705496,-34.213441262974825,-27.079490230382973,-12.193997383463268,-73.96958486287421,136.36024013996698,-116.68315988547174,29.68408377825731,53.05287654451184,-121.76081680274089,7.692880426863683,-21.28659454812297,99.68612035138732,24.794464395867674,6.450945570395121,72.48277853241578,-47.46845031471467,65.44192446039939,32.70905333124475,-95.80499538795024,3.9346713141658327,132.01239708012022,1.489198802870495,-56.62393007156714,-17.75111557325942,-55.55906255644619,-46.70024241764449,-14.242982351684626,-110.64352148016468,-11.781818300589444,37.71669750822181,98.15897792160918,-30.84373754143226,5.795608745699654,48.606521163537415,-52.14242763746988,57.943687250003464,-18.14022078798666,188.21781714441582,-62.70538935094587,95.34879266613902,88.5064674485962,-119.82095445070308,12.065866182848106,-90.35759288212898
-2365.14957162218,517.0887725403072,-2599.1259991746847,1453.7163879151299,-1282.7336680724281,-1232.0144358507823,-966.7789995135413,-442.55478924373006,-2650.780357779065,4886.065708116749,-4192.840693409758,1074.3154851441911,1905.3650299954045,-4366.0784941634765,277.5203457998771,-756.59972089397,3562.3534552043006,880.7890339555563,236.9238075359689,2606.0929538357827,-1698.6157957631135,2340.6813165131534,1168.9795961059967,-3443.9903288617065,132.01239708012022,4731.080184294362,50.278193488534335,-2028.9512201023936,-638.4071949303844,-1989.8735187676355,-1685.7916430727387,-517.0523688127932,-3969.2393739576864,-431.61198603266246,1358.2566670481617,3514.087957435225,-1109.2444541739349,207.90836827826905,1741.4355731287928,-1874.9846321688333,2072.892534960826,-656.3865600220804,6747.369433969355,-2243.9363634214974,3415.4837909592193,3167.4784851250406,-4299.008294369899,429.69366841637736,-3228.4227892679164
-25.122596234834035,5.542737426095767,-27.60648349714823,15.389675928352101,-13.574427436437748,-13.048446116538504,-10.31621797623614,-4.646985189050118,-28.1513069207961,51.894822914734085,-44.4011882014245,11.287151499334534,20.251025498633762,-46.36356595418931,2.9348734468461726,-8.015270352269317,37.91210754650748,9.39894672230152,2.5372876036117376,27.580677972132698,-17.992507067008233,24.901183340809585,12.35775831678677,-36.48526123053863,1.489198802870495,50.278193488534335,0.6072654212781557,-21.582162863436736,-6.77913066268817,-21.139786927345508,-17.774176862053498,-5.416507046045084,-42.13099132903731,-4.482063021723975,14.323563235294808,37.35363951213883,-11.677432558155813,2.0970607183416337,18.5295140643252,-19.8874255769855,22.017425033135925,-6.937469060241818,71.65049933348062,-23.908424835915046,36.30952401498302,33.619379767331864,-45.63841745146766,4.5222432661940974,-34.33845383942299
1014.3308280727287,-221.89111318230917,1114.7478869853658,-623.3676489233218,550.0824391677328,528.3421330079495,414.63616569953194,189.7485995687822,1136.8118522276945,-2095.471172971659,1798.1045420391272,-460.7010558519522,-817.2143244813924,1872.5142910875263,-118.99702259827323,324.50145453462795,-1527.7970479365056,-377.6997955127078,-101.56404437581381,-1117.543522922873,728.4918837668018,-1003.8355862718075,-501.2986798986783,1476.9884718180497,-56.62393007156714,-2028.9512201023936,-21.582162863436736,870.2092135904387,273.79591997957846,853.4407801674555,722.8961212336892,221.6978180887926,1702.2925213397386,185.08483417848967,-582.3905420267878,-1507.0339590963845,475.68236505007843,-89.09436172244006,-746.8811799327837,804.0684952214077,-888.911739630618,281.4591610240942,-2893.8284519633494,962.472194970233,-1464.8102908732362,-1358.4002752818258,1843.7396822451092,-184.17752612545775,1384.5558678332848
319.1457808518886,-69.62389350163512,350.66454527807537,-196.1576784168801,173.02797067709696,166.31851974988876,130.42991019046735,59.772402947819934,357.68208505959836,-659.2615923232756,565.8235508638952,-145.03333669022334,-257.1047390345793,589.1304817742348,-37.48773832355155,101.95237111411143,-480.59616609266476,-118.79843703343455,-32.10166184462125,-351.76517755059655,229.13652748675028,-315.8203354397508,-157.66343675031507,464.79250798740804,-17.75111557325942,-638.4071949303844,-6.77913066268817,273.79591997957846,86.19302968426834,268.4630947004206,227.57045733404922,69.85639965919944,535.6359815739197,58.31221072491388,-183.37625945491843,-474.17094625564,149.66600437549582,-27.99183961660009,-234.95171176829223,253.09725047688127,-279.69983796323805,88.64124312636943,-910.4015312264462,302.7333509713231,-460.8295007880127,-427.3660877906483,580.0931358778543,-57.981807649905804,435.5750373147972
995.054392755284,-218.5815163816766,1093.7656509544145,-611.6505062467933,539.8153496781523,517.8464791048051,406.60025756594496,186.05450493752843,1115.4297438346566,-2055.6724535122594,1764.0520765586514,-452.16897911171355,-801.9992200873829,1836.9673077457714,-116.44240780417068,319.2614923488656,-1498.771619372448,-370.69208348948166,-99.17882242182745,-1096.023294801477,715.2285900110343,-984.6328503037529,-492.24615188828693,1448.6144522067877,-55.55906255644619,-1989.8735187676355,-21.139786927345508,853.4407801674555,268.4630947004206,837.7913858700159,708.8168842465587,217.2475803970052,1669.5010716096801,181.7218406226157,-570.9686504197344,-1478.2162219700504,467.55221882328755,-88.26759161909351,-732.8634125520009,788.1420147087294,-871.6011543672056,275.8862629995374,-2839.181762492001,944.3511746629243,-1437.0922012470237,-1332.8922983280136,1808.9130896485071,-180.96622758783363,1358.177718511541
842.6604881633762,-183.44111714695518,925.8511095125258,-518.1121077649099,457.0471799943931,439.3664198407334,344.33910975208727,157.98770575169513,944.3470124592948,-1740.8868338163468,1494.4292199264858,-383.24212729349733,-678.6353373496191,1555.5003351253197,-99.09726211514482,269.1298417470609,-1268.8471533866784,-313.60541574656014,-84.78738184944694,-929.2159689600807,605.0857865899022,-833.8744411719068,-416.4463908877773,1227.5697213771973,-46.70024241764449,-1685.7916430727387,-17.774176862053498,722.8961212336892,227.57045733404922,708.8168842465587,601.4991932387709,184.61054042654484,1414.4060046660081,154.1934671272937,-484.6032407433781,-1252.1233393458817,395.4220837281802,-74.06460925119343,-620.1535817792593,668.519433628797,-738.877904816656,234.16960111682192,-2403.8372296876223,799.0820065918657,-1216.7075718419214,-1128.59204865507,1531.742682560392,-153.26780641893362,1150.1535266369183
258.44006308168605,-55.883613773484115,283.82579646089937,-158.91657493467153,140.08215564195348,134.87235012482643,105.58941868661643,48.54273474935292,289.6110268547148,-533.8040528854048,458.4251010516409,-117.60816057731438,-208.09241060543238,477.01832612868964,-30.47308033303172,82.29195940564583,-388.98523872276616,-96.13525474085074,-26.26954205323519,-285.1826337516854,185.3998322492221,-255.6805282514843,-127.57664334180616,376.58603757990346,-14.242982351684626,-517.0523688127932,-5.416507046045084,221.6978180887926,69.85639965919944,217.2475803970052,184.61054042654484,56.8344652147279,433.86091787054437,47.37110592549217,-148.8665603247451,-383.973430772798,121.1809152974554,-22.633939875241055,-190.17462369005918,205.16376616218506,-226.58974870776294,72.01128782527327,-736.9949443805268,244.87792235752997,-373.0611680351768,-346.0178051117766,469.67126845404596,-47.08621969017188,352.616854016419
1984.3396362866745,-433.83733518269355,2180.7349773745104,-1219.5676547931885,1076.168999306811,1033.675575736956,811.0977771093809,371.3248861188471,2223.938430693246,-4099.329535319114,3517.831439412113,-901.4238965260467,-1598.695366841286,3663.178881959387,-232.81654245602397,634.7542456806023,-2988.6611261061703,-738.8364604058927,-198.7508513246629,-2186.44403540116,1425.1206052601915,-1963.7029880033062,-980.7049313161675,2889.58413558023,-110.64352148016468,-3969.2393739576864,-42.13099132903731,1702.2925213397386,535.6359815739197,1669.5010716096801,1414.4060046660081,433.86091787054437,3330.2279004742404,362.20680656399304,-1139.532627874438,-2948.1311412089804,930.6603461193287,-174.3903509354921,-1461.086191739545,1573.0826851159923,-1738.963178119646,550.7514093862477,-5661.100085811711,1882.7054051721298,-2865.5469286505163,-2657.395721788575,3606.884044717703,-360.3728419453002,2708.4560076433168
215.85140044786198,-47.10332689078519,237.14453683418557,-132.8137595204569,117.08090868175296,112.51544583516937,88.01893618151415,40.55585222112725,242.03512321455028,-445.86872414094404,383.0544792413049,-98.50907549909458,-173.9948702667486,398.47170357346704,-25.349133717335132,69.11539660926363,-324.81101981510204,-80.26080219489741,-21.74917896082157,-238.16138673798113,155.13791642115143,-213.51568564381776,-106.7977032129401,314.50700784826427,-11.781818300589444,-431.61198603266246,-4.482063021723975,185.08483417848967,58.31221072491388,181.7218406226157,154.1934671272937,47.37110592549217,362.20680656399304,39.79110612208053,-124.1898354745894,-320.64815919782893,101.72647006283691,-19.345818076107463,-158.87669375928562,171.1785284606147,-189.0640049085573,60.00571625847881,-615.8161001567797,204.6102684597399,-311.6296050719675,-289.1341418741713,392.52095497570394,-39.38583441478448,294.4283582375021
-678.8976701860355,147.62726819545355,-745.7486535360397,417.5805848864994,-368.2369472040563,-354.0110322973747,-277.4375171174094,-127.30920612911808,-760.9051423307635,1402.5186285735615,-1203.9899893678069,308.729160569432,546.5389331682252,-1253.094987930423,79.91518893895586,-216.75573253703809,1022.3542958626473,252.846760138679,68.47921151456222,748.8571120233247,-487.4742012723558,671.9242479443051,335.5831558868775,-988.9190836557603,37.71669750822181,1358.2566670481617,14.323563235294808,-582.3905420267878,-183.37625945491843,-570.9686504197344,-484.6032407433781,-148.8665603247451,-1139.532627874438,-124.1898354745894,390.7161941295645,1008.9454956676274,-318.58049853253493,59.7549629767324,499.55195159136593,-538.6697396480813,595.4880247367273,-188.71158768888446,1936.3612941699175,-643.5368260124775,980.1799952462978,909.4083112830973,-1233.881312980551,123.81264583091551,-926.855524677609
-1756.751382257062,384.5388910524092,-1930.473305074279,1080.0486162154773,-952.9390300961102,-915.0168671240776,-717.9994769294938,-328.67264513148814,-1969.1263029236359,3629.3503144322563,-3114.349649750353,798.0736181169264,1415.1068239761912,-3242.943821103829,206.1413447156074,-562.323400966402,2646.281799155047,654.4812203296765,175.8343586486306,1935.8732448735318,-1262.009133593336,1738.858556386547,868.6696626861971,-2557.927256466444,98.15897792160918,3514.087957435225,37.35363951213883,-1507.0339590963845,-474.17094625564,-1478.2162219700504,-1252.1233393458817,-383.973430772798,-2948.1311412089804,-320.64815919782893,1008.9454956676274,2610.497570113906,-824.3393911038914,154.8839898817844,1293.3692958109732,-1392.6192446428872,1539.9637330449948,-487.30055693772124,5011.822377343719,-1666.6782729186452,2536.9551787628093,2353.1477433595414,-3193.266206860692,319.53653145253793,-2398.4371505521167
554.8384422880478,-122.33645387670089,609.8684593459523,-341.4348026292723,301.23465304111556,288.59865657839725,226.46773582249378,103.86028776579631,622.2499166570175,-1146.3045522273196,984.0778881058193,-252.65379485941554,-447.230239452406,1024.2522505028091,-64.83885520850981,178.6285766006799,-835.6427980586884,-206.86260395057243,-55.140273895980116,-611.4631784364872,399.35520309336005,-549.0358957920595,-275.0342719195283,807.712895739732,-30.84373754143226,-1109.2444541739349,-11.677432558155813,475.68236505007843,149.66600437549582,467.55221882328755,395.4220837281802,121.1809152974554,930.6603461193287,101.72647006283691,-318.58049853253493,-824.3393911038914,261.7499642717072,-50.13664919571749,-408.55365619648944,439.2549784393931,-486.0023103914578,153.7204566552532,-1583.2687160424346,526.3754042889384,-801.3058637337067,-743.7205499745592,1008.8685329169656,-101.4633168530924,757.4520122692662
-104.19960002176954,23.823256520878846,-114.55353668272708,64.48736911888463,-56.85577866547227,-53.82224259931688,-42.26382813864589,-19.445341802084798,-117.24228216494289,215.32447445354725,-185.01063742987208,47.79110448817517,84.10968998017505,-192.33624491395412,12.002344190246106,-34.47257277419551,157.05623481096856,39.12592688015125,9.969109942156315,114.85059209433958,-75.63287728194173,103.18498761441089,52.30975635547278,-151.38795753180236,5.795608745699654,207.90836827826905,2.0970607183416337,-89.09436172244006,-27.99183961660009,-88.26759161909351,-74.06460925119343,-22.633939875241055,-174.3903509354921,-19.345818076107463,59.7549629767324,154.8839898817844,-50.13664919571749,10.536875151901405,76.80557131852512,-82.0183346335223,91.12431997513039,-28.589531668884764,297.4977725361856,-98.76174926492527,150.54967024409498,140.1357663427917,-189.64254543709532,19.6248375129835,-142.4262565691048
-870.8033648556675,190.85602990325071,-957.140554899506,535.0278496059315,-472.20050761421925,-453.22524617971885,-355.8864559802347,-162.78537737192528,-976.0310417346442,1798.7641533654903,-1543.5415879200375,395.48247871432733,701.95957042997,-1607.5762365376336,101.93386059733021,-279.0275822673739,1311.447810396561,324.22194431514026,87.01026458884671,958.9704826325468,-625.4929158881619,861.5249696639539,430.36116149071944,-1267.7175210328244,48.606521163537415,1741.4355731287928,18.5295140643252,-746.8811799327837,-234.95171176829223,-732.8634125520009,-620.1535817792593,-190.17462369005918,-1461.086191739545,-158.87669375928562,499.55195159136593,1293.3692958109732,-408.55365619648944,76.80557131852512,641.5264965780492,-689.8012651555337,762.4929142839113,-241.61774100323018,2484.349883812431,-826.4076567607905,1257.5907015027447,1165.9304149811219,-1582.8358975679043,158.04930669043034,-1188.1808687656373
937.1744183959058,-204.1802884387426,1029.67423050502,-576.0910610909078,508.1883365645294,488.58967805903615,383.0525206188738,175.55892280697103,1050.2862928797229,-1936.0615416244311,1661.5921600439697,-425.8530685221312,-754.7594273580268,1729.9818507821528,-110.21185312736495,299.1593415508155,-1411.3999939339287,-348.851299327799,-94.29754627615027,-1033.151837175684,672.7606950863383,-927.5613061099087,-462.9905229242486,1365.017988331638,-52.14242763746988,-1874.9846321688333,-19.8874255769855,804.0684952214077,253.09725047688127,788.1420147087294,668.519433628797,205.16376616218506,1573.0826851159923,171.1785284606147,-538.6697396480813,-1392.6192446428872,439.2549784393931,-82.0183346335223,-689.8012651555337,743.5215704739574,-821.7296127659729,260.2880650941109,-2673.3680300118076,888.8735627709908,-1353.2256232493662,-1255.0123926867511,1703.4330560739368,-170.22560825720677,1279.267873796792
-1036.073187923057,226.38420573443182,-1138.4023295713168,637.145149618748,-562.1240833158884,-539.9383759855901,-423.55135447056665,-193.9346570022497,-1161.2460765758078,2140.661545411611,-1836.8649734494556,470.65386593301855,834.1600043392427,-1912.5123110314364,121.77557306463208,-331.302849266508,1560.876004705946,386.09359467064957,103.83936649540881,1142.1283253860015,-744.2353526509764,1025.7455822378477,512.3640189392991,-1508.7890322921862,57.943687250003464,2072.892534960826,22.017425033135925,-888.911739630618,-279.69983796323805,-871.6011543672056,-738.877904816656,-226.58974870776294,-1738.963178119646,-189.0640049085573,595.4880247367273,1539.9637330449948,-486.0023103914578,91.12431997513039,762.4929142839113,-821.7296127659729,908.8691396682983,-287.43397248406524,2955.7012048723113,-982.7419344747052,1496.1614608734105,1388.0737642107338,-1883.2030741291294,188.61518140381838,-1414.9691705634962
328.1395585120397,-71.0147202329454,360.4975047599539,-201.57917144985188,177.79373501200814,171.10770110857933,134.14677946030744,61.55257547639716,367.6194578459143,-677.7122208820674,581.8978643765321,-149.15639499165053,-264.383283109398,605.6881810934069,-38.5814501603868,104.55934519216738,-493.83359007666206,-122.00150297635439,-33.27411991321031,-361.7598991279226,235.3267137140616,-324.4751704106141,-161.8351865538574,478.0378638656626,-18.14022078798666,-656.3865600220804,-6.937469060241818,281.4591610240942,88.64124312636943,275.8862629995374,234.16960111682192,72.01128782527327,550.7514093862477,60.00571625847881,-188.71158768888446,-487.30055693772124,153.7204566552532,-28.589531668884764,-241.61774100323018,260.2880650941109,-287.43397248406524,91.45215979785667,-935.8036970649165,311.09746257258973,-473.72618044770144,-439.1299098348329,596.3042102577979,-59.569268425284896,447.4733585020771
-3373.5835711140317,739.2619608090945,-3707.9513583206494,2073.3836685669967,-1829.8453215623797,-1756.6000881305904,-1378.7911238628167,-631.0161512930346,-3781.1912311704177,6969.366672942417,-5980.563968315665,1532.608633042906,2718.5453282808357,-6227.956191981102,395.30563890149284,-1080.559198380481,5081.210809606381,1256.2787815552674,336.986336134889,3716.3656653604044,-2423.6947933877163,3338.3667035967014,1667.9207676704734,-4912.040418724213,188.21781714441582,6747.369433969355,71.65049933348062,-2893.8284519633494,-910.4015312264462,-2839.181762492001,-2403.8372296876223,-736.9949443805268,-5661.100085811711,-615.8161001567797,1936.3612941699175,5011.822377343719,-1583.2687160424346,297.4977725361856,2484.349883812431,-2673.3680300118076,2955.7012048723113,-935.8036970649165,9625.260564350388,-3201.3952489851126,4872.016029740366,4518.181582592604,-6132.483503641016,612.6983101465934,-4604.561827646629
